time,event,strategy,symbol,direction,server_time,server_hour,utc_hour,jst_hour,session_label,session_start_utc,minutes_from_session_start,trade_window_label,is_within_first_60min,is_within_first_120min,broker_utc_offset_used,selected_symbol_for_session,selected_reason,session_candidate_symbol_map,session_gate_mode,active_session_label,structure_started_in_first120,entry_after_first120,session_gate_pass,session_gate_reject_reason,entry_pattern,entry_trigger,neckline_level,ltf_wave3_timeframe,top_context_tf,structure_tf,primary_entry_tf,secondary_entry_tf,use_secondary_entry_tf,htf_alignment_mode,htf_permission_mode,allowed_direction,top_context_direction_state,structure_direction_state,h4_direction_state,h1_direction_state,rejected_by_htf_permission,candidate_long_detected,candidate_short_detected,selected_candidate_direction,selected_candidate_timeframe,selected_candidate_pattern,primary_best_pattern,primary_best_score,secondary_best_pattern,secondary_best_score,m15_best_pattern,m15_best_score,m5_best_pattern,m5_best_score,htf_wave3_direction,htf_wave3_confirmed,htf_fractal_alignment,wave3_alignment_passed,transcript_context_mode,transcript_context_passed,transcript_stage,transcript_reject_reason,top_sma75_state,structure_sma75_state,primary_sma75_state,structure_break_age_bars,structure_break_level,primary_break_age_bars,primary_break_level,nested_thirdwave_enabled,nested_thirdwave_mode,h1_context_direction,h1_context_impulse_direction,context_impulse_high,context_impulse_low,h1_context_fib_retrace_ratio,h1_context_fib_room_bucket,context_fib_room_score,m15_wave1_candidate,m15_wave1_direction,m15_wave1_break_type,m15_wave1_break_level,m15_wave1_age_bars,m15_wave1_high,m15_wave1_low,m15_wave1_quality_enabled,m15_wave1_quality_mode,m15_wave1_quality_combine_mode,m15_wave1_quality_candidate,m15_wave1_start_time,m15_wave1_end_time,m15_wave1_close_beyond_break,m15_wave1_impulse_atr,m15_wave1_impulse_bucket,m15_wave1_body_atr,m15_wave1_body_efficiency,m15_wave1_body_efficiency_bucket,m15_wave1_range_atr,m15_wave1_net_move_atr,m15_wave1_overlap_ratio,m15_wave1_overlap_bucket,m15_wave1_pullback_inside_ratio,m15_wave1_consecutive_directional_closes,m15_wave1_large_body_count,m15_wave1_opposite_wick_ratio,m15_wave1_break_quality,m15_wave1_speed_bucket,m15_wave1_follow_through_bucket,m15_wave1_obstacle_clearance_bucket,m15_wave1_obstacle_distance_r,m15_wave1_duration_bars,m15_wave1_quality_score,m15_wave1_quality_bucket,m15_wave1_quality_high,m15_wave1_quality_gate_pass,m15_wave1_quality_reject_reason,m15_anchor_bias_enabled,m15_anchor_mode,m15_anchor_bias_state,m15_active_oshiyasu_price,m15_active_oshiyasu_time,m15_active_modoritakane_price,m15_active_modoritakane_time,m15_anchor_last_update_time,m15_anchor_break_detected,m15_anchor_break_direction,m15_anchor_break_level,m15_anchor_break_close,m15_anchor_break_atr,m15_anchor_break_age_bars,m15_anchor_first_break_detected,m15_anchor_first_break_time,m15_anchor_first_break_shift,m15_anchor_first_break_direction,m15_anchor_first_break_level,m15_anchor_first_break_close,m15_anchor_first_break_atr,m15_anchor_first_break_body_atr,m15_anchor_first_break_quality_bucket,m15_anchor_latest_break_time,m15_anchor_break_detection_mode,m15_bias_flip_detected,m15_bias_flip_direction,m15_bias_flip_age_bars,m15_bias_flip_age_bars_old_like,m15_bias_flip_age_bars_first_break,m15_bias_flip_is_fresh,m15_bias_flip_is_too_old,m15_bias_flip_age_bucket,m15_bias_aligned_with_entry,m15_bias_opposite_to_entry,m15_bias_neutral,m15_anchor_gate_pass,m15_anchor_gate_reject_reason,post_anchor_pullback_enabled,post_anchor_pullback_mode,post_anchor_pullback_detected,post_anchor_pullback_tf,post_anchor_pullback_start_time,post_anchor_pullback_end_time,post_anchor_pullback_bars_after_break,post_anchor_pullback_distance_atr,post_anchor_retest_detected,post_anchor_retest_level,post_anchor_retest_distance_atr,post_anchor_close_back_inside,post_anchor_close_back_inside_atr,post_anchor_m5_reconfirm_detected,post_anchor_m5_reconfirm_type,post_anchor_pullback_quality_bucket,post_anchor_pullback_gate_pass,post_anchor_pullback_reject_reason,m5_post_anchor_enabled,m5_post_anchor_mode,m5_post_anchor_direction,m5_micro_n_state,m5_active_oshiyasu_price,m5_active_oshiyasu_time,m5_active_modoritakane_price,m5_active_modoritakane_time,m5_micro_anchor_created_after_m15_break,m5_micro_anchor_creation_time,m5_micro_anchor_age_bars,m5_relaunch_break_detected,m5_relaunch_break_direction,m5_relaunch_break_level,m5_relaunch_break_time,m5_relaunch_break_close,m5_relaunch_break_atr,m5_relaunch_break_body_atr,m5_relaunch_break_quality_bucket,m5_relaunch_signal_age_bars,m5_relaunch_is_first_valid_signal,m5_relaunch_signal_consumed,m5_relaunch_gate_pass,m5_relaunch_reject_reason,m15_anchor_break_event_id,m5_relaunch_event_id,m5_relaunch_first_eligible_time,m5_relaunch_expired,m5_relaunch_consumed_before_entry,m5_relaunch_reused_signal_blocked,bars_from_m15_break_to_pullback,bars_from_pullback_to_micro_anchor,bars_from_micro_anchor_to_relaunch,bars_from_relaunch_to_entry,total_bars_from_m15_break_to_entry,entry_on_relaunch_bar,entry_one_bar_after_relaunch,entry_late_after_relaunch,price_distance_from_relaunch_level_at_entry_atr,m15_n_state,m15_range_detected,m15_range_high,m15_range_low,m15_range_width_atr,anchor_break_close_beyond,anchor_break_body_atr,anchor_break_wick_ratio,anchor_break_followthrough_bars,anchor_break_quality_bucket,m15_wave2_candidate,m15_wave2_retrace_ratio,m15_wave2_fib_zone,m15_wave2_fib_score,m15_wave_context_mode,m15_wave2_expansion_mode,m15_wave2_gate_mode,m15_wave2_type,m15_wave2_age_bars,m15_wave2_score,m15_wave2_gate_pass,m15_wave2_gate_reject_reason,m15_wave_context_score,m5_pattern_quality_group,m15_wave2_required_due_to_pattern_quality,m15_wave2_score_applied,m15_wave2_adjacent_mode,m15_wave2_adjacent_fib_side,m15_required_light_pass,m15_required_light_reject_reason,m15_wave2_adjacent_pass,m15_wave2_adjacent_reason,m15_wave2_adjacent_relaxed_component,m15_wave2_near_miss,m5_corrective_wave_detected,m5_corrective_direction,m5_corrective_swing_count,m5_corrective_123_detected,m5_corrective_abc_detected,m5_corrective_leg_count,m5_corrective_start_time,m5_corrective_end_time,m5_corrective_age_bars,m5_corrective_pullback_atr,m5_corrective_last_lh_level,m5_corrective_last_hl_level,m5_corrective_invalidation_level,m5_corrective_invalidation,m5_invalidation_detected,m5_invalidation_type,m5_invalidation_level,m5_invalidation_close_break,m5_invalidation_break_atr,m5_invalidation_body_atr,post_break_acceptance_pass,post_break_acceptance_bars,post_break_return_atr,first_retest_after_invalidation,bars_from_invalidation_to_entry,retest_level,retest_distance_atr,near_miss_separator_mode,near_miss_separator_pass,near_miss_separator_reason,near_miss_separator_component,m5_invalidation_close_location,m5_invalidation_wick_ratio,m5_invalidation_quality_bucket,no_immediate_failure_pass,close_back_inside_within_1bar,close_back_inside_within_2bars,max_adverse_return_atr_after_break,post_break_hold_bucket,retest_detected_after_invalidation,retest_close_side,retest_rejection_wick_ratio,retest_next_bar_confirmation,retest_quality_bucket,m5_corrective_last_leg_atr,m5_corrective_prev_leg_atr,m5_corrective_leg_shrink_ratio,m5_corrective_new_extreme_atr,m5_corrective_failed_extreme,m5_corrective_exhaustion_bucket,m15_wave2_completion_score,m15_wave2_depth_bucket,m15_wave2_duration_bucket,m15_wave2_invalidated_wave1,m15_wave2_end_near_fib_zone,m15_wave2_completion_quality_bucket,nearest_m15_obstacle_distance_r,nearest_h1_obstacle_distance_r,nearest_session_obstacle_distance_r,target_room_min_r,target_room_bucket,clean_path_to_1r,clean_path_to_1_3r,sma75_slope,short_ma_sma75_distance_atr,ma_convergence_before_entry,ma_expansion_after_reclaim_pre_entry,price_reclaimed_sma75_bars_ago,sma75_granville_quality_bucket,sma75_state,sma75_reclaim,sma75_granville_score,nested_score,htf_nearest_resistance,htf_nearest_support,nearest_obstacle_price,nearest_obstacle_type,nearest_obstacle_distance_price,nearest_obstacle_distance_r,retest_reference_type,retest_reference_price,retest_reference_distance_atr,clean_path_to_target,hard_obstacle_present_before_target,soft_obstacle_present_before_target,obstacle_blocked,obstacle_block_reason,obstacle_count_before_target,hard_obstacle_count_before_target,soft_obstacle_count_before_target,exit_mode,structure_target_mode,structure_target_type,structure_target_price,structure_target_r,target_reward_multiple,target_price,base_pattern_score,target_room_score,retest_score,fib_source_tf,fib_impulse_high,fib_impulse_low,fib_retrace_ratio,fib_zone,fib_score,fib_required_pass,entry_price,stop_loss_price,initial_risk_price_distance,take_profit,reward_r,atr,spread_points,time_bucket,time_score_removed_flag,candidate_orderable_before_session_selection,rejected_before_selection_reason,session_consumed_reason,score,final_score,exit_type,result_r,break_even_triggered,failure_type,session_invalidated,invalidation_reason,reason
2025.01.02 04:25:00,signal,session_reversal_pullback_one_symbol_first120,USDJPY,SHORT,2025.01.02 04:20:00,4,1,10,tokyo,2025.01.02 00:00,80,first_120min,false,true,3,USDJPY,highest_score_in_session_bar,tokyo=USDJPY|EURJPY|GBPJPY|AUDJPY,existing_first120_gate,tokyo,false,false,true,passed_first_window,head_and_shoulders,neckline_break_retest,157.41000000,PERIOD_M5,PERIOD_H1,PERIOD_M15,PERIOD_M5,PERIOD_M5,false,htf_soft_alignment,current_post_filter,transcript_post_filter,dow_range_or_transition,structure_trend_bias_dow_trend_up_hh_hl,dow_range_or_transition,structure_trend_bias_dow_trend_up_hh_hl,false,false,true,SHORT,PERIOD_M5,head_and_shoulders,head_and_shoulders,4.500,none,0.000,head_and_shoulders,4.500,none,0.000,SHORT,false,PERIOD_H1_NONE_dow_range_or_transition|PERIOD_M15_LONG_structure_trend_bias_dow_trend_up_hh_hl,true,h1_counter_m15_reversal,true,top_NONE_dow_range_or_transition|structure_LONG_structure_trend_bias_dow_trend_up_hh_hl|structure_break_recent_confirmed_swing_break_failed|primary_break_recent_confirmed_swing_break_retest,none,above_75sma_flat_or_falling,above_75sma_rising,below_75sma_flat_or_rising,-1,0.00000000,0,157.43200000,false,off,NONE,NONE,0.00000000,0.00000000,0.0000,none,0.000,true,SHORT,return_low_break_or_bos_down,157.22700000,16,157.76900000,157.16200000,false,off,independent,false,,,false,0.0000,none,0.0000,0.0000,none,0.0000,0.0000,0.0000,none,0.0000,0,0,0.0000,none,none,none,none,0.0000,0,0.0000,none,false,true,not_evaluated,true,required_light_or_anchor_flip,long_bias,157.16200000,2024.12.31 23:45:00,157.37400000,2024.12.31 22:30:00,2025.01.02 01:45:00,false,NONE,0.00000000,0.00000000,0.0000,-1,false,,-1,NONE,0.00000000,0.00000000,0.0000,0.0000,none,,none,false,NONE,-1,-1,-1,false,false,none,false,true,false,true,none,true,required,false,PERIOD_M5,,,-1,0.0000,false,0.00000000,0.0000,false,0.0000,false,none,none,false,no_anchor_flip_in_entry_direction,true,required_first_signal_only,SHORT,unknown,0.00000000,,0.00000000,,false,,-1,false,NONE,0.00000000,,0.00000000,0.0000,0.0000,none,-1,false,false,false,no_anchor_flip_in_entry_direction,,,,false,false,false,-1,-1,-1,-1,-1,false,false,false,0.0000,rising_n,false,157.76900000,157.16200000,4.1759,false,0.0000,0.0000,0,none,true,0.3674,shallow_236_382,0.080,diagnostic_only,diagnostic_only,diagnostic_only,fib_pullback,24,0.280,true,none,0.430,high_quality,false,false,diagnostic_only,both,true,none,true,diagnostic_adjacent_detected,required_light,false,false,LONG,5,false,false,1,2025.01.02 02:25:00,2025.01.02 03:30:00,10,6.4334,0.00000000,157.29000000,157.29000000,false,false,none,0.00000000,false,0.0000,0.0000,false,1,0.0000,false,-1,0.00000000,0.0000,off,false,not_evaluated,none,0.0000,0.0000,none,false,false,false,0.0000,none,false,none,0.0000,false,none,6.4334,2.2839,2.8168,1.6737,false,no_shrink,0.0000,none,none,false,false,none,0.0000,0.0000,0.0000,0.0000,none,false,false,0.0000,0.0000,false,false,-1,none,none,false,0.000,0.000,157.41000000,157.38200000,157.36900000,failed_breakout_level,0.01600000,0.1168,session_low|opening_range_low|neckline_level,157.38200000,0.0523,false,true,false,false,not_blocked,3,3,0,m5_failure_exit,off,none,0.00000000,0.0000,1.30,157.20600000,4.500,-0.300,0.200,PERIOD_M15,157.76900000,157.29000000,0.1983,outside,0.000,true,157.38500000,157.52200000,0.13700000,157.20600000,1.307,0.05735714,17.00,60-90,true,false,none,not_consumed,4.800,4.800,none,0.0000,false,opposite_break_first,true,opposite_break_first,spread_too_high
2025.01.02 04:25:00,blocked,session_reversal_pullback_one_symbol_first120,USDJPY,SHORT,2025.01.02 04:20:00,4,1,10,tokyo,2025.01.02 00:00,80,first_120min,false,true,3,USDJPY,highest_score_in_session_bar,tokyo=USDJPY|EURJPY|GBPJPY|AUDJPY,existing_first120_gate,tokyo,false,false,true,passed_first_window,head_and_shoulders,neckline_break_retest,157.41000000,PERIOD_M5,PERIOD_H1,PERIOD_M15,PERIOD_M5,PERIOD_M5,false,htf_soft_alignment,current_post_filter,transcript_post_filter,dow_range_or_transition,structure_trend_bias_dow_trend_up_hh_hl,dow_range_or_transition,structure_trend_bias_dow_trend_up_hh_hl,false,false,true,SHORT,PERIOD_M5,head_and_shoulders,head_and_shoulders,4.500,none,0.000,head_and_shoulders,4.500,none,0.000,SHORT,false,PERIOD_H1_NONE_dow_range_or_transition|PERIOD_M15_LONG_structure_trend_bias_dow_trend_up_hh_hl,true,h1_counter_m15_reversal,true,top_NONE_dow_range_or_transition|structure_LONG_structure_trend_bias_dow_trend_up_hh_hl|structure_break_recent_confirmed_swing_break_failed|primary_break_recent_confirmed_swing_break_retest,none,above_75sma_flat_or_falling,above_75sma_rising,below_75sma_flat_or_rising,-1,0.00000000,0,157.43200000,false,off,NONE,NONE,0.00000000,0.00000000,0.0000,none,0.000,true,SHORT,return_low_break_or_bos_down,157.22700000,16,157.76900000,157.16200000,false,off,independent,false,,,false,0.0000,none,0.0000,0.0000,none,0.0000,0.0000,0.0000,none,0.0000,0,0,0.0000,none,none,none,none,0.0000,0,0.0000,none,false,true,not_evaluated,true,required_light_or_anchor_flip,long_bias,157.16200000,2024.12.31 23:45:00,157.37400000,2024.12.31 22:30:00,2025.01.02 01:45:00,false,NONE,0.00000000,0.00000000,0.0000,-1,false,,-1,NONE,0.00000000,0.00000000,0.0000,0.0000,none,,none,false,NONE,-1,-1,-1,false,false,none,false,true,false,true,none,true,required,false,PERIOD_M5,,,-1,0.0000,false,0.00000000,0.0000,false,0.0000,false,none,none,false,no_anchor_flip_in_entry_direction,true,required_first_signal_only,SHORT,unknown,0.00000000,,0.00000000,,false,,-1,false,NONE,0.00000000,,0.00000000,0.0000,0.0000,none,-1,false,false,false,no_anchor_flip_in_entry_direction,,,,false,false,false,-1,-1,-1,-1,-1,false,false,false,0.0000,rising_n,false,157.76900000,157.16200000,4.1759,false,0.0000,0.0000,0,none,true,0.3674,shallow_236_382,0.080,diagnostic_only,diagnostic_only,diagnostic_only,fib_pullback,24,0.280,true,none,0.430,high_quality,false,false,diagnostic_only,both,true,none,true,diagnostic_adjacent_detected,required_light,false,false,LONG,5,false,false,1,2025.01.02 02:25:00,2025.01.02 03:30:00,10,6.4334,0.00000000,157.29000000,157.29000000,false,false,none,0.00000000,false,0.0000,0.0000,false,1,0.0000,false,-1,0.00000000,0.0000,off,false,not_evaluated,none,0.0000,0.0000,none,false,false,false,0.0000,none,false,none,0.0000,false,none,6.4334,2.2839,2.8168,1.6737,false,no_shrink,0.0000,none,none,false,false,none,0.0000,0.0000,0.0000,0.0000,none,false,false,0.0000,0.0000,false,false,-1,none,none,false,0.000,0.000,157.41000000,157.38200000,157.36900000,failed_breakout_level,0.01600000,0.1168,session_low|opening_range_low|neckline_level,157.38200000,0.0523,false,true,false,false,not_blocked,3,3,0,m5_failure_exit,off,none,0.00000000,0.0000,1.30,157.20600000,4.500,-0.300,0.200,PERIOD_M15,157.76900000,157.29000000,0.1983,outside,0.000,true,157.38500000,157.52200000,0.13700000,157.20600000,1.307,0.05735714,17.00,60-90,true,false,none,blocked_spread_too_high,4.800,4.800,none,0.0000,false,opposite_break_first,true,opposite_break_first,spread_too_high
2025.01.02 17:10:00,signal,session_reversal_pullback_one_symbol_first120,USDJPY,LONG,2025.01.02 17:05:00,17,14,23,london_newyork_overlap,2025.01.02 13:00,65,first_120min,false,true,3,USDJPY,highest_score_in_session_bar,london_newyork_overlap=USDJPY|EURJPY|GBPJPY|AUDJPY|EURUSD|GBPUSD,existing_first120_gate,london_newyork_overlap,false,false,true,passed_first_window,inverse_head_and_shoulders,neckline_break_retest,156.94900000,PERIOD_M5,PERIOD_H1,PERIOD_M15,PERIOD_M5,PERIOD_M5,false,htf_soft_alignment,current_post_filter,transcript_post_filter,dow_range_or_transition,no_ordered_dow_wave3_break,dow_range_or_transition,no_ordered_dow_wave3_break,false,true,true,LONG,PERIOD_M5,inverse_head_and_shoulders,inverse_head_and_shoulders,4.500,none,0.000,inverse_head_and_shoulders,4.500,none,0.000,LONG,false,PERIOD_H1_NONE_dow_range_or_transition|PERIOD_M15_NONE_no_ordered_dow_wave3_break,true,h1_counter_m15_reversal,true,top_NONE_dow_range_or_transition|structure_NONE_no_ordered_dow_wave3_break|structure_break_recent_confirmed_swing_break_failed|primary_break_recent_confirmed_swing_break_failed,none,below_75sma_falling,below_75sma_falling,above_75sma_rising,-1,0.00000000,-1,0.00000000,false,off,NONE,NONE,0.00000000,0.00000000,0.0000,none,0.000,true,LONG,return_high_break_or_bos_up,157.20600000,13,157.28000000,156.55200000,false,off,independent,false,,,false,0.0000,none,0.0000,0.0000,none,0.0000,0.0000,0.0000,none,0.0000,0,0,0.0000,none,none,none,none,0.0000,0,0.0000,none,false,true,not_evaluated,true,required_light_or_anchor_flip,long_bias,156.42600000,2025.01.02 09:45:00,157.20600000,2025.01.02 08:00:00,2025.01.02 13:45:00,false,NONE,0.00000000,0.00000000,0.0000,-1,false,,-1,NONE,0.00000000,0.00000000,0.0000,0.0000,none,,none,false,NONE,-1,-1,-1,false,false,none,true,false,false,true,none,true,required,false,PERIOD_M5,,,-1,0.0000,false,0.00000000,0.0000,false,0.0000,false,none,none,false,no_anchor_flip_in_entry_direction,true,required_first_signal_only,LONG,unknown,0.00000000,,0.00000000,,false,,-1,false,NONE,0.00000000,,0.00000000,0.0000,0.0000,none,-1,false,false,false,no_anchor_flip_in_entry_direction,,,,false,false,false,-1,-1,-1,-1,-1,false,false,false,0.0000,range_n,true,157.28000000,156.42600000,4.0847,false,0.0000,0.0000,0,none,true,0.3777,shallow_236_382,0.080,diagnostic_only,diagnostic_only,diagnostic_only,deep_pullback,24,0.280,true,none,0.430,high_quality,false,false,diagnostic_only,both,true,none,true,diagnostic_adjacent_detected,required_light,false,false,SHORT,5,false,false,2,2025.01.02 15:30:00,2025.01.02 16:30:00,7,3.9328,157.08800000,0.00000000,157.08800000,true,true,m5_lh_close_break_up,157.08800000,true,0.1111,1.4372,true,1,0.6468,false,4,157.08800000,0.5096,off,false,not_evaluated,none,1.0000,0.0000,strong,false,true,true,0.6468,failed_1bar,true,back_inside,0.0722,true,weak_retest,3.0051,3.3906,0.8863,0.5422,false,mild_exhaustion,0.0000,none,none,false,false,none,0.0000,0.0000,0.0000,0.0000,none,false,false,0.0000,0.0000,false,false,-1,none,none,false,0.000,0.000,157.08800000,156.99787500,157.08800000,opening_range_high,0.08300000,0.2049,neckline_level,156.94900000,0.3658,false,true,true,false,not_blocked,8,5,3,m5_failure_exit,off,none,0.00000000,0.0000,1.30,157.53100000,4.500,-0.300,0.200,PERIOD_M15,157.23000000,156.42600000,0.2799,outside,0.000,true,157.00500000,156.60000000,0.40500000,157.53100000,1.299,0.15307143,16.00,60-90,true,false,none,not_consumed,4.600,4.600,none,0.0000,false,opposite_break_first,true,opposite_break_first,session_invalidated
2025.01.02 17:10:00,blocked,session_reversal_pullback_one_symbol_first120,USDJPY,LONG,2025.01.02 17:05:00,17,14,23,london_newyork_overlap,2025.01.02 13:00,65,first_120min,false,true,3,USDJPY,highest_score_in_session_bar,london_newyork_overlap=USDJPY|EURJPY|GBPJPY|AUDJPY|EURUSD|GBPUSD,existing_first120_gate,london_newyork_overlap,false,false,true,passed_first_window,inverse_head_and_shoulders,neckline_break_retest,156.94900000,PERIOD_M5,PERIOD_H1,PERIOD_M15,PERIOD_M5,PERIOD_M5,false,htf_soft_alignment,current_post_filter,transcript_post_filter,dow_range_or_transition,no_ordered_dow_wave3_break,dow_range_or_transition,no_ordered_dow_wave3_break,false,true,true,LONG,PERIOD_M5,inverse_head_and_shoulders,inverse_head_and_shoulders,4.500,none,0.000,inverse_head_and_shoulders,4.500,none,0.000,LONG,false,PERIOD_H1_NONE_dow_range_or_transition|PERIOD_M15_NONE_no_ordered_dow_wave3_break,true,h1_counter_m15_reversal,true,top_NONE_dow_range_or_transition|structure_NONE_no_ordered_dow_wave3_break|structure_break_recent_confirmed_swing_break_failed|primary_break_recent_confirmed_swing_break_failed,none,below_75sma_falling,below_75sma_falling,above_75sma_rising,-1,0.00000000,-1,0.00000000,false,off,NONE,NONE,0.00000000,0.00000000,0.0000,none,0.000,true,LONG,return_high_break_or_bos_up,157.20600000,13,157.28000000,156.55200000,false,off,independent,false,,,false,0.0000,none,0.0000,0.0000,none,0.0000,0.0000,0.0000,none,0.0000,0,0,0.0000,none,none,none,none,0.0000,0,0.0000,none,false,true,not_evaluated,true,required_light_or_anchor_flip,long_bias,156.42600000,2025.01.02 09:45:00,157.20600000,2025.01.02 08:00:00,2025.01.02 13:45:00,false,NONE,0.00000000,0.00000000,0.0000,-1,false,,-1,NONE,0.00000000,0.00000000,0.0000,0.0000,none,,none,false,NONE,-1,-1,-1,false,false,none,true,false,false,true,none,true,required,false,PERIOD_M5,,,-1,0.0000,false,0.00000000,0.0000,false,0.0000,false,none,none,false,no_anchor_flip_in_entry_direction,true,required_first_signal_only,LONG,unknown,0.00000000,,0.00000000,,false,,-1,false,NONE,0.00000000,,0.00000000,0.0000,0.0000,none,-1,false,false,false,no_anchor_flip_in_entry_direction,,,,false,false,false,-1,-1,-1,-1,-1,false,false,false,0.0000,range_n,true,157.28000000,156.42600000,4.0847,false,0.0000,0.0000,0,none,true,0.3777,shallow_236_382,0.080,diagnostic_only,diagnostic_only,diagnostic_only,deep_pullback,24,0.280,true,none,0.430,high_quality,false,false,diagnostic_only,both,true,none,true,diagnostic_adjacent_detected,required_light,false,false,SHORT,5,false,false,2,2025.01.02 15:30:00,2025.01.02 16:30:00,7,3.9328,157.08800000,0.00000000,157.08800000,true,true,m5_lh_close_break_up,157.08800000,true,0.1111,1.4372,true,1,0.6468,false,4,157.08800000,0.5096,off,false,not_evaluated,none,1.0000,0.0000,strong,false,true,true,0.6468,failed_1bar,true,back_inside,0.0722,true,weak_retest,3.0051,3.3906,0.8863,0.5422,false,mild_exhaustion,0.0000,none,none,false,false,none,0.0000,0.0000,0.0000,0.0000,none,false,false,0.0000,0.0000,false,false,-1,none,none,false,0.000,0.000,157.08800000,156.99787500,157.08800000,opening_range_high,0.08300000,0.2049,neckline_level,156.94900000,0.3658,false,true,true,false,not_blocked,8,5,3,m5_failure_exit,off,none,0.00000000,0.0000,1.30,157.53100000,4.500,-0.300,0.200,PERIOD_M15,157.23000000,156.42600000,0.2799,outside,0.000,true,157.00500000,156.60000000,0.40500000,157.53100000,1.299,0.15307143,16.00,60-90,true,false,none,blocked_session_invalidated,4.600,4.600,none,0.0000,false,opposite_break_first,true,opposite_break_first,session_invalidated
2025.01.03 10:05:00,signal,session_reversal_pullback_one_symbol_first120,GBPJPY,SHORT,2025.01.03 10:00:00,10,7,16,london,2025.01.03 07:00,0,first_120min,true,true,3,GBPJPY,highest_score_in_session_bar,london=USDJPY|EURJPY|GBPJPY|AUDJPY|EURUSD|GBPUSD,existing_first120_gate,london,false,false,true,passed_first_window,double_top,neckline_break_retest,194.93800000,PERIOD_M5,PERIOD_H1,PERIOD_M15,PERIOD_M5,PERIOD_M5,false,htf_soft_alignment,current_post_filter,transcript_post_filter,dow_range_or_transition,no_ordered_dow_wave3_break,dow_range_or_transition,no_ordered_dow_wave3_break,false,false,true,SHORT,PERIOD_M5,double_top,double_top,4.200,none,0.000,double_top,4.200,none,0.000,SHORT,false,PERIOD_H1_NONE_dow_range_or_transition|PERIOD_M15_NONE_no_ordered_dow_wave3_break,true,h1_counter_m15_reversal,true,top_NONE_dow_range_or_transition|structure_NONE_no_ordered_dow_wave3_break|structure_break_recent_confirmed_swing_break_retest|primary_break_recent_confirmed_swing_break_failed,none,below_75sma_falling,below_75sma_falling,above_75sma_flat_or_falling,3,194.80000000,-1,0.00000000,false,off,NONE,NONE,0.00000000,0.00000000,0.0000,none,0.000,true,SHORT,return_low_break_or_bos_down,194.80000000,3,195.02100000,194.80000000,false,off,independent,false,,,false,0.0000,none,0.0000,0.0000,none,0.0000,0.0000,0.0000,none,0.0000,0,0,0.0000,none,none,none,none,0.0000,0,0.0000,none,false,true,not_evaluated,true,required_light_or_anchor_flip,bias_flip_down,194.89900000,2025.01.03 08:00:00,194.89000000,2025.01.03 02:30:00,2025.01.03 08:15:00,true,SHORT,194.89900000,194.73100000,1.4536,3,true,2025.01.03 09:00:00,3,SHORT,194.89900000,194.73100000,1.4536,1.8084,strong,2025.01.03 09:45:00,first_after_anchor,true,SHORT,3,0,3,true,false,fresh_0_4,true,false,false,true,none,true,required,true,PERIOD_M5,2025.01.03 09:05:00,2025.01.03 09:15:00,12,0.1070,true,194.89900000,0.1070,false,0.0000,true,m5_bos_down_after_anchor_retest,clean_retest_reconfirm,true,none,true,required_first_signal_only,SHORT,falling_n,0.00000000,,0.00000000,,false,,-1,false,NONE,0.00000000,,0.00000000,0.0000,0.0000,none,-1,false,false,false,micro_n_not_corrective_for_entry,GBPJPY|SHORT|1735894800|194.899,,,false,false,false,-1,-1,-1,-1,-1,false,false,false,0.0000,rising_n,false,195.13700000,194.73800000,3.4524,true,1.8084,0.1772,3,strong,true,0.5491,preferred_382_618,0.200,diagnostic_only,diagnostic_only,diagnostic_only,shallow_pullback,6,0.490,true,none,0.640,high_quality,false,false,diagnostic_only,both,true,none,true,diagnostic_adjacent_detected,required_light,false,false,LONG,8,false,false,0,2025.01.03 08:05:00,2025.01.03 09:35:00,5,2.8971,0.00000000,194.66900000,194.66900000,true,true,m5_hl_close_break_down,194.66900000,true,0.1564,0.6255,true,1,2.1070,false,2,194.66900000,1.4156,off,false,not_evaluated,none,0.7807,0.2193,strong,false,true,true,2.1070,failed_1bar,true,back_inside,0.0746,false,weak_retest,2.3292,1.0041,2.3197,0.0000,true,strong_exhaustion,0.0000,none,none,false,false,none,0.0000,0.0000,0.0000,0.0000,none,false,false,0.0000,0.0000,false,false,-1,none,none,false,0.000,0.000,194.93800000,194.85300000,194.85300000,structure_confirmed_swing_low,0.07300000,0.7019,neckline_level,194.93800000,0.0988,false,true,false,false,not_blocked,3,3,0,m5_failure_exit,off,none,0.00000000,0.0000,1.30,194.79100000,4.200,-0.300,0.200,PERIOD_M15,195.02100000,194.85300000,0.4345,preferred_382_618,0.000,true,194.92600000,195.03000000,0.10400000,194.79100000,1.298,0.12150000,38.00,0-30,true,false,none,not_consumed,4.650,4.650,none,0.0000,false,opposite_break_first,true,opposite_break_first,spread_too_high
2025.01.03 10:05:00,blocked,session_reversal_pullback_one_symbol_first120,GBPJPY,SHORT,2025.01.03 10:00:00,10,7,16,london,2025.01.03 07:00,0,first_120min,true,true,3,GBPJPY,highest_score_in_session_bar,london=USDJPY|EURJPY|GBPJPY|AUDJPY|EURUSD|GBPUSD,existing_first120_gate,london,false,false,true,passed_first_window,double_top,neckline_break_retest,194.93800000,PERIOD_M5,PERIOD_H1,PERIOD_M15,PERIOD_M5,PERIOD_M5,false,htf_soft_alignment,current_post_filter,transcript_post_filter,dow_range_or_transition,no_ordered_dow_wave3_break,dow_range_or_transition,no_ordered_dow_wave3_break,false,false,true,SHORT,PERIOD_M5,double_top,double_top,4.200,none,0.000,double_top,4.200,none,0.000,SHORT,false,PERIOD_H1_NONE_dow_range_or_transition|PERIOD_M15_NONE_no_ordered_dow_wave3_break,true,h1_counter_m15_reversal,true,top_NONE_dow_range_or_transition|structure_NONE_no_ordered_dow_wave3_break|structure_break_recent_confirmed_swing_break_retest|primary_break_recent_confirmed_swing_break_failed,none,below_75sma_falling,below_75sma_falling,above_75sma_flat_or_falling,3,194.80000000,-1,0.00000000,false,off,NONE,NONE,0.00000000,0.00000000,0.0000,none,0.000,true,SHORT,return_low_break_or_bos_down,194.80000000,3,195.02100000,194.80000000,false,off,independent,false,,,false,0.0000,none,0.0000,0.0000,none,0.0000,0.0000,0.0000,none,0.0000,0,0,0.0000,none,none,none,none,0.0000,0,0.0000,none,false,true,not_evaluated,true,required_light_or_anchor_flip,bias_flip_down,194.89900000,2025.01.03 08:00:00,194.89000000,2025.01.03 02:30:00,2025.01.03 08:15:00,true,SHORT,194.89900000,194.73100000,1.4536,3,true,2025.01.03 09:00:00,3,SHORT,194.89900000,194.73100000,1.4536,1.8084,strong,2025.01.03 09:45:00,first_after_anchor,true,SHORT,3,0,3,true,false,fresh_0_4,true,false,false,true,none,true,required,true,PERIOD_M5,2025.01.03 09:05:00,2025.01.03 09:15:00,12,0.1070,true,194.89900000,0.1070,false,0.0000,true,m5_bos_down_after_anchor_retest,clean_retest_reconfirm,true,none,true,required_first_signal_only,SHORT,falling_n,0.00000000,,0.00000000,,false,,-1,false,NONE,0.00000000,,0.00000000,0.0000,0.0000,none,-1,false,false,false,micro_n_not_corrective_for_entry,GBPJPY|SHORT|1735894800|194.899,,,false,false,false,-1,-1,-1,-1,-1,false,false,false,0.0000,rising_n,false,195.13700000,194.73800000,3.4524,true,1.8084,0.1772,3,strong,true,0.5491,preferred_382_618,0.200,diagnostic_only,diagnostic_only,diagnostic_only,shallow_pullback,6,0.490,true,none,0.640,high_quality,false,false,diagnostic_only,both,true,none,true,diagnostic_adjacent_detected,required_light,false,false,LONG,8,false,false,0,2025.01.03 08:05:00,2025.01.03 09:35:00,5,2.8971,0.00000000,194.66900000,194.66900000,true,true,m5_hl_close_break_down,194.66900000,true,0.1564,0.6255,true,1,2.1070,false,2,194.66900000,1.4156,off,false,not_evaluated,none,0.7807,0.2193,strong,false,true,true,2.1070,failed_1bar,true,back_inside,0.0746,false,weak_retest,2.3292,1.0041,2.3197,0.0000,true,strong_exhaustion,0.0000,none,none,false,false,none,0.0000,0.0000,0.0000,0.0000,none,false,false,0.0000,0.0000,false,false,-1,none,none,false,0.000,0.000,194.93800000,194.85300000,194.85300000,structure_confirmed_swing_low,0.07300000,0.7019,neckline_level,194.93800000,0.0988,false,true,false,false,not_blocked,3,3,0,m5_failure_exit,off,none,0.00000000,0.0000,1.30,194.79100000,4.200,-0.300,0.200,PERIOD_M15,195.02100000,194.85300000,0.4345,preferred_382_618,0.000,true,194.92600000,195.03000000,0.10400000,194.79100000,1.298,0.12150000,38.00,0-30,true,false,none,blocked_spread_too_high,4.650,4.650,none,0.0000,false,opposite_break_first,true,opposite_break_first,spread_too_high
2025.01.03 16:30:00,signal,session_reversal_pullback_one_symbol_first120,AUDJPY,LONG,2025.01.03 16:25:00,16,13,22,london_newyork_overlap,2025.01.03 13:00,25,first_120min,true,true,3,AUDJPY,highest_score_in_session_bar,london_newyork_overlap=USDJPY|EURJPY|GBPJPY|AUDJPY|EURUSD|GBPUSD,existing_first120_gate,london_newyork_overlap,false,false,true,passed_first_window,inverse_head_and_shoulders,neckline_break_retest,97.73800000,PERIOD_M5,PERIOD_H1,PERIOD_M15,PERIOD_M5,PERIOD_M5,false,htf_soft_alignment,current_post_filter,transcript_post_filter,dow_trend_down_ll_lh,structure_trend_bias_dow_trend_up_hh_hl,dow_trend_down_ll_lh,structure_trend_bias_dow_trend_up_hh_hl,false,true,true,LONG,PERIOD_M5,inverse_head_and_shoulders,inverse_head_and_shoulders,4.500,none,0.000,inverse_head_and_shoulders,4.500,none,0.000,LONG,false,PERIOD_H1_SHORT_dow_trend_down_ll_lh|PERIOD_M15_LONG_structure_trend_bias_dow_trend_up_hh_hl,true,h1_counter_m15_reversal,true,top_SHORT_dow_trend_down_ll_lh|structure_LONG_structure_trend_bias_dow_trend_up_hh_hl|structure_break_recent_confirmed_swing_break_failed|primary_break_recent_confirmed_swing_break_retest,none,above_75sma_flat_or_falling,above_75sma_rising,above_75sma_rising,-1,0.00000000,1,97.74200000,false,off,NONE,NONE,0.00000000,0.00000000,0.0000,none,0.000,true,LONG,return_high_break_or_bos_up,97.84800000,11,97.88400000,97.66900000,false,off,independent,false,,,false,0.0000,none,0.0000,0.0000,none,0.0000,0.0000,0.0000,none,0.0000,0,0,0.0000,none,none,none,none,0.0000,0,0.0000,none,false,true,not_evaluated,true,required_light_or_anchor_flip,long_bias,97.65100000,2025.01.03 12:15:00,97.84800000,2025.01.03 07:30:00,2025.01.03 13:15:00,false,NONE,0.00000000,0.00000000,0.0000,-1,false,,-1,NONE,0.00000000,0.00000000,0.0000,0.0000,none,,none,false,NONE,-1,-1,-1,false,false,none,true,false,false,true,none,true,required,false,PERIOD_M5,,,-1,0.0000,false,0.00000000,0.0000,false,0.0000,false,none,none,false,no_anchor_flip_in_entry_direction,true,required_first_signal_only,LONG,unknown,0.00000000,,0.00000000,,false,,-1,false,NONE,0.00000000,,0.00000000,0.0000,0.0000,none,-1,false,false,false,no_anchor_flip_in_entry_direction,,,,false,false,false,-1,-1,-1,-1,-1,false,false,false,0.0000,rising_n,false,97.88400000,97.57300000,4.5166,false,0.0000,0.0000,0,none,true,0.3344,shallow_236_382,0.080,diagnostic_only,diagnostic_only,diagnostic_only,shallow_pullback,5,0.370,true,none,0.520,high_quality,false,false,diagnostic_only,both,true,none,true,diagnostic_adjacent_detected,required_light,false,false,SHORT,8,false,false,1,2025.01.03 14:45:00,2025.01.03 16:05:00,4,2.3212,97.75400000,0.00000000,97.75400000,false,false,none,0.00000000,false,0.0000,0.0000,false,1,0.0000,false,-1,0.00000000,0.0000,off,false,not_evaluated,none,0.0000,0.0000,none,false,false,false,0.0000,none,false,none,0.0000,false,none,1.8377,2.3212,0.7917,0.0000,true,strong_exhaustion,0.0000,none,none,false,false,none,0.0000,0.0000,0.0000,0.0000,none,false,false,0.0000,0.0000,false,false,-1,none,none,false,0.000,0.000,97.84800000,97.76900000,97.84800000,top_context_confirmed_swing_high,0.06800000,0.6476,session_high|opening_range_high|neckline_level,97.76900000,0.2660,false,true,true,false,not_blocked,3,2,1,m5_failure_exit,off,none,0.00000000,0.0000,1.30,97.91700000,4.500,-0.300,0.200,PERIOD_M15,97.88400000,97.66900000,0.4837,preferred_382_618,0.000,true,97.78000000,97.67500000,0.10500000,97.91700000,1.305,0.04135714,28.00,0-30,true,false,none,not_consumed,4.800,4.800,none,0.0000,false,neckline_retest_failed,false,not_invalidated,spread_too_high
2025.01.03 16:30:00,blocked,session_reversal_pullback_one_symbol_first120,AUDJPY,LONG,2025.01.03 16:25:00,16,13,22,london_newyork_overlap,2025.01.03 13:00,25,first_120min,true,true,3,AUDJPY,highest_score_in_session_bar,london_newyork_overlap=USDJPY|EURJPY|GBPJPY|AUDJPY|EURUSD|GBPUSD,existing_first120_gate,london_newyork_overlap,false,false,true,passed_first_window,inverse_head_and_shoulders,neckline_break_retest,97.73800000,PERIOD_M5,PERIOD_H1,PERIOD_M15,PERIOD_M5,PERIOD_M5,false,htf_soft_alignment,current_post_filter,transcript_post_filter,dow_trend_down_ll_lh,structure_trend_bias_dow_trend_up_hh_hl,dow_trend_down_ll_lh,structure_trend_bias_dow_trend_up_hh_hl,false,true,true,LONG,PERIOD_M5,inverse_head_and_shoulders,inverse_head_and_shoulders,4.500,none,0.000,inverse_head_and_shoulders,4.500,none,0.000,LONG,false,PERIOD_H1_SHORT_dow_trend_down_ll_lh|PERIOD_M15_LONG_structure_trend_bias_dow_trend_up_hh_hl,true,h1_counter_m15_reversal,true,top_SHORT_dow_trend_down_ll_lh|structure_LONG_structure_trend_bias_dow_trend_up_hh_hl|structure_break_recent_confirmed_swing_break_failed|primary_break_recent_confirmed_swing_break_retest,none,above_75sma_flat_or_falling,above_75sma_rising,above_75sma_rising,-1,0.00000000,1,97.74200000,false,off,NONE,NONE,0.00000000,0.00000000,0.0000,none,0.000,true,LONG,return_high_break_or_bos_up,97.84800000,11,97.88400000,97.66900000,false,off,independent,false,,,false,0.0000,none,0.0000,0.0000,none,0.0000,0.0000,0.0000,none,0.0000,0,0,0.0000,none,none,none,none,0.0000,0,0.0000,none,false,true,not_evaluated,true,required_light_or_anchor_flip,long_bias,97.65100000,2025.01.03 12:15:00,97.84800000,2025.01.03 07:30:00,2025.01.03 13:15:00,false,NONE,0.00000000,0.00000000,0.0000,-1,false,,-1,NONE,0.00000000,0.00000000,0.0000,0.0000,none,,none,false,NONE,-1,-1,-1,false,false,none,true,false,false,true,none,true,required,false,PERIOD_M5,,,-1,0.0000,false,0.00000000,0.0000,false,0.0000,false,none,none,false,no_anchor_flip_in_entry_direction,true,required_first_signal_only,LONG,unknown,0.00000000,,0.00000000,,false,,-1,false,NONE,0.00000000,,0.00000000,0.0000,0.0000,none,-1,false,false,false,no_anchor_flip_in_entry_direction,,,,false,false,false,-1,-1,-1,-1,-1,false,false,false,0.0000,rising_n,false,97.88400000,97.57300000,4.5166,false,0.0000,0.0000,0,none,true,0.3344,shallow_236_382,0.080,diagnostic_only,diagnostic_only,diagnostic_only,shallow_pullback,5,0.370,true,none,0.520,high_quality,false,false,diagnostic_only,both,true,none,true,diagnostic_adjacent_detected,required_light,false,false,SHORT,8,false,false,1,2025.01.03 14:45:00,2025.01.03 16:05:00,4,2.3212,97.75400000,0.00000000,97.75400000,false,false,none,0.00000000,false,0.0000,0.0000,false,1,0.0000,false,-1,0.00000000,0.0000,off,false,not_evaluated,none,0.0000,0.0000,none,false,false,false,0.0000,none,false,none,0.0000,false,none,1.8377,2.3212,0.7917,0.0000,true,strong_exhaustion,0.0000,none,none,false,false,none,0.0000,0.0000,0.0000,0.0000,none,false,false,0.0000,0.0000,false,false,-1,none,none,false,0.000,0.000,97.84800000,97.76900000,97.84800000,top_context_confirmed_swing_high,0.06800000,0.6476,session_high|opening_range_high|neckline_level,97.76900000,0.2660,false,true,true,false,not_blocked,3,2,1,m5_failure_exit,off,none,0.00000000,0.0000,1.30,97.91700000,4.500,-0.300,0.200,PERIOD_M15,97.88400000,97.66900000,0.4837,preferred_382_618,0.000,true,97.78000000,97.67500000,0.10500000,97.91700000,1.305,0.04135714,28.00,0-30,true,false,none,blocked_spread_too_high,4.800,4.800,none,0.0000,false,neckline_retest_failed,false,not_invalidated,spread_too_high
2025.01.03 20:00:00,signal,session_reversal_pullback_one_symbol_first120,USDJPY,SHORT,2025.01.03 19:55:00,19,16,1,new_york,2025.01.03 16:00,55,first_120min,true,true,3,USDJPY,highest_score_in_session_bar,new_york=USDJPY|EURJPY|GBPJPY|AUDJPY|EURUSD|GBPUSD,existing_first120_gate,new_york,true,false,true,passed_first_window,double_top,neckline_break_retest,157.19100000,PERIOD_M5,PERIOD_H1,PERIOD_M15,PERIOD_M5,PERIOD_M5,false,htf_soft_alignment,current_post_filter,transcript_post_filter,dow_range_or_transition,no_ordered_dow_wave3_break,dow_range_or_transition,no_ordered_dow_wave3_break,false,false,true,SHORT,PERIOD_M5,double_top,double_top,4.200,none,0.000,double_top,4.200,none,0.000,SHORT,false,PERIOD_H1_NONE_dow_range_or_transition|PERIOD_M15_NONE_no_ordered_dow_wave3_break,true,h1_counter_m15_reversal,true,top_NONE_dow_range_or_transition|structure_NONE_no_ordered_dow_wave3_break|structure_break_recent_confirmed_swing_break_failed|primary_break_recent_confirmed_swing_break_failed,none,above_75sma_flat_or_falling,below_75sma_falling,below_75sma_falling,-1,0.00000000,-1,0.00000000,false,off,NONE,NONE,0.00000000,0.00000000,0.0000,none,0.000,true,SHORT,return_low_break_or_bos_down,157.01400000,2,157.48700000,157.01400000,false,off,independent,false,,,false,0.0000,none,0.0000,0.0000,none,0.0000,0.0000,0.0000,none,0.0000,0,0,0.0000,none,none,none,none,0.0000,0,0.0000,none,false,true,not_evaluated,true,required_light_or_anchor_flip,bias_flip_down,157.01400000,2025.01.03 15:00:00,157.38200000,2025.01.03 13:00:00,2025.01.03 17:30:00,true,SHORT,157.01400000,156.93500000,0.5748,3,true,2025.01.03 19:00:00,3,SHORT,157.01400000,156.93500000,0.5748,1.8846,strong,2025.01.03 19:15:00,first_after_anchor,true,SHORT,3,2,3,true,false,fresh_0_4,true,false,false,true,none,true,required,true,PERIOD_M5,2025.01.03 19:05:00,2025.01.03 19:05:00,11,0.6770,true,157.01400000,0.6770,false,0.0000,true,m5_bos_down_after_anchor_retest,retest_reconfirm,true,none,true,required_first_signal_only,SHORT,unknown,0.00000000,,0.00000000,,false,,-1,false,NONE,0.00000000,,0.00000000,0.0000,0.0000,none,-1,false,false,false,insufficient_confirmed_m5_pivots,USDJPY|SHORT|1735930800|157.014,,,false,false,false,-1,-1,-1,-1,-1,false,false,false,0.0000,range_n,true,157.48700000,157.01400000,3.4418,true,1.8846,0.1160,1,strong,true,0.4751,preferred_382_618,0.200,diagnostic_only,diagnostic_only,diagnostic_only,fib_pullback,9,0.440,true,none,0.590,high_quality,false,false,diagnostic_only,both,true,none,true,diagnostic_adjacent_detected,required_light,false,false,LONG,3,false,false,0,,,-1,0.0000,0.00000000,0.00000000,0.00000000,false,false,none,0.00000000,false,0.0000,0.0000,false,1,0.0000,false,-1,0.00000000,0.0000,off,false,not_evaluated,none,0.0000,0.0000,none,false,false,false,0.0000,none,false,none,0.0000,false,none,0.0000,0.0000,0.0000,0.0000,false,none,0.0000,none,none,false,false,none,0.0000,0.0000,0.0000,0.0000,none,false,false,0.0000,0.0000,false,false,-1,none,none,false,0.000,0.000,157.19100000,157.15300000,157.15300000,recent_rejection_zone,0.00700000,0.0707,neckline_level,157.19100000,0.4197,false,true,true,false,not_blocked,5,1,4,m5_failure_exit,off,none,0.00000000,0.0000,1.30,157.03100000,4.200,-0.300,0.200,PERIOD_M15,157.48700000,157.11100000,0.1303,outside,0.000,true,157.16000000,157.25900000,0.09900000,157.03100000,1.303,0.07385714,19.00,30-60,true,false,none,not_consumed,4.300,4.300,none,0.0000,false,neckline_retest_failed,false,not_invalidated,spread_too_high
2025.01.03 20:00:00,blocked,session_reversal_pullback_one_symbol_first120,USDJPY,SHORT,2025.01.03 19:55:00,19,16,1,new_york,2025.01.03 16:00,55,first_120min,true,true,3,USDJPY,highest_score_in_session_bar,new_york=USDJPY|EURJPY|GBPJPY|AUDJPY|EURUSD|GBPUSD,existing_first120_gate,new_york,true,false,true,passed_first_window,double_top,neckline_break_retest,157.19100000,PERIOD_M5,PERIOD_H1,PERIOD_M15,PERIOD_M5,PERIOD_M5,false,htf_soft_alignment,current_post_filter,transcript_post_filter,dow_range_or_transition,no_ordered_dow_wave3_break,dow_range_or_transition,no_ordered_dow_wave3_break,false,false,true,SHORT,PERIOD_M5,double_top,double_top,4.200,none,0.000,double_top,4.200,none,0.000,SHORT,false,PERIOD_H1_NONE_dow_range_or_transition|PERIOD_M15_NONE_no_ordered_dow_wave3_break,true,h1_counter_m15_reversal,true,top_NONE_dow_range_or_transition|structure_NONE_no_ordered_dow_wave3_break|structure_break_recent_confirmed_swing_break_failed|primary_break_recent_confirmed_swing_break_failed,none,above_75sma_flat_or_falling,below_75sma_falling,below_75sma_falling,-1,0.00000000,-1,0.00000000,false,off,NONE,NONE,0.00000000,0.00000000,0.0000,none,0.000,true,SHORT,return_low_break_or_bos_down,157.01400000,2,157.48700000,157.01400000,false,off,independent,false,,,false,0.0000,none,0.0000,0.0000,none,0.0000,0.0000,0.0000,none,0.0000,0,0,0.0000,none,none,none,none,0.0000,0,0.0000,none,false,true,not_evaluated,true,required_light_or_anchor_flip,bias_flip_down,157.01400000,2025.01.03 15:00:00,157.38200000,2025.01.03 13:00:00,2025.01.03 17:30:00,true,SHORT,157.01400000,156.93500000,0.5748,3,true,2025.01.03 19:00:00,3,SHORT,157.01400000,156.93500000,0.5748,1.8846,strong,2025.01.03 19:15:00,first_after_anchor,true,SHORT,3,2,3,true,false,fresh_0_4,true,false,false,true,none,true,required,true,PERIOD_M5,2025.01.03 19:05:00,2025.01.03 19:05:00,11,0.6770,true,157.01400000,0.6770,false,0.0000,true,m5_bos_down_after_anchor_retest,retest_reconfirm,true,none,true,required_first_signal_only,SHORT,unknown,0.00000000,,0.00000000,,false,,-1,false,NONE,0.00000000,,0.00000000,0.0000,0.0000,none,-1,false,false,false,insufficient_confirmed_m5_pivots,USDJPY|SHORT|1735930800|157.014,,,false,false,false,-1,-1,-1,-1,-1,false,false,false,0.0000,range_n,true,157.48700000,157.01400000,3.4418,true,1.8846,0.1160,1,strong,true,0.4751,preferred_382_618,0.200,diagnostic_only,diagnostic_only,diagnostic_only,fib_pullback,9,0.440,true,none,0.590,high_quality,false,false,diagnostic_only,both,true,none,true,diagnostic_adjacent_detected,required_light,false,false,LONG,3,false,false,0,,,-1,0.0000,0.00000000,0.00000000,0.00000000,false,false,none,0.00000000,false,0.0000,0.0000,false,1,0.0000,false,-1,0.00000000,0.0000,off,false,not_evaluated,none,0.0000,0.0000,none,false,false,false,0.0000,none,false,none,0.0000,false,none,0.0000,0.0000,0.0000,0.0000,false,none,0.0000,none,none,false,false,none,0.0000,0.0000,0.0000,0.0000,none,false,false,0.0000,0.0000,false,false,-1,none,none,false,0.000,0.000,157.19100000,157.15300000,157.15300000,recent_rejection_zone,0.00700000,0.0707,neckline_level,157.19100000,0.4197,false,true,true,false,not_blocked,5,1,4,m5_failure_exit,off,none,0.00000000,0.0000,1.30,157.03100000,4.200,-0.300,0.200,PERIOD_M15,157.48700000,157.11100000,0.1303,outside,0.000,true,157.16000000,157.25900000,0.09900000,157.03100000,1.303,0.07385714,19.00,30-60,true,false,none,blocked_spread_too_high,4.300,4.300,none,0.0000,false,neckline_retest_failed,false,not_invalidated,spread_too_high
2025.01.06 17:15:00,signal,session_reversal_pullback_one_symbol_first120,AUDJPY,SHORT,2025.01.06 17:10:00,17,14,23,london_newyork_overlap,2025.01.06 13:00,70,first_120min,false,true,3,AUDJPY,highest_score_in_session_bar,london_newyork_overlap=USDJPY|EURJPY|GBPJPY|AUDJPY|EURUSD|GBPUSD,existing_first120_gate,london_newyork_overlap,true,false,true,passed_first_window,sweep_high_reclaim,sweep_reclaim_retest,98.62700000,PERIOD_M5,PERIOD_H1,PERIOD_M15,PERIOD_M5,PERIOD_M5,false,htf_soft_alignment,current_post_filter,transcript_post_filter,dow_trend_up_hh_hl,structure_trend_bias_dow_trend_up_hh_hl,dow_trend_up_hh_hl,structure_trend_bias_dow_trend_up_hh_hl,false,false,true,SHORT,PERIOD_M5,sweep_high_reclaim,sweep_high_reclaim,3.400,none,0.000,sweep_high_reclaim,3.400,none,0.000,SHORT,false,PERIOD_H1_LONG_dow_trend_up_hh_hl|PERIOD_M15_LONG_structure_trend_bias_dow_trend_up_hh_hl,true,h1_counter_m15_reversal,true,top_LONG_dow_trend_up_hh_hl|structure_LONG_structure_trend_bias_dow_trend_up_hh_hl|structure_break_recent_confirmed_swing_break_failed|primary_break_recent_confirmed_swing_break_failed,none,above_75sma_rising,above_75sma_rising,below_75sma_flat_or_rising,-1,0.00000000,-1,0.00000000,false,off,NONE,NONE,0.00000000,0.00000000,0.0000,none,0.000,true,SHORT,return_low_break_or_bos_down,98.43200000,2,98.90200000,98.43200000,false,off,independent,false,,,false,0.0000,none,0.0000,0.0000,none,0.0000,0.0000,0.0000,none,0.0000,0,0,0.0000,none,none,none,none,0.0000,0,0.0000,none,false,true,not_evaluated,true,required_light_or_anchor_flip,short_bias,98.43200000,2025.01.06 12:00:00,98.61400000,2025.01.06 16:00:00,2025.01.06 16:15:00,false,NONE,0.00000000,0.00000000,0.0000,-1,false,,-1,NONE,0.00000000,0.00000000,0.0000,0.0000,none,,none,false,NONE,-1,-1,-1,false,false,none,true,false,false,true,none,true,required,false,PERIOD_M5,,,-1,0.0000,false,0.00000000,0.0000,false,0.0000,false,none,none,false,no_anchor_flip_in_entry_direction,true,required_first_signal_only,SHORT,unknown,0.00000000,,0.00000000,,false,,-1,false,NONE,0.00000000,,0.00000000,0.0000,0.0000,none,-1,false,false,false,no_anchor_flip_in_entry_direction,,,,false,false,false,-1,-1,-1,-1,-1,false,false,false,0.0000,falling_n,false,98.90200000,98.14300000,4.2402,false,0.0000,0.0000,0,none,true,0.5204,preferred_382_618,0.200,diagnostic_only,diagnostic_only,diagnostic_only,deep_pullback,14,0.440,true,none,0.590,medium_quality,false,false,diagnostic_only,both,true,none,true,diagnostic_adjacent_detected,required_light,false,false,LONG,8,false,false,1,2025.01.06 15:40:00,2025.01.06 16:15:00,11,3.7254,0.00000000,98.14300000,98.14300000,false,false,none,0.00000000,false,0.0000,0.0000,false,1,0.0000,false,-1,0.00000000,0.0000,off,false,not_evaluated,none,0.0000,0.0000,none,false,false,false,0.0000,none,false,none,0.0000,false,none,3.7254,1.1944,3.1192,0.1028,false,mild_exhaustion,0.0000,none,none,false,false,none,0.0000,0.0000,0.0000,0.0000,none,false,false,0.0000,0.0000,false,false,-1,none,none,false,0.000,0.000,98.59400000,98.50000000,98.50000000,round_number,0.03800000,0.2639,neckline_level,98.62700000,0.7040,false,true,true,false,not_blocked,5,3,2,m5_failure_exit,off,none,0.00000000,0.0000,1.30,98.35100000,3.400,-0.300,0.200,PERIOD_M15,98.61400000,98.43200000,0.5824,preferred_382_618,0.000,true,98.53800000,98.68200000,0.14400000,98.35100000,1.299,0.12642857,28.00,60-90,true,false,none,not_consumed,3.500,3.500,none,0.0000,false,opposite_break_first,true,opposite_break_first,spread_too_high
2025.01.06 17:15:00,blocked,session_reversal_pullback_one_symbol_first120,AUDJPY,SHORT,2025.01.06 17:10:00,17,14,23,london_newyork_overlap,2025.01.06 13:00,70,first_120min,false,true,3,AUDJPY,highest_score_in_session_bar,london_newyork_overlap=USDJPY|EURJPY|GBPJPY|AUDJPY|EURUSD|GBPUSD,existing_first120_gate,london_newyork_overlap,true,false,true,passed_first_window,sweep_high_reclaim,sweep_reclaim_retest,98.62700000,PERIOD_M5,PERIOD_H1,PERIOD_M15,PERIOD_M5,PERIOD_M5,false,htf_soft_alignment,current_post_filter,transcript_post_filter,dow_trend_up_hh_hl,structure_trend_bias_dow_trend_up_hh_hl,dow_trend_up_hh_hl,structure_trend_bias_dow_trend_up_hh_hl,false,false,true,SHORT,PERIOD_M5,sweep_high_reclaim,sweep_high_reclaim,3.400,none,0.000,sweep_high_reclaim,3.400,none,0.000,SHORT,false,PERIOD_H1_LONG_dow_trend_up_hh_hl|PERIOD_M15_LONG_structure_trend_bias_dow_trend_up_hh_hl,true,h1_counter_m15_reversal,true,top_LONG_dow_trend_up_hh_hl|structure_LONG_structure_trend_bias_dow_trend_up_hh_hl|structure_break_recent_confirmed_swing_break_failed|primary_break_recent_confirmed_swing_break_failed,none,above_75sma_rising,above_75sma_rising,below_75sma_flat_or_rising,-1,0.00000000,-1,0.00000000,false,off,NONE,NONE,0.00000000,0.00000000,0.0000,none,0.000,true,SHORT,return_low_break_or_bos_down,98.43200000,2,98.90200000,98.43200000,false,off,independent,false,,,false,0.0000,none,0.0000,0.0000,none,0.0000,0.0000,0.0000,none,0.0000,0,0,0.0000,none,none,none,none,0.0000,0,0.0000,none,false,true,not_evaluated,true,required_light_or_anchor_flip,short_bias,98.43200000,2025.01.06 12:00:00,98.61400000,2025.01.06 16:00:00,2025.01.06 16:15:00,false,NONE,0.00000000,0.00000000,0.0000,-1,false,,-1,NONE,0.00000000,0.00000000,0.0000,0.0000,none,,none,false,NONE,-1,-1,-1,false,false,none,true,false,false,true,none,true,required,false,PERIOD_M5,,,-1,0.0000,false,0.00000000,0.0000,false,0.0000,false,none,none,false,no_anchor_flip_in_entry_direction,true,required_first_signal_only,SHORT,unknown,0.00000000,,0.00000000,,false,,-1,false,NONE,0.00000000,,0.00000000,0.0000,0.0000,none,-1,false,false,false,no_anchor_flip_in_entry_direction,,,,false,false,false,-1,-1,-1,-1,-1,false,false,false,0.0000,falling_n,false,98.90200000,98.14300000,4.2402,false,0.0000,0.0000,0,none,true,0.5204,preferred_382_618,0.200,diagnostic_only,diagnostic_only,diagnostic_only,deep_pullback,14,0.440,true,none,0.590,medium_quality,false,false,diagnostic_only,both,true,none,true,diagnostic_adjacent_detected,required_light,false,false,LONG,8,false,false,1,2025.01.06 15:40:00,2025.01.06 16:15:00,11,3.7254,0.00000000,98.14300000,98.14300000,false,false,none,0.00000000,false,0.0000,0.0000,false,1,0.0000,false,-1,0.00000000,0.0000,off,false,not_evaluated,none,0.0000,0.0000,none,false,false,false,0.0000,none,false,none,0.0000,false,none,3.7254,1.1944,3.1192,0.1028,false,mild_exhaustion,0.0000,none,none,false,false,none,0.0000,0.0000,0.0000,0.0000,none,false,false,0.0000,0.0000,false,false,-1,none,none,false,0.000,0.000,98.59400000,98.50000000,98.50000000,round_number,0.03800000,0.2639,neckline_level,98.62700000,0.7040,false,true,true,false,not_blocked,5,3,2,m5_failure_exit,off,none,0.00000000,0.0000,1.30,98.35100000,3.400,-0.300,0.200,PERIOD_M15,98.61400000,98.43200000,0.5824,preferred_382_618,0.000,true,98.53800000,98.68200000,0.14400000,98.35100000,1.299,0.12642857,28.00,60-90,true,false,none,blocked_spread_too_high,3.500,3.500,none,0.0000,false,opposite_break_first,true,opposite_break_first,spread_too_high
2025.01.07 16:10:00,signal,session_reversal_pullback_one_symbol_first120,USDJPY,SHORT,2025.01.07 16:05:00,16,13,22,london_newyork_overlap,2025.01.07 13:00,5,first_120min,true,true,3,USDJPY,highest_score_in_session_bar,london_newyork_overlap=USDJPY|EURJPY|GBPJPY|AUDJPY|EURUSD|GBPUSD,existing_first120_gate,london_newyork_overlap,false,false,true,passed_first_window,head_and_shoulders,neckline_break_retest,157.61100000,PERIOD_M5,PERIOD_H1,PERIOD_M15,PERIOD_M5,PERIOD_M5,false,htf_soft_alignment,current_post_filter,transcript_post_filter,dow_trend_up_hh_hl,no_ordered_dow_wave3_break,dow_trend_up_hh_hl,no_ordered_dow_wave3_break,false,true,true,SHORT,PERIOD_M5,head_and_shoulders,head_and_shoulders,4.500,none,0.000,head_and_shoulders,4.500,none,0.000,SHORT,false,PERIOD_H1_LONG_dow_trend_up_hh_hl|PERIOD_M15_NONE_no_ordered_dow_wave3_break,true,h1_counter_m15_reversal,true,top_LONG_dow_trend_up_hh_hl|structure_NONE_no_ordered_dow_wave3_break|structure_break_recent_confirmed_swing_break_failed|primary_break_recent_confirmed_swing_break_retest,none,above_75sma_rising,below_75sma_flat_or_rising,below_75sma_flat_or_rising,-1,0.00000000,1,157.57300000,false,off,NONE,NONE,0.00000000,0.00000000,0.0000,none,0.000,true,SHORT,return_low_break_or_bos_down,157.53200000,20,157.84200000,157.61400000,false,off,independent,false,,,false,0.0000,none,0.0000,0.0000,none,0.0000,0.0000,0.0000,none,0.0000,0,0,0.0000,none,none,none,none,0.0000,0,0.0000,none,false,true,not_evaluated,true,required_light_or_anchor_flip,long_bias,157.49200000,2025.01.07 11:45:00,157.59500000,2025.01.07 10:30:00,2025.01.07 13:15:00,false,NONE,0.00000000,0.00000000,0.0000,-1,false,,-1,NONE,0.00000000,0.00000000,0.0000,0.0000,none,,none,false,NONE,-1,-1,-1,false,false,none,false,true,false,true,none,true,required,false,PERIOD_M5,,,-1,0.0000,false,0.00000000,0.0000,false,0.0000,false,none,none,false,no_anchor_flip_in_entry_direction,true,required_first_signal_only,SHORT,unknown,0.00000000,,0.00000000,,false,,-1,false,NONE,0.00000000,,0.00000000,0.0000,0.0000,none,-1,false,false,false,no_anchor_flip_in_entry_direction,,,,false,false,false,-1,-1,-1,-1,-1,false,false,false,0.0000,range_n,true,157.84200000,157.36800000,4.5860,false,0.0000,0.0000,0,none,true,0.4747,preferred_382_618,0.200,diagnostic_only,diagnostic_only,diagnostic_only,fib_pullback,6,0.490,true,none,0.640,high_quality,false,false,diagnostic_only,both,true,none,true,diagnostic_adjacent_detected,required_light,false,false,LONG,4,false,false,0,2025.01.07 13:20:00,2025.01.07 15:15:00,10,3.3446,0.00000000,157.57300000,157.57300000,true,true,m5_hl_close_break_down,157.57300000,true,0.2860,1.3552,true,1,0.2487,false,1,157.57300000,0.2735,off,false,not_evaluated,none,0.9167,0.0833,very_strong,false,true,true,0.2487,failed_1bar,true,back_inside,0.0299,false,weak_retest,3.3446,2.8099,1.1903,0.0249,true,strong_exhaustion,0.0000,none,none,false,false,none,0.0000,0.0000,0.0000,0.0000,none,false,false,0.0000,0.0000,false,false,-1,none,none,false,0.000,0.000,157.61100000,157.57300000,157.57300000,pre_session_low,0.02000000,0.1258,neckline_level,157.61100000,0.2238,false,true,true,false,not_blocked,4,3,1,m5_failure_exit,off,none,0.00000000,0.0000,1.30,157.38600000,4.500,-0.300,0.200,PERIOD_M15,157.84200000,157.61400000,-0.0921,outside,0.000,true,157.59300000,157.75200000,0.15900000,157.38600000,1.302,0.08042857,16.00,0-30,true,false,none,not_consumed,4.800,4.800,none,0.0000,false,neckline_retest_failed,false,not_invalidated,
2025.01.07 16:10:00,order_sent,session_reversal_pullback_one_symbol_first120,USDJPY,SHORT,2025.01.07 16:05:00,16,13,22,london_newyork_overlap,2025.01.07 13:00,5,first_120min,true,true,3,USDJPY,highest_score_in_session_bar,london_newyork_overlap=USDJPY|EURJPY|GBPJPY|AUDJPY|EURUSD|GBPUSD,existing_first120_gate,london_newyork_overlap,false,false,true,passed_first_window,head_and_shoulders,neckline_break_retest,157.61100000,PERIOD_M5,PERIOD_H1,PERIOD_M15,PERIOD_M5,PERIOD_M5,false,htf_soft_alignment,current_post_filter,transcript_post_filter,dow_trend_up_hh_hl,no_ordered_dow_wave3_break,dow_trend_up_hh_hl,no_ordered_dow_wave3_break,false,true,true,SHORT,PERIOD_M5,head_and_shoulders,head_and_shoulders,4.500,none,0.000,head_and_shoulders,4.500,none,0.000,SHORT,false,PERIOD_H1_LONG_dow_trend_up_hh_hl|PERIOD_M15_NONE_no_ordered_dow_wave3_break,true,h1_counter_m15_reversal,true,top_LONG_dow_trend_up_hh_hl|structure_NONE_no_ordered_dow_wave3_break|structure_break_recent_confirmed_swing_break_failed|primary_break_recent_confirmed_swing_break_retest,none,above_75sma_rising,below_75sma_flat_or_rising,below_75sma_flat_or_rising,-1,0.00000000,1,157.57300000,false,off,NONE,NONE,0.00000000,0.00000000,0.0000,none,0.000,true,SHORT,return_low_break_or_bos_down,157.53200000,20,157.84200000,157.61400000,false,off,independent,false,,,false,0.0000,none,0.0000,0.0000,none,0.0000,0.0000,0.0000,none,0.0000,0,0,0.0000,none,none,none,none,0.0000,0,0.0000,none,false,true,not_evaluated,true,required_light_or_anchor_flip,long_bias,157.49200000,2025.01.07 11:45:00,157.59500000,2025.01.07 10:30:00,2025.01.07 13:15:00,false,NONE,0.00000000,0.00000000,0.0000,-1,false,,-1,NONE,0.00000000,0.00000000,0.0000,0.0000,none,,none,false,NONE,-1,-1,-1,false,false,none,false,true,false,true,none,true,required,false,PERIOD_M5,,,-1,0.0000,false,0.00000000,0.0000,false,0.0000,false,none,none,false,no_anchor_flip_in_entry_direction,true,required_first_signal_only,SHORT,unknown,0.00000000,,0.00000000,,false,,-1,false,NONE,0.00000000,,0.00000000,0.0000,0.0000,none,-1,false,false,false,no_anchor_flip_in_entry_direction,,,,false,false,false,-1,-1,-1,-1,-1,false,false,false,0.0000,range_n,true,157.84200000,157.36800000,4.5860,false,0.0000,0.0000,0,none,true,0.4747,preferred_382_618,0.200,diagnostic_only,diagnostic_only,diagnostic_only,fib_pullback,6,0.490,true,none,0.640,high_quality,false,false,diagnostic_only,both,true,none,true,diagnostic_adjacent_detected,required_light,false,false,LONG,4,false,false,0,2025.01.07 13:20:00,2025.01.07 15:15:00,10,3.3446,0.00000000,157.57300000,157.57300000,true,true,m5_hl_close_break_down,157.57300000,true,0.2860,1.3552,true,1,0.2487,false,1,157.57300000,0.2735,off,false,not_evaluated,none,0.9167,0.0833,very_strong,false,true,true,0.2487,failed_1bar,true,back_inside,0.0299,false,weak_retest,3.3446,2.8099,1.1903,0.0249,true,strong_exhaustion,0.0000,none,none,false,false,none,0.0000,0.0000,0.0000,0.0000,none,false,false,0.0000,0.0000,false,false,-1,none,none,false,0.000,0.000,157.61100000,157.57300000,157.57300000,pre_session_low,0.02000000,0.1258,neckline_level,157.61100000,0.2238,false,true,true,false,not_blocked,4,3,1,m5_failure_exit,off,none,0.00000000,0.0000,1.30,157.38600000,4.500,-0.300,0.200,PERIOD_M15,157.84200000,157.61400000,-0.0921,outside,0.000,true,157.59300000,157.75200000,0.15900000,157.38600000,1.302,0.08042857,16.00,0-30,true,false,none,order_sent,4.800,4.800,none,0.0000,false,neckline_retest_failed,false,not_invalidated,
2025.01.08 10:20:00,signal,session_reversal_pullback_one_symbol_first120,EURJPY,SHORT,2025.01.08 10:15:00,10,7,16,london,2025.01.08 07:00,15,first_120min,true,true,3,EURJPY,highest_score_in_session_bar,london=USDJPY|EURJPY|GBPJPY|AUDJPY|EURUSD|GBPUSD,existing_first120_gate,london,true,false,true,passed_first_window,double_top,neckline_break_retest,163.51900000,PERIOD_M5,PERIOD_H1,PERIOD_M15,PERIOD_M5,PERIOD_M5,false,htf_soft_alignment,current_post_filter,transcript_post_filter,dow_range_or_transition,structure_trend_bias_dow_trend_up_hh_hl,dow_range_or_transition,structure_trend_bias_dow_trend_up_hh_hl,false,false,true,SHORT,PERIOD_M5,double_top,double_top,4.200,none,0.000,double_top,4.200,none,0.000,SHORT,false,PERIOD_H1_NONE_dow_range_or_transition|PERIOD_M15_LONG_structure_trend_bias_dow_trend_up_hh_hl,true,h1_counter_m15_reversal,true,top_NONE_dow_range_or_transition|structure_LONG_structure_trend_bias_dow_trend_up_hh_hl|structure_break_recent_confirmed_swing_break_retest|primary_break_recent_confirmed_swing_break_failed,none,above_75sma_rising,below_75sma_falling,below_75sma_falling,1,163.36300000,-1,0.00000000,false,off,NONE,NONE,0.00000000,0.00000000,0.0000,none,0.000,true,SHORT,return_low_break_or_bos_down,163.36300000,1,163.79400000,163.36300000,false,off,independent,false,,,false,0.0000,none,0.0000,0.0000,none,0.0000,0.0000,0.0000,none,0.0000,0,0,0.0000,none,none,none,none,0.0000,0,0.0000,none,false,true,not_evaluated,true,required_light_or_anchor_flip,short_bias,163.65000000,2025.01.08 05:45:00,163.79400000,2025.01.08 07:00:00,2025.01.08 09:00:00,false,NONE,0.00000000,0.00000000,0.0000,-1,false,,-1,NONE,0.00000000,0.00000000,0.0000,0.0000,none,,none,false,NONE,-1,-1,-1,false,false,none,true,false,false,true,none,true,required,false,PERIOD_M5,,,-1,0.0000,false,0.00000000,0.0000,false,0.0000,false,none,none,false,no_anchor_flip_in_entry_direction,true,required_first_signal_only,SHORT,unknown,0.00000000,,0.00000000,,false,,-1,false,NONE,0.00000000,,0.00000000,0.0000,0.0000,none,-1,false,false,false,no_anchor_flip_in_entry_direction,,,,false,false,false,-1,-1,-1,-1,-1,false,false,false,0.0000,range_n,true,163.79400000,163.31800000,4.0486,false,0.0000,0.0000,0,none,true,0.4587,preferred_382_618,0.200,diagnostic_only,diagnostic_only,diagnostic_only,fib_pullback,12,0.440,true,none,0.590,high_quality,false,false,diagnostic_only,both,true,none,true,diagnostic_adjacent_detected,required_light,false,false,LONG,4,false,false,0,2025.01.08 07:45:00,2025.01.08 09:20:00,11,4.2545,0.00000000,163.31800000,163.31800000,true,true,m5_hl_close_break_down,163.31800000,true,0.4727,0.6364,true,1,1.7636,false,2,163.31800000,0.9636,off,false,not_evaluated,none,0.9596,0.0404,very_strong,false,true,true,1.7636,failed_1bar,true,back_inside,0.4076,false,weak_retest,1.9091,0.8818,2.1649,0.0000,true,strong_exhaustion,0.0000,none,none,false,false,none,0.0000,0.0000,0.0000,0.0000,none,false,false,0.0000,0.0000,false,false,-1,none,none,false,0.000,0.000,163.51900000,163.47200000,163.47200000,recent_rejection_zone,0.04000000,0.2548,neckline_level,163.51900000,0.0636,false,true,true,false,not_blocked,3,1,2,m5_failure_exit,off,none,0.00000000,0.0000,1.30,163.30800000,4.200,-0.300,0.200,PERIOD_M15,163.78600000,163.36300000,0.3522,outside,0.000,true,163.51200000,163.66900000,0.15700000,163.30800000,1.299,0.11000000,30.00,0-30,true,false,none,not_consumed,4.650,4.650,none,0.0000,false,opposite_break_first,true,opposite_break_first,spread_too_high
2025.01.08 10:20:00,blocked,session_reversal_pullback_one_symbol_first120,EURJPY,SHORT,2025.01.08 10:15:00,10,7,16,london,2025.01.08 07:00,15,first_120min,true,true,3,EURJPY,highest_score_in_session_bar,london=USDJPY|EURJPY|GBPJPY|AUDJPY|EURUSD|GBPUSD,existing_first120_gate,london,true,false,true,passed_first_window,double_top,neckline_break_retest,163.51900000,PERIOD_M5,PERIOD_H1,PERIOD_M15,PERIOD_M5,PERIOD_M5,false,htf_soft_alignment,current_post_filter,transcript_post_filter,dow_range_or_transition,structure_trend_bias_dow_trend_up_hh_hl,dow_range_or_transition,structure_trend_bias_dow_trend_up_hh_hl,false,false,true,SHORT,PERIOD_M5,double_top,double_top,4.200,none,0.000,double_top,4.200,none,0.000,SHORT,false,PERIOD_H1_NONE_dow_range_or_transition|PERIOD_M15_LONG_structure_trend_bias_dow_trend_up_hh_hl,true,h1_counter_m15_reversal,true,top_NONE_dow_range_or_transition|structure_LONG_structure_trend_bias_dow_trend_up_hh_hl|structure_break_recent_confirmed_swing_break_retest|primary_break_recent_confirmed_swing_break_failed,none,above_75sma_rising,below_75sma_falling,below_75sma_falling,1,163.36300000,-1,0.00000000,false,off,NONE,NONE,0.00000000,0.00000000,0.0000,none,0.000,true,SHORT,return_low_break_or_bos_down,163.36300000,1,163.79400000,163.36300000,false,off,independent,false,,,false,0.0000,none,0.0000,0.0000,none,0.0000,0.0000,0.0000,none,0.0000,0,0,0.0000,none,none,none,none,0.0000,0,0.0000,none,false,true,not_evaluated,true,required_light_or_anchor_flip,short_bias,163.65000000,2025.01.08 05:45:00,163.79400000,2025.01.08 07:00:00,2025.01.08 09:00:00,false,NONE,0.00000000,0.00000000,0.0000,-1,false,,-1,NONE,0.00000000,0.00000000,0.0000,0.0000,none,,none,false,NONE,-1,-1,-1,false,false,none,true,false,false,true,none,true,required,false,PERIOD_M5,,,-1,0.0000,false,0.00000000,0.0000,false,0.0000,false,none,none,false,no_anchor_flip_in_entry_direction,true,required_first_signal_only,SHORT,unknown,0.00000000,,0.00000000,,false,,-1,false,NONE,0.00000000,,0.00000000,0.0000,0.0000,none,-1,false,false,false,no_anchor_flip_in_entry_direction,,,,false,false,false,-1,-1,-1,-1,-1,false,false,false,0.0000,range_n,true,163.79400000,163.31800000,4.0486,false,0.0000,0.0000,0,none,true,0.4587,preferred_382_618,0.200,diagnostic_only,diagnostic_only,diagnostic_only,fib_pullback,12,0.440,true,none,0.590,high_quality,false,false,diagnostic_only,both,true,none,true,diagnostic_adjacent_detected,required_light,false,false,LONG,4,false,false,0,2025.01.08 07:45:00,2025.01.08 09:20:00,11,4.2545,0.00000000,163.31800000,163.31800000,true,true,m5_hl_close_break_down,163.31800000,true,0.4727,0.6364,true,1,1.7636,false,2,163.31800000,0.9636,off,false,not_evaluated,none,0.9596,0.0404,very_strong,false,true,true,1.7636,failed_1bar,true,back_inside,0.4076,false,weak_retest,1.9091,0.8818,2.1649,0.0000,true,strong_exhaustion,0.0000,none,none,false,false,none,0.0000,0.0000,0.0000,0.0000,none,false,false,0.0000,0.0000,false,false,-1,none,none,false,0.000,0.000,163.51900000,163.47200000,163.47200000,recent_rejection_zone,0.04000000,0.2548,neckline_level,163.51900000,0.0636,false,true,true,false,not_blocked,3,1,2,m5_failure_exit,off,none,0.00000000,0.0000,1.30,163.30800000,4.200,-0.300,0.200,PERIOD_M15,163.78600000,163.36300000,0.3522,outside,0.000,true,163.51200000,163.66900000,0.15700000,163.30800000,1.299,0.11000000,30.00,0-30,true,false,none,blocked_spread_too_high,4.650,4.650,none,0.0000,false,opposite_break_first,true,opposite_break_first,spread_too_high
2025.01.08 19:30:00,signal,session_reversal_pullback_one_symbol_first120,EURUSD,LONG,2025.01.08 19:25:00,19,16,1,new_york,2025.01.08 16:00,25,first_120min,true,true,3,EURUSD,highest_score_in_session_bar,new_york=USDJPY|EURJPY|GBPJPY|AUDJPY|EURUSD|GBPUSD,existing_first120_gate,new_york,false,false,true,passed_first_window,double_bottom,neckline_break_retest,1.03001000,PERIOD_M5,PERIOD_H1,PERIOD_M15,PERIOD_M5,PERIOD_M5,false,htf_soft_alignment,current_post_filter,transcript_post_filter,dow_trend_down_ll_lh,structure_trend_bias_dow_trend_up_hh_hl,dow_trend_down_ll_lh,structure_trend_bias_dow_trend_up_hh_hl,false,true,false,LONG,PERIOD_M5,double_bottom,double_bottom,4.200,none,0.000,double_bottom,4.200,none,0.000,LONG,false,PERIOD_H1_SHORT_dow_trend_down_ll_lh|PERIOD_M15_LONG_structure_trend_bias_dow_trend_up_hh_hl,true,h1_counter_m15_reversal,true,top_SHORT_dow_trend_down_ll_lh|structure_LONG_structure_trend_bias_dow_trend_up_hh_hl|structure_break_recent_confirmed_swing_break_failed|primary_break_recent_confirmed_swing_break_retest,none,below_75sma_flat_or_rising,below_75sma_falling,above_75sma_flat_or_falling,-1,0.00000000,1,1.03029000,false,off,NONE,NONE,0.00000000,0.00000000,0.0000,none,0.000,true,LONG,return_high_break_or_bos_up,1.03091000,2,1.03091000,1.02938000,false,off,independent,false,,,false,0.0000,none,0.0000,0.0000,none,0.0000,0.0000,0.0000,none,0.0000,0,0,0.0000,none,none,none,none,0.0000,0,0.0000,none,false,true,not_evaluated,true,required_light_or_anchor_flip,long_bias,1.02883000,2025.01.08 16:45:00,1.03196000,2025.01.08 12:45:00,2025.01.08 17:00:00,false,NONE,0.00000000,0.00000000,0.0000,-1,false,,-1,NONE,0.00000000,0.00000000,0.0000,0.0000,none,,none,false,NONE,-1,-1,-1,false,false,none,true,false,false,true,none,true,required,false,PERIOD_M5,,,-1,0.0000,false,0.00000000,0.0000,false,0.0000,false,none,none,false,no_anchor_flip_in_entry_direction,true,required_first_signal_only,LONG,unknown,0.00000000,,0.00000000,,false,,-1,false,NONE,0.00000000,,0.00000000,0.0000,0.0000,none,-1,false,false,false,no_anchor_flip_in_entry_direction,,,,false,false,false,-1,-1,-1,-1,-1,false,false,false,0.0000,rising_n,false,1.03091000,1.02800000,2.9522,false,0.0000,0.0000,0,none,true,0.2367,shallow_236_382,0.080,diagnostic_only,diagnostic_only,diagnostic_only,shallow_pullback,5,0.320,true,none,0.470,high_quality,false,false,diagnostic_only,both,true,none,true,diagnostic_adjacent_detected,required_light,false,false,SHORT,6,false,false,0,2025.01.08 17:40:00,2025.01.08 18:55:00,6,3.8251,1.03138000,0.00000000,1.03138000,false,false,none,0.00000000,false,0.0000,0.0000,false,1,0.0000,false,-1,0.00000000,0.0000,off,false,not_evaluated,none,0.0000,0.0000,none,false,false,false,0.0000,none,false,none,0.0000,false,none,3.8251,1.6448,2.3256,0.0956,false,mild_exhaustion,0.0000,none,none,false,false,none,0.0000,0.0000,0.0000,0.0000,none,false,false,0.0000,0.0000,false,false,-1,none,none,false,0.000,0.000,1.03091000,1.03039885,1.03091000,structure_confirmed_swing_high,0.00051000,0.5258,neckline_level,1.03001000,0.7459,false,true,true,false,not_blocked,7,5,2,m5_failure_exit,off,none,0.00000000,0.0000,1.30,1.03167000,4.200,-0.300,0.200,PERIOD_M15,1.03091000,1.02938000,0.3333,outside,0.000,true,1.03040000,1.02943000,0.00097000,1.03167000,1.309,0.00052286,18.00,0-30,true,false,none,not_consumed,4.500,4.500,none,0.0000,false,opposite_break_first,true,opposite_break_first,spread_too_high
2025.01.08 19:30:00,blocked,session_reversal_pullback_one_symbol_first120,EURUSD,LONG,2025.01.08 19:25:00,19,16,1,new_york,2025.01.08 16:00,25,first_120min,true,true,3,EURUSD,highest_score_in_session_bar,new_york=USDJPY|EURJPY|GBPJPY|AUDJPY|EURUSD|GBPUSD,existing_first120_gate,new_york,false,false,true,passed_first_window,double_bottom,neckline_break_retest,1.03001000,PERIOD_M5,PERIOD_H1,PERIOD_M15,PERIOD_M5,PERIOD_M5,false,htf_soft_alignment,current_post_filter,transcript_post_filter,dow_trend_down_ll_lh,structure_trend_bias_dow_trend_up_hh_hl,dow_trend_down_ll_lh,structure_trend_bias_dow_trend_up_hh_hl,false,true,false,LONG,PERIOD_M5,double_bottom,double_bottom,4.200,none,0.000,double_bottom,4.200,none,0.000,LONG,false,PERIOD_H1_SHORT_dow_trend_down_ll_lh|PERIOD_M15_LONG_structure_trend_bias_dow_trend_up_hh_hl,true,h1_counter_m15_reversal,true,top_SHORT_dow_trend_down_ll_lh|structure_LONG_structure_trend_bias_dow_trend_up_hh_hl|structure_break_recent_confirmed_swing_break_failed|primary_break_recent_confirmed_swing_break_retest,none,below_75sma_flat_or_rising,below_75sma_falling,above_75sma_flat_or_falling,-1,0.00000000,1,1.03029000,false,off,NONE,NONE,0.00000000,0.00000000,0.0000,none,0.000,true,LONG,return_high_break_or_bos_up,1.03091000,2,1.03091000,1.02938000,false,off,independent,false,,,false,0.0000,none,0.0000,0.0000,none,0.0000,0.0000,0.0000,none,0.0000,0,0,0.0000,none,none,none,none,0.0000,0,0.0000,none,false,true,not_evaluated,true,required_light_or_anchor_flip,long_bias,1.02883000,2025.01.08 16:45:00,1.03196000,2025.01.08 12:45:00,2025.01.08 17:00:00,false,NONE,0.00000000,0.00000000,0.0000,-1,false,,-1,NONE,0.00000000,0.00000000,0.0000,0.0000,none,,none,false,NONE,-1,-1,-1,false,false,none,true,false,false,true,none,true,required,false,PERIOD_M5,,,-1,0.0000,false,0.00000000,0.0000,false,0.0000,false,none,none,false,no_anchor_flip_in_entry_direction,true,required_first_signal_only,LONG,unknown,0.00000000,,0.00000000,,false,,-1,false,NONE,0.00000000,,0.00000000,0.0000,0.0000,none,-1,false,false,false,no_anchor_flip_in_entry_direction,,,,false,false,false,-1,-1,-1,-1,-1,false,false,false,0.0000,rising_n,false,1.03091000,1.02800000,2.9522,false,0.0000,0.0000,0,none,true,0.2367,shallow_236_382,0.080,diagnostic_only,diagnostic_only,diagnostic_only,shallow_pullback,5,0.320,true,none,0.470,high_quality,false,false,diagnostic_only,both,true,none,true,diagnostic_adjacent_detected,required_light,false,false,SHORT,6,false,false,0,2025.01.08 17:40:00,2025.01.08 18:55:00,6,3.8251,1.03138000,0.00000000,1.03138000,false,false,none,0.00000000,false,0.0000,0.0000,false,1,0.0000,false,-1,0.00000000,0.0000,off,false,not_evaluated,none,0.0000,0.0000,none,false,false,false,0.0000,none,false,none,0.0000,false,none,3.8251,1.6448,2.3256,0.0956,false,mild_exhaustion,0.0000,none,none,false,false,none,0.0000,0.0000,0.0000,0.0000,none,false,false,0.0000,0.0000,false,false,-1,none,none,false,0.000,0.000,1.03091000,1.03039885,1.03091000,structure_confirmed_swing_high,0.00051000,0.5258,neckline_level,1.03001000,0.7459,false,true,true,false,not_blocked,7,5,2,m5_failure_exit,off,none,0.00000000,0.0000,1.30,1.03167000,4.200,-0.300,0.200,PERIOD_M15,1.03091000,1.02938000,0.3333,outside,0.000,true,1.03040000,1.02943000,0.00097000,1.03167000,1.309,0.00052286,18.00,0-30,true,false,none,blocked_spread_too_high,4.500,4.500,none,0.0000,false,opposite_break_first,true,opposite_break_first,spread_too_high
2025.01.09 11:00:00,signal,session_reversal_pullback_one_symbol_first120,EURUSD,LONG,2025.01.09 10:55:00,10,7,16,london,2025.01.09 07:00,55,first_120min,true,true,3,EURUSD,highest_score_in_session_bar,london=USDJPY|EURJPY|GBPJPY|AUDJPY|EURUSD|GBPUSD,existing_first120_gate,london,false,false,true,passed_first_window,inverse_head_and_shoulders,neckline_break_retest,1.03029000,PERIOD_M5,PERIOD_H1,PERIOD_M15,PERIOD_M5,PERIOD_M5,false,htf_soft_alignment,current_post_filter,transcript_post_filter,dow_range_or_transition,no_ordered_dow_wave3_break,dow_range_or_transition,no_ordered_dow_wave3_break,false,true,false,LONG,PERIOD_M5,inverse_head_and_shoulders,inverse_head_and_shoulders,4.500,none,0.000,inverse_head_and_shoulders,4.500,none,0.000,LONG,false,PERIOD_H1_NONE_dow_range_or_transition|PERIOD_M15_NONE_no_ordered_dow_wave3_break,true,h1_counter_m15_reversal,true,top_NONE_dow_range_or_transition|structure_NONE_no_ordered_dow_wave3_break|structure_break_recent_confirmed_swing_break_failed|primary_break_no_recent_confirmed_swing_break,none,below_75sma_falling,below_75sma_flat_or_rising,above_75sma_flat_or_falling,-1,0.00000000,-1,0.00000000,false,off,NONE,NONE,0.00000000,0.00000000,0.0000,none,0.000,true,LONG,return_high_break_or_bos_up,1.03179000,23,1.03208000,1.02828000,false,off,independent,false,,,false,0.0000,none,0.0000,0.0000,none,0.0000,0.0000,0.0000,none,0.0000,0,0,0.0000,none,none,none,none,0.0000,0,0.0000,none,false,true,not_evaluated,true,required_light_or_anchor_flip,short_bias,1.03114000,2025.01.09 03:45:00,1.03075000,2025.01.09 09:15:00,2025.01.09 10:00:00,false,NONE,0.00000000,0.00000000,0.0000,-1,false,,-1,NONE,0.00000000,0.00000000,0.0000,0.0000,none,,none,false,NONE,-1,-1,-1,false,false,none,false,true,false,true,none,true,required,false,PERIOD_M5,,,-1,0.0000,false,0.00000000,0.0000,false,0.0000,false,none,none,false,no_anchor_flip_in_entry_direction,true,required_first_signal_only,LONG,unknown,0.00000000,,0.00000000,,false,,-1,false,NONE,0.00000000,,0.00000000,0.0000,0.0000,none,-1,false,false,false,no_anchor_flip_in_entry_direction,,,,false,false,false,-1,-1,-1,-1,-1,false,false,false,0.0000,falling_n,false,1.03208000,1.02828000,4.6463,false,0.0000,0.0000,0,none,true,0.3158,shallow_236_382,0.080,diagnostic_only,diagnostic_only,diagnostic_only,deep_pullback,24,0.280,true,none,0.430,high_quality,false,false,diagnostic_only,both,true,none,true,diagnostic_adjacent_detected,required_light,false,false,SHORT,5,false,false,2,2025.01.09 08:50:00,2025.01.09 10:00:00,11,4.4562,1.03075000,0.00000000,1.03075000,false,false,none,0.00000000,false,0.0000,0.0000,false,1,0.0000,false,-1,0.00000000,0.0000,off,false,not_evaluated,none,0.0000,0.0000,none,false,false,false,0.0000,none,false,none,0.0000,false,none,4.4562,2.0206,2.2054,2.4175,false,no_shrink,0.0000,none,none,false,false,none,0.0000,0.0000,0.0000,0.0000,none,false,false,0.0000,0.0000,false,false,-1,none,none,false,0.000,0.000,1.03208000,1.03075000,1.03208000,current_day_high,0.00120000,0.9756,session_high|opening_range_high|neckline_level,1.03070000,0.3247,false,true,true,false,not_blocked,2,1,1,m5_failure_exit,off,none,0.00000000,0.0000,1.30,1.03248000,4.500,0.000,0.200,PERIOD_M15,1.03075000,1.03049000,-0.5000,outside,0.000,true,1.03088000,1.02965000,0.00123000,1.03248000,1.301,0.00055429,18.00,30-60,true,false,none,not_consumed,4.900,4.900,none,0.0000,false,opposite_break_first,true,opposite_break_first,spread_too_high
2025.01.09 11:00:00,blocked,session_reversal_pullback_one_symbol_first120,EURUSD,LONG,2025.01.09 10:55:00,10,7,16,london,2025.01.09 07:00,55,first_120min,true,true,3,EURUSD,highest_score_in_session_bar,london=USDJPY|EURJPY|GBPJPY|AUDJPY|EURUSD|GBPUSD,existing_first120_gate,london,false,false,true,passed_first_window,inverse_head_and_shoulders,neckline_break_retest,1.03029000,PERIOD_M5,PERIOD_H1,PERIOD_M15,PERIOD_M5,PERIOD_M5,false,htf_soft_alignment,current_post_filter,transcript_post_filter,dow_range_or_transition,no_ordered_dow_wave3_break,dow_range_or_transition,no_ordered_dow_wave3_break,false,true,false,LONG,PERIOD_M5,inverse_head_and_shoulders,inverse_head_and_shoulders,4.500,none,0.000,inverse_head_and_shoulders,4.500,none,0.000,LONG,false,PERIOD_H1_NONE_dow_range_or_transition|PERIOD_M15_NONE_no_ordered_dow_wave3_break,true,h1_counter_m15_reversal,true,top_NONE_dow_range_or_transition|structure_NONE_no_ordered_dow_wave3_break|structure_break_recent_confirmed_swing_break_failed|primary_break_no_recent_confirmed_swing_break,none,below_75sma_falling,below_75sma_flat_or_rising,above_75sma_flat_or_falling,-1,0.00000000,-1,0.00000000,false,off,NONE,NONE,0.00000000,0.00000000,0.0000,none,0.000,true,LONG,return_high_break_or_bos_up,1.03179000,23,1.03208000,1.02828000,false,off,independent,false,,,false,0.0000,none,0.0000,0.0000,none,0.0000,0.0000,0.0000,none,0.0000,0,0,0.0000,none,none,none,none,0.0000,0,0.0000,none,false,true,not_evaluated,true,required_light_or_anchor_flip,short_bias,1.03114000,2025.01.09 03:45:00,1.03075000,2025.01.09 09:15:00,2025.01.09 10:00:00,false,NONE,0.00000000,0.00000000,0.0000,-1,false,,-1,NONE,0.00000000,0.00000000,0.0000,0.0000,none,,none,false,NONE,-1,-1,-1,false,false,none,false,true,false,true,none,true,required,false,PERIOD_M5,,,-1,0.0000,false,0.00000000,0.0000,false,0.0000,false,none,none,false,no_anchor_flip_in_entry_direction,true,required_first_signal_only,LONG,unknown,0.00000000,,0.00000000,,false,,-1,false,NONE,0.00000000,,0.00000000,0.0000,0.0000,none,-1,false,false,false,no_anchor_flip_in_entry_direction,,,,false,false,false,-1,-1,-1,-1,-1,false,false,false,0.0000,falling_n,false,1.03208000,1.02828000,4.6463,false,0.0000,0.0000,0,none,true,0.3158,shallow_236_382,0.080,diagnostic_only,diagnostic_only,diagnostic_only,deep_pullback,24,0.280,true,none,0.430,high_quality,false,false,diagnostic_only,both,true,none,true,diagnostic_adjacent_detected,required_light,false,false,SHORT,5,false,false,2,2025.01.09 08:50:00,2025.01.09 10:00:00,11,4.4562,1.03075000,0.00000000,1.03075000,false,false,none,0.00000000,false,0.0000,0.0000,false,1,0.0000,false,-1,0.00000000,0.0000,off,false,not_evaluated,none,0.0000,0.0000,none,false,false,false,0.0000,none,false,none,0.0000,false,none,4.4562,2.0206,2.2054,2.4175,false,no_shrink,0.0000,none,none,false,false,none,0.0000,0.0000,0.0000,0.0000,none,false,false,0.0000,0.0000,false,false,-1,none,none,false,0.000,0.000,1.03208000,1.03075000,1.03208000,current_day_high,0.00120000,0.9756,session_high|opening_range_high|neckline_level,1.03070000,0.3247,false,true,true,false,not_blocked,2,1,1,m5_failure_exit,off,none,0.00000000,0.0000,1.30,1.03248000,4.500,0.000,0.200,PERIOD_M15,1.03075000,1.03049000,-0.5000,outside,0.000,true,1.03088000,1.02965000,0.00123000,1.03248000,1.301,0.00055429,18.00,30-60,true,false,none,blocked_spread_too_high,4.900,4.900,none,0.0000,false,opposite_break_first,true,opposite_break_first,spread_too_high
2025.01.10 10:35:00,signal,session_reversal_pullback_one_symbol_first120,EURJPY,LONG,2025.01.10 10:30:00,10,7,16,london,2025.01.10 07:00,30,first_120min,true,true,3,EURJPY,highest_score_in_session_bar,london=USDJPY|EURJPY|GBPJPY|AUDJPY|EURUSD|GBPUSD,existing_first120_gate,london,true,false,true,passed_first_window,double_bottom,neckline_break_retest,162.94700000,PERIOD_M5,PERIOD_H1,PERIOD_M15,PERIOD_M5,PERIOD_M5,false,htf_soft_alignment,current_post_filter,transcript_post_filter,dow_range_or_transition,no_ordered_dow_wave3_break,dow_range_or_transition,no_ordered_dow_wave3_break,false,true,false,LONG,PERIOD_M5,double_bottom,double_bottom,4.200,none,0.000,double_bottom,4.200,none,0.000,LONG,false,PERIOD_H1_NONE_dow_range_or_transition|PERIOD_M15_NONE_no_ordered_dow_wave3_break,true,h1_counter_m15_reversal,true,top_NONE_dow_range_or_transition|structure_NONE_no_ordered_dow_wave3_break|structure_break_recent_confirmed_swing_break_retest|primary_break_recent_confirmed_swing_break_failed,none,below_75sma_falling,above_75sma_rising,below_75sma_flat_or_rising,1,163.10500000,-1,0.00000000,false,off,NONE,NONE,0.00000000,0.00000000,0.0000,none,0.000,true,LONG,return_high_break_or_bos_up,163.10500000,1,163.10500000,162.76200000,false,off,independent,false,,,false,0.0000,none,0.0000,0.0000,none,0.0000,0.0000,0.0000,none,0.0000,0,0,0.0000,none,none,none,none,0.0000,0,0.0000,none,false,true,not_evaluated,true,required_light_or_anchor_flip,bias_flip_up,162.93100000,2025.01.10 05:45:00,163.10500000,2025.01.10 07:15:00,2025.01.10 08:45:00,true,LONG,163.10500000,163.13600000,0.3161,1,true,2025.01.10 10:00:00,1,LONG,163.10500000,163.13600000,0.3161,0.4996,normal,2025.01.10 10:00:00,first_after_anchor,true,LONG,1,1,1,true,false,fresh_0_4,true,false,false,true,none,true,required,true,PERIOD_M5,2025.01.10 10:05:00,2025.01.10 10:10:00,6,0.8301,true,163.10500000,0.8301,true,0.3345,true,m5_bos_up_after_anchor_retest,failed_close_back_inside,false,post_anchor_close_back_inside,true,required_first_signal_only,LONG,unknown,0.00000000,,0.00000000,,false,,-1,false,NONE,0.00000000,,0.00000000,0.0000,0.0000,none,-1,false,false,false,insufficient_confirmed_m5_pivots,EURJPY|LONG|1736503200|163.105,,,false,false,false,-1,-1,-1,-1,-1,false,false,false,0.0000,range_n,true,163.10500000,162.60200000,5.1289,true,0.4996,0.5505,0,normal,true,0.3799,shallow_236_382,0.080,diagnostic_only,diagnostic_only,diagnostic_only,deep_pullback,6,0.320,true,none,0.470,high_quality,false,false,diagnostic_only,both,true,none,true,diagnostic_adjacent_detected,required_light,false,false,SHORT,5,false,false,0,2025.01.10 08:30:00,2025.01.10 10:05:00,5,4.2619,163.10600000,0.00000000,163.10600000,true,true,m5_lh_close_break_up,163.10600000,true,0.3717,0.7186,true,1,1.6973,false,4,163.10600000,0.0496,off,false,not_evaluated,none,0.9515,0.0485,very_strong,false,true,true,1.6973,failed_1bar,true,favorable_side,0.0000,false,clean_retest,0.9168,1.7717,0.5175,0.0000,true,strong_exhaustion,0.0000,none,none,false,false,none,0.0000,0.0000,0.0000,0.0000,none,false,false,0.0000,0.0000,false,false,-1,none,none,false,0.000,0.000,163.05100000,162.94700000,163.05100000,failed_breakout_level,0.05400000,0.5094,neckline_level,162.94700000,0.6195,false,true,true,false,not_blocked,6,3,3,m5_failure_exit,off,none,0.00000000,0.0000,1.30,163.13400000,4.200,-0.300,0.200,PERIOD_M15,163.10500000,162.76200000,0.3149,outside,0.000,true,162.99700000,162.89100000,0.10600000,163.13400000,1.292,0.08071429,30.00,30-60,true,false,none,not_consumed,4.650,4.650,none,0.0000,false,opposite_break_first,true,opposite_break_first,spread_too_high
2025.01.10 10:35:00,blocked,session_reversal_pullback_one_symbol_first120,EURJPY,LONG,2025.01.10 10:30:00,10,7,16,london,2025.01.10 07:00,30,first_120min,true,true,3,EURJPY,highest_score_in_session_bar,london=USDJPY|EURJPY|GBPJPY|AUDJPY|EURUSD|GBPUSD,existing_first120_gate,london,true,false,true,passed_first_window,double_bottom,neckline_break_retest,162.94700000,PERIOD_M5,PERIOD_H1,PERIOD_M15,PERIOD_M5,PERIOD_M5,false,htf_soft_alignment,current_post_filter,transcript_post_filter,dow_range_or_transition,no_ordered_dow_wave3_break,dow_range_or_transition,no_ordered_dow_wave3_break,false,true,false,LONG,PERIOD_M5,double_bottom,double_bottom,4.200,none,0.000,double_bottom,4.200,none,0.000,LONG,false,PERIOD_H1_NONE_dow_range_or_transition|PERIOD_M15_NONE_no_ordered_dow_wave3_break,true,h1_counter_m15_reversal,true,top_NONE_dow_range_or_transition|structure_NONE_no_ordered_dow_wave3_break|structure_break_recent_confirmed_swing_break_retest|primary_break_recent_confirmed_swing_break_failed,none,below_75sma_falling,above_75sma_rising,below_75sma_flat_or_rising,1,163.10500000,-1,0.00000000,false,off,NONE,NONE,0.00000000,0.00000000,0.0000,none,0.000,true,LONG,return_high_break_or_bos_up,163.10500000,1,163.10500000,162.76200000,false,off,independent,false,,,false,0.0000,none,0.0000,0.0000,none,0.0000,0.0000,0.0000,none,0.0000,0,0,0.0000,none,none,none,none,0.0000,0,0.0000,none,false,true,not_evaluated,true,required_light_or_anchor_flip,bias_flip_up,162.93100000,2025.01.10 05:45:00,163.10500000,2025.01.10 07:15:00,2025.01.10 08:45:00,true,LONG,163.10500000,163.13600000,0.3161,1,true,2025.01.10 10:00:00,1,LONG,163.10500000,163.13600000,0.3161,0.4996,normal,2025.01.10 10:00:00,first_after_anchor,true,LONG,1,1,1,true,false,fresh_0_4,true,false,false,true,none,true,required,true,PERIOD_M5,2025.01.10 10:05:00,2025.01.10 10:10:00,6,0.8301,true,163.10500000,0.8301,true,0.3345,true,m5_bos_up_after_anchor_retest,failed_close_back_inside,false,post_anchor_close_back_inside,true,required_first_signal_only,LONG,unknown,0.00000000,,0.00000000,,false,,-1,false,NONE,0.00000000,,0.00000000,0.0000,0.0000,none,-1,false,false,false,insufficient_confirmed_m5_pivots,EURJPY|LONG|1736503200|163.105,,,false,false,false,-1,-1,-1,-1,-1,false,false,false,0.0000,range_n,true,163.10500000,162.60200000,5.1289,true,0.4996,0.5505,0,normal,true,0.3799,shallow_236_382,0.080,diagnostic_only,diagnostic_only,diagnostic_only,deep_pullback,6,0.320,true,none,0.470,high_quality,false,false,diagnostic_only,both,true,none,true,diagnostic_adjacent_detected,required_light,false,false,SHORT,5,false,false,0,2025.01.10 08:30:00,2025.01.10 10:05:00,5,4.2619,163.10600000,0.00000000,163.10600000,true,true,m5_lh_close_break_up,163.10600000,true,0.3717,0.7186,true,1,1.6973,false,4,163.10600000,0.0496,off,false,not_evaluated,none,0.9515,0.0485,very_strong,false,true,true,1.6973,failed_1bar,true,favorable_side,0.0000,false,clean_retest,0.9168,1.7717,0.5175,0.0000,true,strong_exhaustion,0.0000,none,none,false,false,none,0.0000,0.0000,0.0000,0.0000,none,false,false,0.0000,0.0000,false,false,-1,none,none,false,0.000,0.000,163.05100000,162.94700000,163.05100000,failed_breakout_level,0.05400000,0.5094,neckline_level,162.94700000,0.6195,false,true,true,false,not_blocked,6,3,3,m5_failure_exit,off,none,0.00000000,0.0000,1.30,163.13400000,4.200,-0.300,0.200,PERIOD_M15,163.10500000,162.76200000,0.3149,outside,0.000,true,162.99700000,162.89100000,0.10600000,163.13400000,1.292,0.08071429,30.00,30-60,true,false,none,blocked_spread_too_high,4.650,4.650,none,0.0000,false,opposite_break_first,true,opposite_break_first,spread_too_high
2025.01.10 17:05:00,signal,session_reversal_pullback_one_symbol_first120,USDJPY,SHORT,2025.01.10 17:00:00,17,14,23,london_newyork_overlap,2025.01.10 13:00,60,first_120min,false,true,3,USDJPY,highest_score_in_session_bar,london_newyork_overlap=USDJPY|EURJPY|GBPJPY|AUDJPY|EURUSD|GBPUSD,existing_first120_gate,london_newyork_overlap,true,false,true,passed_first_window,bos_down,first_pullback_after_bos,158.09050000,PERIOD_M5,PERIOD_H1,PERIOD_M15,PERIOD_M5,PERIOD_M5,false,htf_soft_alignment,current_post_filter,transcript_post_filter,dow_range_or_transition,structure_trend_bias_dow_trend_up_hh_hl,dow_range_or_transition,structure_trend_bias_dow_trend_up_hh_hl,false,false,true,SHORT,PERIOD_M5,bos_down,bos_down,2.600,none,0.000,bos_down,2.600,none,0.000,SHORT,false,PERIOD_H1_NONE_dow_range_or_transition|PERIOD_M15_LONG_structure_trend_bias_dow_trend_up_hh_hl,true,h1_counter_m15_reversal,true,top_NONE_dow_range_or_transition|structure_LONG_structure_trend_bias_dow_trend_up_hh_hl|structure_break_recent_confirmed_swing_break_retest|primary_break_recent_confirmed_swing_break_continuation,none,below_75sma_flat_or_rising,below_75sma_flat_or_rising,below_75sma_falling,1,157.88700000,0,158.47600000,false,off,NONE,NONE,0.00000000,0.00000000,0.0000,none,0.000,true,SHORT,return_low_break_or_bos_down,157.88700000,1,158.87100000,157.88700000,false,off,independent,false,,,false,0.0000,none,0.0000,0.0000,none,0.0000,0.0000,0.0000,none,0.0000,0,0,0.0000,none,none,none,none,0.0000,0,0.0000,none,false,true,not_evaluated,true,required_light_or_anchor_flip,bias_flip_down,157.88700000,2025.01.10 14:45:00,158.43800000,2025.01.10 09:45:00,2025.01.10 15:30:00,true,SHORT,157.88700000,157.81300000,0.3142,1,true,2025.01.10 16:30:00,1,SHORT,157.88700000,157.81300000,0.3142,1.7580,normal,2025.01.10 16:30:00,first_after_anchor,true,SHORT,1,1,1,true,false,fresh_0_4,true,false,false,true,none,true,required,true,PERIOD_M5,2025.01.10 16:35:00,2025.01.10 16:40:00,6,0.7849,true,157.88700000,0.7849,true,0.7849,false,none,failed_close_back_inside,false,post_anchor_close_back_inside,true,required_first_signal_only,SHORT,unknown,0.00000000,,0.00000000,,false,,-1,false,NONE,0.00000000,,0.00000000,0.0000,0.0000,none,-1,false,false,false,insufficient_confirmed_m5_pivots,USDJPY|SHORT|1736526600|157.887,,,false,false,false,-1,-1,-1,-1,-1,false,false,false,0.0000,rising_n,false,158.87100000,157.62000000,5.3121,true,1.7580,0.1914,0,normal,true,0.3125,shallow_236_382,0.080,diagnostic_only,diagnostic_only,diagnostic_only,fib_pullback,5,0.320,true,none,0.470,low_quality,false,false,diagnostic_only,both,true,none,true,diagnostic_adjacent_detected,required_light,false,false,LONG,5,false,false,0,2025.01.10 15:30:00,2025.01.10 16:40:00,4,6.4709,0.00000000,157.75800000,157.75800000,false,false,none,0.00000000,false,0.0000,0.0000,false,1,0.0000,false,-1,0.00000000,0.0000,off,false,not_evaluated,none,0.0000,0.0000,none,false,false,false,0.0000,none,false,none,0.0000,false,none,5.1744,2.2965,2.2532,0.0000,true,strong_exhaustion,0.0000,none,none,false,false,none,0.0000,0.0000,0.0000,0.0000,none,false,false,0.0000,0.0000,false,false,-1,none,none,false,0.000,0.000,158.02975000,157.92984211,157.92984211,recent_equal_lows,0.08115789,0.4638,opening_range_low|neckline_level,158.09050000,0.4622,false,true,true,false,not_blocked,4,3,1,m5_failure_exit,off,none,0.00000000,0.0000,1.30,157.78400000,2.600,-0.300,0.200,PERIOD_M15,158.87100000,157.88700000,0.1260,outside,0.000,true,158.01100000,158.18600000,0.17500000,157.78400000,1.297,0.17200000,18.00,60-90,true,false,none,not_consumed,3.250,3.250,none,0.0000,false,bos_pullback_failed,false,not_invalidated,
2025.01.10 17:05:00,order_sent,session_reversal_pullback_one_symbol_first120,USDJPY,SHORT,2025.01.10 17:00:00,17,14,23,london_newyork_overlap,2025.01.10 13:00,60,first_120min,false,true,3,USDJPY,highest_score_in_session_bar,london_newyork_overlap=USDJPY|EURJPY|GBPJPY|AUDJPY|EURUSD|GBPUSD,existing_first120_gate,london_newyork_overlap,true,false,true,passed_first_window,bos_down,first_pullback_after_bos,158.09050000,PERIOD_M5,PERIOD_H1,PERIOD_M15,PERIOD_M5,PERIOD_M5,false,htf_soft_alignment,current_post_filter,transcript_post_filter,dow_range_or_transition,structure_trend_bias_dow_trend_up_hh_hl,dow_range_or_transition,structure_trend_bias_dow_trend_up_hh_hl,false,false,true,SHORT,PERIOD_M5,bos_down,bos_down,2.600,none,0.000,bos_down,2.600,none,0.000,SHORT,false,PERIOD_H1_NONE_dow_range_or_transition|PERIOD_M15_LONG_structure_trend_bias_dow_trend_up_hh_hl,true,h1_counter_m15_reversal,true,top_NONE_dow_range_or_transition|structure_LONG_structure_trend_bias_dow_trend_up_hh_hl|structure_break_recent_confirmed_swing_break_retest|primary_break_recent_confirmed_swing_break_continuation,none,below_75sma_flat_or_rising,below_75sma_flat_or_rising,below_75sma_falling,1,157.88700000,0,158.47600000,false,off,NONE,NONE,0.00000000,0.00000000,0.0000,none,0.000,true,SHORT,return_low_break_or_bos_down,157.88700000,1,158.87100000,157.88700000,false,off,independent,false,,,false,0.0000,none,0.0000,0.0000,none,0.0000,0.0000,0.0000,none,0.0000,0,0,0.0000,none,none,none,none,0.0000,0,0.0000,none,false,true,not_evaluated,true,required_light_or_anchor_flip,bias_flip_down,157.88700000,2025.01.10 14:45:00,158.43800000,2025.01.10 09:45:00,2025.01.10 15:30:00,true,SHORT,157.88700000,157.81300000,0.3142,1,true,2025.01.10 16:30:00,1,SHORT,157.88700000,157.81300000,0.3142,1.7580,normal,2025.01.10 16:30:00,first_after_anchor,true,SHORT,1,1,1,true,false,fresh_0_4,true,false,false,true,none,true,required,true,PERIOD_M5,2025.01.10 16:35:00,2025.01.10 16:40:00,6,0.7849,true,157.88700000,0.7849,true,0.7849,false,none,failed_close_back_inside,false,post_anchor_close_back_inside,true,required_first_signal_only,SHORT,unknown,0.00000000,,0.00000000,,false,,-1,false,NONE,0.00000000,,0.00000000,0.0000,0.0000,none,-1,false,false,false,insufficient_confirmed_m5_pivots,USDJPY|SHORT|1736526600|157.887,,,false,false,false,-1,-1,-1,-1,-1,false,false,false,0.0000,rising_n,false,158.87100000,157.62000000,5.3121,true,1.7580,0.1914,0,normal,true,0.3125,shallow_236_382,0.080,diagnostic_only,diagnostic_only,diagnostic_only,fib_pullback,5,0.320,true,none,0.470,low_quality,false,false,diagnostic_only,both,true,none,true,diagnostic_adjacent_detected,required_light,false,false,LONG,5,false,false,0,2025.01.10 15:30:00,2025.01.10 16:40:00,4,6.4709,0.00000000,157.75800000,157.75800000,false,false,none,0.00000000,false,0.0000,0.0000,false,1,0.0000,false,-1,0.00000000,0.0000,off,false,not_evaluated,none,0.0000,0.0000,none,false,false,false,0.0000,none,false,none,0.0000,false,none,5.1744,2.2965,2.2532,0.0000,true,strong_exhaustion,0.0000,none,none,false,false,none,0.0000,0.0000,0.0000,0.0000,none,false,false,0.0000,0.0000,false,false,-1,none,none,false,0.000,0.000,158.02975000,157.92984211,157.92984211,recent_equal_lows,0.08115789,0.4638,opening_range_low|neckline_level,158.09050000,0.4622,false,true,true,false,not_blocked,4,3,1,m5_failure_exit,off,none,0.00000000,0.0000,1.30,157.78400000,2.600,-0.300,0.200,PERIOD_M15,158.87100000,157.88700000,0.1260,outside,0.000,true,158.01100000,158.18600000,0.17500000,157.78400000,1.297,0.17200000,18.00,60-90,true,false,none,order_sent,3.250,3.250,none,0.0000,false,bos_pullback_failed,false,not_invalidated,
2025.01.13 16:05:00,signal,session_reversal_pullback_one_symbol_first120,GBPJPY,LONG,2025.01.13 16:00:00,16,13,22,london_newyork_overlap,2025.01.13 13:00,0,first_120min,true,true,3,GBPJPY,highest_score_in_session_bar,london_newyork_overlap=USDJPY|EURJPY|GBPJPY|AUDJPY|EURUSD|GBPUSD,existing_first120_gate,london_newyork_overlap,false,false,true,passed_first_window,inverse_head_and_shoulders,neckline_break_retest,190.82400000,PERIOD_M5,PERIOD_H1,PERIOD_M15,PERIOD_M5,PERIOD_M5,false,htf_soft_alignment,current_post_filter,transcript_post_filter,dow_trend_down_ll_lh,no_ordered_dow_wave3_break,dow_trend_down_ll_lh,no_ordered_dow_wave3_break,false,true,false,LONG,PERIOD_M5,inverse_head_and_shoulders,inverse_head_and_shoulders,4.500,none,0.000,inverse_head_and_shoulders,4.500,none,0.000,LONG,false,PERIOD_H1_SHORT_dow_trend_down_ll_lh|PERIOD_M15_NONE_no_ordered_dow_wave3_break,true,h1_counter_m15_reversal,true,top_SHORT_dow_trend_down_ll_lh|structure_NONE_no_ordered_dow_wave3_break|structure_break_recent_confirmed_swing_break_failed|primary_break_recent_confirmed_swing_break_continuation,none,below_75sma_falling,below_75sma_falling,above_75sma_flat_or_falling,-1,0.00000000,0,190.52900000,false,off,NONE,NONE,0.00000000,0.00000000,0.0000,none,0.000,true,LONG,return_high_break_or_bos_up,191.51000000,23,191.09400000,190.27800000,false,off,independent,false,,,false,0.0000,none,0.0000,0.0000,none,0.0000,0.0000,0.0000,none,0.0000,0,0,0.0000,none,none,none,none,0.0000,0,0.0000,none,false,true,not_evaluated,true,required_light_or_anchor_flip,short_bias,190.78600000,2025.01.13 09:30:00,191.72100000,2025.01.13 10:15:00,2025.01.13 11:45:00,false,NONE,0.00000000,0.00000000,0.0000,-1,false,,-1,NONE,0.00000000,0.00000000,0.0000,0.0000,none,,none,false,NONE,-1,-1,-1,false,false,none,false,true,false,true,none,true,required,false,PERIOD_M5,,,-1,0.0000,false,0.00000000,0.0000,false,0.0000,false,none,none,false,no_anchor_flip_in_entry_direction,true,required_first_signal_only,LONG,unknown,0.00000000,,0.00000000,,false,,-1,false,NONE,0.00000000,,0.00000000,0.0000,0.0000,none,-1,false,false,false,no_anchor_flip_in_entry_direction,,,,false,false,false,-1,-1,-1,-1,-1,false,false,false,0.0000,range_n,true,191.72100000,190.06300000,6.0385,false,0.0000,0.0000,0,none,true,0.4867,preferred_382_618,0.200,diagnostic_only,diagnostic_only,diagnostic_only,deep_pullback,4,0.440,true,none,0.590,high_quality,false,false,diagnostic_only,both,true,none,true,diagnostic_adjacent_detected,required_light,false,false,SHORT,8,false,false,1,2025.01.13 14:30:00,2025.01.13 15:05:00,11,1.9728,190.52900000,0.00000000,190.52900000,true,true,m5_lh_close_break_up,190.52900000,true,0.4034,0.9094,true,1,0.0000,false,7,190.52900000,0.0513,off,false,not_evaluated,none,0.7394,0.2606,strong,true,false,false,0.0000,held_clean,true,favorable_side,0.2198,true,clean_retest,1.7968,1.9728,0.9108,0.0000,true,strong_exhaustion,0.0000,none,none,false,false,none,0.0000,0.0000,0.0000,0.0000,none,false,false,0.0000,0.0000,false,false,-1,none,none,false,0.000,0.000,190.92200000,190.91200000,190.92200000,pre_session_high,0.00800000,0.0199,session_high|opening_range_high|neckline_level,190.91200000,0.0147,false,true,true,false,not_blocked,3,2,1,m5_failure_exit,off,none,0.00000000,0.0000,1.30,191.43700000,4.500,-0.300,0.200,PERIOD_M15,191.09400000,190.27800000,0.2206,outside,0.000,true,190.91400000,190.51100000,0.40300000,191.43700000,1.298,0.13635714,38.00,0-30,true,false,none,not_consumed,4.800,4.800,none,0.0000,false,neckline_retest_failed,false,not_invalidated,spread_too_high
2025.01.13 16:05:00,blocked,session_reversal_pullback_one_symbol_first120,GBPJPY,LONG,2025.01.13 16:00:00,16,13,22,london_newyork_overlap,2025.01.13 13:00,0,first_120min,true,true,3,GBPJPY,highest_score_in_session_bar,london_newyork_overlap=USDJPY|EURJPY|GBPJPY|AUDJPY|EURUSD|GBPUSD,existing_first120_gate,london_newyork_overlap,false,false,true,passed_first_window,inverse_head_and_shoulders,neckline_break_retest,190.82400000,PERIOD_M5,PERIOD_H1,PERIOD_M15,PERIOD_M5,PERIOD_M5,false,htf_soft_alignment,current_post_filter,transcript_post_filter,dow_trend_down_ll_lh,no_ordered_dow_wave3_break,dow_trend_down_ll_lh,no_ordered_dow_wave3_break,false,true,false,LONG,PERIOD_M5,inverse_head_and_shoulders,inverse_head_and_shoulders,4.500,none,0.000,inverse_head_and_shoulders,4.500,none,0.000,LONG,false,PERIOD_H1_SHORT_dow_trend_down_ll_lh|PERIOD_M15_NONE_no_ordered_dow_wave3_break,true,h1_counter_m15_reversal,true,top_SHORT_dow_trend_down_ll_lh|structure_NONE_no_ordered_dow_wave3_break|structure_break_recent_confirmed_swing_break_failed|primary_break_recent_confirmed_swing_break_continuation,none,below_75sma_falling,below_75sma_falling,above_75sma_flat_or_falling,-1,0.00000000,0,190.52900000,false,off,NONE,NONE,0.00000000,0.00000000,0.0000,none,0.000,true,LONG,return_high_break_or_bos_up,191.51000000,23,191.09400000,190.27800000,false,off,independent,false,,,false,0.0000,none,0.0000,0.0000,none,0.0000,0.0000,0.0000,none,0.0000,0,0,0.0000,none,none,none,none,0.0000,0,0.0000,none,false,true,not_evaluated,true,required_light_or_anchor_flip,short_bias,190.78600000,2025.01.13 09:30:00,191.72100000,2025.01.13 10:15:00,2025.01.13 11:45:00,false,NONE,0.00000000,0.00000000,0.0000,-1,false,,-1,NONE,0.00000000,0.00000000,0.0000,0.0000,none,,none,false,NONE,-1,-1,-1,false,false,none,false,true,false,true,none,true,required,false,PERIOD_M5,,,-1,0.0000,false,0.00000000,0.0000,false,0.0000,false,none,none,false,no_anchor_flip_in_entry_direction,true,required_first_signal_only,LONG,unknown,0.00000000,,0.00000000,,false,,-1,false,NONE,0.00000000,,0.00000000,0.0000,0.0000,none,-1,false,false,false,no_anchor_flip_in_entry_direction,,,,false,false,false,-1,-1,-1,-1,-1,false,false,false,0.0000,range_n,true,191.72100000,190.06300000,6.0385,false,0.0000,0.0000,0,none,true,0.4867,preferred_382_618,0.200,diagnostic_only,diagnostic_only,diagnostic_only,deep_pullback,4,0.440,true,none,0.590,high_quality,false,false,diagnostic_only,both,true,none,true,diagnostic_adjacent_detected,required_light,false,false,SHORT,8,false,false,1,2025.01.13 14:30:00,2025.01.13 15:05:00,11,1.9728,190.52900000,0.00000000,190.52900000,true,true,m5_lh_close_break_up,190.52900000,true,0.4034,0.9094,true,1,0.0000,false,7,190.52900000,0.0513,off,false,not_evaluated,none,0.7394,0.2606,strong,true,false,false,0.0000,held_clean,true,favorable_side,0.2198,true,clean_retest,1.7968,1.9728,0.9108,0.0000,true,strong_exhaustion,0.0000,none,none,false,false,none,0.0000,0.0000,0.0000,0.0000,none,false,false,0.0000,0.0000,false,false,-1,none,none,false,0.000,0.000,190.92200000,190.91200000,190.92200000,pre_session_high,0.00800000,0.0199,session_high|opening_range_high|neckline_level,190.91200000,0.0147,false,true,true,false,not_blocked,3,2,1,m5_failure_exit,off,none,0.00000000,0.0000,1.30,191.43700000,4.500,-0.300,0.200,PERIOD_M15,191.09400000,190.27800000,0.2206,outside,0.000,true,190.91400000,190.51100000,0.40300000,191.43700000,1.298,0.13635714,38.00,0-30,true,false,none,blocked_spread_too_high,4.800,4.800,none,0.0000,false,neckline_retest_failed,false,not_invalidated,spread_too_high
2025.01.13 19:15:00,signal,session_reversal_pullback_one_symbol_first120,USDJPY,SHORT,2025.01.13 19:10:00,19,16,1,new_york,2025.01.13 16:00,10,first_120min,true,true,3,USDJPY,highest_score_in_session_bar,new_york=USDJPY|EURJPY|GBPJPY|AUDJPY|EURUSD|GBPUSD,existing_first120_gate,new_york,false,false,true,passed_first_window,head_and_shoulders,neckline_break_retest,157.45700000,PERIOD_M5,PERIOD_H1,PERIOD_M15,PERIOD_M5,PERIOD_M5,false,htf_soft_alignment,current_post_filter,transcript_post_filter,dow_range_or_transition,structure_trend_bias_dow_trend_down_ll_lh,dow_range_or_transition,structure_trend_bias_dow_trend_down_ll_lh,false,false,true,SHORT,PERIOD_M5,head_and_shoulders,head_and_shoulders,4.500,none,0.000,head_and_shoulders,4.500,none,0.000,SHORT,false,PERIOD_H1_NONE_dow_range_or_transition|PERIOD_M15_SHORT_structure_trend_bias_dow_trend_down_ll_lh,true,h1_counter_m15_reversal,true,top_NONE_dow_range_or_transition|structure_SHORT_structure_trend_bias_dow_trend_down_ll_lh|structure_break_recent_confirmed_swing_break_failed|primary_break_no_recent_confirmed_swing_break,none,below_75sma_falling,below_75sma_falling,above_75sma_rising,-1,0.00000000,-1,0.00000000,false,off,NONE,NONE,0.00000000,0.00000000,0.0000,none,0.000,true,SHORT,return_low_break_or_bos_down,157.21400000,11,157.78000000,156.90400000,false,off,independent,false,,,false,0.0000,none,0.0000,0.0000,none,0.0000,0.0000,0.0000,none,0.0000,0,0,0.0000,none,none,none,none,0.0000,0,0.0000,none,false,true,not_evaluated,true,required_light_or_anchor_flip,long_bias,156.90400000,2025.01.13 15:15:00,157.45100000,2025.01.13 14:00:00,2025.01.13 18:15:00,false,NONE,0.00000000,0.00000000,0.0000,-1,false,,-1,NONE,0.00000000,0.00000000,0.0000,0.0000,none,,none,false,NONE,-1,-1,-1,false,false,none,false,true,false,true,none,true,required,false,PERIOD_M5,,,-1,0.0000,false,0.00000000,0.0000,false,0.0000,false,none,none,false,no_anchor_flip_in_entry_direction,true,required_first_signal_only,SHORT,unknown,0.00000000,,0.00000000,,false,,-1,false,NONE,0.00000000,,0.00000000,0.0000,0.0000,none,-1,false,false,false,no_anchor_flip_in_entry_direction,,,,false,false,false,-1,-1,-1,-1,-1,false,false,false,0.0000,range_n,true,157.78000000,156.90400000,5.6490,false,0.0000,0.0000,0,none,true,0.5856,preferred_382_618,0.200,diagnostic_only,diagnostic_only,diagnostic_only,deep_pullback,24,0.450,true,none,0.600,high_quality,false,false,diagnostic_only,both,true,none,true,diagnostic_adjacent_detected,required_light,false,false,LONG,2,false,false,0,,,-1,0.0000,0.00000000,0.00000000,0.00000000,false,false,none,0.00000000,false,0.0000,0.0000,false,1,0.0000,false,-1,0.00000000,0.0000,off,false,not_evaluated,none,0.0000,0.0000,none,false,false,false,0.0000,none,false,none,0.0000,false,none,0.0000,0.0000,0.0000,0.0000,false,none,0.0000,none,none,false,false,none,0.0000,0.0000,0.0000,0.0000,none,false,false,0.0000,0.0000,false,false,-1,none,none,false,0.000,0.000,157.42500000,157.25600000,157.25600000,top_context_confirmed_swing_low,0.16100000,0.8090,session_low|opening_range_low|neckline_level,157.41700000,0.0000,false,true,false,false,not_blocked,2,2,0,m5_failure_exit,off,none,0.00000000,0.0000,1.30,157.15900000,4.500,0.000,0.200,PERIOD_M15,157.45100000,156.90400000,0.9378,outside,0.000,true,157.41700000,157.61600000,0.19900000,157.15900000,1.296,0.07121429,19.00,0-30,true,false,none,not_consumed,4.900,4.900,none,0.0000,false,neckline_retest_failed,false,not_invalidated,spread_too_high
2025.01.13 19:15:00,blocked,session_reversal_pullback_one_symbol_first120,USDJPY,SHORT,2025.01.13 19:10:00,19,16,1,new_york,2025.01.13 16:00,10,first_120min,true,true,3,USDJPY,highest_score_in_session_bar,new_york=USDJPY|EURJPY|GBPJPY|AUDJPY|EURUSD|GBPUSD,existing_first120_gate,new_york,false,false,true,passed_first_window,head_and_shoulders,neckline_break_retest,157.45700000,PERIOD_M5,PERIOD_H1,PERIOD_M15,PERIOD_M5,PERIOD_M5,false,htf_soft_alignment,current_post_filter,transcript_post_filter,dow_range_or_transition,structure_trend_bias_dow_trend_down_ll_lh,dow_range_or_transition,structure_trend_bias_dow_trend_down_ll_lh,false,false,true,SHORT,PERIOD_M5,head_and_shoulders,head_and_shoulders,4.500,none,0.000,head_and_shoulders,4.500,none,0.000,SHORT,false,PERIOD_H1_NONE_dow_range_or_transition|PERIOD_M15_SHORT_structure_trend_bias_dow_trend_down_ll_lh,true,h1_counter_m15_reversal,true,top_NONE_dow_range_or_transition|structure_SHORT_structure_trend_bias_dow_trend_down_ll_lh|structure_break_recent_confirmed_swing_break_failed|primary_break_no_recent_confirmed_swing_break,none,below_75sma_falling,below_75sma_falling,above_75sma_rising,-1,0.00000000,-1,0.00000000,false,off,NONE,NONE,0.00000000,0.00000000,0.0000,none,0.000,true,SHORT,return_low_break_or_bos_down,157.21400000,11,157.78000000,156.90400000,false,off,independent,false,,,false,0.0000,none,0.0000,0.0000,none,0.0000,0.0000,0.0000,none,0.0000,0,0,0.0000,none,none,none,none,0.0000,0,0.0000,none,false,true,not_evaluated,true,required_light_or_anchor_flip,long_bias,156.90400000,2025.01.13 15:15:00,157.45100000,2025.01.13 14:00:00,2025.01.13 18:15:00,false,NONE,0.00000000,0.00000000,0.0000,-1,false,,-1,NONE,0.00000000,0.00000000,0.0000,0.0000,none,,none,false,NONE,-1,-1,-1,false,false,none,false,true,false,true,none,true,required,false,PERIOD_M5,,,-1,0.0000,false,0.00000000,0.0000,false,0.0000,false,none,none,false,no_anchor_flip_in_entry_direction,true,required_first_signal_only,SHORT,unknown,0.00000000,,0.00000000,,false,,-1,false,NONE,0.00000000,,0.00000000,0.0000,0.0000,none,-1,false,false,false,no_anchor_flip_in_entry_direction,,,,false,false,false,-1,-1,-1,-1,-1,false,false,false,0.0000,range_n,true,157.78000000,156.90400000,5.6490,false,0.0000,0.0000,0,none,true,0.5856,preferred_382_618,0.200,diagnostic_only,diagnostic_only,diagnostic_only,deep_pullback,24,0.450,true,none,0.600,high_quality,false,false,diagnostic_only,both,true,none,true,diagnostic_adjacent_detected,required_light,false,false,LONG,2,false,false,0,,,-1,0.0000,0.00000000,0.00000000,0.00000000,false,false,none,0.00000000,false,0.0000,0.0000,false,1,0.0000,false,-1,0.00000000,0.0000,off,false,not_evaluated,none,0.0000,0.0000,none,false,false,false,0.0000,none,false,none,0.0000,false,none,0.0000,0.0000,0.0000,0.0000,false,none,0.0000,none,none,false,false,none,0.0000,0.0000,0.0000,0.0000,none,false,false,0.0000,0.0000,false,false,-1,none,none,false,0.000,0.000,157.42500000,157.25600000,157.25600000,top_context_confirmed_swing_low,0.16100000,0.8090,session_low|opening_range_low|neckline_level,157.41700000,0.0000,false,true,false,false,not_blocked,2,2,0,m5_failure_exit,off,none,0.00000000,0.0000,1.30,157.15900000,4.500,0.000,0.200,PERIOD_M15,157.45100000,156.90400000,0.9378,outside,0.000,true,157.41700000,157.61600000,0.19900000,157.15900000,1.296,0.07121429,19.00,0-30,true,false,none,blocked_spread_too_high,4.900,4.900,none,0.0000,false,neckline_retest_failed,false,not_invalidated,spread_too_high
2025.01.14 03:05:00,signal,session_reversal_pullback_one_symbol_first120,USDJPY,LONG,2025.01.14 03:00:00,3,0,9,tokyo,2025.01.14 00:00,0,first_120min,true,true,3,USDJPY,highest_score_in_session_bar,tokyo=USDJPY|EURJPY|GBPJPY|AUDJPY,existing_first120_gate,tokyo,false,false,true,passed_first_window,inverse_head_and_shoulders,neckline_break_retest,157.45700000,PERIOD_M5,PERIOD_H1,PERIOD_M15,PERIOD_M5,PERIOD_M5,false,htf_soft_alignment,current_post_filter,transcript_post_filter,dow_range_or_transition,no_ordered_dow_wave3_break,dow_range_or_transition,no_ordered_dow_wave3_break,false,true,false,LONG,PERIOD_M5,inverse_head_and_shoulders,inverse_head_and_shoulders,4.500,none,0.000,inverse_head_and_shoulders,4.500,none,0.000,LONG,false,PERIOD_H1_NONE_dow_range_or_transition|PERIOD_M15_NONE_no_ordered_dow_wave3_break,true,h1_counter_m15_reversal,true,top_NONE_dow_range_or_transition|structure_NONE_no_ordered_dow_wave3_break|structure_break_recent_confirmed_swing_break_failed|primary_break_recent_confirmed_swing_break_retest,none,below_75sma_falling,above_75sma_flat_or_falling,below_75sma_falling,-1,0.00000000,0,157.44600000,false,off,NONE,NONE,0.00000000,0.00000000,0.0000,none,0.000,true,LONG,return_high_break_or_bos_up,157.78000000,20,157.81000000,157.10900000,false,off,independent,false,,,false,0.0000,none,0.0000,0.0000,none,0.0000,0.0000,0.0000,none,0.0000,0,0,0.0000,none,none,none,none,0.0000,0,0.0000,none,false,true,not_evaluated,true,required_light_or_anchor_flip,bias_flip_up,157.28800000,2025.01.13 20:00:00,157.44600000,2025.01.14 01:00:00,2025.01.14 01:30:00,true,LONG,157.44600000,157.46700000,0.1349,2,true,2025.01.14 02:15:00,2,LONG,157.44600000,157.46700000,0.1349,0.2377,normal,2025.01.14 02:45:00,first_after_anchor,true,LONG,2,0,2,true,false,fresh_0_4,true,false,false,true,none,true,required,true,PERIOD_M5,2025.01.14 02:20:00,2025.01.14 02:25:00,9,0.2382,true,157.44600000,0.2382,true,0.1760,true,m5_bos_up_after_anchor_retest,failed_close_back_inside,false,post_anchor_close_back_inside,true,required_first_signal_only,LONG,rising_n,0.00000000,,0.00000000,,false,,-1,false,NONE,0.00000000,,0.00000000,0.0000,0.0000,none,-1,false,false,false,micro_n_not_corrective_for_entry,USDJPY|LONG|1736820900|157.446,,,false,false,false,-1,-1,-1,-1,-1,false,false,false,0.0000,falling_n,false,157.81000000,157.10900000,4.5039,true,0.2377,0.5647,0,normal,true,0.4508,preferred_382_618,0.200,diagnostic_only,diagnostic_only,diagnostic_only,shallow_pullback,5,0.490,true,none,0.640,high_quality,false,false,diagnostic_only,both,true,none,true,diagnostic_adjacent_detected,required_light,false,false,SHORT,3,false,false,0,,,-1,0.0000,0.00000000,0.00000000,0.00000000,false,false,none,0.00000000,false,0.0000,0.0000,false,1,0.0000,false,-1,0.00000000,0.0000,off,false,not_evaluated,none,0.0000,0.0000,none,false,false,false,0.0000,none,false,none,0.0000,false,none,0.0000,0.0000,0.0000,0.0000,false,none,0.0000,none,none,false,false,none,0.0000,0.0000,0.0000,0.0000,none,false,false,0.0000,0.0000,false,false,-1,none,none,false,0.000,0.000,157.51700000,157.45700000,157.51700000,failed_breakout_level,0.02300000,0.1285,neckline_level,157.45700000,0.3831,false,true,true,false,not_blocked,7,4,3,m5_failure_exit,off,none,0.00000000,0.0000,1.30,157.72700000,4.500,-0.300,0.200,PERIOD_M15,157.81000000,157.10900000,0.4508,preferred_382_618,0.000,true,157.49400000,157.31500000,0.17900000,157.72700000,1.302,0.09657143,20.00,0-30,true,false,none,not_consumed,4.800,4.800,none,0.0000,false,opposite_break_first,true,opposite_break_first,spread_too_high
2025.01.14 03:05:00,blocked,session_reversal_pullback_one_symbol_first120,USDJPY,LONG,2025.01.14 03:00:00,3,0,9,tokyo,2025.01.14 00:00,0,first_120min,true,true,3,USDJPY,highest_score_in_session_bar,tokyo=USDJPY|EURJPY|GBPJPY|AUDJPY,existing_first120_gate,tokyo,false,false,true,passed_first_window,inverse_head_and_shoulders,neckline_break_retest,157.45700000,PERIOD_M5,PERIOD_H1,PERIOD_M15,PERIOD_M5,PERIOD_M5,false,htf_soft_alignment,current_post_filter,transcript_post_filter,dow_range_or_transition,no_ordered_dow_wave3_break,dow_range_or_transition,no_ordered_dow_wave3_break,false,true,false,LONG,PERIOD_M5,inverse_head_and_shoulders,inverse_head_and_shoulders,4.500,none,0.000,inverse_head_and_shoulders,4.500,none,0.000,LONG,false,PERIOD_H1_NONE_dow_range_or_transition|PERIOD_M15_NONE_no_ordered_dow_wave3_break,true,h1_counter_m15_reversal,true,top_NONE_dow_range_or_transition|structure_NONE_no_ordered_dow_wave3_break|structure_break_recent_confirmed_swing_break_failed|primary_break_recent_confirmed_swing_break_retest,none,below_75sma_falling,above_75sma_flat_or_falling,below_75sma_falling,-1,0.00000000,0,157.44600000,false,off,NONE,NONE,0.00000000,0.00000000,0.0000,none,0.000,true,LONG,return_high_break_or_bos_up,157.78000000,20,157.81000000,157.10900000,false,off,independent,false,,,false,0.0000,none,0.0000,0.0000,none,0.0000,0.0000,0.0000,none,0.0000,0,0,0.0000,none,none,none,none,0.0000,0,0.0000,none,false,true,not_evaluated,true,required_light_or_anchor_flip,bias_flip_up,157.28800000,2025.01.13 20:00:00,157.44600000,2025.01.14 01:00:00,2025.01.14 01:30:00,true,LONG,157.44600000,157.46700000,0.1349,2,true,2025.01.14 02:15:00,2,LONG,157.44600000,157.46700000,0.1349,0.2377,normal,2025.01.14 02:45:00,first_after_anchor,true,LONG,2,0,2,true,false,fresh_0_4,true,false,false,true,none,true,required,true,PERIOD_M5,2025.01.14 02:20:00,2025.01.14 02:25:00,9,0.2382,true,157.44600000,0.2382,true,0.1760,true,m5_bos_up_after_anchor_retest,failed_close_back_inside,false,post_anchor_close_back_inside,true,required_first_signal_only,LONG,rising_n,0.00000000,,0.00000000,,false,,-1,false,NONE,0.00000000,,0.00000000,0.0000,0.0000,none,-1,false,false,false,micro_n_not_corrective_for_entry,USDJPY|LONG|1736820900|157.446,,,false,false,false,-1,-1,-1,-1,-1,false,false,false,0.0000,falling_n,false,157.81000000,157.10900000,4.5039,true,0.2377,0.5647,0,normal,true,0.4508,preferred_382_618,0.200,diagnostic_only,diagnostic_only,diagnostic_only,shallow_pullback,5,0.490,true,none,0.640,high_quality,false,false,diagnostic_only,both,true,none,true,diagnostic_adjacent_detected,required_light,false,false,SHORT,3,false,false,0,,,-1,0.0000,0.00000000,0.00000000,0.00000000,false,false,none,0.00000000,false,0.0000,0.0000,false,1,0.0000,false,-1,0.00000000,0.0000,off,false,not_evaluated,none,0.0000,0.0000,none,false,false,false,0.0000,none,false,none,0.0000,false,none,0.0000,0.0000,0.0000,0.0000,false,none,0.0000,none,none,false,false,none,0.0000,0.0000,0.0000,0.0000,none,false,false,0.0000,0.0000,false,false,-1,none,none,false,0.000,0.000,157.51700000,157.45700000,157.51700000,failed_breakout_level,0.02300000,0.1285,neckline_level,157.45700000,0.3831,false,true,true,false,not_blocked,7,4,3,m5_failure_exit,off,none,0.00000000,0.0000,1.30,157.72700000,4.500,-0.300,0.200,PERIOD_M15,157.81000000,157.10900000,0.4508,preferred_382_618,0.000,true,157.49400000,157.31500000,0.17900000,157.72700000,1.302,0.09657143,20.00,0-30,true,false,none,blocked_spread_too_high,4.800,4.800,none,0.0000,false,opposite_break_first,true,opposite_break_first,spread_too_high
2025.01.14 10:20:00,signal,session_reversal_pullback_one_symbol_first120,USDJPY,SHORT,2025.01.14 10:15:00,10,7,16,london,2025.01.14 07:00,15,first_120min,true,true,3,USDJPY,highest_score_in_session_bar,london=USDJPY|EURJPY|GBPJPY|AUDJPY|EURUSD|GBPUSD,existing_first120_gate,london,false,false,true,passed_first_window,double_top,neckline_break_retest,157.53600000,PERIOD_M5,PERIOD_H1,PERIOD_M15,PERIOD_M5,PERIOD_M5,false,htf_soft_alignment,current_post_filter,transcript_post_filter,dow_trend_up_hh_hl,no_ordered_dow_wave3_break,dow_trend_up_hh_hl,no_ordered_dow_wave3_break,false,false,true,SHORT,PERIOD_M5,double_top,double_top,4.200,none,0.000,double_top,4.200,none,0.000,SHORT,false,PERIOD_H1_LONG_dow_trend_up_hh_hl|PERIOD_M15_NONE_no_ordered_dow_wave3_break,true,h1_counter_m15_reversal,true,top_LONG_dow_trend_up_hh_hl|structure_NONE_no_ordered_dow_wave3_break|structure_break_recent_confirmed_swing_break_failed|primary_break_recent_confirmed_swing_break_retest,none,below_75sma_falling,above_75sma_rising,below_75sma_falling,-1,0.00000000,0,157.52500000,false,off,NONE,NONE,0.00000000,0.00000000,0.0000,none,0.000,true,SHORT,return_low_break_or_bos_down,157.35700000,3,157.71300000,157.35700000,false,off,independent,false,,,false,0.0000,none,0.0000,0.0000,none,0.0000,0.0000,0.0000,none,0.0000,0,0,0.0000,none,none,none,none,0.0000,0,0.0000,none,false,true,not_evaluated,true,required_light_or_anchor_flip,short_bias,157.10900000,2025.01.14 01:30:00,157.71300000,2025.01.14 07:30:00,2025.01.14 09:15:00,false,NONE,0.00000000,0.00000000,0.0000,-1,false,,-1,NONE,0.00000000,0.00000000,0.0000,0.0000,none,,none,false,NONE,-1,-1,-1,false,false,none,true,false,false,true,none,true,required,false,PERIOD_M5,,,-1,0.0000,false,0.00000000,0.0000,false,0.0000,false,none,none,false,no_anchor_flip_in_entry_direction,true,required_first_signal_only,SHORT,unknown,0.00000000,,0.00000000,,false,,-1,false,NONE,0.00000000,,0.00000000,0.0000,0.0000,none,-1,false,false,false,no_anchor_flip_in_entry_direction,,,,false,false,false,-1,-1,-1,-1,-1,false,false,false,0.0000,falling_n,false,158.01700000,157.23200000,4.9460,false,0.0000,0.0000,0,none,true,0.4556,preferred_382_618,0.200,diagnostic_only,diagnostic_only,diagnostic_only,shallow_pullback,10,0.440,true,none,0.590,high_quality,false,false,diagnostic_only,both,true,none,true,diagnostic_adjacent_detected,required_light,false,false,LONG,7,false,false,0,2025.01.14 08:35:00,2025.01.14 09:45:00,6,4.2365,0.00000000,157.29000000,157.29000000,false,false,none,0.00000000,false,0.0000,0.0000,false,1,0.0000,false,-1,0.00000000,0.0000,off,false,not_evaluated,none,0.0000,0.0000,none,false,false,false,0.0000,none,false,none,0.0000,false,none,3.1409,1.3757,2.2832,0.0000,true,strong_exhaustion,0.0000,none,none,false,false,none,0.0000,0.0000,0.0000,0.0000,none,false,false,0.0000,0.0000,false,false,-1,none,none,false,0.000,0.000,157.53000000,157.47550000,157.47550000,recent_equal_highs,0.01950000,0.1364,neckline_level,157.53600000,0.4991,false,true,true,false,not_blocked,6,3,3,m5_failure_exit,off,none,0.00000000,0.0000,1.30,157.30900000,4.200,-0.300,0.200,PERIOD_M15,157.71300000,157.35700000,0.3876,preferred_382_618,0.000,true,157.49500000,157.63800000,0.14300000,157.30900000,1.301,0.08214286,18.00,0-30,true,false,none,not_consumed,4.500,4.500,none,0.0000,false,neckline_retest_failed,false,not_invalidated,spread_too_high
2025.01.14 10:20:00,blocked,session_reversal_pullback_one_symbol_first120,USDJPY,SHORT,2025.01.14 10:15:00,10,7,16,london,2025.01.14 07:00,15,first_120min,true,true,3,USDJPY,highest_score_in_session_bar,london=USDJPY|EURJPY|GBPJPY|AUDJPY|EURUSD|GBPUSD,existing_first120_gate,london,false,false,true,passed_first_window,double_top,neckline_break_retest,157.53600000,PERIOD_M5,PERIOD_H1,PERIOD_M15,PERIOD_M5,PERIOD_M5,false,htf_soft_alignment,current_post_filter,transcript_post_filter,dow_trend_up_hh_hl,no_ordered_dow_wave3_break,dow_trend_up_hh_hl,no_ordered_dow_wave3_break,false,false,true,SHORT,PERIOD_M5,double_top,double_top,4.200,none,0.000,double_top,4.200,none,0.000,SHORT,false,PERIOD_H1_LONG_dow_trend_up_hh_hl|PERIOD_M15_NONE_no_ordered_dow_wave3_break,true,h1_counter_m15_reversal,true,top_LONG_dow_trend_up_hh_hl|structure_NONE_no_ordered_dow_wave3_break|structure_break_recent_confirmed_swing_break_failed|primary_break_recent_confirmed_swing_break_retest,none,below_75sma_falling,above_75sma_rising,below_75sma_falling,-1,0.00000000,0,157.52500000,false,off,NONE,NONE,0.00000000,0.00000000,0.0000,none,0.000,true,SHORT,return_low_break_or_bos_down,157.35700000,3,157.71300000,157.35700000,false,off,independent,false,,,false,0.0000,none,0.0000,0.0000,none,0.0000,0.0000,0.0000,none,0.0000,0,0,0.0000,none,none,none,none,0.0000,0,0.0000,none,false,true,not_evaluated,true,required_light_or_anchor_flip,short_bias,157.10900000,2025.01.14 01:30:00,157.71300000,2025.01.14 07:30:00,2025.01.14 09:15:00,false,NONE,0.00000000,0.00000000,0.0000,-1,false,,-1,NONE,0.00000000,0.00000000,0.0000,0.0000,none,,none,false,NONE,-1,-1,-1,false,false,none,true,false,false,true,none,true,required,false,PERIOD_M5,,,-1,0.0000,false,0.00000000,0.0000,false,0.0000,false,none,none,false,no_anchor_flip_in_entry_direction,true,required_first_signal_only,SHORT,unknown,0.00000000,,0.00000000,,false,,-1,false,NONE,0.00000000,,0.00000000,0.0000,0.0000,none,-1,false,false,false,no_anchor_flip_in_entry_direction,,,,false,false,false,-1,-1,-1,-1,-1,false,false,false,0.0000,falling_n,false,158.01700000,157.23200000,4.9460,false,0.0000,0.0000,0,none,true,0.4556,preferred_382_618,0.200,diagnostic_only,diagnostic_only,diagnostic_only,shallow_pullback,10,0.440,true,none,0.590,high_quality,false,false,diagnostic_only,both,true,none,true,diagnostic_adjacent_detected,required_light,false,false,LONG,7,false,false,0,2025.01.14 08:35:00,2025.01.14 09:45:00,6,4.2365,0.00000000,157.29000000,157.29000000,false,false,none,0.00000000,false,0.0000,0.0000,false,1,0.0000,false,-1,0.00000000,0.0000,off,false,not_evaluated,none,0.0000,0.0000,none,false,false,false,0.0000,none,false,none,0.0000,false,none,3.1409,1.3757,2.2832,0.0000,true,strong_exhaustion,0.0000,none,none,false,false,none,0.0000,0.0000,0.0000,0.0000,none,false,false,0.0000,0.0000,false,false,-1,none,none,false,0.000,0.000,157.53000000,157.47550000,157.47550000,recent_equal_highs,0.01950000,0.1364,neckline_level,157.53600000,0.4991,false,true,true,false,not_blocked,6,3,3,m5_failure_exit,off,none,0.00000000,0.0000,1.30,157.30900000,4.200,-0.300,0.200,PERIOD_M15,157.71300000,157.35700000,0.3876,preferred_382_618,0.000,true,157.49500000,157.63800000,0.14300000,157.30900000,1.301,0.08214286,18.00,0-30,true,false,none,blocked_spread_too_high,4.500,4.500,none,0.0000,false,neckline_retest_failed,false,not_invalidated,spread_too_high
2025.01.14 16:25:00,signal,session_reversal_pullback_one_symbol_first120,EURUSD,LONG,2025.01.14 16:20:00,16,13,22,london_newyork_overlap,2025.01.14 13:00,20,first_120min,true,true,3,EURUSD,highest_score_in_session_bar,london_newyork_overlap=USDJPY|EURJPY|GBPJPY|AUDJPY|EURUSD|GBPUSD,existing_first120_gate,london_newyork_overlap,false,false,true,passed_first_window,double_bottom,neckline_break_retest,1.02552000,PERIOD_M5,PERIOD_H1,PERIOD_M15,PERIOD_M5,PERIOD_M5,false,htf_soft_alignment,current_post_filter,transcript_post_filter,dow_range_or_transition,no_ordered_dow_wave3_break,dow_range_or_transition,no_ordered_dow_wave3_break,false,true,false,LONG,PERIOD_M5,double_bottom,double_bottom,4.200,none,0.000,double_bottom,4.200,none,0.000,LONG,false,PERIOD_H1_NONE_dow_range_or_transition|PERIOD_M15_NONE_no_ordered_dow_wave3_break,true,h1_counter_m15_reversal,true,top_NONE_dow_range_or_transition|structure_NONE_no_ordered_dow_wave3_break|structure_break_recent_confirmed_swing_break_failed|primary_break_recent_confirmed_swing_break_continuation,none,below_75sma_falling,above_75sma_rising,above_75sma_flat_or_falling,-1,0.00000000,0,1.02510000,false,off,NONE,NONE,0.00000000,0.00000000,0.0000,none,0.000,true,LONG,return_high_break_or_bos_up,1.02654000,22,1.02741000,1.02388000,false,off,independent,false,,,false,0.0000,none,0.0000,0.0000,none,0.0000,0.0000,0.0000,none,0.0000,0,0,0.0000,none,none,none,none,0.0000,0,0.0000,none,false,true,not_evaluated,true,required_light_or_anchor_flip,short_bias,1.02491000,2025.01.14 09:45:00,1.02624000,2025.01.14 13:00:00,2025.01.14 14:15:00,false,NONE,0.00000000,0.00000000,0.0000,-1,false,,-1,NONE,0.00000000,0.00000000,0.0000,0.0000,none,,none,false,NONE,-1,-1,-1,false,false,none,false,true,false,true,none,true,required,false,PERIOD_M5,,,-1,0.0000,false,0.00000000,0.0000,false,0.0000,false,none,none,false,no_anchor_flip_in_entry_direction,true,required_first_signal_only,LONG,unknown,0.00000000,,0.00000000,,false,,-1,false,NONE,0.00000000,,0.00000000,0.0000,0.0000,none,-1,false,false,false,no_anchor_flip_in_entry_direction,,,,false,false,false,-1,-1,-1,-1,-1,false,false,false,0.0000,falling_n,false,1.02741000,1.02388000,3.3942,false,0.0000,0.0000,0,none,true,0.4108,preferred_382_618,0.200,diagnostic_only,diagnostic_only,diagnostic_only,shallow_pullback,7,0.490,true,none,0.640,high_quality,false,false,diagnostic_only,both,true,none,true,diagnostic_adjacent_detected,required_light,false,false,SHORT,4,false,false,0,2025.01.14 13:30:00,2025.01.14 15:30:00,10,3.5290,1.02723000,0.00000000,1.02723000,false,false,none,0.00000000,false,0.0000,0.0000,false,1,0.0000,false,-1,0.00000000,0.0000,off,false,not_evaluated,none,0.0000,0.0000,none,false,false,false,0.0000,none,false,none,0.0000,false,none,3.3183,2.3281,1.4253,0.0000,true,strong_exhaustion,0.0000,none,none,false,false,none,0.0000,0.0000,0.0000,0.0000,none,false,false,0.0000,0.0000,false,false,-1,none,none,false,0.000,0.000,1.02611000,1.02552000,1.02611000,recent_rejection_zone,0.00015000,0.1000,session_high|opening_range_high|neckline_level,1.02611000,0.1580,false,true,true,false,not_blocked,5,3,2,m5_failure_exit,off,none,0.00000000,0.0000,1.30,1.02791000,4.200,-0.300,0.200,PERIOD_M15,1.02741000,1.02388000,0.4108,preferred_382_618,0.000,true,1.02596000,1.02446000,0.00150000,1.02791000,1.300,0.00094929,18.00,0-30,true,false,none,not_consumed,4.500,4.500,none,0.0000,false,opposite_break_first,true,opposite_break_first,session_invalidated
2025.01.14 16:25:00,blocked,session_reversal_pullback_one_symbol_first120,EURUSD,LONG,2025.01.14 16:20:00,16,13,22,london_newyork_overlap,2025.01.14 13:00,20,first_120min,true,true,3,EURUSD,highest_score_in_session_bar,london_newyork_overlap=USDJPY|EURJPY|GBPJPY|AUDJPY|EURUSD|GBPUSD,existing_first120_gate,london_newyork_overlap,false,false,true,passed_first_window,double_bottom,neckline_break_retest,1.02552000,PERIOD_M5,PERIOD_H1,PERIOD_M15,PERIOD_M5,PERIOD_M5,false,htf_soft_alignment,current_post_filter,transcript_post_filter,dow_range_or_transition,no_ordered_dow_wave3_break,dow_range_or_transition,no_ordered_dow_wave3_break,false,true,false,LONG,PERIOD_M5,double_bottom,double_bottom,4.200,none,0.000,double_bottom,4.200,none,0.000,LONG,false,PERIOD_H1_NONE_dow_range_or_transition|PERIOD_M15_NONE_no_ordered_dow_wave3_break,true,h1_counter_m15_reversal,true,top_NONE_dow_range_or_transition|structure_NONE_no_ordered_dow_wave3_break|structure_break_recent_confirmed_swing_break_failed|primary_break_recent_confirmed_swing_break_continuation,none,below_75sma_falling,above_75sma_rising,above_75sma_flat_or_falling,-1,0.00000000,0,1.02510000,false,off,NONE,NONE,0.00000000,0.00000000,0.0000,none,0.000,true,LONG,return_high_break_or_bos_up,1.02654000,22,1.02741000,1.02388000,false,off,independent,false,,,false,0.0000,none,0.0000,0.0000,none,0.0000,0.0000,0.0000,none,0.0000,0,0,0.0000,none,none,none,none,0.0000,0,0.0000,none,false,true,not_evaluated,true,required_light_or_anchor_flip,short_bias,1.02491000,2025.01.14 09:45:00,1.02624000,2025.01.14 13:00:00,2025.01.14 14:15:00,false,NONE,0.00000000,0.00000000,0.0000,-1,false,,-1,NONE,0.00000000,0.00000000,0.0000,0.0000,none,,none,false,NONE,-1,-1,-1,false,false,none,false,true,false,true,none,true,required,false,PERIOD_M5,,,-1,0.0000,false,0.00000000,0.0000,false,0.0000,false,none,none,false,no_anchor_flip_in_entry_direction,true,required_first_signal_only,LONG,unknown,0.00000000,,0.00000000,,false,,-1,false,NONE,0.00000000,,0.00000000,0.0000,0.0000,none,-1,false,false,false,no_anchor_flip_in_entry_direction,,,,false,false,false,-1,-1,-1,-1,-1,false,false,false,0.0000,falling_n,false,1.02741000,1.02388000,3.3942,false,0.0000,0.0000,0,none,true,0.4108,preferred_382_618,0.200,diagnostic_only,diagnostic_only,diagnostic_only,shallow_pullback,7,0.490,true,none,0.640,high_quality,false,false,diagnostic_only,both,true,none,true,diagnostic_adjacent_detected,required_light,false,false,SHORT,4,false,false,0,2025.01.14 13:30:00,2025.01.14 15:30:00,10,3.5290,1.02723000,0.00000000,1.02723000,false,false,none,0.00000000,false,0.0000,0.0000,false,1,0.0000,false,-1,0.00000000,0.0000,off,false,not_evaluated,none,0.0000,0.0000,none,false,false,false,0.0000,none,false,none,0.0000,false,none,3.3183,2.3281,1.4253,0.0000,true,strong_exhaustion,0.0000,none,none,false,false,none,0.0000,0.0000,0.0000,0.0000,none,false,false,0.0000,0.0000,false,false,-1,none,none,false,0.000,0.000,1.02611000,1.02552000,1.02611000,recent_rejection_zone,0.00015000,0.1000,session_high|opening_range_high|neckline_level,1.02611000,0.1580,false,true,true,false,not_blocked,5,3,2,m5_failure_exit,off,none,0.00000000,0.0000,1.30,1.02791000,4.200,-0.300,0.200,PERIOD_M15,1.02741000,1.02388000,0.4108,preferred_382_618,0.000,true,1.02596000,1.02446000,0.00150000,1.02791000,1.300,0.00094929,18.00,0-30,true,false,none,blocked_session_invalidated,4.500,4.500,none,0.0000,false,opposite_break_first,true,opposite_break_first,session_invalidated
2025.01.15 04:45:01,signal,session_reversal_pullback_one_symbol_first120,GBPJPY,LONG,2025.01.15 04:40:00,4,1,10,tokyo,2025.01.15 00:00,100,first_120min,false,true,3,GBPJPY,highest_score_in_session_bar,tokyo=USDJPY|EURJPY|GBPJPY|AUDJPY,existing_first120_gate,tokyo,false,false,true,passed_first_window,sweep_low_reclaim,sweep_reclaim_retest,192.55800000,PERIOD_M5,PERIOD_H1,PERIOD_M15,PERIOD_M5,PERIOD_M5,false,htf_soft_alignment,current_post_filter,transcript_post_filter,dow_trend_down_ll_lh,ordered_dow_wave3_break_below_swing_low,dow_trend_down_ll_lh,ordered_dow_wave3_break_below_swing_low,false,true,false,LONG,PERIOD_M5,sweep_low_reclaim,sweep_low_reclaim,3.400,none,0.000,sweep_low_reclaim,3.400,none,0.000,LONG,false,PERIOD_H1_SHORT_dow_trend_down_ll_lh|PERIOD_M15_SHORT_ordered_dow_wave3_break_below_swing_low,true,h1_counter_m15_reversal,true,top_SHORT_dow_trend_down_ll_lh|structure_SHORT_ordered_dow_wave3_break_below_swing_low|structure_break_recent_confirmed_swing_break_failed|primary_break_no_recent_confirmed_swing_break,none,above_75sma_flat_or_falling,above_75sma_rising,below_75sma_falling,-1,0.00000000,-1,0.00000000,false,off,NONE,NONE,0.00000000,0.00000000,0.0000,none,0.000,true,LONG,return_high_break_or_bos_up,192.96600000,11,192.98200000,192.56300000,false,off,independent,false,,,false,0.0000,none,0.0000,0.0000,none,0.0000,0.0000,0.0000,none,0.0000,0,0,0.0000,none,none,none,none,0.0000,0,0.0000,none,false,true,not_evaluated,true,required_light_or_anchor_flip,short_bias,192.54500000,2025.01.14 22:00:00,192.93400000,2025.01.15 03:00:00,2025.01.15 03:45:00,false,NONE,0.00000000,0.00000000,0.0000,-1,false,,-1,NONE,0.00000000,0.00000000,0.0000,0.0000,none,,none,false,NONE,-1,-1,-1,false,false,none,false,true,false,true,none,true,required,false,PERIOD_M5,,,-1,0.0000,false,0.00000000,0.0000,false,0.0000,false,none,none,false,no_anchor_flip_in_entry_direction,true,required_first_signal_only,LONG,unknown,0.00000000,,0.00000000,,false,,-1,false,NONE,0.00000000,,0.00000000,0.0000,0.0000,none,-1,false,false,false,no_anchor_flip_in_entry_direction,,,,false,false,false,-1,-1,-1,-1,-1,false,false,false,0.0000,falling_n,false,192.98200000,192.56300000,3.6916,false,0.0000,0.0000,0,none,true,0.7876,too_deep,0.000,diagnostic_only,diagnostic_only,diagnostic_only,fib_pullback,24,0.250,true,none,0.400,medium_quality,false,false,diagnostic_only,both,true,none,true,diagnostic_adjacent_detected,required_light,false,false,SHORT,4,false,false,2,2025.01.15 02:00:00,2025.01.15 03:55:00,9,6.5615,192.93400000,0.00000000,192.93400000,false,false,none,0.00000000,false,0.0000,0.0000,false,1,0.0000,false,-1,0.00000000,0.0000,off,false,not_evaluated,none,0.0000,0.0000,none,false,false,false,0.0000,none,false,none,0.0000,false,none,5.8098,4.5570,1.2749,2.0045,false,no_shrink,0.0000,none,none,false,false,none,0.0000,0.0000,0.0000,0.0000,none,false,false,0.0000,0.0000,false,false,-1,none,none,false,0.000,0.000,192.69100000,192.64018182,192.69100000,pre_session_low,0.03900000,0.3197,neckline_level,192.55800000,1.4720,false,true,false,false,not_blocked,3,3,0,m5_failure_exit,off,none,0.00000000,0.0000,1.30,192.81100000,3.400,-0.300,0.200,PERIOD_M15,192.93400000,192.80500000,2.1860,outside,0.000,true,192.65200000,192.53000000,0.12200000,192.81100000,1.303,0.06385714,38.00,90-120,true,false,none,not_consumed,3.500,3.500,none,0.0000,false,opposite_break_first,true,opposite_break_first,spread_too_high
2025.01.15 04:45:01,blocked,session_reversal_pullback_one_symbol_first120,GBPJPY,LONG,2025.01.15 04:40:00,4,1,10,tokyo,2025.01.15 00:00,100,first_120min,false,true,3,GBPJPY,highest_score_in_session_bar,tokyo=USDJPY|EURJPY|GBPJPY|AUDJPY,existing_first120_gate,tokyo,false,false,true,passed_first_window,sweep_low_reclaim,sweep_reclaim_retest,192.55800000,PERIOD_M5,PERIOD_H1,PERIOD_M15,PERIOD_M5,PERIOD_M5,false,htf_soft_alignment,current_post_filter,transcript_post_filter,dow_trend_down_ll_lh,ordered_dow_wave3_break_below_swing_low,dow_trend_down_ll_lh,ordered_dow_wave3_break_below_swing_low,false,true,false,LONG,PERIOD_M5,sweep_low_reclaim,sweep_low_reclaim,3.400,none,0.000,sweep_low_reclaim,3.400,none,0.000,LONG,false,PERIOD_H1_SHORT_dow_trend_down_ll_lh|PERIOD_M15_SHORT_ordered_dow_wave3_break_below_swing_low,true,h1_counter_m15_reversal,true,top_SHORT_dow_trend_down_ll_lh|structure_SHORT_ordered_dow_wave3_break_below_swing_low|structure_break_recent_confirmed_swing_break_failed|primary_break_no_recent_confirmed_swing_break,none,above_75sma_flat_or_falling,above_75sma_rising,below_75sma_falling,-1,0.00000000,-1,0.00000000,false,off,NONE,NONE,0.00000000,0.00000000,0.0000,none,0.000,true,LONG,return_high_break_or_bos_up,192.96600000,11,192.98200000,192.56300000,false,off,independent,false,,,false,0.0000,none,0.0000,0.0000,none,0.0000,0.0000,0.0000,none,0.0000,0,0,0.0000,none,none,none,none,0.0000,0,0.0000,none,false,true,not_evaluated,true,required_light_or_anchor_flip,short_bias,192.54500000,2025.01.14 22:00:00,192.93400000,2025.01.15 03:00:00,2025.01.15 03:45:00,false,NONE,0.00000000,0.00000000,0.0000,-1,false,,-1,NONE,0.00000000,0.00000000,0.0000,0.0000,none,,none,false,NONE,-1,-1,-1,false,false,none,false,true,false,true,none,true,required,false,PERIOD_M5,,,-1,0.0000,false,0.00000000,0.0000,false,0.0000,false,none,none,false,no_anchor_flip_in_entry_direction,true,required_first_signal_only,LONG,unknown,0.00000000,,0.00000000,,false,,-1,false,NONE,0.00000000,,0.00000000,0.0000,0.0000,none,-1,false,false,false,no_anchor_flip_in_entry_direction,,,,false,false,false,-1,-1,-1,-1,-1,false,false,false,0.0000,falling_n,false,192.98200000,192.56300000,3.6916,false,0.0000,0.0000,0,none,true,0.7876,too_deep,0.000,diagnostic_only,diagnostic_only,diagnostic_only,fib_pullback,24,0.250,true,none,0.400,medium_quality,false,false,diagnostic_only,both,true,none,true,diagnostic_adjacent_detected,required_light,false,false,SHORT,4,false,false,2,2025.01.15 02:00:00,2025.01.15 03:55:00,9,6.5615,192.93400000,0.00000000,192.93400000,false,false,none,0.00000000,false,0.0000,0.0000,false,1,0.0000,false,-1,0.00000000,0.0000,off,false,not_evaluated,none,0.0000,0.0000,none,false,false,false,0.0000,none,false,none,0.0000,false,none,5.8098,4.5570,1.2749,2.0045,false,no_shrink,0.0000,none,none,false,false,none,0.0000,0.0000,0.0000,0.0000,none,false,false,0.0000,0.0000,false,false,-1,none,none,false,0.000,0.000,192.69100000,192.64018182,192.69100000,pre_session_low,0.03900000,0.3197,neckline_level,192.55800000,1.4720,false,true,false,false,not_blocked,3,3,0,m5_failure_exit,off,none,0.00000000,0.0000,1.30,192.81100000,3.400,-0.300,0.200,PERIOD_M15,192.93400000,192.80500000,2.1860,outside,0.000,true,192.65200000,192.53000000,0.12200000,192.81100000,1.303,0.06385714,38.00,90-120,true,false,none,blocked_spread_too_high,3.500,3.500,none,0.0000,false,opposite_break_first,true,opposite_break_first,spread_too_high
2025.01.15 11:05:00,signal,session_reversal_pullback_one_symbol_first120,EURUSD,SHORT,2025.01.15 11:00:00,11,8,17,london,2025.01.15 07:00,60,first_120min,false,true,3,EURUSD,highest_score_in_session_bar,london=USDJPY|EURJPY|GBPJPY|AUDJPY|EURUSD|GBPUSD,existing_first120_gate,london,true,false,true,passed_first_window,head_and_shoulders,neckline_break_retest,1.03008000,PERIOD_M5,PERIOD_H1,PERIOD_M15,PERIOD_M5,PERIOD_M5,false,htf_soft_alignment,current_post_filter,transcript_post_filter,dow_trend_up_hh_hl,no_ordered_dow_wave3_break,dow_trend_up_hh_hl,no_ordered_dow_wave3_break,false,true,true,SHORT,PERIOD_M5,head_and_shoulders,head_and_shoulders,4.500,none,0.000,head_and_shoulders,4.500,none,0.000,SHORT,true,PERIOD_H1_LONG_dow_trend_up_hh_hl|PERIOD_M15_NONE_no_ordered_dow_wave3_break,true,h1_counter_m15_reversal,true,top_LONG_dow_trend_up_hh_hl|structure_NONE_no_ordered_dow_wave3_break|structure_break_recent_confirmed_swing_break_retest|primary_break_recent_confirmed_swing_break_failed,none,above_75sma_rising,below_75sma_flat_or_rising,above_75sma_flat_or_falling,0,1.02968000,-1,0.00000000,false,off,NONE,NONE,0.00000000,0.00000000,0.0000,none,0.000,true,SHORT,return_low_break_or_bos_down,1.02968000,0,1.03162000,1.02859000,false,off,independent,false,,,false,0.0000,none,0.0000,0.0000,none,0.0000,0.0000,0.0000,none,0.0000,0,0,0.0000,none,none,none,none,0.0000,0,0.0000,none,false,true,not_evaluated,true,required_light_or_anchor_flip,long_bias,1.02859000,2025.01.15 09:15:00,1.02979000,2025.01.15 08:30:00,2025.01.15 10:00:00,false,NONE,0.00000000,0.00000000,0.0000,-1,false,,-1,NONE,0.00000000,0.00000000,0.0000,0.0000,none,,none,false,NONE,-1,-1,-1,false,false,none,false,true,false,true,none,true,required,false,PERIOD_M5,,,-1,0.0000,false,0.00000000,0.0000,false,0.0000,false,none,none,false,no_anchor_flip_in_entry_direction,true,required_first_signal_only,SHORT,unknown,0.00000000,,0.00000000,,false,,-1,false,NONE,0.00000000,,0.00000000,0.0000,0.0000,none,-1,false,false,false,no_anchor_flip_in_entry_direction,,,,false,false,false,-1,-1,-1,-1,-1,false,false,false,0.0000,range_n,true,1.03162000,1.02859000,4.1752,false,0.0000,0.0000,0,none,true,0.4719,preferred_382_618,0.200,diagnostic_only,diagnostic_only,diagnostic_only,deep_pullback,24,0.450,true,none,0.600,high_quality,false,false,diagnostic_only,both,true,none,true,diagnostic_adjacent_detected,required_light,false,false,LONG,4,false,false,1,2025.01.15 08:00:00,2025.01.15 10:10:00,10,5.7402,0.00000000,1.02859000,1.02859000,false,false,none,0.00000000,false,0.0000,0.0000,false,1,0.0000,false,-1,0.00000000,0.0000,off,false,not_evaluated,none,0.0000,0.0000,none,false,false,false,0.0000,none,false,none,0.0000,false,none,5.7402,1.0609,5.4107,3.6942,false,no_shrink,0.0000,none,none,false,false,none,0.0000,0.0000,0.0000,0.0000,none,false,false,0.0000,0.0000,false,false,-1,none,none,false,0.000,0.000,1.03008000,1.02980826,1.02980826,recent_equal_highs,0.00021174,0.1340,neckline_level,1.03008000,0.1137,false,true,true,false,not_blocked,10,5,5,m5_failure_exit,off,none,0.00000000,0.0000,1.30,1.02796000,4.500,-0.300,0.200,PERIOD_M15,1.03045000,1.02859000,0.7688,deep_618_786,0.000,true,1.03002000,1.03160000,0.00158000,1.02796000,1.304,0.00052786,18.00,60-90,true,false,none,not_consumed,4.950,4.950,none,0.0000,false,opposite_break_first,true,opposite_break_first,spread_too_high
2025.01.15 11:05:00,blocked,session_reversal_pullback_one_symbol_first120,EURUSD,SHORT,2025.01.15 11:00:00,11,8,17,london,2025.01.15 07:00,60,first_120min,false,true,3,EURUSD,highest_score_in_session_bar,london=USDJPY|EURJPY|GBPJPY|AUDJPY|EURUSD|GBPUSD,existing_first120_gate,london,true,false,true,passed_first_window,head_and_shoulders,neckline_break_retest,1.03008000,PERIOD_M5,PERIOD_H1,PERIOD_M15,PERIOD_M5,PERIOD_M5,false,htf_soft_alignment,current_post_filter,transcript_post_filter,dow_trend_up_hh_hl,no_ordered_dow_wave3_break,dow_trend_up_hh_hl,no_ordered_dow_wave3_break,false,true,true,SHORT,PERIOD_M5,head_and_shoulders,head_and_shoulders,4.500,none,0.000,head_and_shoulders,4.500,none,0.000,SHORT,true,PERIOD_H1_LONG_dow_trend_up_hh_hl|PERIOD_M15_NONE_no_ordered_dow_wave3_break,true,h1_counter_m15_reversal,true,top_LONG_dow_trend_up_hh_hl|structure_NONE_no_ordered_dow_wave3_break|structure_break_recent_confirmed_swing_break_retest|primary_break_recent_confirmed_swing_break_failed,none,above_75sma_rising,below_75sma_flat_or_rising,above_75sma_flat_or_falling,0,1.02968000,-1,0.00000000,false,off,NONE,NONE,0.00000000,0.00000000,0.0000,none,0.000,true,SHORT,return_low_break_or_bos_down,1.02968000,0,1.03162000,1.02859000,false,off,independent,false,,,false,0.0000,none,0.0000,0.0000,none,0.0000,0.0000,0.0000,none,0.0000,0,0,0.0000,none,none,none,none,0.0000,0,0.0000,none,false,true,not_evaluated,true,required_light_or_anchor_flip,long_bias,1.02859000,2025.01.15 09:15:00,1.02979000,2025.01.15 08:30:00,2025.01.15 10:00:00,false,NONE,0.00000000,0.00000000,0.0000,-1,false,,-1,NONE,0.00000000,0.00000000,0.0000,0.0000,none,,none,false,NONE,-1,-1,-1,false,false,none,false,true,false,true,none,true,required,false,PERIOD_M5,,,-1,0.0000,false,0.00000000,0.0000,false,0.0000,false,none,none,false,no_anchor_flip_in_entry_direction,true,required_first_signal_only,SHORT,unknown,0.00000000,,0.00000000,,false,,-1,false,NONE,0.00000000,,0.00000000,0.0000,0.0000,none,-1,false,false,false,no_anchor_flip_in_entry_direction,,,,false,false,false,-1,-1,-1,-1,-1,false,false,false,0.0000,range_n,true,1.03162000,1.02859000,4.1752,false,0.0000,0.0000,0,none,true,0.4719,preferred_382_618,0.200,diagnostic_only,diagnostic_only,diagnostic_only,deep_pullback,24,0.450,true,none,0.600,high_quality,false,false,diagnostic_only,both,true,none,true,diagnostic_adjacent_detected,required_light,false,false,LONG,4,false,false,1,2025.01.15 08:00:00,2025.01.15 10:10:00,10,5.7402,0.00000000,1.02859000,1.02859000,false,false,none,0.00000000,false,0.0000,0.0000,false,1,0.0000,false,-1,0.00000000,0.0000,off,false,not_evaluated,none,0.0000,0.0000,none,false,false,false,0.0000,none,false,none,0.0000,false,none,5.7402,1.0609,5.4107,3.6942,false,no_shrink,0.0000,none,none,false,false,none,0.0000,0.0000,0.0000,0.0000,none,false,false,0.0000,0.0000,false,false,-1,none,none,false,0.000,0.000,1.03008000,1.02980826,1.02980826,recent_equal_highs,0.00021174,0.1340,neckline_level,1.03008000,0.1137,false,true,true,false,not_blocked,10,5,5,m5_failure_exit,off,none,0.00000000,0.0000,1.30,1.02796000,4.500,-0.300,0.200,PERIOD_M15,1.03045000,1.02859000,0.7688,deep_618_786,0.000,true,1.03002000,1.03160000,0.00158000,1.02796000,1.304,0.00052786,18.00,60-90,true,false,none,blocked_spread_too_high,4.950,4.950,none,0.0000,false,opposite_break_first,true,opposite_break_first,spread_too_high
2025.01.15 16:30:00,signal,session_reversal_pullback_one_symbol_first120,GBPJPY,LONG,2025.01.15 16:25:00,16,13,22,london_newyork_overlap,2025.01.15 13:00,25,first_120min,true,true,3,GBPJPY,highest_score_in_session_bar,london_newyork_overlap=USDJPY|EURJPY|GBPJPY|AUDJPY|EURUSD|GBPUSD,existing_first120_gate,london_newyork_overlap,true,false,true,passed_first_window,double_bottom,neckline_break_retest,191.74200000,PERIOD_M5,PERIOD_H1,PERIOD_M15,PERIOD_M5,PERIOD_M5,false,htf_soft_alignment,current_post_filter,transcript_post_filter,dow_trend_down_ll_lh,no_ordered_dow_wave3_break,dow_trend_down_ll_lh,no_ordered_dow_wave3_break,false,true,false,LONG,PERIOD_M5,double_bottom,double_bottom,4.200,none,0.000,double_bottom,4.200,none,0.000,LONG,false,PERIOD_H1_SHORT_dow_trend_down_ll_lh|PERIOD_M15_NONE_no_ordered_dow_wave3_break,true,h1_counter_m15_reversal,true,top_SHORT_dow_trend_down_ll_lh|structure_NONE_no_ordered_dow_wave3_break|structure_break_recent_confirmed_swing_break_failed|primary_break_recent_confirmed_swing_break_failed,none,above_75sma_flat_or_falling,below_75sma_falling,above_75sma_rising,-1,0.00000000,-1,0.00000000,false,off,NONE,NONE,0.00000000,0.00000000,0.0000,none,0.000,true,LONG,return_high_break_or_bos_up,191.99500000,1,191.99500000,191.52900000,false,off,independent,false,,,false,0.0000,none,0.0000,0.0000,none,0.0000,0.0000,0.0000,none,0.0000,0,0,0.0000,none,none,none,none,0.0000,0,0.0000,none,false,true,not_evaluated,true,required_light_or_anchor_flip,bias_flip_up,191.62200000,2025.01.15 12:45:00,191.99500000,2025.01.15 13:45:00,2025.01.15 14:45:00,true,LONG,191.99500000,192.10200000,0.4207,3,true,2025.01.15 15:30:00,3,LONG,191.99500000,192.10200000,0.4207,0.7666,strong,2025.01.15 16:00:00,first_after_anchor,true,LONG,3,1,3,true,false,fresh_0_4,true,false,false,true,none,true,required,true,PERIOD_M5,2025.01.15 15:35:00,2025.01.15 16:05:00,11,0.1274,true,191.99500000,0.1274,false,0.0000,true,m5_bullish_close_after_anchor_retest,clean_retest_reconfirm,true,none,true,required_first_signal_only,LONG,no_confirmed_micro_anchor,0.00000000,,0.00000000,,false,,-1,false,NONE,0.00000000,,0.00000000,0.0000,0.0000,none,-1,false,false,false,insufficient_confirmed_m5_pivots,GBPJPY|LONG|1736955000|191.995,,,false,false,false,-1,-1,-1,-1,-1,false,false,false,0.0000,range_n,true,191.99500000,191.33600000,2.5908,true,0.7666,0.6991,2,strong,true,0.5038,preferred_382_618,0.200,diagnostic_only,diagnostic_only,diagnostic_only,shallow_pullback,6,0.440,true,none,0.590,high_quality,false,false,diagnostic_only,both,true,none,true,diagnostic_adjacent_detected,required_light,false,false,SHORT,3,false,false,0,,,-1,0.0000,0.00000000,0.00000000,0.00000000,false,false,none,0.00000000,false,0.0000,0.0000,false,1,0.0000,false,-1,0.00000000,0.0000,off,false,not_evaluated,none,0.0000,0.0000,none,false,false,false,0.0000,none,false,none,0.0000,false,none,0.0000,0.0000,0.0000,0.0000,false,none,0.0000,none,none,false,false,none,0.0000,0.0000,0.0000,0.0000,none,false,false,0.0000,0.0000,false,false,-1,none,none,false,0.000,0.000,191.90350000,191.75200000,191.90350000,recent_equal_lows,0.04850000,0.2636,neckline_level,191.74200000,0.5332,false,true,true,false,not_blocked,4,1,3,m5_failure_exit,off,none,0.00000000,0.0000,1.30,192.09400000,4.200,-0.300,0.200,PERIOD_M15,191.99500000,191.52900000,0.3004,outside,0.000,true,191.85500000,191.67100000,0.18400000,192.09400000,1.299,0.21192857,38.00,0-30,true,false,none,not_consumed,4.300,4.300,none,0.0000,false,opposite_break_first,true,opposite_break_first,session_invalidated
2025.01.15 16:30:00,blocked,session_reversal_pullback_one_symbol_first120,GBPJPY,LONG,2025.01.15 16:25:00,16,13,22,london_newyork_overlap,2025.01.15 13:00,25,first_120min,true,true,3,GBPJPY,highest_score_in_session_bar,london_newyork_overlap=USDJPY|EURJPY|GBPJPY|AUDJPY|EURUSD|GBPUSD,existing_first120_gate,london_newyork_overlap,true,false,true,passed_first_window,double_bottom,neckline_break_retest,191.74200000,PERIOD_M5,PERIOD_H1,PERIOD_M15,PERIOD_M5,PERIOD_M5,false,htf_soft_alignment,current_post_filter,transcript_post_filter,dow_trend_down_ll_lh,no_ordered_dow_wave3_break,dow_trend_down_ll_lh,no_ordered_dow_wave3_break,false,true,false,LONG,PERIOD_M5,double_bottom,double_bottom,4.200,none,0.000,double_bottom,4.200,none,0.000,LONG,false,PERIOD_H1_SHORT_dow_trend_down_ll_lh|PERIOD_M15_NONE_no_ordered_dow_wave3_break,true,h1_counter_m15_reversal,true,top_SHORT_dow_trend_down_ll_lh|structure_NONE_no_ordered_dow_wave3_break|structure_break_recent_confirmed_swing_break_failed|primary_break_recent_confirmed_swing_break_failed,none,above_75sma_flat_or_falling,below_75sma_falling,above_75sma_rising,-1,0.00000000,-1,0.00000000,false,off,NONE,NONE,0.00000000,0.00000000,0.0000,none,0.000,true,LONG,return_high_break_or_bos_up,191.99500000,1,191.99500000,191.52900000,false,off,independent,false,,,false,0.0000,none,0.0000,0.0000,none,0.0000,0.0000,0.0000,none,0.0000,0,0,0.0000,none,none,none,none,0.0000,0,0.0000,none,false,true,not_evaluated,true,required_light_or_anchor_flip,bias_flip_up,191.62200000,2025.01.15 12:45:00,191.99500000,2025.01.15 13:45:00,2025.01.15 14:45:00,true,LONG,191.99500000,192.10200000,0.4207,3,true,2025.01.15 15:30:00,3,LONG,191.99500000,192.10200000,0.4207,0.7666,strong,2025.01.15 16:00:00,first_after_anchor,true,LONG,3,1,3,true,false,fresh_0_4,true,false,false,true,none,true,required,true,PERIOD_M5,2025.01.15 15:35:00,2025.01.15 16:05:00,11,0.1274,true,191.99500000,0.1274,false,0.0000,true,m5_bullish_close_after_anchor_retest,clean_retest_reconfirm,true,none,true,required_first_signal_only,LONG,no_confirmed_micro_anchor,0.00000000,,0.00000000,,false,,-1,false,NONE,0.00000000,,0.00000000,0.0000,0.0000,none,-1,false,false,false,insufficient_confirmed_m5_pivots,GBPJPY|LONG|1736955000|191.995,,,false,false,false,-1,-1,-1,-1,-1,false,false,false,0.0000,range_n,true,191.99500000,191.33600000,2.5908,true,0.7666,0.6991,2,strong,true,0.5038,preferred_382_618,0.200,diagnostic_only,diagnostic_only,diagnostic_only,shallow_pullback,6,0.440,true,none,0.590,high_quality,false,false,diagnostic_only,both,true,none,true,diagnostic_adjacent_detected,required_light,false,false,SHORT,3,false,false,0,,,-1,0.0000,0.00000000,0.00000000,0.00000000,false,false,none,0.00000000,false,0.0000,0.0000,false,1,0.0000,false,-1,0.00000000,0.0000,off,false,not_evaluated,none,0.0000,0.0000,none,false,false,false,0.0000,none,false,none,0.0000,false,none,0.0000,0.0000,0.0000,0.0000,false,none,0.0000,none,none,false,false,none,0.0000,0.0000,0.0000,0.0000,none,false,false,0.0000,0.0000,false,false,-1,none,none,false,0.000,0.000,191.90350000,191.75200000,191.90350000,recent_equal_lows,0.04850000,0.2636,neckline_level,191.74200000,0.5332,false,true,true,false,not_blocked,4,1,3,m5_failure_exit,off,none,0.00000000,0.0000,1.30,192.09400000,4.200,-0.300,0.200,PERIOD_M15,191.99500000,191.52900000,0.3004,outside,0.000,true,191.85500000,191.67100000,0.18400000,192.09400000,1.299,0.21192857,38.00,0-30,true,false,none,blocked_session_invalidated,4.300,4.300,none,0.0000,false,opposite_break_first,true,opposite_break_first,session_invalidated
2025.01.15 19:05:00,signal,session_reversal_pullback_one_symbol_first120,AUDJPY,SHORT,2025.01.15 19:00:00,19,16,1,new_york,2025.01.15 16:00,0,first_120min,true,true,3,AUDJPY,highest_score_in_session_bar,new_york=USDJPY|EURJPY|GBPJPY|AUDJPY|EURUSD|GBPUSD,existing_first120_gate,new_york,false,false,true,passed_first_window,double_top,neckline_break_retest,97.37100000,PERIOD_M5,PERIOD_H1,PERIOD_M15,PERIOD_M5,PERIOD_M5,false,htf_soft_alignment,current_post_filter,transcript_post_filter,dow_range_or_transition,structure_trend_bias_dow_trend_up_hh_hl,dow_range_or_transition,structure_trend_bias_dow_trend_up_hh_hl,false,false,true,SHORT,PERIOD_M5,double_top,double_top,4.200,none,0.000,double_top,4.200,none,0.000,SHORT,false,PERIOD_H1_NONE_dow_range_or_transition|PERIOD_M15_LONG_structure_trend_bias_dow_trend_up_hh_hl,true,h1_counter_m15_reversal,true,top_NONE_dow_range_or_transition|structure_LONG_structure_trend_bias_dow_trend_up_hh_hl|structure_break_recent_confirmed_swing_break_failed|primary_break_recent_confirmed_swing_break_retest,none,above_75sma_flat_or_falling,below_75sma_falling,below_75sma_flat_or_rising,-1,0.00000000,1,97.34500000,false,off,NONE,NONE,0.00000000,0.00000000,0.0000,none,0.000,true,SHORT,return_low_break_or_bos_down,97.27000000,17,97.65000000,97.21600000,false,off,independent,false,,,false,0.0000,none,0.0000,0.0000,none,0.0000,0.0000,0.0000,none,0.0000,0,0,0.0000,none,none,none,none,0.0000,0,0.0000,none,false,true,not_evaluated,true,required_light_or_anchor_flip,short_bias,97.21900000,2025.01.15 14:45:00,97.48400000,2025.01.15 16:45:00,2025.01.15 17:45:00,false,NONE,0.00000000,0.00000000,0.0000,-1,false,,-1,NONE,0.00000000,0.00000000,0.0000,0.0000,none,,none,false,NONE,-1,-1,-1,false,false,none,true,false,false,true,none,true,required,false,PERIOD_M5,,,-1,0.0000,false,0.00000000,0.0000,false,0.0000,false,none,none,false,no_anchor_flip_in_entry_direction,true,required_first_signal_only,SHORT,unknown,0.00000000,,0.00000000,,false,,-1,false,NONE,0.00000000,,0.00000000,0.0000,0.0000,none,-1,false,false,false,no_anchor_flip_in_entry_direction,,,,false,false,false,-1,-1,-1,-1,-1,false,false,false,0.0000,falling_n,false,97.65000000,97.21900000,3.2441,false,0.0000,0.0000,0,none,true,0.3203,shallow_236_382,0.080,diagnostic_only,diagnostic_only,diagnostic_only,fib_pullback,24,0.280,true,none,0.430,high_quality,false,false,diagnostic_only,both,true,none,true,diagnostic_adjacent_detected,required_light,false,false,LONG,5,false,false,0,2025.01.15 16:25:00,2025.01.15 18:25:00,7,4.1253,0.00000000,97.23000000,97.23000000,false,false,none,0.00000000,false,0.0000,0.0000,false,1,0.0000,false,-1,0.00000000,0.0000,off,false,not_evaluated,none,0.0000,0.0000,none,false,false,false,0.0000,none,false,none,0.0000,false,none,3.4107,2.2575,1.5108,0.0000,true,strong_exhaustion,0.0000,none,none,false,false,none,0.0000,0.0000,0.0000,0.0000,none,false,false,0.0000,0.0000,false,false,-1,none,none,false,0.000,0.000,97.35900000,97.33422222,97.33422222,recent_equal_highs,0.02077778,0.2258,neckline_level,97.37100000,0.2599,false,true,true,false,not_blocked,7,4,3,m5_failure_exit,off,none,0.00000000,0.0000,1.30,97.23500000,4.200,-0.300,0.200,PERIOD_M15,97.65000000,97.23000000,0.2976,outside,0.000,true,97.35500000,97.44700000,0.09200000,97.23500000,1.304,0.06157143,28.00,0-30,true,false,none,not_consumed,4.500,4.500,none,0.0000,false,neckline_retest_failed,false,not_invalidated,spread_too_high
2025.01.15 19:05:00,blocked,session_reversal_pullback_one_symbol_first120,AUDJPY,SHORT,2025.01.15 19:00:00,19,16,1,new_york,2025.01.15 16:00,0,first_120min,true,true,3,AUDJPY,highest_score_in_session_bar,new_york=USDJPY|EURJPY|GBPJPY|AUDJPY|EURUSD|GBPUSD,existing_first120_gate,new_york,false,false,true,passed_first_window,double_top,neckline_break_retest,97.37100000,PERIOD_M5,PERIOD_H1,PERIOD_M15,PERIOD_M5,PERIOD_M5,false,htf_soft_alignment,current_post_filter,transcript_post_filter,dow_range_or_transition,structure_trend_bias_dow_trend_up_hh_hl,dow_range_or_transition,structure_trend_bias_dow_trend_up_hh_hl,false,false,true,SHORT,PERIOD_M5,double_top,double_top,4.200,none,0.000,double_top,4.200,none,0.000,SHORT,false,PERIOD_H1_NONE_dow_range_or_transition|PERIOD_M15_LONG_structure_trend_bias_dow_trend_up_hh_hl,true,h1_counter_m15_reversal,true,top_NONE_dow_range_or_transition|structure_LONG_structure_trend_bias_dow_trend_up_hh_hl|structure_break_recent_confirmed_swing_break_failed|primary_break_recent_confirmed_swing_break_retest,none,above_75sma_flat_or_falling,below_75sma_falling,below_75sma_flat_or_rising,-1,0.00000000,1,97.34500000,false,off,NONE,NONE,0.00000000,0.00000000,0.0000,none,0.000,true,SHORT,return_low_break_or_bos_down,97.27000000,17,97.65000000,97.21600000,false,off,independent,false,,,false,0.0000,none,0.0000,0.0000,none,0.0000,0.0000,0.0000,none,0.0000,0,0,0.0000,none,none,none,none,0.0000,0,0.0000,none,false,true,not_evaluated,true,required_light_or_anchor_flip,short_bias,97.21900000,2025.01.15 14:45:00,97.48400000,2025.01.15 16:45:00,2025.01.15 17:45:00,false,NONE,0.00000000,0.00000000,0.0000,-1,false,,-1,NONE,0.00000000,0.00000000,0.0000,0.0000,none,,none,false,NONE,-1,-1,-1,false,false,none,true,false,false,true,none,true,required,false,PERIOD_M5,,,-1,0.0000,false,0.00000000,0.0000,false,0.0000,false,none,none,false,no_anchor_flip_in_entry_direction,true,required_first_signal_only,SHORT,unknown,0.00000000,,0.00000000,,false,,-1,false,NONE,0.00000000,,0.00000000,0.0000,0.0000,none,-1,false,false,false,no_anchor_flip_in_entry_direction,,,,false,false,false,-1,-1,-1,-1,-1,false,false,false,0.0000,falling_n,false,97.65000000,97.21900000,3.2441,false,0.0000,0.0000,0,none,true,0.3203,shallow_236_382,0.080,diagnostic_only,diagnostic_only,diagnostic_only,fib_pullback,24,0.280,true,none,0.430,high_quality,false,false,diagnostic_only,both,true,none,true,diagnostic_adjacent_detected,required_light,false,false,LONG,5,false,false,0,2025.01.15 16:25:00,2025.01.15 18:25:00,7,4.1253,0.00000000,97.23000000,97.23000000,false,false,none,0.00000000,false,0.0000,0.0000,false,1,0.0000,false,-1,0.00000000,0.0000,off,false,not_evaluated,none,0.0000,0.0000,none,false,false,false,0.0000,none,false,none,0.0000,false,none,3.4107,2.2575,1.5108,0.0000,true,strong_exhaustion,0.0000,none,none,false,false,none,0.0000,0.0000,0.0000,0.0000,none,false,false,0.0000,0.0000,false,false,-1,none,none,false,0.000,0.000,97.35900000,97.33422222,97.33422222,recent_equal_highs,0.02077778,0.2258,neckline_level,97.37100000,0.2599,false,true,true,false,not_blocked,7,4,3,m5_failure_exit,off,none,0.00000000,0.0000,1.30,97.23500000,4.200,-0.300,0.200,PERIOD_M15,97.65000000,97.23000000,0.2976,outside,0.000,true,97.35500000,97.44700000,0.09200000,97.23500000,1.304,0.06157143,28.00,0-30,true,false,none,blocked_spread_too_high,4.500,4.500,none,0.0000,false,neckline_retest_failed,false,not_invalidated,spread_too_high
2025.01.16 10:20:00,signal,session_reversal_pullback_one_symbol_first120,EURUSD,SHORT,2025.01.16 10:15:00,10,7,16,london,2025.01.16 07:00,15,first_120min,true,true,3,EURUSD,highest_score_in_session_bar,london=USDJPY|EURJPY|GBPJPY|AUDJPY|EURUSD|GBPUSD,existing_first120_gate,london,false,false,true,passed_first_window,head_and_shoulders,neckline_break_retest,1.02931000,PERIOD_M5,PERIOD_H1,PERIOD_M15,PERIOD_M5,PERIOD_M5,false,htf_soft_alignment,current_post_filter,transcript_post_filter,dow_trend_up_hh_hl,structure_trend_bias_dow_trend_down_ll_lh,dow_trend_up_hh_hl,structure_trend_bias_dow_trend_down_ll_lh,false,true,true,SHORT,PERIOD_M5,head_and_shoulders,head_and_shoulders,4.500,none,0.000,head_and_shoulders,4.500,none,0.000,SHORT,false,PERIOD_H1_LONG_dow_trend_up_hh_hl|PERIOD_M15_SHORT_structure_trend_bias_dow_trend_down_ll_lh,true,h1_counter_m15_reversal,true,top_LONG_dow_trend_up_hh_hl|structure_SHORT_structure_trend_bias_dow_trend_down_ll_lh|structure_break_recent_confirmed_swing_break_failed|primary_break_no_recent_confirmed_swing_break,none,above_75sma_rising,below_75sma_falling,above_75sma_rising,-1,0.00000000,-1,0.00000000,false,off,NONE,NONE,0.00000000,0.00000000,0.0000,none,0.000,true,SHORT,return_low_break_or_bos_down,1.02839000,8,1.03007000,1.02801000,false,off,independent,false,,,false,0.0000,none,0.0000,0.0000,none,0.0000,0.0000,0.0000,none,0.0000,0,0,0.0000,none,none,none,none,0.0000,0,0.0000,none,false,true,not_evaluated,true,required_light_or_anchor_flip,bias_flip_up,1.02837000,2025.01.16 00:00:00,1.02931000,2025.01.16 06:00:00,2025.01.16 07:45:00,true,LONG,1.02931000,1.02973000,0.8776,4,true,2025.01.16 09:00:00,4,LONG,1.02931000,1.02973000,0.8776,1.9015,strong,2025.01.16 09:45:00,first_after_anchor,true,LONG,4,1,4,true,false,fresh_0_4,false,true,false,true,none,true,required,false,PERIOD_M5,,,-1,0.0000,false,0.00000000,0.0000,false,0.0000,false,none,none,false,no_anchor_flip_in_entry_direction,true,required_first_signal_only,SHORT,unknown,0.00000000,,0.00000000,,false,,-1,false,NONE,0.00000000,,0.00000000,0.0000,0.0000,none,-1,false,false,false,no_anchor_flip_in_entry_direction,,,,false,false,false,-1,-1,-1,-1,-1,false,false,false,0.0000,falling_n,false,1.02992000,1.02801000,3.9910,true,1.9015,0.2417,3,strong,true,0.5825,preferred_382_618,0.200,diagnostic_only,diagnostic_only,diagnostic_only,fib_pullback,24,0.450,true,none,0.600,high_quality,false,false,diagnostic_only,both,true,none,true,diagnostic_adjacent_detected,required_light,false,false,LONG,4,false,false,2,2025.01.16 07:45:00,2025.01.16 09:35:00,8,5.0420,0.00000000,1.02832000,1.02832000,false,false,none,0.00000000,false,0.0000,0.0000,false,1,0.0000,false,-1,0.00000000,0.0000,off,false,not_evaluated,none,0.0000,0.0000,none,false,false,false,0.0000,none,false,none,0.0000,false,none,4.2832,2.0315,2.1084,3.0105,false,no_shrink,0.0000,none,none,false,false,none,0.0000,0.0000,0.0000,0.0000,none,false,false,0.0000,0.0000,false,false,-1,none,none,false,0.000,0.000,1.02931000,1.02918000,1.02918000,consolidation_zone,0.00003000,0.0323,neckline_level,1.02931000,0.2448,false,true,true,false,not_blocked,9,6,3,m5_failure_exit,off,none,0.00000000,0.0000,1.30,1.02800000,4.500,-0.300,0.200,PERIOD_M15,1.02931000,1.02801000,0.9231,outside,0.000,true,1.02921000,1.03014000,0.00093000,1.02800000,1.301,0.00040857,18.00,0-30,true,false,none,not_consumed,4.600,4.600,none,0.0000,false,neckline_retest_failed,false,not_invalidated,spread_too_high
2025.01.16 10:20:00,blocked,session_reversal_pullback_one_symbol_first120,EURUSD,SHORT,2025.01.16 10:15:00,10,7,16,london,2025.01.16 07:00,15,first_120min,true,true,3,EURUSD,highest_score_in_session_bar,london=USDJPY|EURJPY|GBPJPY|AUDJPY|EURUSD|GBPUSD,existing_first120_gate,london,false,false,true,passed_first_window,head_and_shoulders,neckline_break_retest,1.02931000,PERIOD_M5,PERIOD_H1,PERIOD_M15,PERIOD_M5,PERIOD_M5,false,htf_soft_alignment,current_post_filter,transcript_post_filter,dow_trend_up_hh_hl,structure_trend_bias_dow_trend_down_ll_lh,dow_trend_up_hh_hl,structure_trend_bias_dow_trend_down_ll_lh,false,true,true,SHORT,PERIOD_M5,head_and_shoulders,head_and_shoulders,4.500,none,0.000,head_and_shoulders,4.500,none,0.000,SHORT,false,PERIOD_H1_LONG_dow_trend_up_hh_hl|PERIOD_M15_SHORT_structure_trend_bias_dow_trend_down_ll_lh,true,h1_counter_m15_reversal,true,top_LONG_dow_trend_up_hh_hl|structure_SHORT_structure_trend_bias_dow_trend_down_ll_lh|structure_break_recent_confirmed_swing_break_failed|primary_break_no_recent_confirmed_swing_break,none,above_75sma_rising,below_75sma_falling,above_75sma_rising,-1,0.00000000,-1,0.00000000,false,off,NONE,NONE,0.00000000,0.00000000,0.0000,none,0.000,true,SHORT,return_low_break_or_bos_down,1.02839000,8,1.03007000,1.02801000,false,off,independent,false,,,false,0.0000,none,0.0000,0.0000,none,0.0000,0.0000,0.0000,none,0.0000,0,0,0.0000,none,none,none,none,0.0000,0,0.0000,none,false,true,not_evaluated,true,required_light_or_anchor_flip,bias_flip_up,1.02837000,2025.01.16 00:00:00,1.02931000,2025.01.16 06:00:00,2025.01.16 07:45:00,true,LONG,1.02931000,1.02973000,0.8776,4,true,2025.01.16 09:00:00,4,LONG,1.02931000,1.02973000,0.8776,1.9015,strong,2025.01.16 09:45:00,first_after_anchor,true,LONG,4,1,4,true,false,fresh_0_4,false,true,false,true,none,true,required,false,PERIOD_M5,,,-1,0.0000,false,0.00000000,0.0000,false,0.0000,false,none,none,false,no_anchor_flip_in_entry_direction,true,required_first_signal_only,SHORT,unknown,0.00000000,,0.00000000,,false,,-1,false,NONE,0.00000000,,0.00000000,0.0000,0.0000,none,-1,false,false,false,no_anchor_flip_in_entry_direction,,,,false,false,false,-1,-1,-1,-1,-1,false,false,false,0.0000,falling_n,false,1.02992000,1.02801000,3.9910,true,1.9015,0.2417,3,strong,true,0.5825,preferred_382_618,0.200,diagnostic_only,diagnostic_only,diagnostic_only,fib_pullback,24,0.450,true,none,0.600,high_quality,false,false,diagnostic_only,both,true,none,true,diagnostic_adjacent_detected,required_light,false,false,LONG,4,false,false,2,2025.01.16 07:45:00,2025.01.16 09:35:00,8,5.0420,0.00000000,1.02832000,1.02832000,false,false,none,0.00000000,false,0.0000,0.0000,false,1,0.0000,false,-1,0.00000000,0.0000,off,false,not_evaluated,none,0.0000,0.0000,none,false,false,false,0.0000,none,false,none,0.0000,false,none,4.2832,2.0315,2.1084,3.0105,false,no_shrink,0.0000,none,none,false,false,none,0.0000,0.0000,0.0000,0.0000,none,false,false,0.0000,0.0000,false,false,-1,none,none,false,0.000,0.000,1.02931000,1.02918000,1.02918000,consolidation_zone,0.00003000,0.0323,neckline_level,1.02931000,0.2448,false,true,true,false,not_blocked,9,6,3,m5_failure_exit,off,none,0.00000000,0.0000,1.30,1.02800000,4.500,-0.300,0.200,PERIOD_M15,1.02931000,1.02801000,0.9231,outside,0.000,true,1.02921000,1.03014000,0.00093000,1.02800000,1.301,0.00040857,18.00,0-30,true,false,none,blocked_spread_too_high,4.600,4.600,none,0.0000,false,neckline_retest_failed,false,not_invalidated,spread_too_high
2025.01.16 19:25:00,signal,session_reversal_pullback_one_symbol_first120,AUDJPY,LONG,2025.01.16 19:20:00,19,16,1,new_york,2025.01.16 16:00,20,first_120min,true,true,3,AUDJPY,highest_score_in_session_bar,new_york=USDJPY|EURJPY|GBPJPY|AUDJPY|EURUSD|GBPUSD,existing_first120_gate,new_york,false,false,true,passed_first_window,inverse_head_and_shoulders,neckline_break_retest,96.65700000,PERIOD_M5,PERIOD_H1,PERIOD_M15,PERIOD_M5,PERIOD_M5,false,htf_soft_alignment,current_post_filter,transcript_post_filter,dow_range_or_transition,structure_trend_bias_dow_trend_up_hh_hl,dow_range_or_transition,structure_trend_bias_dow_trend_up_hh_hl,false,true,false,LONG,PERIOD_M5,inverse_head_and_shoulders,inverse_head_and_shoulders,4.500,none,0.000,inverse_head_and_shoulders,4.500,none,0.000,LONG,false,PERIOD_H1_NONE_dow_range_or_transition|PERIOD_M15_LONG_structure_trend_bias_dow_trend_up_hh_hl,true,h1_counter_m15_reversal,true,top_NONE_dow_range_or_transition|structure_LONG_structure_trend_bias_dow_trend_up_hh_hl|structure_break_recent_confirmed_swing_break_failed|primary_break_recent_confirmed_swing_break_retest,none,below_75sma_flat_or_rising,below_75sma_falling,above_75sma_flat_or_falling,-1,0.00000000,0,96.71300000,false,off,NONE,NONE,0.00000000,0.00000000,0.0000,none,0.000,true,LONG,return_high_break_or_bos_up,96.83400000,9,96.92200000,96.49500000,false,off,independent,false,,,false,0.0000,none,0.0000,0.0000,none,0.0000,0.0000,0.0000,none,0.0000,0,0,0.0000,none,none,none,none,0.0000,0,0.0000,none,false,true,not_evaluated,true,required_light_or_anchor_flip,bias_flip_down,96.69400000,2025.01.16 16:30:00,96.88900000,2025.01.16 16:00:00,2025.01.16 17:00:00,true,SHORT,96.69400000,96.64200000,0.4404,6,true,2025.01.16 17:30:00,6,SHORT,96.69400000,96.64200000,0.4404,1.2027,strong,2025.01.16 19:00:00,first_after_anchor,true,SHORT,6,0,6,true,false,normal_5_12,false,true,false,true,none,true,required,false,PERIOD_M5,,,-1,0.0000,false,0.00000000,0.0000,false,0.0000,false,none,none,false,no_anchor_flip_in_entry_direction,true,required_first_signal_only,LONG,unknown,0.00000000,,0.00000000,,false,,-1,false,NONE,0.00000000,,0.00000000,0.0000,0.0000,none,-1,false,false,false,no_anchor_flip_in_entry_direction,,,,false,false,false,-1,-1,-1,-1,-1,false,false,false,0.0000,range_n,true,96.92200000,96.64600000,2.3376,true,1.2027,0.0340,6,strong,true,0.3419,shallow_236_382,0.080,diagnostic_only,diagnostic_only,diagnostic_only,shallow_pullback,24,0.280,true,none,0.430,high_quality,false,false,diagnostic_only,both,true,none,true,diagnostic_adjacent_detected,required_light,false,false,SHORT,5,false,false,2,2025.01.16 17:00:00,2025.01.16 18:40:00,8,6.8320,96.71300000,0.00000000,96.71300000,true,true,m5_lh_close_break_up,96.71300000,true,0.5600,1.0880,true,1,0.0000,false,0,96.71300000,0.6080,off,false,not_evaluated,none,0.9125,0.0875,very_strong,false,false,false,0.0000,no_following_closed_bar,false,none,0.0000,false,no_retest,3.4880,4.8960,0.7124,1.9360,false,mild_exhaustion,0.0000,none,none,false,false,none,0.0000,0.0000,0.0000,0.0000,none,false,false,0.0000,0.0000,false,false,-1,none,none,false,0.000,0.000,96.78600000,96.75500000,96.78600000,previous_week_low,0.01000000,0.0535,session_high|opening_range_high|neckline_level,96.75500000,0.3360,false,true,true,false,not_blocked,4,3,1,m5_failure_exit,off,none,0.00000000,0.0000,1.30,97.02000000,4.500,-0.300,0.200,PERIOD_M15,96.92200000,96.69400000,0.6404,deep_618_786,0.000,true,96.77600000,96.58900000,0.18700000,97.02000000,1.305,0.06250000,28.00,0-30,true,false,none,not_consumed,4.800,4.800,none,0.0000,false,opposite_break_first,true,opposite_break_first,spread_too_high
2025.01.16 19:25:00,blocked,session_reversal_pullback_one_symbol_first120,AUDJPY,LONG,2025.01.16 19:20:00,19,16,1,new_york,2025.01.16 16:00,20,first_120min,true,true,3,AUDJPY,highest_score_in_session_bar,new_york=USDJPY|EURJPY|GBPJPY|AUDJPY|EURUSD|GBPUSD,existing_first120_gate,new_york,false,false,true,passed_first_window,inverse_head_and_shoulders,neckline_break_retest,96.65700000,PERIOD_M5,PERIOD_H1,PERIOD_M15,PERIOD_M5,PERIOD_M5,false,htf_soft_alignment,current_post_filter,transcript_post_filter,dow_range_or_transition,structure_trend_bias_dow_trend_up_hh_hl,dow_range_or_transition,structure_trend_bias_dow_trend_up_hh_hl,false,true,false,LONG,PERIOD_M5,inverse_head_and_shoulders,inverse_head_and_shoulders,4.500,none,0.000,inverse_head_and_shoulders,4.500,none,0.000,LONG,false,PERIOD_H1_NONE_dow_range_or_transition|PERIOD_M15_LONG_structure_trend_bias_dow_trend_up_hh_hl,true,h1_counter_m15_reversal,true,top_NONE_dow_range_or_transition|structure_LONG_structure_trend_bias_dow_trend_up_hh_hl|structure_break_recent_confirmed_swing_break_failed|primary_break_recent_confirmed_swing_break_retest,none,below_75sma_flat_or_rising,below_75sma_falling,above_75sma_flat_or_falling,-1,0.00000000,0,96.71300000,false,off,NONE,NONE,0.00000000,0.00000000,0.0000,none,0.000,true,LONG,return_high_break_or_bos_up,96.83400000,9,96.92200000,96.49500000,false,off,independent,false,,,false,0.0000,none,0.0000,0.0000,none,0.0000,0.0000,0.0000,none,0.0000,0,0,0.0000,none,none,none,none,0.0000,0,0.0000,none,false,true,not_evaluated,true,required_light_or_anchor_flip,bias_flip_down,96.69400000,2025.01.16 16:30:00,96.88900000,2025.01.16 16:00:00,2025.01.16 17:00:00,true,SHORT,96.69400000,96.64200000,0.4404,6,true,2025.01.16 17:30:00,6,SHORT,96.69400000,96.64200000,0.4404,1.2027,strong,2025.01.16 19:00:00,first_after_anchor,true,SHORT,6,0,6,true,false,normal_5_12,false,true,false,true,none,true,required,false,PERIOD_M5,,,-1,0.0000,false,0.00000000,0.0000,false,0.0000,false,none,none,false,no_anchor_flip_in_entry_direction,true,required_first_signal_only,LONG,unknown,0.00000000,,0.00000000,,false,,-1,false,NONE,0.00000000,,0.00000000,0.0000,0.0000,none,-1,false,false,false,no_anchor_flip_in_entry_direction,,,,false,false,false,-1,-1,-1,-1,-1,false,false,false,0.0000,range_n,true,96.92200000,96.64600000,2.3376,true,1.2027,0.0340,6,strong,true,0.3419,shallow_236_382,0.080,diagnostic_only,diagnostic_only,diagnostic_only,shallow_pullback,24,0.280,true,none,0.430,high_quality,false,false,diagnostic_only,both,true,none,true,diagnostic_adjacent_detected,required_light,false,false,SHORT,5,false,false,2,2025.01.16 17:00:00,2025.01.16 18:40:00,8,6.8320,96.71300000,0.00000000,96.71300000,true,true,m5_lh_close_break_up,96.71300000,true,0.5600,1.0880,true,1,0.0000,false,0,96.71300000,0.6080,off,false,not_evaluated,none,0.9125,0.0875,very_strong,false,false,false,0.0000,no_following_closed_bar,false,none,0.0000,false,no_retest,3.4880,4.8960,0.7124,1.9360,false,mild_exhaustion,0.0000,none,none,false,false,none,0.0000,0.0000,0.0000,0.0000,none,false,false,0.0000,0.0000,false,false,-1,none,none,false,0.000,0.000,96.78600000,96.75500000,96.78600000,previous_week_low,0.01000000,0.0535,session_high|opening_range_high|neckline_level,96.75500000,0.3360,false,true,true,false,not_blocked,4,3,1,m5_failure_exit,off,none,0.00000000,0.0000,1.30,97.02000000,4.500,-0.300,0.200,PERIOD_M15,96.92200000,96.69400000,0.6404,deep_618_786,0.000,true,96.77600000,96.58900000,0.18700000,97.02000000,1.305,0.06250000,28.00,0-30,true,false,none,blocked_spread_too_high,4.800,4.800,none,0.0000,false,opposite_break_first,true,opposite_break_first,spread_too_high
2025.01.17 03:05:00,signal,session_reversal_pullback_one_symbol_first120,USDJPY,SHORT,2025.01.17 03:00:00,3,0,9,tokyo,2025.01.17 00:00,0,first_120min,true,true,3,USDJPY,highest_score_in_session_bar,tokyo=USDJPY|EURJPY|GBPJPY|AUDJPY,existing_first120_gate,tokyo,false,false,true,passed_first_window,double_top,neckline_break_retest,155.33800000,PERIOD_M5,PERIOD_H1,PERIOD_M15,PERIOD_M5,PERIOD_M5,false,htf_soft_alignment,current_post_filter,transcript_post_filter,dow_range_or_transition,structure_trend_bias_dow_trend_down_ll_lh,dow_range_or_transition,structure_trend_bias_dow_trend_down_ll_lh,false,false,true,SHORT,PERIOD_M5,double_top,double_top,4.200,none,0.000,double_top,4.200,none,0.000,SHORT,false,PERIOD_H1_NONE_dow_range_or_transition|PERIOD_M15_SHORT_structure_trend_bias_dow_trend_down_ll_lh,true,h1_counter_m15_reversal,true,top_NONE_dow_range_or_transition|structure_SHORT_structure_trend_bias_dow_trend_down_ll_lh|structure_break_recent_confirmed_swing_break_retest|primary_break_recent_confirmed_swing_break_failed,none,below_75sma_falling,below_75sma_falling,above_75sma_flat_or_falling,8,155.16500000,-1,0.00000000,false,off,NONE,NONE,0.00000000,0.00000000,0.0000,none,0.000,true,SHORT,return_low_break_or_bos_down,155.16500000,8,155.47900000,155.04000000,false,off,independent,false,,,false,0.0000,none,0.0000,0.0000,none,0.0000,0.0000,0.0000,none,0.0000,0,0,0.0000,none,none,none,none,0.0000,0,0.0000,none,false,true,not_evaluated,true,required_light_or_anchor_flip,long_bias,155.04000000,2025.01.17 00:00:00,155.30800000,2025.01.16 22:00:00,2025.01.17 02:00:00,false,NONE,0.00000000,0.00000000,0.0000,-1,false,,-1,NONE,0.00000000,0.00000000,0.0000,0.0000,none,,none,false,NONE,-1,-1,-1,false,false,none,false,true,false,true,none,true,required,false,PERIOD_M5,,,-1,0.0000,false,0.00000000,0.0000,false,0.0000,false,none,none,false,no_anchor_flip_in_entry_direction,true,required_first_signal_only,SHORT,unknown,0.00000000,,0.00000000,,false,,-1,false,NONE,0.00000000,,0.00000000,0.0000,0.0000,none,-1,false,false,false,no_anchor_flip_in_entry_direction,,,,false,false,false,-1,-1,-1,-1,-1,false,false,false,0.0000,range_n,true,155.47900000,155.04000000,4.2503,false,0.0000,0.0000,0,none,true,0.6150,preferred_382_618,0.200,diagnostic_only,diagnostic_only,diagnostic_only,deep_pullback,24,0.400,true,none,0.550,high_quality,false,false,diagnostic_only,both,true,none,true,diagnostic_adjacent_detected,required_light,false,false,LONG,3,false,false,0,,,-1,0.0000,0.00000000,0.00000000,0.00000000,false,false,none,0.00000000,false,0.0000,0.0000,false,1,0.0000,false,-1,0.00000000,0.0000,off,false,not_evaluated,none,0.0000,0.0000,none,false,false,false,0.0000,none,false,none,0.0000,false,none,0.0000,0.0000,0.0000,0.0000,false,none,0.0000,none,none,false,false,none,0.0000,0.0000,0.0000,0.0000,none,false,false,0.0000,0.0000,false,false,-1,none,none,false,0.000,0.000,155.33800000,155.30800000,155.30800000,structure_confirmed_swing_high,0.00200000,0.0152,neckline_level,155.33800000,0.2532,false,true,true,false,not_blocked,6,3,3,m5_failure_exit,off,none,0.00000000,0.0000,1.30,155.13900000,4.200,-0.300,0.200,PERIOD_M15,155.30800000,155.04000000,1.0075,outside,0.000,true,155.31000000,155.44200000,0.13200000,155.13900000,1.295,0.11057143,21.00,0-30,true,false,none,not_consumed,4.650,4.650,none,0.0000,false,opposite_break_first,true,opposite_break_first,session_invalidated
2025.01.17 03:05:00,blocked,session_reversal_pullback_one_symbol_first120,USDJPY,SHORT,2025.01.17 03:00:00,3,0,9,tokyo,2025.01.17 00:00,0,first_120min,true,true,3,USDJPY,highest_score_in_session_bar,tokyo=USDJPY|EURJPY|GBPJPY|AUDJPY,existing_first120_gate,tokyo,false,false,true,passed_first_window,double_top,neckline_break_retest,155.33800000,PERIOD_M5,PERIOD_H1,PERIOD_M15,PERIOD_M5,PERIOD_M5,false,htf_soft_alignment,current_post_filter,transcript_post_filter,dow_range_or_transition,structure_trend_bias_dow_trend_down_ll_lh,dow_range_or_transition,structure_trend_bias_dow_trend_down_ll_lh,false,false,true,SHORT,PERIOD_M5,double_top,double_top,4.200,none,0.000,double_top,4.200,none,0.000,SHORT,false,PERIOD_H1_NONE_dow_range_or_transition|PERIOD_M15_SHORT_structure_trend_bias_dow_trend_down_ll_lh,true,h1_counter_m15_reversal,true,top_NONE_dow_range_or_transition|structure_SHORT_structure_trend_bias_dow_trend_down_ll_lh|structure_break_recent_confirmed_swing_break_retest|primary_break_recent_confirmed_swing_break_failed,none,below_75sma_falling,below_75sma_falling,above_75sma_flat_or_falling,8,155.16500000,-1,0.00000000,false,off,NONE,NONE,0.00000000,0.00000000,0.0000,none,0.000,true,SHORT,return_low_break_or_bos_down,155.16500000,8,155.47900000,155.04000000,false,off,independent,false,,,false,0.0000,none,0.0000,0.0000,none,0.0000,0.0000,0.0000,none,0.0000,0,0,0.0000,none,none,none,none,0.0000,0,0.0000,none,false,true,not_evaluated,true,required_light_or_anchor_flip,long_bias,155.04000000,2025.01.17 00:00:00,155.30800000,2025.01.16 22:00:00,2025.01.17 02:00:00,false,NONE,0.00000000,0.00000000,0.0000,-1,false,,-1,NONE,0.00000000,0.00000000,0.0000,0.0000,none,,none,false,NONE,-1,-1,-1,false,false,none,false,true,false,true,none,true,required,false,PERIOD_M5,,,-1,0.0000,false,0.00000000,0.0000,false,0.0000,false,none,none,false,no_anchor_flip_in_entry_direction,true,required_first_signal_only,SHORT,unknown,0.00000000,,0.00000000,,false,,-1,false,NONE,0.00000000,,0.00000000,0.0000,0.0000,none,-1,false,false,false,no_anchor_flip_in_entry_direction,,,,false,false,false,-1,-1,-1,-1,-1,false,false,false,0.0000,range_n,true,155.47900000,155.04000000,4.2503,false,0.0000,0.0000,0,none,true,0.6150,preferred_382_618,0.200,diagnostic_only,diagnostic_only,diagnostic_only,deep_pullback,24,0.400,true,none,0.550,high_quality,false,false,diagnostic_only,both,true,none,true,diagnostic_adjacent_detected,required_light,false,false,LONG,3,false,false,0,,,-1,0.0000,0.00000000,0.00000000,0.00000000,false,false,none,0.00000000,false,0.0000,0.0000,false,1,0.0000,false,-1,0.00000000,0.0000,off,false,not_evaluated,none,0.0000,0.0000,none,false,false,false,0.0000,none,false,none,0.0000,false,none,0.0000,0.0000,0.0000,0.0000,false,none,0.0000,none,none,false,false,none,0.0000,0.0000,0.0000,0.0000,none,false,false,0.0000,0.0000,false,false,-1,none,none,false,0.000,0.000,155.33800000,155.30800000,155.30800000,structure_confirmed_swing_high,0.00200000,0.0152,neckline_level,155.33800000,0.2532,false,true,true,false,not_blocked,6,3,3,m5_failure_exit,off,none,0.00000000,0.0000,1.30,155.13900000,4.200,-0.300,0.200,PERIOD_M15,155.30800000,155.04000000,1.0075,outside,0.000,true,155.31000000,155.44200000,0.13200000,155.13900000,1.295,0.11057143,21.00,0-30,true,false,none,blocked_session_invalidated,4.650,4.650,none,0.0000,false,opposite_break_first,true,opposite_break_first,session_invalidated
2025.01.17 10:35:00,signal,session_reversal_pullback_one_symbol_first120,EURUSD,LONG,2025.01.17 10:30:00,10,7,16,london,2025.01.17 07:00,30,first_120min,true,true,3,EURUSD,highest_score_in_session_bar,london=USDJPY|EURJPY|GBPJPY|AUDJPY|EURUSD|GBPUSD,existing_first120_gate,london,false,false,true,passed_first_window,inverse_head_and_shoulders,neckline_break_retest,1.02921000,PERIOD_M5,PERIOD_H1,PERIOD_M15,PERIOD_M5,PERIOD_M5,false,htf_soft_alignment,current_post_filter,transcript_post_filter,dow_range_or_transition,structure_trend_bias_dow_trend_up_hh_hl,dow_range_or_transition,structure_trend_bias_dow_trend_up_hh_hl,false,true,false,LONG,PERIOD_M5,inverse_head_and_shoulders,inverse_head_and_shoulders,4.500,none,0.000,inverse_head_and_shoulders,4.500,none,0.000,LONG,false,PERIOD_H1_NONE_dow_range_or_transition|PERIOD_M15_LONG_structure_trend_bias_dow_trend_up_hh_hl,true,h1_counter_m15_reversal,true,top_NONE_dow_range_or_transition|structure_LONG_structure_trend_bias_dow_trend_up_hh_hl|structure_break_recent_confirmed_swing_break_failed|primary_break_recent_confirmed_swing_break_continuation,none,below_75sma_flat_or_rising,below_75sma_flat_or_rising,above_75sma_flat_or_falling,-1,0.00000000,0,1.02905000,false,off,NONE,NONE,0.00000000,0.00000000,0.0000,none,0.000,true,LONG,return_high_break_or_bos_up,1.03035000,23,1.03084000,1.02767000,false,off,independent,false,,,false,0.0000,none,0.0000,0.0000,none,0.0000,0.0000,0.0000,none,0.0000,0,0,0.0000,none,none,none,none,0.0000,0,0.0000,none,false,true,not_evaluated,true,required_light_or_anchor_flip,bias_flip_up,1.02973000,2025.01.17 02:00:00,1.02905000,2025.01.17 08:45:00,2025.01.17 09:30:00,true,LONG,1.02905000,1.02927000,0.4185,0,true,2025.01.17 10:15:00,0,LONG,1.02905000,1.02927000,0.4185,0.5897,normal,2025.01.17 10:15:00,first_after_anchor,true,LONG,0,0,0,true,false,fresh_0_4,true,false,false,true,none,true,required,true,PERIOD_M5,2025.01.17 10:20:00,2025.01.17 10:20:00,3,0.0933,true,1.02905000,0.0933,false,0.0000,true,m5_bullish_close_after_anchor_retest,clean_retest_reconfirm,true,none,true,required_first_signal_only,LONG,no_confirmed_micro_anchor,0.00000000,,0.00000000,,false,,-1,false,NONE,0.00000000,,0.00000000,0.0000,0.0000,none,-1,false,false,false,insufficient_confirmed_m5_pivots,EURUSD|LONG|1737108900|1.02905,,,false,false,false,-1,-1,-1,-1,-1,false,false,false,0.0000,falling_n,false,1.03086000,1.02767000,6.0679,true,0.5897,0.6900,0,normal,true,0.3596,shallow_236_382,0.080,diagnostic_only,diagnostic_only,diagnostic_only,fib_pullback,24,0.280,true,none,0.430,high_quality,false,false,diagnostic_only,both,true,none,true,diagnostic_adjacent_detected,required_light,false,false,SHORT,5,false,false,2,2025.01.17 08:00:00,2025.01.17 09:30:00,12,3.8267,1.02905000,0.00000000,1.02905000,true,true,m5_lh_close_break_up,1.02905000,true,0.1633,0.3733,true,1,0.0000,false,3,1.02905000,0.0933,off,false,not_evaluated,none,0.2900,0.0900,normal,true,false,false,0.0000,held_clean,true,favorable_side,0.1100,true,clean_retest,3.2200,2.0067,1.6047,1.8200,false,no_shrink,0.0000,none,none,false,false,none,0.0000,0.0000,0.0000,0.0000,none,false,false,0.0000,0.0000,false,false,-1,none,none,false,0.000,0.000,1.02973000,1.02957000,1.02973000,structure_confirmed_swing_low,0.00003000,0.0233,session_high|opening_range_high|neckline_level,1.02957000,0.3033,false,true,true,false,not_blocked,5,3,2,m5_failure_exit,off,none,0.00000000,0.0000,1.30,1.03137000,4.500,-0.300,0.200,PERIOD_M15,1.03086000,1.02973000,1.0265,outside,0.000,true,1.02970000,1.02841000,0.00129000,1.03137000,1.295,0.00042857,18.00,30-60,true,false,none,not_consumed,4.800,4.800,none,0.0000,false,neckline_retest_failed,false,not_invalidated,spread_too_high
2025.01.17 10:35:00,blocked,session_reversal_pullback_one_symbol_first120,EURUSD,LONG,2025.01.17 10:30:00,10,7,16,london,2025.01.17 07:00,30,first_120min,true,true,3,EURUSD,highest_score_in_session_bar,london=USDJPY|EURJPY|GBPJPY|AUDJPY|EURUSD|GBPUSD,existing_first120_gate,london,false,false,true,passed_first_window,inverse_head_and_shoulders,neckline_break_retest,1.02921000,PERIOD_M5,PERIOD_H1,PERIOD_M15,PERIOD_M5,PERIOD_M5,false,htf_soft_alignment,current_post_filter,transcript_post_filter,dow_range_or_transition,structure_trend_bias_dow_trend_up_hh_hl,dow_range_or_transition,structure_trend_bias_dow_trend_up_hh_hl,false,true,false,LONG,PERIOD_M5,inverse_head_and_shoulders,inverse_head_and_shoulders,4.500,none,0.000,inverse_head_and_shoulders,4.500,none,0.000,LONG,false,PERIOD_H1_NONE_dow_range_or_transition|PERIOD_M15_LONG_structure_trend_bias_dow_trend_up_hh_hl,true,h1_counter_m15_reversal,true,top_NONE_dow_range_or_transition|structure_LONG_structure_trend_bias_dow_trend_up_hh_hl|structure_break_recent_confirmed_swing_break_failed|primary_break_recent_confirmed_swing_break_continuation,none,below_75sma_flat_or_rising,below_75sma_flat_or_rising,above_75sma_flat_or_falling,-1,0.00000000,0,1.02905000,false,off,NONE,NONE,0.00000000,0.00000000,0.0000,none,0.000,true,LONG,return_high_break_or_bos_up,1.03035000,23,1.03084000,1.02767000,false,off,independent,false,,,false,0.0000,none,0.0000,0.0000,none,0.0000,0.0000,0.0000,none,0.0000,0,0,0.0000,none,none,none,none,0.0000,0,0.0000,none,false,true,not_evaluated,true,required_light_or_anchor_flip,bias_flip_up,1.02973000,2025.01.17 02:00:00,1.02905000,2025.01.17 08:45:00,2025.01.17 09:30:00,true,LONG,1.02905000,1.02927000,0.4185,0,true,2025.01.17 10:15:00,0,LONG,1.02905000,1.02927000,0.4185,0.5897,normal,2025.01.17 10:15:00,first_after_anchor,true,LONG,0,0,0,true,false,fresh_0_4,true,false,false,true,none,true,required,true,PERIOD_M5,2025.01.17 10:20:00,2025.01.17 10:20:00,3,0.0933,true,1.02905000,0.0933,false,0.0000,true,m5_bullish_close_after_anchor_retest,clean_retest_reconfirm,true,none,true,required_first_signal_only,LONG,no_confirmed_micro_anchor,0.00000000,,0.00000000,,false,,-1,false,NONE,0.00000000,,0.00000000,0.0000,0.0000,none,-1,false,false,false,insufficient_confirmed_m5_pivots,EURUSD|LONG|1737108900|1.02905,,,false,false,false,-1,-1,-1,-1,-1,false,false,false,0.0000,falling_n,false,1.03086000,1.02767000,6.0679,true,0.5897,0.6900,0,normal,true,0.3596,shallow_236_382,0.080,diagnostic_only,diagnostic_only,diagnostic_only,fib_pullback,24,0.280,true,none,0.430,high_quality,false,false,diagnostic_only,both,true,none,true,diagnostic_adjacent_detected,required_light,false,false,SHORT,5,false,false,2,2025.01.17 08:00:00,2025.01.17 09:30:00,12,3.8267,1.02905000,0.00000000,1.02905000,true,true,m5_lh_close_break_up,1.02905000,true,0.1633,0.3733,true,1,0.0000,false,3,1.02905000,0.0933,off,false,not_evaluated,none,0.2900,0.0900,normal,true,false,false,0.0000,held_clean,true,favorable_side,0.1100,true,clean_retest,3.2200,2.0067,1.6047,1.8200,false,no_shrink,0.0000,none,none,false,false,none,0.0000,0.0000,0.0000,0.0000,none,false,false,0.0000,0.0000,false,false,-1,none,none,false,0.000,0.000,1.02973000,1.02957000,1.02973000,structure_confirmed_swing_low,0.00003000,0.0233,session_high|opening_range_high|neckline_level,1.02957000,0.3033,false,true,true,false,not_blocked,5,3,2,m5_failure_exit,off,none,0.00000000,0.0000,1.30,1.03137000,4.500,-0.300,0.200,PERIOD_M15,1.03086000,1.02973000,1.0265,outside,0.000,true,1.02970000,1.02841000,0.00129000,1.03137000,1.295,0.00042857,18.00,30-60,true,false,none,blocked_spread_too_high,4.800,4.800,none,0.0000,false,neckline_retest_failed,false,not_invalidated,spread_too_high
2025.01.17 17:00:00,signal,session_reversal_pullback_one_symbol_first120,GBPUSD,LONG,2025.01.17 16:55:00,16,13,22,london_newyork_overlap,2025.01.17 13:00,55,first_120min,true,true,3,GBPUSD,highest_score_in_session_bar,london_newyork_overlap=USDJPY|EURJPY|GBPJPY|AUDJPY|EURUSD|GBPUSD,existing_first120_gate,london_newyork_overlap,false,false,true,passed_first_window,inverse_head_and_shoulders,neckline_break_retest,1.21845000,PERIOD_M5,PERIOD_H1,PERIOD_M15,PERIOD_M5,PERIOD_M5,false,htf_soft_alignment,current_post_filter,transcript_post_filter,dow_range_or_transition,structure_trend_bias_dow_trend_down_ll_lh,dow_range_or_transition,structure_trend_bias_dow_trend_down_ll_lh,false,true,false,LONG,PERIOD_M5,inverse_head_and_shoulders,inverse_head_and_shoulders,4.500,none,0.000,inverse_head_and_shoulders,4.500,none,0.000,LONG,false,PERIOD_H1_NONE_dow_range_or_transition|PERIOD_M15_SHORT_structure_trend_bias_dow_trend_down_ll_lh,true,h1_counter_m15_reversal,true,top_NONE_dow_range_or_transition|structure_SHORT_structure_trend_bias_dow_trend_down_ll_lh|structure_break_recent_confirmed_swing_break_failed|primary_break_recent_confirmed_swing_break_retest,none,below_75sma_falling,below_75sma_falling,above_75sma_flat_or_falling,-1,0.00000000,0,1.21900000,false,off,NONE,NONE,0.00000000,0.00000000,0.0000,none,0.000,true,LONG,return_high_break_or_bos_up,1.22119000,14,1.22159000,1.21601000,false,off,independent,false,,,false,0.0000,none,0.0000,0.0000,none,0.0000,0.0000,0.0000,none,0.0000,0,0,0.0000,none,none,none,none,0.0000,0,0.0000,none,false,true,not_evaluated,true,required_light_or_anchor_flip,short_bias,1.22285000,2025.01.17 03:15:00,1.22169000,2025.01.17 08:45:00,2025.01.17 09:30:00,false,NONE,0.00000000,0.00000000,0.0000,-1,false,,-1,NONE,0.00000000,0.00000000,0.0000,0.0000,none,,none,false,NONE,-1,-1,-1,false,false,none,false,true,false,true,none,true,required,false,PERIOD_M5,,,-1,0.0000,false,0.00000000,0.0000,false,0.0000,false,none,none,false,no_anchor_flip_in_entry_direction,true,required_first_signal_only,LONG,unknown,0.00000000,,0.00000000,,false,,-1,false,NONE,0.00000000,,0.00000000,0.0000,0.0000,none,-1,false,false,false,no_anchor_flip_in_entry_direction,,,,false,false,false,-1,-1,-1,-1,-1,false,false,false,0.0000,falling_n,false,1.22367000,1.21599000,5.6500,false,0.0000,0.0000,0,none,true,0.3799,shallow_236_382,0.080,diagnostic_only,diagnostic_only,diagnostic_only,deep_pullback,24,0.280,true,none,0.430,high_quality,false,false,diagnostic_only,both,true,none,true,diagnostic_adjacent_detected,required_light,false,false,SHORT,5,false,false,2,2025.01.17 15:00:00,2025.01.17 16:15:00,8,3.2524,1.21900000,0.00000000,1.21900000,true,true,m5_lh_close_break_up,1.21900000,true,0.2621,0.4466,true,1,0.0000,false,0,1.21900000,0.3204,off,false,not_evaluated,none,0.6000,0.2100,strong,false,false,false,0.0000,no_following_closed_bar,false,none,0.0000,false,no_retest,2.9029,1.6408,1.7692,1.6117,false,no_shrink,0.0000,none,none,false,false,none,0.0000,0.0000,0.0000,0.0000,none,false,false,0.0000,0.0000,false,false,-1,none,none,false,0.000,0.000,1.21974000,1.21943000,1.21974000,recent_rejection_zone,0.00027000,0.0874,session_high|opening_range_high|neckline_level,1.21974000,0.2621,false,true,true,false,not_blocked,3,1,2,m5_failure_exit,off,none,0.00000000,0.0000,1.30,1.22349000,4.500,-0.300,0.200,PERIOD_M15,1.22159000,1.21831000,0.6463,deep_618_786,0.000,true,1.21947000,1.21638000,0.00309000,1.22349000,1.301,0.00103000,20.00,30-60,true,false,none,not_consumed,4.800,4.800,none,0.0000,false,opposite_break_first,true,opposite_break_first,session_invalidated
2025.01.17 17:00:00,blocked,session_reversal_pullback_one_symbol_first120,GBPUSD,LONG,2025.01.17 16:55:00,16,13,22,london_newyork_overlap,2025.01.17 13:00,55,first_120min,true,true,3,GBPUSD,highest_score_in_session_bar,london_newyork_overlap=USDJPY|EURJPY|GBPJPY|AUDJPY|EURUSD|GBPUSD,existing_first120_gate,london_newyork_overlap,false,false,true,passed_first_window,inverse_head_and_shoulders,neckline_break_retest,1.21845000,PERIOD_M5,PERIOD_H1,PERIOD_M15,PERIOD_M5,PERIOD_M5,false,htf_soft_alignment,current_post_filter,transcript_post_filter,dow_range_or_transition,structure_trend_bias_dow_trend_down_ll_lh,dow_range_or_transition,structure_trend_bias_dow_trend_down_ll_lh,false,true,false,LONG,PERIOD_M5,inverse_head_and_shoulders,inverse_head_and_shoulders,4.500,none,0.000,inverse_head_and_shoulders,4.500,none,0.000,LONG,false,PERIOD_H1_NONE_dow_range_or_transition|PERIOD_M15_SHORT_structure_trend_bias_dow_trend_down_ll_lh,true,h1_counter_m15_reversal,true,top_NONE_dow_range_or_transition|structure_SHORT_structure_trend_bias_dow_trend_down_ll_lh|structure_break_recent_confirmed_swing_break_failed|primary_break_recent_confirmed_swing_break_retest,none,below_75sma_falling,below_75sma_falling,above_75sma_flat_or_falling,-1,0.00000000,0,1.21900000,false,off,NONE,NONE,0.00000000,0.00000000,0.0000,none,0.000,true,LONG,return_high_break_or_bos_up,1.22119000,14,1.22159000,1.21601000,false,off,independent,false,,,false,0.0000,none,0.0000,0.0000,none,0.0000,0.0000,0.0000,none,0.0000,0,0,0.0000,none,none,none,none,0.0000,0,0.0000,none,false,true,not_evaluated,true,required_light_or_anchor_flip,short_bias,1.22285000,2025.01.17 03:15:00,1.22169000,2025.01.17 08:45:00,2025.01.17 09:30:00,false,NONE,0.00000000,0.00000000,0.0000,-1,false,,-1,NONE,0.00000000,0.00000000,0.0000,0.0000,none,,none,false,NONE,-1,-1,-1,false,false,none,false,true,false,true,none,true,required,false,PERIOD_M5,,,-1,0.0000,false,0.00000000,0.0000,false,0.0000,false,none,none,false,no_anchor_flip_in_entry_direction,true,required_first_signal_only,LONG,unknown,0.00000000,,0.00000000,,false,,-1,false,NONE,0.00000000,,0.00000000,0.0000,0.0000,none,-1,false,false,false,no_anchor_flip_in_entry_direction,,,,false,false,false,-1,-1,-1,-1,-1,false,false,false,0.0000,falling_n,false,1.22367000,1.21599000,5.6500,false,0.0000,0.0000,0,none,true,0.3799,shallow_236_382,0.080,diagnostic_only,diagnostic_only,diagnostic_only,deep_pullback,24,0.280,true,none,0.430,high_quality,false,false,diagnostic_only,both,true,none,true,diagnostic_adjacent_detected,required_light,false,false,SHORT,5,false,false,2,2025.01.17 15:00:00,2025.01.17 16:15:00,8,3.2524,1.21900000,0.00000000,1.21900000,true,true,m5_lh_close_break_up,1.21900000,true,0.2621,0.4466,true,1,0.0000,false,0,1.21900000,0.3204,off,false,not_evaluated,none,0.6000,0.2100,strong,false,false,false,0.0000,no_following_closed_bar,false,none,0.0000,false,no_retest,2.9029,1.6408,1.7692,1.6117,false,no_shrink,0.0000,none,none,false,false,none,0.0000,0.0000,0.0000,0.0000,none,false,false,0.0000,0.0000,false,false,-1,none,none,false,0.000,0.000,1.21974000,1.21943000,1.21974000,recent_rejection_zone,0.00027000,0.0874,session_high|opening_range_high|neckline_level,1.21974000,0.2621,false,true,true,false,not_blocked,3,1,2,m5_failure_exit,off,none,0.00000000,0.0000,1.30,1.22349000,4.500,-0.300,0.200,PERIOD_M15,1.22159000,1.21831000,0.6463,deep_618_786,0.000,true,1.21947000,1.21638000,0.00309000,1.22349000,1.301,0.00103000,20.00,30-60,true,false,none,blocked_session_invalidated,4.800,4.800,none,0.0000,false,opposite_break_first,true,opposite_break_first,session_invalidated
2025.01.20 04:55:00,signal,session_reversal_pullback_one_symbol_first120,GBPJPY,SHORT,2025.01.20 04:50:00,4,1,10,tokyo,2025.01.20 00:00,110,first_120min,false,true,3,GBPJPY,highest_score_in_session_bar,tokyo=USDJPY|EURJPY|GBPJPY|AUDJPY,existing_first120_gate,tokyo,true,false,true,passed_first_window,head_and_shoulders,neckline_break_retest,190.11100000,PERIOD_M5,PERIOD_H1,PERIOD_M15,PERIOD_M5,PERIOD_M5,false,htf_soft_alignment,current_post_filter,transcript_post_filter,dow_range_or_transition,structure_trend_bias_dow_trend_down_ll_lh,dow_range_or_transition,structure_trend_bias_dow_trend_down_ll_lh,false,false,true,SHORT,PERIOD_M5,head_and_shoulders,head_and_shoulders,4.500,none,0.000,head_and_shoulders,4.500,none,0.000,SHORT,false,PERIOD_H1_NONE_dow_range_or_transition|PERIOD_M15_SHORT_structure_trend_bias_dow_trend_down_ll_lh,true,h1_counter_m15_reversal,true,top_NONE_dow_range_or_transition|structure_SHORT_structure_trend_bias_dow_trend_down_ll_lh|structure_break_recent_confirmed_swing_break_failed|primary_break_recent_confirmed_swing_break_failed,none,below_75sma_falling,above_75sma_rising,below_75sma_flat_or_rising,-1,0.00000000,-1,0.00000000,false,off,NONE,NONE,0.00000000,0.00000000,0.0000,none,0.000,true,SHORT,return_low_break_or_bos_down,189.95400000,6,190.44900000,189.87400000,false,off,independent,false,,,false,0.0000,none,0.0000,0.0000,none,0.0000,0.0000,0.0000,none,0.0000,0,0,0.0000,none,none,none,none,0.0000,0,0.0000,none,false,true,not_evaluated,true,required_light_or_anchor_flip,short_bias,189.95400000,2025.01.17 22:00:00,190.44900000,2025.01.20 01:15:00,2025.01.20 03:15:00,false,NONE,0.00000000,0.00000000,0.0000,-1,false,,-1,NONE,0.00000000,0.00000000,0.0000,0.0000,none,,none,false,NONE,-1,-1,-1,false,false,none,true,false,false,true,none,true,required,false,PERIOD_M5,,,-1,0.0000,false,0.00000000,0.0000,false,0.0000,false,none,none,false,no_anchor_flip_in_entry_direction,true,required_first_signal_only,SHORT,unknown,0.00000000,,0.00000000,,false,,-1,false,NONE,0.00000000,,0.00000000,0.0000,0.0000,none,-1,false,false,false,no_anchor_flip_in_entry_direction,,,,false,false,false,-1,-1,-1,-1,-1,false,false,false,0.0000,range_n,true,190.59100000,189.87400000,4.3361,false,0.0000,0.0000,0,none,true,0.4087,preferred_382_618,0.200,diagnostic_only,diagnostic_only,diagnostic_only,shallow_pullback,24,0.400,true,none,0.550,high_quality,false,false,diagnostic_only,both,true,none,true,diagnostic_adjacent_detected,required_light,false,false,LONG,6,false,false,2,2025.01.20 03:20:00,2025.01.20 04:10:00,8,4.8878,0.00000000,190.02600000,190.02600000,false,false,none,0.00000000,false,0.0000,0.0000,false,1,0.0000,false,-1,0.00000000,0.0000,off,false,not_evaluated,none,0.0000,0.0000,none,false,false,false,0.0000,none,false,none,0.0000,false,none,2.8298,3.8046,0.7438,1.0832,false,mild_exhaustion,0.0000,none,none,false,false,none,0.0000,0.0000,0.0000,0.0000,none,false,false,0.0000,0.0000,false,false,-1,none,none,false,0.000,0.000,190.11100000,190.10000000,190.10000000,opening_range_high,0.00900000,0.0763,neckline_level,190.11100000,0.0271,false,true,true,false,not_blocked,6,2,4,m5_failure_exit,off,none,0.00000000,0.0000,1.30,189.95500000,4.500,-0.300,0.200,PERIOD_M15,190.44900000,189.87400000,0.4087,preferred_382_618,0.000,true,190.10900000,190.22700000,0.11800000,189.95500000,1.305,0.07385714,38.00,90-120,true,false,none,not_consumed,4.600,4.600,none,0.0000,false,opposite_break_first,true,opposite_break_first,spread_too_high
2025.01.20 04:55:00,blocked,session_reversal_pullback_one_symbol_first120,GBPJPY,SHORT,2025.01.20 04:50:00,4,1,10,tokyo,2025.01.20 00:00,110,first_120min,false,true,3,GBPJPY,highest_score_in_session_bar,tokyo=USDJPY|EURJPY|GBPJPY|AUDJPY,existing_first120_gate,tokyo,true,false,true,passed_first_window,head_and_shoulders,neckline_break_retest,190.11100000,PERIOD_M5,PERIOD_H1,PERIOD_M15,PERIOD_M5,PERIOD_M5,false,htf_soft_alignment,current_post_filter,transcript_post_filter,dow_range_or_transition,structure_trend_bias_dow_trend_down_ll_lh,dow_range_or_transition,structure_trend_bias_dow_trend_down_ll_lh,false,false,true,SHORT,PERIOD_M5,head_and_shoulders,head_and_shoulders,4.500,none,0.000,head_and_shoulders,4.500,none,0.000,SHORT,false,PERIOD_H1_NONE_dow_range_or_transition|PERIOD_M15_SHORT_structure_trend_bias_dow_trend_down_ll_lh,true,h1_counter_m15_reversal,true,top_NONE_dow_range_or_transition|structure_SHORT_structure_trend_bias_dow_trend_down_ll_lh|structure_break_recent_confirmed_swing_break_failed|primary_break_recent_confirmed_swing_break_failed,none,below_75sma_falling,above_75sma_rising,below_75sma_flat_or_rising,-1,0.00000000,-1,0.00000000,false,off,NONE,NONE,0.00000000,0.00000000,0.0000,none,0.000,true,SHORT,return_low_break_or_bos_down,189.95400000,6,190.44900000,189.87400000,false,off,independent,false,,,false,0.0000,none,0.0000,0.0000,none,0.0000,0.0000,0.0000,none,0.0000,0,0,0.0000,none,none,none,none,0.0000,0,0.0000,none,false,true,not_evaluated,true,required_light_or_anchor_flip,short_bias,189.95400000,2025.01.17 22:00:00,190.44900000,2025.01.20 01:15:00,2025.01.20 03:15:00,false,NONE,0.00000000,0.00000000,0.0000,-1,false,,-1,NONE,0.00000000,0.00000000,0.0000,0.0000,none,,none,false,NONE,-1,-1,-1,false,false,none,true,false,false,true,none,true,required,false,PERIOD_M5,,,-1,0.0000,false,0.00000000,0.0000,false,0.0000,false,none,none,false,no_anchor_flip_in_entry_direction,true,required_first_signal_only,SHORT,unknown,0.00000000,,0.00000000,,false,,-1,false,NONE,0.00000000,,0.00000000,0.0000,0.0000,none,-1,false,false,false,no_anchor_flip_in_entry_direction,,,,false,false,false,-1,-1,-1,-1,-1,false,false,false,0.0000,range_n,true,190.59100000,189.87400000,4.3361,false,0.0000,0.0000,0,none,true,0.4087,preferred_382_618,0.200,diagnostic_only,diagnostic_only,diagnostic_only,shallow_pullback,24,0.400,true,none,0.550,high_quality,false,false,diagnostic_only,both,true,none,true,diagnostic_adjacent_detected,required_light,false,false,LONG,6,false,false,2,2025.01.20 03:20:00,2025.01.20 04:10:00,8,4.8878,0.00000000,190.02600000,190.02600000,false,false,none,0.00000000,false,0.0000,0.0000,false,1,0.0000,false,-1,0.00000000,0.0000,off,false,not_evaluated,none,0.0000,0.0000,none,false,false,false,0.0000,none,false,none,0.0000,false,none,2.8298,3.8046,0.7438,1.0832,false,mild_exhaustion,0.0000,none,none,false,false,none,0.0000,0.0000,0.0000,0.0000,none,false,false,0.0000,0.0000,false,false,-1,none,none,false,0.000,0.000,190.11100000,190.10000000,190.10000000,opening_range_high,0.00900000,0.0763,neckline_level,190.11100000,0.0271,false,true,true,false,not_blocked,6,2,4,m5_failure_exit,off,none,0.00000000,0.0000,1.30,189.95500000,4.500,-0.300,0.200,PERIOD_M15,190.44900000,189.87400000,0.4087,preferred_382_618,0.000,true,190.10900000,190.22700000,0.11800000,189.95500000,1.305,0.07385714,38.00,90-120,true,false,none,blocked_spread_too_high,4.600,4.600,none,0.0000,false,opposite_break_first,true,opposite_break_first,spread_too_high
2025.01.20 10:20:00,signal,session_reversal_pullback_one_symbol_first120,USDJPY,LONG,2025.01.20 10:15:00,10,7,16,london,2025.01.20 07:00,15,first_120min,true,true,3,USDJPY,highest_score_in_session_bar,london=USDJPY|EURJPY|GBPJPY|AUDJPY|EURUSD|GBPUSD,existing_first120_gate,london,false,false,true,passed_first_window,double_bottom,neckline_break_retest,156.05000000,PERIOD_M5,PERIOD_H1,PERIOD_M15,PERIOD_M5,PERIOD_M5,false,htf_soft_alignment,current_post_filter,transcript_post_filter,dow_range_or_transition,structure_trend_bias_dow_trend_down_ll_lh,dow_range_or_transition,structure_trend_bias_dow_trend_down_ll_lh,false,true,true,LONG,PERIOD_M5,double_bottom,double_bottom,4.200,none,0.000,double_bottom,4.200,none,0.000,LONG,false,PERIOD_H1_NONE_dow_range_or_transition|PERIOD_M15_SHORT_structure_trend_bias_dow_trend_down_ll_lh,true,h1_counter_m15_reversal,true,top_NONE_dow_range_or_transition|structure_SHORT_structure_trend_bias_dow_trend_down_ll_lh|structure_break_recent_confirmed_swing_break_failed|primary_break_recent_confirmed_swing_break_retest,none,below_75sma_falling,above_75sma_rising,above_75sma_rising,-1,0.00000000,0,156.05000000,false,off,NONE,NONE,0.00000000,0.00000000,0.0000,none,0.000,true,LONG,return_high_break_or_bos_up,156.22100000,4,156.27700000,155.70000000,false,off,independent,false,,,false,0.0000,none,0.0000,0.0000,none,0.0000,0.0000,0.0000,none,0.0000,0,0,0.0000,none,none,none,none,0.0000,0,0.0000,none,false,true,not_evaluated,true,required_light_or_anchor_flip,long_bias,155.70000000,2025.01.20 05:45:00,156.10300000,2025.01.20 03:30:00,2025.01.20 09:00:00,false,NONE,0.00000000,0.00000000,0.0000,-1,false,,-1,NONE,0.00000000,0.00000000,0.0000,0.0000,none,,none,false,NONE,-1,-1,-1,false,false,none,true,false,false,true,none,true,required,false,PERIOD_M5,,,-1,0.0000,false,0.00000000,0.0000,false,0.0000,false,none,none,false,no_anchor_flip_in_entry_direction,true,required_first_signal_only,LONG,unknown,0.00000000,,0.00000000,,false,,-1,false,NONE,0.00000000,,0.00000000,0.0000,0.0000,none,-1,false,false,false,no_anchor_flip_in_entry_direction,,,,false,false,false,-1,-1,-1,-1,-1,false,false,false,0.0000,range_n,true,156.57600000,155.70000000,7.9327,false,0.0000,0.0000,0,none,true,0.1889,no_fib,0.000,diagnostic_only,diagnostic_only,diagnostic_only,fib_pullback,24,0.170,true,none,0.320,high_quality,false,false,diagnostic_only,both,true,none,true,diagnostic_adjacent_detected,required_light,false,false,SHORT,3,false,false,0,,,-1,0.0000,0.00000000,0.00000000,0.00000000,false,false,none,0.00000000,false,0.0000,0.0000,false,1,0.0000,false,-1,0.00000000,0.0000,off,false,not_evaluated,none,0.0000,0.0000,none,false,false,false,0.0000,none,false,none,0.0000,false,none,0.0000,0.0000,0.0000,0.0000,false,none,0.0000,none,none,false,false,none,0.0000,0.0000,0.0000,0.0000,none,false,false,0.0000,0.0000,false,false,-1,none,none,false,0.000,0.000,156.25800000,156.15500000,156.25800000,failed_breakout_level,0.09000000,0.4128,session_high|opening_range_high|neckline_level,156.15500000,0.1786,false,true,false,false,not_blocked,4,4,0,m5_failure_exit,off,none,0.00000000,0.0000,1.30,156.45200000,4.200,-0.300,0.200,PERIOD_M15,156.27700000,155.70000000,0.1889,outside,0.000,true,156.16800000,155.95000000,0.21800000,156.45200000,1.303,0.07278571,20.00,0-30,true,false,none,not_consumed,4.500,4.500,none,0.0000,false,neckline_retest_failed,false,not_invalidated,spread_too_high
2025.01.20 10:20:00,blocked,session_reversal_pullback_one_symbol_first120,USDJPY,LONG,2025.01.20 10:15:00,10,7,16,london,2025.01.20 07:00,15,first_120min,true,true,3,USDJPY,highest_score_in_session_bar,london=USDJPY|EURJPY|GBPJPY|AUDJPY|EURUSD|GBPUSD,existing_first120_gate,london,false,false,true,passed_first_window,double_bottom,neckline_break_retest,156.05000000,PERIOD_M5,PERIOD_H1,PERIOD_M15,PERIOD_M5,PERIOD_M5,false,htf_soft_alignment,current_post_filter,transcript_post_filter,dow_range_or_transition,structure_trend_bias_dow_trend_down_ll_lh,dow_range_or_transition,structure_trend_bias_dow_trend_down_ll_lh,false,true,true,LONG,PERIOD_M5,double_bottom,double_bottom,4.200,none,0.000,double_bottom,4.200,none,0.000,LONG,false,PERIOD_H1_NONE_dow_range_or_transition|PERIOD_M15_SHORT_structure_trend_bias_dow_trend_down_ll_lh,true,h1_counter_m15_reversal,true,top_NONE_dow_range_or_transition|structure_SHORT_structure_trend_bias_dow_trend_down_ll_lh|structure_break_recent_confirmed_swing_break_failed|primary_break_recent_confirmed_swing_break_retest,none,below_75sma_falling,above_75sma_rising,above_75sma_rising,-1,0.00000000,0,156.05000000,false,off,NONE,NONE,0.00000000,0.00000000,0.0000,none,0.000,true,LONG,return_high_break_or_bos_up,156.22100000,4,156.27700000,155.70000000,false,off,independent,false,,,false,0.0000,none,0.0000,0.0000,none,0.0000,0.0000,0.0000,none,0.0000,0,0,0.0000,none,none,none,none,0.0000,0,0.0000,none,false,true,not_evaluated,true,required_light_or_anchor_flip,long_bias,155.70000000,2025.01.20 05:45:00,156.10300000,2025.01.20 03:30:00,2025.01.20 09:00:00,false,NONE,0.00000000,0.00000000,0.0000,-1,false,,-1,NONE,0.00000000,0.00000000,0.0000,0.0000,none,,none,false,NONE,-1,-1,-1,false,false,none,true,false,false,true,none,true,required,false,PERIOD_M5,,,-1,0.0000,false,0.00000000,0.0000,false,0.0000,false,none,none,false,no_anchor_flip_in_entry_direction,true,required_first_signal_only,LONG,unknown,0.00000000,,0.00000000,,false,,-1,false,NONE,0.00000000,,0.00000000,0.0000,0.0000,none,-1,false,false,false,no_anchor_flip_in_entry_direction,,,,false,false,false,-1,-1,-1,-1,-1,false,false,false,0.0000,range_n,true,156.57600000,155.70000000,7.9327,false,0.0000,0.0000,0,none,true,0.1889,no_fib,0.000,diagnostic_only,diagnostic_only,diagnostic_only,fib_pullback,24,0.170,true,none,0.320,high_quality,false,false,diagnostic_only,both,true,none,true,diagnostic_adjacent_detected,required_light,false,false,SHORT,3,false,false,0,,,-1,0.0000,0.00000000,0.00000000,0.00000000,false,false,none,0.00000000,false,0.0000,0.0000,false,1,0.0000,false,-1,0.00000000,0.0000,off,false,not_evaluated,none,0.0000,0.0000,none,false,false,false,0.0000,none,false,none,0.0000,false,none,0.0000,0.0000,0.0000,0.0000,false,none,0.0000,none,none,false,false,none,0.0000,0.0000,0.0000,0.0000,none,false,false,0.0000,0.0000,false,false,-1,none,none,false,0.000,0.000,156.25800000,156.15500000,156.25800000,failed_breakout_level,0.09000000,0.4128,session_high|opening_range_high|neckline_level,156.15500000,0.1786,false,true,false,false,not_blocked,4,4,0,m5_failure_exit,off,none,0.00000000,0.0000,1.30,156.45200000,4.200,-0.300,0.200,PERIOD_M15,156.27700000,155.70000000,0.1889,outside,0.000,true,156.16800000,155.95000000,0.21800000,156.45200000,1.303,0.07278571,20.00,0-30,true,false,none,blocked_spread_too_high,4.500,4.500,none,0.0000,false,neckline_retest_failed,false,not_invalidated,spread_too_high
2025.01.21 16:05:00,signal,session_reversal_pullback_one_symbol_first120,EURUSD,SHORT,2025.01.21 16:00:00,16,13,22,london_newyork_overlap,2025.01.21 13:00,0,first_120min,true,true,3,EURUSD,highest_score_in_session_bar,london_newyork_overlap=USDJPY|EURJPY|GBPJPY|AUDJPY|EURUSD|GBPUSD,existing_first120_gate,london_newyork_overlap,false,false,true,passed_first_window,sweep_high_reclaim,sweep_reclaim_retest,1.03768000,PERIOD_M5,PERIOD_H1,PERIOD_M15,PERIOD_M5,PERIOD_M5,false,htf_soft_alignment,current_post_filter,transcript_post_filter,dow_range_or_transition,ordered_dow_wave3_break_above_swing_high,dow_range_or_transition,ordered_dow_wave3_break_above_swing_high,false,false,true,SHORT,PERIOD_M5,sweep_high_reclaim,sweep_high_reclaim,3.400,none,0.000,sweep_high_reclaim,3.400,none,0.000,SHORT,false,PERIOD_H1_NONE_dow_range_or_transition|PERIOD_M15_LONG_ordered_dow_wave3_break_above_swing_high,true,h1_counter_m15_reversal,true,top_NONE_dow_range_or_transition|structure_LONG_ordered_dow_wave3_break_above_swing_high|structure_break_recent_confirmed_swing_break_failed|primary_break_recent_confirmed_swing_break_failed,none,above_75sma_rising,below_75sma_falling,above_75sma_flat_or_falling,-1,0.00000000,-1,0.00000000,false,off,NONE,NONE,0.00000000,0.00000000,0.0000,none,0.000,true,SHORT,return_low_break_or_bos_down,1.03643000,2,1.03815000,1.03410000,false,off,independent,false,,,false,0.0000,none,0.0000,0.0000,none,0.0000,0.0000,0.0000,none,0.0000,0,0,0.0000,none,none,none,none,0.0000,0,0.0000,none,false,true,not_evaluated,true,required_light_or_anchor_flip,short_bias,1.04103000,2025.01.21 01:30:00,1.03854000,2025.01.21 09:30:00,2025.01.21 11:30:00,false,NONE,0.00000000,0.00000000,0.0000,-1,false,,-1,NONE,0.00000000,0.00000000,0.0000,0.0000,none,,none,false,NONE,-1,-1,-1,false,false,none,true,false,false,true,none,true,required,false,PERIOD_M5,,,-1,0.0000,false,0.00000000,0.0000,false,0.0000,false,none,none,false,no_anchor_flip_in_entry_direction,true,required_first_signal_only,SHORT,unknown,0.00000000,,0.00000000,,false,,-1,false,NONE,0.00000000,,0.00000000,0.0000,0.0000,none,-1,false,false,false,no_anchor_flip_in_entry_direction,,,,false,false,false,-1,-1,-1,-1,-1,false,false,false,0.0000,range_n,true,1.03854000,1.03410000,5.3219,false,0.0000,0.0000,0,none,true,0.8741,too_deep,0.000,diagnostic_only,diagnostic_only,diagnostic_only,shallow_pullback,24,0.200,true,none,0.350,medium_quality,false,false,diagnostic_only,both,true,none,true,diagnostic_adjacent_detected,required_light,false,false,LONG,4,false,false,1,2025.01.21 13:30:00,2025.01.21 14:35:00,17,2.6165,0.00000000,1.03450000,1.03450000,false,false,none,0.00000000,false,0.0000,0.0000,false,1,0.0000,false,-1,0.00000000,0.0000,off,false,not_evaluated,none,0.0000,0.0000,none,false,false,false,0.0000,none,false,none,0.0000,false,none,2.1068,2.5995,0.8105,0.0170,true,strong_exhaustion,0.0000,none,none,false,false,none,0.0000,0.0000,0.0000,0.0000,none,false,false,0.0000,0.0000,false,false,-1,none,none,false,0.000,0.000,1.03768000,1.03750000,1.03750000,recent_rejection_zone,0.00014000,0.6667,neckline_level,1.03768000,0.0680,false,true,true,false,not_blocked,4,2,2,m5_failure_exit,off,none,0.00000000,0.0000,1.30,1.03737000,3.400,-0.300,0.200,PERIOD_M15,1.03587000,1.03420000,2.0599,outside,0.000,true,1.03764000,1.03785000,0.00021000,1.03737000,1.286,0.00058857,18.00,0-30,true,false,none,not_consumed,3.500,3.500,none,0.0000,false,sweep_reclaim_failed,false,not_invalidated,spread_too_high
2025.01.21 16:05:00,blocked,session_reversal_pullback_one_symbol_first120,EURUSD,SHORT,2025.01.21 16:00:00,16,13,22,london_newyork_overlap,2025.01.21 13:00,0,first_120min,true,true,3,EURUSD,highest_score_in_session_bar,london_newyork_overlap=USDJPY|EURJPY|GBPJPY|AUDJPY|EURUSD|GBPUSD,existing_first120_gate,london_newyork_overlap,false,false,true,passed_first_window,sweep_high_reclaim,sweep_reclaim_retest,1.03768000,PERIOD_M5,PERIOD_H1,PERIOD_M15,PERIOD_M5,PERIOD_M5,false,htf_soft_alignment,current_post_filter,transcript_post_filter,dow_range_or_transition,ordered_dow_wave3_break_above_swing_high,dow_range_or_transition,ordered_dow_wave3_break_above_swing_high,false,false,true,SHORT,PERIOD_M5,sweep_high_reclaim,sweep_high_reclaim,3.400,none,0.000,sweep_high_reclaim,3.400,none,0.000,SHORT,false,PERIOD_H1_NONE_dow_range_or_transition|PERIOD_M15_LONG_ordered_dow_wave3_break_above_swing_high,true,h1_counter_m15_reversal,true,top_NONE_dow_range_or_transition|structure_LONG_ordered_dow_wave3_break_above_swing_high|structure_break_recent_confirmed_swing_break_failed|primary_break_recent_confirmed_swing_break_failed,none,above_75sma_rising,below_75sma_falling,above_75sma_flat_or_falling,-1,0.00000000,-1,0.00000000,false,off,NONE,NONE,0.00000000,0.00000000,0.0000,none,0.000,true,SHORT,return_low_break_or_bos_down,1.03643000,2,1.03815000,1.03410000,false,off,independent,false,,,false,0.0000,none,0.0000,0.0000,none,0.0000,0.0000,0.0000,none,0.0000,0,0,0.0000,none,none,none,none,0.0000,0,0.0000,none,false,true,not_evaluated,true,required_light_or_anchor_flip,short_bias,1.04103000,2025.01.21 01:30:00,1.03854000,2025.01.21 09:30:00,2025.01.21 11:30:00,false,NONE,0.00000000,0.00000000,0.0000,-1,false,,-1,NONE,0.00000000,0.00000000,0.0000,0.0000,none,,none,false,NONE,-1,-1,-1,false,false,none,true,false,false,true,none,true,required,false,PERIOD_M5,,,-1,0.0000,false,0.00000000,0.0000,false,0.0000,false,none,none,false,no_anchor_flip_in_entry_direction,true,required_first_signal_only,SHORT,unknown,0.00000000,,0.00000000,,false,,-1,false,NONE,0.00000000,,0.00000000,0.0000,0.0000,none,-1,false,false,false,no_anchor_flip_in_entry_direction,,,,false,false,false,-1,-1,-1,-1,-1,false,false,false,0.0000,range_n,true,1.03854000,1.03410000,5.3219,false,0.0000,0.0000,0,none,true,0.8741,too_deep,0.000,diagnostic_only,diagnostic_only,diagnostic_only,shallow_pullback,24,0.200,true,none,0.350,medium_quality,false,false,diagnostic_only,both,true,none,true,diagnostic_adjacent_detected,required_light,false,false,LONG,4,false,false,1,2025.01.21 13:30:00,2025.01.21 14:35:00,17,2.6165,0.00000000,1.03450000,1.03450000,false,false,none,0.00000000,false,0.0000,0.0000,false,1,0.0000,false,-1,0.00000000,0.0000,off,false,not_evaluated,none,0.0000,0.0000,none,false,false,false,0.0000,none,false,none,0.0000,false,none,2.1068,2.5995,0.8105,0.0170,true,strong_exhaustion,0.0000,none,none,false,false,none,0.0000,0.0000,0.0000,0.0000,none,false,false,0.0000,0.0000,false,false,-1,none,none,false,0.000,0.000,1.03768000,1.03750000,1.03750000,recent_rejection_zone,0.00014000,0.6667,neckline_level,1.03768000,0.0680,false,true,true,false,not_blocked,4,2,2,m5_failure_exit,off,none,0.00000000,0.0000,1.30,1.03737000,3.400,-0.300,0.200,PERIOD_M15,1.03587000,1.03420000,2.0599,outside,0.000,true,1.03764000,1.03785000,0.00021000,1.03737000,1.286,0.00058857,18.00,0-30,true,false,none,blocked_spread_too_high,3.500,3.500,none,0.0000,false,sweep_reclaim_failed,false,not_invalidated,spread_too_high
2025.01.21 19:50:00,signal,session_reversal_pullback_one_symbol_first120,USDJPY,LONG,2025.01.21 19:45:00,19,16,1,new_york,2025.01.21 16:00,45,first_120min,true,true,3,USDJPY,highest_score_in_session_bar,new_york=USDJPY|EURJPY|GBPJPY|AUDJPY|EURUSD|GBPUSD,existing_first120_gate,new_york,false,false,true,passed_first_window,double_bottom,neckline_break_retest,155.47600000,PERIOD_M5,PERIOD_H1,PERIOD_M15,PERIOD_M5,PERIOD_M5,false,htf_soft_alignment,current_post_filter,transcript_post_filter,dow_trend_down_ll_lh,structure_trend_bias_dow_trend_down_ll_lh,dow_trend_down_ll_lh,structure_trend_bias_dow_trend_down_ll_lh,false,true,false,LONG,PERIOD_M5,double_bottom,double_bottom,4.200,none,0.000,double_bottom,4.200,none,0.000,LONG,false,PERIOD_H1_SHORT_dow_trend_down_ll_lh|PERIOD_M15_SHORT_structure_trend_bias_dow_trend_down_ll_lh,true,h1_counter_m15_reversal,true,top_SHORT_dow_trend_down_ll_lh|structure_SHORT_structure_trend_bias_dow_trend_down_ll_lh|structure_break_recent_confirmed_swing_break_failed|primary_break_no_recent_confirmed_swing_break,none,below_75sma_falling,above_75sma_flat_or_falling,below_75sma_falling,-1,0.00000000,-1,0.00000000,false,off,NONE,NONE,0.00000000,0.00000000,0.0000,none,0.000,true,LONG,return_high_break_or_bos_up,155.76600000,19,156.00500000,155.24700000,false,off,independent,false,,,false,0.0000,none,0.0000,0.0000,none,0.0000,0.0000,0.0000,none,0.0000,0,0,0.0000,none,none,none,none,0.0000,0,0.0000,none,false,true,not_evaluated,true,required_light_or_anchor_flip,short_bias,155.80100000,2025.01.21 12:15:00,155.72700000,2025.01.21 17:00:00,2025.01.21 17:45:00,false,NONE,0.00000000,0.00000000,0.0000,-1,false,,-1,NONE,0.00000000,0.00000000,0.0000,0.0000,none,,none,false,NONE,-1,-1,-1,false,false,none,false,true,false,true,none,true,required,false,PERIOD_M5,,,-1,0.0000,false,0.00000000,0.0000,false,0.0000,false,none,none,false,no_anchor_flip_in_entry_direction,true,required_first_signal_only,LONG,unknown,0.00000000,,0.00000000,,false,,-1,false,NONE,0.00000000,,0.00000000,0.0000,0.0000,none,-1,false,false,false,no_anchor_flip_in_entry_direction,,,,false,false,false,-1,-1,-1,-1,-1,false,false,false,0.0000,falling_n,false,156.04500000,155.24700000,4.8595,false,0.0000,0.0000,0,none,true,0.6596,deep_618_786,0.120,diagnostic_only,diagnostic_only,diagnostic_only,shallow_pullback,24,0.370,true,none,0.520,high_quality,false,false,diagnostic_only,both,true,none,true,diagnostic_adjacent_detected,required_light,false,false,SHORT,5,false,false,2,2025.01.21 16:45:00,2025.01.21 18:20:00,17,8.2657,155.56700000,0.00000000,155.56700000,false,false,none,0.00000000,false,0.0000,0.0000,false,1,0.0000,false,-1,0.00000000,0.0000,off,false,not_evaluated,none,0.0000,0.0000,none,false,false,false,0.0000,none,false,none,0.0000,false,none,5.5105,6.8708,0.8020,1.3948,false,mild_exhaustion,0.0000,none,none,false,false,none,0.0000,0.0000,0.0000,0.0000,none,false,false,0.0000,0.0000,false,false,-1,none,none,false,0.000,0.000,155.51500000,155.48993750,155.53000000,session_high,0.02500000,0.2381,opening_range_high|neckline_level,155.51500000,0.1722,false,true,false,false,not_blocked,3,3,0,m5_failure_exit,off,none,0.00000000,0.0000,1.30,155.64200000,4.200,-0.300,0.200,PERIOD_M15,155.56700000,155.24700000,0.1938,outside,0.000,true,155.50500000,155.40000000,0.10500000,155.64200000,1.305,0.05807143,19.00,30-60,true,false,none,not_consumed,4.300,4.300,none,0.0000,false,opposite_break_first,true,opposite_break_first,spread_too_high
2025.01.21 19:50:00,blocked,session_reversal_pullback_one_symbol_first120,USDJPY,LONG,2025.01.21 19:45:00,19,16,1,new_york,2025.01.21 16:00,45,first_120min,true,true,3,USDJPY,highest_score_in_session_bar,new_york=USDJPY|EURJPY|GBPJPY|AUDJPY|EURUSD|GBPUSD,existing_first120_gate,new_york,false,false,true,passed_first_window,double_bottom,neckline_break_retest,155.47600000,PERIOD_M5,PERIOD_H1,PERIOD_M15,PERIOD_M5,PERIOD_M5,false,htf_soft_alignment,current_post_filter,transcript_post_filter,dow_trend_down_ll_lh,structure_trend_bias_dow_trend_down_ll_lh,dow_trend_down_ll_lh,structure_trend_bias_dow_trend_down_ll_lh,false,true,false,LONG,PERIOD_M5,double_bottom,double_bottom,4.200,none,0.000,double_bottom,4.200,none,0.000,LONG,false,PERIOD_H1_SHORT_dow_trend_down_ll_lh|PERIOD_M15_SHORT_structure_trend_bias_dow_trend_down_ll_lh,true,h1_counter_m15_reversal,true,top_SHORT_dow_trend_down_ll_lh|structure_SHORT_structure_trend_bias_dow_trend_down_ll_lh|structure_break_recent_confirmed_swing_break_failed|primary_break_no_recent_confirmed_swing_break,none,below_75sma_falling,above_75sma_flat_or_falling,below_75sma_falling,-1,0.00000000,-1,0.00000000,false,off,NONE,NONE,0.00000000,0.00000000,0.0000,none,0.000,true,LONG,return_high_break_or_bos_up,155.76600000,19,156.00500000,155.24700000,false,off,independent,false,,,false,0.0000,none,0.0000,0.0000,none,0.0000,0.0000,0.0000,none,0.0000,0,0,0.0000,none,none,none,none,0.0000,0,0.0000,none,false,true,not_evaluated,true,required_light_or_anchor_flip,short_bias,155.80100000,2025.01.21 12:15:00,155.72700000,2025.01.21 17:00:00,2025.01.21 17:45:00,false,NONE,0.00000000,0.00000000,0.0000,-1,false,,-1,NONE,0.00000000,0.00000000,0.0000,0.0000,none,,none,false,NONE,-1,-1,-1,false,false,none,false,true,false,true,none,true,required,false,PERIOD_M5,,,-1,0.0000,false,0.00000000,0.0000,false,0.0000,false,none,none,false,no_anchor_flip_in_entry_direction,true,required_first_signal_only,LONG,unknown,0.00000000,,0.00000000,,false,,-1,false,NONE,0.00000000,,0.00000000,0.0000,0.0000,none,-1,false,false,false,no_anchor_flip_in_entry_direction,,,,false,false,false,-1,-1,-1,-1,-1,false,false,false,0.0000,falling_n,false,156.04500000,155.24700000,4.8595,false,0.0000,0.0000,0,none,true,0.6596,deep_618_786,0.120,diagnostic_only,diagnostic_only,diagnostic_only,shallow_pullback,24,0.370,true,none,0.520,high_quality,false,false,diagnostic_only,both,true,none,true,diagnostic_adjacent_detected,required_light,false,false,SHORT,5,false,false,2,2025.01.21 16:45:00,2025.01.21 18:20:00,17,8.2657,155.56700000,0.00000000,155.56700000,false,false,none,0.00000000,false,0.0000,0.0000,false,1,0.0000,false,-1,0.00000000,0.0000,off,false,not_evaluated,none,0.0000,0.0000,none,false,false,false,0.0000,none,false,none,0.0000,false,none,5.5105,6.8708,0.8020,1.3948,false,mild_exhaustion,0.0000,none,none,false,false,none,0.0000,0.0000,0.0000,0.0000,none,false,false,0.0000,0.0000,false,false,-1,none,none,false,0.000,0.000,155.51500000,155.48993750,155.53000000,session_high,0.02500000,0.2381,opening_range_high|neckline_level,155.51500000,0.1722,false,true,false,false,not_blocked,3,3,0,m5_failure_exit,off,none,0.00000000,0.0000,1.30,155.64200000,4.200,-0.300,0.200,PERIOD_M15,155.56700000,155.24700000,0.1938,outside,0.000,true,155.50500000,155.40000000,0.10500000,155.64200000,1.305,0.05807143,19.00,30-60,true,false,none,blocked_spread_too_high,4.300,4.300,none,0.0000,false,opposite_break_first,true,opposite_break_first,spread_too_high
2025.01.22 04:05:00,signal,session_reversal_pullback_one_symbol_first120,AUDJPY,SHORT,2025.01.22 04:00:00,4,1,10,tokyo,2025.01.22 00:00,60,first_120min,false,true,3,AUDJPY,highest_score_in_session_bar,tokyo=USDJPY|EURJPY|GBPJPY|AUDJPY,existing_first120_gate,tokyo,false,false,true,passed_first_window,double_top,neckline_break_retest,97.50600000,PERIOD_M5,PERIOD_H1,PERIOD_M15,PERIOD_M5,PERIOD_M5,false,htf_soft_alignment,current_post_filter,transcript_post_filter,dow_trend_up_hh_hl,no_ordered_dow_wave3_break,dow_trend_up_hh_hl,no_ordered_dow_wave3_break,false,false,true,SHORT,PERIOD_M5,double_top,double_top,4.200,none,0.000,double_top,4.200,none,0.000,SHORT,false,PERIOD_H1_LONG_dow_trend_up_hh_hl|PERIOD_M15_NONE_no_ordered_dow_wave3_break,true,h1_counter_m15_reversal,true,top_LONG_dow_trend_up_hh_hl|structure_NONE_no_ordered_dow_wave3_break|structure_break_recent_confirmed_swing_break_failed|primary_break_no_recent_confirmed_swing_break,none,above_75sma_rising,above_75sma_rising,below_75sma_flat_or_rising,-1,0.00000000,-1,0.00000000,false,off,NONE,NONE,0.00000000,0.00000000,0.0000,none,0.000,true,SHORT,return_low_break_or_bos_down,97.46400000,10,97.59200000,97.41300000,false,off,independent,false,,,false,0.0000,none,0.0000,0.0000,none,0.0000,0.0000,0.0000,none,0.0000,0,0,0.0000,none,none,none,none,0.0000,0,0.0000,none,false,true,not_evaluated,true,required_light_or_anchor_flip,short_bias,97.41900000,2025.01.21 21:45:00,97.59000000,2025.01.22 00:00:00,2025.01.22 01:15:00,false,NONE,0.00000000,0.00000000,0.0000,-1,false,,-1,NONE,0.00000000,0.00000000,0.0000,0.0000,none,,none,false,NONE,-1,-1,-1,false,false,none,true,false,false,true,none,true,required,false,PERIOD_M5,,,-1,0.0000,false,0.00000000,0.0000,false,0.0000,false,none,none,false,no_anchor_flip_in_entry_direction,true,required_first_signal_only,SHORT,unknown,0.00000000,,0.00000000,,false,,-1,false,NONE,0.00000000,,0.00000000,0.0000,0.0000,none,-1,false,false,false,no_anchor_flip_in_entry_direction,,,,false,false,false,-1,-1,-1,-1,-1,false,false,false,0.0000,range_n,true,97.59200000,97.41300000,2.1886,false,0.0000,0.0000,0,none,true,0.4358,preferred_382_618,0.200,diagnostic_only,diagnostic_only,diagnostic_only,shallow_pullback,7,0.440,true,none,0.590,high_quality,false,false,diagnostic_only,both,true,none,true,diagnostic_adjacent_detected,required_light,false,false,LONG,5,false,false,1,2025.01.22 01:15:00,2025.01.22 03:30:00,6,3.6266,0.00000000,97.45400000,97.45400000,false,false,none,0.00000000,false,0.0000,0.0000,false,1,0.0000,false,-1,0.00000000,0.0000,off,false,not_evaluated,none,0.0000,0.0000,none,false,false,false,0.0000,none,false,none,0.0000,false,none,2.2287,3.6266,0.6145,0.0000,true,strong_exhaustion,0.0000,none,none,false,false,none,0.0000,0.0000,0.0000,0.0000,none,false,false,0.0000,0.0000,false,false,-1,none,none,false,0.000,0.000,97.50291304,97.47100000,97.47100000,pre_session_low,0.02000000,0.2439,neckline_level,97.50600000,0.3039,false,true,true,false,not_blocked,6,5,1,m5_failure_exit,off,none,0.00000000,0.0000,1.30,97.38500000,4.200,-0.300,0.200,PERIOD_M15,97.59200000,97.41300000,0.4358,preferred_382_618,0.000,true,97.49100000,97.57300000,0.08200000,97.38500000,1.293,0.04935714,28.00,60-90,true,false,none,not_consumed,4.300,4.300,none,0.0000,false,opposite_break_first,true,opposite_break_first,spread_too_high
2025.01.22 04:05:00,blocked,session_reversal_pullback_one_symbol_first120,AUDJPY,SHORT,2025.01.22 04:00:00,4,1,10,tokyo,2025.01.22 00:00,60,first_120min,false,true,3,AUDJPY,highest_score_in_session_bar,tokyo=USDJPY|EURJPY|GBPJPY|AUDJPY,existing_first120_gate,tokyo,false,false,true,passed_first_window,double_top,neckline_break_retest,97.50600000,PERIOD_M5,PERIOD_H1,PERIOD_M15,PERIOD_M5,PERIOD_M5,false,htf_soft_alignment,current_post_filter,transcript_post_filter,dow_trend_up_hh_hl,no_ordered_dow_wave3_break,dow_trend_up_hh_hl,no_ordered_dow_wave3_break,false,false,true,SHORT,PERIOD_M5,double_top,double_top,4.200,none,0.000,double_top,4.200,none,0.000,SHORT,false,PERIOD_H1_LONG_dow_trend_up_hh_hl|PERIOD_M15_NONE_no_ordered_dow_wave3_break,true,h1_counter_m15_reversal,true,top_LONG_dow_trend_up_hh_hl|structure_NONE_no_ordered_dow_wave3_break|structure_break_recent_confirmed_swing_break_failed|primary_break_no_recent_confirmed_swing_break,none,above_75sma_rising,above_75sma_rising,below_75sma_flat_or_rising,-1,0.00000000,-1,0.00000000,false,off,NONE,NONE,0.00000000,0.00000000,0.0000,none,0.000,true,SHORT,return_low_break_or_bos_down,97.46400000,10,97.59200000,97.41300000,false,off,independent,false,,,false,0.0000,none,0.0000,0.0000,none,0.0000,0.0000,0.0000,none,0.0000,0,0,0.0000,none,none,none,none,0.0000,0,0.0000,none,false,true,not_evaluated,true,required_light_or_anchor_flip,short_bias,97.41900000,2025.01.21 21:45:00,97.59000000,2025.01.22 00:00:00,2025.01.22 01:15:00,false,NONE,0.00000000,0.00000000,0.0000,-1,false,,-1,NONE,0.00000000,0.00000000,0.0000,0.0000,none,,none,false,NONE,-1,-1,-1,false,false,none,true,false,false,true,none,true,required,false,PERIOD_M5,,,-1,0.0000,false,0.00000000,0.0000,false,0.0000,false,none,none,false,no_anchor_flip_in_entry_direction,true,required_first_signal_only,SHORT,unknown,0.00000000,,0.00000000,,false,,-1,false,NONE,0.00000000,,0.00000000,0.0000,0.0000,none,-1,false,false,false,no_anchor_flip_in_entry_direction,,,,false,false,false,-1,-1,-1,-1,-1,false,false,false,0.0000,range_n,true,97.59200000,97.41300000,2.1886,false,0.0000,0.0000,0,none,true,0.4358,preferred_382_618,0.200,diagnostic_only,diagnostic_only,diagnostic_only,shallow_pullback,7,0.440,true,none,0.590,high_quality,false,false,diagnostic_only,both,true,none,true,diagnostic_adjacent_detected,required_light,false,false,LONG,5,false,false,1,2025.01.22 01:15:00,2025.01.22 03:30:00,6,3.6266,0.00000000,97.45400000,97.45400000,false,false,none,0.00000000,false,0.0000,0.0000,false,1,0.0000,false,-1,0.00000000,0.0000,off,false,not_evaluated,none,0.0000,0.0000,none,false,false,false,0.0000,none,false,none,0.0000,false,none,2.2287,3.6266,0.6145,0.0000,true,strong_exhaustion,0.0000,none,none,false,false,none,0.0000,0.0000,0.0000,0.0000,none,false,false,0.0000,0.0000,false,false,-1,none,none,false,0.000,0.000,97.50291304,97.47100000,97.47100000,pre_session_low,0.02000000,0.2439,neckline_level,97.50600000,0.3039,false,true,true,false,not_blocked,6,5,1,m5_failure_exit,off,none,0.00000000,0.0000,1.30,97.38500000,4.200,-0.300,0.200,PERIOD_M15,97.59200000,97.41300000,0.4358,preferred_382_618,0.000,true,97.49100000,97.57300000,0.08200000,97.38500000,1.293,0.04935714,28.00,60-90,true,false,none,blocked_spread_too_high,4.300,4.300,none,0.0000,false,opposite_break_first,true,opposite_break_first,spread_too_high
2025.01.22 10:25:00,signal,session_reversal_pullback_one_symbol_first120,USDJPY,LONG,2025.01.22 10:20:00,10,7,16,london,2025.01.22 07:00,20,first_120min,true,true,3,USDJPY,highest_score_in_session_bar,london=USDJPY|EURJPY|GBPJPY|AUDJPY|EURUSD|GBPUSD,existing_first120_gate,london,true,false,true,passed_first_window,double_bottom,neckline_break_retest,155.85400000,PERIOD_M5,PERIOD_H1,PERIOD_M15,PERIOD_M5,PERIOD_M5,false,htf_soft_alignment,current_post_filter,transcript_post_filter,dow_range_or_transition,ordered_dow_wave3_break_above_swing_high,dow_range_or_transition,ordered_dow_wave3_break_above_swing_high,false,true,true,LONG,PERIOD_M5,double_bottom,double_bottom,4.200,none,0.000,double_bottom,4.200,none,0.000,LONG,false,PERIOD_H1_NONE_dow_range_or_transition|PERIOD_M15_LONG_ordered_dow_wave3_break_above_swing_high,true,h1_counter_m15_reversal,true,top_NONE_dow_range_or_transition|structure_LONG_ordered_dow_wave3_break_above_swing_high|structure_break_recent_confirmed_swing_break_retest|primary_break_recent_confirmed_swing_break_failed,none,above_75sma_rising,above_75sma_rising,above_75sma_rising,0,155.96900000,-1,0.00000000,false,off,NONE,NONE,0.00000000,0.00000000,0.0000,none,0.000,true,LONG,return_high_break_or_bos_up,155.96900000,0,155.96900000,155.79200000,false,off,independent,false,,,false,0.0000,none,0.0000,0.0000,none,0.0000,0.0000,0.0000,none,0.0000,0,0,0.0000,none,none,none,none,0.0000,0,0.0000,none,false,true,not_evaluated,true,required_light_or_anchor_flip,long_bias,155.67500000,2025.01.22 08:00:00,155.94600000,2025.01.22 07:15:00,2025.01.22 08:30:00,false,NONE,0.00000000,0.00000000,0.0000,-1,false,,-1,NONE,0.00000000,0.00000000,0.0000,0.0000,none,,none,false,NONE,-1,-1,-1,false,false,none,true,false,false,true,none,true,required,false,PERIOD_M5,,,-1,0.0000,false,0.00000000,0.0000,false,0.0000,false,none,none,false,no_anchor_flip_in_entry_direction,true,required_first_signal_only,LONG,unknown,0.00000000,,0.00000000,,false,,-1,false,NONE,0.00000000,,0.00000000,0.0000,0.0000,none,-1,false,false,false,no_anchor_flip_in_entry_direction,,,,false,false,false,-1,-1,-1,-1,-1,false,false,false,0.0000,rising_n,false,155.96900000,155.67500000,2.6067,false,0.0000,0.0000,0,none,true,0.3787,shallow_236_382,0.080,diagnostic_only,diagnostic_only,diagnostic_only,shallow_pullback,4,0.320,true,none,0.470,high_quality,false,false,diagnostic_only,both,true,none,true,diagnostic_adjacent_detected,required_light,false,false,SHORT,5,false,false,0,2025.01.22 08:05:00,2025.01.22 10:00:00,4,5.4572,156.10300000,0.00000000,156.10300000,false,false,none,0.00000000,false,0.0000,0.0000,false,1,0.0000,false,-1,0.00000000,0.0000,off,false,not_evaluated,none,0.0000,0.0000,none,false,false,false,0.0000,none,false,none,0.0000,false,none,3.9654,3.7486,1.0578,0.0000,true,strong_exhaustion,0.0000,none,none,false,false,none,0.0000,0.0000,0.0000,0.0000,none,false,false,0.0000,0.0000,false,false,-1,none,none,false,0.000,0.000,155.96900000,155.87700000,155.96900000,structure_confirmed_swing_high,0.07200000,0.7742,neckline_level,155.85400000,0.5483,false,true,true,false,not_blocked,3,1,2,m5_failure_exit,off,none,0.00000000,0.0000,1.30,156.01800000,4.200,-0.300,0.200,PERIOD_M15,155.96900000,155.79200000,0.4068,preferred_382_618,0.000,true,155.89700000,155.80400000,0.09300000,156.01800000,1.301,0.07842857,16.00,0-30,true,false,none,not_consumed,4.650,4.650,none,0.0000,false,opposite_break_first,true,opposite_break_first,spread_too_high
2025.01.22 10:25:00,blocked,session_reversal_pullback_one_symbol_first120,USDJPY,LONG,2025.01.22 10:20:00,10,7,16,london,2025.01.22 07:00,20,first_120min,true,true,3,USDJPY,highest_score_in_session_bar,london=USDJPY|EURJPY|GBPJPY|AUDJPY|EURUSD|GBPUSD,existing_first120_gate,london,true,false,true,passed_first_window,double_bottom,neckline_break_retest,155.85400000,PERIOD_M5,PERIOD_H1,PERIOD_M15,PERIOD_M5,PERIOD_M5,false,htf_soft_alignment,current_post_filter,transcript_post_filter,dow_range_or_transition,ordered_dow_wave3_break_above_swing_high,dow_range_or_transition,ordered_dow_wave3_break_above_swing_high,false,true,true,LONG,PERIOD_M5,double_bottom,double_bottom,4.200,none,0.000,double_bottom,4.200,none,0.000,LONG,false,PERIOD_H1_NONE_dow_range_or_transition|PERIOD_M15_LONG_ordered_dow_wave3_break_above_swing_high,true,h1_counter_m15_reversal,true,top_NONE_dow_range_or_transition|structure_LONG_ordered_dow_wave3_break_above_swing_high|structure_break_recent_confirmed_swing_break_retest|primary_break_recent_confirmed_swing_break_failed,none,above_75sma_rising,above_75sma_rising,above_75sma_rising,0,155.96900000,-1,0.00000000,false,off,NONE,NONE,0.00000000,0.00000000,0.0000,none,0.000,true,LONG,return_high_break_or_bos_up,155.96900000,0,155.96900000,155.79200000,false,off,independent,false,,,false,0.0000,none,0.0000,0.0000,none,0.0000,0.0000,0.0000,none,0.0000,0,0,0.0000,none,none,none,none,0.0000,0,0.0000,none,false,true,not_evaluated,true,required_light_or_anchor_flip,long_bias,155.67500000,2025.01.22 08:00:00,155.94600000,2025.01.22 07:15:00,2025.01.22 08:30:00,false,NONE,0.00000000,0.00000000,0.0000,-1,false,,-1,NONE,0.00000000,0.00000000,0.0000,0.0000,none,,none,false,NONE,-1,-1,-1,false,false,none,true,false,false,true,none,true,required,false,PERIOD_M5,,,-1,0.0000,false,0.00000000,0.0000,false,0.0000,false,none,none,false,no_anchor_flip_in_entry_direction,true,required_first_signal_only,LONG,unknown,0.00000000,,0.00000000,,false,,-1,false,NONE,0.00000000,,0.00000000,0.0000,0.0000,none,-1,false,false,false,no_anchor_flip_in_entry_direction,,,,false,false,false,-1,-1,-1,-1,-1,false,false,false,0.0000,rising_n,false,155.96900000,155.67500000,2.6067,false,0.0000,0.0000,0,none,true,0.3787,shallow_236_382,0.080,diagnostic_only,diagnostic_only,diagnostic_only,shallow_pullback,4,0.320,true,none,0.470,high_quality,false,false,diagnostic_only,both,true,none,true,diagnostic_adjacent_detected,required_light,false,false,SHORT,5,false,false,0,2025.01.22 08:05:00,2025.01.22 10:00:00,4,5.4572,156.10300000,0.00000000,156.10300000,false,false,none,0.00000000,false,0.0000,0.0000,false,1,0.0000,false,-1,0.00000000,0.0000,off,false,not_evaluated,none,0.0000,0.0000,none,false,false,false,0.0000,none,false,none,0.0000,false,none,3.9654,3.7486,1.0578,0.0000,true,strong_exhaustion,0.0000,none,none,false,false,none,0.0000,0.0000,0.0000,0.0000,none,false,false,0.0000,0.0000,false,false,-1,none,none,false,0.000,0.000,155.96900000,155.87700000,155.96900000,structure_confirmed_swing_high,0.07200000,0.7742,neckline_level,155.85400000,0.5483,false,true,true,false,not_blocked,3,1,2,m5_failure_exit,off,none,0.00000000,0.0000,1.30,156.01800000,4.200,-0.300,0.200,PERIOD_M15,155.96900000,155.79200000,0.4068,preferred_382_618,0.000,true,155.89700000,155.80400000,0.09300000,156.01800000,1.301,0.07842857,16.00,0-30,true,false,none,blocked_spread_too_high,4.650,4.650,none,0.0000,false,opposite_break_first,true,opposite_break_first,spread_too_high
2025.01.23 16:15:00,signal,session_reversal_pullback_one_symbol_first120,GBPJPY,LONG,2025.01.23 16:10:00,16,13,22,london_newyork_overlap,2025.01.23 13:00,10,first_120min,true,true,3,GBPJPY,highest_score_in_session_bar,london_newyork_overlap=USDJPY|EURJPY|GBPJPY|AUDJPY|EURUSD|GBPUSD,existing_first120_gate,london_newyork_overlap,false,false,true,passed_first_window,inverse_head_and_shoulders,neckline_break_retest,192.53200000,PERIOD_M5,PERIOD_H1,PERIOD_M15,PERIOD_M5,PERIOD_M5,false,htf_soft_alignment,current_post_filter,transcript_post_filter,dow_range_or_transition,no_ordered_dow_wave3_break,dow_range_or_transition,no_ordered_dow_wave3_break,false,true,false,LONG,PERIOD_M5,inverse_head_and_shoulders,inverse_head_and_shoulders,4.500,none,0.000,inverse_head_and_shoulders,4.500,none,0.000,LONG,false,PERIOD_H1_NONE_dow_range_or_transition|PERIOD_M15_NONE_no_ordered_dow_wave3_break,true,h1_counter_m15_reversal,true,top_NONE_dow_range_or_transition|structure_NONE_no_ordered_dow_wave3_break|structure_break_recent_confirmed_swing_break_failed|primary_break_no_recent_confirmed_swing_break,none,above_75sma_rising,below_75sma_falling,above_75sma_flat_or_falling,-1,0.00000000,-1,0.00000000,false,off,NONE,NONE,0.00000000,0.00000000,0.0000,none,0.000,true,LONG,return_high_break_or_bos_up,192.73100000,11,192.87100000,192.36600000,false,off,independent,false,,,false,0.0000,none,0.0000,0.0000,none,0.0000,0.0000,0.0000,none,0.0000,0,0,0.0000,none,none,none,none,0.0000,0,0.0000,none,false,true,not_evaluated,true,required_light_or_anchor_flip,long_bias,192.37300000,2025.01.23 12:00:00,192.78500000,2025.01.23 09:45:00,2025.01.23 13:30:00,false,NONE,0.00000000,0.00000000,0.0000,-1,false,,-1,NONE,0.00000000,0.00000000,0.0000,0.0000,none,,none,false,NONE,-1,-1,-1,false,false,none,true,false,false,true,none,true,required,false,PERIOD_M5,,,-1,0.0000,false,0.00000000,0.0000,false,0.0000,false,none,none,false,no_anchor_flip_in_entry_direction,true,required_first_signal_only,LONG,unknown,0.00000000,,0.00000000,,false,,-1,false,NONE,0.00000000,,0.00000000,0.0000,0.0000,none,-1,false,false,false,no_anchor_flip_in_entry_direction,,,,false,false,false,-1,-1,-1,-1,-1,false,false,false,0.0000,rising_n,false,192.87100000,192.37300000,3.0687,false,0.0000,0.0000,0,none,true,0.4634,preferred_382_618,0.200,diagnostic_only,diagnostic_only,diagnostic_only,fib_pullback,24,0.400,true,none,0.550,high_quality,false,false,diagnostic_only,both,true,none,true,diagnostic_adjacent_detected,required_light,false,true,SHORT,6,true,true,2,2025.01.23 14:55:00,2025.01.23 15:40:00,6,2.3851,192.62700000,0.00000000,192.62700000,false,false,none,0.00000000,false,0.0000,0.0000,false,1,0.0000,false,-1,0.00000000,0.0000,off,false,not_evaluated,none,0.0000,0.0000,none,false,false,false,0.0000,none,false,none,0.0000,false,none,2.3851,2.1841,1.0921,0.1462,false,mild_exhaustion,0.0000,none,none,false,false,none,0.0000,0.0000,0.0000,0.0000,none,false,false,0.0000,0.0000,false,false,-1,none,none,false,0.000,0.000,192.85400000,192.63600000,192.85400000,failed_breakout_level,0.21700000,0.8037,session_high|opening_range_high|neckline_level,192.63600000,0.0091,false,true,false,false,not_blocked,3,3,0,m5_failure_exit,off,none,0.00000000,0.0000,1.30,192.98800000,4.500,0.000,0.200,PERIOD_M15,192.87100000,192.37300000,0.4699,preferred_382_618,0.000,true,192.63700000,192.36700000,0.27000000,192.98800000,1.300,0.10942857,38.00,0-30,true,false,none,not_consumed,4.900,4.900,none,0.0000,false,neckline_retest_failed,false,not_invalidated,spread_too_high
2025.01.23 16:15:00,blocked,session_reversal_pullback_one_symbol_first120,GBPJPY,LONG,2025.01.23 16:10:00,16,13,22,london_newyork_overlap,2025.01.23 13:00,10,first_120min,true,true,3,GBPJPY,highest_score_in_session_bar,london_newyork_overlap=USDJPY|EURJPY|GBPJPY|AUDJPY|EURUSD|GBPUSD,existing_first120_gate,london_newyork_overlap,false,false,true,passed_first_window,inverse_head_and_shoulders,neckline_break_retest,192.53200000,PERIOD_M5,PERIOD_H1,PERIOD_M15,PERIOD_M5,PERIOD_M5,false,htf_soft_alignment,current_post_filter,transcript_post_filter,dow_range_or_transition,no_ordered_dow_wave3_break,dow_range_or_transition,no_ordered_dow_wave3_break,false,true,false,LONG,PERIOD_M5,inverse_head_and_shoulders,inverse_head_and_shoulders,4.500,none,0.000,inverse_head_and_shoulders,4.500,none,0.000,LONG,false,PERIOD_H1_NONE_dow_range_or_transition|PERIOD_M15_NONE_no_ordered_dow_wave3_break,true,h1_counter_m15_reversal,true,top_NONE_dow_range_or_transition|structure_NONE_no_ordered_dow_wave3_break|structure_break_recent_confirmed_swing_break_failed|primary_break_no_recent_confirmed_swing_break,none,above_75sma_rising,below_75sma_falling,above_75sma_flat_or_falling,-1,0.00000000,-1,0.00000000,false,off,NONE,NONE,0.00000000,0.00000000,0.0000,none,0.000,true,LONG,return_high_break_or_bos_up,192.73100000,11,192.87100000,192.36600000,false,off,independent,false,,,false,0.0000,none,0.0000,0.0000,none,0.0000,0.0000,0.0000,none,0.0000,0,0,0.0000,none,none,none,none,0.0000,0,0.0000,none,false,true,not_evaluated,true,required_light_or_anchor_flip,long_bias,192.37300000,2025.01.23 12:00:00,192.78500000,2025.01.23 09:45:00,2025.01.23 13:30:00,false,NONE,0.00000000,0.00000000,0.0000,-1,false,,-1,NONE,0.00000000,0.00000000,0.0000,0.0000,none,,none,false,NONE,-1,-1,-1,false,false,none,true,false,false,true,none,true,required,false,PERIOD_M5,,,-1,0.0000,false,0.00000000,0.0000,false,0.0000,false,none,none,false,no_anchor_flip_in_entry_direction,true,required_first_signal_only,LONG,unknown,0.00000000,,0.00000000,,false,,-1,false,NONE,0.00000000,,0.00000000,0.0000,0.0000,none,-1,false,false,false,no_anchor_flip_in_entry_direction,,,,false,false,false,-1,-1,-1,-1,-1,false,false,false,0.0000,rising_n,false,192.87100000,192.37300000,3.0687,false,0.0000,0.0000,0,none,true,0.4634,preferred_382_618,0.200,diagnostic_only,diagnostic_only,diagnostic_only,fib_pullback,24,0.400,true,none,0.550,high_quality,false,false,diagnostic_only,both,true,none,true,diagnostic_adjacent_detected,required_light,false,true,SHORT,6,true,true,2,2025.01.23 14:55:00,2025.01.23 15:40:00,6,2.3851,192.62700000,0.00000000,192.62700000,false,false,none,0.00000000,false,0.0000,0.0000,false,1,0.0000,false,-1,0.00000000,0.0000,off,false,not_evaluated,none,0.0000,0.0000,none,false,false,false,0.0000,none,false,none,0.0000,false,none,2.3851,2.1841,1.0921,0.1462,false,mild_exhaustion,0.0000,none,none,false,false,none,0.0000,0.0000,0.0000,0.0000,none,false,false,0.0000,0.0000,false,false,-1,none,none,false,0.000,0.000,192.85400000,192.63600000,192.85400000,failed_breakout_level,0.21700000,0.8037,session_high|opening_range_high|neckline_level,192.63600000,0.0091,false,true,false,false,not_blocked,3,3,0,m5_failure_exit,off,none,0.00000000,0.0000,1.30,192.98800000,4.500,0.000,0.200,PERIOD_M15,192.87100000,192.37300000,0.4699,preferred_382_618,0.000,true,192.63700000,192.36700000,0.27000000,192.98800000,1.300,0.10942857,38.00,0-30,true,false,none,blocked_spread_too_high,4.900,4.900,none,0.0000,false,neckline_retest_failed,false,not_invalidated,spread_too_high
2025.01.23 19:10:01,signal,session_reversal_pullback_one_symbol_first120,EURJPY,LONG,2025.01.23 19:05:00,19,16,1,new_york,2025.01.23 16:00,5,first_120min,true,true,3,EURJPY,highest_score_in_session_bar,new_york=USDJPY|EURJPY|GBPJPY|AUDJPY|EURUSD|GBPUSD,existing_first120_gate,new_york,false,false,true,passed_first_window,inverse_head_and_shoulders,neckline_break_retest,162.58500000,PERIOD_M5,PERIOD_H1,PERIOD_M15,PERIOD_M5,PERIOD_M5,false,htf_soft_alignment,current_post_filter,transcript_post_filter,dow_trend_down_ll_lh,structure_trend_bias_dow_trend_down_ll_lh,dow_trend_down_ll_lh,structure_trend_bias_dow_trend_down_ll_lh,false,true,false,LONG,PERIOD_M5,inverse_head_and_shoulders,inverse_head_and_shoulders,4.500,none,0.000,inverse_head_and_shoulders,4.500,none,0.000,LONG,false,PERIOD_H1_SHORT_dow_trend_down_ll_lh|PERIOD_M15_SHORT_structure_trend_bias_dow_trend_down_ll_lh,true,h1_counter_m15_reversal,true,top_SHORT_dow_trend_down_ll_lh|structure_SHORT_structure_trend_bias_dow_trend_down_ll_lh|structure_break_recent_confirmed_swing_break_failed|primary_break_recent_confirmed_swing_break_continuation,none,above_75sma_rising,below_75sma_falling,above_75sma_flat_or_falling,-1,0.00000000,0,162.50000000,false,off,NONE,NONE,0.00000000,0.00000000,0.0000,none,0.000,true,LONG,return_high_break_or_bos_up,162.86800000,22,162.93300000,162.18000000,false,off,independent,false,,,false,0.0000,none,0.0000,0.0000,none,0.0000,0.0000,0.0000,none,0.0000,0,0,0.0000,none,none,none,none,0.0000,0,0.0000,none,false,true,not_evaluated,true,required_light_or_anchor_flip,short_bias,162.76200000,2025.01.23 13:00:00,162.82200000,2025.01.23 16:30:00,2025.01.23 18:00:00,false,NONE,0.00000000,0.00000000,0.0000,-1,false,,-1,NONE,0.00000000,0.00000000,0.0000,0.0000,none,,none,false,NONE,-1,-1,-1,false,false,none,false,true,false,true,none,true,required,false,PERIOD_M5,,,-1,0.0000,false,0.00000000,0.0000,false,0.0000,false,none,none,false,no_anchor_flip_in_entry_direction,true,required_first_signal_only,LONG,unknown,0.00000000,,0.00000000,,false,,-1,false,NONE,0.00000000,,0.00000000,0.0000,0.0000,none,-1,false,false,false,no_anchor_flip_in_entry_direction,,,,false,false,false,-1,-1,-1,-1,-1,false,false,false,0.0000,falling_n,false,162.93300000,162.18000000,4.2017,false,0.0000,0.0000,0,none,true,0.3386,shallow_236_382,0.080,diagnostic_only,diagnostic_only,diagnostic_only,deep_pullback,24,0.280,true,none,0.430,high_quality,false,false,diagnostic_only,both,true,none,true,diagnostic_adjacent_detected,required_light,false,false,SHORT,5,false,false,2,2025.01.23 17:05:00,2025.01.23 18:20:00,9,3.3971,162.50000000,0.00000000,162.50000000,true,true,m5_lh_close_break_up,162.50000000,true,0.2095,0.5687,true,1,0.0000,false,4,162.50000000,0.0299,off,false,not_evaluated,none,0.5714,0.4286,normal,true,false,false,0.0000,held_clean,true,favorable_side,0.4474,true,strong_retest,2.3944,1.6387,1.4612,1.7584,false,no_shrink,0.0000,none,none,false,false,none,0.0000,0.0000,0.0000,0.0000,none,false,false,0.0000,0.0000,false,false,-1,none,none,false,0.000,0.000,162.80100000,162.67100000,162.80100000,failed_breakout_level,0.12300000,0.3114,session_high|opening_range_high|neckline_level,162.67100000,0.0524,false,true,true,false,not_blocked,6,4,2,m5_failure_exit,off,none,0.00000000,0.0000,1.30,163.19200000,4.500,-0.300,0.200,PERIOD_M15,162.82200000,162.49500000,0.4404,preferred_382_618,0.000,true,162.67800000,162.28300000,0.39500000,163.19200000,1.301,0.13364286,30.00,0-30,true,false,none,not_consumed,4.800,4.800,none,0.0000,false,neckline_retest_failed,false,not_invalidated,spread_too_high
2025.01.23 19:10:01,blocked,session_reversal_pullback_one_symbol_first120,EURJPY,LONG,2025.01.23 19:05:00,19,16,1,new_york,2025.01.23 16:00,5,first_120min,true,true,3,EURJPY,highest_score_in_session_bar,new_york=USDJPY|EURJPY|GBPJPY|AUDJPY|EURUSD|GBPUSD,existing_first120_gate,new_york,false,false,true,passed_first_window,inverse_head_and_shoulders,neckline_break_retest,162.58500000,PERIOD_M5,PERIOD_H1,PERIOD_M15,PERIOD_M5,PERIOD_M5,false,htf_soft_alignment,current_post_filter,transcript_post_filter,dow_trend_down_ll_lh,structure_trend_bias_dow_trend_down_ll_lh,dow_trend_down_ll_lh,structure_trend_bias_dow_trend_down_ll_lh,false,true,false,LONG,PERIOD_M5,inverse_head_and_shoulders,inverse_head_and_shoulders,4.500,none,0.000,inverse_head_and_shoulders,4.500,none,0.000,LONG,false,PERIOD_H1_SHORT_dow_trend_down_ll_lh|PERIOD_M15_SHORT_structure_trend_bias_dow_trend_down_ll_lh,true,h1_counter_m15_reversal,true,top_SHORT_dow_trend_down_ll_lh|structure_SHORT_structure_trend_bias_dow_trend_down_ll_lh|structure_break_recent_confirmed_swing_break_failed|primary_break_recent_confirmed_swing_break_continuation,none,above_75sma_rising,below_75sma_falling,above_75sma_flat_or_falling,-1,0.00000000,0,162.50000000,false,off,NONE,NONE,0.00000000,0.00000000,0.0000,none,0.000,true,LONG,return_high_break_or_bos_up,162.86800000,22,162.93300000,162.18000000,false,off,independent,false,,,false,0.0000,none,0.0000,0.0000,none,0.0000,0.0000,0.0000,none,0.0000,0,0,0.0000,none,none,none,none,0.0000,0,0.0000,none,false,true,not_evaluated,true,required_light_or_anchor_flip,short_bias,162.76200000,2025.01.23 13:00:00,162.82200000,2025.01.23 16:30:00,2025.01.23 18:00:00,false,NONE,0.00000000,0.00000000,0.0000,-1,false,,-1,NONE,0.00000000,0.00000000,0.0000,0.0000,none,,none,false,NONE,-1,-1,-1,false,false,none,false,true,false,true,none,true,required,false,PERIOD_M5,,,-1,0.0000,false,0.00000000,0.0000,false,0.0000,false,none,none,false,no_anchor_flip_in_entry_direction,true,required_first_signal_only,LONG,unknown,0.00000000,,0.00000000,,false,,-1,false,NONE,0.00000000,,0.00000000,0.0000,0.0000,none,-1,false,false,false,no_anchor_flip_in_entry_direction,,,,false,false,false,-1,-1,-1,-1,-1,false,false,false,0.0000,falling_n,false,162.93300000,162.18000000,4.2017,false,0.0000,0.0000,0,none,true,0.3386,shallow_236_382,0.080,diagnostic_only,diagnostic_only,diagnostic_only,deep_pullback,24,0.280,true,none,0.430,high_quality,false,false,diagnostic_only,both,true,none,true,diagnostic_adjacent_detected,required_light,false,false,SHORT,5,false,false,2,2025.01.23 17:05:00,2025.01.23 18:20:00,9,3.3971,162.50000000,0.00000000,162.50000000,true,true,m5_lh_close_break_up,162.50000000,true,0.2095,0.5687,true,1,0.0000,false,4,162.50000000,0.0299,off,false,not_evaluated,none,0.5714,0.4286,normal,true,false,false,0.0000,held_clean,true,favorable_side,0.4474,true,strong_retest,2.3944,1.6387,1.4612,1.7584,false,no_shrink,0.0000,none,none,false,false,none,0.0000,0.0000,0.0000,0.0000,none,false,false,0.0000,0.0000,false,false,-1,none,none,false,0.000,0.000,162.80100000,162.67100000,162.80100000,failed_breakout_level,0.12300000,0.3114,session_high|opening_range_high|neckline_level,162.67100000,0.0524,false,true,true,false,not_blocked,6,4,2,m5_failure_exit,off,none,0.00000000,0.0000,1.30,163.19200000,4.500,-0.300,0.200,PERIOD_M15,162.82200000,162.49500000,0.4404,preferred_382_618,0.000,true,162.67800000,162.28300000,0.39500000,163.19200000,1.301,0.13364286,30.00,0-30,true,false,none,blocked_spread_too_high,4.800,4.800,none,0.0000,false,neckline_retest_failed,false,not_invalidated,spread_too_high
2025.01.24 10:05:00,signal,session_reversal_pullback_one_symbol_first120,AUDJPY,SHORT,2025.01.24 10:00:00,10,7,16,london,2025.01.24 07:00,0,first_120min,true,true,3,AUDJPY,highest_score_in_session_bar,london=USDJPY|EURJPY|GBPJPY|AUDJPY|EURUSD|GBPUSD,existing_first120_gate,london,false,false,true,passed_first_window,head_and_shoulders,neckline_break_retest,98.09900000,PERIOD_M5,PERIOD_H1,PERIOD_M15,PERIOD_M5,PERIOD_M5,false,htf_soft_alignment,current_post_filter,transcript_post_filter,dow_range_or_transition,no_ordered_dow_wave3_break,dow_range_or_transition,no_ordered_dow_wave3_break,false,false,true,SHORT,PERIOD_M5,head_and_shoulders,head_and_shoulders,4.500,none,0.000,head_and_shoulders,4.500,none,0.000,SHORT,false,PERIOD_H1_NONE_dow_range_or_transition|PERIOD_M15_NONE_no_ordered_dow_wave3_break,true,h1_counter_m15_reversal,true,top_NONE_dow_range_or_transition|structure_NONE_no_ordered_dow_wave3_break|structure_break_recent_confirmed_swing_break_failed|primary_break_recent_confirmed_swing_break_retest,none,above_75sma_rising,near_75sma,below_75sma_falling,-1,0.00000000,0,98.12600000,false,off,NONE,NONE,0.00000000,0.00000000,0.0000,none,0.000,true,SHORT,return_low_break_or_bos_down,97.97800000,14,98.64000000,97.87100000,false,off,independent,false,,,false,0.0000,none,0.0000,0.0000,none,0.0000,0.0000,0.0000,none,0.0000,0,0,0.0000,none,none,none,none,0.0000,0,0.0000,none,false,true,not_evaluated,true,required_light_or_anchor_flip,short_bias,97.97800000,2025.01.24 01:30:00,98.64000000,2025.01.24 05:15:00,2025.01.24 06:15:00,false,NONE,0.00000000,0.00000000,0.0000,-1,false,,-1,NONE,0.00000000,0.00000000,0.0000,0.0000,none,,none,false,NONE,-1,-1,-1,false,false,none,true,false,false,true,none,true,required,false,PERIOD_M5,,,-1,0.0000,false,0.00000000,0.0000,false,0.0000,false,none,none,false,no_anchor_flip_in_entry_direction,true,required_first_signal_only,SHORT,unknown,0.00000000,,0.00000000,,false,,-1,false,NONE,0.00000000,,0.00000000,0.0000,0.0000,none,-1,false,false,false,no_anchor_flip_in_entry_direction,,,,false,false,false,-1,-1,-1,-1,-1,false,false,false,0.0000,range_n,true,98.64000000,97.87100000,4.7913,false,0.0000,0.0000,0,none,true,0.1769,no_fib,0.000,diagnostic_only,diagnostic_only,diagnostic_only,shallow_pullback,24,0.170,true,none,0.320,high_quality,false,false,diagnostic_only,both,true,none,true,diagnostic_adjacent_detected,required_light,false,false,LONG,5,false,false,0,2025.01.24 08:05:00,2025.01.24 09:10:00,10,5.4132,0.00000000,97.94700000,97.94700000,false,false,none,0.00000000,false,0.0000,0.0000,false,1,0.0000,false,-1,0.00000000,0.0000,off,false,not_evaluated,none,0.0000,0.0000,none,false,false,false,0.0000,none,false,none,0.0000,false,none,3.5876,3.5133,1.0211,0.0000,true,strong_exhaustion,0.0000,none,none,false,false,none,0.0000,0.0000,0.0000,0.0000,none,false,false,0.0000,0.0000,false,false,-1,none,none,false,0.000,0.000,98.00900000,97.98500000,97.94700000,structure_confirmed_swing_low,0.06000000,0.2308,session_low|opening_range_low|neckline_level,97.98500000,0.2335,false,true,true,false,not_blocked,5,4,1,m5_failure_exit,off,none,0.00000000,0.0000,1.30,97.66900000,4.500,-0.300,0.200,PERIOD_M15,98.45700000,97.94700000,0.1176,outside,0.000,true,98.00700000,98.26700000,0.26000000,97.66900000,1.300,0.09421429,28.00,0-30,true,false,none,not_consumed,4.800,4.800,none,0.0000,false,neckline_retest_failed,false,not_invalidated,spread_too_high
2025.01.24 10:05:00,blocked,session_reversal_pullback_one_symbol_first120,AUDJPY,SHORT,2025.01.24 10:00:00,10,7,16,london,2025.01.24 07:00,0,first_120min,true,true,3,AUDJPY,highest_score_in_session_bar,london=USDJPY|EURJPY|GBPJPY|AUDJPY|EURUSD|GBPUSD,existing_first120_gate,london,false,false,true,passed_first_window,head_and_shoulders,neckline_break_retest,98.09900000,PERIOD_M5,PERIOD_H1,PERIOD_M15,PERIOD_M5,PERIOD_M5,false,htf_soft_alignment,current_post_filter,transcript_post_filter,dow_range_or_transition,no_ordered_dow_wave3_break,dow_range_or_transition,no_ordered_dow_wave3_break,false,false,true,SHORT,PERIOD_M5,head_and_shoulders,head_and_shoulders,4.500,none,0.000,head_and_shoulders,4.500,none,0.000,SHORT,false,PERIOD_H1_NONE_dow_range_or_transition|PERIOD_M15_NONE_no_ordered_dow_wave3_break,true,h1_counter_m15_reversal,true,top_NONE_dow_range_or_transition|structure_NONE_no_ordered_dow_wave3_break|structure_break_recent_confirmed_swing_break_failed|primary_break_recent_confirmed_swing_break_retest,none,above_75sma_rising,near_75sma,below_75sma_falling,-1,0.00000000,0,98.12600000,false,off,NONE,NONE,0.00000000,0.00000000,0.0000,none,0.000,true,SHORT,return_low_break_or_bos_down,97.97800000,14,98.64000000,97.87100000,false,off,independent,false,,,false,0.0000,none,0.0000,0.0000,none,0.0000,0.0000,0.0000,none,0.0000,0,0,0.0000,none,none,none,none,0.0000,0,0.0000,none,false,true,not_evaluated,true,required_light_or_anchor_flip,short_bias,97.97800000,2025.01.24 01:30:00,98.64000000,2025.01.24 05:15:00,2025.01.24 06:15:00,false,NONE,0.00000000,0.00000000,0.0000,-1,false,,-1,NONE,0.00000000,0.00000000,0.0000,0.0000,none,,none,false,NONE,-1,-1,-1,false,false,none,true,false,false,true,none,true,required,false,PERIOD_M5,,,-1,0.0000,false,0.00000000,0.0000,false,0.0000,false,none,none,false,no_anchor_flip_in_entry_direction,true,required_first_signal_only,SHORT,unknown,0.00000000,,0.00000000,,false,,-1,false,NONE,0.00000000,,0.00000000,0.0000,0.0000,none,-1,false,false,false,no_anchor_flip_in_entry_direction,,,,false,false,false,-1,-1,-1,-1,-1,false,false,false,0.0000,range_n,true,98.64000000,97.87100000,4.7913,false,0.0000,0.0000,0,none,true,0.1769,no_fib,0.000,diagnostic_only,diagnostic_only,diagnostic_only,shallow_pullback,24,0.170,true,none,0.320,high_quality,false,false,diagnostic_only,both,true,none,true,diagnostic_adjacent_detected,required_light,false,false,LONG,5,false,false,0,2025.01.24 08:05:00,2025.01.24 09:10:00,10,5.4132,0.00000000,97.94700000,97.94700000,false,false,none,0.00000000,false,0.0000,0.0000,false,1,0.0000,false,-1,0.00000000,0.0000,off,false,not_evaluated,none,0.0000,0.0000,none,false,false,false,0.0000,none,false,none,0.0000,false,none,3.5876,3.5133,1.0211,0.0000,true,strong_exhaustion,0.0000,none,none,false,false,none,0.0000,0.0000,0.0000,0.0000,none,false,false,0.0000,0.0000,false,false,-1,none,none,false,0.000,0.000,98.00900000,97.98500000,97.94700000,structure_confirmed_swing_low,0.06000000,0.2308,session_low|opening_range_low|neckline_level,97.98500000,0.2335,false,true,true,false,not_blocked,5,4,1,m5_failure_exit,off,none,0.00000000,0.0000,1.30,97.66900000,4.500,-0.300,0.200,PERIOD_M15,98.45700000,97.94700000,0.1176,outside,0.000,true,98.00700000,98.26700000,0.26000000,97.66900000,1.300,0.09421429,28.00,0-30,true,false,none,blocked_spread_too_high,4.800,4.800,none,0.0000,false,neckline_retest_failed,false,not_invalidated,spread_too_high
2025.01.27 10:05:00,signal,session_reversal_pullback_one_symbol_first120,USDJPY,SHORT,2025.01.27 10:00:00,10,7,16,london,2025.01.27 07:00,0,first_120min,true,true,3,USDJPY,highest_score_in_session_bar,london=USDJPY|EURJPY|GBPJPY|AUDJPY|EURUSD|GBPUSD,existing_first120_gate,london,false,false,true,passed_first_window,double_top,neckline_break_retest,155.92800000,PERIOD_M5,PERIOD_H1,PERIOD_M15,PERIOD_M5,PERIOD_M5,false,htf_soft_alignment,current_post_filter,transcript_post_filter,dow_trend_up_hh_hl,no_ordered_dow_wave3_break,dow_trend_up_hh_hl,no_ordered_dow_wave3_break,false,false,true,SHORT,PERIOD_M5,double_top,double_top,4.200,none,0.000,double_top,4.200,none,0.000,SHORT,false,PERIOD_H1_LONG_dow_trend_up_hh_hl|PERIOD_M15_NONE_no_ordered_dow_wave3_break,true,h1_counter_m15_reversal,true,top_LONG_dow_trend_up_hh_hl|structure_NONE_no_ordered_dow_wave3_break|structure_break_recent_confirmed_swing_break_failed|primary_break_recent_confirmed_swing_break_retest,none,below_75sma_flat_or_rising,above_75sma_flat_or_falling,below_75sma_flat_or_rising,-1,0.00000000,0,155.74700000,false,off,NONE,NONE,0.00000000,0.00000000,0.0000,none,0.000,true,SHORT,return_low_break_or_bos_down,155.56500000,22,156.23900000,155.28200000,false,off,independent,false,,,false,0.0000,none,0.0000,0.0000,none,0.0000,0.0000,0.0000,none,0.0000,0,0,0.0000,none,none,none,none,0.0000,0,0.0000,none,false,true,not_evaluated,true,required_light_or_anchor_flip,bias_flip_down,155.92800000,2025.01.27 07:45:00,155.83800000,2025.01.27 02:00:00,2025.01.27 08:15:00,true,SHORT,155.92800000,155.78300000,1.1015,3,true,2025.01.27 09:00:00,3,SHORT,155.92800000,155.78300000,1.1015,1.5496,strong,2025.01.27 09:45:00,first_after_anchor,true,SHORT,3,0,3,true,false,fresh_0_4,true,false,false,true,none,true,required,false,PERIOD_M5,,,12,0.0000,false,155.92800000,0.0000,false,0.0000,false,none,none,false,post_anchor_retest_missing,true,required_first_signal_only,SHORT,unknown,0.00000000,,0.00000000,,false,,-1,false,NONE,0.00000000,,0.00000000,0.0000,0.0000,none,-1,false,false,false,post_anchor_retest_missing,USDJPY|SHORT|1737968400|155.928,,,false,false,false,-1,-1,-1,-1,-1,false,false,false,0.0000,rising_n,false,156.23900000,155.28200000,7.2697,true,1.5496,0.1500,3,strong,true,0.3863,preferred_382_618,0.200,diagnostic_only,diagnostic_only,diagnostic_only,fib_pullback,6,0.440,true,none,0.590,high_quality,false,false,diagnostic_only,both,true,none,true,diagnostic_adjacent_detected,required_light,false,false,LONG,6,false,false,0,2025.01.27 08:15:00,2025.01.27 09:35:00,5,5.6866,0.00000000,155.67400000,155.67400000,false,false,none,0.00000000,false,0.0000,0.0000,false,1,0.0000,false,-1,0.00000000,0.0000,off,false,not_evaluated,none,0.0000,0.0000,none,false,false,false,0.0000,none,false,none,0.0000,false,none,1.9626,4.9518,0.3963,0.0000,true,strong_exhaustion,0.0000,none,none,false,false,none,0.0000,0.0000,0.0000,0.0000,none,false,false,0.0000,0.0000,false,false,-1,none,none,false,0.000,0.000,155.76112500,155.71300000,155.69100000,failed_breakout_level,0.02700000,0.0906,session_low|opening_range_low|neckline_level,155.71300000,0.0503,false,true,true,false,not_blocked,3,2,1,m5_failure_exit,off,none,0.00000000,0.0000,1.30,155.33100000,4.200,-0.300,0.200,PERIOD_M15,156.23900000,155.92800000,-0.6752,outside,0.000,true,155.71800000,156.01600000,0.29800000,155.33100000,1.299,0.09935714,18.00,0-30,true,false,none,not_consumed,4.500,4.500,none,0.0000,false,neckline_retest_failed,false,not_invalidated,
2025.01.27 10:05:00,order_sent,session_reversal_pullback_one_symbol_first120,USDJPY,SHORT,2025.01.27 10:00:00,10,7,16,london,2025.01.27 07:00,0,first_120min,true,true,3,USDJPY,highest_score_in_session_bar,london=USDJPY|EURJPY|GBPJPY|AUDJPY|EURUSD|GBPUSD,existing_first120_gate,london,false,false,true,passed_first_window,double_top,neckline_break_retest,155.92800000,PERIOD_M5,PERIOD_H1,PERIOD_M15,PERIOD_M5,PERIOD_M5,false,htf_soft_alignment,current_post_filter,transcript_post_filter,dow_trend_up_hh_hl,no_ordered_dow_wave3_break,dow_trend_up_hh_hl,no_ordered_dow_wave3_break,false,false,true,SHORT,PERIOD_M5,double_top,double_top,4.200,none,0.000,double_top,4.200,none,0.000,SHORT,false,PERIOD_H1_LONG_dow_trend_up_hh_hl|PERIOD_M15_NONE_no_ordered_dow_wave3_break,true,h1_counter_m15_reversal,true,top_LONG_dow_trend_up_hh_hl|structure_NONE_no_ordered_dow_wave3_break|structure_break_recent_confirmed_swing_break_failed|primary_break_recent_confirmed_swing_break_retest,none,below_75sma_flat_or_rising,above_75sma_flat_or_falling,below_75sma_flat_or_rising,-1,0.00000000,0,155.74700000,false,off,NONE,NONE,0.00000000,0.00000000,0.0000,none,0.000,true,SHORT,return_low_break_or_bos_down,155.56500000,22,156.23900000,155.28200000,false,off,independent,false,,,false,0.0000,none,0.0000,0.0000,none,0.0000,0.0000,0.0000,none,0.0000,0,0,0.0000,none,none,none,none,0.0000,0,0.0000,none,false,true,not_evaluated,true,required_light_or_anchor_flip,bias_flip_down,155.92800000,2025.01.27 07:45:00,155.83800000,2025.01.27 02:00:00,2025.01.27 08:15:00,true,SHORT,155.92800000,155.78300000,1.1015,3,true,2025.01.27 09:00:00,3,SHORT,155.92800000,155.78300000,1.1015,1.5496,strong,2025.01.27 09:45:00,first_after_anchor,true,SHORT,3,0,3,true,false,fresh_0_4,true,false,false,true,none,true,required,false,PERIOD_M5,,,12,0.0000,false,155.92800000,0.0000,false,0.0000,false,none,none,false,post_anchor_retest_missing,true,required_first_signal_only,SHORT,unknown,0.00000000,,0.00000000,,false,,-1,false,NONE,0.00000000,,0.00000000,0.0000,0.0000,none,-1,false,false,false,post_anchor_retest_missing,USDJPY|SHORT|1737968400|155.928,,,false,false,false,-1,-1,-1,-1,-1,false,false,false,0.0000,rising_n,false,156.23900000,155.28200000,7.2697,true,1.5496,0.1500,3,strong,true,0.3863,preferred_382_618,0.200,diagnostic_only,diagnostic_only,diagnostic_only,fib_pullback,6,0.440,true,none,0.590,high_quality,false,false,diagnostic_only,both,true,none,true,diagnostic_adjacent_detected,required_light,false,false,LONG,6,false,false,0,2025.01.27 08:15:00,2025.01.27 09:35:00,5,5.6866,0.00000000,155.67400000,155.67400000,false,false,none,0.00000000,false,0.0000,0.0000,false,1,0.0000,false,-1,0.00000000,0.0000,off,false,not_evaluated,none,0.0000,0.0000,none,false,false,false,0.0000,none,false,none,0.0000,false,none,1.9626,4.9518,0.3963,0.0000,true,strong_exhaustion,0.0000,none,none,false,false,none,0.0000,0.0000,0.0000,0.0000,none,false,false,0.0000,0.0000,false,false,-1,none,none,false,0.000,0.000,155.76112500,155.71300000,155.69100000,failed_breakout_level,0.02700000,0.0906,session_low|opening_range_low|neckline_level,155.71300000,0.0503,false,true,true,false,not_blocked,3,2,1,m5_failure_exit,off,none,0.00000000,0.0000,1.30,155.33100000,4.200,-0.300,0.200,PERIOD_M15,156.23900000,155.92800000,-0.6752,outside,0.000,true,155.71800000,156.01600000,0.29800000,155.33100000,1.299,0.09935714,18.00,0-30,true,false,none,order_sent,4.500,4.500,none,0.0000,false,neckline_retest_failed,false,not_invalidated,
2025.01.27 17:05:00,signal,session_reversal_pullback_one_symbol_first120,GBPUSD,SHORT,2025.01.27 17:00:00,17,14,23,london_newyork_overlap,2025.01.27 13:00,60,first_120min,false,true,3,GBPUSD,highest_score_in_session_bar,london_newyork_overlap=USDJPY|EURJPY|GBPJPY|AUDJPY|EURUSD|GBPUSD,existing_first120_gate,london_newyork_overlap,false,false,true,passed_first_window,head_and_shoulders,neckline_break_retest,1.25005000,PERIOD_M5,PERIOD_H1,PERIOD_M15,PERIOD_M5,PERIOD_M5,false,htf_soft_alignment,current_post_filter,transcript_post_filter,dow_trend_up_hh_hl,structure_trend_bias_dow_trend_up_hh_hl,dow_trend_up_hh_hl,structure_trend_bias_dow_trend_up_hh_hl,false,false,true,SHORT,PERIOD_M5,head_and_shoulders,head_and_shoulders,4.500,none,0.000,head_and_shoulders,4.500,none,0.000,SHORT,false,PERIOD_H1_LONG_dow_trend_up_hh_hl|PERIOD_M15_LONG_structure_trend_bias_dow_trend_up_hh_hl,true,h1_counter_m15_reversal,true,top_LONG_dow_trend_up_hh_hl|structure_LONG_structure_trend_bias_dow_trend_up_hh_hl|structure_break_recent_confirmed_swing_break_failed|primary_break_recent_confirmed_swing_break_retest,none,above_75sma_rising,above_75sma_rising,below_75sma_flat_or_rising,-1,0.00000000,0,1.24990000,false,off,NONE,NONE,0.00000000,0.00000000,0.0000,none,0.000,true,SHORT,return_low_break_or_bos_down,1.24652000,22,1.25223000,1.24902000,false,off,independent,false,,,false,0.0000,none,0.0000,0.0000,none,0.0000,0.0000,0.0000,none,0.0000,0,0,0.0000,none,none,none,none,0.0000,0,0.0000,none,false,true,not_evaluated,true,required_light_or_anchor_flip,long_bias,1.24902000,2025.01.27 13:00:00,1.24562000,2025.01.27 06:00:00,2025.01.27 15:00:00,false,NONE,0.00000000,0.00000000,0.0000,-1,false,,-1,NONE,0.00000000,0.00000000,0.0000,0.0000,none,,none,false,NONE,-1,-1,-1,false,false,none,false,true,false,true,none,true,required,false,PERIOD_M5,,,-1,0.0000,false,0.00000000,0.0000,false,0.0000,false,none,none,false,no_anchor_flip_in_entry_direction,true,required_first_signal_only,SHORT,unknown,0.00000000,,0.00000000,,false,,-1,false,NONE,0.00000000,,0.00000000,0.0000,0.0000,none,-1,false,false,false,no_anchor_flip_in_entry_direction,,,,false,false,false,-1,-1,-1,-1,-1,false,false,false,0.0000,rising_n,false,1.25223000,1.24250000,8.2960,false,0.0000,0.0000,0,none,true,0.4628,preferred_382_618,0.200,diagnostic_only,diagnostic_only,diagnostic_only,deep_pullback,7,0.440,true,none,0.590,high_quality,false,false,diagnostic_only,both,true,none,true,diagnostic_adjacent_detected,required_light,false,false,LONG,5,false,false,1,2025.01.27 15:30:00,2025.01.27 16:30:00,6,2.0458,0.00000000,1.24990000,1.24990000,true,true,m5_hl_close_break_down,1.24990000,true,0.2273,0.5215,true,1,0.0802,true,2,1.24990000,0.2273,off,false,not_evaluated,none,0.8000,0.0500,very_strong,false,true,true,0.0802,failed_1bar,true,favorable_side,0.0604,false,clean_retest,1.5645,2.0325,0.7697,0.0000,true,strong_exhaustion,0.0000,none,none,false,false,none,0.0000,0.0000,0.0000,0.0000,none,false,false,0.0000,0.0000,false,false,-1,none,none,false,0.000,0.000,1.24902000,1.24825000,0.00000000,none,0.00000000,0.0000,session_low|opening_range_low|neckline_level,1.24825000,0.1070,true,false,false,false,not_blocked,0,0,0,m5_failure_exit,off,none,0.00000000,0.0000,1.30,1.24541000,4.500,0.350,0.200,PERIOD_M15,1.25223000,1.24902000,-0.2150,outside,0.000,true,1.24833000,1.25057000,0.00224000,1.24541000,1.304,0.00074786,20.00,60-90,true,false,none,not_consumed,5.450,5.450,none,0.0000,false,opposite_break_first,true,opposite_break_first,spread_too_high
2025.01.27 17:05:00,blocked,session_reversal_pullback_one_symbol_first120,GBPUSD,SHORT,2025.01.27 17:00:00,17,14,23,london_newyork_overlap,2025.01.27 13:00,60,first_120min,false,true,3,GBPUSD,highest_score_in_session_bar,london_newyork_overlap=USDJPY|EURJPY|GBPJPY|AUDJPY|EURUSD|GBPUSD,existing_first120_gate,london_newyork_overlap,false,false,true,passed_first_window,head_and_shoulders,neckline_break_retest,1.25005000,PERIOD_M5,PERIOD_H1,PERIOD_M15,PERIOD_M5,PERIOD_M5,false,htf_soft_alignment,current_post_filter,transcript_post_filter,dow_trend_up_hh_hl,structure_trend_bias_dow_trend_up_hh_hl,dow_trend_up_hh_hl,structure_trend_bias_dow_trend_up_hh_hl,false,false,true,SHORT,PERIOD_M5,head_and_shoulders,head_and_shoulders,4.500,none,0.000,head_and_shoulders,4.500,none,0.000,SHORT,false,PERIOD_H1_LONG_dow_trend_up_hh_hl|PERIOD_M15_LONG_structure_trend_bias_dow_trend_up_hh_hl,true,h1_counter_m15_reversal,true,top_LONG_dow_trend_up_hh_hl|structure_LONG_structure_trend_bias_dow_trend_up_hh_hl|structure_break_recent_confirmed_swing_break_failed|primary_break_recent_confirmed_swing_break_retest,none,above_75sma_rising,above_75sma_rising,below_75sma_flat_or_rising,-1,0.00000000,0,1.24990000,false,off,NONE,NONE,0.00000000,0.00000000,0.0000,none,0.000,true,SHORT,return_low_break_or_bos_down,1.24652000,22,1.25223000,1.24902000,false,off,independent,false,,,false,0.0000,none,0.0000,0.0000,none,0.0000,0.0000,0.0000,none,0.0000,0,0,0.0000,none,none,none,none,0.0000,0,0.0000,none,false,true,not_evaluated,true,required_light_or_anchor_flip,long_bias,1.24902000,2025.01.27 13:00:00,1.24562000,2025.01.27 06:00:00,2025.01.27 15:00:00,false,NONE,0.00000000,0.00000000,0.0000,-1,false,,-1,NONE,0.00000000,0.00000000,0.0000,0.0000,none,,none,false,NONE,-1,-1,-1,false,false,none,false,true,false,true,none,true,required,false,PERIOD_M5,,,-1,0.0000,false,0.00000000,0.0000,false,0.0000,false,none,none,false,no_anchor_flip_in_entry_direction,true,required_first_signal_only,SHORT,unknown,0.00000000,,0.00000000,,false,,-1,false,NONE,0.00000000,,0.00000000,0.0000,0.0000,none,-1,false,false,false,no_anchor_flip_in_entry_direction,,,,false,false,false,-1,-1,-1,-1,-1,false,false,false,0.0000,rising_n,false,1.25223000,1.24250000,8.2960,false,0.0000,0.0000,0,none,true,0.4628,preferred_382_618,0.200,diagnostic_only,diagnostic_only,diagnostic_only,deep_pullback,7,0.440,true,none,0.590,high_quality,false,false,diagnostic_only,both,true,none,true,diagnostic_adjacent_detected,required_light,false,false,LONG,5,false,false,1,2025.01.27 15:30:00,2025.01.27 16:30:00,6,2.0458,0.00000000,1.24990000,1.24990000,true,true,m5_hl_close_break_down,1.24990000,true,0.2273,0.5215,true,1,0.0802,true,2,1.24990000,0.2273,off,false,not_evaluated,none,0.8000,0.0500,very_strong,false,true,true,0.0802,failed_1bar,true,favorable_side,0.0604,false,clean_retest,1.5645,2.0325,0.7697,0.0000,true,strong_exhaustion,0.0000,none,none,false,false,none,0.0000,0.0000,0.0000,0.0000,none,false,false,0.0000,0.0000,false,false,-1,none,none,false,0.000,0.000,1.24902000,1.24825000,0.00000000,none,0.00000000,0.0000,session_low|opening_range_low|neckline_level,1.24825000,0.1070,true,false,false,false,not_blocked,0,0,0,m5_failure_exit,off,none,0.00000000,0.0000,1.30,1.24541000,4.500,0.350,0.200,PERIOD_M15,1.25223000,1.24902000,-0.2150,outside,0.000,true,1.24833000,1.25057000,0.00224000,1.24541000,1.304,0.00074786,20.00,60-90,true,false,none,blocked_spread_too_high,5.450,5.450,none,0.0000,false,opposite_break_first,true,opposite_break_first,spread_too_high
2025.01.27 19:25:00,signal,session_reversal_pullback_one_symbol_first120,USDJPY,LONG,2025.01.27 19:20:00,19,16,1,new_york,2025.01.27 16:00,20,first_120min,true,true,3,USDJPY,highest_score_in_session_bar,new_york=USDJPY|EURJPY|GBPJPY|AUDJPY|EURUSD|GBPUSD,existing_first120_gate,new_york,false,false,true,passed_first_window,double_bottom,neckline_break_retest,154.21200000,PERIOD_M5,PERIOD_H1,PERIOD_M15,PERIOD_M5,PERIOD_M5,false,htf_soft_alignment,current_post_filter,transcript_post_filter,dow_trend_down_ll_lh,structure_trend_bias_dow_trend_up_hh_hl,dow_trend_down_ll_lh,structure_trend_bias_dow_trend_up_hh_hl,false,true,true,LONG,PERIOD_M5,double_bottom,double_bottom,4.200,none,0.000,double_bottom,4.200,none,0.000,LONG,false,PERIOD_H1_SHORT_dow_trend_down_ll_lh|PERIOD_M15_LONG_structure_trend_bias_dow_trend_up_hh_hl,true,h1_counter_m15_reversal,true,top_SHORT_dow_trend_down_ll_lh|structure_LONG_structure_trend_bias_dow_trend_up_hh_hl|structure_break_recent_confirmed_swing_break_failed|primary_break_recent_confirmed_swing_break_retest,none,below_75sma_falling,below_75sma_falling,above_75sma_rising,-1,0.00000000,0,154.22500000,false,off,NONE,NONE,0.00000000,0.00000000,0.0000,none,0.000,true,LONG,return_high_break_or_bos_up,154.45300000,6,154.67700000,153.70600000,false,off,independent,false,,,false,0.0000,none,0.0000,0.0000,none,0.0000,0.0000,0.0000,none,0.0000,0,0,0.0000,none,none,none,none,0.0000,0,0.0000,none,false,true,not_evaluated,true,required_light_or_anchor_flip,long_bias,153.94600000,2025.01.27 16:00:00,156.23900000,2025.01.27 08:15:00,2025.01.27 17:30:00,false,NONE,0.00000000,0.00000000,0.0000,-1,false,,-1,NONE,0.00000000,0.00000000,0.0000,0.0000,none,,none,false,NONE,-1,-1,-1,false,false,none,true,false,false,true,none,true,required,false,PERIOD_M5,,,-1,0.0000,false,0.00000000,0.0000,false,0.0000,false,none,none,false,no_anchor_flip_in_entry_direction,true,required_first_signal_only,LONG,unknown,0.00000000,,0.00000000,,false,,-1,false,NONE,0.00000000,,0.00000000,0.0000,0.0000,none,-1,false,false,false,no_anchor_flip_in_entry_direction,,,,false,false,false,-1,-1,-1,-1,-1,false,false,false,0.0000,rising_n,false,154.67700000,153.70600000,4.5298,false,0.0000,0.0000,0,none,true,0.4253,preferred_382_618,0.200,diagnostic_only,diagnostic_only,diagnostic_only,shallow_pullback,24,0.400,true,none,0.550,high_quality,false,false,diagnostic_only,both,true,none,true,diagnostic_adjacent_detected,required_light,false,false,SHORT,6,false,false,1,2025.01.27 17:00:00,2025.01.27 18:40:00,8,5.0830,154.67700000,0.00000000,154.67700000,false,false,none,0.00000000,false,0.0000,0.0000,false,1,0.0000,false,-1,0.00000000,0.0000,off,false,not_evaluated,none,0.0000,0.0000,none,false,false,false,0.0000,none,false,none,0.0000,false,none,5.0830,2.2969,2.2129,1.1354,false,no_shrink,0.0000,none,none,false,false,none,0.0000,0.0000,0.0000,0.0000,none,false,false,0.0000,0.0000,false,false,-1,none,none,false,0.000,0.000,154.26600000,154.25908333,154.26600000,wick_cluster_zone,0.00200000,0.0108,neckline_level,154.21200000,0.4541,false,true,true,false,not_blocked,7,3,4,m5_failure_exit,off,none,0.00000000,0.0000,1.30,154.50400000,4.200,-0.300,0.200,PERIOD_M15,154.67700000,153.94600000,0.5650,preferred_382_618,0.000,true,154.26400000,154.07900000,0.18500000,154.50400000,1.297,0.11450000,19.00,0-30,true,false,none,not_consumed,4.500,4.500,none,0.0000,false,neckline_retest_failed,false,not_invalidated,
2025.01.27 19:25:00,order_sent,session_reversal_pullback_one_symbol_first120,USDJPY,LONG,2025.01.27 19:20:00,19,16,1,new_york,2025.01.27 16:00,20,first_120min,true,true,3,USDJPY,highest_score_in_session_bar,new_york=USDJPY|EURJPY|GBPJPY|AUDJPY|EURUSD|GBPUSD,existing_first120_gate,new_york,false,false,true,passed_first_window,double_bottom,neckline_break_retest,154.21200000,PERIOD_M5,PERIOD_H1,PERIOD_M15,PERIOD_M5,PERIOD_M5,false,htf_soft_alignment,current_post_filter,transcript_post_filter,dow_trend_down_ll_lh,structure_trend_bias_dow_trend_up_hh_hl,dow_trend_down_ll_lh,structure_trend_bias_dow_trend_up_hh_hl,false,true,true,LONG,PERIOD_M5,double_bottom,double_bottom,4.200,none,0.000,double_bottom,4.200,none,0.000,LONG,false,PERIOD_H1_SHORT_dow_trend_down_ll_lh|PERIOD_M15_LONG_structure_trend_bias_dow_trend_up_hh_hl,true,h1_counter_m15_reversal,true,top_SHORT_dow_trend_down_ll_lh|structure_LONG_structure_trend_bias_dow_trend_up_hh_hl|structure_break_recent_confirmed_swing_break_failed|primary_break_recent_confirmed_swing_break_retest,none,below_75sma_falling,below_75sma_falling,above_75sma_rising,-1,0.00000000,0,154.22500000,false,off,NONE,NONE,0.00000000,0.00000000,0.0000,none,0.000,true,LONG,return_high_break_or_bos_up,154.45300000,6,154.67700000,153.70600000,false,off,independent,false,,,false,0.0000,none,0.0000,0.0000,none,0.0000,0.0000,0.0000,none,0.0000,0,0,0.0000,none,none,none,none,0.0000,0,0.0000,none,false,true,not_evaluated,true,required_light_or_anchor_flip,long_bias,153.94600000,2025.01.27 16:00:00,156.23900000,2025.01.27 08:15:00,2025.01.27 17:30:00,false,NONE,0.00000000,0.00000000,0.0000,-1,false,,-1,NONE,0.00000000,0.00000000,0.0000,0.0000,none,,none,false,NONE,-1,-1,-1,false,false,none,true,false,false,true,none,true,required,false,PERIOD_M5,,,-1,0.0000,false,0.00000000,0.0000,false,0.0000,false,none,none,false,no_anchor_flip_in_entry_direction,true,required_first_signal_only,LONG,unknown,0.00000000,,0.00000000,,false,,-1,false,NONE,0.00000000,,0.00000000,0.0000,0.0000,none,-1,false,false,false,no_anchor_flip_in_entry_direction,,,,false,false,false,-1,-1,-1,-1,-1,false,false,false,0.0000,rising_n,false,154.67700000,153.70600000,4.5298,false,0.0000,0.0000,0,none,true,0.4253,preferred_382_618,0.200,diagnostic_only,diagnostic_only,diagnostic_only,shallow_pullback,24,0.400,true,none,0.550,high_quality,false,false,diagnostic_only,both,true,none,true,diagnostic_adjacent_detected,required_light,false,false,SHORT,6,false,false,1,2025.01.27 17:00:00,2025.01.27 18:40:00,8,5.0830,154.67700000,0.00000000,154.67700000,false,false,none,0.00000000,false,0.0000,0.0000,false,1,0.0000,false,-1,0.00000000,0.0000,off,false,not_evaluated,none,0.0000,0.0000,none,false,false,false,0.0000,none,false,none,0.0000,false,none,5.0830,2.2969,2.2129,1.1354,false,no_shrink,0.0000,none,none,false,false,none,0.0000,0.0000,0.0000,0.0000,none,false,false,0.0000,0.0000,false,false,-1,none,none,false,0.000,0.000,154.26600000,154.25908333,154.26600000,wick_cluster_zone,0.00200000,0.0108,neckline_level,154.21200000,0.4541,false,true,true,false,not_blocked,7,3,4,m5_failure_exit,off,none,0.00000000,0.0000,1.30,154.50400000,4.200,-0.300,0.200,PERIOD_M15,154.67700000,153.94600000,0.5650,preferred_382_618,0.000,true,154.26400000,154.07900000,0.18500000,154.50400000,1.297,0.11450000,19.00,0-30,true,false,none,order_sent,4.500,4.500,none,0.0000,false,neckline_retest_failed,false,not_invalidated,
2025.01.28 11:10:00,signal,session_reversal_pullback_one_symbol_first120,EURUSD,SHORT,2025.01.28 11:05:00,11,8,17,london,2025.01.28 07:00,65,first_120min,false,true,3,EURUSD,highest_score_in_session_bar,london=USDJPY|EURJPY|GBPJPY|AUDJPY|EURUSD|GBPUSD,existing_first120_gate,london,true,false,true,passed_first_window,double_top,neckline_break_retest,1.04309000,PERIOD_M5,PERIOD_H1,PERIOD_M15,PERIOD_M5,PERIOD_M5,false,htf_soft_alignment,current_post_filter,transcript_post_filter,dow_range_or_transition,structure_trend_bias_dow_trend_up_hh_hl,dow_range_or_transition,structure_trend_bias_dow_trend_up_hh_hl,false,false,true,SHORT,PERIOD_M5,double_top,double_top,4.200,none,0.000,double_top,4.200,none,0.000,SHORT,false,PERIOD_H1_NONE_dow_range_or_transition|PERIOD_M15_LONG_structure_trend_bias_dow_trend_up_hh_hl,true,h1_counter_m15_reversal,true,top_NONE_dow_range_or_transition|structure_LONG_structure_trend_bias_dow_trend_up_hh_hl|structure_break_recent_confirmed_swing_break_retest|primary_break_recent_confirmed_swing_break_failed,none,below_75sma_flat_or_rising,below_75sma_falling,below_75sma_falling,0,1.04248000,-1,0.00000000,false,off,NONE,NONE,0.00000000,0.00000000,0.0000,none,0.000,true,SHORT,return_low_break_or_bos_down,1.04248000,0,1.04435000,1.04248000,false,off,independent,false,,,false,0.0000,none,0.0000,0.0000,none,0.0000,0.0000,0.0000,none,0.0000,0,0,0.0000,none,none,none,none,0.0000,0,0.0000,none,false,true,not_evaluated,true,required_light_or_anchor_flip,bias_flip_down,1.04248000,2025.01.28 06:30:00,1.04559000,2025.01.28 03:30:00,2025.01.28 08:30:00,true,SHORT,1.04248000,1.04244000,0.0551,0,true,2025.01.28 10:45:00,0,SHORT,1.04248000,1.04244000,0.0551,1.1024,normal,2025.01.28 10:45:00,first_after_anchor,true,SHORT,0,0,0,true,false,fresh_0_4,true,false,false,true,none,true,required,true,PERIOD_M5,2025.01.28 10:50:00,2025.01.28 10:50:00,4,1.0960,true,1.04248000,1.0960,false,0.0000,false,none,retest_only,true,none,true,required_first_signal_only,SHORT,unknown,0.00000000,,0.00000000,,false,,-1,false,NONE,0.00000000,,0.00000000,0.0000,0.0000,none,-1,false,false,false,insufficient_confirmed_m5_pivots,EURUSD|SHORT|1738061100|1.04248,,,false,false,false,-1,-1,-1,-1,-1,false,false,false,0.0000,rising_n,false,1.04559000,1.04238000,4.4232,true,1.1024,0.4245,0,normal,true,0.3128,shallow_236_382,0.080,diagnostic_only,diagnostic_only,diagnostic_only,shallow_pullback,9,0.320,true,none,0.470,high_quality,false,false,diagnostic_only,both,true,none,true,diagnostic_adjacent_detected,required_light,false,false,LONG,7,false,false,0,2025.01.28 09:40:00,2025.01.28 10:40:00,5,2.0682,0.00000000,1.04240000,1.04240000,false,false,none,0.00000000,false,0.0000,0.0000,false,1,0.0000,false,-1,0.00000000,0.0000,off,false,not_evaluated,none,0.0000,0.0000,none,false,false,false,0.0000,none,false,none,0.0000,false,none,1.7854,1.4672,1.2169,0.0000,true,strong_exhaustion,0.0000,none,none,false,false,none,0.0000,0.0000,0.0000,0.0000,none,false,false,0.0000,0.0000,false,false,-1,none,none,false,0.000,0.000,1.04309000,1.04274000,1.04274000,pre_session_low,0.00027000,0.3553,neckline_level,1.04309000,0.1414,false,true,true,false,not_blocked,9,5,4,m5_failure_exit,off,none,0.00000000,0.0000,1.30,1.04202000,4.200,-0.300,0.200,PERIOD_M15,1.04435000,1.04248000,0.2834,outside,0.000,true,1.04301000,1.04377000,0.00076000,1.04202000,1.303,0.00056571,18.00,60-90,true,false,none,not_consumed,4.650,4.650,none,0.0000,false,neckline_retest_failed,false,not_invalidated,spread_too_high
2025.01.28 11:10:00,blocked,session_reversal_pullback_one_symbol_first120,EURUSD,SHORT,2025.01.28 11:05:00,11,8,17,london,2025.01.28 07:00,65,first_120min,false,true,3,EURUSD,highest_score_in_session_bar,london=USDJPY|EURJPY|GBPJPY|AUDJPY|EURUSD|GBPUSD,existing_first120_gate,london,true,false,true,passed_first_window,double_top,neckline_break_retest,1.04309000,PERIOD_M5,PERIOD_H1,PERIOD_M15,PERIOD_M5,PERIOD_M5,false,htf_soft_alignment,current_post_filter,transcript_post_filter,dow_range_or_transition,structure_trend_bias_dow_trend_up_hh_hl,dow_range_or_transition,structure_trend_bias_dow_trend_up_hh_hl,false,false,true,SHORT,PERIOD_M5,double_top,double_top,4.200,none,0.000,double_top,4.200,none,0.000,SHORT,false,PERIOD_H1_NONE_dow_range_or_transition|PERIOD_M15_LONG_structure_trend_bias_dow_trend_up_hh_hl,true,h1_counter_m15_reversal,true,top_NONE_dow_range_or_transition|structure_LONG_structure_trend_bias_dow_trend_up_hh_hl|structure_break_recent_confirmed_swing_break_retest|primary_break_recent_confirmed_swing_break_failed,none,below_75sma_flat_or_rising,below_75sma_falling,below_75sma_falling,0,1.04248000,-1,0.00000000,false,off,NONE,NONE,0.00000000,0.00000000,0.0000,none,0.000,true,SHORT,return_low_break_or_bos_down,1.04248000,0,1.04435000,1.04248000,false,off,independent,false,,,false,0.0000,none,0.0000,0.0000,none,0.0000,0.0000,0.0000,none,0.0000,0,0,0.0000,none,none,none,none,0.0000,0,0.0000,none,false,true,not_evaluated,true,required_light_or_anchor_flip,bias_flip_down,1.04248000,2025.01.28 06:30:00,1.04559000,2025.01.28 03:30:00,2025.01.28 08:30:00,true,SHORT,1.04248000,1.04244000,0.0551,0,true,2025.01.28 10:45:00,0,SHORT,1.04248000,1.04244000,0.0551,1.1024,normal,2025.01.28 10:45:00,first_after_anchor,true,SHORT,0,0,0,true,false,fresh_0_4,true,false,false,true,none,true,required,true,PERIOD_M5,2025.01.28 10:50:00,2025.01.28 10:50:00,4,1.0960,true,1.04248000,1.0960,false,0.0000,false,none,retest_only,true,none,true,required_first_signal_only,SHORT,unknown,0.00000000,,0.00000000,,false,,-1,false,NONE,0.00000000,,0.00000000,0.0000,0.0000,none,-1,false,false,false,insufficient_confirmed_m5_pivots,EURUSD|SHORT|1738061100|1.04248,,,false,false,false,-1,-1,-1,-1,-1,false,false,false,0.0000,rising_n,false,1.04559000,1.04238000,4.4232,true,1.1024,0.4245,0,normal,true,0.3128,shallow_236_382,0.080,diagnostic_only,diagnostic_only,diagnostic_only,shallow_pullback,9,0.320,true,none,0.470,high_quality,false,false,diagnostic_only,both,true,none,true,diagnostic_adjacent_detected,required_light,false,false,LONG,7,false,false,0,2025.01.28 09:40:00,2025.01.28 10:40:00,5,2.0682,0.00000000,1.04240000,1.04240000,false,false,none,0.00000000,false,0.0000,0.0000,false,1,0.0000,false,-1,0.00000000,0.0000,off,false,not_evaluated,none,0.0000,0.0000,none,false,false,false,0.0000,none,false,none,0.0000,false,none,1.7854,1.4672,1.2169,0.0000,true,strong_exhaustion,0.0000,none,none,false,false,none,0.0000,0.0000,0.0000,0.0000,none,false,false,0.0000,0.0000,false,false,-1,none,none,false,0.000,0.000,1.04309000,1.04274000,1.04274000,pre_session_low,0.00027000,0.3553,neckline_level,1.04309000,0.1414,false,true,true,false,not_blocked,9,5,4,m5_failure_exit,off,none,0.00000000,0.0000,1.30,1.04202000,4.200,-0.300,0.200,PERIOD_M15,1.04435000,1.04248000,0.2834,outside,0.000,true,1.04301000,1.04377000,0.00076000,1.04202000,1.303,0.00056571,18.00,60-90,true,false,none,blocked_spread_too_high,4.650,4.650,none,0.0000,false,neckline_retest_failed,false,not_invalidated,spread_too_high
2025.01.28 16:10:00,signal,session_reversal_pullback_one_symbol_first120,EURJPY,LONG,2025.01.28 16:05:00,16,13,22,london_newyork_overlap,2025.01.28 13:00,5,first_120min,true,true,3,EURJPY,highest_score_in_session_bar,london_newyork_overlap=USDJPY|EURJPY|GBPJPY|AUDJPY|EURUSD|GBPUSD,existing_first120_gate,london_newyork_overlap,false,false,true,passed_first_window,inverse_head_and_shoulders,neckline_break_retest,162.03000000,PERIOD_M5,PERIOD_H1,PERIOD_M15,PERIOD_M5,PERIOD_M5,false,htf_soft_alignment,current_post_filter,transcript_post_filter,dow_range_or_transition,ordered_dow_wave3_break_below_swing_low,dow_range_or_transition,ordered_dow_wave3_break_below_swing_low,false,true,false,LONG,PERIOD_M5,inverse_head_and_shoulders,inverse_head_and_shoulders,4.500,none,0.000,inverse_head_and_shoulders,4.500,none,0.000,LONG,false,PERIOD_H1_NONE_dow_range_or_transition|PERIOD_M15_SHORT_ordered_dow_wave3_break_below_swing_low,true,h1_counter_m15_reversal,true,top_NONE_dow_range_or_transition|structure_SHORT_ordered_dow_wave3_break_below_swing_low|structure_break_recent_confirmed_swing_break_failed|primary_break_recent_confirmed_swing_break_continuation,none,below_75sma_falling,below_75sma_flat_or_rising,above_75sma_flat_or_falling,-1,0.00000000,0,161.90200000,false,off,NONE,NONE,0.00000000,0.00000000,0.0000,none,0.000,true,LONG,return_high_break_or_bos_up,162.50900000,24,162.68800000,161.77500000,false,off,independent,false,,,false,0.0000,none,0.0000,0.0000,none,0.0000,0.0000,0.0000,none,0.0000,0,0,0.0000,none,none,none,none,0.0000,0,0.0000,none,false,true,not_evaluated,true,required_light_or_anchor_flip,short_bias,162.31900000,2025.01.28 08:00:00,162.58800000,2025.01.28 11:15:00,2025.01.28 12:45:00,false,NONE,0.00000000,0.00000000,0.0000,-1,false,,-1,NONE,0.00000000,0.00000000,0.0000,0.0000,none,,none,false,NONE,-1,-1,-1,false,false,none,false,true,false,true,none,true,required,false,PERIOD_M5,,,-1,0.0000,false,0.00000000,0.0000,false,0.0000,false,none,none,false,no_anchor_flip_in_entry_direction,true,required_first_signal_only,LONG,unknown,0.00000000,,0.00000000,,false,,-1,false,NONE,0.00000000,,0.00000000,0.0000,0.0000,none,-1,false,false,false,no_anchor_flip_in_entry_direction,,,,false,false,false,-1,-1,-1,-1,-1,false,false,false,0.0000,falling_n,false,162.68800000,161.89400000,5.4544,false,0.0000,0.0000,0,none,true,0.5827,preferred_382_618,0.200,diagnostic_only,diagnostic_only,diagnostic_only,shallow_pullback,24,0.400,true,none,0.550,high_quality,false,false,diagnostic_only,both,true,none,true,diagnostic_adjacent_detected,required_light,false,false,SHORT,6,false,false,1,2025.01.28 14:00:00,2025.01.28 15:30:00,7,3.1609,161.90200000,0.00000000,161.90200000,true,true,m5_lh_close_break_up,161.90200000,true,1.0800,0.1976,true,1,0.0000,false,6,161.90200000,1.8965,off,false,not_evaluated,none,0.7368,0.0000,normal,true,false,false,0.0000,held_clean,false,none,0.0000,false,no_retest,0.7507,3.1609,0.2375,0.0000,true,strong_exhaustion,0.0000,none,none,false,false,none,0.0000,0.0000,0.0000,0.0000,none,false,false,0.0000,0.0000,false,false,-1,none,none,false,0.000,0.000,162.22100000,162.12900000,162.22100000,structure_confirmed_swing_low,0.06500000,0.2851,session_high|opening_range_high|neckline_level,162.12900000,0.3556,false,true,false,false,not_blocked,1,1,0,m5_failure_exit,off,none,0.00000000,0.0000,1.30,162.45200000,4.500,-0.300,0.200,PERIOD_M15,162.58800000,162.22100000,1.1771,outside,0.000,true,162.15600000,161.92800000,0.22800000,162.45200000,1.298,0.07592857,30.00,0-30,true,false,none,not_consumed,4.800,4.800,none,0.0000,false,neckline_retest_failed,false,not_invalidated,spread_too_high
2025.01.28 16:10:00,blocked,session_reversal_pullback_one_symbol_first120,EURJPY,LONG,2025.01.28 16:05:00,16,13,22,london_newyork_overlap,2025.01.28 13:00,5,first_120min,true,true,3,EURJPY,highest_score_in_session_bar,london_newyork_overlap=USDJPY|EURJPY|GBPJPY|AUDJPY|EURUSD|GBPUSD,existing_first120_gate,london_newyork_overlap,false,false,true,passed_first_window,inverse_head_and_shoulders,neckline_break_retest,162.03000000,PERIOD_M5,PERIOD_H1,PERIOD_M15,PERIOD_M5,PERIOD_M5,false,htf_soft_alignment,current_post_filter,transcript_post_filter,dow_range_or_transition,ordered_dow_wave3_break_below_swing_low,dow_range_or_transition,ordered_dow_wave3_break_below_swing_low,false,true,false,LONG,PERIOD_M5,inverse_head_and_shoulders,inverse_head_and_shoulders,4.500,none,0.000,inverse_head_and_shoulders,4.500,none,0.000,LONG,false,PERIOD_H1_NONE_dow_range_or_transition|PERIOD_M15_SHORT_ordered_dow_wave3_break_below_swing_low,true,h1_counter_m15_reversal,true,top_NONE_dow_range_or_transition|structure_SHORT_ordered_dow_wave3_break_below_swing_low|structure_break_recent_confirmed_swing_break_failed|primary_break_recent_confirmed_swing_break_continuation,none,below_75sma_falling,below_75sma_flat_or_rising,above_75sma_flat_or_falling,-1,0.00000000,0,161.90200000,false,off,NONE,NONE,0.00000000,0.00000000,0.0000,none,0.000,true,LONG,return_high_break_or_bos_up,162.50900000,24,162.68800000,161.77500000,false,off,independent,false,,,false,0.0000,none,0.0000,0.0000,none,0.0000,0.0000,0.0000,none,0.0000,0,0,0.0000,none,none,none,none,0.0000,0,0.0000,none,false,true,not_evaluated,true,required_light_or_anchor_flip,short_bias,162.31900000,2025.01.28 08:00:00,162.58800000,2025.01.28 11:15:00,2025.01.28 12:45:00,false,NONE,0.00000000,0.00000000,0.0000,-1,false,,-1,NONE,0.00000000,0.00000000,0.0000,0.0000,none,,none,false,NONE,-1,-1,-1,false,false,none,false,true,false,true,none,true,required,false,PERIOD_M5,,,-1,0.0000,false,0.00000000,0.0000,false,0.0000,false,none,none,false,no_anchor_flip_in_entry_direction,true,required_first_signal_only,LONG,unknown,0.00000000,,0.00000000,,false,,-1,false,NONE,0.00000000,,0.00000000,0.0000,0.0000,none,-1,false,false,false,no_anchor_flip_in_entry_direction,,,,false,false,false,-1,-1,-1,-1,-1,false,false,false,0.0000,falling_n,false,162.68800000,161.89400000,5.4544,false,0.0000,0.0000,0,none,true,0.5827,preferred_382_618,0.200,diagnostic_only,diagnostic_only,diagnostic_only,shallow_pullback,24,0.400,true,none,0.550,high_quality,false,false,diagnostic_only,both,true,none,true,diagnostic_adjacent_detected,required_light,false,false,SHORT,6,false,false,1,2025.01.28 14:00:00,2025.01.28 15:30:00,7,3.1609,161.90200000,0.00000000,161.90200000,true,true,m5_lh_close_break_up,161.90200000,true,1.0800,0.1976,true,1,0.0000,false,6,161.90200000,1.8965,off,false,not_evaluated,none,0.7368,0.0000,normal,true,false,false,0.0000,held_clean,false,none,0.0000,false,no_retest,0.7507,3.1609,0.2375,0.0000,true,strong_exhaustion,0.0000,none,none,false,false,none,0.0000,0.0000,0.0000,0.0000,none,false,false,0.0000,0.0000,false,false,-1,none,none,false,0.000,0.000,162.22100000,162.12900000,162.22100000,structure_confirmed_swing_low,0.06500000,0.2851,session_high|opening_range_high|neckline_level,162.12900000,0.3556,false,true,false,false,not_blocked,1,1,0,m5_failure_exit,off,none,0.00000000,0.0000,1.30,162.45200000,4.500,-0.300,0.200,PERIOD_M15,162.58800000,162.22100000,1.1771,outside,0.000,true,162.15600000,161.92800000,0.22800000,162.45200000,1.298,0.07592857,30.00,0-30,true,false,none,blocked_spread_too_high,4.800,4.800,none,0.0000,false,neckline_retest_failed,false,not_invalidated,spread_too_high
2025.01.29 11:15:00,signal,session_reversal_pullback_one_symbol_first120,USDJPY,LONG,2025.01.29 11:10:00,11,8,17,london,2025.01.29 07:00,70,first_120min,false,true,3,USDJPY,highest_score_in_session_bar,london=USDJPY|EURJPY|GBPJPY|AUDJPY|EURUSD|GBPUSD,existing_first120_gate,london,false,false,true,passed_first_window,inverse_head_and_shoulders,neckline_break_retest,155.24900000,PERIOD_M5,PERIOD_H1,PERIOD_M15,PERIOD_M5,PERIOD_M5,false,htf_soft_alignment,current_post_filter,transcript_post_filter,dow_range_or_transition,no_ordered_dow_wave3_break,dow_range_or_transition,no_ordered_dow_wave3_break,false,true,false,LONG,PERIOD_M5,inverse_head_and_shoulders,inverse_head_and_shoulders,4.500,none,0.000,inverse_head_and_shoulders,4.500,none,0.000,LONG,false,PERIOD_H1_NONE_dow_range_or_transition|PERIOD_M15_NONE_no_ordered_dow_wave3_break,true,h1_counter_m15_reversal,true,top_NONE_dow_range_or_transition|structure_NONE_no_ordered_dow_wave3_break|structure_break_recent_confirmed_swing_break_failed|primary_break_recent_confirmed_swing_break_retest,none,below_75sma_falling,below_75sma_falling,above_75sma_flat_or_falling,-1,0.00000000,0,155.24900000,false,off,NONE,NONE,0.00000000,0.00000000,0.0000,none,0.000,true,LONG,return_high_break_or_bos_up,155.48800000,24,155.78100000,154.99300000,false,off,independent,false,,,false,0.0000,none,0.0000,0.0000,none,0.0000,0.0000,0.0000,none,0.0000,0,0,0.0000,none,none,none,none,0.0000,0,0.0000,none,false,true,not_evaluated,true,required_light_or_anchor_flip,short_bias,155.42300000,2025.01.29 02:00:00,155.78100000,2025.01.29 03:00:00,2025.01.29 08:00:00,false,NONE,0.00000000,0.00000000,0.0000,-1,false,,-1,NONE,0.00000000,0.00000000,0.0000,0.0000,none,,none,false,NONE,-1,-1,-1,false,false,none,false,true,false,true,none,true,required,false,PERIOD_M5,,,-1,0.0000,false,0.00000000,0.0000,false,0.0000,false,none,none,false,no_anchor_flip_in_entry_direction,true,required_first_signal_only,LONG,unknown,0.00000000,,0.00000000,,false,,-1,false,NONE,0.00000000,,0.00000000,0.0000,0.0000,none,-1,false,false,false,no_anchor_flip_in_entry_direction,,,,false,false,false,-1,-1,-1,-1,-1,false,false,false,0.0000,range_n,true,155.78100000,154.99300000,4.9471,false,0.0000,0.0000,0,none,true,0.5072,preferred_382_618,0.200,diagnostic_only,diagnostic_only,diagnostic_only,deep_pullback,12,0.440,true,none,0.590,high_quality,false,false,diagnostic_only,both,true,none,true,diagnostic_adjacent_detected,required_light,false,false,SHORT,3,false,false,0,,,-1,0.0000,0.00000000,0.00000000,0.00000000,false,false,none,0.00000000,false,0.0000,0.0000,false,1,0.0000,false,-1,0.00000000,0.0000,off,false,not_evaluated,none,0.0000,0.0000,none,false,false,false,0.0000,none,false,none,0.0000,false,none,0.0000,0.0000,0.0000,0.0000,false,none,0.0000,none,none,false,false,none,0.0000,0.0000,0.0000,0.0000,none,false,false,0.0000,0.0000,false,false,-1,none,none,false,0.000,0.000,155.30900000,155.24900000,155.30900000,failed_breakout_level,0.00800000,0.0278,session_high|opening_range_high|neckline_level,155.32900000,0.2912,false,true,true,false,not_blocked,3,2,1,m5_failure_exit,off,none,0.00000000,0.0000,1.30,155.67600000,4.500,-0.300,0.200,PERIOD_M15,155.77300000,154.99300000,0.6051,preferred_382_618,0.000,true,155.30100000,155.01300000,0.28800000,155.67600000,1.302,0.09614286,17.00,60-90,true,false,none,not_consumed,4.800,4.800,none,0.0000,false,opposite_break_first,true,opposite_break_first,session_invalidated
2025.01.29 11:15:00,blocked,session_reversal_pullback_one_symbol_first120,USDJPY,LONG,2025.01.29 11:10:00,11,8,17,london,2025.01.29 07:00,70,first_120min,false,true,3,USDJPY,highest_score_in_session_bar,london=USDJPY|EURJPY|GBPJPY|AUDJPY|EURUSD|GBPUSD,existing_first120_gate,london,false,false,true,passed_first_window,inverse_head_and_shoulders,neckline_break_retest,155.24900000,PERIOD_M5,PERIOD_H1,PERIOD_M15,PERIOD_M5,PERIOD_M5,false,htf_soft_alignment,current_post_filter,transcript_post_filter,dow_range_or_transition,no_ordered_dow_wave3_break,dow_range_or_transition,no_ordered_dow_wave3_break,false,true,false,LONG,PERIOD_M5,inverse_head_and_shoulders,inverse_head_and_shoulders,4.500,none,0.000,inverse_head_and_shoulders,4.500,none,0.000,LONG,false,PERIOD_H1_NONE_dow_range_or_transition|PERIOD_M15_NONE_no_ordered_dow_wave3_break,true,h1_counter_m15_reversal,true,top_NONE_dow_range_or_transition|structure_NONE_no_ordered_dow_wave3_break|structure_break_recent_confirmed_swing_break_failed|primary_break_recent_confirmed_swing_break_retest,none,below_75sma_falling,below_75sma_falling,above_75sma_flat_or_falling,-1,0.00000000,0,155.24900000,false,off,NONE,NONE,0.00000000,0.00000000,0.0000,none,0.000,true,LONG,return_high_break_or_bos_up,155.48800000,24,155.78100000,154.99300000,false,off,independent,false,,,false,0.0000,none,0.0000,0.0000,none,0.0000,0.0000,0.0000,none,0.0000,0,0,0.0000,none,none,none,none,0.0000,0,0.0000,none,false,true,not_evaluated,true,required_light_or_anchor_flip,short_bias,155.42300000,2025.01.29 02:00:00,155.78100000,2025.01.29 03:00:00,2025.01.29 08:00:00,false,NONE,0.00000000,0.00000000,0.0000,-1,false,,-1,NONE,0.00000000,0.00000000,0.0000,0.0000,none,,none,false,NONE,-1,-1,-1,false,false,none,false,true,false,true,none,true,required,false,PERIOD_M5,,,-1,0.0000,false,0.00000000,0.0000,false,0.0000,false,none,none,false,no_anchor_flip_in_entry_direction,true,required_first_signal_only,LONG,unknown,0.00000000,,0.00000000,,false,,-1,false,NONE,0.00000000,,0.00000000,0.0000,0.0000,none,-1,false,false,false,no_anchor_flip_in_entry_direction,,,,false,false,false,-1,-1,-1,-1,-1,false,false,false,0.0000,range_n,true,155.78100000,154.99300000,4.9471,false,0.0000,0.0000,0,none,true,0.5072,preferred_382_618,0.200,diagnostic_only,diagnostic_only,diagnostic_only,deep_pullback,12,0.440,true,none,0.590,high_quality,false,false,diagnostic_only,both,true,none,true,diagnostic_adjacent_detected,required_light,false,false,SHORT,3,false,false,0,,,-1,0.0000,0.00000000,0.00000000,0.00000000,false,false,none,0.00000000,false,0.0000,0.0000,false,1,0.0000,false,-1,0.00000000,0.0000,off,false,not_evaluated,none,0.0000,0.0000,none,false,false,false,0.0000,none,false,none,0.0000,false,none,0.0000,0.0000,0.0000,0.0000,false,none,0.0000,none,none,false,false,none,0.0000,0.0000,0.0000,0.0000,none,false,false,0.0000,0.0000,false,false,-1,none,none,false,0.000,0.000,155.30900000,155.24900000,155.30900000,failed_breakout_level,0.00800000,0.0278,session_high|opening_range_high|neckline_level,155.32900000,0.2912,false,true,true,false,not_blocked,3,2,1,m5_failure_exit,off,none,0.00000000,0.0000,1.30,155.67600000,4.500,-0.300,0.200,PERIOD_M15,155.77300000,154.99300000,0.6051,preferred_382_618,0.000,true,155.30100000,155.01300000,0.28800000,155.67600000,1.302,0.09614286,17.00,60-90,true,false,none,blocked_session_invalidated,4.800,4.800,none,0.0000,false,opposite_break_first,true,opposite_break_first,session_invalidated
2025.01.29 17:25:00,signal,session_reversal_pullback_one_symbol_first120,GBPUSD,SHORT,2025.01.29 17:20:00,17,14,23,london_newyork_overlap,2025.01.29 13:00,80,first_120min,false,true,3,GBPUSD,highest_score_in_session_bar,london_newyork_overlap=USDJPY|EURJPY|GBPJPY|AUDJPY|EURUSD|GBPUSD,existing_first120_gate,london_newyork_overlap,true,false,true,passed_first_window,sweep_high_reclaim,sweep_reclaim_retest,1.24163000,PERIOD_M5,PERIOD_H1,PERIOD_M15,PERIOD_M5,PERIOD_M5,false,htf_soft_alignment,current_post_filter,transcript_post_filter,dow_trend_up_hh_hl,no_ordered_dow_wave3_break,dow_trend_up_hh_hl,no_ordered_dow_wave3_break,false,false,true,SHORT,PERIOD_M5,sweep_high_reclaim,sweep_high_reclaim,3.400,none,0.000,sweep_high_reclaim,3.400,none,0.000,SHORT,false,PERIOD_H1_LONG_dow_trend_up_hh_hl|PERIOD_M15_NONE_no_ordered_dow_wave3_break,true,h1_counter_m15_reversal,true,top_LONG_dow_trend_up_hh_hl|structure_NONE_no_ordered_dow_wave3_break|structure_break_recent_confirmed_swing_break_failed|primary_break_recent_confirmed_swing_break_failed,none,below_75sma_flat_or_rising,below_75sma_falling,above_75sma_flat_or_falling,-1,0.00000000,-1,0.00000000,false,off,NONE,NONE,0.00000000,0.00000000,0.0000,none,0.000,true,SHORT,return_low_break_or_bos_down,1.24082000,1,1.24384000,1.23922000,false,off,independent,false,,,false,0.0000,none,0.0000,0.0000,none,0.0000,0.0000,0.0000,none,0.0000,0,0,0.0000,none,none,none,none,0.0000,0,0.0000,none,false,true,not_evaluated,true,required_light_or_anchor_flip,short_bias,1.24082000,2025.01.29 14:15:00,1.24275000,2025.01.29 15:00:00,2025.01.29 15:30:00,false,NONE,0.00000000,0.00000000,0.0000,-1,false,,-1,NONE,0.00000000,0.00000000,0.0000,0.0000,none,,none,false,NONE,-1,-1,-1,false,false,none,true,false,false,true,none,true,required,false,PERIOD_M5,,,-1,0.0000,false,0.00000000,0.0000,false,0.0000,false,none,none,false,no_anchor_flip_in_entry_direction,true,required_first_signal_only,SHORT,unknown,0.00000000,,0.00000000,,false,,-1,false,NONE,0.00000000,,0.00000000,0.0000,0.0000,none,-1,false,false,false,no_anchor_flip_in_entry_direction,,,,false,false,false,-1,-1,-1,-1,-1,false,false,false,0.0000,range_n,true,1.24275000,1.23922000,3.2664,false,0.0000,0.0000,0,none,true,0.4892,preferred_382_618,0.200,diagnostic_only,diagnostic_only,diagnostic_only,shallow_pullback,24,0.400,true,none,0.550,medium_quality,false,false,diagnostic_only,both,true,none,true,diagnostic_adjacent_detected,required_light,false,false,LONG,2,false,false,0,,,-1,0.0000,0.00000000,0.00000000,0.00000000,false,false,none,0.00000000,false,0.0000,0.0000,false,1,0.0000,false,-1,0.00000000,0.0000,off,false,not_evaluated,none,0.0000,0.0000,none,false,false,false,0.0000,none,false,none,0.0000,false,none,0.0000,0.0000,0.0000,0.0000,false,none,0.0000,none,none,false,false,none,0.0000,0.0000,0.0000,0.0000,none,false,false,0.0000,0.0000,false,false,-1,none,none,false,0.000,0.000,1.24163000,1.24140333,1.24140333,recent_equal_highs,0.00007667,0.0644,neckline_level,1.24163000,0.2167,false,true,true,false,not_blocked,7,2,5,m5_failure_exit,off,none,0.00000000,0.0000,1.30,1.23993000,3.400,-0.300,0.200,PERIOD_M15,1.24275000,1.23922000,0.6402,deep_618_786,0.000,true,1.24148000,1.24267000,0.00119000,1.23993000,1.303,0.00069214,20.00,60-90,true,false,none,not_consumed,3.500,3.500,none,0.0000,false,opposite_break_first,true,opposite_break_first,spread_too_high
2025.01.29 17:25:00,blocked,session_reversal_pullback_one_symbol_first120,GBPUSD,SHORT,2025.01.29 17:20:00,17,14,23,london_newyork_overlap,2025.01.29 13:00,80,first_120min,false,true,3,GBPUSD,highest_score_in_session_bar,london_newyork_overlap=USDJPY|EURJPY|GBPJPY|AUDJPY|EURUSD|GBPUSD,existing_first120_gate,london_newyork_overlap,true,false,true,passed_first_window,sweep_high_reclaim,sweep_reclaim_retest,1.24163000,PERIOD_M5,PERIOD_H1,PERIOD_M15,PERIOD_M5,PERIOD_M5,false,htf_soft_alignment,current_post_filter,transcript_post_filter,dow_trend_up_hh_hl,no_ordered_dow_wave3_break,dow_trend_up_hh_hl,no_ordered_dow_wave3_break,false,false,true,SHORT,PERIOD_M5,sweep_high_reclaim,sweep_high_reclaim,3.400,none,0.000,sweep_high_reclaim,3.400,none,0.000,SHORT,false,PERIOD_H1_LONG_dow_trend_up_hh_hl|PERIOD_M15_NONE_no_ordered_dow_wave3_break,true,h1_counter_m15_reversal,true,top_LONG_dow_trend_up_hh_hl|structure_NONE_no_ordered_dow_wave3_break|structure_break_recent_confirmed_swing_break_failed|primary_break_recent_confirmed_swing_break_failed,none,below_75sma_flat_or_rising,below_75sma_falling,above_75sma_flat_or_falling,-1,0.00000000,-1,0.00000000,false,off,NONE,NONE,0.00000000,0.00000000,0.0000,none,0.000,true,SHORT,return_low_break_or_bos_down,1.24082000,1,1.24384000,1.23922000,false,off,independent,false,,,false,0.0000,none,0.0000,0.0000,none,0.0000,0.0000,0.0000,none,0.0000,0,0,0.0000,none,none,none,none,0.0000,0,0.0000,none,false,true,not_evaluated,true,required_light_or_anchor_flip,short_bias,1.24082000,2025.01.29 14:15:00,1.24275000,2025.01.29 15:00:00,2025.01.29 15:30:00,false,NONE,0.00000000,0.00000000,0.0000,-1,false,,-1,NONE,0.00000000,0.00000000,0.0000,0.0000,none,,none,false,NONE,-1,-1,-1,false,false,none,true,false,false,true,none,true,required,false,PERIOD_M5,,,-1,0.0000,false,0.00000000,0.0000,false,0.0000,false,none,none,false,no_anchor_flip_in_entry_direction,true,required_first_signal_only,SHORT,unknown,0.00000000,,0.00000000,,false,,-1,false,NONE,0.00000000,,0.00000000,0.0000,0.0000,none,-1,false,false,false,no_anchor_flip_in_entry_direction,,,,false,false,false,-1,-1,-1,-1,-1,false,false,false,0.0000,range_n,true,1.24275000,1.23922000,3.2664,false,0.0000,0.0000,0,none,true,0.4892,preferred_382_618,0.200,diagnostic_only,diagnostic_only,diagnostic_only,shallow_pullback,24,0.400,true,none,0.550,medium_quality,false,false,diagnostic_only,both,true,none,true,diagnostic_adjacent_detected,required_light,false,false,LONG,2,false,false,0,,,-1,0.0000,0.00000000,0.00000000,0.00000000,false,false,none,0.00000000,false,0.0000,0.0000,false,1,0.0000,false,-1,0.00000000,0.0000,off,false,not_evaluated,none,0.0000,0.0000,none,false,false,false,0.0000,none,false,none,0.0000,false,none,0.0000,0.0000,0.0000,0.0000,false,none,0.0000,none,none,false,false,none,0.0000,0.0000,0.0000,0.0000,none,false,false,0.0000,0.0000,false,false,-1,none,none,false,0.000,0.000,1.24163000,1.24140333,1.24140333,recent_equal_highs,0.00007667,0.0644,neckline_level,1.24163000,0.2167,false,true,true,false,not_blocked,7,2,5,m5_failure_exit,off,none,0.00000000,0.0000,1.30,1.23993000,3.400,-0.300,0.200,PERIOD_M15,1.24275000,1.23922000,0.6402,deep_618_786,0.000,true,1.24148000,1.24267000,0.00119000,1.23993000,1.303,0.00069214,20.00,60-90,true,false,none,blocked_spread_too_high,3.500,3.500,none,0.0000,false,opposite_break_first,true,opposite_break_first,spread_too_high
2025.01.29 19:25:00,signal,session_reversal_pullback_one_symbol_first120,GBPJPY,SHORT,2025.01.29 19:20:00,19,16,1,new_york,2025.01.29 16:00,20,first_120min,true,true,3,GBPJPY,highest_score_in_session_bar,new_york=USDJPY|EURJPY|GBPJPY|AUDJPY|EURUSD|GBPUSD,existing_first120_gate,new_york,false,false,true,passed_first_window,sweep_high_reclaim,sweep_reclaim_retest,193.12900000,PERIOD_M5,PERIOD_H1,PERIOD_M15,PERIOD_M5,PERIOD_M5,false,htf_soft_alignment,current_post_filter,transcript_post_filter,dow_range_or_transition,ordered_dow_wave3_break_above_swing_high,dow_range_or_transition,ordered_dow_wave3_break_above_swing_high,false,false,true,SHORT,PERIOD_M5,sweep_high_reclaim,sweep_high_reclaim,3.400,none,0.000,sweep_high_reclaim,3.400,none,0.000,SHORT,false,PERIOD_H1_NONE_dow_range_or_transition|PERIOD_M15_LONG_ordered_dow_wave3_break_above_swing_high,true,h1_counter_m15_reversal,true,top_NONE_dow_range_or_transition|structure_LONG_ordered_dow_wave3_break_above_swing_high|structure_break_recent_confirmed_swing_break_failed|primary_break_recent_confirmed_swing_break_failed,none,below_75sma_falling,below_75sma_falling,above_75sma_rising,-1,0.00000000,-1,0.00000000,false,off,NONE,NONE,0.00000000,0.00000000,0.0000,none,0.000,true,SHORT,return_low_break_or_bos_down,192.80100000,3,193.10100000,192.47200000,false,off,independent,false,,,false,0.0000,none,0.0000,0.0000,none,0.0000,0.0000,0.0000,none,0.0000,0,0,0.0000,none,none,none,none,0.0000,0,0.0000,none,false,true,not_evaluated,true,required_light_or_anchor_flip,long_bias,192.49900000,2025.01.29 16:45:00,193.10100000,2025.01.29 13:30:00,2025.01.29 17:45:00,false,NONE,0.00000000,0.00000000,0.0000,-1,false,,-1,NONE,0.00000000,0.00000000,0.0000,0.0000,none,,none,false,NONE,-1,-1,-1,false,false,none,false,true,false,true,none,true,required,false,PERIOD_M5,,,-1,0.0000,false,0.00000000,0.0000,false,0.0000,false,none,none,false,no_anchor_flip_in_entry_direction,true,required_first_signal_only,SHORT,unknown,0.00000000,,0.00000000,,false,,-1,false,NONE,0.00000000,,0.00000000,0.0000,0.0000,none,-1,false,false,false,no_anchor_flip_in_entry_direction,,,,false,false,false,-1,-1,-1,-1,-1,false,false,false,0.0000,rising_n,false,193.10100000,192.47200000,3.3205,false,0.0000,0.0000,0,none,true,0.9921,too_deep,0.000,diagnostic_only,diagnostic_only,diagnostic_only,fib_pullback,24,0.120,true,none,0.270,medium_quality,false,false,diagnostic_only,both,true,none,true,diagnostic_adjacent_detected,required_light,false,false,LONG,6,false,false,2,2025.01.29 17:15:00,2025.01.29 18:05:00,15,4.3234,0.00000000,192.67600000,192.67600000,false,false,none,0.00000000,false,0.0000,0.0000,false,1,0.0000,false,-1,0.00000000,0.0000,off,false,not_evaluated,none,0.0000,0.0000,none,false,false,false,0.0000,none,false,none,0.0000,false,none,3.2595,1.9806,1.6457,2.3428,false,no_shrink,0.0000,none,none,false,false,none,0.0000,0.0000,0.0000,0.0000,none,false,false,0.0000,0.0000,false,false,-1,none,none,false,0.000,0.000,193.12366667,193.05450000,193.05450000,recent_equal_lows,0.04150000,0.5533,neckline_level,193.12900000,0.3735,false,false,true,false,not_blocked,3,0,3,m5_failure_exit,off,none,0.00000000,0.0000,1.30,192.99900000,3.400,-0.300,0.200,PERIOD_M15,192.88900000,192.49900000,1.5308,outside,0.000,true,193.09600000,193.17100000,0.07500000,192.99900000,1.293,0.08835714,38.00,0-30,true,false,none,not_consumed,3.500,3.500,none,0.0000,false,opposite_break_first,true,opposite_break_first,spread_too_high
2025.01.29 19:25:00,blocked,session_reversal_pullback_one_symbol_first120,GBPJPY,SHORT,2025.01.29 19:20:00,19,16,1,new_york,2025.01.29 16:00,20,first_120min,true,true,3,GBPJPY,highest_score_in_session_bar,new_york=USDJPY|EURJPY|GBPJPY|AUDJPY|EURUSD|GBPUSD,existing_first120_gate,new_york,false,false,true,passed_first_window,sweep_high_reclaim,sweep_reclaim_retest,193.12900000,PERIOD_M5,PERIOD_H1,PERIOD_M15,PERIOD_M5,PERIOD_M5,false,htf_soft_alignment,current_post_filter,transcript_post_filter,dow_range_or_transition,ordered_dow_wave3_break_above_swing_high,dow_range_or_transition,ordered_dow_wave3_break_above_swing_high,false,false,true,SHORT,PERIOD_M5,sweep_high_reclaim,sweep_high_reclaim,3.400,none,0.000,sweep_high_reclaim,3.400,none,0.000,SHORT,false,PERIOD_H1_NONE_dow_range_or_transition|PERIOD_M15_LONG_ordered_dow_wave3_break_above_swing_high,true,h1_counter_m15_reversal,true,top_NONE_dow_range_or_transition|structure_LONG_ordered_dow_wave3_break_above_swing_high|structure_break_recent_confirmed_swing_break_failed|primary_break_recent_confirmed_swing_break_failed,none,below_75sma_falling,below_75sma_falling,above_75sma_rising,-1,0.00000000,-1,0.00000000,false,off,NONE,NONE,0.00000000,0.00000000,0.0000,none,0.000,true,SHORT,return_low_break_or_bos_down,192.80100000,3,193.10100000,192.47200000,false,off,independent,false,,,false,0.0000,none,0.0000,0.0000,none,0.0000,0.0000,0.0000,none,0.0000,0,0,0.0000,none,none,none,none,0.0000,0,0.0000,none,false,true,not_evaluated,true,required_light_or_anchor_flip,long_bias,192.49900000,2025.01.29 16:45:00,193.10100000,2025.01.29 13:30:00,2025.01.29 17:45:00,false,NONE,0.00000000,0.00000000,0.0000,-1,false,,-1,NONE,0.00000000,0.00000000,0.0000,0.0000,none,,none,false,NONE,-1,-1,-1,false,false,none,false,true,false,true,none,true,required,false,PERIOD_M5,,,-1,0.0000,false,0.00000000,0.0000,false,0.0000,false,none,none,false,no_anchor_flip_in_entry_direction,true,required_first_signal_only,SHORT,unknown,0.00000000,,0.00000000,,false,,-1,false,NONE,0.00000000,,0.00000000,0.0000,0.0000,none,-1,false,false,false,no_anchor_flip_in_entry_direction,,,,false,false,false,-1,-1,-1,-1,-1,false,false,false,0.0000,rising_n,false,193.10100000,192.47200000,3.3205,false,0.0000,0.0000,0,none,true,0.9921,too_deep,0.000,diagnostic_only,diagnostic_only,diagnostic_only,fib_pullback,24,0.120,true,none,0.270,medium_quality,false,false,diagnostic_only,both,true,none,true,diagnostic_adjacent_detected,required_light,false,false,LONG,6,false,false,2,2025.01.29 17:15:00,2025.01.29 18:05:00,15,4.3234,0.00000000,192.67600000,192.67600000,false,false,none,0.00000000,false,0.0000,0.0000,false,1,0.0000,false,-1,0.00000000,0.0000,off,false,not_evaluated,none,0.0000,0.0000,none,false,false,false,0.0000,none,false,none,0.0000,false,none,3.2595,1.9806,1.6457,2.3428,false,no_shrink,0.0000,none,none,false,false,none,0.0000,0.0000,0.0000,0.0000,none,false,false,0.0000,0.0000,false,false,-1,none,none,false,0.000,0.000,193.12366667,193.05450000,193.05450000,recent_equal_lows,0.04150000,0.5533,neckline_level,193.12900000,0.3735,false,false,true,false,not_blocked,3,0,3,m5_failure_exit,off,none,0.00000000,0.0000,1.30,192.99900000,3.400,-0.300,0.200,PERIOD_M15,192.88900000,192.49900000,1.5308,outside,0.000,true,193.09600000,193.17100000,0.07500000,192.99900000,1.293,0.08835714,38.00,0-30,true,false,none,blocked_spread_too_high,3.500,3.500,none,0.0000,false,opposite_break_first,true,opposite_break_first,spread_too_high
2025.01.30 10:40:00,signal,session_reversal_pullback_one_symbol_first120,EURUSD,LONG,2025.01.30 10:35:00,10,7,16,london,2025.01.30 07:00,35,first_120min,true,true,3,EURUSD,highest_score_in_session_bar,london=USDJPY|EURJPY|GBPJPY|AUDJPY|EURUSD|GBPUSD,existing_first120_gate,london,true,false,true,passed_first_window,inverse_head_and_shoulders,neckline_break_retest,1.04182000,PERIOD_M5,PERIOD_H1,PERIOD_M15,PERIOD_M5,PERIOD_M5,false,htf_soft_alignment,current_post_filter,transcript_post_filter,dow_range_or_transition,structure_trend_bias_dow_trend_down_ll_lh,dow_range_or_transition,structure_trend_bias_dow_trend_down_ll_lh,false,true,false,LONG,PERIOD_M5,inverse_head_and_shoulders,inverse_head_and_shoulders,4.500,none,0.000,inverse_head_and_shoulders,4.500,none,0.000,LONG,false,PERIOD_H1_NONE_dow_range_or_transition|PERIOD_M15_SHORT_structure_trend_bias_dow_trend_down_ll_lh,true,h1_counter_m15_reversal,true,top_NONE_dow_range_or_transition|structure_SHORT_structure_trend_bias_dow_trend_down_ll_lh|structure_break_recent_confirmed_swing_break_retest|primary_break_recent_confirmed_swing_break_failed,none,below_75sma_falling,above_75sma_rising,below_75sma_falling,0,1.04219000,-1,0.00000000,false,off,NONE,NONE,0.00000000,0.00000000,0.0000,none,0.000,true,LONG,return_high_break_or_bos_up,1.04219000,0,1.04219000,1.04088000,false,off,independent,false,,,false,0.0000,none,0.0000,0.0000,none,0.0000,0.0000,0.0000,none,0.0000,0,0,0.0000,none,none,none,none,0.0000,0,0.0000,none,false,true,not_evaluated,true,required_light_or_anchor_flip,bias_flip_up,1.04076000,2025.01.30 00:00:00,1.04219000,2025.01.30 08:00:00,2025.01.30 09:00:00,true,LONG,1.04219000,1.04232000,0.2398,2,true,2025.01.30 09:45:00,2,LONG,1.04219000,1.04232000,0.2398,0.6640,normal,2025.01.30 10:15:00,first_after_anchor,true,LONG,2,0,2,true,false,fresh_0_4,true,false,false,true,none,true,required,true,PERIOD_M5,2025.01.30 09:50:00,2025.01.30 09:55:00,10,0.3625,true,1.04219000,0.3625,true,0.3172,true,m5_bos_up_after_anchor_retest,failed_close_back_inside,false,post_anchor_close_back_inside,true,required_first_signal_only,LONG,range_n,0.00000000,,0.00000000,,false,,-1,false,NONE,0.00000000,,0.00000000,0.0000,0.0000,none,-1,false,false,false,micro_n_not_corrective_for_entry,EURUSD|LONG|1738230300|1.04219,,,false,false,false,-1,-1,-1,-1,-1,false,false,false,0.0000,falling_n,false,1.04282000,1.04088000,3.5784,true,0.6640,0.6400,0,normal,true,0.4051,preferred_382_618,0.200,diagnostic_only,diagnostic_only,diagnostic_only,shallow_pullback,5,0.490,true,none,0.640,high_quality,false,false,diagnostic_only,both,true,none,true,diagnostic_adjacent_detected,required_light,false,false,SHORT,5,false,false,1,2025.01.30 07:45:00,2025.01.30 10:00:00,7,4.4175,1.04283000,0.00000000,1.04283000,false,false,none,0.00000000,false,0.0000,0.0000,false,1,0.0000,false,-1,0.00000000,0.0000,off,false,not_evaluated,none,0.0000,0.0000,none,false,false,false,0.0000,none,false,none,0.0000,false,none,4.4175,1.1327,3.9000,1.8350,false,no_shrink,0.0000,none,none,false,false,none,0.0000,0.0000,0.0000,0.0000,none,false,false,0.0000,0.0000,false,false,-1,none,none,false,0.000,0.000,1.04206000,1.04187000,1.04206000,price_congestion_zone,0.00002000,0.0174,neckline_level,1.04182000,0.4984,false,true,true,false,not_blocked,11,6,5,m5_failure_exit,off,none,0.00000000,0.0000,1.30,1.04353000,4.500,-0.300,0.200,PERIOD_M15,1.04219000,1.04088000,0.1145,outside,0.000,true,1.04204000,1.04089000,0.00115000,1.04353000,1.296,0.00044143,18.00,30-60,true,false,none,not_consumed,4.950,4.950,none,0.0000,false,opposite_break_first,true,opposite_break_first,spread_too_high
2025.01.30 10:40:00,blocked,session_reversal_pullback_one_symbol_first120,EURUSD,LONG,2025.01.30 10:35:00,10,7,16,london,2025.01.30 07:00,35,first_120min,true,true,3,EURUSD,highest_score_in_session_bar,london=USDJPY|EURJPY|GBPJPY|AUDJPY|EURUSD|GBPUSD,existing_first120_gate,london,true,false,true,passed_first_window,inverse_head_and_shoulders,neckline_break_retest,1.04182000,PERIOD_M5,PERIOD_H1,PERIOD_M15,PERIOD_M5,PERIOD_M5,false,htf_soft_alignment,current_post_filter,transcript_post_filter,dow_range_or_transition,structure_trend_bias_dow_trend_down_ll_lh,dow_range_or_transition,structure_trend_bias_dow_trend_down_ll_lh,false,true,false,LONG,PERIOD_M5,inverse_head_and_shoulders,inverse_head_and_shoulders,4.500,none,0.000,inverse_head_and_shoulders,4.500,none,0.000,LONG,false,PERIOD_H1_NONE_dow_range_or_transition|PERIOD_M15_SHORT_structure_trend_bias_dow_trend_down_ll_lh,true,h1_counter_m15_reversal,true,top_NONE_dow_range_or_transition|structure_SHORT_structure_trend_bias_dow_trend_down_ll_lh|structure_break_recent_confirmed_swing_break_retest|primary_break_recent_confirmed_swing_break_failed,none,below_75sma_falling,above_75sma_rising,below_75sma_falling,0,1.04219000,-1,0.00000000,false,off,NONE,NONE,0.00000000,0.00000000,0.0000,none,0.000,true,LONG,return_high_break_or_bos_up,1.04219000,0,1.04219000,1.04088000,false,off,independent,false,,,false,0.0000,none,0.0000,0.0000,none,0.0000,0.0000,0.0000,none,0.0000,0,0,0.0000,none,none,none,none,0.0000,0,0.0000,none,false,true,not_evaluated,true,required_light_or_anchor_flip,bias_flip_up,1.04076000,2025.01.30 00:00:00,1.04219000,2025.01.30 08:00:00,2025.01.30 09:00:00,true,LONG,1.04219000,1.04232000,0.2398,2,true,2025.01.30 09:45:00,2,LONG,1.04219000,1.04232000,0.2398,0.6640,normal,2025.01.30 10:15:00,first_after_anchor,true,LONG,2,0,2,true,false,fresh_0_4,true,false,false,true,none,true,required,true,PERIOD_M5,2025.01.30 09:50:00,2025.01.30 09:55:00,10,0.3625,true,1.04219000,0.3625,true,0.3172,true,m5_bos_up_after_anchor_retest,failed_close_back_inside,false,post_anchor_close_back_inside,true,required_first_signal_only,LONG,range_n,0.00000000,,0.00000000,,false,,-1,false,NONE,0.00000000,,0.00000000,0.0000,0.0000,none,-1,false,false,false,micro_n_not_corrective_for_entry,EURUSD|LONG|1738230300|1.04219,,,false,false,false,-1,-1,-1,-1,-1,false,false,false,0.0000,falling_n,false,1.04282000,1.04088000,3.5784,true,0.6640,0.6400,0,normal,true,0.4051,preferred_382_618,0.200,diagnostic_only,diagnostic_only,diagnostic_only,shallow_pullback,5,0.490,true,none,0.640,high_quality,false,false,diagnostic_only,both,true,none,true,diagnostic_adjacent_detected,required_light,false,false,SHORT,5,false,false,1,2025.01.30 07:45:00,2025.01.30 10:00:00,7,4.4175,1.04283000,0.00000000,1.04283000,false,false,none,0.00000000,false,0.0000,0.0000,false,1,0.0000,false,-1,0.00000000,0.0000,off,false,not_evaluated,none,0.0000,0.0000,none,false,false,false,0.0000,none,false,none,0.0000,false,none,4.4175,1.1327,3.9000,1.8350,false,no_shrink,0.0000,none,none,false,false,none,0.0000,0.0000,0.0000,0.0000,none,false,false,0.0000,0.0000,false,false,-1,none,none,false,0.000,0.000,1.04206000,1.04187000,1.04206000,price_congestion_zone,0.00002000,0.0174,neckline_level,1.04182000,0.4984,false,true,true,false,not_blocked,11,6,5,m5_failure_exit,off,none,0.00000000,0.0000,1.30,1.04353000,4.500,-0.300,0.200,PERIOD_M15,1.04219000,1.04088000,0.1145,outside,0.000,true,1.04204000,1.04089000,0.00115000,1.04353000,1.296,0.00044143,18.00,30-60,true,false,none,blocked_spread_too_high,4.950,4.950,none,0.0000,false,opposite_break_first,true,opposite_break_first,spread_too_high
2025.01.30 16:55:00,signal,session_reversal_pullback_one_symbol_first120,EURJPY,LONG,2025.01.30 16:50:00,16,13,22,london_newyork_overlap,2025.01.30 13:00,50,first_120min,true,true,3,EURJPY,highest_score_in_session_bar,london_newyork_overlap=USDJPY|EURJPY|GBPJPY|AUDJPY|EURUSD|GBPUSD,existing_first120_gate,london_newyork_overlap,true,false,true,passed_first_window,double_bottom,neckline_break_retest,160.58300000,PERIOD_M5,PERIOD_H1,PERIOD_M15,PERIOD_M5,PERIOD_M5,false,htf_soft_alignment,current_post_filter,transcript_post_filter,dow_trend_down_ll_lh,structure_trend_bias_dow_trend_down_ll_lh,dow_trend_down_ll_lh,structure_trend_bias_dow_trend_down_ll_lh,false,true,true,LONG,PERIOD_M5,double_bottom,double_bottom,4.200,none,0.000,double_bottom,4.200,none,0.000,LONG,false,PERIOD_H1_SHORT_dow_trend_down_ll_lh|PERIOD_M15_SHORT_structure_trend_bias_dow_trend_down_ll_lh,true,h1_counter_m15_reversal,true,top_SHORT_dow_trend_down_ll_lh|structure_SHORT_structure_trend_bias_dow_trend_down_ll_lh|structure_break_recent_confirmed_swing_break_failed|primary_break_recent_confirmed_swing_break_retest,none,below_75sma_falling,below_75sma_falling,above_75sma_flat_or_falling,-1,0.00000000,3,160.66400000,false,off,NONE,NONE,0.00000000,0.00000000,0.0000,none,0.000,true,LONG,return_high_break_or_bos_up,160.80200000,1,160.80200000,160.21900000,false,off,independent,false,,,false,0.0000,none,0.0000,0.0000,none,0.0000,0.0000,0.0000,none,0.0000,0,0,0.0000,none,none,none,none,0.0000,0,0.0000,none,false,true,not_evaluated,true,required_light_or_anchor_flip,bias_flip_up,160.73000000,2025.01.30 09:00:00,160.80200000,2025.01.30 12:00:00,2025.01.30 15:15:00,true,LONG,160.80200000,160.92500000,0.6128,3,true,2025.01.30 15:45:00,3,LONG,160.80200000,160.92500000,0.6128,1.7836,strong,2025.01.30 16:15:00,first_after_anchor,true,LONG,3,1,3,true,false,fresh_0_4,true,false,false,true,none,true,required,true,PERIOD_M5,2025.01.30 15:50:00,2025.01.30 15:55:00,13,1.4936,true,160.80200000,1.4936,true,1.4224,true,m5_bullish_close_after_anchor_retest,failed_close_back_inside,false,post_anchor_close_back_inside,true,required_first_signal_only,LONG,range_n,0.00000000,,0.00000000,,false,,-1,false,NONE,0.00000000,,0.00000000,0.0000,0.0000,none,-1,false,false,false,micro_n_not_corrective_for_entry,EURJPY|LONG|1738251900|160.802,,,false,false,false,-1,-1,-1,-1,-1,false,false,false,0.0000,falling_n,false,161.17500000,160.21900000,4.7630,true,1.7836,0.2334,2,strong,true,0.4931,preferred_382_618,0.200,diagnostic_only,diagnostic_only,diagnostic_only,fib_pullback,5,0.440,true,none,0.590,high_quality,false,false,diagnostic_only,both,true,none,true,diagnostic_adjacent_detected,required_light,false,false,SHORT,3,false,false,0,,,-1,0.0000,0.00000000,0.00000000,0.00000000,false,false,none,0.00000000,false,0.0000,0.0000,false,1,0.0000,false,-1,0.00000000,0.0000,off,false,not_evaluated,none,0.0000,0.0000,none,false,false,false,0.0000,none,false,none,0.0000,false,none,0.0000,0.0000,0.0000,0.0000,false,none,0.0000,none,none,false,false,none,0.0000,0.0000,0.0000,0.0000,none,false,false,0.0000,0.0000,false,false,-1,none,none,false,0.000,0.000,160.79166667,160.69100000,160.79166667,recent_equal_highs,0.09366667,0.3808,neckline_level,160.58300000,0.6292,false,true,true,false,not_blocked,6,4,2,m5_failure_exit,off,none,0.00000000,0.0000,1.30,161.01800000,4.200,-0.300,0.200,PERIOD_M15,160.80200000,160.21900000,0.1784,outside,0.000,true,160.69800000,160.45200000,0.24600000,161.01800000,1.301,0.18278571,30.00,30-60,true,false,none,not_consumed,4.500,4.500,none,0.0000,false,opposite_break_first,true,opposite_break_first,session_invalidated
2025.01.30 16:55:00,blocked,session_reversal_pullback_one_symbol_first120,EURJPY,LONG,2025.01.30 16:50:00,16,13,22,london_newyork_overlap,2025.01.30 13:00,50,first_120min,true,true,3,EURJPY,highest_score_in_session_bar,london_newyork_overlap=USDJPY|EURJPY|GBPJPY|AUDJPY|EURUSD|GBPUSD,existing_first120_gate,london_newyork_overlap,true,false,true,passed_first_window,double_bottom,neckline_break_retest,160.58300000,PERIOD_M5,PERIOD_H1,PERIOD_M15,PERIOD_M5,PERIOD_M5,false,htf_soft_alignment,current_post_filter,transcript_post_filter,dow_trend_down_ll_lh,structure_trend_bias_dow_trend_down_ll_lh,dow_trend_down_ll_lh,structure_trend_bias_dow_trend_down_ll_lh,false,true,true,LONG,PERIOD_M5,double_bottom,double_bottom,4.200,none,0.000,double_bottom,4.200,none,0.000,LONG,false,PERIOD_H1_SHORT_dow_trend_down_ll_lh|PERIOD_M15_SHORT_structure_trend_bias_dow_trend_down_ll_lh,true,h1_counter_m15_reversal,true,top_SHORT_dow_trend_down_ll_lh|structure_SHORT_structure_trend_bias_dow_trend_down_ll_lh|structure_break_recent_confirmed_swing_break_failed|primary_break_recent_confirmed_swing_break_retest,none,below_75sma_falling,below_75sma_falling,above_75sma_flat_or_falling,-1,0.00000000,3,160.66400000,false,off,NONE,NONE,0.00000000,0.00000000,0.0000,none,0.000,true,LONG,return_high_break_or_bos_up,160.80200000,1,160.80200000,160.21900000,false,off,independent,false,,,false,0.0000,none,0.0000,0.0000,none,0.0000,0.0000,0.0000,none,0.0000,0,0,0.0000,none,none,none,none,0.0000,0,0.0000,none,false,true,not_evaluated,true,required_light_or_anchor_flip,bias_flip_up,160.73000000,2025.01.30 09:00:00,160.80200000,2025.01.30 12:00:00,2025.01.30 15:15:00,true,LONG,160.80200000,160.92500000,0.6128,3,true,2025.01.30 15:45:00,3,LONG,160.80200000,160.92500000,0.6128,1.7836,strong,2025.01.30 16:15:00,first_after_anchor,true,LONG,3,1,3,true,false,fresh_0_4,true,false,false,true,none,true,required,true,PERIOD_M5,2025.01.30 15:50:00,2025.01.30 15:55:00,13,1.4936,true,160.80200000,1.4936,true,1.4224,true,m5_bullish_close_after_anchor_retest,failed_close_back_inside,false,post_anchor_close_back_inside,true,required_first_signal_only,LONG,range_n,0.00000000,,0.00000000,,false,,-1,false,NONE,0.00000000,,0.00000000,0.0000,0.0000,none,-1,false,false,false,micro_n_not_corrective_for_entry,EURJPY|LONG|1738251900|160.802,,,false,false,false,-1,-1,-1,-1,-1,false,false,false,0.0000,falling_n,false,161.17500000,160.21900000,4.7630,true,1.7836,0.2334,2,strong,true,0.4931,preferred_382_618,0.200,diagnostic_only,diagnostic_only,diagnostic_only,fib_pullback,5,0.440,true,none,0.590,high_quality,false,false,diagnostic_only,both,true,none,true,diagnostic_adjacent_detected,required_light,false,false,SHORT,3,false,false,0,,,-1,0.0000,0.00000000,0.00000000,0.00000000,false,false,none,0.00000000,false,0.0000,0.0000,false,1,0.0000,false,-1,0.00000000,0.0000,off,false,not_evaluated,none,0.0000,0.0000,none,false,false,false,0.0000,none,false,none,0.0000,false,none,0.0000,0.0000,0.0000,0.0000,false,none,0.0000,none,none,false,false,none,0.0000,0.0000,0.0000,0.0000,none,false,false,0.0000,0.0000,false,false,-1,none,none,false,0.000,0.000,160.79166667,160.69100000,160.79166667,recent_equal_highs,0.09366667,0.3808,neckline_level,160.58300000,0.6292,false,true,true,false,not_blocked,6,4,2,m5_failure_exit,off,none,0.00000000,0.0000,1.30,161.01800000,4.200,-0.300,0.200,PERIOD_M15,160.80200000,160.21900000,0.1784,outside,0.000,true,160.69800000,160.45200000,0.24600000,161.01800000,1.301,0.18278571,30.00,30-60,true,false,none,blocked_session_invalidated,4.500,4.500,none,0.0000,false,opposite_break_first,true,opposite_break_first,session_invalidated
2025.01.30 19:10:00,signal,session_reversal_pullback_one_symbol_first120,EURUSD,SHORT,2025.01.30 19:05:00,19,16,1,new_york,2025.01.30 16:00,5,first_120min,true,true,3,EURUSD,highest_score_in_session_bar,new_york=USDJPY|EURJPY|GBPJPY|AUDJPY|EURUSD|GBPUSD,existing_first120_gate,new_york,false,false,true,passed_first_window,head_and_shoulders,neckline_break_retest,1.04195000,PERIOD_M5,PERIOD_H1,PERIOD_M15,PERIOD_M5,PERIOD_M5,false,htf_soft_alignment,current_post_filter,transcript_post_filter,dow_range_or_transition,no_ordered_dow_wave3_break,dow_range_or_transition,no_ordered_dow_wave3_break,false,false,true,SHORT,PERIOD_M5,head_and_shoulders,head_and_shoulders,4.500,none,0.000,head_and_shoulders,4.500,none,0.000,SHORT,false,PERIOD_H1_NONE_dow_range_or_transition|PERIOD_M15_NONE_no_ordered_dow_wave3_break,true,h1_counter_m15_reversal,true,top_NONE_dow_range_or_transition|structure_NONE_no_ordered_dow_wave3_break|structure_break_recent_confirmed_swing_break_failed|primary_break_recent_confirmed_swing_break_continuation,none,below_75sma_falling,above_75sma_rising,below_75sma_flat_or_rising,-1,0.00000000,0,1.04262000,false,off,NONE,NONE,0.00000000,0.00000000,0.0000,none,0.000,true,SHORT,return_low_break_or_bos_down,1.04013000,17,1.04416000,1.04186000,false,off,independent,false,,,false,0.0000,none,0.0000,0.0000,none,0.0000,0.0000,0.0000,none,0.0000,0,0,0.0000,none,none,none,none,0.0000,0,0.0000,none,false,true,not_evaluated,true,required_light_or_anchor_flip,long_bias,1.03895000,2025.01.30 14:00:00,1.04115000,2025.01.30 12:30:00,2025.01.30 16:00:00,false,NONE,0.00000000,0.00000000,0.0000,-1,false,,-1,NONE,0.00000000,0.00000000,0.0000,0.0000,none,,none,false,NONE,-1,-1,-1,false,false,none,false,true,false,true,none,true,required,false,PERIOD_M5,,,-1,0.0000,false,0.00000000,0.0000,false,0.0000,false,none,none,false,no_anchor_flip_in_entry_direction,true,required_first_signal_only,SHORT,unknown,0.00000000,,0.00000000,,false,,-1,false,NONE,0.00000000,,0.00000000,0.0000,0.0000,none,-1,false,false,false,no_anchor_flip_in_entry_direction,,,,false,false,false,-1,-1,-1,-1,-1,false,false,false,0.0000,range_n,true,1.04669000,1.03895000,5.0005,false,0.0000,0.0000,0,none,true,0.3165,shallow_236_382,0.080,diagnostic_only,diagnostic_only,diagnostic_only,fib_pullback,5,0.370,true,none,0.520,high_quality,false,false,diagnostic_only,both,true,none,true,diagnostic_adjacent_detected,required_light,false,false,LONG,4,false,false,2,2025.01.30 16:45:00,2025.01.30 17:40:00,17,4.6599,0.00000000,1.04262000,1.04262000,true,true,m5_hl_close_break_down,1.04262000,true,0.1216,0.3444,true,1,0.7294,false,12,1.04262000,0.1216,off,false,not_evaluated,none,0.5600,0.0100,normal,false,true,true,0.7294,failed_1bar,true,favorable_side,0.1400,true,clean_retest,3.1201,4.2547,0.7333,0.4052,false,mild_exhaustion,0.0000,none,none,false,false,none,0.0000,0.0000,0.0000,0.0000,none,false,false,0.0000,0.0000,false,false,-1,none,none,false,0.000,0.000,1.04164000,1.04135000,1.04000000,round_number,0.00140000,0.9459,session_low|opening_range_low|neckline_level,1.04135000,0.1013,false,false,true,false,not_blocked,1,0,1,m5_failure_exit,off,none,0.00000000,0.0000,1.30,1.03948000,4.500,0.000,0.200,PERIOD_M15,1.04416000,1.04186000,-0.2000,outside,0.000,true,1.04140000,1.04288000,0.00148000,1.03948000,1.297,0.00049357,18.00,0-30,true,false,none,not_consumed,5.100,5.100,none,0.0000,false,neckline_retest_failed,false,not_invalidated,spread_too_high
2025.01.30 19:10:00,blocked,session_reversal_pullback_one_symbol_first120,EURUSD,SHORT,2025.01.30 19:05:00,19,16,1,new_york,2025.01.30 16:00,5,first_120min,true,true,3,EURUSD,highest_score_in_session_bar,new_york=USDJPY|EURJPY|GBPJPY|AUDJPY|EURUSD|GBPUSD,existing_first120_gate,new_york,false,false,true,passed_first_window,head_and_shoulders,neckline_break_retest,1.04195000,PERIOD_M5,PERIOD_H1,PERIOD_M15,PERIOD_M5,PERIOD_M5,false,htf_soft_alignment,current_post_filter,transcript_post_filter,dow_range_or_transition,no_ordered_dow_wave3_break,dow_range_or_transition,no_ordered_dow_wave3_break,false,false,true,SHORT,PERIOD_M5,head_and_shoulders,head_and_shoulders,4.500,none,0.000,head_and_shoulders,4.500,none,0.000,SHORT,false,PERIOD_H1_NONE_dow_range_or_transition|PERIOD_M15_NONE_no_ordered_dow_wave3_break,true,h1_counter_m15_reversal,true,top_NONE_dow_range_or_transition|structure_NONE_no_ordered_dow_wave3_break|structure_break_recent_confirmed_swing_break_failed|primary_break_recent_confirmed_swing_break_continuation,none,below_75sma_falling,above_75sma_rising,below_75sma_flat_or_rising,-1,0.00000000,0,1.04262000,false,off,NONE,NONE,0.00000000,0.00000000,0.0000,none,0.000,true,SHORT,return_low_break_or_bos_down,1.04013000,17,1.04416000,1.04186000,false,off,independent,false,,,false,0.0000,none,0.0000,0.0000,none,0.0000,0.0000,0.0000,none,0.0000,0,0,0.0000,none,none,none,none,0.0000,0,0.0000,none,false,true,not_evaluated,true,required_light_or_anchor_flip,long_bias,1.03895000,2025.01.30 14:00:00,1.04115000,2025.01.30 12:30:00,2025.01.30 16:00:00,false,NONE,0.00000000,0.00000000,0.0000,-1,false,,-1,NONE,0.00000000,0.00000000,0.0000,0.0000,none,,none,false,NONE,-1,-1,-1,false,false,none,false,true,false,true,none,true,required,false,PERIOD_M5,,,-1,0.0000,false,0.00000000,0.0000,false,0.0000,false,none,none,false,no_anchor_flip_in_entry_direction,true,required_first_signal_only,SHORT,unknown,0.00000000,,0.00000000,,false,,-1,false,NONE,0.00000000,,0.00000000,0.0000,0.0000,none,-1,false,false,false,no_anchor_flip_in_entry_direction,,,,false,false,false,-1,-1,-1,-1,-1,false,false,false,0.0000,range_n,true,1.04669000,1.03895000,5.0005,false,0.0000,0.0000,0,none,true,0.3165,shallow_236_382,0.080,diagnostic_only,diagnostic_only,diagnostic_only,fib_pullback,5,0.370,true,none,0.520,high_quality,false,false,diagnostic_only,both,true,none,true,diagnostic_adjacent_detected,required_light,false,false,LONG,4,false,false,2,2025.01.30 16:45:00,2025.01.30 17:40:00,17,4.6599,0.00000000,1.04262000,1.04262000,true,true,m5_hl_close_break_down,1.04262000,true,0.1216,0.3444,true,1,0.7294,false,12,1.04262000,0.1216,off,false,not_evaluated,none,0.5600,0.0100,normal,false,true,true,0.7294,failed_1bar,true,favorable_side,0.1400,true,clean_retest,3.1201,4.2547,0.7333,0.4052,false,mild_exhaustion,0.0000,none,none,false,false,none,0.0000,0.0000,0.0000,0.0000,none,false,false,0.0000,0.0000,false,false,-1,none,none,false,0.000,0.000,1.04164000,1.04135000,1.04000000,round_number,0.00140000,0.9459,session_low|opening_range_low|neckline_level,1.04135000,0.1013,false,false,true,false,not_blocked,1,0,1,m5_failure_exit,off,none,0.00000000,0.0000,1.30,1.03948000,4.500,0.000,0.200,PERIOD_M15,1.04416000,1.04186000,-0.2000,outside,0.000,true,1.04140000,1.04288000,0.00148000,1.03948000,1.297,0.00049357,18.00,0-30,true,false,none,blocked_spread_too_high,5.100,5.100,none,0.0000,false,neckline_retest_failed,false,not_invalidated,spread_too_high
2025.01.31 12:00:00,signal,session_reversal_pullback_one_symbol_first120,GBPUSD,SHORT,2025.01.31 11:55:00,11,8,17,london,2025.01.31 07:00,115,first_120min,false,true,3,GBPUSD,highest_score_in_session_bar,london=USDJPY|EURJPY|GBPJPY|AUDJPY|EURUSD|GBPUSD,existing_first120_gate,london,true,false,true,passed_first_window,double_top,neckline_break_retest,1.24236000,PERIOD_M5,PERIOD_H1,PERIOD_M15,PERIOD_M5,PERIOD_M5,false,htf_soft_alignment,current_post_filter,transcript_post_filter,dow_range_or_transition,structure_trend_bias_dow_trend_up_hh_hl,dow_range_or_transition,structure_trend_bias_dow_trend_up_hh_hl,false,false,true,SHORT,PERIOD_M5,double_top,double_top,4.200,none,0.000,double_top,4.200,none,0.000,SHORT,false,PERIOD_H1_NONE_dow_range_or_transition|PERIOD_M15_LONG_structure_trend_bias_dow_trend_up_hh_hl,true,h1_counter_m15_reversal,true,top_NONE_dow_range_or_transition|structure_LONG_structure_trend_bias_dow_trend_up_hh_hl|structure_break_recent_confirmed_swing_break_failed|primary_break_recent_confirmed_swing_break_continuation,none,below_75sma_falling,below_75sma_falling,below_75sma_falling,-1,0.00000000,0,1.24270000,false,off,NONE,NONE,0.00000000,0.00000000,0.0000,none,0.000,true,SHORT,return_low_break_or_bos_down,1.24158000,1,1.24389000,1.24158000,false,off,independent,false,,,false,0.0000,none,0.0000,0.0000,none,0.0000,0.0000,0.0000,none,0.0000,0,0,0.0000,none,none,none,none,0.0000,0,0.0000,none,false,true,not_evaluated,true,required_light_or_anchor_flip,short_bias,1.24158000,2025.01.31 07:30:00,1.24389000,2025.01.31 09:30:00,2025.01.31 11:00:00,false,NONE,0.00000000,0.00000000,0.0000,-1,false,,-1,NONE,0.00000000,0.00000000,0.0000,0.0000,none,,none,false,NONE,-1,-1,-1,false,false,none,true,false,false,true,none,true,required,false,PERIOD_M5,,,-1,0.0000,false,0.00000000,0.0000,false,0.0000,false,none,none,false,no_anchor_flip_in_entry_direction,true,required_first_signal_only,SHORT,unknown,0.00000000,,0.00000000,,false,,-1,false,NONE,0.00000000,,0.00000000,0.0000,0.0000,none,-1,false,false,false,no_anchor_flip_in_entry_direction,,,,false,false,false,-1,-1,-1,-1,-1,false,false,false,0.0000,range_n,true,1.24389000,1.24001000,4.1785,false,0.0000,0.0000,0,none,true,0.5258,preferred_382_618,0.200,diagnostic_only,diagnostic_only,diagnostic_only,fib_pullback,9,0.440,true,none,0.590,high_quality,false,false,diagnostic_only,both,true,none,true,diagnostic_adjacent_detected,required_light,false,false,LONG,4,false,false,0,2025.01.31 09:35:00,2025.01.31 11:00:00,11,5.8034,0.00000000,1.24001000,1.24001000,false,false,none,0.00000000,false,0.0000,0.0000,false,1,0.0000,false,-1,0.00000000,0.0000,off,false,not_evaluated,none,0.0000,0.0000,none,false,false,false,0.0000,none,false,none,0.0000,false,none,5.6090,1.7799,3.1513,0.0000,true,strong_exhaustion,0.0000,none,none,false,false,none,0.0000,0.0000,0.0000,0.0000,none,false,false,0.0000,0.0000,false,false,-1,none,none,false,0.000,0.000,1.24236000,1.24193000,1.24189000,recent_rejection_zone,0.00016000,0.1649,opening_range_low|neckline_level,1.24193000,0.1795,false,true,true,false,not_blocked,5,1,4,m5_failure_exit,off,none,0.00000000,0.0000,1.30,1.24079000,4.200,-0.300,0.200,PERIOD_M15,1.24389000,1.24236000,-0.2026,outside,0.000,true,1.24205000,1.24302000,0.00097000,1.24079000,1.299,0.00066857,20.00,90-120,true,false,none,not_consumed,4.500,4.500,none,0.0000,false,neckline_retest_failed,false,not_invalidated,spread_too_high
2025.01.31 12:00:00,blocked,session_reversal_pullback_one_symbol_first120,GBPUSD,SHORT,2025.01.31 11:55:00,11,8,17,london,2025.01.31 07:00,115,first_120min,false,true,3,GBPUSD,highest_score_in_session_bar,london=USDJPY|EURJPY|GBPJPY|AUDJPY|EURUSD|GBPUSD,existing_first120_gate,london,true,false,true,passed_first_window,double_top,neckline_break_retest,1.24236000,PERIOD_M5,PERIOD_H1,PERIOD_M15,PERIOD_M5,PERIOD_M5,false,htf_soft_alignment,current_post_filter,transcript_post_filter,dow_range_or_transition,structure_trend_bias_dow_trend_up_hh_hl,dow_range_or_transition,structure_trend_bias_dow_trend_up_hh_hl,false,false,true,SHORT,PERIOD_M5,double_top,double_top,4.200,none,0.000,double_top,4.200,none,0.000,SHORT,false,PERIOD_H1_NONE_dow_range_or_transition|PERIOD_M15_LONG_structure_trend_bias_dow_trend_up_hh_hl,true,h1_counter_m15_reversal,true,top_NONE_dow_range_or_transition|structure_LONG_structure_trend_bias_dow_trend_up_hh_hl|structure_break_recent_confirmed_swing_break_failed|primary_break_recent_confirmed_swing_break_continuation,none,below_75sma_falling,below_75sma_falling,below_75sma_falling,-1,0.00000000,0,1.24270000,false,off,NONE,NONE,0.00000000,0.00000000,0.0000,none,0.000,true,SHORT,return_low_break_or_bos_down,1.24158000,1,1.24389000,1.24158000,false,off,independent,false,,,false,0.0000,none,0.0000,0.0000,none,0.0000,0.0000,0.0000,none,0.0000,0,0,0.0000,none,none,none,none,0.0000,0,0.0000,none,false,true,not_evaluated,true,required_light_or_anchor_flip,short_bias,1.24158000,2025.01.31 07:30:00,1.24389000,2025.01.31 09:30:00,2025.01.31 11:00:00,false,NONE,0.00000000,0.00000000,0.0000,-1,false,,-1,NONE,0.00000000,0.00000000,0.0000,0.0000,none,,none,false,NONE,-1,-1,-1,false,false,none,true,false,false,true,none,true,required,false,PERIOD_M5,,,-1,0.0000,false,0.00000000,0.0000,false,0.0000,false,none,none,false,no_anchor_flip_in_entry_direction,true,required_first_signal_only,SHORT,unknown,0.00000000,,0.00000000,,false,,-1,false,NONE,0.00000000,,0.00000000,0.0000,0.0000,none,-1,false,false,false,no_anchor_flip_in_entry_direction,,,,false,false,false,-1,-1,-1,-1,-1,false,false,false,0.0000,range_n,true,1.24389000,1.24001000,4.1785,false,0.0000,0.0000,0,none,true,0.5258,preferred_382_618,0.200,diagnostic_only,diagnostic_only,diagnostic_only,fib_pullback,9,0.440,true,none,0.590,high_quality,false,false,diagnostic_only,both,true,none,true,diagnostic_adjacent_detected,required_light,false,false,LONG,4,false,false,0,2025.01.31 09:35:00,2025.01.31 11:00:00,11,5.8034,0.00000000,1.24001000,1.24001000,false,false,none,0.00000000,false,0.0000,0.0000,false,1,0.0000,false,-1,0.00000000,0.0000,off,false,not_evaluated,none,0.0000,0.0000,none,false,false,false,0.0000,none,false,none,0.0000,false,none,5.6090,1.7799,3.1513,0.0000,true,strong_exhaustion,0.0000,none,none,false,false,none,0.0000,0.0000,0.0000,0.0000,none,false,false,0.0000,0.0000,false,false,-1,none,none,false,0.000,0.000,1.24236000,1.24193000,1.24189000,recent_rejection_zone,0.00016000,0.1649,opening_range_low|neckline_level,1.24193000,0.1795,false,true,true,false,not_blocked,5,1,4,m5_failure_exit,off,none,0.00000000,0.0000,1.30,1.24079000,4.200,-0.300,0.200,PERIOD_M15,1.24389000,1.24236000,-0.2026,outside,0.000,true,1.24205000,1.24302000,0.00097000,1.24079000,1.299,0.00066857,20.00,90-120,true,false,none,blocked_spread_too_high,4.500,4.500,none,0.0000,false,neckline_retest_failed,false,not_invalidated,spread_too_high
2025.01.31 16:10:00,signal,session_reversal_pullback_one_symbol_first120,GBPJPY,SHORT,2025.01.31 16:05:00,16,13,22,london_newyork_overlap,2025.01.31 13:00,5,first_120min,true,true,3,GBPJPY,highest_score_in_session_bar,london_newyork_overlap=USDJPY|EURJPY|GBPJPY|AUDJPY|EURUSD|GBPUSD,existing_first120_gate,london_newyork_overlap,false,false,true,passed_first_window,head_and_shoulders,neckline_break_retest,192.15500000,PERIOD_M5,PERIOD_H1,PERIOD_M15,PERIOD_M5,PERIOD_M5,false,htf_soft_alignment,current_post_filter,transcript_post_filter,dow_trend_up_hh_hl,no_ordered_dow_wave3_break,dow_trend_up_hh_hl,no_ordered_dow_wave3_break,false,false,true,SHORT,PERIOD_M5,head_and_shoulders,head_and_shoulders,4.500,none,0.000,head_and_shoulders,4.500,none,0.000,SHORT,false,PERIOD_H1_LONG_dow_trend_up_hh_hl|PERIOD_M15_NONE_no_ordered_dow_wave3_break,true,h1_counter_m15_reversal,true,top_LONG_dow_trend_up_hh_hl|structure_NONE_no_ordered_dow_wave3_break|structure_break_recent_confirmed_swing_break_failed|primary_break_recent_confirmed_swing_break_retest,none,below_75sma_falling,above_75sma_rising,below_75sma_falling,-1,0.00000000,0,192.17200000,false,off,NONE,NONE,0.00000000,0.00000000,0.0000,none,0.000,true,SHORT,return_low_break_or_bos_down,191.92700000,18,192.54200000,191.60100000,false,off,independent,false,,,false,0.0000,none,0.0000,0.0000,none,0.0000,0.0000,0.0000,none,0.0000,0,0,0.0000,none,none,none,none,0.0000,0,0.0000,none,false,true,not_evaluated,true,required_light_or_anchor_flip,long_bias,191.83200000,2025.01.31 13:15:00,191.67700000,2025.01.31 02:15:00,2025.01.31 15:00:00,false,NONE,0.00000000,0.00000000,0.0000,-1,false,,-1,NONE,0.00000000,0.00000000,0.0000,0.0000,none,,none,false,NONE,-1,-1,-1,false,false,none,false,true,false,true,none,true,required,false,PERIOD_M5,,,-1,0.0000,false,0.00000000,0.0000,false,0.0000,false,none,none,false,no_anchor_flip_in_entry_direction,true,required_first_signal_only,SHORT,unknown,0.00000000,,0.00000000,,false,,-1,false,NONE,0.00000000,,0.00000000,0.0000,0.0000,none,-1,false,false,false,no_anchor_flip_in_entry_direction,,,,false,false,false,-1,-1,-1,-1,-1,false,false,false,0.0000,rising_n,false,192.54200000,191.60100000,5.1663,false,0.0000,0.0000,0,none,true,0.5165,preferred_382_618,0.200,diagnostic_only,diagnostic_only,diagnostic_only,shallow_pullback,24,0.400,true,none,0.550,high_quality,false,false,diagnostic_only,both,true,none,true,diagnostic_adjacent_detected,required_light,false,false,LONG,5,false,false,2,2025.01.31 13:35:00,2025.01.31 15:45:00,4,4.6693,0.00000000,192.06900000,192.06900000,false,false,none,0.00000000,false,0.0000,0.0000,false,1,0.0000,false,-1,0.00000000,0.0000,off,false,not_evaluated,none,0.0000,0.0000,none,false,false,false,0.0000,none,false,none,0.0000,false,none,3.7689,0.8924,4.2232,3.7769,false,no_shrink,0.0000,none,none,false,false,none,0.0000,0.0000,0.0000,0.0000,none,false,false,0.0000,0.0000,false,false,-1,none,none,false,0.000,0.000,192.09000000,192.07100000,192.07100000,wick_cluster_zone,0.01600000,0.0699,session_low|opening_range_low|neckline_level,192.04600000,0.3267,false,true,true,false,not_blocked,4,2,2,m5_failure_exit,off,none,0.00000000,0.0000,1.30,191.79000000,4.500,-0.300,0.200,PERIOD_M15,192.25400000,191.83200000,0.6043,preferred_382_618,0.000,true,192.08700000,192.31600000,0.22900000,191.79000000,1.297,0.12550000,38.00,0-30,true,false,none,not_consumed,4.800,4.800,none,0.0000,false,neckline_retest_failed,false,not_invalidated,spread_too_high
2025.01.31 16:10:00,blocked,session_reversal_pullback_one_symbol_first120,GBPJPY,SHORT,2025.01.31 16:05:00,16,13,22,london_newyork_overlap,2025.01.31 13:00,5,first_120min,true,true,3,GBPJPY,highest_score_in_session_bar,london_newyork_overlap=USDJPY|EURJPY|GBPJPY|AUDJPY|EURUSD|GBPUSD,existing_first120_gate,london_newyork_overlap,false,false,true,passed_first_window,head_and_shoulders,neckline_break_retest,192.15500000,PERIOD_M5,PERIOD_H1,PERIOD_M15,PERIOD_M5,PERIOD_M5,false,htf_soft_alignment,current_post_filter,transcript_post_filter,dow_trend_up_hh_hl,no_ordered_dow_wave3_break,dow_trend_up_hh_hl,no_ordered_dow_wave3_break,false,false,true,SHORT,PERIOD_M5,head_and_shoulders,head_and_shoulders,4.500,none,0.000,head_and_shoulders,4.500,none,0.000,SHORT,false,PERIOD_H1_LONG_dow_trend_up_hh_hl|PERIOD_M15_NONE_no_ordered_dow_wave3_break,true,h1_counter_m15_reversal,true,top_LONG_dow_trend_up_hh_hl|structure_NONE_no_ordered_dow_wave3_break|structure_break_recent_confirmed_swing_break_failed|primary_break_recent_confirmed_swing_break_retest,none,below_75sma_falling,above_75sma_rising,below_75sma_falling,-1,0.00000000,0,192.17200000,false,off,NONE,NONE,0.00000000,0.00000000,0.0000,none,0.000,true,SHORT,return_low_break_or_bos_down,191.92700000,18,192.54200000,191.60100000,false,off,independent,false,,,false,0.0000,none,0.0000,0.0000,none,0.0000,0.0000,0.0000,none,0.0000,0,0,0.0000,none,none,none,none,0.0000,0,0.0000,none,false,true,not_evaluated,true,required_light_or_anchor_flip,long_bias,191.83200000,2025.01.31 13:15:00,191.67700000,2025.01.31 02:15:00,2025.01.31 15:00:00,false,NONE,0.00000000,0.00000000,0.0000,-1,false,,-1,NONE,0.00000000,0.00000000,0.0000,0.0000,none,,none,false,NONE,-1,-1,-1,false,false,none,false,true,false,true,none,true,required,false,PERIOD_M5,,,-1,0.0000,false,0.00000000,0.0000,false,0.0000,false,none,none,false,no_anchor_flip_in_entry_direction,true,required_first_signal_only,SHORT,unknown,0.00000000,,0.00000000,,false,,-1,false,NONE,0.00000000,,0.00000000,0.0000,0.0000,none,-1,false,false,false,no_anchor_flip_in_entry_direction,,,,false,false,false,-1,-1,-1,-1,-1,false,false,false,0.0000,rising_n,false,192.54200000,191.60100000,5.1663,false,0.0000,0.0000,0,none,true,0.5165,preferred_382_618,0.200,diagnostic_only,diagnostic_only,diagnostic_only,shallow_pullback,24,0.400,true,none,0.550,high_quality,false,false,diagnostic_only,both,true,none,true,diagnostic_adjacent_detected,required_light,false,false,LONG,5,false,false,2,2025.01.31 13:35:00,2025.01.31 15:45:00,4,4.6693,0.00000000,192.06900000,192.06900000,false,false,none,0.00000000,false,0.0000,0.0000,false,1,0.0000,false,-1,0.00000000,0.0000,off,false,not_evaluated,none,0.0000,0.0000,none,false,false,false,0.0000,none,false,none,0.0000,false,none,3.7689,0.8924,4.2232,3.7769,false,no_shrink,0.0000,none,none,false,false,none,0.0000,0.0000,0.0000,0.0000,none,false,false,0.0000,0.0000,false,false,-1,none,none,false,0.000,0.000,192.09000000,192.07100000,192.07100000,wick_cluster_zone,0.01600000,0.0699,session_low|opening_range_low|neckline_level,192.04600000,0.3267,false,true,true,false,not_blocked,4,2,2,m5_failure_exit,off,none,0.00000000,0.0000,1.30,191.79000000,4.500,-0.300,0.200,PERIOD_M15,192.25400000,191.83200000,0.6043,preferred_382_618,0.000,true,192.08700000,192.31600000,0.22900000,191.79000000,1.297,0.12550000,38.00,0-30,true,false,none,blocked_spread_too_high,4.800,4.800,none,0.0000,false,neckline_retest_failed,false,not_invalidated,spread_too_high
2025.01.31 19:20:00,signal,session_reversal_pullback_one_symbol_first120,USDJPY,SHORT,2025.01.31 19:15:00,19,16,1,new_york,2025.01.31 16:00,15,first_120min,true,true,3,USDJPY,highest_score_in_session_bar,new_york=USDJPY|EURJPY|GBPJPY|AUDJPY|EURUSD|GBPUSD,existing_first120_gate,new_york,false,false,true,passed_first_window,head_and_shoulders,neckline_break_retest,154.87900000,PERIOD_M5,PERIOD_H1,PERIOD_M15,PERIOD_M5,PERIOD_M5,false,htf_soft_alignment,current_post_filter,transcript_post_filter,dow_trend_up_hh_hl,no_ordered_dow_wave3_break,dow_trend_up_hh_hl,no_ordered_dow_wave3_break,false,false,true,SHORT,PERIOD_M5,head_and_shoulders,head_and_shoulders,4.500,none,0.000,head_and_shoulders,4.500,none,0.000,SHORT,false,PERIOD_H1_LONG_dow_trend_up_hh_hl|PERIOD_M15_NONE_no_ordered_dow_wave3_break,true,h1_counter_m15_reversal,true,top_LONG_dow_trend_up_hh_hl|structure_NONE_no_ordered_dow_wave3_break|structure_break_recent_confirmed_swing_break_failed|primary_break_recent_confirmed_swing_break_retest,none,above_75sma_flat_or_falling,above_75sma_rising,below_75sma_flat_or_rising,-1,0.00000000,0,154.82600000,false,off,NONE,NONE,0.00000000,0.00000000,0.0000,none,0.000,true,SHORT,return_low_break_or_bos_down,154.59900000,7,155.01500000,154.51900000,false,off,independent,false,,,false,0.0000,none,0.0000,0.0000,none,0.0000,0.0000,0.0000,none,0.0000,0,0,0.0000,none,none,none,none,0.0000,0,0.0000,none,false,true,not_evaluated,true,required_light_or_anchor_flip,short_bias,154.59900000,2025.01.31 13:15:00,154.96900000,2025.01.31 16:15:00,2025.01.31 17:15:00,false,NONE,0.00000000,0.00000000,0.0000,-1,false,,-1,NONE,0.00000000,0.00000000,0.0000,0.0000,none,,none,false,NONE,-1,-1,-1,false,false,none,true,false,false,true,none,true,required,false,PERIOD_M5,,,-1,0.0000,false,0.00000000,0.0000,false,0.0000,false,none,none,false,no_anchor_flip_in_entry_direction,true,required_first_signal_only,SHORT,unknown,0.00000000,,0.00000000,,false,,-1,false,NONE,0.00000000,,0.00000000,0.0000,0.0000,none,-1,false,false,false,no_anchor_flip_in_entry_direction,,,,false,false,false,-1,-1,-1,-1,-1,false,false,false,0.0000,falling_n,false,155.01500000,154.51900000,3.1766,false,0.0000,0.0000,0,none,true,0.4254,preferred_382_618,0.200,diagnostic_only,diagnostic_only,diagnostic_only,deep_pullback,24,0.400,true,none,0.550,high_quality,false,false,diagnostic_only,both,true,none,true,diagnostic_adjacent_detected,required_light,false,false,LONG,7,false,false,2,2025.01.31 17:25:00,2025.01.31 18:50:00,5,5.2093,0.00000000,154.82600000,154.82600000,true,true,m5_hl_close_break_down,154.82600000,true,0.1302,1.0310,true,1,0.4341,true,2,154.82600000,0.5101,off,false,not_evaluated,none,0.8876,0.1124,strong,false,true,true,0.4341,failed_1bar,true,back_inside,0.0625,true,weak_retest,1.8775,4.8186,0.3896,0.3907,false,mild_exhaustion,0.0000,none,none,false,false,none,0.0000,0.0000,0.0000,0.0000,none,false,false,0.0000,0.0000,false,false,-1,none,none,false,0.000,0.000,154.76500000,154.72800000,154.55300000,failed_breakout_level,0.17700000,0.6556,session_low|opening_range_low|neckline_level,154.72800000,0.0217,false,true,true,false,not_blocked,4,3,1,m5_failure_exit,off,none,0.00000000,0.0000,1.30,154.38000000,4.500,-0.300,0.200,PERIOD_M15,155.01500000,154.51900000,0.4254,preferred_382_618,0.000,true,154.73000000,155.00000000,0.27000000,154.38000000,1.296,0.09214286,21.00,0-30,true,false,none,not_consumed,4.800,4.800,none,0.0000,false,neckline_retest_failed,false,not_invalidated,spread_too_high
2025.01.31 19:20:00,blocked,session_reversal_pullback_one_symbol_first120,USDJPY,SHORT,2025.01.31 19:15:00,19,16,1,new_york,2025.01.31 16:00,15,first_120min,true,true,3,USDJPY,highest_score_in_session_bar,new_york=USDJPY|EURJPY|GBPJPY|AUDJPY|EURUSD|GBPUSD,existing_first120_gate,new_york,false,false,true,passed_first_window,head_and_shoulders,neckline_break_retest,154.87900000,PERIOD_M5,PERIOD_H1,PERIOD_M15,PERIOD_M5,PERIOD_M5,false,htf_soft_alignment,current_post_filter,transcript_post_filter,dow_trend_up_hh_hl,no_ordered_dow_wave3_break,dow_trend_up_hh_hl,no_ordered_dow_wave3_break,false,false,true,SHORT,PERIOD_M5,head_and_shoulders,head_and_shoulders,4.500,none,0.000,head_and_shoulders,4.500,none,0.000,SHORT,false,PERIOD_H1_LONG_dow_trend_up_hh_hl|PERIOD_M15_NONE_no_ordered_dow_wave3_break,true,h1_counter_m15_reversal,true,top_LONG_dow_trend_up_hh_hl|structure_NONE_no_ordered_dow_wave3_break|structure_break_recent_confirmed_swing_break_failed|primary_break_recent_confirmed_swing_break_retest,none,above_75sma_flat_or_falling,above_75sma_rising,below_75sma_flat_or_rising,-1,0.00000000,0,154.82600000,false,off,NONE,NONE,0.00000000,0.00000000,0.0000,none,0.000,true,SHORT,return_low_break_or_bos_down,154.59900000,7,155.01500000,154.51900000,false,off,independent,false,,,false,0.0000,none,0.0000,0.0000,none,0.0000,0.0000,0.0000,none,0.0000,0,0,0.0000,none,none,none,none,0.0000,0,0.0000,none,false,true,not_evaluated,true,required_light_or_anchor_flip,short_bias,154.59900000,2025.01.31 13:15:00,154.96900000,2025.01.31 16:15:00,2025.01.31 17:15:00,false,NONE,0.00000000,0.00000000,0.0000,-1,false,,-1,NONE,0.00000000,0.00000000,0.0000,0.0000,none,,none,false,NONE,-1,-1,-1,false,false,none,true,false,false,true,none,true,required,false,PERIOD_M5,,,-1,0.0000,false,0.00000000,0.0000,false,0.0000,false,none,none,false,no_anchor_flip_in_entry_direction,true,required_first_signal_only,SHORT,unknown,0.00000000,,0.00000000,,false,,-1,false,NONE,0.00000000,,0.00000000,0.0000,0.0000,none,-1,false,false,false,no_anchor_flip_in_entry_direction,,,,false,false,false,-1,-1,-1,-1,-1,false,false,false,0.0000,falling_n,false,155.01500000,154.51900000,3.1766,false,0.0000,0.0000,0,none,true,0.4254,preferred_382_618,0.200,diagnostic_only,diagnostic_only,diagnostic_only,deep_pullback,24,0.400,true,none,0.550,high_quality,false,false,diagnostic_only,both,true,none,true,diagnostic_adjacent_detected,required_light,false,false,LONG,7,false,false,2,2025.01.31 17:25:00,2025.01.31 18:50:00,5,5.2093,0.00000000,154.82600000,154.82600000,true,true,m5_hl_close_break_down,154.82600000,true,0.1302,1.0310,true,1,0.4341,true,2,154.82600000,0.5101,off,false,not_evaluated,none,0.8876,0.1124,strong,false,true,true,0.4341,failed_1bar,true,back_inside,0.0625,true,weak_retest,1.8775,4.8186,0.3896,0.3907,false,mild_exhaustion,0.0000,none,none,false,false,none,0.0000,0.0000,0.0000,0.0000,none,false,false,0.0000,0.0000,false,false,-1,none,none,false,0.000,0.000,154.76500000,154.72800000,154.55300000,failed_breakout_level,0.17700000,0.6556,session_low|opening_range_low|neckline_level,154.72800000,0.0217,false,true,true,false,not_blocked,4,3,1,m5_failure_exit,off,none,0.00000000,0.0000,1.30,154.38000000,4.500,-0.300,0.200,PERIOD_M15,155.01500000,154.51900000,0.4254,preferred_382_618,0.000,true,154.73000000,155.00000000,0.27000000,154.38000000,1.296,0.09214286,21.00,0-30,true,false,none,blocked_spread_too_high,4.800,4.800,none,0.0000,false,neckline_retest_failed,false,not_invalidated,spread_too_high
2025.02.03 10:10:00,signal,session_reversal_pullback_one_symbol_first120,GBPUSD,SHORT,2025.02.03 10:05:00,10,7,16,london,2025.02.03 07:00,5,first_120min,true,true,3,GBPUSD,highest_score_in_session_bar,london=USDJPY|EURJPY|GBPJPY|AUDJPY|EURUSD|GBPUSD,existing_first120_gate,london,false,false,true,passed_first_window,head_and_shoulders,neckline_break_retest,1.22834000,PERIOD_M5,PERIOD_H1,PERIOD_M15,PERIOD_M5,PERIOD_M5,false,htf_soft_alignment,current_post_filter,transcript_post_filter,dow_range_or_transition,ordered_dow_wave3_break_above_swing_high,dow_range_or_transition,ordered_dow_wave3_break_above_swing_high,false,true,true,SHORT,PERIOD_M5,head_and_shoulders,head_and_shoulders,4.500,none,0.000,head_and_shoulders,4.500,none,0.000,SHORT,false,PERIOD_H1_NONE_dow_range_or_transition|PERIOD_M15_LONG_ordered_dow_wave3_break_above_swing_high,true,h1_counter_m15_reversal,true,top_NONE_dow_range_or_transition|structure_LONG_ordered_dow_wave3_break_above_swing_high|structure_break_recent_confirmed_swing_break_failed|primary_break_recent_confirmed_swing_break_retest,none,below_75sma_falling,below_75sma_falling,above_75sma_flat_or_falling,-1,0.00000000,0,1.22834000,false,off,NONE,NONE,0.00000000,0.00000000,0.0000,none,0.000,true,SHORT,return_low_break_or_bos_down,1.22639000,12,1.23018000,1.22486000,false,off,independent,false,,,false,0.0000,none,0.0000,0.0000,none,0.0000,0.0000,0.0000,none,0.0000,0,0,0.0000,none,none,none,none,0.0000,0,0.0000,none,false,true,not_evaluated,true,required_light_or_anchor_flip,long_bias,1.22486000,2025.02.03 06:45:00,1.23060000,2025.02.03 03:30:00,2025.02.03 09:00:00,false,NONE,0.00000000,0.00000000,0.0000,-1,false,,-1,NONE,0.00000000,0.00000000,0.0000,0.0000,none,,none,false,NONE,-1,-1,-1,false,false,none,false,true,false,true,none,true,required,false,PERIOD_M5,,,-1,0.0000,false,0.00000000,0.0000,false,0.0000,false,none,none,false,no_anchor_flip_in_entry_direction,true,required_first_signal_only,SHORT,unknown,0.00000000,,0.00000000,,false,,-1,false,NONE,0.00000000,,0.00000000,0.0000,0.0000,none,-1,false,false,false,no_anchor_flip_in_entry_direction,,,,false,false,false,-1,-1,-1,-1,-1,false,false,false,0.0000,rising_n,false,1.23060000,1.22486000,5.5612,false,0.0000,0.0000,0,none,true,0.6278,deep_618_786,0.120,diagnostic_only,diagnostic_only,diagnostic_only,shallow_pullback,24,0.320,true,none,0.470,high_quality,false,false,diagnostic_only,both,true,none,true,diagnostic_adjacent_detected,required_light,false,false,LONG,5,false,false,1,2025.02.03 08:55:00,2025.02.03 09:45:00,4,2.6740,0.00000000,1.22751000,1.22751000,false,false,none,0.00000000,false,0.0000,0.0000,false,1,0.0000,false,-1,0.00000000,0.0000,off,false,not_evaluated,none,0.0000,0.0000,none,false,false,false,0.0000,none,false,none,0.0000,false,none,2.6740,1.3370,2.0000,0.4199,false,no_shrink,0.0000,none,none,false,false,none,0.0000,0.0000,0.0000,0.0000,none,false,false,0.0000,0.0000,false,false,-1,none,none,false,0.000,0.000,1.22824000,1.22751000,1.22751000,pre_session_low,0.00069000,0.4570,neckline_level,1.22834000,0.1547,false,true,true,false,not_blocked,5,4,1,m5_failure_exit,off,none,0.00000000,0.0000,1.30,1.22623000,4.500,-0.300,0.200,PERIOD_M15,1.22824000,1.22486000,0.9882,outside,0.000,true,1.22820000,1.22971000,0.00151000,1.22623000,1.305,0.00090500,20.00,0-30,true,false,none,not_consumed,4.800,4.800,none,0.0000,false,neckline_retest_failed,false,not_invalidated,spread_too_high
2025.02.03 10:10:00,blocked,session_reversal_pullback_one_symbol_first120,GBPUSD,SHORT,2025.02.03 10:05:00,10,7,16,london,2025.02.03 07:00,5,first_120min,true,true,3,GBPUSD,highest_score_in_session_bar,london=USDJPY|EURJPY|GBPJPY|AUDJPY|EURUSD|GBPUSD,existing_first120_gate,london,false,false,true,passed_first_window,head_and_shoulders,neckline_break_retest,1.22834000,PERIOD_M5,PERIOD_H1,PERIOD_M15,PERIOD_M5,PERIOD_M5,false,htf_soft_alignment,current_post_filter,transcript_post_filter,dow_range_or_transition,ordered_dow_wave3_break_above_swing_high,dow_range_or_transition,ordered_dow_wave3_break_above_swing_high,false,true,true,SHORT,PERIOD_M5,head_and_shoulders,head_and_shoulders,4.500,none,0.000,head_and_shoulders,4.500,none,0.000,SHORT,false,PERIOD_H1_NONE_dow_range_or_transition|PERIOD_M15_LONG_ordered_dow_wave3_break_above_swing_high,true,h1_counter_m15_reversal,true,top_NONE_dow_range_or_transition|structure_LONG_ordered_dow_wave3_break_above_swing_high|structure_break_recent_confirmed_swing_break_failed|primary_break_recent_confirmed_swing_break_retest,none,below_75sma_falling,below_75sma_falling,above_75sma_flat_or_falling,-1,0.00000000,0,1.22834000,false,off,NONE,NONE,0.00000000,0.00000000,0.0000,none,0.000,true,SHORT,return_low_break_or_bos_down,1.22639000,12,1.23018000,1.22486000,false,off,independent,false,,,false,0.0000,none,0.0000,0.0000,none,0.0000,0.0000,0.0000,none,0.0000,0,0,0.0000,none,none,none,none,0.0000,0,0.0000,none,false,true,not_evaluated,true,required_light_or_anchor_flip,long_bias,1.22486000,2025.02.03 06:45:00,1.23060000,2025.02.03 03:30:00,2025.02.03 09:00:00,false,NONE,0.00000000,0.00000000,0.0000,-1,false,,-1,NONE,0.00000000,0.00000000,0.0000,0.0000,none,,none,false,NONE,-1,-1,-1,false,false,none,false,true,false,true,none,true,required,false,PERIOD_M5,,,-1,0.0000,false,0.00000000,0.0000,false,0.0000,false,none,none,false,no_anchor_flip_in_entry_direction,true,required_first_signal_only,SHORT,unknown,0.00000000,,0.00000000,,false,,-1,false,NONE,0.00000000,,0.00000000,0.0000,0.0000,none,-1,false,false,false,no_anchor_flip_in_entry_direction,,,,false,false,false,-1,-1,-1,-1,-1,false,false,false,0.0000,rising_n,false,1.23060000,1.22486000,5.5612,false,0.0000,0.0000,0,none,true,0.6278,deep_618_786,0.120,diagnostic_only,diagnostic_only,diagnostic_only,shallow_pullback,24,0.320,true,none,0.470,high_quality,false,false,diagnostic_only,both,true,none,true,diagnostic_adjacent_detected,required_light,false,false,LONG,5,false,false,1,2025.02.03 08:55:00,2025.02.03 09:45:00,4,2.6740,0.00000000,1.22751000,1.22751000,false,false,none,0.00000000,false,0.0000,0.0000,false,1,0.0000,false,-1,0.00000000,0.0000,off,false,not_evaluated,none,0.0000,0.0000,none,false,false,false,0.0000,none,false,none,0.0000,false,none,2.6740,1.3370,2.0000,0.4199,false,no_shrink,0.0000,none,none,false,false,none,0.0000,0.0000,0.0000,0.0000,none,false,false,0.0000,0.0000,false,false,-1,none,none,false,0.000,0.000,1.22824000,1.22751000,1.22751000,pre_session_low,0.00069000,0.4570,neckline_level,1.22834000,0.1547,false,true,true,false,not_blocked,5,4,1,m5_failure_exit,off,none,0.00000000,0.0000,1.30,1.22623000,4.500,-0.300,0.200,PERIOD_M15,1.22824000,1.22486000,0.9882,outside,0.000,true,1.22820000,1.22971000,0.00151000,1.22623000,1.305,0.00090500,20.00,0-30,true,false,none,blocked_spread_too_high,4.800,4.800,none,0.0000,false,neckline_retest_failed,false,not_invalidated,spread_too_high
2025.02.03 16:25:00,signal,session_reversal_pullback_one_symbol_first120,GBPJPY,SHORT,2025.02.03 16:20:00,16,13,22,london_newyork_overlap,2025.02.03 13:00,20,first_120min,true,true,3,GBPJPY,highest_score_in_session_bar,london_newyork_overlap=USDJPY|EURJPY|GBPJPY|AUDJPY|EURUSD|GBPUSD,existing_first120_gate,london_newyork_overlap,false,false,true,passed_first_window,head_and_shoulders,neckline_break_retest,191.14000000,PERIOD_M5,PERIOD_H1,PERIOD_M15,PERIOD_M5,PERIOD_M5,false,htf_soft_alignment,current_post_filter,transcript_post_filter,dow_range_or_transition,no_ordered_dow_wave3_break,dow_range_or_transition,no_ordered_dow_wave3_break,false,false,true,SHORT,PERIOD_M5,head_and_shoulders,head_and_shoulders,4.500,none,0.000,head_and_shoulders,4.500,none,0.000,SHORT,false,PERIOD_H1_NONE_dow_range_or_transition|PERIOD_M15_NONE_no_ordered_dow_wave3_break,true,h1_counter_m15_reversal,true,top_NONE_dow_range_or_transition|structure_NONE_no_ordered_dow_wave3_break|structure_break_recent_confirmed_swing_break_failed|primary_break_recent_confirmed_swing_break_retest,none,below_75sma_falling,below_75sma_falling,above_75sma_flat_or_falling,-1,0.00000000,0,191.02200000,false,off,NONE,NONE,0.00000000,0.00000000,0.0000,none,0.000,true,SHORT,return_low_break_or_bos_down,190.68100000,6,191.56600000,190.23100000,false,off,independent,false,,,false,0.0000,none,0.0000,0.0000,none,0.0000,0.0000,0.0000,none,0.0000,0,0,0.0000,none,none,none,none,0.0000,0,0.0000,none,false,true,not_evaluated,true,required_light_or_anchor_flip,bias_flip_up,190.76700000,2025.02.03 08:45:00,190.92400000,2025.02.03 12:15:00,2025.02.03 13:30:00,true,LONG,190.92400000,191.12700000,0.8815,4,true,2025.02.03 15:00:00,4,LONG,190.92400000,191.12700000,0.8815,1.4504,strong,2025.02.03 16:00:00,first_after_anchor,true,LONG,4,0,4,true,false,fresh_0_4,false,true,false,true,none,true,required,false,PERIOD_M5,,,-1,0.0000,false,0.00000000,0.0000,false,0.0000,false,none,none,false,no_anchor_flip_in_entry_direction,true,required_first_signal_only,SHORT,unknown,0.00000000,,0.00000000,,false,,-1,false,NONE,0.00000000,,0.00000000,0.0000,0.0000,none,-1,false,false,false,no_anchor_flip_in_entry_direction,,,,false,false,false,-1,-1,-1,-1,-1,false,false,false,0.0000,falling_n,false,191.56600000,190.23100000,5.7971,true,1.4504,0.2233,4,strong,true,0.5528,preferred_382_618,0.200,diagnostic_only,diagnostic_only,diagnostic_only,deep_pullback,24,0.450,true,none,0.600,high_quality,false,false,diagnostic_only,both,true,none,true,diagnostic_adjacent_detected,required_light,false,false,LONG,4,false,false,2,2025.02.03 13:35:00,2025.02.03 15:50:00,6,7.6947,0.00000000,190.39200000,190.39200000,false,false,none,0.00000000,false,0.0000,0.0000,false,1,0.0000,false,-1,0.00000000,0.0000,off,false,not_evaluated,none,0.0000,0.0000,none,false,false,false,0.0000,none,false,none,0.0000,false,none,6.5592,1.8761,3.4962,5.8186,false,no_shrink,0.0000,none,none,false,false,none,0.0000,0.0000,0.0000,0.0000,none,false,false,0.0000,0.0000,false,false,-1,none,none,false,0.000,0.000,190.97800000,190.87100000,190.87100000,session_low,0.09800000,0.2715,neckline_level,191.14000000,1.2060,false,true,true,false,not_blocked,5,4,1,m5_failure_exit,off,none,0.00000000,0.0000,1.30,190.50000000,4.500,-0.300,0.200,PERIOD_M15,191.56600000,190.23100000,0.5528,preferred_382_618,0.000,true,190.96900000,191.33000000,0.36100000,190.50000000,1.299,0.14178571,38.00,0-30,true,false,none,not_consumed,4.800,4.800,none,0.0000,false,neckline_retest_failed,false,not_invalidated,spread_too_high
2025.02.03 16:25:00,blocked,session_reversal_pullback_one_symbol_first120,GBPJPY,SHORT,2025.02.03 16:20:00,16,13,22,london_newyork_overlap,2025.02.03 13:00,20,first_120min,true,true,3,GBPJPY,highest_score_in_session_bar,london_newyork_overlap=USDJPY|EURJPY|GBPJPY|AUDJPY|EURUSD|GBPUSD,existing_first120_gate,london_newyork_overlap,false,false,true,passed_first_window,head_and_shoulders,neckline_break_retest,191.14000000,PERIOD_M5,PERIOD_H1,PERIOD_M15,PERIOD_M5,PERIOD_M5,false,htf_soft_alignment,current_post_filter,transcript_post_filter,dow_range_or_transition,no_ordered_dow_wave3_break,dow_range_or_transition,no_ordered_dow_wave3_break,false,false,true,SHORT,PERIOD_M5,head_and_shoulders,head_and_shoulders,4.500,none,0.000,head_and_shoulders,4.500,none,0.000,SHORT,false,PERIOD_H1_NONE_dow_range_or_transition|PERIOD_M15_NONE_no_ordered_dow_wave3_break,true,h1_counter_m15_reversal,true,top_NONE_dow_range_or_transition|structure_NONE_no_ordered_dow_wave3_break|structure_break_recent_confirmed_swing_break_failed|primary_break_recent_confirmed_swing_break_retest,none,below_75sma_falling,below_75sma_falling,above_75sma_flat_or_falling,-1,0.00000000,0,191.02200000,false,off,NONE,NONE,0.00000000,0.00000000,0.0000,none,0.000,true,SHORT,return_low_break_or_bos_down,190.68100000,6,191.56600000,190.23100000,false,off,independent,false,,,false,0.0000,none,0.0000,0.0000,none,0.0000,0.0000,0.0000,none,0.0000,0,0,0.0000,none,none,none,none,0.0000,0,0.0000,none,false,true,not_evaluated,true,required_light_or_anchor_flip,bias_flip_up,190.76700000,2025.02.03 08:45:00,190.92400000,2025.02.03 12:15:00,2025.02.03 13:30:00,true,LONG,190.92400000,191.12700000,0.8815,4,true,2025.02.03 15:00:00,4,LONG,190.92400000,191.12700000,0.8815,1.4504,strong,2025.02.03 16:00:00,first_after_anchor,true,LONG,4,0,4,true,false,fresh_0_4,false,true,false,true,none,true,required,false,PERIOD_M5,,,-1,0.0000,false,0.00000000,0.0000,false,0.0000,false,none,none,false,no_anchor_flip_in_entry_direction,true,required_first_signal_only,SHORT,unknown,0.00000000,,0.00000000,,false,,-1,false,NONE,0.00000000,,0.00000000,0.0000,0.0000,none,-1,false,false,false,no_anchor_flip_in_entry_direction,,,,false,false,false,-1,-1,-1,-1,-1,false,false,false,0.0000,falling_n,false,191.56600000,190.23100000,5.7971,true,1.4504,0.2233,4,strong,true,0.5528,preferred_382_618,0.200,diagnostic_only,diagnostic_only,diagnostic_only,deep_pullback,24,0.450,true,none,0.600,high_quality,false,false,diagnostic_only,both,true,none,true,diagnostic_adjacent_detected,required_light,false,false,LONG,4,false,false,2,2025.02.03 13:35:00,2025.02.03 15:50:00,6,7.6947,0.00000000,190.39200000,190.39200000,false,false,none,0.00000000,false,0.0000,0.0000,false,1,0.0000,false,-1,0.00000000,0.0000,off,false,not_evaluated,none,0.0000,0.0000,none,false,false,false,0.0000,none,false,none,0.0000,false,none,6.5592,1.8761,3.4962,5.8186,false,no_shrink,0.0000,none,none,false,false,none,0.0000,0.0000,0.0000,0.0000,none,false,false,0.0000,0.0000,false,false,-1,none,none,false,0.000,0.000,190.97800000,190.87100000,190.87100000,session_low,0.09800000,0.2715,neckline_level,191.14000000,1.2060,false,true,true,false,not_blocked,5,4,1,m5_failure_exit,off,none,0.00000000,0.0000,1.30,190.50000000,4.500,-0.300,0.200,PERIOD_M15,191.56600000,190.23100000,0.5528,preferred_382_618,0.000,true,190.96900000,191.33000000,0.36100000,190.50000000,1.299,0.14178571,38.00,0-30,true,false,none,blocked_spread_too_high,4.800,4.800,none,0.0000,false,neckline_retest_failed,false,not_invalidated,spread_too_high
2025.02.03 19:05:00,signal,session_reversal_pullback_one_symbol_first120,EURJPY,SHORT,2025.02.03 19:00:00,19,16,1,new_york,2025.02.03 16:00,0,first_120min,true,true,3,EURJPY,highest_score_in_session_bar,new_york=USDJPY|EURJPY|GBPJPY|AUDJPY|EURUSD|GBPUSD,existing_first120_gate,new_york,false,false,true,passed_first_window,head_and_shoulders,neckline_break_retest,159.09100000,PERIOD_M5,PERIOD_H1,PERIOD_M15,PERIOD_M5,PERIOD_M5,false,htf_soft_alignment,current_post_filter,transcript_post_filter,dow_range_or_transition,no_ordered_dow_wave3_break,dow_range_or_transition,no_ordered_dow_wave3_break,false,false,true,SHORT,PERIOD_M5,head_and_shoulders,head_and_shoulders,4.500,none,0.000,head_and_shoulders,4.500,none,0.000,SHORT,false,PERIOD_H1_NONE_dow_range_or_transition|PERIOD_M15_NONE_no_ordered_dow_wave3_break,true,h1_counter_m15_reversal,true,top_NONE_dow_range_or_transition|structure_NONE_no_ordered_dow_wave3_break|structure_break_recent_confirmed_swing_break_failed|primary_break_recent_confirmed_swing_break_continuation,none,below_75sma_falling,below_75sma_falling,above_75sma_rising,-1,0.00000000,0,159.29000000,false,off,NONE,NONE,0.00000000,0.00000000,0.0000,none,0.000,true,SHORT,return_low_break_or_bos_down,158.35100000,7,159.80700000,157.95600000,false,off,independent,false,,,false,0.0000,none,0.0000,0.0000,none,0.0000,0.0000,0.0000,none,0.0000,0,0,0.0000,none,none,none,none,0.0000,0,0.0000,none,false,true,not_evaluated,true,required_light_or_anchor_flip,long_bias,157.95600000,2025.02.03 17:15:00,158.94200000,2025.02.03 15:00:00,2025.02.03 17:30:00,false,NONE,0.00000000,0.00000000,0.0000,-1,false,,-1,NONE,0.00000000,0.00000000,0.0000,0.0000,none,,none,false,NONE,-1,-1,-1,false,false,none,false,true,false,true,none,true,required,false,PERIOD_M5,,,-1,0.0000,false,0.00000000,0.0000,false,0.0000,false,none,none,false,no_anchor_flip_in_entry_direction,true,required_first_signal_only,SHORT,unknown,0.00000000,,0.00000000,,false,,-1,false,NONE,0.00000000,,0.00000000,0.0000,0.0000,none,-1,false,false,false,no_anchor_flip_in_entry_direction,,,,false,false,false,-1,-1,-1,-1,-1,false,false,false,0.0000,range_n,true,159.80700000,157.95600000,4.6667,false,0.0000,0.0000,0,none,true,0.5775,preferred_382_618,0.200,diagnostic_only,diagnostic_only,diagnostic_only,deep_pullback,5,0.490,true,none,0.640,high_quality,false,false,diagnostic_only,both,true,none,true,diagnostic_adjacent_detected,required_light,false,false,LONG,3,false,false,0,,,-1,0.0000,0.00000000,0.00000000,0.00000000,false,false,none,0.00000000,false,0.0000,0.0000,false,1,0.0000,false,-1,0.00000000,0.0000,off,false,not_evaluated,none,0.0000,0.0000,none,false,false,false,0.0000,none,false,none,0.0000,false,none,0.0000,0.0000,0.0000,0.0000,false,none,0.0000,none,none,false,false,none,0.0000,0.0000,0.0000,0.0000,none,false,false,0.0000,0.0000,false,false,-1,none,none,false,0.000,0.000,159.09100000,159.00000000,159.00000000,round_number,0.02500000,0.0422,neckline_level,159.09100000,0.3342,false,true,true,false,not_blocked,6,5,1,m5_failure_exit,off,none,0.00000000,0.0000,1.30,158.25500000,4.500,-0.300,0.200,PERIOD_M15,159.80700000,157.95600000,0.5775,preferred_382_618,0.000,true,159.02500000,159.61800000,0.59300000,158.25500000,1.298,0.19750000,30.00,0-30,true,false,none,not_consumed,4.800,4.800,none,0.0000,false,opposite_break_first,true,opposite_break_first,session_invalidated
2025.02.03 19:05:00,blocked,session_reversal_pullback_one_symbol_first120,EURJPY,SHORT,2025.02.03 19:00:00,19,16,1,new_york,2025.02.03 16:00,0,first_120min,true,true,3,EURJPY,highest_score_in_session_bar,new_york=USDJPY|EURJPY|GBPJPY|AUDJPY|EURUSD|GBPUSD,existing_first120_gate,new_york,false,false,true,passed_first_window,head_and_shoulders,neckline_break_retest,159.09100000,PERIOD_M5,PERIOD_H1,PERIOD_M15,PERIOD_M5,PERIOD_M5,false,htf_soft_alignment,current_post_filter,transcript_post_filter,dow_range_or_transition,no_ordered_dow_wave3_break,dow_range_or_transition,no_ordered_dow_wave3_break,false,false,true,SHORT,PERIOD_M5,head_and_shoulders,head_and_shoulders,4.500,none,0.000,head_and_shoulders,4.500,none,0.000,SHORT,false,PERIOD_H1_NONE_dow_range_or_transition|PERIOD_M15_NONE_no_ordered_dow_wave3_break,true,h1_counter_m15_reversal,true,top_NONE_dow_range_or_transition|structure_NONE_no_ordered_dow_wave3_break|structure_break_recent_confirmed_swing_break_failed|primary_break_recent_confirmed_swing_break_continuation,none,below_75sma_falling,below_75sma_falling,above_75sma_rising,-1,0.00000000,0,159.29000000,false,off,NONE,NONE,0.00000000,0.00000000,0.0000,none,0.000,true,SHORT,return_low_break_or_bos_down,158.35100000,7,159.80700000,157.95600000,false,off,independent,false,,,false,0.0000,none,0.0000,0.0000,none,0.0000,0.0000,0.0000,none,0.0000,0,0,0.0000,none,none,none,none,0.0000,0,0.0000,none,false,true,not_evaluated,true,required_light_or_anchor_flip,long_bias,157.95600000,2025.02.03 17:15:00,158.94200000,2025.02.03 15:00:00,2025.02.03 17:30:00,false,NONE,0.00000000,0.00000000,0.0000,-1,false,,-1,NONE,0.00000000,0.00000000,0.0000,0.0000,none,,none,false,NONE,-1,-1,-1,false,false,none,false,true,false,true,none,true,required,false,PERIOD_M5,,,-1,0.0000,false,0.00000000,0.0000,false,0.0000,false,none,none,false,no_anchor_flip_in_entry_direction,true,required_first_signal_only,SHORT,unknown,0.00000000,,0.00000000,,false,,-1,false,NONE,0.00000000,,0.00000000,0.0000,0.0000,none,-1,false,false,false,no_anchor_flip_in_entry_direction,,,,false,false,false,-1,-1,-1,-1,-1,false,false,false,0.0000,range_n,true,159.80700000,157.95600000,4.6667,false,0.0000,0.0000,0,none,true,0.5775,preferred_382_618,0.200,diagnostic_only,diagnostic_only,diagnostic_only,deep_pullback,5,0.490,true,none,0.640,high_quality,false,false,diagnostic_only,both,true,none,true,diagnostic_adjacent_detected,required_light,false,false,LONG,3,false,false,0,,,-1,0.0000,0.00000000,0.00000000,0.00000000,false,false,none,0.00000000,false,0.0000,0.0000,false,1,0.0000,false,-1,0.00000000,0.0000,off,false,not_evaluated,none,0.0000,0.0000,none,false,false,false,0.0000,none,false,none,0.0000,false,none,0.0000,0.0000,0.0000,0.0000,false,none,0.0000,none,none,false,false,none,0.0000,0.0000,0.0000,0.0000,none,false,false,0.0000,0.0000,false,false,-1,none,none,false,0.000,0.000,159.09100000,159.00000000,159.00000000,round_number,0.02500000,0.0422,neckline_level,159.09100000,0.3342,false,true,true,false,not_blocked,6,5,1,m5_failure_exit,off,none,0.00000000,0.0000,1.30,158.25500000,4.500,-0.300,0.200,PERIOD_M15,159.80700000,157.95600000,0.5775,preferred_382_618,0.000,true,159.02500000,159.61800000,0.59300000,158.25500000,1.298,0.19750000,30.00,0-30,true,false,none,blocked_session_invalidated,4.800,4.800,none,0.0000,false,opposite_break_first,true,opposite_break_first,session_invalidated
2025.02.04 10:40:00,signal,session_reversal_pullback_one_symbol_first120,AUDJPY,LONG,2025.02.04 10:35:00,10,7,16,london,2025.02.04 07:00,35,first_120min,true,true,3,AUDJPY,highest_score_in_session_bar,london=USDJPY|EURJPY|GBPJPY|AUDJPY|EURUSD|GBPUSD,existing_first120_gate,london,true,false,true,passed_first_window,double_bottom,neckline_break_retest,96.22500000,PERIOD_M5,PERIOD_H1,PERIOD_M15,PERIOD_M5,PERIOD_M5,false,htf_soft_alignment,current_post_filter,transcript_post_filter,dow_range_or_transition,structure_trend_bias_dow_trend_down_ll_lh,dow_range_or_transition,structure_trend_bias_dow_trend_down_ll_lh,false,true,true,LONG,PERIOD_M5,double_bottom,double_bottom,4.200,none,0.000,double_bottom,4.200,none,0.000,LONG,false,PERIOD_H1_NONE_dow_range_or_transition|PERIOD_M15_SHORT_structure_trend_bias_dow_trend_down_ll_lh,true,h1_counter_m15_reversal,true,top_NONE_dow_range_or_transition|structure_SHORT_structure_trend_bias_dow_trend_down_ll_lh|structure_break_recent_confirmed_swing_break_retest|primary_break_recent_confirmed_swing_break_failed,none,above_75sma_flat_or_falling,above_75sma_rising,above_75sma_rising,1,96.41100000,-1,0.00000000,false,off,NONE,NONE,0.00000000,0.00000000,0.0000,none,0.000,true,LONG,return_high_break_or_bos_up,96.41100000,1,96.41100000,95.56600000,false,off,independent,false,,,false,0.0000,none,0.0000,0.0000,none,0.0000,0.0000,0.0000,none,0.0000,0,0,0.0000,none,none,none,none,0.0000,0,0.0000,none,false,true,not_evaluated,true,required_light_or_anchor_flip,bias_flip_up,95.63200000,2025.02.03 23:00:00,96.41100000,2025.02.04 04:30:00,2025.02.04 07:00:00,true,LONG,96.41100000,96.43000000,0.1179,1,true,2025.02.04 10:00:00,1,LONG,96.41100000,96.43000000,0.1179,0.2048,normal,2025.02.04 10:00:00,first_after_anchor,true,LONG,1,1,1,true,false,fresh_0_4,true,false,false,true,none,true,required,true,PERIOD_M5,2025.02.04 10:05:00,2025.02.04 10:10:00,7,0.6525,true,96.41100000,0.6525,true,0.3320,true,m5_bos_up_after_anchor_retest,failed_close_back_inside,false,post_anchor_close_back_inside,true,required_first_signal_only,LONG,unknown,0.00000000,,0.00000000,,false,,-1,false,NONE,0.00000000,,0.00000000,0.0000,0.0000,none,-1,false,false,false,insufficient_confirmed_m5_pivots,AUDJPY|LONG|1738663200|96.411,,,false,false,false,-1,-1,-1,-1,-1,false,false,false,0.0000,falling_n,false,96.62400000,95.56600000,6.5656,true,0.2048,0.6972,1,normal,true,0.1993,no_fib,0.000,diagnostic_only,diagnostic_only,diagnostic_only,deep_pullback,13,0.240,true,none,0.390,high_quality,false,false,diagnostic_only,both,true,none,true,diagnostic_adjacent_detected,required_light,false,false,SHORT,5,false,false,0,2025.02.04 08:10:00,2025.02.04 10:00:00,7,5.3230,96.45900000,0.00000000,96.45900000,true,true,m5_lh_close_break_up,96.45900000,true,0.0916,1.4538,true,1,2.3238,false,3,96.45900000,0.6754,off,false,not_evaluated,none,0.8424,0.1576,normal,false,true,true,2.3238,failed_1bar,true,back_inside,0.1711,false,weak_retest,4.6361,1.9918,2.3276,0.0000,true,strong_exhaustion,0.0000,none,none,false,false,none,0.0000,0.0000,0.0000,0.0000,none,false,false,0.0000,0.0000,false,false,-1,none,none,false,0.000,0.000,96.35000000,96.25900000,96.35000000,wick_cluster_zone,0.06900000,0.4423,neckline_level,96.22500000,0.6410,false,true,true,false,not_blocked,8,4,4,m5_failure_exit,off,none,0.00000000,0.0000,1.30,96.48300000,4.200,-0.300,0.200,PERIOD_M15,96.41100000,95.56600000,0.1538,outside,0.000,true,96.28100000,96.12500000,0.15600000,96.48300000,1.295,0.08735714,28.00,30-60,true,false,none,not_consumed,4.650,4.650,none,0.0000,false,opposite_break_first,true,opposite_break_first,spread_too_high
2025.02.04 10:40:00,blocked,session_reversal_pullback_one_symbol_first120,AUDJPY,LONG,2025.02.04 10:35:00,10,7,16,london,2025.02.04 07:00,35,first_120min,true,true,3,AUDJPY,highest_score_in_session_bar,london=USDJPY|EURJPY|GBPJPY|AUDJPY|EURUSD|GBPUSD,existing_first120_gate,london,true,false,true,passed_first_window,double_bottom,neckline_break_retest,96.22500000,PERIOD_M5,PERIOD_H1,PERIOD_M15,PERIOD_M5,PERIOD_M5,false,htf_soft_alignment,current_post_filter,transcript_post_filter,dow_range_or_transition,structure_trend_bias_dow_trend_down_ll_lh,dow_range_or_transition,structure_trend_bias_dow_trend_down_ll_lh,false,true,true,LONG,PERIOD_M5,double_bottom,double_bottom,4.200,none,0.000,double_bottom,4.200,none,0.000,LONG,false,PERIOD_H1_NONE_dow_range_or_transition|PERIOD_M15_SHORT_structure_trend_bias_dow_trend_down_ll_lh,true,h1_counter_m15_reversal,true,top_NONE_dow_range_or_transition|structure_SHORT_structure_trend_bias_dow_trend_down_ll_lh|structure_break_recent_confirmed_swing_break_retest|primary_break_recent_confirmed_swing_break_failed,none,above_75sma_flat_or_falling,above_75sma_rising,above_75sma_rising,1,96.41100000,-1,0.00000000,false,off,NONE,NONE,0.00000000,0.00000000,0.0000,none,0.000,true,LONG,return_high_break_or_bos_up,96.41100000,1,96.41100000,95.56600000,false,off,independent,false,,,false,0.0000,none,0.0000,0.0000,none,0.0000,0.0000,0.0000,none,0.0000,0,0,0.0000,none,none,none,none,0.0000,0,0.0000,none,false,true,not_evaluated,true,required_light_or_anchor_flip,bias_flip_up,95.63200000,2025.02.03 23:00:00,96.41100000,2025.02.04 04:30:00,2025.02.04 07:00:00,true,LONG,96.41100000,96.43000000,0.1179,1,true,2025.02.04 10:00:00,1,LONG,96.41100000,96.43000000,0.1179,0.2048,normal,2025.02.04 10:00:00,first_after_anchor,true,LONG,1,1,1,true,false,fresh_0_4,true,false,false,true,none,true,required,true,PERIOD_M5,2025.02.04 10:05:00,2025.02.04 10:10:00,7,0.6525,true,96.41100000,0.6525,true,0.3320,true,m5_bos_up_after_anchor_retest,failed_close_back_inside,false,post_anchor_close_back_inside,true,required_first_signal_only,LONG,unknown,0.00000000,,0.00000000,,false,,-1,false,NONE,0.00000000,,0.00000000,0.0000,0.0000,none,-1,false,false,false,insufficient_confirmed_m5_pivots,AUDJPY|LONG|1738663200|96.411,,,false,false,false,-1,-1,-1,-1,-1,false,false,false,0.0000,falling_n,false,96.62400000,95.56600000,6.5656,true,0.2048,0.6972,1,normal,true,0.1993,no_fib,0.000,diagnostic_only,diagnostic_only,diagnostic_only,deep_pullback,13,0.240,true,none,0.390,high_quality,false,false,diagnostic_only,both,true,none,true,diagnostic_adjacent_detected,required_light,false,false,SHORT,5,false,false,0,2025.02.04 08:10:00,2025.02.04 10:00:00,7,5.3230,96.45900000,0.00000000,96.45900000,true,true,m5_lh_close_break_up,96.45900000,true,0.0916,1.4538,true,1,2.3238,false,3,96.45900000,0.6754,off,false,not_evaluated,none,0.8424,0.1576,normal,false,true,true,2.3238,failed_1bar,true,back_inside,0.1711,false,weak_retest,4.6361,1.9918,2.3276,0.0000,true,strong_exhaustion,0.0000,none,none,false,false,none,0.0000,0.0000,0.0000,0.0000,none,false,false,0.0000,0.0000,false,false,-1,none,none,false,0.000,0.000,96.35000000,96.25900000,96.35000000,wick_cluster_zone,0.06900000,0.4423,neckline_level,96.22500000,0.6410,false,true,true,false,not_blocked,8,4,4,m5_failure_exit,off,none,0.00000000,0.0000,1.30,96.48300000,4.200,-0.300,0.200,PERIOD_M15,96.41100000,95.56600000,0.1538,outside,0.000,true,96.28100000,96.12500000,0.15600000,96.48300000,1.295,0.08735714,28.00,30-60,true,false,none,blocked_spread_too_high,4.650,4.650,none,0.0000,false,opposite_break_first,true,opposite_break_first,spread_too_high
2025.02.04 16:05:00,signal,session_reversal_pullback_one_symbol_first120,USDJPY,SHORT,2025.02.04 16:00:00,16,13,22,london_newyork_overlap,2025.02.04 13:00,0,first_120min,true,true,3,USDJPY,highest_score_in_session_bar,london_newyork_overlap=USDJPY|EURJPY|GBPJPY|AUDJPY|EURUSD|GBPUSD,existing_first120_gate,london_newyork_overlap,false,false,true,passed_first_window,double_top,neckline_break_retest,155.25800000,PERIOD_M5,PERIOD_H1,PERIOD_M15,PERIOD_M5,PERIOD_M5,false,htf_soft_alignment,current_post_filter,transcript_post_filter,dow_trend_up_hh_hl,structure_trend_bias_dow_trend_up_hh_hl,dow_trend_up_hh_hl,structure_trend_bias_dow_trend_up_hh_hl,false,false,true,SHORT,PERIOD_M5,double_top,double_top,4.200,none,0.000,double_top,4.200,none,0.000,SHORT,false,PERIOD_H1_LONG_dow_trend_up_hh_hl|PERIOD_M15_LONG_structure_trend_bias_dow_trend_up_hh_hl,true,h1_counter_m15_reversal,true,top_LONG_dow_trend_up_hh_hl|structure_LONG_structure_trend_bias_dow_trend_up_hh_hl|structure_break_recent_confirmed_swing_break_failed|primary_break_recent_confirmed_swing_break_retest,none,above_75sma_rising,above_75sma_rising,below_75sma_flat_or_rising,-1,0.00000000,0,155.24200000,false,off,NONE,NONE,0.00000000,0.00000000,0.0000,none,0.000,true,SHORT,return_low_break_or_bos_down,155.15000000,18,155.51600000,155.06300000,false,off,independent,false,,,false,0.0000,none,0.0000,0.0000,none,0.0000,0.0000,0.0000,none,0.0000,0,0,0.0000,none,none,none,none,0.0000,0,0.0000,none,false,true,not_evaluated,true,required_light_or_anchor_flip,long_bias,155.13900000,2025.02.04 13:15:00,155.51600000,2025.02.04 10:15:00,2025.02.04 14:15:00,false,NONE,0.00000000,0.00000000,0.0000,-1,false,,-1,NONE,0.00000000,0.00000000,0.0000,0.0000,none,,none,false,NONE,-1,-1,-1,false,false,none,false,true,false,true,none,true,required,false,PERIOD_M5,,,-1,0.0000,false,0.00000000,0.0000,false,0.0000,false,none,none,false,no_anchor_flip_in_entry_direction,true,required_first_signal_only,SHORT,unknown,0.00000000,,0.00000000,,false,,-1,false,NONE,0.00000000,,0.00000000,0.0000,0.0000,none,-1,false,false,false,no_anchor_flip_in_entry_direction,,,,false,false,false,-1,-1,-1,-1,-1,false,false,false,0.0000,rising_n,false,155.51600000,155.06300000,5.0858,false,0.0000,0.0000,0,none,true,0.3731,shallow_236_382,0.080,diagnostic_only,diagnostic_only,diagnostic_only,shallow_pullback,24,0.280,true,none,0.430,high_quality,false,false,diagnostic_only,both,true,none,true,diagnostic_adjacent_detected,required_light,false,true,LONG,6,true,true,2,2025.02.04 14:50:00,2025.02.04 15:30:00,6,2.6992,0.00000000,155.24200000,155.24200000,true,true,m5_hl_close_break_down,155.24200000,true,0.1799,0.3419,true,1,0.0000,false,0,155.24200000,0.1799,off,false,not_evaluated,none,0.3175,0.6825,normal,false,false,false,0.0000,no_following_closed_bar,false,none,0.0000,false,no_retest,2.5013,1.9794,1.2636,0.7198,false,no_shrink,0.0000,none,none,false,false,none,0.0000,0.0000,0.0000,0.0000,none,false,false,0.0000,0.0000,false,false,-1,none,none,false,0.000,0.000,155.24200000,155.23100000,155.23100000,structure_confirmed_swing_low,0.00100000,0.0141,neckline_level,155.25800000,0.4679,false,true,false,false,not_blocked,4,4,0,m5_failure_exit,off,none,0.00000000,0.0000,1.30,155.14000000,4.200,-0.300,0.200,PERIOD_M15,155.39000000,155.23100000,0.0063,outside,0.000,true,155.23200000,155.30300000,0.07100000,155.14000000,1.296,0.05557143,20.00,0-30,true,false,none,not_consumed,4.500,4.500,none,0.0000,false,neckline_retest_failed,false,not_invalidated,spread_too_high
2025.02.04 16:05:00,blocked,session_reversal_pullback_one_symbol_first120,USDJPY,SHORT,2025.02.04 16:00:00,16,13,22,london_newyork_overlap,2025.02.04 13:00,0,first_120min,true,true,3,USDJPY,highest_score_in_session_bar,london_newyork_overlap=USDJPY|EURJPY|GBPJPY|AUDJPY|EURUSD|GBPUSD,existing_first120_gate,london_newyork_overlap,false,false,true,passed_first_window,double_top,neckline_break_retest,155.25800000,PERIOD_M5,PERIOD_H1,PERIOD_M15,PERIOD_M5,PERIOD_M5,false,htf_soft_alignment,current_post_filter,transcript_post_filter,dow_trend_up_hh_hl,structure_trend_bias_dow_trend_up_hh_hl,dow_trend_up_hh_hl,structure_trend_bias_dow_trend_up_hh_hl,false,false,true,SHORT,PERIOD_M5,double_top,double_top,4.200,none,0.000,double_top,4.200,none,0.000,SHORT,false,PERIOD_H1_LONG_dow_trend_up_hh_hl|PERIOD_M15_LONG_structure_trend_bias_dow_trend_up_hh_hl,true,h1_counter_m15_reversal,true,top_LONG_dow_trend_up_hh_hl|structure_LONG_structure_trend_bias_dow_trend_up_hh_hl|structure_break_recent_confirmed_swing_break_failed|primary_break_recent_confirmed_swing_break_retest,none,above_75sma_rising,above_75sma_rising,below_75sma_flat_or_rising,-1,0.00000000,0,155.24200000,false,off,NONE,NONE,0.00000000,0.00000000,0.0000,none,0.000,true,SHORT,return_low_break_or_bos_down,155.15000000,18,155.51600000,155.06300000,false,off,independent,false,,,false,0.0000,none,0.0000,0.0000,none,0.0000,0.0000,0.0000,none,0.0000,0,0,0.0000,none,none,none,none,0.0000,0,0.0000,none,false,true,not_evaluated,true,required_light_or_anchor_flip,long_bias,155.13900000,2025.02.04 13:15:00,155.51600000,2025.02.04 10:15:00,2025.02.04 14:15:00,false,NONE,0.00000000,0.00000000,0.0000,-1,false,,-1,NONE,0.00000000,0.00000000,0.0000,0.0000,none,,none,false,NONE,-1,-1,-1,false,false,none,false,true,false,true,none,true,required,false,PERIOD_M5,,,-1,0.0000,false,0.00000000,0.0000,false,0.0000,false,none,none,false,no_anchor_flip_in_entry_direction,true,required_first_signal_only,SHORT,unknown,0.00000000,,0.00000000,,false,,-1,false,NONE,0.00000000,,0.00000000,0.0000,0.0000,none,-1,false,false,false,no_anchor_flip_in_entry_direction,,,,false,false,false,-1,-1,-1,-1,-1,false,false,false,0.0000,rising_n,false,155.51600000,155.06300000,5.0858,false,0.0000,0.0000,0,none,true,0.3731,shallow_236_382,0.080,diagnostic_only,diagnostic_only,diagnostic_only,shallow_pullback,24,0.280,true,none,0.430,high_quality,false,false,diagnostic_only,both,true,none,true,diagnostic_adjacent_detected,required_light,false,true,LONG,6,true,true,2,2025.02.04 14:50:00,2025.02.04 15:30:00,6,2.6992,0.00000000,155.24200000,155.24200000,true,true,m5_hl_close_break_down,155.24200000,true,0.1799,0.3419,true,1,0.0000,false,0,155.24200000,0.1799,off,false,not_evaluated,none,0.3175,0.6825,normal,false,false,false,0.0000,no_following_closed_bar,false,none,0.0000,false,no_retest,2.5013,1.9794,1.2636,0.7198,false,no_shrink,0.0000,none,none,false,false,none,0.0000,0.0000,0.0000,0.0000,none,false,false,0.0000,0.0000,false,false,-1,none,none,false,0.000,0.000,155.24200000,155.23100000,155.23100000,structure_confirmed_swing_low,0.00100000,0.0141,neckline_level,155.25800000,0.4679,false,true,false,false,not_blocked,4,4,0,m5_failure_exit,off,none,0.00000000,0.0000,1.30,155.14000000,4.200,-0.300,0.200,PERIOD_M15,155.39000000,155.23100000,0.0063,outside,0.000,true,155.23200000,155.30300000,0.07100000,155.14000000,1.296,0.05557143,20.00,0-30,true,false,none,blocked_spread_too_high,4.500,4.500,none,0.0000,false,neckline_retest_failed,false,not_invalidated,spread_too_high
2025.02.05 10:20:00,signal,session_reversal_pullback_one_symbol_first120,USDJPY,LONG,2025.02.05 10:15:00,10,7,16,london,2025.02.05 07:00,15,first_120min,true,true,3,USDJPY,highest_score_in_session_bar,london=USDJPY|EURJPY|GBPJPY|AUDJPY|EURUSD|GBPUSD,existing_first120_gate,london,false,false,true,passed_first_window,double_bottom,neckline_break_retest,153.25600000,PERIOD_M5,PERIOD_H1,PERIOD_M15,PERIOD_M5,PERIOD_M5,false,htf_soft_alignment,current_post_filter,transcript_post_filter,dow_trend_down_ll_lh,no_ordered_dow_wave3_break,dow_trend_down_ll_lh,no_ordered_dow_wave3_break,false,true,false,LONG,PERIOD_M5,double_bottom,double_bottom,4.200,none,0.000,double_bottom,4.200,none,0.000,LONG,false,PERIOD_H1_SHORT_dow_trend_down_ll_lh|PERIOD_M15_NONE_no_ordered_dow_wave3_break,true,h1_counter_m15_reversal,true,top_SHORT_dow_trend_down_ll_lh|structure_NONE_no_ordered_dow_wave3_break|structure_break_recent_confirmed_swing_break_failed|primary_break_recent_confirmed_swing_break_retest,none,below_75sma_falling,below_75sma_falling,above_75sma_flat_or_falling,-1,0.00000000,0,153.30500000,false,off,NONE,NONE,0.00000000,0.00000000,0.0000,none,0.000,true,LONG,return_high_break_or_bos_up,153.45500000,10,153.63300000,153.06600000,false,off,independent,false,,,false,0.0000,none,0.0000,0.0000,none,0.0000,0.0000,0.0000,none,0.0000,0,0,0.0000,none,none,none,none,0.0000,0,0.0000,none,false,true,not_evaluated,true,required_light_or_anchor_flip,short_bias,153.08200000,2025.02.05 05:30:00,153.55900000,2025.02.05 07:15:00,2025.02.05 09:15:00,false,NONE,0.00000000,0.00000000,0.0000,-1,false,,-1,NONE,0.00000000,0.00000000,0.0000,0.0000,none,,none,false,NONE,-1,-1,-1,false,false,none,false,true,false,true,none,true,required,false,PERIOD_M5,,,-1,0.0000,false,0.00000000,0.0000,false,0.0000,false,none,none,false,no_anchor_flip_in_entry_direction,true,required_first_signal_only,LONG,unknown,0.00000000,,0.00000000,,false,,-1,false,NONE,0.00000000,,0.00000000,0.0000,0.0000,none,-1,false,false,false,no_anchor_flip_in_entry_direction,,,,false,false,false,-1,-1,-1,-1,-1,false,false,false,0.0000,range_n,true,154.35400000,153.06600000,8.9135,false,0.0000,0.0000,0,none,true,0.4744,preferred_382_618,0.200,diagnostic_only,diagnostic_only,diagnostic_only,shallow_pullback,24,0.400,true,none,0.550,high_quality,false,false,diagnostic_only,both,true,none,true,diagnostic_adjacent_detected,required_light,false,false,SHORT,3,false,false,0,,,-1,0.0000,0.00000000,0.00000000,0.00000000,false,false,none,0.00000000,false,0.0000,0.0000,false,1,0.0000,false,-1,0.00000000,0.0000,off,false,not_evaluated,none,0.0000,0.0000,none,false,false,false,0.0000,none,false,none,0.0000,false,none,0.0000,0.0000,0.0000,0.0000,false,none,0.0000,none,none,false,false,none,0.0000,0.0000,0.0000,0.0000,none,false,false,0.0000,0.0000,false,false,-1,none,none,false,0.000,0.000,153.37500000,153.35800000,153.50000000,round_number,0.13600000,0.5690,session_high|opening_range_high|neckline_level,153.37500000,0.0931,false,true,true,false,not_blocked,2,1,1,m5_failure_exit,off,none,0.00000000,0.0000,1.30,153.67500000,4.200,-0.300,0.200,PERIOD_M15,153.55900000,153.08200000,0.4088,preferred_382_618,0.000,true,153.36400000,153.12500000,0.23900000,153.67500000,1.301,0.11814286,20.00,0-30,true,false,none,not_consumed,4.500,4.500,none,0.0000,false,opposite_break_first,true,opposite_break_first,session_invalidated
2025.02.05 10:20:00,blocked,session_reversal_pullback_one_symbol_first120,USDJPY,LONG,2025.02.05 10:15:00,10,7,16,london,2025.02.05 07:00,15,first_120min,true,true,3,USDJPY,highest_score_in_session_bar,london=USDJPY|EURJPY|GBPJPY|AUDJPY|EURUSD|GBPUSD,existing_first120_gate,london,false,false,true,passed_first_window,double_bottom,neckline_break_retest,153.25600000,PERIOD_M5,PERIOD_H1,PERIOD_M15,PERIOD_M5,PERIOD_M5,false,htf_soft_alignment,current_post_filter,transcript_post_filter,dow_trend_down_ll_lh,no_ordered_dow_wave3_break,dow_trend_down_ll_lh,no_ordered_dow_wave3_break,false,true,false,LONG,PERIOD_M5,double_bottom,double_bottom,4.200,none,0.000,double_bottom,4.200,none,0.000,LONG,false,PERIOD_H1_SHORT_dow_trend_down_ll_lh|PERIOD_M15_NONE_no_ordered_dow_wave3_break,true,h1_counter_m15_reversal,true,top_SHORT_dow_trend_down_ll_lh|structure_NONE_no_ordered_dow_wave3_break|structure_break_recent_confirmed_swing_break_failed|primary_break_recent_confirmed_swing_break_retest,none,below_75sma_falling,below_75sma_falling,above_75sma_flat_or_falling,-1,0.00000000,0,153.30500000,false,off,NONE,NONE,0.00000000,0.00000000,0.0000,none,0.000,true,LONG,return_high_break_or_bos_up,153.45500000,10,153.63300000,153.06600000,false,off,independent,false,,,false,0.0000,none,0.0000,0.0000,none,0.0000,0.0000,0.0000,none,0.0000,0,0,0.0000,none,none,none,none,0.0000,0,0.0000,none,false,true,not_evaluated,true,required_light_or_anchor_flip,short_bias,153.08200000,2025.02.05 05:30:00,153.55900000,2025.02.05 07:15:00,2025.02.05 09:15:00,false,NONE,0.00000000,0.00000000,0.0000,-1,false,,-1,NONE,0.00000000,0.00000000,0.0000,0.0000,none,,none,false,NONE,-1,-1,-1,false,false,none,false,true,false,true,none,true,required,false,PERIOD_M5,,,-1,0.0000,false,0.00000000,0.0000,false,0.0000,false,none,none,false,no_anchor_flip_in_entry_direction,true,required_first_signal_only,LONG,unknown,0.00000000,,0.00000000,,false,,-1,false,NONE,0.00000000,,0.00000000,0.0000,0.0000,none,-1,false,false,false,no_anchor_flip_in_entry_direction,,,,false,false,false,-1,-1,-1,-1,-1,false,false,false,0.0000,range_n,true,154.35400000,153.06600000,8.9135,false,0.0000,0.0000,0,none,true,0.4744,preferred_382_618,0.200,diagnostic_only,diagnostic_only,diagnostic_only,shallow_pullback,24,0.400,true,none,0.550,high_quality,false,false,diagnostic_only,both,true,none,true,diagnostic_adjacent_detected,required_light,false,false,SHORT,3,false,false,0,,,-1,0.0000,0.00000000,0.00000000,0.00000000,false,false,none,0.00000000,false,0.0000,0.0000,false,1,0.0000,false,-1,0.00000000,0.0000,off,false,not_evaluated,none,0.0000,0.0000,none,false,false,false,0.0000,none,false,none,0.0000,false,none,0.0000,0.0000,0.0000,0.0000,false,none,0.0000,none,none,false,false,none,0.0000,0.0000,0.0000,0.0000,none,false,false,0.0000,0.0000,false,false,-1,none,none,false,0.000,0.000,153.37500000,153.35800000,153.50000000,round_number,0.13600000,0.5690,session_high|opening_range_high|neckline_level,153.37500000,0.0931,false,true,true,false,not_blocked,2,1,1,m5_failure_exit,off,none,0.00000000,0.0000,1.30,153.67500000,4.200,-0.300,0.200,PERIOD_M15,153.55900000,153.08200000,0.4088,preferred_382_618,0.000,true,153.36400000,153.12500000,0.23900000,153.67500000,1.301,0.11814286,20.00,0-30,true,false,none,blocked_session_invalidated,4.500,4.500,none,0.0000,false,opposite_break_first,true,opposite_break_first,session_invalidated
2025.02.07 04:10:00,signal,session_reversal_pullback_one_symbol_first120,USDJPY,SHORT,2025.02.07 04:05:00,4,1,10,tokyo,2025.02.07 00:00,65,first_120min,false,true,3,USDJPY,highest_score_in_session_bar,tokyo=USDJPY|EURJPY|GBPJPY|AUDJPY,existing_first120_gate,tokyo,true,false,true,passed_first_window,sweep_high_reclaim,sweep_reclaim_retest,151.65400000,PERIOD_M5,PERIOD_H1,PERIOD_M15,PERIOD_M5,PERIOD_M5,false,htf_soft_alignment,current_post_filter,transcript_post_filter,dow_range_or_transition,structure_trend_bias_dow_trend_down_ll_lh,dow_range_or_transition,structure_trend_bias_dow_trend_down_ll_lh,false,false,true,SHORT,PERIOD_M5,sweep_high_reclaim,sweep_high_reclaim,3.400,none,0.000,sweep_high_reclaim,3.400,none,0.000,SHORT,false,PERIOD_H1_NONE_dow_range_or_transition|PERIOD_M15_SHORT_structure_trend_bias_dow_trend_down_ll_lh,true,h1_counter_m15_reversal,true,top_NONE_dow_range_or_transition|structure_SHORT_structure_trend_bias_dow_trend_down_ll_lh|structure_break_recent_confirmed_swing_break_failed|primary_break_recent_confirmed_swing_break_continuation,none,below_75sma_falling,below_75sma_falling,above_75sma_rising,-1,0.00000000,0,151.86600000,false,off,NONE,NONE,0.00000000,0.00000000,0.0000,none,0.000,true,SHORT,return_low_break_or_bos_down,151.23100000,4,151.64700000,150.94800000,false,off,independent,false,,,false,0.0000,none,0.0000,0.0000,none,0.0000,0.0000,0.0000,none,0.0000,0,0,0.0000,none,none,none,none,0.0000,0,0.0000,none,false,true,not_evaluated,true,required_light_or_anchor_flip,bias_flip_up,152.44300000,2025.02.06 10:00:00,151.45000000,2025.02.07 01:00:00,2025.02.07 02:15:00,true,LONG,151.45000000,151.49800000,0.2837,3,true,2025.02.07 03:00:00,3,LONG,151.45000000,151.49800000,0.2837,1.7079,strong,2025.02.07 03:45:00,first_after_anchor,true,LONG,3,0,3,true,false,fresh_0_4,false,true,false,true,none,true,required,false,PERIOD_M5,,,-1,0.0000,false,0.00000000,0.0000,false,0.0000,false,none,none,false,no_anchor_flip_in_entry_direction,true,required_first_signal_only,SHORT,unknown,0.00000000,,0.00000000,,false,,-1,false,NONE,0.00000000,,0.00000000,0.0000,0.0000,none,-1,false,false,false,no_anchor_flip_in_entry_direction,,,,false,false,false,-1,-1,-1,-1,-1,false,false,false,0.0000,falling_n,false,152.05400000,150.94800000,6.5361,true,1.7079,0.1053,3,strong,true,0.9499,too_deep,0.000,diagnostic_only,diagnostic_only,diagnostic_only,fib_pullback,24,0.200,true,none,0.350,medium_quality,false,false,diagnostic_only,both,true,none,true,diagnostic_adjacent_detected,required_light,false,false,LONG,3,false,false,0,,,-1,0.0000,0.00000000,0.00000000,0.00000000,false,false,none,0.00000000,false,0.0000,0.0000,false,1,0.0000,false,-1,0.00000000,0.0000,off,false,not_evaluated,none,0.0000,0.0000,none,false,false,false,0.0000,none,false,none,0.0000,false,none,0.0000,0.0000,0.0000,0.0000,false,none,0.0000,none,none,false,false,none,0.0000,0.0000,0.0000,0.0000,none,false,false,0.0000,0.0000,false,false,-1,none,none,false,0.000,0.000,151.64700000,151.58450000,151.58450000,recent_equal_highs,0.02750000,0.3235,neckline_level,151.65400000,0.3710,false,true,true,false,not_blocked,3,1,2,m5_failure_exit,off,none,0.00000000,0.0000,1.30,151.50100000,3.400,-0.300,0.200,PERIOD_M15,151.53100000,150.94800000,1.1389,outside,0.000,true,151.61200000,151.69700000,0.08500000,151.50100000,1.306,0.11321429,18.00,60-90,true,false,none,not_consumed,3.700,3.700,none,0.0000,false,opposite_break_first,true,opposite_break_first,session_invalidated
2025.02.07 04:10:00,blocked,session_reversal_pullback_one_symbol_first120,USDJPY,SHORT,2025.02.07 04:05:00,4,1,10,tokyo,2025.02.07 00:00,65,first_120min,false,true,3,USDJPY,highest_score_in_session_bar,tokyo=USDJPY|EURJPY|GBPJPY|AUDJPY,existing_first120_gate,tokyo,true,false,true,passed_first_window,sweep_high_reclaim,sweep_reclaim_retest,151.65400000,PERIOD_M5,PERIOD_H1,PERIOD_M15,PERIOD_M5,PERIOD_M5,false,htf_soft_alignment,current_post_filter,transcript_post_filter,dow_range_or_transition,structure_trend_bias_dow_trend_down_ll_lh,dow_range_or_transition,structure_trend_bias_dow_trend_down_ll_lh,false,false,true,SHORT,PERIOD_M5,sweep_high_reclaim,sweep_high_reclaim,3.400,none,0.000,sweep_high_reclaim,3.400,none,0.000,SHORT,false,PERIOD_H1_NONE_dow_range_or_transition|PERIOD_M15_SHORT_structure_trend_bias_dow_trend_down_ll_lh,true,h1_counter_m15_reversal,true,top_NONE_dow_range_or_transition|structure_SHORT_structure_trend_bias_dow_trend_down_ll_lh|structure_break_recent_confirmed_swing_break_failed|primary_break_recent_confirmed_swing_break_continuation,none,below_75sma_falling,below_75sma_falling,above_75sma_rising,-1,0.00000000,0,151.86600000,false,off,NONE,NONE,0.00000000,0.00000000,0.0000,none,0.000,true,SHORT,return_low_break_or_bos_down,151.23100000,4,151.64700000,150.94800000,false,off,independent,false,,,false,0.0000,none,0.0000,0.0000,none,0.0000,0.0000,0.0000,none,0.0000,0,0,0.0000,none,none,none,none,0.0000,0,0.0000,none,false,true,not_evaluated,true,required_light_or_anchor_flip,bias_flip_up,152.44300000,2025.02.06 10:00:00,151.45000000,2025.02.07 01:00:00,2025.02.07 02:15:00,true,LONG,151.45000000,151.49800000,0.2837,3,true,2025.02.07 03:00:00,3,LONG,151.45000000,151.49800000,0.2837,1.7079,strong,2025.02.07 03:45:00,first_after_anchor,true,LONG,3,0,3,true,false,fresh_0_4,false,true,false,true,none,true,required,false,PERIOD_M5,,,-1,0.0000,false,0.00000000,0.0000,false,0.0000,false,none,none,false,no_anchor_flip_in_entry_direction,true,required_first_signal_only,SHORT,unknown,0.00000000,,0.00000000,,false,,-1,false,NONE,0.00000000,,0.00000000,0.0000,0.0000,none,-1,false,false,false,no_anchor_flip_in_entry_direction,,,,false,false,false,-1,-1,-1,-1,-1,false,false,false,0.0000,falling_n,false,152.05400000,150.94800000,6.5361,true,1.7079,0.1053,3,strong,true,0.9499,too_deep,0.000,diagnostic_only,diagnostic_only,diagnostic_only,fib_pullback,24,0.200,true,none,0.350,medium_quality,false,false,diagnostic_only,both,true,none,true,diagnostic_adjacent_detected,required_light,false,false,LONG,3,false,false,0,,,-1,0.0000,0.00000000,0.00000000,0.00000000,false,false,none,0.00000000,false,0.0000,0.0000,false,1,0.0000,false,-1,0.00000000,0.0000,off,false,not_evaluated,none,0.0000,0.0000,none,false,false,false,0.0000,none,false,none,0.0000,false,none,0.0000,0.0000,0.0000,0.0000,false,none,0.0000,none,none,false,false,none,0.0000,0.0000,0.0000,0.0000,none,false,false,0.0000,0.0000,false,false,-1,none,none,false,0.000,0.000,151.64700000,151.58450000,151.58450000,recent_equal_highs,0.02750000,0.3235,neckline_level,151.65400000,0.3710,false,true,true,false,not_blocked,3,1,2,m5_failure_exit,off,none,0.00000000,0.0000,1.30,151.50100000,3.400,-0.300,0.200,PERIOD_M15,151.53100000,150.94800000,1.1389,outside,0.000,true,151.61200000,151.69700000,0.08500000,151.50100000,1.306,0.11321429,18.00,60-90,true,false,none,blocked_session_invalidated,3.700,3.700,none,0.0000,false,opposite_break_first,true,opposite_break_first,session_invalidated
2025.02.07 16:20:00,signal,session_reversal_pullback_one_symbol_first120,GBPJPY,LONG,2025.02.07 16:15:00,16,13,22,london_newyork_overlap,2025.02.07 13:00,15,first_120min,true,true,3,GBPJPY,highest_score_in_session_bar,london_newyork_overlap=USDJPY|EURJPY|GBPJPY|AUDJPY|EURUSD|GBPUSD,existing_first120_gate,london_newyork_overlap,false,false,true,passed_first_window,double_bottom,neckline_break_retest,188.95000000,PERIOD_M5,PERIOD_H1,PERIOD_M15,PERIOD_M5,PERIOD_M5,false,htf_soft_alignment,current_post_filter,transcript_post_filter,dow_range_or_transition,structure_trend_bias_dow_trend_up_hh_hl,dow_range_or_transition,structure_trend_bias_dow_trend_up_hh_hl,false,true,false,LONG,PERIOD_M5,double_bottom,double_bottom,4.200,none,0.000,double_bottom,4.200,none,0.000,LONG,false,PERIOD_H1_NONE_dow_range_or_transition|PERIOD_M15_LONG_structure_trend_bias_dow_trend_up_hh_hl,true,h1_counter_m15_reversal,true,top_NONE_dow_range_or_transition|structure_LONG_structure_trend_bias_dow_trend_up_hh_hl|structure_break_recent_confirmed_swing_break_failed|primary_break_recent_confirmed_swing_break_retest,none,below_75sma_falling,above_75sma_rising,below_75sma_flat_or_rising,-1,0.00000000,0,188.86600000,false,off,NONE,NONE,0.00000000,0.00000000,0.0000,none,0.000,true,LONG,return_high_break_or_bos_up,189.26300000,7,189.56200000,188.66400000,false,off,independent,false,,,false,0.0000,none,0.0000,0.0000,none,0.0000,0.0000,0.0000,none,0.0000,0,0,0.0000,none,none,none,none,0.0000,0,0.0000,none,false,true,not_evaluated,true,required_light_or_anchor_flip,short_bias,189.04600000,2025.02.07 11:45:00,189.54300000,2025.02.07 14:00:00,2025.02.07 14:45:00,false,NONE,0.00000000,0.00000000,0.0000,-1,false,,-1,NONE,0.00000000,0.00000000,0.0000,0.0000,none,,none,false,NONE,-1,-1,-1,false,false,none,false,true,false,true,none,true,required,false,PERIOD_M5,,,-1,0.0000,false,0.00000000,0.0000,false,0.0000,false,none,none,false,no_anchor_flip_in_entry_direction,true,required_first_signal_only,LONG,unknown,0.00000000,,0.00000000,,false,,-1,false,NONE,0.00000000,,0.00000000,0.0000,0.0000,none,-1,false,false,false,no_anchor_flip_in_entry_direction,,,,false,false,false,-1,-1,-1,-1,-1,false,false,false,0.0000,falling_n,false,189.56200000,189.04600000,2.4902,false,0.0000,0.0000,0,none,true,0.6136,preferred_382_618,0.200,diagnostic_only,diagnostic_only,diagnostic_only,shallow_pullback,24,0.400,true,none,0.550,high_quality,false,false,diagnostic_only,both,true,none,true,diagnostic_adjacent_detected,required_light,false,false,SHORT,6,false,false,2,2025.02.07 14:10:00,2025.02.07 15:45:00,6,4.3778,189.53000000,0.00000000,189.53000000,false,false,none,0.00000000,false,0.0000,0.0000,false,1,0.0000,false,-1,0.00000000,0.0000,off,false,not_evaluated,none,0.0000,0.0000,none,false,false,false,0.0000,none,false,none,0.0000,false,none,4.3131,2.1167,2.0376,2.2611,false,no_shrink,0.0000,none,none,false,false,none,0.0000,0.0000,0.0000,0.0000,none,false,false,0.0000,0.0000,false,false,-1,none,none,false,0.000,0.000,189.02200000,188.95000000,189.04600000,structure_confirmed_swing_low,0.03500000,0.1292,session_high|opening_range_high|neckline_level,189.02200000,0.0548,false,true,false,false,not_blocked,1,1,0,m5_failure_exit,off,none,0.00000000,0.0000,1.30,189.36300000,4.200,-0.300,0.200,PERIOD_M15,189.54300000,189.04600000,1.0704,outside,0.000,true,189.01100000,188.74000000,0.27100000,189.36300000,1.299,0.20078571,38.00,0-30,true,false,none,not_consumed,4.500,4.500,none,0.0000,false,neckline_retest_failed,false,not_invalidated,
2025.02.07 16:20:00,order_sent,session_reversal_pullback_one_symbol_first120,GBPJPY,LONG,2025.02.07 16:15:00,16,13,22,london_newyork_overlap,2025.02.07 13:00,15,first_120min,true,true,3,GBPJPY,highest_score_in_session_bar,london_newyork_overlap=USDJPY|EURJPY|GBPJPY|AUDJPY|EURUSD|GBPUSD,existing_first120_gate,london_newyork_overlap,false,false,true,passed_first_window,double_bottom,neckline_break_retest,188.95000000,PERIOD_M5,PERIOD_H1,PERIOD_M15,PERIOD_M5,PERIOD_M5,false,htf_soft_alignment,current_post_filter,transcript_post_filter,dow_range_or_transition,structure_trend_bias_dow_trend_up_hh_hl,dow_range_or_transition,structure_trend_bias_dow_trend_up_hh_hl,false,true,false,LONG,PERIOD_M5,double_bottom,double_bottom,4.200,none,0.000,double_bottom,4.200,none,0.000,LONG,false,PERIOD_H1_NONE_dow_range_or_transition|PERIOD_M15_LONG_structure_trend_bias_dow_trend_up_hh_hl,true,h1_counter_m15_reversal,true,top_NONE_dow_range_or_transition|structure_LONG_structure_trend_bias_dow_trend_up_hh_hl|structure_break_recent_confirmed_swing_break_failed|primary_break_recent_confirmed_swing_break_retest,none,below_75sma_falling,above_75sma_rising,below_75sma_flat_or_rising,-1,0.00000000,0,188.86600000,false,off,NONE,NONE,0.00000000,0.00000000,0.0000,none,0.000,true,LONG,return_high_break_or_bos_up,189.26300000,7,189.56200000,188.66400000,false,off,independent,false,,,false,0.0000,none,0.0000,0.0000,none,0.0000,0.0000,0.0000,none,0.0000,0,0,0.0000,none,none,none,none,0.0000,0,0.0000,none,false,true,not_evaluated,true,required_light_or_anchor_flip,short_bias,189.04600000,2025.02.07 11:45:00,189.54300000,2025.02.07 14:00:00,2025.02.07 14:45:00,false,NONE,0.00000000,0.00000000,0.0000,-1,false,,-1,NONE,0.00000000,0.00000000,0.0000,0.0000,none,,none,false,NONE,-1,-1,-1,false,false,none,false,true,false,true,none,true,required,false,PERIOD_M5,,,-1,0.0000,false,0.00000000,0.0000,false,0.0000,false,none,none,false,no_anchor_flip_in_entry_direction,true,required_first_signal_only,LONG,unknown,0.00000000,,0.00000000,,false,,-1,false,NONE,0.00000000,,0.00000000,0.0000,0.0000,none,-1,false,false,false,no_anchor_flip_in_entry_direction,,,,false,false,false,-1,-1,-1,-1,-1,false,false,false,0.0000,falling_n,false,189.56200000,189.04600000,2.4902,false,0.0000,0.0000,0,none,true,0.6136,preferred_382_618,0.200,diagnostic_only,diagnostic_only,diagnostic_only,shallow_pullback,24,0.400,true,none,0.550,high_quality,false,false,diagnostic_only,both,true,none,true,diagnostic_adjacent_detected,required_light,false,false,SHORT,6,false,false,2,2025.02.07 14:10:00,2025.02.07 15:45:00,6,4.3778,189.53000000,0.00000000,189.53000000,false,false,none,0.00000000,false,0.0000,0.0000,false,1,0.0000,false,-1,0.00000000,0.0000,off,false,not_evaluated,none,0.0000,0.0000,none,false,false,false,0.0000,none,false,none,0.0000,false,none,4.3131,2.1167,2.0376,2.2611,false,no_shrink,0.0000,none,none,false,false,none,0.0000,0.0000,0.0000,0.0000,none,false,false,0.0000,0.0000,false,false,-1,none,none,false,0.000,0.000,189.02200000,188.95000000,189.04600000,structure_confirmed_swing_low,0.03500000,0.1292,session_high|opening_range_high|neckline_level,189.02200000,0.0548,false,true,false,false,not_blocked,1,1,0,m5_failure_exit,off,none,0.00000000,0.0000,1.30,189.36300000,4.200,-0.300,0.200,PERIOD_M15,189.54300000,189.04600000,1.0704,outside,0.000,true,189.01100000,188.74000000,0.27100000,189.36300000,1.299,0.20078571,38.00,0-30,true,false,none,order_sent,4.500,4.500,none,0.0000,false,neckline_retest_failed,false,not_invalidated,
2025.02.10 03:55:00,signal,session_reversal_pullback_one_symbol_first120,AUDJPY,SHORT,2025.02.10 03:50:00,3,0,9,tokyo,2025.02.10 00:00,50,first_120min,true,true,3,AUDJPY,highest_score_in_session_bar,tokyo=USDJPY|EURJPY|GBPJPY|AUDJPY,existing_first120_gate,tokyo,false,false,true,passed_first_window,head_and_shoulders,neckline_break_retest,95.11200000,PERIOD_M5,PERIOD_H1,PERIOD_M15,PERIOD_M5,PERIOD_M5,false,htf_soft_alignment,current_post_filter,transcript_post_filter,dow_range_or_transition,structure_trend_bias_dow_trend_down_ll_lh,dow_range_or_transition,structure_trend_bias_dow_trend_down_ll_lh,false,true,true,SHORT,PERIOD_M5,head_and_shoulders,head_and_shoulders,4.500,none,0.000,head_and_shoulders,4.500,none,0.000,SHORT,false,PERIOD_H1_NONE_dow_range_or_transition|PERIOD_M15_SHORT_structure_trend_bias_dow_trend_down_ll_lh,true,h1_counter_m15_reversal,true,top_NONE_dow_range_or_transition|structure_SHORT_structure_trend_bias_dow_trend_down_ll_lh|structure_break_recent_confirmed_swing_break_failed|primary_break_no_recent_confirmed_swing_break,none,below_75sma_falling,below_75sma_falling,above_75sma_rising,-1,0.00000000,-1,0.00000000,false,off,NONE,NONE,0.00000000,0.00000000,0.0000,none,0.000,true,SHORT,return_low_break_or_bos_down,94.83500000,8,95.25600000,94.30600000,false,off,independent,false,,,false,0.0000,none,0.0000,0.0000,none,0.0000,0.0000,0.0000,none,0.0000,0,0,0.0000,none,none,none,none,0.0000,0,0.0000,none,false,true,not_evaluated,true,required_light_or_anchor_flip,bias_flip_up,95.49000000,2025.02.07 11:30:00,94.94200000,2025.02.07 23:45:00,2025.02.10 00:00:00,true,LONG,94.94200000,95.03200000,0.6767,7,true,2025.02.10 01:45:00,7,LONG,94.94200000,95.03200000,0.6767,1.6391,strong,2025.02.10 03:30:00,first_after_anchor,true,LONG,7,0,7,true,false,normal_5_12,false,true,false,true,none,true,required,false,PERIOD_M5,,,-1,0.0000,false,0.00000000,0.0000,false,0.0000,false,none,none,false,no_anchor_flip_in_entry_direction,true,required_first_signal_only,SHORT,unknown,0.00000000,,0.00000000,,false,,-1,false,NONE,0.00000000,,0.00000000,0.0000,0.0000,none,-1,false,false,false,no_anchor_flip_in_entry_direction,,,,false,false,false,-1,-1,-1,-1,-1,false,false,false,0.0000,falling_n,false,95.17200000,94.30600000,6.5113,true,1.6391,0.1174,7,strong,true,0.8211,too_deep,0.000,diagnostic_only,diagnostic_only,diagnostic_only,deep_pullback,24,0.250,true,none,0.400,high_quality,false,false,diagnostic_only,both,true,none,true,diagnostic_adjacent_detected,required_light,false,false,LONG,1,false,false,0,,,-1,0.0000,0.00000000,0.00000000,0.00000000,false,false,none,0.00000000,false,0.0000,0.0000,false,1,0.0000,false,-1,0.00000000,0.0000,off,false,not_evaluated,none,0.0000,0.0000,none,false,false,false,0.0000,none,false,none,0.0000,false,none,0.0000,0.0000,0.0000,0.0000,false,none,0.0000,none,none,false,false,none,0.0000,0.0000,0.0000,0.0000,none,false,false,0.0000,0.0000,false,false,-1,none,none,false,0.000,0.000,95.11200000,95.07700000,95.07200000,wick_cluster_zone,0.01400000,0.0838,session_low|opening_range_low|neckline_level,95.07700000,0.1361,false,true,true,false,not_blocked,5,2,3,m5_failure_exit,off,none,0.00000000,0.0000,1.30,94.86900000,4.500,-0.300,0.200,PERIOD_M15,94.94200000,94.30600000,1.2264,outside,0.000,true,95.08600000,95.25300000,0.16700000,94.86900000,1.299,0.06614286,28.00,30-60,true,false,none,not_consumed,4.600,4.600,none,0.0000,false,opposite_break_first,true,opposite_break_first,spread_too_high
2025.02.10 03:55:00,blocked,session_reversal_pullback_one_symbol_first120,AUDJPY,SHORT,2025.02.10 03:50:00,3,0,9,tokyo,2025.02.10 00:00,50,first_120min,true,true,3,AUDJPY,highest_score_in_session_bar,tokyo=USDJPY|EURJPY|GBPJPY|AUDJPY,existing_first120_gate,tokyo,false,false,true,passed_first_window,head_and_shoulders,neckline_break_retest,95.11200000,PERIOD_M5,PERIOD_H1,PERIOD_M15,PERIOD_M5,PERIOD_M5,false,htf_soft_alignment,current_post_filter,transcript_post_filter,dow_range_or_transition,structure_trend_bias_dow_trend_down_ll_lh,dow_range_or_transition,structure_trend_bias_dow_trend_down_ll_lh,false,true,true,SHORT,PERIOD_M5,head_and_shoulders,head_and_shoulders,4.500,none,0.000,head_and_shoulders,4.500,none,0.000,SHORT,false,PERIOD_H1_NONE_dow_range_or_transition|PERIOD_M15_SHORT_structure_trend_bias_dow_trend_down_ll_lh,true,h1_counter_m15_reversal,true,top_NONE_dow_range_or_transition|structure_SHORT_structure_trend_bias_dow_trend_down_ll_lh|structure_break_recent_confirmed_swing_break_failed|primary_break_no_recent_confirmed_swing_break,none,below_75sma_falling,below_75sma_falling,above_75sma_rising,-1,0.00000000,-1,0.00000000,false,off,NONE,NONE,0.00000000,0.00000000,0.0000,none,0.000,true,SHORT,return_low_break_or_bos_down,94.83500000,8,95.25600000,94.30600000,false,off,independent,false,,,false,0.0000,none,0.0000,0.0000,none,0.0000,0.0000,0.0000,none,0.0000,0,0,0.0000,none,none,none,none,0.0000,0,0.0000,none,false,true,not_evaluated,true,required_light_or_anchor_flip,bias_flip_up,95.49000000,2025.02.07 11:30:00,94.94200000,2025.02.07 23:45:00,2025.02.10 00:00:00,true,LONG,94.94200000,95.03200000,0.6767,7,true,2025.02.10 01:45:00,7,LONG,94.94200000,95.03200000,0.6767,1.6391,strong,2025.02.10 03:30:00,first_after_anchor,true,LONG,7,0,7,true,false,normal_5_12,false,true,false,true,none,true,required,false,PERIOD_M5,,,-1,0.0000,false,0.00000000,0.0000,false,0.0000,false,none,none,false,no_anchor_flip_in_entry_direction,true,required_first_signal_only,SHORT,unknown,0.00000000,,0.00000000,,false,,-1,false,NONE,0.00000000,,0.00000000,0.0000,0.0000,none,-1,false,false,false,no_anchor_flip_in_entry_direction,,,,false,false,false,-1,-1,-1,-1,-1,false,false,false,0.0000,falling_n,false,95.17200000,94.30600000,6.5113,true,1.6391,0.1174,7,strong,true,0.8211,too_deep,0.000,diagnostic_only,diagnostic_only,diagnostic_only,deep_pullback,24,0.250,true,none,0.400,high_quality,false,false,diagnostic_only,both,true,none,true,diagnostic_adjacent_detected,required_light,false,false,LONG,1,false,false,0,,,-1,0.0000,0.00000000,0.00000000,0.00000000,false,false,none,0.00000000,false,0.0000,0.0000,false,1,0.0000,false,-1,0.00000000,0.0000,off,false,not_evaluated,none,0.0000,0.0000,none,false,false,false,0.0000,none,false,none,0.0000,false,none,0.0000,0.0000,0.0000,0.0000,false,none,0.0000,none,none,false,false,none,0.0000,0.0000,0.0000,0.0000,none,false,false,0.0000,0.0000,false,false,-1,none,none,false,0.000,0.000,95.11200000,95.07700000,95.07200000,wick_cluster_zone,0.01400000,0.0838,session_low|opening_range_low|neckline_level,95.07700000,0.1361,false,true,true,false,not_blocked,5,2,3,m5_failure_exit,off,none,0.00000000,0.0000,1.30,94.86900000,4.500,-0.300,0.200,PERIOD_M15,94.94200000,94.30600000,1.2264,outside,0.000,true,95.08600000,95.25300000,0.16700000,94.86900000,1.299,0.06614286,28.00,30-60,true,false,none,blocked_spread_too_high,4.600,4.600,none,0.0000,false,opposite_break_first,true,opposite_break_first,spread_too_high
2025.02.10 10:30:01,signal,session_reversal_pullback_one_symbol_first120,EURUSD,SHORT,2025.02.10 10:25:00,10,7,16,london,2025.02.10 07:00,25,first_120min,true,true,3,EURUSD,highest_score_in_session_bar,london=USDJPY|EURJPY|GBPJPY|AUDJPY|EURUSD|GBPUSD,existing_first120_gate,london,true,false,true,passed_first_window,double_top,neckline_break_retest,1.03178000,PERIOD_M5,PERIOD_H1,PERIOD_M15,PERIOD_M5,PERIOD_M5,false,htf_soft_alignment,current_post_filter,transcript_post_filter,dow_range_or_transition,structure_trend_bias_dow_trend_up_hh_hl,dow_range_or_transition,structure_trend_bias_dow_trend_up_hh_hl,false,false,true,SHORT,PERIOD_M5,double_top,double_top,4.200,none,0.000,double_top,4.200,none,0.000,SHORT,false,PERIOD_H1_NONE_dow_range_or_transition|PERIOD_M15_LONG_structure_trend_bias_dow_trend_up_hh_hl,true,h1_counter_m15_reversal,true,top_NONE_dow_range_or_transition|structure_LONG_structure_trend_bias_dow_trend_up_hh_hl|structure_break_recent_confirmed_swing_break_failed|primary_break_recent_confirmed_swing_break_failed,none,below_75sma_falling,below_75sma_falling,above_75sma_rising,-1,0.00000000,-1,0.00000000,false,off,NONE,NONE,0.00000000,0.00000000,0.0000,none,0.000,true,SHORT,return_low_break_or_bos_down,1.03114000,1,1.03249000,1.03114000,false,off,independent,false,,,false,0.0000,none,0.0000,0.0000,none,0.0000,0.0000,0.0000,none,0.0000,0,0,0.0000,none,none,none,none,0.0000,0,0.0000,none,false,true,not_evaluated,true,required_light_or_anchor_flip,bias_flip_down,1.03114000,2025.02.10 08:00:00,1.03377000,2025.02.07 22:00:00,2025.02.10 09:00:00,true,SHORT,1.03114000,1.03109000,0.0863,1,true,2025.02.10 10:00:00,1,SHORT,1.03114000,1.03109000,0.0863,0.2072,normal,2025.02.10 10:00:00,first_after_anchor,true,SHORT,1,1,1,true,false,fresh_0_4,true,false,false,true,none,true,required,true,PERIOD_M5,2025.02.10 10:05:00,2025.02.10 10:10:00,5,0.6677,true,1.03114000,0.6677,true,0.5216,true,m5_bos_down_after_anchor_retest,failed_close_back_inside,false,post_anchor_close_back_inside,true,required_first_signal_only,SHORT,unknown,0.00000000,,0.00000000,,false,,-1,false,NONE,0.00000000,,0.00000000,0.0000,0.0000,none,-1,false,false,false,insufficient_confirmed_m5_pivots,EURUSD|SHORT|1739181600|1.03114,,,false,false,false,-1,-1,-1,-1,-1,false,false,false,0.0000,rising_n,false,1.03249000,1.02791000,7.9063,true,0.2072,0.8800,0,normal,true,0.6667,deep_618_786,0.120,diagnostic_only,diagnostic_only,diagnostic_only,fib_pullback,5,0.360,true,none,0.510,high_quality,false,false,diagnostic_only,both,true,none,true,diagnostic_adjacent_detected,required_light,false,false,LONG,5,false,false,0,2025.02.10 08:10:00,2025.02.10 09:50:00,7,3.2757,0.00000000,1.03092000,1.03092000,false,false,none,0.00000000,false,0.0000,0.0000,false,1,0.0000,false,-1,0.00000000,0.0000,off,false,not_evaluated,none,0.0000,0.0000,none,false,false,false,0.0000,none,false,none,0.0000,false,none,1.2936,2.8167,0.4593,0.0000,true,strong_exhaustion,0.0000,none,none,false,false,none,0.0000,0.0000,0.0000,0.0000,none,false,false,0.0000,0.0000,false,false,-1,none,none,false,0.000,0.000,1.03178000,1.03152000,1.03152000,recent_rejection_zone,0.00007000,0.1373,neckline_level,1.03178000,0.3964,false,true,true,false,not_blocked,5,1,4,m5_failure_exit,off,none,0.00000000,0.0000,1.30,1.03093000,4.200,-0.300,0.200,PERIOD_M15,1.03249000,1.03114000,0.3333,outside,0.000,true,1.03159000,1.03210000,0.00051000,1.03093000,1.294,0.00047929,18.00,0-30,true,false,none,not_consumed,4.300,4.300,none,0.0000,false,opposite_break_first,true,opposite_break_first,spread_too_high
2025.02.10 10:30:01,blocked,session_reversal_pullback_one_symbol_first120,EURUSD,SHORT,2025.02.10 10:25:00,10,7,16,london,2025.02.10 07:00,25,first_120min,true,true,3,EURUSD,highest_score_in_session_bar,london=USDJPY|EURJPY|GBPJPY|AUDJPY|EURUSD|GBPUSD,existing_first120_gate,london,true,false,true,passed_first_window,double_top,neckline_break_retest,1.03178000,PERIOD_M5,PERIOD_H1,PERIOD_M15,PERIOD_M5,PERIOD_M5,false,htf_soft_alignment,current_post_filter,transcript_post_filter,dow_range_or_transition,structure_trend_bias_dow_trend_up_hh_hl,dow_range_or_transition,structure_trend_bias_dow_trend_up_hh_hl,false,false,true,SHORT,PERIOD_M5,double_top,double_top,4.200,none,0.000,double_top,4.200,none,0.000,SHORT,false,PERIOD_H1_NONE_dow_range_or_transition|PERIOD_M15_LONG_structure_trend_bias_dow_trend_up_hh_hl,true,h1_counter_m15_reversal,true,top_NONE_dow_range_or_transition|structure_LONG_structure_trend_bias_dow_trend_up_hh_hl|structure_break_recent_confirmed_swing_break_failed|primary_break_recent_confirmed_swing_break_failed,none,below_75sma_falling,below_75sma_falling,above_75sma_rising,-1,0.00000000,-1,0.00000000,false,off,NONE,NONE,0.00000000,0.00000000,0.0000,none,0.000,true,SHORT,return_low_break_or_bos_down,1.03114000,1,1.03249000,1.03114000,false,off,independent,false,,,false,0.0000,none,0.0000,0.0000,none,0.0000,0.0000,0.0000,none,0.0000,0,0,0.0000,none,none,none,none,0.0000,0,0.0000,none,false,true,not_evaluated,true,required_light_or_anchor_flip,bias_flip_down,1.03114000,2025.02.10 08:00:00,1.03377000,2025.02.07 22:00:00,2025.02.10 09:00:00,true,SHORT,1.03114000,1.03109000,0.0863,1,true,2025.02.10 10:00:00,1,SHORT,1.03114000,1.03109000,0.0863,0.2072,normal,2025.02.10 10:00:00,first_after_anchor,true,SHORT,1,1,1,true,false,fresh_0_4,true,false,false,true,none,true,required,true,PERIOD_M5,2025.02.10 10:05:00,2025.02.10 10:10:00,5,0.6677,true,1.03114000,0.6677,true,0.5216,true,m5_bos_down_after_anchor_retest,failed_close_back_inside,false,post_anchor_close_back_inside,true,required_first_signal_only,SHORT,unknown,0.00000000,,0.00000000,,false,,-1,false,NONE,0.00000000,,0.00000000,0.0000,0.0000,none,-1,false,false,false,insufficient_confirmed_m5_pivots,EURUSD|SHORT|1739181600|1.03114,,,false,false,false,-1,-1,-1,-1,-1,false,false,false,0.0000,rising_n,false,1.03249000,1.02791000,7.9063,true,0.2072,0.8800,0,normal,true,0.6667,deep_618_786,0.120,diagnostic_only,diagnostic_only,diagnostic_only,fib_pullback,5,0.360,true,none,0.510,high_quality,false,false,diagnostic_only,both,true,none,true,diagnostic_adjacent_detected,required_light,false,false,LONG,5,false,false,0,2025.02.10 08:10:00,2025.02.10 09:50:00,7,3.2757,0.00000000,1.03092000,1.03092000,false,false,none,0.00000000,false,0.0000,0.0000,false,1,0.0000,false,-1,0.00000000,0.0000,off,false,not_evaluated,none,0.0000,0.0000,none,false,false,false,0.0000,none,false,none,0.0000,false,none,1.2936,2.8167,0.4593,0.0000,true,strong_exhaustion,0.0000,none,none,false,false,none,0.0000,0.0000,0.0000,0.0000,none,false,false,0.0000,0.0000,false,false,-1,none,none,false,0.000,0.000,1.03178000,1.03152000,1.03152000,recent_rejection_zone,0.00007000,0.1373,neckline_level,1.03178000,0.3964,false,true,true,false,not_blocked,5,1,4,m5_failure_exit,off,none,0.00000000,0.0000,1.30,1.03093000,4.200,-0.300,0.200,PERIOD_M15,1.03249000,1.03114000,0.3333,outside,0.000,true,1.03159000,1.03210000,0.00051000,1.03093000,1.294,0.00047929,18.00,0-30,true,false,none,blocked_spread_too_high,4.300,4.300,none,0.0000,false,opposite_break_first,true,opposite_break_first,spread_too_high
2025.02.10 17:15:00,signal,session_reversal_pullback_one_symbol_first120,AUDJPY,LONG,2025.02.10 17:10:00,17,14,23,london_newyork_overlap,2025.02.10 13:00,70,first_120min,false,true,3,AUDJPY,highest_score_in_session_bar,london_newyork_overlap=USDJPY|EURJPY|GBPJPY|AUDJPY|EURUSD|GBPUSD,existing_first120_gate,london_newyork_overlap,false,false,true,passed_first_window,double_bottom,neckline_break_retest,95.25400000,PERIOD_M5,PERIOD_H1,PERIOD_M15,PERIOD_M5,PERIOD_M5,false,htf_soft_alignment,current_post_filter,transcript_post_filter,dow_trend_down_ll_lh,ordered_dow_wave3_break_below_swing_low,dow_trend_down_ll_lh,ordered_dow_wave3_break_below_swing_low,false,true,true,LONG,PERIOD_M5,double_bottom,double_bottom,4.200,none,0.000,double_bottom,4.200,none,0.000,LONG,false,PERIOD_H1_SHORT_dow_trend_down_ll_lh|PERIOD_M15_SHORT_ordered_dow_wave3_break_below_swing_low,true,h1_counter_m15_reversal,true,top_SHORT_dow_trend_down_ll_lh|structure_SHORT_ordered_dow_wave3_break_below_swing_low|structure_break_recent_confirmed_swing_break_failed|primary_break_no_recent_confirmed_swing_break,none,below_75sma_falling,above_75sma_rising,below_75sma_falling,-1,0.00000000,-1,0.00000000,false,off,NONE,NONE,0.00000000,0.00000000,0.0000,none,0.000,true,LONG,return_high_break_or_bos_up,95.40100000,6,95.66500000,95.19300000,false,off,independent,false,,,false,0.0000,none,0.0000,0.0000,none,0.0000,0.0000,0.0000,none,0.0000,0,0,0.0000,none,none,none,none,0.0000,0,0.0000,none,false,true,not_evaluated,true,required_light_or_anchor_flip,short_bias,95.50400000,2025.02.10 11:00:00,95.62200000,2025.02.10 12:45:00,2025.02.10 15:00:00,false,NONE,0.00000000,0.00000000,0.0000,-1,false,,-1,NONE,0.00000000,0.00000000,0.0000,0.0000,none,,none,false,NONE,-1,-1,-1,false,false,none,false,true,false,true,none,true,required,false,PERIOD_M5,,,-1,0.0000,false,0.00000000,0.0000,false,0.0000,false,none,none,false,no_anchor_flip_in_entry_direction,true,required_first_signal_only,LONG,unknown,0.00000000,,0.00000000,,false,,-1,false,NONE,0.00000000,,0.00000000,0.0000,0.0000,none,-1,false,false,false,no_anchor_flip_in_entry_direction,,,,false,false,false,-1,-1,-1,-1,-1,false,false,false,0.0000,falling_n,false,95.66500000,95.32800000,4.2505,false,0.0000,0.0000,0,none,true,0.7521,deep_618_786,0.120,diagnostic_only,diagnostic_only,diagnostic_only,shallow_pullback,24,0.370,true,none,0.520,high_quality,false,false,diagnostic_only,both,true,none,true,diagnostic_adjacent_detected,required_light,false,false,SHORT,7,false,false,2,2025.02.10 15:30:00,2025.02.10 16:30:00,8,3.6415,95.33200000,0.00000000,95.33200000,false,false,none,0.00000000,false,0.0000,0.0000,false,1,0.0000,false,-1,0.00000000,0.0000,off,false,not_evaluated,none,0.0000,0.0000,none,false,false,false,0.0000,none,false,none,0.0000,false,none,1.6604,1.6038,1.0353,2.0377,false,no_shrink,0.0000,none,none,false,false,none,0.0000,0.0000,0.0000,0.0000,none,false,false,0.0000,0.0000,false,false,-1,none,none,false,0.000,0.000,95.32800000,95.27555556,95.32800000,structure_confirmed_swing_low,0.01800000,0.1818,neckline_level,95.25400000,1.0566,false,true,false,false,not_blocked,6,6,0,m5_failure_exit,off,none,0.00000000,0.0000,1.30,95.43800000,4.200,-0.300,0.200,PERIOD_M15,95.43700000,95.32800000,1.1651,outside,0.000,true,95.31000000,95.21100000,0.09900000,95.43800000,1.293,0.05300000,28.00,60-90,true,false,none,not_consumed,4.300,4.300,none,0.0000,false,opposite_break_first,true,opposite_break_first,spread_too_high
2025.02.10 17:15:00,blocked,session_reversal_pullback_one_symbol_first120,AUDJPY,LONG,2025.02.10 17:10:00,17,14,23,london_newyork_overlap,2025.02.10 13:00,70,first_120min,false,true,3,AUDJPY,highest_score_in_session_bar,london_newyork_overlap=USDJPY|EURJPY|GBPJPY|AUDJPY|EURUSD|GBPUSD,existing_first120_gate,london_newyork_overlap,false,false,true,passed_first_window,double_bottom,neckline_break_retest,95.25400000,PERIOD_M5,PERIOD_H1,PERIOD_M15,PERIOD_M5,PERIOD_M5,false,htf_soft_alignment,current_post_filter,transcript_post_filter,dow_trend_down_ll_lh,ordered_dow_wave3_break_below_swing_low,dow_trend_down_ll_lh,ordered_dow_wave3_break_below_swing_low,false,true,true,LONG,PERIOD_M5,double_bottom,double_bottom,4.200,none,0.000,double_bottom,4.200,none,0.000,LONG,false,PERIOD_H1_SHORT_dow_trend_down_ll_lh|PERIOD_M15_SHORT_ordered_dow_wave3_break_below_swing_low,true,h1_counter_m15_reversal,true,top_SHORT_dow_trend_down_ll_lh|structure_SHORT_ordered_dow_wave3_break_below_swing_low|structure_break_recent_confirmed_swing_break_failed|primary_break_no_recent_confirmed_swing_break,none,below_75sma_falling,above_75sma_rising,below_75sma_falling,-1,0.00000000,-1,0.00000000,false,off,NONE,NONE,0.00000000,0.00000000,0.0000,none,0.000,true,LONG,return_high_break_or_bos_up,95.40100000,6,95.66500000,95.19300000,false,off,independent,false,,,false,0.0000,none,0.0000,0.0000,none,0.0000,0.0000,0.0000,none,0.0000,0,0,0.0000,none,none,none,none,0.0000,0,0.0000,none,false,true,not_evaluated,true,required_light_or_anchor_flip,short_bias,95.50400000,2025.02.10 11:00:00,95.62200000,2025.02.10 12:45:00,2025.02.10 15:00:00,false,NONE,0.00000000,0.00000000,0.0000,-1,false,,-1,NONE,0.00000000,0.00000000,0.0000,0.0000,none,,none,false,NONE,-1,-1,-1,false,false,none,false,true,false,true,none,true,required,false,PERIOD_M5,,,-1,0.0000,false,0.00000000,0.0000,false,0.0000,false,none,none,false,no_anchor_flip_in_entry_direction,true,required_first_signal_only,LONG,unknown,0.00000000,,0.00000000,,false,,-1,false,NONE,0.00000000,,0.00000000,0.0000,0.0000,none,-1,false,false,false,no_anchor_flip_in_entry_direction,,,,false,false,false,-1,-1,-1,-1,-1,false,false,false,0.0000,falling_n,false,95.66500000,95.32800000,4.2505,false,0.0000,0.0000,0,none,true,0.7521,deep_618_786,0.120,diagnostic_only,diagnostic_only,diagnostic_only,shallow_pullback,24,0.370,true,none,0.520,high_quality,false,false,diagnostic_only,both,true,none,true,diagnostic_adjacent_detected,required_light,false,false,SHORT,7,false,false,2,2025.02.10 15:30:00,2025.02.10 16:30:00,8,3.6415,95.33200000,0.00000000,95.33200000,false,false,none,0.00000000,false,0.0000,0.0000,false,1,0.0000,false,-1,0.00000000,0.0000,off,false,not_evaluated,none,0.0000,0.0000,none,false,false,false,0.0000,none,false,none,0.0000,false,none,1.6604,1.6038,1.0353,2.0377,false,no_shrink,0.0000,none,none,false,false,none,0.0000,0.0000,0.0000,0.0000,none,false,false,0.0000,0.0000,false,false,-1,none,none,false,0.000,0.000,95.32800000,95.27555556,95.32800000,structure_confirmed_swing_low,0.01800000,0.1818,neckline_level,95.25400000,1.0566,false,true,false,false,not_blocked,6,6,0,m5_failure_exit,off,none,0.00000000,0.0000,1.30,95.43800000,4.200,-0.300,0.200,PERIOD_M15,95.43700000,95.32800000,1.1651,outside,0.000,true,95.31000000,95.21100000,0.09900000,95.43800000,1.293,0.05300000,28.00,60-90,true,false,none,blocked_spread_too_high,4.300,4.300,none,0.0000,false,opposite_break_first,true,opposite_break_first,spread_too_high
2025.02.11 03:35:04,signal,session_reversal_pullback_one_symbol_first120,GBPJPY,LONG,2025.02.11 03:30:00,3,0,9,tokyo,2025.02.11 00:00,30,first_120min,true,true,3,GBPJPY,highest_score_in_session_bar,tokyo=USDJPY|EURJPY|GBPJPY|AUDJPY,existing_first120_gate,tokyo,false,false,true,passed_first_window,inverse_head_and_shoulders,neckline_break_retest,187.77500000,PERIOD_M5,PERIOD_H1,PERIOD_M15,PERIOD_M5,PERIOD_M5,false,htf_soft_alignment,current_post_filter,transcript_post_filter,dow_range_or_transition,structure_trend_bias_dow_trend_down_ll_lh,dow_range_or_transition,structure_trend_bias_dow_trend_down_ll_lh,false,true,true,LONG,PERIOD_M5,inverse_head_and_shoulders,inverse_head_and_shoulders,4.500,none,0.000,inverse_head_and_shoulders,4.500,none,0.000,LONG,false,PERIOD_H1_NONE_dow_range_or_transition|PERIOD_M15_SHORT_structure_trend_bias_dow_trend_down_ll_lh,true,h1_counter_m15_reversal,true,top_NONE_dow_range_or_transition|structure_SHORT_structure_trend_bias_dow_trend_down_ll_lh|structure_break_recent_confirmed_swing_break_failed|primary_break_recent_confirmed_swing_break_continuation,none,below_75sma_falling,below_75sma_falling,above_75sma_flat_or_falling,-1,0.00000000,0,187.68500000,false,off,NONE,NONE,0.00000000,0.00000000,0.0000,none,0.000,true,LONG,return_high_break_or_bos_up,187.96700000,21,187.95500000,187.40200000,false,off,independent,false,,,false,0.0000,none,0.0000,0.0000,none,0.0000,0.0000,0.0000,none,0.0000,0,0,0.0000,none,none,none,none,0.0000,0,0.0000,none,false,true,not_evaluated,true,required_light_or_anchor_flip,short_bias,187.75000000,2025.02.10 18:45:00,187.91900000,2025.02.11 01:00:00,2025.02.11 02:00:00,false,NONE,0.00000000,0.00000000,0.0000,-1,false,,-1,NONE,0.00000000,0.00000000,0.0000,0.0000,none,,none,false,NONE,-1,-1,-1,false,false,none,false,true,false,true,none,true,required,false,PERIOD_M5,,,-1,0.0000,false,0.00000000,0.0000,false,0.0000,false,none,none,false,no_anchor_flip_in_entry_direction,true,required_first_signal_only,LONG,unknown,0.00000000,,0.00000000,,false,,-1,false,NONE,0.00000000,,0.00000000,0.0000,0.0000,none,-1,false,false,false,no_anchor_flip_in_entry_direction,,,,false,false,false,-1,-1,-1,-1,-1,false,false,false,0.0000,falling_n,false,188.08000000,187.40200000,4.9879,false,0.0000,0.0000,0,none,true,0.3230,shallow_236_382,0.080,diagnostic_only,diagnostic_only,diagnostic_only,shallow_pullback,5,0.320,true,none,0.470,high_quality,false,false,diagnostic_only,both,true,none,true,diagnostic_adjacent_detected,required_light,false,false,SHORT,6,false,false,1,2025.02.11 01:00:00,2025.02.11 02:50:00,8,6.8802,187.68500000,0.00000000,187.68500000,true,true,m5_lh_close_break_up,187.68500000,true,0.2795,0.8783,true,1,0.0000,false,6,187.68500000,0.1331,off,false,not_evaluated,none,0.7300,0.2700,strong,true,false,false,0.0000,held_clean,true,favorable_side,0.5536,true,strong_retest,1.8897,6.8802,0.2747,0.0000,true,strong_exhaustion,0.0000,none,none,false,false,none,0.0000,0.0000,0.0000,0.0000,none,false,false,0.0000,0.0000,false,false,-1,none,none,false,0.000,0.000,187.87300000,187.84900000,187.87300000,failed_breakout_level,0.01200000,0.0574,neckline_level,187.77500000,1.1445,false,true,true,false,not_blocked,9,5,4,m5_failure_exit,off,none,0.00000000,0.0000,1.30,188.13200000,4.500,-0.300,0.200,PERIOD_M15,187.91900000,187.40200000,0.1122,outside,0.000,true,187.86100000,187.65200000,0.20900000,188.13200000,1.297,0.07514286,38.00,30-60,true,false,none,not_consumed,4.800,4.800,none,0.0000,false,neckline_retest_failed,false,not_invalidated,spread_too_high
2025.02.11 03:35:04,blocked,session_reversal_pullback_one_symbol_first120,GBPJPY,LONG,2025.02.11 03:30:00,3,0,9,tokyo,2025.02.11 00:00,30,first_120min,true,true,3,GBPJPY,highest_score_in_session_bar,tokyo=USDJPY|EURJPY|GBPJPY|AUDJPY,existing_first120_gate,tokyo,false,false,true,passed_first_window,inverse_head_and_shoulders,neckline_break_retest,187.77500000,PERIOD_M5,PERIOD_H1,PERIOD_M15,PERIOD_M5,PERIOD_M5,false,htf_soft_alignment,current_post_filter,transcript_post_filter,dow_range_or_transition,structure_trend_bias_dow_trend_down_ll_lh,dow_range_or_transition,structure_trend_bias_dow_trend_down_ll_lh,false,true,true,LONG,PERIOD_M5,inverse_head_and_shoulders,inverse_head_and_shoulders,4.500,none,0.000,inverse_head_and_shoulders,4.500,none,0.000,LONG,false,PERIOD_H1_NONE_dow_range_or_transition|PERIOD_M15_SHORT_structure_trend_bias_dow_trend_down_ll_lh,true,h1_counter_m15_reversal,true,top_NONE_dow_range_or_transition|structure_SHORT_structure_trend_bias_dow_trend_down_ll_lh|structure_break_recent_confirmed_swing_break_failed|primary_break_recent_confirmed_swing_break_continuation,none,below_75sma_falling,below_75sma_falling,above_75sma_flat_or_falling,-1,0.00000000,0,187.68500000,false,off,NONE,NONE,0.00000000,0.00000000,0.0000,none,0.000,true,LONG,return_high_break_or_bos_up,187.96700000,21,187.95500000,187.40200000,false,off,independent,false,,,false,0.0000,none,0.0000,0.0000,none,0.0000,0.0000,0.0000,none,0.0000,0,0,0.0000,none,none,none,none,0.0000,0,0.0000,none,false,true,not_evaluated,true,required_light_or_anchor_flip,short_bias,187.75000000,2025.02.10 18:45:00,187.91900000,2025.02.11 01:00:00,2025.02.11 02:00:00,false,NONE,0.00000000,0.00000000,0.0000,-1,false,,-1,NONE,0.00000000,0.00000000,0.0000,0.0000,none,,none,false,NONE,-1,-1,-1,false,false,none,false,true,false,true,none,true,required,false,PERIOD_M5,,,-1,0.0000,false,0.00000000,0.0000,false,0.0000,false,none,none,false,no_anchor_flip_in_entry_direction,true,required_first_signal_only,LONG,unknown,0.00000000,,0.00000000,,false,,-1,false,NONE,0.00000000,,0.00000000,0.0000,0.0000,none,-1,false,false,false,no_anchor_flip_in_entry_direction,,,,false,false,false,-1,-1,-1,-1,-1,false,false,false,0.0000,falling_n,false,188.08000000,187.40200000,4.9879,false,0.0000,0.0000,0,none,true,0.3230,shallow_236_382,0.080,diagnostic_only,diagnostic_only,diagnostic_only,shallow_pullback,5,0.320,true,none,0.470,high_quality,false,false,diagnostic_only,both,true,none,true,diagnostic_adjacent_detected,required_light,false,false,SHORT,6,false,false,1,2025.02.11 01:00:00,2025.02.11 02:50:00,8,6.8802,187.68500000,0.00000000,187.68500000,true,true,m5_lh_close_break_up,187.68500000,true,0.2795,0.8783,true,1,0.0000,false,6,187.68500000,0.1331,off,false,not_evaluated,none,0.7300,0.2700,strong,true,false,false,0.0000,held_clean,true,favorable_side,0.5536,true,strong_retest,1.8897,6.8802,0.2747,0.0000,true,strong_exhaustion,0.0000,none,none,false,false,none,0.0000,0.0000,0.0000,0.0000,none,false,false,0.0000,0.0000,false,false,-1,none,none,false,0.000,0.000,187.87300000,187.84900000,187.87300000,failed_breakout_level,0.01200000,0.0574,neckline_level,187.77500000,1.1445,false,true,true,false,not_blocked,9,5,4,m5_failure_exit,off,none,0.00000000,0.0000,1.30,188.13200000,4.500,-0.300,0.200,PERIOD_M15,187.91900000,187.40200000,0.1122,outside,0.000,true,187.86100000,187.65200000,0.20900000,188.13200000,1.297,0.07514286,38.00,30-60,true,false,none,blocked_spread_too_high,4.800,4.800,none,0.0000,false,neckline_retest_failed,false,not_invalidated,spread_too_high
2025.02.11 10:05:00,signal,session_reversal_pullback_one_symbol_first120,USDJPY,LONG,2025.02.11 10:00:00,10,7,16,london,2025.02.11 07:00,0,first_120min,true,true,3,USDJPY,highest_score_in_session_bar,london=USDJPY|EURJPY|GBPJPY|AUDJPY|EURUSD|GBPUSD,existing_first120_gate,london,false,false,true,passed_first_window,double_bottom,neckline_break_retest,151.93100000,PERIOD_M5,PERIOD_H1,PERIOD_M15,PERIOD_M5,PERIOD_M5,false,htf_soft_alignment,current_post_filter,transcript_post_filter,dow_range_or_transition,structure_trend_bias_dow_trend_down_ll_lh,dow_range_or_transition,structure_trend_bias_dow_trend_down_ll_lh,false,true,false,LONG,PERIOD_M5,double_bottom,double_bottom,4.200,none,0.000,double_bottom,4.200,none,0.000,LONG,false,PERIOD_H1_NONE_dow_range_or_transition|PERIOD_M15_SHORT_structure_trend_bias_dow_trend_down_ll_lh,true,h1_counter_m15_reversal,true,top_NONE_dow_range_or_transition|structure_SHORT_structure_trend_bias_dow_trend_down_ll_lh|structure_break_recent_confirmed_swing_break_failed|primary_break_recent_confirmed_swing_break_failed,none,above_75sma_flat_or_falling,above_75sma_flat_or_falling,below_75sma_falling,-1,0.00000000,-1,0.00000000,false,off,NONE,NONE,0.00000000,0.00000000,0.0000,none,0.000,true,LONG,return_high_break_or_bos_up,151.99800000,13,152.04000000,151.82600000,false,off,independent,false,,,false,0.0000,none,0.0000,0.0000,none,0.0000,0.0000,0.0000,none,0.0000,0,0,0.0000,none,none,none,none,0.0000,0,0.0000,none,false,true,not_evaluated,true,required_light_or_anchor_flip,short_bias,151.67600000,2025.02.11 02:00:00,152.04000000,2025.02.11 05:15:00,2025.02.11 08:00:00,false,NONE,0.00000000,0.00000000,0.0000,-1,false,,-1,NONE,0.00000000,0.00000000,0.0000,0.0000,none,,none,false,NONE,-1,-1,-1,false,false,none,false,true,false,true,none,true,required,false,PERIOD_M5,,,-1,0.0000,false,0.00000000,0.0000,false,0.0000,false,none,none,false,no_anchor_flip_in_entry_direction,true,required_first_signal_only,LONG,unknown,0.00000000,,0.00000000,,false,,-1,false,NONE,0.00000000,,0.00000000,0.0000,0.0000,none,-1,false,false,false,no_anchor_flip_in_entry_direction,,,,false,false,false,-1,-1,-1,-1,-1,false,false,false,0.0000,falling_n,false,152.05300000,151.67600000,5.9841,false,0.0000,0.0000,0,none,true,0.3598,shallow_236_382,0.080,diagnostic_only,diagnostic_only,diagnostic_only,fib_pullback,7,0.320,true,none,0.470,high_quality,false,false,diagnostic_only,both,true,none,true,diagnostic_adjacent_detected,required_light,false,false,SHORT,5,false,false,1,2025.02.11 08:35:00,2025.02.11 09:20:00,8,2.2465,151.99000000,0.00000000,151.99000000,false,false,none,0.00000000,false,0.0000,0.0000,false,1,0.0000,false,-1,0.00000000,0.0000,off,false,not_evaluated,none,0.0000,0.0000,none,false,false,false,0.0000,none,false,none,0.0000,false,none,2.2465,1.6714,1.3441,0.4313,false,no_shrink,0.0000,none,none,false,false,none,0.0000,0.0000,0.0000,0.0000,none,false,false,0.0000,0.0000,false,false,-1,none,none,false,0.000,0.000,151.97100000,151.93100000,151.98200000,failed_breakout_level,0.01900000,0.2135,session_high|opening_range_high|neckline_level,151.97100000,0.1438,false,true,true,false,not_blocked,7,4,3,m5_failure_exit,off,none,0.00000000,0.0000,1.30,152.07900000,4.200,-0.300,0.200,PERIOD_M15,152.04000000,151.82600000,0.3598,outside,0.000,true,151.96300000,151.87400000,0.08900000,152.07900000,1.303,0.05564286,16.00,0-30,true,false,none,not_consumed,4.300,4.300,none,0.0000,false,neckline_retest_failed,false,not_invalidated,spread_too_high
2025.02.11 10:05:00,blocked,session_reversal_pullback_one_symbol_first120,USDJPY,LONG,2025.02.11 10:00:00,10,7,16,london,2025.02.11 07:00,0,first_120min,true,true,3,USDJPY,highest_score_in_session_bar,london=USDJPY|EURJPY|GBPJPY|AUDJPY|EURUSD|GBPUSD,existing_first120_gate,london,false,false,true,passed_first_window,double_bottom,neckline_break_retest,151.93100000,PERIOD_M5,PERIOD_H1,PERIOD_M15,PERIOD_M5,PERIOD_M5,false,htf_soft_alignment,current_post_filter,transcript_post_filter,dow_range_or_transition,structure_trend_bias_dow_trend_down_ll_lh,dow_range_or_transition,structure_trend_bias_dow_trend_down_ll_lh,false,true,false,LONG,PERIOD_M5,double_bottom,double_bottom,4.200,none,0.000,double_bottom,4.200,none,0.000,LONG,false,PERIOD_H1_NONE_dow_range_or_transition|PERIOD_M15_SHORT_structure_trend_bias_dow_trend_down_ll_lh,true,h1_counter_m15_reversal,true,top_NONE_dow_range_or_transition|structure_SHORT_structure_trend_bias_dow_trend_down_ll_lh|structure_break_recent_confirmed_swing_break_failed|primary_break_recent_confirmed_swing_break_failed,none,above_75sma_flat_or_falling,above_75sma_flat_or_falling,below_75sma_falling,-1,0.00000000,-1,0.00000000,false,off,NONE,NONE,0.00000000,0.00000000,0.0000,none,0.000,true,LONG,return_high_break_or_bos_up,151.99800000,13,152.04000000,151.82600000,false,off,independent,false,,,false,0.0000,none,0.0000,0.0000,none,0.0000,0.0000,0.0000,none,0.0000,0,0,0.0000,none,none,none,none,0.0000,0,0.0000,none,false,true,not_evaluated,true,required_light_or_anchor_flip,short_bias,151.67600000,2025.02.11 02:00:00,152.04000000,2025.02.11 05:15:00,2025.02.11 08:00:00,false,NONE,0.00000000,0.00000000,0.0000,-1,false,,-1,NONE,0.00000000,0.00000000,0.0000,0.0000,none,,none,false,NONE,-1,-1,-1,false,false,none,false,true,false,true,none,true,required,false,PERIOD_M5,,,-1,0.0000,false,0.00000000,0.0000,false,0.0000,false,none,none,false,no_anchor_flip_in_entry_direction,true,required_first_signal_only,LONG,unknown,0.00000000,,0.00000000,,false,,-1,false,NONE,0.00000000,,0.00000000,0.0000,0.0000,none,-1,false,false,false,no_anchor_flip_in_entry_direction,,,,false,false,false,-1,-1,-1,-1,-1,false,false,false,0.0000,falling_n,false,152.05300000,151.67600000,5.9841,false,0.0000,0.0000,0,none,true,0.3598,shallow_236_382,0.080,diagnostic_only,diagnostic_only,diagnostic_only,fib_pullback,7,0.320,true,none,0.470,high_quality,false,false,diagnostic_only,both,true,none,true,diagnostic_adjacent_detected,required_light,false,false,SHORT,5,false,false,1,2025.02.11 08:35:00,2025.02.11 09:20:00,8,2.2465,151.99000000,0.00000000,151.99000000,false,false,none,0.00000000,false,0.0000,0.0000,false,1,0.0000,false,-1,0.00000000,0.0000,off,false,not_evaluated,none,0.0000,0.0000,none,false,false,false,0.0000,none,false,none,0.0000,false,none,2.2465,1.6714,1.3441,0.4313,false,no_shrink,0.0000,none,none,false,false,none,0.0000,0.0000,0.0000,0.0000,none,false,false,0.0000,0.0000,false,false,-1,none,none,false,0.000,0.000,151.97100000,151.93100000,151.98200000,failed_breakout_level,0.01900000,0.2135,session_high|opening_range_high|neckline_level,151.97100000,0.1438,false,true,true,false,not_blocked,7,4,3,m5_failure_exit,off,none,0.00000000,0.0000,1.30,152.07900000,4.200,-0.300,0.200,PERIOD_M15,152.04000000,151.82600000,0.3598,outside,0.000,true,151.96300000,151.87400000,0.08900000,152.07900000,1.303,0.05564286,16.00,0-30,true,false,none,blocked_spread_too_high,4.300,4.300,none,0.0000,false,neckline_retest_failed,false,not_invalidated,spread_too_high
2025.02.11 19:05:00,signal,session_reversal_pullback_one_symbol_first120,USDJPY,LONG,2025.02.11 19:00:00,19,16,1,new_york,2025.02.11 16:00,0,first_120min,true,true,3,USDJPY,highest_score_in_session_bar,new_york=USDJPY|EURJPY|GBPJPY|AUDJPY|EURUSD|GBPUSD,existing_first120_gate,new_york,false,false,true,passed_first_window,inverse_head_and_shoulders,neckline_break_retest,152.35000000,PERIOD_M5,PERIOD_H1,PERIOD_M15,PERIOD_M5,PERIOD_M5,false,htf_soft_alignment,current_post_filter,transcript_post_filter,dow_trend_down_ll_lh,structure_trend_bias_dow_trend_up_hh_hl,dow_trend_down_ll_lh,structure_trend_bias_dow_trend_up_hh_hl,false,true,true,LONG,PERIOD_M5,inverse_head_and_shoulders,inverse_head_and_shoulders,4.500,none,0.000,inverse_head_and_shoulders,4.500,none,0.000,LONG,false,PERIOD_H1_SHORT_dow_trend_down_ll_lh|PERIOD_M15_LONG_structure_trend_bias_dow_trend_up_hh_hl,true,h1_counter_m15_reversal,true,top_SHORT_dow_trend_down_ll_lh|structure_LONG_structure_trend_bias_dow_trend_up_hh_hl|structure_break_recent_confirmed_swing_break_failed|primary_break_recent_confirmed_swing_break_retest,none,above_75sma_flat_or_falling,above_75sma_rising,above_75sma_rising,-1,0.00000000,0,152.36800000,false,off,NONE,NONE,0.00000000,0.00000000,0.0000,none,0.000,true,LONG,return_high_break_or_bos_up,152.50300000,5,152.58900000,152.06700000,false,off,independent,false,,,false,0.0000,none,0.0000,0.0000,none,0.0000,0.0000,0.0000,none,0.0000,0,0,0.0000,none,none,none,none,0.0000,0,0.0000,none,false,true,not_evaluated,true,required_light_or_anchor_flip,long_bias,152.22300000,2025.02.11 16:45:00,152.09100000,2025.02.11 10:00:00,2025.02.11 17:30:00,false,NONE,0.00000000,0.00000000,0.0000,-1,false,,-1,NONE,0.00000000,0.00000000,0.0000,0.0000,none,,none,false,NONE,-1,-1,-1,false,false,none,true,false,false,true,none,true,required,false,PERIOD_M5,,,-1,0.0000,false,0.00000000,0.0000,false,0.0000,false,none,none,false,no_anchor_flip_in_entry_direction,true,required_first_signal_only,LONG,unknown,0.00000000,,0.00000000,,false,,-1,false,NONE,0.00000000,,0.00000000,0.0000,0.0000,none,-1,false,false,false,no_anchor_flip_in_entry_direction,,,,false,false,false,-1,-1,-1,-1,-1,false,false,false,0.0000,rising_n,false,152.58900000,151.64100000,6.7645,false,0.0000,0.0000,0,none,true,0.3640,shallow_236_382,0.080,diagnostic_only,diagnostic_only,diagnostic_only,shallow_pullback,24,0.280,true,none,0.430,high_quality,false,false,diagnostic_only,both,true,none,true,diagnostic_adjacent_detected,required_light,false,false,SHORT,5,false,false,0,2025.02.11 16:25:00,2025.02.11 18:15:00,9,5.6246,152.58900000,0.00000000,152.58900000,false,false,none,0.00000000,false,0.0000,0.0000,false,1,0.0000,false,-1,0.00000000,0.0000,off,false,not_evaluated,none,0.0000,0.0000,none,false,false,false,0.0000,none,false,none,0.0000,false,none,5.3480,3.5807,1.4936,0.0000,true,strong_exhaustion,0.0000,none,none,false,false,none,0.0000,0.0000,0.0000,0.0000,none,false,false,0.0000,0.0000,false,false,-1,none,none,false,0.000,0.000,152.40100000,152.36000000,152.45600000,failed_breakout_level,0.05700000,0.4101,session_high|opening_range_high|neckline_level,152.40100000,0.0307,false,true,true,false,not_blocked,4,3,1,m5_failure_exit,off,none,0.00000000,0.0000,1.30,152.57900000,4.500,-0.300,0.200,PERIOD_M15,152.58900000,152.22300000,0.5191,preferred_382_618,0.000,true,152.39900000,152.26000000,0.13900000,152.57900000,1.295,0.06507143,16.00,0-30,true,false,none,not_consumed,4.800,4.800,none,0.0000,false,neckline_retest_failed,false,not_invalidated,spread_too_high
2025.02.11 19:05:00,blocked,session_reversal_pullback_one_symbol_first120,USDJPY,LONG,2025.02.11 19:00:00,19,16,1,new_york,2025.02.11 16:00,0,first_120min,true,true,3,USDJPY,highest_score_in_session_bar,new_york=USDJPY|EURJPY|GBPJPY|AUDJPY|EURUSD|GBPUSD,existing_first120_gate,new_york,false,false,true,passed_first_window,inverse_head_and_shoulders,neckline_break_retest,152.35000000,PERIOD_M5,PERIOD_H1,PERIOD_M15,PERIOD_M5,PERIOD_M5,false,htf_soft_alignment,current_post_filter,transcript_post_filter,dow_trend_down_ll_lh,structure_trend_bias_dow_trend_up_hh_hl,dow_trend_down_ll_lh,structure_trend_bias_dow_trend_up_hh_hl,false,true,true,LONG,PERIOD_M5,inverse_head_and_shoulders,inverse_head_and_shoulders,4.500,none,0.000,inverse_head_and_shoulders,4.500,none,0.000,LONG,false,PERIOD_H1_SHORT_dow_trend_down_ll_lh|PERIOD_M15_LONG_structure_trend_bias_dow_trend_up_hh_hl,true,h1_counter_m15_reversal,true,top_SHORT_dow_trend_down_ll_lh|structure_LONG_structure_trend_bias_dow_trend_up_hh_hl|structure_break_recent_confirmed_swing_break_failed|primary_break_recent_confirmed_swing_break_retest,none,above_75sma_flat_or_falling,above_75sma_rising,above_75sma_rising,-1,0.00000000,0,152.36800000,false,off,NONE,NONE,0.00000000,0.00000000,0.0000,none,0.000,true,LONG,return_high_break_or_bos_up,152.50300000,5,152.58900000,152.06700000,false,off,independent,false,,,false,0.0000,none,0.0000,0.0000,none,0.0000,0.0000,0.0000,none,0.0000,0,0,0.0000,none,none,none,none,0.0000,0,0.0000,none,false,true,not_evaluated,true,required_light_or_anchor_flip,long_bias,152.22300000,2025.02.11 16:45:00,152.09100000,2025.02.11 10:00:00,2025.02.11 17:30:00,false,NONE,0.00000000,0.00000000,0.0000,-1,false,,-1,NONE,0.00000000,0.00000000,0.0000,0.0000,none,,none,false,NONE,-1,-1,-1,false,false,none,true,false,false,true,none,true,required,false,PERIOD_M5,,,-1,0.0000,false,0.00000000,0.0000,false,0.0000,false,none,none,false,no_anchor_flip_in_entry_direction,true,required_first_signal_only,LONG,unknown,0.00000000,,0.00000000,,false,,-1,false,NONE,0.00000000,,0.00000000,0.0000,0.0000,none,-1,false,false,false,no_anchor_flip_in_entry_direction,,,,false,false,false,-1,-1,-1,-1,-1,false,false,false,0.0000,rising_n,false,152.58900000,151.64100000,6.7645,false,0.0000,0.0000,0,none,true,0.3640,shallow_236_382,0.080,diagnostic_only,diagnostic_only,diagnostic_only,shallow_pullback,24,0.280,true,none,0.430,high_quality,false,false,diagnostic_only,both,true,none,true,diagnostic_adjacent_detected,required_light,false,false,SHORT,5,false,false,0,2025.02.11 16:25:00,2025.02.11 18:15:00,9,5.6246,152.58900000,0.00000000,152.58900000,false,false,none,0.00000000,false,0.0000,0.0000,false,1,0.0000,false,-1,0.00000000,0.0000,off,false,not_evaluated,none,0.0000,0.0000,none,false,false,false,0.0000,none,false,none,0.0000,false,none,5.3480,3.5807,1.4936,0.0000,true,strong_exhaustion,0.0000,none,none,false,false,none,0.0000,0.0000,0.0000,0.0000,none,false,false,0.0000,0.0000,false,false,-1,none,none,false,0.000,0.000,152.40100000,152.36000000,152.45600000,failed_breakout_level,0.05700000,0.4101,session_high|opening_range_high|neckline_level,152.40100000,0.0307,false,true,true,false,not_blocked,4,3,1,m5_failure_exit,off,none,0.00000000,0.0000,1.30,152.57900000,4.500,-0.300,0.200,PERIOD_M15,152.58900000,152.22300000,0.5191,preferred_382_618,0.000,true,152.39900000,152.26000000,0.13900000,152.57900000,1.295,0.06507143,16.00,0-30,true,false,none,blocked_spread_too_high,4.800,4.800,none,0.0000,false,neckline_retest_failed,false,not_invalidated,spread_too_high
2025.02.12 10:30:00,signal,session_reversal_pullback_one_symbol_first120,USDJPY,SHORT,2025.02.12 10:25:00,10,7,16,london,2025.02.12 07:00,25,first_120min,true,true,3,USDJPY,highest_score_in_session_bar,london=USDJPY|EURJPY|GBPJPY|AUDJPY|EURUSD|GBPUSD,existing_first120_gate,london,false,false,true,passed_first_window,double_top,neckline_break_retest,153.59900000,PERIOD_M5,PERIOD_H1,PERIOD_M15,PERIOD_M5,PERIOD_M5,false,htf_soft_alignment,current_post_filter,transcript_post_filter,dow_range_or_transition,no_ordered_dow_wave3_break,dow_range_or_transition,no_ordered_dow_wave3_break,false,false,true,SHORT,PERIOD_M5,double_top,double_top,4.200,none,0.000,double_top,4.200,none,0.000,SHORT,false,PERIOD_H1_NONE_dow_range_or_transition|PERIOD_M15_NONE_no_ordered_dow_wave3_break,true,h1_counter_m15_reversal,true,top_NONE_dow_range_or_transition|structure_NONE_no_ordered_dow_wave3_break|structure_break_recent_confirmed_swing_break_failed|primary_break_recent_confirmed_swing_break_retest,none,above_75sma_rising,above_75sma_rising,below_75sma_flat_or_rising,-1,0.00000000,8,153.53800000,false,off,NONE,NONE,0.00000000,0.00000000,0.0000,none,0.000,true,SHORT,return_low_break_or_bos_down,153.49800000,3,153.69900000,153.49800000,false,off,independent,false,,,false,0.0000,none,0.0000,0.0000,none,0.0000,0.0000,0.0000,none,0.0000,0,0,0.0000,none,none,none,none,0.0000,0,0.0000,none,false,true,not_evaluated,true,required_light_or_anchor_flip,short_bias,153.35200000,2025.02.12 04:30:00,153.69900000,2025.02.12 08:30:00,2025.02.12 09:30:00,false,NONE,0.00000000,0.00000000,0.0000,-1,false,,-1,NONE,0.00000000,0.00000000,0.0000,0.0000,none,,none,false,NONE,-1,-1,-1,false,false,none,true,false,false,true,none,true,required,false,PERIOD_M5,,,-1,0.0000,false,0.00000000,0.0000,false,0.0000,false,none,none,false,no_anchor_flip_in_entry_direction,true,required_first_signal_only,SHORT,unknown,0.00000000,,0.00000000,,false,,-1,false,NONE,0.00000000,,0.00000000,0.0000,0.0000,none,-1,false,false,false,no_anchor_flip_in_entry_direction,,,,false,false,false,-1,-1,-1,-1,-1,false,false,false,0.0000,falling_n,false,153.72800000,153.35200000,2.7218,false,0.0000,0.0000,0,none,true,0.4114,preferred_382_618,0.200,diagnostic_only,diagnostic_only,diagnostic_only,shallow_pullback,7,0.440,true,none,0.590,high_quality,false,false,diagnostic_only,both,true,none,true,diagnostic_adjacent_detected,required_light,false,false,LONG,6,false,false,1,2025.02.12 09:00:00,2025.02.12 10:00:00,5,4.3984,0.00000000,153.40700000,153.40700000,false,false,none,0.00000000,false,0.0000,0.0000,false,1,0.0000,false,-1,0.00000000,0.0000,off,false,not_evaluated,none,0.0000,0.0000,none,false,false,false,0.0000,none,false,none,0.0000,false,none,4.3984,1.1417,3.8525,2.0307,false,no_shrink,0.0000,none,none,false,false,none,0.0000,0.0000,0.0000,0.0000,none,false,false,0.0000,0.0000,false,false,-1,none,none,false,0.000,0.000,153.58114286,153.51100000,153.51100000,session_low,0.05700000,0.4419,neckline_level,153.59900000,0.2901,false,true,true,false,not_blocked,6,5,1,m5_failure_exit,off,none,0.00000000,0.0000,1.30,153.40000000,4.200,-0.300,0.200,PERIOD_M15,153.69900000,153.49800000,0.3483,outside,0.000,true,153.56800000,153.69700000,0.12900000,153.40000000,1.302,0.10685714,21.00,0-30,true,false,none,not_consumed,4.500,4.500,none,0.0000,false,opposite_break_first,true,opposite_break_first,session_invalidated
2025.02.12 10:30:00,blocked,session_reversal_pullback_one_symbol_first120,USDJPY,SHORT,2025.02.12 10:25:00,10,7,16,london,2025.02.12 07:00,25,first_120min,true,true,3,USDJPY,highest_score_in_session_bar,london=USDJPY|EURJPY|GBPJPY|AUDJPY|EURUSD|GBPUSD,existing_first120_gate,london,false,false,true,passed_first_window,double_top,neckline_break_retest,153.59900000,PERIOD_M5,PERIOD_H1,PERIOD_M15,PERIOD_M5,PERIOD_M5,false,htf_soft_alignment,current_post_filter,transcript_post_filter,dow_range_or_transition,no_ordered_dow_wave3_break,dow_range_or_transition,no_ordered_dow_wave3_break,false,false,true,SHORT,PERIOD_M5,double_top,double_top,4.200,none,0.000,double_top,4.200,none,0.000,SHORT,false,PERIOD_H1_NONE_dow_range_or_transition|PERIOD_M15_NONE_no_ordered_dow_wave3_break,true,h1_counter_m15_reversal,true,top_NONE_dow_range_or_transition|structure_NONE_no_ordered_dow_wave3_break|structure_break_recent_confirmed_swing_break_failed|primary_break_recent_confirmed_swing_break_retest,none,above_75sma_rising,above_75sma_rising,below_75sma_flat_or_rising,-1,0.00000000,8,153.53800000,false,off,NONE,NONE,0.00000000,0.00000000,0.0000,none,0.000,true,SHORT,return_low_break_or_bos_down,153.49800000,3,153.69900000,153.49800000,false,off,independent,false,,,false,0.0000,none,0.0000,0.0000,none,0.0000,0.0000,0.0000,none,0.0000,0,0,0.0000,none,none,none,none,0.0000,0,0.0000,none,false,true,not_evaluated,true,required_light_or_anchor_flip,short_bias,153.35200000,2025.02.12 04:30:00,153.69900000,2025.02.12 08:30:00,2025.02.12 09:30:00,false,NONE,0.00000000,0.00000000,0.0000,-1,false,,-1,NONE,0.00000000,0.00000000,0.0000,0.0000,none,,none,false,NONE,-1,-1,-1,false,false,none,true,false,false,true,none,true,required,false,PERIOD_M5,,,-1,0.0000,false,0.00000000,0.0000,false,0.0000,false,none,none,false,no_anchor_flip_in_entry_direction,true,required_first_signal_only,SHORT,unknown,0.00000000,,0.00000000,,false,,-1,false,NONE,0.00000000,,0.00000000,0.0000,0.0000,none,-1,false,false,false,no_anchor_flip_in_entry_direction,,,,false,false,false,-1,-1,-1,-1,-1,false,false,false,0.0000,falling_n,false,153.72800000,153.35200000,2.7218,false,0.0000,0.0000,0,none,true,0.4114,preferred_382_618,0.200,diagnostic_only,diagnostic_only,diagnostic_only,shallow_pullback,7,0.440,true,none,0.590,high_quality,false,false,diagnostic_only,both,true,none,true,diagnostic_adjacent_detected,required_light,false,false,LONG,6,false,false,1,2025.02.12 09:00:00,2025.02.12 10:00:00,5,4.3984,0.00000000,153.40700000,153.40700000,false,false,none,0.00000000,false,0.0000,0.0000,false,1,0.0000,false,-1,0.00000000,0.0000,off,false,not_evaluated,none,0.0000,0.0000,none,false,false,false,0.0000,none,false,none,0.0000,false,none,4.3984,1.1417,3.8525,2.0307,false,no_shrink,0.0000,none,none,false,false,none,0.0000,0.0000,0.0000,0.0000,none,false,false,0.0000,0.0000,false,false,-1,none,none,false,0.000,0.000,153.58114286,153.51100000,153.51100000,session_low,0.05700000,0.4419,neckline_level,153.59900000,0.2901,false,true,true,false,not_blocked,6,5,1,m5_failure_exit,off,none,0.00000000,0.0000,1.30,153.40000000,4.200,-0.300,0.200,PERIOD_M15,153.69900000,153.49800000,0.3483,outside,0.000,true,153.56800000,153.69700000,0.12900000,153.40000000,1.302,0.10685714,21.00,0-30,true,false,none,blocked_session_invalidated,4.500,4.500,none,0.0000,false,opposite_break_first,true,opposite_break_first,session_invalidated
2025.02.13 19:05:00,signal,session_reversal_pullback_one_symbol_first120,AUDJPY,SHORT,2025.02.13 19:00:00,19,16,1,new_york,2025.02.13 16:00,0,first_120min,true,true,3,AUDJPY,highest_score_in_session_bar,new_york=USDJPY|EURJPY|GBPJPY|AUDJPY|EURUSD|GBPUSD,existing_first120_gate,new_york,false,false,true,passed_first_window,double_top,neckline_break_retest,96.36300000,PERIOD_M5,PERIOD_H1,PERIOD_M15,PERIOD_M5,PERIOD_M5,false,htf_soft_alignment,current_post_filter,transcript_post_filter,dow_range_or_transition,no_ordered_dow_wave3_break,dow_range_or_transition,no_ordered_dow_wave3_break,false,false,true,SHORT,PERIOD_M5,double_top,double_top,4.200,none,0.000,double_top,4.200,none,0.000,SHORT,false,PERIOD_H1_NONE_dow_range_or_transition|PERIOD_M15_NONE_no_ordered_dow_wave3_break,true,h1_counter_m15_reversal,true,top_NONE_dow_range_or_transition|structure_NONE_no_ordered_dow_wave3_break|structure_break_recent_confirmed_swing_break_failed|primary_break_recent_confirmed_swing_break_retest,none,above_75sma_rising,below_75sma_falling,above_75sma_flat_or_falling,-1,0.00000000,0,96.35900000,false,off,NONE,NONE,0.00000000,0.00000000,0.0000,none,0.000,true,SHORT,return_low_break_or_bos_down,96.22300000,9,96.62600000,95.98800000,false,off,independent,false,,,false,0.0000,none,0.0000,0.0000,none,0.0000,0.0000,0.0000,none,0.0000,0,0,0.0000,none,none,none,none,0.0000,0,0.0000,none,false,true,not_evaluated,true,required_light_or_anchor_flip,long_bias,95.98800000,2025.02.13 16:30:00,96.36000000,2025.02.13 15:30:00,2025.02.13 17:00:00,false,NONE,0.00000000,0.00000000,0.0000,-1,false,,-1,NONE,0.00000000,0.00000000,0.0000,0.0000,none,,none,false,NONE,-1,-1,-1,false,false,none,false,true,false,true,none,true,required,false,PERIOD_M5,,,-1,0.0000,false,0.00000000,0.0000,false,0.0000,false,none,none,false,no_anchor_flip_in_entry_direction,true,required_first_signal_only,SHORT,unknown,0.00000000,,0.00000000,,false,,-1,false,NONE,0.00000000,,0.00000000,0.0000,0.0000,none,-1,false,false,false,no_anchor_flip_in_entry_direction,,,,false,false,false,-1,-1,-1,-1,-1,false,false,false,0.0000,range_n,true,96.62600000,95.98800000,4.4727,false,0.0000,0.0000,0,none,true,0.5564,preferred_382_618,0.200,diagnostic_only,diagnostic_only,diagnostic_only,shallow_pullback,7,0.440,true,none,0.590,high_quality,false,false,diagnostic_only,both,true,none,true,diagnostic_adjacent_detected,required_light,false,false,LONG,4,false,false,1,2025.02.13 16:35:00,2025.02.13 18:20:00,8,12.2022,0.00000000,96.35900000,96.35900000,true,true,m5_hl_close_break_down,96.35900000,true,0.1530,1.4536,true,1,0.0000,true,7,96.35900000,0.0000,off,false,not_evaluated,none,0.9462,0.0538,strong,true,false,false,0.0000,held_clean,true,favorable_side,0.1364,false,clean_retest,1.7596,12.2022,0.1442,0.0000,true,strong_exhaustion,0.0000,none,none,false,false,none,0.0000,0.0000,0.0000,0.0000,none,false,false,0.0000,0.0000,false,false,-1,none,none,false,0.000,0.000,96.35900000,96.34100000,96.34100000,recent_rejection_zone,0.00200000,0.0190,neckline_level,96.36300000,0.3825,false,true,true,false,not_blocked,7,4,3,m5_failure_exit,off,none,0.00000000,0.0000,1.30,96.20600000,4.200,-0.300,0.200,PERIOD_M15,96.62600000,95.98800000,0.5564,preferred_382_618,0.000,true,96.34300000,96.44800000,0.10500000,96.20600000,1.305,0.05228571,28.00,0-30,true,false,none,not_consumed,4.500,4.500,none,0.0000,false,neckline_retest_failed,false,not_invalidated,spread_too_high
2025.02.13 19:05:00,blocked,session_reversal_pullback_one_symbol_first120,AUDJPY,SHORT,2025.02.13 19:00:00,19,16,1,new_york,2025.02.13 16:00,0,first_120min,true,true,3,AUDJPY,highest_score_in_session_bar,new_york=USDJPY|EURJPY|GBPJPY|AUDJPY|EURUSD|GBPUSD,existing_first120_gate,new_york,false,false,true,passed_first_window,double_top,neckline_break_retest,96.36300000,PERIOD_M5,PERIOD_H1,PERIOD_M15,PERIOD_M5,PERIOD_M5,false,htf_soft_alignment,current_post_filter,transcript_post_filter,dow_range_or_transition,no_ordered_dow_wave3_break,dow_range_or_transition,no_ordered_dow_wave3_break,false,false,true,SHORT,PERIOD_M5,double_top,double_top,4.200,none,0.000,double_top,4.200,none,0.000,SHORT,false,PERIOD_H1_NONE_dow_range_or_transition|PERIOD_M15_NONE_no_ordered_dow_wave3_break,true,h1_counter_m15_reversal,true,top_NONE_dow_range_or_transition|structure_NONE_no_ordered_dow_wave3_break|structure_break_recent_confirmed_swing_break_failed|primary_break_recent_confirmed_swing_break_retest,none,above_75sma_rising,below_75sma_falling,above_75sma_flat_or_falling,-1,0.00000000,0,96.35900000,false,off,NONE,NONE,0.00000000,0.00000000,0.0000,none,0.000,true,SHORT,return_low_break_or_bos_down,96.22300000,9,96.62600000,95.98800000,false,off,independent,false,,,false,0.0000,none,0.0000,0.0000,none,0.0000,0.0000,0.0000,none,0.0000,0,0,0.0000,none,none,none,none,0.0000,0,0.0000,none,false,true,not_evaluated,true,required_light_or_anchor_flip,long_bias,95.98800000,2025.02.13 16:30:00,96.36000000,2025.02.13 15:30:00,2025.02.13 17:00:00,false,NONE,0.00000000,0.00000000,0.0000,-1,false,,-1,NONE,0.00000000,0.00000000,0.0000,0.0000,none,,none,false,NONE,-1,-1,-1,false,false,none,false,true,false,true,none,true,required,false,PERIOD_M5,,,-1,0.0000,false,0.00000000,0.0000,false,0.0000,false,none,none,false,no_anchor_flip_in_entry_direction,true,required_first_signal_only,SHORT,unknown,0.00000000,,0.00000000,,false,,-1,false,NONE,0.00000000,,0.00000000,0.0000,0.0000,none,-1,false,false,false,no_anchor_flip_in_entry_direction,,,,false,false,false,-1,-1,-1,-1,-1,false,false,false,0.0000,range_n,true,96.62600000,95.98800000,4.4727,false,0.0000,0.0000,0,none,true,0.5564,preferred_382_618,0.200,diagnostic_only,diagnostic_only,diagnostic_only,shallow_pullback,7,0.440,true,none,0.590,high_quality,false,false,diagnostic_only,both,true,none,true,diagnostic_adjacent_detected,required_light,false,false,LONG,4,false,false,1,2025.02.13 16:35:00,2025.02.13 18:20:00,8,12.2022,0.00000000,96.35900000,96.35900000,true,true,m5_hl_close_break_down,96.35900000,true,0.1530,1.4536,true,1,0.0000,true,7,96.35900000,0.0000,off,false,not_evaluated,none,0.9462,0.0538,strong,true,false,false,0.0000,held_clean,true,favorable_side,0.1364,false,clean_retest,1.7596,12.2022,0.1442,0.0000,true,strong_exhaustion,0.0000,none,none,false,false,none,0.0000,0.0000,0.0000,0.0000,none,false,false,0.0000,0.0000,false,false,-1,none,none,false,0.000,0.000,96.35900000,96.34100000,96.34100000,recent_rejection_zone,0.00200000,0.0190,neckline_level,96.36300000,0.3825,false,true,true,false,not_blocked,7,4,3,m5_failure_exit,off,none,0.00000000,0.0000,1.30,96.20600000,4.200,-0.300,0.200,PERIOD_M15,96.62600000,95.98800000,0.5564,preferred_382_618,0.000,true,96.34300000,96.44800000,0.10500000,96.20600000,1.305,0.05228571,28.00,0-30,true,false,none,blocked_spread_too_high,4.500,4.500,none,0.0000,false,neckline_retest_failed,false,not_invalidated,spread_too_high
2025.02.14 19:05:00,signal,session_reversal_pullback_one_symbol_first120,EURJPY,LONG,2025.02.14 19:00:00,19,16,1,new_york,2025.02.14 16:00,0,first_120min,true,true,3,EURJPY,highest_score_in_session_bar,new_york=USDJPY|EURJPY|GBPJPY|AUDJPY|EURUSD|GBPUSD,existing_first120_gate,new_york,false,false,true,passed_first_window,double_bottom,neckline_break_retest,159.75900000,PERIOD_M5,PERIOD_H1,PERIOD_M15,PERIOD_M5,PERIOD_M5,false,htf_soft_alignment,current_post_filter,transcript_post_filter,dow_range_or_transition,structure_trend_bias_dow_trend_down_ll_lh,dow_range_or_transition,structure_trend_bias_dow_trend_down_ll_lh,false,true,true,LONG,PERIOD_M5,double_bottom,double_bottom,4.200,none,0.000,double_bottom,4.200,none,0.000,LONG,false,PERIOD_H1_NONE_dow_range_or_transition|PERIOD_M15_SHORT_structure_trend_bias_dow_trend_down_ll_lh,true,h1_counter_m15_reversal,true,top_NONE_dow_range_or_transition|structure_SHORT_structure_trend_bias_dow_trend_down_ll_lh|structure_break_recent_confirmed_swing_break_failed|primary_break_no_recent_confirmed_swing_break,none,above_75sma_rising,above_75sma_flat_or_falling,below_75sma_flat_or_rising,-1,0.00000000,-1,0.00000000,false,off,NONE,NONE,0.00000000,0.00000000,0.0000,none,0.000,true,LONG,return_high_break_or_bos_up,159.96600000,14,160.25100000,159.52900000,false,off,independent,false,,,false,0.0000,none,0.0000,0.0000,none,0.0000,0.0000,0.0000,none,0.0000,0,0,0.0000,none,none,none,none,0.0000,0,0.0000,none,false,true,not_evaluated,true,required_light_or_anchor_flip,short_bias,159.69500000,2025.02.14 14:00:00,160.25100000,2025.02.14 15:15:00,2025.02.14 15:45:00,false,NONE,0.00000000,0.00000000,0.0000,-1,false,,-1,NONE,0.00000000,0.00000000,0.0000,0.0000,none,,none,false,NONE,-1,-1,-1,false,false,none,false,true,false,true,none,true,required,false,PERIOD_M5,,,-1,0.0000,false,0.00000000,0.0000,false,0.0000,false,none,none,false,no_anchor_flip_in_entry_direction,true,required_first_signal_only,LONG,unknown,0.00000000,,0.00000000,,false,,-1,false,NONE,0.00000000,,0.00000000,0.0000,0.0000,none,-1,false,false,false,no_anchor_flip_in_entry_direction,,,,false,false,false,-1,-1,-1,-1,-1,false,false,false,0.0000,falling_n,false,160.25100000,159.52900000,3.9905,false,0.0000,0.0000,0,none,true,0.5886,preferred_382_618,0.200,diagnostic_only,diagnostic_only,diagnostic_only,shallow_pullback,24,0.450,true,none,0.600,high_quality,false,false,diagnostic_only,both,true,none,true,diagnostic_adjacent_detected,required_light,false,false,SHORT,4,false,false,2,2025.02.14 17:05:00,2025.02.14 18:20:00,8,5.2873,159.93800000,0.00000000,159.93800000,false,false,none,0.00000000,false,0.0000,0.0000,false,1,0.0000,false,-1,0.00000000,0.0000,off,false,not_evaluated,none,0.0000,0.0000,none,false,false,false,0.0000,none,false,none,0.0000,false,none,4.4061,3.3117,1.3305,1.9756,false,no_shrink,0.0000,none,none,false,false,none,0.0000,0.0000,0.0000,0.0000,none,false,false,0.0000,0.0000,false,false,-1,none,none,false,0.000,0.000,159.82800000,159.82052632,159.84800000,recent_rejection_zone,0.02200000,0.1341,session_high|opening_range_high|neckline_level,159.82800000,0.0284,false,true,true,false,not_blocked,6,3,3,m5_failure_exit,off,none,0.00000000,0.0000,1.30,160.03900000,4.200,-0.300,0.200,PERIOD_M15,160.00000000,159.52900000,0.3694,outside,0.000,true,159.82600000,159.66200000,0.16400000,160.03900000,1.299,0.07035714,30.00,0-30,true,false,none,not_consumed,4.300,4.300,none,0.0000,false,neckline_retest_failed,false,not_invalidated,spread_too_high
2025.02.14 19:05:00,blocked,session_reversal_pullback_one_symbol_first120,EURJPY,LONG,2025.02.14 19:00:00,19,16,1,new_york,2025.02.14 16:00,0,first_120min,true,true,3,EURJPY,highest_score_in_session_bar,new_york=USDJPY|EURJPY|GBPJPY|AUDJPY|EURUSD|GBPUSD,existing_first120_gate,new_york,false,false,true,passed_first_window,double_bottom,neckline_break_retest,159.75900000,PERIOD_M5,PERIOD_H1,PERIOD_M15,PERIOD_M5,PERIOD_M5,false,htf_soft_alignment,current_post_filter,transcript_post_filter,dow_range_or_transition,structure_trend_bias_dow_trend_down_ll_lh,dow_range_or_transition,structure_trend_bias_dow_trend_down_ll_lh,false,true,true,LONG,PERIOD_M5,double_bottom,double_bottom,4.200,none,0.000,double_bottom,4.200,none,0.000,LONG,false,PERIOD_H1_NONE_dow_range_or_transition|PERIOD_M15_SHORT_structure_trend_bias_dow_trend_down_ll_lh,true,h1_counter_m15_reversal,true,top_NONE_dow_range_or_transition|structure_SHORT_structure_trend_bias_dow_trend_down_ll_lh|structure_break_recent_confirmed_swing_break_failed|primary_break_no_recent_confirmed_swing_break,none,above_75sma_rising,above_75sma_flat_or_falling,below_75sma_flat_or_rising,-1,0.00000000,-1,0.00000000,false,off,NONE,NONE,0.00000000,0.00000000,0.0000,none,0.000,true,LONG,return_high_break_or_bos_up,159.96600000,14,160.25100000,159.52900000,false,off,independent,false,,,false,0.0000,none,0.0000,0.0000,none,0.0000,0.0000,0.0000,none,0.0000,0,0,0.0000,none,none,none,none,0.0000,0,0.0000,none,false,true,not_evaluated,true,required_light_or_anchor_flip,short_bias,159.69500000,2025.02.14 14:00:00,160.25100000,2025.02.14 15:15:00,2025.02.14 15:45:00,false,NONE,0.00000000,0.00000000,0.0000,-1,false,,-1,NONE,0.00000000,0.00000000,0.0000,0.0000,none,,none,false,NONE,-1,-1,-1,false,false,none,false,true,false,true,none,true,required,false,PERIOD_M5,,,-1,0.0000,false,0.00000000,0.0000,false,0.0000,false,none,none,false,no_anchor_flip_in_entry_direction,true,required_first_signal_only,LONG,unknown,0.00000000,,0.00000000,,false,,-1,false,NONE,0.00000000,,0.00000000,0.0000,0.0000,none,-1,false,false,false,no_anchor_flip_in_entry_direction,,,,false,false,false,-1,-1,-1,-1,-1,false,false,false,0.0000,falling_n,false,160.25100000,159.52900000,3.9905,false,0.0000,0.0000,0,none,true,0.5886,preferred_382_618,0.200,diagnostic_only,diagnostic_only,diagnostic_only,shallow_pullback,24,0.450,true,none,0.600,high_quality,false,false,diagnostic_only,both,true,none,true,diagnostic_adjacent_detected,required_light,false,false,SHORT,4,false,false,2,2025.02.14 17:05:00,2025.02.14 18:20:00,8,5.2873,159.93800000,0.00000000,159.93800000,false,false,none,0.00000000,false,0.0000,0.0000,false,1,0.0000,false,-1,0.00000000,0.0000,off,false,not_evaluated,none,0.0000,0.0000,none,false,false,false,0.0000,none,false,none,0.0000,false,none,4.4061,3.3117,1.3305,1.9756,false,no_shrink,0.0000,none,none,false,false,none,0.0000,0.0000,0.0000,0.0000,none,false,false,0.0000,0.0000,false,false,-1,none,none,false,0.000,0.000,159.82800000,159.82052632,159.84800000,recent_rejection_zone,0.02200000,0.1341,session_high|opening_range_high|neckline_level,159.82800000,0.0284,false,true,true,false,not_blocked,6,3,3,m5_failure_exit,off,none,0.00000000,0.0000,1.30,160.03900000,4.200,-0.300,0.200,PERIOD_M15,160.00000000,159.52900000,0.3694,outside,0.000,true,159.82600000,159.66200000,0.16400000,160.03900000,1.299,0.07035714,30.00,0-30,true,false,none,blocked_spread_too_high,4.300,4.300,none,0.0000,false,neckline_retest_failed,false,not_invalidated,spread_too_high
2025.02.17 10:10:02,signal,session_reversal_pullback_one_symbol_first120,AUDJPY,SHORT,2025.02.17 10:05:00,10,7,16,london,2025.02.17 07:00,5,first_120min,true,true,3,AUDJPY,highest_score_in_session_bar,london=USDJPY|EURJPY|GBPJPY|AUDJPY|EURUSD|GBPUSD,existing_first120_gate,london,false,false,true,passed_first_window,double_top,neckline_break_retest,96.60300000,PERIOD_M5,PERIOD_H1,PERIOD_M15,PERIOD_M5,PERIOD_M5,false,htf_soft_alignment,current_post_filter,transcript_post_filter,dow_trend_up_hh_hl,structure_trend_bias_dow_trend_up_hh_hl,dow_trend_up_hh_hl,structure_trend_bias_dow_trend_up_hh_hl,false,false,true,SHORT,PERIOD_M5,double_top,double_top,4.200,none,0.000,double_top,4.200,none,0.000,SHORT,false,PERIOD_H1_LONG_dow_trend_up_hh_hl|PERIOD_M15_LONG_structure_trend_bias_dow_trend_up_hh_hl,true,h1_counter_m15_reversal,true,top_LONG_dow_trend_up_hh_hl|structure_LONG_structure_trend_bias_dow_trend_up_hh_hl|structure_break_recent_confirmed_swing_break_failed|primary_break_recent_confirmed_swing_break_retest,none,below_75sma_falling,below_75sma_falling,above_75sma_flat_or_falling,-1,0.00000000,0,96.58100000,false,off,NONE,NONE,0.00000000,0.00000000,0.0000,none,0.000,true,SHORT,return_low_break_or_bos_down,96.43200000,20,96.69600000,96.45300000,false,off,independent,false,,,false,0.0000,none,0.0000,0.0000,none,0.0000,0.0000,0.0000,none,0.0000,0,0,0.0000,none,none,none,none,0.0000,0,0.0000,none,false,true,not_evaluated,true,required_light_or_anchor_flip,long_bias,96.45300000,2025.02.17 07:45:00,96.63900000,2025.02.17 07:15:00,2025.02.17 08:30:00,false,NONE,0.00000000,0.00000000,0.0000,-1,false,,-1,NONE,0.00000000,0.00000000,0.0000,0.0000,none,,none,false,NONE,-1,-1,-1,false,false,none,false,true,false,true,none,true,required,false,PERIOD_M5,,,-1,0.0000,false,0.00000000,0.0000,false,0.0000,false,none,none,false,no_anchor_flip_in_entry_direction,true,required_first_signal_only,SHORT,unknown,0.00000000,,0.00000000,,false,,-1,false,NONE,0.00000000,,0.00000000,0.0000,0.0000,none,-1,false,false,false,no_anchor_flip_in_entry_direction,,,,false,false,false,-1,-1,-1,-1,-1,false,false,false,0.0000,range_n,true,96.69600000,96.37000000,3.8224,false,0.0000,0.0000,0,none,true,0.5208,preferred_382_618,0.200,diagnostic_only,diagnostic_only,diagnostic_only,shallow_pullback,5,0.440,true,none,0.590,high_quality,false,false,diagnostic_only,both,true,none,true,diagnostic_adjacent_detected,required_light,false,false,LONG,5,false,false,2,2025.02.17 07:25:00,2025.02.17 09:40:00,5,4.8051,0.00000000,96.51000000,96.51000000,false,false,none,0.00000000,false,0.0000,0.0000,false,1,0.0000,false,-1,0.00000000,0.0000,off,false,not_evaluated,none,0.0000,0.0000,none,false,false,false,0.0000,none,false,none,0.0000,false,none,3.6780,3.6780,1.0000,1.1271,false,no_shrink,0.0000,none,none,false,false,none,0.0000,0.0000,0.0000,0.0000,none,false,false,0.0000,0.0000,false,false,-1,none,none,false,0.000,0.000,96.57185000,96.54700000,96.54500000,recent_rejection_zone,0.01300000,0.1215,session_low|opening_range_low|neckline_level,96.54700000,0.2175,false,true,true,false,not_blocked,6,3,3,m5_failure_exit,off,none,0.00000000,0.0000,1.30,96.41900000,4.200,-0.300,0.200,PERIOD_M15,96.69600000,96.45300000,0.4321,preferred_382_618,0.000,true,96.55800000,96.66500000,0.10700000,96.41900000,1.299,0.05057143,28.00,0-30,true,false,none,not_consumed,4.500,4.500,none,0.0000,false,neckline_retest_failed,false,not_invalidated,spread_too_high
2025.02.17 10:10:02,blocked,session_reversal_pullback_one_symbol_first120,AUDJPY,SHORT,2025.02.17 10:05:00,10,7,16,london,2025.02.17 07:00,5,first_120min,true,true,3,AUDJPY,highest_score_in_session_bar,london=USDJPY|EURJPY|GBPJPY|AUDJPY|EURUSD|GBPUSD,existing_first120_gate,london,false,false,true,passed_first_window,double_top,neckline_break_retest,96.60300000,PERIOD_M5,PERIOD_H1,PERIOD_M15,PERIOD_M5,PERIOD_M5,false,htf_soft_alignment,current_post_filter,transcript_post_filter,dow_trend_up_hh_hl,structure_trend_bias_dow_trend_up_hh_hl,dow_trend_up_hh_hl,structure_trend_bias_dow_trend_up_hh_hl,false,false,true,SHORT,PERIOD_M5,double_top,double_top,4.200,none,0.000,double_top,4.200,none,0.000,SHORT,false,PERIOD_H1_LONG_dow_trend_up_hh_hl|PERIOD_M15_LONG_structure_trend_bias_dow_trend_up_hh_hl,true,h1_counter_m15_reversal,true,top_LONG_dow_trend_up_hh_hl|structure_LONG_structure_trend_bias_dow_trend_up_hh_hl|structure_break_recent_confirmed_swing_break_failed|primary_break_recent_confirmed_swing_break_retest,none,below_75sma_falling,below_75sma_falling,above_75sma_flat_or_falling,-1,0.00000000,0,96.58100000,false,off,NONE,NONE,0.00000000,0.00000000,0.0000,none,0.000,true,SHORT,return_low_break_or_bos_down,96.43200000,20,96.69600000,96.45300000,false,off,independent,false,,,false,0.0000,none,0.0000,0.0000,none,0.0000,0.0000,0.0000,none,0.0000,0,0,0.0000,none,none,none,none,0.0000,0,0.0000,none,false,true,not_evaluated,true,required_light_or_anchor_flip,long_bias,96.45300000,2025.02.17 07:45:00,96.63900000,2025.02.17 07:15:00,2025.02.17 08:30:00,false,NONE,0.00000000,0.00000000,0.0000,-1,false,,-1,NONE,0.00000000,0.00000000,0.0000,0.0000,none,,none,false,NONE,-1,-1,-1,false,false,none,false,true,false,true,none,true,required,false,PERIOD_M5,,,-1,0.0000,false,0.00000000,0.0000,false,0.0000,false,none,none,false,no_anchor_flip_in_entry_direction,true,required_first_signal_only,SHORT,unknown,0.00000000,,0.00000000,,false,,-1,false,NONE,0.00000000,,0.00000000,0.0000,0.0000,none,-1,false,false,false,no_anchor_flip_in_entry_direction,,,,false,false,false,-1,-1,-1,-1,-1,false,false,false,0.0000,range_n,true,96.69600000,96.37000000,3.8224,false,0.0000,0.0000,0,none,true,0.5208,preferred_382_618,0.200,diagnostic_only,diagnostic_only,diagnostic_only,shallow_pullback,5,0.440,true,none,0.590,high_quality,false,false,diagnostic_only,both,true,none,true,diagnostic_adjacent_detected,required_light,false,false,LONG,5,false,false,2,2025.02.17 07:25:00,2025.02.17 09:40:00,5,4.8051,0.00000000,96.51000000,96.51000000,false,false,none,0.00000000,false,0.0000,0.0000,false,1,0.0000,false,-1,0.00000000,0.0000,off,false,not_evaluated,none,0.0000,0.0000,none,false,false,false,0.0000,none,false,none,0.0000,false,none,3.6780,3.6780,1.0000,1.1271,false,no_shrink,0.0000,none,none,false,false,none,0.0000,0.0000,0.0000,0.0000,none,false,false,0.0000,0.0000,false,false,-1,none,none,false,0.000,0.000,96.57185000,96.54700000,96.54500000,recent_rejection_zone,0.01300000,0.1215,session_low|opening_range_low|neckline_level,96.54700000,0.2175,false,true,true,false,not_blocked,6,3,3,m5_failure_exit,off,none,0.00000000,0.0000,1.30,96.41900000,4.200,-0.300,0.200,PERIOD_M15,96.69600000,96.45300000,0.4321,preferred_382_618,0.000,true,96.55800000,96.66500000,0.10700000,96.41900000,1.299,0.05057143,28.00,0-30,true,false,none,blocked_spread_too_high,4.500,4.500,none,0.0000,false,neckline_retest_failed,false,not_invalidated,spread_too_high
2025.02.17 16:45:00,signal,session_reversal_pullback_one_symbol_first120,GBPUSD,SHORT,2025.02.17 16:40:00,16,13,22,london_newyork_overlap,2025.02.17 13:00,40,first_120min,true,true,3,GBPUSD,highest_score_in_session_bar,london_newyork_overlap=USDJPY|EURJPY|GBPJPY|AUDJPY|EURUSD|GBPUSD,existing_first120_gate,london_newyork_overlap,true,false,true,passed_first_window,head_and_shoulders,neckline_break_retest,1.25949000,PERIOD_M5,PERIOD_H1,PERIOD_M15,PERIOD_M5,PERIOD_M5,false,htf_soft_alignment,current_post_filter,transcript_post_filter,dow_range_or_transition,no_ordered_dow_wave3_break,dow_range_or_transition,no_ordered_dow_wave3_break,false,true,true,SHORT,PERIOD_M5,head_and_shoulders,head_and_shoulders,4.500,none,0.000,head_and_shoulders,4.500,none,0.000,SHORT,false,PERIOD_H1_NONE_dow_range_or_transition|PERIOD_M15_NONE_no_ordered_dow_wave3_break,true,h1_counter_m15_reversal,true,top_NONE_dow_range_or_transition|structure_NONE_no_ordered_dow_wave3_break|structure_break_recent_confirmed_swing_break_failed|primary_break_recent_confirmed_swing_break_failed,none,above_75sma_rising,above_75sma_flat_or_falling,below_75sma_flat_or_rising,-1,0.00000000,-1,0.00000000,false,off,NONE,NONE,0.00000000,0.00000000,0.0000,none,0.000,true,SHORT,return_low_break_or_bos_down,1.25904000,2,1.25999000,1.25904000,false,off,independent,false,,,false,0.0000,none,0.0000,0.0000,none,0.0000,0.0000,0.0000,none,0.0000,0,0,0.0000,none,none,none,none,0.0000,0,0.0000,none,false,true,not_evaluated,true,required_light_or_anchor_flip,short_bias,1.25914000,2025.02.17 13:30:00,1.26071000,2025.02.17 14:15:00,2025.02.17 14:30:00,false,NONE,0.00000000,0.00000000,0.0000,-1,false,,-1,NONE,0.00000000,0.00000000,0.0000,0.0000,none,,none,false,NONE,-1,-1,-1,false,false,none,true,false,false,true,none,true,required,false,PERIOD_M5,,,-1,0.0000,false,0.00000000,0.0000,false,0.0000,false,none,none,false,no_anchor_flip_in_entry_direction,true,required_first_signal_only,SHORT,unknown,0.00000000,,0.00000000,,false,,-1,false,NONE,0.00000000,,0.00000000,0.0000,0.0000,none,-1,false,false,false,no_anchor_flip_in_entry_direction,,,,false,false,false,-1,-1,-1,-1,-1,false,false,false,0.0000,falling_n,false,1.26071000,1.25870000,2.6128,false,0.0000,0.0000,0,none,true,0.4877,preferred_382_618,0.200,diagnostic_only,diagnostic_only,diagnostic_only,shallow_pullback,5,0.440,true,none,0.590,high_quality,false,false,diagnostic_only,both,true,none,true,diagnostic_adjacent_detected,required_light,false,false,LONG,5,false,false,0,2025.02.17 14:15:00,2025.02.17 16:20:00,4,5.8142,0.00000000,1.25843000,1.25843000,false,false,none,0.00000000,false,0.0000,0.0000,false,1,0.0000,false,-1,0.00000000,0.0000,off,false,not_evaluated,none,0.0000,0.0000,none,false,false,false,0.0000,none,false,none,0.0000,false,none,3.9781,4.2587,0.9341,0.0000,true,strong_exhaustion,0.0000,none,none,false,false,none,0.0000,0.0000,0.0000,0.0000,none,false,false,0.0000,0.0000,false,false,-1,none,none,false,0.000,0.000,1.25949000,1.25935000,1.25935000,recent_rejection_zone,0.00011000,0.1864,neckline_level,1.25949000,0.0765,false,true,true,false,not_blocked,5,2,3,m5_failure_exit,off,none,0.00000000,0.0000,1.30,1.25869000,4.500,-0.300,0.200,PERIOD_M15,1.25999000,1.25904000,0.4421,preferred_382_618,0.000,true,1.25946000,1.26005000,0.00059000,1.25869000,1.305,0.00039214,20.00,30-60,true,false,none,not_consumed,4.600,4.600,none,0.0000,false,opposite_break_first,true,opposite_break_first,spread_too_high
2025.02.17 16:45:00,blocked,session_reversal_pullback_one_symbol_first120,GBPUSD,SHORT,2025.02.17 16:40:00,16,13,22,london_newyork_overlap,2025.02.17 13:00,40,first_120min,true,true,3,GBPUSD,highest_score_in_session_bar,london_newyork_overlap=USDJPY|EURJPY|GBPJPY|AUDJPY|EURUSD|GBPUSD,existing_first120_gate,london_newyork_overlap,true,false,true,passed_first_window,head_and_shoulders,neckline_break_retest,1.25949000,PERIOD_M5,PERIOD_H1,PERIOD_M15,PERIOD_M5,PERIOD_M5,false,htf_soft_alignment,current_post_filter,transcript_post_filter,dow_range_or_transition,no_ordered_dow_wave3_break,dow_range_or_transition,no_ordered_dow_wave3_break,false,true,true,SHORT,PERIOD_M5,head_and_shoulders,head_and_shoulders,4.500,none,0.000,head_and_shoulders,4.500,none,0.000,SHORT,false,PERIOD_H1_NONE_dow_range_or_transition|PERIOD_M15_NONE_no_ordered_dow_wave3_break,true,h1_counter_m15_reversal,true,top_NONE_dow_range_or_transition|structure_NONE_no_ordered_dow_wave3_break|structure_break_recent_confirmed_swing_break_failed|primary_break_recent_confirmed_swing_break_failed,none,above_75sma_rising,above_75sma_flat_or_falling,below_75sma_flat_or_rising,-1,0.00000000,-1,0.00000000,false,off,NONE,NONE,0.00000000,0.00000000,0.0000,none,0.000,true,SHORT,return_low_break_or_bos_down,1.25904000,2,1.25999000,1.25904000,false,off,independent,false,,,false,0.0000,none,0.0000,0.0000,none,0.0000,0.0000,0.0000,none,0.0000,0,0,0.0000,none,none,none,none,0.0000,0,0.0000,none,false,true,not_evaluated,true,required_light_or_anchor_flip,short_bias,1.25914000,2025.02.17 13:30:00,1.26071000,2025.02.17 14:15:00,2025.02.17 14:30:00,false,NONE,0.00000000,0.00000000,0.0000,-1,false,,-1,NONE,0.00000000,0.00000000,0.0000,0.0000,none,,none,false,NONE,-1,-1,-1,false,false,none,true,false,false,true,none,true,required,false,PERIOD_M5,,,-1,0.0000,false,0.00000000,0.0000,false,0.0000,false,none,none,false,no_anchor_flip_in_entry_direction,true,required_first_signal_only,SHORT,unknown,0.00000000,,0.00000000,,false,,-1,false,NONE,0.00000000,,0.00000000,0.0000,0.0000,none,-1,false,false,false,no_anchor_flip_in_entry_direction,,,,false,false,false,-1,-1,-1,-1,-1,false,false,false,0.0000,falling_n,false,1.26071000,1.25870000,2.6128,false,0.0000,0.0000,0,none,true,0.4877,preferred_382_618,0.200,diagnostic_only,diagnostic_only,diagnostic_only,shallow_pullback,5,0.440,true,none,0.590,high_quality,false,false,diagnostic_only,both,true,none,true,diagnostic_adjacent_detected,required_light,false,false,LONG,5,false,false,0,2025.02.17 14:15:00,2025.02.17 16:20:00,4,5.8142,0.00000000,1.25843000,1.25843000,false,false,none,0.00000000,false,0.0000,0.0000,false,1,0.0000,false,-1,0.00000000,0.0000,off,false,not_evaluated,none,0.0000,0.0000,none,false,false,false,0.0000,none,false,none,0.0000,false,none,3.9781,4.2587,0.9341,0.0000,true,strong_exhaustion,0.0000,none,none,false,false,none,0.0000,0.0000,0.0000,0.0000,none,false,false,0.0000,0.0000,false,false,-1,none,none,false,0.000,0.000,1.25949000,1.25935000,1.25935000,recent_rejection_zone,0.00011000,0.1864,neckline_level,1.25949000,0.0765,false,true,true,false,not_blocked,5,2,3,m5_failure_exit,off,none,0.00000000,0.0000,1.30,1.25869000,4.500,-0.300,0.200,PERIOD_M15,1.25999000,1.25904000,0.4421,preferred_382_618,0.000,true,1.25946000,1.26005000,0.00059000,1.25869000,1.305,0.00039214,20.00,30-60,true,false,none,blocked_spread_too_high,4.600,4.600,none,0.0000,false,opposite_break_first,true,opposite_break_first,spread_too_high
2025.02.18 03:05:00,signal,session_reversal_pullback_one_symbol_first120,GBPJPY,LONG,2025.02.18 03:00:00,3,0,9,tokyo,2025.02.18 00:00,0,first_120min,true,true,3,GBPJPY,highest_score_in_session_bar,tokyo=USDJPY|EURJPY|GBPJPY|AUDJPY,existing_first120_gate,tokyo,false,false,true,passed_first_window,double_bottom,neckline_break_retest,191.14100000,PERIOD_M5,PERIOD_H1,PERIOD_M15,PERIOD_M5,PERIOD_M5,false,htf_soft_alignment,current_post_filter,transcript_post_filter,dow_trend_down_ll_lh,structure_trend_bias_dow_trend_down_ll_lh,dow_trend_down_ll_lh,structure_trend_bias_dow_trend_down_ll_lh,false,true,false,LONG,PERIOD_M5,double_bottom,double_bottom,4.200,none,0.000,double_bottom,4.200,none,0.000,LONG,true,PERIOD_H1_SHORT_dow_trend_down_ll_lh|PERIOD_M15_SHORT_structure_trend_bias_dow_trend_down_ll_lh,true,h1_counter_m15_reversal,true,top_SHORT_dow_trend_down_ll_lh|structure_SHORT_structure_trend_bias_dow_trend_down_ll_lh|structure_break_recent_confirmed_swing_break_retest|primary_break_recent_confirmed_swing_break_failed,none,below_75sma_falling,above_75sma_rising,below_75sma_flat_or_rising,1,191.26800000,-1,0.00000000,false,off,NONE,NONE,0.00000000,0.00000000,0.0000,none,0.000,true,LONG,return_high_break_or_bos_up,191.26800000,1,191.30900000,190.82000000,false,off,independent,false,,,false,0.0000,none,0.0000,0.0000,none,0.0000,0.0000,0.0000,none,0.0000,0,0,0.0000,none,none,none,none,0.0000,0,0.0000,none,false,true,not_evaluated,true,required_light_or_anchor_flip,short_bias,191.03700000,2025.02.18 00:00:00,191.30900000,2025.02.18 01:00:00,2025.02.18 01:30:00,false,NONE,0.00000000,0.00000000,0.0000,-1,false,,-1,NONE,0.00000000,0.00000000,0.0000,0.0000,none,,none,false,NONE,-1,-1,-1,false,false,none,false,true,false,true,none,true,required,false,PERIOD_M5,,,-1,0.0000,false,0.00000000,0.0000,false,0.0000,false,none,none,false,no_anchor_flip_in_entry_direction,true,required_first_signal_only,LONG,unknown,0.00000000,,0.00000000,,false,,-1,false,NONE,0.00000000,,0.00000000,0.0000,0.0000,none,-1,false,false,false,no_anchor_flip_in_entry_direction,,,,false,false,false,-1,-1,-1,-1,-1,false,false,false,0.0000,falling_n,false,191.30900000,190.82000000,3.0132,false,0.0000,0.0000,0,none,true,0.3124,shallow_236_382,0.080,diagnostic_only,diagnostic_only,diagnostic_only,shallow_pullback,5,0.320,true,none,0.470,high_quality,false,false,diagnostic_only,both,true,none,true,diagnostic_adjacent_detected,required_light,false,false,SHORT,6,false,false,0,2025.02.18 01:40:00,2025.02.18 02:35:00,5,4.8028,191.36100000,0.00000000,191.36100000,false,false,none,0.00000000,false,0.0000,0.0000,false,1,0.0000,false,-1,0.00000000,0.0000,off,false,not_evaluated,none,0.0000,0.0000,none,false,false,false,0.0000,none,false,none,0.0000,false,none,1.9531,4.6341,0.4215,0.0000,true,strong_exhaustion,0.0000,none,none,false,false,none,0.0000,0.0000,0.0000,0.0000,none,false,false,0.0000,0.0000,false,false,-1,none,none,false,0.000,0.000,191.24300000,191.17815385,191.24300000,wick_cluster_zone,0.05100000,0.3054,neckline_level,191.14100000,0.4528,false,true,true,false,not_blocked,10,6,4,m5_failure_exit,off,none,0.00000000,0.0000,1.30,191.40900000,4.200,-0.300,0.200,PERIOD_M15,191.30900000,190.82000000,0.2393,outside,0.000,true,191.19200000,191.02500000,0.16700000,191.40900000,1.299,0.11264286,38.00,0-30,true,false,none,not_consumed,4.650,4.650,none,0.0000,false,opposite_break_first,true,opposite_break_first,spread_too_high
2025.02.18 03:05:00,blocked,session_reversal_pullback_one_symbol_first120,GBPJPY,LONG,2025.02.18 03:00:00,3,0,9,tokyo,2025.02.18 00:00,0,first_120min,true,true,3,GBPJPY,highest_score_in_session_bar,tokyo=USDJPY|EURJPY|GBPJPY|AUDJPY,existing_first120_gate,tokyo,false,false,true,passed_first_window,double_bottom,neckline_break_retest,191.14100000,PERIOD_M5,PERIOD_H1,PERIOD_M15,PERIOD_M5,PERIOD_M5,false,htf_soft_alignment,current_post_filter,transcript_post_filter,dow_trend_down_ll_lh,structure_trend_bias_dow_trend_down_ll_lh,dow_trend_down_ll_lh,structure_trend_bias_dow_trend_down_ll_lh,false,true,false,LONG,PERIOD_M5,double_bottom,double_bottom,4.200,none,0.000,double_bottom,4.200,none,0.000,LONG,true,PERIOD_H1_SHORT_dow_trend_down_ll_lh|PERIOD_M15_SHORT_structure_trend_bias_dow_trend_down_ll_lh,true,h1_counter_m15_reversal,true,top_SHORT_dow_trend_down_ll_lh|structure_SHORT_structure_trend_bias_dow_trend_down_ll_lh|structure_break_recent_confirmed_swing_break_retest|primary_break_recent_confirmed_swing_break_failed,none,below_75sma_falling,above_75sma_rising,below_75sma_flat_or_rising,1,191.26800000,-1,0.00000000,false,off,NONE,NONE,0.00000000,0.00000000,0.0000,none,0.000,true,LONG,return_high_break_or_bos_up,191.26800000,1,191.30900000,190.82000000,false,off,independent,false,,,false,0.0000,none,0.0000,0.0000,none,0.0000,0.0000,0.0000,none,0.0000,0,0,0.0000,none,none,none,none,0.0000,0,0.0000,none,false,true,not_evaluated,true,required_light_or_anchor_flip,short_bias,191.03700000,2025.02.18 00:00:00,191.30900000,2025.02.18 01:00:00,2025.02.18 01:30:00,false,NONE,0.00000000,0.00000000,0.0000,-1,false,,-1,NONE,0.00000000,0.00000000,0.0000,0.0000,none,,none,false,NONE,-1,-1,-1,false,false,none,false,true,false,true,none,true,required,false,PERIOD_M5,,,-1,0.0000,false,0.00000000,0.0000,false,0.0000,false,none,none,false,no_anchor_flip_in_entry_direction,true,required_first_signal_only,LONG,unknown,0.00000000,,0.00000000,,false,,-1,false,NONE,0.00000000,,0.00000000,0.0000,0.0000,none,-1,false,false,false,no_anchor_flip_in_entry_direction,,,,false,false,false,-1,-1,-1,-1,-1,false,false,false,0.0000,falling_n,false,191.30900000,190.82000000,3.0132,false,0.0000,0.0000,0,none,true,0.3124,shallow_236_382,0.080,diagnostic_only,diagnostic_only,diagnostic_only,shallow_pullback,5,0.320,true,none,0.470,high_quality,false,false,diagnostic_only,both,true,none,true,diagnostic_adjacent_detected,required_light,false,false,SHORT,6,false,false,0,2025.02.18 01:40:00,2025.02.18 02:35:00,5,4.8028,191.36100000,0.00000000,191.36100000,false,false,none,0.00000000,false,0.0000,0.0000,false,1,0.0000,false,-1,0.00000000,0.0000,off,false,not_evaluated,none,0.0000,0.0000,none,false,false,false,0.0000,none,false,none,0.0000,false,none,1.9531,4.6341,0.4215,0.0000,true,strong_exhaustion,0.0000,none,none,false,false,none,0.0000,0.0000,0.0000,0.0000,none,false,false,0.0000,0.0000,false,false,-1,none,none,false,0.000,0.000,191.24300000,191.17815385,191.24300000,wick_cluster_zone,0.05100000,0.3054,neckline_level,191.14100000,0.4528,false,true,true,false,not_blocked,10,6,4,m5_failure_exit,off,none,0.00000000,0.0000,1.30,191.40900000,4.200,-0.300,0.200,PERIOD_M15,191.30900000,190.82000000,0.2393,outside,0.000,true,191.19200000,191.02500000,0.16700000,191.40900000,1.299,0.11264286,38.00,0-30,true,false,none,blocked_spread_too_high,4.650,4.650,none,0.0000,false,opposite_break_first,true,opposite_break_first,spread_too_high
2025.02.18 10:20:00,signal,session_reversal_pullback_one_symbol_first120,GBPUSD,SHORT,2025.02.18 10:15:00,10,7,16,london,2025.02.18 07:00,15,first_120min,true,true,3,GBPUSD,highest_score_in_session_bar,london=USDJPY|EURJPY|GBPJPY|AUDJPY|EURUSD|GBPUSD,existing_first120_gate,london,false,false,true,passed_first_window,double_top,neckline_break_retest,1.26125000,PERIOD_M5,PERIOD_H1,PERIOD_M15,PERIOD_M5,PERIOD_M5,false,htf_soft_alignment,current_post_filter,transcript_post_filter,dow_trend_up_hh_hl,structure_trend_bias_dow_trend_down_ll_lh,dow_trend_up_hh_hl,structure_trend_bias_dow_trend_down_ll_lh,false,false,true,SHORT,PERIOD_M5,double_top,double_top,4.200,none,0.000,double_top,4.200,none,0.000,SHORT,false,PERIOD_H1_LONG_dow_trend_up_hh_hl|PERIOD_M15_SHORT_structure_trend_bias_dow_trend_down_ll_lh,true,h1_counter_m15_reversal,true,top_LONG_dow_trend_up_hh_hl|structure_SHORT_structure_trend_bias_dow_trend_down_ll_lh|structure_break_recent_confirmed_swing_break_failed|primary_break_recent_confirmed_swing_break_failed,none,above_75sma_rising,below_75sma_flat_or_rising,above_75sma_rising,-1,0.00000000,-1,0.00000000,false,off,NONE,NONE,0.00000000,0.00000000,0.0000,none,0.000,true,SHORT,return_low_break_or_bos_down,1.25989000,6,1.26208000,1.25920000,false,off,independent,false,,,false,0.0000,none,0.0000,0.0000,none,0.0000,0.0000,0.0000,none,0.0000,0,0,0.0000,none,none,none,none,0.0000,0,0.0000,none,false,true,not_evaluated,true,required_light_or_anchor_flip,long_bias,1.25920000,2025.02.18 08:30:00,1.26116000,2025.02.18 05:30:00,2025.02.18 09:15:00,false,NONE,0.00000000,0.00000000,0.0000,-1,false,,-1,NONE,0.00000000,0.00000000,0.0000,0.0000,none,,none,false,NONE,-1,-1,-1,false,false,none,false,true,false,true,none,true,required,false,PERIOD_M5,,,-1,0.0000,false,0.00000000,0.0000,false,0.0000,false,none,none,false,no_anchor_flip_in_entry_direction,true,required_first_signal_only,SHORT,unknown,0.00000000,,0.00000000,,false,,-1,false,NONE,0.00000000,,0.00000000,0.0000,0.0000,none,-1,false,false,false,no_anchor_flip_in_entry_direction,,,,false,false,false,-1,-1,-1,-1,-1,false,false,false,0.0000,range_n,true,1.26208000,1.25920000,3.6390,false,0.0000,0.0000,0,none,true,0.7014,deep_618_786,0.120,diagnostic_only,diagnostic_only,diagnostic_only,fib_pullback,24,0.370,true,none,0.520,high_quality,false,false,diagnostic_only,both,true,none,true,diagnostic_adjacent_detected,required_light,false,false,LONG,5,false,false,1,2025.02.18 08:35:00,2025.02.18 09:40:00,7,4.8230,0.00000000,1.26086000,1.26086000,true,true,m5_hl_close_break_down,1.26086000,true,0.4187,1.0550,true,1,0.6029,false,1,1.26086000,0.7871,off,false,not_evaluated,none,0.6500,0.0000,strong,false,true,true,0.6029,failed_1bar,true,back_inside,0.1100,false,weak_retest,1.3900,4.8230,0.2882,0.0000,true,strong_exhaustion,0.0000,none,none,false,false,none,0.0000,0.0000,0.0000,0.0000,none,false,false,0.0000,0.0000,false,false,-1,none,none,false,0.000,0.000,1.26125000,1.26116000,1.26116000,structure_confirmed_swing_high,0.00006000,0.0923,neckline_level,1.26125000,0.0502,false,true,true,false,not_blocked,6,3,3,m5_failure_exit,off,none,0.00000000,0.0000,1.30,1.26038000,4.200,-0.300,0.200,PERIOD_M15,1.26116000,1.25920000,1.0306,outside,0.000,true,1.26122000,1.26187000,0.00065000,1.26038000,1.292,0.00059714,20.00,0-30,true,false,none,not_consumed,4.300,4.300,none,0.0000,false,opposite_break_first,true,opposite_break_first,spread_too_high
2025.02.18 10:20:00,blocked,session_reversal_pullback_one_symbol_first120,GBPUSD,SHORT,2025.02.18 10:15:00,10,7,16,london,2025.02.18 07:00,15,first_120min,true,true,3,GBPUSD,highest_score_in_session_bar,london=USDJPY|EURJPY|GBPJPY|AUDJPY|EURUSD|GBPUSD,existing_first120_gate,london,false,false,true,passed_first_window,double_top,neckline_break_retest,1.26125000,PERIOD_M5,PERIOD_H1,PERIOD_M15,PERIOD_M5,PERIOD_M5,false,htf_soft_alignment,current_post_filter,transcript_post_filter,dow_trend_up_hh_hl,structure_trend_bias_dow_trend_down_ll_lh,dow_trend_up_hh_hl,structure_trend_bias_dow_trend_down_ll_lh,false,false,true,SHORT,PERIOD_M5,double_top,double_top,4.200,none,0.000,double_top,4.200,none,0.000,SHORT,false,PERIOD_H1_LONG_dow_trend_up_hh_hl|PERIOD_M15_SHORT_structure_trend_bias_dow_trend_down_ll_lh,true,h1_counter_m15_reversal,true,top_LONG_dow_trend_up_hh_hl|structure_SHORT_structure_trend_bias_dow_trend_down_ll_lh|structure_break_recent_confirmed_swing_break_failed|primary_break_recent_confirmed_swing_break_failed,none,above_75sma_rising,below_75sma_flat_or_rising,above_75sma_rising,-1,0.00000000,-1,0.00000000,false,off,NONE,NONE,0.00000000,0.00000000,0.0000,none,0.000,true,SHORT,return_low_break_or_bos_down,1.25989000,6,1.26208000,1.25920000,false,off,independent,false,,,false,0.0000,none,0.0000,0.0000,none,0.0000,0.0000,0.0000,none,0.0000,0,0,0.0000,none,none,none,none,0.0000,0,0.0000,none,false,true,not_evaluated,true,required_light_or_anchor_flip,long_bias,1.25920000,2025.02.18 08:30:00,1.26116000,2025.02.18 05:30:00,2025.02.18 09:15:00,false,NONE,0.00000000,0.00000000,0.0000,-1,false,,-1,NONE,0.00000000,0.00000000,0.0000,0.0000,none,,none,false,NONE,-1,-1,-1,false,false,none,false,true,false,true,none,true,required,false,PERIOD_M5,,,-1,0.0000,false,0.00000000,0.0000,false,0.0000,false,none,none,false,no_anchor_flip_in_entry_direction,true,required_first_signal_only,SHORT,unknown,0.00000000,,0.00000000,,false,,-1,false,NONE,0.00000000,,0.00000000,0.0000,0.0000,none,-1,false,false,false,no_anchor_flip_in_entry_direction,,,,false,false,false,-1,-1,-1,-1,-1,false,false,false,0.0000,range_n,true,1.26208000,1.25920000,3.6390,false,0.0000,0.0000,0,none,true,0.7014,deep_618_786,0.120,diagnostic_only,diagnostic_only,diagnostic_only,fib_pullback,24,0.370,true,none,0.520,high_quality,false,false,diagnostic_only,both,true,none,true,diagnostic_adjacent_detected,required_light,false,false,LONG,5,false,false,1,2025.02.18 08:35:00,2025.02.18 09:40:00,7,4.8230,0.00000000,1.26086000,1.26086000,true,true,m5_hl_close_break_down,1.26086000,true,0.4187,1.0550,true,1,0.6029,false,1,1.26086000,0.7871,off,false,not_evaluated,none,0.6500,0.0000,strong,false,true,true,0.6029,failed_1bar,true,back_inside,0.1100,false,weak_retest,1.3900,4.8230,0.2882,0.0000,true,strong_exhaustion,0.0000,none,none,false,false,none,0.0000,0.0000,0.0000,0.0000,none,false,false,0.0000,0.0000,false,false,-1,none,none,false,0.000,0.000,1.26125000,1.26116000,1.26116000,structure_confirmed_swing_high,0.00006000,0.0923,neckline_level,1.26125000,0.0502,false,true,true,false,not_blocked,6,3,3,m5_failure_exit,off,none,0.00000000,0.0000,1.30,1.26038000,4.200,-0.300,0.200,PERIOD_M15,1.26116000,1.25920000,1.0306,outside,0.000,true,1.26122000,1.26187000,0.00065000,1.26038000,1.292,0.00059714,20.00,0-30,true,false,none,blocked_spread_too_high,4.300,4.300,none,0.0000,false,opposite_break_first,true,opposite_break_first,spread_too_high
2025.02.18 16:10:00,signal,session_reversal_pullback_one_symbol_first120,USDJPY,SHORT,2025.02.18 16:05:00,16,13,22,london_newyork_overlap,2025.02.18 13:00,5,first_120min,true,true,3,USDJPY,highest_score_in_session_bar,london_newyork_overlap=USDJPY|EURJPY|GBPJPY|AUDJPY|EURUSD|GBPUSD,existing_first120_gate,london_newyork_overlap,false,false,true,passed_first_window,double_top,neckline_break_retest,151.77300000,PERIOD_M5,PERIOD_H1,PERIOD_M15,PERIOD_M5,PERIOD_M5,false,htf_soft_alignment,current_post_filter,transcript_post_filter,dow_range_or_transition,no_ordered_dow_wave3_break,dow_range_or_transition,no_ordered_dow_wave3_break,false,false,true,SHORT,PERIOD_M5,double_top,double_top,4.200,none,0.000,double_top,4.200,none,0.000,SHORT,false,PERIOD_H1_NONE_dow_range_or_transition|PERIOD_M15_NONE_no_ordered_dow_wave3_break,true,h1_counter_m15_reversal,true,top_NONE_dow_range_or_transition|structure_NONE_no_ordered_dow_wave3_break|structure_break_recent_confirmed_swing_break_retest|primary_break_recent_confirmed_swing_break_failed,none,below_75sma_falling,below_75sma_flat_or_rising,below_75sma_falling,1,151.67000000,-1,0.00000000,false,off,NONE,NONE,0.00000000,0.00000000,0.0000,none,0.000,true,SHORT,return_low_break_or_bos_down,151.67000000,1,151.87300000,151.67000000,false,off,independent,false,,,false,0.0000,none,0.0000,0.0000,none,0.0000,0.0000,0.0000,none,0.0000,0,0,0.0000,none,none,none,none,0.0000,0,0.0000,none,false,true,not_evaluated,true,required_light_or_anchor_flip,bias_flip_down,151.67000000,2025.02.18 13:30:00,151.80700000,2025.02.18 13:00:00,2025.02.18 14:00:00,true,SHORT,151.67000000,151.64300000,0.3304,1,true,2025.02.18 15:30:00,1,SHORT,151.67000000,151.64300000,0.3304,0.3059,normal,2025.02.18 15:30:00,first_after_anchor,true,SHORT,1,1,1,true,false,fresh_0_4,true,false,false,true,none,true,required,true,PERIOD_M5,2025.02.18 15:35:00,2025.02.18 15:40:00,7,0.4573,true,151.67000000,0.4573,true,0.2990,true,m5_bos_down_after_anchor_retest,failed_close_back_inside,false,post_anchor_close_back_inside,true,required_first_signal_only,SHORT,unknown,0.00000000,,0.00000000,,false,,-1,false,NONE,0.00000000,,0.00000000,0.0000,0.0000,none,-1,false,false,false,insufficient_confirmed_m5_pivots,USDJPY|SHORT|1739892600|151.670,,,false,false,false,-1,-1,-1,-1,-1,false,false,false,0.0000,range_n,true,152.09300000,151.67000000,5.1766,true,0.3059,0.7312,0,normal,true,0.2458,shallow_236_382,0.080,diagnostic_only,diagnostic_only,diagnostic_only,fib_pullback,7,0.370,true,none,0.520,high_quality,false,false,diagnostic_only,both,true,none,true,diagnostic_adjacent_detected,required_light,false,false,LONG,4,false,false,1,2025.02.18 13:10:00,2025.02.18 15:20:00,9,4.4322,0.00000000,151.62100000,151.62100000,false,false,none,0.00000000,false,0.0000,0.0000,false,1,0.0000,false,-1,0.00000000,0.0000,off,false,not_evaluated,none,0.0000,0.0000,none,false,false,false,0.0000,none,false,none,0.0000,false,none,4.4322,2.4095,1.8394,1.1608,false,no_shrink,0.0000,none,none,false,false,none,0.0000,0.0000,0.0000,0.0000,none,false,false,0.0000,0.0000,false,false,-1,none,none,false,0.000,0.000,151.73795652,151.72100000,151.72100000,recent_rejection_zone,0.01600000,0.2581,neckline_level,151.77300000,0.6332,false,true,true,false,not_blocked,4,2,2,m5_failure_exit,off,none,0.00000000,0.0000,1.30,151.65600000,4.200,-0.300,0.200,PERIOD_M15,151.87300000,151.67000000,0.3300,outside,0.000,true,151.73700000,151.79900000,0.06200000,151.65600000,1.306,0.05685714,17.00,0-30,true,false,none,not_consumed,4.650,4.650,none,0.0000,false,opposite_break_first,true,opposite_break_first,spread_too_high
2025.02.18 16:10:00,blocked,session_reversal_pullback_one_symbol_first120,USDJPY,SHORT,2025.02.18 16:05:00,16,13,22,london_newyork_overlap,2025.02.18 13:00,5,first_120min,true,true,3,USDJPY,highest_score_in_session_bar,london_newyork_overlap=USDJPY|EURJPY|GBPJPY|AUDJPY|EURUSD|GBPUSD,existing_first120_gate,london_newyork_overlap,false,false,true,passed_first_window,double_top,neckline_break_retest,151.77300000,PERIOD_M5,PERIOD_H1,PERIOD_M15,PERIOD_M5,PERIOD_M5,false,htf_soft_alignment,current_post_filter,transcript_post_filter,dow_range_or_transition,no_ordered_dow_wave3_break,dow_range_or_transition,no_ordered_dow_wave3_break,false,false,true,SHORT,PERIOD_M5,double_top,double_top,4.200,none,0.000,double_top,4.200,none,0.000,SHORT,false,PERIOD_H1_NONE_dow_range_or_transition|PERIOD_M15_NONE_no_ordered_dow_wave3_break,true,h1_counter_m15_reversal,true,top_NONE_dow_range_or_transition|structure_NONE_no_ordered_dow_wave3_break|structure_break_recent_confirmed_swing_break_retest|primary_break_recent_confirmed_swing_break_failed,none,below_75sma_falling,below_75sma_flat_or_rising,below_75sma_falling,1,151.67000000,-1,0.00000000,false,off,NONE,NONE,0.00000000,0.00000000,0.0000,none,0.000,true,SHORT,return_low_break_or_bos_down,151.67000000,1,151.87300000,151.67000000,false,off,independent,false,,,false,0.0000,none,0.0000,0.0000,none,0.0000,0.0000,0.0000,none,0.0000,0,0,0.0000,none,none,none,none,0.0000,0,0.0000,none,false,true,not_evaluated,true,required_light_or_anchor_flip,bias_flip_down,151.67000000,2025.02.18 13:30:00,151.80700000,2025.02.18 13:00:00,2025.02.18 14:00:00,true,SHORT,151.67000000,151.64300000,0.3304,1,true,2025.02.18 15:30:00,1,SHORT,151.67000000,151.64300000,0.3304,0.3059,normal,2025.02.18 15:30:00,first_after_anchor,true,SHORT,1,1,1,true,false,fresh_0_4,true,false,false,true,none,true,required,true,PERIOD_M5,2025.02.18 15:35:00,2025.02.18 15:40:00,7,0.4573,true,151.67000000,0.4573,true,0.2990,true,m5_bos_down_after_anchor_retest,failed_close_back_inside,false,post_anchor_close_back_inside,true,required_first_signal_only,SHORT,unknown,0.00000000,,0.00000000,,false,,-1,false,NONE,0.00000000,,0.00000000,0.0000,0.0000,none,-1,false,false,false,insufficient_confirmed_m5_pivots,USDJPY|SHORT|1739892600|151.670,,,false,false,false,-1,-1,-1,-1,-1,false,false,false,0.0000,range_n,true,152.09300000,151.67000000,5.1766,true,0.3059,0.7312,0,normal,true,0.2458,shallow_236_382,0.080,diagnostic_only,diagnostic_only,diagnostic_only,fib_pullback,7,0.370,true,none,0.520,high_quality,false,false,diagnostic_only,both,true,none,true,diagnostic_adjacent_detected,required_light,false,false,LONG,4,false,false,1,2025.02.18 13:10:00,2025.02.18 15:20:00,9,4.4322,0.00000000,151.62100000,151.62100000,false,false,none,0.00000000,false,0.0000,0.0000,false,1,0.0000,false,-1,0.00000000,0.0000,off,false,not_evaluated,none,0.0000,0.0000,none,false,false,false,0.0000,none,false,none,0.0000,false,none,4.4322,2.4095,1.8394,1.1608,false,no_shrink,0.0000,none,none,false,false,none,0.0000,0.0000,0.0000,0.0000,none,false,false,0.0000,0.0000,false,false,-1,none,none,false,0.000,0.000,151.73795652,151.72100000,151.72100000,recent_rejection_zone,0.01600000,0.2581,neckline_level,151.77300000,0.6332,false,true,true,false,not_blocked,4,2,2,m5_failure_exit,off,none,0.00000000,0.0000,1.30,151.65600000,4.200,-0.300,0.200,PERIOD_M15,151.87300000,151.67000000,0.3300,outside,0.000,true,151.73700000,151.79900000,0.06200000,151.65600000,1.306,0.05685714,17.00,0-30,true,false,none,blocked_spread_too_high,4.650,4.650,none,0.0000,false,opposite_break_first,true,opposite_break_first,spread_too_high
2025.02.18 19:15:00,signal,session_reversal_pullback_one_symbol_first120,GBPUSD,SHORT,2025.02.18 19:10:00,19,16,1,new_york,2025.02.18 16:00,10,first_120min,true,true,3,GBPUSD,highest_score_in_session_bar,new_york=USDJPY|EURJPY|GBPJPY|AUDJPY|EURUSD|GBPUSD,existing_first120_gate,new_york,false,false,true,passed_first_window,double_top,neckline_break_retest,1.26055000,PERIOD_M5,PERIOD_H1,PERIOD_M15,PERIOD_M5,PERIOD_M5,false,htf_soft_alignment,current_post_filter,transcript_post_filter,dow_range_or_transition,no_ordered_dow_wave3_break,dow_range_or_transition,no_ordered_dow_wave3_break,false,false,true,SHORT,PERIOD_M5,double_top,double_top,4.200,none,0.000,double_top,4.200,none,0.000,SHORT,false,PERIOD_H1_NONE_dow_range_or_transition|PERIOD_M15_NONE_no_ordered_dow_wave3_break,true,h1_counter_m15_reversal,true,top_NONE_dow_range_or_transition|structure_NONE_no_ordered_dow_wave3_break|structure_break_recent_confirmed_swing_break_failed|primary_break_recent_confirmed_swing_break_continuation,none,above_75sma_rising,below_75sma_falling,above_75sma_rising,-1,0.00000000,0,1.26097000,false,off,NONE,NONE,0.00000000,0.00000000,0.0000,none,0.000,true,SHORT,return_low_break_or_bos_down,1.25906000,16,1.26200000,1.25815000,false,off,independent,false,,,false,0.0000,none,0.0000,0.0000,none,0.0000,0.0000,0.0000,none,0.0000,0,0,0.0000,none,none,none,none,0.0000,0,0.0000,none,false,true,not_evaluated,true,required_light_or_anchor_flip,long_bias,1.25815000,2025.02.18 15:00:00,1.26066000,2025.02.18 14:00:00,2025.02.18 17:45:00,false,NONE,0.00000000,0.00000000,0.0000,-1,false,,-1,NONE,0.00000000,0.00000000,0.0000,0.0000,none,,none,false,NONE,-1,-1,-1,false,false,none,false,true,false,true,none,true,required,false,PERIOD_M5,,,-1,0.0000,false,0.00000000,0.0000,false,0.0000,false,none,none,false,no_anchor_flip_in_entry_direction,true,required_first_signal_only,SHORT,unknown,0.00000000,,0.00000000,,false,,-1,false,NONE,0.00000000,,0.00000000,0.0000,0.0000,none,-1,false,false,false,no_anchor_flip_in_entry_direction,,,,false,false,false,-1,-1,-1,-1,-1,false,false,false,0.0000,rising_n,false,1.26221000,1.25815000,4.3257,false,0.0000,0.0000,0,none,true,0.5766,preferred_382_618,0.200,diagnostic_only,diagnostic_only,diagnostic_only,fib_pullback,5,0.490,true,none,0.640,high_quality,false,false,diagnostic_only,both,true,none,true,diagnostic_adjacent_detected,required_light,false,true,LONG,7,true,true,2,2025.02.18 17:50:00,2025.02.18 18:25:00,9,1.9462,0.00000000,1.26097000,1.26097000,true,true,m5_hl_close_break_down,1.26097000,true,0.4395,1.6532,true,1,0.2093,false,7,1.26097000,0.0209,off,false,not_evaluated,none,0.8100,0.0600,very_strong,false,false,false,0.2093,held_no_close_back,true,favorable_side,0.2000,false,clean_retest,1.8206,1.8206,1.0000,0.1256,false,mild_exhaustion,0.0000,none,none,false,false,none,0.0000,0.0000,0.0000,0.0000,none,false,false,0.0000,0.0000,false,false,-1,none,none,false,0.000,0.000,1.26055000,1.26032000,1.26032000,pre_session_low,0.00005000,0.0407,neckline_level,1.26055000,0.3767,false,true,true,false,not_blocked,7,5,2,m5_failure_exit,off,none,0.00000000,0.0000,1.30,1.25878000,4.200,-0.300,0.200,PERIOD_M15,1.26200000,1.25815000,0.5766,preferred_382_618,0.000,true,1.26037000,1.26160000,0.00123000,1.25878000,1.293,0.00047786,20.00,0-30,true,false,none,not_consumed,4.500,4.500,none,0.0000,false,neckline_retest_failed,false,not_invalidated,spread_too_high
2025.02.18 19:15:00,blocked,session_reversal_pullback_one_symbol_first120,GBPUSD,SHORT,2025.02.18 19:10:00,19,16,1,new_york,2025.02.18 16:00,10,first_120min,true,true,3,GBPUSD,highest_score_in_session_bar,new_york=USDJPY|EURJPY|GBPJPY|AUDJPY|EURUSD|GBPUSD,existing_first120_gate,new_york,false,false,true,passed_first_window,double_top,neckline_break_retest,1.26055000,PERIOD_M5,PERIOD_H1,PERIOD_M15,PERIOD_M5,PERIOD_M5,false,htf_soft_alignment,current_post_filter,transcript_post_filter,dow_range_or_transition,no_ordered_dow_wave3_break,dow_range_or_transition,no_ordered_dow_wave3_break,false,false,true,SHORT,PERIOD_M5,double_top,double_top,4.200,none,0.000,double_top,4.200,none,0.000,SHORT,false,PERIOD_H1_NONE_dow_range_or_transition|PERIOD_M15_NONE_no_ordered_dow_wave3_break,true,h1_counter_m15_reversal,true,top_NONE_dow_range_or_transition|structure_NONE_no_ordered_dow_wave3_break|structure_break_recent_confirmed_swing_break_failed|primary_break_recent_confirmed_swing_break_continuation,none,above_75sma_rising,below_75sma_falling,above_75sma_rising,-1,0.00000000,0,1.26097000,false,off,NONE,NONE,0.00000000,0.00000000,0.0000,none,0.000,true,SHORT,return_low_break_or_bos_down,1.25906000,16,1.26200000,1.25815000,false,off,independent,false,,,false,0.0000,none,0.0000,0.0000,none,0.0000,0.0000,0.0000,none,0.0000,0,0,0.0000,none,none,none,none,0.0000,0,0.0000,none,false,true,not_evaluated,true,required_light_or_anchor_flip,long_bias,1.25815000,2025.02.18 15:00:00,1.26066000,2025.02.18 14:00:00,2025.02.18 17:45:00,false,NONE,0.00000000,0.00000000,0.0000,-1,false,,-1,NONE,0.00000000,0.00000000,0.0000,0.0000,none,,none,false,NONE,-1,-1,-1,false,false,none,false,true,false,true,none,true,required,false,PERIOD_M5,,,-1,0.0000,false,0.00000000,0.0000,false,0.0000,false,none,none,false,no_anchor_flip_in_entry_direction,true,required_first_signal_only,SHORT,unknown,0.00000000,,0.00000000,,false,,-1,false,NONE,0.00000000,,0.00000000,0.0000,0.0000,none,-1,false,false,false,no_anchor_flip_in_entry_direction,,,,false,false,false,-1,-1,-1,-1,-1,false,false,false,0.0000,rising_n,false,1.26221000,1.25815000,4.3257,false,0.0000,0.0000,0,none,true,0.5766,preferred_382_618,0.200,diagnostic_only,diagnostic_only,diagnostic_only,fib_pullback,5,0.490,true,none,0.640,high_quality,false,false,diagnostic_only,both,true,none,true,diagnostic_adjacent_detected,required_light,false,true,LONG,7,true,true,2,2025.02.18 17:50:00,2025.02.18 18:25:00,9,1.9462,0.00000000,1.26097000,1.26097000,true,true,m5_hl_close_break_down,1.26097000,true,0.4395,1.6532,true,1,0.2093,false,7,1.26097000,0.0209,off,false,not_evaluated,none,0.8100,0.0600,very_strong,false,false,false,0.2093,held_no_close_back,true,favorable_side,0.2000,false,clean_retest,1.8206,1.8206,1.0000,0.1256,false,mild_exhaustion,0.0000,none,none,false,false,none,0.0000,0.0000,0.0000,0.0000,none,false,false,0.0000,0.0000,false,false,-1,none,none,false,0.000,0.000,1.26055000,1.26032000,1.26032000,pre_session_low,0.00005000,0.0407,neckline_level,1.26055000,0.3767,false,true,true,false,not_blocked,7,5,2,m5_failure_exit,off,none,0.00000000,0.0000,1.30,1.25878000,4.200,-0.300,0.200,PERIOD_M15,1.26200000,1.25815000,0.5766,preferred_382_618,0.000,true,1.26037000,1.26160000,0.00123000,1.25878000,1.293,0.00047786,20.00,0-30,true,false,none,blocked_spread_too_high,4.500,4.500,none,0.0000,false,neckline_retest_failed,false,not_invalidated,spread_too_high
2025.02.19 04:35:00,signal,session_reversal_pullback_one_symbol_first120,USDJPY,LONG,2025.02.19 04:30:00,4,1,10,tokyo,2025.02.19 00:00,90,first_120min,false,true,3,USDJPY,highest_score_in_session_bar,tokyo=USDJPY|EURJPY|GBPJPY|AUDJPY,existing_first120_gate,tokyo,true,false,true,passed_first_window,inverse_head_and_shoulders,neckline_break_retest,151.99300000,PERIOD_M5,PERIOD_H1,PERIOD_M15,PERIOD_M5,PERIOD_M5,false,htf_soft_alignment,current_post_filter,transcript_post_filter,dow_range_or_transition,structure_trend_bias_dow_trend_down_ll_lh,dow_range_or_transition,structure_trend_bias_dow_trend_down_ll_lh,false,true,false,LONG,PERIOD_M5,inverse_head_and_shoulders,inverse_head_and_shoulders,4.500,none,0.000,inverse_head_and_shoulders,4.500,none,0.000,LONG,false,PERIOD_H1_NONE_dow_range_or_transition|PERIOD_M15_SHORT_structure_trend_bias_dow_trend_down_ll_lh,true,h1_counter_m15_reversal,true,top_NONE_dow_range_or_transition|structure_SHORT_structure_trend_bias_dow_trend_down_ll_lh|structure_break_recent_confirmed_swing_break_retest|primary_break_recent_confirmed_swing_break_failed,none,above_75sma_flat_or_falling,above_75sma_rising,above_75sma_rising,0,152.09100000,-1,0.00000000,false,off,NONE,NONE,0.00000000,0.00000000,0.0000,none,0.000,true,LONG,return_high_break_or_bos_up,152.09100000,0,152.09100000,151.82400000,false,off,independent,false,,,false,0.0000,none,0.0000,0.0000,none,0.0000,0.0000,0.0000,none,0.0000,0,0,0.0000,none,none,none,none,0.0000,0,0.0000,none,false,true,not_evaluated,true,required_light_or_anchor_flip,bias_flip_up,151.82400000,2025.02.19 02:00:00,152.10700000,2025.02.19 03:00:00,2025.02.19 03:30:00,true,LONG,152.10700000,152.13000000,0.1647,2,true,2025.02.19 03:45:00,2,LONG,152.10700000,152.13000000,0.1647,1.7974,normal,2025.02.19 04:00:00,first_after_anchor,true,LONG,2,1,2,true,false,fresh_0_4,true,false,false,true,none,true,required,true,PERIOD_M5,2025.02.19 03:50:00,2025.02.19 03:55:00,9,0.5077,true,152.10700000,0.5077,true,0.2633,true,m5_bos_up_after_anchor_retest,failed_close_back_inside,false,post_anchor_close_back_inside,true,required_first_signal_only,LONG,unknown,0.00000000,,0.00000000,,false,,-1,false,NONE,0.00000000,,0.00000000,0.0000,0.0000,none,-1,false,false,false,insufficient_confirmed_m5_pivots,USDJPY|LONG|1739936700|152.107,,,false,false,false,-1,-1,-1,-1,-1,false,false,false,0.0000,range_n,true,152.11700000,151.73900000,2.7069,true,1.7974,0.1433,2,normal,true,0.4444,preferred_382_618,0.200,diagnostic_only,diagnostic_only,diagnostic_only,shallow_pullback,9,0.440,true,none,0.590,high_quality,false,false,diagnostic_only,both,true,none,true,diagnostic_adjacent_detected,required_light,false,false,SHORT,4,false,false,1,2025.02.19 02:05:00,2025.02.19 04:05:00,5,5.3311,152.30600000,0.00000000,152.30600000,false,false,none,0.00000000,false,0.0000,0.0000,false,1,0.0000,false,-1,0.00000000,0.0000,off,false,not_evaluated,none,0.0000,0.0000,none,false,false,false,0.0000,none,false,none,0.0000,false,none,5.3311,2.6608,2.0035,0.7992,false,no_shrink,0.0000,none,none,false,false,none,0.0000,0.0000,0.0000,0.0000,none,false,false,0.0000,0.0000,false,false,-1,none,none,false,0.000,0.000,152.09100000,151.99300000,152.09100000,structure_confirmed_swing_high,0.03700000,0.1167,neckline_level,151.99300000,0.5735,false,true,true,false,not_blocked,11,7,4,m5_failure_exit,off,none,0.00000000,0.0000,1.30,152.46600000,4.500,-0.300,0.200,PERIOD_M15,152.09100000,151.82400000,0.1386,outside,0.000,true,152.05400000,151.73700000,0.31700000,152.46600000,1.300,0.10635714,18.00,90-120,true,false,none,not_consumed,4.950,4.950,none,0.0000,false,opposite_break_first,true,opposite_break_first,session_invalidated
2025.02.19 04:35:00,blocked,session_reversal_pullback_one_symbol_first120,USDJPY,LONG,2025.02.19 04:30:00,4,1,10,tokyo,2025.02.19 00:00,90,first_120min,false,true,3,USDJPY,highest_score_in_session_bar,tokyo=USDJPY|EURJPY|GBPJPY|AUDJPY,existing_first120_gate,tokyo,true,false,true,passed_first_window,inverse_head_and_shoulders,neckline_break_retest,151.99300000,PERIOD_M5,PERIOD_H1,PERIOD_M15,PERIOD_M5,PERIOD_M5,false,htf_soft_alignment,current_post_filter,transcript_post_filter,dow_range_or_transition,structure_trend_bias_dow_trend_down_ll_lh,dow_range_or_transition,structure_trend_bias_dow_trend_down_ll_lh,false,true,false,LONG,PERIOD_M5,inverse_head_and_shoulders,inverse_head_and_shoulders,4.500,none,0.000,inverse_head_and_shoulders,4.500,none,0.000,LONG,false,PERIOD_H1_NONE_dow_range_or_transition|PERIOD_M15_SHORT_structure_trend_bias_dow_trend_down_ll_lh,true,h1_counter_m15_reversal,true,top_NONE_dow_range_or_transition|structure_SHORT_structure_trend_bias_dow_trend_down_ll_lh|structure_break_recent_confirmed_swing_break_retest|primary_break_recent_confirmed_swing_break_failed,none,above_75sma_flat_or_falling,above_75sma_rising,above_75sma_rising,0,152.09100000,-1,0.00000000,false,off,NONE,NONE,0.00000000,0.00000000,0.0000,none,0.000,true,LONG,return_high_break_or_bos_up,152.09100000,0,152.09100000,151.82400000,false,off,independent,false,,,false,0.0000,none,0.0000,0.0000,none,0.0000,0.0000,0.0000,none,0.0000,0,0,0.0000,none,none,none,none,0.0000,0,0.0000,none,false,true,not_evaluated,true,required_light_or_anchor_flip,bias_flip_up,151.82400000,2025.02.19 02:00:00,152.10700000,2025.02.19 03:00:00,2025.02.19 03:30:00,true,LONG,152.10700000,152.13000000,0.1647,2,true,2025.02.19 03:45:00,2,LONG,152.10700000,152.13000000,0.1647,1.7974,normal,2025.02.19 04:00:00,first_after_anchor,true,LONG,2,1,2,true,false,fresh_0_4,true,false,false,true,none,true,required,true,PERIOD_M5,2025.02.19 03:50:00,2025.02.19 03:55:00,9,0.5077,true,152.10700000,0.5077,true,0.2633,true,m5_bos_up_after_anchor_retest,failed_close_back_inside,false,post_anchor_close_back_inside,true,required_first_signal_only,LONG,unknown,0.00000000,,0.00000000,,false,,-1,false,NONE,0.00000000,,0.00000000,0.0000,0.0000,none,-1,false,false,false,insufficient_confirmed_m5_pivots,USDJPY|LONG|1739936700|152.107,,,false,false,false,-1,-1,-1,-1,-1,false,false,false,0.0000,range_n,true,152.11700000,151.73900000,2.7069,true,1.7974,0.1433,2,normal,true,0.4444,preferred_382_618,0.200,diagnostic_only,diagnostic_only,diagnostic_only,shallow_pullback,9,0.440,true,none,0.590,high_quality,false,false,diagnostic_only,both,true,none,true,diagnostic_adjacent_detected,required_light,false,false,SHORT,4,false,false,1,2025.02.19 02:05:00,2025.02.19 04:05:00,5,5.3311,152.30600000,0.00000000,152.30600000,false,false,none,0.00000000,false,0.0000,0.0000,false,1,0.0000,false,-1,0.00000000,0.0000,off,false,not_evaluated,none,0.0000,0.0000,none,false,false,false,0.0000,none,false,none,0.0000,false,none,5.3311,2.6608,2.0035,0.7992,false,no_shrink,0.0000,none,none,false,false,none,0.0000,0.0000,0.0000,0.0000,none,false,false,0.0000,0.0000,false,false,-1,none,none,false,0.000,0.000,152.09100000,151.99300000,152.09100000,structure_confirmed_swing_high,0.03700000,0.1167,neckline_level,151.99300000,0.5735,false,true,true,false,not_blocked,11,7,4,m5_failure_exit,off,none,0.00000000,0.0000,1.30,152.46600000,4.500,-0.300,0.200,PERIOD_M15,152.09100000,151.82400000,0.1386,outside,0.000,true,152.05400000,151.73700000,0.31700000,152.46600000,1.300,0.10635714,18.00,90-120,true,false,none,blocked_session_invalidated,4.950,4.950,none,0.0000,false,opposite_break_first,true,opposite_break_first,session_invalidated
2025.02.19 10:30:00,signal,session_reversal_pullback_one_symbol_first120,AUDJPY,LONG,2025.02.19 10:25:00,10,7,16,london,2025.02.19 07:00,25,first_120min,true,true,3,AUDJPY,highest_score_in_session_bar,london=USDJPY|EURJPY|GBPJPY|AUDJPY|EURUSD|GBPUSD,existing_first120_gate,london,false,false,true,passed_first_window,double_bottom,neckline_break_retest,96.53300000,PERIOD_M5,PERIOD_H1,PERIOD_M15,PERIOD_M5,PERIOD_M5,false,htf_soft_alignment,current_post_filter,transcript_post_filter,dow_range_or_transition,structure_trend_bias_dow_trend_down_ll_lh,dow_range_or_transition,structure_trend_bias_dow_trend_down_ll_lh,false,true,false,LONG,PERIOD_M5,double_bottom,double_bottom,4.200,none,0.000,double_bottom,4.200,none,0.000,LONG,false,PERIOD_H1_NONE_dow_range_or_transition|PERIOD_M15_SHORT_structure_trend_bias_dow_trend_down_ll_lh,true,h1_counter_m15_reversal,true,top_NONE_dow_range_or_transition|structure_SHORT_structure_trend_bias_dow_trend_down_ll_lh|structure_break_recent_confirmed_swing_break_failed|primary_break_no_recent_confirmed_swing_break,none,below_75sma_flat_or_rising,above_75sma_rising,below_75sma_falling,-1,0.00000000,-1,0.00000000,false,off,NONE,NONE,0.00000000,0.00000000,0.0000,none,0.000,true,LONG,return_high_break_or_bos_up,96.62300000,19,96.63900000,96.46200000,false,off,independent,false,,,false,0.0000,none,0.0000,0.0000,none,0.0000,0.0000,0.0000,none,0.0000,0,0,0.0000,none,none,none,none,0.0000,0,0.0000,none,false,true,not_evaluated,true,required_light_or_anchor_flip,short_bias,96.25700000,2025.02.19 03:30:00,96.63900000,2025.02.19 07:30:00,2025.02.19 09:00:00,false,NONE,0.00000000,0.00000000,0.0000,-1,false,,-1,NONE,0.00000000,0.00000000,0.0000,0.0000,none,,none,false,NONE,-1,-1,-1,false,false,none,false,true,false,true,none,true,required,false,PERIOD_M5,,,-1,0.0000,false,0.00000000,0.0000,false,0.0000,false,none,none,false,no_anchor_flip_in_entry_direction,true,required_first_signal_only,LONG,unknown,0.00000000,,0.00000000,,false,,-1,false,NONE,0.00000000,,0.00000000,0.0000,0.0000,none,-1,false,false,false,no_anchor_flip_in_entry_direction,,,,false,false,false,-1,-1,-1,-1,-1,false,false,false,0.0000,falling_n,false,96.74900000,96.25700000,6.5663,false,0.0000,0.0000,0,none,true,0.5811,preferred_382_618,0.200,diagnostic_only,diagnostic_only,diagnostic_only,shallow_pullback,5,0.490,true,none,0.640,high_quality,false,false,diagnostic_only,both,true,none,true,diagnostic_adjacent_detected,required_light,false,false,SHORT,6,false,false,1,2025.02.19 08:50:00,2025.02.19 09:35:00,10,2.3788,96.57500000,0.00000000,96.57500000,false,false,none,0.00000000,false,0.0000,0.0000,false,1,0.0000,false,-1,0.00000000,0.0000,off,false,not_evaluated,none,0.0000,0.0000,none,false,false,false,0.0000,none,false,none,0.0000,false,none,1.8719,2.3788,0.7869,0.0000,true,strong_exhaustion,0.0000,none,none,false,false,none,0.0000,0.0000,0.0000,0.0000,none,false,false,0.0000,0.0000,false,false,-1,none,none,false,0.000,0.000,96.62800000,96.57600000,96.62800000,failed_breakout_level,0.05100000,0.4679,session_high|opening_range_high|neckline_level,96.56200000,0.2925,false,true,false,false,not_blocked,2,2,0,m5_failure_exit,off,none,0.00000000,0.0000,1.30,96.71900000,4.200,-0.300,0.200,PERIOD_M15,96.63900000,96.46200000,0.3503,outside,0.000,true,96.57700000,96.46800000,0.10900000,96.71900000,1.303,0.05128571,28.00,0-30,true,false,none,not_consumed,4.300,4.300,none,0.0000,false,neckline_retest_failed,false,not_invalidated,spread_too_high
2025.02.19 10:30:00,blocked,session_reversal_pullback_one_symbol_first120,AUDJPY,LONG,2025.02.19 10:25:00,10,7,16,london,2025.02.19 07:00,25,first_120min,true,true,3,AUDJPY,highest_score_in_session_bar,london=USDJPY|EURJPY|GBPJPY|AUDJPY|EURUSD|GBPUSD,existing_first120_gate,london,false,false,true,passed_first_window,double_bottom,neckline_break_retest,96.53300000,PERIOD_M5,PERIOD_H1,PERIOD_M15,PERIOD_M5,PERIOD_M5,false,htf_soft_alignment,current_post_filter,transcript_post_filter,dow_range_or_transition,structure_trend_bias_dow_trend_down_ll_lh,dow_range_or_transition,structure_trend_bias_dow_trend_down_ll_lh,false,true,false,LONG,PERIOD_M5,double_bottom,double_bottom,4.200,none,0.000,double_bottom,4.200,none,0.000,LONG,false,PERIOD_H1_NONE_dow_range_or_transition|PERIOD_M15_SHORT_structure_trend_bias_dow_trend_down_ll_lh,true,h1_counter_m15_reversal,true,top_NONE_dow_range_or_transition|structure_SHORT_structure_trend_bias_dow_trend_down_ll_lh|structure_break_recent_confirmed_swing_break_failed|primary_break_no_recent_confirmed_swing_break,none,below_75sma_flat_or_rising,above_75sma_rising,below_75sma_falling,-1,0.00000000,-1,0.00000000,false,off,NONE,NONE,0.00000000,0.00000000,0.0000,none,0.000,true,LONG,return_high_break_or_bos_up,96.62300000,19,96.63900000,96.46200000,false,off,independent,false,,,false,0.0000,none,0.0000,0.0000,none,0.0000,0.0000,0.0000,none,0.0000,0,0,0.0000,none,none,none,none,0.0000,0,0.0000,none,false,true,not_evaluated,true,required_light_or_anchor_flip,short_bias,96.25700000,2025.02.19 03:30:00,96.63900000,2025.02.19 07:30:00,2025.02.19 09:00:00,false,NONE,0.00000000,0.00000000,0.0000,-1,false,,-1,NONE,0.00000000,0.00000000,0.0000,0.0000,none,,none,false,NONE,-1,-1,-1,false,false,none,false,true,false,true,none,true,required,false,PERIOD_M5,,,-1,0.0000,false,0.00000000,0.0000,false,0.0000,false,none,none,false,no_anchor_flip_in_entry_direction,true,required_first_signal_only,LONG,unknown,0.00000000,,0.00000000,,false,,-1,false,NONE,0.00000000,,0.00000000,0.0000,0.0000,none,-1,false,false,false,no_anchor_flip_in_entry_direction,,,,false,false,false,-1,-1,-1,-1,-1,false,false,false,0.0000,falling_n,false,96.74900000,96.25700000,6.5663,false,0.0000,0.0000,0,none,true,0.5811,preferred_382_618,0.200,diagnostic_only,diagnostic_only,diagnostic_only,shallow_pullback,5,0.490,true,none,0.640,high_quality,false,false,diagnostic_only,both,true,none,true,diagnostic_adjacent_detected,required_light,false,false,SHORT,6,false,false,1,2025.02.19 08:50:00,2025.02.19 09:35:00,10,2.3788,96.57500000,0.00000000,96.57500000,false,false,none,0.00000000,false,0.0000,0.0000,false,1,0.0000,false,-1,0.00000000,0.0000,off,false,not_evaluated,none,0.0000,0.0000,none,false,false,false,0.0000,none,false,none,0.0000,false,none,1.8719,2.3788,0.7869,0.0000,true,strong_exhaustion,0.0000,none,none,false,false,none,0.0000,0.0000,0.0000,0.0000,none,false,false,0.0000,0.0000,false,false,-1,none,none,false,0.000,0.000,96.62800000,96.57600000,96.62800000,failed_breakout_level,0.05100000,0.4679,session_high|opening_range_high|neckline_level,96.56200000,0.2925,false,true,false,false,not_blocked,2,2,0,m5_failure_exit,off,none,0.00000000,0.0000,1.30,96.71900000,4.200,-0.300,0.200,PERIOD_M15,96.63900000,96.46200000,0.3503,outside,0.000,true,96.57700000,96.46800000,0.10900000,96.71900000,1.303,0.05128571,28.00,0-30,true,false,none,blocked_spread_too_high,4.300,4.300,none,0.0000,false,neckline_retest_failed,false,not_invalidated,spread_too_high
2025.02.19 19:45:00,signal,session_reversal_pullback_one_symbol_first120,USDJPY,LONG,2025.02.19 19:40:00,19,16,1,new_york,2025.02.19 16:00,40,first_120min,true,true,3,USDJPY,highest_score_in_session_bar,new_york=USDJPY|EURJPY|GBPJPY|AUDJPY|EURUSD|GBPUSD,existing_first120_gate,new_york,false,false,true,passed_first_window,double_bottom,neckline_break_retest,151.68300000,PERIOD_M5,PERIOD_H1,PERIOD_M15,PERIOD_M5,PERIOD_M5,false,htf_soft_alignment,current_post_filter,transcript_post_filter,dow_range_or_transition,structure_trend_bias_dow_trend_down_ll_lh,dow_range_or_transition,structure_trend_bias_dow_trend_down_ll_lh,false,true,false,LONG,PERIOD_M5,double_bottom,double_bottom,4.200,none,0.000,double_bottom,4.200,none,0.000,LONG,false,PERIOD_H1_NONE_dow_range_or_transition|PERIOD_M15_SHORT_structure_trend_bias_dow_trend_down_ll_lh,true,h1_counter_m15_reversal,true,top_NONE_dow_range_or_transition|structure_SHORT_structure_trend_bias_dow_trend_down_ll_lh|structure_break_recent_confirmed_swing_break_failed|primary_break_recent_confirmed_swing_break_retest,none,below_75sma_falling,below_75sma_falling,above_75sma_flat_or_falling,-1,0.00000000,0,151.69400000,false,off,NONE,NONE,0.00000000,0.00000000,0.0000,none,0.000,true,LONG,return_high_break_or_bos_up,151.85000000,19,151.92200000,151.23300000,false,off,independent,false,,,false,0.0000,none,0.0000,0.0000,none,0.0000,0.0000,0.0000,none,0.0000,0,0,0.0000,none,none,none,none,0.0000,0,0.0000,none,false,true,not_evaluated,true,required_light_or_anchor_flip,short_bias,151.70600000,2025.02.19 12:45:00,151.92200000,2025.02.19 14:45:00,2025.02.19 17:00:00,false,NONE,0.00000000,0.00000000,0.0000,-1,false,,-1,NONE,0.00000000,0.00000000,0.0000,0.0000,none,,none,false,NONE,-1,-1,-1,false,false,none,false,true,false,true,none,true,required,false,PERIOD_M5,,,-1,0.0000,false,0.00000000,0.0000,false,0.0000,false,none,none,false,no_anchor_flip_in_entry_direction,true,required_first_signal_only,LONG,unknown,0.00000000,,0.00000000,,false,,-1,false,NONE,0.00000000,,0.00000000,0.0000,0.0000,none,-1,false,false,false,no_anchor_flip_in_entry_direction,,,,false,false,false,-1,-1,-1,-1,-1,false,false,false,0.0000,falling_n,false,151.94800000,151.23300000,6.0120,false,0.0000,0.0000,0,none,true,0.2881,shallow_236_382,0.080,diagnostic_only,diagnostic_only,diagnostic_only,fib_pullback,10,0.320,true,none,0.470,high_quality,false,false,diagnostic_only,both,true,none,true,diagnostic_adjacent_detected,required_light,false,false,SHORT,3,false,false,0,,,-1,0.0000,0.00000000,0.00000000,0.00000000,false,false,none,0.00000000,false,0.0000,0.0000,false,1,0.0000,false,-1,0.00000000,0.0000,off,false,not_evaluated,none,0.0000,0.0000,none,false,false,false,0.0000,none,false,none,0.0000,false,none,0.0000,0.0000,0.0000,0.0000,false,none,0.0000,none,none,false,false,none,0.0000,0.0000,0.0000,0.0000,none,false,false,0.0000,0.0000,false,false,-1,none,none,false,0.000,0.000,151.75200000,151.69400000,0.00000000,none,0.00000000,0.0000,session_high|opening_range_high|neckline_level,151.75200000,0.2439,true,false,false,false,not_blocked,0,0,0,m5_failure_exit,off,none,0.00000000,0.0000,1.30,151.90200000,4.200,0.350,0.200,PERIOD_M15,151.92200000,151.23300000,0.2612,outside,0.000,true,151.74200000,151.61900000,0.12300000,151.90200000,1.301,0.04100000,16.00,30-60,true,false,none,not_consumed,5.150,5.150,none,0.0000,false,opposite_break_first,true,opposite_break_first,spread_too_high
2025.02.19 19:45:00,blocked,session_reversal_pullback_one_symbol_first120,USDJPY,LONG,2025.02.19 19:40:00,19,16,1,new_york,2025.02.19 16:00,40,first_120min,true,true,3,USDJPY,highest_score_in_session_bar,new_york=USDJPY|EURJPY|GBPJPY|AUDJPY|EURUSD|GBPUSD,existing_first120_gate,new_york,false,false,true,passed_first_window,double_bottom,neckline_break_retest,151.68300000,PERIOD_M5,PERIOD_H1,PERIOD_M15,PERIOD_M5,PERIOD_M5,false,htf_soft_alignment,current_post_filter,transcript_post_filter,dow_range_or_transition,structure_trend_bias_dow_trend_down_ll_lh,dow_range_or_transition,structure_trend_bias_dow_trend_down_ll_lh,false,true,false,LONG,PERIOD_M5,double_bottom,double_bottom,4.200,none,0.000,double_bottom,4.200,none,0.000,LONG,false,PERIOD_H1_NONE_dow_range_or_transition|PERIOD_M15_SHORT_structure_trend_bias_dow_trend_down_ll_lh,true,h1_counter_m15_reversal,true,top_NONE_dow_range_or_transition|structure_SHORT_structure_trend_bias_dow_trend_down_ll_lh|structure_break_recent_confirmed_swing_break_failed|primary_break_recent_confirmed_swing_break_retest,none,below_75sma_falling,below_75sma_falling,above_75sma_flat_or_falling,-1,0.00000000,0,151.69400000,false,off,NONE,NONE,0.00000000,0.00000000,0.0000,none,0.000,true,LONG,return_high_break_or_bos_up,151.85000000,19,151.92200000,151.23300000,false,off,independent,false,,,false,0.0000,none,0.0000,0.0000,none,0.0000,0.0000,0.0000,none,0.0000,0,0,0.0000,none,none,none,none,0.0000,0,0.0000,none,false,true,not_evaluated,true,required_light_or_anchor_flip,short_bias,151.70600000,2025.02.19 12:45:00,151.92200000,2025.02.19 14:45:00,2025.02.19 17:00:00,false,NONE,0.00000000,0.00000000,0.0000,-1,false,,-1,NONE,0.00000000,0.00000000,0.0000,0.0000,none,,none,false,NONE,-1,-1,-1,false,false,none,false,true,false,true,none,true,required,false,PERIOD_M5,,,-1,0.0000,false,0.00000000,0.0000,false,0.0000,false,none,none,false,no_anchor_flip_in_entry_direction,true,required_first_signal_only,LONG,unknown,0.00000000,,0.00000000,,false,,-1,false,NONE,0.00000000,,0.00000000,0.0000,0.0000,none,-1,false,false,false,no_anchor_flip_in_entry_direction,,,,false,false,false,-1,-1,-1,-1,-1,false,false,false,0.0000,falling_n,false,151.94800000,151.23300000,6.0120,false,0.0000,0.0000,0,none,true,0.2881,shallow_236_382,0.080,diagnostic_only,diagnostic_only,diagnostic_only,fib_pullback,10,0.320,true,none,0.470,high_quality,false,false,diagnostic_only,both,true,none,true,diagnostic_adjacent_detected,required_light,false,false,SHORT,3,false,false,0,,,-1,0.0000,0.00000000,0.00000000,0.00000000,false,false,none,0.00000000,false,0.0000,0.0000,false,1,0.0000,false,-1,0.00000000,0.0000,off,false,not_evaluated,none,0.0000,0.0000,none,false,false,false,0.0000,none,false,none,0.0000,false,none,0.0000,0.0000,0.0000,0.0000,false,none,0.0000,none,none,false,false,none,0.0000,0.0000,0.0000,0.0000,none,false,false,0.0000,0.0000,false,false,-1,none,none,false,0.000,0.000,151.75200000,151.69400000,0.00000000,none,0.00000000,0.0000,session_high|opening_range_high|neckline_level,151.75200000,0.2439,true,false,false,false,not_blocked,0,0,0,m5_failure_exit,off,none,0.00000000,0.0000,1.30,151.90200000,4.200,0.350,0.200,PERIOD_M15,151.92200000,151.23300000,0.2612,outside,0.000,true,151.74200000,151.61900000,0.12300000,151.90200000,1.301,0.04100000,16.00,30-60,true,false,none,blocked_spread_too_high,5.150,5.150,none,0.0000,false,opposite_break_first,true,opposite_break_first,spread_too_high
2025.02.20 11:40:00,signal,session_reversal_pullback_one_symbol_first120,EURUSD,SHORT,2025.02.20 11:35:00,11,8,17,london,2025.02.20 07:00,95,first_120min,false,true,3,EURUSD,highest_score_in_session_bar,london=USDJPY|EURJPY|GBPJPY|AUDJPY|EURUSD|GBPUSD,existing_first120_gate,london,false,false,true,passed_first_window,double_top,neckline_break_retest,1.04320000,PERIOD_M5,PERIOD_H1,PERIOD_M15,PERIOD_M5,PERIOD_M5,false,htf_soft_alignment,current_post_filter,transcript_post_filter,dow_trend_up_hh_hl,no_ordered_dow_wave3_break,dow_trend_up_hh_hl,no_ordered_dow_wave3_break,false,false,true,SHORT,PERIOD_M5,double_top,double_top,4.200,none,0.000,double_top,4.200,none,0.000,SHORT,false,PERIOD_H1_LONG_dow_trend_up_hh_hl|PERIOD_M15_NONE_no_ordered_dow_wave3_break,true,h1_counter_m15_reversal,true,top_LONG_dow_trend_up_hh_hl|structure_NONE_no_ordered_dow_wave3_break|structure_break_recent_confirmed_swing_break_failed|primary_break_no_recent_confirmed_swing_break,none,below_75sma_falling,above_75sma_rising,below_75sma_flat_or_rising,-1,0.00000000,-1,0.00000000,false,off,NONE,NONE,0.00000000,0.00000000,0.0000,none,0.000,true,SHORT,return_low_break_or_bos_down,1.04267000,10,1.04412000,1.04227000,false,off,independent,false,,,false,0.0000,none,0.0000,0.0000,none,0.0000,0.0000,0.0000,none,0.0000,0,0,0.0000,none,none,none,none,0.0000,0,0.0000,none,false,true,not_evaluated,true,required_light_or_anchor_flip,long_bias,1.04227000,2025.02.20 09:00:00,1.04336000,2025.02.20 08:15:00,2025.02.20 10:30:00,false,NONE,0.00000000,0.00000000,0.0000,-1,false,,-1,NONE,0.00000000,0.00000000,0.0000,0.0000,none,,none,false,NONE,-1,-1,-1,false,false,none,false,true,false,true,none,true,required,false,PERIOD_M5,,,-1,0.0000,false,0.00000000,0.0000,false,0.0000,false,none,none,false,no_anchor_flip_in_entry_direction,true,required_first_signal_only,SHORT,unknown,0.00000000,,0.00000000,,false,,-1,false,NONE,0.00000000,,0.00000000,0.0000,0.0000,none,-1,false,false,false,no_anchor_flip_in_entry_direction,,,,false,false,false,-1,-1,-1,-1,-1,false,false,false,0.0000,rising_n,false,1.04412000,1.04227000,3.0257,false,0.0000,0.0000,0,none,true,0.3946,preferred_382_618,0.200,diagnostic_only,diagnostic_only,diagnostic_only,fib_pullback,24,0.400,true,none,0.550,high_quality,false,false,diagnostic_only,both,true,none,true,diagnostic_adjacent_detected,required_light,false,false,LONG,5,false,false,2,2025.02.20 09:15:00,2025.02.20 10:50:00,9,4.2027,0.00000000,1.04286000,1.04286000,false,false,none,0.00000000,false,0.0000,0.0000,false,1,0.0000,false,-1,0.00000000,0.0000,off,false,not_evaluated,none,0.0000,0.0000,none,false,false,false,0.0000,none,false,none,0.0000,false,none,3.4386,1.4191,2.4231,2.7836,false,no_shrink,0.0000,none,none,false,false,none,0.0000,0.0000,0.0000,0.0000,none,false,false,0.0000,0.0000,false,false,-1,none,none,false,0.000,0.000,1.04301483,1.04294000,1.04294000,wick_cluster_zone,0.00006000,0.1053,opening_range_low|neckline_level,1.04305000,0.1365,false,true,true,false,not_blocked,5,3,2,m5_failure_exit,off,none,0.00000000,0.0000,1.30,1.04226000,4.200,-0.300,0.200,PERIOD_M15,1.04336000,1.04227000,0.6697,deep_618_786,0.000,true,1.04300000,1.04357000,0.00057000,1.04226000,1.298,0.00036643,18.00,90-120,true,false,none,not_consumed,4.300,4.300,none,0.0000,false,opposite_break_first,true,opposite_break_first,spread_too_high
2025.02.20 11:40:00,blocked,session_reversal_pullback_one_symbol_first120,EURUSD,SHORT,2025.02.20 11:35:00,11,8,17,london,2025.02.20 07:00,95,first_120min,false,true,3,EURUSD,highest_score_in_session_bar,london=USDJPY|EURJPY|GBPJPY|AUDJPY|EURUSD|GBPUSD,existing_first120_gate,london,false,false,true,passed_first_window,double_top,neckline_break_retest,1.04320000,PERIOD_M5,PERIOD_H1,PERIOD_M15,PERIOD_M5,PERIOD_M5,false,htf_soft_alignment,current_post_filter,transcript_post_filter,dow_trend_up_hh_hl,no_ordered_dow_wave3_break,dow_trend_up_hh_hl,no_ordered_dow_wave3_break,false,false,true,SHORT,PERIOD_M5,double_top,double_top,4.200,none,0.000,double_top,4.200,none,0.000,SHORT,false,PERIOD_H1_LONG_dow_trend_up_hh_hl|PERIOD_M15_NONE_no_ordered_dow_wave3_break,true,h1_counter_m15_reversal,true,top_LONG_dow_trend_up_hh_hl|structure_NONE_no_ordered_dow_wave3_break|structure_break_recent_confirmed_swing_break_failed|primary_break_no_recent_confirmed_swing_break,none,below_75sma_falling,above_75sma_rising,below_75sma_flat_or_rising,-1,0.00000000,-1,0.00000000,false,off,NONE,NONE,0.00000000,0.00000000,0.0000,none,0.000,true,SHORT,return_low_break_or_bos_down,1.04267000,10,1.04412000,1.04227000,false,off,independent,false,,,false,0.0000,none,0.0000,0.0000,none,0.0000,0.0000,0.0000,none,0.0000,0,0,0.0000,none,none,none,none,0.0000,0,0.0000,none,false,true,not_evaluated,true,required_light_or_anchor_flip,long_bias,1.04227000,2025.02.20 09:00:00,1.04336000,2025.02.20 08:15:00,2025.02.20 10:30:00,false,NONE,0.00000000,0.00000000,0.0000,-1,false,,-1,NONE,0.00000000,0.00000000,0.0000,0.0000,none,,none,false,NONE,-1,-1,-1,false,false,none,false,true,false,true,none,true,required,false,PERIOD_M5,,,-1,0.0000,false,0.00000000,0.0000,false,0.0000,false,none,none,false,no_anchor_flip_in_entry_direction,true,required_first_signal_only,SHORT,unknown,0.00000000,,0.00000000,,false,,-1,false,NONE,0.00000000,,0.00000000,0.0000,0.0000,none,-1,false,false,false,no_anchor_flip_in_entry_direction,,,,false,false,false,-1,-1,-1,-1,-1,false,false,false,0.0000,rising_n,false,1.04412000,1.04227000,3.0257,false,0.0000,0.0000,0,none,true,0.3946,preferred_382_618,0.200,diagnostic_only,diagnostic_only,diagnostic_only,fib_pullback,24,0.400,true,none,0.550,high_quality,false,false,diagnostic_only,both,true,none,true,diagnostic_adjacent_detected,required_light,false,false,LONG,5,false,false,2,2025.02.20 09:15:00,2025.02.20 10:50:00,9,4.2027,0.00000000,1.04286000,1.04286000,false,false,none,0.00000000,false,0.0000,0.0000,false,1,0.0000,false,-1,0.00000000,0.0000,off,false,not_evaluated,none,0.0000,0.0000,none,false,false,false,0.0000,none,false,none,0.0000,false,none,3.4386,1.4191,2.4231,2.7836,false,no_shrink,0.0000,none,none,false,false,none,0.0000,0.0000,0.0000,0.0000,none,false,false,0.0000,0.0000,false,false,-1,none,none,false,0.000,0.000,1.04301483,1.04294000,1.04294000,wick_cluster_zone,0.00006000,0.1053,opening_range_low|neckline_level,1.04305000,0.1365,false,true,true,false,not_blocked,5,3,2,m5_failure_exit,off,none,0.00000000,0.0000,1.30,1.04226000,4.200,-0.300,0.200,PERIOD_M15,1.04336000,1.04227000,0.6697,deep_618_786,0.000,true,1.04300000,1.04357000,0.00057000,1.04226000,1.298,0.00036643,18.00,90-120,true,false,none,blocked_spread_too_high,4.300,4.300,none,0.0000,false,opposite_break_first,true,opposite_break_first,spread_too_high
2025.02.20 19:05:00,signal,session_reversal_pullback_one_symbol_first120,EURJPY,LONG,2025.02.20 19:00:00,19,16,1,new_york,2025.02.20 16:00,0,first_120min,true,true,3,EURJPY,highest_score_in_session_bar,new_york=USDJPY|EURJPY|GBPJPY|AUDJPY|EURUSD|GBPUSD,existing_first120_gate,new_york,false,false,true,passed_first_window,inverse_head_and_shoulders,neckline_break_retest,156.70600000,PERIOD_M5,PERIOD_H1,PERIOD_M15,PERIOD_M5,PERIOD_M5,false,htf_soft_alignment,current_post_filter,transcript_post_filter,dow_trend_down_ll_lh,no_ordered_dow_wave3_break,dow_trend_down_ll_lh,no_ordered_dow_wave3_break,false,true,false,LONG,PERIOD_M5,inverse_head_and_shoulders,inverse_head_and_shoulders,4.500,none,0.000,inverse_head_and_shoulders,4.500,none,0.000,LONG,false,PERIOD_H1_SHORT_dow_trend_down_ll_lh|PERIOD_M15_NONE_no_ordered_dow_wave3_break,true,h1_counter_m15_reversal,true,top_SHORT_dow_trend_down_ll_lh|structure_NONE_no_ordered_dow_wave3_break|structure_break_recent_confirmed_swing_break_failed|primary_break_recent_confirmed_swing_break_retest,none,below_75sma_falling,below_75sma_falling,above_75sma_rising,-1,0.00000000,0,156.73500000,false,off,NONE,NONE,0.00000000,0.00000000,0.0000,none,0.000,true,LONG,return_high_break_or_bos_up,156.81400000,10,156.94500000,156.30400000,false,off,independent,false,,,false,0.0000,none,0.0000,0.0000,none,0.0000,0.0000,0.0000,none,0.0000,0,0,0.0000,none,none,none,none,0.0000,0,0.0000,none,false,true,not_evaluated,true,required_light_or_anchor_flip,short_bias,156.48000000,2025.02.20 15:30:00,156.94500000,2025.02.20 16:00:00,2025.02.20 17:00:00,false,NONE,0.00000000,0.00000000,0.0000,-1,false,,-1,NONE,0.00000000,0.00000000,0.0000,0.0000,none,,none,false,NONE,-1,-1,-1,false,false,none,false,true,false,true,none,true,required,false,PERIOD_M5,,,-1,0.0000,false,0.00000000,0.0000,false,0.0000,false,none,none,false,no_anchor_flip_in_entry_direction,true,required_first_signal_only,LONG,unknown,0.00000000,,0.00000000,,false,,-1,false,NONE,0.00000000,,0.00000000,0.0000,0.0000,none,-1,false,false,false,no_anchor_flip_in_entry_direction,,,,false,false,false,-1,-1,-1,-1,-1,false,false,false,0.0000,range_n,true,156.94500000,156.30400000,3.5068,false,0.0000,0.0000,0,none,true,0.2652,shallow_236_382,0.080,diagnostic_only,diagnostic_only,diagnostic_only,shallow_pullback,7,0.320,true,none,0.470,high_quality,false,false,diagnostic_only,both,true,none,true,diagnostic_adjacent_detected,required_light,false,false,SHORT,6,false,false,0,2025.02.20 17:30:00,2025.02.20 18:35:00,5,3.0561,156.73500000,0.00000000,156.73500000,true,true,m5_lh_close_break_up,156.73500000,true,0.1812,0.2416,true,1,0.0000,true,3,156.73500000,0.2778,off,false,not_evaluated,none,0.7586,0.2414,normal,true,false,false,0.0000,held_clean,true,favorable_side,0.4400,false,clean_retest,2.3555,2.9111,0.8091,0.0000,true,strong_exhaustion,0.0000,none,none,false,false,none,0.0000,0.0000,0.0000,0.0000,none,false,false,0.0000,0.0000,false,false,-1,none,none,false,0.000,0.000,156.78700000,156.77100000,156.78700000,pre_session_high,0.01200000,0.0529,session_high|opening_range_high|neckline_level,156.77100000,0.0483,false,true,true,false,not_blocked,4,3,1,m5_failure_exit,off,none,0.00000000,0.0000,1.30,157.07000000,4.500,-0.300,0.200,PERIOD_M15,156.94500000,156.30400000,0.2652,outside,0.000,true,156.77500000,156.54800000,0.22700000,157.07000000,1.300,0.08278571,30.00,0-30,true,false,none,not_consumed,4.800,4.800,none,0.0000,false,neckline_retest_failed,false,not_invalidated,spread_too_high
2025.02.20 19:05:00,blocked,session_reversal_pullback_one_symbol_first120,EURJPY,LONG,2025.02.20 19:00:00,19,16,1,new_york,2025.02.20 16:00,0,first_120min,true,true,3,EURJPY,highest_score_in_session_bar,new_york=USDJPY|EURJPY|GBPJPY|AUDJPY|EURUSD|GBPUSD,existing_first120_gate,new_york,false,false,true,passed_first_window,inverse_head_and_shoulders,neckline_break_retest,156.70600000,PERIOD_M5,PERIOD_H1,PERIOD_M15,PERIOD_M5,PERIOD_M5,false,htf_soft_alignment,current_post_filter,transcript_post_filter,dow_trend_down_ll_lh,no_ordered_dow_wave3_break,dow_trend_down_ll_lh,no_ordered_dow_wave3_break,false,true,false,LONG,PERIOD_M5,inverse_head_and_shoulders,inverse_head_and_shoulders,4.500,none,0.000,inverse_head_and_shoulders,4.500,none,0.000,LONG,false,PERIOD_H1_SHORT_dow_trend_down_ll_lh|PERIOD_M15_NONE_no_ordered_dow_wave3_break,true,h1_counter_m15_reversal,true,top_SHORT_dow_trend_down_ll_lh|structure_NONE_no_ordered_dow_wave3_break|structure_break_recent_confirmed_swing_break_failed|primary_break_recent_confirmed_swing_break_retest,none,below_75sma_falling,below_75sma_falling,above_75sma_rising,-1,0.00000000,0,156.73500000,false,off,NONE,NONE,0.00000000,0.00000000,0.0000,none,0.000,true,LONG,return_high_break_or_bos_up,156.81400000,10,156.94500000,156.30400000,false,off,independent,false,,,false,0.0000,none,0.0000,0.0000,none,0.0000,0.0000,0.0000,none,0.0000,0,0,0.0000,none,none,none,none,0.0000,0,0.0000,none,false,true,not_evaluated,true,required_light_or_anchor_flip,short_bias,156.48000000,2025.02.20 15:30:00,156.94500000,2025.02.20 16:00:00,2025.02.20 17:00:00,false,NONE,0.00000000,0.00000000,0.0000,-1,false,,-1,NONE,0.00000000,0.00000000,0.0000,0.0000,none,,none,false,NONE,-1,-1,-1,false,false,none,false,true,false,true,none,true,required,false,PERIOD_M5,,,-1,0.0000,false,0.00000000,0.0000,false,0.0000,false,none,none,false,no_anchor_flip_in_entry_direction,true,required_first_signal_only,LONG,unknown,0.00000000,,0.00000000,,false,,-1,false,NONE,0.00000000,,0.00000000,0.0000,0.0000,none,-1,false,false,false,no_anchor_flip_in_entry_direction,,,,false,false,false,-1,-1,-1,-1,-1,false,false,false,0.0000,range_n,true,156.94500000,156.30400000,3.5068,false,0.0000,0.0000,0,none,true,0.2652,shallow_236_382,0.080,diagnostic_only,diagnostic_only,diagnostic_only,shallow_pullback,7,0.320,true,none,0.470,high_quality,false,false,diagnostic_only,both,true,none,true,diagnostic_adjacent_detected,required_light,false,false,SHORT,6,false,false,0,2025.02.20 17:30:00,2025.02.20 18:35:00,5,3.0561,156.73500000,0.00000000,156.73500000,true,true,m5_lh_close_break_up,156.73500000,true,0.1812,0.2416,true,1,0.0000,true,3,156.73500000,0.2778,off,false,not_evaluated,none,0.7586,0.2414,normal,true,false,false,0.0000,held_clean,true,favorable_side,0.4400,false,clean_retest,2.3555,2.9111,0.8091,0.0000,true,strong_exhaustion,0.0000,none,none,false,false,none,0.0000,0.0000,0.0000,0.0000,none,false,false,0.0000,0.0000,false,false,-1,none,none,false,0.000,0.000,156.78700000,156.77100000,156.78700000,pre_session_high,0.01200000,0.0529,session_high|opening_range_high|neckline_level,156.77100000,0.0483,false,true,true,false,not_blocked,4,3,1,m5_failure_exit,off,none,0.00000000,0.0000,1.30,157.07000000,4.500,-0.300,0.200,PERIOD_M15,156.94500000,156.30400000,0.2652,outside,0.000,true,156.77500000,156.54800000,0.22700000,157.07000000,1.300,0.08278571,30.00,0-30,true,false,none,blocked_spread_too_high,4.800,4.800,none,0.0000,false,neckline_retest_failed,false,not_invalidated,spread_too_high
2025.02.21 10:10:00,signal,session_reversal_pullback_one_symbol_first120,EURUSD,SHORT,2025.02.21 10:05:00,10,7,16,london,2025.02.21 07:00,5,first_120min,true,true,3,EURUSD,highest_score_in_session_bar,london=USDJPY|EURJPY|GBPJPY|AUDJPY|EURUSD|GBPUSD,existing_first120_gate,london,false,false,true,passed_first_window,head_and_shoulders,neckline_break_retest,1.04930000,PERIOD_M5,PERIOD_H1,PERIOD_M15,PERIOD_M5,PERIOD_M5,false,htf_soft_alignment,current_post_filter,transcript_post_filter,dow_trend_up_hh_hl,no_ordered_dow_wave3_break,dow_trend_up_hh_hl,no_ordered_dow_wave3_break,false,false,true,SHORT,PERIOD_M5,head_and_shoulders,head_and_shoulders,4.500,none,0.000,head_and_shoulders,4.500,none,0.000,SHORT,false,PERIOD_H1_LONG_dow_trend_up_hh_hl|PERIOD_M15_NONE_no_ordered_dow_wave3_break,true,h1_counter_m15_reversal,true,top_LONG_dow_trend_up_hh_hl|structure_NONE_no_ordered_dow_wave3_break|structure_break_recent_confirmed_swing_break_failed|primary_break_recent_confirmed_swing_break_retest,none,above_75sma_rising,above_75sma_rising,below_75sma_flat_or_rising,-1,0.00000000,1,1.04920000,false,off,NONE,NONE,0.00000000,0.00000000,0.0000,none,0.000,true,SHORT,return_low_break_or_bos_down,1.04892000,4,1.05042000,1.04845000,false,off,independent,false,,,false,0.0000,none,0.0000,0.0000,none,0.0000,0.0000,0.0000,none,0.0000,0,0,0.0000,none,none,none,none,0.0000,0,0.0000,none,false,true,not_evaluated,true,required_light_or_anchor_flip,short_bias,1.04892000,2025.02.21 00:00:00,1.05049000,2025.02.21 01:30:00,2025.02.21 03:30:00,false,NONE,0.00000000,0.00000000,0.0000,-1,false,,-1,NONE,0.00000000,0.00000000,0.0000,0.0000,none,,none,false,NONE,-1,-1,-1,false,false,none,true,false,false,true,none,true,required,false,PERIOD_M5,,,-1,0.0000,false,0.00000000,0.0000,false,0.0000,false,none,none,false,no_anchor_flip_in_entry_direction,true,required_first_signal_only,SHORT,unknown,0.00000000,,0.00000000,,false,,-1,false,NONE,0.00000000,,0.00000000,0.0000,0.0000,none,-1,false,false,false,no_anchor_flip_in_entry_direction,,,,false,false,false,-1,-1,-1,-1,-1,false,false,false,0.0000,range_n,true,1.05049000,1.04836000,4.5596,false,0.0000,0.0000,0,none,true,0.4112,preferred_382_618,0.200,diagnostic_only,diagnostic_only,diagnostic_only,shallow_pullback,24,0.400,true,none,0.550,high_quality,false,false,diagnostic_only,both,true,none,true,diagnostic_adjacent_detected,required_light,false,false,LONG,2,false,false,0,,,-1,0.0000,0.00000000,0.00000000,0.00000000,false,false,none,0.00000000,false,0.0000,0.0000,false,1,0.0000,false,-1,0.00000000,0.0000,off,false,not_evaluated,none,0.0000,0.0000,none,false,false,false,0.0000,none,false,none,0.0000,false,none,0.0000,0.0000,0.0000,0.0000,false,none,0.0000,none,none,false,false,none,0.0000,0.0000,0.0000,0.0000,none,false,false,0.0000,0.0000,false,false,-1,none,none,false,0.000,0.000,1.04930000,1.04920441,1.04920441,recent_equal_lows,0.00005559,0.1158,neckline_level,1.04930000,0.1228,false,true,true,false,not_blocked,7,5,2,m5_failure_exit,off,none,0.00000000,0.0000,1.30,1.04864000,4.500,-0.300,0.200,PERIOD_M15,1.05042000,1.04870000,0.3256,outside,0.000,true,1.04926000,1.04974000,0.00048000,1.04864000,1.292,0.00032571,18.00,0-30,true,false,none,not_consumed,4.800,4.800,none,0.0000,false,neckline_retest_failed,false,not_invalidated,spread_too_high
2025.02.21 10:10:00,blocked,session_reversal_pullback_one_symbol_first120,EURUSD,SHORT,2025.02.21 10:05:00,10,7,16,london,2025.02.21 07:00,5,first_120min,true,true,3,EURUSD,highest_score_in_session_bar,london=USDJPY|EURJPY|GBPJPY|AUDJPY|EURUSD|GBPUSD,existing_first120_gate,london,false,false,true,passed_first_window,head_and_shoulders,neckline_break_retest,1.04930000,PERIOD_M5,PERIOD_H1,PERIOD_M15,PERIOD_M5,PERIOD_M5,false,htf_soft_alignment,current_post_filter,transcript_post_filter,dow_trend_up_hh_hl,no_ordered_dow_wave3_break,dow_trend_up_hh_hl,no_ordered_dow_wave3_break,false,false,true,SHORT,PERIOD_M5,head_and_shoulders,head_and_shoulders,4.500,none,0.000,head_and_shoulders,4.500,none,0.000,SHORT,false,PERIOD_H1_LONG_dow_trend_up_hh_hl|PERIOD_M15_NONE_no_ordered_dow_wave3_break,true,h1_counter_m15_reversal,true,top_LONG_dow_trend_up_hh_hl|structure_NONE_no_ordered_dow_wave3_break|structure_break_recent_confirmed_swing_break_failed|primary_break_recent_confirmed_swing_break_retest,none,above_75sma_rising,above_75sma_rising,below_75sma_flat_or_rising,-1,0.00000000,1,1.04920000,false,off,NONE,NONE,0.00000000,0.00000000,0.0000,none,0.000,true,SHORT,return_low_break_or_bos_down,1.04892000,4,1.05042000,1.04845000,false,off,independent,false,,,false,0.0000,none,0.0000,0.0000,none,0.0000,0.0000,0.0000,none,0.0000,0,0,0.0000,none,none,none,none,0.0000,0,0.0000,none,false,true,not_evaluated,true,required_light_or_anchor_flip,short_bias,1.04892000,2025.02.21 00:00:00,1.05049000,2025.02.21 01:30:00,2025.02.21 03:30:00,false,NONE,0.00000000,0.00000000,0.0000,-1,false,,-1,NONE,0.00000000,0.00000000,0.0000,0.0000,none,,none,false,NONE,-1,-1,-1,false,false,none,true,false,false,true,none,true,required,false,PERIOD_M5,,,-1,0.0000,false,0.00000000,0.0000,false,0.0000,false,none,none,false,no_anchor_flip_in_entry_direction,true,required_first_signal_only,SHORT,unknown,0.00000000,,0.00000000,,false,,-1,false,NONE,0.00000000,,0.00000000,0.0000,0.0000,none,-1,false,false,false,no_anchor_flip_in_entry_direction,,,,false,false,false,-1,-1,-1,-1,-1,false,false,false,0.0000,range_n,true,1.05049000,1.04836000,4.5596,false,0.0000,0.0000,0,none,true,0.4112,preferred_382_618,0.200,diagnostic_only,diagnostic_only,diagnostic_only,shallow_pullback,24,0.400,true,none,0.550,high_quality,false,false,diagnostic_only,both,true,none,true,diagnostic_adjacent_detected,required_light,false,false,LONG,2,false,false,0,,,-1,0.0000,0.00000000,0.00000000,0.00000000,false,false,none,0.00000000,false,0.0000,0.0000,false,1,0.0000,false,-1,0.00000000,0.0000,off,false,not_evaluated,none,0.0000,0.0000,none,false,false,false,0.0000,none,false,none,0.0000,false,none,0.0000,0.0000,0.0000,0.0000,false,none,0.0000,none,none,false,false,none,0.0000,0.0000,0.0000,0.0000,none,false,false,0.0000,0.0000,false,false,-1,none,none,false,0.000,0.000,1.04930000,1.04920441,1.04920441,recent_equal_lows,0.00005559,0.1158,neckline_level,1.04930000,0.1228,false,true,true,false,not_blocked,7,5,2,m5_failure_exit,off,none,0.00000000,0.0000,1.30,1.04864000,4.500,-0.300,0.200,PERIOD_M15,1.05042000,1.04870000,0.3256,outside,0.000,true,1.04926000,1.04974000,0.00048000,1.04864000,1.292,0.00032571,18.00,0-30,true,false,none,blocked_spread_too_high,4.800,4.800,none,0.0000,false,neckline_retest_failed,false,not_invalidated,spread_too_high
2025.02.21 16:10:00,signal,session_reversal_pullback_one_symbol_first120,USDJPY,SHORT,2025.02.21 16:05:00,16,13,22,london_newyork_overlap,2025.02.21 13:00,5,first_120min,true,true,3,USDJPY,highest_score_in_session_bar,london_newyork_overlap=USDJPY|EURJPY|GBPJPY|AUDJPY|EURUSD|GBPUSD,existing_first120_gate,london_newyork_overlap,false,false,true,passed_first_window,head_and_shoulders,neckline_break_retest,150.37700000,PERIOD_M5,PERIOD_H1,PERIOD_M15,PERIOD_M5,PERIOD_M5,false,htf_soft_alignment,current_post_filter,transcript_post_filter,dow_range_or_transition,structure_trend_bias_dow_trend_down_ll_lh,dow_range_or_transition,structure_trend_bias_dow_trend_down_ll_lh,false,false,true,SHORT,PERIOD_M5,head_and_shoulders,head_and_shoulders,4.500,none,0.000,head_and_shoulders,4.500,none,0.000,SHORT,false,PERIOD_H1_NONE_dow_range_or_transition|PERIOD_M15_SHORT_structure_trend_bias_dow_trend_down_ll_lh,true,h1_counter_m15_reversal,true,top_NONE_dow_range_or_transition|structure_SHORT_structure_trend_bias_dow_trend_down_ll_lh|structure_break_recent_confirmed_swing_break_failed|primary_break_recent_confirmed_swing_break_retest,none,below_75sma_falling,above_75sma_rising,below_75sma_falling,-1,0.00000000,8,150.34400000,false,off,NONE,NONE,0.00000000,0.00000000,0.0000,none,0.000,true,SHORT,return_low_break_or_bos_down,150.25200000,9,150.64300000,150.18100000,false,off,independent,false,,,false,0.0000,none,0.0000,0.0000,none,0.0000,0.0000,0.0000,none,0.0000,0,0,0.0000,none,none,none,none,0.0000,0,0.0000,none,false,true,not_evaluated,true,required_light_or_anchor_flip,short_bias,150.35300000,2025.02.21 09:15:00,150.52600000,2025.02.21 12:00:00,2025.02.21 13:30:00,false,NONE,0.00000000,0.00000000,0.0000,-1,false,,-1,NONE,0.00000000,0.00000000,0.0000,0.0000,none,,none,false,NONE,-1,-1,-1,false,false,none,true,false,false,true,none,true,required,false,PERIOD_M5,,,-1,0.0000,false,0.00000000,0.0000,false,0.0000,false,none,none,false,no_anchor_flip_in_entry_direction,true,required_first_signal_only,SHORT,unknown,0.00000000,,0.00000000,,false,,-1,false,NONE,0.00000000,,0.00000000,0.0000,0.0000,none,-1,false,false,false,no_anchor_flip_in_entry_direction,,,,false,false,false,-1,-1,-1,-1,-1,false,false,false,0.0000,falling_n,false,150.64900000,150.18100000,4.9226,false,0.0000,0.0000,0,none,true,0.3939,preferred_382_618,0.200,diagnostic_only,diagnostic_only,diagnostic_only,shallow_pullback,24,0.400,true,none,0.550,high_quality,false,false,diagnostic_only,both,true,none,true,diagnostic_adjacent_detected,required_light,false,false,LONG,3,false,false,0,,,-1,0.0000,0.00000000,0.00000000,0.00000000,false,false,none,0.00000000,false,0.0000,0.0000,false,1,0.0000,false,-1,0.00000000,0.0000,off,false,not_evaluated,none,0.0000,0.0000,none,false,false,false,0.0000,none,false,none,0.0000,false,none,0.0000,0.0000,0.0000,0.0000,false,none,0.0000,none,none,false,false,none,0.0000,0.0000,0.0000,0.0000,none,false,false,0.0000,0.0000,false,false,-1,none,none,false,0.000,0.000,150.37700000,150.34300000,150.31900000,pre_session_low,0.04400000,0.3188,session_low|opening_range_low|neckline_level,150.37700000,0.2331,false,true,false,false,not_blocked,1,1,0,m5_failure_exit,off,none,0.00000000,0.0000,1.30,150.18400000,4.500,-0.300,0.200,PERIOD_M15,150.52600000,150.18100000,0.5275,preferred_382_618,0.000,true,150.36300000,150.50100000,0.13800000,150.18400000,1.297,0.06007143,19.00,0-30,true,false,none,not_consumed,4.800,4.800,none,0.0000,false,neckline_retest_failed,false,not_invalidated,spread_too_high
2025.02.21 16:10:00,blocked,session_reversal_pullback_one_symbol_first120,USDJPY,SHORT,2025.02.21 16:05:00,16,13,22,london_newyork_overlap,2025.02.21 13:00,5,first_120min,true,true,3,USDJPY,highest_score_in_session_bar,london_newyork_overlap=USDJPY|EURJPY|GBPJPY|AUDJPY|EURUSD|GBPUSD,existing_first120_gate,london_newyork_overlap,false,false,true,passed_first_window,head_and_shoulders,neckline_break_retest,150.37700000,PERIOD_M5,PERIOD_H1,PERIOD_M15,PERIOD_M5,PERIOD_M5,false,htf_soft_alignment,current_post_filter,transcript_post_filter,dow_range_or_transition,structure_trend_bias_dow_trend_down_ll_lh,dow_range_or_transition,structure_trend_bias_dow_trend_down_ll_lh,false,false,true,SHORT,PERIOD_M5,head_and_shoulders,head_and_shoulders,4.500,none,0.000,head_and_shoulders,4.500,none,0.000,SHORT,false,PERIOD_H1_NONE_dow_range_or_transition|PERIOD_M15_SHORT_structure_trend_bias_dow_trend_down_ll_lh,true,h1_counter_m15_reversal,true,top_NONE_dow_range_or_transition|structure_SHORT_structure_trend_bias_dow_trend_down_ll_lh|structure_break_recent_confirmed_swing_break_failed|primary_break_recent_confirmed_swing_break_retest,none,below_75sma_falling,above_75sma_rising,below_75sma_falling,-1,0.00000000,8,150.34400000,false,off,NONE,NONE,0.00000000,0.00000000,0.0000,none,0.000,true,SHORT,return_low_break_or_bos_down,150.25200000,9,150.64300000,150.18100000,false,off,independent,false,,,false,0.0000,none,0.0000,0.0000,none,0.0000,0.0000,0.0000,none,0.0000,0,0,0.0000,none,none,none,none,0.0000,0,0.0000,none,false,true,not_evaluated,true,required_light_or_anchor_flip,short_bias,150.35300000,2025.02.21 09:15:00,150.52600000,2025.02.21 12:00:00,2025.02.21 13:30:00,false,NONE,0.00000000,0.00000000,0.0000,-1,false,,-1,NONE,0.00000000,0.00000000,0.0000,0.0000,none,,none,false,NONE,-1,-1,-1,false,false,none,true,false,false,true,none,true,required,false,PERIOD_M5,,,-1,0.0000,false,0.00000000,0.0000,false,0.0000,false,none,none,false,no_anchor_flip_in_entry_direction,true,required_first_signal_only,SHORT,unknown,0.00000000,,0.00000000,,false,,-1,false,NONE,0.00000000,,0.00000000,0.0000,0.0000,none,-1,false,false,false,no_anchor_flip_in_entry_direction,,,,false,false,false,-1,-1,-1,-1,-1,false,false,false,0.0000,falling_n,false,150.64900000,150.18100000,4.9226,false,0.0000,0.0000,0,none,true,0.3939,preferred_382_618,0.200,diagnostic_only,diagnostic_only,diagnostic_only,shallow_pullback,24,0.400,true,none,0.550,high_quality,false,false,diagnostic_only,both,true,none,true,diagnostic_adjacent_detected,required_light,false,false,LONG,3,false,false,0,,,-1,0.0000,0.00000000,0.00000000,0.00000000,false,false,none,0.00000000,false,0.0000,0.0000,false,1,0.0000,false,-1,0.00000000,0.0000,off,false,not_evaluated,none,0.0000,0.0000,none,false,false,false,0.0000,none,false,none,0.0000,false,none,0.0000,0.0000,0.0000,0.0000,false,none,0.0000,none,none,false,false,none,0.0000,0.0000,0.0000,0.0000,none,false,false,0.0000,0.0000,false,false,-1,none,none,false,0.000,0.000,150.37700000,150.34300000,150.31900000,pre_session_low,0.04400000,0.3188,session_low|opening_range_low|neckline_level,150.37700000,0.2331,false,true,false,false,not_blocked,1,1,0,m5_failure_exit,off,none,0.00000000,0.0000,1.30,150.18400000,4.500,-0.300,0.200,PERIOD_M15,150.52600000,150.18100000,0.5275,preferred_382_618,0.000,true,150.36300000,150.50100000,0.13800000,150.18400000,1.297,0.06007143,19.00,0-30,true,false,none,blocked_spread_too_high,4.800,4.800,none,0.0000,false,neckline_retest_failed,false,not_invalidated,spread_too_high
2025.02.21 20:10:00,signal,session_reversal_pullback_one_symbol_first120,EURUSD,LONG,2025.02.21 20:05:00,20,17,2,new_york,2025.02.21 16:00,65,first_120min,false,true,3,EURUSD,highest_score_in_session_bar,new_york=USDJPY|EURJPY|GBPJPY|AUDJPY|EURUSD|GBPUSD,existing_first120_gate,new_york,false,false,true,passed_first_window,inverse_head_and_shoulders,neckline_break_retest,1.04608000,PERIOD_M5,PERIOD_H1,PERIOD_M15,PERIOD_M5,PERIOD_M5,false,htf_soft_alignment,current_post_filter,transcript_post_filter,dow_range_or_transition,no_ordered_dow_wave3_break,dow_range_or_transition,no_ordered_dow_wave3_break,false,true,false,LONG,PERIOD_M5,inverse_head_and_shoulders,inverse_head_and_shoulders,4.500,none,0.000,inverse_head_and_shoulders,4.500,none,0.000,LONG,false,PERIOD_H1_NONE_dow_range_or_transition|PERIOD_M15_NONE_no_ordered_dow_wave3_break,true,h1_counter_m15_reversal,true,top_NONE_dow_range_or_transition|structure_NONE_no_ordered_dow_wave3_break|structure_break_recent_confirmed_swing_break_failed|primary_break_recent_confirmed_swing_break_continuation,none,above_75sma_rising,below_75sma_falling,above_75sma_flat_or_falling,-1,0.00000000,0,1.04579000,false,off,NONE,NONE,0.00000000,0.00000000,0.0000,none,0.000,true,LONG,return_high_break_or_bos_up,1.04732000,12,1.04920000,1.04486000,false,off,independent,false,,,false,0.0000,none,0.0000,0.0000,none,0.0000,0.0000,0.0000,none,0.0000,0,0,0.0000,none,none,none,none,0.0000,0,0.0000,none,false,true,not_evaluated,true,required_light_or_anchor_flip,short_bias,1.04590000,2025.02.21 14:45:00,1.04920000,2025.02.21 16:45:00,2025.02.21 18:15:00,false,NONE,0.00000000,0.00000000,0.0000,-1,false,,-1,NONE,0.00000000,0.00000000,0.0000,0.0000,none,,none,false,NONE,-1,-1,-1,false,false,none,false,true,false,true,none,true,required,false,PERIOD_M5,,,-1,0.0000,false,0.00000000,0.0000,false,0.0000,false,none,none,false,no_anchor_flip_in_entry_direction,true,required_first_signal_only,LONG,unknown,0.00000000,,0.00000000,,false,,-1,false,NONE,0.00000000,,0.00000000,0.0000,0.0000,none,-1,false,false,false,no_anchor_flip_in_entry_direction,,,,false,false,false,-1,-1,-1,-1,-1,false,false,false,0.0000,range_n,true,1.04920000,1.04486000,4.9318,false,0.0000,0.0000,0,none,true,0.5691,preferred_382_618,0.200,diagnostic_only,diagnostic_only,diagnostic_only,fib_pullback,6,0.440,true,none,0.590,high_quality,false,false,diagnostic_only,both,true,none,true,diagnostic_adjacent_detected,required_light,false,false,SHORT,7,false,false,0,2025.02.21 18:40:00,2025.02.21 19:15:00,10,2.8000,1.04579000,0.00000000,1.04579000,true,true,m5_lh_close_break_up,1.04579000,true,1.0043,1.7957,true,1,0.0000,false,5,1.04579000,1.1565,off,false,not_evaluated,none,0.5900,0.0400,normal,true,false,false,0.0000,held_clean,false,none,0.0000,false,no_retest,2.0391,2.3130,0.8816,0.0000,true,strong_exhaustion,0.0000,none,none,false,false,none,0.0000,0.0000,0.0000,0.0000,none,false,false,0.0000,0.0000,false,false,-1,none,none,false,0.000,0.000,1.04836000,1.04660000,0.00000000,none,0.00000000,0.0000,session_high|opening_range_high|neckline_level,1.04660000,0.3957,true,false,false,false,not_blocked,0,0,0,m5_failure_exit,off,none,0.00000000,0.0000,1.30,1.04801000,4.500,0.350,0.200,PERIOD_M15,1.04920000,1.04486000,0.5691,preferred_382_618,0.000,true,1.04673000,1.04574000,0.00099000,1.04801000,1.293,0.00032857,18.00,60-90,true,false,none,not_consumed,5.450,5.450,none,0.0000,false,neckline_retest_failed,false,not_invalidated,spread_too_high
2025.02.21 20:10:00,blocked,session_reversal_pullback_one_symbol_first120,EURUSD,LONG,2025.02.21 20:05:00,20,17,2,new_york,2025.02.21 16:00,65,first_120min,false,true,3,EURUSD,highest_score_in_session_bar,new_york=USDJPY|EURJPY|GBPJPY|AUDJPY|EURUSD|GBPUSD,existing_first120_gate,new_york,false,false,true,passed_first_window,inverse_head_and_shoulders,neckline_break_retest,1.04608000,PERIOD_M5,PERIOD_H1,PERIOD_M15,PERIOD_M5,PERIOD_M5,false,htf_soft_alignment,current_post_filter,transcript_post_filter,dow_range_or_transition,no_ordered_dow_wave3_break,dow_range_or_transition,no_ordered_dow_wave3_break,false,true,false,LONG,PERIOD_M5,inverse_head_and_shoulders,inverse_head_and_shoulders,4.500,none,0.000,inverse_head_and_shoulders,4.500,none,0.000,LONG,false,PERIOD_H1_NONE_dow_range_or_transition|PERIOD_M15_NONE_no_ordered_dow_wave3_break,true,h1_counter_m15_reversal,true,top_NONE_dow_range_or_transition|structure_NONE_no_ordered_dow_wave3_break|structure_break_recent_confirmed_swing_break_failed|primary_break_recent_confirmed_swing_break_continuation,none,above_75sma_rising,below_75sma_falling,above_75sma_flat_or_falling,-1,0.00000000,0,1.04579000,false,off,NONE,NONE,0.00000000,0.00000000,0.0000,none,0.000,true,LONG,return_high_break_or_bos_up,1.04732000,12,1.04920000,1.04486000,false,off,independent,false,,,false,0.0000,none,0.0000,0.0000,none,0.0000,0.0000,0.0000,none,0.0000,0,0,0.0000,none,none,none,none,0.0000,0,0.0000,none,false,true,not_evaluated,true,required_light_or_anchor_flip,short_bias,1.04590000,2025.02.21 14:45:00,1.04920000,2025.02.21 16:45:00,2025.02.21 18:15:00,false,NONE,0.00000000,0.00000000,0.0000,-1,false,,-1,NONE,0.00000000,0.00000000,0.0000,0.0000,none,,none,false,NONE,-1,-1,-1,false,false,none,false,true,false,true,none,true,required,false,PERIOD_M5,,,-1,0.0000,false,0.00000000,0.0000,false,0.0000,false,none,none,false,no_anchor_flip_in_entry_direction,true,required_first_signal_only,LONG,unknown,0.00000000,,0.00000000,,false,,-1,false,NONE,0.00000000,,0.00000000,0.0000,0.0000,none,-1,false,false,false,no_anchor_flip_in_entry_direction,,,,false,false,false,-1,-1,-1,-1,-1,false,false,false,0.0000,range_n,true,1.04920000,1.04486000,4.9318,false,0.0000,0.0000,0,none,true,0.5691,preferred_382_618,0.200,diagnostic_only,diagnostic_only,diagnostic_only,fib_pullback,6,0.440,true,none,0.590,high_quality,false,false,diagnostic_only,both,true,none,true,diagnostic_adjacent_detected,required_light,false,false,SHORT,7,false,false,0,2025.02.21 18:40:00,2025.02.21 19:15:00,10,2.8000,1.04579000,0.00000000,1.04579000,true,true,m5_lh_close_break_up,1.04579000,true,1.0043,1.7957,true,1,0.0000,false,5,1.04579000,1.1565,off,false,not_evaluated,none,0.5900,0.0400,normal,true,false,false,0.0000,held_clean,false,none,0.0000,false,no_retest,2.0391,2.3130,0.8816,0.0000,true,strong_exhaustion,0.0000,none,none,false,false,none,0.0000,0.0000,0.0000,0.0000,none,false,false,0.0000,0.0000,false,false,-1,none,none,false,0.000,0.000,1.04836000,1.04660000,0.00000000,none,0.00000000,0.0000,session_high|opening_range_high|neckline_level,1.04660000,0.3957,true,false,false,false,not_blocked,0,0,0,m5_failure_exit,off,none,0.00000000,0.0000,1.30,1.04801000,4.500,0.350,0.200,PERIOD_M15,1.04920000,1.04486000,0.5691,preferred_382_618,0.000,true,1.04673000,1.04574000,0.00099000,1.04801000,1.293,0.00032857,18.00,60-90,true,false,none,blocked_spread_too_high,5.450,5.450,none,0.0000,false,neckline_retest_failed,false,not_invalidated,spread_too_high
2025.02.24 17:05:00,signal,session_reversal_pullback_one_symbol_first120,EURUSD,SHORT,2025.02.24 17:00:00,17,14,23,london_newyork_overlap,2025.02.24 13:00,60,first_120min,false,true,3,EURUSD,highest_score_in_session_bar,london_newyork_overlap=USDJPY|EURJPY|GBPJPY|AUDJPY|EURUSD|GBPUSD,existing_first120_gate,london_newyork_overlap,true,false,true,passed_first_window,head_and_shoulders,neckline_break_retest,1.04641000,PERIOD_M5,PERIOD_H1,PERIOD_M15,PERIOD_M5,PERIOD_M5,false,htf_soft_alignment,current_post_filter,transcript_post_filter,dow_range_or_transition,no_ordered_dow_wave3_break,dow_range_or_transition,no_ordered_dow_wave3_break,false,false,true,SHORT,PERIOD_M5,head_and_shoulders,head_and_shoulders,4.500,none,0.000,head_and_shoulders,4.500,none,0.000,SHORT,false,PERIOD_H1_NONE_dow_range_or_transition|PERIOD_M15_NONE_no_ordered_dow_wave3_break,true,h1_counter_m15_reversal,true,top_NONE_dow_range_or_transition|structure_NONE_no_ordered_dow_wave3_break|structure_break_recent_confirmed_swing_break_retest|primary_break_recent_confirmed_swing_break_retest,none,below_75sma_flat_or_rising,below_75sma_flat_or_rising,below_75sma_falling,1,1.04594000,0,1.04641000,false,off,NONE,NONE,0.00000000,0.00000000,0.0000,none,0.000,true,SHORT,return_low_break_or_bos_down,1.04594000,1,1.04748000,1.04594000,false,off,independent,false,,,false,0.0000,none,0.0000,0.0000,none,0.0000,0.0000,0.0000,none,0.0000,0,0,0.0000,none,none,none,none,0.0000,0,0.0000,none,false,true,not_evaluated,true,required_light_or_anchor_flip,bias_flip_down,1.04594000,2025.02.24 14:30:00,1.04719000,2025.02.24 14:15:00,2025.02.24 15:30:00,true,SHORT,1.04594000,1.04588000,0.0925,1,true,2025.02.24 16:30:00,1,SHORT,1.04594000,1.04588000,0.0925,0.9714,normal,2025.02.24 16:30:00,first_after_anchor,true,SHORT,1,1,1,true,false,fresh_0_4,true,false,false,true,none,true,required,true,PERIOD_M5,2025.02.24 16:35:00,2025.02.24 16:35:00,6,0.5676,true,1.04594000,0.5676,false,0.0000,true,m5_bearish_close_after_anchor_retest,retest_reconfirm,true,none,true,required_first_signal_only,SHORT,unknown,0.00000000,,0.00000000,,false,,-1,false,NONE,0.00000000,,0.00000000,0.0000,0.0000,none,-1,false,false,false,insufficient_confirmed_m5_pivots,EURUSD|SHORT|1740414600|1.04594,,,false,false,false,-1,-1,-1,-1,-1,false,false,false,0.0000,range_n,true,1.04806000,1.04594000,3.2687,true,0.9714,0.3700,0,normal,true,0.2007,no_fib,0.000,diagnostic_only,diagnostic_only,diagnostic_only,shallow_pullback,5,0.240,true,none,0.390,high_quality,false,false,diagnostic_only,both,true,none,true,diagnostic_adjacent_detected,required_light,false,false,LONG,4,false,false,2,2025.02.24 14:20:00,2025.02.24 15:45:00,15,3.6419,0.00000000,1.04641000,1.04641000,true,true,m5_hl_close_break_down,1.04641000,true,0.0946,1.2061,true,1,0.2128,true,10,1.04641000,0.0473,off,false,not_evaluated,none,0.5100,0.0600,normal,false,false,true,0.2128,failed_2bars,true,back_inside,0.0000,false,weak_retest,2.5304,2.9561,0.8560,0.6858,false,mild_exhaustion,0.0000,none,none,false,false,none,0.0000,0.0000,0.0000,0.0000,none,false,false,0.0000,0.0000,false,false,-1,none,none,false,0.000,0.000,1.04641000,1.04622222,1.04622222,recent_equal_highs,0.00004778,0.0438,neckline_level,1.04641000,0.3311,false,true,true,false,not_blocked,12,6,6,m5_failure_exit,off,none,0.00000000,0.0000,1.30,1.04486000,4.500,-0.300,0.200,PERIOD_M15,1.04748000,1.04594000,0.2143,outside,0.000,true,1.04627000,1.04736000,0.00109000,1.04486000,1.294,0.00042286,18.00,60-90,true,false,none,not_consumed,5.150,5.150,none,0.0000,false,neckline_retest_failed,false,not_invalidated,spread_too_high
2025.02.24 17:05:00,blocked,session_reversal_pullback_one_symbol_first120,EURUSD,SHORT,2025.02.24 17:00:00,17,14,23,london_newyork_overlap,2025.02.24 13:00,60,first_120min,false,true,3,EURUSD,highest_score_in_session_bar,london_newyork_overlap=USDJPY|EURJPY|GBPJPY|AUDJPY|EURUSD|GBPUSD,existing_first120_gate,london_newyork_overlap,true,false,true,passed_first_window,head_and_shoulders,neckline_break_retest,1.04641000,PERIOD_M5,PERIOD_H1,PERIOD_M15,PERIOD_M5,PERIOD_M5,false,htf_soft_alignment,current_post_filter,transcript_post_filter,dow_range_or_transition,no_ordered_dow_wave3_break,dow_range_or_transition,no_ordered_dow_wave3_break,false,false,true,SHORT,PERIOD_M5,head_and_shoulders,head_and_shoulders,4.500,none,0.000,head_and_shoulders,4.500,none,0.000,SHORT,false,PERIOD_H1_NONE_dow_range_or_transition|PERIOD_M15_NONE_no_ordered_dow_wave3_break,true,h1_counter_m15_reversal,true,top_NONE_dow_range_or_transition|structure_NONE_no_ordered_dow_wave3_break|structure_break_recent_confirmed_swing_break_retest|primary_break_recent_confirmed_swing_break_retest,none,below_75sma_flat_or_rising,below_75sma_flat_or_rising,below_75sma_falling,1,1.04594000,0,1.04641000,false,off,NONE,NONE,0.00000000,0.00000000,0.0000,none,0.000,true,SHORT,return_low_break_or_bos_down,1.04594000,1,1.04748000,1.04594000,false,off,independent,false,,,false,0.0000,none,0.0000,0.0000,none,0.0000,0.0000,0.0000,none,0.0000,0,0,0.0000,none,none,none,none,0.0000,0,0.0000,none,false,true,not_evaluated,true,required_light_or_anchor_flip,bias_flip_down,1.04594000,2025.02.24 14:30:00,1.04719000,2025.02.24 14:15:00,2025.02.24 15:30:00,true,SHORT,1.04594000,1.04588000,0.0925,1,true,2025.02.24 16:30:00,1,SHORT,1.04594000,1.04588000,0.0925,0.9714,normal,2025.02.24 16:30:00,first_after_anchor,true,SHORT,1,1,1,true,false,fresh_0_4,true,false,false,true,none,true,required,true,PERIOD_M5,2025.02.24 16:35:00,2025.02.24 16:35:00,6,0.5676,true,1.04594000,0.5676,false,0.0000,true,m5_bearish_close_after_anchor_retest,retest_reconfirm,true,none,true,required_first_signal_only,SHORT,unknown,0.00000000,,0.00000000,,false,,-1,false,NONE,0.00000000,,0.00000000,0.0000,0.0000,none,-1,false,false,false,insufficient_confirmed_m5_pivots,EURUSD|SHORT|1740414600|1.04594,,,false,false,false,-1,-1,-1,-1,-1,false,false,false,0.0000,range_n,true,1.04806000,1.04594000,3.2687,true,0.9714,0.3700,0,normal,true,0.2007,no_fib,0.000,diagnostic_only,diagnostic_only,diagnostic_only,shallow_pullback,5,0.240,true,none,0.390,high_quality,false,false,diagnostic_only,both,true,none,true,diagnostic_adjacent_detected,required_light,false,false,LONG,4,false,false,2,2025.02.24 14:20:00,2025.02.24 15:45:00,15,3.6419,0.00000000,1.04641000,1.04641000,true,true,m5_hl_close_break_down,1.04641000,true,0.0946,1.2061,true,1,0.2128,true,10,1.04641000,0.0473,off,false,not_evaluated,none,0.5100,0.0600,normal,false,false,true,0.2128,failed_2bars,true,back_inside,0.0000,false,weak_retest,2.5304,2.9561,0.8560,0.6858,false,mild_exhaustion,0.0000,none,none,false,false,none,0.0000,0.0000,0.0000,0.0000,none,false,false,0.0000,0.0000,false,false,-1,none,none,false,0.000,0.000,1.04641000,1.04622222,1.04622222,recent_equal_highs,0.00004778,0.0438,neckline_level,1.04641000,0.3311,false,true,true,false,not_blocked,12,6,6,m5_failure_exit,off,none,0.00000000,0.0000,1.30,1.04486000,4.500,-0.300,0.200,PERIOD_M15,1.04748000,1.04594000,0.2143,outside,0.000,true,1.04627000,1.04736000,0.00109000,1.04486000,1.294,0.00042286,18.00,60-90,true,false,none,blocked_spread_too_high,5.150,5.150,none,0.0000,false,neckline_retest_failed,false,not_invalidated,spread_too_high
2025.02.24 19:05:00,signal,session_reversal_pullback_one_symbol_first120,GBPJPY,LONG,2025.02.24 19:00:00,19,16,1,new_york,2025.02.24 16:00,0,first_120min,true,true,3,GBPJPY,highest_score_in_session_bar,new_york=USDJPY|EURJPY|GBPJPY|AUDJPY|EURUSD|GBPUSD,existing_first120_gate,new_york,false,false,true,passed_first_window,inverse_head_and_shoulders,neckline_break_retest,189.02000000,PERIOD_M5,PERIOD_H1,PERIOD_M15,PERIOD_M5,PERIOD_M5,false,htf_soft_alignment,current_post_filter,transcript_post_filter,dow_range_or_transition,no_ordered_dow_wave3_break,dow_range_or_transition,no_ordered_dow_wave3_break,false,true,false,LONG,PERIOD_M5,inverse_head_and_shoulders,inverse_head_and_shoulders,4.500,none,0.000,inverse_head_and_shoulders,4.500,none,0.000,LONG,false,PERIOD_H1_NONE_dow_range_or_transition|PERIOD_M15_NONE_no_ordered_dow_wave3_break,true,h1_counter_m15_reversal,true,top_NONE_dow_range_or_transition|structure_NONE_no_ordered_dow_wave3_break|structure_break_recent_confirmed_swing_break_failed|primary_break_recent_confirmed_swing_break_continuation,none,below_75sma_falling,near_75sma,above_75sma_rising,-1,0.00000000,0,188.71500000,false,off,NONE,NONE,0.00000000,0.00000000,0.0000,none,0.000,true,LONG,return_high_break_or_bos_up,189.33700000,12,189.50400000,188.20700000,false,off,independent,false,,,false,0.0000,none,0.0000,0.0000,none,0.0000,0.0000,0.0000,none,0.0000,0,0,0.0000,none,none,none,none,0.0000,0,0.0000,none,false,true,not_evaluated,true,required_light_or_anchor_flip,bias_flip_up,189.09800000,2025.02.24 15:15:00,188.71500000,2025.02.24 17:15:00,2025.02.24 17:45:00,true,LONG,188.71500000,188.74300000,0.0911,3,true,2025.02.24 18:00:00,3,LONG,188.71500000,188.74300000,0.0911,1.1162,normal,2025.02.24 18:45:00,first_after_anchor,true,LONG,3,0,3,true,false,fresh_0_4,true,false,false,true,none,true,required,true,PERIOD_M5,2025.02.24 18:05:00,2025.02.24 18:05:00,12,1.0652,true,188.71500000,1.0652,false,0.0000,true,m5_bos_up_after_anchor_retest,retest_reconfirm,true,none,true,required_first_signal_only,LONG,unknown,0.00000000,,0.00000000,,false,,-1,false,NONE,0.00000000,,0.00000000,0.0000,0.0000,none,-1,false,false,false,insufficient_confirmed_m5_pivots,GBPJPY|LONG|1740420000|188.715,,,false,false,false,-1,-1,-1,-1,-1,false,false,false,0.0000,falling_n,false,189.50400000,188.20700000,4.2208,true,1.1162,0.2395,3,normal,true,0.2822,shallow_236_382,0.080,diagnostic_only,diagnostic_only,diagnostic_only,shallow_pullback,4,0.370,true,none,0.520,high_quality,false,false,diagnostic_only,both,true,none,true,diagnostic_adjacent_detected,required_light,false,false,SHORT,3,false,false,0,,,-1,0.0000,0.00000000,0.00000000,0.00000000,false,false,none,0.00000000,false,0.0000,0.0000,false,1,0.0000,false,-1,0.00000000,0.0000,off,false,not_evaluated,none,0.0000,0.0000,none,false,false,false,0.0000,none,false,none,0.0000,false,none,0.0000,0.0000,0.0000,0.0000,false,none,0.0000,none,none,false,false,none,0.0000,0.0000,0.0000,0.0000,none,false,false,0.0000,0.0000,false,false,-1,none,none,false,0.000,0.000,189.15350000,189.13100000,189.15350000,recent_equal_highs,0.01550000,0.0357,session_high|opening_range_high|neckline_level,189.12200000,0.1107,false,true,true,false,not_blocked,6,3,3,m5_failure_exit,off,none,0.00000000,0.0000,1.30,189.70200000,4.500,-0.300,0.200,PERIOD_M15,189.50400000,188.20700000,0.2822,outside,0.000,true,189.13800000,188.70400000,0.43400000,189.70200000,1.300,0.14457143,38.00,0-30,true,false,none,not_consumed,4.800,4.800,none,0.0000,false,neckline_retest_failed,false,not_invalidated,spread_too_high
2025.02.24 19:05:00,blocked,session_reversal_pullback_one_symbol_first120,GBPJPY,LONG,2025.02.24 19:00:00,19,16,1,new_york,2025.02.24 16:00,0,first_120min,true,true,3,GBPJPY,highest_score_in_session_bar,new_york=USDJPY|EURJPY|GBPJPY|AUDJPY|EURUSD|GBPUSD,existing_first120_gate,new_york,false,false,true,passed_first_window,inverse_head_and_shoulders,neckline_break_retest,189.02000000,PERIOD_M5,PERIOD_H1,PERIOD_M15,PERIOD_M5,PERIOD_M5,false,htf_soft_alignment,current_post_filter,transcript_post_filter,dow_range_or_transition,no_ordered_dow_wave3_break,dow_range_or_transition,no_ordered_dow_wave3_break,false,true,false,LONG,PERIOD_M5,inverse_head_and_shoulders,inverse_head_and_shoulders,4.500,none,0.000,inverse_head_and_shoulders,4.500,none,0.000,LONG,false,PERIOD_H1_NONE_dow_range_or_transition|PERIOD_M15_NONE_no_ordered_dow_wave3_break,true,h1_counter_m15_reversal,true,top_NONE_dow_range_or_transition|structure_NONE_no_ordered_dow_wave3_break|structure_break_recent_confirmed_swing_break_failed|primary_break_recent_confirmed_swing_break_continuation,none,below_75sma_falling,near_75sma,above_75sma_rising,-1,0.00000000,0,188.71500000,false,off,NONE,NONE,0.00000000,0.00000000,0.0000,none,0.000,true,LONG,return_high_break_or_bos_up,189.33700000,12,189.50400000,188.20700000,false,off,independent,false,,,false,0.0000,none,0.0000,0.0000,none,0.0000,0.0000,0.0000,none,0.0000,0,0,0.0000,none,none,none,none,0.0000,0,0.0000,none,false,true,not_evaluated,true,required_light_or_anchor_flip,bias_flip_up,189.09800000,2025.02.24 15:15:00,188.71500000,2025.02.24 17:15:00,2025.02.24 17:45:00,true,LONG,188.71500000,188.74300000,0.0911,3,true,2025.02.24 18:00:00,3,LONG,188.71500000,188.74300000,0.0911,1.1162,normal,2025.02.24 18:45:00,first_after_anchor,true,LONG,3,0,3,true,false,fresh_0_4,true,false,false,true,none,true,required,true,PERIOD_M5,2025.02.24 18:05:00,2025.02.24 18:05:00,12,1.0652,true,188.71500000,1.0652,false,0.0000,true,m5_bos_up_after_anchor_retest,retest_reconfirm,true,none,true,required_first_signal_only,LONG,unknown,0.00000000,,0.00000000,,false,,-1,false,NONE,0.00000000,,0.00000000,0.0000,0.0000,none,-1,false,false,false,insufficient_confirmed_m5_pivots,GBPJPY|LONG|1740420000|188.715,,,false,false,false,-1,-1,-1,-1,-1,false,false,false,0.0000,falling_n,false,189.50400000,188.20700000,4.2208,true,1.1162,0.2395,3,normal,true,0.2822,shallow_236_382,0.080,diagnostic_only,diagnostic_only,diagnostic_only,shallow_pullback,4,0.370,true,none,0.520,high_quality,false,false,diagnostic_only,both,true,none,true,diagnostic_adjacent_detected,required_light,false,false,SHORT,3,false,false,0,,,-1,0.0000,0.00000000,0.00000000,0.00000000,false,false,none,0.00000000,false,0.0000,0.0000,false,1,0.0000,false,-1,0.00000000,0.0000,off,false,not_evaluated,none,0.0000,0.0000,none,false,false,false,0.0000,none,false,none,0.0000,false,none,0.0000,0.0000,0.0000,0.0000,false,none,0.0000,none,none,false,false,none,0.0000,0.0000,0.0000,0.0000,none,false,false,0.0000,0.0000,false,false,-1,none,none,false,0.000,0.000,189.15350000,189.13100000,189.15350000,recent_equal_highs,0.01550000,0.0357,session_high|opening_range_high|neckline_level,189.12200000,0.1107,false,true,true,false,not_blocked,6,3,3,m5_failure_exit,off,none,0.00000000,0.0000,1.30,189.70200000,4.500,-0.300,0.200,PERIOD_M15,189.50400000,188.20700000,0.2822,outside,0.000,true,189.13800000,188.70400000,0.43400000,189.70200000,1.300,0.14457143,38.00,0-30,true,false,none,blocked_spread_too_high,4.800,4.800,none,0.0000,false,neckline_retest_failed,false,not_invalidated,spread_too_high
2025.02.25 10:05:00,signal,session_reversal_pullback_one_symbol_first120,GBPUSD,SHORT,2025.02.25 10:00:00,10,7,16,london,2025.02.25 07:00,0,first_120min,true,true,3,GBPUSD,highest_score_in_session_bar,london=USDJPY|EURJPY|GBPJPY|AUDJPY|EURUSD|GBPUSD,existing_first120_gate,london,true,false,true,passed_first_window,head_and_shoulders,neckline_break_retest,1.26191000,PERIOD_M5,PERIOD_H1,PERIOD_M15,PERIOD_M5,PERIOD_M5,false,htf_soft_alignment,current_post_filter,transcript_post_filter,dow_range_or_transition,break_below_without_lower_pullback,dow_range_or_transition,break_below_without_lower_pullback,false,true,true,SHORT,PERIOD_M5,head_and_shoulders,head_and_shoulders,4.500,none,0.000,head_and_shoulders,4.500,none,0.000,SHORT,false,PERIOD_H1_NONE_dow_range_or_transition|PERIOD_M15_NONE_break_below_without_lower_pullback,true,h1_counter_m15_reversal,true,top_NONE_dow_range_or_transition|structure_NONE_break_below_without_lower_pullback|structure_break_recent_confirmed_swing_break_retest|primary_break_recent_confirmed_swing_break_retest,none,below_75sma_flat_or_rising,below_75sma_falling,below_75sma_falling,0,1.26148000,0,1.26194000,false,off,NONE,NONE,0.00000000,0.00000000,0.0000,none,0.000,true,SHORT,return_low_break_or_bos_down,1.26148000,0,1.26380000,1.26148000,false,off,independent,false,,,false,0.0000,none,0.0000,0.0000,none,0.0000,0.0000,0.0000,none,0.0000,0,0,0.0000,none,none,none,none,0.0000,0,0.0000,none,false,true,not_evaluated,true,required_light_or_anchor_flip,short_bias,1.26320000,2025.02.25 06:45:00,1.26380000,2025.02.25 08:00:00,2025.02.25 09:00:00,false,NONE,0.00000000,0.00000000,0.0000,-1,false,,-1,NONE,0.00000000,0.00000000,0.0000,0.0000,none,,none,false,NONE,-1,-1,-1,false,false,none,true,false,false,true,none,true,required,false,PERIOD_M5,,,-1,0.0000,false,0.00000000,0.0000,false,0.0000,false,none,none,false,no_anchor_flip_in_entry_direction,true,required_first_signal_only,SHORT,unknown,0.00000000,,0.00000000,,false,,-1,false,NONE,0.00000000,,0.00000000,0.0000,0.0000,none,-1,false,false,false,no_anchor_flip_in_entry_direction,,,,false,false,false,-1,-1,-1,-1,-1,false,false,false,0.0000,range_n,true,1.26380000,1.26194000,3.3731,false,0.0000,0.0000,0,none,true,0.2377,shallow_236_382,0.080,diagnostic_only,diagnostic_only,diagnostic_only,shallow_pullback,7,0.320,true,none,0.470,high_quality,false,false,diagnostic_only,both,true,none,true,diagnostic_adjacent_detected,required_light,false,false,LONG,5,false,false,0,2025.02.25 07:50:00,2025.02.25 09:25:00,7,2.9897,0.00000000,1.26194000,1.26194000,true,true,m5_hl_close_break_down,1.26194000,true,1.2055,1.0126,true,1,0.0000,true,1,1.26194000,0.2572,off,false,not_evaluated,none,0.8333,0.1667,very_strong,true,false,false,0.0000,held_clean,true,favorable_side,0.0078,false,clean_retest,1.8002,0.6429,2.8000,0.0000,true,strong_exhaustion,0.0000,none,none,false,false,none,0.0000,0.0000,0.0000,0.0000,none,false,false,0.0000,0.0000,false,false,-1,none,none,false,0.000,0.000,1.26178000,1.26163000,1.26163000,wick_cluster_zone,0.00014000,0.1772,neckline_level,1.26191000,0.2250,false,true,true,false,not_blocked,5,4,1,m5_failure_exit,off,none,0.00000000,0.0000,1.30,1.26074000,4.500,-0.300,0.200,PERIOD_M15,1.26380000,1.26148000,0.1250,outside,0.000,true,1.26177000,1.26256000,0.00079000,1.26074000,1.304,0.00062214,20.00,0-30,true,false,none,not_consumed,5.150,5.150,none,0.0000,false,opposite_break_first,true,opposite_break_first,spread_too_high
2025.02.25 10:05:00,blocked,session_reversal_pullback_one_symbol_first120,GBPUSD,SHORT,2025.02.25 10:00:00,10,7,16,london,2025.02.25 07:00,0,first_120min,true,true,3,GBPUSD,highest_score_in_session_bar,london=USDJPY|EURJPY|GBPJPY|AUDJPY|EURUSD|GBPUSD,existing_first120_gate,london,true,false,true,passed_first_window,head_and_shoulders,neckline_break_retest,1.26191000,PERIOD_M5,PERIOD_H1,PERIOD_M15,PERIOD_M5,PERIOD_M5,false,htf_soft_alignment,current_post_filter,transcript_post_filter,dow_range_or_transition,break_below_without_lower_pullback,dow_range_or_transition,break_below_without_lower_pullback,false,true,true,SHORT,PERIOD_M5,head_and_shoulders,head_and_shoulders,4.500,none,0.000,head_and_shoulders,4.500,none,0.000,SHORT,false,PERIOD_H1_NONE_dow_range_or_transition|PERIOD_M15_NONE_break_below_without_lower_pullback,true,h1_counter_m15_reversal,true,top_NONE_dow_range_or_transition|structure_NONE_break_below_without_lower_pullback|structure_break_recent_confirmed_swing_break_retest|primary_break_recent_confirmed_swing_break_retest,none,below_75sma_flat_or_rising,below_75sma_falling,below_75sma_falling,0,1.26148000,0,1.26194000,false,off,NONE,NONE,0.00000000,0.00000000,0.0000,none,0.000,true,SHORT,return_low_break_or_bos_down,1.26148000,0,1.26380000,1.26148000,false,off,independent,false,,,false,0.0000,none,0.0000,0.0000,none,0.0000,0.0000,0.0000,none,0.0000,0,0,0.0000,none,none,none,none,0.0000,0,0.0000,none,false,true,not_evaluated,true,required_light_or_anchor_flip,short_bias,1.26320000,2025.02.25 06:45:00,1.26380000,2025.02.25 08:00:00,2025.02.25 09:00:00,false,NONE,0.00000000,0.00000000,0.0000,-1,false,,-1,NONE,0.00000000,0.00000000,0.0000,0.0000,none,,none,false,NONE,-1,-1,-1,false,false,none,true,false,false,true,none,true,required,false,PERIOD_M5,,,-1,0.0000,false,0.00000000,0.0000,false,0.0000,false,none,none,false,no_anchor_flip_in_entry_direction,true,required_first_signal_only,SHORT,unknown,0.00000000,,0.00000000,,false,,-1,false,NONE,0.00000000,,0.00000000,0.0000,0.0000,none,-1,false,false,false,no_anchor_flip_in_entry_direction,,,,false,false,false,-1,-1,-1,-1,-1,false,false,false,0.0000,range_n,true,1.26380000,1.26194000,3.3731,false,0.0000,0.0000,0,none,true,0.2377,shallow_236_382,0.080,diagnostic_only,diagnostic_only,diagnostic_only,shallow_pullback,7,0.320,true,none,0.470,high_quality,false,false,diagnostic_only,both,true,none,true,diagnostic_adjacent_detected,required_light,false,false,LONG,5,false,false,0,2025.02.25 07:50:00,2025.02.25 09:25:00,7,2.9897,0.00000000,1.26194000,1.26194000,true,true,m5_hl_close_break_down,1.26194000,true,1.2055,1.0126,true,1,0.0000,true,1,1.26194000,0.2572,off,false,not_evaluated,none,0.8333,0.1667,very_strong,true,false,false,0.0000,held_clean,true,favorable_side,0.0078,false,clean_retest,1.8002,0.6429,2.8000,0.0000,true,strong_exhaustion,0.0000,none,none,false,false,none,0.0000,0.0000,0.0000,0.0000,none,false,false,0.0000,0.0000,false,false,-1,none,none,false,0.000,0.000,1.26178000,1.26163000,1.26163000,wick_cluster_zone,0.00014000,0.1772,neckline_level,1.26191000,0.2250,false,true,true,false,not_blocked,5,4,1,m5_failure_exit,off,none,0.00000000,0.0000,1.30,1.26074000,4.500,-0.300,0.200,PERIOD_M15,1.26380000,1.26148000,0.1250,outside,0.000,true,1.26177000,1.26256000,0.00079000,1.26074000,1.304,0.00062214,20.00,0-30,true,false,none,blocked_spread_too_high,5.150,5.150,none,0.0000,false,opposite_break_first,true,opposite_break_first,spread_too_high
2025.02.25 19:45:00,signal,session_reversal_pullback_one_symbol_first120,EURUSD,LONG,2025.02.25 19:40:00,19,16,1,new_york,2025.02.25 16:00,40,first_120min,true,true,3,EURUSD,highest_score_in_session_bar,new_york=USDJPY|EURJPY|GBPJPY|AUDJPY|EURUSD|GBPUSD,existing_first120_gate,new_york,false,false,true,passed_first_window,inverse_head_and_shoulders,neckline_break_retest,1.04934000,PERIOD_M5,PERIOD_H1,PERIOD_M15,PERIOD_M5,PERIOD_M5,false,htf_soft_alignment,current_post_filter,transcript_post_filter,dow_trend_down_ll_lh,structure_trend_bias_dow_trend_up_hh_hl,dow_trend_down_ll_lh,structure_trend_bias_dow_trend_up_hh_hl,false,true,true,LONG,PERIOD_M5,inverse_head_and_shoulders,inverse_head_and_shoulders,4.500,none,0.000,inverse_head_and_shoulders,4.500,none,0.000,LONG,false,PERIOD_H1_SHORT_dow_trend_down_ll_lh|PERIOD_M15_LONG_structure_trend_bias_dow_trend_up_hh_hl,true,h1_counter_m15_reversal,true,top_SHORT_dow_trend_down_ll_lh|structure_LONG_structure_trend_bias_dow_trend_up_hh_hl|structure_break_recent_confirmed_swing_break_failed|primary_break_recent_confirmed_swing_break_continuation,none,above_75sma_rising,above_75sma_rising,below_75sma_flat_or_rising,-1,0.00000000,0,1.04779000,false,off,NONE,NONE,0.00000000,0.00000000,0.0000,none,0.000,true,LONG,return_high_break_or_bos_up,1.05089000,9,1.05185000,1.04940000,false,off,independent,false,,,false,0.0000,none,0.0000,0.0000,none,0.0000,0.0000,0.0000,none,0.0000,0,0,0.0000,none,none,none,none,0.0000,0,0.0000,none,false,true,not_evaluated,true,required_light_or_anchor_flip,bias_flip_down,1.04909000,2025.02.25 16:00:00,1.04795000,2025.02.25 08:15:00,2025.02.25 17:15:00,true,SHORT,1.04909000,1.04864000,0.4899,2,true,2025.02.25 19:00:00,2,SHORT,1.04909000,1.04864000,0.4899,1.1322,normal,2025.02.25 19:00:00,first_after_anchor,true,SHORT,2,2,2,true,false,fresh_0_4,false,true,false,true,none,true,required,false,PERIOD_M5,,,-1,0.0000,false,0.00000000,0.0000,false,0.0000,false,none,none,false,no_anchor_flip_in_entry_direction,true,required_first_signal_only,LONG,unknown,0.00000000,,0.00000000,,false,,-1,false,NONE,0.00000000,,0.00000000,0.0000,0.0000,none,-1,false,false,false,no_anchor_flip_in_entry_direction,,,,false,false,false,-1,-1,-1,-1,-1,false,false,false,0.0000,range_n,true,1.05185000,1.04875000,3.3748,true,1.1322,0.2409,0,normal,true,0.4929,preferred_382_618,0.200,diagnostic_only,diagnostic_only,diagnostic_only,fib_pullback,6,0.440,true,none,0.590,high_quality,false,false,diagnostic_only,both,true,none,true,diagnostic_adjacent_detected,required_light,false,false,SHORT,4,false,false,2,2025.02.25 17:25:00,2025.02.25 19:10:00,6,7.9326,1.05053000,0.00000000,1.05053000,false,false,none,0.00000000,false,0.0000,0.0000,false,1,0.0000,false,-1,0.00000000,0.0000,off,false,not_evaluated,none,0.0000,0.0000,none,false,false,false,0.0000,none,false,none,0.0000,false,none,4.9663,5.5056,0.9020,2.4270,false,no_shrink,0.0000,none,none,false,false,none,0.0000,0.0000,0.0000,0.0000,none,false,false,0.0000,0.0000,false,false,-1,none,none,false,0.000,0.000,1.05031000,1.04969000,1.05031000,recent_rejection_zone,0.00055000,0.4435,session_high|opening_range_high|neckline_level,1.04969000,0.1573,false,true,true,false,not_blocked,3,2,1,m5_failure_exit,off,none,0.00000000,0.0000,1.30,1.05137000,4.500,-0.300,0.200,PERIOD_M15,1.05185000,1.04940000,0.8531,outside,0.000,true,1.04976000,1.04852000,0.00124000,1.05137000,1.298,0.00044500,18.00,30-60,true,false,none,not_consumed,4.800,4.800,none,0.0000,false,opposite_break_first,true,opposite_break_first,spread_too_high
2025.02.25 19:45:00,blocked,session_reversal_pullback_one_symbol_first120,EURUSD,LONG,2025.02.25 19:40:00,19,16,1,new_york,2025.02.25 16:00,40,first_120min,true,true,3,EURUSD,highest_score_in_session_bar,new_york=USDJPY|EURJPY|GBPJPY|AUDJPY|EURUSD|GBPUSD,existing_first120_gate,new_york,false,false,true,passed_first_window,inverse_head_and_shoulders,neckline_break_retest,1.04934000,PERIOD_M5,PERIOD_H1,PERIOD_M15,PERIOD_M5,PERIOD_M5,false,htf_soft_alignment,current_post_filter,transcript_post_filter,dow_trend_down_ll_lh,structure_trend_bias_dow_trend_up_hh_hl,dow_trend_down_ll_lh,structure_trend_bias_dow_trend_up_hh_hl,false,true,true,LONG,PERIOD_M5,inverse_head_and_shoulders,inverse_head_and_shoulders,4.500,none,0.000,inverse_head_and_shoulders,4.500,none,0.000,LONG,false,PERIOD_H1_SHORT_dow_trend_down_ll_lh|PERIOD_M15_LONG_structure_trend_bias_dow_trend_up_hh_hl,true,h1_counter_m15_reversal,true,top_SHORT_dow_trend_down_ll_lh|structure_LONG_structure_trend_bias_dow_trend_up_hh_hl|structure_break_recent_confirmed_swing_break_failed|primary_break_recent_confirmed_swing_break_continuation,none,above_75sma_rising,above_75sma_rising,below_75sma_flat_or_rising,-1,0.00000000,0,1.04779000,false,off,NONE,NONE,0.00000000,0.00000000,0.0000,none,0.000,true,LONG,return_high_break_or_bos_up,1.05089000,9,1.05185000,1.04940000,false,off,independent,false,,,false,0.0000,none,0.0000,0.0000,none,0.0000,0.0000,0.0000,none,0.0000,0,0,0.0000,none,none,none,none,0.0000,0,0.0000,none,false,true,not_evaluated,true,required_light_or_anchor_flip,bias_flip_down,1.04909000,2025.02.25 16:00:00,1.04795000,2025.02.25 08:15:00,2025.02.25 17:15:00,true,SHORT,1.04909000,1.04864000,0.4899,2,true,2025.02.25 19:00:00,2,SHORT,1.04909000,1.04864000,0.4899,1.1322,normal,2025.02.25 19:00:00,first_after_anchor,true,SHORT,2,2,2,true,false,fresh_0_4,false,true,false,true,none,true,required,false,PERIOD_M5,,,-1,0.0000,false,0.00000000,0.0000,false,0.0000,false,none,none,false,no_anchor_flip_in_entry_direction,true,required_first_signal_only,LONG,unknown,0.00000000,,0.00000000,,false,,-1,false,NONE,0.00000000,,0.00000000,0.0000,0.0000,none,-1,false,false,false,no_anchor_flip_in_entry_direction,,,,false,false,false,-1,-1,-1,-1,-1,false,false,false,0.0000,range_n,true,1.05185000,1.04875000,3.3748,true,1.1322,0.2409,0,normal,true,0.4929,preferred_382_618,0.200,diagnostic_only,diagnostic_only,diagnostic_only,fib_pullback,6,0.440,true,none,0.590,high_quality,false,false,diagnostic_only,both,true,none,true,diagnostic_adjacent_detected,required_light,false,false,SHORT,4,false,false,2,2025.02.25 17:25:00,2025.02.25 19:10:00,6,7.9326,1.05053000,0.00000000,1.05053000,false,false,none,0.00000000,false,0.0000,0.0000,false,1,0.0000,false,-1,0.00000000,0.0000,off,false,not_evaluated,none,0.0000,0.0000,none,false,false,false,0.0000,none,false,none,0.0000,false,none,4.9663,5.5056,0.9020,2.4270,false,no_shrink,0.0000,none,none,false,false,none,0.0000,0.0000,0.0000,0.0000,none,false,false,0.0000,0.0000,false,false,-1,none,none,false,0.000,0.000,1.05031000,1.04969000,1.05031000,recent_rejection_zone,0.00055000,0.4435,session_high|opening_range_high|neckline_level,1.04969000,0.1573,false,true,true,false,not_blocked,3,2,1,m5_failure_exit,off,none,0.00000000,0.0000,1.30,1.05137000,4.500,-0.300,0.200,PERIOD_M15,1.05185000,1.04940000,0.8531,outside,0.000,true,1.04976000,1.04852000,0.00124000,1.05137000,1.298,0.00044500,18.00,30-60,true,false,none,blocked_spread_too_high,4.800,4.800,none,0.0000,false,opposite_break_first,true,opposite_break_first,spread_too_high
2025.02.26 04:55:00,signal,session_reversal_pullback_one_symbol_first120,GBPJPY,LONG,2025.02.26 04:50:00,4,1,10,tokyo,2025.02.26 00:00,110,first_120min,false,true,3,GBPJPY,highest_score_in_session_bar,tokyo=USDJPY|EURJPY|GBPJPY|AUDJPY,existing_first120_gate,tokyo,true,false,true,passed_first_window,inverse_head_and_shoulders,neckline_break_retest,188.96200000,PERIOD_M5,PERIOD_H1,PERIOD_M15,PERIOD_M5,PERIOD_M5,false,htf_soft_alignment,current_post_filter,transcript_post_filter,dow_range_or_transition,no_ordered_dow_wave3_break,dow_range_or_transition,no_ordered_dow_wave3_break,false,true,false,LONG,PERIOD_M5,inverse_head_and_shoulders,inverse_head_and_shoulders,4.500,none,0.000,inverse_head_and_shoulders,4.500,none,0.000,LONG,false,PERIOD_H1_NONE_dow_range_or_transition|PERIOD_M15_NONE_no_ordered_dow_wave3_break,true,h1_counter_m15_reversal,true,top_NONE_dow_range_or_transition|structure_NONE_no_ordered_dow_wave3_break|structure_break_recent_confirmed_swing_break_retest|primary_break_recent_confirmed_swing_break_continuation,none,below_75sma_falling,above_75sma_rising,above_75sma_rising,2,189.00300000,0,188.87700000,false,off,NONE,NONE,0.00000000,0.00000000,0.0000,none,0.000,true,LONG,return_high_break_or_bos_up,189.00300000,2,189.00300000,188.39000000,false,off,independent,false,,,false,0.0000,none,0.0000,0.0000,none,0.0000,0.0000,0.0000,none,0.0000,0,0,0.0000,none,none,none,none,0.0000,0,0.0000,none,false,true,not_evaluated,true,required_light_or_anchor_flip,bias_flip_up,188.54600000,2025.02.26 00:00:00,189.00300000,2025.02.26 01:00:00,2025.02.26 02:15:00,true,LONG,189.00300000,189.02800000,0.1045,2,true,2025.02.26 04:00:00,2,LONG,189.00300000,189.02800000,0.1045,0.2299,normal,2025.02.26 04:00:00,first_after_anchor,true,LONG,2,2,2,true,false,fresh_0_4,true,false,false,true,none,true,required,true,PERIOD_M5,2025.02.26 04:05:00,2025.02.26 04:05:00,10,0.3483,true,189.00300000,0.3483,false,0.0000,true,m5_bullish_close_after_anchor_retest,retest_reconfirm,true,none,true,required_first_signal_only,LONG,falling_n,188.89100000,2025.02.26 04:35:00,189.04200000,2025.02.26 04:30:00,true,2025.02.26 04:45:00,1,true,LONG,189.04200000,2025.02.26 04:50:00,189.07600000,0.3290,0.6966,strong,0,true,true,true,none,GBPJPY|LONG|1740542400|189.003,GBPJPY|LONG|1740542400|189.003|M5|1740545100|189.042,2025.02.26 04:50:00,false,false,false,1,8,1,0,10,true,false,false,0.3290,range_n,true,189.10900000,188.39000000,3.0048,true,0.2299,0.6839,0,normal,true,-0.2429,no_fib,0.000,diagnostic_only,diagnostic_only,diagnostic_only,structure_pullback,9,0.290,true,none,0.440,high_quality,false,false,diagnostic_only,both,false,wave2_retrace_too_shallow,true,diagnostic_adjacent_detected,high_quality_m5_near_miss,true,false,SHORT,5,false,false,0,2025.02.26 02:15:00,2025.02.26 04:10:00,8,6.7243,189.08500000,0.00000000,189.08500000,false,false,none,0.00000000,false,0.0000,0.0000,false,1,0.0000,false,-1,0.00000000,0.0000,off,false,not_evaluated,none,0.0000,0.0000,none,false,false,false,0.0000,none,false,none,0.0000,false,none,6.0857,4.7118,1.2916,0.0000,true,strong_exhaustion,0.0000,none,none,false,false,none,0.0000,0.0000,0.0000,0.0000,none,false,false,0.0000,0.0000,false,false,-1,none,none,false,0.000,0.000,189.11800000,189.10900000,189.11800000,current_day_high,0.00400000,0.0129,session_high|opening_range_high|neckline_level,189.11800000,0.0387,false,false,true,false,not_blocked,2,0,2,m5_failure_exit,off,none,0.00000000,0.0000,1.30,189.51700000,4.500,-0.300,0.200,PERIOD_M15,189.00300000,188.45600000,-0.2029,outside,0.000,true,189.11400000,188.80400000,0.31000000,189.51700000,1.300,0.10335714,38.00,90-120,true,false,none,not_consumed,5.150,5.150,none,0.0000,false,opposite_break_first,true,opposite_break_first,spread_too_high
2025.02.26 04:55:00,blocked,session_reversal_pullback_one_symbol_first120,GBPJPY,LONG,2025.02.26 04:50:00,4,1,10,tokyo,2025.02.26 00:00,110,first_120min,false,true,3,GBPJPY,highest_score_in_session_bar,tokyo=USDJPY|EURJPY|GBPJPY|AUDJPY,existing_first120_gate,tokyo,true,false,true,passed_first_window,inverse_head_and_shoulders,neckline_break_retest,188.96200000,PERIOD_M5,PERIOD_H1,PERIOD_M15,PERIOD_M5,PERIOD_M5,false,htf_soft_alignment,current_post_filter,transcript_post_filter,dow_range_or_transition,no_ordered_dow_wave3_break,dow_range_or_transition,no_ordered_dow_wave3_break,false,true,false,LONG,PERIOD_M5,inverse_head_and_shoulders,inverse_head_and_shoulders,4.500,none,0.000,inverse_head_and_shoulders,4.500,none,0.000,LONG,false,PERIOD_H1_NONE_dow_range_or_transition|PERIOD_M15_NONE_no_ordered_dow_wave3_break,true,h1_counter_m15_reversal,true,top_NONE_dow_range_or_transition|structure_NONE_no_ordered_dow_wave3_break|structure_break_recent_confirmed_swing_break_retest|primary_break_recent_confirmed_swing_break_continuation,none,below_75sma_falling,above_75sma_rising,above_75sma_rising,2,189.00300000,0,188.87700000,false,off,NONE,NONE,0.00000000,0.00000000,0.0000,none,0.000,true,LONG,return_high_break_or_bos_up,189.00300000,2,189.00300000,188.39000000,false,off,independent,false,,,false,0.0000,none,0.0000,0.0000,none,0.0000,0.0000,0.0000,none,0.0000,0,0,0.0000,none,none,none,none,0.0000,0,0.0000,none,false,true,not_evaluated,true,required_light_or_anchor_flip,bias_flip_up,188.54600000,2025.02.26 00:00:00,189.00300000,2025.02.26 01:00:00,2025.02.26 02:15:00,true,LONG,189.00300000,189.02800000,0.1045,2,true,2025.02.26 04:00:00,2,LONG,189.00300000,189.02800000,0.1045,0.2299,normal,2025.02.26 04:00:00,first_after_anchor,true,LONG,2,2,2,true,false,fresh_0_4,true,false,false,true,none,true,required,true,PERIOD_M5,2025.02.26 04:05:00,2025.02.26 04:05:00,10,0.3483,true,189.00300000,0.3483,false,0.0000,true,m5_bullish_close_after_anchor_retest,retest_reconfirm,true,none,true,required_first_signal_only,LONG,falling_n,188.89100000,2025.02.26 04:35:00,189.04200000,2025.02.26 04:30:00,true,2025.02.26 04:45:00,1,true,LONG,189.04200000,2025.02.26 04:50:00,189.07600000,0.3290,0.6966,strong,0,true,true,true,none,GBPJPY|LONG|1740542400|189.003,GBPJPY|LONG|1740542400|189.003|M5|1740545100|189.042,2025.02.26 04:50:00,false,false,false,1,8,1,0,10,true,false,false,0.3290,range_n,true,189.10900000,188.39000000,3.0048,true,0.2299,0.6839,0,normal,true,-0.2429,no_fib,0.000,diagnostic_only,diagnostic_only,diagnostic_only,structure_pullback,9,0.290,true,none,0.440,high_quality,false,false,diagnostic_only,both,false,wave2_retrace_too_shallow,true,diagnostic_adjacent_detected,high_quality_m5_near_miss,true,false,SHORT,5,false,false,0,2025.02.26 02:15:00,2025.02.26 04:10:00,8,6.7243,189.08500000,0.00000000,189.08500000,false,false,none,0.00000000,false,0.0000,0.0000,false,1,0.0000,false,-1,0.00000000,0.0000,off,false,not_evaluated,none,0.0000,0.0000,none,false,false,false,0.0000,none,false,none,0.0000,false,none,6.0857,4.7118,1.2916,0.0000,true,strong_exhaustion,0.0000,none,none,false,false,none,0.0000,0.0000,0.0000,0.0000,none,false,false,0.0000,0.0000,false,false,-1,none,none,false,0.000,0.000,189.11800000,189.10900000,189.11800000,current_day_high,0.00400000,0.0129,session_high|opening_range_high|neckline_level,189.11800000,0.0387,false,false,true,false,not_blocked,2,0,2,m5_failure_exit,off,none,0.00000000,0.0000,1.30,189.51700000,4.500,-0.300,0.200,PERIOD_M15,189.00300000,188.45600000,-0.2029,outside,0.000,true,189.11400000,188.80400000,0.31000000,189.51700000,1.300,0.10335714,38.00,90-120,true,false,none,blocked_spread_too_high,5.150,5.150,none,0.0000,false,opposite_break_first,true,opposite_break_first,spread_too_high
2025.02.26 11:40:00,signal,session_reversal_pullback_one_symbol_first120,AUDJPY,SHORT,2025.02.26 11:35:00,11,8,17,london,2025.02.26 07:00,95,first_120min,false,true,3,AUDJPY,highest_score_in_session_bar,london=USDJPY|EURJPY|GBPJPY|AUDJPY|EURUSD|GBPUSD,existing_first120_gate,london,true,false,true,passed_first_window,double_top,neckline_break_retest,94.51700000,PERIOD_M5,PERIOD_H1,PERIOD_M15,PERIOD_M5,PERIOD_M5,false,htf_soft_alignment,current_post_filter,transcript_post_filter,dow_range_or_transition,structure_trend_bias_dow_trend_up_hh_hl,dow_range_or_transition,structure_trend_bias_dow_trend_up_hh_hl,false,false,true,SHORT,PERIOD_M5,double_top,double_top,4.200,none,0.000,double_top,4.200,none,0.000,SHORT,false,PERIOD_H1_NONE_dow_range_or_transition|PERIOD_M15_LONG_structure_trend_bias_dow_trend_up_hh_hl,true,h1_counter_m15_reversal,true,top_NONE_dow_range_or_transition|structure_LONG_structure_trend_bias_dow_trend_up_hh_hl|structure_break_recent_confirmed_swing_break_retest|primary_break_recent_confirmed_swing_break_retest,none,below_75sma_falling,below_75sma_falling,below_75sma_falling,1,94.46300000,1,94.50900000,false,off,NONE,NONE,0.00000000,0.00000000,0.0000,none,0.000,true,SHORT,return_low_break_or_bos_down,94.46300000,1,94.72800000,94.46300000,false,off,independent,false,,,false,0.0000,none,0.0000,0.0000,none,0.0000,0.0000,0.0000,none,0.0000,0,0,0.0000,none,none,none,none,0.0000,0,0.0000,none,false,true,not_evaluated,true,required_light_or_anchor_flip,bias_flip_down,94.46300000,2025.02.26 07:45:00,94.60200000,2025.02.26 06:15:00,2025.02.26 08:45:00,true,SHORT,94.46300000,94.44600000,0.1659,1,true,2025.02.26 11:00:00,1,SHORT,94.46300000,94.44600000,0.1659,0.4878,normal,2025.02.26 11:00:00,first_after_anchor,true,SHORT,1,1,1,true,false,fresh_0_4,true,false,false,true,none,true,required,true,PERIOD_M5,2025.02.26 11:05:00,2025.02.26 11:10:00,7,0.5833,true,94.46300000,0.5833,true,0.5269,true,m5_bearish_close_after_anchor_retest,failed_close_back_inside,false,post_anchor_close_back_inside,true,required_first_signal_only,SHORT,unknown,0.00000000,,0.00000000,,false,,-1,false,NONE,0.00000000,,0.00000000,0.0000,0.0000,none,-1,false,false,false,insufficient_confirmed_m5_pivots,AUDJPY|SHORT|1740567600|94.463,,,false,false,false,-1,-1,-1,-1,-1,false,false,false,0.0000,rising_n,false,94.72800000,94.44400000,2.7707,true,0.4878,0.4565,1,normal,true,0.2483,shallow_236_382,0.080,diagnostic_only,diagnostic_only,diagnostic_only,shallow_pullback,10,0.370,true,none,0.520,high_quality,false,false,diagnostic_only,both,true,none,true,diagnostic_adjacent_detected,required_light,false,false,LONG,4,false,false,0,2025.02.26 08:50:00,2025.02.26 11:10:00,5,5.5323,0.00000000,94.43400000,94.43400000,false,false,none,0.00000000,false,0.0000,0.0000,false,1,0.0000,false,-1,0.00000000,0.0000,off,false,not_evaluated,none,0.0000,0.0000,none,false,false,false,0.0000,none,false,none,0.0000,false,none,4.1774,4.1210,1.0137,0.0000,true,strong_exhaustion,0.0000,none,none,false,false,none,0.0000,0.0000,0.0000,0.0000,none,false,false,0.0000,0.0000,false,false,-1,none,none,false,0.000,0.000,94.50900000,94.48300000,94.48300000,recent_rejection_zone,0.02400000,0.3582,opening_range_low|neckline_level,94.50900000,0.0376,false,true,true,false,not_blocked,6,3,3,m5_failure_exit,off,none,0.00000000,0.0000,1.30,94.42000000,4.200,-0.300,0.200,PERIOD_M15,94.72800000,94.46300000,0.1660,outside,0.000,true,94.50700000,94.57400000,0.06700000,94.42000000,1.299,0.05314286,28.00,90-120,true,false,none,not_consumed,4.850,4.850,none,0.0000,false,opposite_break_first,true,opposite_break_first,spread_too_high
2025.02.26 11:40:00,blocked,session_reversal_pullback_one_symbol_first120,AUDJPY,SHORT,2025.02.26 11:35:00,11,8,17,london,2025.02.26 07:00,95,first_120min,false,true,3,AUDJPY,highest_score_in_session_bar,london=USDJPY|EURJPY|GBPJPY|AUDJPY|EURUSD|GBPUSD,existing_first120_gate,london,true,false,true,passed_first_window,double_top,neckline_break_retest,94.51700000,PERIOD_M5,PERIOD_H1,PERIOD_M15,PERIOD_M5,PERIOD_M5,false,htf_soft_alignment,current_post_filter,transcript_post_filter,dow_range_or_transition,structure_trend_bias_dow_trend_up_hh_hl,dow_range_or_transition,structure_trend_bias_dow_trend_up_hh_hl,false,false,true,SHORT,PERIOD_M5,double_top,double_top,4.200,none,0.000,double_top,4.200,none,0.000,SHORT,false,PERIOD_H1_NONE_dow_range_or_transition|PERIOD_M15_LONG_structure_trend_bias_dow_trend_up_hh_hl,true,h1_counter_m15_reversal,true,top_NONE_dow_range_or_transition|structure_LONG_structure_trend_bias_dow_trend_up_hh_hl|structure_break_recent_confirmed_swing_break_retest|primary_break_recent_confirmed_swing_break_retest,none,below_75sma_falling,below_75sma_falling,below_75sma_falling,1,94.46300000,1,94.50900000,false,off,NONE,NONE,0.00000000,0.00000000,0.0000,none,0.000,true,SHORT,return_low_break_or_bos_down,94.46300000,1,94.72800000,94.46300000,false,off,independent,false,,,false,0.0000,none,0.0000,0.0000,none,0.0000,0.0000,0.0000,none,0.0000,0,0,0.0000,none,none,none,none,0.0000,0,0.0000,none,false,true,not_evaluated,true,required_light_or_anchor_flip,bias_flip_down,94.46300000,2025.02.26 07:45:00,94.60200000,2025.02.26 06:15:00,2025.02.26 08:45:00,true,SHORT,94.46300000,94.44600000,0.1659,1,true,2025.02.26 11:00:00,1,SHORT,94.46300000,94.44600000,0.1659,0.4878,normal,2025.02.26 11:00:00,first_after_anchor,true,SHORT,1,1,1,true,false,fresh_0_4,true,false,false,true,none,true,required,true,PERIOD_M5,2025.02.26 11:05:00,2025.02.26 11:10:00,7,0.5833,true,94.46300000,0.5833,true,0.5269,true,m5_bearish_close_after_anchor_retest,failed_close_back_inside,false,post_anchor_close_back_inside,true,required_first_signal_only,SHORT,unknown,0.00000000,,0.00000000,,false,,-1,false,NONE,0.00000000,,0.00000000,0.0000,0.0000,none,-1,false,false,false,insufficient_confirmed_m5_pivots,AUDJPY|SHORT|1740567600|94.463,,,false,false,false,-1,-1,-1,-1,-1,false,false,false,0.0000,rising_n,false,94.72800000,94.44400000,2.7707,true,0.4878,0.4565,1,normal,true,0.2483,shallow_236_382,0.080,diagnostic_only,diagnostic_only,diagnostic_only,shallow_pullback,10,0.370,true,none,0.520,high_quality,false,false,diagnostic_only,both,true,none,true,diagnostic_adjacent_detected,required_light,false,false,LONG,4,false,false,0,2025.02.26 08:50:00,2025.02.26 11:10:00,5,5.5323,0.00000000,94.43400000,94.43400000,false,false,none,0.00000000,false,0.0000,0.0000,false,1,0.0000,false,-1,0.00000000,0.0000,off,false,not_evaluated,none,0.0000,0.0000,none,false,false,false,0.0000,none,false,none,0.0000,false,none,4.1774,4.1210,1.0137,0.0000,true,strong_exhaustion,0.0000,none,none,false,false,none,0.0000,0.0000,0.0000,0.0000,none,false,false,0.0000,0.0000,false,false,-1,none,none,false,0.000,0.000,94.50900000,94.48300000,94.48300000,recent_rejection_zone,0.02400000,0.3582,opening_range_low|neckline_level,94.50900000,0.0376,false,true,true,false,not_blocked,6,3,3,m5_failure_exit,off,none,0.00000000,0.0000,1.30,94.42000000,4.200,-0.300,0.200,PERIOD_M15,94.72800000,94.46300000,0.1660,outside,0.000,true,94.50700000,94.57400000,0.06700000,94.42000000,1.299,0.05314286,28.00,90-120,true,false,none,blocked_spread_too_high,4.850,4.850,none,0.0000,false,opposite_break_first,true,opposite_break_first,spread_too_high
2025.02.26 16:40:00,signal,session_reversal_pullback_one_symbol_first120,EURJPY,SHORT,2025.02.26 16:35:00,16,13,22,london_newyork_overlap,2025.02.26 13:00,35,first_120min,true,true,3,EURJPY,highest_score_in_session_bar,london_newyork_overlap=USDJPY|EURJPY|GBPJPY|AUDJPY|EURUSD|GBPUSD,existing_first120_gate,london_newyork_overlap,false,false,true,passed_first_window,double_top,neckline_break_retest,156.81500000,PERIOD_M5,PERIOD_H1,PERIOD_M15,PERIOD_M5,PERIOD_M5,false,htf_soft_alignment,current_post_filter,transcript_post_filter,dow_trend_up_hh_hl,structure_trend_bias_dow_trend_up_hh_hl,dow_trend_up_hh_hl,structure_trend_bias_dow_trend_up_hh_hl,false,true,true,SHORT,PERIOD_M5,double_top,double_top,4.200,none,0.000,double_top,4.200,none,0.000,SHORT,false,PERIOD_H1_LONG_dow_trend_up_hh_hl|PERIOD_M15_LONG_structure_trend_bias_dow_trend_up_hh_hl,true,h1_counter_m15_reversal,true,top_LONG_dow_trend_up_hh_hl|structure_LONG_structure_trend_bias_dow_trend_up_hh_hl|structure_break_recent_confirmed_swing_break_failed|primary_break_recent_confirmed_swing_break_failed,none,above_75sma_flat_or_falling,above_75sma_rising,below_75sma_falling,-1,0.00000000,-1,0.00000000,false,off,NONE,NONE,0.00000000,0.00000000,0.0000,none,0.000,true,SHORT,return_low_break_or_bos_down,156.65600000,17,157.03600000,156.60200000,false,off,independent,false,,,false,0.0000,none,0.0000,0.0000,none,0.0000,0.0000,0.0000,none,0.0000,0,0,0.0000,none,none,none,none,0.0000,0,0.0000,none,false,true,not_evaluated,true,required_light_or_anchor_flip,long_bias,156.60200000,2025.02.26 12:00:00,156.86400000,2025.02.26 11:30:00,2025.02.26 13:15:00,false,NONE,0.00000000,0.00000000,0.0000,-1,false,,-1,NONE,0.00000000,0.00000000,0.0000,0.0000,none,,none,false,NONE,-1,-1,-1,false,false,none,false,true,false,true,none,true,required,false,PERIOD_M5,,,-1,0.0000,false,0.00000000,0.0000,false,0.0000,false,none,none,false,no_anchor_flip_in_entry_direction,true,required_first_signal_only,SHORT,unknown,0.00000000,,0.00000000,,false,,-1,false,NONE,0.00000000,,0.00000000,0.0000,0.0000,none,-1,false,false,false,no_anchor_flip_in_entry_direction,,,,false,false,false,-1,-1,-1,-1,-1,false,false,false,0.0000,rising_n,false,157.03600000,156.60200000,3.3058,false,0.0000,0.0000,0,none,true,0.3917,preferred_382_618,0.200,diagnostic_only,diagnostic_only,diagnostic_only,shallow_pullback,24,0.400,true,none,0.550,high_quality,false,false,diagnostic_only,both,true,none,true,diagnostic_adjacent_detected,required_light,false,false,LONG,10,false,false,2,2025.02.26 15:25:00,2025.02.26 16:10:00,5,3.2397,0.00000000,156.71300000,156.71300000,true,true,m5_hl_close_break_down,156.71300000,true,0.5496,1.6391,true,1,0.5689,false,1,156.71300000,0.9160,off,false,not_evaluated,none,0.9171,0.0829,very_strong,false,true,true,0.5689,failed_1bar,true,back_inside,0.1865,false,weak_retest,2.6322,1.7452,1.5083,1.4945,false,no_shrink,0.0000,none,none,false,false,none,0.0000,0.0000,0.0000,0.0000,none,false,false,0.0000,0.0000,false,false,-1,none,none,false,0.000,0.000,156.78370588,156.65000000,156.65000000,pre_session_low,0.12200000,0.7722,neckline_level,156.81500000,0.4146,false,true,false,false,not_blocked,5,5,0,m5_failure_exit,off,none,0.00000000,0.0000,1.30,156.56700000,4.200,-0.300,0.200,PERIOD_M15,157.01000000,156.62100000,0.3882,preferred_382_618,0.000,true,156.77200000,156.93000000,0.15800000,156.56700000,1.297,0.10371429,31.00,30-60,true,false,none,not_consumed,4.300,4.300,none,0.0000,false,opposite_break_first,true,opposite_break_first,spread_too_high
2025.02.26 16:40:00,blocked,session_reversal_pullback_one_symbol_first120,EURJPY,SHORT,2025.02.26 16:35:00,16,13,22,london_newyork_overlap,2025.02.26 13:00,35,first_120min,true,true,3,EURJPY,highest_score_in_session_bar,london_newyork_overlap=USDJPY|EURJPY|GBPJPY|AUDJPY|EURUSD|GBPUSD,existing_first120_gate,london_newyork_overlap,false,false,true,passed_first_window,double_top,neckline_break_retest,156.81500000,PERIOD_M5,PERIOD_H1,PERIOD_M15,PERIOD_M5,PERIOD_M5,false,htf_soft_alignment,current_post_filter,transcript_post_filter,dow_trend_up_hh_hl,structure_trend_bias_dow_trend_up_hh_hl,dow_trend_up_hh_hl,structure_trend_bias_dow_trend_up_hh_hl,false,true,true,SHORT,PERIOD_M5,double_top,double_top,4.200,none,0.000,double_top,4.200,none,0.000,SHORT,false,PERIOD_H1_LONG_dow_trend_up_hh_hl|PERIOD_M15_LONG_structure_trend_bias_dow_trend_up_hh_hl,true,h1_counter_m15_reversal,true,top_LONG_dow_trend_up_hh_hl|structure_LONG_structure_trend_bias_dow_trend_up_hh_hl|structure_break_recent_confirmed_swing_break_failed|primary_break_recent_confirmed_swing_break_failed,none,above_75sma_flat_or_falling,above_75sma_rising,below_75sma_falling,-1,0.00000000,-1,0.00000000,false,off,NONE,NONE,0.00000000,0.00000000,0.0000,none,0.000,true,SHORT,return_low_break_or_bos_down,156.65600000,17,157.03600000,156.60200000,false,off,independent,false,,,false,0.0000,none,0.0000,0.0000,none,0.0000,0.0000,0.0000,none,0.0000,0,0,0.0000,none,none,none,none,0.0000,0,0.0000,none,false,true,not_evaluated,true,required_light_or_anchor_flip,long_bias,156.60200000,2025.02.26 12:00:00,156.86400000,2025.02.26 11:30:00,2025.02.26 13:15:00,false,NONE,0.00000000,0.00000000,0.0000,-1,false,,-1,NONE,0.00000000,0.00000000,0.0000,0.0000,none,,none,false,NONE,-1,-1,-1,false,false,none,false,true,false,true,none,true,required,false,PERIOD_M5,,,-1,0.0000,false,0.00000000,0.0000,false,0.0000,false,none,none,false,no_anchor_flip_in_entry_direction,true,required_first_signal_only,SHORT,unknown,0.00000000,,0.00000000,,false,,-1,false,NONE,0.00000000,,0.00000000,0.0000,0.0000,none,-1,false,false,false,no_anchor_flip_in_entry_direction,,,,false,false,false,-1,-1,-1,-1,-1,false,false,false,0.0000,rising_n,false,157.03600000,156.60200000,3.3058,false,0.0000,0.0000,0,none,true,0.3917,preferred_382_618,0.200,diagnostic_only,diagnostic_only,diagnostic_only,shallow_pullback,24,0.400,true,none,0.550,high_quality,false,false,diagnostic_only,both,true,none,true,diagnostic_adjacent_detected,required_light,false,false,LONG,10,false,false,2,2025.02.26 15:25:00,2025.02.26 16:10:00,5,3.2397,0.00000000,156.71300000,156.71300000,true,true,m5_hl_close_break_down,156.71300000,true,0.5496,1.6391,true,1,0.5689,false,1,156.71300000,0.9160,off,false,not_evaluated,none,0.9171,0.0829,very_strong,false,true,true,0.5689,failed_1bar,true,back_inside,0.1865,false,weak_retest,2.6322,1.7452,1.5083,1.4945,false,no_shrink,0.0000,none,none,false,false,none,0.0000,0.0000,0.0000,0.0000,none,false,false,0.0000,0.0000,false,false,-1,none,none,false,0.000,0.000,156.78370588,156.65000000,156.65000000,pre_session_low,0.12200000,0.7722,neckline_level,156.81500000,0.4146,false,true,false,false,not_blocked,5,5,0,m5_failure_exit,off,none,0.00000000,0.0000,1.30,156.56700000,4.200,-0.300,0.200,PERIOD_M15,157.01000000,156.62100000,0.3882,preferred_382_618,0.000,true,156.77200000,156.93000000,0.15800000,156.56700000,1.297,0.10371429,31.00,30-60,true,false,none,blocked_spread_too_high,4.300,4.300,none,0.0000,false,opposite_break_first,true,opposite_break_first,spread_too_high
2025.02.26 19:10:00,signal,session_reversal_pullback_one_symbol_first120,EURJPY,SHORT,2025.02.26 19:05:00,19,16,1,new_york,2025.02.26 16:00,5,first_120min,true,true,3,EURJPY,highest_score_in_session_bar,new_york=USDJPY|EURJPY|GBPJPY|AUDJPY|EURUSD|GBPUSD,existing_first120_gate,new_york,false,false,true,passed_first_window,head_and_shoulders,neckline_break_retest,156.89900000,PERIOD_M5,PERIOD_H1,PERIOD_M15,PERIOD_M5,PERIOD_M5,false,htf_soft_alignment,current_post_filter,transcript_post_filter,dow_trend_up_hh_hl,structure_trend_bias_dow_trend_up_hh_hl,dow_trend_up_hh_hl,structure_trend_bias_dow_trend_up_hh_hl,false,true,true,SHORT,PERIOD_M5,head_and_shoulders,head_and_shoulders,4.500,none,0.000,head_and_shoulders,4.500,none,0.000,SHORT,true,PERIOD_H1_LONG_dow_trend_up_hh_hl|PERIOD_M15_LONG_structure_trend_bias_dow_trend_up_hh_hl,true,h1_counter_m15_reversal,true,top_LONG_dow_trend_up_hh_hl|structure_LONG_structure_trend_bias_dow_trend_up_hh_hl|structure_break_recent_confirmed_swing_break_retest|primary_break_recent_confirmed_swing_break_retest,none,above_75sma_flat_or_falling,below_75sma_flat_or_rising,below_75sma_flat_or_rising,14,156.75400000,2,156.79300000,false,off,NONE,NONE,0.00000000,0.00000000,0.0000,none,0.000,true,SHORT,return_low_break_or_bos_down,156.75400000,14,157.11500000,156.61500000,false,off,independent,false,,,false,0.0000,none,0.0000,0.0000,none,0.0000,0.0000,0.0000,none,0.0000,0,0,0.0000,none,none,none,none,0.0000,0,0.0000,none,false,true,not_evaluated,true,required_light_or_anchor_flip,long_bias,156.61500000,2025.02.26 16:30:00,156.86400000,2025.02.26 11:30:00,2025.02.26 17:30:00,false,NONE,0.00000000,0.00000000,0.0000,-1,false,,-1,NONE,0.00000000,0.00000000,0.0000,0.0000,none,,none,false,NONE,-1,-1,-1,false,false,none,false,true,false,true,none,true,required,false,PERIOD_M5,,,-1,0.0000,false,0.00000000,0.0000,false,0.0000,false,none,none,false,no_anchor_flip_in_entry_direction,true,required_first_signal_only,SHORT,unknown,0.00000000,,0.00000000,,false,,-1,false,NONE,0.00000000,,0.00000000,0.0000,0.0000,none,-1,false,false,false,no_anchor_flip_in_entry_direction,,,,false,false,false,-1,-1,-1,-1,-1,false,false,false,0.0000,rising_n,false,157.11500000,156.61500000,2.8260,false,0.0000,0.0000,0,none,true,0.4240,preferred_382_618,0.200,diagnostic_only,diagnostic_only,diagnostic_only,shallow_pullback,5,0.490,true,none,0.640,high_quality,false,false,diagnostic_only,both,true,none,true,diagnostic_adjacent_detected,required_light,false,false,LONG,7,false,false,0,2025.02.26 17:35:00,2025.02.26 18:45:00,4,3.1855,0.00000000,156.79300000,156.79300000,true,true,m5_hl_close_break_down,156.79300000,true,0.1420,1.2681,true,1,0.3348,false,2,156.79300000,0.1014,off,false,not_evaluated,none,0.8926,0.1074,strong,false,false,true,0.3348,failed_2bars,true,favorable_side,0.1970,false,clean_retest,2.0391,2.1101,0.9663,0.0000,true,strong_exhaustion,0.0000,none,none,false,false,none,0.0000,0.0000,0.0000,0.0000,none,false,false,0.0000,0.0000,false,false,-1,none,none,false,0.000,0.000,156.87700000,156.76980000,156.76980000,recent_equal_lows,0.05720000,0.1932,neckline_level,156.89900000,0.7304,false,true,true,false,not_blocked,9,6,3,m5_failure_exit,off,none,0.00000000,0.0000,1.30,156.44300000,4.500,-0.300,0.200,PERIOD_M15,157.11500000,156.61500000,0.4240,preferred_382_618,0.000,true,156.82700000,157.12300000,0.29600000,156.44300000,1.297,0.09857143,30.00,0-30,true,false,none,not_consumed,5.150,5.150,none,0.0000,false,opposite_break_first,true,opposite_break_first,spread_too_high
2025.02.26 19:10:00,blocked,session_reversal_pullback_one_symbol_first120,EURJPY,SHORT,2025.02.26 19:05:00,19,16,1,new_york,2025.02.26 16:00,5,first_120min,true,true,3,EURJPY,highest_score_in_session_bar,new_york=USDJPY|EURJPY|GBPJPY|AUDJPY|EURUSD|GBPUSD,existing_first120_gate,new_york,false,false,true,passed_first_window,head_and_shoulders,neckline_break_retest,156.89900000,PERIOD_M5,PERIOD_H1,PERIOD_M15,PERIOD_M5,PERIOD_M5,false,htf_soft_alignment,current_post_filter,transcript_post_filter,dow_trend_up_hh_hl,structure_trend_bias_dow_trend_up_hh_hl,dow_trend_up_hh_hl,structure_trend_bias_dow_trend_up_hh_hl,false,true,true,SHORT,PERIOD_M5,head_and_shoulders,head_and_shoulders,4.500,none,0.000,head_and_shoulders,4.500,none,0.000,SHORT,true,PERIOD_H1_LONG_dow_trend_up_hh_hl|PERIOD_M15_LONG_structure_trend_bias_dow_trend_up_hh_hl,true,h1_counter_m15_reversal,true,top_LONG_dow_trend_up_hh_hl|structure_LONG_structure_trend_bias_dow_trend_up_hh_hl|structure_break_recent_confirmed_swing_break_retest|primary_break_recent_confirmed_swing_break_retest,none,above_75sma_flat_or_falling,below_75sma_flat_or_rising,below_75sma_flat_or_rising,14,156.75400000,2,156.79300000,false,off,NONE,NONE,0.00000000,0.00000000,0.0000,none,0.000,true,SHORT,return_low_break_or_bos_down,156.75400000,14,157.11500000,156.61500000,false,off,independent,false,,,false,0.0000,none,0.0000,0.0000,none,0.0000,0.0000,0.0000,none,0.0000,0,0,0.0000,none,none,none,none,0.0000,0,0.0000,none,false,true,not_evaluated,true,required_light_or_anchor_flip,long_bias,156.61500000,2025.02.26 16:30:00,156.86400000,2025.02.26 11:30:00,2025.02.26 17:30:00,false,NONE,0.00000000,0.00000000,0.0000,-1,false,,-1,NONE,0.00000000,0.00000000,0.0000,0.0000,none,,none,false,NONE,-1,-1,-1,false,false,none,false,true,false,true,none,true,required,false,PERIOD_M5,,,-1,0.0000,false,0.00000000,0.0000,false,0.0000,false,none,none,false,no_anchor_flip_in_entry_direction,true,required_first_signal_only,SHORT,unknown,0.00000000,,0.00000000,,false,,-1,false,NONE,0.00000000,,0.00000000,0.0000,0.0000,none,-1,false,false,false,no_anchor_flip_in_entry_direction,,,,false,false,false,-1,-1,-1,-1,-1,false,false,false,0.0000,rising_n,false,157.11500000,156.61500000,2.8260,false,0.0000,0.0000,0,none,true,0.4240,preferred_382_618,0.200,diagnostic_only,diagnostic_only,diagnostic_only,shallow_pullback,5,0.490,true,none,0.640,high_quality,false,false,diagnostic_only,both,true,none,true,diagnostic_adjacent_detected,required_light,false,false,LONG,7,false,false,0,2025.02.26 17:35:00,2025.02.26 18:45:00,4,3.1855,0.00000000,156.79300000,156.79300000,true,true,m5_hl_close_break_down,156.79300000,true,0.1420,1.2681,true,1,0.3348,false,2,156.79300000,0.1014,off,false,not_evaluated,none,0.8926,0.1074,strong,false,false,true,0.3348,failed_2bars,true,favorable_side,0.1970,false,clean_retest,2.0391,2.1101,0.9663,0.0000,true,strong_exhaustion,0.0000,none,none,false,false,none,0.0000,0.0000,0.0000,0.0000,none,false,false,0.0000,0.0000,false,false,-1,none,none,false,0.000,0.000,156.87700000,156.76980000,156.76980000,recent_equal_lows,0.05720000,0.1932,neckline_level,156.89900000,0.7304,false,true,true,false,not_blocked,9,6,3,m5_failure_exit,off,none,0.00000000,0.0000,1.30,156.44300000,4.500,-0.300,0.200,PERIOD_M15,157.11500000,156.61500000,0.4240,preferred_382_618,0.000,true,156.82700000,157.12300000,0.29600000,156.44300000,1.297,0.09857143,30.00,0-30,true,false,none,blocked_spread_too_high,5.150,5.150,none,0.0000,false,opposite_break_first,true,opposite_break_first,spread_too_high
2025.02.27 04:35:01,signal,session_reversal_pullback_one_symbol_first120,GBPJPY,LONG,2025.02.27 04:30:00,4,1,10,tokyo,2025.02.27 00:00,90,first_120min,false,true,3,GBPJPY,highest_score_in_session_bar,tokyo=USDJPY|EURJPY|GBPJPY|AUDJPY,existing_first120_gate,tokyo,true,false,true,passed_first_window,double_bottom,neckline_break_retest,188.90200000,PERIOD_M5,PERIOD_H1,PERIOD_M15,PERIOD_M5,PERIOD_M5,false,htf_soft_alignment,current_post_filter,transcript_post_filter,dow_range_or_transition,no_ordered_dow_wave3_break,dow_range_or_transition,no_ordered_dow_wave3_break,false,true,false,LONG,PERIOD_M5,double_bottom,double_bottom,4.200,none,0.000,double_bottom,4.200,none,0.000,LONG,false,PERIOD_H1_NONE_dow_range_or_transition|PERIOD_M15_NONE_no_ordered_dow_wave3_break,true,h1_counter_m15_reversal,true,top_NONE_dow_range_or_transition|structure_NONE_no_ordered_dow_wave3_break|structure_break_recent_confirmed_swing_break_failed|primary_break_recent_confirmed_swing_break_retest,none,above_75sma_rising,below_75sma_falling,above_75sma_rising,-1,0.00000000,1,188.92600000,false,off,NONE,NONE,0.00000000,0.00000000,0.0000,none,0.000,true,LONG,return_high_break_or_bos_up,189.11100000,2,189.11100000,188.54700000,false,off,independent,false,,,false,0.0000,none,0.0000,0.0000,none,0.0000,0.0000,0.0000,none,0.0000,0,0,0.0000,none,none,none,none,0.0000,0,0.0000,none,false,true,not_evaluated,true,required_light_or_anchor_flip,bias_flip_up,188.67400000,2025.02.26 22:15:00,188.92600000,2025.02.27 02:00:00,2025.02.27 02:30:00,true,LONG,188.92600000,189.14200000,1.1767,2,true,2025.02.27 03:45:00,2,LONG,188.92600000,189.14200000,1.1767,1.1658,strong,2025.02.27 04:15:00,first_after_anchor,true,LONG,2,0,2,true,false,fresh_0_4,true,false,false,true,none,true,required,true,PERIOD_M5,2025.02.27 03:50:00,2025.02.27 04:30:00,9,0.1740,true,188.92600000,0.1740,false,0.0000,false,none,retest_only,true,none,true,required_first_signal_only,LONG,no_confirmed_micro_anchor,0.00000000,,0.00000000,,false,,-1,false,NONE,0.00000000,,0.00000000,0.0000,0.0000,none,-1,false,false,false,insufficient_confirmed_m5_pivots,GBPJPY|LONG|1740627900|188.926,,,false,false,false,-1,-1,-1,-1,-1,false,false,false,0.0000,falling_n,false,189.11100000,188.54700000,3.0724,true,1.1658,0.2074,2,strong,true,0.3529,shallow_236_382,0.080,diagnostic_only,diagnostic_only,diagnostic_only,shallow_pullback,7,0.320,true,none,0.470,high_quality,false,false,diagnostic_only,both,true,none,true,diagnostic_adjacent_detected,required_light,false,false,SHORT,5,false,false,1,2025.02.27 02:00:00,2025.02.27 03:55:00,7,7.0272,189.19300000,0.00000000,189.19300000,false,false,none,0.00000000,false,0.0000,0.0000,false,1,0.0000,false,-1,0.00000000,0.0000,off,false,not_evaluated,none,0.0000,0.0000,none,false,false,false,0.0000,none,false,none,0.0000,false,none,7.0272,3.2308,2.1751,0.8920,false,no_shrink,0.0000,none,none,false,false,none,0.0000,0.0000,0.0000,0.0000,none,false,false,0.0000,0.0000,false,false,-1,none,none,false,0.000,0.000,189.00000000,188.94700000,189.00000000,round_number,0.03500000,0.1977,neckline_level,188.90200000,0.6853,false,true,true,false,not_blocked,10,4,6,m5_failure_exit,off,none,0.00000000,0.0000,1.30,189.19500000,4.200,-0.300,0.200,PERIOD_M15,189.11100000,188.54700000,0.2589,outside,0.000,true,188.96500000,188.78800000,0.17700000,189.19500000,1.299,0.09192857,38.00,90-120,true,false,none,not_consumed,4.500,4.500,none,0.0000,false,opposite_break_first,true,opposite_break_first,spread_too_high
2025.02.27 04:35:01,blocked,session_reversal_pullback_one_symbol_first120,GBPJPY,LONG,2025.02.27 04:30:00,4,1,10,tokyo,2025.02.27 00:00,90,first_120min,false,true,3,GBPJPY,highest_score_in_session_bar,tokyo=USDJPY|EURJPY|GBPJPY|AUDJPY,existing_first120_gate,tokyo,true,false,true,passed_first_window,double_bottom,neckline_break_retest,188.90200000,PERIOD_M5,PERIOD_H1,PERIOD_M15,PERIOD_M5,PERIOD_M5,false,htf_soft_alignment,current_post_filter,transcript_post_filter,dow_range_or_transition,no_ordered_dow_wave3_break,dow_range_or_transition,no_ordered_dow_wave3_break,false,true,false,LONG,PERIOD_M5,double_bottom,double_bottom,4.200,none,0.000,double_bottom,4.200,none,0.000,LONG,false,PERIOD_H1_NONE_dow_range_or_transition|PERIOD_M15_NONE_no_ordered_dow_wave3_break,true,h1_counter_m15_reversal,true,top_NONE_dow_range_or_transition|structure_NONE_no_ordered_dow_wave3_break|structure_break_recent_confirmed_swing_break_failed|primary_break_recent_confirmed_swing_break_retest,none,above_75sma_rising,below_75sma_falling,above_75sma_rising,-1,0.00000000,1,188.92600000,false,off,NONE,NONE,0.00000000,0.00000000,0.0000,none,0.000,true,LONG,return_high_break_or_bos_up,189.11100000,2,189.11100000,188.54700000,false,off,independent,false,,,false,0.0000,none,0.0000,0.0000,none,0.0000,0.0000,0.0000,none,0.0000,0,0,0.0000,none,none,none,none,0.0000,0,0.0000,none,false,true,not_evaluated,true,required_light_or_anchor_flip,bias_flip_up,188.67400000,2025.02.26 22:15:00,188.92600000,2025.02.27 02:00:00,2025.02.27 02:30:00,true,LONG,188.92600000,189.14200000,1.1767,2,true,2025.02.27 03:45:00,2,LONG,188.92600000,189.14200000,1.1767,1.1658,strong,2025.02.27 04:15:00,first_after_anchor,true,LONG,2,0,2,true,false,fresh_0_4,true,false,false,true,none,true,required,true,PERIOD_M5,2025.02.27 03:50:00,2025.02.27 04:30:00,9,0.1740,true,188.92600000,0.1740,false,0.0000,false,none,retest_only,true,none,true,required_first_signal_only,LONG,no_confirmed_micro_anchor,0.00000000,,0.00000000,,false,,-1,false,NONE,0.00000000,,0.00000000,0.0000,0.0000,none,-1,false,false,false,insufficient_confirmed_m5_pivots,GBPJPY|LONG|1740627900|188.926,,,false,false,false,-1,-1,-1,-1,-1,false,false,false,0.0000,falling_n,false,189.11100000,188.54700000,3.0724,true,1.1658,0.2074,2,strong,true,0.3529,shallow_236_382,0.080,diagnostic_only,diagnostic_only,diagnostic_only,shallow_pullback,7,0.320,true,none,0.470,high_quality,false,false,diagnostic_only,both,true,none,true,diagnostic_adjacent_detected,required_light,false,false,SHORT,5,false,false,1,2025.02.27 02:00:00,2025.02.27 03:55:00,7,7.0272,189.19300000,0.00000000,189.19300000,false,false,none,0.00000000,false,0.0000,0.0000,false,1,0.0000,false,-1,0.00000000,0.0000,off,false,not_evaluated,none,0.0000,0.0000,none,false,false,false,0.0000,none,false,none,0.0000,false,none,7.0272,3.2308,2.1751,0.8920,false,no_shrink,0.0000,none,none,false,false,none,0.0000,0.0000,0.0000,0.0000,none,false,false,0.0000,0.0000,false,false,-1,none,none,false,0.000,0.000,189.00000000,188.94700000,189.00000000,round_number,0.03500000,0.1977,neckline_level,188.90200000,0.6853,false,true,true,false,not_blocked,10,4,6,m5_failure_exit,off,none,0.00000000,0.0000,1.30,189.19500000,4.200,-0.300,0.200,PERIOD_M15,189.11100000,188.54700000,0.2589,outside,0.000,true,188.96500000,188.78800000,0.17700000,189.19500000,1.299,0.09192857,38.00,90-120,true,false,none,blocked_spread_too_high,4.500,4.500,none,0.0000,false,opposite_break_first,true,opposite_break_first,spread_too_high
2025.02.27 10:45:00,signal,session_reversal_pullback_one_symbol_first120,EURUSD,SHORT,2025.02.27 10:40:00,10,7,16,london,2025.02.27 07:00,40,first_120min,true,true,3,EURUSD,highest_score_in_session_bar,london=USDJPY|EURJPY|GBPJPY|AUDJPY|EURUSD|GBPUSD,existing_first120_gate,london,false,false,true,passed_first_window,head_and_shoulders,neckline_break_retest,1.04731000,PERIOD_M5,PERIOD_H1,PERIOD_M15,PERIOD_M5,PERIOD_M5,false,htf_soft_alignment,current_post_filter,transcript_post_filter,dow_range_or_transition,structure_trend_bias_dow_trend_down_ll_lh,dow_range_or_transition,structure_trend_bias_dow_trend_down_ll_lh,false,false,true,SHORT,PERIOD_M5,head_and_shoulders,head_and_shoulders,4.500,none,0.000,head_and_shoulders,4.500,none,0.000,SHORT,false,PERIOD_H1_NONE_dow_range_or_transition|PERIOD_M15_SHORT_structure_trend_bias_dow_trend_down_ll_lh,true,h1_counter_m15_reversal,true,top_NONE_dow_range_or_transition|structure_SHORT_structure_trend_bias_dow_trend_down_ll_lh|structure_break_recent_confirmed_swing_break_failed|primary_break_recent_confirmed_swing_break_retest,none,below_75sma_falling,below_75sma_falling,above_75sma_flat_or_falling,-1,0.00000000,2,1.04722000,false,off,NONE,NONE,0.00000000,0.00000000,0.0000,none,0.000,true,SHORT,return_low_break_or_bos_down,1.04697000,6,1.04795000,1.04583000,false,off,independent,false,,,false,0.0000,none,0.0000,0.0000,none,0.0000,0.0000,0.0000,none,0.0000,0,0,0.0000,none,none,none,none,0.0000,0,0.0000,none,false,true,not_evaluated,true,required_light_or_anchor_flip,bias_flip_up,1.04786000,2025.02.26 17:15:00,1.04737000,2025.02.27 05:30:00,2025.02.27 06:45:00,true,LONG,1.04737000,1.04754000,0.3634,4,true,2025.02.27 09:30:00,4,LONG,1.04737000,1.04754000,0.3634,0.5557,strong,2025.02.27 10:00:00,first_after_anchor,true,LONG,4,2,4,true,false,fresh_0_4,false,true,false,true,none,true,required,false,PERIOD_M5,,,-1,0.0000,false,0.00000000,0.0000,false,0.0000,false,none,none,false,no_anchor_flip_in_entry_direction,true,required_first_signal_only,SHORT,unknown,0.00000000,,0.00000000,,false,,-1,false,NONE,0.00000000,,0.00000000,0.0000,0.0000,none,-1,false,false,false,no_anchor_flip_in_entry_direction,,,,false,false,false,-1,-1,-1,-1,-1,false,false,false,0.0000,falling_n,false,1.04918000,1.04583000,7.1603,true,0.5557,0.7400,2,strong,true,0.6887,deep_618_786,0.120,diagnostic_only,diagnostic_only,diagnostic_only,shallow_pullback,24,0.320,true,none,0.470,high_quality,false,false,diagnostic_only,both,true,none,true,diagnostic_adjacent_detected,required_light,false,false,LONG,1,false,false,0,,,-1,0.0000,0.00000000,0.00000000,0.00000000,false,false,none,0.00000000,false,0.0000,0.0000,false,1,0.0000,false,-1,0.00000000,0.0000,off,false,not_evaluated,none,0.0000,0.0000,none,false,false,false,0.0000,none,false,none,0.0000,false,none,0.0000,0.0000,0.0000,0.0000,false,none,0.0000,none,none,false,false,none,0.0000,0.0000,0.0000,0.0000,none,false,false,0.0000,0.0000,false,false,-1,none,none,false,0.000,0.000,1.04731000,1.04728955,1.04728955,recent_equal_highs,0.00000045,0.0006,neckline_level,1.04731000,0.0501,false,true,true,false,not_blocked,6,3,3,m5_failure_exit,off,none,0.00000000,0.0000,1.30,1.04636000,4.500,-0.300,0.200,PERIOD_M15,1.04737000,1.04583000,0.9481,outside,0.000,true,1.04729000,1.04800000,0.00071000,1.04636000,1.310,0.00039929,18.00,30-60,true,false,none,not_consumed,4.800,4.800,none,0.0000,false,opposite_break_first,true,opposite_break_first,spread_too_high
2025.02.27 10:45:00,blocked,session_reversal_pullback_one_symbol_first120,EURUSD,SHORT,2025.02.27 10:40:00,10,7,16,london,2025.02.27 07:00,40,first_120min,true,true,3,EURUSD,highest_score_in_session_bar,london=USDJPY|EURJPY|GBPJPY|AUDJPY|EURUSD|GBPUSD,existing_first120_gate,london,false,false,true,passed_first_window,head_and_shoulders,neckline_break_retest,1.04731000,PERIOD_M5,PERIOD_H1,PERIOD_M15,PERIOD_M5,PERIOD_M5,false,htf_soft_alignment,current_post_filter,transcript_post_filter,dow_range_or_transition,structure_trend_bias_dow_trend_down_ll_lh,dow_range_or_transition,structure_trend_bias_dow_trend_down_ll_lh,false,false,true,SHORT,PERIOD_M5,head_and_shoulders,head_and_shoulders,4.500,none,0.000,head_and_shoulders,4.500,none,0.000,SHORT,false,PERIOD_H1_NONE_dow_range_or_transition|PERIOD_M15_SHORT_structure_trend_bias_dow_trend_down_ll_lh,true,h1_counter_m15_reversal,true,top_NONE_dow_range_or_transition|structure_SHORT_structure_trend_bias_dow_trend_down_ll_lh|structure_break_recent_confirmed_swing_break_failed|primary_break_recent_confirmed_swing_break_retest,none,below_75sma_falling,below_75sma_falling,above_75sma_flat_or_falling,-1,0.00000000,2,1.04722000,false,off,NONE,NONE,0.00000000,0.00000000,0.0000,none,0.000,true,SHORT,return_low_break_or_bos_down,1.04697000,6,1.04795000,1.04583000,false,off,independent,false,,,false,0.0000,none,0.0000,0.0000,none,0.0000,0.0000,0.0000,none,0.0000,0,0,0.0000,none,none,none,none,0.0000,0,0.0000,none,false,true,not_evaluated,true,required_light_or_anchor_flip,bias_flip_up,1.04786000,2025.02.26 17:15:00,1.04737000,2025.02.27 05:30:00,2025.02.27 06:45:00,true,LONG,1.04737000,1.04754000,0.3634,4,true,2025.02.27 09:30:00,4,LONG,1.04737000,1.04754000,0.3634,0.5557,strong,2025.02.27 10:00:00,first_after_anchor,true,LONG,4,2,4,true,false,fresh_0_4,false,true,false,true,none,true,required,false,PERIOD_M5,,,-1,0.0000,false,0.00000000,0.0000,false,0.0000,false,none,none,false,no_anchor_flip_in_entry_direction,true,required_first_signal_only,SHORT,unknown,0.00000000,,0.00000000,,false,,-1,false,NONE,0.00000000,,0.00000000,0.0000,0.0000,none,-1,false,false,false,no_anchor_flip_in_entry_direction,,,,false,false,false,-1,-1,-1,-1,-1,false,false,false,0.0000,falling_n,false,1.04918000,1.04583000,7.1603,true,0.5557,0.7400,2,strong,true,0.6887,deep_618_786,0.120,diagnostic_only,diagnostic_only,diagnostic_only,shallow_pullback,24,0.320,true,none,0.470,high_quality,false,false,diagnostic_only,both,true,none,true,diagnostic_adjacent_detected,required_light,false,false,LONG,1,false,false,0,,,-1,0.0000,0.00000000,0.00000000,0.00000000,false,false,none,0.00000000,false,0.0000,0.0000,false,1,0.0000,false,-1,0.00000000,0.0000,off,false,not_evaluated,none,0.0000,0.0000,none,false,false,false,0.0000,none,false,none,0.0000,false,none,0.0000,0.0000,0.0000,0.0000,false,none,0.0000,none,none,false,false,none,0.0000,0.0000,0.0000,0.0000,none,false,false,0.0000,0.0000,false,false,-1,none,none,false,0.000,0.000,1.04731000,1.04728955,1.04728955,recent_equal_highs,0.00000045,0.0006,neckline_level,1.04731000,0.0501,false,true,true,false,not_blocked,6,3,3,m5_failure_exit,off,none,0.00000000,0.0000,1.30,1.04636000,4.500,-0.300,0.200,PERIOD_M15,1.04737000,1.04583000,0.9481,outside,0.000,true,1.04729000,1.04800000,0.00071000,1.04636000,1.310,0.00039929,18.00,30-60,true,false,none,blocked_spread_too_high,4.800,4.800,none,0.0000,false,opposite_break_first,true,opposite_break_first,spread_too_high
2025.02.28 16:05:00,signal,session_reversal_pullback_one_symbol_first120,GBPUSD,LONG,2025.02.28 16:00:00,16,13,22,london_newyork_overlap,2025.02.28 13:00,0,first_120min,true,true,3,GBPUSD,highest_score_in_session_bar,london_newyork_overlap=USDJPY|EURJPY|GBPJPY|AUDJPY|EURUSD|GBPUSD,existing_first120_gate,london_newyork_overlap,false,false,true,passed_first_window,double_bottom,neckline_break_retest,1.25960000,PERIOD_M5,PERIOD_H1,PERIOD_M15,PERIOD_M5,PERIOD_M5,false,htf_soft_alignment,current_post_filter,transcript_post_filter,dow_trend_down_ll_lh,structure_trend_bias_dow_trend_down_ll_lh,dow_trend_down_ll_lh,structure_trend_bias_dow_trend_down_ll_lh,false,true,false,LONG,PERIOD_M5,double_bottom,double_bottom,4.200,none,0.000,double_bottom,4.200,none,0.000,LONG,true,PERIOD_H1_SHORT_dow_trend_down_ll_lh|PERIOD_M15_SHORT_structure_trend_bias_dow_trend_down_ll_lh,true,h1_counter_m15_reversal,true,top_SHORT_dow_trend_down_ll_lh|structure_SHORT_structure_trend_bias_dow_trend_down_ll_lh|structure_break_recent_confirmed_swing_break_retest|primary_break_recent_confirmed_swing_break_failed,none,below_75sma_falling,above_75sma_flat_or_falling,above_75sma_rising,3,1.26033000,-1,0.00000000,false,off,NONE,NONE,0.00000000,0.00000000,0.0000,none,0.000,true,LONG,return_high_break_or_bos_up,1.26033000,3,1.26033000,1.25826000,false,off,independent,false,,,false,0.0000,none,0.0000,0.0000,none,0.0000,0.0000,0.0000,none,0.0000,0,0,0.0000,none,none,none,none,0.0000,0,0.0000,none,false,true,not_evaluated,true,required_light_or_anchor_flip,bias_flip_up,1.25720000,2025.02.28 08:30:00,1.26033000,2025.02.28 12:45:00,2025.02.28 13:30:00,true,LONG,1.26033000,1.26062000,0.3488,3,true,2025.02.28 15:00:00,3,LONG,1.26033000,1.26062000,0.3488,0.7096,normal,2025.02.28 15:00:00,first_after_anchor,true,LONG,3,3,3,true,false,fresh_0_4,true,false,false,true,none,true,required,true,PERIOD_M5,2025.02.28 15:05:00,2025.02.28 15:10:00,12,0.2725,true,1.26033000,0.2725,true,0.1363,true,m5_bullish_close_after_anchor_retest,failed_close_back_inside,false,post_anchor_close_back_inside,true,required_first_signal_only,LONG,range_n,0.00000000,,0.00000000,,false,,-1,false,NONE,0.00000000,,0.00000000,0.0000,0.0000,none,-1,false,false,false,micro_n_not_corrective_for_entry,GBPUSD|LONG|1740754800|1.26033,,,false,false,false,-1,-1,-1,-1,-1,false,false,false,0.0000,falling_n,false,1.26060000,1.25720000,4.0893,true,0.7096,0.4100,0,normal,true,0.3233,shallow_236_382,0.080,diagnostic_only,diagnostic_only,diagnostic_only,shallow_pullback,9,0.320,true,none,0.470,high_quality,false,false,diagnostic_only,both,true,none,true,diagnostic_adjacent_detected,required_light,false,false,SHORT,5,false,false,0,2025.02.28 14:15:00,2025.02.28 15:30:00,6,2.7932,1.26094000,0.00000000,1.26094000,false,false,none,0.00000000,false,0.0000,0.0000,false,1,0.0000,false,-1,0.00000000,0.0000,off,false,not_evaluated,none,0.0000,0.0000,none,false,false,false,0.0000,none,false,none,0.0000,false,none,2.4015,1.3285,1.8077,0.0000,true,strong_exhaustion,0.0000,none,none,false,false,none,0.0000,0.0000,0.0000,0.0000,none,false,false,0.0000,0.0000,false,false,-1,none,none,false,0.000,0.000,1.25998750,1.25972000,1.25998750,recent_equal_lows,0.00001750,0.0240,neckline_level,1.25960000,0.6302,false,true,true,false,not_blocked,10,5,5,m5_failure_exit,off,none,0.00000000,0.0000,1.30,1.26091000,4.200,-0.300,0.200,PERIOD_M15,1.26033000,1.25826000,0.1739,outside,0.000,true,1.25997000,1.25924000,0.00073000,1.26091000,1.288,0.00058714,20.00,0-30,true,false,none,not_consumed,4.650,4.650,none,0.0000,false,neckline_retest_failed,false,not_invalidated,spread_too_high
2025.02.28 16:05:00,blocked,session_reversal_pullback_one_symbol_first120,GBPUSD,LONG,2025.02.28 16:00:00,16,13,22,london_newyork_overlap,2025.02.28 13:00,0,first_120min,true,true,3,GBPUSD,highest_score_in_session_bar,london_newyork_overlap=USDJPY|EURJPY|GBPJPY|AUDJPY|EURUSD|GBPUSD,existing_first120_gate,london_newyork_overlap,false,false,true,passed_first_window,double_bottom,neckline_break_retest,1.25960000,PERIOD_M5,PERIOD_H1,PERIOD_M15,PERIOD_M5,PERIOD_M5,false,htf_soft_alignment,current_post_filter,transcript_post_filter,dow_trend_down_ll_lh,structure_trend_bias_dow_trend_down_ll_lh,dow_trend_down_ll_lh,structure_trend_bias_dow_trend_down_ll_lh,false,true,false,LONG,PERIOD_M5,double_bottom,double_bottom,4.200,none,0.000,double_bottom,4.200,none,0.000,LONG,true,PERIOD_H1_SHORT_dow_trend_down_ll_lh|PERIOD_M15_SHORT_structure_trend_bias_dow_trend_down_ll_lh,true,h1_counter_m15_reversal,true,top_SHORT_dow_trend_down_ll_lh|structure_SHORT_structure_trend_bias_dow_trend_down_ll_lh|structure_break_recent_confirmed_swing_break_retest|primary_break_recent_confirmed_swing_break_failed,none,below_75sma_falling,above_75sma_flat_or_falling,above_75sma_rising,3,1.26033000,-1,0.00000000,false,off,NONE,NONE,0.00000000,0.00000000,0.0000,none,0.000,true,LONG,return_high_break_or_bos_up,1.26033000,3,1.26033000,1.25826000,false,off,independent,false,,,false,0.0000,none,0.0000,0.0000,none,0.0000,0.0000,0.0000,none,0.0000,0,0,0.0000,none,none,none,none,0.0000,0,0.0000,none,false,true,not_evaluated,true,required_light_or_anchor_flip,bias_flip_up,1.25720000,2025.02.28 08:30:00,1.26033000,2025.02.28 12:45:00,2025.02.28 13:30:00,true,LONG,1.26033000,1.26062000,0.3488,3,true,2025.02.28 15:00:00,3,LONG,1.26033000,1.26062000,0.3488,0.7096,normal,2025.02.28 15:00:00,first_after_anchor,true,LONG,3,3,3,true,false,fresh_0_4,true,false,false,true,none,true,required,true,PERIOD_M5,2025.02.28 15:05:00,2025.02.28 15:10:00,12,0.2725,true,1.26033000,0.2725,true,0.1363,true,m5_bullish_close_after_anchor_retest,failed_close_back_inside,false,post_anchor_close_back_inside,true,required_first_signal_only,LONG,range_n,0.00000000,,0.00000000,,false,,-1,false,NONE,0.00000000,,0.00000000,0.0000,0.0000,none,-1,false,false,false,micro_n_not_corrective_for_entry,GBPUSD|LONG|1740754800|1.26033,,,false,false,false,-1,-1,-1,-1,-1,false,false,false,0.0000,falling_n,false,1.26060000,1.25720000,4.0893,true,0.7096,0.4100,0,normal,true,0.3233,shallow_236_382,0.080,diagnostic_only,diagnostic_only,diagnostic_only,shallow_pullback,9,0.320,true,none,0.470,high_quality,false,false,diagnostic_only,both,true,none,true,diagnostic_adjacent_detected,required_light,false,false,SHORT,5,false,false,0,2025.02.28 14:15:00,2025.02.28 15:30:00,6,2.7932,1.26094000,0.00000000,1.26094000,false,false,none,0.00000000,false,0.0000,0.0000,false,1,0.0000,false,-1,0.00000000,0.0000,off,false,not_evaluated,none,0.0000,0.0000,none,false,false,false,0.0000,none,false,none,0.0000,false,none,2.4015,1.3285,1.8077,0.0000,true,strong_exhaustion,0.0000,none,none,false,false,none,0.0000,0.0000,0.0000,0.0000,none,false,false,0.0000,0.0000,false,false,-1,none,none,false,0.000,0.000,1.25998750,1.25972000,1.25998750,recent_equal_lows,0.00001750,0.0240,neckline_level,1.25960000,0.6302,false,true,true,false,not_blocked,10,5,5,m5_failure_exit,off,none,0.00000000,0.0000,1.30,1.26091000,4.200,-0.300,0.200,PERIOD_M15,1.26033000,1.25826000,0.1739,outside,0.000,true,1.25997000,1.25924000,0.00073000,1.26091000,1.288,0.00058714,20.00,0-30,true,false,none,blocked_spread_too_high,4.650,4.650,none,0.0000,false,neckline_retest_failed,false,not_invalidated,spread_too_high
2025.02.28 19:05:00,signal,session_reversal_pullback_one_symbol_first120,GBPJPY,LONG,2025.02.28 19:00:00,19,16,1,new_york,2025.02.28 16:00,0,first_120min,true,true,3,GBPJPY,highest_score_in_session_bar,new_york=USDJPY|EURJPY|GBPJPY|AUDJPY|EURUSD|GBPUSD,existing_first120_gate,new_york,false,false,true,passed_first_window,inverse_head_and_shoulders,neckline_break_retest,189.49800000,PERIOD_M5,PERIOD_H1,PERIOD_M15,PERIOD_M5,PERIOD_M5,false,htf_soft_alignment,current_post_filter,transcript_post_filter,dow_range_or_transition,structure_trend_bias_dow_trend_up_hh_hl,dow_range_or_transition,structure_trend_bias_dow_trend_up_hh_hl,false,true,true,LONG,PERIOD_M5,inverse_head_and_shoulders,inverse_head_and_shoulders,4.500,none,0.000,inverse_head_and_shoulders,4.500,none,0.000,LONG,false,PERIOD_H1_NONE_dow_range_or_transition|PERIOD_M15_LONG_structure_trend_bias_dow_trend_up_hh_hl,true,h1_counter_m15_reversal,true,top_NONE_dow_range_or_transition|structure_LONG_structure_trend_bias_dow_trend_up_hh_hl|structure_break_recent_confirmed_swing_break_failed|primary_break_recent_confirmed_swing_break_retest,none,above_75sma_rising,above_75sma_rising,below_75sma_flat_or_rising,-1,0.00000000,1,189.55700000,false,off,NONE,NONE,0.00000000,0.00000000,0.0000,none,0.000,true,LONG,return_high_break_or_bos_up,190.21000000,6,190.29700000,189.07600000,false,off,independent,false,,,false,0.0000,none,0.0000,0.0000,none,0.0000,0.0000,0.0000,none,0.0000,0,0,0.0000,none,none,none,none,0.0000,0,0.0000,none,false,true,not_evaluated,true,required_light_or_anchor_flip,bias_flip_down,189.39900000,2025.02.28 16:30:00,189.12000000,2025.02.28 02:00:00,2025.02.28 17:30:00,true,SHORT,189.39900000,189.15100000,0.6973,2,true,2025.02.28 18:15:00,2,SHORT,189.39900000,189.15100000,0.6973,0.8942,normal,2025.02.28 18:15:00,first_after_anchor,true,SHORT,2,2,2,true,false,fresh_0_4,false,true,false,true,none,true,required,false,PERIOD_M5,,,-1,0.0000,false,0.00000000,0.0000,false,0.0000,false,none,none,false,no_anchor_flip_in_entry_direction,true,required_first_signal_only,LONG,unknown,0.00000000,,0.00000000,,false,,-1,false,NONE,0.00000000,,0.00000000,0.0000,0.0000,none,-1,false,false,false,no_anchor_flip_in_entry_direction,,,,false,false,false,-1,-1,-1,-1,-1,false,false,false,0.0000,rising_n,false,190.29700000,189.14900000,3.2280,true,0.8942,0.1908,0,normal,true,0.5692,preferred_382_618,0.200,diagnostic_only,diagnostic_only,diagnostic_only,deep_pullback,24,0.400,true,none,0.550,high_quality,false,false,diagnostic_only,both,true,none,true,diagnostic_adjacent_detected,required_light,false,false,SHORT,5,false,false,1,2025.02.28 16:15:00,2025.02.28 18:30:00,6,5.9231,190.29700000,0.00000000,190.29700000,false,false,none,0.00000000,false,0.0000,0.0000,false,1,0.0000,false,-1,0.00000000,0.0000,off,false,not_evaluated,none,0.0000,0.0000,none,false,false,false,0.0000,none,false,none,0.0000,false,none,5.9231,3.5267,1.6795,1.5669,false,no_shrink,0.0000,none,none,false,false,none,0.0000,0.0000,0.0000,0.0000,none,false,false,0.0000,0.0000,false,false,-1,none,none,false,0.000,0.000,189.66100000,189.57450000,189.85500000,pre_session_high,0.25300000,0.4494,session_high|opening_range_high|neckline_level,189.66100000,0.2862,false,true,true,false,not_blocked,7,5,2,m5_failure_exit,off,none,0.00000000,0.0000,1.30,190.33400000,4.500,-0.300,0.200,PERIOD_M15,190.29700000,189.39900000,0.7739,deep_618_786,0.000,true,189.60200000,189.03900000,0.56300000,190.33400000,1.300,0.20614286,38.00,0-30,true,false,none,not_consumed,4.800,4.800,none,0.0000,false,neckline_retest_failed,false,not_invalidated,
2025.02.28 19:05:00,order_sent,session_reversal_pullback_one_symbol_first120,GBPJPY,LONG,2025.02.28 19:00:00,19,16,1,new_york,2025.02.28 16:00,0,first_120min,true,true,3,GBPJPY,highest_score_in_session_bar,new_york=USDJPY|EURJPY|GBPJPY|AUDJPY|EURUSD|GBPUSD,existing_first120_gate,new_york,false,false,true,passed_first_window,inverse_head_and_shoulders,neckline_break_retest,189.49800000,PERIOD_M5,PERIOD_H1,PERIOD_M15,PERIOD_M5,PERIOD_M5,false,htf_soft_alignment,current_post_filter,transcript_post_filter,dow_range_or_transition,structure_trend_bias_dow_trend_up_hh_hl,dow_range_or_transition,structure_trend_bias_dow_trend_up_hh_hl,false,true,true,LONG,PERIOD_M5,inverse_head_and_shoulders,inverse_head_and_shoulders,4.500,none,0.000,inverse_head_and_shoulders,4.500,none,0.000,LONG,false,PERIOD_H1_NONE_dow_range_or_transition|PERIOD_M15_LONG_structure_trend_bias_dow_trend_up_hh_hl,true,h1_counter_m15_reversal,true,top_NONE_dow_range_or_transition|structure_LONG_structure_trend_bias_dow_trend_up_hh_hl|structure_break_recent_confirmed_swing_break_failed|primary_break_recent_confirmed_swing_break_retest,none,above_75sma_rising,above_75sma_rising,below_75sma_flat_or_rising,-1,0.00000000,1,189.55700000,false,off,NONE,NONE,0.00000000,0.00000000,0.0000,none,0.000,true,LONG,return_high_break_or_bos_up,190.21000000,6,190.29700000,189.07600000,false,off,independent,false,,,false,0.0000,none,0.0000,0.0000,none,0.0000,0.0000,0.0000,none,0.0000,0,0,0.0000,none,none,none,none,0.0000,0,0.0000,none,false,true,not_evaluated,true,required_light_or_anchor_flip,bias_flip_down,189.39900000,2025.02.28 16:30:00,189.12000000,2025.02.28 02:00:00,2025.02.28 17:30:00,true,SHORT,189.39900000,189.15100000,0.6973,2,true,2025.02.28 18:15:00,2,SHORT,189.39900000,189.15100000,0.6973,0.8942,normal,2025.02.28 18:15:00,first_after_anchor,true,SHORT,2,2,2,true,false,fresh_0_4,false,true,false,true,none,true,required,false,PERIOD_M5,,,-1,0.0000,false,0.00000000,0.0000,false,0.0000,false,none,none,false,no_anchor_flip_in_entry_direction,true,required_first_signal_only,LONG,unknown,0.00000000,,0.00000000,,false,,-1,false,NONE,0.00000000,,0.00000000,0.0000,0.0000,none,-1,false,false,false,no_anchor_flip_in_entry_direction,,,,false,false,false,-1,-1,-1,-1,-1,false,false,false,0.0000,rising_n,false,190.29700000,189.14900000,3.2280,true,0.8942,0.1908,0,normal,true,0.5692,preferred_382_618,0.200,diagnostic_only,diagnostic_only,diagnostic_only,deep_pullback,24,0.400,true,none,0.550,high_quality,false,false,diagnostic_only,both,true,none,true,diagnostic_adjacent_detected,required_light,false,false,SHORT,5,false,false,1,2025.02.28 16:15:00,2025.02.28 18:30:00,6,5.9231,190.29700000,0.00000000,190.29700000,false,false,none,0.00000000,false,0.0000,0.0000,false,1,0.0000,false,-1,0.00000000,0.0000,off,false,not_evaluated,none,0.0000,0.0000,none,false,false,false,0.0000,none,false,none,0.0000,false,none,5.9231,3.5267,1.6795,1.5669,false,no_shrink,0.0000,none,none,false,false,none,0.0000,0.0000,0.0000,0.0000,none,false,false,0.0000,0.0000,false,false,-1,none,none,false,0.000,0.000,189.66100000,189.57450000,189.85500000,pre_session_high,0.25300000,0.4494,session_high|opening_range_high|neckline_level,189.66100000,0.2862,false,true,true,false,not_blocked,7,5,2,m5_failure_exit,off,none,0.00000000,0.0000,1.30,190.33400000,4.500,-0.300,0.200,PERIOD_M15,190.29700000,189.39900000,0.7739,deep_618_786,0.000,true,189.60200000,189.03900000,0.56300000,190.33400000,1.300,0.20614286,38.00,0-30,true,false,none,order_sent,4.800,4.800,none,0.0000,false,neckline_retest_failed,false,not_invalidated,
2025.03.03 03:50:00,signal,session_reversal_pullback_one_symbol_first120,GBPJPY,SHORT,2025.03.03 03:45:00,3,0,9,tokyo,2025.03.03 00:00,45,first_120min,true,true,3,GBPJPY,highest_score_in_session_bar,tokyo=USDJPY|EURJPY|GBPJPY|AUDJPY,existing_first120_gate,tokyo,false,false,true,passed_first_window,head_and_shoulders,neckline_break_retest,189.66300000,PERIOD_M5,PERIOD_H1,PERIOD_M15,PERIOD_M5,PERIOD_M5,false,htf_soft_alignment,current_post_filter,transcript_post_filter,dow_trend_up_hh_hl,no_ordered_dow_wave3_break,dow_trend_up_hh_hl,no_ordered_dow_wave3_break,false,true,true,SHORT,PERIOD_M5,head_and_shoulders,head_and_shoulders,4.500,none,0.000,head_and_shoulders,4.500,none,0.000,SHORT,false,PERIOD_H1_LONG_dow_trend_up_hh_hl|PERIOD_M15_NONE_no_ordered_dow_wave3_break,true,h1_counter_m15_reversal,true,top_LONG_dow_trend_up_hh_hl|structure_NONE_no_ordered_dow_wave3_break|structure_break_recent_confirmed_swing_break_failed|primary_break_no_recent_confirmed_swing_break,none,above_75sma_rising,near_75sma,below_75sma_flat_or_rising,-1,0.00000000,-1,0.00000000,false,off,NONE,NONE,0.00000000,0.00000000,0.0000,none,0.000,true,SHORT,return_low_break_or_bos_down,189.39900000,17,190.30200000,188.78800000,false,off,independent,false,,,false,0.0000,none,0.0000,0.0000,none,0.0000,0.0000,0.0000,none,0.0000,0,0,0.0000,none,none,none,none,0.0000,0,0.0000,none,false,true,not_evaluated,true,required_light_or_anchor_flip,long_bias,189.30100000,2025.02.28 23:45:00,189.70500000,2025.02.28 19:00:00,2025.03.03 01:30:00,false,NONE,0.00000000,0.00000000,0.0000,-1,false,,-1,NONE,0.00000000,0.00000000,0.0000,0.0000,none,,none,false,NONE,-1,-1,-1,false,false,none,false,true,false,true,none,true,required,false,PERIOD_M5,,,-1,0.0000,false,0.00000000,0.0000,false,0.0000,false,none,none,false,no_anchor_flip_in_entry_direction,true,required_first_signal_only,SHORT,unknown,0.00000000,,0.00000000,,false,,-1,false,NONE,0.00000000,,0.00000000,0.0000,0.0000,none,-1,false,false,false,no_anchor_flip_in_entry_direction,,,,false,false,false,-1,-1,-1,-1,-1,false,false,false,0.0000,rising_n,false,190.30200000,188.78800000,6.3423,false,0.0000,0.0000,0,none,true,0.4217,preferred_382_618,0.200,diagnostic_only,diagnostic_only,diagnostic_only,shallow_pullback,8,0.490,true,none,0.640,high_quality,false,false,diagnostic_only,both,true,none,true,diagnostic_adjacent_detected,required_light,false,false,LONG,3,false,false,0,,,-1,0.0000,0.00000000,0.00000000,0.00000000,false,false,none,0.00000000,false,0.0000,0.0000,false,1,0.0000,false,-1,0.00000000,0.0000,off,false,not_evaluated,none,0.0000,0.0000,none,false,false,false,0.0000,none,false,none,0.0000,false,none,0.0000,0.0000,0.0000,0.0000,false,none,0.0000,none,none,false,false,none,0.0000,0.0000,0.0000,0.0000,none,false,false,0.0000,0.0000,false,false,-1,none,none,false,0.000,0.000,189.65280000,189.54800000,189.53000000,session_low,0.06700000,0.1499,opening_range_low|neckline_level,189.54800000,0.3101,false,true,true,false,not_blocked,4,2,2,m5_failure_exit,off,none,0.00000000,0.0000,1.30,189.01500000,4.500,-0.300,0.200,PERIOD_M15,190.30200000,189.08300000,0.4217,preferred_382_618,0.000,true,189.59700000,190.04400000,0.44700000,189.01500000,1.302,0.15800000,38.00,30-60,true,false,none,not_consumed,4.600,4.600,none,0.0000,false,opposite_break_first,true,opposite_break_first,spread_too_high
2025.03.03 03:50:00,blocked,session_reversal_pullback_one_symbol_first120,GBPJPY,SHORT,2025.03.03 03:45:00,3,0,9,tokyo,2025.03.03 00:00,45,first_120min,true,true,3,GBPJPY,highest_score_in_session_bar,tokyo=USDJPY|EURJPY|GBPJPY|AUDJPY,existing_first120_gate,tokyo,false,false,true,passed_first_window,head_and_shoulders,neckline_break_retest,189.66300000,PERIOD_M5,PERIOD_H1,PERIOD_M15,PERIOD_M5,PERIOD_M5,false,htf_soft_alignment,current_post_filter,transcript_post_filter,dow_trend_up_hh_hl,no_ordered_dow_wave3_break,dow_trend_up_hh_hl,no_ordered_dow_wave3_break,false,true,true,SHORT,PERIOD_M5,head_and_shoulders,head_and_shoulders,4.500,none,0.000,head_and_shoulders,4.500,none,0.000,SHORT,false,PERIOD_H1_LONG_dow_trend_up_hh_hl|PERIOD_M15_NONE_no_ordered_dow_wave3_break,true,h1_counter_m15_reversal,true,top_LONG_dow_trend_up_hh_hl|structure_NONE_no_ordered_dow_wave3_break|structure_break_recent_confirmed_swing_break_failed|primary_break_no_recent_confirmed_swing_break,none,above_75sma_rising,near_75sma,below_75sma_flat_or_rising,-1,0.00000000,-1,0.00000000,false,off,NONE,NONE,0.00000000,0.00000000,0.0000,none,0.000,true,SHORT,return_low_break_or_bos_down,189.39900000,17,190.30200000,188.78800000,false,off,independent,false,,,false,0.0000,none,0.0000,0.0000,none,0.0000,0.0000,0.0000,none,0.0000,0,0,0.0000,none,none,none,none,0.0000,0,0.0000,none,false,true,not_evaluated,true,required_light_or_anchor_flip,long_bias,189.30100000,2025.02.28 23:45:00,189.70500000,2025.02.28 19:00:00,2025.03.03 01:30:00,false,NONE,0.00000000,0.00000000,0.0000,-1,false,,-1,NONE,0.00000000,0.00000000,0.0000,0.0000,none,,none,false,NONE,-1,-1,-1,false,false,none,false,true,false,true,none,true,required,false,PERIOD_M5,,,-1,0.0000,false,0.00000000,0.0000,false,0.0000,false,none,none,false,no_anchor_flip_in_entry_direction,true,required_first_signal_only,SHORT,unknown,0.00000000,,0.00000000,,false,,-1,false,NONE,0.00000000,,0.00000000,0.0000,0.0000,none,-1,false,false,false,no_anchor_flip_in_entry_direction,,,,false,false,false,-1,-1,-1,-1,-1,false,false,false,0.0000,rising_n,false,190.30200000,188.78800000,6.3423,false,0.0000,0.0000,0,none,true,0.4217,preferred_382_618,0.200,diagnostic_only,diagnostic_only,diagnostic_only,shallow_pullback,8,0.490,true,none,0.640,high_quality,false,false,diagnostic_only,both,true,none,true,diagnostic_adjacent_detected,required_light,false,false,LONG,3,false,false,0,,,-1,0.0000,0.00000000,0.00000000,0.00000000,false,false,none,0.00000000,false,0.0000,0.0000,false,1,0.0000,false,-1,0.00000000,0.0000,off,false,not_evaluated,none,0.0000,0.0000,none,false,false,false,0.0000,none,false,none,0.0000,false,none,0.0000,0.0000,0.0000,0.0000,false,none,0.0000,none,none,false,false,none,0.0000,0.0000,0.0000,0.0000,none,false,false,0.0000,0.0000,false,false,-1,none,none,false,0.000,0.000,189.65280000,189.54800000,189.53000000,session_low,0.06700000,0.1499,opening_range_low|neckline_level,189.54800000,0.3101,false,true,true,false,not_blocked,4,2,2,m5_failure_exit,off,none,0.00000000,0.0000,1.30,189.01500000,4.500,-0.300,0.200,PERIOD_M15,190.30200000,189.08300000,0.4217,preferred_382_618,0.000,true,189.59700000,190.04400000,0.44700000,189.01500000,1.302,0.15800000,38.00,30-60,true,false,none,blocked_spread_too_high,4.600,4.600,none,0.0000,false,opposite_break_first,true,opposite_break_first,spread_too_high
2025.03.04 10:10:00,signal,session_reversal_pullback_one_symbol_first120,GBPUSD,SHORT,2025.03.04 10:05:00,10,7,16,london,2025.03.04 07:00,5,first_120min,true,true,3,GBPUSD,highest_score_in_session_bar,london=USDJPY|EURJPY|GBPJPY|AUDJPY|EURUSD|GBPUSD,existing_first120_gate,london,false,false,true,passed_first_window,double_top,neckline_break_retest,1.26967000,PERIOD_M5,PERIOD_H1,PERIOD_M15,PERIOD_M5,PERIOD_M5,false,htf_soft_alignment,current_post_filter,transcript_post_filter,dow_range_or_transition,ordered_dow_wave3_break_above_swing_high,dow_range_or_transition,ordered_dow_wave3_break_above_swing_high,false,false,true,SHORT,PERIOD_M5,double_top,double_top,4.200,none,0.000,double_top,4.200,none,0.000,SHORT,false,PERIOD_H1_NONE_dow_range_or_transition|PERIOD_M15_LONG_ordered_dow_wave3_break_above_swing_high,true,h1_counter_m15_reversal,true,top_NONE_dow_range_or_transition|structure_LONG_ordered_dow_wave3_break_above_swing_high|structure_break_recent_confirmed_swing_break_failed|primary_break_recent_confirmed_swing_break_retest,none,above_75sma_rising,above_75sma_rising,below_75sma_falling,-1,0.00000000,0,1.26970000,false,off,NONE,NONE,0.00000000,0.00000000,0.0000,none,0.000,true,SHORT,return_low_break_or_bos_down,1.26870000,15,1.27046000,1.26778000,false,off,independent,false,,,false,0.0000,none,0.0000,0.0000,none,0.0000,0.0000,0.0000,none,0.0000,0,0,0.0000,none,none,none,none,0.0000,0,0.0000,none,false,true,not_evaluated,true,required_light_or_anchor_flip,short_bias,1.26929000,2025.03.04 00:00:00,1.27076000,2025.03.04 03:30:00,2025.03.04 06:00:00,false,NONE,0.00000000,0.00000000,0.0000,-1,false,,-1,NONE,0.00000000,0.00000000,0.0000,0.0000,none,,none,false,NONE,-1,-1,-1,false,false,none,true,false,false,true,none,true,required,false,PERIOD_M5,,,-1,0.0000,false,0.00000000,0.0000,false,0.0000,false,none,none,false,no_anchor_flip_in_entry_direction,true,required_first_signal_only,SHORT,unknown,0.00000000,,0.00000000,,false,,-1,false,NONE,0.00000000,,0.00000000,0.0000,0.0000,none,-1,false,false,false,no_anchor_flip_in_entry_direction,,,,false,false,false,-1,-1,-1,-1,-1,false,false,false,0.0000,range_n,true,1.27088000,1.26778000,3.7158,false,0.0000,0.0000,0,none,true,0.5597,preferred_382_618,0.200,diagnostic_only,diagnostic_only,diagnostic_only,shallow_pullback,24,0.400,true,none,0.550,high_quality,false,false,diagnostic_only,both,true,none,true,diagnostic_adjacent_detected,required_light,false,true,LONG,6,true,true,2,2025.03.04 08:30:00,2025.03.04 09:35:00,6,2.1186,0.00000000,1.26904000,1.26904000,false,false,none,0.00000000,false,0.0000,0.0000,false,1,0.0000,false,-1,0.00000000,0.0000,off,false,not_evaluated,none,0.0000,0.0000,none,false,false,false,0.0000,none,false,none,0.0000,false,none,2.0327,1.7178,1.1833,0.4008,false,no_shrink,0.0000,none,none,false,false,none,0.0000,0.0000,0.0000,0.0000,none,false,false,0.0000,0.0000,false,false,-1,none,none,false,0.000,0.000,1.26966000,1.26920000,1.26904000,pre_session_low,0.00024000,0.1920,session_low|opening_range_low|neckline_level,1.26920000,0.1145,false,true,true,false,not_blocked,4,3,1,m5_failure_exit,off,none,0.00000000,0.0000,1.30,1.26766000,4.200,-0.300,0.200,PERIOD_M15,1.26985000,1.26876000,0.4771,preferred_382_618,0.000,true,1.26928000,1.27053000,0.00125000,1.26766000,1.296,0.00069857,20.00,0-30,true,false,none,not_consumed,4.500,4.500,none,0.0000,false,neckline_retest_failed,false,not_invalidated,spread_too_high
2025.03.04 10:10:00,blocked,session_reversal_pullback_one_symbol_first120,GBPUSD,SHORT,2025.03.04 10:05:00,10,7,16,london,2025.03.04 07:00,5,first_120min,true,true,3,GBPUSD,highest_score_in_session_bar,london=USDJPY|EURJPY|GBPJPY|AUDJPY|EURUSD|GBPUSD,existing_first120_gate,london,false,false,true,passed_first_window,double_top,neckline_break_retest,1.26967000,PERIOD_M5,PERIOD_H1,PERIOD_M15,PERIOD_M5,PERIOD_M5,false,htf_soft_alignment,current_post_filter,transcript_post_filter,dow_range_or_transition,ordered_dow_wave3_break_above_swing_high,dow_range_or_transition,ordered_dow_wave3_break_above_swing_high,false,false,true,SHORT,PERIOD_M5,double_top,double_top,4.200,none,0.000,double_top,4.200,none,0.000,SHORT,false,PERIOD_H1_NONE_dow_range_or_transition|PERIOD_M15_LONG_ordered_dow_wave3_break_above_swing_high,true,h1_counter_m15_reversal,true,top_NONE_dow_range_or_transition|structure_LONG_ordered_dow_wave3_break_above_swing_high|structure_break_recent_confirmed_swing_break_failed|primary_break_recent_confirmed_swing_break_retest,none,above_75sma_rising,above_75sma_rising,below_75sma_falling,-1,0.00000000,0,1.26970000,false,off,NONE,NONE,0.00000000,0.00000000,0.0000,none,0.000,true,SHORT,return_low_break_or_bos_down,1.26870000,15,1.27046000,1.26778000,false,off,independent,false,,,false,0.0000,none,0.0000,0.0000,none,0.0000,0.0000,0.0000,none,0.0000,0,0,0.0000,none,none,none,none,0.0000,0,0.0000,none,false,true,not_evaluated,true,required_light_or_anchor_flip,short_bias,1.26929000,2025.03.04 00:00:00,1.27076000,2025.03.04 03:30:00,2025.03.04 06:00:00,false,NONE,0.00000000,0.00000000,0.0000,-1,false,,-1,NONE,0.00000000,0.00000000,0.0000,0.0000,none,,none,false,NONE,-1,-1,-1,false,false,none,true,false,false,true,none,true,required,false,PERIOD_M5,,,-1,0.0000,false,0.00000000,0.0000,false,0.0000,false,none,none,false,no_anchor_flip_in_entry_direction,true,required_first_signal_only,SHORT,unknown,0.00000000,,0.00000000,,false,,-1,false,NONE,0.00000000,,0.00000000,0.0000,0.0000,none,-1,false,false,false,no_anchor_flip_in_entry_direction,,,,false,false,false,-1,-1,-1,-1,-1,false,false,false,0.0000,range_n,true,1.27088000,1.26778000,3.7158,false,0.0000,0.0000,0,none,true,0.5597,preferred_382_618,0.200,diagnostic_only,diagnostic_only,diagnostic_only,shallow_pullback,24,0.400,true,none,0.550,high_quality,false,false,diagnostic_only,both,true,none,true,diagnostic_adjacent_detected,required_light,false,true,LONG,6,true,true,2,2025.03.04 08:30:00,2025.03.04 09:35:00,6,2.1186,0.00000000,1.26904000,1.26904000,false,false,none,0.00000000,false,0.0000,0.0000,false,1,0.0000,false,-1,0.00000000,0.0000,off,false,not_evaluated,none,0.0000,0.0000,none,false,false,false,0.0000,none,false,none,0.0000,false,none,2.0327,1.7178,1.1833,0.4008,false,no_shrink,0.0000,none,none,false,false,none,0.0000,0.0000,0.0000,0.0000,none,false,false,0.0000,0.0000,false,false,-1,none,none,false,0.000,0.000,1.26966000,1.26920000,1.26904000,pre_session_low,0.00024000,0.1920,session_low|opening_range_low|neckline_level,1.26920000,0.1145,false,true,true,false,not_blocked,4,3,1,m5_failure_exit,off,none,0.00000000,0.0000,1.30,1.26766000,4.200,-0.300,0.200,PERIOD_M15,1.26985000,1.26876000,0.4771,preferred_382_618,0.000,true,1.26928000,1.27053000,0.00125000,1.26766000,1.296,0.00069857,20.00,0-30,true,false,none,blocked_spread_too_high,4.500,4.500,none,0.0000,false,neckline_retest_failed,false,not_invalidated,spread_too_high
2025.03.04 17:10:01,signal,session_reversal_pullback_one_symbol_first120,GBPUSD,LONG,2025.03.04 17:05:00,17,14,23,london_newyork_overlap,2025.03.04 13:00,65,first_120min,false,true,3,GBPUSD,highest_score_in_session_bar,london_newyork_overlap=USDJPY|EURJPY|GBPJPY|AUDJPY|EURUSD|GBPUSD,existing_first120_gate,london_newyork_overlap,false,false,true,passed_first_window,sweep_low_reclaim,sweep_reclaim_retest,1.27062000,PERIOD_M5,PERIOD_H1,PERIOD_M15,PERIOD_M5,PERIOD_M5,false,htf_soft_alignment,current_post_filter,transcript_post_filter,dow_range_or_transition,structure_trend_bias_dow_trend_up_hh_hl,dow_range_or_transition,structure_trend_bias_dow_trend_up_hh_hl,false,true,false,LONG,PERIOD_M5,sweep_low_reclaim,sweep_low_reclaim,3.400,none,0.000,sweep_low_reclaim,3.400,none,0.000,LONG,false,PERIOD_H1_NONE_dow_range_or_transition|PERIOD_M15_LONG_structure_trend_bias_dow_trend_up_hh_hl,true,h1_counter_m15_reversal,true,top_NONE_dow_range_or_transition|structure_LONG_structure_trend_bias_dow_trend_up_hh_hl|structure_break_recent_confirmed_swing_break_failed|primary_break_recent_confirmed_swing_break_retest,none,above_75sma_rising,above_75sma_rising,below_75sma_falling,-1,0.00000000,0,1.27082000,false,off,NONE,NONE,0.00000000,0.00000000,0.0000,none,0.000,true,LONG,return_high_break_or_bos_up,1.27402000,7,1.27529000,1.27036000,false,off,independent,false,,,false,0.0000,none,0.0000,0.0000,none,0.0000,0.0000,0.0000,none,0.0000,0,0,0.0000,none,none,none,none,0.0000,0,0.0000,none,false,true,not_evaluated,true,required_light_or_anchor_flip,long_bias,1.27082000,2025.03.04 13:15:00,1.27076000,2025.03.04 03:30:00,2025.03.04 15:00:00,false,NONE,0.00000000,0.00000000,0.0000,-1,false,,-1,NONE,0.00000000,0.00000000,0.0000,0.0000,none,,none,false,NONE,-1,-1,-1,false,false,none,true,false,false,true,none,true,required,false,PERIOD_M5,,,-1,0.0000,false,0.00000000,0.0000,false,0.0000,false,none,none,false,no_anchor_flip_in_entry_direction,true,required_first_signal_only,LONG,unknown,0.00000000,,0.00000000,,false,,-1,false,NONE,0.00000000,,0.00000000,0.0000,0.0000,none,-1,false,false,false,no_anchor_flip_in_entry_direction,,,,false,false,false,-1,-1,-1,-1,-1,false,false,false,0.0000,rising_n,false,1.27529000,1.26827000,6.0000,false,0.0000,0.0000,0,none,true,0.7972,too_deep,0.000,diagnostic_only,diagnostic_only,diagnostic_only,fib_pullback,24,0.250,true,none,0.400,medium_quality,false,false,diagnostic_only,both,true,none,true,diagnostic_adjacent_detected,required_light,false,false,SHORT,4,false,false,1,2025.03.04 14:30:00,2025.03.04 16:40:00,5,6.1679,1.27529000,0.00000000,1.27529000,false,false,none,0.00000000,false,0.0000,0.0000,false,1,0.0000,false,-1,0.00000000,0.0000,off,false,not_evaluated,none,0.0000,0.0000,none,false,false,false,0.0000,none,false,none,0.0000,false,none,6.1679,1.2679,4.8646,4.3453,false,no_shrink,0.0000,none,none,false,false,none,0.0000,0.0000,0.0000,0.0000,none,false,false,0.0000,0.0000,false,false,-1,none,none,false,0.000,0.000,1.27148375,1.27092000,1.27148375,recent_equal_highs,0.00012375,0.1095,neckline_level,1.27062000,0.9774,false,true,true,false,not_blocked,5,3,2,m5_failure_exit,off,none,0.00000000,0.0000,1.30,1.27282000,3.400,-0.300,0.200,PERIOD_M15,1.27529000,1.27036000,0.7972,outside,0.000,true,1.27136000,1.27023000,0.00113000,1.27282000,1.292,0.00075714,20.00,60-90,true,false,none,not_consumed,3.700,3.700,none,0.0000,false,opposite_break_first,true,opposite_break_first,spread_too_high
2025.03.04 17:10:01,blocked,session_reversal_pullback_one_symbol_first120,GBPUSD,LONG,2025.03.04 17:05:00,17,14,23,london_newyork_overlap,2025.03.04 13:00,65,first_120min,false,true,3,GBPUSD,highest_score_in_session_bar,london_newyork_overlap=USDJPY|EURJPY|GBPJPY|AUDJPY|EURUSD|GBPUSD,existing_first120_gate,london_newyork_overlap,false,false,true,passed_first_window,sweep_low_reclaim,sweep_reclaim_retest,1.27062000,PERIOD_M5,PERIOD_H1,PERIOD_M15,PERIOD_M5,PERIOD_M5,false,htf_soft_alignment,current_post_filter,transcript_post_filter,dow_range_or_transition,structure_trend_bias_dow_trend_up_hh_hl,dow_range_or_transition,structure_trend_bias_dow_trend_up_hh_hl,false,true,false,LONG,PERIOD_M5,sweep_low_reclaim,sweep_low_reclaim,3.400,none,0.000,sweep_low_reclaim,3.400,none,0.000,LONG,false,PERIOD_H1_NONE_dow_range_or_transition|PERIOD_M15_LONG_structure_trend_bias_dow_trend_up_hh_hl,true,h1_counter_m15_reversal,true,top_NONE_dow_range_or_transition|structure_LONG_structure_trend_bias_dow_trend_up_hh_hl|structure_break_recent_confirmed_swing_break_failed|primary_break_recent_confirmed_swing_break_retest,none,above_75sma_rising,above_75sma_rising,below_75sma_falling,-1,0.00000000,0,1.27082000,false,off,NONE,NONE,0.00000000,0.00000000,0.0000,none,0.000,true,LONG,return_high_break_or_bos_up,1.27402000,7,1.27529000,1.27036000,false,off,independent,false,,,false,0.0000,none,0.0000,0.0000,none,0.0000,0.0000,0.0000,none,0.0000,0,0,0.0000,none,none,none,none,0.0000,0,0.0000,none,false,true,not_evaluated,true,required_light_or_anchor_flip,long_bias,1.27082000,2025.03.04 13:15:00,1.27076000,2025.03.04 03:30:00,2025.03.04 15:00:00,false,NONE,0.00000000,0.00000000,0.0000,-1,false,,-1,NONE,0.00000000,0.00000000,0.0000,0.0000,none,,none,false,NONE,-1,-1,-1,false,false,none,true,false,false,true,none,true,required,false,PERIOD_M5,,,-1,0.0000,false,0.00000000,0.0000,false,0.0000,false,none,none,false,no_anchor_flip_in_entry_direction,true,required_first_signal_only,LONG,unknown,0.00000000,,0.00000000,,false,,-1,false,NONE,0.00000000,,0.00000000,0.0000,0.0000,none,-1,false,false,false,no_anchor_flip_in_entry_direction,,,,false,false,false,-1,-1,-1,-1,-1,false,false,false,0.0000,rising_n,false,1.27529000,1.26827000,6.0000,false,0.0000,0.0000,0,none,true,0.7972,too_deep,0.000,diagnostic_only,diagnostic_only,diagnostic_only,fib_pullback,24,0.250,true,none,0.400,medium_quality,false,false,diagnostic_only,both,true,none,true,diagnostic_adjacent_detected,required_light,false,false,SHORT,4,false,false,1,2025.03.04 14:30:00,2025.03.04 16:40:00,5,6.1679,1.27529000,0.00000000,1.27529000,false,false,none,0.00000000,false,0.0000,0.0000,false,1,0.0000,false,-1,0.00000000,0.0000,off,false,not_evaluated,none,0.0000,0.0000,none,false,false,false,0.0000,none,false,none,0.0000,false,none,6.1679,1.2679,4.8646,4.3453,false,no_shrink,0.0000,none,none,false,false,none,0.0000,0.0000,0.0000,0.0000,none,false,false,0.0000,0.0000,false,false,-1,none,none,false,0.000,0.000,1.27148375,1.27092000,1.27148375,recent_equal_highs,0.00012375,0.1095,neckline_level,1.27062000,0.9774,false,true,true,false,not_blocked,5,3,2,m5_failure_exit,off,none,0.00000000,0.0000,1.30,1.27282000,3.400,-0.300,0.200,PERIOD_M15,1.27529000,1.27036000,0.7972,outside,0.000,true,1.27136000,1.27023000,0.00113000,1.27282000,1.292,0.00075714,20.00,60-90,true,false,none,blocked_spread_too_high,3.700,3.700,none,0.0000,false,opposite_break_first,true,opposite_break_first,spread_too_high
2025.03.05 04:15:00,signal,session_reversal_pullback_one_symbol_first120,USDJPY,LONG,2025.03.05 04:10:00,4,1,10,tokyo,2025.03.05 00:00,70,first_120min,false,true,3,USDJPY,highest_score_in_session_bar,tokyo=USDJPY|EURJPY|GBPJPY|AUDJPY,existing_first120_gate,tokyo,true,false,true,passed_first_window,double_bottom,neckline_break_retest,149.84500000,PERIOD_M5,PERIOD_H1,PERIOD_M15,PERIOD_M5,PERIOD_M5,false,htf_soft_alignment,current_post_filter,transcript_post_filter,dow_trend_down_ll_lh,no_ordered_dow_wave3_break,dow_trend_down_ll_lh,no_ordered_dow_wave3_break,false,true,false,LONG,PERIOD_M5,double_bottom,double_bottom,4.200,none,0.000,double_bottom,4.200,none,0.000,LONG,false,PERIOD_H1_SHORT_dow_trend_down_ll_lh|PERIOD_M15_NONE_no_ordered_dow_wave3_break,true,h1_counter_m15_reversal,true,top_SHORT_dow_trend_down_ll_lh|structure_NONE_no_ordered_dow_wave3_break|structure_break_recent_confirmed_swing_break_failed|primary_break_recent_confirmed_swing_break_retest,none,above_75sma_rising,above_75sma_rising,above_75sma_rising,-1,0.00000000,0,149.84500000,false,off,NONE,NONE,0.00000000,0.00000000,0.0000,none,0.000,true,LONG,return_high_break_or_bos_up,149.96300000,2,149.96300000,149.57200000,false,off,independent,false,,,false,0.0000,none,0.0000,0.0000,none,0.0000,0.0000,0.0000,none,0.0000,0,0,0.0000,none,none,none,none,0.0000,0,0.0000,none,false,true,not_evaluated,true,required_light_or_anchor_flip,bias_flip_up,149.66600000,2025.03.05 00:45:00,149.96300000,2025.03.05 01:15:00,2025.03.05 02:15:00,true,LONG,149.96300000,150.12400000,0.7564,3,true,2025.03.05 03:15:00,3,LONG,149.96300000,150.12400000,0.7564,1.6255,strong,2025.03.05 03:30:00,first_after_anchor,true,LONG,3,2,3,true,false,fresh_0_4,true,false,false,true,none,true,required,true,PERIOD_M5,2025.03.05 03:20:00,2025.03.05 03:20:00,11,1.0064,true,149.96300000,1.0064,false,0.0000,true,m5_bos_up_after_anchor_retest,retest_reconfirm,true,none,true,required_first_signal_only,LONG,rising_n,0.00000000,,0.00000000,,false,,-1,false,NONE,0.00000000,,0.00000000,0.0000,0.0000,none,-1,false,false,false,micro_n_not_corrective_for_entry,USDJPY|LONG|1741144500|149.963,,,false,false,false,-1,-1,-1,-1,-1,false,false,false,0.0000,range_n,true,149.96300000,149.00300000,4.5101,true,1.6255,0.1307,2,strong,true,0.2432,shallow_236_382,0.080,diagnostic_only,diagnostic_only,diagnostic_only,shallow_pullback,7,0.320,true,none,0.470,high_quality,false,false,diagnostic_only,both,true,none,true,diagnostic_adjacent_detected,required_light,false,false,SHORT,5,false,false,1,2025.03.05 01:45:00,2025.03.05 03:40:00,6,4.1566,150.17500000,0.00000000,150.17500000,false,false,none,0.00000000,false,0.0000,0.0000,false,1,0.0000,false,-1,0.00000000,0.0000,off,false,not_evaluated,none,0.0000,0.0000,none,false,false,false,0.0000,none,false,none,0.0000,false,none,4.1566,1.4338,2.8990,0.4481,false,no_shrink,0.0000,none,none,false,false,none,0.0000,0.0000,0.0000,0.0000,none,false,false,0.0000,0.0000,false,false,-1,none,none,false,0.000,0.000,149.91600000,149.87100000,149.91600000,pre_session_high,0.02600000,0.1268,neckline_level,149.84500000,0.3102,false,true,true,false,not_blocked,6,3,3,m5_failure_exit,off,none,0.00000000,0.0000,1.30,150.15700000,4.200,-0.300,0.200,PERIOD_M15,149.96300000,149.57200000,0.1867,outside,0.000,true,149.89000000,149.68500000,0.20500000,150.15700000,1.302,0.14507143,23.00,60-90,true,false,none,not_consumed,4.500,4.500,none,0.0000,false,opposite_break_first,true,opposite_break_first,session_invalidated
2025.03.05 04:15:00,blocked,session_reversal_pullback_one_symbol_first120,USDJPY,LONG,2025.03.05 04:10:00,4,1,10,tokyo,2025.03.05 00:00,70,first_120min,false,true,3,USDJPY,highest_score_in_session_bar,tokyo=USDJPY|EURJPY|GBPJPY|AUDJPY,existing_first120_gate,tokyo,true,false,true,passed_first_window,double_bottom,neckline_break_retest,149.84500000,PERIOD_M5,PERIOD_H1,PERIOD_M15,PERIOD_M5,PERIOD_M5,false,htf_soft_alignment,current_post_filter,transcript_post_filter,dow_trend_down_ll_lh,no_ordered_dow_wave3_break,dow_trend_down_ll_lh,no_ordered_dow_wave3_break,false,true,false,LONG,PERIOD_M5,double_bottom,double_bottom,4.200,none,0.000,double_bottom,4.200,none,0.000,LONG,false,PERIOD_H1_SHORT_dow_trend_down_ll_lh|PERIOD_M15_NONE_no_ordered_dow_wave3_break,true,h1_counter_m15_reversal,true,top_SHORT_dow_trend_down_ll_lh|structure_NONE_no_ordered_dow_wave3_break|structure_break_recent_confirmed_swing_break_failed|primary_break_recent_confirmed_swing_break_retest,none,above_75sma_rising,above_75sma_rising,above_75sma_rising,-1,0.00000000,0,149.84500000,false,off,NONE,NONE,0.00000000,0.00000000,0.0000,none,0.000,true,LONG,return_high_break_or_bos_up,149.96300000,2,149.96300000,149.57200000,false,off,independent,false,,,false,0.0000,none,0.0000,0.0000,none,0.0000,0.0000,0.0000,none,0.0000,0,0,0.0000,none,none,none,none,0.0000,0,0.0000,none,false,true,not_evaluated,true,required_light_or_anchor_flip,bias_flip_up,149.66600000,2025.03.05 00:45:00,149.96300000,2025.03.05 01:15:00,2025.03.05 02:15:00,true,LONG,149.96300000,150.12400000,0.7564,3,true,2025.03.05 03:15:00,3,LONG,149.96300000,150.12400000,0.7564,1.6255,strong,2025.03.05 03:30:00,first_after_anchor,true,LONG,3,2,3,true,false,fresh_0_4,true,false,false,true,none,true,required,true,PERIOD_M5,2025.03.05 03:20:00,2025.03.05 03:20:00,11,1.0064,true,149.96300000,1.0064,false,0.0000,true,m5_bos_up_after_anchor_retest,retest_reconfirm,true,none,true,required_first_signal_only,LONG,rising_n,0.00000000,,0.00000000,,false,,-1,false,NONE,0.00000000,,0.00000000,0.0000,0.0000,none,-1,false,false,false,micro_n_not_corrective_for_entry,USDJPY|LONG|1741144500|149.963,,,false,false,false,-1,-1,-1,-1,-1,false,false,false,0.0000,range_n,true,149.96300000,149.00300000,4.5101,true,1.6255,0.1307,2,strong,true,0.2432,shallow_236_382,0.080,diagnostic_only,diagnostic_only,diagnostic_only,shallow_pullback,7,0.320,true,none,0.470,high_quality,false,false,diagnostic_only,both,true,none,true,diagnostic_adjacent_detected,required_light,false,false,SHORT,5,false,false,1,2025.03.05 01:45:00,2025.03.05 03:40:00,6,4.1566,150.17500000,0.00000000,150.17500000,false,false,none,0.00000000,false,0.0000,0.0000,false,1,0.0000,false,-1,0.00000000,0.0000,off,false,not_evaluated,none,0.0000,0.0000,none,false,false,false,0.0000,none,false,none,0.0000,false,none,4.1566,1.4338,2.8990,0.4481,false,no_shrink,0.0000,none,none,false,false,none,0.0000,0.0000,0.0000,0.0000,none,false,false,0.0000,0.0000,false,false,-1,none,none,false,0.000,0.000,149.91600000,149.87100000,149.91600000,pre_session_high,0.02600000,0.1268,neckline_level,149.84500000,0.3102,false,true,true,false,not_blocked,6,3,3,m5_failure_exit,off,none,0.00000000,0.0000,1.30,150.15700000,4.200,-0.300,0.200,PERIOD_M15,149.96300000,149.57200000,0.1867,outside,0.000,true,149.89000000,149.68500000,0.20500000,150.15700000,1.302,0.14507143,23.00,60-90,true,false,none,blocked_session_invalidated,4.500,4.500,none,0.0000,false,opposite_break_first,true,opposite_break_first,session_invalidated
2025.03.05 20:10:00,signal,session_reversal_pullback_one_symbol_first120,GBPJPY,LONG,2025.03.05 20:05:00,20,17,2,new_york,2025.03.05 16:00,65,first_120min,false,true,3,GBPJPY,highest_score_in_session_bar,new_york=USDJPY|EURJPY|GBPJPY|AUDJPY|EURUSD|GBPUSD,existing_first120_gate,new_york,false,false,true,passed_first_window,inverse_head_and_shoulders,neckline_break_retest,191.54100000,PERIOD_M5,PERIOD_H1,PERIOD_M15,PERIOD_M5,PERIOD_M5,false,htf_soft_alignment,current_post_filter,transcript_post_filter,dow_range_or_transition,no_ordered_dow_wave3_break,dow_range_or_transition,no_ordered_dow_wave3_break,false,true,true,LONG,PERIOD_M5,inverse_head_and_shoulders,inverse_head_and_shoulders,4.500,none,0.000,inverse_head_and_shoulders,4.500,none,0.000,LONG,false,PERIOD_H1_NONE_dow_range_or_transition|PERIOD_M15_NONE_no_ordered_dow_wave3_break,true,h1_counter_m15_reversal,true,top_NONE_dow_range_or_transition|structure_NONE_no_ordered_dow_wave3_break|structure_break_recent_confirmed_swing_break_retest|primary_break_recent_confirmed_swing_break_retest,none,above_75sma_rising,above_75sma_flat_or_falling,above_75sma_rising,21,191.73300000,1,191.58100000,false,off,NONE,NONE,0.00000000,0.00000000,0.0000,none,0.000,true,LONG,return_high_break_or_bos_up,191.73300000,21,191.86400000,190.90600000,false,off,independent,false,,,false,0.0000,none,0.0000,0.0000,none,0.0000,0.0000,0.0000,none,0.0000,0,0,0.0000,none,none,none,none,0.0000,0,0.0000,none,false,true,not_evaluated,true,required_light_or_anchor_flip,long_bias,190.86100000,2025.03.05 15:45:00,191.83800000,2025.03.05 15:00:00,2025.03.05 17:00:00,false,NONE,0.00000000,0.00000000,0.0000,-1,false,,-1,NONE,0.00000000,0.00000000,0.0000,0.0000,none,,none,false,NONE,-1,-1,-1,false,false,none,true,false,false,true,none,true,required,false,PERIOD_M5,,,-1,0.0000,false,0.00000000,0.0000,false,0.0000,false,none,none,false,no_anchor_flip_in_entry_direction,true,required_first_signal_only,LONG,unknown,0.00000000,,0.00000000,,false,,-1,false,NONE,0.00000000,,0.00000000,0.0000,0.0000,none,-1,false,false,false,no_anchor_flip_in_entry_direction,,,,false,false,false,-1,-1,-1,-1,-1,false,false,false,0.0000,range_n,true,191.86400000,190.86100000,2.4098,false,0.0000,0.0000,0,none,true,0.2692,shallow_236_382,0.080,diagnostic_only,diagnostic_only,diagnostic_only,fib_pullback,5,0.370,true,none,0.520,high_quality,false,false,diagnostic_only,both,true,none,true,diagnostic_adjacent_detected,required_light,false,false,SHORT,5,false,false,2,2025.03.05 17:25:00,2025.03.05 18:55:00,14,4.9803,191.58100000,0.00000000,191.58100000,true,true,m5_lh_close_break_up,191.58100000,true,0.6369,0.8320,true,1,0.1492,true,3,191.58100000,0.5451,off,false,not_evaluated,none,0.6932,0.3068,strong,true,false,false,0.1492,held_no_close_back,true,back_inside,0.1462,false,weak_retest,3.8730,4.7795,0.8103,0.2008,false,mild_exhaustion,0.0000,none,none,false,false,none,0.0000,0.0000,0.0000,0.0000,none,false,false,0.0000,0.0000,false,false,-1,none,none,false,0.000,0.000,191.59500000,191.54100000,191.59500000,pre_session_high,0.00100000,0.0019,opening_range_high|neckline_level,191.54100000,0.3041,false,true,true,false,not_blocked,7,4,3,m5_failure_exit,off,none,0.00000000,0.0000,1.30,192.27400000,4.500,-0.300,0.200,PERIOD_M15,191.86400000,190.90600000,0.2818,outside,0.000,true,191.59400000,191.07100000,0.52300000,192.27400000,1.300,0.17428571,38.00,60-90,true,false,none,not_consumed,5.150,5.150,none,0.0000,false,opposite_break_first,true,opposite_break_first,spread_too_high
2025.03.05 20:10:00,blocked,session_reversal_pullback_one_symbol_first120,GBPJPY,LONG,2025.03.05 20:05:00,20,17,2,new_york,2025.03.05 16:00,65,first_120min,false,true,3,GBPJPY,highest_score_in_session_bar,new_york=USDJPY|EURJPY|GBPJPY|AUDJPY|EURUSD|GBPUSD,existing_first120_gate,new_york,false,false,true,passed_first_window,inverse_head_and_shoulders,neckline_break_retest,191.54100000,PERIOD_M5,PERIOD_H1,PERIOD_M15,PERIOD_M5,PERIOD_M5,false,htf_soft_alignment,current_post_filter,transcript_post_filter,dow_range_or_transition,no_ordered_dow_wave3_break,dow_range_or_transition,no_ordered_dow_wave3_break,false,true,true,LONG,PERIOD_M5,inverse_head_and_shoulders,inverse_head_and_shoulders,4.500,none,0.000,inverse_head_and_shoulders,4.500,none,0.000,LONG,false,PERIOD_H1_NONE_dow_range_or_transition|PERIOD_M15_NONE_no_ordered_dow_wave3_break,true,h1_counter_m15_reversal,true,top_NONE_dow_range_or_transition|structure_NONE_no_ordered_dow_wave3_break|structure_break_recent_confirmed_swing_break_retest|primary_break_recent_confirmed_swing_break_retest,none,above_75sma_rising,above_75sma_flat_or_falling,above_75sma_rising,21,191.73300000,1,191.58100000,false,off,NONE,NONE,0.00000000,0.00000000,0.0000,none,0.000,true,LONG,return_high_break_or_bos_up,191.73300000,21,191.86400000,190.90600000,false,off,independent,false,,,false,0.0000,none,0.0000,0.0000,none,0.0000,0.0000,0.0000,none,0.0000,0,0,0.0000,none,none,none,none,0.0000,0,0.0000,none,false,true,not_evaluated,true,required_light_or_anchor_flip,long_bias,190.86100000,2025.03.05 15:45:00,191.83800000,2025.03.05 15:00:00,2025.03.05 17:00:00,false,NONE,0.00000000,0.00000000,0.0000,-1,false,,-1,NONE,0.00000000,0.00000000,0.0000,0.0000,none,,none,false,NONE,-1,-1,-1,false,false,none,true,false,false,true,none,true,required,false,PERIOD_M5,,,-1,0.0000,false,0.00000000,0.0000,false,0.0000,false,none,none,false,no_anchor_flip_in_entry_direction,true,required_first_signal_only,LONG,unknown,0.00000000,,0.00000000,,false,,-1,false,NONE,0.00000000,,0.00000000,0.0000,0.0000,none,-1,false,false,false,no_anchor_flip_in_entry_direction,,,,false,false,false,-1,-1,-1,-1,-1,false,false,false,0.0000,range_n,true,191.86400000,190.86100000,2.4098,false,0.0000,0.0000,0,none,true,0.2692,shallow_236_382,0.080,diagnostic_only,diagnostic_only,diagnostic_only,fib_pullback,5,0.370,true,none,0.520,high_quality,false,false,diagnostic_only,both,true,none,true,diagnostic_adjacent_detected,required_light,false,false,SHORT,5,false,false,2,2025.03.05 17:25:00,2025.03.05 18:55:00,14,4.9803,191.58100000,0.00000000,191.58100000,true,true,m5_lh_close_break_up,191.58100000,true,0.6369,0.8320,true,1,0.1492,true,3,191.58100000,0.5451,off,false,not_evaluated,none,0.6932,0.3068,strong,true,false,false,0.1492,held_no_close_back,true,back_inside,0.1462,false,weak_retest,3.8730,4.7795,0.8103,0.2008,false,mild_exhaustion,0.0000,none,none,false,false,none,0.0000,0.0000,0.0000,0.0000,none,false,false,0.0000,0.0000,false,false,-1,none,none,false,0.000,0.000,191.59500000,191.54100000,191.59500000,pre_session_high,0.00100000,0.0019,opening_range_high|neckline_level,191.54100000,0.3041,false,true,true,false,not_blocked,7,4,3,m5_failure_exit,off,none,0.00000000,0.0000,1.30,192.27400000,4.500,-0.300,0.200,PERIOD_M15,191.86400000,190.90600000,0.2818,outside,0.000,true,191.59400000,191.07100000,0.52300000,192.27400000,1.300,0.17428571,38.00,60-90,true,false,none,blocked_spread_too_high,5.150,5.150,none,0.0000,false,opposite_break_first,true,opposite_break_first,spread_too_high
2025.03.06 10:20:00,signal,session_reversal_pullback_one_symbol_first120,GBPUSD,SHORT,2025.03.06 10:15:00,10,7,16,london,2025.03.06 07:00,15,first_120min,true,true,3,GBPUSD,highest_score_in_session_bar,london=USDJPY|EURJPY|GBPJPY|AUDJPY|EURUSD|GBPUSD,existing_first120_gate,london,false,false,true,passed_first_window,head_and_shoulders,neckline_break_retest,1.29022000,PERIOD_M5,PERIOD_H1,PERIOD_M15,PERIOD_M5,PERIOD_M5,false,htf_soft_alignment,current_post_filter,transcript_post_filter,dow_trend_up_hh_hl,no_ordered_dow_wave3_break,dow_trend_up_hh_hl,no_ordered_dow_wave3_break,false,false,true,SHORT,PERIOD_M5,head_and_shoulders,head_and_shoulders,4.500,none,0.000,head_and_shoulders,4.500,none,0.000,SHORT,false,PERIOD_H1_LONG_dow_trend_up_hh_hl|PERIOD_M15_NONE_no_ordered_dow_wave3_break,true,h1_counter_m15_reversal,true,top_LONG_dow_trend_up_hh_hl|structure_NONE_no_ordered_dow_wave3_break|structure_break_recent_confirmed_swing_break_failed|primary_break_no_recent_confirmed_swing_break,none,above_75sma_rising,above_75sma_rising,below_75sma_falling,-1,0.00000000,-1,0.00000000,false,off,NONE,NONE,0.00000000,0.00000000,0.0000,none,0.000,true,SHORT,return_low_break_or_bos_down,1.28904000,15,1.29229000,1.28824000,false,off,independent,false,,,false,0.0000,none,0.0000,0.0000,none,0.0000,0.0000,0.0000,none,0.0000,0,0,0.0000,none,none,none,none,0.0000,0,0.0000,none,false,true,not_evaluated,true,required_light_or_anchor_flip,long_bias,1.28824000,2025.03.06 06:00:00,1.29074000,2025.03.06 04:00:00,2025.03.06 08:15:00,false,NONE,0.00000000,0.00000000,0.0000,-1,false,,-1,NONE,0.00000000,0.00000000,0.0000,0.0000,none,,none,false,NONE,-1,-1,-1,false,false,none,false,true,false,true,none,true,required,false,PERIOD_M5,,,-1,0.0000,false,0.00000000,0.0000,false,0.0000,false,none,none,false,no_anchor_flip_in_entry_direction,true,required_first_signal_only,SHORT,unknown,0.00000000,,0.00000000,,false,,-1,false,NONE,0.00000000,,0.00000000,0.0000,0.0000,none,-1,false,false,false,no_anchor_flip_in_entry_direction,,,,false,false,false,-1,-1,-1,-1,-1,false,false,false,0.0000,rising_n,false,1.29117000,1.28824000,2.4504,false,0.0000,0.0000,0,none,true,0.3259,shallow_236_382,0.080,diagnostic_only,diagnostic_only,diagnostic_only,fib_pullback,24,0.280,true,none,0.430,high_quality,false,false,diagnostic_only,both,true,none,true,diagnostic_adjacent_detected,required_light,false,false,LONG,8,false,false,1,2025.03.06 08:40:00,2025.03.06 09:45:00,6,3.3668,0.00000000,1.28894000,1.28894000,false,false,none,0.00000000,false,0.0000,0.0000,false,1,0.0000,false,-1,0.00000000,0.0000,off,false,not_evaluated,none,0.0000,0.0000,none,false,false,false,0.0000,none,false,none,0.0000,false,none,3.3668,2.2915,1.4693,0.5930,false,no_shrink,0.0000,none,none,false,false,none,0.0000,0.0000,0.0000,0.0000,none,false,false,0.0000,0.0000,false,false,-1,none,none,false,0.000,0.000,1.28997000,1.28954750,1.28954750,recent_equal_lows,0.00001250,0.0043,session_low|opening_range_low|neckline_level,1.28928000,0.2814,false,true,true,false,not_blocked,6,3,3,m5_failure_exit,off,none,0.00000000,0.0000,1.30,1.28578000,4.500,-0.300,0.200,PERIOD_M15,1.29074000,1.28824000,0.5280,preferred_382_618,0.000,true,1.28956000,1.29247000,0.00291000,1.28578000,1.299,0.00099500,20.00,0-30,true,false,none,not_consumed,4.600,4.600,none,0.0000,false,neckline_retest_failed,false,not_invalidated,spread_too_high
2025.03.06 10:20:00,blocked,session_reversal_pullback_one_symbol_first120,GBPUSD,SHORT,2025.03.06 10:15:00,10,7,16,london,2025.03.06 07:00,15,first_120min,true,true,3,GBPUSD,highest_score_in_session_bar,london=USDJPY|EURJPY|GBPJPY|AUDJPY|EURUSD|GBPUSD,existing_first120_gate,london,false,false,true,passed_first_window,head_and_shoulders,neckline_break_retest,1.29022000,PERIOD_M5,PERIOD_H1,PERIOD_M15,PERIOD_M5,PERIOD_M5,false,htf_soft_alignment,current_post_filter,transcript_post_filter,dow_trend_up_hh_hl,no_ordered_dow_wave3_break,dow_trend_up_hh_hl,no_ordered_dow_wave3_break,false,false,true,SHORT,PERIOD_M5,head_and_shoulders,head_and_shoulders,4.500,none,0.000,head_and_shoulders,4.500,none,0.000,SHORT,false,PERIOD_H1_LONG_dow_trend_up_hh_hl|PERIOD_M15_NONE_no_ordered_dow_wave3_break,true,h1_counter_m15_reversal,true,top_LONG_dow_trend_up_hh_hl|structure_NONE_no_ordered_dow_wave3_break|structure_break_recent_confirmed_swing_break_failed|primary_break_no_recent_confirmed_swing_break,none,above_75sma_rising,above_75sma_rising,below_75sma_falling,-1,0.00000000,-1,0.00000000,false,off,NONE,NONE,0.00000000,0.00000000,0.0000,none,0.000,true,SHORT,return_low_break_or_bos_down,1.28904000,15,1.29229000,1.28824000,false,off,independent,false,,,false,0.0000,none,0.0000,0.0000,none,0.0000,0.0000,0.0000,none,0.0000,0,0,0.0000,none,none,none,none,0.0000,0,0.0000,none,false,true,not_evaluated,true,required_light_or_anchor_flip,long_bias,1.28824000,2025.03.06 06:00:00,1.29074000,2025.03.06 04:00:00,2025.03.06 08:15:00,false,NONE,0.00000000,0.00000000,0.0000,-1,false,,-1,NONE,0.00000000,0.00000000,0.0000,0.0000,none,,none,false,NONE,-1,-1,-1,false,false,none,false,true,false,true,none,true,required,false,PERIOD_M5,,,-1,0.0000,false,0.00000000,0.0000,false,0.0000,false,none,none,false,no_anchor_flip_in_entry_direction,true,required_first_signal_only,SHORT,unknown,0.00000000,,0.00000000,,false,,-1,false,NONE,0.00000000,,0.00000000,0.0000,0.0000,none,-1,false,false,false,no_anchor_flip_in_entry_direction,,,,false,false,false,-1,-1,-1,-1,-1,false,false,false,0.0000,rising_n,false,1.29117000,1.28824000,2.4504,false,0.0000,0.0000,0,none,true,0.3259,shallow_236_382,0.080,diagnostic_only,diagnostic_only,diagnostic_only,fib_pullback,24,0.280,true,none,0.430,high_quality,false,false,diagnostic_only,both,true,none,true,diagnostic_adjacent_detected,required_light,false,false,LONG,8,false,false,1,2025.03.06 08:40:00,2025.03.06 09:45:00,6,3.3668,0.00000000,1.28894000,1.28894000,false,false,none,0.00000000,false,0.0000,0.0000,false,1,0.0000,false,-1,0.00000000,0.0000,off,false,not_evaluated,none,0.0000,0.0000,none,false,false,false,0.0000,none,false,none,0.0000,false,none,3.3668,2.2915,1.4693,0.5930,false,no_shrink,0.0000,none,none,false,false,none,0.0000,0.0000,0.0000,0.0000,none,false,false,0.0000,0.0000,false,false,-1,none,none,false,0.000,0.000,1.28997000,1.28954750,1.28954750,recent_equal_lows,0.00001250,0.0043,session_low|opening_range_low|neckline_level,1.28928000,0.2814,false,true,true,false,not_blocked,6,3,3,m5_failure_exit,off,none,0.00000000,0.0000,1.30,1.28578000,4.500,-0.300,0.200,PERIOD_M15,1.29074000,1.28824000,0.5280,preferred_382_618,0.000,true,1.28956000,1.29247000,0.00291000,1.28578000,1.299,0.00099500,20.00,0-30,true,false,none,blocked_spread_too_high,4.600,4.600,none,0.0000,false,neckline_retest_failed,false,not_invalidated,spread_too_high
2025.03.06 16:20:00,signal,session_reversal_pullback_one_symbol_first120,GBPUSD,SHORT,2025.03.06 16:15:00,16,13,22,london_newyork_overlap,2025.03.06 13:00,15,first_120min,true,true,3,GBPUSD,highest_score_in_session_bar,london_newyork_overlap=USDJPY|EURJPY|GBPJPY|AUDJPY|EURUSD|GBPUSD,existing_first120_gate,london_newyork_overlap,false,false,true,passed_first_window,double_top,neckline_break_retest,1.28893000,PERIOD_M5,PERIOD_H1,PERIOD_M15,PERIOD_M5,PERIOD_M5,false,htf_soft_alignment,current_post_filter,transcript_post_filter,dow_trend_up_hh_hl,structure_trend_bias_dow_trend_down_ll_lh,dow_trend_up_hh_hl,structure_trend_bias_dow_trend_down_ll_lh,false,false,true,SHORT,PERIOD_M5,double_top,double_top,4.200,none,0.000,double_top,4.200,none,0.000,SHORT,false,PERIOD_H1_LONG_dow_trend_up_hh_hl|PERIOD_M15_SHORT_structure_trend_bias_dow_trend_down_ll_lh,true,h1_counter_m15_reversal,true,top_LONG_dow_trend_up_hh_hl|structure_SHORT_structure_trend_bias_dow_trend_down_ll_lh|structure_break_recent_confirmed_swing_break_failed|primary_break_recent_confirmed_swing_break_retest,none,above_75sma_rising,below_75sma_flat_or_rising,above_75sma_flat_or_falling,-1,0.00000000,0,1.28903000,false,off,NONE,NONE,0.00000000,0.00000000,0.0000,none,0.000,true,SHORT,return_low_break_or_bos_down,1.28824000,4,1.28967000,1.28649000,false,off,independent,false,,,false,0.0000,none,0.0000,0.0000,none,0.0000,0.0000,0.0000,none,0.0000,0,0,0.0000,none,none,none,none,0.0000,0,0.0000,none,false,true,not_evaluated,true,required_light_or_anchor_flip,short_bias,1.28894000,2025.03.06 09:15:00,1.29136000,2025.03.06 10:45:00,2025.03.06 12:15:00,false,NONE,0.00000000,0.00000000,0.0000,-1,false,,-1,NONE,0.00000000,0.00000000,0.0000,0.0000,none,,none,false,NONE,-1,-1,-1,false,false,none,true,false,false,true,none,true,required,false,PERIOD_M5,,,-1,0.0000,false,0.00000000,0.0000,false,0.0000,false,none,none,false,no_anchor_flip_in_entry_direction,true,required_first_signal_only,SHORT,unknown,0.00000000,,0.00000000,,false,,-1,false,NONE,0.00000000,,0.00000000,0.0000,0.0000,none,-1,false,false,false,no_anchor_flip_in_entry_direction,,,,false,false,false,-1,-1,-1,-1,-1,false,false,false,0.0000,range_n,true,1.29229000,1.28649000,4.5363,false,0.0000,0.0000,0,none,true,0.4949,preferred_382_618,0.200,diagnostic_only,diagnostic_only,diagnostic_only,shallow_pullback,7,0.490,true,none,0.640,high_quality,false,false,diagnostic_only,both,true,none,true,diagnostic_adjacent_detected,required_light,false,false,LONG,6,false,false,1,2025.03.06 14:25:00,2025.03.06 15:30:00,9,2.3244,0.00000000,1.28775000,1.28775000,false,false,none,0.00000000,false,0.0000,0.0000,false,1,0.0000,false,-1,0.00000000,0.0000,off,false,not_evaluated,none,0.0000,0.0000,none,false,false,false,0.0000,none,false,none,0.0000,false,none,1.7325,2.3244,0.7454,0.0000,true,strong_exhaustion,0.0000,none,none,false,false,none,0.0000,0.0000,0.0000,0.0000,none,false,false,0.0000,0.0000,false,false,-1,none,none,false,0.000,0.000,1.28893000,1.28824000,1.28824000,top_context_confirmed_swing_low,0.00066000,0.6600,neckline_level,1.28893000,0.0323,false,true,true,false,not_blocked,6,4,2,m5_failure_exit,off,none,0.00000000,0.0000,1.30,1.28760000,4.200,-0.300,0.200,PERIOD_M15,1.28967000,1.28649000,0.7579,deep_618_786,0.000,true,1.28890000,1.28990000,0.00100000,1.28760000,1.300,0.00092929,20.00,0-30,true,false,none,not_consumed,4.500,4.500,none,0.0000,false,neckline_retest_failed,false,not_invalidated,spread_too_high
2025.03.06 16:20:00,blocked,session_reversal_pullback_one_symbol_first120,GBPUSD,SHORT,2025.03.06 16:15:00,16,13,22,london_newyork_overlap,2025.03.06 13:00,15,first_120min,true,true,3,GBPUSD,highest_score_in_session_bar,london_newyork_overlap=USDJPY|EURJPY|GBPJPY|AUDJPY|EURUSD|GBPUSD,existing_first120_gate,london_newyork_overlap,false,false,true,passed_first_window,double_top,neckline_break_retest,1.28893000,PERIOD_M5,PERIOD_H1,PERIOD_M15,PERIOD_M5,PERIOD_M5,false,htf_soft_alignment,current_post_filter,transcript_post_filter,dow_trend_up_hh_hl,structure_trend_bias_dow_trend_down_ll_lh,dow_trend_up_hh_hl,structure_trend_bias_dow_trend_down_ll_lh,false,false,true,SHORT,PERIOD_M5,double_top,double_top,4.200,none,0.000,double_top,4.200,none,0.000,SHORT,false,PERIOD_H1_LONG_dow_trend_up_hh_hl|PERIOD_M15_SHORT_structure_trend_bias_dow_trend_down_ll_lh,true,h1_counter_m15_reversal,true,top_LONG_dow_trend_up_hh_hl|structure_SHORT_structure_trend_bias_dow_trend_down_ll_lh|structure_break_recent_confirmed_swing_break_failed|primary_break_recent_confirmed_swing_break_retest,none,above_75sma_rising,below_75sma_flat_or_rising,above_75sma_flat_or_falling,-1,0.00000000,0,1.28903000,false,off,NONE,NONE,0.00000000,0.00000000,0.0000,none,0.000,true,SHORT,return_low_break_or_bos_down,1.28824000,4,1.28967000,1.28649000,false,off,independent,false,,,false,0.0000,none,0.0000,0.0000,none,0.0000,0.0000,0.0000,none,0.0000,0,0,0.0000,none,none,none,none,0.0000,0,0.0000,none,false,true,not_evaluated,true,required_light_or_anchor_flip,short_bias,1.28894000,2025.03.06 09:15:00,1.29136000,2025.03.06 10:45:00,2025.03.06 12:15:00,false,NONE,0.00000000,0.00000000,0.0000,-1,false,,-1,NONE,0.00000000,0.00000000,0.0000,0.0000,none,,none,false,NONE,-1,-1,-1,false,false,none,true,false,false,true,none,true,required,false,PERIOD_M5,,,-1,0.0000,false,0.00000000,0.0000,false,0.0000,false,none,none,false,no_anchor_flip_in_entry_direction,true,required_first_signal_only,SHORT,unknown,0.00000000,,0.00000000,,false,,-1,false,NONE,0.00000000,,0.00000000,0.0000,0.0000,none,-1,false,false,false,no_anchor_flip_in_entry_direction,,,,false,false,false,-1,-1,-1,-1,-1,false,false,false,0.0000,range_n,true,1.29229000,1.28649000,4.5363,false,0.0000,0.0000,0,none,true,0.4949,preferred_382_618,0.200,diagnostic_only,diagnostic_only,diagnostic_only,shallow_pullback,7,0.490,true,none,0.640,high_quality,false,false,diagnostic_only,both,true,none,true,diagnostic_adjacent_detected,required_light,false,false,LONG,6,false,false,1,2025.03.06 14:25:00,2025.03.06 15:30:00,9,2.3244,0.00000000,1.28775000,1.28775000,false,false,none,0.00000000,false,0.0000,0.0000,false,1,0.0000,false,-1,0.00000000,0.0000,off,false,not_evaluated,none,0.0000,0.0000,none,false,false,false,0.0000,none,false,none,0.0000,false,none,1.7325,2.3244,0.7454,0.0000,true,strong_exhaustion,0.0000,none,none,false,false,none,0.0000,0.0000,0.0000,0.0000,none,false,false,0.0000,0.0000,false,false,-1,none,none,false,0.000,0.000,1.28893000,1.28824000,1.28824000,top_context_confirmed_swing_low,0.00066000,0.6600,neckline_level,1.28893000,0.0323,false,true,true,false,not_blocked,6,4,2,m5_failure_exit,off,none,0.00000000,0.0000,1.30,1.28760000,4.200,-0.300,0.200,PERIOD_M15,1.28967000,1.28649000,0.7579,deep_618_786,0.000,true,1.28890000,1.28990000,0.00100000,1.28760000,1.300,0.00092929,20.00,0-30,true,false,none,blocked_spread_too_high,4.500,4.500,none,0.0000,false,neckline_retest_failed,false,not_invalidated,spread_too_high
2025.03.06 19:05:00,signal,session_reversal_pullback_one_symbol_first120,GBPJPY,SHORT,2025.03.06 19:00:00,19,16,1,new_york,2025.03.06 16:00,0,first_120min,true,true,3,GBPJPY,highest_score_in_session_bar,new_york=USDJPY|EURJPY|GBPJPY|AUDJPY|EURUSD|GBPUSD,existing_first120_gate,new_york,false,false,true,passed_first_window,head_and_shoulders,neckline_break_retest,190.79300000,PERIOD_M5,PERIOD_H1,PERIOD_M15,PERIOD_M5,PERIOD_M5,false,htf_soft_alignment,current_post_filter,transcript_post_filter,dow_trend_up_hh_hl,structure_trend_bias_dow_trend_down_ll_lh,dow_trend_up_hh_hl,structure_trend_bias_dow_trend_down_ll_lh,false,false,true,SHORT,PERIOD_M5,head_and_shoulders,head_and_shoulders,4.500,none,0.000,head_and_shoulders,4.500,none,0.000,SHORT,false,PERIOD_H1_LONG_dow_trend_up_hh_hl|PERIOD_M15_SHORT_structure_trend_bias_dow_trend_down_ll_lh,true,h1_counter_m15_reversal,true,top_LONG_dow_trend_up_hh_hl|structure_SHORT_structure_trend_bias_dow_trend_down_ll_lh|structure_break_recent_confirmed_swing_break_failed|primary_break_recent_confirmed_swing_break_retest,none,below_75sma_falling,below_75sma_falling,above_75sma_rising,-1,0.00000000,0,190.80300000,false,off,NONE,NONE,0.00000000,0.00000000,0.0000,none,0.000,true,SHORT,return_low_break_or_bos_down,190.20300000,9,191.49500000,189.86700000,false,off,independent,false,,,false,0.0000,none,0.0000,0.0000,none,0.0000,0.0000,0.0000,none,0.0000,0,0,0.0000,none,none,none,none,0.0000,0,0.0000,none,false,true,not_evaluated,true,required_light_or_anchor_flip,bias_flip_up,192.16600000,2025.03.06 05:45:00,190.59200000,2025.03.06 13:30:00,2025.03.06 15:15:00,true,LONG,190.59200000,190.85400000,0.6139,7,true,2025.03.06 17:00:00,7,LONG,190.59200000,190.85400000,0.6139,1.1059,strong,2025.03.06 18:45:00,first_after_anchor,true,LONG,7,0,7,true,false,normal_5_12,false,true,false,true,none,true,required,false,PERIOD_M5,,,-1,0.0000,false,0.00000000,0.0000,false,0.0000,false,none,none,false,no_anchor_flip_in_entry_direction,true,required_first_signal_only,SHORT,unknown,0.00000000,,0.00000000,,false,,-1,false,NONE,0.00000000,,0.00000000,0.0000,0.0000,none,-1,false,false,false,no_anchor_flip_in_entry_direction,,,,false,false,false,-1,-1,-1,-1,-1,false,false,false,0.0000,range_n,true,190.68600000,189.86700000,1.9190,true,1.1059,0.4107,7,strong,true,0.4472,preferred_382_618,0.200,diagnostic_only,diagnostic_only,diagnostic_only,deep_pullback,24,0.400,true,none,0.550,high_quality,false,false,diagnostic_only,both,true,none,true,diagnostic_adjacent_detected,required_light,false,false,LONG,8,false,false,2,2025.03.06 17:20:00,2025.03.06 18:15:00,9,3.3384,0.00000000,190.80300000,190.80300000,true,true,m5_hl_close_break_down,190.80300000,true,0.3465,0.4353,true,1,0.0000,true,2,190.80300000,0.1690,off,false,not_evaluated,none,0.9606,0.0394,strong,true,false,false,0.0000,held_clean,true,favorable_side,0.4078,true,strong_retest,2.9242,1.9988,1.4630,1.3396,false,no_shrink,0.0000,none,none,false,false,none,0.0000,0.0000,0.0000,0.0000,none,false,false,0.0000,0.0000,false,false,-1,none,none,false,0.000,0.000,190.66000000,190.59200000,190.59200000,structure_confirmed_swing_high,0.00300000,0.0042,session_low|opening_range_low|neckline_level,190.57300000,0.0930,false,true,true,false,not_blocked,5,3,2,m5_failure_exit,off,none,0.00000000,0.0000,1.30,189.67200000,4.500,-0.300,0.200,PERIOD_M15,190.59200000,189.91200000,1.0044,outside,0.000,true,190.59500000,191.30500000,0.71000000,189.67200000,1.300,0.23664286,38.00,0-30,true,false,none,not_consumed,4.800,4.800,none,0.0000,false,neckline_retest_failed,false,not_invalidated,
2025.03.06 19:05:00,order_sent,session_reversal_pullback_one_symbol_first120,GBPJPY,SHORT,2025.03.06 19:00:00,19,16,1,new_york,2025.03.06 16:00,0,first_120min,true,true,3,GBPJPY,highest_score_in_session_bar,new_york=USDJPY|EURJPY|GBPJPY|AUDJPY|EURUSD|GBPUSD,existing_first120_gate,new_york,false,false,true,passed_first_window,head_and_shoulders,neckline_break_retest,190.79300000,PERIOD_M5,PERIOD_H1,PERIOD_M15,PERIOD_M5,PERIOD_M5,false,htf_soft_alignment,current_post_filter,transcript_post_filter,dow_trend_up_hh_hl,structure_trend_bias_dow_trend_down_ll_lh,dow_trend_up_hh_hl,structure_trend_bias_dow_trend_down_ll_lh,false,false,true,SHORT,PERIOD_M5,head_and_shoulders,head_and_shoulders,4.500,none,0.000,head_and_shoulders,4.500,none,0.000,SHORT,false,PERIOD_H1_LONG_dow_trend_up_hh_hl|PERIOD_M15_SHORT_structure_trend_bias_dow_trend_down_ll_lh,true,h1_counter_m15_reversal,true,top_LONG_dow_trend_up_hh_hl|structure_SHORT_structure_trend_bias_dow_trend_down_ll_lh|structure_break_recent_confirmed_swing_break_failed|primary_break_recent_confirmed_swing_break_retest,none,below_75sma_falling,below_75sma_falling,above_75sma_rising,-1,0.00000000,0,190.80300000,false,off,NONE,NONE,0.00000000,0.00000000,0.0000,none,0.000,true,SHORT,return_low_break_or_bos_down,190.20300000,9,191.49500000,189.86700000,false,off,independent,false,,,false,0.0000,none,0.0000,0.0000,none,0.0000,0.0000,0.0000,none,0.0000,0,0,0.0000,none,none,none,none,0.0000,0,0.0000,none,false,true,not_evaluated,true,required_light_or_anchor_flip,bias_flip_up,192.16600000,2025.03.06 05:45:00,190.59200000,2025.03.06 13:30:00,2025.03.06 15:15:00,true,LONG,190.59200000,190.85400000,0.6139,7,true,2025.03.06 17:00:00,7,LONG,190.59200000,190.85400000,0.6139,1.1059,strong,2025.03.06 18:45:00,first_after_anchor,true,LONG,7,0,7,true,false,normal_5_12,false,true,false,true,none,true,required,false,PERIOD_M5,,,-1,0.0000,false,0.00000000,0.0000,false,0.0000,false,none,none,false,no_anchor_flip_in_entry_direction,true,required_first_signal_only,SHORT,unknown,0.00000000,,0.00000000,,false,,-1,false,NONE,0.00000000,,0.00000000,0.0000,0.0000,none,-1,false,false,false,no_anchor_flip_in_entry_direction,,,,false,false,false,-1,-1,-1,-1,-1,false,false,false,0.0000,range_n,true,190.68600000,189.86700000,1.9190,true,1.1059,0.4107,7,strong,true,0.4472,preferred_382_618,0.200,diagnostic_only,diagnostic_only,diagnostic_only,deep_pullback,24,0.400,true,none,0.550,high_quality,false,false,diagnostic_only,both,true,none,true,diagnostic_adjacent_detected,required_light,false,false,LONG,8,false,false,2,2025.03.06 17:20:00,2025.03.06 18:15:00,9,3.3384,0.00000000,190.80300000,190.80300000,true,true,m5_hl_close_break_down,190.80300000,true,0.3465,0.4353,true,1,0.0000,true,2,190.80300000,0.1690,off,false,not_evaluated,none,0.9606,0.0394,strong,true,false,false,0.0000,held_clean,true,favorable_side,0.4078,true,strong_retest,2.9242,1.9988,1.4630,1.3396,false,no_shrink,0.0000,none,none,false,false,none,0.0000,0.0000,0.0000,0.0000,none,false,false,0.0000,0.0000,false,false,-1,none,none,false,0.000,0.000,190.66000000,190.59200000,190.59200000,structure_confirmed_swing_high,0.00300000,0.0042,session_low|opening_range_low|neckline_level,190.57300000,0.0930,false,true,true,false,not_blocked,5,3,2,m5_failure_exit,off,none,0.00000000,0.0000,1.30,189.67200000,4.500,-0.300,0.200,PERIOD_M15,190.59200000,189.91200000,1.0044,outside,0.000,true,190.59500000,191.30500000,0.71000000,189.67200000,1.300,0.23664286,38.00,0-30,true,false,none,order_sent,4.800,4.800,none,0.0000,false,neckline_retest_failed,false,not_invalidated,
2025.03.07 03:05:00,signal,session_reversal_pullback_one_symbol_first120,AUDJPY,SHORT,2025.03.07 03:00:00,3,0,9,tokyo,2025.03.07 00:00,0,first_120min,true,true,3,AUDJPY,highest_score_in_session_bar,tokyo=USDJPY|EURJPY|GBPJPY|AUDJPY,existing_first120_gate,tokyo,false,false,true,passed_first_window,head_and_shoulders,neckline_break_retest,93.64500000,PERIOD_M5,PERIOD_H1,PERIOD_M15,PERIOD_M5,PERIOD_M5,false,htf_soft_alignment,current_post_filter,transcript_post_filter,dow_range_or_transition,no_ordered_dow_wave3_break,dow_range_or_transition,no_ordered_dow_wave3_break,false,false,true,SHORT,PERIOD_M5,head_and_shoulders,head_and_shoulders,4.500,none,0.000,head_and_shoulders,4.500,none,0.000,SHORT,false,PERIOD_H1_NONE_dow_range_or_transition|PERIOD_M15_NONE_no_ordered_dow_wave3_break,true,h1_counter_m15_reversal,true,top_NONE_dow_range_or_transition|structure_NONE_no_ordered_dow_wave3_break|structure_break_recent_confirmed_swing_break_failed|primary_break_recent_confirmed_swing_break_retest,none,above_75sma_rising,below_75sma_falling,below_75sma_falling,-1,0.00000000,0,93.65800000,false,off,NONE,NONE,0.00000000,0.00000000,0.0000,none,0.000,true,SHORT,return_low_break_or_bos_down,93.52200000,2,93.79700000,93.40800000,false,off,independent,false,,,false,0.0000,none,0.0000,0.0000,none,0.0000,0.0000,0.0000,none,0.0000,0,0,0.0000,none,none,none,none,0.0000,0,0.0000,none,false,true,not_evaluated,true,required_light_or_anchor_flip,bias_flip_down,93.52200000,2025.03.07 00:00:00,93.86500000,2025.03.06 20:15:00,2025.03.07 02:00:00,true,SHORT,93.52200000,93.47100000,0.4407,2,true,2025.03.07 02:15:00,2,SHORT,93.52200000,93.47100000,0.4407,1.2531,normal,2025.03.07 02:15:00,first_after_anchor,true,SHORT,2,2,2,true,false,fresh_0_4,true,false,false,true,none,true,required,true,PERIOD_M5,2025.03.07 02:20:00,2025.03.07 02:25:00,9,0.6004,true,93.52200000,0.6004,true,0.5804,true,m5_bos_down_after_anchor_retest,failed_close_back_inside,false,post_anchor_close_back_inside,true,required_first_signal_only,SHORT,range_n,0.00000000,,0.00000000,,false,,-1,false,NONE,0.00000000,,0.00000000,0.0000,0.0000,none,-1,false,false,false,micro_n_not_corrective_for_entry,AUDJPY|SHORT|1741313700|93.522,,,false,false,false,-1,-1,-1,-1,-1,false,false,false,0.0000,rising_n,false,93.79700000,93.40800000,3.3617,true,1.2531,0.2328,0,normal,true,0.5270,preferred_382_618,0.200,diagnostic_only,diagnostic_only,diagnostic_only,fib_pullback,24,0.400,true,none,0.550,high_quality,false,false,diagnostic_only,both,true,none,true,diagnostic_adjacent_detected,required_light,false,false,LONG,6,false,false,0,2025.03.07 01:30:00,2025.03.07 02:40:00,4,3.5325,0.00000000,93.44400000,93.44400000,false,false,none,0.00000000,false,0.0000,0.0000,false,1,0.0000,false,-1,0.00000000,0.0000,off,false,not_evaluated,none,0.0000,0.0000,none,false,false,false,0.0000,none,false,none,0.0000,false,none,2.3016,1.3910,1.6547,0.0000,true,strong_exhaustion,0.0000,none,none,false,false,none,0.0000,0.0000,0.0000,0.0000,none,false,false,0.0000,0.0000,false,false,-1,none,none,false,0.000,0.000,93.64006667,93.58400000,93.55633333,recent_equal_lows,0.05666667,0.2862,session_low|opening_range_low|neckline_level,93.58400000,0.2902,false,true,true,false,not_blocked,7,4,3,m5_failure_exit,off,none,0.00000000,0.0000,1.30,93.35600000,4.500,-0.300,0.200,PERIOD_M15,93.72900000,93.52200000,0.4396,preferred_382_618,0.000,true,93.61300000,93.81100000,0.19800000,93.35600000,1.298,0.09992857,28.00,0-30,true,false,none,not_consumed,4.800,4.800,none,0.0000,false,opposite_break_first,true,opposite_break_first,spread_too_high
2025.03.07 03:05:00,blocked,session_reversal_pullback_one_symbol_first120,AUDJPY,SHORT,2025.03.07 03:00:00,3,0,9,tokyo,2025.03.07 00:00,0,first_120min,true,true,3,AUDJPY,highest_score_in_session_bar,tokyo=USDJPY|EURJPY|GBPJPY|AUDJPY,existing_first120_gate,tokyo,false,false,true,passed_first_window,head_and_shoulders,neckline_break_retest,93.64500000,PERIOD_M5,PERIOD_H1,PERIOD_M15,PERIOD_M5,PERIOD_M5,false,htf_soft_alignment,current_post_filter,transcript_post_filter,dow_range_or_transition,no_ordered_dow_wave3_break,dow_range_or_transition,no_ordered_dow_wave3_break,false,false,true,SHORT,PERIOD_M5,head_and_shoulders,head_and_shoulders,4.500,none,0.000,head_and_shoulders,4.500,none,0.000,SHORT,false,PERIOD_H1_NONE_dow_range_or_transition|PERIOD_M15_NONE_no_ordered_dow_wave3_break,true,h1_counter_m15_reversal,true,top_NONE_dow_range_or_transition|structure_NONE_no_ordered_dow_wave3_break|structure_break_recent_confirmed_swing_break_failed|primary_break_recent_confirmed_swing_break_retest,none,above_75sma_rising,below_75sma_falling,below_75sma_falling,-1,0.00000000,0,93.65800000,false,off,NONE,NONE,0.00000000,0.00000000,0.0000,none,0.000,true,SHORT,return_low_break_or_bos_down,93.52200000,2,93.79700000,93.40800000,false,off,independent,false,,,false,0.0000,none,0.0000,0.0000,none,0.0000,0.0000,0.0000,none,0.0000,0,0,0.0000,none,none,none,none,0.0000,0,0.0000,none,false,true,not_evaluated,true,required_light_or_anchor_flip,bias_flip_down,93.52200000,2025.03.07 00:00:00,93.86500000,2025.03.06 20:15:00,2025.03.07 02:00:00,true,SHORT,93.52200000,93.47100000,0.4407,2,true,2025.03.07 02:15:00,2,SHORT,93.52200000,93.47100000,0.4407,1.2531,normal,2025.03.07 02:15:00,first_after_anchor,true,SHORT,2,2,2,true,false,fresh_0_4,true,false,false,true,none,true,required,true,PERIOD_M5,2025.03.07 02:20:00,2025.03.07 02:25:00,9,0.6004,true,93.52200000,0.6004,true,0.5804,true,m5_bos_down_after_anchor_retest,failed_close_back_inside,false,post_anchor_close_back_inside,true,required_first_signal_only,SHORT,range_n,0.00000000,,0.00000000,,false,,-1,false,NONE,0.00000000,,0.00000000,0.0000,0.0000,none,-1,false,false,false,micro_n_not_corrective_for_entry,AUDJPY|SHORT|1741313700|93.522,,,false,false,false,-1,-1,-1,-1,-1,false,false,false,0.0000,rising_n,false,93.79700000,93.40800000,3.3617,true,1.2531,0.2328,0,normal,true,0.5270,preferred_382_618,0.200,diagnostic_only,diagnostic_only,diagnostic_only,fib_pullback,24,0.400,true,none,0.550,high_quality,false,false,diagnostic_only,both,true,none,true,diagnostic_adjacent_detected,required_light,false,false,LONG,6,false,false,0,2025.03.07 01:30:00,2025.03.07 02:40:00,4,3.5325,0.00000000,93.44400000,93.44400000,false,false,none,0.00000000,false,0.0000,0.0000,false,1,0.0000,false,-1,0.00000000,0.0000,off,false,not_evaluated,none,0.0000,0.0000,none,false,false,false,0.0000,none,false,none,0.0000,false,none,2.3016,1.3910,1.6547,0.0000,true,strong_exhaustion,0.0000,none,none,false,false,none,0.0000,0.0000,0.0000,0.0000,none,false,false,0.0000,0.0000,false,false,-1,none,none,false,0.000,0.000,93.64006667,93.58400000,93.55633333,recent_equal_lows,0.05666667,0.2862,session_low|opening_range_low|neckline_level,93.58400000,0.2902,false,true,true,false,not_blocked,7,4,3,m5_failure_exit,off,none,0.00000000,0.0000,1.30,93.35600000,4.500,-0.300,0.200,PERIOD_M15,93.72900000,93.52200000,0.4396,preferred_382_618,0.000,true,93.61300000,93.81100000,0.19800000,93.35600000,1.298,0.09992857,28.00,0-30,true,false,none,blocked_spread_too_high,4.800,4.800,none,0.0000,false,opposite_break_first,true,opposite_break_first,spread_too_high
2025.03.07 10:55:00,signal,session_reversal_pullback_one_symbol_first120,GBPJPY,SHORT,2025.03.07 10:50:00,10,7,16,london,2025.03.07 07:00,50,first_120min,true,true,3,GBPJPY,highest_score_in_session_bar,london=USDJPY|EURJPY|GBPJPY|AUDJPY|EURUSD|GBPUSD,existing_first120_gate,london,false,false,true,passed_first_window,head_and_shoulders,neckline_break_retest,190.45100000,PERIOD_M5,PERIOD_H1,PERIOD_M15,PERIOD_M5,PERIOD_M5,false,htf_soft_alignment,current_post_filter,transcript_post_filter,dow_range_or_transition,structure_trend_bias_dow_trend_down_ll_lh,dow_range_or_transition,structure_trend_bias_dow_trend_down_ll_lh,false,false,true,SHORT,PERIOD_M5,head_and_shoulders,head_and_shoulders,4.500,none,0.000,head_and_shoulders,4.500,none,0.000,SHORT,false,PERIOD_H1_NONE_dow_range_or_transition|PERIOD_M15_SHORT_structure_trend_bias_dow_trend_down_ll_lh,true,h1_counter_m15_reversal,true,top_NONE_dow_range_or_transition|structure_SHORT_structure_trend_bias_dow_trend_down_ll_lh|structure_break_recent_confirmed_swing_break_failed|primary_break_recent_confirmed_swing_break_retest,none,below_75sma_flat_or_rising,above_75sma_rising,below_75sma_flat_or_rising,-1,0.00000000,0,190.29900000,false,off,NONE,NONE,0.00000000,0.00000000,0.0000,none,0.000,true,SHORT,return_low_break_or_bos_down,189.99100000,11,190.85000000,189.90900000,false,off,independent,false,,,false,0.0000,none,0.0000,0.0000,none,0.0000,0.0000,0.0000,none,0.0000,0,0,0.0000,none,none,none,none,0.0000,0,0.0000,none,false,true,not_evaluated,true,required_light_or_anchor_flip,bias_flip_up,190.02100000,2025.03.07 06:15:00,190.37500000,2025.03.07 07:00:00,2025.03.07 08:00:00,true,LONG,190.37500000,190.54900000,0.6584,5,true,2025.03.07 09:15:00,5,LONG,190.37500000,190.54900000,0.6584,0.7870,strong,2025.03.07 10:30:00,first_after_anchor,true,LONG,5,0,5,true,false,normal_5_12,false,true,false,true,none,true,required,false,PERIOD_M5,,,-1,0.0000,false,0.00000000,0.0000,false,0.0000,false,none,none,false,no_anchor_flip_in_entry_direction,true,required_first_signal_only,SHORT,unknown,0.00000000,,0.00000000,,false,,-1,false,NONE,0.00000000,,0.00000000,0.0000,0.0000,none,-1,false,false,false,no_anchor_flip_in_entry_direction,,,,false,false,false,-1,-1,-1,-1,-1,false,false,false,0.0000,falling_n,false,190.37500000,189.90900000,1.7632,true,0.7870,0.3312,5,strong,true,0.3571,shallow_236_382,0.080,diagnostic_only,diagnostic_only,diagnostic_only,shallow_pullback,24,0.330,true,none,0.480,high_quality,false,false,diagnostic_only,both,true,none,true,diagnostic_adjacent_detected,required_light,false,false,LONG,6,false,false,2,2025.03.07 08:40:00,2025.03.07 10:25:00,5,4.2285,0.00000000,190.29900000,190.29900000,true,true,m5_hl_close_break_down,190.29900000,true,0.2640,0.8229,true,1,0.0000,false,0,190.29900000,0.5848,off,false,not_evaluated,none,0.7847,0.2153,very_strong,false,false,false,0.0000,no_following_closed_bar,false,none,0.0000,false,no_retest,2.8518,3.2140,0.8873,1.0144,false,mild_exhaustion,0.0000,none,none,false,false,none,0.0000,0.0000,0.0000,0.0000,none,false,false,0.0000,0.0000,false,false,-1,none,none,false,0.000,0.000,190.29700000,190.20300000,190.19500000,pre_session_low,0.05000000,0.0862,session_low|opening_range_low|neckline_level,190.20300000,0.2174,false,true,true,false,not_blocked,7,5,2,m5_failure_exit,off,none,0.00000000,0.0000,1.30,189.49100000,4.500,-0.300,0.200,PERIOD_M15,190.37500000,189.90900000,0.7210,deep_618_786,0.000,true,190.24500000,190.82500000,0.58000000,189.49100000,1.300,0.19321429,38.00,30-60,true,false,none,not_consumed,4.800,4.800,none,0.0000,false,opposite_break_first,true,opposite_break_first,session_invalidated
2025.03.07 10:55:00,blocked,session_reversal_pullback_one_symbol_first120,GBPJPY,SHORT,2025.03.07 10:50:00,10,7,16,london,2025.03.07 07:00,50,first_120min,true,true,3,GBPJPY,highest_score_in_session_bar,london=USDJPY|EURJPY|GBPJPY|AUDJPY|EURUSD|GBPUSD,existing_first120_gate,london,false,false,true,passed_first_window,head_and_shoulders,neckline_break_retest,190.45100000,PERIOD_M5,PERIOD_H1,PERIOD_M15,PERIOD_M5,PERIOD_M5,false,htf_soft_alignment,current_post_filter,transcript_post_filter,dow_range_or_transition,structure_trend_bias_dow_trend_down_ll_lh,dow_range_or_transition,structure_trend_bias_dow_trend_down_ll_lh,false,false,true,SHORT,PERIOD_M5,head_and_shoulders,head_and_shoulders,4.500,none,0.000,head_and_shoulders,4.500,none,0.000,SHORT,false,PERIOD_H1_NONE_dow_range_or_transition|PERIOD_M15_SHORT_structure_trend_bias_dow_trend_down_ll_lh,true,h1_counter_m15_reversal,true,top_NONE_dow_range_or_transition|structure_SHORT_structure_trend_bias_dow_trend_down_ll_lh|structure_break_recent_confirmed_swing_break_failed|primary_break_recent_confirmed_swing_break_retest,none,below_75sma_flat_or_rising,above_75sma_rising,below_75sma_flat_or_rising,-1,0.00000000,0,190.29900000,false,off,NONE,NONE,0.00000000,0.00000000,0.0000,none,0.000,true,SHORT,return_low_break_or_bos_down,189.99100000,11,190.85000000,189.90900000,false,off,independent,false,,,false,0.0000,none,0.0000,0.0000,none,0.0000,0.0000,0.0000,none,0.0000,0,0,0.0000,none,none,none,none,0.0000,0,0.0000,none,false,true,not_evaluated,true,required_light_or_anchor_flip,bias_flip_up,190.02100000,2025.03.07 06:15:00,190.37500000,2025.03.07 07:00:00,2025.03.07 08:00:00,true,LONG,190.37500000,190.54900000,0.6584,5,true,2025.03.07 09:15:00,5,LONG,190.37500000,190.54900000,0.6584,0.7870,strong,2025.03.07 10:30:00,first_after_anchor,true,LONG,5,0,5,true,false,normal_5_12,false,true,false,true,none,true,required,false,PERIOD_M5,,,-1,0.0000,false,0.00000000,0.0000,false,0.0000,false,none,none,false,no_anchor_flip_in_entry_direction,true,required_first_signal_only,SHORT,unknown,0.00000000,,0.00000000,,false,,-1,false,NONE,0.00000000,,0.00000000,0.0000,0.0000,none,-1,false,false,false,no_anchor_flip_in_entry_direction,,,,false,false,false,-1,-1,-1,-1,-1,false,false,false,0.0000,falling_n,false,190.37500000,189.90900000,1.7632,true,0.7870,0.3312,5,strong,true,0.3571,shallow_236_382,0.080,diagnostic_only,diagnostic_only,diagnostic_only,shallow_pullback,24,0.330,true,none,0.480,high_quality,false,false,diagnostic_only,both,true,none,true,diagnostic_adjacent_detected,required_light,false,false,LONG,6,false,false,2,2025.03.07 08:40:00,2025.03.07 10:25:00,5,4.2285,0.00000000,190.29900000,190.29900000,true,true,m5_hl_close_break_down,190.29900000,true,0.2640,0.8229,true,1,0.0000,false,0,190.29900000,0.5848,off,false,not_evaluated,none,0.7847,0.2153,very_strong,false,false,false,0.0000,no_following_closed_bar,false,none,0.0000,false,no_retest,2.8518,3.2140,0.8873,1.0144,false,mild_exhaustion,0.0000,none,none,false,false,none,0.0000,0.0000,0.0000,0.0000,none,false,false,0.0000,0.0000,false,false,-1,none,none,false,0.000,0.000,190.29700000,190.20300000,190.19500000,pre_session_low,0.05000000,0.0862,session_low|opening_range_low|neckline_level,190.20300000,0.2174,false,true,true,false,not_blocked,7,5,2,m5_failure_exit,off,none,0.00000000,0.0000,1.30,189.49100000,4.500,-0.300,0.200,PERIOD_M15,190.37500000,189.90900000,0.7210,deep_618_786,0.000,true,190.24500000,190.82500000,0.58000000,189.49100000,1.300,0.19321429,38.00,30-60,true,false,none,blocked_session_invalidated,4.800,4.800,none,0.0000,false,opposite_break_first,true,opposite_break_first,session_invalidated
2025.03.07 16:15:00,signal,session_reversal_pullback_one_symbol_first120,EURUSD,LONG,2025.03.07 16:10:00,16,13,22,london_newyork_overlap,2025.03.07 13:00,10,first_120min,true,true,3,EURUSD,highest_score_in_session_bar,london_newyork_overlap=USDJPY|EURJPY|GBPJPY|AUDJPY|EURUSD|GBPUSD,existing_first120_gate,london_newyork_overlap,false,false,true,passed_first_window,double_bottom,neckline_break_retest,1.08563000,PERIOD_M5,PERIOD_H1,PERIOD_M15,PERIOD_M5,PERIOD_M5,false,htf_soft_alignment,current_post_filter,transcript_post_filter,dow_range_or_transition,structure_trend_bias_dow_trend_down_ll_lh,dow_range_or_transition,structure_trend_bias_dow_trend_down_ll_lh,false,true,false,LONG,PERIOD_M5,double_bottom,double_bottom,4.200,none,0.000,double_bottom,4.200,none,0.000,LONG,false,PERIOD_H1_NONE_dow_range_or_transition|PERIOD_M15_SHORT_structure_trend_bias_dow_trend_down_ll_lh,true,h1_counter_m15_reversal,true,top_NONE_dow_range_or_transition|structure_SHORT_structure_trend_bias_dow_trend_down_ll_lh|structure_break_recent_confirmed_swing_break_failed|primary_break_recent_confirmed_swing_break_retest,none,above_75sma_rising,above_75sma_rising,above_75sma_rising,-1,0.00000000,0,1.08548000,false,off,NONE,NONE,0.00000000,0.00000000,0.0000,none,0.000,true,LONG,return_high_break_or_bos_up,1.08662000,2,1.08662000,1.08404000,false,off,independent,false,,,false,0.0000,none,0.0000,0.0000,none,0.0000,0.0000,0.0000,none,0.0000,0,0,0.0000,none,none,none,none,0.0000,0,0.0000,none,false,true,not_evaluated,true,required_light_or_anchor_flip,bias_flip_up,1.08021000,2025.03.07 06:15:00,1.08662000,2025.03.07 12:30:00,2025.03.07 14:00:00,true,LONG,1.08662000,1.08683000,0.1462,2,true,2025.03.07 15:30:00,2,LONG,1.08662000,1.08683000,0.1462,0.9329,normal,2025.03.07 15:30:00,first_after_anchor,true,LONG,2,2,2,true,false,fresh_0_4,true,false,false,true,none,true,required,true,PERIOD_M5,2025.03.07 15:35:00,2025.03.07 15:35:00,8,0.0817,true,1.08662000,0.0817,false,0.0000,true,m5_bos_up_after_anchor_retest,clean_retest_reconfirm,true,none,true,required_first_signal_only,LONG,unknown,0.00000000,,0.00000000,,false,,-1,false,NONE,0.00000000,,0.00000000,0.0000,0.0000,none,-1,false,false,false,insufficient_confirmed_m5_pivots,EURUSD|LONG|1741361400|1.08662,,,false,false,false,-1,-1,-1,-1,-1,false,false,false,0.0000,falling_n,false,1.08703000,1.08021000,4.7479,true,0.9329,0.7048,0,normal,true,0.4695,preferred_382_618,0.200,diagnostic_only,diagnostic_only,diagnostic_only,deep_pullback,8,0.440,true,none,0.590,high_quality,false,false,diagnostic_only,both,true,none,true,diagnostic_adjacent_detected,required_light,false,false,SHORT,6,false,false,1,2025.03.07 13:45:00,2025.03.07 15:35:00,7,3.5186,1.08878000,0.00000000,1.08878000,false,false,none,0.00000000,false,0.0000,0.0000,false,1,0.0000,false,-1,0.00000000,0.0000,off,false,not_evaluated,none,0.0000,0.0000,none,false,false,false,0.0000,none,false,none,0.0000,false,none,3.5186,0.8165,4.3091,0.2524,false,no_shrink,0.0000,none,none,false,false,none,0.0000,0.0000,0.0000,0.0000,none,false,false,0.0000,0.0000,false,false,-1,none,none,false,0.000,0.000,1.08658000,1.08563000,1.08658000,session_high,0.00072000,0.5455,neckline_level,1.08563000,0.1707,false,true,false,false,not_blocked,4,4,0,m5_failure_exit,off,none,0.00000000,0.0000,1.30,1.08758000,4.200,-0.300,0.200,PERIOD_M15,1.08662000,1.08404000,0.2946,outside,0.000,true,1.08586000,1.08454000,0.00132000,1.08758000,1.303,0.00134714,18.00,0-30,true,false,none,not_consumed,4.500,4.500,none,0.0000,false,neckline_retest_failed,false,not_invalidated,
2025.03.07 16:15:00,order_sent,session_reversal_pullback_one_symbol_first120,EURUSD,LONG,2025.03.07 16:10:00,16,13,22,london_newyork_overlap,2025.03.07 13:00,10,first_120min,true,true,3,EURUSD,highest_score_in_session_bar,london_newyork_overlap=USDJPY|EURJPY|GBPJPY|AUDJPY|EURUSD|GBPUSD,existing_first120_gate,london_newyork_overlap,false,false,true,passed_first_window,double_bottom,neckline_break_retest,1.08563000,PERIOD_M5,PERIOD_H1,PERIOD_M15,PERIOD_M5,PERIOD_M5,false,htf_soft_alignment,current_post_filter,transcript_post_filter,dow_range_or_transition,structure_trend_bias_dow_trend_down_ll_lh,dow_range_or_transition,structure_trend_bias_dow_trend_down_ll_lh,false,true,false,LONG,PERIOD_M5,double_bottom,double_bottom,4.200,none,0.000,double_bottom,4.200,none,0.000,LONG,false,PERIOD_H1_NONE_dow_range_or_transition|PERIOD_M15_SHORT_structure_trend_bias_dow_trend_down_ll_lh,true,h1_counter_m15_reversal,true,top_NONE_dow_range_or_transition|structure_SHORT_structure_trend_bias_dow_trend_down_ll_lh|structure_break_recent_confirmed_swing_break_failed|primary_break_recent_confirmed_swing_break_retest,none,above_75sma_rising,above_75sma_rising,above_75sma_rising,-1,0.00000000,0,1.08548000,false,off,NONE,NONE,0.00000000,0.00000000,0.0000,none,0.000,true,LONG,return_high_break_or_bos_up,1.08662000,2,1.08662000,1.08404000,false,off,independent,false,,,false,0.0000,none,0.0000,0.0000,none,0.0000,0.0000,0.0000,none,0.0000,0,0,0.0000,none,none,none,none,0.0000,0,0.0000,none,false,true,not_evaluated,true,required_light_or_anchor_flip,bias_flip_up,1.08021000,2025.03.07 06:15:00,1.08662000,2025.03.07 12:30:00,2025.03.07 14:00:00,true,LONG,1.08662000,1.08683000,0.1462,2,true,2025.03.07 15:30:00,2,LONG,1.08662000,1.08683000,0.1462,0.9329,normal,2025.03.07 15:30:00,first_after_anchor,true,LONG,2,2,2,true,false,fresh_0_4,true,false,false,true,none,true,required,true,PERIOD_M5,2025.03.07 15:35:00,2025.03.07 15:35:00,8,0.0817,true,1.08662000,0.0817,false,0.0000,true,m5_bos_up_after_anchor_retest,clean_retest_reconfirm,true,none,true,required_first_signal_only,LONG,unknown,0.00000000,,0.00000000,,false,,-1,false,NONE,0.00000000,,0.00000000,0.0000,0.0000,none,-1,false,false,false,insufficient_confirmed_m5_pivots,EURUSD|LONG|1741361400|1.08662,,,false,false,false,-1,-1,-1,-1,-1,false,false,false,0.0000,falling_n,false,1.08703000,1.08021000,4.7479,true,0.9329,0.7048,0,normal,true,0.4695,preferred_382_618,0.200,diagnostic_only,diagnostic_only,diagnostic_only,deep_pullback,8,0.440,true,none,0.590,high_quality,false,false,diagnostic_only,both,true,none,true,diagnostic_adjacent_detected,required_light,false,false,SHORT,6,false,false,1,2025.03.07 13:45:00,2025.03.07 15:35:00,7,3.5186,1.08878000,0.00000000,1.08878000,false,false,none,0.00000000,false,0.0000,0.0000,false,1,0.0000,false,-1,0.00000000,0.0000,off,false,not_evaluated,none,0.0000,0.0000,none,false,false,false,0.0000,none,false,none,0.0000,false,none,3.5186,0.8165,4.3091,0.2524,false,no_shrink,0.0000,none,none,false,false,none,0.0000,0.0000,0.0000,0.0000,none,false,false,0.0000,0.0000,false,false,-1,none,none,false,0.000,0.000,1.08658000,1.08563000,1.08658000,session_high,0.00072000,0.5455,neckline_level,1.08563000,0.1707,false,true,false,false,not_blocked,4,4,0,m5_failure_exit,off,none,0.00000000,0.0000,1.30,1.08758000,4.200,-0.300,0.200,PERIOD_M15,1.08662000,1.08404000,0.2946,outside,0.000,true,1.08586000,1.08454000,0.00132000,1.08758000,1.303,0.00134714,18.00,0-30,true,false,none,order_sent,4.500,4.500,none,0.0000,false,neckline_retest_failed,false,not_invalidated,
2025.03.07 19:50:00,signal,session_reversal_pullback_one_symbol_first120,USDJPY,LONG,2025.03.07 19:45:00,19,16,1,new_york,2025.03.07 16:00,45,first_120min,true,true,3,USDJPY,highest_score_in_session_bar,new_york=USDJPY|EURJPY|GBPJPY|AUDJPY|EURUSD|GBPUSD,existing_first120_gate,new_york,false,false,true,passed_first_window,inverse_head_and_shoulders,neckline_break_retest,147.42700000,PERIOD_M5,PERIOD_H1,PERIOD_M15,PERIOD_M5,PERIOD_M5,false,htf_soft_alignment,current_post_filter,transcript_post_filter,dow_trend_down_ll_lh,structure_trend_bias_dow_trend_down_ll_lh,dow_trend_down_ll_lh,structure_trend_bias_dow_trend_down_ll_lh,false,true,false,LONG,PERIOD_M5,inverse_head_and_shoulders,inverse_head_and_shoulders,4.500,none,0.000,inverse_head_and_shoulders,4.500,none,0.000,LONG,false,PERIOD_H1_SHORT_dow_trend_down_ll_lh|PERIOD_M15_SHORT_structure_trend_bias_dow_trend_down_ll_lh,true,h1_counter_m15_reversal,true,top_SHORT_dow_trend_down_ll_lh|structure_SHORT_structure_trend_bias_dow_trend_down_ll_lh|structure_break_recent_confirmed_swing_break_failed|primary_break_no_recent_confirmed_swing_break,none,below_75sma_falling,below_75sma_falling,above_75sma_flat_or_falling,-1,0.00000000,-1,0.00000000,false,off,NONE,NONE,0.00000000,0.00000000,0.0000,none,0.000,true,LONG,return_high_break_or_bos_up,147.74600000,21,147.95800000,146.93400000,false,off,independent,false,,,false,0.0000,none,0.0000,0.0000,none,0.0000,0.0000,0.0000,none,0.0000,0,0,0.0000,none,none,none,none,0.0000,0,0.0000,none,false,true,not_evaluated,true,required_light_or_anchor_flip,short_bias,147.19700000,2025.03.07 10:45:00,147.95800000,2025.03.07 15:30:00,2025.03.07 16:30:00,false,NONE,0.00000000,0.00000000,0.0000,-1,false,,-1,NONE,0.00000000,0.00000000,0.0000,0.0000,none,,none,false,NONE,-1,-1,-1,false,false,none,false,true,false,true,none,true,required,false,PERIOD_M5,,,-1,0.0000,false,0.00000000,0.0000,false,0.0000,false,none,none,false,no_anchor_flip_in_entry_direction,true,required_first_signal_only,LONG,unknown,0.00000000,,0.00000000,,false,,-1,false,NONE,0.00000000,,0.00000000,0.0000,0.0000,none,-1,false,false,false,no_anchor_flip_in_entry_direction,,,,false,false,false,-1,-1,-1,-1,-1,false,false,false,0.0000,range_n,true,147.95800000,146.93400000,3.4420,false,0.0000,0.0000,0,none,true,0.3975,preferred_382_618,0.200,diagnostic_only,diagnostic_only,diagnostic_only,fib_pullback,24,0.400,true,none,0.550,high_quality,false,false,diagnostic_only,both,true,none,true,diagnostic_adjacent_detected,required_light,false,false,SHORT,4,false,false,2,2025.03.07 17:10:00,2025.03.07 19:10:00,7,5.9326,147.72100000,0.00000000,147.72100000,false,false,none,0.00000000,false,0.0000,0.0000,false,1,0.0000,false,-1,0.00000000,0.0000,off,false,not_evaluated,none,0.0000,0.0000,none,false,false,false,0.0000,none,false,none,0.0000,false,none,5.9326,4.0530,1.4637,1.7867,false,no_shrink,0.0000,none,none,false,false,none,0.0000,0.0000,0.0000,0.0000,none,false,false,0.0000,0.0000,false,false,-1,none,none,false,0.000,0.000,147.56900000,147.44500000,147.58900000,pre_session_high,0.03800000,0.0979,session_high|opening_range_high|neckline_level,147.56900000,0.1392,false,true,true,false,not_blocked,5,4,1,m5_failure_exit,off,none,0.00000000,0.0000,1.30,148.05500000,4.500,-0.300,0.200,PERIOD_M15,147.72100000,147.18500000,0.3172,outside,0.000,true,147.55100000,147.16300000,0.38800000,148.05500000,1.299,0.12928571,19.00,30-60,true,false,none,not_consumed,4.600,4.600,none,0.0000,false,opposite_break_first,true,opposite_break_first,session_invalidated
2025.03.07 19:50:00,blocked,session_reversal_pullback_one_symbol_first120,USDJPY,LONG,2025.03.07 19:45:00,19,16,1,new_york,2025.03.07 16:00,45,first_120min,true,true,3,USDJPY,highest_score_in_session_bar,new_york=USDJPY|EURJPY|GBPJPY|AUDJPY|EURUSD|GBPUSD,existing_first120_gate,new_york,false,false,true,passed_first_window,inverse_head_and_shoulders,neckline_break_retest,147.42700000,PERIOD_M5,PERIOD_H1,PERIOD_M15,PERIOD_M5,PERIOD_M5,false,htf_soft_alignment,current_post_filter,transcript_post_filter,dow_trend_down_ll_lh,structure_trend_bias_dow_trend_down_ll_lh,dow_trend_down_ll_lh,structure_trend_bias_dow_trend_down_ll_lh,false,true,false,LONG,PERIOD_M5,inverse_head_and_shoulders,inverse_head_and_shoulders,4.500,none,0.000,inverse_head_and_shoulders,4.500,none,0.000,LONG,false,PERIOD_H1_SHORT_dow_trend_down_ll_lh|PERIOD_M15_SHORT_structure_trend_bias_dow_trend_down_ll_lh,true,h1_counter_m15_reversal,true,top_SHORT_dow_trend_down_ll_lh|structure_SHORT_structure_trend_bias_dow_trend_down_ll_lh|structure_break_recent_confirmed_swing_break_failed|primary_break_no_recent_confirmed_swing_break,none,below_75sma_falling,below_75sma_falling,above_75sma_flat_or_falling,-1,0.00000000,-1,0.00000000,false,off,NONE,NONE,0.00000000,0.00000000,0.0000,none,0.000,true,LONG,return_high_break_or_bos_up,147.74600000,21,147.95800000,146.93400000,false,off,independent,false,,,false,0.0000,none,0.0000,0.0000,none,0.0000,0.0000,0.0000,none,0.0000,0,0,0.0000,none,none,none,none,0.0000,0,0.0000,none,false,true,not_evaluated,true,required_light_or_anchor_flip,short_bias,147.19700000,2025.03.07 10:45:00,147.95800000,2025.03.07 15:30:00,2025.03.07 16:30:00,false,NONE,0.00000000,0.00000000,0.0000,-1,false,,-1,NONE,0.00000000,0.00000000,0.0000,0.0000,none,,none,false,NONE,-1,-1,-1,false,false,none,false,true,false,true,none,true,required,false,PERIOD_M5,,,-1,0.0000,false,0.00000000,0.0000,false,0.0000,false,none,none,false,no_anchor_flip_in_entry_direction,true,required_first_signal_only,LONG,unknown,0.00000000,,0.00000000,,false,,-1,false,NONE,0.00000000,,0.00000000,0.0000,0.0000,none,-1,false,false,false,no_anchor_flip_in_entry_direction,,,,false,false,false,-1,-1,-1,-1,-1,false,false,false,0.0000,range_n,true,147.95800000,146.93400000,3.4420,false,0.0000,0.0000,0,none,true,0.3975,preferred_382_618,0.200,diagnostic_only,diagnostic_only,diagnostic_only,fib_pullback,24,0.400,true,none,0.550,high_quality,false,false,diagnostic_only,both,true,none,true,diagnostic_adjacent_detected,required_light,false,false,SHORT,4,false,false,2,2025.03.07 17:10:00,2025.03.07 19:10:00,7,5.9326,147.72100000,0.00000000,147.72100000,false,false,none,0.00000000,false,0.0000,0.0000,false,1,0.0000,false,-1,0.00000000,0.0000,off,false,not_evaluated,none,0.0000,0.0000,none,false,false,false,0.0000,none,false,none,0.0000,false,none,5.9326,4.0530,1.4637,1.7867,false,no_shrink,0.0000,none,none,false,false,none,0.0000,0.0000,0.0000,0.0000,none,false,false,0.0000,0.0000,false,false,-1,none,none,false,0.000,0.000,147.56900000,147.44500000,147.58900000,pre_session_high,0.03800000,0.0979,session_high|opening_range_high|neckline_level,147.56900000,0.1392,false,true,true,false,not_blocked,5,4,1,m5_failure_exit,off,none,0.00000000,0.0000,1.30,148.05500000,4.500,-0.300,0.200,PERIOD_M15,147.72100000,147.18500000,0.3172,outside,0.000,true,147.55100000,147.16300000,0.38800000,148.05500000,1.299,0.12928571,19.00,30-60,true,false,none,blocked_session_invalidated,4.600,4.600,none,0.0000,false,opposite_break_first,true,opposite_break_first,session_invalidated
2025.03.10 03:10:00,signal,session_reversal_pullback_one_symbol_first120,EURJPY,SHORT,2025.03.10 03:05:00,3,0,9,tokyo,2025.03.10 00:00,5,first_120min,true,true,3,EURJPY,highest_score_in_session_bar,tokyo=USDJPY|EURJPY|GBPJPY|AUDJPY,existing_first120_gate,tokyo,false,false,true,passed_first_window,double_top,neckline_break_retest,160.19100000,PERIOD_M5,PERIOD_H1,PERIOD_M15,PERIOD_M5,PERIOD_M5,false,htf_soft_alignment,current_post_filter,transcript_post_filter,dow_range_or_transition,structure_trend_bias_dow_trend_down_ll_lh,dow_range_or_transition,structure_trend_bias_dow_trend_down_ll_lh,false,false,true,SHORT,PERIOD_M5,double_top,double_top,4.200,none,0.000,double_top,4.200,none,0.000,SHORT,false,PERIOD_H1_NONE_dow_range_or_transition|PERIOD_M15_SHORT_structure_trend_bias_dow_trend_down_ll_lh,true,h1_counter_m15_reversal,true,top_NONE_dow_range_or_transition|structure_SHORT_structure_trend_bias_dow_trend_down_ll_lh|structure_break_recent_confirmed_swing_break_failed|primary_break_recent_confirmed_swing_break_retest,none,above_75sma_rising,above_75sma_rising,below_75sma_falling,-1,0.00000000,1,160.14100000,false,off,NONE,NONE,0.00000000,0.00000000,0.0000,none,0.000,true,SHORT,return_low_break_or_bos_down,159.98100000,8,160.64900000,159.41600000,false,off,independent,false,,,false,0.0000,none,0.0000,0.0000,none,0.0000,0.0000,0.0000,none,0.0000,0,0,0.0000,none,none,none,none,0.0000,0,0.0000,none,false,true,not_evaluated,true,required_light_or_anchor_flip,short_bias,159.50500000,2025.03.07 17:30:00,160.30400000,2025.03.10 01:15:00,2025.03.10 01:45:00,false,NONE,0.00000000,0.00000000,0.0000,-1,false,,-1,NONE,0.00000000,0.00000000,0.0000,0.0000,none,,none,false,NONE,-1,-1,-1,false,false,none,true,false,false,true,none,true,required,false,PERIOD_M5,,,-1,0.0000,false,0.00000000,0.0000,false,0.0000,false,none,none,false,no_anchor_flip_in_entry_direction,true,required_first_signal_only,SHORT,unknown,0.00000000,,0.00000000,,false,,-1,false,NONE,0.00000000,,0.00000000,0.0000,0.0000,none,-1,false,false,false,no_anchor_flip_in_entry_direction,,,,false,false,false,-1,-1,-1,-1,-1,false,false,false,0.0000,falling_n,false,160.74200000,159.41600000,7.7544,false,0.0000,0.0000,0,none,true,0.2577,shallow_236_382,0.080,diagnostic_only,diagnostic_only,diagnostic_only,fib_pullback,21,0.320,true,none,0.470,high_quality,false,false,diagnostic_only,both,true,none,true,diagnostic_adjacent_detected,required_light,false,false,LONG,4,false,false,1,2025.03.10 00:05:00,2025.03.10 02:30:00,7,3.0724,0.00000000,159.99100000,159.99100000,false,false,none,0.00000000,false,0.0000,0.0000,false,1,0.0000,false,-1,0.00000000,0.0000,off,false,not_evaluated,none,0.0000,0.0000,none,false,false,false,0.0000,none,false,none,0.0000,false,none,3.0724,1.3535,2.2699,0.4733,false,no_shrink,0.0000,none,none,false,false,none,0.0000,0.0000,0.0000,0.0000,none,false,false,0.0000,0.0000,false,false,-1,none,none,false,0.000,0.000,160.19100000,160.02500000,160.02500000,session_low,0.11700000,0.4855,neckline_level,160.19100000,0.4069,false,true,true,false,not_blocked,5,3,2,m5_failure_exit,off,none,0.00000000,0.0000,1.30,159.82900000,4.200,-0.300,0.200,PERIOD_M15,160.30400000,159.41600000,0.8176,outside,0.000,true,160.14200000,160.38300000,0.24100000,159.82900000,1.299,0.12042857,33.00,0-30,true,false,none,not_consumed,4.500,4.500,none,0.0000,false,neckline_retest_failed,false,not_invalidated,spread_too_high
2025.03.10 03:10:00,blocked,session_reversal_pullback_one_symbol_first120,EURJPY,SHORT,2025.03.10 03:05:00,3,0,9,tokyo,2025.03.10 00:00,5,first_120min,true,true,3,EURJPY,highest_score_in_session_bar,tokyo=USDJPY|EURJPY|GBPJPY|AUDJPY,existing_first120_gate,tokyo,false,false,true,passed_first_window,double_top,neckline_break_retest,160.19100000,PERIOD_M5,PERIOD_H1,PERIOD_M15,PERIOD_M5,PERIOD_M5,false,htf_soft_alignment,current_post_filter,transcript_post_filter,dow_range_or_transition,structure_trend_bias_dow_trend_down_ll_lh,dow_range_or_transition,structure_trend_bias_dow_trend_down_ll_lh,false,false,true,SHORT,PERIOD_M5,double_top,double_top,4.200,none,0.000,double_top,4.200,none,0.000,SHORT,false,PERIOD_H1_NONE_dow_range_or_transition|PERIOD_M15_SHORT_structure_trend_bias_dow_trend_down_ll_lh,true,h1_counter_m15_reversal,true,top_NONE_dow_range_or_transition|structure_SHORT_structure_trend_bias_dow_trend_down_ll_lh|structure_break_recent_confirmed_swing_break_failed|primary_break_recent_confirmed_swing_break_retest,none,above_75sma_rising,above_75sma_rising,below_75sma_falling,-1,0.00000000,1,160.14100000,false,off,NONE,NONE,0.00000000,0.00000000,0.0000,none,0.000,true,SHORT,return_low_break_or_bos_down,159.98100000,8,160.64900000,159.41600000,false,off,independent,false,,,false,0.0000,none,0.0000,0.0000,none,0.0000,0.0000,0.0000,none,0.0000,0,0,0.0000,none,none,none,none,0.0000,0,0.0000,none,false,true,not_evaluated,true,required_light_or_anchor_flip,short_bias,159.50500000,2025.03.07 17:30:00,160.30400000,2025.03.10 01:15:00,2025.03.10 01:45:00,false,NONE,0.00000000,0.00000000,0.0000,-1,false,,-1,NONE,0.00000000,0.00000000,0.0000,0.0000,none,,none,false,NONE,-1,-1,-1,false,false,none,true,false,false,true,none,true,required,false,PERIOD_M5,,,-1,0.0000,false,0.00000000,0.0000,false,0.0000,false,none,none,false,no_anchor_flip_in_entry_direction,true,required_first_signal_only,SHORT,unknown,0.00000000,,0.00000000,,false,,-1,false,NONE,0.00000000,,0.00000000,0.0000,0.0000,none,-1,false,false,false,no_anchor_flip_in_entry_direction,,,,false,false,false,-1,-1,-1,-1,-1,false,false,false,0.0000,falling_n,false,160.74200000,159.41600000,7.7544,false,0.0000,0.0000,0,none,true,0.2577,shallow_236_382,0.080,diagnostic_only,diagnostic_only,diagnostic_only,fib_pullback,21,0.320,true,none,0.470,high_quality,false,false,diagnostic_only,both,true,none,true,diagnostic_adjacent_detected,required_light,false,false,LONG,4,false,false,1,2025.03.10 00:05:00,2025.03.10 02:30:00,7,3.0724,0.00000000,159.99100000,159.99100000,false,false,none,0.00000000,false,0.0000,0.0000,false,1,0.0000,false,-1,0.00000000,0.0000,off,false,not_evaluated,none,0.0000,0.0000,none,false,false,false,0.0000,none,false,none,0.0000,false,none,3.0724,1.3535,2.2699,0.4733,false,no_shrink,0.0000,none,none,false,false,none,0.0000,0.0000,0.0000,0.0000,none,false,false,0.0000,0.0000,false,false,-1,none,none,false,0.000,0.000,160.19100000,160.02500000,160.02500000,session_low,0.11700000,0.4855,neckline_level,160.19100000,0.4069,false,true,true,false,not_blocked,5,3,2,m5_failure_exit,off,none,0.00000000,0.0000,1.30,159.82900000,4.200,-0.300,0.200,PERIOD_M15,160.30400000,159.41600000,0.8176,outside,0.000,true,160.14200000,160.38300000,0.24100000,159.82900000,1.299,0.12042857,33.00,0-30,true,false,none,blocked_spread_too_high,4.500,4.500,none,0.0000,false,neckline_retest_failed,false,not_invalidated,spread_too_high
2025.03.10 10:15:00,signal,session_reversal_pullback_one_symbol_first120,GBPJPY,SHORT,2025.03.10 10:10:00,10,7,16,london,2025.03.10 07:00,10,first_120min,true,true,3,GBPJPY,highest_score_in_session_bar,london=USDJPY|EURJPY|GBPJPY|AUDJPY|EURUSD|GBPUSD,existing_first120_gate,london,false,false,true,passed_first_window,sweep_high_reclaim,sweep_reclaim_retest,190.88800000,PERIOD_M5,PERIOD_H1,PERIOD_M15,PERIOD_M5,PERIOD_M5,false,htf_soft_alignment,current_post_filter,transcript_post_filter,dow_trend_up_hh_hl,structure_trend_bias_dow_trend_down_ll_lh,dow_trend_up_hh_hl,structure_trend_bias_dow_trend_down_ll_lh,false,false,true,SHORT,PERIOD_M5,sweep_high_reclaim,sweep_high_reclaim,3.400,none,0.000,sweep_high_reclaim,3.400,none,0.000,SHORT,false,PERIOD_H1_LONG_dow_trend_up_hh_hl|PERIOD_M15_SHORT_structure_trend_bias_dow_trend_down_ll_lh,true,h1_counter_m15_reversal,true,top_LONG_dow_trend_up_hh_hl|structure_SHORT_structure_trend_bias_dow_trend_down_ll_lh|structure_break_recent_confirmed_swing_break_failed|primary_break_no_recent_confirmed_swing_break,none,below_75sma_falling,below_75sma_falling,above_75sma_rising,-1,0.00000000,-1,0.00000000,false,off,NONE,NONE,0.00000000,0.00000000,0.0000,none,0.000,true,SHORT,return_low_break_or_bos_down,190.51500000,5,190.80000000,190.28200000,false,off,independent,false,,,false,0.0000,none,0.0000,0.0000,none,0.0000,0.0000,0.0000,none,0.0000,0,0,0.0000,none,none,none,none,0.0000,0,0.0000,none,false,true,not_evaluated,true,required_light_or_anchor_flip,short_bias,190.50600000,2025.03.10 06:00:00,190.77800000,2025.03.10 08:15:00,2025.03.10 09:00:00,false,NONE,0.00000000,0.00000000,0.0000,-1,false,,-1,NONE,0.00000000,0.00000000,0.0000,0.0000,none,,none,false,NONE,-1,-1,-1,false,false,none,true,false,false,true,none,true,required,false,PERIOD_M5,,,-1,0.0000,false,0.00000000,0.0000,false,0.0000,false,none,none,false,no_anchor_flip_in_entry_direction,true,required_first_signal_only,SHORT,unknown,0.00000000,,0.00000000,,false,,-1,false,NONE,0.00000000,,0.00000000,0.0000,0.0000,none,-1,false,false,false,no_anchor_flip_in_entry_direction,,,,false,false,false,-1,-1,-1,-1,-1,false,false,false,0.0000,falling_n,false,190.77800000,190.45600000,2.0650,false,0.0000,0.0000,0,none,true,0.7027,deep_618_786,0.120,diagnostic_only,diagnostic_only,diagnostic_only,fib_pullback,24,0.370,true,none,0.520,medium_quality,false,false,diagnostic_only,both,true,none,true,diagnostic_adjacent_detected,required_light,false,false,LONG,5,false,false,1,2025.03.10 08:20:00,2025.03.10 09:30:00,8,2.8085,0.00000000,190.59600000,190.59600000,false,false,none,0.00000000,false,0.0000,0.0000,false,1,0.0000,false,-1,0.00000000,0.0000,off,false,not_evaluated,none,0.0000,0.0000,none,false,false,false,0.0000,none,false,none,0.0000,false,none,1.6134,2.7488,0.5870,0.0598,false,strong_exhaustion,0.0000,none,none,false,false,none,0.0000,0.0000,0.0000,0.0000,none,false,false,0.0000,0.0000,false,false,-1,none,none,false,0.000,0.000,190.70700000,190.63041176,190.63041176,recent_equal_lows,0.01558824,0.0569,session_low|opening_range_low|neckline_level,190.62300000,0.1963,false,true,true,false,not_blocked,5,3,2,m5_failure_exit,off,none,0.00000000,0.0000,1.30,190.29000000,3.400,-0.300,0.200,PERIOD_M15,190.77800000,190.45600000,0.5901,preferred_382_618,0.000,true,190.64600000,190.92000000,0.27400000,190.29000000,1.299,0.11714286,38.00,0-30,true,false,none,not_consumed,3.500,3.500,none,0.0000,false,opposite_break_first,true,opposite_break_first,spread_too_high
2025.03.10 10:15:00,blocked,session_reversal_pullback_one_symbol_first120,GBPJPY,SHORT,2025.03.10 10:10:00,10,7,16,london,2025.03.10 07:00,10,first_120min,true,true,3,GBPJPY,highest_score_in_session_bar,london=USDJPY|EURJPY|GBPJPY|AUDJPY|EURUSD|GBPUSD,existing_first120_gate,london,false,false,true,passed_first_window,sweep_high_reclaim,sweep_reclaim_retest,190.88800000,PERIOD_M5,PERIOD_H1,PERIOD_M15,PERIOD_M5,PERIOD_M5,false,htf_soft_alignment,current_post_filter,transcript_post_filter,dow_trend_up_hh_hl,structure_trend_bias_dow_trend_down_ll_lh,dow_trend_up_hh_hl,structure_trend_bias_dow_trend_down_ll_lh,false,false,true,SHORT,PERIOD_M5,sweep_high_reclaim,sweep_high_reclaim,3.400,none,0.000,sweep_high_reclaim,3.400,none,0.000,SHORT,false,PERIOD_H1_LONG_dow_trend_up_hh_hl|PERIOD_M15_SHORT_structure_trend_bias_dow_trend_down_ll_lh,true,h1_counter_m15_reversal,true,top_LONG_dow_trend_up_hh_hl|structure_SHORT_structure_trend_bias_dow_trend_down_ll_lh|structure_break_recent_confirmed_swing_break_failed|primary_break_no_recent_confirmed_swing_break,none,below_75sma_falling,below_75sma_falling,above_75sma_rising,-1,0.00000000,-1,0.00000000,false,off,NONE,NONE,0.00000000,0.00000000,0.0000,none,0.000,true,SHORT,return_low_break_or_bos_down,190.51500000,5,190.80000000,190.28200000,false,off,independent,false,,,false,0.0000,none,0.0000,0.0000,none,0.0000,0.0000,0.0000,none,0.0000,0,0,0.0000,none,none,none,none,0.0000,0,0.0000,none,false,true,not_evaluated,true,required_light_or_anchor_flip,short_bias,190.50600000,2025.03.10 06:00:00,190.77800000,2025.03.10 08:15:00,2025.03.10 09:00:00,false,NONE,0.00000000,0.00000000,0.0000,-1,false,,-1,NONE,0.00000000,0.00000000,0.0000,0.0000,none,,none,false,NONE,-1,-1,-1,false,false,none,true,false,false,true,none,true,required,false,PERIOD_M5,,,-1,0.0000,false,0.00000000,0.0000,false,0.0000,false,none,none,false,no_anchor_flip_in_entry_direction,true,required_first_signal_only,SHORT,unknown,0.00000000,,0.00000000,,false,,-1,false,NONE,0.00000000,,0.00000000,0.0000,0.0000,none,-1,false,false,false,no_anchor_flip_in_entry_direction,,,,false,false,false,-1,-1,-1,-1,-1,false,false,false,0.0000,falling_n,false,190.77800000,190.45600000,2.0650,false,0.0000,0.0000,0,none,true,0.7027,deep_618_786,0.120,diagnostic_only,diagnostic_only,diagnostic_only,fib_pullback,24,0.370,true,none,0.520,medium_quality,false,false,diagnostic_only,both,true,none,true,diagnostic_adjacent_detected,required_light,false,false,LONG,5,false,false,1,2025.03.10 08:20:00,2025.03.10 09:30:00,8,2.8085,0.00000000,190.59600000,190.59600000,false,false,none,0.00000000,false,0.0000,0.0000,false,1,0.0000,false,-1,0.00000000,0.0000,off,false,not_evaluated,none,0.0000,0.0000,none,false,false,false,0.0000,none,false,none,0.0000,false,none,1.6134,2.7488,0.5870,0.0598,false,strong_exhaustion,0.0000,none,none,false,false,none,0.0000,0.0000,0.0000,0.0000,none,false,false,0.0000,0.0000,false,false,-1,none,none,false,0.000,0.000,190.70700000,190.63041176,190.63041176,recent_equal_lows,0.01558824,0.0569,session_low|opening_range_low|neckline_level,190.62300000,0.1963,false,true,true,false,not_blocked,5,3,2,m5_failure_exit,off,none,0.00000000,0.0000,1.30,190.29000000,3.400,-0.300,0.200,PERIOD_M15,190.77800000,190.45600000,0.5901,preferred_382_618,0.000,true,190.64600000,190.92000000,0.27400000,190.29000000,1.299,0.11714286,38.00,0-30,true,false,none,blocked_spread_too_high,3.500,3.500,none,0.0000,false,opposite_break_first,true,opposite_break_first,spread_too_high
2025.03.10 16:45:00,signal,session_reversal_pullback_one_symbol_first120,AUDJPY,LONG,2025.03.10 16:40:00,16,13,22,london_newyork_overlap,2025.03.10 13:00,40,first_120min,true,true,3,AUDJPY,highest_score_in_session_bar,london_newyork_overlap=USDJPY|EURJPY|GBPJPY|AUDJPY|EURUSD|GBPUSD,existing_first120_gate,london_newyork_overlap,false,false,true,passed_first_window,double_bottom,neckline_break_retest,92.93500000,PERIOD_M5,PERIOD_H1,PERIOD_M15,PERIOD_M5,PERIOD_M5,false,htf_soft_alignment,current_post_filter,transcript_post_filter,dow_range_or_transition,no_ordered_dow_wave3_break,dow_range_or_transition,no_ordered_dow_wave3_break,false,true,false,LONG,PERIOD_M5,double_bottom,double_bottom,4.200,none,0.000,double_bottom,4.200,none,0.000,LONG,false,PERIOD_H1_NONE_dow_range_or_transition|PERIOD_M15_NONE_no_ordered_dow_wave3_break,true,h1_counter_m15_reversal,true,top_NONE_dow_range_or_transition|structure_NONE_no_ordered_dow_wave3_break|structure_break_recent_confirmed_swing_break_failed|primary_break_recent_confirmed_swing_break_retest,none,below_75sma_falling,below_75sma_falling,above_75sma_flat_or_falling,-1,0.00000000,0,92.99200000,false,off,NONE,NONE,0.00000000,0.00000000,0.0000,none,0.000,true,LONG,return_high_break_or_bos_up,93.20500000,23,93.08100000,92.78800000,false,off,independent,false,,,false,0.0000,none,0.0000,0.0000,none,0.0000,0.0000,0.0000,none,0.0000,0,0,0.0000,none,none,none,none,0.0000,0,0.0000,none,false,true,not_evaluated,true,required_light_or_anchor_flip,short_bias,93.15500000,2025.03.10 08:45:00,93.24700000,2025.03.10 12:45:00,2025.03.10 14:00:00,false,NONE,0.00000000,0.00000000,0.0000,-1,false,,-1,NONE,0.00000000,0.00000000,0.0000,0.0000,none,,none,false,NONE,-1,-1,-1,false,false,none,false,true,false,true,none,true,required,false,PERIOD_M5,,,-1,0.0000,false,0.00000000,0.0000,false,0.0000,false,none,none,false,no_anchor_flip_in_entry_direction,true,required_first_signal_only,LONG,unknown,0.00000000,,0.00000000,,false,,-1,false,NONE,0.00000000,,0.00000000,0.0000,0.0000,none,-1,false,false,false,no_anchor_flip_in_entry_direction,,,,false,false,false,-1,-1,-1,-1,-1,false,false,false,0.0000,range_n,true,93.40600000,92.76800000,4.4727,false,0.0000,0.0000,0,none,true,0.5380,preferred_382_618,0.200,diagnostic_only,diagnostic_only,diagnostic_only,deep_pullback,4,0.440,true,none,0.590,high_quality,false,false,diagnostic_only,both,true,none,true,diagnostic_adjacent_detected,required_light,false,false,SHORT,5,false,false,1,2025.03.10 15:00:00,2025.03.10 16:05:00,7,2.8928,92.99200000,0.00000000,92.99200000,true,true,m5_lh_close_break_up,92.99200000,true,0.3258,0.6812,true,1,0.0000,false,0,92.99200000,0.7602,off,false,not_evaluated,none,0.7432,0.2568,strong,false,false,false,0.0000,no_following_closed_bar,false,none,0.0000,false,no_retest,1.5797,2.8928,0.5461,0.0000,true,strong_exhaustion,0.0000,none,none,false,false,none,0.0000,0.0000,0.0000,0.0000,none,false,false,0.0000,0.0000,false,false,-1,none,none,false,0.000,0.000,93.06300000,93.02600000,93.08100000,structure_confirmed_swing_high,0.03300000,0.1454,session_high|opening_range_high|neckline_level,93.06300000,0.1481,false,true,false,false,not_blocked,2,2,0,m5_failure_exit,off,none,0.00000000,0.0000,1.30,93.34300000,4.200,-0.300,0.200,PERIOD_M15,93.08100000,92.78800000,0.1126,outside,0.000,true,93.04800000,92.82100000,0.22700000,93.34300000,1.300,0.10128571,28.00,30-60,true,false,none,not_consumed,4.500,4.500,none,0.0000,false,opposite_break_first,true,opposite_break_first,spread_too_high
2025.03.10 16:45:00,blocked,session_reversal_pullback_one_symbol_first120,AUDJPY,LONG,2025.03.10 16:40:00,16,13,22,london_newyork_overlap,2025.03.10 13:00,40,first_120min,true,true,3,AUDJPY,highest_score_in_session_bar,london_newyork_overlap=USDJPY|EURJPY|GBPJPY|AUDJPY|EURUSD|GBPUSD,existing_first120_gate,london_newyork_overlap,false,false,true,passed_first_window,double_bottom,neckline_break_retest,92.93500000,PERIOD_M5,PERIOD_H1,PERIOD_M15,PERIOD_M5,PERIOD_M5,false,htf_soft_alignment,current_post_filter,transcript_post_filter,dow_range_or_transition,no_ordered_dow_wave3_break,dow_range_or_transition,no_ordered_dow_wave3_break,false,true,false,LONG,PERIOD_M5,double_bottom,double_bottom,4.200,none,0.000,double_bottom,4.200,none,0.000,LONG,false,PERIOD_H1_NONE_dow_range_or_transition|PERIOD_M15_NONE_no_ordered_dow_wave3_break,true,h1_counter_m15_reversal,true,top_NONE_dow_range_or_transition|structure_NONE_no_ordered_dow_wave3_break|structure_break_recent_confirmed_swing_break_failed|primary_break_recent_confirmed_swing_break_retest,none,below_75sma_falling,below_75sma_falling,above_75sma_flat_or_falling,-1,0.00000000,0,92.99200000,false,off,NONE,NONE,0.00000000,0.00000000,0.0000,none,0.000,true,LONG,return_high_break_or_bos_up,93.20500000,23,93.08100000,92.78800000,false,off,independent,false,,,false,0.0000,none,0.0000,0.0000,none,0.0000,0.0000,0.0000,none,0.0000,0,0,0.0000,none,none,none,none,0.0000,0,0.0000,none,false,true,not_evaluated,true,required_light_or_anchor_flip,short_bias,93.15500000,2025.03.10 08:45:00,93.24700000,2025.03.10 12:45:00,2025.03.10 14:00:00,false,NONE,0.00000000,0.00000000,0.0000,-1,false,,-1,NONE,0.00000000,0.00000000,0.0000,0.0000,none,,none,false,NONE,-1,-1,-1,false,false,none,false,true,false,true,none,true,required,false,PERIOD_M5,,,-1,0.0000,false,0.00000000,0.0000,false,0.0000,false,none,none,false,no_anchor_flip_in_entry_direction,true,required_first_signal_only,LONG,unknown,0.00000000,,0.00000000,,false,,-1,false,NONE,0.00000000,,0.00000000,0.0000,0.0000,none,-1,false,false,false,no_anchor_flip_in_entry_direction,,,,false,false,false,-1,-1,-1,-1,-1,false,false,false,0.0000,range_n,true,93.40600000,92.76800000,4.4727,false,0.0000,0.0000,0,none,true,0.5380,preferred_382_618,0.200,diagnostic_only,diagnostic_only,diagnostic_only,deep_pullback,4,0.440,true,none,0.590,high_quality,false,false,diagnostic_only,both,true,none,true,diagnostic_adjacent_detected,required_light,false,false,SHORT,5,false,false,1,2025.03.10 15:00:00,2025.03.10 16:05:00,7,2.8928,92.99200000,0.00000000,92.99200000,true,true,m5_lh_close_break_up,92.99200000,true,0.3258,0.6812,true,1,0.0000,false,0,92.99200000,0.7602,off,false,not_evaluated,none,0.7432,0.2568,strong,false,false,false,0.0000,no_following_closed_bar,false,none,0.0000,false,no_retest,1.5797,2.8928,0.5461,0.0000,true,strong_exhaustion,0.0000,none,none,false,false,none,0.0000,0.0000,0.0000,0.0000,none,false,false,0.0000,0.0000,false,false,-1,none,none,false,0.000,0.000,93.06300000,93.02600000,93.08100000,structure_confirmed_swing_high,0.03300000,0.1454,session_high|opening_range_high|neckline_level,93.06300000,0.1481,false,true,false,false,not_blocked,2,2,0,m5_failure_exit,off,none,0.00000000,0.0000,1.30,93.34300000,4.200,-0.300,0.200,PERIOD_M15,93.08100000,92.78800000,0.1126,outside,0.000,true,93.04800000,92.82100000,0.22700000,93.34300000,1.300,0.10128571,28.00,30-60,true,false,none,blocked_spread_too_high,4.500,4.500,none,0.0000,false,opposite_break_first,true,opposite_break_first,spread_too_high
2025.03.10 19:15:00,signal,session_reversal_pullback_one_symbol_first120,GBPJPY,LONG,2025.03.10 19:10:00,19,16,1,new_york,2025.03.10 16:00,10,first_120min,true,true,3,GBPJPY,highest_score_in_session_bar,new_york=USDJPY|EURJPY|GBPJPY|AUDJPY|EURUSD|GBPUSD,existing_first120_gate,new_york,false,false,true,passed_first_window,inverse_head_and_shoulders,neckline_break_retest,189.73700000,PERIOD_M5,PERIOD_H1,PERIOD_M15,PERIOD_M5,PERIOD_M5,false,htf_soft_alignment,current_post_filter,transcript_post_filter,dow_trend_down_ll_lh,no_ordered_dow_wave3_break,dow_trend_down_ll_lh,no_ordered_dow_wave3_break,false,true,false,LONG,PERIOD_M5,inverse_head_and_shoulders,inverse_head_and_shoulders,4.500,none,0.000,inverse_head_and_shoulders,4.500,none,0.000,LONG,false,PERIOD_H1_SHORT_dow_trend_down_ll_lh|PERIOD_M15_NONE_no_ordered_dow_wave3_break,true,h1_counter_m15_reversal,true,top_SHORT_dow_trend_down_ll_lh|structure_NONE_no_ordered_dow_wave3_break|structure_break_recent_confirmed_swing_break_failed|primary_break_recent_confirmed_swing_break_failed,none,below_75sma_falling,below_75sma_falling,above_75sma_flat_or_falling,-1,0.00000000,-1,0.00000000,false,off,NONE,NONE,0.00000000,0.00000000,0.0000,none,0.000,true,LONG,return_high_break_or_bos_up,190.18400000,10,190.41000000,189.29200000,false,off,independent,false,,,false,0.0000,none,0.0000,0.0000,none,0.0000,0.0000,0.0000,none,0.0000,0,0,0.0000,none,none,none,none,0.0000,0,0.0000,none,false,true,not_evaluated,true,required_light_or_anchor_flip,short_bias,189.78700000,2025.03.10 15:30:00,190.41000000,2025.03.10 16:30:00,2025.03.10 17:45:00,false,NONE,0.00000000,0.00000000,0.0000,-1,false,,-1,NONE,0.00000000,0.00000000,0.0000,0.0000,none,,none,false,NONE,-1,-1,-1,false,false,none,false,true,false,true,none,true,required,false,PERIOD_M5,,,-1,0.0000,false,0.00000000,0.0000,false,0.0000,false,none,none,false,no_anchor_flip_in_entry_direction,true,required_first_signal_only,LONG,unknown,0.00000000,,0.00000000,,false,,-1,false,NONE,0.00000000,,0.00000000,0.0000,0.0000,none,-1,false,false,false,no_anchor_flip_in_entry_direction,,,,false,false,false,-1,-1,-1,-1,-1,false,false,false,0.0000,range_n,true,190.41000000,189.29200000,3.5031,false,0.0000,0.0000,0,none,true,0.3757,shallow_236_382,0.080,diagnostic_only,diagnostic_only,diagnostic_only,shallow_pullback,5,0.320,true,none,0.470,high_quality,false,false,diagnostic_only,both,true,none,true,diagnostic_adjacent_detected,required_light,false,false,SHORT,5,false,false,2,2025.03.10 16:30:00,2025.03.10 18:35:00,7,6.7263,190.09600000,0.00000000,190.09600000,false,false,none,0.00000000,false,0.0000,0.0000,false,1,0.0000,false,-1,0.00000000,0.0000,off,false,not_evaluated,none,0.0000,0.0000,none,false,false,false,0.0000,none,false,none,0.0000,false,none,4.8371,3.2007,1.5113,3.5256,false,no_shrink,0.0000,none,none,false,false,none,0.0000,0.0000,0.0000,0.0000,none,false,false,0.0000,0.0000,false,false,-1,none,none,false,0.000,0.000,190.03700000,189.95900000,190.03700000,failed_breakout_level,0.04700000,0.0992,session_high|opening_range_high|neckline_level,189.95900000,0.1865,false,true,true,false,not_blocked,4,3,1,m5_failure_exit,off,none,0.00000000,0.0000,1.30,190.60600000,4.500,-0.300,0.200,PERIOD_M15,190.41000000,189.29200000,0.3757,outside,0.000,true,189.99000000,189.51600000,0.47400000,190.60600000,1.300,0.16621429,38.00,0-30,true,false,none,not_consumed,4.600,4.600,none,0.0000,false,neckline_retest_failed,false,not_invalidated,spread_too_high
2025.03.10 19:15:00,blocked,session_reversal_pullback_one_symbol_first120,GBPJPY,LONG,2025.03.10 19:10:00,19,16,1,new_york,2025.03.10 16:00,10,first_120min,true,true,3,GBPJPY,highest_score_in_session_bar,new_york=USDJPY|EURJPY|GBPJPY|AUDJPY|EURUSD|GBPUSD,existing_first120_gate,new_york,false,false,true,passed_first_window,inverse_head_and_shoulders,neckline_break_retest,189.73700000,PERIOD_M5,PERIOD_H1,PERIOD_M15,PERIOD_M5,PERIOD_M5,false,htf_soft_alignment,current_post_filter,transcript_post_filter,dow_trend_down_ll_lh,no_ordered_dow_wave3_break,dow_trend_down_ll_lh,no_ordered_dow_wave3_break,false,true,false,LONG,PERIOD_M5,inverse_head_and_shoulders,inverse_head_and_shoulders,4.500,none,0.000,inverse_head_and_shoulders,4.500,none,0.000,LONG,false,PERIOD_H1_SHORT_dow_trend_down_ll_lh|PERIOD_M15_NONE_no_ordered_dow_wave3_break,true,h1_counter_m15_reversal,true,top_SHORT_dow_trend_down_ll_lh|structure_NONE_no_ordered_dow_wave3_break|structure_break_recent_confirmed_swing_break_failed|primary_break_recent_confirmed_swing_break_failed,none,below_75sma_falling,below_75sma_falling,above_75sma_flat_or_falling,-1,0.00000000,-1,0.00000000,false,off,NONE,NONE,0.00000000,0.00000000,0.0000,none,0.000,true,LONG,return_high_break_or_bos_up,190.18400000,10,190.41000000,189.29200000,false,off,independent,false,,,false,0.0000,none,0.0000,0.0000,none,0.0000,0.0000,0.0000,none,0.0000,0,0,0.0000,none,none,none,none,0.0000,0,0.0000,none,false,true,not_evaluated,true,required_light_or_anchor_flip,short_bias,189.78700000,2025.03.10 15:30:00,190.41000000,2025.03.10 16:30:00,2025.03.10 17:45:00,false,NONE,0.00000000,0.00000000,0.0000,-1,false,,-1,NONE,0.00000000,0.00000000,0.0000,0.0000,none,,none,false,NONE,-1,-1,-1,false,false,none,false,true,false,true,none,true,required,false,PERIOD_M5,,,-1,0.0000,false,0.00000000,0.0000,false,0.0000,false,none,none,false,no_anchor_flip_in_entry_direction,true,required_first_signal_only,LONG,unknown,0.00000000,,0.00000000,,false,,-1,false,NONE,0.00000000,,0.00000000,0.0000,0.0000,none,-1,false,false,false,no_anchor_flip_in_entry_direction,,,,false,false,false,-1,-1,-1,-1,-1,false,false,false,0.0000,range_n,true,190.41000000,189.29200000,3.5031,false,0.0000,0.0000,0,none,true,0.3757,shallow_236_382,0.080,diagnostic_only,diagnostic_only,diagnostic_only,shallow_pullback,5,0.320,true,none,0.470,high_quality,false,false,diagnostic_only,both,true,none,true,diagnostic_adjacent_detected,required_light,false,false,SHORT,5,false,false,2,2025.03.10 16:30:00,2025.03.10 18:35:00,7,6.7263,190.09600000,0.00000000,190.09600000,false,false,none,0.00000000,false,0.0000,0.0000,false,1,0.0000,false,-1,0.00000000,0.0000,off,false,not_evaluated,none,0.0000,0.0000,none,false,false,false,0.0000,none,false,none,0.0000,false,none,4.8371,3.2007,1.5113,3.5256,false,no_shrink,0.0000,none,none,false,false,none,0.0000,0.0000,0.0000,0.0000,none,false,false,0.0000,0.0000,false,false,-1,none,none,false,0.000,0.000,190.03700000,189.95900000,190.03700000,failed_breakout_level,0.04700000,0.0992,session_high|opening_range_high|neckline_level,189.95900000,0.1865,false,true,true,false,not_blocked,4,3,1,m5_failure_exit,off,none,0.00000000,0.0000,1.30,190.60600000,4.500,-0.300,0.200,PERIOD_M15,190.41000000,189.29200000,0.3757,outside,0.000,true,189.99000000,189.51600000,0.47400000,190.60600000,1.300,0.16621429,38.00,0-30,true,false,none,blocked_spread_too_high,4.600,4.600,none,0.0000,false,neckline_retest_failed,false,not_invalidated,spread_too_high
2025.03.11 16:10:00,signal,session_reversal_pullback_one_symbol_first120,GBPUSD,LONG,2025.03.11 16:05:00,16,13,22,london_newyork_overlap,2025.03.11 13:00,5,first_120min,true,true,3,GBPUSD,highest_score_in_session_bar,london_newyork_overlap=USDJPY|EURJPY|GBPJPY|AUDJPY|EURUSD|GBPUSD,existing_first120_gate,london_newyork_overlap,true,false,true,passed_first_window,inverse_head_and_shoulders,neckline_break_retest,1.29316000,PERIOD_M5,PERIOD_H1,PERIOD_M15,PERIOD_M5,PERIOD_M5,false,htf_soft_alignment,current_post_filter,transcript_post_filter,dow_trend_down_ll_lh,break_above_without_higher_pullback,dow_trend_down_ll_lh,break_above_without_higher_pullback,false,true,false,LONG,PERIOD_M5,inverse_head_and_shoulders,inverse_head_and_shoulders,4.500,none,0.000,inverse_head_and_shoulders,4.500,none,0.000,LONG,true,PERIOD_H1_SHORT_dow_trend_down_ll_lh|PERIOD_M15_NONE_break_above_without_higher_pullback,true,h1_counter_m15_reversal,true,top_SHORT_dow_trend_down_ll_lh|structure_NONE_break_above_without_higher_pullback|structure_break_recent_confirmed_swing_break_retest|primary_break_recent_confirmed_swing_break_failed,none,above_75sma_rising,above_75sma_rising,above_75sma_rising,0,1.29407000,-1,0.00000000,false,off,NONE,NONE,0.00000000,0.00000000,0.0000,none,0.000,true,LONG,return_high_break_or_bos_up,1.29407000,0,1.29407000,1.29183000,false,off,independent,false,,,false,0.0000,none,0.0000,0.0000,none,0.0000,0.0000,0.0000,none,0.0000,0,0,0.0000,none,none,none,none,0.0000,0,0.0000,none,false,true,not_evaluated,true,required_light_or_anchor_flip,bias_flip_up,1.29225000,2025.03.11 12:30:00,1.29407000,2025.03.11 12:45:00,2025.03.11 14:00:00,true,LONG,1.29407000,1.29437000,0.2996,1,true,2025.03.11 15:30:00,1,LONG,1.29407000,1.29437000,0.2996,0.4893,strong,2025.03.11 15:45:00,first_after_anchor,true,LONG,1,0,1,true,false,fresh_0_4,true,false,false,true,none,true,required,true,PERIOD_M5,2025.03.11 15:35:00,2025.03.11 15:35:00,7,0.1908,true,1.29407000,0.1908,false,0.0000,true,m5_bullish_close_after_anchor_retest,retest_reconfirm,true,none,true,required_first_signal_only,LONG,unknown,0.00000000,,0.00000000,,false,,-1,false,NONE,0.00000000,,0.00000000,0.0000,0.0000,none,-1,false,false,false,insufficient_confirmed_m5_pivots,GBPUSD|LONG|1741707000|1.29407,,,false,false,false,-1,-1,-1,-1,-1,false,false,false,0.0000,range_n,true,1.29407000,1.29183000,2.2368,true,0.4893,0.5812,1,strong,true,0.2669,shallow_236_382,0.080,diagnostic_only,diagnostic_only,diagnostic_only,shallow_pullback,7,0.320,true,none,0.470,high_quality,false,false,diagnostic_only,both,true,none,true,diagnostic_adjacent_detected,required_light,false,false,SHORT,6,false,false,0,2025.03.11 14:05:00,2025.03.11 15:35:00,6,4.7254,1.29505000,0.00000000,1.29505000,false,false,none,0.00000000,false,0.0000,0.0000,false,1,0.0000,false,-1,0.00000000,0.0000,off,false,not_evaluated,none,0.0000,0.0000,none,false,false,false,0.0000,none,false,none,0.0000,false,none,4.3732,2.5975,1.6836,0.0000,true,strong_exhaustion,0.0000,none,none,false,false,none,0.0000,0.0000,0.0000,0.0000,none,false,false,0.0000,0.0000,false,false,-1,none,none,false,0.000,0.000,1.29407000,1.29324000,1.29407000,structure_confirmed_swing_high,0.00064000,0.6038,neckline_level,1.29316000,0.3962,false,true,true,false,not_blocked,8,6,2,m5_failure_exit,off,none,0.00000000,0.0000,1.30,1.29481000,4.500,-0.300,0.200,PERIOD_M15,1.29407000,1.29183000,0.2857,outside,0.000,true,1.29343000,1.29237000,0.00106000,1.29481000,1.302,0.00068143,20.00,0-30,true,false,none,not_consumed,4.950,4.950,none,0.0000,false,opposite_break_first,true,opposite_break_first,spread_too_high
2025.03.11 16:10:00,blocked,session_reversal_pullback_one_symbol_first120,GBPUSD,LONG,2025.03.11 16:05:00,16,13,22,london_newyork_overlap,2025.03.11 13:00,5,first_120min,true,true,3,GBPUSD,highest_score_in_session_bar,london_newyork_overlap=USDJPY|EURJPY|GBPJPY|AUDJPY|EURUSD|GBPUSD,existing_first120_gate,london_newyork_overlap,true,false,true,passed_first_window,inverse_head_and_shoulders,neckline_break_retest,1.29316000,PERIOD_M5,PERIOD_H1,PERIOD_M15,PERIOD_M5,PERIOD_M5,false,htf_soft_alignment,current_post_filter,transcript_post_filter,dow_trend_down_ll_lh,break_above_without_higher_pullback,dow_trend_down_ll_lh,break_above_without_higher_pullback,false,true,false,LONG,PERIOD_M5,inverse_head_and_shoulders,inverse_head_and_shoulders,4.500,none,0.000,inverse_head_and_shoulders,4.500,none,0.000,LONG,true,PERIOD_H1_SHORT_dow_trend_down_ll_lh|PERIOD_M15_NONE_break_above_without_higher_pullback,true,h1_counter_m15_reversal,true,top_SHORT_dow_trend_down_ll_lh|structure_NONE_break_above_without_higher_pullback|structure_break_recent_confirmed_swing_break_retest|primary_break_recent_confirmed_swing_break_failed,none,above_75sma_rising,above_75sma_rising,above_75sma_rising,0,1.29407000,-1,0.00000000,false,off,NONE,NONE,0.00000000,0.00000000,0.0000,none,0.000,true,LONG,return_high_break_or_bos_up,1.29407000,0,1.29407000,1.29183000,false,off,independent,false,,,false,0.0000,none,0.0000,0.0000,none,0.0000,0.0000,0.0000,none,0.0000,0,0,0.0000,none,none,none,none,0.0000,0,0.0000,none,false,true,not_evaluated,true,required_light_or_anchor_flip,bias_flip_up,1.29225000,2025.03.11 12:30:00,1.29407000,2025.03.11 12:45:00,2025.03.11 14:00:00,true,LONG,1.29407000,1.29437000,0.2996,1,true,2025.03.11 15:30:00,1,LONG,1.29407000,1.29437000,0.2996,0.4893,strong,2025.03.11 15:45:00,first_after_anchor,true,LONG,1,0,1,true,false,fresh_0_4,true,false,false,true,none,true,required,true,PERIOD_M5,2025.03.11 15:35:00,2025.03.11 15:35:00,7,0.1908,true,1.29407000,0.1908,false,0.0000,true,m5_bullish_close_after_anchor_retest,retest_reconfirm,true,none,true,required_first_signal_only,LONG,unknown,0.00000000,,0.00000000,,false,,-1,false,NONE,0.00000000,,0.00000000,0.0000,0.0000,none,-1,false,false,false,insufficient_confirmed_m5_pivots,GBPUSD|LONG|1741707000|1.29407,,,false,false,false,-1,-1,-1,-1,-1,false,false,false,0.0000,range_n,true,1.29407000,1.29183000,2.2368,true,0.4893,0.5812,1,strong,true,0.2669,shallow_236_382,0.080,diagnostic_only,diagnostic_only,diagnostic_only,shallow_pullback,7,0.320,true,none,0.470,high_quality,false,false,diagnostic_only,both,true,none,true,diagnostic_adjacent_detected,required_light,false,false,SHORT,6,false,false,0,2025.03.11 14:05:00,2025.03.11 15:35:00,6,4.7254,1.29505000,0.00000000,1.29505000,false,false,none,0.00000000,false,0.0000,0.0000,false,1,0.0000,false,-1,0.00000000,0.0000,off,false,not_evaluated,none,0.0000,0.0000,none,false,false,false,0.0000,none,false,none,0.0000,false,none,4.3732,2.5975,1.6836,0.0000,true,strong_exhaustion,0.0000,none,none,false,false,none,0.0000,0.0000,0.0000,0.0000,none,false,false,0.0000,0.0000,false,false,-1,none,none,false,0.000,0.000,1.29407000,1.29324000,1.29407000,structure_confirmed_swing_high,0.00064000,0.6038,neckline_level,1.29316000,0.3962,false,true,true,false,not_blocked,8,6,2,m5_failure_exit,off,none,0.00000000,0.0000,1.30,1.29481000,4.500,-0.300,0.200,PERIOD_M15,1.29407000,1.29183000,0.2857,outside,0.000,true,1.29343000,1.29237000,0.00106000,1.29481000,1.302,0.00068143,20.00,0-30,true,false,none,blocked_spread_too_high,4.950,4.950,none,0.0000,false,opposite_break_first,true,opposite_break_first,spread_too_high
2025.03.11 19:05:00,signal,session_reversal_pullback_one_symbol_first120,GBPJPY,LONG,2025.03.11 19:00:00,19,16,1,new_york,2025.03.11 16:00,0,first_120min,true,true,3,GBPJPY,highest_score_in_session_bar,new_york=USDJPY|EURJPY|GBPJPY|AUDJPY|EURUSD|GBPUSD,existing_first120_gate,new_york,false,false,true,passed_first_window,double_bottom,neckline_break_retest,190.72900000,PERIOD_M5,PERIOD_H1,PERIOD_M15,PERIOD_M5,PERIOD_M5,false,htf_soft_alignment,current_post_filter,transcript_post_filter,dow_trend_down_ll_lh,no_ordered_dow_wave3_break,dow_trend_down_ll_lh,no_ordered_dow_wave3_break,false,true,true,LONG,PERIOD_M5,double_bottom,double_bottom,4.200,none,0.000,double_bottom,4.200,none,0.000,LONG,true,PERIOD_H1_SHORT_dow_trend_down_ll_lh|PERIOD_M15_NONE_no_ordered_dow_wave3_break,true,h1_counter_m15_reversal,true,top_SHORT_dow_trend_down_ll_lh|structure_NONE_no_ordered_dow_wave3_break|structure_break_recent_confirmed_swing_break_retest|primary_break_recent_confirmed_swing_break_failed,none,above_75sma_rising,above_75sma_rising,below_75sma_flat_or_rising,1,191.04400000,-1,0.00000000,false,off,NONE,NONE,0.00000000,0.00000000,0.0000,none,0.000,true,LONG,return_high_break_or_bos_up,191.04400000,1,191.57800000,190.29700000,false,off,independent,false,,,false,0.0000,none,0.0000,0.0000,none,0.0000,0.0000,0.0000,none,0.0000,0,0,0.0000,none,none,none,none,0.0000,0,0.0000,none,false,true,not_evaluated,true,required_light_or_anchor_flip,short_bias,190.61500000,2025.03.11 15:00:00,191.57800000,2025.03.11 16:00:00,2025.03.11 17:30:00,false,NONE,0.00000000,0.00000000,0.0000,-1,false,,-1,NONE,0.00000000,0.00000000,0.0000,0.0000,none,,none,false,NONE,-1,-1,-1,false,false,none,false,true,false,true,none,true,required,false,PERIOD_M5,,,-1,0.0000,false,0.00000000,0.0000,false,0.0000,false,none,none,false,no_anchor_flip_in_entry_direction,true,required_first_signal_only,LONG,unknown,0.00000000,,0.00000000,,false,,-1,false,NONE,0.00000000,,0.00000000,0.0000,0.0000,none,-1,false,false,false,no_anchor_flip_in_entry_direction,,,,false,false,false,-1,-1,-1,-1,-1,false,false,false,0.0000,range_n,true,191.57800000,190.29700000,2.7861,false,0.0000,0.0000,0,none,true,0.5917,preferred_382_618,0.200,diagnostic_only,diagnostic_only,diagnostic_only,fib_pullback,5,0.440,true,none,0.590,high_quality,false,false,diagnostic_only,both,true,none,true,diagnostic_adjacent_detected,required_light,false,false,SHORT,5,false,false,2,2025.03.11 16:35:00,2025.03.11 18:40:00,4,5.8750,191.32100000,0.00000000,191.32100000,false,false,none,0.00000000,false,0.0000,0.0000,false,1,0.0000,false,-1,0.00000000,0.0000,off,false,not_evaluated,none,0.0000,0.0000,none,false,false,false,0.0000,none,false,none,0.0000,false,none,4.7407,2.9815,1.5901,2.8935,false,no_shrink,0.0000,none,none,false,false,none,0.0000,0.0000,0.0000,0.0000,none,false,false,0.0000,0.0000,false,false,-1,none,none,false,0.000,0.000,190.91700000,190.77100000,190.91700000,wick_cluster_zone,0.09700000,0.2293,neckline_level,190.72900000,0.4213,false,true,true,false,not_blocked,10,5,5,m5_failure_exit,off,none,0.00000000,0.0000,1.30,191.37000000,4.200,-0.300,0.200,PERIOD_M15,191.57800000,190.29700000,0.5917,preferred_382_618,0.000,true,190.82000000,190.39700000,0.42300000,191.37000000,1.300,0.21600000,38.00,0-30,true,false,none,not_consumed,4.650,4.650,none,0.0000,false,neckline_retest_failed,false,not_invalidated,
2025.03.11 19:05:00,order_sent,session_reversal_pullback_one_symbol_first120,GBPJPY,LONG,2025.03.11 19:00:00,19,16,1,new_york,2025.03.11 16:00,0,first_120min,true,true,3,GBPJPY,highest_score_in_session_bar,new_york=USDJPY|EURJPY|GBPJPY|AUDJPY|EURUSD|GBPUSD,existing_first120_gate,new_york,false,false,true,passed_first_window,double_bottom,neckline_break_retest,190.72900000,PERIOD_M5,PERIOD_H1,PERIOD_M15,PERIOD_M5,PERIOD_M5,false,htf_soft_alignment,current_post_filter,transcript_post_filter,dow_trend_down_ll_lh,no_ordered_dow_wave3_break,dow_trend_down_ll_lh,no_ordered_dow_wave3_break,false,true,true,LONG,PERIOD_M5,double_bottom,double_bottom,4.200,none,0.000,double_bottom,4.200,none,0.000,LONG,true,PERIOD_H1_SHORT_dow_trend_down_ll_lh|PERIOD_M15_NONE_no_ordered_dow_wave3_break,true,h1_counter_m15_reversal,true,top_SHORT_dow_trend_down_ll_lh|structure_NONE_no_ordered_dow_wave3_break|structure_break_recent_confirmed_swing_break_retest|primary_break_recent_confirmed_swing_break_failed,none,above_75sma_rising,above_75sma_rising,below_75sma_flat_or_rising,1,191.04400000,-1,0.00000000,false,off,NONE,NONE,0.00000000,0.00000000,0.0000,none,0.000,true,LONG,return_high_break_or_bos_up,191.04400000,1,191.57800000,190.29700000,false,off,independent,false,,,false,0.0000,none,0.0000,0.0000,none,0.0000,0.0000,0.0000,none,0.0000,0,0,0.0000,none,none,none,none,0.0000,0,0.0000,none,false,true,not_evaluated,true,required_light_or_anchor_flip,short_bias,190.61500000,2025.03.11 15:00:00,191.57800000,2025.03.11 16:00:00,2025.03.11 17:30:00,false,NONE,0.00000000,0.00000000,0.0000,-1,false,,-1,NONE,0.00000000,0.00000000,0.0000,0.0000,none,,none,false,NONE,-1,-1,-1,false,false,none,false,true,false,true,none,true,required,false,PERIOD_M5,,,-1,0.0000,false,0.00000000,0.0000,false,0.0000,false,none,none,false,no_anchor_flip_in_entry_direction,true,required_first_signal_only,LONG,unknown,0.00000000,,0.00000000,,false,,-1,false,NONE,0.00000000,,0.00000000,0.0000,0.0000,none,-1,false,false,false,no_anchor_flip_in_entry_direction,,,,false,false,false,-1,-1,-1,-1,-1,false,false,false,0.0000,range_n,true,191.57800000,190.29700000,2.7861,false,0.0000,0.0000,0,none,true,0.5917,preferred_382_618,0.200,diagnostic_only,diagnostic_only,diagnostic_only,fib_pullback,5,0.440,true,none,0.590,high_quality,false,false,diagnostic_only,both,true,none,true,diagnostic_adjacent_detected,required_light,false,false,SHORT,5,false,false,2,2025.03.11 16:35:00,2025.03.11 18:40:00,4,5.8750,191.32100000,0.00000000,191.32100000,false,false,none,0.00000000,false,0.0000,0.0000,false,1,0.0000,false,-1,0.00000000,0.0000,off,false,not_evaluated,none,0.0000,0.0000,none,false,false,false,0.0000,none,false,none,0.0000,false,none,4.7407,2.9815,1.5901,2.8935,false,no_shrink,0.0000,none,none,false,false,none,0.0000,0.0000,0.0000,0.0000,none,false,false,0.0000,0.0000,false,false,-1,none,none,false,0.000,0.000,190.91700000,190.77100000,190.91700000,wick_cluster_zone,0.09700000,0.2293,neckline_level,190.72900000,0.4213,false,true,true,false,not_blocked,10,5,5,m5_failure_exit,off,none,0.00000000,0.0000,1.30,191.37000000,4.200,-0.300,0.200,PERIOD_M15,191.57800000,190.29700000,0.5917,preferred_382_618,0.000,true,190.82000000,190.39700000,0.42300000,191.37000000,1.300,0.21600000,38.00,0-30,true,false,none,order_sent,4.650,4.650,none,0.0000,false,neckline_retest_failed,false,not_invalidated,
2025.03.12 10:45:00,signal,session_reversal_pullback_one_symbol_first120,EURUSD,SHORT,2025.03.12 10:40:00,10,7,16,london,2025.03.12 07:00,40,first_120min,true,true,3,EURUSD,highest_score_in_session_bar,london=USDJPY|EURJPY|GBPJPY|AUDJPY|EURUSD|GBPUSD,existing_first120_gate,london,true,false,true,passed_first_window,head_and_shoulders,neckline_break_retest,1.08999000,PERIOD_M5,PERIOD_H1,PERIOD_M15,PERIOD_M5,PERIOD_M5,false,htf_soft_alignment,current_post_filter,transcript_post_filter,dow_trend_up_hh_hl,structure_trend_bias_dow_trend_up_hh_hl,dow_trend_up_hh_hl,structure_trend_bias_dow_trend_up_hh_hl,false,true,true,SHORT,PERIOD_M5,head_and_shoulders,head_and_shoulders,4.500,none,0.000,head_and_shoulders,4.500,none,0.000,SHORT,false,PERIOD_H1_LONG_dow_trend_up_hh_hl|PERIOD_M15_LONG_structure_trend_bias_dow_trend_up_hh_hl,true,h1_counter_m15_reversal,true,top_LONG_dow_trend_up_hh_hl|structure_LONG_structure_trend_bias_dow_trend_up_hh_hl|structure_break_recent_confirmed_swing_break_failed|primary_break_recent_confirmed_swing_break_failed,none,above_75sma_rising,below_75sma_falling,below_75sma_falling,-1,0.00000000,-1,0.00000000,false,off,NONE,NONE,0.00000000,0.00000000,0.0000,none,0.000,true,SHORT,return_low_break_or_bos_down,1.08944000,1,1.09080000,1.08944000,false,off,independent,false,,,false,0.0000,none,0.0000,0.0000,none,0.0000,0.0000,0.0000,none,0.0000,0,0,0.0000,none,none,none,none,0.0000,0,0.0000,none,false,true,not_evaluated,true,required_light_or_anchor_flip,bias_flip_down,1.08944000,2025.03.12 08:00:00,1.09019000,2025.03.12 07:45:00,2025.03.12 09:00:00,true,SHORT,1.08944000,1.08914000,0.4959,3,true,2025.03.12 09:45:00,3,SHORT,1.08944000,1.08914000,0.4959,1.5372,normal,2025.03.12 10:15:00,first_after_anchor,true,SHORT,3,1,3,true,false,fresh_0_4,true,false,false,true,none,true,required,true,PERIOD_M5,2025.03.12 09:50:00,2025.03.12 09:55:00,11,0.4673,true,1.08944000,0.4673,true,0.1168,true,m5_bos_down_after_anchor_retest,failed_close_back_inside,false,post_anchor_close_back_inside,true,required_first_signal_only,SHORT,unknown,0.00000000,,0.00000000,,false,,-1,false,NONE,0.00000000,,0.00000000,0.0000,0.0000,none,-1,false,false,false,insufficient_confirmed_m5_pivots,EURUSD|SHORT|1741772700|1.08944,,,false,false,false,-1,-1,-1,-1,-1,false,false,false,0.0000,rising_n,false,1.09146000,1.08944000,3.3388,true,1.5372,0.1058,0,normal,true,0.4301,preferred_382_618,0.200,diagnostic_only,diagnostic_only,diagnostic_only,fib_pullback,6,0.440,true,none,0.590,high_quality,false,false,diagnostic_only,both,true,none,true,diagnostic_adjacent_detected,required_light,false,false,LONG,4,false,false,1,2025.03.12 07:50:00,2025.03.12 10:05:00,7,4.1474,0.00000000,1.08867000,1.08867000,false,false,none,0.00000000,false,0.0000,0.0000,false,1,0.0000,false,-1,0.00000000,0.0000,off,false,not_evaluated,none,0.0000,0.0000,none,false,false,false,0.0000,none,false,none,0.0000,false,none,4.1474,1.4604,2.8400,1.1878,false,no_shrink,0.0000,none,none,false,false,none,0.0000,0.0000,0.0000,0.0000,none,false,false,0.0000,0.0000,false,false,-1,none,none,false,0.000,0.000,1.08999000,1.08979917,1.08979917,recent_equal_highs,0.00007083,0.1181,neckline_level,1.08999000,0.2337,false,true,true,false,not_blocked,8,3,5,m5_failure_exit,off,none,0.00000000,0.0000,1.30,1.08909000,4.500,-0.300,0.200,PERIOD_M15,1.09080000,1.08944000,0.3162,outside,0.000,true,1.08987000,1.09047000,0.00060000,1.08909000,1.300,0.00051357,18.00,30-60,true,false,none,not_consumed,4.600,4.600,none,0.0000,false,opposite_break_first,true,opposite_break_first,spread_too_high
2025.03.12 10:45:00,blocked,session_reversal_pullback_one_symbol_first120,EURUSD,SHORT,2025.03.12 10:40:00,10,7,16,london,2025.03.12 07:00,40,first_120min,true,true,3,EURUSD,highest_score_in_session_bar,london=USDJPY|EURJPY|GBPJPY|AUDJPY|EURUSD|GBPUSD,existing_first120_gate,london,true,false,true,passed_first_window,head_and_shoulders,neckline_break_retest,1.08999000,PERIOD_M5,PERIOD_H1,PERIOD_M15,PERIOD_M5,PERIOD_M5,false,htf_soft_alignment,current_post_filter,transcript_post_filter,dow_trend_up_hh_hl,structure_trend_bias_dow_trend_up_hh_hl,dow_trend_up_hh_hl,structure_trend_bias_dow_trend_up_hh_hl,false,true,true,SHORT,PERIOD_M5,head_and_shoulders,head_and_shoulders,4.500,none,0.000,head_and_shoulders,4.500,none,0.000,SHORT,false,PERIOD_H1_LONG_dow_trend_up_hh_hl|PERIOD_M15_LONG_structure_trend_bias_dow_trend_up_hh_hl,true,h1_counter_m15_reversal,true,top_LONG_dow_trend_up_hh_hl|structure_LONG_structure_trend_bias_dow_trend_up_hh_hl|structure_break_recent_confirmed_swing_break_failed|primary_break_recent_confirmed_swing_break_failed,none,above_75sma_rising,below_75sma_falling,below_75sma_falling,-1,0.00000000,-1,0.00000000,false,off,NONE,NONE,0.00000000,0.00000000,0.0000,none,0.000,true,SHORT,return_low_break_or_bos_down,1.08944000,1,1.09080000,1.08944000,false,off,independent,false,,,false,0.0000,none,0.0000,0.0000,none,0.0000,0.0000,0.0000,none,0.0000,0,0,0.0000,none,none,none,none,0.0000,0,0.0000,none,false,true,not_evaluated,true,required_light_or_anchor_flip,bias_flip_down,1.08944000,2025.03.12 08:00:00,1.09019000,2025.03.12 07:45:00,2025.03.12 09:00:00,true,SHORT,1.08944000,1.08914000,0.4959,3,true,2025.03.12 09:45:00,3,SHORT,1.08944000,1.08914000,0.4959,1.5372,normal,2025.03.12 10:15:00,first_after_anchor,true,SHORT,3,1,3,true,false,fresh_0_4,true,false,false,true,none,true,required,true,PERIOD_M5,2025.03.12 09:50:00,2025.03.12 09:55:00,11,0.4673,true,1.08944000,0.4673,true,0.1168,true,m5_bos_down_after_anchor_retest,failed_close_back_inside,false,post_anchor_close_back_inside,true,required_first_signal_only,SHORT,unknown,0.00000000,,0.00000000,,false,,-1,false,NONE,0.00000000,,0.00000000,0.0000,0.0000,none,-1,false,false,false,insufficient_confirmed_m5_pivots,EURUSD|SHORT|1741772700|1.08944,,,false,false,false,-1,-1,-1,-1,-1,false,false,false,0.0000,rising_n,false,1.09146000,1.08944000,3.3388,true,1.5372,0.1058,0,normal,true,0.4301,preferred_382_618,0.200,diagnostic_only,diagnostic_only,diagnostic_only,fib_pullback,6,0.440,true,none,0.590,high_quality,false,false,diagnostic_only,both,true,none,true,diagnostic_adjacent_detected,required_light,false,false,LONG,4,false,false,1,2025.03.12 07:50:00,2025.03.12 10:05:00,7,4.1474,0.00000000,1.08867000,1.08867000,false,false,none,0.00000000,false,0.0000,0.0000,false,1,0.0000,false,-1,0.00000000,0.0000,off,false,not_evaluated,none,0.0000,0.0000,none,false,false,false,0.0000,none,false,none,0.0000,false,none,4.1474,1.4604,2.8400,1.1878,false,no_shrink,0.0000,none,none,false,false,none,0.0000,0.0000,0.0000,0.0000,none,false,false,0.0000,0.0000,false,false,-1,none,none,false,0.000,0.000,1.08999000,1.08979917,1.08979917,recent_equal_highs,0.00007083,0.1181,neckline_level,1.08999000,0.2337,false,true,true,false,not_blocked,8,3,5,m5_failure_exit,off,none,0.00000000,0.0000,1.30,1.08909000,4.500,-0.300,0.200,PERIOD_M15,1.09080000,1.08944000,0.3162,outside,0.000,true,1.08987000,1.09047000,0.00060000,1.08909000,1.300,0.00051357,18.00,30-60,true,false,none,blocked_spread_too_high,4.600,4.600,none,0.0000,false,opposite_break_first,true,opposite_break_first,spread_too_high
2025.03.12 16:50:00,signal,session_reversal_pullback_one_symbol_first120,GBPUSD,SHORT,2025.03.12 16:45:00,16,13,22,london_newyork_overlap,2025.03.12 13:00,45,first_120min,true,true,3,GBPUSD,highest_score_in_session_bar,london_newyork_overlap=USDJPY|EURJPY|GBPJPY|AUDJPY|EURUSD|GBPUSD,existing_first120_gate,london_newyork_overlap,false,false,true,passed_first_window,double_top,neckline_break_retest,1.29457000,PERIOD_M5,PERIOD_H1,PERIOD_M15,PERIOD_M5,PERIOD_M5,false,htf_soft_alignment,current_post_filter,transcript_post_filter,dow_trend_up_hh_hl,structure_trend_bias_dow_trend_up_hh_hl,dow_trend_up_hh_hl,structure_trend_bias_dow_trend_up_hh_hl,false,false,true,SHORT,PERIOD_M5,double_top,double_top,4.200,none,0.000,double_top,4.200,none,0.000,SHORT,false,PERIOD_H1_LONG_dow_trend_up_hh_hl|PERIOD_M15_LONG_structure_trend_bias_dow_trend_up_hh_hl,true,h1_counter_m15_reversal,true,top_LONG_dow_trend_up_hh_hl|structure_LONG_structure_trend_bias_dow_trend_up_hh_hl|structure_break_recent_confirmed_swing_break_failed|primary_break_recent_confirmed_swing_break_retest,none,above_75sma_rising,above_75sma_flat_or_falling,below_75sma_flat_or_rising,-1,0.00000000,0,1.29377000,false,off,NONE,NONE,0.00000000,0.00000000,0.0000,none,0.000,true,SHORT,return_low_break_or_bos_down,1.29304000,21,1.29873000,1.29171000,false,off,independent,false,,,false,0.0000,none,0.0000,0.0000,none,0.0000,0.0000,0.0000,none,0.0000,0,0,0.0000,none,none,none,none,0.0000,0,0.0000,none,false,true,not_evaluated,true,required_light_or_anchor_flip,long_bias,1.29400000,2025.03.12 14:45:00,1.29873000,2025.03.12 15:30:00,2025.03.12 15:30:00,false,NONE,0.00000000,0.00000000,0.0000,-1,false,,-1,NONE,0.00000000,0.00000000,0.0000,0.0000,none,,none,false,NONE,-1,-1,-1,false,false,none,false,true,false,true,none,true,required,false,PERIOD_M5,,,-1,0.0000,false,0.00000000,0.0000,false,0.0000,false,none,none,false,no_anchor_flip_in_entry_direction,true,required_first_signal_only,SHORT,unknown,0.00000000,,0.00000000,,false,,-1,false,NONE,0.00000000,,0.00000000,0.0000,0.0000,none,-1,false,false,false,no_anchor_flip_in_entry_direction,,,,false,false,false,-1,-1,-1,-1,-1,false,false,false,0.0000,range_n,true,1.29873000,1.29288000,3.8669,false,0.0000,0.0000,0,none,true,0.2593,shallow_236_382,0.080,diagnostic_only,diagnostic_only,diagnostic_only,shallow_pullback,24,0.280,true,none,0.430,high_quality,false,false,diagnostic_only,both,true,none,true,diagnostic_adjacent_detected,required_light,false,false,LONG,6,false,false,0,2025.03.12 14:55:00,2025.03.12 16:25:00,4,5.3252,0.00000000,1.29377000,1.29377000,true,true,m5_hl_close_break_down,1.29377000,true,0.2469,0.4939,true,1,0.0000,false,0,1.29377000,0.7945,off,false,not_evaluated,none,0.9700,0.0000,strong,false,false,false,0.0000,no_following_closed_bar,false,none,0.0000,false,no_retest,1.8144,5.0782,0.3573,0.0000,true,strong_exhaustion,0.0000,none,none,false,false,none,0.0000,0.0000,0.0000,0.0000,none,false,false,0.0000,0.0000,false,false,-1,none,none,false,0.000,0.000,1.29354000,1.29127000,1.29127000,current_day_low,0.00226000,1.2486,session_low|opening_range_low|neckline_level,1.29354000,0.0107,false,true,true,false,not_blocked,2,1,1,m5_failure_exit,off,none,0.00000000,0.0000,1.30,1.29118000,4.200,0.150,0.200,PERIOD_M15,1.29873000,1.29377000,-0.0484,outside,0.000,true,1.29353000,1.29534000,0.00181000,1.29118000,1.298,0.00093143,20.00,30-60,true,false,none,not_consumed,4.950,4.950,none,0.0000,false,opposite_break_first,true,opposite_break_first,spread_too_high
2025.03.12 16:50:00,blocked,session_reversal_pullback_one_symbol_first120,GBPUSD,SHORT,2025.03.12 16:45:00,16,13,22,london_newyork_overlap,2025.03.12 13:00,45,first_120min,true,true,3,GBPUSD,highest_score_in_session_bar,london_newyork_overlap=USDJPY|EURJPY|GBPJPY|AUDJPY|EURUSD|GBPUSD,existing_first120_gate,london_newyork_overlap,false,false,true,passed_first_window,double_top,neckline_break_retest,1.29457000,PERIOD_M5,PERIOD_H1,PERIOD_M15,PERIOD_M5,PERIOD_M5,false,htf_soft_alignment,current_post_filter,transcript_post_filter,dow_trend_up_hh_hl,structure_trend_bias_dow_trend_up_hh_hl,dow_trend_up_hh_hl,structure_trend_bias_dow_trend_up_hh_hl,false,false,true,SHORT,PERIOD_M5,double_top,double_top,4.200,none,0.000,double_top,4.200,none,0.000,SHORT,false,PERIOD_H1_LONG_dow_trend_up_hh_hl|PERIOD_M15_LONG_structure_trend_bias_dow_trend_up_hh_hl,true,h1_counter_m15_reversal,true,top_LONG_dow_trend_up_hh_hl|structure_LONG_structure_trend_bias_dow_trend_up_hh_hl|structure_break_recent_confirmed_swing_break_failed|primary_break_recent_confirmed_swing_break_retest,none,above_75sma_rising,above_75sma_flat_or_falling,below_75sma_flat_or_rising,-1,0.00000000,0,1.29377000,false,off,NONE,NONE,0.00000000,0.00000000,0.0000,none,0.000,true,SHORT,return_low_break_or_bos_down,1.29304000,21,1.29873000,1.29171000,false,off,independent,false,,,false,0.0000,none,0.0000,0.0000,none,0.0000,0.0000,0.0000,none,0.0000,0,0,0.0000,none,none,none,none,0.0000,0,0.0000,none,false,true,not_evaluated,true,required_light_or_anchor_flip,long_bias,1.29400000,2025.03.12 14:45:00,1.29873000,2025.03.12 15:30:00,2025.03.12 15:30:00,false,NONE,0.00000000,0.00000000,0.0000,-1,false,,-1,NONE,0.00000000,0.00000000,0.0000,0.0000,none,,none,false,NONE,-1,-1,-1,false,false,none,false,true,false,true,none,true,required,false,PERIOD_M5,,,-1,0.0000,false,0.00000000,0.0000,false,0.0000,false,none,none,false,no_anchor_flip_in_entry_direction,true,required_first_signal_only,SHORT,unknown,0.00000000,,0.00000000,,false,,-1,false,NONE,0.00000000,,0.00000000,0.0000,0.0000,none,-1,false,false,false,no_anchor_flip_in_entry_direction,,,,false,false,false,-1,-1,-1,-1,-1,false,false,false,0.0000,range_n,true,1.29873000,1.29288000,3.8669,false,0.0000,0.0000,0,none,true,0.2593,shallow_236_382,0.080,diagnostic_only,diagnostic_only,diagnostic_only,shallow_pullback,24,0.280,true,none,0.430,high_quality,false,false,diagnostic_only,both,true,none,true,diagnostic_adjacent_detected,required_light,false,false,LONG,6,false,false,0,2025.03.12 14:55:00,2025.03.12 16:25:00,4,5.3252,0.00000000,1.29377000,1.29377000,true,true,m5_hl_close_break_down,1.29377000,true,0.2469,0.4939,true,1,0.0000,false,0,1.29377000,0.7945,off,false,not_evaluated,none,0.9700,0.0000,strong,false,false,false,0.0000,no_following_closed_bar,false,none,0.0000,false,no_retest,1.8144,5.0782,0.3573,0.0000,true,strong_exhaustion,0.0000,none,none,false,false,none,0.0000,0.0000,0.0000,0.0000,none,false,false,0.0000,0.0000,false,false,-1,none,none,false,0.000,0.000,1.29354000,1.29127000,1.29127000,current_day_low,0.00226000,1.2486,session_low|opening_range_low|neckline_level,1.29354000,0.0107,false,true,true,false,not_blocked,2,1,1,m5_failure_exit,off,none,0.00000000,0.0000,1.30,1.29118000,4.200,0.150,0.200,PERIOD_M15,1.29873000,1.29377000,-0.0484,outside,0.000,true,1.29353000,1.29534000,0.00181000,1.29118000,1.298,0.00093143,20.00,30-60,true,false,none,blocked_spread_too_high,4.950,4.950,none,0.0000,false,opposite_break_first,true,opposite_break_first,spread_too_high
2025.03.12 19:20:00,signal,session_reversal_pullback_one_symbol_first120,USDJPY,LONG,2025.03.12 19:15:00,19,16,1,new_york,2025.03.12 16:00,15,first_120min,true,true,3,USDJPY,highest_score_in_session_bar,new_york=USDJPY|EURJPY|GBPJPY|AUDJPY|EURUSD|GBPUSD,existing_first120_gate,new_york,false,false,true,passed_first_window,double_bottom,neckline_break_retest,148.36100000,PERIOD_M5,PERIOD_H1,PERIOD_M15,PERIOD_M5,PERIOD_M5,false,htf_soft_alignment,current_post_filter,transcript_post_filter,dow_range_or_transition,structure_trend_bias_dow_trend_up_hh_hl,dow_range_or_transition,structure_trend_bias_dow_trend_up_hh_hl,false,true,false,LONG,PERIOD_M5,double_bottom,double_bottom,4.200,none,0.000,double_bottom,4.200,none,0.000,LONG,false,PERIOD_H1_NONE_dow_range_or_transition|PERIOD_M15_LONG_structure_trend_bias_dow_trend_up_hh_hl,true,h1_counter_m15_reversal,true,top_NONE_dow_range_or_transition|structure_LONG_structure_trend_bias_dow_trend_up_hh_hl|structure_break_recent_confirmed_swing_break_failed|primary_break_no_recent_confirmed_swing_break,none,above_75sma_rising,above_75sma_rising,below_75sma_falling,-1,0.00000000,-1,0.00000000,false,off,NONE,NONE,0.00000000,0.00000000,0.0000,none,0.000,true,LONG,return_high_break_or_bos_up,148.76200000,10,149.18300000,148.20000000,false,off,independent,false,,,false,0.0000,none,0.0000,0.0000,none,0.0000,0.0000,0.0000,none,0.0000,0,0,0.0000,none,none,none,none,0.0000,0,0.0000,none,false,true,not_evaluated,true,required_light_or_anchor_flip,long_bias,148.13500000,2025.03.12 15:30:00,148.76200000,2025.03.12 13:45:00,2025.03.12 15:45:00,false,NONE,0.00000000,0.00000000,0.0000,-1,false,,-1,NONE,0.00000000,0.00000000,0.0000,0.0000,none,,none,false,NONE,-1,-1,-1,false,false,none,true,false,false,true,none,true,required,false,PERIOD_M5,,,-1,0.0000,false,0.00000000,0.0000,false,0.0000,false,none,none,false,no_anchor_flip_in_entry_direction,true,required_first_signal_only,LONG,unknown,0.00000000,,0.00000000,,false,,-1,false,NONE,0.00000000,,0.00000000,0.0000,0.0000,none,-1,false,false,false,no_anchor_flip_in_entry_direction,,,,false,false,false,-1,-1,-1,-1,-1,false,false,false,0.0000,rising_n,false,149.18300000,148.13500000,4.9736,false,0.0000,0.0000,0,none,true,0.7443,deep_618_786,0.120,diagnostic_only,diagnostic_only,diagnostic_only,deep_pullback,4,0.410,true,none,0.560,high_quality,false,false,diagnostic_only,both,true,none,true,diagnostic_adjacent_detected,required_light,false,false,SHORT,4,false,false,2,2025.03.12 16:20:00,2025.03.12 18:35:00,8,10.8176,148.43600000,0.00000000,148.43600000,false,false,none,0.00000000,false,0.0000,0.0000,false,1,0.0000,false,-1,0.00000000,0.0000,off,false,not_evaluated,none,0.0000,0.0000,none,false,false,false,0.0000,none,false,none,0.0000,false,none,3.0284,3.4134,0.8872,7.4042,false,mild_exhaustion,0.0000,none,none,false,false,none,0.0000,0.0000,0.0000,0.0000,none,false,false,0.0000,0.0000,false,false,-1,none,none,false,0.000,0.000,148.40400000,148.39536364,148.43600000,pre_session_high,0.03300000,0.2519,session_high|opening_range_high|neckline_level,148.40400000,0.0128,false,true,true,false,not_blocked,2,1,1,m5_failure_exit,off,none,0.00000000,0.0000,1.30,148.57300000,4.200,-0.300,0.200,PERIOD_M15,149.18300000,148.20000000,0.7935,outside,0.000,true,148.40300000,148.27200000,0.13100000,148.57300000,1.298,0.07792857,18.00,0-30,true,false,none,not_consumed,4.300,4.300,none,0.0000,false,neckline_retest_failed,false,not_invalidated,spread_too_high
2025.03.12 19:20:00,blocked,session_reversal_pullback_one_symbol_first120,USDJPY,LONG,2025.03.12 19:15:00,19,16,1,new_york,2025.03.12 16:00,15,first_120min,true,true,3,USDJPY,highest_score_in_session_bar,new_york=USDJPY|EURJPY|GBPJPY|AUDJPY|EURUSD|GBPUSD,existing_first120_gate,new_york,false,false,true,passed_first_window,double_bottom,neckline_break_retest,148.36100000,PERIOD_M5,PERIOD_H1,PERIOD_M15,PERIOD_M5,PERIOD_M5,false,htf_soft_alignment,current_post_filter,transcript_post_filter,dow_range_or_transition,structure_trend_bias_dow_trend_up_hh_hl,dow_range_or_transition,structure_trend_bias_dow_trend_up_hh_hl,false,true,false,LONG,PERIOD_M5,double_bottom,double_bottom,4.200,none,0.000,double_bottom,4.200,none,0.000,LONG,false,PERIOD_H1_NONE_dow_range_or_transition|PERIOD_M15_LONG_structure_trend_bias_dow_trend_up_hh_hl,true,h1_counter_m15_reversal,true,top_NONE_dow_range_or_transition|structure_LONG_structure_trend_bias_dow_trend_up_hh_hl|structure_break_recent_confirmed_swing_break_failed|primary_break_no_recent_confirmed_swing_break,none,above_75sma_rising,above_75sma_rising,below_75sma_falling,-1,0.00000000,-1,0.00000000,false,off,NONE,NONE,0.00000000,0.00000000,0.0000,none,0.000,true,LONG,return_high_break_or_bos_up,148.76200000,10,149.18300000,148.20000000,false,off,independent,false,,,false,0.0000,none,0.0000,0.0000,none,0.0000,0.0000,0.0000,none,0.0000,0,0,0.0000,none,none,none,none,0.0000,0,0.0000,none,false,true,not_evaluated,true,required_light_or_anchor_flip,long_bias,148.13500000,2025.03.12 15:30:00,148.76200000,2025.03.12 13:45:00,2025.03.12 15:45:00,false,NONE,0.00000000,0.00000000,0.0000,-1,false,,-1,NONE,0.00000000,0.00000000,0.0000,0.0000,none,,none,false,NONE,-1,-1,-1,false,false,none,true,false,false,true,none,true,required,false,PERIOD_M5,,,-1,0.0000,false,0.00000000,0.0000,false,0.0000,false,none,none,false,no_anchor_flip_in_entry_direction,true,required_first_signal_only,LONG,unknown,0.00000000,,0.00000000,,false,,-1,false,NONE,0.00000000,,0.00000000,0.0000,0.0000,none,-1,false,false,false,no_anchor_flip_in_entry_direction,,,,false,false,false,-1,-1,-1,-1,-1,false,false,false,0.0000,rising_n,false,149.18300000,148.13500000,4.9736,false,0.0000,0.0000,0,none,true,0.7443,deep_618_786,0.120,diagnostic_only,diagnostic_only,diagnostic_only,deep_pullback,4,0.410,true,none,0.560,high_quality,false,false,diagnostic_only,both,true,none,true,diagnostic_adjacent_detected,required_light,false,false,SHORT,4,false,false,2,2025.03.12 16:20:00,2025.03.12 18:35:00,8,10.8176,148.43600000,0.00000000,148.43600000,false,false,none,0.00000000,false,0.0000,0.0000,false,1,0.0000,false,-1,0.00000000,0.0000,off,false,not_evaluated,none,0.0000,0.0000,none,false,false,false,0.0000,none,false,none,0.0000,false,none,3.0284,3.4134,0.8872,7.4042,false,mild_exhaustion,0.0000,none,none,false,false,none,0.0000,0.0000,0.0000,0.0000,none,false,false,0.0000,0.0000,false,false,-1,none,none,false,0.000,0.000,148.40400000,148.39536364,148.43600000,pre_session_high,0.03300000,0.2519,session_high|opening_range_high|neckline_level,148.40400000,0.0128,false,true,true,false,not_blocked,2,1,1,m5_failure_exit,off,none,0.00000000,0.0000,1.30,148.57300000,4.200,-0.300,0.200,PERIOD_M15,149.18300000,148.20000000,0.7935,outside,0.000,true,148.40300000,148.27200000,0.13100000,148.57300000,1.298,0.07792857,18.00,0-30,true,false,none,blocked_spread_too_high,4.300,4.300,none,0.0000,false,neckline_retest_failed,false,not_invalidated,spread_too_high
2025.03.13 04:15:00,signal,session_reversal_pullback_one_symbol_first120,USDJPY,SHORT,2025.03.13 04:10:00,4,1,10,tokyo,2025.03.13 00:00,70,first_120min,false,true,3,USDJPY,highest_score_in_session_bar,tokyo=USDJPY|EURJPY|GBPJPY|AUDJPY,existing_first120_gate,tokyo,true,false,true,passed_first_window,head_and_shoulders,neckline_break_retest,148.26100000,PERIOD_M5,PERIOD_H1,PERIOD_M15,PERIOD_M5,PERIOD_M5,false,htf_soft_alignment,current_post_filter,transcript_post_filter,dow_trend_up_hh_hl,no_ordered_dow_wave3_break,dow_trend_up_hh_hl,no_ordered_dow_wave3_break,false,false,true,SHORT,PERIOD_M5,head_and_shoulders,head_and_shoulders,4.500,none,0.000,head_and_shoulders,4.500,none,0.000,SHORT,false,PERIOD_H1_LONG_dow_trend_up_hh_hl|PERIOD_M15_NONE_no_ordered_dow_wave3_break,true,h1_counter_m15_reversal,true,top_LONG_dow_trend_up_hh_hl|structure_NONE_no_ordered_dow_wave3_break|structure_break_recent_confirmed_swing_break_failed|primary_break_recent_confirmed_swing_break_retest,none,above_75sma_rising,below_75sma_flat_or_rising,below_75sma_falling,-1,0.00000000,0,148.26100000,false,off,NONE,NONE,0.00000000,0.00000000,0.0000,none,0.000,true,SHORT,return_low_break_or_bos_down,148.17300000,1,148.36600000,148.08700000,false,off,independent,false,,,false,0.0000,none,0.0000,0.0000,none,0.0000,0.0000,0.0000,none,0.0000,0,0,0.0000,none,none,none,none,0.0000,0,0.0000,none,false,true,not_evaluated,true,required_light_or_anchor_flip,long_bias,148.08700000,2025.03.13 02:15:00,148.28900000,2025.03.13 01:00:00,2025.03.13 03:00:00,false,NONE,0.00000000,0.00000000,0.0000,-1,false,,-1,NONE,0.00000000,0.00000000,0.0000,0.0000,none,,none,false,NONE,-1,-1,-1,false,false,none,false,true,false,true,none,true,required,false,PERIOD_M5,,,-1,0.0000,false,0.00000000,0.0000,false,0.0000,false,none,none,false,no_anchor_flip_in_entry_direction,true,required_first_signal_only,SHORT,unknown,0.00000000,,0.00000000,,false,,-1,false,NONE,0.00000000,,0.00000000,0.0000,0.0000,none,-1,false,false,false,no_anchor_flip_in_entry_direction,,,,false,false,false,-1,-1,-1,-1,-1,false,false,false,0.0000,range_n,true,148.37300000,148.08700000,2.6981,false,0.0000,0.0000,0,none,true,0.5524,preferred_382_618,0.200,diagnostic_only,diagnostic_only,diagnostic_only,shallow_pullback,4,0.440,true,none,0.590,high_quality,false,false,diagnostic_only,both,true,none,true,diagnostic_adjacent_detected,required_light,false,false,LONG,4,false,false,2,2025.03.13 01:10:00,2025.03.13 03:20:00,10,3.8597,0.00000000,148.26100000,148.26100000,true,true,m5_hl_close_break_down,148.26100000,true,0.5534,0.6087,true,1,0.0000,true,4,148.26100000,0.0553,off,false,not_evaluated,none,0.6712,0.3288,strong,true,false,false,0.0000,held_clean,true,favorable_side,0.2187,false,clean_retest,1.4526,2.7945,0.5198,1.0652,false,mild_exhaustion,0.0000,none,none,false,false,none,0.0000,0.0000,0.0000,0.0000,none,false,false,0.0000,0.0000,false,false,-1,none,none,false,0.000,0.000,148.26100000,148.22500000,148.18033333,recent_equal_highs,0.06466667,0.5527,opening_range_low|neckline_level,148.26100000,0.2213,false,true,true,false,not_blocked,6,2,4,m5_failure_exit,off,none,0.00000000,0.0000,1.30,148.09300000,4.500,-0.300,0.200,PERIOD_M15,148.36600000,148.08700000,0.5663,preferred_382_618,0.000,true,148.24500000,148.36200000,0.11700000,148.09300000,1.299,0.07228571,16.00,60-90,true,false,none,not_consumed,4.800,4.800,none,0.0000,false,opposite_break_first,true,opposite_break_first,spread_too_high
2025.03.13 04:15:00,blocked,session_reversal_pullback_one_symbol_first120,USDJPY,SHORT,2025.03.13 04:10:00,4,1,10,tokyo,2025.03.13 00:00,70,first_120min,false,true,3,USDJPY,highest_score_in_session_bar,tokyo=USDJPY|EURJPY|GBPJPY|AUDJPY,existing_first120_gate,tokyo,true,false,true,passed_first_window,head_and_shoulders,neckline_break_retest,148.26100000,PERIOD_M5,PERIOD_H1,PERIOD_M15,PERIOD_M5,PERIOD_M5,false,htf_soft_alignment,current_post_filter,transcript_post_filter,dow_trend_up_hh_hl,no_ordered_dow_wave3_break,dow_trend_up_hh_hl,no_ordered_dow_wave3_break,false,false,true,SHORT,PERIOD_M5,head_and_shoulders,head_and_shoulders,4.500,none,0.000,head_and_shoulders,4.500,none,0.000,SHORT,false,PERIOD_H1_LONG_dow_trend_up_hh_hl|PERIOD_M15_NONE_no_ordered_dow_wave3_break,true,h1_counter_m15_reversal,true,top_LONG_dow_trend_up_hh_hl|structure_NONE_no_ordered_dow_wave3_break|structure_break_recent_confirmed_swing_break_failed|primary_break_recent_confirmed_swing_break_retest,none,above_75sma_rising,below_75sma_flat_or_rising,below_75sma_falling,-1,0.00000000,0,148.26100000,false,off,NONE,NONE,0.00000000,0.00000000,0.0000,none,0.000,true,SHORT,return_low_break_or_bos_down,148.17300000,1,148.36600000,148.08700000,false,off,independent,false,,,false,0.0000,none,0.0000,0.0000,none,0.0000,0.0000,0.0000,none,0.0000,0,0,0.0000,none,none,none,none,0.0000,0,0.0000,none,false,true,not_evaluated,true,required_light_or_anchor_flip,long_bias,148.08700000,2025.03.13 02:15:00,148.28900000,2025.03.13 01:00:00,2025.03.13 03:00:00,false,NONE,0.00000000,0.00000000,0.0000,-1,false,,-1,NONE,0.00000000,0.00000000,0.0000,0.0000,none,,none,false,NONE,-1,-1,-1,false,false,none,false,true,false,true,none,true,required,false,PERIOD_M5,,,-1,0.0000,false,0.00000000,0.0000,false,0.0000,false,none,none,false,no_anchor_flip_in_entry_direction,true,required_first_signal_only,SHORT,unknown,0.00000000,,0.00000000,,false,,-1,false,NONE,0.00000000,,0.00000000,0.0000,0.0000,none,-1,false,false,false,no_anchor_flip_in_entry_direction,,,,false,false,false,-1,-1,-1,-1,-1,false,false,false,0.0000,range_n,true,148.37300000,148.08700000,2.6981,false,0.0000,0.0000,0,none,true,0.5524,preferred_382_618,0.200,diagnostic_only,diagnostic_only,diagnostic_only,shallow_pullback,4,0.440,true,none,0.590,high_quality,false,false,diagnostic_only,both,true,none,true,diagnostic_adjacent_detected,required_light,false,false,LONG,4,false,false,2,2025.03.13 01:10:00,2025.03.13 03:20:00,10,3.8597,0.00000000,148.26100000,148.26100000,true,true,m5_hl_close_break_down,148.26100000,true,0.5534,0.6087,true,1,0.0000,true,4,148.26100000,0.0553,off,false,not_evaluated,none,0.6712,0.3288,strong,true,false,false,0.0000,held_clean,true,favorable_side,0.2187,false,clean_retest,1.4526,2.7945,0.5198,1.0652,false,mild_exhaustion,0.0000,none,none,false,false,none,0.0000,0.0000,0.0000,0.0000,none,false,false,0.0000,0.0000,false,false,-1,none,none,false,0.000,0.000,148.26100000,148.22500000,148.18033333,recent_equal_highs,0.06466667,0.5527,opening_range_low|neckline_level,148.26100000,0.2213,false,true,true,false,not_blocked,6,2,4,m5_failure_exit,off,none,0.00000000,0.0000,1.30,148.09300000,4.500,-0.300,0.200,PERIOD_M15,148.36600000,148.08700000,0.5663,preferred_382_618,0.000,true,148.24500000,148.36200000,0.11700000,148.09300000,1.299,0.07228571,16.00,60-90,true,false,none,blocked_spread_too_high,4.800,4.800,none,0.0000,false,opposite_break_first,true,opposite_break_first,spread_too_high
2025.03.13 11:15:00,signal,session_reversal_pullback_one_symbol_first120,EURUSD,SHORT,2025.03.13 11:10:00,11,8,17,london,2025.03.13 07:00,70,first_120min,false,true,3,EURUSD,highest_score_in_session_bar,london=USDJPY|EURJPY|GBPJPY|AUDJPY|EURUSD|GBPUSD,existing_first120_gate,london,true,false,true,passed_first_window,double_top,neckline_break_retest,1.08774000,PERIOD_M5,PERIOD_H1,PERIOD_M15,PERIOD_M5,PERIOD_M5,false,htf_soft_alignment,current_post_filter,transcript_post_filter,dow_range_or_transition,no_ordered_dow_wave3_break,dow_range_or_transition,no_ordered_dow_wave3_break,false,false,true,SHORT,PERIOD_M5,double_top,double_top,4.200,none,0.000,double_top,4.200,none,0.000,SHORT,false,PERIOD_H1_NONE_dow_range_or_transition|PERIOD_M15_NONE_no_ordered_dow_wave3_break,true,h1_counter_m15_reversal,true,top_NONE_dow_range_or_transition|structure_NONE_no_ordered_dow_wave3_break|structure_break_recent_confirmed_swing_break_failed|primary_break_recent_confirmed_swing_break_failed,none,below_75sma_flat_or_rising,below_75sma_falling,below_75sma_falling,-1,0.00000000,-1,0.00000000,false,off,NONE,NONE,0.00000000,0.00000000,0.0000,none,0.000,true,SHORT,return_low_break_or_bos_down,1.08686000,1,1.08964000,1.08590000,false,off,independent,false,,,false,0.0000,none,0.0000,0.0000,none,0.0000,0.0000,0.0000,none,0.0000,0,0,0.0000,none,none,none,none,0.0000,0,0.0000,none,false,true,not_evaluated,true,required_light_or_anchor_flip,short_bias,1.08857000,2025.03.13 04:45:00,1.08847000,2025.03.13 09:00:00,2025.03.13 09:30:00,false,NONE,0.00000000,0.00000000,0.0000,-1,false,,-1,NONE,0.00000000,0.00000000,0.0000,0.0000,none,,none,false,NONE,-1,-1,-1,false,false,none,true,false,false,true,none,true,required,false,PERIOD_M5,,,-1,0.0000,false,0.00000000,0.0000,false,0.0000,false,none,none,false,no_anchor_flip_in_entry_direction,true,required_first_signal_only,SHORT,unknown,0.00000000,,0.00000000,,false,,-1,false,NONE,0.00000000,,0.00000000,0.0000,0.0000,none,-1,false,false,false,no_anchor_flip_in_entry_direction,,,,false,false,false,-1,-1,-1,-1,-1,false,false,false,0.0000,falling_n,false,1.08964000,1.08686000,3.2487,false,0.0000,0.0000,0,none,true,0.4492,preferred_382_618,0.200,diagnostic_only,diagnostic_only,diagnostic_only,shallow_pullback,24,0.400,true,none,0.550,high_quality,false,false,diagnostic_only,both,true,none,true,diagnostic_adjacent_detected,required_light,false,false,LONG,5,false,false,0,2025.03.13 09:00:00,2025.03.13 10:35:00,7,4.5429,0.00000000,1.08590000,1.08590000,false,false,none,0.00000000,false,0.0000,0.0000,false,1,0.0000,false,-1,0.00000000,0.0000,off,false,not_evaluated,none,0.0000,0.0000,none,false,false,false,0.0000,none,false,none,0.0000,false,none,4.4722,2.8460,1.5714,0.0000,true,strong_exhaustion,0.0000,none,none,false,false,none,0.0000,0.0000,0.0000,0.0000,none,false,false,0.0000,0.0000,false,false,-1,none,none,false,0.000,0.000,1.08773000,1.08748000,1.08748000,previous_day_low,0.00010000,0.1316,neckline_level,1.08774000,0.2828,false,true,true,false,not_blocked,7,4,3,m5_failure_exit,off,none,0.00000000,0.0000,1.30,1.08659000,4.200,-0.300,0.200,PERIOD_M15,1.08964000,1.08686000,0.2590,outside,0.000,true,1.08758000,1.08834000,0.00076000,1.08659000,1.303,0.00056571,18.00,60-90,true,false,none,not_consumed,4.300,4.300,none,0.0000,false,opposite_break_first,true,opposite_break_first,spread_too_high
2025.03.13 11:15:00,blocked,session_reversal_pullback_one_symbol_first120,EURUSD,SHORT,2025.03.13 11:10:00,11,8,17,london,2025.03.13 07:00,70,first_120min,false,true,3,EURUSD,highest_score_in_session_bar,london=USDJPY|EURJPY|GBPJPY|AUDJPY|EURUSD|GBPUSD,existing_first120_gate,london,true,false,true,passed_first_window,double_top,neckline_break_retest,1.08774000,PERIOD_M5,PERIOD_H1,PERIOD_M15,PERIOD_M5,PERIOD_M5,false,htf_soft_alignment,current_post_filter,transcript_post_filter,dow_range_or_transition,no_ordered_dow_wave3_break,dow_range_or_transition,no_ordered_dow_wave3_break,false,false,true,SHORT,PERIOD_M5,double_top,double_top,4.200,none,0.000,double_top,4.200,none,0.000,SHORT,false,PERIOD_H1_NONE_dow_range_or_transition|PERIOD_M15_NONE_no_ordered_dow_wave3_break,true,h1_counter_m15_reversal,true,top_NONE_dow_range_or_transition|structure_NONE_no_ordered_dow_wave3_break|structure_break_recent_confirmed_swing_break_failed|primary_break_recent_confirmed_swing_break_failed,none,below_75sma_flat_or_rising,below_75sma_falling,below_75sma_falling,-1,0.00000000,-1,0.00000000,false,off,NONE,NONE,0.00000000,0.00000000,0.0000,none,0.000,true,SHORT,return_low_break_or_bos_down,1.08686000,1,1.08964000,1.08590000,false,off,independent,false,,,false,0.0000,none,0.0000,0.0000,none,0.0000,0.0000,0.0000,none,0.0000,0,0,0.0000,none,none,none,none,0.0000,0,0.0000,none,false,true,not_evaluated,true,required_light_or_anchor_flip,short_bias,1.08857000,2025.03.13 04:45:00,1.08847000,2025.03.13 09:00:00,2025.03.13 09:30:00,false,NONE,0.00000000,0.00000000,0.0000,-1,false,,-1,NONE,0.00000000,0.00000000,0.0000,0.0000,none,,none,false,NONE,-1,-1,-1,false,false,none,true,false,false,true,none,true,required,false,PERIOD_M5,,,-1,0.0000,false,0.00000000,0.0000,false,0.0000,false,none,none,false,no_anchor_flip_in_entry_direction,true,required_first_signal_only,SHORT,unknown,0.00000000,,0.00000000,,false,,-1,false,NONE,0.00000000,,0.00000000,0.0000,0.0000,none,-1,false,false,false,no_anchor_flip_in_entry_direction,,,,false,false,false,-1,-1,-1,-1,-1,false,false,false,0.0000,falling_n,false,1.08964000,1.08686000,3.2487,false,0.0000,0.0000,0,none,true,0.4492,preferred_382_618,0.200,diagnostic_only,diagnostic_only,diagnostic_only,shallow_pullback,24,0.400,true,none,0.550,high_quality,false,false,diagnostic_only,both,true,none,true,diagnostic_adjacent_detected,required_light,false,false,LONG,5,false,false,0,2025.03.13 09:00:00,2025.03.13 10:35:00,7,4.5429,0.00000000,1.08590000,1.08590000,false,false,none,0.00000000,false,0.0000,0.0000,false,1,0.0000,false,-1,0.00000000,0.0000,off,false,not_evaluated,none,0.0000,0.0000,none,false,false,false,0.0000,none,false,none,0.0000,false,none,4.4722,2.8460,1.5714,0.0000,true,strong_exhaustion,0.0000,none,none,false,false,none,0.0000,0.0000,0.0000,0.0000,none,false,false,0.0000,0.0000,false,false,-1,none,none,false,0.000,0.000,1.08773000,1.08748000,1.08748000,previous_day_low,0.00010000,0.1316,neckline_level,1.08774000,0.2828,false,true,true,false,not_blocked,7,4,3,m5_failure_exit,off,none,0.00000000,0.0000,1.30,1.08659000,4.200,-0.300,0.200,PERIOD_M15,1.08964000,1.08686000,0.2590,outside,0.000,true,1.08758000,1.08834000,0.00076000,1.08659000,1.303,0.00056571,18.00,60-90,true,false,none,blocked_spread_too_high,4.300,4.300,none,0.0000,false,opposite_break_first,true,opposite_break_first,spread_too_high
2025.03.14 11:25:00,signal,session_reversal_pullback_one_symbol_first120,GBPUSD,LONG,2025.03.14 11:20:00,11,8,17,london,2025.03.14 07:00,80,first_120min,false,true,3,GBPUSD,highest_score_in_session_bar,london=USDJPY|EURJPY|GBPJPY|AUDJPY|EURUSD|GBPUSD,existing_first120_gate,london,false,false,true,passed_first_window,inverse_head_and_shoulders,neckline_break_retest,1.29308000,PERIOD_M5,PERIOD_H1,PERIOD_M15,PERIOD_M5,PERIOD_M5,false,htf_soft_alignment,current_post_filter,transcript_post_filter,dow_range_or_transition,structure_trend_bias_dow_trend_up_hh_hl,dow_range_or_transition,structure_trend_bias_dow_trend_up_hh_hl,false,true,false,LONG,PERIOD_M5,inverse_head_and_shoulders,inverse_head_and_shoulders,4.500,none,0.000,inverse_head_and_shoulders,4.500,none,0.000,LONG,false,PERIOD_H1_NONE_dow_range_or_transition|PERIOD_M15_LONG_structure_trend_bias_dow_trend_up_hh_hl,true,h1_counter_m15_reversal,true,top_NONE_dow_range_or_transition|structure_LONG_structure_trend_bias_dow_trend_up_hh_hl|structure_break_recent_confirmed_swing_break_failed|primary_break_no_recent_confirmed_swing_break,none,below_75sma_flat_or_rising,below_75sma_falling,above_75sma_flat_or_falling,-1,0.00000000,-1,0.00000000,false,off,NONE,NONE,0.00000000,0.00000000,0.0000,none,0.000,true,LONG,return_high_break_or_bos_up,1.29460000,8,1.29487000,1.29164000,false,off,independent,false,,,false,0.0000,none,0.0000,0.0000,none,0.0000,0.0000,0.0000,none,0.0000,0,0,0.0000,none,none,none,none,0.0000,0,0.0000,none,false,true,not_evaluated,true,required_light_or_anchor_flip,bias_flip_down,1.29357000,2025.03.14 07:30:00,1.29579000,2025.03.14 03:15:00,2025.03.14 08:45:00,true,SHORT,1.29357000,1.29327000,0.3922,4,true,2025.03.14 10:00:00,4,SHORT,1.29357000,1.29327000,0.3922,0.7320,strong,2025.03.14 11:00:00,first_after_anchor,true,SHORT,4,0,4,true,false,fresh_0_4,false,true,false,true,none,true,required,false,PERIOD_M5,,,-1,0.0000,false,0.00000000,0.0000,false,0.0000,false,none,none,false,no_anchor_flip_in_entry_direction,true,required_first_signal_only,LONG,unknown,0.00000000,,0.00000000,,false,,-1,false,NONE,0.00000000,,0.00000000,0.0000,0.0000,none,-1,false,false,false,no_anchor_flip_in_entry_direction,,,,false,false,false,-1,-1,-1,-1,-1,false,false,false,0.0000,rising_n,false,1.29579000,1.29349000,3.0065,true,0.7320,0.6387,4,strong,true,0.2446,shallow_236_382,0.080,diagnostic_only,diagnostic_only,diagnostic_only,fib_pullback,24,0.280,true,none,0.430,high_quality,false,false,diagnostic_only,both,true,none,true,diagnostic_adjacent_detected,required_light,false,false,SHORT,3,false,false,0,,,-1,0.0000,0.00000000,0.00000000,0.00000000,false,false,none,0.00000000,false,0.0000,0.0000,false,1,0.0000,false,-1,0.00000000,0.0000,off,false,not_evaluated,none,0.0000,0.0000,none,false,false,false,0.0000,none,false,none,0.0000,false,none,0.0000,0.0000,0.0000,0.0000,false,none,0.0000,none,none,false,false,none,0.0000,0.0000,0.0000,0.0000,none,false,false,0.0000,0.0000,false,false,-1,none,none,false,0.000,0.000,1.29438000,1.29390000,1.29438000,previous_week_high,0.00030000,0.1744,session_high|opening_range_high|neckline_level,1.29390000,0.3142,false,true,true,false,not_blocked,7,5,2,m5_failure_exit,off,none,0.00000000,0.0000,1.30,1.29631000,4.500,-0.300,0.200,PERIOD_M15,1.29487000,1.29357000,0.6077,preferred_382_618,0.000,true,1.29408000,1.29236000,0.00172000,1.29631000,1.297,0.00057286,20.00,60-90,true,false,none,not_consumed,4.600,4.600,none,0.0000,false,opposite_break_first,true,opposite_break_first,spread_too_high
2025.03.14 11:25:00,blocked,session_reversal_pullback_one_symbol_first120,GBPUSD,LONG,2025.03.14 11:20:00,11,8,17,london,2025.03.14 07:00,80,first_120min,false,true,3,GBPUSD,highest_score_in_session_bar,london=USDJPY|EURJPY|GBPJPY|AUDJPY|EURUSD|GBPUSD,existing_first120_gate,london,false,false,true,passed_first_window,inverse_head_and_shoulders,neckline_break_retest,1.29308000,PERIOD_M5,PERIOD_H1,PERIOD_M15,PERIOD_M5,PERIOD_M5,false,htf_soft_alignment,current_post_filter,transcript_post_filter,dow_range_or_transition,structure_trend_bias_dow_trend_up_hh_hl,dow_range_or_transition,structure_trend_bias_dow_trend_up_hh_hl,false,true,false,LONG,PERIOD_M5,inverse_head_and_shoulders,inverse_head_and_shoulders,4.500,none,0.000,inverse_head_and_shoulders,4.500,none,0.000,LONG,false,PERIOD_H1_NONE_dow_range_or_transition|PERIOD_M15_LONG_structure_trend_bias_dow_trend_up_hh_hl,true,h1_counter_m15_reversal,true,top_NONE_dow_range_or_transition|structure_LONG_structure_trend_bias_dow_trend_up_hh_hl|structure_break_recent_confirmed_swing_break_failed|primary_break_no_recent_confirmed_swing_break,none,below_75sma_flat_or_rising,below_75sma_falling,above_75sma_flat_or_falling,-1,0.00000000,-1,0.00000000,false,off,NONE,NONE,0.00000000,0.00000000,0.0000,none,0.000,true,LONG,return_high_break_or_bos_up,1.29460000,8,1.29487000,1.29164000,false,off,independent,false,,,false,0.0000,none,0.0000,0.0000,none,0.0000,0.0000,0.0000,none,0.0000,0,0,0.0000,none,none,none,none,0.0000,0,0.0000,none,false,true,not_evaluated,true,required_light_or_anchor_flip,bias_flip_down,1.29357000,2025.03.14 07:30:00,1.29579000,2025.03.14 03:15:00,2025.03.14 08:45:00,true,SHORT,1.29357000,1.29327000,0.3922,4,true,2025.03.14 10:00:00,4,SHORT,1.29357000,1.29327000,0.3922,0.7320,strong,2025.03.14 11:00:00,first_after_anchor,true,SHORT,4,0,4,true,false,fresh_0_4,false,true,false,true,none,true,required,false,PERIOD_M5,,,-1,0.0000,false,0.00000000,0.0000,false,0.0000,false,none,none,false,no_anchor_flip_in_entry_direction,true,required_first_signal_only,LONG,unknown,0.00000000,,0.00000000,,false,,-1,false,NONE,0.00000000,,0.00000000,0.0000,0.0000,none,-1,false,false,false,no_anchor_flip_in_entry_direction,,,,false,false,false,-1,-1,-1,-1,-1,false,false,false,0.0000,rising_n,false,1.29579000,1.29349000,3.0065,true,0.7320,0.6387,4,strong,true,0.2446,shallow_236_382,0.080,diagnostic_only,diagnostic_only,diagnostic_only,fib_pullback,24,0.280,true,none,0.430,high_quality,false,false,diagnostic_only,both,true,none,true,diagnostic_adjacent_detected,required_light,false,false,SHORT,3,false,false,0,,,-1,0.0000,0.00000000,0.00000000,0.00000000,false,false,none,0.00000000,false,0.0000,0.0000,false,1,0.0000,false,-1,0.00000000,0.0000,off,false,not_evaluated,none,0.0000,0.0000,none,false,false,false,0.0000,none,false,none,0.0000,false,none,0.0000,0.0000,0.0000,0.0000,false,none,0.0000,none,none,false,false,none,0.0000,0.0000,0.0000,0.0000,none,false,false,0.0000,0.0000,false,false,-1,none,none,false,0.000,0.000,1.29438000,1.29390000,1.29438000,previous_week_high,0.00030000,0.1744,session_high|opening_range_high|neckline_level,1.29390000,0.3142,false,true,true,false,not_blocked,7,5,2,m5_failure_exit,off,none,0.00000000,0.0000,1.30,1.29631000,4.500,-0.300,0.200,PERIOD_M15,1.29487000,1.29357000,0.6077,preferred_382_618,0.000,true,1.29408000,1.29236000,0.00172000,1.29631000,1.297,0.00057286,20.00,60-90,true,false,none,blocked_spread_too_high,4.600,4.600,none,0.0000,false,opposite_break_first,true,opposite_break_first,spread_too_high
2025.03.17 03:15:00,signal,session_reversal_pullback_one_symbol_first120,EURJPY,SHORT,2025.03.17 03:10:00,3,0,9,tokyo,2025.03.17 00:00,10,first_120min,true,true,3,EURJPY,highest_score_in_session_bar,tokyo=USDJPY|EURJPY|GBPJPY|AUDJPY,existing_first120_gate,tokyo,false,false,true,passed_first_window,double_top,neckline_break_retest,161.69800000,PERIOD_M5,PERIOD_H1,PERIOD_M15,PERIOD_M5,PERIOD_M5,false,htf_soft_alignment,current_post_filter,transcript_post_filter,dow_trend_up_hh_hl,no_ordered_dow_wave3_break,dow_trend_up_hh_hl,no_ordered_dow_wave3_break,false,false,true,SHORT,PERIOD_M5,double_top,double_top,4.200,none,0.000,double_top,4.200,none,0.000,SHORT,true,PERIOD_H1_LONG_dow_trend_up_hh_hl|PERIOD_M15_NONE_no_ordered_dow_wave3_break,true,h1_counter_m15_reversal,true,top_LONG_dow_trend_up_hh_hl|structure_NONE_no_ordered_dow_wave3_break|structure_break_recent_confirmed_swing_break_retest|primary_break_recent_confirmed_swing_break_continuation,none,above_75sma_rising,above_75sma_rising,below_75sma_flat_or_rising,4,161.64900000,0,161.75300000,false,off,NONE,NONE,0.00000000,0.00000000,0.0000,none,0.000,true,SHORT,return_low_break_or_bos_down,161.64900000,4,161.93800000,161.48100000,false,off,independent,false,,,false,0.0000,none,0.0000,0.0000,none,0.0000,0.0000,0.0000,none,0.0000,0,0,0.0000,none,none,none,none,0.0000,0,0.0000,none,false,true,not_evaluated,true,required_light_or_anchor_flip,short_bias,161.64900000,2025.03.14 23:45:00,161.93800000,2025.03.17 00:15:00,2025.03.17 02:00:00,false,NONE,0.00000000,0.00000000,0.0000,-1,false,,-1,NONE,0.00000000,0.00000000,0.0000,0.0000,none,,none,false,NONE,-1,-1,-1,false,false,none,true,false,false,true,none,true,required,false,PERIOD_M5,,,-1,0.0000,false,0.00000000,0.0000,false,0.0000,false,none,none,false,no_anchor_flip_in_entry_direction,true,required_first_signal_only,SHORT,unknown,0.00000000,,0.00000000,,false,,-1,false,NONE,0.00000000,,0.00000000,0.0000,0.0000,none,-1,false,false,false,no_anchor_flip_in_entry_direction,,,,false,false,false,-1,-1,-1,-1,-1,false,false,false,0.0000,range_n,true,161.93800000,161.48100000,4.0391,false,0.0000,0.0000,0,none,true,0.4508,preferred_382_618,0.200,diagnostic_only,diagnostic_only,diagnostic_only,shallow_pullback,24,0.400,true,none,0.550,high_quality,false,false,diagnostic_only,both,true,none,true,diagnostic_adjacent_detected,required_light,false,false,LONG,5,false,false,0,2025.03.17 01:00:00,2025.03.17 02:50:00,4,3.2150,0.00000000,161.55900000,161.55900000,false,false,none,0.00000000,false,0.0000,0.0000,false,1,0.0000,false,-1,0.00000000,0.0000,off,false,not_evaluated,none,0.0000,0.0000,none,false,false,false,0.0000,none,false,none,0.0000,false,none,2.7476,1.0033,2.7386,0.0000,true,strong_exhaustion,0.0000,none,none,false,false,none,0.0000,0.0000,0.0000,0.0000,none,false,false,0.0000,0.0000,false,false,-1,none,none,false,0.000,0.000,161.69800000,161.65100000,161.65100000,failed_breakout_level,0.03600000,0.4737,neckline_level,161.69800000,0.1254,false,true,false,false,not_blocked,1,1,0,m5_failure_exit,off,none,0.00000000,0.0000,1.30,161.58800000,4.200,-0.300,0.200,PERIOD_M15,161.93800000,161.55900000,0.3377,outside,0.000,true,161.68700000,161.76300000,0.07600000,161.58800000,1.303,0.08771429,30.00,0-30,true,false,none,not_consumed,4.850,4.850,none,0.0000,false,neckline_retest_failed,false,not_invalidated,spread_too_high
2025.03.17 03:15:00,blocked,session_reversal_pullback_one_symbol_first120,EURJPY,SHORT,2025.03.17 03:10:00,3,0,9,tokyo,2025.03.17 00:00,10,first_120min,true,true,3,EURJPY,highest_score_in_session_bar,tokyo=USDJPY|EURJPY|GBPJPY|AUDJPY,existing_first120_gate,tokyo,false,false,true,passed_first_window,double_top,neckline_break_retest,161.69800000,PERIOD_M5,PERIOD_H1,PERIOD_M15,PERIOD_M5,PERIOD_M5,false,htf_soft_alignment,current_post_filter,transcript_post_filter,dow_trend_up_hh_hl,no_ordered_dow_wave3_break,dow_trend_up_hh_hl,no_ordered_dow_wave3_break,false,false,true,SHORT,PERIOD_M5,double_top,double_top,4.200,none,0.000,double_top,4.200,none,0.000,SHORT,true,PERIOD_H1_LONG_dow_trend_up_hh_hl|PERIOD_M15_NONE_no_ordered_dow_wave3_break,true,h1_counter_m15_reversal,true,top_LONG_dow_trend_up_hh_hl|structure_NONE_no_ordered_dow_wave3_break|structure_break_recent_confirmed_swing_break_retest|primary_break_recent_confirmed_swing_break_continuation,none,above_75sma_rising,above_75sma_rising,below_75sma_flat_or_rising,4,161.64900000,0,161.75300000,false,off,NONE,NONE,0.00000000,0.00000000,0.0000,none,0.000,true,SHORT,return_low_break_or_bos_down,161.64900000,4,161.93800000,161.48100000,false,off,independent,false,,,false,0.0000,none,0.0000,0.0000,none,0.0000,0.0000,0.0000,none,0.0000,0,0,0.0000,none,none,none,none,0.0000,0,0.0000,none,false,true,not_evaluated,true,required_light_or_anchor_flip,short_bias,161.64900000,2025.03.14 23:45:00,161.93800000,2025.03.17 00:15:00,2025.03.17 02:00:00,false,NONE,0.00000000,0.00000000,0.0000,-1,false,,-1,NONE,0.00000000,0.00000000,0.0000,0.0000,none,,none,false,NONE,-1,-1,-1,false,false,none,true,false,false,true,none,true,required,false,PERIOD_M5,,,-1,0.0000,false,0.00000000,0.0000,false,0.0000,false,none,none,false,no_anchor_flip_in_entry_direction,true,required_first_signal_only,SHORT,unknown,0.00000000,,0.00000000,,false,,-1,false,NONE,0.00000000,,0.00000000,0.0000,0.0000,none,-1,false,false,false,no_anchor_flip_in_entry_direction,,,,false,false,false,-1,-1,-1,-1,-1,false,false,false,0.0000,range_n,true,161.93800000,161.48100000,4.0391,false,0.0000,0.0000,0,none,true,0.4508,preferred_382_618,0.200,diagnostic_only,diagnostic_only,diagnostic_only,shallow_pullback,24,0.400,true,none,0.550,high_quality,false,false,diagnostic_only,both,true,none,true,diagnostic_adjacent_detected,required_light,false,false,LONG,5,false,false,0,2025.03.17 01:00:00,2025.03.17 02:50:00,4,3.2150,0.00000000,161.55900000,161.55900000,false,false,none,0.00000000,false,0.0000,0.0000,false,1,0.0000,false,-1,0.00000000,0.0000,off,false,not_evaluated,none,0.0000,0.0000,none,false,false,false,0.0000,none,false,none,0.0000,false,none,2.7476,1.0033,2.7386,0.0000,true,strong_exhaustion,0.0000,none,none,false,false,none,0.0000,0.0000,0.0000,0.0000,none,false,false,0.0000,0.0000,false,false,-1,none,none,false,0.000,0.000,161.69800000,161.65100000,161.65100000,failed_breakout_level,0.03600000,0.4737,neckline_level,161.69800000,0.1254,false,true,false,false,not_blocked,1,1,0,m5_failure_exit,off,none,0.00000000,0.0000,1.30,161.58800000,4.200,-0.300,0.200,PERIOD_M15,161.93800000,161.55900000,0.3377,outside,0.000,true,161.68700000,161.76300000,0.07600000,161.58800000,1.303,0.08771429,30.00,0-30,true,false,none,blocked_spread_too_high,4.850,4.850,none,0.0000,false,neckline_retest_failed,false,not_invalidated,spread_too_high
2025.03.18 16:10:00,signal,session_reversal_pullback_one_symbol_first120,AUDJPY,SHORT,2025.03.18 16:05:00,16,13,22,london_newyork_overlap,2025.03.18 13:00,5,first_120min,true,true,3,AUDJPY,highest_score_in_session_bar,london_newyork_overlap=USDJPY|EURJPY|GBPJPY|AUDJPY|EURUSD|GBPUSD,existing_first120_gate,london_newyork_overlap,false,false,true,passed_first_window,double_top,neckline_break_retest,95.36000000,PERIOD_M5,PERIOD_H1,PERIOD_M15,PERIOD_M5,PERIOD_M5,false,htf_soft_alignment,current_post_filter,transcript_post_filter,dow_trend_up_hh_hl,no_ordered_dow_wave3_break,dow_trend_up_hh_hl,no_ordered_dow_wave3_break,false,false,true,SHORT,PERIOD_M5,double_top,double_top,4.200,none,0.000,double_top,4.200,none,0.000,SHORT,false,PERIOD_H1_LONG_dow_trend_up_hh_hl|PERIOD_M15_NONE_no_ordered_dow_wave3_break,true,h1_counter_m15_reversal,true,top_LONG_dow_trend_up_hh_hl|structure_NONE_no_ordered_dow_wave3_break|structure_break_recent_confirmed_swing_break_failed|primary_break_recent_confirmed_swing_break_failed,none,above_75sma_rising,below_75sma_flat_or_rising,below_75sma_falling,-1,0.00000000,-1,0.00000000,false,off,NONE,NONE,0.00000000,0.00000000,0.0000,none,0.000,true,SHORT,return_low_break_or_bos_down,95.27500000,5,95.73800000,95.23700000,false,off,independent,false,,,false,0.0000,none,0.0000,0.0000,none,0.0000,0.0000,0.0000,none,0.0000,0,0,0.0000,none,none,none,none,0.0000,0,0.0000,none,false,true,not_evaluated,true,required_light_or_anchor_flip,short_bias,95.27500000,2025.03.18 07:45:00,95.73800000,2025.03.18 11:00:00,2025.03.18 14:30:00,false,NONE,0.00000000,0.00000000,0.0000,-1,false,,-1,NONE,0.00000000,0.00000000,0.0000,0.0000,none,,none,false,NONE,-1,-1,-1,false,false,none,true,false,false,true,none,true,required,false,PERIOD_M5,,,-1,0.0000,false,0.00000000,0.0000,false,0.0000,false,none,none,false,no_anchor_flip_in_entry_direction,true,required_first_signal_only,SHORT,unknown,0.00000000,,0.00000000,,false,,-1,false,NONE,0.00000000,,0.00000000,0.0000,0.0000,none,-1,false,false,false,no_anchor_flip_in_entry_direction,,,,false,false,false,-1,-1,-1,-1,-1,false,false,false,0.0000,range_n,true,95.73800000,95.23700000,5.8159,false,0.0000,0.0000,0,none,true,0.1996,no_fib,0.000,diagnostic_only,diagnostic_only,diagnostic_only,fib_pullback,24,0.170,true,none,0.320,high_quality,false,false,diagnostic_only,both,true,none,true,diagnostic_adjacent_detected,required_light,false,false,LONG,6,false,false,2,2025.03.18 14:40:00,2025.03.18 15:30:00,7,4.3249,0.00000000,95.29400000,95.29400000,true,true,m5_hl_close_break_down,95.29400000,true,0.2610,1.4727,true,1,0.8202,false,1,95.29400000,0.9694,off,false,not_evaluated,none,0.8511,0.1489,very_strong,false,true,true,0.8202,failed_1bar,true,back_inside,0.1194,false,weak_retest,3.2623,2.6285,1.2411,1.6964,false,no_shrink,0.0000,none,none,false,false,none,0.0000,0.0000,0.0000,0.0000,none,false,false,0.0000,0.0000,false,false,-1,none,none,false,0.000,0.000,95.33800000,95.29800000,95.29800000,failed_breakout_level,0.03900000,0.3391,neckline_level,95.36000000,0.4288,false,true,false,false,not_blocked,6,6,0,m5_failure_exit,off,none,0.00000000,0.0000,1.30,95.18800000,4.200,-0.300,0.200,PERIOD_M15,95.73800000,95.23700000,0.1996,outside,0.000,true,95.33700000,95.45200000,0.11500000,95.18800000,1.296,0.05364286,28.00,0-30,true,false,none,not_consumed,4.300,4.300,none,0.0000,false,neckline_retest_failed,false,not_invalidated,spread_too_high
2025.03.18 16:10:00,blocked,session_reversal_pullback_one_symbol_first120,AUDJPY,SHORT,2025.03.18 16:05:00,16,13,22,london_newyork_overlap,2025.03.18 13:00,5,first_120min,true,true,3,AUDJPY,highest_score_in_session_bar,london_newyork_overlap=USDJPY|EURJPY|GBPJPY|AUDJPY|EURUSD|GBPUSD,existing_first120_gate,london_newyork_overlap,false,false,true,passed_first_window,double_top,neckline_break_retest,95.36000000,PERIOD_M5,PERIOD_H1,PERIOD_M15,PERIOD_M5,PERIOD_M5,false,htf_soft_alignment,current_post_filter,transcript_post_filter,dow_trend_up_hh_hl,no_ordered_dow_wave3_break,dow_trend_up_hh_hl,no_ordered_dow_wave3_break,false,false,true,SHORT,PERIOD_M5,double_top,double_top,4.200,none,0.000,double_top,4.200,none,0.000,SHORT,false,PERIOD_H1_LONG_dow_trend_up_hh_hl|PERIOD_M15_NONE_no_ordered_dow_wave3_break,true,h1_counter_m15_reversal,true,top_LONG_dow_trend_up_hh_hl|structure_NONE_no_ordered_dow_wave3_break|structure_break_recent_confirmed_swing_break_failed|primary_break_recent_confirmed_swing_break_failed,none,above_75sma_rising,below_75sma_flat_or_rising,below_75sma_falling,-1,0.00000000,-1,0.00000000,false,off,NONE,NONE,0.00000000,0.00000000,0.0000,none,0.000,true,SHORT,return_low_break_or_bos_down,95.27500000,5,95.73800000,95.23700000,false,off,independent,false,,,false,0.0000,none,0.0000,0.0000,none,0.0000,0.0000,0.0000,none,0.0000,0,0,0.0000,none,none,none,none,0.0000,0,0.0000,none,false,true,not_evaluated,true,required_light_or_anchor_flip,short_bias,95.27500000,2025.03.18 07:45:00,95.73800000,2025.03.18 11:00:00,2025.03.18 14:30:00,false,NONE,0.00000000,0.00000000,0.0000,-1,false,,-1,NONE,0.00000000,0.00000000,0.0000,0.0000,none,,none,false,NONE,-1,-1,-1,false,false,none,true,false,false,true,none,true,required,false,PERIOD_M5,,,-1,0.0000,false,0.00000000,0.0000,false,0.0000,false,none,none,false,no_anchor_flip_in_entry_direction,true,required_first_signal_only,SHORT,unknown,0.00000000,,0.00000000,,false,,-1,false,NONE,0.00000000,,0.00000000,0.0000,0.0000,none,-1,false,false,false,no_anchor_flip_in_entry_direction,,,,false,false,false,-1,-1,-1,-1,-1,false,false,false,0.0000,range_n,true,95.73800000,95.23700000,5.8159,false,0.0000,0.0000,0,none,true,0.1996,no_fib,0.000,diagnostic_only,diagnostic_only,diagnostic_only,fib_pullback,24,0.170,true,none,0.320,high_quality,false,false,diagnostic_only,both,true,none,true,diagnostic_adjacent_detected,required_light,false,false,LONG,6,false,false,2,2025.03.18 14:40:00,2025.03.18 15:30:00,7,4.3249,0.00000000,95.29400000,95.29400000,true,true,m5_hl_close_break_down,95.29400000,true,0.2610,1.4727,true,1,0.8202,false,1,95.29400000,0.9694,off,false,not_evaluated,none,0.8511,0.1489,very_strong,false,true,true,0.8202,failed_1bar,true,back_inside,0.1194,false,weak_retest,3.2623,2.6285,1.2411,1.6964,false,no_shrink,0.0000,none,none,false,false,none,0.0000,0.0000,0.0000,0.0000,none,false,false,0.0000,0.0000,false,false,-1,none,none,false,0.000,0.000,95.33800000,95.29800000,95.29800000,failed_breakout_level,0.03900000,0.3391,neckline_level,95.36000000,0.4288,false,true,false,false,not_blocked,6,6,0,m5_failure_exit,off,none,0.00000000,0.0000,1.30,95.18800000,4.200,-0.300,0.200,PERIOD_M15,95.73800000,95.23700000,0.1996,outside,0.000,true,95.33700000,95.45200000,0.11500000,95.18800000,1.296,0.05364286,28.00,0-30,true,false,none,blocked_spread_too_high,4.300,4.300,none,0.0000,false,neckline_retest_failed,false,not_invalidated,spread_too_high
2025.03.19 11:10:00,signal,session_reversal_pullback_one_symbol_first120,USDJPY,SHORT,2025.03.19 11:05:00,11,8,17,london,2025.03.19 07:00,65,first_120min,false,true,3,USDJPY,highest_score_in_session_bar,london=USDJPY|EURJPY|GBPJPY|AUDJPY|EURUSD|GBPUSD,existing_first120_gate,london,true,false,true,passed_first_window,head_and_shoulders,neckline_break_retest,149.38900000,PERIOD_M5,PERIOD_H1,PERIOD_M15,PERIOD_M5,PERIOD_M5,false,htf_soft_alignment,current_post_filter,transcript_post_filter,dow_range_or_transition,structure_trend_bias_dow_trend_up_hh_hl,dow_range_or_transition,structure_trend_bias_dow_trend_up_hh_hl,false,false,true,SHORT,PERIOD_M5,head_and_shoulders,head_and_shoulders,4.500,none,0.000,head_and_shoulders,4.500,none,0.000,SHORT,false,PERIOD_H1_NONE_dow_range_or_transition|PERIOD_M15_LONG_structure_trend_bias_dow_trend_up_hh_hl,true,h1_counter_m15_reversal,true,top_NONE_dow_range_or_transition|structure_LONG_structure_trend_bias_dow_trend_up_hh_hl|structure_break_recent_confirmed_swing_break_retest|primary_break_recent_confirmed_swing_break_retest,none,above_75sma_rising,below_75sma_falling,below_75sma_falling,0,149.29600000,0,149.38900000,false,off,NONE,NONE,0.00000000,0.00000000,0.0000,none,0.000,true,SHORT,return_low_break_or_bos_down,149.29600000,0,150.01500000,149.29600000,false,off,independent,false,,,false,0.0000,none,0.0000,0.0000,none,0.0000,0.0000,0.0000,none,0.0000,0,0,0.0000,none,none,none,none,0.0000,0,0.0000,none,false,true,not_evaluated,true,required_light_or_anchor_flip,bias_flip_down,149.29600000,2025.03.19 06:45:00,149.63900000,2025.03.18 19:00:00,2025.03.19 09:30:00,true,SHORT,149.29600000,149.21600000,0.4562,1,true,2025.03.19 10:30:00,1,SHORT,149.29600000,149.21600000,0.4562,1.1405,strong,2025.03.19 10:45:00,first_after_anchor,true,SHORT,1,0,1,true,false,fresh_0_4,true,false,false,true,none,true,required,true,PERIOD_M5,2025.03.19 10:35:00,2025.03.19 10:35:00,7,0.7870,true,149.29600000,0.7870,false,0.0000,true,m5_bos_down_after_anchor_retest,retest_reconfirm,true,none,true,required_first_signal_only,SHORT,unknown,0.00000000,,0.00000000,,false,,-1,false,NONE,0.00000000,,0.00000000,0.0000,0.0000,none,-1,false,false,false,insufficient_confirmed_m5_pivots,USDJPY|SHORT|1742380200|149.296,,,false,false,false,-1,-1,-1,-1,-1,false,false,false,0.0000,rising_n,false,150.01500000,149.18300000,4.7446,true,1.1405,0.3333,1,strong,true,0.2483,shallow_236_382,0.080,diagnostic_only,diagnostic_only,diagnostic_only,shallow_pullback,5,0.320,true,none,0.470,high_quality,false,false,diagnostic_only,both,true,none,true,diagnostic_adjacent_detected,required_light,false,false,LONG,4,false,false,0,2025.03.19 09:40:00,2025.03.19 10:40:00,5,6.6746,0.00000000,149.13300000,149.13300000,false,false,none,0.00000000,false,0.0000,0.0000,false,1,0.0000,false,-1,0.00000000,0.0000,off,false,not_evaluated,none,0.0000,0.0000,none,false,false,false,0.0000,none,false,none,0.0000,false,none,4.1016,4.7373,0.8658,0.0000,true,strong_exhaustion,0.0000,none,none,false,false,none,0.0000,0.0000,0.0000,0.0000,none,false,false,0.0000,0.0000,false,false,-1,none,none,false,0.000,0.000,149.38900000,149.34500000,149.34500000,recent_rejection_zone,0.00700000,0.0210,opening_range_low|neckline_level,149.32100000,0.2346,false,true,true,false,not_blocked,11,5,6,m5_failure_exit,off,none,0.00000000,0.0000,1.30,148.91800000,4.500,-0.300,0.200,PERIOD_M15,150.01500000,149.29600000,0.0779,outside,0.000,true,149.35200000,149.68600000,0.33400000,148.91800000,1.299,0.13214286,19.00,60-90,true,false,none,not_consumed,5.150,5.150,none,0.0000,false,neckline_retest_failed,false,not_invalidated,
2025.03.19 11:10:00,order_sent,session_reversal_pullback_one_symbol_first120,USDJPY,SHORT,2025.03.19 11:05:00,11,8,17,london,2025.03.19 07:00,65,first_120min,false,true,3,USDJPY,highest_score_in_session_bar,london=USDJPY|EURJPY|GBPJPY|AUDJPY|EURUSD|GBPUSD,existing_first120_gate,london,true,false,true,passed_first_window,head_and_shoulders,neckline_break_retest,149.38900000,PERIOD_M5,PERIOD_H1,PERIOD_M15,PERIOD_M5,PERIOD_M5,false,htf_soft_alignment,current_post_filter,transcript_post_filter,dow_range_or_transition,structure_trend_bias_dow_trend_up_hh_hl,dow_range_or_transition,structure_trend_bias_dow_trend_up_hh_hl,false,false,true,SHORT,PERIOD_M5,head_and_shoulders,head_and_shoulders,4.500,none,0.000,head_and_shoulders,4.500,none,0.000,SHORT,false,PERIOD_H1_NONE_dow_range_or_transition|PERIOD_M15_LONG_structure_trend_bias_dow_trend_up_hh_hl,true,h1_counter_m15_reversal,true,top_NONE_dow_range_or_transition|structure_LONG_structure_trend_bias_dow_trend_up_hh_hl|structure_break_recent_confirmed_swing_break_retest|primary_break_recent_confirmed_swing_break_retest,none,above_75sma_rising,below_75sma_falling,below_75sma_falling,0,149.29600000,0,149.38900000,false,off,NONE,NONE,0.00000000,0.00000000,0.0000,none,0.000,true,SHORT,return_low_break_or_bos_down,149.29600000,0,150.01500000,149.29600000,false,off,independent,false,,,false,0.0000,none,0.0000,0.0000,none,0.0000,0.0000,0.0000,none,0.0000,0,0,0.0000,none,none,none,none,0.0000,0,0.0000,none,false,true,not_evaluated,true,required_light_or_anchor_flip,bias_flip_down,149.29600000,2025.03.19 06:45:00,149.63900000,2025.03.18 19:00:00,2025.03.19 09:30:00,true,SHORT,149.29600000,149.21600000,0.4562,1,true,2025.03.19 10:30:00,1,SHORT,149.29600000,149.21600000,0.4562,1.1405,strong,2025.03.19 10:45:00,first_after_anchor,true,SHORT,1,0,1,true,false,fresh_0_4,true,false,false,true,none,true,required,true,PERIOD_M5,2025.03.19 10:35:00,2025.03.19 10:35:00,7,0.7870,true,149.29600000,0.7870,false,0.0000,true,m5_bos_down_after_anchor_retest,retest_reconfirm,true,none,true,required_first_signal_only,SHORT,unknown,0.00000000,,0.00000000,,false,,-1,false,NONE,0.00000000,,0.00000000,0.0000,0.0000,none,-1,false,false,false,insufficient_confirmed_m5_pivots,USDJPY|SHORT|1742380200|149.296,,,false,false,false,-1,-1,-1,-1,-1,false,false,false,0.0000,rising_n,false,150.01500000,149.18300000,4.7446,true,1.1405,0.3333,1,strong,true,0.2483,shallow_236_382,0.080,diagnostic_only,diagnostic_only,diagnostic_only,shallow_pullback,5,0.320,true,none,0.470,high_quality,false,false,diagnostic_only,both,true,none,true,diagnostic_adjacent_detected,required_light,false,false,LONG,4,false,false,0,2025.03.19 09:40:00,2025.03.19 10:40:00,5,6.6746,0.00000000,149.13300000,149.13300000,false,false,none,0.00000000,false,0.0000,0.0000,false,1,0.0000,false,-1,0.00000000,0.0000,off,false,not_evaluated,none,0.0000,0.0000,none,false,false,false,0.0000,none,false,none,0.0000,false,none,4.1016,4.7373,0.8658,0.0000,true,strong_exhaustion,0.0000,none,none,false,false,none,0.0000,0.0000,0.0000,0.0000,none,false,false,0.0000,0.0000,false,false,-1,none,none,false,0.000,0.000,149.38900000,149.34500000,149.34500000,recent_rejection_zone,0.00700000,0.0210,opening_range_low|neckline_level,149.32100000,0.2346,false,true,true,false,not_blocked,11,5,6,m5_failure_exit,off,none,0.00000000,0.0000,1.30,148.91800000,4.500,-0.300,0.200,PERIOD_M15,150.01500000,149.29600000,0.0779,outside,0.000,true,149.35200000,149.68600000,0.33400000,148.91800000,1.299,0.13214286,19.00,60-90,true,false,none,order_sent,5.150,5.150,none,0.0000,false,neckline_retest_failed,false,not_invalidated,
2025.03.19 16:30:00,signal,session_reversal_pullback_one_symbol_first120,EURJPY,SHORT,2025.03.19 16:25:00,16,13,22,london_newyork_overlap,2025.03.19 13:00,25,first_120min,true,true,3,EURJPY,highest_score_in_session_bar,london_newyork_overlap=USDJPY|EURJPY|GBPJPY|AUDJPY|EURUSD|GBPUSD,existing_first120_gate,london_newyork_overlap,false,false,true,passed_first_window,double_top,neckline_break_retest,163.36300000,PERIOD_M5,PERIOD_H1,PERIOD_M15,PERIOD_M5,PERIOD_M5,false,htf_soft_alignment,current_post_filter,transcript_post_filter,dow_range_or_transition,structure_trend_bias_dow_trend_up_hh_hl,dow_range_or_transition,structure_trend_bias_dow_trend_up_hh_hl,false,false,true,SHORT,PERIOD_M5,double_top,double_top,4.200,none,0.000,double_top,4.200,none,0.000,SHORT,false,PERIOD_H1_NONE_dow_range_or_transition|PERIOD_M15_LONG_structure_trend_bias_dow_trend_up_hh_hl,true,h1_counter_m15_reversal,true,top_NONE_dow_range_or_transition|structure_LONG_structure_trend_bias_dow_trend_up_hh_hl|structure_break_recent_confirmed_swing_break_failed|primary_break_recent_confirmed_swing_break_continuation,none,above_75sma_rising,below_75sma_flat_or_rising,above_75sma_flat_or_falling,-1,0.00000000,0,163.41200000,false,off,NONE,NONE,0.00000000,0.00000000,0.0000,none,0.000,true,SHORT,return_low_break_or_bos_down,163.25400000,11,163.54100000,163.08700000,false,off,independent,false,,,false,0.0000,none,0.0000,0.0000,none,0.0000,0.0000,0.0000,none,0.0000,0,0,0.0000,none,none,none,none,0.0000,0,0.0000,none,false,true,not_evaluated,true,required_light_or_anchor_flip,long_bias,163.08700000,2025.03.19 13:30:00,163.87100000,2025.03.19 09:30:00,2025.03.19 15:00:00,false,NONE,0.00000000,0.00000000,0.0000,-1,false,,-1,NONE,0.00000000,0.00000000,0.0000,0.0000,none,,none,false,NONE,-1,-1,-1,false,false,none,false,true,false,true,none,true,required,false,PERIOD_M5,,,-1,0.0000,false,0.00000000,0.0000,false,0.0000,false,none,none,false,no_anchor_flip_in_entry_direction,true,required_first_signal_only,SHORT,unknown,0.00000000,,0.00000000,,false,,-1,false,NONE,0.00000000,,0.00000000,0.0000,0.0000,none,-1,false,false,false,no_anchor_flip_in_entry_direction,,,,false,false,false,-1,-1,-1,-1,-1,false,false,false,0.0000,rising_n,false,163.54100000,163.01700000,3.7144,false,0.0000,0.0000,0,none,true,0.8656,too_deep,0.000,diagnostic_only,diagnostic_only,diagnostic_only,shallow_pullback,5,0.290,true,none,0.440,high_quality,false,false,diagnostic_only,both,true,none,true,diagnostic_adjacent_detected,required_light,false,false,LONG,5,false,false,1,2025.03.19 15:05:00,2025.03.19 16:00:00,5,4.4820,0.00000000,163.26900000,163.26900000,false,false,none,0.00000000,false,0.0000,0.0000,false,1,0.0000,false,-1,0.00000000,0.0000,off,false,not_evaluated,none,0.0000,0.0000,none,false,false,false,0.0000,none,false,none,0.0000,false,none,1.6007,4.4820,0.3571,0.0000,true,strong_exhaustion,0.0000,none,none,false,false,none,0.0000,0.0000,0.0000,0.0000,none,false,false,0.0000,0.0000,false,false,-1,none,none,false,0.000,0.000,163.36300000,163.35450000,163.35450000,recent_equal_highs,0.00350000,0.0310,neckline_level,163.36300000,0.0616,false,true,true,false,not_blocked,6,2,4,m5_failure_exit,off,none,0.00000000,0.0000,1.30,163.21200000,4.200,-0.300,0.200,PERIOD_M15,163.54100000,163.08700000,0.5969,preferred_382_618,0.000,true,163.35800000,163.47100000,0.11300000,163.21200000,1.292,0.08121429,30.00,0-30,true,false,none,not_consumed,4.500,4.500,none,0.0000,false,neckline_retest_failed,false,not_invalidated,spread_too_high
2025.03.19 16:30:00,blocked,session_reversal_pullback_one_symbol_first120,EURJPY,SHORT,2025.03.19 16:25:00,16,13,22,london_newyork_overlap,2025.03.19 13:00,25,first_120min,true,true,3,EURJPY,highest_score_in_session_bar,london_newyork_overlap=USDJPY|EURJPY|GBPJPY|AUDJPY|EURUSD|GBPUSD,existing_first120_gate,london_newyork_overlap,false,false,true,passed_first_window,double_top,neckline_break_retest,163.36300000,PERIOD_M5,PERIOD_H1,PERIOD_M15,PERIOD_M5,PERIOD_M5,false,htf_soft_alignment,current_post_filter,transcript_post_filter,dow_range_or_transition,structure_trend_bias_dow_trend_up_hh_hl,dow_range_or_transition,structure_trend_bias_dow_trend_up_hh_hl,false,false,true,SHORT,PERIOD_M5,double_top,double_top,4.200,none,0.000,double_top,4.200,none,0.000,SHORT,false,PERIOD_H1_NONE_dow_range_or_transition|PERIOD_M15_LONG_structure_trend_bias_dow_trend_up_hh_hl,true,h1_counter_m15_reversal,true,top_NONE_dow_range_or_transition|structure_LONG_structure_trend_bias_dow_trend_up_hh_hl|structure_break_recent_confirmed_swing_break_failed|primary_break_recent_confirmed_swing_break_continuation,none,above_75sma_rising,below_75sma_flat_or_rising,above_75sma_flat_or_falling,-1,0.00000000,0,163.41200000,false,off,NONE,NONE,0.00000000,0.00000000,0.0000,none,0.000,true,SHORT,return_low_break_or_bos_down,163.25400000,11,163.54100000,163.08700000,false,off,independent,false,,,false,0.0000,none,0.0000,0.0000,none,0.0000,0.0000,0.0000,none,0.0000,0,0,0.0000,none,none,none,none,0.0000,0,0.0000,none,false,true,not_evaluated,true,required_light_or_anchor_flip,long_bias,163.08700000,2025.03.19 13:30:00,163.87100000,2025.03.19 09:30:00,2025.03.19 15:00:00,false,NONE,0.00000000,0.00000000,0.0000,-1,false,,-1,NONE,0.00000000,0.00000000,0.0000,0.0000,none,,none,false,NONE,-1,-1,-1,false,false,none,false,true,false,true,none,true,required,false,PERIOD_M5,,,-1,0.0000,false,0.00000000,0.0000,false,0.0000,false,none,none,false,no_anchor_flip_in_entry_direction,true,required_first_signal_only,SHORT,unknown,0.00000000,,0.00000000,,false,,-1,false,NONE,0.00000000,,0.00000000,0.0000,0.0000,none,-1,false,false,false,no_anchor_flip_in_entry_direction,,,,false,false,false,-1,-1,-1,-1,-1,false,false,false,0.0000,rising_n,false,163.54100000,163.01700000,3.7144,false,0.0000,0.0000,0,none,true,0.8656,too_deep,0.000,diagnostic_only,diagnostic_only,diagnostic_only,shallow_pullback,5,0.290,true,none,0.440,high_quality,false,false,diagnostic_only,both,true,none,true,diagnostic_adjacent_detected,required_light,false,false,LONG,5,false,false,1,2025.03.19 15:05:00,2025.03.19 16:00:00,5,4.4820,0.00000000,163.26900000,163.26900000,false,false,none,0.00000000,false,0.0000,0.0000,false,1,0.0000,false,-1,0.00000000,0.0000,off,false,not_evaluated,none,0.0000,0.0000,none,false,false,false,0.0000,none,false,none,0.0000,false,none,1.6007,4.4820,0.3571,0.0000,true,strong_exhaustion,0.0000,none,none,false,false,none,0.0000,0.0000,0.0000,0.0000,none,false,false,0.0000,0.0000,false,false,-1,none,none,false,0.000,0.000,163.36300000,163.35450000,163.35450000,recent_equal_highs,0.00350000,0.0310,neckline_level,163.36300000,0.0616,false,true,true,false,not_blocked,6,2,4,m5_failure_exit,off,none,0.00000000,0.0000,1.30,163.21200000,4.200,-0.300,0.200,PERIOD_M15,163.54100000,163.08700000,0.5969,preferred_382_618,0.000,true,163.35800000,163.47100000,0.11300000,163.21200000,1.292,0.08121429,30.00,0-30,true,false,none,blocked_spread_too_high,4.500,4.500,none,0.0000,false,neckline_retest_failed,false,not_invalidated,spread_too_high
2025.03.19 19:40:00,signal,session_reversal_pullback_one_symbol_first120,GBPUSD,LONG,2025.03.19 19:35:00,19,16,1,new_york,2025.03.19 16:00,35,first_120min,true,true,3,GBPUSD,highest_score_in_session_bar,new_york=USDJPY|EURJPY|GBPJPY|AUDJPY|EURUSD|GBPUSD,existing_first120_gate,new_york,false,false,true,passed_first_window,double_bottom,neckline_break_retest,1.29688000,PERIOD_M5,PERIOD_H1,PERIOD_M15,PERIOD_M5,PERIOD_M5,false,htf_soft_alignment,current_post_filter,transcript_post_filter,dow_range_or_transition,no_ordered_dow_wave3_break,dow_range_or_transition,no_ordered_dow_wave3_break,false,true,false,LONG,PERIOD_M5,double_bottom,double_bottom,4.200,none,0.000,double_bottom,4.200,none,0.000,LONG,false,PERIOD_H1_NONE_dow_range_or_transition|PERIOD_M15_NONE_no_ordered_dow_wave3_break,true,h1_counter_m15_reversal,true,top_NONE_dow_range_or_transition|structure_NONE_no_ordered_dow_wave3_break|structure_break_recent_confirmed_swing_break_failed|primary_break_recent_confirmed_swing_break_failed,none,below_75sma_flat_or_rising,below_75sma_falling,above_75sma_rising,-1,0.00000000,-1,0.00000000,false,off,NONE,NONE,0.00000000,0.00000000,0.0000,none,0.000,true,LONG,return_high_break_or_bos_up,1.29770000,15,1.29735000,1.29608000,false,off,independent,false,,,false,0.0000,none,0.0000,0.0000,none,0.0000,0.0000,0.0000,none,0.0000,0,0,0.0000,none,none,none,none,0.0000,0,0.0000,none,false,true,not_evaluated,true,required_light_or_anchor_flip,short_bias,1.29985000,2025.03.18 21:30:00,1.29788000,2025.03.19 12:45:00,2025.03.19 16:15:00,false,NONE,0.00000000,0.00000000,0.0000,-1,false,,-1,NONE,0.00000000,0.00000000,0.0000,0.0000,none,,none,false,NONE,-1,-1,-1,false,false,none,false,true,false,true,none,true,required,false,PERIOD_M5,,,-1,0.0000,false,0.00000000,0.0000,false,0.0000,false,none,none,false,no_anchor_flip_in_entry_direction,true,required_first_signal_only,LONG,unknown,0.00000000,,0.00000000,,false,,-1,false,NONE,0.00000000,,0.00000000,0.0000,0.0000,none,-1,false,false,false,no_anchor_flip_in_entry_direction,,,,false,false,false,-1,-1,-1,-1,-1,false,false,false,0.0000,range_n,true,1.29800000,1.29541000,3.6224,false,0.0000,0.0000,0,none,true,0.3905,preferred_382_618,0.200,diagnostic_only,diagnostic_only,diagnostic_only,shallow_pullback,4,0.440,true,none,0.590,high_quality,false,false,diagnostic_only,both,true,none,true,diagnostic_adjacent_detected,required_light,false,false,SHORT,5,false,false,0,2025.03.19 18:15:00,2025.03.19 19:15:00,4,3.3801,1.29749000,0.00000000,1.29749000,false,false,none,0.00000000,false,0.0000,0.0000,false,1,0.0000,false,-1,0.00000000,0.0000,off,false,not_evaluated,none,0.0000,0.0000,none,false,false,false,0.0000,none,false,none,0.0000,false,none,3.2123,2.4452,1.3137,0.0000,true,strong_exhaustion,0.0000,none,none,false,false,none,0.0000,0.0000,0.0000,0.0000,none,false,false,0.0000,0.0000,false,false,-1,none,none,false,0.000,0.000,1.29710000,1.29690364,1.29710000,pre_session_high,0.00002000,0.0323,neckline_level,1.29688000,0.4795,false,true,true,false,not_blocked,9,5,4,m5_failure_exit,off,none,0.00000000,0.0000,1.30,1.29788000,4.200,-0.300,0.200,PERIOD_M15,1.29735000,1.29608000,0.2126,outside,0.000,true,1.29708000,1.29646000,0.00062000,1.29788000,1.290,0.00041714,20.00,30-60,true,false,none,not_consumed,4.300,4.300,none,0.0000,false,neckline_retest_failed,false,not_invalidated,spread_too_high
2025.03.19 19:40:00,blocked,session_reversal_pullback_one_symbol_first120,GBPUSD,LONG,2025.03.19 19:35:00,19,16,1,new_york,2025.03.19 16:00,35,first_120min,true,true,3,GBPUSD,highest_score_in_session_bar,new_york=USDJPY|EURJPY|GBPJPY|AUDJPY|EURUSD|GBPUSD,existing_first120_gate,new_york,false,false,true,passed_first_window,double_bottom,neckline_break_retest,1.29688000,PERIOD_M5,PERIOD_H1,PERIOD_M15,PERIOD_M5,PERIOD_M5,false,htf_soft_alignment,current_post_filter,transcript_post_filter,dow_range_or_transition,no_ordered_dow_wave3_break,dow_range_or_transition,no_ordered_dow_wave3_break,false,true,false,LONG,PERIOD_M5,double_bottom,double_bottom,4.200,none,0.000,double_bottom,4.200,none,0.000,LONG,false,PERIOD_H1_NONE_dow_range_or_transition|PERIOD_M15_NONE_no_ordered_dow_wave3_break,true,h1_counter_m15_reversal,true,top_NONE_dow_range_or_transition|structure_NONE_no_ordered_dow_wave3_break|structure_break_recent_confirmed_swing_break_failed|primary_break_recent_confirmed_swing_break_failed,none,below_75sma_flat_or_rising,below_75sma_falling,above_75sma_rising,-1,0.00000000,-1,0.00000000,false,off,NONE,NONE,0.00000000,0.00000000,0.0000,none,0.000,true,LONG,return_high_break_or_bos_up,1.29770000,15,1.29735000,1.29608000,false,off,independent,false,,,false,0.0000,none,0.0000,0.0000,none,0.0000,0.0000,0.0000,none,0.0000,0,0,0.0000,none,none,none,none,0.0000,0,0.0000,none,false,true,not_evaluated,true,required_light_or_anchor_flip,short_bias,1.29985000,2025.03.18 21:30:00,1.29788000,2025.03.19 12:45:00,2025.03.19 16:15:00,false,NONE,0.00000000,0.00000000,0.0000,-1,false,,-1,NONE,0.00000000,0.00000000,0.0000,0.0000,none,,none,false,NONE,-1,-1,-1,false,false,none,false,true,false,true,none,true,required,false,PERIOD_M5,,,-1,0.0000,false,0.00000000,0.0000,false,0.0000,false,none,none,false,no_anchor_flip_in_entry_direction,true,required_first_signal_only,LONG,unknown,0.00000000,,0.00000000,,false,,-1,false,NONE,0.00000000,,0.00000000,0.0000,0.0000,none,-1,false,false,false,no_anchor_flip_in_entry_direction,,,,false,false,false,-1,-1,-1,-1,-1,false,false,false,0.0000,range_n,true,1.29800000,1.29541000,3.6224,false,0.0000,0.0000,0,none,true,0.3905,preferred_382_618,0.200,diagnostic_only,diagnostic_only,diagnostic_only,shallow_pullback,4,0.440,true,none,0.590,high_quality,false,false,diagnostic_only,both,true,none,true,diagnostic_adjacent_detected,required_light,false,false,SHORT,5,false,false,0,2025.03.19 18:15:00,2025.03.19 19:15:00,4,3.3801,1.29749000,0.00000000,1.29749000,false,false,none,0.00000000,false,0.0000,0.0000,false,1,0.0000,false,-1,0.00000000,0.0000,off,false,not_evaluated,none,0.0000,0.0000,none,false,false,false,0.0000,none,false,none,0.0000,false,none,3.2123,2.4452,1.3137,0.0000,true,strong_exhaustion,0.0000,none,none,false,false,none,0.0000,0.0000,0.0000,0.0000,none,false,false,0.0000,0.0000,false,false,-1,none,none,false,0.000,0.000,1.29710000,1.29690364,1.29710000,pre_session_high,0.00002000,0.0323,neckline_level,1.29688000,0.4795,false,true,true,false,not_blocked,9,5,4,m5_failure_exit,off,none,0.00000000,0.0000,1.30,1.29788000,4.200,-0.300,0.200,PERIOD_M15,1.29735000,1.29608000,0.2126,outside,0.000,true,1.29708000,1.29646000,0.00062000,1.29788000,1.290,0.00041714,20.00,30-60,true,false,none,blocked_spread_too_high,4.300,4.300,none,0.0000,false,neckline_retest_failed,false,not_invalidated,spread_too_high
2025.03.20 10:05:00,signal,session_reversal_pullback_one_symbol_first120,USDJPY,SHORT,2025.03.20 10:00:00,10,7,16,london,2025.03.20 07:00,0,first_120min,true,true,3,USDJPY,highest_score_in_session_bar,london=USDJPY|EURJPY|GBPJPY|AUDJPY|EURUSD|GBPUSD,existing_first120_gate,london,true,false,true,passed_first_window,double_top,neckline_break_retest,148.35200000,PERIOD_M5,PERIOD_H1,PERIOD_M15,PERIOD_M5,PERIOD_M5,false,htf_soft_alignment,current_post_filter,transcript_post_filter,dow_range_or_transition,structure_trend_bias_dow_trend_up_hh_hl,dow_range_or_transition,structure_trend_bias_dow_trend_up_hh_hl,false,false,true,SHORT,PERIOD_M5,double_top,double_top,4.200,none,0.000,double_top,4.200,none,0.000,SHORT,false,PERIOD_H1_NONE_dow_range_or_transition|PERIOD_M15_LONG_structure_trend_bias_dow_trend_up_hh_hl,true,h1_counter_m15_reversal,true,top_NONE_dow_range_or_transition|structure_LONG_structure_trend_bias_dow_trend_up_hh_hl|structure_break_recent_confirmed_swing_break_retest|primary_break_recent_confirmed_swing_break_retest,none,below_75sma_falling,below_75sma_falling,above_75sma_flat_or_falling,0,148.29400000,1,148.33600000,false,off,NONE,NONE,0.00000000,0.00000000,0.0000,none,0.000,true,SHORT,return_low_break_or_bos_down,148.29400000,0,148.45500000,148.29400000,false,off,independent,false,,,false,0.0000,none,0.0000,0.0000,none,0.0000,0.0000,0.0000,none,0.0000,0,0,0.0000,none,none,none,none,0.0000,0,0.0000,none,false,true,not_evaluated,true,required_light_or_anchor_flip,bias_flip_down,148.29400000,2025.03.20 07:00:00,148.34000000,2025.03.20 05:00:00,2025.03.20 08:45:00,true,SHORT,148.29400000,148.21800000,0.9391,3,true,2025.03.20 09:00:00,3,SHORT,148.29400000,148.21800000,0.9391,1.6681,strong,2025.03.20 09:45:00,first_after_anchor,true,SHORT,3,0,3,true,false,fresh_0_4,true,false,false,true,none,true,required,true,PERIOD_M5,2025.03.20 09:05:00,2025.03.20 09:05:00,12,0.2251,true,148.29400000,0.2251,false,0.0000,true,m5_bos_down_after_anchor_retest,retest_reconfirm,true,none,true,required_first_signal_only,SHORT,unknown,0.00000000,,0.00000000,,false,,-1,false,NONE,0.00000000,,0.00000000,0.0000,0.0000,none,-1,false,false,false,insufficient_confirmed_m5_pivots,USDJPY|SHORT|1742461200|148.294,,,false,false,false,-1,-1,-1,-1,-1,false,false,false,0.0000,rising_n,false,148.45500000,148.17600000,3.4475,true,1.6681,0.1718,3,strong,true,0.5724,preferred_382_618,0.200,diagnostic_only,diagnostic_only,diagnostic_only,shallow_pullback,4,0.440,true,none,0.590,high_quality,false,false,diagnostic_only,both,true,none,true,diagnostic_adjacent_detected,required_light,false,false,LONG,5,false,false,1,2025.03.20 08:05:00,2025.03.20 09:30:00,6,3.9819,0.00000000,148.17200000,148.17200000,false,false,none,0.00000000,false,0.0000,0.0000,false,1,0.0000,false,-1,0.00000000,0.0000,off,false,not_evaluated,none,0.0000,0.0000,none,false,false,false,0.0000,none,false,none,0.0000,false,none,3.9819,1.2241,3.2529,0.4503,false,no_shrink,0.0000,none,none,false,false,none,0.0000,0.0000,0.0000,0.0000,none,false,false,0.0000,0.0000,false,false,-1,none,none,false,0.000,0.000,148.33994118,148.30100000,148.30100000,failed_breakout_level,0.03300000,0.3708,neckline_level,148.35200000,0.2533,false,true,true,false,not_blocked,7,4,3,m5_failure_exit,off,none,0.00000000,0.0000,1.30,148.21900000,4.200,-0.300,0.200,PERIOD_M15,148.45500000,148.29400000,0.2484,outside,0.000,true,148.33400000,148.42300000,0.08900000,148.21900000,1.292,0.07107143,20.00,0-30,true,false,none,not_consumed,4.850,4.850,none,0.0000,false,neckline_retest_failed,false,not_invalidated,spread_too_high
2025.03.20 10:05:00,blocked,session_reversal_pullback_one_symbol_first120,USDJPY,SHORT,2025.03.20 10:00:00,10,7,16,london,2025.03.20 07:00,0,first_120min,true,true,3,USDJPY,highest_score_in_session_bar,london=USDJPY|EURJPY|GBPJPY|AUDJPY|EURUSD|GBPUSD,existing_first120_gate,london,true,false,true,passed_first_window,double_top,neckline_break_retest,148.35200000,PERIOD_M5,PERIOD_H1,PERIOD_M15,PERIOD_M5,PERIOD_M5,false,htf_soft_alignment,current_post_filter,transcript_post_filter,dow_range_or_transition,structure_trend_bias_dow_trend_up_hh_hl,dow_range_or_transition,structure_trend_bias_dow_trend_up_hh_hl,false,false,true,SHORT,PERIOD_M5,double_top,double_top,4.200,none,0.000,double_top,4.200,none,0.000,SHORT,false,PERIOD_H1_NONE_dow_range_or_transition|PERIOD_M15_LONG_structure_trend_bias_dow_trend_up_hh_hl,true,h1_counter_m15_reversal,true,top_NONE_dow_range_or_transition|structure_LONG_structure_trend_bias_dow_trend_up_hh_hl|structure_break_recent_confirmed_swing_break_retest|primary_break_recent_confirmed_swing_break_retest,none,below_75sma_falling,below_75sma_falling,above_75sma_flat_or_falling,0,148.29400000,1,148.33600000,false,off,NONE,NONE,0.00000000,0.00000000,0.0000,none,0.000,true,SHORT,return_low_break_or_bos_down,148.29400000,0,148.45500000,148.29400000,false,off,independent,false,,,false,0.0000,none,0.0000,0.0000,none,0.0000,0.0000,0.0000,none,0.0000,0,0,0.0000,none,none,none,none,0.0000,0,0.0000,none,false,true,not_evaluated,true,required_light_or_anchor_flip,bias_flip_down,148.29400000,2025.03.20 07:00:00,148.34000000,2025.03.20 05:00:00,2025.03.20 08:45:00,true,SHORT,148.29400000,148.21800000,0.9391,3,true,2025.03.20 09:00:00,3,SHORT,148.29400000,148.21800000,0.9391,1.6681,strong,2025.03.20 09:45:00,first_after_anchor,true,SHORT,3,0,3,true,false,fresh_0_4,true,false,false,true,none,true,required,true,PERIOD_M5,2025.03.20 09:05:00,2025.03.20 09:05:00,12,0.2251,true,148.29400000,0.2251,false,0.0000,true,m5_bos_down_after_anchor_retest,retest_reconfirm,true,none,true,required_first_signal_only,SHORT,unknown,0.00000000,,0.00000000,,false,,-1,false,NONE,0.00000000,,0.00000000,0.0000,0.0000,none,-1,false,false,false,insufficient_confirmed_m5_pivots,USDJPY|SHORT|1742461200|148.294,,,false,false,false,-1,-1,-1,-1,-1,false,false,false,0.0000,rising_n,false,148.45500000,148.17600000,3.4475,true,1.6681,0.1718,3,strong,true,0.5724,preferred_382_618,0.200,diagnostic_only,diagnostic_only,diagnostic_only,shallow_pullback,4,0.440,true,none,0.590,high_quality,false,false,diagnostic_only,both,true,none,true,diagnostic_adjacent_detected,required_light,false,false,LONG,5,false,false,1,2025.03.20 08:05:00,2025.03.20 09:30:00,6,3.9819,0.00000000,148.17200000,148.17200000,false,false,none,0.00000000,false,0.0000,0.0000,false,1,0.0000,false,-1,0.00000000,0.0000,off,false,not_evaluated,none,0.0000,0.0000,none,false,false,false,0.0000,none,false,none,0.0000,false,none,3.9819,1.2241,3.2529,0.4503,false,no_shrink,0.0000,none,none,false,false,none,0.0000,0.0000,0.0000,0.0000,none,false,false,0.0000,0.0000,false,false,-1,none,none,false,0.000,0.000,148.33994118,148.30100000,148.30100000,failed_breakout_level,0.03300000,0.3708,neckline_level,148.35200000,0.2533,false,true,true,false,not_blocked,7,4,3,m5_failure_exit,off,none,0.00000000,0.0000,1.30,148.21900000,4.200,-0.300,0.200,PERIOD_M15,148.45500000,148.29400000,0.2484,outside,0.000,true,148.33400000,148.42300000,0.08900000,148.21900000,1.292,0.07107143,20.00,0-30,true,false,none,blocked_spread_too_high,4.850,4.850,none,0.0000,false,neckline_retest_failed,false,not_invalidated,spread_too_high
2025.03.21 10:35:00,signal,session_reversal_pullback_one_symbol_first120,EURUSD,LONG,2025.03.21 10:30:00,10,7,16,london,2025.03.21 07:00,30,first_120min,true,true,3,EURUSD,highest_score_in_session_bar,london=USDJPY|EURJPY|GBPJPY|AUDJPY|EURUSD|GBPUSD,existing_first120_gate,london,false,false,true,passed_first_window,inverse_head_and_shoulders,neckline_break_retest,1.08329000,PERIOD_M5,PERIOD_H1,PERIOD_M15,PERIOD_M5,PERIOD_M5,false,htf_soft_alignment,current_post_filter,transcript_post_filter,dow_trend_down_ll_lh,ordered_dow_wave3_break_below_swing_low,dow_trend_down_ll_lh,ordered_dow_wave3_break_below_swing_low,false,true,false,LONG,PERIOD_M5,inverse_head_and_shoulders,inverse_head_and_shoulders,4.500,none,0.000,inverse_head_and_shoulders,4.500,none,0.000,LONG,false,PERIOD_H1_SHORT_dow_trend_down_ll_lh|PERIOD_M15_SHORT_ordered_dow_wave3_break_below_swing_low,true,h1_counter_m15_reversal,true,top_SHORT_dow_trend_down_ll_lh|structure_SHORT_ordered_dow_wave3_break_below_swing_low|structure_break_recent_confirmed_swing_break_failed|primary_break_recent_confirmed_swing_break_continuation,none,below_75sma_falling,below_75sma_falling,above_75sma_flat_or_falling,-1,0.00000000,0,1.08290000,false,off,NONE,NONE,0.00000000,0.00000000,0.0000,none,0.000,true,LONG,return_high_break_or_bos_up,1.08516000,21,1.08548000,1.08192000,false,off,independent,false,,,false,0.0000,none,0.0000,0.0000,none,0.0000,0.0000,0.0000,none,0.0000,0,0,0.0000,none,none,none,none,0.0000,0,0.0000,none,false,true,not_evaluated,true,required_light_or_anchor_flip,bias_flip_down,1.08383000,2025.03.20 20:15:00,1.08548000,2025.03.20 15:00:00,2025.03.20 23:30:00,true,SHORT,1.08383000,1.08349000,0.5756,15,true,2025.03.21 06:30:00,15,SHORT,1.08383000,1.08349000,0.5756,0.7110,strong,2025.03.21 10:15:00,first_after_anchor,true,SHORT,15,0,15,false,false,old_13_24,false,true,false,true,none,true,required,false,PERIOD_M5,,,-1,0.0000,false,0.00000000,0.0000,false,0.0000,false,none,none,false,no_anchor_flip_in_entry_direction,true,required_first_signal_only,LONG,unknown,0.00000000,,0.00000000,,false,,-1,false,NONE,0.00000000,,0.00000000,0.0000,0.0000,none,-1,false,false,false,no_anchor_flip_in_entry_direction,,,,false,false,false,-1,-1,-1,-1,-1,false,false,false,0.0000,range_n,true,1.08583000,1.08383000,3.3857,true,0.7110,0.5800,15,strong,true,0.4607,preferred_382_618,0.200,diagnostic_only,diagnostic_only,diagnostic_only,fib_pullback,24,0.400,true,none,0.550,high_quality,false,false,diagnostic_only,both,true,none,true,diagnostic_adjacent_detected,required_light,false,false,SHORT,3,false,false,0,,,-1,0.0000,0.00000000,0.00000000,0.00000000,false,false,none,0.00000000,false,0.0000,0.0000,false,1,0.0000,false,-1,0.00000000,0.0000,off,false,not_evaluated,none,0.0000,0.0000,none,false,false,false,0.0000,none,false,none,0.0000,false,none,0.0000,0.0000,0.0000,0.0000,false,none,0.0000,none,none,false,false,none,0.0000,0.0000,0.0000,0.0000,none,false,false,0.0000,0.0000,false,false,-1,none,none,false,0.000,0.000,1.08477000,1.08370000,1.08477000,structure_confirmed_swing_low,0.00093000,0.7381,session_high|opening_range_high|neckline_level,1.08370000,0.3333,false,true,true,false,not_blocked,3,2,1,m5_failure_exit,off,none,0.00000000,0.0000,1.30,1.08548000,4.500,-0.300,0.200,PERIOD_M15,1.08548000,1.08477000,2.3099,outside,0.000,true,1.08384000,1.08258000,0.00126000,1.08548000,1.302,0.00042000,18.00,30-60,true,false,none,not_consumed,4.800,4.800,none,0.0000,false,opposite_break_first,true,opposite_break_first,spread_too_high
2025.03.21 10:35:00,blocked,session_reversal_pullback_one_symbol_first120,EURUSD,LONG,2025.03.21 10:30:00,10,7,16,london,2025.03.21 07:00,30,first_120min,true,true,3,EURUSD,highest_score_in_session_bar,london=USDJPY|EURJPY|GBPJPY|AUDJPY|EURUSD|GBPUSD,existing_first120_gate,london,false,false,true,passed_first_window,inverse_head_and_shoulders,neckline_break_retest,1.08329000,PERIOD_M5,PERIOD_H1,PERIOD_M15,PERIOD_M5,PERIOD_M5,false,htf_soft_alignment,current_post_filter,transcript_post_filter,dow_trend_down_ll_lh,ordered_dow_wave3_break_below_swing_low,dow_trend_down_ll_lh,ordered_dow_wave3_break_below_swing_low,false,true,false,LONG,PERIOD_M5,inverse_head_and_shoulders,inverse_head_and_shoulders,4.500,none,0.000,inverse_head_and_shoulders,4.500,none,0.000,LONG,false,PERIOD_H1_SHORT_dow_trend_down_ll_lh|PERIOD_M15_SHORT_ordered_dow_wave3_break_below_swing_low,true,h1_counter_m15_reversal,true,top_SHORT_dow_trend_down_ll_lh|structure_SHORT_ordered_dow_wave3_break_below_swing_low|structure_break_recent_confirmed_swing_break_failed|primary_break_recent_confirmed_swing_break_continuation,none,below_75sma_falling,below_75sma_falling,above_75sma_flat_or_falling,-1,0.00000000,0,1.08290000,false,off,NONE,NONE,0.00000000,0.00000000,0.0000,none,0.000,true,LONG,return_high_break_or_bos_up,1.08516000,21,1.08548000,1.08192000,false,off,independent,false,,,false,0.0000,none,0.0000,0.0000,none,0.0000,0.0000,0.0000,none,0.0000,0,0,0.0000,none,none,none,none,0.0000,0,0.0000,none,false,true,not_evaluated,true,required_light_or_anchor_flip,bias_flip_down,1.08383000,2025.03.20 20:15:00,1.08548000,2025.03.20 15:00:00,2025.03.20 23:30:00,true,SHORT,1.08383000,1.08349000,0.5756,15,true,2025.03.21 06:30:00,15,SHORT,1.08383000,1.08349000,0.5756,0.7110,strong,2025.03.21 10:15:00,first_after_anchor,true,SHORT,15,0,15,false,false,old_13_24,false,true,false,true,none,true,required,false,PERIOD_M5,,,-1,0.0000,false,0.00000000,0.0000,false,0.0000,false,none,none,false,no_anchor_flip_in_entry_direction,true,required_first_signal_only,LONG,unknown,0.00000000,,0.00000000,,false,,-1,false,NONE,0.00000000,,0.00000000,0.0000,0.0000,none,-1,false,false,false,no_anchor_flip_in_entry_direction,,,,false,false,false,-1,-1,-1,-1,-1,false,false,false,0.0000,range_n,true,1.08583000,1.08383000,3.3857,true,0.7110,0.5800,15,strong,true,0.4607,preferred_382_618,0.200,diagnostic_only,diagnostic_only,diagnostic_only,fib_pullback,24,0.400,true,none,0.550,high_quality,false,false,diagnostic_only,both,true,none,true,diagnostic_adjacent_detected,required_light,false,false,SHORT,3,false,false,0,,,-1,0.0000,0.00000000,0.00000000,0.00000000,false,false,none,0.00000000,false,0.0000,0.0000,false,1,0.0000,false,-1,0.00000000,0.0000,off,false,not_evaluated,none,0.0000,0.0000,none,false,false,false,0.0000,none,false,none,0.0000,false,none,0.0000,0.0000,0.0000,0.0000,false,none,0.0000,none,none,false,false,none,0.0000,0.0000,0.0000,0.0000,none,false,false,0.0000,0.0000,false,false,-1,none,none,false,0.000,0.000,1.08477000,1.08370000,1.08477000,structure_confirmed_swing_low,0.00093000,0.7381,session_high|opening_range_high|neckline_level,1.08370000,0.3333,false,true,true,false,not_blocked,3,2,1,m5_failure_exit,off,none,0.00000000,0.0000,1.30,1.08548000,4.500,-0.300,0.200,PERIOD_M15,1.08548000,1.08477000,2.3099,outside,0.000,true,1.08384000,1.08258000,0.00126000,1.08548000,1.302,0.00042000,18.00,30-60,true,false,none,blocked_spread_too_high,4.800,4.800,none,0.0000,false,opposite_break_first,true,opposite_break_first,spread_too_high
2025.03.21 19:35:00,signal,session_reversal_pullback_one_symbol_first120,EURJPY,LONG,2025.03.21 19:30:00,19,16,1,new_york,2025.03.21 16:00,30,first_120min,true,true,3,EURJPY,highest_score_in_session_bar,new_york=USDJPY|EURJPY|GBPJPY|AUDJPY|EURUSD|GBPUSD,existing_first120_gate,new_york,false,false,true,passed_first_window,inverse_head_and_shoulders,neckline_break_retest,161.18400000,PERIOD_M5,PERIOD_H1,PERIOD_M15,PERIOD_M5,PERIOD_M5,false,htf_soft_alignment,current_post_filter,transcript_post_filter,dow_trend_down_ll_lh,structure_trend_bias_dow_trend_down_ll_lh,dow_trend_down_ll_lh,structure_trend_bias_dow_trend_down_ll_lh,false,true,false,LONG,PERIOD_M5,inverse_head_and_shoulders,inverse_head_and_shoulders,4.500,none,0.000,inverse_head_and_shoulders,4.500,none,0.000,LONG,false,PERIOD_H1_SHORT_dow_trend_down_ll_lh|PERIOD_M15_SHORT_structure_trend_bias_dow_trend_down_ll_lh,true,h1_counter_m15_reversal,true,top_SHORT_dow_trend_down_ll_lh|structure_SHORT_structure_trend_bias_dow_trend_down_ll_lh|structure_break_recent_confirmed_swing_break_failed|primary_break_recent_confirmed_swing_break_retest,none,below_75sma_falling,below_75sma_falling,above_75sma_flat_or_falling,-1,0.00000000,0,161.18700000,false,off,NONE,NONE,0.00000000,0.00000000,0.0000,none,0.000,true,LONG,return_high_break_or_bos_up,161.55200000,17,161.93000000,160.72600000,false,off,independent,false,,,false,0.0000,none,0.0000,0.0000,none,0.0000,0.0000,0.0000,none,0.0000,0,0,0.0000,none,none,none,none,0.0000,0,0.0000,none,false,true,not_evaluated,true,required_light_or_anchor_flip,short_bias,161.59000000,2025.03.21 11:30:00,161.66700000,2025.03.21 15:00:00,2025.03.21 16:00:00,false,NONE,0.00000000,0.00000000,0.0000,-1,false,,-1,NONE,0.00000000,0.00000000,0.0000,0.0000,none,,none,false,NONE,-1,-1,-1,false,false,none,false,true,false,true,none,true,required,false,PERIOD_M5,,,-1,0.0000,false,0.00000000,0.0000,false,0.0000,false,none,none,false,no_anchor_flip_in_entry_direction,true,required_first_signal_only,LONG,unknown,0.00000000,,0.00000000,,false,,-1,false,NONE,0.00000000,,0.00000000,0.0000,0.0000,none,-1,false,false,false,no_anchor_flip_in_entry_direction,,,,false,false,false,-1,-1,-1,-1,-1,false,false,false,0.0000,range_n,true,161.73800000,160.89200000,4.8721,false,0.0000,0.0000,0,none,true,0.5033,preferred_382_618,0.200,diagnostic_only,diagnostic_only,diagnostic_only,deep_pullback,24,0.400,true,none,0.550,high_quality,false,false,diagnostic_only,both,true,none,true,diagnostic_adjacent_detected,required_light,false,false,SHORT,6,false,false,2,2025.03.21 17:20:00,2025.03.21 18:50:00,8,5.5912,161.18700000,0.00000000,161.18700000,true,true,m5_lh_close_break_up,161.18700000,true,0.3610,1.2503,true,1,0.0000,true,3,161.18700000,0.0969,off,false,not_evaluated,none,0.8295,0.1705,very_strong,true,false,false,0.0000,held_clean,true,favorable_side,0.2233,false,clean_retest,4.0591,2.6855,1.5115,2.9057,false,no_shrink,0.0000,none,none,false,false,none,0.0000,0.0000,0.0000,0.0000,none,false,false,0.0000,0.0000,false,false,-1,none,none,false,0.000,0.000,161.36100000,161.30100000,161.36100000,structure_confirmed_swing_high,0.03700000,0.1085,session_high|opening_range_high|neckline_level,161.30100000,0.2025,false,true,true,false,not_blocked,2,1,1,m5_failure_exit,off,none,0.00000000,0.0000,1.30,161.76700000,4.500,-0.300,0.200,PERIOD_M15,161.36100000,160.89200000,0.0789,outside,0.000,true,161.32400000,160.98300000,0.34100000,161.76700000,1.299,0.11357143,31.00,30-60,true,false,none,not_consumed,4.800,4.800,none,0.0000,false,neckline_retest_failed,false,not_invalidated,spread_too_high
2025.03.21 19:35:00,blocked,session_reversal_pullback_one_symbol_first120,EURJPY,LONG,2025.03.21 19:30:00,19,16,1,new_york,2025.03.21 16:00,30,first_120min,true,true,3,EURJPY,highest_score_in_session_bar,new_york=USDJPY|EURJPY|GBPJPY|AUDJPY|EURUSD|GBPUSD,existing_first120_gate,new_york,false,false,true,passed_first_window,inverse_head_and_shoulders,neckline_break_retest,161.18400000,PERIOD_M5,PERIOD_H1,PERIOD_M15,PERIOD_M5,PERIOD_M5,false,htf_soft_alignment,current_post_filter,transcript_post_filter,dow_trend_down_ll_lh,structure_trend_bias_dow_trend_down_ll_lh,dow_trend_down_ll_lh,structure_trend_bias_dow_trend_down_ll_lh,false,true,false,LONG,PERIOD_M5,inverse_head_and_shoulders,inverse_head_and_shoulders,4.500,none,0.000,inverse_head_and_shoulders,4.500,none,0.000,LONG,false,PERIOD_H1_SHORT_dow_trend_down_ll_lh|PERIOD_M15_SHORT_structure_trend_bias_dow_trend_down_ll_lh,true,h1_counter_m15_reversal,true,top_SHORT_dow_trend_down_ll_lh|structure_SHORT_structure_trend_bias_dow_trend_down_ll_lh|structure_break_recent_confirmed_swing_break_failed|primary_break_recent_confirmed_swing_break_retest,none,below_75sma_falling,below_75sma_falling,above_75sma_flat_or_falling,-1,0.00000000,0,161.18700000,false,off,NONE,NONE,0.00000000,0.00000000,0.0000,none,0.000,true,LONG,return_high_break_or_bos_up,161.55200000,17,161.93000000,160.72600000,false,off,independent,false,,,false,0.0000,none,0.0000,0.0000,none,0.0000,0.0000,0.0000,none,0.0000,0,0,0.0000,none,none,none,none,0.0000,0,0.0000,none,false,true,not_evaluated,true,required_light_or_anchor_flip,short_bias,161.59000000,2025.03.21 11:30:00,161.66700000,2025.03.21 15:00:00,2025.03.21 16:00:00,false,NONE,0.00000000,0.00000000,0.0000,-1,false,,-1,NONE,0.00000000,0.00000000,0.0000,0.0000,none,,none,false,NONE,-1,-1,-1,false,false,none,false,true,false,true,none,true,required,false,PERIOD_M5,,,-1,0.0000,false,0.00000000,0.0000,false,0.0000,false,none,none,false,no_anchor_flip_in_entry_direction,true,required_first_signal_only,LONG,unknown,0.00000000,,0.00000000,,false,,-1,false,NONE,0.00000000,,0.00000000,0.0000,0.0000,none,-1,false,false,false,no_anchor_flip_in_entry_direction,,,,false,false,false,-1,-1,-1,-1,-1,false,false,false,0.0000,range_n,true,161.73800000,160.89200000,4.8721,false,0.0000,0.0000,0,none,true,0.5033,preferred_382_618,0.200,diagnostic_only,diagnostic_only,diagnostic_only,deep_pullback,24,0.400,true,none,0.550,high_quality,false,false,diagnostic_only,both,true,none,true,diagnostic_adjacent_detected,required_light,false,false,SHORT,6,false,false,2,2025.03.21 17:20:00,2025.03.21 18:50:00,8,5.5912,161.18700000,0.00000000,161.18700000,true,true,m5_lh_close_break_up,161.18700000,true,0.3610,1.2503,true,1,0.0000,true,3,161.18700000,0.0969,off,false,not_evaluated,none,0.8295,0.1705,very_strong,true,false,false,0.0000,held_clean,true,favorable_side,0.2233,false,clean_retest,4.0591,2.6855,1.5115,2.9057,false,no_shrink,0.0000,none,none,false,false,none,0.0000,0.0000,0.0000,0.0000,none,false,false,0.0000,0.0000,false,false,-1,none,none,false,0.000,0.000,161.36100000,161.30100000,161.36100000,structure_confirmed_swing_high,0.03700000,0.1085,session_high|opening_range_high|neckline_level,161.30100000,0.2025,false,true,true,false,not_blocked,2,1,1,m5_failure_exit,off,none,0.00000000,0.0000,1.30,161.76700000,4.500,-0.300,0.200,PERIOD_M15,161.36100000,160.89200000,0.0789,outside,0.000,true,161.32400000,160.98300000,0.34100000,161.76700000,1.299,0.11357143,31.00,30-60,true,false,none,blocked_spread_too_high,4.800,4.800,none,0.0000,false,neckline_retest_failed,false,not_invalidated,spread_too_high
2025.03.24 17:05:00,signal,session_reversal_pullback_one_symbol_first120,GBPUSD,SHORT,2025.03.24 17:00:00,17,14,23,london_newyork_overlap,2025.03.24 13:00,60,first_120min,false,true,3,GBPUSD,highest_score_in_session_bar,london_newyork_overlap=USDJPY|EURJPY|GBPJPY|AUDJPY|EURUSD|GBPUSD,existing_first120_gate,london_newyork_overlap,true,false,true,passed_first_window,head_and_shoulders,neckline_break_retest,1.29266000,PERIOD_M5,PERIOD_H1,PERIOD_M15,PERIOD_M5,PERIOD_M5,false,htf_soft_alignment,current_post_filter,transcript_post_filter,dow_range_or_transition,no_ordered_dow_wave3_break,dow_range_or_transition,no_ordered_dow_wave3_break,false,false,true,SHORT,PERIOD_M5,head_and_shoulders,head_and_shoulders,4.500,none,0.000,head_and_shoulders,4.500,none,0.000,SHORT,false,PERIOD_H1_NONE_dow_range_or_transition|PERIOD_M15_NONE_no_ordered_dow_wave3_break,true,h1_counter_m15_reversal,true,top_NONE_dow_range_or_transition|structure_NONE_no_ordered_dow_wave3_break|structure_break_recent_confirmed_swing_break_retest|primary_break_recent_confirmed_swing_break_retest,none,below_75sma_falling,below_75sma_flat_or_rising,below_75sma_falling,0,1.29191000,0,1.29273000,false,off,NONE,NONE,0.00000000,0.00000000,0.0000,none,0.000,true,SHORT,return_low_break_or_bos_down,1.29191000,0,1.29732000,1.29104000,false,off,independent,false,,,false,0.0000,none,0.0000,0.0000,none,0.0000,0.0000,0.0000,none,0.0000,0,0,0.0000,none,none,none,none,0.0000,0,0.0000,none,false,true,not_evaluated,true,required_light_or_anchor_flip,bias_flip_down,1.29387000,2025.03.24 12:15:00,1.29294000,2025.03.24 05:30:00,2025.03.24 13:30:00,true,SHORT,1.29387000,1.29330000,0.6148,3,true,2025.03.24 16:00:00,3,SHORT,1.29387000,1.29330000,0.6148,1.0462,strong,2025.03.24 16:45:00,first_after_anchor,true,SHORT,3,0,3,true,false,fresh_0_4,true,false,false,true,none,true,required,true,PERIOD_M5,2025.03.24 16:05:00,2025.03.24 16:05:00,12,0.3159,true,1.29387000,0.3159,false,0.0000,true,m5_bos_down_after_anchor_retest,retest_reconfirm,true,none,true,required_first_signal_only,SHORT,unknown,0.00000000,,0.00000000,,false,,-1,false,NONE,0.00000000,,0.00000000,0.0000,0.0000,none,-1,false,false,false,insufficient_confirmed_m5_pivots,GBPUSD|SHORT|1742832000|1.29387,,,false,false,false,-1,-1,-1,-1,-1,false,false,false,0.0000,rising_n,false,1.29732000,1.29104000,6.7735,true,1.0462,0.1182,1,strong,true,0.3467,shallow_236_382,0.080,diagnostic_only,diagnostic_only,diagnostic_only,shallow_pullback,13,0.370,true,none,0.520,high_quality,false,false,diagnostic_only,both,true,none,true,diagnostic_adjacent_detected,required_light,false,false,LONG,2,false,false,0,,,-1,0.0000,0.00000000,0.00000000,0.00000000,false,false,none,0.00000000,false,0.0000,0.0000,false,1,0.0000,false,-1,0.00000000,0.0000,off,false,not_evaluated,none,0.0000,0.0000,none,false,false,false,0.0000,none,false,none,0.0000,false,none,0.0000,0.0000,0.0000,0.0000,false,none,0.0000,none,none,false,false,none,0.0000,0.0000,0.0000,0.0000,none,false,false,0.0000,0.0000,false,false,-1,none,none,false,0.000,0.000,1.29266000,1.29129000,1.29129000,session_low,0.00114000,0.6230,opening_range_low|neckline_level,1.29266000,0.3303,false,true,false,false,not_blocked,2,2,0,m5_failure_exit,off,none,0.00000000,0.0000,1.30,1.29006000,4.500,-0.300,0.200,PERIOD_M15,1.29732000,1.29387000,-0.4174,outside,0.000,true,1.29243000,1.29426000,0.00183000,1.29006000,1.295,0.00069643,20.00,60-90,true,false,none,not_consumed,5.150,5.150,none,0.0000,false,neckline_retest_failed,false,not_invalidated,spread_too_high
2025.03.24 17:05:00,blocked,session_reversal_pullback_one_symbol_first120,GBPUSD,SHORT,2025.03.24 17:00:00,17,14,23,london_newyork_overlap,2025.03.24 13:00,60,first_120min,false,true,3,GBPUSD,highest_score_in_session_bar,london_newyork_overlap=USDJPY|EURJPY|GBPJPY|AUDJPY|EURUSD|GBPUSD,existing_first120_gate,london_newyork_overlap,true,false,true,passed_first_window,head_and_shoulders,neckline_break_retest,1.29266000,PERIOD_M5,PERIOD_H1,PERIOD_M15,PERIOD_M5,PERIOD_M5,false,htf_soft_alignment,current_post_filter,transcript_post_filter,dow_range_or_transition,no_ordered_dow_wave3_break,dow_range_or_transition,no_ordered_dow_wave3_break,false,false,true,SHORT,PERIOD_M5,head_and_shoulders,head_and_shoulders,4.500,none,0.000,head_and_shoulders,4.500,none,0.000,SHORT,false,PERIOD_H1_NONE_dow_range_or_transition|PERIOD_M15_NONE_no_ordered_dow_wave3_break,true,h1_counter_m15_reversal,true,top_NONE_dow_range_or_transition|structure_NONE_no_ordered_dow_wave3_break|structure_break_recent_confirmed_swing_break_retest|primary_break_recent_confirmed_swing_break_retest,none,below_75sma_falling,below_75sma_flat_or_rising,below_75sma_falling,0,1.29191000,0,1.29273000,false,off,NONE,NONE,0.00000000,0.00000000,0.0000,none,0.000,true,SHORT,return_low_break_or_bos_down,1.29191000,0,1.29732000,1.29104000,false,off,independent,false,,,false,0.0000,none,0.0000,0.0000,none,0.0000,0.0000,0.0000,none,0.0000,0,0,0.0000,none,none,none,none,0.0000,0,0.0000,none,false,true,not_evaluated,true,required_light_or_anchor_flip,bias_flip_down,1.29387000,2025.03.24 12:15:00,1.29294000,2025.03.24 05:30:00,2025.03.24 13:30:00,true,SHORT,1.29387000,1.29330000,0.6148,3,true,2025.03.24 16:00:00,3,SHORT,1.29387000,1.29330000,0.6148,1.0462,strong,2025.03.24 16:45:00,first_after_anchor,true,SHORT,3,0,3,true,false,fresh_0_4,true,false,false,true,none,true,required,true,PERIOD_M5,2025.03.24 16:05:00,2025.03.24 16:05:00,12,0.3159,true,1.29387000,0.3159,false,0.0000,true,m5_bos_down_after_anchor_retest,retest_reconfirm,true,none,true,required_first_signal_only,SHORT,unknown,0.00000000,,0.00000000,,false,,-1,false,NONE,0.00000000,,0.00000000,0.0000,0.0000,none,-1,false,false,false,insufficient_confirmed_m5_pivots,GBPUSD|SHORT|1742832000|1.29387,,,false,false,false,-1,-1,-1,-1,-1,false,false,false,0.0000,rising_n,false,1.29732000,1.29104000,6.7735,true,1.0462,0.1182,1,strong,true,0.3467,shallow_236_382,0.080,diagnostic_only,diagnostic_only,diagnostic_only,shallow_pullback,13,0.370,true,none,0.520,high_quality,false,false,diagnostic_only,both,true,none,true,diagnostic_adjacent_detected,required_light,false,false,LONG,2,false,false,0,,,-1,0.0000,0.00000000,0.00000000,0.00000000,false,false,none,0.00000000,false,0.0000,0.0000,false,1,0.0000,false,-1,0.00000000,0.0000,off,false,not_evaluated,none,0.0000,0.0000,none,false,false,false,0.0000,none,false,none,0.0000,false,none,0.0000,0.0000,0.0000,0.0000,false,none,0.0000,none,none,false,false,none,0.0000,0.0000,0.0000,0.0000,none,false,false,0.0000,0.0000,false,false,-1,none,none,false,0.000,0.000,1.29266000,1.29129000,1.29129000,session_low,0.00114000,0.6230,opening_range_low|neckline_level,1.29266000,0.3303,false,true,false,false,not_blocked,2,2,0,m5_failure_exit,off,none,0.00000000,0.0000,1.30,1.29006000,4.500,-0.300,0.200,PERIOD_M15,1.29732000,1.29387000,-0.4174,outside,0.000,true,1.29243000,1.29426000,0.00183000,1.29006000,1.295,0.00069643,20.00,60-90,true,false,none,blocked_spread_too_high,5.150,5.150,none,0.0000,false,neckline_retest_failed,false,not_invalidated,spread_too_high
2025.03.25 10:10:00,signal,session_reversal_pullback_one_symbol_first120,EURUSD,SHORT,2025.03.25 10:05:00,10,7,16,london,2025.03.25 07:00,5,first_120min,true,true,3,EURUSD,highest_score_in_session_bar,london=USDJPY|EURJPY|GBPJPY|AUDJPY|EURUSD|GBPUSD,existing_first120_gate,london,true,false,true,passed_first_window,head_and_shoulders,neckline_break_retest,1.08001000,PERIOD_M5,PERIOD_H1,PERIOD_M15,PERIOD_M5,PERIOD_M5,false,htf_soft_alignment,current_post_filter,transcript_post_filter,dow_range_or_transition,no_ordered_dow_wave3_break,dow_range_or_transition,no_ordered_dow_wave3_break,false,false,true,SHORT,PERIOD_M5,head_and_shoulders,head_and_shoulders,4.500,none,0.000,head_and_shoulders,4.500,none,0.000,SHORT,false,PERIOD_H1_NONE_dow_range_or_transition|PERIOD_M15_NONE_no_ordered_dow_wave3_break,true,h1_counter_m15_reversal,true,top_NONE_dow_range_or_transition|structure_NONE_no_ordered_dow_wave3_break|structure_break_recent_confirmed_swing_break_retest|primary_break_recent_confirmed_swing_break_continuation,none,below_75sma_falling,below_75sma_falling,below_75sma_falling,0,1.07952000,0,1.08014000,false,off,NONE,NONE,0.00000000,0.00000000,0.0000,none,0.000,true,SHORT,return_low_break_or_bos_down,1.07952000,0,1.08081000,1.07934000,false,off,independent,false,,,false,0.0000,none,0.0000,0.0000,none,0.0000,0.0000,0.0000,none,0.0000,0,0,0.0000,none,none,none,none,0.0000,0,0.0000,none,false,true,not_evaluated,true,required_light_or_anchor_flip,long_bias,1.07934000,2025.03.25 05:45:00,1.08074000,2025.03.25 04:15:00,2025.03.25 07:30:00,false,NONE,0.00000000,0.00000000,0.0000,-1,false,,-1,NONE,0.00000000,0.00000000,0.0000,0.0000,none,,none,false,NONE,-1,-1,-1,false,false,none,false,true,false,true,none,true,required,false,PERIOD_M5,,,-1,0.0000,false,0.00000000,0.0000,false,0.0000,false,none,none,false,no_anchor_flip_in_entry_direction,true,required_first_signal_only,SHORT,unknown,0.00000000,,0.00000000,,false,,-1,false,NONE,0.00000000,,0.00000000,0.0000,0.0000,none,-1,false,false,false,no_anchor_flip_in_entry_direction,,,,false,false,false,-1,-1,-1,-1,-1,false,false,false,0.0000,range_n,true,1.08081000,1.07934000,3.7350,false,0.0000,0.0000,0,none,true,0.3946,preferred_382_618,0.200,diagnostic_only,diagnostic_only,diagnostic_only,fib_pullback,9,0.440,true,none,0.590,high_quality,false,false,diagnostic_only,both,true,none,true,diagnostic_adjacent_detected,required_light,false,false,LONG,4,false,false,0,2025.03.25 07:30:00,2025.03.25 09:45:00,4,5.1409,0.00000000,1.07922000,1.07922000,false,false,none,0.00000000,false,0.0000,0.0000,false,1,0.0000,false,-1,0.00000000,0.0000,off,false,not_evaluated,none,0.0000,0.0000,none,false,false,false,0.0000,none,false,none,0.0000,false,none,4.5912,2.1663,2.1194,0.0000,true,strong_exhaustion,0.0000,none,none,false,false,none,0.0000,0.0000,0.0000,0.0000,none,false,false,0.0000,0.0000,false,false,-1,none,none,false,0.000,0.000,1.07994000,1.07980000,1.07980000,wick_cluster_zone,0.00012000,0.2609,neckline_level,1.08001000,0.2910,false,true,true,false,not_blocked,9,4,5,m5_failure_exit,off,none,0.00000000,0.0000,1.30,1.07933000,4.500,-0.300,0.200,PERIOD_M15,1.08081000,1.07934000,0.3946,preferred_382_618,0.000,true,1.07992000,1.08038000,0.00046000,1.07933000,1.283,0.00030929,18.00,0-30,true,false,none,not_consumed,5.150,5.150,none,0.0000,false,opposite_break_first,true,opposite_break_first,spread_too_high
2025.03.25 10:10:00,blocked,session_reversal_pullback_one_symbol_first120,EURUSD,SHORT,2025.03.25 10:05:00,10,7,16,london,2025.03.25 07:00,5,first_120min,true,true,3,EURUSD,highest_score_in_session_bar,london=USDJPY|EURJPY|GBPJPY|AUDJPY|EURUSD|GBPUSD,existing_first120_gate,london,true,false,true,passed_first_window,head_and_shoulders,neckline_break_retest,1.08001000,PERIOD_M5,PERIOD_H1,PERIOD_M15,PERIOD_M5,PERIOD_M5,false,htf_soft_alignment,current_post_filter,transcript_post_filter,dow_range_or_transition,no_ordered_dow_wave3_break,dow_range_or_transition,no_ordered_dow_wave3_break,false,false,true,SHORT,PERIOD_M5,head_and_shoulders,head_and_shoulders,4.500,none,0.000,head_and_shoulders,4.500,none,0.000,SHORT,false,PERIOD_H1_NONE_dow_range_or_transition|PERIOD_M15_NONE_no_ordered_dow_wave3_break,true,h1_counter_m15_reversal,true,top_NONE_dow_range_or_transition|structure_NONE_no_ordered_dow_wave3_break|structure_break_recent_confirmed_swing_break_retest|primary_break_recent_confirmed_swing_break_continuation,none,below_75sma_falling,below_75sma_falling,below_75sma_falling,0,1.07952000,0,1.08014000,false,off,NONE,NONE,0.00000000,0.00000000,0.0000,none,0.000,true,SHORT,return_low_break_or_bos_down,1.07952000,0,1.08081000,1.07934000,false,off,independent,false,,,false,0.0000,none,0.0000,0.0000,none,0.0000,0.0000,0.0000,none,0.0000,0,0,0.0000,none,none,none,none,0.0000,0,0.0000,none,false,true,not_evaluated,true,required_light_or_anchor_flip,long_bias,1.07934000,2025.03.25 05:45:00,1.08074000,2025.03.25 04:15:00,2025.03.25 07:30:00,false,NONE,0.00000000,0.00000000,0.0000,-1,false,,-1,NONE,0.00000000,0.00000000,0.0000,0.0000,none,,none,false,NONE,-1,-1,-1,false,false,none,false,true,false,true,none,true,required,false,PERIOD_M5,,,-1,0.0000,false,0.00000000,0.0000,false,0.0000,false,none,none,false,no_anchor_flip_in_entry_direction,true,required_first_signal_only,SHORT,unknown,0.00000000,,0.00000000,,false,,-1,false,NONE,0.00000000,,0.00000000,0.0000,0.0000,none,-1,false,false,false,no_anchor_flip_in_entry_direction,,,,false,false,false,-1,-1,-1,-1,-1,false,false,false,0.0000,range_n,true,1.08081000,1.07934000,3.7350,false,0.0000,0.0000,0,none,true,0.3946,preferred_382_618,0.200,diagnostic_only,diagnostic_only,diagnostic_only,fib_pullback,9,0.440,true,none,0.590,high_quality,false,false,diagnostic_only,both,true,none,true,diagnostic_adjacent_detected,required_light,false,false,LONG,4,false,false,0,2025.03.25 07:30:00,2025.03.25 09:45:00,4,5.1409,0.00000000,1.07922000,1.07922000,false,false,none,0.00000000,false,0.0000,0.0000,false,1,0.0000,false,-1,0.00000000,0.0000,off,false,not_evaluated,none,0.0000,0.0000,none,false,false,false,0.0000,none,false,none,0.0000,false,none,4.5912,2.1663,2.1194,0.0000,true,strong_exhaustion,0.0000,none,none,false,false,none,0.0000,0.0000,0.0000,0.0000,none,false,false,0.0000,0.0000,false,false,-1,none,none,false,0.000,0.000,1.07994000,1.07980000,1.07980000,wick_cluster_zone,0.00012000,0.2609,neckline_level,1.08001000,0.2910,false,true,true,false,not_blocked,9,4,5,m5_failure_exit,off,none,0.00000000,0.0000,1.30,1.07933000,4.500,-0.300,0.200,PERIOD_M15,1.08081000,1.07934000,0.3946,preferred_382_618,0.000,true,1.07992000,1.08038000,0.00046000,1.07933000,1.283,0.00030929,18.00,0-30,true,false,none,blocked_spread_too_high,5.150,5.150,none,0.0000,false,opposite_break_first,true,opposite_break_first,spread_too_high
2025.03.25 16:20:00,signal,session_reversal_pullback_one_symbol_first120,AUDJPY,SHORT,2025.03.25 16:15:00,16,13,22,london_newyork_overlap,2025.03.25 13:00,15,first_120min,true,true,3,AUDJPY,highest_score_in_session_bar,london_newyork_overlap=USDJPY|EURJPY|GBPJPY|AUDJPY|EURUSD|GBPUSD,existing_first120_gate,london_newyork_overlap,false,false,true,passed_first_window,head_and_shoulders,neckline_break_retest,94.79100000,PERIOD_M5,PERIOD_H1,PERIOD_M15,PERIOD_M5,PERIOD_M5,false,htf_soft_alignment,current_post_filter,transcript_post_filter,dow_trend_up_hh_hl,structure_trend_bias_dow_trend_up_hh_hl,dow_trend_up_hh_hl,structure_trend_bias_dow_trend_up_hh_hl,false,false,true,SHORT,PERIOD_M5,head_and_shoulders,head_and_shoulders,4.500,none,0.000,head_and_shoulders,4.500,none,0.000,SHORT,false,PERIOD_H1_LONG_dow_trend_up_hh_hl|PERIOD_M15_LONG_structure_trend_bias_dow_trend_up_hh_hl,true,h1_counter_m15_reversal,true,top_LONG_dow_trend_up_hh_hl|structure_LONG_structure_trend_bias_dow_trend_up_hh_hl|structure_break_recent_confirmed_swing_break_failed|primary_break_recent_confirmed_swing_break_retest,none,above_75sma_rising,above_75sma_rising,below_75sma_flat_or_rising,-1,0.00000000,0,94.78300000,false,off,NONE,NONE,0.00000000,0.00000000,0.0000,none,0.000,true,SHORT,return_low_break_or_bos_down,94.65400000,17,94.89800000,94.56200000,false,off,independent,false,,,false,0.0000,none,0.0000,0.0000,none,0.0000,0.0000,0.0000,none,0.0000,0,0,0.0000,none,none,none,none,0.0000,0,0.0000,none,false,true,not_evaluated,true,required_light_or_anchor_flip,long_bias,94.56200000,2025.03.25 11:15:00,94.68400000,2025.03.25 09:15:00,2025.03.25 14:30:00,false,NONE,0.00000000,0.00000000,0.0000,-1,false,,-1,NONE,0.00000000,0.00000000,0.0000,0.0000,none,,none,false,NONE,-1,-1,-1,false,false,none,false,true,false,true,none,true,required,false,PERIOD_M5,,,-1,0.0000,false,0.00000000,0.0000,false,0.0000,false,none,none,false,no_anchor_flip_in_entry_direction,true,required_first_signal_only,SHORT,unknown,0.00000000,,0.00000000,,false,,-1,false,NONE,0.00000000,,0.00000000,0.0000,0.0000,none,-1,false,false,false,no_anchor_flip_in_entry_direction,,,,false,false,false,-1,-1,-1,-1,-1,false,false,false,0.0000,rising_n,false,94.89800000,94.54400000,4.4568,false,0.0000,0.0000,0,none,true,0.5119,preferred_382_618,0.200,diagnostic_only,diagnostic_only,diagnostic_only,shallow_pullback,6,0.440,true,none,0.590,high_quality,false,false,diagnostic_only,both,true,none,true,diagnostic_adjacent_detected,required_light,false,false,LONG,6,false,false,0,2025.03.25 14:05:00,2025.03.25 15:45:00,6,4.5705,0.00000000,94.69200000,94.69200000,false,false,none,0.00000000,false,0.0000,0.0000,false,1,0.0000,false,-1,0.00000000,0.0000,off,false,not_evaluated,none,0.0000,0.0000,none,false,false,false,0.0000,none,false,none,0.0000,false,none,4.5705,2.5293,1.8070,0.0222,true,strong_exhaustion,0.0000,none,none,false,false,none,0.0000,0.0000,0.0000,0.0000,none,false,false,0.0000,0.0000,false,false,-1,none,none,false,0.000,0.000,94.73900000,94.73100000,94.73000000,previous_day_high,0.00400000,0.0305,session_low|opening_range_low|neckline_level,94.73100000,0.0666,false,true,false,false,not_blocked,2,2,0,m5_failure_exit,off,none,0.00000000,0.0000,1.30,94.56400000,4.500,-0.300,0.200,PERIOD_M15,94.89800000,94.56200000,0.5119,preferred_382_618,0.000,true,94.73400000,94.86500000,0.13100000,94.56400000,1.298,0.04507143,28.00,0-30,true,false,none,not_consumed,4.800,4.800,none,0.0000,false,neckline_retest_failed,false,not_invalidated,spread_too_high
2025.03.25 16:20:00,blocked,session_reversal_pullback_one_symbol_first120,AUDJPY,SHORT,2025.03.25 16:15:00,16,13,22,london_newyork_overlap,2025.03.25 13:00,15,first_120min,true,true,3,AUDJPY,highest_score_in_session_bar,london_newyork_overlap=USDJPY|EURJPY|GBPJPY|AUDJPY|EURUSD|GBPUSD,existing_first120_gate,london_newyork_overlap,false,false,true,passed_first_window,head_and_shoulders,neckline_break_retest,94.79100000,PERIOD_M5,PERIOD_H1,PERIOD_M15,PERIOD_M5,PERIOD_M5,false,htf_soft_alignment,current_post_filter,transcript_post_filter,dow_trend_up_hh_hl,structure_trend_bias_dow_trend_up_hh_hl,dow_trend_up_hh_hl,structure_trend_bias_dow_trend_up_hh_hl,false,false,true,SHORT,PERIOD_M5,head_and_shoulders,head_and_shoulders,4.500,none,0.000,head_and_shoulders,4.500,none,0.000,SHORT,false,PERIOD_H1_LONG_dow_trend_up_hh_hl|PERIOD_M15_LONG_structure_trend_bias_dow_trend_up_hh_hl,true,h1_counter_m15_reversal,true,top_LONG_dow_trend_up_hh_hl|structure_LONG_structure_trend_bias_dow_trend_up_hh_hl|structure_break_recent_confirmed_swing_break_failed|primary_break_recent_confirmed_swing_break_retest,none,above_75sma_rising,above_75sma_rising,below_75sma_flat_or_rising,-1,0.00000000,0,94.78300000,false,off,NONE,NONE,0.00000000,0.00000000,0.0000,none,0.000,true,SHORT,return_low_break_or_bos_down,94.65400000,17,94.89800000,94.56200000,false,off,independent,false,,,false,0.0000,none,0.0000,0.0000,none,0.0000,0.0000,0.0000,none,0.0000,0,0,0.0000,none,none,none,none,0.0000,0,0.0000,none,false,true,not_evaluated,true,required_light_or_anchor_flip,long_bias,94.56200000,2025.03.25 11:15:00,94.68400000,2025.03.25 09:15:00,2025.03.25 14:30:00,false,NONE,0.00000000,0.00000000,0.0000,-1,false,,-1,NONE,0.00000000,0.00000000,0.0000,0.0000,none,,none,false,NONE,-1,-1,-1,false,false,none,false,true,false,true,none,true,required,false,PERIOD_M5,,,-1,0.0000,false,0.00000000,0.0000,false,0.0000,false,none,none,false,no_anchor_flip_in_entry_direction,true,required_first_signal_only,SHORT,unknown,0.00000000,,0.00000000,,false,,-1,false,NONE,0.00000000,,0.00000000,0.0000,0.0000,none,-1,false,false,false,no_anchor_flip_in_entry_direction,,,,false,false,false,-1,-1,-1,-1,-1,false,false,false,0.0000,rising_n,false,94.89800000,94.54400000,4.4568,false,0.0000,0.0000,0,none,true,0.5119,preferred_382_618,0.200,diagnostic_only,diagnostic_only,diagnostic_only,shallow_pullback,6,0.440,true,none,0.590,high_quality,false,false,diagnostic_only,both,true,none,true,diagnostic_adjacent_detected,required_light,false,false,LONG,6,false,false,0,2025.03.25 14:05:00,2025.03.25 15:45:00,6,4.5705,0.00000000,94.69200000,94.69200000,false,false,none,0.00000000,false,0.0000,0.0000,false,1,0.0000,false,-1,0.00000000,0.0000,off,false,not_evaluated,none,0.0000,0.0000,none,false,false,false,0.0000,none,false,none,0.0000,false,none,4.5705,2.5293,1.8070,0.0222,true,strong_exhaustion,0.0000,none,none,false,false,none,0.0000,0.0000,0.0000,0.0000,none,false,false,0.0000,0.0000,false,false,-1,none,none,false,0.000,0.000,94.73900000,94.73100000,94.73000000,previous_day_high,0.00400000,0.0305,session_low|opening_range_low|neckline_level,94.73100000,0.0666,false,true,false,false,not_blocked,2,2,0,m5_failure_exit,off,none,0.00000000,0.0000,1.30,94.56400000,4.500,-0.300,0.200,PERIOD_M15,94.89800000,94.56200000,0.5119,preferred_382_618,0.000,true,94.73400000,94.86500000,0.13100000,94.56400000,1.298,0.04507143,28.00,0-30,true,false,none,blocked_spread_too_high,4.800,4.800,none,0.0000,false,neckline_retest_failed,false,not_invalidated,spread_too_high
2025.03.26 04:40:00,signal,session_reversal_pullback_one_symbol_first120,EURJPY,SHORT,2025.03.26 04:35:00,4,1,10,tokyo,2025.03.26 00:00,95,first_120min,false,true,3,EURJPY,highest_score_in_session_bar,tokyo=USDJPY|EURJPY|GBPJPY|AUDJPY,existing_first120_gate,tokyo,true,false,true,passed_first_window,sweep_high_reclaim,sweep_reclaim_retest,162.06700000,PERIOD_M5,PERIOD_H1,PERIOD_M15,PERIOD_M5,PERIOD_M5,false,htf_soft_alignment,current_post_filter,transcript_post_filter,dow_range_or_transition,ordered_dow_wave3_break_above_swing_high,dow_range_or_transition,ordered_dow_wave3_break_above_swing_high,false,true,true,SHORT,PERIOD_M5,sweep_high_reclaim,sweep_high_reclaim,3.400,none,0.000,sweep_high_reclaim,3.400,none,0.000,SHORT,false,PERIOD_H1_NONE_dow_range_or_transition|PERIOD_M15_LONG_ordered_dow_wave3_break_above_swing_high,true,h1_counter_m15_reversal,true,top_NONE_dow_range_or_transition|structure_LONG_ordered_dow_wave3_break_above_swing_high|structure_break_recent_confirmed_swing_break_failed|primary_break_no_recent_confirmed_swing_break,none,below_75sma_flat_or_rising,below_75sma_falling,above_75sma_rising,-1,0.00000000,-1,0.00000000,false,off,NONE,NONE,0.00000000,0.00000000,0.0000,none,0.000,true,SHORT,return_low_break_or_bos_down,161.78400000,5,162.66700000,161.78400000,false,off,independent,false,,,false,0.0000,none,0.0000,0.0000,none,0.0000,0.0000,0.0000,none,0.0000,0,0,0.0000,none,none,none,none,0.0000,0,0.0000,none,false,true,not_evaluated,true,required_light_or_anchor_flip,bias_flip_up,161.77000000,2025.03.25 19:45:00,161.89200000,2025.03.25 22:45:00,2025.03.26 00:00:00,true,LONG,161.89200000,161.93000000,0.3872,3,true,2025.03.26 03:30:00,3,LONG,161.89200000,161.93000000,0.3872,1.1208,strong,2025.03.26 04:15:00,first_after_anchor,true,LONG,3,0,3,true,false,fresh_0_4,false,true,false,true,none,true,required,false,PERIOD_M5,,,-1,0.0000,false,0.00000000,0.0000,false,0.0000,false,none,none,false,no_anchor_flip_in_entry_direction,true,required_first_signal_only,SHORT,unknown,0.00000000,,0.00000000,,false,,-1,false,NONE,0.00000000,,0.00000000,0.0000,0.0000,none,-1,false,false,false,no_anchor_flip_in_entry_direction,,,,false,false,false,-1,-1,-1,-1,-1,false,false,false,0.0000,range_n,true,161.89200000,161.66300000,2.3333,true,1.1208,0.4301,3,strong,true,0.3046,shallow_236_382,0.080,diagnostic_only,diagnostic_only,diagnostic_only,shallow_pullback,5,0.250,true,none,0.400,medium_quality,false,false,diagnostic_only,both,true,none,true,diagnostic_adjacent_detected,required_light,false,false,LONG,5,false,false,2,2025.03.26 02:35:00,2025.03.26 04:05:00,6,4.3607,0.00000000,161.80100000,161.80100000,false,false,none,0.00000000,false,0.0000,0.0000,false,1,0.0000,false,-1,0.00000000,0.0000,off,false,not_evaluated,none,0.0000,0.0000,none,false,false,false,0.0000,none,false,none,0.0000,false,none,2.3811,1.9365,1.2296,2.4242,false,no_shrink,0.0000,none,none,false,false,none,0.0000,0.0000,0.0000,0.0000,none,false,false,0.0000,0.0000,false,false,-1,none,none,false,0.000,0.000,162.05600000,162.00750000,162.00750000,recent_equal_lows,0.04550000,0.7982,neckline_level,162.06700000,0.2008,false,false,true,false,not_blocked,2,0,2,m5_failure_exit,off,none,0.00000000,0.0000,1.30,161.97900000,3.400,-0.300,0.200,PERIOD_M15,161.81500000,161.66300000,2.5658,outside,0.000,true,162.05300000,162.11000000,0.05700000,161.97900000,1.298,0.06971429,30.00,90-120,true,false,none,not_consumed,3.500,3.500,none,0.0000,false,opposite_break_first,true,opposite_break_first,spread_too_high
2025.03.26 04:40:00,blocked,session_reversal_pullback_one_symbol_first120,EURJPY,SHORT,2025.03.26 04:35:00,4,1,10,tokyo,2025.03.26 00:00,95,first_120min,false,true,3,EURJPY,highest_score_in_session_bar,tokyo=USDJPY|EURJPY|GBPJPY|AUDJPY,existing_first120_gate,tokyo,true,false,true,passed_first_window,sweep_high_reclaim,sweep_reclaim_retest,162.06700000,PERIOD_M5,PERIOD_H1,PERIOD_M15,PERIOD_M5,PERIOD_M5,false,htf_soft_alignment,current_post_filter,transcript_post_filter,dow_range_or_transition,ordered_dow_wave3_break_above_swing_high,dow_range_or_transition,ordered_dow_wave3_break_above_swing_high,false,true,true,SHORT,PERIOD_M5,sweep_high_reclaim,sweep_high_reclaim,3.400,none,0.000,sweep_high_reclaim,3.400,none,0.000,SHORT,false,PERIOD_H1_NONE_dow_range_or_transition|PERIOD_M15_LONG_ordered_dow_wave3_break_above_swing_high,true,h1_counter_m15_reversal,true,top_NONE_dow_range_or_transition|structure_LONG_ordered_dow_wave3_break_above_swing_high|structure_break_recent_confirmed_swing_break_failed|primary_break_no_recent_confirmed_swing_break,none,below_75sma_flat_or_rising,below_75sma_falling,above_75sma_rising,-1,0.00000000,-1,0.00000000,false,off,NONE,NONE,0.00000000,0.00000000,0.0000,none,0.000,true,SHORT,return_low_break_or_bos_down,161.78400000,5,162.66700000,161.78400000,false,off,independent,false,,,false,0.0000,none,0.0000,0.0000,none,0.0000,0.0000,0.0000,none,0.0000,0,0,0.0000,none,none,none,none,0.0000,0,0.0000,none,false,true,not_evaluated,true,required_light_or_anchor_flip,bias_flip_up,161.77000000,2025.03.25 19:45:00,161.89200000,2025.03.25 22:45:00,2025.03.26 00:00:00,true,LONG,161.89200000,161.93000000,0.3872,3,true,2025.03.26 03:30:00,3,LONG,161.89200000,161.93000000,0.3872,1.1208,strong,2025.03.26 04:15:00,first_after_anchor,true,LONG,3,0,3,true,false,fresh_0_4,false,true,false,true,none,true,required,false,PERIOD_M5,,,-1,0.0000,false,0.00000000,0.0000,false,0.0000,false,none,none,false,no_anchor_flip_in_entry_direction,true,required_first_signal_only,SHORT,unknown,0.00000000,,0.00000000,,false,,-1,false,NONE,0.00000000,,0.00000000,0.0000,0.0000,none,-1,false,false,false,no_anchor_flip_in_entry_direction,,,,false,false,false,-1,-1,-1,-1,-1,false,false,false,0.0000,range_n,true,161.89200000,161.66300000,2.3333,true,1.1208,0.4301,3,strong,true,0.3046,shallow_236_382,0.080,diagnostic_only,diagnostic_only,diagnostic_only,shallow_pullback,5,0.250,true,none,0.400,medium_quality,false,false,diagnostic_only,both,true,none,true,diagnostic_adjacent_detected,required_light,false,false,LONG,5,false,false,2,2025.03.26 02:35:00,2025.03.26 04:05:00,6,4.3607,0.00000000,161.80100000,161.80100000,false,false,none,0.00000000,false,0.0000,0.0000,false,1,0.0000,false,-1,0.00000000,0.0000,off,false,not_evaluated,none,0.0000,0.0000,none,false,false,false,0.0000,none,false,none,0.0000,false,none,2.3811,1.9365,1.2296,2.4242,false,no_shrink,0.0000,none,none,false,false,none,0.0000,0.0000,0.0000,0.0000,none,false,false,0.0000,0.0000,false,false,-1,none,none,false,0.000,0.000,162.05600000,162.00750000,162.00750000,recent_equal_lows,0.04550000,0.7982,neckline_level,162.06700000,0.2008,false,false,true,false,not_blocked,2,0,2,m5_failure_exit,off,none,0.00000000,0.0000,1.30,161.97900000,3.400,-0.300,0.200,PERIOD_M15,161.81500000,161.66300000,2.5658,outside,0.000,true,162.05300000,162.11000000,0.05700000,161.97900000,1.298,0.06971429,30.00,90-120,true,false,none,blocked_spread_too_high,3.500,3.500,none,0.0000,false,opposite_break_first,true,opposite_break_first,spread_too_high
2025.03.26 10:15:00,signal,session_reversal_pullback_one_symbol_first120,EURUSD,LONG,2025.03.26 10:10:00,10,7,16,london,2025.03.26 07:00,10,first_120min,true,true,3,EURUSD,highest_score_in_session_bar,london=USDJPY|EURJPY|GBPJPY|AUDJPY|EURUSD|GBPUSD,existing_first120_gate,london,false,false,true,passed_first_window,sweep_low_reclaim,sweep_reclaim_retest,1.07814000,PERIOD_M5,PERIOD_H1,PERIOD_M15,PERIOD_M5,PERIOD_M5,false,htf_soft_alignment,current_post_filter,transcript_post_filter,dow_range_or_transition,structure_trend_bias_dow_trend_up_hh_hl,dow_range_or_transition,structure_trend_bias_dow_trend_up_hh_hl,false,true,false,LONG,PERIOD_M5,sweep_low_reclaim,sweep_low_reclaim,3.400,none,0.000,sweep_low_reclaim,3.400,none,0.000,LONG,false,PERIOD_H1_NONE_dow_range_or_transition|PERIOD_M15_LONG_structure_trend_bias_dow_trend_up_hh_hl,true,h1_counter_m15_reversal,true,top_NONE_dow_range_or_transition|structure_LONG_structure_trend_bias_dow_trend_up_hh_hl|structure_break_recent_confirmed_swing_break_failed|primary_break_recent_confirmed_swing_break_retest,none,below_75sma_falling,below_75sma_falling,above_75sma_flat_or_falling,-1,0.00000000,0,1.07874000,false,off,NONE,NONE,0.00000000,0.00000000,0.0000,none,0.000,true,LONG,return_high_break_or_bos_up,1.07915000,16,1.07964000,1.07771000,false,off,independent,false,,,false,0.0000,none,0.0000,0.0000,none,0.0000,0.0000,0.0000,none,0.0000,0,0,0.0000,none,none,none,none,0.0000,0,0.0000,none,false,true,not_evaluated,true,required_light_or_anchor_flip,long_bias,1.07773000,2025.03.26 04:00:00,1.07915000,2025.03.26 03:15:00,2025.03.26 05:45:00,false,NONE,0.00000000,0.00000000,0.0000,-1,false,,-1,NONE,0.00000000,0.00000000,0.0000,0.0000,none,,none,false,NONE,-1,-1,-1,false,false,none,true,false,false,true,none,true,required,false,PERIOD_M5,,,-1,0.0000,false,0.00000000,0.0000,false,0.0000,false,none,none,false,no_anchor_flip_in_entry_direction,true,required_first_signal_only,LONG,unknown,0.00000000,,0.00000000,,false,,-1,false,NONE,0.00000000,,0.00000000,0.0000,0.0000,none,-1,false,false,false,no_anchor_flip_in_entry_direction,,,,false,false,false,-1,-1,-1,-1,-1,false,false,false,0.0000,rising_n,false,1.07964000,1.07771000,4.0389,false,0.0000,0.0000,0,none,true,0.3575,shallow_236_382,0.080,diagnostic_only,diagnostic_only,diagnostic_only,shallow_pullback,7,0.320,true,none,0.470,medium_quality,false,false,diagnostic_only,both,true,none,true,diagnostic_adjacent_detected,required_light,false,false,SHORT,7,false,false,1,2025.03.26 09:05:00,2025.03.26 09:45:00,5,1.7860,1.07876000,0.00000000,1.07876000,false,false,none,0.00000000,false,0.0000,0.0000,false,1,0.0000,false,-1,0.00000000,0.0000,off,false,not_evaluated,none,0.0000,0.0000,none,false,false,false,0.0000,none,false,none,0.0000,false,none,1.7860,1.6708,1.0690,0.0576,false,mild_exhaustion,0.0000,none,none,false,false,none,0.0000,0.0000,0.0000,0.0000,none,false,false,0.0000,0.0000,false,false,-1,none,none,false,0.000,0.000,1.07962000,1.07881000,1.07962000,previous_week_low,0.00067000,0.6907,session_high|opening_range_high|neckline_level,1.07881000,0.4033,false,true,true,false,not_blocked,5,3,2,m5_failure_exit,off,none,0.00000000,0.0000,1.30,1.08021000,3.400,-0.300,0.200,PERIOD_M15,1.07964000,1.07771000,0.3575,outside,0.000,true,1.07895000,1.07798000,0.00097000,1.08021000,1.299,0.00034714,18.00,0-30,true,false,none,not_consumed,3.700,3.700,none,0.0000,false,opposite_break_first,true,opposite_break_first,spread_too_high
2025.03.26 10:15:00,blocked,session_reversal_pullback_one_symbol_first120,EURUSD,LONG,2025.03.26 10:10:00,10,7,16,london,2025.03.26 07:00,10,first_120min,true,true,3,EURUSD,highest_score_in_session_bar,london=USDJPY|EURJPY|GBPJPY|AUDJPY|EURUSD|GBPUSD,existing_first120_gate,london,false,false,true,passed_first_window,sweep_low_reclaim,sweep_reclaim_retest,1.07814000,PERIOD_M5,PERIOD_H1,PERIOD_M15,PERIOD_M5,PERIOD_M5,false,htf_soft_alignment,current_post_filter,transcript_post_filter,dow_range_or_transition,structure_trend_bias_dow_trend_up_hh_hl,dow_range_or_transition,structure_trend_bias_dow_trend_up_hh_hl,false,true,false,LONG,PERIOD_M5,sweep_low_reclaim,sweep_low_reclaim,3.400,none,0.000,sweep_low_reclaim,3.400,none,0.000,LONG,false,PERIOD_H1_NONE_dow_range_or_transition|PERIOD_M15_LONG_structure_trend_bias_dow_trend_up_hh_hl,true,h1_counter_m15_reversal,true,top_NONE_dow_range_or_transition|structure_LONG_structure_trend_bias_dow_trend_up_hh_hl|structure_break_recent_confirmed_swing_break_failed|primary_break_recent_confirmed_swing_break_retest,none,below_75sma_falling,below_75sma_falling,above_75sma_flat_or_falling,-1,0.00000000,0,1.07874000,false,off,NONE,NONE,0.00000000,0.00000000,0.0000,none,0.000,true,LONG,return_high_break_or_bos_up,1.07915000,16,1.07964000,1.07771000,false,off,independent,false,,,false,0.0000,none,0.0000,0.0000,none,0.0000,0.0000,0.0000,none,0.0000,0,0,0.0000,none,none,none,none,0.0000,0,0.0000,none,false,true,not_evaluated,true,required_light_or_anchor_flip,long_bias,1.07773000,2025.03.26 04:00:00,1.07915000,2025.03.26 03:15:00,2025.03.26 05:45:00,false,NONE,0.00000000,0.00000000,0.0000,-1,false,,-1,NONE,0.00000000,0.00000000,0.0000,0.0000,none,,none,false,NONE,-1,-1,-1,false,false,none,true,false,false,true,none,true,required,false,PERIOD_M5,,,-1,0.0000,false,0.00000000,0.0000,false,0.0000,false,none,none,false,no_anchor_flip_in_entry_direction,true,required_first_signal_only,LONG,unknown,0.00000000,,0.00000000,,false,,-1,false,NONE,0.00000000,,0.00000000,0.0000,0.0000,none,-1,false,false,false,no_anchor_flip_in_entry_direction,,,,false,false,false,-1,-1,-1,-1,-1,false,false,false,0.0000,rising_n,false,1.07964000,1.07771000,4.0389,false,0.0000,0.0000,0,none,true,0.3575,shallow_236_382,0.080,diagnostic_only,diagnostic_only,diagnostic_only,shallow_pullback,7,0.320,true,none,0.470,medium_quality,false,false,diagnostic_only,both,true,none,true,diagnostic_adjacent_detected,required_light,false,false,SHORT,7,false,false,1,2025.03.26 09:05:00,2025.03.26 09:45:00,5,1.7860,1.07876000,0.00000000,1.07876000,false,false,none,0.00000000,false,0.0000,0.0000,false,1,0.0000,false,-1,0.00000000,0.0000,off,false,not_evaluated,none,0.0000,0.0000,none,false,false,false,0.0000,none,false,none,0.0000,false,none,1.7860,1.6708,1.0690,0.0576,false,mild_exhaustion,0.0000,none,none,false,false,none,0.0000,0.0000,0.0000,0.0000,none,false,false,0.0000,0.0000,false,false,-1,none,none,false,0.000,0.000,1.07962000,1.07881000,1.07962000,previous_week_low,0.00067000,0.6907,session_high|opening_range_high|neckline_level,1.07881000,0.4033,false,true,true,false,not_blocked,5,3,2,m5_failure_exit,off,none,0.00000000,0.0000,1.30,1.08021000,3.400,-0.300,0.200,PERIOD_M15,1.07964000,1.07771000,0.3575,outside,0.000,true,1.07895000,1.07798000,0.00097000,1.08021000,1.299,0.00034714,18.00,0-30,true,false,none,blocked_spread_too_high,3.700,3.700,none,0.0000,false,opposite_break_first,true,opposite_break_first,spread_too_high
2025.03.26 16:10:00,signal,session_reversal_pullback_one_symbol_first120,GBPJPY,LONG,2025.03.26 16:05:00,16,13,22,london_newyork_overlap,2025.03.26 13:00,5,first_120min,true,true,3,GBPJPY,highest_score_in_session_bar,london_newyork_overlap=USDJPY|EURJPY|GBPJPY|AUDJPY|EURUSD|GBPUSD,existing_first120_gate,london_newyork_overlap,false,false,true,passed_first_window,inverse_head_and_shoulders,neckline_break_retest,193.75300000,PERIOD_M5,PERIOD_H1,PERIOD_M15,PERIOD_M5,PERIOD_M5,false,htf_soft_alignment,current_post_filter,transcript_post_filter,dow_range_or_transition,structure_trend_bias_dow_trend_down_ll_lh,dow_range_or_transition,structure_trend_bias_dow_trend_down_ll_lh,false,true,false,LONG,PERIOD_M5,inverse_head_and_shoulders,inverse_head_and_shoulders,4.500,none,0.000,inverse_head_and_shoulders,4.500,none,0.000,LONG,false,PERIOD_H1_NONE_dow_range_or_transition|PERIOD_M15_SHORT_structure_trend_bias_dow_trend_down_ll_lh,true,h1_counter_m15_reversal,true,top_NONE_dow_range_or_transition|structure_SHORT_structure_trend_bias_dow_trend_down_ll_lh|structure_break_recent_confirmed_swing_break_failed|primary_break_recent_confirmed_swing_break_retest,none,below_75sma_flat_or_rising,below_75sma_falling,above_75sma_flat_or_falling,-1,0.00000000,0,193.90500000,false,off,NONE,NONE,0.00000000,0.00000000,0.0000,none,0.000,true,LONG,return_high_break_or_bos_up,194.13200000,20,194.74800000,193.45600000,false,off,independent,false,,,false,0.0000,none,0.0000,0.0000,none,0.0000,0.0000,0.0000,none,0.0000,0,0,0.0000,none,none,none,none,0.0000,0,0.0000,none,false,true,not_evaluated,true,required_light_or_anchor_flip,short_bias,194.19400000,2025.03.26 05:00:00,194.76800000,2025.03.26 09:15:00,2025.03.26 11:45:00,false,NONE,0.00000000,0.00000000,0.0000,-1,false,,-1,NONE,0.00000000,0.00000000,0.0000,0.0000,none,,none,false,NONE,-1,-1,-1,false,false,none,false,true,false,true,none,true,required,false,PERIOD_M5,,,-1,0.0000,false,0.00000000,0.0000,false,0.0000,false,none,none,false,no_anchor_flip_in_entry_direction,true,required_first_signal_only,LONG,unknown,0.00000000,,0.00000000,,false,,-1,false,NONE,0.00000000,,0.00000000,0.0000,0.0000,none,-1,false,false,false,no_anchor_flip_in_entry_direction,,,,false,false,false,-1,-1,-1,-1,-1,false,false,false,0.0000,range_n,true,194.77400000,193.45600000,8.5032,false,0.0000,0.0000,0,none,true,0.5913,preferred_382_618,0.200,diagnostic_only,diagnostic_only,diagnostic_only,deep_pullback,24,0.400,true,none,0.550,high_quality,false,false,diagnostic_only,both,true,none,true,diagnostic_adjacent_detected,required_light,false,false,SHORT,5,false,false,2,2025.03.26 14:00:00,2025.03.26 15:00:00,13,3.0594,193.90500000,0.00000000,193.90500000,true,true,m5_lh_close_break_up,193.90500000,true,0.2773,0.4831,true,1,0.9304,true,3,193.90500000,0.5725,off,false,not_evaluated,none,0.8591,0.1409,strong,false,true,true,0.9304,failed_1bar,true,back_inside,0.3740,false,weak_retest,3.0594,1.2971,2.3586,1.7265,false,no_shrink,0.0000,none,none,false,false,none,0.0000,0.0000,0.0000,0.0000,none,false,false,0.0000,0.0000,false,false,-1,none,none,false,0.000,0.000,193.99000000,193.97200000,0.00000000,none,0.00000000,0.0000,session_high|opening_range_high|neckline_level,193.99000000,0.0537,true,false,false,false,not_blocked,0,0,0,m5_failure_exit,off,none,0.00000000,0.0000,1.30,194.42000000,4.500,0.350,0.200,PERIOD_M15,193.90500000,193.45600000,-0.1759,outside,0.000,true,193.98400000,193.64900000,0.33500000,194.42000000,1.301,0.11178571,38.00,0-30,true,false,none,not_consumed,5.450,5.450,none,0.0000,false,opposite_break_first,true,opposite_break_first,spread_too_high
2025.03.26 16:10:00,blocked,session_reversal_pullback_one_symbol_first120,GBPJPY,LONG,2025.03.26 16:05:00,16,13,22,london_newyork_overlap,2025.03.26 13:00,5,first_120min,true,true,3,GBPJPY,highest_score_in_session_bar,london_newyork_overlap=USDJPY|EURJPY|GBPJPY|AUDJPY|EURUSD|GBPUSD,existing_first120_gate,london_newyork_overlap,false,false,true,passed_first_window,inverse_head_and_shoulders,neckline_break_retest,193.75300000,PERIOD_M5,PERIOD_H1,PERIOD_M15,PERIOD_M5,PERIOD_M5,false,htf_soft_alignment,current_post_filter,transcript_post_filter,dow_range_or_transition,structure_trend_bias_dow_trend_down_ll_lh,dow_range_or_transition,structure_trend_bias_dow_trend_down_ll_lh,false,true,false,LONG,PERIOD_M5,inverse_head_and_shoulders,inverse_head_and_shoulders,4.500,none,0.000,inverse_head_and_shoulders,4.500,none,0.000,LONG,false,PERIOD_H1_NONE_dow_range_or_transition|PERIOD_M15_SHORT_structure_trend_bias_dow_trend_down_ll_lh,true,h1_counter_m15_reversal,true,top_NONE_dow_range_or_transition|structure_SHORT_structure_trend_bias_dow_trend_down_ll_lh|structure_break_recent_confirmed_swing_break_failed|primary_break_recent_confirmed_swing_break_retest,none,below_75sma_flat_or_rising,below_75sma_falling,above_75sma_flat_or_falling,-1,0.00000000,0,193.90500000,false,off,NONE,NONE,0.00000000,0.00000000,0.0000,none,0.000,true,LONG,return_high_break_or_bos_up,194.13200000,20,194.74800000,193.45600000,false,off,independent,false,,,false,0.0000,none,0.0000,0.0000,none,0.0000,0.0000,0.0000,none,0.0000,0,0,0.0000,none,none,none,none,0.0000,0,0.0000,none,false,true,not_evaluated,true,required_light_or_anchor_flip,short_bias,194.19400000,2025.03.26 05:00:00,194.76800000,2025.03.26 09:15:00,2025.03.26 11:45:00,false,NONE,0.00000000,0.00000000,0.0000,-1,false,,-1,NONE,0.00000000,0.00000000,0.0000,0.0000,none,,none,false,NONE,-1,-1,-1,false,false,none,false,true,false,true,none,true,required,false,PERIOD_M5,,,-1,0.0000,false,0.00000000,0.0000,false,0.0000,false,none,none,false,no_anchor_flip_in_entry_direction,true,required_first_signal_only,LONG,unknown,0.00000000,,0.00000000,,false,,-1,false,NONE,0.00000000,,0.00000000,0.0000,0.0000,none,-1,false,false,false,no_anchor_flip_in_entry_direction,,,,false,false,false,-1,-1,-1,-1,-1,false,false,false,0.0000,range_n,true,194.77400000,193.45600000,8.5032,false,0.0000,0.0000,0,none,true,0.5913,preferred_382_618,0.200,diagnostic_only,diagnostic_only,diagnostic_only,deep_pullback,24,0.400,true,none,0.550,high_quality,false,false,diagnostic_only,both,true,none,true,diagnostic_adjacent_detected,required_light,false,false,SHORT,5,false,false,2,2025.03.26 14:00:00,2025.03.26 15:00:00,13,3.0594,193.90500000,0.00000000,193.90500000,true,true,m5_lh_close_break_up,193.90500000,true,0.2773,0.4831,true,1,0.9304,true,3,193.90500000,0.5725,off,false,not_evaluated,none,0.8591,0.1409,strong,false,true,true,0.9304,failed_1bar,true,back_inside,0.3740,false,weak_retest,3.0594,1.2971,2.3586,1.7265,false,no_shrink,0.0000,none,none,false,false,none,0.0000,0.0000,0.0000,0.0000,none,false,false,0.0000,0.0000,false,false,-1,none,none,false,0.000,0.000,193.99000000,193.97200000,0.00000000,none,0.00000000,0.0000,session_high|opening_range_high|neckline_level,193.99000000,0.0537,true,false,false,false,not_blocked,0,0,0,m5_failure_exit,off,none,0.00000000,0.0000,1.30,194.42000000,4.500,0.350,0.200,PERIOD_M15,193.90500000,193.45600000,-0.1759,outside,0.000,true,193.98400000,193.64900000,0.33500000,194.42000000,1.301,0.11178571,38.00,0-30,true,false,none,blocked_spread_too_high,5.450,5.450,none,0.0000,false,opposite_break_first,true,opposite_break_first,spread_too_high
2025.03.27 03:05:00,signal,session_reversal_pullback_one_symbol_first120,EURJPY,LONG,2025.03.27 03:00:00,3,0,9,tokyo,2025.03.27 00:00,0,first_120min,true,true,3,EURJPY,highest_score_in_session_bar,tokyo=USDJPY|EURJPY|GBPJPY|AUDJPY,existing_first120_gate,tokyo,false,false,true,passed_first_window,inverse_head_and_shoulders,neckline_break_retest,161.56300000,PERIOD_M5,PERIOD_H1,PERIOD_M15,PERIOD_M5,PERIOD_M5,false,htf_soft_alignment,current_post_filter,transcript_post_filter,dow_range_or_transition,ordered_dow_wave3_break_below_swing_low,dow_range_or_transition,ordered_dow_wave3_break_below_swing_low,false,true,false,LONG,PERIOD_M5,inverse_head_and_shoulders,inverse_head_and_shoulders,4.500,none,0.000,inverse_head_and_shoulders,4.500,none,0.000,LONG,false,PERIOD_H1_NONE_dow_range_or_transition|PERIOD_M15_SHORT_ordered_dow_wave3_break_below_swing_low,true,h1_counter_m15_reversal,true,top_NONE_dow_range_or_transition|structure_SHORT_ordered_dow_wave3_break_below_swing_low|structure_break_recent_confirmed_swing_break_failed|primary_break_recent_confirmed_swing_break_retest,none,below_75sma_flat_or_rising,below_75sma_falling,above_75sma_flat_or_falling,-1,0.00000000,0,161.56300000,false,off,NONE,NONE,0.00000000,0.00000000,0.0000,none,0.000,true,LONG,return_high_break_or_bos_up,161.81500000,11,161.99600000,161.35900000,false,off,independent,false,,,false,0.0000,none,0.0000,0.0000,none,0.0000,0.0000,0.0000,none,0.0000,0,0,0.0000,none,none,none,none,0.0000,0,0.0000,none,false,true,not_evaluated,true,required_light_or_anchor_flip,short_bias,161.98900000,2025.03.26 15:30:00,161.76600000,2025.03.27 01:00:00,2025.03.27 02:00:00,false,NONE,0.00000000,0.00000000,0.0000,-1,false,,-1,NONE,0.00000000,0.00000000,0.0000,0.0000,none,,none,false,NONE,-1,-1,-1,false,false,none,false,true,false,true,none,true,required,false,PERIOD_M5,,,-1,0.0000,false,0.00000000,0.0000,false,0.0000,false,none,none,false,no_anchor_flip_in_entry_direction,true,required_first_signal_only,LONG,unknown,0.00000000,,0.00000000,,false,,-1,false,NONE,0.00000000,,0.00000000,0.0000,0.0000,none,-1,false,false,false,no_anchor_flip_in_entry_direction,,,,false,false,false,-1,-1,-1,-1,-1,false,false,false,0.0000,falling_n,false,162.51700000,161.35900000,7.6725,false,0.0000,0.0000,0,none,true,0.3705,shallow_236_382,0.080,diagnostic_only,diagnostic_only,diagnostic_only,shallow_pullback,24,0.280,true,none,0.430,high_quality,false,false,diagnostic_only,both,true,none,true,diagnostic_adjacent_detected,required_light,false,false,SHORT,7,false,false,0,2025.03.27 01:45:00,2025.03.27 02:40:00,4,2.5917,161.56300000,0.00000000,161.56300000,true,true,m5_lh_close_break_up,161.56300000,true,0.2795,0.4446,true,1,0.0000,true,2,161.56300000,0.0127,off,false,not_evaluated,none,0.8596,0.1404,strong,true,false,false,0.0000,held_clean,true,favorable_side,0.3281,true,clean_retest,1.2450,1.9310,0.6447,0.0000,true,strong_exhaustion,0.0000,none,none,false,false,none,0.0000,0.0000,0.0000,0.0000,none,false,false,0.0000,0.0000,false,false,-1,none,none,false,0.000,0.000,161.91000000,161.73300000,161.91000000,current_day_high,0.15000000,0.6356,session_high|opening_range_high|neckline_level,161.73300000,0.3430,false,true,true,false,not_blocked,3,1,2,m5_failure_exit,off,none,0.00000000,0.0000,1.30,162.06700000,4.500,-0.300,0.200,PERIOD_M15,161.92100000,161.69200000,0.7031,deep_618_786,0.000,true,161.76000000,161.52400000,0.23600000,162.06700000,1.301,0.07871429,34.00,0-30,true,false,none,not_consumed,4.800,4.800,none,0.0000,false,neckline_retest_failed,false,not_invalidated,spread_too_high
2025.03.27 03:05:00,blocked,session_reversal_pullback_one_symbol_first120,EURJPY,LONG,2025.03.27 03:00:00,3,0,9,tokyo,2025.03.27 00:00,0,first_120min,true,true,3,EURJPY,highest_score_in_session_bar,tokyo=USDJPY|EURJPY|GBPJPY|AUDJPY,existing_first120_gate,tokyo,false,false,true,passed_first_window,inverse_head_and_shoulders,neckline_break_retest,161.56300000,PERIOD_M5,PERIOD_H1,PERIOD_M15,PERIOD_M5,PERIOD_M5,false,htf_soft_alignment,current_post_filter,transcript_post_filter,dow_range_or_transition,ordered_dow_wave3_break_below_swing_low,dow_range_or_transition,ordered_dow_wave3_break_below_swing_low,false,true,false,LONG,PERIOD_M5,inverse_head_and_shoulders,inverse_head_and_shoulders,4.500,none,0.000,inverse_head_and_shoulders,4.500,none,0.000,LONG,false,PERIOD_H1_NONE_dow_range_or_transition|PERIOD_M15_SHORT_ordered_dow_wave3_break_below_swing_low,true,h1_counter_m15_reversal,true,top_NONE_dow_range_or_transition|structure_SHORT_ordered_dow_wave3_break_below_swing_low|structure_break_recent_confirmed_swing_break_failed|primary_break_recent_confirmed_swing_break_retest,none,below_75sma_flat_or_rising,below_75sma_falling,above_75sma_flat_or_falling,-1,0.00000000,0,161.56300000,false,off,NONE,NONE,0.00000000,0.00000000,0.0000,none,0.000,true,LONG,return_high_break_or_bos_up,161.81500000,11,161.99600000,161.35900000,false,off,independent,false,,,false,0.0000,none,0.0000,0.0000,none,0.0000,0.0000,0.0000,none,0.0000,0,0,0.0000,none,none,none,none,0.0000,0,0.0000,none,false,true,not_evaluated,true,required_light_or_anchor_flip,short_bias,161.98900000,2025.03.26 15:30:00,161.76600000,2025.03.27 01:00:00,2025.03.27 02:00:00,false,NONE,0.00000000,0.00000000,0.0000,-1,false,,-1,NONE,0.00000000,0.00000000,0.0000,0.0000,none,,none,false,NONE,-1,-1,-1,false,false,none,false,true,false,true,none,true,required,false,PERIOD_M5,,,-1,0.0000,false,0.00000000,0.0000,false,0.0000,false,none,none,false,no_anchor_flip_in_entry_direction,true,required_first_signal_only,LONG,unknown,0.00000000,,0.00000000,,false,,-1,false,NONE,0.00000000,,0.00000000,0.0000,0.0000,none,-1,false,false,false,no_anchor_flip_in_entry_direction,,,,false,false,false,-1,-1,-1,-1,-1,false,false,false,0.0000,falling_n,false,162.51700000,161.35900000,7.6725,false,0.0000,0.0000,0,none,true,0.3705,shallow_236_382,0.080,diagnostic_only,diagnostic_only,diagnostic_only,shallow_pullback,24,0.280,true,none,0.430,high_quality,false,false,diagnostic_only,both,true,none,true,diagnostic_adjacent_detected,required_light,false,false,SHORT,7,false,false,0,2025.03.27 01:45:00,2025.03.27 02:40:00,4,2.5917,161.56300000,0.00000000,161.56300000,true,true,m5_lh_close_break_up,161.56300000,true,0.2795,0.4446,true,1,0.0000,true,2,161.56300000,0.0127,off,false,not_evaluated,none,0.8596,0.1404,strong,true,false,false,0.0000,held_clean,true,favorable_side,0.3281,true,clean_retest,1.2450,1.9310,0.6447,0.0000,true,strong_exhaustion,0.0000,none,none,false,false,none,0.0000,0.0000,0.0000,0.0000,none,false,false,0.0000,0.0000,false,false,-1,none,none,false,0.000,0.000,161.91000000,161.73300000,161.91000000,current_day_high,0.15000000,0.6356,session_high|opening_range_high|neckline_level,161.73300000,0.3430,false,true,true,false,not_blocked,3,1,2,m5_failure_exit,off,none,0.00000000,0.0000,1.30,162.06700000,4.500,-0.300,0.200,PERIOD_M15,161.92100000,161.69200000,0.7031,deep_618_786,0.000,true,161.76000000,161.52400000,0.23600000,162.06700000,1.301,0.07871429,34.00,0-30,true,false,none,blocked_spread_too_high,4.800,4.800,none,0.0000,false,neckline_retest_failed,false,not_invalidated,spread_too_high
2025.03.27 10:05:00,signal,session_reversal_pullback_one_symbol_first120,EURJPY,LONG,2025.03.27 10:00:00,10,7,16,london,2025.03.27 07:00,0,first_120min,true,true,3,EURJPY,highest_score_in_session_bar,london=USDJPY|EURJPY|GBPJPY|AUDJPY|EURUSD|GBPUSD,existing_first120_gate,london,true,false,true,passed_first_window,double_bottom,neckline_break_retest,161.82700000,PERIOD_M5,PERIOD_H1,PERIOD_M15,PERIOD_M5,PERIOD_M5,false,htf_soft_alignment,current_post_filter,transcript_post_filter,dow_range_or_transition,break_above_without_higher_pullback,dow_range_or_transition,break_above_without_higher_pullback,false,true,false,LONG,PERIOD_M5,double_bottom,double_bottom,4.200,none,0.000,double_bottom,4.200,none,0.000,LONG,false,PERIOD_H1_NONE_dow_range_or_transition|PERIOD_M15_NONE_break_above_without_higher_pullback,true,h1_counter_m15_reversal,true,top_NONE_dow_range_or_transition|structure_NONE_break_above_without_higher_pullback|structure_break_recent_confirmed_swing_break_retest|primary_break_recent_confirmed_swing_break_failed,none,below_75sma_falling,above_75sma_flat_or_falling,below_75sma_flat_or_rising,0,161.97200000,-1,0.00000000,false,off,NONE,NONE,0.00000000,0.00000000,0.0000,none,0.000,true,LONG,return_high_break_or_bos_up,161.97200000,0,161.97200000,161.67900000,false,off,independent,false,,,false,0.0000,none,0.0000,0.0000,none,0.0000,0.0000,0.0000,none,0.0000,0,0,0.0000,none,none,none,none,0.0000,0,0.0000,none,false,true,not_evaluated,true,required_light_or_anchor_flip,bias_flip_up,161.80400000,2025.03.27 08:00:00,161.97200000,2025.03.27 08:30:00,2025.03.27 08:45:00,true,LONG,161.97200000,162.15200000,1.3938,1,true,2025.03.27 09:30:00,1,LONG,161.97200000,162.15200000,1.3938,1.6261,strong,2025.03.27 09:45:00,first_after_anchor,true,LONG,1,0,1,true,false,fresh_0_4,true,false,false,true,none,true,required,true,PERIOD_M5,2025.03.27 09:35:00,2025.03.27 09:50:00,6,0.2179,true,161.97200000,0.2179,false,0.0000,false,none,retest_only,true,none,true,required_first_signal_only,LONG,no_confirmed_micro_anchor,0.00000000,,0.00000000,,false,,-1,false,NONE,0.00000000,,0.00000000,0.0000,0.0000,none,-1,false,false,false,insufficient_confirmed_m5_pivots,EURJPY|LONG|1743067800|161.972,,,false,false,false,-1,-1,-1,-1,-1,false,false,false,0.0000,range_n,true,161.97200000,161.67900000,2.2688,true,1.6261,0.0667,1,strong,true,0.4801,preferred_382_618,0.200,diagnostic_only,diagnostic_only,diagnostic_only,fib_pullback,4,0.440,true,none,0.590,high_quality,false,false,diagnostic_only,both,true,none,true,diagnostic_adjacent_detected,required_light,false,false,SHORT,6,false,false,1,2025.03.27 07:35:00,2025.03.27 08:55:00,13,3.0408,161.97200000,0.00000000,161.97200000,true,true,m5_lh_close_break_up,161.97200000,true,0.9755,1.2869,true,1,1.4322,false,6,161.97200000,0.2179,off,false,not_evaluated,none,0.8865,0.1135,very_strong,false,false,false,1.4322,held_no_close_back,true,favorable_side,0.5645,false,clean_retest,3.0408,1.4633,2.0780,1.2973,false,no_shrink,0.0000,none,none,false,false,none,0.0000,0.0000,0.0000,0.0000,none,false,false,0.0000,0.0000,false,false,-1,none,none,false,0.000,0.000,161.88000000,161.82700000,161.88000000,wick_cluster_zone,0.01600000,0.1429,neckline_level,161.82700000,0.3840,false,true,true,false,not_blocked,6,3,3,m5_failure_exit,off,none,0.00000000,0.0000,1.30,162.01000000,4.200,-0.300,0.200,PERIOD_M15,161.97200000,161.67900000,0.3686,outside,0.000,true,161.86400000,161.75200000,0.11200000,162.01000000,1.304,0.09635714,30.00,0-30,true,false,none,not_consumed,4.650,4.650,none,0.0000,false,opposite_break_first,true,opposite_break_first,spread_too_high
2025.03.27 10:05:00,blocked,session_reversal_pullback_one_symbol_first120,EURJPY,LONG,2025.03.27 10:00:00,10,7,16,london,2025.03.27 07:00,0,first_120min,true,true,3,EURJPY,highest_score_in_session_bar,london=USDJPY|EURJPY|GBPJPY|AUDJPY|EURUSD|GBPUSD,existing_first120_gate,london,true,false,true,passed_first_window,double_bottom,neckline_break_retest,161.82700000,PERIOD_M5,PERIOD_H1,PERIOD_M15,PERIOD_M5,PERIOD_M5,false,htf_soft_alignment,current_post_filter,transcript_post_filter,dow_range_or_transition,break_above_without_higher_pullback,dow_range_or_transition,break_above_without_higher_pullback,false,true,false,LONG,PERIOD_M5,double_bottom,double_bottom,4.200,none,0.000,double_bottom,4.200,none,0.000,LONG,false,PERIOD_H1_NONE_dow_range_or_transition|PERIOD_M15_NONE_break_above_without_higher_pullback,true,h1_counter_m15_reversal,true,top_NONE_dow_range_or_transition|structure_NONE_break_above_without_higher_pullback|structure_break_recent_confirmed_swing_break_retest|primary_break_recent_confirmed_swing_break_failed,none,below_75sma_falling,above_75sma_flat_or_falling,below_75sma_flat_or_rising,0,161.97200000,-1,0.00000000,false,off,NONE,NONE,0.00000000,0.00000000,0.0000,none,0.000,true,LONG,return_high_break_or_bos_up,161.97200000,0,161.97200000,161.67900000,false,off,independent,false,,,false,0.0000,none,0.0000,0.0000,none,0.0000,0.0000,0.0000,none,0.0000,0,0,0.0000,none,none,none,none,0.0000,0,0.0000,none,false,true,not_evaluated,true,required_light_or_anchor_flip,bias_flip_up,161.80400000,2025.03.27 08:00:00,161.97200000,2025.03.27 08:30:00,2025.03.27 08:45:00,true,LONG,161.97200000,162.15200000,1.3938,1,true,2025.03.27 09:30:00,1,LONG,161.97200000,162.15200000,1.3938,1.6261,strong,2025.03.27 09:45:00,first_after_anchor,true,LONG,1,0,1,true,false,fresh_0_4,true,false,false,true,none,true,required,true,PERIOD_M5,2025.03.27 09:35:00,2025.03.27 09:50:00,6,0.2179,true,161.97200000,0.2179,false,0.0000,false,none,retest_only,true,none,true,required_first_signal_only,LONG,no_confirmed_micro_anchor,0.00000000,,0.00000000,,false,,-1,false,NONE,0.00000000,,0.00000000,0.0000,0.0000,none,-1,false,false,false,insufficient_confirmed_m5_pivots,EURJPY|LONG|1743067800|161.972,,,false,false,false,-1,-1,-1,-1,-1,false,false,false,0.0000,range_n,true,161.97200000,161.67900000,2.2688,true,1.6261,0.0667,1,strong,true,0.4801,preferred_382_618,0.200,diagnostic_only,diagnostic_only,diagnostic_only,fib_pullback,4,0.440,true,none,0.590,high_quality,false,false,diagnostic_only,both,true,none,true,diagnostic_adjacent_detected,required_light,false,false,SHORT,6,false,false,1,2025.03.27 07:35:00,2025.03.27 08:55:00,13,3.0408,161.97200000,0.00000000,161.97200000,true,true,m5_lh_close_break_up,161.97200000,true,0.9755,1.2869,true,1,1.4322,false,6,161.97200000,0.2179,off,false,not_evaluated,none,0.8865,0.1135,very_strong,false,false,false,1.4322,held_no_close_back,true,favorable_side,0.5645,false,clean_retest,3.0408,1.4633,2.0780,1.2973,false,no_shrink,0.0000,none,none,false,false,none,0.0000,0.0000,0.0000,0.0000,none,false,false,0.0000,0.0000,false,false,-1,none,none,false,0.000,0.000,161.88000000,161.82700000,161.88000000,wick_cluster_zone,0.01600000,0.1429,neckline_level,161.82700000,0.3840,false,true,true,false,not_blocked,6,3,3,m5_failure_exit,off,none,0.00000000,0.0000,1.30,162.01000000,4.200,-0.300,0.200,PERIOD_M15,161.97200000,161.67900000,0.3686,outside,0.000,true,161.86400000,161.75200000,0.11200000,162.01000000,1.304,0.09635714,30.00,0-30,true,false,none,blocked_spread_too_high,4.650,4.650,none,0.0000,false,opposite_break_first,true,opposite_break_first,spread_too_high
2025.03.27 16:35:00,signal,session_reversal_pullback_one_symbol_first120,EURJPY,SHORT,2025.03.27 16:30:00,16,13,22,london_newyork_overlap,2025.03.27 13:00,30,first_120min,true,true,3,EURJPY,highest_score_in_session_bar,london_newyork_overlap=USDJPY|EURJPY|GBPJPY|AUDJPY|EURUSD|GBPUSD,existing_first120_gate,london_newyork_overlap,false,false,true,passed_first_window,head_and_shoulders,neckline_break_retest,162.55700000,PERIOD_M5,PERIOD_H1,PERIOD_M15,PERIOD_M5,PERIOD_M5,false,htf_soft_alignment,current_post_filter,transcript_post_filter,dow_range_or_transition,no_ordered_dow_wave3_break,dow_range_or_transition,no_ordered_dow_wave3_break,false,false,true,SHORT,PERIOD_M5,head_and_shoulders,head_and_shoulders,4.500,none,0.000,head_and_shoulders,4.500,none,0.000,SHORT,false,PERIOD_H1_NONE_dow_range_or_transition|PERIOD_M15_NONE_no_ordered_dow_wave3_break,true,h1_counter_m15_reversal,true,top_NONE_dow_range_or_transition|structure_NONE_no_ordered_dow_wave3_break|structure_break_recent_confirmed_swing_break_failed|primary_break_recent_confirmed_swing_break_retest,none,above_75sma_rising,above_75sma_rising,below_75sma_flat_or_rising,-1,0.00000000,0,162.49900000,false,off,NONE,NONE,0.00000000,0.00000000,0.0000,none,0.000,true,SHORT,return_low_break_or_bos_down,162.14200000,20,162.97800000,161.65700000,false,off,independent,false,,,false,0.0000,none,0.0000,0.0000,none,0.0000,0.0000,0.0000,none,0.0000,0,0,0.0000,none,none,none,none,0.0000,0,0.0000,none,false,true,not_evaluated,true,required_light_or_anchor_flip,long_bias,161.65700000,2025.03.27 10:30:00,162.18000000,2025.03.27 09:45:00,2025.03.27 15:00:00,false,NONE,0.00000000,0.00000000,0.0000,-1,false,,-1,NONE,0.00000000,0.00000000,0.0000,0.0000,none,,none,false,NONE,-1,-1,-1,false,false,none,false,true,false,true,none,true,required,false,PERIOD_M5,,,-1,0.0000,false,0.00000000,0.0000,false,0.0000,false,none,none,false,no_anchor_flip_in_entry_direction,true,required_first_signal_only,SHORT,unknown,0.00000000,,0.00000000,,false,,-1,false,NONE,0.00000000,,0.00000000,0.0000,0.0000,none,-1,false,false,false,no_anchor_flip_in_entry_direction,,,,false,false,false,-1,-1,-1,-1,-1,false,false,false,0.0000,range_n,true,162.97800000,161.65700000,7.8564,false,0.0000,0.0000,0,none,true,0.5791,preferred_382_618,0.200,diagnostic_only,diagnostic_only,diagnostic_only,fib_pullback,5,0.440,true,none,0.590,high_quality,false,false,diagnostic_only,both,true,none,true,diagnostic_adjacent_detected,required_light,false,false,LONG,4,false,false,0,2025.03.27 14:05:00,2025.03.27 16:05:00,5,4.4916,0.00000000,162.49900000,162.49900000,true,true,m5_hl_close_break_down,162.49900000,true,0.7314,1.0502,true,1,0.0000,false,0,162.49900000,0.8533,off,false,not_evaluated,none,0.8366,0.1634,very_strong,false,false,false,0.0000,no_following_closed_bar,false,none,0.0000,false,no_retest,4.4916,2.8506,1.5757,0.0094,true,strong_exhaustion,0.0000,none,none,false,false,none,0.0000,0.0000,0.0000,0.0000,none,false,false,0.0000,0.0000,false,false,-1,none,none,false,0.000,0.000,162.49900000,162.38800000,0.00000000,none,0.00000000,0.0000,session_low|opening_range_low|neckline_level,162.38800000,0.3188,true,false,false,false,not_blocked,0,0,0,m5_failure_exit,off,none,0.00000000,0.0000,1.30,162.00600000,4.500,0.350,0.200,PERIOD_M15,162.97800000,161.65700000,0.5791,preferred_382_618,0.000,true,162.42200000,162.74200000,0.32000000,162.00600000,1.300,0.10664286,30.00,30-60,true,false,none,not_consumed,5.450,5.450,none,0.0000,false,opposite_break_first,true,opposite_break_first,spread_too_high
2025.03.27 16:35:00,blocked,session_reversal_pullback_one_symbol_first120,EURJPY,SHORT,2025.03.27 16:30:00,16,13,22,london_newyork_overlap,2025.03.27 13:00,30,first_120min,true,true,3,EURJPY,highest_score_in_session_bar,london_newyork_overlap=USDJPY|EURJPY|GBPJPY|AUDJPY|EURUSD|GBPUSD,existing_first120_gate,london_newyork_overlap,false,false,true,passed_first_window,head_and_shoulders,neckline_break_retest,162.55700000,PERIOD_M5,PERIOD_H1,PERIOD_M15,PERIOD_M5,PERIOD_M5,false,htf_soft_alignment,current_post_filter,transcript_post_filter,dow_range_or_transition,no_ordered_dow_wave3_break,dow_range_or_transition,no_ordered_dow_wave3_break,false,false,true,SHORT,PERIOD_M5,head_and_shoulders,head_and_shoulders,4.500,none,0.000,head_and_shoulders,4.500,none,0.000,SHORT,false,PERIOD_H1_NONE_dow_range_or_transition|PERIOD_M15_NONE_no_ordered_dow_wave3_break,true,h1_counter_m15_reversal,true,top_NONE_dow_range_or_transition|structure_NONE_no_ordered_dow_wave3_break|structure_break_recent_confirmed_swing_break_failed|primary_break_recent_confirmed_swing_break_retest,none,above_75sma_rising,above_75sma_rising,below_75sma_flat_or_rising,-1,0.00000000,0,162.49900000,false,off,NONE,NONE,0.00000000,0.00000000,0.0000,none,0.000,true,SHORT,return_low_break_or_bos_down,162.14200000,20,162.97800000,161.65700000,false,off,independent,false,,,false,0.0000,none,0.0000,0.0000,none,0.0000,0.0000,0.0000,none,0.0000,0,0,0.0000,none,none,none,none,0.0000,0,0.0000,none,false,true,not_evaluated,true,required_light_or_anchor_flip,long_bias,161.65700000,2025.03.27 10:30:00,162.18000000,2025.03.27 09:45:00,2025.03.27 15:00:00,false,NONE,0.00000000,0.00000000,0.0000,-1,false,,-1,NONE,0.00000000,0.00000000,0.0000,0.0000,none,,none,false,NONE,-1,-1,-1,false,false,none,false,true,false,true,none,true,required,false,PERIOD_M5,,,-1,0.0000,false,0.00000000,0.0000,false,0.0000,false,none,none,false,no_anchor_flip_in_entry_direction,true,required_first_signal_only,SHORT,unknown,0.00000000,,0.00000000,,false,,-1,false,NONE,0.00000000,,0.00000000,0.0000,0.0000,none,-1,false,false,false,no_anchor_flip_in_entry_direction,,,,false,false,false,-1,-1,-1,-1,-1,false,false,false,0.0000,range_n,true,162.97800000,161.65700000,7.8564,false,0.0000,0.0000,0,none,true,0.5791,preferred_382_618,0.200,diagnostic_only,diagnostic_only,diagnostic_only,fib_pullback,5,0.440,true,none,0.590,high_quality,false,false,diagnostic_only,both,true,none,true,diagnostic_adjacent_detected,required_light,false,false,LONG,4,false,false,0,2025.03.27 14:05:00,2025.03.27 16:05:00,5,4.4916,0.00000000,162.49900000,162.49900000,true,true,m5_hl_close_break_down,162.49900000,true,0.7314,1.0502,true,1,0.0000,false,0,162.49900000,0.8533,off,false,not_evaluated,none,0.8366,0.1634,very_strong,false,false,false,0.0000,no_following_closed_bar,false,none,0.0000,false,no_retest,4.4916,2.8506,1.5757,0.0094,true,strong_exhaustion,0.0000,none,none,false,false,none,0.0000,0.0000,0.0000,0.0000,none,false,false,0.0000,0.0000,false,false,-1,none,none,false,0.000,0.000,162.49900000,162.38800000,0.00000000,none,0.00000000,0.0000,session_low|opening_range_low|neckline_level,162.38800000,0.3188,true,false,false,false,not_blocked,0,0,0,m5_failure_exit,off,none,0.00000000,0.0000,1.30,162.00600000,4.500,0.350,0.200,PERIOD_M15,162.97800000,161.65700000,0.5791,preferred_382_618,0.000,true,162.42200000,162.74200000,0.32000000,162.00600000,1.300,0.10664286,30.00,30-60,true,false,none,blocked_spread_too_high,5.450,5.450,none,0.0000,false,opposite_break_first,true,opposite_break_first,spread_too_high
2025.03.28 10:25:00,signal,session_reversal_pullback_one_symbol_first120,AUDJPY,SHORT,2025.03.28 10:20:00,10,7,16,london,2025.03.28 07:00,20,first_120min,true,true,3,AUDJPY,highest_score_in_session_bar,london=USDJPY|EURJPY|GBPJPY|AUDJPY|EURUSD|GBPUSD,existing_first120_gate,london,true,false,true,passed_first_window,head_and_shoulders,neckline_break_retest,94.75100000,PERIOD_M5,PERIOD_H1,PERIOD_M15,PERIOD_M5,PERIOD_M5,false,htf_soft_alignment,current_post_filter,transcript_post_filter,dow_range_or_transition,ordered_dow_wave3_break_below_swing_low,dow_range_or_transition,ordered_dow_wave3_break_below_swing_low,false,true,true,SHORT,PERIOD_M5,head_and_shoulders,head_and_shoulders,4.500,none,0.000,head_and_shoulders,4.500,none,0.000,SHORT,false,PERIOD_H1_NONE_dow_range_or_transition|PERIOD_M15_SHORT_ordered_dow_wave3_break_below_swing_low,true,h1_counter_m15_reversal,true,top_NONE_dow_range_or_transition|structure_SHORT_ordered_dow_wave3_break_below_swing_low|structure_break_recent_confirmed_swing_break_retest|primary_break_recent_confirmed_swing_break_retest,none,below_75sma_falling,below_75sma_falling,below_75sma_falling,0,94.68300000,0,94.74900000,false,off,NONE,NONE,0.00000000,0.00000000,0.0000,none,0.000,true,SHORT,return_low_break_or_bos_down,94.68300000,0,94.85000000,94.68300000,false,off,independent,false,,,false,0.0000,none,0.0000,0.0000,none,0.0000,0.0000,0.0000,none,0.0000,0,0,0.0000,none,none,none,none,0.0000,0,0.0000,none,false,true,not_evaluated,true,required_light_or_anchor_flip,short_bias,95.14000000,2025.03.27 20:00:00,94.93200000,2025.03.28 05:30:00,2025.03.28 07:00:00,false,NONE,0.00000000,0.00000000,0.0000,-1,false,,-1,NONE,0.00000000,0.00000000,0.0000,0.0000,none,,none,false,NONE,-1,-1,-1,false,false,none,true,false,false,true,none,true,required,false,PERIOD_M5,,,-1,0.0000,false,0.00000000,0.0000,false,0.0000,false,none,none,false,no_anchor_flip_in_entry_direction,true,required_first_signal_only,SHORT,unknown,0.00000000,,0.00000000,,false,,-1,false,NONE,0.00000000,,0.00000000,0.0000,0.0000,none,-1,false,false,false,no_anchor_flip_in_entry_direction,,,,false,false,false,-1,-1,-1,-1,-1,false,false,false,0.0000,falling_n,false,95.17200000,94.68300000,6.5701,false,0.0000,0.0000,0,none,true,0.2462,shallow_236_382,0.080,diagnostic_only,diagnostic_only,diagnostic_only,shallow_pullback,10,0.320,true,none,0.470,high_quality,false,false,diagnostic_only,both,true,none,true,diagnostic_adjacent_detected,required_light,false,false,LONG,4,false,false,1,2025.03.28 07:40:00,2025.03.28 08:50:00,18,2.3821,0.00000000,94.74900000,94.74900000,true,true,m5_hl_close_break_down,94.74900000,true,0.5851,0.6060,true,1,0.1672,true,9,94.74900000,0.0000,off,false,not_evaluated,none,0.9697,0.0303,very_strong,false,false,true,0.1672,failed_2bars,true,favorable_side,0.2727,false,clean_retest,1.8388,2.3821,0.7719,0.0000,true,strong_exhaustion,0.0000,none,none,false,false,none,0.0000,0.0000,0.0000,0.0000,none,false,false,0.0000,0.0000,false,false,-1,none,none,false,0.000,0.000,94.74900000,94.68550000,94.68550000,recent_equal_highs,0.05950000,0.5891,neckline_level,94.75100000,0.1254,false,true,true,false,not_blocked,8,5,3,m5_failure_exit,off,none,0.00000000,0.0000,1.30,94.61400000,4.500,-0.300,0.200,PERIOD_M15,94.85000000,94.68300000,0.3713,outside,0.000,true,94.74500000,94.84600000,0.10100000,94.61400000,1.297,0.04785714,28.00,0-30,true,false,none,not_consumed,5.150,5.150,none,0.0000,false,opposite_break_first,true,opposite_break_first,spread_too_high
2025.03.28 10:25:00,blocked,session_reversal_pullback_one_symbol_first120,AUDJPY,SHORT,2025.03.28 10:20:00,10,7,16,london,2025.03.28 07:00,20,first_120min,true,true,3,AUDJPY,highest_score_in_session_bar,london=USDJPY|EURJPY|GBPJPY|AUDJPY|EURUSD|GBPUSD,existing_first120_gate,london,true,false,true,passed_first_window,head_and_shoulders,neckline_break_retest,94.75100000,PERIOD_M5,PERIOD_H1,PERIOD_M15,PERIOD_M5,PERIOD_M5,false,htf_soft_alignment,current_post_filter,transcript_post_filter,dow_range_or_transition,ordered_dow_wave3_break_below_swing_low,dow_range_or_transition,ordered_dow_wave3_break_below_swing_low,false,true,true,SHORT,PERIOD_M5,head_and_shoulders,head_and_shoulders,4.500,none,0.000,head_and_shoulders,4.500,none,0.000,SHORT,false,PERIOD_H1_NONE_dow_range_or_transition|PERIOD_M15_SHORT_ordered_dow_wave3_break_below_swing_low,true,h1_counter_m15_reversal,true,top_NONE_dow_range_or_transition|structure_SHORT_ordered_dow_wave3_break_below_swing_low|structure_break_recent_confirmed_swing_break_retest|primary_break_recent_confirmed_swing_break_retest,none,below_75sma_falling,below_75sma_falling,below_75sma_falling,0,94.68300000,0,94.74900000,false,off,NONE,NONE,0.00000000,0.00000000,0.0000,none,0.000,true,SHORT,return_low_break_or_bos_down,94.68300000,0,94.85000000,94.68300000,false,off,independent,false,,,false,0.0000,none,0.0000,0.0000,none,0.0000,0.0000,0.0000,none,0.0000,0,0,0.0000,none,none,none,none,0.0000,0,0.0000,none,false,true,not_evaluated,true,required_light_or_anchor_flip,short_bias,95.14000000,2025.03.27 20:00:00,94.93200000,2025.03.28 05:30:00,2025.03.28 07:00:00,false,NONE,0.00000000,0.00000000,0.0000,-1,false,,-1,NONE,0.00000000,0.00000000,0.0000,0.0000,none,,none,false,NONE,-1,-1,-1,false,false,none,true,false,false,true,none,true,required,false,PERIOD_M5,,,-1,0.0000,false,0.00000000,0.0000,false,0.0000,false,none,none,false,no_anchor_flip_in_entry_direction,true,required_first_signal_only,SHORT,unknown,0.00000000,,0.00000000,,false,,-1,false,NONE,0.00000000,,0.00000000,0.0000,0.0000,none,-1,false,false,false,no_anchor_flip_in_entry_direction,,,,false,false,false,-1,-1,-1,-1,-1,false,false,false,0.0000,falling_n,false,95.17200000,94.68300000,6.5701,false,0.0000,0.0000,0,none,true,0.2462,shallow_236_382,0.080,diagnostic_only,diagnostic_only,diagnostic_only,shallow_pullback,10,0.320,true,none,0.470,high_quality,false,false,diagnostic_only,both,true,none,true,diagnostic_adjacent_detected,required_light,false,false,LONG,4,false,false,1,2025.03.28 07:40:00,2025.03.28 08:50:00,18,2.3821,0.00000000,94.74900000,94.74900000,true,true,m5_hl_close_break_down,94.74900000,true,0.5851,0.6060,true,1,0.1672,true,9,94.74900000,0.0000,off,false,not_evaluated,none,0.9697,0.0303,very_strong,false,false,true,0.1672,failed_2bars,true,favorable_side,0.2727,false,clean_retest,1.8388,2.3821,0.7719,0.0000,true,strong_exhaustion,0.0000,none,none,false,false,none,0.0000,0.0000,0.0000,0.0000,none,false,false,0.0000,0.0000,false,false,-1,none,none,false,0.000,0.000,94.74900000,94.68550000,94.68550000,recent_equal_highs,0.05950000,0.5891,neckline_level,94.75100000,0.1254,false,true,true,false,not_blocked,8,5,3,m5_failure_exit,off,none,0.00000000,0.0000,1.30,94.61400000,4.500,-0.300,0.200,PERIOD_M15,94.85000000,94.68300000,0.3713,outside,0.000,true,94.74500000,94.84600000,0.10100000,94.61400000,1.297,0.04785714,28.00,0-30,true,false,none,blocked_spread_too_high,5.150,5.150,none,0.0000,false,opposite_break_first,true,opposite_break_first,spread_too_high
2025.03.28 16:05:00,signal,session_reversal_pullback_one_symbol_first120,GBPUSD,LONG,2025.03.28 16:00:00,16,13,22,london_newyork_overlap,2025.03.28 13:00,0,first_120min,true,true,3,GBPUSD,highest_score_in_session_bar,london_newyork_overlap=USDJPY|EURJPY|GBPJPY|AUDJPY|EURUSD|GBPUSD,existing_first120_gate,london_newyork_overlap,false,false,true,passed_first_window,inverse_head_and_shoulders,neckline_break_retest,1.29406000,PERIOD_M5,PERIOD_H1,PERIOD_M15,PERIOD_M5,PERIOD_M5,false,htf_soft_alignment,current_post_filter,transcript_post_filter,dow_range_or_transition,structure_trend_bias_dow_trend_down_ll_lh,dow_range_or_transition,structure_trend_bias_dow_trend_down_ll_lh,false,true,false,LONG,PERIOD_M5,inverse_head_and_shoulders,inverse_head_and_shoulders,4.500,none,0.000,inverse_head_and_shoulders,4.500,none,0.000,LONG,false,PERIOD_H1_NONE_dow_range_or_transition|PERIOD_M15_SHORT_structure_trend_bias_dow_trend_down_ll_lh,true,h1_counter_m15_reversal,true,top_NONE_dow_range_or_transition|structure_SHORT_structure_trend_bias_dow_trend_down_ll_lh|structure_break_recent_confirmed_swing_break_failed|primary_break_recent_confirmed_swing_break_continuation,none,above_75sma_rising,below_75sma_falling,above_75sma_rising,-1,0.00000000,0,1.29322000,false,off,NONE,NONE,0.00000000,0.00000000,0.0000,none,0.000,true,LONG,return_high_break_or_bos_up,1.29521000,13,1.29559000,1.29215000,false,off,independent,false,,,false,0.0000,none,0.0000,0.0000,none,0.0000,0.0000,0.0000,none,0.0000,0,0,0.0000,none,none,none,none,0.0000,0,0.0000,none,false,true,not_evaluated,true,required_light_or_anchor_flip,short_bias,1.29374000,2025.03.28 09:30:00,1.29559000,2025.03.28 12:30:00,2025.03.28 14:30:00,false,NONE,0.00000000,0.00000000,0.0000,-1,false,,-1,NONE,0.00000000,0.00000000,0.0000,0.0000,none,,none,false,NONE,-1,-1,-1,false,false,none,false,true,false,true,none,true,required,false,PERIOD_M5,,,-1,0.0000,false,0.00000000,0.0000,false,0.0000,false,none,none,false,no_anchor_flip_in_entry_direction,true,required_first_signal_only,LONG,unknown,0.00000000,,0.00000000,,false,,-1,false,NONE,0.00000000,,0.00000000,0.0000,0.0000,none,-1,false,false,false,no_anchor_flip_in_entry_direction,,,,false,false,false,-1,-1,-1,-1,-1,false,false,false,0.0000,falling_n,false,1.29674000,1.29215000,5.2500,false,0.0000,0.0000,0,none,true,0.4575,preferred_382_618,0.200,diagnostic_only,diagnostic_only,diagnostic_only,fib_pullback,5,0.440,true,none,0.590,high_quality,false,false,diagnostic_only,both,true,none,true,diagnostic_adjacent_detected,required_light,false,false,SHORT,3,false,false,0,,,-1,0.0000,0.00000000,0.00000000,0.00000000,false,false,none,0.00000000,false,0.0000,0.0000,false,1,0.0000,false,-1,0.00000000,0.0000,off,false,not_evaluated,none,0.0000,0.0000,none,false,false,false,0.0000,none,false,none,0.0000,false,none,0.0000,0.0000,0.0000,0.0000,false,none,0.0000,none,none,false,false,none,0.0000,0.0000,0.0000,0.0000,none,false,false,0.0000,0.0000,false,false,-1,none,none,false,0.000,0.000,1.29476000,1.29452000,1.29476000,recent_equal_highs,0.00012000,0.0690,session_high|opening_range_high|neckline_level,1.29452000,0.2072,false,true,true,false,not_blocked,6,3,3,m5_failure_exit,off,none,0.00000000,0.0000,1.30,1.29690000,4.500,-0.300,0.200,PERIOD_M15,1.29559000,1.29215000,0.2762,outside,0.000,true,1.29464000,1.29290000,0.00174000,1.29690000,1.299,0.00057929,20.00,0-30,true,false,none,not_consumed,4.800,4.800,none,0.0000,false,neckline_retest_failed,false,not_invalidated,spread_too_high
2025.03.28 16:05:00,blocked,session_reversal_pullback_one_symbol_first120,GBPUSD,LONG,2025.03.28 16:00:00,16,13,22,london_newyork_overlap,2025.03.28 13:00,0,first_120min,true,true,3,GBPUSD,highest_score_in_session_bar,london_newyork_overlap=USDJPY|EURJPY|GBPJPY|AUDJPY|EURUSD|GBPUSD,existing_first120_gate,london_newyork_overlap,false,false,true,passed_first_window,inverse_head_and_shoulders,neckline_break_retest,1.29406000,PERIOD_M5,PERIOD_H1,PERIOD_M15,PERIOD_M5,PERIOD_M5,false,htf_soft_alignment,current_post_filter,transcript_post_filter,dow_range_or_transition,structure_trend_bias_dow_trend_down_ll_lh,dow_range_or_transition,structure_trend_bias_dow_trend_down_ll_lh,false,true,false,LONG,PERIOD_M5,inverse_head_and_shoulders,inverse_head_and_shoulders,4.500,none,0.000,inverse_head_and_shoulders,4.500,none,0.000,LONG,false,PERIOD_H1_NONE_dow_range_or_transition|PERIOD_M15_SHORT_structure_trend_bias_dow_trend_down_ll_lh,true,h1_counter_m15_reversal,true,top_NONE_dow_range_or_transition|structure_SHORT_structure_trend_bias_dow_trend_down_ll_lh|structure_break_recent_confirmed_swing_break_failed|primary_break_recent_confirmed_swing_break_continuation,none,above_75sma_rising,below_75sma_falling,above_75sma_rising,-1,0.00000000,0,1.29322000,false,off,NONE,NONE,0.00000000,0.00000000,0.0000,none,0.000,true,LONG,return_high_break_or_bos_up,1.29521000,13,1.29559000,1.29215000,false,off,independent,false,,,false,0.0000,none,0.0000,0.0000,none,0.0000,0.0000,0.0000,none,0.0000,0,0,0.0000,none,none,none,none,0.0000,0,0.0000,none,false,true,not_evaluated,true,required_light_or_anchor_flip,short_bias,1.29374000,2025.03.28 09:30:00,1.29559000,2025.03.28 12:30:00,2025.03.28 14:30:00,false,NONE,0.00000000,0.00000000,0.0000,-1,false,,-1,NONE,0.00000000,0.00000000,0.0000,0.0000,none,,none,false,NONE,-1,-1,-1,false,false,none,false,true,false,true,none,true,required,false,PERIOD_M5,,,-1,0.0000,false,0.00000000,0.0000,false,0.0000,false,none,none,false,no_anchor_flip_in_entry_direction,true,required_first_signal_only,LONG,unknown,0.00000000,,0.00000000,,false,,-1,false,NONE,0.00000000,,0.00000000,0.0000,0.0000,none,-1,false,false,false,no_anchor_flip_in_entry_direction,,,,false,false,false,-1,-1,-1,-1,-1,false,false,false,0.0000,falling_n,false,1.29674000,1.29215000,5.2500,false,0.0000,0.0000,0,none,true,0.4575,preferred_382_618,0.200,diagnostic_only,diagnostic_only,diagnostic_only,fib_pullback,5,0.440,true,none,0.590,high_quality,false,false,diagnostic_only,both,true,none,true,diagnostic_adjacent_detected,required_light,false,false,SHORT,3,false,false,0,,,-1,0.0000,0.00000000,0.00000000,0.00000000,false,false,none,0.00000000,false,0.0000,0.0000,false,1,0.0000,false,-1,0.00000000,0.0000,off,false,not_evaluated,none,0.0000,0.0000,none,false,false,false,0.0000,none,false,none,0.0000,false,none,0.0000,0.0000,0.0000,0.0000,false,none,0.0000,none,none,false,false,none,0.0000,0.0000,0.0000,0.0000,none,false,false,0.0000,0.0000,false,false,-1,none,none,false,0.000,0.000,1.29476000,1.29452000,1.29476000,recent_equal_highs,0.00012000,0.0690,session_high|opening_range_high|neckline_level,1.29452000,0.2072,false,true,true,false,not_blocked,6,3,3,m5_failure_exit,off,none,0.00000000,0.0000,1.30,1.29690000,4.500,-0.300,0.200,PERIOD_M15,1.29559000,1.29215000,0.2762,outside,0.000,true,1.29464000,1.29290000,0.00174000,1.29690000,1.299,0.00057929,20.00,0-30,true,false,none,blocked_spread_too_high,4.800,4.800,none,0.0000,false,neckline_retest_failed,false,not_invalidated,spread_too_high
2025.03.31 10:05:00,signal,session_reversal_pullback_one_symbol_first120,EURJPY,SHORT,2025.03.31 10:00:00,10,7,16,london,2025.03.31 07:00,0,first_120min,true,true,3,EURJPY,highest_score_in_session_bar,london=USDJPY|EURJPY|GBPJPY|AUDJPY|EURUSD|GBPUSD,existing_first120_gate,london,false,false,true,passed_first_window,double_top,neckline_break_retest,161.54500000,PERIOD_M5,PERIOD_H1,PERIOD_M15,PERIOD_M5,PERIOD_M5,false,htf_soft_alignment,current_post_filter,transcript_post_filter,dow_range_or_transition,structure_trend_bias_dow_trend_down_ll_lh,dow_range_or_transition,structure_trend_bias_dow_trend_down_ll_lh,false,false,true,SHORT,PERIOD_M5,double_top,double_top,4.200,none,0.000,double_top,4.200,none,0.000,SHORT,false,PERIOD_H1_NONE_dow_range_or_transition|PERIOD_M15_SHORT_structure_trend_bias_dow_trend_down_ll_lh,true,h1_counter_m15_reversal,true,top_NONE_dow_range_or_transition|structure_SHORT_structure_trend_bias_dow_trend_down_ll_lh|structure_break_recent_confirmed_swing_break_failed|primary_break_recent_confirmed_swing_break_retest,none,below_75sma_falling,below_75sma_falling,below_75sma_falling,-1,0.00000000,0,161.46000000,false,off,NONE,NONE,0.00000000,0.00000000,0.0000,none,0.000,true,SHORT,return_low_break_or_bos_down,161.16600000,2,161.74000000,161.16600000,false,off,independent,false,,,false,0.0000,none,0.0000,0.0000,none,0.0000,0.0000,0.0000,none,0.0000,0,0,0.0000,none,none,none,none,0.0000,0,0.0000,none,false,true,not_evaluated,true,required_light_or_anchor_flip,short_bias,161.48400000,2025.03.31 03:15:00,162.02600000,2025.03.31 03:45:00,2025.03.31 06:15:00,false,NONE,0.00000000,0.00000000,0.0000,-1,false,,-1,NONE,0.00000000,0.00000000,0.0000,0.0000,none,,none,false,NONE,-1,-1,-1,false,false,none,true,false,false,true,none,true,required,false,PERIOD_M5,,,-1,0.0000,false,0.00000000,0.0000,false,0.0000,false,none,none,false,no_anchor_flip_in_entry_direction,true,required_first_signal_only,SHORT,unknown,0.00000000,,0.00000000,,false,,-1,false,NONE,0.00000000,,0.00000000,0.0000,0.0000,none,-1,false,false,false,no_anchor_flip_in_entry_direction,,,,false,false,false,-1,-1,-1,-1,-1,false,false,false,0.0000,falling_n,false,162.02600000,161.16600000,4.9588,false,0.0000,0.0000,0,none,true,0.3300,shallow_236_382,0.080,diagnostic_only,diagnostic_only,diagnostic_only,shallow_pullback,6,0.320,true,none,0.470,high_quality,false,false,diagnostic_only,both,true,none,true,diagnostic_adjacent_detected,required_light,false,false,LONG,5,false,false,1,2025.03.31 07:35:00,2025.03.31 09:25:00,7,4.4682,0.00000000,161.11700000,161.11700000,false,false,none,0.00000000,false,0.0000,0.0000,false,1,0.0000,false,-1,0.00000000,0.0000,off,false,not_evaluated,none,0.0000,0.0000,none,false,false,false,0.0000,none,false,none,0.0000,false,none,4.4682,0.8105,5.5133,1.1977,false,no_shrink,0.0000,none,none,false,false,none,0.0000,0.0000,0.0000,0.0000,none,false,false,0.0000,0.0000,false,false,-1,none,none,false,0.000,0.000,161.51793750,161.40857143,161.40857143,recent_equal_lows,0.00842857,0.0426,session_low|opening_range_low|neckline_level,161.40700000,0.0717,false,true,true,false,not_blocked,5,3,2,m5_failure_exit,off,none,0.00000000,0.0000,1.30,161.15900000,4.200,-0.300,0.200,PERIOD_M15,161.74000000,161.16600000,0.4373,preferred_382_618,0.000,true,161.41700000,161.61500000,0.19800000,161.15900000,1.303,0.13942857,30.00,0-30,true,false,none,not_consumed,4.500,4.500,none,0.0000,false,opposite_break_first,true,opposite_break_first,spread_too_high
2025.03.31 10:05:00,blocked,session_reversal_pullback_one_symbol_first120,EURJPY,SHORT,2025.03.31 10:00:00,10,7,16,london,2025.03.31 07:00,0,first_120min,true,true,3,EURJPY,highest_score_in_session_bar,london=USDJPY|EURJPY|GBPJPY|AUDJPY|EURUSD|GBPUSD,existing_first120_gate,london,false,false,true,passed_first_window,double_top,neckline_break_retest,161.54500000,PERIOD_M5,PERIOD_H1,PERIOD_M15,PERIOD_M5,PERIOD_M5,false,htf_soft_alignment,current_post_filter,transcript_post_filter,dow_range_or_transition,structure_trend_bias_dow_trend_down_ll_lh,dow_range_or_transition,structure_trend_bias_dow_trend_down_ll_lh,false,false,true,SHORT,PERIOD_M5,double_top,double_top,4.200,none,0.000,double_top,4.200,none,0.000,SHORT,false,PERIOD_H1_NONE_dow_range_or_transition|PERIOD_M15_SHORT_structure_trend_bias_dow_trend_down_ll_lh,true,h1_counter_m15_reversal,true,top_NONE_dow_range_or_transition|structure_SHORT_structure_trend_bias_dow_trend_down_ll_lh|structure_break_recent_confirmed_swing_break_failed|primary_break_recent_confirmed_swing_break_retest,none,below_75sma_falling,below_75sma_falling,below_75sma_falling,-1,0.00000000,0,161.46000000,false,off,NONE,NONE,0.00000000,0.00000000,0.0000,none,0.000,true,SHORT,return_low_break_or_bos_down,161.16600000,2,161.74000000,161.16600000,false,off,independent,false,,,false,0.0000,none,0.0000,0.0000,none,0.0000,0.0000,0.0000,none,0.0000,0,0,0.0000,none,none,none,none,0.0000,0,0.0000,none,false,true,not_evaluated,true,required_light_or_anchor_flip,short_bias,161.48400000,2025.03.31 03:15:00,162.02600000,2025.03.31 03:45:00,2025.03.31 06:15:00,false,NONE,0.00000000,0.00000000,0.0000,-1,false,,-1,NONE,0.00000000,0.00000000,0.0000,0.0000,none,,none,false,NONE,-1,-1,-1,false,false,none,true,false,false,true,none,true,required,false,PERIOD_M5,,,-1,0.0000,false,0.00000000,0.0000,false,0.0000,false,none,none,false,no_anchor_flip_in_entry_direction,true,required_first_signal_only,SHORT,unknown,0.00000000,,0.00000000,,false,,-1,false,NONE,0.00000000,,0.00000000,0.0000,0.0000,none,-1,false,false,false,no_anchor_flip_in_entry_direction,,,,false,false,false,-1,-1,-1,-1,-1,false,false,false,0.0000,falling_n,false,162.02600000,161.16600000,4.9588,false,0.0000,0.0000,0,none,true,0.3300,shallow_236_382,0.080,diagnostic_only,diagnostic_only,diagnostic_only,shallow_pullback,6,0.320,true,none,0.470,high_quality,false,false,diagnostic_only,both,true,none,true,diagnostic_adjacent_detected,required_light,false,false,LONG,5,false,false,1,2025.03.31 07:35:00,2025.03.31 09:25:00,7,4.4682,0.00000000,161.11700000,161.11700000,false,false,none,0.00000000,false,0.0000,0.0000,false,1,0.0000,false,-1,0.00000000,0.0000,off,false,not_evaluated,none,0.0000,0.0000,none,false,false,false,0.0000,none,false,none,0.0000,false,none,4.4682,0.8105,5.5133,1.1977,false,no_shrink,0.0000,none,none,false,false,none,0.0000,0.0000,0.0000,0.0000,none,false,false,0.0000,0.0000,false,false,-1,none,none,false,0.000,0.000,161.51793750,161.40857143,161.40857143,recent_equal_lows,0.00842857,0.0426,session_low|opening_range_low|neckline_level,161.40700000,0.0717,false,true,true,false,not_blocked,5,3,2,m5_failure_exit,off,none,0.00000000,0.0000,1.30,161.15900000,4.200,-0.300,0.200,PERIOD_M15,161.74000000,161.16600000,0.4373,preferred_382_618,0.000,true,161.41700000,161.61500000,0.19800000,161.15900000,1.303,0.13942857,30.00,0-30,true,false,none,blocked_spread_too_high,4.500,4.500,none,0.0000,false,opposite_break_first,true,opposite_break_first,spread_too_high
2025.03.31 16:10:00,signal,session_reversal_pullback_one_symbol_first120,EURUSD,SHORT,2025.03.31 16:05:00,16,13,22,london_newyork_overlap,2025.03.31 13:00,5,first_120min,true,true,3,EURUSD,highest_score_in_session_bar,london_newyork_overlap=USDJPY|EURJPY|GBPJPY|AUDJPY|EURUSD|GBPUSD,existing_first120_gate,london_newyork_overlap,true,false,true,passed_first_window,head_and_shoulders,neckline_break_retest,1.08137000,PERIOD_M5,PERIOD_H1,PERIOD_M15,PERIOD_M5,PERIOD_M5,false,htf_soft_alignment,current_post_filter,transcript_post_filter,dow_trend_up_hh_hl,ordered_dow_wave3_break_below_swing_low,dow_trend_up_hh_hl,ordered_dow_wave3_break_below_swing_low,false,false,true,SHORT,PERIOD_M5,head_and_shoulders,head_and_shoulders,4.500,none,0.000,head_and_shoulders,4.500,none,0.000,SHORT,true,PERIOD_H1_LONG_dow_trend_up_hh_hl|PERIOD_M15_SHORT_ordered_dow_wave3_break_below_swing_low,true,h1_counter_m15_reversal,true,top_LONG_dow_trend_up_hh_hl|structure_SHORT_ordered_dow_wave3_break_below_swing_low|structure_break_recent_confirmed_swing_break_retest|primary_break_recent_confirmed_swing_break_retest,none,above_75sma_rising,below_75sma_falling,below_75sma_falling,0,1.08048000,0,1.08146000,false,off,NONE,NONE,0.00000000,0.00000000,0.0000,none,0.000,true,SHORT,return_low_break_or_bos_down,1.08048000,0,1.08285000,1.08048000,false,off,independent,false,,,false,0.0000,none,0.0000,0.0000,none,0.0000,0.0000,0.0000,none,0.0000,0,0,0.0000,none,none,none,none,0.0000,0,0.0000,none,false,true,not_evaluated,true,required_light_or_anchor_flip,short_bias,1.08242000,2025.03.31 09:00:00,1.08296000,2025.03.31 12:00:00,2025.03.31 13:15:00,false,NONE,0.00000000,0.00000000,0.0000,-1,false,,-1,NONE,0.00000000,0.00000000,0.0000,0.0000,none,,none,false,NONE,-1,-1,-1,false,false,none,true,false,false,true,none,true,required,false,PERIOD_M5,,,-1,0.0000,false,0.00000000,0.0000,false,0.0000,false,none,none,false,no_anchor_flip_in_entry_direction,true,required_first_signal_only,SHORT,unknown,0.00000000,,0.00000000,,false,,-1,false,NONE,0.00000000,,0.00000000,0.0000,0.0000,none,-1,false,false,false,no_anchor_flip_in_entry_direction,,,,false,false,false,-1,-1,-1,-1,-1,false,false,false,0.0000,falling_n,false,1.08486000,1.08048000,4.7061,false,0.0000,0.0000,0,none,true,0.1941,no_fib,0.000,diagnostic_only,diagnostic_only,diagnostic_only,shallow_pullback,7,0.240,true,none,0.390,high_quality,false,false,diagnostic_only,both,true,none,true,diagnostic_adjacent_detected,required_light,false,false,LONG,6,false,false,1,2025.03.31 13:45:00,2025.03.31 14:45:00,16,4.0089,0.00000000,1.08146000,1.08146000,true,true,m5_hl_close_break_down,1.08146000,true,0.0623,0.9555,true,1,0.7893,true,12,1.08146000,0.0415,off,false,not_evaluated,none,0.6100,0.0600,normal,false,true,true,0.7893,failed_1bar,true,favorable_side,0.0300,true,clean_retest,2.5134,4.0089,0.6269,0.0000,true,strong_exhaustion,0.0000,none,none,false,false,none,0.0000,0.0000,0.0000,0.0000,none,false,false,0.0000,0.0000,false,false,-1,none,none,false,0.000,0.000,1.08137000,1.08091250,1.08091250,recent_equal_highs,0.00041750,0.3630,neckline_level,1.08137000,0.0831,false,true,true,false,not_blocked,12,6,6,m5_failure_exit,off,none,0.00000000,0.0000,1.30,1.07984000,4.500,-0.300,0.200,PERIOD_M15,1.08285000,1.08048000,0.3586,outside,0.000,true,1.08133000,1.08248000,0.00115000,1.07984000,1.296,0.00048143,18.00,0-30,true,false,none,not_consumed,5.150,5.150,none,0.0000,false,opposite_break_first,true,opposite_break_first,spread_too_high
2025.03.31 16:10:00,blocked,session_reversal_pullback_one_symbol_first120,EURUSD,SHORT,2025.03.31 16:05:00,16,13,22,london_newyork_overlap,2025.03.31 13:00,5,first_120min,true,true,3,EURUSD,highest_score_in_session_bar,london_newyork_overlap=USDJPY|EURJPY|GBPJPY|AUDJPY|EURUSD|GBPUSD,existing_first120_gate,london_newyork_overlap,true,false,true,passed_first_window,head_and_shoulders,neckline_break_retest,1.08137000,PERIOD_M5,PERIOD_H1,PERIOD_M15,PERIOD_M5,PERIOD_M5,false,htf_soft_alignment,current_post_filter,transcript_post_filter,dow_trend_up_hh_hl,ordered_dow_wave3_break_below_swing_low,dow_trend_up_hh_hl,ordered_dow_wave3_break_below_swing_low,false,false,true,SHORT,PERIOD_M5,head_and_shoulders,head_and_shoulders,4.500,none,0.000,head_and_shoulders,4.500,none,0.000,SHORT,true,PERIOD_H1_LONG_dow_trend_up_hh_hl|PERIOD_M15_SHORT_ordered_dow_wave3_break_below_swing_low,true,h1_counter_m15_reversal,true,top_LONG_dow_trend_up_hh_hl|structure_SHORT_ordered_dow_wave3_break_below_swing_low|structure_break_recent_confirmed_swing_break_retest|primary_break_recent_confirmed_swing_break_retest,none,above_75sma_rising,below_75sma_falling,below_75sma_falling,0,1.08048000,0,1.08146000,false,off,NONE,NONE,0.00000000,0.00000000,0.0000,none,0.000,true,SHORT,return_low_break_or_bos_down,1.08048000,0,1.08285000,1.08048000,false,off,independent,false,,,false,0.0000,none,0.0000,0.0000,none,0.0000,0.0000,0.0000,none,0.0000,0,0,0.0000,none,none,none,none,0.0000,0,0.0000,none,false,true,not_evaluated,true,required_light_or_anchor_flip,short_bias,1.08242000,2025.03.31 09:00:00,1.08296000,2025.03.31 12:00:00,2025.03.31 13:15:00,false,NONE,0.00000000,0.00000000,0.0000,-1,false,,-1,NONE,0.00000000,0.00000000,0.0000,0.0000,none,,none,false,NONE,-1,-1,-1,false,false,none,true,false,false,true,none,true,required,false,PERIOD_M5,,,-1,0.0000,false,0.00000000,0.0000,false,0.0000,false,none,none,false,no_anchor_flip_in_entry_direction,true,required_first_signal_only,SHORT,unknown,0.00000000,,0.00000000,,false,,-1,false,NONE,0.00000000,,0.00000000,0.0000,0.0000,none,-1,false,false,false,no_anchor_flip_in_entry_direction,,,,false,false,false,-1,-1,-1,-1,-1,false,false,false,0.0000,falling_n,false,1.08486000,1.08048000,4.7061,false,0.0000,0.0000,0,none,true,0.1941,no_fib,0.000,diagnostic_only,diagnostic_only,diagnostic_only,shallow_pullback,7,0.240,true,none,0.390,high_quality,false,false,diagnostic_only,both,true,none,true,diagnostic_adjacent_detected,required_light,false,false,LONG,6,false,false,1,2025.03.31 13:45:00,2025.03.31 14:45:00,16,4.0089,0.00000000,1.08146000,1.08146000,true,true,m5_hl_close_break_down,1.08146000,true,0.0623,0.9555,true,1,0.7893,true,12,1.08146000,0.0415,off,false,not_evaluated,none,0.6100,0.0600,normal,false,true,true,0.7893,failed_1bar,true,favorable_side,0.0300,true,clean_retest,2.5134,4.0089,0.6269,0.0000,true,strong_exhaustion,0.0000,none,none,false,false,none,0.0000,0.0000,0.0000,0.0000,none,false,false,0.0000,0.0000,false,false,-1,none,none,false,0.000,0.000,1.08137000,1.08091250,1.08091250,recent_equal_highs,0.00041750,0.3630,neckline_level,1.08137000,0.0831,false,true,true,false,not_blocked,12,6,6,m5_failure_exit,off,none,0.00000000,0.0000,1.30,1.07984000,4.500,-0.300,0.200,PERIOD_M15,1.08285000,1.08048000,0.3586,outside,0.000,true,1.08133000,1.08248000,0.00115000,1.07984000,1.296,0.00048143,18.00,0-30,true,false,none,blocked_spread_too_high,5.150,5.150,none,0.0000,false,opposite_break_first,true,opposite_break_first,spread_too_high
2025.03.31 21:00:00,signal,session_reversal_pullback_one_symbol_first120,EURUSD,SHORT,2025.03.31 20:55:00,20,17,2,new_york,2025.03.31 16:00,115,first_120min,false,true,3,EURUSD,highest_score_in_session_bar,new_york=USDJPY|EURJPY|GBPJPY|AUDJPY|EURUSD|GBPUSD,existing_first120_gate,new_york,true,false,true,passed_first_window,sweep_high_reclaim,sweep_reclaim_retest,1.08156000,PERIOD_M5,PERIOD_H1,PERIOD_M15,PERIOD_M5,PERIOD_M5,false,htf_soft_alignment,current_post_filter,transcript_post_filter,dow_trend_up_hh_hl,no_ordered_dow_wave3_break,dow_trend_up_hh_hl,no_ordered_dow_wave3_break,false,false,true,SHORT,PERIOD_M5,sweep_high_reclaim,sweep_high_reclaim,3.400,none,0.000,sweep_high_reclaim,3.400,none,0.000,SHORT,false,PERIOD_H1_LONG_dow_trend_up_hh_hl|PERIOD_M15_NONE_no_ordered_dow_wave3_break,true,h1_counter_m15_reversal,true,top_LONG_dow_trend_up_hh_hl|structure_NONE_no_ordered_dow_wave3_break|structure_break_recent_confirmed_swing_break_failed|primary_break_recent_confirmed_swing_break_retest,none,above_75sma_rising,below_75sma_falling,above_75sma_flat_or_falling,-1,0.00000000,0,1.08146000,false,off,NONE,NONE,0.00000000,0.00000000,0.0000,none,0.000,true,SHORT,return_low_break_or_bos_down,1.08003000,6,1.08267000,1.07833000,false,off,independent,false,,,false,0.0000,none,0.0000,0.0000,none,0.0000,0.0000,0.0000,none,0.0000,0,0,0.0000,none,none,none,none,0.0000,0,0.0000,none,false,true,not_evaluated,true,required_light_or_anchor_flip,short_bias,1.08242000,2025.03.31 09:00:00,1.08206000,2025.03.31 16:15:00,2025.03.31 17:45:00,false,NONE,0.00000000,0.00000000,0.0000,-1,false,,-1,NONE,0.00000000,0.00000000,0.0000,0.0000,none,,none,false,NONE,-1,-1,-1,false,false,none,true,false,false,true,none,true,required,false,PERIOD_M5,,,-1,0.0000,false,0.00000000,0.0000,false,0.0000,false,none,none,false,no_anchor_flip_in_entry_direction,true,required_first_signal_only,SHORT,unknown,0.00000000,,0.00000000,,false,,-1,false,NONE,0.00000000,,0.00000000,0.0000,0.0000,none,-1,false,false,false,no_anchor_flip_in_entry_direction,,,,false,false,false,-1,-1,-1,-1,-1,false,false,false,0.0000,range_n,true,1.08285000,1.07833000,3.8703,false,0.0000,0.0000,0,none,true,0.7074,deep_618_786,0.120,diagnostic_only,diagnostic_only,diagnostic_only,fib_pullback,24,0.320,true,none,0.470,medium_quality,false,false,diagnostic_only,both,true,none,true,diagnostic_adjacent_detected,required_light,false,false,LONG,5,false,false,1,2025.03.31 19:25:00,2025.03.31 20:30:00,5,8.4432,0.00000000,1.08071000,1.08071000,false,false,none,0.00000000,false,0.0000,0.0000,false,1,0.0000,false,-1,0.00000000,0.0000,off,false,not_evaluated,none,0.0000,0.0000,none,false,false,false,0.0000,none,false,none,0.0000,false,none,2.2929,8.3622,0.2742,0.0809,false,strong_exhaustion,0.0000,none,none,false,false,none,0.0000,0.0000,0.0000,0.0000,none,false,false,0.0000,0.0000,false,false,-1,none,none,false,0.000,0.000,1.08141000,1.08139158,1.08139158,recent_equal_highs,0.00000842,0.0255,neckline_level,1.08156000,0.4316,false,false,true,false,not_blocked,3,0,3,m5_failure_exit,off,none,0.00000000,0.0000,1.30,1.08098000,3.400,-0.300,0.200,PERIOD_M15,1.08161000,1.07843000,0.9340,outside,0.000,true,1.08140000,1.08173000,0.00033000,1.08098000,1.273,0.00037071,18.00,90-120,true,false,none,not_consumed,3.700,3.700,none,0.0000,false,opposite_break_first,true,opposite_break_first,spread_too_high
2025.03.31 21:00:00,blocked,session_reversal_pullback_one_symbol_first120,EURUSD,SHORT,2025.03.31 20:55:00,20,17,2,new_york,2025.03.31 16:00,115,first_120min,false,true,3,EURUSD,highest_score_in_session_bar,new_york=USDJPY|EURJPY|GBPJPY|AUDJPY|EURUSD|GBPUSD,existing_first120_gate,new_york,true,false,true,passed_first_window,sweep_high_reclaim,sweep_reclaim_retest,1.08156000,PERIOD_M5,PERIOD_H1,PERIOD_M15,PERIOD_M5,PERIOD_M5,false,htf_soft_alignment,current_post_filter,transcript_post_filter,dow_trend_up_hh_hl,no_ordered_dow_wave3_break,dow_trend_up_hh_hl,no_ordered_dow_wave3_break,false,false,true,SHORT,PERIOD_M5,sweep_high_reclaim,sweep_high_reclaim,3.400,none,0.000,sweep_high_reclaim,3.400,none,0.000,SHORT,false,PERIOD_H1_LONG_dow_trend_up_hh_hl|PERIOD_M15_NONE_no_ordered_dow_wave3_break,true,h1_counter_m15_reversal,true,top_LONG_dow_trend_up_hh_hl|structure_NONE_no_ordered_dow_wave3_break|structure_break_recent_confirmed_swing_break_failed|primary_break_recent_confirmed_swing_break_retest,none,above_75sma_rising,below_75sma_falling,above_75sma_flat_or_falling,-1,0.00000000,0,1.08146000,false,off,NONE,NONE,0.00000000,0.00000000,0.0000,none,0.000,true,SHORT,return_low_break_or_bos_down,1.08003000,6,1.08267000,1.07833000,false,off,independent,false,,,false,0.0000,none,0.0000,0.0000,none,0.0000,0.0000,0.0000,none,0.0000,0,0,0.0000,none,none,none,none,0.0000,0,0.0000,none,false,true,not_evaluated,true,required_light_or_anchor_flip,short_bias,1.08242000,2025.03.31 09:00:00,1.08206000,2025.03.31 16:15:00,2025.03.31 17:45:00,false,NONE,0.00000000,0.00000000,0.0000,-1,false,,-1,NONE,0.00000000,0.00000000,0.0000,0.0000,none,,none,false,NONE,-1,-1,-1,false,false,none,true,false,false,true,none,true,required,false,PERIOD_M5,,,-1,0.0000,false,0.00000000,0.0000,false,0.0000,false,none,none,false,no_anchor_flip_in_entry_direction,true,required_first_signal_only,SHORT,unknown,0.00000000,,0.00000000,,false,,-1,false,NONE,0.00000000,,0.00000000,0.0000,0.0000,none,-1,false,false,false,no_anchor_flip_in_entry_direction,,,,false,false,false,-1,-1,-1,-1,-1,false,false,false,0.0000,range_n,true,1.08285000,1.07833000,3.8703,false,0.0000,0.0000,0,none,true,0.7074,deep_618_786,0.120,diagnostic_only,diagnostic_only,diagnostic_only,fib_pullback,24,0.320,true,none,0.470,medium_quality,false,false,diagnostic_only,both,true,none,true,diagnostic_adjacent_detected,required_light,false,false,LONG,5,false,false,1,2025.03.31 19:25:00,2025.03.31 20:30:00,5,8.4432,0.00000000,1.08071000,1.08071000,false,false,none,0.00000000,false,0.0000,0.0000,false,1,0.0000,false,-1,0.00000000,0.0000,off,false,not_evaluated,none,0.0000,0.0000,none,false,false,false,0.0000,none,false,none,0.0000,false,none,2.2929,8.3622,0.2742,0.0809,false,strong_exhaustion,0.0000,none,none,false,false,none,0.0000,0.0000,0.0000,0.0000,none,false,false,0.0000,0.0000,false,false,-1,none,none,false,0.000,0.000,1.08141000,1.08139158,1.08139158,recent_equal_highs,0.00000842,0.0255,neckline_level,1.08156000,0.4316,false,false,true,false,not_blocked,3,0,3,m5_failure_exit,off,none,0.00000000,0.0000,1.30,1.08098000,3.400,-0.300,0.200,PERIOD_M15,1.08161000,1.07843000,0.9340,outside,0.000,true,1.08140000,1.08173000,0.00033000,1.08098000,1.273,0.00037071,18.00,90-120,true,false,none,blocked_spread_too_high,3.700,3.700,none,0.0000,false,opposite_break_first,true,opposite_break_first,spread_too_high
2025.04.01 04:55:00,signal,session_reversal_pullback_one_symbol_first120,EURJPY,LONG,2025.04.01 04:50:00,4,1,10,tokyo,2025.04.01 00:00,110,first_120min,false,true,3,EURJPY,highest_score_in_session_bar,tokyo=USDJPY|EURJPY|GBPJPY|AUDJPY,existing_first120_gate,tokyo,true,false,true,passed_first_window,inverse_head_and_shoulders,neckline_break_retest,162.08100000,PERIOD_M5,PERIOD_H1,PERIOD_M15,PERIOD_M5,PERIOD_M5,false,htf_soft_alignment,current_post_filter,transcript_post_filter,dow_trend_down_ll_lh,break_below_without_lower_pullback,dow_trend_down_ll_lh,break_below_without_lower_pullback,false,true,true,LONG,PERIOD_M5,inverse_head_and_shoulders,inverse_head_and_shoulders,4.500,none,0.000,inverse_head_and_shoulders,4.500,none,0.000,LONG,false,PERIOD_H1_SHORT_dow_trend_down_ll_lh|PERIOD_M15_NONE_break_below_without_lower_pullback,true,h1_counter_m15_reversal,true,top_SHORT_dow_trend_down_ll_lh|structure_NONE_break_below_without_lower_pullback|structure_break_recent_confirmed_swing_break_failed|primary_break_recent_confirmed_swing_break_continuation,none,below_75sma_flat_or_rising,above_75sma_rising,below_75sma_falling,-1,0.00000000,0,162.01500000,false,off,NONE,NONE,0.00000000,0.00000000,0.0000,none,0.000,true,LONG,return_high_break_or_bos_up,162.24000000,5,162.37000000,161.94700000,false,off,independent,false,,,false,0.0000,none,0.0000,0.0000,none,0.0000,0.0000,0.0000,none,0.0000,0,0,0.0000,none,none,none,none,0.0000,0,0.0000,none,false,true,not_evaluated,true,required_light_or_anchor_flip,short_bias,162.06500000,2025.04.01 01:15:00,162.37000000,2025.04.01 02:15:00,2025.04.01 03:00:00,false,NONE,0.00000000,0.00000000,0.0000,-1,false,,-1,NONE,0.00000000,0.00000000,0.0000,0.0000,none,,none,false,NONE,-1,-1,-1,false,false,none,false,true,false,true,none,true,required,false,PERIOD_M5,,,-1,0.0000,false,0.00000000,0.0000,false,0.0000,false,none,none,false,no_anchor_flip_in_entry_direction,true,required_first_signal_only,LONG,unknown,0.00000000,,0.00000000,,false,,-1,false,NONE,0.00000000,,0.00000000,0.0000,0.0000,none,-1,false,false,false,no_anchor_flip_in_entry_direction,,,,false,false,false,-1,-1,-1,-1,-1,false,false,false,0.0000,range_n,true,162.37000000,162.05700000,2.4841,false,0.0000,0.0000,0,none,true,0.5177,preferred_382_618,0.200,diagnostic_only,diagnostic_only,diagnostic_only,deep_pullback,24,0.400,true,none,0.550,high_quality,false,false,diagnostic_only,both,true,none,true,diagnostic_adjacent_detected,required_light,false,false,SHORT,4,false,false,2,2025.04.01 02:15:00,2025.04.01 04:05:00,9,4.6963,162.28700000,0.00000000,162.28700000,false,false,none,0.00000000,false,0.0000,0.0000,false,1,0.0000,false,-1,0.00000000,0.0000,off,false,not_evaluated,none,0.0000,0.0000,none,false,false,false,0.0000,none,false,none,0.0000,false,none,3.7748,3.4750,1.0863,1.2213,false,no_shrink,0.0000,none,none,false,false,none,0.0000,0.0000,0.0000,0.0000,none,false,false,0.0000,0.0000,false,false,-1,none,none,false,0.000,0.000,162.28700000,162.13900000,162.28700000,session_high,0.13600000,0.6538,neckline_level,162.08100000,0.7772,false,true,true,false,not_blocked,5,4,1,m5_failure_exit,off,none,0.00000000,0.0000,1.30,162.42200000,4.500,-0.300,0.200,PERIOD_M15,162.37000000,162.06500000,0.7180,deep_618_786,0.000,true,162.15100000,161.94300000,0.20800000,162.42200000,1.303,0.09007143,30.00,90-120,true,false,none,not_consumed,4.800,4.800,none,0.0000,false,opposite_break_first,true,opposite_break_first,spread_too_high
2025.04.01 04:55:00,blocked,session_reversal_pullback_one_symbol_first120,EURJPY,LONG,2025.04.01 04:50:00,4,1,10,tokyo,2025.04.01 00:00,110,first_120min,false,true,3,EURJPY,highest_score_in_session_bar,tokyo=USDJPY|EURJPY|GBPJPY|AUDJPY,existing_first120_gate,tokyo,true,false,true,passed_first_window,inverse_head_and_shoulders,neckline_break_retest,162.08100000,PERIOD_M5,PERIOD_H1,PERIOD_M15,PERIOD_M5,PERIOD_M5,false,htf_soft_alignment,current_post_filter,transcript_post_filter,dow_trend_down_ll_lh,break_below_without_lower_pullback,dow_trend_down_ll_lh,break_below_without_lower_pullback,false,true,true,LONG,PERIOD_M5,inverse_head_and_shoulders,inverse_head_and_shoulders,4.500,none,0.000,inverse_head_and_shoulders,4.500,none,0.000,LONG,false,PERIOD_H1_SHORT_dow_trend_down_ll_lh|PERIOD_M15_NONE_break_below_without_lower_pullback,true,h1_counter_m15_reversal,true,top_SHORT_dow_trend_down_ll_lh|structure_NONE_break_below_without_lower_pullback|structure_break_recent_confirmed_swing_break_failed|primary_break_recent_confirmed_swing_break_continuation,none,below_75sma_flat_or_rising,above_75sma_rising,below_75sma_falling,-1,0.00000000,0,162.01500000,false,off,NONE,NONE,0.00000000,0.00000000,0.0000,none,0.000,true,LONG,return_high_break_or_bos_up,162.24000000,5,162.37000000,161.94700000,false,off,independent,false,,,false,0.0000,none,0.0000,0.0000,none,0.0000,0.0000,0.0000,none,0.0000,0,0,0.0000,none,none,none,none,0.0000,0,0.0000,none,false,true,not_evaluated,true,required_light_or_anchor_flip,short_bias,162.06500000,2025.04.01 01:15:00,162.37000000,2025.04.01 02:15:00,2025.04.01 03:00:00,false,NONE,0.00000000,0.00000000,0.0000,-1,false,,-1,NONE,0.00000000,0.00000000,0.0000,0.0000,none,,none,false,NONE,-1,-1,-1,false,false,none,false,true,false,true,none,true,required,false,PERIOD_M5,,,-1,0.0000,false,0.00000000,0.0000,false,0.0000,false,none,none,false,no_anchor_flip_in_entry_direction,true,required_first_signal_only,LONG,unknown,0.00000000,,0.00000000,,false,,-1,false,NONE,0.00000000,,0.00000000,0.0000,0.0000,none,-1,false,false,false,no_anchor_flip_in_entry_direction,,,,false,false,false,-1,-1,-1,-1,-1,false,false,false,0.0000,range_n,true,162.37000000,162.05700000,2.4841,false,0.0000,0.0000,0,none,true,0.5177,preferred_382_618,0.200,diagnostic_only,diagnostic_only,diagnostic_only,deep_pullback,24,0.400,true,none,0.550,high_quality,false,false,diagnostic_only,both,true,none,true,diagnostic_adjacent_detected,required_light,false,false,SHORT,4,false,false,2,2025.04.01 02:15:00,2025.04.01 04:05:00,9,4.6963,162.28700000,0.00000000,162.28700000,false,false,none,0.00000000,false,0.0000,0.0000,false,1,0.0000,false,-1,0.00000000,0.0000,off,false,not_evaluated,none,0.0000,0.0000,none,false,false,false,0.0000,none,false,none,0.0000,false,none,3.7748,3.4750,1.0863,1.2213,false,no_shrink,0.0000,none,none,false,false,none,0.0000,0.0000,0.0000,0.0000,none,false,false,0.0000,0.0000,false,false,-1,none,none,false,0.000,0.000,162.28700000,162.13900000,162.28700000,session_high,0.13600000,0.6538,neckline_level,162.08100000,0.7772,false,true,true,false,not_blocked,5,4,1,m5_failure_exit,off,none,0.00000000,0.0000,1.30,162.42200000,4.500,-0.300,0.200,PERIOD_M15,162.37000000,162.06500000,0.7180,deep_618_786,0.000,true,162.15100000,161.94300000,0.20800000,162.42200000,1.303,0.09007143,30.00,90-120,true,false,none,blocked_spread_too_high,4.800,4.800,none,0.0000,false,opposite_break_first,true,opposite_break_first,spread_too_high
2025.04.01 11:30:00,signal,session_reversal_pullback_one_symbol_first120,AUDJPY,LONG,2025.04.01 11:25:00,11,8,17,london,2025.04.01 07:00,85,first_120min,false,true,3,AUDJPY,highest_score_in_session_bar,london=USDJPY|EURJPY|GBPJPY|AUDJPY|EURUSD|GBPUSD,existing_first120_gate,london,false,false,true,passed_first_window,inverse_head_and_shoulders,neckline_break_retest,93.50400000,PERIOD_M5,PERIOD_H1,PERIOD_M15,PERIOD_M5,PERIOD_M5,false,htf_soft_alignment,current_post_filter,transcript_post_filter,dow_range_or_transition,structure_trend_bias_dow_trend_up_hh_hl,dow_range_or_transition,structure_trend_bias_dow_trend_up_hh_hl,false,true,true,LONG,PERIOD_M5,inverse_head_and_shoulders,inverse_head_and_shoulders,4.500,none,0.000,inverse_head_and_shoulders,4.500,none,0.000,LONG,false,PERIOD_H1_NONE_dow_range_or_transition|PERIOD_M15_LONG_structure_trend_bias_dow_trend_up_hh_hl,true,h1_counter_m15_reversal,true,top_NONE_dow_range_or_transition|structure_LONG_structure_trend_bias_dow_trend_up_hh_hl|structure_break_recent_confirmed_swing_break_failed|primary_break_no_recent_confirmed_swing_break,none,below_75sma_falling,above_75sma_rising,below_75sma_falling,-1,0.00000000,-1,0.00000000,false,off,NONE,NONE,0.00000000,0.00000000,0.0000,none,0.000,true,LONG,return_high_break_or_bos_up,93.71600000,6,93.90000000,93.41600000,false,off,independent,false,,,false,0.0000,none,0.0000,0.0000,none,0.0000,0.0000,0.0000,none,0.0000,0,0,0.0000,none,none,none,none,0.0000,0,0.0000,none,false,true,not_evaluated,true,required_light_or_anchor_flip,bias_flip_down,93.63200000,2025.04.01 09:00:00,93.60600000,2025.04.01 03:30:00,2025.04.01 09:45:00,true,SHORT,93.63200000,93.59000000,0.3496,4,true,2025.04.01 10:15:00,4,SHORT,93.63200000,93.59000000,0.3496,0.4245,strong,2025.04.01 11:15:00,first_after_anchor,true,SHORT,4,0,4,true,false,fresh_0_4,false,true,false,true,none,true,required,false,PERIOD_M5,,,-1,0.0000,false,0.00000000,0.0000,false,0.0000,false,none,none,false,no_anchor_flip_in_entry_direction,true,required_first_signal_only,LONG,unknown,0.00000000,,0.00000000,,false,,-1,false,NONE,0.00000000,,0.00000000,0.0000,0.0000,none,-1,false,false,false,no_anchor_flip_in_entry_direction,,,,false,false,false,-1,-1,-1,-1,-1,false,false,false,0.0000,rising_n,false,93.90000000,93.25600000,5.3603,true,0.4245,0.5854,4,strong,true,0.5682,preferred_382_618,0.200,diagnostic_only,diagnostic_only,diagnostic_only,fib_pullback,24,0.450,true,none,0.600,high_quality,false,false,diagnostic_only,both,true,none,true,diagnostic_adjacent_detected,required_light,false,false,SHORT,3,false,false,0,,,-1,0.0000,0.00000000,0.00000000,0.00000000,false,false,none,0.00000000,false,0.0000,0.0000,false,1,0.0000,false,-1,0.00000000,0.0000,off,false,not_evaluated,none,0.0000,0.0000,none,false,false,false,0.0000,none,false,none,0.0000,false,none,0.0000,0.0000,0.0000,0.0000,false,none,0.0000,none,none,false,false,none,0.0000,0.0000,0.0000,0.0000,none,false,false,0.0000,0.0000,false,false,-1,none,none,false,0.000,0.000,93.63200000,93.54900000,93.63200000,structure_confirmed_swing_low,0.00700000,0.0352,neckline_level,93.50400000,1.7701,false,true,false,false,not_blocked,5,5,0,m5_failure_exit,off,none,0.00000000,0.0000,1.30,93.88400000,4.500,-0.300,0.200,PERIOD_M15,93.90000000,93.63200000,1.0261,outside,0.000,true,93.62500000,93.42600000,0.19900000,93.88400000,1.302,0.06835714,28.00,60-90,true,false,none,not_consumed,4.600,4.600,none,0.0000,false,opposite_break_first,true,opposite_break_first,spread_too_high
2025.04.01 11:30:00,blocked,session_reversal_pullback_one_symbol_first120,AUDJPY,LONG,2025.04.01 11:25:00,11,8,17,london,2025.04.01 07:00,85,first_120min,false,true,3,AUDJPY,highest_score_in_session_bar,london=USDJPY|EURJPY|GBPJPY|AUDJPY|EURUSD|GBPUSD,existing_first120_gate,london,false,false,true,passed_first_window,inverse_head_and_shoulders,neckline_break_retest,93.50400000,PERIOD_M5,PERIOD_H1,PERIOD_M15,PERIOD_M5,PERIOD_M5,false,htf_soft_alignment,current_post_filter,transcript_post_filter,dow_range_or_transition,structure_trend_bias_dow_trend_up_hh_hl,dow_range_or_transition,structure_trend_bias_dow_trend_up_hh_hl,false,true,true,LONG,PERIOD_M5,inverse_head_and_shoulders,inverse_head_and_shoulders,4.500,none,0.000,inverse_head_and_shoulders,4.500,none,0.000,LONG,false,PERIOD_H1_NONE_dow_range_or_transition|PERIOD_M15_LONG_structure_trend_bias_dow_trend_up_hh_hl,true,h1_counter_m15_reversal,true,top_NONE_dow_range_or_transition|structure_LONG_structure_trend_bias_dow_trend_up_hh_hl|structure_break_recent_confirmed_swing_break_failed|primary_break_no_recent_confirmed_swing_break,none,below_75sma_falling,above_75sma_rising,below_75sma_falling,-1,0.00000000,-1,0.00000000,false,off,NONE,NONE,0.00000000,0.00000000,0.0000,none,0.000,true,LONG,return_high_break_or_bos_up,93.71600000,6,93.90000000,93.41600000,false,off,independent,false,,,false,0.0000,none,0.0000,0.0000,none,0.0000,0.0000,0.0000,none,0.0000,0,0,0.0000,none,none,none,none,0.0000,0,0.0000,none,false,true,not_evaluated,true,required_light_or_anchor_flip,bias_flip_down,93.63200000,2025.04.01 09:00:00,93.60600000,2025.04.01 03:30:00,2025.04.01 09:45:00,true,SHORT,93.63200000,93.59000000,0.3496,4,true,2025.04.01 10:15:00,4,SHORT,93.63200000,93.59000000,0.3496,0.4245,strong,2025.04.01 11:15:00,first_after_anchor,true,SHORT,4,0,4,true,false,fresh_0_4,false,true,false,true,none,true,required,false,PERIOD_M5,,,-1,0.0000,false,0.00000000,0.0000,false,0.0000,false,none,none,false,no_anchor_flip_in_entry_direction,true,required_first_signal_only,LONG,unknown,0.00000000,,0.00000000,,false,,-1,false,NONE,0.00000000,,0.00000000,0.0000,0.0000,none,-1,false,false,false,no_anchor_flip_in_entry_direction,,,,false,false,false,-1,-1,-1,-1,-1,false,false,false,0.0000,rising_n,false,93.90000000,93.25600000,5.3603,true,0.4245,0.5854,4,strong,true,0.5682,preferred_382_618,0.200,diagnostic_only,diagnostic_only,diagnostic_only,fib_pullback,24,0.450,true,none,0.600,high_quality,false,false,diagnostic_only,both,true,none,true,diagnostic_adjacent_detected,required_light,false,false,SHORT,3,false,false,0,,,-1,0.0000,0.00000000,0.00000000,0.00000000,false,false,none,0.00000000,false,0.0000,0.0000,false,1,0.0000,false,-1,0.00000000,0.0000,off,false,not_evaluated,none,0.0000,0.0000,none,false,false,false,0.0000,none,false,none,0.0000,false,none,0.0000,0.0000,0.0000,0.0000,false,none,0.0000,none,none,false,false,none,0.0000,0.0000,0.0000,0.0000,none,false,false,0.0000,0.0000,false,false,-1,none,none,false,0.000,0.000,93.63200000,93.54900000,93.63200000,structure_confirmed_swing_low,0.00700000,0.0352,neckline_level,93.50400000,1.7701,false,true,false,false,not_blocked,5,5,0,m5_failure_exit,off,none,0.00000000,0.0000,1.30,93.88400000,4.500,-0.300,0.200,PERIOD_M15,93.90000000,93.63200000,1.0261,outside,0.000,true,93.62500000,93.42600000,0.19900000,93.88400000,1.302,0.06835714,28.00,60-90,true,false,none,blocked_spread_too_high,4.600,4.600,none,0.0000,false,opposite_break_first,true,opposite_break_first,spread_too_high
2025.04.01 17:10:00,signal,session_reversal_pullback_one_symbol_first120,EURUSD,LONG,2025.04.01 17:05:00,17,14,23,london_newyork_overlap,2025.04.01 13:00,65,first_120min,false,true,3,EURUSD,highest_score_in_session_bar,london_newyork_overlap=USDJPY|EURJPY|GBPJPY|AUDJPY|EURUSD|GBPUSD,existing_first120_gate,london_newyork_overlap,false,false,true,passed_first_window,inverse_head_and_shoulders,neckline_break_retest,1.07948000,PERIOD_M5,PERIOD_H1,PERIOD_M15,PERIOD_M5,PERIOD_M5,false,htf_soft_alignment,current_post_filter,transcript_post_filter,dow_range_or_transition,no_ordered_dow_wave3_break,dow_range_or_transition,no_ordered_dow_wave3_break,false,true,false,LONG,PERIOD_M5,inverse_head_and_shoulders,inverse_head_and_shoulders,4.500,none,0.000,inverse_head_and_shoulders,4.500,none,0.000,LONG,false,PERIOD_H1_NONE_dow_range_or_transition|PERIOD_M15_NONE_no_ordered_dow_wave3_break,true,h1_counter_m15_reversal,true,top_NONE_dow_range_or_transition|structure_NONE_no_ordered_dow_wave3_break|structure_break_recent_confirmed_swing_break_failed|primary_break_recent_confirmed_swing_break_retest,none,below_75sma_flat_or_rising,below_75sma_falling,above_75sma_flat_or_falling,-1,0.00000000,0,1.07948000,false,off,NONE,NONE,0.00000000,0.00000000,0.0000,none,0.000,true,LONG,return_high_break_or_bos_up,1.08118000,16,1.08285000,1.07775000,false,off,independent,false,,,false,0.0000,none,0.0000,0.0000,none,0.0000,0.0000,0.0000,none,0.0000,0,0,0.0000,none,none,none,none,0.0000,0,0.0000,none,false,true,not_evaluated,true,required_light_or_anchor_flip,short_bias,1.07984000,2025.04.01 10:15:00,1.08285000,2025.04.01 12:00:00,2025.04.01 14:30:00,false,NONE,0.00000000,0.00000000,0.0000,-1,false,,-1,NONE,0.00000000,0.00000000,0.0000,0.0000,none,,none,false,NONE,-1,-1,-1,false,false,none,false,true,false,true,none,true,required,false,PERIOD_M5,,,-1,0.0000,false,0.00000000,0.0000,false,0.0000,false,none,none,false,no_anchor_flip_in_entry_direction,true,required_first_signal_only,LONG,unknown,0.00000000,,0.00000000,,false,,-1,false,NONE,0.00000000,,0.00000000,0.0000,0.0000,none,-1,false,false,false,no_anchor_flip_in_entry_direction,,,,false,false,false,-1,-1,-1,-1,-1,false,false,false,0.0000,range_n,true,1.08285000,1.07775000,6.0202,false,0.0000,0.0000,0,none,true,0.4392,preferred_382_618,0.200,diagnostic_only,diagnostic_only,diagnostic_only,fib_pullback,9,0.440,true,none,0.590,high_quality,false,false,diagnostic_only,both,true,none,true,diagnostic_adjacent_detected,required_light,false,false,SHORT,4,false,false,1,2025.04.01 14:40:00,2025.04.01 16:30:00,7,2.6212,1.07948000,0.00000000,1.07948000,true,true,m5_lh_close_break_up,1.07948000,true,0.4394,1.7879,true,1,0.0000,true,1,1.07948000,0.1061,off,false,not_evaluated,none,0.9333,0.0667,very_strong,true,false,false,0.0000,held_clean,true,favorable_side,0.3158,false,clean_retest,2.4545,2.5909,0.9474,0.0000,true,strong_exhaustion,0.0000,none,none,false,false,none,0.0000,0.0000,0.0000,0.0000,none,false,false,0.0000,0.0000,false,false,-1,none,none,false,0.000,0.000,1.08285000,1.08055000,1.08285000,top_context_confirmed_swing_high,0.00224000,1.1313,session_high|opening_range_high|neckline_level,1.08055000,0.0909,false,true,true,false,not_blocked,3,2,1,m5_failure_exit,off,none,0.00000000,0.0000,1.30,1.08318000,4.500,0.150,0.200,PERIOD_M15,1.08285000,1.07775000,0.4392,preferred_382_618,0.000,true,1.08061000,1.07863000,0.00198000,1.08318000,1.298,0.00066000,18.00,60-90,true,false,none,not_consumed,5.250,5.250,none,0.0000,false,opposite_break_first,true,opposite_break_first,spread_too_high
2025.04.01 17:10:00,blocked,session_reversal_pullback_one_symbol_first120,EURUSD,LONG,2025.04.01 17:05:00,17,14,23,london_newyork_overlap,2025.04.01 13:00,65,first_120min,false,true,3,EURUSD,highest_score_in_session_bar,london_newyork_overlap=USDJPY|EURJPY|GBPJPY|AUDJPY|EURUSD|GBPUSD,existing_first120_gate,london_newyork_overlap,false,false,true,passed_first_window,inverse_head_and_shoulders,neckline_break_retest,1.07948000,PERIOD_M5,PERIOD_H1,PERIOD_M15,PERIOD_M5,PERIOD_M5,false,htf_soft_alignment,current_post_filter,transcript_post_filter,dow_range_or_transition,no_ordered_dow_wave3_break,dow_range_or_transition,no_ordered_dow_wave3_break,false,true,false,LONG,PERIOD_M5,inverse_head_and_shoulders,inverse_head_and_shoulders,4.500,none,0.000,inverse_head_and_shoulders,4.500,none,0.000,LONG,false,PERIOD_H1_NONE_dow_range_or_transition|PERIOD_M15_NONE_no_ordered_dow_wave3_break,true,h1_counter_m15_reversal,true,top_NONE_dow_range_or_transition|structure_NONE_no_ordered_dow_wave3_break|structure_break_recent_confirmed_swing_break_failed|primary_break_recent_confirmed_swing_break_retest,none,below_75sma_flat_or_rising,below_75sma_falling,above_75sma_flat_or_falling,-1,0.00000000,0,1.07948000,false,off,NONE,NONE,0.00000000,0.00000000,0.0000,none,0.000,true,LONG,return_high_break_or_bos_up,1.08118000,16,1.08285000,1.07775000,false,off,independent,false,,,false,0.0000,none,0.0000,0.0000,none,0.0000,0.0000,0.0000,none,0.0000,0,0,0.0000,none,none,none,none,0.0000,0,0.0000,none,false,true,not_evaluated,true,required_light_or_anchor_flip,short_bias,1.07984000,2025.04.01 10:15:00,1.08285000,2025.04.01 12:00:00,2025.04.01 14:30:00,false,NONE,0.00000000,0.00000000,0.0000,-1,false,,-1,NONE,0.00000000,0.00000000,0.0000,0.0000,none,,none,false,NONE,-1,-1,-1,false,false,none,false,true,false,true,none,true,required,false,PERIOD_M5,,,-1,0.0000,false,0.00000000,0.0000,false,0.0000,false,none,none,false,no_anchor_flip_in_entry_direction,true,required_first_signal_only,LONG,unknown,0.00000000,,0.00000000,,false,,-1,false,NONE,0.00000000,,0.00000000,0.0000,0.0000,none,-1,false,false,false,no_anchor_flip_in_entry_direction,,,,false,false,false,-1,-1,-1,-1,-1,false,false,false,0.0000,range_n,true,1.08285000,1.07775000,6.0202,false,0.0000,0.0000,0,none,true,0.4392,preferred_382_618,0.200,diagnostic_only,diagnostic_only,diagnostic_only,fib_pullback,9,0.440,true,none,0.590,high_quality,false,false,diagnostic_only,both,true,none,true,diagnostic_adjacent_detected,required_light,false,false,SHORT,4,false,false,1,2025.04.01 14:40:00,2025.04.01 16:30:00,7,2.6212,1.07948000,0.00000000,1.07948000,true,true,m5_lh_close_break_up,1.07948000,true,0.4394,1.7879,true,1,0.0000,true,1,1.07948000,0.1061,off,false,not_evaluated,none,0.9333,0.0667,very_strong,true,false,false,0.0000,held_clean,true,favorable_side,0.3158,false,clean_retest,2.4545,2.5909,0.9474,0.0000,true,strong_exhaustion,0.0000,none,none,false,false,none,0.0000,0.0000,0.0000,0.0000,none,false,false,0.0000,0.0000,false,false,-1,none,none,false,0.000,0.000,1.08285000,1.08055000,1.08285000,top_context_confirmed_swing_high,0.00224000,1.1313,session_high|opening_range_high|neckline_level,1.08055000,0.0909,false,true,true,false,not_blocked,3,2,1,m5_failure_exit,off,none,0.00000000,0.0000,1.30,1.08318000,4.500,0.150,0.200,PERIOD_M15,1.08285000,1.07775000,0.4392,preferred_382_618,0.000,true,1.08061000,1.07863000,0.00198000,1.08318000,1.298,0.00066000,18.00,60-90,true,false,none,blocked_spread_too_high,5.250,5.250,none,0.0000,false,opposite_break_first,true,opposite_break_first,spread_too_high
2025.04.01 20:25:00,signal,session_reversal_pullback_one_symbol_first120,USDJPY,SHORT,2025.04.01 20:20:00,20,17,2,new_york,2025.04.01 16:00,80,first_120min,false,true,3,USDJPY,highest_score_in_session_bar,new_york=USDJPY|EURJPY|GBPJPY|AUDJPY|EURUSD|GBPUSD,existing_first120_gate,new_york,false,false,true,passed_first_window,head_and_shoulders,neckline_break_retest,149.41300000,PERIOD_M5,PERIOD_H1,PERIOD_M15,PERIOD_M5,PERIOD_M5,false,htf_soft_alignment,current_post_filter,transcript_post_filter,dow_range_or_transition,no_ordered_dow_wave3_break,dow_range_or_transition,no_ordered_dow_wave3_break,false,true,true,SHORT,PERIOD_M5,head_and_shoulders,head_and_shoulders,4.500,none,0.000,head_and_shoulders,4.500,none,0.000,SHORT,false,PERIOD_H1_NONE_dow_range_or_transition|PERIOD_M15_NONE_no_ordered_dow_wave3_break,true,h1_counter_m15_reversal,true,top_NONE_dow_range_or_transition|structure_NONE_no_ordered_dow_wave3_break|structure_break_recent_confirmed_swing_break_failed|primary_break_recent_confirmed_swing_break_retest,none,below_75sma_falling,below_75sma_falling,above_75sma_rising,-1,0.00000000,0,149.40200000,false,off,NONE,NONE,0.00000000,0.00000000,0.0000,none,0.000,true,SHORT,return_low_break_or_bos_down,149.11500000,12,149.73300000,148.96800000,false,off,independent,false,,,false,0.0000,none,0.0000,0.0000,none,0.0000,0.0000,0.0000,none,0.0000,0,0,0.0000,none,none,none,none,0.0000,0,0.0000,none,false,true,not_evaluated,true,required_light_or_anchor_flip,long_bias,149.20000000,2025.04.01 18:30:00,149.53500000,2025.04.01 16:30:00,2025.04.01 19:15:00,false,NONE,0.00000000,0.00000000,0.0000,-1,false,,-1,NONE,0.00000000,0.00000000,0.0000,0.0000,none,,none,false,NONE,-1,-1,-1,false,false,none,false,true,false,true,none,true,required,false,PERIOD_M5,,,-1,0.0000,false,0.00000000,0.0000,false,0.0000,false,none,none,false,no_anchor_flip_in_entry_direction,true,required_first_signal_only,SHORT,unknown,0.00000000,,0.00000000,,false,,-1,false,NONE,0.00000000,,0.00000000,0.0000,0.0000,none,-1,false,false,false,no_anchor_flip_in_entry_direction,,,,false,false,false,-1,-1,-1,-1,-1,false,false,false,0.0000,rising_n,false,149.73300000,148.96800000,3.9477,false,0.0000,0.0000,0,none,true,0.5569,preferred_382_618,0.200,diagnostic_only,diagnostic_only,diagnostic_only,fib_pullback,24,0.400,true,none,0.550,high_quality,false,false,diagnostic_only,both,true,none,true,diagnostic_adjacent_detected,required_light,false,false,LONG,6,false,false,1,2025.04.01 18:40:00,2025.04.01 19:50:00,6,6.6152,0.00000000,149.40200000,149.40200000,true,true,m5_hl_close_break_down,149.40200000,true,0.0621,1.2660,true,1,0.0000,true,1,149.40200000,0.4220,off,false,not_evaluated,none,0.8790,0.1210,normal,true,false,false,0.0000,held_clean,true,favorable_side,0.9286,false,clean_retest,1.9982,6.6152,0.3021,0.0000,true,strong_exhaustion,0.0000,none,none,false,false,none,0.0000,0.0000,0.0000,0.0000,none,false,false,0.0000,0.0000,false,false,-1,none,none,false,0.000,0.000,149.41300000,149.37300000,149.31000000,previous_week_low,0.08400000,0.5283,session_low|opening_range_low|neckline_level,149.41300000,0.2358,false,true,false,false,not_blocked,3,3,0,m5_failure_exit,off,none,0.00000000,0.0000,1.30,149.18800000,4.500,-0.300,0.200,PERIOD_M15,149.50200000,149.20000000,0.6424,deep_618_786,0.000,true,149.39400000,149.55300000,0.15900000,149.18800000,1.296,0.08057143,16.00,60-90,true,false,none,not_consumed,4.800,4.800,none,0.0000,false,opposite_break_first,true,opposite_break_first,session_invalidated
2025.04.01 20:25:00,blocked,session_reversal_pullback_one_symbol_first120,USDJPY,SHORT,2025.04.01 20:20:00,20,17,2,new_york,2025.04.01 16:00,80,first_120min,false,true,3,USDJPY,highest_score_in_session_bar,new_york=USDJPY|EURJPY|GBPJPY|AUDJPY|EURUSD|GBPUSD,existing_first120_gate,new_york,false,false,true,passed_first_window,head_and_shoulders,neckline_break_retest,149.41300000,PERIOD_M5,PERIOD_H1,PERIOD_M15,PERIOD_M5,PERIOD_M5,false,htf_soft_alignment,current_post_filter,transcript_post_filter,dow_range_or_transition,no_ordered_dow_wave3_break,dow_range_or_transition,no_ordered_dow_wave3_break,false,true,true,SHORT,PERIOD_M5,head_and_shoulders,head_and_shoulders,4.500,none,0.000,head_and_shoulders,4.500,none,0.000,SHORT,false,PERIOD_H1_NONE_dow_range_or_transition|PERIOD_M15_NONE_no_ordered_dow_wave3_break,true,h1_counter_m15_reversal,true,top_NONE_dow_range_or_transition|structure_NONE_no_ordered_dow_wave3_break|structure_break_recent_confirmed_swing_break_failed|primary_break_recent_confirmed_swing_break_retest,none,below_75sma_falling,below_75sma_falling,above_75sma_rising,-1,0.00000000,0,149.40200000,false,off,NONE,NONE,0.00000000,0.00000000,0.0000,none,0.000,true,SHORT,return_low_break_or_bos_down,149.11500000,12,149.73300000,148.96800000,false,off,independent,false,,,false,0.0000,none,0.0000,0.0000,none,0.0000,0.0000,0.0000,none,0.0000,0,0,0.0000,none,none,none,none,0.0000,0,0.0000,none,false,true,not_evaluated,true,required_light_or_anchor_flip,long_bias,149.20000000,2025.04.01 18:30:00,149.53500000,2025.04.01 16:30:00,2025.04.01 19:15:00,false,NONE,0.00000000,0.00000000,0.0000,-1,false,,-1,NONE,0.00000000,0.00000000,0.0000,0.0000,none,,none,false,NONE,-1,-1,-1,false,false,none,false,true,false,true,none,true,required,false,PERIOD_M5,,,-1,0.0000,false,0.00000000,0.0000,false,0.0000,false,none,none,false,no_anchor_flip_in_entry_direction,true,required_first_signal_only,SHORT,unknown,0.00000000,,0.00000000,,false,,-1,false,NONE,0.00000000,,0.00000000,0.0000,0.0000,none,-1,false,false,false,no_anchor_flip_in_entry_direction,,,,false,false,false,-1,-1,-1,-1,-1,false,false,false,0.0000,rising_n,false,149.73300000,148.96800000,3.9477,false,0.0000,0.0000,0,none,true,0.5569,preferred_382_618,0.200,diagnostic_only,diagnostic_only,diagnostic_only,fib_pullback,24,0.400,true,none,0.550,high_quality,false,false,diagnostic_only,both,true,none,true,diagnostic_adjacent_detected,required_light,false,false,LONG,6,false,false,1,2025.04.01 18:40:00,2025.04.01 19:50:00,6,6.6152,0.00000000,149.40200000,149.40200000,true,true,m5_hl_close_break_down,149.40200000,true,0.0621,1.2660,true,1,0.0000,true,1,149.40200000,0.4220,off,false,not_evaluated,none,0.8790,0.1210,normal,true,false,false,0.0000,held_clean,true,favorable_side,0.9286,false,clean_retest,1.9982,6.6152,0.3021,0.0000,true,strong_exhaustion,0.0000,none,none,false,false,none,0.0000,0.0000,0.0000,0.0000,none,false,false,0.0000,0.0000,false,false,-1,none,none,false,0.000,0.000,149.41300000,149.37300000,149.31000000,previous_week_low,0.08400000,0.5283,session_low|opening_range_low|neckline_level,149.41300000,0.2358,false,true,false,false,not_blocked,3,3,0,m5_failure_exit,off,none,0.00000000,0.0000,1.30,149.18800000,4.500,-0.300,0.200,PERIOD_M15,149.50200000,149.20000000,0.6424,deep_618_786,0.000,true,149.39400000,149.55300000,0.15900000,149.18800000,1.296,0.08057143,16.00,60-90,true,false,none,blocked_session_invalidated,4.800,4.800,none,0.0000,false,opposite_break_first,true,opposite_break_first,session_invalidated
2025.04.03 10:35:00,signal,session_reversal_pullback_one_symbol_first120,EURJPY,SHORT,2025.04.03 10:30:00,10,7,16,london,2025.04.03 07:00,30,first_120min,true,true,3,EURJPY,highest_score_in_session_bar,london=USDJPY|EURJPY|GBPJPY|AUDJPY|EURUSD|GBPUSD,existing_first120_gate,london,false,false,true,passed_first_window,double_top,neckline_break_retest,161.35400000,PERIOD_M5,PERIOD_H1,PERIOD_M15,PERIOD_M5,PERIOD_M5,false,htf_soft_alignment,current_post_filter,transcript_post_filter,dow_range_or_transition,structure_trend_bias_dow_trend_down_ll_lh,dow_range_or_transition,structure_trend_bias_dow_trend_down_ll_lh,false,false,true,SHORT,PERIOD_M5,double_top,double_top,4.200,none,0.000,double_top,4.200,none,0.000,SHORT,false,PERIOD_H1_NONE_dow_range_or_transition|PERIOD_M15_SHORT_structure_trend_bias_dow_trend_down_ll_lh,true,h1_counter_m15_reversal,true,top_NONE_dow_range_or_transition|structure_SHORT_structure_trend_bias_dow_trend_down_ll_lh|structure_break_recent_confirmed_swing_break_failed|primary_break_no_recent_confirmed_swing_break,none,below_75sma_falling,below_75sma_flat_or_rising,above_75sma_rising,-1,0.00000000,-1,0.00000000,false,off,NONE,NONE,0.00000000,0.00000000,0.0000,none,0.000,true,SHORT,return_low_break_or_bos_down,160.93200000,6,161.74700000,160.61700000,false,off,independent,false,,,false,0.0000,none,0.0000,0.0000,none,0.0000,0.0000,0.0000,none,0.0000,0,0,0.0000,none,none,none,none,0.0000,0,0.0000,none,false,true,not_evaluated,true,required_light_or_anchor_flip,bias_flip_up,162.67400000,2025.04.02 22:00:00,161.37900000,2025.04.03 05:00:00,2025.04.03 06:45:00,true,LONG,161.37900000,161.58200000,0.7189,3,true,2025.04.03 09:30:00,3,LONG,161.37900000,161.58200000,0.7189,1.4060,normal,2025.04.03 10:00:00,first_after_anchor,true,LONG,3,1,3,true,false,fresh_0_4,false,true,false,true,none,true,required,false,PERIOD_M5,,,-1,0.0000,false,0.00000000,0.0000,false,0.0000,false,none,none,false,no_anchor_flip_in_entry_direction,true,required_first_signal_only,SHORT,unknown,0.00000000,,0.00000000,,false,,-1,false,NONE,0.00000000,,0.00000000,0.0000,0.0000,none,-1,false,false,false,no_anchor_flip_in_entry_direction,,,,false,false,false,-1,-1,-1,-1,-1,false,false,false,0.0000,range_n,true,161.37900000,160.61700000,2.6987,true,1.4060,0.1996,0,normal,true,0.5973,preferred_382_618,0.200,diagnostic_only,diagnostic_only,diagnostic_only,deep_pullback,24,0.450,true,none,0.600,high_quality,false,false,diagnostic_only,both,true,none,true,diagnostic_adjacent_detected,required_light,false,false,LONG,7,false,false,2,2025.04.03 08:25:00,2025.04.03 10:05:00,5,4.4251,0.00000000,161.28000000,161.28000000,false,false,none,0.00000000,false,0.0000,0.0000,false,1,0.0000,false,-1,0.00000000,0.0000,off,false,not_evaluated,none,0.0000,0.0000,none,false,false,false,0.0000,none,false,none,0.0000,false,none,2.2560,1.2657,1.7824,3.1594,false,no_shrink,0.0000,none,none,false,false,none,0.0000,0.0000,0.0000,0.0000,none,false,false,0.0000,0.0000,false,false,-1,none,none,false,0.000,0.000,161.35400000,161.22900000,161.09900000,previous_day_low,0.19300000,0.8319,session_low|opening_range_low|neckline_level,161.35400000,0.2995,false,true,true,false,not_blocked,2,1,1,m5_failure_exit,off,none,0.00000000,0.0000,1.30,160.99000000,4.200,0.000,0.200,PERIOD_M15,161.37900000,160.83100000,0.8412,outside,0.000,true,161.29200000,161.52400000,0.23200000,160.99000000,1.302,0.20700000,30.00,30-60,true,false,none,not_consumed,4.600,4.600,none,0.0000,false,opposite_break_first,true,opposite_break_first,session_invalidated
2025.04.03 10:35:00,blocked,session_reversal_pullback_one_symbol_first120,EURJPY,SHORT,2025.04.03 10:30:00,10,7,16,london,2025.04.03 07:00,30,first_120min,true,true,3,EURJPY,highest_score_in_session_bar,london=USDJPY|EURJPY|GBPJPY|AUDJPY|EURUSD|GBPUSD,existing_first120_gate,london,false,false,true,passed_first_window,double_top,neckline_break_retest,161.35400000,PERIOD_M5,PERIOD_H1,PERIOD_M15,PERIOD_M5,PERIOD_M5,false,htf_soft_alignment,current_post_filter,transcript_post_filter,dow_range_or_transition,structure_trend_bias_dow_trend_down_ll_lh,dow_range_or_transition,structure_trend_bias_dow_trend_down_ll_lh,false,false,true,SHORT,PERIOD_M5,double_top,double_top,4.200,none,0.000,double_top,4.200,none,0.000,SHORT,false,PERIOD_H1_NONE_dow_range_or_transition|PERIOD_M15_SHORT_structure_trend_bias_dow_trend_down_ll_lh,true,h1_counter_m15_reversal,true,top_NONE_dow_range_or_transition|structure_SHORT_structure_trend_bias_dow_trend_down_ll_lh|structure_break_recent_confirmed_swing_break_failed|primary_break_no_recent_confirmed_swing_break,none,below_75sma_falling,below_75sma_flat_or_rising,above_75sma_rising,-1,0.00000000,-1,0.00000000,false,off,NONE,NONE,0.00000000,0.00000000,0.0000,none,0.000,true,SHORT,return_low_break_or_bos_down,160.93200000,6,161.74700000,160.61700000,false,off,independent,false,,,false,0.0000,none,0.0000,0.0000,none,0.0000,0.0000,0.0000,none,0.0000,0,0,0.0000,none,none,none,none,0.0000,0,0.0000,none,false,true,not_evaluated,true,required_light_or_anchor_flip,bias_flip_up,162.67400000,2025.04.02 22:00:00,161.37900000,2025.04.03 05:00:00,2025.04.03 06:45:00,true,LONG,161.37900000,161.58200000,0.7189,3,true,2025.04.03 09:30:00,3,LONG,161.37900000,161.58200000,0.7189,1.4060,normal,2025.04.03 10:00:00,first_after_anchor,true,LONG,3,1,3,true,false,fresh_0_4,false,true,false,true,none,true,required,false,PERIOD_M5,,,-1,0.0000,false,0.00000000,0.0000,false,0.0000,false,none,none,false,no_anchor_flip_in_entry_direction,true,required_first_signal_only,SHORT,unknown,0.00000000,,0.00000000,,false,,-1,false,NONE,0.00000000,,0.00000000,0.0000,0.0000,none,-1,false,false,false,no_anchor_flip_in_entry_direction,,,,false,false,false,-1,-1,-1,-1,-1,false,false,false,0.0000,range_n,true,161.37900000,160.61700000,2.6987,true,1.4060,0.1996,0,normal,true,0.5973,preferred_382_618,0.200,diagnostic_only,diagnostic_only,diagnostic_only,deep_pullback,24,0.450,true,none,0.600,high_quality,false,false,diagnostic_only,both,true,none,true,diagnostic_adjacent_detected,required_light,false,false,LONG,7,false,false,2,2025.04.03 08:25:00,2025.04.03 10:05:00,5,4.4251,0.00000000,161.28000000,161.28000000,false,false,none,0.00000000,false,0.0000,0.0000,false,1,0.0000,false,-1,0.00000000,0.0000,off,false,not_evaluated,none,0.0000,0.0000,none,false,false,false,0.0000,none,false,none,0.0000,false,none,2.2560,1.2657,1.7824,3.1594,false,no_shrink,0.0000,none,none,false,false,none,0.0000,0.0000,0.0000,0.0000,none,false,false,0.0000,0.0000,false,false,-1,none,none,false,0.000,0.000,161.35400000,161.22900000,161.09900000,previous_day_low,0.19300000,0.8319,session_low|opening_range_low|neckline_level,161.35400000,0.2995,false,true,true,false,not_blocked,2,1,1,m5_failure_exit,off,none,0.00000000,0.0000,1.30,160.99000000,4.200,0.000,0.200,PERIOD_M15,161.37900000,160.83100000,0.8412,outside,0.000,true,161.29200000,161.52400000,0.23200000,160.99000000,1.302,0.20700000,30.00,30-60,true,false,none,blocked_session_invalidated,4.600,4.600,none,0.0000,false,opposite_break_first,true,opposite_break_first,session_invalidated
2025.04.03 19:20:00,signal,session_reversal_pullback_one_symbol_first120,EURJPY,LONG,2025.04.03 19:15:00,19,16,1,new_york,2025.04.03 16:00,15,first_120min,true,true,3,EURJPY,highest_score_in_session_bar,new_york=USDJPY|EURJPY|GBPJPY|AUDJPY|EURUSD|GBPUSD,existing_first120_gate,new_york,false,false,true,passed_first_window,inverse_head_and_shoulders,neckline_break_retest,161.55800000,PERIOD_M5,PERIOD_H1,PERIOD_M15,PERIOD_M5,PERIOD_M5,false,htf_soft_alignment,current_post_filter,transcript_post_filter,dow_trend_down_ll_lh,structure_trend_bias_dow_trend_down_ll_lh,dow_trend_down_ll_lh,structure_trend_bias_dow_trend_down_ll_lh,false,true,true,LONG,PERIOD_M5,inverse_head_and_shoulders,inverse_head_and_shoulders,4.500,none,0.000,inverse_head_and_shoulders,4.500,none,0.000,LONG,false,PERIOD_H1_SHORT_dow_trend_down_ll_lh|PERIOD_M15_SHORT_structure_trend_bias_dow_trend_down_ll_lh,true,h1_counter_m15_reversal,true,top_SHORT_dow_trend_down_ll_lh|structure_SHORT_structure_trend_bias_dow_trend_down_ll_lh|structure_break_recent_confirmed_swing_break_failed|primary_break_no_recent_confirmed_swing_break,none,below_75sma_flat_or_rising,above_75sma_flat_or_falling,below_75sma_falling,-1,0.00000000,-1,0.00000000,false,off,NONE,NONE,0.00000000,0.00000000,0.0000,none,0.000,true,LONG,return_high_break_or_bos_up,161.94700000,16,163.05100000,161.07000000,false,off,independent,false,,,false,0.0000,none,0.0000,0.0000,none,0.0000,0.0000,0.0000,none,0.0000,0,0,0.0000,none,none,none,none,0.0000,0,0.0000,none,false,true,not_evaluated,true,required_light_or_anchor_flip,short_bias,161.41700000,2025.04.03 12:30:00,162.09900000,2025.04.03 16:15:00,2025.04.03 17:00:00,false,NONE,0.00000000,0.00000000,0.0000,-1,false,,-1,NONE,0.00000000,0.00000000,0.0000,0.0000,none,,none,false,NONE,-1,-1,-1,false,false,none,false,true,false,true,none,true,required,false,PERIOD_M5,,,-1,0.0000,false,0.00000000,0.0000,false,0.0000,false,none,none,false,no_anchor_flip_in_entry_direction,true,required_first_signal_only,LONG,unknown,0.00000000,,0.00000000,,false,,-1,false,NONE,0.00000000,,0.00000000,0.0000,0.0000,none,-1,false,false,false,no_anchor_flip_in_entry_direction,,,,false,false,false,-1,-1,-1,-1,-1,false,false,false,0.0000,falling_n,false,162.31900000,161.07000000,3.8832,false,0.0000,0.0000,0,none,true,0.7214,deep_618_786,0.120,diagnostic_only,diagnostic_only,diagnostic_only,fib_pullback,24,0.370,true,none,0.520,high_quality,false,false,diagnostic_only,both,true,none,true,diagnostic_adjacent_detected,required_light,false,false,SHORT,4,false,false,1,2025.04.03 16:15:00,2025.04.03 18:50:00,5,6.1802,161.94700000,0.00000000,161.94700000,false,false,none,0.00000000,false,0.0000,0.0000,false,1,0.0000,false,-1,0.00000000,0.0000,off,false,not_evaluated,none,0.0000,0.0000,none,false,false,false,0.0000,none,false,none,0.0000,false,none,4.0060,6.1802,0.6482,0.0000,true,strong_exhaustion,0.0000,none,none,false,false,none,0.0000,0.0000,0.0000,0.0000,none,false,false,0.0000,0.0000,false,false,-1,none,none,false,0.000,0.000,161.63000000,161.55800000,161.77300000,pre_session_high,0.15100000,0.4059,session_high|opening_range_high|neckline_level,161.63000000,0.0480,false,true,true,false,not_blocked,3,2,1,m5_failure_exit,off,none,0.00000000,0.0000,1.30,162.10600000,4.500,-0.300,0.200,PERIOD_M15,161.94700000,161.07000000,0.3706,outside,0.000,true,161.62200000,161.25000000,0.37200000,162.10600000,1.301,0.16650000,30.00,0-30,true,false,none,not_consumed,4.600,4.600,none,0.0000,false,neckline_retest_failed,false,not_invalidated,
2025.04.03 19:20:00,order_sent,session_reversal_pullback_one_symbol_first120,EURJPY,LONG,2025.04.03 19:15:00,19,16,1,new_york,2025.04.03 16:00,15,first_120min,true,true,3,EURJPY,highest_score_in_session_bar,new_york=USDJPY|EURJPY|GBPJPY|AUDJPY|EURUSD|GBPUSD,existing_first120_gate,new_york,false,false,true,passed_first_window,inverse_head_and_shoulders,neckline_break_retest,161.55800000,PERIOD_M5,PERIOD_H1,PERIOD_M15,PERIOD_M5,PERIOD_M5,false,htf_soft_alignment,current_post_filter,transcript_post_filter,dow_trend_down_ll_lh,structure_trend_bias_dow_trend_down_ll_lh,dow_trend_down_ll_lh,structure_trend_bias_dow_trend_down_ll_lh,false,true,true,LONG,PERIOD_M5,inverse_head_and_shoulders,inverse_head_and_shoulders,4.500,none,0.000,inverse_head_and_shoulders,4.500,none,0.000,LONG,false,PERIOD_H1_SHORT_dow_trend_down_ll_lh|PERIOD_M15_SHORT_structure_trend_bias_dow_trend_down_ll_lh,true,h1_counter_m15_reversal,true,top_SHORT_dow_trend_down_ll_lh|structure_SHORT_structure_trend_bias_dow_trend_down_ll_lh|structure_break_recent_confirmed_swing_break_failed|primary_break_no_recent_confirmed_swing_break,none,below_75sma_flat_or_rising,above_75sma_flat_or_falling,below_75sma_falling,-1,0.00000000,-1,0.00000000,false,off,NONE,NONE,0.00000000,0.00000000,0.0000,none,0.000,true,LONG,return_high_break_or_bos_up,161.94700000,16,163.05100000,161.07000000,false,off,independent,false,,,false,0.0000,none,0.0000,0.0000,none,0.0000,0.0000,0.0000,none,0.0000,0,0,0.0000,none,none,none,none,0.0000,0,0.0000,none,false,true,not_evaluated,true,required_light_or_anchor_flip,short_bias,161.41700000,2025.04.03 12:30:00,162.09900000,2025.04.03 16:15:00,2025.04.03 17:00:00,false,NONE,0.00000000,0.00000000,0.0000,-1,false,,-1,NONE,0.00000000,0.00000000,0.0000,0.0000,none,,none,false,NONE,-1,-1,-1,false,false,none,false,true,false,true,none,true,required,false,PERIOD_M5,,,-1,0.0000,false,0.00000000,0.0000,false,0.0000,false,none,none,false,no_anchor_flip_in_entry_direction,true,required_first_signal_only,LONG,unknown,0.00000000,,0.00000000,,false,,-1,false,NONE,0.00000000,,0.00000000,0.0000,0.0000,none,-1,false,false,false,no_anchor_flip_in_entry_direction,,,,false,false,false,-1,-1,-1,-1,-1,false,false,false,0.0000,falling_n,false,162.31900000,161.07000000,3.8832,false,0.0000,0.0000,0,none,true,0.7214,deep_618_786,0.120,diagnostic_only,diagnostic_only,diagnostic_only,fib_pullback,24,0.370,true,none,0.520,high_quality,false,false,diagnostic_only,both,true,none,true,diagnostic_adjacent_detected,required_light,false,false,SHORT,4,false,false,1,2025.04.03 16:15:00,2025.04.03 18:50:00,5,6.1802,161.94700000,0.00000000,161.94700000,false,false,none,0.00000000,false,0.0000,0.0000,false,1,0.0000,false,-1,0.00000000,0.0000,off,false,not_evaluated,none,0.0000,0.0000,none,false,false,false,0.0000,none,false,none,0.0000,false,none,4.0060,6.1802,0.6482,0.0000,true,strong_exhaustion,0.0000,none,none,false,false,none,0.0000,0.0000,0.0000,0.0000,none,false,false,0.0000,0.0000,false,false,-1,none,none,false,0.000,0.000,161.63000000,161.55800000,161.77300000,pre_session_high,0.15100000,0.4059,session_high|opening_range_high|neckline_level,161.63000000,0.0480,false,true,true,false,not_blocked,3,2,1,m5_failure_exit,off,none,0.00000000,0.0000,1.30,162.10600000,4.500,-0.300,0.200,PERIOD_M15,161.94700000,161.07000000,0.3706,outside,0.000,true,161.62200000,161.25000000,0.37200000,162.10600000,1.301,0.16650000,30.00,0-30,true,false,none,order_sent,4.600,4.600,none,0.0000,false,neckline_retest_failed,false,not_invalidated,
2025.04.04 03:40:00,signal,session_reversal_pullback_one_symbol_first120,USDJPY,LONG,2025.04.04 03:35:00,3,0,9,tokyo,2025.04.04 00:00,35,first_120min,true,true,3,USDJPY,highest_score_in_session_bar,tokyo=USDJPY|EURJPY|GBPJPY|AUDJPY,existing_first120_gate,tokyo,false,false,true,passed_first_window,double_bottom,neckline_break_retest,146.00300000,PERIOD_M5,PERIOD_H1,PERIOD_M15,PERIOD_M5,PERIOD_M5,false,htf_soft_alignment,current_post_filter,transcript_post_filter,dow_trend_down_ll_lh,no_ordered_dow_wave3_break,dow_trend_down_ll_lh,no_ordered_dow_wave3_break,false,true,false,LONG,PERIOD_M5,double_bottom,double_bottom,4.200,none,0.000,double_bottom,4.200,none,0.000,LONG,false,PERIOD_H1_SHORT_dow_trend_down_ll_lh|PERIOD_M15_NONE_no_ordered_dow_wave3_break,true,h1_counter_m15_reversal,true,top_SHORT_dow_trend_down_ll_lh|structure_NONE_no_ordered_dow_wave3_break|structure_break_recent_confirmed_swing_break_failed|primary_break_recent_confirmed_swing_break_failed,none,below_75sma_falling,below_75sma_falling,above_75sma_rising,-1,0.00000000,-1,0.00000000,false,off,NONE,NONE,0.00000000,0.00000000,0.0000,none,0.000,true,LONG,return_high_break_or_bos_up,146.42100000,21,146.50900000,145.53500000,false,off,independent,false,,,false,0.0000,none,0.0000,0.0000,none,0.0000,0.0000,0.0000,none,0.0000,0,0,0.0000,none,none,none,none,0.0000,0,0.0000,none,false,true,not_evaluated,true,required_light_or_anchor_flip,short_bias,145.96200000,2025.04.03 21:15:00,146.50900000,2025.04.03 22:00:00,2025.04.04 01:15:00,false,NONE,0.00000000,0.00000000,0.0000,-1,false,,-1,NONE,0.00000000,0.00000000,0.0000,0.0000,none,,none,false,NONE,-1,-1,-1,false,false,none,false,true,false,true,none,true,required,false,PERIOD_M5,,,-1,0.0000,false,0.00000000,0.0000,false,0.0000,false,none,none,false,no_anchor_flip_in_entry_direction,true,required_first_signal_only,LONG,unknown,0.00000000,,0.00000000,,false,,-1,false,NONE,0.00000000,,0.00000000,0.0000,0.0000,none,-1,false,false,false,no_anchor_flip_in_entry_direction,,,,false,false,false,-1,-1,-1,-1,-1,false,false,false,0.0000,range_n,true,146.50900000,145.31000000,7.1067,false,0.0000,0.0000,0,none,true,0.3984,preferred_382_618,0.200,diagnostic_only,diagnostic_only,diagnostic_only,shallow_pullback,8,0.440,true,none,0.590,high_quality,false,false,diagnostic_only,both,true,none,true,diagnostic_adjacent_detected,required_light,false,false,SHORT,2,false,false,0,,,-1,0.0000,0.00000000,0.00000000,0.00000000,false,false,none,0.00000000,false,0.0000,0.0000,false,1,0.0000,false,-1,0.00000000,0.0000,off,false,not_evaluated,none,0.0000,0.0000,none,false,false,false,0.0000,none,false,none,0.0000,false,none,0.0000,0.0000,0.0000,0.0000,false,none,0.0000,none,none,false,false,none,0.0000,0.0000,0.0000,0.0000,none,false,false,0.0000,0.0000,false,false,-1,none,none,false,0.000,0.000,146.18400000,146.11200000,146.18400000,recent_equal_lows,0.06300000,0.2681,neckline_level,146.00300000,1.0442,false,true,true,false,not_blocked,7,3,4,m5_failure_exit,off,none,0.00000000,0.0000,1.30,146.42700000,4.200,-0.300,0.200,PERIOD_M15,146.00300000,145.53500000,-0.2521,outside,0.000,true,146.12100000,145.88600000,0.23500000,146.42700000,1.302,0.11300000,19.00,30-60,true,false,none,not_consumed,4.300,4.300,none,0.0000,false,opposite_break_first,true,opposite_break_first,session_invalidated
2025.04.04 03:40:00,blocked,session_reversal_pullback_one_symbol_first120,USDJPY,LONG,2025.04.04 03:35:00,3,0,9,tokyo,2025.04.04 00:00,35,first_120min,true,true,3,USDJPY,highest_score_in_session_bar,tokyo=USDJPY|EURJPY|GBPJPY|AUDJPY,existing_first120_gate,tokyo,false,false,true,passed_first_window,double_bottom,neckline_break_retest,146.00300000,PERIOD_M5,PERIOD_H1,PERIOD_M15,PERIOD_M5,PERIOD_M5,false,htf_soft_alignment,current_post_filter,transcript_post_filter,dow_trend_down_ll_lh,no_ordered_dow_wave3_break,dow_trend_down_ll_lh,no_ordered_dow_wave3_break,false,true,false,LONG,PERIOD_M5,double_bottom,double_bottom,4.200,none,0.000,double_bottom,4.200,none,0.000,LONG,false,PERIOD_H1_SHORT_dow_trend_down_ll_lh|PERIOD_M15_NONE_no_ordered_dow_wave3_break,true,h1_counter_m15_reversal,true,top_SHORT_dow_trend_down_ll_lh|structure_NONE_no_ordered_dow_wave3_break|structure_break_recent_confirmed_swing_break_failed|primary_break_recent_confirmed_swing_break_failed,none,below_75sma_falling,below_75sma_falling,above_75sma_rising,-1,0.00000000,-1,0.00000000,false,off,NONE,NONE,0.00000000,0.00000000,0.0000,none,0.000,true,LONG,return_high_break_or_bos_up,146.42100000,21,146.50900000,145.53500000,false,off,independent,false,,,false,0.0000,none,0.0000,0.0000,none,0.0000,0.0000,0.0000,none,0.0000,0,0,0.0000,none,none,none,none,0.0000,0,0.0000,none,false,true,not_evaluated,true,required_light_or_anchor_flip,short_bias,145.96200000,2025.04.03 21:15:00,146.50900000,2025.04.03 22:00:00,2025.04.04 01:15:00,false,NONE,0.00000000,0.00000000,0.0000,-1,false,,-1,NONE,0.00000000,0.00000000,0.0000,0.0000,none,,none,false,NONE,-1,-1,-1,false,false,none,false,true,false,true,none,true,required,false,PERIOD_M5,,,-1,0.0000,false,0.00000000,0.0000,false,0.0000,false,none,none,false,no_anchor_flip_in_entry_direction,true,required_first_signal_only,LONG,unknown,0.00000000,,0.00000000,,false,,-1,false,NONE,0.00000000,,0.00000000,0.0000,0.0000,none,-1,false,false,false,no_anchor_flip_in_entry_direction,,,,false,false,false,-1,-1,-1,-1,-1,false,false,false,0.0000,range_n,true,146.50900000,145.31000000,7.1067,false,0.0000,0.0000,0,none,true,0.3984,preferred_382_618,0.200,diagnostic_only,diagnostic_only,diagnostic_only,shallow_pullback,8,0.440,true,none,0.590,high_quality,false,false,diagnostic_only,both,true,none,true,diagnostic_adjacent_detected,required_light,false,false,SHORT,2,false,false,0,,,-1,0.0000,0.00000000,0.00000000,0.00000000,false,false,none,0.00000000,false,0.0000,0.0000,false,1,0.0000,false,-1,0.00000000,0.0000,off,false,not_evaluated,none,0.0000,0.0000,none,false,false,false,0.0000,none,false,none,0.0000,false,none,0.0000,0.0000,0.0000,0.0000,false,none,0.0000,none,none,false,false,none,0.0000,0.0000,0.0000,0.0000,none,false,false,0.0000,0.0000,false,false,-1,none,none,false,0.000,0.000,146.18400000,146.11200000,146.18400000,recent_equal_lows,0.06300000,0.2681,neckline_level,146.00300000,1.0442,false,true,true,false,not_blocked,7,3,4,m5_failure_exit,off,none,0.00000000,0.0000,1.30,146.42700000,4.200,-0.300,0.200,PERIOD_M15,146.00300000,145.53500000,-0.2521,outside,0.000,true,146.12100000,145.88600000,0.23500000,146.42700000,1.302,0.11300000,19.00,30-60,true,false,none,blocked_session_invalidated,4.300,4.300,none,0.0000,false,opposite_break_first,true,opposite_break_first,session_invalidated
2025.04.04 10:25:00,signal,session_reversal_pullback_one_symbol_first120,EURJPY,SHORT,2025.04.04 10:20:00,10,7,16,london,2025.04.04 07:00,20,first_120min,true,true,3,EURJPY,highest_score_in_session_bar,london=USDJPY|EURJPY|GBPJPY|AUDJPY|EURUSD|GBPUSD,existing_first120_gate,london,false,false,true,passed_first_window,double_top,neckline_break_retest,161.54400000,PERIOD_M5,PERIOD_H1,PERIOD_M15,PERIOD_M5,PERIOD_M5,false,htf_soft_alignment,current_post_filter,transcript_post_filter,dow_trend_up_hh_hl,structure_trend_bias_dow_trend_down_ll_lh,dow_trend_up_hh_hl,structure_trend_bias_dow_trend_down_ll_lh,false,false,true,SHORT,PERIOD_M5,double_top,double_top,4.200,none,0.000,double_top,4.200,none,0.000,SHORT,true,PERIOD_H1_LONG_dow_trend_up_hh_hl|PERIOD_M15_SHORT_structure_trend_bias_dow_trend_down_ll_lh,true,h1_counter_m15_reversal,true,top_LONG_dow_trend_up_hh_hl|structure_SHORT_structure_trend_bias_dow_trend_down_ll_lh|structure_break_recent_confirmed_swing_break_retest|primary_break_recent_confirmed_swing_break_failed,none,below_75sma_falling,below_75sma_falling,below_75sma_falling,9,161.28800000,-1,0.00000000,false,off,NONE,NONE,0.00000000,0.00000000,0.0000,none,0.000,true,SHORT,return_low_break_or_bos_down,161.28800000,9,161.70900000,161.13300000,false,off,independent,false,,,false,0.0000,none,0.0000,0.0000,none,0.0000,0.0000,0.0000,none,0.0000,0,0,0.0000,none,none,none,none,0.0000,0,0.0000,none,false,true,not_evaluated,true,required_light_or_anchor_flip,short_bias,161.28800000,2025.04.04 03:45:00,161.78600000,2025.04.04 07:00:00,2025.04.04 08:00:00,false,NONE,0.00000000,0.00000000,0.0000,-1,false,,-1,NONE,0.00000000,0.00000000,0.0000,0.0000,none,,none,false,NONE,-1,-1,-1,false,false,none,true,false,false,true,none,true,required,false,PERIOD_M5,,,-1,0.0000,false,0.00000000,0.0000,false,0.0000,false,none,none,false,no_anchor_flip_in_entry_direction,true,required_first_signal_only,SHORT,unknown,0.00000000,,0.00000000,,false,,-1,false,NONE,0.00000000,,0.00000000,0.0000,0.0000,none,-1,false,false,false,no_anchor_flip_in_entry_direction,,,,false,false,false,-1,-1,-1,-1,-1,false,false,false,0.0000,range_n,true,161.99000000,161.13300000,3.7435,false,0.0000,0.0000,0,none,true,0.4469,preferred_382_618,0.200,diagnostic_only,diagnostic_only,diagnostic_only,fib_pullback,4,0.490,true,none,0.640,high_quality,false,false,diagnostic_only,both,true,none,true,diagnostic_adjacent_detected,required_light,false,false,LONG,4,false,false,1,2025.04.04 08:00:00,2025.04.04 09:25:00,11,3.5431,0.00000000,161.35900000,161.35900000,true,true,m5_hl_close_break_down,161.35900000,true,0.4613,0.4982,true,1,1.0334,false,4,161.35900000,0.2645,off,false,not_evaluated,none,0.7571,0.2429,strong,false,false,false,1.0334,held_no_close_back,true,favorable_side,0.2513,true,clean_retest,1.7777,3.5431,0.5017,0.0000,true,strong_exhaustion,0.0000,none,none,false,false,none,0.0000,0.0000,0.0000,0.0000,none,false,false,0.0000,0.0000,false,false,-1,none,none,false,0.000,0.000,161.53700000,161.44300000,161.44300000,recent_equal_highs,0.07300000,0.3946,neckline_level,161.54400000,0.1722,false,true,true,false,not_blocked,5,2,3,m5_failure_exit,off,none,0.00000000,0.0000,1.30,161.27500000,4.200,-0.300,0.200,PERIOD_M15,161.70900000,161.13300000,0.6649,deep_618_786,0.000,true,161.51600000,161.70100000,0.18500000,161.27500000,1.303,0.16257143,30.00,0-30,true,false,none,not_consumed,4.650,4.650,none,0.0000,false,opposite_break_first,true,opposite_break_first,session_invalidated
2025.04.04 10:25:00,blocked,session_reversal_pullback_one_symbol_first120,EURJPY,SHORT,2025.04.04 10:20:00,10,7,16,london,2025.04.04 07:00,20,first_120min,true,true,3,EURJPY,highest_score_in_session_bar,london=USDJPY|EURJPY|GBPJPY|AUDJPY|EURUSD|GBPUSD,existing_first120_gate,london,false,false,true,passed_first_window,double_top,neckline_break_retest,161.54400000,PERIOD_M5,PERIOD_H1,PERIOD_M15,PERIOD_M5,PERIOD_M5,false,htf_soft_alignment,current_post_filter,transcript_post_filter,dow_trend_up_hh_hl,structure_trend_bias_dow_trend_down_ll_lh,dow_trend_up_hh_hl,structure_trend_bias_dow_trend_down_ll_lh,false,false,true,SHORT,PERIOD_M5,double_top,double_top,4.200,none,0.000,double_top,4.200,none,0.000,SHORT,true,PERIOD_H1_LONG_dow_trend_up_hh_hl|PERIOD_M15_SHORT_structure_trend_bias_dow_trend_down_ll_lh,true,h1_counter_m15_reversal,true,top_LONG_dow_trend_up_hh_hl|structure_SHORT_structure_trend_bias_dow_trend_down_ll_lh|structure_break_recent_confirmed_swing_break_retest|primary_break_recent_confirmed_swing_break_failed,none,below_75sma_falling,below_75sma_falling,below_75sma_falling,9,161.28800000,-1,0.00000000,false,off,NONE,NONE,0.00000000,0.00000000,0.0000,none,0.000,true,SHORT,return_low_break_or_bos_down,161.28800000,9,161.70900000,161.13300000,false,off,independent,false,,,false,0.0000,none,0.0000,0.0000,none,0.0000,0.0000,0.0000,none,0.0000,0,0,0.0000,none,none,none,none,0.0000,0,0.0000,none,false,true,not_evaluated,true,required_light_or_anchor_flip,short_bias,161.28800000,2025.04.04 03:45:00,161.78600000,2025.04.04 07:00:00,2025.04.04 08:00:00,false,NONE,0.00000000,0.00000000,0.0000,-1,false,,-1,NONE,0.00000000,0.00000000,0.0000,0.0000,none,,none,false,NONE,-1,-1,-1,false,false,none,true,false,false,true,none,true,required,false,PERIOD_M5,,,-1,0.0000,false,0.00000000,0.0000,false,0.0000,false,none,none,false,no_anchor_flip_in_entry_direction,true,required_first_signal_only,SHORT,unknown,0.00000000,,0.00000000,,false,,-1,false,NONE,0.00000000,,0.00000000,0.0000,0.0000,none,-1,false,false,false,no_anchor_flip_in_entry_direction,,,,false,false,false,-1,-1,-1,-1,-1,false,false,false,0.0000,range_n,true,161.99000000,161.13300000,3.7435,false,0.0000,0.0000,0,none,true,0.4469,preferred_382_618,0.200,diagnostic_only,diagnostic_only,diagnostic_only,fib_pullback,4,0.490,true,none,0.640,high_quality,false,false,diagnostic_only,both,true,none,true,diagnostic_adjacent_detected,required_light,false,false,LONG,4,false,false,1,2025.04.04 08:00:00,2025.04.04 09:25:00,11,3.5431,0.00000000,161.35900000,161.35900000,true,true,m5_hl_close_break_down,161.35900000,true,0.4613,0.4982,true,1,1.0334,false,4,161.35900000,0.2645,off,false,not_evaluated,none,0.7571,0.2429,strong,false,false,false,1.0334,held_no_close_back,true,favorable_side,0.2513,true,clean_retest,1.7777,3.5431,0.5017,0.0000,true,strong_exhaustion,0.0000,none,none,false,false,none,0.0000,0.0000,0.0000,0.0000,none,false,false,0.0000,0.0000,false,false,-1,none,none,false,0.000,0.000,161.53700000,161.44300000,161.44300000,recent_equal_highs,0.07300000,0.3946,neckline_level,161.54400000,0.1722,false,true,true,false,not_blocked,5,2,3,m5_failure_exit,off,none,0.00000000,0.0000,1.30,161.27500000,4.200,-0.300,0.200,PERIOD_M15,161.70900000,161.13300000,0.6649,deep_618_786,0.000,true,161.51600000,161.70100000,0.18500000,161.27500000,1.303,0.16257143,30.00,0-30,true,false,none,blocked_session_invalidated,4.650,4.650,none,0.0000,false,opposite_break_first,true,opposite_break_first,session_invalidated
2025.04.04 16:25:00,signal,session_reversal_pullback_one_symbol_first120,EURUSD,LONG,2025.04.04 16:20:00,16,13,22,london_newyork_overlap,2025.04.04 13:00,20,first_120min,true,true,3,EURUSD,highest_score_in_session_bar,london_newyork_overlap=USDJPY|EURJPY|GBPJPY|AUDJPY|EURUSD|GBPUSD,existing_first120_gate,london_newyork_overlap,false,false,true,passed_first_window,double_bottom,neckline_break_retest,1.10354000,PERIOD_M5,PERIOD_H1,PERIOD_M15,PERIOD_M5,PERIOD_M5,false,htf_soft_alignment,current_post_filter,transcript_post_filter,dow_range_or_transition,no_ordered_dow_wave3_break,dow_range_or_transition,no_ordered_dow_wave3_break,false,true,true,LONG,PERIOD_M5,double_bottom,double_bottom,4.200,none,0.000,double_bottom,4.200,none,0.000,LONG,false,PERIOD_H1_NONE_dow_range_or_transition|PERIOD_M15_NONE_no_ordered_dow_wave3_break,true,h1_counter_m15_reversal,true,top_NONE_dow_range_or_transition|structure_NONE_no_ordered_dow_wave3_break|structure_break_recent_confirmed_swing_break_failed|primary_break_recent_confirmed_swing_break_continuation,none,above_75sma_rising,below_75sma_flat_or_rising,above_75sma_flat_or_falling,-1,0.00000000,0,1.09920000,false,off,NONE,NONE,0.00000000,0.00000000,0.0000,none,0.000,true,LONG,return_high_break_or_bos_up,1.10707000,3,1.11070000,1.09638000,false,off,independent,false,,,false,0.0000,none,0.0000,0.0000,none,0.0000,0.0000,0.0000,none,0.0000,0,0,0.0000,none,none,none,none,0.0000,0,0.0000,none,false,true,not_evaluated,true,required_light_or_anchor_flip,long_bias,1.09638000,2025.04.04 13:00:00,1.10087000,2025.04.04 11:30:00,2025.04.04 15:15:00,false,NONE,0.00000000,0.00000000,0.0000,-1,false,,-1,NONE,0.00000000,0.00000000,0.0000,0.0000,none,,none,false,NONE,-1,-1,-1,false,false,none,true,false,false,true,none,true,required,false,PERIOD_M5,,,-1,0.0000,false,0.00000000,0.0000,false,0.0000,false,none,none,false,no_anchor_flip_in_entry_direction,true,required_first_signal_only,LONG,unknown,0.00000000,,0.00000000,,false,,-1,false,NONE,0.00000000,,0.00000000,0.0000,0.0000,none,-1,false,false,false,no_anchor_flip_in_entry_direction,,,,false,false,false,-1,-1,-1,-1,-1,false,false,false,0.0000,range_n,true,1.11070000,1.09638000,4.5092,false,0.0000,0.0000,0,none,true,0.3575,shallow_236_382,0.080,diagnostic_only,diagnostic_only,diagnostic_only,fib_pullback,12,0.320,true,none,0.470,high_quality,false,false,diagnostic_only,both,true,none,true,diagnostic_adjacent_detected,required_light,false,false,SHORT,6,false,false,1,2025.04.04 14:40:00,2025.04.04 15:55:00,5,4.1203,1.10880000,0.00000000,1.10880000,false,false,none,0.00000000,false,0.0000,0.0000,false,1,0.0000,false,-1,0.00000000,0.0000,off,false,not_evaluated,none,0.0000,0.0000,none,false,false,false,0.0000,none,false,none,0.0000,false,none,4.1203,1.8673,2.2065,1.8014,false,no_shrink,0.0000,none,none,false,false,none,0.0000,0.0000,0.0000,0.0000,none,false,false,0.0000,0.0000,false,false,-1,none,none,false,0.000,0.000,1.10445000,1.10360000,1.10445000,recent_rejection_zone,0.00009000,0.0411,session_high|opening_range_high|neckline_level,1.10475000,0.1979,false,false,true,false,not_blocked,2,0,2,m5_failure_exit,off,none,0.00000000,0.0000,1.30,1.10721000,4.200,-0.300,0.200,PERIOD_M15,1.11070000,1.09638000,0.4427,preferred_382_618,0.000,true,1.10436000,1.10217000,0.00219000,1.10721000,1.301,0.00197071,18.00,0-30,true,false,none,not_consumed,4.500,4.500,none,0.0000,false,neckline_retest_failed,false,not_invalidated,
2025.04.04 16:25:00,order_sent,session_reversal_pullback_one_symbol_first120,EURUSD,LONG,2025.04.04 16:20:00,16,13,22,london_newyork_overlap,2025.04.04 13:00,20,first_120min,true,true,3,EURUSD,highest_score_in_session_bar,london_newyork_overlap=USDJPY|EURJPY|GBPJPY|AUDJPY|EURUSD|GBPUSD,existing_first120_gate,london_newyork_overlap,false,false,true,passed_first_window,double_bottom,neckline_break_retest,1.10354000,PERIOD_M5,PERIOD_H1,PERIOD_M15,PERIOD_M5,PERIOD_M5,false,htf_soft_alignment,current_post_filter,transcript_post_filter,dow_range_or_transition,no_ordered_dow_wave3_break,dow_range_or_transition,no_ordered_dow_wave3_break,false,true,true,LONG,PERIOD_M5,double_bottom,double_bottom,4.200,none,0.000,double_bottom,4.200,none,0.000,LONG,false,PERIOD_H1_NONE_dow_range_or_transition|PERIOD_M15_NONE_no_ordered_dow_wave3_break,true,h1_counter_m15_reversal,true,top_NONE_dow_range_or_transition|structure_NONE_no_ordered_dow_wave3_break|structure_break_recent_confirmed_swing_break_failed|primary_break_recent_confirmed_swing_break_continuation,none,above_75sma_rising,below_75sma_flat_or_rising,above_75sma_flat_or_falling,-1,0.00000000,0,1.09920000,false,off,NONE,NONE,0.00000000,0.00000000,0.0000,none,0.000,true,LONG,return_high_break_or_bos_up,1.10707000,3,1.11070000,1.09638000,false,off,independent,false,,,false,0.0000,none,0.0000,0.0000,none,0.0000,0.0000,0.0000,none,0.0000,0,0,0.0000,none,none,none,none,0.0000,0,0.0000,none,false,true,not_evaluated,true,required_light_or_anchor_flip,long_bias,1.09638000,2025.04.04 13:00:00,1.10087000,2025.04.04 11:30:00,2025.04.04 15:15:00,false,NONE,0.00000000,0.00000000,0.0000,-1,false,,-1,NONE,0.00000000,0.00000000,0.0000,0.0000,none,,none,false,NONE,-1,-1,-1,false,false,none,true,false,false,true,none,true,required,false,PERIOD_M5,,,-1,0.0000,false,0.00000000,0.0000,false,0.0000,false,none,none,false,no_anchor_flip_in_entry_direction,true,required_first_signal_only,LONG,unknown,0.00000000,,0.00000000,,false,,-1,false,NONE,0.00000000,,0.00000000,0.0000,0.0000,none,-1,false,false,false,no_anchor_flip_in_entry_direction,,,,false,false,false,-1,-1,-1,-1,-1,false,false,false,0.0000,range_n,true,1.11070000,1.09638000,4.5092,false,0.0000,0.0000,0,none,true,0.3575,shallow_236_382,0.080,diagnostic_only,diagnostic_only,diagnostic_only,fib_pullback,12,0.320,true,none,0.470,high_quality,false,false,diagnostic_only,both,true,none,true,diagnostic_adjacent_detected,required_light,false,false,SHORT,6,false,false,1,2025.04.04 14:40:00,2025.04.04 15:55:00,5,4.1203,1.10880000,0.00000000,1.10880000,false,false,none,0.00000000,false,0.0000,0.0000,false,1,0.0000,false,-1,0.00000000,0.0000,off,false,not_evaluated,none,0.0000,0.0000,none,false,false,false,0.0000,none,false,none,0.0000,false,none,4.1203,1.8673,2.2065,1.8014,false,no_shrink,0.0000,none,none,false,false,none,0.0000,0.0000,0.0000,0.0000,none,false,false,0.0000,0.0000,false,false,-1,none,none,false,0.000,0.000,1.10445000,1.10360000,1.10445000,recent_rejection_zone,0.00009000,0.0411,session_high|opening_range_high|neckline_level,1.10475000,0.1979,false,false,true,false,not_blocked,2,0,2,m5_failure_exit,off,none,0.00000000,0.0000,1.30,1.10721000,4.200,-0.300,0.200,PERIOD_M15,1.11070000,1.09638000,0.4427,preferred_382_618,0.000,true,1.10436000,1.10217000,0.00219000,1.10721000,1.301,0.00197071,18.00,0-30,true,false,none,order_sent,4.500,4.500,none,0.0000,false,neckline_retest_failed,false,not_invalidated,
2025.04.04 19:30:00,signal,session_reversal_pullback_one_symbol_first120,EURJPY,SHORT,2025.04.04 19:25:00,19,16,1,new_york,2025.04.04 16:00,25,first_120min,true,true,3,EURJPY,highest_score_in_session_bar,new_york=USDJPY|EURJPY|GBPJPY|AUDJPY|EURUSD|GBPUSD,existing_first120_gate,new_york,false,false,true,passed_first_window,head_and_shoulders,neckline_break_retest,160.58900000,PERIOD_M5,PERIOD_H1,PERIOD_M15,PERIOD_M5,PERIOD_M5,false,htf_soft_alignment,current_post_filter,transcript_post_filter,dow_trend_up_hh_hl,structure_trend_bias_dow_trend_down_ll_lh,dow_trend_up_hh_hl,structure_trend_bias_dow_trend_down_ll_lh,false,false,true,SHORT,PERIOD_M5,head_and_shoulders,head_and_shoulders,4.500,none,0.000,head_and_shoulders,4.500,none,0.000,SHORT,false,PERIOD_H1_LONG_dow_trend_up_hh_hl|PERIOD_M15_SHORT_structure_trend_bias_dow_trend_down_ll_lh,true,h1_counter_m15_reversal,true,top_LONG_dow_trend_up_hh_hl|structure_SHORT_structure_trend_bias_dow_trend_down_ll_lh|structure_break_recent_confirmed_swing_break_failed|primary_break_recent_confirmed_swing_break_retest,none,below_75sma_falling,below_75sma_falling,above_75sma_rising,-1,0.00000000,1,160.54800000,false,off,NONE,NONE,0.00000000,0.00000000,0.0000,none,0.000,true,SHORT,return_low_break_or_bos_down,159.57100000,7,161.02500000,159.00400000,false,off,independent,false,,,false,0.0000,none,0.0000,0.0000,none,0.0000,0.0000,0.0000,none,0.0000,0,0,0.0000,none,none,none,none,0.0000,0,0.0000,none,false,true,not_evaluated,true,required_light_or_anchor_flip,short_bias,159.57100000,2025.04.04 14:00:00,161.02500000,2025.04.04 15:30:00,2025.04.04 17:45:00,false,NONE,0.00000000,0.00000000,0.0000,-1,false,,-1,NONE,0.00000000,0.00000000,0.0000,0.0000,none,,none,false,NONE,-1,-1,-1,false,false,none,true,false,false,true,none,true,required,false,PERIOD_M5,,,-1,0.0000,false,0.00000000,0.0000,false,0.0000,false,none,none,false,no_anchor_flip_in_entry_direction,true,required_first_signal_only,SHORT,unknown,0.00000000,,0.00000000,,false,,-1,false,NONE,0.00000000,,0.00000000,0.0000,0.0000,none,-1,false,false,false,no_anchor_flip_in_entry_direction,,,,false,false,false,-1,-1,-1,-1,-1,false,false,false,0.0000,falling_n,false,161.02500000,159.00400000,3.6312,false,0.0000,0.0000,0,none,true,0.7635,deep_618_786,0.120,diagnostic_only,diagnostic_only,diagnostic_only,fib_pullback,24,0.370,true,none,0.520,high_quality,false,false,diagnostic_only,both,true,none,true,diagnostic_adjacent_detected,required_light,false,false,LONG,4,false,false,2,2025.04.04 17:50:00,2025.04.04 19:00:00,5,7.1179,0.00000000,160.00900000,160.00900000,false,false,none,0.00000000,false,0.0000,0.0000,false,1,0.0000,false,-1,0.00000000,0.0000,off,false,not_evaluated,none,0.0000,0.0000,none,false,false,false,0.0000,none,false,none,0.0000,false,none,3.3549,6.2193,0.5394,0.8986,false,mild_exhaustion,0.0000,none,none,false,false,none,0.0000,0.0000,0.0000,0.0000,none,false,false,0.0000,0.0000,false,false,-1,none,none,false,0.000,0.000,160.58900000,160.50000000,160.50000000,round_number,0.04700000,0.1158,neckline_level,160.58900000,0.1573,false,true,true,false,not_blocked,4,3,1,m5_failure_exit,off,none,0.00000000,0.0000,1.30,160.01900000,4.500,-0.300,0.200,PERIOD_M15,161.02500000,159.00400000,0.7635,deep_618_786,0.000,true,160.54700000,160.95300000,0.40600000,160.01900000,1.300,0.26707143,30.00,0-30,true,false,none,not_consumed,4.800,4.800,none,0.0000,false,neckline_retest_failed,false,not_invalidated,
2025.04.04 19:30:00,order_sent,session_reversal_pullback_one_symbol_first120,EURJPY,SHORT,2025.04.04 19:25:00,19,16,1,new_york,2025.04.04 16:00,25,first_120min,true,true,3,EURJPY,highest_score_in_session_bar,new_york=USDJPY|EURJPY|GBPJPY|AUDJPY|EURUSD|GBPUSD,existing_first120_gate,new_york,false,false,true,passed_first_window,head_and_shoulders,neckline_break_retest,160.58900000,PERIOD_M5,PERIOD_H1,PERIOD_M15,PERIOD_M5,PERIOD_M5,false,htf_soft_alignment,current_post_filter,transcript_post_filter,dow_trend_up_hh_hl,structure_trend_bias_dow_trend_down_ll_lh,dow_trend_up_hh_hl,structure_trend_bias_dow_trend_down_ll_lh,false,false,true,SHORT,PERIOD_M5,head_and_shoulders,head_and_shoulders,4.500,none,0.000,head_and_shoulders,4.500,none,0.000,SHORT,false,PERIOD_H1_LONG_dow_trend_up_hh_hl|PERIOD_M15_SHORT_structure_trend_bias_dow_trend_down_ll_lh,true,h1_counter_m15_reversal,true,top_LONG_dow_trend_up_hh_hl|structure_SHORT_structure_trend_bias_dow_trend_down_ll_lh|structure_break_recent_confirmed_swing_break_failed|primary_break_recent_confirmed_swing_break_retest,none,below_75sma_falling,below_75sma_falling,above_75sma_rising,-1,0.00000000,1,160.54800000,false,off,NONE,NONE,0.00000000,0.00000000,0.0000,none,0.000,true,SHORT,return_low_break_or_bos_down,159.57100000,7,161.02500000,159.00400000,false,off,independent,false,,,false,0.0000,none,0.0000,0.0000,none,0.0000,0.0000,0.0000,none,0.0000,0,0,0.0000,none,none,none,none,0.0000,0,0.0000,none,false,true,not_evaluated,true,required_light_or_anchor_flip,short_bias,159.57100000,2025.04.04 14:00:00,161.02500000,2025.04.04 15:30:00,2025.04.04 17:45:00,false,NONE,0.00000000,0.00000000,0.0000,-1,false,,-1,NONE,0.00000000,0.00000000,0.0000,0.0000,none,,none,false,NONE,-1,-1,-1,false,false,none,true,false,false,true,none,true,required,false,PERIOD_M5,,,-1,0.0000,false,0.00000000,0.0000,false,0.0000,false,none,none,false,no_anchor_flip_in_entry_direction,true,required_first_signal_only,SHORT,unknown,0.00000000,,0.00000000,,false,,-1,false,NONE,0.00000000,,0.00000000,0.0000,0.0000,none,-1,false,false,false,no_anchor_flip_in_entry_direction,,,,false,false,false,-1,-1,-1,-1,-1,false,false,false,0.0000,falling_n,false,161.02500000,159.00400000,3.6312,false,0.0000,0.0000,0,none,true,0.7635,deep_618_786,0.120,diagnostic_only,diagnostic_only,diagnostic_only,fib_pullback,24,0.370,true,none,0.520,high_quality,false,false,diagnostic_only,both,true,none,true,diagnostic_adjacent_detected,required_light,false,false,LONG,4,false,false,2,2025.04.04 17:50:00,2025.04.04 19:00:00,5,7.1179,0.00000000,160.00900000,160.00900000,false,false,none,0.00000000,false,0.0000,0.0000,false,1,0.0000,false,-1,0.00000000,0.0000,off,false,not_evaluated,none,0.0000,0.0000,none,false,false,false,0.0000,none,false,none,0.0000,false,none,3.3549,6.2193,0.5394,0.8986,false,mild_exhaustion,0.0000,none,none,false,false,none,0.0000,0.0000,0.0000,0.0000,none,false,false,0.0000,0.0000,false,false,-1,none,none,false,0.000,0.000,160.58900000,160.50000000,160.50000000,round_number,0.04700000,0.1158,neckline_level,160.58900000,0.1573,false,true,true,false,not_blocked,4,3,1,m5_failure_exit,off,none,0.00000000,0.0000,1.30,160.01900000,4.500,-0.300,0.200,PERIOD_M15,161.02500000,159.00400000,0.7635,deep_618_786,0.000,true,160.54700000,160.95300000,0.40600000,160.01900000,1.300,0.26707143,30.00,0-30,true,false,none,order_sent,4.800,4.800,none,0.0000,false,neckline_retest_failed,false,not_invalidated,
2025.04.07 04:20:00,signal,session_reversal_pullback_one_symbol_first120,AUDJPY,LONG,2025.04.07 04:15:00,4,1,10,tokyo,2025.04.07 00:00,75,first_120min,false,true,3,AUDJPY,highest_score_in_session_bar,tokyo=USDJPY|EURJPY|GBPJPY|AUDJPY,existing_first120_gate,tokyo,false,false,true,passed_first_window,inverse_head_and_shoulders,neckline_break_retest,87.31500000,PERIOD_M5,PERIOD_H1,PERIOD_M15,PERIOD_M5,PERIOD_M5,false,htf_soft_alignment,current_post_filter,transcript_post_filter,dow_trend_down_ll_lh,structure_trend_bias_dow_trend_down_ll_lh,dow_trend_down_ll_lh,structure_trend_bias_dow_trend_down_ll_lh,false,true,false,LONG,PERIOD_M5,inverse_head_and_shoulders,inverse_head_and_shoulders,4.500,none,0.000,inverse_head_and_shoulders,4.500,none,0.000,LONG,false,PERIOD_H1_SHORT_dow_trend_down_ll_lh|PERIOD_M15_SHORT_structure_trend_bias_dow_trend_down_ll_lh,true,h1_counter_m15_reversal,true,top_SHORT_dow_trend_down_ll_lh|structure_SHORT_structure_trend_bias_dow_trend_down_ll_lh|structure_break_recent_confirmed_swing_break_failed|primary_break_recent_confirmed_swing_break_retest,none,below_75sma_falling,below_75sma_falling,above_75sma_flat_or_falling,-1,0.00000000,0,87.52100000,false,off,NONE,NONE,0.00000000,0.00000000,0.0000,none,0.000,true,LONG,return_high_break_or_bos_up,88.93900000,22,89.08100000,86.11200000,false,off,independent,false,,,false,0.0000,none,0.0000,0.0000,none,0.0000,0.0000,0.0000,none,0.0000,0,0,0.0000,none,none,none,none,0.0000,0,0.0000,none,false,true,not_evaluated,true,required_light_or_anchor_flip,bias_flip_up,88.13200000,2025.04.04 21:45:00,87.37300000,2025.04.07 00:30:00,2025.04.07 01:00:00,true,LONG,87.37300000,87.48300000,0.2620,1,true,2025.04.07 03:45:00,1,LONG,87.37300000,87.48300000,0.2620,0.3739,strong,2025.04.07 04:00:00,first_after_anchor,true,LONG,1,0,1,true,false,fresh_0_4,true,false,false,true,none,true,required,true,PERIOD_M5,2025.04.07 03:50:00,2025.04.07 03:55:00,6,0.4606,true,87.37300000,0.4606,true,0.2998,true,m5_bullish_close_after_anchor_retest,failed_close_back_inside,false,post_anchor_close_back_inside,true,required_first_signal_only,LONG,no_confirmed_micro_anchor,0.00000000,,0.00000000,,false,,-1,false,NONE,0.00000000,,0.00000000,0.0000,0.0000,none,-1,false,false,false,insufficient_confirmed_m5_pivots,AUDJPY|LONG|1743997500|87.373,,,false,false,false,-1,-1,-1,-1,-1,false,false,false,0.0000,falling_n,false,89.08100000,86.11200000,7.0715,true,0.3739,0.4696,1,strong,true,0.4496,preferred_382_618,0.200,diagnostic_only,diagnostic_only,diagnostic_only,deep_pullback,12,0.440,true,none,0.590,high_quality,false,false,diagnostic_only,both,true,none,true,diagnostic_adjacent_detected,required_light,false,false,SHORT,7,false,false,1,2025.04.07 02:55:00,2025.04.07 03:35:00,8,3.7412,87.52100000,0.00000000,87.52100000,true,true,m5_lh_close_break_up,87.52100000,true,0.8560,0.8212,true,1,0.0000,false,0,87.52100000,0.7430,off,false,not_evaluated,none,0.9946,0.0054,very_strong,false,false,false,0.0000,no_following_closed_bar,false,none,0.0000,false,no_retest,3.7412,2.2551,1.6590,0.5909,false,no_shrink,0.0000,none,none,false,false,none,0.0000,0.0000,0.0000,0.0000,none,false,false,0.0000,0.0000,false,false,-1,none,none,false,0.000,0.000,88.00000000,87.72000000,88.00000000,round_number,0.25400000,0.3681,session_high|opening_range_high|neckline_level,87.72000000,0.1130,false,false,true,false,not_blocked,1,0,1,m5_failure_exit,off,none,0.00000000,0.0000,1.30,88.64400000,4.500,-0.300,0.200,PERIOD_M15,89.08100000,86.11200000,0.4496,preferred_382_618,0.000,true,87.74600000,87.05600000,0.69000000,88.64400000,1.301,0.23014286,28.00,60-90,true,false,none,not_consumed,4.800,4.800,none,0.0000,false,opposite_break_first,true,opposite_break_first,session_invalidated
2025.04.07 04:20:00,blocked,session_reversal_pullback_one_symbol_first120,AUDJPY,LONG,2025.04.07 04:15:00,4,1,10,tokyo,2025.04.07 00:00,75,first_120min,false,true,3,AUDJPY,highest_score_in_session_bar,tokyo=USDJPY|EURJPY|GBPJPY|AUDJPY,existing_first120_gate,tokyo,false,false,true,passed_first_window,inverse_head_and_shoulders,neckline_break_retest,87.31500000,PERIOD_M5,PERIOD_H1,PERIOD_M15,PERIOD_M5,PERIOD_M5,false,htf_soft_alignment,current_post_filter,transcript_post_filter,dow_trend_down_ll_lh,structure_trend_bias_dow_trend_down_ll_lh,dow_trend_down_ll_lh,structure_trend_bias_dow_trend_down_ll_lh,false,true,false,LONG,PERIOD_M5,inverse_head_and_shoulders,inverse_head_and_shoulders,4.500,none,0.000,inverse_head_and_shoulders,4.500,none,0.000,LONG,false,PERIOD_H1_SHORT_dow_trend_down_ll_lh|PERIOD_M15_SHORT_structure_trend_bias_dow_trend_down_ll_lh,true,h1_counter_m15_reversal,true,top_SHORT_dow_trend_down_ll_lh|structure_SHORT_structure_trend_bias_dow_trend_down_ll_lh|structure_break_recent_confirmed_swing_break_failed|primary_break_recent_confirmed_swing_break_retest,none,below_75sma_falling,below_75sma_falling,above_75sma_flat_or_falling,-1,0.00000000,0,87.52100000,false,off,NONE,NONE,0.00000000,0.00000000,0.0000,none,0.000,true,LONG,return_high_break_or_bos_up,88.93900000,22,89.08100000,86.11200000,false,off,independent,false,,,false,0.0000,none,0.0000,0.0000,none,0.0000,0.0000,0.0000,none,0.0000,0,0,0.0000,none,none,none,none,0.0000,0,0.0000,none,false,true,not_evaluated,true,required_light_or_anchor_flip,bias_flip_up,88.13200000,2025.04.04 21:45:00,87.37300000,2025.04.07 00:30:00,2025.04.07 01:00:00,true,LONG,87.37300000,87.48300000,0.2620,1,true,2025.04.07 03:45:00,1,LONG,87.37300000,87.48300000,0.2620,0.3739,strong,2025.04.07 04:00:00,first_after_anchor,true,LONG,1,0,1,true,false,fresh_0_4,true,false,false,true,none,true,required,true,PERIOD_M5,2025.04.07 03:50:00,2025.04.07 03:55:00,6,0.4606,true,87.37300000,0.4606,true,0.2998,true,m5_bullish_close_after_anchor_retest,failed_close_back_inside,false,post_anchor_close_back_inside,true,required_first_signal_only,LONG,no_confirmed_micro_anchor,0.00000000,,0.00000000,,false,,-1,false,NONE,0.00000000,,0.00000000,0.0000,0.0000,none,-1,false,false,false,insufficient_confirmed_m5_pivots,AUDJPY|LONG|1743997500|87.373,,,false,false,false,-1,-1,-1,-1,-1,false,false,false,0.0000,falling_n,false,89.08100000,86.11200000,7.0715,true,0.3739,0.4696,1,strong,true,0.4496,preferred_382_618,0.200,diagnostic_only,diagnostic_only,diagnostic_only,deep_pullback,12,0.440,true,none,0.590,high_quality,false,false,diagnostic_only,both,true,none,true,diagnostic_adjacent_detected,required_light,false,false,SHORT,7,false,false,1,2025.04.07 02:55:00,2025.04.07 03:35:00,8,3.7412,87.52100000,0.00000000,87.52100000,true,true,m5_lh_close_break_up,87.52100000,true,0.8560,0.8212,true,1,0.0000,false,0,87.52100000,0.7430,off,false,not_evaluated,none,0.9946,0.0054,very_strong,false,false,false,0.0000,no_following_closed_bar,false,none,0.0000,false,no_retest,3.7412,2.2551,1.6590,0.5909,false,no_shrink,0.0000,none,none,false,false,none,0.0000,0.0000,0.0000,0.0000,none,false,false,0.0000,0.0000,false,false,-1,none,none,false,0.000,0.000,88.00000000,87.72000000,88.00000000,round_number,0.25400000,0.3681,session_high|opening_range_high|neckline_level,87.72000000,0.1130,false,false,true,false,not_blocked,1,0,1,m5_failure_exit,off,none,0.00000000,0.0000,1.30,88.64400000,4.500,-0.300,0.200,PERIOD_M15,89.08100000,86.11200000,0.4496,preferred_382_618,0.000,true,87.74600000,87.05600000,0.69000000,88.64400000,1.301,0.23014286,28.00,60-90,true,false,none,blocked_session_invalidated,4.800,4.800,none,0.0000,false,opposite_break_first,true,opposite_break_first,session_invalidated
2025.04.07 10:05:00,signal,session_reversal_pullback_one_symbol_first120,GBPUSD,SHORT,2025.04.07 10:00:00,10,7,16,london,2025.04.07 07:00,0,first_120min,true,true,3,GBPUSD,highest_score_in_session_bar,london=USDJPY|EURJPY|GBPJPY|AUDJPY|EURUSD|GBPUSD,existing_first120_gate,london,false,false,true,passed_first_window,head_and_shoulders,neckline_break_retest,1.29126000,PERIOD_M5,PERIOD_H1,PERIOD_M15,PERIOD_M5,PERIOD_M5,false,htf_soft_alignment,current_post_filter,transcript_post_filter,dow_range_or_transition,structure_trend_bias_dow_trend_down_ll_lh,dow_range_or_transition,structure_trend_bias_dow_trend_down_ll_lh,false,false,true,SHORT,PERIOD_M5,head_and_shoulders,head_and_shoulders,4.500,none,0.000,head_and_shoulders,4.500,none,0.000,SHORT,false,PERIOD_H1_NONE_dow_range_or_transition|PERIOD_M15_SHORT_structure_trend_bias_dow_trend_down_ll_lh,true,h1_counter_m15_reversal,true,top_NONE_dow_range_or_transition|structure_SHORT_structure_trend_bias_dow_trend_down_ll_lh|structure_break_recent_confirmed_swing_break_failed|primary_break_recent_confirmed_swing_break_failed,none,below_75sma_falling,below_75sma_falling,above_75sma_flat_or_falling,-1,0.00000000,-1,0.00000000,false,off,NONE,NONE,0.00000000,0.00000000,0.0000,none,0.000,true,SHORT,return_low_break_or_bos_down,1.28838000,13,1.29263000,1.28493000,false,off,independent,false,,,false,0.0000,none,0.0000,0.0000,none,0.0000,0.0000,0.0000,none,0.0000,0,0,0.0000,none,none,none,none,0.0000,0,0.0000,none,false,true,not_evaluated,true,required_light_or_anchor_flip,long_bias,1.28493000,2025.04.07 05:45:00,1.29155000,2025.04.07 04:00:00,2025.04.07 09:00:00,false,NONE,0.00000000,0.00000000,0.0000,-1,false,,-1,NONE,0.00000000,0.00000000,0.0000,0.0000,none,,none,false,NONE,-1,-1,-1,false,false,none,false,true,false,true,none,true,required,false,PERIOD_M5,,,-1,0.0000,false,0.00000000,0.0000,false,0.0000,false,none,none,false,no_anchor_flip_in_entry_direction,true,required_first_signal_only,SHORT,unknown,0.00000000,,0.00000000,,false,,-1,false,NONE,0.00000000,,0.00000000,0.0000,0.0000,none,-1,false,false,false,no_anchor_flip_in_entry_direction,,,,false,false,false,-1,-1,-1,-1,-1,false,false,false,0.0000,range_n,true,1.29312000,1.28229000,8.6739,false,0.0000,0.0000,0,none,true,0.8091,too_deep,0.000,diagnostic_only,diagnostic_only,diagnostic_only,fib_pullback,24,0.250,true,none,0.400,high_quality,false,false,diagnostic_only,both,true,none,true,diagnostic_adjacent_detected,required_light,false,false,LONG,8,false,false,1,2025.04.07 08:15:00,2025.04.07 09:40:00,4,4.1604,0.00000000,1.28822000,1.28822000,false,false,none,0.00000000,false,0.0000,0.0000,false,1,0.0000,false,-1,0.00000000,0.0000,off,false,not_evaluated,none,0.0000,0.0000,none,false,false,false,0.0000,none,false,none,0.0000,false,none,4.1604,0.9151,4.5464,0.8302,false,no_shrink,0.0000,none,none,false,false,none,0.0000,0.0000,0.0000,0.0000,none,false,false,0.0000,0.0000,false,false,-1,none,none,false,0.000,0.000,1.29126000,1.29028200,1.29028200,recent_equal_highs,0.00087800,0.6602,neckline_level,1.29126000,0.0943,false,true,true,false,not_blocked,4,2,2,m5_failure_exit,off,none,0.00000000,0.0000,1.30,1.28943000,4.500,-0.300,0.200,PERIOD_M15,1.29155000,1.28493000,0.9411,outside,0.000,true,1.29116000,1.29249000,0.00133000,1.28943000,1.301,0.00106000,20.00,0-30,true,false,none,not_consumed,4.600,4.600,none,0.0000,false,opposite_break_first,true,opposite_break_first,session_invalidated
2025.04.07 10:05:00,blocked,session_reversal_pullback_one_symbol_first120,GBPUSD,SHORT,2025.04.07 10:00:00,10,7,16,london,2025.04.07 07:00,0,first_120min,true,true,3,GBPUSD,highest_score_in_session_bar,london=USDJPY|EURJPY|GBPJPY|AUDJPY|EURUSD|GBPUSD,existing_first120_gate,london,false,false,true,passed_first_window,head_and_shoulders,neckline_break_retest,1.29126000,PERIOD_M5,PERIOD_H1,PERIOD_M15,PERIOD_M5,PERIOD_M5,false,htf_soft_alignment,current_post_filter,transcript_post_filter,dow_range_or_transition,structure_trend_bias_dow_trend_down_ll_lh,dow_range_or_transition,structure_trend_bias_dow_trend_down_ll_lh,false,false,true,SHORT,PERIOD_M5,head_and_shoulders,head_and_shoulders,4.500,none,0.000,head_and_shoulders,4.500,none,0.000,SHORT,false,PERIOD_H1_NONE_dow_range_or_transition|PERIOD_M15_SHORT_structure_trend_bias_dow_trend_down_ll_lh,true,h1_counter_m15_reversal,true,top_NONE_dow_range_or_transition|structure_SHORT_structure_trend_bias_dow_trend_down_ll_lh|structure_break_recent_confirmed_swing_break_failed|primary_break_recent_confirmed_swing_break_failed,none,below_75sma_falling,below_75sma_falling,above_75sma_flat_or_falling,-1,0.00000000,-1,0.00000000,false,off,NONE,NONE,0.00000000,0.00000000,0.0000,none,0.000,true,SHORT,return_low_break_or_bos_down,1.28838000,13,1.29263000,1.28493000,false,off,independent,false,,,false,0.0000,none,0.0000,0.0000,none,0.0000,0.0000,0.0000,none,0.0000,0,0,0.0000,none,none,none,none,0.0000,0,0.0000,none,false,true,not_evaluated,true,required_light_or_anchor_flip,long_bias,1.28493000,2025.04.07 05:45:00,1.29155000,2025.04.07 04:00:00,2025.04.07 09:00:00,false,NONE,0.00000000,0.00000000,0.0000,-1,false,,-1,NONE,0.00000000,0.00000000,0.0000,0.0000,none,,none,false,NONE,-1,-1,-1,false,false,none,false,true,false,true,none,true,required,false,PERIOD_M5,,,-1,0.0000,false,0.00000000,0.0000,false,0.0000,false,none,none,false,no_anchor_flip_in_entry_direction,true,required_first_signal_only,SHORT,unknown,0.00000000,,0.00000000,,false,,-1,false,NONE,0.00000000,,0.00000000,0.0000,0.0000,none,-1,false,false,false,no_anchor_flip_in_entry_direction,,,,false,false,false,-1,-1,-1,-1,-1,false,false,false,0.0000,range_n,true,1.29312000,1.28229000,8.6739,false,0.0000,0.0000,0,none,true,0.8091,too_deep,0.000,diagnostic_only,diagnostic_only,diagnostic_only,fib_pullback,24,0.250,true,none,0.400,high_quality,false,false,diagnostic_only,both,true,none,true,diagnostic_adjacent_detected,required_light,false,false,LONG,8,false,false,1,2025.04.07 08:15:00,2025.04.07 09:40:00,4,4.1604,0.00000000,1.28822000,1.28822000,false,false,none,0.00000000,false,0.0000,0.0000,false,1,0.0000,false,-1,0.00000000,0.0000,off,false,not_evaluated,none,0.0000,0.0000,none,false,false,false,0.0000,none,false,none,0.0000,false,none,4.1604,0.9151,4.5464,0.8302,false,no_shrink,0.0000,none,none,false,false,none,0.0000,0.0000,0.0000,0.0000,none,false,false,0.0000,0.0000,false,false,-1,none,none,false,0.000,0.000,1.29126000,1.29028200,1.29028200,recent_equal_highs,0.00087800,0.6602,neckline_level,1.29126000,0.0943,false,true,true,false,not_blocked,4,2,2,m5_failure_exit,off,none,0.00000000,0.0000,1.30,1.28943000,4.500,-0.300,0.200,PERIOD_M15,1.29155000,1.28493000,0.9411,outside,0.000,true,1.29116000,1.29249000,0.00133000,1.28943000,1.301,0.00106000,20.00,0-30,true,false,none,blocked_session_invalidated,4.600,4.600,none,0.0000,false,opposite_break_first,true,opposite_break_first,session_invalidated
2025.04.07 16:10:00,signal,session_reversal_pullback_one_symbol_first120,GBPJPY,LONG,2025.04.07 16:05:00,16,13,22,london_newyork_overlap,2025.04.07 13:00,5,first_120min,true,true,3,GBPJPY,highest_score_in_session_bar,london_newyork_overlap=USDJPY|EURJPY|GBPJPY|AUDJPY|EURUSD|GBPUSD,existing_first120_gate,london_newyork_overlap,true,false,true,passed_first_window,inverse_head_and_shoulders,neckline_break_retest,187.95400000,PERIOD_M5,PERIOD_H1,PERIOD_M15,PERIOD_M5,PERIOD_M5,false,htf_soft_alignment,current_post_filter,transcript_post_filter,dow_range_or_transition,structure_trend_bias_dow_trend_down_ll_lh,dow_range_or_transition,structure_trend_bias_dow_trend_down_ll_lh,false,true,false,LONG,PERIOD_M5,inverse_head_and_shoulders,inverse_head_and_shoulders,4.500,none,0.000,inverse_head_and_shoulders,4.500,none,0.000,LONG,false,PERIOD_H1_NONE_dow_range_or_transition|PERIOD_M15_SHORT_structure_trend_bias_dow_trend_down_ll_lh,true,h1_counter_m15_reversal,true,top_NONE_dow_range_or_transition|structure_SHORT_structure_trend_bias_dow_trend_down_ll_lh|structure_break_recent_confirmed_swing_break_retest|primary_break_recent_confirmed_swing_break_retest,none,below_75sma_falling,above_75sma_flat_or_falling,above_75sma_rising,0,188.44200000,0,187.95400000,false,off,NONE,NONE,0.00000000,0.00000000,0.0000,none,0.000,true,LONG,return_high_break_or_bos_up,188.44200000,0,188.44200000,187.20200000,false,off,independent,false,,,false,0.0000,none,0.0000,0.0000,none,0.0000,0.0000,0.0000,none,0.0000,0,0,0.0000,none,none,none,none,0.0000,0,0.0000,none,false,true,not_evaluated,true,required_light_or_anchor_flip,bias_flip_up,188.03100000,2025.04.07 07:30:00,188.44200000,2025.04.07 13:30:00,2025.04.07 14:30:00,true,LONG,188.44200000,188.68400000,0.4614,0,true,2025.04.07 15:45:00,0,LONG,188.44200000,188.68400000,0.4614,0.7207,normal,2025.04.07 15:45:00,first_after_anchor,true,LONG,0,0,0,true,false,fresh_0_4,true,false,false,true,none,true,required,false,PERIOD_M5,,,4,0.0000,false,188.44200000,0.0000,true,1.3115,false,none,failed_close_back_inside,false,post_anchor_retest_missing,true,required_first_signal_only,LONG,unknown,0.00000000,,0.00000000,,false,,-1,false,NONE,0.00000000,,0.00000000,0.0000,0.0000,none,-1,false,false,false,post_anchor_retest_missing,GBPJPY|LONG|1744040700|188.442,,,false,false,false,-1,-1,-1,-1,-1,false,false,false,0.0000,falling_n,false,188.82200000,187.11000000,3.2641,true,0.7207,0.4466,0,normal,true,0.3207,shallow_236_382,0.080,diagnostic_only,diagnostic_only,diagnostic_only,shallow_pullback,5,0.320,true,none,0.470,high_quality,false,false,diagnostic_only,both,true,none,true,diagnostic_adjacent_detected,required_light,false,false,SHORT,3,false,false,0,,,-1,0.0000,0.00000000,0.00000000,0.00000000,false,false,none,0.00000000,false,0.0000,0.0000,false,1,0.0000,false,-1,0.00000000,0.0000,off,false,not_evaluated,none,0.0000,0.0000,none,false,false,false,0.0000,none,false,none,0.0000,false,none,0.0000,0.0000,0.0000,0.0000,false,none,0.0000,none,none,false,false,none,0.0000,0.0000,0.0000,0.0000,none,false,false,0.0000,0.0000,false,false,-1,none,none,false,0.000,0.000,188.12400000,188.00100000,188.12400000,wick_cluster_zone,0.04700000,0.0772,neckline_level,187.95400000,0.4003,false,true,true,false,not_blocked,9,5,4,m5_failure_exit,off,none,0.00000000,0.0000,1.30,188.86900000,4.500,-0.300,0.200,PERIOD_M15,188.44200000,187.20200000,0.2944,outside,0.000,true,188.07700000,187.46800000,0.60900000,188.86900000,1.300,0.30728571,38.00,0-30,true,false,none,not_consumed,5.150,5.150,none,0.0000,false,opposite_break_first,true,opposite_break_first,session_invalidated
2025.04.07 16:10:00,blocked,session_reversal_pullback_one_symbol_first120,GBPJPY,LONG,2025.04.07 16:05:00,16,13,22,london_newyork_overlap,2025.04.07 13:00,5,first_120min,true,true,3,GBPJPY,highest_score_in_session_bar,london_newyork_overlap=USDJPY|EURJPY|GBPJPY|AUDJPY|EURUSD|GBPUSD,existing_first120_gate,london_newyork_overlap,true,false,true,passed_first_window,inverse_head_and_shoulders,neckline_break_retest,187.95400000,PERIOD_M5,PERIOD_H1,PERIOD_M15,PERIOD_M5,PERIOD_M5,false,htf_soft_alignment,current_post_filter,transcript_post_filter,dow_range_or_transition,structure_trend_bias_dow_trend_down_ll_lh,dow_range_or_transition,structure_trend_bias_dow_trend_down_ll_lh,false,true,false,LONG,PERIOD_M5,inverse_head_and_shoulders,inverse_head_and_shoulders,4.500,none,0.000,inverse_head_and_shoulders,4.500,none,0.000,LONG,false,PERIOD_H1_NONE_dow_range_or_transition|PERIOD_M15_SHORT_structure_trend_bias_dow_trend_down_ll_lh,true,h1_counter_m15_reversal,true,top_NONE_dow_range_or_transition|structure_SHORT_structure_trend_bias_dow_trend_down_ll_lh|structure_break_recent_confirmed_swing_break_retest|primary_break_recent_confirmed_swing_break_retest,none,below_75sma_falling,above_75sma_flat_or_falling,above_75sma_rising,0,188.44200000,0,187.95400000,false,off,NONE,NONE,0.00000000,0.00000000,0.0000,none,0.000,true,LONG,return_high_break_or_bos_up,188.44200000,0,188.44200000,187.20200000,false,off,independent,false,,,false,0.0000,none,0.0000,0.0000,none,0.0000,0.0000,0.0000,none,0.0000,0,0,0.0000,none,none,none,none,0.0000,0,0.0000,none,false,true,not_evaluated,true,required_light_or_anchor_flip,bias_flip_up,188.03100000,2025.04.07 07:30:00,188.44200000,2025.04.07 13:30:00,2025.04.07 14:30:00,true,LONG,188.44200000,188.68400000,0.4614,0,true,2025.04.07 15:45:00,0,LONG,188.44200000,188.68400000,0.4614,0.7207,normal,2025.04.07 15:45:00,first_after_anchor,true,LONG,0,0,0,true,false,fresh_0_4,true,false,false,true,none,true,required,false,PERIOD_M5,,,4,0.0000,false,188.44200000,0.0000,true,1.3115,false,none,failed_close_back_inside,false,post_anchor_retest_missing,true,required_first_signal_only,LONG,unknown,0.00000000,,0.00000000,,false,,-1,false,NONE,0.00000000,,0.00000000,0.0000,0.0000,none,-1,false,false,false,post_anchor_retest_missing,GBPJPY|LONG|1744040700|188.442,,,false,false,false,-1,-1,-1,-1,-1,false,false,false,0.0000,falling_n,false,188.82200000,187.11000000,3.2641,true,0.7207,0.4466,0,normal,true,0.3207,shallow_236_382,0.080,diagnostic_only,diagnostic_only,diagnostic_only,shallow_pullback,5,0.320,true,none,0.470,high_quality,false,false,diagnostic_only,both,true,none,true,diagnostic_adjacent_detected,required_light,false,false,SHORT,3,false,false,0,,,-1,0.0000,0.00000000,0.00000000,0.00000000,false,false,none,0.00000000,false,0.0000,0.0000,false,1,0.0000,false,-1,0.00000000,0.0000,off,false,not_evaluated,none,0.0000,0.0000,none,false,false,false,0.0000,none,false,none,0.0000,false,none,0.0000,0.0000,0.0000,0.0000,false,none,0.0000,none,none,false,false,none,0.0000,0.0000,0.0000,0.0000,none,false,false,0.0000,0.0000,false,false,-1,none,none,false,0.000,0.000,188.12400000,188.00100000,188.12400000,wick_cluster_zone,0.04700000,0.0772,neckline_level,187.95400000,0.4003,false,true,true,false,not_blocked,9,5,4,m5_failure_exit,off,none,0.00000000,0.0000,1.30,188.86900000,4.500,-0.300,0.200,PERIOD_M15,188.44200000,187.20200000,0.2944,outside,0.000,true,188.07700000,187.46800000,0.60900000,188.86900000,1.300,0.30728571,38.00,0-30,true,false,none,blocked_session_invalidated,5.150,5.150,none,0.0000,false,opposite_break_first,true,opposite_break_first,session_invalidated
2025.04.07 19:55:00,signal,session_reversal_pullback_one_symbol_first120,GBPJPY,LONG,2025.04.07 19:50:00,19,16,1,new_york,2025.04.07 16:00,50,first_120min,true,true,3,GBPJPY,highest_score_in_session_bar,new_york=USDJPY|EURJPY|GBPJPY|AUDJPY|EURUSD|GBPUSD,existing_first120_gate,new_york,false,false,true,passed_first_window,bos_up,first_pullback_after_bos,188.20850000,PERIOD_M5,PERIOD_H1,PERIOD_M15,PERIOD_M5,PERIOD_M5,false,htf_soft_alignment,current_post_filter,transcript_post_filter,dow_range_or_transition,structure_trend_bias_dow_trend_up_hh_hl,dow_range_or_transition,structure_trend_bias_dow_trend_up_hh_hl,false,true,false,LONG,PERIOD_M5,bos_up,bos_up,2.600,none,0.000,bos_up,2.600,none,0.000,LONG,false,PERIOD_H1_NONE_dow_range_or_transition|PERIOD_M15_LONG_structure_trend_bias_dow_trend_up_hh_hl,true,h1_counter_m15_reversal,true,top_NONE_dow_range_or_transition|structure_LONG_structure_trend_bias_dow_trend_up_hh_hl|structure_break_recent_confirmed_swing_break_failed|primary_break_recent_confirmed_swing_break_continuation,none,below_75sma_falling,above_75sma_rising,above_75sma_rising,-1,0.00000000,0,187.94900000,false,off,NONE,NONE,0.00000000,0.00000000,0.0000,none,0.000,true,LONG,return_high_break_or_bos_up,188.92900000,10,190.07700000,187.64800000,false,off,independent,false,,,false,0.0000,none,0.0000,0.0000,none,0.0000,0.0000,0.0000,none,0.0000,0,0,0.0000,none,none,none,none,0.0000,0,0.0000,none,false,true,not_evaluated,true,required_light_or_anchor_flip,long_bias,187.56700000,2025.04.07 16:30:00,188.44200000,2025.04.07 13:30:00,2025.04.07 17:00:00,false,NONE,0.00000000,0.00000000,0.0000,-1,false,,-1,NONE,0.00000000,0.00000000,0.0000,0.0000,none,,none,false,NONE,-1,-1,-1,false,false,none,true,false,false,true,none,true,required,false,PERIOD_M5,,,-1,0.0000,false,0.00000000,0.0000,false,0.0000,false,none,none,false,no_anchor_flip_in_entry_direction,true,required_first_signal_only,LONG,unknown,0.00000000,,0.00000000,,false,,-1,false,NONE,0.00000000,,0.00000000,0.0000,0.0000,none,-1,false,false,false,no_anchor_flip_in_entry_direction,,,,false,false,false,-1,-1,-1,-1,-1,false,false,false,0.0000,rising_n,false,190.07700000,187.20200000,4.0122,false,0.0000,0.0000,0,none,true,0.5913,preferred_382_618,0.200,diagnostic_only,diagnostic_only,diagnostic_only,shallow_pullback,5,0.490,true,none,0.640,low_quality,false,false,diagnostic_only,both,true,none,true,diagnostic_adjacent_detected,required_light,false,false,SHORT,7,false,false,1,2025.04.07 18:15:00,2025.04.07 19:15:00,7,4.0238,188.44500000,0.00000000,188.44500000,false,false,none,0.00000000,false,0.0000,0.0000,false,1,0.0000,false,-1,0.00000000,0.0000,off,false,not_evaluated,none,0.0000,0.0000,none,false,false,false,0.0000,none,false,none,0.0000,false,none,2.2770,4.0137,0.5673,0.0000,true,strong_exhaustion,0.0000,none,none,false,false,none,0.0000,0.0000,0.0000,0.0000,none,false,false,0.0000,0.0000,false,false,-1,none,none,false,0.000,0.000,188.44500000,188.26900000,188.50000000,round_number,0.12300000,0.3445,session_high|opening_range_high|neckline_level,188.44500000,0.3433,false,true,true,false,not_blocked,3,2,1,m5_failure_exit,off,none,0.00000000,0.0000,1.30,188.84100000,2.600,-0.300,0.200,PERIOD_M15,190.07700000,187.64800000,0.6999,deep_618_786,0.000,true,188.37700000,188.02000000,0.35700000,188.84100000,1.300,0.19807143,38.00,30-60,true,false,none,not_consumed,2.900,2.900,none,0.0000,false,opposite_break_first,true,opposite_break_first,session_invalidated
2025.04.07 19:55:00,blocked,session_reversal_pullback_one_symbol_first120,GBPJPY,LONG,2025.04.07 19:50:00,19,16,1,new_york,2025.04.07 16:00,50,first_120min,true,true,3,GBPJPY,highest_score_in_session_bar,new_york=USDJPY|EURJPY|GBPJPY|AUDJPY|EURUSD|GBPUSD,existing_first120_gate,new_york,false,false,true,passed_first_window,bos_up,first_pullback_after_bos,188.20850000,PERIOD_M5,PERIOD_H1,PERIOD_M15,PERIOD_M5,PERIOD_M5,false,htf_soft_alignment,current_post_filter,transcript_post_filter,dow_range_or_transition,structure_trend_bias_dow_trend_up_hh_hl,dow_range_or_transition,structure_trend_bias_dow_trend_up_hh_hl,false,true,false,LONG,PERIOD_M5,bos_up,bos_up,2.600,none,0.000,bos_up,2.600,none,0.000,LONG,false,PERIOD_H1_NONE_dow_range_or_transition|PERIOD_M15_LONG_structure_trend_bias_dow_trend_up_hh_hl,true,h1_counter_m15_reversal,true,top_NONE_dow_range_or_transition|structure_LONG_structure_trend_bias_dow_trend_up_hh_hl|structure_break_recent_confirmed_swing_break_failed|primary_break_recent_confirmed_swing_break_continuation,none,below_75sma_falling,above_75sma_rising,above_75sma_rising,-1,0.00000000,0,187.94900000,false,off,NONE,NONE,0.00000000,0.00000000,0.0000,none,0.000,true,LONG,return_high_break_or_bos_up,188.92900000,10,190.07700000,187.64800000,false,off,independent,false,,,false,0.0000,none,0.0000,0.0000,none,0.0000,0.0000,0.0000,none,0.0000,0,0,0.0000,none,none,none,none,0.0000,0,0.0000,none,false,true,not_evaluated,true,required_light_or_anchor_flip,long_bias,187.56700000,2025.04.07 16:30:00,188.44200000,2025.04.07 13:30:00,2025.04.07 17:00:00,false,NONE,0.00000000,0.00000000,0.0000,-1,false,,-1,NONE,0.00000000,0.00000000,0.0000,0.0000,none,,none,false,NONE,-1,-1,-1,false,false,none,true,false,false,true,none,true,required,false,PERIOD_M5,,,-1,0.0000,false,0.00000000,0.0000,false,0.0000,false,none,none,false,no_anchor_flip_in_entry_direction,true,required_first_signal_only,LONG,unknown,0.00000000,,0.00000000,,false,,-1,false,NONE,0.00000000,,0.00000000,0.0000,0.0000,none,-1,false,false,false,no_anchor_flip_in_entry_direction,,,,false,false,false,-1,-1,-1,-1,-1,false,false,false,0.0000,rising_n,false,190.07700000,187.20200000,4.0122,false,0.0000,0.0000,0,none,true,0.5913,preferred_382_618,0.200,diagnostic_only,diagnostic_only,diagnostic_only,shallow_pullback,5,0.490,true,none,0.640,low_quality,false,false,diagnostic_only,both,true,none,true,diagnostic_adjacent_detected,required_light,false,false,SHORT,7,false,false,1,2025.04.07 18:15:00,2025.04.07 19:15:00,7,4.0238,188.44500000,0.00000000,188.44500000,false,false,none,0.00000000,false,0.0000,0.0000,false,1,0.0000,false,-1,0.00000000,0.0000,off,false,not_evaluated,none,0.0000,0.0000,none,false,false,false,0.0000,none,false,none,0.0000,false,none,2.2770,4.0137,0.5673,0.0000,true,strong_exhaustion,0.0000,none,none,false,false,none,0.0000,0.0000,0.0000,0.0000,none,false,false,0.0000,0.0000,false,false,-1,none,none,false,0.000,0.000,188.44500000,188.26900000,188.50000000,round_number,0.12300000,0.3445,session_high|opening_range_high|neckline_level,188.44500000,0.3433,false,true,true,false,not_blocked,3,2,1,m5_failure_exit,off,none,0.00000000,0.0000,1.30,188.84100000,2.600,-0.300,0.200,PERIOD_M15,190.07700000,187.64800000,0.6999,deep_618_786,0.000,true,188.37700000,188.02000000,0.35700000,188.84100000,1.300,0.19807143,38.00,30-60,true,false,none,blocked_session_invalidated,2.900,2.900,none,0.0000,false,opposite_break_first,true,opposite_break_first,session_invalidated
2025.04.08 03:05:00,signal,session_reversal_pullback_one_symbol_first120,GBPJPY,SHORT,2025.04.08 03:00:00,3,0,9,tokyo,2025.04.08 00:00,0,first_120min,true,true,3,GBPJPY,highest_score_in_session_bar,tokyo=USDJPY|EURJPY|GBPJPY|AUDJPY,existing_first120_gate,tokyo,false,false,true,passed_first_window,double_top,neckline_break_retest,188.32600000,PERIOD_M5,PERIOD_H1,PERIOD_M15,PERIOD_M5,PERIOD_M5,false,htf_soft_alignment,current_post_filter,transcript_post_filter,dow_trend_up_hh_hl,no_ordered_dow_wave3_break,dow_trend_up_hh_hl,no_ordered_dow_wave3_break,false,true,true,SHORT,PERIOD_M5,double_top,double_top,4.200,none,0.000,double_top,4.200,none,0.000,SHORT,false,PERIOD_H1_LONG_dow_trend_up_hh_hl|PERIOD_M15_NONE_no_ordered_dow_wave3_break,true,h1_counter_m15_reversal,true,top_LONG_dow_trend_up_hh_hl|structure_NONE_no_ordered_dow_wave3_break|structure_break_recent_confirmed_swing_break_failed|primary_break_recent_confirmed_swing_break_retest,none,below_75sma_falling,above_75sma_rising,below_75sma_falling,-1,0.00000000,1,188.24700000,false,off,NONE,NONE,0.00000000,0.00000000,0.0000,none,0.000,true,SHORT,return_low_break_or_bos_down,188.03100000,8,188.52300000,187.84600000,false,off,independent,false,,,false,0.0000,none,0.0000,0.0000,none,0.0000,0.0000,0.0000,none,0.0000,0,0,0.0000,none,none,none,none,0.0000,0,0.0000,none,false,true,not_evaluated,true,required_light_or_anchor_flip,long_bias,187.56700000,2025.04.07 16:30:00,188.44200000,2025.04.07 13:30:00,2025.04.07 17:00:00,false,NONE,0.00000000,0.00000000,0.0000,-1,false,,-1,NONE,0.00000000,0.00000000,0.0000,0.0000,none,,none,false,NONE,-1,-1,-1,false,false,none,false,true,false,true,none,true,required,false,PERIOD_M5,,,-1,0.0000,false,0.00000000,0.0000,false,0.0000,false,none,none,false,no_anchor_flip_in_entry_direction,true,required_first_signal_only,SHORT,unknown,0.00000000,,0.00000000,,false,,-1,false,NONE,0.00000000,,0.00000000,0.0000,0.0000,none,-1,false,false,false,no_anchor_flip_in_entry_direction,,,,false,false,false,-1,-1,-1,-1,-1,false,false,false,0.0000,range_n,true,190.07700000,187.56700000,10.9300,false,0.0000,0.0000,0,none,true,0.3613,shallow_236_382,0.080,diagnostic_only,diagnostic_only,diagnostic_only,shallow_pullback,5,0.320,true,none,0.470,high_quality,false,false,diagnostic_only,both,true,none,true,diagnostic_adjacent_detected,required_light,false,false,LONG,4,false,false,1,2025.04.08 00:50:00,2025.04.08 02:20:00,8,4.9160,0.00000000,188.24700000,188.24700000,true,true,m5_hl_close_break_down,188.24700000,true,0.7552,1.3143,true,1,0.3050,false,3,188.24700000,0.1888,off,false,not_evaluated,none,0.9817,0.0183,very_strong,false,false,false,0.3050,held_no_close_back,true,favorable_side,0.5594,true,strong_retest,1.9969,4.9160,0.4062,0.0000,true,strong_exhaustion,0.0000,none,none,false,false,none,0.0000,0.0000,0.0000,0.0000,none,false,false,0.0000,0.0000,false,false,-1,none,none,false,0.000,0.000,188.29850000,188.27600000,188.27600000,recent_rejection_zone,0.01300000,0.0707,neckline_level,188.32600000,0.2687,false,true,true,false,not_blocked,5,2,3,m5_failure_exit,off,none,0.00000000,0.0000,1.30,188.05000000,4.200,-0.300,0.200,PERIOD_M15,188.52300000,187.84600000,0.6544,deep_618_786,0.000,true,188.28900000,188.47300000,0.18400000,188.05000000,1.299,0.13771429,38.00,0-30,true,false,none,not_consumed,4.500,4.500,none,0.0000,false,opposite_break_first,true,opposite_break_first,spread_too_high
2025.04.08 03:05:00,blocked,session_reversal_pullback_one_symbol_first120,GBPJPY,SHORT,2025.04.08 03:00:00,3,0,9,tokyo,2025.04.08 00:00,0,first_120min,true,true,3,GBPJPY,highest_score_in_session_bar,tokyo=USDJPY|EURJPY|GBPJPY|AUDJPY,existing_first120_gate,tokyo,false,false,true,passed_first_window,double_top,neckline_break_retest,188.32600000,PERIOD_M5,PERIOD_H1,PERIOD_M15,PERIOD_M5,PERIOD_M5,false,htf_soft_alignment,current_post_filter,transcript_post_filter,dow_trend_up_hh_hl,no_ordered_dow_wave3_break,dow_trend_up_hh_hl,no_ordered_dow_wave3_break,false,true,true,SHORT,PERIOD_M5,double_top,double_top,4.200,none,0.000,double_top,4.200,none,0.000,SHORT,false,PERIOD_H1_LONG_dow_trend_up_hh_hl|PERIOD_M15_NONE_no_ordered_dow_wave3_break,true,h1_counter_m15_reversal,true,top_LONG_dow_trend_up_hh_hl|structure_NONE_no_ordered_dow_wave3_break|structure_break_recent_confirmed_swing_break_failed|primary_break_recent_confirmed_swing_break_retest,none,below_75sma_falling,above_75sma_rising,below_75sma_falling,-1,0.00000000,1,188.24700000,false,off,NONE,NONE,0.00000000,0.00000000,0.0000,none,0.000,true,SHORT,return_low_break_or_bos_down,188.03100000,8,188.52300000,187.84600000,false,off,independent,false,,,false,0.0000,none,0.0000,0.0000,none,0.0000,0.0000,0.0000,none,0.0000,0,0,0.0000,none,none,none,none,0.0000,0,0.0000,none,false,true,not_evaluated,true,required_light_or_anchor_flip,long_bias,187.56700000,2025.04.07 16:30:00,188.44200000,2025.04.07 13:30:00,2025.04.07 17:00:00,false,NONE,0.00000000,0.00000000,0.0000,-1,false,,-1,NONE,0.00000000,0.00000000,0.0000,0.0000,none,,none,false,NONE,-1,-1,-1,false,false,none,false,true,false,true,none,true,required,false,PERIOD_M5,,,-1,0.0000,false,0.00000000,0.0000,false,0.0000,false,none,none,false,no_anchor_flip_in_entry_direction,true,required_first_signal_only,SHORT,unknown,0.00000000,,0.00000000,,false,,-1,false,NONE,0.00000000,,0.00000000,0.0000,0.0000,none,-1,false,false,false,no_anchor_flip_in_entry_direction,,,,false,false,false,-1,-1,-1,-1,-1,false,false,false,0.0000,range_n,true,190.07700000,187.56700000,10.9300,false,0.0000,0.0000,0,none,true,0.3613,shallow_236_382,0.080,diagnostic_only,diagnostic_only,diagnostic_only,shallow_pullback,5,0.320,true,none,0.470,high_quality,false,false,diagnostic_only,both,true,none,true,diagnostic_adjacent_detected,required_light,false,false,LONG,4,false,false,1,2025.04.08 00:50:00,2025.04.08 02:20:00,8,4.9160,0.00000000,188.24700000,188.24700000,true,true,m5_hl_close_break_down,188.24700000,true,0.7552,1.3143,true,1,0.3050,false,3,188.24700000,0.1888,off,false,not_evaluated,none,0.9817,0.0183,very_strong,false,false,false,0.3050,held_no_close_back,true,favorable_side,0.5594,true,strong_retest,1.9969,4.9160,0.4062,0.0000,true,strong_exhaustion,0.0000,none,none,false,false,none,0.0000,0.0000,0.0000,0.0000,none,false,false,0.0000,0.0000,false,false,-1,none,none,false,0.000,0.000,188.29850000,188.27600000,188.27600000,recent_rejection_zone,0.01300000,0.0707,neckline_level,188.32600000,0.2687,false,true,true,false,not_blocked,5,2,3,m5_failure_exit,off,none,0.00000000,0.0000,1.30,188.05000000,4.200,-0.300,0.200,PERIOD_M15,188.52300000,187.84600000,0.6544,deep_618_786,0.000,true,188.28900000,188.47300000,0.18400000,188.05000000,1.299,0.13771429,38.00,0-30,true,false,none,blocked_spread_too_high,4.500,4.500,none,0.0000,false,opposite_break_first,true,opposite_break_first,spread_too_high
2025.04.08 10:05:00,signal,session_reversal_pullback_one_symbol_first120,GBPUSD,LONG,2025.04.08 10:00:00,10,7,16,london,2025.04.08 07:00,0,first_120min,true,true,3,GBPUSD,highest_score_in_session_bar,london=USDJPY|EURJPY|GBPJPY|AUDJPY|EURUSD|GBPUSD,existing_first120_gate,london,false,false,true,passed_first_window,double_bottom,neckline_break_retest,1.27761000,PERIOD_M5,PERIOD_H1,PERIOD_M15,PERIOD_M5,PERIOD_M5,false,htf_soft_alignment,current_post_filter,transcript_post_filter,dow_trend_down_ll_lh,structure_trend_bias_dow_trend_down_ll_lh,dow_trend_down_ll_lh,structure_trend_bias_dow_trend_down_ll_lh,false,true,false,LONG,PERIOD_M5,double_bottom,double_bottom,4.200,none,0.000,double_bottom,4.200,none,0.000,LONG,false,PERIOD_H1_SHORT_dow_trend_down_ll_lh|PERIOD_M15_SHORT_structure_trend_bias_dow_trend_down_ll_lh,true,h1_counter_m15_reversal,true,top_SHORT_dow_trend_down_ll_lh|structure_SHORT_structure_trend_bias_dow_trend_down_ll_lh|structure_break_recent_confirmed_swing_break_failed|primary_break_recent_confirmed_swing_break_failed,none,below_75sma_falling,above_75sma_flat_or_falling,near_75sma,-1,0.00000000,-1,0.00000000,false,off,NONE,NONE,0.00000000,0.00000000,0.0000,none,0.000,true,LONG,return_high_break_or_bos_up,1.27906000,1,1.27906000,1.27628000,false,off,independent,false,,,false,0.0000,none,0.0000,0.0000,none,0.0000,0.0000,0.0000,none,0.0000,0,0,0.0000,none,none,none,none,0.0000,0,0.0000,none,false,true,not_evaluated,true,required_light_or_anchor_flip,bias_flip_up,1.27249000,2025.04.08 02:15:00,1.27906000,2025.04.08 07:15:00,2025.04.08 08:45:00,true,LONG,1.27906000,1.27937000,0.3256,1,true,2025.04.08 09:30:00,1,LONG,1.27906000,1.27937000,0.3256,0.8927,normal,2025.04.08 09:30:00,first_after_anchor,true,LONG,1,1,1,true,false,fresh_0_4,true,false,false,true,none,true,required,true,PERIOD_M5,2025.04.08 09:35:00,2025.04.08 09:40:00,6,0.8766,true,1.27906000,0.8766,true,0.4056,false,none,failed_close_back_inside,false,post_anchor_close_back_inside,true,required_first_signal_only,LONG,unknown,0.00000000,,0.00000000,,false,,-1,false,NONE,0.00000000,,0.00000000,0.0000,0.0000,none,-1,false,false,false,insufficient_confirmed_m5_pivots,GBPUSD|LONG|1744104600|1.27906,,,false,false,false,-1,-1,-1,-1,-1,false,false,false,0.0000,falling_n,false,1.27912000,1.27249000,6.9632,true,0.8927,0.3359,0,normal,true,0.3311,shallow_236_382,0.080,diagnostic_only,diagnostic_only,diagnostic_only,fib_pullback,4,0.320,true,none,0.470,high_quality,false,false,diagnostic_only,both,true,none,true,diagnostic_adjacent_detected,required_light,false,false,SHORT,5,false,false,0,2025.04.08 08:45:00,2025.04.08 09:40:00,4,4.2785,1.27955000,0.00000000,1.27955000,false,false,none,0.00000000,false,0.0000,0.0000,false,1,0.0000,false,-1,0.00000000,0.0000,off,false,not_evaluated,none,0.0000,0.0000,none,false,false,false,0.0000,none,false,none,0.0000,false,none,2.0673,3.8467,0.5374,0.0000,true,strong_exhaustion,0.0000,none,none,false,false,none,0.0000,0.0000,0.0000,0.0000,none,false,false,0.0000,0.0000,false,false,-1,none,none,false,0.000,0.000,1.27830700,1.27761000,1.27830700,recent_equal_lows,0.00024700,0.2111,neckline_level,1.27761000,0.5888,false,true,true,false,not_blocked,11,6,5,m5_failure_exit,off,none,0.00000000,0.0000,1.30,1.27958000,4.200,-0.300,0.200,PERIOD_M15,1.27906000,1.27628000,0.3597,outside,0.000,true,1.27806000,1.27689000,0.00117000,1.27958000,1.299,0.00076429,20.00,0-30,true,false,none,not_consumed,4.300,4.300,none,0.0000,false,opposite_break_first,true,opposite_break_first,spread_too_high
2025.04.08 10:05:00,blocked,session_reversal_pullback_one_symbol_first120,GBPUSD,LONG,2025.04.08 10:00:00,10,7,16,london,2025.04.08 07:00,0,first_120min,true,true,3,GBPUSD,highest_score_in_session_bar,london=USDJPY|EURJPY|GBPJPY|AUDJPY|EURUSD|GBPUSD,existing_first120_gate,london,false,false,true,passed_first_window,double_bottom,neckline_break_retest,1.27761000,PERIOD_M5,PERIOD_H1,PERIOD_M15,PERIOD_M5,PERIOD_M5,false,htf_soft_alignment,current_post_filter,transcript_post_filter,dow_trend_down_ll_lh,structure_trend_bias_dow_trend_down_ll_lh,dow_trend_down_ll_lh,structure_trend_bias_dow_trend_down_ll_lh,false,true,false,LONG,PERIOD_M5,double_bottom,double_bottom,4.200,none,0.000,double_bottom,4.200,none,0.000,LONG,false,PERIOD_H1_SHORT_dow_trend_down_ll_lh|PERIOD_M15_SHORT_structure_trend_bias_dow_trend_down_ll_lh,true,h1_counter_m15_reversal,true,top_SHORT_dow_trend_down_ll_lh|structure_SHORT_structure_trend_bias_dow_trend_down_ll_lh|structure_break_recent_confirmed_swing_break_failed|primary_break_recent_confirmed_swing_break_failed,none,below_75sma_falling,above_75sma_flat_or_falling,near_75sma,-1,0.00000000,-1,0.00000000,false,off,NONE,NONE,0.00000000,0.00000000,0.0000,none,0.000,true,LONG,return_high_break_or_bos_up,1.27906000,1,1.27906000,1.27628000,false,off,independent,false,,,false,0.0000,none,0.0000,0.0000,none,0.0000,0.0000,0.0000,none,0.0000,0,0,0.0000,none,none,none,none,0.0000,0,0.0000,none,false,true,not_evaluated,true,required_light_or_anchor_flip,bias_flip_up,1.27249000,2025.04.08 02:15:00,1.27906000,2025.04.08 07:15:00,2025.04.08 08:45:00,true,LONG,1.27906000,1.27937000,0.3256,1,true,2025.04.08 09:30:00,1,LONG,1.27906000,1.27937000,0.3256,0.8927,normal,2025.04.08 09:30:00,first_after_anchor,true,LONG,1,1,1,true,false,fresh_0_4,true,false,false,true,none,true,required,true,PERIOD_M5,2025.04.08 09:35:00,2025.04.08 09:40:00,6,0.8766,true,1.27906000,0.8766,true,0.4056,false,none,failed_close_back_inside,false,post_anchor_close_back_inside,true,required_first_signal_only,LONG,unknown,0.00000000,,0.00000000,,false,,-1,false,NONE,0.00000000,,0.00000000,0.0000,0.0000,none,-1,false,false,false,insufficient_confirmed_m5_pivots,GBPUSD|LONG|1744104600|1.27906,,,false,false,false,-1,-1,-1,-1,-1,false,false,false,0.0000,falling_n,false,1.27912000,1.27249000,6.9632,true,0.8927,0.3359,0,normal,true,0.3311,shallow_236_382,0.080,diagnostic_only,diagnostic_only,diagnostic_only,fib_pullback,4,0.320,true,none,0.470,high_quality,false,false,diagnostic_only,both,true,none,true,diagnostic_adjacent_detected,required_light,false,false,SHORT,5,false,false,0,2025.04.08 08:45:00,2025.04.08 09:40:00,4,4.2785,1.27955000,0.00000000,1.27955000,false,false,none,0.00000000,false,0.0000,0.0000,false,1,0.0000,false,-1,0.00000000,0.0000,off,false,not_evaluated,none,0.0000,0.0000,none,false,false,false,0.0000,none,false,none,0.0000,false,none,2.0673,3.8467,0.5374,0.0000,true,strong_exhaustion,0.0000,none,none,false,false,none,0.0000,0.0000,0.0000,0.0000,none,false,false,0.0000,0.0000,false,false,-1,none,none,false,0.000,0.000,1.27830700,1.27761000,1.27830700,recent_equal_lows,0.00024700,0.2111,neckline_level,1.27761000,0.5888,false,true,true,false,not_blocked,11,6,5,m5_failure_exit,off,none,0.00000000,0.0000,1.30,1.27958000,4.200,-0.300,0.200,PERIOD_M15,1.27906000,1.27628000,0.3597,outside,0.000,true,1.27806000,1.27689000,0.00117000,1.27958000,1.299,0.00076429,20.00,0-30,true,false,none,blocked_spread_too_high,4.300,4.300,none,0.0000,false,opposite_break_first,true,opposite_break_first,spread_too_high
2025.04.08 16:40:00,signal,session_reversal_pullback_one_symbol_first120,GBPJPY,SHORT,2025.04.08 16:35:00,16,13,22,london_newyork_overlap,2025.04.08 13:00,35,first_120min,true,true,3,GBPJPY,highest_score_in_session_bar,london_newyork_overlap=USDJPY|EURJPY|GBPJPY|AUDJPY|EURUSD|GBPUSD,existing_first120_gate,london_newyork_overlap,false,false,true,passed_first_window,sweep_high_reclaim,sweep_reclaim_retest,188.02600000,PERIOD_M5,PERIOD_H1,PERIOD_M15,PERIOD_M5,PERIOD_M5,false,htf_soft_alignment,current_post_filter,transcript_post_filter,dow_range_or_transition,ordered_dow_wave3_break_above_swing_high,dow_range_or_transition,ordered_dow_wave3_break_above_swing_high,false,true,true,SHORT,PERIOD_M5,sweep_high_reclaim,sweep_high_reclaim,3.400,none,0.000,sweep_high_reclaim,3.400,none,0.000,SHORT,false,PERIOD_H1_NONE_dow_range_or_transition|PERIOD_M15_LONG_ordered_dow_wave3_break_above_swing_high,true,h1_counter_m15_reversal,true,top_NONE_dow_range_or_transition|structure_LONG_ordered_dow_wave3_break_above_swing_high|structure_break_recent_confirmed_swing_break_failed|primary_break_recent_confirmed_swing_break_failed,none,below_75sma_falling,below_75sma_falling,above_75sma_rising,-1,0.00000000,-1,0.00000000,false,off,NONE,NONE,0.00000000,0.00000000,0.0000,none,0.000,true,SHORT,return_low_break_or_bos_down,187.50300000,10,188.06700000,187.23200000,false,off,independent,false,,,false,0.0000,none,0.0000,0.0000,none,0.0000,0.0000,0.0000,none,0.0000,0,0,0.0000,none,none,none,none,0.0000,0,0.0000,none,false,true,not_evaluated,true,required_light_or_anchor_flip,long_bias,187.23200000,2025.04.08 13:15:00,187.83500000,2025.04.08 12:45:00,2025.04.08 14:30:00,false,NONE,0.00000000,0.00000000,0.0000,-1,false,,-1,NONE,0.00000000,0.00000000,0.0000,0.0000,none,,none,false,NONE,-1,-1,-1,false,false,none,false,true,false,true,none,true,required,false,PERIOD_M5,,,-1,0.0000,false,0.00000000,0.0000,false,0.0000,false,none,none,false,no_anchor_flip_in_entry_direction,true,required_first_signal_only,SHORT,unknown,0.00000000,,0.00000000,,false,,-1,false,NONE,0.00000000,,0.00000000,0.0000,0.0000,none,-1,false,false,false,no_anchor_flip_in_entry_direction,,,,false,false,false,-1,-1,-1,-1,-1,false,false,false,0.0000,range_n,true,187.91400000,187.23200000,2.1241,false,0.0000,0.0000,0,none,true,0.8934,too_deep,0.000,diagnostic_only,diagnostic_only,diagnostic_only,shallow_pullback,24,0.200,true,none,0.350,medium_quality,false,false,diagnostic_only,both,true,none,true,diagnostic_adjacent_detected,required_light,false,false,LONG,6,false,false,0,2025.04.08 14:35:00,2025.04.08 16:00:00,7,2.7841,0.00000000,187.35500000,187.35500000,false,false,none,0.00000000,false,0.0000,0.0000,false,1,0.0000,false,-1,0.00000000,0.0000,off,false,not_evaluated,none,0.0000,0.0000,none,false,false,false,0.0000,none,false,none,0.0000,false,none,2.4454,2.3906,1.0229,0.0000,true,strong_exhaustion,0.0000,none,none,false,false,none,0.0000,0.0000,0.0000,0.0000,none,false,false,0.0000,0.0000,false,false,-1,none,none,false,0.000,0.000,187.99700000,187.91400000,187.91400000,structure_confirmed_swing_high,0.06400000,0.1945,neckline_level,188.02600000,0.2391,false,true,true,false,not_blocked,6,3,3,m5_failure_exit,off,none,0.00000000,0.0000,1.30,187.55000000,3.400,-0.300,0.200,PERIOD_M15,187.91400000,187.43400000,1.1333,outside,0.000,true,187.97800000,188.30700000,0.32900000,187.55000000,1.301,0.20078571,38.00,30-60,true,false,none,not_consumed,3.500,3.500,none,0.0000,false,opposite_break_first,true,opposite_break_first,session_invalidated
2025.04.08 16:40:00,blocked,session_reversal_pullback_one_symbol_first120,GBPJPY,SHORT,2025.04.08 16:35:00,16,13,22,london_newyork_overlap,2025.04.08 13:00,35,first_120min,true,true,3,GBPJPY,highest_score_in_session_bar,london_newyork_overlap=USDJPY|EURJPY|GBPJPY|AUDJPY|EURUSD|GBPUSD,existing_first120_gate,london_newyork_overlap,false,false,true,passed_first_window,sweep_high_reclaim,sweep_reclaim_retest,188.02600000,PERIOD_M5,PERIOD_H1,PERIOD_M15,PERIOD_M5,PERIOD_M5,false,htf_soft_alignment,current_post_filter,transcript_post_filter,dow_range_or_transition,ordered_dow_wave3_break_above_swing_high,dow_range_or_transition,ordered_dow_wave3_break_above_swing_high,false,true,true,SHORT,PERIOD_M5,sweep_high_reclaim,sweep_high_reclaim,3.400,none,0.000,sweep_high_reclaim,3.400,none,0.000,SHORT,false,PERIOD_H1_NONE_dow_range_or_transition|PERIOD_M15_LONG_ordered_dow_wave3_break_above_swing_high,true,h1_counter_m15_reversal,true,top_NONE_dow_range_or_transition|structure_LONG_ordered_dow_wave3_break_above_swing_high|structure_break_recent_confirmed_swing_break_failed|primary_break_recent_confirmed_swing_break_failed,none,below_75sma_falling,below_75sma_falling,above_75sma_rising,-1,0.00000000,-1,0.00000000,false,off,NONE,NONE,0.00000000,0.00000000,0.0000,none,0.000,true,SHORT,return_low_break_or_bos_down,187.50300000,10,188.06700000,187.23200000,false,off,independent,false,,,false,0.0000,none,0.0000,0.0000,none,0.0000,0.0000,0.0000,none,0.0000,0,0,0.0000,none,none,none,none,0.0000,0,0.0000,none,false,true,not_evaluated,true,required_light_or_anchor_flip,long_bias,187.23200000,2025.04.08 13:15:00,187.83500000,2025.04.08 12:45:00,2025.04.08 14:30:00,false,NONE,0.00000000,0.00000000,0.0000,-1,false,,-1,NONE,0.00000000,0.00000000,0.0000,0.0000,none,,none,false,NONE,-1,-1,-1,false,false,none,false,true,false,true,none,true,required,false,PERIOD_M5,,,-1,0.0000,false,0.00000000,0.0000,false,0.0000,false,none,none,false,no_anchor_flip_in_entry_direction,true,required_first_signal_only,SHORT,unknown,0.00000000,,0.00000000,,false,,-1,false,NONE,0.00000000,,0.00000000,0.0000,0.0000,none,-1,false,false,false,no_anchor_flip_in_entry_direction,,,,false,false,false,-1,-1,-1,-1,-1,false,false,false,0.0000,range_n,true,187.91400000,187.23200000,2.1241,false,0.0000,0.0000,0,none,true,0.8934,too_deep,0.000,diagnostic_only,diagnostic_only,diagnostic_only,shallow_pullback,24,0.200,true,none,0.350,medium_quality,false,false,diagnostic_only,both,true,none,true,diagnostic_adjacent_detected,required_light,false,false,LONG,6,false,false,0,2025.04.08 14:35:00,2025.04.08 16:00:00,7,2.7841,0.00000000,187.35500000,187.35500000,false,false,none,0.00000000,false,0.0000,0.0000,false,1,0.0000,false,-1,0.00000000,0.0000,off,false,not_evaluated,none,0.0000,0.0000,none,false,false,false,0.0000,none,false,none,0.0000,false,none,2.4454,2.3906,1.0229,0.0000,true,strong_exhaustion,0.0000,none,none,false,false,none,0.0000,0.0000,0.0000,0.0000,none,false,false,0.0000,0.0000,false,false,-1,none,none,false,0.000,0.000,187.99700000,187.91400000,187.91400000,structure_confirmed_swing_high,0.06400000,0.1945,neckline_level,188.02600000,0.2391,false,true,true,false,not_blocked,6,3,3,m5_failure_exit,off,none,0.00000000,0.0000,1.30,187.55000000,3.400,-0.300,0.200,PERIOD_M15,187.91400000,187.43400000,1.1333,outside,0.000,true,187.97800000,188.30700000,0.32900000,187.55000000,1.301,0.20078571,38.00,30-60,true,false,none,blocked_session_invalidated,3.500,3.500,none,0.0000,false,opposite_break_first,true,opposite_break_first,session_invalidated
2025.04.08 19:05:00,signal,session_reversal_pullback_one_symbol_first120,USDJPY,SHORT,2025.04.08 19:00:00,19,16,1,new_york,2025.04.08 16:00,0,first_120min,true,true,3,USDJPY,highest_score_in_session_bar,new_york=USDJPY|EURJPY|GBPJPY|AUDJPY|EURUSD|GBPUSD,existing_first120_gate,new_york,false,false,true,passed_first_window,head_and_shoulders,neckline_break_retest,147.13300000,PERIOD_M5,PERIOD_H1,PERIOD_M15,PERIOD_M5,PERIOD_M5,false,htf_soft_alignment,current_post_filter,transcript_post_filter,dow_range_or_transition,no_ordered_dow_wave3_break,dow_range_or_transition,no_ordered_dow_wave3_break,false,false,true,SHORT,PERIOD_M5,head_and_shoulders,head_and_shoulders,4.500,none,0.000,head_and_shoulders,4.500,none,0.000,SHORT,false,PERIOD_H1_NONE_dow_range_or_transition|PERIOD_M15_NONE_no_ordered_dow_wave3_break,true,h1_counter_m15_reversal,true,top_NONE_dow_range_or_transition|structure_NONE_no_ordered_dow_wave3_break|structure_break_recent_confirmed_swing_break_failed|primary_break_recent_confirmed_swing_break_failed,none,above_75sma_rising,below_75sma_falling,above_75sma_flat_or_falling,-1,0.00000000,-1,0.00000000,false,off,NONE,NONE,0.00000000,0.00000000,0.0000,none,0.000,true,SHORT,return_low_break_or_bos_down,146.76500000,15,147.65900000,146.65800000,false,off,independent,false,,,false,0.0000,none,0.0000,0.0000,none,0.0000,0.0000,0.0000,none,0.0000,0,0,0.0000,none,none,none,none,0.0000,0,0.0000,none,false,true,not_evaluated,true,required_light_or_anchor_flip,long_bias,146.65800000,2025.04.08 16:00:00,147.17500000,2025.04.08 14:30:00,2025.04.08 17:15:00,false,NONE,0.00000000,0.00000000,0.0000,-1,false,,-1,NONE,0.00000000,0.00000000,0.0000,0.0000,none,,none,false,NONE,-1,-1,-1,false,false,none,false,true,false,true,none,true,required,false,PERIOD_M5,,,-1,0.0000,false,0.00000000,0.0000,false,0.0000,false,none,none,false,no_anchor_flip_in_entry_direction,true,required_first_signal_only,SHORT,unknown,0.00000000,,0.00000000,,false,,-1,false,NONE,0.00000000,,0.00000000,0.0000,0.0000,none,-1,false,false,false,no_anchor_flip_in_entry_direction,,,,false,false,false,-1,-1,-1,-1,-1,false,false,false,0.0000,rising_n,false,147.65900000,146.65800000,4.5236,false,0.0000,0.0000,0,none,true,0.4326,preferred_382_618,0.200,diagnostic_only,diagnostic_only,diagnostic_only,fib_pullback,6,0.440,true,none,0.590,high_quality,false,false,diagnostic_only,both,true,none,true,diagnostic_adjacent_detected,required_light,false,false,LONG,2,false,false,0,,,-1,0.0000,0.00000000,0.00000000,0.00000000,false,false,none,0.00000000,false,0.0000,0.0000,false,1,0.0000,false,-1,0.00000000,0.0000,off,false,not_evaluated,none,0.0000,0.0000,none,false,false,false,0.0000,none,false,none,0.0000,false,none,0.0000,0.0000,0.0000,0.0000,false,none,0.0000,none,none,false,false,none,0.0000,0.0000,0.0000,0.0000,none,false,false,0.0000,0.0000,false,false,-1,none,none,false,0.000,0.000,147.09200000,147.00000000,147.00000000,round_number,0.09100000,0.2898,neckline_level,147.13300000,0.3309,false,true,true,false,not_blocked,9,4,5,m5_failure_exit,off,none,0.00000000,0.0000,1.30,146.68300000,4.500,-0.300,0.200,PERIOD_M15,147.65900000,146.65800000,0.4326,preferred_382_618,0.000,true,147.09100000,147.40500000,0.31400000,146.68300000,1.299,0.12692857,19.00,0-30,true,false,none,not_consumed,4.600,4.600,none,0.0000,false,neckline_retest_failed,false,not_invalidated,
2025.04.08 19:05:00,order_sent,session_reversal_pullback_one_symbol_first120,USDJPY,SHORT,2025.04.08 19:00:00,19,16,1,new_york,2025.04.08 16:00,0,first_120min,true,true,3,USDJPY,highest_score_in_session_bar,new_york=USDJPY|EURJPY|GBPJPY|AUDJPY|EURUSD|GBPUSD,existing_first120_gate,new_york,false,false,true,passed_first_window,head_and_shoulders,neckline_break_retest,147.13300000,PERIOD_M5,PERIOD_H1,PERIOD_M15,PERIOD_M5,PERIOD_M5,false,htf_soft_alignment,current_post_filter,transcript_post_filter,dow_range_or_transition,no_ordered_dow_wave3_break,dow_range_or_transition,no_ordered_dow_wave3_break,false,false,true,SHORT,PERIOD_M5,head_and_shoulders,head_and_shoulders,4.500,none,0.000,head_and_shoulders,4.500,none,0.000,SHORT,false,PERIOD_H1_NONE_dow_range_or_transition|PERIOD_M15_NONE_no_ordered_dow_wave3_break,true,h1_counter_m15_reversal,true,top_NONE_dow_range_or_transition|structure_NONE_no_ordered_dow_wave3_break|structure_break_recent_confirmed_swing_break_failed|primary_break_recent_confirmed_swing_break_failed,none,above_75sma_rising,below_75sma_falling,above_75sma_flat_or_falling,-1,0.00000000,-1,0.00000000,false,off,NONE,NONE,0.00000000,0.00000000,0.0000,none,0.000,true,SHORT,return_low_break_or_bos_down,146.76500000,15,147.65900000,146.65800000,false,off,independent,false,,,false,0.0000,none,0.0000,0.0000,none,0.0000,0.0000,0.0000,none,0.0000,0,0,0.0000,none,none,none,none,0.0000,0,0.0000,none,false,true,not_evaluated,true,required_light_or_anchor_flip,long_bias,146.65800000,2025.04.08 16:00:00,147.17500000,2025.04.08 14:30:00,2025.04.08 17:15:00,false,NONE,0.00000000,0.00000000,0.0000,-1,false,,-1,NONE,0.00000000,0.00000000,0.0000,0.0000,none,,none,false,NONE,-1,-1,-1,false,false,none,false,true,false,true,none,true,required,false,PERIOD_M5,,,-1,0.0000,false,0.00000000,0.0000,false,0.0000,false,none,none,false,no_anchor_flip_in_entry_direction,true,required_first_signal_only,SHORT,unknown,0.00000000,,0.00000000,,false,,-1,false,NONE,0.00000000,,0.00000000,0.0000,0.0000,none,-1,false,false,false,no_anchor_flip_in_entry_direction,,,,false,false,false,-1,-1,-1,-1,-1,false,false,false,0.0000,rising_n,false,147.65900000,146.65800000,4.5236,false,0.0000,0.0000,0,none,true,0.4326,preferred_382_618,0.200,diagnostic_only,diagnostic_only,diagnostic_only,fib_pullback,6,0.440,true,none,0.590,high_quality,false,false,diagnostic_only,both,true,none,true,diagnostic_adjacent_detected,required_light,false,false,LONG,2,false,false,0,,,-1,0.0000,0.00000000,0.00000000,0.00000000,false,false,none,0.00000000,false,0.0000,0.0000,false,1,0.0000,false,-1,0.00000000,0.0000,off,false,not_evaluated,none,0.0000,0.0000,none,false,false,false,0.0000,none,false,none,0.0000,false,none,0.0000,0.0000,0.0000,0.0000,false,none,0.0000,none,none,false,false,none,0.0000,0.0000,0.0000,0.0000,none,false,false,0.0000,0.0000,false,false,-1,none,none,false,0.000,0.000,147.09200000,147.00000000,147.00000000,round_number,0.09100000,0.2898,neckline_level,147.13300000,0.3309,false,true,true,false,not_blocked,9,4,5,m5_failure_exit,off,none,0.00000000,0.0000,1.30,146.68300000,4.500,-0.300,0.200,PERIOD_M15,147.65900000,146.65800000,0.4326,preferred_382_618,0.000,true,147.09100000,147.40500000,0.31400000,146.68300000,1.299,0.12692857,19.00,0-30,true,false,none,order_sent,4.600,4.600,none,0.0000,false,neckline_retest_failed,false,not_invalidated,
2025.04.09 11:40:00,signal,session_reversal_pullback_one_symbol_first120,EURUSD,LONG,2025.04.09 11:35:00,11,8,17,london,2025.04.09 07:00,95,first_120min,false,true,3,EURUSD,highest_score_in_session_bar,london=USDJPY|EURJPY|GBPJPY|AUDJPY|EURUSD|GBPUSD,existing_first120_gate,london,true,false,true,passed_first_window,inverse_head_and_shoulders,neckline_break_retest,1.10203000,PERIOD_M5,PERIOD_H1,PERIOD_M15,PERIOD_M5,PERIOD_M5,false,htf_soft_alignment,current_post_filter,transcript_post_filter,dow_range_or_transition,structure_trend_bias_dow_trend_up_hh_hl,dow_range_or_transition,structure_trend_bias_dow_trend_up_hh_hl,false,true,false,LONG,PERIOD_M5,inverse_head_and_shoulders,inverse_head_and_shoulders,4.500,none,0.000,inverse_head_and_shoulders,4.500,none,0.000,LONG,false,PERIOD_H1_NONE_dow_range_or_transition|PERIOD_M15_LONG_structure_trend_bias_dow_trend_up_hh_hl,true,h1_counter_m15_reversal,true,top_NONE_dow_range_or_transition|structure_LONG_structure_trend_bias_dow_trend_up_hh_hl|structure_break_recent_confirmed_swing_break_failed|primary_break_recent_confirmed_swing_break_continuation,none,above_75sma_flat_or_falling,above_75sma_rising,below_75sma_falling,-1,0.00000000,0,1.09845000,false,off,NONE,NONE,0.00000000,0.00000000,0.0000,none,0.000,true,LONG,return_high_break_or_bos_up,1.10682000,6,1.10890000,1.09973000,false,off,independent,false,,,false,0.0000,none,0.0000,0.0000,none,0.0000,0.0000,0.0000,none,0.0000,0,0,0.0000,none,none,none,none,0.0000,0,0.0000,none,false,true,not_evaluated,true,required_light_or_anchor_flip,bias_flip_down,1.10283000,2025.04.09 08:30:00,1.09676000,2025.04.08 15:30:00,2025.04.09 09:45:00,true,SHORT,1.10283000,1.10150000,0.6361,2,true,2025.04.09 10:45:00,2,SHORT,1.10283000,1.10150000,0.6361,1.4540,strong,2025.04.09 11:15:00,first_after_anchor,true,SHORT,2,0,2,true,false,fresh_0_4,false,true,false,true,none,true,required,false,PERIOD_M5,,,-1,0.0000,false,0.00000000,0.0000,false,0.0000,false,none,none,false,no_anchor_flip_in_entry_direction,true,required_first_signal_only,LONG,unknown,0.00000000,,0.00000000,,false,,-1,false,NONE,0.00000000,,0.00000000,0.0000,0.0000,none,-1,false,false,false,no_anchor_flip_in_entry_direction,,,,false,false,false,-1,-1,-1,-1,-1,false,false,false,0.0000,rising_n,false,1.10890000,1.09703000,5.6775,true,1.4540,0.1717,2,strong,true,0.7241,deep_618_786,0.120,diagnostic_only,diagnostic_only,diagnostic_only,deep_pullback,24,0.320,true,none,0.470,high_quality,false,false,diagnostic_only,both,true,none,true,diagnostic_adjacent_detected,required_light,false,false,SHORT,5,false,false,1,2025.04.09 09:05:00,2025.04.09 11:00:00,7,7.3151,1.10890000,0.00000000,1.10890000,false,false,none,0.00000000,false,0.0000,0.0000,false,1,0.0000,false,-1,0.00000000,0.0000,off,false,not_evaluated,none,0.0000,0.0000,none,false,false,false,0.0000,none,false,none,0.0000,false,none,7.3151,1.7630,4.1493,3.5578,false,no_shrink,0.0000,none,none,false,false,none,0.0000,0.0000,0.0000,0.0000,none,false,false,0.0000,0.0000,false,false,-1,none,none,false,0.000,0.000,1.10283000,1.10216333,1.10283000,structure_confirmed_swing_low,0.00057000,0.2639,neckline_level,1.10203000,0.1835,false,true,true,false,not_blocked,4,3,1,m5_failure_exit,off,none,0.00000000,0.0000,1.30,1.10506000,4.500,-0.300,0.200,PERIOD_M15,1.10890000,1.10283000,1.0939,outside,0.000,true,1.10226000,1.10010000,0.00216000,1.10506000,1.296,0.00125357,18.00,90-120,true,false,none,not_consumed,4.800,4.800,none,0.0000,false,opposite_break_first,true,opposite_break_first,session_invalidated
2025.04.09 11:40:00,blocked,session_reversal_pullback_one_symbol_first120,EURUSD,LONG,2025.04.09 11:35:00,11,8,17,london,2025.04.09 07:00,95,first_120min,false,true,3,EURUSD,highest_score_in_session_bar,london=USDJPY|EURJPY|GBPJPY|AUDJPY|EURUSD|GBPUSD,existing_first120_gate,london,true,false,true,passed_first_window,inverse_head_and_shoulders,neckline_break_retest,1.10203000,PERIOD_M5,PERIOD_H1,PERIOD_M15,PERIOD_M5,PERIOD_M5,false,htf_soft_alignment,current_post_filter,transcript_post_filter,dow_range_or_transition,structure_trend_bias_dow_trend_up_hh_hl,dow_range_or_transition,structure_trend_bias_dow_trend_up_hh_hl,false,true,false,LONG,PERIOD_M5,inverse_head_and_shoulders,inverse_head_and_shoulders,4.500,none,0.000,inverse_head_and_shoulders,4.500,none,0.000,LONG,false,PERIOD_H1_NONE_dow_range_or_transition|PERIOD_M15_LONG_structure_trend_bias_dow_trend_up_hh_hl,true,h1_counter_m15_reversal,true,top_NONE_dow_range_or_transition|structure_LONG_structure_trend_bias_dow_trend_up_hh_hl|structure_break_recent_confirmed_swing_break_failed|primary_break_recent_confirmed_swing_break_continuation,none,above_75sma_flat_or_falling,above_75sma_rising,below_75sma_falling,-1,0.00000000,0,1.09845000,false,off,NONE,NONE,0.00000000,0.00000000,0.0000,none,0.000,true,LONG,return_high_break_or_bos_up,1.10682000,6,1.10890000,1.09973000,false,off,independent,false,,,false,0.0000,none,0.0000,0.0000,none,0.0000,0.0000,0.0000,none,0.0000,0,0,0.0000,none,none,none,none,0.0000,0,0.0000,none,false,true,not_evaluated,true,required_light_or_anchor_flip,bias_flip_down,1.10283000,2025.04.09 08:30:00,1.09676000,2025.04.08 15:30:00,2025.04.09 09:45:00,true,SHORT,1.10283000,1.10150000,0.6361,2,true,2025.04.09 10:45:00,2,SHORT,1.10283000,1.10150000,0.6361,1.4540,strong,2025.04.09 11:15:00,first_after_anchor,true,SHORT,2,0,2,true,false,fresh_0_4,false,true,false,true,none,true,required,false,PERIOD_M5,,,-1,0.0000,false,0.00000000,0.0000,false,0.0000,false,none,none,false,no_anchor_flip_in_entry_direction,true,required_first_signal_only,LONG,unknown,0.00000000,,0.00000000,,false,,-1,false,NONE,0.00000000,,0.00000000,0.0000,0.0000,none,-1,false,false,false,no_anchor_flip_in_entry_direction,,,,false,false,false,-1,-1,-1,-1,-1,false,false,false,0.0000,rising_n,false,1.10890000,1.09703000,5.6775,true,1.4540,0.1717,2,strong,true,0.7241,deep_618_786,0.120,diagnostic_only,diagnostic_only,diagnostic_only,deep_pullback,24,0.320,true,none,0.470,high_quality,false,false,diagnostic_only,both,true,none,true,diagnostic_adjacent_detected,required_light,false,false,SHORT,5,false,false,1,2025.04.09 09:05:00,2025.04.09 11:00:00,7,7.3151,1.10890000,0.00000000,1.10890000,false,false,none,0.00000000,false,0.0000,0.0000,false,1,0.0000,false,-1,0.00000000,0.0000,off,false,not_evaluated,none,0.0000,0.0000,none,false,false,false,0.0000,none,false,none,0.0000,false,none,7.3151,1.7630,4.1493,3.5578,false,no_shrink,0.0000,none,none,false,false,none,0.0000,0.0000,0.0000,0.0000,none,false,false,0.0000,0.0000,false,false,-1,none,none,false,0.000,0.000,1.10283000,1.10216333,1.10283000,structure_confirmed_swing_low,0.00057000,0.2639,neckline_level,1.10203000,0.1835,false,true,true,false,not_blocked,4,3,1,m5_failure_exit,off,none,0.00000000,0.0000,1.30,1.10506000,4.500,-0.300,0.200,PERIOD_M15,1.10890000,1.10283000,1.0939,outside,0.000,true,1.10226000,1.10010000,0.00216000,1.10506000,1.296,0.00125357,18.00,90-120,true,false,none,blocked_session_invalidated,4.800,4.800,none,0.0000,false,opposite_break_first,true,opposite_break_first,session_invalidated
2025.04.09 17:25:00,signal,session_reversal_pullback_one_symbol_first120,EURUSD,SHORT,2025.04.09 17:20:00,17,14,23,london_newyork_overlap,2025.04.09 13:00,80,first_120min,false,true,3,EURUSD,highest_score_in_session_bar,london_newyork_overlap=USDJPY|EURJPY|GBPJPY|AUDJPY|EURUSD|GBPUSD,existing_first120_gate,london_newyork_overlap,false,false,true,passed_first_window,head_and_shoulders,neckline_break_retest,1.10463000,PERIOD_M5,PERIOD_H1,PERIOD_M15,PERIOD_M5,PERIOD_M5,false,htf_soft_alignment,current_post_filter,transcript_post_filter,dow_trend_up_hh_hl,structure_trend_bias_dow_trend_up_hh_hl,dow_trend_up_hh_hl,structure_trend_bias_dow_trend_up_hh_hl,false,false,true,SHORT,PERIOD_M5,head_and_shoulders,head_and_shoulders,4.500,none,0.000,head_and_shoulders,4.500,none,0.000,SHORT,false,PERIOD_H1_LONG_dow_trend_up_hh_hl|PERIOD_M15_LONG_structure_trend_bias_dow_trend_up_hh_hl,true,h1_counter_m15_reversal,true,top_LONG_dow_trend_up_hh_hl|structure_LONG_structure_trend_bias_dow_trend_up_hh_hl|structure_break_recent_confirmed_swing_break_failed|primary_break_recent_confirmed_swing_break_continuation,none,above_75sma_rising,above_75sma_rising,below_75sma_flat_or_rising,-1,0.00000000,0,1.10592000,false,off,NONE,NONE,0.00000000,0.00000000,0.0000,none,0.000,true,SHORT,return_low_break_or_bos_down,1.10283000,19,1.10943000,1.10208000,false,off,independent,false,,,false,0.0000,none,0.0000,0.0000,none,0.0000,0.0000,0.0000,none,0.0000,0,0,0.0000,none,none,none,none,0.0000,0,0.0000,none,false,true,not_evaluated,true,required_light_or_anchor_flip,long_bias,1.10208000,2025.04.09 14:00:00,1.10890000,2025.04.09 09:45:00,2025.04.09 15:30:00,false,NONE,0.00000000,0.00000000,0.0000,-1,false,,-1,NONE,0.00000000,0.00000000,0.0000,0.0000,none,,none,false,NONE,-1,-1,-1,false,false,none,false,true,false,true,none,true,required,false,PERIOD_M5,,,-1,0.0000,false,0.00000000,0.0000,false,0.0000,false,none,none,false,no_anchor_flip_in_entry_direction,true,required_first_signal_only,SHORT,unknown,0.00000000,,0.00000000,,false,,-1,false,NONE,0.00000000,,0.00000000,0.0000,0.0000,none,-1,false,false,false,no_anchor_flip_in_entry_direction,,,,false,false,false,-1,-1,-1,-1,-1,false,false,false,0.0000,rising_n,false,1.10943000,1.09973000,4.1720,false,0.0000,0.0000,0,none,true,0.4392,preferred_382_618,0.200,diagnostic_only,diagnostic_only,diagnostic_only,shallow_pullback,6,0.440,true,none,0.590,high_quality,false,false,diagnostic_only,both,true,none,true,diagnostic_adjacent_detected,required_light,false,false,LONG,6,false,false,0,2025.04.09 15:35:00,2025.04.09 17:00:00,4,5.0679,0.00000000,1.10303000,1.10303000,false,false,none,0.00000000,false,0.0000,0.0000,false,1,0.0000,false,-1,0.00000000,0.0000,off,false,not_evaluated,none,0.0000,0.0000,none,false,false,false,0.0000,none,false,none,0.0000,false,none,4.0226,2.7794,1.4473,0.0000,true,strong_exhaustion,0.0000,none,none,false,false,none,0.0000,0.0000,0.0000,0.0000,none,false,false,0.0000,0.0000,false,false,-1,none,none,false,0.000,0.000,1.10413000,1.10355500,1.10355500,recent_equal_lows,0.00043500,0.1148,opening_range_low|neckline_level,1.10463000,0.5068,false,true,true,false,not_blocked,8,6,2,m5_failure_exit,off,none,0.00000000,0.0000,1.30,1.09906000,4.500,-0.300,0.200,PERIOD_M15,1.10943000,1.10208000,0.2599,outside,0.000,true,1.10399000,1.10778000,0.00379000,1.09906000,1.301,0.00126286,18.00,60-90,true,false,none,not_consumed,4.800,4.800,none,0.0000,false,neckline_retest_failed,false,not_invalidated,
2025.04.09 17:25:00,order_sent,session_reversal_pullback_one_symbol_first120,EURUSD,SHORT,2025.04.09 17:20:00,17,14,23,london_newyork_overlap,2025.04.09 13:00,80,first_120min,false,true,3,EURUSD,highest_score_in_session_bar,london_newyork_overlap=USDJPY|EURJPY|GBPJPY|AUDJPY|EURUSD|GBPUSD,existing_first120_gate,london_newyork_overlap,false,false,true,passed_first_window,head_and_shoulders,neckline_break_retest,1.10463000,PERIOD_M5,PERIOD_H1,PERIOD_M15,PERIOD_M5,PERIOD_M5,false,htf_soft_alignment,current_post_filter,transcript_post_filter,dow_trend_up_hh_hl,structure_trend_bias_dow_trend_up_hh_hl,dow_trend_up_hh_hl,structure_trend_bias_dow_trend_up_hh_hl,false,false,true,SHORT,PERIOD_M5,head_and_shoulders,head_and_shoulders,4.500,none,0.000,head_and_shoulders,4.500,none,0.000,SHORT,false,PERIOD_H1_LONG_dow_trend_up_hh_hl|PERIOD_M15_LONG_structure_trend_bias_dow_trend_up_hh_hl,true,h1_counter_m15_reversal,true,top_LONG_dow_trend_up_hh_hl|structure_LONG_structure_trend_bias_dow_trend_up_hh_hl|structure_break_recent_confirmed_swing_break_failed|primary_break_recent_confirmed_swing_break_continuation,none,above_75sma_rising,above_75sma_rising,below_75sma_flat_or_rising,-1,0.00000000,0,1.10592000,false,off,NONE,NONE,0.00000000,0.00000000,0.0000,none,0.000,true,SHORT,return_low_break_or_bos_down,1.10283000,19,1.10943000,1.10208000,false,off,independent,false,,,false,0.0000,none,0.0000,0.0000,none,0.0000,0.0000,0.0000,none,0.0000,0,0,0.0000,none,none,none,none,0.0000,0,0.0000,none,false,true,not_evaluated,true,required_light_or_anchor_flip,long_bias,1.10208000,2025.04.09 14:00:00,1.10890000,2025.04.09 09:45:00,2025.04.09 15:30:00,false,NONE,0.00000000,0.00000000,0.0000,-1,false,,-1,NONE,0.00000000,0.00000000,0.0000,0.0000,none,,none,false,NONE,-1,-1,-1,false,false,none,false,true,false,true,none,true,required,false,PERIOD_M5,,,-1,0.0000,false,0.00000000,0.0000,false,0.0000,false,none,none,false,no_anchor_flip_in_entry_direction,true,required_first_signal_only,SHORT,unknown,0.00000000,,0.00000000,,false,,-1,false,NONE,0.00000000,,0.00000000,0.0000,0.0000,none,-1,false,false,false,no_anchor_flip_in_entry_direction,,,,false,false,false,-1,-1,-1,-1,-1,false,false,false,0.0000,rising_n,false,1.10943000,1.09973000,4.1720,false,0.0000,0.0000,0,none,true,0.4392,preferred_382_618,0.200,diagnostic_only,diagnostic_only,diagnostic_only,shallow_pullback,6,0.440,true,none,0.590,high_quality,false,false,diagnostic_only,both,true,none,true,diagnostic_adjacent_detected,required_light,false,false,LONG,6,false,false,0,2025.04.09 15:35:00,2025.04.09 17:00:00,4,5.0679,0.00000000,1.10303000,1.10303000,false,false,none,0.00000000,false,0.0000,0.0000,false,1,0.0000,false,-1,0.00000000,0.0000,off,false,not_evaluated,none,0.0000,0.0000,none,false,false,false,0.0000,none,false,none,0.0000,false,none,4.0226,2.7794,1.4473,0.0000,true,strong_exhaustion,0.0000,none,none,false,false,none,0.0000,0.0000,0.0000,0.0000,none,false,false,0.0000,0.0000,false,false,-1,none,none,false,0.000,0.000,1.10413000,1.10355500,1.10355500,recent_equal_lows,0.00043500,0.1148,opening_range_low|neckline_level,1.10463000,0.5068,false,true,true,false,not_blocked,8,6,2,m5_failure_exit,off,none,0.00000000,0.0000,1.30,1.09906000,4.500,-0.300,0.200,PERIOD_M15,1.10943000,1.10208000,0.2599,outside,0.000,true,1.10399000,1.10778000,0.00379000,1.09906000,1.301,0.00126286,18.00,60-90,true,false,none,order_sent,4.800,4.800,none,0.0000,false,neckline_retest_failed,false,not_invalidated,
2025.04.09 19:50:00,signal,session_reversal_pullback_one_symbol_first120,EURUSD,SHORT,2025.04.09 19:45:00,19,16,1,new_york,2025.04.09 16:00,45,first_120min,true,true,3,EURUSD,highest_score_in_session_bar,new_york=USDJPY|EURJPY|GBPJPY|AUDJPY|EURUSD|GBPUSD,existing_first120_gate,new_york,true,false,true,passed_first_window,head_and_shoulders,neckline_break_retest,1.10424000,PERIOD_M5,PERIOD_H1,PERIOD_M15,PERIOD_M5,PERIOD_M5,false,htf_soft_alignment,current_post_filter,transcript_post_filter,dow_trend_up_hh_hl,no_ordered_dow_wave3_break,dow_trend_up_hh_hl,no_ordered_dow_wave3_break,false,false,true,SHORT,PERIOD_M5,head_and_shoulders,head_and_shoulders,4.500,none,0.000,head_and_shoulders,4.500,none,0.000,SHORT,false,PERIOD_H1_LONG_dow_trend_up_hh_hl|PERIOD_M15_NONE_no_ordered_dow_wave3_break,true,h1_counter_m15_reversal,true,top_LONG_dow_trend_up_hh_hl|structure_NONE_no_ordered_dow_wave3_break|structure_break_recent_confirmed_swing_break_failed|primary_break_recent_confirmed_swing_break_failed,none,above_75sma_rising,above_75sma_rising,below_75sma_falling,-1,0.00000000,-1,0.00000000,false,off,NONE,NONE,0.00000000,0.00000000,0.0000,none,0.000,true,SHORT,return_low_break_or_bos_down,1.10283000,1,1.10687000,1.10255000,false,off,independent,false,,,false,0.0000,none,0.0000,0.0000,none,0.0000,0.0000,0.0000,none,0.0000,0,0,0.0000,none,none,none,none,0.0000,0,0.0000,none,false,true,not_evaluated,true,required_light_or_anchor_flip,long_bias,1.10208000,2025.04.09 14:00:00,1.10890000,2025.04.09 09:45:00,2025.04.09 15:30:00,false,NONE,0.00000000,0.00000000,0.0000,-1,false,,-1,NONE,0.00000000,0.00000000,0.0000,0.0000,none,,none,false,NONE,-1,-1,-1,false,false,none,false,true,false,true,none,true,required,false,PERIOD_M5,,,-1,0.0000,false,0.00000000,0.0000,false,0.0000,false,none,none,false,no_anchor_flip_in_entry_direction,true,required_first_signal_only,SHORT,unknown,0.00000000,,0.00000000,,false,,-1,false,NONE,0.00000000,,0.00000000,0.0000,0.0000,none,-1,false,false,false,no_anchor_flip_in_entry_direction,,,,false,false,false,-1,-1,-1,-1,-1,false,false,false,0.0000,range_n,true,1.10943000,1.10085000,4.6576,false,0.0000,0.0000,0,none,true,0.2408,shallow_236_382,0.080,diagnostic_only,diagnostic_only,diagnostic_only,shallow_pullback,4,0.320,true,none,0.470,high_quality,false,false,diagnostic_only,both,true,none,true,diagnostic_adjacent_detected,required_light,false,false,LONG,6,false,false,0,2025.04.09 17:50:00,2025.04.09 19:20:00,5,4.7917,0.00000000,1.10240000,1.10240000,false,false,none,0.00000000,false,0.0000,0.0000,false,1,0.0000,false,-1,0.00000000,0.0000,off,false,not_evaluated,none,0.0000,0.0000,none,false,false,false,0.0000,none,false,none,0.0000,false,none,1.8867,4.6309,0.4074,0.0000,true,strong_exhaustion,0.0000,none,none,false,false,none,0.0000,0.0000,0.0000,0.0000,none,false,false,0.0000,0.0000,false,false,-1,none,none,false,0.000,0.000,1.10387000,1.10382417,1.10382417,recent_equal_highs,0.00002583,0.0110,neckline_level,1.10424000,0.4181,false,true,true,false,not_blocked,8,5,3,m5_failure_exit,off,none,0.00000000,0.0000,1.30,1.10081000,4.500,-0.300,0.200,PERIOD_M15,1.10687000,1.10255000,0.3009,outside,0.000,true,1.10385000,1.10619000,0.00234000,1.10081000,1.299,0.00093286,18.00,30-60,true,false,none,not_consumed,4.600,4.600,none,0.0000,false,neckline_retest_failed,false,not_invalidated,
2025.04.09 19:50:00,order_sent,session_reversal_pullback_one_symbol_first120,EURUSD,SHORT,2025.04.09 19:45:00,19,16,1,new_york,2025.04.09 16:00,45,first_120min,true,true,3,EURUSD,highest_score_in_session_bar,new_york=USDJPY|EURJPY|GBPJPY|AUDJPY|EURUSD|GBPUSD,existing_first120_gate,new_york,true,false,true,passed_first_window,head_and_shoulders,neckline_break_retest,1.10424000,PERIOD_M5,PERIOD_H1,PERIOD_M15,PERIOD_M5,PERIOD_M5,false,htf_soft_alignment,current_post_filter,transcript_post_filter,dow_trend_up_hh_hl,no_ordered_dow_wave3_break,dow_trend_up_hh_hl,no_ordered_dow_wave3_break,false,false,true,SHORT,PERIOD_M5,head_and_shoulders,head_and_shoulders,4.500,none,0.000,head_and_shoulders,4.500,none,0.000,SHORT,false,PERIOD_H1_LONG_dow_trend_up_hh_hl|PERIOD_M15_NONE_no_ordered_dow_wave3_break,true,h1_counter_m15_reversal,true,top_LONG_dow_trend_up_hh_hl|structure_NONE_no_ordered_dow_wave3_break|structure_break_recent_confirmed_swing_break_failed|primary_break_recent_confirmed_swing_break_failed,none,above_75sma_rising,above_75sma_rising,below_75sma_falling,-1,0.00000000,-1,0.00000000,false,off,NONE,NONE,0.00000000,0.00000000,0.0000,none,0.000,true,SHORT,return_low_break_or_bos_down,1.10283000,1,1.10687000,1.10255000,false,off,independent,false,,,false,0.0000,none,0.0000,0.0000,none,0.0000,0.0000,0.0000,none,0.0000,0,0,0.0000,none,none,none,none,0.0000,0,0.0000,none,false,true,not_evaluated,true,required_light_or_anchor_flip,long_bias,1.10208000,2025.04.09 14:00:00,1.10890000,2025.04.09 09:45:00,2025.04.09 15:30:00,false,NONE,0.00000000,0.00000000,0.0000,-1,false,,-1,NONE,0.00000000,0.00000000,0.0000,0.0000,none,,none,false,NONE,-1,-1,-1,false,false,none,false,true,false,true,none,true,required,false,PERIOD_M5,,,-1,0.0000,false,0.00000000,0.0000,false,0.0000,false,none,none,false,no_anchor_flip_in_entry_direction,true,required_first_signal_only,SHORT,unknown,0.00000000,,0.00000000,,false,,-1,false,NONE,0.00000000,,0.00000000,0.0000,0.0000,none,-1,false,false,false,no_anchor_flip_in_entry_direction,,,,false,false,false,-1,-1,-1,-1,-1,false,false,false,0.0000,range_n,true,1.10943000,1.10085000,4.6576,false,0.0000,0.0000,0,none,true,0.2408,shallow_236_382,0.080,diagnostic_only,diagnostic_only,diagnostic_only,shallow_pullback,4,0.320,true,none,0.470,high_quality,false,false,diagnostic_only,both,true,none,true,diagnostic_adjacent_detected,required_light,false,false,LONG,6,false,false,0,2025.04.09 17:50:00,2025.04.09 19:20:00,5,4.7917,0.00000000,1.10240000,1.10240000,false,false,none,0.00000000,false,0.0000,0.0000,false,1,0.0000,false,-1,0.00000000,0.0000,off,false,not_evaluated,none,0.0000,0.0000,none,false,false,false,0.0000,none,false,none,0.0000,false,none,1.8867,4.6309,0.4074,0.0000,true,strong_exhaustion,0.0000,none,none,false,false,none,0.0000,0.0000,0.0000,0.0000,none,false,false,0.0000,0.0000,false,false,-1,none,none,false,0.000,0.000,1.10387000,1.10382417,1.10382417,recent_equal_highs,0.00002583,0.0110,neckline_level,1.10424000,0.4181,false,true,true,false,not_blocked,8,5,3,m5_failure_exit,off,none,0.00000000,0.0000,1.30,1.10081000,4.500,-0.300,0.200,PERIOD_M15,1.10687000,1.10255000,0.3009,outside,0.000,true,1.10385000,1.10619000,0.00234000,1.10081000,1.299,0.00093286,18.00,30-60,true,false,none,order_sent,4.600,4.600,none,0.0000,false,neckline_retest_failed,false,not_invalidated,
2025.04.10 10:05:00,signal,session_reversal_pullback_one_symbol_first120,GBPUSD,LONG,2025.04.10 10:00:00,10,7,16,london,2025.04.10 07:00,0,first_120min,true,true,3,GBPUSD,highest_score_in_session_bar,london=USDJPY|EURJPY|GBPJPY|AUDJPY|EURUSD|GBPUSD,existing_first120_gate,london,false,false,true,passed_first_window,double_bottom,neckline_break_retest,1.28554000,PERIOD_M5,PERIOD_H1,PERIOD_M15,PERIOD_M5,PERIOD_M5,false,htf_soft_alignment,current_post_filter,transcript_post_filter,dow_trend_down_ll_lh,structure_trend_bias_dow_trend_up_hh_hl,dow_trend_down_ll_lh,structure_trend_bias_dow_trend_up_hh_hl,false,true,true,LONG,PERIOD_M5,double_bottom,double_bottom,4.200,none,0.000,double_bottom,4.200,none,0.000,LONG,true,PERIOD_H1_SHORT_dow_trend_down_ll_lh|PERIOD_M15_LONG_structure_trend_bias_dow_trend_up_hh_hl,true,h1_counter_m15_reversal,true,top_SHORT_dow_trend_down_ll_lh|structure_LONG_structure_trend_bias_dow_trend_up_hh_hl|structure_break_recent_confirmed_swing_break_retest|primary_break_recent_confirmed_swing_break_retest,none,above_75sma_flat_or_falling,above_75sma_rising,above_75sma_rising,1,1.28695000,0,1.28501000,false,off,NONE,NONE,0.00000000,0.00000000,0.0000,none,0.000,true,LONG,return_high_break_or_bos_up,1.28695000,1,1.28736000,1.28212000,false,off,independent,false,,,false,0.0000,none,0.0000,0.0000,none,0.0000,0.0000,0.0000,none,0.0000,0,0,0.0000,none,none,none,none,0.0000,0,0.0000,none,false,true,not_evaluated,true,required_light_or_anchor_flip,long_bias,1.28212000,2025.04.10 05:00:00,1.28201000,2025.04.09 20:45:00,2025.04.10 08:30:00,false,NONE,0.00000000,0.00000000,0.0000,-1,false,,-1,NONE,0.00000000,0.00000000,0.0000,0.0000,none,,none,false,NONE,-1,-1,-1,false,false,none,true,false,false,true,none,true,required,false,PERIOD_M5,,,-1,0.0000,false,0.00000000,0.0000,false,0.0000,false,none,none,false,no_anchor_flip_in_entry_direction,true,required_first_signal_only,LONG,unknown,0.00000000,,0.00000000,,false,,-1,false,NONE,0.00000000,,0.00000000,0.0000,0.0000,none,-1,false,false,false,no_anchor_flip_in_entry_direction,,,,false,false,false,-1,-1,-1,-1,-1,false,false,false,0.0000,rising_n,false,1.28695000,1.28093000,5.9394,false,0.0000,0.0000,0,none,true,0.3073,shallow_236_382,0.080,diagnostic_only,diagnostic_only,diagnostic_only,shallow_pullback,24,0.280,true,none,0.430,high_quality,false,false,diagnostic_only,both,true,none,true,diagnostic_adjacent_detected,required_light,false,false,SHORT,2,false,false,0,,,-1,0.0000,0.00000000,0.00000000,0.00000000,false,false,none,0.00000000,false,0.0000,0.0000,false,1,0.0000,false,-1,0.00000000,0.0000,off,false,not_evaluated,none,0.0000,0.0000,none,false,false,false,0.0000,none,false,none,0.0000,false,none,0.0000,0.0000,0.0000,0.0000,false,none,0.0000,none,none,false,false,none,0.0000,0.0000,0.0000,0.0000,none,false,false,0.0000,0.0000,false,false,-1,none,none,false,0.000,0.000,1.28619000,1.28554000,1.28619000,wick_cluster_zone,0.00044000,0.5301,neckline_level,1.28554000,0.2183,false,true,true,false,not_blocked,3,1,2,m5_failure_exit,off,none,0.00000000,0.0000,1.30,1.28683000,4.200,-0.300,0.200,PERIOD_M15,1.28695000,1.28212000,0.2484,outside,0.000,true,1.28575000,1.28492000,0.00083000,1.28683000,1.301,0.00096214,20.00,0-30,true,false,none,not_consumed,4.850,4.850,none,0.0000,false,opposite_break_first,true,opposite_break_first,spread_too_high
2025.04.10 10:05:00,blocked,session_reversal_pullback_one_symbol_first120,GBPUSD,LONG,2025.04.10 10:00:00,10,7,16,london,2025.04.10 07:00,0,first_120min,true,true,3,GBPUSD,highest_score_in_session_bar,london=USDJPY|EURJPY|GBPJPY|AUDJPY|EURUSD|GBPUSD,existing_first120_gate,london,false,false,true,passed_first_window,double_bottom,neckline_break_retest,1.28554000,PERIOD_M5,PERIOD_H1,PERIOD_M15,PERIOD_M5,PERIOD_M5,false,htf_soft_alignment,current_post_filter,transcript_post_filter,dow_trend_down_ll_lh,structure_trend_bias_dow_trend_up_hh_hl,dow_trend_down_ll_lh,structure_trend_bias_dow_trend_up_hh_hl,false,true,true,LONG,PERIOD_M5,double_bottom,double_bottom,4.200,none,0.000,double_bottom,4.200,none,0.000,LONG,true,PERIOD_H1_SHORT_dow_trend_down_ll_lh|PERIOD_M15_LONG_structure_trend_bias_dow_trend_up_hh_hl,true,h1_counter_m15_reversal,true,top_SHORT_dow_trend_down_ll_lh|structure_LONG_structure_trend_bias_dow_trend_up_hh_hl|structure_break_recent_confirmed_swing_break_retest|primary_break_recent_confirmed_swing_break_retest,none,above_75sma_flat_or_falling,above_75sma_rising,above_75sma_rising,1,1.28695000,0,1.28501000,false,off,NONE,NONE,0.00000000,0.00000000,0.0000,none,0.000,true,LONG,return_high_break_or_bos_up,1.28695000,1,1.28736000,1.28212000,false,off,independent,false,,,false,0.0000,none,0.0000,0.0000,none,0.0000,0.0000,0.0000,none,0.0000,0,0,0.0000,none,none,none,none,0.0000,0,0.0000,none,false,true,not_evaluated,true,required_light_or_anchor_flip,long_bias,1.28212000,2025.04.10 05:00:00,1.28201000,2025.04.09 20:45:00,2025.04.10 08:30:00,false,NONE,0.00000000,0.00000000,0.0000,-1,false,,-1,NONE,0.00000000,0.00000000,0.0000,0.0000,none,,none,false,NONE,-1,-1,-1,false,false,none,true,false,false,true,none,true,required,false,PERIOD_M5,,,-1,0.0000,false,0.00000000,0.0000,false,0.0000,false,none,none,false,no_anchor_flip_in_entry_direction,true,required_first_signal_only,LONG,unknown,0.00000000,,0.00000000,,false,,-1,false,NONE,0.00000000,,0.00000000,0.0000,0.0000,none,-1,false,false,false,no_anchor_flip_in_entry_direction,,,,false,false,false,-1,-1,-1,-1,-1,false,false,false,0.0000,rising_n,false,1.28695000,1.28093000,5.9394,false,0.0000,0.0000,0,none,true,0.3073,shallow_236_382,0.080,diagnostic_only,diagnostic_only,diagnostic_only,shallow_pullback,24,0.280,true,none,0.430,high_quality,false,false,diagnostic_only,both,true,none,true,diagnostic_adjacent_detected,required_light,false,false,SHORT,2,false,false,0,,,-1,0.0000,0.00000000,0.00000000,0.00000000,false,false,none,0.00000000,false,0.0000,0.0000,false,1,0.0000,false,-1,0.00000000,0.0000,off,false,not_evaluated,none,0.0000,0.0000,none,false,false,false,0.0000,none,false,none,0.0000,false,none,0.0000,0.0000,0.0000,0.0000,false,none,0.0000,none,none,false,false,none,0.0000,0.0000,0.0000,0.0000,none,false,false,0.0000,0.0000,false,false,-1,none,none,false,0.000,0.000,1.28619000,1.28554000,1.28619000,wick_cluster_zone,0.00044000,0.5301,neckline_level,1.28554000,0.2183,false,true,true,false,not_blocked,3,1,2,m5_failure_exit,off,none,0.00000000,0.0000,1.30,1.28683000,4.200,-0.300,0.200,PERIOD_M15,1.28695000,1.28212000,0.2484,outside,0.000,true,1.28575000,1.28492000,0.00083000,1.28683000,1.301,0.00096214,20.00,0-30,true,false,none,blocked_spread_too_high,4.850,4.850,none,0.0000,false,opposite_break_first,true,opposite_break_first,spread_too_high
2025.04.10 16:40:00,signal,session_reversal_pullback_one_symbol_first120,EURJPY,SHORT,2025.04.10 16:35:00,16,13,22,london_newyork_overlap,2025.04.10 13:00,35,first_120min,true,true,3,EURJPY,highest_score_in_session_bar,london_newyork_overlap=USDJPY|EURJPY|GBPJPY|AUDJPY|EURUSD|GBPUSD,existing_first120_gate,london_newyork_overlap,false,false,true,passed_first_window,double_top,neckline_break_retest,161.30000000,PERIOD_M5,PERIOD_H1,PERIOD_M15,PERIOD_M5,PERIOD_M5,false,htf_soft_alignment,current_post_filter,transcript_post_filter,dow_range_or_transition,no_ordered_dow_wave3_break,dow_range_or_transition,no_ordered_dow_wave3_break,false,false,true,SHORT,PERIOD_M5,double_top,double_top,4.200,none,0.000,double_top,4.200,none,0.000,SHORT,false,PERIOD_H1_NONE_dow_range_or_transition|PERIOD_M15_NONE_no_ordered_dow_wave3_break,true,h1_counter_m15_reversal,true,top_NONE_dow_range_or_transition|structure_NONE_no_ordered_dow_wave3_break|structure_break_recent_confirmed_swing_break_failed|primary_break_recent_confirmed_swing_break_retest,none,above_75sma_rising,near_75sma,below_75sma_flat_or_rising,-1,0.00000000,0,161.30000000,false,off,NONE,NONE,0.00000000,0.00000000,0.0000,none,0.000,true,SHORT,return_low_break_or_bos_down,161.07400000,7,161.72300000,160.93900000,false,off,independent,false,,,false,0.0000,none,0.0000,0.0000,none,0.0000,0.0000,0.0000,none,0.0000,0,0,0.0000,none,none,none,none,0.0000,0,0.0000,none,false,true,not_evaluated,true,required_light_or_anchor_flip,short_bias,161.07400000,2025.04.10 10:30:00,161.40800000,2025.04.10 14:00:00,2025.04.10 14:45:00,false,NONE,0.00000000,0.00000000,0.0000,-1,false,,-1,NONE,0.00000000,0.00000000,0.0000,0.0000,none,,none,false,NONE,-1,-1,-1,false,false,none,true,false,false,true,none,true,required,false,PERIOD_M5,,,-1,0.0000,false,0.00000000,0.0000,false,0.0000,false,none,none,false,no_anchor_flip_in_entry_direction,true,required_first_signal_only,SHORT,unknown,0.00000000,,0.00000000,,false,,-1,false,NONE,0.00000000,,0.00000000,0.0000,0.0000,none,-1,false,false,false,no_anchor_flip_in_entry_direction,,,,false,false,false,-1,-1,-1,-1,-1,false,false,false,0.0000,falling_n,false,161.72300000,160.93900000,3.2686,false,0.0000,0.0000,0,none,true,0.4579,preferred_382_618,0.200,diagnostic_only,diagnostic_only,diagnostic_only,fib_pullback,24,0.450,true,none,0.600,high_quality,false,false,diagnostic_only,both,true,none,true,diagnostic_adjacent_detected,required_light,false,true,LONG,6,true,true,2,2025.04.10 15:10:00,2025.04.10 16:10:00,5,2.4784,0.00000000,161.30000000,161.30000000,true,true,m5_hl_close_break_down,161.30000000,true,0.2032,0.4585,true,1,0.0000,true,1,161.30000000,0.1161,off,false,not_evaluated,none,0.7283,0.2717,strong,true,false,false,0.0000,held_clean,true,favorable_side,0.2560,false,clean_retest,1.7935,1.2479,1.4372,1.2305,false,no_shrink,0.0000,none,none,false,false,none,0.0000,0.0000,0.0000,0.0000,none,false,false,0.0000,0.0000,false,false,-1,none,none,false,0.000,0.000,161.30000000,161.21500000,161.21500000,opening_range_low,0.08300000,0.4586,neckline_level,161.30000000,0.0116,false,true,false,false,not_blocked,2,2,0,m5_failure_exit,off,none,0.00000000,0.0000,1.30,161.06300000,4.200,-0.300,0.200,PERIOD_M15,161.72300000,160.93900000,0.4579,preferred_382_618,0.000,true,161.29800000,161.47900000,0.18100000,161.06300000,1.298,0.17228571,30.00,30-60,true,false,none,not_consumed,4.500,4.500,none,0.0000,false,neckline_retest_failed,false,not_invalidated,
2025.04.10 16:40:00,order_sent,session_reversal_pullback_one_symbol_first120,EURJPY,SHORT,2025.04.10 16:35:00,16,13,22,london_newyork_overlap,2025.04.10 13:00,35,first_120min,true,true,3,EURJPY,highest_score_in_session_bar,london_newyork_overlap=USDJPY|EURJPY|GBPJPY|AUDJPY|EURUSD|GBPUSD,existing_first120_gate,london_newyork_overlap,false,false,true,passed_first_window,double_top,neckline_break_retest,161.30000000,PERIOD_M5,PERIOD_H1,PERIOD_M15,PERIOD_M5,PERIOD_M5,false,htf_soft_alignment,current_post_filter,transcript_post_filter,dow_range_or_transition,no_ordered_dow_wave3_break,dow_range_or_transition,no_ordered_dow_wave3_break,false,false,true,SHORT,PERIOD_M5,double_top,double_top,4.200,none,0.000,double_top,4.200,none,0.000,SHORT,false,PERIOD_H1_NONE_dow_range_or_transition|PERIOD_M15_NONE_no_ordered_dow_wave3_break,true,h1_counter_m15_reversal,true,top_NONE_dow_range_or_transition|structure_NONE_no_ordered_dow_wave3_break|structure_break_recent_confirmed_swing_break_failed|primary_break_recent_confirmed_swing_break_retest,none,above_75sma_rising,near_75sma,below_75sma_flat_or_rising,-1,0.00000000,0,161.30000000,false,off,NONE,NONE,0.00000000,0.00000000,0.0000,none,0.000,true,SHORT,return_low_break_or_bos_down,161.07400000,7,161.72300000,160.93900000,false,off,independent,false,,,false,0.0000,none,0.0000,0.0000,none,0.0000,0.0000,0.0000,none,0.0000,0,0,0.0000,none,none,none,none,0.0000,0,0.0000,none,false,true,not_evaluated,true,required_light_or_anchor_flip,short_bias,161.07400000,2025.04.10 10:30:00,161.40800000,2025.04.10 14:00:00,2025.04.10 14:45:00,false,NONE,0.00000000,0.00000000,0.0000,-1,false,,-1,NONE,0.00000000,0.00000000,0.0000,0.0000,none,,none,false,NONE,-1,-1,-1,false,false,none,true,false,false,true,none,true,required,false,PERIOD_M5,,,-1,0.0000,false,0.00000000,0.0000,false,0.0000,false,none,none,false,no_anchor_flip_in_entry_direction,true,required_first_signal_only,SHORT,unknown,0.00000000,,0.00000000,,false,,-1,false,NONE,0.00000000,,0.00000000,0.0000,0.0000,none,-1,false,false,false,no_anchor_flip_in_entry_direction,,,,false,false,false,-1,-1,-1,-1,-1,false,false,false,0.0000,falling_n,false,161.72300000,160.93900000,3.2686,false,0.0000,0.0000,0,none,true,0.4579,preferred_382_618,0.200,diagnostic_only,diagnostic_only,diagnostic_only,fib_pullback,24,0.450,true,none,0.600,high_quality,false,false,diagnostic_only,both,true,none,true,diagnostic_adjacent_detected,required_light,false,true,LONG,6,true,true,2,2025.04.10 15:10:00,2025.04.10 16:10:00,5,2.4784,0.00000000,161.30000000,161.30000000,true,true,m5_hl_close_break_down,161.30000000,true,0.2032,0.4585,true,1,0.0000,true,1,161.30000000,0.1161,off,false,not_evaluated,none,0.7283,0.2717,strong,true,false,false,0.0000,held_clean,true,favorable_side,0.2560,false,clean_retest,1.7935,1.2479,1.4372,1.2305,false,no_shrink,0.0000,none,none,false,false,none,0.0000,0.0000,0.0000,0.0000,none,false,false,0.0000,0.0000,false,false,-1,none,none,false,0.000,0.000,161.30000000,161.21500000,161.21500000,opening_range_low,0.08300000,0.4586,neckline_level,161.30000000,0.0116,false,true,false,false,not_blocked,2,2,0,m5_failure_exit,off,none,0.00000000,0.0000,1.30,161.06300000,4.200,-0.300,0.200,PERIOD_M15,161.72300000,160.93900000,0.4579,preferred_382_618,0.000,true,161.29800000,161.47900000,0.18100000,161.06300000,1.298,0.17228571,30.00,30-60,true,false,none,order_sent,4.500,4.500,none,0.0000,false,neckline_retest_failed,false,not_invalidated,
2025.04.10 20:45:00,signal,session_reversal_pullback_one_symbol_first120,AUDJPY,LONG,2025.04.10 20:40:00,20,17,2,new_york,2025.04.10 16:00,100,first_120min,false,true,3,AUDJPY,highest_score_in_session_bar,new_york=USDJPY|EURJPY|GBPJPY|AUDJPY|EURUSD|GBPUSD,existing_first120_gate,new_york,false,false,true,passed_first_window,inverse_head_and_shoulders,neckline_break_retest,89.66600000,PERIOD_M5,PERIOD_H1,PERIOD_M15,PERIOD_M5,PERIOD_M5,false,htf_soft_alignment,current_post_filter,transcript_post_filter,dow_range_or_transition,no_ordered_dow_wave3_break,dow_range_or_transition,no_ordered_dow_wave3_break,false,true,false,LONG,PERIOD_M5,inverse_head_and_shoulders,inverse_head_and_shoulders,4.500,none,0.000,inverse_head_and_shoulders,4.500,none,0.000,LONG,false,PERIOD_H1_NONE_dow_range_or_transition|PERIOD_M15_NONE_no_ordered_dow_wave3_break,true,h1_counter_m15_reversal,true,top_NONE_dow_range_or_transition|structure_NONE_no_ordered_dow_wave3_break|structure_break_recent_confirmed_swing_break_failed|primary_break_recent_confirmed_swing_break_retest,none,above_75sma_rising,below_75sma_falling,above_75sma_flat_or_falling,-1,0.00000000,0,89.89200000,false,off,NONE,NONE,0.00000000,0.00000000,0.0000,none,0.000,true,LONG,return_high_break_or_bos_up,90.14200000,11,90.35500000,88.89800000,false,off,independent,false,,,false,0.0000,none,0.0000,0.0000,none,0.0000,0.0000,0.0000,none,0.0000,0,0,0.0000,none,none,none,none,0.0000,0,0.0000,none,false,true,not_evaluated,true,required_light_or_anchor_flip,short_bias,89.38000000,2025.04.10 17:00:00,90.35500000,2025.04.10 18:00:00,2025.04.10 19:15:00,false,NONE,0.00000000,0.00000000,0.0000,-1,false,,-1,NONE,0.00000000,0.00000000,0.0000,0.0000,none,,none,false,NONE,-1,-1,-1,false,false,none,false,true,false,true,none,true,required,false,PERIOD_M5,,,-1,0.0000,false,0.00000000,0.0000,false,0.0000,false,none,none,false,no_anchor_flip_in_entry_direction,true,required_first_signal_only,LONG,unknown,0.00000000,,0.00000000,,false,,-1,false,NONE,0.00000000,,0.00000000,0.0000,0.0000,none,-1,false,false,false,no_anchor_flip_in_entry_direction,,,,false,false,false,-1,-1,-1,-1,-1,false,false,false,0.0000,range_n,true,90.35500000,88.89800000,4.0472,false,0.0000,0.0000,0,none,true,0.2828,shallow_236_382,0.080,diagnostic_only,diagnostic_only,diagnostic_only,fib_pullback,5,0.320,true,none,0.470,high_quality,false,false,diagnostic_only,both,true,none,true,diagnostic_adjacent_detected,required_light,false,false,SHORT,4,false,false,1,2025.04.10 18:00:00,2025.04.10 20:15:00,5,7.0362,89.89200000,0.00000000,89.89200000,true,true,m5_lh_close_break_up,89.89200000,true,0.1014,0.9224,true,1,0.0000,false,0,89.89200000,1.0818,off,false,not_evaluated,none,0.9919,0.0081,strong,false,false,false,0.0000,no_following_closed_bar,false,none,0.0000,false,no_retest,2.5064,7.0362,0.3562,0.0000,true,strong_exhaustion,0.0000,none,none,false,false,none,0.0000,0.0000,0.0000,0.0000,none,false,false,0.0000,0.0000,false,false,-1,none,none,false,0.000,0.000,90.00000000,89.91500000,90.00000000,round_number,0.05700000,0.0918,session_high|opening_range_high|neckline_level,89.91500000,0.1352,false,true,true,false,not_blocked,3,2,1,m5_failure_exit,off,none,0.00000000,0.0000,1.30,90.75100000,4.500,-0.300,0.200,PERIOD_M15,90.35500000,88.89800000,0.2828,outside,0.000,true,89.94300000,89.32200000,0.62100000,90.75100000,1.301,0.20707143,28.00,90-120,true,false,none,not_consumed,4.800,4.800,none,0.0000,false,opposite_break_first,true,opposite_break_first,session_invalidated
2025.04.10 20:45:00,blocked,session_reversal_pullback_one_symbol_first120,AUDJPY,LONG,2025.04.10 20:40:00,20,17,2,new_york,2025.04.10 16:00,100,first_120min,false,true,3,AUDJPY,highest_score_in_session_bar,new_york=USDJPY|EURJPY|GBPJPY|AUDJPY|EURUSD|GBPUSD,existing_first120_gate,new_york,false,false,true,passed_first_window,inverse_head_and_shoulders,neckline_break_retest,89.66600000,PERIOD_M5,PERIOD_H1,PERIOD_M15,PERIOD_M5,PERIOD_M5,false,htf_soft_alignment,current_post_filter,transcript_post_filter,dow_range_or_transition,no_ordered_dow_wave3_break,dow_range_or_transition,no_ordered_dow_wave3_break,false,true,false,LONG,PERIOD_M5,inverse_head_and_shoulders,inverse_head_and_shoulders,4.500,none,0.000,inverse_head_and_shoulders,4.500,none,0.000,LONG,false,PERIOD_H1_NONE_dow_range_or_transition|PERIOD_M15_NONE_no_ordered_dow_wave3_break,true,h1_counter_m15_reversal,true,top_NONE_dow_range_or_transition|structure_NONE_no_ordered_dow_wave3_break|structure_break_recent_confirmed_swing_break_failed|primary_break_recent_confirmed_swing_break_retest,none,above_75sma_rising,below_75sma_falling,above_75sma_flat_or_falling,-1,0.00000000,0,89.89200000,false,off,NONE,NONE,0.00000000,0.00000000,0.0000,none,0.000,true,LONG,return_high_break_or_bos_up,90.14200000,11,90.35500000,88.89800000,false,off,independent,false,,,false,0.0000,none,0.0000,0.0000,none,0.0000,0.0000,0.0000,none,0.0000,0,0,0.0000,none,none,none,none,0.0000,0,0.0000,none,false,true,not_evaluated,true,required_light_or_anchor_flip,short_bias,89.38000000,2025.04.10 17:00:00,90.35500000,2025.04.10 18:00:00,2025.04.10 19:15:00,false,NONE,0.00000000,0.00000000,0.0000,-1,false,,-1,NONE,0.00000000,0.00000000,0.0000,0.0000,none,,none,false,NONE,-1,-1,-1,false,false,none,false,true,false,true,none,true,required,false,PERIOD_M5,,,-1,0.0000,false,0.00000000,0.0000,false,0.0000,false,none,none,false,no_anchor_flip_in_entry_direction,true,required_first_signal_only,LONG,unknown,0.00000000,,0.00000000,,false,,-1,false,NONE,0.00000000,,0.00000000,0.0000,0.0000,none,-1,false,false,false,no_anchor_flip_in_entry_direction,,,,false,false,false,-1,-1,-1,-1,-1,false,false,false,0.0000,range_n,true,90.35500000,88.89800000,4.0472,false,0.0000,0.0000,0,none,true,0.2828,shallow_236_382,0.080,diagnostic_only,diagnostic_only,diagnostic_only,fib_pullback,5,0.320,true,none,0.470,high_quality,false,false,diagnostic_only,both,true,none,true,diagnostic_adjacent_detected,required_light,false,false,SHORT,4,false,false,1,2025.04.10 18:00:00,2025.04.10 20:15:00,5,7.0362,89.89200000,0.00000000,89.89200000,true,true,m5_lh_close_break_up,89.89200000,true,0.1014,0.9224,true,1,0.0000,false,0,89.89200000,1.0818,off,false,not_evaluated,none,0.9919,0.0081,strong,false,false,false,0.0000,no_following_closed_bar,false,none,0.0000,false,no_retest,2.5064,7.0362,0.3562,0.0000,true,strong_exhaustion,0.0000,none,none,false,false,none,0.0000,0.0000,0.0000,0.0000,none,false,false,0.0000,0.0000,false,false,-1,none,none,false,0.000,0.000,90.00000000,89.91500000,90.00000000,round_number,0.05700000,0.0918,session_high|opening_range_high|neckline_level,89.91500000,0.1352,false,true,true,false,not_blocked,3,2,1,m5_failure_exit,off,none,0.00000000,0.0000,1.30,90.75100000,4.500,-0.300,0.200,PERIOD_M15,90.35500000,88.89800000,0.2828,outside,0.000,true,89.94300000,89.32200000,0.62100000,90.75100000,1.301,0.20707143,28.00,90-120,true,false,none,blocked_session_invalidated,4.800,4.800,none,0.0000,false,opposite_break_first,true,opposite_break_first,session_invalidated
2025.04.11 17:05:00,signal,session_reversal_pullback_one_symbol_first120,AUDJPY,LONG,2025.04.11 17:00:00,17,14,23,london_newyork_overlap,2025.04.11 13:00,60,first_120min,false,true,3,AUDJPY,highest_score_in_session_bar,london_newyork_overlap=USDJPY|EURJPY|GBPJPY|AUDJPY|EURUSD|GBPUSD,existing_first120_gate,london_newyork_overlap,true,false,true,passed_first_window,inverse_head_and_shoulders,neckline_break_retest,89.13500000,PERIOD_M5,PERIOD_H1,PERIOD_M15,PERIOD_M5,PERIOD_M5,false,htf_soft_alignment,current_post_filter,transcript_post_filter,dow_trend_down_ll_lh,structure_trend_bias_dow_trend_up_hh_hl,dow_trend_down_ll_lh,structure_trend_bias_dow_trend_up_hh_hl,false,true,true,LONG,PERIOD_M5,inverse_head_and_shoulders,inverse_head_and_shoulders,4.500,none,0.000,inverse_head_and_shoulders,4.500,none,0.000,LONG,false,PERIOD_H1_SHORT_dow_trend_down_ll_lh|PERIOD_M15_LONG_structure_trend_bias_dow_trend_up_hh_hl,true,h1_counter_m15_reversal,true,top_SHORT_dow_trend_down_ll_lh|structure_LONG_structure_trend_bias_dow_trend_up_hh_hl|structure_break_recent_confirmed_swing_break_failed|primary_break_recent_confirmed_swing_break_failed,none,above_75sma_flat_or_falling,below_75sma_falling,above_75sma_rising,-1,0.00000000,-1,0.00000000,false,off,NONE,NONE,0.00000000,0.00000000,0.0000,none,0.000,true,LONG,return_high_break_or_bos_up,89.39000000,1,89.65500000,88.27800000,false,off,independent,false,,,false,0.0000,none,0.0000,0.0000,none,0.0000,0.0000,0.0000,none,0.0000,0,0,0.0000,none,none,none,none,0.0000,0,0.0000,none,false,true,not_evaluated,true,required_light_or_anchor_flip,long_bias,88.89400000,2025.04.11 15:00:00,89.42400000,2025.04.11 09:45:00,2025.04.11 15:30:00,false,NONE,0.00000000,0.00000000,0.0000,-1,false,,-1,NONE,0.00000000,0.00000000,0.0000,0.0000,none,,none,false,NONE,-1,-1,-1,false,false,none,true,false,false,true,none,true,required,false,PERIOD_M5,,,-1,0.0000,false,0.00000000,0.0000,false,0.0000,false,none,none,false,no_anchor_flip_in_entry_direction,true,required_first_signal_only,LONG,unknown,0.00000000,,0.00000000,,false,,-1,false,NONE,0.00000000,,0.00000000,0.0000,0.0000,none,-1,false,false,false,no_anchor_flip_in_entry_direction,,,,false,false,false,-1,-1,-1,-1,-1,false,false,false,0.0000,rising_n,false,89.42400000,88.27800000,3.6323,false,0.0000,0.0000,0,none,true,0.3115,shallow_236_382,0.080,diagnostic_only,diagnostic_only,diagnostic_only,shallow_pullback,24,0.280,true,none,0.430,high_quality,false,false,diagnostic_only,both,true,none,true,diagnostic_adjacent_detected,required_light,false,false,SHORT,5,false,false,0,2025.04.11 14:45:00,2025.04.11 16:30:00,6,1.9628,89.39000000,0.00000000,89.39000000,true,true,m5_lh_close_break_up,89.39000000,true,0.4809,1.8801,true,1,0.7449,false,5,89.39000000,0.2838,off,false,not_evaluated,none,0.8182,0.1818,very_strong,false,false,false,0.7449,held_no_close_back,true,favorable_side,0.2207,false,clean_retest,1.9628,0.9459,2.0750,0.0079,true,strong_exhaustion,0.0000,none,none,false,false,none,0.0000,0.0000,0.0000,0.0000,none,false,false,0.0000,0.0000,false,false,-1,none,none,false,0.000,0.000,89.27000000,89.13500000,89.27000000,recent_equal_lows,0.04400000,0.1419,opening_range_high|neckline_level,89.28900000,0.2483,false,true,true,false,not_blocked,6,3,3,m5_failure_exit,off,none,0.00000000,0.0000,1.30,89.62900000,4.500,-0.300,0.200,PERIOD_M15,89.39000000,88.89400000,0.3306,outside,0.000,true,89.22600000,88.91600000,0.31000000,89.62900000,1.300,0.25371429,28.00,60-90,true,false,none,not_consumed,4.600,4.600,none,0.0000,false,opposite_break_first,true,opposite_break_first,session_invalidated
2025.04.11 17:05:00,blocked,session_reversal_pullback_one_symbol_first120,AUDJPY,LONG,2025.04.11 17:00:00,17,14,23,london_newyork_overlap,2025.04.11 13:00,60,first_120min,false,true,3,AUDJPY,highest_score_in_session_bar,london_newyork_overlap=USDJPY|EURJPY|GBPJPY|AUDJPY|EURUSD|GBPUSD,existing_first120_gate,london_newyork_overlap,true,false,true,passed_first_window,inverse_head_and_shoulders,neckline_break_retest,89.13500000,PERIOD_M5,PERIOD_H1,PERIOD_M15,PERIOD_M5,PERIOD_M5,false,htf_soft_alignment,current_post_filter,transcript_post_filter,dow_trend_down_ll_lh,structure_trend_bias_dow_trend_up_hh_hl,dow_trend_down_ll_lh,structure_trend_bias_dow_trend_up_hh_hl,false,true,true,LONG,PERIOD_M5,inverse_head_and_shoulders,inverse_head_and_shoulders,4.500,none,0.000,inverse_head_and_shoulders,4.500,none,0.000,LONG,false,PERIOD_H1_SHORT_dow_trend_down_ll_lh|PERIOD_M15_LONG_structure_trend_bias_dow_trend_up_hh_hl,true,h1_counter_m15_reversal,true,top_SHORT_dow_trend_down_ll_lh|structure_LONG_structure_trend_bias_dow_trend_up_hh_hl|structure_break_recent_confirmed_swing_break_failed|primary_break_recent_confirmed_swing_break_failed,none,above_75sma_flat_or_falling,below_75sma_falling,above_75sma_rising,-1,0.00000000,-1,0.00000000,false,off,NONE,NONE,0.00000000,0.00000000,0.0000,none,0.000,true,LONG,return_high_break_or_bos_up,89.39000000,1,89.65500000,88.27800000,false,off,independent,false,,,false,0.0000,none,0.0000,0.0000,none,0.0000,0.0000,0.0000,none,0.0000,0,0,0.0000,none,none,none,none,0.0000,0,0.0000,none,false,true,not_evaluated,true,required_light_or_anchor_flip,long_bias,88.89400000,2025.04.11 15:00:00,89.42400000,2025.04.11 09:45:00,2025.04.11 15:30:00,false,NONE,0.00000000,0.00000000,0.0000,-1,false,,-1,NONE,0.00000000,0.00000000,0.0000,0.0000,none,,none,false,NONE,-1,-1,-1,false,false,none,true,false,false,true,none,true,required,false,PERIOD_M5,,,-1,0.0000,false,0.00000000,0.0000,false,0.0000,false,none,none,false,no_anchor_flip_in_entry_direction,true,required_first_signal_only,LONG,unknown,0.00000000,,0.00000000,,false,,-1,false,NONE,0.00000000,,0.00000000,0.0000,0.0000,none,-1,false,false,false,no_anchor_flip_in_entry_direction,,,,false,false,false,-1,-1,-1,-1,-1,false,false,false,0.0000,rising_n,false,89.42400000,88.27800000,3.6323,false,0.0000,0.0000,0,none,true,0.3115,shallow_236_382,0.080,diagnostic_only,diagnostic_only,diagnostic_only,shallow_pullback,24,0.280,true,none,0.430,high_quality,false,false,diagnostic_only,both,true,none,true,diagnostic_adjacent_detected,required_light,false,false,SHORT,5,false,false,0,2025.04.11 14:45:00,2025.04.11 16:30:00,6,1.9628,89.39000000,0.00000000,89.39000000,true,true,m5_lh_close_break_up,89.39000000,true,0.4809,1.8801,true,1,0.7449,false,5,89.39000000,0.2838,off,false,not_evaluated,none,0.8182,0.1818,very_strong,false,false,false,0.7449,held_no_close_back,true,favorable_side,0.2207,false,clean_retest,1.9628,0.9459,2.0750,0.0079,true,strong_exhaustion,0.0000,none,none,false,false,none,0.0000,0.0000,0.0000,0.0000,none,false,false,0.0000,0.0000,false,false,-1,none,none,false,0.000,0.000,89.27000000,89.13500000,89.27000000,recent_equal_lows,0.04400000,0.1419,opening_range_high|neckline_level,89.28900000,0.2483,false,true,true,false,not_blocked,6,3,3,m5_failure_exit,off,none,0.00000000,0.0000,1.30,89.62900000,4.500,-0.300,0.200,PERIOD_M15,89.39000000,88.89400000,0.3306,outside,0.000,true,89.22600000,88.91600000,0.31000000,89.62900000,1.300,0.25371429,28.00,60-90,true,false,none,blocked_session_invalidated,4.600,4.600,none,0.0000,false,opposite_break_first,true,opposite_break_first,session_invalidated
2025.04.14 03:45:00,signal,session_reversal_pullback_one_symbol_first120,GBPJPY,LONG,2025.04.14 03:40:00,3,0,9,tokyo,2025.04.14 00:00,40,first_120min,true,true,3,GBPJPY,highest_score_in_session_bar,tokyo=USDJPY|EURJPY|GBPJPY|AUDJPY,existing_first120_gate,tokyo,false,false,true,passed_first_window,sweep_low_reclaim,sweep_reclaim_retest,187.56900000,PERIOD_M5,PERIOD_H1,PERIOD_M15,PERIOD_M5,PERIOD_M5,false,htf_soft_alignment,current_post_filter,transcript_post_filter,dow_range_or_transition,structure_trend_bias_dow_trend_up_hh_hl,dow_range_or_transition,structure_trend_bias_dow_trend_up_hh_hl,false,true,false,LONG,PERIOD_M5,sweep_low_reclaim,sweep_low_reclaim,3.400,none,0.000,sweep_low_reclaim,3.400,none,0.000,LONG,false,PERIOD_H1_NONE_dow_range_or_transition|PERIOD_M15_LONG_structure_trend_bias_dow_trend_up_hh_hl,true,h1_counter_m15_reversal,true,top_NONE_dow_range_or_transition|structure_LONG_structure_trend_bias_dow_trend_up_hh_hl|structure_break_recent_confirmed_swing_break_failed|primary_break_recent_confirmed_swing_break_failed,none,above_75sma_rising,above_75sma_rising,below_75sma_falling,-1,0.00000000,-1,0.00000000,false,off,NONE,NONE,0.00000000,0.00000000,0.0000,none,0.000,true,LONG,return_high_break_or_bos_up,188.19300000,11,188.51600000,187.77200000,false,off,independent,false,,,false,0.0000,none,0.0000,0.0000,none,0.0000,0.0000,0.0000,none,0.0000,0,0,0.0000,none,none,none,none,0.0000,0,0.0000,none,false,true,not_evaluated,true,required_light_or_anchor_flip,long_bias,187.57300000,2025.04.11 23:30:00,187.02200000,2025.04.11 10:45:00,2025.04.14 00:30:00,false,NONE,0.00000000,0.00000000,0.0000,-1,false,,-1,NONE,0.00000000,0.00000000,0.0000,0.0000,none,,none,false,NONE,-1,-1,-1,false,false,none,true,false,false,true,none,true,required,false,PERIOD_M5,,,-1,0.0000,false,0.00000000,0.0000,false,0.0000,false,none,none,false,no_anchor_flip_in_entry_direction,true,required_first_signal_only,LONG,unknown,0.00000000,,0.00000000,,false,,-1,false,NONE,0.00000000,,0.00000000,0.0000,0.0000,none,-1,false,false,false,no_anchor_flip_in_entry_direction,,,,false,false,false,-1,-1,-1,-1,-1,false,false,false,0.0000,range_n,true,188.51600000,187.01700000,5.2649,false,0.0000,0.0000,0,none,true,0.9514,too_deep,0.000,diagnostic_only,diagnostic_only,diagnostic_only,fib_pullback,8,0.240,true,none,0.390,medium_quality,false,false,diagnostic_only,both,true,none,true,diagnostic_adjacent_detected,required_light,false,false,SHORT,4,false,false,2,2025.04.14 01:00:00,2025.04.14 02:45:00,11,3.3635,188.20800000,0.00000000,188.20800000,false,false,none,0.00000000,false,0.0000,0.0000,false,1,0.0000,false,-1,0.00000000,0.0000,off,false,not_evaluated,none,0.0000,0.0000,none,false,false,false,0.0000,none,false,none,0.0000,false,none,2.7057,2.7677,0.9776,0.5957,false,no_shrink,0.0000,none,none,false,false,none,0.0000,0.0000,0.0000,0.0000,none,false,false,0.0000,0.0000,false,false,-1,none,none,false,0.000,0.000,187.75500000,187.57900000,187.75500000,recent_rejection_zone,0.14000000,0.8333,neckline_level,187.56900000,0.2855,false,true,true,false,not_blocked,5,2,3,m5_failure_exit,off,none,0.00000000,0.0000,1.30,187.83300000,3.400,0.000,0.200,PERIOD_M15,188.51600000,187.77200000,1.2110,outside,0.000,true,187.61500000,187.44700000,0.16800000,187.83300000,1.298,0.16114286,41.00,30-60,true,false,none,not_consumed,3.800,3.800,none,0.0000,false,opposite_break_first,true,opposite_break_first,spread_too_high
2025.04.14 03:45:00,blocked,session_reversal_pullback_one_symbol_first120,GBPJPY,LONG,2025.04.14 03:40:00,3,0,9,tokyo,2025.04.14 00:00,40,first_120min,true,true,3,GBPJPY,highest_score_in_session_bar,tokyo=USDJPY|EURJPY|GBPJPY|AUDJPY,existing_first120_gate,tokyo,false,false,true,passed_first_window,sweep_low_reclaim,sweep_reclaim_retest,187.56900000,PERIOD_M5,PERIOD_H1,PERIOD_M15,PERIOD_M5,PERIOD_M5,false,htf_soft_alignment,current_post_filter,transcript_post_filter,dow_range_or_transition,structure_trend_bias_dow_trend_up_hh_hl,dow_range_or_transition,structure_trend_bias_dow_trend_up_hh_hl,false,true,false,LONG,PERIOD_M5,sweep_low_reclaim,sweep_low_reclaim,3.400,none,0.000,sweep_low_reclaim,3.400,none,0.000,LONG,false,PERIOD_H1_NONE_dow_range_or_transition|PERIOD_M15_LONG_structure_trend_bias_dow_trend_up_hh_hl,true,h1_counter_m15_reversal,true,top_NONE_dow_range_or_transition|structure_LONG_structure_trend_bias_dow_trend_up_hh_hl|structure_break_recent_confirmed_swing_break_failed|primary_break_recent_confirmed_swing_break_failed,none,above_75sma_rising,above_75sma_rising,below_75sma_falling,-1,0.00000000,-1,0.00000000,false,off,NONE,NONE,0.00000000,0.00000000,0.0000,none,0.000,true,LONG,return_high_break_or_bos_up,188.19300000,11,188.51600000,187.77200000,false,off,independent,false,,,false,0.0000,none,0.0000,0.0000,none,0.0000,0.0000,0.0000,none,0.0000,0,0,0.0000,none,none,none,none,0.0000,0,0.0000,none,false,true,not_evaluated,true,required_light_or_anchor_flip,long_bias,187.57300000,2025.04.11 23:30:00,187.02200000,2025.04.11 10:45:00,2025.04.14 00:30:00,false,NONE,0.00000000,0.00000000,0.0000,-1,false,,-1,NONE,0.00000000,0.00000000,0.0000,0.0000,none,,none,false,NONE,-1,-1,-1,false,false,none,true,false,false,true,none,true,required,false,PERIOD_M5,,,-1,0.0000,false,0.00000000,0.0000,false,0.0000,false,none,none,false,no_anchor_flip_in_entry_direction,true,required_first_signal_only,LONG,unknown,0.00000000,,0.00000000,,false,,-1,false,NONE,0.00000000,,0.00000000,0.0000,0.0000,none,-1,false,false,false,no_anchor_flip_in_entry_direction,,,,false,false,false,-1,-1,-1,-1,-1,false,false,false,0.0000,range_n,true,188.51600000,187.01700000,5.2649,false,0.0000,0.0000,0,none,true,0.9514,too_deep,0.000,diagnostic_only,diagnostic_only,diagnostic_only,fib_pullback,8,0.240,true,none,0.390,medium_quality,false,false,diagnostic_only,both,true,none,true,diagnostic_adjacent_detected,required_light,false,false,SHORT,4,false,false,2,2025.04.14 01:00:00,2025.04.14 02:45:00,11,3.3635,188.20800000,0.00000000,188.20800000,false,false,none,0.00000000,false,0.0000,0.0000,false,1,0.0000,false,-1,0.00000000,0.0000,off,false,not_evaluated,none,0.0000,0.0000,none,false,false,false,0.0000,none,false,none,0.0000,false,none,2.7057,2.7677,0.9776,0.5957,false,no_shrink,0.0000,none,none,false,false,none,0.0000,0.0000,0.0000,0.0000,none,false,false,0.0000,0.0000,false,false,-1,none,none,false,0.000,0.000,187.75500000,187.57900000,187.75500000,recent_rejection_zone,0.14000000,0.8333,neckline_level,187.56900000,0.2855,false,true,true,false,not_blocked,5,2,3,m5_failure_exit,off,none,0.00000000,0.0000,1.30,187.83300000,3.400,0.000,0.200,PERIOD_M15,188.51600000,187.77200000,1.2110,outside,0.000,true,187.61500000,187.44700000,0.16800000,187.83300000,1.298,0.16114286,41.00,30-60,true,false,none,blocked_spread_too_high,3.800,3.800,none,0.0000,false,opposite_break_first,true,opposite_break_first,spread_too_high
2025.04.14 10:45:00,signal,session_reversal_pullback_one_symbol_first120,USDJPY,LONG,2025.04.14 10:40:00,10,7,16,london,2025.04.14 07:00,40,first_120min,true,true,3,USDJPY,highest_score_in_session_bar,london=USDJPY|EURJPY|GBPJPY|AUDJPY|EURUSD|GBPUSD,existing_first120_gate,london,false,false,true,passed_first_window,inverse_head_and_shoulders,neckline_break_retest,142.62300000,PERIOD_M5,PERIOD_H1,PERIOD_M15,PERIOD_M5,PERIOD_M5,false,htf_soft_alignment,current_post_filter,transcript_post_filter,dow_trend_down_ll_lh,structure_trend_bias_dow_trend_up_hh_hl,dow_trend_down_ll_lh,structure_trend_bias_dow_trend_up_hh_hl,false,true,false,LONG,PERIOD_M5,inverse_head_and_shoulders,inverse_head_and_shoulders,4.500,none,0.000,inverse_head_and_shoulders,4.500,none,0.000,LONG,false,PERIOD_H1_SHORT_dow_trend_down_ll_lh|PERIOD_M15_LONG_structure_trend_bias_dow_trend_up_hh_hl,true,h1_counter_m15_reversal,true,top_SHORT_dow_trend_down_ll_lh|structure_LONG_structure_trend_bias_dow_trend_up_hh_hl|structure_break_recent_confirmed_swing_break_failed|primary_break_no_recent_confirmed_swing_break,none,below_75sma_falling,below_75sma_falling,above_75sma_rising,-1,0.00000000,-1,0.00000000,false,off,NONE,NONE,0.00000000,0.00000000,0.0000,none,0.000,true,LONG,return_high_break_or_bos_up,143.19400000,10,143.26900000,142.22400000,false,off,independent,false,,,false,0.0000,none,0.0000,0.0000,none,0.0000,0.0000,0.0000,none,0.0000,0,0,0.0000,none,none,none,none,0.0000,0,0.0000,none,false,true,not_evaluated,true,required_light_or_anchor_flip,bias_flip_down,142.66300000,2025.04.14 07:15:00,143.89000000,2025.04.14 02:30:00,2025.04.14 08:00:00,true,SHORT,142.66300000,142.53400000,0.4718,5,true,2025.04.14 09:15:00,5,SHORT,142.66300000,142.53400000,0.4718,0.6620,strong,2025.04.14 10:15:00,first_after_anchor,true,SHORT,5,1,5,true,false,normal_5_12,false,true,false,true,none,true,required,false,PERIOD_M5,,,-1,0.0000,false,0.00000000,0.0000,false,0.0000,false,none,none,false,no_anchor_flip_in_entry_direction,true,required_first_signal_only,LONG,unknown,0.00000000,,0.00000000,,false,,-1,false,NONE,0.00000000,,0.00000000,0.0000,0.0000,none,-1,false,false,false,no_anchor_flip_in_entry_direction,,,,false,false,false,-1,-1,-1,-1,-1,false,false,false,0.0000,rising_n,false,143.89000000,142.24200000,6.0272,true,0.6620,0.3823,4,strong,true,0.4000,preferred_382_618,0.200,diagnostic_only,diagnostic_only,diagnostic_only,shallow_pullback,24,0.400,true,none,0.550,high_quality,false,false,diagnostic_only,both,true,none,true,diagnostic_adjacent_detected,required_light,false,false,SHORT,4,false,false,1,2025.04.14 07:45:00,2025.04.14 10:00:00,8,6.5371,143.26900000,0.00000000,143.26900000,false,false,none,0.00000000,false,0.0000,0.0000,false,1,0.0000,false,-1,0.00000000,0.0000,off,false,not_evaluated,none,0.0000,0.0000,none,false,false,false,0.0000,none,false,none,0.0000,false,none,6.5371,1.1698,5.5882,4.5853,false,no_shrink,0.0000,none,none,false,false,none,0.0000,0.0000,0.0000,0.0000,none,false,false,0.0000,0.0000,false,false,-1,none,none,false,0.000,0.000,142.90600000,142.83800000,142.90600000,pre_session_high,0.05500000,0.1146,session_high|opening_range_high|neckline_level,142.83800000,0.0813,false,true,true,false,not_blocked,4,3,1,m5_failure_exit,off,none,0.00000000,0.0000,1.30,143.47400000,4.500,-0.300,0.200,PERIOD_M15,143.26900000,142.66300000,0.6898,deep_618_786,0.000,true,142.85100000,142.37100000,0.48000000,143.47400000,1.298,0.15985714,18.00,30-60,true,false,none,not_consumed,4.600,4.600,none,0.0000,false,opposite_break_first,true,opposite_break_first,session_invalidated
2025.04.14 10:45:00,blocked,session_reversal_pullback_one_symbol_first120,USDJPY,LONG,2025.04.14 10:40:00,10,7,16,london,2025.04.14 07:00,40,first_120min,true,true,3,USDJPY,highest_score_in_session_bar,london=USDJPY|EURJPY|GBPJPY|AUDJPY|EURUSD|GBPUSD,existing_first120_gate,london,false,false,true,passed_first_window,inverse_head_and_shoulders,neckline_break_retest,142.62300000,PERIOD_M5,PERIOD_H1,PERIOD_M15,PERIOD_M5,PERIOD_M5,false,htf_soft_alignment,current_post_filter,transcript_post_filter,dow_trend_down_ll_lh,structure_trend_bias_dow_trend_up_hh_hl,dow_trend_down_ll_lh,structure_trend_bias_dow_trend_up_hh_hl,false,true,false,LONG,PERIOD_M5,inverse_head_and_shoulders,inverse_head_and_shoulders,4.500,none,0.000,inverse_head_and_shoulders,4.500,none,0.000,LONG,false,PERIOD_H1_SHORT_dow_trend_down_ll_lh|PERIOD_M15_LONG_structure_trend_bias_dow_trend_up_hh_hl,true,h1_counter_m15_reversal,true,top_SHORT_dow_trend_down_ll_lh|structure_LONG_structure_trend_bias_dow_trend_up_hh_hl|structure_break_recent_confirmed_swing_break_failed|primary_break_no_recent_confirmed_swing_break,none,below_75sma_falling,below_75sma_falling,above_75sma_rising,-1,0.00000000,-1,0.00000000,false,off,NONE,NONE,0.00000000,0.00000000,0.0000,none,0.000,true,LONG,return_high_break_or_bos_up,143.19400000,10,143.26900000,142.22400000,false,off,independent,false,,,false,0.0000,none,0.0000,0.0000,none,0.0000,0.0000,0.0000,none,0.0000,0,0,0.0000,none,none,none,none,0.0000,0,0.0000,none,false,true,not_evaluated,true,required_light_or_anchor_flip,bias_flip_down,142.66300000,2025.04.14 07:15:00,143.89000000,2025.04.14 02:30:00,2025.04.14 08:00:00,true,SHORT,142.66300000,142.53400000,0.4718,5,true,2025.04.14 09:15:00,5,SHORT,142.66300000,142.53400000,0.4718,0.6620,strong,2025.04.14 10:15:00,first_after_anchor,true,SHORT,5,1,5,true,false,normal_5_12,false,true,false,true,none,true,required,false,PERIOD_M5,,,-1,0.0000,false,0.00000000,0.0000,false,0.0000,false,none,none,false,no_anchor_flip_in_entry_direction,true,required_first_signal_only,LONG,unknown,0.00000000,,0.00000000,,false,,-1,false,NONE,0.00000000,,0.00000000,0.0000,0.0000,none,-1,false,false,false,no_anchor_flip_in_entry_direction,,,,false,false,false,-1,-1,-1,-1,-1,false,false,false,0.0000,rising_n,false,143.89000000,142.24200000,6.0272,true,0.6620,0.3823,4,strong,true,0.4000,preferred_382_618,0.200,diagnostic_only,diagnostic_only,diagnostic_only,shallow_pullback,24,0.400,true,none,0.550,high_quality,false,false,diagnostic_only,both,true,none,true,diagnostic_adjacent_detected,required_light,false,false,SHORT,4,false,false,1,2025.04.14 07:45:00,2025.04.14 10:00:00,8,6.5371,143.26900000,0.00000000,143.26900000,false,false,none,0.00000000,false,0.0000,0.0000,false,1,0.0000,false,-1,0.00000000,0.0000,off,false,not_evaluated,none,0.0000,0.0000,none,false,false,false,0.0000,none,false,none,0.0000,false,none,6.5371,1.1698,5.5882,4.5853,false,no_shrink,0.0000,none,none,false,false,none,0.0000,0.0000,0.0000,0.0000,none,false,false,0.0000,0.0000,false,false,-1,none,none,false,0.000,0.000,142.90600000,142.83800000,142.90600000,pre_session_high,0.05500000,0.1146,session_high|opening_range_high|neckline_level,142.83800000,0.0813,false,true,true,false,not_blocked,4,3,1,m5_failure_exit,off,none,0.00000000,0.0000,1.30,143.47400000,4.500,-0.300,0.200,PERIOD_M15,143.26900000,142.66300000,0.6898,deep_618_786,0.000,true,142.85100000,142.37100000,0.48000000,143.47400000,1.298,0.15985714,18.00,30-60,true,false,none,blocked_session_invalidated,4.600,4.600,none,0.0000,false,opposite_break_first,true,opposite_break_first,session_invalidated
2025.04.14 16:20:00,signal,session_reversal_pullback_one_symbol_first120,GBPUSD,LONG,2025.04.14 16:15:00,16,13,22,london_newyork_overlap,2025.04.14 13:00,15,first_120min,true,true,3,GBPUSD,highest_score_in_session_bar,london_newyork_overlap=USDJPY|EURJPY|GBPJPY|AUDJPY|EURUSD|GBPUSD,existing_first120_gate,london_newyork_overlap,false,false,true,passed_first_window,sweep_low_reclaim,sweep_reclaim_retest,1.31272000,PERIOD_M5,PERIOD_H1,PERIOD_M15,PERIOD_M5,PERIOD_M5,false,htf_soft_alignment,current_post_filter,transcript_post_filter,dow_range_or_transition,structure_trend_bias_dow_trend_up_hh_hl,dow_range_or_transition,structure_trend_bias_dow_trend_up_hh_hl,false,true,false,LONG,PERIOD_M5,sweep_low_reclaim,sweep_low_reclaim,3.400,none,0.000,sweep_low_reclaim,3.400,none,0.000,LONG,false,PERIOD_H1_NONE_dow_range_or_transition|PERIOD_M15_LONG_structure_trend_bias_dow_trend_up_hh_hl,true,h1_counter_m15_reversal,true,top_NONE_dow_range_or_transition|structure_LONG_structure_trend_bias_dow_trend_up_hh_hl|structure_break_recent_confirmed_swing_break_failed|primary_break_recent_confirmed_swing_break_failed,none,above_75sma_rising,above_75sma_rising,below_75sma_falling,-1,0.00000000,-1,0.00000000,false,off,NONE,NONE,0.00000000,0.00000000,0.0000,none,0.000,true,LONG,return_high_break_or_bos_up,1.31913000,6,1.32005000,1.31406000,false,off,independent,false,,,false,0.0000,none,0.0000,0.0000,none,0.0000,0.0000,0.0000,none,0.0000,0,0,0.0000,none,none,none,none,0.0000,0,0.0000,none,false,true,not_evaluated,true,required_light_or_anchor_flip,bias_flip_down,1.31612000,2025.04.14 13:15:00,1.31122000,2025.04.14 06:00:00,2025.04.14 14:15:00,true,SHORT,1.31612000,1.31446000,1.1342,1,true,2025.04.14 15:45:00,1,SHORT,1.31612000,1.31446000,1.1342,1.3734,strong,2025.04.14 16:00:00,first_after_anchor,true,SHORT,1,0,1,true,false,fresh_0_4,false,true,false,true,none,true,required,false,PERIOD_M5,,,-1,0.0000,false,0.00000000,0.0000,false,0.0000,false,none,none,false,no_anchor_flip_in_entry_direction,true,required_first_signal_only,LONG,unknown,0.00000000,,0.00000000,,false,,-1,false,NONE,0.00000000,,0.00000000,0.0000,0.0000,none,-1,false,false,false,no_anchor_flip_in_entry_direction,,,,false,false,false,-1,-1,-1,-1,-1,false,false,false,0.0000,rising_n,false,1.32005000,1.31542000,3.1635,true,1.3734,0.2328,1,strong,true,1.0184,too_deep,0.000,diagnostic_only,diagnostic_only,diagnostic_only,fib_pullback,24,0.170,true,none,0.320,medium_quality,false,false,diagnostic_only,both,true,none,true,diagnostic_adjacent_detected,required_light,false,false,SHORT,2,false,false,0,,,-1,0.0000,0.00000000,0.00000000,0.00000000,false,false,none,0.00000000,false,0.0000,0.0000,false,1,0.0000,false,-1,0.00000000,0.0000,off,false,not_evaluated,none,0.0000,0.0000,none,false,false,false,0.0000,none,false,none,0.0000,false,none,0.0000,0.0000,0.0000,0.0000,false,none,0.0000,none,none,false,false,none,0.0000,0.0000,0.0000,0.0000,none,false,false,0.0000,0.0000,false,false,-1,none,none,false,0.000,0.000,1.31406000,1.31384500,1.31406000,pre_session_low,0.00011000,0.0570,neckline_level,1.31272000,1.2353,false,true,true,false,not_blocked,9,6,3,m5_failure_exit,off,none,0.00000000,0.0000,1.30,1.31646000,3.400,-0.300,0.200,PERIOD_M15,1.32005000,1.31612000,1.5522,outside,0.000,true,1.31395000,1.31202000,0.00193000,1.31646000,1.301,0.00099571,20.00,0-30,true,false,none,not_consumed,3.500,3.500,none,0.0000,false,opposite_break_first,true,opposite_break_first,spread_too_high
2025.04.14 16:20:00,blocked,session_reversal_pullback_one_symbol_first120,GBPUSD,LONG,2025.04.14 16:15:00,16,13,22,london_newyork_overlap,2025.04.14 13:00,15,first_120min,true,true,3,GBPUSD,highest_score_in_session_bar,london_newyork_overlap=USDJPY|EURJPY|GBPJPY|AUDJPY|EURUSD|GBPUSD,existing_first120_gate,london_newyork_overlap,false,false,true,passed_first_window,sweep_low_reclaim,sweep_reclaim_retest,1.31272000,PERIOD_M5,PERIOD_H1,PERIOD_M15,PERIOD_M5,PERIOD_M5,false,htf_soft_alignment,current_post_filter,transcript_post_filter,dow_range_or_transition,structure_trend_bias_dow_trend_up_hh_hl,dow_range_or_transition,structure_trend_bias_dow_trend_up_hh_hl,false,true,false,LONG,PERIOD_M5,sweep_low_reclaim,sweep_low_reclaim,3.400,none,0.000,sweep_low_reclaim,3.400,none,0.000,LONG,false,PERIOD_H1_NONE_dow_range_or_transition|PERIOD_M15_LONG_structure_trend_bias_dow_trend_up_hh_hl,true,h1_counter_m15_reversal,true,top_NONE_dow_range_or_transition|structure_LONG_structure_trend_bias_dow_trend_up_hh_hl|structure_break_recent_confirmed_swing_break_failed|primary_break_recent_confirmed_swing_break_failed,none,above_75sma_rising,above_75sma_rising,below_75sma_falling,-1,0.00000000,-1,0.00000000,false,off,NONE,NONE,0.00000000,0.00000000,0.0000,none,0.000,true,LONG,return_high_break_or_bos_up,1.31913000,6,1.32005000,1.31406000,false,off,independent,false,,,false,0.0000,none,0.0000,0.0000,none,0.0000,0.0000,0.0000,none,0.0000,0,0,0.0000,none,none,none,none,0.0000,0,0.0000,none,false,true,not_evaluated,true,required_light_or_anchor_flip,bias_flip_down,1.31612000,2025.04.14 13:15:00,1.31122000,2025.04.14 06:00:00,2025.04.14 14:15:00,true,SHORT,1.31612000,1.31446000,1.1342,1,true,2025.04.14 15:45:00,1,SHORT,1.31612000,1.31446000,1.1342,1.3734,strong,2025.04.14 16:00:00,first_after_anchor,true,SHORT,1,0,1,true,false,fresh_0_4,false,true,false,true,none,true,required,false,PERIOD_M5,,,-1,0.0000,false,0.00000000,0.0000,false,0.0000,false,none,none,false,no_anchor_flip_in_entry_direction,true,required_first_signal_only,LONG,unknown,0.00000000,,0.00000000,,false,,-1,false,NONE,0.00000000,,0.00000000,0.0000,0.0000,none,-1,false,false,false,no_anchor_flip_in_entry_direction,,,,false,false,false,-1,-1,-1,-1,-1,false,false,false,0.0000,rising_n,false,1.32005000,1.31542000,3.1635,true,1.3734,0.2328,1,strong,true,1.0184,too_deep,0.000,diagnostic_only,diagnostic_only,diagnostic_only,fib_pullback,24,0.170,true,none,0.320,medium_quality,false,false,diagnostic_only,both,true,none,true,diagnostic_adjacent_detected,required_light,false,false,SHORT,2,false,false,0,,,-1,0.0000,0.00000000,0.00000000,0.00000000,false,false,none,0.00000000,false,0.0000,0.0000,false,1,0.0000,false,-1,0.00000000,0.0000,off,false,not_evaluated,none,0.0000,0.0000,none,false,false,false,0.0000,none,false,none,0.0000,false,none,0.0000,0.0000,0.0000,0.0000,false,none,0.0000,none,none,false,false,none,0.0000,0.0000,0.0000,0.0000,none,false,false,0.0000,0.0000,false,false,-1,none,none,false,0.000,0.000,1.31406000,1.31384500,1.31406000,pre_session_low,0.00011000,0.0570,neckline_level,1.31272000,1.2353,false,true,true,false,not_blocked,9,6,3,m5_failure_exit,off,none,0.00000000,0.0000,1.30,1.31646000,3.400,-0.300,0.200,PERIOD_M15,1.32005000,1.31612000,1.5522,outside,0.000,true,1.31395000,1.31202000,0.00193000,1.31646000,1.301,0.00099571,20.00,0-30,true,false,none,blocked_spread_too_high,3.500,3.500,none,0.0000,false,opposite_break_first,true,opposite_break_first,spread_too_high
2025.04.14 19:20:01,signal,session_reversal_pullback_one_symbol_first120,AUDJPY,SHORT,2025.04.14 19:15:00,19,16,1,new_york,2025.04.14 16:00,15,first_120min,true,true,3,AUDJPY,highest_score_in_session_bar,new_york=USDJPY|EURJPY|GBPJPY|AUDJPY|EURUSD|GBPUSD,existing_first120_gate,new_york,true,false,true,passed_first_window,head_and_shoulders,neckline_break_retest,90.47900000,PERIOD_M5,PERIOD_H1,PERIOD_M15,PERIOD_M5,PERIOD_M5,false,htf_soft_alignment,current_post_filter,transcript_post_filter,dow_range_or_transition,structure_trend_bias_dow_trend_up_hh_hl,dow_range_or_transition,structure_trend_bias_dow_trend_up_hh_hl,false,true,true,SHORT,PERIOD_M5,head_and_shoulders,head_and_shoulders,4.500,none,0.000,head_and_shoulders,4.500,none,0.000,SHORT,false,PERIOD_H1_NONE_dow_range_or_transition|PERIOD_M15_LONG_structure_trend_bias_dow_trend_up_hh_hl,true,h1_counter_m15_reversal,true,top_NONE_dow_range_or_transition|structure_LONG_structure_trend_bias_dow_trend_up_hh_hl|structure_break_recent_confirmed_swing_break_retest|primary_break_recent_confirmed_swing_break_failed,none,above_75sma_rising,below_75sma_falling,below_75sma_falling,0,90.27200000,-1,0.00000000,false,off,NONE,NONE,0.00000000,0.00000000,0.0000,none,0.000,true,SHORT,return_low_break_or_bos_down,90.27200000,0,90.76900000,90.27200000,false,off,independent,false,,,false,0.0000,none,0.0000,0.0000,none,0.0000,0.0000,0.0000,none,0.0000,0,0,0.0000,none,none,none,none,0.0000,0,0.0000,none,false,true,not_evaluated,true,required_light_or_anchor_flip,bias_flip_down,90.27200000,2025.04.14 16:45:00,90.52800000,2025.04.14 15:45:00,2025.04.14 17:45:00,true,SHORT,90.27200000,90.20700000,0.3393,1,true,2025.04.14 18:45:00,1,SHORT,90.27200000,90.20700000,0.3393,1.3207,strong,2025.04.14 19:00:00,first_after_anchor,true,SHORT,1,0,1,true,false,fresh_0_4,true,false,false,true,none,true,required,true,PERIOD_M5,2025.04.14 18:50:00,2025.04.14 18:55:00,6,0.4442,true,90.27200000,0.4442,true,0.2293,true,m5_bearish_close_after_anchor_retest,failed_close_back_inside,false,post_anchor_close_back_inside,true,required_first_signal_only,SHORT,no_confirmed_micro_anchor,0.00000000,,0.00000000,,false,,-1,false,NONE,0.00000000,,0.00000000,0.0000,0.0000,none,-1,false,false,false,insufficient_confirmed_m5_pivots,AUDJPY|SHORT|1744656300|90.272,,,false,false,false,-1,-1,-1,-1,-1,false,false,false,0.0000,rising_n,false,90.76900000,90.27200000,2.5943,true,1.3207,0.0560,1,strong,true,0.2953,shallow_236_382,0.080,diagnostic_only,diagnostic_only,diagnostic_only,shallow_pullback,5,0.370,true,none,0.520,high_quality,false,false,diagnostic_only,both,true,none,true,diagnostic_adjacent_detected,required_light,false,false,LONG,2,false,false,0,,,-1,0.0000,0.00000000,0.00000000,0.00000000,false,false,none,0.00000000,false,0.0000,0.0000,false,1,0.0000,false,-1,0.00000000,0.0000,off,false,not_evaluated,none,0.0000,0.0000,none,false,false,false,0.0000,none,false,none,0.0000,false,none,0.0000,0.0000,0.0000,0.0000,false,none,0.0000,none,none,false,false,none,0.0000,0.0000,0.0000,0.0000,none,false,false,0.0000,0.0000,false,false,-1,none,none,false,0.000,0.000,90.43100000,90.31225000,90.31225000,recent_equal_highs,0.05575000,0.2186,neckline_level,90.47900000,0.7953,false,true,true,false,not_blocked,8,5,3,m5_failure_exit,off,none,0.00000000,0.0000,1.30,90.03600000,4.500,-0.300,0.200,PERIOD_M15,90.76900000,90.27200000,0.1932,outside,0.000,true,90.36800000,90.62300000,0.25500000,90.03600000,1.302,0.13957143,28.00,0-30,true,false,none,not_consumed,4.950,4.950,none,0.0000,false,opposite_break_first,true,opposite_break_first,spread_too_high
2025.04.14 19:20:01,blocked,session_reversal_pullback_one_symbol_first120,AUDJPY,SHORT,2025.04.14 19:15:00,19,16,1,new_york,2025.04.14 16:00,15,first_120min,true,true,3,AUDJPY,highest_score_in_session_bar,new_york=USDJPY|EURJPY|GBPJPY|AUDJPY|EURUSD|GBPUSD,existing_first120_gate,new_york,true,false,true,passed_first_window,head_and_shoulders,neckline_break_retest,90.47900000,PERIOD_M5,PERIOD_H1,PERIOD_M15,PERIOD_M5,PERIOD_M5,false,htf_soft_alignment,current_post_filter,transcript_post_filter,dow_range_or_transition,structure_trend_bias_dow_trend_up_hh_hl,dow_range_or_transition,structure_trend_bias_dow_trend_up_hh_hl,false,true,true,SHORT,PERIOD_M5,head_and_shoulders,head_and_shoulders,4.500,none,0.000,head_and_shoulders,4.500,none,0.000,SHORT,false,PERIOD_H1_NONE_dow_range_or_transition|PERIOD_M15_LONG_structure_trend_bias_dow_trend_up_hh_hl,true,h1_counter_m15_reversal,true,top_NONE_dow_range_or_transition|structure_LONG_structure_trend_bias_dow_trend_up_hh_hl|structure_break_recent_confirmed_swing_break_retest|primary_break_recent_confirmed_swing_break_failed,none,above_75sma_rising,below_75sma_falling,below_75sma_falling,0,90.27200000,-1,0.00000000,false,off,NONE,NONE,0.00000000,0.00000000,0.0000,none,0.000,true,SHORT,return_low_break_or_bos_down,90.27200000,0,90.76900000,90.27200000,false,off,independent,false,,,false,0.0000,none,0.0000,0.0000,none,0.0000,0.0000,0.0000,none,0.0000,0,0,0.0000,none,none,none,none,0.0000,0,0.0000,none,false,true,not_evaluated,true,required_light_or_anchor_flip,bias_flip_down,90.27200000,2025.04.14 16:45:00,90.52800000,2025.04.14 15:45:00,2025.04.14 17:45:00,true,SHORT,90.27200000,90.20700000,0.3393,1,true,2025.04.14 18:45:00,1,SHORT,90.27200000,90.20700000,0.3393,1.3207,strong,2025.04.14 19:00:00,first_after_anchor,true,SHORT,1,0,1,true,false,fresh_0_4,true,false,false,true,none,true,required,true,PERIOD_M5,2025.04.14 18:50:00,2025.04.14 18:55:00,6,0.4442,true,90.27200000,0.4442,true,0.2293,true,m5_bearish_close_after_anchor_retest,failed_close_back_inside,false,post_anchor_close_back_inside,true,required_first_signal_only,SHORT,no_confirmed_micro_anchor,0.00000000,,0.00000000,,false,,-1,false,NONE,0.00000000,,0.00000000,0.0000,0.0000,none,-1,false,false,false,insufficient_confirmed_m5_pivots,AUDJPY|SHORT|1744656300|90.272,,,false,false,false,-1,-1,-1,-1,-1,false,false,false,0.0000,rising_n,false,90.76900000,90.27200000,2.5943,true,1.3207,0.0560,1,strong,true,0.2953,shallow_236_382,0.080,diagnostic_only,diagnostic_only,diagnostic_only,shallow_pullback,5,0.370,true,none,0.520,high_quality,false,false,diagnostic_only,both,true,none,true,diagnostic_adjacent_detected,required_light,false,false,LONG,2,false,false,0,,,-1,0.0000,0.00000000,0.00000000,0.00000000,false,false,none,0.00000000,false,0.0000,0.0000,false,1,0.0000,false,-1,0.00000000,0.0000,off,false,not_evaluated,none,0.0000,0.0000,none,false,false,false,0.0000,none,false,none,0.0000,false,none,0.0000,0.0000,0.0000,0.0000,false,none,0.0000,none,none,false,false,none,0.0000,0.0000,0.0000,0.0000,none,false,false,0.0000,0.0000,false,false,-1,none,none,false,0.000,0.000,90.43100000,90.31225000,90.31225000,recent_equal_highs,0.05575000,0.2186,neckline_level,90.47900000,0.7953,false,true,true,false,not_blocked,8,5,3,m5_failure_exit,off,none,0.00000000,0.0000,1.30,90.03600000,4.500,-0.300,0.200,PERIOD_M15,90.76900000,90.27200000,0.1932,outside,0.000,true,90.36800000,90.62300000,0.25500000,90.03600000,1.302,0.13957143,28.00,0-30,true,false,none,blocked_spread_too_high,4.950,4.950,none,0.0000,false,opposite_break_first,true,opposite_break_first,spread_too_high
2025.04.15 10:05:00,signal,session_reversal_pullback_one_symbol_first120,GBPUSD,SHORT,2025.04.15 10:00:00,10,7,16,london,2025.04.15 07:00,0,first_120min,true,true,3,GBPUSD,highest_score_in_session_bar,london=USDJPY|EURJPY|GBPJPY|AUDJPY|EURUSD|GBPUSD,existing_first120_gate,london,false,false,true,passed_first_window,head_and_shoulders,neckline_break_retest,1.31978000,PERIOD_M5,PERIOD_H1,PERIOD_M15,PERIOD_M5,PERIOD_M5,false,htf_soft_alignment,current_post_filter,transcript_post_filter,dow_range_or_transition,no_ordered_dow_wave3_break,dow_range_or_transition,no_ordered_dow_wave3_break,false,false,true,SHORT,PERIOD_M5,head_and_shoulders,head_and_shoulders,4.500,none,0.000,head_and_shoulders,4.500,none,0.000,SHORT,false,PERIOD_H1_NONE_dow_range_or_transition|PERIOD_M15_NONE_no_ordered_dow_wave3_break,true,h1_counter_m15_reversal,true,top_NONE_dow_range_or_transition|structure_NONE_no_ordered_dow_wave3_break|structure_break_recent_confirmed_swing_break_failed|primary_break_recent_confirmed_swing_break_retest,none,above_75sma_rising,above_75sma_rising,below_75sma_flat_or_rising,-1,0.00000000,0,1.31940000,false,off,NONE,NONE,0.00000000,0.00000000,0.0000,none,0.000,true,SHORT,return_low_break_or_bos_down,1.31805000,20,1.32208000,1.31631000,false,off,independent,false,,,false,0.0000,none,0.0000,0.0000,none,0.0000,0.0000,0.0000,none,0.0000,0,0,0.0000,none,none,none,none,0.0000,0,0.0000,none,false,true,not_evaluated,true,required_light_or_anchor_flip,long_bias,1.31686000,2025.04.15 04:30:00,1.31969000,2025.04.15 01:00:00,2025.04.15 08:15:00,false,NONE,0.00000000,0.00000000,0.0000,-1,false,,-1,NONE,0.00000000,0.00000000,0.0000,0.0000,none,,none,false,NONE,-1,-1,-1,false,false,none,false,true,false,true,none,true,required,false,PERIOD_M5,,,-1,0.0000,false,0.00000000,0.0000,false,0.0000,false,none,none,false,no_anchor_flip_in_entry_direction,true,required_first_signal_only,SHORT,unknown,0.00000000,,0.00000000,,false,,-1,false,NONE,0.00000000,,0.00000000,0.0000,0.0000,none,-1,false,false,false,no_anchor_flip_in_entry_direction,,,,false,false,false,-1,-1,-1,-1,-1,false,false,false,0.0000,rising_n,false,1.32208000,1.31631000,6.2427,false,0.0000,0.0000,0,none,true,0.4542,preferred_382_618,0.200,diagnostic_only,diagnostic_only,diagnostic_only,fib_pullback,6,0.440,true,none,0.590,high_quality,false,false,diagnostic_only,both,true,none,true,diagnostic_adjacent_detected,required_light,false,false,LONG,7,false,false,0,2025.04.15 08:20:00,2025.04.15 09:40:00,4,4.2936,0.00000000,1.31832000,1.31832000,false,false,none,0.00000000,false,0.0000,0.0000,false,1,0.0000,false,-1,0.00000000,0.0000,off,false,not_evaluated,none,0.0000,0.0000,none,false,false,false,0.0000,none,false,none,0.0000,false,none,3.3573,3.0604,1.0970,0.0000,true,strong_exhaustion,0.0000,none,none,false,false,none,0.0000,0.0000,0.0000,0.0000,none,false,false,0.0000,0.0000,false,false,-1,none,none,false,0.000,0.000,1.31914000,1.31866000,1.31866000,session_low,0.00038000,0.2147,neckline_level,1.31978000,0.8450,false,true,false,false,not_blocked,3,3,0,m5_failure_exit,off,none,0.00000000,0.0000,1.30,1.31674000,4.500,-0.300,0.200,PERIOD_M15,1.32208000,1.31631000,0.4731,preferred_382_618,0.000,true,1.31904000,1.32081000,0.00177000,1.31674000,1.299,0.00087571,20.00,0-30,true,false,none,not_consumed,4.800,4.800,none,0.0000,false,neckline_retest_failed,false,not_invalidated,spread_too_high
2025.04.15 10:05:00,blocked,session_reversal_pullback_one_symbol_first120,GBPUSD,SHORT,2025.04.15 10:00:00,10,7,16,london,2025.04.15 07:00,0,first_120min,true,true,3,GBPUSD,highest_score_in_session_bar,london=USDJPY|EURJPY|GBPJPY|AUDJPY|EURUSD|GBPUSD,existing_first120_gate,london,false,false,true,passed_first_window,head_and_shoulders,neckline_break_retest,1.31978000,PERIOD_M5,PERIOD_H1,PERIOD_M15,PERIOD_M5,PERIOD_M5,false,htf_soft_alignment,current_post_filter,transcript_post_filter,dow_range_or_transition,no_ordered_dow_wave3_break,dow_range_or_transition,no_ordered_dow_wave3_break,false,false,true,SHORT,PERIOD_M5,head_and_shoulders,head_and_shoulders,4.500,none,0.000,head_and_shoulders,4.500,none,0.000,SHORT,false,PERIOD_H1_NONE_dow_range_or_transition|PERIOD_M15_NONE_no_ordered_dow_wave3_break,true,h1_counter_m15_reversal,true,top_NONE_dow_range_or_transition|structure_NONE_no_ordered_dow_wave3_break|structure_break_recent_confirmed_swing_break_failed|primary_break_recent_confirmed_swing_break_retest,none,above_75sma_rising,above_75sma_rising,below_75sma_flat_or_rising,-1,0.00000000,0,1.31940000,false,off,NONE,NONE,0.00000000,0.00000000,0.0000,none,0.000,true,SHORT,return_low_break_or_bos_down,1.31805000,20,1.32208000,1.31631000,false,off,independent,false,,,false,0.0000,none,0.0000,0.0000,none,0.0000,0.0000,0.0000,none,0.0000,0,0,0.0000,none,none,none,none,0.0000,0,0.0000,none,false,true,not_evaluated,true,required_light_or_anchor_flip,long_bias,1.31686000,2025.04.15 04:30:00,1.31969000,2025.04.15 01:00:00,2025.04.15 08:15:00,false,NONE,0.00000000,0.00000000,0.0000,-1,false,,-1,NONE,0.00000000,0.00000000,0.0000,0.0000,none,,none,false,NONE,-1,-1,-1,false,false,none,false,true,false,true,none,true,required,false,PERIOD_M5,,,-1,0.0000,false,0.00000000,0.0000,false,0.0000,false,none,none,false,no_anchor_flip_in_entry_direction,true,required_first_signal_only,SHORT,unknown,0.00000000,,0.00000000,,false,,-1,false,NONE,0.00000000,,0.00000000,0.0000,0.0000,none,-1,false,false,false,no_anchor_flip_in_entry_direction,,,,false,false,false,-1,-1,-1,-1,-1,false,false,false,0.0000,rising_n,false,1.32208000,1.31631000,6.2427,false,0.0000,0.0000,0,none,true,0.4542,preferred_382_618,0.200,diagnostic_only,diagnostic_only,diagnostic_only,fib_pullback,6,0.440,true,none,0.590,high_quality,false,false,diagnostic_only,both,true,none,true,diagnostic_adjacent_detected,required_light,false,false,LONG,7,false,false,0,2025.04.15 08:20:00,2025.04.15 09:40:00,4,4.2936,0.00000000,1.31832000,1.31832000,false,false,none,0.00000000,false,0.0000,0.0000,false,1,0.0000,false,-1,0.00000000,0.0000,off,false,not_evaluated,none,0.0000,0.0000,none,false,false,false,0.0000,none,false,none,0.0000,false,none,3.3573,3.0604,1.0970,0.0000,true,strong_exhaustion,0.0000,none,none,false,false,none,0.0000,0.0000,0.0000,0.0000,none,false,false,0.0000,0.0000,false,false,-1,none,none,false,0.000,0.000,1.31914000,1.31866000,1.31866000,session_low,0.00038000,0.2147,neckline_level,1.31978000,0.8450,false,true,false,false,not_blocked,3,3,0,m5_failure_exit,off,none,0.00000000,0.0000,1.30,1.31674000,4.500,-0.300,0.200,PERIOD_M15,1.32208000,1.31631000,0.4731,preferred_382_618,0.000,true,1.31904000,1.32081000,0.00177000,1.31674000,1.299,0.00087571,20.00,0-30,true,false,none,blocked_spread_too_high,4.800,4.800,none,0.0000,false,neckline_retest_failed,false,not_invalidated,spread_too_high
2025.04.15 16:20:00,signal,session_reversal_pullback_one_symbol_first120,USDJPY,SHORT,2025.04.15 16:15:00,16,13,22,london_newyork_overlap,2025.04.15 13:00,15,first_120min,true,true,3,USDJPY,highest_score_in_session_bar,london_newyork_overlap=USDJPY|EURJPY|GBPJPY|AUDJPY|EURUSD|GBPUSD,existing_first120_gate,london_newyork_overlap,false,false,true,passed_first_window,double_top,neckline_break_retest,142.93900000,PERIOD_M5,PERIOD_H1,PERIOD_M15,PERIOD_M5,PERIOD_M5,false,htf_soft_alignment,current_post_filter,transcript_post_filter,dow_range_or_transition,structure_trend_bias_dow_trend_down_ll_lh,dow_range_or_transition,structure_trend_bias_dow_trend_down_ll_lh,false,false,true,SHORT,PERIOD_M5,double_top,double_top,4.200,none,0.000,double_top,4.200,none,0.000,SHORT,false,PERIOD_H1_NONE_dow_range_or_transition|PERIOD_M15_SHORT_structure_trend_bias_dow_trend_down_ll_lh,true,h1_counter_m15_reversal,true,top_NONE_dow_range_or_transition|structure_SHORT_structure_trend_bias_dow_trend_down_ll_lh|structure_break_recent_confirmed_swing_break_failed|primary_break_recent_confirmed_swing_break_failed,none,below_75sma_falling,below_75sma_falling,below_75sma_falling,-1,0.00000000,-1,0.00000000,false,off,NONE,NONE,0.00000000,0.00000000,0.0000,none,0.000,true,SHORT,return_low_break_or_bos_down,142.67500000,3,143.17700000,142.67500000,false,off,independent,false,,,false,0.0000,none,0.0000,0.0000,none,0.0000,0.0000,0.0000,none,0.0000,0,0,0.0000,none,none,none,none,0.0000,0,0.0000,none,false,true,not_evaluated,true,required_light_or_anchor_flip,short_bias,142.81600000,2025.04.15 14:00:00,143.17700000,2025.04.15 14:30:00,2025.04.15 15:15:00,false,NONE,0.00000000,0.00000000,0.0000,-1,false,,-1,NONE,0.00000000,0.00000000,0.0000,0.0000,none,,none,false,NONE,-1,-1,-1,false,false,none,true,false,false,true,none,true,required,false,PERIOD_M5,,,-1,0.0000,false,0.00000000,0.0000,false,0.0000,false,none,none,false,no_anchor_flip_in_entry_direction,true,required_first_signal_only,SHORT,unknown,0.00000000,,0.00000000,,false,,-1,false,NONE,0.00000000,,0.00000000,0.0000,0.0000,none,-1,false,false,false,no_anchor_flip_in_entry_direction,,,,false,false,false,-1,-1,-1,-1,-1,false,false,false,0.0000,range_n,true,143.50400000,142.59000000,5.3901,false,0.0000,0.0000,0,none,true,0.3589,shallow_236_382,0.080,diagnostic_only,diagnostic_only,diagnostic_only,shallow_pullback,6,0.320,true,none,0.470,high_quality,false,false,diagnostic_only,both,true,none,true,diagnostic_adjacent_detected,required_light,false,false,LONG,4,false,false,1,2025.04.15 13:25:00,2025.04.15 15:25:00,10,5.3677,0.00000000,142.59000000,142.59000000,false,false,none,0.00000000,false,0.0000,0.0000,false,1,0.0000,false,-1,0.00000000,0.0000,off,false,not_evaluated,none,0.0000,0.0000,none,false,false,false,0.0000,none,false,none,0.0000,false,none,5.3677,1.5454,3.4734,1.7557,false,no_shrink,0.0000,none,none,false,false,none,0.0000,0.0000,0.0000,0.0000,none,false,false,0.0000,0.0000,false,false,-1,none,none,false,0.000,0.000,142.92100000,142.86700000,142.86700000,recent_equal_highs,0.05100000,0.3778,neckline_level,142.93900000,0.1920,false,true,true,false,not_blocked,8,4,4,m5_failure_exit,off,none,0.00000000,0.0000,1.30,142.74300000,4.200,-0.300,0.200,PERIOD_M15,143.17700000,142.81600000,0.2825,outside,0.000,true,142.91800000,143.05300000,0.13500000,142.74300000,1.296,0.10935714,18.00,0-30,true,false,none,not_consumed,4.300,4.300,none,0.0000,false,neckline_retest_failed,false,not_invalidated,
2025.04.15 16:20:00,order_sent,session_reversal_pullback_one_symbol_first120,USDJPY,SHORT,2025.04.15 16:15:00,16,13,22,london_newyork_overlap,2025.04.15 13:00,15,first_120min,true,true,3,USDJPY,highest_score_in_session_bar,london_newyork_overlap=USDJPY|EURJPY|GBPJPY|AUDJPY|EURUSD|GBPUSD,existing_first120_gate,london_newyork_overlap,false,false,true,passed_first_window,double_top,neckline_break_retest,142.93900000,PERIOD_M5,PERIOD_H1,PERIOD_M15,PERIOD_M5,PERIOD_M5,false,htf_soft_alignment,current_post_filter,transcript_post_filter,dow_range_or_transition,structure_trend_bias_dow_trend_down_ll_lh,dow_range_or_transition,structure_trend_bias_dow_trend_down_ll_lh,false,false,true,SHORT,PERIOD_M5,double_top,double_top,4.200,none,0.000,double_top,4.200,none,0.000,SHORT,false,PERIOD_H1_NONE_dow_range_or_transition|PERIOD_M15_SHORT_structure_trend_bias_dow_trend_down_ll_lh,true,h1_counter_m15_reversal,true,top_NONE_dow_range_or_transition|structure_SHORT_structure_trend_bias_dow_trend_down_ll_lh|structure_break_recent_confirmed_swing_break_failed|primary_break_recent_confirmed_swing_break_failed,none,below_75sma_falling,below_75sma_falling,below_75sma_falling,-1,0.00000000,-1,0.00000000,false,off,NONE,NONE,0.00000000,0.00000000,0.0000,none,0.000,true,SHORT,return_low_break_or_bos_down,142.67500000,3,143.17700000,142.67500000,false,off,independent,false,,,false,0.0000,none,0.0000,0.0000,none,0.0000,0.0000,0.0000,none,0.0000,0,0,0.0000,none,none,none,none,0.0000,0,0.0000,none,false,true,not_evaluated,true,required_light_or_anchor_flip,short_bias,142.81600000,2025.04.15 14:00:00,143.17700000,2025.04.15 14:30:00,2025.04.15 15:15:00,false,NONE,0.00000000,0.00000000,0.0000,-1,false,,-1,NONE,0.00000000,0.00000000,0.0000,0.0000,none,,none,false,NONE,-1,-1,-1,false,false,none,true,false,false,true,none,true,required,false,PERIOD_M5,,,-1,0.0000,false,0.00000000,0.0000,false,0.0000,false,none,none,false,no_anchor_flip_in_entry_direction,true,required_first_signal_only,SHORT,unknown,0.00000000,,0.00000000,,false,,-1,false,NONE,0.00000000,,0.00000000,0.0000,0.0000,none,-1,false,false,false,no_anchor_flip_in_entry_direction,,,,false,false,false,-1,-1,-1,-1,-1,false,false,false,0.0000,range_n,true,143.50400000,142.59000000,5.3901,false,0.0000,0.0000,0,none,true,0.3589,shallow_236_382,0.080,diagnostic_only,diagnostic_only,diagnostic_only,shallow_pullback,6,0.320,true,none,0.470,high_quality,false,false,diagnostic_only,both,true,none,true,diagnostic_adjacent_detected,required_light,false,false,LONG,4,false,false,1,2025.04.15 13:25:00,2025.04.15 15:25:00,10,5.3677,0.00000000,142.59000000,142.59000000,false,false,none,0.00000000,false,0.0000,0.0000,false,1,0.0000,false,-1,0.00000000,0.0000,off,false,not_evaluated,none,0.0000,0.0000,none,false,false,false,0.0000,none,false,none,0.0000,false,none,5.3677,1.5454,3.4734,1.7557,false,no_shrink,0.0000,none,none,false,false,none,0.0000,0.0000,0.0000,0.0000,none,false,false,0.0000,0.0000,false,false,-1,none,none,false,0.000,0.000,142.92100000,142.86700000,142.86700000,recent_equal_highs,0.05100000,0.3778,neckline_level,142.93900000,0.1920,false,true,true,false,not_blocked,8,4,4,m5_failure_exit,off,none,0.00000000,0.0000,1.30,142.74300000,4.200,-0.300,0.200,PERIOD_M15,143.17700000,142.81600000,0.2825,outside,0.000,true,142.91800000,143.05300000,0.13500000,142.74300000,1.296,0.10935714,18.00,0-30,true,false,none,order_sent,4.300,4.300,none,0.0000,false,neckline_retest_failed,false,not_invalidated,
2025.04.15 19:40:00,signal,session_reversal_pullback_one_symbol_first120,GBPJPY,SHORT,2025.04.15 19:35:00,19,16,1,new_york,2025.04.15 16:00,35,first_120min,true,true,3,GBPJPY,highest_score_in_session_bar,new_york=USDJPY|EURJPY|GBPJPY|AUDJPY|EURUSD|GBPUSD,existing_first120_gate,new_york,false,false,true,passed_first_window,double_top,neckline_break_retest,189.17800000,PERIOD_M5,PERIOD_H1,PERIOD_M15,PERIOD_M5,PERIOD_M5,false,htf_soft_alignment,current_post_filter,transcript_post_filter,dow_trend_up_hh_hl,no_ordered_dow_wave3_break,dow_trend_up_hh_hl,no_ordered_dow_wave3_break,false,false,true,SHORT,PERIOD_M5,double_top,double_top,4.200,none,0.000,double_top,4.200,none,0.000,SHORT,false,PERIOD_H1_LONG_dow_trend_up_hh_hl|PERIOD_M15_NONE_no_ordered_dow_wave3_break,true,h1_counter_m15_reversal,true,top_LONG_dow_trend_up_hh_hl|structure_NONE_no_ordered_dow_wave3_break|structure_break_recent_confirmed_swing_break_failed|primary_break_recent_confirmed_swing_break_retest,none,above_75sma_rising,above_75sma_rising,below_75sma_falling,-1,0.00000000,0,189.08800000,false,off,NONE,NONE,0.00000000,0.00000000,0.0000,none,0.000,true,SHORT,return_low_break_or_bos_down,188.84000000,15,189.33400000,188.63100000,false,off,independent,false,,,false,0.0000,none,0.0000,0.0000,none,0.0000,0.0000,0.0000,none,0.0000,0,0,0.0000,none,none,none,none,0.0000,0,0.0000,none,false,true,not_evaluated,true,required_light_or_anchor_flip,short_bias,188.54200000,2025.04.15 09:00:00,189.31100000,2025.04.15 14:30:00,2025.04.15 15:45:00,false,NONE,0.00000000,0.00000000,0.0000,-1,false,,-1,NONE,0.00000000,0.00000000,0.0000,0.0000,none,,none,false,NONE,-1,-1,-1,false,false,none,true,false,false,true,none,true,required,false,PERIOD_M5,,,-1,0.0000,false,0.00000000,0.0000,false,0.0000,false,none,none,false,no_anchor_flip_in_entry_direction,true,required_first_signal_only,SHORT,unknown,0.00000000,,0.00000000,,false,,-1,false,NONE,0.00000000,,0.00000000,0.0000,0.0000,none,-1,false,false,false,no_anchor_flip_in_entry_direction,,,,false,false,false,-1,-1,-1,-1,-1,false,false,false,0.0000,range_n,true,189.33400000,188.63100000,3.2100,false,0.0000,0.0000,0,none,true,0.6415,deep_618_786,0.120,diagnostic_only,diagnostic_only,diagnostic_only,shallow_pullback,24,0.320,true,none,0.470,high_quality,false,false,diagnostic_only,both,true,none,true,diagnostic_adjacent_detected,required_light,false,false,LONG,3,false,false,0,,,-1,0.0000,0.00000000,0.00000000,0.00000000,false,false,none,0.00000000,false,0.0000,0.0000,false,1,0.0000,false,-1,0.00000000,0.0000,off,false,not_evaluated,none,0.0000,0.0000,none,false,false,false,0.0000,none,false,none,0.0000,false,none,0.0000,0.0000,0.0000,0.0000,false,none,0.0000,none,none,false,false,none,0.0000,0.0000,0.0000,0.0000,none,false,false,0.0000,0.0000,false,false,-1,none,none,false,0.000,0.000,189.10300000,189.07600000,189.00000000,round_number,0.08200000,0.3004,session_low|opening_range_low|neckline_level,189.07600000,0.0472,false,true,true,false,not_blocked,4,3,1,m5_failure_exit,off,none,0.00000000,0.0000,1.30,188.72700000,4.200,-0.300,0.200,PERIOD_M15,189.31700000,188.77400000,0.5672,preferred_382_618,0.000,true,189.08200000,189.35500000,0.27300000,188.72700000,1.300,0.12707143,38.00,30-60,true,false,none,not_consumed,4.500,4.500,none,0.0000,false,opposite_break_first,true,opposite_break_first,spread_too_high
2025.04.15 19:40:00,blocked,session_reversal_pullback_one_symbol_first120,GBPJPY,SHORT,2025.04.15 19:35:00,19,16,1,new_york,2025.04.15 16:00,35,first_120min,true,true,3,GBPJPY,highest_score_in_session_bar,new_york=USDJPY|EURJPY|GBPJPY|AUDJPY|EURUSD|GBPUSD,existing_first120_gate,new_york,false,false,true,passed_first_window,double_top,neckline_break_retest,189.17800000,PERIOD_M5,PERIOD_H1,PERIOD_M15,PERIOD_M5,PERIOD_M5,false,htf_soft_alignment,current_post_filter,transcript_post_filter,dow_trend_up_hh_hl,no_ordered_dow_wave3_break,dow_trend_up_hh_hl,no_ordered_dow_wave3_break,false,false,true,SHORT,PERIOD_M5,double_top,double_top,4.200,none,0.000,double_top,4.200,none,0.000,SHORT,false,PERIOD_H1_LONG_dow_trend_up_hh_hl|PERIOD_M15_NONE_no_ordered_dow_wave3_break,true,h1_counter_m15_reversal,true,top_LONG_dow_trend_up_hh_hl|structure_NONE_no_ordered_dow_wave3_break|structure_break_recent_confirmed_swing_break_failed|primary_break_recent_confirmed_swing_break_retest,none,above_75sma_rising,above_75sma_rising,below_75sma_falling,-1,0.00000000,0,189.08800000,false,off,NONE,NONE,0.00000000,0.00000000,0.0000,none,0.000,true,SHORT,return_low_break_or_bos_down,188.84000000,15,189.33400000,188.63100000,false,off,independent,false,,,false,0.0000,none,0.0000,0.0000,none,0.0000,0.0000,0.0000,none,0.0000,0,0,0.0000,none,none,none,none,0.0000,0,0.0000,none,false,true,not_evaluated,true,required_light_or_anchor_flip,short_bias,188.54200000,2025.04.15 09:00:00,189.31100000,2025.04.15 14:30:00,2025.04.15 15:45:00,false,NONE,0.00000000,0.00000000,0.0000,-1,false,,-1,NONE,0.00000000,0.00000000,0.0000,0.0000,none,,none,false,NONE,-1,-1,-1,false,false,none,true,false,false,true,none,true,required,false,PERIOD_M5,,,-1,0.0000,false,0.00000000,0.0000,false,0.0000,false,none,none,false,no_anchor_flip_in_entry_direction,true,required_first_signal_only,SHORT,unknown,0.00000000,,0.00000000,,false,,-1,false,NONE,0.00000000,,0.00000000,0.0000,0.0000,none,-1,false,false,false,no_anchor_flip_in_entry_direction,,,,false,false,false,-1,-1,-1,-1,-1,false,false,false,0.0000,range_n,true,189.33400000,188.63100000,3.2100,false,0.0000,0.0000,0,none,true,0.6415,deep_618_786,0.120,diagnostic_only,diagnostic_only,diagnostic_only,shallow_pullback,24,0.320,true,none,0.470,high_quality,false,false,diagnostic_only,both,true,none,true,diagnostic_adjacent_detected,required_light,false,false,LONG,3,false,false,0,,,-1,0.0000,0.00000000,0.00000000,0.00000000,false,false,none,0.00000000,false,0.0000,0.0000,false,1,0.0000,false,-1,0.00000000,0.0000,off,false,not_evaluated,none,0.0000,0.0000,none,false,false,false,0.0000,none,false,none,0.0000,false,none,0.0000,0.0000,0.0000,0.0000,false,none,0.0000,none,none,false,false,none,0.0000,0.0000,0.0000,0.0000,none,false,false,0.0000,0.0000,false,false,-1,none,none,false,0.000,0.000,189.10300000,189.07600000,189.00000000,round_number,0.08200000,0.3004,session_low|opening_range_low|neckline_level,189.07600000,0.0472,false,true,true,false,not_blocked,4,3,1,m5_failure_exit,off,none,0.00000000,0.0000,1.30,188.72700000,4.200,-0.300,0.200,PERIOD_M15,189.31700000,188.77400000,0.5672,preferred_382_618,0.000,true,189.08200000,189.35500000,0.27300000,188.72700000,1.300,0.12707143,38.00,30-60,true,false,none,blocked_spread_too_high,4.500,4.500,none,0.0000,false,opposite_break_first,true,opposite_break_first,spread_too_high
2025.04.16 04:20:01,signal,session_reversal_pullback_one_symbol_first120,AUDJPY,SHORT,2025.04.16 04:15:00,4,1,10,tokyo,2025.04.16 00:00,75,first_120min,false,true,3,AUDJPY,highest_score_in_session_bar,tokyo=USDJPY|EURJPY|GBPJPY|AUDJPY,existing_first120_gate,tokyo,true,false,true,passed_first_window,head_and_shoulders,neckline_break_retest,90.55200000,PERIOD_M5,PERIOD_H1,PERIOD_M15,PERIOD_M5,PERIOD_M5,false,htf_soft_alignment,current_post_filter,transcript_post_filter,dow_range_or_transition,no_ordered_dow_wave3_break,dow_range_or_transition,no_ordered_dow_wave3_break,false,true,true,SHORT,PERIOD_M5,head_and_shoulders,head_and_shoulders,4.500,none,0.000,head_and_shoulders,4.500,none,0.000,SHORT,false,PERIOD_H1_NONE_dow_range_or_transition|PERIOD_M15_NONE_no_ordered_dow_wave3_break,true,h1_counter_m15_reversal,true,top_NONE_dow_range_or_transition|structure_NONE_no_ordered_dow_wave3_break|structure_break_recent_confirmed_swing_break_failed|primary_break_recent_confirmed_swing_break_retest,none,above_75sma_rising,below_75sma_falling,below_75sma_falling,-1,0.00000000,0,90.56700000,false,off,NONE,NONE,0.00000000,0.00000000,0.0000,none,0.000,true,SHORT,return_low_break_or_bos_down,90.48700000,1,90.93900000,90.37300000,false,off,independent,false,,,false,0.0000,none,0.0000,0.0000,none,0.0000,0.0000,0.0000,none,0.0000,0,0,0.0000,none,none,none,none,0.0000,0,0.0000,none,false,true,not_evaluated,true,required_light_or_anchor_flip,short_bias,90.88100000,2025.04.15 18:45:00,90.73700000,2025.04.16 02:00:00,2025.04.16 02:00:00,false,NONE,0.00000000,0.00000000,0.0000,-1,false,,-1,NONE,0.00000000,0.00000000,0.0000,0.0000,none,,none,false,NONE,-1,-1,-1,false,false,none,true,false,false,true,none,true,required,false,PERIOD_M5,,,-1,0.0000,false,0.00000000,0.0000,false,0.0000,false,none,none,false,no_anchor_flip_in_entry_direction,true,required_first_signal_only,SHORT,unknown,0.00000000,,0.00000000,,false,,-1,false,NONE,0.00000000,,0.00000000,0.0000,0.0000,none,-1,false,false,false,no_anchor_flip_in_entry_direction,,,,false,false,false,-1,-1,-1,-1,-1,false,false,false,0.0000,range_n,true,90.90300000,90.48700000,3.3204,false,0.0000,0.0000,0,none,true,0.3145,shallow_236_382,0.080,diagnostic_only,diagnostic_only,diagnostic_only,shallow_pullback,24,0.280,true,none,0.430,high_quality,false,false,diagnostic_only,both,true,none,true,diagnostic_adjacent_detected,required_light,false,false,LONG,4,false,false,1,2025.04.16 01:35:00,2025.04.16 03:30:00,9,4.6243,0.00000000,90.37300000,90.37300000,false,false,none,0.00000000,false,0.0000,0.0000,false,1,0.0000,false,-1,0.00000000,0.0000,off,false,not_evaluated,none,0.0000,0.0000,none,false,false,false,0.0000,none,false,none,0.0000,false,none,4.6243,1.6007,2.8889,0.5590,false,no_shrink,0.0000,none,none,false,false,none,0.0000,0.0000,0.0000,0.0000,none,false,false,0.0000,0.0000,false,false,-1,none,none,false,0.000,0.000,90.55200000,90.50000000,90.50000000,round_number,0.05100000,0.3953,neckline_level,90.55200000,0.0127,false,true,true,false,not_blocked,5,3,2,m5_failure_exit,off,none,0.00000000,0.0000,1.30,90.38300000,4.500,-0.300,0.200,PERIOD_M15,90.73700000,90.48700000,0.2560,outside,0.000,true,90.55100000,90.68000000,0.12900000,90.38300000,1.302,0.07871429,30.00,60-90,true,false,none,not_consumed,4.800,4.800,none,0.0000,false,neckline_retest_failed,false,not_invalidated,spread_too_high
2025.04.16 04:20:01,blocked,session_reversal_pullback_one_symbol_first120,AUDJPY,SHORT,2025.04.16 04:15:00,4,1,10,tokyo,2025.04.16 00:00,75,first_120min,false,true,3,AUDJPY,highest_score_in_session_bar,tokyo=USDJPY|EURJPY|GBPJPY|AUDJPY,existing_first120_gate,tokyo,true,false,true,passed_first_window,head_and_shoulders,neckline_break_retest,90.55200000,PERIOD_M5,PERIOD_H1,PERIOD_M15,PERIOD_M5,PERIOD_M5,false,htf_soft_alignment,current_post_filter,transcript_post_filter,dow_range_or_transition,no_ordered_dow_wave3_break,dow_range_or_transition,no_ordered_dow_wave3_break,false,true,true,SHORT,PERIOD_M5,head_and_shoulders,head_and_shoulders,4.500,none,0.000,head_and_shoulders,4.500,none,0.000,SHORT,false,PERIOD_H1_NONE_dow_range_or_transition|PERIOD_M15_NONE_no_ordered_dow_wave3_break,true,h1_counter_m15_reversal,true,top_NONE_dow_range_or_transition|structure_NONE_no_ordered_dow_wave3_break|structure_break_recent_confirmed_swing_break_failed|primary_break_recent_confirmed_swing_break_retest,none,above_75sma_rising,below_75sma_falling,below_75sma_falling,-1,0.00000000,0,90.56700000,false,off,NONE,NONE,0.00000000,0.00000000,0.0000,none,0.000,true,SHORT,return_low_break_or_bos_down,90.48700000,1,90.93900000,90.37300000,false,off,independent,false,,,false,0.0000,none,0.0000,0.0000,none,0.0000,0.0000,0.0000,none,0.0000,0,0,0.0000,none,none,none,none,0.0000,0,0.0000,none,false,true,not_evaluated,true,required_light_or_anchor_flip,short_bias,90.88100000,2025.04.15 18:45:00,90.73700000,2025.04.16 02:00:00,2025.04.16 02:00:00,false,NONE,0.00000000,0.00000000,0.0000,-1,false,,-1,NONE,0.00000000,0.00000000,0.0000,0.0000,none,,none,false,NONE,-1,-1,-1,false,false,none,true,false,false,true,none,true,required,false,PERIOD_M5,,,-1,0.0000,false,0.00000000,0.0000,false,0.0000,false,none,none,false,no_anchor_flip_in_entry_direction,true,required_first_signal_only,SHORT,unknown,0.00000000,,0.00000000,,false,,-1,false,NONE,0.00000000,,0.00000000,0.0000,0.0000,none,-1,false,false,false,no_anchor_flip_in_entry_direction,,,,false,false,false,-1,-1,-1,-1,-1,false,false,false,0.0000,range_n,true,90.90300000,90.48700000,3.3204,false,0.0000,0.0000,0,none,true,0.3145,shallow_236_382,0.080,diagnostic_only,diagnostic_only,diagnostic_only,shallow_pullback,24,0.280,true,none,0.430,high_quality,false,false,diagnostic_only,both,true,none,true,diagnostic_adjacent_detected,required_light,false,false,LONG,4,false,false,1,2025.04.16 01:35:00,2025.04.16 03:30:00,9,4.6243,0.00000000,90.37300000,90.37300000,false,false,none,0.00000000,false,0.0000,0.0000,false,1,0.0000,false,-1,0.00000000,0.0000,off,false,not_evaluated,none,0.0000,0.0000,none,false,false,false,0.0000,none,false,none,0.0000,false,none,4.6243,1.6007,2.8889,0.5590,false,no_shrink,0.0000,none,none,false,false,none,0.0000,0.0000,0.0000,0.0000,none,false,false,0.0000,0.0000,false,false,-1,none,none,false,0.000,0.000,90.55200000,90.50000000,90.50000000,round_number,0.05100000,0.3953,neckline_level,90.55200000,0.0127,false,true,true,false,not_blocked,5,3,2,m5_failure_exit,off,none,0.00000000,0.0000,1.30,90.38300000,4.500,-0.300,0.200,PERIOD_M15,90.73700000,90.48700000,0.2560,outside,0.000,true,90.55100000,90.68000000,0.12900000,90.38300000,1.302,0.07871429,30.00,60-90,true,false,none,blocked_spread_too_high,4.800,4.800,none,0.0000,false,neckline_retest_failed,false,not_invalidated,spread_too_high
2025.04.16 17:50:00,signal,session_reversal_pullback_one_symbol_first120,GBPUSD,SHORT,2025.04.16 17:45:00,17,14,23,london_newyork_overlap,2025.04.16 13:00,105,first_120min,false,true,3,GBPUSD,highest_score_in_session_bar,london_newyork_overlap=USDJPY|EURJPY|GBPJPY|AUDJPY|EURUSD|GBPUSD,existing_first120_gate,london_newyork_overlap,true,false,true,passed_first_window,double_top,neckline_break_retest,1.32606000,PERIOD_M5,PERIOD_H1,PERIOD_M15,PERIOD_M5,PERIOD_M5,false,htf_soft_alignment,current_post_filter,transcript_post_filter,dow_trend_up_hh_hl,ordered_dow_wave3_break_below_swing_low,dow_trend_up_hh_hl,ordered_dow_wave3_break_below_swing_low,false,false,true,SHORT,PERIOD_M5,double_top,double_top,4.200,none,0.000,double_top,4.200,none,0.000,SHORT,true,PERIOD_H1_LONG_dow_trend_up_hh_hl|PERIOD_M15_SHORT_ordered_dow_wave3_break_below_swing_low,true,h1_counter_m15_reversal,true,top_LONG_dow_trend_up_hh_hl|structure_SHORT_ordered_dow_wave3_break_below_swing_low|structure_break_recent_confirmed_swing_break_retest|primary_break_recent_confirmed_swing_break_failed,none,above_75sma_rising,below_75sma_flat_or_rising,below_75sma_falling,0,1.32495000,-1,0.00000000,false,off,NONE,NONE,0.00000000,0.00000000,0.0000,none,0.000,true,SHORT,return_low_break_or_bos_down,1.32495000,0,1.32709000,1.32495000,false,off,independent,false,,,false,0.0000,none,0.0000,0.0000,none,0.0000,0.0000,0.0000,none,0.0000,0,0,0.0000,none,none,none,none,0.0000,0,0.0000,none,false,true,not_evaluated,true,required_light_or_anchor_flip,short_bias,1.32660000,2025.04.16 11:30:00,1.32750000,2025.04.16 14:30:00,2025.04.16 15:30:00,false,NONE,0.00000000,0.00000000,0.0000,-1,false,,-1,NONE,0.00000000,0.00000000,0.0000,0.0000,none,,none,false,NONE,-1,-1,-1,false,false,none,true,false,false,true,none,true,required,false,PERIOD_M5,,,-1,0.0000,false,0.00000000,0.0000,false,0.0000,false,none,none,false,no_anchor_flip_in_entry_direction,true,required_first_signal_only,SHORT,unknown,0.00000000,,0.00000000,,false,,-1,false,NONE,0.00000000,,0.00000000,0.0000,0.0000,none,-1,false,false,false,no_anchor_flip_in_entry_direction,,,,false,false,false,-1,-1,-1,-1,-1,false,false,false,0.0000,falling_n,false,1.32914000,1.32495000,3.5084,false,0.0000,0.0000,0,none,true,0.3764,shallow_236_382,0.080,diagnostic_only,diagnostic_only,diagnostic_only,shallow_pullback,4,0.320,true,none,0.470,high_quality,false,false,diagnostic_only,both,true,none,true,diagnostic_adjacent_detected,required_light,false,false,LONG,5,false,false,1,2025.04.16 15:50:00,2025.04.16 17:20:00,5,3.5956,0.00000000,1.32380000,1.32380000,false,false,none,0.00000000,false,0.0000,0.0000,false,1,0.0000,false,-1,0.00000000,0.0000,off,false,not_evaluated,none,0.0000,0.0000,none,false,false,false,0.0000,none,false,none,0.0000,false,none,3.5956,1.3661,2.6320,0.8634,false,no_shrink,0.0000,none,none,false,false,none,0.0000,0.0000,0.0000,0.0000,none,false,false,0.0000,0.0000,false,false,-1,none,none,false,0.000,0.000,1.32606000,1.32540000,1.32540000,opening_range_low,0.00041000,0.3694,neckline_level,1.32606000,0.2732,false,true,true,false,not_blocked,7,4,3,m5_failure_exit,off,none,0.00000000,0.0000,1.30,1.32436000,4.200,-0.300,0.200,PERIOD_M15,1.32709000,1.32495000,0.4019,preferred_382_618,0.000,true,1.32581000,1.32692000,0.00111000,1.32436000,1.306,0.00091500,20.00,90-120,true,false,none,not_consumed,4.650,4.650,none,0.0000,false,opposite_break_first,true,opposite_break_first,spread_too_high
2025.04.16 17:50:00,blocked,session_reversal_pullback_one_symbol_first120,GBPUSD,SHORT,2025.04.16 17:45:00,17,14,23,london_newyork_overlap,2025.04.16 13:00,105,first_120min,false,true,3,GBPUSD,highest_score_in_session_bar,london_newyork_overlap=USDJPY|EURJPY|GBPJPY|AUDJPY|EURUSD|GBPUSD,existing_first120_gate,london_newyork_overlap,true,false,true,passed_first_window,double_top,neckline_break_retest,1.32606000,PERIOD_M5,PERIOD_H1,PERIOD_M15,PERIOD_M5,PERIOD_M5,false,htf_soft_alignment,current_post_filter,transcript_post_filter,dow_trend_up_hh_hl,ordered_dow_wave3_break_below_swing_low,dow_trend_up_hh_hl,ordered_dow_wave3_break_below_swing_low,false,false,true,SHORT,PERIOD_M5,double_top,double_top,4.200,none,0.000,double_top,4.200,none,0.000,SHORT,true,PERIOD_H1_LONG_dow_trend_up_hh_hl|PERIOD_M15_SHORT_ordered_dow_wave3_break_below_swing_low,true,h1_counter_m15_reversal,true,top_LONG_dow_trend_up_hh_hl|structure_SHORT_ordered_dow_wave3_break_below_swing_low|structure_break_recent_confirmed_swing_break_retest|primary_break_recent_confirmed_swing_break_failed,none,above_75sma_rising,below_75sma_flat_or_rising,below_75sma_falling,0,1.32495000,-1,0.00000000,false,off,NONE,NONE,0.00000000,0.00000000,0.0000,none,0.000,true,SHORT,return_low_break_or_bos_down,1.32495000,0,1.32709000,1.32495000,false,off,independent,false,,,false,0.0000,none,0.0000,0.0000,none,0.0000,0.0000,0.0000,none,0.0000,0,0,0.0000,none,none,none,none,0.0000,0,0.0000,none,false,true,not_evaluated,true,required_light_or_anchor_flip,short_bias,1.32660000,2025.04.16 11:30:00,1.32750000,2025.04.16 14:30:00,2025.04.16 15:30:00,false,NONE,0.00000000,0.00000000,0.0000,-1,false,,-1,NONE,0.00000000,0.00000000,0.0000,0.0000,none,,none,false,NONE,-1,-1,-1,false,false,none,true,false,false,true,none,true,required,false,PERIOD_M5,,,-1,0.0000,false,0.00000000,0.0000,false,0.0000,false,none,none,false,no_anchor_flip_in_entry_direction,true,required_first_signal_only,SHORT,unknown,0.00000000,,0.00000000,,false,,-1,false,NONE,0.00000000,,0.00000000,0.0000,0.0000,none,-1,false,false,false,no_anchor_flip_in_entry_direction,,,,false,false,false,-1,-1,-1,-1,-1,false,false,false,0.0000,falling_n,false,1.32914000,1.32495000,3.5084,false,0.0000,0.0000,0,none,true,0.3764,shallow_236_382,0.080,diagnostic_only,diagnostic_only,diagnostic_only,shallow_pullback,4,0.320,true,none,0.470,high_quality,false,false,diagnostic_only,both,true,none,true,diagnostic_adjacent_detected,required_light,false,false,LONG,5,false,false,1,2025.04.16 15:50:00,2025.04.16 17:20:00,5,3.5956,0.00000000,1.32380000,1.32380000,false,false,none,0.00000000,false,0.0000,0.0000,false,1,0.0000,false,-1,0.00000000,0.0000,off,false,not_evaluated,none,0.0000,0.0000,none,false,false,false,0.0000,none,false,none,0.0000,false,none,3.5956,1.3661,2.6320,0.8634,false,no_shrink,0.0000,none,none,false,false,none,0.0000,0.0000,0.0000,0.0000,none,false,false,0.0000,0.0000,false,false,-1,none,none,false,0.000,0.000,1.32606000,1.32540000,1.32540000,opening_range_low,0.00041000,0.3694,neckline_level,1.32606000,0.2732,false,true,true,false,not_blocked,7,4,3,m5_failure_exit,off,none,0.00000000,0.0000,1.30,1.32436000,4.200,-0.300,0.200,PERIOD_M15,1.32709000,1.32495000,0.4019,preferred_382_618,0.000,true,1.32581000,1.32692000,0.00111000,1.32436000,1.306,0.00091500,20.00,90-120,true,false,none,blocked_spread_too_high,4.650,4.650,none,0.0000,false,opposite_break_first,true,opposite_break_first,spread_too_high
2025.04.17 03:15:00,signal,session_reversal_pullback_one_symbol_first120,EURJPY,SHORT,2025.04.17 03:10:00,3,0,9,tokyo,2025.04.17 00:00,10,first_120min,true,true,3,EURJPY,highest_score_in_session_bar,tokyo=USDJPY|EURJPY|GBPJPY|AUDJPY,existing_first120_gate,tokyo,false,false,true,passed_first_window,sweep_high_reclaim,sweep_reclaim_retest,162.14000000,PERIOD_M5,PERIOD_H1,PERIOD_M15,PERIOD_M5,PERIOD_M5,false,htf_soft_alignment,current_post_filter,transcript_post_filter,dow_range_or_transition,structure_trend_bias_dow_trend_down_ll_lh,dow_range_or_transition,structure_trend_bias_dow_trend_down_ll_lh,false,false,true,SHORT,PERIOD_M5,sweep_high_reclaim,sweep_high_reclaim,3.400,none,0.000,sweep_high_reclaim,3.400,none,0.000,SHORT,false,PERIOD_H1_NONE_dow_range_or_transition|PERIOD_M15_SHORT_structure_trend_bias_dow_trend_down_ll_lh,true,h1_counter_m15_reversal,true,top_NONE_dow_range_or_transition|structure_SHORT_structure_trend_bias_dow_trend_down_ll_lh|structure_break_recent_confirmed_swing_break_failed|primary_break_recent_confirmed_swing_break_failed,none,below_75sma_falling,below_75sma_flat_or_rising,above_75sma_flat_or_falling,-1,0.00000000,-1,0.00000000,false,off,NONE,NONE,0.00000000,0.00000000,0.0000,none,0.000,true,SHORT,return_low_break_or_bos_down,161.54200000,9,161.74600000,161.42300000,false,off,independent,false,,,false,0.0000,none,0.0000,0.0000,none,0.0000,0.0000,0.0000,none,0.0000,0,0,0.0000,none,none,none,none,0.0000,0,0.0000,none,false,true,not_evaluated,true,required_light_or_anchor_flip,short_bias,161.75900000,2025.04.16 16:45:00,161.83200000,2025.04.16 23:15:00,2025.04.17 00:45:00,false,NONE,0.00000000,0.00000000,0.0000,-1,false,,-1,NONE,0.00000000,0.00000000,0.0000,0.0000,none,,none,false,NONE,-1,-1,-1,false,false,none,true,false,false,true,none,true,required,false,PERIOD_M5,,,-1,0.0000,false,0.00000000,0.0000,false,0.0000,false,none,none,false,no_anchor_flip_in_entry_direction,true,required_first_signal_only,SHORT,unknown,0.00000000,,0.00000000,,false,,-1,false,NONE,0.00000000,,0.00000000,0.0000,0.0000,none,-1,false,false,false,no_anchor_flip_in_entry_direction,,,,false,false,false,-1,-1,-1,-1,-1,false,false,false,0.0000,falling_n,false,162.26500000,161.42300000,4.9655,false,0.0000,0.0000,0,none,true,0.8066,too_deep,0.000,diagnostic_only,diagnostic_only,diagnostic_only,fib_pullback,7,0.290,true,none,0.440,medium_quality,false,false,diagnostic_only,both,true,none,true,diagnostic_adjacent_detected,required_light,false,false,LONG,7,false,false,0,2025.04.17 01:55:00,2025.04.17 02:35:00,7,1.6407,0.00000000,161.50100000,161.50100000,false,false,none,0.00000000,false,0.0000,0.0000,false,1,0.0000,false,-1,0.00000000,0.0000,off,false,not_evaluated,none,0.0000,0.0000,none,false,false,false,0.0000,none,false,none,0.0000,false,none,1.4305,1.4305,1.0000,0.0000,true,strong_exhaustion,0.0000,none,none,false,false,none,0.0000,0.0000,0.0000,0.0000,none,false,false,0.0000,0.0000,false,false,-1,none,none,false,0.000,0.000,162.14000000,161.74600000,161.74600000,structure_confirmed_swing_high,0.09400000,0.2442,neckline_level,162.14000000,2.0339,false,true,true,false,not_blocked,14,8,6,m5_failure_exit,off,none,0.00000000,0.0000,1.30,161.34000000,3.400,-0.300,0.200,PERIOD_M15,161.74600000,161.42300000,1.2910,outside,0.000,true,161.84000000,162.22500000,0.38500000,161.34000000,1.299,0.14750000,30.00,0-30,true,false,none,not_consumed,3.500,3.500,none,0.0000,false,opposite_break_first,true,opposite_break_first,spread_too_high
2025.04.17 03:15:00,blocked,session_reversal_pullback_one_symbol_first120,EURJPY,SHORT,2025.04.17 03:10:00,3,0,9,tokyo,2025.04.17 00:00,10,first_120min,true,true,3,EURJPY,highest_score_in_session_bar,tokyo=USDJPY|EURJPY|GBPJPY|AUDJPY,existing_first120_gate,tokyo,false,false,true,passed_first_window,sweep_high_reclaim,sweep_reclaim_retest,162.14000000,PERIOD_M5,PERIOD_H1,PERIOD_M15,PERIOD_M5,PERIOD_M5,false,htf_soft_alignment,current_post_filter,transcript_post_filter,dow_range_or_transition,structure_trend_bias_dow_trend_down_ll_lh,dow_range_or_transition,structure_trend_bias_dow_trend_down_ll_lh,false,false,true,SHORT,PERIOD_M5,sweep_high_reclaim,sweep_high_reclaim,3.400,none,0.000,sweep_high_reclaim,3.400,none,0.000,SHORT,false,PERIOD_H1_NONE_dow_range_or_transition|PERIOD_M15_SHORT_structure_trend_bias_dow_trend_down_ll_lh,true,h1_counter_m15_reversal,true,top_NONE_dow_range_or_transition|structure_SHORT_structure_trend_bias_dow_trend_down_ll_lh|structure_break_recent_confirmed_swing_break_failed|primary_break_recent_confirmed_swing_break_failed,none,below_75sma_falling,below_75sma_flat_or_rising,above_75sma_flat_or_falling,-1,0.00000000,-1,0.00000000,false,off,NONE,NONE,0.00000000,0.00000000,0.0000,none,0.000,true,SHORT,return_low_break_or_bos_down,161.54200000,9,161.74600000,161.42300000,false,off,independent,false,,,false,0.0000,none,0.0000,0.0000,none,0.0000,0.0000,0.0000,none,0.0000,0,0,0.0000,none,none,none,none,0.0000,0,0.0000,none,false,true,not_evaluated,true,required_light_or_anchor_flip,short_bias,161.75900000,2025.04.16 16:45:00,161.83200000,2025.04.16 23:15:00,2025.04.17 00:45:00,false,NONE,0.00000000,0.00000000,0.0000,-1,false,,-1,NONE,0.00000000,0.00000000,0.0000,0.0000,none,,none,false,NONE,-1,-1,-1,false,false,none,true,false,false,true,none,true,required,false,PERIOD_M5,,,-1,0.0000,false,0.00000000,0.0000,false,0.0000,false,none,none,false,no_anchor_flip_in_entry_direction,true,required_first_signal_only,SHORT,unknown,0.00000000,,0.00000000,,false,,-1,false,NONE,0.00000000,,0.00000000,0.0000,0.0000,none,-1,false,false,false,no_anchor_flip_in_entry_direction,,,,false,false,false,-1,-1,-1,-1,-1,false,false,false,0.0000,falling_n,false,162.26500000,161.42300000,4.9655,false,0.0000,0.0000,0,none,true,0.8066,too_deep,0.000,diagnostic_only,diagnostic_only,diagnostic_only,fib_pullback,7,0.290,true,none,0.440,medium_quality,false,false,diagnostic_only,both,true,none,true,diagnostic_adjacent_detected,required_light,false,false,LONG,7,false,false,0,2025.04.17 01:55:00,2025.04.17 02:35:00,7,1.6407,0.00000000,161.50100000,161.50100000,false,false,none,0.00000000,false,0.0000,0.0000,false,1,0.0000,false,-1,0.00000000,0.0000,off,false,not_evaluated,none,0.0000,0.0000,none,false,false,false,0.0000,none,false,none,0.0000,false,none,1.4305,1.4305,1.0000,0.0000,true,strong_exhaustion,0.0000,none,none,false,false,none,0.0000,0.0000,0.0000,0.0000,none,false,false,0.0000,0.0000,false,false,-1,none,none,false,0.000,0.000,162.14000000,161.74600000,161.74600000,structure_confirmed_swing_high,0.09400000,0.2442,neckline_level,162.14000000,2.0339,false,true,true,false,not_blocked,14,8,6,m5_failure_exit,off,none,0.00000000,0.0000,1.30,161.34000000,3.400,-0.300,0.200,PERIOD_M15,161.74600000,161.42300000,1.2910,outside,0.000,true,161.84000000,162.22500000,0.38500000,161.34000000,1.299,0.14750000,30.00,0-30,true,false,none,blocked_spread_too_high,3.500,3.500,none,0.0000,false,opposite_break_first,true,opposite_break_first,spread_too_high
2025.04.17 17:50:00,signal,session_reversal_pullback_one_symbol_first120,EURUSD,LONG,2025.04.17 17:45:00,17,14,23,london_newyork_overlap,2025.04.17 13:00,105,first_120min,false,true,3,EURUSD,highest_score_in_session_bar,london_newyork_overlap=USDJPY|EURJPY|GBPJPY|AUDJPY|EURUSD|GBPUSD,existing_first120_gate,london_newyork_overlap,true,false,true,passed_first_window,double_bottom,neckline_break_retest,1.13627000,PERIOD_M5,PERIOD_H1,PERIOD_M15,PERIOD_M5,PERIOD_M5,false,htf_soft_alignment,current_post_filter,transcript_post_filter,dow_range_or_transition,structure_trend_bias_dow_trend_down_ll_lh,dow_range_or_transition,structure_trend_bias_dow_trend_down_ll_lh,false,true,false,LONG,PERIOD_M5,double_bottom,double_bottom,4.200,none,0.000,double_bottom,4.200,none,0.000,LONG,false,PERIOD_H1_NONE_dow_range_or_transition|PERIOD_M15_SHORT_structure_trend_bias_dow_trend_down_ll_lh,true,h1_counter_m15_reversal,true,top_NONE_dow_range_or_transition|structure_SHORT_structure_trend_bias_dow_trend_down_ll_lh|structure_break_recent_confirmed_swing_break_retest|primary_break_recent_confirmed_swing_break_failed,none,above_75sma_flat_or_falling,above_75sma_flat_or_falling,below_75sma_falling,1,1.13734000,-1,0.00000000,false,off,NONE,NONE,0.00000000,0.00000000,0.0000,none,0.000,true,LONG,return_high_break_or_bos_up,1.13734000,1,1.13879000,1.13345000,false,off,independent,false,,,false,0.0000,none,0.0000,0.0000,none,0.0000,0.0000,0.0000,none,0.0000,0,0,0.0000,none,none,none,none,0.0000,0,0.0000,none,false,true,not_evaluated,true,required_light_or_anchor_flip,long_bias,1.13345000,2025.04.17 15:15:00,1.13694000,2025.04.17 14:15:00,2025.04.17 16:00:00,false,NONE,0.00000000,0.00000000,0.0000,-1,false,,-1,NONE,0.00000000,0.00000000,0.0000,0.0000,none,,none,false,NONE,-1,-1,-1,false,false,none,true,false,false,true,none,true,required,false,PERIOD_M5,,,-1,0.0000,false,0.00000000,0.0000,false,0.0000,false,none,none,false,no_anchor_flip_in_entry_direction,true,required_first_signal_only,LONG,unknown,0.00000000,,0.00000000,,false,,-1,false,NONE,0.00000000,,0.00000000,0.0000,0.0000,none,-1,false,false,false,no_anchor_flip_in_entry_direction,,,,false,false,false,-1,-1,-1,-1,-1,false,false,false,0.0000,range_n,true,1.13879000,1.13345000,3.3813,false,0.0000,0.0000,0,none,true,0.4232,preferred_382_618,0.200,diagnostic_only,diagnostic_only,diagnostic_only,shallow_pullback,24,0.450,true,none,0.600,high_quality,false,false,diagnostic_only,both,true,none,true,diagnostic_adjacent_detected,required_light,false,false,SHORT,4,false,false,0,2025.04.17 15:20:00,2025.04.17 17:25:00,4,5.6924,1.13850000,0.00000000,1.13850000,false,false,none,0.00000000,false,0.0000,0.0000,false,1,0.0000,false,-1,0.00000000,0.0000,off,false,not_evaluated,none,0.0000,0.0000,none,false,false,false,0.0000,none,false,none,0.0000,false,none,3.5169,4.7907,0.7341,0.0000,true,strong_exhaustion,0.0000,none,none,false,false,none,0.0000,0.0000,0.0000,0.0000,none,false,false,0.0000,0.0000,false,false,-1,none,none,false,0.000,0.000,1.13674000,1.13638000,1.13674000,pre_session_high,0.00021000,0.2561,neckline_level,1.13627000,0.2931,false,true,true,false,not_blocked,2,1,1,m5_failure_exit,off,none,0.00000000,0.0000,1.30,1.13760000,4.200,-0.300,0.200,PERIOD_M15,1.13770000,1.13345000,0.2753,outside,0.000,true,1.13653000,1.13571000,0.00082000,1.13760000,1.305,0.00088714,18.00,90-120,true,false,none,not_consumed,4.650,4.650,none,0.0000,false,neckline_retest_failed,false,not_invalidated,spread_too_high
2025.04.17 17:50:00,blocked,session_reversal_pullback_one_symbol_first120,EURUSD,LONG,2025.04.17 17:45:00,17,14,23,london_newyork_overlap,2025.04.17 13:00,105,first_120min,false,true,3,EURUSD,highest_score_in_session_bar,london_newyork_overlap=USDJPY|EURJPY|GBPJPY|AUDJPY|EURUSD|GBPUSD,existing_first120_gate,london_newyork_overlap,true,false,true,passed_first_window,double_bottom,neckline_break_retest,1.13627000,PERIOD_M5,PERIOD_H1,PERIOD_M15,PERIOD_M5,PERIOD_M5,false,htf_soft_alignment,current_post_filter,transcript_post_filter,dow_range_or_transition,structure_trend_bias_dow_trend_down_ll_lh,dow_range_or_transition,structure_trend_bias_dow_trend_down_ll_lh,false,true,false,LONG,PERIOD_M5,double_bottom,double_bottom,4.200,none,0.000,double_bottom,4.200,none,0.000,LONG,false,PERIOD_H1_NONE_dow_range_or_transition|PERIOD_M15_SHORT_structure_trend_bias_dow_trend_down_ll_lh,true,h1_counter_m15_reversal,true,top_NONE_dow_range_or_transition|structure_SHORT_structure_trend_bias_dow_trend_down_ll_lh|structure_break_recent_confirmed_swing_break_retest|primary_break_recent_confirmed_swing_break_failed,none,above_75sma_flat_or_falling,above_75sma_flat_or_falling,below_75sma_falling,1,1.13734000,-1,0.00000000,false,off,NONE,NONE,0.00000000,0.00000000,0.0000,none,0.000,true,LONG,return_high_break_or_bos_up,1.13734000,1,1.13879000,1.13345000,false,off,independent,false,,,false,0.0000,none,0.0000,0.0000,none,0.0000,0.0000,0.0000,none,0.0000,0,0,0.0000,none,none,none,none,0.0000,0,0.0000,none,false,true,not_evaluated,true,required_light_or_anchor_flip,long_bias,1.13345000,2025.04.17 15:15:00,1.13694000,2025.04.17 14:15:00,2025.04.17 16:00:00,false,NONE,0.00000000,0.00000000,0.0000,-1,false,,-1,NONE,0.00000000,0.00000000,0.0000,0.0000,none,,none,false,NONE,-1,-1,-1,false,false,none,true,false,false,true,none,true,required,false,PERIOD_M5,,,-1,0.0000,false,0.00000000,0.0000,false,0.0000,false,none,none,false,no_anchor_flip_in_entry_direction,true,required_first_signal_only,LONG,unknown,0.00000000,,0.00000000,,false,,-1,false,NONE,0.00000000,,0.00000000,0.0000,0.0000,none,-1,false,false,false,no_anchor_flip_in_entry_direction,,,,false,false,false,-1,-1,-1,-1,-1,false,false,false,0.0000,range_n,true,1.13879000,1.13345000,3.3813,false,0.0000,0.0000,0,none,true,0.4232,preferred_382_618,0.200,diagnostic_only,diagnostic_only,diagnostic_only,shallow_pullback,24,0.450,true,none,0.600,high_quality,false,false,diagnostic_only,both,true,none,true,diagnostic_adjacent_detected,required_light,false,false,SHORT,4,false,false,0,2025.04.17 15:20:00,2025.04.17 17:25:00,4,5.6924,1.13850000,0.00000000,1.13850000,false,false,none,0.00000000,false,0.0000,0.0000,false,1,0.0000,false,-1,0.00000000,0.0000,off,false,not_evaluated,none,0.0000,0.0000,none,false,false,false,0.0000,none,false,none,0.0000,false,none,3.5169,4.7907,0.7341,0.0000,true,strong_exhaustion,0.0000,none,none,false,false,none,0.0000,0.0000,0.0000,0.0000,none,false,false,0.0000,0.0000,false,false,-1,none,none,false,0.000,0.000,1.13674000,1.13638000,1.13674000,pre_session_high,0.00021000,0.2561,neckline_level,1.13627000,0.2931,false,true,true,false,not_blocked,2,1,1,m5_failure_exit,off,none,0.00000000,0.0000,1.30,1.13760000,4.200,-0.300,0.200,PERIOD_M15,1.13770000,1.13345000,0.2753,outside,0.000,true,1.13653000,1.13571000,0.00082000,1.13760000,1.305,0.00088714,18.00,90-120,true,false,none,blocked_spread_too_high,4.650,4.650,none,0.0000,false,neckline_retest_failed,false,not_invalidated,spread_too_high
2025.04.17 19:15:00,signal,session_reversal_pullback_one_symbol_first120,EURUSD,SHORT,2025.04.17 19:10:00,19,16,1,new_york,2025.04.17 16:00,10,first_120min,true,true,3,EURUSD,highest_score_in_session_bar,new_york=USDJPY|EURJPY|GBPJPY|AUDJPY|EURUSD|GBPUSD,existing_first120_gate,new_york,false,false,true,passed_first_window,head_and_shoulders,neckline_break_retest,1.13627000,PERIOD_M5,PERIOD_H1,PERIOD_M15,PERIOD_M5,PERIOD_M5,false,htf_soft_alignment,current_post_filter,transcript_post_filter,dow_range_or_transition,no_ordered_dow_wave3_break,dow_range_or_transition,no_ordered_dow_wave3_break,false,true,true,SHORT,PERIOD_M5,head_and_shoulders,head_and_shoulders,4.500,none,0.000,head_and_shoulders,4.500,none,0.000,SHORT,false,PERIOD_H1_NONE_dow_range_or_transition|PERIOD_M15_NONE_no_ordered_dow_wave3_break,true,h1_counter_m15_reversal,true,top_NONE_dow_range_or_transition|structure_NONE_no_ordered_dow_wave3_break|structure_break_recent_confirmed_swing_break_failed|primary_break_recent_confirmed_swing_break_continuation,none,above_75sma_flat_or_falling,below_75sma_falling,below_75sma_falling,-1,0.00000000,0,1.13693000,false,off,NONE,NONE,0.00000000,0.00000000,0.0000,none,0.000,true,SHORT,return_low_break_or_bos_down,1.13425000,15,1.13850000,1.13345000,false,off,independent,false,,,false,0.0000,none,0.0000,0.0000,none,0.0000,0.0000,0.0000,none,0.0000,0,0,0.0000,none,none,none,none,0.0000,0,0.0000,none,false,true,not_evaluated,true,required_light_or_anchor_flip,long_bias,1.13345000,2025.04.17 15:15:00,1.13694000,2025.04.17 14:15:00,2025.04.17 17:15:00,false,NONE,0.00000000,0.00000000,0.0000,-1,false,,-1,NONE,0.00000000,0.00000000,0.0000,0.0000,none,,none,false,NONE,-1,-1,-1,false,false,none,false,true,false,true,none,true,required,false,PERIOD_M5,,,-1,0.0000,false,0.00000000,0.0000,false,0.0000,false,none,none,false,no_anchor_flip_in_entry_direction,true,required_first_signal_only,SHORT,unknown,0.00000000,,0.00000000,,false,,-1,false,NONE,0.00000000,,0.00000000,0.0000,0.0000,none,-1,false,false,false,no_anchor_flip_in_entry_direction,,,,false,false,false,-1,-1,-1,-1,-1,false,false,false,0.0000,rising_n,false,1.13879000,1.13345000,3.1202,false,0.0000,0.0000,0,none,true,0.4970,preferred_382_618,0.200,diagnostic_only,diagnostic_only,diagnostic_only,fib_pullback,24,0.450,true,none,0.600,high_quality,false,false,diagnostic_only,both,true,none,true,diagnostic_adjacent_detected,required_light,false,false,LONG,4,false,false,0,2025.04.17 16:50:00,2025.04.17 18:30:00,8,6.4795,0.00000000,1.13377000,1.13377000,false,false,none,0.00000000,false,0.0000,0.0000,false,1,0.0000,false,-1,0.00000000,0.0000,off,false,not_evaluated,none,0.0000,0.0000,none,false,false,false,0.0000,none,false,none,0.0000,false,none,5.2329,4.2740,1.2244,0.0000,true,strong_exhaustion,0.0000,none,none,false,false,none,0.0000,0.0000,0.0000,0.0000,none,false,false,0.0000,0.0000,false,false,-1,none,none,false,0.000,0.000,1.13627000,1.13578444,1.13578444,recent_equal_lows,0.00017556,0.1194,neckline_level,1.13627000,0.4247,false,true,true,false,not_blocked,7,5,2,m5_failure_exit,off,none,0.00000000,0.0000,1.30,1.13405000,4.500,-0.300,0.200,PERIOD_M15,1.13850000,1.13377000,0.4630,preferred_382_618,0.000,true,1.13596000,1.13743000,0.00147000,1.13405000,1.299,0.00073000,18.00,0-30,true,false,none,not_consumed,4.800,4.800,none,0.0000,false,opposite_break_first,true,opposite_break_first,spread_too_high
2025.04.17 19:15:00,blocked,session_reversal_pullback_one_symbol_first120,EURUSD,SHORT,2025.04.17 19:10:00,19,16,1,new_york,2025.04.17 16:00,10,first_120min,true,true,3,EURUSD,highest_score_in_session_bar,new_york=USDJPY|EURJPY|GBPJPY|AUDJPY|EURUSD|GBPUSD,existing_first120_gate,new_york,false,false,true,passed_first_window,head_and_shoulders,neckline_break_retest,1.13627000,PERIOD_M5,PERIOD_H1,PERIOD_M15,PERIOD_M5,PERIOD_M5,false,htf_soft_alignment,current_post_filter,transcript_post_filter,dow_range_or_transition,no_ordered_dow_wave3_break,dow_range_or_transition,no_ordered_dow_wave3_break,false,true,true,SHORT,PERIOD_M5,head_and_shoulders,head_and_shoulders,4.500,none,0.000,head_and_shoulders,4.500,none,0.000,SHORT,false,PERIOD_H1_NONE_dow_range_or_transition|PERIOD_M15_NONE_no_ordered_dow_wave3_break,true,h1_counter_m15_reversal,true,top_NONE_dow_range_or_transition|structure_NONE_no_ordered_dow_wave3_break|structure_break_recent_confirmed_swing_break_failed|primary_break_recent_confirmed_swing_break_continuation,none,above_75sma_flat_or_falling,below_75sma_falling,below_75sma_falling,-1,0.00000000,0,1.13693000,false,off,NONE,NONE,0.00000000,0.00000000,0.0000,none,0.000,true,SHORT,return_low_break_or_bos_down,1.13425000,15,1.13850000,1.13345000,false,off,independent,false,,,false,0.0000,none,0.0000,0.0000,none,0.0000,0.0000,0.0000,none,0.0000,0,0,0.0000,none,none,none,none,0.0000,0,0.0000,none,false,true,not_evaluated,true,required_light_or_anchor_flip,long_bias,1.13345000,2025.04.17 15:15:00,1.13694000,2025.04.17 14:15:00,2025.04.17 17:15:00,false,NONE,0.00000000,0.00000000,0.0000,-1,false,,-1,NONE,0.00000000,0.00000000,0.0000,0.0000,none,,none,false,NONE,-1,-1,-1,false,false,none,false,true,false,true,none,true,required,false,PERIOD_M5,,,-1,0.0000,false,0.00000000,0.0000,false,0.0000,false,none,none,false,no_anchor_flip_in_entry_direction,true,required_first_signal_only,SHORT,unknown,0.00000000,,0.00000000,,false,,-1,false,NONE,0.00000000,,0.00000000,0.0000,0.0000,none,-1,false,false,false,no_anchor_flip_in_entry_direction,,,,false,false,false,-1,-1,-1,-1,-1,false,false,false,0.0000,rising_n,false,1.13879000,1.13345000,3.1202,false,0.0000,0.0000,0,none,true,0.4970,preferred_382_618,0.200,diagnostic_only,diagnostic_only,diagnostic_only,fib_pullback,24,0.450,true,none,0.600,high_quality,false,false,diagnostic_only,both,true,none,true,diagnostic_adjacent_detected,required_light,false,false,LONG,4,false,false,0,2025.04.17 16:50:00,2025.04.17 18:30:00,8,6.4795,0.00000000,1.13377000,1.13377000,false,false,none,0.00000000,false,0.0000,0.0000,false,1,0.0000,false,-1,0.00000000,0.0000,off,false,not_evaluated,none,0.0000,0.0000,none,false,false,false,0.0000,none,false,none,0.0000,false,none,5.2329,4.2740,1.2244,0.0000,true,strong_exhaustion,0.0000,none,none,false,false,none,0.0000,0.0000,0.0000,0.0000,none,false,false,0.0000,0.0000,false,false,-1,none,none,false,0.000,0.000,1.13627000,1.13578444,1.13578444,recent_equal_lows,0.00017556,0.1194,neckline_level,1.13627000,0.4247,false,true,true,false,not_blocked,7,5,2,m5_failure_exit,off,none,0.00000000,0.0000,1.30,1.13405000,4.500,-0.300,0.200,PERIOD_M15,1.13850000,1.13377000,0.4630,preferred_382_618,0.000,true,1.13596000,1.13743000,0.00147000,1.13405000,1.299,0.00073000,18.00,0-30,true,false,none,blocked_spread_too_high,4.800,4.800,none,0.0000,false,opposite_break_first,true,opposite_break_first,spread_too_high
2025.04.18 11:50:00,signal,session_reversal_pullback_one_symbol_first120,GBPJPY,SHORT,2025.04.18 11:45:00,11,8,17,london,2025.04.18 07:00,105,first_120min,false,true,3,GBPJPY,highest_score_in_session_bar,london=USDJPY|EURJPY|GBPJPY|AUDJPY|EURUSD|GBPUSD,existing_first120_gate,london,true,false,true,passed_first_window,double_top,neckline_break_retest,188.83900000,PERIOD_M5,PERIOD_H1,PERIOD_M15,PERIOD_M5,PERIOD_M5,false,htf_soft_alignment,current_post_filter,transcript_post_filter,dow_range_or_transition,structure_trend_bias_dow_trend_up_hh_hl,dow_range_or_transition,structure_trend_bias_dow_trend_up_hh_hl,false,false,true,SHORT,PERIOD_M5,double_top,double_top,4.200,none,0.000,double_top,4.200,none,0.000,SHORT,false,PERIOD_H1_NONE_dow_range_or_transition|PERIOD_M15_LONG_structure_trend_bias_dow_trend_up_hh_hl,true,h1_counter_m15_reversal,true,top_NONE_dow_range_or_transition|structure_LONG_structure_trend_bias_dow_trend_up_hh_hl|structure_break_recent_confirmed_swing_break_failed|primary_break_recent_confirmed_swing_break_failed,none,above_75sma_flat_or_falling,above_75sma_rising,below_75sma_falling,-1,0.00000000,-1,0.00000000,false,off,NONE,NONE,0.00000000,0.00000000,0.0000,none,0.000,true,SHORT,return_low_break_or_bos_down,188.77300000,1,188.98500000,188.77300000,false,off,independent,false,,,false,0.0000,none,0.0000,0.0000,none,0.0000,0.0000,0.0000,none,0.0000,0,0,0.0000,none,none,none,none,0.0000,0,0.0000,none,false,true,not_evaluated,true,required_light_or_anchor_flip,bias_flip_down,188.77300000,2025.04.18 09:30:00,188.92300000,2025.04.18 05:30:00,2025.04.18 10:00:00,true,SHORT,188.77300000,188.76700000,0.0501,1,true,2025.04.18 11:15:00,1,SHORT,188.77300000,188.76700000,0.0501,0.0334,weak,2025.04.18 11:15:00,first_after_anchor,true,SHORT,1,1,1,true,false,fresh_0_4,true,false,false,true,none,true,required,true,PERIOD_M5,2025.04.18 11:20:00,2025.04.18 11:25:00,6,0.6232,true,188.77300000,0.6232,true,0.3578,false,none,failed_close_back_inside,false,post_anchor_close_back_inside,true,required_first_signal_only,SHORT,unknown,0.00000000,,0.00000000,,false,,-1,false,NONE,0.00000000,,0.00000000,0.0000,0.0000,none,-1,false,false,false,insufficient_confirmed_m5_pivots,GBPJPY|SHORT|1744974900|188.773,,,false,false,false,-1,-1,-1,-1,-1,false,false,false,0.0000,rising_n,false,188.98500000,188.71300000,2.2721,true,0.0334,0.9683,0,weak,true,0.4107,preferred_382_618,0.200,diagnostic_only,diagnostic_only,diagnostic_only,shallow_pullback,6,0.440,true,none,0.590,high_quality,false,false,diagnostic_only,both,true,none,true,diagnostic_adjacent_detected,required_light,false,false,LONG,4,false,false,1,2025.04.18 08:50:00,2025.04.18 11:15:00,6,3.2317,0.00000000,188.70500000,188.70500000,false,false,none,0.00000000,false,0.0000,0.0000,false,1,0.0000,false,-1,0.00000000,0.0000,off,false,not_evaluated,none,0.0000,0.0000,none,false,false,false,0.0000,none,false,none,0.0000,false,none,3.2317,2.2622,1.4286,0.1847,false,mild_exhaustion,0.0000,none,none,false,false,none,0.0000,0.0000,0.0000,0.0000,none,false,false,0.0000,0.0000,false,false,-1,none,none,false,0.000,0.000,188.83900000,188.81600000,188.79565385,recent_equal_lows,0.02434615,0.1522,opening_range_low|neckline_level,188.81600000,0.0462,false,true,true,false,not_blocked,8,5,3,m5_failure_exit,off,none,0.00000000,0.0000,1.30,188.61300000,4.200,-0.300,0.200,PERIOD_M15,188.98500000,188.77300000,0.2217,outside,0.000,true,188.82000000,188.98000000,0.16000000,188.61300000,1.294,0.08664286,101.00,90-120,true,false,none,not_consumed,4.300,4.300,none,0.0000,false,opposite_break_first,true,opposite_break_first,spread_too_high
2025.04.18 11:50:00,blocked,session_reversal_pullback_one_symbol_first120,GBPJPY,SHORT,2025.04.18 11:45:00,11,8,17,london,2025.04.18 07:00,105,first_120min,false,true,3,GBPJPY,highest_score_in_session_bar,london=USDJPY|EURJPY|GBPJPY|AUDJPY|EURUSD|GBPUSD,existing_first120_gate,london,true,false,true,passed_first_window,double_top,neckline_break_retest,188.83900000,PERIOD_M5,PERIOD_H1,PERIOD_M15,PERIOD_M5,PERIOD_M5,false,htf_soft_alignment,current_post_filter,transcript_post_filter,dow_range_or_transition,structure_trend_bias_dow_trend_up_hh_hl,dow_range_or_transition,structure_trend_bias_dow_trend_up_hh_hl,false,false,true,SHORT,PERIOD_M5,double_top,double_top,4.200,none,0.000,double_top,4.200,none,0.000,SHORT,false,PERIOD_H1_NONE_dow_range_or_transition|PERIOD_M15_LONG_structure_trend_bias_dow_trend_up_hh_hl,true,h1_counter_m15_reversal,true,top_NONE_dow_range_or_transition|structure_LONG_structure_trend_bias_dow_trend_up_hh_hl|structure_break_recent_confirmed_swing_break_failed|primary_break_recent_confirmed_swing_break_failed,none,above_75sma_flat_or_falling,above_75sma_rising,below_75sma_falling,-1,0.00000000,-1,0.00000000,false,off,NONE,NONE,0.00000000,0.00000000,0.0000,none,0.000,true,SHORT,return_low_break_or_bos_down,188.77300000,1,188.98500000,188.77300000,false,off,independent,false,,,false,0.0000,none,0.0000,0.0000,none,0.0000,0.0000,0.0000,none,0.0000,0,0,0.0000,none,none,none,none,0.0000,0,0.0000,none,false,true,not_evaluated,true,required_light_or_anchor_flip,bias_flip_down,188.77300000,2025.04.18 09:30:00,188.92300000,2025.04.18 05:30:00,2025.04.18 10:00:00,true,SHORT,188.77300000,188.76700000,0.0501,1,true,2025.04.18 11:15:00,1,SHORT,188.77300000,188.76700000,0.0501,0.0334,weak,2025.04.18 11:15:00,first_after_anchor,true,SHORT,1,1,1,true,false,fresh_0_4,true,false,false,true,none,true,required,true,PERIOD_M5,2025.04.18 11:20:00,2025.04.18 11:25:00,6,0.6232,true,188.77300000,0.6232,true,0.3578,false,none,failed_close_back_inside,false,post_anchor_close_back_inside,true,required_first_signal_only,SHORT,unknown,0.00000000,,0.00000000,,false,,-1,false,NONE,0.00000000,,0.00000000,0.0000,0.0000,none,-1,false,false,false,insufficient_confirmed_m5_pivots,GBPJPY|SHORT|1744974900|188.773,,,false,false,false,-1,-1,-1,-1,-1,false,false,false,0.0000,rising_n,false,188.98500000,188.71300000,2.2721,true,0.0334,0.9683,0,weak,true,0.4107,preferred_382_618,0.200,diagnostic_only,diagnostic_only,diagnostic_only,shallow_pullback,6,0.440,true,none,0.590,high_quality,false,false,diagnostic_only,both,true,none,true,diagnostic_adjacent_detected,required_light,false,false,LONG,4,false,false,1,2025.04.18 08:50:00,2025.04.18 11:15:00,6,3.2317,0.00000000,188.70500000,188.70500000,false,false,none,0.00000000,false,0.0000,0.0000,false,1,0.0000,false,-1,0.00000000,0.0000,off,false,not_evaluated,none,0.0000,0.0000,none,false,false,false,0.0000,none,false,none,0.0000,false,none,3.2317,2.2622,1.4286,0.1847,false,mild_exhaustion,0.0000,none,none,false,false,none,0.0000,0.0000,0.0000,0.0000,none,false,false,0.0000,0.0000,false,false,-1,none,none,false,0.000,0.000,188.83900000,188.81600000,188.79565385,recent_equal_lows,0.02434615,0.1522,opening_range_low|neckline_level,188.81600000,0.0462,false,true,true,false,not_blocked,8,5,3,m5_failure_exit,off,none,0.00000000,0.0000,1.30,188.61300000,4.200,-0.300,0.200,PERIOD_M15,188.98500000,188.77300000,0.2217,outside,0.000,true,188.82000000,188.98000000,0.16000000,188.61300000,1.294,0.08664286,101.00,90-120,true,false,none,blocked_spread_too_high,4.300,4.300,none,0.0000,false,opposite_break_first,true,opposite_break_first,spread_too_high
2025.04.18 16:10:06,signal,session_reversal_pullback_one_symbol_first120,GBPJPY,SHORT,2025.04.18 16:05:00,16,13,22,london_newyork_overlap,2025.04.18 13:00,5,first_120min,true,true,3,GBPJPY,highest_score_in_session_bar,london_newyork_overlap=USDJPY|EURJPY|GBPJPY|AUDJPY|EURUSD|GBPUSD,existing_first120_gate,london_newyork_overlap,false,false,true,passed_first_window,double_top,neckline_break_retest,188.88300000,PERIOD_M5,PERIOD_H1,PERIOD_M15,PERIOD_M5,PERIOD_M5,false,htf_soft_alignment,current_post_filter,transcript_post_filter,dow_range_or_transition,no_ordered_dow_wave3_break,dow_range_or_transition,no_ordered_dow_wave3_break,false,false,true,SHORT,PERIOD_M5,double_top,double_top,4.200,none,0.000,double_top,4.200,none,0.000,SHORT,false,PERIOD_H1_NONE_dow_range_or_transition|PERIOD_M15_NONE_no_ordered_dow_wave3_break,true,h1_counter_m15_reversal,true,top_NONE_dow_range_or_transition|structure_NONE_no_ordered_dow_wave3_break|structure_break_recent_confirmed_swing_break_failed|primary_break_recent_confirmed_swing_break_retest,none,above_75sma_flat_or_falling,above_75sma_rising,below_75sma_flat_or_rising,-1,0.00000000,0,188.83300000,false,off,NONE,NONE,0.00000000,0.00000000,0.0000,none,0.000,true,SHORT,return_low_break_or_bos_down,188.77300000,18,189.02700000,188.70500000,false,off,independent,false,,,false,0.0000,none,0.0000,0.0000,none,0.0000,0.0000,0.0000,none,0.0000,0,0,0.0000,none,none,none,none,0.0000,0,0.0000,none,false,true,not_evaluated,true,required_light_or_anchor_flip,short_bias,188.78500000,2025.04.18 13:45:00,189.02700000,2025.04.18 14:00:00,2025.04.18 14:45:00,false,NONE,0.00000000,0.00000000,0.0000,-1,false,,-1,NONE,0.00000000,0.00000000,0.0000,0.0000,none,,none,false,NONE,-1,-1,-1,false,false,none,true,false,false,true,none,true,required,false,PERIOD_M5,,,-1,0.0000,false,0.00000000,0.0000,false,0.0000,false,none,none,false,no_anchor_flip_in_entry_direction,true,required_first_signal_only,SHORT,unknown,0.00000000,,0.00000000,,false,,-1,false,NONE,0.00000000,,0.00000000,0.0000,0.0000,none,-1,false,false,false,no_anchor_flip_in_entry_direction,,,,false,false,false,-1,-1,-1,-1,-1,false,false,false,0.0000,range_n,true,189.02700000,188.70500000,2.7965,false,0.0000,0.0000,0,none,true,0.3758,shallow_236_382,0.080,diagnostic_only,diagnostic_only,diagnostic_only,shallow_pullback,24,0.280,true,none,0.430,high_quality,false,false,diagnostic_only,both,true,none,true,diagnostic_adjacent_detected,required_light,false,false,LONG,4,false,false,0,2025.04.18 13:45:00,2025.04.18 15:35:00,6,3.4801,0.00000000,188.76500000,188.76500000,false,false,none,0.00000000,false,0.0000,0.0000,false,1,0.0000,false,-1,0.00000000,0.0000,off,false,not_evaluated,none,0.0000,0.0000,none,false,false,false,0.0000,none,false,none,0.0000,false,none,2.9089,3.2144,0.9050,0.0000,true,strong_exhaustion,0.0000,none,none,false,false,none,0.0000,0.0000,0.0000,0.0000,none,false,false,0.0000,0.0000,false,false,-1,none,none,false,0.000,0.000,188.87145000,188.80600000,188.79600000,pre_session_low,0.03000000,0.1744,session_low|opening_range_low|neckline_level,188.80600000,0.2657,false,true,true,false,not_blocked,5,4,1,m5_failure_exit,off,none,0.00000000,0.0000,1.30,188.60300000,4.200,-0.300,0.200,PERIOD_M15,189.02700000,188.76500000,0.2328,outside,0.000,true,188.82600000,188.99800000,0.17200000,188.60300000,1.297,0.07528571,94.00,0-30,true,false,none,not_consumed,4.500,4.500,none,0.0000,false,neckline_retest_failed,false,not_invalidated,spread_too_high
2025.04.18 16:10:06,blocked,session_reversal_pullback_one_symbol_first120,GBPJPY,SHORT,2025.04.18 16:05:00,16,13,22,london_newyork_overlap,2025.04.18 13:00,5,first_120min,true,true,3,GBPJPY,highest_score_in_session_bar,london_newyork_overlap=USDJPY|EURJPY|GBPJPY|AUDJPY|EURUSD|GBPUSD,existing_first120_gate,london_newyork_overlap,false,false,true,passed_first_window,double_top,neckline_break_retest,188.88300000,PERIOD_M5,PERIOD_H1,PERIOD_M15,PERIOD_M5,PERIOD_M5,false,htf_soft_alignment,current_post_filter,transcript_post_filter,dow_range_or_transition,no_ordered_dow_wave3_break,dow_range_or_transition,no_ordered_dow_wave3_break,false,false,true,SHORT,PERIOD_M5,double_top,double_top,4.200,none,0.000,double_top,4.200,none,0.000,SHORT,false,PERIOD_H1_NONE_dow_range_or_transition|PERIOD_M15_NONE_no_ordered_dow_wave3_break,true,h1_counter_m15_reversal,true,top_NONE_dow_range_or_transition|structure_NONE_no_ordered_dow_wave3_break|structure_break_recent_confirmed_swing_break_failed|primary_break_recent_confirmed_swing_break_retest,none,above_75sma_flat_or_falling,above_75sma_rising,below_75sma_flat_or_rising,-1,0.00000000,0,188.83300000,false,off,NONE,NONE,0.00000000,0.00000000,0.0000,none,0.000,true,SHORT,return_low_break_or_bos_down,188.77300000,18,189.02700000,188.70500000,false,off,independent,false,,,false,0.0000,none,0.0000,0.0000,none,0.0000,0.0000,0.0000,none,0.0000,0,0,0.0000,none,none,none,none,0.0000,0,0.0000,none,false,true,not_evaluated,true,required_light_or_anchor_flip,short_bias,188.78500000,2025.04.18 13:45:00,189.02700000,2025.04.18 14:00:00,2025.04.18 14:45:00,false,NONE,0.00000000,0.00000000,0.0000,-1,false,,-1,NONE,0.00000000,0.00000000,0.0000,0.0000,none,,none,false,NONE,-1,-1,-1,false,false,none,true,false,false,true,none,true,required,false,PERIOD_M5,,,-1,0.0000,false,0.00000000,0.0000,false,0.0000,false,none,none,false,no_anchor_flip_in_entry_direction,true,required_first_signal_only,SHORT,unknown,0.00000000,,0.00000000,,false,,-1,false,NONE,0.00000000,,0.00000000,0.0000,0.0000,none,-1,false,false,false,no_anchor_flip_in_entry_direction,,,,false,false,false,-1,-1,-1,-1,-1,false,false,false,0.0000,range_n,true,189.02700000,188.70500000,2.7965,false,0.0000,0.0000,0,none,true,0.3758,shallow_236_382,0.080,diagnostic_only,diagnostic_only,diagnostic_only,shallow_pullback,24,0.280,true,none,0.430,high_quality,false,false,diagnostic_only,both,true,none,true,diagnostic_adjacent_detected,required_light,false,false,LONG,4,false,false,0,2025.04.18 13:45:00,2025.04.18 15:35:00,6,3.4801,0.00000000,188.76500000,188.76500000,false,false,none,0.00000000,false,0.0000,0.0000,false,1,0.0000,false,-1,0.00000000,0.0000,off,false,not_evaluated,none,0.0000,0.0000,none,false,false,false,0.0000,none,false,none,0.0000,false,none,2.9089,3.2144,0.9050,0.0000,true,strong_exhaustion,0.0000,none,none,false,false,none,0.0000,0.0000,0.0000,0.0000,none,false,false,0.0000,0.0000,false,false,-1,none,none,false,0.000,0.000,188.87145000,188.80600000,188.79600000,pre_session_low,0.03000000,0.1744,session_low|opening_range_low|neckline_level,188.80600000,0.2657,false,true,true,false,not_blocked,5,4,1,m5_failure_exit,off,none,0.00000000,0.0000,1.30,188.60300000,4.200,-0.300,0.200,PERIOD_M15,189.02700000,188.76500000,0.2328,outside,0.000,true,188.82600000,188.99800000,0.17200000,188.60300000,1.297,0.07528571,94.00,0-30,true,false,none,blocked_spread_too_high,4.500,4.500,none,0.0000,false,neckline_retest_failed,false,not_invalidated,spread_too_high
2025.04.21 10:05:00,signal,session_reversal_pullback_one_symbol_first120,AUDJPY,SHORT,2025.04.21 10:00:00,10,7,16,london,2025.04.21 07:00,0,first_120min,true,true,3,AUDJPY,highest_score_in_session_bar,london=USDJPY|EURJPY|GBPJPY|AUDJPY|EURUSD|GBPUSD,existing_first120_gate,london,false,false,true,passed_first_window,double_top,neckline_break_retest,90.37200000,PERIOD_M5,PERIOD_H1,PERIOD_M15,PERIOD_M5,PERIOD_M5,false,htf_soft_alignment,current_post_filter,transcript_post_filter,dow_range_or_transition,no_ordered_dow_wave3_break,dow_range_or_transition,no_ordered_dow_wave3_break,false,false,true,SHORT,PERIOD_M5,double_top,double_top,4.200,none,0.000,double_top,4.200,none,0.000,SHORT,false,PERIOD_H1_NONE_dow_range_or_transition|PERIOD_M15_NONE_no_ordered_dow_wave3_break,true,h1_counter_m15_reversal,true,top_NONE_dow_range_or_transition|structure_NONE_no_ordered_dow_wave3_break|structure_break_recent_confirmed_swing_break_failed|primary_break_no_recent_confirmed_swing_break,none,below_75sma_falling,below_75sma_falling,above_75sma_rising,-1,0.00000000,-1,0.00000000,false,off,NONE,NONE,0.00000000,0.00000000,0.0000,none,0.000,true,SHORT,return_low_break_or_bos_down,90.20500000,15,90.47300000,90.28900000,false,off,independent,false,,,false,0.0000,none,0.0000,0.0000,none,0.0000,0.0000,0.0000,none,0.0000,0,0,0.0000,none,none,none,none,0.0000,0,0.0000,none,false,true,not_evaluated,true,required_light_or_anchor_flip,long_bias,89.95400000,2025.04.21 05:30:00,90.21000000,2025.04.21 04:30:00,2025.04.21 07:00:00,false,NONE,0.00000000,0.00000000,0.0000,-1,false,,-1,NONE,0.00000000,0.00000000,0.0000,0.0000,none,,none,false,NONE,-1,-1,-1,false,false,none,false,true,false,true,none,true,required,false,PERIOD_M5,,,-1,0.0000,false,0.00000000,0.0000,false,0.0000,false,none,none,false,no_anchor_flip_in_entry_direction,true,required_first_signal_only,SHORT,unknown,0.00000000,,0.00000000,,false,,-1,false,NONE,0.00000000,,0.00000000,0.0000,0.0000,none,-1,false,false,false,no_anchor_flip_in_entry_direction,,,,false,false,false,-1,-1,-1,-1,-1,false,false,false,0.0000,range_n,true,90.47600000,89.95400000,5.8324,false,0.0000,0.0000,0,none,true,0.7739,deep_618_786,0.120,diagnostic_only,diagnostic_only,diagnostic_only,shallow_pullback,4,0.360,true,none,0.510,high_quality,false,false,diagnostic_only,both,true,none,true,diagnostic_adjacent_detected,required_light,false,false,LONG,5,false,false,1,2025.04.21 07:15:00,2025.04.21 08:50:00,14,3.6958,0.00000000,90.28900000,90.28900000,false,false,none,0.00000000,false,0.0000,0.0000,false,1,0.0000,false,-1,0.00000000,0.0000,off,false,not_evaluated,none,0.0000,0.0000,none,false,false,false,0.0000,none,false,none,0.0000,false,none,3.6958,1.7274,2.1395,1.0445,false,no_shrink,0.0000,none,none,false,false,none,0.0000,0.0000,0.0000,0.0000,none,false,false,0.0000,0.0000,false,false,-1,none,none,false,0.000,0.000,90.37200000,90.34900000,90.34009091,recent_equal_lows,0.01790909,0.2634,session_low|opening_range_low|neckline_level,90.34900000,0.1808,false,true,true,false,not_blocked,3,2,1,m5_failure_exit,off,none,0.00000000,0.0000,1.30,90.27000000,4.200,-0.300,0.200,PERIOD_M15,90.47300000,90.28900000,0.3750,outside,0.000,true,90.35800000,90.42600000,0.06800000,90.27000000,1.294,0.04978571,32.00,0-30,true,false,none,not_consumed,4.300,4.300,none,0.0000,false,neckline_retest_failed,false,not_invalidated,spread_too_high
2025.04.21 10:05:00,blocked,session_reversal_pullback_one_symbol_first120,AUDJPY,SHORT,2025.04.21 10:00:00,10,7,16,london,2025.04.21 07:00,0,first_120min,true,true,3,AUDJPY,highest_score_in_session_bar,london=USDJPY|EURJPY|GBPJPY|AUDJPY|EURUSD|GBPUSD,existing_first120_gate,london,false,false,true,passed_first_window,double_top,neckline_break_retest,90.37200000,PERIOD_M5,PERIOD_H1,PERIOD_M15,PERIOD_M5,PERIOD_M5,false,htf_soft_alignment,current_post_filter,transcript_post_filter,dow_range_or_transition,no_ordered_dow_wave3_break,dow_range_or_transition,no_ordered_dow_wave3_break,false,false,true,SHORT,PERIOD_M5,double_top,double_top,4.200,none,0.000,double_top,4.200,none,0.000,SHORT,false,PERIOD_H1_NONE_dow_range_or_transition|PERIOD_M15_NONE_no_ordered_dow_wave3_break,true,h1_counter_m15_reversal,true,top_NONE_dow_range_or_transition|structure_NONE_no_ordered_dow_wave3_break|structure_break_recent_confirmed_swing_break_failed|primary_break_no_recent_confirmed_swing_break,none,below_75sma_falling,below_75sma_falling,above_75sma_rising,-1,0.00000000,-1,0.00000000,false,off,NONE,NONE,0.00000000,0.00000000,0.0000,none,0.000,true,SHORT,return_low_break_or_bos_down,90.20500000,15,90.47300000,90.28900000,false,off,independent,false,,,false,0.0000,none,0.0000,0.0000,none,0.0000,0.0000,0.0000,none,0.0000,0,0,0.0000,none,none,none,none,0.0000,0,0.0000,none,false,true,not_evaluated,true,required_light_or_anchor_flip,long_bias,89.95400000,2025.04.21 05:30:00,90.21000000,2025.04.21 04:30:00,2025.04.21 07:00:00,false,NONE,0.00000000,0.00000000,0.0000,-1,false,,-1,NONE,0.00000000,0.00000000,0.0000,0.0000,none,,none,false,NONE,-1,-1,-1,false,false,none,false,true,false,true,none,true,required,false,PERIOD_M5,,,-1,0.0000,false,0.00000000,0.0000,false,0.0000,false,none,none,false,no_anchor_flip_in_entry_direction,true,required_first_signal_only,SHORT,unknown,0.00000000,,0.00000000,,false,,-1,false,NONE,0.00000000,,0.00000000,0.0000,0.0000,none,-1,false,false,false,no_anchor_flip_in_entry_direction,,,,false,false,false,-1,-1,-1,-1,-1,false,false,false,0.0000,range_n,true,90.47600000,89.95400000,5.8324,false,0.0000,0.0000,0,none,true,0.7739,deep_618_786,0.120,diagnostic_only,diagnostic_only,diagnostic_only,shallow_pullback,4,0.360,true,none,0.510,high_quality,false,false,diagnostic_only,both,true,none,true,diagnostic_adjacent_detected,required_light,false,false,LONG,5,false,false,1,2025.04.21 07:15:00,2025.04.21 08:50:00,14,3.6958,0.00000000,90.28900000,90.28900000,false,false,none,0.00000000,false,0.0000,0.0000,false,1,0.0000,false,-1,0.00000000,0.0000,off,false,not_evaluated,none,0.0000,0.0000,none,false,false,false,0.0000,none,false,none,0.0000,false,none,3.6958,1.7274,2.1395,1.0445,false,no_shrink,0.0000,none,none,false,false,none,0.0000,0.0000,0.0000,0.0000,none,false,false,0.0000,0.0000,false,false,-1,none,none,false,0.000,0.000,90.37200000,90.34900000,90.34009091,recent_equal_lows,0.01790909,0.2634,session_low|opening_range_low|neckline_level,90.34900000,0.1808,false,true,true,false,not_blocked,3,2,1,m5_failure_exit,off,none,0.00000000,0.0000,1.30,90.27000000,4.200,-0.300,0.200,PERIOD_M15,90.47300000,90.28900000,0.3750,outside,0.000,true,90.35800000,90.42600000,0.06800000,90.27000000,1.294,0.04978571,32.00,0-30,true,false,none,blocked_spread_too_high,4.300,4.300,none,0.0000,false,neckline_retest_failed,false,not_invalidated,spread_too_high
2025.04.21 16:05:00,signal,session_reversal_pullback_one_symbol_first120,USDJPY,SHORT,2025.04.21 16:00:00,16,13,22,london_newyork_overlap,2025.04.21 13:00,0,first_120min,true,true,3,USDJPY,highest_score_in_session_bar,london_newyork_overlap=USDJPY|EURJPY|GBPJPY|AUDJPY|EURUSD|GBPUSD,existing_first120_gate,london_newyork_overlap,false,false,true,passed_first_window,double_top,neckline_break_retest,140.80700000,PERIOD_M5,PERIOD_H1,PERIOD_M15,PERIOD_M5,PERIOD_M5,false,htf_soft_alignment,current_post_filter,transcript_post_filter,dow_range_or_transition,no_ordered_dow_wave3_break,dow_range_or_transition,no_ordered_dow_wave3_break,false,false,true,SHORT,PERIOD_M5,double_top,double_top,4.200,none,0.000,double_top,4.200,none,0.000,SHORT,false,PERIOD_H1_NONE_dow_range_or_transition|PERIOD_M15_NONE_no_ordered_dow_wave3_break,true,h1_counter_m15_reversal,true,top_NONE_dow_range_or_transition|structure_NONE_no_ordered_dow_wave3_break|structure_break_recent_confirmed_swing_break_failed|primary_break_no_recent_confirmed_swing_break,none,below_75sma_falling,below_75sma_falling,above_75sma_rising,-1,0.00000000,-1,0.00000000,false,off,NONE,NONE,0.00000000,0.00000000,0.0000,none,0.000,true,SHORT,return_low_break_or_bos_down,140.60700000,13,141.06700000,140.46200000,false,off,independent,false,,,false,0.0000,none,0.0000,0.0000,none,0.0000,0.0000,0.0000,none,0.0000,0,0,0.0000,none,none,none,none,0.0000,0,0.0000,none,false,true,not_evaluated,true,required_light_or_anchor_flip,long_bias,140.46200000,2025.04.21 12:15:00,140.71700000,2025.04.21 11:15:00,2025.04.21 14:00:00,false,NONE,0.00000000,0.00000000,0.0000,-1,false,,-1,NONE,0.00000000,0.00000000,0.0000,0.0000,none,,none,false,NONE,-1,-1,-1,false,false,none,false,true,false,true,none,true,required,false,PERIOD_M5,,,-1,0.0000,false,0.00000000,0.0000,false,0.0000,false,none,none,false,no_anchor_flip_in_entry_direction,true,required_first_signal_only,SHORT,unknown,0.00000000,,0.00000000,,false,,-1,false,NONE,0.00000000,,0.00000000,0.0000,0.0000,none,-1,false,false,false,no_anchor_flip_in_entry_direction,,,,false,false,false,-1,-1,-1,-1,-1,false,false,false,0.0000,rising_n,false,141.06700000,140.46200000,4.1889,false,0.0000,0.0000,0,none,true,0.5322,preferred_382_618,0.200,diagnostic_only,diagnostic_only,diagnostic_only,fib_pullback,7,0.440,true,none,0.590,high_quality,false,false,diagnostic_only,both,true,none,true,diagnostic_adjacent_detected,required_light,false,false,LONG,3,false,false,0,,,-1,0.0000,0.00000000,0.00000000,0.00000000,false,false,none,0.00000000,false,0.0000,0.0000,false,1,0.0000,false,-1,0.00000000,0.0000,off,false,not_evaluated,none,0.0000,0.0000,none,false,false,false,0.0000,none,false,none,0.0000,false,none,0.0000,0.0000,0.0000,0.0000,false,none,0.0000,none,none,false,false,none,0.0000,0.0000,0.0000,0.0000,none,false,false,0.0000,0.0000,false,false,-1,none,none,false,0.000,0.000,140.80700000,140.75000000,140.75000000,session_low,0.03400000,0.2446,neckline_level,140.80700000,0.2414,false,true,false,false,not_blocked,3,3,0,m5_failure_exit,off,none,0.00000000,0.0000,1.30,140.60300000,4.200,-0.300,0.200,PERIOD_M15,141.06700000,140.46200000,0.5322,preferred_382_618,0.000,true,140.78400000,140.92300000,0.13900000,140.60300000,1.302,0.09528571,23.00,0-30,true,false,none,not_consumed,4.300,4.300,none,0.0000,false,neckline_retest_failed,false,not_invalidated,spread_too_high
2025.04.21 16:05:00,blocked,session_reversal_pullback_one_symbol_first120,USDJPY,SHORT,2025.04.21 16:00:00,16,13,22,london_newyork_overlap,2025.04.21 13:00,0,first_120min,true,true,3,USDJPY,highest_score_in_session_bar,london_newyork_overlap=USDJPY|EURJPY|GBPJPY|AUDJPY|EURUSD|GBPUSD,existing_first120_gate,london_newyork_overlap,false,false,true,passed_first_window,double_top,neckline_break_retest,140.80700000,PERIOD_M5,PERIOD_H1,PERIOD_M15,PERIOD_M5,PERIOD_M5,false,htf_soft_alignment,current_post_filter,transcript_post_filter,dow_range_or_transition,no_ordered_dow_wave3_break,dow_range_or_transition,no_ordered_dow_wave3_break,false,false,true,SHORT,PERIOD_M5,double_top,double_top,4.200,none,0.000,double_top,4.200,none,0.000,SHORT,false,PERIOD_H1_NONE_dow_range_or_transition|PERIOD_M15_NONE_no_ordered_dow_wave3_break,true,h1_counter_m15_reversal,true,top_NONE_dow_range_or_transition|structure_NONE_no_ordered_dow_wave3_break|structure_break_recent_confirmed_swing_break_failed|primary_break_no_recent_confirmed_swing_break,none,below_75sma_falling,below_75sma_falling,above_75sma_rising,-1,0.00000000,-1,0.00000000,false,off,NONE,NONE,0.00000000,0.00000000,0.0000,none,0.000,true,SHORT,return_low_break_or_bos_down,140.60700000,13,141.06700000,140.46200000,false,off,independent,false,,,false,0.0000,none,0.0000,0.0000,none,0.0000,0.0000,0.0000,none,0.0000,0,0,0.0000,none,none,none,none,0.0000,0,0.0000,none,false,true,not_evaluated,true,required_light_or_anchor_flip,long_bias,140.46200000,2025.04.21 12:15:00,140.71700000,2025.04.21 11:15:00,2025.04.21 14:00:00,false,NONE,0.00000000,0.00000000,0.0000,-1,false,,-1,NONE,0.00000000,0.00000000,0.0000,0.0000,none,,none,false,NONE,-1,-1,-1,false,false,none,false,true,false,true,none,true,required,false,PERIOD_M5,,,-1,0.0000,false,0.00000000,0.0000,false,0.0000,false,none,none,false,no_anchor_flip_in_entry_direction,true,required_first_signal_only,SHORT,unknown,0.00000000,,0.00000000,,false,,-1,false,NONE,0.00000000,,0.00000000,0.0000,0.0000,none,-1,false,false,false,no_anchor_flip_in_entry_direction,,,,false,false,false,-1,-1,-1,-1,-1,false,false,false,0.0000,rising_n,false,141.06700000,140.46200000,4.1889,false,0.0000,0.0000,0,none,true,0.5322,preferred_382_618,0.200,diagnostic_only,diagnostic_only,diagnostic_only,fib_pullback,7,0.440,true,none,0.590,high_quality,false,false,diagnostic_only,both,true,none,true,diagnostic_adjacent_detected,required_light,false,false,LONG,3,false,false,0,,,-1,0.0000,0.00000000,0.00000000,0.00000000,false,false,none,0.00000000,false,0.0000,0.0000,false,1,0.0000,false,-1,0.00000000,0.0000,off,false,not_evaluated,none,0.0000,0.0000,none,false,false,false,0.0000,none,false,none,0.0000,false,none,0.0000,0.0000,0.0000,0.0000,false,none,0.0000,none,none,false,false,none,0.0000,0.0000,0.0000,0.0000,none,false,false,0.0000,0.0000,false,false,-1,none,none,false,0.000,0.000,140.80700000,140.75000000,140.75000000,session_low,0.03400000,0.2446,neckline_level,140.80700000,0.2414,false,true,false,false,not_blocked,3,3,0,m5_failure_exit,off,none,0.00000000,0.0000,1.30,140.60300000,4.200,-0.300,0.200,PERIOD_M15,141.06700000,140.46200000,0.5322,preferred_382_618,0.000,true,140.78400000,140.92300000,0.13900000,140.60300000,1.302,0.09528571,23.00,0-30,true,false,none,blocked_spread_too_high,4.300,4.300,none,0.0000,false,neckline_retest_failed,false,not_invalidated,spread_too_high
2025.04.22 04:00:00,signal,session_reversal_pullback_one_symbol_first120,USDJPY,LONG,2025.04.22 03:55:00,3,0,9,tokyo,2025.04.22 00:00,55,first_120min,true,true,3,USDJPY,highest_score_in_session_bar,tokyo=USDJPY|EURJPY|GBPJPY|AUDJPY,existing_first120_gate,tokyo,true,false,true,passed_first_window,double_bottom,neckline_break_retest,140.82500000,PERIOD_M5,PERIOD_H1,PERIOD_M15,PERIOD_M5,PERIOD_M5,false,htf_soft_alignment,current_post_filter,transcript_post_filter,dow_range_or_transition,no_ordered_dow_wave3_break,dow_range_or_transition,no_ordered_dow_wave3_break,false,true,true,LONG,PERIOD_M5,double_bottom,double_bottom,4.200,none,0.000,double_bottom,4.200,none,0.000,LONG,false,PERIOD_H1_NONE_dow_range_or_transition|PERIOD_M15_NONE_no_ordered_dow_wave3_break,true,h1_counter_m15_reversal,true,top_NONE_dow_range_or_transition|structure_NONE_no_ordered_dow_wave3_break|structure_break_recent_confirmed_swing_break_failed|primary_break_recent_confirmed_swing_break_continuation,none,below_75sma_falling,above_75sma_rising,above_75sma_rising,-1,0.00000000,0,140.79700000,false,off,NONE,NONE,0.00000000,0.00000000,0.0000,none,0.000,true,LONG,return_high_break_or_bos_up,140.96800000,1,140.96800000,140.64100000,false,off,independent,false,,,false,0.0000,none,0.0000,0.0000,none,0.0000,0.0000,0.0000,none,0.0000,0,0,0.0000,none,none,none,none,0.0000,0,0.0000,none,false,true,not_evaluated,true,required_light_or_anchor_flip,bias_flip_up,140.75000000,2025.04.21 16:00:00,140.85300000,2025.04.22 01:00:00,2025.04.22 02:15:00,true,LONG,140.85300000,141.11700000,2.0285,3,true,2025.04.22 03:00:00,3,LONG,140.85300000,141.11700000,2.0285,1.9824,strong,2025.04.22 03:30:00,first_after_anchor,true,LONG,3,1,3,true,false,fresh_0_4,true,false,false,true,none,true,required,false,PERIOD_M5,,,11,0.0000,false,140.85300000,0.0000,true,0.1096,false,none,failed_close_back_inside,false,post_anchor_retest_missing,true,required_first_signal_only,LONG,unknown,0.00000000,,0.00000000,,false,,-1,false,NONE,0.00000000,,0.00000000,0.0000,0.0000,none,-1,false,false,false,post_anchor_retest_missing,USDJPY|LONG|1745290800|140.853,,,false,false,false,-1,-1,-1,-1,-1,false,false,false,0.0000,falling_n,false,140.96800000,140.54600000,3.2426,true,1.9824,0.1400,2,strong,true,0.4871,preferred_382_618,0.200,diagnostic_only,diagnostic_only,diagnostic_only,shallow_pullback,6,0.440,true,none,0.590,high_quality,false,false,diagnostic_only,both,true,none,true,diagnostic_adjacent_detected,required_light,false,false,SHORT,7,false,false,1,2025.04.22 02:05:00,2025.04.22 03:35:00,4,4.7763,141.16400000,0.00000000,141.16400000,false,false,none,0.00000000,false,0.0000,0.0000,false,1,0.0000,false,-1,0.00000000,0.0000,off,false,not_evaluated,none,0.0000,0.0000,none,false,false,false,0.0000,none,false,none,0.0000,false,none,4.7763,0.8402,5.6848,0.5845,false,no_shrink,0.0000,none,none,false,false,none,0.0000,0.0000,0.0000,0.0000,none,false,false,0.0000,0.0000,false,false,-1,none,none,false,0.000,0.000,140.90300000,140.84100000,140.90300000,pre_session_high,0.04000000,0.3101,neckline_level,140.82500000,0.3470,false,true,true,false,not_blocked,4,3,1,m5_failure_exit,off,none,0.00000000,0.0000,1.30,141.03000000,4.200,-0.300,0.200,PERIOD_M15,140.96800000,140.64100000,0.3211,outside,0.000,true,140.86300000,140.73400000,0.12900000,141.03000000,1.295,0.10950000,22.00,30-60,true,false,none,not_consumed,4.500,4.500,none,0.0000,false,neckline_retest_failed,false,not_invalidated,spread_too_high
2025.04.22 04:00:00,blocked,session_reversal_pullback_one_symbol_first120,USDJPY,LONG,2025.04.22 03:55:00,3,0,9,tokyo,2025.04.22 00:00,55,first_120min,true,true,3,USDJPY,highest_score_in_session_bar,tokyo=USDJPY|EURJPY|GBPJPY|AUDJPY,existing_first120_gate,tokyo,true,false,true,passed_first_window,double_bottom,neckline_break_retest,140.82500000,PERIOD_M5,PERIOD_H1,PERIOD_M15,PERIOD_M5,PERIOD_M5,false,htf_soft_alignment,current_post_filter,transcript_post_filter,dow_range_or_transition,no_ordered_dow_wave3_break,dow_range_or_transition,no_ordered_dow_wave3_break,false,true,true,LONG,PERIOD_M5,double_bottom,double_bottom,4.200,none,0.000,double_bottom,4.200,none,0.000,LONG,false,PERIOD_H1_NONE_dow_range_or_transition|PERIOD_M15_NONE_no_ordered_dow_wave3_break,true,h1_counter_m15_reversal,true,top_NONE_dow_range_or_transition|structure_NONE_no_ordered_dow_wave3_break|structure_break_recent_confirmed_swing_break_failed|primary_break_recent_confirmed_swing_break_continuation,none,below_75sma_falling,above_75sma_rising,above_75sma_rising,-1,0.00000000,0,140.79700000,false,off,NONE,NONE,0.00000000,0.00000000,0.0000,none,0.000,true,LONG,return_high_break_or_bos_up,140.96800000,1,140.96800000,140.64100000,false,off,independent,false,,,false,0.0000,none,0.0000,0.0000,none,0.0000,0.0000,0.0000,none,0.0000,0,0,0.0000,none,none,none,none,0.0000,0,0.0000,none,false,true,not_evaluated,true,required_light_or_anchor_flip,bias_flip_up,140.75000000,2025.04.21 16:00:00,140.85300000,2025.04.22 01:00:00,2025.04.22 02:15:00,true,LONG,140.85300000,141.11700000,2.0285,3,true,2025.04.22 03:00:00,3,LONG,140.85300000,141.11700000,2.0285,1.9824,strong,2025.04.22 03:30:00,first_after_anchor,true,LONG,3,1,3,true,false,fresh_0_4,true,false,false,true,none,true,required,false,PERIOD_M5,,,11,0.0000,false,140.85300000,0.0000,true,0.1096,false,none,failed_close_back_inside,false,post_anchor_retest_missing,true,required_first_signal_only,LONG,unknown,0.00000000,,0.00000000,,false,,-1,false,NONE,0.00000000,,0.00000000,0.0000,0.0000,none,-1,false,false,false,post_anchor_retest_missing,USDJPY|LONG|1745290800|140.853,,,false,false,false,-1,-1,-1,-1,-1,false,false,false,0.0000,falling_n,false,140.96800000,140.54600000,3.2426,true,1.9824,0.1400,2,strong,true,0.4871,preferred_382_618,0.200,diagnostic_only,diagnostic_only,diagnostic_only,shallow_pullback,6,0.440,true,none,0.590,high_quality,false,false,diagnostic_only,both,true,none,true,diagnostic_adjacent_detected,required_light,false,false,SHORT,7,false,false,1,2025.04.22 02:05:00,2025.04.22 03:35:00,4,4.7763,141.16400000,0.00000000,141.16400000,false,false,none,0.00000000,false,0.0000,0.0000,false,1,0.0000,false,-1,0.00000000,0.0000,off,false,not_evaluated,none,0.0000,0.0000,none,false,false,false,0.0000,none,false,none,0.0000,false,none,4.7763,0.8402,5.6848,0.5845,false,no_shrink,0.0000,none,none,false,false,none,0.0000,0.0000,0.0000,0.0000,none,false,false,0.0000,0.0000,false,false,-1,none,none,false,0.000,0.000,140.90300000,140.84100000,140.90300000,pre_session_high,0.04000000,0.3101,neckline_level,140.82500000,0.3470,false,true,true,false,not_blocked,4,3,1,m5_failure_exit,off,none,0.00000000,0.0000,1.30,141.03000000,4.200,-0.300,0.200,PERIOD_M15,140.96800000,140.64100000,0.3211,outside,0.000,true,140.86300000,140.73400000,0.12900000,141.03000000,1.295,0.10950000,22.00,30-60,true,false,none,blocked_spread_too_high,4.500,4.500,none,0.0000,false,neckline_retest_failed,false,not_invalidated,spread_too_high
2025.04.22 16:05:00,signal,session_reversal_pullback_one_symbol_first120,GBPUSD,SHORT,2025.04.22 16:00:00,16,13,22,london_newyork_overlap,2025.04.22 13:00,0,first_120min,true,true,3,GBPUSD,highest_score_in_session_bar,london_newyork_overlap=USDJPY|EURJPY|GBPJPY|AUDJPY|EURUSD|GBPUSD,existing_first120_gate,london_newyork_overlap,false,false,true,passed_first_window,head_and_shoulders,neckline_break_retest,1.33721000,PERIOD_M5,PERIOD_H1,PERIOD_M15,PERIOD_M5,PERIOD_M5,false,htf_soft_alignment,current_post_filter,transcript_post_filter,dow_trend_up_hh_hl,structure_trend_bias_dow_trend_down_ll_lh,dow_trend_up_hh_hl,structure_trend_bias_dow_trend_down_ll_lh,false,true,true,SHORT,PERIOD_M5,head_and_shoulders,head_and_shoulders,4.500,none,0.000,head_and_shoulders,4.500,none,0.000,SHORT,false,PERIOD_H1_LONG_dow_trend_up_hh_hl|PERIOD_M15_SHORT_structure_trend_bias_dow_trend_down_ll_lh,true,h1_counter_m15_reversal,true,top_LONG_dow_trend_up_hh_hl|structure_SHORT_structure_trend_bias_dow_trend_down_ll_lh|structure_break_recent_confirmed_swing_break_failed|primary_break_recent_confirmed_swing_break_failed,none,above_75sma_rising,below_75sma_falling,below_75sma_falling,-1,0.00000000,-1,0.00000000,false,off,NONE,NONE,0.00000000,0.00000000,0.0000,none,0.000,true,SHORT,return_low_break_or_bos_down,1.33614000,1,1.33839000,1.33614000,false,off,independent,false,,,false,0.0000,none,0.0000,0.0000,none,0.0000,0.0000,0.0000,none,0.0000,0,0,0.0000,none,none,none,none,0.0000,0,0.0000,none,false,true,not_evaluated,true,required_light_or_anchor_flip,short_bias,1.33920000,2025.04.22 08:00:00,1.33897000,2025.04.22 12:00:00,2025.04.22 12:45:00,false,NONE,0.00000000,0.00000000,0.0000,-1,false,,-1,NONE,0.00000000,0.00000000,0.0000,0.0000,none,,none,false,NONE,-1,-1,-1,false,false,none,true,false,false,true,none,true,required,false,PERIOD_M5,,,-1,0.0000,false,0.00000000,0.0000,false,0.0000,false,none,none,false,no_anchor_flip_in_entry_direction,true,required_first_signal_only,SHORT,unknown,0.00000000,,0.00000000,,false,,-1,false,NONE,0.00000000,,0.00000000,0.0000,0.0000,none,-1,false,false,false,no_anchor_flip_in_entry_direction,,,,false,false,false,-1,-1,-1,-1,-1,false,false,false,0.0000,falling_n,false,1.34229000,1.33614000,5.7477,false,0.0000,0.0000,0,none,true,0.3546,shallow_236_382,0.080,diagnostic_only,diagnostic_only,diagnostic_only,shallow_pullback,4,0.320,true,none,0.470,high_quality,false,false,diagnostic_only,both,true,none,true,diagnostic_adjacent_detected,required_light,false,false,LONG,4,false,false,1,2025.04.22 13:15:00,2025.04.22 15:25:00,7,4.2264,0.00000000,1.33551000,1.33551000,false,false,none,0.00000000,false,0.0000,0.0000,false,1,0.0000,false,-1,0.00000000,0.0000,off,false,not_evaluated,none,0.0000,0.0000,none,false,false,false,0.0000,none,false,none,0.0000,false,none,4.2264,1.8344,2.3040,1.1153,false,no_shrink,0.0000,none,none,false,false,none,0.0000,0.0000,0.0000,0.0000,none,false,false,0.0000,0.0000,false,false,-1,none,none,false,0.000,0.000,1.33721000,1.33698158,1.33698158,recent_equal_highs,0.00013842,0.0996,neckline_level,1.33721000,0.1321,false,true,true,false,not_blocked,11,6,5,m5_failure_exit,off,none,0.00000000,0.0000,1.30,1.33531000,4.500,-0.300,0.200,PERIOD_M15,1.33839000,1.33638000,0.3682,outside,0.000,true,1.33712000,1.33851000,0.00139000,1.33531000,1.302,0.00068143,20.00,0-30,true,false,none,not_consumed,4.600,4.600,none,0.0000,false,neckline_retest_failed,false,not_invalidated,spread_too_high
2025.04.22 16:05:00,blocked,session_reversal_pullback_one_symbol_first120,GBPUSD,SHORT,2025.04.22 16:00:00,16,13,22,london_newyork_overlap,2025.04.22 13:00,0,first_120min,true,true,3,GBPUSD,highest_score_in_session_bar,london_newyork_overlap=USDJPY|EURJPY|GBPJPY|AUDJPY|EURUSD|GBPUSD,existing_first120_gate,london_newyork_overlap,false,false,true,passed_first_window,head_and_shoulders,neckline_break_retest,1.33721000,PERIOD_M5,PERIOD_H1,PERIOD_M15,PERIOD_M5,PERIOD_M5,false,htf_soft_alignment,current_post_filter,transcript_post_filter,dow_trend_up_hh_hl,structure_trend_bias_dow_trend_down_ll_lh,dow_trend_up_hh_hl,structure_trend_bias_dow_trend_down_ll_lh,false,true,true,SHORT,PERIOD_M5,head_and_shoulders,head_and_shoulders,4.500,none,0.000,head_and_shoulders,4.500,none,0.000,SHORT,false,PERIOD_H1_LONG_dow_trend_up_hh_hl|PERIOD_M15_SHORT_structure_trend_bias_dow_trend_down_ll_lh,true,h1_counter_m15_reversal,true,top_LONG_dow_trend_up_hh_hl|structure_SHORT_structure_trend_bias_dow_trend_down_ll_lh|structure_break_recent_confirmed_swing_break_failed|primary_break_recent_confirmed_swing_break_failed,none,above_75sma_rising,below_75sma_falling,below_75sma_falling,-1,0.00000000,-1,0.00000000,false,off,NONE,NONE,0.00000000,0.00000000,0.0000,none,0.000,true,SHORT,return_low_break_or_bos_down,1.33614000,1,1.33839000,1.33614000,false,off,independent,false,,,false,0.0000,none,0.0000,0.0000,none,0.0000,0.0000,0.0000,none,0.0000,0,0,0.0000,none,none,none,none,0.0000,0,0.0000,none,false,true,not_evaluated,true,required_light_or_anchor_flip,short_bias,1.33920000,2025.04.22 08:00:00,1.33897000,2025.04.22 12:00:00,2025.04.22 12:45:00,false,NONE,0.00000000,0.00000000,0.0000,-1,false,,-1,NONE,0.00000000,0.00000000,0.0000,0.0000,none,,none,false,NONE,-1,-1,-1,false,false,none,true,false,false,true,none,true,required,false,PERIOD_M5,,,-1,0.0000,false,0.00000000,0.0000,false,0.0000,false,none,none,false,no_anchor_flip_in_entry_direction,true,required_first_signal_only,SHORT,unknown,0.00000000,,0.00000000,,false,,-1,false,NONE,0.00000000,,0.00000000,0.0000,0.0000,none,-1,false,false,false,no_anchor_flip_in_entry_direction,,,,false,false,false,-1,-1,-1,-1,-1,false,false,false,0.0000,falling_n,false,1.34229000,1.33614000,5.7477,false,0.0000,0.0000,0,none,true,0.3546,shallow_236_382,0.080,diagnostic_only,diagnostic_only,diagnostic_only,shallow_pullback,4,0.320,true,none,0.470,high_quality,false,false,diagnostic_only,both,true,none,true,diagnostic_adjacent_detected,required_light,false,false,LONG,4,false,false,1,2025.04.22 13:15:00,2025.04.22 15:25:00,7,4.2264,0.00000000,1.33551000,1.33551000,false,false,none,0.00000000,false,0.0000,0.0000,false,1,0.0000,false,-1,0.00000000,0.0000,off,false,not_evaluated,none,0.0000,0.0000,none,false,false,false,0.0000,none,false,none,0.0000,false,none,4.2264,1.8344,2.3040,1.1153,false,no_shrink,0.0000,none,none,false,false,none,0.0000,0.0000,0.0000,0.0000,none,false,false,0.0000,0.0000,false,false,-1,none,none,false,0.000,0.000,1.33721000,1.33698158,1.33698158,recent_equal_highs,0.00013842,0.0996,neckline_level,1.33721000,0.1321,false,true,true,false,not_blocked,11,6,5,m5_failure_exit,off,none,0.00000000,0.0000,1.30,1.33531000,4.500,-0.300,0.200,PERIOD_M15,1.33839000,1.33638000,0.3682,outside,0.000,true,1.33712000,1.33851000,0.00139000,1.33531000,1.302,0.00068143,20.00,0-30,true,false,none,blocked_spread_too_high,4.600,4.600,none,0.0000,false,neckline_retest_failed,false,not_invalidated,spread_too_high
2025.04.22 19:05:00,signal,session_reversal_pullback_one_symbol_first120,EURJPY,SHORT,2025.04.22 19:00:00,19,16,1,new_york,2025.04.22 16:00,0,first_120min,true,true,3,EURJPY,highest_score_in_session_bar,new_york=USDJPY|EURJPY|GBPJPY|AUDJPY|EURUSD|GBPUSD,existing_first120_gate,new_york,false,false,true,passed_first_window,head_and_shoulders,neckline_break_retest,161.52900000,PERIOD_M5,PERIOD_H1,PERIOD_M15,PERIOD_M5,PERIOD_M5,false,htf_soft_alignment,current_post_filter,transcript_post_filter,dow_range_or_transition,structure_trend_bias_dow_trend_down_ll_lh,dow_range_or_transition,structure_trend_bias_dow_trend_down_ll_lh,false,false,true,SHORT,PERIOD_M5,head_and_shoulders,head_and_shoulders,4.500,none,0.000,head_and_shoulders,4.500,none,0.000,SHORT,false,PERIOD_H1_NONE_dow_range_or_transition|PERIOD_M15_SHORT_structure_trend_bias_dow_trend_down_ll_lh,true,h1_counter_m15_reversal,true,top_NONE_dow_range_or_transition|structure_SHORT_structure_trend_bias_dow_trend_down_ll_lh|structure_break_recent_confirmed_swing_break_failed|primary_break_no_recent_confirmed_swing_break,none,below_75sma_falling,below_75sma_falling,above_75sma_rising,-1,0.00000000,-1,0.00000000,false,off,NONE,NONE,0.00000000,0.00000000,0.0000,none,0.000,true,SHORT,return_low_break_or_bos_down,161.24000000,10,161.67300000,160.96900000,false,off,independent,false,,,false,0.0000,none,0.0000,0.0000,none,0.0000,0.0000,0.0000,none,0.0000,0,0,0.0000,none,none,none,none,0.0000,0,0.0000,none,false,true,not_evaluated,true,required_light_or_anchor_flip,long_bias,161.37500000,2025.04.22 17:30:00,161.24300000,2025.04.22 14:45:00,2025.04.22 18:00:00,false,NONE,0.00000000,0.00000000,0.0000,-1,false,,-1,NONE,0.00000000,0.00000000,0.0000,0.0000,none,,none,false,NONE,-1,-1,-1,false,false,none,false,true,false,true,none,true,required,false,PERIOD_M5,,,-1,0.0000,false,0.00000000,0.0000,false,0.0000,false,none,none,false,no_anchor_flip_in_entry_direction,true,required_first_signal_only,SHORT,unknown,0.00000000,,0.00000000,,false,,-1,false,NONE,0.00000000,,0.00000000,0.0000,0.0000,none,-1,false,false,false,no_anchor_flip_in_entry_direction,,,,false,false,false,-1,-1,-1,-1,-1,false,false,false,0.0000,rising_n,false,161.67300000,160.96900000,4.2391,false,0.0000,0.0000,0,none,true,0.7116,deep_618_786,0.120,diagnostic_only,diagnostic_only,diagnostic_only,shallow_pullback,24,0.320,true,none,0.470,high_quality,false,false,diagnostic_only,both,true,none,true,diagnostic_adjacent_detected,required_light,false,false,LONG,9,false,false,2,2025.04.22 17:30:00,2025.04.22 18:05:00,11,3.2568,0.00000000,161.41200000,161.41200000,false,false,none,0.00000000,false,0.0000,0.0000,false,1,0.0000,false,-1,0.00000000,0.0000,off,false,not_evaluated,none,0.0000,0.0000,none,false,false,false,0.0000,none,false,none,0.0000,false,none,2.8525,2.8415,1.0038,0.4153,false,no_shrink,0.0000,none,none,false,false,none,0.0000,0.0000,0.0000,0.0000,none,false,false,0.0000,0.0000,false,false,-1,none,none,false,0.000,0.000,161.48100000,161.44646667,161.44646667,recent_equal_lows,0.02353333,0.1090,session_low|opening_range_low|neckline_level,161.47000000,0.0000,false,true,true,false,not_blocked,6,4,2,m5_failure_exit,off,none,0.00000000,0.0000,1.30,161.18900000,4.500,-0.300,0.200,PERIOD_M15,161.70100000,161.37500000,0.2914,outside,0.000,true,161.47000000,161.68600000,0.21600000,161.18900000,1.301,0.09150000,32.00,0-30,true,false,none,not_consumed,4.600,4.600,none,0.0000,false,opposite_break_first,true,opposite_break_first,spread_too_high
2025.04.22 19:05:00,blocked,session_reversal_pullback_one_symbol_first120,EURJPY,SHORT,2025.04.22 19:00:00,19,16,1,new_york,2025.04.22 16:00,0,first_120min,true,true,3,EURJPY,highest_score_in_session_bar,new_york=USDJPY|EURJPY|GBPJPY|AUDJPY|EURUSD|GBPUSD,existing_first120_gate,new_york,false,false,true,passed_first_window,head_and_shoulders,neckline_break_retest,161.52900000,PERIOD_M5,PERIOD_H1,PERIOD_M15,PERIOD_M5,PERIOD_M5,false,htf_soft_alignment,current_post_filter,transcript_post_filter,dow_range_or_transition,structure_trend_bias_dow_trend_down_ll_lh,dow_range_or_transition,structure_trend_bias_dow_trend_down_ll_lh,false,false,true,SHORT,PERIOD_M5,head_and_shoulders,head_and_shoulders,4.500,none,0.000,head_and_shoulders,4.500,none,0.000,SHORT,false,PERIOD_H1_NONE_dow_range_or_transition|PERIOD_M15_SHORT_structure_trend_bias_dow_trend_down_ll_lh,true,h1_counter_m15_reversal,true,top_NONE_dow_range_or_transition|structure_SHORT_structure_trend_bias_dow_trend_down_ll_lh|structure_break_recent_confirmed_swing_break_failed|primary_break_no_recent_confirmed_swing_break,none,below_75sma_falling,below_75sma_falling,above_75sma_rising,-1,0.00000000,-1,0.00000000,false,off,NONE,NONE,0.00000000,0.00000000,0.0000,none,0.000,true,SHORT,return_low_break_or_bos_down,161.24000000,10,161.67300000,160.96900000,false,off,independent,false,,,false,0.0000,none,0.0000,0.0000,none,0.0000,0.0000,0.0000,none,0.0000,0,0,0.0000,none,none,none,none,0.0000,0,0.0000,none,false,true,not_evaluated,true,required_light_or_anchor_flip,long_bias,161.37500000,2025.04.22 17:30:00,161.24300000,2025.04.22 14:45:00,2025.04.22 18:00:00,false,NONE,0.00000000,0.00000000,0.0000,-1,false,,-1,NONE,0.00000000,0.00000000,0.0000,0.0000,none,,none,false,NONE,-1,-1,-1,false,false,none,false,true,false,true,none,true,required,false,PERIOD_M5,,,-1,0.0000,false,0.00000000,0.0000,false,0.0000,false,none,none,false,no_anchor_flip_in_entry_direction,true,required_first_signal_only,SHORT,unknown,0.00000000,,0.00000000,,false,,-1,false,NONE,0.00000000,,0.00000000,0.0000,0.0000,none,-1,false,false,false,no_anchor_flip_in_entry_direction,,,,false,false,false,-1,-1,-1,-1,-1,false,false,false,0.0000,rising_n,false,161.67300000,160.96900000,4.2391,false,0.0000,0.0000,0,none,true,0.7116,deep_618_786,0.120,diagnostic_only,diagnostic_only,diagnostic_only,shallow_pullback,24,0.320,true,none,0.470,high_quality,false,false,diagnostic_only,both,true,none,true,diagnostic_adjacent_detected,required_light,false,false,LONG,9,false,false,2,2025.04.22 17:30:00,2025.04.22 18:05:00,11,3.2568,0.00000000,161.41200000,161.41200000,false,false,none,0.00000000,false,0.0000,0.0000,false,1,0.0000,false,-1,0.00000000,0.0000,off,false,not_evaluated,none,0.0000,0.0000,none,false,false,false,0.0000,none,false,none,0.0000,false,none,2.8525,2.8415,1.0038,0.4153,false,no_shrink,0.0000,none,none,false,false,none,0.0000,0.0000,0.0000,0.0000,none,false,false,0.0000,0.0000,false,false,-1,none,none,false,0.000,0.000,161.48100000,161.44646667,161.44646667,recent_equal_lows,0.02353333,0.1090,session_low|opening_range_low|neckline_level,161.47000000,0.0000,false,true,true,false,not_blocked,6,4,2,m5_failure_exit,off,none,0.00000000,0.0000,1.30,161.18900000,4.500,-0.300,0.200,PERIOD_M15,161.70100000,161.37500000,0.2914,outside,0.000,true,161.47000000,161.68600000,0.21600000,161.18900000,1.301,0.09150000,32.00,0-30,true,false,none,blocked_spread_too_high,4.600,4.600,none,0.0000,false,opposite_break_first,true,opposite_break_first,spread_too_high
2025.04.23 10:35:00,signal,session_reversal_pullback_one_symbol_first120,EURJPY,LONG,2025.04.23 10:30:00,10,7,16,london,2025.04.23 07:00,30,first_120min,true,true,3,EURJPY,highest_score_in_session_bar,london=USDJPY|EURJPY|GBPJPY|AUDJPY|EURUSD|GBPUSD,existing_first120_gate,london,false,false,true,passed_first_window,inverse_head_and_shoulders,neckline_break_retest,161.38300000,PERIOD_M5,PERIOD_H1,PERIOD_M15,PERIOD_M5,PERIOD_M5,false,htf_soft_alignment,current_post_filter,transcript_post_filter,dow_range_or_transition,ordered_dow_wave3_break_below_swing_low,dow_range_or_transition,ordered_dow_wave3_break_below_swing_low,false,true,false,LONG,PERIOD_M5,inverse_head_and_shoulders,inverse_head_and_shoulders,4.500,none,0.000,inverse_head_and_shoulders,4.500,none,0.000,LONG,false,PERIOD_H1_NONE_dow_range_or_transition|PERIOD_M15_SHORT_ordered_dow_wave3_break_below_swing_low,true,h1_counter_m15_reversal,true,top_NONE_dow_range_or_transition|structure_SHORT_ordered_dow_wave3_break_below_swing_low|structure_break_recent_confirmed_swing_break_failed|primary_break_recent_confirmed_swing_break_retest,none,below_75sma_falling,below_75sma_flat_or_rising,above_75sma_flat_or_falling,-1,0.00000000,0,161.38300000,false,off,NONE,NONE,0.00000000,0.00000000,0.0000,none,0.000,true,LONG,return_high_break_or_bos_up,161.80200000,24,161.98000000,161.21800000,false,off,independent,false,,,false,0.0000,none,0.0000,0.0000,none,0.0000,0.0000,0.0000,none,0.0000,0,0,0.0000,none,none,none,none,0.0000,0,0.0000,none,false,true,not_evaluated,true,required_light_or_anchor_flip,short_bias,161.51600000,2025.04.23 00:30:00,161.84800000,2025.04.23 06:15:00,2025.04.23 08:15:00,false,NONE,0.00000000,0.00000000,0.0000,-1,false,,-1,NONE,0.00000000,0.00000000,0.0000,0.0000,none,,none,false,NONE,-1,-1,-1,false,false,none,false,true,false,true,none,true,required,false,PERIOD_M5,,,-1,0.0000,false,0.00000000,0.0000,false,0.0000,false,none,none,false,no_anchor_flip_in_entry_direction,true,required_first_signal_only,LONG,unknown,0.00000000,,0.00000000,,false,,-1,false,NONE,0.00000000,,0.00000000,0.0000,0.0000,none,-1,false,false,false,no_anchor_flip_in_entry_direction,,,,false,false,false,-1,-1,-1,-1,-1,false,false,false,0.0000,falling_n,false,162.20700000,161.52200000,4.3374,false,0.0000,0.0000,0,none,true,0.3780,shallow_236_382,0.080,diagnostic_only,diagnostic_only,diagnostic_only,shallow_pullback,24,0.280,true,none,0.430,high_quality,false,false,diagnostic_only,both,true,none,true,diagnostic_adjacent_detected,required_light,false,false,SHORT,4,false,false,2,2025.04.23 08:20:00,2025.04.23 10:00:00,6,3.9491,161.38300000,0.00000000,161.38300000,true,true,m5_lh_close_break_up,161.38300000,true,0.2168,0.4027,true,1,0.0000,true,1,161.38300000,0.6659,off,false,not_evaluated,none,0.5567,0.4433,normal,true,false,false,0.0000,held_clean,true,favorable_side,0.2981,false,clean_retest,1.1925,1.6803,0.7097,2.2688,false,mild_exhaustion,0.0000,none,none,false,false,none,0.0000,0.0000,0.0000,0.0000,none,false,false,0.0000,0.0000,false,false,-1,none,none,false,0.000,0.000,161.71600000,161.66600000,161.71600000,failed_breakout_level,0.02400000,0.0620,session_high|opening_range_high|neckline_level,161.66600000,0.2013,false,true,true,false,not_blocked,4,3,1,m5_failure_exit,off,none,0.00000000,0.0000,1.30,162.19600000,4.500,-0.300,0.200,PERIOD_M15,161.73900000,161.65800000,0.5802,preferred_382_618,0.000,true,161.69200000,161.30500000,0.38700000,162.19600000,1.302,0.12914286,30.00,30-60,true,false,none,not_consumed,4.800,4.800,none,0.0000,false,opposite_break_first,true,opposite_break_first,spread_too_high
2025.04.23 10:35:00,blocked,session_reversal_pullback_one_symbol_first120,EURJPY,LONG,2025.04.23 10:30:00,10,7,16,london,2025.04.23 07:00,30,first_120min,true,true,3,EURJPY,highest_score_in_session_bar,london=USDJPY|EURJPY|GBPJPY|AUDJPY|EURUSD|GBPUSD,existing_first120_gate,london,false,false,true,passed_first_window,inverse_head_and_shoulders,neckline_break_retest,161.38300000,PERIOD_M5,PERIOD_H1,PERIOD_M15,PERIOD_M5,PERIOD_M5,false,htf_soft_alignment,current_post_filter,transcript_post_filter,dow_range_or_transition,ordered_dow_wave3_break_below_swing_low,dow_range_or_transition,ordered_dow_wave3_break_below_swing_low,false,true,false,LONG,PERIOD_M5,inverse_head_and_shoulders,inverse_head_and_shoulders,4.500,none,0.000,inverse_head_and_shoulders,4.500,none,0.000,LONG,false,PERIOD_H1_NONE_dow_range_or_transition|PERIOD_M15_SHORT_ordered_dow_wave3_break_below_swing_low,true,h1_counter_m15_reversal,true,top_NONE_dow_range_or_transition|structure_SHORT_ordered_dow_wave3_break_below_swing_low|structure_break_recent_confirmed_swing_break_failed|primary_break_recent_confirmed_swing_break_retest,none,below_75sma_falling,below_75sma_flat_or_rising,above_75sma_flat_or_falling,-1,0.00000000,0,161.38300000,false,off,NONE,NONE,0.00000000,0.00000000,0.0000,none,0.000,true,LONG,return_high_break_or_bos_up,161.80200000,24,161.98000000,161.21800000,false,off,independent,false,,,false,0.0000,none,0.0000,0.0000,none,0.0000,0.0000,0.0000,none,0.0000,0,0,0.0000,none,none,none,none,0.0000,0,0.0000,none,false,true,not_evaluated,true,required_light_or_anchor_flip,short_bias,161.51600000,2025.04.23 00:30:00,161.84800000,2025.04.23 06:15:00,2025.04.23 08:15:00,false,NONE,0.00000000,0.00000000,0.0000,-1,false,,-1,NONE,0.00000000,0.00000000,0.0000,0.0000,none,,none,false,NONE,-1,-1,-1,false,false,none,false,true,false,true,none,true,required,false,PERIOD_M5,,,-1,0.0000,false,0.00000000,0.0000,false,0.0000,false,none,none,false,no_anchor_flip_in_entry_direction,true,required_first_signal_only,LONG,unknown,0.00000000,,0.00000000,,false,,-1,false,NONE,0.00000000,,0.00000000,0.0000,0.0000,none,-1,false,false,false,no_anchor_flip_in_entry_direction,,,,false,false,false,-1,-1,-1,-1,-1,false,false,false,0.0000,falling_n,false,162.20700000,161.52200000,4.3374,false,0.0000,0.0000,0,none,true,0.3780,shallow_236_382,0.080,diagnostic_only,diagnostic_only,diagnostic_only,shallow_pullback,24,0.280,true,none,0.430,high_quality,false,false,diagnostic_only,both,true,none,true,diagnostic_adjacent_detected,required_light,false,false,SHORT,4,false,false,2,2025.04.23 08:20:00,2025.04.23 10:00:00,6,3.9491,161.38300000,0.00000000,161.38300000,true,true,m5_lh_close_break_up,161.38300000,true,0.2168,0.4027,true,1,0.0000,true,1,161.38300000,0.6659,off,false,not_evaluated,none,0.5567,0.4433,normal,true,false,false,0.0000,held_clean,true,favorable_side,0.2981,false,clean_retest,1.1925,1.6803,0.7097,2.2688,false,mild_exhaustion,0.0000,none,none,false,false,none,0.0000,0.0000,0.0000,0.0000,none,false,false,0.0000,0.0000,false,false,-1,none,none,false,0.000,0.000,161.71600000,161.66600000,161.71600000,failed_breakout_level,0.02400000,0.0620,session_high|opening_range_high|neckline_level,161.66600000,0.2013,false,true,true,false,not_blocked,4,3,1,m5_failure_exit,off,none,0.00000000,0.0000,1.30,162.19600000,4.500,-0.300,0.200,PERIOD_M15,161.73900000,161.65800000,0.5802,preferred_382_618,0.000,true,161.69200000,161.30500000,0.38700000,162.19600000,1.302,0.12914286,30.00,30-60,true,false,none,blocked_spread_too_high,4.800,4.800,none,0.0000,false,opposite_break_first,true,opposite_break_first,spread_too_high
2025.04.23 16:25:00,signal,session_reversal_pullback_one_symbol_first120,GBPUSD,LONG,2025.04.23 16:20:00,16,13,22,london_newyork_overlap,2025.04.23 13:00,20,first_120min,true,true,3,GBPUSD,highest_score_in_session_bar,london_newyork_overlap=USDJPY|EURJPY|GBPJPY|AUDJPY|EURUSD|GBPUSD,existing_first120_gate,london_newyork_overlap,false,false,true,passed_first_window,inverse_head_and_shoulders,neckline_break_retest,1.33086000,PERIOD_M5,PERIOD_H1,PERIOD_M15,PERIOD_M5,PERIOD_M5,false,htf_soft_alignment,current_post_filter,transcript_post_filter,dow_range_or_transition,no_ordered_dow_wave3_break,dow_range_or_transition,no_ordered_dow_wave3_break,false,true,false,LONG,PERIOD_M5,inverse_head_and_shoulders,inverse_head_and_shoulders,4.500,none,0.000,inverse_head_and_shoulders,4.500,none,0.000,LONG,false,PERIOD_H1_NONE_dow_range_or_transition|PERIOD_M15_NONE_no_ordered_dow_wave3_break,true,h1_counter_m15_reversal,true,top_NONE_dow_range_or_transition|structure_NONE_no_ordered_dow_wave3_break|structure_break_recent_confirmed_swing_break_failed|primary_break_recent_confirmed_swing_break_retest,none,below_75sma_flat_or_rising,below_75sma_falling,above_75sma_flat_or_falling,-1,0.00000000,0,1.33057000,false,off,NONE,NONE,0.00000000,0.00000000,0.0000,none,0.000,true,LONG,return_high_break_or_bos_up,1.33276000,15,1.33380000,1.32765000,false,off,independent,false,,,false,0.0000,none,0.0000,0.0000,none,0.0000,0.0000,0.0000,none,0.0000,0,0,0.0000,none,none,none,none,0.0000,0,0.0000,none,false,true,not_evaluated,true,required_light_or_anchor_flip,long_bias,1.32765000,2025.04.23 11:30:00,1.33276000,2025.04.23 10:15:00,2025.04.23 12:15:00,false,NONE,0.00000000,0.00000000,0.0000,-1,false,,-1,NONE,0.00000000,0.00000000,0.0000,0.0000,none,,none,false,NONE,-1,-1,-1,false,false,none,true,false,false,true,none,true,required,false,PERIOD_M5,,,-1,0.0000,false,0.00000000,0.0000,false,0.0000,false,none,none,false,no_anchor_flip_in_entry_direction,true,required_first_signal_only,LONG,unknown,0.00000000,,0.00000000,,false,,-1,false,NONE,0.00000000,,0.00000000,0.0000,0.0000,none,-1,false,false,false,no_anchor_flip_in_entry_direction,,,,false,false,false,-1,-1,-1,-1,-1,false,false,false,0.0000,range_n,true,1.33380000,1.32765000,5.7324,false,0.0000,0.0000,0,none,true,0.3837,preferred_382_618,0.200,diagnostic_only,diagnostic_only,diagnostic_only,fib_pullback,24,0.400,true,none,0.550,high_quality,false,false,diagnostic_only,both,true,none,true,diagnostic_adjacent_detected,required_light,false,true,SHORT,7,true,true,2,2025.04.23 14:40:00,2025.04.23 15:25:00,11,2.9839,1.33057000,0.00000000,1.33057000,true,true,m5_lh_close_break_up,1.33057000,true,0.0867,0.4511,true,1,0.5551,true,7,1.33057000,0.2429,off,false,not_evaluated,none,0.3400,0.0500,normal,false,true,true,0.5551,failed_1bar,true,favorable_side,0.2200,false,clean_retest,2.2726,2.4461,0.9291,0.5378,false,no_shrink,0.0000,none,none,false,false,none,0.0000,0.0000,0.0000,0.0000,none,false,false,0.0000,0.0000,false,false,-1,none,none,false,0.000,0.000,1.33167000,1.33129000,1.33167000,top_context_confirmed_swing_high,0.00023000,0.1513,session_high|opening_range_high|neckline_level,1.33129000,0.2602,false,true,false,false,not_blocked,2,2,0,m5_failure_exit,off,none,0.00000000,0.0000,1.30,1.33342000,4.500,-0.300,0.200,PERIOD_M15,1.33098000,1.32896000,-0.2277,outside,0.000,true,1.33144000,1.32992000,0.00152000,1.33342000,1.303,0.00057643,20.00,0-30,true,false,none,not_consumed,4.800,4.800,none,0.0000,false,neckline_retest_failed,false,not_invalidated,spread_too_high
2025.04.23 16:25:00,blocked,session_reversal_pullback_one_symbol_first120,GBPUSD,LONG,2025.04.23 16:20:00,16,13,22,london_newyork_overlap,2025.04.23 13:00,20,first_120min,true,true,3,GBPUSD,highest_score_in_session_bar,london_newyork_overlap=USDJPY|EURJPY|GBPJPY|AUDJPY|EURUSD|GBPUSD,existing_first120_gate,london_newyork_overlap,false,false,true,passed_first_window,inverse_head_and_shoulders,neckline_break_retest,1.33086000,PERIOD_M5,PERIOD_H1,PERIOD_M15,PERIOD_M5,PERIOD_M5,false,htf_soft_alignment,current_post_filter,transcript_post_filter,dow_range_or_transition,no_ordered_dow_wave3_break,dow_range_or_transition,no_ordered_dow_wave3_break,false,true,false,LONG,PERIOD_M5,inverse_head_and_shoulders,inverse_head_and_shoulders,4.500,none,0.000,inverse_head_and_shoulders,4.500,none,0.000,LONG,false,PERIOD_H1_NONE_dow_range_or_transition|PERIOD_M15_NONE_no_ordered_dow_wave3_break,true,h1_counter_m15_reversal,true,top_NONE_dow_range_or_transition|structure_NONE_no_ordered_dow_wave3_break|structure_break_recent_confirmed_swing_break_failed|primary_break_recent_confirmed_swing_break_retest,none,below_75sma_flat_or_rising,below_75sma_falling,above_75sma_flat_or_falling,-1,0.00000000,0,1.33057000,false,off,NONE,NONE,0.00000000,0.00000000,0.0000,none,0.000,true,LONG,return_high_break_or_bos_up,1.33276000,15,1.33380000,1.32765000,false,off,independent,false,,,false,0.0000,none,0.0000,0.0000,none,0.0000,0.0000,0.0000,none,0.0000,0,0,0.0000,none,none,none,none,0.0000,0,0.0000,none,false,true,not_evaluated,true,required_light_or_anchor_flip,long_bias,1.32765000,2025.04.23 11:30:00,1.33276000,2025.04.23 10:15:00,2025.04.23 12:15:00,false,NONE,0.00000000,0.00000000,0.0000,-1,false,,-1,NONE,0.00000000,0.00000000,0.0000,0.0000,none,,none,false,NONE,-1,-1,-1,false,false,none,true,false,false,true,none,true,required,false,PERIOD_M5,,,-1,0.0000,false,0.00000000,0.0000,false,0.0000,false,none,none,false,no_anchor_flip_in_entry_direction,true,required_first_signal_only,LONG,unknown,0.00000000,,0.00000000,,false,,-1,false,NONE,0.00000000,,0.00000000,0.0000,0.0000,none,-1,false,false,false,no_anchor_flip_in_entry_direction,,,,false,false,false,-1,-1,-1,-1,-1,false,false,false,0.0000,range_n,true,1.33380000,1.32765000,5.7324,false,0.0000,0.0000,0,none,true,0.3837,preferred_382_618,0.200,diagnostic_only,diagnostic_only,diagnostic_only,fib_pullback,24,0.400,true,none,0.550,high_quality,false,false,diagnostic_only,both,true,none,true,diagnostic_adjacent_detected,required_light,false,true,SHORT,7,true,true,2,2025.04.23 14:40:00,2025.04.23 15:25:00,11,2.9839,1.33057000,0.00000000,1.33057000,true,true,m5_lh_close_break_up,1.33057000,true,0.0867,0.4511,true,1,0.5551,true,7,1.33057000,0.2429,off,false,not_evaluated,none,0.3400,0.0500,normal,false,true,true,0.5551,failed_1bar,true,favorable_side,0.2200,false,clean_retest,2.2726,2.4461,0.9291,0.5378,false,no_shrink,0.0000,none,none,false,false,none,0.0000,0.0000,0.0000,0.0000,none,false,false,0.0000,0.0000,false,false,-1,none,none,false,0.000,0.000,1.33167000,1.33129000,1.33167000,top_context_confirmed_swing_high,0.00023000,0.1513,session_high|opening_range_high|neckline_level,1.33129000,0.2602,false,true,false,false,not_blocked,2,2,0,m5_failure_exit,off,none,0.00000000,0.0000,1.30,1.33342000,4.500,-0.300,0.200,PERIOD_M15,1.33098000,1.32896000,-0.2277,outside,0.000,true,1.33144000,1.32992000,0.00152000,1.33342000,1.303,0.00057643,20.00,0-30,true,false,none,blocked_spread_too_high,4.800,4.800,none,0.0000,false,neckline_retest_failed,false,not_invalidated,spread_too_high
2025.04.24 10:05:00,signal,session_reversal_pullback_one_symbol_first120,EURJPY,SHORT,2025.04.24 10:00:00,10,7,16,london,2025.04.24 07:00,0,first_120min,true,true,3,EURJPY,highest_score_in_session_bar,london=USDJPY|EURJPY|GBPJPY|AUDJPY|EURUSD|GBPUSD,existing_first120_gate,london,false,false,true,passed_first_window,double_top,neckline_break_retest,161.99600000,PERIOD_M5,PERIOD_H1,PERIOD_M15,PERIOD_M5,PERIOD_M5,false,htf_soft_alignment,current_post_filter,transcript_post_filter,dow_trend_up_hh_hl,structure_trend_bias_dow_trend_down_ll_lh,dow_trend_up_hh_hl,structure_trend_bias_dow_trend_down_ll_lh,false,false,true,SHORT,PERIOD_M5,double_top,double_top,4.200,none,0.000,double_top,4.200,none,0.000,SHORT,false,PERIOD_H1_LONG_dow_trend_up_hh_hl|PERIOD_M15_SHORT_structure_trend_bias_dow_trend_down_ll_lh,true,h1_counter_m15_reversal,true,top_LONG_dow_trend_up_hh_hl|structure_SHORT_structure_trend_bias_dow_trend_down_ll_lh|structure_break_recent_confirmed_swing_break_failed|primary_break_recent_confirmed_swing_break_retest,none,above_75sma_flat_or_falling,below_75sma_flat_or_rising,below_75sma_falling,-1,0.00000000,0,162.00700000,false,off,NONE,NONE,0.00000000,0.00000000,0.0000,none,0.000,true,SHORT,return_low_break_or_bos_down,161.87200000,4,162.31300000,161.82300000,false,off,independent,false,,,false,0.0000,none,0.0000,0.0000,none,0.0000,0.0000,0.0000,none,0.0000,0,0,0.0000,none,none,none,none,0.0000,0,0.0000,none,false,true,not_evaluated,true,required_light_or_anchor_flip,bias_flip_up,162.16200000,2025.04.24 02:45:00,162.01900000,2025.04.24 08:00:00,2025.04.24 08:45:00,true,LONG,162.01900000,162.03500000,0.1291,3,true,2025.04.24 09:00:00,3,LONG,162.01900000,162.03500000,0.1291,1.4928,normal,2025.04.24 09:15:00,first_after_anchor,true,LONG,3,2,3,true,false,fresh_0_4,false,true,false,true,none,true,required,false,PERIOD_M5,,,-1,0.0000,false,0.00000000,0.0000,false,0.0000,false,none,none,false,no_anchor_flip_in_entry_direction,true,required_first_signal_only,SHORT,unknown,0.00000000,,0.00000000,,false,,-1,false,NONE,0.00000000,,0.00000000,0.0000,0.0000,none,-1,false,false,false,no_anchor_flip_in_entry_direction,,,,false,false,false,-1,-1,-1,-1,-1,false,false,false,0.0000,falling_n,false,162.28300000,161.82300000,3.7118,true,1.4928,0.2688,1,normal,true,0.3510,shallow_236_382,0.080,diagnostic_only,diagnostic_only,diagnostic_only,shallow_pullback,24,0.280,true,none,0.430,high_quality,false,false,diagnostic_only,both,true,none,true,diagnostic_adjacent_detected,required_light,false,false,LONG,9,false,false,2,2025.04.24 08:40:00,2025.04.24 09:40:00,4,3.2649,0.00000000,161.93600000,161.93600000,false,false,none,0.00000000,false,0.0000,0.0000,false,1,0.0000,false,-1,0.00000000,0.0000,off,false,not_evaluated,none,0.0000,0.0000,none,false,false,false,0.0000,none,false,none,0.0000,false,none,2.0709,1.9547,1.0595,1.3102,false,no_shrink,0.0000,none,none,false,false,none,0.0000,0.0000,0.0000,0.0000,none,false,false,0.0000,0.0000,false,false,-1,none,none,false,0.000,0.000,161.99600000,161.96400000,161.94494737,recent_equal_lows,0.05005263,0.5269,session_low|opening_range_low|neckline_level,161.99600000,0.0106,false,false,true,false,not_blocked,2,0,2,m5_failure_exit,off,none,0.00000000,0.0000,1.30,161.87100000,4.200,-0.300,0.200,PERIOD_M15,162.01900000,161.82300000,0.8776,outside,0.000,true,161.99500000,162.09000000,0.09500000,161.87100000,1.305,0.09464286,30.00,0-30,true,false,none,not_consumed,4.500,4.500,none,0.0000,false,neckline_retest_failed,false,not_invalidated,spread_too_high
2025.04.24 10:05:00,blocked,session_reversal_pullback_one_symbol_first120,EURJPY,SHORT,2025.04.24 10:00:00,10,7,16,london,2025.04.24 07:00,0,first_120min,true,true,3,EURJPY,highest_score_in_session_bar,london=USDJPY|EURJPY|GBPJPY|AUDJPY|EURUSD|GBPUSD,existing_first120_gate,london,false,false,true,passed_first_window,double_top,neckline_break_retest,161.99600000,PERIOD_M5,PERIOD_H1,PERIOD_M15,PERIOD_M5,PERIOD_M5,false,htf_soft_alignment,current_post_filter,transcript_post_filter,dow_trend_up_hh_hl,structure_trend_bias_dow_trend_down_ll_lh,dow_trend_up_hh_hl,structure_trend_bias_dow_trend_down_ll_lh,false,false,true,SHORT,PERIOD_M5,double_top,double_top,4.200,none,0.000,double_top,4.200,none,0.000,SHORT,false,PERIOD_H1_LONG_dow_trend_up_hh_hl|PERIOD_M15_SHORT_structure_trend_bias_dow_trend_down_ll_lh,true,h1_counter_m15_reversal,true,top_LONG_dow_trend_up_hh_hl|structure_SHORT_structure_trend_bias_dow_trend_down_ll_lh|structure_break_recent_confirmed_swing_break_failed|primary_break_recent_confirmed_swing_break_retest,none,above_75sma_flat_or_falling,below_75sma_flat_or_rising,below_75sma_falling,-1,0.00000000,0,162.00700000,false,off,NONE,NONE,0.00000000,0.00000000,0.0000,none,0.000,true,SHORT,return_low_break_or_bos_down,161.87200000,4,162.31300000,161.82300000,false,off,independent,false,,,false,0.0000,none,0.0000,0.0000,none,0.0000,0.0000,0.0000,none,0.0000,0,0,0.0000,none,none,none,none,0.0000,0,0.0000,none,false,true,not_evaluated,true,required_light_or_anchor_flip,bias_flip_up,162.16200000,2025.04.24 02:45:00,162.01900000,2025.04.24 08:00:00,2025.04.24 08:45:00,true,LONG,162.01900000,162.03500000,0.1291,3,true,2025.04.24 09:00:00,3,LONG,162.01900000,162.03500000,0.1291,1.4928,normal,2025.04.24 09:15:00,first_after_anchor,true,LONG,3,2,3,true,false,fresh_0_4,false,true,false,true,none,true,required,false,PERIOD_M5,,,-1,0.0000,false,0.00000000,0.0000,false,0.0000,false,none,none,false,no_anchor_flip_in_entry_direction,true,required_first_signal_only,SHORT,unknown,0.00000000,,0.00000000,,false,,-1,false,NONE,0.00000000,,0.00000000,0.0000,0.0000,none,-1,false,false,false,no_anchor_flip_in_entry_direction,,,,false,false,false,-1,-1,-1,-1,-1,false,false,false,0.0000,falling_n,false,162.28300000,161.82300000,3.7118,true,1.4928,0.2688,1,normal,true,0.3510,shallow_236_382,0.080,diagnostic_only,diagnostic_only,diagnostic_only,shallow_pullback,24,0.280,true,none,0.430,high_quality,false,false,diagnostic_only,both,true,none,true,diagnostic_adjacent_detected,required_light,false,false,LONG,9,false,false,2,2025.04.24 08:40:00,2025.04.24 09:40:00,4,3.2649,0.00000000,161.93600000,161.93600000,false,false,none,0.00000000,false,0.0000,0.0000,false,1,0.0000,false,-1,0.00000000,0.0000,off,false,not_evaluated,none,0.0000,0.0000,none,false,false,false,0.0000,none,false,none,0.0000,false,none,2.0709,1.9547,1.0595,1.3102,false,no_shrink,0.0000,none,none,false,false,none,0.0000,0.0000,0.0000,0.0000,none,false,false,0.0000,0.0000,false,false,-1,none,none,false,0.000,0.000,161.99600000,161.96400000,161.94494737,recent_equal_lows,0.05005263,0.5269,session_low|opening_range_low|neckline_level,161.99600000,0.0106,false,false,true,false,not_blocked,2,0,2,m5_failure_exit,off,none,0.00000000,0.0000,1.30,161.87100000,4.200,-0.300,0.200,PERIOD_M15,162.01900000,161.82300000,0.8776,outside,0.000,true,161.99500000,162.09000000,0.09500000,161.87100000,1.305,0.09464286,30.00,0-30,true,false,none,blocked_spread_too_high,4.500,4.500,none,0.0000,false,neckline_retest_failed,false,not_invalidated,spread_too_high
2025.04.24 16:45:00,signal,session_reversal_pullback_one_symbol_first120,AUDJPY,SHORT,2025.04.24 16:40:00,16,13,22,london_newyork_overlap,2025.04.24 13:00,40,first_120min,true,true,3,AUDJPY,highest_score_in_session_bar,london_newyork_overlap=USDJPY|EURJPY|GBPJPY|AUDJPY|EURUSD|GBPUSD,existing_first120_gate,london_newyork_overlap,true,false,true,passed_first_window,double_top,neckline_break_retest,90.92000000,PERIOD_M5,PERIOD_H1,PERIOD_M15,PERIOD_M5,PERIOD_M5,false,htf_soft_alignment,current_post_filter,transcript_post_filter,dow_range_or_transition,structure_trend_bias_dow_trend_down_ll_lh,dow_range_or_transition,structure_trend_bias_dow_trend_down_ll_lh,false,false,true,SHORT,PERIOD_M5,double_top,double_top,4.200,none,0.000,double_top,4.200,none,0.000,SHORT,false,PERIOD_H1_NONE_dow_range_or_transition|PERIOD_M15_SHORT_structure_trend_bias_dow_trend_down_ll_lh,true,h1_counter_m15_reversal,true,top_NONE_dow_range_or_transition|structure_SHORT_structure_trend_bias_dow_trend_down_ll_lh|structure_break_recent_confirmed_swing_break_failed|primary_break_recent_confirmed_swing_break_failed,none,above_75sma_rising,below_75sma_falling,below_75sma_falling,-1,0.00000000,-1,0.00000000,false,off,NONE,NONE,0.00000000,0.00000000,0.0000,none,0.000,true,SHORT,return_low_break_or_bos_down,90.85400000,2,91.04100000,90.79700000,false,off,independent,false,,,false,0.0000,none,0.0000,0.0000,none,0.0000,0.0000,0.0000,none,0.0000,0,0,0.0000,none,none,none,none,0.0000,0,0.0000,none,false,true,not_evaluated,true,required_light_or_anchor_flip,short_bias,90.54200000,2025.04.24 08:45:00,90.98800000,2025.04.24 15:15:00,2025.04.24 15:45:00,false,NONE,0.00000000,0.00000000,0.0000,-1,false,,-1,NONE,0.00000000,0.00000000,0.0000,0.0000,none,,none,false,NONE,-1,-1,-1,false,false,none,true,false,false,true,none,true,required,false,PERIOD_M5,,,-1,0.0000,false,0.00000000,0.0000,false,0.0000,false,none,none,false,no_anchor_flip_in_entry_direction,true,required_first_signal_only,SHORT,unknown,0.00000000,,0.00000000,,false,,-1,false,NONE,0.00000000,,0.00000000,0.0000,0.0000,none,-1,false,false,false,no_anchor_flip_in_entry_direction,,,,false,false,false,-1,-1,-1,-1,-1,false,false,false,0.0000,range_n,true,91.04100000,90.79700000,2.5859,false,0.0000,0.0000,0,none,true,0.4631,preferred_382_618,0.200,diagnostic_only,diagnostic_only,diagnostic_only,shallow_pullback,24,0.450,true,none,0.600,high_quality,false,false,diagnostic_only,both,true,none,true,diagnostic_adjacent_detected,required_light,false,false,LONG,4,false,false,0,2025.04.24 13:55:00,2025.04.24 15:50:00,10,3.5254,0.00000000,90.79700000,90.79700000,false,false,none,0.00000000,false,0.0000,0.0000,false,1,0.0000,false,-1,0.00000000,0.0000,off,false,not_evaluated,none,0.0000,0.0000,none,false,false,false,0.0000,none,false,none,0.0000,false,none,3.2373,3.3898,0.9550,0.0000,true,strong_exhaustion,0.0000,none,none,false,false,none,0.0000,0.0000,0.0000,0.0000,none,false,false,0.0000,0.0000,false,false,-1,none,none,false,0.000,0.000,90.92000000,90.89700000,90.89700000,opening_range_high,0.01300000,0.1566,neckline_level,90.92000000,0.1695,false,true,true,false,not_blocked,7,3,4,m5_failure_exit,off,none,0.00000000,0.0000,1.30,90.80300000,4.200,-0.300,0.200,PERIOD_M15,91.00500000,90.80500000,0.5250,preferred_382_618,0.000,true,90.91000000,90.99300000,0.08300000,90.80300000,1.289,0.05900000,28.00,30-60,true,false,none,not_consumed,4.300,4.300,none,0.0000,false,opposite_break_first,true,opposite_break_first,spread_too_high
2025.04.24 16:45:00,blocked,session_reversal_pullback_one_symbol_first120,AUDJPY,SHORT,2025.04.24 16:40:00,16,13,22,london_newyork_overlap,2025.04.24 13:00,40,first_120min,true,true,3,AUDJPY,highest_score_in_session_bar,london_newyork_overlap=USDJPY|EURJPY|GBPJPY|AUDJPY|EURUSD|GBPUSD,existing_first120_gate,london_newyork_overlap,true,false,true,passed_first_window,double_top,neckline_break_retest,90.92000000,PERIOD_M5,PERIOD_H1,PERIOD_M15,PERIOD_M5,PERIOD_M5,false,htf_soft_alignment,current_post_filter,transcript_post_filter,dow_range_or_transition,structure_trend_bias_dow_trend_down_ll_lh,dow_range_or_transition,structure_trend_bias_dow_trend_down_ll_lh,false,false,true,SHORT,PERIOD_M5,double_top,double_top,4.200,none,0.000,double_top,4.200,none,0.000,SHORT,false,PERIOD_H1_NONE_dow_range_or_transition|PERIOD_M15_SHORT_structure_trend_bias_dow_trend_down_ll_lh,true,h1_counter_m15_reversal,true,top_NONE_dow_range_or_transition|structure_SHORT_structure_trend_bias_dow_trend_down_ll_lh|structure_break_recent_confirmed_swing_break_failed|primary_break_recent_confirmed_swing_break_failed,none,above_75sma_rising,below_75sma_falling,below_75sma_falling,-1,0.00000000,-1,0.00000000,false,off,NONE,NONE,0.00000000,0.00000000,0.0000,none,0.000,true,SHORT,return_low_break_or_bos_down,90.85400000,2,91.04100000,90.79700000,false,off,independent,false,,,false,0.0000,none,0.0000,0.0000,none,0.0000,0.0000,0.0000,none,0.0000,0,0,0.0000,none,none,none,none,0.0000,0,0.0000,none,false,true,not_evaluated,true,required_light_or_anchor_flip,short_bias,90.54200000,2025.04.24 08:45:00,90.98800000,2025.04.24 15:15:00,2025.04.24 15:45:00,false,NONE,0.00000000,0.00000000,0.0000,-1,false,,-1,NONE,0.00000000,0.00000000,0.0000,0.0000,none,,none,false,NONE,-1,-1,-1,false,false,none,true,false,false,true,none,true,required,false,PERIOD_M5,,,-1,0.0000,false,0.00000000,0.0000,false,0.0000,false,none,none,false,no_anchor_flip_in_entry_direction,true,required_first_signal_only,SHORT,unknown,0.00000000,,0.00000000,,false,,-1,false,NONE,0.00000000,,0.00000000,0.0000,0.0000,none,-1,false,false,false,no_anchor_flip_in_entry_direction,,,,false,false,false,-1,-1,-1,-1,-1,false,false,false,0.0000,range_n,true,91.04100000,90.79700000,2.5859,false,0.0000,0.0000,0,none,true,0.4631,preferred_382_618,0.200,diagnostic_only,diagnostic_only,diagnostic_only,shallow_pullback,24,0.450,true,none,0.600,high_quality,false,false,diagnostic_only,both,true,none,true,diagnostic_adjacent_detected,required_light,false,false,LONG,4,false,false,0,2025.04.24 13:55:00,2025.04.24 15:50:00,10,3.5254,0.00000000,90.79700000,90.79700000,false,false,none,0.00000000,false,0.0000,0.0000,false,1,0.0000,false,-1,0.00000000,0.0000,off,false,not_evaluated,none,0.0000,0.0000,none,false,false,false,0.0000,none,false,none,0.0000,false,none,3.2373,3.3898,0.9550,0.0000,true,strong_exhaustion,0.0000,none,none,false,false,none,0.0000,0.0000,0.0000,0.0000,none,false,false,0.0000,0.0000,false,false,-1,none,none,false,0.000,0.000,90.92000000,90.89700000,90.89700000,opening_range_high,0.01300000,0.1566,neckline_level,90.92000000,0.1695,false,true,true,false,not_blocked,7,3,4,m5_failure_exit,off,none,0.00000000,0.0000,1.30,90.80300000,4.200,-0.300,0.200,PERIOD_M15,91.00500000,90.80500000,0.5250,preferred_382_618,0.000,true,90.91000000,90.99300000,0.08300000,90.80300000,1.289,0.05900000,28.00,30-60,true,false,none,blocked_spread_too_high,4.300,4.300,none,0.0000,false,opposite_break_first,true,opposite_break_first,spread_too_high
2025.04.24 19:05:00,signal,session_reversal_pullback_one_symbol_first120,GBPUSD,SHORT,2025.04.24 19:00:00,19,16,1,new_york,2025.04.24 16:00,0,first_120min,true,true,3,GBPUSD,highest_score_in_session_bar,new_york=USDJPY|EURJPY|GBPJPY|AUDJPY|EURUSD|GBPUSD,existing_first120_gate,new_york,false,false,true,passed_first_window,head_and_shoulders,neckline_break_retest,1.33080000,PERIOD_M5,PERIOD_H1,PERIOD_M15,PERIOD_M5,PERIOD_M5,false,htf_soft_alignment,current_post_filter,transcript_post_filter,dow_range_or_transition,structure_trend_bias_dow_trend_up_hh_hl,dow_range_or_transition,structure_trend_bias_dow_trend_up_hh_hl,false,true,true,SHORT,PERIOD_M5,head_and_shoulders,head_and_shoulders,4.500,none,0.000,head_and_shoulders,4.500,none,0.000,SHORT,false,PERIOD_H1_NONE_dow_range_or_transition|PERIOD_M15_LONG_structure_trend_bias_dow_trend_up_hh_hl,true,h1_counter_m15_reversal,true,top_NONE_dow_range_or_transition|structure_LONG_structure_trend_bias_dow_trend_up_hh_hl|structure_break_recent_confirmed_swing_break_failed|primary_break_recent_confirmed_swing_break_retest,none,below_75sma_falling,above_75sma_rising,below_75sma_falling,-1,0.00000000,1,1.33080000,false,off,NONE,NONE,0.00000000,0.00000000,0.0000,none,0.000,true,SHORT,return_low_break_or_bos_down,1.32966000,1,1.33316000,1.32966000,false,off,independent,false,,,false,0.0000,none,0.0000,0.0000,none,0.0000,0.0000,0.0000,none,0.0000,0,0,0.0000,none,none,none,none,0.0000,0,0.0000,none,false,true,not_evaluated,true,required_light_or_anchor_flip,bias_flip_down,1.32966000,2025.04.24 15:30:00,1.32857000,2025.04.24 06:00:00,2025.04.24 17:45:00,true,SHORT,1.32966000,1.32904000,0.5032,1,true,2025.04.24 18:30:00,1,SHORT,1.32966000,1.32904000,0.5032,0.7954,normal,2025.04.24 18:30:00,first_after_anchor,true,SHORT,1,1,1,true,false,fresh_0_4,true,false,false,true,none,true,required,true,PERIOD_M5,2025.04.24 18:35:00,2025.04.24 18:35:00,6,0.4954,true,1.32966000,0.4954,false,0.0000,true,m5_bos_down_after_anchor_retest,retest_reconfirm,true,none,true,required_first_signal_only,SHORT,unknown,0.00000000,,0.00000000,,false,,-1,false,NONE,0.00000000,,0.00000000,0.0000,0.0000,none,-1,false,false,false,insufficient_confirmed_m5_pivots,GBPUSD|SHORT|1745519400|1.32966,,,false,false,false,-1,-1,-1,-1,-1,false,false,false,0.0000,rising_n,false,1.33316000,1.32966000,2.8406,true,0.7954,0.2462,0,normal,true,0.4275,preferred_382_618,0.200,diagnostic_only,diagnostic_only,diagnostic_only,fib_pullback,4,0.440,true,none,0.590,high_quality,false,false,diagnostic_only,both,true,none,true,diagnostic_adjacent_detected,required_light,false,false,LONG,3,false,false,0,,,-1,0.0000,0.00000000,0.00000000,0.00000000,false,false,none,0.00000000,false,0.0000,0.0000,false,1,0.0000,false,-1,0.00000000,0.0000,off,false,not_evaluated,none,0.0000,0.0000,none,false,false,false,0.0000,none,false,none,0.0000,false,none,0.0000,0.0000,0.0000,0.0000,false,none,0.0000,none,none,false,false,none,0.0000,0.0000,0.0000,0.0000,none,false,false,0.0000,0.0000,false,false,-1,none,none,false,0.000,0.000,1.33080000,1.33037833,1.33037833,recent_equal_highs,0.00041167,0.3347,neckline_level,1.33080000,0.0142,false,true,true,false,not_blocked,8,4,4,m5_failure_exit,off,none,0.00000000,0.0000,1.30,1.32919000,4.500,-0.300,0.200,PERIOD_M15,1.33316000,1.32966000,0.3229,outside,0.000,true,1.33079000,1.33202000,0.00123000,1.32919000,1.301,0.00070643,20.00,0-30,true,false,none,not_consumed,4.800,4.800,none,0.0000,false,neckline_retest_failed,false,not_invalidated,spread_too_high
2025.04.24 19:05:00,blocked,session_reversal_pullback_one_symbol_first120,GBPUSD,SHORT,2025.04.24 19:00:00,19,16,1,new_york,2025.04.24 16:00,0,first_120min,true,true,3,GBPUSD,highest_score_in_session_bar,new_york=USDJPY|EURJPY|GBPJPY|AUDJPY|EURUSD|GBPUSD,existing_first120_gate,new_york,false,false,true,passed_first_window,head_and_shoulders,neckline_break_retest,1.33080000,PERIOD_M5,PERIOD_H1,PERIOD_M15,PERIOD_M5,PERIOD_M5,false,htf_soft_alignment,current_post_filter,transcript_post_filter,dow_range_or_transition,structure_trend_bias_dow_trend_up_hh_hl,dow_range_or_transition,structure_trend_bias_dow_trend_up_hh_hl,false,true,true,SHORT,PERIOD_M5,head_and_shoulders,head_and_shoulders,4.500,none,0.000,head_and_shoulders,4.500,none,0.000,SHORT,false,PERIOD_H1_NONE_dow_range_or_transition|PERIOD_M15_LONG_structure_trend_bias_dow_trend_up_hh_hl,true,h1_counter_m15_reversal,true,top_NONE_dow_range_or_transition|structure_LONG_structure_trend_bias_dow_trend_up_hh_hl|structure_break_recent_confirmed_swing_break_failed|primary_break_recent_confirmed_swing_break_retest,none,below_75sma_falling,above_75sma_rising,below_75sma_falling,-1,0.00000000,1,1.33080000,false,off,NONE,NONE,0.00000000,0.00000000,0.0000,none,0.000,true,SHORT,return_low_break_or_bos_down,1.32966000,1,1.33316000,1.32966000,false,off,independent,false,,,false,0.0000,none,0.0000,0.0000,none,0.0000,0.0000,0.0000,none,0.0000,0,0,0.0000,none,none,none,none,0.0000,0,0.0000,none,false,true,not_evaluated,true,required_light_or_anchor_flip,bias_flip_down,1.32966000,2025.04.24 15:30:00,1.32857000,2025.04.24 06:00:00,2025.04.24 17:45:00,true,SHORT,1.32966000,1.32904000,0.5032,1,true,2025.04.24 18:30:00,1,SHORT,1.32966000,1.32904000,0.5032,0.7954,normal,2025.04.24 18:30:00,first_after_anchor,true,SHORT,1,1,1,true,false,fresh_0_4,true,false,false,true,none,true,required,true,PERIOD_M5,2025.04.24 18:35:00,2025.04.24 18:35:00,6,0.4954,true,1.32966000,0.4954,false,0.0000,true,m5_bos_down_after_anchor_retest,retest_reconfirm,true,none,true,required_first_signal_only,SHORT,unknown,0.00000000,,0.00000000,,false,,-1,false,NONE,0.00000000,,0.00000000,0.0000,0.0000,none,-1,false,false,false,insufficient_confirmed_m5_pivots,GBPUSD|SHORT|1745519400|1.32966,,,false,false,false,-1,-1,-1,-1,-1,false,false,false,0.0000,rising_n,false,1.33316000,1.32966000,2.8406,true,0.7954,0.2462,0,normal,true,0.4275,preferred_382_618,0.200,diagnostic_only,diagnostic_only,diagnostic_only,fib_pullback,4,0.440,true,none,0.590,high_quality,false,false,diagnostic_only,both,true,none,true,diagnostic_adjacent_detected,required_light,false,false,LONG,3,false,false,0,,,-1,0.0000,0.00000000,0.00000000,0.00000000,false,false,none,0.00000000,false,0.0000,0.0000,false,1,0.0000,false,-1,0.00000000,0.0000,off,false,not_evaluated,none,0.0000,0.0000,none,false,false,false,0.0000,none,false,none,0.0000,false,none,0.0000,0.0000,0.0000,0.0000,false,none,0.0000,none,none,false,false,none,0.0000,0.0000,0.0000,0.0000,none,false,false,0.0000,0.0000,false,false,-1,none,none,false,0.000,0.000,1.33080000,1.33037833,1.33037833,recent_equal_highs,0.00041167,0.3347,neckline_level,1.33080000,0.0142,false,true,true,false,not_blocked,8,4,4,m5_failure_exit,off,none,0.00000000,0.0000,1.30,1.32919000,4.500,-0.300,0.200,PERIOD_M15,1.33316000,1.32966000,0.3229,outside,0.000,true,1.33079000,1.33202000,0.00123000,1.32919000,1.301,0.00070643,20.00,0-30,true,false,none,blocked_spread_too_high,4.800,4.800,none,0.0000,false,neckline_retest_failed,false,not_invalidated,spread_too_high
2025.04.25 10:10:00,signal,session_reversal_pullback_one_symbol_first120,GBPUSD,SHORT,2025.04.25 10:05:00,10,7,16,london,2025.04.25 07:00,5,first_120min,true,true,3,GBPUSD,highest_score_in_session_bar,london=USDJPY|EURJPY|GBPJPY|AUDJPY|EURUSD|GBPUSD,existing_first120_gate,london,false,false,true,passed_first_window,sweep_high_reclaim,sweep_reclaim_retest,1.33064000,PERIOD_M5,PERIOD_H1,PERIOD_M15,PERIOD_M5,PERIOD_M5,false,htf_soft_alignment,current_post_filter,transcript_post_filter,dow_trend_up_hh_hl,structure_trend_bias_dow_trend_down_ll_lh,dow_trend_up_hh_hl,structure_trend_bias_dow_trend_down_ll_lh,false,false,true,SHORT,PERIOD_M5,sweep_high_reclaim,sweep_high_reclaim,3.400,none,0.000,sweep_high_reclaim,3.400,none,0.000,SHORT,false,PERIOD_H1_LONG_dow_trend_up_hh_hl|PERIOD_M15_SHORT_structure_trend_bias_dow_trend_down_ll_lh,true,h1_counter_m15_reversal,true,top_LONG_dow_trend_up_hh_hl|structure_SHORT_structure_trend_bias_dow_trend_down_ll_lh|structure_break_recent_confirmed_swing_break_failed|primary_break_recent_confirmed_swing_break_retest,none,below_75sma_falling,below_75sma_falling,above_75sma_flat_or_falling,-1,0.00000000,4,1.33008000,false,off,NONE,NONE,0.00000000,0.00000000,0.0000,none,0.000,true,SHORT,return_low_break_or_bos_down,1.32787000,3,1.33168000,1.32732000,false,off,independent,false,,,false,0.0000,none,0.0000,0.0000,none,0.0000,0.0000,0.0000,none,0.0000,0,0,0.0000,none,none,none,none,0.0000,0,0.0000,none,false,true,not_evaluated,true,required_light_or_anchor_flip,bias_flip_up,1.33143000,2025.04.24 21:15:00,1.32916000,2025.04.25 08:15:00,2025.04.25 08:45:00,true,LONG,1.32916000,1.32976000,0.6442,1,true,2025.04.25 09:30:00,1,LONG,1.32916000,1.32976000,0.6442,1.1917,strong,2025.04.25 09:45:00,first_after_anchor,true,LONG,1,0,1,true,false,fresh_0_4,false,true,false,true,none,true,required,false,PERIOD_M5,,,-1,0.0000,false,0.00000000,0.0000,false,0.0000,false,none,none,false,no_anchor_flip_in_entry_direction,true,required_first_signal_only,SHORT,unknown,0.00000000,,0.00000000,,false,,-1,false,NONE,0.00000000,,0.00000000,0.0000,0.0000,none,-1,false,false,false,no_anchor_flip_in_entry_direction,,,,false,false,false,-1,-1,-1,-1,-1,false,false,false,0.0000,falling_n,false,1.33390000,1.32732000,7.0644,true,1.1917,0.4249,1,strong,true,0.6537,deep_618_786,0.120,diagnostic_only,diagnostic_only,diagnostic_only,fib_pullback,24,0.320,true,none,0.470,medium_quality,false,false,diagnostic_only,both,true,none,true,diagnostic_adjacent_detected,required_light,false,false,LONG,4,false,false,0,2025.04.25 07:05:00,2025.04.25 09:00:00,13,2.4256,0.00000000,1.32732000,1.32732000,false,false,none,0.00000000,false,0.0000,0.0000,false,1,0.0000,false,-1,0.00000000,0.0000,off,false,not_evaluated,none,0.0000,0.0000,none,false,false,false,0.0000,none,false,none,0.0000,false,none,1.4369,1.7006,0.8450,0.0000,true,strong_exhaustion,0.0000,none,none,false,false,none,0.0000,0.0000,0.0000,0.0000,none,false,false,0.0000,0.0000,false,false,-1,none,none,false,0.000,0.000,1.33037500,1.33013000,1.33013000,recent_rejection_zone,0.00004000,0.0313,session_low|opening_range_low|neckline_level,1.33009000,0.1055,false,true,true,false,not_blocked,6,3,3,m5_failure_exit,off,none,0.00000000,0.0000,1.30,1.32851000,3.400,-0.300,0.200,PERIOD_M15,1.32916000,1.32732000,1.5489,outside,0.000,true,1.33017000,1.33145000,0.00128000,1.32851000,1.297,0.00075857,20.00,0-30,true,false,none,not_consumed,3.700,3.700,none,0.0000,false,opposite_break_first,true,opposite_break_first,spread_too_high
2025.04.25 10:10:00,blocked,session_reversal_pullback_one_symbol_first120,GBPUSD,SHORT,2025.04.25 10:05:00,10,7,16,london,2025.04.25 07:00,5,first_120min,true,true,3,GBPUSD,highest_score_in_session_bar,london=USDJPY|EURJPY|GBPJPY|AUDJPY|EURUSD|GBPUSD,existing_first120_gate,london,false,false,true,passed_first_window,sweep_high_reclaim,sweep_reclaim_retest,1.33064000,PERIOD_M5,PERIOD_H1,PERIOD_M15,PERIOD_M5,PERIOD_M5,false,htf_soft_alignment,current_post_filter,transcript_post_filter,dow_trend_up_hh_hl,structure_trend_bias_dow_trend_down_ll_lh,dow_trend_up_hh_hl,structure_trend_bias_dow_trend_down_ll_lh,false,false,true,SHORT,PERIOD_M5,sweep_high_reclaim,sweep_high_reclaim,3.400,none,0.000,sweep_high_reclaim,3.400,none,0.000,SHORT,false,PERIOD_H1_LONG_dow_trend_up_hh_hl|PERIOD_M15_SHORT_structure_trend_bias_dow_trend_down_ll_lh,true,h1_counter_m15_reversal,true,top_LONG_dow_trend_up_hh_hl|structure_SHORT_structure_trend_bias_dow_trend_down_ll_lh|structure_break_recent_confirmed_swing_break_failed|primary_break_recent_confirmed_swing_break_retest,none,below_75sma_falling,below_75sma_falling,above_75sma_flat_or_falling,-1,0.00000000,4,1.33008000,false,off,NONE,NONE,0.00000000,0.00000000,0.0000,none,0.000,true,SHORT,return_low_break_or_bos_down,1.32787000,3,1.33168000,1.32732000,false,off,independent,false,,,false,0.0000,none,0.0000,0.0000,none,0.0000,0.0000,0.0000,none,0.0000,0,0,0.0000,none,none,none,none,0.0000,0,0.0000,none,false,true,not_evaluated,true,required_light_or_anchor_flip,bias_flip_up,1.33143000,2025.04.24 21:15:00,1.32916000,2025.04.25 08:15:00,2025.04.25 08:45:00,true,LONG,1.32916000,1.32976000,0.6442,1,true,2025.04.25 09:30:00,1,LONG,1.32916000,1.32976000,0.6442,1.1917,strong,2025.04.25 09:45:00,first_after_anchor,true,LONG,1,0,1,true,false,fresh_0_4,false,true,false,true,none,true,required,false,PERIOD_M5,,,-1,0.0000,false,0.00000000,0.0000,false,0.0000,false,none,none,false,no_anchor_flip_in_entry_direction,true,required_first_signal_only,SHORT,unknown,0.00000000,,0.00000000,,false,,-1,false,NONE,0.00000000,,0.00000000,0.0000,0.0000,none,-1,false,false,false,no_anchor_flip_in_entry_direction,,,,false,false,false,-1,-1,-1,-1,-1,false,false,false,0.0000,falling_n,false,1.33390000,1.32732000,7.0644,true,1.1917,0.4249,1,strong,true,0.6537,deep_618_786,0.120,diagnostic_only,diagnostic_only,diagnostic_only,fib_pullback,24,0.320,true,none,0.470,medium_quality,false,false,diagnostic_only,both,true,none,true,diagnostic_adjacent_detected,required_light,false,false,LONG,4,false,false,0,2025.04.25 07:05:00,2025.04.25 09:00:00,13,2.4256,0.00000000,1.32732000,1.32732000,false,false,none,0.00000000,false,0.0000,0.0000,false,1,0.0000,false,-1,0.00000000,0.0000,off,false,not_evaluated,none,0.0000,0.0000,none,false,false,false,0.0000,none,false,none,0.0000,false,none,1.4369,1.7006,0.8450,0.0000,true,strong_exhaustion,0.0000,none,none,false,false,none,0.0000,0.0000,0.0000,0.0000,none,false,false,0.0000,0.0000,false,false,-1,none,none,false,0.000,0.000,1.33037500,1.33013000,1.33013000,recent_rejection_zone,0.00004000,0.0313,session_low|opening_range_low|neckline_level,1.33009000,0.1055,false,true,true,false,not_blocked,6,3,3,m5_failure_exit,off,none,0.00000000,0.0000,1.30,1.32851000,3.400,-0.300,0.200,PERIOD_M15,1.32916000,1.32732000,1.5489,outside,0.000,true,1.33017000,1.33145000,0.00128000,1.32851000,1.297,0.00075857,20.00,0-30,true,false,none,blocked_spread_too_high,3.700,3.700,none,0.0000,false,opposite_break_first,true,opposite_break_first,spread_too_high
2025.04.25 16:45:00,signal,session_reversal_pullback_one_symbol_first120,GBPUSD,SHORT,2025.04.25 16:40:00,16,13,22,london_newyork_overlap,2025.04.25 13:00,40,first_120min,true,true,3,GBPUSD,highest_score_in_session_bar,london_newyork_overlap=USDJPY|EURJPY|GBPJPY|AUDJPY|EURUSD|GBPUSD,existing_first120_gate,london_newyork_overlap,false,false,true,passed_first_window,head_and_shoulders,neckline_break_retest,1.33110000,PERIOD_M5,PERIOD_H1,PERIOD_M15,PERIOD_M5,PERIOD_M5,false,htf_soft_alignment,current_post_filter,transcript_post_filter,dow_trend_up_hh_hl,structure_trend_bias_dow_trend_up_hh_hl,dow_trend_up_hh_hl,structure_trend_bias_dow_trend_up_hh_hl,false,false,true,SHORT,PERIOD_M5,head_and_shoulders,head_and_shoulders,4.500,none,0.000,head_and_shoulders,4.500,none,0.000,SHORT,false,PERIOD_H1_LONG_dow_trend_up_hh_hl|PERIOD_M15_LONG_structure_trend_bias_dow_trend_up_hh_hl,true,h1_counter_m15_reversal,true,top_LONG_dow_trend_up_hh_hl|structure_LONG_structure_trend_bias_dow_trend_up_hh_hl|structure_break_recent_confirmed_swing_break_failed|primary_break_recent_confirmed_swing_break_continuation,none,above_75sma_flat_or_falling,below_75sma_falling,above_75sma_rising,-1,0.00000000,0,1.33176000,false,off,NONE,NONE,0.00000000,0.00000000,0.0000,none,0.000,true,SHORT,return_low_break_or_bos_down,1.32969000,13,1.33265000,1.32858000,false,off,independent,false,,,false,0.0000,none,0.0000,0.0000,none,0.0000,0.0000,0.0000,none,0.0000,0,0,0.0000,none,none,none,none,0.0000,0,0.0000,none,false,true,not_evaluated,true,required_light_or_anchor_flip,long_bias,1.32858000,2025.04.25 13:15:00,1.33088000,2025.04.25 12:15:00,2025.04.25 13:45:00,false,NONE,0.00000000,0.00000000,0.0000,-1,false,,-1,NONE,0.00000000,0.00000000,0.0000,0.0000,none,,none,false,NONE,-1,-1,-1,false,false,none,false,true,false,true,none,true,required,false,PERIOD_M5,,,-1,0.0000,false,0.00000000,0.0000,false,0.0000,false,none,none,false,no_anchor_flip_in_entry_direction,true,required_first_signal_only,SHORT,unknown,0.00000000,,0.00000000,,false,,-1,false,NONE,0.00000000,,0.00000000,0.0000,0.0000,none,-1,false,false,false,no_anchor_flip_in_entry_direction,,,,false,false,false,-1,-1,-1,-1,-1,false,false,false,0.0000,rising_n,false,1.33169000,1.32858000,3.0901,false,0.0000,0.0000,0,none,true,0.6020,preferred_382_618,0.200,diagnostic_only,diagnostic_only,diagnostic_only,shallow_pullback,24,0.450,true,none,0.600,high_quality,false,false,diagnostic_only,both,true,none,true,diagnostic_adjacent_detected,required_light,false,false,LONG,5,false,false,2,2025.04.25 14:55:00,2025.04.25 16:10:00,6,4.3503,0.00000000,1.33176000,1.33176000,true,true,m5_hl_close_break_down,1.33176000,true,0.2768,0.6130,true,1,0.0000,false,3,1.33176000,0.1582,off,false,not_evaluated,none,0.3600,0.0900,normal,true,false,false,0.0000,held_clean,true,favorable_side,0.2200,true,clean_retest,1.7599,4.1130,0.4279,0.2373,false,mild_exhaustion,0.0000,none,none,false,false,none,0.0000,0.0000,0.0000,0.0000,none,false,false,0.0000,0.0000,false,false,-1,none,none,false,0.000,0.000,1.33110000,1.33058000,1.33058000,pre_session_low,0.00045000,0.3383,opening_range_low|neckline_level,1.33110000,0.1384,false,true,true,false,not_blocked,5,4,1,m5_failure_exit,off,none,0.00000000,0.0000,1.30,1.32930000,4.500,-0.300,0.200,PERIOD_M15,1.33169000,1.33045000,0.4677,preferred_382_618,0.000,true,1.33103000,1.33236000,0.00133000,1.32930000,1.301,0.00050571,20.00,30-60,true,false,none,not_consumed,4.800,4.800,none,0.0000,false,opposite_break_first,true,opposite_break_first,spread_too_high
2025.04.25 16:45:00,blocked,session_reversal_pullback_one_symbol_first120,GBPUSD,SHORT,2025.04.25 16:40:00,16,13,22,london_newyork_overlap,2025.04.25 13:00,40,first_120min,true,true,3,GBPUSD,highest_score_in_session_bar,london_newyork_overlap=USDJPY|EURJPY|GBPJPY|AUDJPY|EURUSD|GBPUSD,existing_first120_gate,london_newyork_overlap,false,false,true,passed_first_window,head_and_shoulders,neckline_break_retest,1.33110000,PERIOD_M5,PERIOD_H1,PERIOD_M15,PERIOD_M5,PERIOD_M5,false,htf_soft_alignment,current_post_filter,transcript_post_filter,dow_trend_up_hh_hl,structure_trend_bias_dow_trend_up_hh_hl,dow_trend_up_hh_hl,structure_trend_bias_dow_trend_up_hh_hl,false,false,true,SHORT,PERIOD_M5,head_and_shoulders,head_and_shoulders,4.500,none,0.000,head_and_shoulders,4.500,none,0.000,SHORT,false,PERIOD_H1_LONG_dow_trend_up_hh_hl|PERIOD_M15_LONG_structure_trend_bias_dow_trend_up_hh_hl,true,h1_counter_m15_reversal,true,top_LONG_dow_trend_up_hh_hl|structure_LONG_structure_trend_bias_dow_trend_up_hh_hl|structure_break_recent_confirmed_swing_break_failed|primary_break_recent_confirmed_swing_break_continuation,none,above_75sma_flat_or_falling,below_75sma_falling,above_75sma_rising,-1,0.00000000,0,1.33176000,false,off,NONE,NONE,0.00000000,0.00000000,0.0000,none,0.000,true,SHORT,return_low_break_or_bos_down,1.32969000,13,1.33265000,1.32858000,false,off,independent,false,,,false,0.0000,none,0.0000,0.0000,none,0.0000,0.0000,0.0000,none,0.0000,0,0,0.0000,none,none,none,none,0.0000,0,0.0000,none,false,true,not_evaluated,true,required_light_or_anchor_flip,long_bias,1.32858000,2025.04.25 13:15:00,1.33088000,2025.04.25 12:15:00,2025.04.25 13:45:00,false,NONE,0.00000000,0.00000000,0.0000,-1,false,,-1,NONE,0.00000000,0.00000000,0.0000,0.0000,none,,none,false,NONE,-1,-1,-1,false,false,none,false,true,false,true,none,true,required,false,PERIOD_M5,,,-1,0.0000,false,0.00000000,0.0000,false,0.0000,false,none,none,false,no_anchor_flip_in_entry_direction,true,required_first_signal_only,SHORT,unknown,0.00000000,,0.00000000,,false,,-1,false,NONE,0.00000000,,0.00000000,0.0000,0.0000,none,-1,false,false,false,no_anchor_flip_in_entry_direction,,,,false,false,false,-1,-1,-1,-1,-1,false,false,false,0.0000,rising_n,false,1.33169000,1.32858000,3.0901,false,0.0000,0.0000,0,none,true,0.6020,preferred_382_618,0.200,diagnostic_only,diagnostic_only,diagnostic_only,shallow_pullback,24,0.450,true,none,0.600,high_quality,false,false,diagnostic_only,both,true,none,true,diagnostic_adjacent_detected,required_light,false,false,LONG,5,false,false,2,2025.04.25 14:55:00,2025.04.25 16:10:00,6,4.3503,0.00000000,1.33176000,1.33176000,true,true,m5_hl_close_break_down,1.33176000,true,0.2768,0.6130,true,1,0.0000,false,3,1.33176000,0.1582,off,false,not_evaluated,none,0.3600,0.0900,normal,true,false,false,0.0000,held_clean,true,favorable_side,0.2200,true,clean_retest,1.7599,4.1130,0.4279,0.2373,false,mild_exhaustion,0.0000,none,none,false,false,none,0.0000,0.0000,0.0000,0.0000,none,false,false,0.0000,0.0000,false,false,-1,none,none,false,0.000,0.000,1.33110000,1.33058000,1.33058000,pre_session_low,0.00045000,0.3383,opening_range_low|neckline_level,1.33110000,0.1384,false,true,true,false,not_blocked,5,4,1,m5_failure_exit,off,none,0.00000000,0.0000,1.30,1.32930000,4.500,-0.300,0.200,PERIOD_M15,1.33169000,1.33045000,0.4677,preferred_382_618,0.000,true,1.33103000,1.33236000,0.00133000,1.32930000,1.301,0.00050571,20.00,30-60,true,false,none,blocked_spread_too_high,4.800,4.800,none,0.0000,false,opposite_break_first,true,opposite_break_first,spread_too_high
2025.04.25 20:40:00,signal,session_reversal_pullback_one_symbol_first120,USDJPY,SHORT,2025.04.25 20:35:00,20,17,2,new_york,2025.04.25 16:00,95,first_120min,false,true,3,USDJPY,highest_score_in_session_bar,new_york=USDJPY|EURJPY|GBPJPY|AUDJPY|EURUSD|GBPUSD,existing_first120_gate,new_york,true,false,true,passed_first_window,double_top,neckline_break_retest,143.75900000,PERIOD_M5,PERIOD_H1,PERIOD_M15,PERIOD_M5,PERIOD_M5,false,htf_soft_alignment,current_post_filter,transcript_post_filter,dow_trend_up_hh_hl,structure_trend_bias_dow_trend_up_hh_hl,dow_trend_up_hh_hl,structure_trend_bias_dow_trend_up_hh_hl,false,false,true,SHORT,PERIOD_M5,double_top,double_top,4.200,none,0.000,double_top,4.200,none,0.000,SHORT,false,PERIOD_H1_LONG_dow_trend_up_hh_hl|PERIOD_M15_LONG_structure_trend_bias_dow_trend_up_hh_hl,true,h1_counter_m15_reversal,true,top_LONG_dow_trend_up_hh_hl|structure_LONG_structure_trend_bias_dow_trend_up_hh_hl|structure_break_recent_confirmed_swing_break_failed|primary_break_recent_confirmed_swing_break_retest,none,above_75sma_rising,above_75sma_rising,below_75sma_flat_or_rising,-1,0.00000000,0,143.71400000,false,off,NONE,NONE,0.00000000,0.00000000,0.0000,none,0.000,true,SHORT,return_low_break_or_bos_down,143.50400000,18,144.02300000,143.21800000,false,off,independent,false,,,false,0.0000,none,0.0000,0.0000,none,0.0000,0.0000,0.0000,none,0.0000,0,0,0.0000,none,none,none,none,0.0000,0,0.0000,none,false,true,not_evaluated,true,required_light_or_anchor_flip,long_bias,143.61200000,2025.04.25 17:15:00,143.72700000,2025.04.25 13:15:00,2025.04.25 18:15:00,false,NONE,0.00000000,0.00000000,0.0000,-1,false,,-1,NONE,0.00000000,0.00000000,0.0000,0.0000,none,,none,false,NONE,-1,-1,-1,false,false,none,false,true,false,true,none,true,required,false,PERIOD_M5,,,-1,0.0000,false,0.00000000,0.0000,false,0.0000,false,none,none,false,no_anchor_flip_in_entry_direction,true,required_first_signal_only,SHORT,unknown,0.00000000,,0.00000000,,false,,-1,false,NONE,0.00000000,,0.00000000,0.0000,0.0000,none,-1,false,false,false,no_anchor_flip_in_entry_direction,,,,false,false,false,-1,-1,-1,-1,-1,false,false,false,0.0000,rising_n,false,144.02300000,143.21800000,7.0174,false,0.0000,0.0000,0,none,true,0.4932,preferred_382_618,0.200,diagnostic_only,diagnostic_only,diagnostic_only,fib_pullback,24,0.400,true,none,0.550,high_quality,false,false,diagnostic_only,both,true,none,true,diagnostic_adjacent_detected,required_light,false,false,LONG,7,false,false,2,2025.04.25 19:10:00,2025.04.25 20:05:00,6,3.0013,0.00000000,143.71400000,143.71400000,true,true,m5_hl_close_break_down,143.71400000,true,1.8301,2.4523,true,1,0.0000,false,0,143.71400000,0.6954,off,false,not_evaluated,none,0.9650,0.0350,very_strong,false,false,false,0.0000,no_following_closed_bar,false,none,0.0000,false,no_retest,2.3242,2.1046,1.1043,0.8967,false,no_shrink,0.0000,none,none,false,false,none,0.0000,0.0000,0.0000,0.0000,none,false,false,0.0000,0.0000,false,false,-1,none,none,false,0.000,0.000,143.67700000,143.60900000,143.50000000,round_number,0.11500000,0.7012,session_low|opening_range_low|neckline_level,143.60900000,0.1098,false,true,true,false,not_blocked,2,1,1,m5_failure_exit,off,none,0.00000000,0.0000,1.30,143.40200000,4.200,-0.300,0.200,PERIOD_M15,144.02300000,143.67700000,-0.1792,outside,0.000,true,143.61500000,143.77900000,0.16400000,143.40200000,1.299,0.05464286,21.00,90-120,true,false,none,not_consumed,4.500,4.500,none,0.0000,false,opposite_break_first,true,opposite_break_first,spread_too_high
2025.04.25 20:40:00,blocked,session_reversal_pullback_one_symbol_first120,USDJPY,SHORT,2025.04.25 20:35:00,20,17,2,new_york,2025.04.25 16:00,95,first_120min,false,true,3,USDJPY,highest_score_in_session_bar,new_york=USDJPY|EURJPY|GBPJPY|AUDJPY|EURUSD|GBPUSD,existing_first120_gate,new_york,true,false,true,passed_first_window,double_top,neckline_break_retest,143.75900000,PERIOD_M5,PERIOD_H1,PERIOD_M15,PERIOD_M5,PERIOD_M5,false,htf_soft_alignment,current_post_filter,transcript_post_filter,dow_trend_up_hh_hl,structure_trend_bias_dow_trend_up_hh_hl,dow_trend_up_hh_hl,structure_trend_bias_dow_trend_up_hh_hl,false,false,true,SHORT,PERIOD_M5,double_top,double_top,4.200,none,0.000,double_top,4.200,none,0.000,SHORT,false,PERIOD_H1_LONG_dow_trend_up_hh_hl|PERIOD_M15_LONG_structure_trend_bias_dow_trend_up_hh_hl,true,h1_counter_m15_reversal,true,top_LONG_dow_trend_up_hh_hl|structure_LONG_structure_trend_bias_dow_trend_up_hh_hl|structure_break_recent_confirmed_swing_break_failed|primary_break_recent_confirmed_swing_break_retest,none,above_75sma_rising,above_75sma_rising,below_75sma_flat_or_rising,-1,0.00000000,0,143.71400000,false,off,NONE,NONE,0.00000000,0.00000000,0.0000,none,0.000,true,SHORT,return_low_break_or_bos_down,143.50400000,18,144.02300000,143.21800000,false,off,independent,false,,,false,0.0000,none,0.0000,0.0000,none,0.0000,0.0000,0.0000,none,0.0000,0,0,0.0000,none,none,none,none,0.0000,0,0.0000,none,false,true,not_evaluated,true,required_light_or_anchor_flip,long_bias,143.61200000,2025.04.25 17:15:00,143.72700000,2025.04.25 13:15:00,2025.04.25 18:15:00,false,NONE,0.00000000,0.00000000,0.0000,-1,false,,-1,NONE,0.00000000,0.00000000,0.0000,0.0000,none,,none,false,NONE,-1,-1,-1,false,false,none,false,true,false,true,none,true,required,false,PERIOD_M5,,,-1,0.0000,false,0.00000000,0.0000,false,0.0000,false,none,none,false,no_anchor_flip_in_entry_direction,true,required_first_signal_only,SHORT,unknown,0.00000000,,0.00000000,,false,,-1,false,NONE,0.00000000,,0.00000000,0.0000,0.0000,none,-1,false,false,false,no_anchor_flip_in_entry_direction,,,,false,false,false,-1,-1,-1,-1,-1,false,false,false,0.0000,rising_n,false,144.02300000,143.21800000,7.0174,false,0.0000,0.0000,0,none,true,0.4932,preferred_382_618,0.200,diagnostic_only,diagnostic_only,diagnostic_only,fib_pullback,24,0.400,true,none,0.550,high_quality,false,false,diagnostic_only,both,true,none,true,diagnostic_adjacent_detected,required_light,false,false,LONG,7,false,false,2,2025.04.25 19:10:00,2025.04.25 20:05:00,6,3.0013,0.00000000,143.71400000,143.71400000,true,true,m5_hl_close_break_down,143.71400000,true,1.8301,2.4523,true,1,0.0000,false,0,143.71400000,0.6954,off,false,not_evaluated,none,0.9650,0.0350,very_strong,false,false,false,0.0000,no_following_closed_bar,false,none,0.0000,false,no_retest,2.3242,2.1046,1.1043,0.8967,false,no_shrink,0.0000,none,none,false,false,none,0.0000,0.0000,0.0000,0.0000,none,false,false,0.0000,0.0000,false,false,-1,none,none,false,0.000,0.000,143.67700000,143.60900000,143.50000000,round_number,0.11500000,0.7012,session_low|opening_range_low|neckline_level,143.60900000,0.1098,false,true,true,false,not_blocked,2,1,1,m5_failure_exit,off,none,0.00000000,0.0000,1.30,143.40200000,4.200,-0.300,0.200,PERIOD_M15,144.02300000,143.67700000,-0.1792,outside,0.000,true,143.61500000,143.77900000,0.16400000,143.40200000,1.299,0.05464286,21.00,90-120,true,false,none,blocked_spread_too_high,4.500,4.500,none,0.0000,false,opposite_break_first,true,opposite_break_first,spread_too_high
2025.04.28 04:35:00,signal,session_reversal_pullback_one_symbol_first120,USDJPY,SHORT,2025.04.28 04:30:00,4,1,10,tokyo,2025.04.28 00:00,90,first_120min,false,true,3,USDJPY,highest_score_in_session_bar,tokyo=USDJPY|EURJPY|GBPJPY|AUDJPY,existing_first120_gate,tokyo,true,false,true,passed_first_window,double_top,neckline_break_retest,143.62700000,PERIOD_M5,PERIOD_H1,PERIOD_M15,PERIOD_M5,PERIOD_M5,false,htf_soft_alignment,current_post_filter,transcript_post_filter,dow_trend_up_hh_hl,structure_trend_bias_dow_trend_up_hh_hl,dow_trend_up_hh_hl,structure_trend_bias_dow_trend_up_hh_hl,false,false,true,SHORT,PERIOD_M5,double_top,double_top,4.200,none,0.000,double_top,4.200,none,0.000,SHORT,false,PERIOD_H1_LONG_dow_trend_up_hh_hl|PERIOD_M15_LONG_structure_trend_bias_dow_trend_up_hh_hl,true,h1_counter_m15_reversal,true,top_LONG_dow_trend_up_hh_hl|structure_LONG_structure_trend_bias_dow_trend_up_hh_hl|structure_break_recent_confirmed_swing_break_failed|primary_break_recent_confirmed_swing_break_failed,none,above_75sma_rising,above_75sma_flat_or_falling,below_75sma_falling,-1,0.00000000,-1,0.00000000,false,off,NONE,NONE,0.00000000,0.00000000,0.0000,none,0.000,true,SHORT,return_low_break_or_bos_down,143.43500000,1,143.86900000,143.43500000,false,off,independent,false,,,false,0.0000,none,0.0000,0.0000,none,0.0000,0.0000,0.0000,none,0.0000,0,0,0.0000,none,none,none,none,0.0000,0,0.0000,none,false,true,not_evaluated,true,required_light_or_anchor_flip,bias_flip_down,143.43500000,2025.04.28 00:45:00,143.84100000,2025.04.25 20:00:00,2025.04.28 01:30:00,true,SHORT,143.43500000,143.39200000,0.3100,1,true,2025.04.28 04:00:00,1,SHORT,143.43500000,143.39200000,0.3100,0.6272,normal,2025.04.28 04:00:00,first_after_anchor,true,SHORT,1,1,1,true,false,fresh_0_4,true,false,false,true,none,true,required,true,PERIOD_M5,2025.04.28 04:05:00,2025.04.28 04:05:00,6,0.1802,true,143.43500000,0.1802,false,0.0000,false,none,retest_only,true,none,true,required_first_signal_only,SHORT,unknown,0.00000000,,0.00000000,,false,,-1,false,NONE,0.00000000,,0.00000000,0.0000,0.0000,none,-1,false,false,false,insufficient_confirmed_m5_pivots,USDJPY|SHORT|1745812800|143.435,,,false,false,false,-1,-1,-1,-1,-1,false,false,false,0.0000,range_n,true,143.86900000,143.43500000,3.1287,true,0.6272,0.3830,0,normal,true,0.3955,preferred_382_618,0.200,diagnostic_only,diagnostic_only,diagnostic_only,shallow_pullback,11,0.490,true,none,0.640,high_quality,false,false,diagnostic_only,both,true,none,true,diagnostic_adjacent_detected,required_light,false,false,LONG,8,false,false,0,2025.04.28 02:55:00,2025.04.28 04:05:00,5,5.9807,0.00000000,143.33800000,143.33800000,false,false,none,0.00000000,false,0.0000,0.0000,false,1,0.0000,false,-1,0.00000000,0.0000,off,false,not_evaluated,none,0.0000,0.0000,none,false,false,false,0.0000,none,false,none,0.0000,false,none,3.4127,4.1448,0.8234,0.0000,true,strong_exhaustion,0.0000,none,none,false,false,none,0.0000,0.0000,0.0000,0.0000,none,false,false,0.0000,0.0000,false,false,-1,none,none,false,0.000,0.000,143.61700000,143.50100000,143.50100000,opening_range_low,0.04700000,0.2282,neckline_level,143.62700000,0.8898,false,true,true,false,not_blocked,10,5,5,m5_failure_exit,off,none,0.00000000,0.0000,1.30,143.28000000,4.200,-0.300,0.200,PERIOD_M15,143.86900000,143.43500000,0.2604,outside,0.000,true,143.54800000,143.75400000,0.20600000,143.28000000,1.301,0.08878571,18.00,90-120,true,false,none,not_consumed,4.300,4.300,none,0.0000,false,neckline_retest_failed,false,not_invalidated,spread_too_high
2025.04.28 04:35:00,blocked,session_reversal_pullback_one_symbol_first120,USDJPY,SHORT,2025.04.28 04:30:00,4,1,10,tokyo,2025.04.28 00:00,90,first_120min,false,true,3,USDJPY,highest_score_in_session_bar,tokyo=USDJPY|EURJPY|GBPJPY|AUDJPY,existing_first120_gate,tokyo,true,false,true,passed_first_window,double_top,neckline_break_retest,143.62700000,PERIOD_M5,PERIOD_H1,PERIOD_M15,PERIOD_M5,PERIOD_M5,false,htf_soft_alignment,current_post_filter,transcript_post_filter,dow_trend_up_hh_hl,structure_trend_bias_dow_trend_up_hh_hl,dow_trend_up_hh_hl,structure_trend_bias_dow_trend_up_hh_hl,false,false,true,SHORT,PERIOD_M5,double_top,double_top,4.200,none,0.000,double_top,4.200,none,0.000,SHORT,false,PERIOD_H1_LONG_dow_trend_up_hh_hl|PERIOD_M15_LONG_structure_trend_bias_dow_trend_up_hh_hl,true,h1_counter_m15_reversal,true,top_LONG_dow_trend_up_hh_hl|structure_LONG_structure_trend_bias_dow_trend_up_hh_hl|structure_break_recent_confirmed_swing_break_failed|primary_break_recent_confirmed_swing_break_failed,none,above_75sma_rising,above_75sma_flat_or_falling,below_75sma_falling,-1,0.00000000,-1,0.00000000,false,off,NONE,NONE,0.00000000,0.00000000,0.0000,none,0.000,true,SHORT,return_low_break_or_bos_down,143.43500000,1,143.86900000,143.43500000,false,off,independent,false,,,false,0.0000,none,0.0000,0.0000,none,0.0000,0.0000,0.0000,none,0.0000,0,0,0.0000,none,none,none,none,0.0000,0,0.0000,none,false,true,not_evaluated,true,required_light_or_anchor_flip,bias_flip_down,143.43500000,2025.04.28 00:45:00,143.84100000,2025.04.25 20:00:00,2025.04.28 01:30:00,true,SHORT,143.43500000,143.39200000,0.3100,1,true,2025.04.28 04:00:00,1,SHORT,143.43500000,143.39200000,0.3100,0.6272,normal,2025.04.28 04:00:00,first_after_anchor,true,SHORT,1,1,1,true,false,fresh_0_4,true,false,false,true,none,true,required,true,PERIOD_M5,2025.04.28 04:05:00,2025.04.28 04:05:00,6,0.1802,true,143.43500000,0.1802,false,0.0000,false,none,retest_only,true,none,true,required_first_signal_only,SHORT,unknown,0.00000000,,0.00000000,,false,,-1,false,NONE,0.00000000,,0.00000000,0.0000,0.0000,none,-1,false,false,false,insufficient_confirmed_m5_pivots,USDJPY|SHORT|1745812800|143.435,,,false,false,false,-1,-1,-1,-1,-1,false,false,false,0.0000,range_n,true,143.86900000,143.43500000,3.1287,true,0.6272,0.3830,0,normal,true,0.3955,preferred_382_618,0.200,diagnostic_only,diagnostic_only,diagnostic_only,shallow_pullback,11,0.490,true,none,0.640,high_quality,false,false,diagnostic_only,both,true,none,true,diagnostic_adjacent_detected,required_light,false,false,LONG,8,false,false,0,2025.04.28 02:55:00,2025.04.28 04:05:00,5,5.9807,0.00000000,143.33800000,143.33800000,false,false,none,0.00000000,false,0.0000,0.0000,false,1,0.0000,false,-1,0.00000000,0.0000,off,false,not_evaluated,none,0.0000,0.0000,none,false,false,false,0.0000,none,false,none,0.0000,false,none,3.4127,4.1448,0.8234,0.0000,true,strong_exhaustion,0.0000,none,none,false,false,none,0.0000,0.0000,0.0000,0.0000,none,false,false,0.0000,0.0000,false,false,-1,none,none,false,0.000,0.000,143.61700000,143.50100000,143.50100000,opening_range_low,0.04700000,0.2282,neckline_level,143.62700000,0.8898,false,true,true,false,not_blocked,10,5,5,m5_failure_exit,off,none,0.00000000,0.0000,1.30,143.28000000,4.200,-0.300,0.200,PERIOD_M15,143.86900000,143.43500000,0.2604,outside,0.000,true,143.54800000,143.75400000,0.20600000,143.28000000,1.301,0.08878571,18.00,90-120,true,false,none,blocked_spread_too_high,4.300,4.300,none,0.0000,false,neckline_retest_failed,false,not_invalidated,spread_too_high
2025.04.28 10:05:01,signal,session_reversal_pullback_one_symbol_first120,GBPUSD,SHORT,2025.04.28 10:00:00,10,7,16,london,2025.04.28 07:00,0,first_120min,true,true,3,GBPUSD,highest_score_in_session_bar,london=USDJPY|EURJPY|GBPJPY|AUDJPY|EURUSD|GBPUSD,existing_first120_gate,london,false,false,true,passed_first_window,head_and_shoulders,neckline_break_retest,1.32984000,PERIOD_M5,PERIOD_H1,PERIOD_M15,PERIOD_M5,PERIOD_M5,false,htf_soft_alignment,current_post_filter,transcript_post_filter,dow_range_or_transition,no_ordered_dow_wave3_break,dow_range_or_transition,no_ordered_dow_wave3_break,false,true,true,SHORT,PERIOD_M5,head_and_shoulders,head_and_shoulders,4.500,none,0.000,head_and_shoulders,4.500,none,0.000,SHORT,false,PERIOD_H1_NONE_dow_range_or_transition|PERIOD_M15_NONE_no_ordered_dow_wave3_break,true,h1_counter_m15_reversal,true,top_NONE_dow_range_or_transition|structure_NONE_no_ordered_dow_wave3_break|structure_break_recent_confirmed_swing_break_failed|primary_break_recent_confirmed_swing_break_retest,none,below_75sma_flat_or_rising,below_75sma_falling,below_75sma_falling,-1,0.00000000,0,1.32978000,false,off,NONE,NONE,0.00000000,0.00000000,0.0000,none,0.000,true,SHORT,return_low_break_or_bos_down,1.32874000,17,1.33267000,1.32792000,false,off,independent,false,,,false,0.0000,none,0.0000,0.0000,none,0.0000,0.0000,0.0000,none,0.0000,0,0,0.0000,none,none,none,none,0.0000,0,0.0000,none,false,true,not_evaluated,true,required_light_or_anchor_flip,long_bias,1.32792000,2025.04.28 05:00:00,1.33047000,2025.04.28 04:15:00,2025.04.28 08:30:00,false,NONE,0.00000000,0.00000000,0.0000,-1,false,,-1,NONE,0.00000000,0.00000000,0.0000,0.0000,none,,none,false,NONE,-1,-1,-1,false,false,none,false,true,false,true,none,true,required,false,PERIOD_M5,,,-1,0.0000,false,0.00000000,0.0000,false,0.0000,false,none,none,false,no_anchor_flip_in_entry_direction,true,required_first_signal_only,SHORT,unknown,0.00000000,,0.00000000,,false,,-1,false,NONE,0.00000000,,0.00000000,0.0000,0.0000,none,-1,false,false,false,no_anchor_flip_in_entry_direction,,,,false,false,false,-1,-1,-1,-1,-1,false,false,false,0.0000,range_n,true,1.33267000,1.32792000,6.3515,false,0.0000,0.0000,0,none,true,0.3663,shallow_236_382,0.080,diagnostic_only,diagnostic_only,diagnostic_only,fib_pullback,5,0.320,true,none,0.470,high_quality,false,false,diagnostic_only,both,true,none,true,diagnostic_adjacent_detected,required_light,false,false,LONG,2,false,false,0,,,-1,0.0000,0.00000000,0.00000000,0.00000000,false,false,none,0.00000000,false,0.0000,0.0000,false,1,0.0000,false,-1,0.00000000,0.0000,off,false,not_evaluated,none,0.0000,0.0000,none,false,false,false,0.0000,none,false,none,0.0000,false,none,0.0000,0.0000,0.0000,0.0000,false,none,0.0000,none,none,false,false,none,0.0000,0.0000,0.0000,0.0000,none,false,false,0.0000,0.0000,false,false,-1,none,none,false,0.000,0.000,1.32984000,1.32959333,1.32959333,recent_equal_lows,0.00006667,0.0404,neckline_level,1.32984000,0.3281,false,true,true,false,not_blocked,9,6,3,m5_failure_exit,off,none,0.00000000,0.0000,1.30,1.32752000,4.500,-0.300,0.200,PERIOD_M15,1.33267000,1.32792000,0.3663,outside,0.000,true,1.32966000,1.33131000,0.00165000,1.32752000,1.297,0.00054857,20.00,0-30,true,false,none,not_consumed,4.800,4.800,none,0.0000,false,opposite_break_first,true,opposite_break_first,spread_too_high
2025.04.28 10:05:01,blocked,session_reversal_pullback_one_symbol_first120,GBPUSD,SHORT,2025.04.28 10:00:00,10,7,16,london,2025.04.28 07:00,0,first_120min,true,true,3,GBPUSD,highest_score_in_session_bar,london=USDJPY|EURJPY|GBPJPY|AUDJPY|EURUSD|GBPUSD,existing_first120_gate,london,false,false,true,passed_first_window,head_and_shoulders,neckline_break_retest,1.32984000,PERIOD_M5,PERIOD_H1,PERIOD_M15,PERIOD_M5,PERIOD_M5,false,htf_soft_alignment,current_post_filter,transcript_post_filter,dow_range_or_transition,no_ordered_dow_wave3_break,dow_range_or_transition,no_ordered_dow_wave3_break,false,true,true,SHORT,PERIOD_M5,head_and_shoulders,head_and_shoulders,4.500,none,0.000,head_and_shoulders,4.500,none,0.000,SHORT,false,PERIOD_H1_NONE_dow_range_or_transition|PERIOD_M15_NONE_no_ordered_dow_wave3_break,true,h1_counter_m15_reversal,true,top_NONE_dow_range_or_transition|structure_NONE_no_ordered_dow_wave3_break|structure_break_recent_confirmed_swing_break_failed|primary_break_recent_confirmed_swing_break_retest,none,below_75sma_flat_or_rising,below_75sma_falling,below_75sma_falling,-1,0.00000000,0,1.32978000,false,off,NONE,NONE,0.00000000,0.00000000,0.0000,none,0.000,true,SHORT,return_low_break_or_bos_down,1.32874000,17,1.33267000,1.32792000,false,off,independent,false,,,false,0.0000,none,0.0000,0.0000,none,0.0000,0.0000,0.0000,none,0.0000,0,0,0.0000,none,none,none,none,0.0000,0,0.0000,none,false,true,not_evaluated,true,required_light_or_anchor_flip,long_bias,1.32792000,2025.04.28 05:00:00,1.33047000,2025.04.28 04:15:00,2025.04.28 08:30:00,false,NONE,0.00000000,0.00000000,0.0000,-1,false,,-1,NONE,0.00000000,0.00000000,0.0000,0.0000,none,,none,false,NONE,-1,-1,-1,false,false,none,false,true,false,true,none,true,required,false,PERIOD_M5,,,-1,0.0000,false,0.00000000,0.0000,false,0.0000,false,none,none,false,no_anchor_flip_in_entry_direction,true,required_first_signal_only,SHORT,unknown,0.00000000,,0.00000000,,false,,-1,false,NONE,0.00000000,,0.00000000,0.0000,0.0000,none,-1,false,false,false,no_anchor_flip_in_entry_direction,,,,false,false,false,-1,-1,-1,-1,-1,false,false,false,0.0000,range_n,true,1.33267000,1.32792000,6.3515,false,0.0000,0.0000,0,none,true,0.3663,shallow_236_382,0.080,diagnostic_only,diagnostic_only,diagnostic_only,fib_pullback,5,0.320,true,none,0.470,high_quality,false,false,diagnostic_only,both,true,none,true,diagnostic_adjacent_detected,required_light,false,false,LONG,2,false,false,0,,,-1,0.0000,0.00000000,0.00000000,0.00000000,false,false,none,0.00000000,false,0.0000,0.0000,false,1,0.0000,false,-1,0.00000000,0.0000,off,false,not_evaluated,none,0.0000,0.0000,none,false,false,false,0.0000,none,false,none,0.0000,false,none,0.0000,0.0000,0.0000,0.0000,false,none,0.0000,none,none,false,false,none,0.0000,0.0000,0.0000,0.0000,none,false,false,0.0000,0.0000,false,false,-1,none,none,false,0.000,0.000,1.32984000,1.32959333,1.32959333,recent_equal_lows,0.00006667,0.0404,neckline_level,1.32984000,0.3281,false,true,true,false,not_blocked,9,6,3,m5_failure_exit,off,none,0.00000000,0.0000,1.30,1.32752000,4.500,-0.300,0.200,PERIOD_M15,1.33267000,1.32792000,0.3663,outside,0.000,true,1.32966000,1.33131000,0.00165000,1.32752000,1.297,0.00054857,20.00,0-30,true,false,none,blocked_spread_too_high,4.800,4.800,none,0.0000,false,opposite_break_first,true,opposite_break_first,spread_too_high
2025.04.28 17:30:00,signal,session_reversal_pullback_one_symbol_first120,AUDJPY,LONG,2025.04.28 17:25:00,17,14,23,london_newyork_overlap,2025.04.28 13:00,85,first_120min,false,true,3,AUDJPY,highest_score_in_session_bar,london_newyork_overlap=USDJPY|EURJPY|GBPJPY|AUDJPY|EURUSD|GBPUSD,existing_first120_gate,london_newyork_overlap,true,false,true,passed_first_window,double_bottom,neckline_break_retest,91.70400000,PERIOD_M5,PERIOD_H1,PERIOD_M15,PERIOD_M5,PERIOD_M5,false,htf_soft_alignment,current_post_filter,transcript_post_filter,dow_trend_down_ll_lh,no_ordered_dow_wave3_break,dow_trend_down_ll_lh,no_ordered_dow_wave3_break,false,true,false,LONG,PERIOD_M5,double_bottom,double_bottom,4.200,none,0.000,double_bottom,4.200,none,0.000,LONG,false,PERIOD_H1_SHORT_dow_trend_down_ll_lh|PERIOD_M15_NONE_no_ordered_dow_wave3_break,true,h1_counter_m15_reversal,true,top_SHORT_dow_trend_down_ll_lh|structure_NONE_no_ordered_dow_wave3_break|structure_break_recent_confirmed_swing_break_failed|primary_break_no_recent_confirmed_swing_break,none,above_75sma_rising,below_75sma_falling,above_75sma_rising,-1,0.00000000,-1,0.00000000,false,off,NONE,NONE,0.00000000,0.00000000,0.0000,none,0.000,true,LONG,return_high_break_or_bos_up,91.80000000,3,91.81700000,91.62400000,false,off,independent,false,,,false,0.0000,none,0.0000,0.0000,none,0.0000,0.0000,0.0000,none,0.0000,0,0,0.0000,none,none,none,none,0.0000,0,0.0000,none,false,true,not_evaluated,true,required_light_or_anchor_flip,short_bias,91.70900000,2025.04.28 13:15:00,91.81700000,2025.04.28 13:30:00,2025.04.28 15:00:00,false,NONE,0.00000000,0.00000000,0.0000,-1,false,,-1,NONE,0.00000000,0.00000000,0.0000,0.0000,none,,none,false,NONE,-1,-1,-1,false,false,none,false,true,false,true,none,true,required,false,PERIOD_M5,,,-1,0.0000,false,0.00000000,0.0000,false,0.0000,false,none,none,false,no_anchor_flip_in_entry_direction,true,required_first_signal_only,LONG,unknown,0.00000000,,0.00000000,,false,,-1,false,NONE,0.00000000,,0.00000000,0.0000,0.0000,none,-1,false,false,false,no_anchor_flip_in_entry_direction,,,,false,false,false,-1,-1,-1,-1,-1,false,false,false,0.0000,falling_n,false,91.81700000,91.46700000,4.1107,false,0.0000,0.0000,0,none,true,0.2147,no_fib,0.000,diagnostic_only,diagnostic_only,diagnostic_only,shallow_pullback,9,0.240,true,none,0.390,high_quality,false,false,diagnostic_only,both,true,none,true,diagnostic_adjacent_detected,required_light,false,false,SHORT,5,false,false,1,2025.04.28 15:20:00,2025.04.28 17:00:00,5,3.2443,91.80800000,0.00000000,91.80800000,false,false,none,0.00000000,false,0.0000,0.0000,false,1,0.0000,false,-1,0.00000000,0.0000,off,false,not_evaluated,none,0.0000,0.0000,none,false,false,false,0.0000,none,false,none,0.0000,false,none,3.2443,1.7098,1.8974,0.5846,false,no_shrink,0.0000,none,none,false,false,none,0.0000,0.0000,0.0000,0.0000,none,false,false,0.0000,0.0000,false,false,-1,none,none,false,0.000,0.000,91.76600000,91.74300000,91.76600000,failed_breakout_level,0.02200000,0.2115,neckline_level,91.70400000,0.5846,false,true,false,false,not_blocked,4,4,0,m5_failure_exit,off,none,0.00000000,0.0000,1.30,91.88000000,4.200,-0.300,0.200,PERIOD_M15,91.81700000,91.62600000,0.3822,preferred_382_618,0.000,true,91.74400000,91.64000000,0.10400000,91.88000000,1.308,0.06842857,28.00,60-90,true,false,none,not_consumed,4.300,4.300,none,0.0000,false,opposite_break_first,true,opposite_break_first,spread_too_high
2025.04.28 17:30:00,blocked,session_reversal_pullback_one_symbol_first120,AUDJPY,LONG,2025.04.28 17:25:00,17,14,23,london_newyork_overlap,2025.04.28 13:00,85,first_120min,false,true,3,AUDJPY,highest_score_in_session_bar,london_newyork_overlap=USDJPY|EURJPY|GBPJPY|AUDJPY|EURUSD|GBPUSD,existing_first120_gate,london_newyork_overlap,true,false,true,passed_first_window,double_bottom,neckline_break_retest,91.70400000,PERIOD_M5,PERIOD_H1,PERIOD_M15,PERIOD_M5,PERIOD_M5,false,htf_soft_alignment,current_post_filter,transcript_post_filter,dow_trend_down_ll_lh,no_ordered_dow_wave3_break,dow_trend_down_ll_lh,no_ordered_dow_wave3_break,false,true,false,LONG,PERIOD_M5,double_bottom,double_bottom,4.200,none,0.000,double_bottom,4.200,none,0.000,LONG,false,PERIOD_H1_SHORT_dow_trend_down_ll_lh|PERIOD_M15_NONE_no_ordered_dow_wave3_break,true,h1_counter_m15_reversal,true,top_SHORT_dow_trend_down_ll_lh|structure_NONE_no_ordered_dow_wave3_break|structure_break_recent_confirmed_swing_break_failed|primary_break_no_recent_confirmed_swing_break,none,above_75sma_rising,below_75sma_falling,above_75sma_rising,-1,0.00000000,-1,0.00000000,false,off,NONE,NONE,0.00000000,0.00000000,0.0000,none,0.000,true,LONG,return_high_break_or_bos_up,91.80000000,3,91.81700000,91.62400000,false,off,independent,false,,,false,0.0000,none,0.0000,0.0000,none,0.0000,0.0000,0.0000,none,0.0000,0,0,0.0000,none,none,none,none,0.0000,0,0.0000,none,false,true,not_evaluated,true,required_light_or_anchor_flip,short_bias,91.70900000,2025.04.28 13:15:00,91.81700000,2025.04.28 13:30:00,2025.04.28 15:00:00,false,NONE,0.00000000,0.00000000,0.0000,-1,false,,-1,NONE,0.00000000,0.00000000,0.0000,0.0000,none,,none,false,NONE,-1,-1,-1,false,false,none,false,true,false,true,none,true,required,false,PERIOD_M5,,,-1,0.0000,false,0.00000000,0.0000,false,0.0000,false,none,none,false,no_anchor_flip_in_entry_direction,true,required_first_signal_only,LONG,unknown,0.00000000,,0.00000000,,false,,-1,false,NONE,0.00000000,,0.00000000,0.0000,0.0000,none,-1,false,false,false,no_anchor_flip_in_entry_direction,,,,false,false,false,-1,-1,-1,-1,-1,false,false,false,0.0000,falling_n,false,91.81700000,91.46700000,4.1107,false,0.0000,0.0000,0,none,true,0.2147,no_fib,0.000,diagnostic_only,diagnostic_only,diagnostic_only,shallow_pullback,9,0.240,true,none,0.390,high_quality,false,false,diagnostic_only,both,true,none,true,diagnostic_adjacent_detected,required_light,false,false,SHORT,5,false,false,1,2025.04.28 15:20:00,2025.04.28 17:00:00,5,3.2443,91.80800000,0.00000000,91.80800000,false,false,none,0.00000000,false,0.0000,0.0000,false,1,0.0000,false,-1,0.00000000,0.0000,off,false,not_evaluated,none,0.0000,0.0000,none,false,false,false,0.0000,none,false,none,0.0000,false,none,3.2443,1.7098,1.8974,0.5846,false,no_shrink,0.0000,none,none,false,false,none,0.0000,0.0000,0.0000,0.0000,none,false,false,0.0000,0.0000,false,false,-1,none,none,false,0.000,0.000,91.76600000,91.74300000,91.76600000,failed_breakout_level,0.02200000,0.2115,neckline_level,91.70400000,0.5846,false,true,false,false,not_blocked,4,4,0,m5_failure_exit,off,none,0.00000000,0.0000,1.30,91.88000000,4.200,-0.300,0.200,PERIOD_M15,91.81700000,91.62600000,0.3822,preferred_382_618,0.000,true,91.74400000,91.64000000,0.10400000,91.88000000,1.308,0.06842857,28.00,60-90,true,false,none,blocked_spread_too_high,4.300,4.300,none,0.0000,false,opposite_break_first,true,opposite_break_first,spread_too_high
2025.04.29 03:25:00,signal,session_reversal_pullback_one_symbol_first120,GBPJPY,SHORT,2025.04.29 03:20:00,3,0,9,tokyo,2025.04.29 00:00,20,first_120min,true,true,3,GBPJPY,highest_score_in_session_bar,tokyo=USDJPY|EURJPY|GBPJPY|AUDJPY,existing_first120_gate,tokyo,true,false,true,passed_first_window,double_top,neckline_break_retest,191.00200000,PERIOD_M5,PERIOD_H1,PERIOD_M15,PERIOD_M5,PERIOD_M5,false,htf_soft_alignment,current_post_filter,transcript_post_filter,dow_range_or_transition,structure_trend_bias_dow_trend_up_hh_hl,dow_range_or_transition,structure_trend_bias_dow_trend_up_hh_hl,false,false,true,SHORT,PERIOD_M5,double_top,double_top,4.200,none,0.000,double_top,4.200,none,0.000,SHORT,false,PERIOD_H1_NONE_dow_range_or_transition|PERIOD_M15_LONG_structure_trend_bias_dow_trend_up_hh_hl,true,h1_counter_m15_reversal,true,top_NONE_dow_range_or_transition|structure_LONG_structure_trend_bias_dow_trend_up_hh_hl|structure_break_recent_confirmed_swing_break_retest|primary_break_recent_confirmed_swing_break_failed,none,above_75sma_rising,below_75sma_flat_or_rising,above_75sma_rising,0,190.93800000,-1,0.00000000,false,off,NONE,NONE,0.00000000,0.00000000,0.0000,none,0.000,true,SHORT,return_low_break_or_bos_down,190.93800000,0,191.15300000,190.59300000,false,off,independent,false,,,false,0.0000,none,0.0000,0.0000,none,0.0000,0.0000,0.0000,none,0.0000,0,0,0.0000,none,none,none,none,0.0000,0,0.0000,none,false,true,not_evaluated,true,required_light_or_anchor_flip,long_bias,190.59300000,2025.04.29 00:00:00,190.96500000,2025.04.28 23:30:00,2025.04.29 01:00:00,false,NONE,0.00000000,0.00000000,0.0000,-1,false,,-1,NONE,0.00000000,0.00000000,0.0000,0.0000,none,,none,false,NONE,-1,-1,-1,false,false,none,false,true,false,true,none,true,required,false,PERIOD_M5,,,-1,0.0000,false,0.00000000,0.0000,false,0.0000,false,none,none,false,no_anchor_flip_in_entry_direction,true,required_first_signal_only,SHORT,unknown,0.00000000,,0.00000000,,false,,-1,false,NONE,0.00000000,,0.00000000,0.0000,0.0000,none,-1,false,false,false,no_anchor_flip_in_entry_direction,,,,false,false,false,-1,-1,-1,-1,-1,false,false,false,0.0000,rising_n,false,191.09200000,190.59300000,3.4739,false,0.0000,0.0000,0,none,true,0.7286,deep_618_786,0.120,diagnostic_only,diagnostic_only,diagnostic_only,fib_pullback,24,0.320,true,none,0.470,high_quality,false,false,diagnostic_only,both,true,none,true,diagnostic_adjacent_detected,required_light,false,false,LONG,3,false,false,0,,,-1,0.0000,0.00000000,0.00000000,0.00000000,false,false,none,0.00000000,false,0.0000,0.0000,false,1,0.0000,false,-1,0.00000000,0.0000,off,false,not_evaluated,none,0.0000,0.0000,none,false,false,false,0.0000,none,false,none,0.0000,false,none,0.0000,0.0000,0.0000,0.0000,false,none,0.0000,none,none,false,false,none,0.0000,0.0000,0.0000,0.0000,none,false,false,0.0000,0.0000,false,false,-1,none,none,false,0.000,0.000,191.00200000,190.93800000,190.93800000,structure_confirmed_swing_low,0.06300000,0.5081,neckline_level,191.00200000,0.0131,false,true,true,false,not_blocked,5,4,1,m5_failure_exit,off,none,0.00000000,0.0000,1.30,190.84000000,4.200,-0.300,0.200,PERIOD_M15,191.09200000,190.93800000,0.4091,preferred_382_618,0.000,true,191.00100000,191.12500000,0.12400000,190.84000000,1.298,0.07635714,38.00,0-30,true,false,none,not_consumed,4.650,4.650,none,0.0000,false,neckline_retest_failed,false,not_invalidated,spread_too_high
2025.04.29 03:25:00,blocked,session_reversal_pullback_one_symbol_first120,GBPJPY,SHORT,2025.04.29 03:20:00,3,0,9,tokyo,2025.04.29 00:00,20,first_120min,true,true,3,GBPJPY,highest_score_in_session_bar,tokyo=USDJPY|EURJPY|GBPJPY|AUDJPY,existing_first120_gate,tokyo,true,false,true,passed_first_window,double_top,neckline_break_retest,191.00200000,PERIOD_M5,PERIOD_H1,PERIOD_M15,PERIOD_M5,PERIOD_M5,false,htf_soft_alignment,current_post_filter,transcript_post_filter,dow_range_or_transition,structure_trend_bias_dow_trend_up_hh_hl,dow_range_or_transition,structure_trend_bias_dow_trend_up_hh_hl,false,false,true,SHORT,PERIOD_M5,double_top,double_top,4.200,none,0.000,double_top,4.200,none,0.000,SHORT,false,PERIOD_H1_NONE_dow_range_or_transition|PERIOD_M15_LONG_structure_trend_bias_dow_trend_up_hh_hl,true,h1_counter_m15_reversal,true,top_NONE_dow_range_or_transition|structure_LONG_structure_trend_bias_dow_trend_up_hh_hl|structure_break_recent_confirmed_swing_break_retest|primary_break_recent_confirmed_swing_break_failed,none,above_75sma_rising,below_75sma_flat_or_rising,above_75sma_rising,0,190.93800000,-1,0.00000000,false,off,NONE,NONE,0.00000000,0.00000000,0.0000,none,0.000,true,SHORT,return_low_break_or_bos_down,190.93800000,0,191.15300000,190.59300000,false,off,independent,false,,,false,0.0000,none,0.0000,0.0000,none,0.0000,0.0000,0.0000,none,0.0000,0,0,0.0000,none,none,none,none,0.0000,0,0.0000,none,false,true,not_evaluated,true,required_light_or_anchor_flip,long_bias,190.59300000,2025.04.29 00:00:00,190.96500000,2025.04.28 23:30:00,2025.04.29 01:00:00,false,NONE,0.00000000,0.00000000,0.0000,-1,false,,-1,NONE,0.00000000,0.00000000,0.0000,0.0000,none,,none,false,NONE,-1,-1,-1,false,false,none,false,true,false,true,none,true,required,false,PERIOD_M5,,,-1,0.0000,false,0.00000000,0.0000,false,0.0000,false,none,none,false,no_anchor_flip_in_entry_direction,true,required_first_signal_only,SHORT,unknown,0.00000000,,0.00000000,,false,,-1,false,NONE,0.00000000,,0.00000000,0.0000,0.0000,none,-1,false,false,false,no_anchor_flip_in_entry_direction,,,,false,false,false,-1,-1,-1,-1,-1,false,false,false,0.0000,rising_n,false,191.09200000,190.59300000,3.4739,false,0.0000,0.0000,0,none,true,0.7286,deep_618_786,0.120,diagnostic_only,diagnostic_only,diagnostic_only,fib_pullback,24,0.320,true,none,0.470,high_quality,false,false,diagnostic_only,both,true,none,true,diagnostic_adjacent_detected,required_light,false,false,LONG,3,false,false,0,,,-1,0.0000,0.00000000,0.00000000,0.00000000,false,false,none,0.00000000,false,0.0000,0.0000,false,1,0.0000,false,-1,0.00000000,0.0000,off,false,not_evaluated,none,0.0000,0.0000,none,false,false,false,0.0000,none,false,none,0.0000,false,none,0.0000,0.0000,0.0000,0.0000,false,none,0.0000,none,none,false,false,none,0.0000,0.0000,0.0000,0.0000,none,false,false,0.0000,0.0000,false,false,-1,none,none,false,0.000,0.000,191.00200000,190.93800000,190.93800000,structure_confirmed_swing_low,0.06300000,0.5081,neckline_level,191.00200000,0.0131,false,true,true,false,not_blocked,5,4,1,m5_failure_exit,off,none,0.00000000,0.0000,1.30,190.84000000,4.200,-0.300,0.200,PERIOD_M15,191.09200000,190.93800000,0.4091,preferred_382_618,0.000,true,191.00100000,191.12500000,0.12400000,190.84000000,1.298,0.07635714,38.00,0-30,true,false,none,blocked_spread_too_high,4.650,4.650,none,0.0000,false,neckline_retest_failed,false,not_invalidated,spread_too_high
2025.04.29 10:05:00,signal,session_reversal_pullback_one_symbol_first120,GBPJPY,LONG,2025.04.29 10:00:00,10,7,16,london,2025.04.29 07:00,0,first_120min,true,true,3,GBPJPY,highest_score_in_session_bar,london=USDJPY|EURJPY|GBPJPY|AUDJPY|EURUSD|GBPUSD,existing_first120_gate,london,false,false,true,passed_first_window,double_bottom,neckline_break_retest,190.96300000,PERIOD_M5,PERIOD_H1,PERIOD_M15,PERIOD_M5,PERIOD_M5,false,htf_soft_alignment,current_post_filter,transcript_post_filter,dow_trend_down_ll_lh,structure_trend_bias_dow_trend_down_ll_lh,dow_trend_down_ll_lh,structure_trend_bias_dow_trend_down_ll_lh,false,true,false,LONG,PERIOD_M5,double_bottom,double_bottom,4.200,none,0.000,double_bottom,4.200,none,0.000,LONG,false,PERIOD_H1_SHORT_dow_trend_down_ll_lh|PERIOD_M15_SHORT_structure_trend_bias_dow_trend_down_ll_lh,true,h1_counter_m15_reversal,true,top_SHORT_dow_trend_down_ll_lh|structure_SHORT_structure_trend_bias_dow_trend_down_ll_lh|structure_break_recent_confirmed_swing_break_failed|primary_break_recent_confirmed_swing_break_failed,none,above_75sma_rising,above_75sma_flat_or_falling,below_75sma_flat_or_rising,-1,0.00000000,-1,0.00000000,false,off,NONE,NONE,0.00000000,0.00000000,0.0000,none,0.000,true,LONG,return_high_break_or_bos_up,191.11200000,1,191.11200000,190.79700000,false,off,independent,false,,,false,0.0000,none,0.0000,0.0000,none,0.0000,0.0000,0.0000,none,0.0000,0,0,0.0000,none,none,none,none,0.0000,0,0.0000,none,false,true,not_evaluated,true,required_light_or_anchor_flip,bias_flip_up,190.79000000,2025.04.29 03:45:00,191.11200000,2025.04.29 07:45:00,2025.04.29 08:30:00,true,LONG,191.11200000,191.12900000,0.1355,1,true,2025.04.29 09:30:00,1,LONG,191.11200000,191.12900000,0.1355,1.2271,normal,2025.04.29 09:30:00,first_after_anchor,true,LONG,1,1,1,true,false,fresh_0_4,true,false,false,true,none,true,required,true,PERIOD_M5,2025.04.29 09:35:00,2025.04.29 09:40:00,6,0.9408,true,191.11200000,0.9408,true,0.6954,false,none,failed_close_back_inside,false,post_anchor_close_back_inside,true,required_first_signal_only,LONG,unknown,0.00000000,,0.00000000,,false,,-1,false,NONE,0.00000000,,0.00000000,0.0000,0.0000,none,-1,false,false,false,insufficient_confirmed_m5_pivots,GBPJPY|LONG|1745919000|191.112,,,false,false,false,-1,-1,-1,-1,-1,false,false,false,0.0000,falling_n,false,191.16700000,190.79000000,3.0040,true,1.2271,0.3447,0,normal,true,0.3554,shallow_236_382,0.080,diagnostic_only,diagnostic_only,diagnostic_only,fib_pullback,5,0.370,true,none,0.520,high_quality,false,false,diagnostic_only,both,true,none,true,diagnostic_adjacent_detected,required_light,false,false,SHORT,6,false,false,0,2025.04.29 08:10:00,2025.04.29 09:35:00,5,3.1088,191.10100000,0.00000000,191.10100000,true,true,m5_lh_close_break_up,191.10100000,true,0.2863,0.8692,true,1,1.0942,false,4,191.10100000,0.0409,off,false,not_evaluated,none,0.8862,0.1138,very_strong,false,false,true,1.0942,failed_2bars,true,favorable_side,0.3617,false,clean_retest,1.9737,2.0760,0.9507,0.0000,true,strong_exhaustion,0.0000,none,none,false,false,none,0.0000,0.0000,0.0000,0.0000,none,false,false,0.0000,0.0000,false,false,-1,none,none,false,0.000,0.000,191.09000000,191.01500000,191.09000000,recent_rejection_zone,0.05700000,0.3048,neckline_level,190.96300000,0.7159,false,true,true,false,not_blocked,9,6,3,m5_failure_exit,off,none,0.00000000,0.0000,1.30,191.27600000,4.200,-0.300,0.200,PERIOD_M15,191.11200000,190.79700000,0.2508,outside,0.000,true,191.03300000,190.84600000,0.18700000,191.27600000,1.299,0.09778571,38.00,0-30,true,false,none,not_consumed,4.300,4.300,none,0.0000,false,opposite_break_first,true,opposite_break_first,spread_too_high
2025.04.29 10:05:00,blocked,session_reversal_pullback_one_symbol_first120,GBPJPY,LONG,2025.04.29 10:00:00,10,7,16,london,2025.04.29 07:00,0,first_120min,true,true,3,GBPJPY,highest_score_in_session_bar,london=USDJPY|EURJPY|GBPJPY|AUDJPY|EURUSD|GBPUSD,existing_first120_gate,london,false,false,true,passed_first_window,double_bottom,neckline_break_retest,190.96300000,PERIOD_M5,PERIOD_H1,PERIOD_M15,PERIOD_M5,PERIOD_M5,false,htf_soft_alignment,current_post_filter,transcript_post_filter,dow_trend_down_ll_lh,structure_trend_bias_dow_trend_down_ll_lh,dow_trend_down_ll_lh,structure_trend_bias_dow_trend_down_ll_lh,false,true,false,LONG,PERIOD_M5,double_bottom,double_bottom,4.200,none,0.000,double_bottom,4.200,none,0.000,LONG,false,PERIOD_H1_SHORT_dow_trend_down_ll_lh|PERIOD_M15_SHORT_structure_trend_bias_dow_trend_down_ll_lh,true,h1_counter_m15_reversal,true,top_SHORT_dow_trend_down_ll_lh|structure_SHORT_structure_trend_bias_dow_trend_down_ll_lh|structure_break_recent_confirmed_swing_break_failed|primary_break_recent_confirmed_swing_break_failed,none,above_75sma_rising,above_75sma_flat_or_falling,below_75sma_flat_or_rising,-1,0.00000000,-1,0.00000000,false,off,NONE,NONE,0.00000000,0.00000000,0.0000,none,0.000,true,LONG,return_high_break_or_bos_up,191.11200000,1,191.11200000,190.79700000,false,off,independent,false,,,false,0.0000,none,0.0000,0.0000,none,0.0000,0.0000,0.0000,none,0.0000,0,0,0.0000,none,none,none,none,0.0000,0,0.0000,none,false,true,not_evaluated,true,required_light_or_anchor_flip,bias_flip_up,190.79000000,2025.04.29 03:45:00,191.11200000,2025.04.29 07:45:00,2025.04.29 08:30:00,true,LONG,191.11200000,191.12900000,0.1355,1,true,2025.04.29 09:30:00,1,LONG,191.11200000,191.12900000,0.1355,1.2271,normal,2025.04.29 09:30:00,first_after_anchor,true,LONG,1,1,1,true,false,fresh_0_4,true,false,false,true,none,true,required,true,PERIOD_M5,2025.04.29 09:35:00,2025.04.29 09:40:00,6,0.9408,true,191.11200000,0.9408,true,0.6954,false,none,failed_close_back_inside,false,post_anchor_close_back_inside,true,required_first_signal_only,LONG,unknown,0.00000000,,0.00000000,,false,,-1,false,NONE,0.00000000,,0.00000000,0.0000,0.0000,none,-1,false,false,false,insufficient_confirmed_m5_pivots,GBPJPY|LONG|1745919000|191.112,,,false,false,false,-1,-1,-1,-1,-1,false,false,false,0.0000,falling_n,false,191.16700000,190.79000000,3.0040,true,1.2271,0.3447,0,normal,true,0.3554,shallow_236_382,0.080,diagnostic_only,diagnostic_only,diagnostic_only,fib_pullback,5,0.370,true,none,0.520,high_quality,false,false,diagnostic_only,both,true,none,true,diagnostic_adjacent_detected,required_light,false,false,SHORT,6,false,false,0,2025.04.29 08:10:00,2025.04.29 09:35:00,5,3.1088,191.10100000,0.00000000,191.10100000,true,true,m5_lh_close_break_up,191.10100000,true,0.2863,0.8692,true,1,1.0942,false,4,191.10100000,0.0409,off,false,not_evaluated,none,0.8862,0.1138,very_strong,false,false,true,1.0942,failed_2bars,true,favorable_side,0.3617,false,clean_retest,1.9737,2.0760,0.9507,0.0000,true,strong_exhaustion,0.0000,none,none,false,false,none,0.0000,0.0000,0.0000,0.0000,none,false,false,0.0000,0.0000,false,false,-1,none,none,false,0.000,0.000,191.09000000,191.01500000,191.09000000,recent_rejection_zone,0.05700000,0.3048,neckline_level,190.96300000,0.7159,false,true,true,false,not_blocked,9,6,3,m5_failure_exit,off,none,0.00000000,0.0000,1.30,191.27600000,4.200,-0.300,0.200,PERIOD_M15,191.11200000,190.79700000,0.2508,outside,0.000,true,191.03300000,190.84600000,0.18700000,191.27600000,1.299,0.09778571,38.00,0-30,true,false,none,blocked_spread_too_high,4.300,4.300,none,0.0000,false,opposite_break_first,true,opposite_break_first,spread_too_high
2025.04.29 16:50:00,signal,session_reversal_pullback_one_symbol_first120,EURUSD,SHORT,2025.04.29 16:45:00,16,13,22,london_newyork_overlap,2025.04.29 13:00,45,first_120min,true,true,3,EURUSD,highest_score_in_session_bar,london_newyork_overlap=USDJPY|EURJPY|GBPJPY|AUDJPY|EURUSD|GBPUSD,existing_first120_gate,london_newyork_overlap,false,false,true,passed_first_window,double_top,neckline_break_retest,1.14026000,PERIOD_M5,PERIOD_H1,PERIOD_M15,PERIOD_M5,PERIOD_M5,false,htf_soft_alignment,current_post_filter,transcript_post_filter,dow_range_or_transition,structure_trend_bias_dow_trend_down_ll_lh,dow_range_or_transition,structure_trend_bias_dow_trend_down_ll_lh,false,false,true,SHORT,PERIOD_M5,double_top,double_top,4.200,none,0.000,double_top,4.200,none,0.000,SHORT,false,PERIOD_H1_NONE_dow_range_or_transition|PERIOD_M15_SHORT_structure_trend_bias_dow_trend_down_ll_lh,true,h1_counter_m15_reversal,true,top_NONE_dow_range_or_transition|structure_SHORT_structure_trend_bias_dow_trend_down_ll_lh|structure_break_recent_confirmed_swing_break_failed|primary_break_recent_confirmed_swing_break_retest,none,above_75sma_rising,below_75sma_falling,above_75sma_rising,-1,0.00000000,0,1.13976000,false,off,NONE,NONE,0.00000000,0.00000000,0.0000,none,0.000,true,SHORT,return_low_break_or_bos_down,1.13808000,6,1.14165000,1.13695000,false,off,independent,false,,,false,0.0000,none,0.0000,0.0000,none,0.0000,0.0000,0.0000,none,0.0000,0,0,0.0000,none,none,none,none,0.0000,0,0.0000,none,false,true,not_evaluated,true,required_light_or_anchor_flip,bias_flip_up,1.13732000,2025.04.29 07:45:00,1.13862000,2025.04.29 14:00:00,2025.04.29 15:15:00,true,LONG,1.13862000,1.14028000,1.4171,4,true,2025.04.29 15:30:00,4,LONG,1.13862000,1.14028000,1.4171,1.4683,strong,2025.04.29 16:30:00,first_after_anchor,true,LONG,4,0,4,true,false,fresh_0_4,false,true,false,true,none,true,required,false,PERIOD_M5,,,-1,0.0000,false,0.00000000,0.0000,false,0.0000,false,none,none,false,no_anchor_flip_in_entry_direction,true,required_first_signal_only,SHORT,unknown,0.00000000,,0.00000000,,false,,-1,false,NONE,0.00000000,,0.00000000,0.0000,0.0000,none,-1,false,false,false,no_anchor_flip_in_entry_direction,,,,false,false,false,-1,-1,-1,-1,-1,false,false,false,0.0000,falling_n,false,1.14115000,1.13695000,3.5854,true,1.4683,0.1400,4,strong,true,0.4787,preferred_382_618,0.200,diagnostic_only,diagnostic_only,diagnostic_only,shallow_pullback,24,0.450,true,none,0.600,high_quality,false,false,diagnostic_only,both,true,none,true,diagnostic_adjacent_detected,required_light,false,false,LONG,8,false,false,2,2025.04.29 15:15:00,2025.04.29 16:20:00,5,5.0693,0.00000000,1.13976000,1.13976000,true,true,m5_hl_close_break_down,1.13976000,true,0.6040,0.6579,true,1,0.0000,false,0,1.13976000,0.5609,off,false,not_evaluated,none,1.0000,0.0000,very_strong,false,false,false,0.0000,no_following_closed_bar,false,none,0.0000,false,no_retest,2.0385,4.7889,0.4257,0.2804,false,mild_exhaustion,0.0000,none,none,false,false,none,0.0000,0.0000,0.0000,0.0000,none,false,false,0.0000,0.0000,false,false,-1,none,none,false,0.000,0.000,1.13976000,1.13862000,1.13862000,structure_confirmed_swing_high,0.00058000,0.2447,session_low|opening_range_low|neckline_level,1.13920000,0.0000,false,true,true,false,not_blocked,6,5,1,m5_failure_exit,off,none,0.00000000,0.0000,1.30,1.13612000,4.200,-0.300,0.200,PERIOD_M15,1.13862000,1.13695000,1.3473,outside,0.000,true,1.13920000,1.14157000,0.00237000,1.13612000,1.300,0.00092714,18.00,30-60,true,false,none,not_consumed,4.500,4.500,none,0.0000,false,neckline_retest_failed,false,not_invalidated,
2025.04.29 16:50:00,order_sent,session_reversal_pullback_one_symbol_first120,EURUSD,SHORT,2025.04.29 16:45:00,16,13,22,london_newyork_overlap,2025.04.29 13:00,45,first_120min,true,true,3,EURUSD,highest_score_in_session_bar,london_newyork_overlap=USDJPY|EURJPY|GBPJPY|AUDJPY|EURUSD|GBPUSD,existing_first120_gate,london_newyork_overlap,false,false,true,passed_first_window,double_top,neckline_break_retest,1.14026000,PERIOD_M5,PERIOD_H1,PERIOD_M15,PERIOD_M5,PERIOD_M5,false,htf_soft_alignment,current_post_filter,transcript_post_filter,dow_range_or_transition,structure_trend_bias_dow_trend_down_ll_lh,dow_range_or_transition,structure_trend_bias_dow_trend_down_ll_lh,false,false,true,SHORT,PERIOD_M5,double_top,double_top,4.200,none,0.000,double_top,4.200,none,0.000,SHORT,false,PERIOD_H1_NONE_dow_range_or_transition|PERIOD_M15_SHORT_structure_trend_bias_dow_trend_down_ll_lh,true,h1_counter_m15_reversal,true,top_NONE_dow_range_or_transition|structure_SHORT_structure_trend_bias_dow_trend_down_ll_lh|structure_break_recent_confirmed_swing_break_failed|primary_break_recent_confirmed_swing_break_retest,none,above_75sma_rising,below_75sma_falling,above_75sma_rising,-1,0.00000000,0,1.13976000,false,off,NONE,NONE,0.00000000,0.00000000,0.0000,none,0.000,true,SHORT,return_low_break_or_bos_down,1.13808000,6,1.14165000,1.13695000,false,off,independent,false,,,false,0.0000,none,0.0000,0.0000,none,0.0000,0.0000,0.0000,none,0.0000,0,0,0.0000,none,none,none,none,0.0000,0,0.0000,none,false,true,not_evaluated,true,required_light_or_anchor_flip,bias_flip_up,1.13732000,2025.04.29 07:45:00,1.13862000,2025.04.29 14:00:00,2025.04.29 15:15:00,true,LONG,1.13862000,1.14028000,1.4171,4,true,2025.04.29 15:30:00,4,LONG,1.13862000,1.14028000,1.4171,1.4683,strong,2025.04.29 16:30:00,first_after_anchor,true,LONG,4,0,4,true,false,fresh_0_4,false,true,false,true,none,true,required,false,PERIOD_M5,,,-1,0.0000,false,0.00000000,0.0000,false,0.0000,false,none,none,false,no_anchor_flip_in_entry_direction,true,required_first_signal_only,SHORT,unknown,0.00000000,,0.00000000,,false,,-1,false,NONE,0.00000000,,0.00000000,0.0000,0.0000,none,-1,false,false,false,no_anchor_flip_in_entry_direction,,,,false,false,false,-1,-1,-1,-1,-1,false,false,false,0.0000,falling_n,false,1.14115000,1.13695000,3.5854,true,1.4683,0.1400,4,strong,true,0.4787,preferred_382_618,0.200,diagnostic_only,diagnostic_only,diagnostic_only,shallow_pullback,24,0.450,true,none,0.600,high_quality,false,false,diagnostic_only,both,true,none,true,diagnostic_adjacent_detected,required_light,false,false,LONG,8,false,false,2,2025.04.29 15:15:00,2025.04.29 16:20:00,5,5.0693,0.00000000,1.13976000,1.13976000,true,true,m5_hl_close_break_down,1.13976000,true,0.6040,0.6579,true,1,0.0000,false,0,1.13976000,0.5609,off,false,not_evaluated,none,1.0000,0.0000,very_strong,false,false,false,0.0000,no_following_closed_bar,false,none,0.0000,false,no_retest,2.0385,4.7889,0.4257,0.2804,false,mild_exhaustion,0.0000,none,none,false,false,none,0.0000,0.0000,0.0000,0.0000,none,false,false,0.0000,0.0000,false,false,-1,none,none,false,0.000,0.000,1.13976000,1.13862000,1.13862000,structure_confirmed_swing_high,0.00058000,0.2447,session_low|opening_range_low|neckline_level,1.13920000,0.0000,false,true,true,false,not_blocked,6,5,1,m5_failure_exit,off,none,0.00000000,0.0000,1.30,1.13612000,4.200,-0.300,0.200,PERIOD_M15,1.13862000,1.13695000,1.3473,outside,0.000,true,1.13920000,1.14157000,0.00237000,1.13612000,1.300,0.00092714,18.00,30-60,true,false,none,order_sent,4.500,4.500,none,0.0000,false,neckline_retest_failed,false,not_invalidated,
2025.04.30 03:10:00,signal,session_reversal_pullback_one_symbol_first120,EURJPY,SHORT,2025.04.30 03:05:00,3,0,9,tokyo,2025.04.30 00:00,5,first_120min,true,true,3,EURJPY,highest_score_in_session_bar,tokyo=USDJPY|EURJPY|GBPJPY|AUDJPY,existing_first120_gate,tokyo,false,false,true,passed_first_window,double_top,neckline_break_retest,162.02200000,PERIOD_M5,PERIOD_H1,PERIOD_M15,PERIOD_M5,PERIOD_M5,false,htf_soft_alignment,current_post_filter,transcript_post_filter,dow_range_or_transition,structure_trend_bias_dow_trend_down_ll_lh,dow_range_or_transition,structure_trend_bias_dow_trend_down_ll_lh,false,false,true,SHORT,PERIOD_M5,double_top,double_top,4.200,none,0.000,double_top,4.200,none,0.000,SHORT,false,PERIOD_H1_NONE_dow_range_or_transition|PERIOD_M15_SHORT_structure_trend_bias_dow_trend_down_ll_lh,true,h1_counter_m15_reversal,true,top_NONE_dow_range_or_transition|structure_SHORT_structure_trend_bias_dow_trend_down_ll_lh|structure_break_recent_confirmed_swing_break_failed|primary_break_recent_confirmed_swing_break_failed,none,below_75sma_falling,below_75sma_falling,above_75sma_flat_or_falling,-1,0.00000000,-1,0.00000000,false,off,NONE,NONE,0.00000000,0.00000000,0.0000,none,0.000,true,SHORT,return_low_break_or_bos_down,161.88000000,9,162.07700000,161.72900000,false,off,independent,false,,,false,0.0000,none,0.0000,0.0000,none,0.0000,0.0000,0.0000,none,0.0000,0,0,0.0000,none,none,none,none,0.0000,0,0.0000,none,false,true,not_evaluated,true,required_light_or_anchor_flip,short_bias,161.88000000,2025.04.29 22:00:00,162.16600000,2025.04.29 23:45:00,2025.04.30 00:30:00,false,NONE,0.00000000,0.00000000,0.0000,-1,false,,-1,NONE,0.00000000,0.00000000,0.0000,0.0000,none,,none,false,NONE,-1,-1,-1,false,false,none,true,false,false,true,none,true,required,false,PERIOD_M5,,,-1,0.0000,false,0.00000000,0.0000,false,0.0000,false,none,none,false,no_anchor_flip_in_entry_direction,true,required_first_signal_only,SHORT,unknown,0.00000000,,0.00000000,,false,,-1,false,NONE,0.00000000,,0.00000000,0.0000,0.0000,none,-1,false,false,false,no_anchor_flip_in_entry_direction,,,,false,false,false,-1,-1,-1,-1,-1,false,false,false,0.0000,falling_n,false,162.16600000,161.72900000,3.7534,false,0.0000,0.0000,0,none,true,0.6522,deep_618_786,0.120,diagnostic_only,diagnostic_only,diagnostic_only,deep_pullback,6,0.360,true,none,0.510,high_quality,false,false,diagnostic_only,both,true,none,true,diagnostic_adjacent_detected,required_light,false,false,LONG,4,false,false,1,2025.04.30 00:40:00,2025.04.30 02:40:00,5,5.8983,0.00000000,161.87300000,161.87300000,false,false,none,0.00000000,false,0.0000,0.0000,false,1,0.0000,false,-1,0.00000000,0.0000,off,false,not_evaluated,none,0.0000,0.0000,none,false,false,false,0.0000,none,false,none,0.0000,false,none,2.3220,5.8983,0.3937,0.0000,true,strong_exhaustion,0.0000,none,none,false,false,none,0.0000,0.0000,0.0000,0.0000,none,false,false,0.0000,0.0000,false,false,-1,none,none,false,0.000,0.000,162.02200000,162.01000000,162.01000000,pre_session_high,0.00400000,0.0563,neckline_level,162.02200000,0.1356,false,true,true,false,not_blocked,4,1,3,m5_failure_exit,off,none,0.00000000,0.0000,1.30,161.92200000,4.200,-0.300,0.200,PERIOD_M15,162.07700000,161.72900000,0.8190,outside,0.000,true,162.01400000,162.08500000,0.07100000,161.92200000,1.296,0.05900000,31.00,0-30,true,false,none,not_consumed,4.300,4.300,none,0.0000,false,opposite_break_first,true,opposite_break_first,spread_too_high
2025.04.30 03:10:00,blocked,session_reversal_pullback_one_symbol_first120,EURJPY,SHORT,2025.04.30 03:05:00,3,0,9,tokyo,2025.04.30 00:00,5,first_120min,true,true,3,EURJPY,highest_score_in_session_bar,tokyo=USDJPY|EURJPY|GBPJPY|AUDJPY,existing_first120_gate,tokyo,false,false,true,passed_first_window,double_top,neckline_break_retest,162.02200000,PERIOD_M5,PERIOD_H1,PERIOD_M15,PERIOD_M5,PERIOD_M5,false,htf_soft_alignment,current_post_filter,transcript_post_filter,dow_range_or_transition,structure_trend_bias_dow_trend_down_ll_lh,dow_range_or_transition,structure_trend_bias_dow_trend_down_ll_lh,false,false,true,SHORT,PERIOD_M5,double_top,double_top,4.200,none,0.000,double_top,4.200,none,0.000,SHORT,false,PERIOD_H1_NONE_dow_range_or_transition|PERIOD_M15_SHORT_structure_trend_bias_dow_trend_down_ll_lh,true,h1_counter_m15_reversal,true,top_NONE_dow_range_or_transition|structure_SHORT_structure_trend_bias_dow_trend_down_ll_lh|structure_break_recent_confirmed_swing_break_failed|primary_break_recent_confirmed_swing_break_failed,none,below_75sma_falling,below_75sma_falling,above_75sma_flat_or_falling,-1,0.00000000,-1,0.00000000,false,off,NONE,NONE,0.00000000,0.00000000,0.0000,none,0.000,true,SHORT,return_low_break_or_bos_down,161.88000000,9,162.07700000,161.72900000,false,off,independent,false,,,false,0.0000,none,0.0000,0.0000,none,0.0000,0.0000,0.0000,none,0.0000,0,0,0.0000,none,none,none,none,0.0000,0,0.0000,none,false,true,not_evaluated,true,required_light_or_anchor_flip,short_bias,161.88000000,2025.04.29 22:00:00,162.16600000,2025.04.29 23:45:00,2025.04.30 00:30:00,false,NONE,0.00000000,0.00000000,0.0000,-1,false,,-1,NONE,0.00000000,0.00000000,0.0000,0.0000,none,,none,false,NONE,-1,-1,-1,false,false,none,true,false,false,true,none,true,required,false,PERIOD_M5,,,-1,0.0000,false,0.00000000,0.0000,false,0.0000,false,none,none,false,no_anchor_flip_in_entry_direction,true,required_first_signal_only,SHORT,unknown,0.00000000,,0.00000000,,false,,-1,false,NONE,0.00000000,,0.00000000,0.0000,0.0000,none,-1,false,false,false,no_anchor_flip_in_entry_direction,,,,false,false,false,-1,-1,-1,-1,-1,false,false,false,0.0000,falling_n,false,162.16600000,161.72900000,3.7534,false,0.0000,0.0000,0,none,true,0.6522,deep_618_786,0.120,diagnostic_only,diagnostic_only,diagnostic_only,deep_pullback,6,0.360,true,none,0.510,high_quality,false,false,diagnostic_only,both,true,none,true,diagnostic_adjacent_detected,required_light,false,false,LONG,4,false,false,1,2025.04.30 00:40:00,2025.04.30 02:40:00,5,5.8983,0.00000000,161.87300000,161.87300000,false,false,none,0.00000000,false,0.0000,0.0000,false,1,0.0000,false,-1,0.00000000,0.0000,off,false,not_evaluated,none,0.0000,0.0000,none,false,false,false,0.0000,none,false,none,0.0000,false,none,2.3220,5.8983,0.3937,0.0000,true,strong_exhaustion,0.0000,none,none,false,false,none,0.0000,0.0000,0.0000,0.0000,none,false,false,0.0000,0.0000,false,false,-1,none,none,false,0.000,0.000,162.02200000,162.01000000,162.01000000,pre_session_high,0.00400000,0.0563,neckline_level,162.02200000,0.1356,false,true,true,false,not_blocked,4,1,3,m5_failure_exit,off,none,0.00000000,0.0000,1.30,161.92200000,4.200,-0.300,0.200,PERIOD_M15,162.07700000,161.72900000,0.8190,outside,0.000,true,162.01400000,162.08500000,0.07100000,161.92200000,1.296,0.05900000,31.00,0-30,true,false,none,blocked_spread_too_high,4.300,4.300,none,0.0000,false,opposite_break_first,true,opposite_break_first,spread_too_high
2025.04.30 16:45:00,signal,session_reversal_pullback_one_symbol_first120,EURUSD,LONG,2025.04.30 16:40:00,16,13,22,london_newyork_overlap,2025.04.30 13:00,40,first_120min,true,true,3,EURUSD,highest_score_in_session_bar,london_newyork_overlap=USDJPY|EURJPY|GBPJPY|AUDJPY|EURUSD|GBPUSD,existing_first120_gate,london_newyork_overlap,false,false,true,passed_first_window,double_bottom,neckline_break_retest,1.13711000,PERIOD_M5,PERIOD_H1,PERIOD_M15,PERIOD_M5,PERIOD_M5,false,htf_soft_alignment,current_post_filter,transcript_post_filter,dow_range_or_transition,structure_trend_bias_dow_trend_down_ll_lh,dow_range_or_transition,structure_trend_bias_dow_trend_down_ll_lh,false,true,false,LONG,PERIOD_M5,double_bottom,double_bottom,4.200,none,0.000,double_bottom,4.200,none,0.000,LONG,false,PERIOD_H1_NONE_dow_range_or_transition|PERIOD_M15_SHORT_structure_trend_bias_dow_trend_down_ll_lh,true,h1_counter_m15_reversal,true,top_NONE_dow_range_or_transition|structure_SHORT_structure_trend_bias_dow_trend_down_ll_lh|structure_break_recent_confirmed_swing_break_failed|primary_break_recent_confirmed_swing_break_retest,none,below_75sma_flat_or_rising,below_75sma_falling,above_75sma_flat_or_falling,-1,0.00000000,0,1.13690000,false,off,NONE,NONE,0.00000000,0.00000000,0.0000,none,0.000,true,LONG,return_high_break_or_bos_up,1.13774000,4,1.13788000,1.13553000,false,off,independent,false,,,false,0.0000,none,0.0000,0.0000,none,0.0000,0.0000,0.0000,none,0.0000,0,0,0.0000,none,none,none,none,0.0000,0,0.0000,none,false,true,not_evaluated,true,required_light_or_anchor_flip,long_bias,1.13553000,2025.04.30 14:00:00,1.13788000,2025.04.30 12:30:00,2025.04.30 15:45:00,false,NONE,0.00000000,0.00000000,0.0000,-1,false,,-1,NONE,0.00000000,0.00000000,0.0000,0.0000,none,,none,false,NONE,-1,-1,-1,false,false,none,true,false,false,true,none,true,required,false,PERIOD_M5,,,-1,0.0000,false,0.00000000,0.0000,false,0.0000,false,none,none,false,no_anchor_flip_in_entry_direction,true,required_first_signal_only,LONG,unknown,0.00000000,,0.00000000,,false,,-1,false,NONE,0.00000000,,0.00000000,0.0000,0.0000,none,-1,false,false,false,no_anchor_flip_in_entry_direction,,,,false,false,false,-1,-1,-1,-1,-1,false,false,false,0.0000,range_n,true,1.13988000,1.13553000,4.1798,false,0.0000,0.0000,0,none,true,0.4421,preferred_382_618,0.200,diagnostic_only,diagnostic_only,diagnostic_only,shallow_pullback,10,0.440,true,none,0.590,high_quality,false,false,diagnostic_only,both,true,none,true,diagnostic_adjacent_detected,required_light,false,false,SHORT,6,false,false,1,2025.04.30 15:00:00,2025.04.30 15:45:00,11,2.7446,1.13881000,0.00000000,1.13881000,false,false,none,0.00000000,false,0.0000,0.0000,false,1,0.0000,false,-1,0.00000000,0.0000,off,false,not_evaluated,none,0.0000,0.0000,none,false,false,false,0.0000,none,false,none,0.0000,false,none,2.7446,1.7644,1.5556,0.5651,false,no_shrink,0.0000,none,none,false,false,none,0.0000,0.0000,0.0000,0.0000,none,false,false,0.0000,0.0000,false,false,-1,none,none,false,0.000,0.000,1.13756000,1.13711000,1.13768000,session_high,0.00032000,0.2222,opening_range_high|neckline_level,1.13756000,0.2306,false,true,false,false,not_blocked,4,4,0,m5_failure_exit,off,none,0.00000000,0.0000,1.30,1.13923000,4.200,-0.300,0.200,PERIOD_M15,1.13788000,1.13553000,0.2213,outside,0.000,true,1.13736000,1.13592000,0.00144000,1.13923000,1.299,0.00086714,18.00,30-60,true,false,none,not_consumed,4.500,4.500,none,0.0000,false,opposite_break_first,true,opposite_break_first,spread_too_high
2025.04.30 16:45:00,blocked,session_reversal_pullback_one_symbol_first120,EURUSD,LONG,2025.04.30 16:40:00,16,13,22,london_newyork_overlap,2025.04.30 13:00,40,first_120min,true,true,3,EURUSD,highest_score_in_session_bar,london_newyork_overlap=USDJPY|EURJPY|GBPJPY|AUDJPY|EURUSD|GBPUSD,existing_first120_gate,london_newyork_overlap,false,false,true,passed_first_window,double_bottom,neckline_break_retest,1.13711000,PERIOD_M5,PERIOD_H1,PERIOD_M15,PERIOD_M5,PERIOD_M5,false,htf_soft_alignment,current_post_filter,transcript_post_filter,dow_range_or_transition,structure_trend_bias_dow_trend_down_ll_lh,dow_range_or_transition,structure_trend_bias_dow_trend_down_ll_lh,false,true,false,LONG,PERIOD_M5,double_bottom,double_bottom,4.200,none,0.000,double_bottom,4.200,none,0.000,LONG,false,PERIOD_H1_NONE_dow_range_or_transition|PERIOD_M15_SHORT_structure_trend_bias_dow_trend_down_ll_lh,true,h1_counter_m15_reversal,true,top_NONE_dow_range_or_transition|structure_SHORT_structure_trend_bias_dow_trend_down_ll_lh|structure_break_recent_confirmed_swing_break_failed|primary_break_recent_confirmed_swing_break_retest,none,below_75sma_flat_or_rising,below_75sma_falling,above_75sma_flat_or_falling,-1,0.00000000,0,1.13690000,false,off,NONE,NONE,0.00000000,0.00000000,0.0000,none,0.000,true,LONG,return_high_break_or_bos_up,1.13774000,4,1.13788000,1.13553000,false,off,independent,false,,,false,0.0000,none,0.0000,0.0000,none,0.0000,0.0000,0.0000,none,0.0000,0,0,0.0000,none,none,none,none,0.0000,0,0.0000,none,false,true,not_evaluated,true,required_light_or_anchor_flip,long_bias,1.13553000,2025.04.30 14:00:00,1.13788000,2025.04.30 12:30:00,2025.04.30 15:45:00,false,NONE,0.00000000,0.00000000,0.0000,-1,false,,-1,NONE,0.00000000,0.00000000,0.0000,0.0000,none,,none,false,NONE,-1,-1,-1,false,false,none,true,false,false,true,none,true,required,false,PERIOD_M5,,,-1,0.0000,false,0.00000000,0.0000,false,0.0000,false,none,none,false,no_anchor_flip_in_entry_direction,true,required_first_signal_only,LONG,unknown,0.00000000,,0.00000000,,false,,-1,false,NONE,0.00000000,,0.00000000,0.0000,0.0000,none,-1,false,false,false,no_anchor_flip_in_entry_direction,,,,false,false,false,-1,-1,-1,-1,-1,false,false,false,0.0000,range_n,true,1.13988000,1.13553000,4.1798,false,0.0000,0.0000,0,none,true,0.4421,preferred_382_618,0.200,diagnostic_only,diagnostic_only,diagnostic_only,shallow_pullback,10,0.440,true,none,0.590,high_quality,false,false,diagnostic_only,both,true,none,true,diagnostic_adjacent_detected,required_light,false,false,SHORT,6,false,false,1,2025.04.30 15:00:00,2025.04.30 15:45:00,11,2.7446,1.13881000,0.00000000,1.13881000,false,false,none,0.00000000,false,0.0000,0.0000,false,1,0.0000,false,-1,0.00000000,0.0000,off,false,not_evaluated,none,0.0000,0.0000,none,false,false,false,0.0000,none,false,none,0.0000,false,none,2.7446,1.7644,1.5556,0.5651,false,no_shrink,0.0000,none,none,false,false,none,0.0000,0.0000,0.0000,0.0000,none,false,false,0.0000,0.0000,false,false,-1,none,none,false,0.000,0.000,1.13756000,1.13711000,1.13768000,session_high,0.00032000,0.2222,opening_range_high|neckline_level,1.13756000,0.2306,false,true,false,false,not_blocked,4,4,0,m5_failure_exit,off,none,0.00000000,0.0000,1.30,1.13923000,4.200,-0.300,0.200,PERIOD_M15,1.13788000,1.13553000,0.2213,outside,0.000,true,1.13736000,1.13592000,0.00144000,1.13923000,1.299,0.00086714,18.00,30-60,true,false,none,blocked_spread_too_high,4.500,4.500,none,0.0000,false,opposite_break_first,true,opposite_break_first,spread_too_high
2025.04.30 20:35:00,signal,session_reversal_pullback_one_symbol_first120,EURUSD,SHORT,2025.04.30 20:30:00,20,17,2,new_york,2025.04.30 16:00,90,first_120min,false,true,3,EURUSD,highest_score_in_session_bar,new_york=USDJPY|EURJPY|GBPJPY|AUDJPY|EURUSD|GBPUSD,existing_first120_gate,new_york,true,false,true,passed_first_window,sweep_high_reclaim,sweep_reclaim_retest,1.13629000,PERIOD_M5,PERIOD_H1,PERIOD_M15,PERIOD_M5,PERIOD_M5,false,htf_soft_alignment,current_post_filter,transcript_post_filter,dow_range_or_transition,structure_trend_bias_dow_trend_down_ll_lh,dow_range_or_transition,structure_trend_bias_dow_trend_down_ll_lh,false,false,true,SHORT,PERIOD_M5,sweep_high_reclaim,sweep_high_reclaim,3.400,none,0.000,sweep_high_reclaim,3.400,none,0.000,SHORT,false,PERIOD_H1_NONE_dow_range_or_transition|PERIOD_M15_SHORT_structure_trend_bias_dow_trend_down_ll_lh,true,h1_counter_m15_reversal,true,top_NONE_dow_range_or_transition|structure_SHORT_structure_trend_bias_dow_trend_down_ll_lh|structure_break_recent_confirmed_swing_break_failed|primary_break_recent_confirmed_swing_break_retest,none,below_75sma_flat_or_rising,below_75sma_falling,below_75sma_falling,-1,0.00000000,0,1.13643000,false,off,NONE,NONE,0.00000000,0.00000000,0.0000,none,0.000,true,SHORT,return_low_break_or_bos_down,1.13490000,6,1.13881000,1.13225000,false,off,independent,false,,,false,0.0000,none,0.0000,0.0000,none,0.0000,0.0000,0.0000,none,0.0000,0,0,0.0000,none,none,none,none,0.0000,0,0.0000,none,false,true,not_evaluated,true,required_light_or_anchor_flip,short_bias,1.13553000,2025.04.30 14:00:00,1.13786000,2025.04.30 17:45:00,2025.04.30 18:30:00,false,NONE,0.00000000,0.00000000,0.0000,-1,false,,-1,NONE,0.00000000,0.00000000,0.0000,0.0000,none,,none,false,NONE,-1,-1,-1,false,false,none,true,false,false,true,none,true,required,false,PERIOD_M5,,,-1,0.0000,false,0.00000000,0.0000,false,0.0000,false,none,none,false,no_anchor_flip_in_entry_direction,true,required_first_signal_only,SHORT,unknown,0.00000000,,0.00000000,,false,,-1,false,NONE,0.00000000,,0.00000000,0.0000,0.0000,none,-1,false,false,false,no_anchor_flip_in_entry_direction,,,,false,false,false,-1,-1,-1,-1,-1,false,false,false,0.0000,falling_n,false,1.13881000,1.13225000,4.2976,false,0.0000,0.0000,0,none,true,0.5457,preferred_382_618,0.200,diagnostic_only,diagnostic_only,diagnostic_only,shallow_pullback,24,0.400,true,none,0.550,medium_quality,false,false,diagnostic_only,both,true,none,true,diagnostic_adjacent_detected,required_light,false,false,LONG,6,false,false,2,2025.04.30 18:30:00,2025.04.30 20:00:00,6,7.5252,0.00000000,1.13471000,1.13471000,false,false,none,0.00000000,false,0.0000,0.0000,false,1,0.0000,false,-1,0.00000000,0.0000,off,false,not_evaluated,none,0.0000,0.0000,none,false,false,false,0.0000,none,false,none,0.0000,false,none,2.8267,6.4748,0.4366,1.0505,false,mild_exhaustion,0.0000,none,none,false,false,none,0.0000,0.0000,0.0000,0.0000,none,false,false,0.0000,0.0000,false,false,-1,none,none,false,0.000,0.000,1.13610000,1.13564000,1.13564000,opening_range_high,0.00019000,0.2879,neckline_level,1.13629000,0.8786,false,true,true,false,not_blocked,4,2,2,m5_failure_exit,off,none,0.00000000,0.0000,1.30,1.13497000,3.400,-0.300,0.200,PERIOD_M15,1.13786000,1.13225000,0.6381,deep_618_786,0.000,true,1.13583000,1.13649000,0.00066000,1.13497000,1.303,0.00052357,18.00,90-120,true,false,none,not_consumed,3.700,3.700,none,0.0000,false,opposite_break_first,true,opposite_break_first,spread_too_high
2025.04.30 20:35:00,blocked,session_reversal_pullback_one_symbol_first120,EURUSD,SHORT,2025.04.30 20:30:00,20,17,2,new_york,2025.04.30 16:00,90,first_120min,false,true,3,EURUSD,highest_score_in_session_bar,new_york=USDJPY|EURJPY|GBPJPY|AUDJPY|EURUSD|GBPUSD,existing_first120_gate,new_york,true,false,true,passed_first_window,sweep_high_reclaim,sweep_reclaim_retest,1.13629000,PERIOD_M5,PERIOD_H1,PERIOD_M15,PERIOD_M5,PERIOD_M5,false,htf_soft_alignment,current_post_filter,transcript_post_filter,dow_range_or_transition,structure_trend_bias_dow_trend_down_ll_lh,dow_range_or_transition,structure_trend_bias_dow_trend_down_ll_lh,false,false,true,SHORT,PERIOD_M5,sweep_high_reclaim,sweep_high_reclaim,3.400,none,0.000,sweep_high_reclaim,3.400,none,0.000,SHORT,false,PERIOD_H1_NONE_dow_range_or_transition|PERIOD_M15_SHORT_structure_trend_bias_dow_trend_down_ll_lh,true,h1_counter_m15_reversal,true,top_NONE_dow_range_or_transition|structure_SHORT_structure_trend_bias_dow_trend_down_ll_lh|structure_break_recent_confirmed_swing_break_failed|primary_break_recent_confirmed_swing_break_retest,none,below_75sma_flat_or_rising,below_75sma_falling,below_75sma_falling,-1,0.00000000,0,1.13643000,false,off,NONE,NONE,0.00000000,0.00000000,0.0000,none,0.000,true,SHORT,return_low_break_or_bos_down,1.13490000,6,1.13881000,1.13225000,false,off,independent,false,,,false,0.0000,none,0.0000,0.0000,none,0.0000,0.0000,0.0000,none,0.0000,0,0,0.0000,none,none,none,none,0.0000,0,0.0000,none,false,true,not_evaluated,true,required_light_or_anchor_flip,short_bias,1.13553000,2025.04.30 14:00:00,1.13786000,2025.04.30 17:45:00,2025.04.30 18:30:00,false,NONE,0.00000000,0.00000000,0.0000,-1,false,,-1,NONE,0.00000000,0.00000000,0.0000,0.0000,none,,none,false,NONE,-1,-1,-1,false,false,none,true,false,false,true,none,true,required,false,PERIOD_M5,,,-1,0.0000,false,0.00000000,0.0000,false,0.0000,false,none,none,false,no_anchor_flip_in_entry_direction,true,required_first_signal_only,SHORT,unknown,0.00000000,,0.00000000,,false,,-1,false,NONE,0.00000000,,0.00000000,0.0000,0.0000,none,-1,false,false,false,no_anchor_flip_in_entry_direction,,,,false,false,false,-1,-1,-1,-1,-1,false,false,false,0.0000,falling_n,false,1.13881000,1.13225000,4.2976,false,0.0000,0.0000,0,none,true,0.5457,preferred_382_618,0.200,diagnostic_only,diagnostic_only,diagnostic_only,shallow_pullback,24,0.400,true,none,0.550,medium_quality,false,false,diagnostic_only,both,true,none,true,diagnostic_adjacent_detected,required_light,false,false,LONG,6,false,false,2,2025.04.30 18:30:00,2025.04.30 20:00:00,6,7.5252,0.00000000,1.13471000,1.13471000,false,false,none,0.00000000,false,0.0000,0.0000,false,1,0.0000,false,-1,0.00000000,0.0000,off,false,not_evaluated,none,0.0000,0.0000,none,false,false,false,0.0000,none,false,none,0.0000,false,none,2.8267,6.4748,0.4366,1.0505,false,mild_exhaustion,0.0000,none,none,false,false,none,0.0000,0.0000,0.0000,0.0000,none,false,false,0.0000,0.0000,false,false,-1,none,none,false,0.000,0.000,1.13610000,1.13564000,1.13564000,opening_range_high,0.00019000,0.2879,neckline_level,1.13629000,0.8786,false,true,true,false,not_blocked,4,2,2,m5_failure_exit,off,none,0.00000000,0.0000,1.30,1.13497000,3.400,-0.300,0.200,PERIOD_M15,1.13786000,1.13225000,0.6381,deep_618_786,0.000,true,1.13583000,1.13649000,0.00066000,1.13497000,1.303,0.00052357,18.00,90-120,true,false,none,blocked_spread_too_high,3.700,3.700,none,0.0000,false,opposite_break_first,true,opposite_break_first,spread_too_high
2025.05.02 04:50:00,signal,session_reversal_pullback_one_symbol_first120,USDJPY,SHORT,2025.05.02 04:45:00,4,1,10,tokyo,2025.05.02 00:00,105,first_120min,false,true,3,USDJPY,highest_score_in_session_bar,tokyo=USDJPY|EURJPY|GBPJPY|AUDJPY,existing_first120_gate,tokyo,false,false,true,passed_first_window,double_top,neckline_break_retest,145.56700000,PERIOD_M5,PERIOD_H1,PERIOD_M15,PERIOD_M5,PERIOD_M5,false,htf_soft_alignment,current_post_filter,transcript_post_filter,dow_trend_up_hh_hl,no_ordered_dow_wave3_break,dow_trend_up_hh_hl,no_ordered_dow_wave3_break,false,false,true,SHORT,PERIOD_M5,double_top,double_top,4.200,none,0.000,double_top,4.200,none,0.000,SHORT,false,PERIOD_H1_LONG_dow_trend_up_hh_hl|PERIOD_M15_NONE_no_ordered_dow_wave3_break,true,h1_counter_m15_reversal,true,top_LONG_dow_trend_up_hh_hl|structure_NONE_no_ordered_dow_wave3_break|structure_break_recent_confirmed_swing_break_failed|primary_break_recent_confirmed_swing_break_retest,none,above_75sma_rising,above_75sma_rising,below_75sma_falling,-1,0.00000000,0,145.51600000,false,off,NONE,NONE,0.00000000,0.00000000,0.0000,none,0.000,true,SHORT,return_low_break_or_bos_down,145.34600000,11,145.91800000,145.20600000,false,off,independent,false,,,false,0.0000,none,0.0000,0.0000,none,0.0000,0.0000,0.0000,none,0.0000,0,0,0.0000,none,none,none,none,0.0000,0,0.0000,none,false,true,not_evaluated,true,required_light_or_anchor_flip,long_bias,145.31500000,2025.05.02 03:00:00,145.55000000,2025.05.01 23:30:00,2025.05.02 03:30:00,false,NONE,0.00000000,0.00000000,0.0000,-1,false,,-1,NONE,0.00000000,0.00000000,0.0000,0.0000,none,,none,false,NONE,-1,-1,-1,false,false,none,false,true,false,true,none,true,required,false,PERIOD_M5,,,-1,0.0000,false,0.00000000,0.0000,false,0.0000,false,none,none,false,no_anchor_flip_in_entry_direction,true,required_first_signal_only,SHORT,unknown,0.00000000,,0.00000000,,false,,-1,false,NONE,0.00000000,,0.00000000,0.0000,0.0000,none,-1,false,false,false,no_anchor_flip_in_entry_direction,,,,false,false,false,-1,-1,-1,-1,-1,false,false,false,0.0000,rising_n,false,145.91800000,145.20600000,4.4941,false,0.0000,0.0000,0,none,true,0.3806,shallow_236_382,0.080,diagnostic_only,diagnostic_only,diagnostic_only,fib_pullback,4,0.320,true,none,0.470,high_quality,false,false,diagnostic_only,both,true,none,true,diagnostic_adjacent_detected,required_light,false,false,LONG,4,false,false,2,2025.05.02 02:40:00,2025.05.02 04:15:00,6,5.9159,0.00000000,145.51600000,145.51600000,true,true,m5_hl_close_break_down,145.51600000,true,0.3826,0.7162,true,1,0.0000,false,0,145.51600000,0.5102,off,false,not_evaluated,none,0.8667,0.1333,very_strong,false,false,false,0.0000,no_following_closed_bar,false,none,0.0000,false,no_retest,3.9439,2.8157,1.4007,3.1002,false,no_shrink,0.0000,none,none,false,false,none,0.0000,0.0000,0.0000,0.0000,none,false,false,0.0000,0.0000,false,false,-1,none,none,false,0.000,0.000,145.51600000,145.32500000,145.32500000,pre_session_low,0.15200000,0.6941,neckline_level,145.56700000,0.8830,false,true,true,false,not_blocked,5,4,1,m5_failure_exit,off,none,0.00000000,0.0000,1.30,145.19200000,4.200,-0.300,0.200,PERIOD_M15,145.91800000,145.31500000,0.2687,outside,0.000,true,145.47700000,145.69600000,0.21900000,145.19200000,1.301,0.10192857,16.00,90-120,true,false,none,not_consumed,4.500,4.500,none,0.0000,false,opposite_break_first,true,opposite_break_first,session_invalidated
2025.05.02 04:50:00,blocked,session_reversal_pullback_one_symbol_first120,USDJPY,SHORT,2025.05.02 04:45:00,4,1,10,tokyo,2025.05.02 00:00,105,first_120min,false,true,3,USDJPY,highest_score_in_session_bar,tokyo=USDJPY|EURJPY|GBPJPY|AUDJPY,existing_first120_gate,tokyo,false,false,true,passed_first_window,double_top,neckline_break_retest,145.56700000,PERIOD_M5,PERIOD_H1,PERIOD_M15,PERIOD_M5,PERIOD_M5,false,htf_soft_alignment,current_post_filter,transcript_post_filter,dow_trend_up_hh_hl,no_ordered_dow_wave3_break,dow_trend_up_hh_hl,no_ordered_dow_wave3_break,false,false,true,SHORT,PERIOD_M5,double_top,double_top,4.200,none,0.000,double_top,4.200,none,0.000,SHORT,false,PERIOD_H1_LONG_dow_trend_up_hh_hl|PERIOD_M15_NONE_no_ordered_dow_wave3_break,true,h1_counter_m15_reversal,true,top_LONG_dow_trend_up_hh_hl|structure_NONE_no_ordered_dow_wave3_break|structure_break_recent_confirmed_swing_break_failed|primary_break_recent_confirmed_swing_break_retest,none,above_75sma_rising,above_75sma_rising,below_75sma_falling,-1,0.00000000,0,145.51600000,false,off,NONE,NONE,0.00000000,0.00000000,0.0000,none,0.000,true,SHORT,return_low_break_or_bos_down,145.34600000,11,145.91800000,145.20600000,false,off,independent,false,,,false,0.0000,none,0.0000,0.0000,none,0.0000,0.0000,0.0000,none,0.0000,0,0,0.0000,none,none,none,none,0.0000,0,0.0000,none,false,true,not_evaluated,true,required_light_or_anchor_flip,long_bias,145.31500000,2025.05.02 03:00:00,145.55000000,2025.05.01 23:30:00,2025.05.02 03:30:00,false,NONE,0.00000000,0.00000000,0.0000,-1,false,,-1,NONE,0.00000000,0.00000000,0.0000,0.0000,none,,none,false,NONE,-1,-1,-1,false,false,none,false,true,false,true,none,true,required,false,PERIOD_M5,,,-1,0.0000,false,0.00000000,0.0000,false,0.0000,false,none,none,false,no_anchor_flip_in_entry_direction,true,required_first_signal_only,SHORT,unknown,0.00000000,,0.00000000,,false,,-1,false,NONE,0.00000000,,0.00000000,0.0000,0.0000,none,-1,false,false,false,no_anchor_flip_in_entry_direction,,,,false,false,false,-1,-1,-1,-1,-1,false,false,false,0.0000,rising_n,false,145.91800000,145.20600000,4.4941,false,0.0000,0.0000,0,none,true,0.3806,shallow_236_382,0.080,diagnostic_only,diagnostic_only,diagnostic_only,fib_pullback,4,0.320,true,none,0.470,high_quality,false,false,diagnostic_only,both,true,none,true,diagnostic_adjacent_detected,required_light,false,false,LONG,4,false,false,2,2025.05.02 02:40:00,2025.05.02 04:15:00,6,5.9159,0.00000000,145.51600000,145.51600000,true,true,m5_hl_close_break_down,145.51600000,true,0.3826,0.7162,true,1,0.0000,false,0,145.51600000,0.5102,off,false,not_evaluated,none,0.8667,0.1333,very_strong,false,false,false,0.0000,no_following_closed_bar,false,none,0.0000,false,no_retest,3.9439,2.8157,1.4007,3.1002,false,no_shrink,0.0000,none,none,false,false,none,0.0000,0.0000,0.0000,0.0000,none,false,false,0.0000,0.0000,false,false,-1,none,none,false,0.000,0.000,145.51600000,145.32500000,145.32500000,pre_session_low,0.15200000,0.6941,neckline_level,145.56700000,0.8830,false,true,true,false,not_blocked,5,4,1,m5_failure_exit,off,none,0.00000000,0.0000,1.30,145.19200000,4.200,-0.300,0.200,PERIOD_M15,145.91800000,145.31500000,0.2687,outside,0.000,true,145.47700000,145.69600000,0.21900000,145.19200000,1.301,0.10192857,16.00,90-120,true,false,none,blocked_session_invalidated,4.500,4.500,none,0.0000,false,opposite_break_first,true,opposite_break_first,session_invalidated
2025.05.02 11:15:01,signal,session_reversal_pullback_one_symbol_first120,EURJPY,SHORT,2025.05.02 11:10:00,11,8,17,london,2025.05.02 07:00,70,first_120min,false,true,3,EURJPY,highest_score_in_session_bar,london=USDJPY|EURJPY|GBPJPY|AUDJPY|EURUSD|GBPUSD,existing_first120_gate,london,false,false,true,passed_first_window,head_and_shoulders,neckline_break_retest,164.35700000,PERIOD_M5,PERIOD_H1,PERIOD_M15,PERIOD_M5,PERIOD_M5,false,htf_soft_alignment,current_post_filter,transcript_post_filter,dow_trend_up_hh_hl,no_ordered_dow_wave3_break,dow_trend_up_hh_hl,no_ordered_dow_wave3_break,false,false,true,SHORT,PERIOD_M5,head_and_shoulders,head_and_shoulders,4.500,none,0.000,head_and_shoulders,4.500,none,0.000,SHORT,false,PERIOD_H1_LONG_dow_trend_up_hh_hl|PERIOD_M15_NONE_no_ordered_dow_wave3_break,true,h1_counter_m15_reversal,true,top_LONG_dow_trend_up_hh_hl|structure_NONE_no_ordered_dow_wave3_break|structure_break_recent_confirmed_swing_break_failed|primary_break_recent_confirmed_swing_break_continuation,none,above_75sma_rising,above_75sma_rising,below_75sma_flat_or_rising,-1,0.00000000,0,164.43900000,false,off,NONE,NONE,0.00000000,0.00000000,0.0000,none,0.000,true,SHORT,return_low_break_or_bos_down,164.23100000,10,164.50900000,164.20400000,false,off,independent,false,,,false,0.0000,none,0.0000,0.0000,none,0.0000,0.0000,0.0000,none,0.0000,0,0,0.0000,none,none,none,none,0.0000,0,0.0000,none,false,true,not_evaluated,true,required_light_or_anchor_flip,long_bias,164.20400000,2025.05.02 08:45:00,164.36300000,2025.05.02 05:30:00,2025.05.02 09:45:00,false,NONE,0.00000000,0.00000000,0.0000,-1,false,,-1,NONE,0.00000000,0.00000000,0.0000,0.0000,none,,none,false,NONE,-1,-1,-1,false,false,none,false,true,false,true,none,true,required,false,PERIOD_M5,,,-1,0.0000,false,0.00000000,0.0000,false,0.0000,false,none,none,false,no_anchor_flip_in_entry_direction,true,required_first_signal_only,SHORT,unknown,0.00000000,,0.00000000,,false,,-1,false,NONE,0.00000000,,0.00000000,0.0000,0.0000,none,-1,false,false,false,no_anchor_flip_in_entry_direction,,,,false,false,false,-1,-1,-1,-1,-1,false,false,false,0.0000,rising_n,false,164.62300000,164.20400000,3.3927,false,0.0000,0.0000,0,none,true,0.4000,preferred_382_618,0.200,diagnostic_only,diagnostic_only,diagnostic_only,shallow_pullback,5,0.440,true,none,0.590,high_quality,false,false,diagnostic_only,both,true,none,true,diagnostic_adjacent_detected,required_light,false,false,LONG,4,false,false,1,2025.05.02 08:45:00,2025.05.02 10:35:00,7,3.6310,0.00000000,164.31000000,164.31000000,false,false,none,0.00000000,false,0.0000,0.0000,false,1,0.0000,false,-1,0.00000000,0.0000,off,false,not_evaluated,none,0.0000,0.0000,none,false,false,false,0.0000,none,false,none,0.0000,false,none,2.0952,3.6310,0.5770,0.0000,true,strong_exhaustion,0.0000,none,none,false,false,none,0.0000,0.0000,0.0000,0.0000,none,false,false,0.0000,0.0000,false,false,-1,none,none,false,0.000,0.000,164.35700000,164.31613333,164.31613333,recent_equal_lows,0.00986667,0.0570,session_low|opening_range_low|neckline_level,164.31000000,0.1905,false,true,true,false,not_blocked,5,3,2,m5_failure_exit,off,none,0.00000000,0.0000,1.30,164.10100000,4.500,-0.300,0.200,PERIOD_M15,164.50900000,164.20400000,0.4000,preferred_382_618,0.000,true,164.32600000,164.49900000,0.17300000,164.10100000,1.301,0.08400000,30.00,60-90,true,false,none,not_consumed,4.800,4.800,none,0.0000,false,neckline_retest_failed,false,not_invalidated,spread_too_high
2025.05.02 11:15:01,blocked,session_reversal_pullback_one_symbol_first120,EURJPY,SHORT,2025.05.02 11:10:00,11,8,17,london,2025.05.02 07:00,70,first_120min,false,true,3,EURJPY,highest_score_in_session_bar,london=USDJPY|EURJPY|GBPJPY|AUDJPY|EURUSD|GBPUSD,existing_first120_gate,london,false,false,true,passed_first_window,head_and_shoulders,neckline_break_retest,164.35700000,PERIOD_M5,PERIOD_H1,PERIOD_M15,PERIOD_M5,PERIOD_M5,false,htf_soft_alignment,current_post_filter,transcript_post_filter,dow_trend_up_hh_hl,no_ordered_dow_wave3_break,dow_trend_up_hh_hl,no_ordered_dow_wave3_break,false,false,true,SHORT,PERIOD_M5,head_and_shoulders,head_and_shoulders,4.500,none,0.000,head_and_shoulders,4.500,none,0.000,SHORT,false,PERIOD_H1_LONG_dow_trend_up_hh_hl|PERIOD_M15_NONE_no_ordered_dow_wave3_break,true,h1_counter_m15_reversal,true,top_LONG_dow_trend_up_hh_hl|structure_NONE_no_ordered_dow_wave3_break|structure_break_recent_confirmed_swing_break_failed|primary_break_recent_confirmed_swing_break_continuation,none,above_75sma_rising,above_75sma_rising,below_75sma_flat_or_rising,-1,0.00000000,0,164.43900000,false,off,NONE,NONE,0.00000000,0.00000000,0.0000,none,0.000,true,SHORT,return_low_break_or_bos_down,164.23100000,10,164.50900000,164.20400000,false,off,independent,false,,,false,0.0000,none,0.0000,0.0000,none,0.0000,0.0000,0.0000,none,0.0000,0,0,0.0000,none,none,none,none,0.0000,0,0.0000,none,false,true,not_evaluated,true,required_light_or_anchor_flip,long_bias,164.20400000,2025.05.02 08:45:00,164.36300000,2025.05.02 05:30:00,2025.05.02 09:45:00,false,NONE,0.00000000,0.00000000,0.0000,-1,false,,-1,NONE,0.00000000,0.00000000,0.0000,0.0000,none,,none,false,NONE,-1,-1,-1,false,false,none,false,true,false,true,none,true,required,false,PERIOD_M5,,,-1,0.0000,false,0.00000000,0.0000,false,0.0000,false,none,none,false,no_anchor_flip_in_entry_direction,true,required_first_signal_only,SHORT,unknown,0.00000000,,0.00000000,,false,,-1,false,NONE,0.00000000,,0.00000000,0.0000,0.0000,none,-1,false,false,false,no_anchor_flip_in_entry_direction,,,,false,false,false,-1,-1,-1,-1,-1,false,false,false,0.0000,rising_n,false,164.62300000,164.20400000,3.3927,false,0.0000,0.0000,0,none,true,0.4000,preferred_382_618,0.200,diagnostic_only,diagnostic_only,diagnostic_only,shallow_pullback,5,0.440,true,none,0.590,high_quality,false,false,diagnostic_only,both,true,none,true,diagnostic_adjacent_detected,required_light,false,false,LONG,4,false,false,1,2025.05.02 08:45:00,2025.05.02 10:35:00,7,3.6310,0.00000000,164.31000000,164.31000000,false,false,none,0.00000000,false,0.0000,0.0000,false,1,0.0000,false,-1,0.00000000,0.0000,off,false,not_evaluated,none,0.0000,0.0000,none,false,false,false,0.0000,none,false,none,0.0000,false,none,2.0952,3.6310,0.5770,0.0000,true,strong_exhaustion,0.0000,none,none,false,false,none,0.0000,0.0000,0.0000,0.0000,none,false,false,0.0000,0.0000,false,false,-1,none,none,false,0.000,0.000,164.35700000,164.31613333,164.31613333,recent_equal_lows,0.00986667,0.0570,session_low|opening_range_low|neckline_level,164.31000000,0.1905,false,true,true,false,not_blocked,5,3,2,m5_failure_exit,off,none,0.00000000,0.0000,1.30,164.10100000,4.500,-0.300,0.200,PERIOD_M15,164.50900000,164.20400000,0.4000,preferred_382_618,0.000,true,164.32600000,164.49900000,0.17300000,164.10100000,1.301,0.08400000,30.00,60-90,true,false,none,blocked_spread_too_high,4.800,4.800,none,0.0000,false,neckline_retest_failed,false,not_invalidated,spread_too_high
2025.05.02 16:35:00,signal,session_reversal_pullback_one_symbol_first120,AUDJPY,SHORT,2025.05.02 16:30:00,16,13,22,london_newyork_overlap,2025.05.02 13:00,30,first_120min,true,true,3,AUDJPY,highest_score_in_session_bar,london_newyork_overlap=USDJPY|EURJPY|GBPJPY|AUDJPY|EURUSD|GBPUSD,existing_first120_gate,london_newyork_overlap,false,false,true,passed_first_window,head_and_shoulders,neckline_break_retest,93.10200000,PERIOD_M5,PERIOD_H1,PERIOD_M15,PERIOD_M5,PERIOD_M5,false,htf_soft_alignment,current_post_filter,transcript_post_filter,dow_trend_up_hh_hl,structure_trend_bias_dow_trend_down_ll_lh,dow_trend_up_hh_hl,structure_trend_bias_dow_trend_down_ll_lh,false,true,true,SHORT,PERIOD_M5,head_and_shoulders,head_and_shoulders,4.500,none,0.000,head_and_shoulders,4.500,none,0.000,SHORT,false,PERIOD_H1_LONG_dow_trend_up_hh_hl|PERIOD_M15_SHORT_structure_trend_bias_dow_trend_down_ll_lh,true,h1_counter_m15_reversal,true,top_LONG_dow_trend_up_hh_hl|structure_SHORT_structure_trend_bias_dow_trend_down_ll_lh|structure_break_recent_confirmed_swing_break_failed|primary_break_recent_confirmed_swing_break_retest,none,above_75sma_rising,above_75sma_rising,below_75sma_falling,-1,0.00000000,0,93.04900000,false,off,NONE,NONE,0.00000000,0.00000000,0.0000,none,0.000,true,SHORT,return_low_break_or_bos_down,92.93000000,4,93.29600000,92.84500000,false,off,independent,false,,,false,0.0000,none,0.0000,0.0000,none,0.0000,0.0000,0.0000,none,0.0000,0,0,0.0000,none,none,none,none,0.0000,0,0.0000,none,false,true,not_evaluated,true,required_light_or_anchor_flip,bias_flip_up,92.57800000,2025.05.02 00:00:00,93.15700000,2025.05.02 13:00:00,2025.05.02 15:15:00,true,LONG,93.15700000,93.21600000,0.4286,2,true,2025.05.02 15:45:00,2,LONG,93.15700000,93.21600000,0.4286,0.7628,strong,2025.05.02 16:00:00,first_after_anchor,true,LONG,2,1,2,true,false,fresh_0_4,false,true,false,true,none,true,required,false,PERIOD_M5,,,-1,0.0000,false,0.00000000,0.0000,false,0.0000,false,none,none,false,no_anchor_flip_in_entry_direction,true,required_first_signal_only,SHORT,unknown,0.00000000,,0.00000000,,false,,-1,false,NONE,0.00000000,,0.00000000,0.0000,0.0000,none,-1,false,false,false,no_anchor_flip_in_entry_direction,,,,false,false,false,-1,-1,-1,-1,-1,false,false,false,0.0000,falling_n,false,93.22800000,92.84500000,2.7826,true,0.7628,0.4588,1,strong,true,0.4368,preferred_382_618,0.200,diagnostic_only,diagnostic_only,diagnostic_only,shallow_pullback,24,0.400,true,none,0.550,high_quality,false,false,diagnostic_only,both,true,none,true,diagnostic_adjacent_detected,required_light,false,false,LONG,6,false,false,1,2025.05.02 14:35:00,2025.05.02 15:45:00,9,3.9023,0.00000000,92.84500000,92.84500000,false,false,none,0.00000000,false,0.0000,0.0000,false,1,0.0000,false,-1,0.00000000,0.0000,off,false,not_evaluated,none,0.0000,0.0000,none,false,false,false,0.0000,none,false,none,0.0000,false,none,3.9023,1.3412,2.9097,2.1805,false,no_shrink,0.0000,none,none,false,false,none,0.0000,0.0000,0.0000,0.0000,none,false,false,0.0000,0.0000,false,false,-1,none,none,false,0.000,0.000,93.04400000,93.00000000,93.00000000,round_number,0.04200000,0.1981,neckline_level,93.10200000,0.5192,false,true,true,false,not_blocked,7,5,2,m5_failure_exit,off,none,0.00000000,0.0000,1.30,92.76700000,4.500,-0.300,0.200,PERIOD_M15,93.15700000,92.84500000,0.6314,deep_618_786,0.000,true,93.04200000,93.25400000,0.21200000,92.76700000,1.297,0.11557143,28.00,30-60,true,false,none,not_consumed,4.800,4.800,none,0.0000,false,neckline_retest_failed,false,not_invalidated,spread_too_high
2025.05.02 16:35:00,blocked,session_reversal_pullback_one_symbol_first120,AUDJPY,SHORT,2025.05.02 16:30:00,16,13,22,london_newyork_overlap,2025.05.02 13:00,30,first_120min,true,true,3,AUDJPY,highest_score_in_session_bar,london_newyork_overlap=USDJPY|EURJPY|GBPJPY|AUDJPY|EURUSD|GBPUSD,existing_first120_gate,london_newyork_overlap,false,false,true,passed_first_window,head_and_shoulders,neckline_break_retest,93.10200000,PERIOD_M5,PERIOD_H1,PERIOD_M15,PERIOD_M5,PERIOD_M5,false,htf_soft_alignment,current_post_filter,transcript_post_filter,dow_trend_up_hh_hl,structure_trend_bias_dow_trend_down_ll_lh,dow_trend_up_hh_hl,structure_trend_bias_dow_trend_down_ll_lh,false,true,true,SHORT,PERIOD_M5,head_and_shoulders,head_and_shoulders,4.500,none,0.000,head_and_shoulders,4.500,none,0.000,SHORT,false,PERIOD_H1_LONG_dow_trend_up_hh_hl|PERIOD_M15_SHORT_structure_trend_bias_dow_trend_down_ll_lh,true,h1_counter_m15_reversal,true,top_LONG_dow_trend_up_hh_hl|structure_SHORT_structure_trend_bias_dow_trend_down_ll_lh|structure_break_recent_confirmed_swing_break_failed|primary_break_recent_confirmed_swing_break_retest,none,above_75sma_rising,above_75sma_rising,below_75sma_falling,-1,0.00000000,0,93.04900000,false,off,NONE,NONE,0.00000000,0.00000000,0.0000,none,0.000,true,SHORT,return_low_break_or_bos_down,92.93000000,4,93.29600000,92.84500000,false,off,independent,false,,,false,0.0000,none,0.0000,0.0000,none,0.0000,0.0000,0.0000,none,0.0000,0,0,0.0000,none,none,none,none,0.0000,0,0.0000,none,false,true,not_evaluated,true,required_light_or_anchor_flip,bias_flip_up,92.57800000,2025.05.02 00:00:00,93.15700000,2025.05.02 13:00:00,2025.05.02 15:15:00,true,LONG,93.15700000,93.21600000,0.4286,2,true,2025.05.02 15:45:00,2,LONG,93.15700000,93.21600000,0.4286,0.7628,strong,2025.05.02 16:00:00,first_after_anchor,true,LONG,2,1,2,true,false,fresh_0_4,false,true,false,true,none,true,required,false,PERIOD_M5,,,-1,0.0000,false,0.00000000,0.0000,false,0.0000,false,none,none,false,no_anchor_flip_in_entry_direction,true,required_first_signal_only,SHORT,unknown,0.00000000,,0.00000000,,false,,-1,false,NONE,0.00000000,,0.00000000,0.0000,0.0000,none,-1,false,false,false,no_anchor_flip_in_entry_direction,,,,false,false,false,-1,-1,-1,-1,-1,false,false,false,0.0000,falling_n,false,93.22800000,92.84500000,2.7826,true,0.7628,0.4588,1,strong,true,0.4368,preferred_382_618,0.200,diagnostic_only,diagnostic_only,diagnostic_only,shallow_pullback,24,0.400,true,none,0.550,high_quality,false,false,diagnostic_only,both,true,none,true,diagnostic_adjacent_detected,required_light,false,false,LONG,6,false,false,1,2025.05.02 14:35:00,2025.05.02 15:45:00,9,3.9023,0.00000000,92.84500000,92.84500000,false,false,none,0.00000000,false,0.0000,0.0000,false,1,0.0000,false,-1,0.00000000,0.0000,off,false,not_evaluated,none,0.0000,0.0000,none,false,false,false,0.0000,none,false,none,0.0000,false,none,3.9023,1.3412,2.9097,2.1805,false,no_shrink,0.0000,none,none,false,false,none,0.0000,0.0000,0.0000,0.0000,none,false,false,0.0000,0.0000,false,false,-1,none,none,false,0.000,0.000,93.04400000,93.00000000,93.00000000,round_number,0.04200000,0.1981,neckline_level,93.10200000,0.5192,false,true,true,false,not_blocked,7,5,2,m5_failure_exit,off,none,0.00000000,0.0000,1.30,92.76700000,4.500,-0.300,0.200,PERIOD_M15,93.15700000,92.84500000,0.6314,deep_618_786,0.000,true,93.04200000,93.25400000,0.21200000,92.76700000,1.297,0.11557143,28.00,30-60,true,false,none,blocked_spread_too_high,4.800,4.800,none,0.0000,false,neckline_retest_failed,false,not_invalidated,spread_too_high
2025.05.02 19:10:00,signal,session_reversal_pullback_one_symbol_first120,EURUSD,SHORT,2025.05.02 19:05:00,19,16,1,new_york,2025.05.02 16:00,5,first_120min,true,true,3,EURUSD,highest_score_in_session_bar,new_york=USDJPY|EURJPY|GBPJPY|AUDJPY|EURUSD|GBPUSD,existing_first120_gate,new_york,false,false,true,passed_first_window,head_and_shoulders,neckline_break_retest,1.13327000,PERIOD_M5,PERIOD_H1,PERIOD_M15,PERIOD_M5,PERIOD_M5,false,htf_soft_alignment,current_post_filter,transcript_post_filter,dow_range_or_transition,no_ordered_dow_wave3_break,dow_range_or_transition,no_ordered_dow_wave3_break,false,false,true,SHORT,PERIOD_M5,head_and_shoulders,head_and_shoulders,4.500,none,0.000,head_and_shoulders,4.500,none,0.000,SHORT,false,PERIOD_H1_NONE_dow_range_or_transition|PERIOD_M15_NONE_no_ordered_dow_wave3_break,true,h1_counter_m15_reversal,true,top_NONE_dow_range_or_transition|structure_NONE_no_ordered_dow_wave3_break|structure_break_recent_confirmed_swing_break_retest|primary_break_recent_confirmed_swing_break_continuation,none,below_75sma_falling,above_75sma_rising,below_75sma_falling,11,1.13233000,0,1.13591000,false,off,NONE,NONE,0.00000000,0.00000000,0.0000,none,0.000,true,SHORT,return_low_break_or_bos_down,1.13233000,11,1.13803000,1.13033000,false,off,independent,false,,,false,0.0000,none,0.0000,0.0000,none,0.0000,0.0000,0.0000,none,0.0000,0,0,0.0000,none,none,none,none,0.0000,0,0.0000,none,false,true,not_evaluated,true,required_light_or_anchor_flip,long_bias,1.13033000,2025.05.02 15:30:00,1.13498000,2025.05.02 14:30:00,2025.05.02 17:00:00,false,NONE,0.00000000,0.00000000,0.0000,-1,false,,-1,NONE,0.00000000,0.00000000,0.0000,0.0000,none,,none,false,NONE,-1,-1,-1,false,false,none,false,true,false,true,none,true,required,false,PERIOD_M5,,,-1,0.0000,false,0.00000000,0.0000,false,0.0000,false,none,none,false,no_anchor_flip_in_entry_direction,true,required_first_signal_only,SHORT,unknown,0.00000000,,0.00000000,,false,,-1,false,NONE,0.00000000,,0.00000000,0.0000,0.0000,none,-1,false,false,false,no_anchor_flip_in_entry_direction,,,,false,false,false,-1,-1,-1,-1,-1,false,false,false,0.0000,rising_n,false,1.13803000,1.13033000,4.0059,false,0.0000,0.0000,0,none,true,0.3740,shallow_236_382,0.080,diagnostic_only,diagnostic_only,diagnostic_only,shallow_pullback,7,0.320,true,none,0.470,high_quality,false,false,diagnostic_only,both,true,none,true,diagnostic_adjacent_detected,required_light,false,false,LONG,4,false,false,1,2025.05.02 17:00:00,2025.05.02 17:45:00,16,2.5219,0.00000000,1.13591000,1.13591000,true,true,m5_hl_close_break_down,1.13591000,true,0.0647,0.7221,true,1,0.0000,false,12,1.13591000,0.0323,off,false,not_evaluated,none,0.6228,0.3772,normal,true,false,false,0.0000,held_clean,true,favorable_side,0.0400,true,clean_retest,1.6274,2.5219,0.6453,0.0000,true,strong_exhaustion,0.0000,none,none,false,false,none,0.0000,0.0000,0.0000,0.0000,none,false,false,0.0000,0.0000,false,false,-1,none,none,false,0.000,0.000,1.13327000,1.13291667,1.13291667,recent_equal_highs,0.00029333,0.2794,neckline_level,1.13327000,0.0647,false,true,true,false,not_blocked,7,4,3,m5_failure_exit,off,none,0.00000000,0.0000,1.30,1.13185000,4.500,-0.300,0.200,PERIOD_M15,1.13803000,1.13033000,0.3740,outside,0.000,true,1.13321000,1.13426000,0.00105000,1.13185000,1.295,0.00092786,18.00,0-30,true,false,none,not_consumed,5.150,5.150,none,0.0000,false,neckline_retest_failed,false,not_invalidated,
2025.05.02 19:10:00,order_sent,session_reversal_pullback_one_symbol_first120,EURUSD,SHORT,2025.05.02 19:05:00,19,16,1,new_york,2025.05.02 16:00,5,first_120min,true,true,3,EURUSD,highest_score_in_session_bar,new_york=USDJPY|EURJPY|GBPJPY|AUDJPY|EURUSD|GBPUSD,existing_first120_gate,new_york,false,false,true,passed_first_window,head_and_shoulders,neckline_break_retest,1.13327000,PERIOD_M5,PERIOD_H1,PERIOD_M15,PERIOD_M5,PERIOD_M5,false,htf_soft_alignment,current_post_filter,transcript_post_filter,dow_range_or_transition,no_ordered_dow_wave3_break,dow_range_or_transition,no_ordered_dow_wave3_break,false,false,true,SHORT,PERIOD_M5,head_and_shoulders,head_and_shoulders,4.500,none,0.000,head_and_shoulders,4.500,none,0.000,SHORT,false,PERIOD_H1_NONE_dow_range_or_transition|PERIOD_M15_NONE_no_ordered_dow_wave3_break,true,h1_counter_m15_reversal,true,top_NONE_dow_range_or_transition|structure_NONE_no_ordered_dow_wave3_break|structure_break_recent_confirmed_swing_break_retest|primary_break_recent_confirmed_swing_break_continuation,none,below_75sma_falling,above_75sma_rising,below_75sma_falling,11,1.13233000,0,1.13591000,false,off,NONE,NONE,0.00000000,0.00000000,0.0000,none,0.000,true,SHORT,return_low_break_or_bos_down,1.13233000,11,1.13803000,1.13033000,false,off,independent,false,,,false,0.0000,none,0.0000,0.0000,none,0.0000,0.0000,0.0000,none,0.0000,0,0,0.0000,none,none,none,none,0.0000,0,0.0000,none,false,true,not_evaluated,true,required_light_or_anchor_flip,long_bias,1.13033000,2025.05.02 15:30:00,1.13498000,2025.05.02 14:30:00,2025.05.02 17:00:00,false,NONE,0.00000000,0.00000000,0.0000,-1,false,,-1,NONE,0.00000000,0.00000000,0.0000,0.0000,none,,none,false,NONE,-1,-1,-1,false,false,none,false,true,false,true,none,true,required,false,PERIOD_M5,,,-1,0.0000,false,0.00000000,0.0000,false,0.0000,false,none,none,false,no_anchor_flip_in_entry_direction,true,required_first_signal_only,SHORT,unknown,0.00000000,,0.00000000,,false,,-1,false,NONE,0.00000000,,0.00000000,0.0000,0.0000,none,-1,false,false,false,no_anchor_flip_in_entry_direction,,,,false,false,false,-1,-1,-1,-1,-1,false,false,false,0.0000,rising_n,false,1.13803000,1.13033000,4.0059,false,0.0000,0.0000,0,none,true,0.3740,shallow_236_382,0.080,diagnostic_only,diagnostic_only,diagnostic_only,shallow_pullback,7,0.320,true,none,0.470,high_quality,false,false,diagnostic_only,both,true,none,true,diagnostic_adjacent_detected,required_light,false,false,LONG,4,false,false,1,2025.05.02 17:00:00,2025.05.02 17:45:00,16,2.5219,0.00000000,1.13591000,1.13591000,true,true,m5_hl_close_break_down,1.13591000,true,0.0647,0.7221,true,1,0.0000,false,12,1.13591000,0.0323,off,false,not_evaluated,none,0.6228,0.3772,normal,true,false,false,0.0000,held_clean,true,favorable_side,0.0400,true,clean_retest,1.6274,2.5219,0.6453,0.0000,true,strong_exhaustion,0.0000,none,none,false,false,none,0.0000,0.0000,0.0000,0.0000,none,false,false,0.0000,0.0000,false,false,-1,none,none,false,0.000,0.000,1.13327000,1.13291667,1.13291667,recent_equal_highs,0.00029333,0.2794,neckline_level,1.13327000,0.0647,false,true,true,false,not_blocked,7,4,3,m5_failure_exit,off,none,0.00000000,0.0000,1.30,1.13185000,4.500,-0.300,0.200,PERIOD_M15,1.13803000,1.13033000,0.3740,outside,0.000,true,1.13321000,1.13426000,0.00105000,1.13185000,1.295,0.00092786,18.00,0-30,true,false,none,order_sent,5.150,5.150,none,0.0000,false,neckline_retest_failed,false,not_invalidated,
2025.05.05 03:25:00,signal,session_reversal_pullback_one_symbol_first120,USDJPY,LONG,2025.05.05 03:20:00,3,0,9,tokyo,2025.05.05 00:00,20,first_120min,true,true,3,USDJPY,highest_score_in_session_bar,tokyo=USDJPY|EURJPY|GBPJPY|AUDJPY,existing_first120_gate,tokyo,false,false,true,passed_first_window,double_bottom,neckline_break_retest,144.65300000,PERIOD_M5,PERIOD_H1,PERIOD_M15,PERIOD_M5,PERIOD_M5,false,htf_soft_alignment,current_post_filter,transcript_post_filter,dow_trend_down_ll_lh,no_ordered_dow_wave3_break,dow_trend_down_ll_lh,no_ordered_dow_wave3_break,false,true,false,LONG,PERIOD_M5,double_bottom,double_bottom,4.200,none,0.000,double_bottom,4.200,none,0.000,LONG,false,PERIOD_H1_SHORT_dow_trend_down_ll_lh|PERIOD_M15_NONE_no_ordered_dow_wave3_break,true,h1_counter_m15_reversal,true,top_SHORT_dow_trend_down_ll_lh|structure_NONE_no_ordered_dow_wave3_break|structure_break_recent_confirmed_swing_break_failed|primary_break_recent_confirmed_swing_break_continuation,none,above_75sma_rising,above_75sma_flat_or_falling,below_75sma_flat_or_rising,-1,0.00000000,0,144.13300000,false,off,NONE,NONE,0.00000000,0.00000000,0.0000,none,0.000,true,LONG,return_high_break_or_bos_up,144.94600000,15,145.07600000,144.50100000,false,off,independent,false,,,false,0.0000,none,0.0000,0.0000,none,0.0000,0.0000,0.0000,none,0.0000,0,0,0.0000,none,none,none,none,0.0000,0,0.0000,none,false,true,not_evaluated,true,required_light_or_anchor_flip,long_bias,143.72000000,2025.05.02 17:00:00,144.94600000,2025.05.02 15:30:00,2025.05.02 21:30:00,false,NONE,0.00000000,0.00000000,0.0000,-1,false,,-1,NONE,0.00000000,0.00000000,0.0000,0.0000,none,,none,false,NONE,-1,-1,-1,false,false,none,true,false,false,true,none,true,required,false,PERIOD_M5,,,-1,0.0000,false,0.00000000,0.0000,false,0.0000,false,none,none,false,no_anchor_flip_in_entry_direction,true,required_first_signal_only,LONG,unknown,0.00000000,,0.00000000,,false,,-1,false,NONE,0.00000000,,0.00000000,0.0000,0.0000,none,-1,false,false,false,no_anchor_flip_in_entry_direction,,,,false,false,false,-1,-1,-1,-1,-1,false,false,false,0.0000,range_n,true,145.07600000,143.72000000,8.7243,false,0.0000,0.0000,0,none,true,0.5461,preferred_382_618,0.200,diagnostic_only,diagnostic_only,diagnostic_only,shallow_pullback,24,0.450,true,none,0.600,high_quality,false,false,diagnostic_only,both,true,none,true,diagnostic_adjacent_detected,required_light,false,false,SHORT,6,false,false,2,2025.05.05 01:05:00,2025.05.05 02:45:00,7,6.6517,144.85300000,0.00000000,144.85300000,false,false,none,0.00000000,false,0.0000,0.0000,false,1,0.0000,false,-1,0.00000000,0.0000,off,false,not_evaluated,none,0.0000,0.0000,none,false,false,false,0.0000,none,false,none,0.0000,false,none,4.8078,4.4390,1.0831,2.2127,false,no_shrink,0.0000,none,none,false,false,none,0.0000,0.0000,0.0000,0.0000,none,false,false,0.0000,0.0000,false,false,-1,none,none,false,0.000,0.000,144.85300000,144.75793750,144.85300000,pre_session_high,0.09100000,0.4213,session_high|opening_range_high|neckline_level,144.75700000,0.0683,false,true,true,false,not_blocked,4,2,2,m5_failure_exit,off,none,0.00000000,0.0000,1.30,145.04300000,4.200,-0.300,0.200,PERIOD_M15,144.98800000,144.63200000,0.6348,deep_618_786,0.000,true,144.76200000,144.54600000,0.21600000,145.04300000,1.301,0.07321429,16.00,0-30,true,false,none,not_consumed,4.500,4.500,none,0.0000,false,neckline_retest_failed,false,not_invalidated,spread_too_high
2025.05.05 03:25:00,blocked,session_reversal_pullback_one_symbol_first120,USDJPY,LONG,2025.05.05 03:20:00,3,0,9,tokyo,2025.05.05 00:00,20,first_120min,true,true,3,USDJPY,highest_score_in_session_bar,tokyo=USDJPY|EURJPY|GBPJPY|AUDJPY,existing_first120_gate,tokyo,false,false,true,passed_first_window,double_bottom,neckline_break_retest,144.65300000,PERIOD_M5,PERIOD_H1,PERIOD_M15,PERIOD_M5,PERIOD_M5,false,htf_soft_alignment,current_post_filter,transcript_post_filter,dow_trend_down_ll_lh,no_ordered_dow_wave3_break,dow_trend_down_ll_lh,no_ordered_dow_wave3_break,false,true,false,LONG,PERIOD_M5,double_bottom,double_bottom,4.200,none,0.000,double_bottom,4.200,none,0.000,LONG,false,PERIOD_H1_SHORT_dow_trend_down_ll_lh|PERIOD_M15_NONE_no_ordered_dow_wave3_break,true,h1_counter_m15_reversal,true,top_SHORT_dow_trend_down_ll_lh|structure_NONE_no_ordered_dow_wave3_break|structure_break_recent_confirmed_swing_break_failed|primary_break_recent_confirmed_swing_break_continuation,none,above_75sma_rising,above_75sma_flat_or_falling,below_75sma_flat_or_rising,-1,0.00000000,0,144.13300000,false,off,NONE,NONE,0.00000000,0.00000000,0.0000,none,0.000,true,LONG,return_high_break_or_bos_up,144.94600000,15,145.07600000,144.50100000,false,off,independent,false,,,false,0.0000,none,0.0000,0.0000,none,0.0000,0.0000,0.0000,none,0.0000,0,0,0.0000,none,none,none,none,0.0000,0,0.0000,none,false,true,not_evaluated,true,required_light_or_anchor_flip,long_bias,143.72000000,2025.05.02 17:00:00,144.94600000,2025.05.02 15:30:00,2025.05.02 21:30:00,false,NONE,0.00000000,0.00000000,0.0000,-1,false,,-1,NONE,0.00000000,0.00000000,0.0000,0.0000,none,,none,false,NONE,-1,-1,-1,false,false,none,true,false,false,true,none,true,required,false,PERIOD_M5,,,-1,0.0000,false,0.00000000,0.0000,false,0.0000,false,none,none,false,no_anchor_flip_in_entry_direction,true,required_first_signal_only,LONG,unknown,0.00000000,,0.00000000,,false,,-1,false,NONE,0.00000000,,0.00000000,0.0000,0.0000,none,-1,false,false,false,no_anchor_flip_in_entry_direction,,,,false,false,false,-1,-1,-1,-1,-1,false,false,false,0.0000,range_n,true,145.07600000,143.72000000,8.7243,false,0.0000,0.0000,0,none,true,0.5461,preferred_382_618,0.200,diagnostic_only,diagnostic_only,diagnostic_only,shallow_pullback,24,0.450,true,none,0.600,high_quality,false,false,diagnostic_only,both,true,none,true,diagnostic_adjacent_detected,required_light,false,false,SHORT,6,false,false,2,2025.05.05 01:05:00,2025.05.05 02:45:00,7,6.6517,144.85300000,0.00000000,144.85300000,false,false,none,0.00000000,false,0.0000,0.0000,false,1,0.0000,false,-1,0.00000000,0.0000,off,false,not_evaluated,none,0.0000,0.0000,none,false,false,false,0.0000,none,false,none,0.0000,false,none,4.8078,4.4390,1.0831,2.2127,false,no_shrink,0.0000,none,none,false,false,none,0.0000,0.0000,0.0000,0.0000,none,false,false,0.0000,0.0000,false,false,-1,none,none,false,0.000,0.000,144.85300000,144.75793750,144.85300000,pre_session_high,0.09100000,0.4213,session_high|opening_range_high|neckline_level,144.75700000,0.0683,false,true,true,false,not_blocked,4,2,2,m5_failure_exit,off,none,0.00000000,0.0000,1.30,145.04300000,4.200,-0.300,0.200,PERIOD_M15,144.98800000,144.63200000,0.6348,deep_618_786,0.000,true,144.76200000,144.54600000,0.21600000,145.04300000,1.301,0.07321429,16.00,0-30,true,false,none,blocked_spread_too_high,4.500,4.500,none,0.0000,false,neckline_retest_failed,false,not_invalidated,spread_too_high
2025.05.05 10:25:00,signal,session_reversal_pullback_one_symbol_first120,GBPUSD,LONG,2025.05.05 10:20:00,10,7,16,london,2025.05.05 07:00,20,first_120min,true,true,3,GBPUSD,highest_score_in_session_bar,london=USDJPY|EURJPY|GBPJPY|AUDJPY|EURUSD|GBPUSD,existing_first120_gate,london,false,false,true,passed_first_window,inverse_head_and_shoulders,neckline_break_retest,1.32863000,PERIOD_M5,PERIOD_H1,PERIOD_M15,PERIOD_M5,PERIOD_M5,false,htf_soft_alignment,current_post_filter,transcript_post_filter,dow_range_or_transition,structure_trend_bias_dow_trend_up_hh_hl,dow_range_or_transition,structure_trend_bias_dow_trend_up_hh_hl,false,true,true,LONG,PERIOD_M5,inverse_head_and_shoulders,inverse_head_and_shoulders,4.500,none,0.000,inverse_head_and_shoulders,4.500,none,0.000,LONG,false,PERIOD_H1_NONE_dow_range_or_transition|PERIOD_M15_LONG_structure_trend_bias_dow_trend_up_hh_hl,true,h1_counter_m15_reversal,true,top_NONE_dow_range_or_transition|structure_LONG_structure_trend_bias_dow_trend_up_hh_hl|structure_break_recent_confirmed_swing_break_failed|primary_break_recent_confirmed_swing_break_continuation,none,below_75sma_falling,above_75sma_flat_or_falling,below_75sma_flat_or_rising,-1,0.00000000,0,1.32752000,false,off,NONE,NONE,0.00000000,0.00000000,0.0000,none,0.000,true,LONG,return_high_break_or_bos_up,1.32998000,7,1.33059000,1.32704000,false,off,independent,false,,,false,0.0000,none,0.0000,0.0000,none,0.0000,0.0000,0.0000,none,0.0000,0,0,0.0000,none,none,none,none,0.0000,0,0.0000,none,false,true,not_evaluated,true,required_light_or_anchor_flip,bias_flip_down,1.32859000,2025.05.05 07:30:00,1.32829000,2025.05.02 22:15:00,2025.05.05 08:30:00,true,SHORT,1.32859000,1.32842000,0.2084,2,true,2025.05.05 09:30:00,2,SHORT,1.32859000,1.32842000,0.2084,0.1961,normal,2025.05.05 10:00:00,first_after_anchor,true,SHORT,2,0,2,true,false,fresh_0_4,false,true,false,true,none,true,required,false,PERIOD_M5,,,-1,0.0000,false,0.00000000,0.0000,false,0.0000,false,none,none,false,no_anchor_flip_in_entry_direction,true,required_first_signal_only,LONG,unknown,0.00000000,,0.00000000,,false,,-1,false,NONE,0.00000000,,0.00000000,0.0000,0.0000,none,-1,false,false,false,no_anchor_flip_in_entry_direction,,,,false,false,false,-1,-1,-1,-1,-1,false,false,false,0.0000,rising_n,false,1.33059000,1.32817000,2.9667,true,0.1961,0.8505,2,normal,true,0.4901,preferred_382_618,0.200,diagnostic_only,diagnostic_only,diagnostic_only,shallow_pullback,24,0.450,true,none,0.600,high_quality,false,false,diagnostic_only,both,true,none,true,diagnostic_adjacent_detected,required_light,false,false,SHORT,3,false,false,0,,,-1,0.0000,0.00000000,0.00000000,0.00000000,false,false,none,0.00000000,false,0.0000,0.0000,false,1,0.0000,false,-1,0.00000000,0.0000,off,false,not_evaluated,none,0.0000,0.0000,none,false,false,false,0.0000,none,false,none,0.0000,false,none,0.0000,0.0000,0.0000,0.0000,false,none,0.0000,none,none,false,false,none,0.0000,0.0000,0.0000,0.0000,none,false,false,0.0000,0.0000,false,false,-1,none,none,false,0.000,0.000,1.32971000,1.32874333,1.32971000,pre_session_high,0.00086000,0.6615,session_high|opening_range_high|neckline_level,1.32885000,0.0000,false,true,true,false,not_blocked,2,1,1,m5_failure_exit,off,none,0.00000000,0.0000,1.30,1.33054000,4.500,-0.300,0.200,PERIOD_M15,1.33059000,1.32838000,0.7873,outside,0.000,true,1.32885000,1.32755000,0.00130000,1.33054000,1.300,0.00059714,20.00,0-30,true,false,none,not_consumed,4.800,4.800,none,0.0000,false,neckline_retest_failed,false,not_invalidated,spread_too_high
2025.05.05 10:25:00,blocked,session_reversal_pullback_one_symbol_first120,GBPUSD,LONG,2025.05.05 10:20:00,10,7,16,london,2025.05.05 07:00,20,first_120min,true,true,3,GBPUSD,highest_score_in_session_bar,london=USDJPY|EURJPY|GBPJPY|AUDJPY|EURUSD|GBPUSD,existing_first120_gate,london,false,false,true,passed_first_window,inverse_head_and_shoulders,neckline_break_retest,1.32863000,PERIOD_M5,PERIOD_H1,PERIOD_M15,PERIOD_M5,PERIOD_M5,false,htf_soft_alignment,current_post_filter,transcript_post_filter,dow_range_or_transition,structure_trend_bias_dow_trend_up_hh_hl,dow_range_or_transition,structure_trend_bias_dow_trend_up_hh_hl,false,true,true,LONG,PERIOD_M5,inverse_head_and_shoulders,inverse_head_and_shoulders,4.500,none,0.000,inverse_head_and_shoulders,4.500,none,0.000,LONG,false,PERIOD_H1_NONE_dow_range_or_transition|PERIOD_M15_LONG_structure_trend_bias_dow_trend_up_hh_hl,true,h1_counter_m15_reversal,true,top_NONE_dow_range_or_transition|structure_LONG_structure_trend_bias_dow_trend_up_hh_hl|structure_break_recent_confirmed_swing_break_failed|primary_break_recent_confirmed_swing_break_continuation,none,below_75sma_falling,above_75sma_flat_or_falling,below_75sma_flat_or_rising,-1,0.00000000,0,1.32752000,false,off,NONE,NONE,0.00000000,0.00000000,0.0000,none,0.000,true,LONG,return_high_break_or_bos_up,1.32998000,7,1.33059000,1.32704000,false,off,independent,false,,,false,0.0000,none,0.0000,0.0000,none,0.0000,0.0000,0.0000,none,0.0000,0,0,0.0000,none,none,none,none,0.0000,0,0.0000,none,false,true,not_evaluated,true,required_light_or_anchor_flip,bias_flip_down,1.32859000,2025.05.05 07:30:00,1.32829000,2025.05.02 22:15:00,2025.05.05 08:30:00,true,SHORT,1.32859000,1.32842000,0.2084,2,true,2025.05.05 09:30:00,2,SHORT,1.32859000,1.32842000,0.2084,0.1961,normal,2025.05.05 10:00:00,first_after_anchor,true,SHORT,2,0,2,true,false,fresh_0_4,false,true,false,true,none,true,required,false,PERIOD_M5,,,-1,0.0000,false,0.00000000,0.0000,false,0.0000,false,none,none,false,no_anchor_flip_in_entry_direction,true,required_first_signal_only,LONG,unknown,0.00000000,,0.00000000,,false,,-1,false,NONE,0.00000000,,0.00000000,0.0000,0.0000,none,-1,false,false,false,no_anchor_flip_in_entry_direction,,,,false,false,false,-1,-1,-1,-1,-1,false,false,false,0.0000,rising_n,false,1.33059000,1.32817000,2.9667,true,0.1961,0.8505,2,normal,true,0.4901,preferred_382_618,0.200,diagnostic_only,diagnostic_only,diagnostic_only,shallow_pullback,24,0.450,true,none,0.600,high_quality,false,false,diagnostic_only,both,true,none,true,diagnostic_adjacent_detected,required_light,false,false,SHORT,3,false,false,0,,,-1,0.0000,0.00000000,0.00000000,0.00000000,false,false,none,0.00000000,false,0.0000,0.0000,false,1,0.0000,false,-1,0.00000000,0.0000,off,false,not_evaluated,none,0.0000,0.0000,none,false,false,false,0.0000,none,false,none,0.0000,false,none,0.0000,0.0000,0.0000,0.0000,false,none,0.0000,none,none,false,false,none,0.0000,0.0000,0.0000,0.0000,none,false,false,0.0000,0.0000,false,false,-1,none,none,false,0.000,0.000,1.32971000,1.32874333,1.32971000,pre_session_high,0.00086000,0.6615,session_high|opening_range_high|neckline_level,1.32885000,0.0000,false,true,true,false,not_blocked,2,1,1,m5_failure_exit,off,none,0.00000000,0.0000,1.30,1.33054000,4.500,-0.300,0.200,PERIOD_M15,1.33059000,1.32838000,0.7873,outside,0.000,true,1.32885000,1.32755000,0.00130000,1.33054000,1.300,0.00059714,20.00,0-30,true,false,none,blocked_spread_too_high,4.800,4.800,none,0.0000,false,neckline_retest_failed,false,not_invalidated,spread_too_high
2025.05.05 17:20:00,signal,session_reversal_pullback_one_symbol_first120,EURUSD,SHORT,2025.05.05 17:15:00,17,14,23,london_newyork_overlap,2025.05.05 13:00,75,first_120min,false,true,3,EURUSD,highest_score_in_session_bar,london_newyork_overlap=USDJPY|EURJPY|GBPJPY|AUDJPY|EURUSD|GBPUSD,existing_first120_gate,london_newyork_overlap,false,false,true,passed_first_window,head_and_shoulders,neckline_break_retest,1.13480000,PERIOD_M5,PERIOD_H1,PERIOD_M15,PERIOD_M5,PERIOD_M5,false,htf_soft_alignment,current_post_filter,transcript_post_filter,dow_range_or_transition,no_ordered_dow_wave3_break,dow_range_or_transition,no_ordered_dow_wave3_break,false,false,true,SHORT,PERIOD_M5,head_and_shoulders,head_and_shoulders,4.500,none,0.000,head_and_shoulders,4.500,none,0.000,SHORT,false,PERIOD_H1_NONE_dow_range_or_transition|PERIOD_M15_NONE_no_ordered_dow_wave3_break,true,h1_counter_m15_reversal,true,top_NONE_dow_range_or_transition|structure_NONE_no_ordered_dow_wave3_break|structure_break_recent_confirmed_swing_break_failed|primary_break_recent_confirmed_swing_break_continuation,none,above_75sma_flat_or_falling,above_75sma_rising,below_75sma_flat_or_rising,-1,0.00000000,0,1.13513000,false,off,NONE,NONE,0.00000000,0.00000000,0.0000,none,0.000,true,SHORT,return_low_break_or_bos_down,1.13274000,21,1.13642000,1.13107000,false,off,independent,false,,,false,0.0000,none,0.0000,0.0000,none,0.0000,0.0000,0.0000,none,0.0000,0,0,0.0000,none,none,none,none,0.0000,0,0.0000,none,false,true,not_evaluated,true,required_light_or_anchor_flip,long_bias,1.13323000,2025.05.05 13:15:00,1.13384000,2025.05.05 07:00:00,2025.05.05 16:00:00,false,NONE,0.00000000,0.00000000,0.0000,-1,false,,-1,NONE,0.00000000,0.00000000,0.0000,0.0000,none,,none,false,NONE,-1,-1,-1,false,false,none,false,true,false,true,none,true,required,false,PERIOD_M5,,,-1,0.0000,false,0.00000000,0.0000,false,0.0000,false,none,none,false,no_anchor_flip_in_entry_direction,true,required_first_signal_only,SHORT,unknown,0.00000000,,0.00000000,,false,,-1,false,NONE,0.00000000,,0.00000000,0.0000,0.0000,none,-1,false,false,false,no_anchor_flip_in_entry_direction,,,,false,false,false,-1,-1,-1,-1,-1,false,false,false,0.0000,rising_n,false,1.13642000,1.13107000,4.8605,false,0.0000,0.0000,0,none,true,0.5626,preferred_382_618,0.200,diagnostic_only,diagnostic_only,diagnostic_only,deep_pullback,4,0.440,true,none,0.590,high_quality,false,false,diagnostic_only,both,true,none,true,diagnostic_adjacent_detected,required_light,false,false,LONG,5,false,false,1,2025.05.05 15:40:00,2025.05.05 16:50:00,5,2.4733,0.00000000,1.13513000,1.13513000,true,true,m5_hl_close_break_down,1.13513000,true,0.9771,0.8397,true,1,0.0000,false,3,1.13513000,0.1069,off,false,not_evaluated,none,0.3254,0.6746,normal,true,false,false,0.0000,held_clean,true,favorable_side,0.2900,true,clean_retest,1.3435,2.4733,0.5432,0.0000,true,strong_exhaustion,0.0000,none,none,false,false,none,0.0000,0.0000,0.0000,0.0000,none,false,false,0.0000,0.0000,false,false,-1,none,none,false,0.000,0.000,1.13426000,1.13395000,1.13395000,pre_session_low,0.00013000,0.0660,opening_range_low|neckline_level,1.13480000,1.0992,false,true,true,false,not_blocked,4,3,1,m5_failure_exit,off,none,0.00000000,0.0000,1.30,1.13153000,4.500,-0.300,0.200,PERIOD_M15,1.13642000,1.13393000,0.0602,outside,0.000,true,1.13408000,1.13605000,0.00197000,1.13153000,1.294,0.00065500,18.00,60-90,true,false,none,not_consumed,4.800,4.800,none,0.0000,false,neckline_retest_failed,false,not_invalidated,spread_too_high
2025.05.05 17:20:00,blocked,session_reversal_pullback_one_symbol_first120,EURUSD,SHORT,2025.05.05 17:15:00,17,14,23,london_newyork_overlap,2025.05.05 13:00,75,first_120min,false,true,3,EURUSD,highest_score_in_session_bar,london_newyork_overlap=USDJPY|EURJPY|GBPJPY|AUDJPY|EURUSD|GBPUSD,existing_first120_gate,london_newyork_overlap,false,false,true,passed_first_window,head_and_shoulders,neckline_break_retest,1.13480000,PERIOD_M5,PERIOD_H1,PERIOD_M15,PERIOD_M5,PERIOD_M5,false,htf_soft_alignment,current_post_filter,transcript_post_filter,dow_range_or_transition,no_ordered_dow_wave3_break,dow_range_or_transition,no_ordered_dow_wave3_break,false,false,true,SHORT,PERIOD_M5,head_and_shoulders,head_and_shoulders,4.500,none,0.000,head_and_shoulders,4.500,none,0.000,SHORT,false,PERIOD_H1_NONE_dow_range_or_transition|PERIOD_M15_NONE_no_ordered_dow_wave3_break,true,h1_counter_m15_reversal,true,top_NONE_dow_range_or_transition|structure_NONE_no_ordered_dow_wave3_break|structure_break_recent_confirmed_swing_break_failed|primary_break_recent_confirmed_swing_break_continuation,none,above_75sma_flat_or_falling,above_75sma_rising,below_75sma_flat_or_rising,-1,0.00000000,0,1.13513000,false,off,NONE,NONE,0.00000000,0.00000000,0.0000,none,0.000,true,SHORT,return_low_break_or_bos_down,1.13274000,21,1.13642000,1.13107000,false,off,independent,false,,,false,0.0000,none,0.0000,0.0000,none,0.0000,0.0000,0.0000,none,0.0000,0,0,0.0000,none,none,none,none,0.0000,0,0.0000,none,false,true,not_evaluated,true,required_light_or_anchor_flip,long_bias,1.13323000,2025.05.05 13:15:00,1.13384000,2025.05.05 07:00:00,2025.05.05 16:00:00,false,NONE,0.00000000,0.00000000,0.0000,-1,false,,-1,NONE,0.00000000,0.00000000,0.0000,0.0000,none,,none,false,NONE,-1,-1,-1,false,false,none,false,true,false,true,none,true,required,false,PERIOD_M5,,,-1,0.0000,false,0.00000000,0.0000,false,0.0000,false,none,none,false,no_anchor_flip_in_entry_direction,true,required_first_signal_only,SHORT,unknown,0.00000000,,0.00000000,,false,,-1,false,NONE,0.00000000,,0.00000000,0.0000,0.0000,none,-1,false,false,false,no_anchor_flip_in_entry_direction,,,,false,false,false,-1,-1,-1,-1,-1,false,false,false,0.0000,rising_n,false,1.13642000,1.13107000,4.8605,false,0.0000,0.0000,0,none,true,0.5626,preferred_382_618,0.200,diagnostic_only,diagnostic_only,diagnostic_only,deep_pullback,4,0.440,true,none,0.590,high_quality,false,false,diagnostic_only,both,true,none,true,diagnostic_adjacent_detected,required_light,false,false,LONG,5,false,false,1,2025.05.05 15:40:00,2025.05.05 16:50:00,5,2.4733,0.00000000,1.13513000,1.13513000,true,true,m5_hl_close_break_down,1.13513000,true,0.9771,0.8397,true,1,0.0000,false,3,1.13513000,0.1069,off,false,not_evaluated,none,0.3254,0.6746,normal,true,false,false,0.0000,held_clean,true,favorable_side,0.2900,true,clean_retest,1.3435,2.4733,0.5432,0.0000,true,strong_exhaustion,0.0000,none,none,false,false,none,0.0000,0.0000,0.0000,0.0000,none,false,false,0.0000,0.0000,false,false,-1,none,none,false,0.000,0.000,1.13426000,1.13395000,1.13395000,pre_session_low,0.00013000,0.0660,opening_range_low|neckline_level,1.13480000,1.0992,false,true,true,false,not_blocked,4,3,1,m5_failure_exit,off,none,0.00000000,0.0000,1.30,1.13153000,4.500,-0.300,0.200,PERIOD_M15,1.13642000,1.13393000,0.0602,outside,0.000,true,1.13408000,1.13605000,0.00197000,1.13153000,1.294,0.00065500,18.00,60-90,true,false,none,blocked_spread_too_high,4.800,4.800,none,0.0000,false,neckline_retest_failed,false,not_invalidated,spread_too_high
2025.05.06 03:20:00,signal,session_reversal_pullback_one_symbol_first120,USDJPY,LONG,2025.05.06 03:15:00,3,0,9,tokyo,2025.05.06 00:00,15,first_120min,true,true,3,USDJPY,highest_score_in_session_bar,tokyo=USDJPY|EURJPY|GBPJPY|AUDJPY,existing_first120_gate,tokyo,false,false,true,passed_first_window,double_bottom,neckline_break_retest,143.74800000,PERIOD_M5,PERIOD_H1,PERIOD_M15,PERIOD_M5,PERIOD_M5,false,htf_soft_alignment,current_post_filter,transcript_post_filter,dow_trend_down_ll_lh,no_ordered_dow_wave3_break,dow_trend_down_ll_lh,no_ordered_dow_wave3_break,false,true,false,LONG,PERIOD_M5,double_bottom,double_bottom,4.200,none,0.000,double_bottom,4.200,none,0.000,LONG,false,PERIOD_H1_SHORT_dow_trend_down_ll_lh|PERIOD_M15_NONE_no_ordered_dow_wave3_break,true,h1_counter_m15_reversal,true,top_SHORT_dow_trend_down_ll_lh|structure_NONE_no_ordered_dow_wave3_break|structure_break_recent_confirmed_swing_break_failed|primary_break_recent_confirmed_swing_break_retest,none,below_75sma_flat_or_rising,below_75sma_falling,above_75sma_flat_or_falling,-1,0.00000000,0,143.79800000,false,off,NONE,NONE,0.00000000,0.00000000,0.0000,none,0.000,true,LONG,return_high_break_or_bos_up,144.00700000,22,144.12800000,143.54700000,false,off,independent,false,,,false,0.0000,none,0.0000,0.0000,none,0.0000,0.0000,0.0000,none,0.0000,0,0,0.0000,none,none,none,none,0.0000,0,0.0000,none,false,true,not_evaluated,true,required_light_or_anchor_flip,long_bias,143.58100000,2025.05.05 18:00:00,143.93100000,2025.05.05 14:45:00,2025.05.05 19:30:00,false,NONE,0.00000000,0.00000000,0.0000,-1,false,,-1,NONE,0.00000000,0.00000000,0.0000,0.0000,none,,none,false,NONE,-1,-1,-1,false,false,none,true,false,false,true,none,true,required,false,PERIOD_M5,,,-1,0.0000,false,0.00000000,0.0000,false,0.0000,false,none,none,false,no_anchor_flip_in_entry_direction,true,required_first_signal_only,LONG,unknown,0.00000000,,0.00000000,,false,,-1,false,NONE,0.00000000,,0.00000000,0.0000,0.0000,none,-1,false,false,false,no_anchor_flip_in_entry_direction,,,,false,false,false,-1,-1,-1,-1,-1,false,false,false,0.0000,range_n,true,144.22700000,143.53100000,8.0000,false,0.0000,0.0000,0,none,true,0.4148,preferred_382_618,0.200,diagnostic_only,diagnostic_only,diagnostic_only,shallow_pullback,24,0.400,true,none,0.550,high_quality,false,false,diagnostic_only,both,true,none,true,diagnostic_adjacent_detected,required_light,false,false,SHORT,5,false,false,1,2025.05.06 00:50:00,2025.05.06 02:45:00,6,3.5317,143.79800000,0.00000000,143.79800000,true,true,m5_lh_close_break_up,143.79800000,true,1.0271,1.5055,true,1,0.0000,false,0,143.79800000,0.5065,off,false,not_evaluated,none,0.9160,0.0840,very_strong,false,false,false,0.0000,no_following_closed_bar,false,none,0.0000,false,no_retest,3.5317,1.4352,2.4608,1.1256,false,no_shrink,0.0000,none,none,false,false,none,0.0000,0.0000,0.0000,0.0000,none,false,false,0.0000,0.0000,false,false,-1,none,none,false,0.000,0.000,144.00000000,143.88100000,144.00000000,round_number,0.11300000,0.5305,session_high|opening_range_high|neckline_level,143.88100000,0.0844,false,false,true,false,not_blocked,1,0,1,m5_failure_exit,off,none,0.00000000,0.0000,1.30,144.16400000,4.200,-0.300,0.200,PERIOD_M15,143.79800000,143.62100000,-0.5028,outside,0.000,true,143.88700000,143.67400000,0.21300000,144.16400000,1.300,0.07107143,16.00,0-30,true,false,none,not_consumed,4.500,4.500,none,0.0000,false,neckline_retest_failed,false,not_invalidated,spread_too_high
2025.05.06 03:20:00,blocked,session_reversal_pullback_one_symbol_first120,USDJPY,LONG,2025.05.06 03:15:00,3,0,9,tokyo,2025.05.06 00:00,15,first_120min,true,true,3,USDJPY,highest_score_in_session_bar,tokyo=USDJPY|EURJPY|GBPJPY|AUDJPY,existing_first120_gate,tokyo,false,false,true,passed_first_window,double_bottom,neckline_break_retest,143.74800000,PERIOD_M5,PERIOD_H1,PERIOD_M15,PERIOD_M5,PERIOD_M5,false,htf_soft_alignment,current_post_filter,transcript_post_filter,dow_trend_down_ll_lh,no_ordered_dow_wave3_break,dow_trend_down_ll_lh,no_ordered_dow_wave3_break,false,true,false,LONG,PERIOD_M5,double_bottom,double_bottom,4.200,none,0.000,double_bottom,4.200,none,0.000,LONG,false,PERIOD_H1_SHORT_dow_trend_down_ll_lh|PERIOD_M15_NONE_no_ordered_dow_wave3_break,true,h1_counter_m15_reversal,true,top_SHORT_dow_trend_down_ll_lh|structure_NONE_no_ordered_dow_wave3_break|structure_break_recent_confirmed_swing_break_failed|primary_break_recent_confirmed_swing_break_retest,none,below_75sma_flat_or_rising,below_75sma_falling,above_75sma_flat_or_falling,-1,0.00000000,0,143.79800000,false,off,NONE,NONE,0.00000000,0.00000000,0.0000,none,0.000,true,LONG,return_high_break_or_bos_up,144.00700000,22,144.12800000,143.54700000,false,off,independent,false,,,false,0.0000,none,0.0000,0.0000,none,0.0000,0.0000,0.0000,none,0.0000,0,0,0.0000,none,none,none,none,0.0000,0,0.0000,none,false,true,not_evaluated,true,required_light_or_anchor_flip,long_bias,143.58100000,2025.05.05 18:00:00,143.93100000,2025.05.05 14:45:00,2025.05.05 19:30:00,false,NONE,0.00000000,0.00000000,0.0000,-1,false,,-1,NONE,0.00000000,0.00000000,0.0000,0.0000,none,,none,false,NONE,-1,-1,-1,false,false,none,true,false,false,true,none,true,required,false,PERIOD_M5,,,-1,0.0000,false,0.00000000,0.0000,false,0.0000,false,none,none,false,no_anchor_flip_in_entry_direction,true,required_first_signal_only,LONG,unknown,0.00000000,,0.00000000,,false,,-1,false,NONE,0.00000000,,0.00000000,0.0000,0.0000,none,-1,false,false,false,no_anchor_flip_in_entry_direction,,,,false,false,false,-1,-1,-1,-1,-1,false,false,false,0.0000,range_n,true,144.22700000,143.53100000,8.0000,false,0.0000,0.0000,0,none,true,0.4148,preferred_382_618,0.200,diagnostic_only,diagnostic_only,diagnostic_only,shallow_pullback,24,0.400,true,none,0.550,high_quality,false,false,diagnostic_only,both,true,none,true,diagnostic_adjacent_detected,required_light,false,false,SHORT,5,false,false,1,2025.05.06 00:50:00,2025.05.06 02:45:00,6,3.5317,143.79800000,0.00000000,143.79800000,true,true,m5_lh_close_break_up,143.79800000,true,1.0271,1.5055,true,1,0.0000,false,0,143.79800000,0.5065,off,false,not_evaluated,none,0.9160,0.0840,very_strong,false,false,false,0.0000,no_following_closed_bar,false,none,0.0000,false,no_retest,3.5317,1.4352,2.4608,1.1256,false,no_shrink,0.0000,none,none,false,false,none,0.0000,0.0000,0.0000,0.0000,none,false,false,0.0000,0.0000,false,false,-1,none,none,false,0.000,0.000,144.00000000,143.88100000,144.00000000,round_number,0.11300000,0.5305,session_high|opening_range_high|neckline_level,143.88100000,0.0844,false,false,true,false,not_blocked,1,0,1,m5_failure_exit,off,none,0.00000000,0.0000,1.30,144.16400000,4.200,-0.300,0.200,PERIOD_M15,143.79800000,143.62100000,-0.5028,outside,0.000,true,143.88700000,143.67400000,0.21300000,144.16400000,1.300,0.07107143,16.00,0-30,true,false,none,blocked_spread_too_high,4.500,4.500,none,0.0000,false,neckline_retest_failed,false,not_invalidated,spread_too_high
2025.05.07 10:05:00,signal,session_reversal_pullback_one_symbol_first120,GBPJPY,SHORT,2025.05.07 10:00:00,10,7,16,london,2025.05.07 07:00,0,first_120min,true,true,3,GBPJPY,highest_score_in_session_bar,london=USDJPY|EURJPY|GBPJPY|AUDJPY|EURUSD|GBPUSD,existing_first120_gate,london,true,false,true,passed_first_window,head_and_shoulders,neckline_break_retest,190.98700000,PERIOD_M5,PERIOD_H1,PERIOD_M15,PERIOD_M5,PERIOD_M5,false,htf_soft_alignment,current_post_filter,transcript_post_filter,dow_range_or_transition,structure_trend_bias_dow_trend_up_hh_hl,dow_range_or_transition,structure_trend_bias_dow_trend_up_hh_hl,false,false,true,SHORT,PERIOD_M5,head_and_shoulders,head_and_shoulders,4.500,none,0.000,head_and_shoulders,4.500,none,0.000,SHORT,false,PERIOD_H1_NONE_dow_range_or_transition|PERIOD_M15_LONG_structure_trend_bias_dow_trend_up_hh_hl,true,h1_counter_m15_reversal,true,top_NONE_dow_range_or_transition|structure_LONG_structure_trend_bias_dow_trend_up_hh_hl|structure_break_recent_confirmed_swing_break_retest|primary_break_recent_confirmed_swing_break_continuation,none,below_75sma_falling,above_75sma_flat_or_falling,below_75sma_falling,0,190.93200000,0,191.02200000,false,off,NONE,NONE,0.00000000,0.00000000,0.0000,none,0.000,true,SHORT,return_low_break_or_bos_down,190.93200000,0,191.20800000,190.93200000,false,off,independent,false,,,false,0.0000,none,0.0000,0.0000,none,0.0000,0.0000,0.0000,none,0.0000,0,0,0.0000,none,none,none,none,0.0000,0,0.0000,none,false,true,not_evaluated,true,required_light_or_anchor_flip,bias_flip_down,190.93200000,2025.05.07 06:00:00,191.16200000,2025.05.07 03:30:00,2025.05.07 07:45:00,true,SHORT,190.93200000,190.91100000,0.2036,2,true,2025.05.07 09:15:00,2,SHORT,190.93200000,190.91100000,0.2036,1.5803,normal,2025.05.07 09:45:00,first_after_anchor,true,SHORT,2,0,2,true,false,fresh_0_4,true,false,false,true,none,true,required,true,PERIOD_M5,2025.05.07 09:20:00,2025.05.07 09:25:00,9,0.5810,true,190.93200000,0.5810,true,0.5810,true,m5_bearish_close_after_anchor_retest,failed_close_back_inside,false,post_anchor_close_back_inside,true,required_first_signal_only,SHORT,unknown,0.00000000,,0.00000000,,false,,-1,false,NONE,0.00000000,,0.00000000,0.0000,0.0000,none,-1,false,false,false,insufficient_confirmed_m5_pivots,GBPJPY|SHORT|1746609300|190.932,,,false,false,false,-1,-1,-1,-1,-1,false,false,false,0.0000,rising_n,false,191.20800000,190.71100000,4.8186,true,1.5803,0.3292,0,normal,true,0.5191,preferred_382_618,0.200,diagnostic_only,diagnostic_only,diagnostic_only,shallow_pullback,8,0.440,true,none,0.590,high_quality,false,false,diagnostic_only,both,true,none,true,diagnostic_adjacent_detected,required_light,false,false,LONG,6,false,false,0,2025.05.07 08:55:00,2025.05.07 09:40:00,4,3.5692,0.00000000,190.85700000,190.85700000,false,false,none,0.00000000,false,0.0000,0.0000,false,1,0.0000,false,-1,0.00000000,0.0000,off,false,not_evaluated,none,0.0000,0.0000,none,false,false,false,0.0000,none,false,none,0.0000,false,none,1.7846,1.2866,1.3871,0.0000,true,strong_exhaustion,0.0000,none,none,false,false,none,0.0000,0.0000,0.0000,0.0000,none,false,false,0.0000,0.0000,false,false,-1,none,none,false,0.000,0.000,190.97233333,190.94900000,190.94900000,structure_confirmed_swing_low,0.02000000,0.1258,neckline_level,190.98700000,0.2490,false,true,true,false,not_blocked,6,4,2,m5_failure_exit,off,none,0.00000000,0.0000,1.30,190.76200000,4.500,-0.300,0.200,PERIOD_M15,191.20800000,190.94900000,0.0772,outside,0.000,true,190.96900000,191.12800000,0.15900000,190.76200000,1.302,0.07228571,38.00,0-30,true,false,none,not_consumed,5.150,5.150,none,0.0000,false,neckline_retest_failed,false,not_invalidated,spread_too_high
2025.05.07 10:05:00,blocked,session_reversal_pullback_one_symbol_first120,GBPJPY,SHORT,2025.05.07 10:00:00,10,7,16,london,2025.05.07 07:00,0,first_120min,true,true,3,GBPJPY,highest_score_in_session_bar,london=USDJPY|EURJPY|GBPJPY|AUDJPY|EURUSD|GBPUSD,existing_first120_gate,london,true,false,true,passed_first_window,head_and_shoulders,neckline_break_retest,190.98700000,PERIOD_M5,PERIOD_H1,PERIOD_M15,PERIOD_M5,PERIOD_M5,false,htf_soft_alignment,current_post_filter,transcript_post_filter,dow_range_or_transition,structure_trend_bias_dow_trend_up_hh_hl,dow_range_or_transition,structure_trend_bias_dow_trend_up_hh_hl,false,false,true,SHORT,PERIOD_M5,head_and_shoulders,head_and_shoulders,4.500,none,0.000,head_and_shoulders,4.500,none,0.000,SHORT,false,PERIOD_H1_NONE_dow_range_or_transition|PERIOD_M15_LONG_structure_trend_bias_dow_trend_up_hh_hl,true,h1_counter_m15_reversal,true,top_NONE_dow_range_or_transition|structure_LONG_structure_trend_bias_dow_trend_up_hh_hl|structure_break_recent_confirmed_swing_break_retest|primary_break_recent_confirmed_swing_break_continuation,none,below_75sma_falling,above_75sma_flat_or_falling,below_75sma_falling,0,190.93200000,0,191.02200000,false,off,NONE,NONE,0.00000000,0.00000000,0.0000,none,0.000,true,SHORT,return_low_break_or_bos_down,190.93200000,0,191.20800000,190.93200000,false,off,independent,false,,,false,0.0000,none,0.0000,0.0000,none,0.0000,0.0000,0.0000,none,0.0000,0,0,0.0000,none,none,none,none,0.0000,0,0.0000,none,false,true,not_evaluated,true,required_light_or_anchor_flip,bias_flip_down,190.93200000,2025.05.07 06:00:00,191.16200000,2025.05.07 03:30:00,2025.05.07 07:45:00,true,SHORT,190.93200000,190.91100000,0.2036,2,true,2025.05.07 09:15:00,2,SHORT,190.93200000,190.91100000,0.2036,1.5803,normal,2025.05.07 09:45:00,first_after_anchor,true,SHORT,2,0,2,true,false,fresh_0_4,true,false,false,true,none,true,required,true,PERIOD_M5,2025.05.07 09:20:00,2025.05.07 09:25:00,9,0.5810,true,190.93200000,0.5810,true,0.5810,true,m5_bearish_close_after_anchor_retest,failed_close_back_inside,false,post_anchor_close_back_inside,true,required_first_signal_only,SHORT,unknown,0.00000000,,0.00000000,,false,,-1,false,NONE,0.00000000,,0.00000000,0.0000,0.0000,none,-1,false,false,false,insufficient_confirmed_m5_pivots,GBPJPY|SHORT|1746609300|190.932,,,false,false,false,-1,-1,-1,-1,-1,false,false,false,0.0000,rising_n,false,191.20800000,190.71100000,4.8186,true,1.5803,0.3292,0,normal,true,0.5191,preferred_382_618,0.200,diagnostic_only,diagnostic_only,diagnostic_only,shallow_pullback,8,0.440,true,none,0.590,high_quality,false,false,diagnostic_only,both,true,none,true,diagnostic_adjacent_detected,required_light,false,false,LONG,6,false,false,0,2025.05.07 08:55:00,2025.05.07 09:40:00,4,3.5692,0.00000000,190.85700000,190.85700000,false,false,none,0.00000000,false,0.0000,0.0000,false,1,0.0000,false,-1,0.00000000,0.0000,off,false,not_evaluated,none,0.0000,0.0000,none,false,false,false,0.0000,none,false,none,0.0000,false,none,1.7846,1.2866,1.3871,0.0000,true,strong_exhaustion,0.0000,none,none,false,false,none,0.0000,0.0000,0.0000,0.0000,none,false,false,0.0000,0.0000,false,false,-1,none,none,false,0.000,0.000,190.97233333,190.94900000,190.94900000,structure_confirmed_swing_low,0.02000000,0.1258,neckline_level,190.98700000,0.2490,false,true,true,false,not_blocked,6,4,2,m5_failure_exit,off,none,0.00000000,0.0000,1.30,190.76200000,4.500,-0.300,0.200,PERIOD_M15,191.20800000,190.94900000,0.0772,outside,0.000,true,190.96900000,191.12800000,0.15900000,190.76200000,1.302,0.07228571,38.00,0-30,true,false,none,blocked_spread_too_high,5.150,5.150,none,0.0000,false,neckline_retest_failed,false,not_invalidated,spread_too_high
2025.05.07 16:05:00,signal,session_reversal_pullback_one_symbol_first120,EURUSD,SHORT,2025.05.07 16:00:00,16,13,22,london_newyork_overlap,2025.05.07 13:00,0,first_120min,true,true,3,EURUSD,highest_score_in_session_bar,london_newyork_overlap=USDJPY|EURJPY|GBPJPY|AUDJPY|EURUSD|GBPUSD,existing_first120_gate,london_newyork_overlap,false,false,true,passed_first_window,double_top,neckline_break_retest,1.13606000,PERIOD_M5,PERIOD_H1,PERIOD_M15,PERIOD_M5,PERIOD_M5,false,htf_soft_alignment,current_post_filter,transcript_post_filter,dow_range_or_transition,structure_trend_bias_dow_trend_down_ll_lh,dow_range_or_transition,structure_trend_bias_dow_trend_down_ll_lh,false,false,true,SHORT,PERIOD_M5,double_top,double_top,4.200,none,0.000,double_top,4.200,none,0.000,SHORT,false,PERIOD_H1_NONE_dow_range_or_transition|PERIOD_M15_SHORT_structure_trend_bias_dow_trend_down_ll_lh,true,h1_counter_m15_reversal,true,top_NONE_dow_range_or_transition|structure_SHORT_structure_trend_bias_dow_trend_down_ll_lh|structure_break_recent_confirmed_swing_break_failed|primary_break_recent_confirmed_swing_break_retest,none,above_75sma_rising,above_75sma_flat_or_falling,below_75sma_falling,-1,0.00000000,0,1.13624000,false,off,NONE,NONE,0.00000000,0.00000000,0.0000,none,0.000,true,SHORT,return_low_break_or_bos_down,1.13533000,15,1.13722000,1.13464000,false,off,independent,false,,,false,0.0000,none,0.0000,0.0000,none,0.0000,0.0000,0.0000,none,0.0000,0,0,0.0000,none,none,none,none,0.0000,0,0.0000,none,false,true,not_evaluated,true,required_light_or_anchor_flip,short_bias,1.13358000,2025.05.07 06:30:00,1.13729000,2025.05.07 11:30:00,2025.05.07 12:00:00,false,NONE,0.00000000,0.00000000,0.0000,-1,false,,-1,NONE,0.00000000,0.00000000,0.0000,0.0000,none,,none,false,NONE,-1,-1,-1,false,false,none,true,false,false,true,none,true,required,false,PERIOD_M5,,,-1,0.0000,false,0.00000000,0.0000,false,0.0000,false,none,none,false,no_anchor_flip_in_entry_direction,true,required_first_signal_only,SHORT,unknown,0.00000000,,0.00000000,,false,,-1,false,NONE,0.00000000,,0.00000000,0.0000,0.0000,none,-1,false,false,false,no_anchor_flip_in_entry_direction,,,,false,false,false,-1,-1,-1,-1,-1,false,false,false,0.0000,range_n,true,1.13775000,1.13464000,3.8327,false,0.0000,0.0000,0,none,true,0.4437,preferred_382_618,0.200,diagnostic_only,diagnostic_only,diagnostic_only,shallow_pullback,6,0.440,true,none,0.590,high_quality,false,false,diagnostic_only,both,true,none,true,diagnostic_adjacent_detected,required_light,false,false,LONG,6,false,false,0,2025.05.07 14:20:00,2025.05.07 15:40:00,4,3.3032,0.00000000,1.13550000,1.13550000,false,false,none,0.00000000,false,0.0000,0.0000,false,1,0.0000,false,-1,0.00000000,0.0000,off,false,not_evaluated,none,0.0000,0.0000,none,false,false,false,0.0000,none,false,none,0.0000,false,none,2.0741,3.1879,0.6506,0.0000,true,strong_exhaustion,0.0000,none,none,false,false,none,0.0000,0.0000,0.0000,0.0000,none,false,false,0.0000,0.0000,false,false,-1,none,none,false,0.000,0.000,1.13604000,1.13593226,1.13593226,recent_equal_lows,0.00008774,0.0783,neckline_level,1.13606000,0.0768,false,true,true,false,not_blocked,9,5,4,m5_failure_exit,off,none,0.00000000,0.0000,1.30,1.13456000,4.200,-0.300,0.200,PERIOD_M15,1.13722000,1.13464000,0.5349,preferred_382_618,0.000,true,1.13602000,1.13714000,0.00112000,1.13456000,1.304,0.00052071,18.00,0-30,true,false,none,not_consumed,4.500,4.500,none,0.0000,false,neckline_retest_failed,false,not_invalidated,spread_too_high
2025.05.07 16:05:00,blocked,session_reversal_pullback_one_symbol_first120,EURUSD,SHORT,2025.05.07 16:00:00,16,13,22,london_newyork_overlap,2025.05.07 13:00,0,first_120min,true,true,3,EURUSD,highest_score_in_session_bar,london_newyork_overlap=USDJPY|EURJPY|GBPJPY|AUDJPY|EURUSD|GBPUSD,existing_first120_gate,london_newyork_overlap,false,false,true,passed_first_window,double_top,neckline_break_retest,1.13606000,PERIOD_M5,PERIOD_H1,PERIOD_M15,PERIOD_M5,PERIOD_M5,false,htf_soft_alignment,current_post_filter,transcript_post_filter,dow_range_or_transition,structure_trend_bias_dow_trend_down_ll_lh,dow_range_or_transition,structure_trend_bias_dow_trend_down_ll_lh,false,false,true,SHORT,PERIOD_M5,double_top,double_top,4.200,none,0.000,double_top,4.200,none,0.000,SHORT,false,PERIOD_H1_NONE_dow_range_or_transition|PERIOD_M15_SHORT_structure_trend_bias_dow_trend_down_ll_lh,true,h1_counter_m15_reversal,true,top_NONE_dow_range_or_transition|structure_SHORT_structure_trend_bias_dow_trend_down_ll_lh|structure_break_recent_confirmed_swing_break_failed|primary_break_recent_confirmed_swing_break_retest,none,above_75sma_rising,above_75sma_flat_or_falling,below_75sma_falling,-1,0.00000000,0,1.13624000,false,off,NONE,NONE,0.00000000,0.00000000,0.0000,none,0.000,true,SHORT,return_low_break_or_bos_down,1.13533000,15,1.13722000,1.13464000,false,off,independent,false,,,false,0.0000,none,0.0000,0.0000,none,0.0000,0.0000,0.0000,none,0.0000,0,0,0.0000,none,none,none,none,0.0000,0,0.0000,none,false,true,not_evaluated,true,required_light_or_anchor_flip,short_bias,1.13358000,2025.05.07 06:30:00,1.13729000,2025.05.07 11:30:00,2025.05.07 12:00:00,false,NONE,0.00000000,0.00000000,0.0000,-1,false,,-1,NONE,0.00000000,0.00000000,0.0000,0.0000,none,,none,false,NONE,-1,-1,-1,false,false,none,true,false,false,true,none,true,required,false,PERIOD_M5,,,-1,0.0000,false,0.00000000,0.0000,false,0.0000,false,none,none,false,no_anchor_flip_in_entry_direction,true,required_first_signal_only,SHORT,unknown,0.00000000,,0.00000000,,false,,-1,false,NONE,0.00000000,,0.00000000,0.0000,0.0000,none,-1,false,false,false,no_anchor_flip_in_entry_direction,,,,false,false,false,-1,-1,-1,-1,-1,false,false,false,0.0000,range_n,true,1.13775000,1.13464000,3.8327,false,0.0000,0.0000,0,none,true,0.4437,preferred_382_618,0.200,diagnostic_only,diagnostic_only,diagnostic_only,shallow_pullback,6,0.440,true,none,0.590,high_quality,false,false,diagnostic_only,both,true,none,true,diagnostic_adjacent_detected,required_light,false,false,LONG,6,false,false,0,2025.05.07 14:20:00,2025.05.07 15:40:00,4,3.3032,0.00000000,1.13550000,1.13550000,false,false,none,0.00000000,false,0.0000,0.0000,false,1,0.0000,false,-1,0.00000000,0.0000,off,false,not_evaluated,none,0.0000,0.0000,none,false,false,false,0.0000,none,false,none,0.0000,false,none,2.0741,3.1879,0.6506,0.0000,true,strong_exhaustion,0.0000,none,none,false,false,none,0.0000,0.0000,0.0000,0.0000,none,false,false,0.0000,0.0000,false,false,-1,none,none,false,0.000,0.000,1.13604000,1.13593226,1.13593226,recent_equal_lows,0.00008774,0.0783,neckline_level,1.13606000,0.0768,false,true,true,false,not_blocked,9,5,4,m5_failure_exit,off,none,0.00000000,0.0000,1.30,1.13456000,4.200,-0.300,0.200,PERIOD_M15,1.13722000,1.13464000,0.5349,preferred_382_618,0.000,true,1.13602000,1.13714000,0.00112000,1.13456000,1.304,0.00052071,18.00,0-30,true,false,none,blocked_spread_too_high,4.500,4.500,none,0.0000,false,neckline_retest_failed,false,not_invalidated,spread_too_high
2025.05.08 04:30:00,signal,session_reversal_pullback_one_symbol_first120,USDJPY,SHORT,2025.05.08 04:25:00,4,1,10,tokyo,2025.05.08 00:00,85,first_120min,false,true,3,USDJPY,highest_score_in_session_bar,tokyo=USDJPY|EURJPY|GBPJPY|AUDJPY,existing_first120_gate,tokyo,true,false,true,passed_first_window,double_top,neckline_break_retest,143.82200000,PERIOD_M5,PERIOD_H1,PERIOD_M15,PERIOD_M5,PERIOD_M5,false,htf_soft_alignment,current_post_filter,transcript_post_filter,dow_trend_up_hh_hl,no_ordered_dow_wave3_break,dow_trend_up_hh_hl,no_ordered_dow_wave3_break,false,false,true,SHORT,PERIOD_M5,double_top,double_top,4.200,none,0.000,double_top,4.200,none,0.000,SHORT,false,PERIOD_H1_LONG_dow_trend_up_hh_hl|PERIOD_M15_NONE_no_ordered_dow_wave3_break,true,h1_counter_m15_reversal,true,top_LONG_dow_trend_up_hh_hl|structure_NONE_no_ordered_dow_wave3_break|structure_break_recent_confirmed_swing_break_failed|primary_break_recent_confirmed_swing_break_retest,none,above_75sma_flat_or_falling,above_75sma_rising,below_75sma_flat_or_rising,-1,0.00000000,1,143.72600000,false,off,NONE,NONE,0.00000000,0.00000000,0.0000,none,0.000,true,SHORT,return_low_break_or_bos_down,143.67800000,1,143.94700000,143.67800000,false,off,independent,false,,,false,0.0000,none,0.0000,0.0000,none,0.0000,0.0000,0.0000,none,0.0000,0,0,0.0000,none,none,none,none,0.0000,0,0.0000,none,false,true,not_evaluated,true,required_light_or_anchor_flip,bias_flip_down,143.72600000,2025.05.08 02:30:00,143.53600000,2025.05.07 20:30:00,2025.05.08 03:00:00,true,SHORT,143.72600000,143.59500000,0.8717,1,true,2025.05.08 04:00:00,1,SHORT,143.72600000,143.59500000,0.8717,1.6635,normal,2025.05.08 04:00:00,first_after_anchor,true,SHORT,1,1,1,true,false,fresh_0_4,true,false,false,true,none,true,required,true,PERIOD_M5,2025.05.08 04:05:00,2025.05.08 04:10:00,5,0.4215,true,143.72600000,0.4215,true,0.2594,false,none,failed_close_back_inside,false,post_anchor_close_back_inside,true,required_first_signal_only,SHORT,unknown,0.00000000,,0.00000000,,false,,-1,false,NONE,0.00000000,,0.00000000,0.0000,0.0000,none,-1,false,false,false,insufficient_confirmed_m5_pivots,USDJPY|SHORT|1746676800|143.726,,,false,false,false,-1,-1,-1,-1,-1,false,false,false,0.0000,rising_n,false,143.99500000,142.89900000,7.2928,true,1.6635,0.2013,0,normal,true,0.4506,preferred_382_618,0.200,diagnostic_only,diagnostic_only,diagnostic_only,shallow_pullback,5,0.440,true,none,0.590,high_quality,false,false,diagnostic_only,both,true,none,true,diagnostic_adjacent_detected,required_light,false,false,LONG,6,false,false,0,2025.05.08 02:35:00,2025.05.08 04:00:00,5,3.1372,0.00000000,143.56000000,143.56000000,false,false,none,0.00000000,false,0.0000,0.0000,false,1,0.0000,false,-1,0.00000000,0.0000,off,false,not_evaluated,none,0.0000,0.0000,none,false,false,false,0.0000,none,false,none,0.0000,false,none,2.6508,1.7915,1.4796,0.0000,true,strong_exhaustion,0.0000,none,none,false,false,none,0.0000,0.0000,0.0000,0.0000,none,false,false,0.0000,0.0000,false,false,-1,none,none,false,0.000,0.000,143.81100000,143.72600000,143.72600000,pre_session_low,0.03000000,0.1829,neckline_level,143.82200000,0.5350,false,true,true,false,not_blocked,8,4,4,m5_failure_exit,off,none,0.00000000,0.0000,1.30,143.54300000,4.200,-0.300,0.200,PERIOD_M15,143.94700000,143.67800000,0.2900,outside,0.000,true,143.75600000,143.92000000,0.16400000,143.54300000,1.299,0.12335714,22.00,60-90,true,false,none,not_consumed,4.500,4.500,none,0.0000,false,neckline_retest_failed,false,not_invalidated,
2025.05.08 04:30:00,order_sent,session_reversal_pullback_one_symbol_first120,USDJPY,SHORT,2025.05.08 04:25:00,4,1,10,tokyo,2025.05.08 00:00,85,first_120min,false,true,3,USDJPY,highest_score_in_session_bar,tokyo=USDJPY|EURJPY|GBPJPY|AUDJPY,existing_first120_gate,tokyo,true,false,true,passed_first_window,double_top,neckline_break_retest,143.82200000,PERIOD_M5,PERIOD_H1,PERIOD_M15,PERIOD_M5,PERIOD_M5,false,htf_soft_alignment,current_post_filter,transcript_post_filter,dow_trend_up_hh_hl,no_ordered_dow_wave3_break,dow_trend_up_hh_hl,no_ordered_dow_wave3_break,false,false,true,SHORT,PERIOD_M5,double_top,double_top,4.200,none,0.000,double_top,4.200,none,0.000,SHORT,false,PERIOD_H1_LONG_dow_trend_up_hh_hl|PERIOD_M15_NONE_no_ordered_dow_wave3_break,true,h1_counter_m15_reversal,true,top_LONG_dow_trend_up_hh_hl|structure_NONE_no_ordered_dow_wave3_break|structure_break_recent_confirmed_swing_break_failed|primary_break_recent_confirmed_swing_break_retest,none,above_75sma_flat_or_falling,above_75sma_rising,below_75sma_flat_or_rising,-1,0.00000000,1,143.72600000,false,off,NONE,NONE,0.00000000,0.00000000,0.0000,none,0.000,true,SHORT,return_low_break_or_bos_down,143.67800000,1,143.94700000,143.67800000,false,off,independent,false,,,false,0.0000,none,0.0000,0.0000,none,0.0000,0.0000,0.0000,none,0.0000,0,0,0.0000,none,none,none,none,0.0000,0,0.0000,none,false,true,not_evaluated,true,required_light_or_anchor_flip,bias_flip_down,143.72600000,2025.05.08 02:30:00,143.53600000,2025.05.07 20:30:00,2025.05.08 03:00:00,true,SHORT,143.72600000,143.59500000,0.8717,1,true,2025.05.08 04:00:00,1,SHORT,143.72600000,143.59500000,0.8717,1.6635,normal,2025.05.08 04:00:00,first_after_anchor,true,SHORT,1,1,1,true,false,fresh_0_4,true,false,false,true,none,true,required,true,PERIOD_M5,2025.05.08 04:05:00,2025.05.08 04:10:00,5,0.4215,true,143.72600000,0.4215,true,0.2594,false,none,failed_close_back_inside,false,post_anchor_close_back_inside,true,required_first_signal_only,SHORT,unknown,0.00000000,,0.00000000,,false,,-1,false,NONE,0.00000000,,0.00000000,0.0000,0.0000,none,-1,false,false,false,insufficient_confirmed_m5_pivots,USDJPY|SHORT|1746676800|143.726,,,false,false,false,-1,-1,-1,-1,-1,false,false,false,0.0000,rising_n,false,143.99500000,142.89900000,7.2928,true,1.6635,0.2013,0,normal,true,0.4506,preferred_382_618,0.200,diagnostic_only,diagnostic_only,diagnostic_only,shallow_pullback,5,0.440,true,none,0.590,high_quality,false,false,diagnostic_only,both,true,none,true,diagnostic_adjacent_detected,required_light,false,false,LONG,6,false,false,0,2025.05.08 02:35:00,2025.05.08 04:00:00,5,3.1372,0.00000000,143.56000000,143.56000000,false,false,none,0.00000000,false,0.0000,0.0000,false,1,0.0000,false,-1,0.00000000,0.0000,off,false,not_evaluated,none,0.0000,0.0000,none,false,false,false,0.0000,none,false,none,0.0000,false,none,2.6508,1.7915,1.4796,0.0000,true,strong_exhaustion,0.0000,none,none,false,false,none,0.0000,0.0000,0.0000,0.0000,none,false,false,0.0000,0.0000,false,false,-1,none,none,false,0.000,0.000,143.81100000,143.72600000,143.72600000,pre_session_low,0.03000000,0.1829,neckline_level,143.82200000,0.5350,false,true,true,false,not_blocked,8,4,4,m5_failure_exit,off,none,0.00000000,0.0000,1.30,143.54300000,4.200,-0.300,0.200,PERIOD_M15,143.94700000,143.67800000,0.2900,outside,0.000,true,143.75600000,143.92000000,0.16400000,143.54300000,1.299,0.12335714,22.00,60-90,true,false,none,order_sent,4.500,4.500,none,0.0000,false,neckline_retest_failed,false,not_invalidated,
2025.05.08 16:50:00,signal,session_reversal_pullback_one_symbol_first120,AUDJPY,SHORT,2025.05.08 16:45:00,16,13,22,london_newyork_overlap,2025.05.08 13:00,45,first_120min,true,true,3,AUDJPY,highest_score_in_session_bar,london_newyork_overlap=USDJPY|EURJPY|GBPJPY|AUDJPY|EURUSD|GBPUSD,existing_first120_gate,london_newyork_overlap,false,false,true,passed_first_window,head_and_shoulders,neckline_break_retest,92.83300000,PERIOD_M5,PERIOD_H1,PERIOD_M15,PERIOD_M5,PERIOD_M5,false,htf_soft_alignment,current_post_filter,transcript_post_filter,dow_range_or_transition,structure_trend_bias_dow_trend_up_hh_hl,dow_range_or_transition,structure_trend_bias_dow_trend_up_hh_hl,false,false,true,SHORT,PERIOD_M5,head_and_shoulders,head_and_shoulders,4.500,none,0.000,head_and_shoulders,4.500,none,0.000,SHORT,false,PERIOD_H1_NONE_dow_range_or_transition|PERIOD_M15_LONG_structure_trend_bias_dow_trend_up_hh_hl,true,h1_counter_m15_reversal,true,top_NONE_dow_range_or_transition|structure_LONG_structure_trend_bias_dow_trend_up_hh_hl|structure_break_recent_confirmed_swing_break_failed|primary_break_no_recent_confirmed_swing_break,none,above_75sma_flat_or_falling,above_75sma_rising,below_75sma_flat_or_rising,-1,0.00000000,-1,0.00000000,false,off,NONE,NONE,0.00000000,0.00000000,0.0000,none,0.000,true,SHORT,return_low_break_or_bos_down,92.66900000,23,93.01800000,92.60500000,false,off,independent,false,,,false,0.0000,none,0.0000,0.0000,none,0.0000,0.0000,0.0000,none,0.0000,0,0,0.0000,none,none,none,none,0.0000,0,0.0000,none,false,true,not_evaluated,true,required_light_or_anchor_flip,long_bias,92.45800000,2025.05.08 10:00:00,92.79300000,2025.05.08 08:00:00,2025.05.08 13:15:00,false,NONE,0.00000000,0.00000000,0.0000,-1,false,,-1,NONE,0.00000000,0.00000000,0.0000,0.0000,none,,none,false,NONE,-1,-1,-1,false,false,none,false,true,false,true,none,true,required,false,PERIOD_M5,,,-1,0.0000,false,0.00000000,0.0000,false,0.0000,false,none,none,false,no_anchor_flip_in_entry_direction,true,required_first_signal_only,SHORT,unknown,0.00000000,,0.00000000,,false,,-1,false,NONE,0.00000000,,0.00000000,0.0000,0.0000,none,-1,false,false,false,no_anchor_flip_in_entry_direction,,,,false,false,false,-1,-1,-1,-1,-1,false,false,false,0.0000,rising_n,false,93.01800000,92.45800000,5.4825,false,0.0000,0.0000,0,none,true,0.4044,preferred_382_618,0.200,diagnostic_only,diagnostic_only,diagnostic_only,deep_pullback,24,0.400,true,none,0.550,high_quality,false,false,diagnostic_only,both,true,none,true,diagnostic_adjacent_detected,required_light,false,false,LONG,4,false,false,2,2025.05.08 14:45:00,2025.05.08 16:10:00,7,3.5194,0.00000000,92.77200000,92.77200000,false,false,none,0.00000000,false,0.0000,0.0000,false,1,0.0000,false,-1,0.00000000,0.0000,off,false,not_evaluated,none,0.0000,0.0000,none,false,false,false,0.0000,none,false,none,0.0000,false,none,2.7132,3.3643,0.8065,0.1550,false,mild_exhaustion,0.0000,none,none,false,false,none,0.0000,0.0000,0.0000,0.0000,none,false,false,0.0000,0.0000,false,false,-1,none,none,false,0.000,0.000,92.80042857,92.76900000,92.76900000,pre_session_low,0.00300000,0.0164,session_low|opening_range_low|neckline_level,92.75100000,0.3256,false,true,false,false,not_blocked,2,2,0,m5_failure_exit,off,none,0.00000000,0.0000,1.30,92.53500000,4.500,-0.300,0.200,PERIOD_M15,93.01800000,92.72000000,0.1745,outside,0.000,true,92.77200000,92.95500000,0.18300000,92.53500000,1.295,0.06450000,28.00,30-60,true,false,none,not_consumed,4.600,4.600,none,0.0000,false,opposite_break_first,true,opposite_break_first,spread_too_high
2025.05.08 16:50:00,blocked,session_reversal_pullback_one_symbol_first120,AUDJPY,SHORT,2025.05.08 16:45:00,16,13,22,london_newyork_overlap,2025.05.08 13:00,45,first_120min,true,true,3,AUDJPY,highest_score_in_session_bar,london_newyork_overlap=USDJPY|EURJPY|GBPJPY|AUDJPY|EURUSD|GBPUSD,existing_first120_gate,london_newyork_overlap,false,false,true,passed_first_window,head_and_shoulders,neckline_break_retest,92.83300000,PERIOD_M5,PERIOD_H1,PERIOD_M15,PERIOD_M5,PERIOD_M5,false,htf_soft_alignment,current_post_filter,transcript_post_filter,dow_range_or_transition,structure_trend_bias_dow_trend_up_hh_hl,dow_range_or_transition,structure_trend_bias_dow_trend_up_hh_hl,false,false,true,SHORT,PERIOD_M5,head_and_shoulders,head_and_shoulders,4.500,none,0.000,head_and_shoulders,4.500,none,0.000,SHORT,false,PERIOD_H1_NONE_dow_range_or_transition|PERIOD_M15_LONG_structure_trend_bias_dow_trend_up_hh_hl,true,h1_counter_m15_reversal,true,top_NONE_dow_range_or_transition|structure_LONG_structure_trend_bias_dow_trend_up_hh_hl|structure_break_recent_confirmed_swing_break_failed|primary_break_no_recent_confirmed_swing_break,none,above_75sma_flat_or_falling,above_75sma_rising,below_75sma_flat_or_rising,-1,0.00000000,-1,0.00000000,false,off,NONE,NONE,0.00000000,0.00000000,0.0000,none,0.000,true,SHORT,return_low_break_or_bos_down,92.66900000,23,93.01800000,92.60500000,false,off,independent,false,,,false,0.0000,none,0.0000,0.0000,none,0.0000,0.0000,0.0000,none,0.0000,0,0,0.0000,none,none,none,none,0.0000,0,0.0000,none,false,true,not_evaluated,true,required_light_or_anchor_flip,long_bias,92.45800000,2025.05.08 10:00:00,92.79300000,2025.05.08 08:00:00,2025.05.08 13:15:00,false,NONE,0.00000000,0.00000000,0.0000,-1,false,,-1,NONE,0.00000000,0.00000000,0.0000,0.0000,none,,none,false,NONE,-1,-1,-1,false,false,none,false,true,false,true,none,true,required,false,PERIOD_M5,,,-1,0.0000,false,0.00000000,0.0000,false,0.0000,false,none,none,false,no_anchor_flip_in_entry_direction,true,required_first_signal_only,SHORT,unknown,0.00000000,,0.00000000,,false,,-1,false,NONE,0.00000000,,0.00000000,0.0000,0.0000,none,-1,false,false,false,no_anchor_flip_in_entry_direction,,,,false,false,false,-1,-1,-1,-1,-1,false,false,false,0.0000,rising_n,false,93.01800000,92.45800000,5.4825,false,0.0000,0.0000,0,none,true,0.4044,preferred_382_618,0.200,diagnostic_only,diagnostic_only,diagnostic_only,deep_pullback,24,0.400,true,none,0.550,high_quality,false,false,diagnostic_only,both,true,none,true,diagnostic_adjacent_detected,required_light,false,false,LONG,4,false,false,2,2025.05.08 14:45:00,2025.05.08 16:10:00,7,3.5194,0.00000000,92.77200000,92.77200000,false,false,none,0.00000000,false,0.0000,0.0000,false,1,0.0000,false,-1,0.00000000,0.0000,off,false,not_evaluated,none,0.0000,0.0000,none,false,false,false,0.0000,none,false,none,0.0000,false,none,2.7132,3.3643,0.8065,0.1550,false,mild_exhaustion,0.0000,none,none,false,false,none,0.0000,0.0000,0.0000,0.0000,none,false,false,0.0000,0.0000,false,false,-1,none,none,false,0.000,0.000,92.80042857,92.76900000,92.76900000,pre_session_low,0.00300000,0.0164,session_low|opening_range_low|neckline_level,92.75100000,0.3256,false,true,false,false,not_blocked,2,2,0,m5_failure_exit,off,none,0.00000000,0.0000,1.30,92.53500000,4.500,-0.300,0.200,PERIOD_M15,93.01800000,92.72000000,0.1745,outside,0.000,true,92.77200000,92.95500000,0.18300000,92.53500000,1.295,0.06450000,28.00,30-60,true,false,none,blocked_spread_too_high,4.600,4.600,none,0.0000,false,opposite_break_first,true,opposite_break_first,spread_too_high
2025.05.09 03:20:00,signal,session_reversal_pullback_one_symbol_first120,AUDJPY,SHORT,2025.05.09 03:15:00,3,0,9,tokyo,2025.05.09 00:00,15,first_120min,true,true,3,AUDJPY,highest_score_in_session_bar,tokyo=USDJPY|EURJPY|GBPJPY|AUDJPY,existing_first120_gate,tokyo,false,false,true,passed_first_window,double_top,neckline_break_retest,93.31800000,PERIOD_M5,PERIOD_H1,PERIOD_M15,PERIOD_M5,PERIOD_M5,false,htf_soft_alignment,current_post_filter,transcript_post_filter,dow_trend_up_hh_hl,no_ordered_dow_wave3_break,dow_trend_up_hh_hl,no_ordered_dow_wave3_break,false,false,true,SHORT,PERIOD_M5,double_top,double_top,4.200,none,0.000,double_top,4.200,none,0.000,SHORT,true,PERIOD_H1_LONG_dow_trend_up_hh_hl|PERIOD_M15_NONE_no_ordered_dow_wave3_break,true,h1_counter_m15_reversal,true,top_LONG_dow_trend_up_hh_hl|structure_NONE_no_ordered_dow_wave3_break|structure_break_recent_confirmed_swing_break_retest|primary_break_recent_confirmed_swing_break_retest,none,above_75sma_rising,above_75sma_rising,below_75sma_falling,11,93.27000000,1,93.30000000,false,off,NONE,NONE,0.00000000,0.00000000,0.0000,none,0.000,true,SHORT,return_low_break_or_bos_down,93.27000000,11,93.53600000,93.22800000,false,off,independent,false,,,false,0.0000,none,0.0000,0.0000,none,0.0000,0.0000,0.0000,none,0.0000,0,0,0.0000,none,none,none,none,0.0000,0,0.0000,none,false,true,not_evaluated,true,required_light_or_anchor_flip,short_bias,93.27000000,2025.05.08 22:00:00,93.40500000,2025.05.08 23:45:00,2025.05.09 00:00:00,false,NONE,0.00000000,0.00000000,0.0000,-1,false,,-1,NONE,0.00000000,0.00000000,0.0000,0.0000,none,,none,false,NONE,-1,-1,-1,false,false,none,true,false,false,true,none,true,required,false,PERIOD_M5,,,-1,0.0000,false,0.00000000,0.0000,false,0.0000,false,none,none,false,no_anchor_flip_in_entry_direction,true,required_first_signal_only,SHORT,unknown,0.00000000,,0.00000000,,false,,-1,false,NONE,0.00000000,,0.00000000,0.0000,0.0000,none,-1,false,false,false,no_anchor_flip_in_entry_direction,,,,false,false,false,-1,-1,-1,-1,-1,false,false,false,0.0000,range_n,true,93.40500000,93.22800000,2.2486,false,0.0000,0.0000,0,none,true,0.2792,shallow_236_382,0.080,diagnostic_only,diagnostic_only,diagnostic_only,shallow_pullback,24,0.280,true,none,0.430,high_quality,false,false,diagnostic_only,both,true,none,true,diagnostic_adjacent_detected,required_light,false,true,LONG,5,true,true,2,2025.05.09 01:30:00,2025.05.09 02:50:00,5,2.5128,0.00000000,93.30000000,93.30000000,true,true,m5_hl_close_break_down,93.30000000,true,1.0347,1.0347,true,1,0.2956,false,2,93.30000000,0.3167,off,false,not_evaluated,none,0.6596,0.3404,strong,false,false,true,0.2956,failed_2bars,true,favorable_side,0.3191,false,clean_retest,1.7315,2.1327,0.8119,0.3801,false,mild_exhaustion,0.0000,none,none,false,false,none,0.0000,0.0000,0.0000,0.0000,none,false,false,0.0000,0.0000,false,false,-1,none,none,false,0.000,0.000,93.31800000,93.29900000,93.29900000,pre_session_low,0.01500000,0.3000,neckline_level,93.31800000,0.0845,false,true,true,false,not_blocked,5,3,2,m5_failure_exit,off,none,0.00000000,0.0000,1.30,93.25000000,4.200,-0.300,0.200,PERIOD_M15,93.38400000,93.26300000,0.4215,preferred_382_618,0.000,true,93.31400000,93.36400000,0.05000000,93.25000000,1.280,0.04735714,28.00,0-30,true,false,none,not_consumed,4.850,4.850,none,0.0000,false,neckline_retest_failed,false,not_invalidated,spread_too_high
2025.05.09 03:20:00,blocked,session_reversal_pullback_one_symbol_first120,AUDJPY,SHORT,2025.05.09 03:15:00,3,0,9,tokyo,2025.05.09 00:00,15,first_120min,true,true,3,AUDJPY,highest_score_in_session_bar,tokyo=USDJPY|EURJPY|GBPJPY|AUDJPY,existing_first120_gate,tokyo,false,false,true,passed_first_window,double_top,neckline_break_retest,93.31800000,PERIOD_M5,PERIOD_H1,PERIOD_M15,PERIOD_M5,PERIOD_M5,false,htf_soft_alignment,current_post_filter,transcript_post_filter,dow_trend_up_hh_hl,no_ordered_dow_wave3_break,dow_trend_up_hh_hl,no_ordered_dow_wave3_break,false,false,true,SHORT,PERIOD_M5,double_top,double_top,4.200,none,0.000,double_top,4.200,none,0.000,SHORT,true,PERIOD_H1_LONG_dow_trend_up_hh_hl|PERIOD_M15_NONE_no_ordered_dow_wave3_break,true,h1_counter_m15_reversal,true,top_LONG_dow_trend_up_hh_hl|structure_NONE_no_ordered_dow_wave3_break|structure_break_recent_confirmed_swing_break_retest|primary_break_recent_confirmed_swing_break_retest,none,above_75sma_rising,above_75sma_rising,below_75sma_falling,11,93.27000000,1,93.30000000,false,off,NONE,NONE,0.00000000,0.00000000,0.0000,none,0.000,true,SHORT,return_low_break_or_bos_down,93.27000000,11,93.53600000,93.22800000,false,off,independent,false,,,false,0.0000,none,0.0000,0.0000,none,0.0000,0.0000,0.0000,none,0.0000,0,0,0.0000,none,none,none,none,0.0000,0,0.0000,none,false,true,not_evaluated,true,required_light_or_anchor_flip,short_bias,93.27000000,2025.05.08 22:00:00,93.40500000,2025.05.08 23:45:00,2025.05.09 00:00:00,false,NONE,0.00000000,0.00000000,0.0000,-1,false,,-1,NONE,0.00000000,0.00000000,0.0000,0.0000,none,,none,false,NONE,-1,-1,-1,false,false,none,true,false,false,true,none,true,required,false,PERIOD_M5,,,-1,0.0000,false,0.00000000,0.0000,false,0.0000,false,none,none,false,no_anchor_flip_in_entry_direction,true,required_first_signal_only,SHORT,unknown,0.00000000,,0.00000000,,false,,-1,false,NONE,0.00000000,,0.00000000,0.0000,0.0000,none,-1,false,false,false,no_anchor_flip_in_entry_direction,,,,false,false,false,-1,-1,-1,-1,-1,false,false,false,0.0000,range_n,true,93.40500000,93.22800000,2.2486,false,0.0000,0.0000,0,none,true,0.2792,shallow_236_382,0.080,diagnostic_only,diagnostic_only,diagnostic_only,shallow_pullback,24,0.280,true,none,0.430,high_quality,false,false,diagnostic_only,both,true,none,true,diagnostic_adjacent_detected,required_light,false,true,LONG,5,true,true,2,2025.05.09 01:30:00,2025.05.09 02:50:00,5,2.5128,0.00000000,93.30000000,93.30000000,true,true,m5_hl_close_break_down,93.30000000,true,1.0347,1.0347,true,1,0.2956,false,2,93.30000000,0.3167,off,false,not_evaluated,none,0.6596,0.3404,strong,false,false,true,0.2956,failed_2bars,true,favorable_side,0.3191,false,clean_retest,1.7315,2.1327,0.8119,0.3801,false,mild_exhaustion,0.0000,none,none,false,false,none,0.0000,0.0000,0.0000,0.0000,none,false,false,0.0000,0.0000,false,false,-1,none,none,false,0.000,0.000,93.31800000,93.29900000,93.29900000,pre_session_low,0.01500000,0.3000,neckline_level,93.31800000,0.0845,false,true,true,false,not_blocked,5,3,2,m5_failure_exit,off,none,0.00000000,0.0000,1.30,93.25000000,4.200,-0.300,0.200,PERIOD_M15,93.38400000,93.26300000,0.4215,preferred_382_618,0.000,true,93.31400000,93.36400000,0.05000000,93.25000000,1.280,0.04735714,28.00,0-30,true,false,none,blocked_spread_too_high,4.850,4.850,none,0.0000,false,neckline_retest_failed,false,not_invalidated,spread_too_high
2025.05.09 10:35:00,signal,session_reversal_pullback_one_symbol_first120,AUDJPY,SHORT,2025.05.09 10:30:00,10,7,16,london,2025.05.09 07:00,30,first_120min,true,true,3,AUDJPY,highest_score_in_session_bar,london=USDJPY|EURJPY|GBPJPY|AUDJPY|EURUSD|GBPUSD,existing_first120_gate,london,true,false,true,passed_first_window,double_top,neckline_break_retest,93.11300000,PERIOD_M5,PERIOD_H1,PERIOD_M15,PERIOD_M5,PERIOD_M5,false,htf_soft_alignment,current_post_filter,transcript_post_filter,dow_trend_up_hh_hl,structure_trend_bias_dow_trend_down_ll_lh,dow_trend_up_hh_hl,structure_trend_bias_dow_trend_down_ll_lh,false,false,true,SHORT,PERIOD_M5,double_top,double_top,4.200,none,0.000,double_top,4.200,none,0.000,SHORT,false,PERIOD_H1_LONG_dow_trend_up_hh_hl|PERIOD_M15_SHORT_structure_trend_bias_dow_trend_down_ll_lh,true,h1_counter_m15_reversal,true,top_LONG_dow_trend_up_hh_hl|structure_SHORT_structure_trend_bias_dow_trend_down_ll_lh|structure_break_recent_confirmed_swing_break_failed|primary_break_recent_confirmed_swing_break_retest,none,above_75sma_rising,below_75sma_flat_or_rising,below_75sma_falling,-1,0.00000000,0,93.12900000,false,off,NONE,NONE,0.00000000,0.00000000,0.0000,none,0.000,true,SHORT,return_low_break_or_bos_down,92.97600000,1,93.31600000,92.97600000,false,off,independent,false,,,false,0.0000,none,0.0000,0.0000,none,0.0000,0.0000,0.0000,none,0.0000,0,0,0.0000,none,none,none,none,0.0000,0,0.0000,none,false,true,not_evaluated,true,required_light_or_anchor_flip,short_bias,93.08900000,2025.05.09 06:00:00,93.26600000,2025.05.09 08:00:00,2025.05.09 08:00:00,false,NONE,0.00000000,0.00000000,0.0000,-1,false,,-1,NONE,0.00000000,0.00000000,0.0000,0.0000,none,,none,false,NONE,-1,-1,-1,false,false,none,true,false,false,true,none,true,required,false,PERIOD_M5,,,-1,0.0000,false,0.00000000,0.0000,false,0.0000,false,none,none,false,no_anchor_flip_in_entry_direction,true,required_first_signal_only,SHORT,unknown,0.00000000,,0.00000000,,false,,-1,false,NONE,0.00000000,,0.00000000,0.0000,0.0000,none,-1,false,false,false,no_anchor_flip_in_entry_direction,,,,false,false,false,-1,-1,-1,-1,-1,false,false,false,0.0000,falling_n,false,93.31600000,93.08900000,2.4886,false,0.0000,0.0000,0,none,true,0.4560,preferred_382_618,0.200,diagnostic_only,diagnostic_only,diagnostic_only,shallow_pullback,14,0.440,true,none,0.590,high_quality,false,false,diagnostic_only,both,true,none,true,diagnostic_adjacent_detected,required_light,false,false,LONG,4,false,false,0,2025.05.09 07:45:00,2025.05.09 08:30:00,24,2.2122,0.00000000,93.12900000,93.12900000,true,true,m5_hl_close_break_down,93.12900000,true,1.2757,0.3875,true,1,0.0000,true,11,93.12900000,0.3068,off,false,not_evaluated,none,0.6301,0.3699,strong,true,false,false,0.0000,held_clean,true,favorable_side,0.0000,false,clean_retest,1.6632,1.2918,1.2875,0.0000,true,strong_exhaustion,0.0000,none,none,false,false,none,0.0000,0.0000,0.0000,0.0000,none,false,false,0.0000,0.0000,false,false,-1,none,none,false,0.000,0.000,93.11300000,93.11000000,93.11000000,session_high,0.00200000,0.0339,neckline_level,93.11300000,0.0161,false,true,false,false,not_blocked,2,2,0,m5_failure_exit,off,none,0.00000000,0.0000,1.30,93.03500000,4.200,-0.300,0.200,PERIOD_M15,93.26600000,92.97600000,0.4690,preferred_382_618,0.000,true,93.11200000,93.17100000,0.05900000,93.03500000,1.305,0.06192857,28.00,30-60,true,false,none,not_consumed,4.500,4.500,none,0.0000,false,opposite_break_first,true,opposite_break_first,spread_too_high
2025.05.09 10:35:00,blocked,session_reversal_pullback_one_symbol_first120,AUDJPY,SHORT,2025.05.09 10:30:00,10,7,16,london,2025.05.09 07:00,30,first_120min,true,true,3,AUDJPY,highest_score_in_session_bar,london=USDJPY|EURJPY|GBPJPY|AUDJPY|EURUSD|GBPUSD,existing_first120_gate,london,true,false,true,passed_first_window,double_top,neckline_break_retest,93.11300000,PERIOD_M5,PERIOD_H1,PERIOD_M15,PERIOD_M5,PERIOD_M5,false,htf_soft_alignment,current_post_filter,transcript_post_filter,dow_trend_up_hh_hl,structure_trend_bias_dow_trend_down_ll_lh,dow_trend_up_hh_hl,structure_trend_bias_dow_trend_down_ll_lh,false,false,true,SHORT,PERIOD_M5,double_top,double_top,4.200,none,0.000,double_top,4.200,none,0.000,SHORT,false,PERIOD_H1_LONG_dow_trend_up_hh_hl|PERIOD_M15_SHORT_structure_trend_bias_dow_trend_down_ll_lh,true,h1_counter_m15_reversal,true,top_LONG_dow_trend_up_hh_hl|structure_SHORT_structure_trend_bias_dow_trend_down_ll_lh|structure_break_recent_confirmed_swing_break_failed|primary_break_recent_confirmed_swing_break_retest,none,above_75sma_rising,below_75sma_flat_or_rising,below_75sma_falling,-1,0.00000000,0,93.12900000,false,off,NONE,NONE,0.00000000,0.00000000,0.0000,none,0.000,true,SHORT,return_low_break_or_bos_down,92.97600000,1,93.31600000,92.97600000,false,off,independent,false,,,false,0.0000,none,0.0000,0.0000,none,0.0000,0.0000,0.0000,none,0.0000,0,0,0.0000,none,none,none,none,0.0000,0,0.0000,none,false,true,not_evaluated,true,required_light_or_anchor_flip,short_bias,93.08900000,2025.05.09 06:00:00,93.26600000,2025.05.09 08:00:00,2025.05.09 08:00:00,false,NONE,0.00000000,0.00000000,0.0000,-1,false,,-1,NONE,0.00000000,0.00000000,0.0000,0.0000,none,,none,false,NONE,-1,-1,-1,false,false,none,true,false,false,true,none,true,required,false,PERIOD_M5,,,-1,0.0000,false,0.00000000,0.0000,false,0.0000,false,none,none,false,no_anchor_flip_in_entry_direction,true,required_first_signal_only,SHORT,unknown,0.00000000,,0.00000000,,false,,-1,false,NONE,0.00000000,,0.00000000,0.0000,0.0000,none,-1,false,false,false,no_anchor_flip_in_entry_direction,,,,false,false,false,-1,-1,-1,-1,-1,false,false,false,0.0000,falling_n,false,93.31600000,93.08900000,2.4886,false,0.0000,0.0000,0,none,true,0.4560,preferred_382_618,0.200,diagnostic_only,diagnostic_only,diagnostic_only,shallow_pullback,14,0.440,true,none,0.590,high_quality,false,false,diagnostic_only,both,true,none,true,diagnostic_adjacent_detected,required_light,false,false,LONG,4,false,false,0,2025.05.09 07:45:00,2025.05.09 08:30:00,24,2.2122,0.00000000,93.12900000,93.12900000,true,true,m5_hl_close_break_down,93.12900000,true,1.2757,0.3875,true,1,0.0000,true,11,93.12900000,0.3068,off,false,not_evaluated,none,0.6301,0.3699,strong,true,false,false,0.0000,held_clean,true,favorable_side,0.0000,false,clean_retest,1.6632,1.2918,1.2875,0.0000,true,strong_exhaustion,0.0000,none,none,false,false,none,0.0000,0.0000,0.0000,0.0000,none,false,false,0.0000,0.0000,false,false,-1,none,none,false,0.000,0.000,93.11300000,93.11000000,93.11000000,session_high,0.00200000,0.0339,neckline_level,93.11300000,0.0161,false,true,false,false,not_blocked,2,2,0,m5_failure_exit,off,none,0.00000000,0.0000,1.30,93.03500000,4.200,-0.300,0.200,PERIOD_M15,93.26600000,92.97600000,0.4690,preferred_382_618,0.000,true,93.11200000,93.17100000,0.05900000,93.03500000,1.305,0.06192857,28.00,30-60,true,false,none,blocked_spread_too_high,4.500,4.500,none,0.0000,false,opposite_break_first,true,opposite_break_first,spread_too_high
2025.05.09 16:30:00,signal,session_reversal_pullback_one_symbol_first120,GBPJPY,SHORT,2025.05.09 16:25:00,16,13,22,london_newyork_overlap,2025.05.09 13:00,25,first_120min,true,true,3,GBPJPY,highest_score_in_session_bar,london_newyork_overlap=USDJPY|EURJPY|GBPJPY|AUDJPY|EURUSD|GBPUSD,existing_first120_gate,london_newyork_overlap,false,false,true,passed_first_window,double_top,neckline_break_retest,192.87100000,PERIOD_M5,PERIOD_H1,PERIOD_M15,PERIOD_M5,PERIOD_M5,false,htf_soft_alignment,current_post_filter,transcript_post_filter,dow_trend_up_hh_hl,structure_trend_bias_dow_trend_up_hh_hl,dow_trend_up_hh_hl,structure_trend_bias_dow_trend_up_hh_hl,false,false,true,SHORT,PERIOD_M5,double_top,double_top,4.200,none,0.000,double_top,4.200,none,0.000,SHORT,false,PERIOD_H1_LONG_dow_trend_up_hh_hl|PERIOD_M15_LONG_structure_trend_bias_dow_trend_up_hh_hl,true,h1_counter_m15_reversal,true,top_LONG_dow_trend_up_hh_hl|structure_LONG_structure_trend_bias_dow_trend_up_hh_hl|structure_break_recent_confirmed_swing_break_failed|primary_break_no_recent_confirmed_swing_break,none,above_75sma_rising,below_75sma_falling,above_75sma_rising,-1,0.00000000,-1,0.00000000,false,off,NONE,NONE,0.00000000,0.00000000,0.0000,none,0.000,true,SHORT,return_low_break_or_bos_down,192.60000000,21,193.02300000,192.33700000,false,off,independent,false,,,false,0.0000,none,0.0000,0.0000,none,0.0000,0.0000,0.0000,none,0.0000,0,0,0.0000,none,none,none,none,0.0000,0,0.0000,none,false,true,not_evaluated,true,required_light_or_anchor_flip,long_bias,192.39900000,2025.05.09 11:00:00,192.81900000,2025.05.09 06:45:00,2025.05.09 13:15:00,false,NONE,0.00000000,0.00000000,0.0000,-1,false,,-1,NONE,0.00000000,0.00000000,0.0000,0.0000,none,,none,false,NONE,-1,-1,-1,false,false,none,false,true,false,true,none,true,required,false,PERIOD_M5,,,-1,0.0000,false,0.00000000,0.0000,false,0.0000,false,none,none,false,no_anchor_flip_in_entry_direction,true,required_first_signal_only,SHORT,unknown,0.00000000,,0.00000000,,false,,-1,false,NONE,0.00000000,,0.00000000,0.0000,0.0000,none,-1,false,false,false,no_anchor_flip_in_entry_direction,,,,false,false,false,-1,-1,-1,-1,-1,false,false,false,0.0000,rising_n,false,192.89100000,192.33700000,3.7057,false,0.0000,0.0000,0,none,true,0.7070,deep_618_786,0.120,diagnostic_only,diagnostic_only,diagnostic_only,deep_pullback,24,0.370,true,none,0.520,high_quality,false,false,diagnostic_only,both,true,none,true,diagnostic_adjacent_detected,required_light,false,false,LONG,5,false,false,1,2025.05.09 14:00:00,2025.05.09 16:00:00,5,6.1172,0.00000000,192.48600000,192.48600000,false,false,none,0.00000000,false,0.0000,0.0000,false,1,0.0000,false,-1,0.00000000,0.0000,off,false,not_evaluated,none,0.0000,0.0000,none,false,false,false,0.0000,none,false,none,0.0000,false,none,6.1172,1.9593,3.1221,1.5151,false,no_shrink,0.0000,none,none,false,false,none,0.0000,0.0000,0.0000,0.0000,none,false,false,0.0000,0.0000,false,false,-1,none,none,false,0.000,0.000,192.83500000,192.81100000,0.00000000,none,0.00000000,0.0000,session_low|opening_range_low|neckline_level,192.81100000,0.1253,true,false,false,false,not_blocked,0,0,0,m5_failure_exit,off,none,0.00000000,0.0000,1.30,192.67700000,4.200,0.350,0.200,PERIOD_M15,192.89100000,192.48600000,0.8296,outside,0.000,true,192.82200000,192.93400000,0.11200000,192.67700000,1.295,0.08778571,38.00,0-30,true,false,none,not_consumed,4.950,4.950,none,0.0000,false,neckline_retest_failed,false,not_invalidated,spread_too_high
2025.05.09 16:30:00,blocked,session_reversal_pullback_one_symbol_first120,GBPJPY,SHORT,2025.05.09 16:25:00,16,13,22,london_newyork_overlap,2025.05.09 13:00,25,first_120min,true,true,3,GBPJPY,highest_score_in_session_bar,london_newyork_overlap=USDJPY|EURJPY|GBPJPY|AUDJPY|EURUSD|GBPUSD,existing_first120_gate,london_newyork_overlap,false,false,true,passed_first_window,double_top,neckline_break_retest,192.87100000,PERIOD_M5,PERIOD_H1,PERIOD_M15,PERIOD_M5,PERIOD_M5,false,htf_soft_alignment,current_post_filter,transcript_post_filter,dow_trend_up_hh_hl,structure_trend_bias_dow_trend_up_hh_hl,dow_trend_up_hh_hl,structure_trend_bias_dow_trend_up_hh_hl,false,false,true,SHORT,PERIOD_M5,double_top,double_top,4.200,none,0.000,double_top,4.200,none,0.000,SHORT,false,PERIOD_H1_LONG_dow_trend_up_hh_hl|PERIOD_M15_LONG_structure_trend_bias_dow_trend_up_hh_hl,true,h1_counter_m15_reversal,true,top_LONG_dow_trend_up_hh_hl|structure_LONG_structure_trend_bias_dow_trend_up_hh_hl|structure_break_recent_confirmed_swing_break_failed|primary_break_no_recent_confirmed_swing_break,none,above_75sma_rising,below_75sma_falling,above_75sma_rising,-1,0.00000000,-1,0.00000000,false,off,NONE,NONE,0.00000000,0.00000000,0.0000,none,0.000,true,SHORT,return_low_break_or_bos_down,192.60000000,21,193.02300000,192.33700000,false,off,independent,false,,,false,0.0000,none,0.0000,0.0000,none,0.0000,0.0000,0.0000,none,0.0000,0,0,0.0000,none,none,none,none,0.0000,0,0.0000,none,false,true,not_evaluated,true,required_light_or_anchor_flip,long_bias,192.39900000,2025.05.09 11:00:00,192.81900000,2025.05.09 06:45:00,2025.05.09 13:15:00,false,NONE,0.00000000,0.00000000,0.0000,-1,false,,-1,NONE,0.00000000,0.00000000,0.0000,0.0000,none,,none,false,NONE,-1,-1,-1,false,false,none,false,true,false,true,none,true,required,false,PERIOD_M5,,,-1,0.0000,false,0.00000000,0.0000,false,0.0000,false,none,none,false,no_anchor_flip_in_entry_direction,true,required_first_signal_only,SHORT,unknown,0.00000000,,0.00000000,,false,,-1,false,NONE,0.00000000,,0.00000000,0.0000,0.0000,none,-1,false,false,false,no_anchor_flip_in_entry_direction,,,,false,false,false,-1,-1,-1,-1,-1,false,false,false,0.0000,rising_n,false,192.89100000,192.33700000,3.7057,false,0.0000,0.0000,0,none,true,0.7070,deep_618_786,0.120,diagnostic_only,diagnostic_only,diagnostic_only,deep_pullback,24,0.370,true,none,0.520,high_quality,false,false,diagnostic_only,both,true,none,true,diagnostic_adjacent_detected,required_light,false,false,LONG,5,false,false,1,2025.05.09 14:00:00,2025.05.09 16:00:00,5,6.1172,0.00000000,192.48600000,192.48600000,false,false,none,0.00000000,false,0.0000,0.0000,false,1,0.0000,false,-1,0.00000000,0.0000,off,false,not_evaluated,none,0.0000,0.0000,none,false,false,false,0.0000,none,false,none,0.0000,false,none,6.1172,1.9593,3.1221,1.5151,false,no_shrink,0.0000,none,none,false,false,none,0.0000,0.0000,0.0000,0.0000,none,false,false,0.0000,0.0000,false,false,-1,none,none,false,0.000,0.000,192.83500000,192.81100000,0.00000000,none,0.00000000,0.0000,session_low|opening_range_low|neckline_level,192.81100000,0.1253,true,false,false,false,not_blocked,0,0,0,m5_failure_exit,off,none,0.00000000,0.0000,1.30,192.67700000,4.200,0.350,0.200,PERIOD_M15,192.89100000,192.48600000,0.8296,outside,0.000,true,192.82200000,192.93400000,0.11200000,192.67700000,1.295,0.08778571,38.00,0-30,true,false,none,blocked_spread_too_high,4.950,4.950,none,0.0000,false,neckline_retest_failed,false,not_invalidated,spread_too_high
2025.05.09 20:40:00,signal,session_reversal_pullback_one_symbol_first120,USDJPY,SHORT,2025.05.09 20:35:00,20,17,2,new_york,2025.05.09 16:00,95,first_120min,false,true,3,USDJPY,highest_score_in_session_bar,new_york=USDJPY|EURJPY|GBPJPY|AUDJPY|EURUSD|GBPUSD,existing_first120_gate,new_york,false,false,true,passed_first_window,double_top,neckline_break_retest,145.25800000,PERIOD_M5,PERIOD_H1,PERIOD_M15,PERIOD_M5,PERIOD_M5,false,htf_soft_alignment,current_post_filter,transcript_post_filter,dow_trend_up_hh_hl,structure_trend_bias_dow_trend_down_ll_lh,dow_trend_up_hh_hl,structure_trend_bias_dow_trend_down_ll_lh,false,false,true,SHORT,PERIOD_M5,double_top,double_top,4.200,none,0.000,double_top,4.200,none,0.000,SHORT,false,PERIOD_H1_LONG_dow_trend_up_hh_hl|PERIOD_M15_SHORT_structure_trend_bias_dow_trend_down_ll_lh,true,h1_counter_m15_reversal,true,top_LONG_dow_trend_up_hh_hl|structure_SHORT_structure_trend_bias_dow_trend_down_ll_lh|structure_break_recent_confirmed_swing_break_failed|primary_break_no_recent_confirmed_swing_break,none,above_75sma_rising,below_75sma_falling,above_75sma_rising,-1,0.00000000,-1,0.00000000,false,off,NONE,NONE,0.00000000,0.00000000,0.0000,none,0.000,true,SHORT,return_low_break_or_bos_down,144.92400000,12,145.34900000,144.81700000,false,off,independent,false,,,false,0.0000,none,0.0000,0.0000,none,0.0000,0.0000,0.0000,none,0.0000,0,0,0.0000,none,none,none,none,0.0000,0,0.0000,none,false,true,not_evaluated,true,required_light_or_anchor_flip,bias_flip_up,145.08800000,2025.05.09 12:30:00,145.26100000,2025.05.09 17:00:00,2025.05.09 17:15:00,true,LONG,145.26100000,145.27200000,0.0902,2,true,2025.05.09 19:45:00,2,LONG,145.26100000,145.27200000,0.0902,0.1885,normal,2025.05.09 20:15:00,first_after_anchor,true,LONG,2,0,2,true,false,fresh_0_4,false,true,false,true,none,true,required,false,PERIOD_M5,,,-1,0.0000,false,0.00000000,0.0000,false,0.0000,false,none,none,false,no_anchor_flip_in_entry_direction,true,required_first_signal_only,SHORT,unknown,0.00000000,,0.00000000,,false,,-1,false,NONE,0.00000000,,0.00000000,0.0000,0.0000,none,-1,false,false,false,no_anchor_flip_in_entry_direction,,,,false,false,false,-1,-1,-1,-1,-1,false,false,false,0.0000,falling_n,false,145.39700000,144.81700000,4.7541,true,0.1885,0.6618,2,normal,true,0.7500,deep_618_786,0.120,diagnostic_only,diagnostic_only,diagnostic_only,fib_pullback,24,0.320,true,none,0.470,high_quality,false,false,diagnostic_only,both,true,none,true,diagnostic_adjacent_detected,required_light,false,false,LONG,3,false,false,0,,,-1,0.0000,0.00000000,0.00000000,0.00000000,false,false,none,0.00000000,false,0.0000,0.0000,false,1,0.0000,false,-1,0.00000000,0.0000,off,false,not_evaluated,none,0.0000,0.0000,none,false,false,false,0.0000,none,false,none,0.0000,false,none,0.0000,0.0000,0.0000,0.0000,false,none,0.0000,none,none,false,false,none,0.0000,0.0000,0.0000,0.0000,none,false,false,0.0000,0.0000,false,false,-1,none,none,false,0.000,0.000,145.23800000,145.19800000,145.19800000,pre_session_high,0.01800000,0.1304,neckline_level,145.25800000,0.8673,false,true,false,false,not_blocked,3,3,0,m5_failure_exit,off,none,0.00000000,0.0000,1.30,145.03700000,4.200,-0.300,0.200,PERIOD_M15,145.26100000,144.81700000,0.8986,outside,0.000,true,145.21600000,145.35400000,0.13800000,145.03700000,1.297,0.04842857,16.00,90-120,true,false,none,not_consumed,4.300,4.300,none,0.0000,false,opposite_break_first,true,opposite_break_first,spread_too_high
2025.05.09 20:40:00,blocked,session_reversal_pullback_one_symbol_first120,USDJPY,SHORT,2025.05.09 20:35:00,20,17,2,new_york,2025.05.09 16:00,95,first_120min,false,true,3,USDJPY,highest_score_in_session_bar,new_york=USDJPY|EURJPY|GBPJPY|AUDJPY|EURUSD|GBPUSD,existing_first120_gate,new_york,false,false,true,passed_first_window,double_top,neckline_break_retest,145.25800000,PERIOD_M5,PERIOD_H1,PERIOD_M15,PERIOD_M5,PERIOD_M5,false,htf_soft_alignment,current_post_filter,transcript_post_filter,dow_trend_up_hh_hl,structure_trend_bias_dow_trend_down_ll_lh,dow_trend_up_hh_hl,structure_trend_bias_dow_trend_down_ll_lh,false,false,true,SHORT,PERIOD_M5,double_top,double_top,4.200,none,0.000,double_top,4.200,none,0.000,SHORT,false,PERIOD_H1_LONG_dow_trend_up_hh_hl|PERIOD_M15_SHORT_structure_trend_bias_dow_trend_down_ll_lh,true,h1_counter_m15_reversal,true,top_LONG_dow_trend_up_hh_hl|structure_SHORT_structure_trend_bias_dow_trend_down_ll_lh|structure_break_recent_confirmed_swing_break_failed|primary_break_no_recent_confirmed_swing_break,none,above_75sma_rising,below_75sma_falling,above_75sma_rising,-1,0.00000000,-1,0.00000000,false,off,NONE,NONE,0.00000000,0.00000000,0.0000,none,0.000,true,SHORT,return_low_break_or_bos_down,144.92400000,12,145.34900000,144.81700000,false,off,independent,false,,,false,0.0000,none,0.0000,0.0000,none,0.0000,0.0000,0.0000,none,0.0000,0,0,0.0000,none,none,none,none,0.0000,0,0.0000,none,false,true,not_evaluated,true,required_light_or_anchor_flip,bias_flip_up,145.08800000,2025.05.09 12:30:00,145.26100000,2025.05.09 17:00:00,2025.05.09 17:15:00,true,LONG,145.26100000,145.27200000,0.0902,2,true,2025.05.09 19:45:00,2,LONG,145.26100000,145.27200000,0.0902,0.1885,normal,2025.05.09 20:15:00,first_after_anchor,true,LONG,2,0,2,true,false,fresh_0_4,false,true,false,true,none,true,required,false,PERIOD_M5,,,-1,0.0000,false,0.00000000,0.0000,false,0.0000,false,none,none,false,no_anchor_flip_in_entry_direction,true,required_first_signal_only,SHORT,unknown,0.00000000,,0.00000000,,false,,-1,false,NONE,0.00000000,,0.00000000,0.0000,0.0000,none,-1,false,false,false,no_anchor_flip_in_entry_direction,,,,false,false,false,-1,-1,-1,-1,-1,false,false,false,0.0000,falling_n,false,145.39700000,144.81700000,4.7541,true,0.1885,0.6618,2,normal,true,0.7500,deep_618_786,0.120,diagnostic_only,diagnostic_only,diagnostic_only,fib_pullback,24,0.320,true,none,0.470,high_quality,false,false,diagnostic_only,both,true,none,true,diagnostic_adjacent_detected,required_light,false,false,LONG,3,false,false,0,,,-1,0.0000,0.00000000,0.00000000,0.00000000,false,false,none,0.00000000,false,0.0000,0.0000,false,1,0.0000,false,-1,0.00000000,0.0000,off,false,not_evaluated,none,0.0000,0.0000,none,false,false,false,0.0000,none,false,none,0.0000,false,none,0.0000,0.0000,0.0000,0.0000,false,none,0.0000,none,none,false,false,none,0.0000,0.0000,0.0000,0.0000,none,false,false,0.0000,0.0000,false,false,-1,none,none,false,0.000,0.000,145.23800000,145.19800000,145.19800000,pre_session_high,0.01800000,0.1304,neckline_level,145.25800000,0.8673,false,true,false,false,not_blocked,3,3,0,m5_failure_exit,off,none,0.00000000,0.0000,1.30,145.03700000,4.200,-0.300,0.200,PERIOD_M15,145.26100000,144.81700000,0.8986,outside,0.000,true,145.21600000,145.35400000,0.13800000,145.03700000,1.297,0.04842857,16.00,90-120,true,false,none,blocked_spread_too_high,4.300,4.300,none,0.0000,false,opposite_break_first,true,opposite_break_first,spread_too_high
2025.05.12 16:20:00,signal,session_reversal_pullback_one_symbol_first120,GBPUSD,SHORT,2025.05.12 16:15:00,16,13,22,london_newyork_overlap,2025.05.12 13:00,15,first_120min,true,true,3,GBPUSD,highest_score_in_session_bar,london_newyork_overlap=USDJPY|EURJPY|GBPJPY|AUDJPY|EURUSD|GBPUSD,existing_first120_gate,london_newyork_overlap,false,false,true,passed_first_window,sweep_high_reclaim,sweep_reclaim_retest,1.32004000,PERIOD_M5,PERIOD_H1,PERIOD_M15,PERIOD_M5,PERIOD_M5,false,htf_soft_alignment,current_post_filter,transcript_post_filter,dow_range_or_transition,structure_trend_bias_dow_trend_down_ll_lh,dow_range_or_transition,structure_trend_bias_dow_trend_down_ll_lh,false,false,true,SHORT,PERIOD_M5,sweep_high_reclaim,sweep_high_reclaim,3.400,none,0.000,sweep_high_reclaim,3.400,none,0.000,SHORT,false,PERIOD_H1_NONE_dow_range_or_transition|PERIOD_M15_SHORT_structure_trend_bias_dow_trend_down_ll_lh,true,h1_counter_m15_reversal,true,top_NONE_dow_range_or_transition|structure_SHORT_structure_trend_bias_dow_trend_down_ll_lh|structure_break_recent_confirmed_swing_break_failed|primary_break_recent_confirmed_swing_break_continuation,none,below_75sma_falling,below_75sma_falling,above_75sma_flat_or_falling,-1,0.00000000,0,1.32733000,false,off,NONE,NONE,0.00000000,0.00000000,0.0000,none,0.000,true,SHORT,return_low_break_or_bos_down,1.31585000,8,1.32882000,1.31390000,false,off,independent,false,,,false,0.0000,none,0.0000,0.0000,none,0.0000,0.0000,0.0000,none,0.0000,0,0,0.0000,none,none,none,none,0.0000,0,0.0000,none,false,true,not_evaluated,true,required_light_or_anchor_flip,short_bias,1.32733000,2025.05.12 08:45:00,1.32034000,2025.05.12 12:45:00,2025.05.12 13:45:00,false,NONE,0.00000000,0.00000000,0.0000,-1,false,,-1,NONE,0.00000000,0.00000000,0.0000,0.0000,none,,none,false,NONE,-1,-1,-1,false,false,none,true,false,false,true,none,true,required,false,PERIOD_M5,,,-1,0.0000,false,0.00000000,0.0000,false,0.0000,false,none,none,false,no_anchor_flip_in_entry_direction,true,required_first_signal_only,SHORT,unknown,0.00000000,,0.00000000,,false,,-1,false,NONE,0.00000000,,0.00000000,0.0000,0.0000,none,-1,false,false,false,no_anchor_flip_in_entry_direction,,,,false,false,false,-1,-1,-1,-1,-1,false,false,false,0.0000,falling_n,false,1.32984000,1.31390000,11.3799,false,0.0000,0.0000,0,none,true,0.3666,shallow_236_382,0.080,diagnostic_only,diagnostic_only,diagnostic_only,shallow_pullback,24,0.280,true,none,0.430,medium_quality,false,false,diagnostic_only,both,true,none,true,diagnostic_adjacent_detected,required_light,false,false,LONG,2,false,false,0,,,-1,0.0000,0.00000000,0.00000000,0.00000000,false,false,none,0.00000000,false,0.0000,0.0000,false,1,0.0000,false,-1,0.00000000,0.0000,off,false,not_evaluated,none,0.0000,0.0000,none,false,false,false,0.0000,none,false,none,0.0000,false,none,0.0000,0.0000,0.0000,0.0000,false,none,0.0000,none,none,false,false,none,0.0000,0.0000,0.0000,0.0000,none,false,false,0.0000,0.0000,false,false,-1,none,none,false,0.000,0.000,1.31990000,1.31929667,1.31929667,recent_equal_lows,0.00007333,0.0806,session_low|opening_range_low|neckline_level,1.31914000,0.3448,false,false,true,false,not_blocked,2,0,2,m5_failure_exit,off,none,0.00000000,0.0000,1.30,1.31819000,3.400,-0.300,0.200,PERIOD_M15,1.32034000,1.31390000,0.8494,outside,0.000,true,1.31937000,1.32028000,0.00091000,1.31819000,1.297,0.00066714,20.00,0-30,true,false,none,not_consumed,3.700,3.700,none,0.0000,false,opposite_break_first,true,opposite_break_first,spread_too_high
2025.05.12 16:20:00,blocked,session_reversal_pullback_one_symbol_first120,GBPUSD,SHORT,2025.05.12 16:15:00,16,13,22,london_newyork_overlap,2025.05.12 13:00,15,first_120min,true,true,3,GBPUSD,highest_score_in_session_bar,london_newyork_overlap=USDJPY|EURJPY|GBPJPY|AUDJPY|EURUSD|GBPUSD,existing_first120_gate,london_newyork_overlap,false,false,true,passed_first_window,sweep_high_reclaim,sweep_reclaim_retest,1.32004000,PERIOD_M5,PERIOD_H1,PERIOD_M15,PERIOD_M5,PERIOD_M5,false,htf_soft_alignment,current_post_filter,transcript_post_filter,dow_range_or_transition,structure_trend_bias_dow_trend_down_ll_lh,dow_range_or_transition,structure_trend_bias_dow_trend_down_ll_lh,false,false,true,SHORT,PERIOD_M5,sweep_high_reclaim,sweep_high_reclaim,3.400,none,0.000,sweep_high_reclaim,3.400,none,0.000,SHORT,false,PERIOD_H1_NONE_dow_range_or_transition|PERIOD_M15_SHORT_structure_trend_bias_dow_trend_down_ll_lh,true,h1_counter_m15_reversal,true,top_NONE_dow_range_or_transition|structure_SHORT_structure_trend_bias_dow_trend_down_ll_lh|structure_break_recent_confirmed_swing_break_failed|primary_break_recent_confirmed_swing_break_continuation,none,below_75sma_falling,below_75sma_falling,above_75sma_flat_or_falling,-1,0.00000000,0,1.32733000,false,off,NONE,NONE,0.00000000,0.00000000,0.0000,none,0.000,true,SHORT,return_low_break_or_bos_down,1.31585000,8,1.32882000,1.31390000,false,off,independent,false,,,false,0.0000,none,0.0000,0.0000,none,0.0000,0.0000,0.0000,none,0.0000,0,0,0.0000,none,none,none,none,0.0000,0,0.0000,none,false,true,not_evaluated,true,required_light_or_anchor_flip,short_bias,1.32733000,2025.05.12 08:45:00,1.32034000,2025.05.12 12:45:00,2025.05.12 13:45:00,false,NONE,0.00000000,0.00000000,0.0000,-1,false,,-1,NONE,0.00000000,0.00000000,0.0000,0.0000,none,,none,false,NONE,-1,-1,-1,false,false,none,true,false,false,true,none,true,required,false,PERIOD_M5,,,-1,0.0000,false,0.00000000,0.0000,false,0.0000,false,none,none,false,no_anchor_flip_in_entry_direction,true,required_first_signal_only,SHORT,unknown,0.00000000,,0.00000000,,false,,-1,false,NONE,0.00000000,,0.00000000,0.0000,0.0000,none,-1,false,false,false,no_anchor_flip_in_entry_direction,,,,false,false,false,-1,-1,-1,-1,-1,false,false,false,0.0000,falling_n,false,1.32984000,1.31390000,11.3799,false,0.0000,0.0000,0,none,true,0.3666,shallow_236_382,0.080,diagnostic_only,diagnostic_only,diagnostic_only,shallow_pullback,24,0.280,true,none,0.430,medium_quality,false,false,diagnostic_only,both,true,none,true,diagnostic_adjacent_detected,required_light,false,false,LONG,2,false,false,0,,,-1,0.0000,0.00000000,0.00000000,0.00000000,false,false,none,0.00000000,false,0.0000,0.0000,false,1,0.0000,false,-1,0.00000000,0.0000,off,false,not_evaluated,none,0.0000,0.0000,none,false,false,false,0.0000,none,false,none,0.0000,false,none,0.0000,0.0000,0.0000,0.0000,false,none,0.0000,none,none,false,false,none,0.0000,0.0000,0.0000,0.0000,none,false,false,0.0000,0.0000,false,false,-1,none,none,false,0.000,0.000,1.31990000,1.31929667,1.31929667,recent_equal_lows,0.00007333,0.0806,session_low|opening_range_low|neckline_level,1.31914000,0.3448,false,false,true,false,not_blocked,2,0,2,m5_failure_exit,off,none,0.00000000,0.0000,1.30,1.31819000,3.400,-0.300,0.200,PERIOD_M15,1.32034000,1.31390000,0.8494,outside,0.000,true,1.31937000,1.32028000,0.00091000,1.31819000,1.297,0.00066714,20.00,0-30,true,false,none,blocked_spread_too_high,3.700,3.700,none,0.0000,false,opposite_break_first,true,opposite_break_first,spread_too_high
2025.05.13 10:05:00,signal,session_reversal_pullback_one_symbol_first120,EURUSD,LONG,2025.05.13 10:00:00,10,7,16,london,2025.05.13 07:00,0,first_120min,true,true,3,EURUSD,highest_score_in_session_bar,london=USDJPY|EURJPY|GBPJPY|AUDJPY|EURUSD|GBPUSD,existing_first120_gate,london,false,false,true,passed_first_window,double_bottom,neckline_break_retest,1.11067000,PERIOD_M5,PERIOD_H1,PERIOD_M15,PERIOD_M5,PERIOD_M5,false,htf_soft_alignment,current_post_filter,transcript_post_filter,dow_trend_down_ll_lh,structure_trend_bias_dow_trend_up_hh_hl,dow_trend_down_ll_lh,structure_trend_bias_dow_trend_up_hh_hl,false,true,true,LONG,PERIOD_M5,double_bottom,double_bottom,4.200,none,0.000,double_bottom,4.200,none,0.000,LONG,false,PERIOD_H1_SHORT_dow_trend_down_ll_lh|PERIOD_M15_LONG_structure_trend_bias_dow_trend_up_hh_hl,true,h1_counter_m15_reversal,true,top_SHORT_dow_trend_down_ll_lh|structure_LONG_structure_trend_bias_dow_trend_up_hh_hl|structure_break_recent_confirmed_swing_break_failed|primary_break_recent_confirmed_swing_break_failed,none,below_75sma_falling,above_75sma_rising,above_75sma_rising,-1,0.00000000,-1,0.00000000,false,off,NONE,NONE,0.00000000,0.00000000,0.0000,none,0.000,true,LONG,return_high_break_or_bos_up,1.11164000,7,1.11188000,1.10967000,false,off,independent,false,,,false,0.0000,none,0.0000,0.0000,none,0.0000,0.0000,0.0000,none,0.0000,0,0,0.0000,none,none,none,none,0.0000,0,0.0000,none,false,true,not_evaluated,true,required_light_or_anchor_flip,bias_flip_down,1.11081000,2025.05.13 07:45:00,1.11109000,2025.05.13 05:00:00,2025.05.13 08:15:00,true,SHORT,1.11081000,1.11056000,0.3280,3,true,2025.05.13 09:00:00,3,SHORT,1.11081000,1.11056000,0.3280,0.5248,strong,2025.05.13 09:15:00,first_after_anchor,true,SHORT,3,2,3,true,false,fresh_0_4,false,true,false,true,none,true,required,false,PERIOD_M5,,,-1,0.0000,false,0.00000000,0.0000,false,0.0000,false,none,none,false,no_anchor_flip_in_entry_direction,true,required_first_signal_only,LONG,unknown,0.00000000,,0.00000000,,false,,-1,false,NONE,0.00000000,,0.00000000,0.0000,0.0000,none,-1,false,false,false,no_anchor_flip_in_entry_direction,,,,false,false,false,-1,-1,-1,-1,-1,false,false,false,0.0000,rising_n,false,1.11188000,1.10984000,2.6767,true,0.5248,0.6000,1,strong,true,0.3394,shallow_236_382,0.080,diagnostic_only,diagnostic_only,diagnostic_only,shallow_pullback,24,0.280,true,none,0.430,high_quality,false,false,diagnostic_only,both,true,none,true,diagnostic_adjacent_detected,required_light,false,false,SHORT,5,false,false,0,2025.05.13 07:20:00,2025.05.13 08:15:00,21,1.7603,1.11188000,0.00000000,1.11188000,false,false,none,0.00000000,false,0.0000,0.0000,false,1,0.0000,false,-1,0.00000000,0.0000,off,false,not_evaluated,none,0.0000,0.0000,none,false,false,false,0.0000,none,false,none,0.0000,false,none,1.7603,0.8719,2.0189,0.0823,false,mild_exhaustion,0.0000,none,none,false,false,none,0.0000,0.0000,0.0000,0.0000,none,false,false,0.0000,0.0000,false,false,-1,none,none,false,0.000,0.000,1.11142517,1.11098821,1.11142517,recent_equal_highs,0.00029517,0.3317,neckline_level,1.11067000,0.7568,false,true,true,false,not_blocked,7,5,2,m5_failure_exit,off,none,0.00000000,0.0000,1.30,1.11229000,4.200,-0.300,0.200,PERIOD_M15,1.11188000,1.11081000,0.7009,deep_618_786,0.000,true,1.11113000,1.11024000,0.00089000,1.11229000,1.303,0.00060786,18.00,0-30,true,false,none,not_consumed,4.300,4.300,none,0.0000,false,neckline_retest_failed,false,not_invalidated,spread_too_high
2025.05.13 10:05:00,blocked,session_reversal_pullback_one_symbol_first120,EURUSD,LONG,2025.05.13 10:00:00,10,7,16,london,2025.05.13 07:00,0,first_120min,true,true,3,EURUSD,highest_score_in_session_bar,london=USDJPY|EURJPY|GBPJPY|AUDJPY|EURUSD|GBPUSD,existing_first120_gate,london,false,false,true,passed_first_window,double_bottom,neckline_break_retest,1.11067000,PERIOD_M5,PERIOD_H1,PERIOD_M15,PERIOD_M5,PERIOD_M5,false,htf_soft_alignment,current_post_filter,transcript_post_filter,dow_trend_down_ll_lh,structure_trend_bias_dow_trend_up_hh_hl,dow_trend_down_ll_lh,structure_trend_bias_dow_trend_up_hh_hl,false,true,true,LONG,PERIOD_M5,double_bottom,double_bottom,4.200,none,0.000,double_bottom,4.200,none,0.000,LONG,false,PERIOD_H1_SHORT_dow_trend_down_ll_lh|PERIOD_M15_LONG_structure_trend_bias_dow_trend_up_hh_hl,true,h1_counter_m15_reversal,true,top_SHORT_dow_trend_down_ll_lh|structure_LONG_structure_trend_bias_dow_trend_up_hh_hl|structure_break_recent_confirmed_swing_break_failed|primary_break_recent_confirmed_swing_break_failed,none,below_75sma_falling,above_75sma_rising,above_75sma_rising,-1,0.00000000,-1,0.00000000,false,off,NONE,NONE,0.00000000,0.00000000,0.0000,none,0.000,true,LONG,return_high_break_or_bos_up,1.11164000,7,1.11188000,1.10967000,false,off,independent,false,,,false,0.0000,none,0.0000,0.0000,none,0.0000,0.0000,0.0000,none,0.0000,0,0,0.0000,none,none,none,none,0.0000,0,0.0000,none,false,true,not_evaluated,true,required_light_or_anchor_flip,bias_flip_down,1.11081000,2025.05.13 07:45:00,1.11109000,2025.05.13 05:00:00,2025.05.13 08:15:00,true,SHORT,1.11081000,1.11056000,0.3280,3,true,2025.05.13 09:00:00,3,SHORT,1.11081000,1.11056000,0.3280,0.5248,strong,2025.05.13 09:15:00,first_after_anchor,true,SHORT,3,2,3,true,false,fresh_0_4,false,true,false,true,none,true,required,false,PERIOD_M5,,,-1,0.0000,false,0.00000000,0.0000,false,0.0000,false,none,none,false,no_anchor_flip_in_entry_direction,true,required_first_signal_only,LONG,unknown,0.00000000,,0.00000000,,false,,-1,false,NONE,0.00000000,,0.00000000,0.0000,0.0000,none,-1,false,false,false,no_anchor_flip_in_entry_direction,,,,false,false,false,-1,-1,-1,-1,-1,false,false,false,0.0000,rising_n,false,1.11188000,1.10984000,2.6767,true,0.5248,0.6000,1,strong,true,0.3394,shallow_236_382,0.080,diagnostic_only,diagnostic_only,diagnostic_only,shallow_pullback,24,0.280,true,none,0.430,high_quality,false,false,diagnostic_only,both,true,none,true,diagnostic_adjacent_detected,required_light,false,false,SHORT,5,false,false,0,2025.05.13 07:20:00,2025.05.13 08:15:00,21,1.7603,1.11188000,0.00000000,1.11188000,false,false,none,0.00000000,false,0.0000,0.0000,false,1,0.0000,false,-1,0.00000000,0.0000,off,false,not_evaluated,none,0.0000,0.0000,none,false,false,false,0.0000,none,false,none,0.0000,false,none,1.7603,0.8719,2.0189,0.0823,false,mild_exhaustion,0.0000,none,none,false,false,none,0.0000,0.0000,0.0000,0.0000,none,false,false,0.0000,0.0000,false,false,-1,none,none,false,0.000,0.000,1.11142517,1.11098821,1.11142517,recent_equal_highs,0.00029517,0.3317,neckline_level,1.11067000,0.7568,false,true,true,false,not_blocked,7,5,2,m5_failure_exit,off,none,0.00000000,0.0000,1.30,1.11229000,4.200,-0.300,0.200,PERIOD_M15,1.11188000,1.11081000,0.7009,deep_618_786,0.000,true,1.11113000,1.11024000,0.00089000,1.11229000,1.303,0.00060786,18.00,0-30,true,false,none,blocked_spread_too_high,4.300,4.300,none,0.0000,false,neckline_retest_failed,false,not_invalidated,spread_too_high
2025.05.13 16:20:00,signal,session_reversal_pullback_one_symbol_first120,USDJPY,SHORT,2025.05.13 16:15:00,16,13,22,london_newyork_overlap,2025.05.13 13:00,15,first_120min,true,true,3,USDJPY,highest_score_in_session_bar,london_newyork_overlap=USDJPY|EURJPY|GBPJPY|AUDJPY|EURUSD|GBPUSD,existing_first120_gate,london_newyork_overlap,true,false,true,passed_first_window,double_top,neckline_break_retest,148.01700000,PERIOD_M5,PERIOD_H1,PERIOD_M15,PERIOD_M5,PERIOD_M5,false,htf_soft_alignment,current_post_filter,transcript_post_filter,dow_range_or_transition,structure_trend_bias_dow_trend_up_hh_hl,dow_range_or_transition,structure_trend_bias_dow_trend_up_hh_hl,false,false,true,SHORT,PERIOD_M5,double_top,double_top,4.200,none,0.000,double_top,4.200,none,0.000,SHORT,false,PERIOD_H1_NONE_dow_range_or_transition|PERIOD_M15_LONG_structure_trend_bias_dow_trend_up_hh_hl,true,h1_counter_m15_reversal,true,top_NONE_dow_range_or_transition|structure_LONG_structure_trend_bias_dow_trend_up_hh_hl|structure_break_recent_confirmed_swing_break_retest|primary_break_recent_confirmed_swing_break_retest,none,above_75sma_rising,below_75sma_falling,below_75sma_flat_or_rising,0,147.85600000,0,148.01700000,false,off,NONE,NONE,0.00000000,0.00000000,0.0000,none,0.000,true,SHORT,return_low_break_or_bos_down,147.85600000,0,148.12900000,147.85600000,false,off,independent,false,,,false,0.0000,none,0.0000,0.0000,none,0.0000,0.0000,0.0000,none,0.0000,0,0,0.0000,none,none,none,none,0.0000,0,0.0000,none,false,true,not_evaluated,true,required_light_or_anchor_flip,bias_flip_down,147.85600000,2025.05.13 12:30:00,147.91300000,2025.05.13 07:15:00,2025.05.13 13:45:00,true,SHORT,147.85600000,147.83300000,0.1616,0,true,2025.05.13 16:00:00,0,SHORT,147.85600000,147.83300000,0.1616,1.0472,normal,2025.05.13 16:00:00,first_after_anchor,true,SHORT,0,0,0,true,false,fresh_0_4,true,false,false,true,none,true,required,true,PERIOD_M5,2025.05.13 16:05:00,2025.05.13 16:05:00,3,0.7690,true,147.85600000,0.7690,false,0.0000,false,none,retest_only,true,none,true,required_first_signal_only,SHORT,unknown,0.00000000,,0.00000000,,false,,-1,false,NONE,0.00000000,,0.00000000,0.0000,0.0000,none,-1,false,false,false,insufficient_confirmed_m5_pivots,USDJPY|SHORT|1747152000|147.856,,,false,false,false,-1,-1,-1,-1,-1,false,false,false,0.0000,rising_n,false,148.12900000,147.72300000,2.8534,true,1.0472,0.2199,0,normal,true,0.3872,preferred_382_618,0.200,diagnostic_only,diagnostic_only,diagnostic_only,fib_pullback,9,0.440,true,none,0.590,high_quality,false,false,diagnostic_only,both,true,none,true,diagnostic_adjacent_detected,required_light,false,false,LONG,6,false,false,1,2025.05.13 13:45:00,2025.05.13 15:30:00,9,3.1910,0.00000000,147.82400000,147.82400000,false,false,none,0.00000000,false,0.0000,0.0000,false,1,0.0000,false,-1,0.00000000,0.0000,off,false,not_evaluated,none,0.0000,0.0000,none,false,false,false,0.0000,none,false,none,0.0000,false,none,3.1910,0.8049,3.9643,0.9990,false,no_shrink,0.0000,none,none,false,false,none,0.0000,0.0000,0.0000,0.0000,none,false,false,0.0000,0.0000,false,false,-1,none,none,false,0.000,0.000,147.99250000,147.88300000,147.88300000,recent_rejection_zone,0.05100000,0.1939,neckline_level,148.01700000,0.5965,false,true,true,false,not_blocked,10,6,4,m5_failure_exit,off,none,0.00000000,0.0000,1.30,147.59200000,4.200,-0.300,0.200,PERIOD_M15,148.12900000,147.85600000,0.2857,outside,0.000,true,147.93400000,148.19700000,0.26300000,147.59200000,1.300,0.13914286,17.00,0-30,true,false,none,not_consumed,4.850,4.850,none,0.0000,false,neckline_retest_failed,false,not_invalidated,
2025.05.13 16:20:00,order_sent,session_reversal_pullback_one_symbol_first120,USDJPY,SHORT,2025.05.13 16:15:00,16,13,22,london_newyork_overlap,2025.05.13 13:00,15,first_120min,true,true,3,USDJPY,highest_score_in_session_bar,london_newyork_overlap=USDJPY|EURJPY|GBPJPY|AUDJPY|EURUSD|GBPUSD,existing_first120_gate,london_newyork_overlap,true,false,true,passed_first_window,double_top,neckline_break_retest,148.01700000,PERIOD_M5,PERIOD_H1,PERIOD_M15,PERIOD_M5,PERIOD_M5,false,htf_soft_alignment,current_post_filter,transcript_post_filter,dow_range_or_transition,structure_trend_bias_dow_trend_up_hh_hl,dow_range_or_transition,structure_trend_bias_dow_trend_up_hh_hl,false,false,true,SHORT,PERIOD_M5,double_top,double_top,4.200,none,0.000,double_top,4.200,none,0.000,SHORT,false,PERIOD_H1_NONE_dow_range_or_transition|PERIOD_M15_LONG_structure_trend_bias_dow_trend_up_hh_hl,true,h1_counter_m15_reversal,true,top_NONE_dow_range_or_transition|structure_LONG_structure_trend_bias_dow_trend_up_hh_hl|structure_break_recent_confirmed_swing_break_retest|primary_break_recent_confirmed_swing_break_retest,none,above_75sma_rising,below_75sma_falling,below_75sma_flat_or_rising,0,147.85600000,0,148.01700000,false,off,NONE,NONE,0.00000000,0.00000000,0.0000,none,0.000,true,SHORT,return_low_break_or_bos_down,147.85600000,0,148.12900000,147.85600000,false,off,independent,false,,,false,0.0000,none,0.0000,0.0000,none,0.0000,0.0000,0.0000,none,0.0000,0,0,0.0000,none,none,none,none,0.0000,0,0.0000,none,false,true,not_evaluated,true,required_light_or_anchor_flip,bias_flip_down,147.85600000,2025.05.13 12:30:00,147.91300000,2025.05.13 07:15:00,2025.05.13 13:45:00,true,SHORT,147.85600000,147.83300000,0.1616,0,true,2025.05.13 16:00:00,0,SHORT,147.85600000,147.83300000,0.1616,1.0472,normal,2025.05.13 16:00:00,first_after_anchor,true,SHORT,0,0,0,true,false,fresh_0_4,true,false,false,true,none,true,required,true,PERIOD_M5,2025.05.13 16:05:00,2025.05.13 16:05:00,3,0.7690,true,147.85600000,0.7690,false,0.0000,false,none,retest_only,true,none,true,required_first_signal_only,SHORT,unknown,0.00000000,,0.00000000,,false,,-1,false,NONE,0.00000000,,0.00000000,0.0000,0.0000,none,-1,false,false,false,insufficient_confirmed_m5_pivots,USDJPY|SHORT|1747152000|147.856,,,false,false,false,-1,-1,-1,-1,-1,false,false,false,0.0000,rising_n,false,148.12900000,147.72300000,2.8534,true,1.0472,0.2199,0,normal,true,0.3872,preferred_382_618,0.200,diagnostic_only,diagnostic_only,diagnostic_only,fib_pullback,9,0.440,true,none,0.590,high_quality,false,false,diagnostic_only,both,true,none,true,diagnostic_adjacent_detected,required_light,false,false,LONG,6,false,false,1,2025.05.13 13:45:00,2025.05.13 15:30:00,9,3.1910,0.00000000,147.82400000,147.82400000,false,false,none,0.00000000,false,0.0000,0.0000,false,1,0.0000,false,-1,0.00000000,0.0000,off,false,not_evaluated,none,0.0000,0.0000,none,false,false,false,0.0000,none,false,none,0.0000,false,none,3.1910,0.8049,3.9643,0.9990,false,no_shrink,0.0000,none,none,false,false,none,0.0000,0.0000,0.0000,0.0000,none,false,false,0.0000,0.0000,false,false,-1,none,none,false,0.000,0.000,147.99250000,147.88300000,147.88300000,recent_rejection_zone,0.05100000,0.1939,neckline_level,148.01700000,0.5965,false,true,true,false,not_blocked,10,6,4,m5_failure_exit,off,none,0.00000000,0.0000,1.30,147.59200000,4.200,-0.300,0.200,PERIOD_M15,148.12900000,147.85600000,0.2857,outside,0.000,true,147.93400000,148.19700000,0.26300000,147.59200000,1.300,0.13914286,17.00,0-30,true,false,none,order_sent,4.850,4.850,none,0.0000,false,neckline_retest_failed,false,not_invalidated,
2025.05.14 19:40:00,signal,session_reversal_pullback_one_symbol_first120,EURJPY,SHORT,2025.05.14 19:35:00,19,16,1,new_york,2025.05.14 16:00,35,first_120min,true,true,3,EURJPY,highest_score_in_session_bar,new_york=USDJPY|EURJPY|GBPJPY|AUDJPY|EURUSD|GBPUSD,existing_first120_gate,new_york,false,false,true,passed_first_window,head_and_shoulders,neckline_break_retest,164.14400000,PERIOD_M5,PERIOD_H1,PERIOD_M15,PERIOD_M5,PERIOD_M5,false,htf_soft_alignment,current_post_filter,transcript_post_filter,dow_range_or_transition,structure_trend_bias_dow_trend_down_ll_lh,dow_range_or_transition,structure_trend_bias_dow_trend_down_ll_lh,false,false,true,SHORT,PERIOD_M5,head_and_shoulders,head_and_shoulders,4.500,none,0.000,head_and_shoulders,4.500,none,0.000,SHORT,false,PERIOD_H1_NONE_dow_range_or_transition|PERIOD_M15_SHORT_structure_trend_bias_dow_trend_down_ll_lh,true,h1_counter_m15_reversal,true,top_NONE_dow_range_or_transition|structure_SHORT_structure_trend_bias_dow_trend_down_ll_lh|structure_break_recent_confirmed_swing_break_failed|primary_break_recent_confirmed_swing_break_continuation,none,below_75sma_flat_or_rising,below_75sma_falling,above_75sma_rising,-1,0.00000000,0,164.43600000,false,off,NONE,NONE,0.00000000,0.00000000,0.0000,none,0.000,true,SHORT,return_low_break_or_bos_down,163.82100000,10,164.25200000,163.72100000,false,off,independent,false,,,false,0.0000,none,0.0000,0.0000,none,0.0000,0.0000,0.0000,none,0.0000,0,0,0.0000,none,none,none,none,0.0000,0,0.0000,none,false,true,not_evaluated,true,required_light_or_anchor_flip,bias_flip_up,164.29500000,2025.05.14 08:15:00,164.13600000,2025.05.14 16:15:00,2025.05.14 17:00:00,true,LONG,164.13600000,164.15800000,0.1628,3,true,2025.05.14 18:30:00,3,LONG,164.13600000,164.15800000,0.1628,0.2516,normal,2025.05.14 19:15:00,first_after_anchor,true,LONG,3,0,3,true,false,fresh_0_4,false,true,false,true,none,true,required,false,PERIOD_M5,,,-1,0.0000,false,0.00000000,0.0000,false,0.0000,false,none,none,false,no_anchor_flip_in_entry_direction,true,required_first_signal_only,SHORT,unknown,0.00000000,,0.00000000,,false,,-1,false,NONE,0.00000000,,0.00000000,0.0000,0.0000,none,-1,false,false,false,no_anchor_flip_in_entry_direction,,,,false,false,false,-1,-1,-1,-1,-1,false,false,false,0.0000,falling_n,false,164.82600000,163.72100000,8.1765,true,0.2516,0.5641,3,normal,true,0.7533,deep_618_786,0.120,diagnostic_only,diagnostic_only,diagnostic_only,shallow_pullback,24,0.320,true,none,0.470,high_quality,false,false,diagnostic_only,both,true,none,true,diagnostic_adjacent_detected,required_light,false,false,LONG,6,false,false,2,2025.05.14 17:40:00,2025.05.14 19:05:00,6,7.6769,0.00000000,164.09000000,164.09000000,false,false,none,0.00000000,false,0.0000,0.0000,false,1,0.0000,false,-1,0.00000000,0.0000,off,false,not_evaluated,none,0.0000,0.0000,none,false,false,false,0.0000,none,false,none,0.0000,false,none,2.7760,6.2546,0.4438,1.4223,false,mild_exhaustion,0.0000,none,none,false,false,none,0.0000,0.0000,0.0000,0.0000,none,false,false,0.0000,0.0000,false,false,-1,none,none,false,0.000,0.000,164.13600000,164.11900000,164.11900000,previous_day_low,0.00200000,0.0141,session_low|opening_range_low|neckline_level,164.12100000,0.0000,false,true,true,false,not_blocked,4,2,2,m5_failure_exit,off,none,0.00000000,0.0000,1.30,163.93700000,4.500,-0.300,0.200,PERIOD_M15,164.13600000,163.72100000,0.9639,outside,0.000,true,164.12100000,164.26300000,0.14200000,163.93700000,1.296,0.05835714,30.00,30-60,true,false,none,not_consumed,4.800,4.800,none,0.0000,false,opposite_break_first,true,opposite_break_first,spread_too_high
2025.05.14 19:40:00,blocked,session_reversal_pullback_one_symbol_first120,EURJPY,SHORT,2025.05.14 19:35:00,19,16,1,new_york,2025.05.14 16:00,35,first_120min,true,true,3,EURJPY,highest_score_in_session_bar,new_york=USDJPY|EURJPY|GBPJPY|AUDJPY|EURUSD|GBPUSD,existing_first120_gate,new_york,false,false,true,passed_first_window,head_and_shoulders,neckline_break_retest,164.14400000,PERIOD_M5,PERIOD_H1,PERIOD_M15,PERIOD_M5,PERIOD_M5,false,htf_soft_alignment,current_post_filter,transcript_post_filter,dow_range_or_transition,structure_trend_bias_dow_trend_down_ll_lh,dow_range_or_transition,structure_trend_bias_dow_trend_down_ll_lh,false,false,true,SHORT,PERIOD_M5,head_and_shoulders,head_and_shoulders,4.500,none,0.000,head_and_shoulders,4.500,none,0.000,SHORT,false,PERIOD_H1_NONE_dow_range_or_transition|PERIOD_M15_SHORT_structure_trend_bias_dow_trend_down_ll_lh,true,h1_counter_m15_reversal,true,top_NONE_dow_range_or_transition|structure_SHORT_structure_trend_bias_dow_trend_down_ll_lh|structure_break_recent_confirmed_swing_break_failed|primary_break_recent_confirmed_swing_break_continuation,none,below_75sma_flat_or_rising,below_75sma_falling,above_75sma_rising,-1,0.00000000,0,164.43600000,false,off,NONE,NONE,0.00000000,0.00000000,0.0000,none,0.000,true,SHORT,return_low_break_or_bos_down,163.82100000,10,164.25200000,163.72100000,false,off,independent,false,,,false,0.0000,none,0.0000,0.0000,none,0.0000,0.0000,0.0000,none,0.0000,0,0,0.0000,none,none,none,none,0.0000,0,0.0000,none,false,true,not_evaluated,true,required_light_or_anchor_flip,bias_flip_up,164.29500000,2025.05.14 08:15:00,164.13600000,2025.05.14 16:15:00,2025.05.14 17:00:00,true,LONG,164.13600000,164.15800000,0.1628,3,true,2025.05.14 18:30:00,3,LONG,164.13600000,164.15800000,0.1628,0.2516,normal,2025.05.14 19:15:00,first_after_anchor,true,LONG,3,0,3,true,false,fresh_0_4,false,true,false,true,none,true,required,false,PERIOD_M5,,,-1,0.0000,false,0.00000000,0.0000,false,0.0000,false,none,none,false,no_anchor_flip_in_entry_direction,true,required_first_signal_only,SHORT,unknown,0.00000000,,0.00000000,,false,,-1,false,NONE,0.00000000,,0.00000000,0.0000,0.0000,none,-1,false,false,false,no_anchor_flip_in_entry_direction,,,,false,false,false,-1,-1,-1,-1,-1,false,false,false,0.0000,falling_n,false,164.82600000,163.72100000,8.1765,true,0.2516,0.5641,3,normal,true,0.7533,deep_618_786,0.120,diagnostic_only,diagnostic_only,diagnostic_only,shallow_pullback,24,0.320,true,none,0.470,high_quality,false,false,diagnostic_only,both,true,none,true,diagnostic_adjacent_detected,required_light,false,false,LONG,6,false,false,2,2025.05.14 17:40:00,2025.05.14 19:05:00,6,7.6769,0.00000000,164.09000000,164.09000000,false,false,none,0.00000000,false,0.0000,0.0000,false,1,0.0000,false,-1,0.00000000,0.0000,off,false,not_evaluated,none,0.0000,0.0000,none,false,false,false,0.0000,none,false,none,0.0000,false,none,2.7760,6.2546,0.4438,1.4223,false,mild_exhaustion,0.0000,none,none,false,false,none,0.0000,0.0000,0.0000,0.0000,none,false,false,0.0000,0.0000,false,false,-1,none,none,false,0.000,0.000,164.13600000,164.11900000,164.11900000,previous_day_low,0.00200000,0.0141,session_low|opening_range_low|neckline_level,164.12100000,0.0000,false,true,true,false,not_blocked,4,2,2,m5_failure_exit,off,none,0.00000000,0.0000,1.30,163.93700000,4.500,-0.300,0.200,PERIOD_M15,164.13600000,163.72100000,0.9639,outside,0.000,true,164.12100000,164.26300000,0.14200000,163.93700000,1.296,0.05835714,30.00,30-60,true,false,none,blocked_spread_too_high,4.800,4.800,none,0.0000,false,opposite_break_first,true,opposite_break_first,spread_too_high
2025.05.15 10:50:00,signal,session_reversal_pullback_one_symbol_first120,EURUSD,SHORT,2025.05.15 10:45:00,10,7,16,london,2025.05.15 07:00,45,first_120min,true,true,3,EURUSD,highest_score_in_session_bar,london=USDJPY|EURJPY|GBPJPY|AUDJPY|EURUSD|GBPUSD,existing_first120_gate,london,false,false,true,passed_first_window,head_and_shoulders,neckline_break_retest,1.12039000,PERIOD_M5,PERIOD_H1,PERIOD_M15,PERIOD_M5,PERIOD_M5,false,htf_soft_alignment,current_post_filter,transcript_post_filter,dow_trend_up_hh_hl,break_above_without_higher_pullback,dow_trend_up_hh_hl,break_above_without_higher_pullback,false,false,true,SHORT,PERIOD_M5,head_and_shoulders,head_and_shoulders,4.500,none,0.000,head_and_shoulders,4.500,none,0.000,SHORT,false,PERIOD_H1_LONG_dow_trend_up_hh_hl|PERIOD_M15_NONE_break_above_without_higher_pullback,true,h1_counter_m15_reversal,true,top_LONG_dow_trend_up_hh_hl|structure_NONE_break_above_without_higher_pullback|structure_break_recent_confirmed_swing_break_failed|primary_break_no_recent_confirmed_swing_break,none,above_75sma_flat_or_falling,above_75sma_flat_or_falling,below_75sma_flat_or_rising,-1,0.00000000,-1,0.00000000,false,off,NONE,NONE,0.00000000,0.00000000,0.0000,none,0.000,true,SHORT,return_low_break_or_bos_down,1.11882000,8,1.12272000,1.11845000,false,off,independent,false,,,false,0.0000,none,0.0000,0.0000,none,0.0000,0.0000,0.0000,none,0.0000,0,0,0.0000,none,none,none,none,0.0000,0,0.0000,none,false,true,not_evaluated,true,required_light_or_anchor_flip,bias_flip_up,1.11882000,2025.05.15 05:00:00,1.12005000,2025.05.15 06:30:00,2025.05.15 08:45:00,true,LONG,1.12005000,1.12073000,0.6810,5,true,2025.05.15 09:15:00,5,LONG,1.12005000,1.12073000,0.6810,1.1817,strong,2025.05.15 10:30:00,first_after_anchor,true,LONG,5,0,5,true,false,normal_5_12,false,true,false,true,none,true,required,false,PERIOD_M5,,,-1,0.0000,false,0.00000000,0.0000,false,0.0000,false,none,none,false,no_anchor_flip_in_entry_direction,true,required_first_signal_only,SHORT,unknown,0.00000000,,0.00000000,,false,,-1,false,NONE,0.00000000,,0.00000000,0.0000,0.0000,none,-1,false,false,false,no_anchor_flip_in_entry_direction,,,,false,false,false,-1,-1,-1,-1,-1,false,false,false,0.0000,range_n,true,1.12005000,1.11752000,2.5336,true,1.1817,0.3140,5,strong,true,0.2459,shallow_236_382,0.080,diagnostic_only,diagnostic_only,diagnostic_only,deep_pullback,24,0.280,true,none,0.430,high_quality,false,false,diagnostic_only,both,true,none,true,diagnostic_adjacent_detected,required_light,false,false,LONG,4,false,false,1,2025.05.15 08:00:00,2025.05.15 10:00:00,9,5.7814,0.00000000,1.11845000,1.11845000,false,false,none,0.00000000,false,0.0000,0.0000,false,1,0.0000,false,-1,0.00000000,0.0000,off,false,not_evaluated,none,0.0000,0.0000,none,false,false,false,0.0000,none,false,none,0.0000,false,none,5.7814,1.3269,4.3571,3.8994,false,no_shrink,0.0000,none,none,false,false,none,0.0000,0.0000,0.0000,0.0000,none,false,false,0.0000,0.0000,false,false,-1,none,none,false,0.000,0.000,1.11958000,1.11907000,1.11907000,session_low,0.00043000,0.1937,opening_range_low|neckline_level,1.12039000,1.2050,false,true,false,false,not_blocked,4,4,0,m5_failure_exit,off,none,0.00000000,0.0000,1.30,1.11662000,4.500,-0.300,0.200,PERIOD_M15,1.12005000,1.11845000,0.6562,deep_618_786,0.000,true,1.11950000,1.12172000,0.00222000,1.11662000,1.297,0.00073857,18.00,30-60,true,false,none,not_consumed,4.600,4.600,none,0.0000,false,neckline_retest_failed,false,not_invalidated,spread_too_high
2025.05.15 10:50:00,blocked,session_reversal_pullback_one_symbol_first120,EURUSD,SHORT,2025.05.15 10:45:00,10,7,16,london,2025.05.15 07:00,45,first_120min,true,true,3,EURUSD,highest_score_in_session_bar,london=USDJPY|EURJPY|GBPJPY|AUDJPY|EURUSD|GBPUSD,existing_first120_gate,london,false,false,true,passed_first_window,head_and_shoulders,neckline_break_retest,1.12039000,PERIOD_M5,PERIOD_H1,PERIOD_M15,PERIOD_M5,PERIOD_M5,false,htf_soft_alignment,current_post_filter,transcript_post_filter,dow_trend_up_hh_hl,break_above_without_higher_pullback,dow_trend_up_hh_hl,break_above_without_higher_pullback,false,false,true,SHORT,PERIOD_M5,head_and_shoulders,head_and_shoulders,4.500,none,0.000,head_and_shoulders,4.500,none,0.000,SHORT,false,PERIOD_H1_LONG_dow_trend_up_hh_hl|PERIOD_M15_NONE_break_above_without_higher_pullback,true,h1_counter_m15_reversal,true,top_LONG_dow_trend_up_hh_hl|structure_NONE_break_above_without_higher_pullback|structure_break_recent_confirmed_swing_break_failed|primary_break_no_recent_confirmed_swing_break,none,above_75sma_flat_or_falling,above_75sma_flat_or_falling,below_75sma_flat_or_rising,-1,0.00000000,-1,0.00000000,false,off,NONE,NONE,0.00000000,0.00000000,0.0000,none,0.000,true,SHORT,return_low_break_or_bos_down,1.11882000,8,1.12272000,1.11845000,false,off,independent,false,,,false,0.0000,none,0.0000,0.0000,none,0.0000,0.0000,0.0000,none,0.0000,0,0,0.0000,none,none,none,none,0.0000,0,0.0000,none,false,true,not_evaluated,true,required_light_or_anchor_flip,bias_flip_up,1.11882000,2025.05.15 05:00:00,1.12005000,2025.05.15 06:30:00,2025.05.15 08:45:00,true,LONG,1.12005000,1.12073000,0.6810,5,true,2025.05.15 09:15:00,5,LONG,1.12005000,1.12073000,0.6810,1.1817,strong,2025.05.15 10:30:00,first_after_anchor,true,LONG,5,0,5,true,false,normal_5_12,false,true,false,true,none,true,required,false,PERIOD_M5,,,-1,0.0000,false,0.00000000,0.0000,false,0.0000,false,none,none,false,no_anchor_flip_in_entry_direction,true,required_first_signal_only,SHORT,unknown,0.00000000,,0.00000000,,false,,-1,false,NONE,0.00000000,,0.00000000,0.0000,0.0000,none,-1,false,false,false,no_anchor_flip_in_entry_direction,,,,false,false,false,-1,-1,-1,-1,-1,false,false,false,0.0000,range_n,true,1.12005000,1.11752000,2.5336,true,1.1817,0.3140,5,strong,true,0.2459,shallow_236_382,0.080,diagnostic_only,diagnostic_only,diagnostic_only,deep_pullback,24,0.280,true,none,0.430,high_quality,false,false,diagnostic_only,both,true,none,true,diagnostic_adjacent_detected,required_light,false,false,LONG,4,false,false,1,2025.05.15 08:00:00,2025.05.15 10:00:00,9,5.7814,0.00000000,1.11845000,1.11845000,false,false,none,0.00000000,false,0.0000,0.0000,false,1,0.0000,false,-1,0.00000000,0.0000,off,false,not_evaluated,none,0.0000,0.0000,none,false,false,false,0.0000,none,false,none,0.0000,false,none,5.7814,1.3269,4.3571,3.8994,false,no_shrink,0.0000,none,none,false,false,none,0.0000,0.0000,0.0000,0.0000,none,false,false,0.0000,0.0000,false,false,-1,none,none,false,0.000,0.000,1.11958000,1.11907000,1.11907000,session_low,0.00043000,0.1937,opening_range_low|neckline_level,1.12039000,1.2050,false,true,false,false,not_blocked,4,4,0,m5_failure_exit,off,none,0.00000000,0.0000,1.30,1.11662000,4.500,-0.300,0.200,PERIOD_M15,1.12005000,1.11845000,0.6562,deep_618_786,0.000,true,1.11950000,1.12172000,0.00222000,1.11662000,1.297,0.00073857,18.00,30-60,true,false,none,blocked_spread_too_high,4.600,4.600,none,0.0000,false,neckline_retest_failed,false,not_invalidated,spread_too_high
2025.05.15 16:35:00,signal,session_reversal_pullback_one_symbol_first120,EURUSD,LONG,2025.05.15 16:30:00,16,13,22,london_newyork_overlap,2025.05.15 13:00,30,first_120min,true,true,3,EURUSD,highest_score_in_session_bar,london_newyork_overlap=USDJPY|EURJPY|GBPJPY|AUDJPY|EURUSD|GBPUSD,existing_first120_gate,london_newyork_overlap,true,false,true,passed_first_window,double_bottom,neckline_break_retest,1.11949000,PERIOD_M5,PERIOD_H1,PERIOD_M15,PERIOD_M5,PERIOD_M5,false,htf_soft_alignment,current_post_filter,transcript_post_filter,dow_range_or_transition,structure_trend_bias_dow_trend_down_ll_lh,dow_range_or_transition,structure_trend_bias_dow_trend_down_ll_lh,false,true,false,LONG,PERIOD_M5,double_bottom,double_bottom,4.200,none,0.000,double_bottom,4.200,none,0.000,LONG,false,PERIOD_H1_NONE_dow_range_or_transition|PERIOD_M15_SHORT_structure_trend_bias_dow_trend_down_ll_lh,true,h1_counter_m15_reversal,true,top_NONE_dow_range_or_transition|structure_SHORT_structure_trend_bias_dow_trend_down_ll_lh|structure_break_recent_confirmed_swing_break_failed|primary_break_recent_confirmed_swing_break_failed,none,above_75sma_rising,above_75sma_rising,above_75sma_flat_or_falling,-1,0.00000000,-1,0.00000000,false,off,NONE,NONE,0.00000000,0.00000000,0.0000,none,0.000,true,LONG,return_high_break_or_bos_up,1.12106000,1,1.12106000,1.11787000,false,off,independent,false,,,false,0.0000,none,0.0000,0.0000,none,0.0000,0.0000,0.0000,none,0.0000,0,0,0.0000,none,none,none,none,0.0000,0,0.0000,none,false,true,not_evaluated,true,required_light_or_anchor_flip,bias_flip_up,1.11845000,2025.05.15 08:45:00,1.12106000,2025.05.15 13:30:00,2025.05.15 14:30:00,true,LONG,1.12106000,1.12200000,0.7620,1,true,2025.05.15 16:00:00,1,LONG,1.12106000,1.12200000,0.7620,0.8917,normal,2025.05.15 16:00:00,first_after_anchor,true,LONG,1,1,1,true,false,fresh_0_4,true,false,false,true,none,true,required,true,PERIOD_M5,2025.05.15 16:05:00,2025.05.15 16:05:00,6,0.0549,true,1.12106000,0.0549,false,0.0000,true,m5_bullish_close_after_anchor_retest,clean_retest_reconfirm,true,none,true,required_first_signal_only,LONG,unknown,0.00000000,,0.00000000,,false,,-1,false,NONE,0.00000000,,0.00000000,0.0000,0.0000,none,-1,false,false,false,insufficient_confirmed_m5_pivots,EURUSD|LONG|1747324800|1.12106,,,false,false,false,-1,-1,-1,-1,-1,false,false,false,0.0000,falling_n,false,1.12272000,1.11787000,3.9317,true,0.8917,0.1057,0,normal,true,0.4306,preferred_382_618,0.200,diagnostic_only,diagnostic_only,diagnostic_only,fib_pullback,7,0.440,true,none,0.590,high_quality,false,false,diagnostic_only,both,true,none,true,diagnostic_adjacent_detected,required_light,false,false,SHORT,2,false,false,0,,,-1,0.0000,0.00000000,0.00000000,0.00000000,false,false,none,0.00000000,false,0.0000,0.0000,false,1,0.0000,false,-1,0.00000000,0.0000,off,false,not_evaluated,none,0.0000,0.0000,none,false,false,false,0.0000,none,false,none,0.0000,false,none,0.0000,0.0000,0.0000,0.0000,false,none,0.0000,none,none,false,false,none,0.0000,0.0000,0.0000,0.0000,none,false,false,0.0000,0.0000,false,false,-1,none,none,false,0.000,0.000,1.12088143,1.11958000,1.12088143,recent_equal_lows,0.00059143,0.4349,neckline_level,1.11949000,0.7325,false,true,true,false,not_blocked,5,2,3,m5_failure_exit,off,none,0.00000000,0.0000,1.30,1.12205000,4.200,-0.300,0.200,PERIOD_M15,1.12106000,1.11787000,0.2414,outside,0.000,true,1.12029000,1.11893000,0.00136000,1.12205000,1.294,0.00109214,18.00,30-60,true,false,none,not_consumed,4.300,4.300,none,0.0000,false,opposite_break_first,true,opposite_break_first,session_invalidated
2025.05.15 16:35:00,blocked,session_reversal_pullback_one_symbol_first120,EURUSD,LONG,2025.05.15 16:30:00,16,13,22,london_newyork_overlap,2025.05.15 13:00,30,first_120min,true,true,3,EURUSD,highest_score_in_session_bar,london_newyork_overlap=USDJPY|EURJPY|GBPJPY|AUDJPY|EURUSD|GBPUSD,existing_first120_gate,london_newyork_overlap,true,false,true,passed_first_window,double_bottom,neckline_break_retest,1.11949000,PERIOD_M5,PERIOD_H1,PERIOD_M15,PERIOD_M5,PERIOD_M5,false,htf_soft_alignment,current_post_filter,transcript_post_filter,dow_range_or_transition,structure_trend_bias_dow_trend_down_ll_lh,dow_range_or_transition,structure_trend_bias_dow_trend_down_ll_lh,false,true,false,LONG,PERIOD_M5,double_bottom,double_bottom,4.200,none,0.000,double_bottom,4.200,none,0.000,LONG,false,PERIOD_H1_NONE_dow_range_or_transition|PERIOD_M15_SHORT_structure_trend_bias_dow_trend_down_ll_lh,true,h1_counter_m15_reversal,true,top_NONE_dow_range_or_transition|structure_SHORT_structure_trend_bias_dow_trend_down_ll_lh|structure_break_recent_confirmed_swing_break_failed|primary_break_recent_confirmed_swing_break_failed,none,above_75sma_rising,above_75sma_rising,above_75sma_flat_or_falling,-1,0.00000000,-1,0.00000000,false,off,NONE,NONE,0.00000000,0.00000000,0.0000,none,0.000,true,LONG,return_high_break_or_bos_up,1.12106000,1,1.12106000,1.11787000,false,off,independent,false,,,false,0.0000,none,0.0000,0.0000,none,0.0000,0.0000,0.0000,none,0.0000,0,0,0.0000,none,none,none,none,0.0000,0,0.0000,none,false,true,not_evaluated,true,required_light_or_anchor_flip,bias_flip_up,1.11845000,2025.05.15 08:45:00,1.12106000,2025.05.15 13:30:00,2025.05.15 14:30:00,true,LONG,1.12106000,1.12200000,0.7620,1,true,2025.05.15 16:00:00,1,LONG,1.12106000,1.12200000,0.7620,0.8917,normal,2025.05.15 16:00:00,first_after_anchor,true,LONG,1,1,1,true,false,fresh_0_4,true,false,false,true,none,true,required,true,PERIOD_M5,2025.05.15 16:05:00,2025.05.15 16:05:00,6,0.0549,true,1.12106000,0.0549,false,0.0000,true,m5_bullish_close_after_anchor_retest,clean_retest_reconfirm,true,none,true,required_first_signal_only,LONG,unknown,0.00000000,,0.00000000,,false,,-1,false,NONE,0.00000000,,0.00000000,0.0000,0.0000,none,-1,false,false,false,insufficient_confirmed_m5_pivots,EURUSD|LONG|1747324800|1.12106,,,false,false,false,-1,-1,-1,-1,-1,false,false,false,0.0000,falling_n,false,1.12272000,1.11787000,3.9317,true,0.8917,0.1057,0,normal,true,0.4306,preferred_382_618,0.200,diagnostic_only,diagnostic_only,diagnostic_only,fib_pullback,7,0.440,true,none,0.590,high_quality,false,false,diagnostic_only,both,true,none,true,diagnostic_adjacent_detected,required_light,false,false,SHORT,2,false,false,0,,,-1,0.0000,0.00000000,0.00000000,0.00000000,false,false,none,0.00000000,false,0.0000,0.0000,false,1,0.0000,false,-1,0.00000000,0.0000,off,false,not_evaluated,none,0.0000,0.0000,none,false,false,false,0.0000,none,false,none,0.0000,false,none,0.0000,0.0000,0.0000,0.0000,false,none,0.0000,none,none,false,false,none,0.0000,0.0000,0.0000,0.0000,none,false,false,0.0000,0.0000,false,false,-1,none,none,false,0.000,0.000,1.12088143,1.11958000,1.12088143,recent_equal_lows,0.00059143,0.4349,neckline_level,1.11949000,0.7325,false,true,true,false,not_blocked,5,2,3,m5_failure_exit,off,none,0.00000000,0.0000,1.30,1.12205000,4.200,-0.300,0.200,PERIOD_M15,1.12106000,1.11787000,0.2414,outside,0.000,true,1.12029000,1.11893000,0.00136000,1.12205000,1.294,0.00109214,18.00,30-60,true,false,none,blocked_session_invalidated,4.300,4.300,none,0.0000,false,opposite_break_first,true,opposite_break_first,session_invalidated
2025.05.16 16:20:00,signal,session_reversal_pullback_one_symbol_first120,GBPJPY,SHORT,2025.05.16 16:15:00,16,13,22,london_newyork_overlap,2025.05.16 13:00,15,first_120min,true,true,3,GBPJPY,highest_score_in_session_bar,london_newyork_overlap=USDJPY|EURJPY|GBPJPY|AUDJPY|EURUSD|GBPUSD,existing_first120_gate,london_newyork_overlap,true,false,true,passed_first_window,head_and_shoulders,neckline_break_retest,193.35600000,PERIOD_M5,PERIOD_H1,PERIOD_M15,PERIOD_M5,PERIOD_M5,false,htf_soft_alignment,current_post_filter,transcript_post_filter,dow_range_or_transition,structure_trend_bias_dow_trend_up_hh_hl,dow_range_or_transition,structure_trend_bias_dow_trend_up_hh_hl,false,false,true,SHORT,PERIOD_M5,head_and_shoulders,head_and_shoulders,4.500,none,0.000,head_and_shoulders,4.500,none,0.000,SHORT,false,PERIOD_H1_NONE_dow_range_or_transition|PERIOD_M15_LONG_structure_trend_bias_dow_trend_up_hh_hl,true,h1_counter_m15_reversal,true,top_NONE_dow_range_or_transition|structure_LONG_structure_trend_bias_dow_trend_up_hh_hl|structure_break_recent_confirmed_swing_break_retest|primary_break_recent_confirmed_swing_break_continuation,none,below_75sma_falling,below_75sma_falling,below_75sma_falling,0,193.25500000,0,193.41600000,false,off,NONE,NONE,0.00000000,0.00000000,0.0000,none,0.000,true,SHORT,return_low_break_or_bos_down,193.25500000,0,193.57100000,193.25500000,false,off,independent,false,,,false,0.0000,none,0.0000,0.0000,none,0.0000,0.0000,0.0000,none,0.0000,0,0,0.0000,none,none,none,none,0.0000,0,0.0000,none,false,true,not_evaluated,true,required_light_or_anchor_flip,bias_flip_down,193.25500000,2025.05.16 13:15:00,193.64500000,2025.05.16 08:15:00,2025.05.16 14:30:00,true,SHORT,193.25500000,193.24300000,0.1059,0,true,2025.05.16 16:00:00,0,SHORT,193.25500000,193.24300000,0.1059,0.2648,normal,2025.05.16 16:00:00,first_after_anchor,true,SHORT,0,0,0,true,false,fresh_0_4,true,false,false,true,none,true,required,true,PERIOD_M5,2025.05.16 16:05:00,2025.05.16 16:05:00,3,0.1580,true,193.25500000,0.1580,false,0.0000,false,none,retest_only,true,none,true,required_first_signal_only,SHORT,no_confirmed_micro_anchor,0.00000000,,0.00000000,,false,,-1,false,NONE,0.00000000,,0.00000000,0.0000,0.0000,none,-1,false,false,false,insufficient_confirmed_m5_pivots,GBPJPY|SHORT|1747411200|193.255,,,false,false,false,-1,-1,-1,-1,-1,false,false,false,0.0000,rising_n,false,193.57100000,193.12600000,3.9281,true,0.2648,0.6104,0,normal,true,0.4674,preferred_382_618,0.200,diagnostic_only,diagnostic_only,diagnostic_only,shallow_pullback,6,0.440,true,none,0.590,high_quality,false,false,diagnostic_only,both,true,none,true,diagnostic_adjacent_detected,required_light,false,false,LONG,3,false,false,0,,,-1,0.0000,0.00000000,0.00000000,0.00000000,false,false,none,0.00000000,false,0.0000,0.0000,false,1,0.0000,false,-1,0.00000000,0.0000,off,false,not_evaluated,none,0.0000,0.0000,none,false,false,false,0.0000,none,false,none,0.0000,false,none,0.0000,0.0000,0.0000,0.0000,false,none,0.0000,none,none,false,false,none,0.0000,0.0000,0.0000,0.0000,none,false,false,0.0000,0.0000,false,false,-1,none,none,false,0.000,0.000,193.35600000,193.27400000,193.27400000,recent_equal_highs,0.06000000,0.3659,neckline_level,193.35600000,0.2897,false,true,true,false,not_blocked,10,6,4,m5_failure_exit,off,none,0.00000000,0.0000,1.30,193.12100000,4.500,-0.300,0.200,PERIOD_M15,193.57100000,193.25500000,0.2500,outside,0.000,true,193.33400000,193.49800000,0.16400000,193.12100000,1.299,0.07592857,38.00,0-30,true,false,none,not_consumed,5.150,5.150,none,0.0000,false,opposite_break_first,true,opposite_break_first,spread_too_high
2025.05.16 16:20:00,blocked,session_reversal_pullback_one_symbol_first120,GBPJPY,SHORT,2025.05.16 16:15:00,16,13,22,london_newyork_overlap,2025.05.16 13:00,15,first_120min,true,true,3,GBPJPY,highest_score_in_session_bar,london_newyork_overlap=USDJPY|EURJPY|GBPJPY|AUDJPY|EURUSD|GBPUSD,existing_first120_gate,london_newyork_overlap,true,false,true,passed_first_window,head_and_shoulders,neckline_break_retest,193.35600000,PERIOD_M5,PERIOD_H1,PERIOD_M15,PERIOD_M5,PERIOD_M5,false,htf_soft_alignment,current_post_filter,transcript_post_filter,dow_range_or_transition,structure_trend_bias_dow_trend_up_hh_hl,dow_range_or_transition,structure_trend_bias_dow_trend_up_hh_hl,false,false,true,SHORT,PERIOD_M5,head_and_shoulders,head_and_shoulders,4.500,none,0.000,head_and_shoulders,4.500,none,0.000,SHORT,false,PERIOD_H1_NONE_dow_range_or_transition|PERIOD_M15_LONG_structure_trend_bias_dow_trend_up_hh_hl,true,h1_counter_m15_reversal,true,top_NONE_dow_range_or_transition|structure_LONG_structure_trend_bias_dow_trend_up_hh_hl|structure_break_recent_confirmed_swing_break_retest|primary_break_recent_confirmed_swing_break_continuation,none,below_75sma_falling,below_75sma_falling,below_75sma_falling,0,193.25500000,0,193.41600000,false,off,NONE,NONE,0.00000000,0.00000000,0.0000,none,0.000,true,SHORT,return_low_break_or_bos_down,193.25500000,0,193.57100000,193.25500000,false,off,independent,false,,,false,0.0000,none,0.0000,0.0000,none,0.0000,0.0000,0.0000,none,0.0000,0,0,0.0000,none,none,none,none,0.0000,0,0.0000,none,false,true,not_evaluated,true,required_light_or_anchor_flip,bias_flip_down,193.25500000,2025.05.16 13:15:00,193.64500000,2025.05.16 08:15:00,2025.05.16 14:30:00,true,SHORT,193.25500000,193.24300000,0.1059,0,true,2025.05.16 16:00:00,0,SHORT,193.25500000,193.24300000,0.1059,0.2648,normal,2025.05.16 16:00:00,first_after_anchor,true,SHORT,0,0,0,true,false,fresh_0_4,true,false,false,true,none,true,required,true,PERIOD_M5,2025.05.16 16:05:00,2025.05.16 16:05:00,3,0.1580,true,193.25500000,0.1580,false,0.0000,false,none,retest_only,true,none,true,required_first_signal_only,SHORT,no_confirmed_micro_anchor,0.00000000,,0.00000000,,false,,-1,false,NONE,0.00000000,,0.00000000,0.0000,0.0000,none,-1,false,false,false,insufficient_confirmed_m5_pivots,GBPJPY|SHORT|1747411200|193.255,,,false,false,false,-1,-1,-1,-1,-1,false,false,false,0.0000,rising_n,false,193.57100000,193.12600000,3.9281,true,0.2648,0.6104,0,normal,true,0.4674,preferred_382_618,0.200,diagnostic_only,diagnostic_only,diagnostic_only,shallow_pullback,6,0.440,true,none,0.590,high_quality,false,false,diagnostic_only,both,true,none,true,diagnostic_adjacent_detected,required_light,false,false,LONG,3,false,false,0,,,-1,0.0000,0.00000000,0.00000000,0.00000000,false,false,none,0.00000000,false,0.0000,0.0000,false,1,0.0000,false,-1,0.00000000,0.0000,off,false,not_evaluated,none,0.0000,0.0000,none,false,false,false,0.0000,none,false,none,0.0000,false,none,0.0000,0.0000,0.0000,0.0000,false,none,0.0000,none,none,false,false,none,0.0000,0.0000,0.0000,0.0000,none,false,false,0.0000,0.0000,false,false,-1,none,none,false,0.000,0.000,193.35600000,193.27400000,193.27400000,recent_equal_highs,0.06000000,0.3659,neckline_level,193.35600000,0.2897,false,true,true,false,not_blocked,10,6,4,m5_failure_exit,off,none,0.00000000,0.0000,1.30,193.12100000,4.500,-0.300,0.200,PERIOD_M15,193.57100000,193.25500000,0.2500,outside,0.000,true,193.33400000,193.49800000,0.16400000,193.12100000,1.299,0.07592857,38.00,0-30,true,false,none,blocked_spread_too_high,5.150,5.150,none,0.0000,false,opposite_break_first,true,opposite_break_first,spread_too_high
2025.05.19 17:35:00,signal,session_reversal_pullback_one_symbol_first120,USDJPY,LONG,2025.05.19 17:30:00,17,14,23,london_newyork_overlap,2025.05.19 13:00,90,first_120min,false,true,3,USDJPY,highest_score_in_session_bar,london_newyork_overlap=USDJPY|EURJPY|GBPJPY|AUDJPY|EURUSD|GBPUSD,existing_first120_gate,london_newyork_overlap,true,false,true,passed_first_window,inverse_head_and_shoulders,neckline_break_retest,144.99300000,PERIOD_M5,PERIOD_H1,PERIOD_M15,PERIOD_M5,PERIOD_M5,false,htf_soft_alignment,current_post_filter,transcript_post_filter,dow_trend_down_ll_lh,structure_trend_bias_dow_trend_up_hh_hl,dow_trend_down_ll_lh,structure_trend_bias_dow_trend_up_hh_hl,false,true,false,LONG,PERIOD_M5,inverse_head_and_shoulders,inverse_head_and_shoulders,4.500,none,0.000,inverse_head_and_shoulders,4.500,none,0.000,LONG,true,PERIOD_H1_SHORT_dow_trend_down_ll_lh|PERIOD_M15_LONG_structure_trend_bias_dow_trend_up_hh_hl,true,h1_counter_m15_reversal,true,top_SHORT_dow_trend_down_ll_lh|structure_LONG_structure_trend_bias_dow_trend_up_hh_hl|structure_break_recent_confirmed_swing_break_retest|primary_break_recent_confirmed_swing_break_failed,none,below_75sma_falling,below_75sma_falling,above_75sma_rising,1,145.11800000,-1,0.00000000,false,off,NONE,NONE,0.00000000,0.00000000,0.0000,none,0.000,true,LONG,return_high_break_or_bos_up,145.11800000,1,145.11800000,144.85100000,false,off,independent,false,,,false,0.0000,none,0.0000,0.0000,none,0.0000,0.0000,0.0000,none,0.0000,0,0,0.0000,none,none,none,none,0.0000,0,0.0000,none,false,true,not_evaluated,true,required_light_or_anchor_flip,long_bias,144.85100000,2025.05.19 15:15:00,145.29000000,2025.05.19 08:45:00,2025.05.19 16:00:00,false,NONE,0.00000000,0.00000000,0.0000,-1,false,,-1,NONE,0.00000000,0.00000000,0.0000,0.0000,none,,none,false,NONE,-1,-1,-1,false,false,none,true,false,false,true,none,true,required,false,PERIOD_M5,,,-1,0.0000,false,0.00000000,0.0000,false,0.0000,false,none,none,false,no_anchor_flip_in_entry_direction,true,required_first_signal_only,LONG,unknown,0.00000000,,0.00000000,,false,,-1,false,NONE,0.00000000,,0.00000000,0.0000,0.0000,none,-1,false,false,false,no_anchor_flip_in_entry_direction,,,,false,false,false,-1,-1,-1,-1,-1,false,false,false,0.0000,rising_n,false,145.11800000,144.69400000,2.9299,false,0.0000,0.0000,0,none,true,0.3126,shallow_236_382,0.080,diagnostic_only,diagnostic_only,diagnostic_only,shallow_pullback,4,0.320,true,none,0.470,high_quality,false,false,diagnostic_only,both,true,none,true,diagnostic_adjacent_detected,required_light,false,false,SHORT,7,false,false,0,2025.05.19 15:25:00,2025.05.19 17:00:00,6,3.6557,145.20900000,0.00000000,145.20900000,false,false,none,0.00000000,false,0.0000,0.0000,false,1,0.0000,false,-1,0.00000000,0.0000,off,false,not_evaluated,none,0.0000,0.0000,none,false,false,false,0.0000,none,false,none,0.0000,false,none,3.6557,2.7265,1.3408,0.0000,true,strong_exhaustion,0.0000,none,none,false,false,none,0.0000,0.0000,0.0000,0.0000,none,false,false,0.0000,0.0000,false,false,-1,none,none,false,0.000,0.000,145.05000000,145.01500000,145.05000000,wick_cluster_zone,0.00200000,0.0093,neckline_level,144.99300000,0.5616,false,true,true,false,not_blocked,7,3,4,m5_failure_exit,off,none,0.00000000,0.0000,1.30,145.32700000,4.500,-0.300,0.200,PERIOD_M15,145.11800000,144.85100000,0.2622,outside,0.000,true,145.04800000,144.83300000,0.21500000,145.32700000,1.298,0.09792857,16.00,90-120,true,false,none,not_consumed,4.950,4.950,none,0.0000,false,opposite_break_first,true,opposite_break_first,session_invalidated
2025.05.19 17:35:00,blocked,session_reversal_pullback_one_symbol_first120,USDJPY,LONG,2025.05.19 17:30:00,17,14,23,london_newyork_overlap,2025.05.19 13:00,90,first_120min,false,true,3,USDJPY,highest_score_in_session_bar,london_newyork_overlap=USDJPY|EURJPY|GBPJPY|AUDJPY|EURUSD|GBPUSD,existing_first120_gate,london_newyork_overlap,true,false,true,passed_first_window,inverse_head_and_shoulders,neckline_break_retest,144.99300000,PERIOD_M5,PERIOD_H1,PERIOD_M15,PERIOD_M5,PERIOD_M5,false,htf_soft_alignment,current_post_filter,transcript_post_filter,dow_trend_down_ll_lh,structure_trend_bias_dow_trend_up_hh_hl,dow_trend_down_ll_lh,structure_trend_bias_dow_trend_up_hh_hl,false,true,false,LONG,PERIOD_M5,inverse_head_and_shoulders,inverse_head_and_shoulders,4.500,none,0.000,inverse_head_and_shoulders,4.500,none,0.000,LONG,true,PERIOD_H1_SHORT_dow_trend_down_ll_lh|PERIOD_M15_LONG_structure_trend_bias_dow_trend_up_hh_hl,true,h1_counter_m15_reversal,true,top_SHORT_dow_trend_down_ll_lh|structure_LONG_structure_trend_bias_dow_trend_up_hh_hl|structure_break_recent_confirmed_swing_break_retest|primary_break_recent_confirmed_swing_break_failed,none,below_75sma_falling,below_75sma_falling,above_75sma_rising,1,145.11800000,-1,0.00000000,false,off,NONE,NONE,0.00000000,0.00000000,0.0000,none,0.000,true,LONG,return_high_break_or_bos_up,145.11800000,1,145.11800000,144.85100000,false,off,independent,false,,,false,0.0000,none,0.0000,0.0000,none,0.0000,0.0000,0.0000,none,0.0000,0,0,0.0000,none,none,none,none,0.0000,0,0.0000,none,false,true,not_evaluated,true,required_light_or_anchor_flip,long_bias,144.85100000,2025.05.19 15:15:00,145.29000000,2025.05.19 08:45:00,2025.05.19 16:00:00,false,NONE,0.00000000,0.00000000,0.0000,-1,false,,-1,NONE,0.00000000,0.00000000,0.0000,0.0000,none,,none,false,NONE,-1,-1,-1,false,false,none,true,false,false,true,none,true,required,false,PERIOD_M5,,,-1,0.0000,false,0.00000000,0.0000,false,0.0000,false,none,none,false,no_anchor_flip_in_entry_direction,true,required_first_signal_only,LONG,unknown,0.00000000,,0.00000000,,false,,-1,false,NONE,0.00000000,,0.00000000,0.0000,0.0000,none,-1,false,false,false,no_anchor_flip_in_entry_direction,,,,false,false,false,-1,-1,-1,-1,-1,false,false,false,0.0000,rising_n,false,145.11800000,144.69400000,2.9299,false,0.0000,0.0000,0,none,true,0.3126,shallow_236_382,0.080,diagnostic_only,diagnostic_only,diagnostic_only,shallow_pullback,4,0.320,true,none,0.470,high_quality,false,false,diagnostic_only,both,true,none,true,diagnostic_adjacent_detected,required_light,false,false,SHORT,7,false,false,0,2025.05.19 15:25:00,2025.05.19 17:00:00,6,3.6557,145.20900000,0.00000000,145.20900000,false,false,none,0.00000000,false,0.0000,0.0000,false,1,0.0000,false,-1,0.00000000,0.0000,off,false,not_evaluated,none,0.0000,0.0000,none,false,false,false,0.0000,none,false,none,0.0000,false,none,3.6557,2.7265,1.3408,0.0000,true,strong_exhaustion,0.0000,none,none,false,false,none,0.0000,0.0000,0.0000,0.0000,none,false,false,0.0000,0.0000,false,false,-1,none,none,false,0.000,0.000,145.05000000,145.01500000,145.05000000,wick_cluster_zone,0.00200000,0.0093,neckline_level,144.99300000,0.5616,false,true,true,false,not_blocked,7,3,4,m5_failure_exit,off,none,0.00000000,0.0000,1.30,145.32700000,4.500,-0.300,0.200,PERIOD_M15,145.11800000,144.85100000,0.2622,outside,0.000,true,145.04800000,144.83300000,0.21500000,145.32700000,1.298,0.09792857,16.00,90-120,true,false,none,blocked_session_invalidated,4.950,4.950,none,0.0000,false,opposite_break_first,true,opposite_break_first,session_invalidated
2025.05.19 19:10:00,signal,session_reversal_pullback_one_symbol_first120,USDJPY,LONG,2025.05.19 19:05:00,19,16,1,new_york,2025.05.19 16:00,5,first_120min,true,true,3,USDJPY,highest_score_in_session_bar,new_york=USDJPY|EURJPY|GBPJPY|AUDJPY|EURUSD|GBPUSD,existing_first120_gate,new_york,false,false,true,passed_first_window,inverse_head_and_shoulders,neckline_break_retest,144.99900000,PERIOD_M5,PERIOD_H1,PERIOD_M15,PERIOD_M5,PERIOD_M5,false,htf_soft_alignment,current_post_filter,transcript_post_filter,dow_trend_down_ll_lh,structure_trend_bias_dow_trend_up_hh_hl,dow_trend_down_ll_lh,structure_trend_bias_dow_trend_up_hh_hl,false,true,false,LONG,PERIOD_M5,inverse_head_and_shoulders,inverse_head_and_shoulders,4.500,none,0.000,inverse_head_and_shoulders,4.500,none,0.000,LONG,false,PERIOD_H1_SHORT_dow_trend_down_ll_lh|PERIOD_M15_LONG_structure_trend_bias_dow_trend_up_hh_hl,true,h1_counter_m15_reversal,true,top_SHORT_dow_trend_down_ll_lh|structure_LONG_structure_trend_bias_dow_trend_up_hh_hl|structure_break_recent_confirmed_swing_break_failed|primary_break_recent_confirmed_swing_break_continuation,none,below_75sma_falling,below_75sma_falling,above_75sma_rising,-1,0.00000000,0,144.97900000,false,off,NONE,NONE,0.00000000,0.00000000,0.0000,none,0.000,true,LONG,return_high_break_or_bos_up,145.11800000,7,145.20900000,144.69400000,false,off,independent,false,,,false,0.0000,none,0.0000,0.0000,none,0.0000,0.0000,0.0000,none,0.0000,0,0,0.0000,none,none,none,none,0.0000,0,0.0000,none,false,true,not_evaluated,true,required_light_or_anchor_flip,bias_flip_down,144.85100000,2025.05.19 16:15:00,145.29000000,2025.05.19 08:45:00,2025.05.19 17:00:00,true,SHORT,144.85100000,144.84000000,0.0738,2,true,2025.05.19 18:15:00,2,SHORT,144.85100000,144.84000000,0.0738,0.0268,weak,2025.05.19 18:15:00,first_after_anchor,true,SHORT,2,2,2,true,false,fresh_0_4,false,true,false,true,none,true,required,false,PERIOD_M5,,,-1,0.0000,false,0.00000000,0.0000,false,0.0000,false,none,none,false,no_anchor_flip_in_entry_direction,true,required_first_signal_only,LONG,unknown,0.00000000,,0.00000000,,false,,-1,false,NONE,0.00000000,,0.00000000,0.0000,0.0000,none,-1,false,false,false,no_anchor_flip_in_entry_direction,,,,false,false,false,-1,-1,-1,-1,-1,false,false,false,0.0000,rising_n,false,145.20900000,144.69400000,3.4547,true,0.0268,0.9394,0,weak,true,0.3437,shallow_236_382,0.080,diagnostic_only,diagnostic_only,diagnostic_only,shallow_pullback,24,0.280,true,none,0.430,high_quality,false,false,diagnostic_only,both,true,none,true,diagnostic_adjacent_detected,required_light,false,false,SHORT,3,false,false,0,,,-1,0.0000,0.00000000,0.00000000,0.00000000,false,false,none,0.00000000,false,0.0000,0.0000,false,1,0.0000,false,-1,0.00000000,0.0000,off,false,not_evaluated,none,0.0000,0.0000,none,false,false,false,0.0000,none,false,none,0.0000,false,none,0.0000,0.0000,0.0000,0.0000,false,none,0.0000,none,none,false,false,none,0.0000,0.0000,0.0000,0.0000,none,false,false,0.0000,0.0000,false,false,-1,none,none,false,0.000,0.000,145.08100000,145.01000000,145.08100000,session_high,0.04900000,0.2784,neckline_level,144.99900000,0.4748,false,true,false,false,not_blocked,3,3,0,m5_failure_exit,off,none,0.00000000,0.0000,1.30,145.26000000,4.500,-0.300,0.200,PERIOD_M15,145.20900000,144.85100000,0.4944,preferred_382_618,0.000,true,145.03200000,144.85600000,0.17600000,145.26000000,1.295,0.06950000,16.00,0-30,true,false,none,not_consumed,4.800,4.800,none,0.0000,false,neckline_retest_failed,false,not_invalidated,spread_too_high
2025.05.19 19:10:00,blocked,session_reversal_pullback_one_symbol_first120,USDJPY,LONG,2025.05.19 19:05:00,19,16,1,new_york,2025.05.19 16:00,5,first_120min,true,true,3,USDJPY,highest_score_in_session_bar,new_york=USDJPY|EURJPY|GBPJPY|AUDJPY|EURUSD|GBPUSD,existing_first120_gate,new_york,false,false,true,passed_first_window,inverse_head_and_shoulders,neckline_break_retest,144.99900000,PERIOD_M5,PERIOD_H1,PERIOD_M15,PERIOD_M5,PERIOD_M5,false,htf_soft_alignment,current_post_filter,transcript_post_filter,dow_trend_down_ll_lh,structure_trend_bias_dow_trend_up_hh_hl,dow_trend_down_ll_lh,structure_trend_bias_dow_trend_up_hh_hl,false,true,false,LONG,PERIOD_M5,inverse_head_and_shoulders,inverse_head_and_shoulders,4.500,none,0.000,inverse_head_and_shoulders,4.500,none,0.000,LONG,false,PERIOD_H1_SHORT_dow_trend_down_ll_lh|PERIOD_M15_LONG_structure_trend_bias_dow_trend_up_hh_hl,true,h1_counter_m15_reversal,true,top_SHORT_dow_trend_down_ll_lh|structure_LONG_structure_trend_bias_dow_trend_up_hh_hl|structure_break_recent_confirmed_swing_break_failed|primary_break_recent_confirmed_swing_break_continuation,none,below_75sma_falling,below_75sma_falling,above_75sma_rising,-1,0.00000000,0,144.97900000,false,off,NONE,NONE,0.00000000,0.00000000,0.0000,none,0.000,true,LONG,return_high_break_or_bos_up,145.11800000,7,145.20900000,144.69400000,false,off,independent,false,,,false,0.0000,none,0.0000,0.0000,none,0.0000,0.0000,0.0000,none,0.0000,0,0,0.0000,none,none,none,none,0.0000,0,0.0000,none,false,true,not_evaluated,true,required_light_or_anchor_flip,bias_flip_down,144.85100000,2025.05.19 16:15:00,145.29000000,2025.05.19 08:45:00,2025.05.19 17:00:00,true,SHORT,144.85100000,144.84000000,0.0738,2,true,2025.05.19 18:15:00,2,SHORT,144.85100000,144.84000000,0.0738,0.0268,weak,2025.05.19 18:15:00,first_after_anchor,true,SHORT,2,2,2,true,false,fresh_0_4,false,true,false,true,none,true,required,false,PERIOD_M5,,,-1,0.0000,false,0.00000000,0.0000,false,0.0000,false,none,none,false,no_anchor_flip_in_entry_direction,true,required_first_signal_only,LONG,unknown,0.00000000,,0.00000000,,false,,-1,false,NONE,0.00000000,,0.00000000,0.0000,0.0000,none,-1,false,false,false,no_anchor_flip_in_entry_direction,,,,false,false,false,-1,-1,-1,-1,-1,false,false,false,0.0000,rising_n,false,145.20900000,144.69400000,3.4547,true,0.0268,0.9394,0,weak,true,0.3437,shallow_236_382,0.080,diagnostic_only,diagnostic_only,diagnostic_only,shallow_pullback,24,0.280,true,none,0.430,high_quality,false,false,diagnostic_only,both,true,none,true,diagnostic_adjacent_detected,required_light,false,false,SHORT,3,false,false,0,,,-1,0.0000,0.00000000,0.00000000,0.00000000,false,false,none,0.00000000,false,0.0000,0.0000,false,1,0.0000,false,-1,0.00000000,0.0000,off,false,not_evaluated,none,0.0000,0.0000,none,false,false,false,0.0000,none,false,none,0.0000,false,none,0.0000,0.0000,0.0000,0.0000,false,none,0.0000,none,none,false,false,none,0.0000,0.0000,0.0000,0.0000,none,false,false,0.0000,0.0000,false,false,-1,none,none,false,0.000,0.000,145.08100000,145.01000000,145.08100000,session_high,0.04900000,0.2784,neckline_level,144.99900000,0.4748,false,true,false,false,not_blocked,3,3,0,m5_failure_exit,off,none,0.00000000,0.0000,1.30,145.26000000,4.500,-0.300,0.200,PERIOD_M15,145.20900000,144.85100000,0.4944,preferred_382_618,0.000,true,145.03200000,144.85600000,0.17600000,145.26000000,1.295,0.06950000,16.00,0-30,true,false,none,blocked_spread_too_high,4.800,4.800,none,0.0000,false,neckline_retest_failed,false,not_invalidated,spread_too_high
2025.05.20 04:10:00,signal,session_reversal_pullback_one_symbol_first120,EURJPY,LONG,2025.05.20 04:05:00,4,1,10,tokyo,2025.05.20 00:00,65,first_120min,false,true,3,EURJPY,highest_score_in_session_bar,tokyo=USDJPY|EURJPY|GBPJPY|AUDJPY,existing_first120_gate,tokyo,true,false,true,passed_first_window,double_bottom,neckline_break_retest,162.82900000,PERIOD_M5,PERIOD_H1,PERIOD_M15,PERIOD_M5,PERIOD_M5,false,htf_soft_alignment,current_post_filter,transcript_post_filter,dow_range_or_transition,ordered_dow_wave3_break_above_swing_high,dow_range_or_transition,ordered_dow_wave3_break_above_swing_high,false,true,false,LONG,PERIOD_M5,double_bottom,double_bottom,4.200,none,0.000,double_bottom,4.200,none,0.000,LONG,false,PERIOD_H1_NONE_dow_range_or_transition|PERIOD_M15_LONG_ordered_dow_wave3_break_above_swing_high,true,h1_counter_m15_reversal,true,top_NONE_dow_range_or_transition|structure_LONG_ordered_dow_wave3_break_above_swing_high|structure_break_recent_confirmed_swing_break_continuation|primary_break_recent_confirmed_swing_break_failed,none,above_75sma_flat_or_falling,above_75sma_rising,below_75sma_flat_or_rising,0,162.92300000,-1,0.00000000,false,off,NONE,NONE,0.00000000,0.00000000,0.0000,none,0.000,true,LONG,return_high_break_or_bos_up,162.92300000,0,162.92300000,162.73000000,false,off,independent,false,,,false,0.0000,none,0.0000,0.0000,none,0.0000,0.0000,0.0000,none,0.0000,0,0,0.0000,none,none,none,none,0.0000,0,0.0000,none,false,true,not_evaluated,true,required_light_or_anchor_flip,long_bias,162.72700000,2025.05.20 00:00:00,162.88200000,2025.05.19 23:45:00,2025.05.20 01:15:00,false,NONE,0.00000000,0.00000000,0.0000,-1,false,,-1,NONE,0.00000000,0.00000000,0.0000,0.0000,none,,none,false,NONE,-1,-1,-1,false,false,none,true,false,false,true,none,true,required,false,PERIOD_M5,,,-1,0.0000,false,0.00000000,0.0000,false,0.0000,false,none,none,false,no_anchor_flip_in_entry_direction,true,required_first_signal_only,LONG,unknown,0.00000000,,0.00000000,,false,,-1,false,NONE,0.00000000,,0.00000000,0.0000,0.0000,none,-1,false,false,false,no_anchor_flip_in_entry_direction,,,,false,false,false,-1,-1,-1,-1,-1,false,false,false,0.0000,rising_n,false,162.92300000,162.72700000,1.9942,false,0.0000,0.0000,0,none,true,0.7477,deep_618_786,0.120,diagnostic_only,diagnostic_only,diagnostic_only,shallow_pullback,6,0.360,true,none,0.510,high_quality,false,false,diagnostic_only,both,true,none,true,diagnostic_adjacent_detected,required_light,false,false,SHORT,3,false,false,0,,,-1,0.0000,0.00000000,0.00000000,0.00000000,false,false,none,0.00000000,false,0.0000,0.0000,false,1,0.0000,false,-1,0.00000000,0.0000,off,false,not_evaluated,none,0.0000,0.0000,none,false,false,false,0.0000,none,false,none,0.0000,false,none,0.0000,0.0000,0.0000,0.0000,false,none,0.0000,none,none,false,false,none,0.0000,0.0000,0.0000,0.0000,none,false,false,0.0000,0.0000,false,false,-1,none,none,false,0.000,0.000,162.92300000,162.85500000,162.92300000,structure_confirmed_swing_high,0.05900000,0.4917,neckline_level,162.82900000,0.3668,false,true,true,false,not_blocked,2,1,1,m5_failure_exit,off,none,0.00000000,0.0000,1.30,163.02000000,4.200,-0.300,0.200,PERIOD_M15,162.92300000,162.73000000,0.3057,outside,0.000,true,162.86400000,162.74400000,0.12000000,163.02000000,1.300,0.09542857,33.00,60-90,true,false,none,not_consumed,4.650,4.650,none,0.0000,false,neckline_retest_failed,false,not_invalidated,spread_too_high
2025.05.20 04:10:00,blocked,session_reversal_pullback_one_symbol_first120,EURJPY,LONG,2025.05.20 04:05:00,4,1,10,tokyo,2025.05.20 00:00,65,first_120min,false,true,3,EURJPY,highest_score_in_session_bar,tokyo=USDJPY|EURJPY|GBPJPY|AUDJPY,existing_first120_gate,tokyo,true,false,true,passed_first_window,double_bottom,neckline_break_retest,162.82900000,PERIOD_M5,PERIOD_H1,PERIOD_M15,PERIOD_M5,PERIOD_M5,false,htf_soft_alignment,current_post_filter,transcript_post_filter,dow_range_or_transition,ordered_dow_wave3_break_above_swing_high,dow_range_or_transition,ordered_dow_wave3_break_above_swing_high,false,true,false,LONG,PERIOD_M5,double_bottom,double_bottom,4.200,none,0.000,double_bottom,4.200,none,0.000,LONG,false,PERIOD_H1_NONE_dow_range_or_transition|PERIOD_M15_LONG_ordered_dow_wave3_break_above_swing_high,true,h1_counter_m15_reversal,true,top_NONE_dow_range_or_transition|structure_LONG_ordered_dow_wave3_break_above_swing_high|structure_break_recent_confirmed_swing_break_continuation|primary_break_recent_confirmed_swing_break_failed,none,above_75sma_flat_or_falling,above_75sma_rising,below_75sma_flat_or_rising,0,162.92300000,-1,0.00000000,false,off,NONE,NONE,0.00000000,0.00000000,0.0000,none,0.000,true,LONG,return_high_break_or_bos_up,162.92300000,0,162.92300000,162.73000000,false,off,independent,false,,,false,0.0000,none,0.0000,0.0000,none,0.0000,0.0000,0.0000,none,0.0000,0,0,0.0000,none,none,none,none,0.0000,0,0.0000,none,false,true,not_evaluated,true,required_light_or_anchor_flip,long_bias,162.72700000,2025.05.20 00:00:00,162.88200000,2025.05.19 23:45:00,2025.05.20 01:15:00,false,NONE,0.00000000,0.00000000,0.0000,-1,false,,-1,NONE,0.00000000,0.00000000,0.0000,0.0000,none,,none,false,NONE,-1,-1,-1,false,false,none,true,false,false,true,none,true,required,false,PERIOD_M5,,,-1,0.0000,false,0.00000000,0.0000,false,0.0000,false,none,none,false,no_anchor_flip_in_entry_direction,true,required_first_signal_only,LONG,unknown,0.00000000,,0.00000000,,false,,-1,false,NONE,0.00000000,,0.00000000,0.0000,0.0000,none,-1,false,false,false,no_anchor_flip_in_entry_direction,,,,false,false,false,-1,-1,-1,-1,-1,false,false,false,0.0000,rising_n,false,162.92300000,162.72700000,1.9942,false,0.0000,0.0000,0,none,true,0.7477,deep_618_786,0.120,diagnostic_only,diagnostic_only,diagnostic_only,shallow_pullback,6,0.360,true,none,0.510,high_quality,false,false,diagnostic_only,both,true,none,true,diagnostic_adjacent_detected,required_light,false,false,SHORT,3,false,false,0,,,-1,0.0000,0.00000000,0.00000000,0.00000000,false,false,none,0.00000000,false,0.0000,0.0000,false,1,0.0000,false,-1,0.00000000,0.0000,off,false,not_evaluated,none,0.0000,0.0000,none,false,false,false,0.0000,none,false,none,0.0000,false,none,0.0000,0.0000,0.0000,0.0000,false,none,0.0000,none,none,false,false,none,0.0000,0.0000,0.0000,0.0000,none,false,false,0.0000,0.0000,false,false,-1,none,none,false,0.000,0.000,162.92300000,162.85500000,162.92300000,structure_confirmed_swing_high,0.05900000,0.4917,neckline_level,162.82900000,0.3668,false,true,true,false,not_blocked,2,1,1,m5_failure_exit,off,none,0.00000000,0.0000,1.30,163.02000000,4.200,-0.300,0.200,PERIOD_M15,162.92300000,162.73000000,0.3057,outside,0.000,true,162.86400000,162.74400000,0.12000000,163.02000000,1.300,0.09542857,33.00,60-90,true,false,none,blocked_spread_too_high,4.650,4.650,none,0.0000,false,neckline_retest_failed,false,not_invalidated,spread_too_high
2025.05.20 16:35:00,signal,session_reversal_pullback_one_symbol_first120,GBPJPY,SHORT,2025.05.20 16:30:00,16,13,22,london_newyork_overlap,2025.05.20 13:00,30,first_120min,true,true,3,GBPJPY,highest_score_in_session_bar,london_newyork_overlap=USDJPY|EURJPY|GBPJPY|AUDJPY|EURUSD|GBPUSD,existing_first120_gate,london_newyork_overlap,false,false,true,passed_first_window,sweep_high_reclaim,sweep_reclaim_retest,193.37200000,PERIOD_M5,PERIOD_H1,PERIOD_M15,PERIOD_M5,PERIOD_M5,false,htf_soft_alignment,current_post_filter,transcript_post_filter,dow_range_or_transition,structure_trend_bias_dow_trend_down_ll_lh,dow_range_or_transition,structure_trend_bias_dow_trend_down_ll_lh,false,false,true,SHORT,PERIOD_M5,sweep_high_reclaim,sweep_high_reclaim,3.400,none,0.000,sweep_high_reclaim,3.400,none,0.000,SHORT,false,PERIOD_H1_NONE_dow_range_or_transition|PERIOD_M15_SHORT_structure_trend_bias_dow_trend_down_ll_lh,true,h1_counter_m15_reversal,true,top_NONE_dow_range_or_transition|structure_SHORT_structure_trend_bias_dow_trend_down_ll_lh|structure_break_recent_confirmed_swing_break_failed|primary_break_recent_confirmed_swing_break_failed,none,below_75sma_falling,below_75sma_falling,above_75sma_rising,-1,0.00000000,-1,0.00000000,false,off,NONE,NONE,0.00000000,0.00000000,0.0000,none,0.000,true,SHORT,return_low_break_or_bos_down,193.04000000,4,193.36100000,192.90600000,false,off,independent,false,,,false,0.0000,none,0.0000,0.0000,none,0.0000,0.0000,0.0000,none,0.0000,0,0,0.0000,none,none,none,none,0.0000,0,0.0000,none,false,true,not_evaluated,true,required_light_or_anchor_flip,short_bias,192.90600000,2025.05.20 10:15:00,193.35500000,2025.05.20 14:30:00,2025.05.20 15:15:00,false,NONE,0.00000000,0.00000000,0.0000,-1,false,,-1,NONE,0.00000000,0.00000000,0.0000,0.0000,none,,none,false,NONE,-1,-1,-1,false,false,none,true,false,false,true,none,true,required,false,PERIOD_M5,,,-1,0.0000,false,0.00000000,0.0000,false,0.0000,false,none,none,false,no_anchor_flip_in_entry_direction,true,required_first_signal_only,SHORT,unknown,0.00000000,,0.00000000,,false,,-1,false,NONE,0.00000000,,0.00000000,0.0000,0.0000,none,-1,false,false,false,no_anchor_flip_in_entry_direction,,,,false,false,false,-1,-1,-1,-1,-1,false,false,false,0.0000,falling_n,false,193.36100000,192.90600000,3.2650,false,0.0000,0.0000,0,none,true,0.8527,too_deep,0.000,diagnostic_only,diagnostic_only,diagnostic_only,deep_pullback,24,0.250,true,none,0.400,medium_quality,false,false,diagnostic_only,both,true,none,true,diagnostic_adjacent_detected,required_light,false,false,LONG,6,false,false,0,2025.05.20 14:15:00,2025.05.20 15:40:00,10,4.3742,0.00000000,193.00600000,193.00600000,false,false,none,0.00000000,false,0.0000,0.0000,false,1,0.0000,false,-1,0.00000000,0.0000,off,false,not_evaluated,none,0.0000,0.0000,none,false,false,false,0.0000,none,false,none,0.0000,false,none,2.3688,3.4718,0.6823,0.0000,true,strong_exhaustion,0.0000,none,none,false,false,none,0.0000,0.0000,0.0000,0.0000,none,false,false,0.0000,0.0000,false,false,-1,none,none,false,0.000,0.000,193.33716667,193.26000000,193.26000000,recent_equal_lows,0.03400000,0.3542,neckline_level,193.37200000,0.9776,false,true,true,false,not_blocked,3,1,2,m5_failure_exit,off,none,0.00000000,0.0000,1.30,193.16900000,3.400,-0.300,0.200,PERIOD_M15,193.35500000,193.00600000,0.8252,outside,0.000,true,193.29400000,193.39000000,0.09600000,193.16900000,1.302,0.07978571,38.00,30-60,true,false,none,not_consumed,3.500,3.500,none,0.0000,false,opposite_break_first,true,opposite_break_first,spread_too_high
2025.05.20 16:35:00,blocked,session_reversal_pullback_one_symbol_first120,GBPJPY,SHORT,2025.05.20 16:30:00,16,13,22,london_newyork_overlap,2025.05.20 13:00,30,first_120min,true,true,3,GBPJPY,highest_score_in_session_bar,london_newyork_overlap=USDJPY|EURJPY|GBPJPY|AUDJPY|EURUSD|GBPUSD,existing_first120_gate,london_newyork_overlap,false,false,true,passed_first_window,sweep_high_reclaim,sweep_reclaim_retest,193.37200000,PERIOD_M5,PERIOD_H1,PERIOD_M15,PERIOD_M5,PERIOD_M5,false,htf_soft_alignment,current_post_filter,transcript_post_filter,dow_range_or_transition,structure_trend_bias_dow_trend_down_ll_lh,dow_range_or_transition,structure_trend_bias_dow_trend_down_ll_lh,false,false,true,SHORT,PERIOD_M5,sweep_high_reclaim,sweep_high_reclaim,3.400,none,0.000,sweep_high_reclaim,3.400,none,0.000,SHORT,false,PERIOD_H1_NONE_dow_range_or_transition|PERIOD_M15_SHORT_structure_trend_bias_dow_trend_down_ll_lh,true,h1_counter_m15_reversal,true,top_NONE_dow_range_or_transition|structure_SHORT_structure_trend_bias_dow_trend_down_ll_lh|structure_break_recent_confirmed_swing_break_failed|primary_break_recent_confirmed_swing_break_failed,none,below_75sma_falling,below_75sma_falling,above_75sma_rising,-1,0.00000000,-1,0.00000000,false,off,NONE,NONE,0.00000000,0.00000000,0.0000,none,0.000,true,SHORT,return_low_break_or_bos_down,193.04000000,4,193.36100000,192.90600000,false,off,independent,false,,,false,0.0000,none,0.0000,0.0000,none,0.0000,0.0000,0.0000,none,0.0000,0,0,0.0000,none,none,none,none,0.0000,0,0.0000,none,false,true,not_evaluated,true,required_light_or_anchor_flip,short_bias,192.90600000,2025.05.20 10:15:00,193.35500000,2025.05.20 14:30:00,2025.05.20 15:15:00,false,NONE,0.00000000,0.00000000,0.0000,-1,false,,-1,NONE,0.00000000,0.00000000,0.0000,0.0000,none,,none,false,NONE,-1,-1,-1,false,false,none,true,false,false,true,none,true,required,false,PERIOD_M5,,,-1,0.0000,false,0.00000000,0.0000,false,0.0000,false,none,none,false,no_anchor_flip_in_entry_direction,true,required_first_signal_only,SHORT,unknown,0.00000000,,0.00000000,,false,,-1,false,NONE,0.00000000,,0.00000000,0.0000,0.0000,none,-1,false,false,false,no_anchor_flip_in_entry_direction,,,,false,false,false,-1,-1,-1,-1,-1,false,false,false,0.0000,falling_n,false,193.36100000,192.90600000,3.2650,false,0.0000,0.0000,0,none,true,0.8527,too_deep,0.000,diagnostic_only,diagnostic_only,diagnostic_only,deep_pullback,24,0.250,true,none,0.400,medium_quality,false,false,diagnostic_only,both,true,none,true,diagnostic_adjacent_detected,required_light,false,false,LONG,6,false,false,0,2025.05.20 14:15:00,2025.05.20 15:40:00,10,4.3742,0.00000000,193.00600000,193.00600000,false,false,none,0.00000000,false,0.0000,0.0000,false,1,0.0000,false,-1,0.00000000,0.0000,off,false,not_evaluated,none,0.0000,0.0000,none,false,false,false,0.0000,none,false,none,0.0000,false,none,2.3688,3.4718,0.6823,0.0000,true,strong_exhaustion,0.0000,none,none,false,false,none,0.0000,0.0000,0.0000,0.0000,none,false,false,0.0000,0.0000,false,false,-1,none,none,false,0.000,0.000,193.33716667,193.26000000,193.26000000,recent_equal_lows,0.03400000,0.3542,neckline_level,193.37200000,0.9776,false,true,true,false,not_blocked,3,1,2,m5_failure_exit,off,none,0.00000000,0.0000,1.30,193.16900000,3.400,-0.300,0.200,PERIOD_M15,193.35500000,193.00600000,0.8252,outside,0.000,true,193.29400000,193.39000000,0.09600000,193.16900000,1.302,0.07978571,38.00,30-60,true,false,none,blocked_spread_too_high,3.500,3.500,none,0.0000,false,opposite_break_first,true,opposite_break_first,spread_too_high
2025.05.20 19:05:01,signal,session_reversal_pullback_one_symbol_first120,AUDJPY,SHORT,2025.05.20 19:00:00,19,16,1,new_york,2025.05.20 16:00,0,first_120min,true,true,3,AUDJPY,highest_score_in_session_bar,new_york=USDJPY|EURJPY|GBPJPY|AUDJPY|EURUSD|GBPUSD,existing_first120_gate,new_york,false,false,true,passed_first_window,sweep_high_reclaim,sweep_reclaim_retest,92.66100000,PERIOD_M5,PERIOD_H1,PERIOD_M15,PERIOD_M5,PERIOD_M5,false,htf_soft_alignment,current_post_filter,transcript_post_filter,dow_range_or_transition,no_ordered_dow_wave3_break,dow_range_or_transition,no_ordered_dow_wave3_break,false,false,true,SHORT,PERIOD_M5,sweep_high_reclaim,sweep_high_reclaim,3.400,none,0.000,sweep_high_reclaim,3.400,none,0.000,SHORT,false,PERIOD_H1_NONE_dow_range_or_transition|PERIOD_M15_NONE_no_ordered_dow_wave3_break,true,h1_counter_m15_reversal,true,top_NONE_dow_range_or_transition|structure_NONE_no_ordered_dow_wave3_break|structure_break_recent_confirmed_swing_break_failed|primary_break_recent_confirmed_swing_break_retest,none,below_75sma_falling,below_75sma_falling,below_75sma_falling,-1,0.00000000,0,92.66500000,false,off,NONE,NONE,0.00000000,0.00000000,0.0000,none,0.000,true,SHORT,return_low_break_or_bos_down,92.53600000,3,92.79800000,92.53600000,false,off,independent,false,,,false,0.0000,none,0.0000,0.0000,none,0.0000,0.0000,0.0000,none,0.0000,0,0,0.0000,none,none,none,none,0.0000,0,0.0000,none,false,true,not_evaluated,true,required_light_or_anchor_flip,bias_flip_down,92.53600000,2025.05.20 15:45:00,92.77500000,2025.05.20 14:30:00,2025.05.20 16:45:00,true,SHORT,92.53600000,92.50900000,0.3061,3,true,2025.05.20 18:00:00,3,SHORT,92.53600000,92.50900000,0.3061,0.5101,strong,2025.05.20 18:00:00,first_after_anchor,true,SHORT,3,3,3,true,false,fresh_0_4,true,false,false,true,none,true,required,true,PERIOD_M5,2025.05.20 18:05:00,2025.05.20 18:05:00,12,0.3684,true,92.53600000,0.3684,false,0.0000,true,m5_bos_down_after_anchor_retest,retest_reconfirm,true,none,true,required_first_signal_only,SHORT,unknown,0.00000000,,0.00000000,,false,,-1,false,NONE,0.00000000,,0.00000000,0.0000,0.0000,none,-1,false,false,false,insufficient_confirmed_m5_pivots,AUDJPY|SHORT|1747764000|92.536,,,false,false,false,-1,-1,-1,-1,-1,false,false,false,0.0000,range_n,true,92.81800000,92.52800000,3.2874,true,0.5101,0.3750,1,strong,true,0.4740,preferred_382_618,0.200,diagnostic_only,diagnostic_only,diagnostic_only,fib_pullback,8,0.440,true,none,0.590,medium_quality,false,false,diagnostic_only,both,true,none,true,diagnostic_adjacent_detected,required_light,false,false,LONG,4,false,false,1,2025.05.20 16:20:00,2025.05.20 18:15:00,9,7.6877,0.00000000,92.48500000,92.48500000,false,false,none,0.00000000,false,0.0000,0.0000,false,1,0.0000,false,-1,0.00000000,0.0000,off,false,not_evaluated,none,0.0000,0.0000,none,false,false,false,0.0000,none,false,none,0.0000,false,none,7.6877,2.5053,3.0686,0.7614,false,no_shrink,0.0000,none,none,false,false,none,0.0000,0.0000,0.0000,0.0000,none,false,false,0.0000,0.0000,false,false,-1,none,none,false,0.000,0.000,92.66100000,92.63600000,92.60400000,recent_equal_lows,0.03600000,0.7200,session_low|opening_range_low|neckline_level,92.63600000,0.0982,false,false,true,false,not_blocked,1,0,1,m5_failure_exit,off,none,0.00000000,0.0000,1.30,92.57500000,3.400,-0.300,0.200,PERIOD_M15,92.79800000,92.53600000,0.3969,preferred_382_618,0.000,true,92.64000000,92.69000000,0.05000000,92.57500000,1.300,0.04071429,28.00,0-30,true,false,none,not_consumed,3.700,3.700,none,0.0000,false,sweep_reclaim_failed,false,not_invalidated,spread_too_high
2025.05.20 19:05:01,blocked,session_reversal_pullback_one_symbol_first120,AUDJPY,SHORT,2025.05.20 19:00:00,19,16,1,new_york,2025.05.20 16:00,0,first_120min,true,true,3,AUDJPY,highest_score_in_session_bar,new_york=USDJPY|EURJPY|GBPJPY|AUDJPY|EURUSD|GBPUSD,existing_first120_gate,new_york,false,false,true,passed_first_window,sweep_high_reclaim,sweep_reclaim_retest,92.66100000,PERIOD_M5,PERIOD_H1,PERIOD_M15,PERIOD_M5,PERIOD_M5,false,htf_soft_alignment,current_post_filter,transcript_post_filter,dow_range_or_transition,no_ordered_dow_wave3_break,dow_range_or_transition,no_ordered_dow_wave3_break,false,false,true,SHORT,PERIOD_M5,sweep_high_reclaim,sweep_high_reclaim,3.400,none,0.000,sweep_high_reclaim,3.400,none,0.000,SHORT,false,PERIOD_H1_NONE_dow_range_or_transition|PERIOD_M15_NONE_no_ordered_dow_wave3_break,true,h1_counter_m15_reversal,true,top_NONE_dow_range_or_transition|structure_NONE_no_ordered_dow_wave3_break|structure_break_recent_confirmed_swing_break_failed|primary_break_recent_confirmed_swing_break_retest,none,below_75sma_falling,below_75sma_falling,below_75sma_falling,-1,0.00000000,0,92.66500000,false,off,NONE,NONE,0.00000000,0.00000000,0.0000,none,0.000,true,SHORT,return_low_break_or_bos_down,92.53600000,3,92.79800000,92.53600000,false,off,independent,false,,,false,0.0000,none,0.0000,0.0000,none,0.0000,0.0000,0.0000,none,0.0000,0,0,0.0000,none,none,none,none,0.0000,0,0.0000,none,false,true,not_evaluated,true,required_light_or_anchor_flip,bias_flip_down,92.53600000,2025.05.20 15:45:00,92.77500000,2025.05.20 14:30:00,2025.05.20 16:45:00,true,SHORT,92.53600000,92.50900000,0.3061,3,true,2025.05.20 18:00:00,3,SHORT,92.53600000,92.50900000,0.3061,0.5101,strong,2025.05.20 18:00:00,first_after_anchor,true,SHORT,3,3,3,true,false,fresh_0_4,true,false,false,true,none,true,required,true,PERIOD_M5,2025.05.20 18:05:00,2025.05.20 18:05:00,12,0.3684,true,92.53600000,0.3684,false,0.0000,true,m5_bos_down_after_anchor_retest,retest_reconfirm,true,none,true,required_first_signal_only,SHORT,unknown,0.00000000,,0.00000000,,false,,-1,false,NONE,0.00000000,,0.00000000,0.0000,0.0000,none,-1,false,false,false,insufficient_confirmed_m5_pivots,AUDJPY|SHORT|1747764000|92.536,,,false,false,false,-1,-1,-1,-1,-1,false,false,false,0.0000,range_n,true,92.81800000,92.52800000,3.2874,true,0.5101,0.3750,1,strong,true,0.4740,preferred_382_618,0.200,diagnostic_only,diagnostic_only,diagnostic_only,fib_pullback,8,0.440,true,none,0.590,medium_quality,false,false,diagnostic_only,both,true,none,true,diagnostic_adjacent_detected,required_light,false,false,LONG,4,false,false,1,2025.05.20 16:20:00,2025.05.20 18:15:00,9,7.6877,0.00000000,92.48500000,92.48500000,false,false,none,0.00000000,false,0.0000,0.0000,false,1,0.0000,false,-1,0.00000000,0.0000,off,false,not_evaluated,none,0.0000,0.0000,none,false,false,false,0.0000,none,false,none,0.0000,false,none,7.6877,2.5053,3.0686,0.7614,false,no_shrink,0.0000,none,none,false,false,none,0.0000,0.0000,0.0000,0.0000,none,false,false,0.0000,0.0000,false,false,-1,none,none,false,0.000,0.000,92.66100000,92.63600000,92.60400000,recent_equal_lows,0.03600000,0.7200,session_low|opening_range_low|neckline_level,92.63600000,0.0982,false,false,true,false,not_blocked,1,0,1,m5_failure_exit,off,none,0.00000000,0.0000,1.30,92.57500000,3.400,-0.300,0.200,PERIOD_M15,92.79800000,92.53600000,0.3969,preferred_382_618,0.000,true,92.64000000,92.69000000,0.05000000,92.57500000,1.300,0.04071429,28.00,0-30,true,false,none,blocked_spread_too_high,3.700,3.700,none,0.0000,false,sweep_reclaim_failed,false,not_invalidated,spread_too_high
2025.05.21 03:15:00,signal,session_reversal_pullback_one_symbol_first120,GBPJPY,SHORT,2025.05.21 03:10:00,3,0,9,tokyo,2025.05.21 00:00,10,first_120min,true,true,3,GBPJPY,highest_score_in_session_bar,tokyo=USDJPY|EURJPY|GBPJPY|AUDJPY,existing_first120_gate,tokyo,false,false,true,passed_first_window,head_and_shoulders,neckline_break_retest,193.29700000,PERIOD_M5,PERIOD_H1,PERIOD_M15,PERIOD_M5,PERIOD_M5,false,htf_soft_alignment,current_post_filter,transcript_post_filter,dow_trend_up_hh_hl,structure_trend_bias_dow_trend_down_ll_lh,dow_trend_up_hh_hl,structure_trend_bias_dow_trend_down_ll_lh,false,true,true,SHORT,PERIOD_M5,head_and_shoulders,head_and_shoulders,4.500,none,0.000,head_and_shoulders,4.500,none,0.000,SHORT,false,PERIOD_H1_LONG_dow_trend_up_hh_hl|PERIOD_M15_SHORT_structure_trend_bias_dow_trend_down_ll_lh,true,h1_counter_m15_reversal,true,top_LONG_dow_trend_up_hh_hl|structure_SHORT_structure_trend_bias_dow_trend_down_ll_lh|structure_break_recent_confirmed_swing_break_failed|primary_break_recent_confirmed_swing_break_retest,none,below_75sma_falling,below_75sma_falling,below_75sma_falling,-1,0.00000000,0,193.31100000,false,off,NONE,NONE,0.00000000,0.00000000,0.0000,none,0.000,true,SHORT,return_low_break_or_bos_down,193.18300000,8,193.59600000,193.06400000,false,off,independent,false,,,false,0.0000,none,0.0000,0.0000,none,0.0000,0.0000,0.0000,none,0.0000,0,0,0.0000,none,none,none,none,0.0000,0,0.0000,none,false,true,not_evaluated,true,required_light_or_anchor_flip,short_bias,193.00600000,2025.05.20 15:15:00,193.44300000,2025.05.21 01:00:00,2025.05.21 01:15:00,false,NONE,0.00000000,0.00000000,0.0000,-1,false,,-1,NONE,0.00000000,0.00000000,0.0000,0.0000,none,,none,false,NONE,-1,-1,-1,false,false,none,true,false,false,true,none,true,required,false,PERIOD_M5,,,-1,0.0000,false,0.00000000,0.0000,false,0.0000,false,none,none,false,no_anchor_flip_in_entry_direction,true,required_first_signal_only,SHORT,unknown,0.00000000,,0.00000000,,false,,-1,false,NONE,0.00000000,,0.00000000,0.0000,0.0000,none,-1,false,false,false,no_anchor_flip_in_entry_direction,,,,false,false,false,-1,-1,-1,-1,-1,false,false,false,0.0000,falling_n,false,193.53900000,193.06400000,3.3002,false,0.0000,0.0000,0,none,true,0.3985,preferred_382_618,0.200,diagnostic_only,diagnostic_only,diagnostic_only,shallow_pullback,24,0.450,true,none,0.600,high_quality,false,false,diagnostic_only,both,true,none,true,diagnostic_adjacent_detected,required_light,false,false,LONG,6,false,false,1,2025.05.21 01:15:00,2025.05.21 02:30:00,8,5.5099,0.00000000,193.31100000,193.31100000,true,true,m5_hl_close_break_down,193.31100000,true,1.0467,1.1194,true,1,0.0000,true,2,193.31100000,0.2471,off,false,not_evaluated,none,0.9010,0.0990,very_strong,true,false,false,0.0000,held_clean,true,favorable_side,0.2000,false,clean_retest,1.8318,5.5099,0.3325,0.0000,true,strong_exhaustion,0.0000,none,none,false,false,none,0.0000,0.0000,0.0000,0.0000,none,false,false,0.0000,0.0000,false,false,-1,none,none,false,0.000,0.000,193.29700000,193.24587500,193.24587500,recent_equal_lows,0.03012500,0.1931,neckline_level,193.29700000,0.3053,false,true,true,false,not_blocked,5,3,2,m5_failure_exit,off,none,0.00000000,0.0000,1.30,193.07300000,4.500,-0.300,0.200,PERIOD_M15,193.53900000,193.06400000,0.4463,preferred_382_618,0.000,true,193.27600000,193.43200000,0.15600000,193.07300000,1.301,0.06878571,38.00,0-30,true,false,none,not_consumed,4.800,4.800,none,0.0000,false,neckline_retest_failed,false,not_invalidated,spread_too_high
2025.05.21 03:15:00,blocked,session_reversal_pullback_one_symbol_first120,GBPJPY,SHORT,2025.05.21 03:10:00,3,0,9,tokyo,2025.05.21 00:00,10,first_120min,true,true,3,GBPJPY,highest_score_in_session_bar,tokyo=USDJPY|EURJPY|GBPJPY|AUDJPY,existing_first120_gate,tokyo,false,false,true,passed_first_window,head_and_shoulders,neckline_break_retest,193.29700000,PERIOD_M5,PERIOD_H1,PERIOD_M15,PERIOD_M5,PERIOD_M5,false,htf_soft_alignment,current_post_filter,transcript_post_filter,dow_trend_up_hh_hl,structure_trend_bias_dow_trend_down_ll_lh,dow_trend_up_hh_hl,structure_trend_bias_dow_trend_down_ll_lh,false,true,true,SHORT,PERIOD_M5,head_and_shoulders,head_and_shoulders,4.500,none,0.000,head_and_shoulders,4.500,none,0.000,SHORT,false,PERIOD_H1_LONG_dow_trend_up_hh_hl|PERIOD_M15_SHORT_structure_trend_bias_dow_trend_down_ll_lh,true,h1_counter_m15_reversal,true,top_LONG_dow_trend_up_hh_hl|structure_SHORT_structure_trend_bias_dow_trend_down_ll_lh|structure_break_recent_confirmed_swing_break_failed|primary_break_recent_confirmed_swing_break_retest,none,below_75sma_falling,below_75sma_falling,below_75sma_falling,-1,0.00000000,0,193.31100000,false,off,NONE,NONE,0.00000000,0.00000000,0.0000,none,0.000,true,SHORT,return_low_break_or_bos_down,193.18300000,8,193.59600000,193.06400000,false,off,independent,false,,,false,0.0000,none,0.0000,0.0000,none,0.0000,0.0000,0.0000,none,0.0000,0,0,0.0000,none,none,none,none,0.0000,0,0.0000,none,false,true,not_evaluated,true,required_light_or_anchor_flip,short_bias,193.00600000,2025.05.20 15:15:00,193.44300000,2025.05.21 01:00:00,2025.05.21 01:15:00,false,NONE,0.00000000,0.00000000,0.0000,-1,false,,-1,NONE,0.00000000,0.00000000,0.0000,0.0000,none,,none,false,NONE,-1,-1,-1,false,false,none,true,false,false,true,none,true,required,false,PERIOD_M5,,,-1,0.0000,false,0.00000000,0.0000,false,0.0000,false,none,none,false,no_anchor_flip_in_entry_direction,true,required_first_signal_only,SHORT,unknown,0.00000000,,0.00000000,,false,,-1,false,NONE,0.00000000,,0.00000000,0.0000,0.0000,none,-1,false,false,false,no_anchor_flip_in_entry_direction,,,,false,false,false,-1,-1,-1,-1,-1,false,false,false,0.0000,falling_n,false,193.53900000,193.06400000,3.3002,false,0.0000,0.0000,0,none,true,0.3985,preferred_382_618,0.200,diagnostic_only,diagnostic_only,diagnostic_only,shallow_pullback,24,0.450,true,none,0.600,high_quality,false,false,diagnostic_only,both,true,none,true,diagnostic_adjacent_detected,required_light,false,false,LONG,6,false,false,1,2025.05.21 01:15:00,2025.05.21 02:30:00,8,5.5099,0.00000000,193.31100000,193.31100000,true,true,m5_hl_close_break_down,193.31100000,true,1.0467,1.1194,true,1,0.0000,true,2,193.31100000,0.2471,off,false,not_evaluated,none,0.9010,0.0990,very_strong,true,false,false,0.0000,held_clean,true,favorable_side,0.2000,false,clean_retest,1.8318,5.5099,0.3325,0.0000,true,strong_exhaustion,0.0000,none,none,false,false,none,0.0000,0.0000,0.0000,0.0000,none,false,false,0.0000,0.0000,false,false,-1,none,none,false,0.000,0.000,193.29700000,193.24587500,193.24587500,recent_equal_lows,0.03012500,0.1931,neckline_level,193.29700000,0.3053,false,true,true,false,not_blocked,5,3,2,m5_failure_exit,off,none,0.00000000,0.0000,1.30,193.07300000,4.500,-0.300,0.200,PERIOD_M15,193.53900000,193.06400000,0.4463,preferred_382_618,0.000,true,193.27600000,193.43200000,0.15600000,193.07300000,1.301,0.06878571,38.00,0-30,true,false,none,blocked_spread_too_high,4.800,4.800,none,0.0000,false,neckline_retest_failed,false,not_invalidated,spread_too_high
2025.05.21 10:40:00,signal,session_reversal_pullback_one_symbol_first120,AUDJPY,LONG,2025.05.21 10:35:00,10,7,16,london,2025.05.21 07:00,35,first_120min,true,true,3,AUDJPY,highest_score_in_session_bar,london=USDJPY|EURJPY|GBPJPY|AUDJPY|EURUSD|GBPUSD,existing_first120_gate,london,false,false,true,passed_first_window,inverse_head_and_shoulders,neckline_break_retest,92.68400000,PERIOD_M5,PERIOD_H1,PERIOD_M15,PERIOD_M5,PERIOD_M5,false,htf_soft_alignment,current_post_filter,transcript_post_filter,dow_range_or_transition,structure_trend_bias_dow_trend_up_hh_hl,dow_range_or_transition,structure_trend_bias_dow_trend_up_hh_hl,false,true,false,LONG,PERIOD_M5,inverse_head_and_shoulders,inverse_head_and_shoulders,4.500,none,0.000,inverse_head_and_shoulders,4.500,none,0.000,LONG,false,PERIOD_H1_NONE_dow_range_or_transition|PERIOD_M15_LONG_structure_trend_bias_dow_trend_up_hh_hl,true,h1_counter_m15_reversal,true,top_NONE_dow_range_or_transition|structure_LONG_structure_trend_bias_dow_trend_up_hh_hl|structure_break_recent_confirmed_swing_break_failed|primary_break_no_recent_confirmed_swing_break,none,below_75sma_falling,above_75sma_rising,below_75sma_falling,-1,0.00000000,-1,0.00000000,false,off,NONE,NONE,0.00000000,0.00000000,0.0000,none,0.000,true,LONG,return_high_break_or_bos_up,92.82600000,23,92.89700000,92.57400000,false,off,independent,false,,,false,0.0000,none,0.0000,0.0000,none,0.0000,0.0000,0.0000,none,0.0000,0,0,0.0000,none,none,none,none,0.0000,0,0.0000,none,false,true,not_evaluated,true,required_light_or_anchor_flip,short_bias,92.54100000,2025.05.21 01:15:00,92.80500000,2025.05.21 06:00:00,2025.05.21 09:15:00,false,NONE,0.00000000,0.00000000,0.0000,-1,false,,-1,NONE,0.00000000,0.00000000,0.0000,0.0000,none,,none,false,NONE,-1,-1,-1,false,false,none,false,true,false,true,none,true,required,false,PERIOD_M5,,,-1,0.0000,false,0.00000000,0.0000,false,0.0000,false,none,none,false,no_anchor_flip_in_entry_direction,true,required_first_signal_only,LONG,unknown,0.00000000,,0.00000000,,false,,-1,false,NONE,0.00000000,,0.00000000,0.0000,0.0000,none,-1,false,false,false,no_anchor_flip_in_entry_direction,,,,false,false,false,-1,-1,-1,-1,-1,false,false,false,0.0000,falling_n,false,92.89700000,92.54100000,4.0291,false,0.0000,0.0000,0,none,true,0.5017,preferred_382_618,0.200,diagnostic_only,diagnostic_only,diagnostic_only,shallow_pullback,4,0.490,true,none,0.640,high_quality,false,false,diagnostic_only,both,true,none,true,diagnostic_adjacent_detected,required_light,false,false,SHORT,4,false,false,1,2025.05.21 07:40:00,2025.05.21 10:05:00,6,2.9014,92.73600000,0.00000000,92.73600000,false,false,none,0.00000000,false,0.0000,0.0000,false,1,0.0000,false,-1,0.00000000,0.0000,off,false,not_evaluated,none,0.0000,0.0000,none,false,false,false,0.0000,none,false,none,0.0000,false,none,2.0449,2.9014,0.7048,0.0000,true,strong_exhaustion,0.0000,none,none,false,false,none,0.0000,0.0000,0.0000,0.0000,none,false,false,0.0000,0.0000,false,false,-1,none,none,false,0.000,0.000,92.72600000,92.69800000,92.72600000,pre_session_high,0.00500000,0.0427,session_high|opening_range_high|neckline_level,92.74000000,0.3321,false,true,true,false,not_blocked,5,4,1,m5_failure_exit,off,none,0.00000000,0.0000,1.30,92.87300000,4.500,-0.300,0.200,PERIOD_M15,92.86900000,92.57400000,0.5017,preferred_382_618,0.000,true,92.72100000,92.60400000,0.11700000,92.87300000,1.299,0.05721429,28.00,30-60,true,false,none,not_consumed,4.600,4.600,none,0.0000,false,opposite_break_first,true,opposite_break_first,spread_too_high
2025.05.21 10:40:00,blocked,session_reversal_pullback_one_symbol_first120,AUDJPY,LONG,2025.05.21 10:35:00,10,7,16,london,2025.05.21 07:00,35,first_120min,true,true,3,AUDJPY,highest_score_in_session_bar,london=USDJPY|EURJPY|GBPJPY|AUDJPY|EURUSD|GBPUSD,existing_first120_gate,london,false,false,true,passed_first_window,inverse_head_and_shoulders,neckline_break_retest,92.68400000,PERIOD_M5,PERIOD_H1,PERIOD_M15,PERIOD_M5,PERIOD_M5,false,htf_soft_alignment,current_post_filter,transcript_post_filter,dow_range_or_transition,structure_trend_bias_dow_trend_up_hh_hl,dow_range_or_transition,structure_trend_bias_dow_trend_up_hh_hl,false,true,false,LONG,PERIOD_M5,inverse_head_and_shoulders,inverse_head_and_shoulders,4.500,none,0.000,inverse_head_and_shoulders,4.500,none,0.000,LONG,false,PERIOD_H1_NONE_dow_range_or_transition|PERIOD_M15_LONG_structure_trend_bias_dow_trend_up_hh_hl,true,h1_counter_m15_reversal,true,top_NONE_dow_range_or_transition|structure_LONG_structure_trend_bias_dow_trend_up_hh_hl|structure_break_recent_confirmed_swing_break_failed|primary_break_no_recent_confirmed_swing_break,none,below_75sma_falling,above_75sma_rising,below_75sma_falling,-1,0.00000000,-1,0.00000000,false,off,NONE,NONE,0.00000000,0.00000000,0.0000,none,0.000,true,LONG,return_high_break_or_bos_up,92.82600000,23,92.89700000,92.57400000,false,off,independent,false,,,false,0.0000,none,0.0000,0.0000,none,0.0000,0.0000,0.0000,none,0.0000,0,0,0.0000,none,none,none,none,0.0000,0,0.0000,none,false,true,not_evaluated,true,required_light_or_anchor_flip,short_bias,92.54100000,2025.05.21 01:15:00,92.80500000,2025.05.21 06:00:00,2025.05.21 09:15:00,false,NONE,0.00000000,0.00000000,0.0000,-1,false,,-1,NONE,0.00000000,0.00000000,0.0000,0.0000,none,,none,false,NONE,-1,-1,-1,false,false,none,false,true,false,true,none,true,required,false,PERIOD_M5,,,-1,0.0000,false,0.00000000,0.0000,false,0.0000,false,none,none,false,no_anchor_flip_in_entry_direction,true,required_first_signal_only,LONG,unknown,0.00000000,,0.00000000,,false,,-1,false,NONE,0.00000000,,0.00000000,0.0000,0.0000,none,-1,false,false,false,no_anchor_flip_in_entry_direction,,,,false,false,false,-1,-1,-1,-1,-1,false,false,false,0.0000,falling_n,false,92.89700000,92.54100000,4.0291,false,0.0000,0.0000,0,none,true,0.5017,preferred_382_618,0.200,diagnostic_only,diagnostic_only,diagnostic_only,shallow_pullback,4,0.490,true,none,0.640,high_quality,false,false,diagnostic_only,both,true,none,true,diagnostic_adjacent_detected,required_light,false,false,SHORT,4,false,false,1,2025.05.21 07:40:00,2025.05.21 10:05:00,6,2.9014,92.73600000,0.00000000,92.73600000,false,false,none,0.00000000,false,0.0000,0.0000,false,1,0.0000,false,-1,0.00000000,0.0000,off,false,not_evaluated,none,0.0000,0.0000,none,false,false,false,0.0000,none,false,none,0.0000,false,none,2.0449,2.9014,0.7048,0.0000,true,strong_exhaustion,0.0000,none,none,false,false,none,0.0000,0.0000,0.0000,0.0000,none,false,false,0.0000,0.0000,false,false,-1,none,none,false,0.000,0.000,92.72600000,92.69800000,92.72600000,pre_session_high,0.00500000,0.0427,session_high|opening_range_high|neckline_level,92.74000000,0.3321,false,true,true,false,not_blocked,5,4,1,m5_failure_exit,off,none,0.00000000,0.0000,1.30,92.87300000,4.500,-0.300,0.200,PERIOD_M15,92.86900000,92.57400000,0.5017,preferred_382_618,0.000,true,92.72100000,92.60400000,0.11700000,92.87300000,1.299,0.05721429,28.00,30-60,true,false,none,blocked_spread_too_high,4.600,4.600,none,0.0000,false,opposite_break_first,true,opposite_break_first,spread_too_high
2025.05.21 16:05:00,signal,session_reversal_pullback_one_symbol_first120,GBPUSD,LONG,2025.05.21 16:00:00,16,13,22,london_newyork_overlap,2025.05.21 13:00,0,first_120min,true,true,3,GBPUSD,highest_score_in_session_bar,london_newyork_overlap=USDJPY|EURJPY|GBPJPY|AUDJPY|EURUSD|GBPUSD,existing_first120_gate,london_newyork_overlap,false,false,true,passed_first_window,inverse_head_and_shoulders,neckline_break_retest,1.34197000,PERIOD_M5,PERIOD_H1,PERIOD_M15,PERIOD_M5,PERIOD_M5,false,htf_soft_alignment,current_post_filter,transcript_post_filter,dow_range_or_transition,structure_trend_bias_dow_trend_down_ll_lh,dow_range_or_transition,structure_trend_bias_dow_trend_down_ll_lh,false,true,false,LONG,PERIOD_M5,inverse_head_and_shoulders,inverse_head_and_shoulders,4.500,none,0.000,inverse_head_and_shoulders,4.500,none,0.000,LONG,false,PERIOD_H1_NONE_dow_range_or_transition|PERIOD_M15_SHORT_structure_trend_bias_dow_trend_down_ll_lh,true,h1_counter_m15_reversal,true,top_NONE_dow_range_or_transition|structure_SHORT_structure_trend_bias_dow_trend_down_ll_lh|structure_break_recent_confirmed_swing_break_failed|primary_break_recent_confirmed_swing_break_continuation,none,above_75sma_rising,above_75sma_rising,above_75sma_flat_or_falling,-1,0.00000000,0,1.34063000,false,off,NONE,NONE,0.00000000,0.00000000,0.0000,none,0.000,true,LONG,return_high_break_or_bos_up,1.34348000,24,1.34556000,1.33878000,false,off,independent,false,,,false,0.0000,none,0.0000,0.0000,none,0.0000,0.0000,0.0000,none,0.0000,0,0,0.0000,none,none,none,none,0.0000,0,0.0000,none,false,true,not_evaluated,true,required_light_or_anchor_flip,short_bias,1.34217000,2025.05.21 09:00:00,1.34681000,2025.05.21 09:15:00,2025.05.21 12:15:00,false,NONE,0.00000000,0.00000000,0.0000,-1,false,,-1,NONE,0.00000000,0.00000000,0.0000,0.0000,none,,none,false,NONE,-1,-1,-1,false,false,none,false,true,false,true,none,true,required,false,PERIOD_M5,,,-1,0.0000,false,0.00000000,0.0000,false,0.0000,false,none,none,false,no_anchor_flip_in_entry_direction,true,required_first_signal_only,LONG,unknown,0.00000000,,0.00000000,,false,,-1,false,NONE,0.00000000,,0.00000000,0.0000,0.0000,none,-1,false,false,false,no_anchor_flip_in_entry_direction,,,,false,false,false,-1,-1,-1,-1,-1,false,false,false,0.0000,falling_n,false,1.34681000,1.33878000,5.4100,false,0.0000,0.0000,0,none,true,0.4705,preferred_382_618,0.200,diagnostic_only,diagnostic_only,diagnostic_only,shallow_pullback,24,0.450,true,none,0.600,high_quality,false,false,diagnostic_only,both,true,none,true,diagnostic_adjacent_detected,required_light,false,false,SHORT,4,false,false,2,2025.05.21 13:35:00,2025.05.21 15:35:00,5,4.5732,1.34227000,0.00000000,1.34227000,false,false,none,0.00000000,false,0.0000,0.0000,false,1,0.0000,false,-1,0.00000000,0.0000,off,false,not_evaluated,none,0.0000,0.0000,none,false,false,false,0.0000,none,false,none,0.0000,false,none,2.8049,4.0000,0.7012,0.5732,false,mild_exhaustion,0.0000,none,none,false,false,none,0.0000,0.0000,0.0000,0.0000,none,false,false,0.0000,0.0000,false,false,-1,none,none,false,0.000,0.000,1.34276000,1.34227000,1.34276000,session_high,0.00039000,0.1585,neckline_level,1.34197000,0.4878,false,true,true,false,not_blocked,4,3,1,m5_failure_exit,off,none,0.00000000,0.0000,1.30,1.34557000,4.500,-0.300,0.200,PERIOD_M15,1.34372000,1.33878000,0.2733,outside,0.000,true,1.34237000,1.33991000,0.00246000,1.34557000,1.301,0.00082000,20.00,0-30,true,false,none,not_consumed,4.800,4.800,none,0.0000,false,neckline_retest_failed,false,not_invalidated,spread_too_high
2025.05.21 16:05:00,blocked,session_reversal_pullback_one_symbol_first120,GBPUSD,LONG,2025.05.21 16:00:00,16,13,22,london_newyork_overlap,2025.05.21 13:00,0,first_120min,true,true,3,GBPUSD,highest_score_in_session_bar,london_newyork_overlap=USDJPY|EURJPY|GBPJPY|AUDJPY|EURUSD|GBPUSD,existing_first120_gate,london_newyork_overlap,false,false,true,passed_first_window,inverse_head_and_shoulders,neckline_break_retest,1.34197000,PERIOD_M5,PERIOD_H1,PERIOD_M15,PERIOD_M5,PERIOD_M5,false,htf_soft_alignment,current_post_filter,transcript_post_filter,dow_range_or_transition,structure_trend_bias_dow_trend_down_ll_lh,dow_range_or_transition,structure_trend_bias_dow_trend_down_ll_lh,false,true,false,LONG,PERIOD_M5,inverse_head_and_shoulders,inverse_head_and_shoulders,4.500,none,0.000,inverse_head_and_shoulders,4.500,none,0.000,LONG,false,PERIOD_H1_NONE_dow_range_or_transition|PERIOD_M15_SHORT_structure_trend_bias_dow_trend_down_ll_lh,true,h1_counter_m15_reversal,true,top_NONE_dow_range_or_transition|structure_SHORT_structure_trend_bias_dow_trend_down_ll_lh|structure_break_recent_confirmed_swing_break_failed|primary_break_recent_confirmed_swing_break_continuation,none,above_75sma_rising,above_75sma_rising,above_75sma_flat_or_falling,-1,0.00000000,0,1.34063000,false,off,NONE,NONE,0.00000000,0.00000000,0.0000,none,0.000,true,LONG,return_high_break_or_bos_up,1.34348000,24,1.34556000,1.33878000,false,off,independent,false,,,false,0.0000,none,0.0000,0.0000,none,0.0000,0.0000,0.0000,none,0.0000,0,0,0.0000,none,none,none,none,0.0000,0,0.0000,none,false,true,not_evaluated,true,required_light_or_anchor_flip,short_bias,1.34217000,2025.05.21 09:00:00,1.34681000,2025.05.21 09:15:00,2025.05.21 12:15:00,false,NONE,0.00000000,0.00000000,0.0000,-1,false,,-1,NONE,0.00000000,0.00000000,0.0000,0.0000,none,,none,false,NONE,-1,-1,-1,false,false,none,false,true,false,true,none,true,required,false,PERIOD_M5,,,-1,0.0000,false,0.00000000,0.0000,false,0.0000,false,none,none,false,no_anchor_flip_in_entry_direction,true,required_first_signal_only,LONG,unknown,0.00000000,,0.00000000,,false,,-1,false,NONE,0.00000000,,0.00000000,0.0000,0.0000,none,-1,false,false,false,no_anchor_flip_in_entry_direction,,,,false,false,false,-1,-1,-1,-1,-1,false,false,false,0.0000,falling_n,false,1.34681000,1.33878000,5.4100,false,0.0000,0.0000,0,none,true,0.4705,preferred_382_618,0.200,diagnostic_only,diagnostic_only,diagnostic_only,shallow_pullback,24,0.450,true,none,0.600,high_quality,false,false,diagnostic_only,both,true,none,true,diagnostic_adjacent_detected,required_light,false,false,SHORT,4,false,false,2,2025.05.21 13:35:00,2025.05.21 15:35:00,5,4.5732,1.34227000,0.00000000,1.34227000,false,false,none,0.00000000,false,0.0000,0.0000,false,1,0.0000,false,-1,0.00000000,0.0000,off,false,not_evaluated,none,0.0000,0.0000,none,false,false,false,0.0000,none,false,none,0.0000,false,none,2.8049,4.0000,0.7012,0.5732,false,mild_exhaustion,0.0000,none,none,false,false,none,0.0000,0.0000,0.0000,0.0000,none,false,false,0.0000,0.0000,false,false,-1,none,none,false,0.000,0.000,1.34276000,1.34227000,1.34276000,session_high,0.00039000,0.1585,neckline_level,1.34197000,0.4878,false,true,true,false,not_blocked,4,3,1,m5_failure_exit,off,none,0.00000000,0.0000,1.30,1.34557000,4.500,-0.300,0.200,PERIOD_M15,1.34372000,1.33878000,0.2733,outside,0.000,true,1.34237000,1.33991000,0.00246000,1.34557000,1.301,0.00082000,20.00,0-30,true,false,none,blocked_spread_too_high,4.800,4.800,none,0.0000,false,neckline_retest_failed,false,not_invalidated,spread_too_high
2025.05.21 19:20:00,signal,session_reversal_pullback_one_symbol_first120,EURJPY,LONG,2025.05.21 19:15:00,19,16,1,new_york,2025.05.21 16:00,15,first_120min,true,true,3,EURJPY,highest_score_in_session_bar,new_york=USDJPY|EURJPY|GBPJPY|AUDJPY|EURUSD|GBPUSD,existing_first120_gate,new_york,false,false,true,passed_first_window,double_bottom,neckline_break_retest,162.91700000,PERIOD_M5,PERIOD_H1,PERIOD_M15,PERIOD_M5,PERIOD_M5,false,htf_soft_alignment,current_post_filter,transcript_post_filter,dow_range_or_transition,no_ordered_dow_wave3_break,dow_range_or_transition,no_ordered_dow_wave3_break,false,true,false,LONG,PERIOD_M5,double_bottom,double_bottom,4.200,none,0.000,double_bottom,4.200,none,0.000,LONG,false,PERIOD_H1_NONE_dow_range_or_transition|PERIOD_M15_NONE_no_ordered_dow_wave3_break,true,h1_counter_m15_reversal,true,top_NONE_dow_range_or_transition|structure_NONE_no_ordered_dow_wave3_break|structure_break_recent_confirmed_swing_break_failed|primary_break_recent_confirmed_swing_break_failed,none,above_75sma_flat_or_falling,above_75sma_flat_or_falling,above_75sma_flat_or_falling,-1,0.00000000,-1,0.00000000,false,off,NONE,NONE,0.00000000,0.00000000,0.0000,none,0.000,true,LONG,return_high_break_or_bos_up,163.07800000,24,163.29400000,162.68300000,false,off,independent,false,,,false,0.0000,none,0.0000,0.0000,none,0.0000,0.0000,0.0000,none,0.0000,0,0,0.0000,none,none,none,none,0.0000,0,0.0000,none,false,true,not_evaluated,true,required_light_or_anchor_flip,short_bias,163.08200000,2025.05.21 12:30:00,163.29400000,2025.05.21 13:15:00,2025.05.21 15:30:00,false,NONE,0.00000000,0.00000000,0.0000,-1,false,,-1,NONE,0.00000000,0.00000000,0.0000,0.0000,none,,none,false,NONE,-1,-1,-1,false,false,none,false,true,false,true,none,true,required,false,PERIOD_M5,,,-1,0.0000,false,0.00000000,0.0000,false,0.0000,false,none,none,false,no_anchor_flip_in_entry_direction,true,required_first_signal_only,LONG,unknown,0.00000000,,0.00000000,,false,,-1,false,NONE,0.00000000,,0.00000000,0.0000,0.0000,none,-1,false,false,false,no_anchor_flip_in_entry_direction,,,,false,false,false,-1,-1,-1,-1,-1,false,false,false,0.0000,range_n,true,163.29400000,162.68300000,5.8270,false,0.0000,0.0000,0,none,true,0.5205,preferred_382_618,0.200,diagnostic_only,diagnostic_only,diagnostic_only,shallow_pullback,24,0.400,true,none,0.550,high_quality,false,false,diagnostic_only,both,true,none,true,diagnostic_adjacent_detected,required_light,false,false,SHORT,4,false,false,2,2025.05.21 17:20:00,2025.05.21 18:45:00,6,4.4304,163.02100000,0.00000000,163.02100000,true,true,m5_lh_close_break_up,163.02100000,true,0.3867,0.6928,true,1,1.2083,false,2,163.02100000,0.5155,off,false,not_evaluated,none,0.8519,0.1481,very_strong,false,true,true,1.2083,failed_1bar,true,back_inside,0.1250,false,weak_retest,3.2221,3.6087,0.8929,0.8216,false,mild_exhaustion,0.0000,none,none,false,false,none,0.0000,0.0000,0.0000,0.0000,none,false,false,0.0000,0.0000,false,false,-1,none,none,false,0.000,0.000,163.02100000,162.97300000,163.02100000,pre_session_high,0.04500000,0.3333,neckline_level,162.91700000,0.9505,false,true,true,false,not_blocked,6,5,1,m5_failure_exit,off,none,0.00000000,0.0000,1.30,163.15200000,4.200,-0.300,0.200,PERIOD_M15,163.09600000,162.68300000,0.2906,outside,0.000,true,162.97600000,162.84100000,0.13500000,163.15200000,1.304,0.06207143,30.00,0-30,true,false,none,not_consumed,4.300,4.300,none,0.0000,false,neckline_retest_failed,false,not_invalidated,spread_too_high
2025.05.21 19:20:00,blocked,session_reversal_pullback_one_symbol_first120,EURJPY,LONG,2025.05.21 19:15:00,19,16,1,new_york,2025.05.21 16:00,15,first_120min,true,true,3,EURJPY,highest_score_in_session_bar,new_york=USDJPY|EURJPY|GBPJPY|AUDJPY|EURUSD|GBPUSD,existing_first120_gate,new_york,false,false,true,passed_first_window,double_bottom,neckline_break_retest,162.91700000,PERIOD_M5,PERIOD_H1,PERIOD_M15,PERIOD_M5,PERIOD_M5,false,htf_soft_alignment,current_post_filter,transcript_post_filter,dow_range_or_transition,no_ordered_dow_wave3_break,dow_range_or_transition,no_ordered_dow_wave3_break,false,true,false,LONG,PERIOD_M5,double_bottom,double_bottom,4.200,none,0.000,double_bottom,4.200,none,0.000,LONG,false,PERIOD_H1_NONE_dow_range_or_transition|PERIOD_M15_NONE_no_ordered_dow_wave3_break,true,h1_counter_m15_reversal,true,top_NONE_dow_range_or_transition|structure_NONE_no_ordered_dow_wave3_break|structure_break_recent_confirmed_swing_break_failed|primary_break_recent_confirmed_swing_break_failed,none,above_75sma_flat_or_falling,above_75sma_flat_or_falling,above_75sma_flat_or_falling,-1,0.00000000,-1,0.00000000,false,off,NONE,NONE,0.00000000,0.00000000,0.0000,none,0.000,true,LONG,return_high_break_or_bos_up,163.07800000,24,163.29400000,162.68300000,false,off,independent,false,,,false,0.0000,none,0.0000,0.0000,none,0.0000,0.0000,0.0000,none,0.0000,0,0,0.0000,none,none,none,none,0.0000,0,0.0000,none,false,true,not_evaluated,true,required_light_or_anchor_flip,short_bias,163.08200000,2025.05.21 12:30:00,163.29400000,2025.05.21 13:15:00,2025.05.21 15:30:00,false,NONE,0.00000000,0.00000000,0.0000,-1,false,,-1,NONE,0.00000000,0.00000000,0.0000,0.0000,none,,none,false,NONE,-1,-1,-1,false,false,none,false,true,false,true,none,true,required,false,PERIOD_M5,,,-1,0.0000,false,0.00000000,0.0000,false,0.0000,false,none,none,false,no_anchor_flip_in_entry_direction,true,required_first_signal_only,LONG,unknown,0.00000000,,0.00000000,,false,,-1,false,NONE,0.00000000,,0.00000000,0.0000,0.0000,none,-1,false,false,false,no_anchor_flip_in_entry_direction,,,,false,false,false,-1,-1,-1,-1,-1,false,false,false,0.0000,range_n,true,163.29400000,162.68300000,5.8270,false,0.0000,0.0000,0,none,true,0.5205,preferred_382_618,0.200,diagnostic_only,diagnostic_only,diagnostic_only,shallow_pullback,24,0.400,true,none,0.550,high_quality,false,false,diagnostic_only,both,true,none,true,diagnostic_adjacent_detected,required_light,false,false,SHORT,4,false,false,2,2025.05.21 17:20:00,2025.05.21 18:45:00,6,4.4304,163.02100000,0.00000000,163.02100000,true,true,m5_lh_close_break_up,163.02100000,true,0.3867,0.6928,true,1,1.2083,false,2,163.02100000,0.5155,off,false,not_evaluated,none,0.8519,0.1481,very_strong,false,true,true,1.2083,failed_1bar,true,back_inside,0.1250,false,weak_retest,3.2221,3.6087,0.8929,0.8216,false,mild_exhaustion,0.0000,none,none,false,false,none,0.0000,0.0000,0.0000,0.0000,none,false,false,0.0000,0.0000,false,false,-1,none,none,false,0.000,0.000,163.02100000,162.97300000,163.02100000,pre_session_high,0.04500000,0.3333,neckline_level,162.91700000,0.9505,false,true,true,false,not_blocked,6,5,1,m5_failure_exit,off,none,0.00000000,0.0000,1.30,163.15200000,4.200,-0.300,0.200,PERIOD_M15,163.09600000,162.68300000,0.2906,outside,0.000,true,162.97600000,162.84100000,0.13500000,163.15200000,1.304,0.06207143,30.00,0-30,true,false,none,blocked_spread_too_high,4.300,4.300,none,0.0000,false,neckline_retest_failed,false,not_invalidated,spread_too_high
2025.05.22 03:10:00,signal,session_reversal_pullback_one_symbol_first120,EURJPY,SHORT,2025.05.22 03:05:00,3,0,9,tokyo,2025.05.22 00:00,5,first_120min,true,true,3,EURJPY,highest_score_in_session_bar,tokyo=USDJPY|EURJPY|GBPJPY|AUDJPY,existing_first120_gate,tokyo,false,false,true,passed_first_window,double_top,neckline_break_retest,162.81100000,PERIOD_M5,PERIOD_H1,PERIOD_M15,PERIOD_M5,PERIOD_M5,false,htf_soft_alignment,current_post_filter,transcript_post_filter,dow_range_or_transition,no_ordered_dow_wave3_break,dow_range_or_transition,no_ordered_dow_wave3_break,false,false,true,SHORT,PERIOD_M5,double_top,double_top,4.200,none,0.000,double_top,4.200,none,0.000,SHORT,false,PERIOD_H1_NONE_dow_range_or_transition|PERIOD_M15_NONE_no_ordered_dow_wave3_break,true,h1_counter_m15_reversal,true,top_NONE_dow_range_or_transition|structure_NONE_no_ordered_dow_wave3_break|structure_break_recent_confirmed_swing_break_failed|primary_break_recent_confirmed_swing_break_continuation,none,near_75sma,below_75sma_flat_or_rising,below_75sma_flat_or_rising,-1,0.00000000,0,162.91000000,false,off,NONE,NONE,0.00000000,0.00000000,0.0000,none,0.000,true,SHORT,return_low_break_or_bos_down,162.61200000,9,163.40600000,162.53100000,false,off,independent,false,,,false,0.0000,none,0.0000,0.0000,none,0.0000,0.0000,0.0000,none,0.0000,0,0,0.0000,none,none,none,none,0.0000,0,0.0000,none,false,true,not_evaluated,true,required_light_or_anchor_flip,long_bias,162.53100000,2025.05.22 00:00:00,162.78200000,2025.05.21 23:45:00,2025.05.22 01:15:00,false,NONE,0.00000000,0.00000000,0.0000,-1,false,,-1,NONE,0.00000000,0.00000000,0.0000,0.0000,none,,none,false,NONE,-1,-1,-1,false,false,none,false,true,false,true,none,true,required,false,PERIOD_M5,,,-1,0.0000,false,0.00000000,0.0000,false,0.0000,false,none,none,false,no_anchor_flip_in_entry_direction,true,required_first_signal_only,SHORT,unknown,0.00000000,,0.00000000,,false,,-1,false,NONE,0.00000000,,0.00000000,0.0000,0.0000,none,-1,false,false,false,no_anchor_flip_in_entry_direction,,,,false,false,false,-1,-1,-1,-1,-1,false,false,false,0.0000,range_n,true,163.40600000,162.53100000,5.4785,false,0.0000,0.0000,0,none,true,0.2823,shallow_236_382,0.080,diagnostic_only,diagnostic_only,diagnostic_only,deep_pullback,6,0.370,true,none,0.520,high_quality,false,false,diagnostic_only,both,true,none,true,diagnostic_adjacent_detected,required_light,false,false,LONG,1,false,false,0,,,-1,0.0000,0.00000000,0.00000000,0.00000000,false,false,none,0.00000000,false,0.0000,0.0000,false,1,0.0000,false,-1,0.00000000,0.0000,off,false,not_evaluated,none,0.0000,0.0000,none,false,false,false,0.0000,none,false,none,0.0000,false,none,0.0000,0.0000,0.0000,0.0000,false,none,0.0000,none,none,false,false,none,0.0000,0.0000,0.0000,0.0000,none,false,false,0.0000,0.0000,false,false,-1,none,none,false,0.000,0.000,162.80775000,162.77700000,162.77700000,pre_session_low,0.00100000,0.0064,neckline_level,162.81100000,0.4494,false,true,true,false,not_blocked,7,6,1,m5_failure_exit,off,none,0.00000000,0.0000,1.30,162.57500000,4.200,-0.300,0.200,PERIOD_M15,163.40600000,162.53100000,0.2823,outside,0.000,true,162.77800000,162.93400000,0.15600000,162.57500000,1.301,0.07342857,30.00,0-30,true,false,none,not_consumed,4.500,4.500,none,0.0000,false,neckline_retest_failed,false,not_invalidated,spread_too_high
2025.05.22 03:10:00,blocked,session_reversal_pullback_one_symbol_first120,EURJPY,SHORT,2025.05.22 03:05:00,3,0,9,tokyo,2025.05.22 00:00,5,first_120min,true,true,3,EURJPY,highest_score_in_session_bar,tokyo=USDJPY|EURJPY|GBPJPY|AUDJPY,existing_first120_gate,tokyo,false,false,true,passed_first_window,double_top,neckline_break_retest,162.81100000,PERIOD_M5,PERIOD_H1,PERIOD_M15,PERIOD_M5,PERIOD_M5,false,htf_soft_alignment,current_post_filter,transcript_post_filter,dow_range_or_transition,no_ordered_dow_wave3_break,dow_range_or_transition,no_ordered_dow_wave3_break,false,false,true,SHORT,PERIOD_M5,double_top,double_top,4.200,none,0.000,double_top,4.200,none,0.000,SHORT,false,PERIOD_H1_NONE_dow_range_or_transition|PERIOD_M15_NONE_no_ordered_dow_wave3_break,true,h1_counter_m15_reversal,true,top_NONE_dow_range_or_transition|structure_NONE_no_ordered_dow_wave3_break|structure_break_recent_confirmed_swing_break_failed|primary_break_recent_confirmed_swing_break_continuation,none,near_75sma,below_75sma_flat_or_rising,below_75sma_flat_or_rising,-1,0.00000000,0,162.91000000,false,off,NONE,NONE,0.00000000,0.00000000,0.0000,none,0.000,true,SHORT,return_low_break_or_bos_down,162.61200000,9,163.40600000,162.53100000,false,off,independent,false,,,false,0.0000,none,0.0000,0.0000,none,0.0000,0.0000,0.0000,none,0.0000,0,0,0.0000,none,none,none,none,0.0000,0,0.0000,none,false,true,not_evaluated,true,required_light_or_anchor_flip,long_bias,162.53100000,2025.05.22 00:00:00,162.78200000,2025.05.21 23:45:00,2025.05.22 01:15:00,false,NONE,0.00000000,0.00000000,0.0000,-1,false,,-1,NONE,0.00000000,0.00000000,0.0000,0.0000,none,,none,false,NONE,-1,-1,-1,false,false,none,false,true,false,true,none,true,required,false,PERIOD_M5,,,-1,0.0000,false,0.00000000,0.0000,false,0.0000,false,none,none,false,no_anchor_flip_in_entry_direction,true,required_first_signal_only,SHORT,unknown,0.00000000,,0.00000000,,false,,-1,false,NONE,0.00000000,,0.00000000,0.0000,0.0000,none,-1,false,false,false,no_anchor_flip_in_entry_direction,,,,false,false,false,-1,-1,-1,-1,-1,false,false,false,0.0000,range_n,true,163.40600000,162.53100000,5.4785,false,0.0000,0.0000,0,none,true,0.2823,shallow_236_382,0.080,diagnostic_only,diagnostic_only,diagnostic_only,deep_pullback,6,0.370,true,none,0.520,high_quality,false,false,diagnostic_only,both,true,none,true,diagnostic_adjacent_detected,required_light,false,false,LONG,1,false,false,0,,,-1,0.0000,0.00000000,0.00000000,0.00000000,false,false,none,0.00000000,false,0.0000,0.0000,false,1,0.0000,false,-1,0.00000000,0.0000,off,false,not_evaluated,none,0.0000,0.0000,none,false,false,false,0.0000,none,false,none,0.0000,false,none,0.0000,0.0000,0.0000,0.0000,false,none,0.0000,none,none,false,false,none,0.0000,0.0000,0.0000,0.0000,none,false,false,0.0000,0.0000,false,false,-1,none,none,false,0.000,0.000,162.80775000,162.77700000,162.77700000,pre_session_low,0.00100000,0.0064,neckline_level,162.81100000,0.4494,false,true,true,false,not_blocked,7,6,1,m5_failure_exit,off,none,0.00000000,0.0000,1.30,162.57500000,4.200,-0.300,0.200,PERIOD_M15,163.40600000,162.53100000,0.2823,outside,0.000,true,162.77800000,162.93400000,0.15600000,162.57500000,1.301,0.07342857,30.00,0-30,true,false,none,blocked_spread_too_high,4.500,4.500,none,0.0000,false,neckline_retest_failed,false,not_invalidated,spread_too_high
2025.05.22 10:30:00,signal,session_reversal_pullback_one_symbol_first120,GBPUSD,LONG,2025.05.22 10:25:00,10,7,16,london,2025.05.22 07:00,25,first_120min,true,true,3,GBPUSD,highest_score_in_session_bar,london=USDJPY|EURJPY|GBPJPY|AUDJPY|EURUSD|GBPUSD,existing_first120_gate,london,false,false,true,passed_first_window,double_bottom,neckline_break_retest,1.34213000,PERIOD_M5,PERIOD_H1,PERIOD_M15,PERIOD_M5,PERIOD_M5,false,htf_soft_alignment,current_post_filter,transcript_post_filter,dow_range_or_transition,no_ordered_dow_wave3_break,dow_range_or_transition,no_ordered_dow_wave3_break,false,true,false,LONG,PERIOD_M5,double_bottom,double_bottom,4.200,none,0.000,double_bottom,4.200,none,0.000,LONG,false,PERIOD_H1_NONE_dow_range_or_transition|PERIOD_M15_NONE_no_ordered_dow_wave3_break,true,h1_counter_m15_reversal,true,top_NONE_dow_range_or_transition|structure_NONE_no_ordered_dow_wave3_break|structure_break_recent_confirmed_swing_break_failed|primary_break_recent_confirmed_swing_break_continuation,none,above_75sma_rising,near_75sma,above_75sma_flat_or_falling,-1,0.00000000,0,1.34145000,false,off,NONE,NONE,0.00000000,0.00000000,0.0000,none,0.000,true,LONG,return_high_break_or_bos_up,1.34332000,19,1.34402000,1.34089000,false,off,independent,false,,,false,0.0000,none,0.0000,0.0000,none,0.0000,0.0000,0.0000,none,0.0000,0,0,0.0000,none,none,none,none,0.0000,0,0.0000,none,false,true,not_evaluated,true,required_light_or_anchor_flip,short_bias,1.34179000,2025.05.22 05:00:00,1.34318000,2025.05.22 08:45:00,2025.05.22 09:00:00,false,NONE,0.00000000,0.00000000,0.0000,-1,false,,-1,NONE,0.00000000,0.00000000,0.0000,0.0000,none,,none,false,NONE,-1,-1,-1,false,false,none,false,true,false,true,none,true,required,false,PERIOD_M5,,,-1,0.0000,false,0.00000000,0.0000,false,0.0000,false,none,none,false,no_anchor_flip_in_entry_direction,true,required_first_signal_only,LONG,unknown,0.00000000,,0.00000000,,false,,-1,false,NONE,0.00000000,,0.00000000,0.0000,0.0000,none,-1,false,false,false,no_anchor_flip_in_entry_direction,,,,false,false,false,-1,-1,-1,-1,-1,false,false,false,0.0000,range_n,true,1.34402000,1.34179000,2.8202,false,0.0000,0.0000,0,none,true,0.4185,preferred_382_618,0.200,diagnostic_only,diagnostic_only,diagnostic_only,shallow_pullback,24,0.450,true,none,0.600,high_quality,false,false,diagnostic_only,both,true,none,true,diagnostic_adjacent_detected,required_light,false,true,SHORT,6,true,true,2,2025.05.22 08:35:00,2025.05.22 09:45:00,8,1.9666,1.34279000,0.00000000,1.34279000,false,false,none,0.00000000,false,0.0000,0.0000,false,1,0.0000,false,-1,0.00000000,0.0000,off,false,not_evaluated,none,0.0000,0.0000,none,false,false,false,0.0000,none,false,none,0.0000,false,none,1.3579,1.7012,0.7982,0.2653,false,mild_exhaustion,0.0000,none,none,false,false,none,0.0000,0.0000,0.0000,0.0000,none,false,false,0.0000,0.0000,false,false,-1,none,none,false,0.000,0.000,1.34301000,1.34213000,1.34301000,failed_breakout_level,0.00030000,0.1714,neckline_level,1.34213000,0.9052,false,true,true,false,not_blocked,7,6,1,m5_failure_exit,off,none,0.00000000,0.0000,1.30,1.34498000,4.200,-0.300,0.200,PERIOD_M15,1.34318000,1.34199000,0.3950,preferred_382_618,0.000,true,1.34271000,1.34096000,0.00175000,1.34498000,1.297,0.00064071,20.00,0-30,true,false,none,not_consumed,4.500,4.500,none,0.0000,false,opposite_break_first,true,opposite_break_first,spread_too_high
2025.05.22 10:30:00,blocked,session_reversal_pullback_one_symbol_first120,GBPUSD,LONG,2025.05.22 10:25:00,10,7,16,london,2025.05.22 07:00,25,first_120min,true,true,3,GBPUSD,highest_score_in_session_bar,london=USDJPY|EURJPY|GBPJPY|AUDJPY|EURUSD|GBPUSD,existing_first120_gate,london,false,false,true,passed_first_window,double_bottom,neckline_break_retest,1.34213000,PERIOD_M5,PERIOD_H1,PERIOD_M15,PERIOD_M5,PERIOD_M5,false,htf_soft_alignment,current_post_filter,transcript_post_filter,dow_range_or_transition,no_ordered_dow_wave3_break,dow_range_or_transition,no_ordered_dow_wave3_break,false,true,false,LONG,PERIOD_M5,double_bottom,double_bottom,4.200,none,0.000,double_bottom,4.200,none,0.000,LONG,false,PERIOD_H1_NONE_dow_range_or_transition|PERIOD_M15_NONE_no_ordered_dow_wave3_break,true,h1_counter_m15_reversal,true,top_NONE_dow_range_or_transition|structure_NONE_no_ordered_dow_wave3_break|structure_break_recent_confirmed_swing_break_failed|primary_break_recent_confirmed_swing_break_continuation,none,above_75sma_rising,near_75sma,above_75sma_flat_or_falling,-1,0.00000000,0,1.34145000,false,off,NONE,NONE,0.00000000,0.00000000,0.0000,none,0.000,true,LONG,return_high_break_or_bos_up,1.34332000,19,1.34402000,1.34089000,false,off,independent,false,,,false,0.0000,none,0.0000,0.0000,none,0.0000,0.0000,0.0000,none,0.0000,0,0,0.0000,none,none,none,none,0.0000,0,0.0000,none,false,true,not_evaluated,true,required_light_or_anchor_flip,short_bias,1.34179000,2025.05.22 05:00:00,1.34318000,2025.05.22 08:45:00,2025.05.22 09:00:00,false,NONE,0.00000000,0.00000000,0.0000,-1,false,,-1,NONE,0.00000000,0.00000000,0.0000,0.0000,none,,none,false,NONE,-1,-1,-1,false,false,none,false,true,false,true,none,true,required,false,PERIOD_M5,,,-1,0.0000,false,0.00000000,0.0000,false,0.0000,false,none,none,false,no_anchor_flip_in_entry_direction,true,required_first_signal_only,LONG,unknown,0.00000000,,0.00000000,,false,,-1,false,NONE,0.00000000,,0.00000000,0.0000,0.0000,none,-1,false,false,false,no_anchor_flip_in_entry_direction,,,,false,false,false,-1,-1,-1,-1,-1,false,false,false,0.0000,range_n,true,1.34402000,1.34179000,2.8202,false,0.0000,0.0000,0,none,true,0.4185,preferred_382_618,0.200,diagnostic_only,diagnostic_only,diagnostic_only,shallow_pullback,24,0.450,true,none,0.600,high_quality,false,false,diagnostic_only,both,true,none,true,diagnostic_adjacent_detected,required_light,false,true,SHORT,6,true,true,2,2025.05.22 08:35:00,2025.05.22 09:45:00,8,1.9666,1.34279000,0.00000000,1.34279000,false,false,none,0.00000000,false,0.0000,0.0000,false,1,0.0000,false,-1,0.00000000,0.0000,off,false,not_evaluated,none,0.0000,0.0000,none,false,false,false,0.0000,none,false,none,0.0000,false,none,1.3579,1.7012,0.7982,0.2653,false,mild_exhaustion,0.0000,none,none,false,false,none,0.0000,0.0000,0.0000,0.0000,none,false,false,0.0000,0.0000,false,false,-1,none,none,false,0.000,0.000,1.34301000,1.34213000,1.34301000,failed_breakout_level,0.00030000,0.1714,neckline_level,1.34213000,0.9052,false,true,true,false,not_blocked,7,6,1,m5_failure_exit,off,none,0.00000000,0.0000,1.30,1.34498000,4.200,-0.300,0.200,PERIOD_M15,1.34318000,1.34199000,0.3950,preferred_382_618,0.000,true,1.34271000,1.34096000,0.00175000,1.34498000,1.297,0.00064071,20.00,0-30,true,false,none,blocked_spread_too_high,4.500,4.500,none,0.0000,false,opposite_break_first,true,opposite_break_first,spread_too_high
2025.05.22 16:10:00,signal,session_reversal_pullback_one_symbol_first120,GBPUSD,LONG,2025.05.22 16:05:00,16,13,22,london_newyork_overlap,2025.05.22 13:00,5,first_120min,true,true,3,GBPUSD,highest_score_in_session_bar,london_newyork_overlap=USDJPY|EURJPY|GBPJPY|AUDJPY|EURUSD|GBPUSD,existing_first120_gate,london_newyork_overlap,false,false,true,passed_first_window,double_bottom,neckline_break_retest,1.34222000,PERIOD_M5,PERIOD_H1,PERIOD_M15,PERIOD_M5,PERIOD_M5,false,htf_soft_alignment,current_post_filter,transcript_post_filter,dow_range_or_transition,no_ordered_dow_wave3_break,dow_range_or_transition,no_ordered_dow_wave3_break,false,true,false,LONG,PERIOD_M5,double_bottom,double_bottom,4.200,none,0.000,double_bottom,4.200,none,0.000,LONG,false,PERIOD_H1_NONE_dow_range_or_transition|PERIOD_M15_NONE_no_ordered_dow_wave3_break,true,h1_counter_m15_reversal,true,top_NONE_dow_range_or_transition|structure_NONE_no_ordered_dow_wave3_break|structure_break_recent_confirmed_swing_break_failed|primary_break_recent_confirmed_swing_break_continuation,none,above_75sma_rising,below_75sma_falling,above_75sma_flat_or_falling,-1,0.00000000,0,1.34073000,false,off,NONE,NONE,0.00000000,0.00000000,0.0000,none,0.000,true,LONG,return_high_break_or_bos_up,1.34318000,19,1.34398000,1.33899000,false,off,independent,false,,,false,0.0000,none,0.0000,0.0000,none,0.0000,0.0000,0.0000,none,0.0000,0,0,0.0000,none,none,none,none,0.0000,0,0.0000,none,false,true,not_evaluated,true,required_light_or_anchor_flip,short_bias,1.34089000,2025.05.22 10:00:00,1.34398000,2025.05.22 11:00:00,2025.05.22 13:45:00,false,NONE,0.00000000,0.00000000,0.0000,-1,false,,-1,NONE,0.00000000,0.00000000,0.0000,0.0000,none,,none,false,NONE,-1,-1,-1,false,false,none,false,true,false,true,none,true,required,false,PERIOD_M5,,,-1,0.0000,false,0.00000000,0.0000,false,0.0000,false,none,none,false,no_anchor_flip_in_entry_direction,true,required_first_signal_only,LONG,unknown,0.00000000,,0.00000000,,false,,-1,false,NONE,0.00000000,,0.00000000,0.0000,0.0000,none,-1,false,false,false,no_anchor_flip_in_entry_direction,,,,false,false,false,-1,-1,-1,-1,-1,false,false,false,0.0000,falling_n,false,1.34398000,1.33899000,4.7203,false,0.0000,0.0000,0,none,true,0.3066,shallow_236_382,0.080,diagnostic_only,diagnostic_only,diagnostic_only,fib_pullback,8,0.320,true,none,0.470,high_quality,false,false,diagnostic_only,both,true,none,true,diagnostic_adjacent_detected,required_light,false,false,SHORT,2,false,false,0,,,-1,0.0000,0.00000000,0.00000000,0.00000000,false,false,none,0.00000000,false,0.0000,0.0000,false,1,0.0000,false,-1,0.00000000,0.0000,off,false,not_evaluated,none,0.0000,0.0000,none,false,false,false,0.0000,none,false,none,0.0000,false,none,0.0000,0.0000,0.0000,0.0000,false,none,0.0000,none,none,false,false,none,0.0000,0.0000,0.0000,0.0000,none,false,false,0.0000,0.0000,false,false,-1,none,none,false,0.000,0.000,1.34255000,1.34228000,1.34255000,pre_session_high,0.00010000,0.0847,session_high|opening_range_high|neckline_level,1.34267000,0.3249,false,true,false,false,not_blocked,2,2,0,m5_failure_exit,off,none,0.00000000,0.0000,1.30,1.34399000,4.200,-0.300,0.200,PERIOD_M15,1.34073000,1.33899000,-0.9885,outside,0.000,true,1.34245000,1.34127000,0.00118000,1.34399000,1.305,0.00067714,20.00,0-30,true,false,none,not_consumed,4.500,4.500,none,0.0000,false,neckline_retest_failed,false,not_invalidated,spread_too_high
2025.05.22 16:10:00,blocked,session_reversal_pullback_one_symbol_first120,GBPUSD,LONG,2025.05.22 16:05:00,16,13,22,london_newyork_overlap,2025.05.22 13:00,5,first_120min,true,true,3,GBPUSD,highest_score_in_session_bar,london_newyork_overlap=USDJPY|EURJPY|GBPJPY|AUDJPY|EURUSD|GBPUSD,existing_first120_gate,london_newyork_overlap,false,false,true,passed_first_window,double_bottom,neckline_break_retest,1.34222000,PERIOD_M5,PERIOD_H1,PERIOD_M15,PERIOD_M5,PERIOD_M5,false,htf_soft_alignment,current_post_filter,transcript_post_filter,dow_range_or_transition,no_ordered_dow_wave3_break,dow_range_or_transition,no_ordered_dow_wave3_break,false,true,false,LONG,PERIOD_M5,double_bottom,double_bottom,4.200,none,0.000,double_bottom,4.200,none,0.000,LONG,false,PERIOD_H1_NONE_dow_range_or_transition|PERIOD_M15_NONE_no_ordered_dow_wave3_break,true,h1_counter_m15_reversal,true,top_NONE_dow_range_or_transition|structure_NONE_no_ordered_dow_wave3_break|structure_break_recent_confirmed_swing_break_failed|primary_break_recent_confirmed_swing_break_continuation,none,above_75sma_rising,below_75sma_falling,above_75sma_flat_or_falling,-1,0.00000000,0,1.34073000,false,off,NONE,NONE,0.00000000,0.00000000,0.0000,none,0.000,true,LONG,return_high_break_or_bos_up,1.34318000,19,1.34398000,1.33899000,false,off,independent,false,,,false,0.0000,none,0.0000,0.0000,none,0.0000,0.0000,0.0000,none,0.0000,0,0,0.0000,none,none,none,none,0.0000,0,0.0000,none,false,true,not_evaluated,true,required_light_or_anchor_flip,short_bias,1.34089000,2025.05.22 10:00:00,1.34398000,2025.05.22 11:00:00,2025.05.22 13:45:00,false,NONE,0.00000000,0.00000000,0.0000,-1,false,,-1,NONE,0.00000000,0.00000000,0.0000,0.0000,none,,none,false,NONE,-1,-1,-1,false,false,none,false,true,false,true,none,true,required,false,PERIOD_M5,,,-1,0.0000,false,0.00000000,0.0000,false,0.0000,false,none,none,false,no_anchor_flip_in_entry_direction,true,required_first_signal_only,LONG,unknown,0.00000000,,0.00000000,,false,,-1,false,NONE,0.00000000,,0.00000000,0.0000,0.0000,none,-1,false,false,false,no_anchor_flip_in_entry_direction,,,,false,false,false,-1,-1,-1,-1,-1,false,false,false,0.0000,falling_n,false,1.34398000,1.33899000,4.7203,false,0.0000,0.0000,0,none,true,0.3066,shallow_236_382,0.080,diagnostic_only,diagnostic_only,diagnostic_only,fib_pullback,8,0.320,true,none,0.470,high_quality,false,false,diagnostic_only,both,true,none,true,diagnostic_adjacent_detected,required_light,false,false,SHORT,2,false,false,0,,,-1,0.0000,0.00000000,0.00000000,0.00000000,false,false,none,0.00000000,false,0.0000,0.0000,false,1,0.0000,false,-1,0.00000000,0.0000,off,false,not_evaluated,none,0.0000,0.0000,none,false,false,false,0.0000,none,false,none,0.0000,false,none,0.0000,0.0000,0.0000,0.0000,false,none,0.0000,none,none,false,false,none,0.0000,0.0000,0.0000,0.0000,none,false,false,0.0000,0.0000,false,false,-1,none,none,false,0.000,0.000,1.34255000,1.34228000,1.34255000,pre_session_high,0.00010000,0.0847,session_high|opening_range_high|neckline_level,1.34267000,0.3249,false,true,false,false,not_blocked,2,2,0,m5_failure_exit,off,none,0.00000000,0.0000,1.30,1.34399000,4.200,-0.300,0.200,PERIOD_M15,1.34073000,1.33899000,-0.9885,outside,0.000,true,1.34245000,1.34127000,0.00118000,1.34399000,1.305,0.00067714,20.00,0-30,true,false,none,blocked_spread_too_high,4.500,4.500,none,0.0000,false,neckline_retest_failed,false,not_invalidated,spread_too_high
2025.05.23 03:10:00,signal,session_reversal_pullback_one_symbol_first120,GBPJPY,LONG,2025.05.23 03:05:00,3,0,9,tokyo,2025.05.23 00:00,5,first_120min,true,true,3,GBPJPY,highest_score_in_session_bar,tokyo=USDJPY|EURJPY|GBPJPY|AUDJPY,existing_first120_gate,tokyo,false,false,true,passed_first_window,inverse_head_and_shoulders,neckline_break_retest,193.08100000,PERIOD_M5,PERIOD_H1,PERIOD_M15,PERIOD_M5,PERIOD_M5,false,htf_soft_alignment,current_post_filter,transcript_post_filter,dow_trend_down_ll_lh,structure_trend_bias_dow_trend_down_ll_lh,dow_trend_down_ll_lh,structure_trend_bias_dow_trend_down_ll_lh,false,true,true,LONG,PERIOD_M5,inverse_head_and_shoulders,inverse_head_and_shoulders,4.500,none,0.000,inverse_head_and_shoulders,4.500,none,0.000,LONG,false,PERIOD_H1_SHORT_dow_trend_down_ll_lh|PERIOD_M15_SHORT_structure_trend_bias_dow_trend_down_ll_lh,true,h1_counter_m15_reversal,true,top_SHORT_dow_trend_down_ll_lh|structure_SHORT_structure_trend_bias_dow_trend_down_ll_lh|structure_break_recent_confirmed_swing_break_failed|primary_break_recent_confirmed_swing_break_failed,none,below_75sma_falling,above_75sma_rising,below_75sma_falling,-1,0.00000000,-1,0.00000000,false,off,NONE,NONE,0.00000000,0.00000000,0.0000,none,0.000,true,LONG,return_high_break_or_bos_up,193.45200000,18,193.58200000,192.97100000,false,off,independent,false,,,false,0.0000,none,0.0000,0.0000,none,0.0000,0.0000,0.0000,none,0.0000,0,0,0.0000,none,none,none,none,0.0000,0,0.0000,none,false,true,not_evaluated,true,required_light_or_anchor_flip,short_bias,192.97900000,2025.05.23 00:00:00,193.31300000,2025.05.23 01:00:00,2025.05.23 02:00:00,false,NONE,0.00000000,0.00000000,0.0000,-1,false,,-1,NONE,0.00000000,0.00000000,0.0000,0.0000,none,,none,false,NONE,-1,-1,-1,false,false,none,false,true,false,true,none,true,required,false,PERIOD_M5,,,-1,0.0000,false,0.00000000,0.0000,false,0.0000,false,none,none,false,no_anchor_flip_in_entry_direction,true,required_first_signal_only,LONG,unknown,0.00000000,,0.00000000,,false,,-1,false,NONE,0.00000000,,0.00000000,0.0000,0.0000,none,-1,false,false,false,no_anchor_flip_in_entry_direction,,,,false,false,false,-1,-1,-1,-1,-1,false,false,false,0.0000,rising_n,false,193.58200000,192.97100000,4.6743,false,0.0000,0.0000,0,none,true,0.7545,deep_618_786,0.120,diagnostic_only,diagnostic_only,diagnostic_only,fib_pullback,24,0.320,true,none,0.470,high_quality,false,false,diagnostic_only,both,true,none,true,diagnostic_adjacent_detected,required_light,false,false,SHORT,8,false,false,2,2025.05.23 01:20:00,2025.05.23 02:45:00,4,3.5564,193.13000000,0.00000000,193.13000000,true,true,m5_lh_close_break_up,193.13000000,true,0.4910,1.9905,true,1,0.6237,false,1,193.13000000,0.6900,off,false,not_evaluated,none,0.8174,0.1826,very_strong,false,true,true,0.6237,failed_1bar,true,back_inside,0.0362,false,weak_retest,2.7071,2.9592,0.9148,0.5972,false,no_shrink,0.0000,none,none,false,false,none,0.0000,0.0000,0.0000,0.0000,none,false,false,0.0000,0.0000,false,false,-1,none,none,false,0.000,0.000,193.13000000,193.08100000,193.13000000,pre_session_high,0.00900000,0.0549,neckline_level,193.08100000,0.5308,false,true,true,false,not_blocked,6,5,1,m5_failure_exit,off,none,0.00000000,0.0000,1.30,193.33400000,4.500,-0.300,0.200,PERIOD_M15,193.31300000,192.97900000,0.5749,preferred_382_618,0.000,true,193.12100000,192.95700000,0.16400000,193.33400000,1.299,0.07535714,38.00,0-30,true,false,none,not_consumed,4.600,4.600,none,0.0000,false,neckline_retest_failed,false,not_invalidated,spread_too_high
2025.05.23 03:10:00,blocked,session_reversal_pullback_one_symbol_first120,GBPJPY,LONG,2025.05.23 03:05:00,3,0,9,tokyo,2025.05.23 00:00,5,first_120min,true,true,3,GBPJPY,highest_score_in_session_bar,tokyo=USDJPY|EURJPY|GBPJPY|AUDJPY,existing_first120_gate,tokyo,false,false,true,passed_first_window,inverse_head_and_shoulders,neckline_break_retest,193.08100000,PERIOD_M5,PERIOD_H1,PERIOD_M15,PERIOD_M5,PERIOD_M5,false,htf_soft_alignment,current_post_filter,transcript_post_filter,dow_trend_down_ll_lh,structure_trend_bias_dow_trend_down_ll_lh,dow_trend_down_ll_lh,structure_trend_bias_dow_trend_down_ll_lh,false,true,true,LONG,PERIOD_M5,inverse_head_and_shoulders,inverse_head_and_shoulders,4.500,none,0.000,inverse_head_and_shoulders,4.500,none,0.000,LONG,false,PERIOD_H1_SHORT_dow_trend_down_ll_lh|PERIOD_M15_SHORT_structure_trend_bias_dow_trend_down_ll_lh,true,h1_counter_m15_reversal,true,top_SHORT_dow_trend_down_ll_lh|structure_SHORT_structure_trend_bias_dow_trend_down_ll_lh|structure_break_recent_confirmed_swing_break_failed|primary_break_recent_confirmed_swing_break_failed,none,below_75sma_falling,above_75sma_rising,below_75sma_falling,-1,0.00000000,-1,0.00000000,false,off,NONE,NONE,0.00000000,0.00000000,0.0000,none,0.000,true,LONG,return_high_break_or_bos_up,193.45200000,18,193.58200000,192.97100000,false,off,independent,false,,,false,0.0000,none,0.0000,0.0000,none,0.0000,0.0000,0.0000,none,0.0000,0,0,0.0000,none,none,none,none,0.0000,0,0.0000,none,false,true,not_evaluated,true,required_light_or_anchor_flip,short_bias,192.97900000,2025.05.23 00:00:00,193.31300000,2025.05.23 01:00:00,2025.05.23 02:00:00,false,NONE,0.00000000,0.00000000,0.0000,-1,false,,-1,NONE,0.00000000,0.00000000,0.0000,0.0000,none,,none,false,NONE,-1,-1,-1,false,false,none,false,true,false,true,none,true,required,false,PERIOD_M5,,,-1,0.0000,false,0.00000000,0.0000,false,0.0000,false,none,none,false,no_anchor_flip_in_entry_direction,true,required_first_signal_only,LONG,unknown,0.00000000,,0.00000000,,false,,-1,false,NONE,0.00000000,,0.00000000,0.0000,0.0000,none,-1,false,false,false,no_anchor_flip_in_entry_direction,,,,false,false,false,-1,-1,-1,-1,-1,false,false,false,0.0000,rising_n,false,193.58200000,192.97100000,4.6743,false,0.0000,0.0000,0,none,true,0.7545,deep_618_786,0.120,diagnostic_only,diagnostic_only,diagnostic_only,fib_pullback,24,0.320,true,none,0.470,high_quality,false,false,diagnostic_only,both,true,none,true,diagnostic_adjacent_detected,required_light,false,false,SHORT,8,false,false,2,2025.05.23 01:20:00,2025.05.23 02:45:00,4,3.5564,193.13000000,0.00000000,193.13000000,true,true,m5_lh_close_break_up,193.13000000,true,0.4910,1.9905,true,1,0.6237,false,1,193.13000000,0.6900,off,false,not_evaluated,none,0.8174,0.1826,very_strong,false,true,true,0.6237,failed_1bar,true,back_inside,0.0362,false,weak_retest,2.7071,2.9592,0.9148,0.5972,false,no_shrink,0.0000,none,none,false,false,none,0.0000,0.0000,0.0000,0.0000,none,false,false,0.0000,0.0000,false,false,-1,none,none,false,0.000,0.000,193.13000000,193.08100000,193.13000000,pre_session_high,0.00900000,0.0549,neckline_level,193.08100000,0.5308,false,true,true,false,not_blocked,6,5,1,m5_failure_exit,off,none,0.00000000,0.0000,1.30,193.33400000,4.500,-0.300,0.200,PERIOD_M15,193.31300000,192.97900000,0.5749,preferred_382_618,0.000,true,193.12100000,192.95700000,0.16400000,193.33400000,1.299,0.07535714,38.00,0-30,true,false,none,blocked_spread_too_high,4.600,4.600,none,0.0000,false,neckline_retest_failed,false,not_invalidated,spread_too_high
2025.05.23 16:15:00,signal,session_reversal_pullback_one_symbol_first120,GBPUSD,LONG,2025.05.23 16:10:00,16,13,22,london_newyork_overlap,2025.05.23 13:00,10,first_120min,true,true,3,GBPUSD,highest_score_in_session_bar,london_newyork_overlap=USDJPY|EURJPY|GBPJPY|AUDJPY|EURUSD|GBPUSD,existing_first120_gate,london_newyork_overlap,false,false,true,passed_first_window,inverse_head_and_shoulders,neckline_break_retest,1.34975000,PERIOD_M5,PERIOD_H1,PERIOD_M15,PERIOD_M5,PERIOD_M5,false,htf_soft_alignment,current_post_filter,transcript_post_filter,dow_trend_down_ll_lh,no_ordered_dow_wave3_break,dow_trend_down_ll_lh,no_ordered_dow_wave3_break,false,true,false,LONG,PERIOD_M5,inverse_head_and_shoulders,inverse_head_and_shoulders,4.500,none,0.000,inverse_head_and_shoulders,4.500,none,0.000,LONG,false,PERIOD_H1_SHORT_dow_trend_down_ll_lh|PERIOD_M15_NONE_no_ordered_dow_wave3_break,true,h1_counter_m15_reversal,true,top_SHORT_dow_trend_down_ll_lh|structure_NONE_no_ordered_dow_wave3_break|structure_break_recent_confirmed_swing_break_failed|primary_break_recent_confirmed_swing_break_failed,none,above_75sma_rising,above_75sma_rising,above_75sma_rising,-1,0.00000000,-1,0.00000000,false,off,NONE,NONE,0.00000000,0.00000000,0.0000,none,0.000,true,LONG,return_high_break_or_bos_up,1.35150000,1,1.35150000,1.34730000,false,off,independent,false,,,false,0.0000,none,0.0000,0.0000,none,0.0000,0.0000,0.0000,none,0.0000,0,0,0.0000,none,none,none,none,0.0000,0,0.0000,none,false,true,not_evaluated,true,required_light_or_anchor_flip,bias_flip_up,1.34917000,2025.05.23 13:15:00,1.35150000,2025.05.23 14:15:00,2025.05.23 14:45:00,true,LONG,1.35150000,1.35316000,1.0260,2,true,2025.05.23 15:30:00,2,LONG,1.35150000,1.35316000,1.0260,2.1201,strong,2025.05.23 15:45:00,first_after_anchor,true,LONG,2,1,2,true,false,fresh_0_4,true,false,false,true,none,true,required,true,PERIOD_M5,2025.05.23 15:35:00,2025.05.23 15:40:00,8,0.8443,true,1.35150000,0.8443,true,0.8535,false,none,failed_close_back_inside,false,post_anchor_close_back_inside,true,required_first_signal_only,LONG,unknown,0.00000000,,0.00000000,,false,,-1,false,NONE,0.00000000,,0.00000000,0.0000,0.0000,none,-1,false,false,false,insufficient_confirmed_m5_pivots,GBPUSD|LONG|1748014200|1.35150,,,false,false,false,-1,-1,-1,-1,-1,false,false,false,0.0000,range_n,true,1.35150000,1.34429000,4.4565,true,2.1201,0.0628,1,strong,true,0.3363,shallow_236_382,0.080,diagnostic_only,diagnostic_only,diagnostic_only,fib_pullback,5,0.320,true,none,0.470,high_quality,false,false,diagnostic_only,both,true,none,true,diagnostic_adjacent_detected,required_light,false,false,SHORT,4,false,false,1,2025.05.23 13:20:00,2025.05.23 15:45:00,5,5.5480,1.35328000,0.00000000,1.35328000,false,false,none,0.00000000,false,0.0000,0.0000,false,1,0.0000,false,-1,0.00000000,0.0000,off,false,not_evaluated,none,0.0000,0.0000,none,false,false,false,0.0000,none,false,none,0.0000,false,none,5.5480,2.1617,2.5665,1.7349,false,no_shrink,0.0000,none,none,false,false,none,0.0000,0.0000,0.0000,0.0000,none,false,false,0.0000,0.0000,false,false,-1,none,none,false,0.000,0.000,1.35101800,1.35011000,1.35101800,recent_equal_lows,0.00071800,0.3135,neckline_level,1.34975000,0.5103,false,true,true,false,not_blocked,9,4,5,m5_failure_exit,off,none,0.00000000,0.0000,1.30,1.35328000,4.500,-0.300,0.200,PERIOD_M15,1.35150000,1.34730000,0.2857,outside,0.000,true,1.35030000,1.34801000,0.00229000,1.35328000,1.301,0.00107786,20.00,0-30,true,false,none,not_consumed,4.600,4.600,none,0.0000,false,opposite_break_first,true,opposite_break_first,session_invalidated
2025.05.23 16:15:00,blocked,session_reversal_pullback_one_symbol_first120,GBPUSD,LONG,2025.05.23 16:10:00,16,13,22,london_newyork_overlap,2025.05.23 13:00,10,first_120min,true,true,3,GBPUSD,highest_score_in_session_bar,london_newyork_overlap=USDJPY|EURJPY|GBPJPY|AUDJPY|EURUSD|GBPUSD,existing_first120_gate,london_newyork_overlap,false,false,true,passed_first_window,inverse_head_and_shoulders,neckline_break_retest,1.34975000,PERIOD_M5,PERIOD_H1,PERIOD_M15,PERIOD_M5,PERIOD_M5,false,htf_soft_alignment,current_post_filter,transcript_post_filter,dow_trend_down_ll_lh,no_ordered_dow_wave3_break,dow_trend_down_ll_lh,no_ordered_dow_wave3_break,false,true,false,LONG,PERIOD_M5,inverse_head_and_shoulders,inverse_head_and_shoulders,4.500,none,0.000,inverse_head_and_shoulders,4.500,none,0.000,LONG,false,PERIOD_H1_SHORT_dow_trend_down_ll_lh|PERIOD_M15_NONE_no_ordered_dow_wave3_break,true,h1_counter_m15_reversal,true,top_SHORT_dow_trend_down_ll_lh|structure_NONE_no_ordered_dow_wave3_break|structure_break_recent_confirmed_swing_break_failed|primary_break_recent_confirmed_swing_break_failed,none,above_75sma_rising,above_75sma_rising,above_75sma_rising,-1,0.00000000,-1,0.00000000,false,off,NONE,NONE,0.00000000,0.00000000,0.0000,none,0.000,true,LONG,return_high_break_or_bos_up,1.35150000,1,1.35150000,1.34730000,false,off,independent,false,,,false,0.0000,none,0.0000,0.0000,none,0.0000,0.0000,0.0000,none,0.0000,0,0,0.0000,none,none,none,none,0.0000,0,0.0000,none,false,true,not_evaluated,true,required_light_or_anchor_flip,bias_flip_up,1.34917000,2025.05.23 13:15:00,1.35150000,2025.05.23 14:15:00,2025.05.23 14:45:00,true,LONG,1.35150000,1.35316000,1.0260,2,true,2025.05.23 15:30:00,2,LONG,1.35150000,1.35316000,1.0260,2.1201,strong,2025.05.23 15:45:00,first_after_anchor,true,LONG,2,1,2,true,false,fresh_0_4,true,false,false,true,none,true,required,true,PERIOD_M5,2025.05.23 15:35:00,2025.05.23 15:40:00,8,0.8443,true,1.35150000,0.8443,true,0.8535,false,none,failed_close_back_inside,false,post_anchor_close_back_inside,true,required_first_signal_only,LONG,unknown,0.00000000,,0.00000000,,false,,-1,false,NONE,0.00000000,,0.00000000,0.0000,0.0000,none,-1,false,false,false,insufficient_confirmed_m5_pivots,GBPUSD|LONG|1748014200|1.35150,,,false,false,false,-1,-1,-1,-1,-1,false,false,false,0.0000,range_n,true,1.35150000,1.34429000,4.4565,true,2.1201,0.0628,1,strong,true,0.3363,shallow_236_382,0.080,diagnostic_only,diagnostic_only,diagnostic_only,fib_pullback,5,0.320,true,none,0.470,high_quality,false,false,diagnostic_only,both,true,none,true,diagnostic_adjacent_detected,required_light,false,false,SHORT,4,false,false,1,2025.05.23 13:20:00,2025.05.23 15:45:00,5,5.5480,1.35328000,0.00000000,1.35328000,false,false,none,0.00000000,false,0.0000,0.0000,false,1,0.0000,false,-1,0.00000000,0.0000,off,false,not_evaluated,none,0.0000,0.0000,none,false,false,false,0.0000,none,false,none,0.0000,false,none,5.5480,2.1617,2.5665,1.7349,false,no_shrink,0.0000,none,none,false,false,none,0.0000,0.0000,0.0000,0.0000,none,false,false,0.0000,0.0000,false,false,-1,none,none,false,0.000,0.000,1.35101800,1.35011000,1.35101800,recent_equal_lows,0.00071800,0.3135,neckline_level,1.34975000,0.5103,false,true,true,false,not_blocked,9,4,5,m5_failure_exit,off,none,0.00000000,0.0000,1.30,1.35328000,4.500,-0.300,0.200,PERIOD_M15,1.35150000,1.34730000,0.2857,outside,0.000,true,1.35030000,1.34801000,0.00229000,1.35328000,1.301,0.00107786,20.00,0-30,true,false,none,blocked_session_invalidated,4.600,4.600,none,0.0000,false,opposite_break_first,true,opposite_break_first,session_invalidated
2025.05.23 19:30:00,signal,session_reversal_pullback_one_symbol_first120,GBPJPY,LONG,2025.05.23 19:25:00,19,16,1,new_york,2025.05.23 16:00,25,first_120min,true,true,3,GBPJPY,highest_score_in_session_bar,new_york=USDJPY|EURJPY|GBPJPY|AUDJPY|EURUSD|GBPUSD,existing_first120_gate,new_york,false,false,true,passed_first_window,inverse_head_and_shoulders,neckline_break_retest,192.78600000,PERIOD_M5,PERIOD_H1,PERIOD_M15,PERIOD_M5,PERIOD_M5,false,htf_soft_alignment,current_post_filter,transcript_post_filter,dow_range_or_transition,no_ordered_dow_wave3_break,dow_range_or_transition,no_ordered_dow_wave3_break,false,true,false,LONG,PERIOD_M5,inverse_head_and_shoulders,inverse_head_and_shoulders,4.500,none,0.000,inverse_head_and_shoulders,4.500,none,0.000,LONG,false,PERIOD_H1_NONE_dow_range_or_transition|PERIOD_M15_NONE_no_ordered_dow_wave3_break,true,h1_counter_m15_reversal,true,top_NONE_dow_range_or_transition|structure_NONE_no_ordered_dow_wave3_break|structure_break_recent_confirmed_swing_break_failed|primary_break_recent_confirmed_swing_break_retest,none,below_75sma_falling,below_75sma_falling,above_75sma_flat_or_falling,-1,0.00000000,0,192.78600000,false,off,NONE,NONE,0.00000000,0.00000000,0.0000,none,0.000,true,LONG,return_high_break_or_bos_up,193.34800000,21,192.85000000,192.29200000,false,off,independent,false,,,false,0.0000,none,0.0000,0.0000,none,0.0000,0.0000,0.0000,none,0.0000,0,0,0.0000,none,none,none,none,0.0000,0,0.0000,none,false,true,not_evaluated,true,required_light_or_anchor_flip,short_bias,193.16600000,2025.05.23 12:30:00,193.54400000,2025.05.23 14:00:00,2025.05.23 15:00:00,false,NONE,0.00000000,0.00000000,0.0000,-1,false,,-1,NONE,0.00000000,0.00000000,0.0000,0.0000,none,,none,false,NONE,-1,-1,-1,false,false,none,false,true,false,true,none,true,required,false,PERIOD_M5,,,-1,0.0000,false,0.00000000,0.0000,false,0.0000,false,none,none,false,no_anchor_flip_in_entry_direction,true,required_first_signal_only,LONG,unknown,0.00000000,,0.00000000,,false,,-1,false,NONE,0.00000000,,0.00000000,0.0000,0.0000,none,-1,false,false,false,no_anchor_flip_in_entry_direction,,,,false,false,false,-1,-1,-1,-1,-1,false,false,false,0.0000,range_n,true,193.54400000,192.05700000,7.2841,false,0.0000,0.0000,0,none,true,0.4358,preferred_382_618,0.200,diagnostic_only,diagnostic_only,diagnostic_only,deep_pullback,8,0.440,true,none,0.590,high_quality,false,false,diagnostic_only,both,true,none,true,diagnostic_adjacent_detected,required_light,false,false,SHORT,8,false,false,0,2025.05.23 17:35:00,2025.05.23 18:55:00,6,3.4580,192.78600000,0.00000000,192.78600000,true,true,m5_lh_close_break_up,192.78600000,true,0.2668,0.5928,true,1,0.0000,true,1,192.78600000,0.1581,off,false,not_evaluated,none,0.7727,0.2273,very_strong,true,false,false,0.0000,held_clean,true,favorable_side,0.1594,false,clean_retest,2.1637,2.6577,0.8141,0.0000,true,strong_exhaustion,0.0000,none,none,false,false,none,0.0000,0.0000,0.0000,0.0000,none,false,false,0.0000,0.0000,false,false,-1,none,none,false,0.000,0.000,193.00000000,192.87100000,193.00000000,round_number,0.10400000,0.3421,session_high|opening_range_high|neckline_level,192.87100000,0.2470,false,true,true,false,not_blocked,2,1,1,m5_failure_exit,off,none,0.00000000,0.0000,1.30,193.29100000,4.500,-0.300,0.200,PERIOD_M15,192.85000000,192.29200000,-0.0824,outside,0.000,true,192.89600000,192.59200000,0.30400000,193.29100000,1.299,0.10121429,38.00,0-30,true,false,none,not_consumed,4.800,4.800,none,0.0000,false,neckline_retest_failed,false,not_invalidated,spread_too_high
2025.05.23 19:30:00,blocked,session_reversal_pullback_one_symbol_first120,GBPJPY,LONG,2025.05.23 19:25:00,19,16,1,new_york,2025.05.23 16:00,25,first_120min,true,true,3,GBPJPY,highest_score_in_session_bar,new_york=USDJPY|EURJPY|GBPJPY|AUDJPY|EURUSD|GBPUSD,existing_first120_gate,new_york,false,false,true,passed_first_window,inverse_head_and_shoulders,neckline_break_retest,192.78600000,PERIOD_M5,PERIOD_H1,PERIOD_M15,PERIOD_M5,PERIOD_M5,false,htf_soft_alignment,current_post_filter,transcript_post_filter,dow_range_or_transition,no_ordered_dow_wave3_break,dow_range_or_transition,no_ordered_dow_wave3_break,false,true,false,LONG,PERIOD_M5,inverse_head_and_shoulders,inverse_head_and_shoulders,4.500,none,0.000,inverse_head_and_shoulders,4.500,none,0.000,LONG,false,PERIOD_H1_NONE_dow_range_or_transition|PERIOD_M15_NONE_no_ordered_dow_wave3_break,true,h1_counter_m15_reversal,true,top_NONE_dow_range_or_transition|structure_NONE_no_ordered_dow_wave3_break|structure_break_recent_confirmed_swing_break_failed|primary_break_recent_confirmed_swing_break_retest,none,below_75sma_falling,below_75sma_falling,above_75sma_flat_or_falling,-1,0.00000000,0,192.78600000,false,off,NONE,NONE,0.00000000,0.00000000,0.0000,none,0.000,true,LONG,return_high_break_or_bos_up,193.34800000,21,192.85000000,192.29200000,false,off,independent,false,,,false,0.0000,none,0.0000,0.0000,none,0.0000,0.0000,0.0000,none,0.0000,0,0,0.0000,none,none,none,none,0.0000,0,0.0000,none,false,true,not_evaluated,true,required_light_or_anchor_flip,short_bias,193.16600000,2025.05.23 12:30:00,193.54400000,2025.05.23 14:00:00,2025.05.23 15:00:00,false,NONE,0.00000000,0.00000000,0.0000,-1,false,,-1,NONE,0.00000000,0.00000000,0.0000,0.0000,none,,none,false,NONE,-1,-1,-1,false,false,none,false,true,false,true,none,true,required,false,PERIOD_M5,,,-1,0.0000,false,0.00000000,0.0000,false,0.0000,false,none,none,false,no_anchor_flip_in_entry_direction,true,required_first_signal_only,LONG,unknown,0.00000000,,0.00000000,,false,,-1,false,NONE,0.00000000,,0.00000000,0.0000,0.0000,none,-1,false,false,false,no_anchor_flip_in_entry_direction,,,,false,false,false,-1,-1,-1,-1,-1,false,false,false,0.0000,range_n,true,193.54400000,192.05700000,7.2841,false,0.0000,0.0000,0,none,true,0.4358,preferred_382_618,0.200,diagnostic_only,diagnostic_only,diagnostic_only,deep_pullback,8,0.440,true,none,0.590,high_quality,false,false,diagnostic_only,both,true,none,true,diagnostic_adjacent_detected,required_light,false,false,SHORT,8,false,false,0,2025.05.23 17:35:00,2025.05.23 18:55:00,6,3.4580,192.78600000,0.00000000,192.78600000,true,true,m5_lh_close_break_up,192.78600000,true,0.2668,0.5928,true,1,0.0000,true,1,192.78600000,0.1581,off,false,not_evaluated,none,0.7727,0.2273,very_strong,true,false,false,0.0000,held_clean,true,favorable_side,0.1594,false,clean_retest,2.1637,2.6577,0.8141,0.0000,true,strong_exhaustion,0.0000,none,none,false,false,none,0.0000,0.0000,0.0000,0.0000,none,false,false,0.0000,0.0000,false,false,-1,none,none,false,0.000,0.000,193.00000000,192.87100000,193.00000000,round_number,0.10400000,0.3421,session_high|opening_range_high|neckline_level,192.87100000,0.2470,false,true,true,false,not_blocked,2,1,1,m5_failure_exit,off,none,0.00000000,0.0000,1.30,193.29100000,4.500,-0.300,0.200,PERIOD_M15,192.85000000,192.29200000,-0.0824,outside,0.000,true,192.89600000,192.59200000,0.30400000,193.29100000,1.299,0.10121429,38.00,0-30,true,false,none,blocked_spread_too_high,4.800,4.800,none,0.0000,false,neckline_retest_failed,false,not_invalidated,spread_too_high
2025.05.27 10:15:00,signal,session_reversal_pullback_one_symbol_first120,GBPUSD,SHORT,2025.05.27 10:10:00,10,7,16,london,2025.05.27 07:00,10,first_120min,true,true,3,GBPUSD,highest_score_in_session_bar,london=USDJPY|EURJPY|GBPJPY|AUDJPY|EURUSD|GBPUSD,existing_first120_gate,london,false,false,true,passed_first_window,head_and_shoulders,neckline_break_retest,1.35579000,PERIOD_M5,PERIOD_H1,PERIOD_M15,PERIOD_M5,PERIOD_M5,false,htf_soft_alignment,current_post_filter,transcript_post_filter,dow_trend_up_hh_hl,no_ordered_dow_wave3_break,dow_trend_up_hh_hl,no_ordered_dow_wave3_break,false,false,true,SHORT,PERIOD_M5,head_and_shoulders,head_and_shoulders,4.500,none,0.000,head_and_shoulders,4.500,none,0.000,SHORT,false,PERIOD_H1_LONG_dow_trend_up_hh_hl|PERIOD_M15_NONE_no_ordered_dow_wave3_break,true,h1_counter_m15_reversal,true,top_LONG_dow_trend_up_hh_hl|structure_NONE_no_ordered_dow_wave3_break|structure_break_recent_confirmed_swing_break_failed|primary_break_recent_confirmed_swing_break_continuation,none,above_75sma_rising,below_75sma_flat_or_rising,below_75sma_falling,-1,0.00000000,0,1.35669000,false,off,NONE,NONE,0.00000000,0.00000000,0.0000,none,0.000,true,SHORT,return_low_break_or_bos_down,1.35499000,1,1.35860000,1.35377000,false,off,independent,false,,,false,0.0000,none,0.0000,0.0000,none,0.0000,0.0000,0.0000,none,0.0000,0,0,0.0000,none,none,none,none,0.0000,0,0.0000,none,false,true,not_evaluated,true,required_light_or_anchor_flip,short_bias,1.35499000,2025.05.27 00:45:00,1.35745000,2025.05.27 07:00:00,2025.05.27 08:00:00,false,NONE,0.00000000,0.00000000,0.0000,-1,false,,-1,NONE,0.00000000,0.00000000,0.0000,0.0000,none,,none,false,NONE,-1,-1,-1,false,false,none,true,false,false,true,none,true,required,false,PERIOD_M5,,,-1,0.0000,false,0.00000000,0.0000,false,0.0000,false,none,none,false,no_anchor_flip_in_entry_direction,true,required_first_signal_only,SHORT,unknown,0.00000000,,0.00000000,,false,,-1,false,NONE,0.00000000,,0.00000000,0.0000,0.0000,none,-1,false,false,false,no_anchor_flip_in_entry_direction,,,,false,false,false,-1,-1,-1,-1,-1,false,false,false,0.0000,falling_n,false,1.35752000,1.35377000,3.7473,false,0.0000,0.0000,0,none,true,0.3437,shallow_236_382,0.080,diagnostic_only,diagnostic_only,diagnostic_only,shallow_pullback,24,0.280,true,none,0.430,high_quality,false,false,diagnostic_only,both,true,none,true,diagnostic_adjacent_detected,required_light,false,false,LONG,2,false,false,0,,,-1,0.0000,0.00000000,0.00000000,0.00000000,false,false,none,0.00000000,false,0.0000,0.0000,false,1,0.0000,false,-1,0.00000000,0.0000,off,false,not_evaluated,none,0.0000,0.0000,none,false,false,false,0.0000,none,false,none,0.0000,false,none,0.0000,0.0000,0.0000,0.0000,false,none,0.0000,none,none,false,false,none,0.0000,0.0000,0.0000,0.0000,none,false,false,0.0000,0.0000,false,false,-1,none,none,false,0.000,0.000,1.35555000,1.35517867,1.35517867,recent_equal_highs,0.00025133,0.1611,neckline_level,1.35579000,0.5289,false,true,true,false,not_blocked,11,7,4,m5_failure_exit,off,none,0.00000000,0.0000,1.30,1.35340000,4.500,-0.300,0.200,PERIOD_M15,1.35860000,1.35377000,0.3437,outside,0.000,true,1.35543000,1.35699000,0.00156000,1.35340000,1.301,0.00068071,20.00,0-30,true,false,none,not_consumed,4.800,4.800,none,0.0000,false,opposite_break_first,true,opposite_break_first,spread_too_high
2025.05.27 10:15:00,blocked,session_reversal_pullback_one_symbol_first120,GBPUSD,SHORT,2025.05.27 10:10:00,10,7,16,london,2025.05.27 07:00,10,first_120min,true,true,3,GBPUSD,highest_score_in_session_bar,london=USDJPY|EURJPY|GBPJPY|AUDJPY|EURUSD|GBPUSD,existing_first120_gate,london,false,false,true,passed_first_window,head_and_shoulders,neckline_break_retest,1.35579000,PERIOD_M5,PERIOD_H1,PERIOD_M15,PERIOD_M5,PERIOD_M5,false,htf_soft_alignment,current_post_filter,transcript_post_filter,dow_trend_up_hh_hl,no_ordered_dow_wave3_break,dow_trend_up_hh_hl,no_ordered_dow_wave3_break,false,false,true,SHORT,PERIOD_M5,head_and_shoulders,head_and_shoulders,4.500,none,0.000,head_and_shoulders,4.500,none,0.000,SHORT,false,PERIOD_H1_LONG_dow_trend_up_hh_hl|PERIOD_M15_NONE_no_ordered_dow_wave3_break,true,h1_counter_m15_reversal,true,top_LONG_dow_trend_up_hh_hl|structure_NONE_no_ordered_dow_wave3_break|structure_break_recent_confirmed_swing_break_failed|primary_break_recent_confirmed_swing_break_continuation,none,above_75sma_rising,below_75sma_flat_or_rising,below_75sma_falling,-1,0.00000000,0,1.35669000,false,off,NONE,NONE,0.00000000,0.00000000,0.0000,none,0.000,true,SHORT,return_low_break_or_bos_down,1.35499000,1,1.35860000,1.35377000,false,off,independent,false,,,false,0.0000,none,0.0000,0.0000,none,0.0000,0.0000,0.0000,none,0.0000,0,0,0.0000,none,none,none,none,0.0000,0,0.0000,none,false,true,not_evaluated,true,required_light_or_anchor_flip,short_bias,1.35499000,2025.05.27 00:45:00,1.35745000,2025.05.27 07:00:00,2025.05.27 08:00:00,false,NONE,0.00000000,0.00000000,0.0000,-1,false,,-1,NONE,0.00000000,0.00000000,0.0000,0.0000,none,,none,false,NONE,-1,-1,-1,false,false,none,true,false,false,true,none,true,required,false,PERIOD_M5,,,-1,0.0000,false,0.00000000,0.0000,false,0.0000,false,none,none,false,no_anchor_flip_in_entry_direction,true,required_first_signal_only,SHORT,unknown,0.00000000,,0.00000000,,false,,-1,false,NONE,0.00000000,,0.00000000,0.0000,0.0000,none,-1,false,false,false,no_anchor_flip_in_entry_direction,,,,false,false,false,-1,-1,-1,-1,-1,false,false,false,0.0000,falling_n,false,1.35752000,1.35377000,3.7473,false,0.0000,0.0000,0,none,true,0.3437,shallow_236_382,0.080,diagnostic_only,diagnostic_only,diagnostic_only,shallow_pullback,24,0.280,true,none,0.430,high_quality,false,false,diagnostic_only,both,true,none,true,diagnostic_adjacent_detected,required_light,false,false,LONG,2,false,false,0,,,-1,0.0000,0.00000000,0.00000000,0.00000000,false,false,none,0.00000000,false,0.0000,0.0000,false,1,0.0000,false,-1,0.00000000,0.0000,off,false,not_evaluated,none,0.0000,0.0000,none,false,false,false,0.0000,none,false,none,0.0000,false,none,0.0000,0.0000,0.0000,0.0000,false,none,0.0000,none,none,false,false,none,0.0000,0.0000,0.0000,0.0000,none,false,false,0.0000,0.0000,false,false,-1,none,none,false,0.000,0.000,1.35555000,1.35517867,1.35517867,recent_equal_highs,0.00025133,0.1611,neckline_level,1.35579000,0.5289,false,true,true,false,not_blocked,11,7,4,m5_failure_exit,off,none,0.00000000,0.0000,1.30,1.35340000,4.500,-0.300,0.200,PERIOD_M15,1.35860000,1.35377000,0.3437,outside,0.000,true,1.35543000,1.35699000,0.00156000,1.35340000,1.301,0.00068071,20.00,0-30,true,false,none,blocked_spread_too_high,4.800,4.800,none,0.0000,false,opposite_break_first,true,opposite_break_first,spread_too_high
2025.05.27 16:40:00,signal,session_reversal_pullback_one_symbol_first120,GBPUSD,SHORT,2025.05.27 16:35:00,16,13,22,london_newyork_overlap,2025.05.27 13:00,35,first_120min,true,true,3,GBPUSD,highest_score_in_session_bar,london_newyork_overlap=USDJPY|EURJPY|GBPJPY|AUDJPY|EURUSD|GBPUSD,existing_first120_gate,london_newyork_overlap,false,false,true,passed_first_window,head_and_shoulders,neckline_break_retest,1.35562000,PERIOD_M5,PERIOD_H1,PERIOD_M15,PERIOD_M5,PERIOD_M5,false,htf_soft_alignment,current_post_filter,transcript_post_filter,dow_range_or_transition,ordered_dow_wave3_break_above_swing_high,dow_range_or_transition,ordered_dow_wave3_break_above_swing_high,false,false,true,SHORT,PERIOD_M5,head_and_shoulders,head_and_shoulders,4.500,none,0.000,head_and_shoulders,4.500,none,0.000,SHORT,false,PERIOD_H1_NONE_dow_range_or_transition|PERIOD_M15_LONG_ordered_dow_wave3_break_above_swing_high,true,h1_counter_m15_reversal,true,top_NONE_dow_range_or_transition|structure_LONG_ordered_dow_wave3_break_above_swing_high|structure_break_recent_confirmed_swing_break_failed|primary_break_recent_confirmed_swing_break_continuation,none,above_75sma_rising,below_75sma_falling,above_75sma_rising,-1,0.00000000,0,1.35669000,false,off,NONE,NONE,0.00000000,0.00000000,0.0000,none,0.000,true,SHORT,return_low_break_or_bos_down,1.35377000,18,1.35641000,1.35208000,false,off,independent,false,,,false,0.0000,none,0.0000,0.0000,none,0.0000,0.0000,0.0000,none,0.0000,0,0,0.0000,none,none,none,none,0.0000,0,0.0000,none,false,true,not_evaluated,true,required_light_or_anchor_flip,short_bias,1.35499000,2025.05.27 00:45:00,1.35725000,2025.05.27 09:15:00,2025.05.27 10:45:00,false,NONE,0.00000000,0.00000000,0.0000,-1,false,,-1,NONE,0.00000000,0.00000000,0.0000,0.0000,none,,none,false,NONE,-1,-1,-1,false,false,none,true,false,false,true,none,true,required,false,PERIOD_M5,,,-1,0.0000,false,0.00000000,0.0000,false,0.0000,false,none,none,false,no_anchor_flip_in_entry_direction,true,required_first_signal_only,SHORT,unknown,0.00000000,,0.00000000,,false,,-1,false,NONE,0.00000000,,0.00000000,0.0000,0.0000,none,-1,false,false,false,no_anchor_flip_in_entry_direction,,,,false,false,false,-1,-1,-1,-1,-1,false,false,false,0.0000,range_n,true,1.35745000,1.35208000,6.5374,false,0.0000,0.0000,0,none,true,0.7575,deep_618_786,0.120,diagnostic_only,diagnostic_only,diagnostic_only,shallow_pullback,24,0.370,true,none,0.520,high_quality,false,false,diagnostic_only,both,true,none,true,diagnostic_adjacent_detected,required_light,false,false,LONG,5,false,false,2,2025.05.27 13:50:00,2025.05.27 16:05:00,6,5.7460,0.00000000,1.35424000,1.35424000,false,false,none,0.00000000,false,0.0000,0.0000,false,1,0.0000,false,-1,0.00000000,0.0000,off,false,not_evaluated,none,0.0000,0.0000,none,false,false,false,0.0000,none,false,none,0.0000,false,none,4.0615,3.1444,1.2917,2.6016,false,no_shrink,0.0000,none,none,false,false,none,0.0000,0.0000,0.0000,0.0000,none,false,false,0.0000,0.0000,false,false,-1,none,none,false,0.000,0.000,1.35562000,1.35523647,1.35523647,recent_equal_lows,0.00012353,0.1103,neckline_level,1.35562000,0.4866,false,true,true,false,not_blocked,6,4,2,m5_failure_exit,off,none,0.00000000,0.0000,1.30,1.35391000,4.500,-0.300,0.200,PERIOD_M15,1.35491000,1.35327000,1.2744,outside,0.000,true,1.35536000,1.35648000,0.00112000,1.35391000,1.295,0.00053429,20.00,30-60,true,false,none,not_consumed,4.800,4.800,none,0.0000,false,neckline_retest_failed,false,not_invalidated,spread_too_high
2025.05.27 16:40:00,blocked,session_reversal_pullback_one_symbol_first120,GBPUSD,SHORT,2025.05.27 16:35:00,16,13,22,london_newyork_overlap,2025.05.27 13:00,35,first_120min,true,true,3,GBPUSD,highest_score_in_session_bar,london_newyork_overlap=USDJPY|EURJPY|GBPJPY|AUDJPY|EURUSD|GBPUSD,existing_first120_gate,london_newyork_overlap,false,false,true,passed_first_window,head_and_shoulders,neckline_break_retest,1.35562000,PERIOD_M5,PERIOD_H1,PERIOD_M15,PERIOD_M5,PERIOD_M5,false,htf_soft_alignment,current_post_filter,transcript_post_filter,dow_range_or_transition,ordered_dow_wave3_break_above_swing_high,dow_range_or_transition,ordered_dow_wave3_break_above_swing_high,false,false,true,SHORT,PERIOD_M5,head_and_shoulders,head_and_shoulders,4.500,none,0.000,head_and_shoulders,4.500,none,0.000,SHORT,false,PERIOD_H1_NONE_dow_range_or_transition|PERIOD_M15_LONG_ordered_dow_wave3_break_above_swing_high,true,h1_counter_m15_reversal,true,top_NONE_dow_range_or_transition|structure_LONG_ordered_dow_wave3_break_above_swing_high|structure_break_recent_confirmed_swing_break_failed|primary_break_recent_confirmed_swing_break_continuation,none,above_75sma_rising,below_75sma_falling,above_75sma_rising,-1,0.00000000,0,1.35669000,false,off,NONE,NONE,0.00000000,0.00000000,0.0000,none,0.000,true,SHORT,return_low_break_or_bos_down,1.35377000,18,1.35641000,1.35208000,false,off,independent,false,,,false,0.0000,none,0.0000,0.0000,none,0.0000,0.0000,0.0000,none,0.0000,0,0,0.0000,none,none,none,none,0.0000,0,0.0000,none,false,true,not_evaluated,true,required_light_or_anchor_flip,short_bias,1.35499000,2025.05.27 00:45:00,1.35725000,2025.05.27 09:15:00,2025.05.27 10:45:00,false,NONE,0.00000000,0.00000000,0.0000,-1,false,,-1,NONE,0.00000000,0.00000000,0.0000,0.0000,none,,none,false,NONE,-1,-1,-1,false,false,none,true,false,false,true,none,true,required,false,PERIOD_M5,,,-1,0.0000,false,0.00000000,0.0000,false,0.0000,false,none,none,false,no_anchor_flip_in_entry_direction,true,required_first_signal_only,SHORT,unknown,0.00000000,,0.00000000,,false,,-1,false,NONE,0.00000000,,0.00000000,0.0000,0.0000,none,-1,false,false,false,no_anchor_flip_in_entry_direction,,,,false,false,false,-1,-1,-1,-1,-1,false,false,false,0.0000,range_n,true,1.35745000,1.35208000,6.5374,false,0.0000,0.0000,0,none,true,0.7575,deep_618_786,0.120,diagnostic_only,diagnostic_only,diagnostic_only,shallow_pullback,24,0.370,true,none,0.520,high_quality,false,false,diagnostic_only,both,true,none,true,diagnostic_adjacent_detected,required_light,false,false,LONG,5,false,false,2,2025.05.27 13:50:00,2025.05.27 16:05:00,6,5.7460,0.00000000,1.35424000,1.35424000,false,false,none,0.00000000,false,0.0000,0.0000,false,1,0.0000,false,-1,0.00000000,0.0000,off,false,not_evaluated,none,0.0000,0.0000,none,false,false,false,0.0000,none,false,none,0.0000,false,none,4.0615,3.1444,1.2917,2.6016,false,no_shrink,0.0000,none,none,false,false,none,0.0000,0.0000,0.0000,0.0000,none,false,false,0.0000,0.0000,false,false,-1,none,none,false,0.000,0.000,1.35562000,1.35523647,1.35523647,recent_equal_lows,0.00012353,0.1103,neckline_level,1.35562000,0.4866,false,true,true,false,not_blocked,6,4,2,m5_failure_exit,off,none,0.00000000,0.0000,1.30,1.35391000,4.500,-0.300,0.200,PERIOD_M15,1.35491000,1.35327000,1.2744,outside,0.000,true,1.35536000,1.35648000,0.00112000,1.35391000,1.295,0.00053429,20.00,30-60,true,false,none,blocked_spread_too_high,4.800,4.800,none,0.0000,false,neckline_retest_failed,false,not_invalidated,spread_too_high
2025.05.28 04:05:00,signal,session_reversal_pullback_one_symbol_first120,GBPJPY,SHORT,2025.05.28 04:00:00,4,1,10,tokyo,2025.05.28 00:00,60,first_120min,false,true,3,GBPJPY,highest_score_in_session_bar,tokyo=USDJPY|EURJPY|GBPJPY|AUDJPY,existing_first120_gate,tokyo,true,false,true,passed_first_window,double_top,neckline_break_retest,194.85000000,PERIOD_M5,PERIOD_H1,PERIOD_M15,PERIOD_M5,PERIOD_M5,false,htf_soft_alignment,current_post_filter,transcript_post_filter,dow_range_or_transition,structure_trend_bias_dow_trend_down_ll_lh,dow_range_or_transition,structure_trend_bias_dow_trend_down_ll_lh,false,false,true,SHORT,PERIOD_M5,double_top,double_top,4.200,none,0.000,double_top,4.200,none,0.000,SHORT,false,PERIOD_H1_NONE_dow_range_or_transition|PERIOD_M15_SHORT_structure_trend_bias_dow_trend_down_ll_lh,true,h1_counter_m15_reversal,true,top_NONE_dow_range_or_transition|structure_SHORT_structure_trend_bias_dow_trend_down_ll_lh|structure_break_recent_confirmed_swing_break_retest|primary_break_recent_confirmed_swing_break_failed,none,above_75sma_rising,below_75sma_flat_or_rising,above_75sma_flat_or_falling,1,194.75100000,-1,0.00000000,false,off,NONE,NONE,0.00000000,0.00000000,0.0000,none,0.000,true,SHORT,return_low_break_or_bos_down,194.75100000,1,194.94100000,194.75100000,false,off,independent,false,,,false,0.0000,none,0.0000,0.0000,none,0.0000,0.0000,0.0000,none,0.0000,0,0,0.0000,none,none,none,none,0.0000,0,0.0000,none,false,true,not_evaluated,true,required_light_or_anchor_flip,short_bias,194.84800000,2025.05.27 22:45:00,194.99400000,2025.05.27 23:15:00,2025.05.28 00:00:00,false,NONE,0.00000000,0.00000000,0.0000,-1,false,,-1,NONE,0.00000000,0.00000000,0.0000,0.0000,none,,none,false,NONE,-1,-1,-1,false,false,none,true,false,false,true,none,true,required,false,PERIOD_M5,,,-1,0.0000,false,0.00000000,0.0000,false,0.0000,false,none,none,false,no_anchor_flip_in_entry_direction,true,required_first_signal_only,SHORT,unknown,0.00000000,,0.00000000,,false,,-1,false,NONE,0.00000000,,0.00000000,0.0000,0.0000,none,-1,false,false,false,no_anchor_flip_in_entry_direction,,,,false,false,false,-1,-1,-1,-1,-1,false,false,false,0.0000,falling_n,false,194.99400000,194.75100000,2.2802,false,0.0000,0.0000,0,none,true,0.6963,deep_618_786,0.120,diagnostic_only,diagnostic_only,diagnostic_only,shallow_pullback,6,0.360,true,none,0.510,high_quality,false,false,diagnostic_only,both,true,none,true,diagnostic_adjacent_detected,required_light,false,false,LONG,4,false,false,1,2025.05.28 01:00:00,2025.05.28 03:30:00,6,5.8365,0.00000000,194.47700000,194.47700000,false,false,none,0.00000000,false,0.0000,0.0000,false,1,0.0000,false,-1,0.00000000,0.0000,off,false,not_evaluated,none,0.0000,0.0000,none,false,false,false,0.0000,none,false,none,0.0000,false,none,5.8365,1.4088,4.1429,0.5535,false,no_shrink,0.0000,none,none,false,false,none,0.0000,0.0000,0.0000,0.0000,none,false,false,0.0000,0.0000,false,false,-1,none,none,false,0.000,0.000,194.85000000,194.77000000,0.00000000,none,0.00000000,0.0000,neckline_level,194.85000000,0.1635,true,false,false,false,not_blocked,0,0,0,m5_failure_exit,off,none,0.00000000,0.0000,1.30,194.77700000,4.200,0.350,0.200,PERIOD_M15,194.94100000,194.75100000,0.4526,preferred_382_618,0.000,true,194.83700000,194.88300000,0.04600000,194.77700000,1.304,0.07950000,38.00,60-90,true,false,none,not_consumed,5.300,5.300,none,0.0000,false,opposite_break_first,true,opposite_break_first,spread_too_high
2025.05.28 04:05:00,blocked,session_reversal_pullback_one_symbol_first120,GBPJPY,SHORT,2025.05.28 04:00:00,4,1,10,tokyo,2025.05.28 00:00,60,first_120min,false,true,3,GBPJPY,highest_score_in_session_bar,tokyo=USDJPY|EURJPY|GBPJPY|AUDJPY,existing_first120_gate,tokyo,true,false,true,passed_first_window,double_top,neckline_break_retest,194.85000000,PERIOD_M5,PERIOD_H1,PERIOD_M15,PERIOD_M5,PERIOD_M5,false,htf_soft_alignment,current_post_filter,transcript_post_filter,dow_range_or_transition,structure_trend_bias_dow_trend_down_ll_lh,dow_range_or_transition,structure_trend_bias_dow_trend_down_ll_lh,false,false,true,SHORT,PERIOD_M5,double_top,double_top,4.200,none,0.000,double_top,4.200,none,0.000,SHORT,false,PERIOD_H1_NONE_dow_range_or_transition|PERIOD_M15_SHORT_structure_trend_bias_dow_trend_down_ll_lh,true,h1_counter_m15_reversal,true,top_NONE_dow_range_or_transition|structure_SHORT_structure_trend_bias_dow_trend_down_ll_lh|structure_break_recent_confirmed_swing_break_retest|primary_break_recent_confirmed_swing_break_failed,none,above_75sma_rising,below_75sma_flat_or_rising,above_75sma_flat_or_falling,1,194.75100000,-1,0.00000000,false,off,NONE,NONE,0.00000000,0.00000000,0.0000,none,0.000,true,SHORT,return_low_break_or_bos_down,194.75100000,1,194.94100000,194.75100000,false,off,independent,false,,,false,0.0000,none,0.0000,0.0000,none,0.0000,0.0000,0.0000,none,0.0000,0,0,0.0000,none,none,none,none,0.0000,0,0.0000,none,false,true,not_evaluated,true,required_light_or_anchor_flip,short_bias,194.84800000,2025.05.27 22:45:00,194.99400000,2025.05.27 23:15:00,2025.05.28 00:00:00,false,NONE,0.00000000,0.00000000,0.0000,-1,false,,-1,NONE,0.00000000,0.00000000,0.0000,0.0000,none,,none,false,NONE,-1,-1,-1,false,false,none,true,false,false,true,none,true,required,false,PERIOD_M5,,,-1,0.0000,false,0.00000000,0.0000,false,0.0000,false,none,none,false,no_anchor_flip_in_entry_direction,true,required_first_signal_only,SHORT,unknown,0.00000000,,0.00000000,,false,,-1,false,NONE,0.00000000,,0.00000000,0.0000,0.0000,none,-1,false,false,false,no_anchor_flip_in_entry_direction,,,,false,false,false,-1,-1,-1,-1,-1,false,false,false,0.0000,falling_n,false,194.99400000,194.75100000,2.2802,false,0.0000,0.0000,0,none,true,0.6963,deep_618_786,0.120,diagnostic_only,diagnostic_only,diagnostic_only,shallow_pullback,6,0.360,true,none,0.510,high_quality,false,false,diagnostic_only,both,true,none,true,diagnostic_adjacent_detected,required_light,false,false,LONG,4,false,false,1,2025.05.28 01:00:00,2025.05.28 03:30:00,6,5.8365,0.00000000,194.47700000,194.47700000,false,false,none,0.00000000,false,0.0000,0.0000,false,1,0.0000,false,-1,0.00000000,0.0000,off,false,not_evaluated,none,0.0000,0.0000,none,false,false,false,0.0000,none,false,none,0.0000,false,none,5.8365,1.4088,4.1429,0.5535,false,no_shrink,0.0000,none,none,false,false,none,0.0000,0.0000,0.0000,0.0000,none,false,false,0.0000,0.0000,false,false,-1,none,none,false,0.000,0.000,194.85000000,194.77000000,0.00000000,none,0.00000000,0.0000,neckline_level,194.85000000,0.1635,true,false,false,false,not_blocked,0,0,0,m5_failure_exit,off,none,0.00000000,0.0000,1.30,194.77700000,4.200,0.350,0.200,PERIOD_M15,194.94100000,194.75100000,0.4526,preferred_382_618,0.000,true,194.83700000,194.88300000,0.04600000,194.77700000,1.304,0.07950000,38.00,60-90,true,false,none,blocked_spread_too_high,5.300,5.300,none,0.0000,false,opposite_break_first,true,opposite_break_first,spread_too_high
2025.05.28 10:10:00,signal,session_reversal_pullback_one_symbol_first120,USDJPY,SHORT,2025.05.28 10:05:00,10,7,16,london,2025.05.28 07:00,5,first_120min,true,true,3,USDJPY,highest_score_in_session_bar,london=USDJPY|EURJPY|GBPJPY|AUDJPY|EURUSD|GBPUSD,existing_first120_gate,london,false,false,true,passed_first_window,double_top,neckline_break_retest,144.37700000,PERIOD_M5,PERIOD_H1,PERIOD_M15,PERIOD_M5,PERIOD_M5,false,htf_soft_alignment,current_post_filter,transcript_post_filter,dow_trend_up_hh_hl,no_ordered_dow_wave3_break,dow_trend_up_hh_hl,no_ordered_dow_wave3_break,false,false,true,SHORT,PERIOD_M5,double_top,double_top,4.200,none,0.000,double_top,4.200,none,0.000,SHORT,false,PERIOD_H1_LONG_dow_trend_up_hh_hl|PERIOD_M15_NONE_no_ordered_dow_wave3_break,true,h1_counter_m15_reversal,true,top_LONG_dow_trend_up_hh_hl|structure_NONE_no_ordered_dow_wave3_break|structure_break_recent_confirmed_swing_break_failed|primary_break_recent_confirmed_swing_break_retest,none,above_75sma_rising,above_75sma_rising,below_75sma_flat_or_rising,-1,0.00000000,0,144.30200000,false,off,NONE,NONE,0.00000000,0.00000000,0.0000,none,0.000,true,SHORT,return_low_break_or_bos_down,144.16700000,24,144.76100000,144.26600000,false,off,independent,false,,,false,0.0000,none,0.0000,0.0000,none,0.0000,0.0000,0.0000,none,0.0000,0,0,0.0000,none,none,none,none,0.0000,0,0.0000,none,false,true,not_evaluated,true,required_light_or_anchor_flip,short_bias,144.30200000,2025.05.28 07:45:00,144.76100000,2025.05.28 08:15:00,2025.05.28 09:00:00,false,NONE,0.00000000,0.00000000,0.0000,-1,false,,-1,NONE,0.00000000,0.00000000,0.0000,0.0000,none,,none,false,NONE,-1,-1,-1,false,false,none,true,false,false,true,none,true,required,false,PERIOD_M5,,,-1,0.0000,false,0.00000000,0.0000,false,0.0000,false,none,none,false,no_anchor_flip_in_entry_direction,true,required_first_signal_only,SHORT,unknown,0.00000000,,0.00000000,,false,,-1,false,NONE,0.00000000,,0.00000000,0.0000,0.0000,none,-1,false,false,false,no_anchor_flip_in_entry_direction,,,,false,false,false,-1,-1,-1,-1,-1,false,false,false,0.0000,range_n,true,144.76100000,144.21500000,2.8966,false,0.0000,0.0000,0,none,true,0.3857,preferred_382_618,0.200,diagnostic_only,diagnostic_only,diagnostic_only,shallow_pullback,6,0.440,true,none,0.590,high_quality,false,false,diagnostic_only,both,true,none,true,diagnostic_adjacent_detected,required_light,false,false,LONG,5,false,false,0,2025.05.28 07:45:00,2025.05.28 09:25:00,8,4.8015,0.00000000,144.21500000,144.21500000,false,false,none,0.00000000,false,0.0000,0.0000,false,1,0.0000,false,-1,0.00000000,0.0000,off,false,not_evaluated,none,0.0000,0.0000,none,false,false,false,0.0000,none,false,none,0.0000,false,none,1.4510,4.0364,0.3595,0.0000,true,strong_exhaustion,0.0000,none,none,false,false,none,0.0000,0.0000,0.0000,0.0000,none,false,false,0.0000,0.0000,false,false,-1,none,none,false,0.000,0.000,144.24600000,144.21500000,144.21500000,pre_session_low,0.00600000,0.0246,session_low|opening_range_low|neckline_level,144.19400000,0.2374,false,true,true,false,not_blocked,2,1,1,m5_failure_exit,off,none,0.00000000,0.0000,1.30,143.90300000,4.200,-0.300,0.200,PERIOD_M15,144.76100000,144.26600000,-0.0909,outside,0.000,true,144.22100000,144.46500000,0.24400000,143.90300000,1.303,0.11371429,17.00,0-30,true,false,none,not_consumed,4.500,4.500,none,0.0000,false,neckline_retest_failed,false,not_invalidated,
2025.05.28 10:10:00,order_sent,session_reversal_pullback_one_symbol_first120,USDJPY,SHORT,2025.05.28 10:05:00,10,7,16,london,2025.05.28 07:00,5,first_120min,true,true,3,USDJPY,highest_score_in_session_bar,london=USDJPY|EURJPY|GBPJPY|AUDJPY|EURUSD|GBPUSD,existing_first120_gate,london,false,false,true,passed_first_window,double_top,neckline_break_retest,144.37700000,PERIOD_M5,PERIOD_H1,PERIOD_M15,PERIOD_M5,PERIOD_M5,false,htf_soft_alignment,current_post_filter,transcript_post_filter,dow_trend_up_hh_hl,no_ordered_dow_wave3_break,dow_trend_up_hh_hl,no_ordered_dow_wave3_break,false,false,true,SHORT,PERIOD_M5,double_top,double_top,4.200,none,0.000,double_top,4.200,none,0.000,SHORT,false,PERIOD_H1_LONG_dow_trend_up_hh_hl|PERIOD_M15_NONE_no_ordered_dow_wave3_break,true,h1_counter_m15_reversal,true,top_LONG_dow_trend_up_hh_hl|structure_NONE_no_ordered_dow_wave3_break|structure_break_recent_confirmed_swing_break_failed|primary_break_recent_confirmed_swing_break_retest,none,above_75sma_rising,above_75sma_rising,below_75sma_flat_or_rising,-1,0.00000000,0,144.30200000,false,off,NONE,NONE,0.00000000,0.00000000,0.0000,none,0.000,true,SHORT,return_low_break_or_bos_down,144.16700000,24,144.76100000,144.26600000,false,off,independent,false,,,false,0.0000,none,0.0000,0.0000,none,0.0000,0.0000,0.0000,none,0.0000,0,0,0.0000,none,none,none,none,0.0000,0,0.0000,none,false,true,not_evaluated,true,required_light_or_anchor_flip,short_bias,144.30200000,2025.05.28 07:45:00,144.76100000,2025.05.28 08:15:00,2025.05.28 09:00:00,false,NONE,0.00000000,0.00000000,0.0000,-1,false,,-1,NONE,0.00000000,0.00000000,0.0000,0.0000,none,,none,false,NONE,-1,-1,-1,false,false,none,true,false,false,true,none,true,required,false,PERIOD_M5,,,-1,0.0000,false,0.00000000,0.0000,false,0.0000,false,none,none,false,no_anchor_flip_in_entry_direction,true,required_first_signal_only,SHORT,unknown,0.00000000,,0.00000000,,false,,-1,false,NONE,0.00000000,,0.00000000,0.0000,0.0000,none,-1,false,false,false,no_anchor_flip_in_entry_direction,,,,false,false,false,-1,-1,-1,-1,-1,false,false,false,0.0000,range_n,true,144.76100000,144.21500000,2.8966,false,0.0000,0.0000,0,none,true,0.3857,preferred_382_618,0.200,diagnostic_only,diagnostic_only,diagnostic_only,shallow_pullback,6,0.440,true,none,0.590,high_quality,false,false,diagnostic_only,both,true,none,true,diagnostic_adjacent_detected,required_light,false,false,LONG,5,false,false,0,2025.05.28 07:45:00,2025.05.28 09:25:00,8,4.8015,0.00000000,144.21500000,144.21500000,false,false,none,0.00000000,false,0.0000,0.0000,false,1,0.0000,false,-1,0.00000000,0.0000,off,false,not_evaluated,none,0.0000,0.0000,none,false,false,false,0.0000,none,false,none,0.0000,false,none,1.4510,4.0364,0.3595,0.0000,true,strong_exhaustion,0.0000,none,none,false,false,none,0.0000,0.0000,0.0000,0.0000,none,false,false,0.0000,0.0000,false,false,-1,none,none,false,0.000,0.000,144.24600000,144.21500000,144.21500000,pre_session_low,0.00600000,0.0246,session_low|opening_range_low|neckline_level,144.19400000,0.2374,false,true,true,false,not_blocked,2,1,1,m5_failure_exit,off,none,0.00000000,0.0000,1.30,143.90300000,4.200,-0.300,0.200,PERIOD_M15,144.76100000,144.26600000,-0.0909,outside,0.000,true,144.22100000,144.46500000,0.24400000,143.90300000,1.303,0.11371429,17.00,0-30,true,false,none,order_sent,4.500,4.500,none,0.0000,false,neckline_retest_failed,false,not_invalidated,
2025.05.28 16:35:00,signal,session_reversal_pullback_one_symbol_first120,AUDJPY,SHORT,2025.05.28 16:30:00,16,13,22,london_newyork_overlap,2025.05.28 13:00,30,first_120min,true,true,3,AUDJPY,highest_score_in_session_bar,london_newyork_overlap=USDJPY|EURJPY|GBPJPY|AUDJPY|EURUSD|GBPUSD,existing_first120_gate,london_newyork_overlap,true,false,true,passed_first_window,double_top,neckline_break_retest,92.90100000,PERIOD_M5,PERIOD_H1,PERIOD_M15,PERIOD_M5,PERIOD_M5,false,htf_soft_alignment,current_post_filter,transcript_post_filter,dow_trend_up_hh_hl,structure_trend_bias_dow_trend_up_hh_hl,dow_trend_up_hh_hl,structure_trend_bias_dow_trend_up_hh_hl,false,false,true,SHORT,PERIOD_M5,double_top,double_top,4.200,none,0.000,double_top,4.200,none,0.000,SHORT,true,PERIOD_H1_LONG_dow_trend_up_hh_hl|PERIOD_M15_LONG_structure_trend_bias_dow_trend_up_hh_hl,true,h1_counter_m15_reversal,true,top_LONG_dow_trend_up_hh_hl|structure_LONG_structure_trend_bias_dow_trend_up_hh_hl|structure_break_recent_confirmed_swing_break_retest|primary_break_recent_confirmed_swing_break_failed,none,above_75sma_rising,below_75sma_falling,above_75sma_flat_or_falling,0,92.82400000,-1,0.00000000,false,off,NONE,NONE,0.00000000,0.00000000,0.0000,none,0.000,true,SHORT,return_low_break_or_bos_down,92.82400000,0,93.00000000,92.82400000,false,off,independent,false,,,false,0.0000,none,0.0000,0.0000,none,0.0000,0.0000,0.0000,none,0.0000,0,0,0.0000,none,none,none,none,0.0000,0,0.0000,none,false,true,not_evaluated,true,required_light_or_anchor_flip,bias_flip_down,92.82400000,2025.05.28 14:15:00,92.92300000,2025.05.28 13:45:00,2025.05.28 15:00:00,true,SHORT,92.82400000,92.79000000,0.5354,2,true,2025.05.28 15:45:00,2,SHORT,92.82400000,92.79000000,0.5354,1.5118,strong,2025.05.28 16:15:00,first_after_anchor,true,SHORT,2,0,2,true,false,fresh_0_4,true,false,false,true,none,true,required,true,PERIOD_M5,2025.05.28 15:50:00,2025.05.28 15:50:00,9,0.9436,true,92.82400000,0.9436,false,0.0000,true,m5_bos_down_after_anchor_retest,retest_reconfirm,true,none,true,required_first_signal_only,SHORT,unknown,0.00000000,,0.00000000,,false,,-1,false,NONE,0.00000000,,0.00000000,0.0000,0.0000,none,-1,false,false,false,insufficient_confirmed_m5_pivots,AUDJPY|SHORT|1748447100|92.824,,,false,false,false,-1,-1,-1,-1,-1,false,false,false,0.0000,range_n,true,93.00000000,92.82300000,2.7874,true,1.5118,0.3143,2,strong,true,0.6109,preferred_382_618,0.200,diagnostic_only,diagnostic_only,diagnostic_only,fib_pullback,5,0.440,true,none,0.590,high_quality,false,false,diagnostic_only,both,true,none,true,diagnostic_adjacent_detected,required_light,false,false,LONG,5,false,false,1,2025.05.28 13:55:00,2025.05.28 16:05:00,5,4.0662,0.00000000,92.76300000,92.76300000,false,false,none,0.00000000,false,0.0000,0.0000,false,1,0.0000,false,-1,0.00000000,0.0000,off,false,not_evaluated,none,0.0000,0.0000,none,false,false,false,0.0000,none,false,none,0.0000,false,none,4.0662,1.6985,2.3939,1.3211,false,no_shrink,0.0000,none,none,false,false,none,0.0000,0.0000,0.0000,0.0000,none,false,false,0.0000,0.0000,false,false,-1,none,none,false,0.000,0.000,92.90100000,92.87144444,92.87144444,recent_equal_highs,0.02855556,0.4138,neckline_level,92.90100000,0.0172,false,true,true,false,not_blocked,4,2,2,m5_failure_exit,off,none,0.00000000,0.0000,1.30,92.81000000,4.200,-0.300,0.200,PERIOD_M15,93.00000000,92.82400000,0.4318,preferred_382_618,0.000,true,92.90000000,92.96900000,0.06900000,92.81000000,1.304,0.05828571,28.00,30-60,true,false,none,not_consumed,4.650,4.650,none,0.0000,false,opposite_break_first,true,opposite_break_first,spread_too_high
2025.05.28 16:35:00,blocked,session_reversal_pullback_one_symbol_first120,AUDJPY,SHORT,2025.05.28 16:30:00,16,13,22,london_newyork_overlap,2025.05.28 13:00,30,first_120min,true,true,3,AUDJPY,highest_score_in_session_bar,london_newyork_overlap=USDJPY|EURJPY|GBPJPY|AUDJPY|EURUSD|GBPUSD,existing_first120_gate,london_newyork_overlap,true,false,true,passed_first_window,double_top,neckline_break_retest,92.90100000,PERIOD_M5,PERIOD_H1,PERIOD_M15,PERIOD_M5,PERIOD_M5,false,htf_soft_alignment,current_post_filter,transcript_post_filter,dow_trend_up_hh_hl,structure_trend_bias_dow_trend_up_hh_hl,dow_trend_up_hh_hl,structure_trend_bias_dow_trend_up_hh_hl,false,false,true,SHORT,PERIOD_M5,double_top,double_top,4.200,none,0.000,double_top,4.200,none,0.000,SHORT,true,PERIOD_H1_LONG_dow_trend_up_hh_hl|PERIOD_M15_LONG_structure_trend_bias_dow_trend_up_hh_hl,true,h1_counter_m15_reversal,true,top_LONG_dow_trend_up_hh_hl|structure_LONG_structure_trend_bias_dow_trend_up_hh_hl|structure_break_recent_confirmed_swing_break_retest|primary_break_recent_confirmed_swing_break_failed,none,above_75sma_rising,below_75sma_falling,above_75sma_flat_or_falling,0,92.82400000,-1,0.00000000,false,off,NONE,NONE,0.00000000,0.00000000,0.0000,none,0.000,true,SHORT,return_low_break_or_bos_down,92.82400000,0,93.00000000,92.82400000,false,off,independent,false,,,false,0.0000,none,0.0000,0.0000,none,0.0000,0.0000,0.0000,none,0.0000,0,0,0.0000,none,none,none,none,0.0000,0,0.0000,none,false,true,not_evaluated,true,required_light_or_anchor_flip,bias_flip_down,92.82400000,2025.05.28 14:15:00,92.92300000,2025.05.28 13:45:00,2025.05.28 15:00:00,true,SHORT,92.82400000,92.79000000,0.5354,2,true,2025.05.28 15:45:00,2,SHORT,92.82400000,92.79000000,0.5354,1.5118,strong,2025.05.28 16:15:00,first_after_anchor,true,SHORT,2,0,2,true,false,fresh_0_4,true,false,false,true,none,true,required,true,PERIOD_M5,2025.05.28 15:50:00,2025.05.28 15:50:00,9,0.9436,true,92.82400000,0.9436,false,0.0000,true,m5_bos_down_after_anchor_retest,retest_reconfirm,true,none,true,required_first_signal_only,SHORT,unknown,0.00000000,,0.00000000,,false,,-1,false,NONE,0.00000000,,0.00000000,0.0000,0.0000,none,-1,false,false,false,insufficient_confirmed_m5_pivots,AUDJPY|SHORT|1748447100|92.824,,,false,false,false,-1,-1,-1,-1,-1,false,false,false,0.0000,range_n,true,93.00000000,92.82300000,2.7874,true,1.5118,0.3143,2,strong,true,0.6109,preferred_382_618,0.200,diagnostic_only,diagnostic_only,diagnostic_only,fib_pullback,5,0.440,true,none,0.590,high_quality,false,false,diagnostic_only,both,true,none,true,diagnostic_adjacent_detected,required_light,false,false,LONG,5,false,false,1,2025.05.28 13:55:00,2025.05.28 16:05:00,5,4.0662,0.00000000,92.76300000,92.76300000,false,false,none,0.00000000,false,0.0000,0.0000,false,1,0.0000,false,-1,0.00000000,0.0000,off,false,not_evaluated,none,0.0000,0.0000,none,false,false,false,0.0000,none,false,none,0.0000,false,none,4.0662,1.6985,2.3939,1.3211,false,no_shrink,0.0000,none,none,false,false,none,0.0000,0.0000,0.0000,0.0000,none,false,false,0.0000,0.0000,false,false,-1,none,none,false,0.000,0.000,92.90100000,92.87144444,92.87144444,recent_equal_highs,0.02855556,0.4138,neckline_level,92.90100000,0.0172,false,true,true,false,not_blocked,4,2,2,m5_failure_exit,off,none,0.00000000,0.0000,1.30,92.81000000,4.200,-0.300,0.200,PERIOD_M15,93.00000000,92.82400000,0.4318,preferred_382_618,0.000,true,92.90000000,92.96900000,0.06900000,92.81000000,1.304,0.05828571,28.00,30-60,true,false,none,blocked_spread_too_high,4.650,4.650,none,0.0000,false,opposite_break_first,true,opposite_break_first,spread_too_high
2025.05.29 16:45:00,signal,session_reversal_pullback_one_symbol_first120,EURJPY,SHORT,2025.05.29 16:40:00,16,13,22,london_newyork_overlap,2025.05.29 13:00,40,first_120min,true,true,3,EURJPY,highest_score_in_session_bar,london_newyork_overlap=USDJPY|EURJPY|GBPJPY|AUDJPY|EURUSD|GBPUSD,existing_first120_gate,london_newyork_overlap,false,false,true,passed_first_window,head_and_shoulders,neckline_break_retest,163.79500000,PERIOD_M5,PERIOD_H1,PERIOD_M15,PERIOD_M5,PERIOD_M5,false,htf_soft_alignment,current_post_filter,transcript_post_filter,dow_trend_up_hh_hl,structure_trend_bias_dow_trend_down_ll_lh,dow_trend_up_hh_hl,structure_trend_bias_dow_trend_down_ll_lh,false,false,true,SHORT,PERIOD_M5,head_and_shoulders,head_and_shoulders,4.500,none,0.000,head_and_shoulders,4.500,none,0.000,SHORT,false,PERIOD_H1_LONG_dow_trend_up_hh_hl|PERIOD_M15_SHORT_structure_trend_bias_dow_trend_down_ll_lh,true,h1_counter_m15_reversal,true,top_LONG_dow_trend_up_hh_hl|structure_SHORT_structure_trend_bias_dow_trend_down_ll_lh|structure_break_recent_confirmed_swing_break_failed|primary_break_recent_confirmed_swing_break_continuation,none,above_75sma_rising,below_75sma_flat_or_rising,above_75sma_flat_or_falling,-1,0.00000000,0,163.90800000,false,off,NONE,NONE,0.00000000,0.00000000,0.0000,none,0.000,true,SHORT,return_low_break_or_bos_down,163.60300000,5,164.01500000,163.33300000,false,off,independent,false,,,false,0.0000,none,0.0000,0.0000,none,0.0000,0.0000,0.0000,none,0.0000,0,0,0.0000,none,none,none,none,0.0000,0,0.0000,none,false,true,not_evaluated,true,required_light_or_anchor_flip,bias_flip_up,163.60700000,2025.05.29 12:30:00,163.80300000,2025.05.29 13:00:00,2025.05.29 15:00:00,true,LONG,163.80300000,163.90400000,0.6486,3,true,2025.05.29 15:45:00,3,LONG,163.80300000,163.90400000,0.6486,1.2459,strong,2025.05.29 16:15:00,first_after_anchor,true,LONG,3,1,3,true,false,fresh_0_4,false,true,false,true,none,true,required,false,PERIOD_M5,,,-1,0.0000,false,0.00000000,0.0000,false,0.0000,false,none,none,false,no_anchor_flip_in_entry_direction,true,required_first_signal_only,SHORT,unknown,0.00000000,,0.00000000,,false,,-1,false,NONE,0.00000000,,0.00000000,0.0000,0.0000,none,-1,false,false,false,no_anchor_flip_in_entry_direction,,,,false,false,false,-1,-1,-1,-1,-1,false,false,false,0.0000,range_n,true,164.24800000,163.33300000,5.8761,true,1.2459,0.1602,2,strong,true,0.6496,deep_618_786,0.120,diagnostic_only,diagnostic_only,diagnostic_only,shallow_pullback,24,0.370,true,none,0.520,high_quality,false,false,diagnostic_only,both,true,none,true,diagnostic_adjacent_detected,required_light,false,false,LONG,6,false,false,1,2025.05.29 14:40:00,2025.05.29 16:05:00,7,7.7500,0.00000000,163.33300000,163.33300000,false,false,none,0.00000000,false,0.0000,0.0000,false,1,0.0000,false,-1,0.00000000,0.0000,off,false,not_evaluated,none,0.0000,0.0000,none,false,false,false,0.0000,none,false,none,0.0000,false,none,7.7500,1.4205,5.4560,5.3864,false,no_shrink,0.0000,none,none,false,false,none,0.0000,0.0000,0.0000,0.0000,none,false,false,0.0000,0.0000,false,false,-1,none,none,false,0.000,0.000,163.79500000,163.77100000,163.77100000,wick_cluster_zone,0.00500000,0.0316,opening_range_low|neckline_level,163.77100000,0.0568,false,true,true,false,not_blocked,2,1,1,m5_failure_exit,off,none,0.00000000,0.0000,1.30,163.57100000,4.500,-0.300,0.200,PERIOD_M15,163.80300000,163.33300000,0.9426,outside,0.000,true,163.77600000,163.93400000,0.15800000,163.57100000,1.297,0.08800000,30.00,30-60,true,false,none,not_consumed,4.800,4.800,none,0.0000,false,opposite_break_first,true,opposite_break_first,spread_too_high
2025.05.29 16:45:00,blocked,session_reversal_pullback_one_symbol_first120,EURJPY,SHORT,2025.05.29 16:40:00,16,13,22,london_newyork_overlap,2025.05.29 13:00,40,first_120min,true,true,3,EURJPY,highest_score_in_session_bar,london_newyork_overlap=USDJPY|EURJPY|GBPJPY|AUDJPY|EURUSD|GBPUSD,existing_first120_gate,london_newyork_overlap,false,false,true,passed_first_window,head_and_shoulders,neckline_break_retest,163.79500000,PERIOD_M5,PERIOD_H1,PERIOD_M15,PERIOD_M5,PERIOD_M5,false,htf_soft_alignment,current_post_filter,transcript_post_filter,dow_trend_up_hh_hl,structure_trend_bias_dow_trend_down_ll_lh,dow_trend_up_hh_hl,structure_trend_bias_dow_trend_down_ll_lh,false,false,true,SHORT,PERIOD_M5,head_and_shoulders,head_and_shoulders,4.500,none,0.000,head_and_shoulders,4.500,none,0.000,SHORT,false,PERIOD_H1_LONG_dow_trend_up_hh_hl|PERIOD_M15_SHORT_structure_trend_bias_dow_trend_down_ll_lh,true,h1_counter_m15_reversal,true,top_LONG_dow_trend_up_hh_hl|structure_SHORT_structure_trend_bias_dow_trend_down_ll_lh|structure_break_recent_confirmed_swing_break_failed|primary_break_recent_confirmed_swing_break_continuation,none,above_75sma_rising,below_75sma_flat_or_rising,above_75sma_flat_or_falling,-1,0.00000000,0,163.90800000,false,off,NONE,NONE,0.00000000,0.00000000,0.0000,none,0.000,true,SHORT,return_low_break_or_bos_down,163.60300000,5,164.01500000,163.33300000,false,off,independent,false,,,false,0.0000,none,0.0000,0.0000,none,0.0000,0.0000,0.0000,none,0.0000,0,0,0.0000,none,none,none,none,0.0000,0,0.0000,none,false,true,not_evaluated,true,required_light_or_anchor_flip,bias_flip_up,163.60700000,2025.05.29 12:30:00,163.80300000,2025.05.29 13:00:00,2025.05.29 15:00:00,true,LONG,163.80300000,163.90400000,0.6486,3,true,2025.05.29 15:45:00,3,LONG,163.80300000,163.90400000,0.6486,1.2459,strong,2025.05.29 16:15:00,first_after_anchor,true,LONG,3,1,3,true,false,fresh_0_4,false,true,false,true,none,true,required,false,PERIOD_M5,,,-1,0.0000,false,0.00000000,0.0000,false,0.0000,false,none,none,false,no_anchor_flip_in_entry_direction,true,required_first_signal_only,SHORT,unknown,0.00000000,,0.00000000,,false,,-1,false,NONE,0.00000000,,0.00000000,0.0000,0.0000,none,-1,false,false,false,no_anchor_flip_in_entry_direction,,,,false,false,false,-1,-1,-1,-1,-1,false,false,false,0.0000,range_n,true,164.24800000,163.33300000,5.8761,true,1.2459,0.1602,2,strong,true,0.6496,deep_618_786,0.120,diagnostic_only,diagnostic_only,diagnostic_only,shallow_pullback,24,0.370,true,none,0.520,high_quality,false,false,diagnostic_only,both,true,none,true,diagnostic_adjacent_detected,required_light,false,false,LONG,6,false,false,1,2025.05.29 14:40:00,2025.05.29 16:05:00,7,7.7500,0.00000000,163.33300000,163.33300000,false,false,none,0.00000000,false,0.0000,0.0000,false,1,0.0000,false,-1,0.00000000,0.0000,off,false,not_evaluated,none,0.0000,0.0000,none,false,false,false,0.0000,none,false,none,0.0000,false,none,7.7500,1.4205,5.4560,5.3864,false,no_shrink,0.0000,none,none,false,false,none,0.0000,0.0000,0.0000,0.0000,none,false,false,0.0000,0.0000,false,false,-1,none,none,false,0.000,0.000,163.79500000,163.77100000,163.77100000,wick_cluster_zone,0.00500000,0.0316,opening_range_low|neckline_level,163.77100000,0.0568,false,true,true,false,not_blocked,2,1,1,m5_failure_exit,off,none,0.00000000,0.0000,1.30,163.57100000,4.500,-0.300,0.200,PERIOD_M15,163.80300000,163.33300000,0.9426,outside,0.000,true,163.77600000,163.93400000,0.15800000,163.57100000,1.297,0.08800000,30.00,30-60,true,false,none,blocked_spread_too_high,4.800,4.800,none,0.0000,false,opposite_break_first,true,opposite_break_first,spread_too_high
2025.05.30 10:30:00,signal,session_reversal_pullback_one_symbol_first120,AUDJPY,SHORT,2025.05.30 10:25:00,10,7,16,london,2025.05.30 07:00,25,first_120min,true,true,3,AUDJPY,highest_score_in_session_bar,london=USDJPY|EURJPY|GBPJPY|AUDJPY|EURUSD|GBPUSD,existing_first120_gate,london,true,false,true,passed_first_window,double_top,neckline_break_retest,92.45200000,PERIOD_M5,PERIOD_H1,PERIOD_M15,PERIOD_M5,PERIOD_M5,false,htf_soft_alignment,current_post_filter,transcript_post_filter,dow_range_or_transition,no_ordered_dow_wave3_break,dow_range_or_transition,no_ordered_dow_wave3_break,false,false,true,SHORT,PERIOD_M5,double_top,double_top,4.200,none,0.000,double_top,4.200,none,0.000,SHORT,false,PERIOD_H1_NONE_dow_range_or_transition|PERIOD_M15_NONE_no_ordered_dow_wave3_break,true,h1_counter_m15_reversal,true,top_NONE_dow_range_or_transition|structure_NONE_no_ordered_dow_wave3_break|structure_break_recent_confirmed_swing_break_failed|primary_break_recent_confirmed_swing_break_continuation,none,below_75sma_flat_or_rising,below_75sma_falling,below_75sma_falling,-1,0.00000000,0,92.48400000,false,off,NONE,NONE,0.00000000,0.00000000,0.0000,none,0.000,true,SHORT,return_low_break_or_bos_down,92.35400000,1,92.67300000,92.35400000,false,off,independent,false,,,false,0.0000,none,0.0000,0.0000,none,0.0000,0.0000,0.0000,none,0.0000,0,0,0.0000,none,none,none,none,0.0000,0,0.0000,none,false,true,not_evaluated,true,required_light_or_anchor_flip,bias_flip_down,92.35400000,2025.05.30 07:00:00,92.54500000,2025.05.30 06:00:00,2025.05.30 09:00:00,true,SHORT,92.35400000,92.31700000,0.3310,1,true,2025.05.30 10:00:00,1,SHORT,92.35400000,92.31700000,0.3310,0.6262,normal,2025.05.30 10:00:00,first_after_anchor,true,SHORT,1,1,1,true,false,fresh_0_4,true,false,false,true,none,true,required,true,PERIOD_M5,2025.05.30 10:05:00,2025.05.30 10:05:00,5,0.2368,true,92.35400000,0.2368,false,0.0000,false,none,retest_only,true,none,true,required_first_signal_only,SHORT,unknown,0.00000000,,0.00000000,,false,,-1,false,NONE,0.00000000,,0.00000000,0.0000,0.0000,none,-1,false,false,false,insufficient_confirmed_m5_pivots,AUDJPY|SHORT|1748599200|92.354,,,false,false,false,-1,-1,-1,-1,-1,false,false,false,0.0000,range_n,true,92.67300000,92.35400000,2.8537,true,0.6262,0.4444,0,normal,true,0.4490,preferred_382_618,0.200,diagnostic_only,diagnostic_only,diagnostic_only,fib_pullback,5,0.440,true,none,0.590,high_quality,false,false,diagnostic_only,both,true,none,true,diagnostic_adjacent_detected,required_light,false,false,LONG,6,false,false,1,2025.05.30 08:45:00,2025.05.30 10:05:00,4,6.5028,0.00000000,92.26100000,92.26100000,false,false,none,0.00000000,false,0.0000,0.0000,false,1,0.0000,false,-1,0.00000000,0.0000,off,false,not_evaluated,none,0.0000,0.0000,none,false,false,false,0.0000,none,false,none,0.0000,false,none,6.5028,2.7306,2.3815,0.2525,false,no_shrink,0.0000,none,none,false,false,none,0.0000,0.0000,0.0000,0.0000,none,false,false,0.0000,0.0000,false,false,-1,none,none,false,0.000,0.000,92.44900000,92.41600000,92.41600000,failed_breakout_level,0.03000000,0.2542,neckline_level,92.45200000,0.0947,false,true,true,false,not_blocked,6,3,3,m5_failure_exit,off,none,0.00000000,0.0000,1.30,92.29200000,4.200,-0.300,0.200,PERIOD_M15,92.67300000,92.35400000,0.2884,outside,0.000,true,92.44600000,92.56400000,0.11800000,92.29200000,1.305,0.06335714,28.00,0-30,true,false,none,not_consumed,4.500,4.500,none,0.0000,false,opposite_break_first,true,opposite_break_first,spread_too_high
2025.05.30 10:30:00,blocked,session_reversal_pullback_one_symbol_first120,AUDJPY,SHORT,2025.05.30 10:25:00,10,7,16,london,2025.05.30 07:00,25,first_120min,true,true,3,AUDJPY,highest_score_in_session_bar,london=USDJPY|EURJPY|GBPJPY|AUDJPY|EURUSD|GBPUSD,existing_first120_gate,london,true,false,true,passed_first_window,double_top,neckline_break_retest,92.45200000,PERIOD_M5,PERIOD_H1,PERIOD_M15,PERIOD_M5,PERIOD_M5,false,htf_soft_alignment,current_post_filter,transcript_post_filter,dow_range_or_transition,no_ordered_dow_wave3_break,dow_range_or_transition,no_ordered_dow_wave3_break,false,false,true,SHORT,PERIOD_M5,double_top,double_top,4.200,none,0.000,double_top,4.200,none,0.000,SHORT,false,PERIOD_H1_NONE_dow_range_or_transition|PERIOD_M15_NONE_no_ordered_dow_wave3_break,true,h1_counter_m15_reversal,true,top_NONE_dow_range_or_transition|structure_NONE_no_ordered_dow_wave3_break|structure_break_recent_confirmed_swing_break_failed|primary_break_recent_confirmed_swing_break_continuation,none,below_75sma_flat_or_rising,below_75sma_falling,below_75sma_falling,-1,0.00000000,0,92.48400000,false,off,NONE,NONE,0.00000000,0.00000000,0.0000,none,0.000,true,SHORT,return_low_break_or_bos_down,92.35400000,1,92.67300000,92.35400000,false,off,independent,false,,,false,0.0000,none,0.0000,0.0000,none,0.0000,0.0000,0.0000,none,0.0000,0,0,0.0000,none,none,none,none,0.0000,0,0.0000,none,false,true,not_evaluated,true,required_light_or_anchor_flip,bias_flip_down,92.35400000,2025.05.30 07:00:00,92.54500000,2025.05.30 06:00:00,2025.05.30 09:00:00,true,SHORT,92.35400000,92.31700000,0.3310,1,true,2025.05.30 10:00:00,1,SHORT,92.35400000,92.31700000,0.3310,0.6262,normal,2025.05.30 10:00:00,first_after_anchor,true,SHORT,1,1,1,true,false,fresh_0_4,true,false,false,true,none,true,required,true,PERIOD_M5,2025.05.30 10:05:00,2025.05.30 10:05:00,5,0.2368,true,92.35400000,0.2368,false,0.0000,false,none,retest_only,true,none,true,required_first_signal_only,SHORT,unknown,0.00000000,,0.00000000,,false,,-1,false,NONE,0.00000000,,0.00000000,0.0000,0.0000,none,-1,false,false,false,insufficient_confirmed_m5_pivots,AUDJPY|SHORT|1748599200|92.354,,,false,false,false,-1,-1,-1,-1,-1,false,false,false,0.0000,range_n,true,92.67300000,92.35400000,2.8537,true,0.6262,0.4444,0,normal,true,0.4490,preferred_382_618,0.200,diagnostic_only,diagnostic_only,diagnostic_only,fib_pullback,5,0.440,true,none,0.590,high_quality,false,false,diagnostic_only,both,true,none,true,diagnostic_adjacent_detected,required_light,false,false,LONG,6,false,false,1,2025.05.30 08:45:00,2025.05.30 10:05:00,4,6.5028,0.00000000,92.26100000,92.26100000,false,false,none,0.00000000,false,0.0000,0.0000,false,1,0.0000,false,-1,0.00000000,0.0000,off,false,not_evaluated,none,0.0000,0.0000,none,false,false,false,0.0000,none,false,none,0.0000,false,none,6.5028,2.7306,2.3815,0.2525,false,no_shrink,0.0000,none,none,false,false,none,0.0000,0.0000,0.0000,0.0000,none,false,false,0.0000,0.0000,false,false,-1,none,none,false,0.000,0.000,92.44900000,92.41600000,92.41600000,failed_breakout_level,0.03000000,0.2542,neckline_level,92.45200000,0.0947,false,true,true,false,not_blocked,6,3,3,m5_failure_exit,off,none,0.00000000,0.0000,1.30,92.29200000,4.200,-0.300,0.200,PERIOD_M15,92.67300000,92.35400000,0.2884,outside,0.000,true,92.44600000,92.56400000,0.11800000,92.29200000,1.305,0.06335714,28.00,0-30,true,false,none,blocked_spread_too_high,4.500,4.500,none,0.0000,false,opposite_break_first,true,opposite_break_first,spread_too_high
2025.05.30 16:40:00,signal,session_reversal_pullback_one_symbol_first120,EURUSD,SHORT,2025.05.30 16:35:00,16,13,22,london_newyork_overlap,2025.05.30 13:00,35,first_120min,true,true,3,EURUSD,highest_score_in_session_bar,london_newyork_overlap=USDJPY|EURJPY|GBPJPY|AUDJPY|EURUSD|GBPUSD,existing_first120_gate,london_newyork_overlap,false,false,true,passed_first_window,head_and_shoulders,neckline_break_retest,1.13380000,PERIOD_M5,PERIOD_H1,PERIOD_M15,PERIOD_M5,PERIOD_M5,false,htf_soft_alignment,current_post_filter,transcript_post_filter,dow_trend_up_hh_hl,structure_trend_bias_dow_trend_down_ll_lh,dow_trend_up_hh_hl,structure_trend_bias_dow_trend_down_ll_lh,false,false,true,SHORT,PERIOD_M5,head_and_shoulders,head_and_shoulders,4.500,none,0.000,head_and_shoulders,4.500,none,0.000,SHORT,true,PERIOD_H1_LONG_dow_trend_up_hh_hl|PERIOD_M15_SHORT_structure_trend_bias_dow_trend_down_ll_lh,true,h1_counter_m15_reversal,true,top_LONG_dow_trend_up_hh_hl|structure_SHORT_structure_trend_bias_dow_trend_down_ll_lh|structure_break_recent_confirmed_swing_break_retest|primary_break_recent_confirmed_swing_break_retest,none,above_75sma_flat_or_falling,below_75sma_falling,below_75sma_falling,14,1.13271000,0,1.13387000,false,off,NONE,NONE,0.00000000,0.00000000,0.0000,none,0.000,true,SHORT,return_low_break_or_bos_down,1.13271000,14,1.13578000,1.13223000,false,off,independent,false,,,false,0.0000,none,0.0000,0.0000,none,0.0000,0.0000,0.0000,none,0.0000,0,0,0.0000,none,none,none,none,0.0000,0,0.0000,none,false,true,not_evaluated,true,required_light_or_anchor_flip,long_bias,1.13223000,2025.05.30 14:45:00,1.13440000,2025.05.30 11:00:00,2025.05.30 15:30:00,false,NONE,0.00000000,0.00000000,0.0000,-1,false,,-1,NONE,0.00000000,0.00000000,0.0000,0.0000,none,,none,false,NONE,-1,-1,-1,false,false,none,false,true,false,true,none,true,required,false,PERIOD_M5,,,-1,0.0000,false,0.00000000,0.0000,false,0.0000,false,none,none,false,no_anchor_flip_in_entry_direction,true,required_first_signal_only,SHORT,unknown,0.00000000,,0.00000000,,false,,-1,false,NONE,0.00000000,,0.00000000,0.0000,0.0000,none,-1,false,false,false,no_anchor_flip_in_entry_direction,,,,false,false,false,-1,-1,-1,-1,-1,false,false,false,0.0000,range_n,true,1.13578000,1.13223000,3.0698,false,0.0000,0.0000,0,none,true,0.3183,shallow_236_382,0.080,diagnostic_only,diagnostic_only,diagnostic_only,shallow_pullback,24,0.280,true,none,0.430,high_quality,false,false,diagnostic_only,both,true,none,true,diagnostic_adjacent_detected,required_light,false,false,LONG,6,false,false,2,2025.05.30 14:30:00,2025.05.30 15:50:00,9,4.0048,0.00000000,1.13387000,1.13387000,true,true,m5_hl_close_break_down,1.13387000,true,0.5528,0.9589,true,1,0.0000,true,4,1.13387000,0.1805,off,false,not_evaluated,none,0.9464,0.0536,very_strong,true,false,false,0.0000,held_clean,true,favorable_side,0.2920,false,clean_retest,2.1547,1.3989,1.5403,2.6060,false,no_shrink,0.0000,none,none,false,false,none,0.0000,0.0000,0.0000,0.0000,none,false,false,0.0000,0.0000,false,false,-1,none,none,false,0.000,0.000,1.13340000,1.13329263,1.13329263,recent_equal_highs,0.00006737,0.0443,neckline_level,1.13380000,0.4964,false,true,true,false,not_blocked,7,4,3,m5_failure_exit,off,none,0.00000000,0.0000,1.30,1.13138000,4.500,-0.300,0.200,PERIOD_M15,1.13440000,1.13223000,0.5207,preferred_382_618,0.000,true,1.13336000,1.13488000,0.00152000,1.13138000,1.303,0.00088643,18.00,30-60,true,false,none,not_consumed,5.150,5.150,none,0.0000,false,neckline_retest_failed,false,not_invalidated,spread_too_high
2025.05.30 16:40:00,blocked,session_reversal_pullback_one_symbol_first120,EURUSD,SHORT,2025.05.30 16:35:00,16,13,22,london_newyork_overlap,2025.05.30 13:00,35,first_120min,true,true,3,EURUSD,highest_score_in_session_bar,london_newyork_overlap=USDJPY|EURJPY|GBPJPY|AUDJPY|EURUSD|GBPUSD,existing_first120_gate,london_newyork_overlap,false,false,true,passed_first_window,head_and_shoulders,neckline_break_retest,1.13380000,PERIOD_M5,PERIOD_H1,PERIOD_M15,PERIOD_M5,PERIOD_M5,false,htf_soft_alignment,current_post_filter,transcript_post_filter,dow_trend_up_hh_hl,structure_trend_bias_dow_trend_down_ll_lh,dow_trend_up_hh_hl,structure_trend_bias_dow_trend_down_ll_lh,false,false,true,SHORT,PERIOD_M5,head_and_shoulders,head_and_shoulders,4.500,none,0.000,head_and_shoulders,4.500,none,0.000,SHORT,true,PERIOD_H1_LONG_dow_trend_up_hh_hl|PERIOD_M15_SHORT_structure_trend_bias_dow_trend_down_ll_lh,true,h1_counter_m15_reversal,true,top_LONG_dow_trend_up_hh_hl|structure_SHORT_structure_trend_bias_dow_trend_down_ll_lh|structure_break_recent_confirmed_swing_break_retest|primary_break_recent_confirmed_swing_break_retest,none,above_75sma_flat_or_falling,below_75sma_falling,below_75sma_falling,14,1.13271000,0,1.13387000,false,off,NONE,NONE,0.00000000,0.00000000,0.0000,none,0.000,true,SHORT,return_low_break_or_bos_down,1.13271000,14,1.13578000,1.13223000,false,off,independent,false,,,false,0.0000,none,0.0000,0.0000,none,0.0000,0.0000,0.0000,none,0.0000,0,0,0.0000,none,none,none,none,0.0000,0,0.0000,none,false,true,not_evaluated,true,required_light_or_anchor_flip,long_bias,1.13223000,2025.05.30 14:45:00,1.13440000,2025.05.30 11:00:00,2025.05.30 15:30:00,false,NONE,0.00000000,0.00000000,0.0000,-1,false,,-1,NONE,0.00000000,0.00000000,0.0000,0.0000,none,,none,false,NONE,-1,-1,-1,false,false,none,false,true,false,true,none,true,required,false,PERIOD_M5,,,-1,0.0000,false,0.00000000,0.0000,false,0.0000,false,none,none,false,no_anchor_flip_in_entry_direction,true,required_first_signal_only,SHORT,unknown,0.00000000,,0.00000000,,false,,-1,false,NONE,0.00000000,,0.00000000,0.0000,0.0000,none,-1,false,false,false,no_anchor_flip_in_entry_direction,,,,false,false,false,-1,-1,-1,-1,-1,false,false,false,0.0000,range_n,true,1.13578000,1.13223000,3.0698,false,0.0000,0.0000,0,none,true,0.3183,shallow_236_382,0.080,diagnostic_only,diagnostic_only,diagnostic_only,shallow_pullback,24,0.280,true,none,0.430,high_quality,false,false,diagnostic_only,both,true,none,true,diagnostic_adjacent_detected,required_light,false,false,LONG,6,false,false,2,2025.05.30 14:30:00,2025.05.30 15:50:00,9,4.0048,0.00000000,1.13387000,1.13387000,true,true,m5_hl_close_break_down,1.13387000,true,0.5528,0.9589,true,1,0.0000,true,4,1.13387000,0.1805,off,false,not_evaluated,none,0.9464,0.0536,very_strong,true,false,false,0.0000,held_clean,true,favorable_side,0.2920,false,clean_retest,2.1547,1.3989,1.5403,2.6060,false,no_shrink,0.0000,none,none,false,false,none,0.0000,0.0000,0.0000,0.0000,none,false,false,0.0000,0.0000,false,false,-1,none,none,false,0.000,0.000,1.13340000,1.13329263,1.13329263,recent_equal_highs,0.00006737,0.0443,neckline_level,1.13380000,0.4964,false,true,true,false,not_blocked,7,4,3,m5_failure_exit,off,none,0.00000000,0.0000,1.30,1.13138000,4.500,-0.300,0.200,PERIOD_M15,1.13440000,1.13223000,0.5207,preferred_382_618,0.000,true,1.13336000,1.13488000,0.00152000,1.13138000,1.303,0.00088643,18.00,30-60,true,false,none,blocked_spread_too_high,5.150,5.150,none,0.0000,false,neckline_retest_failed,false,not_invalidated,spread_too_high
2025.05.30 20:00:00,signal,session_reversal_pullback_one_symbol_first120,USDJPY,SHORT,2025.05.30 19:55:00,19,16,1,new_york,2025.05.30 16:00,55,first_120min,true,true,3,USDJPY,highest_score_in_session_bar,new_york=USDJPY|EURJPY|GBPJPY|AUDJPY|EURUSD|GBPUSD,existing_first120_gate,new_york,false,false,true,passed_first_window,head_and_shoulders,neckline_break_retest,143.92200000,PERIOD_M5,PERIOD_H1,PERIOD_M15,PERIOD_M5,PERIOD_M5,false,htf_soft_alignment,current_post_filter,transcript_post_filter,dow_range_or_transition,no_ordered_dow_wave3_break,dow_range_or_transition,no_ordered_dow_wave3_break,false,false,true,SHORT,PERIOD_M5,head_and_shoulders,head_and_shoulders,4.500,none,0.000,head_and_shoulders,4.500,none,0.000,SHORT,false,PERIOD_H1_NONE_dow_range_or_transition|PERIOD_M15_NONE_no_ordered_dow_wave3_break,true,h1_counter_m15_reversal,true,top_NONE_dow_range_or_transition|structure_NONE_no_ordered_dow_wave3_break|structure_break_recent_confirmed_swing_break_failed|primary_break_recent_confirmed_swing_break_continuation,none,below_75sma_falling,below_75sma_falling,below_75sma_flat_or_rising,-1,0.00000000,0,144.06900000,false,off,NONE,NONE,0.00000000,0.00000000,0.0000,none,0.000,true,SHORT,return_low_break_or_bos_down,143.78200000,15,144.43600000,143.46200000,false,off,independent,false,,,false,0.0000,none,0.0000,0.0000,none,0.0000,0.0000,0.0000,none,0.0000,0,0,0.0000,none,none,none,none,0.0000,0,0.0000,none,false,true,not_evaluated,true,required_light_or_anchor_flip,long_bias,143.80000000,2025.05.30 17:15:00,144.02600000,2025.05.30 14:30:00,2025.05.30 17:45:00,false,NONE,0.00000000,0.00000000,0.0000,-1,false,,-1,NONE,0.00000000,0.00000000,0.0000,0.0000,none,,none,false,NONE,-1,-1,-1,false,false,none,false,true,false,true,none,true,required,false,PERIOD_M5,,,-1,0.0000,false,0.00000000,0.0000,false,0.0000,false,none,none,false,no_anchor_flip_in_entry_direction,true,required_first_signal_only,SHORT,unknown,0.00000000,,0.00000000,,false,,-1,false,NONE,0.00000000,,0.00000000,0.0000,0.0000,none,-1,false,false,false,no_anchor_flip_in_entry_direction,,,,false,false,false,-1,-1,-1,-1,-1,false,false,false,0.0000,rising_n,false,144.43600000,143.46200000,5.4544,false,0.0000,0.0000,0,none,true,0.4415,preferred_382_618,0.200,diagnostic_only,diagnostic_only,diagnostic_only,shallow_pullback,8,0.490,true,none,0.640,high_quality,false,false,diagnostic_only,both,true,none,true,diagnostic_adjacent_detected,required_light,false,false,LONG,6,false,false,0,2025.05.30 18:15:00,2025.05.30 18:55:00,12,3.0346,0.00000000,144.06900000,144.06900000,true,true,m5_hl_close_break_down,144.06900000,true,0.1613,0.5864,true,1,0.0000,false,9,144.06900000,0.0293,off,false,not_evaluated,none,0.7679,0.2321,strong,true,false,false,0.0000,held_clean,true,favorable_side,0.0000,true,clean_retest,2.3309,2.5508,0.9138,0.0000,true,strong_exhaustion,0.0000,none,none,false,false,none,0.0000,0.0000,0.0000,0.0000,none,false,false,0.0000,0.0000,false,false,-1,none,none,false,0.000,0.000,143.92200000,143.88000000,143.80000000,structure_confirmed_swing_low,0.09200000,0.5140,session_low|opening_range_low|neckline_level,143.88000000,0.1759,false,true,false,false,not_blocked,1,1,0,m5_failure_exit,off,none,0.00000000,0.0000,1.30,143.65900000,4.500,-0.300,0.200,PERIOD_M15,144.43600000,143.80000000,0.1447,outside,0.000,true,143.89200000,144.07100000,0.17900000,143.65900000,1.302,0.06821429,17.00,30-60,true,false,none,not_consumed,4.800,4.800,none,0.0000,false,neckline_retest_failed,false,not_invalidated,spread_too_high
2025.05.30 20:00:00,blocked,session_reversal_pullback_one_symbol_first120,USDJPY,SHORT,2025.05.30 19:55:00,19,16,1,new_york,2025.05.30 16:00,55,first_120min,true,true,3,USDJPY,highest_score_in_session_bar,new_york=USDJPY|EURJPY|GBPJPY|AUDJPY|EURUSD|GBPUSD,existing_first120_gate,new_york,false,false,true,passed_first_window,head_and_shoulders,neckline_break_retest,143.92200000,PERIOD_M5,PERIOD_H1,PERIOD_M15,PERIOD_M5,PERIOD_M5,false,htf_soft_alignment,current_post_filter,transcript_post_filter,dow_range_or_transition,no_ordered_dow_wave3_break,dow_range_or_transition,no_ordered_dow_wave3_break,false,false,true,SHORT,PERIOD_M5,head_and_shoulders,head_and_shoulders,4.500,none,0.000,head_and_shoulders,4.500,none,0.000,SHORT,false,PERIOD_H1_NONE_dow_range_or_transition|PERIOD_M15_NONE_no_ordered_dow_wave3_break,true,h1_counter_m15_reversal,true,top_NONE_dow_range_or_transition|structure_NONE_no_ordered_dow_wave3_break|structure_break_recent_confirmed_swing_break_failed|primary_break_recent_confirmed_swing_break_continuation,none,below_75sma_falling,below_75sma_falling,below_75sma_flat_or_rising,-1,0.00000000,0,144.06900000,false,off,NONE,NONE,0.00000000,0.00000000,0.0000,none,0.000,true,SHORT,return_low_break_or_bos_down,143.78200000,15,144.43600000,143.46200000,false,off,independent,false,,,false,0.0000,none,0.0000,0.0000,none,0.0000,0.0000,0.0000,none,0.0000,0,0,0.0000,none,none,none,none,0.0000,0,0.0000,none,false,true,not_evaluated,true,required_light_or_anchor_flip,long_bias,143.80000000,2025.05.30 17:15:00,144.02600000,2025.05.30 14:30:00,2025.05.30 17:45:00,false,NONE,0.00000000,0.00000000,0.0000,-1,false,,-1,NONE,0.00000000,0.00000000,0.0000,0.0000,none,,none,false,NONE,-1,-1,-1,false,false,none,false,true,false,true,none,true,required,false,PERIOD_M5,,,-1,0.0000,false,0.00000000,0.0000,false,0.0000,false,none,none,false,no_anchor_flip_in_entry_direction,true,required_first_signal_only,SHORT,unknown,0.00000000,,0.00000000,,false,,-1,false,NONE,0.00000000,,0.00000000,0.0000,0.0000,none,-1,false,false,false,no_anchor_flip_in_entry_direction,,,,false,false,false,-1,-1,-1,-1,-1,false,false,false,0.0000,rising_n,false,144.43600000,143.46200000,5.4544,false,0.0000,0.0000,0,none,true,0.4415,preferred_382_618,0.200,diagnostic_only,diagnostic_only,diagnostic_only,shallow_pullback,8,0.490,true,none,0.640,high_quality,false,false,diagnostic_only,both,true,none,true,diagnostic_adjacent_detected,required_light,false,false,LONG,6,false,false,0,2025.05.30 18:15:00,2025.05.30 18:55:00,12,3.0346,0.00000000,144.06900000,144.06900000,true,true,m5_hl_close_break_down,144.06900000,true,0.1613,0.5864,true,1,0.0000,false,9,144.06900000,0.0293,off,false,not_evaluated,none,0.7679,0.2321,strong,true,false,false,0.0000,held_clean,true,favorable_side,0.0000,true,clean_retest,2.3309,2.5508,0.9138,0.0000,true,strong_exhaustion,0.0000,none,none,false,false,none,0.0000,0.0000,0.0000,0.0000,none,false,false,0.0000,0.0000,false,false,-1,none,none,false,0.000,0.000,143.92200000,143.88000000,143.80000000,structure_confirmed_swing_low,0.09200000,0.5140,session_low|opening_range_low|neckline_level,143.88000000,0.1759,false,true,false,false,not_blocked,1,1,0,m5_failure_exit,off,none,0.00000000,0.0000,1.30,143.65900000,4.500,-0.300,0.200,PERIOD_M15,144.43600000,143.80000000,0.1447,outside,0.000,true,143.89200000,144.07100000,0.17900000,143.65900000,1.302,0.06821429,17.00,30-60,true,false,none,blocked_spread_too_high,4.800,4.800,none,0.0000,false,neckline_retest_failed,false,not_invalidated,spread_too_high
2025.06.02 11:00:00,signal,session_reversal_pullback_one_symbol_first120,AUDJPY,SHORT,2025.06.02 10:55:00,10,7,16,london,2025.06.02 07:00,55,first_120min,true,true,3,AUDJPY,highest_score_in_session_bar,london=USDJPY|EURJPY|GBPJPY|AUDJPY|EURUSD|GBPUSD,existing_first120_gate,london,false,false,true,passed_first_window,head_and_shoulders,neckline_break_retest,92.64300000,PERIOD_M5,PERIOD_H1,PERIOD_M15,PERIOD_M5,PERIOD_M5,false,htf_soft_alignment,current_post_filter,transcript_post_filter,dow_range_or_transition,structure_trend_bias_dow_trend_down_ll_lh,dow_range_or_transition,structure_trend_bias_dow_trend_down_ll_lh,false,true,true,SHORT,PERIOD_M5,head_and_shoulders,head_and_shoulders,4.500,none,0.000,head_and_shoulders,4.500,none,0.000,SHORT,false,PERIOD_H1_NONE_dow_range_or_transition|PERIOD_M15_SHORT_structure_trend_bias_dow_trend_down_ll_lh,true,h1_counter_m15_reversal,true,top_NONE_dow_range_or_transition|structure_SHORT_structure_trend_bias_dow_trend_down_ll_lh|structure_break_recent_confirmed_swing_break_failed|primary_break_recent_confirmed_swing_break_retest,none,below_75sma_falling,below_75sma_flat_or_rising,below_75sma_falling,-1,0.00000000,0,92.62400000,false,off,NONE,NONE,0.00000000,0.00000000,0.0000,none,0.000,true,SHORT,return_low_break_or_bos_down,92.55000000,6,92.82000000,92.51800000,false,off,independent,false,,,false,0.0000,none,0.0000,0.0000,none,0.0000,0.0000,0.0000,none,0.0000,0,0,0.0000,none,none,none,none,0.0000,0,0.0000,none,false,true,not_evaluated,true,required_light_or_anchor_flip,bias_flip_up,92.62400000,2025.06.02 03:00:00,92.68800000,2025.06.02 08:00:00,2025.06.02 09:00:00,true,LONG,92.68800000,92.69900000,0.1353,3,true,2025.06.02 10:00:00,3,LONG,92.68800000,92.69900000,0.1353,1.0334,normal,2025.06.02 10:30:00,first_after_anchor,true,LONG,3,1,3,true,false,fresh_0_4,false,true,false,true,none,true,required,false,PERIOD_M5,,,-1,0.0000,false,0.00000000,0.0000,false,0.0000,false,none,none,false,no_anchor_flip_in_entry_direction,true,required_first_signal_only,SHORT,unknown,0.00000000,,0.00000000,,false,,-1,false,NONE,0.00000000,,0.00000000,0.0000,0.0000,none,-1,false,false,false,no_anchor_flip_in_entry_direction,,,,false,false,false,-1,-1,-1,-1,-1,false,false,false,0.0000,falling_n,false,92.83600000,92.51800000,3.9121,true,1.0334,0.1340,0,normal,true,0.3245,shallow_236_382,0.080,diagnostic_only,diagnostic_only,diagnostic_only,shallow_pullback,24,0.330,true,none,0.480,high_quality,false,false,diagnostic_only,both,true,none,true,diagnostic_adjacent_detected,required_light,false,false,LONG,5,false,false,1,2025.06.02 08:30:00,2025.06.02 10:35:00,4,4.2118,0.00000000,92.51800000,92.51800000,false,false,none,0.00000000,false,0.0000,0.0000,false,1,0.0000,false,-1,0.00000000,0.0000,off,false,not_evaluated,none,0.0000,0.0000,none,false,false,false,0.0000,none,false,none,0.0000,false,none,4.2118,1.3983,3.0120,1.8532,false,no_shrink,0.0000,none,none,false,false,none,0.0000,0.0000,0.0000,0.0000,none,false,false,0.0000,0.0000,false,false,-1,none,none,false,0.000,0.000,92.64300000,92.60800000,92.53600000,failed_breakout_level,0.08000000,0.5405,session_low|opening_range_low|neckline_level,92.60800000,0.1348,false,true,true,false,not_blocked,6,4,2,m5_failure_exit,off,none,0.00000000,0.0000,1.30,92.42400000,4.500,-0.300,0.200,PERIOD_M15,92.68800000,92.51800000,0.5765,preferred_382_618,0.000,true,92.61600000,92.76400000,0.14800000,92.42400000,1.297,0.05935714,28.00,30-60,true,false,none,not_consumed,4.800,4.800,none,0.0000,false,opposite_break_first,true,opposite_break_first,spread_too_high
2025.06.02 11:00:00,blocked,session_reversal_pullback_one_symbol_first120,AUDJPY,SHORT,2025.06.02 10:55:00,10,7,16,london,2025.06.02 07:00,55,first_120min,true,true,3,AUDJPY,highest_score_in_session_bar,london=USDJPY|EURJPY|GBPJPY|AUDJPY|EURUSD|GBPUSD,existing_first120_gate,london,false,false,true,passed_first_window,head_and_shoulders,neckline_break_retest,92.64300000,PERIOD_M5,PERIOD_H1,PERIOD_M15,PERIOD_M5,PERIOD_M5,false,htf_soft_alignment,current_post_filter,transcript_post_filter,dow_range_or_transition,structure_trend_bias_dow_trend_down_ll_lh,dow_range_or_transition,structure_trend_bias_dow_trend_down_ll_lh,false,true,true,SHORT,PERIOD_M5,head_and_shoulders,head_and_shoulders,4.500,none,0.000,head_and_shoulders,4.500,none,0.000,SHORT,false,PERIOD_H1_NONE_dow_range_or_transition|PERIOD_M15_SHORT_structure_trend_bias_dow_trend_down_ll_lh,true,h1_counter_m15_reversal,true,top_NONE_dow_range_or_transition|structure_SHORT_structure_trend_bias_dow_trend_down_ll_lh|structure_break_recent_confirmed_swing_break_failed|primary_break_recent_confirmed_swing_break_retest,none,below_75sma_falling,below_75sma_flat_or_rising,below_75sma_falling,-1,0.00000000,0,92.62400000,false,off,NONE,NONE,0.00000000,0.00000000,0.0000,none,0.000,true,SHORT,return_low_break_or_bos_down,92.55000000,6,92.82000000,92.51800000,false,off,independent,false,,,false,0.0000,none,0.0000,0.0000,none,0.0000,0.0000,0.0000,none,0.0000,0,0,0.0000,none,none,none,none,0.0000,0,0.0000,none,false,true,not_evaluated,true,required_light_or_anchor_flip,bias_flip_up,92.62400000,2025.06.02 03:00:00,92.68800000,2025.06.02 08:00:00,2025.06.02 09:00:00,true,LONG,92.68800000,92.69900000,0.1353,3,true,2025.06.02 10:00:00,3,LONG,92.68800000,92.69900000,0.1353,1.0334,normal,2025.06.02 10:30:00,first_after_anchor,true,LONG,3,1,3,true,false,fresh_0_4,false,true,false,true,none,true,required,false,PERIOD_M5,,,-1,0.0000,false,0.00000000,0.0000,false,0.0000,false,none,none,false,no_anchor_flip_in_entry_direction,true,required_first_signal_only,SHORT,unknown,0.00000000,,0.00000000,,false,,-1,false,NONE,0.00000000,,0.00000000,0.0000,0.0000,none,-1,false,false,false,no_anchor_flip_in_entry_direction,,,,false,false,false,-1,-1,-1,-1,-1,false,false,false,0.0000,falling_n,false,92.83600000,92.51800000,3.9121,true,1.0334,0.1340,0,normal,true,0.3245,shallow_236_382,0.080,diagnostic_only,diagnostic_only,diagnostic_only,shallow_pullback,24,0.330,true,none,0.480,high_quality,false,false,diagnostic_only,both,true,none,true,diagnostic_adjacent_detected,required_light,false,false,LONG,5,false,false,1,2025.06.02 08:30:00,2025.06.02 10:35:00,4,4.2118,0.00000000,92.51800000,92.51800000,false,false,none,0.00000000,false,0.0000,0.0000,false,1,0.0000,false,-1,0.00000000,0.0000,off,false,not_evaluated,none,0.0000,0.0000,none,false,false,false,0.0000,none,false,none,0.0000,false,none,4.2118,1.3983,3.0120,1.8532,false,no_shrink,0.0000,none,none,false,false,none,0.0000,0.0000,0.0000,0.0000,none,false,false,0.0000,0.0000,false,false,-1,none,none,false,0.000,0.000,92.64300000,92.60800000,92.53600000,failed_breakout_level,0.08000000,0.5405,session_low|opening_range_low|neckline_level,92.60800000,0.1348,false,true,true,false,not_blocked,6,4,2,m5_failure_exit,off,none,0.00000000,0.0000,1.30,92.42400000,4.500,-0.300,0.200,PERIOD_M15,92.68800000,92.51800000,0.5765,preferred_382_618,0.000,true,92.61600000,92.76400000,0.14800000,92.42400000,1.297,0.05935714,28.00,30-60,true,false,none,blocked_spread_too_high,4.800,4.800,none,0.0000,false,opposite_break_first,true,opposite_break_first,spread_too_high
2025.06.02 16:10:00,signal,session_reversal_pullback_one_symbol_first120,AUDJPY,LONG,2025.06.02 16:05:00,16,13,22,london_newyork_overlap,2025.06.02 13:00,5,first_120min,true,true,3,AUDJPY,highest_score_in_session_bar,london_newyork_overlap=USDJPY|EURJPY|GBPJPY|AUDJPY|EURUSD|GBPUSD,existing_first120_gate,london_newyork_overlap,true,false,true,passed_first_window,double_bottom,neckline_break_retest,92.57700000,PERIOD_M5,PERIOD_H1,PERIOD_M15,PERIOD_M5,PERIOD_M5,false,htf_soft_alignment,current_post_filter,transcript_post_filter,dow_range_or_transition,structure_trend_bias_dow_trend_down_ll_lh,dow_range_or_transition,structure_trend_bias_dow_trend_down_ll_lh,false,true,true,LONG,PERIOD_M5,double_bottom,double_bottom,4.200,none,0.000,double_bottom,4.200,none,0.000,LONG,false,PERIOD_H1_NONE_dow_range_or_transition|PERIOD_M15_SHORT_structure_trend_bias_dow_trend_down_ll_lh,true,h1_counter_m15_reversal,true,top_NONE_dow_range_or_transition|structure_SHORT_structure_trend_bias_dow_trend_down_ll_lh|structure_break_recent_confirmed_swing_break_retest|primary_break_recent_confirmed_swing_break_failed,none,below_75sma_falling,above_75sma_rising,below_75sma_flat_or_rising,0,92.65300000,-1,0.00000000,false,off,NONE,NONE,0.00000000,0.00000000,0.0000,none,0.000,true,LONG,return_high_break_or_bos_up,92.65300000,0,92.65300000,92.44700000,false,off,independent,false,,,false,0.0000,none,0.0000,0.0000,none,0.0000,0.0000,0.0000,none,0.0000,0,0,0.0000,none,none,none,none,0.0000,0,0.0000,none,false,true,not_evaluated,true,required_light_or_anchor_flip,bias_flip_up,92.51800000,2025.06.02 09:00:00,92.65300000,2025.06.02 13:00:00,2025.06.02 14:45:00,true,LONG,92.65300000,92.66000000,0.0946,0,true,2025.06.02 15:45:00,0,LONG,92.65300000,92.66000000,0.0946,0.6216,normal,2025.06.02 15:45:00,first_after_anchor,true,LONG,0,0,0,true,false,fresh_0_4,true,false,false,true,none,true,required,true,PERIOD_M5,2025.06.02 15:50:00,2025.06.02 15:50:00,4,0.6404,true,92.65300000,0.6404,false,0.0000,false,none,retest_only,true,none,true,required_first_signal_only,LONG,no_confirmed_micro_anchor,0.00000000,,0.00000000,,false,,-1,false,NONE,0.00000000,,0.00000000,0.0000,0.0000,none,-1,false,false,false,insufficient_confirmed_m5_pivots,AUDJPY|LONG|1748879100|92.653,,,false,false,false,-1,-1,-1,-1,-1,false,false,false,0.0000,falling_n,false,92.76800000,92.44700000,4.3378,true,0.6216,0.3429,0,normal,true,0.4579,preferred_382_618,0.200,diagnostic_only,diagnostic_only,diagnostic_only,shallow_pullback,4,0.490,true,none,0.640,high_quality,false,false,diagnostic_only,both,true,none,true,diagnostic_adjacent_detected,required_light,false,false,SHORT,4,false,false,2,2025.06.02 13:10:00,2025.06.02 14:50:00,15,4.5489,92.63700000,0.00000000,92.63700000,true,true,m5_lh_close_break_up,92.63700000,true,0.3754,0.8833,true,1,0.9937,false,4,92.63700000,0.0442,off,false,not_evaluated,none,0.7455,0.2545,strong,false,false,false,0.9937,held_no_close_back,true,favorable_side,0.0000,false,clean_retest,4.1956,1.9653,2.1348,2.5836,false,no_shrink,0.0000,none,none,false,false,none,0.0000,0.0000,0.0000,0.0000,none,false,false,0.0000,0.0000,false,false,-1,none,none,false,0.000,0.000,92.62280000,92.57900000,92.62280000,recent_equal_lows,0.00180000,0.0132,neckline_level,92.57700000,0.9716,false,true,true,false,not_blocked,10,6,4,m5_failure_exit,off,none,0.00000000,0.0000,1.30,92.79800000,4.200,-0.300,0.200,PERIOD_M15,92.65300000,92.44700000,0.1553,outside,0.000,true,92.62100000,92.48500000,0.13600000,92.79800000,1.301,0.04528571,28.00,0-30,true,false,none,not_consumed,4.650,4.650,none,0.0000,false,opposite_break_first,true,opposite_break_first,spread_too_high
2025.06.02 16:10:00,blocked,session_reversal_pullback_one_symbol_first120,AUDJPY,LONG,2025.06.02 16:05:00,16,13,22,london_newyork_overlap,2025.06.02 13:00,5,first_120min,true,true,3,AUDJPY,highest_score_in_session_bar,london_newyork_overlap=USDJPY|EURJPY|GBPJPY|AUDJPY|EURUSD|GBPUSD,existing_first120_gate,london_newyork_overlap,true,false,true,passed_first_window,double_bottom,neckline_break_retest,92.57700000,PERIOD_M5,PERIOD_H1,PERIOD_M15,PERIOD_M5,PERIOD_M5,false,htf_soft_alignment,current_post_filter,transcript_post_filter,dow_range_or_transition,structure_trend_bias_dow_trend_down_ll_lh,dow_range_or_transition,structure_trend_bias_dow_trend_down_ll_lh,false,true,true,LONG,PERIOD_M5,double_bottom,double_bottom,4.200,none,0.000,double_bottom,4.200,none,0.000,LONG,false,PERIOD_H1_NONE_dow_range_or_transition|PERIOD_M15_SHORT_structure_trend_bias_dow_trend_down_ll_lh,true,h1_counter_m15_reversal,true,top_NONE_dow_range_or_transition|structure_SHORT_structure_trend_bias_dow_trend_down_ll_lh|structure_break_recent_confirmed_swing_break_retest|primary_break_recent_confirmed_swing_break_failed,none,below_75sma_falling,above_75sma_rising,below_75sma_flat_or_rising,0,92.65300000,-1,0.00000000,false,off,NONE,NONE,0.00000000,0.00000000,0.0000,none,0.000,true,LONG,return_high_break_or_bos_up,92.65300000,0,92.65300000,92.44700000,false,off,independent,false,,,false,0.0000,none,0.0000,0.0000,none,0.0000,0.0000,0.0000,none,0.0000,0,0,0.0000,none,none,none,none,0.0000,0,0.0000,none,false,true,not_evaluated,true,required_light_or_anchor_flip,bias_flip_up,92.51800000,2025.06.02 09:00:00,92.65300000,2025.06.02 13:00:00,2025.06.02 14:45:00,true,LONG,92.65300000,92.66000000,0.0946,0,true,2025.06.02 15:45:00,0,LONG,92.65300000,92.66000000,0.0946,0.6216,normal,2025.06.02 15:45:00,first_after_anchor,true,LONG,0,0,0,true,false,fresh_0_4,true,false,false,true,none,true,required,true,PERIOD_M5,2025.06.02 15:50:00,2025.06.02 15:50:00,4,0.6404,true,92.65300000,0.6404,false,0.0000,false,none,retest_only,true,none,true,required_first_signal_only,LONG,no_confirmed_micro_anchor,0.00000000,,0.00000000,,false,,-1,false,NONE,0.00000000,,0.00000000,0.0000,0.0000,none,-1,false,false,false,insufficient_confirmed_m5_pivots,AUDJPY|LONG|1748879100|92.653,,,false,false,false,-1,-1,-1,-1,-1,false,false,false,0.0000,falling_n,false,92.76800000,92.44700000,4.3378,true,0.6216,0.3429,0,normal,true,0.4579,preferred_382_618,0.200,diagnostic_only,diagnostic_only,diagnostic_only,shallow_pullback,4,0.490,true,none,0.640,high_quality,false,false,diagnostic_only,both,true,none,true,diagnostic_adjacent_detected,required_light,false,false,SHORT,4,false,false,2,2025.06.02 13:10:00,2025.06.02 14:50:00,15,4.5489,92.63700000,0.00000000,92.63700000,true,true,m5_lh_close_break_up,92.63700000,true,0.3754,0.8833,true,1,0.9937,false,4,92.63700000,0.0442,off,false,not_evaluated,none,0.7455,0.2545,strong,false,false,false,0.9937,held_no_close_back,true,favorable_side,0.0000,false,clean_retest,4.1956,1.9653,2.1348,2.5836,false,no_shrink,0.0000,none,none,false,false,none,0.0000,0.0000,0.0000,0.0000,none,false,false,0.0000,0.0000,false,false,-1,none,none,false,0.000,0.000,92.62280000,92.57900000,92.62280000,recent_equal_lows,0.00180000,0.0132,neckline_level,92.57700000,0.9716,false,true,true,false,not_blocked,10,6,4,m5_failure_exit,off,none,0.00000000,0.0000,1.30,92.79800000,4.200,-0.300,0.200,PERIOD_M15,92.65300000,92.44700000,0.1553,outside,0.000,true,92.62100000,92.48500000,0.13600000,92.79800000,1.301,0.04528571,28.00,0-30,true,false,none,blocked_spread_too_high,4.650,4.650,none,0.0000,false,opposite_break_first,true,opposite_break_first,spread_too_high
2025.06.02 19:15:00,signal,session_reversal_pullback_one_symbol_first120,GBPUSD,SHORT,2025.06.02 19:10:00,19,16,1,new_york,2025.06.02 16:00,10,first_120min,true,true,3,GBPUSD,highest_score_in_session_bar,new_york=USDJPY|EURJPY|GBPJPY|AUDJPY|EURUSD|GBPUSD,existing_first120_gate,new_york,false,false,true,passed_first_window,head_and_shoulders,neckline_break_retest,1.35405000,PERIOD_M5,PERIOD_H1,PERIOD_M15,PERIOD_M5,PERIOD_M5,false,htf_soft_alignment,current_post_filter,transcript_post_filter,dow_trend_up_hh_hl,no_ordered_dow_wave3_break,dow_trend_up_hh_hl,no_ordered_dow_wave3_break,false,false,true,SHORT,PERIOD_M5,head_and_shoulders,head_and_shoulders,4.500,none,0.000,head_and_shoulders,4.500,none,0.000,SHORT,false,PERIOD_H1_LONG_dow_trend_up_hh_hl|PERIOD_M15_NONE_no_ordered_dow_wave3_break,true,h1_counter_m15_reversal,true,top_LONG_dow_trend_up_hh_hl|structure_NONE_no_ordered_dow_wave3_break|structure_break_recent_confirmed_swing_break_failed|primary_break_recent_confirmed_swing_break_continuation,none,above_75sma_rising,above_75sma_rising,below_75sma_falling,-1,0.00000000,0,1.35432000,false,off,NONE,NONE,0.00000000,0.00000000,0.0000,none,0.000,true,SHORT,return_low_break_or_bos_down,1.35262000,10,1.35588000,1.35176000,false,off,independent,false,,,false,0.0000,none,0.0000,0.0000,none,0.0000,0.0000,0.0000,none,0.0000,0,0,0.0000,none,none,none,none,0.0000,0,0.0000,none,false,true,not_evaluated,true,required_light_or_anchor_flip,long_bias,1.35176000,2025.06.02 16:30:00,1.35498000,2025.06.02 15:30:00,2025.06.02 17:30:00,false,NONE,0.00000000,0.00000000,0.0000,-1,false,,-1,NONE,0.00000000,0.00000000,0.0000,0.0000,none,,none,false,NONE,-1,-1,-1,false,false,none,false,true,false,true,none,true,required,false,PERIOD_M5,,,-1,0.0000,false,0.00000000,0.0000,false,0.0000,false,none,none,false,no_anchor_flip_in_entry_direction,true,required_first_signal_only,SHORT,unknown,0.00000000,,0.00000000,,false,,-1,false,NONE,0.00000000,,0.00000000,0.0000,0.0000,none,-1,false,false,false,no_anchor_flip_in_entry_direction,,,,false,false,false,-1,-1,-1,-1,-1,false,false,false,0.0000,range_n,true,1.35588000,1.35176000,3.7117,false,0.0000,0.0000,0,none,true,0.5218,preferred_382_618,0.200,diagnostic_only,diagnostic_only,diagnostic_only,fib_pullback,6,0.440,true,none,0.590,high_quality,false,false,diagnostic_only,both,true,none,true,diagnostic_adjacent_detected,required_light,false,false,LONG,4,false,false,1,2025.06.02 16:40:00,2025.06.02 18:40:00,6,8.1932,0.00000000,1.35432000,1.35432000,true,true,m5_hl_close_break_down,1.35432000,true,0.5170,1.1534,true,1,0.0000,false,2,1.35432000,0.5369,off,false,not_evaluated,none,0.6429,0.3571,strong,true,false,false,0.0000,held_clean,false,none,0.0000,false,no_retest,2.1676,8.1932,0.2646,0.0000,true,strong_exhaustion,0.0000,none,none,false,false,none,0.0000,0.0000,0.0000,0.0000,none,false,false,0.0000,0.0000,false,false,-1,none,none,false,0.000,0.000,1.35405000,1.35384667,1.35384667,recent_equal_lows,0.00006333,0.0419,neckline_level,1.35405000,0.2784,false,true,true,false,not_blocked,4,2,2,m5_failure_exit,off,none,0.00000000,0.0000,1.30,1.35195000,4.500,-0.300,0.200,PERIOD_M15,1.35588000,1.35176000,0.5218,preferred_382_618,0.000,true,1.35391000,1.35542000,0.00151000,1.35195000,1.298,0.00050286,20.00,0-30,true,false,none,not_consumed,4.800,4.800,none,0.0000,false,neckline_retest_failed,false,not_invalidated,spread_too_high
2025.06.02 19:15:00,blocked,session_reversal_pullback_one_symbol_first120,GBPUSD,SHORT,2025.06.02 19:10:00,19,16,1,new_york,2025.06.02 16:00,10,first_120min,true,true,3,GBPUSD,highest_score_in_session_bar,new_york=USDJPY|EURJPY|GBPJPY|AUDJPY|EURUSD|GBPUSD,existing_first120_gate,new_york,false,false,true,passed_first_window,head_and_shoulders,neckline_break_retest,1.35405000,PERIOD_M5,PERIOD_H1,PERIOD_M15,PERIOD_M5,PERIOD_M5,false,htf_soft_alignment,current_post_filter,transcript_post_filter,dow_trend_up_hh_hl,no_ordered_dow_wave3_break,dow_trend_up_hh_hl,no_ordered_dow_wave3_break,false,false,true,SHORT,PERIOD_M5,head_and_shoulders,head_and_shoulders,4.500,none,0.000,head_and_shoulders,4.500,none,0.000,SHORT,false,PERIOD_H1_LONG_dow_trend_up_hh_hl|PERIOD_M15_NONE_no_ordered_dow_wave3_break,true,h1_counter_m15_reversal,true,top_LONG_dow_trend_up_hh_hl|structure_NONE_no_ordered_dow_wave3_break|structure_break_recent_confirmed_swing_break_failed|primary_break_recent_confirmed_swing_break_continuation,none,above_75sma_rising,above_75sma_rising,below_75sma_falling,-1,0.00000000,0,1.35432000,false,off,NONE,NONE,0.00000000,0.00000000,0.0000,none,0.000,true,SHORT,return_low_break_or_bos_down,1.35262000,10,1.35588000,1.35176000,false,off,independent,false,,,false,0.0000,none,0.0000,0.0000,none,0.0000,0.0000,0.0000,none,0.0000,0,0,0.0000,none,none,none,none,0.0000,0,0.0000,none,false,true,not_evaluated,true,required_light_or_anchor_flip,long_bias,1.35176000,2025.06.02 16:30:00,1.35498000,2025.06.02 15:30:00,2025.06.02 17:30:00,false,NONE,0.00000000,0.00000000,0.0000,-1,false,,-1,NONE,0.00000000,0.00000000,0.0000,0.0000,none,,none,false,NONE,-1,-1,-1,false,false,none,false,true,false,true,none,true,required,false,PERIOD_M5,,,-1,0.0000,false,0.00000000,0.0000,false,0.0000,false,none,none,false,no_anchor_flip_in_entry_direction,true,required_first_signal_only,SHORT,unknown,0.00000000,,0.00000000,,false,,-1,false,NONE,0.00000000,,0.00000000,0.0000,0.0000,none,-1,false,false,false,no_anchor_flip_in_entry_direction,,,,false,false,false,-1,-1,-1,-1,-1,false,false,false,0.0000,range_n,true,1.35588000,1.35176000,3.7117,false,0.0000,0.0000,0,none,true,0.5218,preferred_382_618,0.200,diagnostic_only,diagnostic_only,diagnostic_only,fib_pullback,6,0.440,true,none,0.590,high_quality,false,false,diagnostic_only,both,true,none,true,diagnostic_adjacent_detected,required_light,false,false,LONG,4,false,false,1,2025.06.02 16:40:00,2025.06.02 18:40:00,6,8.1932,0.00000000,1.35432000,1.35432000,true,true,m5_hl_close_break_down,1.35432000,true,0.5170,1.1534,true,1,0.0000,false,2,1.35432000,0.5369,off,false,not_evaluated,none,0.6429,0.3571,strong,true,false,false,0.0000,held_clean,false,none,0.0000,false,no_retest,2.1676,8.1932,0.2646,0.0000,true,strong_exhaustion,0.0000,none,none,false,false,none,0.0000,0.0000,0.0000,0.0000,none,false,false,0.0000,0.0000,false,false,-1,none,none,false,0.000,0.000,1.35405000,1.35384667,1.35384667,recent_equal_lows,0.00006333,0.0419,neckline_level,1.35405000,0.2784,false,true,true,false,not_blocked,4,2,2,m5_failure_exit,off,none,0.00000000,0.0000,1.30,1.35195000,4.500,-0.300,0.200,PERIOD_M15,1.35588000,1.35176000,0.5218,preferred_382_618,0.000,true,1.35391000,1.35542000,0.00151000,1.35195000,1.298,0.00050286,20.00,0-30,true,false,none,blocked_spread_too_high,4.800,4.800,none,0.0000,false,neckline_retest_failed,false,not_invalidated,spread_too_high
2025.06.03 03:25:00,signal,session_reversal_pullback_one_symbol_first120,AUDJPY,LONG,2025.06.03 03:20:00,3,0,9,tokyo,2025.06.03 00:00,20,first_120min,true,true,3,AUDJPY,highest_score_in_session_bar,tokyo=USDJPY|EURJPY|GBPJPY|AUDJPY,existing_first120_gate,tokyo,false,false,true,passed_first_window,inverse_head_and_shoulders,neckline_break_retest,92.56300000,PERIOD_M5,PERIOD_H1,PERIOD_M15,PERIOD_M5,PERIOD_M5,false,htf_soft_alignment,current_post_filter,transcript_post_filter,dow_trend_down_ll_lh,structure_trend_bias_dow_trend_down_ll_lh,dow_trend_down_ll_lh,structure_trend_bias_dow_trend_down_ll_lh,false,true,false,LONG,PERIOD_M5,inverse_head_and_shoulders,inverse_head_and_shoulders,4.500,none,0.000,inverse_head_and_shoulders,4.500,none,0.000,LONG,false,PERIOD_H1_SHORT_dow_trend_down_ll_lh|PERIOD_M15_SHORT_structure_trend_bias_dow_trend_down_ll_lh,true,h1_counter_m15_reversal,true,top_SHORT_dow_trend_down_ll_lh|structure_SHORT_structure_trend_bias_dow_trend_down_ll_lh|structure_break_recent_confirmed_swing_break_failed|primary_break_recent_confirmed_swing_break_failed,none,below_75sma_falling,above_75sma_flat_or_falling,below_75sma_falling,-1,0.00000000,-1,0.00000000,false,off,NONE,NONE,0.00000000,0.00000000,0.0000,none,0.000,true,LONG,return_high_break_or_bos_up,92.68600000,13,92.74500000,92.47000000,false,off,independent,false,,,false,0.0000,none,0.0000,0.0000,none,0.0000,0.0000,0.0000,none,0.0000,0,0,0.0000,none,none,none,none,0.0000,0,0.0000,none,false,true,not_evaluated,true,required_light_or_anchor_flip,short_bias,92.63400000,2025.06.02 22:45:00,92.74500000,2025.06.02 23:30:00,2025.06.03 00:15:00,false,NONE,0.00000000,0.00000000,0.0000,-1,false,,-1,NONE,0.00000000,0.00000000,0.0000,0.0000,none,,none,false,NONE,-1,-1,-1,false,false,none,false,true,false,true,none,true,required,false,PERIOD_M5,,,-1,0.0000,false,0.00000000,0.0000,false,0.0000,false,none,none,false,no_anchor_flip_in_entry_direction,true,required_first_signal_only,LONG,unknown,0.00000000,,0.00000000,,false,,-1,false,NONE,0.00000000,,0.00000000,0.0000,0.0000,none,-1,false,false,false,no_anchor_flip_in_entry_direction,,,,false,false,false,-1,-1,-1,-1,-1,false,false,false,0.0000,falling_n,false,92.74500000,92.52300000,3.3967,false,0.0000,0.0000,0,none,true,0.5564,preferred_382_618,0.200,diagnostic_only,diagnostic_only,diagnostic_only,fib_pullback,24,0.450,true,none,0.600,high_quality,false,false,diagnostic_only,both,true,none,true,diagnostic_adjacent_detected,required_light,false,false,SHORT,5,false,false,2,2025.06.03 01:10:00,2025.06.03 02:35:00,9,3.7455,92.58800000,0.00000000,92.58800000,true,true,m5_lh_close_break_up,92.58800000,true,0.7537,1.7357,true,1,0.5481,false,4,92.58800000,0.2969,off,false,not_evaluated,none,0.9070,0.0930,very_strong,false,false,false,0.5481,held_no_close_back,true,favorable_side,0.5667,true,strong_retest,2.6949,2.4209,1.1132,1.3246,false,no_shrink,0.0000,none,none,false,false,none,0.0000,0.0000,0.0000,0.0000,none,false,false,0.0000,0.0000,false,false,-1,none,none,false,0.000,0.000,92.60531250,92.58900000,92.60531250,recent_equal_highs,0.01331250,0.1752,neckline_level,92.56300000,0.6623,false,true,true,false,not_blocked,8,4,4,m5_failure_exit,off,none,0.00000000,0.0000,1.30,92.69100000,4.500,-0.300,0.200,PERIOD_M15,92.63400000,92.52300000,0.3784,outside,0.000,true,92.59200000,92.51600000,0.07600000,92.69100000,1.303,0.04378571,28.00,0-30,true,false,none,not_consumed,4.600,4.600,none,0.0000,false,neckline_retest_failed,false,not_invalidated,spread_too_high
2025.06.03 03:25:00,blocked,session_reversal_pullback_one_symbol_first120,AUDJPY,LONG,2025.06.03 03:20:00,3,0,9,tokyo,2025.06.03 00:00,20,first_120min,true,true,3,AUDJPY,highest_score_in_session_bar,tokyo=USDJPY|EURJPY|GBPJPY|AUDJPY,existing_first120_gate,tokyo,false,false,true,passed_first_window,inverse_head_and_shoulders,neckline_break_retest,92.56300000,PERIOD_M5,PERIOD_H1,PERIOD_M15,PERIOD_M5,PERIOD_M5,false,htf_soft_alignment,current_post_filter,transcript_post_filter,dow_trend_down_ll_lh,structure_trend_bias_dow_trend_down_ll_lh,dow_trend_down_ll_lh,structure_trend_bias_dow_trend_down_ll_lh,false,true,false,LONG,PERIOD_M5,inverse_head_and_shoulders,inverse_head_and_shoulders,4.500,none,0.000,inverse_head_and_shoulders,4.500,none,0.000,LONG,false,PERIOD_H1_SHORT_dow_trend_down_ll_lh|PERIOD_M15_SHORT_structure_trend_bias_dow_trend_down_ll_lh,true,h1_counter_m15_reversal,true,top_SHORT_dow_trend_down_ll_lh|structure_SHORT_structure_trend_bias_dow_trend_down_ll_lh|structure_break_recent_confirmed_swing_break_failed|primary_break_recent_confirmed_swing_break_failed,none,below_75sma_falling,above_75sma_flat_or_falling,below_75sma_falling,-1,0.00000000,-1,0.00000000,false,off,NONE,NONE,0.00000000,0.00000000,0.0000,none,0.000,true,LONG,return_high_break_or_bos_up,92.68600000,13,92.74500000,92.47000000,false,off,independent,false,,,false,0.0000,none,0.0000,0.0000,none,0.0000,0.0000,0.0000,none,0.0000,0,0,0.0000,none,none,none,none,0.0000,0,0.0000,none,false,true,not_evaluated,true,required_light_or_anchor_flip,short_bias,92.63400000,2025.06.02 22:45:00,92.74500000,2025.06.02 23:30:00,2025.06.03 00:15:00,false,NONE,0.00000000,0.00000000,0.0000,-1,false,,-1,NONE,0.00000000,0.00000000,0.0000,0.0000,none,,none,false,NONE,-1,-1,-1,false,false,none,false,true,false,true,none,true,required,false,PERIOD_M5,,,-1,0.0000,false,0.00000000,0.0000,false,0.0000,false,none,none,false,no_anchor_flip_in_entry_direction,true,required_first_signal_only,LONG,unknown,0.00000000,,0.00000000,,false,,-1,false,NONE,0.00000000,,0.00000000,0.0000,0.0000,none,-1,false,false,false,no_anchor_flip_in_entry_direction,,,,false,false,false,-1,-1,-1,-1,-1,false,false,false,0.0000,falling_n,false,92.74500000,92.52300000,3.3967,false,0.0000,0.0000,0,none,true,0.5564,preferred_382_618,0.200,diagnostic_only,diagnostic_only,diagnostic_only,fib_pullback,24,0.450,true,none,0.600,high_quality,false,false,diagnostic_only,both,true,none,true,diagnostic_adjacent_detected,required_light,false,false,SHORT,5,false,false,2,2025.06.03 01:10:00,2025.06.03 02:35:00,9,3.7455,92.58800000,0.00000000,92.58800000,true,true,m5_lh_close_break_up,92.58800000,true,0.7537,1.7357,true,1,0.5481,false,4,92.58800000,0.2969,off,false,not_evaluated,none,0.9070,0.0930,very_strong,false,false,false,0.5481,held_no_close_back,true,favorable_side,0.5667,true,strong_retest,2.6949,2.4209,1.1132,1.3246,false,no_shrink,0.0000,none,none,false,false,none,0.0000,0.0000,0.0000,0.0000,none,false,false,0.0000,0.0000,false,false,-1,none,none,false,0.000,0.000,92.60531250,92.58900000,92.60531250,recent_equal_highs,0.01331250,0.1752,neckline_level,92.56300000,0.6623,false,true,true,false,not_blocked,8,4,4,m5_failure_exit,off,none,0.00000000,0.0000,1.30,92.69100000,4.500,-0.300,0.200,PERIOD_M15,92.63400000,92.52300000,0.3784,outside,0.000,true,92.59200000,92.51600000,0.07600000,92.69100000,1.303,0.04378571,28.00,0-30,true,false,none,blocked_spread_too_high,4.600,4.600,none,0.0000,false,neckline_retest_failed,false,not_invalidated,spread_too_high
2025.06.03 16:25:00,signal,session_reversal_pullback_one_symbol_first120,GBPUSD,LONG,2025.06.03 16:20:00,16,13,22,london_newyork_overlap,2025.06.03 13:00,20,first_120min,true,true,3,GBPUSD,highest_score_in_session_bar,london_newyork_overlap=USDJPY|EURJPY|GBPJPY|AUDJPY|EURUSD|GBPUSD,existing_first120_gate,london_newyork_overlap,false,false,true,passed_first_window,inverse_head_and_shoulders,neckline_break_retest,1.35068000,PERIOD_M5,PERIOD_H1,PERIOD_M15,PERIOD_M5,PERIOD_M5,false,htf_soft_alignment,current_post_filter,transcript_post_filter,dow_range_or_transition,structure_trend_bias_dow_trend_down_ll_lh,dow_range_or_transition,structure_trend_bias_dow_trend_down_ll_lh,false,true,false,LONG,PERIOD_M5,inverse_head_and_shoulders,inverse_head_and_shoulders,4.500,none,0.000,inverse_head_and_shoulders,4.500,none,0.000,LONG,false,PERIOD_H1_NONE_dow_range_or_transition|PERIOD_M15_SHORT_structure_trend_bias_dow_trend_down_ll_lh,true,h1_counter_m15_reversal,true,top_NONE_dow_range_or_transition|structure_SHORT_structure_trend_bias_dow_trend_down_ll_lh|structure_break_recent_confirmed_swing_break_failed|primary_break_recent_confirmed_swing_break_continuation,none,above_75sma_rising,below_75sma_falling,above_75sma_flat_or_falling,-1,0.00000000,0,1.35029000,false,off,NONE,NONE,0.00000000,0.00000000,0.0000,none,0.000,true,LONG,return_high_break_or_bos_up,1.35257000,23,1.35258000,1.34909000,false,off,independent,false,,,false,0.0000,none,0.0000,0.0000,none,0.0000,0.0000,0.0000,none,0.0000,0,0,0.0000,none,none,none,none,0.0000,0,0.0000,none,false,true,not_evaluated,true,required_light_or_anchor_flip,short_bias,1.35109000,2025.06.03 08:45:00,1.35258000,2025.06.03 12:30:00,2025.06.03 15:00:00,false,NONE,0.00000000,0.00000000,0.0000,-1,false,,-1,NONE,0.00000000,0.00000000,0.0000,0.0000,none,,none,false,NONE,-1,-1,-1,false,false,none,false,true,false,true,none,true,required,false,PERIOD_M5,,,-1,0.0000,false,0.00000000,0.0000,false,0.0000,false,none,none,false,no_anchor_flip_in_entry_direction,true,required_first_signal_only,LONG,unknown,0.00000000,,0.00000000,,false,,-1,false,NONE,0.00000000,,0.00000000,0.0000,0.0000,none,-1,false,false,false,no_anchor_flip_in_entry_direction,,,,false,false,false,-1,-1,-1,-1,-1,false,false,false,0.0000,falling_n,false,1.35367000,1.34909000,5.0688,false,0.0000,0.0000,0,none,true,0.4063,preferred_382_618,0.200,diagnostic_only,diagnostic_only,diagnostic_only,deep_pullback,4,0.440,true,none,0.590,high_quality,false,false,diagnostic_only,both,true,none,true,diagnostic_adjacent_detected,required_light,false,false,SHORT,7,false,false,1,2025.06.03 15:00:00,2025.06.03 15:55:00,5,2.6535,1.35029000,0.00000000,1.35029000,true,true,m5_lh_close_break_up,1.35029000,true,1.3267,1.5446,true,1,0.0000,false,3,1.35029000,1.1089,off,false,not_evaluated,none,0.8200,0.0100,very_strong,true,false,false,0.0000,held_clean,false,none,0.0000,false,no_retest,1.4653,2.6535,0.5522,0.0000,true,strong_exhaustion,0.0000,none,none,false,false,none,0.0000,0.0000,0.0000,0.0000,none,false,false,0.0000,0.0000,false,false,-1,none,none,false,0.000,0.000,1.35163000,1.35138000,1.35163000,top_context_confirmed_swing_low,0.00010000,0.0662,session_high|opening_range_high|neckline_level,1.35138000,0.2970,false,true,false,false,not_blocked,2,2,0,m5_failure_exit,off,none,0.00000000,0.0000,1.30,1.35350000,4.500,-0.300,0.200,PERIOD_M15,1.35258000,1.34909000,0.3009,outside,0.000,true,1.35153000,1.35002000,0.00151000,1.35350000,1.305,0.00050500,20.00,0-30,true,false,none,not_consumed,4.800,4.800,none,0.0000,false,neckline_retest_failed,false,not_invalidated,spread_too_high
2025.06.03 16:25:00,blocked,session_reversal_pullback_one_symbol_first120,GBPUSD,LONG,2025.06.03 16:20:00,16,13,22,london_newyork_overlap,2025.06.03 13:00,20,first_120min,true,true,3,GBPUSD,highest_score_in_session_bar,london_newyork_overlap=USDJPY|EURJPY|GBPJPY|AUDJPY|EURUSD|GBPUSD,existing_first120_gate,london_newyork_overlap,false,false,true,passed_first_window,inverse_head_and_shoulders,neckline_break_retest,1.35068000,PERIOD_M5,PERIOD_H1,PERIOD_M15,PERIOD_M5,PERIOD_M5,false,htf_soft_alignment,current_post_filter,transcript_post_filter,dow_range_or_transition,structure_trend_bias_dow_trend_down_ll_lh,dow_range_or_transition,structure_trend_bias_dow_trend_down_ll_lh,false,true,false,LONG,PERIOD_M5,inverse_head_and_shoulders,inverse_head_and_shoulders,4.500,none,0.000,inverse_head_and_shoulders,4.500,none,0.000,LONG,false,PERIOD_H1_NONE_dow_range_or_transition|PERIOD_M15_SHORT_structure_trend_bias_dow_trend_down_ll_lh,true,h1_counter_m15_reversal,true,top_NONE_dow_range_or_transition|structure_SHORT_structure_trend_bias_dow_trend_down_ll_lh|structure_break_recent_confirmed_swing_break_failed|primary_break_recent_confirmed_swing_break_continuation,none,above_75sma_rising,below_75sma_falling,above_75sma_flat_or_falling,-1,0.00000000,0,1.35029000,false,off,NONE,NONE,0.00000000,0.00000000,0.0000,none,0.000,true,LONG,return_high_break_or_bos_up,1.35257000,23,1.35258000,1.34909000,false,off,independent,false,,,false,0.0000,none,0.0000,0.0000,none,0.0000,0.0000,0.0000,none,0.0000,0,0,0.0000,none,none,none,none,0.0000,0,0.0000,none,false,true,not_evaluated,true,required_light_or_anchor_flip,short_bias,1.35109000,2025.06.03 08:45:00,1.35258000,2025.06.03 12:30:00,2025.06.03 15:00:00,false,NONE,0.00000000,0.00000000,0.0000,-1,false,,-1,NONE,0.00000000,0.00000000,0.0000,0.0000,none,,none,false,NONE,-1,-1,-1,false,false,none,false,true,false,true,none,true,required,false,PERIOD_M5,,,-1,0.0000,false,0.00000000,0.0000,false,0.0000,false,none,none,false,no_anchor_flip_in_entry_direction,true,required_first_signal_only,LONG,unknown,0.00000000,,0.00000000,,false,,-1,false,NONE,0.00000000,,0.00000000,0.0000,0.0000,none,-1,false,false,false,no_anchor_flip_in_entry_direction,,,,false,false,false,-1,-1,-1,-1,-1,false,false,false,0.0000,falling_n,false,1.35367000,1.34909000,5.0688,false,0.0000,0.0000,0,none,true,0.4063,preferred_382_618,0.200,diagnostic_only,diagnostic_only,diagnostic_only,deep_pullback,4,0.440,true,none,0.590,high_quality,false,false,diagnostic_only,both,true,none,true,diagnostic_adjacent_detected,required_light,false,false,SHORT,7,false,false,1,2025.06.03 15:00:00,2025.06.03 15:55:00,5,2.6535,1.35029000,0.00000000,1.35029000,true,true,m5_lh_close_break_up,1.35029000,true,1.3267,1.5446,true,1,0.0000,false,3,1.35029000,1.1089,off,false,not_evaluated,none,0.8200,0.0100,very_strong,true,false,false,0.0000,held_clean,false,none,0.0000,false,no_retest,1.4653,2.6535,0.5522,0.0000,true,strong_exhaustion,0.0000,none,none,false,false,none,0.0000,0.0000,0.0000,0.0000,none,false,false,0.0000,0.0000,false,false,-1,none,none,false,0.000,0.000,1.35163000,1.35138000,1.35163000,top_context_confirmed_swing_low,0.00010000,0.0662,session_high|opening_range_high|neckline_level,1.35138000,0.2970,false,true,false,false,not_blocked,2,2,0,m5_failure_exit,off,none,0.00000000,0.0000,1.30,1.35350000,4.500,-0.300,0.200,PERIOD_M15,1.35258000,1.34909000,0.3009,outside,0.000,true,1.35153000,1.35002000,0.00151000,1.35350000,1.305,0.00050500,20.00,0-30,true,false,none,blocked_spread_too_high,4.800,4.800,none,0.0000,false,neckline_retest_failed,false,not_invalidated,spread_too_high
2025.06.03 19:05:00,signal,session_reversal_pullback_one_symbol_first120,GBPUSD,SHORT,2025.06.03 19:00:00,19,16,1,new_york,2025.06.03 16:00,0,first_120min,true,true,3,GBPUSD,highest_score_in_session_bar,new_york=USDJPY|EURJPY|GBPJPY|AUDJPY|EURUSD|GBPUSD,existing_first120_gate,new_york,false,false,true,passed_first_window,double_top,neckline_break_retest,1.35232000,PERIOD_M5,PERIOD_H1,PERIOD_M15,PERIOD_M5,PERIOD_M5,false,htf_soft_alignment,current_post_filter,transcript_post_filter,dow_range_or_transition,no_ordered_dow_wave3_break,dow_range_or_transition,no_ordered_dow_wave3_break,false,false,true,SHORT,PERIOD_M5,double_top,double_top,4.200,none,0.000,double_top,4.200,none,0.000,SHORT,false,PERIOD_H1_NONE_dow_range_or_transition|PERIOD_M15_NONE_no_ordered_dow_wave3_break,true,h1_counter_m15_reversal,true,top_NONE_dow_range_or_transition|structure_NONE_no_ordered_dow_wave3_break|structure_break_recent_confirmed_swing_break_failed|primary_break_no_recent_confirmed_swing_break,none,above_75sma_rising,below_75sma_falling,above_75sma_rising,-1,0.00000000,-1,0.00000000,false,off,NONE,NONE,0.00000000,0.00000000,0.0000,none,0.000,true,SHORT,return_low_break_or_bos_down,1.35042000,12,1.35326000,1.34909000,false,off,independent,false,,,false,0.0000,none,0.0000,0.0000,none,0.0000,0.0000,0.0000,none,0.0000,0,0,0.0000,none,none,none,none,0.0000,0,0.0000,none,false,true,not_evaluated,true,required_light_or_anchor_flip,long_bias,1.34909000,2025.06.03 15:00:00,1.35258000,2025.06.03 12:30:00,2025.06.03 17:30:00,false,NONE,0.00000000,0.00000000,0.0000,-1,false,,-1,NONE,0.00000000,0.00000000,0.0000,0.0000,none,,none,false,NONE,-1,-1,-1,false,false,none,false,true,false,true,none,true,required,false,PERIOD_M5,,,-1,0.0000,false,0.00000000,0.0000,false,0.0000,false,none,none,false,no_anchor_flip_in_entry_direction,true,required_first_signal_only,SHORT,unknown,0.00000000,,0.00000000,,false,,-1,false,NONE,0.00000000,,0.00000000,0.0000,0.0000,none,-1,false,false,false,no_anchor_flip_in_entry_direction,,,,false,false,false,-1,-1,-1,-1,-1,false,false,false,0.0000,range_n,true,1.35367000,1.34909000,3.7695,false,0.0000,0.0000,0,none,true,0.7602,deep_618_786,0.120,diagnostic_only,diagnostic_only,diagnostic_only,fib_pullback,5,0.410,true,none,0.560,high_quality,false,false,diagnostic_only,both,true,none,true,diagnostic_adjacent_detected,required_light,false,false,LONG,3,false,false,0,,,-1,0.0000,0.00000000,0.00000000,0.00000000,false,false,none,0.00000000,false,0.0000,0.0000,false,1,0.0000,false,-1,0.00000000,0.0000,off,false,not_evaluated,none,0.0000,0.0000,none,false,false,false,0.0000,none,false,none,0.0000,false,none,0.0000,0.0000,0.0000,0.0000,false,none,0.0000,none,none,false,false,none,0.0000,0.0000,0.0000,0.0000,none,false,false,0.0000,0.0000,false,false,-1,none,none,false,0.000,0.000,1.35232000,1.35218588,1.35218588,recent_equal_highs,0.00007412,0.0806,neckline_level,1.35232000,0.1167,false,true,true,false,not_blocked,8,4,4,m5_failure_exit,off,none,0.00000000,0.0000,1.30,1.35106000,4.200,-0.300,0.200,PERIOD_M15,1.35326000,1.34953000,0.7319,deep_618_786,0.000,true,1.35226000,1.35318000,0.00092000,1.35106000,1.304,0.00051429,20.00,0-30,true,false,none,not_consumed,4.300,4.300,none,0.0000,false,opposite_break_first,true,opposite_break_first,spread_too_high
2025.06.03 19:05:00,blocked,session_reversal_pullback_one_symbol_first120,GBPUSD,SHORT,2025.06.03 19:00:00,19,16,1,new_york,2025.06.03 16:00,0,first_120min,true,true,3,GBPUSD,highest_score_in_session_bar,new_york=USDJPY|EURJPY|GBPJPY|AUDJPY|EURUSD|GBPUSD,existing_first120_gate,new_york,false,false,true,passed_first_window,double_top,neckline_break_retest,1.35232000,PERIOD_M5,PERIOD_H1,PERIOD_M15,PERIOD_M5,PERIOD_M5,false,htf_soft_alignment,current_post_filter,transcript_post_filter,dow_range_or_transition,no_ordered_dow_wave3_break,dow_range_or_transition,no_ordered_dow_wave3_break,false,false,true,SHORT,PERIOD_M5,double_top,double_top,4.200,none,0.000,double_top,4.200,none,0.000,SHORT,false,PERIOD_H1_NONE_dow_range_or_transition|PERIOD_M15_NONE_no_ordered_dow_wave3_break,true,h1_counter_m15_reversal,true,top_NONE_dow_range_or_transition|structure_NONE_no_ordered_dow_wave3_break|structure_break_recent_confirmed_swing_break_failed|primary_break_no_recent_confirmed_swing_break,none,above_75sma_rising,below_75sma_falling,above_75sma_rising,-1,0.00000000,-1,0.00000000,false,off,NONE,NONE,0.00000000,0.00000000,0.0000,none,0.000,true,SHORT,return_low_break_or_bos_down,1.35042000,12,1.35326000,1.34909000,false,off,independent,false,,,false,0.0000,none,0.0000,0.0000,none,0.0000,0.0000,0.0000,none,0.0000,0,0,0.0000,none,none,none,none,0.0000,0,0.0000,none,false,true,not_evaluated,true,required_light_or_anchor_flip,long_bias,1.34909000,2025.06.03 15:00:00,1.35258000,2025.06.03 12:30:00,2025.06.03 17:30:00,false,NONE,0.00000000,0.00000000,0.0000,-1,false,,-1,NONE,0.00000000,0.00000000,0.0000,0.0000,none,,none,false,NONE,-1,-1,-1,false,false,none,false,true,false,true,none,true,required,false,PERIOD_M5,,,-1,0.0000,false,0.00000000,0.0000,false,0.0000,false,none,none,false,no_anchor_flip_in_entry_direction,true,required_first_signal_only,SHORT,unknown,0.00000000,,0.00000000,,false,,-1,false,NONE,0.00000000,,0.00000000,0.0000,0.0000,none,-1,false,false,false,no_anchor_flip_in_entry_direction,,,,false,false,false,-1,-1,-1,-1,-1,false,false,false,0.0000,range_n,true,1.35367000,1.34909000,3.7695,false,0.0000,0.0000,0,none,true,0.7602,deep_618_786,0.120,diagnostic_only,diagnostic_only,diagnostic_only,fib_pullback,5,0.410,true,none,0.560,high_quality,false,false,diagnostic_only,both,true,none,true,diagnostic_adjacent_detected,required_light,false,false,LONG,3,false,false,0,,,-1,0.0000,0.00000000,0.00000000,0.00000000,false,false,none,0.00000000,false,0.0000,0.0000,false,1,0.0000,false,-1,0.00000000,0.0000,off,false,not_evaluated,none,0.0000,0.0000,none,false,false,false,0.0000,none,false,none,0.0000,false,none,0.0000,0.0000,0.0000,0.0000,false,none,0.0000,none,none,false,false,none,0.0000,0.0000,0.0000,0.0000,none,false,false,0.0000,0.0000,false,false,-1,none,none,false,0.000,0.000,1.35232000,1.35218588,1.35218588,recent_equal_highs,0.00007412,0.0806,neckline_level,1.35232000,0.1167,false,true,true,false,not_blocked,8,4,4,m5_failure_exit,off,none,0.00000000,0.0000,1.30,1.35106000,4.200,-0.300,0.200,PERIOD_M15,1.35326000,1.34953000,0.7319,deep_618_786,0.000,true,1.35226000,1.35318000,0.00092000,1.35106000,1.304,0.00051429,20.00,0-30,true,false,none,blocked_spread_too_high,4.300,4.300,none,0.0000,false,opposite_break_first,true,opposite_break_first,spread_too_high
2025.06.04 03:10:00,signal,session_reversal_pullback_one_symbol_first120,AUDJPY,SHORT,2025.06.04 03:05:00,3,0,9,tokyo,2025.06.04 00:00,5,first_120min,true,true,3,AUDJPY,highest_score_in_session_bar,tokyo=USDJPY|EURJPY|GBPJPY|AUDJPY,existing_first120_gate,tokyo,true,false,true,passed_first_window,double_top,neckline_break_retest,93.01800000,PERIOD_M5,PERIOD_H1,PERIOD_M15,PERIOD_M5,PERIOD_M5,false,htf_soft_alignment,current_post_filter,transcript_post_filter,dow_range_or_transition,no_ordered_dow_wave3_break,dow_range_or_transition,no_ordered_dow_wave3_break,false,false,true,SHORT,PERIOD_M5,double_top,double_top,4.200,none,0.000,double_top,4.200,none,0.000,SHORT,false,PERIOD_H1_NONE_dow_range_or_transition|PERIOD_M15_NONE_no_ordered_dow_wave3_break,true,h1_counter_m15_reversal,true,top_NONE_dow_range_or_transition|structure_NONE_no_ordered_dow_wave3_break|structure_break_recent_confirmed_swing_break_retest|primary_break_recent_confirmed_swing_break_failed,none,above_75sma_rising,above_75sma_rising,below_75sma_falling,0,92.96600000,-1,0.00000000,false,off,NONE,NONE,0.00000000,0.00000000,0.0000,none,0.000,true,SHORT,return_low_break_or_bos_down,92.96600000,0,93.13500000,92.70800000,false,off,independent,false,,,false,0.0000,none,0.0000,0.0000,none,0.0000,0.0000,0.0000,none,0.0000,0,0,0.0000,none,none,none,none,0.0000,0,0.0000,none,false,true,not_evaluated,true,required_light_or_anchor_flip,long_bias,92.70800000,2025.06.04 00:00:00,93.12300000,2025.06.03 22:45:00,2025.06.04 01:15:00,false,NONE,0.00000000,0.00000000,0.0000,-1,false,,-1,NONE,0.00000000,0.00000000,0.0000,0.0000,none,,none,false,NONE,-1,-1,-1,false,false,none,false,true,false,true,none,true,required,false,PERIOD_M5,,,-1,0.0000,false,0.00000000,0.0000,false,0.0000,false,none,none,false,no_anchor_flip_in_entry_direction,true,required_first_signal_only,SHORT,unknown,0.00000000,,0.00000000,,false,,-1,false,NONE,0.00000000,,0.00000000,0.0000,0.0000,none,-1,false,false,false,no_anchor_flip_in_entry_direction,,,,false,false,false,-1,-1,-1,-1,-1,false,false,false,0.0000,rising_n,false,93.13500000,92.70800000,5.4296,false,0.0000,0.0000,0,none,true,0.7213,deep_618_786,0.120,diagnostic_only,diagnostic_only,diagnostic_only,shallow_pullback,6,0.360,true,none,0.510,high_quality,false,false,diagnostic_only,both,true,none,true,diagnostic_adjacent_detected,required_light,false,false,LONG,3,false,false,0,,,-1,0.0000,0.00000000,0.00000000,0.00000000,false,false,none,0.00000000,false,0.0000,0.0000,false,1,0.0000,false,-1,0.00000000,0.0000,off,false,not_evaluated,none,0.0000,0.0000,none,false,false,false,0.0000,none,false,none,0.0000,false,none,0.0000,0.0000,0.0000,0.0000,false,none,0.0000,none,none,false,false,none,0.0000,0.0000,0.0000,0.0000,none,false,false,0.0000,0.0000,false,false,-1,none,none,false,0.000,0.000,93.01800000,92.99200000,92.99200000,wick_cluster_zone,0.02400000,0.5333,neckline_level,93.01800000,0.0463,false,false,true,false,not_blocked,2,0,2,m5_failure_exit,off,none,0.00000000,0.0000,1.30,92.95800000,4.200,-0.300,0.200,PERIOD_M15,93.13500000,92.70800000,0.7213,deep_618_786,0.000,true,93.01600000,93.06100000,0.04500000,92.95800000,1.289,0.04321429,28.00,0-30,true,false,none,not_consumed,4.650,4.650,none,0.0000,false,opposite_break_first,true,opposite_break_first,spread_too_high
2025.06.04 03:10:00,blocked,session_reversal_pullback_one_symbol_first120,AUDJPY,SHORT,2025.06.04 03:05:00,3,0,9,tokyo,2025.06.04 00:00,5,first_120min,true,true,3,AUDJPY,highest_score_in_session_bar,tokyo=USDJPY|EURJPY|GBPJPY|AUDJPY,existing_first120_gate,tokyo,true,false,true,passed_first_window,double_top,neckline_break_retest,93.01800000,PERIOD_M5,PERIOD_H1,PERIOD_M15,PERIOD_M5,PERIOD_M5,false,htf_soft_alignment,current_post_filter,transcript_post_filter,dow_range_or_transition,no_ordered_dow_wave3_break,dow_range_or_transition,no_ordered_dow_wave3_break,false,false,true,SHORT,PERIOD_M5,double_top,double_top,4.200,none,0.000,double_top,4.200,none,0.000,SHORT,false,PERIOD_H1_NONE_dow_range_or_transition|PERIOD_M15_NONE_no_ordered_dow_wave3_break,true,h1_counter_m15_reversal,true,top_NONE_dow_range_or_transition|structure_NONE_no_ordered_dow_wave3_break|structure_break_recent_confirmed_swing_break_retest|primary_break_recent_confirmed_swing_break_failed,none,above_75sma_rising,above_75sma_rising,below_75sma_falling,0,92.96600000,-1,0.00000000,false,off,NONE,NONE,0.00000000,0.00000000,0.0000,none,0.000,true,SHORT,return_low_break_or_bos_down,92.96600000,0,93.13500000,92.70800000,false,off,independent,false,,,false,0.0000,none,0.0000,0.0000,none,0.0000,0.0000,0.0000,none,0.0000,0,0,0.0000,none,none,none,none,0.0000,0,0.0000,none,false,true,not_evaluated,true,required_light_or_anchor_flip,long_bias,92.70800000,2025.06.04 00:00:00,93.12300000,2025.06.03 22:45:00,2025.06.04 01:15:00,false,NONE,0.00000000,0.00000000,0.0000,-1,false,,-1,NONE,0.00000000,0.00000000,0.0000,0.0000,none,,none,false,NONE,-1,-1,-1,false,false,none,false,true,false,true,none,true,required,false,PERIOD_M5,,,-1,0.0000,false,0.00000000,0.0000,false,0.0000,false,none,none,false,no_anchor_flip_in_entry_direction,true,required_first_signal_only,SHORT,unknown,0.00000000,,0.00000000,,false,,-1,false,NONE,0.00000000,,0.00000000,0.0000,0.0000,none,-1,false,false,false,no_anchor_flip_in_entry_direction,,,,false,false,false,-1,-1,-1,-1,-1,false,false,false,0.0000,rising_n,false,93.13500000,92.70800000,5.4296,false,0.0000,0.0000,0,none,true,0.7213,deep_618_786,0.120,diagnostic_only,diagnostic_only,diagnostic_only,shallow_pullback,6,0.360,true,none,0.510,high_quality,false,false,diagnostic_only,both,true,none,true,diagnostic_adjacent_detected,required_light,false,false,LONG,3,false,false,0,,,-1,0.0000,0.00000000,0.00000000,0.00000000,false,false,none,0.00000000,false,0.0000,0.0000,false,1,0.0000,false,-1,0.00000000,0.0000,off,false,not_evaluated,none,0.0000,0.0000,none,false,false,false,0.0000,none,false,none,0.0000,false,none,0.0000,0.0000,0.0000,0.0000,false,none,0.0000,none,none,false,false,none,0.0000,0.0000,0.0000,0.0000,none,false,false,0.0000,0.0000,false,false,-1,none,none,false,0.000,0.000,93.01800000,92.99200000,92.99200000,wick_cluster_zone,0.02400000,0.5333,neckline_level,93.01800000,0.0463,false,false,true,false,not_blocked,2,0,2,m5_failure_exit,off,none,0.00000000,0.0000,1.30,92.95800000,4.200,-0.300,0.200,PERIOD_M15,93.13500000,92.70800000,0.7213,deep_618_786,0.000,true,93.01600000,93.06100000,0.04500000,92.95800000,1.289,0.04321429,28.00,0-30,true,false,none,blocked_spread_too_high,4.650,4.650,none,0.0000,false,opposite_break_first,true,opposite_break_first,spread_too_high
2025.06.04 10:10:00,signal,session_reversal_pullback_one_symbol_first120,USDJPY,SHORT,2025.06.04 10:05:00,10,7,16,london,2025.06.04 07:00,5,first_120min,true,true,3,USDJPY,highest_score_in_session_bar,london=USDJPY|EURJPY|GBPJPY|AUDJPY|EURUSD|GBPUSD,existing_first120_gate,london,false,false,true,passed_first_window,head_and_shoulders,neckline_break_retest,143.87700000,PERIOD_M5,PERIOD_H1,PERIOD_M15,PERIOD_M5,PERIOD_M5,false,htf_soft_alignment,current_post_filter,transcript_post_filter,dow_trend_up_hh_hl,no_ordered_dow_wave3_break,dow_trend_up_hh_hl,no_ordered_dow_wave3_break,false,false,true,SHORT,PERIOD_M5,head_and_shoulders,head_and_shoulders,4.500,none,0.000,head_and_shoulders,4.500,none,0.000,SHORT,false,PERIOD_H1_LONG_dow_trend_up_hh_hl|PERIOD_M15_NONE_no_ordered_dow_wave3_break,true,h1_counter_m15_reversal,true,top_LONG_dow_trend_up_hh_hl|structure_NONE_no_ordered_dow_wave3_break|structure_break_recent_confirmed_swing_break_failed|primary_break_recent_confirmed_swing_break_retest,none,above_75sma_rising,above_75sma_rising,below_75sma_flat_or_rising,-1,0.00000000,0,143.87700000,false,off,NONE,NONE,0.00000000,0.00000000,0.0000,none,0.000,true,SHORT,return_low_break_or_bos_down,143.76700000,20,144.37800000,143.66700000,false,off,independent,false,,,false,0.0000,none,0.0000,0.0000,none,0.0000,0.0000,0.0000,none,0.0000,0,0,0.0000,none,none,none,none,0.0000,0,0.0000,none,false,true,not_evaluated,true,required_light_or_anchor_flip,long_bias,143.66700000,2025.06.04 04:45:00,144.27900000,2025.06.04 04:00:00,2025.06.04 08:30:00,false,NONE,0.00000000,0.00000000,0.0000,-1,false,,-1,NONE,0.00000000,0.00000000,0.0000,0.0000,none,,none,false,NONE,-1,-1,-1,false,false,none,false,true,false,true,none,true,required,false,PERIOD_M5,,,-1,0.0000,false,0.00000000,0.0000,false,0.0000,false,none,none,false,no_anchor_flip_in_entry_direction,true,required_first_signal_only,SHORT,unknown,0.00000000,,0.00000000,,false,,-1,false,NONE,0.00000000,,0.00000000,0.0000,0.0000,none,-1,false,false,false,no_anchor_flip_in_entry_direction,,,,false,false,false,-1,-1,-1,-1,-1,false,false,false,0.0000,range_n,true,144.37800000,143.66700000,5.4304,false,0.0000,0.0000,0,none,true,0.2461,shallow_236_382,0.080,diagnostic_only,diagnostic_only,diagnostic_only,shallow_pullback,5,0.320,true,none,0.470,high_quality,false,false,diagnostic_only,both,true,none,true,diagnostic_adjacent_detected,required_light,false,false,LONG,5,false,false,1,2025.06.04 07:55:00,2025.06.04 09:40:00,5,5.8991,0.00000000,143.87700000,143.87700000,true,true,m5_hl_close_break_down,143.87700000,true,0.2944,1.3776,true,1,0.0000,true,1,143.87700000,0.0235,off,false,not_evaluated,none,0.9672,0.0328,very_strong,true,false,false,0.0000,held_clean,true,favorable_side,0.3594,false,clean_retest,5.8991,1.1304,5.2187,1.2010,false,no_shrink,0.0000,none,none,false,false,none,0.0000,0.0000,0.0000,0.0000,none,false,false,0.0000,0.0000,false,false,-1,none,none,false,0.000,0.000,143.87700000,143.81100000,143.81100000,session_low,0.03100000,0.1216,neckline_level,143.87700000,0.4121,false,true,true,false,not_blocked,5,4,1,m5_failure_exit,off,none,0.00000000,0.0000,1.30,143.51100000,4.500,-0.300,0.200,PERIOD_M15,144.37800000,143.66700000,0.2461,outside,0.000,true,143.84200000,144.09700000,0.25500000,143.51100000,1.298,0.08492857,15.00,0-30,true,false,none,not_consumed,4.800,4.800,none,0.0000,false,neckline_retest_failed,false,not_invalidated,
2025.06.04 10:10:00,order_sent,session_reversal_pullback_one_symbol_first120,USDJPY,SHORT,2025.06.04 10:05:00,10,7,16,london,2025.06.04 07:00,5,first_120min,true,true,3,USDJPY,highest_score_in_session_bar,london=USDJPY|EURJPY|GBPJPY|AUDJPY|EURUSD|GBPUSD,existing_first120_gate,london,false,false,true,passed_first_window,head_and_shoulders,neckline_break_retest,143.87700000,PERIOD_M5,PERIOD_H1,PERIOD_M15,PERIOD_M5,PERIOD_M5,false,htf_soft_alignment,current_post_filter,transcript_post_filter,dow_trend_up_hh_hl,no_ordered_dow_wave3_break,dow_trend_up_hh_hl,no_ordered_dow_wave3_break,false,false,true,SHORT,PERIOD_M5,head_and_shoulders,head_and_shoulders,4.500,none,0.000,head_and_shoulders,4.500,none,0.000,SHORT,false,PERIOD_H1_LONG_dow_trend_up_hh_hl|PERIOD_M15_NONE_no_ordered_dow_wave3_break,true,h1_counter_m15_reversal,true,top_LONG_dow_trend_up_hh_hl|structure_NONE_no_ordered_dow_wave3_break|structure_break_recent_confirmed_swing_break_failed|primary_break_recent_confirmed_swing_break_retest,none,above_75sma_rising,above_75sma_rising,below_75sma_flat_or_rising,-1,0.00000000,0,143.87700000,false,off,NONE,NONE,0.00000000,0.00000000,0.0000,none,0.000,true,SHORT,return_low_break_or_bos_down,143.76700000,20,144.37800000,143.66700000,false,off,independent,false,,,false,0.0000,none,0.0000,0.0000,none,0.0000,0.0000,0.0000,none,0.0000,0,0,0.0000,none,none,none,none,0.0000,0,0.0000,none,false,true,not_evaluated,true,required_light_or_anchor_flip,long_bias,143.66700000,2025.06.04 04:45:00,144.27900000,2025.06.04 04:00:00,2025.06.04 08:30:00,false,NONE,0.00000000,0.00000000,0.0000,-1,false,,-1,NONE,0.00000000,0.00000000,0.0000,0.0000,none,,none,false,NONE,-1,-1,-1,false,false,none,false,true,false,true,none,true,required,false,PERIOD_M5,,,-1,0.0000,false,0.00000000,0.0000,false,0.0000,false,none,none,false,no_anchor_flip_in_entry_direction,true,required_first_signal_only,SHORT,unknown,0.00000000,,0.00000000,,false,,-1,false,NONE,0.00000000,,0.00000000,0.0000,0.0000,none,-1,false,false,false,no_anchor_flip_in_entry_direction,,,,false,false,false,-1,-1,-1,-1,-1,false,false,false,0.0000,range_n,true,144.37800000,143.66700000,5.4304,false,0.0000,0.0000,0,none,true,0.2461,shallow_236_382,0.080,diagnostic_only,diagnostic_only,diagnostic_only,shallow_pullback,5,0.320,true,none,0.470,high_quality,false,false,diagnostic_only,both,true,none,true,diagnostic_adjacent_detected,required_light,false,false,LONG,5,false,false,1,2025.06.04 07:55:00,2025.06.04 09:40:00,5,5.8991,0.00000000,143.87700000,143.87700000,true,true,m5_hl_close_break_down,143.87700000,true,0.2944,1.3776,true,1,0.0000,true,1,143.87700000,0.0235,off,false,not_evaluated,none,0.9672,0.0328,very_strong,true,false,false,0.0000,held_clean,true,favorable_side,0.3594,false,clean_retest,5.8991,1.1304,5.2187,1.2010,false,no_shrink,0.0000,none,none,false,false,none,0.0000,0.0000,0.0000,0.0000,none,false,false,0.0000,0.0000,false,false,-1,none,none,false,0.000,0.000,143.87700000,143.81100000,143.81100000,session_low,0.03100000,0.1216,neckline_level,143.87700000,0.4121,false,true,true,false,not_blocked,5,4,1,m5_failure_exit,off,none,0.00000000,0.0000,1.30,143.51100000,4.500,-0.300,0.200,PERIOD_M15,144.37800000,143.66700000,0.2461,outside,0.000,true,143.84200000,144.09700000,0.25500000,143.51100000,1.298,0.08492857,15.00,0-30,true,false,none,order_sent,4.800,4.800,none,0.0000,false,neckline_retest_failed,false,not_invalidated,
2025.06.05 03:05:00,signal,session_reversal_pullback_one_symbol_first120,GBPJPY,SHORT,2025.06.05 03:00:00,3,0,9,tokyo,2025.06.05 00:00,0,first_120min,true,true,3,GBPJPY,highest_score_in_session_bar,tokyo=USDJPY|EURJPY|GBPJPY|AUDJPY,existing_first120_gate,tokyo,false,false,true,passed_first_window,double_top,neckline_break_retest,193.46700000,PERIOD_M5,PERIOD_H1,PERIOD_M15,PERIOD_M5,PERIOD_M5,false,htf_soft_alignment,current_post_filter,transcript_post_filter,dow_range_or_transition,structure_trend_bias_dow_trend_down_ll_lh,dow_range_or_transition,structure_trend_bias_dow_trend_down_ll_lh,false,false,true,SHORT,PERIOD_M5,double_top,double_top,4.200,none,0.000,double_top,4.200,none,0.000,SHORT,false,PERIOD_H1_NONE_dow_range_or_transition|PERIOD_M15_SHORT_structure_trend_bias_dow_trend_down_ll_lh,true,h1_counter_m15_reversal,true,top_NONE_dow_range_or_transition|structure_SHORT_structure_trend_bias_dow_trend_down_ll_lh|structure_break_recent_confirmed_swing_break_failed|primary_break_recent_confirmed_swing_break_failed,none,below_75sma_falling,below_75sma_falling,below_75sma_falling,-1,0.00000000,-1,0.00000000,false,off,NONE,NONE,0.00000000,0.00000000,0.0000,none,0.000,true,SHORT,return_low_break_or_bos_down,193.31900000,2,193.54800000,193.31900000,false,off,independent,false,,,false,0.0000,none,0.0000,0.0000,none,0.0000,0.0000,0.0000,none,0.0000,0,0,0.0000,none,none,none,none,0.0000,0,0.0000,none,false,true,not_evaluated,true,required_light_or_anchor_flip,short_bias,194.74300000,2025.06.04 12:15:00,193.65400000,2025.06.04 21:00:00,2025.06.05 00:15:00,false,NONE,0.00000000,0.00000000,0.0000,-1,false,,-1,NONE,0.00000000,0.00000000,0.0000,0.0000,none,,none,false,NONE,-1,-1,-1,false,false,none,true,false,false,true,none,true,required,false,PERIOD_M5,,,-1,0.0000,false,0.00000000,0.0000,false,0.0000,false,none,none,false,no_anchor_flip_in_entry_direction,true,required_first_signal_only,SHORT,unknown,0.00000000,,0.00000000,,false,,-1,false,NONE,0.00000000,,0.00000000,0.0000,0.0000,none,-1,false,false,false,no_anchor_flip_in_entry_direction,,,,false,false,false,-1,-1,-1,-1,-1,false,false,false,0.0000,falling_n,false,194.39200000,193.31900000,9.4359,false,0.0000,0.0000,0,none,true,0.5158,preferred_382_618,0.200,diagnostic_only,diagnostic_only,diagnostic_only,fib_pullback,6,0.440,true,none,0.590,high_quality,false,false,diagnostic_only,both,true,none,true,diagnostic_adjacent_detected,required_light,false,false,LONG,5,false,false,0,2025.06.05 01:15:00,2025.06.05 02:20:00,8,3.7195,0.00000000,193.24300000,193.24300000,false,false,none,0.00000000,false,0.0000,0.0000,false,1,0.0000,false,-1,0.00000000,0.0000,off,false,not_evaluated,none,0.0000,0.0000,none,false,false,false,0.0000,none,false,none,0.0000,false,none,3.0366,1.4878,2.0410,0.0000,true,strong_exhaustion,0.0000,none,none,false,false,none,0.0000,0.0000,0.0000,0.0000,none,false,false,0.0000,0.0000,false,false,-1,none,none,false,0.000,0.000,193.45900000,193.44082353,193.44082353,recent_equal_lows,0.01417647,0.1817,neckline_level,193.46700000,0.1463,false,true,true,false,not_blocked,2,1,1,m5_failure_exit,off,none,0.00000000,0.0000,1.30,193.35400000,4.200,-0.300,0.200,PERIOD_M15,193.54800000,193.31900000,0.5939,preferred_382_618,0.000,true,193.45500000,193.53300000,0.07800000,193.35400000,1.295,0.08200000,38.00,0-30,true,false,none,not_consumed,4.300,4.300,none,0.0000,false,opposite_break_first,true,opposite_break_first,spread_too_high
2025.06.05 03:05:00,blocked,session_reversal_pullback_one_symbol_first120,GBPJPY,SHORT,2025.06.05 03:00:00,3,0,9,tokyo,2025.06.05 00:00,0,first_120min,true,true,3,GBPJPY,highest_score_in_session_bar,tokyo=USDJPY|EURJPY|GBPJPY|AUDJPY,existing_first120_gate,tokyo,false,false,true,passed_first_window,double_top,neckline_break_retest,193.46700000,PERIOD_M5,PERIOD_H1,PERIOD_M15,PERIOD_M5,PERIOD_M5,false,htf_soft_alignment,current_post_filter,transcript_post_filter,dow_range_or_transition,structure_trend_bias_dow_trend_down_ll_lh,dow_range_or_transition,structure_trend_bias_dow_trend_down_ll_lh,false,false,true,SHORT,PERIOD_M5,double_top,double_top,4.200,none,0.000,double_top,4.200,none,0.000,SHORT,false,PERIOD_H1_NONE_dow_range_or_transition|PERIOD_M15_SHORT_structure_trend_bias_dow_trend_down_ll_lh,true,h1_counter_m15_reversal,true,top_NONE_dow_range_or_transition|structure_SHORT_structure_trend_bias_dow_trend_down_ll_lh|structure_break_recent_confirmed_swing_break_failed|primary_break_recent_confirmed_swing_break_failed,none,below_75sma_falling,below_75sma_falling,below_75sma_falling,-1,0.00000000,-1,0.00000000,false,off,NONE,NONE,0.00000000,0.00000000,0.0000,none,0.000,true,SHORT,return_low_break_or_bos_down,193.31900000,2,193.54800000,193.31900000,false,off,independent,false,,,false,0.0000,none,0.0000,0.0000,none,0.0000,0.0000,0.0000,none,0.0000,0,0,0.0000,none,none,none,none,0.0000,0,0.0000,none,false,true,not_evaluated,true,required_light_or_anchor_flip,short_bias,194.74300000,2025.06.04 12:15:00,193.65400000,2025.06.04 21:00:00,2025.06.05 00:15:00,false,NONE,0.00000000,0.00000000,0.0000,-1,false,,-1,NONE,0.00000000,0.00000000,0.0000,0.0000,none,,none,false,NONE,-1,-1,-1,false,false,none,true,false,false,true,none,true,required,false,PERIOD_M5,,,-1,0.0000,false,0.00000000,0.0000,false,0.0000,false,none,none,false,no_anchor_flip_in_entry_direction,true,required_first_signal_only,SHORT,unknown,0.00000000,,0.00000000,,false,,-1,false,NONE,0.00000000,,0.00000000,0.0000,0.0000,none,-1,false,false,false,no_anchor_flip_in_entry_direction,,,,false,false,false,-1,-1,-1,-1,-1,false,false,false,0.0000,falling_n,false,194.39200000,193.31900000,9.4359,false,0.0000,0.0000,0,none,true,0.5158,preferred_382_618,0.200,diagnostic_only,diagnostic_only,diagnostic_only,fib_pullback,6,0.440,true,none,0.590,high_quality,false,false,diagnostic_only,both,true,none,true,diagnostic_adjacent_detected,required_light,false,false,LONG,5,false,false,0,2025.06.05 01:15:00,2025.06.05 02:20:00,8,3.7195,0.00000000,193.24300000,193.24300000,false,false,none,0.00000000,false,0.0000,0.0000,false,1,0.0000,false,-1,0.00000000,0.0000,off,false,not_evaluated,none,0.0000,0.0000,none,false,false,false,0.0000,none,false,none,0.0000,false,none,3.0366,1.4878,2.0410,0.0000,true,strong_exhaustion,0.0000,none,none,false,false,none,0.0000,0.0000,0.0000,0.0000,none,false,false,0.0000,0.0000,false,false,-1,none,none,false,0.000,0.000,193.45900000,193.44082353,193.44082353,recent_equal_lows,0.01417647,0.1817,neckline_level,193.46700000,0.1463,false,true,true,false,not_blocked,2,1,1,m5_failure_exit,off,none,0.00000000,0.0000,1.30,193.35400000,4.200,-0.300,0.200,PERIOD_M15,193.54800000,193.31900000,0.5939,preferred_382_618,0.000,true,193.45500000,193.53300000,0.07800000,193.35400000,1.295,0.08200000,38.00,0-30,true,false,none,blocked_spread_too_high,4.300,4.300,none,0.0000,false,opposite_break_first,true,opposite_break_first,spread_too_high
2025.06.05 10:15:00,signal,session_reversal_pullback_one_symbol_first120,EURUSD,LONG,2025.06.05 10:10:00,10,7,16,london,2025.06.05 07:00,10,first_120min,true,true,3,EURUSD,highest_score_in_session_bar,london=USDJPY|EURJPY|GBPJPY|AUDJPY|EURUSD|GBPUSD,existing_first120_gate,london,false,false,true,passed_first_window,double_bottom,neckline_break_retest,1.14126000,PERIOD_M5,PERIOD_H1,PERIOD_M15,PERIOD_M5,PERIOD_M5,false,htf_soft_alignment,current_post_filter,transcript_post_filter,dow_range_or_transition,structure_trend_bias_dow_trend_down_ll_lh,dow_range_or_transition,structure_trend_bias_dow_trend_down_ll_lh,false,true,false,LONG,PERIOD_M5,double_bottom,double_bottom,4.200,none,0.000,double_bottom,4.200,none,0.000,LONG,false,PERIOD_H1_NONE_dow_range_or_transition|PERIOD_M15_SHORT_structure_trend_bias_dow_trend_down_ll_lh,true,h1_counter_m15_reversal,true,top_NONE_dow_range_or_transition|structure_SHORT_structure_trend_bias_dow_trend_down_ll_lh|structure_break_recent_confirmed_swing_break_failed|primary_break_recent_confirmed_swing_break_retest,none,above_75sma_rising,above_75sma_rising,above_75sma_flat_or_falling,-1,0.00000000,0,1.14129000,false,off,NONE,NONE,0.00000000,0.00000000,0.0000,none,0.000,true,LONG,return_high_break_or_bos_up,1.14278000,24,1.14221000,1.14038000,false,off,independent,false,,,false,0.0000,none,0.0000,0.0000,none,0.0000,0.0000,0.0000,none,0.0000,0,0,0.0000,none,none,none,none,0.0000,0,0.0000,none,false,true,not_evaluated,true,required_light_or_anchor_flip,short_bias,1.14155000,2025.06.05 03:00:00,1.14221000,2025.06.05 06:30:00,2025.06.05 08:45:00,false,NONE,0.00000000,0.00000000,0.0000,-1,false,,-1,NONE,0.00000000,0.00000000,0.0000,0.0000,none,,none,false,NONE,-1,-1,-1,false,false,none,false,true,false,true,none,true,required,false,PERIOD_M5,,,-1,0.0000,false,0.00000000,0.0000,false,0.0000,false,none,none,false,no_anchor_flip_in_entry_direction,true,required_first_signal_only,LONG,unknown,0.00000000,,0.00000000,,false,,-1,false,NONE,0.00000000,,0.00000000,0.0000,0.0000,none,-1,false,false,false,no_anchor_flip_in_entry_direction,,,,false,false,false,-1,-1,-1,-1,-1,false,false,false,0.0000,falling_n,false,1.14342000,1.14038000,4.2990,false,0.0000,0.0000,0,none,true,0.4572,preferred_382_618,0.200,diagnostic_only,diagnostic_only,diagnostic_only,fib_pullback,5,0.490,true,none,0.640,high_quality,false,false,diagnostic_only,both,true,none,true,diagnostic_adjacent_detected,required_light,false,true,SHORT,6,true,true,2,2025.06.05 07:40:00,2025.06.05 08:55:00,15,1.9789,1.14129000,0.00000000,1.14129000,true,true,m5_lh_close_break_up,1.14129000,true,0.7368,0.9684,true,1,1.4316,true,12,1.14129000,0.0211,off,false,not_evaluated,none,0.5100,0.0000,normal,false,false,true,1.4316,failed_2bars,true,favorable_side,0.2500,false,clean_retest,1.9158,1.2842,1.4918,0.6947,false,no_shrink,0.0000,none,none,false,false,none,0.0000,0.0000,0.0000,0.0000,none,false,false,0.0000,0.0000,false,false,-1,none,none,false,0.000,0.000,1.14221000,1.14189000,1.14221000,structure_confirmed_swing_high,0.00018000,0.1268,session_high|opening_range_high|neckline_level,1.14189000,0.2947,false,true,true,false,not_blocked,4,3,1,m5_failure_exit,off,none,0.00000000,0.0000,1.30,1.14388000,4.200,-0.300,0.200,PERIOD_M15,1.14221000,1.14038000,0.0984,outside,0.000,true,1.14203000,1.14061000,0.00142000,1.14388000,1.303,0.00047500,18.00,0-30,true,false,none,not_consumed,4.500,4.500,none,0.0000,false,neckline_retest_failed,false,not_invalidated,spread_too_high
2025.06.05 10:15:00,blocked,session_reversal_pullback_one_symbol_first120,EURUSD,LONG,2025.06.05 10:10:00,10,7,16,london,2025.06.05 07:00,10,first_120min,true,true,3,EURUSD,highest_score_in_session_bar,london=USDJPY|EURJPY|GBPJPY|AUDJPY|EURUSD|GBPUSD,existing_first120_gate,london,false,false,true,passed_first_window,double_bottom,neckline_break_retest,1.14126000,PERIOD_M5,PERIOD_H1,PERIOD_M15,PERIOD_M5,PERIOD_M5,false,htf_soft_alignment,current_post_filter,transcript_post_filter,dow_range_or_transition,structure_trend_bias_dow_trend_down_ll_lh,dow_range_or_transition,structure_trend_bias_dow_trend_down_ll_lh,false,true,false,LONG,PERIOD_M5,double_bottom,double_bottom,4.200,none,0.000,double_bottom,4.200,none,0.000,LONG,false,PERIOD_H1_NONE_dow_range_or_transition|PERIOD_M15_SHORT_structure_trend_bias_dow_trend_down_ll_lh,true,h1_counter_m15_reversal,true,top_NONE_dow_range_or_transition|structure_SHORT_structure_trend_bias_dow_trend_down_ll_lh|structure_break_recent_confirmed_swing_break_failed|primary_break_recent_confirmed_swing_break_retest,none,above_75sma_rising,above_75sma_rising,above_75sma_flat_or_falling,-1,0.00000000,0,1.14129000,false,off,NONE,NONE,0.00000000,0.00000000,0.0000,none,0.000,true,LONG,return_high_break_or_bos_up,1.14278000,24,1.14221000,1.14038000,false,off,independent,false,,,false,0.0000,none,0.0000,0.0000,none,0.0000,0.0000,0.0000,none,0.0000,0,0,0.0000,none,none,none,none,0.0000,0,0.0000,none,false,true,not_evaluated,true,required_light_or_anchor_flip,short_bias,1.14155000,2025.06.05 03:00:00,1.14221000,2025.06.05 06:30:00,2025.06.05 08:45:00,false,NONE,0.00000000,0.00000000,0.0000,-1,false,,-1,NONE,0.00000000,0.00000000,0.0000,0.0000,none,,none,false,NONE,-1,-1,-1,false,false,none,false,true,false,true,none,true,required,false,PERIOD_M5,,,-1,0.0000,false,0.00000000,0.0000,false,0.0000,false,none,none,false,no_anchor_flip_in_entry_direction,true,required_first_signal_only,LONG,unknown,0.00000000,,0.00000000,,false,,-1,false,NONE,0.00000000,,0.00000000,0.0000,0.0000,none,-1,false,false,false,no_anchor_flip_in_entry_direction,,,,false,false,false,-1,-1,-1,-1,-1,false,false,false,0.0000,falling_n,false,1.14342000,1.14038000,4.2990,false,0.0000,0.0000,0,none,true,0.4572,preferred_382_618,0.200,diagnostic_only,diagnostic_only,diagnostic_only,fib_pullback,5,0.490,true,none,0.640,high_quality,false,false,diagnostic_only,both,true,none,true,diagnostic_adjacent_detected,required_light,false,true,SHORT,6,true,true,2,2025.06.05 07:40:00,2025.06.05 08:55:00,15,1.9789,1.14129000,0.00000000,1.14129000,true,true,m5_lh_close_break_up,1.14129000,true,0.7368,0.9684,true,1,1.4316,true,12,1.14129000,0.0211,off,false,not_evaluated,none,0.5100,0.0000,normal,false,false,true,1.4316,failed_2bars,true,favorable_side,0.2500,false,clean_retest,1.9158,1.2842,1.4918,0.6947,false,no_shrink,0.0000,none,none,false,false,none,0.0000,0.0000,0.0000,0.0000,none,false,false,0.0000,0.0000,false,false,-1,none,none,false,0.000,0.000,1.14221000,1.14189000,1.14221000,structure_confirmed_swing_high,0.00018000,0.1268,session_high|opening_range_high|neckline_level,1.14189000,0.2947,false,true,true,false,not_blocked,4,3,1,m5_failure_exit,off,none,0.00000000,0.0000,1.30,1.14388000,4.200,-0.300,0.200,PERIOD_M15,1.14221000,1.14038000,0.0984,outside,0.000,true,1.14203000,1.14061000,0.00142000,1.14388000,1.303,0.00047500,18.00,0-30,true,false,none,blocked_spread_too_high,4.500,4.500,none,0.0000,false,neckline_retest_failed,false,not_invalidated,spread_too_high
2025.06.05 16:20:00,signal,session_reversal_pullback_one_symbol_first120,USDJPY,SHORT,2025.06.05 16:15:00,16,13,22,london_newyork_overlap,2025.06.05 13:00,15,first_120min,true,true,3,USDJPY,highest_score_in_session_bar,london_newyork_overlap=USDJPY|EURJPY|GBPJPY|AUDJPY|EURUSD|GBPUSD,existing_first120_gate,london_newyork_overlap,false,false,true,passed_first_window,double_top,neckline_break_retest,143.24100000,PERIOD_M5,PERIOD_H1,PERIOD_M15,PERIOD_M5,PERIOD_M5,false,htf_soft_alignment,current_post_filter,transcript_post_filter,dow_range_or_transition,no_ordered_dow_wave3_break,dow_range_or_transition,no_ordered_dow_wave3_break,false,false,true,SHORT,PERIOD_M5,double_top,double_top,4.200,none,0.000,double_top,4.200,none,0.000,SHORT,false,PERIOD_H1_NONE_dow_range_or_transition|PERIOD_M15_NONE_no_ordered_dow_wave3_break,true,h1_counter_m15_reversal,true,top_NONE_dow_range_or_transition|structure_NONE_no_ordered_dow_wave3_break|structure_break_recent_confirmed_swing_break_failed|primary_break_recent_confirmed_swing_break_failed,none,above_75sma_rising,above_75sma_rising,below_75sma_flat_or_rising,-1,0.00000000,-1,0.00000000,false,off,NONE,NONE,0.00000000,0.00000000,0.0000,none,0.000,true,SHORT,return_low_break_or_bos_down,143.02200000,2,143.31700000,143.02200000,false,off,independent,false,,,false,0.0000,none,0.0000,0.0000,none,0.0000,0.0000,0.0000,none,0.0000,0,0,0.0000,none,none,none,none,0.0000,0,0.0000,none,false,true,not_evaluated,true,required_light_or_anchor_flip,long_bias,142.69700000,2025.06.05 06:30:00,142.82500000,2025.06.05 01:15:00,2025.06.05 11:15:00,false,NONE,0.00000000,0.00000000,0.0000,-1,false,,-1,NONE,0.00000000,0.00000000,0.0000,0.0000,none,,none,false,NONE,-1,-1,-1,false,false,none,false,true,false,true,none,true,required,false,PERIOD_M5,,,-1,0.0000,false,0.00000000,0.0000,false,0.0000,false,none,none,false,no_anchor_flip_in_entry_direction,true,required_first_signal_only,SHORT,unknown,0.00000000,,0.00000000,,false,,-1,false,NONE,0.00000000,,0.00000000,0.0000,0.0000,none,-1,false,false,false,no_anchor_flip_in_entry_direction,,,,false,false,false,-1,-1,-1,-1,-1,false,false,false,0.0000,range_n,true,143.39100000,142.56200000,4.3912,false,0.0000,0.0000,0,none,true,0.4393,preferred_382_618,0.200,diagnostic_only,diagnostic_only,diagnostic_only,fib_pullback,6,0.440,true,none,0.590,high_quality,false,false,diagnostic_only,both,true,none,true,diagnostic_adjacent_detected,required_light,false,false,LONG,4,false,false,1,2025.06.05 13:40:00,2025.06.05 15:50:00,5,4.9201,0.00000000,142.76700000,142.76700000,false,false,none,0.00000000,false,0.0000,0.0000,false,1,0.0000,false,-1,0.00000000,0.0000,off,false,not_evaluated,none,0.0000,0.0000,none,false,false,false,0.0000,none,false,none,0.0000,false,none,4.9201,1.6020,3.0712,1.9333,false,no_shrink,0.0000,none,none,false,false,none,0.0000,0.0000,0.0000,0.0000,none,false,false,0.0000,0.0000,false,false,-1,none,none,false,0.000,0.000,143.24100000,143.15800000,143.04300000,failed_breakout_level,0.12200000,0.6854,session_low|opening_range_low|neckline_level,143.15800000,0.0380,false,true,true,false,not_blocked,3,2,1,m5_failure_exit,off,none,0.00000000,0.0000,1.30,142.93300000,4.200,-0.300,0.200,PERIOD_M15,143.31700000,143.02200000,0.4847,preferred_382_618,0.000,true,143.16500000,143.34300000,0.17800000,142.93300000,1.303,0.18414286,15.00,0-30,true,false,none,not_consumed,4.300,4.300,none,0.0000,false,opposite_break_first,true,opposite_break_first,session_invalidated
2025.06.05 16:20:00,blocked,session_reversal_pullback_one_symbol_first120,USDJPY,SHORT,2025.06.05 16:15:00,16,13,22,london_newyork_overlap,2025.06.05 13:00,15,first_120min,true,true,3,USDJPY,highest_score_in_session_bar,london_newyork_overlap=USDJPY|EURJPY|GBPJPY|AUDJPY|EURUSD|GBPUSD,existing_first120_gate,london_newyork_overlap,false,false,true,passed_first_window,double_top,neckline_break_retest,143.24100000,PERIOD_M5,PERIOD_H1,PERIOD_M15,PERIOD_M5,PERIOD_M5,false,htf_soft_alignment,current_post_filter,transcript_post_filter,dow_range_or_transition,no_ordered_dow_wave3_break,dow_range_or_transition,no_ordered_dow_wave3_break,false,false,true,SHORT,PERIOD_M5,double_top,double_top,4.200,none,0.000,double_top,4.200,none,0.000,SHORT,false,PERIOD_H1_NONE_dow_range_or_transition|PERIOD_M15_NONE_no_ordered_dow_wave3_break,true,h1_counter_m15_reversal,true,top_NONE_dow_range_or_transition|structure_NONE_no_ordered_dow_wave3_break|structure_break_recent_confirmed_swing_break_failed|primary_break_recent_confirmed_swing_break_failed,none,above_75sma_rising,above_75sma_rising,below_75sma_flat_or_rising,-1,0.00000000,-1,0.00000000,false,off,NONE,NONE,0.00000000,0.00000000,0.0000,none,0.000,true,SHORT,return_low_break_or_bos_down,143.02200000,2,143.31700000,143.02200000,false,off,independent,false,,,false,0.0000,none,0.0000,0.0000,none,0.0000,0.0000,0.0000,none,0.0000,0,0,0.0000,none,none,none,none,0.0000,0,0.0000,none,false,true,not_evaluated,true,required_light_or_anchor_flip,long_bias,142.69700000,2025.06.05 06:30:00,142.82500000,2025.06.05 01:15:00,2025.06.05 11:15:00,false,NONE,0.00000000,0.00000000,0.0000,-1,false,,-1,NONE,0.00000000,0.00000000,0.0000,0.0000,none,,none,false,NONE,-1,-1,-1,false,false,none,false,true,false,true,none,true,required,false,PERIOD_M5,,,-1,0.0000,false,0.00000000,0.0000,false,0.0000,false,none,none,false,no_anchor_flip_in_entry_direction,true,required_first_signal_only,SHORT,unknown,0.00000000,,0.00000000,,false,,-1,false,NONE,0.00000000,,0.00000000,0.0000,0.0000,none,-1,false,false,false,no_anchor_flip_in_entry_direction,,,,false,false,false,-1,-1,-1,-1,-1,false,false,false,0.0000,range_n,true,143.39100000,142.56200000,4.3912,false,0.0000,0.0000,0,none,true,0.4393,preferred_382_618,0.200,diagnostic_only,diagnostic_only,diagnostic_only,fib_pullback,6,0.440,true,none,0.590,high_quality,false,false,diagnostic_only,both,true,none,true,diagnostic_adjacent_detected,required_light,false,false,LONG,4,false,false,1,2025.06.05 13:40:00,2025.06.05 15:50:00,5,4.9201,0.00000000,142.76700000,142.76700000,false,false,none,0.00000000,false,0.0000,0.0000,false,1,0.0000,false,-1,0.00000000,0.0000,off,false,not_evaluated,none,0.0000,0.0000,none,false,false,false,0.0000,none,false,none,0.0000,false,none,4.9201,1.6020,3.0712,1.9333,false,no_shrink,0.0000,none,none,false,false,none,0.0000,0.0000,0.0000,0.0000,none,false,false,0.0000,0.0000,false,false,-1,none,none,false,0.000,0.000,143.24100000,143.15800000,143.04300000,failed_breakout_level,0.12200000,0.6854,session_low|opening_range_low|neckline_level,143.15800000,0.0380,false,true,true,false,not_blocked,3,2,1,m5_failure_exit,off,none,0.00000000,0.0000,1.30,142.93300000,4.200,-0.300,0.200,PERIOD_M15,143.31700000,143.02200000,0.4847,preferred_382_618,0.000,true,143.16500000,143.34300000,0.17800000,142.93300000,1.303,0.18414286,15.00,0-30,true,false,none,blocked_session_invalidated,4.300,4.300,none,0.0000,false,opposite_break_first,true,opposite_break_first,session_invalidated
2025.06.06 11:00:00,signal,session_reversal_pullback_one_symbol_first120,EURJPY,LONG,2025.06.06 10:55:00,10,7,16,london,2025.06.06 07:00,55,first_120min,true,true,3,EURJPY,highest_score_in_session_bar,london=USDJPY|EURJPY|GBPJPY|AUDJPY|EURUSD|GBPUSD,existing_first120_gate,london,false,false,true,passed_first_window,sweep_low_reclaim,sweep_reclaim_retest,164.35100000,PERIOD_M5,PERIOD_H1,PERIOD_M15,PERIOD_M5,PERIOD_M5,false,htf_soft_alignment,current_post_filter,transcript_post_filter,dow_range_or_transition,structure_trend_bias_dow_trend_up_hh_hl,dow_range_or_transition,structure_trend_bias_dow_trend_up_hh_hl,false,true,false,LONG,PERIOD_M5,sweep_low_reclaim,sweep_low_reclaim,3.400,none,0.000,sweep_low_reclaim,3.400,none,0.000,LONG,false,PERIOD_H1_NONE_dow_range_or_transition|PERIOD_M15_LONG_structure_trend_bias_dow_trend_up_hh_hl,true,h1_counter_m15_reversal,true,top_NONE_dow_range_or_transition|structure_LONG_structure_trend_bias_dow_trend_up_hh_hl|structure_break_recent_confirmed_swing_break_failed|primary_break_recent_confirmed_swing_break_retest,none,above_75sma_rising,above_75sma_rising,below_75sma_falling,-1,0.00000000,0,164.35900000,false,off,NONE,NONE,0.00000000,0.00000000,0.0000,none,0.000,true,LONG,return_high_break_or_bos_up,164.58000000,4,164.77200000,164.36700000,false,off,independent,false,,,false,0.0000,none,0.0000,0.0000,none,0.0000,0.0000,0.0000,none,0.0000,0,0,0.0000,none,none,none,none,0.0000,0,0.0000,none,false,true,not_evaluated,true,required_light_or_anchor_flip,bias_flip_down,164.46600000,2025.06.06 09:00:00,164.44200000,2025.06.06 00:00:00,2025.06.06 09:45:00,true,SHORT,164.46600000,164.42800000,0.3694,2,true,2025.06.06 10:15:00,2,SHORT,164.46600000,164.42800000,0.3694,1.1958,strong,2025.06.06 10:45:00,first_after_anchor,true,SHORT,2,0,2,true,false,fresh_0_4,false,true,false,true,none,true,required,false,PERIOD_M5,,,-1,0.0000,false,0.00000000,0.0000,false,0.0000,false,none,none,false,no_anchor_flip_in_entry_direction,true,required_first_signal_only,LONG,unknown,0.00000000,,0.00000000,,false,,-1,false,NONE,0.00000000,,0.00000000,0.0000,0.0000,none,-1,false,false,false,no_anchor_flip_in_entry_direction,,,,false,false,false,-1,-1,-1,-1,-1,false,false,false,0.0000,rising_n,false,164.77200000,164.36900000,3.9181,true,1.1958,0.0752,2,strong,true,0.7630,deep_618_786,0.120,diagnostic_only,diagnostic_only,diagnostic_only,fib_pullback,24,0.370,true,none,0.520,medium_quality,false,false,diagnostic_only,both,true,none,true,diagnostic_adjacent_detected,required_light,false,false,SHORT,5,false,false,1,2025.06.06 08:35:00,2025.06.06 09:50:00,13,4.5142,164.77200000,0.00000000,164.77200000,false,false,none,0.00000000,false,0.0000,0.0000,false,1,0.0000,false,-1,0.00000000,0.0000,off,false,not_evaluated,none,0.0000,0.0000,none,false,false,false,0.0000,none,false,none,0.0000,false,none,4.5142,1.3867,3.2553,0.2803,false,no_shrink,0.0000,none,none,false,false,none,0.0000,0.0000,0.0000,0.0000,none,false,false,0.0000,0.0000,false,false,-1,none,none,false,0.000,0.000,164.46600000,164.45660000,164.46600000,structure_confirmed_swing_low,0.00300000,0.0211,neckline_level,164.35100000,1.6523,false,true,true,false,not_blocked,5,3,2,m5_failure_exit,off,none,0.00000000,0.0000,1.30,164.64800000,3.400,-0.300,0.200,PERIOD_M15,164.77200000,164.46600000,1.0098,outside,0.000,true,164.46300000,164.32100000,0.14200000,164.64800000,1.303,0.06778571,30.00,30-60,true,false,none,not_consumed,3.700,3.700,none,0.0000,false,opposite_break_first,true,opposite_break_first,spread_too_high
2025.06.06 11:00:00,blocked,session_reversal_pullback_one_symbol_first120,EURJPY,LONG,2025.06.06 10:55:00,10,7,16,london,2025.06.06 07:00,55,first_120min,true,true,3,EURJPY,highest_score_in_session_bar,london=USDJPY|EURJPY|GBPJPY|AUDJPY|EURUSD|GBPUSD,existing_first120_gate,london,false,false,true,passed_first_window,sweep_low_reclaim,sweep_reclaim_retest,164.35100000,PERIOD_M5,PERIOD_H1,PERIOD_M15,PERIOD_M5,PERIOD_M5,false,htf_soft_alignment,current_post_filter,transcript_post_filter,dow_range_or_transition,structure_trend_bias_dow_trend_up_hh_hl,dow_range_or_transition,structure_trend_bias_dow_trend_up_hh_hl,false,true,false,LONG,PERIOD_M5,sweep_low_reclaim,sweep_low_reclaim,3.400,none,0.000,sweep_low_reclaim,3.400,none,0.000,LONG,false,PERIOD_H1_NONE_dow_range_or_transition|PERIOD_M15_LONG_structure_trend_bias_dow_trend_up_hh_hl,true,h1_counter_m15_reversal,true,top_NONE_dow_range_or_transition|structure_LONG_structure_trend_bias_dow_trend_up_hh_hl|structure_break_recent_confirmed_swing_break_failed|primary_break_recent_confirmed_swing_break_retest,none,above_75sma_rising,above_75sma_rising,below_75sma_falling,-1,0.00000000,0,164.35900000,false,off,NONE,NONE,0.00000000,0.00000000,0.0000,none,0.000,true,LONG,return_high_break_or_bos_up,164.58000000,4,164.77200000,164.36700000,false,off,independent,false,,,false,0.0000,none,0.0000,0.0000,none,0.0000,0.0000,0.0000,none,0.0000,0,0,0.0000,none,none,none,none,0.0000,0,0.0000,none,false,true,not_evaluated,true,required_light_or_anchor_flip,bias_flip_down,164.46600000,2025.06.06 09:00:00,164.44200000,2025.06.06 00:00:00,2025.06.06 09:45:00,true,SHORT,164.46600000,164.42800000,0.3694,2,true,2025.06.06 10:15:00,2,SHORT,164.46600000,164.42800000,0.3694,1.1958,strong,2025.06.06 10:45:00,first_after_anchor,true,SHORT,2,0,2,true,false,fresh_0_4,false,true,false,true,none,true,required,false,PERIOD_M5,,,-1,0.0000,false,0.00000000,0.0000,false,0.0000,false,none,none,false,no_anchor_flip_in_entry_direction,true,required_first_signal_only,LONG,unknown,0.00000000,,0.00000000,,false,,-1,false,NONE,0.00000000,,0.00000000,0.0000,0.0000,none,-1,false,false,false,no_anchor_flip_in_entry_direction,,,,false,false,false,-1,-1,-1,-1,-1,false,false,false,0.0000,rising_n,false,164.77200000,164.36900000,3.9181,true,1.1958,0.0752,2,strong,true,0.7630,deep_618_786,0.120,diagnostic_only,diagnostic_only,diagnostic_only,fib_pullback,24,0.370,true,none,0.520,medium_quality,false,false,diagnostic_only,both,true,none,true,diagnostic_adjacent_detected,required_light,false,false,SHORT,5,false,false,1,2025.06.06 08:35:00,2025.06.06 09:50:00,13,4.5142,164.77200000,0.00000000,164.77200000,false,false,none,0.00000000,false,0.0000,0.0000,false,1,0.0000,false,-1,0.00000000,0.0000,off,false,not_evaluated,none,0.0000,0.0000,none,false,false,false,0.0000,none,false,none,0.0000,false,none,4.5142,1.3867,3.2553,0.2803,false,no_shrink,0.0000,none,none,false,false,none,0.0000,0.0000,0.0000,0.0000,none,false,false,0.0000,0.0000,false,false,-1,none,none,false,0.000,0.000,164.46600000,164.45660000,164.46600000,structure_confirmed_swing_low,0.00300000,0.0211,neckline_level,164.35100000,1.6523,false,true,true,false,not_blocked,5,3,2,m5_failure_exit,off,none,0.00000000,0.0000,1.30,164.64800000,3.400,-0.300,0.200,PERIOD_M15,164.77200000,164.46600000,1.0098,outside,0.000,true,164.46300000,164.32100000,0.14200000,164.64800000,1.303,0.06778571,30.00,30-60,true,false,none,blocked_spread_too_high,3.700,3.700,none,0.0000,false,opposite_break_first,true,opposite_break_first,spread_too_high
2025.06.10 03:10:00,signal,session_reversal_pullback_one_symbol_first120,AUDJPY,SHORT,2025.06.10 03:05:00,3,0,9,tokyo,2025.06.10 00:00,5,first_120min,true,true,3,AUDJPY,highest_score_in_session_bar,tokyo=USDJPY|EURJPY|GBPJPY|AUDJPY,existing_first120_gate,tokyo,false,false,true,passed_first_window,bos_down,first_pullback_after_bos,94.20120000,PERIOD_M5,PERIOD_H1,PERIOD_M15,PERIOD_M5,PERIOD_M5,false,htf_soft_alignment,current_post_filter,transcript_post_filter,dow_range_or_transition,structure_trend_bias_dow_trend_down_ll_lh,dow_range_or_transition,structure_trend_bias_dow_trend_down_ll_lh,false,false,true,SHORT,PERIOD_M5,bos_down,bos_down,2.600,none,0.000,bos_down,2.600,none,0.000,SHORT,false,PERIOD_H1_NONE_dow_range_or_transition|PERIOD_M15_SHORT_structure_trend_bias_dow_trend_down_ll_lh,true,h1_counter_m15_reversal,true,top_NONE_dow_range_or_transition|structure_SHORT_structure_trend_bias_dow_trend_down_ll_lh|structure_break_recent_confirmed_swing_break_failed|primary_break_recent_confirmed_swing_break_retest,none,above_75sma_rising,above_75sma_rising,below_75sma_flat_or_rising,-1,0.00000000,0,94.23800000,false,off,NONE,NONE,0.00000000,0.00000000,0.0000,none,0.000,true,SHORT,return_low_break_or_bos_down,94.15500000,8,94.24300000,93.98800000,false,off,independent,false,,,false,0.0000,none,0.0000,0.0000,none,0.0000,0.0000,0.0000,none,0.0000,0,0,0.0000,none,none,none,none,0.0000,0,0.0000,none,false,true,not_evaluated,true,required_light_or_anchor_flip,short_bias,94.15500000,2025.06.09 20:00:00,94.32900000,2025.06.09 21:45:00,2025.06.10 00:00:00,false,NONE,0.00000000,0.00000000,0.0000,-1,false,,-1,NONE,0.00000000,0.00000000,0.0000,0.0000,none,,none,false,NONE,-1,-1,-1,false,false,none,true,false,false,true,none,true,required,false,PERIOD_M5,,,-1,0.0000,false,0.00000000,0.0000,false,0.0000,false,none,none,false,no_anchor_flip_in_entry_direction,true,required_first_signal_only,SHORT,unknown,0.00000000,,0.00000000,,false,,-1,false,NONE,0.00000000,,0.00000000,0.0000,0.0000,none,-1,false,false,false,no_anchor_flip_in_entry_direction,,,,false,false,false,-1,-1,-1,-1,-1,false,false,false,0.0000,falling_n,false,94.32900000,93.98800000,5.3222,false,0.0000,0.0000,0,none,true,0.5924,preferred_382_618,0.200,diagnostic_only,diagnostic_only,diagnostic_only,shallow_pullback,6,0.440,true,none,0.590,low_quality,false,false,diagnostic_only,both,true,none,true,diagnostic_adjacent_detected,required_light,false,false,LONG,2,false,false,0,,,-1,0.0000,0.00000000,0.00000000,0.00000000,false,false,none,0.00000000,false,0.0000,0.0000,false,1,0.0000,false,-1,0.00000000,0.0000,off,false,not_evaluated,none,0.0000,0.0000,none,false,false,false,0.0000,none,false,none,0.0000,false,none,0.0000,0.0000,0.0000,0.0000,false,none,0.0000,none,none,false,false,none,0.0000,0.0000,0.0000,0.0000,none,false,false,0.0000,0.0000,false,false,-1,none,none,false,0.000,0.000,94.19500000,94.17600000,94.17600000,session_low,0.01400000,0.2500,neckline_level,94.20120000,0.3733,false,true,false,false,not_blocked,3,3,0,m5_failure_exit,off,none,0.00000000,0.0000,1.30,94.11700000,2.600,-0.300,0.200,PERIOD_M15,94.24300000,93.98800000,0.7922,outside,0.000,true,94.19000000,94.24600000,0.05600000,94.11700000,1.304,0.03000000,28.00,0-30,true,false,none,not_consumed,2.900,2.900,none,0.0000,false,opposite_break_first,true,opposite_break_first,spread_too_high
2025.06.10 03:10:00,blocked,session_reversal_pullback_one_symbol_first120,AUDJPY,SHORT,2025.06.10 03:05:00,3,0,9,tokyo,2025.06.10 00:00,5,first_120min,true,true,3,AUDJPY,highest_score_in_session_bar,tokyo=USDJPY|EURJPY|GBPJPY|AUDJPY,existing_first120_gate,tokyo,false,false,true,passed_first_window,bos_down,first_pullback_after_bos,94.20120000,PERIOD_M5,PERIOD_H1,PERIOD_M15,PERIOD_M5,PERIOD_M5,false,htf_soft_alignment,current_post_filter,transcript_post_filter,dow_range_or_transition,structure_trend_bias_dow_trend_down_ll_lh,dow_range_or_transition,structure_trend_bias_dow_trend_down_ll_lh,false,false,true,SHORT,PERIOD_M5,bos_down,bos_down,2.600,none,0.000,bos_down,2.600,none,0.000,SHORT,false,PERIOD_H1_NONE_dow_range_or_transition|PERIOD_M15_SHORT_structure_trend_bias_dow_trend_down_ll_lh,true,h1_counter_m15_reversal,true,top_NONE_dow_range_or_transition|structure_SHORT_structure_trend_bias_dow_trend_down_ll_lh|structure_break_recent_confirmed_swing_break_failed|primary_break_recent_confirmed_swing_break_retest,none,above_75sma_rising,above_75sma_rising,below_75sma_flat_or_rising,-1,0.00000000,0,94.23800000,false,off,NONE,NONE,0.00000000,0.00000000,0.0000,none,0.000,true,SHORT,return_low_break_or_bos_down,94.15500000,8,94.24300000,93.98800000,false,off,independent,false,,,false,0.0000,none,0.0000,0.0000,none,0.0000,0.0000,0.0000,none,0.0000,0,0,0.0000,none,none,none,none,0.0000,0,0.0000,none,false,true,not_evaluated,true,required_light_or_anchor_flip,short_bias,94.15500000,2025.06.09 20:00:00,94.32900000,2025.06.09 21:45:00,2025.06.10 00:00:00,false,NONE,0.00000000,0.00000000,0.0000,-1,false,,-1,NONE,0.00000000,0.00000000,0.0000,0.0000,none,,none,false,NONE,-1,-1,-1,false,false,none,true,false,false,true,none,true,required,false,PERIOD_M5,,,-1,0.0000,false,0.00000000,0.0000,false,0.0000,false,none,none,false,no_anchor_flip_in_entry_direction,true,required_first_signal_only,SHORT,unknown,0.00000000,,0.00000000,,false,,-1,false,NONE,0.00000000,,0.00000000,0.0000,0.0000,none,-1,false,false,false,no_anchor_flip_in_entry_direction,,,,false,false,false,-1,-1,-1,-1,-1,false,false,false,0.0000,falling_n,false,94.32900000,93.98800000,5.3222,false,0.0000,0.0000,0,none,true,0.5924,preferred_382_618,0.200,diagnostic_only,diagnostic_only,diagnostic_only,shallow_pullback,6,0.440,true,none,0.590,low_quality,false,false,diagnostic_only,both,true,none,true,diagnostic_adjacent_detected,required_light,false,false,LONG,2,false,false,0,,,-1,0.0000,0.00000000,0.00000000,0.00000000,false,false,none,0.00000000,false,0.0000,0.0000,false,1,0.0000,false,-1,0.00000000,0.0000,off,false,not_evaluated,none,0.0000,0.0000,none,false,false,false,0.0000,none,false,none,0.0000,false,none,0.0000,0.0000,0.0000,0.0000,false,none,0.0000,none,none,false,false,none,0.0000,0.0000,0.0000,0.0000,none,false,false,0.0000,0.0000,false,false,-1,none,none,false,0.000,0.000,94.19500000,94.17600000,94.17600000,session_low,0.01400000,0.2500,neckline_level,94.20120000,0.3733,false,true,false,false,not_blocked,3,3,0,m5_failure_exit,off,none,0.00000000,0.0000,1.30,94.11700000,2.600,-0.300,0.200,PERIOD_M15,94.24300000,93.98800000,0.7922,outside,0.000,true,94.19000000,94.24600000,0.05600000,94.11700000,1.304,0.03000000,28.00,0-30,true,false,none,blocked_spread_too_high,2.900,2.900,none,0.0000,false,opposite_break_first,true,opposite_break_first,spread_too_high
2025.06.10 10:35:00,signal,session_reversal_pullback_one_symbol_first120,EURUSD,SHORT,2025.06.10 10:30:00,10,7,16,london,2025.06.10 07:00,30,first_120min,true,true,3,EURUSD,highest_score_in_session_bar,london=USDJPY|EURJPY|GBPJPY|AUDJPY|EURUSD|GBPUSD,existing_first120_gate,london,true,false,true,passed_first_window,head_and_shoulders,neckline_break_retest,1.13951000,PERIOD_M5,PERIOD_H1,PERIOD_M15,PERIOD_M5,PERIOD_M5,false,htf_soft_alignment,current_post_filter,transcript_post_filter,dow_range_or_transition,structure_trend_bias_dow_trend_up_hh_hl,dow_range_or_transition,structure_trend_bias_dow_trend_up_hh_hl,false,false,true,SHORT,PERIOD_M5,head_and_shoulders,head_and_shoulders,4.500,none,0.000,head_and_shoulders,4.500,none,0.000,SHORT,false,PERIOD_H1_NONE_dow_range_or_transition|PERIOD_M15_LONG_structure_trend_bias_dow_trend_up_hh_hl,true,h1_counter_m15_reversal,true,top_NONE_dow_range_or_transition|structure_LONG_structure_trend_bias_dow_trend_up_hh_hl|structure_break_recent_confirmed_swing_break_retest|primary_break_recent_confirmed_swing_break_continuation,none,below_75sma_falling,below_75sma_falling,below_75sma_falling,1,1.13907000,0,1.13991000,false,off,NONE,NONE,0.00000000,0.00000000,0.0000,none,0.000,true,SHORT,return_low_break_or_bos_down,1.13907000,1,1.14141000,1.13907000,false,off,independent,false,,,false,0.0000,none,0.0000,0.0000,none,0.0000,0.0000,0.0000,none,0.0000,0,0,0.0000,none,none,none,none,0.0000,0,0.0000,none,false,true,not_evaluated,true,required_light_or_anchor_flip,bias_flip_down,1.13991000,2025.06.10 09:00:00,1.14349000,2025.06.10 03:15:00,2025.06.10 09:15:00,true,SHORT,1.13991000,1.13939000,0.5134,2,true,2025.06.10 09:45:00,2,SHORT,1.13991000,1.13939000,0.5134,0.9379,strong,2025.06.10 10:15:00,first_after_anchor,true,SHORT,2,0,2,true,false,fresh_0_4,true,false,false,true,none,true,required,false,PERIOD_M5,,,9,0.0000,false,1.13991000,0.0000,false,0.0000,false,none,none,false,post_anchor_retest_missing,true,required_first_signal_only,SHORT,unknown,0.00000000,,0.00000000,,false,,-1,false,NONE,0.00000000,,0.00000000,0.0000,0.0000,none,-1,false,false,false,post_anchor_retest_missing,EURUSD|SHORT|1749548700|1.13991,,,false,false,false,-1,-1,-1,-1,-1,false,false,false,0.0000,rising_n,false,1.14141000,1.13854000,2.8336,true,0.9379,0.2578,2,strong,true,0.4473,preferred_382_618,0.200,diagnostic_only,diagnostic_only,diagnostic_only,shallow_pullback,4,0.440,true,none,0.590,high_quality,false,false,diagnostic_only,both,true,none,true,diagnostic_adjacent_detected,required_light,false,false,LONG,5,false,false,1,2025.06.10 08:35:00,2025.06.10 10:10:00,4,6.0308,0.00000000,1.13721000,1.13721000,false,false,none,0.00000000,false,0.0000,0.0000,false,1,0.0000,false,-1,0.00000000,0.0000,off,false,not_evaluated,none,0.0000,0.0000,none,false,false,false,0.0000,none,false,none,0.0000,false,none,6.0308,1.9959,3.0216,0.1579,false,mild_exhaustion,0.0000,none,none,false,false,none,0.0000,0.0000,0.0000,0.0000,none,false,false,0.0000,0.0000,false,false,-1,none,none,false,0.000,0.000,1.13951000,1.13912000,1.13912000,pre_session_low,0.00038000,0.2262,neckline_level,1.13951000,0.0144,false,true,true,false,not_blocked,7,5,2,m5_failure_exit,off,none,0.00000000,0.0000,1.30,1.13732000,4.500,-0.300,0.200,PERIOD_M15,1.14141000,1.13907000,0.1838,outside,0.000,true,1.13950000,1.14118000,0.00168000,1.13732000,1.298,0.00069643,18.00,30-60,true,false,none,not_consumed,5.150,5.150,none,0.0000,false,neckline_retest_failed,false,not_invalidated,spread_too_high
2025.06.10 10:35:00,blocked,session_reversal_pullback_one_symbol_first120,EURUSD,SHORT,2025.06.10 10:30:00,10,7,16,london,2025.06.10 07:00,30,first_120min,true,true,3,EURUSD,highest_score_in_session_bar,london=USDJPY|EURJPY|GBPJPY|AUDJPY|EURUSD|GBPUSD,existing_first120_gate,london,true,false,true,passed_first_window,head_and_shoulders,neckline_break_retest,1.13951000,PERIOD_M5,PERIOD_H1,PERIOD_M15,PERIOD_M5,PERIOD_M5,false,htf_soft_alignment,current_post_filter,transcript_post_filter,dow_range_or_transition,structure_trend_bias_dow_trend_up_hh_hl,dow_range_or_transition,structure_trend_bias_dow_trend_up_hh_hl,false,false,true,SHORT,PERIOD_M5,head_and_shoulders,head_and_shoulders,4.500,none,0.000,head_and_shoulders,4.500,none,0.000,SHORT,false,PERIOD_H1_NONE_dow_range_or_transition|PERIOD_M15_LONG_structure_trend_bias_dow_trend_up_hh_hl,true,h1_counter_m15_reversal,true,top_NONE_dow_range_or_transition|structure_LONG_structure_trend_bias_dow_trend_up_hh_hl|structure_break_recent_confirmed_swing_break_retest|primary_break_recent_confirmed_swing_break_continuation,none,below_75sma_falling,below_75sma_falling,below_75sma_falling,1,1.13907000,0,1.13991000,false,off,NONE,NONE,0.00000000,0.00000000,0.0000,none,0.000,true,SHORT,return_low_break_or_bos_down,1.13907000,1,1.14141000,1.13907000,false,off,independent,false,,,false,0.0000,none,0.0000,0.0000,none,0.0000,0.0000,0.0000,none,0.0000,0,0,0.0000,none,none,none,none,0.0000,0,0.0000,none,false,true,not_evaluated,true,required_light_or_anchor_flip,bias_flip_down,1.13991000,2025.06.10 09:00:00,1.14349000,2025.06.10 03:15:00,2025.06.10 09:15:00,true,SHORT,1.13991000,1.13939000,0.5134,2,true,2025.06.10 09:45:00,2,SHORT,1.13991000,1.13939000,0.5134,0.9379,strong,2025.06.10 10:15:00,first_after_anchor,true,SHORT,2,0,2,true,false,fresh_0_4,true,false,false,true,none,true,required,false,PERIOD_M5,,,9,0.0000,false,1.13991000,0.0000,false,0.0000,false,none,none,false,post_anchor_retest_missing,true,required_first_signal_only,SHORT,unknown,0.00000000,,0.00000000,,false,,-1,false,NONE,0.00000000,,0.00000000,0.0000,0.0000,none,-1,false,false,false,post_anchor_retest_missing,EURUSD|SHORT|1749548700|1.13991,,,false,false,false,-1,-1,-1,-1,-1,false,false,false,0.0000,rising_n,false,1.14141000,1.13854000,2.8336,true,0.9379,0.2578,2,strong,true,0.4473,preferred_382_618,0.200,diagnostic_only,diagnostic_only,diagnostic_only,shallow_pullback,4,0.440,true,none,0.590,high_quality,false,false,diagnostic_only,both,true,none,true,diagnostic_adjacent_detected,required_light,false,false,LONG,5,false,false,1,2025.06.10 08:35:00,2025.06.10 10:10:00,4,6.0308,0.00000000,1.13721000,1.13721000,false,false,none,0.00000000,false,0.0000,0.0000,false,1,0.0000,false,-1,0.00000000,0.0000,off,false,not_evaluated,none,0.0000,0.0000,none,false,false,false,0.0000,none,false,none,0.0000,false,none,6.0308,1.9959,3.0216,0.1579,false,mild_exhaustion,0.0000,none,none,false,false,none,0.0000,0.0000,0.0000,0.0000,none,false,false,0.0000,0.0000,false,false,-1,none,none,false,0.000,0.000,1.13951000,1.13912000,1.13912000,pre_session_low,0.00038000,0.2262,neckline_level,1.13951000,0.0144,false,true,true,false,not_blocked,7,5,2,m5_failure_exit,off,none,0.00000000,0.0000,1.30,1.13732000,4.500,-0.300,0.200,PERIOD_M15,1.14141000,1.13907000,0.1838,outside,0.000,true,1.13950000,1.14118000,0.00168000,1.13732000,1.298,0.00069643,18.00,30-60,true,false,none,blocked_spread_too_high,5.150,5.150,none,0.0000,false,neckline_retest_failed,false,not_invalidated,spread_too_high
2025.06.10 16:50:00,signal,session_reversal_pullback_one_symbol_first120,USDJPY,SHORT,2025.06.10 16:45:00,16,13,22,london_newyork_overlap,2025.06.10 13:00,45,first_120min,true,true,3,USDJPY,highest_score_in_session_bar,london_newyork_overlap=USDJPY|EURJPY|GBPJPY|AUDJPY|EURUSD|GBPUSD,existing_first120_gate,london_newyork_overlap,true,false,true,passed_first_window,double_top,neckline_break_retest,144.54800000,PERIOD_M5,PERIOD_H1,PERIOD_M15,PERIOD_M5,PERIOD_M5,false,htf_soft_alignment,current_post_filter,transcript_post_filter,dow_trend_up_hh_hl,structure_trend_bias_dow_trend_down_ll_lh,dow_trend_up_hh_hl,structure_trend_bias_dow_trend_down_ll_lh,false,false,true,SHORT,PERIOD_M5,double_top,double_top,4.200,none,0.000,double_top,4.200,none,0.000,SHORT,false,PERIOD_H1_LONG_dow_trend_up_hh_hl|PERIOD_M15_SHORT_structure_trend_bias_dow_trend_down_ll_lh,true,h1_counter_m15_reversal,true,top_LONG_dow_trend_up_hh_hl|structure_SHORT_structure_trend_bias_dow_trend_down_ll_lh|structure_break_recent_confirmed_swing_break_failed|primary_break_recent_confirmed_swing_break_failed,none,above_75sma_rising,below_75sma_flat_or_rising,below_75sma_falling,-1,0.00000000,-1,0.00000000,false,off,NONE,NONE,0.00000000,0.00000000,0.0000,none,0.000,true,SHORT,return_low_break_or_bos_down,144.45000000,1,144.79800000,144.43500000,false,off,independent,false,,,false,0.0000,none,0.0000,0.0000,none,0.0000,0.0000,0.0000,none,0.0000,0,0,0.0000,none,none,none,none,0.0000,0,0.0000,none,false,true,not_evaluated,true,required_light_or_anchor_flip,short_bias,144.49300000,2025.06.10 02:15:00,144.76400000,2025.06.10 12:30:00,2025.06.10 15:00:00,false,NONE,0.00000000,0.00000000,0.0000,-1,false,,-1,NONE,0.00000000,0.00000000,0.0000,0.0000,none,,none,false,NONE,-1,-1,-1,false,false,none,true,false,false,true,none,true,required,false,PERIOD_M5,,,-1,0.0000,false,0.00000000,0.0000,false,0.0000,false,none,none,false,no_anchor_flip_in_entry_direction,true,required_first_signal_only,SHORT,unknown,0.00000000,,0.00000000,,false,,-1,false,NONE,0.00000000,,0.00000000,0.0000,0.0000,none,-1,false,false,false,no_anchor_flip_in_entry_direction,,,,false,false,false,-1,-1,-1,-1,-1,false,false,false,0.0000,falling_n,false,144.94400000,144.41700000,5.3425,false,0.0000,0.0000,0,none,true,0.2755,shallow_236_382,0.080,diagnostic_only,diagnostic_only,diagnostic_only,shallow_pullback,24,0.280,true,none,0.430,high_quality,false,false,diagnostic_only,both,true,none,true,diagnostic_adjacent_detected,required_light,false,false,LONG,7,false,false,1,2025.06.10 15:20:00,2025.06.10 16:25:00,4,3.2552,0.00000000,144.43500000,144.43500000,false,false,none,0.00000000,false,0.0000,0.0000,false,1,0.0000,false,-1,0.00000000,0.0000,off,false,not_evaluated,none,0.0000,0.0000,none,false,false,false,0.0000,none,false,none,0.0000,false,none,3.2552,1.5448,2.1071,0.9241,false,no_shrink,0.0000,none,none,false,false,none,0.0000,0.0000,0.0000,0.0000,none,false,false,0.0000,0.0000,false,false,-1,none,none,false,0.000,0.000,144.54800000,144.53100000,144.53100000,wick_cluster_zone,0.00400000,0.0571,neckline_level,144.54800000,0.1793,false,true,true,false,not_blocked,7,3,4,m5_failure_exit,off,none,0.00000000,0.0000,1.30,144.44400000,4.200,-0.300,0.200,PERIOD_M15,144.76400000,144.45000000,0.2707,outside,0.000,true,144.53500000,144.60500000,0.07000000,144.44400000,1.300,0.07250000,18.00,30-60,true,false,none,not_consumed,4.300,4.300,none,0.0000,false,neckline_retest_failed,false,not_invalidated,spread_too_high
2025.06.10 16:50:00,blocked,session_reversal_pullback_one_symbol_first120,USDJPY,SHORT,2025.06.10 16:45:00,16,13,22,london_newyork_overlap,2025.06.10 13:00,45,first_120min,true,true,3,USDJPY,highest_score_in_session_bar,london_newyork_overlap=USDJPY|EURJPY|GBPJPY|AUDJPY|EURUSD|GBPUSD,existing_first120_gate,london_newyork_overlap,true,false,true,passed_first_window,double_top,neckline_break_retest,144.54800000,PERIOD_M5,PERIOD_H1,PERIOD_M15,PERIOD_M5,PERIOD_M5,false,htf_soft_alignment,current_post_filter,transcript_post_filter,dow_trend_up_hh_hl,structure_trend_bias_dow_trend_down_ll_lh,dow_trend_up_hh_hl,structure_trend_bias_dow_trend_down_ll_lh,false,false,true,SHORT,PERIOD_M5,double_top,double_top,4.200,none,0.000,double_top,4.200,none,0.000,SHORT,false,PERIOD_H1_LONG_dow_trend_up_hh_hl|PERIOD_M15_SHORT_structure_trend_bias_dow_trend_down_ll_lh,true,h1_counter_m15_reversal,true,top_LONG_dow_trend_up_hh_hl|structure_SHORT_structure_trend_bias_dow_trend_down_ll_lh|structure_break_recent_confirmed_swing_break_failed|primary_break_recent_confirmed_swing_break_failed,none,above_75sma_rising,below_75sma_flat_or_rising,below_75sma_falling,-1,0.00000000,-1,0.00000000,false,off,NONE,NONE,0.00000000,0.00000000,0.0000,none,0.000,true,SHORT,return_low_break_or_bos_down,144.45000000,1,144.79800000,144.43500000,false,off,independent,false,,,false,0.0000,none,0.0000,0.0000,none,0.0000,0.0000,0.0000,none,0.0000,0,0,0.0000,none,none,none,none,0.0000,0,0.0000,none,false,true,not_evaluated,true,required_light_or_anchor_flip,short_bias,144.49300000,2025.06.10 02:15:00,144.76400000,2025.06.10 12:30:00,2025.06.10 15:00:00,false,NONE,0.00000000,0.00000000,0.0000,-1,false,,-1,NONE,0.00000000,0.00000000,0.0000,0.0000,none,,none,false,NONE,-1,-1,-1,false,false,none,true,false,false,true,none,true,required,false,PERIOD_M5,,,-1,0.0000,false,0.00000000,0.0000,false,0.0000,false,none,none,false,no_anchor_flip_in_entry_direction,true,required_first_signal_only,SHORT,unknown,0.00000000,,0.00000000,,false,,-1,false,NONE,0.00000000,,0.00000000,0.0000,0.0000,none,-1,false,false,false,no_anchor_flip_in_entry_direction,,,,false,false,false,-1,-1,-1,-1,-1,false,false,false,0.0000,falling_n,false,144.94400000,144.41700000,5.3425,false,0.0000,0.0000,0,none,true,0.2755,shallow_236_382,0.080,diagnostic_only,diagnostic_only,diagnostic_only,shallow_pullback,24,0.280,true,none,0.430,high_quality,false,false,diagnostic_only,both,true,none,true,diagnostic_adjacent_detected,required_light,false,false,LONG,7,false,false,1,2025.06.10 15:20:00,2025.06.10 16:25:00,4,3.2552,0.00000000,144.43500000,144.43500000,false,false,none,0.00000000,false,0.0000,0.0000,false,1,0.0000,false,-1,0.00000000,0.0000,off,false,not_evaluated,none,0.0000,0.0000,none,false,false,false,0.0000,none,false,none,0.0000,false,none,3.2552,1.5448,2.1071,0.9241,false,no_shrink,0.0000,none,none,false,false,none,0.0000,0.0000,0.0000,0.0000,none,false,false,0.0000,0.0000,false,false,-1,none,none,false,0.000,0.000,144.54800000,144.53100000,144.53100000,wick_cluster_zone,0.00400000,0.0571,neckline_level,144.54800000,0.1793,false,true,true,false,not_blocked,7,3,4,m5_failure_exit,off,none,0.00000000,0.0000,1.30,144.44400000,4.200,-0.300,0.200,PERIOD_M15,144.76400000,144.45000000,0.2707,outside,0.000,true,144.53500000,144.60500000,0.07000000,144.44400000,1.300,0.07250000,18.00,30-60,true,false,none,blocked_spread_too_high,4.300,4.300,none,0.0000,false,neckline_retest_failed,false,not_invalidated,spread_too_high
2025.06.10 19:15:01,signal,session_reversal_pullback_one_symbol_first120,EURUSD,SHORT,2025.06.10 19:10:00,19,16,1,new_york,2025.06.10 16:00,10,first_120min,true,true,3,EURUSD,highest_score_in_session_bar,new_york=USDJPY|EURJPY|GBPJPY|AUDJPY|EURUSD|GBPUSD,existing_first120_gate,new_york,false,false,true,passed_first_window,double_top,neckline_break_retest,1.14229000,PERIOD_M5,PERIOD_H1,PERIOD_M15,PERIOD_M5,PERIOD_M5,false,htf_soft_alignment,current_post_filter,transcript_post_filter,dow_range_or_transition,no_ordered_dow_wave3_break,dow_range_or_transition,no_ordered_dow_wave3_break,false,false,true,SHORT,PERIOD_M5,double_top,double_top,4.200,none,0.000,double_top,4.200,none,0.000,SHORT,false,PERIOD_H1_NONE_dow_range_or_transition|PERIOD_M15_NONE_no_ordered_dow_wave3_break,true,h1_counter_m15_reversal,true,top_NONE_dow_range_or_transition|structure_NONE_no_ordered_dow_wave3_break|structure_break_recent_confirmed_swing_break_failed|primary_break_recent_confirmed_swing_break_continuation,none,above_75sma_rising,above_75sma_rising,below_75sma_flat_or_rising,-1,0.00000000,0,1.14267000,false,off,NONE,NONE,0.00000000,0.00000000,0.0000,none,0.000,true,SHORT,return_low_break_or_bos_down,1.14146000,24,1.14469000,1.13721000,false,off,independent,false,,,false,0.0000,none,0.0000,0.0000,none,0.0000,0.0000,0.0000,none,0.0000,0,0,0.0000,none,none,none,none,0.0000,0,0.0000,none,false,true,not_evaluated,true,required_light_or_anchor_flip,bias_flip_down,1.14241000,2025.06.10 15:15:00,1.14141000,2025.06.10 09:15:00,2025.06.10 16:00:00,true,SHORT,1.14241000,1.14175000,0.7797,3,true,2025.06.10 18:15:00,3,SHORT,1.14241000,1.14175000,0.7797,1.0515,strong,2025.06.10 19:00:00,first_after_anchor,true,SHORT,3,0,3,true,false,fresh_0_4,true,false,false,true,none,true,required,true,PERIOD_M5,2025.06.10 18:20:00,2025.06.10 19:05:00,11,0.4235,true,1.14241000,0.4235,true,0.3294,false,none,failed_close_back_inside,false,post_anchor_close_back_inside,true,required_first_signal_only,SHORT,no_confirmed_micro_anchor,0.00000000,,0.00000000,,false,,-1,false,NONE,0.00000000,,0.00000000,0.0000,0.0000,none,-1,false,false,false,insufficient_confirmed_m5_pivots,EURUSD|SHORT|1749579300|1.14241,,,false,false,false,-1,-1,-1,-1,-1,false,false,false,0.0000,rising_n,false,1.14469000,1.13721000,8.8371,true,1.0515,0.1759,3,strong,true,0.3213,shallow_236_382,0.080,diagnostic_only,diagnostic_only,diagnostic_only,deep_pullback,12,0.320,true,none,0.470,high_quality,false,false,diagnostic_only,both,true,none,true,diagnostic_adjacent_detected,required_light,false,false,LONG,3,false,false,0,,,-1,0.0000,0.00000000,0.00000000,0.00000000,false,false,none,0.00000000,false,0.0000,0.0000,false,1,0.0000,false,-1,0.00000000,0.0000,off,false,not_evaluated,none,0.0000,0.0000,none,false,false,false,0.0000,none,false,none,0.0000,false,none,0.0000,0.0000,0.0000,0.0000,false,none,0.0000,none,none,false,false,none,0.0000,0.0000,0.0000,0.0000,none,false,false,0.0000,0.0000,false,false,-1,none,none,false,0.000,0.000,1.14229000,1.14209000,1.14209000,price_congestion_zone,0.00015000,0.3061,neckline_level,1.14229000,0.1176,false,true,true,false,not_blocked,6,2,4,m5_failure_exit,off,none,0.00000000,0.0000,1.30,1.14161000,4.200,-0.300,0.200,PERIOD_M15,1.14469000,1.13721000,0.6725,deep_618_786,0.000,true,1.14224000,1.14273000,0.00049000,1.14161000,1.286,0.00042500,18.00,0-30,true,false,none,not_consumed,4.500,4.500,none,0.0000,false,opposite_break_first,true,opposite_break_first,spread_too_high
2025.06.10 19:15:01,blocked,session_reversal_pullback_one_symbol_first120,EURUSD,SHORT,2025.06.10 19:10:00,19,16,1,new_york,2025.06.10 16:00,10,first_120min,true,true,3,EURUSD,highest_score_in_session_bar,new_york=USDJPY|EURJPY|GBPJPY|AUDJPY|EURUSD|GBPUSD,existing_first120_gate,new_york,false,false,true,passed_first_window,double_top,neckline_break_retest,1.14229000,PERIOD_M5,PERIOD_H1,PERIOD_M15,PERIOD_M5,PERIOD_M5,false,htf_soft_alignment,current_post_filter,transcript_post_filter,dow_range_or_transition,no_ordered_dow_wave3_break,dow_range_or_transition,no_ordered_dow_wave3_break,false,false,true,SHORT,PERIOD_M5,double_top,double_top,4.200,none,0.000,double_top,4.200,none,0.000,SHORT,false,PERIOD_H1_NONE_dow_range_or_transition|PERIOD_M15_NONE_no_ordered_dow_wave3_break,true,h1_counter_m15_reversal,true,top_NONE_dow_range_or_transition|structure_NONE_no_ordered_dow_wave3_break|structure_break_recent_confirmed_swing_break_failed|primary_break_recent_confirmed_swing_break_continuation,none,above_75sma_rising,above_75sma_rising,below_75sma_flat_or_rising,-1,0.00000000,0,1.14267000,false,off,NONE,NONE,0.00000000,0.00000000,0.0000,none,0.000,true,SHORT,return_low_break_or_bos_down,1.14146000,24,1.14469000,1.13721000,false,off,independent,false,,,false,0.0000,none,0.0000,0.0000,none,0.0000,0.0000,0.0000,none,0.0000,0,0,0.0000,none,none,none,none,0.0000,0,0.0000,none,false,true,not_evaluated,true,required_light_or_anchor_flip,bias_flip_down,1.14241000,2025.06.10 15:15:00,1.14141000,2025.06.10 09:15:00,2025.06.10 16:00:00,true,SHORT,1.14241000,1.14175000,0.7797,3,true,2025.06.10 18:15:00,3,SHORT,1.14241000,1.14175000,0.7797,1.0515,strong,2025.06.10 19:00:00,first_after_anchor,true,SHORT,3,0,3,true,false,fresh_0_4,true,false,false,true,none,true,required,true,PERIOD_M5,2025.06.10 18:20:00,2025.06.10 19:05:00,11,0.4235,true,1.14241000,0.4235,true,0.3294,false,none,failed_close_back_inside,false,post_anchor_close_back_inside,true,required_first_signal_only,SHORT,no_confirmed_micro_anchor,0.00000000,,0.00000000,,false,,-1,false,NONE,0.00000000,,0.00000000,0.0000,0.0000,none,-1,false,false,false,insufficient_confirmed_m5_pivots,EURUSD|SHORT|1749579300|1.14241,,,false,false,false,-1,-1,-1,-1,-1,false,false,false,0.0000,rising_n,false,1.14469000,1.13721000,8.8371,true,1.0515,0.1759,3,strong,true,0.3213,shallow_236_382,0.080,diagnostic_only,diagnostic_only,diagnostic_only,deep_pullback,12,0.320,true,none,0.470,high_quality,false,false,diagnostic_only,both,true,none,true,diagnostic_adjacent_detected,required_light,false,false,LONG,3,false,false,0,,,-1,0.0000,0.00000000,0.00000000,0.00000000,false,false,none,0.00000000,false,0.0000,0.0000,false,1,0.0000,false,-1,0.00000000,0.0000,off,false,not_evaluated,none,0.0000,0.0000,none,false,false,false,0.0000,none,false,none,0.0000,false,none,0.0000,0.0000,0.0000,0.0000,false,none,0.0000,none,none,false,false,none,0.0000,0.0000,0.0000,0.0000,none,false,false,0.0000,0.0000,false,false,-1,none,none,false,0.000,0.000,1.14229000,1.14209000,1.14209000,price_congestion_zone,0.00015000,0.3061,neckline_level,1.14229000,0.1176,false,true,true,false,not_blocked,6,2,4,m5_failure_exit,off,none,0.00000000,0.0000,1.30,1.14161000,4.200,-0.300,0.200,PERIOD_M15,1.14469000,1.13721000,0.6725,deep_618_786,0.000,true,1.14224000,1.14273000,0.00049000,1.14161000,1.286,0.00042500,18.00,0-30,true,false,none,blocked_spread_too_high,4.500,4.500,none,0.0000,false,opposite_break_first,true,opposite_break_first,spread_too_high
2025.06.11 03:20:00,signal,session_reversal_pullback_one_symbol_first120,EURJPY,SHORT,2025.06.11 03:15:00,3,0,9,tokyo,2025.06.11 00:00,15,first_120min,true,true,3,EURJPY,highest_score_in_session_bar,tokyo=USDJPY|EURJPY|GBPJPY|AUDJPY,existing_first120_gate,tokyo,false,false,true,passed_first_window,head_and_shoulders,neckline_break_retest,165.62900000,PERIOD_M5,PERIOD_H1,PERIOD_M15,PERIOD_M5,PERIOD_M5,false,htf_soft_alignment,current_post_filter,transcript_post_filter,dow_range_or_transition,structure_trend_bias_dow_trend_down_ll_lh,dow_range_or_transition,structure_trend_bias_dow_trend_down_ll_lh,false,false,true,SHORT,PERIOD_M5,head_and_shoulders,head_and_shoulders,4.500,none,0.000,head_and_shoulders,4.500,none,0.000,SHORT,false,PERIOD_H1_NONE_dow_range_or_transition|PERIOD_M15_SHORT_structure_trend_bias_dow_trend_down_ll_lh,true,h1_counter_m15_reversal,true,top_NONE_dow_range_or_transition|structure_SHORT_structure_trend_bias_dow_trend_down_ll_lh|structure_break_recent_confirmed_swing_break_failed|primary_break_no_recent_confirmed_swing_break,none,above_75sma_rising,above_75sma_rising,below_75sma_flat_or_rising,-1,0.00000000,-1,0.00000000,false,off,NONE,NONE,0.00000000,0.00000000,0.0000,none,0.000,true,SHORT,return_low_break_or_bos_down,165.49200000,9,165.80500000,165.39000000,false,off,independent,false,,,false,0.0000,none,0.0000,0.0000,none,0.0000,0.0000,0.0000,none,0.0000,0,0,0.0000,none,none,none,none,0.0000,0,0.0000,none,false,true,not_evaluated,true,required_light_or_anchor_flip,long_bias,165.39000000,2025.06.11 00:00:00,165.58900000,2025.06.10 23:00:00,2025.06.11 02:15:00,false,NONE,0.00000000,0.00000000,0.0000,-1,false,,-1,NONE,0.00000000,0.00000000,0.0000,0.0000,none,,none,false,NONE,-1,-1,-1,false,false,none,false,true,false,true,none,true,required,false,PERIOD_M5,,,-1,0.0000,false,0.00000000,0.0000,false,0.0000,false,none,none,false,no_anchor_flip_in_entry_direction,true,required_first_signal_only,SHORT,unknown,0.00000000,,0.00000000,,false,,-1,false,NONE,0.00000000,,0.00000000,0.0000,0.0000,none,-1,false,false,false,no_anchor_flip_in_entry_direction,,,,false,false,false,-1,-1,-1,-1,-1,false,false,false,0.0000,range_n,true,165.80500000,165.39000000,4.4521,false,0.0000,0.0000,0,none,true,0.3807,shallow_236_382,0.080,diagnostic_only,diagnostic_only,diagnostic_only,fib_pullback,24,0.280,true,none,0.430,high_quality,false,false,diagnostic_only,both,true,none,true,diagnostic_adjacent_detected,required_light,false,false,LONG,3,false,false,0,,,-1,0.0000,0.00000000,0.00000000,0.00000000,false,false,none,0.00000000,false,0.0000,0.0000,false,1,0.0000,false,-1,0.00000000,0.0000,off,false,not_evaluated,none,0.0000,0.0000,none,false,false,false,0.0000,none,false,none,0.0000,false,none,0.0000,0.0000,0.0000,0.0000,false,none,0.0000,none,none,false,false,none,0.0000,0.0000,0.0000,0.0000,none,false,false,0.0000,0.0000,false,false,-1,none,none,false,0.000,0.000,165.55000000,165.50000000,165.50000000,round_number,0.04800000,0.2275,neckline_level,165.62900000,0.9974,false,true,true,false,not_blocked,6,4,2,m5_failure_exit,off,none,0.00000000,0.0000,1.30,165.27400000,4.500,-0.300,0.200,PERIOD_M15,165.62400000,165.39000000,0.6752,deep_618_786,0.000,true,165.54800000,165.75900000,0.21100000,165.27400000,1.299,0.08121429,30.00,0-30,true,false,none,not_consumed,4.600,4.600,none,0.0000,false,neckline_retest_failed,false,not_invalidated,spread_too_high
2025.06.11 03:20:00,blocked,session_reversal_pullback_one_symbol_first120,EURJPY,SHORT,2025.06.11 03:15:00,3,0,9,tokyo,2025.06.11 00:00,15,first_120min,true,true,3,EURJPY,highest_score_in_session_bar,tokyo=USDJPY|EURJPY|GBPJPY|AUDJPY,existing_first120_gate,tokyo,false,false,true,passed_first_window,head_and_shoulders,neckline_break_retest,165.62900000,PERIOD_M5,PERIOD_H1,PERIOD_M15,PERIOD_M5,PERIOD_M5,false,htf_soft_alignment,current_post_filter,transcript_post_filter,dow_range_or_transition,structure_trend_bias_dow_trend_down_ll_lh,dow_range_or_transition,structure_trend_bias_dow_trend_down_ll_lh,false,false,true,SHORT,PERIOD_M5,head_and_shoulders,head_and_shoulders,4.500,none,0.000,head_and_shoulders,4.500,none,0.000,SHORT,false,PERIOD_H1_NONE_dow_range_or_transition|PERIOD_M15_SHORT_structure_trend_bias_dow_trend_down_ll_lh,true,h1_counter_m15_reversal,true,top_NONE_dow_range_or_transition|structure_SHORT_structure_trend_bias_dow_trend_down_ll_lh|structure_break_recent_confirmed_swing_break_failed|primary_break_no_recent_confirmed_swing_break,none,above_75sma_rising,above_75sma_rising,below_75sma_flat_or_rising,-1,0.00000000,-1,0.00000000,false,off,NONE,NONE,0.00000000,0.00000000,0.0000,none,0.000,true,SHORT,return_low_break_or_bos_down,165.49200000,9,165.80500000,165.39000000,false,off,independent,false,,,false,0.0000,none,0.0000,0.0000,none,0.0000,0.0000,0.0000,none,0.0000,0,0,0.0000,none,none,none,none,0.0000,0,0.0000,none,false,true,not_evaluated,true,required_light_or_anchor_flip,long_bias,165.39000000,2025.06.11 00:00:00,165.58900000,2025.06.10 23:00:00,2025.06.11 02:15:00,false,NONE,0.00000000,0.00000000,0.0000,-1,false,,-1,NONE,0.00000000,0.00000000,0.0000,0.0000,none,,none,false,NONE,-1,-1,-1,false,false,none,false,true,false,true,none,true,required,false,PERIOD_M5,,,-1,0.0000,false,0.00000000,0.0000,false,0.0000,false,none,none,false,no_anchor_flip_in_entry_direction,true,required_first_signal_only,SHORT,unknown,0.00000000,,0.00000000,,false,,-1,false,NONE,0.00000000,,0.00000000,0.0000,0.0000,none,-1,false,false,false,no_anchor_flip_in_entry_direction,,,,false,false,false,-1,-1,-1,-1,-1,false,false,false,0.0000,range_n,true,165.80500000,165.39000000,4.4521,false,0.0000,0.0000,0,none,true,0.3807,shallow_236_382,0.080,diagnostic_only,diagnostic_only,diagnostic_only,fib_pullback,24,0.280,true,none,0.430,high_quality,false,false,diagnostic_only,both,true,none,true,diagnostic_adjacent_detected,required_light,false,false,LONG,3,false,false,0,,,-1,0.0000,0.00000000,0.00000000,0.00000000,false,false,none,0.00000000,false,0.0000,0.0000,false,1,0.0000,false,-1,0.00000000,0.0000,off,false,not_evaluated,none,0.0000,0.0000,none,false,false,false,0.0000,none,false,none,0.0000,false,none,0.0000,0.0000,0.0000,0.0000,false,none,0.0000,none,none,false,false,none,0.0000,0.0000,0.0000,0.0000,none,false,false,0.0000,0.0000,false,false,-1,none,none,false,0.000,0.000,165.55000000,165.50000000,165.50000000,round_number,0.04800000,0.2275,neckline_level,165.62900000,0.9974,false,true,true,false,not_blocked,6,4,2,m5_failure_exit,off,none,0.00000000,0.0000,1.30,165.27400000,4.500,-0.300,0.200,PERIOD_M15,165.62400000,165.39000000,0.6752,deep_618_786,0.000,true,165.54800000,165.75900000,0.21100000,165.27400000,1.299,0.08121429,30.00,0-30,true,false,none,blocked_spread_too_high,4.600,4.600,none,0.0000,false,neckline_retest_failed,false,not_invalidated,spread_too_high
2025.06.11 10:20:00,signal,session_reversal_pullback_one_symbol_first120,GBPJPY,SHORT,2025.06.11 10:15:00,10,7,16,london,2025.06.11 07:00,15,first_120min,true,true,3,GBPJPY,highest_score_in_session_bar,london=USDJPY|EURJPY|GBPJPY|AUDJPY|EURUSD|GBPUSD,existing_first120_gate,london,false,false,true,passed_first_window,head_and_shoulders,neckline_break_retest,195.56800000,PERIOD_M5,PERIOD_H1,PERIOD_M15,PERIOD_M5,PERIOD_M5,false,htf_soft_alignment,current_post_filter,transcript_post_filter,dow_range_or_transition,no_ordered_dow_wave3_break,dow_range_or_transition,no_ordered_dow_wave3_break,false,false,true,SHORT,PERIOD_M5,head_and_shoulders,head_and_shoulders,4.500,none,0.000,head_and_shoulders,4.500,none,0.000,SHORT,false,PERIOD_H1_NONE_dow_range_or_transition|PERIOD_M15_NONE_no_ordered_dow_wave3_break,true,h1_counter_m15_reversal,true,top_NONE_dow_range_or_transition|structure_NONE_no_ordered_dow_wave3_break|structure_break_recent_confirmed_swing_break_failed|primary_break_recent_confirmed_swing_break_failed,none,below_75sma_flat_or_rising,below_75sma_flat_or_rising,above_75sma_flat_or_falling,-1,0.00000000,-1,0.00000000,false,off,NONE,NONE,0.00000000,0.00000000,0.0000,none,0.000,true,SHORT,return_low_break_or_bos_down,195.38000000,18,195.65600000,195.28200000,false,off,independent,false,,,false,0.0000,none,0.0000,0.0000,none,0.0000,0.0000,0.0000,none,0.0000,0,0,0.0000,none,none,none,none,0.0000,0,0.0000,none,false,true,not_evaluated,true,required_light_or_anchor_flip,bias_flip_down,195.49500000,2025.06.11 09:00:00,195.58100000,2025.06.11 05:15:00,2025.06.11 09:15:00,true,SHORT,195.49500000,195.43200000,0.5731,1,true,2025.06.11 09:45:00,1,SHORT,195.49500000,195.43200000,0.5731,1.2099,strong,2025.06.11 10:00:00,first_after_anchor,true,SHORT,1,0,1,true,false,fresh_0_4,true,false,false,true,none,true,required,true,PERIOD_M5,2025.06.11 09:50:00,2025.06.11 09:50:00,6,0.5667,true,195.49500000,0.5667,false,0.0000,true,m5_bos_down_after_anchor_retest,retest_reconfirm,true,none,true,required_first_signal_only,SHORT,unknown,0.00000000,,0.00000000,,false,,-1,false,NONE,0.00000000,,0.00000000,0.0000,0.0000,none,-1,false,false,false,insufficient_confirmed_m5_pivots,GBPJPY|SHORT|1749635100|195.495,,,false,false,false,-1,-1,-1,-1,-1,false,false,false,0.0000,rising_n,false,195.74700000,195.28200000,4.2300,true,1.2099,0.2926,1,strong,true,0.6065,preferred_382_618,0.200,diagnostic_only,diagnostic_only,diagnostic_only,shallow_pullback,7,0.440,true,none,0.590,high_quality,false,false,diagnostic_only,both,true,none,true,diagnostic_adjacent_detected,required_light,false,false,LONG,7,false,false,1,2025.06.11 08:20:00,2025.06.11 09:25:00,10,3.2456,0.00000000,195.49500000,195.49500000,true,true,m5_hl_close_break_down,195.49500000,true,0.6826,1.1205,true,1,0.8887,false,5,195.49500000,0.0258,off,false,not_evaluated,none,0.9700,0.0300,very_strong,false,false,false,0.8887,held_no_close_back,true,favorable_side,0.5806,false,clean_retest,3.2456,1.0046,3.2308,1.8289,false,no_shrink,0.0000,none,none,false,false,none,0.0000,0.0000,0.0000,0.0000,none,false,false,0.0000,0.0000,false,false,-1,none,none,false,0.000,0.000,195.56800000,195.50930000,195.50930000,recent_equal_highs,0.05470000,0.2777,neckline_level,195.56800000,0.0515,false,true,true,false,not_blocked,9,4,5,m5_failure_exit,off,none,0.00000000,0.0000,1.30,195.30800000,4.500,-0.300,0.200,PERIOD_M15,195.65600000,195.28200000,0.7540,deep_618_786,0.000,true,195.56400000,195.76100000,0.19700000,195.30800000,1.299,0.07764286,38.00,0-30,true,false,none,not_consumed,4.600,4.600,none,0.0000,false,opposite_break_first,true,opposite_break_first,spread_too_high
2025.06.11 10:20:00,blocked,session_reversal_pullback_one_symbol_first120,GBPJPY,SHORT,2025.06.11 10:15:00,10,7,16,london,2025.06.11 07:00,15,first_120min,true,true,3,GBPJPY,highest_score_in_session_bar,london=USDJPY|EURJPY|GBPJPY|AUDJPY|EURUSD|GBPUSD,existing_first120_gate,london,false,false,true,passed_first_window,head_and_shoulders,neckline_break_retest,195.56800000,PERIOD_M5,PERIOD_H1,PERIOD_M15,PERIOD_M5,PERIOD_M5,false,htf_soft_alignment,current_post_filter,transcript_post_filter,dow_range_or_transition,no_ordered_dow_wave3_break,dow_range_or_transition,no_ordered_dow_wave3_break,false,false,true,SHORT,PERIOD_M5,head_and_shoulders,head_and_shoulders,4.500,none,0.000,head_and_shoulders,4.500,none,0.000,SHORT,false,PERIOD_H1_NONE_dow_range_or_transition|PERIOD_M15_NONE_no_ordered_dow_wave3_break,true,h1_counter_m15_reversal,true,top_NONE_dow_range_or_transition|structure_NONE_no_ordered_dow_wave3_break|structure_break_recent_confirmed_swing_break_failed|primary_break_recent_confirmed_swing_break_failed,none,below_75sma_flat_or_rising,below_75sma_flat_or_rising,above_75sma_flat_or_falling,-1,0.00000000,-1,0.00000000,false,off,NONE,NONE,0.00000000,0.00000000,0.0000,none,0.000,true,SHORT,return_low_break_or_bos_down,195.38000000,18,195.65600000,195.28200000,false,off,independent,false,,,false,0.0000,none,0.0000,0.0000,none,0.0000,0.0000,0.0000,none,0.0000,0,0,0.0000,none,none,none,none,0.0000,0,0.0000,none,false,true,not_evaluated,true,required_light_or_anchor_flip,bias_flip_down,195.49500000,2025.06.11 09:00:00,195.58100000,2025.06.11 05:15:00,2025.06.11 09:15:00,true,SHORT,195.49500000,195.43200000,0.5731,1,true,2025.06.11 09:45:00,1,SHORT,195.49500000,195.43200000,0.5731,1.2099,strong,2025.06.11 10:00:00,first_after_anchor,true,SHORT,1,0,1,true,false,fresh_0_4,true,false,false,true,none,true,required,true,PERIOD_M5,2025.06.11 09:50:00,2025.06.11 09:50:00,6,0.5667,true,195.49500000,0.5667,false,0.0000,true,m5_bos_down_after_anchor_retest,retest_reconfirm,true,none,true,required_first_signal_only,SHORT,unknown,0.00000000,,0.00000000,,false,,-1,false,NONE,0.00000000,,0.00000000,0.0000,0.0000,none,-1,false,false,false,insufficient_confirmed_m5_pivots,GBPJPY|SHORT|1749635100|195.495,,,false,false,false,-1,-1,-1,-1,-1,false,false,false,0.0000,rising_n,false,195.74700000,195.28200000,4.2300,true,1.2099,0.2926,1,strong,true,0.6065,preferred_382_618,0.200,diagnostic_only,diagnostic_only,diagnostic_only,shallow_pullback,7,0.440,true,none,0.590,high_quality,false,false,diagnostic_only,both,true,none,true,diagnostic_adjacent_detected,required_light,false,false,LONG,7,false,false,1,2025.06.11 08:20:00,2025.06.11 09:25:00,10,3.2456,0.00000000,195.49500000,195.49500000,true,true,m5_hl_close_break_down,195.49500000,true,0.6826,1.1205,true,1,0.8887,false,5,195.49500000,0.0258,off,false,not_evaluated,none,0.9700,0.0300,very_strong,false,false,false,0.8887,held_no_close_back,true,favorable_side,0.5806,false,clean_retest,3.2456,1.0046,3.2308,1.8289,false,no_shrink,0.0000,none,none,false,false,none,0.0000,0.0000,0.0000,0.0000,none,false,false,0.0000,0.0000,false,false,-1,none,none,false,0.000,0.000,195.56800000,195.50930000,195.50930000,recent_equal_highs,0.05470000,0.2777,neckline_level,195.56800000,0.0515,false,true,true,false,not_blocked,9,4,5,m5_failure_exit,off,none,0.00000000,0.0000,1.30,195.30800000,4.500,-0.300,0.200,PERIOD_M15,195.65600000,195.28200000,0.7540,deep_618_786,0.000,true,195.56400000,195.76100000,0.19700000,195.30800000,1.299,0.07764286,38.00,0-30,true,false,none,blocked_spread_too_high,4.600,4.600,none,0.0000,false,opposite_break_first,true,opposite_break_first,spread_too_high
2025.06.11 16:05:00,signal,session_reversal_pullback_one_symbol_first120,GBPJPY,SHORT,2025.06.11 16:00:00,16,13,22,london_newyork_overlap,2025.06.11 13:00,0,first_120min,true,true,3,GBPJPY,highest_score_in_session_bar,london_newyork_overlap=USDJPY|EURJPY|GBPJPY|AUDJPY|EURUSD|GBPUSD,existing_first120_gate,london_newyork_overlap,false,false,true,passed_first_window,bos_down,first_pullback_after_bos,195.73390000,PERIOD_M5,PERIOD_H1,PERIOD_M15,PERIOD_M5,PERIOD_M5,false,htf_soft_alignment,current_post_filter,transcript_post_filter,dow_range_or_transition,structure_trend_bias_dow_trend_up_hh_hl,dow_range_or_transition,structure_trend_bias_dow_trend_up_hh_hl,false,false,true,SHORT,PERIOD_M5,bos_down,bos_down,2.600,none,0.000,bos_down,2.600,none,0.000,SHORT,false,PERIOD_H1_NONE_dow_range_or_transition|PERIOD_M15_LONG_structure_trend_bias_dow_trend_up_hh_hl,true,h1_counter_m15_reversal,true,top_NONE_dow_range_or_transition|structure_LONG_structure_trend_bias_dow_trend_up_hh_hl|structure_break_recent_confirmed_swing_break_failed|primary_break_recent_confirmed_swing_break_continuation,none,below_75sma_flat_or_rising,above_75sma_rising,below_75sma_flat_or_rising,-1,0.00000000,0,195.85300000,false,off,NONE,NONE,0.00000000,0.00000000,0.0000,none,0.000,true,SHORT,return_low_break_or_bos_down,195.52200000,23,196.22300000,195.38400000,false,off,independent,false,,,false,0.0000,none,0.0000,0.0000,none,0.0000,0.0000,0.0000,none,0.0000,0,0,0.0000,none,none,none,none,0.0000,0,0.0000,none,false,true,not_evaluated,true,required_light_or_anchor_flip,bias_flip_down,195.80200000,2025.06.11 14:30:00,195.74700000,2025.06.11 09:15:00,2025.06.11 15:00:00,true,SHORT,195.80200000,195.56100000,1.5164,1,true,2025.06.11 15:30:00,1,SHORT,195.80200000,195.56100000,1.5164,2.8440,strong,2025.06.11 15:45:00,first_after_anchor,true,SHORT,1,0,1,true,false,fresh_0_4,true,false,false,true,none,true,required,false,PERIOD_M5,,,6,0.0000,false,195.80200000,0.0000,false,0.0000,false,none,none,false,post_anchor_retest_missing,true,required_first_signal_only,SHORT,unknown,0.00000000,,0.00000000,,false,,-1,false,NONE,0.00000000,,0.00000000,0.0000,0.0000,none,-1,false,false,false,post_anchor_retest_missing,GBPJPY|SHORT|1749655800|195.802,,,false,false,false,-1,-1,-1,-1,-1,false,false,false,0.0000,rising_n,false,196.22300000,195.38400000,5.2791,true,2.8440,0.0583,1,strong,true,0.3611,shallow_236_382,0.080,diagnostic_only,diagnostic_only,diagnostic_only,fib_pullback,24,0.280,true,none,0.430,low_quality,false,false,diagnostic_only,both,true,none,true,diagnostic_adjacent_detected,required_light,false,true,LONG,4,true,true,2,2025.06.11 13:50:00,2025.06.11 15:00:00,12,2.6407,0.00000000,195.85300000,195.85300000,true,true,m5_hl_close_break_down,195.85300000,true,1.5430,2.5466,true,1,0.0000,false,6,195.85300000,0.9973,off,false,not_evaluated,none,1.0000,0.0000,very_strong,true,false,false,0.0000,held_clean,false,none,0.0000,false,no_retest,2.3208,0.7339,3.1624,1.9068,false,no_shrink,0.0000,none,none,false,false,none,0.0000,0.0000,0.0000,0.0000,none,false,false,0.0000,0.0000,false,false,-1,none,none,false,0.000,0.000,195.69400000,195.66175000,195.66175000,recent_equal_highs,0.02525000,0.4509,neckline_level,195.73390000,0.2942,false,false,true,false,not_blocked,2,0,2,m5_failure_exit,off,none,0.00000000,0.0000,1.30,195.61400000,2.600,-0.300,0.200,PERIOD_H1,195.91000000,195.28200000,0.6449,deep_618_786,0.000,true,195.68700000,195.74300000,0.05600000,195.61400000,1.304,0.15942857,38.00,0-30,true,false,none,not_consumed,2.900,2.900,none,0.0000,false,bos_pullback_failed,false,not_invalidated,spread_too_high
2025.06.11 16:05:00,blocked,session_reversal_pullback_one_symbol_first120,GBPJPY,SHORT,2025.06.11 16:00:00,16,13,22,london_newyork_overlap,2025.06.11 13:00,0,first_120min,true,true,3,GBPJPY,highest_score_in_session_bar,london_newyork_overlap=USDJPY|EURJPY|GBPJPY|AUDJPY|EURUSD|GBPUSD,existing_first120_gate,london_newyork_overlap,false,false,true,passed_first_window,bos_down,first_pullback_after_bos,195.73390000,PERIOD_M5,PERIOD_H1,PERIOD_M15,PERIOD_M5,PERIOD_M5,false,htf_soft_alignment,current_post_filter,transcript_post_filter,dow_range_or_transition,structure_trend_bias_dow_trend_up_hh_hl,dow_range_or_transition,structure_trend_bias_dow_trend_up_hh_hl,false,false,true,SHORT,PERIOD_M5,bos_down,bos_down,2.600,none,0.000,bos_down,2.600,none,0.000,SHORT,false,PERIOD_H1_NONE_dow_range_or_transition|PERIOD_M15_LONG_structure_trend_bias_dow_trend_up_hh_hl,true,h1_counter_m15_reversal,true,top_NONE_dow_range_or_transition|structure_LONG_structure_trend_bias_dow_trend_up_hh_hl|structure_break_recent_confirmed_swing_break_failed|primary_break_recent_confirmed_swing_break_continuation,none,below_75sma_flat_or_rising,above_75sma_rising,below_75sma_flat_or_rising,-1,0.00000000,0,195.85300000,false,off,NONE,NONE,0.00000000,0.00000000,0.0000,none,0.000,true,SHORT,return_low_break_or_bos_down,195.52200000,23,196.22300000,195.38400000,false,off,independent,false,,,false,0.0000,none,0.0000,0.0000,none,0.0000,0.0000,0.0000,none,0.0000,0,0,0.0000,none,none,none,none,0.0000,0,0.0000,none,false,true,not_evaluated,true,required_light_or_anchor_flip,bias_flip_down,195.80200000,2025.06.11 14:30:00,195.74700000,2025.06.11 09:15:00,2025.06.11 15:00:00,true,SHORT,195.80200000,195.56100000,1.5164,1,true,2025.06.11 15:30:00,1,SHORT,195.80200000,195.56100000,1.5164,2.8440,strong,2025.06.11 15:45:00,first_after_anchor,true,SHORT,1,0,1,true,false,fresh_0_4,true,false,false,true,none,true,required,false,PERIOD_M5,,,6,0.0000,false,195.80200000,0.0000,false,0.0000,false,none,none,false,post_anchor_retest_missing,true,required_first_signal_only,SHORT,unknown,0.00000000,,0.00000000,,false,,-1,false,NONE,0.00000000,,0.00000000,0.0000,0.0000,none,-1,false,false,false,post_anchor_retest_missing,GBPJPY|SHORT|1749655800|195.802,,,false,false,false,-1,-1,-1,-1,-1,false,false,false,0.0000,rising_n,false,196.22300000,195.38400000,5.2791,true,2.8440,0.0583,1,strong,true,0.3611,shallow_236_382,0.080,diagnostic_only,diagnostic_only,diagnostic_only,fib_pullback,24,0.280,true,none,0.430,low_quality,false,false,diagnostic_only,both,true,none,true,diagnostic_adjacent_detected,required_light,false,true,LONG,4,true,true,2,2025.06.11 13:50:00,2025.06.11 15:00:00,12,2.6407,0.00000000,195.85300000,195.85300000,true,true,m5_hl_close_break_down,195.85300000,true,1.5430,2.5466,true,1,0.0000,false,6,195.85300000,0.9973,off,false,not_evaluated,none,1.0000,0.0000,very_strong,true,false,false,0.0000,held_clean,false,none,0.0000,false,no_retest,2.3208,0.7339,3.1624,1.9068,false,no_shrink,0.0000,none,none,false,false,none,0.0000,0.0000,0.0000,0.0000,none,false,false,0.0000,0.0000,false,false,-1,none,none,false,0.000,0.000,195.69400000,195.66175000,195.66175000,recent_equal_highs,0.02525000,0.4509,neckline_level,195.73390000,0.2942,false,false,true,false,not_blocked,2,0,2,m5_failure_exit,off,none,0.00000000,0.0000,1.30,195.61400000,2.600,-0.300,0.200,PERIOD_H1,195.91000000,195.28200000,0.6449,deep_618_786,0.000,true,195.68700000,195.74300000,0.05600000,195.61400000,1.304,0.15942857,38.00,0-30,true,false,none,blocked_spread_too_high,2.900,2.900,none,0.0000,false,bos_pullback_failed,false,not_invalidated,spread_too_high
2025.06.11 19:05:00,signal,session_reversal_pullback_one_symbol_first120,EURJPY,SHORT,2025.06.11 19:00:00,19,16,1,new_york,2025.06.11 16:00,0,first_120min,true,true,3,EURJPY,highest_score_in_session_bar,new_york=USDJPY|EURJPY|GBPJPY|AUDJPY|EURUSD|GBPUSD,existing_first120_gate,new_york,false,false,true,passed_first_window,head_and_shoulders,neckline_break_retest,166.00800000,PERIOD_M5,PERIOD_H1,PERIOD_M15,PERIOD_M5,PERIOD_M5,false,htf_soft_alignment,current_post_filter,transcript_post_filter,dow_trend_up_hh_hl,no_ordered_dow_wave3_break,dow_trend_up_hh_hl,no_ordered_dow_wave3_break,false,false,true,SHORT,PERIOD_M5,head_and_shoulders,head_and_shoulders,4.500,none,0.000,head_and_shoulders,4.500,none,0.000,SHORT,false,PERIOD_H1_LONG_dow_trend_up_hh_hl|PERIOD_M15_NONE_no_ordered_dow_wave3_break,true,h1_counter_m15_reversal,true,top_LONG_dow_trend_up_hh_hl|structure_NONE_no_ordered_dow_wave3_break|structure_break_recent_confirmed_swing_break_failed|primary_break_recent_confirmed_swing_break_continuation,none,above_75sma_rising,above_75sma_rising,below_75sma_flat_or_rising,-1,0.00000000,0,166.15800000,false,off,NONE,NONE,0.00000000,0.00000000,0.0000,none,0.000,true,SHORT,return_low_break_or_bos_down,165.91800000,11,166.41200000,165.69300000,false,off,independent,false,,,false,0.0000,none,0.0000,0.0000,none,0.0000,0.0000,0.0000,none,0.0000,0,0,0.0000,none,none,none,none,0.0000,0,0.0000,none,false,true,not_evaluated,true,required_light_or_anchor_flip,long_bias,165.69300000,2025.06.11 15:45:00,166.27900000,2025.06.11 15:00:00,2025.06.11 17:00:00,false,NONE,0.00000000,0.00000000,0.0000,-1,false,,-1,NONE,0.00000000,0.00000000,0.0000,0.0000,none,,none,false,NONE,-1,-1,-1,false,false,none,false,true,false,true,none,true,required,false,PERIOD_M5,,,-1,0.0000,false,0.00000000,0.0000,false,0.0000,false,none,none,false,no_anchor_flip_in_entry_direction,true,required_first_signal_only,SHORT,unknown,0.00000000,,0.00000000,,false,,-1,false,NONE,0.00000000,,0.00000000,0.0000,0.0000,none,-1,false,false,false,no_anchor_flip_in_entry_direction,,,,false,false,false,-1,-1,-1,-1,-1,false,false,false,0.0000,range_n,true,166.41200000,165.69300000,4.3956,false,0.0000,0.0000,0,none,true,0.3713,shallow_236_382,0.080,diagnostic_only,diagnostic_only,diagnostic_only,fib_pullback,7,0.320,true,none,0.470,high_quality,false,false,diagnostic_only,both,true,none,true,diagnostic_adjacent_detected,required_light,false,false,LONG,3,false,false,0,,,-1,0.0000,0.00000000,0.00000000,0.00000000,false,false,none,0.00000000,false,0.0000,0.0000,false,1,0.0000,false,-1,0.00000000,0.0000,off,false,not_evaluated,none,0.0000,0.0000,none,false,false,false,0.0000,none,false,none,0.0000,false,none,0.0000,0.0000,0.0000,0.0000,false,none,0.0000,none,none,false,false,none,0.0000,0.0000,0.0000,0.0000,none,false,false,0.0000,0.0000,false,false,-1,none,none,false,0.000,0.000,165.97600000,165.94000000,165.80500000,top_context_confirmed_swing_high,0.15500000,0.8470,session_low|opening_range_low|neckline_level,165.94000000,0.3271,false,true,false,false,not_blocked,1,1,0,m5_failure_exit,off,none,0.00000000,0.0000,1.30,165.72200000,4.500,0.000,0.200,PERIOD_M15,166.41200000,165.69300000,0.3713,outside,0.000,true,165.96000000,166.14300000,0.18300000,165.72200000,1.301,0.06114286,30.00,0-30,true,false,none,not_consumed,5.100,5.100,none,0.0000,false,neckline_retest_failed,false,not_invalidated,spread_too_high
2025.06.11 19:05:00,blocked,session_reversal_pullback_one_symbol_first120,EURJPY,SHORT,2025.06.11 19:00:00,19,16,1,new_york,2025.06.11 16:00,0,first_120min,true,true,3,EURJPY,highest_score_in_session_bar,new_york=USDJPY|EURJPY|GBPJPY|AUDJPY|EURUSD|GBPUSD,existing_first120_gate,new_york,false,false,true,passed_first_window,head_and_shoulders,neckline_break_retest,166.00800000,PERIOD_M5,PERIOD_H1,PERIOD_M15,PERIOD_M5,PERIOD_M5,false,htf_soft_alignment,current_post_filter,transcript_post_filter,dow_trend_up_hh_hl,no_ordered_dow_wave3_break,dow_trend_up_hh_hl,no_ordered_dow_wave3_break,false,false,true,SHORT,PERIOD_M5,head_and_shoulders,head_and_shoulders,4.500,none,0.000,head_and_shoulders,4.500,none,0.000,SHORT,false,PERIOD_H1_LONG_dow_trend_up_hh_hl|PERIOD_M15_NONE_no_ordered_dow_wave3_break,true,h1_counter_m15_reversal,true,top_LONG_dow_trend_up_hh_hl|structure_NONE_no_ordered_dow_wave3_break|structure_break_recent_confirmed_swing_break_failed|primary_break_recent_confirmed_swing_break_continuation,none,above_75sma_rising,above_75sma_rising,below_75sma_flat_or_rising,-1,0.00000000,0,166.15800000,false,off,NONE,NONE,0.00000000,0.00000000,0.0000,none,0.000,true,SHORT,return_low_break_or_bos_down,165.91800000,11,166.41200000,165.69300000,false,off,independent,false,,,false,0.0000,none,0.0000,0.0000,none,0.0000,0.0000,0.0000,none,0.0000,0,0,0.0000,none,none,none,none,0.0000,0,0.0000,none,false,true,not_evaluated,true,required_light_or_anchor_flip,long_bias,165.69300000,2025.06.11 15:45:00,166.27900000,2025.06.11 15:00:00,2025.06.11 17:00:00,false,NONE,0.00000000,0.00000000,0.0000,-1,false,,-1,NONE,0.00000000,0.00000000,0.0000,0.0000,none,,none,false,NONE,-1,-1,-1,false,false,none,false,true,false,true,none,true,required,false,PERIOD_M5,,,-1,0.0000,false,0.00000000,0.0000,false,0.0000,false,none,none,false,no_anchor_flip_in_entry_direction,true,required_first_signal_only,SHORT,unknown,0.00000000,,0.00000000,,false,,-1,false,NONE,0.00000000,,0.00000000,0.0000,0.0000,none,-1,false,false,false,no_anchor_flip_in_entry_direction,,,,false,false,false,-1,-1,-1,-1,-1,false,false,false,0.0000,range_n,true,166.41200000,165.69300000,4.3956,false,0.0000,0.0000,0,none,true,0.3713,shallow_236_382,0.080,diagnostic_only,diagnostic_only,diagnostic_only,fib_pullback,7,0.320,true,none,0.470,high_quality,false,false,diagnostic_only,both,true,none,true,diagnostic_adjacent_detected,required_light,false,false,LONG,3,false,false,0,,,-1,0.0000,0.00000000,0.00000000,0.00000000,false,false,none,0.00000000,false,0.0000,0.0000,false,1,0.0000,false,-1,0.00000000,0.0000,off,false,not_evaluated,none,0.0000,0.0000,none,false,false,false,0.0000,none,false,none,0.0000,false,none,0.0000,0.0000,0.0000,0.0000,false,none,0.0000,none,none,false,false,none,0.0000,0.0000,0.0000,0.0000,none,false,false,0.0000,0.0000,false,false,-1,none,none,false,0.000,0.000,165.97600000,165.94000000,165.80500000,top_context_confirmed_swing_high,0.15500000,0.8470,session_low|opening_range_low|neckline_level,165.94000000,0.3271,false,true,false,false,not_blocked,1,1,0,m5_failure_exit,off,none,0.00000000,0.0000,1.30,165.72200000,4.500,0.000,0.200,PERIOD_M15,166.41200000,165.69300000,0.3713,outside,0.000,true,165.96000000,166.14300000,0.18300000,165.72200000,1.301,0.06114286,30.00,0-30,true,false,none,blocked_spread_too_high,5.100,5.100,none,0.0000,false,neckline_retest_failed,false,not_invalidated,spread_too_high
2025.06.12 10:50:00,signal,session_reversal_pullback_one_symbol_first120,EURUSD,SHORT,2025.06.12 10:45:00,10,7,16,london,2025.06.12 07:00,45,first_120min,true,true,3,EURUSD,highest_score_in_session_bar,london=USDJPY|EURJPY|GBPJPY|AUDJPY|EURUSD|GBPUSD,existing_first120_gate,london,true,false,true,passed_first_window,head_and_shoulders,neckline_break_retest,1.15140000,PERIOD_M5,PERIOD_H1,PERIOD_M15,PERIOD_M5,PERIOD_M5,false,htf_soft_alignment,current_post_filter,transcript_post_filter,dow_trend_up_hh_hl,structure_trend_bias_dow_trend_up_hh_hl,dow_trend_up_hh_hl,structure_trend_bias_dow_trend_up_hh_hl,false,true,true,SHORT,PERIOD_M5,head_and_shoulders,head_and_shoulders,4.500,none,0.000,head_and_shoulders,4.500,none,0.000,SHORT,true,PERIOD_H1_LONG_dow_trend_up_hh_hl|PERIOD_M15_LONG_structure_trend_bias_dow_trend_up_hh_hl,true,h1_counter_m15_reversal,true,top_LONG_dow_trend_up_hh_hl|structure_LONG_structure_trend_bias_dow_trend_up_hh_hl|structure_break_recent_confirmed_swing_break_retest|primary_break_recent_confirmed_swing_break_failed,none,above_75sma_rising,above_75sma_rising,below_75sma_falling,0,1.15100000,-1,0.00000000,false,off,NONE,NONE,0.00000000,0.00000000,0.0000,none,0.000,true,SHORT,return_low_break_or_bos_down,1.15100000,0,1.15320000,1.15100000,false,off,independent,false,,,false,0.0000,none,0.0000,0.0000,none,0.0000,0.0000,0.0000,none,0.0000,0,0,0.0000,none,none,none,none,0.0000,0,0.0000,none,false,true,not_evaluated,true,required_light_or_anchor_flip,bias_flip_down,1.15100000,2025.06.12 08:00:00,1.14860000,2025.06.11 22:30:00,2025.06.12 08:45:00,true,SHORT,1.15100000,1.15081000,0.2414,0,true,2025.06.12 10:30:00,0,SHORT,1.15100000,1.15081000,0.2414,0.6098,normal,2025.06.12 10:30:00,first_after_anchor,true,SHORT,0,0,0,true,false,fresh_0_4,true,false,false,true,none,true,required,true,PERIOD_M5,2025.06.12 10:35:00,2025.06.12 10:35:00,3,0.6991,true,1.15100000,0.6991,false,0.0000,true,m5_bearish_close_after_anchor_retest,retest_reconfirm,true,none,true,required_first_signal_only,SHORT,no_confirmed_micro_anchor,0.00000000,,0.00000000,,false,,-1,false,NONE,0.00000000,,0.00000000,0.0000,0.0000,none,-1,false,false,false,insufficient_confirmed_m5_pivots,EURUSD|SHORT|1749724200|1.15100,,,false,false,false,-1,-1,-1,-1,-1,false,false,false,0.0000,rising_n,false,1.15320000,1.15008000,3.9637,true,0.6098,0.5596,0,normal,true,0.2966,shallow_236_382,0.080,diagnostic_only,diagnostic_only,diagnostic_only,shallow_pullback,7,0.320,true,none,0.470,high_quality,false,false,diagnostic_only,both,true,none,true,diagnostic_adjacent_detected,required_light,false,false,LONG,6,false,false,0,2025.06.12 08:50:00,2025.06.12 09:50:00,11,3.8540,0.00000000,1.15105000,1.15105000,true,true,m5_hl_close_break_down,1.15105000,true,0.1076,0.6274,true,1,0.5557,false,7,1.15105000,0.3227,off,false,not_evaluated,none,0.5200,0.0200,normal,false,false,true,0.5557,failed_2bars,true,favorable_side,0.1900,false,clean_retest,2.5455,3.6569,0.6961,0.0000,true,strong_exhaustion,0.0000,none,none,false,false,none,0.0000,0.0000,0.0000,0.0000,none,false,false,0.0000,0.0000,false,false,-1,none,none,false,0.000,0.000,1.15140000,1.15108600,1.15108600,recent_equal_lows,0.00026400,0.2164,neckline_level,1.15140000,0.0896,false,true,true,false,not_blocked,9,6,3,m5_failure_exit,off,none,0.00000000,0.0000,1.30,1.14976000,4.500,-0.300,0.200,PERIOD_M15,1.15320000,1.15100000,0.1591,outside,0.000,true,1.15135000,1.15257000,0.00122000,1.14976000,1.303,0.00055786,18.00,30-60,true,false,none,not_consumed,4.950,4.950,none,0.0000,false,neckline_retest_failed,false,not_invalidated,spread_too_high
2025.06.12 10:50:00,blocked,session_reversal_pullback_one_symbol_first120,EURUSD,SHORT,2025.06.12 10:45:00,10,7,16,london,2025.06.12 07:00,45,first_120min,true,true,3,EURUSD,highest_score_in_session_bar,london=USDJPY|EURJPY|GBPJPY|AUDJPY|EURUSD|GBPUSD,existing_first120_gate,london,true,false,true,passed_first_window,head_and_shoulders,neckline_break_retest,1.15140000,PERIOD_M5,PERIOD_H1,PERIOD_M15,PERIOD_M5,PERIOD_M5,false,htf_soft_alignment,current_post_filter,transcript_post_filter,dow_trend_up_hh_hl,structure_trend_bias_dow_trend_up_hh_hl,dow_trend_up_hh_hl,structure_trend_bias_dow_trend_up_hh_hl,false,true,true,SHORT,PERIOD_M5,head_and_shoulders,head_and_shoulders,4.500,none,0.000,head_and_shoulders,4.500,none,0.000,SHORT,true,PERIOD_H1_LONG_dow_trend_up_hh_hl|PERIOD_M15_LONG_structure_trend_bias_dow_trend_up_hh_hl,true,h1_counter_m15_reversal,true,top_LONG_dow_trend_up_hh_hl|structure_LONG_structure_trend_bias_dow_trend_up_hh_hl|structure_break_recent_confirmed_swing_break_retest|primary_break_recent_confirmed_swing_break_failed,none,above_75sma_rising,above_75sma_rising,below_75sma_falling,0,1.15100000,-1,0.00000000,false,off,NONE,NONE,0.00000000,0.00000000,0.0000,none,0.000,true,SHORT,return_low_break_or_bos_down,1.15100000,0,1.15320000,1.15100000,false,off,independent,false,,,false,0.0000,none,0.0000,0.0000,none,0.0000,0.0000,0.0000,none,0.0000,0,0,0.0000,none,none,none,none,0.0000,0,0.0000,none,false,true,not_evaluated,true,required_light_or_anchor_flip,bias_flip_down,1.15100000,2025.06.12 08:00:00,1.14860000,2025.06.11 22:30:00,2025.06.12 08:45:00,true,SHORT,1.15100000,1.15081000,0.2414,0,true,2025.06.12 10:30:00,0,SHORT,1.15100000,1.15081000,0.2414,0.6098,normal,2025.06.12 10:30:00,first_after_anchor,true,SHORT,0,0,0,true,false,fresh_0_4,true,false,false,true,none,true,required,true,PERIOD_M5,2025.06.12 10:35:00,2025.06.12 10:35:00,3,0.6991,true,1.15100000,0.6991,false,0.0000,true,m5_bearish_close_after_anchor_retest,retest_reconfirm,true,none,true,required_first_signal_only,SHORT,no_confirmed_micro_anchor,0.00000000,,0.00000000,,false,,-1,false,NONE,0.00000000,,0.00000000,0.0000,0.0000,none,-1,false,false,false,insufficient_confirmed_m5_pivots,EURUSD|SHORT|1749724200|1.15100,,,false,false,false,-1,-1,-1,-1,-1,false,false,false,0.0000,rising_n,false,1.15320000,1.15008000,3.9637,true,0.6098,0.5596,0,normal,true,0.2966,shallow_236_382,0.080,diagnostic_only,diagnostic_only,diagnostic_only,shallow_pullback,7,0.320,true,none,0.470,high_quality,false,false,diagnostic_only,both,true,none,true,diagnostic_adjacent_detected,required_light,false,false,LONG,6,false,false,0,2025.06.12 08:50:00,2025.06.12 09:50:00,11,3.8540,0.00000000,1.15105000,1.15105000,true,true,m5_hl_close_break_down,1.15105000,true,0.1076,0.6274,true,1,0.5557,false,7,1.15105000,0.3227,off,false,not_evaluated,none,0.5200,0.0200,normal,false,false,true,0.5557,failed_2bars,true,favorable_side,0.1900,false,clean_retest,2.5455,3.6569,0.6961,0.0000,true,strong_exhaustion,0.0000,none,none,false,false,none,0.0000,0.0000,0.0000,0.0000,none,false,false,0.0000,0.0000,false,false,-1,none,none,false,0.000,0.000,1.15140000,1.15108600,1.15108600,recent_equal_lows,0.00026400,0.2164,neckline_level,1.15140000,0.0896,false,true,true,false,not_blocked,9,6,3,m5_failure_exit,off,none,0.00000000,0.0000,1.30,1.14976000,4.500,-0.300,0.200,PERIOD_M15,1.15320000,1.15100000,0.1591,outside,0.000,true,1.15135000,1.15257000,0.00122000,1.14976000,1.303,0.00055786,18.00,30-60,true,false,none,blocked_spread_too_high,4.950,4.950,none,0.0000,false,neckline_retest_failed,false,not_invalidated,spread_too_high
2025.06.12 19:40:00,signal,session_reversal_pullback_one_symbol_first120,USDJPY,LONG,2025.06.12 19:35:00,19,16,1,new_york,2025.06.12 16:00,35,first_120min,true,true,3,USDJPY,highest_score_in_session_bar,new_york=USDJPY|EURJPY|GBPJPY|AUDJPY|EURUSD|GBPUSD,existing_first120_gate,new_york,false,false,true,passed_first_window,sweep_low_reclaim,sweep_reclaim_retest,143.58500000,PERIOD_M5,PERIOD_H1,PERIOD_M15,PERIOD_M5,PERIOD_M5,false,htf_soft_alignment,current_post_filter,transcript_post_filter,dow_trend_down_ll_lh,no_ordered_dow_wave3_break,dow_trend_down_ll_lh,no_ordered_dow_wave3_break,false,true,false,LONG,PERIOD_M5,sweep_low_reclaim,sweep_low_reclaim,3.400,none,0.000,sweep_low_reclaim,3.400,none,0.000,LONG,false,PERIOD_H1_SHORT_dow_trend_down_ll_lh|PERIOD_M15_NONE_no_ordered_dow_wave3_break,true,h1_counter_m15_reversal,true,top_SHORT_dow_trend_down_ll_lh|structure_NONE_no_ordered_dow_wave3_break|structure_break_recent_confirmed_swing_break_failed|primary_break_recent_confirmed_swing_break_continuation,none,below_75sma_falling,below_75sma_falling,above_75sma_flat_or_falling,-1,0.00000000,0,143.48800000,false,off,NONE,NONE,0.00000000,0.00000000,0.0000,none,0.000,true,LONG,return_high_break_or_bos_up,143.77900000,5,143.89700000,143.17700000,false,off,independent,false,,,false,0.0000,none,0.0000,0.0000,none,0.0000,0.0000,0.0000,none,0.0000,0,0,0.0000,none,none,none,none,0.0000,0,0.0000,none,false,true,not_evaluated,true,required_light_or_anchor_flip,long_bias,143.17700000,2025.06.12 15:30:00,143.77900000,2025.06.12 14:45:00,2025.06.12 18:15:00,false,NONE,0.00000000,0.00000000,0.0000,-1,false,,-1,NONE,0.00000000,0.00000000,0.0000,0.0000,none,,none,false,NONE,-1,-1,-1,false,false,none,true,false,false,true,none,true,required,false,PERIOD_M5,,,-1,0.0000,false,0.00000000,0.0000,false,0.0000,false,none,none,false,no_anchor_flip_in_entry_direction,true,required_first_signal_only,LONG,unknown,0.00000000,,0.00000000,,false,,-1,false,NONE,0.00000000,,0.00000000,0.0000,0.0000,none,-1,false,false,false,no_anchor_flip_in_entry_direction,,,,false,false,false,-1,-1,-1,-1,-1,false,false,false,0.0000,range_n,true,143.89700000,143.17700000,4.1930,false,0.0000,0.0000,0,none,true,0.3083,shallow_236_382,0.080,diagnostic_only,diagnostic_only,diagnostic_only,shallow_pullback,24,0.280,true,none,0.430,medium_quality,false,false,diagnostic_only,both,true,none,true,diagnostic_adjacent_detected,required_light,false,false,SHORT,5,false,false,0,2025.06.12 17:35:00,2025.06.12 18:55:00,8,3.9913,143.89700000,0.00000000,143.89700000,false,false,none,0.00000000,false,0.0000,0.0000,false,1,0.0000,false,-1,0.00000000,0.0000,off,false,not_evaluated,none,0.0000,0.0000,none,false,false,false,0.0000,none,false,none,0.0000,false,none,3.8082,2.0628,1.8462,0.0000,true,strong_exhaustion,0.0000,none,none,false,false,none,0.0000,0.0000,0.0000,0.0000,none,false,false,0.0000,0.0000,false,false,-1,none,none,false,0.000,0.000,143.71600000,143.66036364,143.71600000,top_context_confirmed_swing_low,0.04100000,0.2808,neckline_level,143.58500000,1.0985,false,true,true,false,not_blocked,4,3,1,m5_failure_exit,off,none,0.00000000,0.0000,1.30,143.86400000,3.400,-0.300,0.200,PERIOD_M15,143.89700000,143.17700000,0.3083,outside,0.000,true,143.67500000,143.52900000,0.14600000,143.86400000,1.295,0.08192857,18.00,30-60,true,false,none,not_consumed,3.700,3.700,none,0.0000,false,opposite_break_first,true,opposite_break_first,spread_too_high
2025.06.12 19:40:00,blocked,session_reversal_pullback_one_symbol_first120,USDJPY,LONG,2025.06.12 19:35:00,19,16,1,new_york,2025.06.12 16:00,35,first_120min,true,true,3,USDJPY,highest_score_in_session_bar,new_york=USDJPY|EURJPY|GBPJPY|AUDJPY|EURUSD|GBPUSD,existing_first120_gate,new_york,false,false,true,passed_first_window,sweep_low_reclaim,sweep_reclaim_retest,143.58500000,PERIOD_M5,PERIOD_H1,PERIOD_M15,PERIOD_M5,PERIOD_M5,false,htf_soft_alignment,current_post_filter,transcript_post_filter,dow_trend_down_ll_lh,no_ordered_dow_wave3_break,dow_trend_down_ll_lh,no_ordered_dow_wave3_break,false,true,false,LONG,PERIOD_M5,sweep_low_reclaim,sweep_low_reclaim,3.400,none,0.000,sweep_low_reclaim,3.400,none,0.000,LONG,false,PERIOD_H1_SHORT_dow_trend_down_ll_lh|PERIOD_M15_NONE_no_ordered_dow_wave3_break,true,h1_counter_m15_reversal,true,top_SHORT_dow_trend_down_ll_lh|structure_NONE_no_ordered_dow_wave3_break|structure_break_recent_confirmed_swing_break_failed|primary_break_recent_confirmed_swing_break_continuation,none,below_75sma_falling,below_75sma_falling,above_75sma_flat_or_falling,-1,0.00000000,0,143.48800000,false,off,NONE,NONE,0.00000000,0.00000000,0.0000,none,0.000,true,LONG,return_high_break_or_bos_up,143.77900000,5,143.89700000,143.17700000,false,off,independent,false,,,false,0.0000,none,0.0000,0.0000,none,0.0000,0.0000,0.0000,none,0.0000,0,0,0.0000,none,none,none,none,0.0000,0,0.0000,none,false,true,not_evaluated,true,required_light_or_anchor_flip,long_bias,143.17700000,2025.06.12 15:30:00,143.77900000,2025.06.12 14:45:00,2025.06.12 18:15:00,false,NONE,0.00000000,0.00000000,0.0000,-1,false,,-1,NONE,0.00000000,0.00000000,0.0000,0.0000,none,,none,false,NONE,-1,-1,-1,false,false,none,true,false,false,true,none,true,required,false,PERIOD_M5,,,-1,0.0000,false,0.00000000,0.0000,false,0.0000,false,none,none,false,no_anchor_flip_in_entry_direction,true,required_first_signal_only,LONG,unknown,0.00000000,,0.00000000,,false,,-1,false,NONE,0.00000000,,0.00000000,0.0000,0.0000,none,-1,false,false,false,no_anchor_flip_in_entry_direction,,,,false,false,false,-1,-1,-1,-1,-1,false,false,false,0.0000,range_n,true,143.89700000,143.17700000,4.1930,false,0.0000,0.0000,0,none,true,0.3083,shallow_236_382,0.080,diagnostic_only,diagnostic_only,diagnostic_only,shallow_pullback,24,0.280,true,none,0.430,medium_quality,false,false,diagnostic_only,both,true,none,true,diagnostic_adjacent_detected,required_light,false,false,SHORT,5,false,false,0,2025.06.12 17:35:00,2025.06.12 18:55:00,8,3.9913,143.89700000,0.00000000,143.89700000,false,false,none,0.00000000,false,0.0000,0.0000,false,1,0.0000,false,-1,0.00000000,0.0000,off,false,not_evaluated,none,0.0000,0.0000,none,false,false,false,0.0000,none,false,none,0.0000,false,none,3.8082,2.0628,1.8462,0.0000,true,strong_exhaustion,0.0000,none,none,false,false,none,0.0000,0.0000,0.0000,0.0000,none,false,false,0.0000,0.0000,false,false,-1,none,none,false,0.000,0.000,143.71600000,143.66036364,143.71600000,top_context_confirmed_swing_low,0.04100000,0.2808,neckline_level,143.58500000,1.0985,false,true,true,false,not_blocked,4,3,1,m5_failure_exit,off,none,0.00000000,0.0000,1.30,143.86400000,3.400,-0.300,0.200,PERIOD_M15,143.89700000,143.17700000,0.3083,outside,0.000,true,143.67500000,143.52900000,0.14600000,143.86400000,1.295,0.08192857,18.00,30-60,true,false,none,blocked_spread_too_high,3.700,3.700,none,0.0000,false,opposite_break_first,true,opposite_break_first,spread_too_high
2025.06.13 10:45:00,signal,session_reversal_pullback_one_symbol_first120,GBPUSD,SHORT,2025.06.13 10:40:00,10,7,16,london,2025.06.13 07:00,40,first_120min,true,true,3,GBPUSD,highest_score_in_session_bar,london=USDJPY|EURJPY|GBPJPY|AUDJPY|EURUSD|GBPUSD,existing_first120_gate,london,false,false,true,passed_first_window,sweep_high_reclaim,sweep_reclaim_retest,1.35663000,PERIOD_M5,PERIOD_H1,PERIOD_M15,PERIOD_M5,PERIOD_M5,false,htf_soft_alignment,current_post_filter,transcript_post_filter,dow_trend_up_hh_hl,break_above_without_higher_pullback,dow_trend_up_hh_hl,break_above_without_higher_pullback,false,false,true,SHORT,PERIOD_M5,sweep_high_reclaim,sweep_high_reclaim,3.400,none,0.000,sweep_high_reclaim,3.400,none,0.000,SHORT,false,PERIOD_H1_LONG_dow_trend_up_hh_hl|PERIOD_M15_NONE_break_above_without_higher_pullback,true,h1_counter_m15_reversal,true,top_LONG_dow_trend_up_hh_hl|structure_NONE_break_above_without_higher_pullback|structure_break_recent_confirmed_swing_break_failed|primary_break_recent_confirmed_swing_break_failed,none,below_75sma_falling,below_75sma_falling,above_75sma_flat_or_falling,-1,0.00000000,-1,0.00000000,false,off,NONE,NONE,0.00000000,0.00000000,0.0000,none,0.000,true,SHORT,return_low_break_or_bos_down,1.35293000,4,1.35700000,1.35205000,false,off,independent,false,,,false,0.0000,none,0.0000,0.0000,none,0.0000,0.0000,0.0000,none,0.0000,0,0,0.0000,none,none,none,none,0.0000,0,0.0000,none,false,true,not_evaluated,true,required_light_or_anchor_flip,bias_flip_up,1.35272000,2025.06.13 08:30:00,1.35528000,2025.06.13 09:00:00,2025.06.13 09:30:00,true,LONG,1.35528000,1.35574000,0.3500,1,true,2025.06.13 10:15:00,1,LONG,1.35528000,1.35574000,0.3500,1.0196,strong,2025.06.13 10:30:00,first_after_anchor,true,LONG,1,0,1,true,false,fresh_0_4,false,true,false,true,none,true,required,false,PERIOD_M5,,,-1,0.0000,false,0.00000000,0.0000,false,0.0000,false,none,none,false,no_anchor_flip_in_entry_direction,true,required_first_signal_only,SHORT,unknown,0.00000000,,0.00000000,,false,,-1,false,NONE,0.00000000,,0.00000000,0.0000,0.0000,none,-1,false,false,false,no_anchor_flip_in_entry_direction,,,,false,false,false,-1,-1,-1,-1,-1,false,false,false,0.0000,range_n,true,1.35538000,1.35205000,2.5337,true,1.0196,0.1410,1,strong,true,0.8828,too_deep,0.000,diagnostic_only,diagnostic_only,diagnostic_only,shallow_pullback,24,0.200,true,none,0.350,medium_quality,false,false,diagnostic_only,both,true,none,true,diagnostic_adjacent_detected,required_light,false,false,LONG,6,false,false,1,2025.06.13 08:10:00,2025.06.13 09:40:00,12,3.6884,0.00000000,1.35205000,1.35205000,false,false,none,0.00000000,false,0.0000,0.0000,false,1,0.0000,false,-1,0.00000000,0.0000,off,false,not_evaluated,none,0.0000,0.0000,none,false,false,false,0.0000,none,false,none,0.0000,false,none,3.6884,2.0440,1.8045,0.8793,false,no_shrink,0.0000,none,none,false,false,none,0.0000,0.0000,0.0000,0.0000,none,false,false,0.0000,0.0000,false,false,-1,none,none,false,0.000,0.000,1.35663000,1.35552500,0.00000000,none,0.00000000,0.0000,neckline_level,1.35663000,0.2398,true,false,false,false,not_blocked,0,0,0,m5_failure_exit,off,none,0.00000000,0.0000,1.30,1.35558000,3.400,0.350,0.200,PERIOD_M15,1.35528000,1.35205000,1.3529,outside,0.000,true,1.35642000,1.35707000,0.00065000,1.35558000,1.292,0.00087571,20.00,30-60,true,false,none,not_consumed,4.150,4.150,none,0.0000,false,opposite_break_first,true,opposite_break_first,spread_too_high
2025.06.13 10:45:00,blocked,session_reversal_pullback_one_symbol_first120,GBPUSD,SHORT,2025.06.13 10:40:00,10,7,16,london,2025.06.13 07:00,40,first_120min,true,true,3,GBPUSD,highest_score_in_session_bar,london=USDJPY|EURJPY|GBPJPY|AUDJPY|EURUSD|GBPUSD,existing_first120_gate,london,false,false,true,passed_first_window,sweep_high_reclaim,sweep_reclaim_retest,1.35663000,PERIOD_M5,PERIOD_H1,PERIOD_M15,PERIOD_M5,PERIOD_M5,false,htf_soft_alignment,current_post_filter,transcript_post_filter,dow_trend_up_hh_hl,break_above_without_higher_pullback,dow_trend_up_hh_hl,break_above_without_higher_pullback,false,false,true,SHORT,PERIOD_M5,sweep_high_reclaim,sweep_high_reclaim,3.400,none,0.000,sweep_high_reclaim,3.400,none,0.000,SHORT,false,PERIOD_H1_LONG_dow_trend_up_hh_hl|PERIOD_M15_NONE_break_above_without_higher_pullback,true,h1_counter_m15_reversal,true,top_LONG_dow_trend_up_hh_hl|structure_NONE_break_above_without_higher_pullback|structure_break_recent_confirmed_swing_break_failed|primary_break_recent_confirmed_swing_break_failed,none,below_75sma_falling,below_75sma_falling,above_75sma_flat_or_falling,-1,0.00000000,-1,0.00000000,false,off,NONE,NONE,0.00000000,0.00000000,0.0000,none,0.000,true,SHORT,return_low_break_or_bos_down,1.35293000,4,1.35700000,1.35205000,false,off,independent,false,,,false,0.0000,none,0.0000,0.0000,none,0.0000,0.0000,0.0000,none,0.0000,0,0,0.0000,none,none,none,none,0.0000,0,0.0000,none,false,true,not_evaluated,true,required_light_or_anchor_flip,bias_flip_up,1.35272000,2025.06.13 08:30:00,1.35528000,2025.06.13 09:00:00,2025.06.13 09:30:00,true,LONG,1.35528000,1.35574000,0.3500,1,true,2025.06.13 10:15:00,1,LONG,1.35528000,1.35574000,0.3500,1.0196,strong,2025.06.13 10:30:00,first_after_anchor,true,LONG,1,0,1,true,false,fresh_0_4,false,true,false,true,none,true,required,false,PERIOD_M5,,,-1,0.0000,false,0.00000000,0.0000,false,0.0000,false,none,none,false,no_anchor_flip_in_entry_direction,true,required_first_signal_only,SHORT,unknown,0.00000000,,0.00000000,,false,,-1,false,NONE,0.00000000,,0.00000000,0.0000,0.0000,none,-1,false,false,false,no_anchor_flip_in_entry_direction,,,,false,false,false,-1,-1,-1,-1,-1,false,false,false,0.0000,range_n,true,1.35538000,1.35205000,2.5337,true,1.0196,0.1410,1,strong,true,0.8828,too_deep,0.000,diagnostic_only,diagnostic_only,diagnostic_only,shallow_pullback,24,0.200,true,none,0.350,medium_quality,false,false,diagnostic_only,both,true,none,true,diagnostic_adjacent_detected,required_light,false,false,LONG,6,false,false,1,2025.06.13 08:10:00,2025.06.13 09:40:00,12,3.6884,0.00000000,1.35205000,1.35205000,false,false,none,0.00000000,false,0.0000,0.0000,false,1,0.0000,false,-1,0.00000000,0.0000,off,false,not_evaluated,none,0.0000,0.0000,none,false,false,false,0.0000,none,false,none,0.0000,false,none,3.6884,2.0440,1.8045,0.8793,false,no_shrink,0.0000,none,none,false,false,none,0.0000,0.0000,0.0000,0.0000,none,false,false,0.0000,0.0000,false,false,-1,none,none,false,0.000,0.000,1.35663000,1.35552500,0.00000000,none,0.00000000,0.0000,neckline_level,1.35663000,0.2398,true,false,false,false,not_blocked,0,0,0,m5_failure_exit,off,none,0.00000000,0.0000,1.30,1.35558000,3.400,0.350,0.200,PERIOD_M15,1.35528000,1.35205000,1.3529,outside,0.000,true,1.35642000,1.35707000,0.00065000,1.35558000,1.292,0.00087571,20.00,30-60,true,false,none,blocked_spread_too_high,4.150,4.150,none,0.0000,false,opposite_break_first,true,opposite_break_first,spread_too_high
2025.06.13 16:55:00,signal,session_reversal_pullback_one_symbol_first120,EURUSD,LONG,2025.06.13 16:50:00,16,13,22,london_newyork_overlap,2025.06.13 13:00,50,first_120min,true,true,3,EURUSD,highest_score_in_session_bar,london_newyork_overlap=USDJPY|EURJPY|GBPJPY|AUDJPY|EURUSD|GBPUSD,existing_first120_gate,london_newyork_overlap,false,false,true,passed_first_window,double_bottom,neckline_break_retest,1.15160000,PERIOD_M5,PERIOD_H1,PERIOD_M15,PERIOD_M5,PERIOD_M5,false,htf_soft_alignment,current_post_filter,transcript_post_filter,dow_trend_down_ll_lh,structure_trend_bias_dow_trend_down_ll_lh,dow_trend_down_ll_lh,structure_trend_bias_dow_trend_down_ll_lh,false,true,false,LONG,PERIOD_M5,double_bottom,double_bottom,4.200,none,0.000,double_bottom,4.200,none,0.000,LONG,false,PERIOD_H1_SHORT_dow_trend_down_ll_lh|PERIOD_M15_SHORT_structure_trend_bias_dow_trend_down_ll_lh,true,h1_counter_m15_reversal,true,top_SHORT_dow_trend_down_ll_lh|structure_SHORT_structure_trend_bias_dow_trend_down_ll_lh|structure_break_recent_confirmed_swing_break_failed|primary_break_no_recent_confirmed_swing_break,none,above_75sma_rising,below_75sma_falling,above_75sma_flat_or_falling,-1,0.00000000,-1,0.00000000,false,off,NONE,NONE,0.00000000,0.00000000,0.0000,none,0.000,true,LONG,return_high_break_or_bos_up,1.15456000,24,1.15569000,1.14881000,false,off,independent,false,,,false,0.0000,none,0.0000,0.0000,none,0.0000,0.0000,0.0000,none,0.0000,0,0,0.0000,none,none,none,none,0.0000,0,0.0000,none,false,true,not_evaluated,true,required_light_or_anchor_flip,short_bias,1.15232000,2025.06.13 09:30:00,1.15599000,2025.06.13 10:00:00,2025.06.13 13:45:00,false,NONE,0.00000000,0.00000000,0.0000,-1,false,,-1,NONE,0.00000000,0.00000000,0.0000,0.0000,none,,none,false,NONE,-1,-1,-1,false,false,none,false,true,false,true,none,true,required,false,PERIOD_M5,,,-1,0.0000,false,0.00000000,0.0000,false,0.0000,false,none,none,false,no_anchor_flip_in_entry_direction,true,required_first_signal_only,LONG,unknown,0.00000000,,0.00000000,,false,,-1,false,NONE,0.00000000,,0.00000000,0.0000,0.0000,none,-1,false,false,false,no_anchor_flip_in_entry_direction,,,,false,false,false,-1,-1,-1,-1,-1,false,false,false,0.0000,falling_n,false,1.15599000,1.14881000,5.9409,false,0.0000,0.0000,0,none,true,0.5073,preferred_382_618,0.200,diagnostic_only,diagnostic_only,diagnostic_only,deep_pullback,24,0.400,true,none,0.550,high_quality,false,false,diagnostic_only,both,true,none,true,diagnostic_adjacent_detected,required_light,false,false,SHORT,2,false,false,0,,,-1,0.0000,0.00000000,0.00000000,0.00000000,false,false,none,0.00000000,false,0.0000,0.0000,false,1,0.0000,false,-1,0.00000000,0.0000,off,false,not_evaluated,none,0.0000,0.0000,none,false,false,false,0.0000,none,false,none,0.0000,false,none,0.0000,0.0000,0.0000,0.0000,false,none,0.0000,none,none,false,false,none,0.0000,0.0000,0.0000,0.0000,none,false,false,0.0000,0.0000,false,false,-1,none,none,false,0.000,0.000,1.15500000,1.15219000,0.00000000,none,0.00000000,0.0000,session_high|opening_range_high|neckline_level,1.15210000,0.1797,true,false,false,false,not_blocked,0,0,0,m5_failure_exit,off,none,0.00000000,0.0000,1.30,1.15398000,4.200,0.350,0.200,PERIOD_M15,1.15219000,1.14881000,-0.0030,outside,0.000,true,1.15220000,1.15083000,0.00137000,1.15398000,1.299,0.00055643,18.00,30-60,true,false,none,not_consumed,4.950,4.950,none,0.0000,false,opposite_break_first,true,opposite_break_first,spread_too_high
2025.06.13 16:55:00,blocked,session_reversal_pullback_one_symbol_first120,EURUSD,LONG,2025.06.13 16:50:00,16,13,22,london_newyork_overlap,2025.06.13 13:00,50,first_120min,true,true,3,EURUSD,highest_score_in_session_bar,london_newyork_overlap=USDJPY|EURJPY|GBPJPY|AUDJPY|EURUSD|GBPUSD,existing_first120_gate,london_newyork_overlap,false,false,true,passed_first_window,double_bottom,neckline_break_retest,1.15160000,PERIOD_M5,PERIOD_H1,PERIOD_M15,PERIOD_M5,PERIOD_M5,false,htf_soft_alignment,current_post_filter,transcript_post_filter,dow_trend_down_ll_lh,structure_trend_bias_dow_trend_down_ll_lh,dow_trend_down_ll_lh,structure_trend_bias_dow_trend_down_ll_lh,false,true,false,LONG,PERIOD_M5,double_bottom,double_bottom,4.200,none,0.000,double_bottom,4.200,none,0.000,LONG,false,PERIOD_H1_SHORT_dow_trend_down_ll_lh|PERIOD_M15_SHORT_structure_trend_bias_dow_trend_down_ll_lh,true,h1_counter_m15_reversal,true,top_SHORT_dow_trend_down_ll_lh|structure_SHORT_structure_trend_bias_dow_trend_down_ll_lh|structure_break_recent_confirmed_swing_break_failed|primary_break_no_recent_confirmed_swing_break,none,above_75sma_rising,below_75sma_falling,above_75sma_flat_or_falling,-1,0.00000000,-1,0.00000000,false,off,NONE,NONE,0.00000000,0.00000000,0.0000,none,0.000,true,LONG,return_high_break_or_bos_up,1.15456000,24,1.15569000,1.14881000,false,off,independent,false,,,false,0.0000,none,0.0000,0.0000,none,0.0000,0.0000,0.0000,none,0.0000,0,0,0.0000,none,none,none,none,0.0000,0,0.0000,none,false,true,not_evaluated,true,required_light_or_anchor_flip,short_bias,1.15232000,2025.06.13 09:30:00,1.15599000,2025.06.13 10:00:00,2025.06.13 13:45:00,false,NONE,0.00000000,0.00000000,0.0000,-1,false,,-1,NONE,0.00000000,0.00000000,0.0000,0.0000,none,,none,false,NONE,-1,-1,-1,false,false,none,false,true,false,true,none,true,required,false,PERIOD_M5,,,-1,0.0000,false,0.00000000,0.0000,false,0.0000,false,none,none,false,no_anchor_flip_in_entry_direction,true,required_first_signal_only,LONG,unknown,0.00000000,,0.00000000,,false,,-1,false,NONE,0.00000000,,0.00000000,0.0000,0.0000,none,-1,false,false,false,no_anchor_flip_in_entry_direction,,,,false,false,false,-1,-1,-1,-1,-1,false,false,false,0.0000,falling_n,false,1.15599000,1.14881000,5.9409,false,0.0000,0.0000,0,none,true,0.5073,preferred_382_618,0.200,diagnostic_only,diagnostic_only,diagnostic_only,deep_pullback,24,0.400,true,none,0.550,high_quality,false,false,diagnostic_only,both,true,none,true,diagnostic_adjacent_detected,required_light,false,false,SHORT,2,false,false,0,,,-1,0.0000,0.00000000,0.00000000,0.00000000,false,false,none,0.00000000,false,0.0000,0.0000,false,1,0.0000,false,-1,0.00000000,0.0000,off,false,not_evaluated,none,0.0000,0.0000,none,false,false,false,0.0000,none,false,none,0.0000,false,none,0.0000,0.0000,0.0000,0.0000,false,none,0.0000,none,none,false,false,none,0.0000,0.0000,0.0000,0.0000,none,false,false,0.0000,0.0000,false,false,-1,none,none,false,0.000,0.000,1.15500000,1.15219000,0.00000000,none,0.00000000,0.0000,session_high|opening_range_high|neckline_level,1.15210000,0.1797,true,false,false,false,not_blocked,0,0,0,m5_failure_exit,off,none,0.00000000,0.0000,1.30,1.15398000,4.200,0.350,0.200,PERIOD_M15,1.15219000,1.14881000,-0.0030,outside,0.000,true,1.15220000,1.15083000,0.00137000,1.15398000,1.299,0.00055643,18.00,30-60,true,false,none,blocked_spread_too_high,4.950,4.950,none,0.0000,false,opposite_break_first,true,opposite_break_first,spread_too_high
2025.06.16 04:15:00,signal,session_reversal_pullback_one_symbol_first120,USDJPY,SHORT,2025.06.16 04:10:00,4,1,10,tokyo,2025.06.16 00:00,70,first_120min,false,true,3,USDJPY,highest_score_in_session_bar,tokyo=USDJPY|EURJPY|GBPJPY|AUDJPY,existing_first120_gate,tokyo,false,false,true,passed_first_window,head_and_shoulders,neckline_break_retest,144.32800000,PERIOD_M5,PERIOD_H1,PERIOD_M15,PERIOD_M5,PERIOD_M5,false,htf_soft_alignment,current_post_filter,transcript_post_filter,dow_range_or_transition,no_ordered_dow_wave3_break,dow_range_or_transition,no_ordered_dow_wave3_break,false,false,true,SHORT,PERIOD_M5,head_and_shoulders,head_and_shoulders,4.500,none,0.000,head_and_shoulders,4.500,none,0.000,SHORT,false,PERIOD_H1_NONE_dow_range_or_transition|PERIOD_M15_NONE_no_ordered_dow_wave3_break,true,h1_counter_m15_reversal,true,top_NONE_dow_range_or_transition|structure_NONE_no_ordered_dow_wave3_break|structure_break_recent_confirmed_swing_break_failed|primary_break_recent_confirmed_swing_break_continuation,none,above_75sma_flat_or_falling,above_75sma_rising,below_75sma_flat_or_rising,-1,0.00000000,0,144.38500000,false,off,NONE,NONE,0.00000000,0.00000000,0.0000,none,0.000,true,SHORT,return_low_break_or_bos_down,144.08000000,16,144.74100000,143.81900000,false,off,independent,false,,,false,0.0000,none,0.0000,0.0000,none,0.0000,0.0000,0.0000,none,0.0000,0,0,0.0000,none,none,none,none,0.0000,0,0.0000,none,false,true,not_evaluated,true,required_light_or_anchor_flip,bias_flip_down,144.32800000,2025.06.16 01:45:00,144.47600000,2025.06.13 16:30:00,2025.06.16 02:15:00,true,SHORT,144.32800000,144.23600000,0.5039,0,true,2025.06.16 04:00:00,0,SHORT,144.32800000,144.23600000,0.5039,0.7121,normal,2025.06.16 04:00:00,first_after_anchor,true,SHORT,0,0,0,true,false,fresh_0_4,true,false,false,true,none,true,required,true,PERIOD_M5,2025.06.16 04:05:00,2025.06.16 04:05:00,2,0.2015,true,144.32800000,0.2015,false,0.0000,true,m5_bos_down_after_anchor_retest,retest_reconfirm,true,none,true,required_first_signal_only,SHORT,no_confirmed_micro_anchor,0.00000000,,0.00000000,,false,,-1,false,NONE,0.00000000,,0.00000000,0.0000,0.0000,none,-1,false,false,false,insufficient_confirmed_m5_pivots,USDJPY|SHORT|1750046400|144.328,,,false,false,false,-1,-1,-1,-1,-1,false,false,false,0.0000,rising_n,false,144.74100000,143.81900000,5.0501,true,0.7121,0.2398,0,normal,true,0.4523,preferred_382_618,0.200,diagnostic_only,diagnostic_only,diagnostic_only,fib_pullback,7,0.440,true,none,0.590,high_quality,false,false,diagnostic_only,both,true,none,true,diagnostic_adjacent_detected,required_light,false,false,LONG,7,false,false,0,2025.06.16 02:40:00,2025.06.16 03:50:00,4,2.9162,0.00000000,144.38500000,144.38500000,true,true,m5_hl_close_break_down,144.38500000,true,0.2964,0.2134,true,1,0.0000,false,3,144.38500000,0.0711,off,false,not_evaluated,none,0.7826,0.2174,normal,true,false,false,0.0000,held_clean,true,favorable_side,0.1066,false,clean_retest,2.0034,2.0152,0.9941,0.0000,true,strong_exhaustion,0.0000,none,none,false,false,none,0.0000,0.0000,0.0000,0.0000,none,false,false,0.0000,0.0000,false,false,-1,none,none,false,0.000,0.000,144.27000000,144.20800000,144.00000000,round_number,0.23600000,0.9328,session_low|opening_range_low|neckline_level,144.20800000,0.3319,false,false,true,false,not_blocked,1,0,1,m5_failure_exit,off,none,0.00000000,0.0000,1.30,143.90700000,4.500,0.000,0.200,PERIOD_M15,144.74100000,143.81900000,0.4523,preferred_382_618,0.000,true,144.23600000,144.48900000,0.25300000,143.90700000,1.300,0.08435714,19.00,60-90,true,false,none,not_consumed,5.100,5.100,none,0.0000,false,neckline_retest_failed,false,not_invalidated,spread_too_high
2025.06.16 04:15:00,blocked,session_reversal_pullback_one_symbol_first120,USDJPY,SHORT,2025.06.16 04:10:00,4,1,10,tokyo,2025.06.16 00:00,70,first_120min,false,true,3,USDJPY,highest_score_in_session_bar,tokyo=USDJPY|EURJPY|GBPJPY|AUDJPY,existing_first120_gate,tokyo,false,false,true,passed_first_window,head_and_shoulders,neckline_break_retest,144.32800000,PERIOD_M5,PERIOD_H1,PERIOD_M15,PERIOD_M5,PERIOD_M5,false,htf_soft_alignment,current_post_filter,transcript_post_filter,dow_range_or_transition,no_ordered_dow_wave3_break,dow_range_or_transition,no_ordered_dow_wave3_break,false,false,true,SHORT,PERIOD_M5,head_and_shoulders,head_and_shoulders,4.500,none,0.000,head_and_shoulders,4.500,none,0.000,SHORT,false,PERIOD_H1_NONE_dow_range_or_transition|PERIOD_M15_NONE_no_ordered_dow_wave3_break,true,h1_counter_m15_reversal,true,top_NONE_dow_range_or_transition|structure_NONE_no_ordered_dow_wave3_break|structure_break_recent_confirmed_swing_break_failed|primary_break_recent_confirmed_swing_break_continuation,none,above_75sma_flat_or_falling,above_75sma_rising,below_75sma_flat_or_rising,-1,0.00000000,0,144.38500000,false,off,NONE,NONE,0.00000000,0.00000000,0.0000,none,0.000,true,SHORT,return_low_break_or_bos_down,144.08000000,16,144.74100000,143.81900000,false,off,independent,false,,,false,0.0000,none,0.0000,0.0000,none,0.0000,0.0000,0.0000,none,0.0000,0,0,0.0000,none,none,none,none,0.0000,0,0.0000,none,false,true,not_evaluated,true,required_light_or_anchor_flip,bias_flip_down,144.32800000,2025.06.16 01:45:00,144.47600000,2025.06.13 16:30:00,2025.06.16 02:15:00,true,SHORT,144.32800000,144.23600000,0.5039,0,true,2025.06.16 04:00:00,0,SHORT,144.32800000,144.23600000,0.5039,0.7121,normal,2025.06.16 04:00:00,first_after_anchor,true,SHORT,0,0,0,true,false,fresh_0_4,true,false,false,true,none,true,required,true,PERIOD_M5,2025.06.16 04:05:00,2025.06.16 04:05:00,2,0.2015,true,144.32800000,0.2015,false,0.0000,true,m5_bos_down_after_anchor_retest,retest_reconfirm,true,none,true,required_first_signal_only,SHORT,no_confirmed_micro_anchor,0.00000000,,0.00000000,,false,,-1,false,NONE,0.00000000,,0.00000000,0.0000,0.0000,none,-1,false,false,false,insufficient_confirmed_m5_pivots,USDJPY|SHORT|1750046400|144.328,,,false,false,false,-1,-1,-1,-1,-1,false,false,false,0.0000,rising_n,false,144.74100000,143.81900000,5.0501,true,0.7121,0.2398,0,normal,true,0.4523,preferred_382_618,0.200,diagnostic_only,diagnostic_only,diagnostic_only,fib_pullback,7,0.440,true,none,0.590,high_quality,false,false,diagnostic_only,both,true,none,true,diagnostic_adjacent_detected,required_light,false,false,LONG,7,false,false,0,2025.06.16 02:40:00,2025.06.16 03:50:00,4,2.9162,0.00000000,144.38500000,144.38500000,true,true,m5_hl_close_break_down,144.38500000,true,0.2964,0.2134,true,1,0.0000,false,3,144.38500000,0.0711,off,false,not_evaluated,none,0.7826,0.2174,normal,true,false,false,0.0000,held_clean,true,favorable_side,0.1066,false,clean_retest,2.0034,2.0152,0.9941,0.0000,true,strong_exhaustion,0.0000,none,none,false,false,none,0.0000,0.0000,0.0000,0.0000,none,false,false,0.0000,0.0000,false,false,-1,none,none,false,0.000,0.000,144.27000000,144.20800000,144.00000000,round_number,0.23600000,0.9328,session_low|opening_range_low|neckline_level,144.20800000,0.3319,false,false,true,false,not_blocked,1,0,1,m5_failure_exit,off,none,0.00000000,0.0000,1.30,143.90700000,4.500,0.000,0.200,PERIOD_M15,144.74100000,143.81900000,0.4523,preferred_382_618,0.000,true,144.23600000,144.48900000,0.25300000,143.90700000,1.300,0.08435714,19.00,60-90,true,false,none,blocked_spread_too_high,5.100,5.100,none,0.0000,false,neckline_retest_failed,false,not_invalidated,spread_too_high
2025.06.16 19:05:00,signal,session_reversal_pullback_one_symbol_first120,EURUSD,SHORT,2025.06.16 19:00:00,19,16,1,new_york,2025.06.16 16:00,0,first_120min,true,true,3,EURUSD,highest_score_in_session_bar,new_york=USDJPY|EURJPY|GBPJPY|AUDJPY|EURUSD|GBPUSD,existing_first120_gate,new_york,false,false,true,passed_first_window,head_and_shoulders,neckline_break_retest,1.15843000,PERIOD_M5,PERIOD_H1,PERIOD_M15,PERIOD_M5,PERIOD_M5,false,htf_soft_alignment,current_post_filter,transcript_post_filter,dow_trend_up_hh_hl,no_ordered_dow_wave3_break,dow_trend_up_hh_hl,no_ordered_dow_wave3_break,false,false,true,SHORT,PERIOD_M5,head_and_shoulders,head_and_shoulders,4.500,none,0.000,head_and_shoulders,4.500,none,0.000,SHORT,false,PERIOD_H1_LONG_dow_trend_up_hh_hl|PERIOD_M15_NONE_no_ordered_dow_wave3_break,true,h1_counter_m15_reversal,true,top_LONG_dow_trend_up_hh_hl|structure_NONE_no_ordered_dow_wave3_break|structure_break_recent_confirmed_swing_break_failed|primary_break_recent_confirmed_swing_break_failed,none,above_75sma_rising,above_75sma_rising,below_75sma_flat_or_rising,-1,0.00000000,-1,0.00000000,false,off,NONE,NONE,0.00000000,0.00000000,0.0000,none,0.000,true,SHORT,return_low_break_or_bos_down,1.15717000,17,1.16141000,1.15689000,false,off,independent,false,,,false,0.0000,none,0.0000,0.0000,none,0.0000,0.0000,0.0000,none,0.0000,0,0,0.0000,none,none,none,none,0.0000,0,0.0000,none,false,true,not_evaluated,true,required_light_or_anchor_flip,long_bias,1.15689000,2025.06.16 14:30:00,1.15831000,2025.06.16 14:15:00,2025.06.16 17:00:00,false,NONE,0.00000000,0.00000000,0.0000,-1,false,,-1,NONE,0.00000000,0.00000000,0.0000,0.0000,none,,none,false,NONE,-1,-1,-1,false,false,none,false,true,false,true,none,true,required,false,PERIOD_M5,,,-1,0.0000,false,0.00000000,0.0000,false,0.0000,false,none,none,false,no_anchor_flip_in_entry_direction,true,required_first_signal_only,SHORT,unknown,0.00000000,,0.00000000,,false,,-1,false,NONE,0.00000000,,0.00000000,0.0000,0.0000,none,-1,false,false,false,no_anchor_flip_in_entry_direction,,,,false,false,false,-1,-1,-1,-1,-1,false,false,false,0.0000,range_n,true,1.16141000,1.15689000,3.9724,false,0.0000,0.0000,0,none,true,0.3075,shallow_236_382,0.080,diagnostic_only,diagnostic_only,diagnostic_only,deep_pullback,7,0.320,true,none,0.470,high_quality,false,false,diagnostic_only,both,true,none,true,diagnostic_adjacent_detected,required_light,false,false,LONG,4,false,false,1,2025.06.16 16:20:00,2025.06.16 18:30:00,6,6.3316,0.00000000,1.15800000,1.15800000,true,true,m5_hl_close_break_down,1.15800000,true,0.1485,0.1857,true,1,0.5199,false,1,1.15800000,0.8170,off,false,not_evaluated,none,0.3700,0.0600,normal,false,true,true,0.5199,failed_1bar,true,back_inside,0.1600,false,weak_retest,6.3316,3.1936,1.9826,2.3395,false,no_shrink,0.0000,none,none,false,false,none,0.0000,0.0000,0.0000,0.0000,none,false,false,0.0000,0.0000,false,false,-1,none,none,false,0.000,0.000,1.15829000,1.15821000,1.15821000,wick_cluster_zone,0.00007000,0.0458,neckline_level,1.15843000,0.2785,false,true,true,false,not_blocked,9,6,3,m5_failure_exit,off,none,0.00000000,0.0000,1.30,1.15629000,4.500,-0.300,0.200,PERIOD_M15,1.16141000,1.15689000,0.3075,outside,0.000,true,1.15828000,1.15981000,0.00153000,1.15629000,1.301,0.00053857,18.00,0-30,true,false,none,not_consumed,4.600,4.600,none,0.0000,false,opposite_break_first,true,opposite_break_first,spread_too_high
2025.06.16 19:05:00,blocked,session_reversal_pullback_one_symbol_first120,EURUSD,SHORT,2025.06.16 19:00:00,19,16,1,new_york,2025.06.16 16:00,0,first_120min,true,true,3,EURUSD,highest_score_in_session_bar,new_york=USDJPY|EURJPY|GBPJPY|AUDJPY|EURUSD|GBPUSD,existing_first120_gate,new_york,false,false,true,passed_first_window,head_and_shoulders,neckline_break_retest,1.15843000,PERIOD_M5,PERIOD_H1,PERIOD_M15,PERIOD_M5,PERIOD_M5,false,htf_soft_alignment,current_post_filter,transcript_post_filter,dow_trend_up_hh_hl,no_ordered_dow_wave3_break,dow_trend_up_hh_hl,no_ordered_dow_wave3_break,false,false,true,SHORT,PERIOD_M5,head_and_shoulders,head_and_shoulders,4.500,none,0.000,head_and_shoulders,4.500,none,0.000,SHORT,false,PERIOD_H1_LONG_dow_trend_up_hh_hl|PERIOD_M15_NONE_no_ordered_dow_wave3_break,true,h1_counter_m15_reversal,true,top_LONG_dow_trend_up_hh_hl|structure_NONE_no_ordered_dow_wave3_break|structure_break_recent_confirmed_swing_break_failed|primary_break_recent_confirmed_swing_break_failed,none,above_75sma_rising,above_75sma_rising,below_75sma_flat_or_rising,-1,0.00000000,-1,0.00000000,false,off,NONE,NONE,0.00000000,0.00000000,0.0000,none,0.000,true,SHORT,return_low_break_or_bos_down,1.15717000,17,1.16141000,1.15689000,false,off,independent,false,,,false,0.0000,none,0.0000,0.0000,none,0.0000,0.0000,0.0000,none,0.0000,0,0,0.0000,none,none,none,none,0.0000,0,0.0000,none,false,true,not_evaluated,true,required_light_or_anchor_flip,long_bias,1.15689000,2025.06.16 14:30:00,1.15831000,2025.06.16 14:15:00,2025.06.16 17:00:00,false,NONE,0.00000000,0.00000000,0.0000,-1,false,,-1,NONE,0.00000000,0.00000000,0.0000,0.0000,none,,none,false,NONE,-1,-1,-1,false,false,none,false,true,false,true,none,true,required,false,PERIOD_M5,,,-1,0.0000,false,0.00000000,0.0000,false,0.0000,false,none,none,false,no_anchor_flip_in_entry_direction,true,required_first_signal_only,SHORT,unknown,0.00000000,,0.00000000,,false,,-1,false,NONE,0.00000000,,0.00000000,0.0000,0.0000,none,-1,false,false,false,no_anchor_flip_in_entry_direction,,,,false,false,false,-1,-1,-1,-1,-1,false,false,false,0.0000,range_n,true,1.16141000,1.15689000,3.9724,false,0.0000,0.0000,0,none,true,0.3075,shallow_236_382,0.080,diagnostic_only,diagnostic_only,diagnostic_only,deep_pullback,7,0.320,true,none,0.470,high_quality,false,false,diagnostic_only,both,true,none,true,diagnostic_adjacent_detected,required_light,false,false,LONG,4,false,false,1,2025.06.16 16:20:00,2025.06.16 18:30:00,6,6.3316,0.00000000,1.15800000,1.15800000,true,true,m5_hl_close_break_down,1.15800000,true,0.1485,0.1857,true,1,0.5199,false,1,1.15800000,0.8170,off,false,not_evaluated,none,0.3700,0.0600,normal,false,true,true,0.5199,failed_1bar,true,back_inside,0.1600,false,weak_retest,6.3316,3.1936,1.9826,2.3395,false,no_shrink,0.0000,none,none,false,false,none,0.0000,0.0000,0.0000,0.0000,none,false,false,0.0000,0.0000,false,false,-1,none,none,false,0.000,0.000,1.15829000,1.15821000,1.15821000,wick_cluster_zone,0.00007000,0.0458,neckline_level,1.15843000,0.2785,false,true,true,false,not_blocked,9,6,3,m5_failure_exit,off,none,0.00000000,0.0000,1.30,1.15629000,4.500,-0.300,0.200,PERIOD_M15,1.16141000,1.15689000,0.3075,outside,0.000,true,1.15828000,1.15981000,0.00153000,1.15629000,1.301,0.00053857,18.00,0-30,true,false,none,blocked_spread_too_high,4.600,4.600,none,0.0000,false,opposite_break_first,true,opposite_break_first,spread_too_high
2025.06.17 03:20:00,signal,session_reversal_pullback_one_symbol_first120,AUDJPY,SHORT,2025.06.17 03:15:00,3,0,9,tokyo,2025.06.17 00:00,15,first_120min,true,true,3,AUDJPY,highest_score_in_session_bar,tokyo=USDJPY|EURJPY|GBPJPY|AUDJPY,existing_first120_gate,tokyo,true,false,true,passed_first_window,head_and_shoulders,neckline_break_retest,94.30100000,PERIOD_M5,PERIOD_H1,PERIOD_M15,PERIOD_M5,PERIOD_M5,false,htf_soft_alignment,current_post_filter,transcript_post_filter,dow_trend_up_hh_hl,structure_trend_bias_dow_trend_down_ll_lh,dow_trend_up_hh_hl,structure_trend_bias_dow_trend_down_ll_lh,false,false,true,SHORT,PERIOD_M5,head_and_shoulders,head_and_shoulders,4.500,none,0.000,head_and_shoulders,4.500,none,0.000,SHORT,true,PERIOD_H1_LONG_dow_trend_up_hh_hl|PERIOD_M15_SHORT_structure_trend_bias_dow_trend_down_ll_lh,true,h1_counter_m15_reversal,true,top_LONG_dow_trend_up_hh_hl|structure_SHORT_structure_trend_bias_dow_trend_down_ll_lh|structure_break_recent_confirmed_swing_break_retest|primary_break_recent_confirmed_swing_break_failed,none,above_75sma_rising,above_75sma_rising,below_75sma_falling,1,94.22000000,-1,0.00000000,false,off,NONE,NONE,0.00000000,0.00000000,0.0000,none,0.000,true,SHORT,return_low_break_or_bos_down,94.22000000,1,94.53800000,94.16400000,false,off,independent,false,,,false,0.0000,none,0.0000,0.0000,none,0.0000,0.0000,0.0000,none,0.0000,0,0,0.0000,none,none,none,none,0.0000,0,0.0000,none,false,true,not_evaluated,true,required_light_or_anchor_flip,short_bias,94.38500000,2025.06.16 21:00:00,94.43700000,2025.06.17 01:00:00,2025.06.17 01:45:00,false,NONE,0.00000000,0.00000000,0.0000,-1,false,,-1,NONE,0.00000000,0.00000000,0.0000,0.0000,none,,none,false,NONE,-1,-1,-1,false,false,none,true,false,false,true,none,true,required,false,PERIOD_M5,,,-1,0.0000,false,0.00000000,0.0000,false,0.0000,false,none,none,false,no_anchor_flip_in_entry_direction,true,required_first_signal_only,SHORT,unknown,0.00000000,,0.00000000,,false,,-1,false,NONE,0.00000000,,0.00000000,0.0000,0.0000,none,-1,false,false,false,no_anchor_flip_in_entry_direction,,,,false,false,false,-1,-1,-1,-1,-1,false,false,false,0.0000,falling_n,false,94.52900000,94.22000000,3.1692,false,0.0000,0.0000,0,none,true,0.2914,shallow_236_382,0.080,diagnostic_only,diagnostic_only,diagnostic_only,shallow_pullback,24,0.280,true,none,0.430,high_quality,false,false,diagnostic_only,both,true,none,true,diagnostic_adjacent_detected,required_light,false,false,LONG,3,false,false,0,,,-1,0.0000,0.00000000,0.00000000,0.00000000,false,false,none,0.00000000,false,0.0000,0.0000,false,1,0.0000,false,-1,0.00000000,0.0000,off,false,not_evaluated,none,0.0000,0.0000,none,false,false,false,0.0000,none,false,none,0.0000,false,none,0.0000,0.0000,0.0000,0.0000,false,none,0.0000,none,none,false,false,none,0.0000,0.0000,0.0000,0.0000,none,false,false,0.0000,0.0000,false,false,-1,none,none,false,0.000,0.000,94.29158333,94.22000000,94.22000000,structure_confirmed_swing_low,0.05300000,0.4690,neckline_level,94.30100000,0.4233,false,true,true,false,not_blocked,8,5,3,m5_failure_exit,off,none,0.00000000,0.0000,1.30,94.12600000,4.500,-0.300,0.200,PERIOD_M15,94.43700000,94.22000000,0.2442,outside,0.000,true,94.27300000,94.38600000,0.11300000,94.12600000,1.301,0.06614286,28.00,0-30,true,false,none,not_consumed,4.950,4.950,none,0.0000,false,opposite_break_first,true,opposite_break_first,spread_too_high
2025.06.17 03:20:00,blocked,session_reversal_pullback_one_symbol_first120,AUDJPY,SHORT,2025.06.17 03:15:00,3,0,9,tokyo,2025.06.17 00:00,15,first_120min,true,true,3,AUDJPY,highest_score_in_session_bar,tokyo=USDJPY|EURJPY|GBPJPY|AUDJPY,existing_first120_gate,tokyo,true,false,true,passed_first_window,head_and_shoulders,neckline_break_retest,94.30100000,PERIOD_M5,PERIOD_H1,PERIOD_M15,PERIOD_M5,PERIOD_M5,false,htf_soft_alignment,current_post_filter,transcript_post_filter,dow_trend_up_hh_hl,structure_trend_bias_dow_trend_down_ll_lh,dow_trend_up_hh_hl,structure_trend_bias_dow_trend_down_ll_lh,false,false,true,SHORT,PERIOD_M5,head_and_shoulders,head_and_shoulders,4.500,none,0.000,head_and_shoulders,4.500,none,0.000,SHORT,true,PERIOD_H1_LONG_dow_trend_up_hh_hl|PERIOD_M15_SHORT_structure_trend_bias_dow_trend_down_ll_lh,true,h1_counter_m15_reversal,true,top_LONG_dow_trend_up_hh_hl|structure_SHORT_structure_trend_bias_dow_trend_down_ll_lh|structure_break_recent_confirmed_swing_break_retest|primary_break_recent_confirmed_swing_break_failed,none,above_75sma_rising,above_75sma_rising,below_75sma_falling,1,94.22000000,-1,0.00000000,false,off,NONE,NONE,0.00000000,0.00000000,0.0000,none,0.000,true,SHORT,return_low_break_or_bos_down,94.22000000,1,94.53800000,94.16400000,false,off,independent,false,,,false,0.0000,none,0.0000,0.0000,none,0.0000,0.0000,0.0000,none,0.0000,0,0,0.0000,none,none,none,none,0.0000,0,0.0000,none,false,true,not_evaluated,true,required_light_or_anchor_flip,short_bias,94.38500000,2025.06.16 21:00:00,94.43700000,2025.06.17 01:00:00,2025.06.17 01:45:00,false,NONE,0.00000000,0.00000000,0.0000,-1,false,,-1,NONE,0.00000000,0.00000000,0.0000,0.0000,none,,none,false,NONE,-1,-1,-1,false,false,none,true,false,false,true,none,true,required,false,PERIOD_M5,,,-1,0.0000,false,0.00000000,0.0000,false,0.0000,false,none,none,false,no_anchor_flip_in_entry_direction,true,required_first_signal_only,SHORT,unknown,0.00000000,,0.00000000,,false,,-1,false,NONE,0.00000000,,0.00000000,0.0000,0.0000,none,-1,false,false,false,no_anchor_flip_in_entry_direction,,,,false,false,false,-1,-1,-1,-1,-1,false,false,false,0.0000,falling_n,false,94.52900000,94.22000000,3.1692,false,0.0000,0.0000,0,none,true,0.2914,shallow_236_382,0.080,diagnostic_only,diagnostic_only,diagnostic_only,shallow_pullback,24,0.280,true,none,0.430,high_quality,false,false,diagnostic_only,both,true,none,true,diagnostic_adjacent_detected,required_light,false,false,LONG,3,false,false,0,,,-1,0.0000,0.00000000,0.00000000,0.00000000,false,false,none,0.00000000,false,0.0000,0.0000,false,1,0.0000,false,-1,0.00000000,0.0000,off,false,not_evaluated,none,0.0000,0.0000,none,false,false,false,0.0000,none,false,none,0.0000,false,none,0.0000,0.0000,0.0000,0.0000,false,none,0.0000,none,none,false,false,none,0.0000,0.0000,0.0000,0.0000,none,false,false,0.0000,0.0000,false,false,-1,none,none,false,0.000,0.000,94.29158333,94.22000000,94.22000000,structure_confirmed_swing_low,0.05300000,0.4690,neckline_level,94.30100000,0.4233,false,true,true,false,not_blocked,8,5,3,m5_failure_exit,off,none,0.00000000,0.0000,1.30,94.12600000,4.500,-0.300,0.200,PERIOD_M15,94.43700000,94.22000000,0.2442,outside,0.000,true,94.27300000,94.38600000,0.11300000,94.12600000,1.301,0.06614286,28.00,0-30,true,false,none,blocked_spread_too_high,4.950,4.950,none,0.0000,false,opposite_break_first,true,opposite_break_first,spread_too_high
2025.06.17 10:05:00,signal,session_reversal_pullback_one_symbol_first120,EURUSD,LONG,2025.06.17 10:00:00,10,7,16,london,2025.06.17 07:00,0,first_120min,true,true,3,EURUSD,highest_score_in_session_bar,london=USDJPY|EURJPY|GBPJPY|AUDJPY|EURUSD|GBPUSD,existing_first120_gate,london,false,false,true,passed_first_window,double_bottom,neckline_break_retest,1.15575000,PERIOD_M5,PERIOD_H1,PERIOD_M15,PERIOD_M5,PERIOD_M5,false,htf_soft_alignment,current_post_filter,transcript_post_filter,dow_range_or_transition,structure_trend_bias_dow_trend_up_hh_hl,dow_range_or_transition,structure_trend_bias_dow_trend_up_hh_hl,false,true,true,LONG,PERIOD_M5,double_bottom,double_bottom,4.200,none,0.000,double_bottom,4.200,none,0.000,LONG,false,PERIOD_H1_NONE_dow_range_or_transition|PERIOD_M15_LONG_structure_trend_bias_dow_trend_up_hh_hl,true,h1_counter_m15_reversal,true,top_NONE_dow_range_or_transition|structure_LONG_structure_trend_bias_dow_trend_up_hh_hl|structure_break_recent_confirmed_swing_break_failed|primary_break_recent_confirmed_swing_break_failed,none,above_75sma_rising,below_75sma_falling,above_75sma_rising,-1,0.00000000,-1,0.00000000,false,off,NONE,NONE,0.00000000,0.00000000,0.0000,none,0.000,true,LONG,return_high_break_or_bos_up,1.15665000,1,1.15717000,1.15447000,false,off,independent,false,,,false,0.0000,none,0.0000,0.0000,none,0.0000,0.0000,0.0000,none,0.0000,0,0,0.0000,none,none,none,none,0.0000,0,0.0000,none,false,true,not_evaluated,true,required_light_or_anchor_flip,long_bias,1.15450000,2025.06.17 05:30:00,1.15613000,2025.06.17 02:15:00,2025.06.17 07:30:00,false,NONE,0.00000000,0.00000000,0.0000,-1,false,,-1,NONE,0.00000000,0.00000000,0.0000,0.0000,none,,none,false,NONE,-1,-1,-1,false,false,none,true,false,false,true,none,true,required,false,PERIOD_M5,,,-1,0.0000,false,0.00000000,0.0000,false,0.0000,false,none,none,false,no_anchor_flip_in_entry_direction,true,required_first_signal_only,LONG,unknown,0.00000000,,0.00000000,,false,,-1,false,NONE,0.00000000,,0.00000000,0.0000,0.0000,none,-1,false,false,false,no_anchor_flip_in_entry_direction,,,,false,false,false,-1,-1,-1,-1,-1,false,false,false,0.0000,rising_n,false,1.15665000,1.15418000,3.7263,false,0.0000,0.0000,0,none,true,0.4444,preferred_382_618,0.200,diagnostic_only,diagnostic_only,diagnostic_only,shallow_pullback,24,0.400,true,none,0.550,high_quality,false,false,diagnostic_only,both,true,none,true,diagnostic_adjacent_detected,required_light,false,false,SHORT,5,false,false,1,2025.06.17 07:55:00,2025.06.17 09:40:00,4,2.9553,1.15717000,0.00000000,1.15717000,false,false,none,0.00000000,false,0.0000,0.0000,false,1,0.0000,false,-1,0.00000000,0.0000,off,false,not_evaluated,none,0.0000,0.0000,none,false,false,false,0.0000,none,false,none,0.0000,false,none,2.9553,1.1367,2.6000,0.4736,false,no_shrink,0.0000,none,none,false,false,none,0.0000,0.0000,0.0000,0.0000,none,false,false,0.0000,0.0000,false,false,-1,none,none,false,0.000,0.000,1.15613481,1.15575000,1.15613481,recent_equal_lows,0.00016481,0.1852,neckline_level,1.15575000,0.4168,false,true,true,false,not_blocked,8,4,4,m5_failure_exit,off,none,0.00000000,0.0000,1.30,1.15712000,4.200,-0.300,0.200,PERIOD_M15,1.15665000,1.15450000,0.3163,outside,0.000,true,1.15597000,1.15508000,0.00089000,1.15712000,1.292,0.00052786,18.00,0-30,true,false,none,not_consumed,4.300,4.300,none,0.0000,false,opposite_break_first,true,opposite_break_first,spread_too_high
2025.06.17 10:05:00,blocked,session_reversal_pullback_one_symbol_first120,EURUSD,LONG,2025.06.17 10:00:00,10,7,16,london,2025.06.17 07:00,0,first_120min,true,true,3,EURUSD,highest_score_in_session_bar,london=USDJPY|EURJPY|GBPJPY|AUDJPY|EURUSD|GBPUSD,existing_first120_gate,london,false,false,true,passed_first_window,double_bottom,neckline_break_retest,1.15575000,PERIOD_M5,PERIOD_H1,PERIOD_M15,PERIOD_M5,PERIOD_M5,false,htf_soft_alignment,current_post_filter,transcript_post_filter,dow_range_or_transition,structure_trend_bias_dow_trend_up_hh_hl,dow_range_or_transition,structure_trend_bias_dow_trend_up_hh_hl,false,true,true,LONG,PERIOD_M5,double_bottom,double_bottom,4.200,none,0.000,double_bottom,4.200,none,0.000,LONG,false,PERIOD_H1_NONE_dow_range_or_transition|PERIOD_M15_LONG_structure_trend_bias_dow_trend_up_hh_hl,true,h1_counter_m15_reversal,true,top_NONE_dow_range_or_transition|structure_LONG_structure_trend_bias_dow_trend_up_hh_hl|structure_break_recent_confirmed_swing_break_failed|primary_break_recent_confirmed_swing_break_failed,none,above_75sma_rising,below_75sma_falling,above_75sma_rising,-1,0.00000000,-1,0.00000000,false,off,NONE,NONE,0.00000000,0.00000000,0.0000,none,0.000,true,LONG,return_high_break_or_bos_up,1.15665000,1,1.15717000,1.15447000,false,off,independent,false,,,false,0.0000,none,0.0000,0.0000,none,0.0000,0.0000,0.0000,none,0.0000,0,0,0.0000,none,none,none,none,0.0000,0,0.0000,none,false,true,not_evaluated,true,required_light_or_anchor_flip,long_bias,1.15450000,2025.06.17 05:30:00,1.15613000,2025.06.17 02:15:00,2025.06.17 07:30:00,false,NONE,0.00000000,0.00000000,0.0000,-1,false,,-1,NONE,0.00000000,0.00000000,0.0000,0.0000,none,,none,false,NONE,-1,-1,-1,false,false,none,true,false,false,true,none,true,required,false,PERIOD_M5,,,-1,0.0000,false,0.00000000,0.0000,false,0.0000,false,none,none,false,no_anchor_flip_in_entry_direction,true,required_first_signal_only,LONG,unknown,0.00000000,,0.00000000,,false,,-1,false,NONE,0.00000000,,0.00000000,0.0000,0.0000,none,-1,false,false,false,no_anchor_flip_in_entry_direction,,,,false,false,false,-1,-1,-1,-1,-1,false,false,false,0.0000,rising_n,false,1.15665000,1.15418000,3.7263,false,0.0000,0.0000,0,none,true,0.4444,preferred_382_618,0.200,diagnostic_only,diagnostic_only,diagnostic_only,shallow_pullback,24,0.400,true,none,0.550,high_quality,false,false,diagnostic_only,both,true,none,true,diagnostic_adjacent_detected,required_light,false,false,SHORT,5,false,false,1,2025.06.17 07:55:00,2025.06.17 09:40:00,4,2.9553,1.15717000,0.00000000,1.15717000,false,false,none,0.00000000,false,0.0000,0.0000,false,1,0.0000,false,-1,0.00000000,0.0000,off,false,not_evaluated,none,0.0000,0.0000,none,false,false,false,0.0000,none,false,none,0.0000,false,none,2.9553,1.1367,2.6000,0.4736,false,no_shrink,0.0000,none,none,false,false,none,0.0000,0.0000,0.0000,0.0000,none,false,false,0.0000,0.0000,false,false,-1,none,none,false,0.000,0.000,1.15613481,1.15575000,1.15613481,recent_equal_lows,0.00016481,0.1852,neckline_level,1.15575000,0.4168,false,true,true,false,not_blocked,8,4,4,m5_failure_exit,off,none,0.00000000,0.0000,1.30,1.15712000,4.200,-0.300,0.200,PERIOD_M15,1.15665000,1.15450000,0.3163,outside,0.000,true,1.15597000,1.15508000,0.00089000,1.15712000,1.292,0.00052786,18.00,0-30,true,false,none,blocked_spread_too_high,4.300,4.300,none,0.0000,false,opposite_break_first,true,opposite_break_first,spread_too_high
2025.06.17 16:20:00,signal,session_reversal_pullback_one_symbol_first120,USDJPY,LONG,2025.06.17 16:15:00,16,13,22,london_newyork_overlap,2025.06.17 13:00,15,first_120min,true,true,3,USDJPY,highest_score_in_session_bar,london_newyork_overlap=USDJPY|EURJPY|GBPJPY|AUDJPY|EURUSD|GBPUSD,existing_first120_gate,london_newyork_overlap,true,false,true,passed_first_window,inverse_head_and_shoulders,neckline_break_retest,144.69600000,PERIOD_M5,PERIOD_H1,PERIOD_M15,PERIOD_M5,PERIOD_M5,false,htf_soft_alignment,current_post_filter,transcript_post_filter,dow_range_or_transition,no_ordered_dow_wave3_break,dow_range_or_transition,no_ordered_dow_wave3_break,false,true,false,LONG,PERIOD_M5,inverse_head_and_shoulders,inverse_head_and_shoulders,4.500,none,0.000,inverse_head_and_shoulders,4.500,none,0.000,LONG,false,PERIOD_H1_NONE_dow_range_or_transition|PERIOD_M15_NONE_no_ordered_dow_wave3_break,true,h1_counter_m15_reversal,true,top_NONE_dow_range_or_transition|structure_NONE_no_ordered_dow_wave3_break|structure_break_recent_confirmed_swing_break_retest|primary_break_recent_confirmed_swing_break_failed,none,above_75sma_rising,above_75sma_rising,near_75sma,1,144.80900000,-1,0.00000000,false,off,NONE,NONE,0.00000000,0.00000000,0.0000,none,0.000,true,LONG,return_high_break_or_bos_up,144.80900000,1,144.93700000,144.48000000,false,off,independent,false,,,false,0.0000,none,0.0000,0.0000,none,0.0000,0.0000,0.0000,none,0.0000,0,0,0.0000,none,none,none,none,0.0000,0,0.0000,none,false,true,not_evaluated,true,required_light_or_anchor_flip,short_bias,144.54800000,2025.06.17 09:30:00,145.01900000,2025.06.17 10:00:00,2025.06.17 10:45:00,false,NONE,0.00000000,0.00000000,0.0000,-1,false,,-1,NONE,0.00000000,0.00000000,0.0000,0.0000,none,,none,false,NONE,-1,-1,-1,false,false,none,false,true,false,true,none,true,required,false,PERIOD_M5,,,-1,0.0000,false,0.00000000,0.0000,false,0.0000,false,none,none,false,no_anchor_flip_in_entry_direction,true,required_first_signal_only,LONG,unknown,0.00000000,,0.00000000,,false,,-1,false,NONE,0.00000000,,0.00000000,0.0000,0.0000,none,-1,false,false,false,no_anchor_flip_in_entry_direction,,,,false,false,false,-1,-1,-1,-1,-1,false,false,false,0.0000,range_n,true,145.01900000,144.39500000,4.4413,false,0.0000,0.0000,0,none,true,0.4147,preferred_382_618,0.200,diagnostic_only,diagnostic_only,diagnostic_only,shallow_pullback,6,0.490,true,none,0.640,high_quality,false,false,diagnostic_only,both,true,none,true,diagnostic_adjacent_detected,required_light,false,false,SHORT,2,false,false,0,,,-1,0.0000,0.00000000,0.00000000,0.00000000,false,false,none,0.00000000,false,0.0000,0.0000,false,1,0.0000,false,-1,0.00000000,0.0000,off,false,not_evaluated,none,0.0000,0.0000,none,false,false,false,0.0000,none,false,none,0.0000,false,none,0.0000,0.0000,0.0000,0.0000,false,none,0.0000,none,none,false,false,none,0.0000,0.0000,0.0000,0.0000,none,false,false,0.0000,0.0000,false,false,-1,none,none,false,0.000,0.000,144.76062500,144.71200000,144.76062500,recent_equal_lows,0.01862500,0.0931,neckline_level,144.69600000,0.3922,false,true,true,false,not_blocked,10,6,4,m5_failure_exit,off,none,0.00000000,0.0000,1.30,145.00200000,4.500,-0.300,0.200,PERIOD_M15,144.93700000,144.48000000,0.4267,preferred_382_618,0.000,true,144.74200000,144.54200000,0.20000000,145.00200000,1.300,0.11728571,17.00,0-30,true,false,none,not_consumed,4.950,4.950,none,0.0000,false,opposite_break_first,true,opposite_break_first,session_invalidated
2025.06.17 16:20:00,blocked,session_reversal_pullback_one_symbol_first120,USDJPY,LONG,2025.06.17 16:15:00,16,13,22,london_newyork_overlap,2025.06.17 13:00,15,first_120min,true,true,3,USDJPY,highest_score_in_session_bar,london_newyork_overlap=USDJPY|EURJPY|GBPJPY|AUDJPY|EURUSD|GBPUSD,existing_first120_gate,london_newyork_overlap,true,false,true,passed_first_window,inverse_head_and_shoulders,neckline_break_retest,144.69600000,PERIOD_M5,PERIOD_H1,PERIOD_M15,PERIOD_M5,PERIOD_M5,false,htf_soft_alignment,current_post_filter,transcript_post_filter,dow_range_or_transition,no_ordered_dow_wave3_break,dow_range_or_transition,no_ordered_dow_wave3_break,false,true,false,LONG,PERIOD_M5,inverse_head_and_shoulders,inverse_head_and_shoulders,4.500,none,0.000,inverse_head_and_shoulders,4.500,none,0.000,LONG,false,PERIOD_H1_NONE_dow_range_or_transition|PERIOD_M15_NONE_no_ordered_dow_wave3_break,true,h1_counter_m15_reversal,true,top_NONE_dow_range_or_transition|structure_NONE_no_ordered_dow_wave3_break|structure_break_recent_confirmed_swing_break_retest|primary_break_recent_confirmed_swing_break_failed,none,above_75sma_rising,above_75sma_rising,near_75sma,1,144.80900000,-1,0.00000000,false,off,NONE,NONE,0.00000000,0.00000000,0.0000,none,0.000,true,LONG,return_high_break_or_bos_up,144.80900000,1,144.93700000,144.48000000,false,off,independent,false,,,false,0.0000,none,0.0000,0.0000,none,0.0000,0.0000,0.0000,none,0.0000,0,0,0.0000,none,none,none,none,0.0000,0,0.0000,none,false,true,not_evaluated,true,required_light_or_anchor_flip,short_bias,144.54800000,2025.06.17 09:30:00,145.01900000,2025.06.17 10:00:00,2025.06.17 10:45:00,false,NONE,0.00000000,0.00000000,0.0000,-1,false,,-1,NONE,0.00000000,0.00000000,0.0000,0.0000,none,,none,false,NONE,-1,-1,-1,false,false,none,false,true,false,true,none,true,required,false,PERIOD_M5,,,-1,0.0000,false,0.00000000,0.0000,false,0.0000,false,none,none,false,no_anchor_flip_in_entry_direction,true,required_first_signal_only,LONG,unknown,0.00000000,,0.00000000,,false,,-1,false,NONE,0.00000000,,0.00000000,0.0000,0.0000,none,-1,false,false,false,no_anchor_flip_in_entry_direction,,,,false,false,false,-1,-1,-1,-1,-1,false,false,false,0.0000,range_n,true,145.01900000,144.39500000,4.4413,false,0.0000,0.0000,0,none,true,0.4147,preferred_382_618,0.200,diagnostic_only,diagnostic_only,diagnostic_only,shallow_pullback,6,0.490,true,none,0.640,high_quality,false,false,diagnostic_only,both,true,none,true,diagnostic_adjacent_detected,required_light,false,false,SHORT,2,false,false,0,,,-1,0.0000,0.00000000,0.00000000,0.00000000,false,false,none,0.00000000,false,0.0000,0.0000,false,1,0.0000,false,-1,0.00000000,0.0000,off,false,not_evaluated,none,0.0000,0.0000,none,false,false,false,0.0000,none,false,none,0.0000,false,none,0.0000,0.0000,0.0000,0.0000,false,none,0.0000,none,none,false,false,none,0.0000,0.0000,0.0000,0.0000,none,false,false,0.0000,0.0000,false,false,-1,none,none,false,0.000,0.000,144.76062500,144.71200000,144.76062500,recent_equal_lows,0.01862500,0.0931,neckline_level,144.69600000,0.3922,false,true,true,false,not_blocked,10,6,4,m5_failure_exit,off,none,0.00000000,0.0000,1.30,145.00200000,4.500,-0.300,0.200,PERIOD_M15,144.93700000,144.48000000,0.4267,preferred_382_618,0.000,true,144.74200000,144.54200000,0.20000000,145.00200000,1.300,0.11728571,17.00,0-30,true,false,none,blocked_session_invalidated,4.950,4.950,none,0.0000,false,opposite_break_first,true,opposite_break_first,session_invalidated
2025.06.18 11:05:00,signal,session_reversal_pullback_one_symbol_first120,AUDJPY,SHORT,2025.06.18 11:00:00,11,8,17,london,2025.06.18 07:00,60,first_120min,false,true,3,AUDJPY,highest_score_in_session_bar,london=USDJPY|EURJPY|GBPJPY|AUDJPY|EURUSD|GBPUSD,existing_first120_gate,london,true,false,true,passed_first_window,head_and_shoulders,neckline_break_retest,94.25800000,PERIOD_M5,PERIOD_H1,PERIOD_M15,PERIOD_M5,PERIOD_M5,false,htf_soft_alignment,current_post_filter,transcript_post_filter,dow_range_or_transition,structure_trend_bias_dow_trend_up_hh_hl,dow_range_or_transition,structure_trend_bias_dow_trend_up_hh_hl,false,true,true,SHORT,PERIOD_M5,head_and_shoulders,head_and_shoulders,4.500,none,0.000,head_and_shoulders,4.500,none,0.000,SHORT,false,PERIOD_H1_NONE_dow_range_or_transition|PERIOD_M15_LONG_structure_trend_bias_dow_trend_up_hh_hl,true,h1_counter_m15_reversal,true,top_NONE_dow_range_or_transition|structure_LONG_structure_trend_bias_dow_trend_up_hh_hl|structure_break_recent_confirmed_swing_break_retest|primary_break_recent_confirmed_swing_break_failed,none,above_75sma_rising,below_75sma_falling,above_75sma_flat_or_falling,0,94.21400000,-1,0.00000000,false,off,NONE,NONE,0.00000000,0.00000000,0.0000,none,0.000,true,SHORT,return_low_break_or_bos_down,94.21400000,0,94.40500000,94.21400000,false,off,independent,false,,,false,0.0000,none,0.0000,0.0000,none,0.0000,0.0000,0.0000,none,0.0000,0,0,0.0000,none,none,none,none,0.0000,0,0.0000,none,false,true,not_evaluated,true,required_light_or_anchor_flip,bias_flip_down,94.21400000,2025.06.18 08:45:00,94.10800000,2025.06.17 22:15:00,2025.06.18 09:15:00,true,SHORT,94.21400000,94.17700000,0.4353,0,true,2025.06.18 10:45:00,0,SHORT,94.21400000,94.17700000,0.4353,0.7412,normal,2025.06.18 10:45:00,first_after_anchor,true,SHORT,0,0,0,true,false,fresh_0_4,true,false,false,true,none,true,required,true,PERIOD_M5,2025.06.18 10:50:00,2025.06.18 10:50:00,3,0.3827,true,94.21400000,0.3827,false,0.0000,true,m5_bos_down_after_anchor_retest,retest_reconfirm,true,none,true,required_first_signal_only,SHORT,no_confirmed_micro_anchor,0.00000000,,0.00000000,,false,,-1,false,NONE,0.00000000,,0.00000000,0.0000,0.0000,none,-1,false,false,false,insufficient_confirmed_m5_pivots,AUDJPY|SHORT|1750243500|94.214,,,false,false,false,-1,-1,-1,-1,-1,false,false,false,0.0000,rising_n,false,94.40500000,94.11400000,3.4235,true,0.7412,0.3226,0,normal,true,0.5031,preferred_382_618,0.200,diagnostic_only,diagnostic_only,diagnostic_only,shallow_pullback,6,0.490,true,none,0.640,high_quality,false,false,diagnostic_only,both,true,none,true,diagnostic_adjacent_detected,required_light,false,false,LONG,5,false,false,1,2025.06.18 08:45:00,2025.06.18 10:30:00,6,3.8475,0.00000000,94.21800000,94.21800000,true,true,m5_hl_close_break_down,94.21800000,true,0.5842,0.8460,true,1,0.5237,false,2,94.21800000,0.5237,off,false,not_evaluated,none,0.9565,0.0435,very_strong,false,false,true,0.5237,failed_2bars,true,back_inside,0.0000,false,weak_retest,1.4302,3.8475,0.3717,0.0000,true,strong_exhaustion,0.0000,none,none,false,false,none,0.0000,0.0000,0.0000,0.0000,none,false,false,0.0000,0.0000,false,false,-1,none,none,false,0.000,0.000,94.25800000,94.22558824,94.22558824,recent_equal_lows,0.01841176,0.2790,neckline_level,94.25800000,0.2820,false,true,true,false,not_blocked,3,2,1,m5_failure_exit,off,none,0.00000000,0.0000,1.30,94.15800000,4.500,-0.300,0.200,PERIOD_M15,94.40500000,94.21400000,0.1571,outside,0.000,true,94.24400000,94.31000000,0.06600000,94.15800000,1.303,0.04964286,28.00,60-90,true,false,none,not_consumed,4.950,4.950,none,0.0000,false,opposite_break_first,true,opposite_break_first,spread_too_high
2025.06.18 11:05:00,blocked,session_reversal_pullback_one_symbol_first120,AUDJPY,SHORT,2025.06.18 11:00:00,11,8,17,london,2025.06.18 07:00,60,first_120min,false,true,3,AUDJPY,highest_score_in_session_bar,london=USDJPY|EURJPY|GBPJPY|AUDJPY|EURUSD|GBPUSD,existing_first120_gate,london,true,false,true,passed_first_window,head_and_shoulders,neckline_break_retest,94.25800000,PERIOD_M5,PERIOD_H1,PERIOD_M15,PERIOD_M5,PERIOD_M5,false,htf_soft_alignment,current_post_filter,transcript_post_filter,dow_range_or_transition,structure_trend_bias_dow_trend_up_hh_hl,dow_range_or_transition,structure_trend_bias_dow_trend_up_hh_hl,false,true,true,SHORT,PERIOD_M5,head_and_shoulders,head_and_shoulders,4.500,none,0.000,head_and_shoulders,4.500,none,0.000,SHORT,false,PERIOD_H1_NONE_dow_range_or_transition|PERIOD_M15_LONG_structure_trend_bias_dow_trend_up_hh_hl,true,h1_counter_m15_reversal,true,top_NONE_dow_range_or_transition|structure_LONG_structure_trend_bias_dow_trend_up_hh_hl|structure_break_recent_confirmed_swing_break_retest|primary_break_recent_confirmed_swing_break_failed,none,above_75sma_rising,below_75sma_falling,above_75sma_flat_or_falling,0,94.21400000,-1,0.00000000,false,off,NONE,NONE,0.00000000,0.00000000,0.0000,none,0.000,true,SHORT,return_low_break_or_bos_down,94.21400000,0,94.40500000,94.21400000,false,off,independent,false,,,false,0.0000,none,0.0000,0.0000,none,0.0000,0.0000,0.0000,none,0.0000,0,0,0.0000,none,none,none,none,0.0000,0,0.0000,none,false,true,not_evaluated,true,required_light_or_anchor_flip,bias_flip_down,94.21400000,2025.06.18 08:45:00,94.10800000,2025.06.17 22:15:00,2025.06.18 09:15:00,true,SHORT,94.21400000,94.17700000,0.4353,0,true,2025.06.18 10:45:00,0,SHORT,94.21400000,94.17700000,0.4353,0.7412,normal,2025.06.18 10:45:00,first_after_anchor,true,SHORT,0,0,0,true,false,fresh_0_4,true,false,false,true,none,true,required,true,PERIOD_M5,2025.06.18 10:50:00,2025.06.18 10:50:00,3,0.3827,true,94.21400000,0.3827,false,0.0000,true,m5_bos_down_after_anchor_retest,retest_reconfirm,true,none,true,required_first_signal_only,SHORT,no_confirmed_micro_anchor,0.00000000,,0.00000000,,false,,-1,false,NONE,0.00000000,,0.00000000,0.0000,0.0000,none,-1,false,false,false,insufficient_confirmed_m5_pivots,AUDJPY|SHORT|1750243500|94.214,,,false,false,false,-1,-1,-1,-1,-1,false,false,false,0.0000,rising_n,false,94.40500000,94.11400000,3.4235,true,0.7412,0.3226,0,normal,true,0.5031,preferred_382_618,0.200,diagnostic_only,diagnostic_only,diagnostic_only,shallow_pullback,6,0.490,true,none,0.640,high_quality,false,false,diagnostic_only,both,true,none,true,diagnostic_adjacent_detected,required_light,false,false,LONG,5,false,false,1,2025.06.18 08:45:00,2025.06.18 10:30:00,6,3.8475,0.00000000,94.21800000,94.21800000,true,true,m5_hl_close_break_down,94.21800000,true,0.5842,0.8460,true,1,0.5237,false,2,94.21800000,0.5237,off,false,not_evaluated,none,0.9565,0.0435,very_strong,false,false,true,0.5237,failed_2bars,true,back_inside,0.0000,false,weak_retest,1.4302,3.8475,0.3717,0.0000,true,strong_exhaustion,0.0000,none,none,false,false,none,0.0000,0.0000,0.0000,0.0000,none,false,false,0.0000,0.0000,false,false,-1,none,none,false,0.000,0.000,94.25800000,94.22558824,94.22558824,recent_equal_lows,0.01841176,0.2790,neckline_level,94.25800000,0.2820,false,true,true,false,not_blocked,3,2,1,m5_failure_exit,off,none,0.00000000,0.0000,1.30,94.15800000,4.500,-0.300,0.200,PERIOD_M15,94.40500000,94.21400000,0.1571,outside,0.000,true,94.24400000,94.31000000,0.06600000,94.15800000,1.303,0.04964286,28.00,60-90,true,false,none,blocked_spread_too_high,4.950,4.950,none,0.0000,false,opposite_break_first,true,opposite_break_first,spread_too_high
2025.06.18 16:15:00,signal,session_reversal_pullback_one_symbol_first120,EURUSD,LONG,2025.06.18 16:10:00,16,13,22,london_newyork_overlap,2025.06.18 13:00,10,first_120min,true,true,3,EURUSD,highest_score_in_session_bar,london_newyork_overlap=USDJPY|EURJPY|GBPJPY|AUDJPY|EURUSD|GBPUSD,existing_first120_gate,london_newyork_overlap,false,false,true,passed_first_window,double_bottom,neckline_break_retest,1.15029000,PERIOD_M5,PERIOD_H1,PERIOD_M15,PERIOD_M5,PERIOD_M5,false,htf_soft_alignment,current_post_filter,transcript_post_filter,dow_trend_down_ll_lh,structure_trend_bias_dow_trend_down_ll_lh,dow_trend_down_ll_lh,structure_trend_bias_dow_trend_down_ll_lh,false,true,false,LONG,PERIOD_M5,double_bottom,double_bottom,4.200,none,0.000,double_bottom,4.200,none,0.000,LONG,false,PERIOD_H1_SHORT_dow_trend_down_ll_lh|PERIOD_M15_SHORT_structure_trend_bias_dow_trend_down_ll_lh,true,h1_counter_m15_reversal,true,top_SHORT_dow_trend_down_ll_lh|structure_SHORT_structure_trend_bias_dow_trend_down_ll_lh|structure_break_recent_confirmed_swing_break_failed|primary_break_recent_confirmed_swing_break_failed,none,below_75sma_falling,above_75sma_rising,below_75sma_falling,-1,0.00000000,-1,0.00000000,false,off,NONE,NONE,0.00000000,0.00000000,0.0000,none,0.000,true,LONG,return_high_break_or_bos_up,1.15101000,3,1.15101000,1.14910000,false,off,independent,false,,,false,0.0000,none,0.0000,0.0000,none,0.0000,0.0000,0.0000,none,0.0000,0,0,0.0000,none,none,none,none,0.0000,0,0.0000,none,false,true,not_evaluated,true,required_light_or_anchor_flip,long_bias,1.14910000,2025.06.18 13:45:00,1.15101000,2025.06.18 13:00:00,2025.06.18 15:15:00,false,NONE,0.00000000,0.00000000,0.0000,-1,false,,-1,NONE,0.00000000,0.00000000,0.0000,0.0000,none,,none,false,NONE,-1,-1,-1,false,false,none,true,false,false,true,none,true,required,false,PERIOD_M5,,,-1,0.0000,false,0.00000000,0.0000,false,0.0000,false,none,none,false,no_anchor_flip_in_entry_direction,true,required_first_signal_only,LONG,unknown,0.00000000,,0.00000000,,false,,-1,false,NONE,0.00000000,,0.00000000,0.0000,0.0000,none,-1,false,false,false,no_anchor_flip_in_entry_direction,,,,false,false,false,-1,-1,-1,-1,-1,false,false,false,0.0000,range_n,true,1.15158000,1.14910000,3.1251,false,0.0000,0.0000,0,none,true,0.5222,preferred_382_618,0.200,diagnostic_only,diagnostic_only,diagnostic_only,shallow_pullback,9,0.440,true,none,0.590,high_quality,false,false,diagnostic_only,both,true,none,true,diagnostic_adjacent_detected,required_light,false,false,SHORT,4,false,false,0,2025.06.18 13:10:00,2025.06.18 15:45:00,5,5.2606,1.15158000,0.00000000,1.15158000,false,false,none,0.00000000,false,0.0000,0.0000,false,1,0.0000,false,-1,0.00000000,0.0000,off,false,not_evaluated,none,0.0000,0.0000,none,false,false,false,0.0000,none,false,none,0.0000,false,none,3.3091,4.0515,0.8168,0.0000,true,strong_exhaustion,0.0000,none,none,false,false,none,0.0000,0.0000,0.0000,0.0000,none,false,false,0.0000,0.0000,false,false,-1,none,none,false,0.000,0.000,1.15066350,1.15032857,1.15066350,recent_equal_highs,0.00005350,0.0622,neckline_level,1.15029000,0.6788,false,true,true,false,not_blocked,9,5,4,m5_failure_exit,off,none,0.00000000,0.0000,1.30,1.15173000,4.200,-0.300,0.200,PERIOD_M15,1.15101000,1.14910000,0.2094,outside,0.000,true,1.15061000,1.14975000,0.00086000,1.15173000,1.302,0.00047143,18.00,0-30,true,false,none,not_consumed,4.300,4.300,none,0.0000,false,neckline_retest_failed,false,not_invalidated,spread_too_high
2025.06.18 16:15:00,blocked,session_reversal_pullback_one_symbol_first120,EURUSD,LONG,2025.06.18 16:10:00,16,13,22,london_newyork_overlap,2025.06.18 13:00,10,first_120min,true,true,3,EURUSD,highest_score_in_session_bar,london_newyork_overlap=USDJPY|EURJPY|GBPJPY|AUDJPY|EURUSD|GBPUSD,existing_first120_gate,london_newyork_overlap,false,false,true,passed_first_window,double_bottom,neckline_break_retest,1.15029000,PERIOD_M5,PERIOD_H1,PERIOD_M15,PERIOD_M5,PERIOD_M5,false,htf_soft_alignment,current_post_filter,transcript_post_filter,dow_trend_down_ll_lh,structure_trend_bias_dow_trend_down_ll_lh,dow_trend_down_ll_lh,structure_trend_bias_dow_trend_down_ll_lh,false,true,false,LONG,PERIOD_M5,double_bottom,double_bottom,4.200,none,0.000,double_bottom,4.200,none,0.000,LONG,false,PERIOD_H1_SHORT_dow_trend_down_ll_lh|PERIOD_M15_SHORT_structure_trend_bias_dow_trend_down_ll_lh,true,h1_counter_m15_reversal,true,top_SHORT_dow_trend_down_ll_lh|structure_SHORT_structure_trend_bias_dow_trend_down_ll_lh|structure_break_recent_confirmed_swing_break_failed|primary_break_recent_confirmed_swing_break_failed,none,below_75sma_falling,above_75sma_rising,below_75sma_falling,-1,0.00000000,-1,0.00000000,false,off,NONE,NONE,0.00000000,0.00000000,0.0000,none,0.000,true,LONG,return_high_break_or_bos_up,1.15101000,3,1.15101000,1.14910000,false,off,independent,false,,,false,0.0000,none,0.0000,0.0000,none,0.0000,0.0000,0.0000,none,0.0000,0,0,0.0000,none,none,none,none,0.0000,0,0.0000,none,false,true,not_evaluated,true,required_light_or_anchor_flip,long_bias,1.14910000,2025.06.18 13:45:00,1.15101000,2025.06.18 13:00:00,2025.06.18 15:15:00,false,NONE,0.00000000,0.00000000,0.0000,-1,false,,-1,NONE,0.00000000,0.00000000,0.0000,0.0000,none,,none,false,NONE,-1,-1,-1,false,false,none,true,false,false,true,none,true,required,false,PERIOD_M5,,,-1,0.0000,false,0.00000000,0.0000,false,0.0000,false,none,none,false,no_anchor_flip_in_entry_direction,true,required_first_signal_only,LONG,unknown,0.00000000,,0.00000000,,false,,-1,false,NONE,0.00000000,,0.00000000,0.0000,0.0000,none,-1,false,false,false,no_anchor_flip_in_entry_direction,,,,false,false,false,-1,-1,-1,-1,-1,false,false,false,0.0000,range_n,true,1.15158000,1.14910000,3.1251,false,0.0000,0.0000,0,none,true,0.5222,preferred_382_618,0.200,diagnostic_only,diagnostic_only,diagnostic_only,shallow_pullback,9,0.440,true,none,0.590,high_quality,false,false,diagnostic_only,both,true,none,true,diagnostic_adjacent_detected,required_light,false,false,SHORT,4,false,false,0,2025.06.18 13:10:00,2025.06.18 15:45:00,5,5.2606,1.15158000,0.00000000,1.15158000,false,false,none,0.00000000,false,0.0000,0.0000,false,1,0.0000,false,-1,0.00000000,0.0000,off,false,not_evaluated,none,0.0000,0.0000,none,false,false,false,0.0000,none,false,none,0.0000,false,none,3.3091,4.0515,0.8168,0.0000,true,strong_exhaustion,0.0000,none,none,false,false,none,0.0000,0.0000,0.0000,0.0000,none,false,false,0.0000,0.0000,false,false,-1,none,none,false,0.000,0.000,1.15066350,1.15032857,1.15066350,recent_equal_highs,0.00005350,0.0622,neckline_level,1.15029000,0.6788,false,true,true,false,not_blocked,9,5,4,m5_failure_exit,off,none,0.00000000,0.0000,1.30,1.15173000,4.200,-0.300,0.200,PERIOD_M15,1.15101000,1.14910000,0.2094,outside,0.000,true,1.15061000,1.14975000,0.00086000,1.15173000,1.302,0.00047143,18.00,0-30,true,false,none,blocked_spread_too_high,4.300,4.300,none,0.0000,false,neckline_retest_failed,false,not_invalidated,spread_too_high
2025.06.18 19:10:00,signal,session_reversal_pullback_one_symbol_first120,EURJPY,SHORT,2025.06.18 19:05:00,19,16,1,new_york,2025.06.18 16:00,5,first_120min,true,true,3,EURJPY,highest_score_in_session_bar,new_york=USDJPY|EURJPY|GBPJPY|AUDJPY|EURUSD|GBPUSD,existing_first120_gate,new_york,false,false,true,passed_first_window,double_top,neckline_break_retest,166.60200000,PERIOD_M5,PERIOD_H1,PERIOD_M15,PERIOD_M5,PERIOD_M5,false,htf_soft_alignment,current_post_filter,transcript_post_filter,dow_range_or_transition,no_ordered_dow_wave3_break,dow_range_or_transition,no_ordered_dow_wave3_break,false,false,true,SHORT,PERIOD_M5,double_top,double_top,4.200,none,0.000,double_top,4.200,none,0.000,SHORT,false,PERIOD_H1_NONE_dow_range_or_transition|PERIOD_M15_NONE_no_ordered_dow_wave3_break,true,h1_counter_m15_reversal,true,top_NONE_dow_range_or_transition|structure_NONE_no_ordered_dow_wave3_break|structure_break_recent_confirmed_swing_break_failed|primary_break_recent_confirmed_swing_break_continuation,none,below_75sma_flat_or_rising,below_75sma_falling,below_75sma_falling,-1,0.00000000,0,166.63700000,false,off,NONE,NONE,0.00000000,0.00000000,0.0000,none,0.000,true,SHORT,return_low_break_or_bos_down,166.41400000,9,166.81800000,166.30900000,false,off,independent,false,,,false,0.0000,none,0.0000,0.0000,none,0.0000,0.0000,0.0000,none,0.0000,0,0,0.0000,none,none,none,none,0.0000,0,0.0000,none,false,true,not_evaluated,true,required_light_or_anchor_flip,long_bias,166.30900000,2025.06.18 16:45:00,166.73900000,2025.06.18 15:45:00,2025.06.18 17:15:00,false,NONE,0.00000000,0.00000000,0.0000,-1,false,,-1,NONE,0.00000000,0.00000000,0.0000,0.0000,none,,none,false,NONE,-1,-1,-1,false,false,none,false,true,false,true,none,true,required,false,PERIOD_M5,,,-1,0.0000,false,0.00000000,0.0000,false,0.0000,false,none,none,false,no_anchor_flip_in_entry_direction,true,required_first_signal_only,SHORT,unknown,0.00000000,,0.00000000,,false,,-1,false,NONE,0.00000000,,0.00000000,0.0000,0.0000,none,-1,false,false,false,no_anchor_flip_in_entry_direction,,,,false,false,false,-1,-1,-1,-1,-1,false,false,false,0.0000,rising_n,false,166.81800000,166.30900000,3.2673,false,0.0000,0.0000,0,none,true,0.5540,preferred_382_618,0.200,diagnostic_only,diagnostic_only,diagnostic_only,shallow_pullback,6,0.440,true,none,0.590,high_quality,false,false,diagnostic_only,both,true,none,true,diagnostic_adjacent_detected,required_light,false,false,LONG,6,false,false,2,2025.06.18 17:45:00,2025.06.18 18:30:00,7,3.2958,0.00000000,166.51200000,166.51200000,false,false,none,0.00000000,false,0.0000,0.0000,false,1,0.0000,false,-1,0.00000000,0.0000,off,false,not_evaluated,none,0.0000,0.0000,none,false,false,false,0.0000,none,false,none,0.0000,false,none,2.7943,2.4647,1.1337,0.8311,false,no_shrink,0.0000,none,none,false,false,none,0.0000,0.0000,0.0000,0.0000,none,false,false,0.0000,0.0000,false,false,-1,none,none,false,0.000,0.000,166.59300000,166.58800000,166.58800000,recent_rejection_zone,0.00300000,0.0283,neckline_level,166.60200000,0.1576,false,true,true,false,not_blocked,7,3,4,m5_failure_exit,off,none,0.00000000,0.0000,1.30,166.45400000,4.200,-0.300,0.200,PERIOD_M15,166.81800000,166.30900000,0.5540,preferred_382_618,0.000,true,166.59100000,166.69700000,0.10600000,166.45400000,1.292,0.06978571,30.00,0-30,true,false,none,not_consumed,4.500,4.500,none,0.0000,false,neckline_retest_failed,false,not_invalidated,spread_too_high
2025.06.18 19:10:00,blocked,session_reversal_pullback_one_symbol_first120,EURJPY,SHORT,2025.06.18 19:05:00,19,16,1,new_york,2025.06.18 16:00,5,first_120min,true,true,3,EURJPY,highest_score_in_session_bar,new_york=USDJPY|EURJPY|GBPJPY|AUDJPY|EURUSD|GBPUSD,existing_first120_gate,new_york,false,false,true,passed_first_window,double_top,neckline_break_retest,166.60200000,PERIOD_M5,PERIOD_H1,PERIOD_M15,PERIOD_M5,PERIOD_M5,false,htf_soft_alignment,current_post_filter,transcript_post_filter,dow_range_or_transition,no_ordered_dow_wave3_break,dow_range_or_transition,no_ordered_dow_wave3_break,false,false,true,SHORT,PERIOD_M5,double_top,double_top,4.200,none,0.000,double_top,4.200,none,0.000,SHORT,false,PERIOD_H1_NONE_dow_range_or_transition|PERIOD_M15_NONE_no_ordered_dow_wave3_break,true,h1_counter_m15_reversal,true,top_NONE_dow_range_or_transition|structure_NONE_no_ordered_dow_wave3_break|structure_break_recent_confirmed_swing_break_failed|primary_break_recent_confirmed_swing_break_continuation,none,below_75sma_flat_or_rising,below_75sma_falling,below_75sma_falling,-1,0.00000000,0,166.63700000,false,off,NONE,NONE,0.00000000,0.00000000,0.0000,none,0.000,true,SHORT,return_low_break_or_bos_down,166.41400000,9,166.81800000,166.30900000,false,off,independent,false,,,false,0.0000,none,0.0000,0.0000,none,0.0000,0.0000,0.0000,none,0.0000,0,0,0.0000,none,none,none,none,0.0000,0,0.0000,none,false,true,not_evaluated,true,required_light_or_anchor_flip,long_bias,166.30900000,2025.06.18 16:45:00,166.73900000,2025.06.18 15:45:00,2025.06.18 17:15:00,false,NONE,0.00000000,0.00000000,0.0000,-1,false,,-1,NONE,0.00000000,0.00000000,0.0000,0.0000,none,,none,false,NONE,-1,-1,-1,false,false,none,false,true,false,true,none,true,required,false,PERIOD_M5,,,-1,0.0000,false,0.00000000,0.0000,false,0.0000,false,none,none,false,no_anchor_flip_in_entry_direction,true,required_first_signal_only,SHORT,unknown,0.00000000,,0.00000000,,false,,-1,false,NONE,0.00000000,,0.00000000,0.0000,0.0000,none,-1,false,false,false,no_anchor_flip_in_entry_direction,,,,false,false,false,-1,-1,-1,-1,-1,false,false,false,0.0000,rising_n,false,166.81800000,166.30900000,3.2673,false,0.0000,0.0000,0,none,true,0.5540,preferred_382_618,0.200,diagnostic_only,diagnostic_only,diagnostic_only,shallow_pullback,6,0.440,true,none,0.590,high_quality,false,false,diagnostic_only,both,true,none,true,diagnostic_adjacent_detected,required_light,false,false,LONG,6,false,false,2,2025.06.18 17:45:00,2025.06.18 18:30:00,7,3.2958,0.00000000,166.51200000,166.51200000,false,false,none,0.00000000,false,0.0000,0.0000,false,1,0.0000,false,-1,0.00000000,0.0000,off,false,not_evaluated,none,0.0000,0.0000,none,false,false,false,0.0000,none,false,none,0.0000,false,none,2.7943,2.4647,1.1337,0.8311,false,no_shrink,0.0000,none,none,false,false,none,0.0000,0.0000,0.0000,0.0000,none,false,false,0.0000,0.0000,false,false,-1,none,none,false,0.000,0.000,166.59300000,166.58800000,166.58800000,recent_rejection_zone,0.00300000,0.0283,neckline_level,166.60200000,0.1576,false,true,true,false,not_blocked,7,3,4,m5_failure_exit,off,none,0.00000000,0.0000,1.30,166.45400000,4.200,-0.300,0.200,PERIOD_M15,166.81800000,166.30900000,0.5540,preferred_382_618,0.000,true,166.59100000,166.69700000,0.10600000,166.45400000,1.292,0.06978571,30.00,0-30,true,false,none,blocked_spread_too_high,4.500,4.500,none,0.0000,false,neckline_retest_failed,false,not_invalidated,spread_too_high
2025.06.19 11:00:00,signal,session_reversal_pullback_one_symbol_first120,EURUSD,LONG,2025.06.19 10:55:00,10,7,16,london,2025.06.19 07:00,55,first_120min,true,true,3,EURUSD,highest_score_in_session_bar,london=USDJPY|EURJPY|GBPJPY|AUDJPY|EURUSD|GBPUSD,existing_first120_gate,london,true,false,true,passed_first_window,double_bottom,neckline_break_retest,1.14581000,PERIOD_M5,PERIOD_H1,PERIOD_M15,PERIOD_M5,PERIOD_M5,false,htf_soft_alignment,current_post_filter,transcript_post_filter,dow_trend_down_ll_lh,structure_trend_bias_dow_trend_down_ll_lh,dow_trend_down_ll_lh,structure_trend_bias_dow_trend_down_ll_lh,false,true,true,LONG,PERIOD_M5,double_bottom,double_bottom,4.200,none,0.000,double_bottom,4.200,none,0.000,LONG,false,PERIOD_H1_SHORT_dow_trend_down_ll_lh|PERIOD_M15_SHORT_structure_trend_bias_dow_trend_down_ll_lh,true,h1_counter_m15_reversal,true,top_SHORT_dow_trend_down_ll_lh|structure_SHORT_structure_trend_bias_dow_trend_down_ll_lh|structure_break_recent_confirmed_swing_break_failed|primary_break_recent_confirmed_swing_break_failed,none,below_75sma_falling,below_75sma_falling,above_75sma_rising,-1,0.00000000,-1,0.00000000,false,off,NONE,NONE,0.00000000,0.00000000,0.0000,none,0.000,true,LONG,return_high_break_or_bos_up,1.14687000,1,1.14687000,1.14455000,false,off,independent,false,,,false,0.0000,none,0.0000,0.0000,none,0.0000,0.0000,0.0000,none,0.0000,0,0,0.0000,none,none,none,none,0.0000,0,0.0000,none,false,true,not_evaluated,true,required_light_or_anchor_flip,bias_flip_up,1.14701000,2025.06.19 00:00:00,1.14687000,2025.06.19 08:00:00,2025.06.19 09:30:00,true,LONG,1.14687000,1.14726000,0.4655,2,true,2025.06.19 10:15:00,2,LONG,1.14687000,1.14726000,0.4655,1.0384,strong,2025.06.19 10:30:00,first_after_anchor,true,LONG,2,1,2,true,false,fresh_0_4,true,false,false,true,none,true,required,true,PERIOD_M5,2025.06.19 10:20:00,2025.06.19 10:20:00,8,0.5789,true,1.14687000,0.5789,false,0.0000,true,m5_bullish_close_after_anchor_retest,retest_reconfirm,true,none,true,required_first_signal_only,LONG,unknown,0.00000000,,0.00000000,,false,,-1,false,NONE,0.00000000,,0.00000000,0.0000,0.0000,none,-1,false,false,false,insufficient_confirmed_m5_pivots,EURUSD|LONG|1750328100|1.14687,,,false,false,false,-1,-1,-1,-1,-1,false,false,false,0.0000,falling_n,false,1.14882000,1.14455000,5.0963,true,1.0384,0.2927,1,strong,true,0.4346,preferred_382_618,0.200,diagnostic_only,diagnostic_only,diagnostic_only,shallow_pullback,5,0.440,true,none,0.590,high_quality,false,false,diagnostic_only,both,true,none,true,diagnostic_adjacent_detected,required_light,false,false,SHORT,3,false,false,0,,,-1,0.0000,0.00000000,0.00000000,0.00000000,false,false,none,0.00000000,false,0.0000,0.0000,false,1,0.0000,false,-1,0.00000000,0.0000,off,false,not_evaluated,none,0.0000,0.0000,none,false,false,false,0.0000,none,false,none,0.0000,false,none,0.0000,0.0000,0.0000,0.0000,false,none,0.0000,none,none,false,false,none,0.0000,0.0000,0.0000,0.0000,none,false,false,0.0000,0.0000,false,false,-1,none,none,false,0.000,0.000,1.14637737,1.14617000,1.14637737,recent_equal_lows,0.00009737,0.0695,neckline_level,1.14581000,0.8246,false,true,true,false,not_blocked,11,5,6,m5_failure_exit,off,none,0.00000000,0.0000,1.30,1.14810000,4.200,-0.300,0.200,PERIOD_M15,1.14687000,1.14455000,0.2543,outside,0.000,true,1.14628000,1.14488000,0.00140000,1.14810000,1.300,0.00057000,18.00,30-60,true,false,none,not_consumed,4.300,4.300,none,0.0000,false,opposite_break_first,true,opposite_break_first,spread_too_high
2025.06.19 11:00:00,blocked,session_reversal_pullback_one_symbol_first120,EURUSD,LONG,2025.06.19 10:55:00,10,7,16,london,2025.06.19 07:00,55,first_120min,true,true,3,EURUSD,highest_score_in_session_bar,london=USDJPY|EURJPY|GBPJPY|AUDJPY|EURUSD|GBPUSD,existing_first120_gate,london,true,false,true,passed_first_window,double_bottom,neckline_break_retest,1.14581000,PERIOD_M5,PERIOD_H1,PERIOD_M15,PERIOD_M5,PERIOD_M5,false,htf_soft_alignment,current_post_filter,transcript_post_filter,dow_trend_down_ll_lh,structure_trend_bias_dow_trend_down_ll_lh,dow_trend_down_ll_lh,structure_trend_bias_dow_trend_down_ll_lh,false,true,true,LONG,PERIOD_M5,double_bottom,double_bottom,4.200,none,0.000,double_bottom,4.200,none,0.000,LONG,false,PERIOD_H1_SHORT_dow_trend_down_ll_lh|PERIOD_M15_SHORT_structure_trend_bias_dow_trend_down_ll_lh,true,h1_counter_m15_reversal,true,top_SHORT_dow_trend_down_ll_lh|structure_SHORT_structure_trend_bias_dow_trend_down_ll_lh|structure_break_recent_confirmed_swing_break_failed|primary_break_recent_confirmed_swing_break_failed,none,below_75sma_falling,below_75sma_falling,above_75sma_rising,-1,0.00000000,-1,0.00000000,false,off,NONE,NONE,0.00000000,0.00000000,0.0000,none,0.000,true,LONG,return_high_break_or_bos_up,1.14687000,1,1.14687000,1.14455000,false,off,independent,false,,,false,0.0000,none,0.0000,0.0000,none,0.0000,0.0000,0.0000,none,0.0000,0,0,0.0000,none,none,none,none,0.0000,0,0.0000,none,false,true,not_evaluated,true,required_light_or_anchor_flip,bias_flip_up,1.14701000,2025.06.19 00:00:00,1.14687000,2025.06.19 08:00:00,2025.06.19 09:30:00,true,LONG,1.14687000,1.14726000,0.4655,2,true,2025.06.19 10:15:00,2,LONG,1.14687000,1.14726000,0.4655,1.0384,strong,2025.06.19 10:30:00,first_after_anchor,true,LONG,2,1,2,true,false,fresh_0_4,true,false,false,true,none,true,required,true,PERIOD_M5,2025.06.19 10:20:00,2025.06.19 10:20:00,8,0.5789,true,1.14687000,0.5789,false,0.0000,true,m5_bullish_close_after_anchor_retest,retest_reconfirm,true,none,true,required_first_signal_only,LONG,unknown,0.00000000,,0.00000000,,false,,-1,false,NONE,0.00000000,,0.00000000,0.0000,0.0000,none,-1,false,false,false,insufficient_confirmed_m5_pivots,EURUSD|LONG|1750328100|1.14687,,,false,false,false,-1,-1,-1,-1,-1,false,false,false,0.0000,falling_n,false,1.14882000,1.14455000,5.0963,true,1.0384,0.2927,1,strong,true,0.4346,preferred_382_618,0.200,diagnostic_only,diagnostic_only,diagnostic_only,shallow_pullback,5,0.440,true,none,0.590,high_quality,false,false,diagnostic_only,both,true,none,true,diagnostic_adjacent_detected,required_light,false,false,SHORT,3,false,false,0,,,-1,0.0000,0.00000000,0.00000000,0.00000000,false,false,none,0.00000000,false,0.0000,0.0000,false,1,0.0000,false,-1,0.00000000,0.0000,off,false,not_evaluated,none,0.0000,0.0000,none,false,false,false,0.0000,none,false,none,0.0000,false,none,0.0000,0.0000,0.0000,0.0000,false,none,0.0000,none,none,false,false,none,0.0000,0.0000,0.0000,0.0000,none,false,false,0.0000,0.0000,false,false,-1,none,none,false,0.000,0.000,1.14637737,1.14617000,1.14637737,recent_equal_lows,0.00009737,0.0695,neckline_level,1.14581000,0.8246,false,true,true,false,not_blocked,11,5,6,m5_failure_exit,off,none,0.00000000,0.0000,1.30,1.14810000,4.200,-0.300,0.200,PERIOD_M15,1.14687000,1.14455000,0.2543,outside,0.000,true,1.14628000,1.14488000,0.00140000,1.14810000,1.300,0.00057000,18.00,30-60,true,false,none,blocked_spread_too_high,4.300,4.300,none,0.0000,false,opposite_break_first,true,opposite_break_first,spread_too_high
2025.06.20 10:10:00,signal,session_reversal_pullback_one_symbol_first120,GBPUSD,LONG,2025.06.20 10:05:00,10,7,16,london,2025.06.20 07:00,5,first_120min,true,true,3,GBPUSD,highest_score_in_session_bar,london=USDJPY|EURJPY|GBPJPY|AUDJPY|EURUSD|GBPUSD,existing_first120_gate,london,false,false,true,passed_first_window,sweep_low_reclaim,sweep_reclaim_retest,1.34653000,PERIOD_M5,PERIOD_H1,PERIOD_M15,PERIOD_M5,PERIOD_M5,false,htf_soft_alignment,current_post_filter,transcript_post_filter,dow_range_or_transition,structure_trend_bias_dow_trend_up_hh_hl,dow_range_or_transition,structure_trend_bias_dow_trend_up_hh_hl,false,true,false,LONG,PERIOD_M5,sweep_low_reclaim,sweep_low_reclaim,3.400,none,0.000,sweep_low_reclaim,3.400,none,0.000,LONG,false,PERIOD_H1_NONE_dow_range_or_transition|PERIOD_M15_LONG_structure_trend_bias_dow_trend_up_hh_hl,true,h1_counter_m15_reversal,true,top_NONE_dow_range_or_transition|structure_LONG_structure_trend_bias_dow_trend_up_hh_hl|structure_break_recent_confirmed_swing_break_failed|primary_break_recent_confirmed_swing_break_retest,none,above_75sma_flat_or_falling,above_75sma_rising,below_75sma_falling,-1,0.00000000,0,1.34712000,false,off,NONE,NONE,0.00000000,0.00000000,0.0000,none,0.000,true,LONG,return_high_break_or_bos_up,1.34894000,4,1.35000000,1.34679000,false,off,independent,false,,,false,0.0000,none,0.0000,0.0000,none,0.0000,0.0000,0.0000,none,0.0000,0,0,0.0000,none,none,none,none,0.0000,0,0.0000,none,false,true,not_evaluated,true,required_light_or_anchor_flip,bias_flip_down,1.34760000,2025.06.20 05:00:00,1.34448000,2025.06.19 17:15:00,2025.06.20 08:00:00,true,SHORT,1.34760000,1.34694000,0.9496,1,true,2025.06.20 09:30:00,1,SHORT,1.34760000,1.34694000,0.9496,1.7410,strong,2025.06.20 09:45:00,first_after_anchor,true,SHORT,1,0,1,true,false,fresh_0_4,false,true,false,true,none,true,required,false,PERIOD_M5,,,-1,0.0000,false,0.00000000,0.0000,false,0.0000,false,none,none,false,no_anchor_flip_in_entry_direction,true,required_first_signal_only,LONG,unknown,0.00000000,,0.00000000,,false,,-1,false,NONE,0.00000000,,0.00000000,0.0000,0.0000,none,-1,false,false,false,no_anchor_flip_in_entry_direction,,,,false,false,false,-1,-1,-1,-1,-1,false,false,false,0.0000,rising_n,false,1.35000000,1.34211000,11.3525,true,1.7410,0.1103,1,strong,true,0.7944,too_deep,0.000,diagnostic_only,diagnostic_only,diagnostic_only,shallow_pullback,24,0.200,true,none,0.350,medium_quality,false,false,diagnostic_only,both,true,none,true,diagnostic_adjacent_detected,required_light,false,false,SHORT,6,false,false,2,2025.06.20 08:10:00,2025.06.20 09:05:00,12,3.2194,1.34990000,0.00000000,1.34990000,false,false,none,0.00000000,false,0.0000,0.0000,false,1,0.0000,false,-1,0.00000000,0.0000,off,false,not_evaluated,none,0.0000,0.0000,none,false,false,false,0.0000,none,false,none,0.0000,false,none,3.0717,1.4473,2.1224,1.7722,false,no_shrink,0.0000,none,none,false,false,none,0.0000,0.0000,0.0000,0.0000,none,false,false,0.0000,0.0000,false,false,-1,none,none,false,0.000,0.000,1.34760000,1.34738000,1.34760000,structure_confirmed_swing_low,0.00015000,0.1049,session_high|opening_range_high|neckline_level,1.34738000,0.1034,false,true,false,false,not_blocked,1,1,0,m5_failure_exit,off,none,0.00000000,0.0000,1.30,1.34931000,3.400,-0.300,0.200,PERIOD_M15,1.35000000,1.34760000,1.0625,outside,0.000,true,1.34745000,1.34602000,0.00143000,1.34931000,1.301,0.00067714,20.00,0-30,true,false,none,not_consumed,3.700,3.700,none,0.0000,false,sweep_reclaim_failed,false,not_invalidated,spread_too_high
2025.06.20 10:10:00,blocked,session_reversal_pullback_one_symbol_first120,GBPUSD,LONG,2025.06.20 10:05:00,10,7,16,london,2025.06.20 07:00,5,first_120min,true,true,3,GBPUSD,highest_score_in_session_bar,london=USDJPY|EURJPY|GBPJPY|AUDJPY|EURUSD|GBPUSD,existing_first120_gate,london,false,false,true,passed_first_window,sweep_low_reclaim,sweep_reclaim_retest,1.34653000,PERIOD_M5,PERIOD_H1,PERIOD_M15,PERIOD_M5,PERIOD_M5,false,htf_soft_alignment,current_post_filter,transcript_post_filter,dow_range_or_transition,structure_trend_bias_dow_trend_up_hh_hl,dow_range_or_transition,structure_trend_bias_dow_trend_up_hh_hl,false,true,false,LONG,PERIOD_M5,sweep_low_reclaim,sweep_low_reclaim,3.400,none,0.000,sweep_low_reclaim,3.400,none,0.000,LONG,false,PERIOD_H1_NONE_dow_range_or_transition|PERIOD_M15_LONG_structure_trend_bias_dow_trend_up_hh_hl,true,h1_counter_m15_reversal,true,top_NONE_dow_range_or_transition|structure_LONG_structure_trend_bias_dow_trend_up_hh_hl|structure_break_recent_confirmed_swing_break_failed|primary_break_recent_confirmed_swing_break_retest,none,above_75sma_flat_or_falling,above_75sma_rising,below_75sma_falling,-1,0.00000000,0,1.34712000,false,off,NONE,NONE,0.00000000,0.00000000,0.0000,none,0.000,true,LONG,return_high_break_or_bos_up,1.34894000,4,1.35000000,1.34679000,false,off,independent,false,,,false,0.0000,none,0.0000,0.0000,none,0.0000,0.0000,0.0000,none,0.0000,0,0,0.0000,none,none,none,none,0.0000,0,0.0000,none,false,true,not_evaluated,true,required_light_or_anchor_flip,bias_flip_down,1.34760000,2025.06.20 05:00:00,1.34448000,2025.06.19 17:15:00,2025.06.20 08:00:00,true,SHORT,1.34760000,1.34694000,0.9496,1,true,2025.06.20 09:30:00,1,SHORT,1.34760000,1.34694000,0.9496,1.7410,strong,2025.06.20 09:45:00,first_after_anchor,true,SHORT,1,0,1,true,false,fresh_0_4,false,true,false,true,none,true,required,false,PERIOD_M5,,,-1,0.0000,false,0.00000000,0.0000,false,0.0000,false,none,none,false,no_anchor_flip_in_entry_direction,true,required_first_signal_only,LONG,unknown,0.00000000,,0.00000000,,false,,-1,false,NONE,0.00000000,,0.00000000,0.0000,0.0000,none,-1,false,false,false,no_anchor_flip_in_entry_direction,,,,false,false,false,-1,-1,-1,-1,-1,false,false,false,0.0000,rising_n,false,1.35000000,1.34211000,11.3525,true,1.7410,0.1103,1,strong,true,0.7944,too_deep,0.000,diagnostic_only,diagnostic_only,diagnostic_only,shallow_pullback,24,0.200,true,none,0.350,medium_quality,false,false,diagnostic_only,both,true,none,true,diagnostic_adjacent_detected,required_light,false,false,SHORT,6,false,false,2,2025.06.20 08:10:00,2025.06.20 09:05:00,12,3.2194,1.34990000,0.00000000,1.34990000,false,false,none,0.00000000,false,0.0000,0.0000,false,1,0.0000,false,-1,0.00000000,0.0000,off,false,not_evaluated,none,0.0000,0.0000,none,false,false,false,0.0000,none,false,none,0.0000,false,none,3.0717,1.4473,2.1224,1.7722,false,no_shrink,0.0000,none,none,false,false,none,0.0000,0.0000,0.0000,0.0000,none,false,false,0.0000,0.0000,false,false,-1,none,none,false,0.000,0.000,1.34760000,1.34738000,1.34760000,structure_confirmed_swing_low,0.00015000,0.1049,session_high|opening_range_high|neckline_level,1.34738000,0.1034,false,true,false,false,not_blocked,1,1,0,m5_failure_exit,off,none,0.00000000,0.0000,1.30,1.34931000,3.400,-0.300,0.200,PERIOD_M15,1.35000000,1.34760000,1.0625,outside,0.000,true,1.34745000,1.34602000,0.00143000,1.34931000,1.301,0.00067714,20.00,0-30,true,false,none,blocked_spread_too_high,3.700,3.700,none,0.0000,false,sweep_reclaim_failed,false,not_invalidated,spread_too_high
2025.06.20 16:45:00,signal,session_reversal_pullback_one_symbol_first120,GBPUSD,SHORT,2025.06.20 16:40:00,16,13,22,london_newyork_overlap,2025.06.20 13:00,40,first_120min,true,true,3,GBPUSD,highest_score_in_session_bar,london_newyork_overlap=USDJPY|EURJPY|GBPJPY|AUDJPY|EURUSD|GBPUSD,existing_first120_gate,london_newyork_overlap,false,false,true,passed_first_window,head_and_shoulders,neckline_break_retest,1.34937000,PERIOD_M5,PERIOD_H1,PERIOD_M15,PERIOD_M5,PERIOD_M5,false,htf_soft_alignment,current_post_filter,transcript_post_filter,dow_trend_up_hh_hl,structure_trend_bias_dow_trend_up_hh_hl,dow_trend_up_hh_hl,structure_trend_bias_dow_trend_up_hh_hl,false,false,true,SHORT,PERIOD_M5,head_and_shoulders,head_and_shoulders,4.500,none,0.000,head_and_shoulders,4.500,none,0.000,SHORT,false,PERIOD_H1_LONG_dow_trend_up_hh_hl|PERIOD_M15_LONG_structure_trend_bias_dow_trend_up_hh_hl,true,h1_counter_m15_reversal,true,top_LONG_dow_trend_up_hh_hl|structure_LONG_structure_trend_bias_dow_trend_up_hh_hl|structure_break_recent_confirmed_swing_break_failed|primary_break_recent_confirmed_swing_break_retest,none,above_75sma_flat_or_falling,above_75sma_rising,below_75sma_flat_or_rising,-1,0.00000000,0,1.34902000,false,off,NONE,NONE,0.00000000,0.00000000,0.0000,none,0.000,true,SHORT,return_low_break_or_bos_down,1.34760000,22,1.35102000,1.34845000,false,off,independent,false,,,false,0.0000,none,0.0000,0.0000,none,0.0000,0.0000,0.0000,none,0.0000,0,0,0.0000,none,none,none,none,0.0000,0,0.0000,none,false,true,not_evaluated,true,required_light_or_anchor_flip,long_bias,1.34845000,2025.06.20 15:00:00,1.34992000,2025.06.20 14:45:00,2025.06.20 15:30:00,false,NONE,0.00000000,0.00000000,0.0000,-1,false,,-1,NONE,0.00000000,0.00000000,0.0000,0.0000,none,,none,false,NONE,-1,-1,-1,false,false,none,false,true,false,true,none,true,required,false,PERIOD_M5,,,-1,0.0000,false,0.00000000,0.0000,false,0.0000,false,none,none,false,no_anchor_flip_in_entry_direction,true,required_first_signal_only,SHORT,unknown,0.00000000,,0.00000000,,false,,-1,false,NONE,0.00000000,,0.00000000,0.0000,0.0000,none,-1,false,false,false,no_anchor_flip_in_entry_direction,,,,false,false,false,-1,-1,-1,-1,-1,false,false,false,0.0000,range_n,true,1.35102000,1.34701000,4.1678,false,0.0000,0.0000,0,none,true,0.4314,preferred_382_618,0.200,diagnostic_only,diagnostic_only,diagnostic_only,deep_pullback,4,0.440,true,none,0.590,high_quality,false,false,diagnostic_only,both,true,none,true,diagnostic_adjacent_detected,required_light,false,false,LONG,5,false,false,2,2025.06.20 14:40:00,2025.06.20 15:40:00,12,3.3408,0.00000000,1.34845000,1.34845000,false,false,none,0.00000000,false,0.0000,0.0000,false,1,0.0000,false,-1,0.00000000,0.0000,off,false,not_evaluated,none,0.0000,0.0000,none,false,false,false,0.0000,none,false,none,0.0000,false,none,3.3408,1.8199,1.8357,1.4299,false,no_shrink,0.0000,none,none,false,false,none,0.0000,0.0000,0.0000,0.0000,none,false,false,0.0000,0.0000,false,false,-1,none,none,false,0.000,0.000,1.34936154,1.34852000,1.34852000,failed_breakout_level,0.00022000,0.1341,session_low|opening_range_low|neckline_level,1.34851000,0.2990,false,true,false,false,not_blocked,4,4,0,m5_failure_exit,off,none,0.00000000,0.0000,1.30,1.34661000,4.500,-0.300,0.200,PERIOD_M15,1.35102000,1.34845000,0.1128,outside,0.000,true,1.34874000,1.35038000,0.00164000,1.34661000,1.299,0.00076929,20.00,30-60,true,false,none,not_consumed,4.800,4.800,none,0.0000,false,neckline_retest_failed,false,not_invalidated,spread_too_high
2025.06.20 16:45:00,blocked,session_reversal_pullback_one_symbol_first120,GBPUSD,SHORT,2025.06.20 16:40:00,16,13,22,london_newyork_overlap,2025.06.20 13:00,40,first_120min,true,true,3,GBPUSD,highest_score_in_session_bar,london_newyork_overlap=USDJPY|EURJPY|GBPJPY|AUDJPY|EURUSD|GBPUSD,existing_first120_gate,london_newyork_overlap,false,false,true,passed_first_window,head_and_shoulders,neckline_break_retest,1.34937000,PERIOD_M5,PERIOD_H1,PERIOD_M15,PERIOD_M5,PERIOD_M5,false,htf_soft_alignment,current_post_filter,transcript_post_filter,dow_trend_up_hh_hl,structure_trend_bias_dow_trend_up_hh_hl,dow_trend_up_hh_hl,structure_trend_bias_dow_trend_up_hh_hl,false,false,true,SHORT,PERIOD_M5,head_and_shoulders,head_and_shoulders,4.500,none,0.000,head_and_shoulders,4.500,none,0.000,SHORT,false,PERIOD_H1_LONG_dow_trend_up_hh_hl|PERIOD_M15_LONG_structure_trend_bias_dow_trend_up_hh_hl,true,h1_counter_m15_reversal,true,top_LONG_dow_trend_up_hh_hl|structure_LONG_structure_trend_bias_dow_trend_up_hh_hl|structure_break_recent_confirmed_swing_break_failed|primary_break_recent_confirmed_swing_break_retest,none,above_75sma_flat_or_falling,above_75sma_rising,below_75sma_flat_or_rising,-1,0.00000000,0,1.34902000,false,off,NONE,NONE,0.00000000,0.00000000,0.0000,none,0.000,true,SHORT,return_low_break_or_bos_down,1.34760000,22,1.35102000,1.34845000,false,off,independent,false,,,false,0.0000,none,0.0000,0.0000,none,0.0000,0.0000,0.0000,none,0.0000,0,0,0.0000,none,none,none,none,0.0000,0,0.0000,none,false,true,not_evaluated,true,required_light_or_anchor_flip,long_bias,1.34845000,2025.06.20 15:00:00,1.34992000,2025.06.20 14:45:00,2025.06.20 15:30:00,false,NONE,0.00000000,0.00000000,0.0000,-1,false,,-1,NONE,0.00000000,0.00000000,0.0000,0.0000,none,,none,false,NONE,-1,-1,-1,false,false,none,false,true,false,true,none,true,required,false,PERIOD_M5,,,-1,0.0000,false,0.00000000,0.0000,false,0.0000,false,none,none,false,no_anchor_flip_in_entry_direction,true,required_first_signal_only,SHORT,unknown,0.00000000,,0.00000000,,false,,-1,false,NONE,0.00000000,,0.00000000,0.0000,0.0000,none,-1,false,false,false,no_anchor_flip_in_entry_direction,,,,false,false,false,-1,-1,-1,-1,-1,false,false,false,0.0000,range_n,true,1.35102000,1.34701000,4.1678,false,0.0000,0.0000,0,none,true,0.4314,preferred_382_618,0.200,diagnostic_only,diagnostic_only,diagnostic_only,deep_pullback,4,0.440,true,none,0.590,high_quality,false,false,diagnostic_only,both,true,none,true,diagnostic_adjacent_detected,required_light,false,false,LONG,5,false,false,2,2025.06.20 14:40:00,2025.06.20 15:40:00,12,3.3408,0.00000000,1.34845000,1.34845000,false,false,none,0.00000000,false,0.0000,0.0000,false,1,0.0000,false,-1,0.00000000,0.0000,off,false,not_evaluated,none,0.0000,0.0000,none,false,false,false,0.0000,none,false,none,0.0000,false,none,3.3408,1.8199,1.8357,1.4299,false,no_shrink,0.0000,none,none,false,false,none,0.0000,0.0000,0.0000,0.0000,none,false,false,0.0000,0.0000,false,false,-1,none,none,false,0.000,0.000,1.34936154,1.34852000,1.34852000,failed_breakout_level,0.00022000,0.1341,session_low|opening_range_low|neckline_level,1.34851000,0.2990,false,true,false,false,not_blocked,4,4,0,m5_failure_exit,off,none,0.00000000,0.0000,1.30,1.34661000,4.500,-0.300,0.200,PERIOD_M15,1.35102000,1.34845000,0.1128,outside,0.000,true,1.34874000,1.35038000,0.00164000,1.34661000,1.299,0.00076929,20.00,30-60,true,false,none,blocked_spread_too_high,4.800,4.800,none,0.0000,false,neckline_retest_failed,false,not_invalidated,spread_too_high
2025.06.23 03:15:00,signal,session_reversal_pullback_one_symbol_first120,GBPJPY,SHORT,2025.06.23 03:10:00,3,0,9,tokyo,2025.06.23 00:00,10,first_120min,true,true,3,GBPJPY,highest_score_in_session_bar,tokyo=USDJPY|EURJPY|GBPJPY|AUDJPY,existing_first120_gate,tokyo,false,false,true,passed_first_window,head_and_shoulders,neckline_break_retest,196.44900000,PERIOD_M5,PERIOD_H1,PERIOD_M15,PERIOD_M5,PERIOD_M5,false,htf_soft_alignment,current_post_filter,transcript_post_filter,dow_trend_up_hh_hl,no_ordered_dow_wave3_break,dow_trend_up_hh_hl,no_ordered_dow_wave3_break,false,true,true,SHORT,PERIOD_M5,head_and_shoulders,head_and_shoulders,4.500,none,0.000,head_and_shoulders,4.500,none,0.000,SHORT,false,PERIOD_H1_LONG_dow_trend_up_hh_hl|PERIOD_M15_NONE_no_ordered_dow_wave3_break,true,h1_counter_m15_reversal,true,top_LONG_dow_trend_up_hh_hl|structure_NONE_no_ordered_dow_wave3_break|structure_break_recent_confirmed_swing_break_failed|primary_break_recent_confirmed_swing_break_retest,none,above_75sma_rising,above_75sma_rising,below_75sma_falling,-1,0.00000000,1,196.42700000,false,off,NONE,NONE,0.00000000,0.00000000,0.0000,none,0.000,true,SHORT,return_low_break_or_bos_down,196.38400000,9,196.71300000,196.09700000,false,off,independent,false,,,false,0.0000,none,0.0000,0.0000,none,0.0000,0.0000,0.0000,none,0.0000,0,0,0.0000,none,none,none,none,0.0000,0,0.0000,none,false,true,not_evaluated,true,required_light_or_anchor_flip,long_bias,196.33300000,2025.06.23 00:00:00,196.71300000,2025.06.23 01:00:00,2025.06.23 01:00:00,false,NONE,0.00000000,0.00000000,0.0000,-1,false,,-1,NONE,0.00000000,0.00000000,0.0000,0.0000,none,,none,false,NONE,-1,-1,-1,false,false,none,false,true,false,true,none,true,required,false,PERIOD_M5,,,-1,0.0000,false,0.00000000,0.0000,false,0.0000,false,none,none,false,no_anchor_flip_in_entry_direction,true,required_first_signal_only,SHORT,unknown,0.00000000,,0.00000000,,false,,-1,false,NONE,0.00000000,,0.00000000,0.0000,0.0000,none,-1,false,false,false,no_anchor_flip_in_entry_direction,,,,false,false,false,-1,-1,-1,-1,-1,false,false,false,0.0000,range_n,true,196.71300000,196.09700000,3.5229,false,0.0000,0.0000,0,none,true,0.5698,preferred_382_618,0.200,diagnostic_only,diagnostic_only,diagnostic_only,shallow_pullback,24,0.400,true,none,0.550,high_quality,false,false,diagnostic_only,both,true,none,true,diagnostic_adjacent_detected,required_light,false,false,LONG,8,false,false,0,2025.06.23 01:30:00,2025.06.23 02:30:00,8,2.8330,0.00000000,196.42700000,196.42700000,true,true,m5_hl_close_break_down,196.42700000,true,0.1513,0.4951,true,1,0.2888,false,3,196.42700000,0.0688,off,false,not_evaluated,none,0.8289,0.1711,strong,false,false,false,0.2888,held_no_close_back,true,favorable_side,0.0233,false,clean_retest,1.8978,1.8566,1.0222,0.0000,true,strong_exhaustion,0.0000,none,none,false,false,none,0.0000,0.0000,0.0000,0.0000,none,false,false,0.0000,0.0000,false,false,-1,none,none,false,0.000,0.000,196.44900000,196.42125000,196.42125000,recent_equal_highs,0.02675000,0.2058,neckline_level,196.44900000,0.0138,false,true,true,false,not_blocked,7,4,3,m5_failure_exit,off,none,0.00000000,0.0000,1.30,196.27900000,4.500,-0.300,0.200,PERIOD_M15,196.71300000,196.09700000,0.5698,preferred_382_618,0.000,true,196.44800000,196.57800000,0.13000000,196.27900000,1.300,0.07271429,38.00,0-30,true,false,none,not_consumed,4.800,4.800,none,0.0000,false,neckline_retest_failed,false,not_invalidated,spread_too_high
2025.06.23 03:15:00,blocked,session_reversal_pullback_one_symbol_first120,GBPJPY,SHORT,2025.06.23 03:10:00,3,0,9,tokyo,2025.06.23 00:00,10,first_120min,true,true,3,GBPJPY,highest_score_in_session_bar,tokyo=USDJPY|EURJPY|GBPJPY|AUDJPY,existing_first120_gate,tokyo,false,false,true,passed_first_window,head_and_shoulders,neckline_break_retest,196.44900000,PERIOD_M5,PERIOD_H1,PERIOD_M15,PERIOD_M5,PERIOD_M5,false,htf_soft_alignment,current_post_filter,transcript_post_filter,dow_trend_up_hh_hl,no_ordered_dow_wave3_break,dow_trend_up_hh_hl,no_ordered_dow_wave3_break,false,true,true,SHORT,PERIOD_M5,head_and_shoulders,head_and_shoulders,4.500,none,0.000,head_and_shoulders,4.500,none,0.000,SHORT,false,PERIOD_H1_LONG_dow_trend_up_hh_hl|PERIOD_M15_NONE_no_ordered_dow_wave3_break,true,h1_counter_m15_reversal,true,top_LONG_dow_trend_up_hh_hl|structure_NONE_no_ordered_dow_wave3_break|structure_break_recent_confirmed_swing_break_failed|primary_break_recent_confirmed_swing_break_retest,none,above_75sma_rising,above_75sma_rising,below_75sma_falling,-1,0.00000000,1,196.42700000,false,off,NONE,NONE,0.00000000,0.00000000,0.0000,none,0.000,true,SHORT,return_low_break_or_bos_down,196.38400000,9,196.71300000,196.09700000,false,off,independent,false,,,false,0.0000,none,0.0000,0.0000,none,0.0000,0.0000,0.0000,none,0.0000,0,0,0.0000,none,none,none,none,0.0000,0,0.0000,none,false,true,not_evaluated,true,required_light_or_anchor_flip,long_bias,196.33300000,2025.06.23 00:00:00,196.71300000,2025.06.23 01:00:00,2025.06.23 01:00:00,false,NONE,0.00000000,0.00000000,0.0000,-1,false,,-1,NONE,0.00000000,0.00000000,0.0000,0.0000,none,,none,false,NONE,-1,-1,-1,false,false,none,false,true,false,true,none,true,required,false,PERIOD_M5,,,-1,0.0000,false,0.00000000,0.0000,false,0.0000,false,none,none,false,no_anchor_flip_in_entry_direction,true,required_first_signal_only,SHORT,unknown,0.00000000,,0.00000000,,false,,-1,false,NONE,0.00000000,,0.00000000,0.0000,0.0000,none,-1,false,false,false,no_anchor_flip_in_entry_direction,,,,false,false,false,-1,-1,-1,-1,-1,false,false,false,0.0000,range_n,true,196.71300000,196.09700000,3.5229,false,0.0000,0.0000,0,none,true,0.5698,preferred_382_618,0.200,diagnostic_only,diagnostic_only,diagnostic_only,shallow_pullback,24,0.400,true,none,0.550,high_quality,false,false,diagnostic_only,both,true,none,true,diagnostic_adjacent_detected,required_light,false,false,LONG,8,false,false,0,2025.06.23 01:30:00,2025.06.23 02:30:00,8,2.8330,0.00000000,196.42700000,196.42700000,true,true,m5_hl_close_break_down,196.42700000,true,0.1513,0.4951,true,1,0.2888,false,3,196.42700000,0.0688,off,false,not_evaluated,none,0.8289,0.1711,strong,false,false,false,0.2888,held_no_close_back,true,favorable_side,0.0233,false,clean_retest,1.8978,1.8566,1.0222,0.0000,true,strong_exhaustion,0.0000,none,none,false,false,none,0.0000,0.0000,0.0000,0.0000,none,false,false,0.0000,0.0000,false,false,-1,none,none,false,0.000,0.000,196.44900000,196.42125000,196.42125000,recent_equal_highs,0.02675000,0.2058,neckline_level,196.44900000,0.0138,false,true,true,false,not_blocked,7,4,3,m5_failure_exit,off,none,0.00000000,0.0000,1.30,196.27900000,4.500,-0.300,0.200,PERIOD_M15,196.71300000,196.09700000,0.5698,preferred_382_618,0.000,true,196.44800000,196.57800000,0.13000000,196.27900000,1.300,0.07271429,38.00,0-30,true,false,none,blocked_spread_too_high,4.800,4.800,none,0.0000,false,neckline_retest_failed,false,not_invalidated,spread_too_high
2025.06.23 17:50:00,signal,session_reversal_pullback_one_symbol_first120,AUDJPY,LONG,2025.06.23 17:45:00,17,14,23,london_newyork_overlap,2025.06.23 13:00,105,first_120min,false,true,3,AUDJPY,highest_score_in_session_bar,london_newyork_overlap=USDJPY|EURJPY|GBPJPY|AUDJPY|EURUSD|GBPUSD,existing_first120_gate,london_newyork_overlap,false,false,true,passed_first_window,double_bottom,neckline_break_retest,94.23000000,PERIOD_M5,PERIOD_H1,PERIOD_M15,PERIOD_M5,PERIOD_M5,false,htf_soft_alignment,current_post_filter,transcript_post_filter,dow_range_or_transition,structure_trend_bias_dow_trend_down_ll_lh,dow_range_or_transition,structure_trend_bias_dow_trend_down_ll_lh,false,true,false,LONG,PERIOD_M5,double_bottom,double_bottom,4.200,none,0.000,double_bottom,4.200,none,0.000,LONG,false,PERIOD_H1_NONE_dow_range_or_transition|PERIOD_M15_SHORT_structure_trend_bias_dow_trend_down_ll_lh,true,h1_counter_m15_reversal,true,top_NONE_dow_range_or_transition|structure_SHORT_structure_trend_bias_dow_trend_down_ll_lh|structure_break_recent_confirmed_swing_break_failed|primary_break_recent_confirmed_swing_break_retest,none,above_75sma_rising,above_75sma_rising,below_75sma_falling,-1,0.00000000,0,94.22200000,false,off,NONE,NONE,0.00000000,0.00000000,0.0000,none,0.000,true,LONG,return_high_break_or_bos_up,94.33700000,15,94.43800000,94.09500000,false,off,independent,false,,,false,0.0000,none,0.0000,0.0000,none,0.0000,0.0000,0.0000,none,0.0000,0,0,0.0000,none,none,none,none,0.0000,0,0.0000,none,false,true,not_evaluated,true,required_light_or_anchor_flip,short_bias,93.83400000,2025.06.23 06:45:00,94.43800000,2025.06.23 13:30:00,2025.06.23 15:30:00,false,NONE,0.00000000,0.00000000,0.0000,-1,false,,-1,NONE,0.00000000,0.00000000,0.0000,0.0000,none,,none,false,NONE,-1,-1,-1,false,false,none,false,true,false,true,none,true,required,false,PERIOD_M5,,,-1,0.0000,false,0.00000000,0.0000,false,0.0000,false,none,none,false,no_anchor_flip_in_entry_direction,true,required_first_signal_only,LONG,unknown,0.00000000,,0.00000000,,false,,-1,false,NONE,0.00000000,,0.00000000,0.0000,0.0000,none,-1,false,false,false,no_anchor_flip_in_entry_direction,,,,false,false,false,-1,-1,-1,-1,-1,false,false,false,0.0000,falling_n,false,94.67200000,93.83400000,7.8791,false,0.0000,0.0000,0,none,true,0.6814,deep_618_786,0.120,diagnostic_only,diagnostic_only,diagnostic_only,shallow_pullback,8,0.410,true,none,0.560,high_quality,false,false,diagnostic_only,both,true,none,true,diagnostic_adjacent_detected,required_light,false,false,SHORT,6,false,false,0,2025.06.23 15:40:00,2025.06.23 17:00:00,9,4.2582,94.37300000,0.00000000,94.37300000,false,false,none,0.00000000,false,0.0000,0.0000,false,1,0.0000,false,-1,0.00000000,0.0000,off,false,not_evaluated,none,0.0000,0.0000,none,false,false,false,0.0000,none,false,none,0.0000,false,none,3.8906,1.9453,2.0000,0.0000,true,strong_exhaustion,0.0000,none,none,false,false,none,0.0000,0.0000,0.0000,0.0000,none,false,false,0.0000,0.0000,false,false,-1,none,none,false,0.000,0.000,94.29253333,94.24900000,94.29253333,recent_equal_highs,0.02453333,0.2405,opening_range_high|neckline_level,94.23000000,0.5821,false,true,true,false,not_blocked,5,3,2,m5_failure_exit,off,none,0.00000000,0.0000,1.30,94.40000000,4.200,-0.300,0.200,PERIOD_M15,94.43800000,94.09500000,0.4956,preferred_382_618,0.000,true,94.26800000,94.16600000,0.10200000,94.40000000,1.294,0.06528571,28.00,90-120,true,false,none,not_consumed,4.500,4.500,none,0.0000,false,opposite_break_first,true,opposite_break_first,spread_too_high
2025.06.23 17:50:00,blocked,session_reversal_pullback_one_symbol_first120,AUDJPY,LONG,2025.06.23 17:45:00,17,14,23,london_newyork_overlap,2025.06.23 13:00,105,first_120min,false,true,3,AUDJPY,highest_score_in_session_bar,london_newyork_overlap=USDJPY|EURJPY|GBPJPY|AUDJPY|EURUSD|GBPUSD,existing_first120_gate,london_newyork_overlap,false,false,true,passed_first_window,double_bottom,neckline_break_retest,94.23000000,PERIOD_M5,PERIOD_H1,PERIOD_M15,PERIOD_M5,PERIOD_M5,false,htf_soft_alignment,current_post_filter,transcript_post_filter,dow_range_or_transition,structure_trend_bias_dow_trend_down_ll_lh,dow_range_or_transition,structure_trend_bias_dow_trend_down_ll_lh,false,true,false,LONG,PERIOD_M5,double_bottom,double_bottom,4.200,none,0.000,double_bottom,4.200,none,0.000,LONG,false,PERIOD_H1_NONE_dow_range_or_transition|PERIOD_M15_SHORT_structure_trend_bias_dow_trend_down_ll_lh,true,h1_counter_m15_reversal,true,top_NONE_dow_range_or_transition|structure_SHORT_structure_trend_bias_dow_trend_down_ll_lh|structure_break_recent_confirmed_swing_break_failed|primary_break_recent_confirmed_swing_break_retest,none,above_75sma_rising,above_75sma_rising,below_75sma_falling,-1,0.00000000,0,94.22200000,false,off,NONE,NONE,0.00000000,0.00000000,0.0000,none,0.000,true,LONG,return_high_break_or_bos_up,94.33700000,15,94.43800000,94.09500000,false,off,independent,false,,,false,0.0000,none,0.0000,0.0000,none,0.0000,0.0000,0.0000,none,0.0000,0,0,0.0000,none,none,none,none,0.0000,0,0.0000,none,false,true,not_evaluated,true,required_light_or_anchor_flip,short_bias,93.83400000,2025.06.23 06:45:00,94.43800000,2025.06.23 13:30:00,2025.06.23 15:30:00,false,NONE,0.00000000,0.00000000,0.0000,-1,false,,-1,NONE,0.00000000,0.00000000,0.0000,0.0000,none,,none,false,NONE,-1,-1,-1,false,false,none,false,true,false,true,none,true,required,false,PERIOD_M5,,,-1,0.0000,false,0.00000000,0.0000,false,0.0000,false,none,none,false,no_anchor_flip_in_entry_direction,true,required_first_signal_only,LONG,unknown,0.00000000,,0.00000000,,false,,-1,false,NONE,0.00000000,,0.00000000,0.0000,0.0000,none,-1,false,false,false,no_anchor_flip_in_entry_direction,,,,false,false,false,-1,-1,-1,-1,-1,false,false,false,0.0000,falling_n,false,94.67200000,93.83400000,7.8791,false,0.0000,0.0000,0,none,true,0.6814,deep_618_786,0.120,diagnostic_only,diagnostic_only,diagnostic_only,shallow_pullback,8,0.410,true,none,0.560,high_quality,false,false,diagnostic_only,both,true,none,true,diagnostic_adjacent_detected,required_light,false,false,SHORT,6,false,false,0,2025.06.23 15:40:00,2025.06.23 17:00:00,9,4.2582,94.37300000,0.00000000,94.37300000,false,false,none,0.00000000,false,0.0000,0.0000,false,1,0.0000,false,-1,0.00000000,0.0000,off,false,not_evaluated,none,0.0000,0.0000,none,false,false,false,0.0000,none,false,none,0.0000,false,none,3.8906,1.9453,2.0000,0.0000,true,strong_exhaustion,0.0000,none,none,false,false,none,0.0000,0.0000,0.0000,0.0000,none,false,false,0.0000,0.0000,false,false,-1,none,none,false,0.000,0.000,94.29253333,94.24900000,94.29253333,recent_equal_highs,0.02453333,0.2405,opening_range_high|neckline_level,94.23000000,0.5821,false,true,true,false,not_blocked,5,3,2,m5_failure_exit,off,none,0.00000000,0.0000,1.30,94.40000000,4.200,-0.300,0.200,PERIOD_M15,94.43800000,94.09500000,0.4956,preferred_382_618,0.000,true,94.26800000,94.16600000,0.10200000,94.40000000,1.294,0.06528571,28.00,90-120,true,false,none,blocked_spread_too_high,4.500,4.500,none,0.0000,false,opposite_break_first,true,opposite_break_first,spread_too_high
2025.06.24 03:10:00,signal,session_reversal_pullback_one_symbol_first120,USDJPY,SHORT,2025.06.24 03:05:00,3,0,9,tokyo,2025.06.24 00:00,5,first_120min,true,true,3,USDJPY,highest_score_in_session_bar,tokyo=USDJPY|EURJPY|GBPJPY|AUDJPY,existing_first120_gate,tokyo,false,false,true,passed_first_window,double_top,neckline_break_retest,145.89300000,PERIOD_M5,PERIOD_H1,PERIOD_M15,PERIOD_M5,PERIOD_M5,false,htf_soft_alignment,current_post_filter,transcript_post_filter,dow_range_or_transition,no_ordered_dow_wave3_break,dow_range_or_transition,no_ordered_dow_wave3_break,false,false,true,SHORT,PERIOD_M5,double_top,double_top,4.200,none,0.000,double_top,4.200,none,0.000,SHORT,false,PERIOD_H1_NONE_dow_range_or_transition|PERIOD_M15_NONE_no_ordered_dow_wave3_break,true,h1_counter_m15_reversal,true,top_NONE_dow_range_or_transition|structure_NONE_no_ordered_dow_wave3_break|structure_break_recent_confirmed_swing_break_failed|primary_break_recent_confirmed_swing_break_failed,none,near_75sma,below_75sma_falling,below_75sma_falling,-1,0.00000000,-1,0.00000000,false,off,NONE,NONE,0.00000000,0.00000000,0.0000,none,0.000,true,SHORT,return_low_break_or_bos_down,145.75200000,1,146.27800000,145.72600000,false,off,independent,false,,,false,0.0000,none,0.0000,0.0000,none,0.0000,0.0000,0.0000,none,0.0000,0,0,0.0000,none,none,none,none,0.0000,0,0.0000,none,false,true,not_evaluated,true,required_light_or_anchor_flip,short_bias,146.01300000,2025.06.24 00:00:00,146.17100000,2025.06.24 01:00:00,2025.06.24 01:15:00,false,NONE,0.00000000,0.00000000,0.0000,-1,false,,-1,NONE,0.00000000,0.00000000,0.0000,0.0000,none,,none,false,NONE,-1,-1,-1,false,false,none,true,false,false,true,none,true,required,false,PERIOD_M5,,,-1,0.0000,false,0.00000000,0.0000,false,0.0000,false,none,none,false,no_anchor_flip_in_entry_direction,true,required_first_signal_only,SHORT,unknown,0.00000000,,0.00000000,,false,,-1,false,NONE,0.00000000,,0.00000000,0.0000,0.0000,none,-1,false,false,false,no_anchor_flip_in_entry_direction,,,,false,false,false,-1,-1,-1,-1,-1,false,false,false,0.0000,falling_n,false,146.17100000,145.75200000,2.8297,false,0.0000,0.0000,0,none,true,0.2663,shallow_236_382,0.080,diagnostic_only,diagnostic_only,diagnostic_only,shallow_pullback,24,0.280,true,none,0.430,high_quality,false,false,diagnostic_only,both,true,none,true,diagnostic_adjacent_detected,required_light,false,false,LONG,5,false,false,0,2025.06.24 01:00:00,2025.06.24 02:45:00,4,4.3256,0.00000000,145.68900000,145.68900000,false,false,none,0.00000000,false,0.0000,0.0000,false,1,0.0000,false,-1,0.00000000,0.0000,off,false,not_evaluated,none,0.0000,0.0000,none,false,false,false,0.0000,none,false,none,0.0000,false,none,3.1500,3.7603,0.8377,0.0000,true,strong_exhaustion,0.0000,none,none,false,false,none,0.0000,0.0000,0.0000,0.0000,none,false,false,0.0000,0.0000,false,false,-1,none,none,false,0.000,0.000,145.89300000,145.85000000,145.85000000,recent_rejection_zone,0.02300000,0.1230,neckline_level,145.89300000,0.1795,false,true,true,false,not_blocked,9,5,4,m5_failure_exit,off,none,0.00000000,0.0000,1.30,145.63000000,4.200,-0.300,0.200,PERIOD_M15,146.17100000,145.75200000,0.2888,outside,0.000,true,145.87300000,146.06000000,0.18700000,145.63000000,1.299,0.11142857,17.00,0-30,true,false,none,not_consumed,4.300,4.300,none,0.0000,false,neckline_retest_failed,false,not_invalidated,
2025.06.24 03:10:00,order_sent,session_reversal_pullback_one_symbol_first120,USDJPY,SHORT,2025.06.24 03:05:00,3,0,9,tokyo,2025.06.24 00:00,5,first_120min,true,true,3,USDJPY,highest_score_in_session_bar,tokyo=USDJPY|EURJPY|GBPJPY|AUDJPY,existing_first120_gate,tokyo,false,false,true,passed_first_window,double_top,neckline_break_retest,145.89300000,PERIOD_M5,PERIOD_H1,PERIOD_M15,PERIOD_M5,PERIOD_M5,false,htf_soft_alignment,current_post_filter,transcript_post_filter,dow_range_or_transition,no_ordered_dow_wave3_break,dow_range_or_transition,no_ordered_dow_wave3_break,false,false,true,SHORT,PERIOD_M5,double_top,double_top,4.200,none,0.000,double_top,4.200,none,0.000,SHORT,false,PERIOD_H1_NONE_dow_range_or_transition|PERIOD_M15_NONE_no_ordered_dow_wave3_break,true,h1_counter_m15_reversal,true,top_NONE_dow_range_or_transition|structure_NONE_no_ordered_dow_wave3_break|structure_break_recent_confirmed_swing_break_failed|primary_break_recent_confirmed_swing_break_failed,none,near_75sma,below_75sma_falling,below_75sma_falling,-1,0.00000000,-1,0.00000000,false,off,NONE,NONE,0.00000000,0.00000000,0.0000,none,0.000,true,SHORT,return_low_break_or_bos_down,145.75200000,1,146.27800000,145.72600000,false,off,independent,false,,,false,0.0000,none,0.0000,0.0000,none,0.0000,0.0000,0.0000,none,0.0000,0,0,0.0000,none,none,none,none,0.0000,0,0.0000,none,false,true,not_evaluated,true,required_light_or_anchor_flip,short_bias,146.01300000,2025.06.24 00:00:00,146.17100000,2025.06.24 01:00:00,2025.06.24 01:15:00,false,NONE,0.00000000,0.00000000,0.0000,-1,false,,-1,NONE,0.00000000,0.00000000,0.0000,0.0000,none,,none,false,NONE,-1,-1,-1,false,false,none,true,false,false,true,none,true,required,false,PERIOD_M5,,,-1,0.0000,false,0.00000000,0.0000,false,0.0000,false,none,none,false,no_anchor_flip_in_entry_direction,true,required_first_signal_only,SHORT,unknown,0.00000000,,0.00000000,,false,,-1,false,NONE,0.00000000,,0.00000000,0.0000,0.0000,none,-1,false,false,false,no_anchor_flip_in_entry_direction,,,,false,false,false,-1,-1,-1,-1,-1,false,false,false,0.0000,falling_n,false,146.17100000,145.75200000,2.8297,false,0.0000,0.0000,0,none,true,0.2663,shallow_236_382,0.080,diagnostic_only,diagnostic_only,diagnostic_only,shallow_pullback,24,0.280,true,none,0.430,high_quality,false,false,diagnostic_only,both,true,none,true,diagnostic_adjacent_detected,required_light,false,false,LONG,5,false,false,0,2025.06.24 01:00:00,2025.06.24 02:45:00,4,4.3256,0.00000000,145.68900000,145.68900000,false,false,none,0.00000000,false,0.0000,0.0000,false,1,0.0000,false,-1,0.00000000,0.0000,off,false,not_evaluated,none,0.0000,0.0000,none,false,false,false,0.0000,none,false,none,0.0000,false,none,3.1500,3.7603,0.8377,0.0000,true,strong_exhaustion,0.0000,none,none,false,false,none,0.0000,0.0000,0.0000,0.0000,none,false,false,0.0000,0.0000,false,false,-1,none,none,false,0.000,0.000,145.89300000,145.85000000,145.85000000,recent_rejection_zone,0.02300000,0.1230,neckline_level,145.89300000,0.1795,false,true,true,false,not_blocked,9,5,4,m5_failure_exit,off,none,0.00000000,0.0000,1.30,145.63000000,4.200,-0.300,0.200,PERIOD_M15,146.17100000,145.75200000,0.2888,outside,0.000,true,145.87300000,146.06000000,0.18700000,145.63000000,1.299,0.11142857,17.00,0-30,true,false,none,order_sent,4.300,4.300,none,0.0000,false,neckline_retest_failed,false,not_invalidated,
2025.06.24 10:40:00,signal,session_reversal_pullback_one_symbol_first120,EURUSD,LONG,2025.06.24 10:35:00,10,7,16,london,2025.06.24 07:00,35,first_120min,true,true,3,EURUSD,highest_score_in_session_bar,london=USDJPY|EURJPY|GBPJPY|AUDJPY|EURUSD|GBPUSD,existing_first120_gate,london,false,false,true,passed_first_window,sweep_low_reclaim,sweep_reclaim_retest,1.15959000,PERIOD_M5,PERIOD_H1,PERIOD_M15,PERIOD_M5,PERIOD_M5,false,htf_soft_alignment,current_post_filter,transcript_post_filter,dow_range_or_transition,structure_trend_bias_dow_trend_up_hh_hl,dow_range_or_transition,structure_trend_bias_dow_trend_up_hh_hl,false,true,false,LONG,PERIOD_M5,sweep_low_reclaim,sweep_low_reclaim,3.400,none,0.000,sweep_low_reclaim,3.400,none,0.000,LONG,false,PERIOD_H1_NONE_dow_range_or_transition|PERIOD_M15_LONG_structure_trend_bias_dow_trend_up_hh_hl,true,h1_counter_m15_reversal,true,top_NONE_dow_range_or_transition|structure_LONG_structure_trend_bias_dow_trend_up_hh_hl|structure_break_recent_confirmed_swing_break_failed|primary_break_recent_confirmed_swing_break_failed,none,above_75sma_rising,above_75sma_rising,below_75sma_falling,-1,0.00000000,-1,0.00000000,false,off,NONE,NONE,0.00000000,0.00000000,0.0000,none,0.000,true,LONG,return_high_break_or_bos_up,1.16135000,4,1.16216000,1.15858000,false,off,independent,false,,,false,0.0000,none,0.0000,0.0000,none,0.0000,0.0000,0.0000,none,0.0000,0,0,0.0000,none,none,none,none,0.0000,0,0.0000,none,false,true,not_evaluated,true,required_light_or_anchor_flip,long_bias,1.16004000,2025.06.24 08:30:00,1.16081000,2025.06.24 03:45:00,2025.06.24 09:15:00,false,NONE,0.00000000,0.00000000,0.0000,-1,false,,-1,NONE,0.00000000,0.00000000,0.0000,0.0000,none,,none,false,NONE,-1,-1,-1,false,false,none,true,false,false,true,none,true,required,false,PERIOD_M5,,,-1,0.0000,false,0.00000000,0.0000,false,0.0000,false,none,none,false,no_anchor_flip_in_entry_direction,true,required_first_signal_only,LONG,unknown,0.00000000,,0.00000000,,false,,-1,false,NONE,0.00000000,,0.00000000,0.0000,0.0000,none,-1,false,false,false,no_anchor_flip_in_entry_direction,,,,false,false,false,-1,-1,-1,-1,-1,false,false,false,0.0000,rising_n,false,1.16216000,1.15858000,3.8584,false,0.0000,0.0000,0,none,true,0.6564,deep_618_786,0.120,diagnostic_only,diagnostic_only,diagnostic_only,fib_pullback,24,0.320,true,none,0.470,medium_quality,false,false,diagnostic_only,both,true,none,true,diagnostic_adjacent_detected,required_light,false,false,SHORT,3,false,false,0,,,-1,0.0000,0.00000000,0.00000000,0.00000000,false,false,none,0.00000000,false,0.0000,0.0000,false,1,0.0000,false,-1,0.00000000,0.0000,off,false,not_evaluated,none,0.0000,0.0000,none,false,false,false,0.0000,none,false,none,0.0000,false,none,0.0000,0.0000,0.0000,0.0000,false,none,0.0000,none,none,false,false,none,0.0000,0.0000,0.0000,0.0000,none,false,false,0.0000,0.0000,false,false,-1,none,none,false,0.000,0.000,1.16004000,1.15959000,1.16004000,structure_confirmed_swing_low,0.00023000,0.1271,neckline_level,1.15959000,0.3089,false,true,true,false,not_blocked,12,8,4,m5_failure_exit,off,none,0.00000000,0.0000,1.30,1.16216000,3.400,-0.300,0.200,PERIOD_M15,1.16216000,1.16004000,1.1085,outside,0.000,true,1.15981000,1.15800000,0.00181000,1.16216000,1.298,0.00071214,18.00,30-60,true,false,none,not_consumed,3.500,3.500,none,0.0000,false,opposite_break_first,true,opposite_break_first,spread_too_high
2025.06.24 10:40:00,blocked,session_reversal_pullback_one_symbol_first120,EURUSD,LONG,2025.06.24 10:35:00,10,7,16,london,2025.06.24 07:00,35,first_120min,true,true,3,EURUSD,highest_score_in_session_bar,london=USDJPY|EURJPY|GBPJPY|AUDJPY|EURUSD|GBPUSD,existing_first120_gate,london,false,false,true,passed_first_window,sweep_low_reclaim,sweep_reclaim_retest,1.15959000,PERIOD_M5,PERIOD_H1,PERIOD_M15,PERIOD_M5,PERIOD_M5,false,htf_soft_alignment,current_post_filter,transcript_post_filter,dow_range_or_transition,structure_trend_bias_dow_trend_up_hh_hl,dow_range_or_transition,structure_trend_bias_dow_trend_up_hh_hl,false,true,false,LONG,PERIOD_M5,sweep_low_reclaim,sweep_low_reclaim,3.400,none,0.000,sweep_low_reclaim,3.400,none,0.000,LONG,false,PERIOD_H1_NONE_dow_range_or_transition|PERIOD_M15_LONG_structure_trend_bias_dow_trend_up_hh_hl,true,h1_counter_m15_reversal,true,top_NONE_dow_range_or_transition|structure_LONG_structure_trend_bias_dow_trend_up_hh_hl|structure_break_recent_confirmed_swing_break_failed|primary_break_recent_confirmed_swing_break_failed,none,above_75sma_rising,above_75sma_rising,below_75sma_falling,-1,0.00000000,-1,0.00000000,false,off,NONE,NONE,0.00000000,0.00000000,0.0000,none,0.000,true,LONG,return_high_break_or_bos_up,1.16135000,4,1.16216000,1.15858000,false,off,independent,false,,,false,0.0000,none,0.0000,0.0000,none,0.0000,0.0000,0.0000,none,0.0000,0,0,0.0000,none,none,none,none,0.0000,0,0.0000,none,false,true,not_evaluated,true,required_light_or_anchor_flip,long_bias,1.16004000,2025.06.24 08:30:00,1.16081000,2025.06.24 03:45:00,2025.06.24 09:15:00,false,NONE,0.00000000,0.00000000,0.0000,-1,false,,-1,NONE,0.00000000,0.00000000,0.0000,0.0000,none,,none,false,NONE,-1,-1,-1,false,false,none,true,false,false,true,none,true,required,false,PERIOD_M5,,,-1,0.0000,false,0.00000000,0.0000,false,0.0000,false,none,none,false,no_anchor_flip_in_entry_direction,true,required_first_signal_only,LONG,unknown,0.00000000,,0.00000000,,false,,-1,false,NONE,0.00000000,,0.00000000,0.0000,0.0000,none,-1,false,false,false,no_anchor_flip_in_entry_direction,,,,false,false,false,-1,-1,-1,-1,-1,false,false,false,0.0000,rising_n,false,1.16216000,1.15858000,3.8584,false,0.0000,0.0000,0,none,true,0.6564,deep_618_786,0.120,diagnostic_only,diagnostic_only,diagnostic_only,fib_pullback,24,0.320,true,none,0.470,medium_quality,false,false,diagnostic_only,both,true,none,true,diagnostic_adjacent_detected,required_light,false,false,SHORT,3,false,false,0,,,-1,0.0000,0.00000000,0.00000000,0.00000000,false,false,none,0.00000000,false,0.0000,0.0000,false,1,0.0000,false,-1,0.00000000,0.0000,off,false,not_evaluated,none,0.0000,0.0000,none,false,false,false,0.0000,none,false,none,0.0000,false,none,0.0000,0.0000,0.0000,0.0000,false,none,0.0000,none,none,false,false,none,0.0000,0.0000,0.0000,0.0000,none,false,false,0.0000,0.0000,false,false,-1,none,none,false,0.000,0.000,1.16004000,1.15959000,1.16004000,structure_confirmed_swing_low,0.00023000,0.1271,neckline_level,1.15959000,0.3089,false,true,true,false,not_blocked,12,8,4,m5_failure_exit,off,none,0.00000000,0.0000,1.30,1.16216000,3.400,-0.300,0.200,PERIOD_M15,1.16216000,1.16004000,1.1085,outside,0.000,true,1.15981000,1.15800000,0.00181000,1.16216000,1.298,0.00071214,18.00,30-60,true,false,none,blocked_spread_too_high,3.500,3.500,none,0.0000,false,opposite_break_first,true,opposite_break_first,spread_too_high
2025.06.24 19:10:00,signal,session_reversal_pullback_one_symbol_first120,EURUSD,SHORT,2025.06.24 19:05:00,19,16,1,new_york,2025.06.24 16:00,5,first_120min,true,true,3,EURUSD,highest_score_in_session_bar,new_york=USDJPY|EURJPY|GBPJPY|AUDJPY|EURUSD|GBPUSD,existing_first120_gate,new_york,false,false,true,passed_first_window,head_and_shoulders,neckline_break_retest,1.16096000,PERIOD_M5,PERIOD_H1,PERIOD_M15,PERIOD_M5,PERIOD_M5,false,htf_soft_alignment,current_post_filter,transcript_post_filter,dow_trend_up_hh_hl,no_ordered_dow_wave3_break,dow_trend_up_hh_hl,no_ordered_dow_wave3_break,false,false,true,SHORT,PERIOD_M5,head_and_shoulders,head_and_shoulders,4.500,none,0.000,head_and_shoulders,4.500,none,0.000,SHORT,false,PERIOD_H1_LONG_dow_trend_up_hh_hl|PERIOD_M15_NONE_no_ordered_dow_wave3_break,true,h1_counter_m15_reversal,true,top_LONG_dow_trend_up_hh_hl|structure_NONE_no_ordered_dow_wave3_break|structure_break_recent_confirmed_swing_break_failed|primary_break_recent_confirmed_swing_break_retest,none,above_75sma_rising,above_75sma_rising,below_75sma_falling,-1,0.00000000,0,1.16108000,false,off,NONE,NONE,0.00000000,0.00000000,0.0000,none,0.000,true,SHORT,return_low_break_or_bos_down,1.15936000,8,1.16409000,1.15815000,false,off,independent,false,,,false,0.0000,none,0.0000,0.0000,none,0.0000,0.0000,0.0000,none,0.0000,0,0,0.0000,none,none,none,none,0.0000,0,0.0000,none,false,true,not_evaluated,true,required_light_or_anchor_flip,long_bias,1.15815000,2025.06.24 16:30:00,1.16144000,2025.06.24 14:30:00,2025.06.24 17:15:00,false,NONE,0.00000000,0.00000000,0.0000,-1,false,,-1,NONE,0.00000000,0.00000000,0.0000,0.0000,none,,none,false,NONE,-1,-1,-1,false,false,none,false,true,false,true,none,true,required,false,PERIOD_M5,,,-1,0.0000,false,0.00000000,0.0000,false,0.0000,false,none,none,false,no_anchor_flip_in_entry_direction,true,required_first_signal_only,SHORT,unknown,0.00000000,,0.00000000,,false,,-1,false,NONE,0.00000000,,0.00000000,0.0000,0.0000,none,-1,false,false,false,no_anchor_flip_in_entry_direction,,,,false,false,false,-1,-1,-1,-1,-1,false,false,false,0.0000,range_n,true,1.16409000,1.15794000,4.2666,false,0.0000,0.0000,0,none,true,0.3956,preferred_382_618,0.200,diagnostic_only,diagnostic_only,diagnostic_only,fib_pullback,6,0.440,true,none,0.590,high_quality,false,false,diagnostic_only,both,true,none,true,diagnostic_adjacent_detected,required_light,false,false,LONG,4,false,false,1,2025.06.24 16:30:00,2025.06.24 18:20:00,9,9.4932,0.00000000,1.16108000,1.16108000,true,true,m5_hl_close_break_down,1.16108000,true,0.7192,0.8630,true,1,0.0000,true,2,1.16108000,0.0479,off,false,not_evaluated,none,0.6100,0.0600,strong,true,false,false,0.0000,held_clean,true,favorable_side,0.2000,true,clean_retest,3.9795,9.4932,0.4192,0.0000,true,strong_exhaustion,0.0000,none,none,false,false,none,0.0000,0.0000,0.0000,0.0000,none,false,false,0.0000,0.0000,false,false,-1,none,none,false,0.000,0.000,1.16057000,1.16047000,1.16000000,round_number,0.00050000,0.2825,session_low|opening_range_low|neckline_level,1.16047000,0.0479,false,false,true,false,not_blocked,1,0,1,m5_failure_exit,off,none,0.00000000,0.0000,1.30,1.15820000,4.500,-0.300,0.200,PERIOD_M15,1.16409000,1.15815000,0.3956,preferred_382_618,0.000,true,1.16050000,1.16227000,0.00177000,1.15820000,1.299,0.00062571,18.00,0-30,true,false,none,not_consumed,4.800,4.800,none,0.0000,false,neckline_retest_failed,false,not_invalidated,spread_too_high
2025.06.24 19:10:00,blocked,session_reversal_pullback_one_symbol_first120,EURUSD,SHORT,2025.06.24 19:05:00,19,16,1,new_york,2025.06.24 16:00,5,first_120min,true,true,3,EURUSD,highest_score_in_session_bar,new_york=USDJPY|EURJPY|GBPJPY|AUDJPY|EURUSD|GBPUSD,existing_first120_gate,new_york,false,false,true,passed_first_window,head_and_shoulders,neckline_break_retest,1.16096000,PERIOD_M5,PERIOD_H1,PERIOD_M15,PERIOD_M5,PERIOD_M5,false,htf_soft_alignment,current_post_filter,transcript_post_filter,dow_trend_up_hh_hl,no_ordered_dow_wave3_break,dow_trend_up_hh_hl,no_ordered_dow_wave3_break,false,false,true,SHORT,PERIOD_M5,head_and_shoulders,head_and_shoulders,4.500,none,0.000,head_and_shoulders,4.500,none,0.000,SHORT,false,PERIOD_H1_LONG_dow_trend_up_hh_hl|PERIOD_M15_NONE_no_ordered_dow_wave3_break,true,h1_counter_m15_reversal,true,top_LONG_dow_trend_up_hh_hl|structure_NONE_no_ordered_dow_wave3_break|structure_break_recent_confirmed_swing_break_failed|primary_break_recent_confirmed_swing_break_retest,none,above_75sma_rising,above_75sma_rising,below_75sma_falling,-1,0.00000000,0,1.16108000,false,off,NONE,NONE,0.00000000,0.00000000,0.0000,none,0.000,true,SHORT,return_low_break_or_bos_down,1.15936000,8,1.16409000,1.15815000,false,off,independent,false,,,false,0.0000,none,0.0000,0.0000,none,0.0000,0.0000,0.0000,none,0.0000,0,0,0.0000,none,none,none,none,0.0000,0,0.0000,none,false,true,not_evaluated,true,required_light_or_anchor_flip,long_bias,1.15815000,2025.06.24 16:30:00,1.16144000,2025.06.24 14:30:00,2025.06.24 17:15:00,false,NONE,0.00000000,0.00000000,0.0000,-1,false,,-1,NONE,0.00000000,0.00000000,0.0000,0.0000,none,,none,false,NONE,-1,-1,-1,false,false,none,false,true,false,true,none,true,required,false,PERIOD_M5,,,-1,0.0000,false,0.00000000,0.0000,false,0.0000,false,none,none,false,no_anchor_flip_in_entry_direction,true,required_first_signal_only,SHORT,unknown,0.00000000,,0.00000000,,false,,-1,false,NONE,0.00000000,,0.00000000,0.0000,0.0000,none,-1,false,false,false,no_anchor_flip_in_entry_direction,,,,false,false,false,-1,-1,-1,-1,-1,false,false,false,0.0000,range_n,true,1.16409000,1.15794000,4.2666,false,0.0000,0.0000,0,none,true,0.3956,preferred_382_618,0.200,diagnostic_only,diagnostic_only,diagnostic_only,fib_pullback,6,0.440,true,none,0.590,high_quality,false,false,diagnostic_only,both,true,none,true,diagnostic_adjacent_detected,required_light,false,false,LONG,4,false,false,1,2025.06.24 16:30:00,2025.06.24 18:20:00,9,9.4932,0.00000000,1.16108000,1.16108000,true,true,m5_hl_close_break_down,1.16108000,true,0.7192,0.8630,true,1,0.0000,true,2,1.16108000,0.0479,off,false,not_evaluated,none,0.6100,0.0600,strong,true,false,false,0.0000,held_clean,true,favorable_side,0.2000,true,clean_retest,3.9795,9.4932,0.4192,0.0000,true,strong_exhaustion,0.0000,none,none,false,false,none,0.0000,0.0000,0.0000,0.0000,none,false,false,0.0000,0.0000,false,false,-1,none,none,false,0.000,0.000,1.16057000,1.16047000,1.16000000,round_number,0.00050000,0.2825,session_low|opening_range_low|neckline_level,1.16047000,0.0479,false,false,true,false,not_blocked,1,0,1,m5_failure_exit,off,none,0.00000000,0.0000,1.30,1.15820000,4.500,-0.300,0.200,PERIOD_M15,1.16409000,1.15815000,0.3956,preferred_382_618,0.000,true,1.16050000,1.16227000,0.00177000,1.15820000,1.299,0.00062571,18.00,0-30,true,false,none,blocked_spread_too_high,4.800,4.800,none,0.0000,false,neckline_retest_failed,false,not_invalidated,spread_too_high
2025.06.25 03:10:00,signal,session_reversal_pullback_one_symbol_first120,GBPJPY,SHORT,2025.06.25 03:05:00,3,0,9,tokyo,2025.06.25 00:00,5,first_120min,true,true,3,GBPJPY,highest_score_in_session_bar,tokyo=USDJPY|EURJPY|GBPJPY|AUDJPY,existing_first120_gate,tokyo,false,false,true,passed_first_window,head_and_shoulders,neckline_break_retest,197.25900000,PERIOD_M5,PERIOD_H1,PERIOD_M15,PERIOD_M5,PERIOD_M5,false,htf_soft_alignment,current_post_filter,transcript_post_filter,dow_range_or_transition,structure_trend_bias_dow_trend_down_ll_lh,dow_range_or_transition,structure_trend_bias_dow_trend_down_ll_lh,false,false,true,SHORT,PERIOD_M5,head_and_shoulders,head_and_shoulders,4.500,none,0.000,head_and_shoulders,4.500,none,0.000,SHORT,false,PERIOD_H1_NONE_dow_range_or_transition|PERIOD_M15_SHORT_structure_trend_bias_dow_trend_down_ll_lh,true,h1_counter_m15_reversal,true,top_NONE_dow_range_or_transition|structure_SHORT_structure_trend_bias_dow_trend_down_ll_lh|structure_break_recent_confirmed_swing_break_failed|primary_break_recent_confirmed_swing_break_retest,none,above_75sma_rising,above_75sma_flat_or_falling,below_75sma_falling,-1,0.00000000,8,197.16700000,false,off,NONE,NONE,0.00000000,0.00000000,0.0000,none,0.000,true,SHORT,return_low_break_or_bos_down,197.12100000,8,197.33000000,196.96000000,false,off,independent,false,,,false,0.0000,none,0.0000,0.0000,none,0.0000,0.0000,0.0000,none,0.0000,0,0,0.0000,none,none,none,none,0.0000,0,0.0000,none,false,true,not_evaluated,true,required_light_or_anchor_flip,short_bias,196.94900000,2025.06.24 17:45:00,197.34900000,2025.06.25 00:00:00,2025.06.25 01:00:00,false,NONE,0.00000000,0.00000000,0.0000,-1,false,,-1,NONE,0.00000000,0.00000000,0.0000,0.0000,none,,none,false,NONE,-1,-1,-1,false,false,none,true,false,false,true,none,true,required,false,PERIOD_M5,,,-1,0.0000,false,0.00000000,0.0000,false,0.0000,false,none,none,false,no_anchor_flip_in_entry_direction,true,required_first_signal_only,SHORT,unknown,0.00000000,,0.00000000,,false,,-1,false,NONE,0.00000000,,0.00000000,0.0000,0.0000,none,-1,false,false,false,no_anchor_flip_in_entry_direction,,,,false,false,false,-1,-1,-1,-1,-1,false,false,false,0.0000,falling_n,false,197.34900000,196.96000000,2.9972,false,0.0000,0.0000,0,none,true,0.5784,preferred_382_618,0.200,diagnostic_only,diagnostic_only,diagnostic_only,shallow_pullback,4,0.440,true,none,0.590,high_quality,false,false,diagnostic_only,both,true,none,true,diagnostic_adjacent_detected,required_light,false,false,LONG,5,false,false,1,2025.06.25 01:15:00,2025.06.25 02:25:00,8,2.7233,0.00000000,197.12400000,197.12400000,false,false,none,0.00000000,false,0.0000,0.0000,false,1,0.0000,false,-1,0.00000000,0.0000,off,false,not_evaluated,none,0.0000,0.0000,none,false,false,false,0.0000,none,false,none,0.0000,false,none,2.7233,1.7054,1.5969,0.4495,false,no_shrink,0.0000,none,none,false,false,none,0.0000,0.0000,0.0000,0.0000,none,false,false,0.0000,0.0000,false,false,-1,none,none,false,0.000,0.000,197.25172727,197.16000000,197.15700000,wick_cluster_zone,0.02800000,0.1830,session_low|opening_range_low|neckline_level,197.16000000,0.3305,false,true,true,false,not_blocked,4,2,2,m5_failure_exit,off,none,0.00000000,0.0000,1.30,196.98700000,4.500,-0.300,0.200,PERIOD_M15,197.33000000,196.96000000,0.6081,preferred_382_618,0.000,true,197.18500000,197.33800000,0.15300000,196.98700000,1.294,0.07564286,38.00,0-30,true,false,none,not_consumed,4.800,4.800,none,0.0000,false,neckline_retest_failed,false,not_invalidated,spread_too_high
2025.06.25 03:10:00,blocked,session_reversal_pullback_one_symbol_first120,GBPJPY,SHORT,2025.06.25 03:05:00,3,0,9,tokyo,2025.06.25 00:00,5,first_120min,true,true,3,GBPJPY,highest_score_in_session_bar,tokyo=USDJPY|EURJPY|GBPJPY|AUDJPY,existing_first120_gate,tokyo,false,false,true,passed_first_window,head_and_shoulders,neckline_break_retest,197.25900000,PERIOD_M5,PERIOD_H1,PERIOD_M15,PERIOD_M5,PERIOD_M5,false,htf_soft_alignment,current_post_filter,transcript_post_filter,dow_range_or_transition,structure_trend_bias_dow_trend_down_ll_lh,dow_range_or_transition,structure_trend_bias_dow_trend_down_ll_lh,false,false,true,SHORT,PERIOD_M5,head_and_shoulders,head_and_shoulders,4.500,none,0.000,head_and_shoulders,4.500,none,0.000,SHORT,false,PERIOD_H1_NONE_dow_range_or_transition|PERIOD_M15_SHORT_structure_trend_bias_dow_trend_down_ll_lh,true,h1_counter_m15_reversal,true,top_NONE_dow_range_or_transition|structure_SHORT_structure_trend_bias_dow_trend_down_ll_lh|structure_break_recent_confirmed_swing_break_failed|primary_break_recent_confirmed_swing_break_retest,none,above_75sma_rising,above_75sma_flat_or_falling,below_75sma_falling,-1,0.00000000,8,197.16700000,false,off,NONE,NONE,0.00000000,0.00000000,0.0000,none,0.000,true,SHORT,return_low_break_or_bos_down,197.12100000,8,197.33000000,196.96000000,false,off,independent,false,,,false,0.0000,none,0.0000,0.0000,none,0.0000,0.0000,0.0000,none,0.0000,0,0,0.0000,none,none,none,none,0.0000,0,0.0000,none,false,true,not_evaluated,true,required_light_or_anchor_flip,short_bias,196.94900000,2025.06.24 17:45:00,197.34900000,2025.06.25 00:00:00,2025.06.25 01:00:00,false,NONE,0.00000000,0.00000000,0.0000,-1,false,,-1,NONE,0.00000000,0.00000000,0.0000,0.0000,none,,none,false,NONE,-1,-1,-1,false,false,none,true,false,false,true,none,true,required,false,PERIOD_M5,,,-1,0.0000,false,0.00000000,0.0000,false,0.0000,false,none,none,false,no_anchor_flip_in_entry_direction,true,required_first_signal_only,SHORT,unknown,0.00000000,,0.00000000,,false,,-1,false,NONE,0.00000000,,0.00000000,0.0000,0.0000,none,-1,false,false,false,no_anchor_flip_in_entry_direction,,,,false,false,false,-1,-1,-1,-1,-1,false,false,false,0.0000,falling_n,false,197.34900000,196.96000000,2.9972,false,0.0000,0.0000,0,none,true,0.5784,preferred_382_618,0.200,diagnostic_only,diagnostic_only,diagnostic_only,shallow_pullback,4,0.440,true,none,0.590,high_quality,false,false,diagnostic_only,both,true,none,true,diagnostic_adjacent_detected,required_light,false,false,LONG,5,false,false,1,2025.06.25 01:15:00,2025.06.25 02:25:00,8,2.7233,0.00000000,197.12400000,197.12400000,false,false,none,0.00000000,false,0.0000,0.0000,false,1,0.0000,false,-1,0.00000000,0.0000,off,false,not_evaluated,none,0.0000,0.0000,none,false,false,false,0.0000,none,false,none,0.0000,false,none,2.7233,1.7054,1.5969,0.4495,false,no_shrink,0.0000,none,none,false,false,none,0.0000,0.0000,0.0000,0.0000,none,false,false,0.0000,0.0000,false,false,-1,none,none,false,0.000,0.000,197.25172727,197.16000000,197.15700000,wick_cluster_zone,0.02800000,0.1830,session_low|opening_range_low|neckline_level,197.16000000,0.3305,false,true,true,false,not_blocked,4,2,2,m5_failure_exit,off,none,0.00000000,0.0000,1.30,196.98700000,4.500,-0.300,0.200,PERIOD_M15,197.33000000,196.96000000,0.6081,preferred_382_618,0.000,true,197.18500000,197.33800000,0.15300000,196.98700000,1.294,0.07564286,38.00,0-30,true,false,none,blocked_spread_too_high,4.800,4.800,none,0.0000,false,neckline_retest_failed,false,not_invalidated,spread_too_high
2025.06.25 11:50:00,signal,session_reversal_pullback_one_symbol_first120,GBPUSD,LONG,2025.06.25 11:45:00,11,8,17,london,2025.06.25 07:00,105,first_120min,false,true,3,GBPUSD,highest_score_in_session_bar,london=USDJPY|EURJPY|GBPJPY|AUDJPY|EURUSD|GBPUSD,existing_first120_gate,london,true,false,true,passed_first_window,double_bottom,neckline_break_retest,1.36185000,PERIOD_M5,PERIOD_H1,PERIOD_M15,PERIOD_M5,PERIOD_M5,false,htf_soft_alignment,current_post_filter,transcript_post_filter,dow_range_or_transition,structure_trend_bias_dow_trend_up_hh_hl,dow_range_or_transition,structure_trend_bias_dow_trend_up_hh_hl,false,true,true,LONG,PERIOD_M5,double_bottom,double_bottom,4.200,none,0.000,double_bottom,4.200,none,0.000,LONG,false,PERIOD_H1_NONE_dow_range_or_transition|PERIOD_M15_LONG_structure_trend_bias_dow_trend_up_hh_hl,true,h1_counter_m15_reversal,true,top_NONE_dow_range_or_transition|structure_LONG_structure_trend_bias_dow_trend_up_hh_hl|structure_break_recent_confirmed_swing_break_failed|primary_break_recent_confirmed_swing_break_retest,none,above_75sma_rising,below_75sma_flat_or_rising,above_75sma_flat_or_falling,-1,0.00000000,0,1.36183000,false,off,NONE,NONE,0.00000000,0.00000000,0.0000,none,0.000,true,LONG,return_high_break_or_bos_up,1.36282000,4,1.36327000,1.36054000,false,off,independent,false,,,false,0.0000,none,0.0000,0.0000,none,0.0000,0.0000,0.0000,none,0.0000,0,0,0.0000,none,none,none,none,0.0000,0,0.0000,none,false,true,not_evaluated,true,required_light_or_anchor_flip,short_bias,1.36132000,2025.06.25 10:00:00,1.36327000,2025.06.25 10:30:00,2025.06.25 10:45:00,false,NONE,0.00000000,0.00000000,0.0000,-1,false,,-1,NONE,0.00000000,0.00000000,0.0000,0.0000,none,,none,false,NONE,-1,-1,-1,false,false,none,false,true,false,true,none,true,required,false,PERIOD_M5,,,-1,0.0000,false,0.00000000,0.0000,false,0.0000,false,none,none,false,no_anchor_flip_in_entry_direction,true,required_first_signal_only,LONG,unknown,0.00000000,,0.00000000,,false,,-1,false,NONE,0.00000000,,0.00000000,0.0000,0.0000,none,-1,false,false,false,no_anchor_flip_in_entry_direction,,,,false,false,false,-1,-1,-1,-1,-1,false,false,false,0.0000,range_n,true,1.36327000,1.36054000,3.0430,false,0.0000,0.0000,0,none,true,0.4286,preferred_382_618,0.200,diagnostic_only,diagnostic_only,diagnostic_only,shallow_pullback,24,0.450,true,none,0.600,high_quality,false,false,diagnostic_only,both,true,none,true,diagnostic_adjacent_detected,required_light,false,false,SHORT,4,false,false,1,2025.06.25 09:25:00,2025.06.25 10:50:00,11,4.7419,1.36327000,0.00000000,1.36327000,false,false,none,0.00000000,false,0.0000,0.0000,false,1,0.0000,false,-1,0.00000000,0.0000,off,false,not_evaluated,none,0.0000,0.0000,none,false,false,false,0.0000,none,false,none,0.0000,false,none,4.7419,2.8834,1.6446,1.3548,false,no_shrink,0.0000,none,none,false,false,none,0.0000,0.0000,0.0000,0.0000,none,false,false,0.0000,0.0000,false,false,-1,none,none,false,0.000,0.000,1.36214000,1.36207045,1.36214000,previous_week_high,0.00004000,0.0476,neckline_level,1.36185000,0.4342,false,true,false,false,not_blocked,4,4,0,m5_failure_exit,off,none,0.00000000,0.0000,1.30,1.36320000,4.200,-0.300,0.200,PERIOD_M15,1.36327000,1.36103000,0.5223,preferred_382_618,0.000,true,1.36210000,1.36126000,0.00084000,1.36320000,1.310,0.00057571,20.00,90-120,true,false,none,not_consumed,4.500,4.500,none,0.0000,false,opposite_break_first,true,opposite_break_first,spread_too_high
2025.06.25 11:50:00,blocked,session_reversal_pullback_one_symbol_first120,GBPUSD,LONG,2025.06.25 11:45:00,11,8,17,london,2025.06.25 07:00,105,first_120min,false,true,3,GBPUSD,highest_score_in_session_bar,london=USDJPY|EURJPY|GBPJPY|AUDJPY|EURUSD|GBPUSD,existing_first120_gate,london,true,false,true,passed_first_window,double_bottom,neckline_break_retest,1.36185000,PERIOD_M5,PERIOD_H1,PERIOD_M15,PERIOD_M5,PERIOD_M5,false,htf_soft_alignment,current_post_filter,transcript_post_filter,dow_range_or_transition,structure_trend_bias_dow_trend_up_hh_hl,dow_range_or_transition,structure_trend_bias_dow_trend_up_hh_hl,false,true,true,LONG,PERIOD_M5,double_bottom,double_bottom,4.200,none,0.000,double_bottom,4.200,none,0.000,LONG,false,PERIOD_H1_NONE_dow_range_or_transition|PERIOD_M15_LONG_structure_trend_bias_dow_trend_up_hh_hl,true,h1_counter_m15_reversal,true,top_NONE_dow_range_or_transition|structure_LONG_structure_trend_bias_dow_trend_up_hh_hl|structure_break_recent_confirmed_swing_break_failed|primary_break_recent_confirmed_swing_break_retest,none,above_75sma_rising,below_75sma_flat_or_rising,above_75sma_flat_or_falling,-1,0.00000000,0,1.36183000,false,off,NONE,NONE,0.00000000,0.00000000,0.0000,none,0.000,true,LONG,return_high_break_or_bos_up,1.36282000,4,1.36327000,1.36054000,false,off,independent,false,,,false,0.0000,none,0.0000,0.0000,none,0.0000,0.0000,0.0000,none,0.0000,0,0,0.0000,none,none,none,none,0.0000,0,0.0000,none,false,true,not_evaluated,true,required_light_or_anchor_flip,short_bias,1.36132000,2025.06.25 10:00:00,1.36327000,2025.06.25 10:30:00,2025.06.25 10:45:00,false,NONE,0.00000000,0.00000000,0.0000,-1,false,,-1,NONE,0.00000000,0.00000000,0.0000,0.0000,none,,none,false,NONE,-1,-1,-1,false,false,none,false,true,false,true,none,true,required,false,PERIOD_M5,,,-1,0.0000,false,0.00000000,0.0000,false,0.0000,false,none,none,false,no_anchor_flip_in_entry_direction,true,required_first_signal_only,LONG,unknown,0.00000000,,0.00000000,,false,,-1,false,NONE,0.00000000,,0.00000000,0.0000,0.0000,none,-1,false,false,false,no_anchor_flip_in_entry_direction,,,,false,false,false,-1,-1,-1,-1,-1,false,false,false,0.0000,range_n,true,1.36327000,1.36054000,3.0430,false,0.0000,0.0000,0,none,true,0.4286,preferred_382_618,0.200,diagnostic_only,diagnostic_only,diagnostic_only,shallow_pullback,24,0.450,true,none,0.600,high_quality,false,false,diagnostic_only,both,true,none,true,diagnostic_adjacent_detected,required_light,false,false,SHORT,4,false,false,1,2025.06.25 09:25:00,2025.06.25 10:50:00,11,4.7419,1.36327000,0.00000000,1.36327000,false,false,none,0.00000000,false,0.0000,0.0000,false,1,0.0000,false,-1,0.00000000,0.0000,off,false,not_evaluated,none,0.0000,0.0000,none,false,false,false,0.0000,none,false,none,0.0000,false,none,4.7419,2.8834,1.6446,1.3548,false,no_shrink,0.0000,none,none,false,false,none,0.0000,0.0000,0.0000,0.0000,none,false,false,0.0000,0.0000,false,false,-1,none,none,false,0.000,0.000,1.36214000,1.36207045,1.36214000,previous_week_high,0.00004000,0.0476,neckline_level,1.36185000,0.4342,false,true,false,false,not_blocked,4,4,0,m5_failure_exit,off,none,0.00000000,0.0000,1.30,1.36320000,4.200,-0.300,0.200,PERIOD_M15,1.36327000,1.36103000,0.5223,preferred_382_618,0.000,true,1.36210000,1.36126000,0.00084000,1.36320000,1.310,0.00057571,20.00,90-120,true,false,none,blocked_spread_too_high,4.500,4.500,none,0.0000,false,opposite_break_first,true,opposite_break_first,spread_too_high
2025.06.25 16:15:00,signal,session_reversal_pullback_one_symbol_first120,GBPUSD,SHORT,2025.06.25 16:10:00,16,13,22,london_newyork_overlap,2025.06.25 13:00,10,first_120min,true,true,3,GBPUSD,highest_score_in_session_bar,london_newyork_overlap=USDJPY|EURJPY|GBPJPY|AUDJPY|EURUSD|GBPUSD,existing_first120_gate,london_newyork_overlap,false,false,true,passed_first_window,double_top,neckline_break_retest,1.36043000,PERIOD_M5,PERIOD_H1,PERIOD_M15,PERIOD_M5,PERIOD_M5,false,htf_soft_alignment,current_post_filter,transcript_post_filter,dow_range_or_transition,no_ordered_dow_wave3_break,dow_range_or_transition,no_ordered_dow_wave3_break,false,false,true,SHORT,PERIOD_M5,double_top,double_top,4.200,none,0.000,double_top,4.200,none,0.000,SHORT,false,PERIOD_H1_NONE_dow_range_or_transition|PERIOD_M15_NONE_no_ordered_dow_wave3_break,true,h1_counter_m15_reversal,true,top_NONE_dow_range_or_transition|structure_NONE_no_ordered_dow_wave3_break|structure_break_recent_confirmed_swing_break_failed|primary_break_recent_confirmed_swing_break_failed,none,above_75sma_rising,below_75sma_falling,below_75sma_falling,-1,0.00000000,-1,0.00000000,false,off,NONE,NONE,0.00000000,0.00000000,0.0000,none,0.000,true,SHORT,return_low_break_or_bos_down,1.36009000,1,1.36169000,1.36009000,false,off,independent,false,,,false,0.0000,none,0.0000,0.0000,none,0.0000,0.0000,0.0000,none,0.0000,0,0,0.0000,none,none,none,none,0.0000,0,0.0000,none,false,true,not_evaluated,true,required_light_or_anchor_flip,bias_flip_down,1.36009000,2025.06.25 13:45:00,1.36130000,2025.06.25 13:00:00,2025.06.25 14:15:00,true,SHORT,1.36009000,1.35953000,0.6588,3,true,2025.06.25 15:15:00,3,SHORT,1.36009000,1.35953000,0.6588,0.8471,strong,2025.06.25 15:45:00,first_after_anchor,true,SHORT,3,1,3,true,false,fresh_0_4,true,false,false,true,none,true,required,true,PERIOD_M5,2025.06.25 15:20:00,2025.06.25 15:25:00,11,0.2367,true,1.36009000,0.2367,true,0.2367,true,m5_bearish_close_after_anchor_retest,failed_close_back_inside,false,post_anchor_close_back_inside,true,required_first_signal_only,SHORT,range_n,0.00000000,,0.00000000,,false,,-1,false,NONE,0.00000000,,0.00000000,0.0000,0.0000,none,-1,false,false,false,micro_n_not_corrective_for_entry,GBPUSD|SHORT|1750864500|1.36009,,,false,false,false,-1,-1,-1,-1,-1,false,false,false,0.0000,range_n,true,1.36235000,1.36009000,2.6588,true,0.8471,0.2800,2,strong,true,0.3341,shallow_236_382,0.080,diagnostic_only,diagnostic_only,diagnostic_only,shallow_pullback,7,0.320,true,none,0.470,high_quality,false,false,diagnostic_only,both,true,none,true,diagnostic_adjacent_detected,required_light,false,false,LONG,5,false,false,1,2025.06.25 14:15:00,2025.06.25 15:50:00,4,4.9155,0.00000000,1.35899000,1.35899000,false,false,none,0.00000000,false,0.0000,0.0000,false,1,0.0000,false,-1,0.00000000,0.0000,off,false,not_evaluated,none,0.0000,0.0000,none,false,false,false,0.0000,none,false,none,0.0000,false,none,2.4577,4.9155,0.5000,0.0000,true,strong_exhaustion,0.0000,none,none,false,false,none,0.0000,0.0000,0.0000,0.0000,none,false,false,0.0000,0.0000,false,false,-1,none,none,false,0.000,0.000,1.36043000,1.36034000,1.36034000,recent_rejection_zone,0.00008000,0.1538,neckline_level,1.36043000,0.0182,false,true,true,false,not_blocked,5,1,4,m5_failure_exit,off,none,0.00000000,0.0000,1.30,1.35975000,4.200,-0.300,0.200,PERIOD_M15,1.36169000,1.36009000,0.2062,outside,0.000,true,1.36042000,1.36094000,0.00052000,1.35975000,1.288,0.00054929,20.00,0-30,true,false,none,not_consumed,4.300,4.300,none,0.0000,false,opposite_break_first,true,opposite_break_first,spread_too_high
2025.06.25 16:15:00,blocked,session_reversal_pullback_one_symbol_first120,GBPUSD,SHORT,2025.06.25 16:10:00,16,13,22,london_newyork_overlap,2025.06.25 13:00,10,first_120min,true,true,3,GBPUSD,highest_score_in_session_bar,london_newyork_overlap=USDJPY|EURJPY|GBPJPY|AUDJPY|EURUSD|GBPUSD,existing_first120_gate,london_newyork_overlap,false,false,true,passed_first_window,double_top,neckline_break_retest,1.36043000,PERIOD_M5,PERIOD_H1,PERIOD_M15,PERIOD_M5,PERIOD_M5,false,htf_soft_alignment,current_post_filter,transcript_post_filter,dow_range_or_transition,no_ordered_dow_wave3_break,dow_range_or_transition,no_ordered_dow_wave3_break,false,false,true,SHORT,PERIOD_M5,double_top,double_top,4.200,none,0.000,double_top,4.200,none,0.000,SHORT,false,PERIOD_H1_NONE_dow_range_or_transition|PERIOD_M15_NONE_no_ordered_dow_wave3_break,true,h1_counter_m15_reversal,true,top_NONE_dow_range_or_transition|structure_NONE_no_ordered_dow_wave3_break|structure_break_recent_confirmed_swing_break_failed|primary_break_recent_confirmed_swing_break_failed,none,above_75sma_rising,below_75sma_falling,below_75sma_falling,-1,0.00000000,-1,0.00000000,false,off,NONE,NONE,0.00000000,0.00000000,0.0000,none,0.000,true,SHORT,return_low_break_or_bos_down,1.36009000,1,1.36169000,1.36009000,false,off,independent,false,,,false,0.0000,none,0.0000,0.0000,none,0.0000,0.0000,0.0000,none,0.0000,0,0,0.0000,none,none,none,none,0.0000,0,0.0000,none,false,true,not_evaluated,true,required_light_or_anchor_flip,bias_flip_down,1.36009000,2025.06.25 13:45:00,1.36130000,2025.06.25 13:00:00,2025.06.25 14:15:00,true,SHORT,1.36009000,1.35953000,0.6588,3,true,2025.06.25 15:15:00,3,SHORT,1.36009000,1.35953000,0.6588,0.8471,strong,2025.06.25 15:45:00,first_after_anchor,true,SHORT,3,1,3,true,false,fresh_0_4,true,false,false,true,none,true,required,true,PERIOD_M5,2025.06.25 15:20:00,2025.06.25 15:25:00,11,0.2367,true,1.36009000,0.2367,true,0.2367,true,m5_bearish_close_after_anchor_retest,failed_close_back_inside,false,post_anchor_close_back_inside,true,required_first_signal_only,SHORT,range_n,0.00000000,,0.00000000,,false,,-1,false,NONE,0.00000000,,0.00000000,0.0000,0.0000,none,-1,false,false,false,micro_n_not_corrective_for_entry,GBPUSD|SHORT|1750864500|1.36009,,,false,false,false,-1,-1,-1,-1,-1,false,false,false,0.0000,range_n,true,1.36235000,1.36009000,2.6588,true,0.8471,0.2800,2,strong,true,0.3341,shallow_236_382,0.080,diagnostic_only,diagnostic_only,diagnostic_only,shallow_pullback,7,0.320,true,none,0.470,high_quality,false,false,diagnostic_only,both,true,none,true,diagnostic_adjacent_detected,required_light,false,false,LONG,5,false,false,1,2025.06.25 14:15:00,2025.06.25 15:50:00,4,4.9155,0.00000000,1.35899000,1.35899000,false,false,none,0.00000000,false,0.0000,0.0000,false,1,0.0000,false,-1,0.00000000,0.0000,off,false,not_evaluated,none,0.0000,0.0000,none,false,false,false,0.0000,none,false,none,0.0000,false,none,2.4577,4.9155,0.5000,0.0000,true,strong_exhaustion,0.0000,none,none,false,false,none,0.0000,0.0000,0.0000,0.0000,none,false,false,0.0000,0.0000,false,false,-1,none,none,false,0.000,0.000,1.36043000,1.36034000,1.36034000,recent_rejection_zone,0.00008000,0.1538,neckline_level,1.36043000,0.0182,false,true,true,false,not_blocked,5,1,4,m5_failure_exit,off,none,0.00000000,0.0000,1.30,1.35975000,4.200,-0.300,0.200,PERIOD_M15,1.36169000,1.36009000,0.2062,outside,0.000,true,1.36042000,1.36094000,0.00052000,1.35975000,1.288,0.00054929,20.00,0-30,true,false,none,blocked_spread_too_high,4.300,4.300,none,0.0000,false,opposite_break_first,true,opposite_break_first,spread_too_high
2025.06.26 03:05:01,signal,session_reversal_pullback_one_symbol_first120,GBPJPY,SHORT,2025.06.26 03:00:00,3,0,9,tokyo,2025.06.26 00:00,0,first_120min,true,true,3,GBPJPY,highest_score_in_session_bar,tokyo=USDJPY|EURJPY|GBPJPY|AUDJPY,existing_first120_gate,tokyo,false,false,true,passed_first_window,double_top,neckline_break_retest,198.41900000,PERIOD_M5,PERIOD_H1,PERIOD_M15,PERIOD_M5,PERIOD_M5,false,htf_soft_alignment,current_post_filter,transcript_post_filter,dow_trend_up_hh_hl,structure_trend_bias_dow_trend_down_ll_lh,dow_trend_up_hh_hl,structure_trend_bias_dow_trend_down_ll_lh,false,false,true,SHORT,PERIOD_M5,double_top,double_top,4.200,none,0.000,double_top,4.200,none,0.000,SHORT,false,PERIOD_H1_LONG_dow_trend_up_hh_hl|PERIOD_M15_SHORT_structure_trend_bias_dow_trend_down_ll_lh,true,h1_counter_m15_reversal,true,top_LONG_dow_trend_up_hh_hl|structure_SHORT_structure_trend_bias_dow_trend_down_ll_lh|structure_break_recent_confirmed_swing_break_failed|primary_break_recent_confirmed_swing_break_retest,none,above_75sma_rising,above_75sma_rising,below_75sma_falling,-1,0.00000000,8,198.33500000,false,off,NONE,NONE,0.00000000,0.00000000,0.0000,none,0.000,true,SHORT,return_low_break_or_bos_down,198.25100000,8,198.47000000,198.11900000,false,off,independent,false,,,false,0.0000,none,0.0000,0.0000,none,0.0000,0.0000,0.0000,none,0.0000,0,0,0.0000,none,none,none,none,0.0000,0,0.0000,none,false,true,not_evaluated,true,required_light_or_anchor_flip,short_bias,198.25100000,2025.06.25 21:45:00,198.56700000,2025.06.25 23:30:00,2025.06.26 00:00:00,false,NONE,0.00000000,0.00000000,0.0000,-1,false,,-1,NONE,0.00000000,0.00000000,0.0000,0.0000,none,,none,false,NONE,-1,-1,-1,false,false,none,true,false,false,true,none,true,required,false,PERIOD_M5,,,-1,0.0000,false,0.00000000,0.0000,false,0.0000,false,none,none,false,no_anchor_flip_in_entry_direction,true,required_first_signal_only,SHORT,unknown,0.00000000,,0.00000000,,false,,-1,false,NONE,0.00000000,,0.00000000,0.0000,0.0000,none,-1,false,false,false,no_anchor_flip_in_entry_direction,,,,false,false,false,-1,-1,-1,-1,-1,false,false,false,0.0000,range_n,true,198.56700000,198.11900000,3.6959,false,0.0000,0.0000,0,none,true,0.5179,preferred_382_618,0.200,diagnostic_only,diagnostic_only,diagnostic_only,fib_pullback,4,0.440,true,none,0.590,high_quality,false,false,diagnostic_only,both,true,none,true,diagnostic_adjacent_detected,required_light,false,false,LONG,5,false,false,2,2025.06.26 00:35:00,2025.06.26 02:10:00,10,4.5730,0.00000000,198.28700000,198.28700000,false,false,none,0.00000000,false,0.0000,0.0000,false,1,0.0000,false,-1,0.00000000,0.0000,off,false,not_evaluated,none,0.0000,0.0000,none,false,false,false,0.0000,none,false,none,0.0000,false,none,2.8562,2.7625,1.0339,1.8105,false,no_shrink,0.0000,none,none,false,false,none,0.0000,0.0000,0.0000,0.0000,none,false,false,0.0000,0.0000,false,false,-1,none,none,false,0.000,0.000,198.41000000,198.33207692,198.33207692,recent_equal_lows,0.01892308,0.1538,neckline_level,198.41900000,1.0613,false,true,true,false,not_blocked,5,3,2,m5_failure_exit,off,none,0.00000000,0.0000,1.30,198.19200000,4.200,-0.300,0.200,PERIOD_M15,198.47000000,198.11900000,0.6610,deep_618_786,0.000,true,198.35100000,198.47400000,0.12300000,198.19200000,1.293,0.06407143,38.00,0-30,true,false,none,not_consumed,4.500,4.500,none,0.0000,false,opposite_break_first,true,opposite_break_first,spread_too_high
2025.06.26 03:05:01,blocked,session_reversal_pullback_one_symbol_first120,GBPJPY,SHORT,2025.06.26 03:00:00,3,0,9,tokyo,2025.06.26 00:00,0,first_120min,true,true,3,GBPJPY,highest_score_in_session_bar,tokyo=USDJPY|EURJPY|GBPJPY|AUDJPY,existing_first120_gate,tokyo,false,false,true,passed_first_window,double_top,neckline_break_retest,198.41900000,PERIOD_M5,PERIOD_H1,PERIOD_M15,PERIOD_M5,PERIOD_M5,false,htf_soft_alignment,current_post_filter,transcript_post_filter,dow_trend_up_hh_hl,structure_trend_bias_dow_trend_down_ll_lh,dow_trend_up_hh_hl,structure_trend_bias_dow_trend_down_ll_lh,false,false,true,SHORT,PERIOD_M5,double_top,double_top,4.200,none,0.000,double_top,4.200,none,0.000,SHORT,false,PERIOD_H1_LONG_dow_trend_up_hh_hl|PERIOD_M15_SHORT_structure_trend_bias_dow_trend_down_ll_lh,true,h1_counter_m15_reversal,true,top_LONG_dow_trend_up_hh_hl|structure_SHORT_structure_trend_bias_dow_trend_down_ll_lh|structure_break_recent_confirmed_swing_break_failed|primary_break_recent_confirmed_swing_break_retest,none,above_75sma_rising,above_75sma_rising,below_75sma_falling,-1,0.00000000,8,198.33500000,false,off,NONE,NONE,0.00000000,0.00000000,0.0000,none,0.000,true,SHORT,return_low_break_or_bos_down,198.25100000,8,198.47000000,198.11900000,false,off,independent,false,,,false,0.0000,none,0.0000,0.0000,none,0.0000,0.0000,0.0000,none,0.0000,0,0,0.0000,none,none,none,none,0.0000,0,0.0000,none,false,true,not_evaluated,true,required_light_or_anchor_flip,short_bias,198.25100000,2025.06.25 21:45:00,198.56700000,2025.06.25 23:30:00,2025.06.26 00:00:00,false,NONE,0.00000000,0.00000000,0.0000,-1,false,,-1,NONE,0.00000000,0.00000000,0.0000,0.0000,none,,none,false,NONE,-1,-1,-1,false,false,none,true,false,false,true,none,true,required,false,PERIOD_M5,,,-1,0.0000,false,0.00000000,0.0000,false,0.0000,false,none,none,false,no_anchor_flip_in_entry_direction,true,required_first_signal_only,SHORT,unknown,0.00000000,,0.00000000,,false,,-1,false,NONE,0.00000000,,0.00000000,0.0000,0.0000,none,-1,false,false,false,no_anchor_flip_in_entry_direction,,,,false,false,false,-1,-1,-1,-1,-1,false,false,false,0.0000,range_n,true,198.56700000,198.11900000,3.6959,false,0.0000,0.0000,0,none,true,0.5179,preferred_382_618,0.200,diagnostic_only,diagnostic_only,diagnostic_only,fib_pullback,4,0.440,true,none,0.590,high_quality,false,false,diagnostic_only,both,true,none,true,diagnostic_adjacent_detected,required_light,false,false,LONG,5,false,false,2,2025.06.26 00:35:00,2025.06.26 02:10:00,10,4.5730,0.00000000,198.28700000,198.28700000,false,false,none,0.00000000,false,0.0000,0.0000,false,1,0.0000,false,-1,0.00000000,0.0000,off,false,not_evaluated,none,0.0000,0.0000,none,false,false,false,0.0000,none,false,none,0.0000,false,none,2.8562,2.7625,1.0339,1.8105,false,no_shrink,0.0000,none,none,false,false,none,0.0000,0.0000,0.0000,0.0000,none,false,false,0.0000,0.0000,false,false,-1,none,none,false,0.000,0.000,198.41000000,198.33207692,198.33207692,recent_equal_lows,0.01892308,0.1538,neckline_level,198.41900000,1.0613,false,true,true,false,not_blocked,5,3,2,m5_failure_exit,off,none,0.00000000,0.0000,1.30,198.19200000,4.200,-0.300,0.200,PERIOD_M15,198.47000000,198.11900000,0.6610,deep_618_786,0.000,true,198.35100000,198.47400000,0.12300000,198.19200000,1.293,0.06407143,38.00,0-30,true,false,none,blocked_spread_too_high,4.500,4.500,none,0.0000,false,opposite_break_first,true,opposite_break_first,spread_too_high
2025.06.27 11:40:00,signal,session_reversal_pullback_one_symbol_first120,GBPJPY,SHORT,2025.06.27 11:35:00,11,8,17,london,2025.06.27 07:00,95,first_120min,false,true,3,GBPJPY,highest_score_in_session_bar,london=USDJPY|EURJPY|GBPJPY|AUDJPY|EURUSD|GBPUSD,existing_first120_gate,london,true,false,true,passed_first_window,head_and_shoulders,neckline_break_retest,198.37000000,PERIOD_M5,PERIOD_H1,PERIOD_M15,PERIOD_M5,PERIOD_M5,false,htf_soft_alignment,current_post_filter,transcript_post_filter,dow_trend_up_hh_hl,structure_trend_bias_dow_trend_down_ll_lh,dow_trend_up_hh_hl,structure_trend_bias_dow_trend_down_ll_lh,false,false,true,SHORT,PERIOD_M5,head_and_shoulders,head_and_shoulders,4.500,none,0.000,head_and_shoulders,4.500,none,0.000,SHORT,false,PERIOD_H1_LONG_dow_trend_up_hh_hl|PERIOD_M15_SHORT_structure_trend_bias_dow_trend_down_ll_lh,true,h1_counter_m15_reversal,true,top_LONG_dow_trend_up_hh_hl|structure_SHORT_structure_trend_bias_dow_trend_down_ll_lh|structure_break_recent_confirmed_swing_break_failed|primary_break_recent_confirmed_swing_break_retest,none,above_75sma_rising,above_75sma_rising,below_75sma_flat_or_rising,-1,0.00000000,0,198.32400000,false,off,NONE,NONE,0.00000000,0.00000000,0.0000,none,0.000,true,SHORT,return_low_break_or_bos_down,198.19900000,7,198.57600000,198.09600000,false,off,independent,false,,,false,0.0000,none,0.0000,0.0000,none,0.0000,0.0000,0.0000,none,0.0000,0,0,0.0000,none,none,none,none,0.0000,0,0.0000,none,false,true,not_evaluated,true,required_light_or_anchor_flip,short_bias,198.19900000,2025.06.27 02:15:00,198.50900000,2025.06.27 06:45:00,2025.06.27 09:30:00,false,NONE,0.00000000,0.00000000,0.0000,-1,false,,-1,NONE,0.00000000,0.00000000,0.0000,0.0000,none,,none,false,NONE,-1,-1,-1,false,false,none,true,false,false,true,none,true,required,false,PERIOD_M5,,,-1,0.0000,false,0.00000000,0.0000,false,0.0000,false,none,none,false,no_anchor_flip_in_entry_direction,true,required_first_signal_only,SHORT,unknown,0.00000000,,0.00000000,,false,,-1,false,NONE,0.00000000,,0.00000000,0.0000,0.0000,none,-1,false,false,false,no_anchor_flip_in_entry_direction,,,,false,false,false,-1,-1,-1,-1,-1,false,false,false,0.0000,falling_n,false,198.79400000,198.09600000,4.7622,false,0.0000,0.0000,0,none,true,0.4437,preferred_382_618,0.200,diagnostic_only,diagnostic_only,diagnostic_only,fib_pullback,24,0.400,true,none,0.550,high_quality,false,false,diagnostic_only,both,true,none,true,diagnostic_adjacent_detected,required_light,false,false,LONG,7,false,false,1,2025.06.27 10:20:00,2025.06.27 11:00:00,7,3.0000,0.00000000,198.32400000,198.32400000,true,true,m5_hl_close_break_down,198.32400000,true,0.1786,0.5476,true,1,0.0000,false,0,198.32400000,0.6429,off,false,not_evaluated,none,0.7753,0.2247,strong,false,false,false,0.0000,no_following_closed_bar,false,none,0.0000,false,no_retest,3.0000,1.6548,1.8129,0.3095,false,no_shrink,0.0000,none,none,false,false,none,0.0000,0.0000,0.0000,0.0000,none,false,false,0.0000,0.0000,false,false,-1,none,none,false,0.000,0.000,198.36033333,198.29400000,198.29400000,pre_session_high,0.01500000,0.0595,neckline_level,198.37000000,0.7262,false,true,true,false,not_blocked,8,7,1,m5_failure_exit,off,none,0.00000000,0.0000,1.30,197.98100000,4.500,-0.300,0.200,PERIOD_M15,198.50900000,198.09600000,0.5157,preferred_382_618,0.000,true,198.30900000,198.56100000,0.25200000,197.98100000,1.302,0.08400000,38.00,90-120,true,false,none,not_consumed,4.800,4.800,none,0.0000,false,opposite_break_first,true,opposite_break_first,spread_too_high
2025.06.27 11:40:00,blocked,session_reversal_pullback_one_symbol_first120,GBPJPY,SHORT,2025.06.27 11:35:00,11,8,17,london,2025.06.27 07:00,95,first_120min,false,true,3,GBPJPY,highest_score_in_session_bar,london=USDJPY|EURJPY|GBPJPY|AUDJPY|EURUSD|GBPUSD,existing_first120_gate,london,true,false,true,passed_first_window,head_and_shoulders,neckline_break_retest,198.37000000,PERIOD_M5,PERIOD_H1,PERIOD_M15,PERIOD_M5,PERIOD_M5,false,htf_soft_alignment,current_post_filter,transcript_post_filter,dow_trend_up_hh_hl,structure_trend_bias_dow_trend_down_ll_lh,dow_trend_up_hh_hl,structure_trend_bias_dow_trend_down_ll_lh,false,false,true,SHORT,PERIOD_M5,head_and_shoulders,head_and_shoulders,4.500,none,0.000,head_and_shoulders,4.500,none,0.000,SHORT,false,PERIOD_H1_LONG_dow_trend_up_hh_hl|PERIOD_M15_SHORT_structure_trend_bias_dow_trend_down_ll_lh,true,h1_counter_m15_reversal,true,top_LONG_dow_trend_up_hh_hl|structure_SHORT_structure_trend_bias_dow_trend_down_ll_lh|structure_break_recent_confirmed_swing_break_failed|primary_break_recent_confirmed_swing_break_retest,none,above_75sma_rising,above_75sma_rising,below_75sma_flat_or_rising,-1,0.00000000,0,198.32400000,false,off,NONE,NONE,0.00000000,0.00000000,0.0000,none,0.000,true,SHORT,return_low_break_or_bos_down,198.19900000,7,198.57600000,198.09600000,false,off,independent,false,,,false,0.0000,none,0.0000,0.0000,none,0.0000,0.0000,0.0000,none,0.0000,0,0,0.0000,none,none,none,none,0.0000,0,0.0000,none,false,true,not_evaluated,true,required_light_or_anchor_flip,short_bias,198.19900000,2025.06.27 02:15:00,198.50900000,2025.06.27 06:45:00,2025.06.27 09:30:00,false,NONE,0.00000000,0.00000000,0.0000,-1,false,,-1,NONE,0.00000000,0.00000000,0.0000,0.0000,none,,none,false,NONE,-1,-1,-1,false,false,none,true,false,false,true,none,true,required,false,PERIOD_M5,,,-1,0.0000,false,0.00000000,0.0000,false,0.0000,false,none,none,false,no_anchor_flip_in_entry_direction,true,required_first_signal_only,SHORT,unknown,0.00000000,,0.00000000,,false,,-1,false,NONE,0.00000000,,0.00000000,0.0000,0.0000,none,-1,false,false,false,no_anchor_flip_in_entry_direction,,,,false,false,false,-1,-1,-1,-1,-1,false,false,false,0.0000,falling_n,false,198.79400000,198.09600000,4.7622,false,0.0000,0.0000,0,none,true,0.4437,preferred_382_618,0.200,diagnostic_only,diagnostic_only,diagnostic_only,fib_pullback,24,0.400,true,none,0.550,high_quality,false,false,diagnostic_only,both,true,none,true,diagnostic_adjacent_detected,required_light,false,false,LONG,7,false,false,1,2025.06.27 10:20:00,2025.06.27 11:00:00,7,3.0000,0.00000000,198.32400000,198.32400000,true,true,m5_hl_close_break_down,198.32400000,true,0.1786,0.5476,true,1,0.0000,false,0,198.32400000,0.6429,off,false,not_evaluated,none,0.7753,0.2247,strong,false,false,false,0.0000,no_following_closed_bar,false,none,0.0000,false,no_retest,3.0000,1.6548,1.8129,0.3095,false,no_shrink,0.0000,none,none,false,false,none,0.0000,0.0000,0.0000,0.0000,none,false,false,0.0000,0.0000,false,false,-1,none,none,false,0.000,0.000,198.36033333,198.29400000,198.29400000,pre_session_high,0.01500000,0.0595,neckline_level,198.37000000,0.7262,false,true,true,false,not_blocked,8,7,1,m5_failure_exit,off,none,0.00000000,0.0000,1.30,197.98100000,4.500,-0.300,0.200,PERIOD_M15,198.50900000,198.09600000,0.5157,preferred_382_618,0.000,true,198.30900000,198.56100000,0.25200000,197.98100000,1.302,0.08400000,38.00,90-120,true,false,none,blocked_spread_too_high,4.800,4.800,none,0.0000,false,opposite_break_first,true,opposite_break_first,spread_too_high
2025.06.27 17:05:00,signal,session_reversal_pullback_one_symbol_first120,AUDJPY,SHORT,2025.06.27 17:00:00,17,14,23,london_newyork_overlap,2025.06.27 13:00,60,first_120min,false,true,3,AUDJPY,highest_score_in_session_bar,london_newyork_overlap=USDJPY|EURJPY|GBPJPY|AUDJPY|EURUSD|GBPUSD,existing_first120_gate,london_newyork_overlap,false,false,true,passed_first_window,double_top,neckline_break_retest,94.54700000,PERIOD_M5,PERIOD_H1,PERIOD_M15,PERIOD_M5,PERIOD_M5,false,htf_soft_alignment,current_post_filter,transcript_post_filter,dow_trend_up_hh_hl,no_ordered_dow_wave3_break,dow_trend_up_hh_hl,no_ordered_dow_wave3_break,false,false,true,SHORT,PERIOD_M5,double_top,double_top,4.200,none,0.000,double_top,4.200,none,0.000,SHORT,true,PERIOD_H1_LONG_dow_trend_up_hh_hl|PERIOD_M15_NONE_no_ordered_dow_wave3_break,true,h1_counter_m15_reversal,true,top_LONG_dow_trend_up_hh_hl|structure_NONE_no_ordered_dow_wave3_break|structure_break_recent_confirmed_swing_break_retest|primary_break_recent_confirmed_swing_break_retest,none,above_75sma_rising,below_75sma_falling,below_75sma_falling,12,94.44600000,0,94.54100000,false,off,NONE,NONE,0.00000000,0.00000000,0.0000,none,0.000,true,SHORT,return_low_break_or_bos_down,94.44600000,12,94.68500000,94.39500000,false,off,independent,false,,,false,0.0000,none,0.0000,0.0000,none,0.0000,0.0000,0.0000,none,0.0000,0,0,0.0000,none,none,none,none,0.0000,0,0.0000,none,false,true,not_evaluated,true,required_light_or_anchor_flip,short_bias,94.44600000,2025.06.27 09:30:00,94.73900000,2025.06.27 10:15:00,2025.06.27 15:30:00,false,NONE,0.00000000,0.00000000,0.0000,-1,false,,-1,NONE,0.00000000,0.00000000,0.0000,0.0000,none,,none,false,NONE,-1,-1,-1,false,false,none,true,false,false,true,none,true,required,false,PERIOD_M5,,,-1,0.0000,false,0.00000000,0.0000,false,0.0000,false,none,none,false,no_anchor_flip_in_entry_direction,true,required_first_signal_only,SHORT,unknown,0.00000000,,0.00000000,,false,,-1,false,NONE,0.00000000,,0.00000000,0.0000,0.0000,none,-1,false,false,false,no_anchor_flip_in_entry_direction,,,,false,false,false,-1,-1,-1,-1,-1,false,false,false,0.0000,range_n,true,94.73900000,94.39500000,4.9395,false,0.0000,0.0000,0,none,true,0.3690,shallow_236_382,0.080,diagnostic_only,diagnostic_only,diagnostic_only,shallow_pullback,24,0.280,true,none,0.430,high_quality,false,false,diagnostic_only,both,true,none,true,diagnostic_adjacent_detected,required_light,false,false,LONG,4,false,false,1,2025.06.27 14:00:00,2025.06.27 16:25:00,7,4.3200,0.00000000,94.39500000,94.39500000,false,false,none,0.00000000,false,0.0000,0.0000,false,1,0.0000,false,-1,0.00000000,0.0000,off,false,not_evaluated,none,0.0000,0.0000,none,false,false,false,0.0000,none,false,none,0.0000,false,none,4.3200,2.4400,1.7705,1.7200,false,no_shrink,0.0000,none,none,false,false,none,0.0000,0.0000,0.0000,0.0000,none,false,false,0.0000,0.0000,false,false,-1,none,none,false,0.000,0.000,94.51400000,94.49620833,94.49620833,recent_equal_highs,0.00579167,0.0557,opening_range_low|neckline_level,94.48500000,0.3400,false,true,true,false,not_blocked,7,4,3,m5_failure_exit,off,none,0.00000000,0.0000,1.30,94.36700000,4.200,-0.300,0.200,PERIOD_M15,94.53100000,94.39500000,0.7868,outside,0.000,true,94.50200000,94.60600000,0.10400000,94.36700000,1.298,0.05000000,28.00,60-90,true,false,none,not_consumed,4.850,4.850,none,0.0000,false,opposite_break_first,true,opposite_break_first,spread_too_high
2025.06.27 17:05:00,blocked,session_reversal_pullback_one_symbol_first120,AUDJPY,SHORT,2025.06.27 17:00:00,17,14,23,london_newyork_overlap,2025.06.27 13:00,60,first_120min,false,true,3,AUDJPY,highest_score_in_session_bar,london_newyork_overlap=USDJPY|EURJPY|GBPJPY|AUDJPY|EURUSD|GBPUSD,existing_first120_gate,london_newyork_overlap,false,false,true,passed_first_window,double_top,neckline_break_retest,94.54700000,PERIOD_M5,PERIOD_H1,PERIOD_M15,PERIOD_M5,PERIOD_M5,false,htf_soft_alignment,current_post_filter,transcript_post_filter,dow_trend_up_hh_hl,no_ordered_dow_wave3_break,dow_trend_up_hh_hl,no_ordered_dow_wave3_break,false,false,true,SHORT,PERIOD_M5,double_top,double_top,4.200,none,0.000,double_top,4.200,none,0.000,SHORT,true,PERIOD_H1_LONG_dow_trend_up_hh_hl|PERIOD_M15_NONE_no_ordered_dow_wave3_break,true,h1_counter_m15_reversal,true,top_LONG_dow_trend_up_hh_hl|structure_NONE_no_ordered_dow_wave3_break|structure_break_recent_confirmed_swing_break_retest|primary_break_recent_confirmed_swing_break_retest,none,above_75sma_rising,below_75sma_falling,below_75sma_falling,12,94.44600000,0,94.54100000,false,off,NONE,NONE,0.00000000,0.00000000,0.0000,none,0.000,true,SHORT,return_low_break_or_bos_down,94.44600000,12,94.68500000,94.39500000,false,off,independent,false,,,false,0.0000,none,0.0000,0.0000,none,0.0000,0.0000,0.0000,none,0.0000,0,0,0.0000,none,none,none,none,0.0000,0,0.0000,none,false,true,not_evaluated,true,required_light_or_anchor_flip,short_bias,94.44600000,2025.06.27 09:30:00,94.73900000,2025.06.27 10:15:00,2025.06.27 15:30:00,false,NONE,0.00000000,0.00000000,0.0000,-1,false,,-1,NONE,0.00000000,0.00000000,0.0000,0.0000,none,,none,false,NONE,-1,-1,-1,false,false,none,true,false,false,true,none,true,required,false,PERIOD_M5,,,-1,0.0000,false,0.00000000,0.0000,false,0.0000,false,none,none,false,no_anchor_flip_in_entry_direction,true,required_first_signal_only,SHORT,unknown,0.00000000,,0.00000000,,false,,-1,false,NONE,0.00000000,,0.00000000,0.0000,0.0000,none,-1,false,false,false,no_anchor_flip_in_entry_direction,,,,false,false,false,-1,-1,-1,-1,-1,false,false,false,0.0000,range_n,true,94.73900000,94.39500000,4.9395,false,0.0000,0.0000,0,none,true,0.3690,shallow_236_382,0.080,diagnostic_only,diagnostic_only,diagnostic_only,shallow_pullback,24,0.280,true,none,0.430,high_quality,false,false,diagnostic_only,both,true,none,true,diagnostic_adjacent_detected,required_light,false,false,LONG,4,false,false,1,2025.06.27 14:00:00,2025.06.27 16:25:00,7,4.3200,0.00000000,94.39500000,94.39500000,false,false,none,0.00000000,false,0.0000,0.0000,false,1,0.0000,false,-1,0.00000000,0.0000,off,false,not_evaluated,none,0.0000,0.0000,none,false,false,false,0.0000,none,false,none,0.0000,false,none,4.3200,2.4400,1.7705,1.7200,false,no_shrink,0.0000,none,none,false,false,none,0.0000,0.0000,0.0000,0.0000,none,false,false,0.0000,0.0000,false,false,-1,none,none,false,0.000,0.000,94.51400000,94.49620833,94.49620833,recent_equal_highs,0.00579167,0.0557,opening_range_low|neckline_level,94.48500000,0.3400,false,true,true,false,not_blocked,7,4,3,m5_failure_exit,off,none,0.00000000,0.0000,1.30,94.36700000,4.200,-0.300,0.200,PERIOD_M15,94.53100000,94.39500000,0.7868,outside,0.000,true,94.50200000,94.60600000,0.10400000,94.36700000,1.298,0.05000000,28.00,60-90,true,false,none,blocked_spread_too_high,4.850,4.850,none,0.0000,false,opposite_break_first,true,opposite_break_first,spread_too_high
2025.06.27 19:20:00,signal,session_reversal_pullback_one_symbol_first120,AUDJPY,SHORT,2025.06.27 19:15:00,19,16,1,new_york,2025.06.27 16:00,15,first_120min,true,true,3,AUDJPY,highest_score_in_session_bar,new_york=USDJPY|EURJPY|GBPJPY|AUDJPY|EURUSD|GBPUSD,existing_first120_gate,new_york,false,false,true,passed_first_window,head_and_shoulders,neckline_break_retest,94.53100000,PERIOD_M5,PERIOD_H1,PERIOD_M15,PERIOD_M5,PERIOD_M5,false,htf_soft_alignment,current_post_filter,transcript_post_filter,dow_trend_up_hh_hl,structure_trend_bias_dow_trend_down_ll_lh,dow_trend_up_hh_hl,structure_trend_bias_dow_trend_down_ll_lh,false,false,true,SHORT,PERIOD_M5,head_and_shoulders,head_and_shoulders,4.500,none,0.000,head_and_shoulders,4.500,none,0.000,SHORT,false,PERIOD_H1_LONG_dow_trend_up_hh_hl|PERIOD_M15_SHORT_structure_trend_bias_dow_trend_down_ll_lh,true,h1_counter_m15_reversal,true,top_LONG_dow_trend_up_hh_hl|structure_SHORT_structure_trend_bias_dow_trend_down_ll_lh|structure_break_recent_confirmed_swing_break_failed|primary_break_recent_confirmed_swing_break_retest,none,above_75sma_rising,below_75sma_flat_or_rising,above_75sma_rising,-1,0.00000000,0,94.50800000,false,off,NONE,NONE,0.00000000,0.00000000,0.0000,none,0.000,true,SHORT,return_low_break_or_bos_down,94.44600000,8,94.60500000,94.37800000,false,off,independent,false,,,false,0.0000,none,0.0000,0.0000,none,0.0000,0.0000,0.0000,none,0.0000,0,0,0.0000,none,none,none,none,0.0000,0,0.0000,none,false,true,not_evaluated,true,required_light_or_anchor_flip,short_bias,94.44600000,2025.06.27 09:30:00,94.61100000,2025.06.27 16:15:00,2025.06.27 17:15:00,false,NONE,0.00000000,0.00000000,0.0000,-1,false,,-1,NONE,0.00000000,0.00000000,0.0000,0.0000,none,,none,false,NONE,-1,-1,-1,false,false,none,true,false,false,true,none,true,required,false,PERIOD_M5,,,-1,0.0000,false,0.00000000,0.0000,false,0.0000,false,none,none,false,no_anchor_flip_in_entry_direction,true,required_first_signal_only,SHORT,unknown,0.00000000,,0.00000000,,false,,-1,false,NONE,0.00000000,,0.00000000,0.0000,0.0000,none,-1,false,false,false,no_anchor_flip_in_entry_direction,,,,false,false,false,-1,-1,-1,-1,-1,false,false,false,0.0000,falling_n,false,94.73900000,94.37800000,4.7278,false,0.0000,0.0000,0,none,true,0.5322,preferred_382_618,0.200,diagnostic_only,diagnostic_only,diagnostic_only,shallow_pullback,5,0.490,true,none,0.640,high_quality,false,false,diagnostic_only,both,true,none,true,diagnostic_adjacent_detected,required_light,false,false,LONG,6,false,false,1,2025.06.27 17:55:00,2025.06.27 18:50:00,5,3.1169,0.00000000,94.50800000,94.50800000,true,true,m5_hl_close_break_down,94.50800000,true,0.1558,0.3636,true,1,0.0000,false,0,94.50800000,0.3636,off,false,not_evaluated,none,0.5714,0.4286,normal,false,false,false,0.0000,no_following_closed_bar,false,none,0.0000,false,no_retest,2.2078,3.1169,0.7083,0.0000,true,strong_exhaustion,0.0000,none,none,false,false,none,0.0000,0.0000,0.0000,0.0000,none,false,false,0.0000,0.0000,false,false,-1,none,none,false,0.000,0.000,94.51100000,94.48700000,94.48700000,session_low,0.01500000,0.2308,neckline_level,94.53100000,0.7532,false,true,false,false,not_blocked,3,3,0,m5_failure_exit,off,none,0.00000000,0.0000,1.30,94.41800000,4.500,-0.300,0.200,PERIOD_M15,94.60500000,94.37800000,0.5463,preferred_382_618,0.000,true,94.50200000,94.56700000,0.06500000,94.41800000,1.292,0.03850000,28.00,0-30,true,false,none,not_consumed,4.800,4.800,none,0.0000,false,neckline_retest_failed,false,not_invalidated,spread_too_high
2025.06.27 19:20:00,blocked,session_reversal_pullback_one_symbol_first120,AUDJPY,SHORT,2025.06.27 19:15:00,19,16,1,new_york,2025.06.27 16:00,15,first_120min,true,true,3,AUDJPY,highest_score_in_session_bar,new_york=USDJPY|EURJPY|GBPJPY|AUDJPY|EURUSD|GBPUSD,existing_first120_gate,new_york,false,false,true,passed_first_window,head_and_shoulders,neckline_break_retest,94.53100000,PERIOD_M5,PERIOD_H1,PERIOD_M15,PERIOD_M5,PERIOD_M5,false,htf_soft_alignment,current_post_filter,transcript_post_filter,dow_trend_up_hh_hl,structure_trend_bias_dow_trend_down_ll_lh,dow_trend_up_hh_hl,structure_trend_bias_dow_trend_down_ll_lh,false,false,true,SHORT,PERIOD_M5,head_and_shoulders,head_and_shoulders,4.500,none,0.000,head_and_shoulders,4.500,none,0.000,SHORT,false,PERIOD_H1_LONG_dow_trend_up_hh_hl|PERIOD_M15_SHORT_structure_trend_bias_dow_trend_down_ll_lh,true,h1_counter_m15_reversal,true,top_LONG_dow_trend_up_hh_hl|structure_SHORT_structure_trend_bias_dow_trend_down_ll_lh|structure_break_recent_confirmed_swing_break_failed|primary_break_recent_confirmed_swing_break_retest,none,above_75sma_rising,below_75sma_flat_or_rising,above_75sma_rising,-1,0.00000000,0,94.50800000,false,off,NONE,NONE,0.00000000,0.00000000,0.0000,none,0.000,true,SHORT,return_low_break_or_bos_down,94.44600000,8,94.60500000,94.37800000,false,off,independent,false,,,false,0.0000,none,0.0000,0.0000,none,0.0000,0.0000,0.0000,none,0.0000,0,0,0.0000,none,none,none,none,0.0000,0,0.0000,none,false,true,not_evaluated,true,required_light_or_anchor_flip,short_bias,94.44600000,2025.06.27 09:30:00,94.61100000,2025.06.27 16:15:00,2025.06.27 17:15:00,false,NONE,0.00000000,0.00000000,0.0000,-1,false,,-1,NONE,0.00000000,0.00000000,0.0000,0.0000,none,,none,false,NONE,-1,-1,-1,false,false,none,true,false,false,true,none,true,required,false,PERIOD_M5,,,-1,0.0000,false,0.00000000,0.0000,false,0.0000,false,none,none,false,no_anchor_flip_in_entry_direction,true,required_first_signal_only,SHORT,unknown,0.00000000,,0.00000000,,false,,-1,false,NONE,0.00000000,,0.00000000,0.0000,0.0000,none,-1,false,false,false,no_anchor_flip_in_entry_direction,,,,false,false,false,-1,-1,-1,-1,-1,false,false,false,0.0000,falling_n,false,94.73900000,94.37800000,4.7278,false,0.0000,0.0000,0,none,true,0.5322,preferred_382_618,0.200,diagnostic_only,diagnostic_only,diagnostic_only,shallow_pullback,5,0.490,true,none,0.640,high_quality,false,false,diagnostic_only,both,true,none,true,diagnostic_adjacent_detected,required_light,false,false,LONG,6,false,false,1,2025.06.27 17:55:00,2025.06.27 18:50:00,5,3.1169,0.00000000,94.50800000,94.50800000,true,true,m5_hl_close_break_down,94.50800000,true,0.1558,0.3636,true,1,0.0000,false,0,94.50800000,0.3636,off,false,not_evaluated,none,0.5714,0.4286,normal,false,false,false,0.0000,no_following_closed_bar,false,none,0.0000,false,no_retest,2.2078,3.1169,0.7083,0.0000,true,strong_exhaustion,0.0000,none,none,false,false,none,0.0000,0.0000,0.0000,0.0000,none,false,false,0.0000,0.0000,false,false,-1,none,none,false,0.000,0.000,94.51100000,94.48700000,94.48700000,session_low,0.01500000,0.2308,neckline_level,94.53100000,0.7532,false,true,false,false,not_blocked,3,3,0,m5_failure_exit,off,none,0.00000000,0.0000,1.30,94.41800000,4.500,-0.300,0.200,PERIOD_M15,94.60500000,94.37800000,0.5463,preferred_382_618,0.000,true,94.50200000,94.56700000,0.06500000,94.41800000,1.292,0.03850000,28.00,0-30,true,false,none,blocked_spread_too_high,4.800,4.800,none,0.0000,false,neckline_retest_failed,false,not_invalidated,spread_too_high
2025.06.30 03:05:00,signal,session_reversal_pullback_one_symbol_first120,GBPJPY,SHORT,2025.06.30 03:00:00,3,0,9,tokyo,2025.06.30 00:00,0,first_120min,true,true,3,GBPJPY,highest_score_in_session_bar,tokyo=USDJPY|EURJPY|GBPJPY|AUDJPY,existing_first120_gate,tokyo,false,false,true,passed_first_window,double_top,neckline_break_retest,198.30200000,PERIOD_M5,PERIOD_H1,PERIOD_M15,PERIOD_M5,PERIOD_M5,false,htf_soft_alignment,current_post_filter,transcript_post_filter,dow_range_or_transition,structure_trend_bias_dow_trend_down_ll_lh,dow_range_or_transition,structure_trend_bias_dow_trend_down_ll_lh,false,false,true,SHORT,PERIOD_M5,double_top,double_top,4.200,none,0.000,double_top,4.200,none,0.000,SHORT,false,PERIOD_H1_NONE_dow_range_or_transition|PERIOD_M15_SHORT_structure_trend_bias_dow_trend_down_ll_lh,true,h1_counter_m15_reversal,true,top_NONE_dow_range_or_transition|structure_SHORT_structure_trend_bias_dow_trend_down_ll_lh|structure_break_recent_confirmed_swing_break_failed|primary_break_recent_confirmed_swing_break_retest,none,above_75sma_rising,below_75sma_falling,above_75sma_flat_or_falling,-1,0.00000000,0,198.32100000,false,off,NONE,NONE,0.00000000,0.00000000,0.0000,none,0.000,true,SHORT,return_low_break_or_bos_down,198.00000000,9,198.44500000,197.67400000,false,off,independent,false,,,false,0.0000,none,0.0000,0.0000,none,0.0000,0.0000,0.0000,none,0.0000,0,0,0.0000,none,none,none,none,0.0000,0,0.0000,none,false,true,not_evaluated,true,required_light_or_anchor_flip,short_bias,198.00000000,2025.06.27 21:15:00,198.45400000,2025.06.27 23:45:00,2025.06.30 00:00:00,false,NONE,0.00000000,0.00000000,0.0000,-1,false,,-1,NONE,0.00000000,0.00000000,0.0000,0.0000,none,,none,false,NONE,-1,-1,-1,false,false,none,true,false,false,true,none,true,required,false,PERIOD_M5,,,-1,0.0000,false,0.00000000,0.0000,false,0.0000,false,none,none,false,no_anchor_flip_in_entry_direction,true,required_first_signal_only,SHORT,unknown,0.00000000,,0.00000000,,false,,-1,false,NONE,0.00000000,,0.00000000,0.0000,0.0000,none,-1,false,false,false,no_anchor_flip_in_entry_direction,,,,false,false,false,-1,-1,-1,-1,-1,false,false,false,0.0000,falling_n,false,198.45400000,197.67400000,4.1775,false,0.0000,0.0000,0,none,true,0.7718,deep_618_786,0.120,diagnostic_only,diagnostic_only,diagnostic_only,deep_pullback,6,0.360,true,none,0.510,high_quality,false,false,diagnostic_only,both,true,none,true,diagnostic_adjacent_detected,required_light,false,false,LONG,5,false,false,2,2025.06.30 00:35:00,2025.06.30 02:20:00,8,9.8873,0.00000000,198.16800000,198.16800000,false,false,none,0.00000000,false,0.0000,0.0000,false,1,0.0000,false,-1,0.00000000,0.0000,off,false,not_evaluated,none,0.0000,0.0000,none,false,false,false,0.0000,none,false,none,0.0000,false,none,4.6499,4.0456,1.1494,5.8417,false,no_shrink,0.0000,none,none,false,false,none,0.0000,0.0000,0.0000,0.0000,none,false,false,0.0000,0.0000,false,false,-1,none,none,false,0.000,0.000,198.28100000,198.26768750,198.26768750,recent_equal_highs,0.00831250,0.0913,neckline_level,198.30200000,0.4365,false,true,true,false,not_blocked,6,3,3,m5_failure_exit,off,none,0.00000000,0.0000,1.30,198.15800000,4.200,-0.300,0.200,PERIOD_M15,198.44500000,197.67400000,0.7808,deep_618_786,0.000,true,198.27600000,198.36700000,0.09100000,198.15800000,1.297,0.05957143,38.00,0-30,true,false,none,not_consumed,4.500,4.500,none,0.0000,false,opposite_break_first,true,opposite_break_first,spread_too_high
2025.06.30 03:05:00,blocked,session_reversal_pullback_one_symbol_first120,GBPJPY,SHORT,2025.06.30 03:00:00,3,0,9,tokyo,2025.06.30 00:00,0,first_120min,true,true,3,GBPJPY,highest_score_in_session_bar,tokyo=USDJPY|EURJPY|GBPJPY|AUDJPY,existing_first120_gate,tokyo,false,false,true,passed_first_window,double_top,neckline_break_retest,198.30200000,PERIOD_M5,PERIOD_H1,PERIOD_M15,PERIOD_M5,PERIOD_M5,false,htf_soft_alignment,current_post_filter,transcript_post_filter,dow_range_or_transition,structure_trend_bias_dow_trend_down_ll_lh,dow_range_or_transition,structure_trend_bias_dow_trend_down_ll_lh,false,false,true,SHORT,PERIOD_M5,double_top,double_top,4.200,none,0.000,double_top,4.200,none,0.000,SHORT,false,PERIOD_H1_NONE_dow_range_or_transition|PERIOD_M15_SHORT_structure_trend_bias_dow_trend_down_ll_lh,true,h1_counter_m15_reversal,true,top_NONE_dow_range_or_transition|structure_SHORT_structure_trend_bias_dow_trend_down_ll_lh|structure_break_recent_confirmed_swing_break_failed|primary_break_recent_confirmed_swing_break_retest,none,above_75sma_rising,below_75sma_falling,above_75sma_flat_or_falling,-1,0.00000000,0,198.32100000,false,off,NONE,NONE,0.00000000,0.00000000,0.0000,none,0.000,true,SHORT,return_low_break_or_bos_down,198.00000000,9,198.44500000,197.67400000,false,off,independent,false,,,false,0.0000,none,0.0000,0.0000,none,0.0000,0.0000,0.0000,none,0.0000,0,0,0.0000,none,none,none,none,0.0000,0,0.0000,none,false,true,not_evaluated,true,required_light_or_anchor_flip,short_bias,198.00000000,2025.06.27 21:15:00,198.45400000,2025.06.27 23:45:00,2025.06.30 00:00:00,false,NONE,0.00000000,0.00000000,0.0000,-1,false,,-1,NONE,0.00000000,0.00000000,0.0000,0.0000,none,,none,false,NONE,-1,-1,-1,false,false,none,true,false,false,true,none,true,required,false,PERIOD_M5,,,-1,0.0000,false,0.00000000,0.0000,false,0.0000,false,none,none,false,no_anchor_flip_in_entry_direction,true,required_first_signal_only,SHORT,unknown,0.00000000,,0.00000000,,false,,-1,false,NONE,0.00000000,,0.00000000,0.0000,0.0000,none,-1,false,false,false,no_anchor_flip_in_entry_direction,,,,false,false,false,-1,-1,-1,-1,-1,false,false,false,0.0000,falling_n,false,198.45400000,197.67400000,4.1775,false,0.0000,0.0000,0,none,true,0.7718,deep_618_786,0.120,diagnostic_only,diagnostic_only,diagnostic_only,deep_pullback,6,0.360,true,none,0.510,high_quality,false,false,diagnostic_only,both,true,none,true,diagnostic_adjacent_detected,required_light,false,false,LONG,5,false,false,2,2025.06.30 00:35:00,2025.06.30 02:20:00,8,9.8873,0.00000000,198.16800000,198.16800000,false,false,none,0.00000000,false,0.0000,0.0000,false,1,0.0000,false,-1,0.00000000,0.0000,off,false,not_evaluated,none,0.0000,0.0000,none,false,false,false,0.0000,none,false,none,0.0000,false,none,4.6499,4.0456,1.1494,5.8417,false,no_shrink,0.0000,none,none,false,false,none,0.0000,0.0000,0.0000,0.0000,none,false,false,0.0000,0.0000,false,false,-1,none,none,false,0.000,0.000,198.28100000,198.26768750,198.26768750,recent_equal_highs,0.00831250,0.0913,neckline_level,198.30200000,0.4365,false,true,true,false,not_blocked,6,3,3,m5_failure_exit,off,none,0.00000000,0.0000,1.30,198.15800000,4.200,-0.300,0.200,PERIOD_M15,198.44500000,197.67400000,0.7808,deep_618_786,0.000,true,198.27600000,198.36700000,0.09100000,198.15800000,1.297,0.05957143,38.00,0-30,true,false,none,blocked_spread_too_high,4.500,4.500,none,0.0000,false,opposite_break_first,true,opposite_break_first,spread_too_high
2025.06.30 11:00:00,signal,session_reversal_pullback_one_symbol_first120,EURUSD,SHORT,2025.06.30 10:55:00,10,7,16,london,2025.06.30 07:00,55,first_120min,true,true,3,EURUSD,highest_score_in_session_bar,london=USDJPY|EURJPY|GBPJPY|AUDJPY|EURUSD|GBPUSD,existing_first120_gate,london,false,false,true,passed_first_window,head_and_shoulders,neckline_break_retest,1.17315000,PERIOD_M5,PERIOD_H1,PERIOD_M15,PERIOD_M5,PERIOD_M5,false,htf_soft_alignment,current_post_filter,transcript_post_filter,dow_range_or_transition,structure_trend_bias_dow_trend_up_hh_hl,dow_range_or_transition,structure_trend_bias_dow_trend_up_hh_hl,false,false,true,SHORT,PERIOD_M5,head_and_shoulders,head_and_shoulders,4.500,none,0.000,head_and_shoulders,4.500,none,0.000,SHORT,false,PERIOD_H1_NONE_dow_range_or_transition|PERIOD_M15_LONG_structure_trend_bias_dow_trend_up_hh_hl,true,h1_counter_m15_reversal,true,top_NONE_dow_range_or_transition|structure_LONG_structure_trend_bias_dow_trend_up_hh_hl|structure_break_recent_confirmed_swing_break_failed|primary_break_recent_confirmed_swing_break_retest,none,above_75sma_rising,above_75sma_rising,below_75sma_flat_or_rising,-1,0.00000000,0,1.17249000,false,off,NONE,NONE,0.00000000,0.00000000,0.0000,none,0.000,true,SHORT,return_low_break_or_bos_down,1.17144000,16,1.17499000,1.17199000,false,off,independent,false,,,false,0.0000,none,0.0000,0.0000,none,0.0000,0.0000,0.0000,none,0.0000,0,0,0.0000,none,none,none,none,0.0000,0,0.0000,none,false,true,not_evaluated,true,required_light_or_anchor_flip,long_bias,1.17199000,2025.06.30 09:15:00,1.17340000,2025.06.30 04:30:00,2025.06.30 09:45:00,false,NONE,0.00000000,0.00000000,0.0000,-1,false,,-1,NONE,0.00000000,0.00000000,0.0000,0.0000,none,,none,false,NONE,-1,-1,-1,false,false,none,false,true,false,true,none,true,required,false,PERIOD_M5,,,-1,0.0000,false,0.00000000,0.0000,false,0.0000,false,none,none,false,no_anchor_flip_in_entry_direction,true,required_first_signal_only,SHORT,unknown,0.00000000,,0.00000000,,false,,-1,false,NONE,0.00000000,,0.00000000,0.0000,0.0000,none,-1,false,false,false,no_anchor_flip_in_entry_direction,,,,false,false,false,-1,-1,-1,-1,-1,false,false,false,0.0000,rising_n,false,1.17499000,1.17110000,3.9152,false,0.0000,0.0000,0,none,true,0.2648,shallow_236_382,0.080,diagnostic_only,diagnostic_only,diagnostic_only,shallow_pullback,4,0.320,true,none,0.470,high_quality,false,false,diagnostic_only,both,true,none,true,diagnostic_adjacent_detected,required_light,false,false,LONG,4,false,false,2,2025.06.30 08:15:00,2025.06.30 10:30:00,5,4.6927,0.00000000,1.17249000,1.17249000,true,true,m5_hl_close_break_down,1.17249000,true,0.1564,0.7665,true,1,0.0000,false,0,1.17249000,0.6883,off,false,not_evaluated,none,0.5400,0.0700,normal,false,false,false,0.0000,no_following_closed_bar,false,none,0.0000,false,no_retest,3.9106,2.7844,1.4045,1.9084,false,no_shrink,0.0000,none,none,false,false,none,0.0000,0.0000,0.0000,0.0000,none,false,false,0.0000,0.0000,false,false,-1,none,none,false,0.000,0.000,1.17224000,1.17199000,1.17199000,structure_confirmed_swing_low,0.00014000,0.0729,session_low|opening_range_low|neckline_level,1.17232000,0.2972,false,true,true,false,not_blocked,5,3,2,m5_failure_exit,off,none,0.00000000,0.0000,1.30,1.16964000,4.500,-0.300,0.200,PERIOD_M15,1.17499000,1.17199000,0.0467,outside,0.000,true,1.17213000,1.17405000,0.00192000,1.16964000,1.297,0.00063929,18.00,30-60,true,false,none,not_consumed,4.800,4.800,none,0.0000,false,neckline_retest_failed,false,not_invalidated,spread_too_high
2025.06.30 11:00:00,blocked,session_reversal_pullback_one_symbol_first120,EURUSD,SHORT,2025.06.30 10:55:00,10,7,16,london,2025.06.30 07:00,55,first_120min,true,true,3,EURUSD,highest_score_in_session_bar,london=USDJPY|EURJPY|GBPJPY|AUDJPY|EURUSD|GBPUSD,existing_first120_gate,london,false,false,true,passed_first_window,head_and_shoulders,neckline_break_retest,1.17315000,PERIOD_M5,PERIOD_H1,PERIOD_M15,PERIOD_M5,PERIOD_M5,false,htf_soft_alignment,current_post_filter,transcript_post_filter,dow_range_or_transition,structure_trend_bias_dow_trend_up_hh_hl,dow_range_or_transition,structure_trend_bias_dow_trend_up_hh_hl,false,false,true,SHORT,PERIOD_M5,head_and_shoulders,head_and_shoulders,4.500,none,0.000,head_and_shoulders,4.500,none,0.000,SHORT,false,PERIOD_H1_NONE_dow_range_or_transition|PERIOD_M15_LONG_structure_trend_bias_dow_trend_up_hh_hl,true,h1_counter_m15_reversal,true,top_NONE_dow_range_or_transition|structure_LONG_structure_trend_bias_dow_trend_up_hh_hl|structure_break_recent_confirmed_swing_break_failed|primary_break_recent_confirmed_swing_break_retest,none,above_75sma_rising,above_75sma_rising,below_75sma_flat_or_rising,-1,0.00000000,0,1.17249000,false,off,NONE,NONE,0.00000000,0.00000000,0.0000,none,0.000,true,SHORT,return_low_break_or_bos_down,1.17144000,16,1.17499000,1.17199000,false,off,independent,false,,,false,0.0000,none,0.0000,0.0000,none,0.0000,0.0000,0.0000,none,0.0000,0,0,0.0000,none,none,none,none,0.0000,0,0.0000,none,false,true,not_evaluated,true,required_light_or_anchor_flip,long_bias,1.17199000,2025.06.30 09:15:00,1.17340000,2025.06.30 04:30:00,2025.06.30 09:45:00,false,NONE,0.00000000,0.00000000,0.0000,-1,false,,-1,NONE,0.00000000,0.00000000,0.0000,0.0000,none,,none,false,NONE,-1,-1,-1,false,false,none,false,true,false,true,none,true,required,false,PERIOD_M5,,,-1,0.0000,false,0.00000000,0.0000,false,0.0000,false,none,none,false,no_anchor_flip_in_entry_direction,true,required_first_signal_only,SHORT,unknown,0.00000000,,0.00000000,,false,,-1,false,NONE,0.00000000,,0.00000000,0.0000,0.0000,none,-1,false,false,false,no_anchor_flip_in_entry_direction,,,,false,false,false,-1,-1,-1,-1,-1,false,false,false,0.0000,rising_n,false,1.17499000,1.17110000,3.9152,false,0.0000,0.0000,0,none,true,0.2648,shallow_236_382,0.080,diagnostic_only,diagnostic_only,diagnostic_only,shallow_pullback,4,0.320,true,none,0.470,high_quality,false,false,diagnostic_only,both,true,none,true,diagnostic_adjacent_detected,required_light,false,false,LONG,4,false,false,2,2025.06.30 08:15:00,2025.06.30 10:30:00,5,4.6927,0.00000000,1.17249000,1.17249000,true,true,m5_hl_close_break_down,1.17249000,true,0.1564,0.7665,true,1,0.0000,false,0,1.17249000,0.6883,off,false,not_evaluated,none,0.5400,0.0700,normal,false,false,false,0.0000,no_following_closed_bar,false,none,0.0000,false,no_retest,3.9106,2.7844,1.4045,1.9084,false,no_shrink,0.0000,none,none,false,false,none,0.0000,0.0000,0.0000,0.0000,none,false,false,0.0000,0.0000,false,false,-1,none,none,false,0.000,0.000,1.17224000,1.17199000,1.17199000,structure_confirmed_swing_low,0.00014000,0.0729,session_low|opening_range_low|neckline_level,1.17232000,0.2972,false,true,true,false,not_blocked,5,3,2,m5_failure_exit,off,none,0.00000000,0.0000,1.30,1.16964000,4.500,-0.300,0.200,PERIOD_M15,1.17499000,1.17199000,0.0467,outside,0.000,true,1.17213000,1.17405000,0.00192000,1.16964000,1.297,0.00063929,18.00,30-60,true,false,none,blocked_spread_too_high,4.800,4.800,none,0.0000,false,neckline_retest_failed,false,not_invalidated,spread_too_high
2025.06.30 17:30:00,signal,session_reversal_pullback_one_symbol_first120,GBPUSD,LONG,2025.06.30 17:25:00,17,14,23,london_newyork_overlap,2025.06.30 13:00,85,first_120min,false,true,3,GBPUSD,highest_score_in_session_bar,london_newyork_overlap=USDJPY|EURJPY|GBPJPY|AUDJPY|EURUSD|GBPUSD,existing_first120_gate,london_newyork_overlap,false,false,true,passed_first_window,inverse_head_and_shoulders,neckline_break_retest,1.36937000,PERIOD_M5,PERIOD_H1,PERIOD_M15,PERIOD_M5,PERIOD_M5,false,htf_soft_alignment,current_post_filter,transcript_post_filter,dow_trend_down_ll_lh,no_ordered_dow_wave3_break,dow_trend_down_ll_lh,no_ordered_dow_wave3_break,false,true,false,LONG,PERIOD_M5,inverse_head_and_shoulders,inverse_head_and_shoulders,4.500,none,0.000,inverse_head_and_shoulders,4.500,none,0.000,LONG,false,PERIOD_H1_SHORT_dow_trend_down_ll_lh|PERIOD_M15_NONE_no_ordered_dow_wave3_break,true,h1_counter_m15_reversal,true,top_SHORT_dow_trend_down_ll_lh|structure_NONE_no_ordered_dow_wave3_break|structure_break_recent_confirmed_swing_break_failed|primary_break_recent_confirmed_swing_break_retest,none,below_75sma_flat_or_rising,below_75sma_falling,above_75sma_flat_or_falling,-1,0.00000000,0,1.36937000,false,off,NONE,NONE,0.00000000,0.00000000,0.0000,none,0.000,true,LONG,return_high_break_or_bos_up,1.37026000,10,1.37108000,1.36841000,false,off,independent,false,,,false,0.0000,none,0.0000,0.0000,none,0.0000,0.0000,0.0000,none,0.0000,0,0,0.0000,none,none,none,none,0.0000,0,0.0000,none,false,true,not_evaluated,true,required_light_or_anchor_flip,short_bias,1.36896000,2025.06.30 13:15:00,1.37108000,2025.06.30 14:15:00,2025.06.30 15:30:00,false,NONE,0.00000000,0.00000000,0.0000,-1,false,,-1,NONE,0.00000000,0.00000000,0.0000,0.0000,none,,none,false,NONE,-1,-1,-1,false,false,none,false,true,false,true,none,true,required,false,PERIOD_M5,,,-1,0.0000,false,0.00000000,0.0000,false,0.0000,false,none,none,false,no_anchor_flip_in_entry_direction,true,required_first_signal_only,LONG,unknown,0.00000000,,0.00000000,,false,,-1,false,NONE,0.00000000,,0.00000000,0.0000,0.0000,none,-1,false,false,false,no_anchor_flip_in_entry_direction,,,,false,false,false,-1,-1,-1,-1,-1,false,false,false,0.0000,falling_n,false,1.37108000,1.36841000,2.5568,false,0.0000,0.0000,0,none,true,0.3093,shallow_236_382,0.080,diagnostic_only,diagnostic_only,diagnostic_only,shallow_pullback,7,0.320,true,none,0.470,high_quality,false,false,diagnostic_only,both,true,none,true,diagnostic_adjacent_detected,required_light,false,false,SHORT,6,false,false,2,2025.06.30 14:50:00,2025.06.30 17:00:00,5,5.1023,1.36937000,0.00000000,1.36937000,true,true,m5_lh_close_break_up,1.36937000,true,0.7090,1.3625,true,1,0.0000,true,1,1.36937000,0.1668,off,false,not_evaluated,none,0.9623,0.0377,very_strong,true,false,false,0.0000,held_clean,true,favorable_side,0.2300,false,clean_retest,2.8361,3.6008,0.7876,1.5015,false,mild_exhaustion,0.0000,none,none,false,false,none,0.0000,0.0000,0.0000,0.0000,none,false,false,0.0000,0.0000,false,false,-1,none,none,false,0.000,0.000,1.37012000,1.36937000,1.37060000,pre_session_high,0.00068000,0.3148,session_high|opening_range_high|neckline_level,1.37012000,0.2781,false,true,false,false,not_blocked,2,2,0,m5_failure_exit,off,none,0.00000000,0.0000,1.30,1.37273000,4.500,-0.300,0.200,PERIOD_M15,1.37108000,1.36841000,0.4345,preferred_382_618,0.000,true,1.36992000,1.36776000,0.00216000,1.37273000,1.301,0.00071929,20.00,60-90,true,false,none,not_consumed,4.800,4.800,none,0.0000,false,opposite_break_first,true,opposite_break_first,spread_too_high
2025.06.30 17:30:00,blocked,session_reversal_pullback_one_symbol_first120,GBPUSD,LONG,2025.06.30 17:25:00,17,14,23,london_newyork_overlap,2025.06.30 13:00,85,first_120min,false,true,3,GBPUSD,highest_score_in_session_bar,london_newyork_overlap=USDJPY|EURJPY|GBPJPY|AUDJPY|EURUSD|GBPUSD,existing_first120_gate,london_newyork_overlap,false,false,true,passed_first_window,inverse_head_and_shoulders,neckline_break_retest,1.36937000,PERIOD_M5,PERIOD_H1,PERIOD_M15,PERIOD_M5,PERIOD_M5,false,htf_soft_alignment,current_post_filter,transcript_post_filter,dow_trend_down_ll_lh,no_ordered_dow_wave3_break,dow_trend_down_ll_lh,no_ordered_dow_wave3_break,false,true,false,LONG,PERIOD_M5,inverse_head_and_shoulders,inverse_head_and_shoulders,4.500,none,0.000,inverse_head_and_shoulders,4.500,none,0.000,LONG,false,PERIOD_H1_SHORT_dow_trend_down_ll_lh|PERIOD_M15_NONE_no_ordered_dow_wave3_break,true,h1_counter_m15_reversal,true,top_SHORT_dow_trend_down_ll_lh|structure_NONE_no_ordered_dow_wave3_break|structure_break_recent_confirmed_swing_break_failed|primary_break_recent_confirmed_swing_break_retest,none,below_75sma_flat_or_rising,below_75sma_falling,above_75sma_flat_or_falling,-1,0.00000000,0,1.36937000,false,off,NONE,NONE,0.00000000,0.00000000,0.0000,none,0.000,true,LONG,return_high_break_or_bos_up,1.37026000,10,1.37108000,1.36841000,false,off,independent,false,,,false,0.0000,none,0.0000,0.0000,none,0.0000,0.0000,0.0000,none,0.0000,0,0,0.0000,none,none,none,none,0.0000,0,0.0000,none,false,true,not_evaluated,true,required_light_or_anchor_flip,short_bias,1.36896000,2025.06.30 13:15:00,1.37108000,2025.06.30 14:15:00,2025.06.30 15:30:00,false,NONE,0.00000000,0.00000000,0.0000,-1,false,,-1,NONE,0.00000000,0.00000000,0.0000,0.0000,none,,none,false,NONE,-1,-1,-1,false,false,none,false,true,false,true,none,true,required,false,PERIOD_M5,,,-1,0.0000,false,0.00000000,0.0000,false,0.0000,false,none,none,false,no_anchor_flip_in_entry_direction,true,required_first_signal_only,LONG,unknown,0.00000000,,0.00000000,,false,,-1,false,NONE,0.00000000,,0.00000000,0.0000,0.0000,none,-1,false,false,false,no_anchor_flip_in_entry_direction,,,,false,false,false,-1,-1,-1,-1,-1,false,false,false,0.0000,falling_n,false,1.37108000,1.36841000,2.5568,false,0.0000,0.0000,0,none,true,0.3093,shallow_236_382,0.080,diagnostic_only,diagnostic_only,diagnostic_only,shallow_pullback,7,0.320,true,none,0.470,high_quality,false,false,diagnostic_only,both,true,none,true,diagnostic_adjacent_detected,required_light,false,false,SHORT,6,false,false,2,2025.06.30 14:50:00,2025.06.30 17:00:00,5,5.1023,1.36937000,0.00000000,1.36937000,true,true,m5_lh_close_break_up,1.36937000,true,0.7090,1.3625,true,1,0.0000,true,1,1.36937000,0.1668,off,false,not_evaluated,none,0.9623,0.0377,very_strong,true,false,false,0.0000,held_clean,true,favorable_side,0.2300,false,clean_retest,2.8361,3.6008,0.7876,1.5015,false,mild_exhaustion,0.0000,none,none,false,false,none,0.0000,0.0000,0.0000,0.0000,none,false,false,0.0000,0.0000,false,false,-1,none,none,false,0.000,0.000,1.37012000,1.36937000,1.37060000,pre_session_high,0.00068000,0.3148,session_high|opening_range_high|neckline_level,1.37012000,0.2781,false,true,false,false,not_blocked,2,2,0,m5_failure_exit,off,none,0.00000000,0.0000,1.30,1.37273000,4.500,-0.300,0.200,PERIOD_M15,1.37108000,1.36841000,0.4345,preferred_382_618,0.000,true,1.36992000,1.36776000,0.00216000,1.37273000,1.301,0.00071929,20.00,60-90,true,false,none,blocked_spread_too_high,4.800,4.800,none,0.0000,false,opposite_break_first,true,opposite_break_first,spread_too_high
2025.07.01 16:05:00,signal,session_reversal_pullback_one_symbol_first120,EURJPY,LONG,2025.07.01 16:00:00,16,13,22,london_newyork_overlap,2025.07.01 13:00,0,first_120min,true,true,3,EURJPY,highest_score_in_session_bar,london_newyork_overlap=USDJPY|EURJPY|GBPJPY|AUDJPY|EURUSD|GBPUSD,existing_first120_gate,london_newyork_overlap,false,false,true,passed_first_window,inverse_head_and_shoulders,neckline_break_retest,168.83600000,PERIOD_M5,PERIOD_H1,PERIOD_M15,PERIOD_M5,PERIOD_M5,false,htf_soft_alignment,current_post_filter,transcript_post_filter,dow_range_or_transition,no_ordered_dow_wave3_break,dow_range_or_transition,no_ordered_dow_wave3_break,false,true,false,LONG,PERIOD_M5,inverse_head_and_shoulders,inverse_head_and_shoulders,4.500,none,0.000,inverse_head_and_shoulders,4.500,none,0.000,LONG,false,PERIOD_H1_NONE_dow_range_or_transition|PERIOD_M15_NONE_no_ordered_dow_wave3_break,true,h1_counter_m15_reversal,true,top_NONE_dow_range_or_transition|structure_NONE_no_ordered_dow_wave3_break|structure_break_recent_confirmed_swing_break_failed|primary_break_recent_confirmed_swing_break_retest,none,below_75sma_falling,below_75sma_falling,above_75sma_flat_or_falling,-1,0.00000000,0,168.91400000,false,off,NONE,NONE,0.00000000,0.00000000,0.0000,none,0.000,true,LONG,return_high_break_or_bos_up,169.12600000,24,169.34500000,168.44100000,false,off,independent,false,,,false,0.0000,none,0.0000,0.0000,none,0.0000,0.0000,0.0000,none,0.0000,0,0,0.0000,none,none,none,none,0.0000,0,0.0000,none,false,true,not_evaluated,true,required_light_or_anchor_flip,short_bias,169.59700000,2025.06.30 20:30:00,168.92300000,2025.07.01 13:30:00,2025.07.01 15:00:00,false,NONE,0.00000000,0.00000000,0.0000,-1,false,,-1,NONE,0.00000000,0.00000000,0.0000,0.0000,none,,none,false,NONE,-1,-1,-1,false,false,none,false,true,false,true,none,true,required,false,PERIOD_M5,,,-1,0.0000,false,0.00000000,0.0000,false,0.0000,false,none,none,false,no_anchor_flip_in_entry_direction,true,required_first_signal_only,LONG,unknown,0.00000000,,0.00000000,,false,,-1,false,NONE,0.00000000,,0.00000000,0.0000,0.0000,none,-1,false,false,false,no_anchor_flip_in_entry_direction,,,,false,false,false,-1,-1,-1,-1,-1,false,false,false,0.0000,falling_n,false,169.34500000,168.44100000,7.6518,false,0.0000,0.0000,0,none,true,0.4159,preferred_382_618,0.200,diagnostic_only,diagnostic_only,diagnostic_only,fib_pullback,24,0.400,true,none,0.550,high_quality,false,false,diagnostic_only,both,true,none,true,diagnostic_adjacent_detected,required_light,false,false,SHORT,4,false,false,2,2025.07.01 13:00:00,2025.07.01 15:40:00,4,4.3330,168.91400000,0.00000000,168.91400000,true,true,m5_lh_close_break_up,168.91400000,true,0.3041,0.9249,true,1,0.0000,false,0,168.91400000,0.7729,off,false,not_evaluated,none,0.9551,0.0449,very_strong,false,false,false,0.0000,no_following_closed_bar,false,none,0.0000,false,no_retest,4.2190,1.7484,2.4130,2.5846,false,no_shrink,0.0000,none,none,false,false,none,0.0000,0.0000,0.0000,0.0000,none,false,false,0.0000,0.0000,false,false,-1,none,none,false,0.000,0.000,169.00000000,168.94200000,169.00000000,round_number,0.03100000,0.1308,session_high|opening_range_high|neckline_level,168.94200000,0.3421,false,false,true,false,not_blocked,1,0,1,m5_failure_exit,off,none,0.00000000,0.0000,1.30,169.27700000,4.500,-0.300,0.200,PERIOD_M15,168.92300000,168.78500000,-0.3333,outside,0.000,true,168.96900000,168.73200000,0.23700000,169.27700000,1.300,0.07892857,30.00,0-30,true,false,none,not_consumed,4.800,4.800,none,0.0000,false,neckline_retest_failed,false,not_invalidated,spread_too_high
2025.07.01 16:05:00,blocked,session_reversal_pullback_one_symbol_first120,EURJPY,LONG,2025.07.01 16:00:00,16,13,22,london_newyork_overlap,2025.07.01 13:00,0,first_120min,true,true,3,EURJPY,highest_score_in_session_bar,london_newyork_overlap=USDJPY|EURJPY|GBPJPY|AUDJPY|EURUSD|GBPUSD,existing_first120_gate,london_newyork_overlap,false,false,true,passed_first_window,inverse_head_and_shoulders,neckline_break_retest,168.83600000,PERIOD_M5,PERIOD_H1,PERIOD_M15,PERIOD_M5,PERIOD_M5,false,htf_soft_alignment,current_post_filter,transcript_post_filter,dow_range_or_transition,no_ordered_dow_wave3_break,dow_range_or_transition,no_ordered_dow_wave3_break,false,true,false,LONG,PERIOD_M5,inverse_head_and_shoulders,inverse_head_and_shoulders,4.500,none,0.000,inverse_head_and_shoulders,4.500,none,0.000,LONG,false,PERIOD_H1_NONE_dow_range_or_transition|PERIOD_M15_NONE_no_ordered_dow_wave3_break,true,h1_counter_m15_reversal,true,top_NONE_dow_range_or_transition|structure_NONE_no_ordered_dow_wave3_break|structure_break_recent_confirmed_swing_break_failed|primary_break_recent_confirmed_swing_break_retest,none,below_75sma_falling,below_75sma_falling,above_75sma_flat_or_falling,-1,0.00000000,0,168.91400000,false,off,NONE,NONE,0.00000000,0.00000000,0.0000,none,0.000,true,LONG,return_high_break_or_bos_up,169.12600000,24,169.34500000,168.44100000,false,off,independent,false,,,false,0.0000,none,0.0000,0.0000,none,0.0000,0.0000,0.0000,none,0.0000,0,0,0.0000,none,none,none,none,0.0000,0,0.0000,none,false,true,not_evaluated,true,required_light_or_anchor_flip,short_bias,169.59700000,2025.06.30 20:30:00,168.92300000,2025.07.01 13:30:00,2025.07.01 15:00:00,false,NONE,0.00000000,0.00000000,0.0000,-1,false,,-1,NONE,0.00000000,0.00000000,0.0000,0.0000,none,,none,false,NONE,-1,-1,-1,false,false,none,false,true,false,true,none,true,required,false,PERIOD_M5,,,-1,0.0000,false,0.00000000,0.0000,false,0.0000,false,none,none,false,no_anchor_flip_in_entry_direction,true,required_first_signal_only,LONG,unknown,0.00000000,,0.00000000,,false,,-1,false,NONE,0.00000000,,0.00000000,0.0000,0.0000,none,-1,false,false,false,no_anchor_flip_in_entry_direction,,,,false,false,false,-1,-1,-1,-1,-1,false,false,false,0.0000,falling_n,false,169.34500000,168.44100000,7.6518,false,0.0000,0.0000,0,none,true,0.4159,preferred_382_618,0.200,diagnostic_only,diagnostic_only,diagnostic_only,fib_pullback,24,0.400,true,none,0.550,high_quality,false,false,diagnostic_only,both,true,none,true,diagnostic_adjacent_detected,required_light,false,false,SHORT,4,false,false,2,2025.07.01 13:00:00,2025.07.01 15:40:00,4,4.3330,168.91400000,0.00000000,168.91400000,true,true,m5_lh_close_break_up,168.91400000,true,0.3041,0.9249,true,1,0.0000,false,0,168.91400000,0.7729,off,false,not_evaluated,none,0.9551,0.0449,very_strong,false,false,false,0.0000,no_following_closed_bar,false,none,0.0000,false,no_retest,4.2190,1.7484,2.4130,2.5846,false,no_shrink,0.0000,none,none,false,false,none,0.0000,0.0000,0.0000,0.0000,none,false,false,0.0000,0.0000,false,false,-1,none,none,false,0.000,0.000,169.00000000,168.94200000,169.00000000,round_number,0.03100000,0.1308,session_high|opening_range_high|neckline_level,168.94200000,0.3421,false,false,true,false,not_blocked,1,0,1,m5_failure_exit,off,none,0.00000000,0.0000,1.30,169.27700000,4.500,-0.300,0.200,PERIOD_M15,168.92300000,168.78500000,-0.3333,outside,0.000,true,168.96900000,168.73200000,0.23700000,169.27700000,1.300,0.07892857,30.00,0-30,true,false,none,blocked_spread_too_high,4.800,4.800,none,0.0000,false,neckline_retest_failed,false,not_invalidated,spread_too_high
2025.07.02 11:00:00,signal,session_reversal_pullback_one_symbol_first120,AUDJPY,SHORT,2025.07.02 10:55:00,10,7,16,london,2025.07.02 07:00,55,first_120min,true,true,3,AUDJPY,highest_score_in_session_bar,london=USDJPY|EURJPY|GBPJPY|AUDJPY|EURUSD|GBPUSD,existing_first120_gate,london,false,false,true,passed_first_window,head_and_shoulders,neckline_break_retest,94.47500000,PERIOD_M5,PERIOD_H1,PERIOD_M15,PERIOD_M5,PERIOD_M5,false,htf_soft_alignment,current_post_filter,transcript_post_filter,dow_range_or_transition,structure_trend_bias_dow_trend_up_hh_hl,dow_range_or_transition,structure_trend_bias_dow_trend_up_hh_hl,false,false,true,SHORT,PERIOD_M5,head_and_shoulders,head_and_shoulders,4.500,none,0.000,head_and_shoulders,4.500,none,0.000,SHORT,false,PERIOD_H1_NONE_dow_range_or_transition|PERIOD_M15_LONG_structure_trend_bias_dow_trend_up_hh_hl,true,h1_counter_m15_reversal,true,top_NONE_dow_range_or_transition|structure_LONG_structure_trend_bias_dow_trend_up_hh_hl|structure_break_recent_confirmed_swing_break_failed|primary_break_recent_confirmed_swing_break_retest,none,above_75sma_flat_or_falling,above_75sma_rising,below_75sma_flat_or_rising,-1,0.00000000,0,94.47100000,false,off,NONE,NONE,0.00000000,0.00000000,0.0000,none,0.000,true,SHORT,return_low_break_or_bos_down,94.37400000,18,94.59000000,94.30300000,false,off,independent,false,,,false,0.0000,none,0.0000,0.0000,none,0.0000,0.0000,0.0000,none,0.0000,0,0,0.0000,none,none,none,none,0.0000,0,0.0000,none,false,true,not_evaluated,true,required_light_or_anchor_flip,long_bias,94.30300000,2025.07.02 03:00:00,94.54800000,2025.07.01 22:45:00,2025.07.02 08:45:00,false,NONE,0.00000000,0.00000000,0.0000,-1,false,,-1,NONE,0.00000000,0.00000000,0.0000,0.0000,none,,none,false,NONE,-1,-1,-1,false,false,none,false,true,false,true,none,true,required,false,PERIOD_M5,,,-1,0.0000,false,0.00000000,0.0000,false,0.0000,false,none,none,false,no_anchor_flip_in_entry_direction,true,required_first_signal_only,SHORT,unknown,0.00000000,,0.00000000,,false,,-1,false,NONE,0.00000000,,0.00000000,0.0000,0.0000,none,-1,false,false,false,no_anchor_flip_in_entry_direction,,,,false,false,false,-1,-1,-1,-1,-1,false,false,false,0.0000,rising_n,false,94.59000000,94.22200000,5.3333,false,0.0000,0.0000,0,none,true,0.3972,preferred_382_618,0.200,diagnostic_only,diagnostic_only,diagnostic_only,deep_pullback,8,0.440,true,none,0.590,high_quality,false,false,diagnostic_only,both,true,none,true,diagnostic_adjacent_detected,required_light,false,false,LONG,5,false,false,1,2025.07.02 09:05:00,2025.07.02 10:30:00,5,3.4272,0.00000000,94.41800000,94.41800000,false,false,none,0.00000000,false,0.0000,0.0000,false,1,0.0000,false,-1,0.00000000,0.0000,off,false,not_evaluated,none,0.0000,0.0000,none,false,false,false,0.0000,none,false,none,0.0000,false,none,3.4272,1.7024,2.0132,0.5376,false,no_shrink,0.0000,none,none,false,false,none,0.0000,0.0000,0.0000,0.0000,none,false,false,0.0000,0.0000,false,false,-1,none,none,false,0.000,0.000,94.41800000,94.41600000,94.30300000,structure_confirmed_swing_low,0.11400000,0.9268,session_low|opening_range_low|neckline_level,94.41600000,0.0224,false,true,false,false,not_blocked,1,1,0,m5_failure_exit,off,none,0.00000000,0.0000,1.30,94.25700000,4.500,0.000,0.200,PERIOD_M15,94.59000000,94.30300000,0.3972,preferred_382_618,0.000,true,94.41700000,94.54000000,0.12300000,94.25700000,1.301,0.04464286,28.00,30-60,true,false,none,not_consumed,5.100,5.100,none,0.0000,false,opposite_break_first,true,opposite_break_first,spread_too_high
2025.07.02 11:00:00,blocked,session_reversal_pullback_one_symbol_first120,AUDJPY,SHORT,2025.07.02 10:55:00,10,7,16,london,2025.07.02 07:00,55,first_120min,true,true,3,AUDJPY,highest_score_in_session_bar,london=USDJPY|EURJPY|GBPJPY|AUDJPY|EURUSD|GBPUSD,existing_first120_gate,london,false,false,true,passed_first_window,head_and_shoulders,neckline_break_retest,94.47500000,PERIOD_M5,PERIOD_H1,PERIOD_M15,PERIOD_M5,PERIOD_M5,false,htf_soft_alignment,current_post_filter,transcript_post_filter,dow_range_or_transition,structure_trend_bias_dow_trend_up_hh_hl,dow_range_or_transition,structure_trend_bias_dow_trend_up_hh_hl,false,false,true,SHORT,PERIOD_M5,head_and_shoulders,head_and_shoulders,4.500,none,0.000,head_and_shoulders,4.500,none,0.000,SHORT,false,PERIOD_H1_NONE_dow_range_or_transition|PERIOD_M15_LONG_structure_trend_bias_dow_trend_up_hh_hl,true,h1_counter_m15_reversal,true,top_NONE_dow_range_or_transition|structure_LONG_structure_trend_bias_dow_trend_up_hh_hl|structure_break_recent_confirmed_swing_break_failed|primary_break_recent_confirmed_swing_break_retest,none,above_75sma_flat_or_falling,above_75sma_rising,below_75sma_flat_or_rising,-1,0.00000000,0,94.47100000,false,off,NONE,NONE,0.00000000,0.00000000,0.0000,none,0.000,true,SHORT,return_low_break_or_bos_down,94.37400000,18,94.59000000,94.30300000,false,off,independent,false,,,false,0.0000,none,0.0000,0.0000,none,0.0000,0.0000,0.0000,none,0.0000,0,0,0.0000,none,none,none,none,0.0000,0,0.0000,none,false,true,not_evaluated,true,required_light_or_anchor_flip,long_bias,94.30300000,2025.07.02 03:00:00,94.54800000,2025.07.01 22:45:00,2025.07.02 08:45:00,false,NONE,0.00000000,0.00000000,0.0000,-1,false,,-1,NONE,0.00000000,0.00000000,0.0000,0.0000,none,,none,false,NONE,-1,-1,-1,false,false,none,false,true,false,true,none,true,required,false,PERIOD_M5,,,-1,0.0000,false,0.00000000,0.0000,false,0.0000,false,none,none,false,no_anchor_flip_in_entry_direction,true,required_first_signal_only,SHORT,unknown,0.00000000,,0.00000000,,false,,-1,false,NONE,0.00000000,,0.00000000,0.0000,0.0000,none,-1,false,false,false,no_anchor_flip_in_entry_direction,,,,false,false,false,-1,-1,-1,-1,-1,false,false,false,0.0000,rising_n,false,94.59000000,94.22200000,5.3333,false,0.0000,0.0000,0,none,true,0.3972,preferred_382_618,0.200,diagnostic_only,diagnostic_only,diagnostic_only,deep_pullback,8,0.440,true,none,0.590,high_quality,false,false,diagnostic_only,both,true,none,true,diagnostic_adjacent_detected,required_light,false,false,LONG,5,false,false,1,2025.07.02 09:05:00,2025.07.02 10:30:00,5,3.4272,0.00000000,94.41800000,94.41800000,false,false,none,0.00000000,false,0.0000,0.0000,false,1,0.0000,false,-1,0.00000000,0.0000,off,false,not_evaluated,none,0.0000,0.0000,none,false,false,false,0.0000,none,false,none,0.0000,false,none,3.4272,1.7024,2.0132,0.5376,false,no_shrink,0.0000,none,none,false,false,none,0.0000,0.0000,0.0000,0.0000,none,false,false,0.0000,0.0000,false,false,-1,none,none,false,0.000,0.000,94.41800000,94.41600000,94.30300000,structure_confirmed_swing_low,0.11400000,0.9268,session_low|opening_range_low|neckline_level,94.41600000,0.0224,false,true,false,false,not_blocked,1,1,0,m5_failure_exit,off,none,0.00000000,0.0000,1.30,94.25700000,4.500,0.000,0.200,PERIOD_M15,94.59000000,94.30300000,0.3972,preferred_382_618,0.000,true,94.41700000,94.54000000,0.12300000,94.25700000,1.301,0.04464286,28.00,30-60,true,false,none,blocked_spread_too_high,5.100,5.100,none,0.0000,false,opposite_break_first,true,opposite_break_first,spread_too_high
2025.07.02 16:20:00,signal,session_reversal_pullback_one_symbol_first120,USDJPY,LONG,2025.07.02 16:15:00,16,13,22,london_newyork_overlap,2025.07.02 13:00,15,first_120min,true,true,3,USDJPY,highest_score_in_session_bar,london_newyork_overlap=USDJPY|EURJPY|GBPJPY|AUDJPY|EURUSD|GBPUSD,existing_first120_gate,london_newyork_overlap,false,false,true,passed_first_window,double_bottom,neckline_break_retest,143.71200000,PERIOD_M5,PERIOD_H1,PERIOD_M15,PERIOD_M5,PERIOD_M5,false,htf_soft_alignment,current_post_filter,transcript_post_filter,dow_range_or_transition,ordered_dow_wave3_break_below_swing_low,dow_range_or_transition,ordered_dow_wave3_break_below_swing_low,false,true,false,LONG,PERIOD_M5,double_bottom,double_bottom,4.200,none,0.000,double_bottom,4.200,none,0.000,LONG,false,PERIOD_H1_NONE_dow_range_or_transition|PERIOD_M15_SHORT_ordered_dow_wave3_break_below_swing_low,true,h1_counter_m15_reversal,true,top_NONE_dow_range_or_transition|structure_SHORT_ordered_dow_wave3_break_below_swing_low|structure_break_recent_confirmed_swing_break_failed|primary_break_recent_confirmed_swing_break_retest,none,below_75sma_falling,above_75sma_rising,below_75sma_falling,-1,0.00000000,0,143.84600000,false,off,NONE,NONE,0.00000000,0.00000000,0.0000,none,0.000,true,LONG,return_high_break_or_bos_up,144.04200000,4,144.23800000,143.48100000,false,off,independent,false,,,false,0.0000,none,0.0000,0.0000,none,0.0000,0.0000,0.0000,none,0.0000,0,0,0.0000,none,none,none,none,0.0000,0,0.0000,none,false,true,not_evaluated,true,required_light_or_anchor_flip,short_bias,143.77400000,2025.07.02 11:00:00,144.20400000,2025.07.02 15:00:00,2025.07.02 15:15:00,false,NONE,0.00000000,0.00000000,0.0000,-1,false,,-1,NONE,0.00000000,0.00000000,0.0000,0.0000,none,,none,false,NONE,-1,-1,-1,false,false,none,false,true,false,true,none,true,required,false,PERIOD_M5,,,-1,0.0000,false,0.00000000,0.0000,false,0.0000,false,none,none,false,no_anchor_flip_in_entry_direction,true,required_first_signal_only,LONG,unknown,0.00000000,,0.00000000,,false,,-1,false,NONE,0.00000000,,0.00000000,0.0000,0.0000,none,-1,false,false,false,no_anchor_flip_in_entry_direction,,,,false,false,false,-1,-1,-1,-1,-1,false,false,false,0.0000,falling_n,false,144.23800000,143.48100000,4.2189,false,0.0000,0.0000,0,none,true,0.4491,preferred_382_618,0.200,diagnostic_only,diagnostic_only,diagnostic_only,shallow_pullback,24,0.450,true,none,0.600,high_quality,false,false,diagnostic_only,both,true,none,true,diagnostic_adjacent_detected,required_light,false,false,SHORT,3,false,false,0,,,-1,0.0000,0.00000000,0.00000000,0.00000000,false,false,none,0.00000000,false,0.0000,0.0000,false,1,0.0000,false,-1,0.00000000,0.0000,off,false,not_evaluated,none,0.0000,0.0000,none,false,false,false,0.0000,none,false,none,0.0000,false,none,0.0000,0.0000,0.0000,0.0000,false,none,0.0000,none,none,false,false,none,0.0000,0.0000,0.0000,0.0000,none,false,false,0.0000,0.0000,false,false,-1,none,none,false,0.000,0.000,143.90700000,143.86100000,144.00000000,round_number,0.10200000,0.2974,session_high|opening_range_high|neckline_level,143.90700000,0.0557,false,true,true,false,not_blocked,6,4,2,m5_failure_exit,off,none,0.00000000,0.0000,1.30,144.34400000,4.200,-0.300,0.200,PERIOD_M15,144.20400000,143.85300000,0.8718,outside,0.000,true,143.89800000,143.55500000,0.34300000,144.34400000,1.300,0.16171429,15.00,0-30,true,false,none,not_consumed,4.500,4.500,none,0.0000,false,opposite_break_first,true,opposite_break_first,session_invalidated
2025.07.02 16:20:00,blocked,session_reversal_pullback_one_symbol_first120,USDJPY,LONG,2025.07.02 16:15:00,16,13,22,london_newyork_overlap,2025.07.02 13:00,15,first_120min,true,true,3,USDJPY,highest_score_in_session_bar,london_newyork_overlap=USDJPY|EURJPY|GBPJPY|AUDJPY|EURUSD|GBPUSD,existing_first120_gate,london_newyork_overlap,false,false,true,passed_first_window,double_bottom,neckline_break_retest,143.71200000,PERIOD_M5,PERIOD_H1,PERIOD_M15,PERIOD_M5,PERIOD_M5,false,htf_soft_alignment,current_post_filter,transcript_post_filter,dow_range_or_transition,ordered_dow_wave3_break_below_swing_low,dow_range_or_transition,ordered_dow_wave3_break_below_swing_low,false,true,false,LONG,PERIOD_M5,double_bottom,double_bottom,4.200,none,0.000,double_bottom,4.200,none,0.000,LONG,false,PERIOD_H1_NONE_dow_range_or_transition|PERIOD_M15_SHORT_ordered_dow_wave3_break_below_swing_low,true,h1_counter_m15_reversal,true,top_NONE_dow_range_or_transition|structure_SHORT_ordered_dow_wave3_break_below_swing_low|structure_break_recent_confirmed_swing_break_failed|primary_break_recent_confirmed_swing_break_retest,none,below_75sma_falling,above_75sma_rising,below_75sma_falling,-1,0.00000000,0,143.84600000,false,off,NONE,NONE,0.00000000,0.00000000,0.0000,none,0.000,true,LONG,return_high_break_or_bos_up,144.04200000,4,144.23800000,143.48100000,false,off,independent,false,,,false,0.0000,none,0.0000,0.0000,none,0.0000,0.0000,0.0000,none,0.0000,0,0,0.0000,none,none,none,none,0.0000,0,0.0000,none,false,true,not_evaluated,true,required_light_or_anchor_flip,short_bias,143.77400000,2025.07.02 11:00:00,144.20400000,2025.07.02 15:00:00,2025.07.02 15:15:00,false,NONE,0.00000000,0.00000000,0.0000,-1,false,,-1,NONE,0.00000000,0.00000000,0.0000,0.0000,none,,none,false,NONE,-1,-1,-1,false,false,none,false,true,false,true,none,true,required,false,PERIOD_M5,,,-1,0.0000,false,0.00000000,0.0000,false,0.0000,false,none,none,false,no_anchor_flip_in_entry_direction,true,required_first_signal_only,LONG,unknown,0.00000000,,0.00000000,,false,,-1,false,NONE,0.00000000,,0.00000000,0.0000,0.0000,none,-1,false,false,false,no_anchor_flip_in_entry_direction,,,,false,false,false,-1,-1,-1,-1,-1,false,false,false,0.0000,falling_n,false,144.23800000,143.48100000,4.2189,false,0.0000,0.0000,0,none,true,0.4491,preferred_382_618,0.200,diagnostic_only,diagnostic_only,diagnostic_only,shallow_pullback,24,0.450,true,none,0.600,high_quality,false,false,diagnostic_only,both,true,none,true,diagnostic_adjacent_detected,required_light,false,false,SHORT,3,false,false,0,,,-1,0.0000,0.00000000,0.00000000,0.00000000,false,false,none,0.00000000,false,0.0000,0.0000,false,1,0.0000,false,-1,0.00000000,0.0000,off,false,not_evaluated,none,0.0000,0.0000,none,false,false,false,0.0000,none,false,none,0.0000,false,none,0.0000,0.0000,0.0000,0.0000,false,none,0.0000,none,none,false,false,none,0.0000,0.0000,0.0000,0.0000,none,false,false,0.0000,0.0000,false,false,-1,none,none,false,0.000,0.000,143.90700000,143.86100000,144.00000000,round_number,0.10200000,0.2974,session_high|opening_range_high|neckline_level,143.90700000,0.0557,false,true,true,false,not_blocked,6,4,2,m5_failure_exit,off,none,0.00000000,0.0000,1.30,144.34400000,4.200,-0.300,0.200,PERIOD_M15,144.20400000,143.85300000,0.8718,outside,0.000,true,143.89800000,143.55500000,0.34300000,144.34400000,1.300,0.16171429,15.00,0-30,true,false,none,blocked_session_invalidated,4.500,4.500,none,0.0000,false,opposite_break_first,true,opposite_break_first,session_invalidated
2025.07.03 10:25:00,signal,session_reversal_pullback_one_symbol_first120,USDJPY,SHORT,2025.07.03 10:20:00,10,7,16,london,2025.07.03 07:00,20,first_120min,true,true,3,USDJPY,highest_score_in_session_bar,london=USDJPY|EURJPY|GBPJPY|AUDJPY|EURUSD|GBPUSD,existing_first120_gate,london,false,false,true,passed_first_window,head_and_shoulders,neckline_break_retest,143.76000000,PERIOD_M5,PERIOD_H1,PERIOD_M15,PERIOD_M5,PERIOD_M5,false,htf_soft_alignment,current_post_filter,transcript_post_filter,dow_trend_up_hh_hl,structure_trend_bias_dow_trend_up_hh_hl,dow_trend_up_hh_hl,structure_trend_bias_dow_trend_up_hh_hl,false,false,true,SHORT,PERIOD_M5,head_and_shoulders,head_and_shoulders,4.500,none,0.000,head_and_shoulders,4.500,none,0.000,SHORT,false,PERIOD_H1_LONG_dow_trend_up_hh_hl|PERIOD_M15_LONG_structure_trend_bias_dow_trend_up_hh_hl,true,h1_counter_m15_reversal,true,top_LONG_dow_trend_up_hh_hl|structure_LONG_structure_trend_bias_dow_trend_up_hh_hl|structure_break_recent_confirmed_swing_break_failed|primary_break_recent_confirmed_swing_break_retest,none,above_75sma_flat_or_falling,above_75sma_flat_or_falling,below_75sma_flat_or_rising,-1,0.00000000,0,143.74300000,false,off,NONE,NONE,0.00000000,0.00000000,0.0000,none,0.000,true,SHORT,return_low_break_or_bos_down,143.56200000,21,143.92200000,143.75500000,false,off,independent,false,,,false,0.0000,none,0.0000,0.0000,none,0.0000,0.0000,0.0000,none,0.0000,0,0,0.0000,none,none,none,none,0.0000,0,0.0000,none,false,true,not_evaluated,true,required_light_or_anchor_flip,long_bias,143.75500000,2025.07.03 07:30:00,143.65100000,2025.07.03 01:00:00,2025.07.03 08:15:00,false,NONE,0.00000000,0.00000000,0.0000,-1,false,,-1,NONE,0.00000000,0.00000000,0.0000,0.0000,none,,none,false,NONE,-1,-1,-1,false,false,none,false,true,false,true,none,true,required,false,PERIOD_M5,,,-1,0.0000,false,0.00000000,0.0000,false,0.0000,false,none,none,false,no_anchor_flip_in_entry_direction,true,required_first_signal_only,SHORT,unknown,0.00000000,,0.00000000,,false,,-1,false,NONE,0.00000000,,0.00000000,0.0000,0.0000,none,-1,false,false,false,no_anchor_flip_in_entry_direction,,,,false,false,false,-1,-1,-1,-1,-1,false,false,false,0.0000,rising_n,false,143.92200000,143.64500000,3.1426,false,0.0000,0.0000,0,none,true,0.5418,preferred_382_618,0.200,diagnostic_only,diagnostic_only,diagnostic_only,shallow_pullback,7,0.440,true,none,0.590,high_quality,false,false,diagnostic_only,both,true,none,true,diagnostic_adjacent_detected,required_light,false,false,LONG,4,false,false,0,2025.07.03 08:20:00,2025.07.03 10:00:00,4,3.0047,0.00000000,143.74300000,143.74300000,true,true,m5_hl_close_break_down,143.74300000,true,0.3467,0.5118,true,1,0.0000,false,0,143.74300000,0.1981,off,false,not_evaluated,none,0.6735,0.3265,strong,false,false,false,0.0000,no_following_closed_bar,false,none,0.0000,false,no_retest,3.0047,2.7901,1.0769,0.0495,true,strong_exhaustion,0.0000,none,none,false,false,none,0.0000,0.0000,0.0000,0.0000,none,false,false,0.0000,0.0000,false,false,-1,none,none,false,0.000,0.000,143.74500000,143.70600000,143.50000000,round_number,0.22200000,1.2198,session_low|opening_range_low|neckline_level,143.70600000,0.2642,false,false,true,false,not_blocked,1,0,1,m5_failure_exit,off,none,0.00000000,0.0000,1.30,143.48600000,4.500,0.150,0.200,PERIOD_M15,143.92200000,143.75500000,-0.1976,outside,0.000,true,143.72200000,143.90400000,0.18200000,143.48600000,1.297,0.06057143,15.00,0-30,true,false,none,not_consumed,5.250,5.250,none,0.0000,false,neckline_retest_failed,false,not_invalidated,spread_too_high
2025.07.03 10:25:00,blocked,session_reversal_pullback_one_symbol_first120,USDJPY,SHORT,2025.07.03 10:20:00,10,7,16,london,2025.07.03 07:00,20,first_120min,true,true,3,USDJPY,highest_score_in_session_bar,london=USDJPY|EURJPY|GBPJPY|AUDJPY|EURUSD|GBPUSD,existing_first120_gate,london,false,false,true,passed_first_window,head_and_shoulders,neckline_break_retest,143.76000000,PERIOD_M5,PERIOD_H1,PERIOD_M15,PERIOD_M5,PERIOD_M5,false,htf_soft_alignment,current_post_filter,transcript_post_filter,dow_trend_up_hh_hl,structure_trend_bias_dow_trend_up_hh_hl,dow_trend_up_hh_hl,structure_trend_bias_dow_trend_up_hh_hl,false,false,true,SHORT,PERIOD_M5,head_and_shoulders,head_and_shoulders,4.500,none,0.000,head_and_shoulders,4.500,none,0.000,SHORT,false,PERIOD_H1_LONG_dow_trend_up_hh_hl|PERIOD_M15_LONG_structure_trend_bias_dow_trend_up_hh_hl,true,h1_counter_m15_reversal,true,top_LONG_dow_trend_up_hh_hl|structure_LONG_structure_trend_bias_dow_trend_up_hh_hl|structure_break_recent_confirmed_swing_break_failed|primary_break_recent_confirmed_swing_break_retest,none,above_75sma_flat_or_falling,above_75sma_flat_or_falling,below_75sma_flat_or_rising,-1,0.00000000,0,143.74300000,false,off,NONE,NONE,0.00000000,0.00000000,0.0000,none,0.000,true,SHORT,return_low_break_or_bos_down,143.56200000,21,143.92200000,143.75500000,false,off,independent,false,,,false,0.0000,none,0.0000,0.0000,none,0.0000,0.0000,0.0000,none,0.0000,0,0,0.0000,none,none,none,none,0.0000,0,0.0000,none,false,true,not_evaluated,true,required_light_or_anchor_flip,long_bias,143.75500000,2025.07.03 07:30:00,143.65100000,2025.07.03 01:00:00,2025.07.03 08:15:00,false,NONE,0.00000000,0.00000000,0.0000,-1,false,,-1,NONE,0.00000000,0.00000000,0.0000,0.0000,none,,none,false,NONE,-1,-1,-1,false,false,none,false,true,false,true,none,true,required,false,PERIOD_M5,,,-1,0.0000,false,0.00000000,0.0000,false,0.0000,false,none,none,false,no_anchor_flip_in_entry_direction,true,required_first_signal_only,SHORT,unknown,0.00000000,,0.00000000,,false,,-1,false,NONE,0.00000000,,0.00000000,0.0000,0.0000,none,-1,false,false,false,no_anchor_flip_in_entry_direction,,,,false,false,false,-1,-1,-1,-1,-1,false,false,false,0.0000,rising_n,false,143.92200000,143.64500000,3.1426,false,0.0000,0.0000,0,none,true,0.5418,preferred_382_618,0.200,diagnostic_only,diagnostic_only,diagnostic_only,shallow_pullback,7,0.440,true,none,0.590,high_quality,false,false,diagnostic_only,both,true,none,true,diagnostic_adjacent_detected,required_light,false,false,LONG,4,false,false,0,2025.07.03 08:20:00,2025.07.03 10:00:00,4,3.0047,0.00000000,143.74300000,143.74300000,true,true,m5_hl_close_break_down,143.74300000,true,0.3467,0.5118,true,1,0.0000,false,0,143.74300000,0.1981,off,false,not_evaluated,none,0.6735,0.3265,strong,false,false,false,0.0000,no_following_closed_bar,false,none,0.0000,false,no_retest,3.0047,2.7901,1.0769,0.0495,true,strong_exhaustion,0.0000,none,none,false,false,none,0.0000,0.0000,0.0000,0.0000,none,false,false,0.0000,0.0000,false,false,-1,none,none,false,0.000,0.000,143.74500000,143.70600000,143.50000000,round_number,0.22200000,1.2198,session_low|opening_range_low|neckline_level,143.70600000,0.2642,false,false,true,false,not_blocked,1,0,1,m5_failure_exit,off,none,0.00000000,0.0000,1.30,143.48600000,4.500,0.150,0.200,PERIOD_M15,143.92200000,143.75500000,-0.1976,outside,0.000,true,143.72200000,143.90400000,0.18200000,143.48600000,1.297,0.06057143,15.00,0-30,true,false,none,blocked_spread_too_high,5.250,5.250,none,0.0000,false,neckline_retest_failed,false,not_invalidated,spread_too_high
2025.07.04 10:20:00,signal,session_reversal_pullback_one_symbol_first120,GBPUSD,SHORT,2025.07.04 10:15:00,10,7,16,london,2025.07.04 07:00,15,first_120min,true,true,3,GBPUSD,highest_score_in_session_bar,london=USDJPY|EURJPY|GBPJPY|AUDJPY|EURUSD|GBPUSD,existing_first120_gate,london,false,false,true,passed_first_window,head_and_shoulders,neckline_break_retest,1.36704000,PERIOD_M5,PERIOD_H1,PERIOD_M15,PERIOD_M5,PERIOD_M5,false,htf_soft_alignment,current_post_filter,transcript_post_filter,dow_range_or_transition,structure_trend_bias_dow_trend_up_hh_hl,dow_range_or_transition,structure_trend_bias_dow_trend_up_hh_hl,false,false,true,SHORT,PERIOD_M5,head_and_shoulders,head_and_shoulders,4.500,none,0.000,head_and_shoulders,4.500,none,0.000,SHORT,false,PERIOD_H1_NONE_dow_range_or_transition|PERIOD_M15_LONG_structure_trend_bias_dow_trend_up_hh_hl,true,h1_counter_m15_reversal,true,top_NONE_dow_range_or_transition|structure_LONG_structure_trend_bias_dow_trend_up_hh_hl|structure_break_recent_confirmed_swing_break_failed|primary_break_no_recent_confirmed_swing_break,none,below_75sma_falling,above_75sma_rising,below_75sma_flat_or_rising,-1,0.00000000,-1,0.00000000,false,off,NONE,NONE,0.00000000,0.00000000,0.0000,none,0.000,true,SHORT,return_low_break_or_bos_down,1.36536000,17,1.36804000,1.36441000,false,off,independent,false,,,false,0.0000,none,0.0000,0.0000,none,0.0000,0.0000,0.0000,none,0.0000,0,0,0.0000,none,none,none,none,0.0000,0,0.0000,none,false,true,not_evaluated,true,required_light_or_anchor_flip,long_bias,1.36510000,2025.07.04 06:00:00,1.36624000,2025.07.03 14:45:00,2025.07.04 09:15:00,false,NONE,0.00000000,0.00000000,0.0000,-1,false,,-1,NONE,0.00000000,0.00000000,0.0000,0.0000,none,,none,false,NONE,-1,-1,-1,false,false,none,false,true,false,true,none,true,required,false,PERIOD_M5,,,-1,0.0000,false,0.00000000,0.0000,false,0.0000,false,none,none,false,no_anchor_flip_in_entry_direction,true,required_first_signal_only,SHORT,unknown,0.00000000,,0.00000000,,false,,-1,false,NONE,0.00000000,,0.00000000,0.0000,0.0000,none,-1,false,false,false,no_anchor_flip_in_entry_direction,,,,false,false,false,-1,-1,-1,-1,-1,false,false,false,0.0000,rising_n,false,1.36804000,1.36425000,5.4198,false,0.0000,0.0000,0,none,true,0.5289,preferred_382_618,0.200,diagnostic_only,diagnostic_only,diagnostic_only,deep_pullback,24,0.400,true,none,0.550,high_quality,false,false,diagnostic_only,both,true,none,true,diagnostic_adjacent_detected,required_light,false,false,LONG,1,false,false,0,,,-1,0.0000,0.00000000,0.00000000,0.00000000,false,false,none,0.00000000,false,0.0000,0.0000,false,1,0.0000,false,-1,0.00000000,0.0000,off,false,not_evaluated,none,0.0000,0.0000,none,false,false,false,0.0000,none,false,none,0.0000,false,none,0.0000,0.0000,0.0000,0.0000,false,none,0.0000,none,none,false,false,none,0.0000,0.0000,0.0000,0.0000,none,false,false,0.0000,0.0000,false,false,-1,none,none,false,0.000,0.000,1.36652000,1.36629000,1.36500000,round_number,0.00133000,0.9708,session_low|opening_range_low|neckline_level,1.36629000,0.0732,false,false,true,false,not_blocked,1,0,1,m5_failure_exit,off,none,0.00000000,0.0000,1.30,1.36455000,4.500,0.000,0.200,PERIOD_M15,1.36680000,1.36652000,-0.6786,outside,0.000,true,1.36633000,1.36770000,0.00137000,1.36455000,1.299,0.00054643,20.00,0-30,true,false,none,not_consumed,4.900,4.900,none,0.0000,false,neckline_retest_failed,false,not_invalidated,spread_too_high
2025.07.04 10:20:00,blocked,session_reversal_pullback_one_symbol_first120,GBPUSD,SHORT,2025.07.04 10:15:00,10,7,16,london,2025.07.04 07:00,15,first_120min,true,true,3,GBPUSD,highest_score_in_session_bar,london=USDJPY|EURJPY|GBPJPY|AUDJPY|EURUSD|GBPUSD,existing_first120_gate,london,false,false,true,passed_first_window,head_and_shoulders,neckline_break_retest,1.36704000,PERIOD_M5,PERIOD_H1,PERIOD_M15,PERIOD_M5,PERIOD_M5,false,htf_soft_alignment,current_post_filter,transcript_post_filter,dow_range_or_transition,structure_trend_bias_dow_trend_up_hh_hl,dow_range_or_transition,structure_trend_bias_dow_trend_up_hh_hl,false,false,true,SHORT,PERIOD_M5,head_and_shoulders,head_and_shoulders,4.500,none,0.000,head_and_shoulders,4.500,none,0.000,SHORT,false,PERIOD_H1_NONE_dow_range_or_transition|PERIOD_M15_LONG_structure_trend_bias_dow_trend_up_hh_hl,true,h1_counter_m15_reversal,true,top_NONE_dow_range_or_transition|structure_LONG_structure_trend_bias_dow_trend_up_hh_hl|structure_break_recent_confirmed_swing_break_failed|primary_break_no_recent_confirmed_swing_break,none,below_75sma_falling,above_75sma_rising,below_75sma_flat_or_rising,-1,0.00000000,-1,0.00000000,false,off,NONE,NONE,0.00000000,0.00000000,0.0000,none,0.000,true,SHORT,return_low_break_or_bos_down,1.36536000,17,1.36804000,1.36441000,false,off,independent,false,,,false,0.0000,none,0.0000,0.0000,none,0.0000,0.0000,0.0000,none,0.0000,0,0,0.0000,none,none,none,none,0.0000,0,0.0000,none,false,true,not_evaluated,true,required_light_or_anchor_flip,long_bias,1.36510000,2025.07.04 06:00:00,1.36624000,2025.07.03 14:45:00,2025.07.04 09:15:00,false,NONE,0.00000000,0.00000000,0.0000,-1,false,,-1,NONE,0.00000000,0.00000000,0.0000,0.0000,none,,none,false,NONE,-1,-1,-1,false,false,none,false,true,false,true,none,true,required,false,PERIOD_M5,,,-1,0.0000,false,0.00000000,0.0000,false,0.0000,false,none,none,false,no_anchor_flip_in_entry_direction,true,required_first_signal_only,SHORT,unknown,0.00000000,,0.00000000,,false,,-1,false,NONE,0.00000000,,0.00000000,0.0000,0.0000,none,-1,false,false,false,no_anchor_flip_in_entry_direction,,,,false,false,false,-1,-1,-1,-1,-1,false,false,false,0.0000,rising_n,false,1.36804000,1.36425000,5.4198,false,0.0000,0.0000,0,none,true,0.5289,preferred_382_618,0.200,diagnostic_only,diagnostic_only,diagnostic_only,deep_pullback,24,0.400,true,none,0.550,high_quality,false,false,diagnostic_only,both,true,none,true,diagnostic_adjacent_detected,required_light,false,false,LONG,1,false,false,0,,,-1,0.0000,0.00000000,0.00000000,0.00000000,false,false,none,0.00000000,false,0.0000,0.0000,false,1,0.0000,false,-1,0.00000000,0.0000,off,false,not_evaluated,none,0.0000,0.0000,none,false,false,false,0.0000,none,false,none,0.0000,false,none,0.0000,0.0000,0.0000,0.0000,false,none,0.0000,none,none,false,false,none,0.0000,0.0000,0.0000,0.0000,none,false,false,0.0000,0.0000,false,false,-1,none,none,false,0.000,0.000,1.36652000,1.36629000,1.36500000,round_number,0.00133000,0.9708,session_low|opening_range_low|neckline_level,1.36629000,0.0732,false,false,true,false,not_blocked,1,0,1,m5_failure_exit,off,none,0.00000000,0.0000,1.30,1.36455000,4.500,0.000,0.200,PERIOD_M15,1.36680000,1.36652000,-0.6786,outside,0.000,true,1.36633000,1.36770000,0.00137000,1.36455000,1.299,0.00054643,20.00,0-30,true,false,none,blocked_spread_too_high,4.900,4.900,none,0.0000,false,neckline_retest_failed,false,not_invalidated,spread_too_high
2025.07.04 16:30:00,signal,session_reversal_pullback_one_symbol_first120,AUDJPY,SHORT,2025.07.04 16:25:00,16,13,22,london_newyork_overlap,2025.07.04 13:00,25,first_120min,true,true,3,AUDJPY,highest_score_in_session_bar,london_newyork_overlap=USDJPY|EURJPY|GBPJPY|AUDJPY|EURUSD|GBPUSD,existing_first120_gate,london_newyork_overlap,false,false,true,passed_first_window,double_top,neckline_break_retest,94.64400000,PERIOD_M5,PERIOD_H1,PERIOD_M15,PERIOD_M5,PERIOD_M5,false,htf_soft_alignment,current_post_filter,transcript_post_filter,dow_trend_up_hh_hl,no_ordered_dow_wave3_break,dow_trend_up_hh_hl,no_ordered_dow_wave3_break,false,false,true,SHORT,PERIOD_M5,double_top,double_top,4.200,none,0.000,double_top,4.200,none,0.000,SHORT,false,PERIOD_H1_LONG_dow_trend_up_hh_hl|PERIOD_M15_NONE_no_ordered_dow_wave3_break,true,h1_counter_m15_reversal,true,top_LONG_dow_trend_up_hh_hl|structure_NONE_no_ordered_dow_wave3_break|structure_break_recent_confirmed_swing_break_failed|primary_break_recent_confirmed_swing_break_failed,none,below_75sma_flat_or_rising,below_75sma_falling,below_75sma_falling,-1,0.00000000,-1,0.00000000,false,off,NONE,NONE,0.00000000,0.00000000,0.0000,none,0.000,true,SHORT,return_low_break_or_bos_down,94.60500000,2,94.69500000,94.60500000,false,off,independent,false,,,false,0.0000,none,0.0000,0.0000,none,0.0000,0.0000,0.0000,none,0.0000,0,0,0.0000,none,none,none,none,0.0000,0,0.0000,none,false,true,not_evaluated,true,required_light_or_anchor_flip,bias_flip_down,94.60500000,2025.07.04 13:45:00,94.86700000,2025.07.04 09:45:00,2025.07.04 14:45:00,true,SHORT,94.60500000,94.59700000,0.1621,2,true,2025.07.04 15:45:00,2,SHORT,94.60500000,94.59700000,0.1621,0.6483,normal,2025.07.04 15:45:00,first_after_anchor,true,SHORT,2,2,2,true,false,fresh_0_4,true,false,false,true,none,true,required,true,PERIOD_M5,2025.07.04 15:50:00,2025.07.04 15:55:00,8,0.4817,true,94.60500000,0.4817,true,0.3532,true,m5_bos_down_after_anchor_retest,failed_close_back_inside,false,post_anchor_close_back_inside,true,required_first_signal_only,SHORT,unknown,0.00000000,,0.00000000,,false,,-1,false,NONE,0.00000000,,0.00000000,0.0000,0.0000,none,-1,false,false,false,insufficient_confirmed_m5_pivots,AUDJPY|SHORT|1751643900|94.605,,,false,false,false,-1,-1,-1,-1,-1,false,false,false,0.0000,range_n,true,94.69500000,94.55600000,2.8162,true,0.6483,0.3846,0,normal,true,0.4396,preferred_382_618,0.200,diagnostic_only,diagnostic_only,diagnostic_only,shallow_pullback,6,0.440,true,none,0.590,high_quality,false,false,diagnostic_only,both,true,none,true,diagnostic_adjacent_detected,required_light,false,false,LONG,3,false,false,0,,,-1,0.0000,0.00000000,0.00000000,0.00000000,false,false,none,0.00000000,false,0.0000,0.0000,false,1,0.0000,false,-1,0.00000000,0.0000,off,false,not_evaluated,none,0.0000,0.0000,none,false,false,false,0.0000,none,false,none,0.0000,false,none,0.0000,0.0000,0.0000,0.0000,false,none,0.0000,none,none,false,false,none,0.0000,0.0000,0.0000,0.0000,none,false,false,0.0000,0.0000,false,false,-1,none,none,false,0.000,0.000,94.64400000,94.62115152,94.62115152,recent_equal_lows,0.01484848,0.3907,neckline_level,94.64400000,0.2569,false,true,true,false,not_blocked,5,3,2,m5_failure_exit,off,none,0.00000000,0.0000,1.30,94.58700000,4.200,-0.300,0.200,PERIOD_M15,94.69500000,94.60500000,0.3444,outside,0.000,true,94.63600000,94.67400000,0.03800000,94.58700000,1.289,0.03114286,28.00,0-30,true,false,none,not_consumed,4.300,4.300,none,0.0000,false,opposite_break_first,true,opposite_break_first,spread_too_high
2025.07.04 16:30:00,blocked,session_reversal_pullback_one_symbol_first120,AUDJPY,SHORT,2025.07.04 16:25:00,16,13,22,london_newyork_overlap,2025.07.04 13:00,25,first_120min,true,true,3,AUDJPY,highest_score_in_session_bar,london_newyork_overlap=USDJPY|EURJPY|GBPJPY|AUDJPY|EURUSD|GBPUSD,existing_first120_gate,london_newyork_overlap,false,false,true,passed_first_window,double_top,neckline_break_retest,94.64400000,PERIOD_M5,PERIOD_H1,PERIOD_M15,PERIOD_M5,PERIOD_M5,false,htf_soft_alignment,current_post_filter,transcript_post_filter,dow_trend_up_hh_hl,no_ordered_dow_wave3_break,dow_trend_up_hh_hl,no_ordered_dow_wave3_break,false,false,true,SHORT,PERIOD_M5,double_top,double_top,4.200,none,0.000,double_top,4.200,none,0.000,SHORT,false,PERIOD_H1_LONG_dow_trend_up_hh_hl|PERIOD_M15_NONE_no_ordered_dow_wave3_break,true,h1_counter_m15_reversal,true,top_LONG_dow_trend_up_hh_hl|structure_NONE_no_ordered_dow_wave3_break|structure_break_recent_confirmed_swing_break_failed|primary_break_recent_confirmed_swing_break_failed,none,below_75sma_flat_or_rising,below_75sma_falling,below_75sma_falling,-1,0.00000000,-1,0.00000000,false,off,NONE,NONE,0.00000000,0.00000000,0.0000,none,0.000,true,SHORT,return_low_break_or_bos_down,94.60500000,2,94.69500000,94.60500000,false,off,independent,false,,,false,0.0000,none,0.0000,0.0000,none,0.0000,0.0000,0.0000,none,0.0000,0,0,0.0000,none,none,none,none,0.0000,0,0.0000,none,false,true,not_evaluated,true,required_light_or_anchor_flip,bias_flip_down,94.60500000,2025.07.04 13:45:00,94.86700000,2025.07.04 09:45:00,2025.07.04 14:45:00,true,SHORT,94.60500000,94.59700000,0.1621,2,true,2025.07.04 15:45:00,2,SHORT,94.60500000,94.59700000,0.1621,0.6483,normal,2025.07.04 15:45:00,first_after_anchor,true,SHORT,2,2,2,true,false,fresh_0_4,true,false,false,true,none,true,required,true,PERIOD_M5,2025.07.04 15:50:00,2025.07.04 15:55:00,8,0.4817,true,94.60500000,0.4817,true,0.3532,true,m5_bos_down_after_anchor_retest,failed_close_back_inside,false,post_anchor_close_back_inside,true,required_first_signal_only,SHORT,unknown,0.00000000,,0.00000000,,false,,-1,false,NONE,0.00000000,,0.00000000,0.0000,0.0000,none,-1,false,false,false,insufficient_confirmed_m5_pivots,AUDJPY|SHORT|1751643900|94.605,,,false,false,false,-1,-1,-1,-1,-1,false,false,false,0.0000,range_n,true,94.69500000,94.55600000,2.8162,true,0.6483,0.3846,0,normal,true,0.4396,preferred_382_618,0.200,diagnostic_only,diagnostic_only,diagnostic_only,shallow_pullback,6,0.440,true,none,0.590,high_quality,false,false,diagnostic_only,both,true,none,true,diagnostic_adjacent_detected,required_light,false,false,LONG,3,false,false,0,,,-1,0.0000,0.00000000,0.00000000,0.00000000,false,false,none,0.00000000,false,0.0000,0.0000,false,1,0.0000,false,-1,0.00000000,0.0000,off,false,not_evaluated,none,0.0000,0.0000,none,false,false,false,0.0000,none,false,none,0.0000,false,none,0.0000,0.0000,0.0000,0.0000,false,none,0.0000,none,none,false,false,none,0.0000,0.0000,0.0000,0.0000,none,false,false,0.0000,0.0000,false,false,-1,none,none,false,0.000,0.000,94.64400000,94.62115152,94.62115152,recent_equal_lows,0.01484848,0.3907,neckline_level,94.64400000,0.2569,false,true,true,false,not_blocked,5,3,2,m5_failure_exit,off,none,0.00000000,0.0000,1.30,94.58700000,4.200,-0.300,0.200,PERIOD_M15,94.69500000,94.60500000,0.3444,outside,0.000,true,94.63600000,94.67400000,0.03800000,94.58700000,1.289,0.03114286,28.00,0-30,true,false,none,blocked_spread_too_high,4.300,4.300,none,0.0000,false,opposite_break_first,true,opposite_break_first,spread_too_high
2025.07.04 19:45:00,signal,session_reversal_pullback_one_symbol_first120,AUDJPY,SHORT,2025.07.04 19:40:00,19,16,1,new_york,2025.07.04 16:00,40,first_120min,true,true,3,AUDJPY,highest_score_in_session_bar,new_york=USDJPY|EURJPY|GBPJPY|AUDJPY|EURUSD|GBPUSD,existing_first120_gate,new_york,false,false,true,passed_first_window,head_and_shoulders,neckline_break_retest,94.64900000,PERIOD_M5,PERIOD_H1,PERIOD_M15,PERIOD_M5,PERIOD_M5,false,htf_soft_alignment,current_post_filter,transcript_post_filter,dow_range_or_transition,no_ordered_dow_wave3_break,dow_range_or_transition,no_ordered_dow_wave3_break,false,false,true,SHORT,PERIOD_M5,head_and_shoulders,head_and_shoulders,4.500,none,0.000,head_and_shoulders,4.500,none,0.000,SHORT,false,PERIOD_H1_NONE_dow_range_or_transition|PERIOD_M15_NONE_no_ordered_dow_wave3_break,true,h1_counter_m15_reversal,true,top_NONE_dow_range_or_transition|structure_NONE_no_ordered_dow_wave3_break|structure_break_recent_confirmed_swing_break_failed|primary_break_recent_confirmed_swing_break_retest,none,above_75sma_rising,below_75sma_falling,below_75sma_falling,-1,0.00000000,0,94.64000000,false,off,NONE,NONE,0.00000000,0.00000000,0.0000,none,0.000,true,SHORT,return_low_break_or_bos_down,94.60500000,15,94.69500000,94.58100000,false,off,independent,false,,,false,0.0000,none,0.0000,0.0000,none,0.0000,0.0000,0.0000,none,0.0000,0,0,0.0000,none,none,none,none,0.0000,0,0.0000,none,false,true,not_evaluated,true,required_light_or_anchor_flip,long_bias,94.59900000,2025.07.04 17:00:00,94.69500000,2025.07.04 14:45:00,2025.07.04 18:45:00,false,NONE,0.00000000,0.00000000,0.0000,-1,false,,-1,NONE,0.00000000,0.00000000,0.0000,0.0000,none,,none,false,NONE,-1,-1,-1,false,false,none,false,true,false,true,none,true,required,false,PERIOD_M5,,,-1,0.0000,false,0.00000000,0.0000,false,0.0000,false,none,none,false,no_anchor_flip_in_entry_direction,true,required_first_signal_only,SHORT,unknown,0.00000000,,0.00000000,,false,,-1,false,NONE,0.00000000,,0.00000000,0.0000,0.0000,none,-1,false,false,false,no_anchor_flip_in_entry_direction,,,,false,false,false,-1,-1,-1,-1,-1,false,false,false,0.0000,rising_n,false,94.69500000,94.58100000,2.7051,false,0.0000,0.0000,0,none,true,0.4561,preferred_382_618,0.200,diagnostic_only,diagnostic_only,diagnostic_only,shallow_pullback,24,0.400,true,none,0.550,high_quality,false,false,diagnostic_only,both,true,none,true,diagnostic_adjacent_detected,required_light,false,false,LONG,7,false,false,1,2025.07.04 17:40:00,2025.07.04 19:10:00,6,4.1894,0.00000000,94.64000000,94.64000000,true,true,m5_hl_close_break_down,94.64000000,true,0.3712,0.7424,true,1,0.0000,false,0,94.64000000,0.5833,off,false,not_evaluated,none,0.8182,0.1818,very_strong,false,false,false,0.0000,no_following_closed_bar,false,none,0.0000,false,no_retest,1.6439,4.1894,0.3924,0.0000,true,strong_exhaustion,0.0000,none,none,false,false,none,0.0000,0.0000,0.0000,0.0000,none,false,false,0.0000,0.0000,false,false,-1,none,none,false,0.000,0.000,94.64000000,94.62900000,94.62805882,recent_equal_lows,0.00494118,0.0988,session_low|opening_range_low|neckline_level,94.62900000,0.2121,false,true,true,false,not_blocked,3,2,1,m5_failure_exit,off,none,0.00000000,0.0000,1.30,94.56700000,4.500,-0.300,0.200,PERIOD_M15,94.67000000,94.59900000,0.4789,preferred_382_618,0.000,true,94.63300000,94.68300000,0.05000000,94.56700000,1.320,0.01885714,28.00,30-60,true,false,none,not_consumed,4.800,4.800,none,0.0000,false,neckline_retest_failed,false,not_invalidated,spread_too_high
2025.07.04 19:45:00,blocked,session_reversal_pullback_one_symbol_first120,AUDJPY,SHORT,2025.07.04 19:40:00,19,16,1,new_york,2025.07.04 16:00,40,first_120min,true,true,3,AUDJPY,highest_score_in_session_bar,new_york=USDJPY|EURJPY|GBPJPY|AUDJPY|EURUSD|GBPUSD,existing_first120_gate,new_york,false,false,true,passed_first_window,head_and_shoulders,neckline_break_retest,94.64900000,PERIOD_M5,PERIOD_H1,PERIOD_M15,PERIOD_M5,PERIOD_M5,false,htf_soft_alignment,current_post_filter,transcript_post_filter,dow_range_or_transition,no_ordered_dow_wave3_break,dow_range_or_transition,no_ordered_dow_wave3_break,false,false,true,SHORT,PERIOD_M5,head_and_shoulders,head_and_shoulders,4.500,none,0.000,head_and_shoulders,4.500,none,0.000,SHORT,false,PERIOD_H1_NONE_dow_range_or_transition|PERIOD_M15_NONE_no_ordered_dow_wave3_break,true,h1_counter_m15_reversal,true,top_NONE_dow_range_or_transition|structure_NONE_no_ordered_dow_wave3_break|structure_break_recent_confirmed_swing_break_failed|primary_break_recent_confirmed_swing_break_retest,none,above_75sma_rising,below_75sma_falling,below_75sma_falling,-1,0.00000000,0,94.64000000,false,off,NONE,NONE,0.00000000,0.00000000,0.0000,none,0.000,true,SHORT,return_low_break_or_bos_down,94.60500000,15,94.69500000,94.58100000,false,off,independent,false,,,false,0.0000,none,0.0000,0.0000,none,0.0000,0.0000,0.0000,none,0.0000,0,0,0.0000,none,none,none,none,0.0000,0,0.0000,none,false,true,not_evaluated,true,required_light_or_anchor_flip,long_bias,94.59900000,2025.07.04 17:00:00,94.69500000,2025.07.04 14:45:00,2025.07.04 18:45:00,false,NONE,0.00000000,0.00000000,0.0000,-1,false,,-1,NONE,0.00000000,0.00000000,0.0000,0.0000,none,,none,false,NONE,-1,-1,-1,false,false,none,false,true,false,true,none,true,required,false,PERIOD_M5,,,-1,0.0000,false,0.00000000,0.0000,false,0.0000,false,none,none,false,no_anchor_flip_in_entry_direction,true,required_first_signal_only,SHORT,unknown,0.00000000,,0.00000000,,false,,-1,false,NONE,0.00000000,,0.00000000,0.0000,0.0000,none,-1,false,false,false,no_anchor_flip_in_entry_direction,,,,false,false,false,-1,-1,-1,-1,-1,false,false,false,0.0000,rising_n,false,94.69500000,94.58100000,2.7051,false,0.0000,0.0000,0,none,true,0.4561,preferred_382_618,0.200,diagnostic_only,diagnostic_only,diagnostic_only,shallow_pullback,24,0.400,true,none,0.550,high_quality,false,false,diagnostic_only,both,true,none,true,diagnostic_adjacent_detected,required_light,false,false,LONG,7,false,false,1,2025.07.04 17:40:00,2025.07.04 19:10:00,6,4.1894,0.00000000,94.64000000,94.64000000,true,true,m5_hl_close_break_down,94.64000000,true,0.3712,0.7424,true,1,0.0000,false,0,94.64000000,0.5833,off,false,not_evaluated,none,0.8182,0.1818,very_strong,false,false,false,0.0000,no_following_closed_bar,false,none,0.0000,false,no_retest,1.6439,4.1894,0.3924,0.0000,true,strong_exhaustion,0.0000,none,none,false,false,none,0.0000,0.0000,0.0000,0.0000,none,false,false,0.0000,0.0000,false,false,-1,none,none,false,0.000,0.000,94.64000000,94.62900000,94.62805882,recent_equal_lows,0.00494118,0.0988,session_low|opening_range_low|neckline_level,94.62900000,0.2121,false,true,true,false,not_blocked,3,2,1,m5_failure_exit,off,none,0.00000000,0.0000,1.30,94.56700000,4.500,-0.300,0.200,PERIOD_M15,94.67000000,94.59900000,0.4789,preferred_382_618,0.000,true,94.63300000,94.68300000,0.05000000,94.56700000,1.320,0.01885714,28.00,30-60,true,false,none,blocked_spread_too_high,4.800,4.800,none,0.0000,false,neckline_retest_failed,false,not_invalidated,spread_too_high
2025.07.07 16:10:00,signal,session_reversal_pullback_one_symbol_first120,GBPUSD,SHORT,2025.07.07 16:05:00,16,13,22,london_newyork_overlap,2025.07.07 13:00,5,first_120min,true,true,3,GBPUSD,highest_score_in_session_bar,london_newyork_overlap=USDJPY|EURJPY|GBPJPY|AUDJPY|EURUSD|GBPUSD,existing_first120_gate,london_newyork_overlap,false,false,true,passed_first_window,double_top,neckline_break_retest,1.36151000,PERIOD_M5,PERIOD_H1,PERIOD_M15,PERIOD_M5,PERIOD_M5,false,htf_soft_alignment,current_post_filter,transcript_post_filter,dow_range_or_transition,structure_trend_bias_dow_trend_down_ll_lh,dow_range_or_transition,structure_trend_bias_dow_trend_down_ll_lh,false,false,true,SHORT,PERIOD_M5,double_top,double_top,4.200,none,0.000,double_top,4.200,none,0.000,SHORT,false,PERIOD_H1_NONE_dow_range_or_transition|PERIOD_M15_SHORT_structure_trend_bias_dow_trend_down_ll_lh,true,h1_counter_m15_reversal,true,top_NONE_dow_range_or_transition|structure_SHORT_structure_trend_bias_dow_trend_down_ll_lh|structure_break_recent_confirmed_swing_break_failed|primary_break_recent_confirmed_swing_break_continuation,none,below_75sma_falling,below_75sma_falling,above_75sma_rising,-1,0.00000000,0,1.36249000,false,off,NONE,NONE,0.00000000,0.00000000,0.0000,none,0.000,true,SHORT,return_low_break_or_bos_down,1.36020000,8,1.36203000,1.35743000,false,off,independent,false,,,false,0.0000,none,0.0000,0.0000,none,0.0000,0.0000,0.0000,none,0.0000,0,0,0.0000,none,none,none,none,0.0000,0,0.0000,none,false,true,not_evaluated,true,required_light_or_anchor_flip,long_bias,1.35938000,2025.07.07 13:30:00,1.36231000,2025.07.07 10:15:00,2025.07.07 14:45:00,false,NONE,0.00000000,0.00000000,0.0000,-1,false,,-1,NONE,0.00000000,0.00000000,0.0000,0.0000,none,,none,false,NONE,-1,-1,-1,false,false,none,false,true,false,true,none,true,required,false,PERIOD_M5,,,-1,0.0000,false,0.00000000,0.0000,false,0.0000,false,none,none,false,no_anchor_flip_in_entry_direction,true,required_first_signal_only,SHORT,unknown,0.00000000,,0.00000000,,false,,-1,false,NONE,0.00000000,,0.00000000,0.0000,0.0000,none,-1,false,false,false,no_anchor_flip_in_entry_direction,,,,false,false,false,-1,-1,-1,-1,-1,false,false,false,0.0000,rising_n,false,1.36231000,1.35743000,5.5141,false,0.0000,0.0000,0,none,true,0.7930,too_deep,0.000,diagnostic_only,diagnostic_only,diagnostic_only,fib_pullback,4,0.240,true,none,0.390,high_quality,false,false,diagnostic_only,both,true,none,true,diagnostic_adjacent_detected,required_light,false,false,LONG,3,false,false,0,,,-1,0.0000,0.00000000,0.00000000,0.00000000,false,false,none,0.00000000,false,0.0000,0.0000,false,1,0.0000,false,-1,0.00000000,0.0000,off,false,not_evaluated,none,0.0000,0.0000,none,false,false,false,0.0000,none,false,none,0.0000,false,none,0.0000,0.0000,0.0000,0.0000,false,none,0.0000,none,none,false,false,none,0.0000,0.0000,0.0000,0.0000,none,false,false,0.0000,0.0000,false,false,-1,none,none,false,0.000,0.000,1.36138500,1.36106000,1.36106000,pre_session_low,0.00024000,0.3200,session_low|opening_range_low|neckline_level,1.36130000,0.0000,false,true,true,false,not_blocked,2,1,1,m5_failure_exit,off,none,0.00000000,0.0000,1.30,1.36032000,4.200,-0.300,0.200,PERIOD_M15,1.36203000,1.35743000,0.8413,outside,0.000,true,1.36130000,1.36205000,0.00075000,1.36032000,1.307,0.00040429,20.00,0-30,true,false,none,not_consumed,4.500,4.500,none,0.0000,false,neckline_retest_failed,false,not_invalidated,spread_too_high
2025.07.07 16:10:00,blocked,session_reversal_pullback_one_symbol_first120,GBPUSD,SHORT,2025.07.07 16:05:00,16,13,22,london_newyork_overlap,2025.07.07 13:00,5,first_120min,true,true,3,GBPUSD,highest_score_in_session_bar,london_newyork_overlap=USDJPY|EURJPY|GBPJPY|AUDJPY|EURUSD|GBPUSD,existing_first120_gate,london_newyork_overlap,false,false,true,passed_first_window,double_top,neckline_break_retest,1.36151000,PERIOD_M5,PERIOD_H1,PERIOD_M15,PERIOD_M5,PERIOD_M5,false,htf_soft_alignment,current_post_filter,transcript_post_filter,dow_range_or_transition,structure_trend_bias_dow_trend_down_ll_lh,dow_range_or_transition,structure_trend_bias_dow_trend_down_ll_lh,false,false,true,SHORT,PERIOD_M5,double_top,double_top,4.200,none,0.000,double_top,4.200,none,0.000,SHORT,false,PERIOD_H1_NONE_dow_range_or_transition|PERIOD_M15_SHORT_structure_trend_bias_dow_trend_down_ll_lh,true,h1_counter_m15_reversal,true,top_NONE_dow_range_or_transition|structure_SHORT_structure_trend_bias_dow_trend_down_ll_lh|structure_break_recent_confirmed_swing_break_failed|primary_break_recent_confirmed_swing_break_continuation,none,below_75sma_falling,below_75sma_falling,above_75sma_rising,-1,0.00000000,0,1.36249000,false,off,NONE,NONE,0.00000000,0.00000000,0.0000,none,0.000,true,SHORT,return_low_break_or_bos_down,1.36020000,8,1.36203000,1.35743000,false,off,independent,false,,,false,0.0000,none,0.0000,0.0000,none,0.0000,0.0000,0.0000,none,0.0000,0,0,0.0000,none,none,none,none,0.0000,0,0.0000,none,false,true,not_evaluated,true,required_light_or_anchor_flip,long_bias,1.35938000,2025.07.07 13:30:00,1.36231000,2025.07.07 10:15:00,2025.07.07 14:45:00,false,NONE,0.00000000,0.00000000,0.0000,-1,false,,-1,NONE,0.00000000,0.00000000,0.0000,0.0000,none,,none,false,NONE,-1,-1,-1,false,false,none,false,true,false,true,none,true,required,false,PERIOD_M5,,,-1,0.0000,false,0.00000000,0.0000,false,0.0000,false,none,none,false,no_anchor_flip_in_entry_direction,true,required_first_signal_only,SHORT,unknown,0.00000000,,0.00000000,,false,,-1,false,NONE,0.00000000,,0.00000000,0.0000,0.0000,none,-1,false,false,false,no_anchor_flip_in_entry_direction,,,,false,false,false,-1,-1,-1,-1,-1,false,false,false,0.0000,rising_n,false,1.36231000,1.35743000,5.5141,false,0.0000,0.0000,0,none,true,0.7930,too_deep,0.000,diagnostic_only,diagnostic_only,diagnostic_only,fib_pullback,4,0.240,true,none,0.390,high_quality,false,false,diagnostic_only,both,true,none,true,diagnostic_adjacent_detected,required_light,false,false,LONG,3,false,false,0,,,-1,0.0000,0.00000000,0.00000000,0.00000000,false,false,none,0.00000000,false,0.0000,0.0000,false,1,0.0000,false,-1,0.00000000,0.0000,off,false,not_evaluated,none,0.0000,0.0000,none,false,false,false,0.0000,none,false,none,0.0000,false,none,0.0000,0.0000,0.0000,0.0000,false,none,0.0000,none,none,false,false,none,0.0000,0.0000,0.0000,0.0000,none,false,false,0.0000,0.0000,false,false,-1,none,none,false,0.000,0.000,1.36138500,1.36106000,1.36106000,pre_session_low,0.00024000,0.3200,session_low|opening_range_low|neckline_level,1.36130000,0.0000,false,true,true,false,not_blocked,2,1,1,m5_failure_exit,off,none,0.00000000,0.0000,1.30,1.36032000,4.200,-0.300,0.200,PERIOD_M15,1.36203000,1.35743000,0.8413,outside,0.000,true,1.36130000,1.36205000,0.00075000,1.36032000,1.307,0.00040429,20.00,0-30,true,false,none,blocked_spread_too_high,4.500,4.500,none,0.0000,false,neckline_retest_failed,false,not_invalidated,spread_too_high
2025.07.07 19:05:00,signal,session_reversal_pullback_one_symbol_first120,EURUSD,SHORT,2025.07.07 19:00:00,19,16,1,new_york,2025.07.07 16:00,0,first_120min,true,true,3,EURUSD,highest_score_in_session_bar,new_york=USDJPY|EURJPY|GBPJPY|AUDJPY|EURUSD|GBPUSD,existing_first120_gate,new_york,false,false,true,passed_first_window,head_and_shoulders,neckline_break_retest,1.17341000,PERIOD_M5,PERIOD_H1,PERIOD_M15,PERIOD_M5,PERIOD_M5,false,htf_soft_alignment,current_post_filter,transcript_post_filter,dow_trend_up_hh_hl,no_ordered_dow_wave3_break,dow_trend_up_hh_hl,no_ordered_dow_wave3_break,false,false,true,SHORT,PERIOD_M5,head_and_shoulders,head_and_shoulders,4.500,none,0.000,head_and_shoulders,4.500,none,0.000,SHORT,false,PERIOD_H1_LONG_dow_trend_up_hh_hl|PERIOD_M15_NONE_no_ordered_dow_wave3_break,true,h1_counter_m15_reversal,true,top_LONG_dow_trend_up_hh_hl|structure_NONE_no_ordered_dow_wave3_break|structure_break_recent_confirmed_swing_break_failed|primary_break_recent_confirmed_swing_break_retest,none,below_75sma_falling,below_75sma_falling,above_75sma_rising,-1,0.00000000,3,1.17320000,false,off,NONE,NONE,0.00000000,0.00000000,0.0000,none,0.000,true,SHORT,return_low_break_or_bos_down,1.17223000,12,1.17446000,1.17175000,false,off,independent,false,,,false,0.0000,none,0.0000,0.0000,none,0.0000,0.0000,0.0000,none,0.0000,0,0,0.0000,none,none,none,none,0.0000,0,0.0000,none,false,true,not_evaluated,true,required_light_or_anchor_flip,long_bias,1.17175000,2025.07.07 15:30:00,1.17334000,2025.07.07 14:45:00,2025.07.07 17:45:00,false,NONE,0.00000000,0.00000000,0.0000,-1,false,,-1,NONE,0.00000000,0.00000000,0.0000,0.0000,none,,none,false,NONE,-1,-1,-1,false,false,none,false,true,false,true,none,true,required,false,PERIOD_M5,,,-1,0.0000,false,0.00000000,0.0000,false,0.0000,false,none,none,false,no_anchor_flip_in_entry_direction,true,required_first_signal_only,SHORT,unknown,0.00000000,,0.00000000,,false,,-1,false,NONE,0.00000000,,0.00000000,0.0000,0.0000,none,-1,false,false,false,no_anchor_flip_in_entry_direction,,,,false,false,false,-1,-1,-1,-1,-1,false,false,false,0.0000,range_n,true,1.17446000,1.17175000,3.7343,false,0.0000,0.0000,0,none,true,0.5720,preferred_382_618,0.200,diagnostic_only,diagnostic_only,diagnostic_only,deep_pullback,4,0.440,true,none,0.590,high_quality,false,false,diagnostic_only,both,true,none,true,diagnostic_adjacent_detected,required_light,false,false,LONG,6,false,false,1,2025.07.07 17:10:00,2025.07.07 18:40:00,4,3.5775,0.00000000,1.17296000,1.17296000,false,false,none,0.00000000,false,0.0000,0.0000,false,1,0.0000,false,-1,0.00000000,0.0000,off,false,not_evaluated,none,0.0000,0.0000,none,false,false,false,0.0000,none,false,none,0.0000,false,none,3.5775,1.8126,1.9737,1.1925,false,no_shrink,0.0000,none,none,false,false,none,0.0000,0.0000,0.0000,0.0000,none,false,false,0.0000,0.0000,false,false,-1,none,none,false,0.000,0.000,1.17336000,1.17328000,1.17328000,wick_cluster_zone,0.00002000,0.0177,neckline_level,1.17341000,0.2624,false,true,true,false,not_blocked,7,3,4,m5_failure_exit,off,none,0.00000000,0.0000,1.30,1.17184000,4.500,-0.300,0.200,PERIOD_M15,1.17446000,1.17175000,0.5720,preferred_382_618,0.000,true,1.17330000,1.17443000,0.00113000,1.17184000,1.292,0.00041929,18.00,0-30,true,false,none,not_consumed,4.800,4.800,none,0.0000,false,neckline_retest_failed,false,not_invalidated,spread_too_high
2025.07.07 19:05:00,blocked,session_reversal_pullback_one_symbol_first120,EURUSD,SHORT,2025.07.07 19:00:00,19,16,1,new_york,2025.07.07 16:00,0,first_120min,true,true,3,EURUSD,highest_score_in_session_bar,new_york=USDJPY|EURJPY|GBPJPY|AUDJPY|EURUSD|GBPUSD,existing_first120_gate,new_york,false,false,true,passed_first_window,head_and_shoulders,neckline_break_retest,1.17341000,PERIOD_M5,PERIOD_H1,PERIOD_M15,PERIOD_M5,PERIOD_M5,false,htf_soft_alignment,current_post_filter,transcript_post_filter,dow_trend_up_hh_hl,no_ordered_dow_wave3_break,dow_trend_up_hh_hl,no_ordered_dow_wave3_break,false,false,true,SHORT,PERIOD_M5,head_and_shoulders,head_and_shoulders,4.500,none,0.000,head_and_shoulders,4.500,none,0.000,SHORT,false,PERIOD_H1_LONG_dow_trend_up_hh_hl|PERIOD_M15_NONE_no_ordered_dow_wave3_break,true,h1_counter_m15_reversal,true,top_LONG_dow_trend_up_hh_hl|structure_NONE_no_ordered_dow_wave3_break|structure_break_recent_confirmed_swing_break_failed|primary_break_recent_confirmed_swing_break_retest,none,below_75sma_falling,below_75sma_falling,above_75sma_rising,-1,0.00000000,3,1.17320000,false,off,NONE,NONE,0.00000000,0.00000000,0.0000,none,0.000,true,SHORT,return_low_break_or_bos_down,1.17223000,12,1.17446000,1.17175000,false,off,independent,false,,,false,0.0000,none,0.0000,0.0000,none,0.0000,0.0000,0.0000,none,0.0000,0,0,0.0000,none,none,none,none,0.0000,0,0.0000,none,false,true,not_evaluated,true,required_light_or_anchor_flip,long_bias,1.17175000,2025.07.07 15:30:00,1.17334000,2025.07.07 14:45:00,2025.07.07 17:45:00,false,NONE,0.00000000,0.00000000,0.0000,-1,false,,-1,NONE,0.00000000,0.00000000,0.0000,0.0000,none,,none,false,NONE,-1,-1,-1,false,false,none,false,true,false,true,none,true,required,false,PERIOD_M5,,,-1,0.0000,false,0.00000000,0.0000,false,0.0000,false,none,none,false,no_anchor_flip_in_entry_direction,true,required_first_signal_only,SHORT,unknown,0.00000000,,0.00000000,,false,,-1,false,NONE,0.00000000,,0.00000000,0.0000,0.0000,none,-1,false,false,false,no_anchor_flip_in_entry_direction,,,,false,false,false,-1,-1,-1,-1,-1,false,false,false,0.0000,range_n,true,1.17446000,1.17175000,3.7343,false,0.0000,0.0000,0,none,true,0.5720,preferred_382_618,0.200,diagnostic_only,diagnostic_only,diagnostic_only,deep_pullback,4,0.440,true,none,0.590,high_quality,false,false,diagnostic_only,both,true,none,true,diagnostic_adjacent_detected,required_light,false,false,LONG,6,false,false,1,2025.07.07 17:10:00,2025.07.07 18:40:00,4,3.5775,0.00000000,1.17296000,1.17296000,false,false,none,0.00000000,false,0.0000,0.0000,false,1,0.0000,false,-1,0.00000000,0.0000,off,false,not_evaluated,none,0.0000,0.0000,none,false,false,false,0.0000,none,false,none,0.0000,false,none,3.5775,1.8126,1.9737,1.1925,false,no_shrink,0.0000,none,none,false,false,none,0.0000,0.0000,0.0000,0.0000,none,false,false,0.0000,0.0000,false,false,-1,none,none,false,0.000,0.000,1.17336000,1.17328000,1.17328000,wick_cluster_zone,0.00002000,0.0177,neckline_level,1.17341000,0.2624,false,true,true,false,not_blocked,7,3,4,m5_failure_exit,off,none,0.00000000,0.0000,1.30,1.17184000,4.500,-0.300,0.200,PERIOD_M15,1.17446000,1.17175000,0.5720,preferred_382_618,0.000,true,1.17330000,1.17443000,0.00113000,1.17184000,1.292,0.00041929,18.00,0-30,true,false,none,blocked_spread_too_high,4.800,4.800,none,0.0000,false,neckline_retest_failed,false,not_invalidated,spread_too_high
2025.07.08 11:05:00,signal,session_reversal_pullback_one_symbol_first120,GBPUSD,LONG,2025.07.08 11:00:00,11,8,17,london,2025.07.08 07:00,60,first_120min,false,true,3,GBPUSD,highest_score_in_session_bar,london=USDJPY|EURJPY|GBPJPY|AUDJPY|EURUSD|GBPUSD,existing_first120_gate,london,true,false,true,passed_first_window,double_bottom,neckline_break_retest,1.36323000,PERIOD_M5,PERIOD_H1,PERIOD_M15,PERIOD_M5,PERIOD_M5,false,htf_soft_alignment,current_post_filter,transcript_post_filter,dow_range_or_transition,no_ordered_dow_wave3_break,dow_range_or_transition,no_ordered_dow_wave3_break,false,true,false,LONG,PERIOD_M5,double_bottom,double_bottom,4.200,none,0.000,double_bottom,4.200,none,0.000,LONG,false,PERIOD_H1_NONE_dow_range_or_transition|PERIOD_M15_NONE_no_ordered_dow_wave3_break,true,h1_counter_m15_reversal,true,top_NONE_dow_range_or_transition|structure_NONE_no_ordered_dow_wave3_break|structure_break_recent_confirmed_swing_break_retest|primary_break_recent_confirmed_swing_break_continuation,none,above_75sma_flat_or_falling,above_75sma_rising,above_75sma_rising,1,1.36418000,0,1.36310000,false,off,NONE,NONE,0.00000000,0.00000000,0.0000,none,0.000,true,LONG,return_high_break_or_bos_up,1.36418000,1,1.36418000,1.36226000,false,off,independent,false,,,false,0.0000,none,0.0000,0.0000,none,0.0000,0.0000,0.0000,none,0.0000,0,0,0.0000,none,none,none,none,0.0000,0,0.0000,none,false,true,not_evaluated,true,required_light_or_anchor_flip,bias_flip_up,1.36273000,2025.07.08 06:15:00,1.36418000,2025.07.08 07:30:00,2025.07.08 08:30:00,true,LONG,1.36418000,1.36439000,0.2695,1,true,2025.07.08 10:30:00,1,LONG,1.36418000,1.36439000,0.2695,0.6159,normal,2025.07.08 10:30:00,first_after_anchor,true,LONG,1,1,1,true,false,fresh_0_4,true,false,false,true,none,true,required,true,PERIOD_M5,2025.07.08 10:35:00,2025.07.08 10:40:00,6,0.5293,true,1.36418000,0.5293,true,0.5122,false,none,failed_close_back_inside,false,post_anchor_close_back_inside,true,required_first_signal_only,LONG,unknown,0.00000000,,0.00000000,,false,,-1,false,NONE,0.00000000,,0.00000000,0.0000,0.0000,none,-1,false,false,false,insufficient_confirmed_m5_pivots,GBPUSD|LONG|1751970600|1.36418,,,false,false,false,-1,-1,-1,-1,-1,false,false,false,0.0000,range_n,true,1.36418000,1.36226000,2.4638,true,0.6159,0.5200,0,normal,true,0.3932,preferred_382_618,0.200,diagnostic_only,diagnostic_only,diagnostic_only,shallow_pullback,9,0.440,true,none,0.590,high_quality,false,false,diagnostic_only,both,true,none,true,diagnostic_adjacent_detected,required_light,false,false,SHORT,5,false,false,0,2025.07.08 08:35:00,2025.07.08 10:40:00,4,3.9098,1.36455000,0.00000000,1.36455000,false,false,none,0.00000000,false,0.0000,0.0000,false,1,0.0000,false,-1,0.00000000,0.0000,off,false,not_evaluated,none,0.0000,0.0000,none,false,false,false,0.0000,none,false,none,0.0000,false,none,3.7049,1.4341,2.5833,0.0000,true,strong_exhaustion,0.0000,none,none,false,false,none,0.0000,0.0000,0.0000,0.0000,none,false,false,0.0000,0.0000,false,false,-1,none,none,false,0.000,0.000,1.36387000,1.36323000,1.36387000,recent_equal_lows,0.00024000,0.2162,neckline_level,1.36323000,0.6829,false,true,true,false,not_blocked,10,4,6,m5_failure_exit,off,none,0.00000000,0.0000,1.30,1.36507000,4.200,-0.300,0.200,PERIOD_M15,1.36418000,1.36226000,0.2865,outside,0.000,true,1.36363000,1.36252000,0.00111000,1.36507000,1.297,0.00058571,20.00,60-90,true,false,none,not_consumed,4.850,4.850,none,0.0000,false,neckline_retest_failed,false,not_invalidated,spread_too_high
2025.07.08 11:05:00,blocked,session_reversal_pullback_one_symbol_first120,GBPUSD,LONG,2025.07.08 11:00:00,11,8,17,london,2025.07.08 07:00,60,first_120min,false,true,3,GBPUSD,highest_score_in_session_bar,london=USDJPY|EURJPY|GBPJPY|AUDJPY|EURUSD|GBPUSD,existing_first120_gate,london,true,false,true,passed_first_window,double_bottom,neckline_break_retest,1.36323000,PERIOD_M5,PERIOD_H1,PERIOD_M15,PERIOD_M5,PERIOD_M5,false,htf_soft_alignment,current_post_filter,transcript_post_filter,dow_range_or_transition,no_ordered_dow_wave3_break,dow_range_or_transition,no_ordered_dow_wave3_break,false,true,false,LONG,PERIOD_M5,double_bottom,double_bottom,4.200,none,0.000,double_bottom,4.200,none,0.000,LONG,false,PERIOD_H1_NONE_dow_range_or_transition|PERIOD_M15_NONE_no_ordered_dow_wave3_break,true,h1_counter_m15_reversal,true,top_NONE_dow_range_or_transition|structure_NONE_no_ordered_dow_wave3_break|structure_break_recent_confirmed_swing_break_retest|primary_break_recent_confirmed_swing_break_continuation,none,above_75sma_flat_or_falling,above_75sma_rising,above_75sma_rising,1,1.36418000,0,1.36310000,false,off,NONE,NONE,0.00000000,0.00000000,0.0000,none,0.000,true,LONG,return_high_break_or_bos_up,1.36418000,1,1.36418000,1.36226000,false,off,independent,false,,,false,0.0000,none,0.0000,0.0000,none,0.0000,0.0000,0.0000,none,0.0000,0,0,0.0000,none,none,none,none,0.0000,0,0.0000,none,false,true,not_evaluated,true,required_light_or_anchor_flip,bias_flip_up,1.36273000,2025.07.08 06:15:00,1.36418000,2025.07.08 07:30:00,2025.07.08 08:30:00,true,LONG,1.36418000,1.36439000,0.2695,1,true,2025.07.08 10:30:00,1,LONG,1.36418000,1.36439000,0.2695,0.6159,normal,2025.07.08 10:30:00,first_after_anchor,true,LONG,1,1,1,true,false,fresh_0_4,true,false,false,true,none,true,required,true,PERIOD_M5,2025.07.08 10:35:00,2025.07.08 10:40:00,6,0.5293,true,1.36418000,0.5293,true,0.5122,false,none,failed_close_back_inside,false,post_anchor_close_back_inside,true,required_first_signal_only,LONG,unknown,0.00000000,,0.00000000,,false,,-1,false,NONE,0.00000000,,0.00000000,0.0000,0.0000,none,-1,false,false,false,insufficient_confirmed_m5_pivots,GBPUSD|LONG|1751970600|1.36418,,,false,false,false,-1,-1,-1,-1,-1,false,false,false,0.0000,range_n,true,1.36418000,1.36226000,2.4638,true,0.6159,0.5200,0,normal,true,0.3932,preferred_382_618,0.200,diagnostic_only,diagnostic_only,diagnostic_only,shallow_pullback,9,0.440,true,none,0.590,high_quality,false,false,diagnostic_only,both,true,none,true,diagnostic_adjacent_detected,required_light,false,false,SHORT,5,false,false,0,2025.07.08 08:35:00,2025.07.08 10:40:00,4,3.9098,1.36455000,0.00000000,1.36455000,false,false,none,0.00000000,false,0.0000,0.0000,false,1,0.0000,false,-1,0.00000000,0.0000,off,false,not_evaluated,none,0.0000,0.0000,none,false,false,false,0.0000,none,false,none,0.0000,false,none,3.7049,1.4341,2.5833,0.0000,true,strong_exhaustion,0.0000,none,none,false,false,none,0.0000,0.0000,0.0000,0.0000,none,false,false,0.0000,0.0000,false,false,-1,none,none,false,0.000,0.000,1.36387000,1.36323000,1.36387000,recent_equal_lows,0.00024000,0.2162,neckline_level,1.36323000,0.6829,false,true,true,false,not_blocked,10,4,6,m5_failure_exit,off,none,0.00000000,0.0000,1.30,1.36507000,4.200,-0.300,0.200,PERIOD_M15,1.36418000,1.36226000,0.2865,outside,0.000,true,1.36363000,1.36252000,0.00111000,1.36507000,1.297,0.00058571,20.00,60-90,true,false,none,blocked_spread_too_high,4.850,4.850,none,0.0000,false,neckline_retest_failed,false,not_invalidated,spread_too_high
2025.07.08 18:00:00,signal,session_reversal_pullback_one_symbol_first120,GBPJPY,LONG,2025.07.08 17:55:00,17,14,23,london_newyork_overlap,2025.07.08 13:00,115,first_120min,false,true,3,GBPJPY,highest_score_in_session_bar,london_newyork_overlap=USDJPY|EURJPY|GBPJPY|AUDJPY|EURUSD|GBPUSD,existing_first120_gate,london_newyork_overlap,true,false,true,passed_first_window,inverse_head_and_shoulders,neckline_break_retest,198.89300000,PERIOD_M5,PERIOD_H1,PERIOD_M15,PERIOD_M5,PERIOD_M5,false,htf_soft_alignment,current_post_filter,transcript_post_filter,dow_trend_down_ll_lh,structure_trend_bias_dow_trend_down_ll_lh,dow_trend_down_ll_lh,structure_trend_bias_dow_trend_down_ll_lh,false,true,false,LONG,PERIOD_M5,inverse_head_and_shoulders,inverse_head_and_shoulders,4.500,none,0.000,inverse_head_and_shoulders,4.500,none,0.000,LONG,false,PERIOD_H1_SHORT_dow_trend_down_ll_lh|PERIOD_M15_SHORT_structure_trend_bias_dow_trend_down_ll_lh,true,h1_counter_m15_reversal,true,top_SHORT_dow_trend_down_ll_lh|structure_SHORT_structure_trend_bias_dow_trend_down_ll_lh|structure_break_recent_confirmed_swing_break_failed|primary_break_recent_confirmed_swing_break_failed,none,above_75sma_rising,above_75sma_rising,above_75sma_flat_or_falling,-1,0.00000000,-1,0.00000000,false,off,NONE,NONE,0.00000000,0.00000000,0.0000,none,0.000,true,LONG,return_high_break_or_bos_up,199.13900000,1,199.16600000,198.65600000,false,off,independent,false,,,false,0.0000,none,0.0000,0.0000,none,0.0000,0.0000,0.0000,none,0.0000,0,0,0.0000,none,none,none,none,0.0000,0,0.0000,none,false,true,not_evaluated,true,required_light_or_anchor_flip,bias_flip_up,198.84500000,2025.07.08 15:00:00,199.13900000,2025.07.08 16:00:00,2025.07.08 17:00:00,true,LONG,199.13900000,199.16600000,0.1488,1,true,2025.07.08 17:30:00,1,LONG,199.13900000,199.16600000,0.1488,1.6260,normal,2025.07.08 17:30:00,first_after_anchor,true,LONG,1,1,1,true,false,fresh_0_4,true,false,false,true,none,true,required,true,PERIOD_M5,2025.07.08 17:35:00,2025.07.08 17:40:00,5,0.6833,true,199.13900000,0.6833,true,0.5417,false,none,failed_close_back_inside,false,post_anchor_close_back_inside,true,required_first_signal_only,LONG,unknown,0.00000000,,0.00000000,,false,,-1,false,NONE,0.00000000,,0.00000000,0.0000,0.0000,none,-1,false,false,false,insufficient_confirmed_m5_pivots,GBPJPY|LONG|1751995800|199.139,,,false,false,false,-1,-1,-1,-1,-1,false,false,false,0.0000,range_n,true,199.41500000,198.65600000,4.1835,true,1.6260,0.0101,0,normal,true,0.3000,shallow_236_382,0.080,diagnostic_only,diagnostic_only,diagnostic_only,shallow_pullback,24,0.330,true,none,0.480,high_quality,false,false,diagnostic_only,both,true,none,true,diagnostic_adjacent_detected,required_light,false,false,SHORT,5,false,false,2,2025.07.08 16:00:00,2025.07.08 17:10:00,9,4.0250,199.06900000,0.00000000,199.06900000,true,true,m5_lh_close_break_up,199.06900000,true,0.8083,0.7750,true,1,0.7500,false,3,199.06900000,0.2250,off,false,not_evaluated,none,1.0000,0.0000,very_strong,false,false,true,0.7500,failed_2bars,true,favorable_side,0.4592,false,clean_retest,3.4417,2.4500,1.4048,1.5750,false,no_shrink,0.0000,none,none,false,false,none,0.0000,0.0000,0.0000,0.0000,none,false,false,0.0000,0.0000,false,false,-1,none,none,false,0.000,0.000,199.06600000,198.99000000,199.06600000,recent_rejection_zone,0.05300000,0.1563,neckline_level,198.89300000,1.0000,false,true,true,false,not_blocked,10,6,4,m5_failure_exit,off,none,0.00000000,0.0000,1.30,199.45300000,4.500,-0.300,0.200,PERIOD_M15,199.13900000,198.67300000,0.2704,outside,0.000,true,199.01300000,198.67400000,0.33900000,199.45300000,1.298,0.12000000,38.00,90-120,true,false,none,not_consumed,4.600,4.600,none,0.0000,false,opposite_break_first,true,opposite_break_first,spread_too_high
2025.07.08 18:00:00,blocked,session_reversal_pullback_one_symbol_first120,GBPJPY,LONG,2025.07.08 17:55:00,17,14,23,london_newyork_overlap,2025.07.08 13:00,115,first_120min,false,true,3,GBPJPY,highest_score_in_session_bar,london_newyork_overlap=USDJPY|EURJPY|GBPJPY|AUDJPY|EURUSD|GBPUSD,existing_first120_gate,london_newyork_overlap,true,false,true,passed_first_window,inverse_head_and_shoulders,neckline_break_retest,198.89300000,PERIOD_M5,PERIOD_H1,PERIOD_M15,PERIOD_M5,PERIOD_M5,false,htf_soft_alignment,current_post_filter,transcript_post_filter,dow_trend_down_ll_lh,structure_trend_bias_dow_trend_down_ll_lh,dow_trend_down_ll_lh,structure_trend_bias_dow_trend_down_ll_lh,false,true,false,LONG,PERIOD_M5,inverse_head_and_shoulders,inverse_head_and_shoulders,4.500,none,0.000,inverse_head_and_shoulders,4.500,none,0.000,LONG,false,PERIOD_H1_SHORT_dow_trend_down_ll_lh|PERIOD_M15_SHORT_structure_trend_bias_dow_trend_down_ll_lh,true,h1_counter_m15_reversal,true,top_SHORT_dow_trend_down_ll_lh|structure_SHORT_structure_trend_bias_dow_trend_down_ll_lh|structure_break_recent_confirmed_swing_break_failed|primary_break_recent_confirmed_swing_break_failed,none,above_75sma_rising,above_75sma_rising,above_75sma_flat_or_falling,-1,0.00000000,-1,0.00000000,false,off,NONE,NONE,0.00000000,0.00000000,0.0000,none,0.000,true,LONG,return_high_break_or_bos_up,199.13900000,1,199.16600000,198.65600000,false,off,independent,false,,,false,0.0000,none,0.0000,0.0000,none,0.0000,0.0000,0.0000,none,0.0000,0,0,0.0000,none,none,none,none,0.0000,0,0.0000,none,false,true,not_evaluated,true,required_light_or_anchor_flip,bias_flip_up,198.84500000,2025.07.08 15:00:00,199.13900000,2025.07.08 16:00:00,2025.07.08 17:00:00,true,LONG,199.13900000,199.16600000,0.1488,1,true,2025.07.08 17:30:00,1,LONG,199.13900000,199.16600000,0.1488,1.6260,normal,2025.07.08 17:30:00,first_after_anchor,true,LONG,1,1,1,true,false,fresh_0_4,true,false,false,true,none,true,required,true,PERIOD_M5,2025.07.08 17:35:00,2025.07.08 17:40:00,5,0.6833,true,199.13900000,0.6833,true,0.5417,false,none,failed_close_back_inside,false,post_anchor_close_back_inside,true,required_first_signal_only,LONG,unknown,0.00000000,,0.00000000,,false,,-1,false,NONE,0.00000000,,0.00000000,0.0000,0.0000,none,-1,false,false,false,insufficient_confirmed_m5_pivots,GBPJPY|LONG|1751995800|199.139,,,false,false,false,-1,-1,-1,-1,-1,false,false,false,0.0000,range_n,true,199.41500000,198.65600000,4.1835,true,1.6260,0.0101,0,normal,true,0.3000,shallow_236_382,0.080,diagnostic_only,diagnostic_only,diagnostic_only,shallow_pullback,24,0.330,true,none,0.480,high_quality,false,false,diagnostic_only,both,true,none,true,diagnostic_adjacent_detected,required_light,false,false,SHORT,5,false,false,2,2025.07.08 16:00:00,2025.07.08 17:10:00,9,4.0250,199.06900000,0.00000000,199.06900000,true,true,m5_lh_close_break_up,199.06900000,true,0.8083,0.7750,true,1,0.7500,false,3,199.06900000,0.2250,off,false,not_evaluated,none,1.0000,0.0000,very_strong,false,false,true,0.7500,failed_2bars,true,favorable_side,0.4592,false,clean_retest,3.4417,2.4500,1.4048,1.5750,false,no_shrink,0.0000,none,none,false,false,none,0.0000,0.0000,0.0000,0.0000,none,false,false,0.0000,0.0000,false,false,-1,none,none,false,0.000,0.000,199.06600000,198.99000000,199.06600000,recent_rejection_zone,0.05300000,0.1563,neckline_level,198.89300000,1.0000,false,true,true,false,not_blocked,10,6,4,m5_failure_exit,off,none,0.00000000,0.0000,1.30,199.45300000,4.500,-0.300,0.200,PERIOD_M15,199.13900000,198.67300000,0.2704,outside,0.000,true,199.01300000,198.67400000,0.33900000,199.45300000,1.298,0.12000000,38.00,90-120,true,false,none,blocked_spread_too_high,4.600,4.600,none,0.0000,false,opposite_break_first,true,opposite_break_first,spread_too_high
2025.07.09 11:40:00,signal,session_reversal_pullback_one_symbol_first120,EURUSD,SHORT,2025.07.09 11:35:00,11,8,17,london,2025.07.09 07:00,95,first_120min,false,true,3,EURUSD,highest_score_in_session_bar,london=USDJPY|EURJPY|GBPJPY|AUDJPY|EURUSD|GBPUSD,existing_first120_gate,london,true,false,true,passed_first_window,double_top,neckline_break_retest,1.17193000,PERIOD_M5,PERIOD_H1,PERIOD_M15,PERIOD_M5,PERIOD_M5,false,htf_soft_alignment,current_post_filter,transcript_post_filter,dow_range_or_transition,structure_trend_bias_dow_trend_up_hh_hl,dow_range_or_transition,structure_trend_bias_dow_trend_up_hh_hl,false,false,true,SHORT,PERIOD_M5,double_top,double_top,4.200,none,0.000,double_top,4.200,none,0.000,SHORT,false,PERIOD_H1_NONE_dow_range_or_transition|PERIOD_M15_LONG_structure_trend_bias_dow_trend_up_hh_hl,true,h1_counter_m15_reversal,true,top_NONE_dow_range_or_transition|structure_LONG_structure_trend_bias_dow_trend_up_hh_hl|structure_break_recent_confirmed_swing_break_retest|primary_break_recent_confirmed_swing_break_failed,none,below_75sma_falling,below_75sma_flat_or_rising,above_75sma_flat_or_falling,1,1.17116000,-1,0.00000000,false,off,NONE,NONE,0.00000000,0.00000000,0.0000,none,0.000,true,SHORT,return_low_break_or_bos_down,1.17116000,1,1.17278000,1.17116000,false,off,independent,false,,,false,0.0000,none,0.0000,0.0000,none,0.0000,0.0000,0.0000,none,0.0000,0,0,0.0000,none,none,none,none,0.0000,0,0.0000,none,false,true,not_evaluated,true,required_light_or_anchor_flip,bias_flip_down,1.17116000,2025.07.09 09:30:00,1.17252000,2025.07.09 04:15:00,2025.07.09 09:45:00,true,SHORT,1.17116000,1.17097000,0.2538,3,true,2025.07.09 10:30:00,3,SHORT,1.17116000,1.17097000,0.2538,1.4427,strong,2025.07.09 11:00:00,first_after_anchor,true,SHORT,3,1,3,true,false,fresh_0_4,true,false,false,true,none,true,required,true,PERIOD_M5,2025.07.09 10:35:00,2025.07.09 10:35:00,13,1.1619,true,1.17116000,1.1619,false,0.0000,true,m5_bearish_close_after_anchor_retest,retest_reconfirm,true,none,true,required_first_signal_only,SHORT,falling_n,0.00000000,,0.00000000,,false,,-1,false,NONE,0.00000000,,0.00000000,0.0000,0.0000,none,-1,false,false,false,micro_n_not_corrective_for_entry,EURUSD|SHORT|1752057000|1.17116,,,false,false,false,-1,-1,-1,-1,-1,false,false,false,0.0000,rising_n,false,1.17278000,1.17005000,3.6469,true,1.4427,0.3609,2,strong,true,0.6154,preferred_382_618,0.200,diagnostic_only,diagnostic_only,diagnostic_only,deep_pullback,6,0.440,true,none,0.590,high_quality,false,false,diagnostic_only,both,true,none,true,diagnostic_adjacent_detected,required_light,false,false,LONG,6,false,false,0,2025.07.09 09:55:00,2025.07.09 11:15:00,4,4.9905,0.00000000,1.17016000,1.17016000,false,false,none,0.00000000,false,0.0000,0.0000,false,1,0.0000,false,-1,0.00000000,0.0000,off,false,not_evaluated,none,0.0000,0.0000,none,false,false,false,0.0000,none,false,none,0.0000,false,none,1.9619,4.5905,0.4274,0.0000,true,strong_exhaustion,0.0000,none,none,false,false,none,0.0000,0.0000,0.0000,0.0000,none,false,false,0.0000,0.0000,false,false,-1,none,none,false,0.000,0.000,1.17193000,1.17166000,1.17139000,top_context_confirmed_swing_low,0.00034000,0.5313,opening_range_low|neckline_level,1.17166000,0.1333,false,true,true,false,not_blocked,5,3,2,m5_failure_exit,off,none,0.00000000,0.0000,1.30,1.17089000,4.200,-0.300,0.200,PERIOD_M15,1.17278000,1.17116000,0.3519,outside,0.000,true,1.17173000,1.17237000,0.00064000,1.17089000,1.312,0.00052500,18.00,90-120,true,false,none,not_consumed,4.650,4.650,none,0.0000,false,neckline_retest_failed,false,not_invalidated,spread_too_high
2025.07.09 11:40:00,blocked,session_reversal_pullback_one_symbol_first120,EURUSD,SHORT,2025.07.09 11:35:00,11,8,17,london,2025.07.09 07:00,95,first_120min,false,true,3,EURUSD,highest_score_in_session_bar,london=USDJPY|EURJPY|GBPJPY|AUDJPY|EURUSD|GBPUSD,existing_first120_gate,london,true,false,true,passed_first_window,double_top,neckline_break_retest,1.17193000,PERIOD_M5,PERIOD_H1,PERIOD_M15,PERIOD_M5,PERIOD_M5,false,htf_soft_alignment,current_post_filter,transcript_post_filter,dow_range_or_transition,structure_trend_bias_dow_trend_up_hh_hl,dow_range_or_transition,structure_trend_bias_dow_trend_up_hh_hl,false,false,true,SHORT,PERIOD_M5,double_top,double_top,4.200,none,0.000,double_top,4.200,none,0.000,SHORT,false,PERIOD_H1_NONE_dow_range_or_transition|PERIOD_M15_LONG_structure_trend_bias_dow_trend_up_hh_hl,true,h1_counter_m15_reversal,true,top_NONE_dow_range_or_transition|structure_LONG_structure_trend_bias_dow_trend_up_hh_hl|structure_break_recent_confirmed_swing_break_retest|primary_break_recent_confirmed_swing_break_failed,none,below_75sma_falling,below_75sma_flat_or_rising,above_75sma_flat_or_falling,1,1.17116000,-1,0.00000000,false,off,NONE,NONE,0.00000000,0.00000000,0.0000,none,0.000,true,SHORT,return_low_break_or_bos_down,1.17116000,1,1.17278000,1.17116000,false,off,independent,false,,,false,0.0000,none,0.0000,0.0000,none,0.0000,0.0000,0.0000,none,0.0000,0,0,0.0000,none,none,none,none,0.0000,0,0.0000,none,false,true,not_evaluated,true,required_light_or_anchor_flip,bias_flip_down,1.17116000,2025.07.09 09:30:00,1.17252000,2025.07.09 04:15:00,2025.07.09 09:45:00,true,SHORT,1.17116000,1.17097000,0.2538,3,true,2025.07.09 10:30:00,3,SHORT,1.17116000,1.17097000,0.2538,1.4427,strong,2025.07.09 11:00:00,first_after_anchor,true,SHORT,3,1,3,true,false,fresh_0_4,true,false,false,true,none,true,required,true,PERIOD_M5,2025.07.09 10:35:00,2025.07.09 10:35:00,13,1.1619,true,1.17116000,1.1619,false,0.0000,true,m5_bearish_close_after_anchor_retest,retest_reconfirm,true,none,true,required_first_signal_only,SHORT,falling_n,0.00000000,,0.00000000,,false,,-1,false,NONE,0.00000000,,0.00000000,0.0000,0.0000,none,-1,false,false,false,micro_n_not_corrective_for_entry,EURUSD|SHORT|1752057000|1.17116,,,false,false,false,-1,-1,-1,-1,-1,false,false,false,0.0000,rising_n,false,1.17278000,1.17005000,3.6469,true,1.4427,0.3609,2,strong,true,0.6154,preferred_382_618,0.200,diagnostic_only,diagnostic_only,diagnostic_only,deep_pullback,6,0.440,true,none,0.590,high_quality,false,false,diagnostic_only,both,true,none,true,diagnostic_adjacent_detected,required_light,false,false,LONG,6,false,false,0,2025.07.09 09:55:00,2025.07.09 11:15:00,4,4.9905,0.00000000,1.17016000,1.17016000,false,false,none,0.00000000,false,0.0000,0.0000,false,1,0.0000,false,-1,0.00000000,0.0000,off,false,not_evaluated,none,0.0000,0.0000,none,false,false,false,0.0000,none,false,none,0.0000,false,none,1.9619,4.5905,0.4274,0.0000,true,strong_exhaustion,0.0000,none,none,false,false,none,0.0000,0.0000,0.0000,0.0000,none,false,false,0.0000,0.0000,false,false,-1,none,none,false,0.000,0.000,1.17193000,1.17166000,1.17139000,top_context_confirmed_swing_low,0.00034000,0.5313,opening_range_low|neckline_level,1.17166000,0.1333,false,true,true,false,not_blocked,5,3,2,m5_failure_exit,off,none,0.00000000,0.0000,1.30,1.17089000,4.200,-0.300,0.200,PERIOD_M15,1.17278000,1.17116000,0.3519,outside,0.000,true,1.17173000,1.17237000,0.00064000,1.17089000,1.312,0.00052500,18.00,90-120,true,false,none,blocked_spread_too_high,4.650,4.650,none,0.0000,false,neckline_retest_failed,false,not_invalidated,spread_too_high
2025.07.09 16:05:00,signal,session_reversal_pullback_one_symbol_first120,EURUSD,LONG,2025.07.09 16:00:00,16,13,22,london_newyork_overlap,2025.07.09 13:00,0,first_120min,true,true,3,EURUSD,highest_score_in_session_bar,london_newyork_overlap=USDJPY|EURJPY|GBPJPY|AUDJPY|EURUSD|GBPUSD,existing_first120_gate,london_newyork_overlap,false,false,true,passed_first_window,inverse_head_and_shoulders,neckline_break_retest,1.17122000,PERIOD_M5,PERIOD_H1,PERIOD_M15,PERIOD_M5,PERIOD_M5,false,htf_soft_alignment,current_post_filter,transcript_post_filter,dow_range_or_transition,structure_trend_bias_dow_trend_down_ll_lh,dow_range_or_transition,structure_trend_bias_dow_trend_down_ll_lh,false,true,true,LONG,PERIOD_M5,inverse_head_and_shoulders,inverse_head_and_shoulders,4.500,none,0.000,inverse_head_and_shoulders,4.500,none,0.000,LONG,false,PERIOD_H1_NONE_dow_range_or_transition|PERIOD_M15_SHORT_structure_trend_bias_dow_trend_down_ll_lh,true,h1_counter_m15_reversal,true,top_NONE_dow_range_or_transition|structure_SHORT_structure_trend_bias_dow_trend_down_ll_lh|structure_break_recent_confirmed_swing_break_failed|primary_break_recent_confirmed_swing_break_continuation,none,below_75sma_falling,below_75sma_falling,above_75sma_flat_or_falling,-1,0.00000000,0,1.17059000,false,off,NONE,NONE,0.00000000,0.00000000,0.0000,none,0.000,true,LONG,return_high_break_or_bos_up,1.17207000,24,1.17169000,1.16889000,false,off,independent,false,,,false,0.0000,none,0.0000,0.0000,none,0.0000,0.0000,0.0000,none,0.0000,0,0,0.0000,none,none,none,none,0.0000,0,0.0000,none,false,true,not_evaluated,true,required_light_or_anchor_flip,short_bias,1.17116000,2025.07.09 09:30:00,1.17169000,2025.07.09 13:00:00,2025.07.09 14:45:00,false,NONE,0.00000000,0.00000000,0.0000,-1,false,,-1,NONE,0.00000000,0.00000000,0.0000,0.0000,none,,none,false,NONE,-1,-1,-1,false,false,none,false,true,false,true,none,true,required,false,PERIOD_M5,,,-1,0.0000,false,0.00000000,0.0000,false,0.0000,false,none,none,false,no_anchor_flip_in_entry_direction,true,required_first_signal_only,LONG,unknown,0.00000000,,0.00000000,,false,,-1,false,NONE,0.00000000,,0.00000000,0.0000,0.0000,none,-1,false,false,false,no_anchor_flip_in_entry_direction,,,,false,false,false,-1,-1,-1,-1,-1,false,false,false,0.0000,falling_n,false,1.17278000,1.16889000,4.6468,false,0.0000,0.0000,0,none,true,0.3213,shallow_236_382,0.080,diagnostic_only,diagnostic_only,diagnostic_only,shallow_pullback,4,0.370,true,none,0.520,high_quality,false,false,diagnostic_only,both,true,none,true,diagnostic_adjacent_detected,required_light,false,false,SHORT,6,false,false,0,2025.07.09 14:45:00,2025.07.09 15:30:00,6,4.1139,1.17147000,0.00000000,1.17147000,false,false,none,0.00000000,false,0.0000,0.0000,false,1,0.0000,false,-1,0.00000000,0.0000,off,false,not_evaluated,none,0.0000,0.0000,none,false,false,false,0.0000,none,false,none,0.0000,false,none,2.3599,2.7107,0.8706,0.0000,true,strong_exhaustion,0.0000,none,none,false,false,none,0.0000,0.0000,0.0000,0.0000,none,false,false,0.0000,0.0000,false,false,-1,none,none,false,0.000,0.000,1.17163000,1.17138200,1.17163000,pre_session_high,0.00010000,0.0637,session_high|opening_range_high|neckline_level,1.17168000,0.2392,false,true,true,false,not_blocked,5,3,2,m5_failure_exit,off,none,0.00000000,0.0000,1.30,1.17357000,4.500,-0.300,0.200,PERIOD_M15,1.17169000,1.16889000,0.0571,outside,0.000,true,1.17153000,1.16996000,0.00157000,1.17357000,1.299,0.00062714,18.00,0-30,true,false,none,not_consumed,4.800,4.800,none,0.0000,false,neckline_retest_failed,false,not_invalidated,spread_too_high
2025.07.09 16:05:00,blocked,session_reversal_pullback_one_symbol_first120,EURUSD,LONG,2025.07.09 16:00:00,16,13,22,london_newyork_overlap,2025.07.09 13:00,0,first_120min,true,true,3,EURUSD,highest_score_in_session_bar,london_newyork_overlap=USDJPY|EURJPY|GBPJPY|AUDJPY|EURUSD|GBPUSD,existing_first120_gate,london_newyork_overlap,false,false,true,passed_first_window,inverse_head_and_shoulders,neckline_break_retest,1.17122000,PERIOD_M5,PERIOD_H1,PERIOD_M15,PERIOD_M5,PERIOD_M5,false,htf_soft_alignment,current_post_filter,transcript_post_filter,dow_range_or_transition,structure_trend_bias_dow_trend_down_ll_lh,dow_range_or_transition,structure_trend_bias_dow_trend_down_ll_lh,false,true,true,LONG,PERIOD_M5,inverse_head_and_shoulders,inverse_head_and_shoulders,4.500,none,0.000,inverse_head_and_shoulders,4.500,none,0.000,LONG,false,PERIOD_H1_NONE_dow_range_or_transition|PERIOD_M15_SHORT_structure_trend_bias_dow_trend_down_ll_lh,true,h1_counter_m15_reversal,true,top_NONE_dow_range_or_transition|structure_SHORT_structure_trend_bias_dow_trend_down_ll_lh|structure_break_recent_confirmed_swing_break_failed|primary_break_recent_confirmed_swing_break_continuation,none,below_75sma_falling,below_75sma_falling,above_75sma_flat_or_falling,-1,0.00000000,0,1.17059000,false,off,NONE,NONE,0.00000000,0.00000000,0.0000,none,0.000,true,LONG,return_high_break_or_bos_up,1.17207000,24,1.17169000,1.16889000,false,off,independent,false,,,false,0.0000,none,0.0000,0.0000,none,0.0000,0.0000,0.0000,none,0.0000,0,0,0.0000,none,none,none,none,0.0000,0,0.0000,none,false,true,not_evaluated,true,required_light_or_anchor_flip,short_bias,1.17116000,2025.07.09 09:30:00,1.17169000,2025.07.09 13:00:00,2025.07.09 14:45:00,false,NONE,0.00000000,0.00000000,0.0000,-1,false,,-1,NONE,0.00000000,0.00000000,0.0000,0.0000,none,,none,false,NONE,-1,-1,-1,false,false,none,false,true,false,true,none,true,required,false,PERIOD_M5,,,-1,0.0000,false,0.00000000,0.0000,false,0.0000,false,none,none,false,no_anchor_flip_in_entry_direction,true,required_first_signal_only,LONG,unknown,0.00000000,,0.00000000,,false,,-1,false,NONE,0.00000000,,0.00000000,0.0000,0.0000,none,-1,false,false,false,no_anchor_flip_in_entry_direction,,,,false,false,false,-1,-1,-1,-1,-1,false,false,false,0.0000,falling_n,false,1.17278000,1.16889000,4.6468,false,0.0000,0.0000,0,none,true,0.3213,shallow_236_382,0.080,diagnostic_only,diagnostic_only,diagnostic_only,shallow_pullback,4,0.370,true,none,0.520,high_quality,false,false,diagnostic_only,both,true,none,true,diagnostic_adjacent_detected,required_light,false,false,SHORT,6,false,false,0,2025.07.09 14:45:00,2025.07.09 15:30:00,6,4.1139,1.17147000,0.00000000,1.17147000,false,false,none,0.00000000,false,0.0000,0.0000,false,1,0.0000,false,-1,0.00000000,0.0000,off,false,not_evaluated,none,0.0000,0.0000,none,false,false,false,0.0000,none,false,none,0.0000,false,none,2.3599,2.7107,0.8706,0.0000,true,strong_exhaustion,0.0000,none,none,false,false,none,0.0000,0.0000,0.0000,0.0000,none,false,false,0.0000,0.0000,false,false,-1,none,none,false,0.000,0.000,1.17163000,1.17138200,1.17163000,pre_session_high,0.00010000,0.0637,session_high|opening_range_high|neckline_level,1.17168000,0.2392,false,true,true,false,not_blocked,5,3,2,m5_failure_exit,off,none,0.00000000,0.0000,1.30,1.17357000,4.500,-0.300,0.200,PERIOD_M15,1.17169000,1.16889000,0.0571,outside,0.000,true,1.17153000,1.16996000,0.00157000,1.17357000,1.299,0.00062714,18.00,0-30,true,false,none,blocked_spread_too_high,4.800,4.800,none,0.0000,false,neckline_retest_failed,false,not_invalidated,spread_too_high
2025.07.09 19:20:00,signal,session_reversal_pullback_one_symbol_first120,GBPUSD,SHORT,2025.07.09 19:15:00,19,16,1,new_york,2025.07.09 16:00,15,first_120min,true,true,3,GBPUSD,highest_score_in_session_bar,new_york=USDJPY|EURJPY|GBPJPY|AUDJPY|EURUSD|GBPUSD,existing_first120_gate,new_york,false,false,true,passed_first_window,double_top,neckline_break_retest,1.35858000,PERIOD_M5,PERIOD_H1,PERIOD_M15,PERIOD_M5,PERIOD_M5,false,htf_soft_alignment,current_post_filter,transcript_post_filter,dow_range_or_transition,no_ordered_dow_wave3_break,dow_range_or_transition,no_ordered_dow_wave3_break,false,false,true,SHORT,PERIOD_M5,double_top,double_top,4.200,none,0.000,double_top,4.200,none,0.000,SHORT,false,PERIOD_H1_NONE_dow_range_or_transition|PERIOD_M15_NONE_no_ordered_dow_wave3_break,true,h1_counter_m15_reversal,true,top_NONE_dow_range_or_transition|structure_NONE_no_ordered_dow_wave3_break|structure_break_recent_confirmed_swing_break_failed|primary_break_recent_confirmed_swing_break_failed,none,below_75sma_falling,below_75sma_falling,below_75sma_falling,-1,0.00000000,-1,0.00000000,false,off,NONE,NONE,0.00000000,0.00000000,0.0000,none,0.000,true,SHORT,return_low_break_or_bos_down,1.35781000,17,1.36187000,1.35731000,false,off,independent,false,,,false,0.0000,none,0.0000,0.0000,none,0.0000,0.0000,0.0000,none,0.0000,0,0,0.0000,none,none,none,none,0.0000,0,0.0000,none,false,true,not_evaluated,true,required_light_or_anchor_flip,long_bias,1.35731000,2025.07.09 14:45:00,1.36075000,2025.07.09 12:00:00,2025.07.09 16:15:00,false,NONE,0.00000000,0.00000000,0.0000,-1,false,,-1,NONE,0.00000000,0.00000000,0.0000,0.0000,none,,none,false,NONE,-1,-1,-1,false,false,none,false,true,false,true,none,true,required,false,PERIOD_M5,,,-1,0.0000,false,0.00000000,0.0000,false,0.0000,false,none,none,false,no_anchor_flip_in_entry_direction,true,required_first_signal_only,SHORT,unknown,0.00000000,,0.00000000,,false,,-1,false,NONE,0.00000000,,0.00000000,0.0000,0.0000,none,-1,false,false,false,no_anchor_flip_in_entry_direction,,,,false,false,false,-1,-1,-1,-1,-1,false,false,false,0.0000,range_n,true,1.36187000,1.35731000,3.6732,false,0.0000,0.0000,0,none,true,0.2588,shallow_236_382,0.080,diagnostic_only,diagnostic_only,diagnostic_only,shallow_pullback,11,0.370,true,none,0.520,high_quality,false,false,diagnostic_only,both,true,none,true,diagnostic_adjacent_detected,required_light,false,false,LONG,6,false,false,0,2025.07.09 17:20:00,2025.07.09 18:50:00,5,9.3508,0.00000000,1.35800000,1.35800000,false,false,none,0.00000000,false,0.0000,0.0000,false,1,0.0000,false,-1,0.00000000,0.0000,off,false,not_evaluated,none,0.0000,0.0000,none,false,false,false,0.0000,none,false,none,0.0000,false,none,1.9174,8.9306,0.2147,0.0000,true,strong_exhaustion,0.0000,none,none,false,false,none,0.0000,0.0000,0.0000,0.0000,none,false,false,0.0000,0.0000,false,false,-1,none,none,false,0.000,0.000,1.35858000,1.35845000,1.35845000,price_congestion_zone,0.00004000,0.0833,neckline_level,1.35858000,0.2364,false,true,true,false,not_blocked,9,4,5,m5_failure_exit,off,none,0.00000000,0.0000,1.30,1.35787000,4.200,-0.300,0.200,PERIOD_M15,1.36156000,1.35731000,0.2776,outside,0.000,true,1.35849000,1.35897000,0.00048000,1.35787000,1.292,0.00038071,20.00,0-30,true,false,none,not_consumed,4.300,4.300,none,0.0000,false,opposite_break_first,true,opposite_break_first,spread_too_high
2025.07.09 19:20:00,blocked,session_reversal_pullback_one_symbol_first120,GBPUSD,SHORT,2025.07.09 19:15:00,19,16,1,new_york,2025.07.09 16:00,15,first_120min,true,true,3,GBPUSD,highest_score_in_session_bar,new_york=USDJPY|EURJPY|GBPJPY|AUDJPY|EURUSD|GBPUSD,existing_first120_gate,new_york,false,false,true,passed_first_window,double_top,neckline_break_retest,1.35858000,PERIOD_M5,PERIOD_H1,PERIOD_M15,PERIOD_M5,PERIOD_M5,false,htf_soft_alignment,current_post_filter,transcript_post_filter,dow_range_or_transition,no_ordered_dow_wave3_break,dow_range_or_transition,no_ordered_dow_wave3_break,false,false,true,SHORT,PERIOD_M5,double_top,double_top,4.200,none,0.000,double_top,4.200,none,0.000,SHORT,false,PERIOD_H1_NONE_dow_range_or_transition|PERIOD_M15_NONE_no_ordered_dow_wave3_break,true,h1_counter_m15_reversal,true,top_NONE_dow_range_or_transition|structure_NONE_no_ordered_dow_wave3_break|structure_break_recent_confirmed_swing_break_failed|primary_break_recent_confirmed_swing_break_failed,none,below_75sma_falling,below_75sma_falling,below_75sma_falling,-1,0.00000000,-1,0.00000000,false,off,NONE,NONE,0.00000000,0.00000000,0.0000,none,0.000,true,SHORT,return_low_break_or_bos_down,1.35781000,17,1.36187000,1.35731000,false,off,independent,false,,,false,0.0000,none,0.0000,0.0000,none,0.0000,0.0000,0.0000,none,0.0000,0,0,0.0000,none,none,none,none,0.0000,0,0.0000,none,false,true,not_evaluated,true,required_light_or_anchor_flip,long_bias,1.35731000,2025.07.09 14:45:00,1.36075000,2025.07.09 12:00:00,2025.07.09 16:15:00,false,NONE,0.00000000,0.00000000,0.0000,-1,false,,-1,NONE,0.00000000,0.00000000,0.0000,0.0000,none,,none,false,NONE,-1,-1,-1,false,false,none,false,true,false,true,none,true,required,false,PERIOD_M5,,,-1,0.0000,false,0.00000000,0.0000,false,0.0000,false,none,none,false,no_anchor_flip_in_entry_direction,true,required_first_signal_only,SHORT,unknown,0.00000000,,0.00000000,,false,,-1,false,NONE,0.00000000,,0.00000000,0.0000,0.0000,none,-1,false,false,false,no_anchor_flip_in_entry_direction,,,,false,false,false,-1,-1,-1,-1,-1,false,false,false,0.0000,range_n,true,1.36187000,1.35731000,3.6732,false,0.0000,0.0000,0,none,true,0.2588,shallow_236_382,0.080,diagnostic_only,diagnostic_only,diagnostic_only,shallow_pullback,11,0.370,true,none,0.520,high_quality,false,false,diagnostic_only,both,true,none,true,diagnostic_adjacent_detected,required_light,false,false,LONG,6,false,false,0,2025.07.09 17:20:00,2025.07.09 18:50:00,5,9.3508,0.00000000,1.35800000,1.35800000,false,false,none,0.00000000,false,0.0000,0.0000,false,1,0.0000,false,-1,0.00000000,0.0000,off,false,not_evaluated,none,0.0000,0.0000,none,false,false,false,0.0000,none,false,none,0.0000,false,none,1.9174,8.9306,0.2147,0.0000,true,strong_exhaustion,0.0000,none,none,false,false,none,0.0000,0.0000,0.0000,0.0000,none,false,false,0.0000,0.0000,false,false,-1,none,none,false,0.000,0.000,1.35858000,1.35845000,1.35845000,price_congestion_zone,0.00004000,0.0833,neckline_level,1.35858000,0.2364,false,true,true,false,not_blocked,9,4,5,m5_failure_exit,off,none,0.00000000,0.0000,1.30,1.35787000,4.200,-0.300,0.200,PERIOD_M15,1.36156000,1.35731000,0.2776,outside,0.000,true,1.35849000,1.35897000,0.00048000,1.35787000,1.292,0.00038071,20.00,0-30,true,false,none,blocked_spread_too_high,4.300,4.300,none,0.0000,false,opposite_break_first,true,opposite_break_first,spread_too_high
2025.07.10 10:55:00,signal,session_reversal_pullback_one_symbol_first120,GBPUSD,SHORT,2025.07.10 10:50:00,10,7,16,london,2025.07.10 07:00,50,first_120min,true,true,3,GBPUSD,highest_score_in_session_bar,london=USDJPY|EURJPY|GBPJPY|AUDJPY|EURUSD|GBPUSD,existing_first120_gate,london,false,false,true,passed_first_window,head_and_shoulders,neckline_break_retest,1.36055000,PERIOD_M5,PERIOD_H1,PERIOD_M15,PERIOD_M5,PERIOD_M5,false,htf_soft_alignment,current_post_filter,transcript_post_filter,dow_trend_up_hh_hl,structure_trend_bias_dow_trend_down_ll_lh,dow_trend_up_hh_hl,structure_trend_bias_dow_trend_down_ll_lh,false,true,true,SHORT,PERIOD_M5,head_and_shoulders,head_and_shoulders,4.500,none,0.000,head_and_shoulders,4.500,none,0.000,SHORT,true,PERIOD_H1_LONG_dow_trend_up_hh_hl|PERIOD_M15_SHORT_structure_trend_bias_dow_trend_down_ll_lh,true,h1_counter_m15_reversal,true,top_LONG_dow_trend_up_hh_hl|structure_SHORT_structure_trend_bias_dow_trend_down_ll_lh|structure_break_recent_confirmed_swing_break_retest|primary_break_recent_confirmed_swing_break_retest,none,above_75sma_flat_or_falling,above_75sma_rising,below_75sma_flat_or_rising,13,1.36021000,0,1.36055000,false,off,NONE,NONE,0.00000000,0.00000000,0.0000,none,0.000,true,SHORT,return_low_break_or_bos_down,1.36021000,13,1.36186000,1.35988000,false,off,independent,false,,,false,0.0000,none,0.0000,0.0000,none,0.0000,0.0000,0.0000,none,0.0000,0,0,0.0000,none,none,none,none,0.0000,0,0.0000,none,false,true,not_evaluated,true,required_light_or_anchor_flip,long_bias,1.35988000,2025.07.10 07:30:00,1.36112000,2025.07.10 05:30:00,2025.07.10 09:15:00,false,NONE,0.00000000,0.00000000,0.0000,-1,false,,-1,NONE,0.00000000,0.00000000,0.0000,0.0000,none,,none,false,NONE,-1,-1,-1,false,false,none,false,true,false,true,none,true,required,false,PERIOD_M5,,,-1,0.0000,false,0.00000000,0.0000,false,0.0000,false,none,none,false,no_anchor_flip_in_entry_direction,true,required_first_signal_only,SHORT,unknown,0.00000000,,0.00000000,,false,,-1,false,NONE,0.00000000,,0.00000000,0.0000,0.0000,none,-1,false,false,false,no_anchor_flip_in_entry_direction,,,,false,false,false,-1,-1,-1,-1,-1,false,false,false,0.0000,range_n,true,1.36168000,1.35869000,4.6981,false,0.0000,0.0000,0,none,true,0.2980,shallow_236_382,0.080,diagnostic_only,diagnostic_only,diagnostic_only,shallow_pullback,24,0.280,true,none,0.430,high_quality,false,false,diagnostic_only,both,true,none,true,diagnostic_adjacent_detected,required_light,false,false,LONG,5,false,false,2,2025.07.10 08:25:00,2025.07.10 10:05:00,9,3.9070,0.00000000,1.36055000,1.36055000,true,true,m5_hl_close_break_down,1.36055000,true,0.7013,2.0036,true,1,0.0000,true,2,1.36055000,0.0501,off,false,not_evaluated,none,0.8800,0.0600,very_strong,true,false,false,0.0000,held_clean,true,favorable_side,0.0700,false,clean_retest,3.2809,3.4562,0.9493,0.4508,false,no_shrink,0.0000,none,none,false,false,none,0.0000,0.0000,0.0000,0.0000,none,false,false,0.0000,0.0000,false,false,-1,none,none,false,0.000,0.000,1.36048000,1.36037000,1.36037000,recent_rejection_zone,0.00010000,0.0885,opening_range_low|neckline_level,1.36055000,0.2004,false,true,true,false,not_blocked,6,3,3,m5_failure_exit,off,none,0.00000000,0.0000,1.30,1.35900000,4.500,-0.300,0.200,PERIOD_M15,1.36112000,1.35988000,0.4758,preferred_382_618,0.000,true,1.36047000,1.36160000,0.00113000,1.35900000,1.301,0.00039929,20.00,30-60,true,false,none,not_consumed,5.150,5.150,none,0.0000,false,opposite_break_first,true,opposite_break_first,spread_too_high
2025.07.10 10:55:00,blocked,session_reversal_pullback_one_symbol_first120,GBPUSD,SHORT,2025.07.10 10:50:00,10,7,16,london,2025.07.10 07:00,50,first_120min,true,true,3,GBPUSD,highest_score_in_session_bar,london=USDJPY|EURJPY|GBPJPY|AUDJPY|EURUSD|GBPUSD,existing_first120_gate,london,false,false,true,passed_first_window,head_and_shoulders,neckline_break_retest,1.36055000,PERIOD_M5,PERIOD_H1,PERIOD_M15,PERIOD_M5,PERIOD_M5,false,htf_soft_alignment,current_post_filter,transcript_post_filter,dow_trend_up_hh_hl,structure_trend_bias_dow_trend_down_ll_lh,dow_trend_up_hh_hl,structure_trend_bias_dow_trend_down_ll_lh,false,true,true,SHORT,PERIOD_M5,head_and_shoulders,head_and_shoulders,4.500,none,0.000,head_and_shoulders,4.500,none,0.000,SHORT,true,PERIOD_H1_LONG_dow_trend_up_hh_hl|PERIOD_M15_SHORT_structure_trend_bias_dow_trend_down_ll_lh,true,h1_counter_m15_reversal,true,top_LONG_dow_trend_up_hh_hl|structure_SHORT_structure_trend_bias_dow_trend_down_ll_lh|structure_break_recent_confirmed_swing_break_retest|primary_break_recent_confirmed_swing_break_retest,none,above_75sma_flat_or_falling,above_75sma_rising,below_75sma_flat_or_rising,13,1.36021000,0,1.36055000,false,off,NONE,NONE,0.00000000,0.00000000,0.0000,none,0.000,true,SHORT,return_low_break_or_bos_down,1.36021000,13,1.36186000,1.35988000,false,off,independent,false,,,false,0.0000,none,0.0000,0.0000,none,0.0000,0.0000,0.0000,none,0.0000,0,0,0.0000,none,none,none,none,0.0000,0,0.0000,none,false,true,not_evaluated,true,required_light_or_anchor_flip,long_bias,1.35988000,2025.07.10 07:30:00,1.36112000,2025.07.10 05:30:00,2025.07.10 09:15:00,false,NONE,0.00000000,0.00000000,0.0000,-1,false,,-1,NONE,0.00000000,0.00000000,0.0000,0.0000,none,,none,false,NONE,-1,-1,-1,false,false,none,false,true,false,true,none,true,required,false,PERIOD_M5,,,-1,0.0000,false,0.00000000,0.0000,false,0.0000,false,none,none,false,no_anchor_flip_in_entry_direction,true,required_first_signal_only,SHORT,unknown,0.00000000,,0.00000000,,false,,-1,false,NONE,0.00000000,,0.00000000,0.0000,0.0000,none,-1,false,false,false,no_anchor_flip_in_entry_direction,,,,false,false,false,-1,-1,-1,-1,-1,false,false,false,0.0000,range_n,true,1.36168000,1.35869000,4.6981,false,0.0000,0.0000,0,none,true,0.2980,shallow_236_382,0.080,diagnostic_only,diagnostic_only,diagnostic_only,shallow_pullback,24,0.280,true,none,0.430,high_quality,false,false,diagnostic_only,both,true,none,true,diagnostic_adjacent_detected,required_light,false,false,LONG,5,false,false,2,2025.07.10 08:25:00,2025.07.10 10:05:00,9,3.9070,0.00000000,1.36055000,1.36055000,true,true,m5_hl_close_break_down,1.36055000,true,0.7013,2.0036,true,1,0.0000,true,2,1.36055000,0.0501,off,false,not_evaluated,none,0.8800,0.0600,very_strong,true,false,false,0.0000,held_clean,true,favorable_side,0.0700,false,clean_retest,3.2809,3.4562,0.9493,0.4508,false,no_shrink,0.0000,none,none,false,false,none,0.0000,0.0000,0.0000,0.0000,none,false,false,0.0000,0.0000,false,false,-1,none,none,false,0.000,0.000,1.36048000,1.36037000,1.36037000,recent_rejection_zone,0.00010000,0.0885,opening_range_low|neckline_level,1.36055000,0.2004,false,true,true,false,not_blocked,6,3,3,m5_failure_exit,off,none,0.00000000,0.0000,1.30,1.35900000,4.500,-0.300,0.200,PERIOD_M15,1.36112000,1.35988000,0.4758,preferred_382_618,0.000,true,1.36047000,1.36160000,0.00113000,1.35900000,1.301,0.00039929,20.00,30-60,true,false,none,blocked_spread_too_high,5.150,5.150,none,0.0000,false,opposite_break_first,true,opposite_break_first,spread_too_high
2025.07.11 03:10:00,signal,session_reversal_pullback_one_symbol_first120,GBPJPY,SHORT,2025.07.11 03:05:00,3,0,9,tokyo,2025.07.11 00:00,5,first_120min,true,true,3,GBPJPY,highest_score_in_session_bar,tokyo=USDJPY|EURJPY|GBPJPY|AUDJPY,existing_first120_gate,tokyo,false,false,true,passed_first_window,sweep_high_reclaim,sweep_reclaim_retest,198.63800000,PERIOD_M5,PERIOD_H1,PERIOD_M15,PERIOD_M5,PERIOD_M5,false,htf_soft_alignment,current_post_filter,transcript_post_filter,dow_range_or_transition,no_ordered_dow_wave3_break,dow_range_or_transition,no_ordered_dow_wave3_break,false,false,true,SHORT,PERIOD_M5,sweep_high_reclaim,sweep_high_reclaim,3.400,none,0.000,sweep_high_reclaim,3.400,none,0.000,SHORT,false,PERIOD_H1_NONE_dow_range_or_transition|PERIOD_M15_NONE_no_ordered_dow_wave3_break,true,h1_counter_m15_reversal,true,top_NONE_dow_range_or_transition|structure_NONE_no_ordered_dow_wave3_break|structure_break_recent_confirmed_swing_break_failed|primary_break_recent_confirmed_swing_break_retest,none,below_75sma_falling,below_75sma_falling,above_75sma_rising,-1,0.00000000,0,198.61300000,false,off,NONE,NONE,0.00000000,0.00000000,0.0000,none,0.000,true,SHORT,return_low_break_or_bos_down,198.45000000,8,198.63100000,198.33000000,false,off,independent,false,,,false,0.0000,none,0.0000,0.0000,none,0.0000,0.0000,0.0000,none,0.0000,0,0,0.0000,none,none,none,none,0.0000,0,0.0000,none,false,true,not_evaluated,true,required_light_or_anchor_flip,long_bias,198.33000000,2025.07.11 00:15:00,198.61000000,2025.07.10 23:30:00,2025.07.11 01:00:00,false,NONE,0.00000000,0.00000000,0.0000,-1,false,,-1,NONE,0.00000000,0.00000000,0.0000,0.0000,none,,none,false,NONE,-1,-1,-1,false,false,none,false,true,false,true,none,true,required,false,PERIOD_M5,,,-1,0.0000,false,0.00000000,0.0000,false,0.0000,false,none,none,false,no_anchor_flip_in_entry_direction,true,required_first_signal_only,SHORT,unknown,0.00000000,,0.00000000,,false,,-1,false,NONE,0.00000000,,0.00000000,0.0000,0.0000,none,-1,false,false,false,no_anchor_flip_in_entry_direction,,,,false,false,false,-1,-1,-1,-1,-1,false,false,false,0.0000,rising_n,false,198.80900000,198.33000000,4.4588,false,0.0000,0.0000,0,none,true,0.6530,deep_618_786,0.120,diagnostic_only,diagnostic_only,diagnostic_only,shallow_pullback,7,0.360,true,none,0.510,medium_quality,false,false,diagnostic_only,both,true,none,true,diagnostic_adjacent_detected,required_light,false,false,LONG,5,false,false,2,2025.07.11 00:15:00,2025.07.11 02:05:00,12,5.2544,0.00000000,198.51300000,198.51300000,false,false,none,0.00000000,false,0.0000,0.0000,false,1,0.0000,false,-1,0.00000000,0.0000,off,false,not_evaluated,none,0.0000,0.0000,none,false,false,false,0.0000,none,false,none,0.0000,false,none,2.0599,3.6484,0.5646,1.6060,false,mild_exhaustion,0.0000,none,none,false,false,none,0.0000,0.0000,0.0000,0.0000,none,false,false,0.0000,0.0000,false,false,-1,none,none,false,0.000,0.000,198.54756522,198.52800000,198.51800000,wick_cluster_zone,0.01900000,0.1138,session_low|opening_range_low|neckline_level,198.52800000,0.1571,false,true,true,false,not_blocked,9,6,3,m5_failure_exit,off,none,0.00000000,0.0000,1.30,198.31900000,3.400,-0.300,0.200,PERIOD_M15,198.63100000,198.33000000,0.6877,deep_618_786,0.000,true,198.53700000,198.70400000,0.16700000,198.31900000,1.305,0.05728571,38.00,0-30,true,false,none,not_consumed,3.700,3.700,none,0.0000,false,opposite_break_first,true,opposite_break_first,spread_too_high
2025.07.11 03:10:00,blocked,session_reversal_pullback_one_symbol_first120,GBPJPY,SHORT,2025.07.11 03:05:00,3,0,9,tokyo,2025.07.11 00:00,5,first_120min,true,true,3,GBPJPY,highest_score_in_session_bar,tokyo=USDJPY|EURJPY|GBPJPY|AUDJPY,existing_first120_gate,tokyo,false,false,true,passed_first_window,sweep_high_reclaim,sweep_reclaim_retest,198.63800000,PERIOD_M5,PERIOD_H1,PERIOD_M15,PERIOD_M5,PERIOD_M5,false,htf_soft_alignment,current_post_filter,transcript_post_filter,dow_range_or_transition,no_ordered_dow_wave3_break,dow_range_or_transition,no_ordered_dow_wave3_break,false,false,true,SHORT,PERIOD_M5,sweep_high_reclaim,sweep_high_reclaim,3.400,none,0.000,sweep_high_reclaim,3.400,none,0.000,SHORT,false,PERIOD_H1_NONE_dow_range_or_transition|PERIOD_M15_NONE_no_ordered_dow_wave3_break,true,h1_counter_m15_reversal,true,top_NONE_dow_range_or_transition|structure_NONE_no_ordered_dow_wave3_break|structure_break_recent_confirmed_swing_break_failed|primary_break_recent_confirmed_swing_break_retest,none,below_75sma_falling,below_75sma_falling,above_75sma_rising,-1,0.00000000,0,198.61300000,false,off,NONE,NONE,0.00000000,0.00000000,0.0000,none,0.000,true,SHORT,return_low_break_or_bos_down,198.45000000,8,198.63100000,198.33000000,false,off,independent,false,,,false,0.0000,none,0.0000,0.0000,none,0.0000,0.0000,0.0000,none,0.0000,0,0,0.0000,none,none,none,none,0.0000,0,0.0000,none,false,true,not_evaluated,true,required_light_or_anchor_flip,long_bias,198.33000000,2025.07.11 00:15:00,198.61000000,2025.07.10 23:30:00,2025.07.11 01:00:00,false,NONE,0.00000000,0.00000000,0.0000,-1,false,,-1,NONE,0.00000000,0.00000000,0.0000,0.0000,none,,none,false,NONE,-1,-1,-1,false,false,none,false,true,false,true,none,true,required,false,PERIOD_M5,,,-1,0.0000,false,0.00000000,0.0000,false,0.0000,false,none,none,false,no_anchor_flip_in_entry_direction,true,required_first_signal_only,SHORT,unknown,0.00000000,,0.00000000,,false,,-1,false,NONE,0.00000000,,0.00000000,0.0000,0.0000,none,-1,false,false,false,no_anchor_flip_in_entry_direction,,,,false,false,false,-1,-1,-1,-1,-1,false,false,false,0.0000,rising_n,false,198.80900000,198.33000000,4.4588,false,0.0000,0.0000,0,none,true,0.6530,deep_618_786,0.120,diagnostic_only,diagnostic_only,diagnostic_only,shallow_pullback,7,0.360,true,none,0.510,medium_quality,false,false,diagnostic_only,both,true,none,true,diagnostic_adjacent_detected,required_light,false,false,LONG,5,false,false,2,2025.07.11 00:15:00,2025.07.11 02:05:00,12,5.2544,0.00000000,198.51300000,198.51300000,false,false,none,0.00000000,false,0.0000,0.0000,false,1,0.0000,false,-1,0.00000000,0.0000,off,false,not_evaluated,none,0.0000,0.0000,none,false,false,false,0.0000,none,false,none,0.0000,false,none,2.0599,3.6484,0.5646,1.6060,false,mild_exhaustion,0.0000,none,none,false,false,none,0.0000,0.0000,0.0000,0.0000,none,false,false,0.0000,0.0000,false,false,-1,none,none,false,0.000,0.000,198.54756522,198.52800000,198.51800000,wick_cluster_zone,0.01900000,0.1138,session_low|opening_range_low|neckline_level,198.52800000,0.1571,false,true,true,false,not_blocked,9,6,3,m5_failure_exit,off,none,0.00000000,0.0000,1.30,198.31900000,3.400,-0.300,0.200,PERIOD_M15,198.63100000,198.33000000,0.6877,deep_618_786,0.000,true,198.53700000,198.70400000,0.16700000,198.31900000,1.305,0.05728571,38.00,0-30,true,false,none,blocked_spread_too_high,3.700,3.700,none,0.0000,false,opposite_break_first,true,opposite_break_first,spread_too_high
2025.07.11 10:45:00,signal,session_reversal_pullback_one_symbol_first120,GBPUSD,SHORT,2025.07.11 10:40:00,10,7,16,london,2025.07.11 07:00,40,first_120min,true,true,3,GBPUSD,highest_score_in_session_bar,london=USDJPY|EURJPY|GBPJPY|AUDJPY|EURUSD|GBPUSD,existing_first120_gate,london,true,false,true,passed_first_window,sweep_high_reclaim,sweep_reclaim_retest,1.35534000,PERIOD_M5,PERIOD_H1,PERIOD_M15,PERIOD_M5,PERIOD_M5,false,htf_soft_alignment,current_post_filter,transcript_post_filter,dow_range_or_transition,structure_trend_bias_dow_trend_down_ll_lh,dow_range_or_transition,structure_trend_bias_dow_trend_down_ll_lh,false,false,true,SHORT,PERIOD_M5,sweep_high_reclaim,sweep_high_reclaim,3.400,none,0.000,sweep_high_reclaim,3.400,none,0.000,SHORT,false,PERIOD_H1_NONE_dow_range_or_transition|PERIOD_M15_SHORT_structure_trend_bias_dow_trend_down_ll_lh,true,h1_counter_m15_reversal,true,top_NONE_dow_range_or_transition|structure_SHORT_structure_trend_bias_dow_trend_down_ll_lh|structure_break_recent_confirmed_swing_break_failed|primary_break_recent_confirmed_swing_break_failed,none,below_75sma_falling,below_75sma_falling,below_75sma_falling,-1,0.00000000,-1,0.00000000,false,off,NONE,NONE,0.00000000,0.00000000,0.0000,none,0.000,true,SHORT,return_low_break_or_bos_down,1.35479000,2,1.35637000,1.35479000,false,off,independent,false,,,false,0.0000,none,0.0000,0.0000,none,0.0000,0.0000,0.0000,none,0.0000,0,0,0.0000,none,none,none,none,0.0000,0,0.0000,none,false,true,not_evaluated,true,required_light_or_anchor_flip,short_bias,1.35671000,2025.07.11 00:00:00,1.35637000,2025.07.11 08:30:00,2025.07.11 09:45:00,false,NONE,0.00000000,0.00000000,0.0000,-1,false,,-1,NONE,0.00000000,0.00000000,0.0000,0.0000,none,,none,false,NONE,-1,-1,-1,false,false,none,true,false,false,true,none,true,required,false,PERIOD_M5,,,-1,0.0000,false,0.00000000,0.0000,false,0.0000,false,none,none,false,no_anchor_flip_in_entry_direction,true,required_first_signal_only,SHORT,unknown,0.00000000,,0.00000000,,false,,-1,false,NONE,0.00000000,,0.00000000,0.0000,0.0000,none,-1,false,false,false,no_anchor_flip_in_entry_direction,,,,false,false,false,-1,-1,-1,-1,-1,false,false,false,0.0000,falling_n,false,1.35685000,1.35314000,3.9170,false,0.0000,0.0000,0,none,true,0.5876,preferred_382_618,0.200,diagnostic_only,diagnostic_only,diagnostic_only,shallow_pullback,8,0.440,true,none,0.590,medium_quality,false,false,diagnostic_only,both,true,none,true,diagnostic_adjacent_detected,required_light,false,false,LONG,4,false,false,0,2025.07.11 08:35:00,2025.07.11 09:55:00,9,5.7605,0.00000000,1.35314000,1.35314000,false,false,none,0.00000000,false,0.0000,0.0000,false,1,0.0000,false,-1,0.00000000,0.0000,off,false,not_evaluated,none,0.0000,0.0000,none,false,false,false,0.0000,none,false,none,0.0000,false,none,2.9783,4.9401,0.6029,0.0000,true,strong_exhaustion,0.0000,none,none,false,false,none,0.0000,0.0000,0.0000,0.0000,none,false,false,0.0000,0.0000,false,false,-1,none,none,false,0.000,0.000,1.35534000,1.35521100,1.35521100,recent_equal_lows,0.00010900,0.3516,neckline_level,1.35534000,0.0357,false,false,true,false,not_blocked,3,0,3,m5_failure_exit,off,none,0.00000000,0.0000,1.30,1.35492000,3.400,-0.300,0.200,PERIOD_M15,1.35637000,1.35479000,0.3354,outside,0.000,true,1.35532000,1.35563000,0.00031000,1.35492000,1.290,0.00056071,20.00,30-60,true,false,none,not_consumed,3.500,3.500,none,0.0000,false,opposite_break_first,true,opposite_break_first,spread_too_high
2025.07.11 10:45:00,blocked,session_reversal_pullback_one_symbol_first120,GBPUSD,SHORT,2025.07.11 10:40:00,10,7,16,london,2025.07.11 07:00,40,first_120min,true,true,3,GBPUSD,highest_score_in_session_bar,london=USDJPY|EURJPY|GBPJPY|AUDJPY|EURUSD|GBPUSD,existing_first120_gate,london,true,false,true,passed_first_window,sweep_high_reclaim,sweep_reclaim_retest,1.35534000,PERIOD_M5,PERIOD_H1,PERIOD_M15,PERIOD_M5,PERIOD_M5,false,htf_soft_alignment,current_post_filter,transcript_post_filter,dow_range_or_transition,structure_trend_bias_dow_trend_down_ll_lh,dow_range_or_transition,structure_trend_bias_dow_trend_down_ll_lh,false,false,true,SHORT,PERIOD_M5,sweep_high_reclaim,sweep_high_reclaim,3.400,none,0.000,sweep_high_reclaim,3.400,none,0.000,SHORT,false,PERIOD_H1_NONE_dow_range_or_transition|PERIOD_M15_SHORT_structure_trend_bias_dow_trend_down_ll_lh,true,h1_counter_m15_reversal,true,top_NONE_dow_range_or_transition|structure_SHORT_structure_trend_bias_dow_trend_down_ll_lh|structure_break_recent_confirmed_swing_break_failed|primary_break_recent_confirmed_swing_break_failed,none,below_75sma_falling,below_75sma_falling,below_75sma_falling,-1,0.00000000,-1,0.00000000,false,off,NONE,NONE,0.00000000,0.00000000,0.0000,none,0.000,true,SHORT,return_low_break_or_bos_down,1.35479000,2,1.35637000,1.35479000,false,off,independent,false,,,false,0.0000,none,0.0000,0.0000,none,0.0000,0.0000,0.0000,none,0.0000,0,0,0.0000,none,none,none,none,0.0000,0,0.0000,none,false,true,not_evaluated,true,required_light_or_anchor_flip,short_bias,1.35671000,2025.07.11 00:00:00,1.35637000,2025.07.11 08:30:00,2025.07.11 09:45:00,false,NONE,0.00000000,0.00000000,0.0000,-1,false,,-1,NONE,0.00000000,0.00000000,0.0000,0.0000,none,,none,false,NONE,-1,-1,-1,false,false,none,true,false,false,true,none,true,required,false,PERIOD_M5,,,-1,0.0000,false,0.00000000,0.0000,false,0.0000,false,none,none,false,no_anchor_flip_in_entry_direction,true,required_first_signal_only,SHORT,unknown,0.00000000,,0.00000000,,false,,-1,false,NONE,0.00000000,,0.00000000,0.0000,0.0000,none,-1,false,false,false,no_anchor_flip_in_entry_direction,,,,false,false,false,-1,-1,-1,-1,-1,false,false,false,0.0000,falling_n,false,1.35685000,1.35314000,3.9170,false,0.0000,0.0000,0,none,true,0.5876,preferred_382_618,0.200,diagnostic_only,diagnostic_only,diagnostic_only,shallow_pullback,8,0.440,true,none,0.590,medium_quality,false,false,diagnostic_only,both,true,none,true,diagnostic_adjacent_detected,required_light,false,false,LONG,4,false,false,0,2025.07.11 08:35:00,2025.07.11 09:55:00,9,5.7605,0.00000000,1.35314000,1.35314000,false,false,none,0.00000000,false,0.0000,0.0000,false,1,0.0000,false,-1,0.00000000,0.0000,off,false,not_evaluated,none,0.0000,0.0000,none,false,false,false,0.0000,none,false,none,0.0000,false,none,2.9783,4.9401,0.6029,0.0000,true,strong_exhaustion,0.0000,none,none,false,false,none,0.0000,0.0000,0.0000,0.0000,none,false,false,0.0000,0.0000,false,false,-1,none,none,false,0.000,0.000,1.35534000,1.35521100,1.35521100,recent_equal_lows,0.00010900,0.3516,neckline_level,1.35534000,0.0357,false,false,true,false,not_blocked,3,0,3,m5_failure_exit,off,none,0.00000000,0.0000,1.30,1.35492000,3.400,-0.300,0.200,PERIOD_M15,1.35637000,1.35479000,0.3354,outside,0.000,true,1.35532000,1.35563000,0.00031000,1.35492000,1.290,0.00056071,20.00,30-60,true,false,none,blocked_spread_too_high,3.500,3.500,none,0.0000,false,opposite_break_first,true,opposite_break_first,spread_too_high
2025.07.11 16:05:00,signal,session_reversal_pullback_one_symbol_first120,EURUSD,SHORT,2025.07.11 16:00:00,16,13,22,london_newyork_overlap,2025.07.11 13:00,0,first_120min,true,true,3,EURUSD,highest_score_in_session_bar,london_newyork_overlap=USDJPY|EURJPY|GBPJPY|AUDJPY|EURUSD|GBPUSD,existing_first120_gate,london_newyork_overlap,false,false,true,passed_first_window,double_top,neckline_break_retest,1.16884000,PERIOD_M5,PERIOD_H1,PERIOD_M15,PERIOD_M5,PERIOD_M5,false,htf_soft_alignment,current_post_filter,transcript_post_filter,dow_range_or_transition,structure_trend_bias_dow_trend_up_hh_hl,dow_range_or_transition,structure_trend_bias_dow_trend_up_hh_hl,false,false,true,SHORT,PERIOD_M5,double_top,double_top,4.200,none,0.000,double_top,4.200,none,0.000,SHORT,false,PERIOD_H1_NONE_dow_range_or_transition|PERIOD_M15_LONG_structure_trend_bias_dow_trend_up_hh_hl,true,h1_counter_m15_reversal,true,top_NONE_dow_range_or_transition|structure_LONG_structure_trend_bias_dow_trend_up_hh_hl|structure_break_recent_confirmed_swing_break_failed|primary_break_recent_confirmed_swing_break_retest,none,below_75sma_falling,above_75sma_flat_or_falling,below_75sma_flat_or_rising,-1,0.00000000,2,1.16865000,false,off,NONE,NONE,0.00000000,0.00000000,0.0000,none,0.000,true,SHORT,return_low_break_or_bos_down,1.16808000,24,1.17005000,1.16788000,false,off,independent,false,,,false,0.0000,none,0.0000,0.0000,none,0.0000,0.0000,0.0000,none,0.0000,0,0,0.0000,none,none,none,none,0.0000,0,0.0000,none,false,true,not_evaluated,true,required_light_or_anchor_flip,short_bias,1.16867000,2025.07.11 13:30:00,1.17005000,2025.07.11 14:00:00,2025.07.11 15:00:00,false,NONE,0.00000000,0.00000000,0.0000,-1,false,,-1,NONE,0.00000000,0.00000000,0.0000,0.0000,none,,none,false,NONE,-1,-1,-1,false,false,none,true,false,false,true,none,true,required,false,PERIOD_M5,,,-1,0.0000,false,0.00000000,0.0000,false,0.0000,false,none,none,false,no_anchor_flip_in_entry_direction,true,required_first_signal_only,SHORT,unknown,0.00000000,,0.00000000,,false,,-1,false,NONE,0.00000000,,0.00000000,0.0000,0.0000,none,-1,false,false,false,no_anchor_flip_in_entry_direction,,,,false,false,false,-1,-1,-1,-1,-1,false,false,false,0.0000,range_n,true,1.17005000,1.16788000,2.7345,false,0.0000,0.0000,0,none,true,0.4963,preferred_382_618,0.200,diagnostic_only,diagnostic_only,diagnostic_only,deep_pullback,7,0.490,true,none,0.640,high_quality,false,false,diagnostic_only,both,true,none,true,diagnostic_adjacent_detected,required_light,false,false,LONG,7,false,false,1,2025.07.11 14:25:00,2025.07.11 15:35:00,5,3.7660,0.00000000,1.16816000,1.16816000,false,false,none,0.00000000,false,0.0000,0.0000,false,1,0.0000,false,-1,0.00000000,0.0000,off,false,not_evaluated,none,0.0000,0.0000,none,false,false,false,0.0000,none,false,none,0.0000,false,none,3.7660,1.7234,2.1852,1.0000,false,no_shrink,0.0000,none,none,false,false,none,0.0000,0.0000,0.0000,0.0000,none,false,false,0.0000,0.0000,false,false,-1,none,none,false,0.000,0.000,1.16869250,1.16865000,1.16823000,failed_breakout_level,0.00046000,0.6667,session_low|opening_range_low|neckline_level,1.16865000,0.0851,false,true,true,false,not_blocked,4,3,1,m5_failure_exit,off,none,0.00000000,0.0000,1.30,1.16779000,4.200,-0.300,0.200,PERIOD_M15,1.17005000,1.16788000,0.3733,outside,0.000,true,1.16869000,1.16938000,0.00069000,1.16779000,1.304,0.00047000,18.00,0-30,true,false,none,not_consumed,4.500,4.500,none,0.0000,false,neckline_retest_failed,false,not_invalidated,spread_too_high
2025.07.11 16:05:00,blocked,session_reversal_pullback_one_symbol_first120,EURUSD,SHORT,2025.07.11 16:00:00,16,13,22,london_newyork_overlap,2025.07.11 13:00,0,first_120min,true,true,3,EURUSD,highest_score_in_session_bar,london_newyork_overlap=USDJPY|EURJPY|GBPJPY|AUDJPY|EURUSD|GBPUSD,existing_first120_gate,london_newyork_overlap,false,false,true,passed_first_window,double_top,neckline_break_retest,1.16884000,PERIOD_M5,PERIOD_H1,PERIOD_M15,PERIOD_M5,PERIOD_M5,false,htf_soft_alignment,current_post_filter,transcript_post_filter,dow_range_or_transition,structure_trend_bias_dow_trend_up_hh_hl,dow_range_or_transition,structure_trend_bias_dow_trend_up_hh_hl,false,false,true,SHORT,PERIOD_M5,double_top,double_top,4.200,none,0.000,double_top,4.200,none,0.000,SHORT,false,PERIOD_H1_NONE_dow_range_or_transition|PERIOD_M15_LONG_structure_trend_bias_dow_trend_up_hh_hl,true,h1_counter_m15_reversal,true,top_NONE_dow_range_or_transition|structure_LONG_structure_trend_bias_dow_trend_up_hh_hl|structure_break_recent_confirmed_swing_break_failed|primary_break_recent_confirmed_swing_break_retest,none,below_75sma_falling,above_75sma_flat_or_falling,below_75sma_flat_or_rising,-1,0.00000000,2,1.16865000,false,off,NONE,NONE,0.00000000,0.00000000,0.0000,none,0.000,true,SHORT,return_low_break_or_bos_down,1.16808000,24,1.17005000,1.16788000,false,off,independent,false,,,false,0.0000,none,0.0000,0.0000,none,0.0000,0.0000,0.0000,none,0.0000,0,0,0.0000,none,none,none,none,0.0000,0,0.0000,none,false,true,not_evaluated,true,required_light_or_anchor_flip,short_bias,1.16867000,2025.07.11 13:30:00,1.17005000,2025.07.11 14:00:00,2025.07.11 15:00:00,false,NONE,0.00000000,0.00000000,0.0000,-1,false,,-1,NONE,0.00000000,0.00000000,0.0000,0.0000,none,,none,false,NONE,-1,-1,-1,false,false,none,true,false,false,true,none,true,required,false,PERIOD_M5,,,-1,0.0000,false,0.00000000,0.0000,false,0.0000,false,none,none,false,no_anchor_flip_in_entry_direction,true,required_first_signal_only,SHORT,unknown,0.00000000,,0.00000000,,false,,-1,false,NONE,0.00000000,,0.00000000,0.0000,0.0000,none,-1,false,false,false,no_anchor_flip_in_entry_direction,,,,false,false,false,-1,-1,-1,-1,-1,false,false,false,0.0000,range_n,true,1.17005000,1.16788000,2.7345,false,0.0000,0.0000,0,none,true,0.4963,preferred_382_618,0.200,diagnostic_only,diagnostic_only,diagnostic_only,deep_pullback,7,0.490,true,none,0.640,high_quality,false,false,diagnostic_only,both,true,none,true,diagnostic_adjacent_detected,required_light,false,false,LONG,7,false,false,1,2025.07.11 14:25:00,2025.07.11 15:35:00,5,3.7660,0.00000000,1.16816000,1.16816000,false,false,none,0.00000000,false,0.0000,0.0000,false,1,0.0000,false,-1,0.00000000,0.0000,off,false,not_evaluated,none,0.0000,0.0000,none,false,false,false,0.0000,none,false,none,0.0000,false,none,3.7660,1.7234,2.1852,1.0000,false,no_shrink,0.0000,none,none,false,false,none,0.0000,0.0000,0.0000,0.0000,none,false,false,0.0000,0.0000,false,false,-1,none,none,false,0.000,0.000,1.16869250,1.16865000,1.16823000,failed_breakout_level,0.00046000,0.6667,session_low|opening_range_low|neckline_level,1.16865000,0.0851,false,true,true,false,not_blocked,4,3,1,m5_failure_exit,off,none,0.00000000,0.0000,1.30,1.16779000,4.200,-0.300,0.200,PERIOD_M15,1.17005000,1.16788000,0.3733,outside,0.000,true,1.16869000,1.16938000,0.00069000,1.16779000,1.304,0.00047000,18.00,0-30,true,false,none,blocked_spread_too_high,4.500,4.500,none,0.0000,false,neckline_retest_failed,false,not_invalidated,spread_too_high
2025.07.11 19:10:00,signal,session_reversal_pullback_one_symbol_first120,EURUSD,LONG,2025.07.11 19:05:00,19,16,1,new_york,2025.07.11 16:00,5,first_120min,true,true,3,EURUSD,highest_score_in_session_bar,new_york=USDJPY|EURJPY|GBPJPY|AUDJPY|EURUSD|GBPUSD,existing_first120_gate,new_york,false,false,true,passed_first_window,double_bottom,neckline_break_retest,1.16914000,PERIOD_M5,PERIOD_H1,PERIOD_M15,PERIOD_M5,PERIOD_M5,false,htf_soft_alignment,current_post_filter,transcript_post_filter,dow_range_or_transition,no_ordered_dow_wave3_break,dow_range_or_transition,no_ordered_dow_wave3_break,false,true,false,LONG,PERIOD_M5,double_bottom,double_bottom,4.200,none,0.000,double_bottom,4.200,none,0.000,LONG,false,PERIOD_H1_NONE_dow_range_or_transition|PERIOD_M15_NONE_no_ordered_dow_wave3_break,true,h1_counter_m15_reversal,true,top_NONE_dow_range_or_transition|structure_NONE_no_ordered_dow_wave3_break|structure_break_recent_confirmed_swing_break_failed|primary_break_recent_confirmed_swing_break_failed,none,below_75sma_falling,above_75sma_flat_or_falling,above_75sma_rising,-1,0.00000000,-1,0.00000000,false,off,NONE,NONE,0.00000000,0.00000000,0.0000,none,0.000,true,LONG,return_high_break_or_bos_up,1.17005000,9,1.17133000,1.16734000,false,off,independent,false,,,false,0.0000,none,0.0000,0.0000,none,0.0000,0.0000,0.0000,none,0.0000,0,0,0.0000,none,none,none,none,0.0000,0,0.0000,none,false,true,not_evaluated,true,required_light_or_anchor_flip,short_bias,1.16816000,2025.07.11 15:00:00,1.17133000,2025.07.11 16:30:00,2025.07.11 17:15:00,false,NONE,0.00000000,0.00000000,0.0000,-1,false,,-1,NONE,0.00000000,0.00000000,0.0000,0.0000,none,,none,false,NONE,-1,-1,-1,false,false,none,false,true,false,true,none,true,required,false,PERIOD_M5,,,-1,0.0000,false,0.00000000,0.0000,false,0.0000,false,none,none,false,no_anchor_flip_in_entry_direction,true,required_first_signal_only,LONG,unknown,0.00000000,,0.00000000,,false,,-1,false,NONE,0.00000000,,0.00000000,0.0000,0.0000,none,-1,false,false,false,no_anchor_flip_in_entry_direction,,,,false,false,false,-1,-1,-1,-1,-1,false,false,false,0.0000,range_n,true,1.17133000,1.16734000,3.9730,false,0.0000,0.0000,0,none,true,0.4712,preferred_382_618,0.200,diagnostic_only,diagnostic_only,diagnostic_only,shallow_pullback,6,0.440,true,none,0.590,high_quality,false,false,diagnostic_only,both,true,none,true,diagnostic_adjacent_detected,required_light,false,false,SHORT,3,false,false,0,,,-1,0.0000,0.00000000,0.00000000,0.00000000,false,false,none,0.00000000,false,0.0000,0.0000,false,1,0.0000,false,-1,0.00000000,0.0000,off,false,not_evaluated,none,0.0000,0.0000,none,false,false,false,0.0000,none,false,none,0.0000,false,none,0.0000,0.0000,0.0000,0.0000,false,none,0.0000,none,none,false,false,none,0.0000,0.0000,0.0000,0.0000,none,false,false,0.0000,0.0000,false,false,-1,none,none,false,0.000,0.000,1.16967000,1.16943000,1.16967000,price_congestion_zone,0.00022000,0.2245,neckline_level,1.16914000,0.7496,false,true,true,false,not_blocked,11,6,5,m5_failure_exit,off,none,0.00000000,0.0000,1.30,1.17073000,4.200,-0.300,0.200,PERIOD_M15,1.17133000,1.16734000,0.4712,preferred_382_618,0.000,true,1.16945000,1.16847000,0.00098000,1.17073000,1.306,0.00041357,18.00,0-30,true,false,none,not_consumed,4.300,4.300,none,0.0000,false,opposite_break_first,true,opposite_break_first,spread_too_high
2025.07.11 19:10:00,blocked,session_reversal_pullback_one_symbol_first120,EURUSD,LONG,2025.07.11 19:05:00,19,16,1,new_york,2025.07.11 16:00,5,first_120min,true,true,3,EURUSD,highest_score_in_session_bar,new_york=USDJPY|EURJPY|GBPJPY|AUDJPY|EURUSD|GBPUSD,existing_first120_gate,new_york,false,false,true,passed_first_window,double_bottom,neckline_break_retest,1.16914000,PERIOD_M5,PERIOD_H1,PERIOD_M15,PERIOD_M5,PERIOD_M5,false,htf_soft_alignment,current_post_filter,transcript_post_filter,dow_range_or_transition,no_ordered_dow_wave3_break,dow_range_or_transition,no_ordered_dow_wave3_break,false,true,false,LONG,PERIOD_M5,double_bottom,double_bottom,4.200,none,0.000,double_bottom,4.200,none,0.000,LONG,false,PERIOD_H1_NONE_dow_range_or_transition|PERIOD_M15_NONE_no_ordered_dow_wave3_break,true,h1_counter_m15_reversal,true,top_NONE_dow_range_or_transition|structure_NONE_no_ordered_dow_wave3_break|structure_break_recent_confirmed_swing_break_failed|primary_break_recent_confirmed_swing_break_failed,none,below_75sma_falling,above_75sma_flat_or_falling,above_75sma_rising,-1,0.00000000,-1,0.00000000,false,off,NONE,NONE,0.00000000,0.00000000,0.0000,none,0.000,true,LONG,return_high_break_or_bos_up,1.17005000,9,1.17133000,1.16734000,false,off,independent,false,,,false,0.0000,none,0.0000,0.0000,none,0.0000,0.0000,0.0000,none,0.0000,0,0,0.0000,none,none,none,none,0.0000,0,0.0000,none,false,true,not_evaluated,true,required_light_or_anchor_flip,short_bias,1.16816000,2025.07.11 15:00:00,1.17133000,2025.07.11 16:30:00,2025.07.11 17:15:00,false,NONE,0.00000000,0.00000000,0.0000,-1,false,,-1,NONE,0.00000000,0.00000000,0.0000,0.0000,none,,none,false,NONE,-1,-1,-1,false,false,none,false,true,false,true,none,true,required,false,PERIOD_M5,,,-1,0.0000,false,0.00000000,0.0000,false,0.0000,false,none,none,false,no_anchor_flip_in_entry_direction,true,required_first_signal_only,LONG,unknown,0.00000000,,0.00000000,,false,,-1,false,NONE,0.00000000,,0.00000000,0.0000,0.0000,none,-1,false,false,false,no_anchor_flip_in_entry_direction,,,,false,false,false,-1,-1,-1,-1,-1,false,false,false,0.0000,range_n,true,1.17133000,1.16734000,3.9730,false,0.0000,0.0000,0,none,true,0.4712,preferred_382_618,0.200,diagnostic_only,diagnostic_only,diagnostic_only,shallow_pullback,6,0.440,true,none,0.590,high_quality,false,false,diagnostic_only,both,true,none,true,diagnostic_adjacent_detected,required_light,false,false,SHORT,3,false,false,0,,,-1,0.0000,0.00000000,0.00000000,0.00000000,false,false,none,0.00000000,false,0.0000,0.0000,false,1,0.0000,false,-1,0.00000000,0.0000,off,false,not_evaluated,none,0.0000,0.0000,none,false,false,false,0.0000,none,false,none,0.0000,false,none,0.0000,0.0000,0.0000,0.0000,false,none,0.0000,none,none,false,false,none,0.0000,0.0000,0.0000,0.0000,none,false,false,0.0000,0.0000,false,false,-1,none,none,false,0.000,0.000,1.16967000,1.16943000,1.16967000,price_congestion_zone,0.00022000,0.2245,neckline_level,1.16914000,0.7496,false,true,true,false,not_blocked,11,6,5,m5_failure_exit,off,none,0.00000000,0.0000,1.30,1.17073000,4.200,-0.300,0.200,PERIOD_M15,1.17133000,1.16734000,0.4712,preferred_382_618,0.000,true,1.16945000,1.16847000,0.00098000,1.17073000,1.306,0.00041357,18.00,0-30,true,false,none,blocked_spread_too_high,4.300,4.300,none,0.0000,false,opposite_break_first,true,opposite_break_first,spread_too_high
2025.07.14 10:05:00,signal,session_reversal_pullback_one_symbol_first120,USDJPY,SHORT,2025.07.14 10:00:00,10,7,16,london,2025.07.14 07:00,0,first_120min,true,true,3,USDJPY,highest_score_in_session_bar,london=USDJPY|EURJPY|GBPJPY|AUDJPY|EURUSD|GBPUSD,existing_first120_gate,london,false,false,true,passed_first_window,double_top,neckline_break_retest,147.32200000,PERIOD_M5,PERIOD_H1,PERIOD_M15,PERIOD_M5,PERIOD_M5,false,htf_soft_alignment,current_post_filter,transcript_post_filter,dow_trend_up_hh_hl,structure_trend_bias_dow_trend_down_ll_lh,dow_trend_up_hh_hl,structure_trend_bias_dow_trend_down_ll_lh,false,false,true,SHORT,PERIOD_M5,double_top,double_top,4.200,none,0.000,double_top,4.200,none,0.000,SHORT,false,PERIOD_H1_LONG_dow_trend_up_hh_hl|PERIOD_M15_SHORT_structure_trend_bias_dow_trend_down_ll_lh,true,h1_counter_m15_reversal,true,top_LONG_dow_trend_up_hh_hl|structure_SHORT_structure_trend_bias_dow_trend_down_ll_lh|structure_break_recent_confirmed_swing_break_failed|primary_break_recent_confirmed_swing_break_failed,none,above_75sma_rising,below_75sma_flat_or_rising,above_75sma_rising,-1,0.00000000,-1,0.00000000,false,off,NONE,NONE,0.00000000,0.00000000,0.0000,none,0.000,true,SHORT,return_low_break_or_bos_down,147.10800000,21,147.47700000,146.84500000,false,off,independent,false,,,false,0.0000,none,0.0000,0.0000,none,0.0000,0.0000,0.0000,none,0.0000,0,0,0.0000,none,none,none,none,0.0000,0,0.0000,none,false,true,not_evaluated,true,required_light_or_anchor_flip,long_bias,147.19400000,2025.07.14 07:30:00,147.56600000,2025.07.14 02:00:00,2025.07.14 08:30:00,false,NONE,0.00000000,0.00000000,0.0000,-1,false,,-1,NONE,0.00000000,0.00000000,0.0000,0.0000,none,,none,false,NONE,-1,-1,-1,false,false,none,false,true,false,true,none,true,required,false,PERIOD_M5,,,-1,0.0000,false,0.00000000,0.0000,false,0.0000,false,none,none,false,no_anchor_flip_in_entry_direction,true,required_first_signal_only,SHORT,unknown,0.00000000,,0.00000000,,false,,-1,false,NONE,0.00000000,,0.00000000,0.0000,0.0000,none,-1,false,false,false,no_anchor_flip_in_entry_direction,,,,false,false,false,-1,-1,-1,-1,-1,false,false,false,0.0000,rising_n,false,147.56600000,146.84500000,5.4298,false,0.0000,0.0000,0,none,true,0.7484,deep_618_786,0.120,diagnostic_only,diagnostic_only,diagnostic_only,fib_pullback,5,0.410,true,none,0.560,high_quality,false,false,diagnostic_only,both,true,none,true,diagnostic_adjacent_detected,required_light,false,false,LONG,8,false,false,0,2025.07.14 08:40:00,2025.07.14 09:40:00,4,3.6738,0.00000000,147.21800000,147.21800000,false,false,none,0.00000000,false,0.0000,0.0000,false,1,0.0000,false,-1,0.00000000,0.0000,off,false,not_evaluated,none,0.0000,0.0000,none,false,false,false,0.0000,none,false,none,0.0000,false,none,2.8369,2.6525,1.0695,0.0000,true,strong_exhaustion,0.0000,none,none,false,false,none,0.0000,0.0000,0.0000,0.0000,none,false,false,0.0000,0.0000,false,false,-1,none,none,false,0.000,0.000,147.32200000,147.30733333,147.30733333,recent_equal_highs,0.01066667,0.1135,neckline_level,147.32200000,0.0567,false,true,true,false,not_blocked,8,4,4,m5_failure_exit,off,none,0.00000000,0.0000,1.30,147.19600000,4.200,-0.300,0.200,PERIOD_M15,147.47700000,147.09800000,0.5805,preferred_382_618,0.000,true,147.31800000,147.41200000,0.09400000,147.19600000,1.298,0.07050000,16.00,0-30,true,false,none,not_consumed,4.300,4.300,none,0.0000,false,opposite_break_first,true,opposite_break_first,spread_too_high
2025.07.14 10:05:00,blocked,session_reversal_pullback_one_symbol_first120,USDJPY,SHORT,2025.07.14 10:00:00,10,7,16,london,2025.07.14 07:00,0,first_120min,true,true,3,USDJPY,highest_score_in_session_bar,london=USDJPY|EURJPY|GBPJPY|AUDJPY|EURUSD|GBPUSD,existing_first120_gate,london,false,false,true,passed_first_window,double_top,neckline_break_retest,147.32200000,PERIOD_M5,PERIOD_H1,PERIOD_M15,PERIOD_M5,PERIOD_M5,false,htf_soft_alignment,current_post_filter,transcript_post_filter,dow_trend_up_hh_hl,structure_trend_bias_dow_trend_down_ll_lh,dow_trend_up_hh_hl,structure_trend_bias_dow_trend_down_ll_lh,false,false,true,SHORT,PERIOD_M5,double_top,double_top,4.200,none,0.000,double_top,4.200,none,0.000,SHORT,false,PERIOD_H1_LONG_dow_trend_up_hh_hl|PERIOD_M15_SHORT_structure_trend_bias_dow_trend_down_ll_lh,true,h1_counter_m15_reversal,true,top_LONG_dow_trend_up_hh_hl|structure_SHORT_structure_trend_bias_dow_trend_down_ll_lh|structure_break_recent_confirmed_swing_break_failed|primary_break_recent_confirmed_swing_break_failed,none,above_75sma_rising,below_75sma_flat_or_rising,above_75sma_rising,-1,0.00000000,-1,0.00000000,false,off,NONE,NONE,0.00000000,0.00000000,0.0000,none,0.000,true,SHORT,return_low_break_or_bos_down,147.10800000,21,147.47700000,146.84500000,false,off,independent,false,,,false,0.0000,none,0.0000,0.0000,none,0.0000,0.0000,0.0000,none,0.0000,0,0,0.0000,none,none,none,none,0.0000,0,0.0000,none,false,true,not_evaluated,true,required_light_or_anchor_flip,long_bias,147.19400000,2025.07.14 07:30:00,147.56600000,2025.07.14 02:00:00,2025.07.14 08:30:00,false,NONE,0.00000000,0.00000000,0.0000,-1,false,,-1,NONE,0.00000000,0.00000000,0.0000,0.0000,none,,none,false,NONE,-1,-1,-1,false,false,none,false,true,false,true,none,true,required,false,PERIOD_M5,,,-1,0.0000,false,0.00000000,0.0000,false,0.0000,false,none,none,false,no_anchor_flip_in_entry_direction,true,required_first_signal_only,SHORT,unknown,0.00000000,,0.00000000,,false,,-1,false,NONE,0.00000000,,0.00000000,0.0000,0.0000,none,-1,false,false,false,no_anchor_flip_in_entry_direction,,,,false,false,false,-1,-1,-1,-1,-1,false,false,false,0.0000,rising_n,false,147.56600000,146.84500000,5.4298,false,0.0000,0.0000,0,none,true,0.7484,deep_618_786,0.120,diagnostic_only,diagnostic_only,diagnostic_only,fib_pullback,5,0.410,true,none,0.560,high_quality,false,false,diagnostic_only,both,true,none,true,diagnostic_adjacent_detected,required_light,false,false,LONG,8,false,false,0,2025.07.14 08:40:00,2025.07.14 09:40:00,4,3.6738,0.00000000,147.21800000,147.21800000,false,false,none,0.00000000,false,0.0000,0.0000,false,1,0.0000,false,-1,0.00000000,0.0000,off,false,not_evaluated,none,0.0000,0.0000,none,false,false,false,0.0000,none,false,none,0.0000,false,none,2.8369,2.6525,1.0695,0.0000,true,strong_exhaustion,0.0000,none,none,false,false,none,0.0000,0.0000,0.0000,0.0000,none,false,false,0.0000,0.0000,false,false,-1,none,none,false,0.000,0.000,147.32200000,147.30733333,147.30733333,recent_equal_highs,0.01066667,0.1135,neckline_level,147.32200000,0.0567,false,true,true,false,not_blocked,8,4,4,m5_failure_exit,off,none,0.00000000,0.0000,1.30,147.19600000,4.200,-0.300,0.200,PERIOD_M15,147.47700000,147.09800000,0.5805,preferred_382_618,0.000,true,147.31800000,147.41200000,0.09400000,147.19600000,1.298,0.07050000,16.00,0-30,true,false,none,blocked_spread_too_high,4.300,4.300,none,0.0000,false,opposite_break_first,true,opposite_break_first,spread_too_high
2025.07.14 20:00:00,signal,session_reversal_pullback_one_symbol_first120,AUDJPY,SHORT,2025.07.14 19:55:00,19,16,1,new_york,2025.07.14 16:00,55,first_120min,true,true,3,AUDJPY,highest_score_in_session_bar,new_york=USDJPY|EURJPY|GBPJPY|AUDJPY|EURUSD|GBPUSD,existing_first120_gate,new_york,false,false,true,passed_first_window,double_top,neckline_break_retest,96.72900000,PERIOD_M5,PERIOD_H1,PERIOD_M15,PERIOD_M5,PERIOD_M5,false,htf_soft_alignment,current_post_filter,transcript_post_filter,dow_range_or_transition,structure_trend_bias_dow_trend_down_ll_lh,dow_range_or_transition,structure_trend_bias_dow_trend_down_ll_lh,false,false,true,SHORT,PERIOD_M5,double_top,double_top,4.200,none,0.000,double_top,4.200,none,0.000,SHORT,false,PERIOD_H1_NONE_dow_range_or_transition|PERIOD_M15_SHORT_structure_trend_bias_dow_trend_down_ll_lh,true,h1_counter_m15_reversal,true,top_NONE_dow_range_or_transition|structure_SHORT_structure_trend_bias_dow_trend_down_ll_lh|structure_break_recent_confirmed_swing_break_failed|primary_break_recent_confirmed_swing_break_retest,none,above_75sma_rising,below_75sma_flat_or_rising,above_75sma_flat_or_falling,-1,0.00000000,3,96.69800000,false,off,NONE,NONE,0.00000000,0.00000000,0.0000,none,0.000,true,SHORT,return_low_break_or_bos_down,96.65500000,8,96.80900000,96.59000000,false,off,independent,false,,,false,0.0000,none,0.0000,0.0000,none,0.0000,0.0000,0.0000,none,0.0000,0,0,0.0000,none,none,none,none,0.0000,0,0.0000,none,false,true,not_evaluated,true,required_light_or_anchor_flip,short_bias,96.65500000,2025.07.14 13:45:00,96.81200000,2025.07.14 14:45:00,2025.07.14 15:30:00,false,NONE,0.00000000,0.00000000,0.0000,-1,false,,-1,NONE,0.00000000,0.00000000,0.0000,0.0000,none,,none,false,NONE,-1,-1,-1,false,false,none,true,false,false,true,none,true,required,false,PERIOD_M5,,,-1,0.0000,false,0.00000000,0.0000,false,0.0000,false,none,none,false,no_anchor_flip_in_entry_direction,true,required_first_signal_only,SHORT,unknown,0.00000000,,0.00000000,,false,,-1,false,NONE,0.00000000,,0.00000000,0.0000,0.0000,none,-1,false,false,false,no_anchor_flip_in_entry_direction,,,,false,false,false,-1,-1,-1,-1,-1,false,false,false,0.0000,falling_n,false,96.81200000,96.59000000,3.3312,false,0.0000,0.0000,0,none,true,0.5135,preferred_382_618,0.200,diagnostic_only,diagnostic_only,diagnostic_only,fib_pullback,5,0.490,true,none,0.640,high_quality,false,false,diagnostic_only,both,true,none,true,diagnostic_adjacent_detected,required_light,false,false,LONG,3,false,false,0,,,-1,0.0000,0.00000000,0.00000000,0.00000000,false,false,none,0.00000000,false,0.0000,0.0000,false,1,0.0000,false,-1,0.00000000,0.0000,off,false,not_evaluated,none,0.0000,0.0000,none,false,false,false,0.0000,none,false,none,0.0000,false,none,0.0000,0.0000,0.0000,0.0000,false,none,0.0000,none,none,false,false,none,0.0000,0.0000,0.0000,0.0000,none,false,false,0.0000,0.0000,false,false,-1,none,none,false,0.000,0.000,96.71177419,96.68700000,96.68700000,wick_cluster_zone,0.01700000,0.2152,neckline_level,96.72900000,0.7368,false,true,true,false,not_blocked,5,3,2,m5_failure_exit,off,none,0.00000000,0.0000,1.30,96.60100000,4.200,-0.300,0.200,PERIOD_M15,96.80900000,96.59000000,0.5205,preferred_382_618,0.000,true,96.70400000,96.78300000,0.07900000,96.60100000,1.304,0.03392857,28.00,30-60,true,false,none,not_consumed,4.500,4.500,none,0.0000,false,opposite_break_first,true,opposite_break_first,spread_too_high
2025.07.14 20:00:00,blocked,session_reversal_pullback_one_symbol_first120,AUDJPY,SHORT,2025.07.14 19:55:00,19,16,1,new_york,2025.07.14 16:00,55,first_120min,true,true,3,AUDJPY,highest_score_in_session_bar,new_york=USDJPY|EURJPY|GBPJPY|AUDJPY|EURUSD|GBPUSD,existing_first120_gate,new_york,false,false,true,passed_first_window,double_top,neckline_break_retest,96.72900000,PERIOD_M5,PERIOD_H1,PERIOD_M15,PERIOD_M5,PERIOD_M5,false,htf_soft_alignment,current_post_filter,transcript_post_filter,dow_range_or_transition,structure_trend_bias_dow_trend_down_ll_lh,dow_range_or_transition,structure_trend_bias_dow_trend_down_ll_lh,false,false,true,SHORT,PERIOD_M5,double_top,double_top,4.200,none,0.000,double_top,4.200,none,0.000,SHORT,false,PERIOD_H1_NONE_dow_range_or_transition|PERIOD_M15_SHORT_structure_trend_bias_dow_trend_down_ll_lh,true,h1_counter_m15_reversal,true,top_NONE_dow_range_or_transition|structure_SHORT_structure_trend_bias_dow_trend_down_ll_lh|structure_break_recent_confirmed_swing_break_failed|primary_break_recent_confirmed_swing_break_retest,none,above_75sma_rising,below_75sma_flat_or_rising,above_75sma_flat_or_falling,-1,0.00000000,3,96.69800000,false,off,NONE,NONE,0.00000000,0.00000000,0.0000,none,0.000,true,SHORT,return_low_break_or_bos_down,96.65500000,8,96.80900000,96.59000000,false,off,independent,false,,,false,0.0000,none,0.0000,0.0000,none,0.0000,0.0000,0.0000,none,0.0000,0,0,0.0000,none,none,none,none,0.0000,0,0.0000,none,false,true,not_evaluated,true,required_light_or_anchor_flip,short_bias,96.65500000,2025.07.14 13:45:00,96.81200000,2025.07.14 14:45:00,2025.07.14 15:30:00,false,NONE,0.00000000,0.00000000,0.0000,-1,false,,-1,NONE,0.00000000,0.00000000,0.0000,0.0000,none,,none,false,NONE,-1,-1,-1,false,false,none,true,false,false,true,none,true,required,false,PERIOD_M5,,,-1,0.0000,false,0.00000000,0.0000,false,0.0000,false,none,none,false,no_anchor_flip_in_entry_direction,true,required_first_signal_only,SHORT,unknown,0.00000000,,0.00000000,,false,,-1,false,NONE,0.00000000,,0.00000000,0.0000,0.0000,none,-1,false,false,false,no_anchor_flip_in_entry_direction,,,,false,false,false,-1,-1,-1,-1,-1,false,false,false,0.0000,falling_n,false,96.81200000,96.59000000,3.3312,false,0.0000,0.0000,0,none,true,0.5135,preferred_382_618,0.200,diagnostic_only,diagnostic_only,diagnostic_only,fib_pullback,5,0.490,true,none,0.640,high_quality,false,false,diagnostic_only,both,true,none,true,diagnostic_adjacent_detected,required_light,false,false,LONG,3,false,false,0,,,-1,0.0000,0.00000000,0.00000000,0.00000000,false,false,none,0.00000000,false,0.0000,0.0000,false,1,0.0000,false,-1,0.00000000,0.0000,off,false,not_evaluated,none,0.0000,0.0000,none,false,false,false,0.0000,none,false,none,0.0000,false,none,0.0000,0.0000,0.0000,0.0000,false,none,0.0000,none,none,false,false,none,0.0000,0.0000,0.0000,0.0000,none,false,false,0.0000,0.0000,false,false,-1,none,none,false,0.000,0.000,96.71177419,96.68700000,96.68700000,wick_cluster_zone,0.01700000,0.2152,neckline_level,96.72900000,0.7368,false,true,true,false,not_blocked,5,3,2,m5_failure_exit,off,none,0.00000000,0.0000,1.30,96.60100000,4.200,-0.300,0.200,PERIOD_M15,96.80900000,96.59000000,0.5205,preferred_382_618,0.000,true,96.70400000,96.78300000,0.07900000,96.60100000,1.304,0.03392857,28.00,30-60,true,false,none,blocked_spread_too_high,4.500,4.500,none,0.0000,false,opposite_break_first,true,opposite_break_first,spread_too_high
2025.07.15 03:30:00,signal,session_reversal_pullback_one_symbol_first120,GBPJPY,SHORT,2025.07.15 03:25:00,3,0,9,tokyo,2025.07.15 00:00,25,first_120min,true,true,3,GBPJPY,highest_score_in_session_bar,tokyo=USDJPY|EURJPY|GBPJPY|AUDJPY,existing_first120_gate,tokyo,false,false,true,passed_first_window,head_and_shoulders,neckline_break_retest,198.41600000,PERIOD_M5,PERIOD_H1,PERIOD_M15,PERIOD_M5,PERIOD_M5,false,htf_soft_alignment,current_post_filter,transcript_post_filter,dow_range_or_transition,no_ordered_dow_wave3_break,dow_range_or_transition,no_ordered_dow_wave3_break,false,false,true,SHORT,PERIOD_M5,head_and_shoulders,head_and_shoulders,4.500,none,0.000,head_and_shoulders,4.500,none,0.000,SHORT,false,PERIOD_H1_NONE_dow_range_or_transition|PERIOD_M15_NONE_no_ordered_dow_wave3_break,true,h1_counter_m15_reversal,true,top_NONE_dow_range_or_transition|structure_NONE_no_ordered_dow_wave3_break|structure_break_recent_confirmed_swing_break_failed|primary_break_no_recent_confirmed_swing_break,none,below_75sma_falling,below_75sma_falling,above_75sma_rising,-1,0.00000000,-1,0.00000000,false,off,NONE,NONE,0.00000000,0.00000000,0.0000,none,0.000,true,SHORT,return_low_break_or_bos_down,198.28800000,10,198.49200000,198.21300000,false,off,independent,false,,,false,0.0000,none,0.0000,0.0000,none,0.0000,0.0000,0.0000,none,0.0000,0,0,0.0000,none,none,none,none,0.0000,0,0.0000,none,false,true,not_evaluated,true,required_light_or_anchor_flip,long_bias,198.21300000,2025.07.15 00:15:00,198.44900000,2025.07.14 23:30:00,2025.07.15 02:00:00,false,NONE,0.00000000,0.00000000,0.0000,-1,false,,-1,NONE,0.00000000,0.00000000,0.0000,0.0000,none,,none,false,NONE,-1,-1,-1,false,false,none,false,true,false,true,none,true,required,false,PERIOD_M5,,,-1,0.0000,false,0.00000000,0.0000,false,0.0000,false,none,none,false,no_anchor_flip_in_entry_direction,true,required_first_signal_only,SHORT,unknown,0.00000000,,0.00000000,,false,,-1,false,NONE,0.00000000,,0.00000000,0.0000,0.0000,none,-1,false,false,false,no_anchor_flip_in_entry_direction,,,,false,false,false,-1,-1,-1,-1,-1,false,false,false,0.0000,range_n,true,198.49200000,198.21300000,2.8532,false,0.0000,0.0000,0,none,true,0.6154,preferred_382_618,0.200,diagnostic_only,diagnostic_only,diagnostic_only,fib_pullback,5,0.490,true,none,0.640,high_quality,false,false,diagnostic_only,both,true,none,true,diagnostic_adjacent_detected,required_light,false,false,LONG,2,false,false,0,,,-1,0.0000,0.00000000,0.00000000,0.00000000,false,false,none,0.00000000,false,0.0000,0.0000,false,1,0.0000,false,-1,0.00000000,0.0000,off,false,not_evaluated,none,0.0000,0.0000,none,false,false,false,0.0000,none,false,none,0.0000,false,none,0.0000,0.0000,0.0000,0.0000,false,none,0.0000,none,none,false,false,none,0.0000,0.0000,0.0000,0.0000,none,false,false,0.0000,0.0000,false,false,-1,none,none,false,0.000,0.000,198.40752632,198.38100000,198.38100000,pre_session_low,0.00800000,0.0816,neckline_level,198.41600000,0.4828,false,true,true,false,not_blocked,4,3,1,m5_failure_exit,off,none,0.00000000,0.0000,1.30,198.26200000,4.500,-0.300,0.200,PERIOD_M15,198.49200000,198.21300000,0.6308,deep_618_786,0.000,true,198.38900000,198.48700000,0.09800000,198.26200000,1.296,0.05592857,38.00,0-30,true,false,none,not_consumed,4.600,4.600,none,0.0000,false,opposite_break_first,true,opposite_break_first,spread_too_high
2025.07.15 03:30:00,blocked,session_reversal_pullback_one_symbol_first120,GBPJPY,SHORT,2025.07.15 03:25:00,3,0,9,tokyo,2025.07.15 00:00,25,first_120min,true,true,3,GBPJPY,highest_score_in_session_bar,tokyo=USDJPY|EURJPY|GBPJPY|AUDJPY,existing_first120_gate,tokyo,false,false,true,passed_first_window,head_and_shoulders,neckline_break_retest,198.41600000,PERIOD_M5,PERIOD_H1,PERIOD_M15,PERIOD_M5,PERIOD_M5,false,htf_soft_alignment,current_post_filter,transcript_post_filter,dow_range_or_transition,no_ordered_dow_wave3_break,dow_range_or_transition,no_ordered_dow_wave3_break,false,false,true,SHORT,PERIOD_M5,head_and_shoulders,head_and_shoulders,4.500,none,0.000,head_and_shoulders,4.500,none,0.000,SHORT,false,PERIOD_H1_NONE_dow_range_or_transition|PERIOD_M15_NONE_no_ordered_dow_wave3_break,true,h1_counter_m15_reversal,true,top_NONE_dow_range_or_transition|structure_NONE_no_ordered_dow_wave3_break|structure_break_recent_confirmed_swing_break_failed|primary_break_no_recent_confirmed_swing_break,none,below_75sma_falling,below_75sma_falling,above_75sma_rising,-1,0.00000000,-1,0.00000000,false,off,NONE,NONE,0.00000000,0.00000000,0.0000,none,0.000,true,SHORT,return_low_break_or_bos_down,198.28800000,10,198.49200000,198.21300000,false,off,independent,false,,,false,0.0000,none,0.0000,0.0000,none,0.0000,0.0000,0.0000,none,0.0000,0,0,0.0000,none,none,none,none,0.0000,0,0.0000,none,false,true,not_evaluated,true,required_light_or_anchor_flip,long_bias,198.21300000,2025.07.15 00:15:00,198.44900000,2025.07.14 23:30:00,2025.07.15 02:00:00,false,NONE,0.00000000,0.00000000,0.0000,-1,false,,-1,NONE,0.00000000,0.00000000,0.0000,0.0000,none,,none,false,NONE,-1,-1,-1,false,false,none,false,true,false,true,none,true,required,false,PERIOD_M5,,,-1,0.0000,false,0.00000000,0.0000,false,0.0000,false,none,none,false,no_anchor_flip_in_entry_direction,true,required_first_signal_only,SHORT,unknown,0.00000000,,0.00000000,,false,,-1,false,NONE,0.00000000,,0.00000000,0.0000,0.0000,none,-1,false,false,false,no_anchor_flip_in_entry_direction,,,,false,false,false,-1,-1,-1,-1,-1,false,false,false,0.0000,range_n,true,198.49200000,198.21300000,2.8532,false,0.0000,0.0000,0,none,true,0.6154,preferred_382_618,0.200,diagnostic_only,diagnostic_only,diagnostic_only,fib_pullback,5,0.490,true,none,0.640,high_quality,false,false,diagnostic_only,both,true,none,true,diagnostic_adjacent_detected,required_light,false,false,LONG,2,false,false,0,,,-1,0.0000,0.00000000,0.00000000,0.00000000,false,false,none,0.00000000,false,0.0000,0.0000,false,1,0.0000,false,-1,0.00000000,0.0000,off,false,not_evaluated,none,0.0000,0.0000,none,false,false,false,0.0000,none,false,none,0.0000,false,none,0.0000,0.0000,0.0000,0.0000,false,none,0.0000,none,none,false,false,none,0.0000,0.0000,0.0000,0.0000,none,false,false,0.0000,0.0000,false,false,-1,none,none,false,0.000,0.000,198.40752632,198.38100000,198.38100000,pre_session_low,0.00800000,0.0816,neckline_level,198.41600000,0.4828,false,true,true,false,not_blocked,4,3,1,m5_failure_exit,off,none,0.00000000,0.0000,1.30,198.26200000,4.500,-0.300,0.200,PERIOD_M15,198.49200000,198.21300000,0.6308,deep_618_786,0.000,true,198.38900000,198.48700000,0.09800000,198.26200000,1.296,0.05592857,38.00,0-30,true,false,none,blocked_spread_too_high,4.600,4.600,none,0.0000,false,opposite_break_first,true,opposite_break_first,spread_too_high
2025.07.15 12:00:00,signal,session_reversal_pullback_one_symbol_first120,USDJPY,SHORT,2025.07.15 11:55:00,11,8,17,london,2025.07.15 07:00,115,first_120min,false,true,3,USDJPY,highest_score_in_session_bar,london=USDJPY|EURJPY|GBPJPY|AUDJPY|EURUSD|GBPUSD,existing_first120_gate,london,false,false,true,passed_first_window,head_and_shoulders,neckline_break_retest,147.67200000,PERIOD_M5,PERIOD_H1,PERIOD_M15,PERIOD_M5,PERIOD_M5,false,htf_soft_alignment,current_post_filter,transcript_post_filter,dow_trend_up_hh_hl,structure_trend_bias_dow_trend_up_hh_hl,dow_trend_up_hh_hl,structure_trend_bias_dow_trend_up_hh_hl,false,false,true,SHORT,PERIOD_M5,head_and_shoulders,head_and_shoulders,4.500,none,0.000,head_and_shoulders,4.500,none,0.000,SHORT,false,PERIOD_H1_LONG_dow_trend_up_hh_hl|PERIOD_M15_LONG_structure_trend_bias_dow_trend_up_hh_hl,true,h1_counter_m15_reversal,true,top_LONG_dow_trend_up_hh_hl|structure_LONG_structure_trend_bias_dow_trend_up_hh_hl|structure_break_recent_confirmed_swing_break_failed|primary_break_recent_confirmed_swing_break_retest,none,above_75sma_rising,below_75sma_flat_or_rising,above_75sma_flat_or_falling,-1,0.00000000,0,147.67500000,false,off,NONE,NONE,0.00000000,0.00000000,0.0000,none,0.000,true,SHORT,return_low_break_or_bos_down,147.63100000,11,147.78100000,147.54100000,false,off,independent,false,,,false,0.0000,none,0.0000,0.0000,none,0.0000,0.0000,0.0000,none,0.0000,0,0,0.0000,none,none,none,none,0.0000,0,0.0000,none,false,true,not_evaluated,true,required_light_or_anchor_flip,long_bias,147.54100000,2025.07.15 08:45:00,147.70100000,2025.07.15 07:30:00,2025.07.15 10:00:00,false,NONE,0.00000000,0.00000000,0.0000,-1,false,,-1,NONE,0.00000000,0.00000000,0.0000,0.0000,none,,none,false,NONE,-1,-1,-1,false,false,none,false,true,false,true,none,true,required,false,PERIOD_M5,,,-1,0.0000,false,0.00000000,0.0000,false,0.0000,false,none,none,false,no_anchor_flip_in_entry_direction,true,required_first_signal_only,SHORT,unknown,0.00000000,,0.00000000,,false,,-1,false,NONE,0.00000000,,0.00000000,0.0000,0.0000,none,-1,false,false,false,no_anchor_flip_in_entry_direction,,,,false,false,false,-1,-1,-1,-1,-1,false,false,false,0.0000,range_n,true,147.78100000,147.54100000,3.4391,false,0.0000,0.0000,0,none,true,0.5333,preferred_382_618,0.200,diagnostic_only,diagnostic_only,diagnostic_only,shallow_pullback,24,0.450,true,none,0.600,high_quality,false,false,diagnostic_only,both,true,none,true,diagnostic_adjacent_detected,required_light,false,false,LONG,4,false,false,1,2025.07.15 08:55:00,2025.07.15 11:00:00,11,6.1091,0.00000000,147.63300000,147.63300000,false,false,none,0.00000000,false,0.0000,0.0000,false,1,0.0000,false,-1,0.00000000,0.0000,off,false,not_evaluated,none,0.0000,0.0000,none,false,false,false,0.0000,none,false,none,0.0000,false,none,3.1564,6.1091,0.5167,0.0000,true,strong_exhaustion,0.0000,none,none,false,false,none,0.0000,0.0000,0.0000,0.0000,none,false,false,0.0000,0.0000,false,false,-1,none,none,false,0.000,0.000,147.67200000,147.66585185,147.66585185,recent_equal_lows,0.00314815,0.0543,opening_range_low|neckline_level,147.67200000,0.0764,false,true,true,false,not_blocked,4,2,2,m5_failure_exit,off,none,0.00000000,0.0000,1.30,147.59400000,4.500,-0.300,0.200,PERIOD_M15,147.78100000,147.63300000,0.2432,outside,0.000,true,147.66900000,147.72700000,0.05800000,147.59400000,1.293,0.03928571,15.00,90-120,true,false,none,not_consumed,4.800,4.800,none,0.0000,false,opposite_break_first,true,opposite_break_first,spread_too_high
2025.07.15 12:00:00,blocked,session_reversal_pullback_one_symbol_first120,USDJPY,SHORT,2025.07.15 11:55:00,11,8,17,london,2025.07.15 07:00,115,first_120min,false,true,3,USDJPY,highest_score_in_session_bar,london=USDJPY|EURJPY|GBPJPY|AUDJPY|EURUSD|GBPUSD,existing_first120_gate,london,false,false,true,passed_first_window,head_and_shoulders,neckline_break_retest,147.67200000,PERIOD_M5,PERIOD_H1,PERIOD_M15,PERIOD_M5,PERIOD_M5,false,htf_soft_alignment,current_post_filter,transcript_post_filter,dow_trend_up_hh_hl,structure_trend_bias_dow_trend_up_hh_hl,dow_trend_up_hh_hl,structure_trend_bias_dow_trend_up_hh_hl,false,false,true,SHORT,PERIOD_M5,head_and_shoulders,head_and_shoulders,4.500,none,0.000,head_and_shoulders,4.500,none,0.000,SHORT,false,PERIOD_H1_LONG_dow_trend_up_hh_hl|PERIOD_M15_LONG_structure_trend_bias_dow_trend_up_hh_hl,true,h1_counter_m15_reversal,true,top_LONG_dow_trend_up_hh_hl|structure_LONG_structure_trend_bias_dow_trend_up_hh_hl|structure_break_recent_confirmed_swing_break_failed|primary_break_recent_confirmed_swing_break_retest,none,above_75sma_rising,below_75sma_flat_or_rising,above_75sma_flat_or_falling,-1,0.00000000,0,147.67500000,false,off,NONE,NONE,0.00000000,0.00000000,0.0000,none,0.000,true,SHORT,return_low_break_or_bos_down,147.63100000,11,147.78100000,147.54100000,false,off,independent,false,,,false,0.0000,none,0.0000,0.0000,none,0.0000,0.0000,0.0000,none,0.0000,0,0,0.0000,none,none,none,none,0.0000,0,0.0000,none,false,true,not_evaluated,true,required_light_or_anchor_flip,long_bias,147.54100000,2025.07.15 08:45:00,147.70100000,2025.07.15 07:30:00,2025.07.15 10:00:00,false,NONE,0.00000000,0.00000000,0.0000,-1,false,,-1,NONE,0.00000000,0.00000000,0.0000,0.0000,none,,none,false,NONE,-1,-1,-1,false,false,none,false,true,false,true,none,true,required,false,PERIOD_M5,,,-1,0.0000,false,0.00000000,0.0000,false,0.0000,false,none,none,false,no_anchor_flip_in_entry_direction,true,required_first_signal_only,SHORT,unknown,0.00000000,,0.00000000,,false,,-1,false,NONE,0.00000000,,0.00000000,0.0000,0.0000,none,-1,false,false,false,no_anchor_flip_in_entry_direction,,,,false,false,false,-1,-1,-1,-1,-1,false,false,false,0.0000,range_n,true,147.78100000,147.54100000,3.4391,false,0.0000,0.0000,0,none,true,0.5333,preferred_382_618,0.200,diagnostic_only,diagnostic_only,diagnostic_only,shallow_pullback,24,0.450,true,none,0.600,high_quality,false,false,diagnostic_only,both,true,none,true,diagnostic_adjacent_detected,required_light,false,false,LONG,4,false,false,1,2025.07.15 08:55:00,2025.07.15 11:00:00,11,6.1091,0.00000000,147.63300000,147.63300000,false,false,none,0.00000000,false,0.0000,0.0000,false,1,0.0000,false,-1,0.00000000,0.0000,off,false,not_evaluated,none,0.0000,0.0000,none,false,false,false,0.0000,none,false,none,0.0000,false,none,3.1564,6.1091,0.5167,0.0000,true,strong_exhaustion,0.0000,none,none,false,false,none,0.0000,0.0000,0.0000,0.0000,none,false,false,0.0000,0.0000,false,false,-1,none,none,false,0.000,0.000,147.67200000,147.66585185,147.66585185,recent_equal_lows,0.00314815,0.0543,opening_range_low|neckline_level,147.67200000,0.0764,false,true,true,false,not_blocked,4,2,2,m5_failure_exit,off,none,0.00000000,0.0000,1.30,147.59400000,4.500,-0.300,0.200,PERIOD_M15,147.78100000,147.63300000,0.2432,outside,0.000,true,147.66900000,147.72700000,0.05800000,147.59400000,1.293,0.03928571,15.00,90-120,true,false,none,blocked_spread_too_high,4.800,4.800,none,0.0000,false,opposite_break_first,true,opposite_break_first,spread_too_high
2025.07.15 16:05:00,signal,session_reversal_pullback_one_symbol_first120,EURUSD,LONG,2025.07.15 16:00:00,16,13,22,london_newyork_overlap,2025.07.15 13:00,0,first_120min,true,true,3,EURUSD,highest_score_in_session_bar,london_newyork_overlap=USDJPY|EURJPY|GBPJPY|AUDJPY|EURUSD|GBPUSD,existing_first120_gate,london_newyork_overlap,false,false,true,passed_first_window,inverse_head_and_shoulders,neckline_break_retest,1.16712000,PERIOD_M5,PERIOD_H1,PERIOD_M15,PERIOD_M5,PERIOD_M5,false,htf_soft_alignment,current_post_filter,transcript_post_filter,dow_range_or_transition,structure_trend_bias_dow_trend_up_hh_hl,dow_range_or_transition,structure_trend_bias_dow_trend_up_hh_hl,false,true,false,LONG,PERIOD_M5,inverse_head_and_shoulders,inverse_head_and_shoulders,4.500,none,0.000,inverse_head_and_shoulders,4.500,none,0.000,LONG,false,PERIOD_H1_NONE_dow_range_or_transition|PERIOD_M15_LONG_structure_trend_bias_dow_trend_up_hh_hl,true,h1_counter_m15_reversal,true,top_NONE_dow_range_or_transition|structure_LONG_structure_trend_bias_dow_trend_up_hh_hl|structure_break_recent_confirmed_swing_break_failed|primary_break_recent_confirmed_swing_break_failed,none,below_75sma_falling,above_75sma_rising,below_75sma_falling,-1,0.00000000,-1,0.00000000,false,off,NONE,NONE,0.00000000,0.00000000,0.0000,none,0.000,true,LONG,return_high_break_or_bos_up,1.16873000,15,1.16920000,1.16806000,false,off,independent,false,,,false,0.0000,none,0.0000,0.0000,none,0.0000,0.0000,0.0000,none,0.0000,0,0,0.0000,none,none,none,none,0.0000,0,0.0000,none,false,true,not_evaluated,true,required_light_or_anchor_flip,bias_flip_down,1.16711000,2025.07.15 10:00:00,1.16873000,2025.07.15 09:15:00,2025.07.15 10:30:00,true,SHORT,1.16711000,1.16677000,0.4161,5,true,2025.07.15 14:30:00,5,SHORT,1.16711000,1.16677000,0.4161,0.4650,strong,2025.07.15 15:30:00,first_after_anchor,true,SHORT,5,1,5,true,false,normal_5_12,false,true,false,true,none,true,required,false,PERIOD_M5,,,-1,0.0000,false,0.00000000,0.0000,false,0.0000,false,none,none,false,no_anchor_flip_in_entry_direction,true,required_first_signal_only,LONG,unknown,0.00000000,,0.00000000,,false,,-1,false,NONE,0.00000000,,0.00000000,0.0000,0.0000,none,-1,false,false,false,no_anchor_flip_in_entry_direction,,,,false,false,false,-1,-1,-1,-1,-1,false,false,false,0.0000,range_n,true,1.16920000,1.16711000,2.5577,true,0.4650,0.6200,4,strong,true,0.4868,preferred_382_618,0.200,diagnostic_only,diagnostic_only,diagnostic_only,deep_pullback,14,0.490,true,none,0.640,high_quality,false,false,diagnostic_only,both,true,none,true,diagnostic_adjacent_detected,required_light,false,false,SHORT,4,false,false,1,2025.07.15 13:00:00,2025.07.15 15:40:00,4,3.4310,1.16902000,0.00000000,1.16902000,false,false,none,0.00000000,false,0.0000,0.0000,false,1,0.0000,false,-1,0.00000000,0.0000,off,false,not_evaluated,none,0.0000,0.0000,none,false,false,false,0.0000,none,false,none,0.0000,false,none,3.4310,1.3316,2.5766,1.6675,false,no_shrink,0.0000,none,none,false,false,none,0.0000,0.0000,0.0000,0.0000,none,false,false,0.0000,0.0000,false,false,-1,none,none,false,0.000,0.000,1.16786000,1.16740000,1.16804500,recent_equal_highs,0.00032500,0.2241,session_high|opening_range_high|neckline_level,1.16786000,0.1680,false,true,true,false,not_blocked,8,5,3,m5_failure_exit,off,none,0.00000000,0.0000,1.30,1.16961000,4.500,-0.300,0.200,PERIOD_M15,1.16920000,1.16806000,1.2982,outside,0.000,true,1.16772000,1.16627000,0.00145000,1.16961000,1.303,0.00083357,18.00,0-30,true,false,none,not_consumed,4.600,4.600,none,0.0000,false,neckline_retest_failed,false,not_invalidated,spread_too_high
2025.07.15 16:05:00,blocked,session_reversal_pullback_one_symbol_first120,EURUSD,LONG,2025.07.15 16:00:00,16,13,22,london_newyork_overlap,2025.07.15 13:00,0,first_120min,true,true,3,EURUSD,highest_score_in_session_bar,london_newyork_overlap=USDJPY|EURJPY|GBPJPY|AUDJPY|EURUSD|GBPUSD,existing_first120_gate,london_newyork_overlap,false,false,true,passed_first_window,inverse_head_and_shoulders,neckline_break_retest,1.16712000,PERIOD_M5,PERIOD_H1,PERIOD_M15,PERIOD_M5,PERIOD_M5,false,htf_soft_alignment,current_post_filter,transcript_post_filter,dow_range_or_transition,structure_trend_bias_dow_trend_up_hh_hl,dow_range_or_transition,structure_trend_bias_dow_trend_up_hh_hl,false,true,false,LONG,PERIOD_M5,inverse_head_and_shoulders,inverse_head_and_shoulders,4.500,none,0.000,inverse_head_and_shoulders,4.500,none,0.000,LONG,false,PERIOD_H1_NONE_dow_range_or_transition|PERIOD_M15_LONG_structure_trend_bias_dow_trend_up_hh_hl,true,h1_counter_m15_reversal,true,top_NONE_dow_range_or_transition|structure_LONG_structure_trend_bias_dow_trend_up_hh_hl|structure_break_recent_confirmed_swing_break_failed|primary_break_recent_confirmed_swing_break_failed,none,below_75sma_falling,above_75sma_rising,below_75sma_falling,-1,0.00000000,-1,0.00000000,false,off,NONE,NONE,0.00000000,0.00000000,0.0000,none,0.000,true,LONG,return_high_break_or_bos_up,1.16873000,15,1.16920000,1.16806000,false,off,independent,false,,,false,0.0000,none,0.0000,0.0000,none,0.0000,0.0000,0.0000,none,0.0000,0,0,0.0000,none,none,none,none,0.0000,0,0.0000,none,false,true,not_evaluated,true,required_light_or_anchor_flip,bias_flip_down,1.16711000,2025.07.15 10:00:00,1.16873000,2025.07.15 09:15:00,2025.07.15 10:30:00,true,SHORT,1.16711000,1.16677000,0.4161,5,true,2025.07.15 14:30:00,5,SHORT,1.16711000,1.16677000,0.4161,0.4650,strong,2025.07.15 15:30:00,first_after_anchor,true,SHORT,5,1,5,true,false,normal_5_12,false,true,false,true,none,true,required,false,PERIOD_M5,,,-1,0.0000,false,0.00000000,0.0000,false,0.0000,false,none,none,false,no_anchor_flip_in_entry_direction,true,required_first_signal_only,LONG,unknown,0.00000000,,0.00000000,,false,,-1,false,NONE,0.00000000,,0.00000000,0.0000,0.0000,none,-1,false,false,false,no_anchor_flip_in_entry_direction,,,,false,false,false,-1,-1,-1,-1,-1,false,false,false,0.0000,range_n,true,1.16920000,1.16711000,2.5577,true,0.4650,0.6200,4,strong,true,0.4868,preferred_382_618,0.200,diagnostic_only,diagnostic_only,diagnostic_only,deep_pullback,14,0.490,true,none,0.640,high_quality,false,false,diagnostic_only,both,true,none,true,diagnostic_adjacent_detected,required_light,false,false,SHORT,4,false,false,1,2025.07.15 13:00:00,2025.07.15 15:40:00,4,3.4310,1.16902000,0.00000000,1.16902000,false,false,none,0.00000000,false,0.0000,0.0000,false,1,0.0000,false,-1,0.00000000,0.0000,off,false,not_evaluated,none,0.0000,0.0000,none,false,false,false,0.0000,none,false,none,0.0000,false,none,3.4310,1.3316,2.5766,1.6675,false,no_shrink,0.0000,none,none,false,false,none,0.0000,0.0000,0.0000,0.0000,none,false,false,0.0000,0.0000,false,false,-1,none,none,false,0.000,0.000,1.16786000,1.16740000,1.16804500,recent_equal_highs,0.00032500,0.2241,session_high|opening_range_high|neckline_level,1.16786000,0.1680,false,true,true,false,not_blocked,8,5,3,m5_failure_exit,off,none,0.00000000,0.0000,1.30,1.16961000,4.500,-0.300,0.200,PERIOD_M15,1.16920000,1.16806000,1.2982,outside,0.000,true,1.16772000,1.16627000,0.00145000,1.16961000,1.303,0.00083357,18.00,0-30,true,false,none,blocked_spread_too_high,4.600,4.600,none,0.0000,false,neckline_retest_failed,false,not_invalidated,spread_too_high
2025.07.15 20:30:00,signal,session_reversal_pullback_one_symbol_first120,AUDJPY,LONG,2025.07.15 20:25:00,20,17,2,new_york,2025.07.15 16:00,85,first_120min,false,true,3,AUDJPY,highest_score_in_session_bar,new_york=USDJPY|EURJPY|GBPJPY|AUDJPY|EURUSD|GBPUSD,existing_first120_gate,new_york,true,false,true,passed_first_window,inverse_head_and_shoulders,neckline_break_retest,96.97300000,PERIOD_M5,PERIOD_H1,PERIOD_M15,PERIOD_M5,PERIOD_M5,false,htf_soft_alignment,current_post_filter,transcript_post_filter,dow_range_or_transition,no_ordered_dow_wave3_break,dow_range_or_transition,no_ordered_dow_wave3_break,false,true,false,LONG,PERIOD_M5,inverse_head_and_shoulders,inverse_head_and_shoulders,4.500,none,0.000,inverse_head_and_shoulders,4.500,none,0.000,LONG,false,PERIOD_H1_NONE_dow_range_or_transition|PERIOD_M15_NONE_no_ordered_dow_wave3_break,true,h1_counter_m15_reversal,true,top_NONE_dow_range_or_transition|structure_NONE_no_ordered_dow_wave3_break|structure_break_recent_confirmed_swing_break_failed|primary_break_recent_confirmed_swing_break_retest,none,above_75sma_rising,above_75sma_rising,below_75sma_falling,-1,0.00000000,0,96.97300000,false,off,NONE,NONE,0.00000000,0.00000000,0.0000,none,0.000,true,LONG,return_high_break_or_bos_up,97.10600000,11,97.42000000,96.94600000,false,off,independent,false,,,false,0.0000,none,0.0000,0.0000,none,0.0000,0.0000,0.0000,none,0.0000,0,0,0.0000,none,none,none,none,0.0000,0,0.0000,none,false,true,not_evaluated,true,required_light_or_anchor_flip,short_bias,97.00300000,2025.07.15 15:30:00,97.42000000,2025.07.15 16:30:00,2025.07.15 18:30:00,false,NONE,0.00000000,0.00000000,0.0000,-1,false,,-1,NONE,0.00000000,0.00000000,0.0000,0.0000,none,,none,false,NONE,-1,-1,-1,false,false,none,false,true,false,true,none,true,required,false,PERIOD_M5,,,-1,0.0000,false,0.00000000,0.0000,false,0.0000,false,none,none,false,no_anchor_flip_in_entry_direction,true,required_first_signal_only,LONG,unknown,0.00000000,,0.00000000,,false,,-1,false,NONE,0.00000000,,0.00000000,0.0000,0.0000,none,-1,false,false,false,no_anchor_flip_in_entry_direction,,,,false,false,false,-1,-1,-1,-1,-1,false,false,false,0.0000,range_n,true,97.42000000,96.88500000,6.3153,false,0.0000,0.0000,0,none,true,0.7572,deep_618_786,0.120,diagnostic_only,diagnostic_only,diagnostic_only,shallow_pullback,7,0.360,true,none,0.510,high_quality,false,false,diagnostic_only,both,true,none,true,diagnostic_adjacent_detected,required_light,false,true,SHORT,6,true,true,2,2025.07.15 19:15:00,2025.07.15 19:55:00,6,2.9805,96.97300000,0.00000000,96.97300000,true,true,m5_lh_close_break_up,96.97300000,true,0.4375,0.9570,true,1,0.0000,true,1,96.97300000,0.2461,off,false,not_evaluated,none,0.8372,0.1628,very_strong,true,false,false,0.0000,held_clean,true,favorable_side,0.3529,false,clean_retest,2.0781,2.7344,0.7600,0.2461,false,mild_exhaustion,0.0000,none,none,false,false,none,0.0000,0.0000,0.0000,0.0000,none,false,false,0.0000,0.0000,false,false,-1,none,none,false,0.000,0.000,97.03400000,97.00600000,97.03400000,pre_session_high,0.01000000,0.0909,session_high|opening_range_high|neckline_level,97.00600000,0.4922,false,true,false,false,not_blocked,2,2,0,m5_failure_exit,off,none,0.00000000,0.0000,1.30,97.16700000,4.500,-0.300,0.200,PERIOD_M15,97.42000000,96.94600000,0.8354,outside,0.000,true,97.02400000,96.91400000,0.11000000,97.16700000,1.300,0.03657143,28.00,60-90,true,false,none,not_consumed,4.800,4.800,none,0.0000,false,opposite_break_first,true,opposite_break_first,spread_too_high
2025.07.15 20:30:00,blocked,session_reversal_pullback_one_symbol_first120,AUDJPY,LONG,2025.07.15 20:25:00,20,17,2,new_york,2025.07.15 16:00,85,first_120min,false,true,3,AUDJPY,highest_score_in_session_bar,new_york=USDJPY|EURJPY|GBPJPY|AUDJPY|EURUSD|GBPUSD,existing_first120_gate,new_york,true,false,true,passed_first_window,inverse_head_and_shoulders,neckline_break_retest,96.97300000,PERIOD_M5,PERIOD_H1,PERIOD_M15,PERIOD_M5,PERIOD_M5,false,htf_soft_alignment,current_post_filter,transcript_post_filter,dow_range_or_transition,no_ordered_dow_wave3_break,dow_range_or_transition,no_ordered_dow_wave3_break,false,true,false,LONG,PERIOD_M5,inverse_head_and_shoulders,inverse_head_and_shoulders,4.500,none,0.000,inverse_head_and_shoulders,4.500,none,0.000,LONG,false,PERIOD_H1_NONE_dow_range_or_transition|PERIOD_M15_NONE_no_ordered_dow_wave3_break,true,h1_counter_m15_reversal,true,top_NONE_dow_range_or_transition|structure_NONE_no_ordered_dow_wave3_break|structure_break_recent_confirmed_swing_break_failed|primary_break_recent_confirmed_swing_break_retest,none,above_75sma_rising,above_75sma_rising,below_75sma_falling,-1,0.00000000,0,96.97300000,false,off,NONE,NONE,0.00000000,0.00000000,0.0000,none,0.000,true,LONG,return_high_break_or_bos_up,97.10600000,11,97.42000000,96.94600000,false,off,independent,false,,,false,0.0000,none,0.0000,0.0000,none,0.0000,0.0000,0.0000,none,0.0000,0,0,0.0000,none,none,none,none,0.0000,0,0.0000,none,false,true,not_evaluated,true,required_light_or_anchor_flip,short_bias,97.00300000,2025.07.15 15:30:00,97.42000000,2025.07.15 16:30:00,2025.07.15 18:30:00,false,NONE,0.00000000,0.00000000,0.0000,-1,false,,-1,NONE,0.00000000,0.00000000,0.0000,0.0000,none,,none,false,NONE,-1,-1,-1,false,false,none,false,true,false,true,none,true,required,false,PERIOD_M5,,,-1,0.0000,false,0.00000000,0.0000,false,0.0000,false,none,none,false,no_anchor_flip_in_entry_direction,true,required_first_signal_only,LONG,unknown,0.00000000,,0.00000000,,false,,-1,false,NONE,0.00000000,,0.00000000,0.0000,0.0000,none,-1,false,false,false,no_anchor_flip_in_entry_direction,,,,false,false,false,-1,-1,-1,-1,-1,false,false,false,0.0000,range_n,true,97.42000000,96.88500000,6.3153,false,0.0000,0.0000,0,none,true,0.7572,deep_618_786,0.120,diagnostic_only,diagnostic_only,diagnostic_only,shallow_pullback,7,0.360,true,none,0.510,high_quality,false,false,diagnostic_only,both,true,none,true,diagnostic_adjacent_detected,required_light,false,true,SHORT,6,true,true,2,2025.07.15 19:15:00,2025.07.15 19:55:00,6,2.9805,96.97300000,0.00000000,96.97300000,true,true,m5_lh_close_break_up,96.97300000,true,0.4375,0.9570,true,1,0.0000,true,1,96.97300000,0.2461,off,false,not_evaluated,none,0.8372,0.1628,very_strong,true,false,false,0.0000,held_clean,true,favorable_side,0.3529,false,clean_retest,2.0781,2.7344,0.7600,0.2461,false,mild_exhaustion,0.0000,none,none,false,false,none,0.0000,0.0000,0.0000,0.0000,none,false,false,0.0000,0.0000,false,false,-1,none,none,false,0.000,0.000,97.03400000,97.00600000,97.03400000,pre_session_high,0.01000000,0.0909,session_high|opening_range_high|neckline_level,97.00600000,0.4922,false,true,false,false,not_blocked,2,2,0,m5_failure_exit,off,none,0.00000000,0.0000,1.30,97.16700000,4.500,-0.300,0.200,PERIOD_M15,97.42000000,96.94600000,0.8354,outside,0.000,true,97.02400000,96.91400000,0.11000000,97.16700000,1.300,0.03657143,28.00,60-90,true,false,none,blocked_spread_too_high,4.800,4.800,none,0.0000,false,opposite_break_first,true,opposite_break_first,spread_too_high
2025.07.16 03:15:00,signal,session_reversal_pullback_one_symbol_first120,USDJPY,SHORT,2025.07.16 03:10:00,3,0,9,tokyo,2025.07.16 00:00,10,first_120min,true,true,3,USDJPY,highest_score_in_session_bar,tokyo=USDJPY|EURJPY|GBPJPY|AUDJPY,existing_first120_gate,tokyo,false,false,true,passed_first_window,head_and_shoulders,neckline_break_retest,148.83700000,PERIOD_M5,PERIOD_H1,PERIOD_M15,PERIOD_M5,PERIOD_M5,false,htf_soft_alignment,current_post_filter,transcript_post_filter,dow_trend_up_hh_hl,structure_trend_bias_dow_trend_up_hh_hl,dow_trend_up_hh_hl,structure_trend_bias_dow_trend_up_hh_hl,false,false,true,SHORT,PERIOD_M5,head_and_shoulders,head_and_shoulders,4.500,none,0.000,head_and_shoulders,4.500,none,0.000,SHORT,false,PERIOD_H1_LONG_dow_trend_up_hh_hl|PERIOD_M15_LONG_structure_trend_bias_dow_trend_up_hh_hl,true,h1_counter_m15_reversal,true,top_LONG_dow_trend_up_hh_hl|structure_LONG_structure_trend_bias_dow_trend_up_hh_hl|structure_break_recent_confirmed_swing_break_failed|primary_break_recent_confirmed_swing_break_failed,none,above_75sma_rising,above_75sma_rising,below_75sma_falling,-1,0.00000000,-1,0.00000000,false,off,NONE,NONE,0.00000000,0.00000000,0.0000,none,0.000,true,SHORT,return_low_break_or_bos_down,148.78500000,1,148.93100000,148.78500000,false,off,independent,false,,,false,0.0000,none,0.0000,0.0000,none,0.0000,0.0000,0.0000,none,0.0000,0,0,0.0000,none,none,none,none,0.0000,0,0.0000,none,false,true,not_evaluated,true,required_light_or_anchor_flip,bias_flip_down,148.78500000,2025.07.16 00:15:00,148.88200000,2025.07.15 23:30:00,2025.07.16 02:00:00,true,SHORT,148.78500000,148.72900000,0.7327,2,true,2025.07.16 02:30:00,2,SHORT,148.78500000,148.72900000,0.7327,1.6617,strong,2025.07.16 02:45:00,first_after_anchor,true,SHORT,2,1,2,true,false,fresh_0_4,true,false,false,true,none,true,required,true,PERIOD_M5,2025.07.16 02:35:00,2025.07.16 02:35:00,8,1.0070,true,148.78500000,1.0070,false,0.0000,true,m5_bos_down_after_anchor_retest,retest_reconfirm,true,none,true,required_first_signal_only,SHORT,unknown,0.00000000,,0.00000000,,false,,-1,false,NONE,0.00000000,,0.00000000,0.0000,0.0000,none,-1,false,false,false,insufficient_confirmed_m5_pivots,USDJPY|SHORT|1752633000|148.785,,,false,false,false,-1,-1,-1,-1,-1,false,false,false,0.0000,range_n,true,148.93100000,148.70200000,2.9963,true,1.6617,0.2013,1,strong,true,0.4686,preferred_382_618,0.200,diagnostic_only,diagnostic_only,diagnostic_only,shallow_pullback,4,0.440,true,none,0.590,high_quality,false,false,diagnostic_only,both,true,none,true,diagnostic_adjacent_detected,required_light,false,true,LONG,4,true,true,2,2025.07.16 00:15:00,2025.07.16 02:00:00,14,2.3712,0.00000000,148.79700000,148.79700000,true,true,m5_hl_close_break_down,148.79700000,true,0.3573,1.1694,true,1,0.5197,false,7,148.79700000,0.0812,off,false,not_evaluated,none,0.8780,0.1220,very_strong,false,false,false,0.5197,held_no_close_back,true,favorable_side,0.2653,false,clean_retest,2.1763,1.3805,1.5765,0.9907,false,no_shrink,0.0000,none,none,false,false,none,0.0000,0.0000,0.0000,0.0000,none,false,false,0.0000,0.0000,false,false,-1,none,none,false,0.000,0.000,148.83600000,148.80142857,148.80142857,recent_equal_highs,0.02757143,0.3726,neckline_level,148.83700000,0.1299,false,true,true,false,not_blocked,4,1,3,m5_failure_exit,off,none,0.00000000,0.0000,1.30,148.73300000,4.500,-0.300,0.200,PERIOD_M15,148.93100000,148.78500000,0.3014,outside,0.000,true,148.82900000,148.90300000,0.07400000,148.73300000,1.297,0.06157143,15.00,0-30,true,false,none,not_consumed,4.600,4.600,none,0.0000,false,opposite_break_first,true,opposite_break_first,spread_too_high
2025.07.16 03:15:00,blocked,session_reversal_pullback_one_symbol_first120,USDJPY,SHORT,2025.07.16 03:10:00,3,0,9,tokyo,2025.07.16 00:00,10,first_120min,true,true,3,USDJPY,highest_score_in_session_bar,tokyo=USDJPY|EURJPY|GBPJPY|AUDJPY,existing_first120_gate,tokyo,false,false,true,passed_first_window,head_and_shoulders,neckline_break_retest,148.83700000,PERIOD_M5,PERIOD_H1,PERIOD_M15,PERIOD_M5,PERIOD_M5,false,htf_soft_alignment,current_post_filter,transcript_post_filter,dow_trend_up_hh_hl,structure_trend_bias_dow_trend_up_hh_hl,dow_trend_up_hh_hl,structure_trend_bias_dow_trend_up_hh_hl,false,false,true,SHORT,PERIOD_M5,head_and_shoulders,head_and_shoulders,4.500,none,0.000,head_and_shoulders,4.500,none,0.000,SHORT,false,PERIOD_H1_LONG_dow_trend_up_hh_hl|PERIOD_M15_LONG_structure_trend_bias_dow_trend_up_hh_hl,true,h1_counter_m15_reversal,true,top_LONG_dow_trend_up_hh_hl|structure_LONG_structure_trend_bias_dow_trend_up_hh_hl|structure_break_recent_confirmed_swing_break_failed|primary_break_recent_confirmed_swing_break_failed,none,above_75sma_rising,above_75sma_rising,below_75sma_falling,-1,0.00000000,-1,0.00000000,false,off,NONE,NONE,0.00000000,0.00000000,0.0000,none,0.000,true,SHORT,return_low_break_or_bos_down,148.78500000,1,148.93100000,148.78500000,false,off,independent,false,,,false,0.0000,none,0.0000,0.0000,none,0.0000,0.0000,0.0000,none,0.0000,0,0,0.0000,none,none,none,none,0.0000,0,0.0000,none,false,true,not_evaluated,true,required_light_or_anchor_flip,bias_flip_down,148.78500000,2025.07.16 00:15:00,148.88200000,2025.07.15 23:30:00,2025.07.16 02:00:00,true,SHORT,148.78500000,148.72900000,0.7327,2,true,2025.07.16 02:30:00,2,SHORT,148.78500000,148.72900000,0.7327,1.6617,strong,2025.07.16 02:45:00,first_after_anchor,true,SHORT,2,1,2,true,false,fresh_0_4,true,false,false,true,none,true,required,true,PERIOD_M5,2025.07.16 02:35:00,2025.07.16 02:35:00,8,1.0070,true,148.78500000,1.0070,false,0.0000,true,m5_bos_down_after_anchor_retest,retest_reconfirm,true,none,true,required_first_signal_only,SHORT,unknown,0.00000000,,0.00000000,,false,,-1,false,NONE,0.00000000,,0.00000000,0.0000,0.0000,none,-1,false,false,false,insufficient_confirmed_m5_pivots,USDJPY|SHORT|1752633000|148.785,,,false,false,false,-1,-1,-1,-1,-1,false,false,false,0.0000,range_n,true,148.93100000,148.70200000,2.9963,true,1.6617,0.2013,1,strong,true,0.4686,preferred_382_618,0.200,diagnostic_only,diagnostic_only,diagnostic_only,shallow_pullback,4,0.440,true,none,0.590,high_quality,false,false,diagnostic_only,both,true,none,true,diagnostic_adjacent_detected,required_light,false,true,LONG,4,true,true,2,2025.07.16 00:15:00,2025.07.16 02:00:00,14,2.3712,0.00000000,148.79700000,148.79700000,true,true,m5_hl_close_break_down,148.79700000,true,0.3573,1.1694,true,1,0.5197,false,7,148.79700000,0.0812,off,false,not_evaluated,none,0.8780,0.1220,very_strong,false,false,false,0.5197,held_no_close_back,true,favorable_side,0.2653,false,clean_retest,2.1763,1.3805,1.5765,0.9907,false,no_shrink,0.0000,none,none,false,false,none,0.0000,0.0000,0.0000,0.0000,none,false,false,0.0000,0.0000,false,false,-1,none,none,false,0.000,0.000,148.83600000,148.80142857,148.80142857,recent_equal_highs,0.02757143,0.3726,neckline_level,148.83700000,0.1299,false,true,true,false,not_blocked,4,1,3,m5_failure_exit,off,none,0.00000000,0.0000,1.30,148.73300000,4.500,-0.300,0.200,PERIOD_M15,148.93100000,148.78500000,0.3014,outside,0.000,true,148.82900000,148.90300000,0.07400000,148.73300000,1.297,0.06157143,15.00,0-30,true,false,none,blocked_spread_too_high,4.600,4.600,none,0.0000,false,opposite_break_first,true,opposite_break_first,spread_too_high
2025.07.16 10:30:00,signal,session_reversal_pullback_one_symbol_first120,AUDJPY,LONG,2025.07.16 10:25:00,10,7,16,london,2025.07.16 07:00,25,first_120min,true,true,3,AUDJPY,highest_score_in_session_bar,london=USDJPY|EURJPY|GBPJPY|AUDJPY|EURUSD|GBPUSD,existing_first120_gate,london,false,false,true,passed_first_window,double_bottom,neckline_break_retest,97.02800000,PERIOD_M5,PERIOD_H1,PERIOD_M15,PERIOD_M5,PERIOD_M5,false,htf_soft_alignment,current_post_filter,transcript_post_filter,dow_range_or_transition,structure_trend_bias_dow_trend_up_hh_hl,dow_range_or_transition,structure_trend_bias_dow_trend_up_hh_hl,false,true,true,LONG,PERIOD_M5,double_bottom,double_bottom,4.200,none,0.000,double_bottom,4.200,none,0.000,LONG,false,PERIOD_H1_NONE_dow_range_or_transition|PERIOD_M15_LONG_structure_trend_bias_dow_trend_up_hh_hl,true,h1_counter_m15_reversal,true,top_NONE_dow_range_or_transition|structure_LONG_structure_trend_bias_dow_trend_up_hh_hl|structure_break_recent_confirmed_swing_break_failed|primary_break_recent_confirmed_swing_break_retest,none,above_75sma_rising,above_75sma_flat_or_falling,below_75sma_falling,-1,0.00000000,0,97.04600000,false,off,NONE,NONE,0.00000000,0.00000000,0.0000,none,0.000,true,LONG,return_high_break_or_bos_up,97.26800000,12,97.31200000,96.96200000,false,off,independent,false,,,false,0.0000,none,0.0000,0.0000,none,0.0000,0.0000,0.0000,none,0.0000,0,0,0.0000,none,none,none,none,0.0000,0,0.0000,none,false,true,not_evaluated,true,required_light_or_anchor_flip,bias_flip_down,97.05800000,2025.07.16 05:45:00,97.04500000,2025.07.15 21:45:00,2025.07.16 07:15:00,true,SHORT,97.05800000,97.05000000,0.1042,4,true,2025.07.16 09:15:00,4,SHORT,97.05800000,97.05000000,0.1042,0.5209,normal,2025.07.16 10:00:00,first_after_anchor,true,SHORT,4,1,4,true,false,fresh_0_4,false,true,false,true,none,true,required,false,PERIOD_M5,,,-1,0.0000,false,0.00000000,0.0000,false,0.0000,false,none,none,false,no_anchor_flip_in_entry_direction,true,required_first_signal_only,LONG,unknown,0.00000000,,0.00000000,,false,,-1,false,NONE,0.00000000,,0.00000000,0.0000,0.0000,none,-1,false,false,false,no_anchor_flip_in_entry_direction,,,,false,false,false,-1,-1,-1,-1,-1,false,false,false,0.0000,range_n,true,97.31200000,96.86600000,5.8084,true,0.5209,0.5699,3,normal,true,0.5829,preferred_382_618,0.200,diagnostic_only,diagnostic_only,diagnostic_only,fib_pullback,24,0.450,true,none,0.600,high_quality,false,false,diagnostic_only,both,true,none,true,diagnostic_adjacent_detected,required_light,false,false,SHORT,5,false,false,2,2025.07.16 09:00:00,2025.07.16 10:05:00,4,5.5159,97.04600000,0.00000000,97.04600000,true,true,m5_lh_close_break_up,97.04600000,true,0.8163,0.7915,true,1,0.0000,false,0,97.04600000,0.2473,off,false,not_evaluated,none,0.8776,0.1224,very_strong,false,false,false,0.0000,no_following_closed_bar,false,none,0.0000,false,no_retest,2.0777,5.3180,0.3907,0.1979,false,mild_exhaustion,0.0000,none,none,false,false,none,0.0000,0.0000,0.0000,0.0000,none,false,false,0.0000,0.0000,false,false,-1,none,none,false,0.000,0.000,97.18500000,97.08500000,97.18500000,structure_confirmed_swing_high,0.07700000,0.6364,session_high|opening_range_high|neckline_level,97.08500000,0.5689,false,true,false,false,not_blocked,2,2,0,m5_failure_exit,off,none,0.00000000,0.0000,1.30,97.26600000,4.200,-0.300,0.200,PERIOD_M15,97.18500000,97.05800000,0.6063,preferred_382_618,0.000,true,97.10800000,96.98700000,0.12100000,97.26600000,1.306,0.04042857,28.00,0-30,true,false,none,not_consumed,4.500,4.500,none,0.0000,false,opposite_break_first,true,opposite_break_first,spread_too_high
2025.07.16 10:30:00,blocked,session_reversal_pullback_one_symbol_first120,AUDJPY,LONG,2025.07.16 10:25:00,10,7,16,london,2025.07.16 07:00,25,first_120min,true,true,3,AUDJPY,highest_score_in_session_bar,london=USDJPY|EURJPY|GBPJPY|AUDJPY|EURUSD|GBPUSD,existing_first120_gate,london,false,false,true,passed_first_window,double_bottom,neckline_break_retest,97.02800000,PERIOD_M5,PERIOD_H1,PERIOD_M15,PERIOD_M5,PERIOD_M5,false,htf_soft_alignment,current_post_filter,transcript_post_filter,dow_range_or_transition,structure_trend_bias_dow_trend_up_hh_hl,dow_range_or_transition,structure_trend_bias_dow_trend_up_hh_hl,false,true,true,LONG,PERIOD_M5,double_bottom,double_bottom,4.200,none,0.000,double_bottom,4.200,none,0.000,LONG,false,PERIOD_H1_NONE_dow_range_or_transition|PERIOD_M15_LONG_structure_trend_bias_dow_trend_up_hh_hl,true,h1_counter_m15_reversal,true,top_NONE_dow_range_or_transition|structure_LONG_structure_trend_bias_dow_trend_up_hh_hl|structure_break_recent_confirmed_swing_break_failed|primary_break_recent_confirmed_swing_break_retest,none,above_75sma_rising,above_75sma_flat_or_falling,below_75sma_falling,-1,0.00000000,0,97.04600000,false,off,NONE,NONE,0.00000000,0.00000000,0.0000,none,0.000,true,LONG,return_high_break_or_bos_up,97.26800000,12,97.31200000,96.96200000,false,off,independent,false,,,false,0.0000,none,0.0000,0.0000,none,0.0000,0.0000,0.0000,none,0.0000,0,0,0.0000,none,none,none,none,0.0000,0,0.0000,none,false,true,not_evaluated,true,required_light_or_anchor_flip,bias_flip_down,97.05800000,2025.07.16 05:45:00,97.04500000,2025.07.15 21:45:00,2025.07.16 07:15:00,true,SHORT,97.05800000,97.05000000,0.1042,4,true,2025.07.16 09:15:00,4,SHORT,97.05800000,97.05000000,0.1042,0.5209,normal,2025.07.16 10:00:00,first_after_anchor,true,SHORT,4,1,4,true,false,fresh_0_4,false,true,false,true,none,true,required,false,PERIOD_M5,,,-1,0.0000,false,0.00000000,0.0000,false,0.0000,false,none,none,false,no_anchor_flip_in_entry_direction,true,required_first_signal_only,LONG,unknown,0.00000000,,0.00000000,,false,,-1,false,NONE,0.00000000,,0.00000000,0.0000,0.0000,none,-1,false,false,false,no_anchor_flip_in_entry_direction,,,,false,false,false,-1,-1,-1,-1,-1,false,false,false,0.0000,range_n,true,97.31200000,96.86600000,5.8084,true,0.5209,0.5699,3,normal,true,0.5829,preferred_382_618,0.200,diagnostic_only,diagnostic_only,diagnostic_only,fib_pullback,24,0.450,true,none,0.600,high_quality,false,false,diagnostic_only,both,true,none,true,diagnostic_adjacent_detected,required_light,false,false,SHORT,5,false,false,2,2025.07.16 09:00:00,2025.07.16 10:05:00,4,5.5159,97.04600000,0.00000000,97.04600000,true,true,m5_lh_close_break_up,97.04600000,true,0.8163,0.7915,true,1,0.0000,false,0,97.04600000,0.2473,off,false,not_evaluated,none,0.8776,0.1224,very_strong,false,false,false,0.0000,no_following_closed_bar,false,none,0.0000,false,no_retest,2.0777,5.3180,0.3907,0.1979,false,mild_exhaustion,0.0000,none,none,false,false,none,0.0000,0.0000,0.0000,0.0000,none,false,false,0.0000,0.0000,false,false,-1,none,none,false,0.000,0.000,97.18500000,97.08500000,97.18500000,structure_confirmed_swing_high,0.07700000,0.6364,session_high|opening_range_high|neckline_level,97.08500000,0.5689,false,true,false,false,not_blocked,2,2,0,m5_failure_exit,off,none,0.00000000,0.0000,1.30,97.26600000,4.200,-0.300,0.200,PERIOD_M15,97.18500000,97.05800000,0.6063,preferred_382_618,0.000,true,97.10800000,96.98700000,0.12100000,97.26600000,1.306,0.04042857,28.00,0-30,true,false,none,blocked_spread_too_high,4.500,4.500,none,0.0000,false,opposite_break_first,true,opposite_break_first,spread_too_high
2025.07.16 16:15:00,signal,session_reversal_pullback_one_symbol_first120,USDJPY,SHORT,2025.07.16 16:10:00,16,13,22,london_newyork_overlap,2025.07.16 13:00,10,first_120min,true,true,3,USDJPY,highest_score_in_session_bar,london_newyork_overlap=USDJPY|EURJPY|GBPJPY|AUDJPY|EURUSD|GBPUSD,existing_first120_gate,london_newyork_overlap,false,false,true,passed_first_window,double_top,neckline_break_retest,148.73500000,PERIOD_M5,PERIOD_H1,PERIOD_M15,PERIOD_M5,PERIOD_M5,false,htf_soft_alignment,current_post_filter,transcript_post_filter,dow_range_or_transition,no_ordered_dow_wave3_break,dow_range_or_transition,no_ordered_dow_wave3_break,false,false,true,SHORT,PERIOD_M5,double_top,double_top,4.200,none,0.000,double_top,4.200,none,0.000,SHORT,false,PERIOD_H1_NONE_dow_range_or_transition|PERIOD_M15_NONE_no_ordered_dow_wave3_break,true,h1_counter_m15_reversal,true,top_NONE_dow_range_or_transition|structure_NONE_no_ordered_dow_wave3_break|structure_break_recent_confirmed_swing_break_failed|primary_break_recent_confirmed_swing_break_failed,none,above_75sma_rising,below_75sma_falling,below_75sma_falling,-1,0.00000000,-1,0.00000000,false,off,NONE,NONE,0.00000000,0.00000000,0.0000,none,0.000,true,SHORT,return_low_break_or_bos_down,148.61700000,2,148.92100000,148.46600000,false,off,independent,false,,,false,0.0000,none,0.0000,0.0000,none,0.0000,0.0000,0.0000,none,0.0000,0,0,0.0000,none,none,none,none,0.0000,0,0.0000,none,false,true,not_evaluated,true,required_light_or_anchor_flip,short_bias,148.73200000,2025.07.16 04:30:00,149.17700000,2025.07.16 07:15:00,2025.07.16 10:00:00,false,NONE,0.00000000,0.00000000,0.0000,-1,false,,-1,NONE,0.00000000,0.00000000,0.0000,0.0000,none,,none,false,NONE,-1,-1,-1,false,false,none,true,false,false,true,none,true,required,false,PERIOD_M5,,,-1,0.0000,false,0.00000000,0.0000,false,0.0000,false,none,none,false,no_anchor_flip_in_entry_direction,true,required_first_signal_only,SHORT,unknown,0.00000000,,0.00000000,,false,,-1,false,NONE,0.00000000,,0.00000000,0.0000,0.0000,none,-1,false,false,false,no_anchor_flip_in_entry_direction,,,,false,false,false,-1,-1,-1,-1,-1,false,false,false,0.0000,range_n,true,149.17700000,148.61000000,4.8849,false,0.0000,0.0000,0,none,true,0.5495,preferred_382_618,0.200,diagnostic_only,diagnostic_only,diagnostic_only,shallow_pullback,24,0.400,true,none,0.550,high_quality,false,false,diagnostic_only,both,true,none,true,diagnostic_adjacent_detected,required_light,false,false,LONG,7,false,false,1,2025.07.16 14:30:00,2025.07.16 15:30:00,8,3.6950,0.00000000,148.46600000,148.46600000,false,false,none,0.00000000,false,0.0000,0.0000,false,1,0.0000,false,-1,0.00000000,0.0000,off,false,not_evaluated,none,0.0000,0.0000,none,false,false,false,0.0000,none,false,none,0.0000,false,none,3.6950,1.0674,3.4615,0.5850,false,no_shrink,0.0000,none,none,false,false,none,0.0000,0.0000,0.0000,0.0000,none,false,false,0.0000,0.0000,false,false,-1,none,none,false,0.000,0.000,148.73500000,148.70813043,148.70813043,recent_equal_highs,0.00786957,0.1093,neckline_level,148.73500000,0.1950,false,false,true,false,not_blocked,2,0,2,m5_failure_exit,off,none,0.00000000,0.0000,1.30,148.62300000,4.200,-0.300,0.200,PERIOD_M15,148.92100000,148.61700000,0.3257,outside,0.000,true,148.71600000,148.78800000,0.07200000,148.62300000,1.292,0.09742857,15.00,0-30,true,false,none,not_consumed,4.300,4.300,none,0.0000,false,neckline_retest_failed,false,not_invalidated,
2025.07.16 16:15:00,order_sent,session_reversal_pullback_one_symbol_first120,USDJPY,SHORT,2025.07.16 16:10:00,16,13,22,london_newyork_overlap,2025.07.16 13:00,10,first_120min,true,true,3,USDJPY,highest_score_in_session_bar,london_newyork_overlap=USDJPY|EURJPY|GBPJPY|AUDJPY|EURUSD|GBPUSD,existing_first120_gate,london_newyork_overlap,false,false,true,passed_first_window,double_top,neckline_break_retest,148.73500000,PERIOD_M5,PERIOD_H1,PERIOD_M15,PERIOD_M5,PERIOD_M5,false,htf_soft_alignment,current_post_filter,transcript_post_filter,dow_range_or_transition,no_ordered_dow_wave3_break,dow_range_or_transition,no_ordered_dow_wave3_break,false,false,true,SHORT,PERIOD_M5,double_top,double_top,4.200,none,0.000,double_top,4.200,none,0.000,SHORT,false,PERIOD_H1_NONE_dow_range_or_transition|PERIOD_M15_NONE_no_ordered_dow_wave3_break,true,h1_counter_m15_reversal,true,top_NONE_dow_range_or_transition|structure_NONE_no_ordered_dow_wave3_break|structure_break_recent_confirmed_swing_break_failed|primary_break_recent_confirmed_swing_break_failed,none,above_75sma_rising,below_75sma_falling,below_75sma_falling,-1,0.00000000,-1,0.00000000,false,off,NONE,NONE,0.00000000,0.00000000,0.0000,none,0.000,true,SHORT,return_low_break_or_bos_down,148.61700000,2,148.92100000,148.46600000,false,off,independent,false,,,false,0.0000,none,0.0000,0.0000,none,0.0000,0.0000,0.0000,none,0.0000,0,0,0.0000,none,none,none,none,0.0000,0,0.0000,none,false,true,not_evaluated,true,required_light_or_anchor_flip,short_bias,148.73200000,2025.07.16 04:30:00,149.17700000,2025.07.16 07:15:00,2025.07.16 10:00:00,false,NONE,0.00000000,0.00000000,0.0000,-1,false,,-1,NONE,0.00000000,0.00000000,0.0000,0.0000,none,,none,false,NONE,-1,-1,-1,false,false,none,true,false,false,true,none,true,required,false,PERIOD_M5,,,-1,0.0000,false,0.00000000,0.0000,false,0.0000,false,none,none,false,no_anchor_flip_in_entry_direction,true,required_first_signal_only,SHORT,unknown,0.00000000,,0.00000000,,false,,-1,false,NONE,0.00000000,,0.00000000,0.0000,0.0000,none,-1,false,false,false,no_anchor_flip_in_entry_direction,,,,false,false,false,-1,-1,-1,-1,-1,false,false,false,0.0000,range_n,true,149.17700000,148.61000000,4.8849,false,0.0000,0.0000,0,none,true,0.5495,preferred_382_618,0.200,diagnostic_only,diagnostic_only,diagnostic_only,shallow_pullback,24,0.400,true,none,0.550,high_quality,false,false,diagnostic_only,both,true,none,true,diagnostic_adjacent_detected,required_light,false,false,LONG,7,false,false,1,2025.07.16 14:30:00,2025.07.16 15:30:00,8,3.6950,0.00000000,148.46600000,148.46600000,false,false,none,0.00000000,false,0.0000,0.0000,false,1,0.0000,false,-1,0.00000000,0.0000,off,false,not_evaluated,none,0.0000,0.0000,none,false,false,false,0.0000,none,false,none,0.0000,false,none,3.6950,1.0674,3.4615,0.5850,false,no_shrink,0.0000,none,none,false,false,none,0.0000,0.0000,0.0000,0.0000,none,false,false,0.0000,0.0000,false,false,-1,none,none,false,0.000,0.000,148.73500000,148.70813043,148.70813043,recent_equal_highs,0.00786957,0.1093,neckline_level,148.73500000,0.1950,false,false,true,false,not_blocked,2,0,2,m5_failure_exit,off,none,0.00000000,0.0000,1.30,148.62300000,4.200,-0.300,0.200,PERIOD_M15,148.92100000,148.61700000,0.3257,outside,0.000,true,148.71600000,148.78800000,0.07200000,148.62300000,1.292,0.09742857,15.00,0-30,true,false,none,order_sent,4.300,4.300,none,0.0000,false,neckline_retest_failed,false,not_invalidated,
2025.07.17 10:10:00,signal,session_reversal_pullback_one_symbol_first120,GBPUSD,SHORT,2025.07.17 10:05:00,10,7,16,london,2025.07.17 07:00,5,first_120min,true,true,3,GBPUSD,highest_score_in_session_bar,london=USDJPY|EURJPY|GBPJPY|AUDJPY|EURUSD|GBPUSD,existing_first120_gate,london,false,false,true,passed_first_window,head_and_shoulders,neckline_break_retest,1.33899000,PERIOD_M5,PERIOD_H1,PERIOD_M15,PERIOD_M5,PERIOD_M5,false,htf_soft_alignment,current_post_filter,transcript_post_filter,dow_trend_up_hh_hl,structure_trend_bias_dow_trend_down_ll_lh,dow_trend_up_hh_hl,structure_trend_bias_dow_trend_down_ll_lh,false,true,true,SHORT,PERIOD_M5,head_and_shoulders,head_and_shoulders,4.500,none,0.000,head_and_shoulders,4.500,none,0.000,SHORT,true,PERIOD_H1_LONG_dow_trend_up_hh_hl|PERIOD_M15_SHORT_structure_trend_bias_dow_trend_down_ll_lh,true,h1_counter_m15_reversal,true,top_LONG_dow_trend_up_hh_hl|structure_SHORT_structure_trend_bias_dow_trend_down_ll_lh|structure_break_recent_confirmed_swing_break_retest|primary_break_recent_confirmed_swing_break_failed,none,below_75sma_falling,below_75sma_falling,below_75sma_falling,1,1.33832000,-1,0.00000000,false,off,NONE,NONE,0.00000000,0.00000000,0.0000,none,0.000,true,SHORT,return_low_break_or_bos_down,1.33832000,1,1.34042000,1.33732000,false,off,independent,false,,,false,0.0000,none,0.0000,0.0000,none,0.0000,0.0000,0.0000,none,0.0000,0,0,0.0000,none,none,none,none,0.0000,0,0.0000,none,false,true,not_evaluated,true,required_light_or_anchor_flip,short_bias,1.33641000,2025.07.16 16:45:00,1.34042000,2025.07.17 04:45:00,2025.07.17 06:00:00,false,NONE,0.00000000,0.00000000,0.0000,-1,false,,-1,NONE,0.00000000,0.00000000,0.0000,0.0000,none,,none,false,NONE,-1,-1,-1,false,false,none,true,false,false,true,none,true,required,false,PERIOD_M5,,,-1,0.0000,false,0.00000000,0.0000,false,0.0000,false,none,none,false,no_anchor_flip_in_entry_direction,true,required_first_signal_only,SHORT,unknown,0.00000000,,0.00000000,,false,,-1,false,NONE,0.00000000,,0.00000000,0.0000,0.0000,none,-1,false,false,false,no_anchor_flip_in_entry_direction,,,,false,false,false,-1,-1,-1,-1,-1,false,false,false,0.0000,falling_n,false,1.34195000,1.33832000,4.6753,false,0.0000,0.0000,0,none,true,0.5161,preferred_382_618,0.200,diagnostic_only,diagnostic_only,diagnostic_only,shallow_pullback,24,0.400,true,none,0.550,high_quality,false,false,diagnostic_only,both,true,none,true,diagnostic_adjacent_detected,required_light,false,false,LONG,7,false,false,1,2025.07.17 08:30:00,2025.07.17 09:35:00,6,3.0737,0.00000000,1.33732000,1.33732000,false,false,none,0.00000000,false,0.0000,0.0000,false,1,0.0000,false,-1,0.00000000,0.0000,off,false,not_evaluated,none,0.0000,0.0000,none,false,false,false,0.0000,none,false,none,0.0000,false,none,3.0737,1.9659,1.5635,0.3584,false,no_shrink,0.0000,none,none,false,false,none,0.0000,0.0000,0.0000,0.0000,none,false,false,0.0000,0.0000,false,false,-1,none,none,false,0.000,0.000,1.33899000,1.33832000,1.33832000,structure_confirmed_swing_low,0.00060000,0.4687,neckline_level,1.33899000,0.0760,false,true,true,false,not_blocked,10,5,5,m5_failure_exit,off,none,0.00000000,0.0000,1.30,1.33726000,4.500,-0.300,0.200,PERIOD_M15,1.34042000,1.33832000,0.2857,outside,0.000,true,1.33892000,1.34020000,0.00128000,1.33726000,1.297,0.00092071,20.00,0-30,true,false,none,not_consumed,4.950,4.950,none,0.0000,false,opposite_break_first,true,opposite_break_first,spread_too_high
2025.07.17 10:10:00,blocked,session_reversal_pullback_one_symbol_first120,GBPUSD,SHORT,2025.07.17 10:05:00,10,7,16,london,2025.07.17 07:00,5,first_120min,true,true,3,GBPUSD,highest_score_in_session_bar,london=USDJPY|EURJPY|GBPJPY|AUDJPY|EURUSD|GBPUSD,existing_first120_gate,london,false,false,true,passed_first_window,head_and_shoulders,neckline_break_retest,1.33899000,PERIOD_M5,PERIOD_H1,PERIOD_M15,PERIOD_M5,PERIOD_M5,false,htf_soft_alignment,current_post_filter,transcript_post_filter,dow_trend_up_hh_hl,structure_trend_bias_dow_trend_down_ll_lh,dow_trend_up_hh_hl,structure_trend_bias_dow_trend_down_ll_lh,false,true,true,SHORT,PERIOD_M5,head_and_shoulders,head_and_shoulders,4.500,none,0.000,head_and_shoulders,4.500,none,0.000,SHORT,true,PERIOD_H1_LONG_dow_trend_up_hh_hl|PERIOD_M15_SHORT_structure_trend_bias_dow_trend_down_ll_lh,true,h1_counter_m15_reversal,true,top_LONG_dow_trend_up_hh_hl|structure_SHORT_structure_trend_bias_dow_trend_down_ll_lh|structure_break_recent_confirmed_swing_break_retest|primary_break_recent_confirmed_swing_break_failed,none,below_75sma_falling,below_75sma_falling,below_75sma_falling,1,1.33832000,-1,0.00000000,false,off,NONE,NONE,0.00000000,0.00000000,0.0000,none,0.000,true,SHORT,return_low_break_or_bos_down,1.33832000,1,1.34042000,1.33732000,false,off,independent,false,,,false,0.0000,none,0.0000,0.0000,none,0.0000,0.0000,0.0000,none,0.0000,0,0,0.0000,none,none,none,none,0.0000,0,0.0000,none,false,true,not_evaluated,true,required_light_or_anchor_flip,short_bias,1.33641000,2025.07.16 16:45:00,1.34042000,2025.07.17 04:45:00,2025.07.17 06:00:00,false,NONE,0.00000000,0.00000000,0.0000,-1,false,,-1,NONE,0.00000000,0.00000000,0.0000,0.0000,none,,none,false,NONE,-1,-1,-1,false,false,none,true,false,false,true,none,true,required,false,PERIOD_M5,,,-1,0.0000,false,0.00000000,0.0000,false,0.0000,false,none,none,false,no_anchor_flip_in_entry_direction,true,required_first_signal_only,SHORT,unknown,0.00000000,,0.00000000,,false,,-1,false,NONE,0.00000000,,0.00000000,0.0000,0.0000,none,-1,false,false,false,no_anchor_flip_in_entry_direction,,,,false,false,false,-1,-1,-1,-1,-1,false,false,false,0.0000,falling_n,false,1.34195000,1.33832000,4.6753,false,0.0000,0.0000,0,none,true,0.5161,preferred_382_618,0.200,diagnostic_only,diagnostic_only,diagnostic_only,shallow_pullback,24,0.400,true,none,0.550,high_quality,false,false,diagnostic_only,both,true,none,true,diagnostic_adjacent_detected,required_light,false,false,LONG,7,false,false,1,2025.07.17 08:30:00,2025.07.17 09:35:00,6,3.0737,0.00000000,1.33732000,1.33732000,false,false,none,0.00000000,false,0.0000,0.0000,false,1,0.0000,false,-1,0.00000000,0.0000,off,false,not_evaluated,none,0.0000,0.0000,none,false,false,false,0.0000,none,false,none,0.0000,false,none,3.0737,1.9659,1.5635,0.3584,false,no_shrink,0.0000,none,none,false,false,none,0.0000,0.0000,0.0000,0.0000,none,false,false,0.0000,0.0000,false,false,-1,none,none,false,0.000,0.000,1.33899000,1.33832000,1.33832000,structure_confirmed_swing_low,0.00060000,0.4687,neckline_level,1.33899000,0.0760,false,true,true,false,not_blocked,10,5,5,m5_failure_exit,off,none,0.00000000,0.0000,1.30,1.33726000,4.500,-0.300,0.200,PERIOD_M15,1.34042000,1.33832000,0.2857,outside,0.000,true,1.33892000,1.34020000,0.00128000,1.33726000,1.297,0.00092071,20.00,0-30,true,false,none,blocked_spread_too_high,4.950,4.950,none,0.0000,false,opposite_break_first,true,opposite_break_first,spread_too_high
2025.07.17 16:20:00,signal,session_reversal_pullback_one_symbol_first120,USDJPY,LONG,2025.07.17 16:15:00,16,13,22,london_newyork_overlap,2025.07.17 13:00,15,first_120min,true,true,3,USDJPY,highest_score_in_session_bar,london_newyork_overlap=USDJPY|EURJPY|GBPJPY|AUDJPY|EURUSD|GBPUSD,existing_first120_gate,london_newyork_overlap,false,false,true,passed_first_window,sweep_low_reclaim,sweep_reclaim_retest,148.50500000,PERIOD_M5,PERIOD_H1,PERIOD_M15,PERIOD_M5,PERIOD_M5,false,htf_soft_alignment,current_post_filter,transcript_post_filter,dow_trend_down_ll_lh,structure_trend_bias_dow_trend_up_hh_hl,dow_trend_down_ll_lh,structure_trend_bias_dow_trend_up_hh_hl,false,true,false,LONG,PERIOD_M5,sweep_low_reclaim,sweep_low_reclaim,3.400,none,0.000,sweep_low_reclaim,3.400,none,0.000,LONG,false,PERIOD_H1_SHORT_dow_trend_down_ll_lh|PERIOD_M15_LONG_structure_trend_bias_dow_trend_up_hh_hl,true,h1_counter_m15_reversal,true,top_SHORT_dow_trend_down_ll_lh|structure_LONG_structure_trend_bias_dow_trend_up_hh_hl|structure_break_recent_confirmed_swing_break_failed|primary_break_recent_confirmed_swing_break_failed,none,above_75sma_rising,above_75sma_rising,below_75sma_falling,-1,0.00000000,-1,0.00000000,false,off,NONE,NONE,0.00000000,0.00000000,0.0000,none,0.000,true,LONG,return_high_break_or_bos_up,148.79700000,3,148.82500000,148.59600000,false,off,independent,false,,,false,0.0000,none,0.0000,0.0000,none,0.0000,0.0000,0.0000,none,0.0000,0,0,0.0000,none,none,none,none,0.0000,0,0.0000,none,false,true,not_evaluated,true,required_light_or_anchor_flip,long_bias,148.51200000,2025.07.17 12:00:00,147.89500000,2025.07.16 23:45:00,2025.07.17 13:15:00,false,NONE,0.00000000,0.00000000,0.0000,-1,false,,-1,NONE,0.00000000,0.00000000,0.0000,0.0000,none,,none,false,NONE,-1,-1,-1,false,false,none,true,false,false,true,none,true,required,false,PERIOD_M5,,,-1,0.0000,false,0.00000000,0.0000,false,0.0000,false,none,none,false,no_anchor_flip_in_entry_direction,true,required_first_signal_only,LONG,unknown,0.00000000,,0.00000000,,false,,-1,false,NONE,0.00000000,,0.00000000,0.0000,0.0000,none,-1,false,false,false,no_anchor_flip_in_entry_direction,,,,false,false,false,-1,-1,-1,-1,-1,false,false,false,0.0000,rising_n,false,148.82500000,148.27300000,3.9408,false,0.0000,0.0000,0,none,true,0.8124,too_deep,0.000,diagnostic_only,diagnostic_only,diagnostic_only,shallow_pullback,8,0.240,true,none,0.390,medium_quality,false,false,diagnostic_only,both,true,none,true,diagnostic_adjacent_detected,required_light,false,false,SHORT,7,false,false,0,2025.07.17 14:40:00,2025.07.17 15:30:00,9,3.3288,149.07700000,0.00000000,149.07700000,false,false,none,0.00000000,false,0.0000,0.0000,false,1,0.0000,false,-1,0.00000000,0.0000,off,false,not_evaluated,none,0.0000,0.0000,none,false,false,false,0.0000,none,false,none,0.0000,false,none,3.0819,1.1945,2.5800,0.0000,true,strong_exhaustion,0.0000,none,none,false,false,none,0.0000,0.0000,0.0000,0.0000,none,false,false,0.0000,0.0000,false,false,-1,none,none,false,0.000,0.000,148.65150000,148.59600000,148.65150000,recent_equal_lows,0.03350000,0.1872,neckline_level,148.50500000,0.8999,false,true,true,false,not_blocked,7,5,2,m5_failure_exit,off,none,0.00000000,0.0000,1.30,148.85000000,3.400,-0.300,0.200,PERIOD_M15,148.82500000,148.59600000,0.9039,outside,0.000,true,148.61800000,148.43900000,0.17900000,148.85000000,1.296,0.12557143,15.00,0-30,true,false,none,not_consumed,3.500,3.500,none,0.0000,false,opposite_break_first,true,opposite_break_first,session_invalidated
2025.07.17 16:20:00,blocked,session_reversal_pullback_one_symbol_first120,USDJPY,LONG,2025.07.17 16:15:00,16,13,22,london_newyork_overlap,2025.07.17 13:00,15,first_120min,true,true,3,USDJPY,highest_score_in_session_bar,london_newyork_overlap=USDJPY|EURJPY|GBPJPY|AUDJPY|EURUSD|GBPUSD,existing_first120_gate,london_newyork_overlap,false,false,true,passed_first_window,sweep_low_reclaim,sweep_reclaim_retest,148.50500000,PERIOD_M5,PERIOD_H1,PERIOD_M15,PERIOD_M5,PERIOD_M5,false,htf_soft_alignment,current_post_filter,transcript_post_filter,dow_trend_down_ll_lh,structure_trend_bias_dow_trend_up_hh_hl,dow_trend_down_ll_lh,structure_trend_bias_dow_trend_up_hh_hl,false,true,false,LONG,PERIOD_M5,sweep_low_reclaim,sweep_low_reclaim,3.400,none,0.000,sweep_low_reclaim,3.400,none,0.000,LONG,false,PERIOD_H1_SHORT_dow_trend_down_ll_lh|PERIOD_M15_LONG_structure_trend_bias_dow_trend_up_hh_hl,true,h1_counter_m15_reversal,true,top_SHORT_dow_trend_down_ll_lh|structure_LONG_structure_trend_bias_dow_trend_up_hh_hl|structure_break_recent_confirmed_swing_break_failed|primary_break_recent_confirmed_swing_break_failed,none,above_75sma_rising,above_75sma_rising,below_75sma_falling,-1,0.00000000,-1,0.00000000,false,off,NONE,NONE,0.00000000,0.00000000,0.0000,none,0.000,true,LONG,return_high_break_or_bos_up,148.79700000,3,148.82500000,148.59600000,false,off,independent,false,,,false,0.0000,none,0.0000,0.0000,none,0.0000,0.0000,0.0000,none,0.0000,0,0,0.0000,none,none,none,none,0.0000,0,0.0000,none,false,true,not_evaluated,true,required_light_or_anchor_flip,long_bias,148.51200000,2025.07.17 12:00:00,147.89500000,2025.07.16 23:45:00,2025.07.17 13:15:00,false,NONE,0.00000000,0.00000000,0.0000,-1,false,,-1,NONE,0.00000000,0.00000000,0.0000,0.0000,none,,none,false,NONE,-1,-1,-1,false,false,none,true,false,false,true,none,true,required,false,PERIOD_M5,,,-1,0.0000,false,0.00000000,0.0000,false,0.0000,false,none,none,false,no_anchor_flip_in_entry_direction,true,required_first_signal_only,LONG,unknown,0.00000000,,0.00000000,,false,,-1,false,NONE,0.00000000,,0.00000000,0.0000,0.0000,none,-1,false,false,false,no_anchor_flip_in_entry_direction,,,,false,false,false,-1,-1,-1,-1,-1,false,false,false,0.0000,rising_n,false,148.82500000,148.27300000,3.9408,false,0.0000,0.0000,0,none,true,0.8124,too_deep,0.000,diagnostic_only,diagnostic_only,diagnostic_only,shallow_pullback,8,0.240,true,none,0.390,medium_quality,false,false,diagnostic_only,both,true,none,true,diagnostic_adjacent_detected,required_light,false,false,SHORT,7,false,false,0,2025.07.17 14:40:00,2025.07.17 15:30:00,9,3.3288,149.07700000,0.00000000,149.07700000,false,false,none,0.00000000,false,0.0000,0.0000,false,1,0.0000,false,-1,0.00000000,0.0000,off,false,not_evaluated,none,0.0000,0.0000,none,false,false,false,0.0000,none,false,none,0.0000,false,none,3.0819,1.1945,2.5800,0.0000,true,strong_exhaustion,0.0000,none,none,false,false,none,0.0000,0.0000,0.0000,0.0000,none,false,false,0.0000,0.0000,false,false,-1,none,none,false,0.000,0.000,148.65150000,148.59600000,148.65150000,recent_equal_lows,0.03350000,0.1872,neckline_level,148.50500000,0.8999,false,true,true,false,not_blocked,7,5,2,m5_failure_exit,off,none,0.00000000,0.0000,1.30,148.85000000,3.400,-0.300,0.200,PERIOD_M15,148.82500000,148.59600000,0.9039,outside,0.000,true,148.61800000,148.43900000,0.17900000,148.85000000,1.296,0.12557143,15.00,0-30,true,false,none,blocked_session_invalidated,3.500,3.500,none,0.0000,false,opposite_break_first,true,opposite_break_first,session_invalidated
2025.07.17 19:05:00,signal,session_reversal_pullback_one_symbol_first120,USDJPY,LONG,2025.07.17 19:00:00,19,16,1,new_york,2025.07.17 16:00,0,first_120min,true,true,3,USDJPY,highest_score_in_session_bar,new_york=USDJPY|EURJPY|GBPJPY|AUDJPY|EURUSD|GBPUSD,existing_first120_gate,new_york,false,false,true,passed_first_window,double_bottom,neckline_break_retest,148.51700000,PERIOD_M5,PERIOD_H1,PERIOD_M15,PERIOD_M5,PERIOD_M5,false,htf_soft_alignment,current_post_filter,transcript_post_filter,dow_trend_down_ll_lh,no_ordered_dow_wave3_break,dow_trend_down_ll_lh,no_ordered_dow_wave3_break,false,true,false,LONG,PERIOD_M5,double_bottom,double_bottom,4.200,none,0.000,double_bottom,4.200,none,0.000,LONG,false,PERIOD_H1_SHORT_dow_trend_down_ll_lh|PERIOD_M15_NONE_no_ordered_dow_wave3_break,true,h1_counter_m15_reversal,true,top_SHORT_dow_trend_down_ll_lh|structure_NONE_no_ordered_dow_wave3_break|structure_break_recent_confirmed_swing_break_failed|primary_break_no_recent_confirmed_swing_break,none,above_75sma_rising,above_75sma_rising,below_75sma_falling,-1,0.00000000,-1,0.00000000,false,off,NONE,NONE,0.00000000,0.00000000,0.0000,none,0.000,true,LONG,return_high_break_or_bos_up,148.79700000,14,149.07700000,148.37300000,false,off,independent,false,,,false,0.0000,none,0.0000,0.0000,none,0.0000,0.0000,0.0000,none,0.0000,0,0,0.0000,none,none,none,none,0.0000,0,0.0000,none,false,true,not_evaluated,true,required_light_or_anchor_flip,short_bias,148.59600000,2025.07.17 14:00:00,148.65300000,2025.07.17 17:00:00,2025.07.17 17:30:00,false,NONE,0.00000000,0.00000000,0.0000,-1,false,,-1,NONE,0.00000000,0.00000000,0.0000,0.0000,none,,none,false,NONE,-1,-1,-1,false,false,none,false,true,false,true,none,true,required,false,PERIOD_M5,,,-1,0.0000,false,0.00000000,0.0000,false,0.0000,false,none,none,false,no_anchor_flip_in_entry_direction,true,required_first_signal_only,LONG,unknown,0.00000000,,0.00000000,,false,,-1,false,NONE,0.00000000,,0.00000000,0.0000,0.0000,none,-1,false,false,false,no_anchor_flip_in_entry_direction,,,,false,false,false,-1,-1,-1,-1,-1,false,false,false,0.0000,falling_n,false,149.07700000,148.37300000,4.3323,false,0.0000,0.0000,0,none,true,0.7557,deep_618_786,0.120,diagnostic_only,diagnostic_only,diagnostic_only,fib_pullback,5,0.410,true,none,0.560,high_quality,false,false,diagnostic_only,both,true,none,true,diagnostic_adjacent_detected,required_light,false,false,SHORT,5,false,false,1,2025.07.17 17:05:00,2025.07.17 18:30:00,6,4.7002,148.60600000,0.00000000,148.60600000,false,false,none,0.00000000,false,0.0000,0.0000,false,1,0.0000,false,-1,0.00000000,0.0000,off,false,not_evaluated,none,0.0000,0.0000,none,false,false,false,0.0000,none,false,none,0.0000,false,none,2.6859,4.7002,0.5714,0.0000,true,strong_exhaustion,0.0000,none,none,false,false,none,0.0000,0.0000,0.0000,0.0000,none,false,false,0.0000,0.0000,false,false,-1,none,none,false,0.000,0.000,148.56400000,148.51700000,148.60600000,pre_session_high,0.06100000,0.5545,session_high|opening_range_high|neckline_level,148.56400000,0.3189,false,true,true,false,not_blocked,2,1,1,m5_failure_exit,off,none,0.00000000,0.0000,1.30,148.68800000,4.200,-0.300,0.200,PERIOD_M15,149.07700000,148.37300000,0.7557,deep_618_786,0.000,true,148.54500000,148.43500000,0.11000000,148.68800000,1.300,0.05957143,15.00,0-30,true,false,none,not_consumed,4.300,4.300,none,0.0000,false,neckline_retest_failed,false,not_invalidated,spread_too_high
2025.07.17 19:05:00,blocked,session_reversal_pullback_one_symbol_first120,USDJPY,LONG,2025.07.17 19:00:00,19,16,1,new_york,2025.07.17 16:00,0,first_120min,true,true,3,USDJPY,highest_score_in_session_bar,new_york=USDJPY|EURJPY|GBPJPY|AUDJPY|EURUSD|GBPUSD,existing_first120_gate,new_york,false,false,true,passed_first_window,double_bottom,neckline_break_retest,148.51700000,PERIOD_M5,PERIOD_H1,PERIOD_M15,PERIOD_M5,PERIOD_M5,false,htf_soft_alignment,current_post_filter,transcript_post_filter,dow_trend_down_ll_lh,no_ordered_dow_wave3_break,dow_trend_down_ll_lh,no_ordered_dow_wave3_break,false,true,false,LONG,PERIOD_M5,double_bottom,double_bottom,4.200,none,0.000,double_bottom,4.200,none,0.000,LONG,false,PERIOD_H1_SHORT_dow_trend_down_ll_lh|PERIOD_M15_NONE_no_ordered_dow_wave3_break,true,h1_counter_m15_reversal,true,top_SHORT_dow_trend_down_ll_lh|structure_NONE_no_ordered_dow_wave3_break|structure_break_recent_confirmed_swing_break_failed|primary_break_no_recent_confirmed_swing_break,none,above_75sma_rising,above_75sma_rising,below_75sma_falling,-1,0.00000000,-1,0.00000000,false,off,NONE,NONE,0.00000000,0.00000000,0.0000,none,0.000,true,LONG,return_high_break_or_bos_up,148.79700000,14,149.07700000,148.37300000,false,off,independent,false,,,false,0.0000,none,0.0000,0.0000,none,0.0000,0.0000,0.0000,none,0.0000,0,0,0.0000,none,none,none,none,0.0000,0,0.0000,none,false,true,not_evaluated,true,required_light_or_anchor_flip,short_bias,148.59600000,2025.07.17 14:00:00,148.65300000,2025.07.17 17:00:00,2025.07.17 17:30:00,false,NONE,0.00000000,0.00000000,0.0000,-1,false,,-1,NONE,0.00000000,0.00000000,0.0000,0.0000,none,,none,false,NONE,-1,-1,-1,false,false,none,false,true,false,true,none,true,required,false,PERIOD_M5,,,-1,0.0000,false,0.00000000,0.0000,false,0.0000,false,none,none,false,no_anchor_flip_in_entry_direction,true,required_first_signal_only,LONG,unknown,0.00000000,,0.00000000,,false,,-1,false,NONE,0.00000000,,0.00000000,0.0000,0.0000,none,-1,false,false,false,no_anchor_flip_in_entry_direction,,,,false,false,false,-1,-1,-1,-1,-1,false,false,false,0.0000,falling_n,false,149.07700000,148.37300000,4.3323,false,0.0000,0.0000,0,none,true,0.7557,deep_618_786,0.120,diagnostic_only,diagnostic_only,diagnostic_only,fib_pullback,5,0.410,true,none,0.560,high_quality,false,false,diagnostic_only,both,true,none,true,diagnostic_adjacent_detected,required_light,false,false,SHORT,5,false,false,1,2025.07.17 17:05:00,2025.07.17 18:30:00,6,4.7002,148.60600000,0.00000000,148.60600000,false,false,none,0.00000000,false,0.0000,0.0000,false,1,0.0000,false,-1,0.00000000,0.0000,off,false,not_evaluated,none,0.0000,0.0000,none,false,false,false,0.0000,none,false,none,0.0000,false,none,2.6859,4.7002,0.5714,0.0000,true,strong_exhaustion,0.0000,none,none,false,false,none,0.0000,0.0000,0.0000,0.0000,none,false,false,0.0000,0.0000,false,false,-1,none,none,false,0.000,0.000,148.56400000,148.51700000,148.60600000,pre_session_high,0.06100000,0.5545,session_high|opening_range_high|neckline_level,148.56400000,0.3189,false,true,true,false,not_blocked,2,1,1,m5_failure_exit,off,none,0.00000000,0.0000,1.30,148.68800000,4.200,-0.300,0.200,PERIOD_M15,149.07700000,148.37300000,0.7557,deep_618_786,0.000,true,148.54500000,148.43500000,0.11000000,148.68800000,1.300,0.05957143,15.00,0-30,true,false,none,blocked_spread_too_high,4.300,4.300,none,0.0000,false,neckline_retest_failed,false,not_invalidated,spread_too_high
2025.07.18 03:30:00,signal,session_reversal_pullback_one_symbol_first120,USDJPY,LONG,2025.07.18 03:25:00,3,0,9,tokyo,2025.07.18 00:00,25,first_120min,true,true,3,USDJPY,highest_score_in_session_bar,tokyo=USDJPY|EURJPY|GBPJPY|AUDJPY,existing_first120_gate,tokyo,false,false,true,passed_first_window,inverse_head_and_shoulders,neckline_break_retest,148.53500000,PERIOD_M5,PERIOD_H1,PERIOD_M15,PERIOD_M5,PERIOD_M5,false,htf_soft_alignment,current_post_filter,transcript_post_filter,dow_range_or_transition,structure_trend_bias_dow_trend_down_ll_lh,dow_range_or_transition,structure_trend_bias_dow_trend_down_ll_lh,false,true,false,LONG,PERIOD_M5,inverse_head_and_shoulders,inverse_head_and_shoulders,4.500,none,0.000,inverse_head_and_shoulders,4.500,none,0.000,LONG,false,PERIOD_H1_NONE_dow_range_or_transition|PERIOD_M15_SHORT_structure_trend_bias_dow_trend_down_ll_lh,true,h1_counter_m15_reversal,true,top_NONE_dow_range_or_transition|structure_SHORT_structure_trend_bias_dow_trend_down_ll_lh|structure_break_recent_confirmed_swing_break_failed|primary_break_recent_confirmed_swing_break_continuation,none,above_75sma_rising,below_75sma_flat_or_rising,above_75sma_flat_or_falling,-1,0.00000000,0,148.38700000,false,off,NONE,NONE,0.00000000,0.00000000,0.0000,none,0.000,true,LONG,return_high_break_or_bos_up,148.69100000,22,148.61300000,148.28200000,false,off,independent,false,,,false,0.0000,none,0.0000,0.0000,none,0.0000,0.0000,0.0000,none,0.0000,0,0,0.0000,none,none,none,none,0.0000,0,0.0000,none,false,true,not_evaluated,true,required_light_or_anchor_flip,short_bias,148.55500000,2025.07.17 20:30:00,148.56300000,2025.07.18 01:15:00,2025.07.18 02:00:00,false,NONE,0.00000000,0.00000000,0.0000,-1,false,,-1,NONE,0.00000000,0.00000000,0.0000,0.0000,none,,none,false,NONE,-1,-1,-1,false,false,none,false,true,false,true,none,true,required,false,PERIOD_M5,,,-1,0.0000,false,0.00000000,0.0000,false,0.0000,false,none,none,false,no_anchor_flip_in_entry_direction,true,required_first_signal_only,LONG,unknown,0.00000000,,0.00000000,,false,,-1,false,NONE,0.00000000,,0.00000000,0.0000,0.0000,none,-1,false,false,false,no_anchor_flip_in_entry_direction,,,,false,false,false,-1,-1,-1,-1,-1,false,false,false,0.0000,falling_n,false,148.74800000,148.28200000,5.2318,false,0.0000,0.0000,0,none,true,0.3927,preferred_382_618,0.200,diagnostic_only,diagnostic_only,diagnostic_only,fib_pullback,5,0.440,true,none,0.590,high_quality,false,false,diagnostic_only,both,true,none,true,diagnostic_adjacent_detected,required_light,false,false,SHORT,5,false,false,1,2025.07.18 01:20:00,2025.07.18 02:30:00,11,4.9360,148.38700000,0.00000000,148.38700000,true,true,m5_lh_close_break_up,148.38700000,true,0.7729,0.8959,true,1,0.5621,false,7,148.38700000,0.9837,off,false,not_evaluated,none,0.8154,0.1846,very_strong,false,false,true,0.5621,failed_2bars,true,favorable_side,0.1752,true,clean_retest,1.5107,4.9360,0.3060,0.0000,true,strong_exhaustion,0.0000,none,none,false,false,none,0.0000,0.0000,0.0000,0.0000,none,false,false,0.0000,0.0000,false,false,-1,none,none,false,0.000,0.000,148.56700000,148.54164286,148.57500000,current_day_high,0.01000000,0.0585,session_high|opening_range_high|neckline_level,148.56700000,0.0351,false,true,true,false,not_blocked,3,2,1,m5_failure_exit,off,none,0.00000000,0.0000,1.30,148.78700000,4.500,-0.300,0.200,PERIOD_M15,148.61300000,148.28200000,0.1450,outside,0.000,true,148.56500000,148.39400000,0.17100000,148.78700000,1.298,0.05692857,15.00,0-30,true,false,none,not_consumed,4.800,4.800,none,0.0000,false,opposite_break_first,true,opposite_break_first,spread_too_high
2025.07.18 03:30:00,blocked,session_reversal_pullback_one_symbol_first120,USDJPY,LONG,2025.07.18 03:25:00,3,0,9,tokyo,2025.07.18 00:00,25,first_120min,true,true,3,USDJPY,highest_score_in_session_bar,tokyo=USDJPY|EURJPY|GBPJPY|AUDJPY,existing_first120_gate,tokyo,false,false,true,passed_first_window,inverse_head_and_shoulders,neckline_break_retest,148.53500000,PERIOD_M5,PERIOD_H1,PERIOD_M15,PERIOD_M5,PERIOD_M5,false,htf_soft_alignment,current_post_filter,transcript_post_filter,dow_range_or_transition,structure_trend_bias_dow_trend_down_ll_lh,dow_range_or_transition,structure_trend_bias_dow_trend_down_ll_lh,false,true,false,LONG,PERIOD_M5,inverse_head_and_shoulders,inverse_head_and_shoulders,4.500,none,0.000,inverse_head_and_shoulders,4.500,none,0.000,LONG,false,PERIOD_H1_NONE_dow_range_or_transition|PERIOD_M15_SHORT_structure_trend_bias_dow_trend_down_ll_lh,true,h1_counter_m15_reversal,true,top_NONE_dow_range_or_transition|structure_SHORT_structure_trend_bias_dow_trend_down_ll_lh|structure_break_recent_confirmed_swing_break_failed|primary_break_recent_confirmed_swing_break_continuation,none,above_75sma_rising,below_75sma_flat_or_rising,above_75sma_flat_or_falling,-1,0.00000000,0,148.38700000,false,off,NONE,NONE,0.00000000,0.00000000,0.0000,none,0.000,true,LONG,return_high_break_or_bos_up,148.69100000,22,148.61300000,148.28200000,false,off,independent,false,,,false,0.0000,none,0.0000,0.0000,none,0.0000,0.0000,0.0000,none,0.0000,0,0,0.0000,none,none,none,none,0.0000,0,0.0000,none,false,true,not_evaluated,true,required_light_or_anchor_flip,short_bias,148.55500000,2025.07.17 20:30:00,148.56300000,2025.07.18 01:15:00,2025.07.18 02:00:00,false,NONE,0.00000000,0.00000000,0.0000,-1,false,,-1,NONE,0.00000000,0.00000000,0.0000,0.0000,none,,none,false,NONE,-1,-1,-1,false,false,none,false,true,false,true,none,true,required,false,PERIOD_M5,,,-1,0.0000,false,0.00000000,0.0000,false,0.0000,false,none,none,false,no_anchor_flip_in_entry_direction,true,required_first_signal_only,LONG,unknown,0.00000000,,0.00000000,,false,,-1,false,NONE,0.00000000,,0.00000000,0.0000,0.0000,none,-1,false,false,false,no_anchor_flip_in_entry_direction,,,,false,false,false,-1,-1,-1,-1,-1,false,false,false,0.0000,falling_n,false,148.74800000,148.28200000,5.2318,false,0.0000,0.0000,0,none,true,0.3927,preferred_382_618,0.200,diagnostic_only,diagnostic_only,diagnostic_only,fib_pullback,5,0.440,true,none,0.590,high_quality,false,false,diagnostic_only,both,true,none,true,diagnostic_adjacent_detected,required_light,false,false,SHORT,5,false,false,1,2025.07.18 01:20:00,2025.07.18 02:30:00,11,4.9360,148.38700000,0.00000000,148.38700000,true,true,m5_lh_close_break_up,148.38700000,true,0.7729,0.8959,true,1,0.5621,false,7,148.38700000,0.9837,off,false,not_evaluated,none,0.8154,0.1846,very_strong,false,false,true,0.5621,failed_2bars,true,favorable_side,0.1752,true,clean_retest,1.5107,4.9360,0.3060,0.0000,true,strong_exhaustion,0.0000,none,none,false,false,none,0.0000,0.0000,0.0000,0.0000,none,false,false,0.0000,0.0000,false,false,-1,none,none,false,0.000,0.000,148.56700000,148.54164286,148.57500000,current_day_high,0.01000000,0.0585,session_high|opening_range_high|neckline_level,148.56700000,0.0351,false,true,true,false,not_blocked,3,2,1,m5_failure_exit,off,none,0.00000000,0.0000,1.30,148.78700000,4.500,-0.300,0.200,PERIOD_M15,148.61300000,148.28200000,0.1450,outside,0.000,true,148.56500000,148.39400000,0.17100000,148.78700000,1.298,0.05692857,15.00,0-30,true,false,none,blocked_spread_too_high,4.800,4.800,none,0.0000,false,opposite_break_first,true,opposite_break_first,spread_too_high
2025.07.18 17:10:00,signal,session_reversal_pullback_one_symbol_first120,GBPJPY,SHORT,2025.07.18 17:05:00,17,14,23,london_newyork_overlap,2025.07.18 13:00,65,first_120min,false,true,3,GBPJPY,highest_score_in_session_bar,london_newyork_overlap=USDJPY|EURJPY|GBPJPY|AUDJPY|EURUSD|GBPUSD,existing_first120_gate,london_newyork_overlap,true,false,true,passed_first_window,double_top,neckline_break_retest,199.70600000,PERIOD_M5,PERIOD_H1,PERIOD_M15,PERIOD_M5,PERIOD_M5,false,htf_soft_alignment,current_post_filter,transcript_post_filter,dow_trend_up_hh_hl,ordered_dow_wave3_break_below_swing_low,dow_trend_up_hh_hl,ordered_dow_wave3_break_below_swing_low,false,true,true,SHORT,PERIOD_M5,double_top,double_top,4.200,none,0.000,double_top,4.200,none,0.000,SHORT,true,PERIOD_H1_LONG_dow_trend_up_hh_hl|PERIOD_M15_SHORT_ordered_dow_wave3_break_below_swing_low,true,h1_counter_m15_reversal,true,top_LONG_dow_trend_up_hh_hl|structure_SHORT_ordered_dow_wave3_break_below_swing_low|structure_break_recent_confirmed_swing_break_retest|primary_break_recent_confirmed_swing_break_retest,none,above_75sma_rising,above_75sma_rising,below_75sma_falling,0,199.62600000,0,199.73100000,false,off,NONE,NONE,0.00000000,0.00000000,0.0000,none,0.000,true,SHORT,return_low_break_or_bos_down,199.62600000,0,199.87200000,199.62600000,false,off,independent,false,,,false,0.0000,none,0.0000,0.0000,none,0.0000,0.0000,0.0000,none,0.0000,0,0,0.0000,none,none,none,none,0.0000,0,0.0000,none,false,true,not_evaluated,true,required_light_or_anchor_flip,long_bias,199.48200000,2025.07.18 09:00:00,199.36500000,2025.07.17 23:45:00,2025.07.18 10:30:00,false,NONE,0.00000000,0.00000000,0.0000,-1,false,,-1,NONE,0.00000000,0.00000000,0.0000,0.0000,none,,none,false,NONE,-1,-1,-1,false,false,none,false,true,false,true,none,true,required,false,PERIOD_M5,,,-1,0.0000,false,0.00000000,0.0000,false,0.0000,false,none,none,false,no_anchor_flip_in_entry_direction,true,required_first_signal_only,SHORT,unknown,0.00000000,,0.00000000,,false,,-1,false,NONE,0.00000000,,0.00000000,0.0000,0.0000,none,-1,false,false,false,no_anchor_flip_in_entry_direction,,,,false,false,false,-1,-1,-1,-1,-1,false,false,false,0.0000,range_n,true,199.89400000,199.55800000,2.9697,false,0.0000,0.0000,0,none,true,0.4125,preferred_382_618,0.200,diagnostic_only,diagnostic_only,diagnostic_only,shallow_pullback,10,0.440,true,none,0.590,high_quality,false,false,diagnostic_only,both,true,none,true,diagnostic_adjacent_detected,required_light,false,false,LONG,5,false,false,0,2025.07.18 14:50:00,2025.07.18 16:30:00,7,2.7978,0.00000000,199.60200000,199.60200000,false,false,none,0.00000000,false,0.0000,0.0000,false,1,0.0000,false,-1,0.00000000,0.0000,off,false,not_evaluated,none,0.0000,0.0000,none,false,false,false,0.0000,none,false,none,0.0000,false,none,1.9047,1.4097,1.3511,0.0000,true,strong_exhaustion,0.0000,none,none,false,false,none,0.0000,0.0000,0.0000,0.0000,none,false,false,0.0000,0.0000,false,false,-1,none,none,false,0.000,0.000,199.70600000,199.65600000,199.65600000,wick_cluster_zone,0.04100000,0.3306,neckline_level,199.70600000,0.0968,false,true,true,false,not_blocked,8,6,2,m5_failure_exit,off,none,0.00000000,0.0000,1.30,199.53600000,4.200,-0.300,0.200,PERIOD_M15,199.86200000,199.62600000,0.3008,outside,0.000,true,199.69700000,199.82100000,0.12400000,199.53600000,1.298,0.09292857,38.00,60-90,true,false,none,not_consumed,4.850,4.850,none,0.0000,false,opposite_break_first,true,opposite_break_first,spread_too_high
2025.07.18 17:10:00,blocked,session_reversal_pullback_one_symbol_first120,GBPJPY,SHORT,2025.07.18 17:05:00,17,14,23,london_newyork_overlap,2025.07.18 13:00,65,first_120min,false,true,3,GBPJPY,highest_score_in_session_bar,london_newyork_overlap=USDJPY|EURJPY|GBPJPY|AUDJPY|EURUSD|GBPUSD,existing_first120_gate,london_newyork_overlap,true,false,true,passed_first_window,double_top,neckline_break_retest,199.70600000,PERIOD_M5,PERIOD_H1,PERIOD_M15,PERIOD_M5,PERIOD_M5,false,htf_soft_alignment,current_post_filter,transcript_post_filter,dow_trend_up_hh_hl,ordered_dow_wave3_break_below_swing_low,dow_trend_up_hh_hl,ordered_dow_wave3_break_below_swing_low,false,true,true,SHORT,PERIOD_M5,double_top,double_top,4.200,none,0.000,double_top,4.200,none,0.000,SHORT,true,PERIOD_H1_LONG_dow_trend_up_hh_hl|PERIOD_M15_SHORT_ordered_dow_wave3_break_below_swing_low,true,h1_counter_m15_reversal,true,top_LONG_dow_trend_up_hh_hl|structure_SHORT_ordered_dow_wave3_break_below_swing_low|structure_break_recent_confirmed_swing_break_retest|primary_break_recent_confirmed_swing_break_retest,none,above_75sma_rising,above_75sma_rising,below_75sma_falling,0,199.62600000,0,199.73100000,false,off,NONE,NONE,0.00000000,0.00000000,0.0000,none,0.000,true,SHORT,return_low_break_or_bos_down,199.62600000,0,199.87200000,199.62600000,false,off,independent,false,,,false,0.0000,none,0.0000,0.0000,none,0.0000,0.0000,0.0000,none,0.0000,0,0,0.0000,none,none,none,none,0.0000,0,0.0000,none,false,true,not_evaluated,true,required_light_or_anchor_flip,long_bias,199.48200000,2025.07.18 09:00:00,199.36500000,2025.07.17 23:45:00,2025.07.18 10:30:00,false,NONE,0.00000000,0.00000000,0.0000,-1,false,,-1,NONE,0.00000000,0.00000000,0.0000,0.0000,none,,none,false,NONE,-1,-1,-1,false,false,none,false,true,false,true,none,true,required,false,PERIOD_M5,,,-1,0.0000,false,0.00000000,0.0000,false,0.0000,false,none,none,false,no_anchor_flip_in_entry_direction,true,required_first_signal_only,SHORT,unknown,0.00000000,,0.00000000,,false,,-1,false,NONE,0.00000000,,0.00000000,0.0000,0.0000,none,-1,false,false,false,no_anchor_flip_in_entry_direction,,,,false,false,false,-1,-1,-1,-1,-1,false,false,false,0.0000,range_n,true,199.89400000,199.55800000,2.9697,false,0.0000,0.0000,0,none,true,0.4125,preferred_382_618,0.200,diagnostic_only,diagnostic_only,diagnostic_only,shallow_pullback,10,0.440,true,none,0.590,high_quality,false,false,diagnostic_only,both,true,none,true,diagnostic_adjacent_detected,required_light,false,false,LONG,5,false,false,0,2025.07.18 14:50:00,2025.07.18 16:30:00,7,2.7978,0.00000000,199.60200000,199.60200000,false,false,none,0.00000000,false,0.0000,0.0000,false,1,0.0000,false,-1,0.00000000,0.0000,off,false,not_evaluated,none,0.0000,0.0000,none,false,false,false,0.0000,none,false,none,0.0000,false,none,1.9047,1.4097,1.3511,0.0000,true,strong_exhaustion,0.0000,none,none,false,false,none,0.0000,0.0000,0.0000,0.0000,none,false,false,0.0000,0.0000,false,false,-1,none,none,false,0.000,0.000,199.70600000,199.65600000,199.65600000,wick_cluster_zone,0.04100000,0.3306,neckline_level,199.70600000,0.0968,false,true,true,false,not_blocked,8,6,2,m5_failure_exit,off,none,0.00000000,0.0000,1.30,199.53600000,4.200,-0.300,0.200,PERIOD_M15,199.86200000,199.62600000,0.3008,outside,0.000,true,199.69700000,199.82100000,0.12400000,199.53600000,1.298,0.09292857,38.00,60-90,true,false,none,blocked_spread_too_high,4.850,4.850,none,0.0000,false,opposite_break_first,true,opposite_break_first,spread_too_high
2025.07.18 19:05:00,signal,session_reversal_pullback_one_symbol_first120,USDJPY,LONG,2025.07.18 19:00:00,19,16,1,new_york,2025.07.18 16:00,0,first_120min,true,true,3,USDJPY,highest_score_in_session_bar,new_york=USDJPY|EURJPY|GBPJPY|AUDJPY|EURUSD|GBPUSD,existing_first120_gate,new_york,false,false,true,passed_first_window,inverse_head_and_shoulders,neckline_break_retest,148.50100000,PERIOD_M5,PERIOD_H1,PERIOD_M15,PERIOD_M5,PERIOD_M5,false,htf_soft_alignment,current_post_filter,transcript_post_filter,dow_range_or_transition,structure_trend_bias_dow_trend_down_ll_lh,dow_range_or_transition,structure_trend_bias_dow_trend_down_ll_lh,false,true,false,LONG,PERIOD_M5,inverse_head_and_shoulders,inverse_head_and_shoulders,4.500,none,0.000,inverse_head_and_shoulders,4.500,none,0.000,LONG,false,PERIOD_H1_NONE_dow_range_or_transition|PERIOD_M15_SHORT_structure_trend_bias_dow_trend_down_ll_lh,true,h1_counter_m15_reversal,true,top_NONE_dow_range_or_transition|structure_SHORT_structure_trend_bias_dow_trend_down_ll_lh|structure_break_recent_confirmed_swing_break_failed|primary_break_recent_confirmed_swing_break_retest,none,below_75sma_flat_or_rising,above_75sma_flat_or_falling,above_75sma_flat_or_falling,-1,0.00000000,0,148.53000000,false,off,NONE,NONE,0.00000000,0.00000000,0.0000,none,0.000,true,LONG,return_high_break_or_bos_up,148.61300000,24,148.71800000,148.17400000,false,off,independent,false,,,false,0.0000,none,0.0000,0.0000,none,0.0000,0.0000,0.0000,none,0.0000,0,0,0.0000,none,none,none,none,0.0000,0,0.0000,none,false,true,not_evaluated,true,required_light_or_anchor_flip,long_bias,148.17400000,2025.07.18 17:00:00,148.48800000,2025.07.18 15:45:00,2025.07.18 18:00:00,false,NONE,0.00000000,0.00000000,0.0000,-1,false,,-1,NONE,0.00000000,0.00000000,0.0000,0.0000,none,,none,false,NONE,-1,-1,-1,false,false,none,true,false,false,true,none,true,required,false,PERIOD_M5,,,-1,0.0000,false,0.00000000,0.0000,false,0.0000,false,none,none,false,no_anchor_flip_in_entry_direction,true,required_first_signal_only,LONG,unknown,0.00000000,,0.00000000,,false,,-1,false,NONE,0.00000000,,0.00000000,0.0000,0.0000,none,-1,false,false,false,no_anchor_flip_in_entry_direction,,,,false,false,false,-1,-1,-1,-1,-1,false,false,false,0.0000,range_n,true,148.71800000,148.17400000,4.0021,false,0.0000,0.0000,0,none,true,0.2537,shallow_236_382,0.080,diagnostic_only,diagnostic_only,diagnostic_only,fib_pullback,7,0.370,true,none,0.520,high_quality,false,false,diagnostic_only,both,true,none,true,diagnostic_adjacent_detected,required_light,false,false,SHORT,5,false,false,1,2025.07.18 17:15:00,2025.07.18 18:20:00,8,2.8528,148.53000000,0.00000000,148.53000000,true,true,m5_lh_close_break_up,148.53000000,true,0.2968,0.4452,true,1,0.0000,true,1,148.53000000,0.4122,off,false,not_evaluated,none,0.7297,0.2703,strong,true,false,false,0.0000,held_clean,true,favorable_side,0.7167,false,clean_retest,2.8528,1.7150,1.6635,0.2968,false,no_shrink,0.0000,none,none,false,false,none,0.0000,0.0000,0.0000,0.0000,none,false,false,0.0000,0.0000,false,false,-1,none,none,false,0.000,0.000,148.71800000,148.56500000,148.71800000,structure_confirmed_swing_high,0.13800000,0.8118,session_high|opening_range_high|neckline_level,148.56500000,0.2473,false,true,false,false,not_blocked,1,1,0,m5_failure_exit,off,none,0.00000000,0.0000,1.30,148.80100000,4.500,0.000,0.200,PERIOD_M15,148.71800000,148.17400000,0.2537,outside,0.000,true,148.58000000,148.41000000,0.17000000,148.80100000,1.300,0.06064286,15.00,0-30,true,false,none,not_consumed,5.100,5.100,none,0.0000,false,neckline_retest_failed,false,not_invalidated,spread_too_high
2025.07.18 19:05:00,blocked,session_reversal_pullback_one_symbol_first120,USDJPY,LONG,2025.07.18 19:00:00,19,16,1,new_york,2025.07.18 16:00,0,first_120min,true,true,3,USDJPY,highest_score_in_session_bar,new_york=USDJPY|EURJPY|GBPJPY|AUDJPY|EURUSD|GBPUSD,existing_first120_gate,new_york,false,false,true,passed_first_window,inverse_head_and_shoulders,neckline_break_retest,148.50100000,PERIOD_M5,PERIOD_H1,PERIOD_M15,PERIOD_M5,PERIOD_M5,false,htf_soft_alignment,current_post_filter,transcript_post_filter,dow_range_or_transition,structure_trend_bias_dow_trend_down_ll_lh,dow_range_or_transition,structure_trend_bias_dow_trend_down_ll_lh,false,true,false,LONG,PERIOD_M5,inverse_head_and_shoulders,inverse_head_and_shoulders,4.500,none,0.000,inverse_head_and_shoulders,4.500,none,0.000,LONG,false,PERIOD_H1_NONE_dow_range_or_transition|PERIOD_M15_SHORT_structure_trend_bias_dow_trend_down_ll_lh,true,h1_counter_m15_reversal,true,top_NONE_dow_range_or_transition|structure_SHORT_structure_trend_bias_dow_trend_down_ll_lh|structure_break_recent_confirmed_swing_break_failed|primary_break_recent_confirmed_swing_break_retest,none,below_75sma_flat_or_rising,above_75sma_flat_or_falling,above_75sma_flat_or_falling,-1,0.00000000,0,148.53000000,false,off,NONE,NONE,0.00000000,0.00000000,0.0000,none,0.000,true,LONG,return_high_break_or_bos_up,148.61300000,24,148.71800000,148.17400000,false,off,independent,false,,,false,0.0000,none,0.0000,0.0000,none,0.0000,0.0000,0.0000,none,0.0000,0,0,0.0000,none,none,none,none,0.0000,0,0.0000,none,false,true,not_evaluated,true,required_light_or_anchor_flip,long_bias,148.17400000,2025.07.18 17:00:00,148.48800000,2025.07.18 15:45:00,2025.07.18 18:00:00,false,NONE,0.00000000,0.00000000,0.0000,-1,false,,-1,NONE,0.00000000,0.00000000,0.0000,0.0000,none,,none,false,NONE,-1,-1,-1,false,false,none,true,false,false,true,none,true,required,false,PERIOD_M5,,,-1,0.0000,false,0.00000000,0.0000,false,0.0000,false,none,none,false,no_anchor_flip_in_entry_direction,true,required_first_signal_only,LONG,unknown,0.00000000,,0.00000000,,false,,-1,false,NONE,0.00000000,,0.00000000,0.0000,0.0000,none,-1,false,false,false,no_anchor_flip_in_entry_direction,,,,false,false,false,-1,-1,-1,-1,-1,false,false,false,0.0000,range_n,true,148.71800000,148.17400000,4.0021,false,0.0000,0.0000,0,none,true,0.2537,shallow_236_382,0.080,diagnostic_only,diagnostic_only,diagnostic_only,fib_pullback,7,0.370,true,none,0.520,high_quality,false,false,diagnostic_only,both,true,none,true,diagnostic_adjacent_detected,required_light,false,false,SHORT,5,false,false,1,2025.07.18 17:15:00,2025.07.18 18:20:00,8,2.8528,148.53000000,0.00000000,148.53000000,true,true,m5_lh_close_break_up,148.53000000,true,0.2968,0.4452,true,1,0.0000,true,1,148.53000000,0.4122,off,false,not_evaluated,none,0.7297,0.2703,strong,true,false,false,0.0000,held_clean,true,favorable_side,0.7167,false,clean_retest,2.8528,1.7150,1.6635,0.2968,false,no_shrink,0.0000,none,none,false,false,none,0.0000,0.0000,0.0000,0.0000,none,false,false,0.0000,0.0000,false,false,-1,none,none,false,0.000,0.000,148.71800000,148.56500000,148.71800000,structure_confirmed_swing_high,0.13800000,0.8118,session_high|opening_range_high|neckline_level,148.56500000,0.2473,false,true,false,false,not_blocked,1,1,0,m5_failure_exit,off,none,0.00000000,0.0000,1.30,148.80100000,4.500,0.000,0.200,PERIOD_M15,148.71800000,148.17400000,0.2537,outside,0.000,true,148.58000000,148.41000000,0.17000000,148.80100000,1.300,0.06064286,15.00,0-30,true,false,none,blocked_spread_too_high,5.100,5.100,none,0.0000,false,neckline_retest_failed,false,not_invalidated,spread_too_high
2025.07.21 04:25:01,signal,session_reversal_pullback_one_symbol_first120,AUDJPY,LONG,2025.07.21 04:20:00,4,1,10,tokyo,2025.07.21 00:00,80,first_120min,false,true,3,AUDJPY,highest_score_in_session_bar,tokyo=USDJPY|EURJPY|GBPJPY|AUDJPY,existing_first120_gate,tokyo,false,false,true,passed_first_window,inverse_head_and_shoulders,neckline_break_retest,96.58500000,PERIOD_M5,PERIOD_H1,PERIOD_M15,PERIOD_M5,PERIOD_M5,false,htf_soft_alignment,current_post_filter,transcript_post_filter,dow_range_or_transition,structure_trend_bias_dow_trend_down_ll_lh,dow_range_or_transition,structure_trend_bias_dow_trend_down_ll_lh,false,true,false,LONG,PERIOD_M5,inverse_head_and_shoulders,inverse_head_and_shoulders,4.500,none,0.000,inverse_head_and_shoulders,4.500,none,0.000,LONG,false,PERIOD_H1_NONE_dow_range_or_transition|PERIOD_M15_SHORT_structure_trend_bias_dow_trend_down_ll_lh,true,h1_counter_m15_reversal,true,top_NONE_dow_range_or_transition|structure_SHORT_structure_trend_bias_dow_trend_down_ll_lh|structure_break_recent_confirmed_swing_break_failed|primary_break_recent_confirmed_swing_break_continuation,none,below_75sma_falling,below_75sma_falling,above_75sma_flat_or_falling,-1,0.00000000,0,96.41300000,false,off,NONE,NONE,0.00000000,0.00000000,0.0000,none,0.000,true,LONG,return_high_break_or_bos_up,96.73100000,17,96.83000000,96.28000000,false,off,independent,false,,,false,0.0000,none,0.0000,0.0000,none,0.0000,0.0000,0.0000,none,0.0000,0,0,0.0000,none,none,none,none,0.0000,0,0.0000,none,false,true,not_evaluated,true,required_light_or_anchor_flip,short_bias,96.75000000,2025.07.18 23:00:00,96.83000000,2025.07.18 23:45:00,2025.07.21 00:00:00,false,NONE,0.00000000,0.00000000,0.0000,-1,false,,-1,NONE,0.00000000,0.00000000,0.0000,0.0000,none,,none,false,NONE,-1,-1,-1,false,false,none,false,true,false,true,none,true,required,false,PERIOD_M5,,,-1,0.0000,false,0.00000000,0.0000,false,0.0000,false,none,none,false,no_anchor_flip_in_entry_direction,true,required_first_signal_only,LONG,unknown,0.00000000,,0.00000000,,false,,-1,false,NONE,0.00000000,,0.00000000,0.0000,0.0000,none,-1,false,false,false,no_anchor_flip_in_entry_direction,,,,false,false,false,-1,-1,-1,-1,-1,false,false,false,0.0000,range_n,true,96.83000000,96.28000000,5.4571,false,0.0000,0.0000,0,none,true,0.3000,shallow_236_382,0.080,diagnostic_only,diagnostic_only,diagnostic_only,shallow_pullback,24,0.280,true,none,0.430,high_quality,false,false,diagnostic_only,both,true,none,true,diagnostic_adjacent_detected,required_light,false,false,SHORT,5,false,false,2,2025.07.21 01:50:00,2025.07.21 02:50:00,18,3.4087,96.69700000,0.00000000,96.69700000,false,false,none,0.00000000,false,0.0000,0.0000,false,1,0.0000,false,-1,0.00000000,0.0000,off,false,not_evaluated,none,0.0000,0.0000,none,false,false,false,0.0000,none,false,none,0.0000,false,none,2.4551,2.1304,1.1524,1.2783,false,no_shrink,0.0000,none,none,false,false,none,0.0000,0.0000,0.0000,0.0000,none,false,false,0.0000,0.0000,false,false,-1,none,none,false,0.000,0.000,96.74400000,96.63300000,96.74400000,current_day_high,0.07900000,0.5338,session_high|opening_range_high|neckline_level,96.66500000,0.0000,false,true,true,false,not_blocked,3,2,1,m5_failure_exit,off,none,0.00000000,0.0000,1.30,96.85700000,4.500,-0.300,0.200,PERIOD_M15,96.74400000,96.28000000,0.1703,outside,0.000,true,96.66500000,96.51700000,0.14800000,96.85700000,1.297,0.04928571,28.00,60-90,true,false,none,not_consumed,4.800,4.800,none,0.0000,false,opposite_break_first,true,opposite_break_first,spread_too_high
2025.07.21 04:25:01,blocked,session_reversal_pullback_one_symbol_first120,AUDJPY,LONG,2025.07.21 04:20:00,4,1,10,tokyo,2025.07.21 00:00,80,first_120min,false,true,3,AUDJPY,highest_score_in_session_bar,tokyo=USDJPY|EURJPY|GBPJPY|AUDJPY,existing_first120_gate,tokyo,false,false,true,passed_first_window,inverse_head_and_shoulders,neckline_break_retest,96.58500000,PERIOD_M5,PERIOD_H1,PERIOD_M15,PERIOD_M5,PERIOD_M5,false,htf_soft_alignment,current_post_filter,transcript_post_filter,dow_range_or_transition,structure_trend_bias_dow_trend_down_ll_lh,dow_range_or_transition,structure_trend_bias_dow_trend_down_ll_lh,false,true,false,LONG,PERIOD_M5,inverse_head_and_shoulders,inverse_head_and_shoulders,4.500,none,0.000,inverse_head_and_shoulders,4.500,none,0.000,LONG,false,PERIOD_H1_NONE_dow_range_or_transition|PERIOD_M15_SHORT_structure_trend_bias_dow_trend_down_ll_lh,true,h1_counter_m15_reversal,true,top_NONE_dow_range_or_transition|structure_SHORT_structure_trend_bias_dow_trend_down_ll_lh|structure_break_recent_confirmed_swing_break_failed|primary_break_recent_confirmed_swing_break_continuation,none,below_75sma_falling,below_75sma_falling,above_75sma_flat_or_falling,-1,0.00000000,0,96.41300000,false,off,NONE,NONE,0.00000000,0.00000000,0.0000,none,0.000,true,LONG,return_high_break_or_bos_up,96.73100000,17,96.83000000,96.28000000,false,off,independent,false,,,false,0.0000,none,0.0000,0.0000,none,0.0000,0.0000,0.0000,none,0.0000,0,0,0.0000,none,none,none,none,0.0000,0,0.0000,none,false,true,not_evaluated,true,required_light_or_anchor_flip,short_bias,96.75000000,2025.07.18 23:00:00,96.83000000,2025.07.18 23:45:00,2025.07.21 00:00:00,false,NONE,0.00000000,0.00000000,0.0000,-1,false,,-1,NONE,0.00000000,0.00000000,0.0000,0.0000,none,,none,false,NONE,-1,-1,-1,false,false,none,false,true,false,true,none,true,required,false,PERIOD_M5,,,-1,0.0000,false,0.00000000,0.0000,false,0.0000,false,none,none,false,no_anchor_flip_in_entry_direction,true,required_first_signal_only,LONG,unknown,0.00000000,,0.00000000,,false,,-1,false,NONE,0.00000000,,0.00000000,0.0000,0.0000,none,-1,false,false,false,no_anchor_flip_in_entry_direction,,,,false,false,false,-1,-1,-1,-1,-1,false,false,false,0.0000,range_n,true,96.83000000,96.28000000,5.4571,false,0.0000,0.0000,0,none,true,0.3000,shallow_236_382,0.080,diagnostic_only,diagnostic_only,diagnostic_only,shallow_pullback,24,0.280,true,none,0.430,high_quality,false,false,diagnostic_only,both,true,none,true,diagnostic_adjacent_detected,required_light,false,false,SHORT,5,false,false,2,2025.07.21 01:50:00,2025.07.21 02:50:00,18,3.4087,96.69700000,0.00000000,96.69700000,false,false,none,0.00000000,false,0.0000,0.0000,false,1,0.0000,false,-1,0.00000000,0.0000,off,false,not_evaluated,none,0.0000,0.0000,none,false,false,false,0.0000,none,false,none,0.0000,false,none,2.4551,2.1304,1.1524,1.2783,false,no_shrink,0.0000,none,none,false,false,none,0.0000,0.0000,0.0000,0.0000,none,false,false,0.0000,0.0000,false,false,-1,none,none,false,0.000,0.000,96.74400000,96.63300000,96.74400000,current_day_high,0.07900000,0.5338,session_high|opening_range_high|neckline_level,96.66500000,0.0000,false,true,true,false,not_blocked,3,2,1,m5_failure_exit,off,none,0.00000000,0.0000,1.30,96.85700000,4.500,-0.300,0.200,PERIOD_M15,96.74400000,96.28000000,0.1703,outside,0.000,true,96.66500000,96.51700000,0.14800000,96.85700000,1.297,0.04928571,28.00,60-90,true,false,none,blocked_spread_too_high,4.800,4.800,none,0.0000,false,opposite_break_first,true,opposite_break_first,spread_too_high
2025.07.21 19:20:00,signal,session_reversal_pullback_one_symbol_first120,EURJPY,SHORT,2025.07.21 19:15:00,19,16,1,new_york,2025.07.21 16:00,15,first_120min,true,true,3,EURJPY,highest_score_in_session_bar,new_york=USDJPY|EURJPY|GBPJPY|AUDJPY|EURUSD|GBPUSD,existing_first120_gate,new_york,false,false,true,passed_first_window,head_and_shoulders,neckline_break_retest,172.27400000,PERIOD_M5,PERIOD_H1,PERIOD_M15,PERIOD_M5,PERIOD_M5,false,htf_soft_alignment,current_post_filter,transcript_post_filter,dow_range_or_transition,ordered_dow_wave3_break_above_swing_high,dow_range_or_transition,ordered_dow_wave3_break_above_swing_high,false,false,true,SHORT,PERIOD_M5,head_and_shoulders,head_and_shoulders,4.500,none,0.000,head_and_shoulders,4.500,none,0.000,SHORT,false,PERIOD_H1_NONE_dow_range_or_transition|PERIOD_M15_LONG_ordered_dow_wave3_break_above_swing_high,true,h1_counter_m15_reversal,true,top_NONE_dow_range_or_transition|structure_LONG_ordered_dow_wave3_break_above_swing_high|structure_break_recent_confirmed_swing_break_failed|primary_break_recent_confirmed_swing_break_continuation,none,below_75sma_falling,below_75sma_falling,above_75sma_rising,-1,0.00000000,0,172.37400000,false,off,NONE,NONE,0.00000000,0.00000000,0.0000,none,0.000,true,SHORT,return_low_break_or_bos_down,172.03000000,14,172.54200000,171.90400000,false,off,independent,false,,,false,0.0000,none,0.0000,0.0000,none,0.0000,0.0000,0.0000,none,0.0000,0,0,0.0000,none,none,none,none,0.0000,0,0.0000,none,false,true,not_evaluated,true,required_light_or_anchor_flip,long_bias,172.04400000,2025.07.21 17:00:00,172.27200000,2025.07.21 14:15:00,2025.07.21 18:15:00,false,NONE,0.00000000,0.00000000,0.0000,-1,false,,-1,NONE,0.00000000,0.00000000,0.0000,0.0000,none,,none,false,NONE,-1,-1,-1,false,false,none,false,true,false,true,none,true,required,false,PERIOD_M5,,,-1,0.0000,false,0.00000000,0.0000,false,0.0000,false,none,none,false,no_anchor_flip_in_entry_direction,true,required_first_signal_only,SHORT,unknown,0.00000000,,0.00000000,,false,,-1,false,NONE,0.00000000,,0.00000000,0.0000,0.0000,none,-1,false,false,false,no_anchor_flip_in_entry_direction,,,,false,false,false,-1,-1,-1,-1,-1,false,false,false,0.0000,rising_n,false,172.54200000,171.90400000,5.7147,false,0.0000,0.0000,0,none,true,0.4310,preferred_382_618,0.200,diagnostic_only,diagnostic_only,diagnostic_only,fib_pullback,24,0.450,true,none,0.600,high_quality,false,false,diagnostic_only,both,true,none,true,diagnostic_adjacent_detected,required_light,false,false,LONG,3,false,false,0,,,-1,0.0000,0.00000000,0.00000000,0.00000000,false,false,none,0.00000000,false,0.0000,0.0000,false,1,0.0000,false,-1,0.00000000,0.0000,off,false,not_evaluated,none,0.0000,0.0000,none,false,false,false,0.0000,none,false,none,0.0000,false,none,0.0000,0.0000,0.0000,0.0000,false,none,0.0000,none,none,false,false,none,0.0000,0.0000,0.0000,0.0000,none,false,false,0.0000,0.0000,false,false,-1,none,none,false,0.000,0.000,172.18600000,172.14700000,172.14700000,session_low,0.03200000,0.1758,neckline_level,172.27400000,1.5702,false,true,true,false,not_blocked,5,4,1,m5_failure_exit,off,none,0.00000000,0.0000,1.30,171.94300000,4.500,-0.300,0.200,PERIOD_M15,172.20500000,172.04400000,0.8385,outside,0.000,true,172.17900000,172.36100000,0.18200000,171.94300000,1.297,0.06050000,30.00,0-30,true,false,none,not_consumed,4.800,4.800,none,0.0000,false,neckline_retest_failed,false,not_invalidated,spread_too_high
2025.07.21 19:20:00,blocked,session_reversal_pullback_one_symbol_first120,EURJPY,SHORT,2025.07.21 19:15:00,19,16,1,new_york,2025.07.21 16:00,15,first_120min,true,true,3,EURJPY,highest_score_in_session_bar,new_york=USDJPY|EURJPY|GBPJPY|AUDJPY|EURUSD|GBPUSD,existing_first120_gate,new_york,false,false,true,passed_first_window,head_and_shoulders,neckline_break_retest,172.27400000,PERIOD_M5,PERIOD_H1,PERIOD_M15,PERIOD_M5,PERIOD_M5,false,htf_soft_alignment,current_post_filter,transcript_post_filter,dow_range_or_transition,ordered_dow_wave3_break_above_swing_high,dow_range_or_transition,ordered_dow_wave3_break_above_swing_high,false,false,true,SHORT,PERIOD_M5,head_and_shoulders,head_and_shoulders,4.500,none,0.000,head_and_shoulders,4.500,none,0.000,SHORT,false,PERIOD_H1_NONE_dow_range_or_transition|PERIOD_M15_LONG_ordered_dow_wave3_break_above_swing_high,true,h1_counter_m15_reversal,true,top_NONE_dow_range_or_transition|structure_LONG_ordered_dow_wave3_break_above_swing_high|structure_break_recent_confirmed_swing_break_failed|primary_break_recent_confirmed_swing_break_continuation,none,below_75sma_falling,below_75sma_falling,above_75sma_rising,-1,0.00000000,0,172.37400000,false,off,NONE,NONE,0.00000000,0.00000000,0.0000,none,0.000,true,SHORT,return_low_break_or_bos_down,172.03000000,14,172.54200000,171.90400000,false,off,independent,false,,,false,0.0000,none,0.0000,0.0000,none,0.0000,0.0000,0.0000,none,0.0000,0,0,0.0000,none,none,none,none,0.0000,0,0.0000,none,false,true,not_evaluated,true,required_light_or_anchor_flip,long_bias,172.04400000,2025.07.21 17:00:00,172.27200000,2025.07.21 14:15:00,2025.07.21 18:15:00,false,NONE,0.00000000,0.00000000,0.0000,-1,false,,-1,NONE,0.00000000,0.00000000,0.0000,0.0000,none,,none,false,NONE,-1,-1,-1,false,false,none,false,true,false,true,none,true,required,false,PERIOD_M5,,,-1,0.0000,false,0.00000000,0.0000,false,0.0000,false,none,none,false,no_anchor_flip_in_entry_direction,true,required_first_signal_only,SHORT,unknown,0.00000000,,0.00000000,,false,,-1,false,NONE,0.00000000,,0.00000000,0.0000,0.0000,none,-1,false,false,false,no_anchor_flip_in_entry_direction,,,,false,false,false,-1,-1,-1,-1,-1,false,false,false,0.0000,rising_n,false,172.54200000,171.90400000,5.7147,false,0.0000,0.0000,0,none,true,0.4310,preferred_382_618,0.200,diagnostic_only,diagnostic_only,diagnostic_only,fib_pullback,24,0.450,true,none,0.600,high_quality,false,false,diagnostic_only,both,true,none,true,diagnostic_adjacent_detected,required_light,false,false,LONG,3,false,false,0,,,-1,0.0000,0.00000000,0.00000000,0.00000000,false,false,none,0.00000000,false,0.0000,0.0000,false,1,0.0000,false,-1,0.00000000,0.0000,off,false,not_evaluated,none,0.0000,0.0000,none,false,false,false,0.0000,none,false,none,0.0000,false,none,0.0000,0.0000,0.0000,0.0000,false,none,0.0000,none,none,false,false,none,0.0000,0.0000,0.0000,0.0000,none,false,false,0.0000,0.0000,false,false,-1,none,none,false,0.000,0.000,172.18600000,172.14700000,172.14700000,session_low,0.03200000,0.1758,neckline_level,172.27400000,1.5702,false,true,true,false,not_blocked,5,4,1,m5_failure_exit,off,none,0.00000000,0.0000,1.30,171.94300000,4.500,-0.300,0.200,PERIOD_M15,172.20500000,172.04400000,0.8385,outside,0.000,true,172.17900000,172.36100000,0.18200000,171.94300000,1.297,0.06050000,30.00,0-30,true,false,none,blocked_spread_too_high,4.800,4.800,none,0.0000,false,neckline_retest_failed,false,not_invalidated,spread_too_high
2025.07.22 11:45:00,signal,session_reversal_pullback_one_symbol_first120,GBPUSD,SHORT,2025.07.22 11:40:00,11,8,17,london,2025.07.22 07:00,100,first_120min,false,true,3,GBPUSD,highest_score_in_session_bar,london=USDJPY|EURJPY|GBPJPY|AUDJPY|EURUSD|GBPUSD,existing_first120_gate,london,true,false,true,passed_first_window,sweep_high_reclaim,sweep_reclaim_retest,1.34870000,PERIOD_M5,PERIOD_H1,PERIOD_M15,PERIOD_M5,PERIOD_M5,false,htf_soft_alignment,current_post_filter,transcript_post_filter,dow_range_or_transition,structure_trend_bias_dow_trend_down_ll_lh,dow_range_or_transition,structure_trend_bias_dow_trend_down_ll_lh,false,false,true,SHORT,PERIOD_M5,sweep_high_reclaim,sweep_high_reclaim,3.400,none,0.000,sweep_high_reclaim,3.400,none,0.000,SHORT,false,PERIOD_H1_NONE_dow_range_or_transition|PERIOD_M15_SHORT_structure_trend_bias_dow_trend_down_ll_lh,true,h1_counter_m15_reversal,true,top_NONE_dow_range_or_transition|structure_SHORT_structure_trend_bias_dow_trend_down_ll_lh|structure_break_recent_confirmed_swing_break_failed|primary_break_recent_confirmed_swing_break_failed,none,above_75sma_rising,below_75sma_flat_or_rising,above_75sma_flat_or_falling,-1,0.00000000,-1,0.00000000,false,off,NONE,NONE,0.00000000,0.00000000,0.0000,none,0.000,true,SHORT,return_low_break_or_bos_down,1.34731000,2,1.34829000,1.34610000,false,off,independent,false,,,false,0.0000,none,0.0000,0.0000,none,0.0000,0.0000,0.0000,none,0.0000,0,0,0.0000,none,none,none,none,0.0000,0,0.0000,none,false,true,not_evaluated,true,required_light_or_anchor_flip,bias_flip_up,1.34821000,2025.07.21 23:00:00,1.34812000,2025.07.22 07:45:00,2025.07.22 10:45:00,true,LONG,1.34812000,1.34831000,0.2565,0,true,2025.07.22 11:30:00,0,LONG,1.34812000,1.34831000,0.2565,0.9045,normal,2025.07.22 11:30:00,first_after_anchor,true,LONG,0,0,0,true,false,fresh_0_4,false,true,false,true,none,true,required,false,PERIOD_M5,,,-1,0.0000,false,0.00000000,0.0000,false,0.0000,false,none,none,false,no_anchor_flip_in_entry_direction,true,required_first_signal_only,SHORT,unknown,0.00000000,,0.00000000,,false,,-1,false,NONE,0.00000000,,0.00000000,0.0000,0.0000,none,-1,false,false,false,no_anchor_flip_in_entry_direction,,,,false,false,false,-1,-1,-1,-1,-1,false,false,false,0.0000,falling_n,false,1.34867000,1.34610000,3.4696,true,0.9045,0.5563,0,normal,true,1.0091,too_deep,0.000,diagnostic_only,diagnostic_only,diagnostic_only,deep_pullback,24,0.170,true,none,0.320,medium_quality,false,false,diagnostic_only,both,true,none,true,diagnostic_adjacent_detected,required_light,false,false,LONG,6,false,false,1,2025.07.22 09:55:00,2025.07.22 11:05:00,7,3.1169,0.00000000,1.34610000,1.34610000,false,false,none,0.00000000,false,0.0000,0.0000,false,1,0.0000,false,-1,0.00000000,0.0000,off,false,not_evaluated,none,0.0000,0.0000,none,false,false,false,0.0000,none,false,none,0.0000,false,none,3.1169,1.3776,2.2625,0.9643,false,no_shrink,0.0000,none,none,false,false,none,0.0000,0.0000,0.0000,0.0000,none,false,false,0.0000,0.0000,false,false,-1,none,none,false,0.000,0.000,1.34870000,1.34812000,1.34812000,structure_confirmed_swing_high,0.00019000,0.2021,neckline_level,1.34870000,0.6716,false,true,true,false,not_blocked,7,3,4,m5_failure_exit,off,none,0.00000000,0.0000,1.30,1.34708000,3.400,-0.300,0.200,PERIOD_M15,1.34812000,1.34654000,1.1203,outside,0.000,true,1.34831000,1.34925000,0.00094000,1.34708000,1.309,0.00058071,20.00,90-120,true,false,none,not_consumed,3.500,3.500,none,0.0000,false,opposite_break_first,true,opposite_break_first,spread_too_high
2025.07.22 11:45:00,blocked,session_reversal_pullback_one_symbol_first120,GBPUSD,SHORT,2025.07.22 11:40:00,11,8,17,london,2025.07.22 07:00,100,first_120min,false,true,3,GBPUSD,highest_score_in_session_bar,london=USDJPY|EURJPY|GBPJPY|AUDJPY|EURUSD|GBPUSD,existing_first120_gate,london,true,false,true,passed_first_window,sweep_high_reclaim,sweep_reclaim_retest,1.34870000,PERIOD_M5,PERIOD_H1,PERIOD_M15,PERIOD_M5,PERIOD_M5,false,htf_soft_alignment,current_post_filter,transcript_post_filter,dow_range_or_transition,structure_trend_bias_dow_trend_down_ll_lh,dow_range_or_transition,structure_trend_bias_dow_trend_down_ll_lh,false,false,true,SHORT,PERIOD_M5,sweep_high_reclaim,sweep_high_reclaim,3.400,none,0.000,sweep_high_reclaim,3.400,none,0.000,SHORT,false,PERIOD_H1_NONE_dow_range_or_transition|PERIOD_M15_SHORT_structure_trend_bias_dow_trend_down_ll_lh,true,h1_counter_m15_reversal,true,top_NONE_dow_range_or_transition|structure_SHORT_structure_trend_bias_dow_trend_down_ll_lh|structure_break_recent_confirmed_swing_break_failed|primary_break_recent_confirmed_swing_break_failed,none,above_75sma_rising,below_75sma_flat_or_rising,above_75sma_flat_or_falling,-1,0.00000000,-1,0.00000000,false,off,NONE,NONE,0.00000000,0.00000000,0.0000,none,0.000,true,SHORT,return_low_break_or_bos_down,1.34731000,2,1.34829000,1.34610000,false,off,independent,false,,,false,0.0000,none,0.0000,0.0000,none,0.0000,0.0000,0.0000,none,0.0000,0,0,0.0000,none,none,none,none,0.0000,0,0.0000,none,false,true,not_evaluated,true,required_light_or_anchor_flip,bias_flip_up,1.34821000,2025.07.21 23:00:00,1.34812000,2025.07.22 07:45:00,2025.07.22 10:45:00,true,LONG,1.34812000,1.34831000,0.2565,0,true,2025.07.22 11:30:00,0,LONG,1.34812000,1.34831000,0.2565,0.9045,normal,2025.07.22 11:30:00,first_after_anchor,true,LONG,0,0,0,true,false,fresh_0_4,false,true,false,true,none,true,required,false,PERIOD_M5,,,-1,0.0000,false,0.00000000,0.0000,false,0.0000,false,none,none,false,no_anchor_flip_in_entry_direction,true,required_first_signal_only,SHORT,unknown,0.00000000,,0.00000000,,false,,-1,false,NONE,0.00000000,,0.00000000,0.0000,0.0000,none,-1,false,false,false,no_anchor_flip_in_entry_direction,,,,false,false,false,-1,-1,-1,-1,-1,false,false,false,0.0000,falling_n,false,1.34867000,1.34610000,3.4696,true,0.9045,0.5563,0,normal,true,1.0091,too_deep,0.000,diagnostic_only,diagnostic_only,diagnostic_only,deep_pullback,24,0.170,true,none,0.320,medium_quality,false,false,diagnostic_only,both,true,none,true,diagnostic_adjacent_detected,required_light,false,false,LONG,6,false,false,1,2025.07.22 09:55:00,2025.07.22 11:05:00,7,3.1169,0.00000000,1.34610000,1.34610000,false,false,none,0.00000000,false,0.0000,0.0000,false,1,0.0000,false,-1,0.00000000,0.0000,off,false,not_evaluated,none,0.0000,0.0000,none,false,false,false,0.0000,none,false,none,0.0000,false,none,3.1169,1.3776,2.2625,0.9643,false,no_shrink,0.0000,none,none,false,false,none,0.0000,0.0000,0.0000,0.0000,none,false,false,0.0000,0.0000,false,false,-1,none,none,false,0.000,0.000,1.34870000,1.34812000,1.34812000,structure_confirmed_swing_high,0.00019000,0.2021,neckline_level,1.34870000,0.6716,false,true,true,false,not_blocked,7,3,4,m5_failure_exit,off,none,0.00000000,0.0000,1.30,1.34708000,3.400,-0.300,0.200,PERIOD_M15,1.34812000,1.34654000,1.1203,outside,0.000,true,1.34831000,1.34925000,0.00094000,1.34708000,1.309,0.00058071,20.00,90-120,true,false,none,blocked_spread_too_high,3.500,3.500,none,0.0000,false,opposite_break_first,true,opposite_break_first,spread_too_high
2025.07.22 16:35:00,signal,session_reversal_pullback_one_symbol_first120,GBPUSD,SHORT,2025.07.22 16:30:00,16,13,22,london_newyork_overlap,2025.07.22 13:00,30,first_120min,true,true,3,GBPUSD,highest_score_in_session_bar,london_newyork_overlap=USDJPY|EURJPY|GBPJPY|AUDJPY|EURUSD|GBPUSD,existing_first120_gate,london_newyork_overlap,false,false,true,passed_first_window,double_top,neckline_break_retest,1.34841000,PERIOD_M5,PERIOD_H1,PERIOD_M15,PERIOD_M5,PERIOD_M5,false,htf_soft_alignment,current_post_filter,transcript_post_filter,dow_trend_up_hh_hl,no_ordered_dow_wave3_break,dow_trend_up_hh_hl,no_ordered_dow_wave3_break,false,false,true,SHORT,PERIOD_M5,double_top,double_top,4.200,none,0.000,double_top,4.200,none,0.000,SHORT,false,PERIOD_H1_LONG_dow_trend_up_hh_hl|PERIOD_M15_NONE_no_ordered_dow_wave3_break,true,h1_counter_m15_reversal,true,top_LONG_dow_trend_up_hh_hl|structure_NONE_no_ordered_dow_wave3_break|structure_break_recent_confirmed_swing_break_failed|primary_break_recent_confirmed_swing_break_retest,none,above_75sma_rising,below_75sma_falling,below_75sma_flat_or_rising,-1,0.00000000,0,1.34853000,false,off,NONE,NONE,0.00000000,0.00000000,0.0000,none,0.000,true,SHORT,return_low_break_or_bos_down,1.34731000,21,1.34886000,1.34742000,false,off,independent,false,,,false,0.0000,none,0.0000,0.0000,none,0.0000,0.0000,0.0000,none,0.0000,0,0,0.0000,none,none,none,none,0.0000,0,0.0000,none,false,true,not_evaluated,true,required_light_or_anchor_flip,short_bias,1.34853000,2025.07.22 12:30:00,1.34988000,2025.07.22 13:00:00,2025.07.22 14:15:00,false,NONE,0.00000000,0.00000000,0.0000,-1,false,,-1,NONE,0.00000000,0.00000000,0.0000,0.0000,none,,none,false,NONE,-1,-1,-1,false,false,none,true,false,false,true,none,true,required,false,PERIOD_M5,,,-1,0.0000,false,0.00000000,0.0000,false,0.0000,false,none,none,false,no_anchor_flip_in_entry_direction,true,required_first_signal_only,SHORT,unknown,0.00000000,,0.00000000,,false,,-1,false,NONE,0.00000000,,0.00000000,0.0000,0.0000,none,-1,false,false,false,no_anchor_flip_in_entry_direction,,,,false,false,false,-1,-1,-1,-1,-1,false,false,false,0.0000,range_n,true,1.34988000,1.34742000,3.3179,false,0.0000,0.0000,0,none,true,0.4497,preferred_382_618,0.200,diagnostic_only,diagnostic_only,diagnostic_only,shallow_pullback,5,0.490,true,none,0.640,high_quality,false,false,diagnostic_only,both,true,none,true,diagnostic_adjacent_detected,required_light,false,false,LONG,5,false,false,1,2025.07.22 15:00:00,2025.07.22 16:10:00,4,2.3501,0.00000000,1.34768000,1.34768000,false,false,none,0.00000000,false,0.0000,0.0000,false,1,0.0000,false,-1,0.00000000,0.0000,off,false,not_evaluated,none,0.0000,0.0000,none,false,false,false,0.0000,none,false,none,0.0000,false,none,1.9137,2.3501,0.8143,0.0000,true,strong_exhaustion,0.0000,none,none,false,false,none,0.0000,0.0000,0.0000,0.0000,none,false,false,0.0000,0.0000,false,false,-1,none,none,false,0.000,0.000,1.34785969,1.34768000,1.34768000,wick_cluster_zone,0.00012000,0.1165,session_low|opening_range_low|neckline_level,1.34768000,0.2014,false,true,true,false,not_blocked,5,3,2,m5_failure_exit,off,none,0.00000000,0.0000,1.30,1.34646000,4.200,-0.300,0.200,PERIOD_M15,1.34886000,1.34742000,0.2639,outside,0.000,true,1.34780000,1.34883000,0.00103000,1.34646000,1.301,0.00059571,20.00,30-60,true,false,none,not_consumed,4.500,4.500,none,0.0000,false,opposite_break_first,true,opposite_break_first,spread_too_high
2025.07.22 16:35:00,blocked,session_reversal_pullback_one_symbol_first120,GBPUSD,SHORT,2025.07.22 16:30:00,16,13,22,london_newyork_overlap,2025.07.22 13:00,30,first_120min,true,true,3,GBPUSD,highest_score_in_session_bar,london_newyork_overlap=USDJPY|EURJPY|GBPJPY|AUDJPY|EURUSD|GBPUSD,existing_first120_gate,london_newyork_overlap,false,false,true,passed_first_window,double_top,neckline_break_retest,1.34841000,PERIOD_M5,PERIOD_H1,PERIOD_M15,PERIOD_M5,PERIOD_M5,false,htf_soft_alignment,current_post_filter,transcript_post_filter,dow_trend_up_hh_hl,no_ordered_dow_wave3_break,dow_trend_up_hh_hl,no_ordered_dow_wave3_break,false,false,true,SHORT,PERIOD_M5,double_top,double_top,4.200,none,0.000,double_top,4.200,none,0.000,SHORT,false,PERIOD_H1_LONG_dow_trend_up_hh_hl|PERIOD_M15_NONE_no_ordered_dow_wave3_break,true,h1_counter_m15_reversal,true,top_LONG_dow_trend_up_hh_hl|structure_NONE_no_ordered_dow_wave3_break|structure_break_recent_confirmed_swing_break_failed|primary_break_recent_confirmed_swing_break_retest,none,above_75sma_rising,below_75sma_falling,below_75sma_flat_or_rising,-1,0.00000000,0,1.34853000,false,off,NONE,NONE,0.00000000,0.00000000,0.0000,none,0.000,true,SHORT,return_low_break_or_bos_down,1.34731000,21,1.34886000,1.34742000,false,off,independent,false,,,false,0.0000,none,0.0000,0.0000,none,0.0000,0.0000,0.0000,none,0.0000,0,0,0.0000,none,none,none,none,0.0000,0,0.0000,none,false,true,not_evaluated,true,required_light_or_anchor_flip,short_bias,1.34853000,2025.07.22 12:30:00,1.34988000,2025.07.22 13:00:00,2025.07.22 14:15:00,false,NONE,0.00000000,0.00000000,0.0000,-1,false,,-1,NONE,0.00000000,0.00000000,0.0000,0.0000,none,,none,false,NONE,-1,-1,-1,false,false,none,true,false,false,true,none,true,required,false,PERIOD_M5,,,-1,0.0000,false,0.00000000,0.0000,false,0.0000,false,none,none,false,no_anchor_flip_in_entry_direction,true,required_first_signal_only,SHORT,unknown,0.00000000,,0.00000000,,false,,-1,false,NONE,0.00000000,,0.00000000,0.0000,0.0000,none,-1,false,false,false,no_anchor_flip_in_entry_direction,,,,false,false,false,-1,-1,-1,-1,-1,false,false,false,0.0000,range_n,true,1.34988000,1.34742000,3.3179,false,0.0000,0.0000,0,none,true,0.4497,preferred_382_618,0.200,diagnostic_only,diagnostic_only,diagnostic_only,shallow_pullback,5,0.490,true,none,0.640,high_quality,false,false,diagnostic_only,both,true,none,true,diagnostic_adjacent_detected,required_light,false,false,LONG,5,false,false,1,2025.07.22 15:00:00,2025.07.22 16:10:00,4,2.3501,0.00000000,1.34768000,1.34768000,false,false,none,0.00000000,false,0.0000,0.0000,false,1,0.0000,false,-1,0.00000000,0.0000,off,false,not_evaluated,none,0.0000,0.0000,none,false,false,false,0.0000,none,false,none,0.0000,false,none,1.9137,2.3501,0.8143,0.0000,true,strong_exhaustion,0.0000,none,none,false,false,none,0.0000,0.0000,0.0000,0.0000,none,false,false,0.0000,0.0000,false,false,-1,none,none,false,0.000,0.000,1.34785969,1.34768000,1.34768000,wick_cluster_zone,0.00012000,0.1165,session_low|opening_range_low|neckline_level,1.34768000,0.2014,false,true,true,false,not_blocked,5,3,2,m5_failure_exit,off,none,0.00000000,0.0000,1.30,1.34646000,4.200,-0.300,0.200,PERIOD_M15,1.34886000,1.34742000,0.2639,outside,0.000,true,1.34780000,1.34883000,0.00103000,1.34646000,1.301,0.00059571,20.00,30-60,true,false,none,blocked_spread_too_high,4.500,4.500,none,0.0000,false,opposite_break_first,true,opposite_break_first,spread_too_high
2025.07.23 03:10:00,signal,session_reversal_pullback_one_symbol_first120,EURJPY,SHORT,2025.07.23 03:05:00,3,0,9,tokyo,2025.07.23 00:00,5,first_120min,true,true,3,EURJPY,highest_score_in_session_bar,tokyo=USDJPY|EURJPY|GBPJPY|AUDJPY,existing_first120_gate,tokyo,false,false,true,passed_first_window,head_and_shoulders,neckline_break_retest,172.30800000,PERIOD_M5,PERIOD_H1,PERIOD_M15,PERIOD_M5,PERIOD_M5,false,htf_soft_alignment,current_post_filter,transcript_post_filter,dow_range_or_transition,structure_trend_bias_dow_trend_up_hh_hl,dow_range_or_transition,structure_trend_bias_dow_trend_up_hh_hl,false,false,true,SHORT,PERIOD_M5,head_and_shoulders,head_and_shoulders,4.500,none,0.000,head_and_shoulders,4.500,none,0.000,SHORT,false,PERIOD_H1_NONE_dow_range_or_transition|PERIOD_M15_LONG_structure_trend_bias_dow_trend_up_hh_hl,true,h1_counter_m15_reversal,true,top_NONE_dow_range_or_transition|structure_LONG_structure_trend_bias_dow_trend_up_hh_hl|structure_break_recent_confirmed_swing_break_failed|primary_break_no_recent_confirmed_swing_break,none,below_75sma_flat_or_rising,below_75sma_falling,below_75sma_flat_or_rising,-1,0.00000000,-1,0.00000000,false,off,NONE,NONE,0.00000000,0.00000000,0.0000,none,0.000,true,SHORT,return_low_break_or_bos_down,172.11300000,3,172.39900000,172.11300000,false,off,independent,false,,,false,0.0000,none,0.0000,0.0000,none,0.0000,0.0000,0.0000,none,0.0000,0,0,0.0000,none,none,none,none,0.0000,0,0.0000,none,false,true,not_evaluated,true,required_light_or_anchor_flip,bias_flip_up,172.11300000,2025.07.23 00:45:00,172.39900000,2025.07.23 01:30:00,2025.07.23 02:00:00,true,LONG,172.39900000,172.44100000,0.2789,1,true,2025.07.23 02:30:00,1,LONG,172.39900000,172.44100000,0.2789,0.3985,normal,2025.07.23 02:30:00,first_after_anchor,true,LONG,1,1,1,true,false,fresh_0_4,false,true,false,true,none,true,required,false,PERIOD_M5,,,-1,0.0000,false,0.00000000,0.0000,false,0.0000,false,none,none,false,no_anchor_flip_in_entry_direction,true,required_first_signal_only,SHORT,unknown,0.00000000,,0.00000000,,false,,-1,false,NONE,0.00000000,,0.00000000,0.0000,0.0000,none,-1,false,false,false,no_anchor_flip_in_entry_direction,,,,false,false,false,-1,-1,-1,-1,-1,false,false,false,0.0000,range_n,true,172.39900000,171.88500000,3.4137,true,0.3985,0.6104,0,normal,true,0.5147,preferred_382_618,0.200,diagnostic_only,diagnostic_only,diagnostic_only,shallow_pullback,5,0.490,true,none,0.640,high_quality,false,false,diagnostic_only,both,true,none,true,diagnostic_adjacent_detected,required_light,false,false,LONG,3,false,false,0,,,-1,0.0000,0.00000000,0.00000000,0.00000000,false,false,none,0.00000000,false,0.0000,0.0000,false,1,0.0000,false,-1,0.00000000,0.0000,off,false,not_evaluated,none,0.0000,0.0000,none,false,false,false,0.0000,none,false,none,0.0000,false,none,0.0000,0.0000,0.0000,0.0000,false,none,0.0000,none,none,false,false,none,0.0000,0.0000,0.0000,0.0000,none,false,false,0.0000,0.0000,false,false,-1,none,none,false,0.000,0.000,172.24342105,172.11300000,172.11300000,structure_confirmed_swing_low,0.06900000,0.2248,neckline_level,172.30800000,0.8360,false,true,true,false,not_blocked,6,4,2,m5_failure_exit,off,none,0.00000000,0.0000,1.30,171.78300000,4.500,-0.300,0.200,PERIOD_M15,172.39900000,172.11300000,0.2413,outside,0.000,true,172.18200000,172.48900000,0.30700000,171.78300000,1.300,0.15071429,30.00,0-30,true,false,none,not_consumed,4.600,4.600,none,0.0000,false,neckline_retest_failed,false,not_invalidated,
2025.07.23 03:10:00,order_sent,session_reversal_pullback_one_symbol_first120,EURJPY,SHORT,2025.07.23 03:05:00,3,0,9,tokyo,2025.07.23 00:00,5,first_120min,true,true,3,EURJPY,highest_score_in_session_bar,tokyo=USDJPY|EURJPY|GBPJPY|AUDJPY,existing_first120_gate,tokyo,false,false,true,passed_first_window,head_and_shoulders,neckline_break_retest,172.30800000,PERIOD_M5,PERIOD_H1,PERIOD_M15,PERIOD_M5,PERIOD_M5,false,htf_soft_alignment,current_post_filter,transcript_post_filter,dow_range_or_transition,structure_trend_bias_dow_trend_up_hh_hl,dow_range_or_transition,structure_trend_bias_dow_trend_up_hh_hl,false,false,true,SHORT,PERIOD_M5,head_and_shoulders,head_and_shoulders,4.500,none,0.000,head_and_shoulders,4.500,none,0.000,SHORT,false,PERIOD_H1_NONE_dow_range_or_transition|PERIOD_M15_LONG_structure_trend_bias_dow_trend_up_hh_hl,true,h1_counter_m15_reversal,true,top_NONE_dow_range_or_transition|structure_LONG_structure_trend_bias_dow_trend_up_hh_hl|structure_break_recent_confirmed_swing_break_failed|primary_break_no_recent_confirmed_swing_break,none,below_75sma_flat_or_rising,below_75sma_falling,below_75sma_flat_or_rising,-1,0.00000000,-1,0.00000000,false,off,NONE,NONE,0.00000000,0.00000000,0.0000,none,0.000,true,SHORT,return_low_break_or_bos_down,172.11300000,3,172.39900000,172.11300000,false,off,independent,false,,,false,0.0000,none,0.0000,0.0000,none,0.0000,0.0000,0.0000,none,0.0000,0,0,0.0000,none,none,none,none,0.0000,0,0.0000,none,false,true,not_evaluated,true,required_light_or_anchor_flip,bias_flip_up,172.11300000,2025.07.23 00:45:00,172.39900000,2025.07.23 01:30:00,2025.07.23 02:00:00,true,LONG,172.39900000,172.44100000,0.2789,1,true,2025.07.23 02:30:00,1,LONG,172.39900000,172.44100000,0.2789,0.3985,normal,2025.07.23 02:30:00,first_after_anchor,true,LONG,1,1,1,true,false,fresh_0_4,false,true,false,true,none,true,required,false,PERIOD_M5,,,-1,0.0000,false,0.00000000,0.0000,false,0.0000,false,none,none,false,no_anchor_flip_in_entry_direction,true,required_first_signal_only,SHORT,unknown,0.00000000,,0.00000000,,false,,-1,false,NONE,0.00000000,,0.00000000,0.0000,0.0000,none,-1,false,false,false,no_anchor_flip_in_entry_direction,,,,false,false,false,-1,-1,-1,-1,-1,false,false,false,0.0000,range_n,true,172.39900000,171.88500000,3.4137,true,0.3985,0.6104,0,normal,true,0.5147,preferred_382_618,0.200,diagnostic_only,diagnostic_only,diagnostic_only,shallow_pullback,5,0.490,true,none,0.640,high_quality,false,false,diagnostic_only,both,true,none,true,diagnostic_adjacent_detected,required_light,false,false,LONG,3,false,false,0,,,-1,0.0000,0.00000000,0.00000000,0.00000000,false,false,none,0.00000000,false,0.0000,0.0000,false,1,0.0000,false,-1,0.00000000,0.0000,off,false,not_evaluated,none,0.0000,0.0000,none,false,false,false,0.0000,none,false,none,0.0000,false,none,0.0000,0.0000,0.0000,0.0000,false,none,0.0000,none,none,false,false,none,0.0000,0.0000,0.0000,0.0000,none,false,false,0.0000,0.0000,false,false,-1,none,none,false,0.000,0.000,172.24342105,172.11300000,172.11300000,structure_confirmed_swing_low,0.06900000,0.2248,neckline_level,172.30800000,0.8360,false,true,true,false,not_blocked,6,4,2,m5_failure_exit,off,none,0.00000000,0.0000,1.30,171.78300000,4.500,-0.300,0.200,PERIOD_M15,172.39900000,172.11300000,0.2413,outside,0.000,true,172.18200000,172.48900000,0.30700000,171.78300000,1.300,0.15071429,30.00,0-30,true,false,none,order_sent,4.600,4.600,none,0.0000,false,neckline_retest_failed,false,not_invalidated,
2025.07.23 10:50:00,signal,session_reversal_pullback_one_symbol_first120,EURUSD,SHORT,2025.07.23 10:45:00,10,7,16,london,2025.07.23 07:00,45,first_120min,true,true,3,EURUSD,highest_score_in_session_bar,london=USDJPY|EURJPY|GBPJPY|AUDJPY|EURUSD|GBPUSD,existing_first120_gate,london,false,false,true,passed_first_window,head_and_shoulders,neckline_break_retest,1.17391000,PERIOD_M5,PERIOD_H1,PERIOD_M15,PERIOD_M5,PERIOD_M5,false,htf_soft_alignment,current_post_filter,transcript_post_filter,dow_trend_up_hh_hl,structure_trend_bias_dow_trend_down_ll_lh,dow_trend_up_hh_hl,structure_trend_bias_dow_trend_down_ll_lh,false,false,true,SHORT,PERIOD_M5,head_and_shoulders,head_and_shoulders,4.500,none,0.000,head_and_shoulders,4.500,none,0.000,SHORT,false,PERIOD_H1_LONG_dow_trend_up_hh_hl|PERIOD_M15_SHORT_structure_trend_bias_dow_trend_down_ll_lh,true,h1_counter_m15_reversal,true,top_LONG_dow_trend_up_hh_hl|structure_SHORT_structure_trend_bias_dow_trend_down_ll_lh|structure_break_recent_confirmed_swing_break_failed|primary_break_recent_confirmed_swing_break_retest,none,above_75sma_rising,near_75sma,below_75sma_flat_or_rising,-1,0.00000000,0,1.17363000,false,off,NONE,NONE,0.00000000,0.00000000,0.0000,none,0.000,true,SHORT,return_low_break_or_bos_down,1.17298000,8,1.17522000,1.17264000,false,off,independent,false,,,false,0.0000,none,0.0000,0.0000,none,0.0000,0.0000,0.0000,none,0.0000,0,0,0.0000,none,none,none,none,0.0000,0,0.0000,none,false,true,not_evaluated,true,required_light_or_anchor_flip,bias_flip_up,1.17319000,2025.07.23 05:30:00,1.17381000,2025.07.23 07:45:00,2025.07.23 08:45:00,true,LONG,1.17381000,1.17415000,0.4990,3,true,2025.07.23 09:45:00,3,LONG,1.17381000,1.17415000,0.4990,1.0566,strong,2025.07.23 10:15:00,first_after_anchor,true,LONG,3,1,3,true,false,fresh_0_4,false,true,false,true,none,true,required,false,PERIOD_M5,,,-1,0.0000,false,0.00000000,0.0000,false,0.0000,false,none,none,false,no_anchor_flip_in_entry_direction,true,required_first_signal_only,SHORT,unknown,0.00000000,,0.00000000,,false,,-1,false,NONE,0.00000000,,0.00000000,0.0000,0.0000,none,-1,false,false,false,no_anchor_flip_in_entry_direction,,,,false,false,false,-1,-1,-1,-1,-1,false,false,false,0.0000,falling_n,false,1.17454000,1.17264000,2.7883,true,1.0566,0.2800,2,strong,true,0.3062,shallow_236_382,0.080,diagnostic_only,diagnostic_only,diagnostic_only,shallow_pullback,24,0.330,true,none,0.480,high_quality,false,false,diagnostic_only,both,true,none,true,diagnostic_adjacent_detected,required_light,false,false,LONG,5,false,false,1,2025.07.23 08:15:00,2025.07.23 10:20:00,5,4.7841,0.00000000,1.17264000,1.17264000,false,false,none,0.00000000,false,0.0000,0.0000,false,1,0.0000,false,-1,0.00000000,0.0000,off,false,not_evaluated,none,0.0000,0.0000,none,false,false,false,0.0000,none,false,none,0.0000,false,none,4.7841,0.7974,6.0000,3.2079,false,no_shrink,0.0000,none,none,false,false,none,0.0000,0.0000,0.0000,0.0000,none,false,false,0.0000,0.0000,false,false,-1,none,none,false,0.000,0.000,1.17362000,1.17337000,1.17298000,top_context_confirmed_swing_low,0.00045000,0.2778,session_low|opening_range_low|neckline_level,1.17337000,0.1113,false,true,true,false,not_blocked,6,5,1,m5_failure_exit,off,none,0.00000000,0.0000,1.30,1.17133000,4.500,-0.300,0.200,PERIOD_M15,1.17454000,1.17264000,0.4158,preferred_382_618,0.000,true,1.17343000,1.17505000,0.00162000,1.17133000,1.296,0.00053929,18.00,30-60,true,false,none,not_consumed,4.800,4.800,none,0.0000,false,opposite_break_first,true,opposite_break_first,spread_too_high
2025.07.23 10:50:00,blocked,session_reversal_pullback_one_symbol_first120,EURUSD,SHORT,2025.07.23 10:45:00,10,7,16,london,2025.07.23 07:00,45,first_120min,true,true,3,EURUSD,highest_score_in_session_bar,london=USDJPY|EURJPY|GBPJPY|AUDJPY|EURUSD|GBPUSD,existing_first120_gate,london,false,false,true,passed_first_window,head_and_shoulders,neckline_break_retest,1.17391000,PERIOD_M5,PERIOD_H1,PERIOD_M15,PERIOD_M5,PERIOD_M5,false,htf_soft_alignment,current_post_filter,transcript_post_filter,dow_trend_up_hh_hl,structure_trend_bias_dow_trend_down_ll_lh,dow_trend_up_hh_hl,structure_trend_bias_dow_trend_down_ll_lh,false,false,true,SHORT,PERIOD_M5,head_and_shoulders,head_and_shoulders,4.500,none,0.000,head_and_shoulders,4.500,none,0.000,SHORT,false,PERIOD_H1_LONG_dow_trend_up_hh_hl|PERIOD_M15_SHORT_structure_trend_bias_dow_trend_down_ll_lh,true,h1_counter_m15_reversal,true,top_LONG_dow_trend_up_hh_hl|structure_SHORT_structure_trend_bias_dow_trend_down_ll_lh|structure_break_recent_confirmed_swing_break_failed|primary_break_recent_confirmed_swing_break_retest,none,above_75sma_rising,near_75sma,below_75sma_flat_or_rising,-1,0.00000000,0,1.17363000,false,off,NONE,NONE,0.00000000,0.00000000,0.0000,none,0.000,true,SHORT,return_low_break_or_bos_down,1.17298000,8,1.17522000,1.17264000,false,off,independent,false,,,false,0.0000,none,0.0000,0.0000,none,0.0000,0.0000,0.0000,none,0.0000,0,0,0.0000,none,none,none,none,0.0000,0,0.0000,none,false,true,not_evaluated,true,required_light_or_anchor_flip,bias_flip_up,1.17319000,2025.07.23 05:30:00,1.17381000,2025.07.23 07:45:00,2025.07.23 08:45:00,true,LONG,1.17381000,1.17415000,0.4990,3,true,2025.07.23 09:45:00,3,LONG,1.17381000,1.17415000,0.4990,1.0566,strong,2025.07.23 10:15:00,first_after_anchor,true,LONG,3,1,3,true,false,fresh_0_4,false,true,false,true,none,true,required,false,PERIOD_M5,,,-1,0.0000,false,0.00000000,0.0000,false,0.0000,false,none,none,false,no_anchor_flip_in_entry_direction,true,required_first_signal_only,SHORT,unknown,0.00000000,,0.00000000,,false,,-1,false,NONE,0.00000000,,0.00000000,0.0000,0.0000,none,-1,false,false,false,no_anchor_flip_in_entry_direction,,,,false,false,false,-1,-1,-1,-1,-1,false,false,false,0.0000,falling_n,false,1.17454000,1.17264000,2.7883,true,1.0566,0.2800,2,strong,true,0.3062,shallow_236_382,0.080,diagnostic_only,diagnostic_only,diagnostic_only,shallow_pullback,24,0.330,true,none,0.480,high_quality,false,false,diagnostic_only,both,true,none,true,diagnostic_adjacent_detected,required_light,false,false,LONG,5,false,false,1,2025.07.23 08:15:00,2025.07.23 10:20:00,5,4.7841,0.00000000,1.17264000,1.17264000,false,false,none,0.00000000,false,0.0000,0.0000,false,1,0.0000,false,-1,0.00000000,0.0000,off,false,not_evaluated,none,0.0000,0.0000,none,false,false,false,0.0000,none,false,none,0.0000,false,none,4.7841,0.7974,6.0000,3.2079,false,no_shrink,0.0000,none,none,false,false,none,0.0000,0.0000,0.0000,0.0000,none,false,false,0.0000,0.0000,false,false,-1,none,none,false,0.000,0.000,1.17362000,1.17337000,1.17298000,top_context_confirmed_swing_low,0.00045000,0.2778,session_low|opening_range_low|neckline_level,1.17337000,0.1113,false,true,true,false,not_blocked,6,5,1,m5_failure_exit,off,none,0.00000000,0.0000,1.30,1.17133000,4.500,-0.300,0.200,PERIOD_M15,1.17454000,1.17264000,0.4158,preferred_382_618,0.000,true,1.17343000,1.17505000,0.00162000,1.17133000,1.296,0.00053929,18.00,30-60,true,false,none,blocked_spread_too_high,4.800,4.800,none,0.0000,false,opposite_break_first,true,opposite_break_first,spread_too_high
2025.07.23 16:10:00,signal,session_reversal_pullback_one_symbol_first120,AUDJPY,LONG,2025.07.23 16:05:00,16,13,22,london_newyork_overlap,2025.07.23 13:00,5,first_120min,true,true,3,AUDJPY,highest_score_in_session_bar,london_newyork_overlap=USDJPY|EURJPY|GBPJPY|AUDJPY|EURUSD|GBPUSD,existing_first120_gate,london_newyork_overlap,false,false,true,passed_first_window,inverse_head_and_shoulders,neckline_break_retest,96.51000000,PERIOD_M5,PERIOD_H1,PERIOD_M15,PERIOD_M5,PERIOD_M5,false,htf_soft_alignment,current_post_filter,transcript_post_filter,dow_range_or_transition,structure_trend_bias_dow_trend_up_hh_hl,dow_range_or_transition,structure_trend_bias_dow_trend_up_hh_hl,false,true,false,LONG,PERIOD_M5,inverse_head_and_shoulders,inverse_head_and_shoulders,4.500,none,0.000,inverse_head_and_shoulders,4.500,none,0.000,LONG,false,PERIOD_H1_NONE_dow_range_or_transition|PERIOD_M15_LONG_structure_trend_bias_dow_trend_up_hh_hl,true,h1_counter_m15_reversal,true,top_NONE_dow_range_or_transition|structure_LONG_structure_trend_bias_dow_trend_up_hh_hl|structure_break_recent_confirmed_swing_break_failed|primary_break_recent_confirmed_swing_break_retest,none,above_75sma_flat_or_falling,above_75sma_rising,above_75sma_rising,-1,0.00000000,0,96.50300000,false,off,NONE,NONE,0.00000000,0.00000000,0.0000,none,0.000,true,LONG,return_high_break_or_bos_up,96.66300000,17,96.68600000,96.37000000,false,off,independent,false,,,false,0.0000,none,0.0000,0.0000,none,0.0000,0.0000,0.0000,none,0.0000,0,0,0.0000,none,none,none,none,0.0000,0,0.0000,none,false,true,not_evaluated,true,required_light_or_anchor_flip,short_bias,96.42000000,2025.07.23 10:30:00,96.54600000,2025.07.23 13:30:00,2025.07.23 14:00:00,false,NONE,0.00000000,0.00000000,0.0000,-1,false,,-1,NONE,0.00000000,0.00000000,0.0000,0.0000,none,,none,false,NONE,-1,-1,-1,false,false,none,false,true,false,true,none,true,required,false,PERIOD_M5,,,-1,0.0000,false,0.00000000,0.0000,false,0.0000,false,none,none,false,no_anchor_flip_in_entry_direction,true,required_first_signal_only,LONG,unknown,0.00000000,,0.00000000,,false,,-1,false,NONE,0.00000000,,0.00000000,0.0000,0.0000,none,-1,false,false,false,no_anchor_flip_in_entry_direction,,,,false,false,false,-1,-1,-1,-1,-1,false,false,false,0.0000,falling_n,false,96.68600000,96.37000000,4.1192,false,0.0000,0.0000,0,none,true,0.4209,preferred_382_618,0.200,diagnostic_only,diagnostic_only,diagnostic_only,fib_pullback,7,0.440,true,none,0.590,high_quality,false,false,diagnostic_only,both,true,none,true,diagnostic_adjacent_detected,required_light,false,false,SHORT,6,false,false,0,2025.07.23 14:10:00,2025.07.23 15:45:00,4,4.1252,96.56300000,0.00000000,96.56300000,false,false,none,0.00000000,false,0.0000,0.0000,false,1,0.0000,false,-1,0.00000000,0.0000,off,false,not_evaluated,none,0.0000,0.0000,none,false,false,false,0.0000,none,false,none,0.0000,false,none,3.0992,2.8427,1.0902,0.0000,true,strong_exhaustion,0.0000,none,none,false,false,none,0.0000,0.0000,0.0000,0.0000,none,false,false,0.0000,0.0000,false,false,-1,none,none,false,0.000,0.000,96.56300000,96.55000000,96.56300000,pre_session_high,0.01000000,0.1010,session_high|opening_range_high|neckline_level,96.54700000,0.1282,false,true,true,false,not_blocked,2,1,1,m5_failure_exit,off,none,0.00000000,0.0000,1.30,96.68200000,4.500,-0.300,0.200,PERIOD_M15,96.54600000,96.37000000,-0.0398,outside,0.000,true,96.55300000,96.45400000,0.09900000,96.68200000,1.303,0.04678571,28.00,0-30,true,false,none,not_consumed,4.800,4.800,none,0.0000,false,neckline_retest_failed,false,not_invalidated,spread_too_high
2025.07.23 16:10:00,blocked,session_reversal_pullback_one_symbol_first120,AUDJPY,LONG,2025.07.23 16:05:00,16,13,22,london_newyork_overlap,2025.07.23 13:00,5,first_120min,true,true,3,AUDJPY,highest_score_in_session_bar,london_newyork_overlap=USDJPY|EURJPY|GBPJPY|AUDJPY|EURUSD|GBPUSD,existing_first120_gate,london_newyork_overlap,false,false,true,passed_first_window,inverse_head_and_shoulders,neckline_break_retest,96.51000000,PERIOD_M5,PERIOD_H1,PERIOD_M15,PERIOD_M5,PERIOD_M5,false,htf_soft_alignment,current_post_filter,transcript_post_filter,dow_range_or_transition,structure_trend_bias_dow_trend_up_hh_hl,dow_range_or_transition,structure_trend_bias_dow_trend_up_hh_hl,false,true,false,LONG,PERIOD_M5,inverse_head_and_shoulders,inverse_head_and_shoulders,4.500,none,0.000,inverse_head_and_shoulders,4.500,none,0.000,LONG,false,PERIOD_H1_NONE_dow_range_or_transition|PERIOD_M15_LONG_structure_trend_bias_dow_trend_up_hh_hl,true,h1_counter_m15_reversal,true,top_NONE_dow_range_or_transition|structure_LONG_structure_trend_bias_dow_trend_up_hh_hl|structure_break_recent_confirmed_swing_break_failed|primary_break_recent_confirmed_swing_break_retest,none,above_75sma_flat_or_falling,above_75sma_rising,above_75sma_rising,-1,0.00000000,0,96.50300000,false,off,NONE,NONE,0.00000000,0.00000000,0.0000,none,0.000,true,LONG,return_high_break_or_bos_up,96.66300000,17,96.68600000,96.37000000,false,off,independent,false,,,false,0.0000,none,0.0000,0.0000,none,0.0000,0.0000,0.0000,none,0.0000,0,0,0.0000,none,none,none,none,0.0000,0,0.0000,none,false,true,not_evaluated,true,required_light_or_anchor_flip,short_bias,96.42000000,2025.07.23 10:30:00,96.54600000,2025.07.23 13:30:00,2025.07.23 14:00:00,false,NONE,0.00000000,0.00000000,0.0000,-1,false,,-1,NONE,0.00000000,0.00000000,0.0000,0.0000,none,,none,false,NONE,-1,-1,-1,false,false,none,false,true,false,true,none,true,required,false,PERIOD_M5,,,-1,0.0000,false,0.00000000,0.0000,false,0.0000,false,none,none,false,no_anchor_flip_in_entry_direction,true,required_first_signal_only,LONG,unknown,0.00000000,,0.00000000,,false,,-1,false,NONE,0.00000000,,0.00000000,0.0000,0.0000,none,-1,false,false,false,no_anchor_flip_in_entry_direction,,,,false,false,false,-1,-1,-1,-1,-1,false,false,false,0.0000,falling_n,false,96.68600000,96.37000000,4.1192,false,0.0000,0.0000,0,none,true,0.4209,preferred_382_618,0.200,diagnostic_only,diagnostic_only,diagnostic_only,fib_pullback,7,0.440,true,none,0.590,high_quality,false,false,diagnostic_only,both,true,none,true,diagnostic_adjacent_detected,required_light,false,false,SHORT,6,false,false,0,2025.07.23 14:10:00,2025.07.23 15:45:00,4,4.1252,96.56300000,0.00000000,96.56300000,false,false,none,0.00000000,false,0.0000,0.0000,false,1,0.0000,false,-1,0.00000000,0.0000,off,false,not_evaluated,none,0.0000,0.0000,none,false,false,false,0.0000,none,false,none,0.0000,false,none,3.0992,2.8427,1.0902,0.0000,true,strong_exhaustion,0.0000,none,none,false,false,none,0.0000,0.0000,0.0000,0.0000,none,false,false,0.0000,0.0000,false,false,-1,none,none,false,0.000,0.000,96.56300000,96.55000000,96.56300000,pre_session_high,0.01000000,0.1010,session_high|opening_range_high|neckline_level,96.54700000,0.1282,false,true,true,false,not_blocked,2,1,1,m5_failure_exit,off,none,0.00000000,0.0000,1.30,96.68200000,4.500,-0.300,0.200,PERIOD_M15,96.54600000,96.37000000,-0.0398,outside,0.000,true,96.55300000,96.45400000,0.09900000,96.68200000,1.303,0.04678571,28.00,0-30,true,false,none,blocked_spread_too_high,4.800,4.800,none,0.0000,false,neckline_retest_failed,false,not_invalidated,spread_too_high
2025.07.23 19:10:00,signal,session_reversal_pullback_one_symbol_first120,USDJPY,LONG,2025.07.23 19:05:00,19,16,1,new_york,2025.07.23 16:00,5,first_120min,true,true,3,USDJPY,highest_score_in_session_bar,new_york=USDJPY|EURJPY|GBPJPY|AUDJPY|EURUSD|GBPUSD,existing_first120_gate,new_york,false,false,true,passed_first_window,inverse_head_and_shoulders,neckline_break_retest,146.47100000,PERIOD_M5,PERIOD_H1,PERIOD_M15,PERIOD_M5,PERIOD_M5,false,htf_soft_alignment,current_post_filter,transcript_post_filter,dow_trend_down_ll_lh,structure_trend_bias_dow_trend_down_ll_lh,dow_trend_down_ll_lh,structure_trend_bias_dow_trend_down_ll_lh,false,true,true,LONG,PERIOD_M5,inverse_head_and_shoulders,inverse_head_and_shoulders,4.500,none,0.000,inverse_head_and_shoulders,4.500,none,0.000,LONG,true,PERIOD_H1_SHORT_dow_trend_down_ll_lh|PERIOD_M15_SHORT_structure_trend_bias_dow_trend_down_ll_lh,true,h1_counter_m15_reversal,true,top_SHORT_dow_trend_down_ll_lh|structure_SHORT_structure_trend_bias_dow_trend_down_ll_lh|structure_break_recent_confirmed_swing_break_retest|primary_break_recent_confirmed_swing_break_retest,none,below_75sma_falling,below_75sma_falling,above_75sma_flat_or_falling,9,146.59600000,0,146.44000000,false,off,NONE,NONE,0.00000000,0.00000000,0.0000,none,0.000,true,LONG,return_high_break_or_bos_up,146.59600000,9,146.72100000,146.10000000,false,off,independent,false,,,false,0.0000,none,0.0000,0.0000,none,0.0000,0.0000,0.0000,none,0.0000,0,0,0.0000,none,none,none,none,0.0000,0,0.0000,none,false,true,not_evaluated,true,required_light_or_anchor_flip,short_bias,146.84600000,2025.07.23 08:00:00,146.89700000,2025.07.23 11:30:00,2025.07.23 14:45:00,false,NONE,0.00000000,0.00000000,0.0000,-1,false,,-1,NONE,0.00000000,0.00000000,0.0000,0.0000,none,,none,false,NONE,-1,-1,-1,false,false,none,false,true,false,true,none,true,required,false,PERIOD_M5,,,-1,0.0000,false,0.00000000,0.0000,false,0.0000,false,none,none,false,no_anchor_flip_in_entry_direction,true,required_first_signal_only,LONG,unknown,0.00000000,,0.00000000,,false,,-1,false,NONE,0.00000000,,0.00000000,0.0000,0.0000,none,-1,false,false,false,no_anchor_flip_in_entry_direction,,,,false,false,false,-1,-1,-1,-1,-1,false,false,false,0.0000,falling_n,false,147.20600000,146.10000000,6.5251,false,0.0000,0.0000,0,none,true,0.3639,shallow_236_382,0.080,diagnostic_only,diagnostic_only,diagnostic_only,shallow_pullback,24,0.280,true,none,0.430,high_quality,false,false,diagnostic_only,both,true,none,true,diagnostic_adjacent_detected,required_light,false,false,SHORT,6,false,false,2,2025.07.23 17:20:00,2025.07.23 18:15:00,10,4.1034,146.44000000,0.00000000,146.44000000,true,true,m5_lh_close_break_up,146.44000000,true,0.3448,0.8621,true,1,0.0000,true,5,146.44000000,0.0920,off,false,not_evaluated,none,0.9899,0.0101,very_strong,true,false,false,0.0000,held_clean,true,favorable_side,0.3310,false,clean_retest,2.4253,3.4943,0.6941,0.6092,false,mild_exhaustion,0.0000,none,none,false,false,none,0.0000,0.0000,0.0000,0.0000,none,false,false,0.0000,0.0000,false,false,-1,none,none,false,0.000,0.000,146.55409091,146.47100000,146.55409091,recent_equal_highs,0.05909091,0.3693,neckline_level,146.47100000,0.2759,false,true,true,false,not_blocked,6,4,2,m5_failure_exit,off,none,0.00000000,0.0000,1.30,146.70300000,4.500,-0.300,0.200,PERIOD_M15,146.72100000,146.10000000,0.3639,outside,0.000,true,146.49500000,146.33500000,0.16000000,146.70300000,1.300,0.08700000,15.00,0-30,true,false,none,not_consumed,5.150,5.150,none,0.0000,false,opposite_break_first,true,opposite_break_first,session_invalidated
2025.07.23 19:10:00,blocked,session_reversal_pullback_one_symbol_first120,USDJPY,LONG,2025.07.23 19:05:00,19,16,1,new_york,2025.07.23 16:00,5,first_120min,true,true,3,USDJPY,highest_score_in_session_bar,new_york=USDJPY|EURJPY|GBPJPY|AUDJPY|EURUSD|GBPUSD,existing_first120_gate,new_york,false,false,true,passed_first_window,inverse_head_and_shoulders,neckline_break_retest,146.47100000,PERIOD_M5,PERIOD_H1,PERIOD_M15,PERIOD_M5,PERIOD_M5,false,htf_soft_alignment,current_post_filter,transcript_post_filter,dow_trend_down_ll_lh,structure_trend_bias_dow_trend_down_ll_lh,dow_trend_down_ll_lh,structure_trend_bias_dow_trend_down_ll_lh,false,true,true,LONG,PERIOD_M5,inverse_head_and_shoulders,inverse_head_and_shoulders,4.500,none,0.000,inverse_head_and_shoulders,4.500,none,0.000,LONG,true,PERIOD_H1_SHORT_dow_trend_down_ll_lh|PERIOD_M15_SHORT_structure_trend_bias_dow_trend_down_ll_lh,true,h1_counter_m15_reversal,true,top_SHORT_dow_trend_down_ll_lh|structure_SHORT_structure_trend_bias_dow_trend_down_ll_lh|structure_break_recent_confirmed_swing_break_retest|primary_break_recent_confirmed_swing_break_retest,none,below_75sma_falling,below_75sma_falling,above_75sma_flat_or_falling,9,146.59600000,0,146.44000000,false,off,NONE,NONE,0.00000000,0.00000000,0.0000,none,0.000,true,LONG,return_high_break_or_bos_up,146.59600000,9,146.72100000,146.10000000,false,off,independent,false,,,false,0.0000,none,0.0000,0.0000,none,0.0000,0.0000,0.0000,none,0.0000,0,0,0.0000,none,none,none,none,0.0000,0,0.0000,none,false,true,not_evaluated,true,required_light_or_anchor_flip,short_bias,146.84600000,2025.07.23 08:00:00,146.89700000,2025.07.23 11:30:00,2025.07.23 14:45:00,false,NONE,0.00000000,0.00000000,0.0000,-1,false,,-1,NONE,0.00000000,0.00000000,0.0000,0.0000,none,,none,false,NONE,-1,-1,-1,false,false,none,false,true,false,true,none,true,required,false,PERIOD_M5,,,-1,0.0000,false,0.00000000,0.0000,false,0.0000,false,none,none,false,no_anchor_flip_in_entry_direction,true,required_first_signal_only,LONG,unknown,0.00000000,,0.00000000,,false,,-1,false,NONE,0.00000000,,0.00000000,0.0000,0.0000,none,-1,false,false,false,no_anchor_flip_in_entry_direction,,,,false,false,false,-1,-1,-1,-1,-1,false,false,false,0.0000,falling_n,false,147.20600000,146.10000000,6.5251,false,0.0000,0.0000,0,none,true,0.3639,shallow_236_382,0.080,diagnostic_only,diagnostic_only,diagnostic_only,shallow_pullback,24,0.280,true,none,0.430,high_quality,false,false,diagnostic_only,both,true,none,true,diagnostic_adjacent_detected,required_light,false,false,SHORT,6,false,false,2,2025.07.23 17:20:00,2025.07.23 18:15:00,10,4.1034,146.44000000,0.00000000,146.44000000,true,true,m5_lh_close_break_up,146.44000000,true,0.3448,0.8621,true,1,0.0000,true,5,146.44000000,0.0920,off,false,not_evaluated,none,0.9899,0.0101,very_strong,true,false,false,0.0000,held_clean,true,favorable_side,0.3310,false,clean_retest,2.4253,3.4943,0.6941,0.6092,false,mild_exhaustion,0.0000,none,none,false,false,none,0.0000,0.0000,0.0000,0.0000,none,false,false,0.0000,0.0000,false,false,-1,none,none,false,0.000,0.000,146.55409091,146.47100000,146.55409091,recent_equal_highs,0.05909091,0.3693,neckline_level,146.47100000,0.2759,false,true,true,false,not_blocked,6,4,2,m5_failure_exit,off,none,0.00000000,0.0000,1.30,146.70300000,4.500,-0.300,0.200,PERIOD_M15,146.72100000,146.10000000,0.3639,outside,0.000,true,146.49500000,146.33500000,0.16000000,146.70300000,1.300,0.08700000,15.00,0-30,true,false,none,blocked_session_invalidated,5.150,5.150,none,0.0000,false,opposite_break_first,true,opposite_break_first,session_invalidated
2025.07.24 03:40:00,signal,session_reversal_pullback_one_symbol_first120,EURJPY,LONG,2025.07.24 03:35:00,3,0,9,tokyo,2025.07.24 00:00,35,first_120min,true,true,3,EURJPY,highest_score_in_session_bar,tokyo=USDJPY|EURJPY|GBPJPY|AUDJPY,existing_first120_gate,tokyo,false,false,true,passed_first_window,sweep_low_reclaim,sweep_reclaim_retest,172.16900000,PERIOD_M5,PERIOD_H1,PERIOD_M15,PERIOD_M5,PERIOD_M5,false,htf_soft_alignment,current_post_filter,transcript_post_filter,dow_range_or_transition,structure_trend_bias_dow_trend_up_hh_hl,dow_range_or_transition,structure_trend_bias_dow_trend_up_hh_hl,false,true,false,LONG,PERIOD_M5,sweep_low_reclaim,sweep_low_reclaim,3.400,none,0.000,sweep_low_reclaim,3.400,none,0.000,LONG,false,PERIOD_H1_NONE_dow_range_or_transition|PERIOD_M15_LONG_structure_trend_bias_dow_trend_up_hh_hl,true,h1_counter_m15_reversal,true,top_NONE_dow_range_or_transition|structure_LONG_structure_trend_bias_dow_trend_up_hh_hl|structure_break_recent_confirmed_swing_break_failed|primary_break_recent_confirmed_swing_break_continuation,none,above_75sma_flat_or_falling,above_75sma_flat_or_falling,below_75sma_falling,-1,0.00000000,0,171.81800000,false,off,NONE,NONE,0.00000000,0.00000000,0.0000,none,0.000,true,LONG,return_high_break_or_bos_up,172.40100000,6,172.53500000,172.26900000,false,off,independent,false,,,false,0.0000,none,0.0000,0.0000,none,0.0000,0.0000,0.0000,none,0.0000,0,0,0.0000,none,none,none,none,0.0000,0,0.0000,none,false,true,not_evaluated,true,required_light_or_anchor_flip,long_bias,172.11700000,2025.07.23 20:45:00,172.36100000,2025.07.23 11:30:00,2025.07.23 22:45:00,false,NONE,0.00000000,0.00000000,0.0000,-1,false,,-1,NONE,0.00000000,0.00000000,0.0000,0.0000,none,,none,false,NONE,-1,-1,-1,false,false,none,true,false,false,true,none,true,required,false,PERIOD_M5,,,-1,0.0000,false,0.00000000,0.0000,false,0.0000,false,none,none,false,no_anchor_flip_in_entry_direction,true,required_first_signal_only,LONG,unknown,0.00000000,,0.00000000,,false,,-1,false,NONE,0.00000000,,0.00000000,0.0000,0.0000,none,-1,false,false,false,no_anchor_flip_in_entry_direction,,,,false,false,false,-1,-1,-1,-1,-1,false,false,false,0.0000,rising_n,false,172.53500000,171.61000000,8.2274,false,0.0000,0.0000,0,none,true,0.9098,too_deep,0.000,diagnostic_only,diagnostic_only,diagnostic_only,shallow_pullback,9,0.240,true,none,0.390,medium_quality,false,false,diagnostic_only,both,true,none,true,diagnostic_adjacent_detected,required_light,false,true,SHORT,9,true,true,2,2025.07.24 02:20:00,2025.07.24 03:10:00,5,2.9496,172.36600000,0.00000000,172.36600000,false,false,none,0.00000000,false,0.0000,0.0000,false,1,0.0000,false,-1,0.00000000,0.0000,off,false,not_evaluated,none,0.0000,0.0000,none,false,false,false,0.0000,none,false,none,0.0000,false,none,2.7280,1.9664,1.3873,0.9832,false,no_shrink,0.0000,none,none,false,false,none,0.0000,0.0000,0.0000,0.0000,none,false,false,0.0000,0.0000,false,false,-1,none,none,false,0.000,0.000,172.23733333,172.16900000,172.23733333,recent_equal_lows,0.03533333,0.5699,neckline_level,172.16900000,0.4570,false,true,true,false,not_blocked,3,2,1,m5_failure_exit,off,none,0.00000000,0.0000,1.30,172.28300000,3.400,-0.300,0.200,PERIOD_M15,172.49300000,172.26900000,1.2991,outside,0.000,true,172.20200000,172.14000000,0.06200000,172.28300000,1.306,0.07221429,30.00,30-60,true,false,none,not_consumed,3.700,3.700,none,0.0000,false,opposite_break_first,true,opposite_break_first,spread_too_high
2025.07.24 03:40:00,blocked,session_reversal_pullback_one_symbol_first120,EURJPY,LONG,2025.07.24 03:35:00,3,0,9,tokyo,2025.07.24 00:00,35,first_120min,true,true,3,EURJPY,highest_score_in_session_bar,tokyo=USDJPY|EURJPY|GBPJPY|AUDJPY,existing_first120_gate,tokyo,false,false,true,passed_first_window,sweep_low_reclaim,sweep_reclaim_retest,172.16900000,PERIOD_M5,PERIOD_H1,PERIOD_M15,PERIOD_M5,PERIOD_M5,false,htf_soft_alignment,current_post_filter,transcript_post_filter,dow_range_or_transition,structure_trend_bias_dow_trend_up_hh_hl,dow_range_or_transition,structure_trend_bias_dow_trend_up_hh_hl,false,true,false,LONG,PERIOD_M5,sweep_low_reclaim,sweep_low_reclaim,3.400,none,0.000,sweep_low_reclaim,3.400,none,0.000,LONG,false,PERIOD_H1_NONE_dow_range_or_transition|PERIOD_M15_LONG_structure_trend_bias_dow_trend_up_hh_hl,true,h1_counter_m15_reversal,true,top_NONE_dow_range_or_transition|structure_LONG_structure_trend_bias_dow_trend_up_hh_hl|structure_break_recent_confirmed_swing_break_failed|primary_break_recent_confirmed_swing_break_continuation,none,above_75sma_flat_or_falling,above_75sma_flat_or_falling,below_75sma_falling,-1,0.00000000,0,171.81800000,false,off,NONE,NONE,0.00000000,0.00000000,0.0000,none,0.000,true,LONG,return_high_break_or_bos_up,172.40100000,6,172.53500000,172.26900000,false,off,independent,false,,,false,0.0000,none,0.0000,0.0000,none,0.0000,0.0000,0.0000,none,0.0000,0,0,0.0000,none,none,none,none,0.0000,0,0.0000,none,false,true,not_evaluated,true,required_light_or_anchor_flip,long_bias,172.11700000,2025.07.23 20:45:00,172.36100000,2025.07.23 11:30:00,2025.07.23 22:45:00,false,NONE,0.00000000,0.00000000,0.0000,-1,false,,-1,NONE,0.00000000,0.00000000,0.0000,0.0000,none,,none,false,NONE,-1,-1,-1,false,false,none,true,false,false,true,none,true,required,false,PERIOD_M5,,,-1,0.0000,false,0.00000000,0.0000,false,0.0000,false,none,none,false,no_anchor_flip_in_entry_direction,true,required_first_signal_only,LONG,unknown,0.00000000,,0.00000000,,false,,-1,false,NONE,0.00000000,,0.00000000,0.0000,0.0000,none,-1,false,false,false,no_anchor_flip_in_entry_direction,,,,false,false,false,-1,-1,-1,-1,-1,false,false,false,0.0000,rising_n,false,172.53500000,171.61000000,8.2274,false,0.0000,0.0000,0,none,true,0.9098,too_deep,0.000,diagnostic_only,diagnostic_only,diagnostic_only,shallow_pullback,9,0.240,true,none,0.390,medium_quality,false,false,diagnostic_only,both,true,none,true,diagnostic_adjacent_detected,required_light,false,true,SHORT,9,true,true,2,2025.07.24 02:20:00,2025.07.24 03:10:00,5,2.9496,172.36600000,0.00000000,172.36600000,false,false,none,0.00000000,false,0.0000,0.0000,false,1,0.0000,false,-1,0.00000000,0.0000,off,false,not_evaluated,none,0.0000,0.0000,none,false,false,false,0.0000,none,false,none,0.0000,false,none,2.7280,1.9664,1.3873,0.9832,false,no_shrink,0.0000,none,none,false,false,none,0.0000,0.0000,0.0000,0.0000,none,false,false,0.0000,0.0000,false,false,-1,none,none,false,0.000,0.000,172.23733333,172.16900000,172.23733333,recent_equal_lows,0.03533333,0.5699,neckline_level,172.16900000,0.4570,false,true,true,false,not_blocked,3,2,1,m5_failure_exit,off,none,0.00000000,0.0000,1.30,172.28300000,3.400,-0.300,0.200,PERIOD_M15,172.49300000,172.26900000,1.2991,outside,0.000,true,172.20200000,172.14000000,0.06200000,172.28300000,1.306,0.07221429,30.00,30-60,true,false,none,blocked_spread_too_high,3.700,3.700,none,0.0000,false,opposite_break_first,true,opposite_break_first,spread_too_high
2025.07.24 10:20:00,signal,session_reversal_pullback_one_symbol_first120,EURUSD,LONG,2025.07.24 10:15:00,10,7,16,london,2025.07.24 07:00,15,first_120min,true,true,3,EURUSD,highest_score_in_session_bar,london=USDJPY|EURJPY|GBPJPY|AUDJPY|EURUSD|GBPUSD,existing_first120_gate,london,false,false,true,passed_first_window,double_bottom,neckline_break_retest,1.17635000,PERIOD_M5,PERIOD_H1,PERIOD_M15,PERIOD_M5,PERIOD_M5,false,htf_soft_alignment,current_post_filter,transcript_post_filter,dow_trend_down_ll_lh,structure_trend_bias_dow_trend_up_hh_hl,dow_trend_down_ll_lh,structure_trend_bias_dow_trend_up_hh_hl,false,true,true,LONG,PERIOD_M5,double_bottom,double_bottom,4.200,none,0.000,double_bottom,4.200,none,0.000,LONG,false,PERIOD_H1_SHORT_dow_trend_down_ll_lh|PERIOD_M15_LONG_structure_trend_bias_dow_trend_up_hh_hl,true,h1_counter_m15_reversal,true,top_SHORT_dow_trend_down_ll_lh|structure_LONG_structure_trend_bias_dow_trend_up_hh_hl|structure_break_recent_confirmed_swing_break_failed|primary_break_no_recent_confirmed_swing_break,none,above_75sma_rising,above_75sma_rising,below_75sma_falling,-1,0.00000000,-1,0.00000000,false,off,NONE,NONE,0.00000000,0.00000000,0.0000,none,0.000,true,LONG,return_high_break_or_bos_up,1.17780000,14,1.17789000,1.17720000,false,off,independent,false,,,false,0.0000,none,0.0000,0.0000,none,0.0000,0.0000,0.0000,none,0.0000,0,0,0.0000,none,none,none,none,0.0000,0,0.0000,none,false,true,not_evaluated,true,required_light_or_anchor_flip,bias_flip_down,1.17611000,2025.07.24 03:30:00,1.17780000,2025.07.24 02:15:00,2025.07.24 04:30:00,true,SHORT,1.17611000,1.17561000,1.0043,1,true,2025.07.24 09:45:00,1,SHORT,1.17611000,1.17561000,1.0043,1.3056,normal,2025.07.24 09:45:00,first_after_anchor,true,SHORT,1,1,1,true,false,fresh_0_4,false,true,false,true,none,true,required,false,PERIOD_M5,,,-1,0.0000,false,0.00000000,0.0000,false,0.0000,false,none,none,false,no_anchor_flip_in_entry_direction,true,required_first_signal_only,LONG,unknown,0.00000000,,0.00000000,,false,,-1,false,NONE,0.00000000,,0.00000000,0.0000,0.0000,none,-1,false,false,false,no_anchor_flip_in_entry_direction,,,,false,false,false,-1,-1,-1,-1,-1,false,false,false,0.0000,rising_n,false,1.17789000,1.17611000,3.5753,true,1.3056,0.3500,0,normal,true,0.4914,preferred_382_618,0.200,diagnostic_only,diagnostic_only,diagnostic_only,deep_pullback,12,0.490,true,none,0.640,high_quality,false,false,diagnostic_only,both,true,none,true,diagnostic_adjacent_detected,required_light,false,false,SHORT,1,false,false,0,,,-1,0.0000,0.00000000,0.00000000,0.00000000,false,false,none,0.00000000,false,0.0000,0.0000,false,1,0.0000,false,-1,0.00000000,0.0000,off,false,not_evaluated,none,0.0000,0.0000,none,false,false,false,0.0000,none,false,none,0.0000,false,none,0.0000,0.0000,0.0000,0.0000,false,none,0.0000,none,none,false,false,none,0.0000,0.0000,0.0000,0.0000,none,false,false,0.0000,0.0000,false,false,-1,none,none,false,0.000,0.000,1.17689000,1.17668000,1.17689000,consolidation_zone,0.00010000,0.0943,session_high|opening_range_high|neckline_level,1.17668000,0.2906,false,true,true,false,not_blocked,7,5,2,m5_failure_exit,off,none,0.00000000,0.0000,1.30,1.17817000,4.200,-0.300,0.200,PERIOD_M15,1.17789000,1.17720000,1.5942,outside,0.000,true,1.17679000,1.17573000,0.00106000,1.17817000,1.302,0.00037857,18.00,0-30,true,false,none,not_consumed,4.300,4.300,none,0.0000,false,neckline_retest_failed,false,not_invalidated,spread_too_high
2025.07.24 10:20:00,blocked,session_reversal_pullback_one_symbol_first120,EURUSD,LONG,2025.07.24 10:15:00,10,7,16,london,2025.07.24 07:00,15,first_120min,true,true,3,EURUSD,highest_score_in_session_bar,london=USDJPY|EURJPY|GBPJPY|AUDJPY|EURUSD|GBPUSD,existing_first120_gate,london,false,false,true,passed_first_window,double_bottom,neckline_break_retest,1.17635000,PERIOD_M5,PERIOD_H1,PERIOD_M15,PERIOD_M5,PERIOD_M5,false,htf_soft_alignment,current_post_filter,transcript_post_filter,dow_trend_down_ll_lh,structure_trend_bias_dow_trend_up_hh_hl,dow_trend_down_ll_lh,structure_trend_bias_dow_trend_up_hh_hl,false,true,true,LONG,PERIOD_M5,double_bottom,double_bottom,4.200,none,0.000,double_bottom,4.200,none,0.000,LONG,false,PERIOD_H1_SHORT_dow_trend_down_ll_lh|PERIOD_M15_LONG_structure_trend_bias_dow_trend_up_hh_hl,true,h1_counter_m15_reversal,true,top_SHORT_dow_trend_down_ll_lh|structure_LONG_structure_trend_bias_dow_trend_up_hh_hl|structure_break_recent_confirmed_swing_break_failed|primary_break_no_recent_confirmed_swing_break,none,above_75sma_rising,above_75sma_rising,below_75sma_falling,-1,0.00000000,-1,0.00000000,false,off,NONE,NONE,0.00000000,0.00000000,0.0000,none,0.000,true,LONG,return_high_break_or_bos_up,1.17780000,14,1.17789000,1.17720000,false,off,independent,false,,,false,0.0000,none,0.0000,0.0000,none,0.0000,0.0000,0.0000,none,0.0000,0,0,0.0000,none,none,none,none,0.0000,0,0.0000,none,false,true,not_evaluated,true,required_light_or_anchor_flip,bias_flip_down,1.17611000,2025.07.24 03:30:00,1.17780000,2025.07.24 02:15:00,2025.07.24 04:30:00,true,SHORT,1.17611000,1.17561000,1.0043,1,true,2025.07.24 09:45:00,1,SHORT,1.17611000,1.17561000,1.0043,1.3056,normal,2025.07.24 09:45:00,first_after_anchor,true,SHORT,1,1,1,true,false,fresh_0_4,false,true,false,true,none,true,required,false,PERIOD_M5,,,-1,0.0000,false,0.00000000,0.0000,false,0.0000,false,none,none,false,no_anchor_flip_in_entry_direction,true,required_first_signal_only,LONG,unknown,0.00000000,,0.00000000,,false,,-1,false,NONE,0.00000000,,0.00000000,0.0000,0.0000,none,-1,false,false,false,no_anchor_flip_in_entry_direction,,,,false,false,false,-1,-1,-1,-1,-1,false,false,false,0.0000,rising_n,false,1.17789000,1.17611000,3.5753,true,1.3056,0.3500,0,normal,true,0.4914,preferred_382_618,0.200,diagnostic_only,diagnostic_only,diagnostic_only,deep_pullback,12,0.490,true,none,0.640,high_quality,false,false,diagnostic_only,both,true,none,true,diagnostic_adjacent_detected,required_light,false,false,SHORT,1,false,false,0,,,-1,0.0000,0.00000000,0.00000000,0.00000000,false,false,none,0.00000000,false,0.0000,0.0000,false,1,0.0000,false,-1,0.00000000,0.0000,off,false,not_evaluated,none,0.0000,0.0000,none,false,false,false,0.0000,none,false,none,0.0000,false,none,0.0000,0.0000,0.0000,0.0000,false,none,0.0000,none,none,false,false,none,0.0000,0.0000,0.0000,0.0000,none,false,false,0.0000,0.0000,false,false,-1,none,none,false,0.000,0.000,1.17689000,1.17668000,1.17689000,consolidation_zone,0.00010000,0.0943,session_high|opening_range_high|neckline_level,1.17668000,0.2906,false,true,true,false,not_blocked,7,5,2,m5_failure_exit,off,none,0.00000000,0.0000,1.30,1.17817000,4.200,-0.300,0.200,PERIOD_M15,1.17789000,1.17720000,1.5942,outside,0.000,true,1.17679000,1.17573000,0.00106000,1.17817000,1.302,0.00037857,18.00,0-30,true,false,none,blocked_spread_too_high,4.300,4.300,none,0.0000,false,neckline_retest_failed,false,not_invalidated,spread_too_high
2025.07.24 17:20:00,signal,session_reversal_pullback_one_symbol_first120,AUDJPY,SHORT,2025.07.24 17:15:00,17,14,23,london_newyork_overlap,2025.07.24 13:00,75,first_120min,false,true,3,AUDJPY,highest_score_in_session_bar,london_newyork_overlap=USDJPY|EURJPY|GBPJPY|AUDJPY|EURUSD|GBPUSD,existing_first120_gate,london_newyork_overlap,true,false,true,passed_first_window,head_and_shoulders,neckline_break_retest,96.90100000,PERIOD_M5,PERIOD_H1,PERIOD_M15,PERIOD_M5,PERIOD_M5,false,htf_soft_alignment,current_post_filter,transcript_post_filter,dow_trend_up_hh_hl,no_ordered_dow_wave3_break,dow_trend_up_hh_hl,no_ordered_dow_wave3_break,false,false,true,SHORT,PERIOD_M5,head_and_shoulders,head_and_shoulders,4.500,none,0.000,head_and_shoulders,4.500,none,0.000,SHORT,true,PERIOD_H1_LONG_dow_trend_up_hh_hl|PERIOD_M15_NONE_no_ordered_dow_wave3_break,true,h1_counter_m15_reversal,true,top_LONG_dow_trend_up_hh_hl|structure_NONE_no_ordered_dow_wave3_break|structure_break_recent_confirmed_swing_break_retest|primary_break_recent_confirmed_swing_break_continuation,none,above_75sma_rising,above_75sma_rising,below_75sma_flat_or_rising,1,96.81400000,0,96.93400000,false,off,NONE,NONE,0.00000000,0.00000000,0.0000,none,0.000,true,SHORT,return_low_break_or_bos_down,96.81400000,1,97.02800000,96.81400000,false,off,independent,false,,,false,0.0000,none,0.0000,0.0000,none,0.0000,0.0000,0.0000,none,0.0000,0,0,0.0000,none,none,none,none,0.0000,0,0.0000,none,false,true,not_evaluated,true,required_light_or_anchor_flip,long_bias,96.66200000,2025.07.24 10:15:00,96.67000000,2025.07.24 03:45:00,2025.07.24 11:45:00,false,NONE,0.00000000,0.00000000,0.0000,-1,false,,-1,NONE,0.00000000,0.00000000,0.0000,0.0000,none,,none,false,NONE,-1,-1,-1,false,false,none,false,true,false,true,none,true,required,false,PERIOD_M5,,,-1,0.0000,false,0.00000000,0.0000,false,0.0000,false,none,none,false,no_anchor_flip_in_entry_direction,true,required_first_signal_only,SHORT,unknown,0.00000000,,0.00000000,,false,,-1,false,NONE,0.00000000,,0.00000000,0.0000,0.0000,none,-1,false,false,false,no_anchor_flip_in_entry_direction,,,,false,false,false,-1,-1,-1,-1,-1,false,false,false,0.0000,range_n,true,97.02800000,96.52000000,6.4713,false,0.0000,0.0000,0,none,true,0.4817,preferred_382_618,0.200,diagnostic_only,diagnostic_only,diagnostic_only,shallow_pullback,6,0.440,true,none,0.590,high_quality,false,false,diagnostic_only,both,true,none,true,diagnostic_adjacent_detected,required_light,false,false,LONG,5,false,false,1,2025.07.24 14:50:00,2025.07.24 16:15:00,12,2.7337,0.00000000,96.93400000,96.93400000,true,true,m5_hl_close_break_down,96.93400000,true,0.0828,0.3479,true,1,0.0000,false,10,96.93400000,0.2651,off,false,not_evaluated,none,0.8286,0.1714,normal,true,false,false,0.0000,held_clean,true,favorable_side,0.2095,true,clean_retest,1.3089,2.7337,0.4788,0.0000,true,strong_exhaustion,0.0000,none,none,false,false,none,0.0000,0.0000,0.0000,0.0000,none,false,false,0.0000,0.0000,false,false,-1,none,none,false,0.000,0.000,96.88100000,96.84500000,96.84500000,opening_range_low,0.02700000,0.1776,neckline_level,96.90100000,0.4805,false,true,true,false,not_blocked,8,5,3,m5_failure_exit,off,none,0.00000000,0.0000,1.30,96.67500000,4.500,-0.300,0.200,PERIOD_M15,97.02800000,96.81400000,0.2710,outside,0.000,true,96.87200000,97.02400000,0.15200000,96.67500000,1.296,0.06035714,28.00,60-90,true,false,none,not_consumed,5.150,5.150,none,0.0000,false,opposite_break_first,true,opposite_break_first,spread_too_high
2025.07.24 17:20:00,blocked,session_reversal_pullback_one_symbol_first120,AUDJPY,SHORT,2025.07.24 17:15:00,17,14,23,london_newyork_overlap,2025.07.24 13:00,75,first_120min,false,true,3,AUDJPY,highest_score_in_session_bar,london_newyork_overlap=USDJPY|EURJPY|GBPJPY|AUDJPY|EURUSD|GBPUSD,existing_first120_gate,london_newyork_overlap,true,false,true,passed_first_window,head_and_shoulders,neckline_break_retest,96.90100000,PERIOD_M5,PERIOD_H1,PERIOD_M15,PERIOD_M5,PERIOD_M5,false,htf_soft_alignment,current_post_filter,transcript_post_filter,dow_trend_up_hh_hl,no_ordered_dow_wave3_break,dow_trend_up_hh_hl,no_ordered_dow_wave3_break,false,false,true,SHORT,PERIOD_M5,head_and_shoulders,head_and_shoulders,4.500,none,0.000,head_and_shoulders,4.500,none,0.000,SHORT,true,PERIOD_H1_LONG_dow_trend_up_hh_hl|PERIOD_M15_NONE_no_ordered_dow_wave3_break,true,h1_counter_m15_reversal,true,top_LONG_dow_trend_up_hh_hl|structure_NONE_no_ordered_dow_wave3_break|structure_break_recent_confirmed_swing_break_retest|primary_break_recent_confirmed_swing_break_continuation,none,above_75sma_rising,above_75sma_rising,below_75sma_flat_or_rising,1,96.81400000,0,96.93400000,false,off,NONE,NONE,0.00000000,0.00000000,0.0000,none,0.000,true,SHORT,return_low_break_or_bos_down,96.81400000,1,97.02800000,96.81400000,false,off,independent,false,,,false,0.0000,none,0.0000,0.0000,none,0.0000,0.0000,0.0000,none,0.0000,0,0,0.0000,none,none,none,none,0.0000,0,0.0000,none,false,true,not_evaluated,true,required_light_or_anchor_flip,long_bias,96.66200000,2025.07.24 10:15:00,96.67000000,2025.07.24 03:45:00,2025.07.24 11:45:00,false,NONE,0.00000000,0.00000000,0.0000,-1,false,,-1,NONE,0.00000000,0.00000000,0.0000,0.0000,none,,none,false,NONE,-1,-1,-1,false,false,none,false,true,false,true,none,true,required,false,PERIOD_M5,,,-1,0.0000,false,0.00000000,0.0000,false,0.0000,false,none,none,false,no_anchor_flip_in_entry_direction,true,required_first_signal_only,SHORT,unknown,0.00000000,,0.00000000,,false,,-1,false,NONE,0.00000000,,0.00000000,0.0000,0.0000,none,-1,false,false,false,no_anchor_flip_in_entry_direction,,,,false,false,false,-1,-1,-1,-1,-1,false,false,false,0.0000,range_n,true,97.02800000,96.52000000,6.4713,false,0.0000,0.0000,0,none,true,0.4817,preferred_382_618,0.200,diagnostic_only,diagnostic_only,diagnostic_only,shallow_pullback,6,0.440,true,none,0.590,high_quality,false,false,diagnostic_only,both,true,none,true,diagnostic_adjacent_detected,required_light,false,false,LONG,5,false,false,1,2025.07.24 14:50:00,2025.07.24 16:15:00,12,2.7337,0.00000000,96.93400000,96.93400000,true,true,m5_hl_close_break_down,96.93400000,true,0.0828,0.3479,true,1,0.0000,false,10,96.93400000,0.2651,off,false,not_evaluated,none,0.8286,0.1714,normal,true,false,false,0.0000,held_clean,true,favorable_side,0.2095,true,clean_retest,1.3089,2.7337,0.4788,0.0000,true,strong_exhaustion,0.0000,none,none,false,false,none,0.0000,0.0000,0.0000,0.0000,none,false,false,0.0000,0.0000,false,false,-1,none,none,false,0.000,0.000,96.88100000,96.84500000,96.84500000,opening_range_low,0.02700000,0.1776,neckline_level,96.90100000,0.4805,false,true,true,false,not_blocked,8,5,3,m5_failure_exit,off,none,0.00000000,0.0000,1.30,96.67500000,4.500,-0.300,0.200,PERIOD_M15,97.02800000,96.81400000,0.2710,outside,0.000,true,96.87200000,97.02400000,0.15200000,96.67500000,1.296,0.06035714,28.00,60-90,true,false,none,blocked_spread_too_high,5.150,5.150,none,0.0000,false,opposite_break_first,true,opposite_break_first,spread_too_high
2025.07.24 19:15:01,signal,session_reversal_pullback_one_symbol_first120,EURUSD,SHORT,2025.07.24 19:10:00,19,16,1,new_york,2025.07.24 16:00,10,first_120min,true,true,3,EURUSD,highest_score_in_session_bar,new_york=USDJPY|EURJPY|GBPJPY|AUDJPY|EURUSD|GBPUSD,existing_first120_gate,new_york,false,false,true,passed_first_window,double_top,neckline_break_retest,1.17715000,PERIOD_M5,PERIOD_H1,PERIOD_M15,PERIOD_M5,PERIOD_M5,false,htf_soft_alignment,current_post_filter,transcript_post_filter,dow_range_or_transition,no_ordered_dow_wave3_break,dow_range_or_transition,no_ordered_dow_wave3_break,false,false,true,SHORT,PERIOD_M5,double_top,double_top,4.200,none,0.000,double_top,4.200,none,0.000,SHORT,false,PERIOD_H1_NONE_dow_range_or_transition|PERIOD_M15_NONE_no_ordered_dow_wave3_break,true,h1_counter_m15_reversal,true,top_NONE_dow_range_or_transition|structure_NONE_no_ordered_dow_wave3_break|structure_break_recent_confirmed_swing_break_failed|primary_break_recent_confirmed_swing_break_retest,none,above_75sma_rising,below_75sma_falling,above_75sma_rising,-1,0.00000000,3,1.17646000,false,off,NONE,NONE,0.00000000,0.00000000,0.0000,none,0.000,true,SHORT,return_low_break_or_bos_down,1.17425000,13,1.17879000,1.17296000,false,off,independent,false,,,false,0.0000,none,0.0000,0.0000,none,0.0000,0.0000,0.0000,none,0.0000,0,0,0.0000,none,none,none,none,0.0000,0,0.0000,none,false,true,not_evaluated,true,required_light_or_anchor_flip,long_bias,1.17296000,2025.07.24 16:00:00,1.17580000,2025.07.24 15:00:00,2025.07.24 17:15:00,false,NONE,0.00000000,0.00000000,0.0000,-1,false,,-1,NONE,0.00000000,0.00000000,0.0000,0.0000,none,,none,false,NONE,-1,-1,-1,false,false,none,false,true,false,true,none,true,required,false,PERIOD_M5,,,-1,0.0000,false,0.00000000,0.0000,false,0.0000,false,none,none,false,no_anchor_flip_in_entry_direction,true,required_first_signal_only,SHORT,unknown,0.00000000,,0.00000000,,false,,-1,false,NONE,0.00000000,,0.00000000,0.0000,0.0000,none,-1,false,false,false,no_anchor_flip_in_entry_direction,,,,false,false,false,-1,-1,-1,-1,-1,false,false,false,0.0000,rising_n,false,1.17879000,1.17296000,3.5272,false,0.0000,0.0000,0,none,true,0.6021,preferred_382_618,0.200,diagnostic_only,diagnostic_only,diagnostic_only,deep_pullback,7,0.490,true,none,0.640,high_quality,false,false,diagnostic_only,both,true,none,true,diagnostic_adjacent_detected,required_light,false,false,LONG,8,false,false,1,2025.07.24 17:50:00,2025.07.24 18:35:00,7,3.7630,0.00000000,1.17630000,1.17630000,false,false,none,0.00000000,false,0.0000,0.0000,false,1,0.0000,false,-1,0.00000000,0.0000,off,false,not_evaluated,none,0.0000,0.0000,none,false,false,false,0.0000,none,false,none,0.0000,false,none,2.1630,3.7630,0.5748,0.0000,true,strong_exhaustion,0.0000,none,none,false,false,none,0.0000,0.0000,0.0000,0.0000,none,false,false,0.0000,0.0000,false,false,-1,none,none,false,0.000,0.000,1.17683500,1.17622824,1.17622824,recent_equal_lows,0.00024176,0.1483,neckline_level,1.17715000,1.0074,false,true,true,false,not_blocked,7,5,2,m5_failure_exit,off,none,0.00000000,0.0000,1.30,1.17435000,4.200,-0.300,0.200,PERIOD_M15,1.17879000,1.17296000,0.6021,preferred_382_618,0.000,true,1.17647000,1.17810000,0.00163000,1.17435000,1.301,0.00067500,18.00,0-30,true,false,none,not_consumed,4.500,4.500,none,0.0000,false,opposite_break_first,true,opposite_break_first,spread_too_high
2025.07.24 19:15:01,blocked,session_reversal_pullback_one_symbol_first120,EURUSD,SHORT,2025.07.24 19:10:00,19,16,1,new_york,2025.07.24 16:00,10,first_120min,true,true,3,EURUSD,highest_score_in_session_bar,new_york=USDJPY|EURJPY|GBPJPY|AUDJPY|EURUSD|GBPUSD,existing_first120_gate,new_york,false,false,true,passed_first_window,double_top,neckline_break_retest,1.17715000,PERIOD_M5,PERIOD_H1,PERIOD_M15,PERIOD_M5,PERIOD_M5,false,htf_soft_alignment,current_post_filter,transcript_post_filter,dow_range_or_transition,no_ordered_dow_wave3_break,dow_range_or_transition,no_ordered_dow_wave3_break,false,false,true,SHORT,PERIOD_M5,double_top,double_top,4.200,none,0.000,double_top,4.200,none,0.000,SHORT,false,PERIOD_H1_NONE_dow_range_or_transition|PERIOD_M15_NONE_no_ordered_dow_wave3_break,true,h1_counter_m15_reversal,true,top_NONE_dow_range_or_transition|structure_NONE_no_ordered_dow_wave3_break|structure_break_recent_confirmed_swing_break_failed|primary_break_recent_confirmed_swing_break_retest,none,above_75sma_rising,below_75sma_falling,above_75sma_rising,-1,0.00000000,3,1.17646000,false,off,NONE,NONE,0.00000000,0.00000000,0.0000,none,0.000,true,SHORT,return_low_break_or_bos_down,1.17425000,13,1.17879000,1.17296000,false,off,independent,false,,,false,0.0000,none,0.0000,0.0000,none,0.0000,0.0000,0.0000,none,0.0000,0,0,0.0000,none,none,none,none,0.0000,0,0.0000,none,false,true,not_evaluated,true,required_light_or_anchor_flip,long_bias,1.17296000,2025.07.24 16:00:00,1.17580000,2025.07.24 15:00:00,2025.07.24 17:15:00,false,NONE,0.00000000,0.00000000,0.0000,-1,false,,-1,NONE,0.00000000,0.00000000,0.0000,0.0000,none,,none,false,NONE,-1,-1,-1,false,false,none,false,true,false,true,none,true,required,false,PERIOD_M5,,,-1,0.0000,false,0.00000000,0.0000,false,0.0000,false,none,none,false,no_anchor_flip_in_entry_direction,true,required_first_signal_only,SHORT,unknown,0.00000000,,0.00000000,,false,,-1,false,NONE,0.00000000,,0.00000000,0.0000,0.0000,none,-1,false,false,false,no_anchor_flip_in_entry_direction,,,,false,false,false,-1,-1,-1,-1,-1,false,false,false,0.0000,rising_n,false,1.17879000,1.17296000,3.5272,false,0.0000,0.0000,0,none,true,0.6021,preferred_382_618,0.200,diagnostic_only,diagnostic_only,diagnostic_only,deep_pullback,7,0.490,true,none,0.640,high_quality,false,false,diagnostic_only,both,true,none,true,diagnostic_adjacent_detected,required_light,false,false,LONG,8,false,false,1,2025.07.24 17:50:00,2025.07.24 18:35:00,7,3.7630,0.00000000,1.17630000,1.17630000,false,false,none,0.00000000,false,0.0000,0.0000,false,1,0.0000,false,-1,0.00000000,0.0000,off,false,not_evaluated,none,0.0000,0.0000,none,false,false,false,0.0000,none,false,none,0.0000,false,none,2.1630,3.7630,0.5748,0.0000,true,strong_exhaustion,0.0000,none,none,false,false,none,0.0000,0.0000,0.0000,0.0000,none,false,false,0.0000,0.0000,false,false,-1,none,none,false,0.000,0.000,1.17683500,1.17622824,1.17622824,recent_equal_lows,0.00024176,0.1483,neckline_level,1.17715000,1.0074,false,true,true,false,not_blocked,7,5,2,m5_failure_exit,off,none,0.00000000,0.0000,1.30,1.17435000,4.200,-0.300,0.200,PERIOD_M15,1.17879000,1.17296000,0.6021,preferred_382_618,0.000,true,1.17647000,1.17810000,0.00163000,1.17435000,1.301,0.00067500,18.00,0-30,true,false,none,blocked_spread_too_high,4.500,4.500,none,0.0000,false,opposite_break_first,true,opposite_break_first,spread_too_high
2025.07.25 03:35:00,signal,session_reversal_pullback_one_symbol_first120,GBPJPY,LONG,2025.07.25 03:30:00,3,0,9,tokyo,2025.07.25 00:00,30,first_120min,true,true,3,GBPJPY,highest_score_in_session_bar,tokyo=USDJPY|EURJPY|GBPJPY|AUDJPY,existing_first120_gate,tokyo,true,false,true,passed_first_window,inverse_head_and_shoulders,neckline_break_retest,198.67300000,PERIOD_M5,PERIOD_H1,PERIOD_M15,PERIOD_M5,PERIOD_M5,false,htf_soft_alignment,current_post_filter,transcript_post_filter,dow_range_or_transition,structure_trend_bias_dow_trend_up_hh_hl,dow_range_or_transition,structure_trend_bias_dow_trend_up_hh_hl,false,true,true,LONG,PERIOD_M5,inverse_head_and_shoulders,inverse_head_and_shoulders,4.500,none,0.000,inverse_head_and_shoulders,4.500,none,0.000,LONG,false,PERIOD_H1_NONE_dow_range_or_transition|PERIOD_M15_LONG_structure_trend_bias_dow_trend_up_hh_hl,true,h1_counter_m15_reversal,true,top_NONE_dow_range_or_transition|structure_LONG_structure_trend_bias_dow_trend_up_hh_hl|structure_break_recent_confirmed_swing_break_failed|primary_break_recent_confirmed_swing_break_retest,none,above_75sma_flat_or_falling,above_75sma_rising,above_75sma_rising,-1,0.00000000,1,198.67300000,false,off,NONE,NONE,0.00000000,0.00000000,0.0000,none,0.000,true,LONG,return_high_break_or_bos_up,198.80900000,1,198.80900000,198.50700000,false,off,independent,false,,,false,0.0000,none,0.0000,0.0000,none,0.0000,0.0000,0.0000,none,0.0000,0,0,0.0000,none,none,none,none,0.0000,0,0.0000,none,false,true,not_evaluated,true,required_light_or_anchor_flip,long_bias,198.41000000,2025.07.24 23:00:00,198.83200000,2025.07.24 18:00:00,2025.07.25 01:00:00,false,NONE,0.00000000,0.00000000,0.0000,-1,false,,-1,NONE,0.00000000,0.00000000,0.0000,0.0000,none,,none,false,NONE,-1,-1,-1,false,false,none,true,false,false,true,none,true,required,false,PERIOD_M5,,,-1,0.0000,false,0.00000000,0.0000,false,0.0000,false,none,none,false,no_anchor_flip_in_entry_direction,true,required_first_signal_only,LONG,unknown,0.00000000,,0.00000000,,false,,-1,false,NONE,0.00000000,,0.00000000,0.0000,0.0000,none,-1,false,false,false,no_anchor_flip_in_entry_direction,,,,false,false,false,-1,-1,-1,-1,-1,false,false,false,0.0000,rising_n,false,198.83200000,198.27300000,4.3024,false,0.0000,0.0000,0,none,true,0.3406,shallow_236_382,0.080,diagnostic_only,diagnostic_only,diagnostic_only,shallow_pullback,4,0.320,true,none,0.470,high_quality,false,false,diagnostic_only,both,true,none,true,diagnostic_adjacent_detected,required_light,false,false,SHORT,5,false,false,0,2025.07.25 02:15:00,2025.07.25 03:10:00,4,3.8997,198.86800000,0.00000000,198.86800000,false,false,none,0.00000000,false,0.0000,0.0000,false,1,0.0000,false,-1,0.00000000,0.0000,off,false,not_evaluated,none,0.0000,0.0000,none,false,false,false,0.0000,none,false,none,0.0000,false,none,3.5540,1.7932,1.9819,0.0000,true,strong_exhaustion,0.0000,none,none,false,false,none,0.0000,0.0000,0.0000,0.0000,none,false,false,0.0000,0.0000,false,false,-1,none,none,false,0.000,0.000,198.73600000,198.70800000,198.73600000,recent_rejection_zone,0.02400000,0.1231,neckline_level,198.67300000,0.4213,false,true,true,false,not_blocked,8,5,3,m5_failure_exit,off,none,0.00000000,0.0000,1.30,198.96500000,4.500,-0.300,0.200,PERIOD_M15,198.80900000,198.50700000,0.3212,outside,0.000,true,198.71200000,198.51700000,0.19500000,198.96500000,1.297,0.09257143,38.00,30-60,true,false,none,not_consumed,4.800,4.800,none,0.0000,false,neckline_retest_failed,false,not_invalidated,spread_too_high
2025.07.25 03:35:00,blocked,session_reversal_pullback_one_symbol_first120,GBPJPY,LONG,2025.07.25 03:30:00,3,0,9,tokyo,2025.07.25 00:00,30,first_120min,true,true,3,GBPJPY,highest_score_in_session_bar,tokyo=USDJPY|EURJPY|GBPJPY|AUDJPY,existing_first120_gate,tokyo,true,false,true,passed_first_window,inverse_head_and_shoulders,neckline_break_retest,198.67300000,PERIOD_M5,PERIOD_H1,PERIOD_M15,PERIOD_M5,PERIOD_M5,false,htf_soft_alignment,current_post_filter,transcript_post_filter,dow_range_or_transition,structure_trend_bias_dow_trend_up_hh_hl,dow_range_or_transition,structure_trend_bias_dow_trend_up_hh_hl,false,true,true,LONG,PERIOD_M5,inverse_head_and_shoulders,inverse_head_and_shoulders,4.500,none,0.000,inverse_head_and_shoulders,4.500,none,0.000,LONG,false,PERIOD_H1_NONE_dow_range_or_transition|PERIOD_M15_LONG_structure_trend_bias_dow_trend_up_hh_hl,true,h1_counter_m15_reversal,true,top_NONE_dow_range_or_transition|structure_LONG_structure_trend_bias_dow_trend_up_hh_hl|structure_break_recent_confirmed_swing_break_failed|primary_break_recent_confirmed_swing_break_retest,none,above_75sma_flat_or_falling,above_75sma_rising,above_75sma_rising,-1,0.00000000,1,198.67300000,false,off,NONE,NONE,0.00000000,0.00000000,0.0000,none,0.000,true,LONG,return_high_break_or_bos_up,198.80900000,1,198.80900000,198.50700000,false,off,independent,false,,,false,0.0000,none,0.0000,0.0000,none,0.0000,0.0000,0.0000,none,0.0000,0,0,0.0000,none,none,none,none,0.0000,0,0.0000,none,false,true,not_evaluated,true,required_light_or_anchor_flip,long_bias,198.41000000,2025.07.24 23:00:00,198.83200000,2025.07.24 18:00:00,2025.07.25 01:00:00,false,NONE,0.00000000,0.00000000,0.0000,-1,false,,-1,NONE,0.00000000,0.00000000,0.0000,0.0000,none,,none,false,NONE,-1,-1,-1,false,false,none,true,false,false,true,none,true,required,false,PERIOD_M5,,,-1,0.0000,false,0.00000000,0.0000,false,0.0000,false,none,none,false,no_anchor_flip_in_entry_direction,true,required_first_signal_only,LONG,unknown,0.00000000,,0.00000000,,false,,-1,false,NONE,0.00000000,,0.00000000,0.0000,0.0000,none,-1,false,false,false,no_anchor_flip_in_entry_direction,,,,false,false,false,-1,-1,-1,-1,-1,false,false,false,0.0000,rising_n,false,198.83200000,198.27300000,4.3024,false,0.0000,0.0000,0,none,true,0.3406,shallow_236_382,0.080,diagnostic_only,diagnostic_only,diagnostic_only,shallow_pullback,4,0.320,true,none,0.470,high_quality,false,false,diagnostic_only,both,true,none,true,diagnostic_adjacent_detected,required_light,false,false,SHORT,5,false,false,0,2025.07.25 02:15:00,2025.07.25 03:10:00,4,3.8997,198.86800000,0.00000000,198.86800000,false,false,none,0.00000000,false,0.0000,0.0000,false,1,0.0000,false,-1,0.00000000,0.0000,off,false,not_evaluated,none,0.0000,0.0000,none,false,false,false,0.0000,none,false,none,0.0000,false,none,3.5540,1.7932,1.9819,0.0000,true,strong_exhaustion,0.0000,none,none,false,false,none,0.0000,0.0000,0.0000,0.0000,none,false,false,0.0000,0.0000,false,false,-1,none,none,false,0.000,0.000,198.73600000,198.70800000,198.73600000,recent_rejection_zone,0.02400000,0.1231,neckline_level,198.67300000,0.4213,false,true,true,false,not_blocked,8,5,3,m5_failure_exit,off,none,0.00000000,0.0000,1.30,198.96500000,4.500,-0.300,0.200,PERIOD_M15,198.80900000,198.50700000,0.3212,outside,0.000,true,198.71200000,198.51700000,0.19500000,198.96500000,1.297,0.09257143,38.00,30-60,true,false,none,blocked_spread_too_high,4.800,4.800,none,0.0000,false,neckline_retest_failed,false,not_invalidated,spread_too_high
2025.07.25 10:05:00,signal,session_reversal_pullback_one_symbol_first120,USDJPY,LONG,2025.07.25 10:00:00,10,7,16,london,2025.07.25 07:00,0,first_120min,true,true,3,USDJPY,highest_score_in_session_bar,london=USDJPY|EURJPY|GBPJPY|AUDJPY|EURUSD|GBPUSD,existing_first120_gate,london,false,false,true,passed_first_window,double_bottom,neckline_break_retest,147.04600000,PERIOD_M5,PERIOD_H1,PERIOD_M15,PERIOD_M5,PERIOD_M5,false,htf_soft_alignment,current_post_filter,transcript_post_filter,dow_range_or_transition,no_ordered_dow_wave3_break,dow_range_or_transition,no_ordered_dow_wave3_break,false,true,false,LONG,PERIOD_M5,double_bottom,double_bottom,4.200,none,0.000,double_bottom,4.200,none,0.000,LONG,false,PERIOD_H1_NONE_dow_range_or_transition|PERIOD_M15_NONE_no_ordered_dow_wave3_break,true,h1_counter_m15_reversal,true,top_NONE_dow_range_or_transition|structure_NONE_no_ordered_dow_wave3_break|structure_break_recent_confirmed_swing_break_failed|primary_break_recent_confirmed_swing_break_retest,none,above_75sma_flat_or_falling,above_75sma_rising,below_75sma_falling,-1,0.00000000,0,147.05500000,false,off,NONE,NONE,0.00000000,0.00000000,0.0000,none,0.000,true,LONG,return_high_break_or_bos_up,147.22700000,10,147.48900000,146.80400000,false,off,independent,false,,,false,0.0000,none,0.0000,0.0000,none,0.0000,0.0000,0.0000,none,0.0000,0,0,0.0000,none,none,none,none,0.0000,0,0.0000,none,false,true,not_evaluated,true,required_light_or_anchor_flip,short_bias,146.95700000,2025.07.25 02:45:00,147.48900000,2025.07.25 05:30:00,2025.07.25 08:45:00,false,NONE,0.00000000,0.00000000,0.0000,-1,false,,-1,NONE,0.00000000,0.00000000,0.0000,0.0000,none,,none,false,NONE,-1,-1,-1,false,false,none,false,true,false,true,none,true,required,false,PERIOD_M5,,,-1,0.0000,false,0.00000000,0.0000,false,0.0000,false,none,none,false,no_anchor_flip_in_entry_direction,true,required_first_signal_only,LONG,unknown,0.00000000,,0.00000000,,false,,-1,false,NONE,0.00000000,,0.00000000,0.0000,0.0000,none,-1,false,false,false,no_anchor_flip_in_entry_direction,,,,false,false,false,-1,-1,-1,-1,-1,false,false,false,0.0000,range_n,true,147.48900000,146.80400000,5.7460,false,0.0000,0.0000,0,none,true,0.5226,preferred_382_618,0.200,diagnostic_only,diagnostic_only,diagnostic_only,shallow_pullback,4,0.490,true,none,0.640,high_quality,false,false,diagnostic_only,both,true,none,true,diagnostic_adjacent_detected,required_light,false,false,SHORT,7,false,false,1,2025.07.25 08:10:00,2025.07.25 09:40:00,4,3.5924,147.05500000,0.00000000,147.05500000,true,true,m5_lh_close_break_up,147.05500000,true,0.1334,1.2522,true,1,0.0411,true,3,147.05500000,0.0411,off,false,not_evaluated,none,0.9248,0.0752,strong,false,false,true,0.0411,failed_2bars,true,back_inside,0.0000,true,weak_retest,1.5909,3.5924,0.4429,0.0000,true,strong_exhaustion,0.0000,none,none,false,false,none,0.0000,0.0000,0.0000,0.0000,none,false,false,0.0000,0.0000,false,false,-1,none,none,false,0.000,0.000,147.48900000,147.10313333,0.00000000,none,0.00000000,0.0000,session_high|opening_range_high|neckline_level,147.13100000,0.0000,true,false,false,false,not_blocked,0,0,0,m5_failure_exit,off,none,0.00000000,0.0000,1.30,147.39600000,4.200,0.350,0.200,PERIOD_M15,147.48900000,146.80400000,0.5226,preferred_382_618,0.000,true,147.13100000,146.92700000,0.20400000,147.39600000,1.299,0.09742857,15.00,0-30,true,false,none,not_consumed,5.150,5.150,none,0.0000,false,neckline_retest_failed,false,not_invalidated,
2025.07.25 10:05:00,order_sent,session_reversal_pullback_one_symbol_first120,USDJPY,LONG,2025.07.25 10:00:00,10,7,16,london,2025.07.25 07:00,0,first_120min,true,true,3,USDJPY,highest_score_in_session_bar,london=USDJPY|EURJPY|GBPJPY|AUDJPY|EURUSD|GBPUSD,existing_first120_gate,london,false,false,true,passed_first_window,double_bottom,neckline_break_retest,147.04600000,PERIOD_M5,PERIOD_H1,PERIOD_M15,PERIOD_M5,PERIOD_M5,false,htf_soft_alignment,current_post_filter,transcript_post_filter,dow_range_or_transition,no_ordered_dow_wave3_break,dow_range_or_transition,no_ordered_dow_wave3_break,false,true,false,LONG,PERIOD_M5,double_bottom,double_bottom,4.200,none,0.000,double_bottom,4.200,none,0.000,LONG,false,PERIOD_H1_NONE_dow_range_or_transition|PERIOD_M15_NONE_no_ordered_dow_wave3_break,true,h1_counter_m15_reversal,true,top_NONE_dow_range_or_transition|structure_NONE_no_ordered_dow_wave3_break|structure_break_recent_confirmed_swing_break_failed|primary_break_recent_confirmed_swing_break_retest,none,above_75sma_flat_or_falling,above_75sma_rising,below_75sma_falling,-1,0.00000000,0,147.05500000,false,off,NONE,NONE,0.00000000,0.00000000,0.0000,none,0.000,true,LONG,return_high_break_or_bos_up,147.22700000,10,147.48900000,146.80400000,false,off,independent,false,,,false,0.0000,none,0.0000,0.0000,none,0.0000,0.0000,0.0000,none,0.0000,0,0,0.0000,none,none,none,none,0.0000,0,0.0000,none,false,true,not_evaluated,true,required_light_or_anchor_flip,short_bias,146.95700000,2025.07.25 02:45:00,147.48900000,2025.07.25 05:30:00,2025.07.25 08:45:00,false,NONE,0.00000000,0.00000000,0.0000,-1,false,,-1,NONE,0.00000000,0.00000000,0.0000,0.0000,none,,none,false,NONE,-1,-1,-1,false,false,none,false,true,false,true,none,true,required,false,PERIOD_M5,,,-1,0.0000,false,0.00000000,0.0000,false,0.0000,false,none,none,false,no_anchor_flip_in_entry_direction,true,required_first_signal_only,LONG,unknown,0.00000000,,0.00000000,,false,,-1,false,NONE,0.00000000,,0.00000000,0.0000,0.0000,none,-1,false,false,false,no_anchor_flip_in_entry_direction,,,,false,false,false,-1,-1,-1,-1,-1,false,false,false,0.0000,range_n,true,147.48900000,146.80400000,5.7460,false,0.0000,0.0000,0,none,true,0.5226,preferred_382_618,0.200,diagnostic_only,diagnostic_only,diagnostic_only,shallow_pullback,4,0.490,true,none,0.640,high_quality,false,false,diagnostic_only,both,true,none,true,diagnostic_adjacent_detected,required_light,false,false,SHORT,7,false,false,1,2025.07.25 08:10:00,2025.07.25 09:40:00,4,3.5924,147.05500000,0.00000000,147.05500000,true,true,m5_lh_close_break_up,147.05500000,true,0.1334,1.2522,true,1,0.0411,true,3,147.05500000,0.0411,off,false,not_evaluated,none,0.9248,0.0752,strong,false,false,true,0.0411,failed_2bars,true,back_inside,0.0000,true,weak_retest,1.5909,3.5924,0.4429,0.0000,true,strong_exhaustion,0.0000,none,none,false,false,none,0.0000,0.0000,0.0000,0.0000,none,false,false,0.0000,0.0000,false,false,-1,none,none,false,0.000,0.000,147.48900000,147.10313333,0.00000000,none,0.00000000,0.0000,session_high|opening_range_high|neckline_level,147.13100000,0.0000,true,false,false,false,not_blocked,0,0,0,m5_failure_exit,off,none,0.00000000,0.0000,1.30,147.39600000,4.200,0.350,0.200,PERIOD_M15,147.48900000,146.80400000,0.5226,preferred_382_618,0.000,true,147.13100000,146.92700000,0.20400000,147.39600000,1.299,0.09742857,15.00,0-30,true,false,none,order_sent,5.150,5.150,none,0.0000,false,neckline_retest_failed,false,not_invalidated,
2025.07.25 19:05:00,signal,session_reversal_pullback_one_symbol_first120,EURUSD,SHORT,2025.07.25 19:00:00,19,16,1,new_york,2025.07.25 16:00,0,first_120min,true,true,3,EURUSD,highest_score_in_session_bar,new_york=USDJPY|EURJPY|GBPJPY|AUDJPY|EURUSD|GBPUSD,existing_first120_gate,new_york,false,false,true,passed_first_window,double_top,neckline_break_retest,1.17303000,PERIOD_M5,PERIOD_H1,PERIOD_M15,PERIOD_M5,PERIOD_M5,false,htf_soft_alignment,current_post_filter,transcript_post_filter,dow_trend_up_hh_hl,no_ordered_dow_wave3_break,dow_trend_up_hh_hl,no_ordered_dow_wave3_break,false,false,true,SHORT,PERIOD_M5,double_top,double_top,4.200,none,0.000,double_top,4.200,none,0.000,SHORT,false,PERIOD_H1_LONG_dow_trend_up_hh_hl|PERIOD_M15_NONE_no_ordered_dow_wave3_break,true,h1_counter_m15_reversal,true,top_LONG_dow_trend_up_hh_hl|structure_NONE_no_ordered_dow_wave3_break|structure_break_recent_confirmed_swing_break_failed|primary_break_recent_confirmed_swing_break_retest,none,below_75sma_flat_or_rising,below_75sma_falling,below_75sma_falling,-1,0.00000000,0,1.17301000,false,off,NONE,NONE,0.00000000,0.00000000,0.0000,none,0.000,true,SHORT,return_low_break_or_bos_down,1.17108000,9,1.17350000,1.17022000,false,off,independent,false,,,false,0.0000,none,0.0000,0.0000,none,0.0000,0.0000,0.0000,none,0.0000,0,0,0.0000,none,none,none,none,0.0000,0,0.0000,none,false,true,not_evaluated,true,required_light_or_anchor_flip,long_bias,1.17022000,2025.07.25 16:00:00,1.17265000,2025.07.25 15:15:00,2025.07.25 17:15:00,false,NONE,0.00000000,0.00000000,0.0000,-1,false,,-1,NONE,0.00000000,0.00000000,0.0000,0.0000,none,,none,false,NONE,-1,-1,-1,false,false,none,false,true,false,true,none,true,required,false,PERIOD_M5,,,-1,0.0000,false,0.00000000,0.0000,false,0.0000,false,none,none,false,no_anchor_flip_in_entry_direction,true,required_first_signal_only,SHORT,unknown,0.00000000,,0.00000000,,false,,-1,false,NONE,0.00000000,,0.00000000,0.0000,0.0000,none,-1,false,false,false,no_anchor_flip_in_entry_direction,,,,false,false,false,-1,-1,-1,-1,-1,false,false,false,0.0000,rising_n,false,1.17600000,1.17022000,4.8776,false,0.0000,0.0000,0,none,true,0.6208,deep_618_786,0.120,diagnostic_only,diagnostic_only,diagnostic_only,shallow_pullback,6,0.360,true,none,0.510,high_quality,false,false,diagnostic_only,both,true,none,true,diagnostic_adjacent_detected,required_light,false,false,LONG,6,false,false,2,2025.07.25 16:40:00,2025.07.25 18:25:00,7,6.8158,0.00000000,1.17213000,1.17213000,false,false,none,0.00000000,false,0.0000,0.0000,false,1,0.0000,false,-1,0.00000000,0.0000,off,false,not_evaluated,none,0.0000,0.0000,none,false,false,false,0.0000,none,false,none,0.0000,false,none,3.3772,6.2427,0.5410,0.5731,false,mild_exhaustion,0.0000,none,none,false,false,none,0.0000,0.0000,0.0000,0.0000,none,false,false,0.0000,0.0000,false,false,-1,none,none,false,0.000,0.000,1.17246000,1.17237000,1.17213000,pre_session_low,0.00030000,0.2564,session_low|opening_range_low|neckline_level,1.17237000,0.1228,false,true,false,false,not_blocked,3,3,0,m5_failure_exit,off,none,0.00000000,0.0000,1.30,1.17091000,4.200,-0.300,0.200,PERIOD_M15,1.17350000,1.17022000,0.6738,deep_618_786,0.000,true,1.17243000,1.17360000,0.00117000,1.17091000,1.299,0.00048857,18.00,0-30,true,false,none,not_consumed,4.500,4.500,none,0.0000,false,neckline_retest_failed,false,not_invalidated,spread_too_high
2025.07.25 19:05:00,blocked,session_reversal_pullback_one_symbol_first120,EURUSD,SHORT,2025.07.25 19:00:00,19,16,1,new_york,2025.07.25 16:00,0,first_120min,true,true,3,EURUSD,highest_score_in_session_bar,new_york=USDJPY|EURJPY|GBPJPY|AUDJPY|EURUSD|GBPUSD,existing_first120_gate,new_york,false,false,true,passed_first_window,double_top,neckline_break_retest,1.17303000,PERIOD_M5,PERIOD_H1,PERIOD_M15,PERIOD_M5,PERIOD_M5,false,htf_soft_alignment,current_post_filter,transcript_post_filter,dow_trend_up_hh_hl,no_ordered_dow_wave3_break,dow_trend_up_hh_hl,no_ordered_dow_wave3_break,false,false,true,SHORT,PERIOD_M5,double_top,double_top,4.200,none,0.000,double_top,4.200,none,0.000,SHORT,false,PERIOD_H1_LONG_dow_trend_up_hh_hl|PERIOD_M15_NONE_no_ordered_dow_wave3_break,true,h1_counter_m15_reversal,true,top_LONG_dow_trend_up_hh_hl|structure_NONE_no_ordered_dow_wave3_break|structure_break_recent_confirmed_swing_break_failed|primary_break_recent_confirmed_swing_break_retest,none,below_75sma_flat_or_rising,below_75sma_falling,below_75sma_falling,-1,0.00000000,0,1.17301000,false,off,NONE,NONE,0.00000000,0.00000000,0.0000,none,0.000,true,SHORT,return_low_break_or_bos_down,1.17108000,9,1.17350000,1.17022000,false,off,independent,false,,,false,0.0000,none,0.0000,0.0000,none,0.0000,0.0000,0.0000,none,0.0000,0,0,0.0000,none,none,none,none,0.0000,0,0.0000,none,false,true,not_evaluated,true,required_light_or_anchor_flip,long_bias,1.17022000,2025.07.25 16:00:00,1.17265000,2025.07.25 15:15:00,2025.07.25 17:15:00,false,NONE,0.00000000,0.00000000,0.0000,-1,false,,-1,NONE,0.00000000,0.00000000,0.0000,0.0000,none,,none,false,NONE,-1,-1,-1,false,false,none,false,true,false,true,none,true,required,false,PERIOD_M5,,,-1,0.0000,false,0.00000000,0.0000,false,0.0000,false,none,none,false,no_anchor_flip_in_entry_direction,true,required_first_signal_only,SHORT,unknown,0.00000000,,0.00000000,,false,,-1,false,NONE,0.00000000,,0.00000000,0.0000,0.0000,none,-1,false,false,false,no_anchor_flip_in_entry_direction,,,,false,false,false,-1,-1,-1,-1,-1,false,false,false,0.0000,rising_n,false,1.17600000,1.17022000,4.8776,false,0.0000,0.0000,0,none,true,0.6208,deep_618_786,0.120,diagnostic_only,diagnostic_only,diagnostic_only,shallow_pullback,6,0.360,true,none,0.510,high_quality,false,false,diagnostic_only,both,true,none,true,diagnostic_adjacent_detected,required_light,false,false,LONG,6,false,false,2,2025.07.25 16:40:00,2025.07.25 18:25:00,7,6.8158,0.00000000,1.17213000,1.17213000,false,false,none,0.00000000,false,0.0000,0.0000,false,1,0.0000,false,-1,0.00000000,0.0000,off,false,not_evaluated,none,0.0000,0.0000,none,false,false,false,0.0000,none,false,none,0.0000,false,none,3.3772,6.2427,0.5410,0.5731,false,mild_exhaustion,0.0000,none,none,false,false,none,0.0000,0.0000,0.0000,0.0000,none,false,false,0.0000,0.0000,false,false,-1,none,none,false,0.000,0.000,1.17246000,1.17237000,1.17213000,pre_session_low,0.00030000,0.2564,session_low|opening_range_low|neckline_level,1.17237000,0.1228,false,true,false,false,not_blocked,3,3,0,m5_failure_exit,off,none,0.00000000,0.0000,1.30,1.17091000,4.200,-0.300,0.200,PERIOD_M15,1.17350000,1.17022000,0.6738,deep_618_786,0.000,true,1.17243000,1.17360000,0.00117000,1.17091000,1.299,0.00048857,18.00,0-30,true,false,none,blocked_spread_too_high,4.500,4.500,none,0.0000,false,neckline_retest_failed,false,not_invalidated,spread_too_high
2025.07.28 04:25:00,signal,session_reversal_pullback_one_symbol_first120,USDJPY,SHORT,2025.07.28 04:20:00,4,1,10,tokyo,2025.07.28 00:00,80,first_120min,false,true,3,USDJPY,highest_score_in_session_bar,tokyo=USDJPY|EURJPY|GBPJPY|AUDJPY,existing_first120_gate,tokyo,true,false,true,passed_first_window,double_top,neckline_break_retest,147.77500000,PERIOD_M5,PERIOD_H1,PERIOD_M15,PERIOD_M5,PERIOD_M5,false,htf_soft_alignment,current_post_filter,transcript_post_filter,dow_trend_up_hh_hl,structure_trend_bias_dow_trend_up_hh_hl,dow_trend_up_hh_hl,structure_trend_bias_dow_trend_up_hh_hl,false,false,true,SHORT,PERIOD_M5,double_top,double_top,4.200,none,0.000,double_top,4.200,none,0.000,SHORT,true,PERIOD_H1_LONG_dow_trend_up_hh_hl|PERIOD_M15_LONG_structure_trend_bias_dow_trend_up_hh_hl,true,h1_counter_m15_reversal,true,top_LONG_dow_trend_up_hh_hl|structure_LONG_structure_trend_bias_dow_trend_up_hh_hl|structure_break_recent_confirmed_swing_break_retest|primary_break_recent_confirmed_swing_break_failed,none,above_75sma_rising,below_75sma_flat_or_rising,above_75sma_rising,1,147.61600000,-1,0.00000000,false,off,NONE,NONE,0.00000000,0.00000000,0.0000,none,0.000,true,SHORT,return_low_break_or_bos_down,147.61600000,1,147.87000000,147.61600000,false,off,independent,false,,,false,0.0000,none,0.0000,0.0000,none,0.0000,0.0000,0.0000,none,0.0000,0,0,0.0000,none,none,none,none,0.0000,0,0.0000,none,false,true,not_evaluated,true,required_light_or_anchor_flip,bias_flip_down,147.61600000,2025.07.28 01:00:00,147.92800000,2025.07.25 15:45:00,2025.07.28 02:45:00,true,SHORT,147.61600000,147.60900000,0.0682,1,true,2025.07.28 03:45:00,1,SHORT,147.61600000,147.60900000,0.0682,1.1602,normal,2025.07.28 03:45:00,first_after_anchor,true,SHORT,1,1,1,true,false,fresh_0_4,true,false,false,true,none,true,required,true,PERIOD_M5,2025.07.28 03:50:00,2025.07.28 03:55:00,7,1.3577,true,147.61600000,1.3577,true,1.1957,true,m5_bos_down_after_anchor_retest,failed_close_back_inside,false,post_anchor_close_back_inside,true,required_first_signal_only,SHORT,unknown,0.00000000,,0.00000000,,false,,-1,false,NONE,0.00000000,,0.00000000,0.0000,0.0000,none,-1,false,false,false,insufficient_confirmed_m5_pivots,USDJPY|SHORT|1753674300|147.616,,,false,false,false,-1,-1,-1,-1,-1,false,false,false,0.0000,rising_n,false,147.87000000,147.52400000,3.3733,true,1.1602,0.4387,0,normal,true,0.5318,preferred_382_618,0.200,diagnostic_only,diagnostic_only,diagnostic_only,deep_pullback,5,0.440,true,none,0.590,high_quality,false,false,diagnostic_only,both,true,none,true,diagnostic_adjacent_detected,required_light,false,false,LONG,7,false,false,0,2025.07.28 02:45:00,2025.07.28 04:00:00,4,4.4840,0.00000000,147.51000000,147.51000000,false,false,none,0.00000000,false,0.0000,0.0000,false,1,0.0000,false,-1,0.00000000,0.0000,off,false,not_evaluated,none,0.0000,0.0000,none,false,false,false,0.0000,none,false,none,0.0000,false,none,3.6619,2.6904,1.3611,0.0000,true,strong_exhaustion,0.0000,none,none,false,false,none,0.0000,0.0000,0.0000,0.0000,none,false,false,0.0000,0.0000,false,false,-1,none,none,false,0.000,0.000,147.73100000,147.66900000,147.66900000,wick_cluster_zone,0.03900000,0.3071,neckline_level,147.77500000,0.8345,false,true,true,false,not_blocked,5,2,3,m5_failure_exit,off,none,0.00000000,0.0000,1.30,147.54200000,4.200,-0.300,0.200,PERIOD_M15,147.87000000,147.61600000,0.3622,outside,0.000,true,147.70800000,147.83500000,0.12700000,147.54200000,1.307,0.08028571,15.00,60-90,true,false,none,not_consumed,4.650,4.650,none,0.0000,false,neckline_retest_failed,false,not_invalidated,
2025.07.28 04:25:00,order_sent,session_reversal_pullback_one_symbol_first120,USDJPY,SHORT,2025.07.28 04:20:00,4,1,10,tokyo,2025.07.28 00:00,80,first_120min,false,true,3,USDJPY,highest_score_in_session_bar,tokyo=USDJPY|EURJPY|GBPJPY|AUDJPY,existing_first120_gate,tokyo,true,false,true,passed_first_window,double_top,neckline_break_retest,147.77500000,PERIOD_M5,PERIOD_H1,PERIOD_M15,PERIOD_M5,PERIOD_M5,false,htf_soft_alignment,current_post_filter,transcript_post_filter,dow_trend_up_hh_hl,structure_trend_bias_dow_trend_up_hh_hl,dow_trend_up_hh_hl,structure_trend_bias_dow_trend_up_hh_hl,false,false,true,SHORT,PERIOD_M5,double_top,double_top,4.200,none,0.000,double_top,4.200,none,0.000,SHORT,true,PERIOD_H1_LONG_dow_trend_up_hh_hl|PERIOD_M15_LONG_structure_trend_bias_dow_trend_up_hh_hl,true,h1_counter_m15_reversal,true,top_LONG_dow_trend_up_hh_hl|structure_LONG_structure_trend_bias_dow_trend_up_hh_hl|structure_break_recent_confirmed_swing_break_retest|primary_break_recent_confirmed_swing_break_failed,none,above_75sma_rising,below_75sma_flat_or_rising,above_75sma_rising,1,147.61600000,-1,0.00000000,false,off,NONE,NONE,0.00000000,0.00000000,0.0000,none,0.000,true,SHORT,return_low_break_or_bos_down,147.61600000,1,147.87000000,147.61600000,false,off,independent,false,,,false,0.0000,none,0.0000,0.0000,none,0.0000,0.0000,0.0000,none,0.0000,0,0,0.0000,none,none,none,none,0.0000,0,0.0000,none,false,true,not_evaluated,true,required_light_or_anchor_flip,bias_flip_down,147.61600000,2025.07.28 01:00:00,147.92800000,2025.07.25 15:45:00,2025.07.28 02:45:00,true,SHORT,147.61600000,147.60900000,0.0682,1,true,2025.07.28 03:45:00,1,SHORT,147.61600000,147.60900000,0.0682,1.1602,normal,2025.07.28 03:45:00,first_after_anchor,true,SHORT,1,1,1,true,false,fresh_0_4,true,false,false,true,none,true,required,true,PERIOD_M5,2025.07.28 03:50:00,2025.07.28 03:55:00,7,1.3577,true,147.61600000,1.3577,true,1.1957,true,m5_bos_down_after_anchor_retest,failed_close_back_inside,false,post_anchor_close_back_inside,true,required_first_signal_only,SHORT,unknown,0.00000000,,0.00000000,,false,,-1,false,NONE,0.00000000,,0.00000000,0.0000,0.0000,none,-1,false,false,false,insufficient_confirmed_m5_pivots,USDJPY|SHORT|1753674300|147.616,,,false,false,false,-1,-1,-1,-1,-1,false,false,false,0.0000,rising_n,false,147.87000000,147.52400000,3.3733,true,1.1602,0.4387,0,normal,true,0.5318,preferred_382_618,0.200,diagnostic_only,diagnostic_only,diagnostic_only,deep_pullback,5,0.440,true,none,0.590,high_quality,false,false,diagnostic_only,both,true,none,true,diagnostic_adjacent_detected,required_light,false,false,LONG,7,false,false,0,2025.07.28 02:45:00,2025.07.28 04:00:00,4,4.4840,0.00000000,147.51000000,147.51000000,false,false,none,0.00000000,false,0.0000,0.0000,false,1,0.0000,false,-1,0.00000000,0.0000,off,false,not_evaluated,none,0.0000,0.0000,none,false,false,false,0.0000,none,false,none,0.0000,false,none,3.6619,2.6904,1.3611,0.0000,true,strong_exhaustion,0.0000,none,none,false,false,none,0.0000,0.0000,0.0000,0.0000,none,false,false,0.0000,0.0000,false,false,-1,none,none,false,0.000,0.000,147.73100000,147.66900000,147.66900000,wick_cluster_zone,0.03900000,0.3071,neckline_level,147.77500000,0.8345,false,true,true,false,not_blocked,5,2,3,m5_failure_exit,off,none,0.00000000,0.0000,1.30,147.54200000,4.200,-0.300,0.200,PERIOD_M15,147.87000000,147.61600000,0.3622,outside,0.000,true,147.70800000,147.83500000,0.12700000,147.54200000,1.307,0.08028571,15.00,60-90,true,false,none,order_sent,4.650,4.650,none,0.0000,false,neckline_retest_failed,false,not_invalidated,
2025.07.29 03:05:00,signal,session_reversal_pullback_one_symbol_first120,EURJPY,SHORT,2025.07.29 03:00:00,3,0,9,tokyo,2025.07.29 00:00,0,first_120min,true,true,3,EURJPY,highest_score_in_session_bar,tokyo=USDJPY|EURJPY|GBPJPY|AUDJPY,existing_first120_gate,tokyo,false,false,true,passed_first_window,head_and_shoulders,neckline_break_retest,172.17100000,PERIOD_M5,PERIOD_H1,PERIOD_M15,PERIOD_M5,PERIOD_M5,false,htf_soft_alignment,current_post_filter,transcript_post_filter,dow_range_or_transition,no_ordered_dow_wave3_break,dow_range_or_transition,no_ordered_dow_wave3_break,false,false,true,SHORT,PERIOD_M5,head_and_shoulders,head_and_shoulders,4.500,none,0.000,head_and_shoulders,4.500,none,0.000,SHORT,false,PERIOD_H1_NONE_dow_range_or_transition|PERIOD_M15_NONE_no_ordered_dow_wave3_break,true,h1_counter_m15_reversal,true,top_NONE_dow_range_or_transition|structure_NONE_no_ordered_dow_wave3_break|structure_break_recent_confirmed_swing_break_retest|primary_break_recent_confirmed_swing_break_retest,none,below_75sma_falling,below_75sma_falling,above_75sma_rising,9,172.13300000,1,172.15100000,false,off,NONE,NONE,0.00000000,0.00000000,0.0000,none,0.000,true,SHORT,return_low_break_or_bos_down,172.13300000,9,172.24000000,171.95400000,false,off,independent,false,,,false,0.0000,none,0.0000,0.0000,none,0.0000,0.0000,0.0000,none,0.0000,0,0,0.0000,none,none,none,none,0.0000,0,0.0000,none,false,true,not_evaluated,true,required_light_or_anchor_flip,long_bias,171.95400000,2025.07.29 00:00:00,172.21600000,2025.07.28 23:15:00,2025.07.29 01:00:00,false,NONE,0.00000000,0.00000000,0.0000,-1,false,,-1,NONE,0.00000000,0.00000000,0.0000,0.0000,none,,none,false,NONE,-1,-1,-1,false,false,none,false,true,false,true,none,true,required,false,PERIOD_M5,,,-1,0.0000,false,0.00000000,0.0000,false,0.0000,false,none,none,false,no_anchor_flip_in_entry_direction,true,required_first_signal_only,SHORT,unknown,0.00000000,,0.00000000,,false,,-1,false,NONE,0.00000000,,0.00000000,0.0000,0.0000,none,-1,false,false,false,no_anchor_flip_in_entry_direction,,,,false,false,false,-1,-1,-1,-1,-1,false,false,false,0.0000,rising_n,false,172.24400000,171.95400000,3.2402,false,0.0000,0.0000,0,none,true,0.6990,deep_618_786,0.120,diagnostic_only,diagnostic_only,diagnostic_only,shallow_pullback,7,0.360,true,none,0.510,high_quality,false,false,diagnostic_only,both,true,none,true,diagnostic_adjacent_detected,required_light,false,false,LONG,4,false,false,2,2025.07.29 00:00:00,2025.07.29 02:30:00,6,6.3811,0.00000000,172.15100000,172.15100000,true,true,m5_hl_close_break_down,172.15100000,true,0.1280,1.4939,true,1,0.2774,false,1,172.15100000,0.8537,off,false,not_evaluated,none,0.9861,0.0139,strong,false,true,true,0.2774,failed_1bar,true,back_inside,0.4030,false,weak_retest,2.1768,6.1037,0.3566,0.2774,false,mild_exhaustion,0.0000,none,none,false,false,none,0.0000,0.0000,0.0000,0.0000,none,false,false,0.0000,0.0000,false,false,-1,none,none,false,0.000,0.000,172.16900000,172.15100000,172.15100000,failed_breakout_level,0.01200000,0.1224,neckline_level,172.17100000,0.1707,false,true,false,false,not_blocked,6,6,0,m5_failure_exit,off,none,0.00000000,0.0000,1.30,172.03500000,4.500,-0.300,0.200,PERIOD_M15,172.24000000,171.95400000,0.7308,deep_618_786,0.000,true,172.16300000,172.26100000,0.09800000,172.03500000,1.306,0.04685714,30.00,0-30,true,false,none,not_consumed,5.150,5.150,none,0.0000,false,opposite_break_first,true,opposite_break_first,spread_too_high
2025.07.29 03:05:00,blocked,session_reversal_pullback_one_symbol_first120,EURJPY,SHORT,2025.07.29 03:00:00,3,0,9,tokyo,2025.07.29 00:00,0,first_120min,true,true,3,EURJPY,highest_score_in_session_bar,tokyo=USDJPY|EURJPY|GBPJPY|AUDJPY,existing_first120_gate,tokyo,false,false,true,passed_first_window,head_and_shoulders,neckline_break_retest,172.17100000,PERIOD_M5,PERIOD_H1,PERIOD_M15,PERIOD_M5,PERIOD_M5,false,htf_soft_alignment,current_post_filter,transcript_post_filter,dow_range_or_transition,no_ordered_dow_wave3_break,dow_range_or_transition,no_ordered_dow_wave3_break,false,false,true,SHORT,PERIOD_M5,head_and_shoulders,head_and_shoulders,4.500,none,0.000,head_and_shoulders,4.500,none,0.000,SHORT,false,PERIOD_H1_NONE_dow_range_or_transition|PERIOD_M15_NONE_no_ordered_dow_wave3_break,true,h1_counter_m15_reversal,true,top_NONE_dow_range_or_transition|structure_NONE_no_ordered_dow_wave3_break|structure_break_recent_confirmed_swing_break_retest|primary_break_recent_confirmed_swing_break_retest,none,below_75sma_falling,below_75sma_falling,above_75sma_rising,9,172.13300000,1,172.15100000,false,off,NONE,NONE,0.00000000,0.00000000,0.0000,none,0.000,true,SHORT,return_low_break_or_bos_down,172.13300000,9,172.24000000,171.95400000,false,off,independent,false,,,false,0.0000,none,0.0000,0.0000,none,0.0000,0.0000,0.0000,none,0.0000,0,0,0.0000,none,none,none,none,0.0000,0,0.0000,none,false,true,not_evaluated,true,required_light_or_anchor_flip,long_bias,171.95400000,2025.07.29 00:00:00,172.21600000,2025.07.28 23:15:00,2025.07.29 01:00:00,false,NONE,0.00000000,0.00000000,0.0000,-1,false,,-1,NONE,0.00000000,0.00000000,0.0000,0.0000,none,,none,false,NONE,-1,-1,-1,false,false,none,false,true,false,true,none,true,required,false,PERIOD_M5,,,-1,0.0000,false,0.00000000,0.0000,false,0.0000,false,none,none,false,no_anchor_flip_in_entry_direction,true,required_first_signal_only,SHORT,unknown,0.00000000,,0.00000000,,false,,-1,false,NONE,0.00000000,,0.00000000,0.0000,0.0000,none,-1,false,false,false,no_anchor_flip_in_entry_direction,,,,false,false,false,-1,-1,-1,-1,-1,false,false,false,0.0000,rising_n,false,172.24400000,171.95400000,3.2402,false,0.0000,0.0000,0,none,true,0.6990,deep_618_786,0.120,diagnostic_only,diagnostic_only,diagnostic_only,shallow_pullback,7,0.360,true,none,0.510,high_quality,false,false,diagnostic_only,both,true,none,true,diagnostic_adjacent_detected,required_light,false,false,LONG,4,false,false,2,2025.07.29 00:00:00,2025.07.29 02:30:00,6,6.3811,0.00000000,172.15100000,172.15100000,true,true,m5_hl_close_break_down,172.15100000,true,0.1280,1.4939,true,1,0.2774,false,1,172.15100000,0.8537,off,false,not_evaluated,none,0.9861,0.0139,strong,false,true,true,0.2774,failed_1bar,true,back_inside,0.4030,false,weak_retest,2.1768,6.1037,0.3566,0.2774,false,mild_exhaustion,0.0000,none,none,false,false,none,0.0000,0.0000,0.0000,0.0000,none,false,false,0.0000,0.0000,false,false,-1,none,none,false,0.000,0.000,172.16900000,172.15100000,172.15100000,failed_breakout_level,0.01200000,0.1224,neckline_level,172.17100000,0.1707,false,true,false,false,not_blocked,6,6,0,m5_failure_exit,off,none,0.00000000,0.0000,1.30,172.03500000,4.500,-0.300,0.200,PERIOD_M15,172.24000000,171.95400000,0.7308,deep_618_786,0.000,true,172.16300000,172.26100000,0.09800000,172.03500000,1.306,0.04685714,30.00,0-30,true,false,none,blocked_spread_too_high,5.150,5.150,none,0.0000,false,opposite_break_first,true,opposite_break_first,spread_too_high
2025.07.29 11:15:00,signal,session_reversal_pullback_one_symbol_first120,USDJPY,SHORT,2025.07.29 11:10:00,11,8,17,london,2025.07.29 07:00,70,first_120min,false,true,3,USDJPY,highest_score_in_session_bar,london=USDJPY|EURJPY|GBPJPY|AUDJPY|EURUSD|GBPUSD,existing_first120_gate,london,false,false,true,passed_first_window,double_top,neckline_break_retest,148.49000000,PERIOD_M5,PERIOD_H1,PERIOD_M15,PERIOD_M5,PERIOD_M5,false,htf_soft_alignment,current_post_filter,transcript_post_filter,dow_trend_up_hh_hl,structure_trend_bias_dow_trend_down_ll_lh,dow_trend_up_hh_hl,structure_trend_bias_dow_trend_down_ll_lh,false,false,true,SHORT,PERIOD_M5,double_top,double_top,4.200,none,0.000,double_top,4.200,none,0.000,SHORT,false,PERIOD_H1_LONG_dow_trend_up_hh_hl|PERIOD_M15_SHORT_structure_trend_bias_dow_trend_down_ll_lh,true,h1_counter_m15_reversal,true,top_LONG_dow_trend_up_hh_hl|structure_SHORT_structure_trend_bias_dow_trend_down_ll_lh|structure_break_recent_confirmed_swing_break_failed|primary_break_recent_confirmed_swing_break_retest,none,above_75sma_rising,below_75sma_flat_or_rising,above_75sma_flat_or_falling,-1,0.00000000,0,148.46300000,false,off,NONE,NONE,0.00000000,0.00000000,0.0000,none,0.000,true,SHORT,return_low_break_or_bos_down,148.30100000,7,148.74200000,148.14800000,false,off,independent,false,,,false,0.0000,none,0.0000,0.0000,none,0.0000,0.0000,0.0000,none,0.0000,0,0,0.0000,none,none,none,none,0.0000,0,0.0000,none,false,true,not_evaluated,true,required_light_or_anchor_flip,bias_flip_up,148.43200000,2025.07.29 03:00:00,148.48900000,2025.07.29 07:30:00,2025.07.29 09:00:00,true,LONG,148.48900000,148.50800000,0.1376,5,true,2025.07.29 09:45:00,5,LONG,148.48900000,148.50800000,0.1376,1.1371,normal,2025.07.29 10:45:00,first_after_anchor,true,LONG,5,1,5,true,false,normal_5_12,false,true,false,true,none,true,required,false,PERIOD_M5,,,-1,0.0000,false,0.00000000,0.0000,false,0.0000,false,none,none,false,no_anchor_flip_in_entry_direction,true,required_first_signal_only,SHORT,unknown,0.00000000,,0.00000000,,false,,-1,false,NONE,0.00000000,,0.00000000,0.0000,0.0000,none,-1,false,false,false,no_anchor_flip_in_entry_direction,,,,false,false,false,-1,-1,-1,-1,-1,false,false,false,0.0000,falling_n,false,148.70100000,148.14800000,4.0052,true,1.1371,0.1649,4,normal,true,0.4327,preferred_382_618,0.200,diagnostic_only,diagnostic_only,diagnostic_only,shallow_pullback,24,0.450,true,none,0.600,high_quality,false,false,diagnostic_only,both,true,none,true,diagnostic_adjacent_detected,required_light,false,false,LONG,4,false,false,1,2025.07.29 08:25:00,2025.07.29 10:35:00,7,7.5190,0.00000000,148.14800000,148.14800000,false,false,none,0.00000000,false,0.0000,0.0000,false,1,0.0000,false,-1,0.00000000,0.0000,off,false,not_evaluated,none,0.0000,0.0000,none,false,false,false,0.0000,none,false,none,0.0000,false,none,7.5190,1.5949,4.7143,5.7215,false,no_shrink,0.0000,none,none,false,false,none,0.0000,0.0000,0.0000,0.0000,none,false,false,0.0000,0.0000,false,false,-1,none,none,false,0.000,0.000,148.47900000,148.39300000,148.37500000,top_context_confirmed_swing_low,0.03000000,0.1442,session_low|opening_range_low|neckline_level,148.39300000,0.1519,false,true,true,false,not_blocked,5,4,1,m5_failure_exit,off,none,0.00000000,0.0000,1.30,148.13400000,4.200,-0.300,0.200,PERIOD_M15,148.48900000,148.14800000,0.7537,deep_618_786,0.000,true,148.40500000,148.61300000,0.20800000,148.13400000,1.303,0.07900000,15.00,60-90,true,false,none,not_consumed,4.500,4.500,none,0.0000,false,opposite_break_first,true,opposite_break_first,session_invalidated
2025.07.29 11:15:00,blocked,session_reversal_pullback_one_symbol_first120,USDJPY,SHORT,2025.07.29 11:10:00,11,8,17,london,2025.07.29 07:00,70,first_120min,false,true,3,USDJPY,highest_score_in_session_bar,london=USDJPY|EURJPY|GBPJPY|AUDJPY|EURUSD|GBPUSD,existing_first120_gate,london,false,false,true,passed_first_window,double_top,neckline_break_retest,148.49000000,PERIOD_M5,PERIOD_H1,PERIOD_M15,PERIOD_M5,PERIOD_M5,false,htf_soft_alignment,current_post_filter,transcript_post_filter,dow_trend_up_hh_hl,structure_trend_bias_dow_trend_down_ll_lh,dow_trend_up_hh_hl,structure_trend_bias_dow_trend_down_ll_lh,false,false,true,SHORT,PERIOD_M5,double_top,double_top,4.200,none,0.000,double_top,4.200,none,0.000,SHORT,false,PERIOD_H1_LONG_dow_trend_up_hh_hl|PERIOD_M15_SHORT_structure_trend_bias_dow_trend_down_ll_lh,true,h1_counter_m15_reversal,true,top_LONG_dow_trend_up_hh_hl|structure_SHORT_structure_trend_bias_dow_trend_down_ll_lh|structure_break_recent_confirmed_swing_break_failed|primary_break_recent_confirmed_swing_break_retest,none,above_75sma_rising,below_75sma_flat_or_rising,above_75sma_flat_or_falling,-1,0.00000000,0,148.46300000,false,off,NONE,NONE,0.00000000,0.00000000,0.0000,none,0.000,true,SHORT,return_low_break_or_bos_down,148.30100000,7,148.74200000,148.14800000,false,off,independent,false,,,false,0.0000,none,0.0000,0.0000,none,0.0000,0.0000,0.0000,none,0.0000,0,0,0.0000,none,none,none,none,0.0000,0,0.0000,none,false,true,not_evaluated,true,required_light_or_anchor_flip,bias_flip_up,148.43200000,2025.07.29 03:00:00,148.48900000,2025.07.29 07:30:00,2025.07.29 09:00:00,true,LONG,148.48900000,148.50800000,0.1376,5,true,2025.07.29 09:45:00,5,LONG,148.48900000,148.50800000,0.1376,1.1371,normal,2025.07.29 10:45:00,first_after_anchor,true,LONG,5,1,5,true,false,normal_5_12,false,true,false,true,none,true,required,false,PERIOD_M5,,,-1,0.0000,false,0.00000000,0.0000,false,0.0000,false,none,none,false,no_anchor_flip_in_entry_direction,true,required_first_signal_only,SHORT,unknown,0.00000000,,0.00000000,,false,,-1,false,NONE,0.00000000,,0.00000000,0.0000,0.0000,none,-1,false,false,false,no_anchor_flip_in_entry_direction,,,,false,false,false,-1,-1,-1,-1,-1,false,false,false,0.0000,falling_n,false,148.70100000,148.14800000,4.0052,true,1.1371,0.1649,4,normal,true,0.4327,preferred_382_618,0.200,diagnostic_only,diagnostic_only,diagnostic_only,shallow_pullback,24,0.450,true,none,0.600,high_quality,false,false,diagnostic_only,both,true,none,true,diagnostic_adjacent_detected,required_light,false,false,LONG,4,false,false,1,2025.07.29 08:25:00,2025.07.29 10:35:00,7,7.5190,0.00000000,148.14800000,148.14800000,false,false,none,0.00000000,false,0.0000,0.0000,false,1,0.0000,false,-1,0.00000000,0.0000,off,false,not_evaluated,none,0.0000,0.0000,none,false,false,false,0.0000,none,false,none,0.0000,false,none,7.5190,1.5949,4.7143,5.7215,false,no_shrink,0.0000,none,none,false,false,none,0.0000,0.0000,0.0000,0.0000,none,false,false,0.0000,0.0000,false,false,-1,none,none,false,0.000,0.000,148.47900000,148.39300000,148.37500000,top_context_confirmed_swing_low,0.03000000,0.1442,session_low|opening_range_low|neckline_level,148.39300000,0.1519,false,true,true,false,not_blocked,5,4,1,m5_failure_exit,off,none,0.00000000,0.0000,1.30,148.13400000,4.200,-0.300,0.200,PERIOD_M15,148.48900000,148.14800000,0.7537,deep_618_786,0.000,true,148.40500000,148.61300000,0.20800000,148.13400000,1.303,0.07900000,15.00,60-90,true,false,none,blocked_session_invalidated,4.500,4.500,none,0.0000,false,opposite_break_first,true,opposite_break_first,session_invalidated
2025.07.29 16:35:00,signal,session_reversal_pullback_one_symbol_first120,AUDJPY,LONG,2025.07.29 16:30:00,16,13,22,london_newyork_overlap,2025.07.29 13:00,30,first_120min,true,true,3,AUDJPY,highest_score_in_session_bar,london_newyork_overlap=USDJPY|EURJPY|GBPJPY|AUDJPY|EURUSD|GBPUSD,existing_first120_gate,london_newyork_overlap,false,false,true,passed_first_window,inverse_head_and_shoulders,neckline_break_retest,96.65100000,PERIOD_M5,PERIOD_H1,PERIOD_M15,PERIOD_M5,PERIOD_M5,false,htf_soft_alignment,current_post_filter,transcript_post_filter,dow_range_or_transition,no_ordered_dow_wave3_break,dow_range_or_transition,no_ordered_dow_wave3_break,false,true,false,LONG,PERIOD_M5,inverse_head_and_shoulders,inverse_head_and_shoulders,4.500,none,0.000,inverse_head_and_shoulders,4.500,none,0.000,LONG,false,PERIOD_H1_NONE_dow_range_or_transition|PERIOD_M15_NONE_no_ordered_dow_wave3_break,true,h1_counter_m15_reversal,true,top_NONE_dow_range_or_transition|structure_NONE_no_ordered_dow_wave3_break|structure_break_recent_confirmed_swing_break_failed|primary_break_recent_confirmed_swing_break_retest,none,below_75sma_falling,below_75sma_falling,above_75sma_rising,-1,0.00000000,0,96.65100000,false,off,NONE,NONE,0.00000000,0.00000000,0.0000,none,0.000,true,LONG,return_high_break_or_bos_up,96.76300000,15,96.83800000,96.55700000,false,off,independent,false,,,false,0.0000,none,0.0000,0.0000,none,0.0000,0.0000,0.0000,none,0.0000,0,0,0.0000,none,none,none,none,0.0000,0,0.0000,none,false,true,not_evaluated,true,required_light_or_anchor_flip,short_bias,96.57000000,2025.07.29 11:00:00,96.71500000,2025.07.29 14:30:00,2025.07.29 15:15:00,false,NONE,0.00000000,0.00000000,0.0000,-1,false,,-1,NONE,0.00000000,0.00000000,0.0000,0.0000,none,,none,false,NONE,-1,-1,-1,false,false,none,false,true,false,true,none,true,required,false,PERIOD_M5,,,-1,0.0000,false,0.00000000,0.0000,false,0.0000,false,none,none,false,no_anchor_flip_in_entry_direction,true,required_first_signal_only,LONG,unknown,0.00000000,,0.00000000,,false,,-1,false,NONE,0.00000000,,0.00000000,0.0000,0.0000,none,-1,false,false,false,no_anchor_flip_in_entry_direction,,,,false,false,false,-1,-1,-1,-1,-1,false,false,false,0.0000,falling_n,false,96.83800000,96.55700000,4.2948,false,0.0000,0.0000,0,none,true,0.3843,preferred_382_618,0.200,diagnostic_only,diagnostic_only,diagnostic_only,shallow_pullback,4,0.440,true,none,0.590,high_quality,false,false,diagnostic_only,both,true,none,true,diagnostic_adjacent_detected,required_light,false,false,SHORT,6,false,false,1,2025.07.29 14:30:00,2025.07.29 16:00:00,6,3.6562,96.65100000,0.00000000,96.65100000,true,true,m5_lh_close_break_up,96.65100000,true,0.0926,1.1107,true,1,0.9025,true,5,96.65100000,0.1157,off,false,not_evaluated,none,0.8947,0.1053,normal,false,true,true,0.9025,failed_1bar,true,favorable_side,0.1800,false,clean_retest,1.7355,3.6562,0.4747,0.0000,true,strong_exhaustion,0.0000,none,none,false,false,none,0.0000,0.0000,0.0000,0.0000,none,false,false,0.0000,0.0000,false,false,-1,none,none,false,0.000,0.000,96.83800000,96.70600000,96.83800000,structure_confirmed_swing_high,0.10800000,0.8308,session_high|opening_range_high|neckline_level,96.70600000,0.5554,false,true,false,false,not_blocked,1,1,0,m5_failure_exit,off,none,0.00000000,0.0000,1.30,96.89900000,4.500,0.000,0.200,PERIOD_M15,96.83800000,96.55700000,0.3843,preferred_382_618,0.000,true,96.73000000,96.60000000,0.13000000,96.89900000,1.300,0.04321429,28.00,30-60,true,false,none,not_consumed,5.100,5.100,none,0.0000,false,opposite_break_first,true,opposite_break_first,spread_too_high
2025.07.29 16:35:00,blocked,session_reversal_pullback_one_symbol_first120,AUDJPY,LONG,2025.07.29 16:30:00,16,13,22,london_newyork_overlap,2025.07.29 13:00,30,first_120min,true,true,3,AUDJPY,highest_score_in_session_bar,london_newyork_overlap=USDJPY|EURJPY|GBPJPY|AUDJPY|EURUSD|GBPUSD,existing_first120_gate,london_newyork_overlap,false,false,true,passed_first_window,inverse_head_and_shoulders,neckline_break_retest,96.65100000,PERIOD_M5,PERIOD_H1,PERIOD_M15,PERIOD_M5,PERIOD_M5,false,htf_soft_alignment,current_post_filter,transcript_post_filter,dow_range_or_transition,no_ordered_dow_wave3_break,dow_range_or_transition,no_ordered_dow_wave3_break,false,true,false,LONG,PERIOD_M5,inverse_head_and_shoulders,inverse_head_and_shoulders,4.500,none,0.000,inverse_head_and_shoulders,4.500,none,0.000,LONG,false,PERIOD_H1_NONE_dow_range_or_transition|PERIOD_M15_NONE_no_ordered_dow_wave3_break,true,h1_counter_m15_reversal,true,top_NONE_dow_range_or_transition|structure_NONE_no_ordered_dow_wave3_break|structure_break_recent_confirmed_swing_break_failed|primary_break_recent_confirmed_swing_break_retest,none,below_75sma_falling,below_75sma_falling,above_75sma_rising,-1,0.00000000,0,96.65100000,false,off,NONE,NONE,0.00000000,0.00000000,0.0000,none,0.000,true,LONG,return_high_break_or_bos_up,96.76300000,15,96.83800000,96.55700000,false,off,independent,false,,,false,0.0000,none,0.0000,0.0000,none,0.0000,0.0000,0.0000,none,0.0000,0,0,0.0000,none,none,none,none,0.0000,0,0.0000,none,false,true,not_evaluated,true,required_light_or_anchor_flip,short_bias,96.57000000,2025.07.29 11:00:00,96.71500000,2025.07.29 14:30:00,2025.07.29 15:15:00,false,NONE,0.00000000,0.00000000,0.0000,-1,false,,-1,NONE,0.00000000,0.00000000,0.0000,0.0000,none,,none,false,NONE,-1,-1,-1,false,false,none,false,true,false,true,none,true,required,false,PERIOD_M5,,,-1,0.0000,false,0.00000000,0.0000,false,0.0000,false,none,none,false,no_anchor_flip_in_entry_direction,true,required_first_signal_only,LONG,unknown,0.00000000,,0.00000000,,false,,-1,false,NONE,0.00000000,,0.00000000,0.0000,0.0000,none,-1,false,false,false,no_anchor_flip_in_entry_direction,,,,false,false,false,-1,-1,-1,-1,-1,false,false,false,0.0000,falling_n,false,96.83800000,96.55700000,4.2948,false,0.0000,0.0000,0,none,true,0.3843,preferred_382_618,0.200,diagnostic_only,diagnostic_only,diagnostic_only,shallow_pullback,4,0.440,true,none,0.590,high_quality,false,false,diagnostic_only,both,true,none,true,diagnostic_adjacent_detected,required_light,false,false,SHORT,6,false,false,1,2025.07.29 14:30:00,2025.07.29 16:00:00,6,3.6562,96.65100000,0.00000000,96.65100000,true,true,m5_lh_close_break_up,96.65100000,true,0.0926,1.1107,true,1,0.9025,true,5,96.65100000,0.1157,off,false,not_evaluated,none,0.8947,0.1053,normal,false,true,true,0.9025,failed_1bar,true,favorable_side,0.1800,false,clean_retest,1.7355,3.6562,0.4747,0.0000,true,strong_exhaustion,0.0000,none,none,false,false,none,0.0000,0.0000,0.0000,0.0000,none,false,false,0.0000,0.0000,false,false,-1,none,none,false,0.000,0.000,96.83800000,96.70600000,96.83800000,structure_confirmed_swing_high,0.10800000,0.8308,session_high|opening_range_high|neckline_level,96.70600000,0.5554,false,true,false,false,not_blocked,1,1,0,m5_failure_exit,off,none,0.00000000,0.0000,1.30,96.89900000,4.500,0.000,0.200,PERIOD_M15,96.83800000,96.55700000,0.3843,preferred_382_618,0.000,true,96.73000000,96.60000000,0.13000000,96.89900000,1.300,0.04321429,28.00,30-60,true,false,none,blocked_spread_too_high,5.100,5.100,none,0.0000,false,opposite_break_first,true,opposite_break_first,spread_too_high
2025.07.29 19:05:00,signal,session_reversal_pullback_one_symbol_first120,GBPUSD,LONG,2025.07.29 19:00:00,19,16,1,new_york,2025.07.29 16:00,0,first_120min,true,true,3,GBPUSD,highest_score_in_session_bar,new_york=USDJPY|EURJPY|GBPJPY|AUDJPY|EURUSD|GBPUSD,existing_first120_gate,new_york,false,false,true,passed_first_window,inverse_head_and_shoulders,neckline_break_retest,1.33360000,PERIOD_M5,PERIOD_H1,PERIOD_M15,PERIOD_M5,PERIOD_M5,false,htf_soft_alignment,current_post_filter,transcript_post_filter,dow_trend_down_ll_lh,no_ordered_dow_wave3_break,dow_trend_down_ll_lh,no_ordered_dow_wave3_break,false,true,false,LONG,PERIOD_M5,inverse_head_and_shoulders,inverse_head_and_shoulders,4.500,none,0.000,inverse_head_and_shoulders,4.500,none,0.000,LONG,false,PERIOD_H1_SHORT_dow_trend_down_ll_lh|PERIOD_M15_NONE_no_ordered_dow_wave3_break,true,h1_counter_m15_reversal,true,top_SHORT_dow_trend_down_ll_lh|structure_NONE_no_ordered_dow_wave3_break|structure_break_recent_confirmed_swing_break_failed|primary_break_recent_confirmed_swing_break_retest,none,below_75sma_falling,below_75sma_falling,above_75sma_flat_or_falling,-1,0.00000000,0,1.33360000,false,off,NONE,NONE,0.00000000,0.00000000,0.0000,none,0.000,true,LONG,return_high_break_or_bos_up,1.33528000,21,1.33610000,1.33068000,false,off,independent,false,,,false,0.0000,none,0.0000,0.0000,none,0.0000,0.0000,0.0000,none,0.0000,0,0,0.0000,none,none,none,none,0.0000,0,0.0000,none,false,true,not_evaluated,true,required_light_or_anchor_flip,short_bias,1.33149000,2025.07.29 10:30:00,1.33610000,2025.07.29 13:30:00,2025.07.29 16:00:00,false,NONE,0.00000000,0.00000000,0.0000,-1,false,,-1,NONE,0.00000000,0.00000000,0.0000,0.0000,none,,none,false,NONE,-1,-1,-1,false,false,none,false,true,false,true,none,true,required,false,PERIOD_M5,,,-1,0.0000,false,0.00000000,0.0000,false,0.0000,false,none,none,false,no_anchor_flip_in_entry_direction,true,required_first_signal_only,LONG,unknown,0.00000000,,0.00000000,,false,,-1,false,NONE,0.00000000,,0.00000000,0.0000,0.0000,none,-1,false,false,false,no_anchor_flip_in_entry_direction,,,,false,false,false,-1,-1,-1,-1,-1,false,false,false,0.0000,range_n,true,1.33610000,1.33068000,4.3811,false,0.0000,0.0000,0,none,true,0.3579,shallow_236_382,0.080,diagnostic_only,diagnostic_only,diagnostic_only,deep_pullback,11,0.320,true,none,0.470,high_quality,false,false,diagnostic_only,both,true,none,true,diagnostic_adjacent_detected,required_light,false,false,SHORT,5,false,false,0,2025.07.29 17:00:00,2025.07.29 17:50:00,14,4.8386,1.33360000,0.00000000,1.33360000,true,true,m5_lh_close_break_up,1.33360000,true,0.1779,0.9072,true,1,0.4625,true,9,1.33360000,0.1067,off,false,not_evaluated,none,0.5700,0.2400,normal,false,true,true,0.4625,failed_1bar,true,favorable_side,0.1500,false,clean_retest,3.3088,3.5934,0.9208,0.0000,true,strong_exhaustion,0.0000,none,none,false,false,none,0.0000,0.0000,0.0000,0.0000,none,false,false,0.0000,0.0000,false,false,-1,none,none,false,0.000,0.000,1.33428000,1.33411000,1.33428000,pre_session_high,0.00012000,0.0710,session_high|opening_range_high|neckline_level,1.33397000,0.3380,false,true,true,false,not_blocked,7,4,3,m5_failure_exit,off,none,0.00000000,0.0000,1.30,1.33635000,4.500,-0.300,0.200,PERIOD_M15,1.33610000,1.33068000,0.3579,outside,0.000,true,1.33416000,1.33247000,0.00169000,1.33635000,1.296,0.00056214,20.00,0-30,true,false,none,not_consumed,4.800,4.800,none,0.0000,false,neckline_retest_failed,false,not_invalidated,spread_too_high
2025.07.29 19:05:00,blocked,session_reversal_pullback_one_symbol_first120,GBPUSD,LONG,2025.07.29 19:00:00,19,16,1,new_york,2025.07.29 16:00,0,first_120min,true,true,3,GBPUSD,highest_score_in_session_bar,new_york=USDJPY|EURJPY|GBPJPY|AUDJPY|EURUSD|GBPUSD,existing_first120_gate,new_york,false,false,true,passed_first_window,inverse_head_and_shoulders,neckline_break_retest,1.33360000,PERIOD_M5,PERIOD_H1,PERIOD_M15,PERIOD_M5,PERIOD_M5,false,htf_soft_alignment,current_post_filter,transcript_post_filter,dow_trend_down_ll_lh,no_ordered_dow_wave3_break,dow_trend_down_ll_lh,no_ordered_dow_wave3_break,false,true,false,LONG,PERIOD_M5,inverse_head_and_shoulders,inverse_head_and_shoulders,4.500,none,0.000,inverse_head_and_shoulders,4.500,none,0.000,LONG,false,PERIOD_H1_SHORT_dow_trend_down_ll_lh|PERIOD_M15_NONE_no_ordered_dow_wave3_break,true,h1_counter_m15_reversal,true,top_SHORT_dow_trend_down_ll_lh|structure_NONE_no_ordered_dow_wave3_break|structure_break_recent_confirmed_swing_break_failed|primary_break_recent_confirmed_swing_break_retest,none,below_75sma_falling,below_75sma_falling,above_75sma_flat_or_falling,-1,0.00000000,0,1.33360000,false,off,NONE,NONE,0.00000000,0.00000000,0.0000,none,0.000,true,LONG,return_high_break_or_bos_up,1.33528000,21,1.33610000,1.33068000,false,off,independent,false,,,false,0.0000,none,0.0000,0.0000,none,0.0000,0.0000,0.0000,none,0.0000,0,0,0.0000,none,none,none,none,0.0000,0,0.0000,none,false,true,not_evaluated,true,required_light_or_anchor_flip,short_bias,1.33149000,2025.07.29 10:30:00,1.33610000,2025.07.29 13:30:00,2025.07.29 16:00:00,false,NONE,0.00000000,0.00000000,0.0000,-1,false,,-1,NONE,0.00000000,0.00000000,0.0000,0.0000,none,,none,false,NONE,-1,-1,-1,false,false,none,false,true,false,true,none,true,required,false,PERIOD_M5,,,-1,0.0000,false,0.00000000,0.0000,false,0.0000,false,none,none,false,no_anchor_flip_in_entry_direction,true,required_first_signal_only,LONG,unknown,0.00000000,,0.00000000,,false,,-1,false,NONE,0.00000000,,0.00000000,0.0000,0.0000,none,-1,false,false,false,no_anchor_flip_in_entry_direction,,,,false,false,false,-1,-1,-1,-1,-1,false,false,false,0.0000,range_n,true,1.33610000,1.33068000,4.3811,false,0.0000,0.0000,0,none,true,0.3579,shallow_236_382,0.080,diagnostic_only,diagnostic_only,diagnostic_only,deep_pullback,11,0.320,true,none,0.470,high_quality,false,false,diagnostic_only,both,true,none,true,diagnostic_adjacent_detected,required_light,false,false,SHORT,5,false,false,0,2025.07.29 17:00:00,2025.07.29 17:50:00,14,4.8386,1.33360000,0.00000000,1.33360000,true,true,m5_lh_close_break_up,1.33360000,true,0.1779,0.9072,true,1,0.4625,true,9,1.33360000,0.1067,off,false,not_evaluated,none,0.5700,0.2400,normal,false,true,true,0.4625,failed_1bar,true,favorable_side,0.1500,false,clean_retest,3.3088,3.5934,0.9208,0.0000,true,strong_exhaustion,0.0000,none,none,false,false,none,0.0000,0.0000,0.0000,0.0000,none,false,false,0.0000,0.0000,false,false,-1,none,none,false,0.000,0.000,1.33428000,1.33411000,1.33428000,pre_session_high,0.00012000,0.0710,session_high|opening_range_high|neckline_level,1.33397000,0.3380,false,true,true,false,not_blocked,7,4,3,m5_failure_exit,off,none,0.00000000,0.0000,1.30,1.33635000,4.500,-0.300,0.200,PERIOD_M15,1.33610000,1.33068000,0.3579,outside,0.000,true,1.33416000,1.33247000,0.00169000,1.33635000,1.296,0.00056214,20.00,0-30,true,false,none,blocked_spread_too_high,4.800,4.800,none,0.0000,false,neckline_retest_failed,false,not_invalidated,spread_too_high
2025.07.30 03:05:00,signal,session_reversal_pullback_one_symbol_first120,GBPJPY,SHORT,2025.07.30 03:00:00,3,0,9,tokyo,2025.07.30 00:00,0,first_120min,true,true,3,GBPJPY,highest_score_in_session_bar,tokyo=USDJPY|EURJPY|GBPJPY|AUDJPY,existing_first120_gate,tokyo,false,false,true,passed_first_window,head_and_shoulders,neckline_break_retest,198.21200000,PERIOD_M5,PERIOD_H1,PERIOD_M15,PERIOD_M5,PERIOD_M5,false,htf_soft_alignment,current_post_filter,transcript_post_filter,dow_range_or_transition,no_ordered_dow_wave3_break,dow_range_or_transition,no_ordered_dow_wave3_break,false,false,true,SHORT,PERIOD_M5,head_and_shoulders,head_and_shoulders,4.500,none,0.000,head_and_shoulders,4.500,none,0.000,SHORT,false,PERIOD_H1_NONE_dow_range_or_transition|PERIOD_M15_NONE_no_ordered_dow_wave3_break,true,h1_counter_m15_reversal,true,top_NONE_dow_range_or_transition|structure_NONE_no_ordered_dow_wave3_break|structure_break_recent_confirmed_swing_break_failed|primary_break_recent_confirmed_swing_break_retest,none,below_75sma_falling,above_75sma_rising,below_75sma_flat_or_rising,-1,0.00000000,0,198.20200000,false,off,NONE,NONE,0.00000000,0.00000000,0.0000,none,0.000,true,SHORT,return_low_break_or_bos_down,198.03800000,8,198.36600000,197.98900000,false,off,independent,false,,,false,0.0000,none,0.0000,0.0000,none,0.0000,0.0000,0.0000,none,0.0000,0,0,0.0000,none,none,none,none,0.0000,0,0.0000,none,false,true,not_evaluated,true,required_light_or_anchor_flip,short_bias,198.17100000,2025.07.29 22:15:00,198.36600000,2025.07.29 23:00:00,2025.07.30 00:45:00,false,NONE,0.00000000,0.00000000,0.0000,-1,false,,-1,NONE,0.00000000,0.00000000,0.0000,0.0000,none,,none,false,NONE,-1,-1,-1,false,false,none,true,false,false,true,none,true,required,false,PERIOD_M5,,,-1,0.0000,false,0.00000000,0.0000,false,0.0000,false,none,none,false,no_anchor_flip_in_entry_direction,true,required_first_signal_only,SHORT,unknown,0.00000000,,0.00000000,,false,,-1,false,NONE,0.00000000,,0.00000000,0.0000,0.0000,none,-1,false,false,false,no_anchor_flip_in_entry_direction,,,,false,false,false,-1,-1,-1,-1,-1,false,false,false,0.0000,range_n,true,198.36600000,197.98900000,3.8610,false,0.0000,0.0000,0,none,true,0.5199,preferred_382_618,0.200,diagnostic_only,diagnostic_only,diagnostic_only,shallow_pullback,24,0.400,true,none,0.550,high_quality,false,false,diagnostic_only,both,true,none,true,diagnostic_adjacent_detected,required_light,false,false,LONG,6,false,false,2,2025.07.30 00:55:00,2025.07.30 02:15:00,9,6.9226,0.00000000,198.20200000,198.20200000,true,true,m5_hl_close_break_down,198.20200000,true,0.5308,0.7741,true,1,0.0000,true,1,198.20200000,0.3096,off,false,not_evaluated,none,0.9310,0.0690,very_strong,true,false,false,0.0000,held_clean,true,favorable_side,0.3563,false,clean_retest,2.2117,5.2859,0.4184,1.6367,false,mild_exhaustion,0.0000,none,none,false,false,none,0.0000,0.0000,0.0000,0.0000,none,false,false,0.0000,0.0000,false,false,-1,none,none,false,0.000,0.000,198.21200000,198.17400000,198.17400000,pre_session_low,0.01100000,0.1058,neckline_level,198.21200000,0.5972,false,true,false,false,not_blocked,3,3,0,m5_failure_exit,off,none,0.00000000,0.0000,1.30,198.05000000,4.500,-0.300,0.200,PERIOD_M15,198.36600000,197.98900000,0.5199,preferred_382_618,0.000,true,198.18500000,198.28900000,0.10400000,198.05000000,1.298,0.04521429,46.00,0-30,true,false,none,not_consumed,4.800,4.800,none,0.0000,false,neckline_retest_failed,false,not_invalidated,spread_too_high
2025.07.30 03:05:00,blocked,session_reversal_pullback_one_symbol_first120,GBPJPY,SHORT,2025.07.30 03:00:00,3,0,9,tokyo,2025.07.30 00:00,0,first_120min,true,true,3,GBPJPY,highest_score_in_session_bar,tokyo=USDJPY|EURJPY|GBPJPY|AUDJPY,existing_first120_gate,tokyo,false,false,true,passed_first_window,head_and_shoulders,neckline_break_retest,198.21200000,PERIOD_M5,PERIOD_H1,PERIOD_M15,PERIOD_M5,PERIOD_M5,false,htf_soft_alignment,current_post_filter,transcript_post_filter,dow_range_or_transition,no_ordered_dow_wave3_break,dow_range_or_transition,no_ordered_dow_wave3_break,false,false,true,SHORT,PERIOD_M5,head_and_shoulders,head_and_shoulders,4.500,none,0.000,head_and_shoulders,4.500,none,0.000,SHORT,false,PERIOD_H1_NONE_dow_range_or_transition|PERIOD_M15_NONE_no_ordered_dow_wave3_break,true,h1_counter_m15_reversal,true,top_NONE_dow_range_or_transition|structure_NONE_no_ordered_dow_wave3_break|structure_break_recent_confirmed_swing_break_failed|primary_break_recent_confirmed_swing_break_retest,none,below_75sma_falling,above_75sma_rising,below_75sma_flat_or_rising,-1,0.00000000,0,198.20200000,false,off,NONE,NONE,0.00000000,0.00000000,0.0000,none,0.000,true,SHORT,return_low_break_or_bos_down,198.03800000,8,198.36600000,197.98900000,false,off,independent,false,,,false,0.0000,none,0.0000,0.0000,none,0.0000,0.0000,0.0000,none,0.0000,0,0,0.0000,none,none,none,none,0.0000,0,0.0000,none,false,true,not_evaluated,true,required_light_or_anchor_flip,short_bias,198.17100000,2025.07.29 22:15:00,198.36600000,2025.07.29 23:00:00,2025.07.30 00:45:00,false,NONE,0.00000000,0.00000000,0.0000,-1,false,,-1,NONE,0.00000000,0.00000000,0.0000,0.0000,none,,none,false,NONE,-1,-1,-1,false,false,none,true,false,false,true,none,true,required,false,PERIOD_M5,,,-1,0.0000,false,0.00000000,0.0000,false,0.0000,false,none,none,false,no_anchor_flip_in_entry_direction,true,required_first_signal_only,SHORT,unknown,0.00000000,,0.00000000,,false,,-1,false,NONE,0.00000000,,0.00000000,0.0000,0.0000,none,-1,false,false,false,no_anchor_flip_in_entry_direction,,,,false,false,false,-1,-1,-1,-1,-1,false,false,false,0.0000,range_n,true,198.36600000,197.98900000,3.8610,false,0.0000,0.0000,0,none,true,0.5199,preferred_382_618,0.200,diagnostic_only,diagnostic_only,diagnostic_only,shallow_pullback,24,0.400,true,none,0.550,high_quality,false,false,diagnostic_only,both,true,none,true,diagnostic_adjacent_detected,required_light,false,false,LONG,6,false,false,2,2025.07.30 00:55:00,2025.07.30 02:15:00,9,6.9226,0.00000000,198.20200000,198.20200000,true,true,m5_hl_close_break_down,198.20200000,true,0.5308,0.7741,true,1,0.0000,true,1,198.20200000,0.3096,off,false,not_evaluated,none,0.9310,0.0690,very_strong,true,false,false,0.0000,held_clean,true,favorable_side,0.3563,false,clean_retest,2.2117,5.2859,0.4184,1.6367,false,mild_exhaustion,0.0000,none,none,false,false,none,0.0000,0.0000,0.0000,0.0000,none,false,false,0.0000,0.0000,false,false,-1,none,none,false,0.000,0.000,198.21200000,198.17400000,198.17400000,pre_session_low,0.01100000,0.1058,neckline_level,198.21200000,0.5972,false,true,false,false,not_blocked,3,3,0,m5_failure_exit,off,none,0.00000000,0.0000,1.30,198.05000000,4.500,-0.300,0.200,PERIOD_M15,198.36600000,197.98900000,0.5199,preferred_382_618,0.000,true,198.18500000,198.28900000,0.10400000,198.05000000,1.298,0.04521429,46.00,0-30,true,false,none,blocked_spread_too_high,4.800,4.800,none,0.0000,false,neckline_retest_failed,false,not_invalidated,spread_too_high
2025.07.30 12:00:00,signal,session_reversal_pullback_one_symbol_first120,GBPJPY,SHORT,2025.07.30 11:55:00,11,8,17,london,2025.07.30 07:00,115,first_120min,false,true,3,GBPJPY,highest_score_in_session_bar,london=USDJPY|EURJPY|GBPJPY|AUDJPY|EURUSD|GBPUSD,existing_first120_gate,london,false,false,true,passed_first_window,head_and_shoulders,neckline_break_retest,197.77500000,PERIOD_M5,PERIOD_H1,PERIOD_M15,PERIOD_M5,PERIOD_M5,false,htf_soft_alignment,current_post_filter,transcript_post_filter,dow_range_or_transition,ordered_dow_wave3_break_above_swing_high,dow_range_or_transition,ordered_dow_wave3_break_above_swing_high,false,true,true,SHORT,PERIOD_M5,head_and_shoulders,head_and_shoulders,4.500,none,0.000,head_and_shoulders,4.500,none,0.000,SHORT,false,PERIOD_H1_NONE_dow_range_or_transition|PERIOD_M15_LONG_ordered_dow_wave3_break_above_swing_high,true,h1_counter_m15_reversal,true,top_NONE_dow_range_or_transition|structure_LONG_ordered_dow_wave3_break_above_swing_high|structure_break_recent_confirmed_swing_break_failed|primary_break_recent_confirmed_swing_break_retest,none,below_75sma_falling,below_75sma_falling,above_75sma_flat_or_falling,-1,0.00000000,1,197.75800000,false,off,NONE,NONE,0.00000000,0.00000000,0.0000,none,0.000,true,SHORT,return_low_break_or_bos_down,197.57600000,13,197.88800000,197.43100000,false,off,independent,false,,,false,0.0000,none,0.0000,0.0000,none,0.0000,0.0000,0.0000,none,0.0000,0,0,0.0000,none,none,none,none,0.0000,0,0.0000,none,false,true,not_evaluated,true,required_light_or_anchor_flip,long_bias,197.51700000,2025.07.30 10:00:00,197.81400000,2025.07.30 07:15:00,2025.07.30 11:00:00,false,NONE,0.00000000,0.00000000,0.0000,-1,false,,-1,NONE,0.00000000,0.00000000,0.0000,0.0000,none,,none,false,NONE,-1,-1,-1,false,false,none,false,true,false,true,none,true,required,false,PERIOD_M5,,,-1,0.0000,false,0.00000000,0.0000,false,0.0000,false,none,none,false,no_anchor_flip_in_entry_direction,true,required_first_signal_only,SHORT,unknown,0.00000000,,0.00000000,,false,,-1,false,NONE,0.00000000,,0.00000000,0.0000,0.0000,none,-1,false,false,false,no_anchor_flip_in_entry_direction,,,,false,false,false,-1,-1,-1,-1,-1,false,false,false,0.0000,rising_n,false,197.88800000,197.43100000,3.4032,false,0.0000,0.0000,0,none,true,0.7462,deep_618_786,0.120,diagnostic_only,diagnostic_only,diagnostic_only,shallow_pullback,24,0.320,true,none,0.470,high_quality,false,false,diagnostic_only,both,true,none,true,diagnostic_adjacent_detected,required_light,false,false,LONG,3,false,false,0,,,-1,0.0000,0.00000000,0.00000000,0.00000000,false,false,none,0.00000000,false,0.0000,0.0000,false,1,0.0000,false,-1,0.00000000,0.0000,off,false,not_evaluated,none,0.0000,0.0000,none,false,false,false,0.0000,none,false,none,0.0000,false,none,0.0000,0.0000,0.0000,0.0000,false,none,0.0000,none,none,false,false,none,0.0000,0.0000,0.0000,0.0000,none,false,false,0.0000,0.0000,false,false,-1,none,none,false,0.000,0.000,197.77500000,197.75800000,197.75800000,recent_rejection_zone,0.01400000,0.1157,neckline_level,197.77500000,0.0400,false,true,true,false,not_blocked,9,5,4,m5_failure_exit,off,none,0.00000000,0.0000,1.30,197.61500000,4.500,-0.300,0.200,PERIOD_M15,197.70500000,197.51700000,1.3564,outside,0.000,true,197.77200000,197.89300000,0.12100000,197.61500000,1.298,0.07500000,38.00,90-120,true,false,none,not_consumed,4.800,4.800,none,0.0000,false,opposite_break_first,true,opposite_break_first,spread_too_high
2025.07.30 12:00:00,blocked,session_reversal_pullback_one_symbol_first120,GBPJPY,SHORT,2025.07.30 11:55:00,11,8,17,london,2025.07.30 07:00,115,first_120min,false,true,3,GBPJPY,highest_score_in_session_bar,london=USDJPY|EURJPY|GBPJPY|AUDJPY|EURUSD|GBPUSD,existing_first120_gate,london,false,false,true,passed_first_window,head_and_shoulders,neckline_break_retest,197.77500000,PERIOD_M5,PERIOD_H1,PERIOD_M15,PERIOD_M5,PERIOD_M5,false,htf_soft_alignment,current_post_filter,transcript_post_filter,dow_range_or_transition,ordered_dow_wave3_break_above_swing_high,dow_range_or_transition,ordered_dow_wave3_break_above_swing_high,false,true,true,SHORT,PERIOD_M5,head_and_shoulders,head_and_shoulders,4.500,none,0.000,head_and_shoulders,4.500,none,0.000,SHORT,false,PERIOD_H1_NONE_dow_range_or_transition|PERIOD_M15_LONG_ordered_dow_wave3_break_above_swing_high,true,h1_counter_m15_reversal,true,top_NONE_dow_range_or_transition|structure_LONG_ordered_dow_wave3_break_above_swing_high|structure_break_recent_confirmed_swing_break_failed|primary_break_recent_confirmed_swing_break_retest,none,below_75sma_falling,below_75sma_falling,above_75sma_flat_or_falling,-1,0.00000000,1,197.75800000,false,off,NONE,NONE,0.00000000,0.00000000,0.0000,none,0.000,true,SHORT,return_low_break_or_bos_down,197.57600000,13,197.88800000,197.43100000,false,off,independent,false,,,false,0.0000,none,0.0000,0.0000,none,0.0000,0.0000,0.0000,none,0.0000,0,0,0.0000,none,none,none,none,0.0000,0,0.0000,none,false,true,not_evaluated,true,required_light_or_anchor_flip,long_bias,197.51700000,2025.07.30 10:00:00,197.81400000,2025.07.30 07:15:00,2025.07.30 11:00:00,false,NONE,0.00000000,0.00000000,0.0000,-1,false,,-1,NONE,0.00000000,0.00000000,0.0000,0.0000,none,,none,false,NONE,-1,-1,-1,false,false,none,false,true,false,true,none,true,required,false,PERIOD_M5,,,-1,0.0000,false,0.00000000,0.0000,false,0.0000,false,none,none,false,no_anchor_flip_in_entry_direction,true,required_first_signal_only,SHORT,unknown,0.00000000,,0.00000000,,false,,-1,false,NONE,0.00000000,,0.00000000,0.0000,0.0000,none,-1,false,false,false,no_anchor_flip_in_entry_direction,,,,false,false,false,-1,-1,-1,-1,-1,false,false,false,0.0000,rising_n,false,197.88800000,197.43100000,3.4032,false,0.0000,0.0000,0,none,true,0.7462,deep_618_786,0.120,diagnostic_only,diagnostic_only,diagnostic_only,shallow_pullback,24,0.320,true,none,0.470,high_quality,false,false,diagnostic_only,both,true,none,true,diagnostic_adjacent_detected,required_light,false,false,LONG,3,false,false,0,,,-1,0.0000,0.00000000,0.00000000,0.00000000,false,false,none,0.00000000,false,0.0000,0.0000,false,1,0.0000,false,-1,0.00000000,0.0000,off,false,not_evaluated,none,0.0000,0.0000,none,false,false,false,0.0000,none,false,none,0.0000,false,none,0.0000,0.0000,0.0000,0.0000,false,none,0.0000,none,none,false,false,none,0.0000,0.0000,0.0000,0.0000,none,false,false,0.0000,0.0000,false,false,-1,none,none,false,0.000,0.000,197.77500000,197.75800000,197.75800000,recent_rejection_zone,0.01400000,0.1157,neckline_level,197.77500000,0.0400,false,true,true,false,not_blocked,9,5,4,m5_failure_exit,off,none,0.00000000,0.0000,1.30,197.61500000,4.500,-0.300,0.200,PERIOD_M15,197.70500000,197.51700000,1.3564,outside,0.000,true,197.77200000,197.89300000,0.12100000,197.61500000,1.298,0.07500000,38.00,90-120,true,false,none,blocked_spread_too_high,4.800,4.800,none,0.0000,false,opposite_break_first,true,opposite_break_first,spread_too_high
2025.07.30 17:10:01,signal,session_reversal_pullback_one_symbol_first120,EURJPY,LONG,2025.07.30 17:05:00,17,14,23,london_newyork_overlap,2025.07.30 13:00,65,first_120min,false,true,3,EURJPY,highest_score_in_session_bar,london_newyork_overlap=USDJPY|EURJPY|GBPJPY|AUDJPY|EURUSD|GBPUSD,existing_first120_gate,london_newyork_overlap,false,false,true,passed_first_window,inverse_head_and_shoulders,neckline_break_retest,170.86300000,PERIOD_M5,PERIOD_H1,PERIOD_M15,PERIOD_M5,PERIOD_M5,false,htf_soft_alignment,current_post_filter,transcript_post_filter,dow_trend_down_ll_lh,structure_trend_bias_dow_trend_down_ll_lh,dow_trend_down_ll_lh,structure_trend_bias_dow_trend_down_ll_lh,false,true,false,LONG,PERIOD_M5,inverse_head_and_shoulders,inverse_head_and_shoulders,4.500,none,0.000,inverse_head_and_shoulders,4.500,none,0.000,LONG,false,PERIOD_H1_SHORT_dow_trend_down_ll_lh|PERIOD_M15_SHORT_structure_trend_bias_dow_trend_down_ll_lh,true,h1_counter_m15_reversal,true,top_SHORT_dow_trend_down_ll_lh|structure_SHORT_structure_trend_bias_dow_trend_down_ll_lh|structure_break_recent_confirmed_swing_break_failed|primary_break_recent_confirmed_swing_break_retest,none,below_75sma_falling,below_75sma_falling,above_75sma_flat_or_falling,-1,0.00000000,0,170.88100000,false,off,NONE,NONE,0.00000000,0.00000000,0.0000,none,0.000,true,LONG,return_high_break_or_bos_up,171.03500000,14,171.11000000,170.69000000,false,off,independent,false,,,false,0.0000,none,0.0000,0.0000,none,0.0000,0.0000,0.0000,none,0.0000,0,0,0.0000,none,none,none,none,0.0000,0,0.0000,none,false,true,not_evaluated,true,required_light_or_anchor_flip,short_bias,170.85400000,2025.07.30 10:00:00,171.04600000,2025.07.30 15:00:00,2025.07.30 16:00:00,false,NONE,0.00000000,0.00000000,0.0000,-1,false,,-1,NONE,0.00000000,0.00000000,0.0000,0.0000,none,,none,false,NONE,-1,-1,-1,false,false,none,false,true,false,true,none,true,required,false,PERIOD_M5,,,-1,0.0000,false,0.00000000,0.0000,false,0.0000,false,none,none,false,no_anchor_flip_in_entry_direction,true,required_first_signal_only,LONG,unknown,0.00000000,,0.00000000,,false,,-1,false,NONE,0.00000000,,0.00000000,0.0000,0.0000,none,-1,false,false,false,no_anchor_flip_in_entry_direction,,,,false,false,false,-1,-1,-1,-1,-1,false,false,false,0.0000,falling_n,false,171.15700000,170.69000000,3.0971,false,0.0000,0.0000,0,none,true,0.3262,shallow_236_382,0.080,diagnostic_only,diagnostic_only,diagnostic_only,fib_pullback,24,0.280,true,none,0.430,high_quality,false,false,diagnostic_only,both,true,none,true,diagnostic_adjacent_detected,required_light,false,false,SHORT,5,false,false,1,2025.07.30 15:00:00,2025.07.30 16:10:00,11,3.1544,170.88100000,0.00000000,170.88100000,true,true,m5_lh_close_break_up,170.88100000,true,0.1329,0.8152,true,1,0.4076,true,6,170.88100000,0.1418,off,false,not_evaluated,none,0.9789,0.0211,strong,false,false,false,0.4076,held_no_close_back,true,favorable_side,0.1141,true,clean_retest,1.6924,3.0747,0.5504,0.0797,false,strong_exhaustion,0.0000,none,none,false,false,none,0.0000,0.0000,0.0000,0.0000,none,false,false,0.0000,0.0000,false,false,-1,none,none,false,0.000,0.000,171.00000000,170.94900000,171.00000000,round_number,0.02700000,0.1256,opening_range_high|neckline_level,170.88100000,0.8152,false,true,true,false,not_blocked,5,4,1,m5_failure_exit,off,none,0.00000000,0.0000,1.30,171.25300000,4.500,-0.300,0.200,PERIOD_M15,171.04600000,170.78200000,0.2765,outside,0.000,true,170.97300000,170.75800000,0.21500000,171.25300000,1.302,0.11285714,30.00,60-90,true,false,none,not_consumed,4.800,4.800,none,0.0000,false,neckline_retest_failed,false,not_invalidated,spread_too_high
2025.07.30 17:10:01,blocked,session_reversal_pullback_one_symbol_first120,EURJPY,LONG,2025.07.30 17:05:00,17,14,23,london_newyork_overlap,2025.07.30 13:00,65,first_120min,false,true,3,EURJPY,highest_score_in_session_bar,london_newyork_overlap=USDJPY|EURJPY|GBPJPY|AUDJPY|EURUSD|GBPUSD,existing_first120_gate,london_newyork_overlap,false,false,true,passed_first_window,inverse_head_and_shoulders,neckline_break_retest,170.86300000,PERIOD_M5,PERIOD_H1,PERIOD_M15,PERIOD_M5,PERIOD_M5,false,htf_soft_alignment,current_post_filter,transcript_post_filter,dow_trend_down_ll_lh,structure_trend_bias_dow_trend_down_ll_lh,dow_trend_down_ll_lh,structure_trend_bias_dow_trend_down_ll_lh,false,true,false,LONG,PERIOD_M5,inverse_head_and_shoulders,inverse_head_and_shoulders,4.500,none,0.000,inverse_head_and_shoulders,4.500,none,0.000,LONG,false,PERIOD_H1_SHORT_dow_trend_down_ll_lh|PERIOD_M15_SHORT_structure_trend_bias_dow_trend_down_ll_lh,true,h1_counter_m15_reversal,true,top_SHORT_dow_trend_down_ll_lh|structure_SHORT_structure_trend_bias_dow_trend_down_ll_lh|structure_break_recent_confirmed_swing_break_failed|primary_break_recent_confirmed_swing_break_retest,none,below_75sma_falling,below_75sma_falling,above_75sma_flat_or_falling,-1,0.00000000,0,170.88100000,false,off,NONE,NONE,0.00000000,0.00000000,0.0000,none,0.000,true,LONG,return_high_break_or_bos_up,171.03500000,14,171.11000000,170.69000000,false,off,independent,false,,,false,0.0000,none,0.0000,0.0000,none,0.0000,0.0000,0.0000,none,0.0000,0,0,0.0000,none,none,none,none,0.0000,0,0.0000,none,false,true,not_evaluated,true,required_light_or_anchor_flip,short_bias,170.85400000,2025.07.30 10:00:00,171.04600000,2025.07.30 15:00:00,2025.07.30 16:00:00,false,NONE,0.00000000,0.00000000,0.0000,-1,false,,-1,NONE,0.00000000,0.00000000,0.0000,0.0000,none,,none,false,NONE,-1,-1,-1,false,false,none,false,true,false,true,none,true,required,false,PERIOD_M5,,,-1,0.0000,false,0.00000000,0.0000,false,0.0000,false,none,none,false,no_anchor_flip_in_entry_direction,true,required_first_signal_only,LONG,unknown,0.00000000,,0.00000000,,false,,-1,false,NONE,0.00000000,,0.00000000,0.0000,0.0000,none,-1,false,false,false,no_anchor_flip_in_entry_direction,,,,false,false,false,-1,-1,-1,-1,-1,false,false,false,0.0000,falling_n,false,171.15700000,170.69000000,3.0971,false,0.0000,0.0000,0,none,true,0.3262,shallow_236_382,0.080,diagnostic_only,diagnostic_only,diagnostic_only,fib_pullback,24,0.280,true,none,0.430,high_quality,false,false,diagnostic_only,both,true,none,true,diagnostic_adjacent_detected,required_light,false,false,SHORT,5,false,false,1,2025.07.30 15:00:00,2025.07.30 16:10:00,11,3.1544,170.88100000,0.00000000,170.88100000,true,true,m5_lh_close_break_up,170.88100000,true,0.1329,0.8152,true,1,0.4076,true,6,170.88100000,0.1418,off,false,not_evaluated,none,0.9789,0.0211,strong,false,false,false,0.4076,held_no_close_back,true,favorable_side,0.1141,true,clean_retest,1.6924,3.0747,0.5504,0.0797,false,strong_exhaustion,0.0000,none,none,false,false,none,0.0000,0.0000,0.0000,0.0000,none,false,false,0.0000,0.0000,false,false,-1,none,none,false,0.000,0.000,171.00000000,170.94900000,171.00000000,round_number,0.02700000,0.1256,opening_range_high|neckline_level,170.88100000,0.8152,false,true,true,false,not_blocked,5,4,1,m5_failure_exit,off,none,0.00000000,0.0000,1.30,171.25300000,4.500,-0.300,0.200,PERIOD_M15,171.04600000,170.78200000,0.2765,outside,0.000,true,170.97300000,170.75800000,0.21500000,171.25300000,1.302,0.11285714,30.00,60-90,true,false,none,blocked_spread_too_high,4.800,4.800,none,0.0000,false,neckline_retest_failed,false,not_invalidated,spread_too_high
2025.07.30 19:25:00,signal,session_reversal_pullback_one_symbol_first120,EURJPY,LONG,2025.07.30 19:20:00,19,16,1,new_york,2025.07.30 16:00,20,first_120min,true,true,3,EURJPY,highest_score_in_session_bar,new_york=USDJPY|EURJPY|GBPJPY|AUDJPY|EURUSD|GBPUSD,existing_first120_gate,new_york,false,false,true,passed_first_window,sweep_low_reclaim,sweep_reclaim_retest,170.90800000,PERIOD_M5,PERIOD_H1,PERIOD_M15,PERIOD_M5,PERIOD_M5,false,htf_soft_alignment,current_post_filter,transcript_post_filter,dow_trend_down_ll_lh,structure_trend_bias_dow_trend_down_ll_lh,dow_trend_down_ll_lh,structure_trend_bias_dow_trend_down_ll_lh,false,true,false,LONG,PERIOD_M5,sweep_low_reclaim,sweep_low_reclaim,3.400,none,0.000,sweep_low_reclaim,3.400,none,0.000,LONG,false,PERIOD_H1_SHORT_dow_trend_down_ll_lh|PERIOD_M15_SHORT_structure_trend_bias_dow_trend_down_ll_lh,true,h1_counter_m15_reversal,true,top_SHORT_dow_trend_down_ll_lh|structure_SHORT_structure_trend_bias_dow_trend_down_ll_lh|structure_break_recent_confirmed_swing_break_failed|primary_break_recent_confirmed_swing_break_continuation,none,below_75sma_falling,below_75sma_falling,above_75sma_flat_or_falling,-1,0.00000000,0,170.88100000,false,off,NONE,NONE,0.00000000,0.00000000,0.0000,none,0.000,true,LONG,return_high_break_or_bos_up,171.03500000,23,171.11000000,170.69000000,false,off,independent,false,,,false,0.0000,none,0.0000,0.0000,none,0.0000,0.0000,0.0000,none,0.0000,0,0,0.0000,none,none,none,none,0.0000,0,0.0000,none,false,true,not_evaluated,true,required_light_or_anchor_flip,short_bias,170.85400000,2025.07.30 10:00:00,171.04600000,2025.07.30 15:00:00,2025.07.30 16:00:00,false,NONE,0.00000000,0.00000000,0.0000,-1,false,,-1,NONE,0.00000000,0.00000000,0.0000,0.0000,none,,none,false,NONE,-1,-1,-1,false,false,none,false,true,false,true,none,true,required,false,PERIOD_M5,,,-1,0.0000,false,0.00000000,0.0000,false,0.0000,false,none,none,false,no_anchor_flip_in_entry_direction,true,required_first_signal_only,LONG,unknown,0.00000000,,0.00000000,,false,,-1,false,NONE,0.00000000,,0.00000000,0.0000,0.0000,none,-1,false,false,false,no_anchor_flip_in_entry_direction,,,,false,false,false,-1,-1,-1,-1,-1,false,false,false,0.0000,falling_n,false,171.15700000,170.69000000,3.6262,false,0.0000,0.0000,0,none,true,0.2667,shallow_236_382,0.080,diagnostic_only,diagnostic_only,diagnostic_only,shallow_pullback,24,0.280,true,none,0.430,medium_quality,false,false,diagnostic_only,both,true,none,true,diagnostic_adjacent_detected,required_light,false,false,SHORT,5,false,false,0,2025.07.30 17:35:00,2025.07.30 18:35:00,9,3.2995,171.03600000,0.00000000,171.03600000,false,false,none,0.00000000,false,0.0000,0.0000,false,1,0.0000,false,-1,0.00000000,0.0000,off,false,not_evaluated,none,0.0000,0.0000,none,false,false,false,0.0000,none,false,none,0.0000,false,none,2.2057,2.9531,0.7469,0.0000,true,strong_exhaustion,0.0000,none,none,false,false,none,0.0000,0.0000,0.0000,0.0000,none,false,false,0.0000,0.0000,false,false,-1,none,none,false,0.000,0.000,171.00600000,170.97985714,171.01400000,structure_confirmed_swing_high,0.01600000,0.1441,session_high|opening_range_high|neckline_level,171.00600000,0.1458,false,true,false,false,not_blocked,4,4,0,m5_failure_exit,off,none,0.00000000,0.0000,1.30,171.14200000,3.400,-0.300,0.200,PERIOD_M15,171.01400000,170.69000000,0.0494,outside,0.000,true,170.99800000,170.88700000,0.11100000,171.14200000,1.297,0.05485714,30.00,0-30,true,false,none,not_consumed,3.700,3.700,none,0.0000,false,opposite_break_first,true,opposite_break_first,spread_too_high
2025.07.30 19:25:00,blocked,session_reversal_pullback_one_symbol_first120,EURJPY,LONG,2025.07.30 19:20:00,19,16,1,new_york,2025.07.30 16:00,20,first_120min,true,true,3,EURJPY,highest_score_in_session_bar,new_york=USDJPY|EURJPY|GBPJPY|AUDJPY|EURUSD|GBPUSD,existing_first120_gate,new_york,false,false,true,passed_first_window,sweep_low_reclaim,sweep_reclaim_retest,170.90800000,PERIOD_M5,PERIOD_H1,PERIOD_M15,PERIOD_M5,PERIOD_M5,false,htf_soft_alignment,current_post_filter,transcript_post_filter,dow_trend_down_ll_lh,structure_trend_bias_dow_trend_down_ll_lh,dow_trend_down_ll_lh,structure_trend_bias_dow_trend_down_ll_lh,false,true,false,LONG,PERIOD_M5,sweep_low_reclaim,sweep_low_reclaim,3.400,none,0.000,sweep_low_reclaim,3.400,none,0.000,LONG,false,PERIOD_H1_SHORT_dow_trend_down_ll_lh|PERIOD_M15_SHORT_structure_trend_bias_dow_trend_down_ll_lh,true,h1_counter_m15_reversal,true,top_SHORT_dow_trend_down_ll_lh|structure_SHORT_structure_trend_bias_dow_trend_down_ll_lh|structure_break_recent_confirmed_swing_break_failed|primary_break_recent_confirmed_swing_break_continuation,none,below_75sma_falling,below_75sma_falling,above_75sma_flat_or_falling,-1,0.00000000,0,170.88100000,false,off,NONE,NONE,0.00000000,0.00000000,0.0000,none,0.000,true,LONG,return_high_break_or_bos_up,171.03500000,23,171.11000000,170.69000000,false,off,independent,false,,,false,0.0000,none,0.0000,0.0000,none,0.0000,0.0000,0.0000,none,0.0000,0,0,0.0000,none,none,none,none,0.0000,0,0.0000,none,false,true,not_evaluated,true,required_light_or_anchor_flip,short_bias,170.85400000,2025.07.30 10:00:00,171.04600000,2025.07.30 15:00:00,2025.07.30 16:00:00,false,NONE,0.00000000,0.00000000,0.0000,-1,false,,-1,NONE,0.00000000,0.00000000,0.0000,0.0000,none,,none,false,NONE,-1,-1,-1,false,false,none,false,true,false,true,none,true,required,false,PERIOD_M5,,,-1,0.0000,false,0.00000000,0.0000,false,0.0000,false,none,none,false,no_anchor_flip_in_entry_direction,true,required_first_signal_only,LONG,unknown,0.00000000,,0.00000000,,false,,-1,false,NONE,0.00000000,,0.00000000,0.0000,0.0000,none,-1,false,false,false,no_anchor_flip_in_entry_direction,,,,false,false,false,-1,-1,-1,-1,-1,false,false,false,0.0000,falling_n,false,171.15700000,170.69000000,3.6262,false,0.0000,0.0000,0,none,true,0.2667,shallow_236_382,0.080,diagnostic_only,diagnostic_only,diagnostic_only,shallow_pullback,24,0.280,true,none,0.430,medium_quality,false,false,diagnostic_only,both,true,none,true,diagnostic_adjacent_detected,required_light,false,false,SHORT,5,false,false,0,2025.07.30 17:35:00,2025.07.30 18:35:00,9,3.2995,171.03600000,0.00000000,171.03600000,false,false,none,0.00000000,false,0.0000,0.0000,false,1,0.0000,false,-1,0.00000000,0.0000,off,false,not_evaluated,none,0.0000,0.0000,none,false,false,false,0.0000,none,false,none,0.0000,false,none,2.2057,2.9531,0.7469,0.0000,true,strong_exhaustion,0.0000,none,none,false,false,none,0.0000,0.0000,0.0000,0.0000,none,false,false,0.0000,0.0000,false,false,-1,none,none,false,0.000,0.000,171.00600000,170.97985714,171.01400000,structure_confirmed_swing_high,0.01600000,0.1441,session_high|opening_range_high|neckline_level,171.00600000,0.1458,false,true,false,false,not_blocked,4,4,0,m5_failure_exit,off,none,0.00000000,0.0000,1.30,171.14200000,3.400,-0.300,0.200,PERIOD_M15,171.01400000,170.69000000,0.0494,outside,0.000,true,170.99800000,170.88700000,0.11100000,171.14200000,1.297,0.05485714,30.00,0-30,true,false,none,blocked_spread_too_high,3.700,3.700,none,0.0000,false,opposite_break_first,true,opposite_break_first,spread_too_high
2025.07.31 04:35:00,signal,session_reversal_pullback_one_symbol_first120,EURJPY,LONG,2025.07.31 04:30:00,4,1,10,tokyo,2025.07.31 00:00,90,first_120min,false,true,3,EURJPY,highest_score_in_session_bar,tokyo=USDJPY|EURJPY|GBPJPY|AUDJPY,existing_first120_gate,tokyo,true,false,true,passed_first_window,double_bottom,neckline_break_retest,170.61800000,PERIOD_M5,PERIOD_H1,PERIOD_M15,PERIOD_M5,PERIOD_M5,false,htf_soft_alignment,current_post_filter,transcript_post_filter,dow_trend_down_ll_lh,structure_trend_bias_dow_trend_down_ll_lh,dow_trend_down_ll_lh,structure_trend_bias_dow_trend_down_ll_lh,false,true,false,LONG,PERIOD_M5,double_bottom,double_bottom,4.200,none,0.000,double_bottom,4.200,none,0.000,LONG,false,PERIOD_H1_SHORT_dow_trend_down_ll_lh|PERIOD_M15_SHORT_structure_trend_bias_dow_trend_down_ll_lh,true,h1_counter_m15_reversal,true,top_SHORT_dow_trend_down_ll_lh|structure_SHORT_structure_trend_bias_dow_trend_down_ll_lh|structure_break_recent_confirmed_swing_break_failed|primary_break_recent_confirmed_swing_break_retest,none,below_75sma_falling,below_75sma_falling,above_75sma_flat_or_falling,-1,0.00000000,7,170.66500000,false,off,NONE,NONE,0.00000000,0.00000000,0.0000,none,0.000,true,LONG,return_high_break_or_bos_up,170.73800000,3,170.73800000,170.37900000,false,off,independent,false,,,false,0.0000,none,0.0000,0.0000,none,0.0000,0.0000,0.0000,none,0.0000,0,0,0.0000,none,none,none,none,0.0000,0,0.0000,none,false,true,not_evaluated,true,required_light_or_anchor_flip,bias_flip_up,170.85400000,2025.07.30 10:00:00,170.73800000,2025.07.30 23:00:00,2025.07.31 01:00:00,true,LONG,170.73800000,170.77000000,0.2679,3,true,2025.07.31 03:30:00,3,LONG,170.73800000,170.77000000,0.2679,0.4856,normal,2025.07.31 03:30:00,first_after_anchor,true,LONG,3,3,3,true,false,fresh_0_4,true,false,false,true,none,true,required,true,PERIOD_M5,2025.07.31 03:35:00,2025.07.31 03:35:00,12,0.2229,true,170.73800000,0.2229,false,0.0000,true,m5_bos_up_after_anchor_retest,retest_reconfirm,true,none,true,required_first_signal_only,LONG,unknown,0.00000000,,0.00000000,,false,,-1,false,NONE,0.00000000,,0.00000000,0.0000,0.0000,none,-1,false,false,false,insufficient_confirmed_m5_pivots,EURJPY|LONG|1753932600|170.738,,,false,false,false,-1,-1,-1,-1,-1,false,false,false,0.0000,range_n,true,170.91700000,170.37900000,4.5048,true,0.4856,0.3626,0,normal,true,0.2550,shallow_236_382,0.080,diagnostic_only,diagnostic_only,diagnostic_only,shallow_pullback,13,0.320,true,none,0.470,high_quality,false,false,diagnostic_only,both,true,none,true,diagnostic_adjacent_detected,required_light,false,false,SHORT,5,false,false,0,2025.07.31 02:00:00,2025.07.31 03:50:00,8,3.7612,170.77900000,0.00000000,170.77900000,false,false,none,0.00000000,false,0.0000,0.0000,false,1,0.0000,false,-1,0.00000000,0.0000,off,false,not_evaluated,none,0.0000,0.0000,none,false,false,false,0.0000,none,false,none,0.0000,false,none,3.7612,2.1174,1.7763,0.0557,false,mild_exhaustion,0.0000,none,none,false,false,none,0.0000,0.0000,0.0000,0.0000,none,false,false,0.0000,0.0000,false,false,-1,none,none,false,0.000,0.000,170.69000000,170.66500000,170.69000000,top_context_confirmed_swing_low,0.01300000,0.1275,neckline_level,170.61800000,0.8219,false,true,true,false,not_blocked,7,5,2,m5_failure_exit,off,none,0.00000000,0.0000,1.30,170.80900000,4.200,-0.300,0.200,PERIOD_M15,170.73800000,170.50900000,0.2664,outside,0.000,true,170.67700000,170.57500000,0.10200000,170.80900000,1.294,0.07178571,30.00,90-120,true,false,none,not_consumed,4.500,4.500,none,0.0000,false,opposite_break_first,true,opposite_break_first,spread_too_high
2025.07.31 04:35:00,blocked,session_reversal_pullback_one_symbol_first120,EURJPY,LONG,2025.07.31 04:30:00,4,1,10,tokyo,2025.07.31 00:00,90,first_120min,false,true,3,EURJPY,highest_score_in_session_bar,tokyo=USDJPY|EURJPY|GBPJPY|AUDJPY,existing_first120_gate,tokyo,true,false,true,passed_first_window,double_bottom,neckline_break_retest,170.61800000,PERIOD_M5,PERIOD_H1,PERIOD_M15,PERIOD_M5,PERIOD_M5,false,htf_soft_alignment,current_post_filter,transcript_post_filter,dow_trend_down_ll_lh,structure_trend_bias_dow_trend_down_ll_lh,dow_trend_down_ll_lh,structure_trend_bias_dow_trend_down_ll_lh,false,true,false,LONG,PERIOD_M5,double_bottom,double_bottom,4.200,none,0.000,double_bottom,4.200,none,0.000,LONG,false,PERIOD_H1_SHORT_dow_trend_down_ll_lh|PERIOD_M15_SHORT_structure_trend_bias_dow_trend_down_ll_lh,true,h1_counter_m15_reversal,true,top_SHORT_dow_trend_down_ll_lh|structure_SHORT_structure_trend_bias_dow_trend_down_ll_lh|structure_break_recent_confirmed_swing_break_failed|primary_break_recent_confirmed_swing_break_retest,none,below_75sma_falling,below_75sma_falling,above_75sma_flat_or_falling,-1,0.00000000,7,170.66500000,false,off,NONE,NONE,0.00000000,0.00000000,0.0000,none,0.000,true,LONG,return_high_break_or_bos_up,170.73800000,3,170.73800000,170.37900000,false,off,independent,false,,,false,0.0000,none,0.0000,0.0000,none,0.0000,0.0000,0.0000,none,0.0000,0,0,0.0000,none,none,none,none,0.0000,0,0.0000,none,false,true,not_evaluated,true,required_light_or_anchor_flip,bias_flip_up,170.85400000,2025.07.30 10:00:00,170.73800000,2025.07.30 23:00:00,2025.07.31 01:00:00,true,LONG,170.73800000,170.77000000,0.2679,3,true,2025.07.31 03:30:00,3,LONG,170.73800000,170.77000000,0.2679,0.4856,normal,2025.07.31 03:30:00,first_after_anchor,true,LONG,3,3,3,true,false,fresh_0_4,true,false,false,true,none,true,required,true,PERIOD_M5,2025.07.31 03:35:00,2025.07.31 03:35:00,12,0.2229,true,170.73800000,0.2229,false,0.0000,true,m5_bos_up_after_anchor_retest,retest_reconfirm,true,none,true,required_first_signal_only,LONG,unknown,0.00000000,,0.00000000,,false,,-1,false,NONE,0.00000000,,0.00000000,0.0000,0.0000,none,-1,false,false,false,insufficient_confirmed_m5_pivots,EURJPY|LONG|1753932600|170.738,,,false,false,false,-1,-1,-1,-1,-1,false,false,false,0.0000,range_n,true,170.91700000,170.37900000,4.5048,true,0.4856,0.3626,0,normal,true,0.2550,shallow_236_382,0.080,diagnostic_only,diagnostic_only,diagnostic_only,shallow_pullback,13,0.320,true,none,0.470,high_quality,false,false,diagnostic_only,both,true,none,true,diagnostic_adjacent_detected,required_light,false,false,SHORT,5,false,false,0,2025.07.31 02:00:00,2025.07.31 03:50:00,8,3.7612,170.77900000,0.00000000,170.77900000,false,false,none,0.00000000,false,0.0000,0.0000,false,1,0.0000,false,-1,0.00000000,0.0000,off,false,not_evaluated,none,0.0000,0.0000,none,false,false,false,0.0000,none,false,none,0.0000,false,none,3.7612,2.1174,1.7763,0.0557,false,mild_exhaustion,0.0000,none,none,false,false,none,0.0000,0.0000,0.0000,0.0000,none,false,false,0.0000,0.0000,false,false,-1,none,none,false,0.000,0.000,170.69000000,170.66500000,170.69000000,top_context_confirmed_swing_low,0.01300000,0.1275,neckline_level,170.61800000,0.8219,false,true,true,false,not_blocked,7,5,2,m5_failure_exit,off,none,0.00000000,0.0000,1.30,170.80900000,4.200,-0.300,0.200,PERIOD_M15,170.73800000,170.50900000,0.2664,outside,0.000,true,170.67700000,170.57500000,0.10200000,170.80900000,1.294,0.07178571,30.00,90-120,true,false,none,blocked_spread_too_high,4.500,4.500,none,0.0000,false,opposite_break_first,true,opposite_break_first,spread_too_high
2025.07.31 10:05:00,signal,session_reversal_pullback_one_symbol_first120,USDJPY,LONG,2025.07.31 10:00:00,10,7,16,london,2025.07.31 07:00,0,first_120min,true,true,3,USDJPY,highest_score_in_session_bar,london=USDJPY|EURJPY|GBPJPY|AUDJPY|EURUSD|GBPUSD,existing_first120_gate,london,false,false,true,passed_first_window,inverse_head_and_shoulders,neckline_break_retest,148.83400000,PERIOD_M5,PERIOD_H1,PERIOD_M15,PERIOD_M5,PERIOD_M5,false,htf_soft_alignment,current_post_filter,transcript_post_filter,dow_range_or_transition,structure_trend_bias_dow_trend_down_ll_lh,dow_range_or_transition,structure_trend_bias_dow_trend_down_ll_lh,false,true,false,LONG,PERIOD_M5,inverse_head_and_shoulders,inverse_head_and_shoulders,4.500,none,0.000,inverse_head_and_shoulders,4.500,none,0.000,LONG,false,PERIOD_H1_NONE_dow_range_or_transition|PERIOD_M15_SHORT_structure_trend_bias_dow_trend_down_ll_lh,true,h1_counter_m15_reversal,true,top_NONE_dow_range_or_transition|structure_SHORT_structure_trend_bias_dow_trend_down_ll_lh|structure_break_recent_confirmed_swing_break_failed|primary_break_recent_confirmed_swing_break_retest,none,above_75sma_rising,below_75sma_flat_or_rising,above_75sma_flat_or_falling,-1,0.00000000,0,148.91900000,false,off,NONE,NONE,0.00000000,0.00000000,0.0000,none,0.000,true,LONG,return_high_break_or_bos_up,149.12300000,21,149.38200000,148.58300000,false,off,independent,false,,,false,0.0000,none,0.0000,0.0000,none,0.0000,0.0000,0.0000,none,0.0000,0,0,0.0000,none,none,none,none,0.0000,0,0.0000,none,false,true,not_evaluated,true,required_light_or_anchor_flip,short_bias,148.51400000,2025.07.30 21:30:00,148.97800000,2025.07.31 05:45:00,2025.07.31 06:00:00,false,NONE,0.00000000,0.00000000,0.0000,-1,false,,-1,NONE,0.00000000,0.00000000,0.0000,0.0000,none,,none,false,NONE,-1,-1,-1,false,false,none,false,true,false,true,none,true,required,false,PERIOD_M5,,,-1,0.0000,false,0.00000000,0.0000,false,0.0000,false,none,none,false,no_anchor_flip_in_entry_direction,true,required_first_signal_only,LONG,unknown,0.00000000,,0.00000000,,false,,-1,false,NONE,0.00000000,,0.00000000,0.0000,0.0000,none,-1,false,false,false,no_anchor_flip_in_entry_direction,,,,false,false,false,-1,-1,-1,-1,-1,false,false,false,0.0000,falling_n,false,149.38300000,148.58300000,5.8700,false,0.0000,0.0000,0,none,true,0.5119,preferred_382_618,0.200,diagnostic_only,diagnostic_only,diagnostic_only,fib_pullback,24,0.400,true,none,0.550,high_quality,false,false,diagnostic_only,both,true,none,true,diagnostic_adjacent_detected,required_light,false,true,SHORT,4,true,true,2,2025.07.31 07:45:00,2025.07.31 09:30:00,6,2.6339,148.91900000,0.00000000,148.91900000,true,true,m5_lh_close_break_up,148.91900000,true,0.2832,0.3115,true,1,0.4531,true,3,148.91900000,0.4815,off,false,not_evaluated,none,0.2012,0.7988,normal,false,true,true,0.4531,failed_1bar,true,favorable_side,0.0164,false,clean_retest,2.3129,1.7276,1.3388,0.9063,false,no_shrink,0.0000,none,none,false,false,none,0.0000,0.0000,0.0000,0.0000,none,false,false,0.0000,0.0000,false,false,-1,none,none,false,0.000,0.000,148.99000000,148.95300000,149.00000000,round_number,0.02700000,0.1051,session_high|opening_range_high|neckline_level,148.99000000,0.1605,false,true,true,false,not_blocked,3,1,2,m5_failure_exit,off,none,0.00000000,0.0000,1.30,149.30700000,4.500,-0.300,0.200,PERIOD_M15,148.95300000,148.58300000,-0.0541,outside,0.000,true,148.97300000,148.71600000,0.25700000,149.30700000,1.300,0.10592857,17.00,0-30,true,false,none,not_consumed,4.800,4.800,none,0.0000,false,neckline_retest_failed,false,not_invalidated,
2025.07.31 10:05:00,order_sent,session_reversal_pullback_one_symbol_first120,USDJPY,LONG,2025.07.31 10:00:00,10,7,16,london,2025.07.31 07:00,0,first_120min,true,true,3,USDJPY,highest_score_in_session_bar,london=USDJPY|EURJPY|GBPJPY|AUDJPY|EURUSD|GBPUSD,existing_first120_gate,london,false,false,true,passed_first_window,inverse_head_and_shoulders,neckline_break_retest,148.83400000,PERIOD_M5,PERIOD_H1,PERIOD_M15,PERIOD_M5,PERIOD_M5,false,htf_soft_alignment,current_post_filter,transcript_post_filter,dow_range_or_transition,structure_trend_bias_dow_trend_down_ll_lh,dow_range_or_transition,structure_trend_bias_dow_trend_down_ll_lh,false,true,false,LONG,PERIOD_M5,inverse_head_and_shoulders,inverse_head_and_shoulders,4.500,none,0.000,inverse_head_and_shoulders,4.500,none,0.000,LONG,false,PERIOD_H1_NONE_dow_range_or_transition|PERIOD_M15_SHORT_structure_trend_bias_dow_trend_down_ll_lh,true,h1_counter_m15_reversal,true,top_NONE_dow_range_or_transition|structure_SHORT_structure_trend_bias_dow_trend_down_ll_lh|structure_break_recent_confirmed_swing_break_failed|primary_break_recent_confirmed_swing_break_retest,none,above_75sma_rising,below_75sma_flat_or_rising,above_75sma_flat_or_falling,-1,0.00000000,0,148.91900000,false,off,NONE,NONE,0.00000000,0.00000000,0.0000,none,0.000,true,LONG,return_high_break_or_bos_up,149.12300000,21,149.38200000,148.58300000,false,off,independent,false,,,false,0.0000,none,0.0000,0.0000,none,0.0000,0.0000,0.0000,none,0.0000,0,0,0.0000,none,none,none,none,0.0000,0,0.0000,none,false,true,not_evaluated,true,required_light_or_anchor_flip,short_bias,148.51400000,2025.07.30 21:30:00,148.97800000,2025.07.31 05:45:00,2025.07.31 06:00:00,false,NONE,0.00000000,0.00000000,0.0000,-1,false,,-1,NONE,0.00000000,0.00000000,0.0000,0.0000,none,,none,false,NONE,-1,-1,-1,false,false,none,false,true,false,true,none,true,required,false,PERIOD_M5,,,-1,0.0000,false,0.00000000,0.0000,false,0.0000,false,none,none,false,no_anchor_flip_in_entry_direction,true,required_first_signal_only,LONG,unknown,0.00000000,,0.00000000,,false,,-1,false,NONE,0.00000000,,0.00000000,0.0000,0.0000,none,-1,false,false,false,no_anchor_flip_in_entry_direction,,,,false,false,false,-1,-1,-1,-1,-1,false,false,false,0.0000,falling_n,false,149.38300000,148.58300000,5.8700,false,0.0000,0.0000,0,none,true,0.5119,preferred_382_618,0.200,diagnostic_only,diagnostic_only,diagnostic_only,fib_pullback,24,0.400,true,none,0.550,high_quality,false,false,diagnostic_only,both,true,none,true,diagnostic_adjacent_detected,required_light,false,true,SHORT,4,true,true,2,2025.07.31 07:45:00,2025.07.31 09:30:00,6,2.6339,148.91900000,0.00000000,148.91900000,true,true,m5_lh_close_break_up,148.91900000,true,0.2832,0.3115,true,1,0.4531,true,3,148.91900000,0.4815,off,false,not_evaluated,none,0.2012,0.7988,normal,false,true,true,0.4531,failed_1bar,true,favorable_side,0.0164,false,clean_retest,2.3129,1.7276,1.3388,0.9063,false,no_shrink,0.0000,none,none,false,false,none,0.0000,0.0000,0.0000,0.0000,none,false,false,0.0000,0.0000,false,false,-1,none,none,false,0.000,0.000,148.99000000,148.95300000,149.00000000,round_number,0.02700000,0.1051,session_high|opening_range_high|neckline_level,148.99000000,0.1605,false,true,true,false,not_blocked,3,1,2,m5_failure_exit,off,none,0.00000000,0.0000,1.30,149.30700000,4.500,-0.300,0.200,PERIOD_M15,148.95300000,148.58300000,-0.0541,outside,0.000,true,148.97300000,148.71600000,0.25700000,149.30700000,1.300,0.10592857,17.00,0-30,true,false,none,order_sent,4.800,4.800,none,0.0000,false,neckline_retest_failed,false,not_invalidated,
2025.08.01 03:35:00,signal,session_reversal_pullback_one_symbol_first120,GBPJPY,SHORT,2025.08.01 03:30:00,3,0,9,tokyo,2025.08.01 00:00,30,first_120min,true,true,3,GBPJPY,highest_score_in_session_bar,tokyo=USDJPY|EURJPY|GBPJPY|AUDJPY,existing_first120_gate,tokyo,true,false,true,passed_first_window,head_and_shoulders,neckline_break_retest,199.04100000,PERIOD_M5,PERIOD_H1,PERIOD_M15,PERIOD_M5,PERIOD_M5,false,htf_soft_alignment,current_post_filter,transcript_post_filter,dow_range_or_transition,ordered_dow_wave3_break_below_swing_low,dow_range_or_transition,ordered_dow_wave3_break_below_swing_low,false,true,true,SHORT,PERIOD_M5,head_and_shoulders,head_and_shoulders,4.500,none,0.000,head_and_shoulders,4.500,none,0.000,SHORT,false,PERIOD_H1_NONE_dow_range_or_transition|PERIOD_M15_SHORT_ordered_dow_wave3_break_below_swing_low,true,h1_counter_m15_reversal,true,top_NONE_dow_range_or_transition|structure_SHORT_ordered_dow_wave3_break_below_swing_low|structure_break_recent_confirmed_swing_break_retest|primary_break_recent_confirmed_swing_break_failed,none,above_75sma_rising,above_75sma_rising,below_75sma_flat_or_rising,0,198.97200000,-1,0.00000000,false,off,NONE,NONE,0.00000000,0.00000000,0.0000,none,0.000,true,SHORT,return_low_break_or_bos_down,198.97200000,0,199.36300000,198.77900000,false,off,independent,false,,,false,0.0000,none,0.0000,0.0000,none,0.0000,0.0000,0.0000,none,0.0000,0,0,0.0000,none,none,none,none,0.0000,0,0.0000,none,false,true,not_evaluated,true,required_light_or_anchor_flip,short_bias,198.34900000,2025.07.31 16:30:00,199.20400000,2025.07.31 23:30:00,2025.08.01 00:45:00,false,NONE,0.00000000,0.00000000,0.0000,-1,false,,-1,NONE,0.00000000,0.00000000,0.0000,0.0000,none,,none,false,NONE,-1,-1,-1,false,false,none,true,false,false,true,none,true,required,false,PERIOD_M5,,,-1,0.0000,false,0.00000000,0.0000,false,0.0000,false,none,none,false,no_anchor_flip_in_entry_direction,true,required_first_signal_only,SHORT,unknown,0.00000000,,0.00000000,,false,,-1,false,NONE,0.00000000,,0.00000000,0.0000,0.0000,none,-1,false,false,false,no_anchor_flip_in_entry_direction,,,,false,false,false,-1,-1,-1,-1,-1,false,false,false,0.0000,range_n,true,199.36300000,198.77900000,3.8933,false,0.0000,0.0000,0,none,true,0.3990,preferred_382_618,0.200,diagnostic_only,diagnostic_only,diagnostic_only,shallow_pullback,24,0.400,true,none,0.550,high_quality,false,false,diagnostic_only,both,true,none,true,diagnostic_adjacent_detected,required_light,false,false,LONG,4,false,false,2,2025.08.01 00:55:00,2025.08.01 03:00:00,6,5.2182,0.00000000,198.97200000,198.97200000,true,true,m5_hl_close_break_down,198.97200000,true,0.3587,0.6017,true,1,0.4628,false,1,198.97200000,0.5322,off,false,not_evaluated,none,0.6525,0.3475,strong,false,true,true,0.4628,failed_1bar,true,back_inside,0.0714,false,weak_retest,2.9851,3.8066,0.7842,1.4116,false,mild_exhaustion,0.0000,none,none,false,false,none,0.0000,0.0000,0.0000,0.0000,none,false,false,0.0000,0.0000,false,false,-1,none,none,false,0.000,0.000,199.04100000,198.98182353,198.98182353,recent_equal_lows,0.03017647,0.1404,neckline_level,199.04100000,0.3355,false,true,true,false,not_blocked,7,5,2,m5_failure_exit,off,none,0.00000000,0.0000,1.30,198.73300000,4.500,-0.300,0.200,PERIOD_M15,199.10800000,198.97200000,0.2941,outside,0.000,true,199.01200000,199.22700000,0.21500000,198.73300000,1.298,0.08642857,38.00,30-60,true,false,none,not_consumed,4.950,4.950,none,0.0000,false,neckline_retest_failed,false,not_invalidated,spread_too_high
2025.08.01 03:35:00,blocked,session_reversal_pullback_one_symbol_first120,GBPJPY,SHORT,2025.08.01 03:30:00,3,0,9,tokyo,2025.08.01 00:00,30,first_120min,true,true,3,GBPJPY,highest_score_in_session_bar,tokyo=USDJPY|EURJPY|GBPJPY|AUDJPY,existing_first120_gate,tokyo,true,false,true,passed_first_window,head_and_shoulders,neckline_break_retest,199.04100000,PERIOD_M5,PERIOD_H1,PERIOD_M15,PERIOD_M5,PERIOD_M5,false,htf_soft_alignment,current_post_filter,transcript_post_filter,dow_range_or_transition,ordered_dow_wave3_break_below_swing_low,dow_range_or_transition,ordered_dow_wave3_break_below_swing_low,false,true,true,SHORT,PERIOD_M5,head_and_shoulders,head_and_shoulders,4.500,none,0.000,head_and_shoulders,4.500,none,0.000,SHORT,false,PERIOD_H1_NONE_dow_range_or_transition|PERIOD_M15_SHORT_ordered_dow_wave3_break_below_swing_low,true,h1_counter_m15_reversal,true,top_NONE_dow_range_or_transition|structure_SHORT_ordered_dow_wave3_break_below_swing_low|structure_break_recent_confirmed_swing_break_retest|primary_break_recent_confirmed_swing_break_failed,none,above_75sma_rising,above_75sma_rising,below_75sma_flat_or_rising,0,198.97200000,-1,0.00000000,false,off,NONE,NONE,0.00000000,0.00000000,0.0000,none,0.000,true,SHORT,return_low_break_or_bos_down,198.97200000,0,199.36300000,198.77900000,false,off,independent,false,,,false,0.0000,none,0.0000,0.0000,none,0.0000,0.0000,0.0000,none,0.0000,0,0,0.0000,none,none,none,none,0.0000,0,0.0000,none,false,true,not_evaluated,true,required_light_or_anchor_flip,short_bias,198.34900000,2025.07.31 16:30:00,199.20400000,2025.07.31 23:30:00,2025.08.01 00:45:00,false,NONE,0.00000000,0.00000000,0.0000,-1,false,,-1,NONE,0.00000000,0.00000000,0.0000,0.0000,none,,none,false,NONE,-1,-1,-1,false,false,none,true,false,false,true,none,true,required,false,PERIOD_M5,,,-1,0.0000,false,0.00000000,0.0000,false,0.0000,false,none,none,false,no_anchor_flip_in_entry_direction,true,required_first_signal_only,SHORT,unknown,0.00000000,,0.00000000,,false,,-1,false,NONE,0.00000000,,0.00000000,0.0000,0.0000,none,-1,false,false,false,no_anchor_flip_in_entry_direction,,,,false,false,false,-1,-1,-1,-1,-1,false,false,false,0.0000,range_n,true,199.36300000,198.77900000,3.8933,false,0.0000,0.0000,0,none,true,0.3990,preferred_382_618,0.200,diagnostic_only,diagnostic_only,diagnostic_only,shallow_pullback,24,0.400,true,none,0.550,high_quality,false,false,diagnostic_only,both,true,none,true,diagnostic_adjacent_detected,required_light,false,false,LONG,4,false,false,2,2025.08.01 00:55:00,2025.08.01 03:00:00,6,5.2182,0.00000000,198.97200000,198.97200000,true,true,m5_hl_close_break_down,198.97200000,true,0.3587,0.6017,true,1,0.4628,false,1,198.97200000,0.5322,off,false,not_evaluated,none,0.6525,0.3475,strong,false,true,true,0.4628,failed_1bar,true,back_inside,0.0714,false,weak_retest,2.9851,3.8066,0.7842,1.4116,false,mild_exhaustion,0.0000,none,none,false,false,none,0.0000,0.0000,0.0000,0.0000,none,false,false,0.0000,0.0000,false,false,-1,none,none,false,0.000,0.000,199.04100000,198.98182353,198.98182353,recent_equal_lows,0.03017647,0.1404,neckline_level,199.04100000,0.3355,false,true,true,false,not_blocked,7,5,2,m5_failure_exit,off,none,0.00000000,0.0000,1.30,198.73300000,4.500,-0.300,0.200,PERIOD_M15,199.10800000,198.97200000,0.2941,outside,0.000,true,199.01200000,199.22700000,0.21500000,198.73300000,1.298,0.08642857,38.00,30-60,true,false,none,blocked_spread_too_high,4.950,4.950,none,0.0000,false,neckline_retest_failed,false,not_invalidated,spread_too_high
2025.08.01 10:30:00,signal,session_reversal_pullback_one_symbol_first120,GBPUSD,SHORT,2025.08.01 10:25:00,10,7,16,london,2025.08.01 07:00,25,first_120min,true,true,3,GBPUSD,highest_score_in_session_bar,london=USDJPY|EURJPY|GBPJPY|AUDJPY|EURUSD|GBPUSD,existing_first120_gate,london,false,false,true,passed_first_window,double_top,neckline_break_retest,1.32033000,PERIOD_M5,PERIOD_H1,PERIOD_M15,PERIOD_M5,PERIOD_M5,false,htf_soft_alignment,current_post_filter,transcript_post_filter,dow_range_or_transition,no_ordered_dow_wave3_break,dow_range_or_transition,no_ordered_dow_wave3_break,false,true,true,SHORT,PERIOD_M5,double_top,double_top,4.200,none,0.000,double_top,4.200,none,0.000,SHORT,false,PERIOD_H1_NONE_dow_range_or_transition|PERIOD_M15_NONE_no_ordered_dow_wave3_break,true,h1_counter_m15_reversal,true,top_NONE_dow_range_or_transition|structure_NONE_no_ordered_dow_wave3_break|structure_break_recent_confirmed_swing_break_failed|primary_break_recent_confirmed_swing_break_failed,none,below_75sma_falling,below_75sma_falling,above_75sma_flat_or_falling,-1,0.00000000,-1,0.00000000,false,off,NONE,NONE,0.00000000,0.00000000,0.0000,none,0.000,true,SHORT,return_low_break_or_bos_down,1.31925000,19,1.32122000,1.31890000,false,off,independent,false,,,false,0.0000,none,0.0000,0.0000,none,0.0000,0.0000,0.0000,none,0.0000,0,0,0.0000,none,none,none,none,0.0000,0,0.0000,none,false,true,not_evaluated,true,required_light_or_anchor_flip,long_bias,1.31932000,2025.08.01 07:15:00,1.32125000,2025.08.01 03:30:00,2025.08.01 09:30:00,false,NONE,0.00000000,0.00000000,0.0000,-1,false,,-1,NONE,0.00000000,0.00000000,0.0000,0.0000,none,,none,false,NONE,-1,-1,-1,false,false,none,false,true,false,true,none,true,required,false,PERIOD_M5,,,-1,0.0000,false,0.00000000,0.0000,false,0.0000,false,none,none,false,no_anchor_flip_in_entry_direction,true,required_first_signal_only,SHORT,unknown,0.00000000,,0.00000000,,false,,-1,false,NONE,0.00000000,,0.00000000,0.0000,0.0000,none,-1,false,false,false,no_anchor_flip_in_entry_direction,,,,false,false,false,-1,-1,-1,-1,-1,false,false,false,0.0000,rising_n,false,1.32125000,1.31890000,3.2736,false,0.0000,0.0000,0,none,true,0.6121,preferred_382_618,0.200,diagnostic_only,diagnostic_only,diagnostic_only,shallow_pullback,24,0.400,true,none,0.550,high_quality,false,false,diagnostic_only,both,true,none,true,diagnostic_adjacent_detected,required_light,false,false,LONG,3,false,false,0,,,-1,0.0000,0.00000000,0.00000000,0.00000000,false,false,none,0.00000000,false,0.0000,0.0000,false,1,0.0000,false,-1,0.00000000,0.0000,off,false,not_evaluated,none,0.0000,0.0000,none,false,false,false,0.0000,none,false,none,0.0000,false,none,0.0000,0.0000,0.0000,0.0000,false,none,0.0000,none,none,false,false,none,0.0000,0.0000,0.0000,0.0000,none,false,false,0.0000,0.0000,false,false,-1,none,none,false,0.000,0.000,1.32033000,1.32007500,1.32007500,recent_equal_highs,0.00024500,0.4804,neckline_level,1.32033000,0.0193,false,true,true,false,not_blocked,5,1,4,m5_failure_exit,off,none,0.00000000,0.0000,1.30,1.31965000,4.200,-0.300,0.200,PERIOD_M15,1.32039000,1.31932000,0.9346,outside,0.000,true,1.32032000,1.32083000,0.00051000,1.31965000,1.314,0.00051786,20.00,0-30,true,false,none,not_consumed,4.300,4.300,none,0.0000,false,neckline_retest_failed,false,not_invalidated,spread_too_high
2025.08.01 10:30:00,blocked,session_reversal_pullback_one_symbol_first120,GBPUSD,SHORT,2025.08.01 10:25:00,10,7,16,london,2025.08.01 07:00,25,first_120min,true,true,3,GBPUSD,highest_score_in_session_bar,london=USDJPY|EURJPY|GBPJPY|AUDJPY|EURUSD|GBPUSD,existing_first120_gate,london,false,false,true,passed_first_window,double_top,neckline_break_retest,1.32033000,PERIOD_M5,PERIOD_H1,PERIOD_M15,PERIOD_M5,PERIOD_M5,false,htf_soft_alignment,current_post_filter,transcript_post_filter,dow_range_or_transition,no_ordered_dow_wave3_break,dow_range_or_transition,no_ordered_dow_wave3_break,false,true,true,SHORT,PERIOD_M5,double_top,double_top,4.200,none,0.000,double_top,4.200,none,0.000,SHORT,false,PERIOD_H1_NONE_dow_range_or_transition|PERIOD_M15_NONE_no_ordered_dow_wave3_break,true,h1_counter_m15_reversal,true,top_NONE_dow_range_or_transition|structure_NONE_no_ordered_dow_wave3_break|structure_break_recent_confirmed_swing_break_failed|primary_break_recent_confirmed_swing_break_failed,none,below_75sma_falling,below_75sma_falling,above_75sma_flat_or_falling,-1,0.00000000,-1,0.00000000,false,off,NONE,NONE,0.00000000,0.00000000,0.0000,none,0.000,true,SHORT,return_low_break_or_bos_down,1.31925000,19,1.32122000,1.31890000,false,off,independent,false,,,false,0.0000,none,0.0000,0.0000,none,0.0000,0.0000,0.0000,none,0.0000,0,0,0.0000,none,none,none,none,0.0000,0,0.0000,none,false,true,not_evaluated,true,required_light_or_anchor_flip,long_bias,1.31932000,2025.08.01 07:15:00,1.32125000,2025.08.01 03:30:00,2025.08.01 09:30:00,false,NONE,0.00000000,0.00000000,0.0000,-1,false,,-1,NONE,0.00000000,0.00000000,0.0000,0.0000,none,,none,false,NONE,-1,-1,-1,false,false,none,false,true,false,true,none,true,required,false,PERIOD_M5,,,-1,0.0000,false,0.00000000,0.0000,false,0.0000,false,none,none,false,no_anchor_flip_in_entry_direction,true,required_first_signal_only,SHORT,unknown,0.00000000,,0.00000000,,false,,-1,false,NONE,0.00000000,,0.00000000,0.0000,0.0000,none,-1,false,false,false,no_anchor_flip_in_entry_direction,,,,false,false,false,-1,-1,-1,-1,-1,false,false,false,0.0000,rising_n,false,1.32125000,1.31890000,3.2736,false,0.0000,0.0000,0,none,true,0.6121,preferred_382_618,0.200,diagnostic_only,diagnostic_only,diagnostic_only,shallow_pullback,24,0.400,true,none,0.550,high_quality,false,false,diagnostic_only,both,true,none,true,diagnostic_adjacent_detected,required_light,false,false,LONG,3,false,false,0,,,-1,0.0000,0.00000000,0.00000000,0.00000000,false,false,none,0.00000000,false,0.0000,0.0000,false,1,0.0000,false,-1,0.00000000,0.0000,off,false,not_evaluated,none,0.0000,0.0000,none,false,false,false,0.0000,none,false,none,0.0000,false,none,0.0000,0.0000,0.0000,0.0000,false,none,0.0000,none,none,false,false,none,0.0000,0.0000,0.0000,0.0000,none,false,false,0.0000,0.0000,false,false,-1,none,none,false,0.000,0.000,1.32033000,1.32007500,1.32007500,recent_equal_highs,0.00024500,0.4804,neckline_level,1.32033000,0.0193,false,true,true,false,not_blocked,5,1,4,m5_failure_exit,off,none,0.00000000,0.0000,1.30,1.31965000,4.200,-0.300,0.200,PERIOD_M15,1.32039000,1.31932000,0.9346,outside,0.000,true,1.32032000,1.32083000,0.00051000,1.31965000,1.314,0.00051786,20.00,0-30,true,false,none,blocked_spread_too_high,4.300,4.300,none,0.0000,false,neckline_retest_failed,false,not_invalidated,spread_too_high
2025.08.04 11:15:00,signal,session_reversal_pullback_one_symbol_first120,GBPUSD,SHORT,2025.08.04 11:10:00,11,8,17,london,2025.08.04 07:00,70,first_120min,false,true,3,GBPUSD,highest_score_in_session_bar,london=USDJPY|EURJPY|GBPJPY|AUDJPY|EURUSD|GBPUSD,existing_first120_gate,london,true,false,true,passed_first_window,double_top,neckline_break_retest,1.32775000,PERIOD_M5,PERIOD_H1,PERIOD_M15,PERIOD_M5,PERIOD_M5,false,htf_soft_alignment,current_post_filter,transcript_post_filter,dow_range_or_transition,no_ordered_dow_wave3_break,dow_range_or_transition,no_ordered_dow_wave3_break,false,false,true,SHORT,PERIOD_M5,double_top,double_top,4.200,none,0.000,double_top,4.200,none,0.000,SHORT,false,PERIOD_H1_NONE_dow_range_or_transition|PERIOD_M15_NONE_no_ordered_dow_wave3_break,true,h1_counter_m15_reversal,true,top_NONE_dow_range_or_transition|structure_NONE_no_ordered_dow_wave3_break|structure_break_recent_confirmed_swing_break_failed|primary_break_recent_confirmed_swing_break_failed,none,above_75sma_flat_or_falling,above_75sma_rising,below_75sma_flat_or_rising,-1,0.00000000,-1,0.00000000,false,off,NONE,NONE,0.00000000,0.00000000,0.0000,none,0.000,true,SHORT,return_low_break_or_bos_down,1.32693000,3,1.32904000,1.32636000,false,off,independent,false,,,false,0.0000,none,0.0000,0.0000,none,0.0000,0.0000,0.0000,none,0.0000,0,0,0.0000,none,none,none,none,0.0000,0,0.0000,none,false,true,not_evaluated,true,required_light_or_anchor_flip,bias_flip_down,1.32807000,2025.08.04 06:45:00,1.32904000,2025.08.04 09:15:00,2025.08.04 09:15:00,true,SHORT,1.32807000,1.32729000,0.7246,4,true,2025.08.04 10:00:00,4,SHORT,1.32807000,1.32729000,0.7246,0.9662,strong,2025.08.04 11:00:00,first_after_anchor,true,SHORT,4,0,4,true,false,fresh_0_4,true,false,false,true,none,true,required,true,PERIOD_M5,2025.08.04 10:05:00,2025.08.04 10:50:00,14,0.1912,true,1.32807000,0.1912,false,0.0000,true,m5_bearish_close_after_anchor_retest,retest_reconfirm,true,none,true,required_first_signal_only,SHORT,unknown,0.00000000,,0.00000000,,false,,-1,false,NONE,0.00000000,,0.00000000,0.0000,0.0000,none,-1,false,false,false,insufficient_confirmed_m5_pivots,GBPUSD|SHORT|1754301600|1.32807,,,false,false,false,-1,-1,-1,-1,-1,false,false,false,0.0000,range_n,true,1.32904000,1.32681000,2.0717,true,0.9662,0.2121,4,strong,true,0.4590,preferred_382_618,0.200,diagnostic_only,diagnostic_only,diagnostic_only,shallow_pullback,24,0.400,true,none,0.550,high_quality,false,false,diagnostic_only,both,true,none,true,diagnostic_adjacent_detected,required_light,false,false,LONG,5,false,false,0,2025.08.04 09:15:00,2025.08.04 10:30:00,8,3.9412,0.00000000,1.32636000,1.32636000,false,false,none,0.00000000,false,0.0000,0.0000,false,1,0.0000,false,-1,0.00000000,0.0000,off,false,not_evaluated,none,0.0000,0.0000,none,false,false,false,0.0000,none,false,none,0.0000,false,none,3.8676,3.2794,1.1794,0.0000,true,strong_exhaustion,0.0000,none,none,false,false,none,0.0000,0.0000,0.0000,0.0000,none,false,false,0.0000,0.0000,false,false,-1,none,none,false,0.000,0.000,1.32768077,1.32709400,1.32709400,recent_equal_lows,0.00049600,0.7873,neckline_level,1.32775000,0.2353,false,true,true,false,not_blocked,4,2,2,m5_failure_exit,off,none,0.00000000,0.0000,1.30,1.32677000,4.200,-0.300,0.200,PERIOD_M15,1.32904000,1.32681000,0.3498,outside,0.000,true,1.32759000,1.32822000,0.00063000,1.32677000,1.302,0.00068000,20.00,60-90,true,false,none,not_consumed,4.300,4.300,none,0.0000,false,neckline_retest_failed,false,not_invalidated,spread_too_high
2025.08.04 11:15:00,blocked,session_reversal_pullback_one_symbol_first120,GBPUSD,SHORT,2025.08.04 11:10:00,11,8,17,london,2025.08.04 07:00,70,first_120min,false,true,3,GBPUSD,highest_score_in_session_bar,london=USDJPY|EURJPY|GBPJPY|AUDJPY|EURUSD|GBPUSD,existing_first120_gate,london,true,false,true,passed_first_window,double_top,neckline_break_retest,1.32775000,PERIOD_M5,PERIOD_H1,PERIOD_M15,PERIOD_M5,PERIOD_M5,false,htf_soft_alignment,current_post_filter,transcript_post_filter,dow_range_or_transition,no_ordered_dow_wave3_break,dow_range_or_transition,no_ordered_dow_wave3_break,false,false,true,SHORT,PERIOD_M5,double_top,double_top,4.200,none,0.000,double_top,4.200,none,0.000,SHORT,false,PERIOD_H1_NONE_dow_range_or_transition|PERIOD_M15_NONE_no_ordered_dow_wave3_break,true,h1_counter_m15_reversal,true,top_NONE_dow_range_or_transition|structure_NONE_no_ordered_dow_wave3_break|structure_break_recent_confirmed_swing_break_failed|primary_break_recent_confirmed_swing_break_failed,none,above_75sma_flat_or_falling,above_75sma_rising,below_75sma_flat_or_rising,-1,0.00000000,-1,0.00000000,false,off,NONE,NONE,0.00000000,0.00000000,0.0000,none,0.000,true,SHORT,return_low_break_or_bos_down,1.32693000,3,1.32904000,1.32636000,false,off,independent,false,,,false,0.0000,none,0.0000,0.0000,none,0.0000,0.0000,0.0000,none,0.0000,0,0,0.0000,none,none,none,none,0.0000,0,0.0000,none,false,true,not_evaluated,true,required_light_or_anchor_flip,bias_flip_down,1.32807000,2025.08.04 06:45:00,1.32904000,2025.08.04 09:15:00,2025.08.04 09:15:00,true,SHORT,1.32807000,1.32729000,0.7246,4,true,2025.08.04 10:00:00,4,SHORT,1.32807000,1.32729000,0.7246,0.9662,strong,2025.08.04 11:00:00,first_after_anchor,true,SHORT,4,0,4,true,false,fresh_0_4,true,false,false,true,none,true,required,true,PERIOD_M5,2025.08.04 10:05:00,2025.08.04 10:50:00,14,0.1912,true,1.32807000,0.1912,false,0.0000,true,m5_bearish_close_after_anchor_retest,retest_reconfirm,true,none,true,required_first_signal_only,SHORT,unknown,0.00000000,,0.00000000,,false,,-1,false,NONE,0.00000000,,0.00000000,0.0000,0.0000,none,-1,false,false,false,insufficient_confirmed_m5_pivots,GBPUSD|SHORT|1754301600|1.32807,,,false,false,false,-1,-1,-1,-1,-1,false,false,false,0.0000,range_n,true,1.32904000,1.32681000,2.0717,true,0.9662,0.2121,4,strong,true,0.4590,preferred_382_618,0.200,diagnostic_only,diagnostic_only,diagnostic_only,shallow_pullback,24,0.400,true,none,0.550,high_quality,false,false,diagnostic_only,both,true,none,true,diagnostic_adjacent_detected,required_light,false,false,LONG,5,false,false,0,2025.08.04 09:15:00,2025.08.04 10:30:00,8,3.9412,0.00000000,1.32636000,1.32636000,false,false,none,0.00000000,false,0.0000,0.0000,false,1,0.0000,false,-1,0.00000000,0.0000,off,false,not_evaluated,none,0.0000,0.0000,none,false,false,false,0.0000,none,false,none,0.0000,false,none,3.8676,3.2794,1.1794,0.0000,true,strong_exhaustion,0.0000,none,none,false,false,none,0.0000,0.0000,0.0000,0.0000,none,false,false,0.0000,0.0000,false,false,-1,none,none,false,0.000,0.000,1.32768077,1.32709400,1.32709400,recent_equal_lows,0.00049600,0.7873,neckline_level,1.32775000,0.2353,false,true,true,false,not_blocked,4,2,2,m5_failure_exit,off,none,0.00000000,0.0000,1.30,1.32677000,4.200,-0.300,0.200,PERIOD_M15,1.32904000,1.32681000,0.3498,outside,0.000,true,1.32759000,1.32822000,0.00063000,1.32677000,1.302,0.00068000,20.00,60-90,true,false,none,blocked_spread_too_high,4.300,4.300,none,0.0000,false,neckline_retest_failed,false,not_invalidated,spread_too_high
2025.08.04 19:30:00,signal,session_reversal_pullback_one_symbol_first120,GBPUSD,LONG,2025.08.04 19:25:00,19,16,1,new_york,2025.08.04 16:00,25,first_120min,true,true,3,GBPUSD,highest_score_in_session_bar,new_york=USDJPY|EURJPY|GBPJPY|AUDJPY|EURUSD|GBPUSD,existing_first120_gate,new_york,false,false,true,passed_first_window,sweep_low_reclaim,sweep_reclaim_retest,1.32773000,PERIOD_M5,PERIOD_H1,PERIOD_M15,PERIOD_M5,PERIOD_M5,false,htf_soft_alignment,current_post_filter,transcript_post_filter,dow_range_or_transition,structure_trend_bias_dow_trend_up_hh_hl,dow_range_or_transition,structure_trend_bias_dow_trend_up_hh_hl,false,true,false,LONG,PERIOD_M5,sweep_low_reclaim,sweep_low_reclaim,3.400,none,0.000,sweep_low_reclaim,3.400,none,0.000,LONG,false,PERIOD_H1_NONE_dow_range_or_transition|PERIOD_M15_LONG_structure_trend_bias_dow_trend_up_hh_hl,true,h1_counter_m15_reversal,true,top_NONE_dow_range_or_transition|structure_LONG_structure_trend_bias_dow_trend_up_hh_hl|structure_break_recent_confirmed_swing_break_failed|primary_break_recent_confirmed_swing_break_retest,none,above_75sma_flat_or_falling,above_75sma_rising,below_75sma_falling,-1,0.00000000,0,1.32821000,false,off,NONE,NONE,0.00000000,0.00000000,0.0000,none,0.000,true,LONG,return_high_break_or_bos_up,1.33130000,7,1.33299000,1.32698000,false,off,independent,false,,,false,0.0000,none,0.0000,0.0000,none,0.0000,0.0000,0.0000,none,0.0000,0,0,0.0000,none,none,none,none,0.0000,0,0.0000,none,false,true,not_evaluated,true,required_light_or_anchor_flip,short_bias,1.32993000,2025.08.04 16:45:00,1.33299000,2025.08.04 17:30:00,2025.08.04 18:30:00,false,NONE,0.00000000,0.00000000,0.0000,-1,false,,-1,NONE,0.00000000,0.00000000,0.0000,0.0000,none,,none,false,NONE,-1,-1,-1,false,false,none,false,true,false,true,none,true,required,false,PERIOD_M5,,,-1,0.0000,false,0.00000000,0.0000,false,0.0000,false,none,none,false,no_anchor_flip_in_entry_direction,true,required_first_signal_only,LONG,unknown,0.00000000,,0.00000000,,false,,-1,false,NONE,0.00000000,,0.00000000,0.0000,0.0000,none,-1,false,false,false,no_anchor_flip_in_entry_direction,,,,false,false,false,-1,-1,-1,-1,-1,false,false,false,0.0000,range_n,true,1.33299000,1.32773000,3.6276,false,0.0000,0.0000,0,none,true,0.7088,deep_618_786,0.120,diagnostic_only,diagnostic_only,diagnostic_only,fib_pullback,24,0.370,true,none,0.520,medium_quality,false,false,diagnostic_only,both,true,none,true,diagnostic_adjacent_detected,required_light,false,true,SHORT,6,true,true,2,2025.08.04 18:00:00,2025.08.04 18:50:00,7,2.9172,1.32950000,0.00000000,1.32950000,false,false,none,0.00000000,false,0.0000,0.0000,false,1,0.0000,false,-1,0.00000000,0.0000,off,false,not_evaluated,none,0.0000,0.0000,none,false,false,false,0.0000,none,false,none,0.0000,false,none,2.4706,1.9262,1.2826,0.9910,false,no_shrink,0.0000,none,none,false,false,none,0.0000,0.0000,0.0000,0.0000,none,false,false,0.0000,0.0000,false,false,-1,none,none,false,0.000,0.000,1.32884545,1.32819077,1.32884545,recent_equal_highs,0.00011545,0.0978,neckline_level,1.32773000,1.3958,false,true,true,false,not_blocked,7,4,3,m5_failure_exit,off,none,0.00000000,0.0000,1.30,1.33026000,3.400,-0.300,0.200,PERIOD_M15,1.33299000,1.32817000,0.8838,outside,0.000,true,1.32873000,1.32755000,0.00118000,1.33026000,1.297,0.00071643,20.00,0-30,true,false,none,not_consumed,3.700,3.700,none,0.0000,false,opposite_break_first,true,opposite_break_first,spread_too_high
2025.08.04 19:30:00,blocked,session_reversal_pullback_one_symbol_first120,GBPUSD,LONG,2025.08.04 19:25:00,19,16,1,new_york,2025.08.04 16:00,25,first_120min,true,true,3,GBPUSD,highest_score_in_session_bar,new_york=USDJPY|EURJPY|GBPJPY|AUDJPY|EURUSD|GBPUSD,existing_first120_gate,new_york,false,false,true,passed_first_window,sweep_low_reclaim,sweep_reclaim_retest,1.32773000,PERIOD_M5,PERIOD_H1,PERIOD_M15,PERIOD_M5,PERIOD_M5,false,htf_soft_alignment,current_post_filter,transcript_post_filter,dow_range_or_transition,structure_trend_bias_dow_trend_up_hh_hl,dow_range_or_transition,structure_trend_bias_dow_trend_up_hh_hl,false,true,false,LONG,PERIOD_M5,sweep_low_reclaim,sweep_low_reclaim,3.400,none,0.000,sweep_low_reclaim,3.400,none,0.000,LONG,false,PERIOD_H1_NONE_dow_range_or_transition|PERIOD_M15_LONG_structure_trend_bias_dow_trend_up_hh_hl,true,h1_counter_m15_reversal,true,top_NONE_dow_range_or_transition|structure_LONG_structure_trend_bias_dow_trend_up_hh_hl|structure_break_recent_confirmed_swing_break_failed|primary_break_recent_confirmed_swing_break_retest,none,above_75sma_flat_or_falling,above_75sma_rising,below_75sma_falling,-1,0.00000000,0,1.32821000,false,off,NONE,NONE,0.00000000,0.00000000,0.0000,none,0.000,true,LONG,return_high_break_or_bos_up,1.33130000,7,1.33299000,1.32698000,false,off,independent,false,,,false,0.0000,none,0.0000,0.0000,none,0.0000,0.0000,0.0000,none,0.0000,0,0,0.0000,none,none,none,none,0.0000,0,0.0000,none,false,true,not_evaluated,true,required_light_or_anchor_flip,short_bias,1.32993000,2025.08.04 16:45:00,1.33299000,2025.08.04 17:30:00,2025.08.04 18:30:00,false,NONE,0.00000000,0.00000000,0.0000,-1,false,,-1,NONE,0.00000000,0.00000000,0.0000,0.0000,none,,none,false,NONE,-1,-1,-1,false,false,none,false,true,false,true,none,true,required,false,PERIOD_M5,,,-1,0.0000,false,0.00000000,0.0000,false,0.0000,false,none,none,false,no_anchor_flip_in_entry_direction,true,required_first_signal_only,LONG,unknown,0.00000000,,0.00000000,,false,,-1,false,NONE,0.00000000,,0.00000000,0.0000,0.0000,none,-1,false,false,false,no_anchor_flip_in_entry_direction,,,,false,false,false,-1,-1,-1,-1,-1,false,false,false,0.0000,range_n,true,1.33299000,1.32773000,3.6276,false,0.0000,0.0000,0,none,true,0.7088,deep_618_786,0.120,diagnostic_only,diagnostic_only,diagnostic_only,fib_pullback,24,0.370,true,none,0.520,medium_quality,false,false,diagnostic_only,both,true,none,true,diagnostic_adjacent_detected,required_light,false,true,SHORT,6,true,true,2,2025.08.04 18:00:00,2025.08.04 18:50:00,7,2.9172,1.32950000,0.00000000,1.32950000,false,false,none,0.00000000,false,0.0000,0.0000,false,1,0.0000,false,-1,0.00000000,0.0000,off,false,not_evaluated,none,0.0000,0.0000,none,false,false,false,0.0000,none,false,none,0.0000,false,none,2.4706,1.9262,1.2826,0.9910,false,no_shrink,0.0000,none,none,false,false,none,0.0000,0.0000,0.0000,0.0000,none,false,false,0.0000,0.0000,false,false,-1,none,none,false,0.000,0.000,1.32884545,1.32819077,1.32884545,recent_equal_highs,0.00011545,0.0978,neckline_level,1.32773000,1.3958,false,true,true,false,not_blocked,7,4,3,m5_failure_exit,off,none,0.00000000,0.0000,1.30,1.33026000,3.400,-0.300,0.200,PERIOD_M15,1.33299000,1.32817000,0.8838,outside,0.000,true,1.32873000,1.32755000,0.00118000,1.33026000,1.297,0.00071643,20.00,0-30,true,false,none,blocked_spread_too_high,3.700,3.700,none,0.0000,false,opposite_break_first,true,opposite_break_first,spread_too_high
2025.08.05 03:10:02,signal,session_reversal_pullback_one_symbol_first120,AUDJPY,SHORT,2025.08.05 03:05:00,3,0,9,tokyo,2025.08.05 00:00,5,first_120min,true,true,3,AUDJPY,highest_score_in_session_bar,tokyo=USDJPY|EURJPY|GBPJPY|AUDJPY,existing_first120_gate,tokyo,false,false,true,passed_first_window,double_top,neckline_break_retest,95.04700000,PERIOD_M5,PERIOD_H1,PERIOD_M15,PERIOD_M5,PERIOD_M5,false,htf_soft_alignment,current_post_filter,transcript_post_filter,dow_range_or_transition,no_ordered_dow_wave3_break,dow_range_or_transition,no_ordered_dow_wave3_break,false,false,true,SHORT,PERIOD_M5,double_top,double_top,4.200,none,0.000,double_top,4.200,none,0.000,SHORT,false,PERIOD_H1_NONE_dow_range_or_transition|PERIOD_M15_NONE_no_ordered_dow_wave3_break,true,h1_counter_m15_reversal,true,top_NONE_dow_range_or_transition|structure_NONE_no_ordered_dow_wave3_break|structure_break_recent_confirmed_swing_break_failed|primary_break_recent_confirmed_swing_break_failed,none,below_75sma_falling,below_75sma_falling,above_75sma_rising,-1,0.00000000,-1,0.00000000,false,off,NONE,NONE,0.00000000,0.00000000,0.0000,none,0.000,true,SHORT,return_low_break_or_bos_down,94.99800000,2,95.12000000,94.99800000,false,off,independent,false,,,false,0.0000,none,0.0000,0.0000,none,0.0000,0.0000,0.0000,none,0.0000,0,0,0.0000,none,none,none,none,0.0000,0,0.0000,none,false,true,not_evaluated,true,required_light_or_anchor_flip,short_bias,95.76000000,2025.08.04 11:45:00,95.16400000,2025.08.04 19:15:00,2025.08.04 21:45:00,false,NONE,0.00000000,0.00000000,0.0000,-1,false,,-1,NONE,0.00000000,0.00000000,0.0000,0.0000,none,,none,false,NONE,-1,-1,-1,false,false,none,true,false,false,true,none,true,required,false,PERIOD_M5,,,-1,0.0000,false,0.00000000,0.0000,false,0.0000,false,none,none,false,no_anchor_flip_in_entry_direction,true,required_first_signal_only,SHORT,unknown,0.00000000,,0.00000000,,false,,-1,false,NONE,0.00000000,,0.00000000,0.0000,0.0000,none,-1,false,false,false,no_anchor_flip_in_entry_direction,,,,false,false,false,-1,-1,-1,-1,-1,false,false,false,0.0000,range_n,true,95.16400000,94.89500000,3.5833,false,0.0000,0.0000,0,none,true,0.6114,preferred_382_618,0.200,diagnostic_only,diagnostic_only,diagnostic_only,shallow_pullback,5,0.440,true,none,0.590,high_quality,false,false,diagnostic_only,both,true,none,true,diagnostic_adjacent_detected,required_light,false,false,LONG,5,false,false,0,2025.08.05 01:30:00,2025.08.05 02:45:00,4,3.9099,0.00000000,94.93400000,94.93400000,false,false,none,0.00000000,false,0.0000,0.0000,false,1,0.0000,false,-1,0.00000000,0.0000,off,false,not_evaluated,none,0.0000,0.0000,none,false,false,false,0.0000,none,false,none,0.0000,false,none,3.1742,2.1441,1.4804,0.0000,true,strong_exhaustion,0.0000,none,none,false,false,none,0.0000,0.0000,0.0000,0.0000,none,false,false,0.0000,0.0000,false,false,-1,none,none,false,0.000,0.000,95.04700000,95.02700000,95.02700000,wick_cluster_zone,0.00800000,0.0851,neckline_level,95.04700000,0.2523,false,true,true,false,not_blocked,9,5,4,m5_failure_exit,off,none,0.00000000,0.0000,1.30,94.91300000,4.200,-0.300,0.200,PERIOD_M15,95.12000000,95.00500000,0.2609,outside,0.000,true,95.03500000,95.12900000,0.09400000,94.91300000,1.298,0.04757143,28.00,0-30,true,false,none,not_consumed,4.300,4.300,none,0.0000,false,neckline_retest_failed,false,not_invalidated,spread_too_high
2025.08.05 03:10:02,blocked,session_reversal_pullback_one_symbol_first120,AUDJPY,SHORT,2025.08.05 03:05:00,3,0,9,tokyo,2025.08.05 00:00,5,first_120min,true,true,3,AUDJPY,highest_score_in_session_bar,tokyo=USDJPY|EURJPY|GBPJPY|AUDJPY,existing_first120_gate,tokyo,false,false,true,passed_first_window,double_top,neckline_break_retest,95.04700000,PERIOD_M5,PERIOD_H1,PERIOD_M15,PERIOD_M5,PERIOD_M5,false,htf_soft_alignment,current_post_filter,transcript_post_filter,dow_range_or_transition,no_ordered_dow_wave3_break,dow_range_or_transition,no_ordered_dow_wave3_break,false,false,true,SHORT,PERIOD_M5,double_top,double_top,4.200,none,0.000,double_top,4.200,none,0.000,SHORT,false,PERIOD_H1_NONE_dow_range_or_transition|PERIOD_M15_NONE_no_ordered_dow_wave3_break,true,h1_counter_m15_reversal,true,top_NONE_dow_range_or_transition|structure_NONE_no_ordered_dow_wave3_break|structure_break_recent_confirmed_swing_break_failed|primary_break_recent_confirmed_swing_break_failed,none,below_75sma_falling,below_75sma_falling,above_75sma_rising,-1,0.00000000,-1,0.00000000,false,off,NONE,NONE,0.00000000,0.00000000,0.0000,none,0.000,true,SHORT,return_low_break_or_bos_down,94.99800000,2,95.12000000,94.99800000,false,off,independent,false,,,false,0.0000,none,0.0000,0.0000,none,0.0000,0.0000,0.0000,none,0.0000,0,0,0.0000,none,none,none,none,0.0000,0,0.0000,none,false,true,not_evaluated,true,required_light_or_anchor_flip,short_bias,95.76000000,2025.08.04 11:45:00,95.16400000,2025.08.04 19:15:00,2025.08.04 21:45:00,false,NONE,0.00000000,0.00000000,0.0000,-1,false,,-1,NONE,0.00000000,0.00000000,0.0000,0.0000,none,,none,false,NONE,-1,-1,-1,false,false,none,true,false,false,true,none,true,required,false,PERIOD_M5,,,-1,0.0000,false,0.00000000,0.0000,false,0.0000,false,none,none,false,no_anchor_flip_in_entry_direction,true,required_first_signal_only,SHORT,unknown,0.00000000,,0.00000000,,false,,-1,false,NONE,0.00000000,,0.00000000,0.0000,0.0000,none,-1,false,false,false,no_anchor_flip_in_entry_direction,,,,false,false,false,-1,-1,-1,-1,-1,false,false,false,0.0000,range_n,true,95.16400000,94.89500000,3.5833,false,0.0000,0.0000,0,none,true,0.6114,preferred_382_618,0.200,diagnostic_only,diagnostic_only,diagnostic_only,shallow_pullback,5,0.440,true,none,0.590,high_quality,false,false,diagnostic_only,both,true,none,true,diagnostic_adjacent_detected,required_light,false,false,LONG,5,false,false,0,2025.08.05 01:30:00,2025.08.05 02:45:00,4,3.9099,0.00000000,94.93400000,94.93400000,false,false,none,0.00000000,false,0.0000,0.0000,false,1,0.0000,false,-1,0.00000000,0.0000,off,false,not_evaluated,none,0.0000,0.0000,none,false,false,false,0.0000,none,false,none,0.0000,false,none,3.1742,2.1441,1.4804,0.0000,true,strong_exhaustion,0.0000,none,none,false,false,none,0.0000,0.0000,0.0000,0.0000,none,false,false,0.0000,0.0000,false,false,-1,none,none,false,0.000,0.000,95.04700000,95.02700000,95.02700000,wick_cluster_zone,0.00800000,0.0851,neckline_level,95.04700000,0.2523,false,true,true,false,not_blocked,9,5,4,m5_failure_exit,off,none,0.00000000,0.0000,1.30,94.91300000,4.200,-0.300,0.200,PERIOD_M15,95.12000000,95.00500000,0.2609,outside,0.000,true,95.03500000,95.12900000,0.09400000,94.91300000,1.298,0.04757143,28.00,0-30,true,false,none,blocked_spread_too_high,4.300,4.300,none,0.0000,false,neckline_retest_failed,false,not_invalidated,spread_too_high
2025.08.05 10:25:00,signal,session_reversal_pullback_one_symbol_first120,GBPUSD,SHORT,2025.08.05 10:20:00,10,7,16,london,2025.08.05 07:00,20,first_120min,true,true,3,GBPUSD,highest_score_in_session_bar,london=USDJPY|EURJPY|GBPJPY|AUDJPY|EURUSD|GBPUSD,existing_first120_gate,london,false,false,true,passed_first_window,sweep_high_reclaim,sweep_reclaim_retest,1.32923000,PERIOD_M5,PERIOD_H1,PERIOD_M15,PERIOD_M5,PERIOD_M5,false,htf_soft_alignment,current_post_filter,transcript_post_filter,dow_range_or_transition,structure_trend_bias_dow_trend_down_ll_lh,dow_range_or_transition,structure_trend_bias_dow_trend_down_ll_lh,false,false,true,SHORT,PERIOD_M5,sweep_high_reclaim,sweep_high_reclaim,3.400,none,0.000,sweep_high_reclaim,3.400,none,0.000,SHORT,false,PERIOD_H1_NONE_dow_range_or_transition|PERIOD_M15_SHORT_structure_trend_bias_dow_trend_down_ll_lh,true,h1_counter_m15_reversal,true,top_NONE_dow_range_or_transition|structure_SHORT_structure_trend_bias_dow_trend_down_ll_lh|structure_break_recent_confirmed_swing_break_failed|primary_break_recent_confirmed_swing_break_failed,none,above_75sma_rising,below_75sma_falling,above_75sma_flat_or_falling,-1,0.00000000,-1,0.00000000,false,off,NONE,NONE,0.00000000,0.00000000,0.0000,none,0.000,true,SHORT,return_low_break_or_bos_down,1.32748000,5,1.32988000,1.32705000,false,off,independent,false,,,false,0.0000,none,0.0000,0.0000,none,0.0000,0.0000,0.0000,none,0.0000,0,0,0.0000,none,none,none,none,0.0000,0,0.0000,none,false,true,not_evaluated,true,required_light_or_anchor_flip,long_bias,1.32705000,2025.08.05 08:30:00,1.32872000,2025.08.05 07:45:00,2025.08.05 09:15:00,false,NONE,0.00000000,0.00000000,0.0000,-1,false,,-1,NONE,0.00000000,0.00000000,0.0000,0.0000,none,,none,false,NONE,-1,-1,-1,false,false,none,false,true,false,true,none,true,required,false,PERIOD_M5,,,-1,0.0000,false,0.00000000,0.0000,false,0.0000,false,none,none,false,no_anchor_flip_in_entry_direction,true,required_first_signal_only,SHORT,unknown,0.00000000,,0.00000000,,false,,-1,false,NONE,0.00000000,,0.00000000,0.0000,0.0000,none,-1,false,false,false,no_anchor_flip_in_entry_direction,,,,false,false,false,-1,-1,-1,-1,-1,false,false,false,0.0000,range_n,true,1.32923000,1.32705000,3.1207,false,0.0000,0.0000,0,none,true,0.7597,deep_618_786,0.120,diagnostic_only,diagnostic_only,diagnostic_only,deep_pullback,24,0.370,true,none,0.520,medium_quality,false,false,diagnostic_only,both,true,none,true,diagnostic_adjacent_detected,required_light,false,false,LONG,4,false,false,2,2025.08.05 07:55:00,2025.08.05 09:50:00,6,4.0105,0.00000000,1.32719000,1.32719000,false,false,none,0.00000000,false,0.0000,0.0000,false,1,0.0000,false,-1,0.00000000,0.0000,off,false,not_evaluated,none,0.0000,0.0000,none,false,false,false,0.0000,none,false,none,0.0000,false,none,3.7530,3.0723,1.2216,0.9382,false,no_shrink,0.0000,none,none,false,false,none,0.0000,0.0000,0.0000,0.0000,none,false,false,0.0000,0.0000,false,false,-1,none,none,false,0.000,0.000,1.32923000,1.32872000,1.32872000,structure_confirmed_swing_high,0.00048000,1.2632,neckline_level,1.32923000,0.0552,false,true,false,false,not_blocked,1,1,0,m5_failure_exit,off,none,0.00000000,0.0000,1.30,1.32871000,3.400,0.150,0.200,PERIOD_M15,1.32872000,1.32705000,1.2874,outside,0.000,true,1.32920000,1.32958000,0.00038000,1.32871000,1.289,0.00054357,11.00,0-30,true,false,none,not_consumed,3.950,3.950,none,0.0000,false,opposite_break_first,true,opposite_break_first,spread_too_high
2025.08.05 10:25:00,blocked,session_reversal_pullback_one_symbol_first120,GBPUSD,SHORT,2025.08.05 10:20:00,10,7,16,london,2025.08.05 07:00,20,first_120min,true,true,3,GBPUSD,highest_score_in_session_bar,london=USDJPY|EURJPY|GBPJPY|AUDJPY|EURUSD|GBPUSD,existing_first120_gate,london,false,false,true,passed_first_window,sweep_high_reclaim,sweep_reclaim_retest,1.32923000,PERIOD_M5,PERIOD_H1,PERIOD_M15,PERIOD_M5,PERIOD_M5,false,htf_soft_alignment,current_post_filter,transcript_post_filter,dow_range_or_transition,structure_trend_bias_dow_trend_down_ll_lh,dow_range_or_transition,structure_trend_bias_dow_trend_down_ll_lh,false,false,true,SHORT,PERIOD_M5,sweep_high_reclaim,sweep_high_reclaim,3.400,none,0.000,sweep_high_reclaim,3.400,none,0.000,SHORT,false,PERIOD_H1_NONE_dow_range_or_transition|PERIOD_M15_SHORT_structure_trend_bias_dow_trend_down_ll_lh,true,h1_counter_m15_reversal,true,top_NONE_dow_range_or_transition|structure_SHORT_structure_trend_bias_dow_trend_down_ll_lh|structure_break_recent_confirmed_swing_break_failed|primary_break_recent_confirmed_swing_break_failed,none,above_75sma_rising,below_75sma_falling,above_75sma_flat_or_falling,-1,0.00000000,-1,0.00000000,false,off,NONE,NONE,0.00000000,0.00000000,0.0000,none,0.000,true,SHORT,return_low_break_or_bos_down,1.32748000,5,1.32988000,1.32705000,false,off,independent,false,,,false,0.0000,none,0.0000,0.0000,none,0.0000,0.0000,0.0000,none,0.0000,0,0,0.0000,none,none,none,none,0.0000,0,0.0000,none,false,true,not_evaluated,true,required_light_or_anchor_flip,long_bias,1.32705000,2025.08.05 08:30:00,1.32872000,2025.08.05 07:45:00,2025.08.05 09:15:00,false,NONE,0.00000000,0.00000000,0.0000,-1,false,,-1,NONE,0.00000000,0.00000000,0.0000,0.0000,none,,none,false,NONE,-1,-1,-1,false,false,none,false,true,false,true,none,true,required,false,PERIOD_M5,,,-1,0.0000,false,0.00000000,0.0000,false,0.0000,false,none,none,false,no_anchor_flip_in_entry_direction,true,required_first_signal_only,SHORT,unknown,0.00000000,,0.00000000,,false,,-1,false,NONE,0.00000000,,0.00000000,0.0000,0.0000,none,-1,false,false,false,no_anchor_flip_in_entry_direction,,,,false,false,false,-1,-1,-1,-1,-1,false,false,false,0.0000,range_n,true,1.32923000,1.32705000,3.1207,false,0.0000,0.0000,0,none,true,0.7597,deep_618_786,0.120,diagnostic_only,diagnostic_only,diagnostic_only,deep_pullback,24,0.370,true,none,0.520,medium_quality,false,false,diagnostic_only,both,true,none,true,diagnostic_adjacent_detected,required_light,false,false,LONG,4,false,false,2,2025.08.05 07:55:00,2025.08.05 09:50:00,6,4.0105,0.00000000,1.32719000,1.32719000,false,false,none,0.00000000,false,0.0000,0.0000,false,1,0.0000,false,-1,0.00000000,0.0000,off,false,not_evaluated,none,0.0000,0.0000,none,false,false,false,0.0000,none,false,none,0.0000,false,none,3.7530,3.0723,1.2216,0.9382,false,no_shrink,0.0000,none,none,false,false,none,0.0000,0.0000,0.0000,0.0000,none,false,false,0.0000,0.0000,false,false,-1,none,none,false,0.000,0.000,1.32923000,1.32872000,1.32872000,structure_confirmed_swing_high,0.00048000,1.2632,neckline_level,1.32923000,0.0552,false,true,false,false,not_blocked,1,1,0,m5_failure_exit,off,none,0.00000000,0.0000,1.30,1.32871000,3.400,0.150,0.200,PERIOD_M15,1.32872000,1.32705000,1.2874,outside,0.000,true,1.32920000,1.32958000,0.00038000,1.32871000,1.289,0.00054357,11.00,0-30,true,false,none,blocked_spread_too_high,3.950,3.950,none,0.0000,false,opposite_break_first,true,opposite_break_first,spread_too_high
2025.08.05 16:05:00,signal,session_reversal_pullback_one_symbol_first120,GBPUSD,LONG,2025.08.05 16:00:00,16,13,22,london_newyork_overlap,2025.08.05 13:00,0,first_120min,true,true,3,GBPUSD,highest_score_in_session_bar,london_newyork_overlap=USDJPY|EURJPY|GBPJPY|AUDJPY|EURUSD|GBPUSD,existing_first120_gate,london_newyork_overlap,false,false,true,passed_first_window,double_bottom,neckline_break_retest,1.32802000,PERIOD_M5,PERIOD_H1,PERIOD_M15,PERIOD_M5,PERIOD_M5,false,htf_soft_alignment,current_post_filter,transcript_post_filter,dow_trend_down_ll_lh,no_ordered_dow_wave3_break,dow_trend_down_ll_lh,no_ordered_dow_wave3_break,false,true,false,LONG,PERIOD_M5,double_bottom,double_bottom,4.200,none,0.000,double_bottom,4.200,none,0.000,LONG,false,PERIOD_H1_SHORT_dow_trend_down_ll_lh|PERIOD_M15_NONE_no_ordered_dow_wave3_break,true,h1_counter_m15_reversal,true,top_SHORT_dow_trend_down_ll_lh|structure_NONE_no_ordered_dow_wave3_break|structure_break_recent_confirmed_swing_break_failed|primary_break_recent_confirmed_swing_break_retest,none,above_75sma_rising,below_75sma_flat_or_rising,above_75sma_rising,-1,0.00000000,3,1.32841000,false,off,NONE,NONE,0.00000000,0.00000000,0.0000,none,0.000,true,LONG,return_high_break_or_bos_up,1.32872000,9,1.32943000,1.32656000,false,off,independent,false,,,false,0.0000,none,0.0000,0.0000,none,0.0000,0.0000,0.0000,none,0.0000,0,0,0.0000,none,none,none,none,0.0000,0,0.0000,none,false,true,not_evaluated,true,required_light_or_anchor_flip,short_bias,1.32719000,2025.08.05 09:45:00,1.32949000,2025.08.05 10:15:00,2025.08.05 10:45:00,false,NONE,0.00000000,0.00000000,0.0000,-1,false,,-1,NONE,0.00000000,0.00000000,0.0000,0.0000,none,,none,false,NONE,-1,-1,-1,false,false,none,false,true,false,true,none,true,required,false,PERIOD_M5,,,-1,0.0000,false,0.00000000,0.0000,false,0.0000,false,none,none,false,no_anchor_flip_in_entry_direction,true,required_first_signal_only,LONG,unknown,0.00000000,,0.00000000,,false,,-1,false,NONE,0.00000000,,0.00000000,0.0000,0.0000,none,-1,false,false,false,no_anchor_flip_in_entry_direction,,,,false,false,false,-1,-1,-1,-1,-1,false,false,false,0.0000,range_n,true,1.32949000,1.32590000,3.0834,false,0.0000,0.0000,0,none,true,0.3120,shallow_236_382,0.080,diagnostic_only,diagnostic_only,diagnostic_only,shallow_pullback,5,0.320,true,none,0.470,high_quality,false,false,diagnostic_only,both,true,none,true,diagnostic_adjacent_detected,required_light,false,false,SHORT,6,false,false,1,2025.08.05 13:45:00,2025.08.05 15:15:00,9,3.0175,1.32841000,0.00000000,1.32841000,true,true,m5_lh_close_break_up,1.32841000,true,0.5009,0.5253,true,1,0.7818,false,3,1.32841000,0.5009,off,false,not_evaluated,none,0.6700,0.0500,strong,false,true,true,0.7818,failed_1bar,true,back_inside,0.0900,false,weak_retest,1.7958,2.9930,0.6000,0.0244,true,strong_exhaustion,0.0000,none,none,false,false,none,0.0000,0.0000,0.0000,0.0000,none,false,false,0.0000,0.0000,false,false,-1,none,none,false,0.000,0.000,1.32841000,1.32806000,1.32841000,failed_breakout_level,0.00004000,0.0310,session_high|opening_range_high|neckline_level,1.32856000,0.2321,false,true,true,false,not_blocked,6,4,2,m5_failure_exit,off,none,0.00000000,0.0000,1.30,1.33004000,4.200,-0.300,0.200,PERIOD_M15,1.32943000,1.32656000,0.3693,outside,0.000,true,1.32837000,1.32708000,0.00129000,1.33004000,1.295,0.00081857,20.00,0-30,true,false,none,not_consumed,4.500,4.500,none,0.0000,false,neckline_retest_failed,false,not_invalidated,spread_too_high
2025.08.05 16:05:00,blocked,session_reversal_pullback_one_symbol_first120,GBPUSD,LONG,2025.08.05 16:00:00,16,13,22,london_newyork_overlap,2025.08.05 13:00,0,first_120min,true,true,3,GBPUSD,highest_score_in_session_bar,london_newyork_overlap=USDJPY|EURJPY|GBPJPY|AUDJPY|EURUSD|GBPUSD,existing_first120_gate,london_newyork_overlap,false,false,true,passed_first_window,double_bottom,neckline_break_retest,1.32802000,PERIOD_M5,PERIOD_H1,PERIOD_M15,PERIOD_M5,PERIOD_M5,false,htf_soft_alignment,current_post_filter,transcript_post_filter,dow_trend_down_ll_lh,no_ordered_dow_wave3_break,dow_trend_down_ll_lh,no_ordered_dow_wave3_break,false,true,false,LONG,PERIOD_M5,double_bottom,double_bottom,4.200,none,0.000,double_bottom,4.200,none,0.000,LONG,false,PERIOD_H1_SHORT_dow_trend_down_ll_lh|PERIOD_M15_NONE_no_ordered_dow_wave3_break,true,h1_counter_m15_reversal,true,top_SHORT_dow_trend_down_ll_lh|structure_NONE_no_ordered_dow_wave3_break|structure_break_recent_confirmed_swing_break_failed|primary_break_recent_confirmed_swing_break_retest,none,above_75sma_rising,below_75sma_flat_or_rising,above_75sma_rising,-1,0.00000000,3,1.32841000,false,off,NONE,NONE,0.00000000,0.00000000,0.0000,none,0.000,true,LONG,return_high_break_or_bos_up,1.32872000,9,1.32943000,1.32656000,false,off,independent,false,,,false,0.0000,none,0.0000,0.0000,none,0.0000,0.0000,0.0000,none,0.0000,0,0,0.0000,none,none,none,none,0.0000,0,0.0000,none,false,true,not_evaluated,true,required_light_or_anchor_flip,short_bias,1.32719000,2025.08.05 09:45:00,1.32949000,2025.08.05 10:15:00,2025.08.05 10:45:00,false,NONE,0.00000000,0.00000000,0.0000,-1,false,,-1,NONE,0.00000000,0.00000000,0.0000,0.0000,none,,none,false,NONE,-1,-1,-1,false,false,none,false,true,false,true,none,true,required,false,PERIOD_M5,,,-1,0.0000,false,0.00000000,0.0000,false,0.0000,false,none,none,false,no_anchor_flip_in_entry_direction,true,required_first_signal_only,LONG,unknown,0.00000000,,0.00000000,,false,,-1,false,NONE,0.00000000,,0.00000000,0.0000,0.0000,none,-1,false,false,false,no_anchor_flip_in_entry_direction,,,,false,false,false,-1,-1,-1,-1,-1,false,false,false,0.0000,range_n,true,1.32949000,1.32590000,3.0834,false,0.0000,0.0000,0,none,true,0.3120,shallow_236_382,0.080,diagnostic_only,diagnostic_only,diagnostic_only,shallow_pullback,5,0.320,true,none,0.470,high_quality,false,false,diagnostic_only,both,true,none,true,diagnostic_adjacent_detected,required_light,false,false,SHORT,6,false,false,1,2025.08.05 13:45:00,2025.08.05 15:15:00,9,3.0175,1.32841000,0.00000000,1.32841000,true,true,m5_lh_close_break_up,1.32841000,true,0.5009,0.5253,true,1,0.7818,false,3,1.32841000,0.5009,off,false,not_evaluated,none,0.6700,0.0500,strong,false,true,true,0.7818,failed_1bar,true,back_inside,0.0900,false,weak_retest,1.7958,2.9930,0.6000,0.0244,true,strong_exhaustion,0.0000,none,none,false,false,none,0.0000,0.0000,0.0000,0.0000,none,false,false,0.0000,0.0000,false,false,-1,none,none,false,0.000,0.000,1.32841000,1.32806000,1.32841000,failed_breakout_level,0.00004000,0.0310,session_high|opening_range_high|neckline_level,1.32856000,0.2321,false,true,true,false,not_blocked,6,4,2,m5_failure_exit,off,none,0.00000000,0.0000,1.30,1.33004000,4.200,-0.300,0.200,PERIOD_M15,1.32943000,1.32656000,0.3693,outside,0.000,true,1.32837000,1.32708000,0.00129000,1.33004000,1.295,0.00081857,20.00,0-30,true,false,none,blocked_spread_too_high,4.500,4.500,none,0.0000,false,neckline_retest_failed,false,not_invalidated,spread_too_high
2025.08.06 10:05:00,signal,session_reversal_pullback_one_symbol_first120,USDJPY,LONG,2025.08.06 10:00:00,10,7,16,london,2025.08.06 07:00,0,first_120min,true,true,3,USDJPY,highest_score_in_session_bar,london=USDJPY|EURJPY|GBPJPY|AUDJPY|EURUSD|GBPUSD,existing_first120_gate,london,false,false,true,passed_first_window,inverse_head_and_shoulders,neckline_break_retest,147.52800000,PERIOD_M5,PERIOD_H1,PERIOD_M15,PERIOD_M5,PERIOD_M5,false,htf_soft_alignment,current_post_filter,transcript_post_filter,dow_range_or_transition,structure_trend_bias_dow_trend_down_ll_lh,dow_range_or_transition,structure_trend_bias_dow_trend_down_ll_lh,false,true,false,LONG,PERIOD_M5,inverse_head_and_shoulders,inverse_head_and_shoulders,4.500,none,0.000,inverse_head_and_shoulders,4.500,none,0.000,LONG,false,PERIOD_H1_NONE_dow_range_or_transition|PERIOD_M15_SHORT_structure_trend_bias_dow_trend_down_ll_lh,true,h1_counter_m15_reversal,true,top_NONE_dow_range_or_transition|structure_SHORT_structure_trend_bias_dow_trend_down_ll_lh|structure_break_recent_confirmed_swing_break_failed|primary_break_recent_confirmed_swing_break_retest,none,below_75sma_falling,above_75sma_flat_or_falling,above_75sma_flat_or_falling,-1,0.00000000,0,147.53800000,false,off,NONE,NONE,0.00000000,0.00000000,0.0000,none,0.000,true,LONG,return_high_break_or_bos_up,147.63700000,19,147.74400000,147.29300000,false,off,independent,false,,,false,0.0000,none,0.0000,0.0000,none,0.0000,0.0000,0.0000,none,0.0000,0,0,0.0000,none,none,none,none,0.0000,0,0.0000,none,false,true,not_evaluated,true,required_light_or_anchor_flip,long_bias,147.29300000,2025.08.06 07:30:00,147.44000000,2025.08.06 07:00:00,2025.08.06 08:45:00,false,NONE,0.00000000,0.00000000,0.0000,-1,false,,-1,NONE,0.00000000,0.00000000,0.0000,0.0000,none,,none,false,NONE,-1,-1,-1,false,false,none,true,false,false,true,none,true,required,false,PERIOD_M5,,,-1,0.0000,false,0.00000000,0.0000,false,0.0000,false,none,none,false,no_anchor_flip_in_entry_direction,true,required_first_signal_only,LONG,unknown,0.00000000,,0.00000000,,false,,-1,false,NONE,0.00000000,,0.00000000,0.0000,0.0000,none,-1,false,false,false,no_anchor_flip_in_entry_direction,,,,false,false,false,-1,-1,-1,-1,-1,false,false,false,0.0000,rising_n,false,147.74400000,147.29300000,5.3059,false,0.0000,0.0000,0,none,true,0.3171,shallow_236_382,0.080,diagnostic_only,diagnostic_only,diagnostic_only,shallow_pullback,24,0.330,true,none,0.480,high_quality,false,false,diagnostic_only,both,true,none,true,diagnostic_adjacent_detected,required_light,false,false,SHORT,4,false,false,0,2025.08.06 07:05:00,2025.08.06 09:05:00,11,4.3308,147.53800000,0.00000000,147.53800000,true,true,m5_lh_close_break_up,147.53800000,true,0.0707,1.0253,true,1,0.0000,true,1,147.53800000,0.0530,off,false,not_evaluated,none,0.9853,0.0147,normal,true,false,false,0.0000,held_clean,true,favorable_side,0.0625,false,clean_retest,3.2348,2.5985,1.2449,0.0000,true,strong_exhaustion,0.0000,none,none,false,false,none,0.0000,0.0000,0.0000,0.0000,none,false,false,0.0000,0.0000,false,false,-1,none,none,false,0.000,0.000,147.74400000,147.58900000,147.74400000,current_day_high,0.14300000,0.8412,session_high|opening_range_high|neckline_level,147.58900000,0.2121,false,true,true,false,not_blocked,2,1,1,m5_failure_exit,off,none,0.00000000,0.0000,1.30,147.82200000,4.500,0.000,0.200,PERIOD_M15,147.53800000,147.29300000,-0.2571,outside,0.000,true,147.60100000,147.43100000,0.17000000,147.82200000,1.300,0.05657143,20.00,0-30,true,false,none,not_consumed,5.100,5.100,none,0.0000,false,neckline_retest_failed,false,not_invalidated,spread_too_high
2025.08.06 10:05:00,blocked,session_reversal_pullback_one_symbol_first120,USDJPY,LONG,2025.08.06 10:00:00,10,7,16,london,2025.08.06 07:00,0,first_120min,true,true,3,USDJPY,highest_score_in_session_bar,london=USDJPY|EURJPY|GBPJPY|AUDJPY|EURUSD|GBPUSD,existing_first120_gate,london,false,false,true,passed_first_window,inverse_head_and_shoulders,neckline_break_retest,147.52800000,PERIOD_M5,PERIOD_H1,PERIOD_M15,PERIOD_M5,PERIOD_M5,false,htf_soft_alignment,current_post_filter,transcript_post_filter,dow_range_or_transition,structure_trend_bias_dow_trend_down_ll_lh,dow_range_or_transition,structure_trend_bias_dow_trend_down_ll_lh,false,true,false,LONG,PERIOD_M5,inverse_head_and_shoulders,inverse_head_and_shoulders,4.500,none,0.000,inverse_head_and_shoulders,4.500,none,0.000,LONG,false,PERIOD_H1_NONE_dow_range_or_transition|PERIOD_M15_SHORT_structure_trend_bias_dow_trend_down_ll_lh,true,h1_counter_m15_reversal,true,top_NONE_dow_range_or_transition|structure_SHORT_structure_trend_bias_dow_trend_down_ll_lh|structure_break_recent_confirmed_swing_break_failed|primary_break_recent_confirmed_swing_break_retest,none,below_75sma_falling,above_75sma_flat_or_falling,above_75sma_flat_or_falling,-1,0.00000000,0,147.53800000,false,off,NONE,NONE,0.00000000,0.00000000,0.0000,none,0.000,true,LONG,return_high_break_or_bos_up,147.63700000,19,147.74400000,147.29300000,false,off,independent,false,,,false,0.0000,none,0.0000,0.0000,none,0.0000,0.0000,0.0000,none,0.0000,0,0,0.0000,none,none,none,none,0.0000,0,0.0000,none,false,true,not_evaluated,true,required_light_or_anchor_flip,long_bias,147.29300000,2025.08.06 07:30:00,147.44000000,2025.08.06 07:00:00,2025.08.06 08:45:00,false,NONE,0.00000000,0.00000000,0.0000,-1,false,,-1,NONE,0.00000000,0.00000000,0.0000,0.0000,none,,none,false,NONE,-1,-1,-1,false,false,none,true,false,false,true,none,true,required,false,PERIOD_M5,,,-1,0.0000,false,0.00000000,0.0000,false,0.0000,false,none,none,false,no_anchor_flip_in_entry_direction,true,required_first_signal_only,LONG,unknown,0.00000000,,0.00000000,,false,,-1,false,NONE,0.00000000,,0.00000000,0.0000,0.0000,none,-1,false,false,false,no_anchor_flip_in_entry_direction,,,,false,false,false,-1,-1,-1,-1,-1,false,false,false,0.0000,rising_n,false,147.74400000,147.29300000,5.3059,false,0.0000,0.0000,0,none,true,0.3171,shallow_236_382,0.080,diagnostic_only,diagnostic_only,diagnostic_only,shallow_pullback,24,0.330,true,none,0.480,high_quality,false,false,diagnostic_only,both,true,none,true,diagnostic_adjacent_detected,required_light,false,false,SHORT,4,false,false,0,2025.08.06 07:05:00,2025.08.06 09:05:00,11,4.3308,147.53800000,0.00000000,147.53800000,true,true,m5_lh_close_break_up,147.53800000,true,0.0707,1.0253,true,1,0.0000,true,1,147.53800000,0.0530,off,false,not_evaluated,none,0.9853,0.0147,normal,true,false,false,0.0000,held_clean,true,favorable_side,0.0625,false,clean_retest,3.2348,2.5985,1.2449,0.0000,true,strong_exhaustion,0.0000,none,none,false,false,none,0.0000,0.0000,0.0000,0.0000,none,false,false,0.0000,0.0000,false,false,-1,none,none,false,0.000,0.000,147.74400000,147.58900000,147.74400000,current_day_high,0.14300000,0.8412,session_high|opening_range_high|neckline_level,147.58900000,0.2121,false,true,true,false,not_blocked,2,1,1,m5_failure_exit,off,none,0.00000000,0.0000,1.30,147.82200000,4.500,0.000,0.200,PERIOD_M15,147.53800000,147.29300000,-0.2571,outside,0.000,true,147.60100000,147.43100000,0.17000000,147.82200000,1.300,0.05657143,20.00,0-30,true,false,none,blocked_spread_too_high,5.100,5.100,none,0.0000,false,neckline_retest_failed,false,not_invalidated,spread_too_high
2025.08.07 03:05:00,signal,session_reversal_pullback_one_symbol_first120,AUDJPY,SHORT,2025.08.07 03:00:00,3,0,9,tokyo,2025.08.07 00:00,0,first_120min,true,true,3,AUDJPY,highest_score_in_session_bar,tokyo=USDJPY|EURJPY|GBPJPY|AUDJPY,existing_first120_gate,tokyo,true,false,true,passed_first_window,double_top,neckline_break_retest,95.76200000,PERIOD_M5,PERIOD_H1,PERIOD_M15,PERIOD_M5,PERIOD_M5,false,htf_soft_alignment,current_post_filter,transcript_post_filter,dow_trend_up_hh_hl,ordered_dow_wave3_break_below_swing_low,dow_trend_up_hh_hl,ordered_dow_wave3_break_below_swing_low,false,true,true,SHORT,PERIOD_M5,double_top,double_top,4.200,none,0.000,double_top,4.200,none,0.000,SHORT,true,PERIOD_H1_LONG_dow_trend_up_hh_hl|PERIOD_M15_SHORT_ordered_dow_wave3_break_below_swing_low,true,h1_counter_m15_reversal,true,top_LONG_dow_trend_up_hh_hl|structure_SHORT_ordered_dow_wave3_break_below_swing_low|structure_break_recent_confirmed_swing_break_retest|primary_break_recent_confirmed_swing_break_failed,none,above_75sma_rising,below_75sma_flat_or_rising,above_75sma_flat_or_falling,0,95.69400000,-1,0.00000000,false,off,NONE,NONE,0.00000000,0.00000000,0.0000,none,0.000,true,SHORT,return_low_break_or_bos_down,95.69400000,0,95.82100000,95.69400000,false,off,independent,false,,,false,0.0000,none,0.0000,0.0000,none,0.0000,0.0000,0.0000,none,0.0000,0,0,0.0000,none,none,none,none,0.0000,0,0.0000,none,false,true,not_evaluated,true,required_light_or_anchor_flip,long_bias,95.63100000,2025.08.06 21:45:00,95.97000000,2025.08.06 15:00:00,2025.08.06 23:30:00,false,NONE,0.00000000,0.00000000,0.0000,-1,false,,-1,NONE,0.00000000,0.00000000,0.0000,0.0000,none,,none,false,NONE,-1,-1,-1,false,false,none,false,true,false,true,none,true,required,false,PERIOD_M5,,,-1,0.0000,false,0.00000000,0.0000,false,0.0000,false,none,none,false,no_anchor_flip_in_entry_direction,true,required_first_signal_only,SHORT,unknown,0.00000000,,0.00000000,,false,,-1,false,NONE,0.00000000,,0.00000000,0.0000,0.0000,none,-1,false,false,false,no_anchor_flip_in_entry_direction,,,,false,false,false,-1,-1,-1,-1,-1,false,false,false,0.0000,range_n,true,95.95100000,95.59500000,4.2166,false,0.0000,0.0000,0,none,true,0.4000,preferred_382_618,0.200,diagnostic_only,diagnostic_only,diagnostic_only,shallow_pullback,6,0.440,true,none,0.590,high_quality,false,false,diagnostic_only,both,true,none,true,diagnostic_adjacent_detected,required_light,false,false,LONG,4,false,false,1,2025.08.07 00:00:00,2025.08.07 02:10:00,10,3.6360,0.00000000,95.72700000,95.72700000,true,true,m5_hl_close_break_down,95.72700000,true,0.3436,0.6299,true,1,0.8589,false,8,95.72700000,0.0000,off,false,not_evaluated,none,0.9200,0.0800,very_strong,false,false,false,0.8589,held_no_close_back,true,favorable_side,0.3000,false,clean_retest,1.4888,3.6360,0.4094,0.0000,true,strong_exhaustion,0.0000,none,none,false,false,none,0.0000,0.0000,0.0000,0.0000,none,false,false,0.0000,0.0000,false,false,-1,none,none,false,0.000,0.000,95.76200000,95.75700000,95.75700000,session_high,0.00200000,0.0426,neckline_level,95.76200000,0.0859,false,true,true,false,not_blocked,4,1,3,m5_failure_exit,off,none,0.00000000,0.0000,1.30,95.69800000,4.200,-0.300,0.200,PERIOD_M15,95.82100000,95.69400000,0.5118,preferred_382_618,0.000,true,95.75900000,95.80600000,0.04700000,95.69800000,1.298,0.03492857,28.00,0-30,true,false,none,not_consumed,4.650,4.650,none,0.0000,false,opposite_break_first,true,opposite_break_first,spread_too_high
2025.08.07 03:05:00,blocked,session_reversal_pullback_one_symbol_first120,AUDJPY,SHORT,2025.08.07 03:00:00,3,0,9,tokyo,2025.08.07 00:00,0,first_120min,true,true,3,AUDJPY,highest_score_in_session_bar,tokyo=USDJPY|EURJPY|GBPJPY|AUDJPY,existing_first120_gate,tokyo,true,false,true,passed_first_window,double_top,neckline_break_retest,95.76200000,PERIOD_M5,PERIOD_H1,PERIOD_M15,PERIOD_M5,PERIOD_M5,false,htf_soft_alignment,current_post_filter,transcript_post_filter,dow_trend_up_hh_hl,ordered_dow_wave3_break_below_swing_low,dow_trend_up_hh_hl,ordered_dow_wave3_break_below_swing_low,false,true,true,SHORT,PERIOD_M5,double_top,double_top,4.200,none,0.000,double_top,4.200,none,0.000,SHORT,true,PERIOD_H1_LONG_dow_trend_up_hh_hl|PERIOD_M15_SHORT_ordered_dow_wave3_break_below_swing_low,true,h1_counter_m15_reversal,true,top_LONG_dow_trend_up_hh_hl|structure_SHORT_ordered_dow_wave3_break_below_swing_low|structure_break_recent_confirmed_swing_break_retest|primary_break_recent_confirmed_swing_break_failed,none,above_75sma_rising,below_75sma_flat_or_rising,above_75sma_flat_or_falling,0,95.69400000,-1,0.00000000,false,off,NONE,NONE,0.00000000,0.00000000,0.0000,none,0.000,true,SHORT,return_low_break_or_bos_down,95.69400000,0,95.82100000,95.69400000,false,off,independent,false,,,false,0.0000,none,0.0000,0.0000,none,0.0000,0.0000,0.0000,none,0.0000,0,0,0.0000,none,none,none,none,0.0000,0,0.0000,none,false,true,not_evaluated,true,required_light_or_anchor_flip,long_bias,95.63100000,2025.08.06 21:45:00,95.97000000,2025.08.06 15:00:00,2025.08.06 23:30:00,false,NONE,0.00000000,0.00000000,0.0000,-1,false,,-1,NONE,0.00000000,0.00000000,0.0000,0.0000,none,,none,false,NONE,-1,-1,-1,false,false,none,false,true,false,true,none,true,required,false,PERIOD_M5,,,-1,0.0000,false,0.00000000,0.0000,false,0.0000,false,none,none,false,no_anchor_flip_in_entry_direction,true,required_first_signal_only,SHORT,unknown,0.00000000,,0.00000000,,false,,-1,false,NONE,0.00000000,,0.00000000,0.0000,0.0000,none,-1,false,false,false,no_anchor_flip_in_entry_direction,,,,false,false,false,-1,-1,-1,-1,-1,false,false,false,0.0000,range_n,true,95.95100000,95.59500000,4.2166,false,0.0000,0.0000,0,none,true,0.4000,preferred_382_618,0.200,diagnostic_only,diagnostic_only,diagnostic_only,shallow_pullback,6,0.440,true,none,0.590,high_quality,false,false,diagnostic_only,both,true,none,true,diagnostic_adjacent_detected,required_light,false,false,LONG,4,false,false,1,2025.08.07 00:00:00,2025.08.07 02:10:00,10,3.6360,0.00000000,95.72700000,95.72700000,true,true,m5_hl_close_break_down,95.72700000,true,0.3436,0.6299,true,1,0.8589,false,8,95.72700000,0.0000,off,false,not_evaluated,none,0.9200,0.0800,very_strong,false,false,false,0.8589,held_no_close_back,true,favorable_side,0.3000,false,clean_retest,1.4888,3.6360,0.4094,0.0000,true,strong_exhaustion,0.0000,none,none,false,false,none,0.0000,0.0000,0.0000,0.0000,none,false,false,0.0000,0.0000,false,false,-1,none,none,false,0.000,0.000,95.76200000,95.75700000,95.75700000,session_high,0.00200000,0.0426,neckline_level,95.76200000,0.0859,false,true,true,false,not_blocked,4,1,3,m5_failure_exit,off,none,0.00000000,0.0000,1.30,95.69800000,4.200,-0.300,0.200,PERIOD_M15,95.82100000,95.69400000,0.5118,preferred_382_618,0.000,true,95.75900000,95.80600000,0.04700000,95.69800000,1.298,0.03492857,28.00,0-30,true,false,none,blocked_spread_too_high,4.650,4.650,none,0.0000,false,opposite_break_first,true,opposite_break_first,spread_too_high
2025.08.07 11:40:00,signal,session_reversal_pullback_one_symbol_first120,EURJPY,LONG,2025.08.07 11:35:00,11,8,17,london,2025.08.07 07:00,95,first_120min,false,true,3,EURJPY,highest_score_in_session_bar,london=USDJPY|EURJPY|GBPJPY|AUDJPY|EURUSD|GBPUSD,existing_first120_gate,london,true,false,true,passed_first_window,bos_up,first_pullback_after_bos,171.75670000,PERIOD_M5,PERIOD_H1,PERIOD_M15,PERIOD_M5,PERIOD_M5,false,htf_soft_alignment,current_post_filter,transcript_post_filter,dow_range_or_transition,ordered_dow_wave3_break_below_swing_low,dow_range_or_transition,ordered_dow_wave3_break_below_swing_low,false,true,false,LONG,PERIOD_M5,bos_up,bos_up,2.600,none,0.000,bos_up,2.600,none,0.000,LONG,false,PERIOD_H1_NONE_dow_range_or_transition|PERIOD_M15_SHORT_ordered_dow_wave3_break_below_swing_low,true,h1_counter_m15_reversal,true,top_NONE_dow_range_or_transition|structure_SHORT_ordered_dow_wave3_break_below_swing_low|structure_break_recent_confirmed_swing_break_failed|primary_break_recent_confirmed_swing_break_continuation,none,above_75sma_rising,above_75sma_rising,below_75sma_falling,-1,0.00000000,0,171.59400000,false,off,NONE,NONE,0.00000000,0.00000000,0.0000,none,0.000,true,LONG,return_high_break_or_bos_up,172.07400000,17,172.15600000,171.38700000,false,off,independent,false,,,false,0.0000,none,0.0000,0.0000,none,0.0000,0.0000,0.0000,none,0.0000,0,0,0.0000,none,none,none,none,0.0000,0,0.0000,none,false,true,not_evaluated,true,required_light_or_anchor_flip,short_bias,171.91800000,2025.08.07 05:00:00,171.96900000,2025.08.07 08:45:00,2025.08.07 10:30:00,false,NONE,0.00000000,0.00000000,0.0000,-1,false,,-1,NONE,0.00000000,0.00000000,0.0000,0.0000,none,,none,false,NONE,-1,-1,-1,false,false,none,false,true,false,true,none,true,required,false,PERIOD_M5,,,-1,0.0000,false,0.00000000,0.0000,false,0.0000,false,none,none,false,no_anchor_flip_in_entry_direction,true,required_first_signal_only,LONG,unknown,0.00000000,,0.00000000,,false,,-1,false,NONE,0.00000000,,0.00000000,0.0000,0.0000,none,-1,false,false,false,no_anchor_flip_in_entry_direction,,,,false,false,false,-1,-1,-1,-1,-1,false,false,false,0.0000,falling_n,false,172.15600000,171.38700000,5.6723,false,0.0000,0.0000,0,none,true,0.3810,shallow_236_382,0.080,diagnostic_only,diagnostic_only,diagnostic_only,fib_pullback,24,0.330,true,none,0.480,low_quality,false,false,diagnostic_only,both,true,none,true,diagnostic_adjacent_detected,required_light,false,false,SHORT,5,false,false,1,2025.08.07 10:05:00,2025.08.07 11:05:00,6,5.0375,171.87600000,0.00000000,171.87600000,false,false,none,0.00000000,false,0.0000,0.0000,false,1,0.0000,false,-1,0.00000000,0.0000,off,false,not_evaluated,none,0.0000,0.0000,none,false,false,false,0.0000,none,false,none,0.0000,false,none,5.0375,1.9985,2.5206,0.1339,false,mild_exhaustion,0.0000,none,none,false,false,none,0.0000,0.0000,0.0000,0.0000,none,false,false,0.0000,0.0000,false,false,-1,none,none,false,0.000,0.000,171.87600000,171.85200000,171.87600000,recent_rejection_zone,0.01300000,0.0760,session_high|opening_range_high|neckline_level,171.87600000,0.1339,false,true,true,false,not_blocked,5,3,2,m5_failure_exit,off,none,0.00000000,0.0000,1.30,172.08600000,2.600,-0.300,0.200,PERIOD_M15,171.96900000,171.86300000,1.0000,outside,0.000,true,171.86300000,171.69200000,0.17100000,172.08600000,1.304,0.09707143,30.00,90-120,true,false,none,not_consumed,2.900,2.900,none,0.0000,false,bos_pullback_failed,false,not_invalidated,spread_too_high
2025.08.07 11:40:00,blocked,session_reversal_pullback_one_symbol_first120,EURJPY,LONG,2025.08.07 11:35:00,11,8,17,london,2025.08.07 07:00,95,first_120min,false,true,3,EURJPY,highest_score_in_session_bar,london=USDJPY|EURJPY|GBPJPY|AUDJPY|EURUSD|GBPUSD,existing_first120_gate,london,true,false,true,passed_first_window,bos_up,first_pullback_after_bos,171.75670000,PERIOD_M5,PERIOD_H1,PERIOD_M15,PERIOD_M5,PERIOD_M5,false,htf_soft_alignment,current_post_filter,transcript_post_filter,dow_range_or_transition,ordered_dow_wave3_break_below_swing_low,dow_range_or_transition,ordered_dow_wave3_break_below_swing_low,false,true,false,LONG,PERIOD_M5,bos_up,bos_up,2.600,none,0.000,bos_up,2.600,none,0.000,LONG,false,PERIOD_H1_NONE_dow_range_or_transition|PERIOD_M15_SHORT_ordered_dow_wave3_break_below_swing_low,true,h1_counter_m15_reversal,true,top_NONE_dow_range_or_transition|structure_SHORT_ordered_dow_wave3_break_below_swing_low|structure_break_recent_confirmed_swing_break_failed|primary_break_recent_confirmed_swing_break_continuation,none,above_75sma_rising,above_75sma_rising,below_75sma_falling,-1,0.00000000,0,171.59400000,false,off,NONE,NONE,0.00000000,0.00000000,0.0000,none,0.000,true,LONG,return_high_break_or_bos_up,172.07400000,17,172.15600000,171.38700000,false,off,independent,false,,,false,0.0000,none,0.0000,0.0000,none,0.0000,0.0000,0.0000,none,0.0000,0,0,0.0000,none,none,none,none,0.0000,0,0.0000,none,false,true,not_evaluated,true,required_light_or_anchor_flip,short_bias,171.91800000,2025.08.07 05:00:00,171.96900000,2025.08.07 08:45:00,2025.08.07 10:30:00,false,NONE,0.00000000,0.00000000,0.0000,-1,false,,-1,NONE,0.00000000,0.00000000,0.0000,0.0000,none,,none,false,NONE,-1,-1,-1,false,false,none,false,true,false,true,none,true,required,false,PERIOD_M5,,,-1,0.0000,false,0.00000000,0.0000,false,0.0000,false,none,none,false,no_anchor_flip_in_entry_direction,true,required_first_signal_only,LONG,unknown,0.00000000,,0.00000000,,false,,-1,false,NONE,0.00000000,,0.00000000,0.0000,0.0000,none,-1,false,false,false,no_anchor_flip_in_entry_direction,,,,false,false,false,-1,-1,-1,-1,-1,false,false,false,0.0000,falling_n,false,172.15600000,171.38700000,5.6723,false,0.0000,0.0000,0,none,true,0.3810,shallow_236_382,0.080,diagnostic_only,diagnostic_only,diagnostic_only,fib_pullback,24,0.330,true,none,0.480,low_quality,false,false,diagnostic_only,both,true,none,true,diagnostic_adjacent_detected,required_light,false,false,SHORT,5,false,false,1,2025.08.07 10:05:00,2025.08.07 11:05:00,6,5.0375,171.87600000,0.00000000,171.87600000,false,false,none,0.00000000,false,0.0000,0.0000,false,1,0.0000,false,-1,0.00000000,0.0000,off,false,not_evaluated,none,0.0000,0.0000,none,false,false,false,0.0000,none,false,none,0.0000,false,none,5.0375,1.9985,2.5206,0.1339,false,mild_exhaustion,0.0000,none,none,false,false,none,0.0000,0.0000,0.0000,0.0000,none,false,false,0.0000,0.0000,false,false,-1,none,none,false,0.000,0.000,171.87600000,171.85200000,171.87600000,recent_rejection_zone,0.01300000,0.0760,session_high|opening_range_high|neckline_level,171.87600000,0.1339,false,true,true,false,not_blocked,5,3,2,m5_failure_exit,off,none,0.00000000,0.0000,1.30,172.08600000,2.600,-0.300,0.200,PERIOD_M15,171.96900000,171.86300000,1.0000,outside,0.000,true,171.86300000,171.69200000,0.17100000,172.08600000,1.304,0.09707143,30.00,90-120,true,false,none,blocked_spread_too_high,2.900,2.900,none,0.0000,false,bos_pullback_failed,false,not_invalidated,spread_too_high
2025.08.07 16:50:00,signal,session_reversal_pullback_one_symbol_first120,AUDJPY,SHORT,2025.08.07 16:45:00,16,13,22,london_newyork_overlap,2025.08.07 13:00,45,first_120min,true,true,3,AUDJPY,highest_score_in_session_bar,london_newyork_overlap=USDJPY|EURJPY|GBPJPY|AUDJPY|EURUSD|GBPUSD,existing_first120_gate,london_newyork_overlap,false,false,true,passed_first_window,double_top,neckline_break_retest,96.02200000,PERIOD_M5,PERIOD_H1,PERIOD_M15,PERIOD_M5,PERIOD_M5,false,htf_soft_alignment,current_post_filter,transcript_post_filter,dow_trend_up_hh_hl,structure_trend_bias_dow_trend_up_hh_hl,dow_trend_up_hh_hl,structure_trend_bias_dow_trend_up_hh_hl,false,false,true,SHORT,PERIOD_M5,double_top,double_top,4.200,none,0.000,double_top,4.200,none,0.000,SHORT,false,PERIOD_H1_LONG_dow_trend_up_hh_hl|PERIOD_M15_LONG_structure_trend_bias_dow_trend_up_hh_hl,true,h1_counter_m15_reversal,true,top_LONG_dow_trend_up_hh_hl|structure_LONG_structure_trend_bias_dow_trend_up_hh_hl|structure_break_recent_confirmed_swing_break_failed|primary_break_recent_confirmed_swing_break_continuation,none,above_75sma_rising,above_75sma_rising,below_75sma_flat_or_rising,-1,0.00000000,0,96.09000000,false,off,NONE,NONE,0.00000000,0.00000000,0.0000,none,0.000,true,SHORT,return_low_break_or_bos_down,95.89800000,24,96.20000000,95.76100000,false,off,independent,false,,,false,0.0000,none,0.0000,0.0000,none,0.0000,0.0000,0.0000,none,0.0000,0,0,0.0000,none,none,none,none,0.0000,0,0.0000,none,false,true,not_evaluated,true,required_light_or_anchor_flip,short_bias,96.10200000,2025.08.07 12:45:00,96.20000000,2025.08.07 14:00:00,2025.08.07 15:30:00,false,NONE,0.00000000,0.00000000,0.0000,-1,false,,-1,NONE,0.00000000,0.00000000,0.0000,0.0000,none,,none,false,NONE,-1,-1,-1,false,false,none,true,false,false,true,none,true,required,false,PERIOD_M5,,,-1,0.0000,false,0.00000000,0.0000,false,0.0000,false,none,none,false,no_anchor_flip_in_entry_direction,true,required_first_signal_only,SHORT,unknown,0.00000000,,0.00000000,,false,,-1,false,NONE,0.00000000,,0.00000000,0.0000,0.0000,none,-1,false,false,false,no_anchor_flip_in_entry_direction,,,,false,false,false,-1,-1,-1,-1,-1,false,false,false,0.0000,range_n,true,96.20000000,95.75700000,6.1958,false,0.0000,0.0000,0,none,true,0.5308,preferred_382_618,0.200,diagnostic_only,diagnostic_only,diagnostic_only,fib_pullback,24,0.400,true,none,0.550,high_quality,false,false,diagnostic_only,both,true,none,true,diagnostic_adjacent_detected,required_light,false,false,LONG,5,false,false,0,2025.08.07 14:10:00,2025.08.07 16:00:00,9,3.9853,0.00000000,95.95900000,95.95900000,false,false,none,0.00000000,false,0.0000,0.0000,false,1,0.0000,false,-1,0.00000000,0.0000,off,false,not_evaluated,none,0.0000,0.0000,none,false,false,false,0.0000,none,false,none,0.0000,false,none,3.5103,1.2802,2.7419,0.0000,true,strong_exhaustion,0.0000,none,none,false,false,none,0.0000,0.0000,0.0000,0.0000,none,false,false,0.0000,0.0000,false,false,-1,none,none,false,0.000,0.000,96.01300000,95.98100000,95.98100000,failed_breakout_level,0.01300000,0.1238,opening_range_low|neckline_level,96.02200000,0.5782,false,true,false,false,not_blocked,4,4,0,m5_failure_exit,off,none,0.00000000,0.0000,1.30,95.85800000,4.200,-0.300,0.200,PERIOD_M15,96.20000000,95.95900000,0.1452,outside,0.000,true,95.99400000,96.09900000,0.10500000,95.85800000,1.295,0.04842857,28.00,30-60,true,false,none,not_consumed,4.500,4.500,none,0.0000,false,neckline_retest_failed,false,not_invalidated,spread_too_high
2025.08.07 16:50:00,blocked,session_reversal_pullback_one_symbol_first120,AUDJPY,SHORT,2025.08.07 16:45:00,16,13,22,london_newyork_overlap,2025.08.07 13:00,45,first_120min,true,true,3,AUDJPY,highest_score_in_session_bar,london_newyork_overlap=USDJPY|EURJPY|GBPJPY|AUDJPY|EURUSD|GBPUSD,existing_first120_gate,london_newyork_overlap,false,false,true,passed_first_window,double_top,neckline_break_retest,96.02200000,PERIOD_M5,PERIOD_H1,PERIOD_M15,PERIOD_M5,PERIOD_M5,false,htf_soft_alignment,current_post_filter,transcript_post_filter,dow_trend_up_hh_hl,structure_trend_bias_dow_trend_up_hh_hl,dow_trend_up_hh_hl,structure_trend_bias_dow_trend_up_hh_hl,false,false,true,SHORT,PERIOD_M5,double_top,double_top,4.200,none,0.000,double_top,4.200,none,0.000,SHORT,false,PERIOD_H1_LONG_dow_trend_up_hh_hl|PERIOD_M15_LONG_structure_trend_bias_dow_trend_up_hh_hl,true,h1_counter_m15_reversal,true,top_LONG_dow_trend_up_hh_hl|structure_LONG_structure_trend_bias_dow_trend_up_hh_hl|structure_break_recent_confirmed_swing_break_failed|primary_break_recent_confirmed_swing_break_continuation,none,above_75sma_rising,above_75sma_rising,below_75sma_flat_or_rising,-1,0.00000000,0,96.09000000,false,off,NONE,NONE,0.00000000,0.00000000,0.0000,none,0.000,true,SHORT,return_low_break_or_bos_down,95.89800000,24,96.20000000,95.76100000,false,off,independent,false,,,false,0.0000,none,0.0000,0.0000,none,0.0000,0.0000,0.0000,none,0.0000,0,0,0.0000,none,none,none,none,0.0000,0,0.0000,none,false,true,not_evaluated,true,required_light_or_anchor_flip,short_bias,96.10200000,2025.08.07 12:45:00,96.20000000,2025.08.07 14:00:00,2025.08.07 15:30:00,false,NONE,0.00000000,0.00000000,0.0000,-1,false,,-1,NONE,0.00000000,0.00000000,0.0000,0.0000,none,,none,false,NONE,-1,-1,-1,false,false,none,true,false,false,true,none,true,required,false,PERIOD_M5,,,-1,0.0000,false,0.00000000,0.0000,false,0.0000,false,none,none,false,no_anchor_flip_in_entry_direction,true,required_first_signal_only,SHORT,unknown,0.00000000,,0.00000000,,false,,-1,false,NONE,0.00000000,,0.00000000,0.0000,0.0000,none,-1,false,false,false,no_anchor_flip_in_entry_direction,,,,false,false,false,-1,-1,-1,-1,-1,false,false,false,0.0000,range_n,true,96.20000000,95.75700000,6.1958,false,0.0000,0.0000,0,none,true,0.5308,preferred_382_618,0.200,diagnostic_only,diagnostic_only,diagnostic_only,fib_pullback,24,0.400,true,none,0.550,high_quality,false,false,diagnostic_only,both,true,none,true,diagnostic_adjacent_detected,required_light,false,false,LONG,5,false,false,0,2025.08.07 14:10:00,2025.08.07 16:00:00,9,3.9853,0.00000000,95.95900000,95.95900000,false,false,none,0.00000000,false,0.0000,0.0000,false,1,0.0000,false,-1,0.00000000,0.0000,off,false,not_evaluated,none,0.0000,0.0000,none,false,false,false,0.0000,none,false,none,0.0000,false,none,3.5103,1.2802,2.7419,0.0000,true,strong_exhaustion,0.0000,none,none,false,false,none,0.0000,0.0000,0.0000,0.0000,none,false,false,0.0000,0.0000,false,false,-1,none,none,false,0.000,0.000,96.01300000,95.98100000,95.98100000,failed_breakout_level,0.01300000,0.1238,opening_range_low|neckline_level,96.02200000,0.5782,false,true,false,false,not_blocked,4,4,0,m5_failure_exit,off,none,0.00000000,0.0000,1.30,95.85800000,4.200,-0.300,0.200,PERIOD_M15,96.20000000,95.95900000,0.1452,outside,0.000,true,95.99400000,96.09900000,0.10500000,95.85800000,1.295,0.04842857,28.00,30-60,true,false,none,blocked_spread_too_high,4.500,4.500,none,0.0000,false,neckline_retest_failed,false,not_invalidated,spread_too_high
2025.08.08 10:20:00,signal,session_reversal_pullback_one_symbol_first120,USDJPY,SHORT,2025.08.08 10:15:00,10,7,16,london,2025.08.08 07:00,15,first_120min,true,true,3,USDJPY,highest_score_in_session_bar,london=USDJPY|EURJPY|GBPJPY|AUDJPY|EURUSD|GBPUSD,existing_first120_gate,london,false,false,true,passed_first_window,head_and_shoulders,neckline_break_retest,147.25200000,PERIOD_M5,PERIOD_H1,PERIOD_M15,PERIOD_M5,PERIOD_M5,false,htf_soft_alignment,current_post_filter,transcript_post_filter,dow_range_or_transition,structure_trend_bias_dow_trend_down_ll_lh,dow_range_or_transition,structure_trend_bias_dow_trend_down_ll_lh,false,false,true,SHORT,PERIOD_M5,head_and_shoulders,head_and_shoulders,4.500,none,0.000,head_and_shoulders,4.500,none,0.000,SHORT,false,PERIOD_H1_NONE_dow_range_or_transition|PERIOD_M15_SHORT_structure_trend_bias_dow_trend_down_ll_lh,true,h1_counter_m15_reversal,true,top_NONE_dow_range_or_transition|structure_SHORT_structure_trend_bias_dow_trend_down_ll_lh|structure_break_recent_confirmed_swing_break_failed|primary_break_recent_confirmed_swing_break_retest,none,below_75sma_flat_or_rising,below_75sma_falling,below_75sma_flat_or_rising,-1,0.00000000,0,147.24200000,false,off,NONE,NONE,0.00000000,0.00000000,0.0000,none,0.000,true,SHORT,return_low_break_or_bos_down,147.15000000,12,147.44700000,147.11000000,false,off,independent,false,,,false,0.0000,none,0.0000,0.0000,none,0.0000,0.0000,0.0000,none,0.0000,0,0,0.0000,none,none,none,none,0.0000,0,0.0000,none,false,true,not_evaluated,true,required_light_or_anchor_flip,bias_flip_up,146.70800000,2025.08.08 03:00:00,147.30100000,2025.08.08 06:15:00,2025.08.08 07:15:00,true,LONG,147.30100000,147.36000000,0.6034,6,true,2025.08.08 08:30:00,6,LONG,147.30100000,147.36000000,0.6034,0.8590,strong,2025.08.08 09:45:00,first_after_anchor,true,LONG,6,1,6,true,false,normal_5_12,false,true,false,true,none,true,required,false,PERIOD_M5,,,-1,0.0000,false,0.00000000,0.0000,false,0.0000,false,none,none,false,no_anchor_flip_in_entry_direction,true,required_first_signal_only,SHORT,unknown,0.00000000,,0.00000000,,false,,-1,false,NONE,0.00000000,,0.00000000,0.0000,0.0000,none,-1,false,false,false,no_anchor_flip_in_entry_direction,,,,false,false,false,-1,-1,-1,-1,-1,false,false,false,0.0000,falling_n,false,147.36500000,146.70800000,6.7188,true,0.8590,0.2000,5,strong,true,0.3650,shallow_236_382,0.080,diagnostic_only,diagnostic_only,diagnostic_only,fib_pullback,24,0.330,true,none,0.480,high_quality,false,false,diagnostic_only,both,true,none,true,diagnostic_adjacent_detected,required_light,false,false,LONG,6,false,false,2,2025.08.08 07:55:00,2025.08.08 09:40:00,7,5.1613,0.00000000,147.24200000,147.24200000,true,true,m5_hl_close_break_down,147.24200000,true,0.7258,2.0000,true,1,0.0000,true,3,147.24200000,0.0323,off,false,not_evaluated,none,0.9841,0.0159,very_strong,true,false,false,0.0000,held_clean,true,favorable_side,0.1961,false,clean_retest,3.3065,4.8065,0.6879,0.3548,false,mild_exhaustion,0.0000,none,none,false,false,none,0.0000,0.0000,0.0000,0.0000,none,false,false,0.0000,0.0000,false,false,-1,none,none,false,0.000,0.000,147.24200000,147.18127273,147.18127273,recent_equal_highs,0.05172727,0.2781,neckline_level,147.25200000,0.3065,false,true,true,false,not_blocked,8,3,5,m5_failure_exit,off,none,0.00000000,0.0000,1.30,146.99100000,4.500,-0.300,0.200,PERIOD_M15,147.30100000,147.11000000,0.6440,deep_618_786,0.000,true,147.23300000,147.41900000,0.18600000,146.99100000,1.301,0.06200000,15.00,0-30,true,false,none,not_consumed,4.800,4.800,none,0.0000,false,neckline_retest_failed,false,not_invalidated,spread_too_high
2025.08.08 10:20:00,blocked,session_reversal_pullback_one_symbol_first120,USDJPY,SHORT,2025.08.08 10:15:00,10,7,16,london,2025.08.08 07:00,15,first_120min,true,true,3,USDJPY,highest_score_in_session_bar,london=USDJPY|EURJPY|GBPJPY|AUDJPY|EURUSD|GBPUSD,existing_first120_gate,london,false,false,true,passed_first_window,head_and_shoulders,neckline_break_retest,147.25200000,PERIOD_M5,PERIOD_H1,PERIOD_M15,PERIOD_M5,PERIOD_M5,false,htf_soft_alignment,current_post_filter,transcript_post_filter,dow_range_or_transition,structure_trend_bias_dow_trend_down_ll_lh,dow_range_or_transition,structure_trend_bias_dow_trend_down_ll_lh,false,false,true,SHORT,PERIOD_M5,head_and_shoulders,head_and_shoulders,4.500,none,0.000,head_and_shoulders,4.500,none,0.000,SHORT,false,PERIOD_H1_NONE_dow_range_or_transition|PERIOD_M15_SHORT_structure_trend_bias_dow_trend_down_ll_lh,true,h1_counter_m15_reversal,true,top_NONE_dow_range_or_transition|structure_SHORT_structure_trend_bias_dow_trend_down_ll_lh|structure_break_recent_confirmed_swing_break_failed|primary_break_recent_confirmed_swing_break_retest,none,below_75sma_flat_or_rising,below_75sma_falling,below_75sma_flat_or_rising,-1,0.00000000,0,147.24200000,false,off,NONE,NONE,0.00000000,0.00000000,0.0000,none,0.000,true,SHORT,return_low_break_or_bos_down,147.15000000,12,147.44700000,147.11000000,false,off,independent,false,,,false,0.0000,none,0.0000,0.0000,none,0.0000,0.0000,0.0000,none,0.0000,0,0,0.0000,none,none,none,none,0.0000,0,0.0000,none,false,true,not_evaluated,true,required_light_or_anchor_flip,bias_flip_up,146.70800000,2025.08.08 03:00:00,147.30100000,2025.08.08 06:15:00,2025.08.08 07:15:00,true,LONG,147.30100000,147.36000000,0.6034,6,true,2025.08.08 08:30:00,6,LONG,147.30100000,147.36000000,0.6034,0.8590,strong,2025.08.08 09:45:00,first_after_anchor,true,LONG,6,1,6,true,false,normal_5_12,false,true,false,true,none,true,required,false,PERIOD_M5,,,-1,0.0000,false,0.00000000,0.0000,false,0.0000,false,none,none,false,no_anchor_flip_in_entry_direction,true,required_first_signal_only,SHORT,unknown,0.00000000,,0.00000000,,false,,-1,false,NONE,0.00000000,,0.00000000,0.0000,0.0000,none,-1,false,false,false,no_anchor_flip_in_entry_direction,,,,false,false,false,-1,-1,-1,-1,-1,false,false,false,0.0000,falling_n,false,147.36500000,146.70800000,6.7188,true,0.8590,0.2000,5,strong,true,0.3650,shallow_236_382,0.080,diagnostic_only,diagnostic_only,diagnostic_only,fib_pullback,24,0.330,true,none,0.480,high_quality,false,false,diagnostic_only,both,true,none,true,diagnostic_adjacent_detected,required_light,false,false,LONG,6,false,false,2,2025.08.08 07:55:00,2025.08.08 09:40:00,7,5.1613,0.00000000,147.24200000,147.24200000,true,true,m5_hl_close_break_down,147.24200000,true,0.7258,2.0000,true,1,0.0000,true,3,147.24200000,0.0323,off,false,not_evaluated,none,0.9841,0.0159,very_strong,true,false,false,0.0000,held_clean,true,favorable_side,0.1961,false,clean_retest,3.3065,4.8065,0.6879,0.3548,false,mild_exhaustion,0.0000,none,none,false,false,none,0.0000,0.0000,0.0000,0.0000,none,false,false,0.0000,0.0000,false,false,-1,none,none,false,0.000,0.000,147.24200000,147.18127273,147.18127273,recent_equal_highs,0.05172727,0.2781,neckline_level,147.25200000,0.3065,false,true,true,false,not_blocked,8,3,5,m5_failure_exit,off,none,0.00000000,0.0000,1.30,146.99100000,4.500,-0.300,0.200,PERIOD_M15,147.30100000,147.11000000,0.6440,deep_618_786,0.000,true,147.23300000,147.41900000,0.18600000,146.99100000,1.301,0.06200000,15.00,0-30,true,false,none,blocked_spread_too_high,4.800,4.800,none,0.0000,false,neckline_retest_failed,false,not_invalidated,spread_too_high
2025.08.08 17:30:00,signal,session_reversal_pullback_one_symbol_first120,GBPUSD,LONG,2025.08.08 17:25:00,17,14,23,london_newyork_overlap,2025.08.08 13:00,85,first_120min,false,true,3,GBPUSD,highest_score_in_session_bar,london_newyork_overlap=USDJPY|EURJPY|GBPJPY|AUDJPY|EURUSD|GBPUSD,existing_first120_gate,london_newyork_overlap,false,false,true,passed_first_window,inverse_head_and_shoulders,neckline_break_retest,1.34376000,PERIOD_M5,PERIOD_H1,PERIOD_M15,PERIOD_M5,PERIOD_M5,false,htf_soft_alignment,current_post_filter,transcript_post_filter,dow_range_or_transition,structure_trend_bias_dow_trend_down_ll_lh,dow_range_or_transition,structure_trend_bias_dow_trend_down_ll_lh,false,true,false,LONG,PERIOD_M5,inverse_head_and_shoulders,inverse_head_and_shoulders,4.500,none,0.000,inverse_head_and_shoulders,4.500,none,0.000,LONG,false,PERIOD_H1_NONE_dow_range_or_transition|PERIOD_M15_SHORT_structure_trend_bias_dow_trend_down_ll_lh,true,h1_counter_m15_reversal,true,top_NONE_dow_range_or_transition|structure_SHORT_structure_trend_bias_dow_trend_down_ll_lh|structure_break_recent_confirmed_swing_break_failed|primary_break_recent_confirmed_swing_break_retest,none,above_75sma_rising,above_75sma_rising,above_75sma_flat_or_falling,-1,0.00000000,1,1.34406000,false,off,NONE,NONE,0.00000000,0.00000000,0.0000,none,0.000,true,LONG,return_high_break_or_bos_up,1.34445000,13,1.34515000,1.34169000,false,off,independent,false,,,false,0.0000,none,0.0000,0.0000,none,0.0000,0.0000,0.0000,none,0.0000,0,0,0.0000,none,none,none,none,0.0000,0,0.0000,none,false,true,not_evaluated,true,required_light_or_anchor_flip,short_bias,1.34263000,2025.08.08 11:45:00,1.34515000,2025.08.08 14:15:00,2025.08.08 15:45:00,false,NONE,0.00000000,0.00000000,0.0000,-1,false,,-1,NONE,0.00000000,0.00000000,0.0000,0.0000,none,,none,false,NONE,-1,-1,-1,false,false,none,false,true,false,true,none,true,required,false,PERIOD_M5,,,-1,0.0000,false,0.00000000,0.0000,false,0.0000,false,none,none,false,no_anchor_flip_in_entry_direction,true,required_first_signal_only,LONG,unknown,0.00000000,,0.00000000,,false,,-1,false,NONE,0.00000000,,0.00000000,0.0000,0.0000,none,-1,false,false,false,no_anchor_flip_in_entry_direction,,,,false,false,false,-1,-1,-1,-1,-1,false,false,false,0.0000,falling_n,false,1.34525000,1.34169000,3.0803,false,0.0000,0.0000,0,none,true,0.3202,shallow_236_382,0.080,diagnostic_only,diagnostic_only,diagnostic_only,shallow_pullback,6,0.370,true,none,0.520,high_quality,false,false,diagnostic_only,both,true,none,true,diagnostic_adjacent_detected,required_light,false,false,SHORT,6,false,false,0,2025.08.08 15:55:00,2025.08.08 17:05:00,4,4.4118,1.34469000,0.00000000,1.34469000,false,false,none,0.00000000,false,0.0000,0.0000,false,1,0.0000,false,-1,0.00000000,0.0000,off,false,not_evaluated,none,0.0000,0.0000,none,false,false,false,0.0000,none,false,none,0.0000,false,none,3.2941,3.4853,0.9451,0.0000,true,strong_exhaustion,0.0000,none,none,false,false,none,0.0000,0.0000,0.0000,0.0000,none,false,false,0.0000,0.0000,false,false,-1,none,none,false,0.000,0.000,1.34425750,1.34406000,1.34425750,recent_equal_highs,0.00014750,0.0990,opening_range_high|neckline_level,1.34406000,0.0735,false,true,true,false,not_blocked,8,5,3,m5_failure_exit,off,none,0.00000000,0.0000,1.30,1.34605000,4.500,-0.300,0.200,PERIOD_M15,1.34515000,1.34169000,0.3006,outside,0.000,true,1.34411000,1.34262000,0.00149000,1.34605000,1.302,0.00068000,20.00,60-90,true,false,none,not_consumed,4.800,4.800,none,0.0000,false,neckline_retest_failed,false,not_invalidated,spread_too_high
2025.08.08 17:30:00,blocked,session_reversal_pullback_one_symbol_first120,GBPUSD,LONG,2025.08.08 17:25:00,17,14,23,london_newyork_overlap,2025.08.08 13:00,85,first_120min,false,true,3,GBPUSD,highest_score_in_session_bar,london_newyork_overlap=USDJPY|EURJPY|GBPJPY|AUDJPY|EURUSD|GBPUSD,existing_first120_gate,london_newyork_overlap,false,false,true,passed_first_window,inverse_head_and_shoulders,neckline_break_retest,1.34376000,PERIOD_M5,PERIOD_H1,PERIOD_M15,PERIOD_M5,PERIOD_M5,false,htf_soft_alignment,current_post_filter,transcript_post_filter,dow_range_or_transition,structure_trend_bias_dow_trend_down_ll_lh,dow_range_or_transition,structure_trend_bias_dow_trend_down_ll_lh,false,true,false,LONG,PERIOD_M5,inverse_head_and_shoulders,inverse_head_and_shoulders,4.500,none,0.000,inverse_head_and_shoulders,4.500,none,0.000,LONG,false,PERIOD_H1_NONE_dow_range_or_transition|PERIOD_M15_SHORT_structure_trend_bias_dow_trend_down_ll_lh,true,h1_counter_m15_reversal,true,top_NONE_dow_range_or_transition|structure_SHORT_structure_trend_bias_dow_trend_down_ll_lh|structure_break_recent_confirmed_swing_break_failed|primary_break_recent_confirmed_swing_break_retest,none,above_75sma_rising,above_75sma_rising,above_75sma_flat_or_falling,-1,0.00000000,1,1.34406000,false,off,NONE,NONE,0.00000000,0.00000000,0.0000,none,0.000,true,LONG,return_high_break_or_bos_up,1.34445000,13,1.34515000,1.34169000,false,off,independent,false,,,false,0.0000,none,0.0000,0.0000,none,0.0000,0.0000,0.0000,none,0.0000,0,0,0.0000,none,none,none,none,0.0000,0,0.0000,none,false,true,not_evaluated,true,required_light_or_anchor_flip,short_bias,1.34263000,2025.08.08 11:45:00,1.34515000,2025.08.08 14:15:00,2025.08.08 15:45:00,false,NONE,0.00000000,0.00000000,0.0000,-1,false,,-1,NONE,0.00000000,0.00000000,0.0000,0.0000,none,,none,false,NONE,-1,-1,-1,false,false,none,false,true,false,true,none,true,required,false,PERIOD_M5,,,-1,0.0000,false,0.00000000,0.0000,false,0.0000,false,none,none,false,no_anchor_flip_in_entry_direction,true,required_first_signal_only,LONG,unknown,0.00000000,,0.00000000,,false,,-1,false,NONE,0.00000000,,0.00000000,0.0000,0.0000,none,-1,false,false,false,no_anchor_flip_in_entry_direction,,,,false,false,false,-1,-1,-1,-1,-1,false,false,false,0.0000,falling_n,false,1.34525000,1.34169000,3.0803,false,0.0000,0.0000,0,none,true,0.3202,shallow_236_382,0.080,diagnostic_only,diagnostic_only,diagnostic_only,shallow_pullback,6,0.370,true,none,0.520,high_quality,false,false,diagnostic_only,both,true,none,true,diagnostic_adjacent_detected,required_light,false,false,SHORT,6,false,false,0,2025.08.08 15:55:00,2025.08.08 17:05:00,4,4.4118,1.34469000,0.00000000,1.34469000,false,false,none,0.00000000,false,0.0000,0.0000,false,1,0.0000,false,-1,0.00000000,0.0000,off,false,not_evaluated,none,0.0000,0.0000,none,false,false,false,0.0000,none,false,none,0.0000,false,none,3.2941,3.4853,0.9451,0.0000,true,strong_exhaustion,0.0000,none,none,false,false,none,0.0000,0.0000,0.0000,0.0000,none,false,false,0.0000,0.0000,false,false,-1,none,none,false,0.000,0.000,1.34425750,1.34406000,1.34425750,recent_equal_highs,0.00014750,0.0990,opening_range_high|neckline_level,1.34406000,0.0735,false,true,true,false,not_blocked,8,5,3,m5_failure_exit,off,none,0.00000000,0.0000,1.30,1.34605000,4.500,-0.300,0.200,PERIOD_M15,1.34515000,1.34169000,0.3006,outside,0.000,true,1.34411000,1.34262000,0.00149000,1.34605000,1.302,0.00068000,20.00,60-90,true,false,none,blocked_spread_too_high,4.800,4.800,none,0.0000,false,neckline_retest_failed,false,not_invalidated,spread_too_high
2025.08.08 19:05:00,signal,session_reversal_pullback_one_symbol_first120,GBPJPY,SHORT,2025.08.08 19:00:00,19,16,1,new_york,2025.08.08 16:00,0,first_120min,true,true,3,GBPJPY,highest_score_in_session_bar,new_york=USDJPY|EURJPY|GBPJPY|AUDJPY|EURUSD|GBPUSD,existing_first120_gate,new_york,false,false,true,passed_first_window,head_and_shoulders,neckline_break_retest,198.57300000,PERIOD_M5,PERIOD_H1,PERIOD_M15,PERIOD_M5,PERIOD_M5,false,htf_soft_alignment,current_post_filter,transcript_post_filter,dow_trend_up_hh_hl,structure_trend_bias_dow_trend_down_ll_lh,dow_trend_up_hh_hl,structure_trend_bias_dow_trend_down_ll_lh,false,false,true,SHORT,PERIOD_M5,head_and_shoulders,head_and_shoulders,4.500,none,0.000,head_and_shoulders,4.500,none,0.000,SHORT,false,PERIOD_H1_LONG_dow_trend_up_hh_hl|PERIOD_M15_SHORT_structure_trend_bias_dow_trend_down_ll_lh,true,h1_counter_m15_reversal,true,top_LONG_dow_trend_up_hh_hl|structure_SHORT_structure_trend_bias_dow_trend_down_ll_lh|structure_break_recent_confirmed_swing_break_failed|primary_break_no_recent_confirmed_swing_break,none,above_75sma_rising,above_75sma_rising,below_75sma_flat_or_rising,-1,0.00000000,-1,0.00000000,false,off,NONE,NONE,0.00000000,0.00000000,0.0000,none,0.000,true,SHORT,return_low_break_or_bos_down,198.48300000,9,198.70500000,198.35000000,false,off,independent,false,,,false,0.0000,none,0.0000,0.0000,none,0.0000,0.0000,0.0000,none,0.0000,0,0,0.0000,none,none,none,none,0.0000,0,0.0000,none,false,true,not_evaluated,true,required_light_or_anchor_flip,short_bias,198.48300000,2025.08.08 13:30:00,198.81500000,2025.08.08 14:15:00,2025.08.08 15:30:00,false,NONE,0.00000000,0.00000000,0.0000,-1,false,,-1,NONE,0.00000000,0.00000000,0.0000,0.0000,none,,none,false,NONE,-1,-1,-1,false,false,none,true,false,false,true,none,true,required,false,PERIOD_M5,,,-1,0.0000,false,0.00000000,0.0000,false,0.0000,false,none,none,false,no_anchor_flip_in_entry_direction,true,required_first_signal_only,SHORT,unknown,0.00000000,,0.00000000,,false,,-1,false,NONE,0.00000000,,0.00000000,0.0000,0.0000,none,-1,false,false,false,no_anchor_flip_in_entry_direction,,,,false,false,false,-1,-1,-1,-1,-1,false,false,false,0.0000,range_n,true,198.81500000,198.35000000,3.7031,false,0.0000,0.0000,0,none,true,0.4301,preferred_382_618,0.200,diagnostic_only,diagnostic_only,diagnostic_only,fib_pullback,7,0.440,true,none,0.590,high_quality,false,false,diagnostic_only,both,true,none,true,diagnostic_adjacent_detected,required_light,false,false,LONG,5,false,false,2,2025.08.08 16:40:00,2025.08.08 18:30:00,6,4.4795,0.00000000,198.51100000,198.51100000,false,false,none,0.00000000,false,0.0000,0.0000,false,1,0.0000,false,-1,0.00000000,0.0000,off,false,not_evaluated,none,0.0000,0.0000,none,false,false,false,0.0000,none,false,none,0.0000,false,none,2.7451,4.1551,0.6607,0.3244,false,mild_exhaustion,0.0000,none,none,false,false,none,0.0000,0.0000,0.0000,0.0000,none,false,false,0.0000,0.0000,false,false,-1,none,none,false,0.000,0.000,198.57300000,198.54750000,198.54750000,recent_equal_lows,0.00250000,0.0132,neckline_level,198.57300000,0.2870,false,true,true,false,not_blocked,7,4,3,m5_failure_exit,off,none,0.00000000,0.0000,1.30,198.30200000,4.500,-0.300,0.200,PERIOD_M15,198.70500000,198.35000000,0.5634,preferred_382_618,0.000,true,198.55000000,198.74000000,0.19000000,198.30200000,1.305,0.08014286,38.00,0-30,true,false,none,not_consumed,4.600,4.600,none,0.0000,false,neckline_retest_failed,false,not_invalidated,spread_too_high
2025.08.08 19:05:00,blocked,session_reversal_pullback_one_symbol_first120,GBPJPY,SHORT,2025.08.08 19:00:00,19,16,1,new_york,2025.08.08 16:00,0,first_120min,true,true,3,GBPJPY,highest_score_in_session_bar,new_york=USDJPY|EURJPY|GBPJPY|AUDJPY|EURUSD|GBPUSD,existing_first120_gate,new_york,false,false,true,passed_first_window,head_and_shoulders,neckline_break_retest,198.57300000,PERIOD_M5,PERIOD_H1,PERIOD_M15,PERIOD_M5,PERIOD_M5,false,htf_soft_alignment,current_post_filter,transcript_post_filter,dow_trend_up_hh_hl,structure_trend_bias_dow_trend_down_ll_lh,dow_trend_up_hh_hl,structure_trend_bias_dow_trend_down_ll_lh,false,false,true,SHORT,PERIOD_M5,head_and_shoulders,head_and_shoulders,4.500,none,0.000,head_and_shoulders,4.500,none,0.000,SHORT,false,PERIOD_H1_LONG_dow_trend_up_hh_hl|PERIOD_M15_SHORT_structure_trend_bias_dow_trend_down_ll_lh,true,h1_counter_m15_reversal,true,top_LONG_dow_trend_up_hh_hl|structure_SHORT_structure_trend_bias_dow_trend_down_ll_lh|structure_break_recent_confirmed_swing_break_failed|primary_break_no_recent_confirmed_swing_break,none,above_75sma_rising,above_75sma_rising,below_75sma_flat_or_rising,-1,0.00000000,-1,0.00000000,false,off,NONE,NONE,0.00000000,0.00000000,0.0000,none,0.000,true,SHORT,return_low_break_or_bos_down,198.48300000,9,198.70500000,198.35000000,false,off,independent,false,,,false,0.0000,none,0.0000,0.0000,none,0.0000,0.0000,0.0000,none,0.0000,0,0,0.0000,none,none,none,none,0.0000,0,0.0000,none,false,true,not_evaluated,true,required_light_or_anchor_flip,short_bias,198.48300000,2025.08.08 13:30:00,198.81500000,2025.08.08 14:15:00,2025.08.08 15:30:00,false,NONE,0.00000000,0.00000000,0.0000,-1,false,,-1,NONE,0.00000000,0.00000000,0.0000,0.0000,none,,none,false,NONE,-1,-1,-1,false,false,none,true,false,false,true,none,true,required,false,PERIOD_M5,,,-1,0.0000,false,0.00000000,0.0000,false,0.0000,false,none,none,false,no_anchor_flip_in_entry_direction,true,required_first_signal_only,SHORT,unknown,0.00000000,,0.00000000,,false,,-1,false,NONE,0.00000000,,0.00000000,0.0000,0.0000,none,-1,false,false,false,no_anchor_flip_in_entry_direction,,,,false,false,false,-1,-1,-1,-1,-1,false,false,false,0.0000,range_n,true,198.81500000,198.35000000,3.7031,false,0.0000,0.0000,0,none,true,0.4301,preferred_382_618,0.200,diagnostic_only,diagnostic_only,diagnostic_only,fib_pullback,7,0.440,true,none,0.590,high_quality,false,false,diagnostic_only,both,true,none,true,diagnostic_adjacent_detected,required_light,false,false,LONG,5,false,false,2,2025.08.08 16:40:00,2025.08.08 18:30:00,6,4.4795,0.00000000,198.51100000,198.51100000,false,false,none,0.00000000,false,0.0000,0.0000,false,1,0.0000,false,-1,0.00000000,0.0000,off,false,not_evaluated,none,0.0000,0.0000,none,false,false,false,0.0000,none,false,none,0.0000,false,none,2.7451,4.1551,0.6607,0.3244,false,mild_exhaustion,0.0000,none,none,false,false,none,0.0000,0.0000,0.0000,0.0000,none,false,false,0.0000,0.0000,false,false,-1,none,none,false,0.000,0.000,198.57300000,198.54750000,198.54750000,recent_equal_lows,0.00250000,0.0132,neckline_level,198.57300000,0.2870,false,true,true,false,not_blocked,7,4,3,m5_failure_exit,off,none,0.00000000,0.0000,1.30,198.30200000,4.500,-0.300,0.200,PERIOD_M15,198.70500000,198.35000000,0.5634,preferred_382_618,0.000,true,198.55000000,198.74000000,0.19000000,198.30200000,1.305,0.08014286,38.00,0-30,true,false,none,blocked_spread_too_high,4.600,4.600,none,0.0000,false,neckline_retest_failed,false,not_invalidated,spread_too_high
2025.08.11 03:35:00,signal,session_reversal_pullback_one_symbol_first120,USDJPY,SHORT,2025.08.11 03:30:00,3,0,9,tokyo,2025.08.11 00:00,30,first_120min,true,true,3,USDJPY,highest_score_in_session_bar,tokyo=USDJPY|EURJPY|GBPJPY|AUDJPY,existing_first120_gate,tokyo,true,false,true,passed_first_window,double_top,neckline_break_retest,147.68600000,PERIOD_M5,PERIOD_H1,PERIOD_M15,PERIOD_M5,PERIOD_M5,false,htf_soft_alignment,current_post_filter,transcript_post_filter,dow_trend_up_hh_hl,structure_trend_bias_dow_trend_down_ll_lh,dow_trend_up_hh_hl,structure_trend_bias_dow_trend_down_ll_lh,false,false,true,SHORT,PERIOD_M5,double_top,double_top,4.200,none,0.000,double_top,4.200,none,0.000,SHORT,true,PERIOD_H1_LONG_dow_trend_up_hh_hl|PERIOD_M15_SHORT_structure_trend_bias_dow_trend_down_ll_lh,true,h1_counter_m15_reversal,true,top_LONG_dow_trend_up_hh_hl|structure_SHORT_structure_trend_bias_dow_trend_down_ll_lh|structure_break_recent_confirmed_swing_break_retest|primary_break_recent_confirmed_swing_break_failed,none,above_75sma_rising,below_75sma_flat_or_rising,near_75sma,1,147.62100000,-1,0.00000000,false,off,NONE,NONE,0.00000000,0.00000000,0.0000,none,0.000,true,SHORT,return_low_break_or_bos_down,147.62100000,1,147.78600000,147.45800000,false,off,independent,false,,,false,0.0000,none,0.0000,0.0000,none,0.0000,0.0000,0.0000,none,0.0000,0,0,0.0000,none,none,none,none,0.0000,0,0.0000,none,false,true,not_evaluated,true,required_light_or_anchor_flip,short_bias,147.63100000,2025.08.08 15:30:00,147.81300000,2025.08.08 22:30:00,2025.08.11 00:30:00,false,NONE,0.00000000,0.00000000,0.0000,-1,false,,-1,NONE,0.00000000,0.00000000,0.0000,0.0000,none,,none,false,NONE,-1,-1,-1,false,false,none,true,false,false,true,none,true,required,false,PERIOD_M5,,,-1,0.0000,false,0.00000000,0.0000,false,0.0000,false,none,none,false,no_anchor_flip_in_entry_direction,true,required_first_signal_only,SHORT,unknown,0.00000000,,0.00000000,,false,,-1,false,NONE,0.00000000,,0.00000000,0.0000,0.0000,none,-1,false,false,false,no_anchor_flip_in_entry_direction,,,,false,false,false,-1,-1,-1,-1,-1,false,false,false,0.0000,falling_n,false,147.82900000,147.45800000,3.6811,false,0.0000,0.0000,0,none,true,0.6225,deep_618_786,0.120,diagnostic_only,diagnostic_only,diagnostic_only,shallow_pullback,7,0.410,true,none,0.560,high_quality,false,false,diagnostic_only,both,true,none,true,diagnostic_adjacent_detected,required_light,false,false,LONG,4,false,false,1,2025.08.11 00:40:00,2025.08.11 03:05:00,5,6.6167,0.00000000,147.61300000,147.61300000,true,true,m5_hl_close_break_down,147.61300000,true,0.4236,0.4236,true,1,1.3718,false,3,147.61300000,0.7061,off,false,not_evaluated,none,0.6406,0.3594,strong,false,true,true,1.3718,failed_1bar,true,back_inside,0.0714,true,weak_retest,1.5533,6.6167,0.2348,0.0000,true,strong_exhaustion,0.0000,none,none,false,false,none,0.0000,0.0000,0.0000,0.0000,none,false,false,0.0000,0.0000,false,false,-1,none,none,false,0.000,0.000,147.68600000,147.66413636,147.66413636,recent_equal_highs,0.01486364,0.2154,neckline_level,147.68600000,0.1412,false,true,true,false,not_blocked,6,2,4,m5_failure_exit,off,none,0.00000000,0.0000,1.30,147.58900000,4.200,-0.300,0.200,PERIOD_M15,147.78600000,147.45800000,0.6738,deep_618_786,0.000,true,147.67900000,147.74800000,0.06900000,147.58900000,1.304,0.04957143,23.00,30-60,true,false,none,not_consumed,4.650,4.650,none,0.0000,false,neckline_retest_failed,false,not_invalidated,spread_too_high
2025.08.11 03:35:00,blocked,session_reversal_pullback_one_symbol_first120,USDJPY,SHORT,2025.08.11 03:30:00,3,0,9,tokyo,2025.08.11 00:00,30,first_120min,true,true,3,USDJPY,highest_score_in_session_bar,tokyo=USDJPY|EURJPY|GBPJPY|AUDJPY,existing_first120_gate,tokyo,true,false,true,passed_first_window,double_top,neckline_break_retest,147.68600000,PERIOD_M5,PERIOD_H1,PERIOD_M15,PERIOD_M5,PERIOD_M5,false,htf_soft_alignment,current_post_filter,transcript_post_filter,dow_trend_up_hh_hl,structure_trend_bias_dow_trend_down_ll_lh,dow_trend_up_hh_hl,structure_trend_bias_dow_trend_down_ll_lh,false,false,true,SHORT,PERIOD_M5,double_top,double_top,4.200,none,0.000,double_top,4.200,none,0.000,SHORT,true,PERIOD_H1_LONG_dow_trend_up_hh_hl|PERIOD_M15_SHORT_structure_trend_bias_dow_trend_down_ll_lh,true,h1_counter_m15_reversal,true,top_LONG_dow_trend_up_hh_hl|structure_SHORT_structure_trend_bias_dow_trend_down_ll_lh|structure_break_recent_confirmed_swing_break_retest|primary_break_recent_confirmed_swing_break_failed,none,above_75sma_rising,below_75sma_flat_or_rising,near_75sma,1,147.62100000,-1,0.00000000,false,off,NONE,NONE,0.00000000,0.00000000,0.0000,none,0.000,true,SHORT,return_low_break_or_bos_down,147.62100000,1,147.78600000,147.45800000,false,off,independent,false,,,false,0.0000,none,0.0000,0.0000,none,0.0000,0.0000,0.0000,none,0.0000,0,0,0.0000,none,none,none,none,0.0000,0,0.0000,none,false,true,not_evaluated,true,required_light_or_anchor_flip,short_bias,147.63100000,2025.08.08 15:30:00,147.81300000,2025.08.08 22:30:00,2025.08.11 00:30:00,false,NONE,0.00000000,0.00000000,0.0000,-1,false,,-1,NONE,0.00000000,0.00000000,0.0000,0.0000,none,,none,false,NONE,-1,-1,-1,false,false,none,true,false,false,true,none,true,required,false,PERIOD_M5,,,-1,0.0000,false,0.00000000,0.0000,false,0.0000,false,none,none,false,no_anchor_flip_in_entry_direction,true,required_first_signal_only,SHORT,unknown,0.00000000,,0.00000000,,false,,-1,false,NONE,0.00000000,,0.00000000,0.0000,0.0000,none,-1,false,false,false,no_anchor_flip_in_entry_direction,,,,false,false,false,-1,-1,-1,-1,-1,false,false,false,0.0000,falling_n,false,147.82900000,147.45800000,3.6811,false,0.0000,0.0000,0,none,true,0.6225,deep_618_786,0.120,diagnostic_only,diagnostic_only,diagnostic_only,shallow_pullback,7,0.410,true,none,0.560,high_quality,false,false,diagnostic_only,both,true,none,true,diagnostic_adjacent_detected,required_light,false,false,LONG,4,false,false,1,2025.08.11 00:40:00,2025.08.11 03:05:00,5,6.6167,0.00000000,147.61300000,147.61300000,true,true,m5_hl_close_break_down,147.61300000,true,0.4236,0.4236,true,1,1.3718,false,3,147.61300000,0.7061,off,false,not_evaluated,none,0.6406,0.3594,strong,false,true,true,1.3718,failed_1bar,true,back_inside,0.0714,true,weak_retest,1.5533,6.6167,0.2348,0.0000,true,strong_exhaustion,0.0000,none,none,false,false,none,0.0000,0.0000,0.0000,0.0000,none,false,false,0.0000,0.0000,false,false,-1,none,none,false,0.000,0.000,147.68600000,147.66413636,147.66413636,recent_equal_highs,0.01486364,0.2154,neckline_level,147.68600000,0.1412,false,true,true,false,not_blocked,6,2,4,m5_failure_exit,off,none,0.00000000,0.0000,1.30,147.58900000,4.200,-0.300,0.200,PERIOD_M15,147.78600000,147.45800000,0.6738,deep_618_786,0.000,true,147.67900000,147.74800000,0.06900000,147.58900000,1.304,0.04957143,23.00,30-60,true,false,none,blocked_spread_too_high,4.650,4.650,none,0.0000,false,neckline_retest_failed,false,not_invalidated,spread_too_high
2025.08.11 10:05:00,signal,session_reversal_pullback_one_symbol_first120,EURUSD,SHORT,2025.08.11 10:00:00,10,7,16,london,2025.08.11 07:00,0,first_120min,true,true,3,EURUSD,highest_score_in_session_bar,london=USDJPY|EURJPY|GBPJPY|AUDJPY|EURUSD|GBPUSD,existing_first120_gate,london,false,false,true,passed_first_window,head_and_shoulders,neckline_break_retest,1.16648000,PERIOD_M5,PERIOD_H1,PERIOD_M15,PERIOD_M5,PERIOD_M5,false,htf_soft_alignment,current_post_filter,transcript_post_filter,dow_range_or_transition,structure_trend_bias_dow_trend_up_hh_hl,dow_range_or_transition,structure_trend_bias_dow_trend_up_hh_hl,false,false,true,SHORT,PERIOD_M5,head_and_shoulders,head_and_shoulders,4.500,none,0.000,head_and_shoulders,4.500,none,0.000,SHORT,false,PERIOD_H1_NONE_dow_range_or_transition|PERIOD_M15_LONG_structure_trend_bias_dow_trend_up_hh_hl,true,h1_counter_m15_reversal,true,top_NONE_dow_range_or_transition|structure_LONG_structure_trend_bias_dow_trend_up_hh_hl|structure_break_recent_confirmed_swing_break_failed|primary_break_recent_confirmed_swing_break_continuation,none,above_75sma_rising,above_75sma_rising,below_75sma_flat_or_rising,-1,0.00000000,0,1.16665000,false,off,NONE,NONE,0.00000000,0.00000000,0.0000,none,0.000,true,SHORT,return_low_break_or_bos_down,1.16488000,23,1.16749000,1.16393000,false,off,independent,false,,,false,0.0000,none,0.0000,0.0000,none,0.0000,0.0000,0.0000,none,0.0000,0,0,0.0000,none,none,none,none,0.0000,0,0.0000,none,false,true,not_evaluated,true,required_light_or_anchor_flip,long_bias,1.16393000,2025.08.11 00:45:00,1.16659000,2025.08.08 20:30:00,2025.08.11 06:15:00,false,NONE,0.00000000,0.00000000,0.0000,-1,false,,-1,NONE,0.00000000,0.00000000,0.0000,0.0000,none,,none,false,NONE,-1,-1,-1,false,false,none,false,true,false,true,none,true,required,false,PERIOD_M5,,,-1,0.0000,false,0.00000000,0.0000,false,0.0000,false,none,none,false,no_anchor_flip_in_entry_direction,true,required_first_signal_only,SHORT,unknown,0.00000000,,0.00000000,,false,,-1,false,NONE,0.00000000,,0.00000000,0.0000,0.0000,none,-1,false,false,false,no_anchor_flip_in_entry_direction,,,,false,false,false,-1,-1,-1,-1,-1,false,false,false,0.0000,range_n,true,1.16749000,1.16356000,11.0704,false,0.0000,0.0000,0,none,true,0.5104,preferred_382_618,0.200,diagnostic_only,diagnostic_only,diagnostic_only,fib_pullback,14,0.440,true,none,0.590,high_quality,false,false,diagnostic_only,both,true,none,true,diagnostic_adjacent_detected,required_light,false,false,LONG,5,false,false,0,2025.08.11 07:30:00,2025.08.11 09:05:00,11,2.6683,0.00000000,1.16665000,1.16665000,true,true,m5_hl_close_break_down,1.16665000,true,0.1733,0.1733,true,1,0.0693,false,7,1.16665000,0.1733,off,false,not_evaluated,none,0.1500,0.0300,normal,false,true,true,0.0693,failed_1bar,true,favorable_side,0.1900,true,clean_retest,2.2525,1.2129,1.8571,0.0000,true,strong_exhaustion,0.0000,none,none,false,false,none,0.0000,0.0000,0.0000,0.0000,none,false,false,0.0000,0.0000,false,false,-1,none,none,false,0.000,0.000,1.16624000,1.16574000,1.16500000,round_number,0.00084000,0.9655,session_low|opening_range_low|neckline_level,1.16574000,0.3465,false,false,true,false,not_blocked,1,0,1,m5_failure_exit,off,none,0.00000000,0.0000,1.30,1.16471000,4.500,0.000,0.200,PERIOD_M15,1.16748000,1.16393000,0.5380,preferred_382_618,0.000,true,1.16584000,1.16671000,0.00087000,1.16471000,1.299,0.00028857,18.00,0-30,true,false,none,not_consumed,5.100,5.100,none,0.0000,false,neckline_retest_failed,false,not_invalidated,spread_too_high
2025.08.11 10:05:00,blocked,session_reversal_pullback_one_symbol_first120,EURUSD,SHORT,2025.08.11 10:00:00,10,7,16,london,2025.08.11 07:00,0,first_120min,true,true,3,EURUSD,highest_score_in_session_bar,london=USDJPY|EURJPY|GBPJPY|AUDJPY|EURUSD|GBPUSD,existing_first120_gate,london,false,false,true,passed_first_window,head_and_shoulders,neckline_break_retest,1.16648000,PERIOD_M5,PERIOD_H1,PERIOD_M15,PERIOD_M5,PERIOD_M5,false,htf_soft_alignment,current_post_filter,transcript_post_filter,dow_range_or_transition,structure_trend_bias_dow_trend_up_hh_hl,dow_range_or_transition,structure_trend_bias_dow_trend_up_hh_hl,false,false,true,SHORT,PERIOD_M5,head_and_shoulders,head_and_shoulders,4.500,none,0.000,head_and_shoulders,4.500,none,0.000,SHORT,false,PERIOD_H1_NONE_dow_range_or_transition|PERIOD_M15_LONG_structure_trend_bias_dow_trend_up_hh_hl,true,h1_counter_m15_reversal,true,top_NONE_dow_range_or_transition|structure_LONG_structure_trend_bias_dow_trend_up_hh_hl|structure_break_recent_confirmed_swing_break_failed|primary_break_recent_confirmed_swing_break_continuation,none,above_75sma_rising,above_75sma_rising,below_75sma_flat_or_rising,-1,0.00000000,0,1.16665000,false,off,NONE,NONE,0.00000000,0.00000000,0.0000,none,0.000,true,SHORT,return_low_break_or_bos_down,1.16488000,23,1.16749000,1.16393000,false,off,independent,false,,,false,0.0000,none,0.0000,0.0000,none,0.0000,0.0000,0.0000,none,0.0000,0,0,0.0000,none,none,none,none,0.0000,0,0.0000,none,false,true,not_evaluated,true,required_light_or_anchor_flip,long_bias,1.16393000,2025.08.11 00:45:00,1.16659000,2025.08.08 20:30:00,2025.08.11 06:15:00,false,NONE,0.00000000,0.00000000,0.0000,-1,false,,-1,NONE,0.00000000,0.00000000,0.0000,0.0000,none,,none,false,NONE,-1,-1,-1,false,false,none,false,true,false,true,none,true,required,false,PERIOD_M5,,,-1,0.0000,false,0.00000000,0.0000,false,0.0000,false,none,none,false,no_anchor_flip_in_entry_direction,true,required_first_signal_only,SHORT,unknown,0.00000000,,0.00000000,,false,,-1,false,NONE,0.00000000,,0.00000000,0.0000,0.0000,none,-1,false,false,false,no_anchor_flip_in_entry_direction,,,,false,false,false,-1,-1,-1,-1,-1,false,false,false,0.0000,range_n,true,1.16749000,1.16356000,11.0704,false,0.0000,0.0000,0,none,true,0.5104,preferred_382_618,0.200,diagnostic_only,diagnostic_only,diagnostic_only,fib_pullback,14,0.440,true,none,0.590,high_quality,false,false,diagnostic_only,both,true,none,true,diagnostic_adjacent_detected,required_light,false,false,LONG,5,false,false,0,2025.08.11 07:30:00,2025.08.11 09:05:00,11,2.6683,0.00000000,1.16665000,1.16665000,true,true,m5_hl_close_break_down,1.16665000,true,0.1733,0.1733,true,1,0.0693,false,7,1.16665000,0.1733,off,false,not_evaluated,none,0.1500,0.0300,normal,false,true,true,0.0693,failed_1bar,true,favorable_side,0.1900,true,clean_retest,2.2525,1.2129,1.8571,0.0000,true,strong_exhaustion,0.0000,none,none,false,false,none,0.0000,0.0000,0.0000,0.0000,none,false,false,0.0000,0.0000,false,false,-1,none,none,false,0.000,0.000,1.16624000,1.16574000,1.16500000,round_number,0.00084000,0.9655,session_low|opening_range_low|neckline_level,1.16574000,0.3465,false,false,true,false,not_blocked,1,0,1,m5_failure_exit,off,none,0.00000000,0.0000,1.30,1.16471000,4.500,0.000,0.200,PERIOD_M15,1.16748000,1.16393000,0.5380,preferred_382_618,0.000,true,1.16584000,1.16671000,0.00087000,1.16471000,1.299,0.00028857,18.00,0-30,true,false,none,blocked_spread_too_high,5.100,5.100,none,0.0000,false,neckline_retest_failed,false,not_invalidated,spread_too_high
2025.08.11 16:20:00,signal,session_reversal_pullback_one_symbol_first120,AUDJPY,LONG,2025.08.11 16:15:00,16,13,22,london_newyork_overlap,2025.08.11 13:00,15,first_120min,true,true,3,AUDJPY,highest_score_in_session_bar,london_newyork_overlap=USDJPY|EURJPY|GBPJPY|AUDJPY|EURUSD|GBPUSD,existing_first120_gate,london_newyork_overlap,false,false,true,passed_first_window,double_bottom,neckline_break_retest,96.20500000,PERIOD_M5,PERIOD_H1,PERIOD_M15,PERIOD_M5,PERIOD_M5,false,htf_soft_alignment,current_post_filter,transcript_post_filter,dow_trend_down_ll_lh,no_ordered_dow_wave3_break,dow_trend_down_ll_lh,no_ordered_dow_wave3_break,false,true,true,LONG,PERIOD_M5,double_bottom,double_bottom,4.200,none,0.000,double_bottom,4.200,none,0.000,LONG,false,PERIOD_H1_SHORT_dow_trend_down_ll_lh|PERIOD_M15_NONE_no_ordered_dow_wave3_break,true,h1_counter_m15_reversal,true,top_SHORT_dow_trend_down_ll_lh|structure_NONE_no_ordered_dow_wave3_break|structure_break_recent_confirmed_swing_break_failed|primary_break_recent_confirmed_swing_break_continuation,none,above_75sma_rising,above_75sma_flat_or_falling,above_75sma_flat_or_falling,-1,0.00000000,0,96.20400000,false,off,NONE,NONE,0.00000000,0.00000000,0.0000,none,0.000,true,LONG,return_high_break_or_bos_up,96.30500000,7,96.37100000,95.98400000,false,off,independent,false,,,false,0.0000,none,0.0000,0.0000,none,0.0000,0.0000,0.0000,none,0.0000,0,0,0.0000,none,none,none,none,0.0000,0,0.0000,none,false,true,not_evaluated,true,required_light_or_anchor_flip,short_bias,96.15000000,2025.08.11 12:15:00,96.37100000,2025.08.11 14:15:00,2025.08.11 15:15:00,false,NONE,0.00000000,0.00000000,0.0000,-1,false,,-1,NONE,0.00000000,0.00000000,0.0000,0.0000,none,,none,false,NONE,-1,-1,-1,false,false,none,false,true,false,true,none,true,required,false,PERIOD_M5,,,-1,0.0000,false,0.00000000,0.0000,false,0.0000,false,none,none,false,no_anchor_flip_in_entry_direction,true,required_first_signal_only,LONG,unknown,0.00000000,,0.00000000,,false,,-1,false,NONE,0.00000000,,0.00000000,0.0000,0.0000,none,-1,false,false,false,no_anchor_flip_in_entry_direction,,,,false,false,false,-1,-1,-1,-1,-1,false,false,false,0.0000,range_n,true,96.37100000,95.98400000,6.1638,false,0.0000,0.0000,0,none,true,0.3101,shallow_236_382,0.080,diagnostic_only,diagnostic_only,diagnostic_only,fib_pullback,24,0.330,true,none,0.480,high_quality,false,false,diagnostic_only,both,true,none,true,diagnostic_adjacent_detected,required_light,false,false,SHORT,4,false,false,1,2025.08.11 13:20:00,2025.08.11 15:20:00,11,6.7439,96.37100000,0.00000000,96.37100000,false,false,none,0.00000000,false,0.0000,0.0000,false,1,0.0000,false,-1,0.00000000,0.0000,off,false,not_evaluated,none,0.0000,0.0000,none,false,false,false,0.0000,none,false,none,0.0000,false,none,6.7439,1.1098,6.0769,4.2967,false,no_shrink,0.0000,none,none,false,false,none,0.0000,0.0000,0.0000,0.0000,none,false,false,0.0000,0.0000,false,false,-1,none,none,false,0.000,0.000,96.26000000,96.20500000,96.28900000,pre_session_high,0.03800000,0.3619,session_high|opening_range_high|neckline_level,96.26000000,0.2561,false,true,true,false,not_blocked,5,4,1,m5_failure_exit,off,none,0.00000000,0.0000,1.30,96.38800000,4.200,-0.300,0.200,PERIOD_M15,96.37100000,95.98400000,0.3101,outside,0.000,true,96.25100000,96.14600000,0.10500000,96.38800000,1.305,0.03514286,28.00,0-30,true,false,none,not_consumed,4.500,4.500,none,0.0000,false,neckline_retest_failed,false,not_invalidated,spread_too_high
2025.08.11 16:20:00,blocked,session_reversal_pullback_one_symbol_first120,AUDJPY,LONG,2025.08.11 16:15:00,16,13,22,london_newyork_overlap,2025.08.11 13:00,15,first_120min,true,true,3,AUDJPY,highest_score_in_session_bar,london_newyork_overlap=USDJPY|EURJPY|GBPJPY|AUDJPY|EURUSD|GBPUSD,existing_first120_gate,london_newyork_overlap,false,false,true,passed_first_window,double_bottom,neckline_break_retest,96.20500000,PERIOD_M5,PERIOD_H1,PERIOD_M15,PERIOD_M5,PERIOD_M5,false,htf_soft_alignment,current_post_filter,transcript_post_filter,dow_trend_down_ll_lh,no_ordered_dow_wave3_break,dow_trend_down_ll_lh,no_ordered_dow_wave3_break,false,true,true,LONG,PERIOD_M5,double_bottom,double_bottom,4.200,none,0.000,double_bottom,4.200,none,0.000,LONG,false,PERIOD_H1_SHORT_dow_trend_down_ll_lh|PERIOD_M15_NONE_no_ordered_dow_wave3_break,true,h1_counter_m15_reversal,true,top_SHORT_dow_trend_down_ll_lh|structure_NONE_no_ordered_dow_wave3_break|structure_break_recent_confirmed_swing_break_failed|primary_break_recent_confirmed_swing_break_continuation,none,above_75sma_rising,above_75sma_flat_or_falling,above_75sma_flat_or_falling,-1,0.00000000,0,96.20400000,false,off,NONE,NONE,0.00000000,0.00000000,0.0000,none,0.000,true,LONG,return_high_break_or_bos_up,96.30500000,7,96.37100000,95.98400000,false,off,independent,false,,,false,0.0000,none,0.0000,0.0000,none,0.0000,0.0000,0.0000,none,0.0000,0,0,0.0000,none,none,none,none,0.0000,0,0.0000,none,false,true,not_evaluated,true,required_light_or_anchor_flip,short_bias,96.15000000,2025.08.11 12:15:00,96.37100000,2025.08.11 14:15:00,2025.08.11 15:15:00,false,NONE,0.00000000,0.00000000,0.0000,-1,false,,-1,NONE,0.00000000,0.00000000,0.0000,0.0000,none,,none,false,NONE,-1,-1,-1,false,false,none,false,true,false,true,none,true,required,false,PERIOD_M5,,,-1,0.0000,false,0.00000000,0.0000,false,0.0000,false,none,none,false,no_anchor_flip_in_entry_direction,true,required_first_signal_only,LONG,unknown,0.00000000,,0.00000000,,false,,-1,false,NONE,0.00000000,,0.00000000,0.0000,0.0000,none,-1,false,false,false,no_anchor_flip_in_entry_direction,,,,false,false,false,-1,-1,-1,-1,-1,false,false,false,0.0000,range_n,true,96.37100000,95.98400000,6.1638,false,0.0000,0.0000,0,none,true,0.3101,shallow_236_382,0.080,diagnostic_only,diagnostic_only,diagnostic_only,fib_pullback,24,0.330,true,none,0.480,high_quality,false,false,diagnostic_only,both,true,none,true,diagnostic_adjacent_detected,required_light,false,false,SHORT,4,false,false,1,2025.08.11 13:20:00,2025.08.11 15:20:00,11,6.7439,96.37100000,0.00000000,96.37100000,false,false,none,0.00000000,false,0.0000,0.0000,false,1,0.0000,false,-1,0.00000000,0.0000,off,false,not_evaluated,none,0.0000,0.0000,none,false,false,false,0.0000,none,false,none,0.0000,false,none,6.7439,1.1098,6.0769,4.2967,false,no_shrink,0.0000,none,none,false,false,none,0.0000,0.0000,0.0000,0.0000,none,false,false,0.0000,0.0000,false,false,-1,none,none,false,0.000,0.000,96.26000000,96.20500000,96.28900000,pre_session_high,0.03800000,0.3619,session_high|opening_range_high|neckline_level,96.26000000,0.2561,false,true,true,false,not_blocked,5,4,1,m5_failure_exit,off,none,0.00000000,0.0000,1.30,96.38800000,4.200,-0.300,0.200,PERIOD_M15,96.37100000,95.98400000,0.3101,outside,0.000,true,96.25100000,96.14600000,0.10500000,96.38800000,1.305,0.03514286,28.00,0-30,true,false,none,blocked_spread_too_high,4.500,4.500,none,0.0000,false,neckline_retest_failed,false,not_invalidated,spread_too_high
2025.08.12 10:05:00,signal,session_reversal_pullback_one_symbol_first120,USDJPY,SHORT,2025.08.12 10:00:00,10,7,16,london,2025.08.12 07:00,0,first_120min,true,true,3,USDJPY,highest_score_in_session_bar,london=USDJPY|EURJPY|GBPJPY|AUDJPY|EURUSD|GBPUSD,existing_first120_gate,london,false,false,true,passed_first_window,double_top,neckline_break_retest,148.29400000,PERIOD_M5,PERIOD_H1,PERIOD_M15,PERIOD_M5,PERIOD_M5,false,htf_soft_alignment,current_post_filter,transcript_post_filter,dow_trend_up_hh_hl,structure_trend_bias_dow_trend_up_hh_hl,dow_trend_up_hh_hl,structure_trend_bias_dow_trend_up_hh_hl,false,false,true,SHORT,PERIOD_M5,double_top,double_top,4.200,none,0.000,double_top,4.200,none,0.000,SHORT,false,PERIOD_H1_LONG_dow_trend_up_hh_hl|PERIOD_M15_LONG_structure_trend_bias_dow_trend_up_hh_hl,true,h1_counter_m15_reversal,true,top_LONG_dow_trend_up_hh_hl|structure_LONG_structure_trend_bias_dow_trend_up_hh_hl|structure_break_recent_confirmed_swing_break_failed|primary_break_recent_confirmed_swing_break_failed,none,above_75sma_rising,above_75sma_rising,below_75sma_falling,-1,0.00000000,-1,0.00000000,false,off,NONE,NONE,0.00000000,0.00000000,0.0000,none,0.000,true,SHORT,return_low_break_or_bos_down,148.20200000,1,148.43800000,148.20200000,false,off,independent,false,,,false,0.0000,none,0.0000,0.0000,none,0.0000,0.0000,0.0000,none,0.0000,0,0,0.0000,none,none,none,none,0.0000,0,0.0000,none,false,true,not_evaluated,true,required_light_or_anchor_flip,bias_flip_down,148.20200000,2025.08.12 04:30:00,0.00000000,,2025.08.12 07:15:00,true,SHORT,148.20200000,148.19100000,0.1334,1,true,2025.08.12 09:30:00,1,SHORT,148.20200000,148.19100000,0.1334,1.1282,normal,2025.08.12 09:30:00,first_after_anchor,true,SHORT,1,1,1,true,false,fresh_0_4,true,false,false,true,none,true,required,true,PERIOD_M5,2025.08.12 09:35:00,2025.08.12 09:40:00,6,0.2411,true,148.20200000,0.2411,true,0.3375,true,m5_bearish_close_after_anchor_retest,failed_close_back_inside,false,post_anchor_close_back_inside,true,required_first_signal_only,SHORT,unknown,0.00000000,,0.00000000,,false,,-1,false,NONE,0.00000000,,0.00000000,0.0000,0.0000,none,-1,false,false,false,insufficient_confirmed_m5_pivots,USDJPY|SHORT|1754991000|148.202,,,false,false,false,-1,-1,-1,-1,-1,false,false,false,0.0000,range_n,true,148.43800000,148.10800000,4.0035,true,1.1282,0.4561,0,normal,true,0.5084,preferred_382_618,0.200,diagnostic_only,diagnostic_only,diagnostic_only,fib_pullback,10,0.440,true,none,0.590,high_quality,false,false,diagnostic_only,both,true,none,true,diagnostic_adjacent_detected,required_light,false,false,LONG,4,false,false,0,2025.08.12 07:25:00,2025.08.12 09:40:00,4,4.7738,0.00000000,148.14100000,148.14100000,false,false,none,0.00000000,false,0.0000,0.0000,false,1,0.0000,false,-1,0.00000000,0.0000,off,false,not_evaluated,none,0.0000,0.0000,none,false,false,false,0.0000,none,false,none,0.0000,false,none,4.1309,3.4558,1.1953,0.0000,true,strong_exhaustion,0.0000,none,none,false,false,none,0.0000,0.0000,0.0000,0.0000,none,false,false,0.0000,0.0000,false,false,-1,none,none,false,0.000,0.000,148.29400000,148.27500000,148.27500000,failed_breakout_level,0.01700000,0.2464,neckline_level,148.29400000,0.0321,false,true,true,false,not_blocked,9,6,3,m5_failure_exit,off,none,0.00000000,0.0000,1.30,148.20200000,4.200,-0.300,0.200,PERIOD_M15,148.43800000,148.20200000,0.3814,outside,0.000,true,148.29200000,148.36100000,0.06900000,148.20200000,1.304,0.06221429,15.00,0-30,true,false,none,not_consumed,4.300,4.300,none,0.0000,false,opposite_break_first,true,opposite_break_first,spread_too_high
2025.08.12 10:05:00,blocked,session_reversal_pullback_one_symbol_first120,USDJPY,SHORT,2025.08.12 10:00:00,10,7,16,london,2025.08.12 07:00,0,first_120min,true,true,3,USDJPY,highest_score_in_session_bar,london=USDJPY|EURJPY|GBPJPY|AUDJPY|EURUSD|GBPUSD,existing_first120_gate,london,false,false,true,passed_first_window,double_top,neckline_break_retest,148.29400000,PERIOD_M5,PERIOD_H1,PERIOD_M15,PERIOD_M5,PERIOD_M5,false,htf_soft_alignment,current_post_filter,transcript_post_filter,dow_trend_up_hh_hl,structure_trend_bias_dow_trend_up_hh_hl,dow_trend_up_hh_hl,structure_trend_bias_dow_trend_up_hh_hl,false,false,true,SHORT,PERIOD_M5,double_top,double_top,4.200,none,0.000,double_top,4.200,none,0.000,SHORT,false,PERIOD_H1_LONG_dow_trend_up_hh_hl|PERIOD_M15_LONG_structure_trend_bias_dow_trend_up_hh_hl,true,h1_counter_m15_reversal,true,top_LONG_dow_trend_up_hh_hl|structure_LONG_structure_trend_bias_dow_trend_up_hh_hl|structure_break_recent_confirmed_swing_break_failed|primary_break_recent_confirmed_swing_break_failed,none,above_75sma_rising,above_75sma_rising,below_75sma_falling,-1,0.00000000,-1,0.00000000,false,off,NONE,NONE,0.00000000,0.00000000,0.0000,none,0.000,true,SHORT,return_low_break_or_bos_down,148.20200000,1,148.43800000,148.20200000,false,off,independent,false,,,false,0.0000,none,0.0000,0.0000,none,0.0000,0.0000,0.0000,none,0.0000,0,0,0.0000,none,none,none,none,0.0000,0,0.0000,none,false,true,not_evaluated,true,required_light_or_anchor_flip,bias_flip_down,148.20200000,2025.08.12 04:30:00,0.00000000,,2025.08.12 07:15:00,true,SHORT,148.20200000,148.19100000,0.1334,1,true,2025.08.12 09:30:00,1,SHORT,148.20200000,148.19100000,0.1334,1.1282,normal,2025.08.12 09:30:00,first_after_anchor,true,SHORT,1,1,1,true,false,fresh_0_4,true,false,false,true,none,true,required,true,PERIOD_M5,2025.08.12 09:35:00,2025.08.12 09:40:00,6,0.2411,true,148.20200000,0.2411,true,0.3375,true,m5_bearish_close_after_anchor_retest,failed_close_back_inside,false,post_anchor_close_back_inside,true,required_first_signal_only,SHORT,unknown,0.00000000,,0.00000000,,false,,-1,false,NONE,0.00000000,,0.00000000,0.0000,0.0000,none,-1,false,false,false,insufficient_confirmed_m5_pivots,USDJPY|SHORT|1754991000|148.202,,,false,false,false,-1,-1,-1,-1,-1,false,false,false,0.0000,range_n,true,148.43800000,148.10800000,4.0035,true,1.1282,0.4561,0,normal,true,0.5084,preferred_382_618,0.200,diagnostic_only,diagnostic_only,diagnostic_only,fib_pullback,10,0.440,true,none,0.590,high_quality,false,false,diagnostic_only,both,true,none,true,diagnostic_adjacent_detected,required_light,false,false,LONG,4,false,false,0,2025.08.12 07:25:00,2025.08.12 09:40:00,4,4.7738,0.00000000,148.14100000,148.14100000,false,false,none,0.00000000,false,0.0000,0.0000,false,1,0.0000,false,-1,0.00000000,0.0000,off,false,not_evaluated,none,0.0000,0.0000,none,false,false,false,0.0000,none,false,none,0.0000,false,none,4.1309,3.4558,1.1953,0.0000,true,strong_exhaustion,0.0000,none,none,false,false,none,0.0000,0.0000,0.0000,0.0000,none,false,false,0.0000,0.0000,false,false,-1,none,none,false,0.000,0.000,148.29400000,148.27500000,148.27500000,failed_breakout_level,0.01700000,0.2464,neckline_level,148.29400000,0.0321,false,true,true,false,not_blocked,9,6,3,m5_failure_exit,off,none,0.00000000,0.0000,1.30,148.20200000,4.200,-0.300,0.200,PERIOD_M15,148.43800000,148.20200000,0.3814,outside,0.000,true,148.29200000,148.36100000,0.06900000,148.20200000,1.304,0.06221429,15.00,0-30,true,false,none,blocked_spread_too_high,4.300,4.300,none,0.0000,false,opposite_break_first,true,opposite_break_first,spread_too_high
2025.08.12 17:55:00,signal,session_reversal_pullback_one_symbol_first120,GBPJPY,SHORT,2025.08.12 17:50:00,17,14,23,london_newyork_overlap,2025.08.12 13:00,110,first_120min,false,true,3,GBPJPY,highest_score_in_session_bar,london_newyork_overlap=USDJPY|EURJPY|GBPJPY|AUDJPY|EURUSD|GBPUSD,existing_first120_gate,london_newyork_overlap,true,false,true,passed_first_window,double_top,neckline_break_retest,199.92100000,PERIOD_M5,PERIOD_H1,PERIOD_M15,PERIOD_M5,PERIOD_M5,false,htf_soft_alignment,current_post_filter,transcript_post_filter,dow_range_or_transition,structure_trend_bias_dow_trend_down_ll_lh,dow_range_or_transition,structure_trend_bias_dow_trend_down_ll_lh,false,false,true,SHORT,PERIOD_M5,double_top,double_top,4.200,none,0.000,double_top,4.200,none,0.000,SHORT,false,PERIOD_H1_NONE_dow_range_or_transition|PERIOD_M15_SHORT_structure_trend_bias_dow_trend_down_ll_lh,true,h1_counter_m15_reversal,true,top_NONE_dow_range_or_transition|structure_SHORT_structure_trend_bias_dow_trend_down_ll_lh|structure_break_recent_confirmed_swing_break_failed|primary_break_no_recent_confirmed_swing_break,none,above_75sma_rising,above_75sma_rising,below_75sma_flat_or_rising,-1,0.00000000,-1,0.00000000,false,off,NONE,NONE,0.00000000,0.00000000,0.0000,none,0.000,true,SHORT,return_low_break_or_bos_down,199.64800000,7,200.06700000,199.40000000,false,off,independent,false,,,false,0.0000,none,0.0000,0.0000,none,0.0000,0.0000,0.0000,none,0.0000,0,0,0.0000,none,none,none,none,0.0000,0,0.0000,none,false,true,not_evaluated,true,required_light_or_anchor_flip,long_bias,199.40000000,2025.08.12 15:30:00,199.94500000,2025.08.12 15:30:00,2025.08.12 16:30:00,false,NONE,0.00000000,0.00000000,0.0000,-1,false,,-1,NONE,0.00000000,0.00000000,0.0000,0.0000,none,,none,false,NONE,-1,-1,-1,false,false,none,false,true,false,true,none,true,required,false,PERIOD_M5,,,-1,0.0000,false,0.00000000,0.0000,false,0.0000,false,none,none,false,no_anchor_flip_in_entry_direction,true,required_first_signal_only,SHORT,unknown,0.00000000,,0.00000000,,false,,-1,false,NONE,0.00000000,,0.00000000,0.0000,0.0000,none,-1,false,false,false,no_anchor_flip_in_entry_direction,,,,false,false,false,-1,-1,-1,-1,-1,false,false,false,0.0000,rising_n,false,200.03200000,199.40000000,2.8232,false,0.0000,0.0000,0,none,true,0.5472,preferred_382_618,0.200,diagnostic_only,diagnostic_only,diagnostic_only,shallow_pullback,24,0.400,true,none,0.550,high_quality,false,false,diagnostic_only,both,true,none,true,diagnostic_adjacent_detected,required_light,false,false,LONG,7,false,false,2,2025.08.12 16:05:00,2025.08.12 17:20:00,6,5.2180,0.00000000,199.64500000,199.64500000,false,false,none,0.00000000,false,0.0000,0.0000,false,1,0.0000,false,-1,0.00000000,0.0000,off,false,not_evaluated,none,0.0000,0.0000,none,false,false,false,0.0000,none,false,none,0.0000,false,none,3.8564,4.8982,0.7873,0.3198,false,mild_exhaustion,0.0000,none,none,false,false,none,0.0000,0.0000,0.0000,0.0000,none,false,false,0.0000,0.0000,false,false,-1,none,none,false,0.000,0.000,199.86700000,199.64800000,199.64800000,failed_breakout_level,0.11700000,0.4317,neckline_level,199.92100000,1.4256,false,true,true,false,not_blocked,4,3,1,m5_failure_exit,off,none,0.00000000,0.0000,1.30,199.41300000,4.200,-0.300,0.200,PERIOD_M15,199.94500000,199.40000000,0.6697,deep_618_786,0.000,true,199.76500000,200.03600000,0.27100000,199.41300000,1.299,0.10942857,38.00,90-120,true,false,none,not_consumed,4.300,4.300,none,0.0000,false,opposite_break_first,true,opposite_break_first,spread_too_high
2025.08.12 17:55:00,blocked,session_reversal_pullback_one_symbol_first120,GBPJPY,SHORT,2025.08.12 17:50:00,17,14,23,london_newyork_overlap,2025.08.12 13:00,110,first_120min,false,true,3,GBPJPY,highest_score_in_session_bar,london_newyork_overlap=USDJPY|EURJPY|GBPJPY|AUDJPY|EURUSD|GBPUSD,existing_first120_gate,london_newyork_overlap,true,false,true,passed_first_window,double_top,neckline_break_retest,199.92100000,PERIOD_M5,PERIOD_H1,PERIOD_M15,PERIOD_M5,PERIOD_M5,false,htf_soft_alignment,current_post_filter,transcript_post_filter,dow_range_or_transition,structure_trend_bias_dow_trend_down_ll_lh,dow_range_or_transition,structure_trend_bias_dow_trend_down_ll_lh,false,false,true,SHORT,PERIOD_M5,double_top,double_top,4.200,none,0.000,double_top,4.200,none,0.000,SHORT,false,PERIOD_H1_NONE_dow_range_or_transition|PERIOD_M15_SHORT_structure_trend_bias_dow_trend_down_ll_lh,true,h1_counter_m15_reversal,true,top_NONE_dow_range_or_transition|structure_SHORT_structure_trend_bias_dow_trend_down_ll_lh|structure_break_recent_confirmed_swing_break_failed|primary_break_no_recent_confirmed_swing_break,none,above_75sma_rising,above_75sma_rising,below_75sma_flat_or_rising,-1,0.00000000,-1,0.00000000,false,off,NONE,NONE,0.00000000,0.00000000,0.0000,none,0.000,true,SHORT,return_low_break_or_bos_down,199.64800000,7,200.06700000,199.40000000,false,off,independent,false,,,false,0.0000,none,0.0000,0.0000,none,0.0000,0.0000,0.0000,none,0.0000,0,0,0.0000,none,none,none,none,0.0000,0,0.0000,none,false,true,not_evaluated,true,required_light_or_anchor_flip,long_bias,199.40000000,2025.08.12 15:30:00,199.94500000,2025.08.12 15:30:00,2025.08.12 16:30:00,false,NONE,0.00000000,0.00000000,0.0000,-1,false,,-1,NONE,0.00000000,0.00000000,0.0000,0.0000,none,,none,false,NONE,-1,-1,-1,false,false,none,false,true,false,true,none,true,required,false,PERIOD_M5,,,-1,0.0000,false,0.00000000,0.0000,false,0.0000,false,none,none,false,no_anchor_flip_in_entry_direction,true,required_first_signal_only,SHORT,unknown,0.00000000,,0.00000000,,false,,-1,false,NONE,0.00000000,,0.00000000,0.0000,0.0000,none,-1,false,false,false,no_anchor_flip_in_entry_direction,,,,false,false,false,-1,-1,-1,-1,-1,false,false,false,0.0000,rising_n,false,200.03200000,199.40000000,2.8232,false,0.0000,0.0000,0,none,true,0.5472,preferred_382_618,0.200,diagnostic_only,diagnostic_only,diagnostic_only,shallow_pullback,24,0.400,true,none,0.550,high_quality,false,false,diagnostic_only,both,true,none,true,diagnostic_adjacent_detected,required_light,false,false,LONG,7,false,false,2,2025.08.12 16:05:00,2025.08.12 17:20:00,6,5.2180,0.00000000,199.64500000,199.64500000,false,false,none,0.00000000,false,0.0000,0.0000,false,1,0.0000,false,-1,0.00000000,0.0000,off,false,not_evaluated,none,0.0000,0.0000,none,false,false,false,0.0000,none,false,none,0.0000,false,none,3.8564,4.8982,0.7873,0.3198,false,mild_exhaustion,0.0000,none,none,false,false,none,0.0000,0.0000,0.0000,0.0000,none,false,false,0.0000,0.0000,false,false,-1,none,none,false,0.000,0.000,199.86700000,199.64800000,199.64800000,failed_breakout_level,0.11700000,0.4317,neckline_level,199.92100000,1.4256,false,true,true,false,not_blocked,4,3,1,m5_failure_exit,off,none,0.00000000,0.0000,1.30,199.41300000,4.200,-0.300,0.200,PERIOD_M15,199.94500000,199.40000000,0.6697,deep_618_786,0.000,true,199.76500000,200.03600000,0.27100000,199.41300000,1.299,0.10942857,38.00,90-120,true,false,none,blocked_spread_too_high,4.300,4.300,none,0.0000,false,opposite_break_first,true,opposite_break_first,spread_too_high
2025.08.12 19:25:00,signal,session_reversal_pullback_one_symbol_first120,GBPJPY,LONG,2025.08.12 19:20:00,19,16,1,new_york,2025.08.12 16:00,20,first_120min,true,true,3,GBPJPY,highest_score_in_session_bar,new_york=USDJPY|EURJPY|GBPJPY|AUDJPY|EURUSD|GBPUSD,existing_first120_gate,new_york,false,false,true,passed_first_window,double_bottom,neckline_break_retest,199.63200000,PERIOD_M5,PERIOD_H1,PERIOD_M15,PERIOD_M5,PERIOD_M5,false,htf_soft_alignment,current_post_filter,transcript_post_filter,dow_range_or_transition,no_ordered_dow_wave3_break,dow_range_or_transition,no_ordered_dow_wave3_break,false,true,false,LONG,PERIOD_M5,double_bottom,double_bottom,4.200,none,0.000,double_bottom,4.200,none,0.000,LONG,false,PERIOD_H1_NONE_dow_range_or_transition|PERIOD_M15_NONE_no_ordered_dow_wave3_break,true,h1_counter_m15_reversal,true,top_NONE_dow_range_or_transition|structure_NONE_no_ordered_dow_wave3_break|structure_break_recent_confirmed_swing_break_failed|primary_break_recent_confirmed_swing_break_retest,none,above_75sma_rising,above_75sma_rising,below_75sma_falling,-1,0.00000000,0,199.65400000,false,off,NONE,NONE,0.00000000,0.00000000,0.0000,none,0.000,true,LONG,return_high_break_or_bos_up,199.94500000,7,200.06700000,199.40000000,false,off,independent,false,,,false,0.0000,none,0.0000,0.0000,none,0.0000,0.0000,0.0000,none,0.0000,0,0,0.0000,none,none,none,none,0.0000,0,0.0000,none,false,true,not_evaluated,true,required_light_or_anchor_flip,bias_flip_down,199.64500000,2025.08.12 16:45:00,199.94500000,2025.08.12 15:30:00,2025.08.12 17:15:00,true,SHORT,199.64500000,199.54800000,0.4577,2,true,2025.08.12 18:30:00,2,SHORT,199.64500000,199.54800000,0.4577,0.9296,strong,2025.08.12 19:00:00,first_after_anchor,true,SHORT,2,0,2,true,false,fresh_0_4,false,true,false,true,none,true,required,false,PERIOD_M5,,,-1,0.0000,false,0.00000000,0.0000,false,0.0000,false,none,none,false,no_anchor_flip_in_entry_direction,true,required_first_signal_only,LONG,unknown,0.00000000,,0.00000000,,false,,-1,false,NONE,0.00000000,,0.00000000,0.0000,0.0000,none,-1,false,false,false,no_anchor_flip_in_entry_direction,,,,false,false,false,-1,-1,-1,-1,-1,false,false,false,0.0000,rising_n,false,200.06700000,199.40000000,3.1473,true,0.9296,0.1860,2,strong,true,0.5547,preferred_382_618,0.200,diagnostic_only,diagnostic_only,diagnostic_only,deep_pullback,24,0.400,true,none,0.550,high_quality,false,false,diagnostic_only,both,true,none,true,diagnostic_adjacent_detected,required_light,false,false,SHORT,7,false,false,2,2025.08.12 17:55:00,2025.08.12 19:00:00,4,4.5229,199.65400000,0.00000000,199.65400000,true,true,m5_lh_close_break_up,199.65400000,true,0.0526,0.1473,true,1,0.0000,false,0,199.65400000,0.3471,off,false,not_evaluated,none,0.8444,0.1556,normal,false,false,false,0.0000,no_following_closed_bar,false,none,0.0000,false,no_retest,1.6304,2.2615,0.7209,2.2615,false,mild_exhaustion,0.0000,none,none,false,false,none,0.0000,0.0000,0.0000,0.0000,none,false,false,0.0000,0.0000,false,false,-1,none,none,false,0.000,0.000,199.92900000,199.66600000,0.00000000,none,0.00000000,0.0000,session_high|opening_range_high|neckline_level,199.66600000,0.3261,true,false,false,false,not_blocked,0,0,0,m5_failure_exit,off,none,0.00000000,0.0000,1.30,199.92600000,4.200,0.350,0.200,PERIOD_M15,200.06700000,199.40000000,0.5547,preferred_382_618,0.000,true,199.69700000,199.52100000,0.17600000,199.92600000,1.301,0.09507143,38.00,0-30,true,false,none,not_consumed,5.150,5.150,none,0.0000,false,opposite_break_first,true,opposite_break_first,spread_too_high
2025.08.12 19:25:00,blocked,session_reversal_pullback_one_symbol_first120,GBPJPY,LONG,2025.08.12 19:20:00,19,16,1,new_york,2025.08.12 16:00,20,first_120min,true,true,3,GBPJPY,highest_score_in_session_bar,new_york=USDJPY|EURJPY|GBPJPY|AUDJPY|EURUSD|GBPUSD,existing_first120_gate,new_york,false,false,true,passed_first_window,double_bottom,neckline_break_retest,199.63200000,PERIOD_M5,PERIOD_H1,PERIOD_M15,PERIOD_M5,PERIOD_M5,false,htf_soft_alignment,current_post_filter,transcript_post_filter,dow_range_or_transition,no_ordered_dow_wave3_break,dow_range_or_transition,no_ordered_dow_wave3_break,false,true,false,LONG,PERIOD_M5,double_bottom,double_bottom,4.200,none,0.000,double_bottom,4.200,none,0.000,LONG,false,PERIOD_H1_NONE_dow_range_or_transition|PERIOD_M15_NONE_no_ordered_dow_wave3_break,true,h1_counter_m15_reversal,true,top_NONE_dow_range_or_transition|structure_NONE_no_ordered_dow_wave3_break|structure_break_recent_confirmed_swing_break_failed|primary_break_recent_confirmed_swing_break_retest,none,above_75sma_rising,above_75sma_rising,below_75sma_falling,-1,0.00000000,0,199.65400000,false,off,NONE,NONE,0.00000000,0.00000000,0.0000,none,0.000,true,LONG,return_high_break_or_bos_up,199.94500000,7,200.06700000,199.40000000,false,off,independent,false,,,false,0.0000,none,0.0000,0.0000,none,0.0000,0.0000,0.0000,none,0.0000,0,0,0.0000,none,none,none,none,0.0000,0,0.0000,none,false,true,not_evaluated,true,required_light_or_anchor_flip,bias_flip_down,199.64500000,2025.08.12 16:45:00,199.94500000,2025.08.12 15:30:00,2025.08.12 17:15:00,true,SHORT,199.64500000,199.54800000,0.4577,2,true,2025.08.12 18:30:00,2,SHORT,199.64500000,199.54800000,0.4577,0.9296,strong,2025.08.12 19:00:00,first_after_anchor,true,SHORT,2,0,2,true,false,fresh_0_4,false,true,false,true,none,true,required,false,PERIOD_M5,,,-1,0.0000,false,0.00000000,0.0000,false,0.0000,false,none,none,false,no_anchor_flip_in_entry_direction,true,required_first_signal_only,LONG,unknown,0.00000000,,0.00000000,,false,,-1,false,NONE,0.00000000,,0.00000000,0.0000,0.0000,none,-1,false,false,false,no_anchor_flip_in_entry_direction,,,,false,false,false,-1,-1,-1,-1,-1,false,false,false,0.0000,rising_n,false,200.06700000,199.40000000,3.1473,true,0.9296,0.1860,2,strong,true,0.5547,preferred_382_618,0.200,diagnostic_only,diagnostic_only,diagnostic_only,deep_pullback,24,0.400,true,none,0.550,high_quality,false,false,diagnostic_only,both,true,none,true,diagnostic_adjacent_detected,required_light,false,false,SHORT,7,false,false,2,2025.08.12 17:55:00,2025.08.12 19:00:00,4,4.5229,199.65400000,0.00000000,199.65400000,true,true,m5_lh_close_break_up,199.65400000,true,0.0526,0.1473,true,1,0.0000,false,0,199.65400000,0.3471,off,false,not_evaluated,none,0.8444,0.1556,normal,false,false,false,0.0000,no_following_closed_bar,false,none,0.0000,false,no_retest,1.6304,2.2615,0.7209,2.2615,false,mild_exhaustion,0.0000,none,none,false,false,none,0.0000,0.0000,0.0000,0.0000,none,false,false,0.0000,0.0000,false,false,-1,none,none,false,0.000,0.000,199.92900000,199.66600000,0.00000000,none,0.00000000,0.0000,session_high|opening_range_high|neckline_level,199.66600000,0.3261,true,false,false,false,not_blocked,0,0,0,m5_failure_exit,off,none,0.00000000,0.0000,1.30,199.92600000,4.200,0.350,0.200,PERIOD_M15,200.06700000,199.40000000,0.5547,preferred_382_618,0.000,true,199.69700000,199.52100000,0.17600000,199.92600000,1.301,0.09507143,38.00,0-30,true,false,none,blocked_spread_too_high,5.150,5.150,none,0.0000,false,opposite_break_first,true,opposite_break_first,spread_too_high
2025.08.13 03:50:00,signal,session_reversal_pullback_one_symbol_first120,GBPJPY,SHORT,2025.08.13 03:45:00,3,0,9,tokyo,2025.08.13 00:00,45,first_120min,true,true,3,GBPJPY,highest_score_in_session_bar,tokyo=USDJPY|EURJPY|GBPJPY|AUDJPY,existing_first120_gate,tokyo,true,false,true,passed_first_window,double_top,neckline_break_retest,199.52200000,PERIOD_M5,PERIOD_H1,PERIOD_M15,PERIOD_M5,PERIOD_M5,false,htf_soft_alignment,current_post_filter,transcript_post_filter,dow_range_or_transition,ordered_dow_wave3_break_below_swing_low,dow_range_or_transition,ordered_dow_wave3_break_below_swing_low,false,false,true,SHORT,PERIOD_M5,double_top,double_top,4.200,none,0.000,double_top,4.200,none,0.000,SHORT,false,PERIOD_H1_NONE_dow_range_or_transition|PERIOD_M15_SHORT_ordered_dow_wave3_break_below_swing_low,true,h1_counter_m15_reversal,true,top_NONE_dow_range_or_transition|structure_SHORT_ordered_dow_wave3_break_below_swing_low|structure_break_recent_confirmed_swing_break_retest|primary_break_recent_confirmed_swing_break_failed,none,above_75sma_rising,below_75sma_flat_or_rising,above_75sma_flat_or_falling,0,199.46500000,-1,0.00000000,false,off,NONE,NONE,0.00000000,0.00000000,0.0000,none,0.000,true,SHORT,return_low_break_or_bos_down,199.46500000,0,199.62400000,199.29300000,false,off,independent,false,,,false,0.0000,none,0.0000,0.0000,none,0.0000,0.0000,0.0000,none,0.0000,0,0,0.0000,none,none,none,none,0.0000,0,0.0000,none,false,true,not_evaluated,true,required_light_or_anchor_flip,short_bias,199.64500000,2025.08.12 16:45:00,199.68800000,2025.08.12 19:45:00,2025.08.12 22:00:00,false,NONE,0.00000000,0.00000000,0.0000,-1,false,,-1,NONE,0.00000000,0.00000000,0.0000,0.0000,none,,none,false,NONE,-1,-1,-1,false,false,none,true,false,false,true,none,true,required,false,PERIOD_M5,,,-1,0.0000,false,0.00000000,0.0000,false,0.0000,false,none,none,false,no_anchor_flip_in_entry_direction,true,required_first_signal_only,SHORT,unknown,0.00000000,,0.00000000,,false,,-1,false,NONE,0.00000000,,0.00000000,0.0000,0.0000,none,-1,false,false,false,no_anchor_flip_in_entry_direction,,,,false,false,false,-1,-1,-1,-1,-1,false,false,false,0.0000,range_n,true,199.58900000,199.29300000,3.3555,false,0.0000,0.0000,0,none,true,0.6798,deep_618_786,0.120,diagnostic_only,diagnostic_only,diagnostic_only,fib_pullback,24,0.320,true,none,0.470,high_quality,false,false,diagnostic_only,both,true,none,true,diagnostic_adjacent_detected,required_light,false,false,LONG,3,false,false,0,,,-1,0.0000,0.00000000,0.00000000,0.00000000,false,false,none,0.00000000,false,0.0000,0.0000,false,1,0.0000,false,-1,0.00000000,0.0000,off,false,not_evaluated,none,0.0000,0.0000,none,false,false,false,0.0000,none,false,none,0.0000,false,none,0.0000,0.0000,0.0000,0.0000,false,none,0.0000,none,none,false,false,none,0.0000,0.0000,0.0000,0.0000,none,false,false,0.0000,0.0000,false,false,-1,none,none,false,0.000,0.000,199.52200000,199.48500000,199.48500000,recent_equal_highs,0.03300000,0.7674,neckline_level,199.52200000,0.0589,false,true,true,false,not_blocked,3,2,1,m5_failure_exit,off,none,0.00000000,0.0000,1.30,199.46200000,4.200,-0.300,0.200,PERIOD_M15,199.57600000,199.46500000,0.4775,preferred_382_618,0.000,true,199.51800000,199.56100000,0.04300000,199.46200000,1.302,0.06792857,38.00,30-60,true,false,none,not_consumed,4.650,4.650,none,0.0000,false,opposite_break_first,true,opposite_break_first,spread_too_high
2025.08.13 03:50:00,blocked,session_reversal_pullback_one_symbol_first120,GBPJPY,SHORT,2025.08.13 03:45:00,3,0,9,tokyo,2025.08.13 00:00,45,first_120min,true,true,3,GBPJPY,highest_score_in_session_bar,tokyo=USDJPY|EURJPY|GBPJPY|AUDJPY,existing_first120_gate,tokyo,true,false,true,passed_first_window,double_top,neckline_break_retest,199.52200000,PERIOD_M5,PERIOD_H1,PERIOD_M15,PERIOD_M5,PERIOD_M5,false,htf_soft_alignment,current_post_filter,transcript_post_filter,dow_range_or_transition,ordered_dow_wave3_break_below_swing_low,dow_range_or_transition,ordered_dow_wave3_break_below_swing_low,false,false,true,SHORT,PERIOD_M5,double_top,double_top,4.200,none,0.000,double_top,4.200,none,0.000,SHORT,false,PERIOD_H1_NONE_dow_range_or_transition|PERIOD_M15_SHORT_ordered_dow_wave3_break_below_swing_low,true,h1_counter_m15_reversal,true,top_NONE_dow_range_or_transition|structure_SHORT_ordered_dow_wave3_break_below_swing_low|structure_break_recent_confirmed_swing_break_retest|primary_break_recent_confirmed_swing_break_failed,none,above_75sma_rising,below_75sma_flat_or_rising,above_75sma_flat_or_falling,0,199.46500000,-1,0.00000000,false,off,NONE,NONE,0.00000000,0.00000000,0.0000,none,0.000,true,SHORT,return_low_break_or_bos_down,199.46500000,0,199.62400000,199.29300000,false,off,independent,false,,,false,0.0000,none,0.0000,0.0000,none,0.0000,0.0000,0.0000,none,0.0000,0,0,0.0000,none,none,none,none,0.0000,0,0.0000,none,false,true,not_evaluated,true,required_light_or_anchor_flip,short_bias,199.64500000,2025.08.12 16:45:00,199.68800000,2025.08.12 19:45:00,2025.08.12 22:00:00,false,NONE,0.00000000,0.00000000,0.0000,-1,false,,-1,NONE,0.00000000,0.00000000,0.0000,0.0000,none,,none,false,NONE,-1,-1,-1,false,false,none,true,false,false,true,none,true,required,false,PERIOD_M5,,,-1,0.0000,false,0.00000000,0.0000,false,0.0000,false,none,none,false,no_anchor_flip_in_entry_direction,true,required_first_signal_only,SHORT,unknown,0.00000000,,0.00000000,,false,,-1,false,NONE,0.00000000,,0.00000000,0.0000,0.0000,none,-1,false,false,false,no_anchor_flip_in_entry_direction,,,,false,false,false,-1,-1,-1,-1,-1,false,false,false,0.0000,range_n,true,199.58900000,199.29300000,3.3555,false,0.0000,0.0000,0,none,true,0.6798,deep_618_786,0.120,diagnostic_only,diagnostic_only,diagnostic_only,fib_pullback,24,0.320,true,none,0.470,high_quality,false,false,diagnostic_only,both,true,none,true,diagnostic_adjacent_detected,required_light,false,false,LONG,3,false,false,0,,,-1,0.0000,0.00000000,0.00000000,0.00000000,false,false,none,0.00000000,false,0.0000,0.0000,false,1,0.0000,false,-1,0.00000000,0.0000,off,false,not_evaluated,none,0.0000,0.0000,none,false,false,false,0.0000,none,false,none,0.0000,false,none,0.0000,0.0000,0.0000,0.0000,false,none,0.0000,none,none,false,false,none,0.0000,0.0000,0.0000,0.0000,none,false,false,0.0000,0.0000,false,false,-1,none,none,false,0.000,0.000,199.52200000,199.48500000,199.48500000,recent_equal_highs,0.03300000,0.7674,neckline_level,199.52200000,0.0589,false,true,true,false,not_blocked,3,2,1,m5_failure_exit,off,none,0.00000000,0.0000,1.30,199.46200000,4.200,-0.300,0.200,PERIOD_M15,199.57600000,199.46500000,0.4775,preferred_382_618,0.000,true,199.51800000,199.56100000,0.04300000,199.46200000,1.302,0.06792857,38.00,30-60,true,false,none,blocked_spread_too_high,4.650,4.650,none,0.0000,false,opposite_break_first,true,opposite_break_first,spread_too_high
2025.08.13 10:45:00,signal,session_reversal_pullback_one_symbol_first120,AUDJPY,SHORT,2025.08.13 10:40:00,10,7,16,london,2025.08.13 07:00,40,first_120min,true,true,3,AUDJPY,highest_score_in_session_bar,london=USDJPY|EURJPY|GBPJPY|AUDJPY|EURUSD|GBPUSD,existing_first120_gate,london,false,false,true,passed_first_window,head_and_shoulders,neckline_break_retest,96.62200000,PERIOD_M5,PERIOD_H1,PERIOD_M15,PERIOD_M5,PERIOD_M5,false,htf_soft_alignment,current_post_filter,transcript_post_filter,dow_range_or_transition,no_ordered_dow_wave3_break,dow_range_or_transition,no_ordered_dow_wave3_break,false,true,true,SHORT,PERIOD_M5,head_and_shoulders,head_and_shoulders,4.500,none,0.000,head_and_shoulders,4.500,none,0.000,SHORT,false,PERIOD_H1_NONE_dow_range_or_transition|PERIOD_M15_NONE_no_ordered_dow_wave3_break,true,h1_counter_m15_reversal,true,top_NONE_dow_range_or_transition|structure_NONE_no_ordered_dow_wave3_break|structure_break_recent_confirmed_swing_break_failed|primary_break_recent_confirmed_swing_break_retest,none,above_75sma_rising,above_75sma_rising,below_75sma_flat_or_rising,-1,0.00000000,0,96.62500000,false,off,NONE,NONE,0.00000000,0.00000000,0.0000,none,0.000,true,SHORT,return_low_break_or_bos_down,96.59000000,6,96.73600000,96.40200000,false,off,independent,false,,,false,0.0000,none,0.0000,0.0000,none,0.0000,0.0000,0.0000,none,0.0000,0,0,0.0000,none,none,none,none,0.0000,0,0.0000,none,false,true,not_evaluated,true,required_light_or_anchor_flip,short_bias,96.59000000,2025.08.13 07:00:00,96.71900000,2025.08.13 07:30:00,2025.08.13 09:15:00,false,NONE,0.00000000,0.00000000,0.0000,-1,false,,-1,NONE,0.00000000,0.00000000,0.0000,0.0000,none,,none,false,NONE,-1,-1,-1,false,false,none,true,false,false,true,none,true,required,false,PERIOD_M5,,,-1,0.0000,false,0.00000000,0.0000,false,0.0000,false,none,none,false,no_anchor_flip_in_entry_direction,true,required_first_signal_only,SHORT,unknown,0.00000000,,0.00000000,,false,,-1,false,NONE,0.00000000,,0.00000000,0.0000,0.0000,none,-1,false,false,false,no_anchor_flip_in_entry_direction,,,,false,false,false,-1,-1,-1,-1,-1,false,false,false,0.0000,range_n,true,96.71900000,96.38100000,5.2345,false,0.0000,0.0000,0,none,true,0.6677,deep_618_786,0.120,diagnostic_only,diagnostic_only,diagnostic_only,shallow_pullback,24,0.320,true,none,0.470,high_quality,false,false,diagnostic_only,both,true,none,true,diagnostic_adjacent_detected,required_light,false,false,LONG,4,false,false,1,2025.08.13 08:40:00,2025.08.13 10:10:00,6,4.2532,0.00000000,96.54400000,96.54400000,false,false,none,0.00000000,false,0.0000,0.0000,false,1,0.0000,false,-1,0.00000000,0.0000,off,false,not_evaluated,none,0.0000,0.0000,none,false,false,false,0.0000,none,false,none,0.0000,false,none,4.2532,1.3956,3.0476,2.1487,false,no_shrink,0.0000,none,none,false,false,none,0.0000,0.0000,0.0000,0.0000,none,false,false,0.0000,0.0000,false,false,-1,none,none,false,0.000,0.000,96.63276923,96.62200000,96.61700000,wick_cluster_zone,0.00800000,0.0672,neckline_level,96.62200000,0.0665,false,true,true,false,not_blocked,10,7,3,m5_failure_exit,off,none,0.00000000,0.0000,1.30,96.47000000,4.500,-0.300,0.200,PERIOD_M15,96.71900000,96.54400000,0.4629,preferred_382_618,0.000,true,96.62500000,96.74400000,0.11900000,96.47000000,1.303,0.04514286,28.00,30-60,true,false,none,not_consumed,4.800,4.800,none,0.0000,false,opposite_break_first,true,opposite_break_first,spread_too_high
2025.08.13 10:45:00,blocked,session_reversal_pullback_one_symbol_first120,AUDJPY,SHORT,2025.08.13 10:40:00,10,7,16,london,2025.08.13 07:00,40,first_120min,true,true,3,AUDJPY,highest_score_in_session_bar,london=USDJPY|EURJPY|GBPJPY|AUDJPY|EURUSD|GBPUSD,existing_first120_gate,london,false,false,true,passed_first_window,head_and_shoulders,neckline_break_retest,96.62200000,PERIOD_M5,PERIOD_H1,PERIOD_M15,PERIOD_M5,PERIOD_M5,false,htf_soft_alignment,current_post_filter,transcript_post_filter,dow_range_or_transition,no_ordered_dow_wave3_break,dow_range_or_transition,no_ordered_dow_wave3_break,false,true,true,SHORT,PERIOD_M5,head_and_shoulders,head_and_shoulders,4.500,none,0.000,head_and_shoulders,4.500,none,0.000,SHORT,false,PERIOD_H1_NONE_dow_range_or_transition|PERIOD_M15_NONE_no_ordered_dow_wave3_break,true,h1_counter_m15_reversal,true,top_NONE_dow_range_or_transition|structure_NONE_no_ordered_dow_wave3_break|structure_break_recent_confirmed_swing_break_failed|primary_break_recent_confirmed_swing_break_retest,none,above_75sma_rising,above_75sma_rising,below_75sma_flat_or_rising,-1,0.00000000,0,96.62500000,false,off,NONE,NONE,0.00000000,0.00000000,0.0000,none,0.000,true,SHORT,return_low_break_or_bos_down,96.59000000,6,96.73600000,96.40200000,false,off,independent,false,,,false,0.0000,none,0.0000,0.0000,none,0.0000,0.0000,0.0000,none,0.0000,0,0,0.0000,none,none,none,none,0.0000,0,0.0000,none,false,true,not_evaluated,true,required_light_or_anchor_flip,short_bias,96.59000000,2025.08.13 07:00:00,96.71900000,2025.08.13 07:30:00,2025.08.13 09:15:00,false,NONE,0.00000000,0.00000000,0.0000,-1,false,,-1,NONE,0.00000000,0.00000000,0.0000,0.0000,none,,none,false,NONE,-1,-1,-1,false,false,none,true,false,false,true,none,true,required,false,PERIOD_M5,,,-1,0.0000,false,0.00000000,0.0000,false,0.0000,false,none,none,false,no_anchor_flip_in_entry_direction,true,required_first_signal_only,SHORT,unknown,0.00000000,,0.00000000,,false,,-1,false,NONE,0.00000000,,0.00000000,0.0000,0.0000,none,-1,false,false,false,no_anchor_flip_in_entry_direction,,,,false,false,false,-1,-1,-1,-1,-1,false,false,false,0.0000,range_n,true,96.71900000,96.38100000,5.2345,false,0.0000,0.0000,0,none,true,0.6677,deep_618_786,0.120,diagnostic_only,diagnostic_only,diagnostic_only,shallow_pullback,24,0.320,true,none,0.470,high_quality,false,false,diagnostic_only,both,true,none,true,diagnostic_adjacent_detected,required_light,false,false,LONG,4,false,false,1,2025.08.13 08:40:00,2025.08.13 10:10:00,6,4.2532,0.00000000,96.54400000,96.54400000,false,false,none,0.00000000,false,0.0000,0.0000,false,1,0.0000,false,-1,0.00000000,0.0000,off,false,not_evaluated,none,0.0000,0.0000,none,false,false,false,0.0000,none,false,none,0.0000,false,none,4.2532,1.3956,3.0476,2.1487,false,no_shrink,0.0000,none,none,false,false,none,0.0000,0.0000,0.0000,0.0000,none,false,false,0.0000,0.0000,false,false,-1,none,none,false,0.000,0.000,96.63276923,96.62200000,96.61700000,wick_cluster_zone,0.00800000,0.0672,neckline_level,96.62200000,0.0665,false,true,true,false,not_blocked,10,7,3,m5_failure_exit,off,none,0.00000000,0.0000,1.30,96.47000000,4.500,-0.300,0.200,PERIOD_M15,96.71900000,96.54400000,0.4629,preferred_382_618,0.000,true,96.62500000,96.74400000,0.11900000,96.47000000,1.303,0.04514286,28.00,30-60,true,false,none,blocked_spread_too_high,4.800,4.800,none,0.0000,false,opposite_break_first,true,opposite_break_first,spread_too_high
2025.08.13 16:05:00,signal,session_reversal_pullback_one_symbol_first120,GBPJPY,SHORT,2025.08.13 16:00:00,16,13,22,london_newyork_overlap,2025.08.13 13:00,0,first_120min,true,true,3,GBPJPY,highest_score_in_session_bar,london_newyork_overlap=USDJPY|EURJPY|GBPJPY|AUDJPY|EURUSD|GBPUSD,existing_first120_gate,london_newyork_overlap,false,false,true,passed_first_window,double_top,neckline_break_retest,199.91900000,PERIOD_M5,PERIOD_H1,PERIOD_M15,PERIOD_M5,PERIOD_M5,false,htf_soft_alignment,current_post_filter,transcript_post_filter,dow_range_or_transition,no_ordered_dow_wave3_break,dow_range_or_transition,no_ordered_dow_wave3_break,false,false,true,SHORT,PERIOD_M5,double_top,double_top,4.200,none,0.000,double_top,4.200,none,0.000,SHORT,false,PERIOD_H1_NONE_dow_range_or_transition|PERIOD_M15_NONE_no_ordered_dow_wave3_break,true,h1_counter_m15_reversal,true,top_NONE_dow_range_or_transition|structure_NONE_no_ordered_dow_wave3_break|structure_break_recent_confirmed_swing_break_failed|primary_break_recent_confirmed_swing_break_retest,none,above_75sma_rising,above_75sma_rising,below_75sma_flat_or_rising,-1,0.00000000,0,199.84400000,false,off,NONE,NONE,0.00000000,0.00000000,0.0000,none,0.000,true,SHORT,return_low_break_or_bos_down,199.64800000,16,200.26800000,199.53500000,false,off,independent,false,,,false,0.0000,none,0.0000,0.0000,none,0.0000,0.0000,0.0000,none,0.0000,0,0,0.0000,none,none,none,none,0.0000,0,0.0000,none,false,true,not_evaluated,true,required_light_or_anchor_flip,long_bias,199.53500000,2025.08.13 11:45:00,199.88300000,2025.08.13 11:15:00,2025.08.13 14:30:00,false,NONE,0.00000000,0.00000000,0.0000,-1,false,,-1,NONE,0.00000000,0.00000000,0.0000,0.0000,none,,none,false,NONE,-1,-1,-1,false,false,none,false,true,false,true,none,true,required,false,PERIOD_M5,,,-1,0.0000,false,0.00000000,0.0000,false,0.0000,false,none,none,false,no_anchor_flip_in_entry_direction,true,required_first_signal_only,SHORT,unknown,0.00000000,,0.00000000,,false,,-1,false,NONE,0.00000000,,0.00000000,0.0000,0.0000,none,-1,false,false,false,no_anchor_flip_in_entry_direction,,,,false,false,false,-1,-1,-1,-1,-1,false,false,false,0.0000,rising_n,false,200.26800000,199.53500000,5.6416,false,0.0000,0.0000,0,none,true,0.3888,preferred_382_618,0.200,diagnostic_only,diagnostic_only,diagnostic_only,fib_pullback,5,0.440,true,none,0.590,high_quality,false,false,diagnostic_only,both,true,none,true,diagnostic_adjacent_detected,required_light,false,false,LONG,4,false,false,1,2025.08.13 13:05:00,2025.08.13 15:05:00,11,5.8812,0.00000000,199.76600000,199.76600000,false,false,none,0.00000000,false,0.0000,0.0000,false,1,0.0000,false,-1,0.00000000,0.0000,off,false,not_evaluated,none,0.0000,0.0000,none,false,false,false,0.0000,none,false,none,0.0000,false,none,5.8812,0.9607,6.1220,4.0067,false,no_shrink,0.0000,none,none,false,false,none,0.0000,0.0000,0.0000,0.0000,none,false,false,0.0000,0.0000,false,false,-1,none,none,false,0.000,0.000,199.85400000,199.80200000,199.79700000,failed_breakout_level,0.02300000,0.1055,session_low|opening_range_low|neckline_level,199.80200000,0.2109,false,true,false,false,not_blocked,2,2,0,m5_failure_exit,off,none,0.00000000,0.0000,1.30,199.53600000,4.200,-0.300,0.200,PERIOD_M15,200.26800000,199.53500000,0.3888,preferred_382_618,0.000,true,199.82000000,200.03800000,0.21800000,199.53600000,1.303,0.08535714,41.00,0-30,true,false,none,not_consumed,4.500,4.500,none,0.0000,false,neckline_retest_failed,false,not_invalidated,spread_too_high
2025.08.13 16:05:00,blocked,session_reversal_pullback_one_symbol_first120,GBPJPY,SHORT,2025.08.13 16:00:00,16,13,22,london_newyork_overlap,2025.08.13 13:00,0,first_120min,true,true,3,GBPJPY,highest_score_in_session_bar,london_newyork_overlap=USDJPY|EURJPY|GBPJPY|AUDJPY|EURUSD|GBPUSD,existing_first120_gate,london_newyork_overlap,false,false,true,passed_first_window,double_top,neckline_break_retest,199.91900000,PERIOD_M5,PERIOD_H1,PERIOD_M15,PERIOD_M5,PERIOD_M5,false,htf_soft_alignment,current_post_filter,transcript_post_filter,dow_range_or_transition,no_ordered_dow_wave3_break,dow_range_or_transition,no_ordered_dow_wave3_break,false,false,true,SHORT,PERIOD_M5,double_top,double_top,4.200,none,0.000,double_top,4.200,none,0.000,SHORT,false,PERIOD_H1_NONE_dow_range_or_transition|PERIOD_M15_NONE_no_ordered_dow_wave3_break,true,h1_counter_m15_reversal,true,top_NONE_dow_range_or_transition|structure_NONE_no_ordered_dow_wave3_break|structure_break_recent_confirmed_swing_break_failed|primary_break_recent_confirmed_swing_break_retest,none,above_75sma_rising,above_75sma_rising,below_75sma_flat_or_rising,-1,0.00000000,0,199.84400000,false,off,NONE,NONE,0.00000000,0.00000000,0.0000,none,0.000,true,SHORT,return_low_break_or_bos_down,199.64800000,16,200.26800000,199.53500000,false,off,independent,false,,,false,0.0000,none,0.0000,0.0000,none,0.0000,0.0000,0.0000,none,0.0000,0,0,0.0000,none,none,none,none,0.0000,0,0.0000,none,false,true,not_evaluated,true,required_light_or_anchor_flip,long_bias,199.53500000,2025.08.13 11:45:00,199.88300000,2025.08.13 11:15:00,2025.08.13 14:30:00,false,NONE,0.00000000,0.00000000,0.0000,-1,false,,-1,NONE,0.00000000,0.00000000,0.0000,0.0000,none,,none,false,NONE,-1,-1,-1,false,false,none,false,true,false,true,none,true,required,false,PERIOD_M5,,,-1,0.0000,false,0.00000000,0.0000,false,0.0000,false,none,none,false,no_anchor_flip_in_entry_direction,true,required_first_signal_only,SHORT,unknown,0.00000000,,0.00000000,,false,,-1,false,NONE,0.00000000,,0.00000000,0.0000,0.0000,none,-1,false,false,false,no_anchor_flip_in_entry_direction,,,,false,false,false,-1,-1,-1,-1,-1,false,false,false,0.0000,rising_n,false,200.26800000,199.53500000,5.6416,false,0.0000,0.0000,0,none,true,0.3888,preferred_382_618,0.200,diagnostic_only,diagnostic_only,diagnostic_only,fib_pullback,5,0.440,true,none,0.590,high_quality,false,false,diagnostic_only,both,true,none,true,diagnostic_adjacent_detected,required_light,false,false,LONG,4,false,false,1,2025.08.13 13:05:00,2025.08.13 15:05:00,11,5.8812,0.00000000,199.76600000,199.76600000,false,false,none,0.00000000,false,0.0000,0.0000,false,1,0.0000,false,-1,0.00000000,0.0000,off,false,not_evaluated,none,0.0000,0.0000,none,false,false,false,0.0000,none,false,none,0.0000,false,none,5.8812,0.9607,6.1220,4.0067,false,no_shrink,0.0000,none,none,false,false,none,0.0000,0.0000,0.0000,0.0000,none,false,false,0.0000,0.0000,false,false,-1,none,none,false,0.000,0.000,199.85400000,199.80200000,199.79700000,failed_breakout_level,0.02300000,0.1055,session_low|opening_range_low|neckline_level,199.80200000,0.2109,false,true,false,false,not_blocked,2,2,0,m5_failure_exit,off,none,0.00000000,0.0000,1.30,199.53600000,4.200,-0.300,0.200,PERIOD_M15,200.26800000,199.53500000,0.3888,preferred_382_618,0.000,true,199.82000000,200.03800000,0.21800000,199.53600000,1.303,0.08535714,41.00,0-30,true,false,none,blocked_spread_too_high,4.500,4.500,none,0.0000,false,neckline_retest_failed,false,not_invalidated,spread_too_high
2025.08.13 19:25:00,signal,session_reversal_pullback_one_symbol_first120,GBPUSD,LONG,2025.08.13 19:20:00,19,16,1,new_york,2025.08.13 16:00,20,first_120min,true,true,3,GBPUSD,highest_score_in_session_bar,new_york=USDJPY|EURJPY|GBPJPY|AUDJPY|EURUSD|GBPUSD,existing_first120_gate,new_york,false,false,true,passed_first_window,double_bottom,neckline_break_retest,1.35676000,PERIOD_M5,PERIOD_H1,PERIOD_M15,PERIOD_M5,PERIOD_M5,false,htf_soft_alignment,current_post_filter,transcript_post_filter,dow_range_or_transition,no_ordered_dow_wave3_break,dow_range_or_transition,no_ordered_dow_wave3_break,false,true,false,LONG,PERIOD_M5,double_bottom,double_bottom,4.200,none,0.000,double_bottom,4.200,none,0.000,LONG,false,PERIOD_H1_NONE_dow_range_or_transition|PERIOD_M15_NONE_no_ordered_dow_wave3_break,true,h1_counter_m15_reversal,true,top_NONE_dow_range_or_transition|structure_NONE_no_ordered_dow_wave3_break|structure_break_recent_confirmed_swing_break_retest|primary_break_recent_confirmed_swing_break_failed,none,above_75sma_rising,above_75sma_rising,above_75sma_rising,7,1.35787000,-1,0.00000000,false,off,NONE,NONE,0.00000000,0.00000000,0.0000,none,0.000,true,LONG,return_high_break_or_bos_up,1.35787000,7,1.35840000,1.35530000,false,off,independent,false,,,false,0.0000,none,0.0000,0.0000,none,0.0000,0.0000,0.0000,none,0.0000,0,0,0.0000,none,none,none,none,0.0000,0,0.0000,none,false,true,not_evaluated,true,required_light_or_anchor_flip,long_bias,1.35530000,2025.08.13 16:00:00,1.35787000,2025.08.13 15:00:00,2025.08.13 17:30:00,false,NONE,0.00000000,0.00000000,0.0000,-1,false,,-1,NONE,0.00000000,0.00000000,0.0000,0.0000,none,,none,false,NONE,-1,-1,-1,false,false,none,true,false,false,true,none,true,required,false,PERIOD_M5,,,-1,0.0000,false,0.00000000,0.0000,false,0.0000,false,none,none,false,no_anchor_flip_in_entry_direction,true,required_first_signal_only,LONG,unknown,0.00000000,,0.00000000,,false,,-1,false,NONE,0.00000000,,0.00000000,0.0000,0.0000,none,-1,false,false,false,no_anchor_flip_in_entry_direction,,,,false,false,false,-1,-1,-1,-1,-1,false,false,false,0.0000,rising_n,false,1.35840000,1.35530000,3.6017,false,0.0000,0.0000,0,none,true,0.3613,shallow_236_382,0.080,diagnostic_only,diagnostic_only,diagnostic_only,fib_pullback,24,0.280,true,none,0.430,high_quality,false,false,diagnostic_only,both,true,none,true,diagnostic_adjacent_detected,required_light,false,false,SHORT,6,false,false,1,2025.08.13 17:40:00,2025.08.13 18:55:00,5,5.1392,1.35746000,0.00000000,1.35746000,true,true,m5_lh_close_break_up,1.35746000,true,0.2658,0.2215,true,1,0.8861,false,3,1.35746000,0.1108,off,false,not_evaluated,none,0.3500,0.0700,normal,false,false,true,0.8861,failed_2bars,true,favorable_side,0.1700,false,clean_retest,1.8386,5.1392,0.3578,0.0000,true,strong_exhaustion,0.0000,none,none,false,false,none,0.0000,0.0000,0.0000,0.0000,none,false,false,0.0000,0.0000,false,false,-1,none,none,false,0.000,0.000,1.35741000,1.35716300,1.35741000,wick_cluster_zone,0.00013000,0.1121,neckline_level,1.35676000,1.1519,false,true,true,false,not_blocked,10,5,5,m5_failure_exit,off,none,0.00000000,0.0000,1.30,1.35879000,4.200,-0.300,0.200,PERIOD_M15,1.35840000,1.35530000,0.3613,outside,0.000,true,1.35728000,1.35612000,0.00116000,1.35879000,1.302,0.00045143,20.00,0-30,true,false,none,not_consumed,4.650,4.650,none,0.0000,false,neckline_retest_failed,false,not_invalidated,spread_too_high
2025.08.13 19:25:00,blocked,session_reversal_pullback_one_symbol_first120,GBPUSD,LONG,2025.08.13 19:20:00,19,16,1,new_york,2025.08.13 16:00,20,first_120min,true,true,3,GBPUSD,highest_score_in_session_bar,new_york=USDJPY|EURJPY|GBPJPY|AUDJPY|EURUSD|GBPUSD,existing_first120_gate,new_york,false,false,true,passed_first_window,double_bottom,neckline_break_retest,1.35676000,PERIOD_M5,PERIOD_H1,PERIOD_M15,PERIOD_M5,PERIOD_M5,false,htf_soft_alignment,current_post_filter,transcript_post_filter,dow_range_or_transition,no_ordered_dow_wave3_break,dow_range_or_transition,no_ordered_dow_wave3_break,false,true,false,LONG,PERIOD_M5,double_bottom,double_bottom,4.200,none,0.000,double_bottom,4.200,none,0.000,LONG,false,PERIOD_H1_NONE_dow_range_or_transition|PERIOD_M15_NONE_no_ordered_dow_wave3_break,true,h1_counter_m15_reversal,true,top_NONE_dow_range_or_transition|structure_NONE_no_ordered_dow_wave3_break|structure_break_recent_confirmed_swing_break_retest|primary_break_recent_confirmed_swing_break_failed,none,above_75sma_rising,above_75sma_rising,above_75sma_rising,7,1.35787000,-1,0.00000000,false,off,NONE,NONE,0.00000000,0.00000000,0.0000,none,0.000,true,LONG,return_high_break_or_bos_up,1.35787000,7,1.35840000,1.35530000,false,off,independent,false,,,false,0.0000,none,0.0000,0.0000,none,0.0000,0.0000,0.0000,none,0.0000,0,0,0.0000,none,none,none,none,0.0000,0,0.0000,none,false,true,not_evaluated,true,required_light_or_anchor_flip,long_bias,1.35530000,2025.08.13 16:00:00,1.35787000,2025.08.13 15:00:00,2025.08.13 17:30:00,false,NONE,0.00000000,0.00000000,0.0000,-1,false,,-1,NONE,0.00000000,0.00000000,0.0000,0.0000,none,,none,false,NONE,-1,-1,-1,false,false,none,true,false,false,true,none,true,required,false,PERIOD_M5,,,-1,0.0000,false,0.00000000,0.0000,false,0.0000,false,none,none,false,no_anchor_flip_in_entry_direction,true,required_first_signal_only,LONG,unknown,0.00000000,,0.00000000,,false,,-1,false,NONE,0.00000000,,0.00000000,0.0000,0.0000,none,-1,false,false,false,no_anchor_flip_in_entry_direction,,,,false,false,false,-1,-1,-1,-1,-1,false,false,false,0.0000,rising_n,false,1.35840000,1.35530000,3.6017,false,0.0000,0.0000,0,none,true,0.3613,shallow_236_382,0.080,diagnostic_only,diagnostic_only,diagnostic_only,fib_pullback,24,0.280,true,none,0.430,high_quality,false,false,diagnostic_only,both,true,none,true,diagnostic_adjacent_detected,required_light,false,false,SHORT,6,false,false,1,2025.08.13 17:40:00,2025.08.13 18:55:00,5,5.1392,1.35746000,0.00000000,1.35746000,true,true,m5_lh_close_break_up,1.35746000,true,0.2658,0.2215,true,1,0.8861,false,3,1.35746000,0.1108,off,false,not_evaluated,none,0.3500,0.0700,normal,false,false,true,0.8861,failed_2bars,true,favorable_side,0.1700,false,clean_retest,1.8386,5.1392,0.3578,0.0000,true,strong_exhaustion,0.0000,none,none,false,false,none,0.0000,0.0000,0.0000,0.0000,none,false,false,0.0000,0.0000,false,false,-1,none,none,false,0.000,0.000,1.35741000,1.35716300,1.35741000,wick_cluster_zone,0.00013000,0.1121,neckline_level,1.35676000,1.1519,false,true,true,false,not_blocked,10,5,5,m5_failure_exit,off,none,0.00000000,0.0000,1.30,1.35879000,4.200,-0.300,0.200,PERIOD_M15,1.35840000,1.35530000,0.3613,outside,0.000,true,1.35728000,1.35612000,0.00116000,1.35879000,1.302,0.00045143,20.00,0-30,true,false,none,blocked_spread_too_high,4.650,4.650,none,0.0000,false,neckline_retest_failed,false,not_invalidated,spread_too_high
2025.08.15 16:05:00,signal,session_reversal_pullback_one_symbol_first120,AUDJPY,SHORT,2025.08.15 16:00:00,16,13,22,london_newyork_overlap,2025.08.15 13:00,0,first_120min,true,true,3,AUDJPY,highest_score_in_session_bar,london_newyork_overlap=USDJPY|EURJPY|GBPJPY|AUDJPY|EURUSD|GBPUSD,existing_first120_gate,london_newyork_overlap,false,false,true,passed_first_window,double_top,neckline_break_retest,95.70800000,PERIOD_M5,PERIOD_H1,PERIOD_M15,PERIOD_M5,PERIOD_M5,false,htf_soft_alignment,current_post_filter,transcript_post_filter,dow_range_or_transition,structure_trend_bias_dow_trend_down_ll_lh,dow_range_or_transition,structure_trend_bias_dow_trend_down_ll_lh,false,false,true,SHORT,PERIOD_M5,double_top,double_top,4.200,none,0.000,double_top,4.200,none,0.000,SHORT,false,PERIOD_H1_NONE_dow_range_or_transition|PERIOD_M15_SHORT_structure_trend_bias_dow_trend_down_ll_lh,true,h1_counter_m15_reversal,true,top_NONE_dow_range_or_transition|structure_SHORT_structure_trend_bias_dow_trend_down_ll_lh|structure_break_recent_confirmed_swing_break_failed|primary_break_recent_confirmed_swing_break_retest,none,below_75sma_falling,below_75sma_falling,above_75sma_rising,-1,0.00000000,4,95.69700000,false,off,NONE,NONE,0.00000000,0.00000000,0.0000,none,0.000,true,SHORT,return_low_break_or_bos_down,95.58800000,10,95.75300000,95.51000000,false,off,independent,false,,,false,0.0000,none,0.0000,0.0000,none,0.0000,0.0000,0.0000,none,0.0000,0,0,0.0000,none,none,none,none,0.0000,0,0.0000,none,false,true,not_evaluated,true,required_light_or_anchor_flip,short_bias,95.58800000,2025.08.15 08:00:00,95.83500000,2025.08.15 10:30:00,2025.08.15 12:30:00,false,NONE,0.00000000,0.00000000,0.0000,-1,false,,-1,NONE,0.00000000,0.00000000,0.0000,0.0000,none,,none,false,NONE,-1,-1,-1,false,false,none,true,false,false,true,none,true,required,false,PERIOD_M5,,,-1,0.0000,false,0.00000000,0.0000,false,0.0000,false,none,none,false,no_anchor_flip_in_entry_direction,true,required_first_signal_only,SHORT,unknown,0.00000000,,0.00000000,,false,,-1,false,NONE,0.00000000,,0.00000000,0.0000,0.0000,none,-1,false,false,false,no_anchor_flip_in_entry_direction,,,,false,false,false,-1,-1,-1,-1,-1,false,false,false,0.0000,falling_n,false,95.83500000,95.51000000,5.0612,false,0.0000,0.0000,0,none,true,0.6000,preferred_382_618,0.200,diagnostic_only,diagnostic_only,diagnostic_only,deep_pullback,5,0.440,true,none,0.590,high_quality,false,false,diagnostic_only,both,true,none,true,diagnostic_adjacent_detected,required_light,false,false,LONG,4,false,false,2,2025.08.15 13:15:00,2025.08.15 15:40:00,4,4.7818,0.00000000,95.64300000,95.64300000,false,false,none,0.00000000,false,0.0000,0.0000,false,1,0.0000,false,-1,0.00000000,0.0000,off,false,not_evaluated,none,0.0000,0.0000,none,false,false,false,0.0000,none,false,none,0.0000,false,none,2.9455,0.9818,3.0000,3.8000,false,no_shrink,0.0000,none,none,false,false,none,0.0000,0.0000,0.0000,0.0000,none,false,false,0.0000,0.0000,false,false,-1,none,none,false,0.000,0.000,95.70600000,95.70180952,95.70180952,recent_equal_lows,0.00319048,0.1029,neckline_level,95.70800000,0.0545,false,false,true,false,not_blocked,1,0,1,m5_failure_exit,off,none,0.00000000,0.0000,1.30,95.66500000,4.200,-0.300,0.200,PERIOD_M15,95.75300000,95.51000000,0.8025,outside,0.000,true,95.70500000,95.73600000,0.03100000,95.66500000,1.290,0.05500000,28.00,0-30,true,false,none,not_consumed,4.500,4.500,none,0.0000,false,neckline_retest_failed,false,not_invalidated,spread_too_high
2025.08.15 16:05:00,blocked,session_reversal_pullback_one_symbol_first120,AUDJPY,SHORT,2025.08.15 16:00:00,16,13,22,london_newyork_overlap,2025.08.15 13:00,0,first_120min,true,true,3,AUDJPY,highest_score_in_session_bar,london_newyork_overlap=USDJPY|EURJPY|GBPJPY|AUDJPY|EURUSD|GBPUSD,existing_first120_gate,london_newyork_overlap,false,false,true,passed_first_window,double_top,neckline_break_retest,95.70800000,PERIOD_M5,PERIOD_H1,PERIOD_M15,PERIOD_M5,PERIOD_M5,false,htf_soft_alignment,current_post_filter,transcript_post_filter,dow_range_or_transition,structure_trend_bias_dow_trend_down_ll_lh,dow_range_or_transition,structure_trend_bias_dow_trend_down_ll_lh,false,false,true,SHORT,PERIOD_M5,double_top,double_top,4.200,none,0.000,double_top,4.200,none,0.000,SHORT,false,PERIOD_H1_NONE_dow_range_or_transition|PERIOD_M15_SHORT_structure_trend_bias_dow_trend_down_ll_lh,true,h1_counter_m15_reversal,true,top_NONE_dow_range_or_transition|structure_SHORT_structure_trend_bias_dow_trend_down_ll_lh|structure_break_recent_confirmed_swing_break_failed|primary_break_recent_confirmed_swing_break_retest,none,below_75sma_falling,below_75sma_falling,above_75sma_rising,-1,0.00000000,4,95.69700000,false,off,NONE,NONE,0.00000000,0.00000000,0.0000,none,0.000,true,SHORT,return_low_break_or_bos_down,95.58800000,10,95.75300000,95.51000000,false,off,independent,false,,,false,0.0000,none,0.0000,0.0000,none,0.0000,0.0000,0.0000,none,0.0000,0,0,0.0000,none,none,none,none,0.0000,0,0.0000,none,false,true,not_evaluated,true,required_light_or_anchor_flip,short_bias,95.58800000,2025.08.15 08:00:00,95.83500000,2025.08.15 10:30:00,2025.08.15 12:30:00,false,NONE,0.00000000,0.00000000,0.0000,-1,false,,-1,NONE,0.00000000,0.00000000,0.0000,0.0000,none,,none,false,NONE,-1,-1,-1,false,false,none,true,false,false,true,none,true,required,false,PERIOD_M5,,,-1,0.0000,false,0.00000000,0.0000,false,0.0000,false,none,none,false,no_anchor_flip_in_entry_direction,true,required_first_signal_only,SHORT,unknown,0.00000000,,0.00000000,,false,,-1,false,NONE,0.00000000,,0.00000000,0.0000,0.0000,none,-1,false,false,false,no_anchor_flip_in_entry_direction,,,,false,false,false,-1,-1,-1,-1,-1,false,false,false,0.0000,falling_n,false,95.83500000,95.51000000,5.0612,false,0.0000,0.0000,0,none,true,0.6000,preferred_382_618,0.200,diagnostic_only,diagnostic_only,diagnostic_only,deep_pullback,5,0.440,true,none,0.590,high_quality,false,false,diagnostic_only,both,true,none,true,diagnostic_adjacent_detected,required_light,false,false,LONG,4,false,false,2,2025.08.15 13:15:00,2025.08.15 15:40:00,4,4.7818,0.00000000,95.64300000,95.64300000,false,false,none,0.00000000,false,0.0000,0.0000,false,1,0.0000,false,-1,0.00000000,0.0000,off,false,not_evaluated,none,0.0000,0.0000,none,false,false,false,0.0000,none,false,none,0.0000,false,none,2.9455,0.9818,3.0000,3.8000,false,no_shrink,0.0000,none,none,false,false,none,0.0000,0.0000,0.0000,0.0000,none,false,false,0.0000,0.0000,false,false,-1,none,none,false,0.000,0.000,95.70600000,95.70180952,95.70180952,recent_equal_lows,0.00319048,0.1029,neckline_level,95.70800000,0.0545,false,false,true,false,not_blocked,1,0,1,m5_failure_exit,off,none,0.00000000,0.0000,1.30,95.66500000,4.200,-0.300,0.200,PERIOD_M15,95.75300000,95.51000000,0.8025,outside,0.000,true,95.70500000,95.73600000,0.03100000,95.66500000,1.290,0.05500000,28.00,0-30,true,false,none,blocked_spread_too_high,4.500,4.500,none,0.0000,false,neckline_retest_failed,false,not_invalidated,spread_too_high
2025.08.18 11:30:00,signal,session_reversal_pullback_one_symbol_first120,GBPUSD,SHORT,2025.08.18 11:25:00,11,8,17,london,2025.08.18 07:00,85,first_120min,false,true,3,GBPUSD,highest_score_in_session_bar,london=USDJPY|EURJPY|GBPJPY|AUDJPY|EURUSD|GBPUSD,existing_first120_gate,london,true,false,true,passed_first_window,double_top,neckline_break_retest,1.35473000,PERIOD_M5,PERIOD_H1,PERIOD_M15,PERIOD_M5,PERIOD_M5,false,htf_soft_alignment,current_post_filter,transcript_post_filter,dow_range_or_transition,structure_trend_bias_dow_trend_down_ll_lh,dow_range_or_transition,structure_trend_bias_dow_trend_down_ll_lh,false,false,true,SHORT,PERIOD_M5,double_top,double_top,4.200,none,0.000,double_top,4.200,none,0.000,SHORT,false,PERIOD_H1_NONE_dow_range_or_transition|PERIOD_M15_SHORT_structure_trend_bias_dow_trend_down_ll_lh,true,h1_counter_m15_reversal,true,top_NONE_dow_range_or_transition|structure_SHORT_structure_trend_bias_dow_trend_down_ll_lh|structure_break_recent_confirmed_swing_break_failed|primary_break_recent_confirmed_swing_break_failed,none,below_75sma_flat_or_rising,below_75sma_falling,below_75sma_falling,-1,0.00000000,-1,0.00000000,false,off,NONE,NONE,0.00000000,0.00000000,0.0000,none,0.000,true,SHORT,return_low_break_or_bos_down,1.35396000,1,1.35536000,1.35396000,false,off,independent,false,,,false,0.0000,none,0.0000,0.0000,none,0.0000,0.0000,0.0000,none,0.0000,0,0,0.0000,none,none,none,none,0.0000,0,0.0000,none,false,true,not_evaluated,true,required_light_or_anchor_flip,short_bias,1.35479000,2025.08.18 05:30:00,1.35643000,2025.08.18 07:45:00,2025.08.18 09:30:00,false,NONE,0.00000000,0.00000000,0.0000,-1,false,,-1,NONE,0.00000000,0.00000000,0.0000,0.0000,none,,none,false,NONE,-1,-1,-1,false,false,none,true,false,false,true,none,true,required,false,PERIOD_M5,,,-1,0.0000,false,0.00000000,0.0000,false,0.0000,false,none,none,false,no_anchor_flip_in_entry_direction,true,required_first_signal_only,SHORT,unknown,0.00000000,,0.00000000,,false,,-1,false,NONE,0.00000000,,0.00000000,0.0000,0.0000,none,-1,false,false,false,no_anchor_flip_in_entry_direction,,,,false,false,false,-1,-1,-1,-1,-1,false,false,false,0.0000,falling_n,false,1.35643000,1.35396000,3.1351,false,0.0000,0.0000,0,none,true,0.4752,preferred_382_618,0.200,diagnostic_only,diagnostic_only,diagnostic_only,shallow_pullback,4,0.440,true,none,0.590,high_quality,false,false,diagnostic_only,both,true,none,true,diagnostic_adjacent_detected,required_light,false,false,LONG,5,false,false,0,2025.08.18 08:45:00,2025.08.18 11:00:00,5,5.9616,0.00000000,1.35300000,1.35300000,false,false,none,0.00000000,false,0.0000,0.0000,false,1,0.0000,false,-1,0.00000000,0.0000,off,false,not_evaluated,none,0.0000,0.0000,none,false,false,false,0.0000,none,false,none,0.0000,false,none,4.2251,4.2430,0.9958,0.0000,true,strong_exhaustion,0.0000,none,none,false,false,none,0.0000,0.0000,0.0000,0.0000,none,false,false,0.0000,0.0000,false,false,-1,none,none,false,0.000,0.000,1.35473000,1.35424000,1.35424000,opening_range_low,0.00039000,0.6393,neckline_level,1.35473000,0.1790,false,true,true,false,not_blocked,5,4,1,m5_failure_exit,off,none,0.00000000,0.0000,1.30,1.35384000,4.200,-0.300,0.200,PERIOD_M15,1.35536000,1.35396000,0.4786,preferred_382_618,0.000,true,1.35463000,1.35524000,0.00061000,1.35384000,1.295,0.00055857,20.00,60-90,true,false,none,not_consumed,4.300,4.300,none,0.0000,false,opposite_break_first,true,opposite_break_first,spread_too_high
2025.08.18 11:30:00,blocked,session_reversal_pullback_one_symbol_first120,GBPUSD,SHORT,2025.08.18 11:25:00,11,8,17,london,2025.08.18 07:00,85,first_120min,false,true,3,GBPUSD,highest_score_in_session_bar,london=USDJPY|EURJPY|GBPJPY|AUDJPY|EURUSD|GBPUSD,existing_first120_gate,london,true,false,true,passed_first_window,double_top,neckline_break_retest,1.35473000,PERIOD_M5,PERIOD_H1,PERIOD_M15,PERIOD_M5,PERIOD_M5,false,htf_soft_alignment,current_post_filter,transcript_post_filter,dow_range_or_transition,structure_trend_bias_dow_trend_down_ll_lh,dow_range_or_transition,structure_trend_bias_dow_trend_down_ll_lh,false,false,true,SHORT,PERIOD_M5,double_top,double_top,4.200,none,0.000,double_top,4.200,none,0.000,SHORT,false,PERIOD_H1_NONE_dow_range_or_transition|PERIOD_M15_SHORT_structure_trend_bias_dow_trend_down_ll_lh,true,h1_counter_m15_reversal,true,top_NONE_dow_range_or_transition|structure_SHORT_structure_trend_bias_dow_trend_down_ll_lh|structure_break_recent_confirmed_swing_break_failed|primary_break_recent_confirmed_swing_break_failed,none,below_75sma_flat_or_rising,below_75sma_falling,below_75sma_falling,-1,0.00000000,-1,0.00000000,false,off,NONE,NONE,0.00000000,0.00000000,0.0000,none,0.000,true,SHORT,return_low_break_or_bos_down,1.35396000,1,1.35536000,1.35396000,false,off,independent,false,,,false,0.0000,none,0.0000,0.0000,none,0.0000,0.0000,0.0000,none,0.0000,0,0,0.0000,none,none,none,none,0.0000,0,0.0000,none,false,true,not_evaluated,true,required_light_or_anchor_flip,short_bias,1.35479000,2025.08.18 05:30:00,1.35643000,2025.08.18 07:45:00,2025.08.18 09:30:00,false,NONE,0.00000000,0.00000000,0.0000,-1,false,,-1,NONE,0.00000000,0.00000000,0.0000,0.0000,none,,none,false,NONE,-1,-1,-1,false,false,none,true,false,false,true,none,true,required,false,PERIOD_M5,,,-1,0.0000,false,0.00000000,0.0000,false,0.0000,false,none,none,false,no_anchor_flip_in_entry_direction,true,required_first_signal_only,SHORT,unknown,0.00000000,,0.00000000,,false,,-1,false,NONE,0.00000000,,0.00000000,0.0000,0.0000,none,-1,false,false,false,no_anchor_flip_in_entry_direction,,,,false,false,false,-1,-1,-1,-1,-1,false,false,false,0.0000,falling_n,false,1.35643000,1.35396000,3.1351,false,0.0000,0.0000,0,none,true,0.4752,preferred_382_618,0.200,diagnostic_only,diagnostic_only,diagnostic_only,shallow_pullback,4,0.440,true,none,0.590,high_quality,false,false,diagnostic_only,both,true,none,true,diagnostic_adjacent_detected,required_light,false,false,LONG,5,false,false,0,2025.08.18 08:45:00,2025.08.18 11:00:00,5,5.9616,0.00000000,1.35300000,1.35300000,false,false,none,0.00000000,false,0.0000,0.0000,false,1,0.0000,false,-1,0.00000000,0.0000,off,false,not_evaluated,none,0.0000,0.0000,none,false,false,false,0.0000,none,false,none,0.0000,false,none,4.2251,4.2430,0.9958,0.0000,true,strong_exhaustion,0.0000,none,none,false,false,none,0.0000,0.0000,0.0000,0.0000,none,false,false,0.0000,0.0000,false,false,-1,none,none,false,0.000,0.000,1.35473000,1.35424000,1.35424000,opening_range_low,0.00039000,0.6393,neckline_level,1.35473000,0.1790,false,true,true,false,not_blocked,5,4,1,m5_failure_exit,off,none,0.00000000,0.0000,1.30,1.35384000,4.200,-0.300,0.200,PERIOD_M15,1.35536000,1.35396000,0.4786,preferred_382_618,0.000,true,1.35463000,1.35524000,0.00061000,1.35384000,1.295,0.00055857,20.00,60-90,true,false,none,blocked_spread_too_high,4.300,4.300,none,0.0000,false,opposite_break_first,true,opposite_break_first,spread_too_high
2025.08.19 03:25:00,signal,session_reversal_pullback_one_symbol_first120,AUDJPY,SHORT,2025.08.19 03:20:00,3,0,9,tokyo,2025.08.19 00:00,20,first_120min,true,true,3,AUDJPY,highest_score_in_session_bar,tokyo=USDJPY|EURJPY|GBPJPY|AUDJPY,existing_first120_gate,tokyo,false,false,true,passed_first_window,head_and_shoulders,neckline_break_retest,96.00000000,PERIOD_M5,PERIOD_H1,PERIOD_M15,PERIOD_M5,PERIOD_M5,false,htf_soft_alignment,current_post_filter,transcript_post_filter,dow_trend_up_hh_hl,structure_trend_bias_dow_trend_down_ll_lh,dow_trend_up_hh_hl,structure_trend_bias_dow_trend_down_ll_lh,false,false,true,SHORT,PERIOD_M5,head_and_shoulders,head_and_shoulders,4.500,none,0.000,head_and_shoulders,4.500,none,0.000,SHORT,false,PERIOD_H1_LONG_dow_trend_up_hh_hl|PERIOD_M15_SHORT_structure_trend_bias_dow_trend_down_ll_lh,true,h1_counter_m15_reversal,true,top_LONG_dow_trend_up_hh_hl|structure_SHORT_structure_trend_bias_dow_trend_down_ll_lh|structure_break_recent_confirmed_swing_break_failed|primary_break_recent_confirmed_swing_break_continuation,none,above_75sma_flat_or_falling,above_75sma_flat_or_falling,below_75sma_flat_or_rising,-1,0.00000000,0,96.00500000,false,off,NONE,NONE,0.00000000,0.00000000,0.0000,none,0.000,true,SHORT,return_low_break_or_bos_down,95.94700000,9,96.04400000,95.83500000,false,off,independent,false,,,false,0.0000,none,0.0000,0.0000,none,0.0000,0.0000,0.0000,none,0.0000,0,0,0.0000,none,none,none,none,0.0000,0,0.0000,none,false,true,not_evaluated,true,required_light_or_anchor_flip,bias_flip_up,95.87600000,2025.08.18 21:00:00,96.04400000,2025.08.18 23:15:00,2025.08.19 00:15:00,true,LONG,96.04400000,96.05200000,0.1311,2,true,2025.08.19 02:30:00,2,LONG,96.04400000,96.05200000,0.1311,0.4262,normal,2025.08.19 02:45:00,first_after_anchor,true,LONG,2,1,2,true,false,fresh_0_4,false,true,false,true,none,true,required,false,PERIOD_M5,,,-1,0.0000,false,0.00000000,0.0000,false,0.0000,false,none,none,false,no_anchor_flip_in_entry_direction,true,required_first_signal_only,SHORT,unknown,0.00000000,,0.00000000,,false,,-1,false,NONE,0.00000000,,0.00000000,0.0000,0.0000,none,-1,false,false,false,no_anchor_flip_in_entry_direction,,,,false,false,false,-1,-1,-1,-1,-1,false,false,false,0.0000,falling_n,false,96.04400000,95.83500000,3.4262,true,0.4262,0.5185,1,normal,true,0.5292,preferred_382_618,0.200,diagnostic_only,diagnostic_only,diagnostic_only,shallow_pullback,8,0.440,true,none,0.590,high_quality,false,false,diagnostic_only,both,true,none,true,diagnostic_adjacent_detected,required_light,false,false,LONG,6,false,false,2,2025.08.19 01:25:00,2025.08.19 02:45:00,7,3.2817,0.00000000,96.00500000,96.00500000,true,true,m5_hl_close_break_down,96.00500000,true,0.5118,0.7226,true,1,0.0000,false,1,96.00500000,0.3914,off,false,not_evaluated,none,1.0000,0.0000,very_strong,true,false,false,0.0000,held_clean,false,none,0.0000,false,no_retest,2.6194,1.9570,1.3385,1.3247,false,no_shrink,0.0000,none,none,false,false,none,0.0000,0.0000,0.0000,0.0000,none,false,false,0.0000,0.0000,false,false,-1,none,none,false,0.000,0.000,96.00000000,95.95600000,95.95600000,session_low,0.01500000,0.1899,neckline_level,96.00000000,0.8731,false,true,false,false,not_blocked,2,2,0,m5_failure_exit,off,none,0.00000000,0.0000,1.30,95.86800000,4.500,-0.300,0.200,PERIOD_M15,96.04400000,95.83500000,0.6507,deep_618_786,0.000,true,95.97100000,96.05000000,0.07900000,95.86800000,1.304,0.03321429,28.00,0-30,true,false,none,not_consumed,4.800,4.800,none,0.0000,false,opposite_break_first,true,opposite_break_first,spread_too_high
2025.08.19 03:25:00,blocked,session_reversal_pullback_one_symbol_first120,AUDJPY,SHORT,2025.08.19 03:20:00,3,0,9,tokyo,2025.08.19 00:00,20,first_120min,true,true,3,AUDJPY,highest_score_in_session_bar,tokyo=USDJPY|EURJPY|GBPJPY|AUDJPY,existing_first120_gate,tokyo,false,false,true,passed_first_window,head_and_shoulders,neckline_break_retest,96.00000000,PERIOD_M5,PERIOD_H1,PERIOD_M15,PERIOD_M5,PERIOD_M5,false,htf_soft_alignment,current_post_filter,transcript_post_filter,dow_trend_up_hh_hl,structure_trend_bias_dow_trend_down_ll_lh,dow_trend_up_hh_hl,structure_trend_bias_dow_trend_down_ll_lh,false,false,true,SHORT,PERIOD_M5,head_and_shoulders,head_and_shoulders,4.500,none,0.000,head_and_shoulders,4.500,none,0.000,SHORT,false,PERIOD_H1_LONG_dow_trend_up_hh_hl|PERIOD_M15_SHORT_structure_trend_bias_dow_trend_down_ll_lh,true,h1_counter_m15_reversal,true,top_LONG_dow_trend_up_hh_hl|structure_SHORT_structure_trend_bias_dow_trend_down_ll_lh|structure_break_recent_confirmed_swing_break_failed|primary_break_recent_confirmed_swing_break_continuation,none,above_75sma_flat_or_falling,above_75sma_flat_or_falling,below_75sma_flat_or_rising,-1,0.00000000,0,96.00500000,false,off,NONE,NONE,0.00000000,0.00000000,0.0000,none,0.000,true,SHORT,return_low_break_or_bos_down,95.94700000,9,96.04400000,95.83500000,false,off,independent,false,,,false,0.0000,none,0.0000,0.0000,none,0.0000,0.0000,0.0000,none,0.0000,0,0,0.0000,none,none,none,none,0.0000,0,0.0000,none,false,true,not_evaluated,true,required_light_or_anchor_flip,bias_flip_up,95.87600000,2025.08.18 21:00:00,96.04400000,2025.08.18 23:15:00,2025.08.19 00:15:00,true,LONG,96.04400000,96.05200000,0.1311,2,true,2025.08.19 02:30:00,2,LONG,96.04400000,96.05200000,0.1311,0.4262,normal,2025.08.19 02:45:00,first_after_anchor,true,LONG,2,1,2,true,false,fresh_0_4,false,true,false,true,none,true,required,false,PERIOD_M5,,,-1,0.0000,false,0.00000000,0.0000,false,0.0000,false,none,none,false,no_anchor_flip_in_entry_direction,true,required_first_signal_only,SHORT,unknown,0.00000000,,0.00000000,,false,,-1,false,NONE,0.00000000,,0.00000000,0.0000,0.0000,none,-1,false,false,false,no_anchor_flip_in_entry_direction,,,,false,false,false,-1,-1,-1,-1,-1,false,false,false,0.0000,falling_n,false,96.04400000,95.83500000,3.4262,true,0.4262,0.5185,1,normal,true,0.5292,preferred_382_618,0.200,diagnostic_only,diagnostic_only,diagnostic_only,shallow_pullback,8,0.440,true,none,0.590,high_quality,false,false,diagnostic_only,both,true,none,true,diagnostic_adjacent_detected,required_light,false,false,LONG,6,false,false,2,2025.08.19 01:25:00,2025.08.19 02:45:00,7,3.2817,0.00000000,96.00500000,96.00500000,true,true,m5_hl_close_break_down,96.00500000,true,0.5118,0.7226,true,1,0.0000,false,1,96.00500000,0.3914,off,false,not_evaluated,none,1.0000,0.0000,very_strong,true,false,false,0.0000,held_clean,false,none,0.0000,false,no_retest,2.6194,1.9570,1.3385,1.3247,false,no_shrink,0.0000,none,none,false,false,none,0.0000,0.0000,0.0000,0.0000,none,false,false,0.0000,0.0000,false,false,-1,none,none,false,0.000,0.000,96.00000000,95.95600000,95.95600000,session_low,0.01500000,0.1899,neckline_level,96.00000000,0.8731,false,true,false,false,not_blocked,2,2,0,m5_failure_exit,off,none,0.00000000,0.0000,1.30,95.86800000,4.500,-0.300,0.200,PERIOD_M15,96.04400000,95.83500000,0.6507,deep_618_786,0.000,true,95.97100000,96.05000000,0.07900000,95.86800000,1.304,0.03321429,28.00,0-30,true,false,none,blocked_spread_too_high,4.800,4.800,none,0.0000,false,opposite_break_first,true,opposite_break_first,spread_too_high
2025.08.19 17:00:00,signal,session_reversal_pullback_one_symbol_first120,GBPUSD,LONG,2025.08.19 16:55:00,16,13,22,london_newyork_overlap,2025.08.19 13:00,55,first_120min,true,true,3,GBPUSD,highest_score_in_session_bar,london_newyork_overlap=USDJPY|EURJPY|GBPJPY|AUDJPY|EURUSD|GBPUSD,existing_first120_gate,london_newyork_overlap,false,false,true,passed_first_window,inverse_head_and_shoulders,neckline_break_retest,1.35087000,PERIOD_M5,PERIOD_H1,PERIOD_M15,PERIOD_M5,PERIOD_M5,false,htf_soft_alignment,current_post_filter,transcript_post_filter,dow_trend_down_ll_lh,ordered_dow_wave3_break_below_swing_low,dow_trend_down_ll_lh,ordered_dow_wave3_break_below_swing_low,false,true,true,LONG,PERIOD_M5,inverse_head_and_shoulders,inverse_head_and_shoulders,4.500,none,0.000,inverse_head_and_shoulders,4.500,none,0.000,LONG,false,PERIOD_H1_SHORT_dow_trend_down_ll_lh|PERIOD_M15_SHORT_ordered_dow_wave3_break_below_swing_low,true,h1_counter_m15_reversal,true,top_SHORT_dow_trend_down_ll_lh|structure_SHORT_ordered_dow_wave3_break_below_swing_low|structure_break_recent_confirmed_swing_break_failed|primary_break_recent_confirmed_swing_break_retest,none,below_75sma_falling,above_75sma_flat_or_falling,below_75sma_falling,-1,0.00000000,0,1.35087000,false,off,NONE,NONE,0.00000000,0.00000000,0.0000,none,0.000,true,LONG,return_high_break_or_bos_up,1.35229000,14,1.35302000,1.34952000,false,off,independent,false,,,false,0.0000,none,0.0000,0.0000,none,0.0000,0.0000,0.0000,none,0.0000,0,0,0.0000,none,none,none,none,0.0000,0,0.0000,none,false,true,not_evaluated,true,required_light_or_anchor_flip,short_bias,1.35095000,2025.08.19 12:45:00,1.35250000,2025.08.19 15:15:00,2025.08.19 16:00:00,false,NONE,0.00000000,0.00000000,0.0000,-1,false,,-1,NONE,0.00000000,0.00000000,0.0000,0.0000,none,,none,false,NONE,-1,-1,-1,false,false,none,false,true,false,true,none,true,required,false,PERIOD_M5,,,-1,0.0000,false,0.00000000,0.0000,false,0.0000,false,none,none,false,no_anchor_flip_in_entry_direction,true,required_first_signal_only,LONG,unknown,0.00000000,,0.00000000,,false,,-1,false,NONE,0.00000000,,0.00000000,0.0000,0.0000,none,-1,false,false,false,no_anchor_flip_in_entry_direction,,,,false,false,false,-1,-1,-1,-1,-1,false,false,false,0.0000,falling_n,false,1.35302000,1.34952000,4.3868,false,0.0000,0.0000,0,none,true,0.5314,preferred_382_618,0.200,diagnostic_only,diagnostic_only,diagnostic_only,fib_pullback,24,0.450,true,none,0.600,high_quality,false,false,diagnostic_only,both,true,none,true,diagnostic_adjacent_detected,required_light,false,false,SHORT,5,false,false,2,2025.08.19 14:00:00,2025.08.19 16:10:00,9,5.9549,1.35250000,0.00000000,1.35250000,false,false,none,0.00000000,false,0.0000,0.0000,false,1,0.0000,false,-1,0.00000000,0.0000,off,false,not_evaluated,none,0.0000,0.0000,none,false,false,false,0.0000,none,false,none,0.0000,false,none,5.8761,2.4056,2.4426,3.5493,false,no_shrink,0.0000,none,none,false,false,none,0.0000,0.0000,0.0000,0.0000,none,false,false,0.0000,0.0000,false,false,-1,none,none,false,0.000,0.000,1.35128000,1.35115000,1.35128000,top_context_confirmed_swing_high,0.00012000,0.0800,session_high|opening_range_high|neckline_level,1.35115000,0.0197,false,true,true,false,not_blocked,5,4,1,m5_failure_exit,off,none,0.00000000,0.0000,1.30,1.35311000,4.500,-0.300,0.200,PERIOD_M15,1.35250000,1.35132000,1.1356,outside,0.000,true,1.35116000,1.34966000,0.00150000,1.35311000,1.300,0.00050714,20.00,30-60,true,false,none,not_consumed,4.800,4.800,none,0.0000,false,opposite_break_first,true,opposite_break_first,spread_too_high
2025.08.19 17:00:00,blocked,session_reversal_pullback_one_symbol_first120,GBPUSD,LONG,2025.08.19 16:55:00,16,13,22,london_newyork_overlap,2025.08.19 13:00,55,first_120min,true,true,3,GBPUSD,highest_score_in_session_bar,london_newyork_overlap=USDJPY|EURJPY|GBPJPY|AUDJPY|EURUSD|GBPUSD,existing_first120_gate,london_newyork_overlap,false,false,true,passed_first_window,inverse_head_and_shoulders,neckline_break_retest,1.35087000,PERIOD_M5,PERIOD_H1,PERIOD_M15,PERIOD_M5,PERIOD_M5,false,htf_soft_alignment,current_post_filter,transcript_post_filter,dow_trend_down_ll_lh,ordered_dow_wave3_break_below_swing_low,dow_trend_down_ll_lh,ordered_dow_wave3_break_below_swing_low,false,true,true,LONG,PERIOD_M5,inverse_head_and_shoulders,inverse_head_and_shoulders,4.500,none,0.000,inverse_head_and_shoulders,4.500,none,0.000,LONG,false,PERIOD_H1_SHORT_dow_trend_down_ll_lh|PERIOD_M15_SHORT_ordered_dow_wave3_break_below_swing_low,true,h1_counter_m15_reversal,true,top_SHORT_dow_trend_down_ll_lh|structure_SHORT_ordered_dow_wave3_break_below_swing_low|structure_break_recent_confirmed_swing_break_failed|primary_break_recent_confirmed_swing_break_retest,none,below_75sma_falling,above_75sma_flat_or_falling,below_75sma_falling,-1,0.00000000,0,1.35087000,false,off,NONE,NONE,0.00000000,0.00000000,0.0000,none,0.000,true,LONG,return_high_break_or_bos_up,1.35229000,14,1.35302000,1.34952000,false,off,independent,false,,,false,0.0000,none,0.0000,0.0000,none,0.0000,0.0000,0.0000,none,0.0000,0,0,0.0000,none,none,none,none,0.0000,0,0.0000,none,false,true,not_evaluated,true,required_light_or_anchor_flip,short_bias,1.35095000,2025.08.19 12:45:00,1.35250000,2025.08.19 15:15:00,2025.08.19 16:00:00,false,NONE,0.00000000,0.00000000,0.0000,-1,false,,-1,NONE,0.00000000,0.00000000,0.0000,0.0000,none,,none,false,NONE,-1,-1,-1,false,false,none,false,true,false,true,none,true,required,false,PERIOD_M5,,,-1,0.0000,false,0.00000000,0.0000,false,0.0000,false,none,none,false,no_anchor_flip_in_entry_direction,true,required_first_signal_only,LONG,unknown,0.00000000,,0.00000000,,false,,-1,false,NONE,0.00000000,,0.00000000,0.0000,0.0000,none,-1,false,false,false,no_anchor_flip_in_entry_direction,,,,false,false,false,-1,-1,-1,-1,-1,false,false,false,0.0000,falling_n,false,1.35302000,1.34952000,4.3868,false,0.0000,0.0000,0,none,true,0.5314,preferred_382_618,0.200,diagnostic_only,diagnostic_only,diagnostic_only,fib_pullback,24,0.450,true,none,0.600,high_quality,false,false,diagnostic_only,both,true,none,true,diagnostic_adjacent_detected,required_light,false,false,SHORT,5,false,false,2,2025.08.19 14:00:00,2025.08.19 16:10:00,9,5.9549,1.35250000,0.00000000,1.35250000,false,false,none,0.00000000,false,0.0000,0.0000,false,1,0.0000,false,-1,0.00000000,0.0000,off,false,not_evaluated,none,0.0000,0.0000,none,false,false,false,0.0000,none,false,none,0.0000,false,none,5.8761,2.4056,2.4426,3.5493,false,no_shrink,0.0000,none,none,false,false,none,0.0000,0.0000,0.0000,0.0000,none,false,false,0.0000,0.0000,false,false,-1,none,none,false,0.000,0.000,1.35128000,1.35115000,1.35128000,top_context_confirmed_swing_high,0.00012000,0.0800,session_high|opening_range_high|neckline_level,1.35115000,0.0197,false,true,true,false,not_blocked,5,4,1,m5_failure_exit,off,none,0.00000000,0.0000,1.30,1.35311000,4.500,-0.300,0.200,PERIOD_M15,1.35250000,1.35132000,1.1356,outside,0.000,true,1.35116000,1.34966000,0.00150000,1.35311000,1.300,0.00050714,20.00,30-60,true,false,none,blocked_spread_too_high,4.800,4.800,none,0.0000,false,opposite_break_first,true,opposite_break_first,spread_too_high
2025.08.20 10:55:00,signal,session_reversal_pullback_one_symbol_first120,EURUSD,LONG,2025.08.20 10:50:00,10,7,16,london,2025.08.20 07:00,50,first_120min,true,true,3,EURUSD,highest_score_in_session_bar,london=USDJPY|EURJPY|GBPJPY|AUDJPY|EURUSD|GBPUSD,existing_first120_gate,london,true,false,true,passed_first_window,inverse_head_and_shoulders,neckline_break_retest,1.16369000,PERIOD_M5,PERIOD_H1,PERIOD_M15,PERIOD_M5,PERIOD_M5,false,htf_soft_alignment,current_post_filter,transcript_post_filter,dow_range_or_transition,no_ordered_dow_wave3_break,dow_range_or_transition,no_ordered_dow_wave3_break,false,true,false,LONG,PERIOD_M5,inverse_head_and_shoulders,inverse_head_and_shoulders,4.500,none,0.000,inverse_head_and_shoulders,4.500,none,0.000,LONG,false,PERIOD_H1_NONE_dow_range_or_transition|PERIOD_M15_NONE_no_ordered_dow_wave3_break,true,h1_counter_m15_reversal,true,top_NONE_dow_range_or_transition|structure_NONE_no_ordered_dow_wave3_break|structure_break_recent_confirmed_swing_break_retest|primary_break_recent_confirmed_swing_break_failed,none,below_75sma_falling,below_75sma_falling,above_75sma_rising,1,1.16415000,-1,0.00000000,false,off,NONE,NONE,0.00000000,0.00000000,0.0000,none,0.000,true,LONG,return_high_break_or_bos_up,1.16415000,1,1.16415000,1.16224000,false,off,independent,false,,,false,0.0000,none,0.0000,0.0000,none,0.0000,0.0000,0.0000,none,0.0000,0,0,0.0000,none,none,none,none,0.0000,0,0.0000,none,false,true,not_evaluated,true,required_light_or_anchor_flip,bias_flip_down,1.16313000,2025.08.20 08:00:00,1.16415000,2025.08.20 09:00:00,2025.08.20 09:00:00,true,SHORT,1.16313000,1.16259000,0.8354,5,true,2025.08.20 09:15:00,5,SHORT,1.16313000,1.16259000,0.8354,0.0464,weak,2025.08.20 09:15:00,first_after_anchor,true,SHORT,5,5,5,true,false,normal_5_12,false,true,false,true,none,true,required,false,PERIOD_M5,,,-1,0.0000,false,0.00000000,0.0000,false,0.0000,false,none,none,false,no_anchor_flip_in_entry_direction,true,required_first_signal_only,LONG,unknown,0.00000000,,0.00000000,,false,,-1,false,NONE,0.00000000,,0.00000000,0.0000,0.0000,none,-1,false,false,false,no_anchor_flip_in_entry_direction,,,,false,false,false,-1,-1,-1,-1,-1,false,false,false,0.0000,range_n,true,1.16415000,1.16214000,3.1094,true,0.0464,0.9700,0,weak,true,0.2927,shallow_236_382,0.080,diagnostic_only,diagnostic_only,diagnostic_only,shallow_pullback,6,0.320,true,none,0.470,high_quality,false,false,diagnostic_only,both,true,none,true,diagnostic_adjacent_detected,required_light,false,false,SHORT,4,false,false,1,2025.08.20 08:05:00,2025.08.20 10:25:00,5,6.1527,1.16460000,0.00000000,1.16460000,false,false,none,0.00000000,false,0.0000,0.0000,false,1,0.0000,false,-1,0.00000000,0.0000,off,false,not_evaluated,none,0.0000,0.0000,none,false,false,false,0.0000,none,false,none,0.0000,false,none,6.1527,2.6592,2.3137,2.3203,false,no_shrink,0.0000,none,none,false,false,none,0.0000,0.0000,0.0000,0.0000,none,false,false,0.0000,0.0000,false,false,-1,none,none,false,0.000,0.000,1.16403750,1.16385500,1.16403750,recent_equal_highs,0.00015750,0.1676,neckline_level,1.16369000,0.4953,false,true,true,false,not_blocked,11,6,5,m5_failure_exit,off,none,0.00000000,0.0000,1.30,1.16510000,4.500,-0.300,0.200,PERIOD_M15,1.16415000,1.16224000,0.1414,outside,0.000,true,1.16388000,1.16294000,0.00094000,1.16510000,1.298,0.00038357,18.00,30-60,true,false,none,not_consumed,4.950,4.950,none,0.0000,false,neckline_retest_failed,false,not_invalidated,spread_too_high
2025.08.20 10:55:00,blocked,session_reversal_pullback_one_symbol_first120,EURUSD,LONG,2025.08.20 10:50:00,10,7,16,london,2025.08.20 07:00,50,first_120min,true,true,3,EURUSD,highest_score_in_session_bar,london=USDJPY|EURJPY|GBPJPY|AUDJPY|EURUSD|GBPUSD,existing_first120_gate,london,true,false,true,passed_first_window,inverse_head_and_shoulders,neckline_break_retest,1.16369000,PERIOD_M5,PERIOD_H1,PERIOD_M15,PERIOD_M5,PERIOD_M5,false,htf_soft_alignment,current_post_filter,transcript_post_filter,dow_range_or_transition,no_ordered_dow_wave3_break,dow_range_or_transition,no_ordered_dow_wave3_break,false,true,false,LONG,PERIOD_M5,inverse_head_and_shoulders,inverse_head_and_shoulders,4.500,none,0.000,inverse_head_and_shoulders,4.500,none,0.000,LONG,false,PERIOD_H1_NONE_dow_range_or_transition|PERIOD_M15_NONE_no_ordered_dow_wave3_break,true,h1_counter_m15_reversal,true,top_NONE_dow_range_or_transition|structure_NONE_no_ordered_dow_wave3_break|structure_break_recent_confirmed_swing_break_retest|primary_break_recent_confirmed_swing_break_failed,none,below_75sma_falling,below_75sma_falling,above_75sma_rising,1,1.16415000,-1,0.00000000,false,off,NONE,NONE,0.00000000,0.00000000,0.0000,none,0.000,true,LONG,return_high_break_or_bos_up,1.16415000,1,1.16415000,1.16224000,false,off,independent,false,,,false,0.0000,none,0.0000,0.0000,none,0.0000,0.0000,0.0000,none,0.0000,0,0,0.0000,none,none,none,none,0.0000,0,0.0000,none,false,true,not_evaluated,true,required_light_or_anchor_flip,bias_flip_down,1.16313000,2025.08.20 08:00:00,1.16415000,2025.08.20 09:00:00,2025.08.20 09:00:00,true,SHORT,1.16313000,1.16259000,0.8354,5,true,2025.08.20 09:15:00,5,SHORT,1.16313000,1.16259000,0.8354,0.0464,weak,2025.08.20 09:15:00,first_after_anchor,true,SHORT,5,5,5,true,false,normal_5_12,false,true,false,true,none,true,required,false,PERIOD_M5,,,-1,0.0000,false,0.00000000,0.0000,false,0.0000,false,none,none,false,no_anchor_flip_in_entry_direction,true,required_first_signal_only,LONG,unknown,0.00000000,,0.00000000,,false,,-1,false,NONE,0.00000000,,0.00000000,0.0000,0.0000,none,-1,false,false,false,no_anchor_flip_in_entry_direction,,,,false,false,false,-1,-1,-1,-1,-1,false,false,false,0.0000,range_n,true,1.16415000,1.16214000,3.1094,true,0.0464,0.9700,0,weak,true,0.2927,shallow_236_382,0.080,diagnostic_only,diagnostic_only,diagnostic_only,shallow_pullback,6,0.320,true,none,0.470,high_quality,false,false,diagnostic_only,both,true,none,true,diagnostic_adjacent_detected,required_light,false,false,SHORT,4,false,false,1,2025.08.20 08:05:00,2025.08.20 10:25:00,5,6.1527,1.16460000,0.00000000,1.16460000,false,false,none,0.00000000,false,0.0000,0.0000,false,1,0.0000,false,-1,0.00000000,0.0000,off,false,not_evaluated,none,0.0000,0.0000,none,false,false,false,0.0000,none,false,none,0.0000,false,none,6.1527,2.6592,2.3137,2.3203,false,no_shrink,0.0000,none,none,false,false,none,0.0000,0.0000,0.0000,0.0000,none,false,false,0.0000,0.0000,false,false,-1,none,none,false,0.000,0.000,1.16403750,1.16385500,1.16403750,recent_equal_highs,0.00015750,0.1676,neckline_level,1.16369000,0.4953,false,true,true,false,not_blocked,11,6,5,m5_failure_exit,off,none,0.00000000,0.0000,1.30,1.16510000,4.500,-0.300,0.200,PERIOD_M15,1.16415000,1.16224000,0.1414,outside,0.000,true,1.16388000,1.16294000,0.00094000,1.16510000,1.298,0.00038357,18.00,30-60,true,false,none,blocked_spread_too_high,4.950,4.950,none,0.0000,false,neckline_retest_failed,false,not_invalidated,spread_too_high
2025.08.20 16:25:00,signal,session_reversal_pullback_one_symbol_first120,AUDJPY,LONG,2025.08.20 16:20:00,16,13,22,london_newyork_overlap,2025.08.20 13:00,20,first_120min,true,true,3,AUDJPY,highest_score_in_session_bar,london_newyork_overlap=USDJPY|EURJPY|GBPJPY|AUDJPY|EURUSD|GBPUSD,existing_first120_gate,london_newyork_overlap,false,false,true,passed_first_window,double_bottom,neckline_break_retest,94.89800000,PERIOD_M5,PERIOD_H1,PERIOD_M15,PERIOD_M5,PERIOD_M5,false,htf_soft_alignment,current_post_filter,transcript_post_filter,dow_trend_down_ll_lh,no_ordered_dow_wave3_break,dow_trend_down_ll_lh,no_ordered_dow_wave3_break,false,true,true,LONG,PERIOD_M5,double_bottom,double_bottom,4.200,none,0.000,double_bottom,4.200,none,0.000,LONG,false,PERIOD_H1_SHORT_dow_trend_down_ll_lh|PERIOD_M15_NONE_no_ordered_dow_wave3_break,true,h1_counter_m15_reversal,true,top_SHORT_dow_trend_down_ll_lh|structure_NONE_no_ordered_dow_wave3_break|structure_break_recent_confirmed_swing_break_failed|primary_break_recent_confirmed_swing_break_retest,none,below_75sma_falling,below_75sma_falling,above_75sma_flat_or_falling,-1,0.00000000,0,94.92100000,false,off,NONE,NONE,0.00000000,0.00000000,0.0000,none,0.000,true,LONG,return_high_break_or_bos_up,95.04200000,21,95.09000000,94.79700000,false,off,independent,false,,,false,0.0000,none,0.0000,0.0000,none,0.0000,0.0000,0.0000,none,0.0000,0,0,0.0000,none,none,none,none,0.0000,0,0.0000,none,false,true,not_evaluated,true,required_light_or_anchor_flip,short_bias,94.87800000,2025.08.20 06:45:00,95.11600000,2025.08.20 07:45:00,2025.08.20 09:15:00,false,NONE,0.00000000,0.00000000,0.0000,-1,false,,-1,NONE,0.00000000,0.00000000,0.0000,0.0000,none,,none,false,NONE,-1,-1,-1,false,false,none,false,true,false,true,none,true,required,false,PERIOD_M5,,,-1,0.0000,false,0.00000000,0.0000,false,0.0000,false,none,none,false,no_anchor_flip_in_entry_direction,true,required_first_signal_only,LONG,unknown,0.00000000,,0.00000000,,false,,-1,false,NONE,0.00000000,,0.00000000,0.0000,0.0000,none,-1,false,false,false,no_anchor_flip_in_entry_direction,,,,false,false,false,-1,-1,-1,-1,-1,false,false,false,0.0000,range_n,true,95.09000000,94.79700000,4.9903,false,0.0000,0.0000,0,none,true,0.4846,preferred_382_618,0.200,diagnostic_only,diagnostic_only,diagnostic_only,fib_pullback,18,0.440,true,none,0.590,high_quality,false,false,diagnostic_only,both,true,none,true,diagnostic_adjacent_detected,required_light,false,false,SHORT,3,false,false,0,,,-1,0.0000,0.00000000,0.00000000,0.00000000,false,false,none,0.00000000,false,0.0000,0.0000,false,1,0.0000,false,-1,0.00000000,0.0000,off,false,not_evaluated,none,0.0000,0.0000,none,false,false,false,0.0000,none,false,none,0.0000,false,none,0.0000,0.0000,0.0000,0.0000,false,none,0.0000,none,none,false,false,none,0.0000,0.0000,0.0000,0.0000,none,false,false,0.0000,0.0000,false,false,-1,none,none,false,0.000,0.000,95.00000000,94.93000000,95.00000000,pre_session_high,0.05200000,0.5714,session_high|opening_range_high|neckline_level,94.93000000,0.4658,false,true,true,false,not_blocked,2,1,1,m5_failure_exit,off,none,0.00000000,0.0000,1.30,95.06600000,4.200,-0.300,0.200,PERIOD_M15,95.09000000,94.82500000,0.5358,preferred_382_618,0.000,true,94.94800000,94.85700000,0.09100000,95.06600000,1.297,0.03864286,28.00,0-30,true,false,none,not_consumed,4.500,4.500,none,0.0000,false,neckline_retest_failed,false,not_invalidated,spread_too_high
2025.08.20 16:25:00,blocked,session_reversal_pullback_one_symbol_first120,AUDJPY,LONG,2025.08.20 16:20:00,16,13,22,london_newyork_overlap,2025.08.20 13:00,20,first_120min,true,true,3,AUDJPY,highest_score_in_session_bar,london_newyork_overlap=USDJPY|EURJPY|GBPJPY|AUDJPY|EURUSD|GBPUSD,existing_first120_gate,london_newyork_overlap,false,false,true,passed_first_window,double_bottom,neckline_break_retest,94.89800000,PERIOD_M5,PERIOD_H1,PERIOD_M15,PERIOD_M5,PERIOD_M5,false,htf_soft_alignment,current_post_filter,transcript_post_filter,dow_trend_down_ll_lh,no_ordered_dow_wave3_break,dow_trend_down_ll_lh,no_ordered_dow_wave3_break,false,true,true,LONG,PERIOD_M5,double_bottom,double_bottom,4.200,none,0.000,double_bottom,4.200,none,0.000,LONG,false,PERIOD_H1_SHORT_dow_trend_down_ll_lh|PERIOD_M15_NONE_no_ordered_dow_wave3_break,true,h1_counter_m15_reversal,true,top_SHORT_dow_trend_down_ll_lh|structure_NONE_no_ordered_dow_wave3_break|structure_break_recent_confirmed_swing_break_failed|primary_break_recent_confirmed_swing_break_retest,none,below_75sma_falling,below_75sma_falling,above_75sma_flat_or_falling,-1,0.00000000,0,94.92100000,false,off,NONE,NONE,0.00000000,0.00000000,0.0000,none,0.000,true,LONG,return_high_break_or_bos_up,95.04200000,21,95.09000000,94.79700000,false,off,independent,false,,,false,0.0000,none,0.0000,0.0000,none,0.0000,0.0000,0.0000,none,0.0000,0,0,0.0000,none,none,none,none,0.0000,0,0.0000,none,false,true,not_evaluated,true,required_light_or_anchor_flip,short_bias,94.87800000,2025.08.20 06:45:00,95.11600000,2025.08.20 07:45:00,2025.08.20 09:15:00,false,NONE,0.00000000,0.00000000,0.0000,-1,false,,-1,NONE,0.00000000,0.00000000,0.0000,0.0000,none,,none,false,NONE,-1,-1,-1,false,false,none,false,true,false,true,none,true,required,false,PERIOD_M5,,,-1,0.0000,false,0.00000000,0.0000,false,0.0000,false,none,none,false,no_anchor_flip_in_entry_direction,true,required_first_signal_only,LONG,unknown,0.00000000,,0.00000000,,false,,-1,false,NONE,0.00000000,,0.00000000,0.0000,0.0000,none,-1,false,false,false,no_anchor_flip_in_entry_direction,,,,false,false,false,-1,-1,-1,-1,-1,false,false,false,0.0000,range_n,true,95.09000000,94.79700000,4.9903,false,0.0000,0.0000,0,none,true,0.4846,preferred_382_618,0.200,diagnostic_only,diagnostic_only,diagnostic_only,fib_pullback,18,0.440,true,none,0.590,high_quality,false,false,diagnostic_only,both,true,none,true,diagnostic_adjacent_detected,required_light,false,false,SHORT,3,false,false,0,,,-1,0.0000,0.00000000,0.00000000,0.00000000,false,false,none,0.00000000,false,0.0000,0.0000,false,1,0.0000,false,-1,0.00000000,0.0000,off,false,not_evaluated,none,0.0000,0.0000,none,false,false,false,0.0000,none,false,none,0.0000,false,none,0.0000,0.0000,0.0000,0.0000,false,none,0.0000,none,none,false,false,none,0.0000,0.0000,0.0000,0.0000,none,false,false,0.0000,0.0000,false,false,-1,none,none,false,0.000,0.000,95.00000000,94.93000000,95.00000000,pre_session_high,0.05200000,0.5714,session_high|opening_range_high|neckline_level,94.93000000,0.4658,false,true,true,false,not_blocked,2,1,1,m5_failure_exit,off,none,0.00000000,0.0000,1.30,95.06600000,4.200,-0.300,0.200,PERIOD_M15,95.09000000,94.82500000,0.5358,preferred_382_618,0.000,true,94.94800000,94.85700000,0.09100000,95.06600000,1.297,0.03864286,28.00,0-30,true,false,none,blocked_spread_too_high,4.500,4.500,none,0.0000,false,neckline_retest_failed,false,not_invalidated,spread_too_high
2025.08.21 10:20:00,signal,session_reversal_pullback_one_symbol_first120,EURUSD,SHORT,2025.08.21 10:15:00,10,7,16,london,2025.08.21 07:00,15,first_120min,true,true,3,EURUSD,highest_score_in_session_bar,london=USDJPY|EURJPY|GBPJPY|AUDJPY|EURUSD|GBPUSD,existing_first120_gate,london,true,false,true,passed_first_window,double_top,neckline_break_retest,1.16433000,PERIOD_M5,PERIOD_H1,PERIOD_M15,PERIOD_M5,PERIOD_M5,false,htf_soft_alignment,current_post_filter,transcript_post_filter,dow_range_or_transition,structure_trend_bias_dow_trend_up_hh_hl,dow_range_or_transition,structure_trend_bias_dow_trend_up_hh_hl,false,false,true,SHORT,PERIOD_M5,double_top,double_top,4.200,none,0.000,double_top,4.200,none,0.000,SHORT,false,PERIOD_H1_NONE_dow_range_or_transition|PERIOD_M15_LONG_structure_trend_bias_dow_trend_up_hh_hl,true,h1_counter_m15_reversal,true,top_NONE_dow_range_or_transition|structure_LONG_structure_trend_bias_dow_trend_up_hh_hl|structure_break_recent_confirmed_swing_break_continuation|primary_break_recent_confirmed_swing_break_failed,none,below_75sma_falling,below_75sma_falling,below_75sma_falling,0,1.16409000,-1,0.00000000,false,off,NONE,NONE,0.00000000,0.00000000,0.0000,none,0.000,true,SHORT,return_low_break_or_bos_down,1.16409000,0,1.16490000,1.16409000,false,off,independent,false,,,false,0.0000,none,0.0000,0.0000,none,0.0000,0.0000,0.0000,none,0.0000,0,0,0.0000,none,none,none,none,0.0000,0,0.0000,none,false,true,not_evaluated,true,required_light_or_anchor_flip,bias_flip_down,1.16409000,2025.08.21 08:00:00,1.16540000,2025.08.21 01:00:00,2025.08.21 09:00:00,true,SHORT,1.16409000,1.16337000,1.3659,3,true,2025.08.21 09:15:00,3,SHORT,1.16409000,1.16337000,1.3659,1.6314,strong,2025.08.21 10:00:00,first_after_anchor,true,SHORT,3,0,3,true,false,fresh_0_4,true,false,false,true,none,true,required,true,PERIOD_M5,2025.08.21 09:20:00,2025.08.21 09:20:00,12,0.2421,true,1.16409000,0.2421,false,0.0000,true,m5_bos_down_after_anchor_retest,retest_reconfirm,true,none,true,required_first_signal_only,SHORT,unknown,0.00000000,,0.00000000,,false,,-1,false,NONE,0.00000000,,0.00000000,0.0000,0.0000,none,-1,false,false,false,insufficient_confirmed_m5_pivots,EURUSD|SHORT|1755767700|1.16409,,,false,false,false,-1,-1,-1,-1,-1,false,false,false,0.0000,rising_n,false,1.16490000,1.16405000,1.6125,true,1.6314,0.2586,3,strong,true,0.7056,deep_618_786,0.120,diagnostic_only,diagnostic_only,diagnostic_only,shallow_pullback,4,0.360,true,none,0.510,high_quality,false,false,diagnostic_only,both,true,none,true,diagnostic_adjacent_detected,required_light,false,false,LONG,3,false,false,0,,,-1,0.0000,0.00000000,0.00000000,0.00000000,false,false,none,0.00000000,false,0.0000,0.0000,false,1,0.0000,false,-1,0.00000000,0.0000,off,false,not_evaluated,none,0.0000,0.0000,none,false,false,false,0.0000,none,false,none,0.0000,false,none,0.0000,0.0000,0.0000,0.0000,false,none,0.0000,none,none,false,false,none,0.0000,0.0000,0.0000,0.0000,none,false,false,0.0000,0.0000,false,false,-1,none,none,false,0.000,0.000,1.16432000,1.16409000,1.16409000,structure_confirmed_swing_low,0.00017000,0.3953,neckline_level,1.16433000,0.1541,false,true,false,false,not_blocked,2,2,0,m5_failure_exit,off,none,0.00000000,0.0000,1.30,1.16370000,4.200,-0.300,0.200,PERIOD_M15,1.16490000,1.16409000,0.2099,outside,0.000,true,1.16426000,1.16469000,0.00043000,1.16370000,1.302,0.00045429,18.00,0-30,true,false,none,not_consumed,4.650,4.650,none,0.0000,false,opposite_break_first,true,opposite_break_first,spread_too_high
2025.08.21 10:20:00,blocked,session_reversal_pullback_one_symbol_first120,EURUSD,SHORT,2025.08.21 10:15:00,10,7,16,london,2025.08.21 07:00,15,first_120min,true,true,3,EURUSD,highest_score_in_session_bar,london=USDJPY|EURJPY|GBPJPY|AUDJPY|EURUSD|GBPUSD,existing_first120_gate,london,true,false,true,passed_first_window,double_top,neckline_break_retest,1.16433000,PERIOD_M5,PERIOD_H1,PERIOD_M15,PERIOD_M5,PERIOD_M5,false,htf_soft_alignment,current_post_filter,transcript_post_filter,dow_range_or_transition,structure_trend_bias_dow_trend_up_hh_hl,dow_range_or_transition,structure_trend_bias_dow_trend_up_hh_hl,false,false,true,SHORT,PERIOD_M5,double_top,double_top,4.200,none,0.000,double_top,4.200,none,0.000,SHORT,false,PERIOD_H1_NONE_dow_range_or_transition|PERIOD_M15_LONG_structure_trend_bias_dow_trend_up_hh_hl,true,h1_counter_m15_reversal,true,top_NONE_dow_range_or_transition|structure_LONG_structure_trend_bias_dow_trend_up_hh_hl|structure_break_recent_confirmed_swing_break_continuation|primary_break_recent_confirmed_swing_break_failed,none,below_75sma_falling,below_75sma_falling,below_75sma_falling,0,1.16409000,-1,0.00000000,false,off,NONE,NONE,0.00000000,0.00000000,0.0000,none,0.000,true,SHORT,return_low_break_or_bos_down,1.16409000,0,1.16490000,1.16409000,false,off,independent,false,,,false,0.0000,none,0.0000,0.0000,none,0.0000,0.0000,0.0000,none,0.0000,0,0,0.0000,none,none,none,none,0.0000,0,0.0000,none,false,true,not_evaluated,true,required_light_or_anchor_flip,bias_flip_down,1.16409000,2025.08.21 08:00:00,1.16540000,2025.08.21 01:00:00,2025.08.21 09:00:00,true,SHORT,1.16409000,1.16337000,1.3659,3,true,2025.08.21 09:15:00,3,SHORT,1.16409000,1.16337000,1.3659,1.6314,strong,2025.08.21 10:00:00,first_after_anchor,true,SHORT,3,0,3,true,false,fresh_0_4,true,false,false,true,none,true,required,true,PERIOD_M5,2025.08.21 09:20:00,2025.08.21 09:20:00,12,0.2421,true,1.16409000,0.2421,false,0.0000,true,m5_bos_down_after_anchor_retest,retest_reconfirm,true,none,true,required_first_signal_only,SHORT,unknown,0.00000000,,0.00000000,,false,,-1,false,NONE,0.00000000,,0.00000000,0.0000,0.0000,none,-1,false,false,false,insufficient_confirmed_m5_pivots,EURUSD|SHORT|1755767700|1.16409,,,false,false,false,-1,-1,-1,-1,-1,false,false,false,0.0000,rising_n,false,1.16490000,1.16405000,1.6125,true,1.6314,0.2586,3,strong,true,0.7056,deep_618_786,0.120,diagnostic_only,diagnostic_only,diagnostic_only,shallow_pullback,4,0.360,true,none,0.510,high_quality,false,false,diagnostic_only,both,true,none,true,diagnostic_adjacent_detected,required_light,false,false,LONG,3,false,false,0,,,-1,0.0000,0.00000000,0.00000000,0.00000000,false,false,none,0.00000000,false,0.0000,0.0000,false,1,0.0000,false,-1,0.00000000,0.0000,off,false,not_evaluated,none,0.0000,0.0000,none,false,false,false,0.0000,none,false,none,0.0000,false,none,0.0000,0.0000,0.0000,0.0000,false,none,0.0000,none,none,false,false,none,0.0000,0.0000,0.0000,0.0000,none,false,false,0.0000,0.0000,false,false,-1,none,none,false,0.000,0.000,1.16432000,1.16409000,1.16409000,structure_confirmed_swing_low,0.00017000,0.3953,neckline_level,1.16433000,0.1541,false,true,false,false,not_blocked,2,2,0,m5_failure_exit,off,none,0.00000000,0.0000,1.30,1.16370000,4.200,-0.300,0.200,PERIOD_M15,1.16490000,1.16409000,0.2099,outside,0.000,true,1.16426000,1.16469000,0.00043000,1.16370000,1.302,0.00045429,18.00,0-30,true,false,none,blocked_spread_too_high,4.650,4.650,none,0.0000,false,opposite_break_first,true,opposite_break_first,spread_too_high
2025.08.21 17:15:00,signal,session_reversal_pullback_one_symbol_first120,GBPUSD,SHORT,2025.08.21 17:10:00,17,14,23,london_newyork_overlap,2025.08.21 13:00,70,first_120min,false,true,3,GBPUSD,highest_score_in_session_bar,london_newyork_overlap=USDJPY|EURJPY|GBPJPY|AUDJPY|EURUSD|GBPUSD,existing_first120_gate,london_newyork_overlap,true,false,true,passed_first_window,double_top,neckline_break_retest,1.34449000,PERIOD_M5,PERIOD_H1,PERIOD_M15,PERIOD_M5,PERIOD_M5,false,htf_soft_alignment,current_post_filter,transcript_post_filter,dow_range_or_transition,no_ordered_dow_wave3_break,dow_range_or_transition,no_ordered_dow_wave3_break,false,false,true,SHORT,PERIOD_M5,double_top,double_top,4.200,none,0.000,double_top,4.200,none,0.000,SHORT,false,PERIOD_H1_NONE_dow_range_or_transition|PERIOD_M15_NONE_no_ordered_dow_wave3_break,true,h1_counter_m15_reversal,true,top_NONE_dow_range_or_transition|structure_NONE_no_ordered_dow_wave3_break|structure_break_recent_confirmed_swing_break_failed|primary_break_recent_confirmed_swing_break_retest,none,below_75sma_falling,below_75sma_falling,below_75sma_falling,-1,0.00000000,1,1.34410000,false,off,NONE,NONE,0.00000000,0.00000000,0.0000,none,0.000,true,SHORT,return_low_break_or_bos_down,1.34346000,1,1.34819000,1.34346000,false,off,independent,false,,,false,0.0000,none,0.0000,0.0000,none,0.0000,0.0000,0.0000,none,0.0000,0,0,0.0000,none,none,none,none,0.0000,0,0.0000,none,false,true,not_evaluated,true,required_light_or_anchor_flip,bias_flip_down,1.34346000,2025.08.21 10:00:00,1.34580000,2025.08.21 09:15:00,2025.08.21 12:30:00,true,SHORT,1.34346000,1.34253000,0.8042,1,true,2025.08.21 16:45:00,1,SHORT,1.34346000,1.34253000,0.8042,0.9080,normal,2025.08.21 16:45:00,first_after_anchor,true,SHORT,1,1,1,true,false,fresh_0_4,true,false,false,true,none,true,required,true,PERIOD_M5,2025.08.21 16:50:00,2025.08.21 16:50:00,5,0.1399,true,1.34346000,0.1399,false,0.0000,true,m5_bearish_close_after_anchor_retest,clean_retest_reconfirm,true,none,true,required_first_signal_only,SHORT,unknown,0.00000000,,0.00000000,,false,,-1,false,NONE,0.00000000,,0.00000000,0.0000,0.0000,none,-1,false,false,false,insufficient_confirmed_m5_pivots,GBPUSD|SHORT|1755794700|1.34346,,,false,false,false,-1,-1,-1,-1,-1,false,false,false,0.0000,rising_n,false,1.34819000,1.34346000,4.0902,true,0.9080,0.1860,0,normal,true,0.3180,shallow_236_382,0.080,diagnostic_only,diagnostic_only,diagnostic_only,shallow_pullback,18,0.320,true,none,0.470,high_quality,false,false,diagnostic_only,both,true,none,true,diagnostic_adjacent_detected,required_light,false,false,LONG,4,false,false,0,2025.08.21 15:05:00,2025.08.21 16:35:00,7,4.3916,0.00000000,1.34410000,1.34410000,true,true,m5_hl_close_break_down,1.34410000,true,0.2517,2.0000,true,1,0.1259,true,6,1.34410000,0.2657,off,false,not_evaluated,none,1.0000,0.0000,very_strong,true,false,false,0.1259,held_no_close_back,true,back_inside,0.0893,false,weak_retest,2.4476,3.3566,0.7292,0.0000,true,strong_exhaustion,0.0000,none,none,false,false,none,0.0000,0.0000,0.0000,0.0000,none,false,false,0.0000,0.0000,false,false,-1,none,none,false,0.000,0.000,1.34449000,1.34410000,1.34410000,pre_session_low,0.00008000,0.0650,opening_range_low|neckline_level,1.34449000,0.4336,false,true,true,false,not_blocked,5,3,2,m5_failure_exit,off,none,0.00000000,0.0000,1.30,1.34258000,4.200,-0.300,0.200,PERIOD_M15,1.34724000,1.34346000,0.1905,outside,0.000,true,1.34418000,1.34541000,0.00123000,1.34258000,1.301,0.00071500,20.00,60-90,true,false,none,not_consumed,4.500,4.500,none,0.0000,false,opposite_break_first,true,opposite_break_first,spread_too_high
2025.08.21 17:15:00,blocked,session_reversal_pullback_one_symbol_first120,GBPUSD,SHORT,2025.08.21 17:10:00,17,14,23,london_newyork_overlap,2025.08.21 13:00,70,first_120min,false,true,3,GBPUSD,highest_score_in_session_bar,london_newyork_overlap=USDJPY|EURJPY|GBPJPY|AUDJPY|EURUSD|GBPUSD,existing_first120_gate,london_newyork_overlap,true,false,true,passed_first_window,double_top,neckline_break_retest,1.34449000,PERIOD_M5,PERIOD_H1,PERIOD_M15,PERIOD_M5,PERIOD_M5,false,htf_soft_alignment,current_post_filter,transcript_post_filter,dow_range_or_transition,no_ordered_dow_wave3_break,dow_range_or_transition,no_ordered_dow_wave3_break,false,false,true,SHORT,PERIOD_M5,double_top,double_top,4.200,none,0.000,double_top,4.200,none,0.000,SHORT,false,PERIOD_H1_NONE_dow_range_or_transition|PERIOD_M15_NONE_no_ordered_dow_wave3_break,true,h1_counter_m15_reversal,true,top_NONE_dow_range_or_transition|structure_NONE_no_ordered_dow_wave3_break|structure_break_recent_confirmed_swing_break_failed|primary_break_recent_confirmed_swing_break_retest,none,below_75sma_falling,below_75sma_falling,below_75sma_falling,-1,0.00000000,1,1.34410000,false,off,NONE,NONE,0.00000000,0.00000000,0.0000,none,0.000,true,SHORT,return_low_break_or_bos_down,1.34346000,1,1.34819000,1.34346000,false,off,independent,false,,,false,0.0000,none,0.0000,0.0000,none,0.0000,0.0000,0.0000,none,0.0000,0,0,0.0000,none,none,none,none,0.0000,0,0.0000,none,false,true,not_evaluated,true,required_light_or_anchor_flip,bias_flip_down,1.34346000,2025.08.21 10:00:00,1.34580000,2025.08.21 09:15:00,2025.08.21 12:30:00,true,SHORT,1.34346000,1.34253000,0.8042,1,true,2025.08.21 16:45:00,1,SHORT,1.34346000,1.34253000,0.8042,0.9080,normal,2025.08.21 16:45:00,first_after_anchor,true,SHORT,1,1,1,true,false,fresh_0_4,true,false,false,true,none,true,required,true,PERIOD_M5,2025.08.21 16:50:00,2025.08.21 16:50:00,5,0.1399,true,1.34346000,0.1399,false,0.0000,true,m5_bearish_close_after_anchor_retest,clean_retest_reconfirm,true,none,true,required_first_signal_only,SHORT,unknown,0.00000000,,0.00000000,,false,,-1,false,NONE,0.00000000,,0.00000000,0.0000,0.0000,none,-1,false,false,false,insufficient_confirmed_m5_pivots,GBPUSD|SHORT|1755794700|1.34346,,,false,false,false,-1,-1,-1,-1,-1,false,false,false,0.0000,rising_n,false,1.34819000,1.34346000,4.0902,true,0.9080,0.1860,0,normal,true,0.3180,shallow_236_382,0.080,diagnostic_only,diagnostic_only,diagnostic_only,shallow_pullback,18,0.320,true,none,0.470,high_quality,false,false,diagnostic_only,both,true,none,true,diagnostic_adjacent_detected,required_light,false,false,LONG,4,false,false,0,2025.08.21 15:05:00,2025.08.21 16:35:00,7,4.3916,0.00000000,1.34410000,1.34410000,true,true,m5_hl_close_break_down,1.34410000,true,0.2517,2.0000,true,1,0.1259,true,6,1.34410000,0.2657,off,false,not_evaluated,none,1.0000,0.0000,very_strong,true,false,false,0.1259,held_no_close_back,true,back_inside,0.0893,false,weak_retest,2.4476,3.3566,0.7292,0.0000,true,strong_exhaustion,0.0000,none,none,false,false,none,0.0000,0.0000,0.0000,0.0000,none,false,false,0.0000,0.0000,false,false,-1,none,none,false,0.000,0.000,1.34449000,1.34410000,1.34410000,pre_session_low,0.00008000,0.0650,opening_range_low|neckline_level,1.34449000,0.4336,false,true,true,false,not_blocked,5,3,2,m5_failure_exit,off,none,0.00000000,0.0000,1.30,1.34258000,4.200,-0.300,0.200,PERIOD_M15,1.34724000,1.34346000,0.1905,outside,0.000,true,1.34418000,1.34541000,0.00123000,1.34258000,1.301,0.00071500,20.00,60-90,true,false,none,blocked_spread_too_high,4.500,4.500,none,0.0000,false,opposite_break_first,true,opposite_break_first,spread_too_high
2025.08.22 16:40:00,signal,session_reversal_pullback_one_symbol_first120,EURJPY,SHORT,2025.08.22 16:35:00,16,13,22,london_newyork_overlap,2025.08.22 13:00,35,first_120min,true,true,3,EURJPY,highest_score_in_session_bar,london_newyork_overlap=USDJPY|EURJPY|GBPJPY|AUDJPY|EURUSD|GBPUSD,existing_first120_gate,london_newyork_overlap,false,false,true,passed_first_window,double_top,neckline_break_retest,172.45900000,PERIOD_M5,PERIOD_H1,PERIOD_M15,PERIOD_M5,PERIOD_M5,false,htf_soft_alignment,current_post_filter,transcript_post_filter,dow_trend_up_hh_hl,ordered_dow_wave3_break_above_swing_high,dow_trend_up_hh_hl,ordered_dow_wave3_break_above_swing_high,false,false,true,SHORT,PERIOD_M5,double_top,double_top,4.200,none,0.000,double_top,4.200,none,0.000,SHORT,false,PERIOD_H1_LONG_dow_trend_up_hh_hl|PERIOD_M15_LONG_ordered_dow_wave3_break_above_swing_high,true,h1_counter_m15_reversal,true,top_LONG_dow_trend_up_hh_hl|structure_LONG_ordered_dow_wave3_break_above_swing_high|structure_break_recent_confirmed_swing_break_failed|primary_break_recent_confirmed_swing_break_continuation,none,above_75sma_rising,above_75sma_rising,below_75sma_flat_or_rising,-1,0.00000000,0,172.52300000,false,off,NONE,NONE,0.00000000,0.00000000,0.0000,none,0.000,true,SHORT,return_low_break_or_bos_down,172.29800000,19,172.66200000,172.09800000,false,off,independent,false,,,false,0.0000,none,0.0000,0.0000,none,0.0000,0.0000,0.0000,none,0.0000,0,0,0.0000,none,none,none,none,0.0000,0,0.0000,none,false,true,not_evaluated,true,required_light_or_anchor_flip,long_bias,172.32500000,2025.08.22 13:45:00,172.33300000,2025.08.22 08:00:00,2025.08.22 15:00:00,false,NONE,0.00000000,0.00000000,0.0000,-1,false,,-1,NONE,0.00000000,0.00000000,0.0000,0.0000,none,,none,false,NONE,-1,-1,-1,false,false,none,false,true,false,true,none,true,required,false,PERIOD_M5,,,-1,0.0000,false,0.00000000,0.0000,false,0.0000,false,none,none,false,no_anchor_flip_in_entry_direction,true,required_first_signal_only,SHORT,unknown,0.00000000,,0.00000000,,false,,-1,false,NONE,0.00000000,,0.00000000,0.0000,0.0000,none,-1,false,false,false,no_anchor_flip_in_entry_direction,,,,false,false,false,-1,-1,-1,-1,-1,false,false,false,0.0000,rising_n,false,172.62200000,172.20000000,4.9233,false,0.0000,0.0000,0,none,true,0.4504,preferred_382_618,0.200,diagnostic_only,diagnostic_only,diagnostic_only,shallow_pullback,24,0.400,true,none,0.550,high_quality,false,false,diagnostic_only,both,true,none,true,diagnostic_adjacent_detected,required_light,false,false,LONG,5,false,false,2,2025.08.22 13:55:00,2025.08.22 16:05:00,6,5.4797,0.00000000,172.52300000,172.52300000,true,true,m5_hl_close_break_down,172.52300000,true,0.4553,1.0081,true,1,0.0813,false,3,172.52300000,0.0976,off,false,not_evaluated,none,1.0000,0.0000,very_strong,false,true,true,0.0813,failed_1bar,true,favorable_side,0.0225,true,clean_retest,2.2602,4.8293,0.4680,0.6504,false,mild_exhaustion,0.0000,none,none,false,false,none,0.0000,0.0000,0.0000,0.0000,none,false,false,0.0000,0.0000,false,false,-1,none,none,false,0.000,0.000,172.44000000,172.35100000,172.35100000,previous_day_high,0.00100000,0.0054,session_low|opening_range_low|neckline_level,172.34900000,0.0488,false,true,false,false,not_blocked,2,2,0,m5_failure_exit,off,none,0.00000000,0.0000,1.30,172.11200000,4.200,-0.300,0.200,PERIOD_M15,172.48900000,172.32500000,0.1646,outside,0.000,true,172.35200000,172.53700000,0.18500000,172.11200000,1.297,0.06150000,30.00,30-60,true,false,none,not_consumed,4.500,4.500,none,0.0000,false,neckline_retest_failed,false,not_invalidated,spread_too_high
2025.08.22 16:40:00,blocked,session_reversal_pullback_one_symbol_first120,EURJPY,SHORT,2025.08.22 16:35:00,16,13,22,london_newyork_overlap,2025.08.22 13:00,35,first_120min,true,true,3,EURJPY,highest_score_in_session_bar,london_newyork_overlap=USDJPY|EURJPY|GBPJPY|AUDJPY|EURUSD|GBPUSD,existing_first120_gate,london_newyork_overlap,false,false,true,passed_first_window,double_top,neckline_break_retest,172.45900000,PERIOD_M5,PERIOD_H1,PERIOD_M15,PERIOD_M5,PERIOD_M5,false,htf_soft_alignment,current_post_filter,transcript_post_filter,dow_trend_up_hh_hl,ordered_dow_wave3_break_above_swing_high,dow_trend_up_hh_hl,ordered_dow_wave3_break_above_swing_high,false,false,true,SHORT,PERIOD_M5,double_top,double_top,4.200,none,0.000,double_top,4.200,none,0.000,SHORT,false,PERIOD_H1_LONG_dow_trend_up_hh_hl|PERIOD_M15_LONG_ordered_dow_wave3_break_above_swing_high,true,h1_counter_m15_reversal,true,top_LONG_dow_trend_up_hh_hl|structure_LONG_ordered_dow_wave3_break_above_swing_high|structure_break_recent_confirmed_swing_break_failed|primary_break_recent_confirmed_swing_break_continuation,none,above_75sma_rising,above_75sma_rising,below_75sma_flat_or_rising,-1,0.00000000,0,172.52300000,false,off,NONE,NONE,0.00000000,0.00000000,0.0000,none,0.000,true,SHORT,return_low_break_or_bos_down,172.29800000,19,172.66200000,172.09800000,false,off,independent,false,,,false,0.0000,none,0.0000,0.0000,none,0.0000,0.0000,0.0000,none,0.0000,0,0,0.0000,none,none,none,none,0.0000,0,0.0000,none,false,true,not_evaluated,true,required_light_or_anchor_flip,long_bias,172.32500000,2025.08.22 13:45:00,172.33300000,2025.08.22 08:00:00,2025.08.22 15:00:00,false,NONE,0.00000000,0.00000000,0.0000,-1,false,,-1,NONE,0.00000000,0.00000000,0.0000,0.0000,none,,none,false,NONE,-1,-1,-1,false,false,none,false,true,false,true,none,true,required,false,PERIOD_M5,,,-1,0.0000,false,0.00000000,0.0000,false,0.0000,false,none,none,false,no_anchor_flip_in_entry_direction,true,required_first_signal_only,SHORT,unknown,0.00000000,,0.00000000,,false,,-1,false,NONE,0.00000000,,0.00000000,0.0000,0.0000,none,-1,false,false,false,no_anchor_flip_in_entry_direction,,,,false,false,false,-1,-1,-1,-1,-1,false,false,false,0.0000,rising_n,false,172.62200000,172.20000000,4.9233,false,0.0000,0.0000,0,none,true,0.4504,preferred_382_618,0.200,diagnostic_only,diagnostic_only,diagnostic_only,shallow_pullback,24,0.400,true,none,0.550,high_quality,false,false,diagnostic_only,both,true,none,true,diagnostic_adjacent_detected,required_light,false,false,LONG,5,false,false,2,2025.08.22 13:55:00,2025.08.22 16:05:00,6,5.4797,0.00000000,172.52300000,172.52300000,true,true,m5_hl_close_break_down,172.52300000,true,0.4553,1.0081,true,1,0.0813,false,3,172.52300000,0.0976,off,false,not_evaluated,none,1.0000,0.0000,very_strong,false,true,true,0.0813,failed_1bar,true,favorable_side,0.0225,true,clean_retest,2.2602,4.8293,0.4680,0.6504,false,mild_exhaustion,0.0000,none,none,false,false,none,0.0000,0.0000,0.0000,0.0000,none,false,false,0.0000,0.0000,false,false,-1,none,none,false,0.000,0.000,172.44000000,172.35100000,172.35100000,previous_day_high,0.00100000,0.0054,session_low|opening_range_low|neckline_level,172.34900000,0.0488,false,true,false,false,not_blocked,2,2,0,m5_failure_exit,off,none,0.00000000,0.0000,1.30,172.11200000,4.200,-0.300,0.200,PERIOD_M15,172.48900000,172.32500000,0.1646,outside,0.000,true,172.35200000,172.53700000,0.18500000,172.11200000,1.297,0.06150000,30.00,30-60,true,false,none,blocked_spread_too_high,4.500,4.500,none,0.0000,false,neckline_retest_failed,false,not_invalidated,spread_too_high
2025.08.25 17:05:00,signal,session_reversal_pullback_one_symbol_first120,GBPUSD,LONG,2025.08.25 17:00:00,17,14,23,london_newyork_overlap,2025.08.25 13:00,60,first_120min,false,true,3,GBPUSD,highest_score_in_session_bar,london_newyork_overlap=USDJPY|EURJPY|GBPJPY|AUDJPY|EURUSD|GBPUSD,existing_first120_gate,london_newyork_overlap,false,false,true,passed_first_window,double_bottom,neckline_break_retest,1.35040000,PERIOD_M5,PERIOD_H1,PERIOD_M15,PERIOD_M5,PERIOD_M5,false,htf_soft_alignment,current_post_filter,transcript_post_filter,dow_range_or_transition,no_ordered_dow_wave3_break,dow_range_or_transition,no_ordered_dow_wave3_break,false,true,false,LONG,PERIOD_M5,double_bottom,double_bottom,4.200,none,0.000,double_bottom,4.200,none,0.000,LONG,false,PERIOD_H1_NONE_dow_range_or_transition|PERIOD_M15_NONE_no_ordered_dow_wave3_break,true,h1_counter_m15_reversal,true,top_NONE_dow_range_or_transition|structure_NONE_no_ordered_dow_wave3_break|structure_break_recent_confirmed_swing_break_failed|primary_break_recent_confirmed_swing_break_failed,none,above_75sma_rising,above_75sma_flat_or_falling,above_75sma_rising,-1,0.00000000,-1,0.00000000,false,off,NONE,NONE,0.00000000,0.00000000,0.0000,none,0.000,true,LONG,return_high_break_or_bos_up,1.35142000,8,1.35198000,1.34983000,false,off,independent,false,,,false,0.0000,none,0.0000,0.0000,none,0.0000,0.0000,0.0000,none,0.0000,0,0,0.0000,none,none,none,none,0.0000,0,0.0000,none,false,true,not_evaluated,true,required_light_or_anchor_flip,long_bias,1.34827000,2025.08.25 13:15:00,1.35080000,2025.08.25 11:30:00,2025.08.25 15:00:00,false,NONE,0.00000000,0.00000000,0.0000,-1,false,,-1,NONE,0.00000000,0.00000000,0.0000,0.0000,none,,none,false,NONE,-1,-1,-1,false,false,none,true,false,false,true,none,true,required,false,PERIOD_M5,,,-1,0.0000,false,0.00000000,0.0000,false,0.0000,false,none,none,false,no_anchor_flip_in_entry_direction,true,required_first_signal_only,LONG,unknown,0.00000000,,0.00000000,,false,,-1,false,NONE,0.00000000,,0.00000000,0.0000,0.0000,none,-1,false,false,false,no_anchor_flip_in_entry_direction,,,,false,false,false,-1,-1,-1,-1,-1,false,false,false,0.0000,rising_n,false,1.35264000,1.34827000,5.5467,false,0.0000,0.0000,0,none,true,0.3342,shallow_236_382,0.080,diagnostic_only,diagnostic_only,diagnostic_only,shallow_pullback,5,0.370,true,none,0.520,high_quality,false,false,diagnostic_only,both,true,none,true,diagnostic_adjacent_detected,required_light,false,false,SHORT,4,false,false,1,2025.08.25 15:00:00,2025.08.25 16:25:00,7,4.6667,1.35087000,0.00000000,1.35087000,true,true,m5_lh_close_break_up,1.35087000,true,0.7380,1.1287,true,1,0.7163,false,3,1.35087000,0.1302,off,false,not_evaluated,none,0.6000,0.0100,normal,false,true,true,0.7163,failed_1bar,true,back_inside,0.0300,false,weak_retest,2.0186,4.6667,0.4326,0.0000,true,strong_exhaustion,0.0000,none,none,false,false,none,0.0000,0.0000,0.0000,0.0000,none,false,false,0.0000,0.0000,false,false,-1,none,none,false,0.000,0.000,1.35087000,1.35068222,1.35097000,recent_rejection_zone,0.00023000,0.2323,opening_range_high|neckline_level,1.35087000,0.2822,false,true,true,false,not_blocked,7,4,3,m5_failure_exit,off,none,0.00000000,0.0000,1.30,1.35203000,4.200,-0.300,0.200,PERIOD_M15,1.35198000,1.34983000,0.5767,preferred_382_618,0.000,true,1.35074000,1.34975000,0.00099000,1.35203000,1.303,0.00046071,20.00,60-90,true,false,none,not_consumed,4.300,4.300,none,0.0000,false,opposite_break_first,true,opposite_break_first,spread_too_high
2025.08.25 17:05:00,blocked,session_reversal_pullback_one_symbol_first120,GBPUSD,LONG,2025.08.25 17:00:00,17,14,23,london_newyork_overlap,2025.08.25 13:00,60,first_120min,false,true,3,GBPUSD,highest_score_in_session_bar,london_newyork_overlap=USDJPY|EURJPY|GBPJPY|AUDJPY|EURUSD|GBPUSD,existing_first120_gate,london_newyork_overlap,false,false,true,passed_first_window,double_bottom,neckline_break_retest,1.35040000,PERIOD_M5,PERIOD_H1,PERIOD_M15,PERIOD_M5,PERIOD_M5,false,htf_soft_alignment,current_post_filter,transcript_post_filter,dow_range_or_transition,no_ordered_dow_wave3_break,dow_range_or_transition,no_ordered_dow_wave3_break,false,true,false,LONG,PERIOD_M5,double_bottom,double_bottom,4.200,none,0.000,double_bottom,4.200,none,0.000,LONG,false,PERIOD_H1_NONE_dow_range_or_transition|PERIOD_M15_NONE_no_ordered_dow_wave3_break,true,h1_counter_m15_reversal,true,top_NONE_dow_range_or_transition|structure_NONE_no_ordered_dow_wave3_break|structure_break_recent_confirmed_swing_break_failed|primary_break_recent_confirmed_swing_break_failed,none,above_75sma_rising,above_75sma_flat_or_falling,above_75sma_rising,-1,0.00000000,-1,0.00000000,false,off,NONE,NONE,0.00000000,0.00000000,0.0000,none,0.000,true,LONG,return_high_break_or_bos_up,1.35142000,8,1.35198000,1.34983000,false,off,independent,false,,,false,0.0000,none,0.0000,0.0000,none,0.0000,0.0000,0.0000,none,0.0000,0,0,0.0000,none,none,none,none,0.0000,0,0.0000,none,false,true,not_evaluated,true,required_light_or_anchor_flip,long_bias,1.34827000,2025.08.25 13:15:00,1.35080000,2025.08.25 11:30:00,2025.08.25 15:00:00,false,NONE,0.00000000,0.00000000,0.0000,-1,false,,-1,NONE,0.00000000,0.00000000,0.0000,0.0000,none,,none,false,NONE,-1,-1,-1,false,false,none,true,false,false,true,none,true,required,false,PERIOD_M5,,,-1,0.0000,false,0.00000000,0.0000,false,0.0000,false,none,none,false,no_anchor_flip_in_entry_direction,true,required_first_signal_only,LONG,unknown,0.00000000,,0.00000000,,false,,-1,false,NONE,0.00000000,,0.00000000,0.0000,0.0000,none,-1,false,false,false,no_anchor_flip_in_entry_direction,,,,false,false,false,-1,-1,-1,-1,-1,false,false,false,0.0000,rising_n,false,1.35264000,1.34827000,5.5467,false,0.0000,0.0000,0,none,true,0.3342,shallow_236_382,0.080,diagnostic_only,diagnostic_only,diagnostic_only,shallow_pullback,5,0.370,true,none,0.520,high_quality,false,false,diagnostic_only,both,true,none,true,diagnostic_adjacent_detected,required_light,false,false,SHORT,4,false,false,1,2025.08.25 15:00:00,2025.08.25 16:25:00,7,4.6667,1.35087000,0.00000000,1.35087000,true,true,m5_lh_close_break_up,1.35087000,true,0.7380,1.1287,true,1,0.7163,false,3,1.35087000,0.1302,off,false,not_evaluated,none,0.6000,0.0100,normal,false,true,true,0.7163,failed_1bar,true,back_inside,0.0300,false,weak_retest,2.0186,4.6667,0.4326,0.0000,true,strong_exhaustion,0.0000,none,none,false,false,none,0.0000,0.0000,0.0000,0.0000,none,false,false,0.0000,0.0000,false,false,-1,none,none,false,0.000,0.000,1.35087000,1.35068222,1.35097000,recent_rejection_zone,0.00023000,0.2323,opening_range_high|neckline_level,1.35087000,0.2822,false,true,true,false,not_blocked,7,4,3,m5_failure_exit,off,none,0.00000000,0.0000,1.30,1.35203000,4.200,-0.300,0.200,PERIOD_M15,1.35198000,1.34983000,0.5767,preferred_382_618,0.000,true,1.35074000,1.34975000,0.00099000,1.35203000,1.303,0.00046071,20.00,60-90,true,false,none,blocked_spread_too_high,4.300,4.300,none,0.0000,false,opposite_break_first,true,opposite_break_first,spread_too_high
2025.08.25 19:45:00,signal,session_reversal_pullback_one_symbol_first120,GBPJPY,SHORT,2025.08.25 19:40:00,19,16,1,new_york,2025.08.25 16:00,40,first_120min,true,true,3,GBPJPY,highest_score_in_session_bar,new_york=USDJPY|EURJPY|GBPJPY|AUDJPY|EURUSD|GBPUSD,existing_first120_gate,new_york,false,false,true,passed_first_window,head_and_shoulders,neckline_break_retest,199.03200000,PERIOD_M5,PERIOD_H1,PERIOD_M15,PERIOD_M5,PERIOD_M5,false,htf_soft_alignment,current_post_filter,transcript_post_filter,dow_range_or_transition,no_ordered_dow_wave3_break,dow_range_or_transition,no_ordered_dow_wave3_break,false,false,true,SHORT,PERIOD_M5,head_and_shoulders,head_and_shoulders,4.500,none,0.000,head_and_shoulders,4.500,none,0.000,SHORT,false,PERIOD_H1_NONE_dow_range_or_transition|PERIOD_M15_NONE_no_ordered_dow_wave3_break,true,h1_counter_m15_reversal,true,top_NONE_dow_range_or_transition|structure_NONE_no_ordered_dow_wave3_break|structure_break_recent_confirmed_swing_break_failed|primary_break_no_recent_confirmed_swing_break,none,above_75sma_rising,above_75sma_rising,below_75sma_flat_or_rising,-1,0.00000000,-1,0.00000000,false,off,NONE,NONE,0.00000000,0.00000000,0.0000,none,0.000,true,SHORT,return_low_break_or_bos_down,198.95700000,6,199.28200000,198.77500000,false,off,independent,false,,,false,0.0000,none,0.0000,0.0000,none,0.0000,0.0000,0.0000,none,0.0000,0,0,0.0000,none,none,none,none,0.0000,0,0.0000,none,false,true,not_evaluated,true,required_light_or_anchor_flip,long_bias,198.92100000,2025.08.25 18:00:00,199.17600000,2025.08.25 17:45:00,2025.08.25 18:45:00,false,NONE,0.00000000,0.00000000,0.0000,-1,false,,-1,NONE,0.00000000,0.00000000,0.0000,0.0000,none,,none,false,NONE,-1,-1,-1,false,false,none,false,true,false,true,none,true,required,false,PERIOD_M5,,,-1,0.0000,false,0.00000000,0.0000,false,0.0000,false,none,none,false,no_anchor_flip_in_entry_direction,true,required_first_signal_only,SHORT,unknown,0.00000000,,0.00000000,,false,,-1,false,NONE,0.00000000,,0.00000000,0.0000,0.0000,none,-1,false,false,false,no_anchor_flip_in_entry_direction,,,,false,false,false,-1,-1,-1,-1,-1,false,false,false,0.0000,rising_n,false,199.28200000,198.92100000,2.8683,false,0.0000,0.0000,0,none,true,0.4793,preferred_382_618,0.200,diagnostic_only,diagnostic_only,diagnostic_only,shallow_pullback,24,0.400,true,none,0.550,high_quality,false,false,diagnostic_only,both,true,none,true,diagnostic_adjacent_detected,required_light,false,false,LONG,4,false,false,1,2025.08.25 17:00:00,2025.08.25 18:45:00,11,5.2568,0.00000000,198.92100000,198.92100000,false,false,none,0.00000000,false,0.0000,0.0000,false,1,0.0000,false,-1,0.00000000,0.0000,off,false,not_evaluated,none,0.0000,0.0000,none,false,false,false,0.0000,none,false,none,0.0000,false,none,5.2568,4.4902,1.1707,0.6023,false,no_shrink,0.0000,none,none,false,false,none,0.0000,0.0000,0.0000,0.0000,none,false,false,0.0000,0.0000,false,false,-1,none,none,false,0.000,0.000,199.03200000,199.01600000,198.97100000,session_low,0.04700000,0.5165,opening_range_low|neckline_level,199.01600000,0.0365,false,true,false,false,not_blocked,4,4,0,m5_failure_exit,off,none,0.00000000,0.0000,1.30,198.90000000,4.500,-0.300,0.200,PERIOD_M15,199.28200000,198.92100000,0.2687,outside,0.000,true,199.01800000,199.10900000,0.09100000,198.90000000,1.297,0.05478571,38.00,30-60,true,false,none,not_consumed,4.600,4.600,none,0.0000,false,neckline_retest_failed,false,not_invalidated,spread_too_high
2025.08.25 19:45:00,blocked,session_reversal_pullback_one_symbol_first120,GBPJPY,SHORT,2025.08.25 19:40:00,19,16,1,new_york,2025.08.25 16:00,40,first_120min,true,true,3,GBPJPY,highest_score_in_session_bar,new_york=USDJPY|EURJPY|GBPJPY|AUDJPY|EURUSD|GBPUSD,existing_first120_gate,new_york,false,false,true,passed_first_window,head_and_shoulders,neckline_break_retest,199.03200000,PERIOD_M5,PERIOD_H1,PERIOD_M15,PERIOD_M5,PERIOD_M5,false,htf_soft_alignment,current_post_filter,transcript_post_filter,dow_range_or_transition,no_ordered_dow_wave3_break,dow_range_or_transition,no_ordered_dow_wave3_break,false,false,true,SHORT,PERIOD_M5,head_and_shoulders,head_and_shoulders,4.500,none,0.000,head_and_shoulders,4.500,none,0.000,SHORT,false,PERIOD_H1_NONE_dow_range_or_transition|PERIOD_M15_NONE_no_ordered_dow_wave3_break,true,h1_counter_m15_reversal,true,top_NONE_dow_range_or_transition|structure_NONE_no_ordered_dow_wave3_break|structure_break_recent_confirmed_swing_break_failed|primary_break_no_recent_confirmed_swing_break,none,above_75sma_rising,above_75sma_rising,below_75sma_flat_or_rising,-1,0.00000000,-1,0.00000000,false,off,NONE,NONE,0.00000000,0.00000000,0.0000,none,0.000,true,SHORT,return_low_break_or_bos_down,198.95700000,6,199.28200000,198.77500000,false,off,independent,false,,,false,0.0000,none,0.0000,0.0000,none,0.0000,0.0000,0.0000,none,0.0000,0,0,0.0000,none,none,none,none,0.0000,0,0.0000,none,false,true,not_evaluated,true,required_light_or_anchor_flip,long_bias,198.92100000,2025.08.25 18:00:00,199.17600000,2025.08.25 17:45:00,2025.08.25 18:45:00,false,NONE,0.00000000,0.00000000,0.0000,-1,false,,-1,NONE,0.00000000,0.00000000,0.0000,0.0000,none,,none,false,NONE,-1,-1,-1,false,false,none,false,true,false,true,none,true,required,false,PERIOD_M5,,,-1,0.0000,false,0.00000000,0.0000,false,0.0000,false,none,none,false,no_anchor_flip_in_entry_direction,true,required_first_signal_only,SHORT,unknown,0.00000000,,0.00000000,,false,,-1,false,NONE,0.00000000,,0.00000000,0.0000,0.0000,none,-1,false,false,false,no_anchor_flip_in_entry_direction,,,,false,false,false,-1,-1,-1,-1,-1,false,false,false,0.0000,rising_n,false,199.28200000,198.92100000,2.8683,false,0.0000,0.0000,0,none,true,0.4793,preferred_382_618,0.200,diagnostic_only,diagnostic_only,diagnostic_only,shallow_pullback,24,0.400,true,none,0.550,high_quality,false,false,diagnostic_only,both,true,none,true,diagnostic_adjacent_detected,required_light,false,false,LONG,4,false,false,1,2025.08.25 17:00:00,2025.08.25 18:45:00,11,5.2568,0.00000000,198.92100000,198.92100000,false,false,none,0.00000000,false,0.0000,0.0000,false,1,0.0000,false,-1,0.00000000,0.0000,off,false,not_evaluated,none,0.0000,0.0000,none,false,false,false,0.0000,none,false,none,0.0000,false,none,5.2568,4.4902,1.1707,0.6023,false,no_shrink,0.0000,none,none,false,false,none,0.0000,0.0000,0.0000,0.0000,none,false,false,0.0000,0.0000,false,false,-1,none,none,false,0.000,0.000,199.03200000,199.01600000,198.97100000,session_low,0.04700000,0.5165,opening_range_low|neckline_level,199.01600000,0.0365,false,true,false,false,not_blocked,4,4,0,m5_failure_exit,off,none,0.00000000,0.0000,1.30,198.90000000,4.500,-0.300,0.200,PERIOD_M15,199.28200000,198.92100000,0.2687,outside,0.000,true,199.01800000,199.10900000,0.09100000,198.90000000,1.297,0.05478571,38.00,30-60,true,false,none,blocked_spread_too_high,4.600,4.600,none,0.0000,false,neckline_retest_failed,false,not_invalidated,spread_too_high
2025.08.26 10:05:01,signal,session_reversal_pullback_one_symbol_first120,EURJPY,SHORT,2025.08.26 10:00:00,10,7,16,london,2025.08.26 07:00,0,first_120min,true,true,3,EURJPY,highest_score_in_session_bar,london=USDJPY|EURJPY|GBPJPY|AUDJPY|EURUSD|GBPUSD,existing_first120_gate,london,false,false,true,passed_first_window,head_and_shoulders,neckline_break_retest,171.81900000,PERIOD_M5,PERIOD_H1,PERIOD_M15,PERIOD_M5,PERIOD_M5,false,htf_soft_alignment,current_post_filter,transcript_post_filter,dow_range_or_transition,structure_trend_bias_dow_trend_down_ll_lh,dow_range_or_transition,structure_trend_bias_dow_trend_down_ll_lh,false,false,true,SHORT,PERIOD_M5,head_and_shoulders,head_and_shoulders,4.500,none,0.000,head_and_shoulders,4.500,none,0.000,SHORT,false,PERIOD_H1_NONE_dow_range_or_transition|PERIOD_M15_SHORT_structure_trend_bias_dow_trend_down_ll_lh,true,h1_counter_m15_reversal,true,top_NONE_dow_range_or_transition|structure_SHORT_structure_trend_bias_dow_trend_down_ll_lh|structure_break_recent_confirmed_swing_break_failed|primary_break_recent_confirmed_swing_break_continuation,none,below_75sma_flat_or_rising,below_75sma_falling,below_75sma_flat_or_rising,-1,0.00000000,0,171.89000000,false,off,NONE,NONE,0.00000000,0.00000000,0.0000,none,0.000,true,SHORT,return_low_break_or_bos_down,171.52300000,20,171.99200000,171.31600000,false,off,independent,false,,,false,0.0000,none,0.0000,0.0000,none,0.0000,0.0000,0.0000,none,0.0000,0,0,0.0000,none,none,none,none,0.0000,0,0.0000,none,false,true,not_evaluated,true,required_light_or_anchor_flip,long_bias,171.31600000,2025.08.26 03:45:00,171.72700000,2025.08.26 02:00:00,2025.08.26 09:00:00,false,NONE,0.00000000,0.00000000,0.0000,-1,false,,-1,NONE,0.00000000,0.00000000,0.0000,0.0000,none,,none,false,NONE,-1,-1,-1,false,false,none,false,true,false,true,none,true,required,false,PERIOD_M5,,,-1,0.0000,false,0.00000000,0.0000,false,0.0000,false,none,none,false,no_anchor_flip_in_entry_direction,true,required_first_signal_only,SHORT,unknown,0.00000000,,0.00000000,,false,,-1,false,NONE,0.00000000,,0.00000000,0.0000,0.0000,none,-1,false,false,false,no_anchor_flip_in_entry_direction,,,,false,false,false,-1,-1,-1,-1,-1,false,false,false,0.0000,range_n,true,171.99200000,171.31600000,6.3262,false,0.0000,0.0000,0,none,true,0.5680,preferred_382_618,0.200,diagnostic_only,diagnostic_only,diagnostic_only,deep_pullback,24,0.400,true,none,0.550,high_quality,false,false,diagnostic_only,both,true,none,true,diagnostic_adjacent_detected,required_light,false,false,LONG,6,false,false,0,2025.08.26 08:20:00,2025.08.26 09:20:00,8,3.5771,0.00000000,171.62100000,171.62100000,false,false,none,0.00000000,false,0.0000,0.0000,false,1,0.0000,false,-1,0.00000000,0.0000,off,false,not_evaluated,none,0.0000,0.0000,none,false,false,false,0.0000,none,false,none,0.0000,false,none,3.5771,0.9160,3.9053,0.0675,false,mild_exhaustion,0.0000,none,none,false,false,none,0.0000,0.0000,0.0000,0.0000,none,false,false,0.0000,0.0000,false,false,-1,none,none,false,0.000,0.000,171.72700000,171.67900000,171.66725000,recent_equal_lows,0.03275000,0.1053,session_low|opening_range_low|neckline_level,171.67900000,0.2025,false,true,true,false,not_blocked,8,4,4,m5_failure_exit,off,none,0.00000000,0.0000,1.30,171.29600000,4.500,-0.300,0.200,PERIOD_M15,171.72700000,171.31600000,0.9343,outside,0.000,true,171.70000000,172.01100000,0.31100000,171.29600000,1.299,0.10371429,30.00,0-30,true,false,none,not_consumed,4.800,4.800,none,0.0000,false,opposite_break_first,true,opposite_break_first,spread_too_high
2025.08.26 10:05:01,blocked,session_reversal_pullback_one_symbol_first120,EURJPY,SHORT,2025.08.26 10:00:00,10,7,16,london,2025.08.26 07:00,0,first_120min,true,true,3,EURJPY,highest_score_in_session_bar,london=USDJPY|EURJPY|GBPJPY|AUDJPY|EURUSD|GBPUSD,existing_first120_gate,london,false,false,true,passed_first_window,head_and_shoulders,neckline_break_retest,171.81900000,PERIOD_M5,PERIOD_H1,PERIOD_M15,PERIOD_M5,PERIOD_M5,false,htf_soft_alignment,current_post_filter,transcript_post_filter,dow_range_or_transition,structure_trend_bias_dow_trend_down_ll_lh,dow_range_or_transition,structure_trend_bias_dow_trend_down_ll_lh,false,false,true,SHORT,PERIOD_M5,head_and_shoulders,head_and_shoulders,4.500,none,0.000,head_and_shoulders,4.500,none,0.000,SHORT,false,PERIOD_H1_NONE_dow_range_or_transition|PERIOD_M15_SHORT_structure_trend_bias_dow_trend_down_ll_lh,true,h1_counter_m15_reversal,true,top_NONE_dow_range_or_transition|structure_SHORT_structure_trend_bias_dow_trend_down_ll_lh|structure_break_recent_confirmed_swing_break_failed|primary_break_recent_confirmed_swing_break_continuation,none,below_75sma_flat_or_rising,below_75sma_falling,below_75sma_flat_or_rising,-1,0.00000000,0,171.89000000,false,off,NONE,NONE,0.00000000,0.00000000,0.0000,none,0.000,true,SHORT,return_low_break_or_bos_down,171.52300000,20,171.99200000,171.31600000,false,off,independent,false,,,false,0.0000,none,0.0000,0.0000,none,0.0000,0.0000,0.0000,none,0.0000,0,0,0.0000,none,none,none,none,0.0000,0,0.0000,none,false,true,not_evaluated,true,required_light_or_anchor_flip,long_bias,171.31600000,2025.08.26 03:45:00,171.72700000,2025.08.26 02:00:00,2025.08.26 09:00:00,false,NONE,0.00000000,0.00000000,0.0000,-1,false,,-1,NONE,0.00000000,0.00000000,0.0000,0.0000,none,,none,false,NONE,-1,-1,-1,false,false,none,false,true,false,true,none,true,required,false,PERIOD_M5,,,-1,0.0000,false,0.00000000,0.0000,false,0.0000,false,none,none,false,no_anchor_flip_in_entry_direction,true,required_first_signal_only,SHORT,unknown,0.00000000,,0.00000000,,false,,-1,false,NONE,0.00000000,,0.00000000,0.0000,0.0000,none,-1,false,false,false,no_anchor_flip_in_entry_direction,,,,false,false,false,-1,-1,-1,-1,-1,false,false,false,0.0000,range_n,true,171.99200000,171.31600000,6.3262,false,0.0000,0.0000,0,none,true,0.5680,preferred_382_618,0.200,diagnostic_only,diagnostic_only,diagnostic_only,deep_pullback,24,0.400,true,none,0.550,high_quality,false,false,diagnostic_only,both,true,none,true,diagnostic_adjacent_detected,required_light,false,false,LONG,6,false,false,0,2025.08.26 08:20:00,2025.08.26 09:20:00,8,3.5771,0.00000000,171.62100000,171.62100000,false,false,none,0.00000000,false,0.0000,0.0000,false,1,0.0000,false,-1,0.00000000,0.0000,off,false,not_evaluated,none,0.0000,0.0000,none,false,false,false,0.0000,none,false,none,0.0000,false,none,3.5771,0.9160,3.9053,0.0675,false,mild_exhaustion,0.0000,none,none,false,false,none,0.0000,0.0000,0.0000,0.0000,none,false,false,0.0000,0.0000,false,false,-1,none,none,false,0.000,0.000,171.72700000,171.67900000,171.66725000,recent_equal_lows,0.03275000,0.1053,session_low|opening_range_low|neckline_level,171.67900000,0.2025,false,true,true,false,not_blocked,8,4,4,m5_failure_exit,off,none,0.00000000,0.0000,1.30,171.29600000,4.500,-0.300,0.200,PERIOD_M15,171.72700000,171.31600000,0.9343,outside,0.000,true,171.70000000,172.01100000,0.31100000,171.29600000,1.299,0.10371429,30.00,0-30,true,false,none,blocked_spread_too_high,4.800,4.800,none,0.0000,false,opposite_break_first,true,opposite_break_first,spread_too_high
2025.08.26 17:25:00,signal,session_reversal_pullback_one_symbol_first120,USDJPY,LONG,2025.08.26 17:20:00,17,14,23,london_newyork_overlap,2025.08.26 13:00,80,first_120min,false,true,3,USDJPY,highest_score_in_session_bar,london_newyork_overlap=USDJPY|EURJPY|GBPJPY|AUDJPY|EURUSD|GBPUSD,existing_first120_gate,london_newyork_overlap,true,false,true,passed_first_window,double_bottom,neckline_break_retest,147.54400000,PERIOD_M5,PERIOD_H1,PERIOD_M15,PERIOD_M5,PERIOD_M5,false,htf_soft_alignment,current_post_filter,transcript_post_filter,dow_trend_down_ll_lh,no_ordered_dow_wave3_break,dow_trend_down_ll_lh,no_ordered_dow_wave3_break,false,true,true,LONG,PERIOD_M5,double_bottom,double_bottom,4.200,none,0.000,double_bottom,4.200,none,0.000,LONG,true,PERIOD_H1_SHORT_dow_trend_down_ll_lh|PERIOD_M15_NONE_no_ordered_dow_wave3_break,true,h1_counter_m15_reversal,true,top_SHORT_dow_trend_down_ll_lh|structure_NONE_no_ordered_dow_wave3_break|structure_break_recent_confirmed_swing_break_retest|primary_break_recent_confirmed_swing_break_failed,none,below_75sma_falling,above_75sma_flat_or_falling,above_75sma_flat_or_falling,0,147.66400000,-1,0.00000000,false,off,NONE,NONE,0.00000000,0.00000000,0.0000,none,0.000,true,LONG,return_high_break_or_bos_up,147.66400000,0,147.69200000,147.31700000,false,off,independent,false,,,false,0.0000,none,0.0000,0.0000,none,0.0000,0.0000,0.0000,none,0.0000,0,0,0.0000,none,none,none,none,0.0000,0,0.0000,none,false,true,not_evaluated,true,required_light_or_anchor_flip,long_bias,147.31700000,2025.08.26 15:00:00,147.66400000,2025.08.26 13:30:00,2025.08.26 16:00:00,false,NONE,0.00000000,0.00000000,0.0000,-1,false,,-1,NONE,0.00000000,0.00000000,0.0000,0.0000,none,,none,false,NONE,-1,-1,-1,false,false,none,true,false,false,true,none,true,required,false,PERIOD_M5,,,-1,0.0000,false,0.00000000,0.0000,false,0.0000,false,none,none,false,no_anchor_flip_in_entry_direction,true,required_first_signal_only,LONG,unknown,0.00000000,,0.00000000,,false,,-1,false,NONE,0.00000000,,0.00000000,0.0000,0.0000,none,-1,false,false,false,no_anchor_flip_in_entry_direction,,,,false,false,false,-1,-1,-1,-1,-1,false,false,false,0.0000,range_n,true,147.67900000,147.31700000,3.2076,false,0.0000,0.0000,0,none,true,0.3307,shallow_236_382,0.080,diagnostic_only,diagnostic_only,diagnostic_only,fib_pullback,24,0.330,true,none,0.480,high_quality,false,false,diagnostic_only,both,true,none,true,diagnostic_adjacent_detected,required_light,false,false,SHORT,3,false,false,0,,,-1,0.0000,0.00000000,0.00000000,0.00000000,false,false,none,0.00000000,false,0.0000,0.0000,false,1,0.0000,false,-1,0.00000000,0.0000,off,false,not_evaluated,none,0.0000,0.0000,none,false,false,false,0.0000,none,false,none,0.0000,false,none,0.0000,0.0000,0.0000,0.0000,false,none,0.0000,none,none,false,false,none,0.0000,0.0000,0.0000,0.0000,none,false,false,0.0000,0.0000,false,false,-1,none,none,false,0.000,0.000,147.61860000,147.54400000,147.61860000,recent_equal_lows,0.05060000,0.5816,neckline_level,147.54400000,0.3046,false,true,true,false,not_blocked,4,2,2,m5_failure_exit,off,none,0.00000000,0.0000,1.30,147.68100000,4.200,-0.300,0.200,PERIOD_M15,147.67900000,147.31700000,0.3066,outside,0.000,true,147.56800000,147.48100000,0.08700000,147.68100000,1.299,0.07878571,18.00,60-90,true,false,none,not_consumed,4.650,4.650,none,0.0000,false,neckline_retest_failed,false,not_invalidated,spread_too_high
2025.08.26 17:25:00,blocked,session_reversal_pullback_one_symbol_first120,USDJPY,LONG,2025.08.26 17:20:00,17,14,23,london_newyork_overlap,2025.08.26 13:00,80,first_120min,false,true,3,USDJPY,highest_score_in_session_bar,london_newyork_overlap=USDJPY|EURJPY|GBPJPY|AUDJPY|EURUSD|GBPUSD,existing_first120_gate,london_newyork_overlap,true,false,true,passed_first_window,double_bottom,neckline_break_retest,147.54400000,PERIOD_M5,PERIOD_H1,PERIOD_M15,PERIOD_M5,PERIOD_M5,false,htf_soft_alignment,current_post_filter,transcript_post_filter,dow_trend_down_ll_lh,no_ordered_dow_wave3_break,dow_trend_down_ll_lh,no_ordered_dow_wave3_break,false,true,true,LONG,PERIOD_M5,double_bottom,double_bottom,4.200,none,0.000,double_bottom,4.200,none,0.000,LONG,true,PERIOD_H1_SHORT_dow_trend_down_ll_lh|PERIOD_M15_NONE_no_ordered_dow_wave3_break,true,h1_counter_m15_reversal,true,top_SHORT_dow_trend_down_ll_lh|structure_NONE_no_ordered_dow_wave3_break|structure_break_recent_confirmed_swing_break_retest|primary_break_recent_confirmed_swing_break_failed,none,below_75sma_falling,above_75sma_flat_or_falling,above_75sma_flat_or_falling,0,147.66400000,-1,0.00000000,false,off,NONE,NONE,0.00000000,0.00000000,0.0000,none,0.000,true,LONG,return_high_break_or_bos_up,147.66400000,0,147.69200000,147.31700000,false,off,independent,false,,,false,0.0000,none,0.0000,0.0000,none,0.0000,0.0000,0.0000,none,0.0000,0,0,0.0000,none,none,none,none,0.0000,0,0.0000,none,false,true,not_evaluated,true,required_light_or_anchor_flip,long_bias,147.31700000,2025.08.26 15:00:00,147.66400000,2025.08.26 13:30:00,2025.08.26 16:00:00,false,NONE,0.00000000,0.00000000,0.0000,-1,false,,-1,NONE,0.00000000,0.00000000,0.0000,0.0000,none,,none,false,NONE,-1,-1,-1,false,false,none,true,false,false,true,none,true,required,false,PERIOD_M5,,,-1,0.0000,false,0.00000000,0.0000,false,0.0000,false,none,none,false,no_anchor_flip_in_entry_direction,true,required_first_signal_only,LONG,unknown,0.00000000,,0.00000000,,false,,-1,false,NONE,0.00000000,,0.00000000,0.0000,0.0000,none,-1,false,false,false,no_anchor_flip_in_entry_direction,,,,false,false,false,-1,-1,-1,-1,-1,false,false,false,0.0000,range_n,true,147.67900000,147.31700000,3.2076,false,0.0000,0.0000,0,none,true,0.3307,shallow_236_382,0.080,diagnostic_only,diagnostic_only,diagnostic_only,fib_pullback,24,0.330,true,none,0.480,high_quality,false,false,diagnostic_only,both,true,none,true,diagnostic_adjacent_detected,required_light,false,false,SHORT,3,false,false,0,,,-1,0.0000,0.00000000,0.00000000,0.00000000,false,false,none,0.00000000,false,0.0000,0.0000,false,1,0.0000,false,-1,0.00000000,0.0000,off,false,not_evaluated,none,0.0000,0.0000,none,false,false,false,0.0000,none,false,none,0.0000,false,none,0.0000,0.0000,0.0000,0.0000,false,none,0.0000,none,none,false,false,none,0.0000,0.0000,0.0000,0.0000,none,false,false,0.0000,0.0000,false,false,-1,none,none,false,0.000,0.000,147.61860000,147.54400000,147.61860000,recent_equal_lows,0.05060000,0.5816,neckline_level,147.54400000,0.3046,false,true,true,false,not_blocked,4,2,2,m5_failure_exit,off,none,0.00000000,0.0000,1.30,147.68100000,4.200,-0.300,0.200,PERIOD_M15,147.67900000,147.31700000,0.3066,outside,0.000,true,147.56800000,147.48100000,0.08700000,147.68100000,1.299,0.07878571,18.00,60-90,true,false,none,blocked_spread_too_high,4.650,4.650,none,0.0000,false,neckline_retest_failed,false,not_invalidated,spread_too_high
2025.08.26 19:55:01,signal,session_reversal_pullback_one_symbol_first120,AUDJPY,SHORT,2025.08.26 19:50:00,19,16,1,new_york,2025.08.26 16:00,50,first_120min,true,true,3,AUDJPY,highest_score_in_session_bar,new_york=USDJPY|EURJPY|GBPJPY|AUDJPY|EURUSD|GBPUSD,existing_first120_gate,new_york,true,false,true,passed_first_window,double_top,neckline_break_retest,95.68600000,PERIOD_M5,PERIOD_H1,PERIOD_M15,PERIOD_M5,PERIOD_M5,false,htf_soft_alignment,current_post_filter,transcript_post_filter,dow_range_or_transition,structure_trend_bias_dow_trend_up_hh_hl,dow_range_or_transition,structure_trend_bias_dow_trend_up_hh_hl,false,false,true,SHORT,PERIOD_M5,double_top,double_top,4.200,none,0.000,double_top,4.200,none,0.000,SHORT,false,PERIOD_H1_NONE_dow_range_or_transition|PERIOD_M15_LONG_structure_trend_bias_dow_trend_up_hh_hl,true,h1_counter_m15_reversal,true,top_NONE_dow_range_or_transition|structure_LONG_structure_trend_bias_dow_trend_up_hh_hl|structure_break_recent_confirmed_swing_break_retest|primary_break_recent_confirmed_swing_break_continuation,none,above_75sma_rising,below_75sma_falling,below_75sma_falling,1,95.63400000,0,95.75500000,false,off,NONE,NONE,0.00000000,0.00000000,0.0000,none,0.000,true,SHORT,return_low_break_or_bos_down,95.63400000,1,95.83400000,95.63400000,false,off,independent,false,,,false,0.0000,none,0.0000,0.0000,none,0.0000,0.0000,0.0000,none,0.0000,0,0,0.0000,none,none,none,none,0.0000,0,0.0000,none,false,true,not_evaluated,true,required_light_or_anchor_flip,bias_flip_down,95.63400000,2025.08.26 16:30:00,95.74700000,2025.08.26 14:30:00,2025.08.26 17:30:00,true,SHORT,95.63400000,95.60900000,0.3767,1,true,2025.08.26 19:15:00,1,SHORT,95.63400000,95.60900000,0.3767,0.9494,normal,2025.08.26 19:15:00,first_after_anchor,true,SHORT,1,1,1,true,false,fresh_0_4,true,false,false,true,none,true,required,true,PERIOD_M5,2025.08.26 19:20:00,2025.08.26 19:20:00,7,1.3468,true,95.63400000,1.3468,false,0.0000,true,m5_bearish_close_after_anchor_retest,retest_reconfirm,true,none,true,required_first_signal_only,SHORT,unknown,0.00000000,,0.00000000,,false,,-1,false,NONE,0.00000000,,0.00000000,0.0000,0.0000,none,-1,false,false,false,insufficient_confirmed_m5_pivots,AUDJPY|SHORT|1756235700|95.634,,,false,false,false,-1,-1,-1,-1,-1,false,false,false,0.0000,range_n,true,95.83400000,95.61300000,3.3305,true,0.9494,0.3438,0,normal,true,0.3469,shallow_236_382,0.080,diagnostic_only,diagnostic_only,diagnostic_only,shallow_pullback,8,0.320,true,none,0.470,high_quality,false,false,diagnostic_only,both,true,none,true,diagnostic_adjacent_detected,required_light,false,false,LONG,4,false,false,0,2025.08.26 17:30:00,2025.08.26 19:30:00,4,7.7987,0.00000000,95.58500000,95.58500000,false,false,none,0.00000000,false,0.0000,0.0000,false,1,0.0000,false,-1,0.00000000,0.0000,off,false,not_evaluated,none,0.0000,0.0000,none,false,false,false,0.0000,none,false,none,0.0000,false,none,7.6734,2.4743,3.1013,0.0000,true,strong_exhaustion,0.0000,none,none,false,false,none,0.0000,0.0000,0.0000,0.0000,none,false,false,0.0000,0.0000,false,false,-1,none,none,false,0.000,0.000,95.67600000,95.67100000,95.67100000,recent_rejection_zone,0.00300000,0.0476,neckline_level,95.68600000,0.3758,false,true,true,false,not_blocked,5,1,4,m5_failure_exit,off,none,0.00000000,0.0000,1.30,95.59200000,4.200,-0.300,0.200,PERIOD_M15,95.83400000,95.63400000,0.2000,outside,0.000,true,95.67400000,95.73700000,0.06300000,95.59200000,1.302,0.03192857,28.00,30-60,true,false,none,not_consumed,4.850,4.850,none,0.0000,false,neckline_retest_failed,false,not_invalidated,spread_too_high
2025.08.26 19:55:01,blocked,session_reversal_pullback_one_symbol_first120,AUDJPY,SHORT,2025.08.26 19:50:00,19,16,1,new_york,2025.08.26 16:00,50,first_120min,true,true,3,AUDJPY,highest_score_in_session_bar,new_york=USDJPY|EURJPY|GBPJPY|AUDJPY|EURUSD|GBPUSD,existing_first120_gate,new_york,true,false,true,passed_first_window,double_top,neckline_break_retest,95.68600000,PERIOD_M5,PERIOD_H1,PERIOD_M15,PERIOD_M5,PERIOD_M5,false,htf_soft_alignment,current_post_filter,transcript_post_filter,dow_range_or_transition,structure_trend_bias_dow_trend_up_hh_hl,dow_range_or_transition,structure_trend_bias_dow_trend_up_hh_hl,false,false,true,SHORT,PERIOD_M5,double_top,double_top,4.200,none,0.000,double_top,4.200,none,0.000,SHORT,false,PERIOD_H1_NONE_dow_range_or_transition|PERIOD_M15_LONG_structure_trend_bias_dow_trend_up_hh_hl,true,h1_counter_m15_reversal,true,top_NONE_dow_range_or_transition|structure_LONG_structure_trend_bias_dow_trend_up_hh_hl|structure_break_recent_confirmed_swing_break_retest|primary_break_recent_confirmed_swing_break_continuation,none,above_75sma_rising,below_75sma_falling,below_75sma_falling,1,95.63400000,0,95.75500000,false,off,NONE,NONE,0.00000000,0.00000000,0.0000,none,0.000,true,SHORT,return_low_break_or_bos_down,95.63400000,1,95.83400000,95.63400000,false,off,independent,false,,,false,0.0000,none,0.0000,0.0000,none,0.0000,0.0000,0.0000,none,0.0000,0,0,0.0000,none,none,none,none,0.0000,0,0.0000,none,false,true,not_evaluated,true,required_light_or_anchor_flip,bias_flip_down,95.63400000,2025.08.26 16:30:00,95.74700000,2025.08.26 14:30:00,2025.08.26 17:30:00,true,SHORT,95.63400000,95.60900000,0.3767,1,true,2025.08.26 19:15:00,1,SHORT,95.63400000,95.60900000,0.3767,0.9494,normal,2025.08.26 19:15:00,first_after_anchor,true,SHORT,1,1,1,true,false,fresh_0_4,true,false,false,true,none,true,required,true,PERIOD_M5,2025.08.26 19:20:00,2025.08.26 19:20:00,7,1.3468,true,95.63400000,1.3468,false,0.0000,true,m5_bearish_close_after_anchor_retest,retest_reconfirm,true,none,true,required_first_signal_only,SHORT,unknown,0.00000000,,0.00000000,,false,,-1,false,NONE,0.00000000,,0.00000000,0.0000,0.0000,none,-1,false,false,false,insufficient_confirmed_m5_pivots,AUDJPY|SHORT|1756235700|95.634,,,false,false,false,-1,-1,-1,-1,-1,false,false,false,0.0000,range_n,true,95.83400000,95.61300000,3.3305,true,0.9494,0.3438,0,normal,true,0.3469,shallow_236_382,0.080,diagnostic_only,diagnostic_only,diagnostic_only,shallow_pullback,8,0.320,true,none,0.470,high_quality,false,false,diagnostic_only,both,true,none,true,diagnostic_adjacent_detected,required_light,false,false,LONG,4,false,false,0,2025.08.26 17:30:00,2025.08.26 19:30:00,4,7.7987,0.00000000,95.58500000,95.58500000,false,false,none,0.00000000,false,0.0000,0.0000,false,1,0.0000,false,-1,0.00000000,0.0000,off,false,not_evaluated,none,0.0000,0.0000,none,false,false,false,0.0000,none,false,none,0.0000,false,none,7.6734,2.4743,3.1013,0.0000,true,strong_exhaustion,0.0000,none,none,false,false,none,0.0000,0.0000,0.0000,0.0000,none,false,false,0.0000,0.0000,false,false,-1,none,none,false,0.000,0.000,95.67600000,95.67100000,95.67100000,recent_rejection_zone,0.00300000,0.0476,neckline_level,95.68600000,0.3758,false,true,true,false,not_blocked,5,1,4,m5_failure_exit,off,none,0.00000000,0.0000,1.30,95.59200000,4.200,-0.300,0.200,PERIOD_M15,95.83400000,95.63400000,0.2000,outside,0.000,true,95.67400000,95.73700000,0.06300000,95.59200000,1.302,0.03192857,28.00,30-60,true,false,none,blocked_spread_too_high,4.850,4.850,none,0.0000,false,neckline_retest_failed,false,not_invalidated,spread_too_high
2025.08.27 19:05:00,signal,session_reversal_pullback_one_symbol_first120,EURJPY,LONG,2025.08.27 19:00:00,19,16,1,new_york,2025.08.27 16:00,0,first_120min,true,true,3,EURJPY,highest_score_in_session_bar,new_york=USDJPY|EURJPY|GBPJPY|AUDJPY|EURUSD|GBPUSD,existing_first120_gate,new_york,false,false,true,passed_first_window,inverse_head_and_shoulders,neckline_break_retest,171.51000000,PERIOD_M5,PERIOD_H1,PERIOD_M15,PERIOD_M5,PERIOD_M5,false,htf_soft_alignment,current_post_filter,transcript_post_filter,dow_trend_down_ll_lh,no_ordered_dow_wave3_break,dow_trend_down_ll_lh,no_ordered_dow_wave3_break,false,true,false,LONG,PERIOD_M5,inverse_head_and_shoulders,inverse_head_and_shoulders,4.500,none,0.000,inverse_head_and_shoulders,4.500,none,0.000,LONG,false,PERIOD_H1_SHORT_dow_trend_down_ll_lh|PERIOD_M15_NONE_no_ordered_dow_wave3_break,true,h1_counter_m15_reversal,true,top_SHORT_dow_trend_down_ll_lh|structure_NONE_no_ordered_dow_wave3_break|structure_break_recent_confirmed_swing_break_failed|primary_break_recent_confirmed_swing_break_continuation,none,below_75sma_falling,below_75sma_falling,above_75sma_rising,-1,0.00000000,0,171.49100000,false,off,NONE,NONE,0.00000000,0.00000000,0.0000,none,0.000,true,LONG,return_high_break_or_bos_up,171.68700000,8,171.77200000,171.34100000,false,off,independent,false,,,false,0.0000,none,0.0000,0.0000,none,0.0000,0.0000,0.0000,none,0.0000,0,0,0.0000,none,none,none,none,0.0000,0,0.0000,none,false,true,not_evaluated,true,required_light_or_anchor_flip,short_bias,171.48000000,2025.08.27 15:45:00,171.77200000,2025.08.27 16:45:00,2025.08.27 17:45:00,false,NONE,0.00000000,0.00000000,0.0000,-1,false,,-1,NONE,0.00000000,0.00000000,0.0000,0.0000,none,,none,false,NONE,-1,-1,-1,false,false,none,false,true,false,true,none,true,required,false,PERIOD_M5,,,-1,0.0000,false,0.00000000,0.0000,false,0.0000,false,none,none,false,no_anchor_flip_in_entry_direction,true,required_first_signal_only,LONG,unknown,0.00000000,,0.00000000,,false,,-1,false,NONE,0.00000000,,0.00000000,0.0000,0.0000,none,-1,false,false,false,no_anchor_flip_in_entry_direction,,,,false,false,false,-1,-1,-1,-1,-1,false,false,false,0.0000,range_n,true,171.77200000,171.34100000,3.3653,false,0.0000,0.0000,0,none,true,0.4548,preferred_382_618,0.200,diagnostic_only,diagnostic_only,diagnostic_only,shallow_pullback,4,0.440,true,none,0.590,high_quality,false,false,diagnostic_only,both,true,none,true,diagnostic_adjacent_detected,required_light,false,false,SHORT,6,false,false,1,2025.08.27 16:55:00,2025.08.27 18:20:00,8,7.8466,171.49100000,0.00000000,171.49100000,true,true,m5_lh_close_break_up,171.49100000,true,0.1092,0.3277,true,1,0.0000,false,3,171.49100000,0.0728,off,false,not_evaluated,none,0.5429,0.4571,normal,true,false,false,0.0000,held_clean,true,favorable_side,0.0741,true,clean_retest,1.4746,7.8466,0.1879,0.0000,true,strong_exhaustion,0.0000,none,none,false,false,none,0.0000,0.0000,0.0000,0.0000,none,false,false,0.0000,0.0000,false,false,-1,none,none,false,0.000,0.000,171.77200000,171.56100000,171.77200000,structure_confirmed_swing_high,0.19600000,1.1879,session_high|opening_range_high|neckline_level,171.56100000,0.2731,false,true,false,false,not_blocked,1,1,0,m5_failure_exit,off,none,0.00000000,0.0000,1.30,171.79000000,4.500,0.150,0.200,PERIOD_M15,171.77200000,171.34100000,0.4548,preferred_382_618,0.000,true,171.57600000,171.41100000,0.16500000,171.79000000,1.297,0.05492857,30.00,0-30,true,false,none,not_consumed,5.250,5.250,none,0.0000,false,neckline_retest_failed,false,not_invalidated,spread_too_high
2025.08.27 19:05:00,blocked,session_reversal_pullback_one_symbol_first120,EURJPY,LONG,2025.08.27 19:00:00,19,16,1,new_york,2025.08.27 16:00,0,first_120min,true,true,3,EURJPY,highest_score_in_session_bar,new_york=USDJPY|EURJPY|GBPJPY|AUDJPY|EURUSD|GBPUSD,existing_first120_gate,new_york,false,false,true,passed_first_window,inverse_head_and_shoulders,neckline_break_retest,171.51000000,PERIOD_M5,PERIOD_H1,PERIOD_M15,PERIOD_M5,PERIOD_M5,false,htf_soft_alignment,current_post_filter,transcript_post_filter,dow_trend_down_ll_lh,no_ordered_dow_wave3_break,dow_trend_down_ll_lh,no_ordered_dow_wave3_break,false,true,false,LONG,PERIOD_M5,inverse_head_and_shoulders,inverse_head_and_shoulders,4.500,none,0.000,inverse_head_and_shoulders,4.500,none,0.000,LONG,false,PERIOD_H1_SHORT_dow_trend_down_ll_lh|PERIOD_M15_NONE_no_ordered_dow_wave3_break,true,h1_counter_m15_reversal,true,top_SHORT_dow_trend_down_ll_lh|structure_NONE_no_ordered_dow_wave3_break|structure_break_recent_confirmed_swing_break_failed|primary_break_recent_confirmed_swing_break_continuation,none,below_75sma_falling,below_75sma_falling,above_75sma_rising,-1,0.00000000,0,171.49100000,false,off,NONE,NONE,0.00000000,0.00000000,0.0000,none,0.000,true,LONG,return_high_break_or_bos_up,171.68700000,8,171.77200000,171.34100000,false,off,independent,false,,,false,0.0000,none,0.0000,0.0000,none,0.0000,0.0000,0.0000,none,0.0000,0,0,0.0000,none,none,none,none,0.0000,0,0.0000,none,false,true,not_evaluated,true,required_light_or_anchor_flip,short_bias,171.48000000,2025.08.27 15:45:00,171.77200000,2025.08.27 16:45:00,2025.08.27 17:45:00,false,NONE,0.00000000,0.00000000,0.0000,-1,false,,-1,NONE,0.00000000,0.00000000,0.0000,0.0000,none,,none,false,NONE,-1,-1,-1,false,false,none,false,true,false,true,none,true,required,false,PERIOD_M5,,,-1,0.0000,false,0.00000000,0.0000,false,0.0000,false,none,none,false,no_anchor_flip_in_entry_direction,true,required_first_signal_only,LONG,unknown,0.00000000,,0.00000000,,false,,-1,false,NONE,0.00000000,,0.00000000,0.0000,0.0000,none,-1,false,false,false,no_anchor_flip_in_entry_direction,,,,false,false,false,-1,-1,-1,-1,-1,false,false,false,0.0000,range_n,true,171.77200000,171.34100000,3.3653,false,0.0000,0.0000,0,none,true,0.4548,preferred_382_618,0.200,diagnostic_only,diagnostic_only,diagnostic_only,shallow_pullback,4,0.440,true,none,0.590,high_quality,false,false,diagnostic_only,both,true,none,true,diagnostic_adjacent_detected,required_light,false,false,SHORT,6,false,false,1,2025.08.27 16:55:00,2025.08.27 18:20:00,8,7.8466,171.49100000,0.00000000,171.49100000,true,true,m5_lh_close_break_up,171.49100000,true,0.1092,0.3277,true,1,0.0000,false,3,171.49100000,0.0728,off,false,not_evaluated,none,0.5429,0.4571,normal,true,false,false,0.0000,held_clean,true,favorable_side,0.0741,true,clean_retest,1.4746,7.8466,0.1879,0.0000,true,strong_exhaustion,0.0000,none,none,false,false,none,0.0000,0.0000,0.0000,0.0000,none,false,false,0.0000,0.0000,false,false,-1,none,none,false,0.000,0.000,171.77200000,171.56100000,171.77200000,structure_confirmed_swing_high,0.19600000,1.1879,session_high|opening_range_high|neckline_level,171.56100000,0.2731,false,true,false,false,not_blocked,1,1,0,m5_failure_exit,off,none,0.00000000,0.0000,1.30,171.79000000,4.500,0.150,0.200,PERIOD_M15,171.77200000,171.34100000,0.4548,preferred_382_618,0.000,true,171.57600000,171.41100000,0.16500000,171.79000000,1.297,0.05492857,30.00,0-30,true,false,none,blocked_spread_too_high,5.250,5.250,none,0.0000,false,neckline_retest_failed,false,not_invalidated,spread_too_high
2025.08.28 04:10:00,signal,session_reversal_pullback_one_symbol_first120,GBPJPY,SHORT,2025.08.28 04:05:00,4,1,10,tokyo,2025.08.28 00:00,65,first_120min,false,true,3,GBPJPY,highest_score_in_session_bar,tokyo=USDJPY|EURJPY|GBPJPY|AUDJPY,existing_first120_gate,tokyo,false,false,true,passed_first_window,head_and_shoulders,neckline_break_retest,198.97500000,PERIOD_M5,PERIOD_H1,PERIOD_M15,PERIOD_M5,PERIOD_M5,false,htf_soft_alignment,current_post_filter,transcript_post_filter,dow_trend_up_hh_hl,no_ordered_dow_wave3_break,dow_trend_up_hh_hl,no_ordered_dow_wave3_break,false,true,true,SHORT,PERIOD_M5,head_and_shoulders,head_and_shoulders,4.500,none,0.000,head_and_shoulders,4.500,none,0.000,SHORT,false,PERIOD_H1_LONG_dow_trend_up_hh_hl|PERIOD_M15_NONE_no_ordered_dow_wave3_break,true,h1_counter_m15_reversal,true,top_LONG_dow_trend_up_hh_hl|structure_NONE_no_ordered_dow_wave3_break|structure_break_recent_confirmed_swing_break_failed|primary_break_recent_confirmed_swing_break_retest,none,above_75sma_rising,below_75sma_flat_or_rising,above_75sma_rising,-1,0.00000000,0,198.97100000,false,off,NONE,NONE,0.00000000,0.00000000,0.0000,none,0.000,true,SHORT,return_low_break_or_bos_down,198.79800000,9,199.09600000,198.66600000,false,off,independent,false,,,false,0.0000,none,0.0000,0.0000,none,0.0000,0.0000,0.0000,none,0.0000,0,0,0.0000,none,none,none,none,0.0000,0,0.0000,none,false,true,not_evaluated,true,required_light_or_anchor_flip,short_bias,198.88100000,2025.08.27 15:45:00,199.08600000,2025.08.27 22:30:00,2025.08.28 00:00:00,false,NONE,0.00000000,0.00000000,0.0000,-1,false,,-1,NONE,0.00000000,0.00000000,0.0000,0.0000,none,,none,false,NONE,-1,-1,-1,false,false,none,true,false,false,true,none,true,required,false,PERIOD_M5,,,-1,0.0000,false,0.00000000,0.0000,false,0.0000,false,none,none,false,no_anchor_flip_in_entry_direction,true,required_first_signal_only,SHORT,unknown,0.00000000,,0.00000000,,false,,-1,false,NONE,0.00000000,,0.00000000,0.0000,0.0000,none,-1,false,false,false,no_anchor_flip_in_entry_direction,,,,false,false,false,-1,-1,-1,-1,-1,false,false,false,0.0000,range_n,true,199.09100000,198.66600000,3.5757,false,0.0000,0.0000,0,none,true,0.5814,preferred_382_618,0.200,diagnostic_only,diagnostic_only,diagnostic_only,fib_pullback,24,0.450,true,none,0.600,high_quality,false,false,diagnostic_only,both,true,none,true,diagnostic_adjacent_detected,required_light,false,false,LONG,5,false,false,2,2025.08.28 01:45:00,2025.08.28 03:40:00,5,5.0851,0.00000000,198.97100000,198.97100000,true,true,m5_hl_close_break_down,198.97100000,true,0.4227,1.5371,true,1,0.0000,true,3,198.97100000,0.0897,off,false,not_evaluated,none,0.6289,0.3711,strong,true,false,false,0.0000,held_clean,true,favorable_side,0.7660,false,clean_retest,1.6011,4.9186,0.3255,0.1665,false,mild_exhaustion,0.0000,none,none,false,false,none,0.0000,0.0000,0.0000,0.0000,none,false,false,0.0000,0.0000,false,false,-1,none,none,false,0.000,0.000,198.95200000,198.91200000,198.91200000,structure_confirmed_swing_high,0.00400000,0.0209,opening_range_low|neckline_level,198.90000000,0.2049,false,true,true,false,not_blocked,7,5,2,m5_failure_exit,off,none,0.00000000,0.0000,1.30,198.66800000,4.500,-0.300,0.200,PERIOD_M15,198.91200000,198.69900000,1.0188,outside,0.000,true,198.91600000,199.10700000,0.19100000,198.66800000,1.298,0.07807143,38.00,60-90,true,false,none,not_consumed,4.800,4.800,none,0.0000,false,opposite_break_first,true,opposite_break_first,spread_too_high
2025.08.28 04:10:00,blocked,session_reversal_pullback_one_symbol_first120,GBPJPY,SHORT,2025.08.28 04:05:00,4,1,10,tokyo,2025.08.28 00:00,65,first_120min,false,true,3,GBPJPY,highest_score_in_session_bar,tokyo=USDJPY|EURJPY|GBPJPY|AUDJPY,existing_first120_gate,tokyo,false,false,true,passed_first_window,head_and_shoulders,neckline_break_retest,198.97500000,PERIOD_M5,PERIOD_H1,PERIOD_M15,PERIOD_M5,PERIOD_M5,false,htf_soft_alignment,current_post_filter,transcript_post_filter,dow_trend_up_hh_hl,no_ordered_dow_wave3_break,dow_trend_up_hh_hl,no_ordered_dow_wave3_break,false,true,true,SHORT,PERIOD_M5,head_and_shoulders,head_and_shoulders,4.500,none,0.000,head_and_shoulders,4.500,none,0.000,SHORT,false,PERIOD_H1_LONG_dow_trend_up_hh_hl|PERIOD_M15_NONE_no_ordered_dow_wave3_break,true,h1_counter_m15_reversal,true,top_LONG_dow_trend_up_hh_hl|structure_NONE_no_ordered_dow_wave3_break|structure_break_recent_confirmed_swing_break_failed|primary_break_recent_confirmed_swing_break_retest,none,above_75sma_rising,below_75sma_flat_or_rising,above_75sma_rising,-1,0.00000000,0,198.97100000,false,off,NONE,NONE,0.00000000,0.00000000,0.0000,none,0.000,true,SHORT,return_low_break_or_bos_down,198.79800000,9,199.09600000,198.66600000,false,off,independent,false,,,false,0.0000,none,0.0000,0.0000,none,0.0000,0.0000,0.0000,none,0.0000,0,0,0.0000,none,none,none,none,0.0000,0,0.0000,none,false,true,not_evaluated,true,required_light_or_anchor_flip,short_bias,198.88100000,2025.08.27 15:45:00,199.08600000,2025.08.27 22:30:00,2025.08.28 00:00:00,false,NONE,0.00000000,0.00000000,0.0000,-1,false,,-1,NONE,0.00000000,0.00000000,0.0000,0.0000,none,,none,false,NONE,-1,-1,-1,false,false,none,true,false,false,true,none,true,required,false,PERIOD_M5,,,-1,0.0000,false,0.00000000,0.0000,false,0.0000,false,none,none,false,no_anchor_flip_in_entry_direction,true,required_first_signal_only,SHORT,unknown,0.00000000,,0.00000000,,false,,-1,false,NONE,0.00000000,,0.00000000,0.0000,0.0000,none,-1,false,false,false,no_anchor_flip_in_entry_direction,,,,false,false,false,-1,-1,-1,-1,-1,false,false,false,0.0000,range_n,true,199.09100000,198.66600000,3.5757,false,0.0000,0.0000,0,none,true,0.5814,preferred_382_618,0.200,diagnostic_only,diagnostic_only,diagnostic_only,fib_pullback,24,0.450,true,none,0.600,high_quality,false,false,diagnostic_only,both,true,none,true,diagnostic_adjacent_detected,required_light,false,false,LONG,5,false,false,2,2025.08.28 01:45:00,2025.08.28 03:40:00,5,5.0851,0.00000000,198.97100000,198.97100000,true,true,m5_hl_close_break_down,198.97100000,true,0.4227,1.5371,true,1,0.0000,true,3,198.97100000,0.0897,off,false,not_evaluated,none,0.6289,0.3711,strong,true,false,false,0.0000,held_clean,true,favorable_side,0.7660,false,clean_retest,1.6011,4.9186,0.3255,0.1665,false,mild_exhaustion,0.0000,none,none,false,false,none,0.0000,0.0000,0.0000,0.0000,none,false,false,0.0000,0.0000,false,false,-1,none,none,false,0.000,0.000,198.95200000,198.91200000,198.91200000,structure_confirmed_swing_high,0.00400000,0.0209,opening_range_low|neckline_level,198.90000000,0.2049,false,true,true,false,not_blocked,7,5,2,m5_failure_exit,off,none,0.00000000,0.0000,1.30,198.66800000,4.500,-0.300,0.200,PERIOD_M15,198.91200000,198.69900000,1.0188,outside,0.000,true,198.91600000,199.10700000,0.19100000,198.66800000,1.298,0.07807143,38.00,60-90,true,false,none,blocked_spread_too_high,4.800,4.800,none,0.0000,false,opposite_break_first,true,opposite_break_first,spread_too_high
2025.08.28 10:55:00,signal,session_reversal_pullback_one_symbol_first120,USDJPY,SHORT,2025.08.28 10:50:00,10,7,16,london,2025.08.28 07:00,50,first_120min,true,true,3,USDJPY,highest_score_in_session_bar,london=USDJPY|EURJPY|GBPJPY|AUDJPY|EURUSD|GBPUSD,existing_first120_gate,london,false,false,true,passed_first_window,head_and_shoulders,neckline_break_retest,147.28600000,PERIOD_M5,PERIOD_H1,PERIOD_M15,PERIOD_M5,PERIOD_M5,false,htf_soft_alignment,current_post_filter,transcript_post_filter,dow_range_or_transition,structure_trend_bias_dow_trend_down_ll_lh,dow_range_or_transition,structure_trend_bias_dow_trend_down_ll_lh,false,false,true,SHORT,PERIOD_M5,head_and_shoulders,head_and_shoulders,4.500,none,0.000,head_and_shoulders,4.500,none,0.000,SHORT,false,PERIOD_H1_NONE_dow_range_or_transition|PERIOD_M15_SHORT_structure_trend_bias_dow_trend_down_ll_lh,true,h1_counter_m15_reversal,true,top_NONE_dow_range_or_transition|structure_SHORT_structure_trend_bias_dow_trend_down_ll_lh|structure_break_recent_confirmed_swing_break_failed|primary_break_no_recent_confirmed_swing_break,none,below_75sma_falling,below_75sma_falling,above_75sma_flat_or_falling,-1,0.00000000,-1,0.00000000,false,off,NONE,NONE,0.00000000,0.00000000,0.0000,none,0.000,true,SHORT,return_low_break_or_bos_down,147.19600000,5,147.43700000,146.99300000,false,off,independent,false,,,false,0.0000,none,0.0000,0.0000,none,0.0000,0.0000,0.0000,none,0.0000,0,0,0.0000,none,none,none,none,0.0000,0,0.0000,none,false,true,not_evaluated,true,required_light_or_anchor_flip,bias_flip_up,147.19600000,2025.08.28 01:45:00,147.20200000,2025.08.28 08:00:00,2025.08.28 09:00:00,true,LONG,147.20200000,147.25800000,0.6022,4,true,2025.08.28 09:30:00,4,LONG,147.20200000,147.25800000,0.6022,0.9677,strong,2025.08.28 10:30:00,first_after_anchor,true,LONG,4,0,4,true,false,fresh_0_4,false,true,false,true,none,true,required,false,PERIOD_M5,,,-1,0.0000,false,0.00000000,0.0000,false,0.0000,false,none,none,false,no_anchor_flip_in_entry_direction,true,required_first_signal_only,SHORT,unknown,0.00000000,,0.00000000,,false,,-1,false,NONE,0.00000000,,0.00000000,0.0000,0.0000,none,-1,false,false,false,no_anchor_flip_in_entry_direction,,,,false,false,false,-1,-1,-1,-1,-1,false,false,false,0.0000,falling_n,false,147.47400000,146.99300000,5.1720,true,0.9677,0.2241,4,strong,true,0.5811,preferred_382_618,0.200,diagnostic_only,diagnostic_only,diagnostic_only,shallow_pullback,24,0.400,true,none,0.550,high_quality,false,false,diagnostic_only,both,true,none,true,diagnostic_adjacent_detected,required_light,false,false,LONG,5,false,false,1,2025.08.28 08:35:00,2025.08.28 10:15:00,7,6.4913,0.00000000,146.99300000,146.99300000,false,false,none,0.00000000,false,0.0000,0.0000,false,1,0.0000,false,-1,0.00000000,0.0000,off,false,not_evaluated,none,0.0000,0.0000,none,false,false,false,0.0000,none,false,none,0.0000,false,none,6.4913,1.8731,3.4655,3.2780,false,no_shrink,0.0000,none,none,false,false,none,0.0000,0.0000,0.0000,0.0000,none,false,false,0.0000,0.0000,false,false,-1,none,none,false,0.000,0.000,147.25683333,147.24700000,147.24000000,previous_day_low,0.01100000,0.0932,opening_range_low|neckline_level,147.24700000,0.0646,false,true,false,false,not_blocked,3,3,0,m5_failure_exit,off,none,0.00000000,0.0000,1.30,147.09700000,4.500,-0.300,0.200,PERIOD_M15,147.20200000,146.99300000,1.2344,outside,0.000,true,147.25100000,147.36900000,0.11800000,147.09700000,1.305,0.06192857,19.00,30-60,true,false,none,not_consumed,4.600,4.600,none,0.0000,false,opposite_break_first,true,opposite_break_first,spread_too_high
2025.08.28 10:55:00,blocked,session_reversal_pullback_one_symbol_first120,USDJPY,SHORT,2025.08.28 10:50:00,10,7,16,london,2025.08.28 07:00,50,first_120min,true,true,3,USDJPY,highest_score_in_session_bar,london=USDJPY|EURJPY|GBPJPY|AUDJPY|EURUSD|GBPUSD,existing_first120_gate,london,false,false,true,passed_first_window,head_and_shoulders,neckline_break_retest,147.28600000,PERIOD_M5,PERIOD_H1,PERIOD_M15,PERIOD_M5,PERIOD_M5,false,htf_soft_alignment,current_post_filter,transcript_post_filter,dow_range_or_transition,structure_trend_bias_dow_trend_down_ll_lh,dow_range_or_transition,structure_trend_bias_dow_trend_down_ll_lh,false,false,true,SHORT,PERIOD_M5,head_and_shoulders,head_and_shoulders,4.500,none,0.000,head_and_shoulders,4.500,none,0.000,SHORT,false,PERIOD_H1_NONE_dow_range_or_transition|PERIOD_M15_SHORT_structure_trend_bias_dow_trend_down_ll_lh,true,h1_counter_m15_reversal,true,top_NONE_dow_range_or_transition|structure_SHORT_structure_trend_bias_dow_trend_down_ll_lh|structure_break_recent_confirmed_swing_break_failed|primary_break_no_recent_confirmed_swing_break,none,below_75sma_falling,below_75sma_falling,above_75sma_flat_or_falling,-1,0.00000000,-1,0.00000000,false,off,NONE,NONE,0.00000000,0.00000000,0.0000,none,0.000,true,SHORT,return_low_break_or_bos_down,147.19600000,5,147.43700000,146.99300000,false,off,independent,false,,,false,0.0000,none,0.0000,0.0000,none,0.0000,0.0000,0.0000,none,0.0000,0,0,0.0000,none,none,none,none,0.0000,0,0.0000,none,false,true,not_evaluated,true,required_light_or_anchor_flip,bias_flip_up,147.19600000,2025.08.28 01:45:00,147.20200000,2025.08.28 08:00:00,2025.08.28 09:00:00,true,LONG,147.20200000,147.25800000,0.6022,4,true,2025.08.28 09:30:00,4,LONG,147.20200000,147.25800000,0.6022,0.9677,strong,2025.08.28 10:30:00,first_after_anchor,true,LONG,4,0,4,true,false,fresh_0_4,false,true,false,true,none,true,required,false,PERIOD_M5,,,-1,0.0000,false,0.00000000,0.0000,false,0.0000,false,none,none,false,no_anchor_flip_in_entry_direction,true,required_first_signal_only,SHORT,unknown,0.00000000,,0.00000000,,false,,-1,false,NONE,0.00000000,,0.00000000,0.0000,0.0000,none,-1,false,false,false,no_anchor_flip_in_entry_direction,,,,false,false,false,-1,-1,-1,-1,-1,false,false,false,0.0000,falling_n,false,147.47400000,146.99300000,5.1720,true,0.9677,0.2241,4,strong,true,0.5811,preferred_382_618,0.200,diagnostic_only,diagnostic_only,diagnostic_only,shallow_pullback,24,0.400,true,none,0.550,high_quality,false,false,diagnostic_only,both,true,none,true,diagnostic_adjacent_detected,required_light,false,false,LONG,5,false,false,1,2025.08.28 08:35:00,2025.08.28 10:15:00,7,6.4913,0.00000000,146.99300000,146.99300000,false,false,none,0.00000000,false,0.0000,0.0000,false,1,0.0000,false,-1,0.00000000,0.0000,off,false,not_evaluated,none,0.0000,0.0000,none,false,false,false,0.0000,none,false,none,0.0000,false,none,6.4913,1.8731,3.4655,3.2780,false,no_shrink,0.0000,none,none,false,false,none,0.0000,0.0000,0.0000,0.0000,none,false,false,0.0000,0.0000,false,false,-1,none,none,false,0.000,0.000,147.25683333,147.24700000,147.24000000,previous_day_low,0.01100000,0.0932,opening_range_low|neckline_level,147.24700000,0.0646,false,true,false,false,not_blocked,3,3,0,m5_failure_exit,off,none,0.00000000,0.0000,1.30,147.09700000,4.500,-0.300,0.200,PERIOD_M15,147.20200000,146.99300000,1.2344,outside,0.000,true,147.25100000,147.36900000,0.11800000,147.09700000,1.305,0.06192857,19.00,30-60,true,false,none,blocked_spread_too_high,4.600,4.600,none,0.0000,false,opposite_break_first,true,opposite_break_first,spread_too_high
2025.08.28 16:20:00,signal,session_reversal_pullback_one_symbol_first120,USDJPY,LONG,2025.08.28 16:15:00,16,13,22,london_newyork_overlap,2025.08.28 13:00,15,first_120min,true,true,3,USDJPY,highest_score_in_session_bar,london_newyork_overlap=USDJPY|EURJPY|GBPJPY|AUDJPY|EURUSD|GBPUSD,existing_first120_gate,london_newyork_overlap,false,false,true,passed_first_window,inverse_head_and_shoulders,neckline_break_retest,147.14300000,PERIOD_M5,PERIOD_H1,PERIOD_M15,PERIOD_M5,PERIOD_M5,false,htf_soft_alignment,current_post_filter,transcript_post_filter,dow_trend_down_ll_lh,structure_trend_bias_dow_trend_down_ll_lh,dow_trend_down_ll_lh,structure_trend_bias_dow_trend_down_ll_lh,false,true,false,LONG,PERIOD_M5,inverse_head_and_shoulders,inverse_head_and_shoulders,4.500,none,0.000,inverse_head_and_shoulders,4.500,none,0.000,LONG,true,PERIOD_H1_SHORT_dow_trend_down_ll_lh|PERIOD_M15_SHORT_structure_trend_bias_dow_trend_down_ll_lh,true,h1_counter_m15_reversal,true,top_SHORT_dow_trend_down_ll_lh|structure_SHORT_structure_trend_bias_dow_trend_down_ll_lh|structure_break_recent_confirmed_swing_break_retest|primary_break_recent_confirmed_swing_break_retest,none,below_75sma_falling,below_75sma_falling,above_75sma_flat_or_falling,18,147.20200000,1,147.16100000,false,off,NONE,NONE,0.00000000,0.00000000,0.0000,none,0.000,true,LONG,return_high_break_or_bos_up,147.20200000,18,147.36300000,146.79900000,false,off,independent,false,,,false,0.0000,none,0.0000,0.0000,none,0.0000,0.0000,0.0000,none,0.0000,0,0,0.0000,none,none,none,none,0.0000,0,0.0000,none,false,true,not_evaluated,true,required_light_or_anchor_flip,bias_flip_up,146.99300000,2025.08.28 09:00:00,147.16100000,2025.08.28 13:00:00,2025.08.28 14:30:00,true,LONG,147.16100000,147.18200000,0.1615,0,true,2025.08.28 16:00:00,0,LONG,147.16100000,147.18200000,0.1615,0.6769,normal,2025.08.28 16:00:00,first_after_anchor,true,LONG,0,0,0,true,false,fresh_0_4,true,false,false,true,none,true,required,true,PERIOD_M5,2025.08.28 16:05:00,2025.08.28 16:05:00,3,0.8966,true,147.16100000,0.8966,false,0.0000,true,m5_bullish_close_after_anchor_retest,retest_reconfirm,true,none,true,required_first_signal_only,LONG,unknown,0.00000000,,0.00000000,,false,,-1,false,NONE,0.00000000,,0.00000000,0.0000,0.0000,none,-1,false,false,false,insufficient_confirmed_m5_pivots,USDJPY|LONG|1756396800|147.161,,,false,false,false,-1,-1,-1,-1,-1,false,false,false,0.0000,falling_n,false,147.39500000,146.79900000,4.5846,true,0.6769,0.4054,0,normal,true,0.3809,shallow_236_382,0.080,diagnostic_only,diagnostic_only,diagnostic_only,shallow_pullback,6,0.320,true,none,0.470,high_quality,false,false,diagnostic_only,both,true,none,true,diagnostic_adjacent_detected,required_light,false,false,SHORT,7,false,false,0,2025.08.28 14:45:00,2025.08.28 15:45:00,6,3.0837,147.16100000,0.00000000,147.16100000,true,true,m5_lh_close_break_up,147.16100000,true,0.2069,0.1675,true,1,0.0788,true,1,147.16100000,0.2463,off,false,not_evaluated,none,0.9362,0.0638,normal,false,true,true,0.0788,failed_1bar,true,back_inside,0.3469,false,weak_retest,2.9064,1.0936,2.6577,0.0000,true,strong_exhaustion,0.0000,none,none,false,false,none,0.0000,0.0000,0.0000,0.0000,none,false,false,0.0000,0.0000,false,false,-1,none,none,false,0.000,0.000,147.18850000,147.16100000,147.18850000,recent_equal_highs,0.02050000,0.0724,neckline_level,147.14300000,0.2463,false,true,true,false,not_blocked,7,4,3,m5_failure_exit,off,none,0.00000000,0.0000,1.30,147.53600000,4.500,-0.300,0.200,PERIOD_M15,147.16100000,146.79900000,-0.0193,outside,0.000,true,147.16800000,146.88500000,0.28300000,147.53600000,1.300,0.10150000,15.00,0-30,true,false,none,not_consumed,5.150,5.150,none,0.0000,false,neckline_retest_failed,false,not_invalidated,
2025.08.28 16:20:00,order_sent,session_reversal_pullback_one_symbol_first120,USDJPY,LONG,2025.08.28 16:15:00,16,13,22,london_newyork_overlap,2025.08.28 13:00,15,first_120min,true,true,3,USDJPY,highest_score_in_session_bar,london_newyork_overlap=USDJPY|EURJPY|GBPJPY|AUDJPY|EURUSD|GBPUSD,existing_first120_gate,london_newyork_overlap,false,false,true,passed_first_window,inverse_head_and_shoulders,neckline_break_retest,147.14300000,PERIOD_M5,PERIOD_H1,PERIOD_M15,PERIOD_M5,PERIOD_M5,false,htf_soft_alignment,current_post_filter,transcript_post_filter,dow_trend_down_ll_lh,structure_trend_bias_dow_trend_down_ll_lh,dow_trend_down_ll_lh,structure_trend_bias_dow_trend_down_ll_lh,false,true,false,LONG,PERIOD_M5,inverse_head_and_shoulders,inverse_head_and_shoulders,4.500,none,0.000,inverse_head_and_shoulders,4.500,none,0.000,LONG,true,PERIOD_H1_SHORT_dow_trend_down_ll_lh|PERIOD_M15_SHORT_structure_trend_bias_dow_trend_down_ll_lh,true,h1_counter_m15_reversal,true,top_SHORT_dow_trend_down_ll_lh|structure_SHORT_structure_trend_bias_dow_trend_down_ll_lh|structure_break_recent_confirmed_swing_break_retest|primary_break_recent_confirmed_swing_break_retest,none,below_75sma_falling,below_75sma_falling,above_75sma_flat_or_falling,18,147.20200000,1,147.16100000,false,off,NONE,NONE,0.00000000,0.00000000,0.0000,none,0.000,true,LONG,return_high_break_or_bos_up,147.20200000,18,147.36300000,146.79900000,false,off,independent,false,,,false,0.0000,none,0.0000,0.0000,none,0.0000,0.0000,0.0000,none,0.0000,0,0,0.0000,none,none,none,none,0.0000,0,0.0000,none,false,true,not_evaluated,true,required_light_or_anchor_flip,bias_flip_up,146.99300000,2025.08.28 09:00:00,147.16100000,2025.08.28 13:00:00,2025.08.28 14:30:00,true,LONG,147.16100000,147.18200000,0.1615,0,true,2025.08.28 16:00:00,0,LONG,147.16100000,147.18200000,0.1615,0.6769,normal,2025.08.28 16:00:00,first_after_anchor,true,LONG,0,0,0,true,false,fresh_0_4,true,false,false,true,none,true,required,true,PERIOD_M5,2025.08.28 16:05:00,2025.08.28 16:05:00,3,0.8966,true,147.16100000,0.8966,false,0.0000,true,m5_bullish_close_after_anchor_retest,retest_reconfirm,true,none,true,required_first_signal_only,LONG,unknown,0.00000000,,0.00000000,,false,,-1,false,NONE,0.00000000,,0.00000000,0.0000,0.0000,none,-1,false,false,false,insufficient_confirmed_m5_pivots,USDJPY|LONG|1756396800|147.161,,,false,false,false,-1,-1,-1,-1,-1,false,false,false,0.0000,falling_n,false,147.39500000,146.79900000,4.5846,true,0.6769,0.4054,0,normal,true,0.3809,shallow_236_382,0.080,diagnostic_only,diagnostic_only,diagnostic_only,shallow_pullback,6,0.320,true,none,0.470,high_quality,false,false,diagnostic_only,both,true,none,true,diagnostic_adjacent_detected,required_light,false,false,SHORT,7,false,false,0,2025.08.28 14:45:00,2025.08.28 15:45:00,6,3.0837,147.16100000,0.00000000,147.16100000,true,true,m5_lh_close_break_up,147.16100000,true,0.2069,0.1675,true,1,0.0788,true,1,147.16100000,0.2463,off,false,not_evaluated,none,0.9362,0.0638,normal,false,true,true,0.0788,failed_1bar,true,back_inside,0.3469,false,weak_retest,2.9064,1.0936,2.6577,0.0000,true,strong_exhaustion,0.0000,none,none,false,false,none,0.0000,0.0000,0.0000,0.0000,none,false,false,0.0000,0.0000,false,false,-1,none,none,false,0.000,0.000,147.18850000,147.16100000,147.18850000,recent_equal_highs,0.02050000,0.0724,neckline_level,147.14300000,0.2463,false,true,true,false,not_blocked,7,4,3,m5_failure_exit,off,none,0.00000000,0.0000,1.30,147.53600000,4.500,-0.300,0.200,PERIOD_M15,147.16100000,146.79900000,-0.0193,outside,0.000,true,147.16800000,146.88500000,0.28300000,147.53600000,1.300,0.10150000,15.00,0-30,true,false,none,order_sent,5.150,5.150,none,0.0000,false,neckline_retest_failed,false,not_invalidated,
2025.08.28 19:10:00,signal,session_reversal_pullback_one_symbol_first120,EURJPY,LONG,2025.08.28 19:05:00,19,16,1,new_york,2025.08.28 16:00,5,first_120min,true,true,3,EURJPY,highest_score_in_session_bar,new_york=USDJPY|EURJPY|GBPJPY|AUDJPY|EURUSD|GBPUSD,existing_first120_gate,new_york,false,false,true,passed_first_window,inverse_head_and_shoulders,neckline_break_retest,171.57100000,PERIOD_M5,PERIOD_H1,PERIOD_M15,PERIOD_M5,PERIOD_M5,false,htf_soft_alignment,current_post_filter,transcript_post_filter,dow_range_or_transition,structure_trend_bias_dow_trend_up_hh_hl,dow_range_or_transition,structure_trend_bias_dow_trend_up_hh_hl,false,true,false,LONG,PERIOD_M5,inverse_head_and_shoulders,inverse_head_and_shoulders,4.500,none,0.000,inverse_head_and_shoulders,4.500,none,0.000,LONG,false,PERIOD_H1_NONE_dow_range_or_transition|PERIOD_M15_LONG_structure_trend_bias_dow_trend_up_hh_hl,true,h1_counter_m15_reversal,true,top_NONE_dow_range_or_transition|structure_LONG_structure_trend_bias_dow_trend_up_hh_hl|structure_break_recent_confirmed_swing_break_failed|primary_break_recent_confirmed_swing_break_continuation,none,below_75sma_falling,above_75sma_rising,above_75sma_rising,-1,0.00000000,0,171.54500000,false,off,NONE,NONE,0.00000000,0.00000000,0.0000,none,0.000,true,LONG,return_high_break_or_bos_up,171.73300000,7,171.78000000,171.25300000,false,off,independent,false,,,false,0.0000,none,0.0000,0.0000,none,0.0000,0.0000,0.0000,none,0.0000,0,0,0.0000,none,none,none,none,0.0000,0,0.0000,none,false,true,not_evaluated,true,required_light_or_anchor_flip,bias_flip_down,171.56500000,2025.08.28 16:30:00,171.54500000,2025.08.28 13:30:00,2025.08.28 17:00:00,true,SHORT,171.56500000,171.51400000,0.3908,4,true,2025.08.28 17:45:00,4,SHORT,171.56500000,171.51400000,0.3908,0.4291,strong,2025.08.28 18:45:00,first_after_anchor,true,SHORT,4,0,4,true,false,fresh_0_4,false,true,false,true,none,true,required,false,PERIOD_M5,,,-1,0.0000,false,0.00000000,0.0000,false,0.0000,false,none,none,false,no_anchor_flip_in_entry_direction,true,required_first_signal_only,LONG,unknown,0.00000000,,0.00000000,,false,,-1,false,NONE,0.00000000,,0.00000000,0.0000,0.0000,none,-1,false,false,false,no_anchor_flip_in_entry_direction,,,,false,false,false,-1,-1,-1,-1,-1,false,false,false,0.0000,rising_n,false,171.78000000,171.25300000,4.0383,true,0.4291,0.4862,2,strong,true,0.3302,shallow_236_382,0.080,diagnostic_only,diagnostic_only,diagnostic_only,shallow_pullback,24,0.280,true,none,0.430,high_quality,false,false,diagnostic_only,both,true,none,true,diagnostic_adjacent_detected,required_light,false,false,SHORT,3,false,false,0,,,-1,0.0000,0.00000000,0.00000000,0.00000000,false,false,none,0.00000000,false,0.0000,0.0000,false,1,0.0000,false,-1,0.00000000,0.0000,off,false,not_evaluated,none,0.0000,0.0000,none,false,false,false,0.0000,none,false,none,0.0000,false,none,0.0000,0.0000,0.0000,0.0000,false,none,0.0000,none,none,false,false,none,0.0000,0.0000,0.0000,0.0000,none,false,false,0.0000,0.0000,false,false,-1,none,none,false,0.000,0.000,171.60900000,171.60300000,171.60900000,pre_session_high,0.00300000,0.0200,session_high|opening_range_high|neckline_level,171.59200000,0.2808,false,true,true,false,not_blocked,4,2,2,m5_failure_exit,off,none,0.00000000,0.0000,1.30,171.80000000,4.500,-0.300,0.200,PERIOD_M15,171.78000000,171.56500000,0.8093,outside,0.000,true,171.60600000,171.45600000,0.15000000,171.80000000,1.293,0.04985714,30.00,0-30,true,false,none,not_consumed,4.800,4.800,none,0.0000,false,neckline_retest_failed,false,not_invalidated,spread_too_high
2025.08.28 19:10:00,blocked,session_reversal_pullback_one_symbol_first120,EURJPY,LONG,2025.08.28 19:05:00,19,16,1,new_york,2025.08.28 16:00,5,first_120min,true,true,3,EURJPY,highest_score_in_session_bar,new_york=USDJPY|EURJPY|GBPJPY|AUDJPY|EURUSD|GBPUSD,existing_first120_gate,new_york,false,false,true,passed_first_window,inverse_head_and_shoulders,neckline_break_retest,171.57100000,PERIOD_M5,PERIOD_H1,PERIOD_M15,PERIOD_M5,PERIOD_M5,false,htf_soft_alignment,current_post_filter,transcript_post_filter,dow_range_or_transition,structure_trend_bias_dow_trend_up_hh_hl,dow_range_or_transition,structure_trend_bias_dow_trend_up_hh_hl,false,true,false,LONG,PERIOD_M5,inverse_head_and_shoulders,inverse_head_and_shoulders,4.500,none,0.000,inverse_head_and_shoulders,4.500,none,0.000,LONG,false,PERIOD_H1_NONE_dow_range_or_transition|PERIOD_M15_LONG_structure_trend_bias_dow_trend_up_hh_hl,true,h1_counter_m15_reversal,true,top_NONE_dow_range_or_transition|structure_LONG_structure_trend_bias_dow_trend_up_hh_hl|structure_break_recent_confirmed_swing_break_failed|primary_break_recent_confirmed_swing_break_continuation,none,below_75sma_falling,above_75sma_rising,above_75sma_rising,-1,0.00000000,0,171.54500000,false,off,NONE,NONE,0.00000000,0.00000000,0.0000,none,0.000,true,LONG,return_high_break_or_bos_up,171.73300000,7,171.78000000,171.25300000,false,off,independent,false,,,false,0.0000,none,0.0000,0.0000,none,0.0000,0.0000,0.0000,none,0.0000,0,0,0.0000,none,none,none,none,0.0000,0,0.0000,none,false,true,not_evaluated,true,required_light_or_anchor_flip,bias_flip_down,171.56500000,2025.08.28 16:30:00,171.54500000,2025.08.28 13:30:00,2025.08.28 17:00:00,true,SHORT,171.56500000,171.51400000,0.3908,4,true,2025.08.28 17:45:00,4,SHORT,171.56500000,171.51400000,0.3908,0.4291,strong,2025.08.28 18:45:00,first_after_anchor,true,SHORT,4,0,4,true,false,fresh_0_4,false,true,false,true,none,true,required,false,PERIOD_M5,,,-1,0.0000,false,0.00000000,0.0000,false,0.0000,false,none,none,false,no_anchor_flip_in_entry_direction,true,required_first_signal_only,LONG,unknown,0.00000000,,0.00000000,,false,,-1,false,NONE,0.00000000,,0.00000000,0.0000,0.0000,none,-1,false,false,false,no_anchor_flip_in_entry_direction,,,,false,false,false,-1,-1,-1,-1,-1,false,false,false,0.0000,rising_n,false,171.78000000,171.25300000,4.0383,true,0.4291,0.4862,2,strong,true,0.3302,shallow_236_382,0.080,diagnostic_only,diagnostic_only,diagnostic_only,shallow_pullback,24,0.280,true,none,0.430,high_quality,false,false,diagnostic_only,both,true,none,true,diagnostic_adjacent_detected,required_light,false,false,SHORT,3,false,false,0,,,-1,0.0000,0.00000000,0.00000000,0.00000000,false,false,none,0.00000000,false,0.0000,0.0000,false,1,0.0000,false,-1,0.00000000,0.0000,off,false,not_evaluated,none,0.0000,0.0000,none,false,false,false,0.0000,none,false,none,0.0000,false,none,0.0000,0.0000,0.0000,0.0000,false,none,0.0000,none,none,false,false,none,0.0000,0.0000,0.0000,0.0000,none,false,false,0.0000,0.0000,false,false,-1,none,none,false,0.000,0.000,171.60900000,171.60300000,171.60900000,pre_session_high,0.00300000,0.0200,session_high|opening_range_high|neckline_level,171.59200000,0.2808,false,true,true,false,not_blocked,4,2,2,m5_failure_exit,off,none,0.00000000,0.0000,1.30,171.80000000,4.500,-0.300,0.200,PERIOD_M15,171.78000000,171.56500000,0.8093,outside,0.000,true,171.60600000,171.45600000,0.15000000,171.80000000,1.293,0.04985714,30.00,0-30,true,false,none,blocked_spread_too_high,4.800,4.800,none,0.0000,false,neckline_retest_failed,false,not_invalidated,spread_too_high
2025.08.29 04:50:00,signal,session_reversal_pullback_one_symbol_first120,GBPJPY,LONG,2025.08.29 04:45:00,4,1,10,tokyo,2025.08.29 00:00,105,first_120min,false,true,3,GBPJPY,highest_score_in_session_bar,tokyo=USDJPY|EURJPY|GBPJPY|AUDJPY,existing_first120_gate,tokyo,false,false,true,passed_first_window,bos_up,first_pullback_after_bos,198.43160000,PERIOD_M5,PERIOD_H1,PERIOD_M15,PERIOD_M5,PERIOD_M5,false,htf_soft_alignment,current_post_filter,transcript_post_filter,dow_trend_down_ll_lh,structure_trend_bias_dow_trend_up_hh_hl,dow_trend_down_ll_lh,structure_trend_bias_dow_trend_up_hh_hl,false,true,false,LONG,PERIOD_M5,bos_up,bos_up,2.600,none,0.000,bos_up,2.600,none,0.000,LONG,false,PERIOD_H1_SHORT_dow_trend_down_ll_lh|PERIOD_M15_LONG_structure_trend_bias_dow_trend_up_hh_hl,true,h1_counter_m15_reversal,true,top_SHORT_dow_trend_down_ll_lh|structure_LONG_structure_trend_bias_dow_trend_up_hh_hl|structure_break_recent_confirmed_swing_break_failed|primary_break_recent_confirmed_swing_break_failed,none,below_75sma_falling,below_75sma_falling,above_75sma_rising,-1,0.00000000,-1,0.00000000,false,off,NONE,NONE,0.00000000,0.00000000,0.0000,none,0.000,true,LONG,return_high_break_or_bos_up,198.55300000,11,198.64900000,198.26600000,false,off,independent,false,,,false,0.0000,none,0.0000,0.0000,none,0.0000,0.0000,0.0000,none,0.0000,0,0,0.0000,none,none,none,none,0.0000,0,0.0000,none,false,true,not_evaluated,true,required_light_or_anchor_flip,long_bias,198.25500000,2025.08.29 00:30:00,198.55300000,2025.08.28 23:45:00,2025.08.29 01:30:00,false,NONE,0.00000000,0.00000000,0.0000,-1,false,,-1,NONE,0.00000000,0.00000000,0.0000,0.0000,none,,none,false,NONE,-1,-1,-1,false,false,none,true,false,false,true,none,true,required,false,PERIOD_M5,,,-1,0.0000,false,0.00000000,0.0000,false,0.0000,false,none,none,false,no_anchor_flip_in_entry_direction,true,required_first_signal_only,LONG,unknown,0.00000000,,0.00000000,,false,,-1,false,NONE,0.00000000,,0.00000000,0.0000,0.0000,none,-1,false,false,false,no_anchor_flip_in_entry_direction,,,,false,false,false,-1,-1,-1,-1,-1,false,false,false,0.0000,range_n,true,198.64900000,198.25500000,3.3593,false,0.0000,0.0000,0,none,true,0.3858,preferred_382_618,0.200,diagnostic_only,diagnostic_only,diagnostic_only,shallow_pullback,6,0.440,true,none,0.590,low_quality,false,false,diagnostic_only,both,true,none,true,diagnostic_adjacent_detected,required_light,false,false,SHORT,3,false,false,0,,,-1,0.0000,0.00000000,0.00000000,0.00000000,false,false,none,0.00000000,false,0.0000,0.0000,false,1,0.0000,false,-1,0.00000000,0.0000,off,false,not_evaluated,none,0.0000,0.0000,none,false,false,false,0.0000,none,false,none,0.0000,false,none,0.0000,0.0000,0.0000,0.0000,false,none,0.0000,none,none,false,false,none,0.0000,0.0000,0.0000,0.0000,none,false,false,0.0000,0.0000,false,false,-1,none,none,false,0.000,0.000,198.50108333,198.49600000,198.50108333,recent_equal_highs,0.00408333,0.0252,opening_range_high|neckline_level,198.49600000,0.0128,false,true,true,false,not_blocked,6,3,3,m5_failure_exit,off,none,0.00000000,0.0000,1.30,198.70800000,2.600,-0.300,0.200,PERIOD_M15,198.64900000,198.26600000,0.3969,preferred_382_618,0.000,true,198.49700000,198.33500000,0.16200000,198.70800000,1.302,0.07800000,38.00,90-120,true,false,none,not_consumed,2.700,2.700,none,0.0000,false,bos_pullback_failed,false,not_invalidated,spread_too_high
2025.08.29 04:50:00,blocked,session_reversal_pullback_one_symbol_first120,GBPJPY,LONG,2025.08.29 04:45:00,4,1,10,tokyo,2025.08.29 00:00,105,first_120min,false,true,3,GBPJPY,highest_score_in_session_bar,tokyo=USDJPY|EURJPY|GBPJPY|AUDJPY,existing_first120_gate,tokyo,false,false,true,passed_first_window,bos_up,first_pullback_after_bos,198.43160000,PERIOD_M5,PERIOD_H1,PERIOD_M15,PERIOD_M5,PERIOD_M5,false,htf_soft_alignment,current_post_filter,transcript_post_filter,dow_trend_down_ll_lh,structure_trend_bias_dow_trend_up_hh_hl,dow_trend_down_ll_lh,structure_trend_bias_dow_trend_up_hh_hl,false,true,false,LONG,PERIOD_M5,bos_up,bos_up,2.600,none,0.000,bos_up,2.600,none,0.000,LONG,false,PERIOD_H1_SHORT_dow_trend_down_ll_lh|PERIOD_M15_LONG_structure_trend_bias_dow_trend_up_hh_hl,true,h1_counter_m15_reversal,true,top_SHORT_dow_trend_down_ll_lh|structure_LONG_structure_trend_bias_dow_trend_up_hh_hl|structure_break_recent_confirmed_swing_break_failed|primary_break_recent_confirmed_swing_break_failed,none,below_75sma_falling,below_75sma_falling,above_75sma_rising,-1,0.00000000,-1,0.00000000,false,off,NONE,NONE,0.00000000,0.00000000,0.0000,none,0.000,true,LONG,return_high_break_or_bos_up,198.55300000,11,198.64900000,198.26600000,false,off,independent,false,,,false,0.0000,none,0.0000,0.0000,none,0.0000,0.0000,0.0000,none,0.0000,0,0,0.0000,none,none,none,none,0.0000,0,0.0000,none,false,true,not_evaluated,true,required_light_or_anchor_flip,long_bias,198.25500000,2025.08.29 00:30:00,198.55300000,2025.08.28 23:45:00,2025.08.29 01:30:00,false,NONE,0.00000000,0.00000000,0.0000,-1,false,,-1,NONE,0.00000000,0.00000000,0.0000,0.0000,none,,none,false,NONE,-1,-1,-1,false,false,none,true,false,false,true,none,true,required,false,PERIOD_M5,,,-1,0.0000,false,0.00000000,0.0000,false,0.0000,false,none,none,false,no_anchor_flip_in_entry_direction,true,required_first_signal_only,LONG,unknown,0.00000000,,0.00000000,,false,,-1,false,NONE,0.00000000,,0.00000000,0.0000,0.0000,none,-1,false,false,false,no_anchor_flip_in_entry_direction,,,,false,false,false,-1,-1,-1,-1,-1,false,false,false,0.0000,range_n,true,198.64900000,198.25500000,3.3593,false,0.0000,0.0000,0,none,true,0.3858,preferred_382_618,0.200,diagnostic_only,diagnostic_only,diagnostic_only,shallow_pullback,6,0.440,true,none,0.590,low_quality,false,false,diagnostic_only,both,true,none,true,diagnostic_adjacent_detected,required_light,false,false,SHORT,3,false,false,0,,,-1,0.0000,0.00000000,0.00000000,0.00000000,false,false,none,0.00000000,false,0.0000,0.0000,false,1,0.0000,false,-1,0.00000000,0.0000,off,false,not_evaluated,none,0.0000,0.0000,none,false,false,false,0.0000,none,false,none,0.0000,false,none,0.0000,0.0000,0.0000,0.0000,false,none,0.0000,none,none,false,false,none,0.0000,0.0000,0.0000,0.0000,none,false,false,0.0000,0.0000,false,false,-1,none,none,false,0.000,0.000,198.50108333,198.49600000,198.50108333,recent_equal_highs,0.00408333,0.0252,opening_range_high|neckline_level,198.49600000,0.0128,false,true,true,false,not_blocked,6,3,3,m5_failure_exit,off,none,0.00000000,0.0000,1.30,198.70800000,2.600,-0.300,0.200,PERIOD_M15,198.64900000,198.26600000,0.3969,preferred_382_618,0.000,true,198.49700000,198.33500000,0.16200000,198.70800000,1.302,0.07800000,38.00,90-120,true,false,none,blocked_spread_too_high,2.700,2.700,none,0.0000,false,bos_pullback_failed,false,not_invalidated,spread_too_high
2025.08.29 10:45:00,signal,session_reversal_pullback_one_symbol_first120,EURJPY,SHORT,2025.08.29 10:40:00,10,7,16,london,2025.08.29 07:00,40,first_120min,true,true,3,EURJPY,highest_score_in_session_bar,london=USDJPY|EURJPY|GBPJPY|AUDJPY|EURUSD|GBPUSD,existing_first120_gate,london,false,false,true,passed_first_window,head_and_shoulders,neckline_break_retest,171.58200000,PERIOD_M5,PERIOD_H1,PERIOD_M15,PERIOD_M5,PERIOD_M5,false,htf_soft_alignment,current_post_filter,transcript_post_filter,dow_range_or_transition,ordered_dow_wave3_break_above_swing_high,dow_range_or_transition,ordered_dow_wave3_break_above_swing_high,false,false,true,SHORT,PERIOD_M5,head_and_shoulders,head_and_shoulders,4.500,none,0.000,head_and_shoulders,4.500,none,0.000,SHORT,false,PERIOD_H1_NONE_dow_range_or_transition|PERIOD_M15_LONG_ordered_dow_wave3_break_above_swing_high,true,h1_counter_m15_reversal,true,top_NONE_dow_range_or_transition|structure_LONG_ordered_dow_wave3_break_above_swing_high|structure_break_recent_confirmed_swing_break_failed|primary_break_no_recent_confirmed_swing_break,none,above_75sma_flat_or_falling,below_75sma_flat_or_rising,above_75sma_rising,-1,0.00000000,-1,0.00000000,false,off,NONE,NONE,0.00000000,0.00000000,0.0000,none,0.000,true,SHORT,return_low_break_or_bos_down,171.39800000,10,171.74900000,171.22600000,false,off,independent,false,,,false,0.0000,none,0.0000,0.0000,none,0.0000,0.0000,0.0000,none,0.0000,0,0,0.0000,none,none,none,none,0.0000,0,0.0000,none,false,true,not_evaluated,true,required_light_or_anchor_flip,bias_flip_up,171.57000000,2025.08.28 21:45:00,171.55100000,2025.08.29 04:15:00,2025.08.29 05:45:00,true,LONG,171.55100000,171.57500000,0.2511,4,true,2025.08.29 09:30:00,4,LONG,171.55100000,171.57500000,0.2511,0.2720,normal,2025.08.29 10:15:00,first_after_anchor,true,LONG,4,1,4,true,false,fresh_0_4,false,true,false,true,none,true,required,false,PERIOD_M5,,,-1,0.0000,false,0.00000000,0.0000,false,0.0000,false,none,none,false,no_anchor_flip_in_entry_direction,true,required_first_signal_only,SHORT,unknown,0.00000000,,0.00000000,,false,,-1,false,NONE,0.00000000,,0.00000000,0.0000,0.0000,none,-1,false,false,false,no_anchor_flip_in_entry_direction,,,,false,false,false,-1,-1,-1,-1,-1,false,false,false,0.0000,range_n,true,171.58800000,171.22600000,3.7877,true,0.2720,0.5185,3,normal,true,0.5258,preferred_382_618,0.200,diagnostic_only,diagnostic_only,diagnostic_only,shallow_pullback,24,0.450,true,none,0.600,high_quality,false,false,diagnostic_only,both,true,none,true,diagnostic_adjacent_detected,required_light,false,false,LONG,3,false,false,0,,,-1,0.0000,0.00000000,0.00000000,0.00000000,false,false,none,0.00000000,false,0.0000,0.0000,false,1,0.0000,false,-1,0.00000000,0.0000,off,false,not_evaluated,none,0.0000,0.0000,none,false,false,false,0.0000,none,false,none,0.0000,false,none,0.0000,0.0000,0.0000,0.0000,false,none,0.0000,none,none,false,false,none,0.0000,0.0000,0.0000,0.0000,none,false,false,0.0000,0.0000,false,false,-1,none,none,false,0.000,0.000,171.51300000,171.48700000,171.45400000,structure_confirmed_swing_high,0.04700000,0.2487,session_low|opening_range_low|neckline_level,171.51300000,0.1903,false,true,false,false,not_blocked,3,3,0,m5_failure_exit,off,none,0.00000000,0.0000,1.30,171.25500000,4.500,-0.300,0.200,PERIOD_M15,171.45400000,171.31500000,1.3381,outside,0.000,true,171.50100000,171.69000000,0.18900000,171.25500000,1.302,0.06307143,30.00,30-60,true,false,none,not_consumed,4.600,4.600,none,0.0000,false,opposite_break_first,true,opposite_break_first,spread_too_high
2025.08.29 10:45:00,blocked,session_reversal_pullback_one_symbol_first120,EURJPY,SHORT,2025.08.29 10:40:00,10,7,16,london,2025.08.29 07:00,40,first_120min,true,true,3,EURJPY,highest_score_in_session_bar,london=USDJPY|EURJPY|GBPJPY|AUDJPY|EURUSD|GBPUSD,existing_first120_gate,london,false,false,true,passed_first_window,head_and_shoulders,neckline_break_retest,171.58200000,PERIOD_M5,PERIOD_H1,PERIOD_M15,PERIOD_M5,PERIOD_M5,false,htf_soft_alignment,current_post_filter,transcript_post_filter,dow_range_or_transition,ordered_dow_wave3_break_above_swing_high,dow_range_or_transition,ordered_dow_wave3_break_above_swing_high,false,false,true,SHORT,PERIOD_M5,head_and_shoulders,head_and_shoulders,4.500,none,0.000,head_and_shoulders,4.500,none,0.000,SHORT,false,PERIOD_H1_NONE_dow_range_or_transition|PERIOD_M15_LONG_ordered_dow_wave3_break_above_swing_high,true,h1_counter_m15_reversal,true,top_NONE_dow_range_or_transition|structure_LONG_ordered_dow_wave3_break_above_swing_high|structure_break_recent_confirmed_swing_break_failed|primary_break_no_recent_confirmed_swing_break,none,above_75sma_flat_or_falling,below_75sma_flat_or_rising,above_75sma_rising,-1,0.00000000,-1,0.00000000,false,off,NONE,NONE,0.00000000,0.00000000,0.0000,none,0.000,true,SHORT,return_low_break_or_bos_down,171.39800000,10,171.74900000,171.22600000,false,off,independent,false,,,false,0.0000,none,0.0000,0.0000,none,0.0000,0.0000,0.0000,none,0.0000,0,0,0.0000,none,none,none,none,0.0000,0,0.0000,none,false,true,not_evaluated,true,required_light_or_anchor_flip,bias_flip_up,171.57000000,2025.08.28 21:45:00,171.55100000,2025.08.29 04:15:00,2025.08.29 05:45:00,true,LONG,171.55100000,171.57500000,0.2511,4,true,2025.08.29 09:30:00,4,LONG,171.55100000,171.57500000,0.2511,0.2720,normal,2025.08.29 10:15:00,first_after_anchor,true,LONG,4,1,4,true,false,fresh_0_4,false,true,false,true,none,true,required,false,PERIOD_M5,,,-1,0.0000,false,0.00000000,0.0000,false,0.0000,false,none,none,false,no_anchor_flip_in_entry_direction,true,required_first_signal_only,SHORT,unknown,0.00000000,,0.00000000,,false,,-1,false,NONE,0.00000000,,0.00000000,0.0000,0.0000,none,-1,false,false,false,no_anchor_flip_in_entry_direction,,,,false,false,false,-1,-1,-1,-1,-1,false,false,false,0.0000,range_n,true,171.58800000,171.22600000,3.7877,true,0.2720,0.5185,3,normal,true,0.5258,preferred_382_618,0.200,diagnostic_only,diagnostic_only,diagnostic_only,shallow_pullback,24,0.450,true,none,0.600,high_quality,false,false,diagnostic_only,both,true,none,true,diagnostic_adjacent_detected,required_light,false,false,LONG,3,false,false,0,,,-1,0.0000,0.00000000,0.00000000,0.00000000,false,false,none,0.00000000,false,0.0000,0.0000,false,1,0.0000,false,-1,0.00000000,0.0000,off,false,not_evaluated,none,0.0000,0.0000,none,false,false,false,0.0000,none,false,none,0.0000,false,none,0.0000,0.0000,0.0000,0.0000,false,none,0.0000,none,none,false,false,none,0.0000,0.0000,0.0000,0.0000,none,false,false,0.0000,0.0000,false,false,-1,none,none,false,0.000,0.000,171.51300000,171.48700000,171.45400000,structure_confirmed_swing_high,0.04700000,0.2487,session_low|opening_range_low|neckline_level,171.51300000,0.1903,false,true,false,false,not_blocked,3,3,0,m5_failure_exit,off,none,0.00000000,0.0000,1.30,171.25500000,4.500,-0.300,0.200,PERIOD_M15,171.45400000,171.31500000,1.3381,outside,0.000,true,171.50100000,171.69000000,0.18900000,171.25500000,1.302,0.06307143,30.00,30-60,true,false,none,blocked_spread_too_high,4.600,4.600,none,0.0000,false,opposite_break_first,true,opposite_break_first,spread_too_high
2025.08.29 16:35:00,signal,session_reversal_pullback_one_symbol_first120,EURJPY,SHORT,2025.08.29 16:30:00,16,13,22,london_newyork_overlap,2025.08.29 13:00,30,first_120min,true,true,3,EURJPY,highest_score_in_session_bar,london_newyork_overlap=USDJPY|EURJPY|GBPJPY|AUDJPY|EURUSD|GBPUSD,existing_first120_gate,london_newyork_overlap,false,false,true,passed_first_window,double_top,neckline_break_retest,171.72200000,PERIOD_M5,PERIOD_H1,PERIOD_M15,PERIOD_M5,PERIOD_M5,false,htf_soft_alignment,current_post_filter,transcript_post_filter,dow_range_or_transition,structure_trend_bias_dow_trend_up_hh_hl,dow_range_or_transition,structure_trend_bias_dow_trend_up_hh_hl,false,false,true,SHORT,PERIOD_M5,double_top,double_top,4.200,none,0.000,double_top,4.200,none,0.000,SHORT,false,PERIOD_H1_NONE_dow_range_or_transition|PERIOD_M15_LONG_structure_trend_bias_dow_trend_up_hh_hl,true,h1_counter_m15_reversal,true,top_NONE_dow_range_or_transition|structure_LONG_structure_trend_bias_dow_trend_up_hh_hl|structure_break_recent_confirmed_swing_break_failed|primary_break_recent_confirmed_swing_break_retest,none,above_75sma_flat_or_falling,above_75sma_rising,below_75sma_flat_or_rising,-1,0.00000000,0,171.66600000,false,off,NONE,NONE,0.00000000,0.00000000,0.0000,none,0.000,true,SHORT,return_low_break_or_bos_down,171.57000000,18,171.78600000,171.48700000,false,off,independent,false,,,false,0.0000,none,0.0000,0.0000,none,0.0000,0.0000,0.0000,none,0.0000,0,0,0.0000,none,none,none,none,0.0000,0,0.0000,none,false,true,not_evaluated,true,required_light_or_anchor_flip,short_bias,171.64800000,2025.08.29 13:15:00,171.78600000,2025.08.29 14:00:00,2025.08.29 15:30:00,false,NONE,0.00000000,0.00000000,0.0000,-1,false,,-1,NONE,0.00000000,0.00000000,0.0000,0.0000,none,,none,false,NONE,-1,-1,-1,false,false,none,true,false,false,true,none,true,required,false,PERIOD_M5,,,-1,0.0000,false,0.00000000,0.0000,false,0.0000,false,none,none,false,no_anchor_flip_in_entry_direction,true,required_first_signal_only,SHORT,unknown,0.00000000,,0.00000000,,false,,-1,false,NONE,0.00000000,,0.00000000,0.0000,0.0000,none,-1,false,false,false,no_anchor_flip_in_entry_direction,,,,false,false,false,-1,-1,-1,-1,-1,false,false,false,0.0000,range_n,true,171.78600000,171.52200000,2.9927,false,0.0000,0.0000,0,none,true,0.4752,preferred_382_618,0.200,diagnostic_only,diagnostic_only,diagnostic_only,deep_pullback,9,0.440,true,none,0.590,high_quality,false,false,diagnostic_only,both,true,none,true,diagnostic_adjacent_detected,required_light,false,false,LONG,5,false,false,1,2025.08.29 14:30:00,2025.08.29 15:40:00,10,2.9445,0.00000000,171.56700000,171.56700000,false,false,none,0.00000000,false,0.0000,0.0000,false,1,0.0000,false,-1,0.00000000,0.0000,off,false,not_evaluated,none,0.0000,0.0000,none,false,false,false,0.0000,none,false,none,0.0000,false,none,2.9445,1.4450,2.0377,0.1500,false,mild_exhaustion,0.0000,none,none,false,false,none,0.0000,0.0000,0.0000,0.0000,none,false,false,0.0000,0.0000,false,false,-1,none,none,false,0.000,0.000,171.66600000,171.60200000,171.60200000,session_low,0.02900000,0.1368,neckline_level,171.72200000,1.2405,false,true,true,false,not_blocked,5,4,1,m5_failure_exit,off,none,0.00000000,0.0000,1.30,171.35500000,4.200,-0.300,0.200,PERIOD_M15,171.78600000,171.52200000,0.4129,preferred_382_618,0.000,true,171.63100000,171.84300000,0.21200000,171.35500000,1.302,0.07335714,30.00,30-60,true,false,none,not_consumed,4.500,4.500,none,0.0000,false,opposite_break_first,true,opposite_break_first,spread_too_high
2025.08.29 16:35:00,blocked,session_reversal_pullback_one_symbol_first120,EURJPY,SHORT,2025.08.29 16:30:00,16,13,22,london_newyork_overlap,2025.08.29 13:00,30,first_120min,true,true,3,EURJPY,highest_score_in_session_bar,london_newyork_overlap=USDJPY|EURJPY|GBPJPY|AUDJPY|EURUSD|GBPUSD,existing_first120_gate,london_newyork_overlap,false,false,true,passed_first_window,double_top,neckline_break_retest,171.72200000,PERIOD_M5,PERIOD_H1,PERIOD_M15,PERIOD_M5,PERIOD_M5,false,htf_soft_alignment,current_post_filter,transcript_post_filter,dow_range_or_transition,structure_trend_bias_dow_trend_up_hh_hl,dow_range_or_transition,structure_trend_bias_dow_trend_up_hh_hl,false,false,true,SHORT,PERIOD_M5,double_top,double_top,4.200,none,0.000,double_top,4.200,none,0.000,SHORT,false,PERIOD_H1_NONE_dow_range_or_transition|PERIOD_M15_LONG_structure_trend_bias_dow_trend_up_hh_hl,true,h1_counter_m15_reversal,true,top_NONE_dow_range_or_transition|structure_LONG_structure_trend_bias_dow_trend_up_hh_hl|structure_break_recent_confirmed_swing_break_failed|primary_break_recent_confirmed_swing_break_retest,none,above_75sma_flat_or_falling,above_75sma_rising,below_75sma_flat_or_rising,-1,0.00000000,0,171.66600000,false,off,NONE,NONE,0.00000000,0.00000000,0.0000,none,0.000,true,SHORT,return_low_break_or_bos_down,171.57000000,18,171.78600000,171.48700000,false,off,independent,false,,,false,0.0000,none,0.0000,0.0000,none,0.0000,0.0000,0.0000,none,0.0000,0,0,0.0000,none,none,none,none,0.0000,0,0.0000,none,false,true,not_evaluated,true,required_light_or_anchor_flip,short_bias,171.64800000,2025.08.29 13:15:00,171.78600000,2025.08.29 14:00:00,2025.08.29 15:30:00,false,NONE,0.00000000,0.00000000,0.0000,-1,false,,-1,NONE,0.00000000,0.00000000,0.0000,0.0000,none,,none,false,NONE,-1,-1,-1,false,false,none,true,false,false,true,none,true,required,false,PERIOD_M5,,,-1,0.0000,false,0.00000000,0.0000,false,0.0000,false,none,none,false,no_anchor_flip_in_entry_direction,true,required_first_signal_only,SHORT,unknown,0.00000000,,0.00000000,,false,,-1,false,NONE,0.00000000,,0.00000000,0.0000,0.0000,none,-1,false,false,false,no_anchor_flip_in_entry_direction,,,,false,false,false,-1,-1,-1,-1,-1,false,false,false,0.0000,range_n,true,171.78600000,171.52200000,2.9927,false,0.0000,0.0000,0,none,true,0.4752,preferred_382_618,0.200,diagnostic_only,diagnostic_only,diagnostic_only,deep_pullback,9,0.440,true,none,0.590,high_quality,false,false,diagnostic_only,both,true,none,true,diagnostic_adjacent_detected,required_light,false,false,LONG,5,false,false,1,2025.08.29 14:30:00,2025.08.29 15:40:00,10,2.9445,0.00000000,171.56700000,171.56700000,false,false,none,0.00000000,false,0.0000,0.0000,false,1,0.0000,false,-1,0.00000000,0.0000,off,false,not_evaluated,none,0.0000,0.0000,none,false,false,false,0.0000,none,false,none,0.0000,false,none,2.9445,1.4450,2.0377,0.1500,false,mild_exhaustion,0.0000,none,none,false,false,none,0.0000,0.0000,0.0000,0.0000,none,false,false,0.0000,0.0000,false,false,-1,none,none,false,0.000,0.000,171.66600000,171.60200000,171.60200000,session_low,0.02900000,0.1368,neckline_level,171.72200000,1.2405,false,true,true,false,not_blocked,5,4,1,m5_failure_exit,off,none,0.00000000,0.0000,1.30,171.35500000,4.200,-0.300,0.200,PERIOD_M15,171.78600000,171.52200000,0.4129,preferred_382_618,0.000,true,171.63100000,171.84300000,0.21200000,171.35500000,1.302,0.07335714,30.00,30-60,true,false,none,blocked_spread_too_high,4.500,4.500,none,0.0000,false,opposite_break_first,true,opposite_break_first,spread_too_high
2025.09.02 04:30:00,signal,session_reversal_pullback_one_symbol_first120,EURJPY,SHORT,2025.09.02 04:25:00,4,1,10,tokyo,2025.09.02 00:00,85,first_120min,false,true,3,EURJPY,highest_score_in_session_bar,tokyo=USDJPY|EURJPY|GBPJPY|AUDJPY,existing_first120_gate,tokyo,false,false,true,passed_first_window,head_and_shoulders,neckline_break_retest,172.39100000,PERIOD_M5,PERIOD_H1,PERIOD_M15,PERIOD_M5,PERIOD_M5,false,htf_soft_alignment,current_post_filter,transcript_post_filter,dow_trend_up_hh_hl,structure_trend_bias_dow_trend_up_hh_hl,dow_trend_up_hh_hl,structure_trend_bias_dow_trend_up_hh_hl,false,true,true,SHORT,PERIOD_M5,head_and_shoulders,head_and_shoulders,4.500,none,0.000,head_and_shoulders,4.500,none,0.000,SHORT,false,PERIOD_H1_LONG_dow_trend_up_hh_hl|PERIOD_M15_LONG_structure_trend_bias_dow_trend_up_hh_hl,true,h1_counter_m15_reversal,true,top_LONG_dow_trend_up_hh_hl|structure_LONG_structure_trend_bias_dow_trend_up_hh_hl|structure_break_recent_confirmed_swing_break_failed|primary_break_no_recent_confirmed_swing_break,none,above_75sma_rising,below_75sma_flat_or_rising,above_75sma_rising,-1,0.00000000,-1,0.00000000,false,off,NONE,NONE,0.00000000,0.00000000,0.0000,none,0.000,true,SHORT,return_low_break_or_bos_down,172.23900000,17,172.49200000,172.21100000,false,off,independent,false,,,false,0.0000,none,0.0000,0.0000,none,0.0000,0.0000,0.0000,none,0.0000,0,0,0.0000,none,none,none,none,0.0000,0,0.0000,none,false,true,not_evaluated,true,required_light_or_anchor_flip,long_bias,172.26100000,2025.09.02 02:15:00,172.39200000,2025.09.01 23:00:00,2025.09.02 03:30:00,false,NONE,0.00000000,0.00000000,0.0000,-1,false,,-1,NONE,0.00000000,0.00000000,0.0000,0.0000,none,,none,false,NONE,-1,-1,-1,false,false,none,false,true,false,true,none,true,required,false,PERIOD_M5,,,-1,0.0000,false,0.00000000,0.0000,false,0.0000,false,none,none,false,no_anchor_flip_in_entry_direction,true,required_first_signal_only,SHORT,unknown,0.00000000,,0.00000000,,false,,-1,false,NONE,0.00000000,,0.00000000,0.0000,0.0000,none,-1,false,false,false,no_anchor_flip_in_entry_direction,,,,false,false,false,-1,-1,-1,-1,-1,false,false,false,0.0000,rising_n,false,172.49200000,172.21100000,3.4845,false,0.0000,0.0000,0,none,true,0.5125,preferred_382_618,0.200,diagnostic_only,diagnostic_only,diagnostic_only,fib_pullback,24,0.450,true,none,0.600,high_quality,false,false,diagnostic_only,both,true,none,true,diagnostic_adjacent_detected,required_light,false,false,LONG,6,false,false,1,2025.09.02 02:20:00,2025.09.02 04:00:00,5,4.0274,0.00000000,172.28900000,172.28900000,false,false,none,0.00000000,false,0.0000,0.0000,false,1,0.0000,false,-1,0.00000000,0.0000,off,false,not_evaluated,none,0.0000,0.0000,none,false,false,false,0.0000,none,false,none,0.0000,false,none,3.2951,4.0274,0.8182,0.0000,true,strong_exhaustion,0.0000,none,none,false,false,none,0.0000,0.0000,0.0000,0.0000,none,false,false,0.0000,0.0000,false,false,-1,none,none,false,0.000,0.000,172.37409091,172.34600000,172.34600000,pre_session_high,0.00900000,0.0612,neckline_level,172.39100000,0.6276,false,true,true,false,not_blocked,7,6,1,m5_failure_exit,off,none,0.00000000,0.0000,1.30,172.16300000,4.500,-0.300,0.200,PERIOD_M15,172.40900000,172.26100000,0.6351,deep_618_786,0.000,true,172.35500000,172.50200000,0.14700000,172.16300000,1.306,0.05735714,30.00,60-90,true,false,none,not_consumed,4.600,4.600,none,0.0000,false,opposite_break_first,true,opposite_break_first,spread_too_high
2025.09.02 04:30:00,blocked,session_reversal_pullback_one_symbol_first120,EURJPY,SHORT,2025.09.02 04:25:00,4,1,10,tokyo,2025.09.02 00:00,85,first_120min,false,true,3,EURJPY,highest_score_in_session_bar,tokyo=USDJPY|EURJPY|GBPJPY|AUDJPY,existing_first120_gate,tokyo,false,false,true,passed_first_window,head_and_shoulders,neckline_break_retest,172.39100000,PERIOD_M5,PERIOD_H1,PERIOD_M15,PERIOD_M5,PERIOD_M5,false,htf_soft_alignment,current_post_filter,transcript_post_filter,dow_trend_up_hh_hl,structure_trend_bias_dow_trend_up_hh_hl,dow_trend_up_hh_hl,structure_trend_bias_dow_trend_up_hh_hl,false,true,true,SHORT,PERIOD_M5,head_and_shoulders,head_and_shoulders,4.500,none,0.000,head_and_shoulders,4.500,none,0.000,SHORT,false,PERIOD_H1_LONG_dow_trend_up_hh_hl|PERIOD_M15_LONG_structure_trend_bias_dow_trend_up_hh_hl,true,h1_counter_m15_reversal,true,top_LONG_dow_trend_up_hh_hl|structure_LONG_structure_trend_bias_dow_trend_up_hh_hl|structure_break_recent_confirmed_swing_break_failed|primary_break_no_recent_confirmed_swing_break,none,above_75sma_rising,below_75sma_flat_or_rising,above_75sma_rising,-1,0.00000000,-1,0.00000000,false,off,NONE,NONE,0.00000000,0.00000000,0.0000,none,0.000,true,SHORT,return_low_break_or_bos_down,172.23900000,17,172.49200000,172.21100000,false,off,independent,false,,,false,0.0000,none,0.0000,0.0000,none,0.0000,0.0000,0.0000,none,0.0000,0,0,0.0000,none,none,none,none,0.0000,0,0.0000,none,false,true,not_evaluated,true,required_light_or_anchor_flip,long_bias,172.26100000,2025.09.02 02:15:00,172.39200000,2025.09.01 23:00:00,2025.09.02 03:30:00,false,NONE,0.00000000,0.00000000,0.0000,-1,false,,-1,NONE,0.00000000,0.00000000,0.0000,0.0000,none,,none,false,NONE,-1,-1,-1,false,false,none,false,true,false,true,none,true,required,false,PERIOD_M5,,,-1,0.0000,false,0.00000000,0.0000,false,0.0000,false,none,none,false,no_anchor_flip_in_entry_direction,true,required_first_signal_only,SHORT,unknown,0.00000000,,0.00000000,,false,,-1,false,NONE,0.00000000,,0.00000000,0.0000,0.0000,none,-1,false,false,false,no_anchor_flip_in_entry_direction,,,,false,false,false,-1,-1,-1,-1,-1,false,false,false,0.0000,rising_n,false,172.49200000,172.21100000,3.4845,false,0.0000,0.0000,0,none,true,0.5125,preferred_382_618,0.200,diagnostic_only,diagnostic_only,diagnostic_only,fib_pullback,24,0.450,true,none,0.600,high_quality,false,false,diagnostic_only,both,true,none,true,diagnostic_adjacent_detected,required_light,false,false,LONG,6,false,false,1,2025.09.02 02:20:00,2025.09.02 04:00:00,5,4.0274,0.00000000,172.28900000,172.28900000,false,false,none,0.00000000,false,0.0000,0.0000,false,1,0.0000,false,-1,0.00000000,0.0000,off,false,not_evaluated,none,0.0000,0.0000,none,false,false,false,0.0000,none,false,none,0.0000,false,none,3.2951,4.0274,0.8182,0.0000,true,strong_exhaustion,0.0000,none,none,false,false,none,0.0000,0.0000,0.0000,0.0000,none,false,false,0.0000,0.0000,false,false,-1,none,none,false,0.000,0.000,172.37409091,172.34600000,172.34600000,pre_session_high,0.00900000,0.0612,neckline_level,172.39100000,0.6276,false,true,true,false,not_blocked,7,6,1,m5_failure_exit,off,none,0.00000000,0.0000,1.30,172.16300000,4.500,-0.300,0.200,PERIOD_M15,172.40900000,172.26100000,0.6351,deep_618_786,0.000,true,172.35500000,172.50200000,0.14700000,172.16300000,1.306,0.05735714,30.00,60-90,true,false,none,blocked_spread_too_high,4.600,4.600,none,0.0000,false,opposite_break_first,true,opposite_break_first,spread_too_high
2025.09.02 11:50:00,signal,session_reversal_pullback_one_symbol_first120,EURJPY,SHORT,2025.09.02 11:45:00,11,8,17,london,2025.09.02 07:00,105,first_120min,false,true,3,EURJPY,highest_score_in_session_bar,london=USDJPY|EURJPY|GBPJPY|AUDJPY|EURUSD|GBPUSD,existing_first120_gate,london,true,false,true,passed_first_window,head_and_shoulders,neckline_break_retest,172.91000000,PERIOD_M5,PERIOD_H1,PERIOD_M15,PERIOD_M5,PERIOD_M5,false,htf_soft_alignment,current_post_filter,transcript_post_filter,dow_trend_up_hh_hl,structure_trend_bias_dow_trend_up_hh_hl,dow_trend_up_hh_hl,structure_trend_bias_dow_trend_up_hh_hl,false,false,true,SHORT,PERIOD_M5,head_and_shoulders,head_and_shoulders,4.500,none,0.000,head_and_shoulders,4.500,none,0.000,SHORT,false,PERIOD_H1_LONG_dow_trend_up_hh_hl|PERIOD_M15_LONG_structure_trend_bias_dow_trend_up_hh_hl,true,h1_counter_m15_reversal,true,top_LONG_dow_trend_up_hh_hl|structure_LONG_structure_trend_bias_dow_trend_up_hh_hl|structure_break_recent_confirmed_swing_break_failed|primary_break_recent_confirmed_swing_break_continuation,none,above_75sma_rising,above_75sma_rising,below_75sma_flat_or_rising,-1,0.00000000,0,173.11200000,false,off,NONE,NONE,0.00000000,0.00000000,0.0000,none,0.000,true,SHORT,return_low_break_or_bos_down,172.68600000,1,173.40400000,172.68600000,false,off,independent,false,,,false,0.0000,none,0.0000,0.0000,none,0.0000,0.0000,0.0000,none,0.0000,0,0,0.0000,none,none,none,none,0.0000,0,0.0000,none,false,true,not_evaluated,true,required_light_or_anchor_flip,bias_flip_down,172.68600000,2025.09.02 07:45:00,172.39200000,2025.09.01 23:00:00,2025.09.02 10:30:00,true,SHORT,172.68600000,172.67000000,0.0978,1,true,2025.09.02 11:15:00,1,SHORT,172.68600000,172.67000000,0.0978,2.4871,normal,2025.09.02 11:15:00,first_after_anchor,true,SHORT,1,1,1,true,false,fresh_0_4,true,false,false,true,none,true,required,true,PERIOD_M5,2025.09.02 11:20:00,2025.09.02 11:25:00,6,2.2087,true,172.68600000,2.2087,true,2.0884,false,none,failed_close_back_inside,false,post_anchor_close_back_inside,true,required_first_signal_only,SHORT,unknown,0.00000000,,0.00000000,,false,,-1,false,NONE,0.00000000,,0.00000000,0.0000,0.0000,none,-1,false,false,false,insufficient_confirmed_m5_pivots,EURJPY|SHORT|1756811700|172.686,,,false,false,false,-1,-1,-1,-1,-1,false,false,false,0.0000,rising_n,false,173.40400000,172.28900000,6.8136,true,2.4871,0.0665,0,normal,true,0.3193,shallow_236_382,0.080,diagnostic_only,diagnostic_only,diagnostic_only,deep_pullback,4,0.320,true,none,0.470,high_quality,false,false,diagnostic_only,both,true,none,true,diagnostic_adjacent_detected,required_light,false,false,LONG,3,false,false,0,,,-1,0.0000,0.00000000,0.00000000,0.00000000,false,false,none,0.00000000,false,0.0000,0.0000,false,1,0.0000,false,-1,0.00000000,0.0000,off,false,not_evaluated,none,0.0000,0.0000,none,false,false,false,0.0000,none,false,none,0.0000,false,none,0.0000,0.0000,0.0000,0.0000,false,none,0.0000,none,none,false,false,none,0.0000,0.0000,0.0000,0.0000,none,false,false,0.0000,0.0000,false,false,-1,none,none,false,0.000,0.000,172.91000000,172.77100000,172.77100000,recent_equal_highs,0.08500000,0.2824,opening_range_low|neckline_level,172.91000000,0.4641,false,true,true,false,not_blocked,9,5,4,m5_failure_exit,off,none,0.00000000,0.0000,1.30,172.46500000,4.500,-0.300,0.200,PERIOD_M15,173.40400000,172.68600000,0.2368,outside,0.000,true,172.85600000,173.15700000,0.30100000,172.46500000,1.299,0.11635714,30.00,90-120,true,false,none,not_consumed,4.800,4.800,none,0.0000,false,opposite_break_first,true,opposite_break_first,spread_too_high
2025.09.02 11:50:00,blocked,session_reversal_pullback_one_symbol_first120,EURJPY,SHORT,2025.09.02 11:45:00,11,8,17,london,2025.09.02 07:00,105,first_120min,false,true,3,EURJPY,highest_score_in_session_bar,london=USDJPY|EURJPY|GBPJPY|AUDJPY|EURUSD|GBPUSD,existing_first120_gate,london,true,false,true,passed_first_window,head_and_shoulders,neckline_break_retest,172.91000000,PERIOD_M5,PERIOD_H1,PERIOD_M15,PERIOD_M5,PERIOD_M5,false,htf_soft_alignment,current_post_filter,transcript_post_filter,dow_trend_up_hh_hl,structure_trend_bias_dow_trend_up_hh_hl,dow_trend_up_hh_hl,structure_trend_bias_dow_trend_up_hh_hl,false,false,true,SHORT,PERIOD_M5,head_and_shoulders,head_and_shoulders,4.500,none,0.000,head_and_shoulders,4.500,none,0.000,SHORT,false,PERIOD_H1_LONG_dow_trend_up_hh_hl|PERIOD_M15_LONG_structure_trend_bias_dow_trend_up_hh_hl,true,h1_counter_m15_reversal,true,top_LONG_dow_trend_up_hh_hl|structure_LONG_structure_trend_bias_dow_trend_up_hh_hl|structure_break_recent_confirmed_swing_break_failed|primary_break_recent_confirmed_swing_break_continuation,none,above_75sma_rising,above_75sma_rising,below_75sma_flat_or_rising,-1,0.00000000,0,173.11200000,false,off,NONE,NONE,0.00000000,0.00000000,0.0000,none,0.000,true,SHORT,return_low_break_or_bos_down,172.68600000,1,173.40400000,172.68600000,false,off,independent,false,,,false,0.0000,none,0.0000,0.0000,none,0.0000,0.0000,0.0000,none,0.0000,0,0,0.0000,none,none,none,none,0.0000,0,0.0000,none,false,true,not_evaluated,true,required_light_or_anchor_flip,bias_flip_down,172.68600000,2025.09.02 07:45:00,172.39200000,2025.09.01 23:00:00,2025.09.02 10:30:00,true,SHORT,172.68600000,172.67000000,0.0978,1,true,2025.09.02 11:15:00,1,SHORT,172.68600000,172.67000000,0.0978,2.4871,normal,2025.09.02 11:15:00,first_after_anchor,true,SHORT,1,1,1,true,false,fresh_0_4,true,false,false,true,none,true,required,true,PERIOD_M5,2025.09.02 11:20:00,2025.09.02 11:25:00,6,2.2087,true,172.68600000,2.2087,true,2.0884,false,none,failed_close_back_inside,false,post_anchor_close_back_inside,true,required_first_signal_only,SHORT,unknown,0.00000000,,0.00000000,,false,,-1,false,NONE,0.00000000,,0.00000000,0.0000,0.0000,none,-1,false,false,false,insufficient_confirmed_m5_pivots,EURJPY|SHORT|1756811700|172.686,,,false,false,false,-1,-1,-1,-1,-1,false,false,false,0.0000,rising_n,false,173.40400000,172.28900000,6.8136,true,2.4871,0.0665,0,normal,true,0.3193,shallow_236_382,0.080,diagnostic_only,diagnostic_only,diagnostic_only,deep_pullback,4,0.320,true,none,0.470,high_quality,false,false,diagnostic_only,both,true,none,true,diagnostic_adjacent_detected,required_light,false,false,LONG,3,false,false,0,,,-1,0.0000,0.00000000,0.00000000,0.00000000,false,false,none,0.00000000,false,0.0000,0.0000,false,1,0.0000,false,-1,0.00000000,0.0000,off,false,not_evaluated,none,0.0000,0.0000,none,false,false,false,0.0000,none,false,none,0.0000,false,none,0.0000,0.0000,0.0000,0.0000,false,none,0.0000,none,none,false,false,none,0.0000,0.0000,0.0000,0.0000,none,false,false,0.0000,0.0000,false,false,-1,none,none,false,0.000,0.000,172.91000000,172.77100000,172.77100000,recent_equal_highs,0.08500000,0.2824,opening_range_low|neckline_level,172.91000000,0.4641,false,true,true,false,not_blocked,9,5,4,m5_failure_exit,off,none,0.00000000,0.0000,1.30,172.46500000,4.500,-0.300,0.200,PERIOD_M15,173.40400000,172.68600000,0.2368,outside,0.000,true,172.85600000,173.15700000,0.30100000,172.46500000,1.299,0.11635714,30.00,90-120,true,false,none,blocked_spread_too_high,4.800,4.800,none,0.0000,false,opposite_break_first,true,opposite_break_first,spread_too_high
2025.09.02 16:45:00,signal,session_reversal_pullback_one_symbol_first120,EURJPY,SHORT,2025.09.02 16:40:00,16,13,22,london_newyork_overlap,2025.09.02 13:00,40,first_120min,true,true,3,EURJPY,highest_score_in_session_bar,london_newyork_overlap=USDJPY|EURJPY|GBPJPY|AUDJPY|EURUSD|GBPUSD,existing_first120_gate,london_newyork_overlap,false,false,true,passed_first_window,double_top,neckline_break_retest,172.95600000,PERIOD_M5,PERIOD_H1,PERIOD_M15,PERIOD_M5,PERIOD_M5,false,htf_soft_alignment,current_post_filter,transcript_post_filter,dow_trend_up_hh_hl,structure_trend_bias_dow_trend_up_hh_hl,dow_trend_up_hh_hl,structure_trend_bias_dow_trend_up_hh_hl,false,false,true,SHORT,PERIOD_M5,double_top,double_top,4.200,none,0.000,double_top,4.200,none,0.000,SHORT,false,PERIOD_H1_LONG_dow_trend_up_hh_hl|PERIOD_M15_LONG_structure_trend_bias_dow_trend_up_hh_hl,true,h1_counter_m15_reversal,true,top_LONG_dow_trend_up_hh_hl|structure_LONG_structure_trend_bias_dow_trend_up_hh_hl|structure_break_recent_confirmed_swing_break_failed|primary_break_recent_confirmed_swing_break_retest,none,above_75sma_rising,above_75sma_rising,below_75sma_falling,-1,0.00000000,0,172.82800000,false,off,NONE,NONE,0.00000000,0.00000000,0.0000,none,0.000,true,SHORT,return_low_break_or_bos_down,172.68600000,21,173.19300000,172.76200000,false,off,independent,false,,,false,0.0000,none,0.0000,0.0000,none,0.0000,0.0000,0.0000,none,0.0000,0,0,0.0000,none,none,none,none,0.0000,0,0.0000,none,false,true,not_evaluated,true,required_light_or_anchor_flip,long_bias,172.76200000,2025.09.02 14:00:00,173.40400000,2025.09.02 10:30:00,2025.09.02 15:15:00,false,NONE,0.00000000,0.00000000,0.0000,-1,false,,-1,NONE,0.00000000,0.00000000,0.0000,0.0000,none,,none,false,NONE,-1,-1,-1,false,false,none,false,true,false,true,none,true,required,false,PERIOD_M5,,,-1,0.0000,false,0.00000000,0.0000,false,0.0000,false,none,none,false,no_anchor_flip_in_entry_direction,true,required_first_signal_only,SHORT,unknown,0.00000000,,0.00000000,,false,,-1,false,NONE,0.00000000,,0.00000000,0.0000,0.0000,none,-1,false,false,false,no_anchor_flip_in_entry_direction,,,,false,false,false,-1,-1,-1,-1,-1,false,false,false,0.0000,rising_n,false,173.40400000,172.64900000,5.5661,false,0.0000,0.0000,0,none,true,0.2040,no_fib,0.000,diagnostic_only,diagnostic_only,diagnostic_only,fib_pullback,5,0.240,true,none,0.390,high_quality,false,false,diagnostic_only,both,true,none,true,diagnostic_adjacent_detected,required_light,false,false,LONG,5,false,false,1,2025.09.02 14:10:00,2025.09.02 16:10:00,6,4.7067,0.00000000,172.82800000,172.82800000,true,true,m5_hl_close_break_down,172.82800000,true,0.2839,1.5070,true,1,0.0000,false,0,172.82800000,1.2231,off,false,not_evaluated,none,0.8364,0.1636,very_strong,false,false,false,0.0000,no_following_closed_bar,false,none,0.0000,false,no_retest,1.2995,4.7067,0.2761,0.0000,true,strong_exhaustion,0.0000,none,none,false,false,none,0.0000,0.0000,0.0000,0.0000,none,false,false,0.0000,0.0000,false,false,-1,none,none,false,0.000,0.000,172.82600000,172.77500000,172.76200000,structure_confirmed_swing_low,0.04100000,0.1715,session_low|opening_range_low|neckline_level,172.82600000,0.2512,false,true,true,false,not_blocked,5,4,1,m5_failure_exit,off,none,0.00000000,0.0000,1.30,172.49200000,4.200,-0.300,0.200,PERIOD_M15,173.19300000,172.76200000,0.0951,outside,0.000,true,172.80300000,173.04200000,0.23900000,172.49200000,1.301,0.09157143,30.00,30-60,true,false,none,not_consumed,4.500,4.500,none,0.0000,false,neckline_retest_failed,false,not_invalidated,spread_too_high
2025.09.02 16:45:00,blocked,session_reversal_pullback_one_symbol_first120,EURJPY,SHORT,2025.09.02 16:40:00,16,13,22,london_newyork_overlap,2025.09.02 13:00,40,first_120min,true,true,3,EURJPY,highest_score_in_session_bar,london_newyork_overlap=USDJPY|EURJPY|GBPJPY|AUDJPY|EURUSD|GBPUSD,existing_first120_gate,london_newyork_overlap,false,false,true,passed_first_window,double_top,neckline_break_retest,172.95600000,PERIOD_M5,PERIOD_H1,PERIOD_M15,PERIOD_M5,PERIOD_M5,false,htf_soft_alignment,current_post_filter,transcript_post_filter,dow_trend_up_hh_hl,structure_trend_bias_dow_trend_up_hh_hl,dow_trend_up_hh_hl,structure_trend_bias_dow_trend_up_hh_hl,false,false,true,SHORT,PERIOD_M5,double_top,double_top,4.200,none,0.000,double_top,4.200,none,0.000,SHORT,false,PERIOD_H1_LONG_dow_trend_up_hh_hl|PERIOD_M15_LONG_structure_trend_bias_dow_trend_up_hh_hl,true,h1_counter_m15_reversal,true,top_LONG_dow_trend_up_hh_hl|structure_LONG_structure_trend_bias_dow_trend_up_hh_hl|structure_break_recent_confirmed_swing_break_failed|primary_break_recent_confirmed_swing_break_retest,none,above_75sma_rising,above_75sma_rising,below_75sma_falling,-1,0.00000000,0,172.82800000,false,off,NONE,NONE,0.00000000,0.00000000,0.0000,none,0.000,true,SHORT,return_low_break_or_bos_down,172.68600000,21,173.19300000,172.76200000,false,off,independent,false,,,false,0.0000,none,0.0000,0.0000,none,0.0000,0.0000,0.0000,none,0.0000,0,0,0.0000,none,none,none,none,0.0000,0,0.0000,none,false,true,not_evaluated,true,required_light_or_anchor_flip,long_bias,172.76200000,2025.09.02 14:00:00,173.40400000,2025.09.02 10:30:00,2025.09.02 15:15:00,false,NONE,0.00000000,0.00000000,0.0000,-1,false,,-1,NONE,0.00000000,0.00000000,0.0000,0.0000,none,,none,false,NONE,-1,-1,-1,false,false,none,false,true,false,true,none,true,required,false,PERIOD_M5,,,-1,0.0000,false,0.00000000,0.0000,false,0.0000,false,none,none,false,no_anchor_flip_in_entry_direction,true,required_first_signal_only,SHORT,unknown,0.00000000,,0.00000000,,false,,-1,false,NONE,0.00000000,,0.00000000,0.0000,0.0000,none,-1,false,false,false,no_anchor_flip_in_entry_direction,,,,false,false,false,-1,-1,-1,-1,-1,false,false,false,0.0000,rising_n,false,173.40400000,172.64900000,5.5661,false,0.0000,0.0000,0,none,true,0.2040,no_fib,0.000,diagnostic_only,diagnostic_only,diagnostic_only,fib_pullback,5,0.240,true,none,0.390,high_quality,false,false,diagnostic_only,both,true,none,true,diagnostic_adjacent_detected,required_light,false,false,LONG,5,false,false,1,2025.09.02 14:10:00,2025.09.02 16:10:00,6,4.7067,0.00000000,172.82800000,172.82800000,true,true,m5_hl_close_break_down,172.82800000,true,0.2839,1.5070,true,1,0.0000,false,0,172.82800000,1.2231,off,false,not_evaluated,none,0.8364,0.1636,very_strong,false,false,false,0.0000,no_following_closed_bar,false,none,0.0000,false,no_retest,1.2995,4.7067,0.2761,0.0000,true,strong_exhaustion,0.0000,none,none,false,false,none,0.0000,0.0000,0.0000,0.0000,none,false,false,0.0000,0.0000,false,false,-1,none,none,false,0.000,0.000,172.82600000,172.77500000,172.76200000,structure_confirmed_swing_low,0.04100000,0.1715,session_low|opening_range_low|neckline_level,172.82600000,0.2512,false,true,true,false,not_blocked,5,4,1,m5_failure_exit,off,none,0.00000000,0.0000,1.30,172.49200000,4.200,-0.300,0.200,PERIOD_M15,173.19300000,172.76200000,0.0951,outside,0.000,true,172.80300000,173.04200000,0.23900000,172.49200000,1.301,0.09157143,30.00,30-60,true,false,none,blocked_spread_too_high,4.500,4.500,none,0.0000,false,neckline_retest_failed,false,not_invalidated,spread_too_high
2025.09.02 19:05:01,signal,session_reversal_pullback_one_symbol_first120,EURUSD,SHORT,2025.09.02 19:00:00,19,16,1,new_york,2025.09.02 16:00,0,first_120min,true,true,3,EURUSD,highest_score_in_session_bar,new_york=USDJPY|EURJPY|GBPJPY|AUDJPY|EURUSD|GBPUSD,existing_first120_gate,new_york,false,false,true,passed_first_window,head_and_shoulders,neckline_break_retest,1.16538000,PERIOD_M5,PERIOD_H1,PERIOD_M15,PERIOD_M5,PERIOD_M5,false,htf_soft_alignment,current_post_filter,transcript_post_filter,dow_trend_up_hh_hl,no_ordered_dow_wave3_break,dow_trend_up_hh_hl,no_ordered_dow_wave3_break,false,false,true,SHORT,PERIOD_M5,head_and_shoulders,head_and_shoulders,4.500,none,0.000,head_and_shoulders,4.500,none,0.000,SHORT,false,PERIOD_H1_LONG_dow_trend_up_hh_hl|PERIOD_M15_NONE_no_ordered_dow_wave3_break,true,h1_counter_m15_reversal,true,top_LONG_dow_trend_up_hh_hl|structure_NONE_no_ordered_dow_wave3_break|structure_break_recent_confirmed_swing_break_failed|primary_break_recent_confirmed_swing_break_retest,none,below_75sma_falling,below_75sma_falling,above_75sma_rising,-1,0.00000000,0,1.16487000,false,off,NONE,NONE,0.00000000,0.00000000,0.0000,none,0.000,true,SHORT,return_low_break_or_bos_down,1.16231000,12,1.16818000,1.16121000,false,off,independent,false,,,false,0.0000,none,0.0000,0.0000,none,0.0000,0.0000,0.0000,none,0.0000,0,0,0.0000,none,none,none,none,0.0000,0,0.0000,none,false,true,not_evaluated,true,required_light_or_anchor_flip,long_bias,1.16121000,2025.09.02 15:45:00,1.16524000,2025.09.02 15:00:00,2025.09.02 17:15:00,false,NONE,0.00000000,0.00000000,0.0000,-1,false,,-1,NONE,0.00000000,0.00000000,0.0000,0.0000,none,,none,false,NONE,-1,-1,-1,false,false,none,false,true,false,true,none,true,required,false,PERIOD_M5,,,-1,0.0000,false,0.00000000,0.0000,false,0.0000,false,none,none,false,no_anchor_flip_in_entry_direction,true,required_first_signal_only,SHORT,unknown,0.00000000,,0.00000000,,false,,-1,false,NONE,0.00000000,,0.00000000,0.0000,0.0000,none,-1,false,false,false,no_anchor_flip_in_entry_direction,,,,false,false,false,-1,-1,-1,-1,-1,false,false,false,0.0000,range_n,true,1.16818000,1.16121000,5.3882,false,0.0000,0.0000,0,none,true,0.5194,preferred_382_618,0.200,diagnostic_only,diagnostic_only,diagnostic_only,shallow_pullback,6,0.440,true,none,0.590,high_quality,false,false,diagnostic_only,both,true,none,true,diagnostic_adjacent_detected,required_light,false,false,LONG,4,false,false,0,2025.09.02 17:15:00,2025.09.02 18:40:00,4,5.4454,0.00000000,1.16487000,1.16487000,true,true,m5_hl_close_break_down,1.16487000,true,0.0658,0.5758,true,1,0.0000,false,0,1.16487000,0.8884,off,false,not_evaluated,none,0.5800,0.1200,normal,false,false,false,0.0000,no_following_closed_bar,false,none,0.0000,false,no_retest,2.3690,4.6063,0.5143,0.0000,true,strong_exhaustion,0.0000,none,none,false,false,none,0.0000,0.0000,0.0000,0.0000,none,false,false,0.0000,0.0000,false,false,-1,none,none,false,0.000,0.000,1.16487000,1.16471000,0.00000000,none,0.00000000,0.0000,session_low|opening_range_low|neckline_level,1.16471000,0.1974,true,false,false,false,not_blocked,0,0,0,m5_failure_exit,off,none,0.00000000,0.0000,1.30,1.16246000,4.500,0.350,0.200,PERIOD_M15,1.16818000,1.16121000,0.5194,preferred_382_618,0.000,true,1.16483000,1.16665000,0.00182000,1.16246000,1.302,0.00060786,18.00,0-30,true,false,none,not_consumed,5.450,5.450,none,0.0000,false,neckline_retest_failed,false,not_invalidated,spread_too_high
2025.09.02 19:05:01,blocked,session_reversal_pullback_one_symbol_first120,EURUSD,SHORT,2025.09.02 19:00:00,19,16,1,new_york,2025.09.02 16:00,0,first_120min,true,true,3,EURUSD,highest_score_in_session_bar,new_york=USDJPY|EURJPY|GBPJPY|AUDJPY|EURUSD|GBPUSD,existing_first120_gate,new_york,false,false,true,passed_first_window,head_and_shoulders,neckline_break_retest,1.16538000,PERIOD_M5,PERIOD_H1,PERIOD_M15,PERIOD_M5,PERIOD_M5,false,htf_soft_alignment,current_post_filter,transcript_post_filter,dow_trend_up_hh_hl,no_ordered_dow_wave3_break,dow_trend_up_hh_hl,no_ordered_dow_wave3_break,false,false,true,SHORT,PERIOD_M5,head_and_shoulders,head_and_shoulders,4.500,none,0.000,head_and_shoulders,4.500,none,0.000,SHORT,false,PERIOD_H1_LONG_dow_trend_up_hh_hl|PERIOD_M15_NONE_no_ordered_dow_wave3_break,true,h1_counter_m15_reversal,true,top_LONG_dow_trend_up_hh_hl|structure_NONE_no_ordered_dow_wave3_break|structure_break_recent_confirmed_swing_break_failed|primary_break_recent_confirmed_swing_break_retest,none,below_75sma_falling,below_75sma_falling,above_75sma_rising,-1,0.00000000,0,1.16487000,false,off,NONE,NONE,0.00000000,0.00000000,0.0000,none,0.000,true,SHORT,return_low_break_or_bos_down,1.16231000,12,1.16818000,1.16121000,false,off,independent,false,,,false,0.0000,none,0.0000,0.0000,none,0.0000,0.0000,0.0000,none,0.0000,0,0,0.0000,none,none,none,none,0.0000,0,0.0000,none,false,true,not_evaluated,true,required_light_or_anchor_flip,long_bias,1.16121000,2025.09.02 15:45:00,1.16524000,2025.09.02 15:00:00,2025.09.02 17:15:00,false,NONE,0.00000000,0.00000000,0.0000,-1,false,,-1,NONE,0.00000000,0.00000000,0.0000,0.0000,none,,none,false,NONE,-1,-1,-1,false,false,none,false,true,false,true,none,true,required,false,PERIOD_M5,,,-1,0.0000,false,0.00000000,0.0000,false,0.0000,false,none,none,false,no_anchor_flip_in_entry_direction,true,required_first_signal_only,SHORT,unknown,0.00000000,,0.00000000,,false,,-1,false,NONE,0.00000000,,0.00000000,0.0000,0.0000,none,-1,false,false,false,no_anchor_flip_in_entry_direction,,,,false,false,false,-1,-1,-1,-1,-1,false,false,false,0.0000,range_n,true,1.16818000,1.16121000,5.3882,false,0.0000,0.0000,0,none,true,0.5194,preferred_382_618,0.200,diagnostic_only,diagnostic_only,diagnostic_only,shallow_pullback,6,0.440,true,none,0.590,high_quality,false,false,diagnostic_only,both,true,none,true,diagnostic_adjacent_detected,required_light,false,false,LONG,4,false,false,0,2025.09.02 17:15:00,2025.09.02 18:40:00,4,5.4454,0.00000000,1.16487000,1.16487000,true,true,m5_hl_close_break_down,1.16487000,true,0.0658,0.5758,true,1,0.0000,false,0,1.16487000,0.8884,off,false,not_evaluated,none,0.5800,0.1200,normal,false,false,false,0.0000,no_following_closed_bar,false,none,0.0000,false,no_retest,2.3690,4.6063,0.5143,0.0000,true,strong_exhaustion,0.0000,none,none,false,false,none,0.0000,0.0000,0.0000,0.0000,none,false,false,0.0000,0.0000,false,false,-1,none,none,false,0.000,0.000,1.16487000,1.16471000,0.00000000,none,0.00000000,0.0000,session_low|opening_range_low|neckline_level,1.16471000,0.1974,true,false,false,false,not_blocked,0,0,0,m5_failure_exit,off,none,0.00000000,0.0000,1.30,1.16246000,4.500,0.350,0.200,PERIOD_M15,1.16818000,1.16121000,0.5194,preferred_382_618,0.000,true,1.16483000,1.16665000,0.00182000,1.16246000,1.302,0.00060786,18.00,0-30,true,false,none,blocked_spread_too_high,5.450,5.450,none,0.0000,false,neckline_retest_failed,false,not_invalidated,spread_too_high
2025.09.03 03:10:00,signal,session_reversal_pullback_one_symbol_first120,GBPJPY,SHORT,2025.09.03 03:05:00,3,0,9,tokyo,2025.09.03 00:00,5,first_120min,true,true,3,GBPJPY,highest_score_in_session_bar,tokyo=USDJPY|EURJPY|GBPJPY|AUDJPY,existing_first120_gate,tokyo,false,false,true,passed_first_window,head_and_shoulders,neckline_break_retest,198.74600000,PERIOD_M5,PERIOD_H1,PERIOD_M15,PERIOD_M5,PERIOD_M5,false,htf_soft_alignment,current_post_filter,transcript_post_filter,dow_range_or_transition,no_ordered_dow_wave3_break,dow_range_or_transition,no_ordered_dow_wave3_break,false,true,true,SHORT,PERIOD_M5,head_and_shoulders,head_and_shoulders,4.500,none,0.000,head_and_shoulders,4.500,none,0.000,SHORT,false,PERIOD_H1_NONE_dow_range_or_transition|PERIOD_M15_NONE_no_ordered_dow_wave3_break,true,h1_counter_m15_reversal,true,top_NONE_dow_range_or_transition|structure_NONE_no_ordered_dow_wave3_break|structure_break_recent_confirmed_swing_break_failed|primary_break_recent_confirmed_swing_break_retest,none,below_75sma_flat_or_rising,below_75sma_falling,above_75sma_rising,-1,0.00000000,0,198.74700000,false,off,NONE,NONE,0.00000000,0.00000000,0.0000,none,0.000,true,SHORT,return_low_break_or_bos_down,198.50300000,22,198.88300000,198.44100000,false,off,independent,false,,,false,0.0000,none,0.0000,0.0000,none,0.0000,0.0000,0.0000,none,0.0000,0,0,0.0000,none,none,none,none,0.0000,0,0.0000,none,false,true,not_evaluated,true,required_light_or_anchor_flip,long_bias,198.44100000,2025.09.03 00:00:00,198.72700000,2025.09.02 23:15:00,2025.09.03 01:45:00,false,NONE,0.00000000,0.00000000,0.0000,-1,false,,-1,NONE,0.00000000,0.00000000,0.0000,0.0000,none,,none,false,NONE,-1,-1,-1,false,false,none,false,true,false,true,none,true,required,false,PERIOD_M5,,,-1,0.0000,false,0.00000000,0.0000,false,0.0000,false,none,none,false,no_anchor_flip_in_entry_direction,true,required_first_signal_only,SHORT,unknown,0.00000000,,0.00000000,,false,,-1,false,NONE,0.00000000,,0.00000000,0.0000,0.0000,none,-1,false,false,false,no_anchor_flip_in_entry_direction,,,,false,false,false,-1,-1,-1,-1,-1,false,false,false,0.0000,range_n,true,198.88300000,198.44100000,4.4390,false,0.0000,0.0000,0,none,true,0.6584,deep_618_786,0.120,diagnostic_only,diagnostic_only,diagnostic_only,fib_pullback,4,0.410,true,none,0.560,high_quality,false,false,diagnostic_only,both,true,none,true,diagnostic_adjacent_detected,required_light,false,false,LONG,4,false,false,2,2025.09.03 01:10:00,2025.09.03 02:20:00,9,3.6296,0.00000000,198.74700000,198.74700000,true,true,m5_hl_close_break_down,198.74700000,true,0.0669,1.1207,true,1,0.0000,true,1,198.74700000,0.6189,off,false,not_evaluated,none,0.8506,0.1494,normal,true,false,false,0.0000,held_clean,true,favorable_side,0.5857,false,clean_retest,2.2748,1.0203,2.2295,2.6093,false,no_shrink,0.0000,none,none,false,false,none,0.0000,0.0000,0.0000,0.0000,none,false,false,0.0000,0.0000,false,false,-1,none,none,false,0.000,0.000,198.74283333,198.72000000,198.72000000,pre_session_low,0.01200000,0.0945,session_low|opening_range_low|neckline_level,198.74600000,0.2342,false,true,false,false,not_blocked,1,1,0,m5_failure_exit,off,none,0.00000000,0.0000,1.30,198.56700000,4.500,-0.300,0.200,PERIOD_M15,198.88300000,198.44100000,0.6584,deep_618_786,0.000,true,198.73200000,198.85900000,0.12700000,198.56700000,1.299,0.05978571,38.00,0-30,true,false,none,not_consumed,4.800,4.800,none,0.0000,false,opposite_break_first,true,opposite_break_first,spread_too_high
2025.09.03 03:10:00,blocked,session_reversal_pullback_one_symbol_first120,GBPJPY,SHORT,2025.09.03 03:05:00,3,0,9,tokyo,2025.09.03 00:00,5,first_120min,true,true,3,GBPJPY,highest_score_in_session_bar,tokyo=USDJPY|EURJPY|GBPJPY|AUDJPY,existing_first120_gate,tokyo,false,false,true,passed_first_window,head_and_shoulders,neckline_break_retest,198.74600000,PERIOD_M5,PERIOD_H1,PERIOD_M15,PERIOD_M5,PERIOD_M5,false,htf_soft_alignment,current_post_filter,transcript_post_filter,dow_range_or_transition,no_ordered_dow_wave3_break,dow_range_or_transition,no_ordered_dow_wave3_break,false,true,true,SHORT,PERIOD_M5,head_and_shoulders,head_and_shoulders,4.500,none,0.000,head_and_shoulders,4.500,none,0.000,SHORT,false,PERIOD_H1_NONE_dow_range_or_transition|PERIOD_M15_NONE_no_ordered_dow_wave3_break,true,h1_counter_m15_reversal,true,top_NONE_dow_range_or_transition|structure_NONE_no_ordered_dow_wave3_break|structure_break_recent_confirmed_swing_break_failed|primary_break_recent_confirmed_swing_break_retest,none,below_75sma_flat_or_rising,below_75sma_falling,above_75sma_rising,-1,0.00000000,0,198.74700000,false,off,NONE,NONE,0.00000000,0.00000000,0.0000,none,0.000,true,SHORT,return_low_break_or_bos_down,198.50300000,22,198.88300000,198.44100000,false,off,independent,false,,,false,0.0000,none,0.0000,0.0000,none,0.0000,0.0000,0.0000,none,0.0000,0,0,0.0000,none,none,none,none,0.0000,0,0.0000,none,false,true,not_evaluated,true,required_light_or_anchor_flip,long_bias,198.44100000,2025.09.03 00:00:00,198.72700000,2025.09.02 23:15:00,2025.09.03 01:45:00,false,NONE,0.00000000,0.00000000,0.0000,-1,false,,-1,NONE,0.00000000,0.00000000,0.0000,0.0000,none,,none,false,NONE,-1,-1,-1,false,false,none,false,true,false,true,none,true,required,false,PERIOD_M5,,,-1,0.0000,false,0.00000000,0.0000,false,0.0000,false,none,none,false,no_anchor_flip_in_entry_direction,true,required_first_signal_only,SHORT,unknown,0.00000000,,0.00000000,,false,,-1,false,NONE,0.00000000,,0.00000000,0.0000,0.0000,none,-1,false,false,false,no_anchor_flip_in_entry_direction,,,,false,false,false,-1,-1,-1,-1,-1,false,false,false,0.0000,range_n,true,198.88300000,198.44100000,4.4390,false,0.0000,0.0000,0,none,true,0.6584,deep_618_786,0.120,diagnostic_only,diagnostic_only,diagnostic_only,fib_pullback,4,0.410,true,none,0.560,high_quality,false,false,diagnostic_only,both,true,none,true,diagnostic_adjacent_detected,required_light,false,false,LONG,4,false,false,2,2025.09.03 01:10:00,2025.09.03 02:20:00,9,3.6296,0.00000000,198.74700000,198.74700000,true,true,m5_hl_close_break_down,198.74700000,true,0.0669,1.1207,true,1,0.0000,true,1,198.74700000,0.6189,off,false,not_evaluated,none,0.8506,0.1494,normal,true,false,false,0.0000,held_clean,true,favorable_side,0.5857,false,clean_retest,2.2748,1.0203,2.2295,2.6093,false,no_shrink,0.0000,none,none,false,false,none,0.0000,0.0000,0.0000,0.0000,none,false,false,0.0000,0.0000,false,false,-1,none,none,false,0.000,0.000,198.74283333,198.72000000,198.72000000,pre_session_low,0.01200000,0.0945,session_low|opening_range_low|neckline_level,198.74600000,0.2342,false,true,false,false,not_blocked,1,1,0,m5_failure_exit,off,none,0.00000000,0.0000,1.30,198.56700000,4.500,-0.300,0.200,PERIOD_M15,198.88300000,198.44100000,0.6584,deep_618_786,0.000,true,198.73200000,198.85900000,0.12700000,198.56700000,1.299,0.05978571,38.00,0-30,true,false,none,blocked_spread_too_high,4.800,4.800,none,0.0000,false,opposite_break_first,true,opposite_break_first,spread_too_high
2025.09.03 10:10:00,signal,session_reversal_pullback_one_symbol_first120,EURUSD,SHORT,2025.09.03 10:05:00,10,7,16,london,2025.09.03 07:00,5,first_120min,true,true,3,EURUSD,highest_score_in_session_bar,london=USDJPY|EURJPY|GBPJPY|AUDJPY|EURUSD|GBPUSD,existing_first120_gate,london,false,false,true,passed_first_window,head_and_shoulders,neckline_break_retest,1.16318000,PERIOD_M5,PERIOD_H1,PERIOD_M15,PERIOD_M5,PERIOD_M5,false,htf_soft_alignment,current_post_filter,transcript_post_filter,dow_range_or_transition,no_ordered_dow_wave3_break,dow_range_or_transition,no_ordered_dow_wave3_break,false,false,true,SHORT,PERIOD_M5,head_and_shoulders,head_and_shoulders,4.500,none,0.000,head_and_shoulders,4.500,none,0.000,SHORT,false,PERIOD_H1_NONE_dow_range_or_transition|PERIOD_M15_NONE_no_ordered_dow_wave3_break,true,h1_counter_m15_reversal,true,top_NONE_dow_range_or_transition|structure_NONE_no_ordered_dow_wave3_break|structure_break_recent_confirmed_swing_break_failed|primary_break_recent_confirmed_swing_break_retest,none,below_75sma_falling,below_75sma_falling,above_75sma_rising,-1,0.00000000,0,1.16328000,false,off,NONE,NONE,0.00000000,0.00000000,0.0000,none,0.000,true,SHORT,return_low_break_or_bos_down,1.16256000,12,1.16422000,1.16212000,false,off,independent,false,,,false,0.0000,none,0.0000,0.0000,none,0.0000,0.0000,0.0000,none,0.0000,0,0,0.0000,none,none,none,none,0.0000,0,0.0000,none,false,true,not_evaluated,true,required_light_or_anchor_flip,bias_flip_up,1.16349000,2025.09.03 00:30:00,1.16348000,2025.09.03 05:15:00,2025.09.03 07:00:00,true,LONG,1.16348000,1.16382000,0.7653,1,true,2025.09.03 09:30:00,1,LONG,1.16348000,1.16382000,0.7653,0.7653,normal,2025.09.03 09:30:00,first_after_anchor,true,LONG,1,1,1,true,false,fresh_0_4,false,true,false,true,none,true,required,false,PERIOD_M5,,,-1,0.0000,false,0.00000000,0.0000,false,0.0000,false,none,none,false,no_anchor_flip_in_entry_direction,true,required_first_signal_only,SHORT,unknown,0.00000000,,0.00000000,,false,,-1,false,NONE,0.00000000,,0.00000000,0.0000,0.0000,none,-1,false,false,false,no_anchor_flip_in_entry_direction,,,,false,false,false,-1,-1,-1,-1,-1,false,false,false,0.0000,range_n,true,1.16354000,1.16212000,3.1961,true,0.7653,0.6600,0,normal,true,0.4381,preferred_382_618,0.200,diagnostic_only,diagnostic_only,diagnostic_only,shallow_pullback,24,0.450,true,none,0.600,high_quality,false,false,diagnostic_only,both,true,none,true,diagnostic_adjacent_detected,required_light,false,false,LONG,1,false,false,0,,,-1,0.0000,0.00000000,0.00000000,0.00000000,false,false,none,0.00000000,false,0.0000,0.0000,false,1,0.0000,false,-1,0.00000000,0.0000,off,false,not_evaluated,none,0.0000,0.0000,none,false,false,false,0.0000,none,false,none,0.0000,false,none,0.0000,0.0000,0.0000,0.0000,false,none,0.0000,none,none,false,false,none,0.0000,0.0000,0.0000,0.0000,none,false,false,0.0000,0.0000,false,false,-1,none,none,false,0.000,0.000,1.16318000,1.16293656,1.16293656,recent_equal_lows,0.00010344,0.1034,neckline_level,1.16318000,0.3532,false,true,true,false,not_blocked,9,6,3,m5_failure_exit,off,none,0.00000000,0.0000,1.30,1.16174000,4.500,-0.300,0.200,PERIOD_M15,1.16339000,1.16253000,0.5930,preferred_382_618,0.000,true,1.16304000,1.16404000,0.00100000,1.16174000,1.300,0.00039643,18.00,0-30,true,false,none,not_consumed,4.800,4.800,none,0.0000,false,neckline_retest_failed,false,not_invalidated,spread_too_high
2025.09.03 10:10:00,blocked,session_reversal_pullback_one_symbol_first120,EURUSD,SHORT,2025.09.03 10:05:00,10,7,16,london,2025.09.03 07:00,5,first_120min,true,true,3,EURUSD,highest_score_in_session_bar,london=USDJPY|EURJPY|GBPJPY|AUDJPY|EURUSD|GBPUSD,existing_first120_gate,london,false,false,true,passed_first_window,head_and_shoulders,neckline_break_retest,1.16318000,PERIOD_M5,PERIOD_H1,PERIOD_M15,PERIOD_M5,PERIOD_M5,false,htf_soft_alignment,current_post_filter,transcript_post_filter,dow_range_or_transition,no_ordered_dow_wave3_break,dow_range_or_transition,no_ordered_dow_wave3_break,false,false,true,SHORT,PERIOD_M5,head_and_shoulders,head_and_shoulders,4.500,none,0.000,head_and_shoulders,4.500,none,0.000,SHORT,false,PERIOD_H1_NONE_dow_range_or_transition|PERIOD_M15_NONE_no_ordered_dow_wave3_break,true,h1_counter_m15_reversal,true,top_NONE_dow_range_or_transition|structure_NONE_no_ordered_dow_wave3_break|structure_break_recent_confirmed_swing_break_failed|primary_break_recent_confirmed_swing_break_retest,none,below_75sma_falling,below_75sma_falling,above_75sma_rising,-1,0.00000000,0,1.16328000,false,off,NONE,NONE,0.00000000,0.00000000,0.0000,none,0.000,true,SHORT,return_low_break_or_bos_down,1.16256000,12,1.16422000,1.16212000,false,off,independent,false,,,false,0.0000,none,0.0000,0.0000,none,0.0000,0.0000,0.0000,none,0.0000,0,0,0.0000,none,none,none,none,0.0000,0,0.0000,none,false,true,not_evaluated,true,required_light_or_anchor_flip,bias_flip_up,1.16349000,2025.09.03 00:30:00,1.16348000,2025.09.03 05:15:00,2025.09.03 07:00:00,true,LONG,1.16348000,1.16382000,0.7653,1,true,2025.09.03 09:30:00,1,LONG,1.16348000,1.16382000,0.7653,0.7653,normal,2025.09.03 09:30:00,first_after_anchor,true,LONG,1,1,1,true,false,fresh_0_4,false,true,false,true,none,true,required,false,PERIOD_M5,,,-1,0.0000,false,0.00000000,0.0000,false,0.0000,false,none,none,false,no_anchor_flip_in_entry_direction,true,required_first_signal_only,SHORT,unknown,0.00000000,,0.00000000,,false,,-1,false,NONE,0.00000000,,0.00000000,0.0000,0.0000,none,-1,false,false,false,no_anchor_flip_in_entry_direction,,,,false,false,false,-1,-1,-1,-1,-1,false,false,false,0.0000,range_n,true,1.16354000,1.16212000,3.1961,true,0.7653,0.6600,0,normal,true,0.4381,preferred_382_618,0.200,diagnostic_only,diagnostic_only,diagnostic_only,shallow_pullback,24,0.450,true,none,0.600,high_quality,false,false,diagnostic_only,both,true,none,true,diagnostic_adjacent_detected,required_light,false,false,LONG,1,false,false,0,,,-1,0.0000,0.00000000,0.00000000,0.00000000,false,false,none,0.00000000,false,0.0000,0.0000,false,1,0.0000,false,-1,0.00000000,0.0000,off,false,not_evaluated,none,0.0000,0.0000,none,false,false,false,0.0000,none,false,none,0.0000,false,none,0.0000,0.0000,0.0000,0.0000,false,none,0.0000,none,none,false,false,none,0.0000,0.0000,0.0000,0.0000,none,false,false,0.0000,0.0000,false,false,-1,none,none,false,0.000,0.000,1.16318000,1.16293656,1.16293656,recent_equal_lows,0.00010344,0.1034,neckline_level,1.16318000,0.3532,false,true,true,false,not_blocked,9,6,3,m5_failure_exit,off,none,0.00000000,0.0000,1.30,1.16174000,4.500,-0.300,0.200,PERIOD_M15,1.16339000,1.16253000,0.5930,preferred_382_618,0.000,true,1.16304000,1.16404000,0.00100000,1.16174000,1.300,0.00039643,18.00,0-30,true,false,none,blocked_spread_too_high,4.800,4.800,none,0.0000,false,neckline_retest_failed,false,not_invalidated,spread_too_high
2025.09.03 16:40:00,signal,session_reversal_pullback_one_symbol_first120,USDJPY,SHORT,2025.09.03 16:35:00,16,13,22,london_newyork_overlap,2025.09.03 13:00,35,first_120min,true,true,3,USDJPY,highest_score_in_session_bar,london_newyork_overlap=USDJPY|EURJPY|GBPJPY|AUDJPY|EURUSD|GBPUSD,existing_first120_gate,london_newyork_overlap,false,false,true,passed_first_window,head_and_shoulders,neckline_break_retest,148.68500000,PERIOD_M5,PERIOD_H1,PERIOD_M15,PERIOD_M5,PERIOD_M5,false,htf_soft_alignment,current_post_filter,transcript_post_filter,dow_trend_up_hh_hl,no_ordered_dow_wave3_break,dow_trend_up_hh_hl,no_ordered_dow_wave3_break,false,true,true,SHORT,PERIOD_M5,head_and_shoulders,head_and_shoulders,4.500,none,0.000,head_and_shoulders,4.500,none,0.000,SHORT,false,PERIOD_H1_LONG_dow_trend_up_hh_hl|PERIOD_M15_NONE_no_ordered_dow_wave3_break,true,h1_counter_m15_reversal,true,top_LONG_dow_trend_up_hh_hl|structure_NONE_no_ordered_dow_wave3_break|structure_break_recent_confirmed_swing_break_failed|primary_break_no_recent_confirmed_swing_break,none,above_75sma_rising,above_75sma_rising,below_75sma_falling,-1,0.00000000,-1,0.00000000,false,off,NONE,NONE,0.00000000,0.00000000,0.0000,none,0.000,true,SHORT,return_low_break_or_bos_down,148.50300000,15,149.12600000,148.42700000,false,off,independent,false,,,false,0.0000,none,0.0000,0.0000,none,0.0000,0.0000,0.0000,none,0.0000,0,0,0.0000,none,none,none,none,0.0000,0,0.0000,none,false,true,not_evaluated,true,required_light_or_anchor_flip,short_bias,148.50300000,2025.09.03 09:30:00,149.12600000,2025.09.03 10:15:00,2025.09.03 12:45:00,false,NONE,0.00000000,0.00000000,0.0000,-1,false,,-1,NONE,0.00000000,0.00000000,0.0000,0.0000,none,,none,false,NONE,-1,-1,-1,false,false,none,true,false,false,true,none,true,required,false,PERIOD_M5,,,-1,0.0000,false,0.00000000,0.0000,false,0.0000,false,none,none,false,no_anchor_flip_in_entry_direction,true,required_first_signal_only,SHORT,unknown,0.00000000,,0.00000000,,false,,-1,false,NONE,0.00000000,,0.00000000,0.0000,0.0000,none,-1,false,false,false,no_anchor_flip_in_entry_direction,,,,false,false,false,-1,-1,-1,-1,-1,false,false,false,0.0000,range_n,true,149.12600000,148.42700000,7.1431,false,0.0000,0.0000,0,none,true,0.3104,shallow_236_382,0.080,diagnostic_only,diagnostic_only,diagnostic_only,deep_pullback,24,0.280,true,none,0.430,high_quality,false,false,diagnostic_only,both,true,none,true,diagnostic_adjacent_detected,required_light,false,false,LONG,3,false,false,0,,,-1,0.0000,0.00000000,0.00000000,0.00000000,false,false,none,0.00000000,false,0.0000,0.0000,false,1,0.0000,false,-1,0.00000000,0.0000,off,false,not_evaluated,none,0.0000,0.0000,none,false,false,false,0.0000,none,false,none,0.0000,false,none,0.0000,0.0000,0.0000,0.0000,false,none,0.0000,none,none,false,false,none,0.0000,0.0000,0.0000,0.0000,none,false,false,0.0000,0.0000,false,false,-1,none,none,false,0.000,0.000,148.67068421,148.63400000,148.61500000,session_low,0.02900000,0.1835,opening_range_low|neckline_level,148.63400000,0.1311,false,true,true,false,not_blocked,5,4,1,m5_failure_exit,off,none,0.00000000,0.0000,1.30,148.43900000,4.500,-0.300,0.200,PERIOD_M15,148.72700000,148.53800000,0.5608,preferred_382_618,0.000,true,148.64400000,148.80200000,0.15800000,148.43900000,1.297,0.07628571,19.00,30-60,true,false,none,not_consumed,4.600,4.600,none,0.0000,false,opposite_break_first,true,opposite_break_first,spread_too_high
2025.09.03 16:40:00,blocked,session_reversal_pullback_one_symbol_first120,USDJPY,SHORT,2025.09.03 16:35:00,16,13,22,london_newyork_overlap,2025.09.03 13:00,35,first_120min,true,true,3,USDJPY,highest_score_in_session_bar,london_newyork_overlap=USDJPY|EURJPY|GBPJPY|AUDJPY|EURUSD|GBPUSD,existing_first120_gate,london_newyork_overlap,false,false,true,passed_first_window,head_and_shoulders,neckline_break_retest,148.68500000,PERIOD_M5,PERIOD_H1,PERIOD_M15,PERIOD_M5,PERIOD_M5,false,htf_soft_alignment,current_post_filter,transcript_post_filter,dow_trend_up_hh_hl,no_ordered_dow_wave3_break,dow_trend_up_hh_hl,no_ordered_dow_wave3_break,false,true,true,SHORT,PERIOD_M5,head_and_shoulders,head_and_shoulders,4.500,none,0.000,head_and_shoulders,4.500,none,0.000,SHORT,false,PERIOD_H1_LONG_dow_trend_up_hh_hl|PERIOD_M15_NONE_no_ordered_dow_wave3_break,true,h1_counter_m15_reversal,true,top_LONG_dow_trend_up_hh_hl|structure_NONE_no_ordered_dow_wave3_break|structure_break_recent_confirmed_swing_break_failed|primary_break_no_recent_confirmed_swing_break,none,above_75sma_rising,above_75sma_rising,below_75sma_falling,-1,0.00000000,-1,0.00000000,false,off,NONE,NONE,0.00000000,0.00000000,0.0000,none,0.000,true,SHORT,return_low_break_or_bos_down,148.50300000,15,149.12600000,148.42700000,false,off,independent,false,,,false,0.0000,none,0.0000,0.0000,none,0.0000,0.0000,0.0000,none,0.0000,0,0,0.0000,none,none,none,none,0.0000,0,0.0000,none,false,true,not_evaluated,true,required_light_or_anchor_flip,short_bias,148.50300000,2025.09.03 09:30:00,149.12600000,2025.09.03 10:15:00,2025.09.03 12:45:00,false,NONE,0.00000000,0.00000000,0.0000,-1,false,,-1,NONE,0.00000000,0.00000000,0.0000,0.0000,none,,none,false,NONE,-1,-1,-1,false,false,none,true,false,false,true,none,true,required,false,PERIOD_M5,,,-1,0.0000,false,0.00000000,0.0000,false,0.0000,false,none,none,false,no_anchor_flip_in_entry_direction,true,required_first_signal_only,SHORT,unknown,0.00000000,,0.00000000,,false,,-1,false,NONE,0.00000000,,0.00000000,0.0000,0.0000,none,-1,false,false,false,no_anchor_flip_in_entry_direction,,,,false,false,false,-1,-1,-1,-1,-1,false,false,false,0.0000,range_n,true,149.12600000,148.42700000,7.1431,false,0.0000,0.0000,0,none,true,0.3104,shallow_236_382,0.080,diagnostic_only,diagnostic_only,diagnostic_only,deep_pullback,24,0.280,true,none,0.430,high_quality,false,false,diagnostic_only,both,true,none,true,diagnostic_adjacent_detected,required_light,false,false,LONG,3,false,false,0,,,-1,0.0000,0.00000000,0.00000000,0.00000000,false,false,none,0.00000000,false,0.0000,0.0000,false,1,0.0000,false,-1,0.00000000,0.0000,off,false,not_evaluated,none,0.0000,0.0000,none,false,false,false,0.0000,none,false,none,0.0000,false,none,0.0000,0.0000,0.0000,0.0000,false,none,0.0000,none,none,false,false,none,0.0000,0.0000,0.0000,0.0000,none,false,false,0.0000,0.0000,false,false,-1,none,none,false,0.000,0.000,148.67068421,148.63400000,148.61500000,session_low,0.02900000,0.1835,opening_range_low|neckline_level,148.63400000,0.1311,false,true,true,false,not_blocked,5,4,1,m5_failure_exit,off,none,0.00000000,0.0000,1.30,148.43900000,4.500,-0.300,0.200,PERIOD_M15,148.72700000,148.53800000,0.5608,preferred_382_618,0.000,true,148.64400000,148.80200000,0.15800000,148.43900000,1.297,0.07628571,19.00,30-60,true,false,none,blocked_spread_too_high,4.600,4.600,none,0.0000,false,opposite_break_first,true,opposite_break_first,spread_too_high
2025.09.03 20:20:03,signal,session_reversal_pullback_one_symbol_first120,GBPJPY,LONG,2025.09.03 20:15:00,20,17,2,new_york,2025.09.03 16:00,75,first_120min,false,true,3,GBPJPY,highest_score_in_session_bar,new_york=USDJPY|EURJPY|GBPJPY|AUDJPY|EURUSD|GBPUSD,existing_first120_gate,new_york,false,false,true,passed_first_window,double_bottom,neckline_break_retest,198.99000000,PERIOD_M5,PERIOD_H1,PERIOD_M15,PERIOD_M5,PERIOD_M5,false,htf_soft_alignment,current_post_filter,transcript_post_filter,dow_range_or_transition,structure_trend_bias_dow_trend_up_hh_hl,dow_range_or_transition,structure_trend_bias_dow_trend_up_hh_hl,false,true,false,LONG,PERIOD_M5,double_bottom,double_bottom,4.200,none,0.000,double_bottom,4.200,none,0.000,LONG,false,PERIOD_H1_NONE_dow_range_or_transition|PERIOD_M15_LONG_structure_trend_bias_dow_trend_up_hh_hl,true,h1_counter_m15_reversal,true,top_NONE_dow_range_or_transition|structure_LONG_structure_trend_bias_dow_trend_up_hh_hl|structure_break_recent_confirmed_swing_break_failed|primary_break_recent_confirmed_swing_break_retest,none,below_75sma_flat_or_rising,above_75sma_rising,below_75sma_falling,-1,0.00000000,1,199.01000000,false,off,NONE,NONE,0.00000000,0.00000000,0.0000,none,0.000,true,LONG,return_high_break_or_bos_up,199.35700000,13,199.71100000,198.88700000,false,off,independent,false,,,false,0.0000,none,0.0000,0.0000,none,0.0000,0.0000,0.0000,none,0.0000,0,0,0.0000,none,none,none,none,0.0000,0,0.0000,none,false,true,not_evaluated,true,required_light_or_anchor_flip,short_bias,199.17600000,2025.09.03 14:30:00,199.16600000,2025.09.03 18:15:00,2025.09.03 19:15:00,false,NONE,0.00000000,0.00000000,0.0000,-1,false,,-1,NONE,0.00000000,0.00000000,0.0000,0.0000,none,,none,false,NONE,-1,-1,-1,false,false,none,false,true,false,true,none,true,required,false,PERIOD_M5,,,-1,0.0000,false,0.00000000,0.0000,false,0.0000,false,none,none,false,no_anchor_flip_in_entry_direction,true,required_first_signal_only,LONG,unknown,0.00000000,,0.00000000,,false,,-1,false,NONE,0.00000000,,0.00000000,0.0000,0.0000,none,-1,false,false,false,no_anchor_flip_in_entry_direction,,,,false,false,false,-1,-1,-1,-1,-1,false,false,false,0.0000,falling_n,false,199.71100000,198.88700000,5.5568,false,0.0000,0.0000,0,none,true,0.8058,too_deep,0.000,diagnostic_only,diagnostic_only,diagnostic_only,shallow_pullback,24,0.250,true,none,0.400,high_quality,false,false,diagnostic_only,both,true,none,true,diagnostic_adjacent_detected,required_light,false,false,SHORT,7,false,false,1,2025.09.03 18:40:00,2025.09.03 19:50:00,5,3.2813,199.01000000,0.00000000,199.01000000,true,true,m5_lh_close_break_up,199.01000000,true,0.5625,1.0625,true,1,0.2031,false,1,199.01000000,0.2187,off,false,not_evaluated,none,0.8132,0.1868,very_strong,false,true,true,0.2031,failed_1bar,true,back_inside,0.0172,false,weak_retest,1.3281,3.2813,0.4048,0.0000,true,strong_exhaustion,0.0000,none,none,false,false,none,0.0000,0.0000,0.0000,0.0000,none,false,false,0.0000,0.0000,false,false,-1,none,none,false,0.000,0.000,199.05300000,199.04100000,199.05300000,top_context_confirmed_swing_high,0.00600000,0.0588,session_high|opening_range_high|neckline_level,199.04100000,0.0938,false,true,false,false,not_blocked,3,3,0,m5_failure_exit,off,none,0.00000000,0.0000,1.30,199.17900000,4.200,-0.300,0.200,PERIOD_M15,199.16600000,199.04000000,0.9444,outside,0.000,true,199.04700000,198.94500000,0.10200000,199.17900000,1.294,0.06400000,38.00,60-90,true,false,none,not_consumed,4.500,4.500,none,0.0000,false,opposite_break_first,true,opposite_break_first,spread_too_high
2025.09.03 20:20:03,blocked,session_reversal_pullback_one_symbol_first120,GBPJPY,LONG,2025.09.03 20:15:00,20,17,2,new_york,2025.09.03 16:00,75,first_120min,false,true,3,GBPJPY,highest_score_in_session_bar,new_york=USDJPY|EURJPY|GBPJPY|AUDJPY|EURUSD|GBPUSD,existing_first120_gate,new_york,false,false,true,passed_first_window,double_bottom,neckline_break_retest,198.99000000,PERIOD_M5,PERIOD_H1,PERIOD_M15,PERIOD_M5,PERIOD_M5,false,htf_soft_alignment,current_post_filter,transcript_post_filter,dow_range_or_transition,structure_trend_bias_dow_trend_up_hh_hl,dow_range_or_transition,structure_trend_bias_dow_trend_up_hh_hl,false,true,false,LONG,PERIOD_M5,double_bottom,double_bottom,4.200,none,0.000,double_bottom,4.200,none,0.000,LONG,false,PERIOD_H1_NONE_dow_range_or_transition|PERIOD_M15_LONG_structure_trend_bias_dow_trend_up_hh_hl,true,h1_counter_m15_reversal,true,top_NONE_dow_range_or_transition|structure_LONG_structure_trend_bias_dow_trend_up_hh_hl|structure_break_recent_confirmed_swing_break_failed|primary_break_recent_confirmed_swing_break_retest,none,below_75sma_flat_or_rising,above_75sma_rising,below_75sma_falling,-1,0.00000000,1,199.01000000,false,off,NONE,NONE,0.00000000,0.00000000,0.0000,none,0.000,true,LONG,return_high_break_or_bos_up,199.35700000,13,199.71100000,198.88700000,false,off,independent,false,,,false,0.0000,none,0.0000,0.0000,none,0.0000,0.0000,0.0000,none,0.0000,0,0,0.0000,none,none,none,none,0.0000,0,0.0000,none,false,true,not_evaluated,true,required_light_or_anchor_flip,short_bias,199.17600000,2025.09.03 14:30:00,199.16600000,2025.09.03 18:15:00,2025.09.03 19:15:00,false,NONE,0.00000000,0.00000000,0.0000,-1,false,,-1,NONE,0.00000000,0.00000000,0.0000,0.0000,none,,none,false,NONE,-1,-1,-1,false,false,none,false,true,false,true,none,true,required,false,PERIOD_M5,,,-1,0.0000,false,0.00000000,0.0000,false,0.0000,false,none,none,false,no_anchor_flip_in_entry_direction,true,required_first_signal_only,LONG,unknown,0.00000000,,0.00000000,,false,,-1,false,NONE,0.00000000,,0.00000000,0.0000,0.0000,none,-1,false,false,false,no_anchor_flip_in_entry_direction,,,,false,false,false,-1,-1,-1,-1,-1,false,false,false,0.0000,falling_n,false,199.71100000,198.88700000,5.5568,false,0.0000,0.0000,0,none,true,0.8058,too_deep,0.000,diagnostic_only,diagnostic_only,diagnostic_only,shallow_pullback,24,0.250,true,none,0.400,high_quality,false,false,diagnostic_only,both,true,none,true,diagnostic_adjacent_detected,required_light,false,false,SHORT,7,false,false,1,2025.09.03 18:40:00,2025.09.03 19:50:00,5,3.2813,199.01000000,0.00000000,199.01000000,true,true,m5_lh_close_break_up,199.01000000,true,0.5625,1.0625,true,1,0.2031,false,1,199.01000000,0.2187,off,false,not_evaluated,none,0.8132,0.1868,very_strong,false,true,true,0.2031,failed_1bar,true,back_inside,0.0172,false,weak_retest,1.3281,3.2813,0.4048,0.0000,true,strong_exhaustion,0.0000,none,none,false,false,none,0.0000,0.0000,0.0000,0.0000,none,false,false,0.0000,0.0000,false,false,-1,none,none,false,0.000,0.000,199.05300000,199.04100000,199.05300000,top_context_confirmed_swing_high,0.00600000,0.0588,session_high|opening_range_high|neckline_level,199.04100000,0.0938,false,true,false,false,not_blocked,3,3,0,m5_failure_exit,off,none,0.00000000,0.0000,1.30,199.17900000,4.200,-0.300,0.200,PERIOD_M15,199.16600000,199.04000000,0.9444,outside,0.000,true,199.04700000,198.94500000,0.10200000,199.17900000,1.294,0.06400000,38.00,60-90,true,false,none,blocked_spread_too_high,4.500,4.500,none,0.0000,false,opposite_break_first,true,opposite_break_first,spread_too_high
2025.09.04 03:10:00,signal,session_reversal_pullback_one_symbol_first120,EURJPY,LONG,2025.09.04 03:05:00,3,0,9,tokyo,2025.09.04 00:00,5,first_120min,true,true,3,EURJPY,highest_score_in_session_bar,tokyo=USDJPY|EURJPY|GBPJPY|AUDJPY,existing_first120_gate,tokyo,false,false,true,passed_first_window,sweep_low_reclaim,sweep_reclaim_retest,172.50000000,PERIOD_M5,PERIOD_H1,PERIOD_M15,PERIOD_M5,PERIOD_M5,false,htf_soft_alignment,current_post_filter,transcript_post_filter,dow_range_or_transition,ordered_dow_wave3_break_below_swing_low,dow_range_or_transition,ordered_dow_wave3_break_below_swing_low,false,true,false,LONG,PERIOD_M5,sweep_low_reclaim,sweep_low_reclaim,3.400,none,0.000,sweep_low_reclaim,3.400,none,0.000,LONG,false,PERIOD_H1_NONE_dow_range_or_transition|PERIOD_M15_SHORT_ordered_dow_wave3_break_below_swing_low,true,h1_counter_m15_reversal,true,top_NONE_dow_range_or_transition|structure_SHORT_ordered_dow_wave3_break_below_swing_low|structure_break_recent_confirmed_swing_break_failed|primary_break_recent_confirmed_swing_break_retest,none,below_75sma_flat_or_rising,below_75sma_falling,above_75sma_flat_or_falling,-1,0.00000000,0,172.62300000,false,off,NONE,NONE,0.00000000,0.00000000,0.0000,none,0.000,true,LONG,return_high_break_or_bos_up,172.72800000,14,172.76600000,172.50000000,false,off,independent,false,,,false,0.0000,none,0.0000,0.0000,none,0.0000,0.0000,0.0000,none,0.0000,0,0,0.0000,none,none,none,none,0.0000,0,0.0000,none,false,true,not_evaluated,true,required_light_or_anchor_flip,bias_flip_down,172.52800000,2025.09.03 21:45:00,172.73400000,2025.09.03 19:45:00,2025.09.03 23:30:00,true,SHORT,172.52800000,172.50300000,0.3062,1,true,2025.09.04 02:30:00,1,SHORT,172.52800000,172.50300000,0.3062,1.0044,normal,2025.09.04 02:30:00,first_after_anchor,true,SHORT,1,1,1,true,false,fresh_0_4,false,true,false,true,none,true,required,false,PERIOD_M5,,,-1,0.0000,false,0.00000000,0.0000,false,0.0000,false,none,none,false,no_anchor_flip_in_entry_direction,true,required_first_signal_only,LONG,unknown,0.00000000,,0.00000000,,false,,-1,false,NONE,0.00000000,,0.00000000,0.0000,0.0000,none,-1,false,false,false,no_anchor_flip_in_entry_direction,,,,false,false,false,-1,-1,-1,-1,-1,false,false,false,0.0000,range_n,true,172.76600000,172.52800000,2.9151,true,1.0044,0.3333,0,normal,true,0.3383,shallow_236_382,0.080,diagnostic_only,diagnostic_only,diagnostic_only,fib_pullback,24,0.280,true,none,0.430,medium_quality,false,false,diagnostic_only,both,true,none,true,diagnostic_adjacent_detected,required_light,false,false,SHORT,7,false,false,2,2025.09.04 01:10:00,2025.09.04 02:40:00,5,3.8500,172.62300000,0.00000000,172.62300000,true,true,m5_lh_close_break_up,172.62300000,true,0.3833,2.2833,true,1,0.0000,false,0,172.62300000,2.1667,off,false,not_evaluated,none,0.9623,0.0377,very_strong,false,false,false,0.0000,no_following_closed_bar,false,none,0.0000,false,no_retest,2.0500,3.6000,0.5694,0.2500,false,mild_exhaustion,0.0000,none,none,false,false,none,0.0000,0.0000,0.0000,0.0000,none,false,false,0.0000,0.0000,false,false,-1,none,none,false,0.000,0.000,172.73100000,172.65300000,172.73100000,current_day_high,0.05500000,0.3056,session_high|opening_range_high|neckline_level,172.65200000,0.4000,false,true,true,false,not_blocked,2,1,1,m5_failure_exit,off,none,0.00000000,0.0000,1.30,172.91000000,3.400,-0.300,0.200,PERIOD_M15,172.73100000,172.56600000,0.3333,outside,0.000,true,172.67600000,172.49600000,0.18000000,172.91000000,1.300,0.06000000,30.00,0-30,true,false,none,not_consumed,3.700,3.700,none,0.0000,false,opposite_break_first,true,opposite_break_first,spread_too_high
2025.09.04 03:10:00,blocked,session_reversal_pullback_one_symbol_first120,EURJPY,LONG,2025.09.04 03:05:00,3,0,9,tokyo,2025.09.04 00:00,5,first_120min,true,true,3,EURJPY,highest_score_in_session_bar,tokyo=USDJPY|EURJPY|GBPJPY|AUDJPY,existing_first120_gate,tokyo,false,false,true,passed_first_window,sweep_low_reclaim,sweep_reclaim_retest,172.50000000,PERIOD_M5,PERIOD_H1,PERIOD_M15,PERIOD_M5,PERIOD_M5,false,htf_soft_alignment,current_post_filter,transcript_post_filter,dow_range_or_transition,ordered_dow_wave3_break_below_swing_low,dow_range_or_transition,ordered_dow_wave3_break_below_swing_low,false,true,false,LONG,PERIOD_M5,sweep_low_reclaim,sweep_low_reclaim,3.400,none,0.000,sweep_low_reclaim,3.400,none,0.000,LONG,false,PERIOD_H1_NONE_dow_range_or_transition|PERIOD_M15_SHORT_ordered_dow_wave3_break_below_swing_low,true,h1_counter_m15_reversal,true,top_NONE_dow_range_or_transition|structure_SHORT_ordered_dow_wave3_break_below_swing_low|structure_break_recent_confirmed_swing_break_failed|primary_break_recent_confirmed_swing_break_retest,none,below_75sma_flat_or_rising,below_75sma_falling,above_75sma_flat_or_falling,-1,0.00000000,0,172.62300000,false,off,NONE,NONE,0.00000000,0.00000000,0.0000,none,0.000,true,LONG,return_high_break_or_bos_up,172.72800000,14,172.76600000,172.50000000,false,off,independent,false,,,false,0.0000,none,0.0000,0.0000,none,0.0000,0.0000,0.0000,none,0.0000,0,0,0.0000,none,none,none,none,0.0000,0,0.0000,none,false,true,not_evaluated,true,required_light_or_anchor_flip,bias_flip_down,172.52800000,2025.09.03 21:45:00,172.73400000,2025.09.03 19:45:00,2025.09.03 23:30:00,true,SHORT,172.52800000,172.50300000,0.3062,1,true,2025.09.04 02:30:00,1,SHORT,172.52800000,172.50300000,0.3062,1.0044,normal,2025.09.04 02:30:00,first_after_anchor,true,SHORT,1,1,1,true,false,fresh_0_4,false,true,false,true,none,true,required,false,PERIOD_M5,,,-1,0.0000,false,0.00000000,0.0000,false,0.0000,false,none,none,false,no_anchor_flip_in_entry_direction,true,required_first_signal_only,LONG,unknown,0.00000000,,0.00000000,,false,,-1,false,NONE,0.00000000,,0.00000000,0.0000,0.0000,none,-1,false,false,false,no_anchor_flip_in_entry_direction,,,,false,false,false,-1,-1,-1,-1,-1,false,false,false,0.0000,range_n,true,172.76600000,172.52800000,2.9151,true,1.0044,0.3333,0,normal,true,0.3383,shallow_236_382,0.080,diagnostic_only,diagnostic_only,diagnostic_only,fib_pullback,24,0.280,true,none,0.430,medium_quality,false,false,diagnostic_only,both,true,none,true,diagnostic_adjacent_detected,required_light,false,false,SHORT,7,false,false,2,2025.09.04 01:10:00,2025.09.04 02:40:00,5,3.8500,172.62300000,0.00000000,172.62300000,true,true,m5_lh_close_break_up,172.62300000,true,0.3833,2.2833,true,1,0.0000,false,0,172.62300000,2.1667,off,false,not_evaluated,none,0.9623,0.0377,very_strong,false,false,false,0.0000,no_following_closed_bar,false,none,0.0000,false,no_retest,2.0500,3.6000,0.5694,0.2500,false,mild_exhaustion,0.0000,none,none,false,false,none,0.0000,0.0000,0.0000,0.0000,none,false,false,0.0000,0.0000,false,false,-1,none,none,false,0.000,0.000,172.73100000,172.65300000,172.73100000,current_day_high,0.05500000,0.3056,session_high|opening_range_high|neckline_level,172.65200000,0.4000,false,true,true,false,not_blocked,2,1,1,m5_failure_exit,off,none,0.00000000,0.0000,1.30,172.91000000,3.400,-0.300,0.200,PERIOD_M15,172.73100000,172.56600000,0.3333,outside,0.000,true,172.67600000,172.49600000,0.18000000,172.91000000,1.300,0.06000000,30.00,0-30,true,false,none,blocked_spread_too_high,3.700,3.700,none,0.0000,false,opposite_break_first,true,opposite_break_first,spread_too_high
2025.09.04 10:35:00,signal,session_reversal_pullback_one_symbol_first120,EURUSD,SHORT,2025.09.04 10:30:00,10,7,16,london,2025.09.04 07:00,30,first_120min,true,true,3,EURUSD,highest_score_in_session_bar,london=USDJPY|EURJPY|GBPJPY|AUDJPY|EURUSD|GBPUSD,existing_first120_gate,london,true,false,true,passed_first_window,double_top,neckline_break_retest,1.16561000,PERIOD_M5,PERIOD_H1,PERIOD_M15,PERIOD_M5,PERIOD_M5,false,htf_soft_alignment,current_post_filter,transcript_post_filter,dow_range_or_transition,structure_trend_bias_dow_trend_down_ll_lh,dow_range_or_transition,structure_trend_bias_dow_trend_down_ll_lh,false,false,true,SHORT,PERIOD_M5,double_top,double_top,4.200,none,0.000,double_top,4.200,none,0.000,SHORT,false,PERIOD_H1_NONE_dow_range_or_transition|PERIOD_M15_SHORT_structure_trend_bias_dow_trend_down_ll_lh,true,h1_counter_m15_reversal,true,top_NONE_dow_range_or_transition|structure_SHORT_structure_trend_bias_dow_trend_down_ll_lh|structure_break_recent_confirmed_swing_break_retest|primary_break_recent_confirmed_swing_break_failed,none,below_75sma_falling,below_75sma_flat_or_rising,above_75sma_flat_or_falling,2,1.16517000,-1,0.00000000,false,off,NONE,NONE,0.00000000,0.00000000,0.0000,none,0.000,true,SHORT,return_low_break_or_bos_down,1.16517000,2,1.16605000,1.16476000,false,off,independent,false,,,false,0.0000,none,0.0000,0.0000,none,0.0000,0.0000,0.0000,none,0.0000,0,0,0.0000,none,none,none,none,0.0000,0,0.0000,none,false,true,not_evaluated,true,required_light_or_anchor_flip,long_bias,1.16476000,2025.09.04 08:00:00,1.16552000,2025.09.04 06:15:00,2025.09.04 09:15:00,false,NONE,0.00000000,0.00000000,0.0000,-1,false,,-1,NONE,0.00000000,0.00000000,0.0000,0.0000,none,,none,false,NONE,-1,-1,-1,false,false,none,false,true,false,true,none,true,required,false,PERIOD_M5,,,-1,0.0000,false,0.00000000,0.0000,false,0.0000,false,none,none,false,no_anchor_flip_in_entry_direction,true,required_first_signal_only,SHORT,unknown,0.00000000,,0.00000000,,false,,-1,false,NONE,0.00000000,,0.00000000,0.0000,0.0000,none,-1,false,false,false,no_anchor_flip_in_entry_direction,,,,false,false,false,-1,-1,-1,-1,-1,false,false,false,0.0000,range_n,true,1.16686000,1.16476000,4.2671,false,0.0000,0.0000,0,none,true,0.3286,shallow_236_382,0.080,diagnostic_only,diagnostic_only,diagnostic_only,shallow_pullback,4,0.320,true,none,0.470,high_quality,false,false,diagnostic_only,both,true,none,true,diagnostic_adjacent_detected,required_light,false,false,LONG,5,false,false,1,2025.09.04 08:00:00,2025.09.04 10:05:00,5,2.7364,0.00000000,1.16492000,1.16492000,true,true,m5_hl_close_break_down,1.16492000,true,0.9121,0.9545,true,1,1.1455,false,2,1.16492000,0.8273,off,false,not_evaluated,none,0.4700,0.1500,normal,false,true,true,1.1455,failed_1bar,true,back_inside,0.0900,false,weak_retest,1.8242,2.7364,0.6667,0.0000,true,strong_exhaustion,0.0000,none,none,false,false,none,0.0000,0.0000,0.0000,0.0000,none,false,false,0.0000,0.0000,false,false,-1,none,none,false,0.000,0.000,1.16561000,1.16536000,1.16536000,recent_rejection_zone,0.00009000,0.1915,neckline_level,1.16561000,0.3394,false,true,true,false,not_blocked,8,3,5,m5_failure_exit,off,none,0.00000000,0.0000,1.30,1.16483000,4.200,-0.300,0.200,PERIOD_M15,1.16605000,1.16476000,0.5349,preferred_382_618,0.000,true,1.16545000,1.16592000,0.00047000,1.16483000,1.319,0.00047143,18.00,30-60,true,false,none,not_consumed,4.650,4.650,none,0.0000,false,opposite_break_first,true,opposite_break_first,spread_too_high
2025.09.04 10:35:00,blocked,session_reversal_pullback_one_symbol_first120,EURUSD,SHORT,2025.09.04 10:30:00,10,7,16,london,2025.09.04 07:00,30,first_120min,true,true,3,EURUSD,highest_score_in_session_bar,london=USDJPY|EURJPY|GBPJPY|AUDJPY|EURUSD|GBPUSD,existing_first120_gate,london,true,false,true,passed_first_window,double_top,neckline_break_retest,1.16561000,PERIOD_M5,PERIOD_H1,PERIOD_M15,PERIOD_M5,PERIOD_M5,false,htf_soft_alignment,current_post_filter,transcript_post_filter,dow_range_or_transition,structure_trend_bias_dow_trend_down_ll_lh,dow_range_or_transition,structure_trend_bias_dow_trend_down_ll_lh,false,false,true,SHORT,PERIOD_M5,double_top,double_top,4.200,none,0.000,double_top,4.200,none,0.000,SHORT,false,PERIOD_H1_NONE_dow_range_or_transition|PERIOD_M15_SHORT_structure_trend_bias_dow_trend_down_ll_lh,true,h1_counter_m15_reversal,true,top_NONE_dow_range_or_transition|structure_SHORT_structure_trend_bias_dow_trend_down_ll_lh|structure_break_recent_confirmed_swing_break_retest|primary_break_recent_confirmed_swing_break_failed,none,below_75sma_falling,below_75sma_flat_or_rising,above_75sma_flat_or_falling,2,1.16517000,-1,0.00000000,false,off,NONE,NONE,0.00000000,0.00000000,0.0000,none,0.000,true,SHORT,return_low_break_or_bos_down,1.16517000,2,1.16605000,1.16476000,false,off,independent,false,,,false,0.0000,none,0.0000,0.0000,none,0.0000,0.0000,0.0000,none,0.0000,0,0,0.0000,none,none,none,none,0.0000,0,0.0000,none,false,true,not_evaluated,true,required_light_or_anchor_flip,long_bias,1.16476000,2025.09.04 08:00:00,1.16552000,2025.09.04 06:15:00,2025.09.04 09:15:00,false,NONE,0.00000000,0.00000000,0.0000,-1,false,,-1,NONE,0.00000000,0.00000000,0.0000,0.0000,none,,none,false,NONE,-1,-1,-1,false,false,none,false,true,false,true,none,true,required,false,PERIOD_M5,,,-1,0.0000,false,0.00000000,0.0000,false,0.0000,false,none,none,false,no_anchor_flip_in_entry_direction,true,required_first_signal_only,SHORT,unknown,0.00000000,,0.00000000,,false,,-1,false,NONE,0.00000000,,0.00000000,0.0000,0.0000,none,-1,false,false,false,no_anchor_flip_in_entry_direction,,,,false,false,false,-1,-1,-1,-1,-1,false,false,false,0.0000,range_n,true,1.16686000,1.16476000,4.2671,false,0.0000,0.0000,0,none,true,0.3286,shallow_236_382,0.080,diagnostic_only,diagnostic_only,diagnostic_only,shallow_pullback,4,0.320,true,none,0.470,high_quality,false,false,diagnostic_only,both,true,none,true,diagnostic_adjacent_detected,required_light,false,false,LONG,5,false,false,1,2025.09.04 08:00:00,2025.09.04 10:05:00,5,2.7364,0.00000000,1.16492000,1.16492000,true,true,m5_hl_close_break_down,1.16492000,true,0.9121,0.9545,true,1,1.1455,false,2,1.16492000,0.8273,off,false,not_evaluated,none,0.4700,0.1500,normal,false,true,true,1.1455,failed_1bar,true,back_inside,0.0900,false,weak_retest,1.8242,2.7364,0.6667,0.0000,true,strong_exhaustion,0.0000,none,none,false,false,none,0.0000,0.0000,0.0000,0.0000,none,false,false,0.0000,0.0000,false,false,-1,none,none,false,0.000,0.000,1.16561000,1.16536000,1.16536000,recent_rejection_zone,0.00009000,0.1915,neckline_level,1.16561000,0.3394,false,true,true,false,not_blocked,8,3,5,m5_failure_exit,off,none,0.00000000,0.0000,1.30,1.16483000,4.200,-0.300,0.200,PERIOD_M15,1.16605000,1.16476000,0.5349,preferred_382_618,0.000,true,1.16545000,1.16592000,0.00047000,1.16483000,1.319,0.00047143,18.00,30-60,true,false,none,blocked_spread_too_high,4.650,4.650,none,0.0000,false,opposite_break_first,true,opposite_break_first,spread_too_high
2025.09.04 17:05:00,signal,session_reversal_pullback_one_symbol_first120,AUDJPY,LONG,2025.09.04 17:00:00,17,14,23,london_newyork_overlap,2025.09.04 13:00,60,first_120min,false,true,3,AUDJPY,highest_score_in_session_bar,london_newyork_overlap=USDJPY|EURJPY|GBPJPY|AUDJPY|EURUSD|GBPUSD,existing_first120_gate,london_newyork_overlap,true,false,true,passed_first_window,double_bottom,neckline_break_retest,96.71100000,PERIOD_M5,PERIOD_H1,PERIOD_M15,PERIOD_M5,PERIOD_M5,false,htf_soft_alignment,current_post_filter,transcript_post_filter,dow_trend_down_ll_lh,structure_trend_bias_dow_trend_down_ll_lh,dow_trend_down_ll_lh,structure_trend_bias_dow_trend_down_ll_lh,false,true,true,LONG,PERIOD_M5,double_bottom,double_bottom,4.200,none,0.000,double_bottom,4.200,none,0.000,LONG,false,PERIOD_H1_SHORT_dow_trend_down_ll_lh|PERIOD_M15_SHORT_structure_trend_bias_dow_trend_down_ll_lh,true,h1_counter_m15_reversal,true,top_SHORT_dow_trend_down_ll_lh|structure_SHORT_structure_trend_bias_dow_trend_down_ll_lh|structure_break_recent_confirmed_swing_break_failed|primary_break_recent_confirmed_swing_break_retest,none,above_75sma_rising,above_75sma_flat_or_falling,above_75sma_rising,-1,0.00000000,1,96.72100000,false,off,NONE,NONE,0.00000000,0.00000000,0.0000,none,0.000,true,LONG,return_high_break_or_bos_up,96.82600000,1,96.82600000,96.52600000,false,off,independent,false,,,false,0.0000,none,0.0000,0.0000,none,0.0000,0.0000,0.0000,none,0.0000,0,0,0.0000,none,none,none,none,0.0000,0,0.0000,none,false,true,not_evaluated,true,required_light_or_anchor_flip,bias_flip_up,96.78900000,2025.09.04 02:15:00,96.74500000,2025.09.04 12:30:00,2025.09.04 15:30:00,true,LONG,96.74500000,96.77400000,0.3609,4,true,2025.09.04 15:45:00,4,LONG,96.74500000,96.77400000,0.3609,1.5804,normal,2025.09.04 16:45:00,first_after_anchor,true,LONG,4,0,4,true,false,fresh_0_4,true,false,false,true,none,true,required,true,PERIOD_M5,2025.09.04 15:50:00,2025.09.04 15:55:00,15,0.7969,true,96.74500000,0.7969,true,0.7426,true,m5_bullish_close_after_anchor_retest,failed_close_back_inside,false,post_anchor_close_back_inside,true,required_first_signal_only,LONG,rising_n,0.00000000,,0.00000000,,false,,-1,false,NONE,0.00000000,,0.00000000,0.0000,0.0000,none,-1,false,false,false,micro_n_not_corrective_for_entry,AUDJPY|LONG|1757000700|96.745,,,false,false,false,-1,-1,-1,-1,-1,false,false,false,0.0000,falling_n,false,96.86900000,96.52600000,4.2684,true,1.5804,0.1241,0,normal,true,0.3626,shallow_236_382,0.080,diagnostic_only,diagnostic_only,diagnostic_only,fib_pullback,5,0.370,true,none,0.520,high_quality,false,false,diagnostic_only,both,true,none,true,diagnostic_adjacent_detected,required_light,false,false,SHORT,4,false,false,1,2025.09.04 14:00:00,2025.09.04 16:40:00,4,6.3933,96.87900000,0.00000000,96.87900000,false,false,none,0.00000000,false,0.0000,0.0000,false,1,0.0000,false,-1,0.00000000,0.0000,off,false,not_evaluated,none,0.0000,0.0000,none,false,false,false,0.0000,none,false,none,0.0000,false,none,6.3933,1.5938,4.0114,1.9379,false,no_shrink,0.0000,none,none,false,false,none,0.0000,0.0000,0.0000,0.0000,none,false,false,0.0000,0.0000,false,false,-1,none,none,false,0.000,0.000,96.77500000,96.75100000,96.77500000,pre_session_high,0.02400000,0.2759,neckline_level,96.71100000,0.7245,false,true,true,false,not_blocked,8,5,3,m5_failure_exit,off,none,0.00000000,0.0000,1.30,96.86400000,4.200,-0.300,0.200,PERIOD_M15,96.82600000,96.52600000,0.2500,outside,0.000,true,96.75100000,96.66400000,0.08700000,96.86400000,1.299,0.05521429,28.00,60-90,true,false,none,not_consumed,4.500,4.500,none,0.0000,false,opposite_break_first,true,opposite_break_first,spread_too_high
2025.09.04 17:05:00,blocked,session_reversal_pullback_one_symbol_first120,AUDJPY,LONG,2025.09.04 17:00:00,17,14,23,london_newyork_overlap,2025.09.04 13:00,60,first_120min,false,true,3,AUDJPY,highest_score_in_session_bar,london_newyork_overlap=USDJPY|EURJPY|GBPJPY|AUDJPY|EURUSD|GBPUSD,existing_first120_gate,london_newyork_overlap,true,false,true,passed_first_window,double_bottom,neckline_break_retest,96.71100000,PERIOD_M5,PERIOD_H1,PERIOD_M15,PERIOD_M5,PERIOD_M5,false,htf_soft_alignment,current_post_filter,transcript_post_filter,dow_trend_down_ll_lh,structure_trend_bias_dow_trend_down_ll_lh,dow_trend_down_ll_lh,structure_trend_bias_dow_trend_down_ll_lh,false,true,true,LONG,PERIOD_M5,double_bottom,double_bottom,4.200,none,0.000,double_bottom,4.200,none,0.000,LONG,false,PERIOD_H1_SHORT_dow_trend_down_ll_lh|PERIOD_M15_SHORT_structure_trend_bias_dow_trend_down_ll_lh,true,h1_counter_m15_reversal,true,top_SHORT_dow_trend_down_ll_lh|structure_SHORT_structure_trend_bias_dow_trend_down_ll_lh|structure_break_recent_confirmed_swing_break_failed|primary_break_recent_confirmed_swing_break_retest,none,above_75sma_rising,above_75sma_flat_or_falling,above_75sma_rising,-1,0.00000000,1,96.72100000,false,off,NONE,NONE,0.00000000,0.00000000,0.0000,none,0.000,true,LONG,return_high_break_or_bos_up,96.82600000,1,96.82600000,96.52600000,false,off,independent,false,,,false,0.0000,none,0.0000,0.0000,none,0.0000,0.0000,0.0000,none,0.0000,0,0,0.0000,none,none,none,none,0.0000,0,0.0000,none,false,true,not_evaluated,true,required_light_or_anchor_flip,bias_flip_up,96.78900000,2025.09.04 02:15:00,96.74500000,2025.09.04 12:30:00,2025.09.04 15:30:00,true,LONG,96.74500000,96.77400000,0.3609,4,true,2025.09.04 15:45:00,4,LONG,96.74500000,96.77400000,0.3609,1.5804,normal,2025.09.04 16:45:00,first_after_anchor,true,LONG,4,0,4,true,false,fresh_0_4,true,false,false,true,none,true,required,true,PERIOD_M5,2025.09.04 15:50:00,2025.09.04 15:55:00,15,0.7969,true,96.74500000,0.7969,true,0.7426,true,m5_bullish_close_after_anchor_retest,failed_close_back_inside,false,post_anchor_close_back_inside,true,required_first_signal_only,LONG,rising_n,0.00000000,,0.00000000,,false,,-1,false,NONE,0.00000000,,0.00000000,0.0000,0.0000,none,-1,false,false,false,micro_n_not_corrective_for_entry,AUDJPY|LONG|1757000700|96.745,,,false,false,false,-1,-1,-1,-1,-1,false,false,false,0.0000,falling_n,false,96.86900000,96.52600000,4.2684,true,1.5804,0.1241,0,normal,true,0.3626,shallow_236_382,0.080,diagnostic_only,diagnostic_only,diagnostic_only,fib_pullback,5,0.370,true,none,0.520,high_quality,false,false,diagnostic_only,both,true,none,true,diagnostic_adjacent_detected,required_light,false,false,SHORT,4,false,false,1,2025.09.04 14:00:00,2025.09.04 16:40:00,4,6.3933,96.87900000,0.00000000,96.87900000,false,false,none,0.00000000,false,0.0000,0.0000,false,1,0.0000,false,-1,0.00000000,0.0000,off,false,not_evaluated,none,0.0000,0.0000,none,false,false,false,0.0000,none,false,none,0.0000,false,none,6.3933,1.5938,4.0114,1.9379,false,no_shrink,0.0000,none,none,false,false,none,0.0000,0.0000,0.0000,0.0000,none,false,false,0.0000,0.0000,false,false,-1,none,none,false,0.000,0.000,96.77500000,96.75100000,96.77500000,pre_session_high,0.02400000,0.2759,neckline_level,96.71100000,0.7245,false,true,true,false,not_blocked,8,5,3,m5_failure_exit,off,none,0.00000000,0.0000,1.30,96.86400000,4.200,-0.300,0.200,PERIOD_M15,96.82600000,96.52600000,0.2500,outside,0.000,true,96.75100000,96.66400000,0.08700000,96.86400000,1.299,0.05521429,28.00,60-90,true,false,none,blocked_spread_too_high,4.500,4.500,none,0.0000,false,opposite_break_first,true,opposite_break_first,spread_too_high
2025.09.05 03:10:00,signal,session_reversal_pullback_one_symbol_first120,AUDJPY,LONG,2025.09.05 03:05:00,3,0,9,tokyo,2025.09.05 00:00,5,first_120min,true,true,3,AUDJPY,highest_score_in_session_bar,tokyo=USDJPY|EURJPY|GBPJPY|AUDJPY,existing_first120_gate,tokyo,true,false,true,passed_first_window,double_bottom,neckline_break_retest,96.73800000,PERIOD_M5,PERIOD_H1,PERIOD_M15,PERIOD_M5,PERIOD_M5,false,htf_soft_alignment,current_post_filter,transcript_post_filter,dow_range_or_transition,no_ordered_dow_wave3_break,dow_range_or_transition,no_ordered_dow_wave3_break,false,true,true,LONG,PERIOD_M5,double_bottom,double_bottom,4.200,none,0.000,double_bottom,4.200,none,0.000,LONG,false,PERIOD_H1_NONE_dow_range_or_transition|PERIOD_M15_NONE_no_ordered_dow_wave3_break,true,h1_counter_m15_reversal,true,top_NONE_dow_range_or_transition|structure_NONE_no_ordered_dow_wave3_break|structure_break_recent_confirmed_swing_break_retest|primary_break_recent_confirmed_swing_break_failed,none,above_75sma_rising,above_75sma_flat_or_falling,near_75sma,0,96.78800000,-1,0.00000000,false,off,NONE,NONE,0.00000000,0.00000000,0.0000,none,0.000,true,LONG,return_high_break_or_bos_up,96.78800000,0,96.80000000,96.62700000,false,off,independent,false,,,false,0.0000,none,0.0000,0.0000,none,0.0000,0.0000,0.0000,none,0.0000,0,0,0.0000,none,none,none,none,0.0000,0,0.0000,none,false,true,not_evaluated,true,required_light_or_anchor_flip,long_bias,96.62700000,2025.09.05 00:15:00,96.78800000,2025.09.04 23:00:00,2025.09.05 01:15:00,false,NONE,0.00000000,0.00000000,0.0000,-1,false,,-1,NONE,0.00000000,0.00000000,0.0000,0.0000,none,,none,false,NONE,-1,-1,-1,false,false,none,true,false,false,true,none,true,required,false,PERIOD_M5,,,-1,0.0000,false,0.00000000,0.0000,false,0.0000,false,none,none,false,no_anchor_flip_in_entry_direction,true,required_first_signal_only,LONG,unknown,0.00000000,,0.00000000,,false,,-1,false,NONE,0.00000000,,0.00000000,0.0000,0.0000,none,-1,false,false,false,no_anchor_flip_in_entry_direction,,,,false,false,false,-1,-1,-1,-1,-1,false,false,false,0.0000,range_n,true,96.81400000,96.62700000,3.1927,false,0.0000,0.0000,0,none,true,0.1618,no_fib,0.000,diagnostic_only,diagnostic_only,diagnostic_only,shallow_pullback,24,0.170,true,none,0.320,high_quality,false,false,diagnostic_only,both,true,none,true,diagnostic_adjacent_detected,required_light,false,false,SHORT,3,false,false,0,,,-1,0.0000,0.00000000,0.00000000,0.00000000,false,false,none,0.00000000,false,0.0000,0.0000,false,1,0.0000,false,-1,0.00000000,0.0000,off,false,not_evaluated,none,0.0000,0.0000,none,false,false,false,0.0000,none,false,none,0.0000,false,none,0.0000,0.0000,0.0000,0.0000,false,none,0.0000,none,none,false,false,none,0.0000,0.0000,0.0000,0.0000,none,false,false,0.0000,0.0000,false,false,-1,none,none,false,0.000,0.000,96.77322727,96.75300000,96.77322727,recent_equal_highs,0.00122727,0.0146,neckline_level,96.73800000,0.9189,false,true,true,false,not_blocked,8,6,2,m5_failure_exit,off,none,0.00000000,0.0000,1.30,96.88100000,4.200,-0.300,0.200,PERIOD_M15,96.80000000,96.62700000,0.1618,outside,0.000,true,96.77200000,96.68800000,0.08400000,96.88100000,1.298,0.03700000,28.00,0-30,true,false,none,not_consumed,4.650,4.650,none,0.0000,false,opposite_break_first,true,opposite_break_first,spread_too_high
2025.09.05 03:10:00,blocked,session_reversal_pullback_one_symbol_first120,AUDJPY,LONG,2025.09.05 03:05:00,3,0,9,tokyo,2025.09.05 00:00,5,first_120min,true,true,3,AUDJPY,highest_score_in_session_bar,tokyo=USDJPY|EURJPY|GBPJPY|AUDJPY,existing_first120_gate,tokyo,true,false,true,passed_first_window,double_bottom,neckline_break_retest,96.73800000,PERIOD_M5,PERIOD_H1,PERIOD_M15,PERIOD_M5,PERIOD_M5,false,htf_soft_alignment,current_post_filter,transcript_post_filter,dow_range_or_transition,no_ordered_dow_wave3_break,dow_range_or_transition,no_ordered_dow_wave3_break,false,true,true,LONG,PERIOD_M5,double_bottom,double_bottom,4.200,none,0.000,double_bottom,4.200,none,0.000,LONG,false,PERIOD_H1_NONE_dow_range_or_transition|PERIOD_M15_NONE_no_ordered_dow_wave3_break,true,h1_counter_m15_reversal,true,top_NONE_dow_range_or_transition|structure_NONE_no_ordered_dow_wave3_break|structure_break_recent_confirmed_swing_break_retest|primary_break_recent_confirmed_swing_break_failed,none,above_75sma_rising,above_75sma_flat_or_falling,near_75sma,0,96.78800000,-1,0.00000000,false,off,NONE,NONE,0.00000000,0.00000000,0.0000,none,0.000,true,LONG,return_high_break_or_bos_up,96.78800000,0,96.80000000,96.62700000,false,off,independent,false,,,false,0.0000,none,0.0000,0.0000,none,0.0000,0.0000,0.0000,none,0.0000,0,0,0.0000,none,none,none,none,0.0000,0,0.0000,none,false,true,not_evaluated,true,required_light_or_anchor_flip,long_bias,96.62700000,2025.09.05 00:15:00,96.78800000,2025.09.04 23:00:00,2025.09.05 01:15:00,false,NONE,0.00000000,0.00000000,0.0000,-1,false,,-1,NONE,0.00000000,0.00000000,0.0000,0.0000,none,,none,false,NONE,-1,-1,-1,false,false,none,true,false,false,true,none,true,required,false,PERIOD_M5,,,-1,0.0000,false,0.00000000,0.0000,false,0.0000,false,none,none,false,no_anchor_flip_in_entry_direction,true,required_first_signal_only,LONG,unknown,0.00000000,,0.00000000,,false,,-1,false,NONE,0.00000000,,0.00000000,0.0000,0.0000,none,-1,false,false,false,no_anchor_flip_in_entry_direction,,,,false,false,false,-1,-1,-1,-1,-1,false,false,false,0.0000,range_n,true,96.81400000,96.62700000,3.1927,false,0.0000,0.0000,0,none,true,0.1618,no_fib,0.000,diagnostic_only,diagnostic_only,diagnostic_only,shallow_pullback,24,0.170,true,none,0.320,high_quality,false,false,diagnostic_only,both,true,none,true,diagnostic_adjacent_detected,required_light,false,false,SHORT,3,false,false,0,,,-1,0.0000,0.00000000,0.00000000,0.00000000,false,false,none,0.00000000,false,0.0000,0.0000,false,1,0.0000,false,-1,0.00000000,0.0000,off,false,not_evaluated,none,0.0000,0.0000,none,false,false,false,0.0000,none,false,none,0.0000,false,none,0.0000,0.0000,0.0000,0.0000,false,none,0.0000,none,none,false,false,none,0.0000,0.0000,0.0000,0.0000,none,false,false,0.0000,0.0000,false,false,-1,none,none,false,0.000,0.000,96.77322727,96.75300000,96.77322727,recent_equal_highs,0.00122727,0.0146,neckline_level,96.73800000,0.9189,false,true,true,false,not_blocked,8,6,2,m5_failure_exit,off,none,0.00000000,0.0000,1.30,96.88100000,4.200,-0.300,0.200,PERIOD_M15,96.80000000,96.62700000,0.1618,outside,0.000,true,96.77200000,96.68800000,0.08400000,96.88100000,1.298,0.03700000,28.00,0-30,true,false,none,blocked_spread_too_high,4.650,4.650,none,0.0000,false,opposite_break_first,true,opposite_break_first,spread_too_high
2025.09.05 10:30:00,signal,session_reversal_pullback_one_symbol_first120,GBPJPY,SHORT,2025.09.05 10:25:00,10,7,16,london,2025.09.05 07:00,25,first_120min,true,true,3,GBPJPY,highest_score_in_session_bar,london=USDJPY|EURJPY|GBPJPY|AUDJPY|EURUSD|GBPUSD,existing_first120_gate,london,false,false,true,passed_first_window,head_and_shoulders,neckline_break_retest,199.47700000,PERIOD_M5,PERIOD_H1,PERIOD_M15,PERIOD_M5,PERIOD_M5,false,htf_soft_alignment,current_post_filter,transcript_post_filter,dow_range_or_transition,ordered_dow_wave3_break_above_swing_high,dow_range_or_transition,ordered_dow_wave3_break_above_swing_high,false,false,true,SHORT,PERIOD_M5,head_and_shoulders,head_and_shoulders,4.500,none,0.000,head_and_shoulders,4.500,none,0.000,SHORT,false,PERIOD_H1_NONE_dow_range_or_transition|PERIOD_M15_LONG_ordered_dow_wave3_break_above_swing_high,true,h1_counter_m15_reversal,true,top_NONE_dow_range_or_transition|structure_LONG_ordered_dow_wave3_break_above_swing_high|structure_break_recent_confirmed_swing_break_failed|primary_break_recent_confirmed_swing_break_failed,none,above_75sma_flat_or_falling,below_75sma_flat_or_rising,above_75sma_rising,-1,0.00000000,-1,0.00000000,false,off,NONE,NONE,0.00000000,0.00000000,0.0000,none,0.000,true,SHORT,return_low_break_or_bos_down,199.36500000,8,199.68400000,199.21000000,false,off,independent,false,,,false,0.0000,none,0.0000,0.0000,none,0.0000,0.0000,0.0000,none,0.0000,0,0,0.0000,none,none,none,none,0.0000,0,0.0000,none,false,true,not_evaluated,true,required_light_or_anchor_flip,long_bias,199.27800000,2025.09.05 08:15:00,199.54700000,2025.09.05 03:00:00,2025.09.05 09:30:00,false,NONE,0.00000000,0.00000000,0.0000,-1,false,,-1,NONE,0.00000000,0.00000000,0.0000,0.0000,none,,none,false,NONE,-1,-1,-1,false,false,none,false,true,false,true,none,true,required,false,PERIOD_M5,,,-1,0.0000,false,0.00000000,0.0000,false,0.0000,false,none,none,false,no_anchor_flip_in_entry_direction,true,required_first_signal_only,SHORT,unknown,0.00000000,,0.00000000,,false,,-1,false,NONE,0.00000000,,0.00000000,0.0000,0.0000,none,-1,false,false,false,no_anchor_flip_in_entry_direction,,,,false,false,false,-1,-1,-1,-1,-1,false,false,false,0.0000,rising_n,false,199.68400000,199.21000000,5.2088,false,0.0000,0.0000,0,none,true,0.4726,preferred_382_618,0.200,diagnostic_only,diagnostic_only,diagnostic_only,fib_pullback,24,0.450,true,none,0.600,high_quality,false,false,diagnostic_only,both,true,none,true,diagnostic_adjacent_detected,required_light,false,false,LONG,4,false,false,2,2025.09.05 07:30:00,2025.09.05 10:05:00,4,5.8238,0.00000000,199.35000000,199.35000000,false,false,none,0.00000000,false,0.0000,0.0000,false,1,0.0000,false,-1,0.00000000,0.0000,off,false,not_evaluated,none,0.0000,0.0000,none,false,false,false,0.0000,none,false,none,0.0000,false,none,4.7910,1.7213,2.7833,4.1025,false,no_shrink,0.0000,none,none,false,false,none,0.0000,0.0000,0.0000,0.0000,none,false,false,0.0000,0.0000,false,false,-1,none,none,false,0.000,0.000,199.43514286,199.41300000,199.41300000,pre_session_low,0.02100000,0.1005,neckline_level,199.47700000,0.6168,false,true,true,false,not_blocked,11,8,3,m5_failure_exit,off,none,0.00000000,0.0000,1.30,199.16200000,4.500,-0.300,0.200,PERIOD_M15,199.39800000,199.27800000,1.3000,outside,0.000,true,199.43400000,199.64300000,0.20900000,199.16200000,1.301,0.06971429,38.00,0-30,true,false,none,not_consumed,4.600,4.600,none,0.0000,false,neckline_retest_failed,false,not_invalidated,spread_too_high
2025.09.05 10:30:00,blocked,session_reversal_pullback_one_symbol_first120,GBPJPY,SHORT,2025.09.05 10:25:00,10,7,16,london,2025.09.05 07:00,25,first_120min,true,true,3,GBPJPY,highest_score_in_session_bar,london=USDJPY|EURJPY|GBPJPY|AUDJPY|EURUSD|GBPUSD,existing_first120_gate,london,false,false,true,passed_first_window,head_and_shoulders,neckline_break_retest,199.47700000,PERIOD_M5,PERIOD_H1,PERIOD_M15,PERIOD_M5,PERIOD_M5,false,htf_soft_alignment,current_post_filter,transcript_post_filter,dow_range_or_transition,ordered_dow_wave3_break_above_swing_high,dow_range_or_transition,ordered_dow_wave3_break_above_swing_high,false,false,true,SHORT,PERIOD_M5,head_and_shoulders,head_and_shoulders,4.500,none,0.000,head_and_shoulders,4.500,none,0.000,SHORT,false,PERIOD_H1_NONE_dow_range_or_transition|PERIOD_M15_LONG_ordered_dow_wave3_break_above_swing_high,true,h1_counter_m15_reversal,true,top_NONE_dow_range_or_transition|structure_LONG_ordered_dow_wave3_break_above_swing_high|structure_break_recent_confirmed_swing_break_failed|primary_break_recent_confirmed_swing_break_failed,none,above_75sma_flat_or_falling,below_75sma_flat_or_rising,above_75sma_rising,-1,0.00000000,-1,0.00000000,false,off,NONE,NONE,0.00000000,0.00000000,0.0000,none,0.000,true,SHORT,return_low_break_or_bos_down,199.36500000,8,199.68400000,199.21000000,false,off,independent,false,,,false,0.0000,none,0.0000,0.0000,none,0.0000,0.0000,0.0000,none,0.0000,0,0,0.0000,none,none,none,none,0.0000,0,0.0000,none,false,true,not_evaluated,true,required_light_or_anchor_flip,long_bias,199.27800000,2025.09.05 08:15:00,199.54700000,2025.09.05 03:00:00,2025.09.05 09:30:00,false,NONE,0.00000000,0.00000000,0.0000,-1,false,,-1,NONE,0.00000000,0.00000000,0.0000,0.0000,none,,none,false,NONE,-1,-1,-1,false,false,none,false,true,false,true,none,true,required,false,PERIOD_M5,,,-1,0.0000,false,0.00000000,0.0000,false,0.0000,false,none,none,false,no_anchor_flip_in_entry_direction,true,required_first_signal_only,SHORT,unknown,0.00000000,,0.00000000,,false,,-1,false,NONE,0.00000000,,0.00000000,0.0000,0.0000,none,-1,false,false,false,no_anchor_flip_in_entry_direction,,,,false,false,false,-1,-1,-1,-1,-1,false,false,false,0.0000,rising_n,false,199.68400000,199.21000000,5.2088,false,0.0000,0.0000,0,none,true,0.4726,preferred_382_618,0.200,diagnostic_only,diagnostic_only,diagnostic_only,fib_pullback,24,0.450,true,none,0.600,high_quality,false,false,diagnostic_only,both,true,none,true,diagnostic_adjacent_detected,required_light,false,false,LONG,4,false,false,2,2025.09.05 07:30:00,2025.09.05 10:05:00,4,5.8238,0.00000000,199.35000000,199.35000000,false,false,none,0.00000000,false,0.0000,0.0000,false,1,0.0000,false,-1,0.00000000,0.0000,off,false,not_evaluated,none,0.0000,0.0000,none,false,false,false,0.0000,none,false,none,0.0000,false,none,4.7910,1.7213,2.7833,4.1025,false,no_shrink,0.0000,none,none,false,false,none,0.0000,0.0000,0.0000,0.0000,none,false,false,0.0000,0.0000,false,false,-1,none,none,false,0.000,0.000,199.43514286,199.41300000,199.41300000,pre_session_low,0.02100000,0.1005,neckline_level,199.47700000,0.6168,false,true,true,false,not_blocked,11,8,3,m5_failure_exit,off,none,0.00000000,0.0000,1.30,199.16200000,4.500,-0.300,0.200,PERIOD_M15,199.39800000,199.27800000,1.3000,outside,0.000,true,199.43400000,199.64300000,0.20900000,199.16200000,1.301,0.06971429,38.00,0-30,true,false,none,blocked_spread_too_high,4.600,4.600,none,0.0000,false,neckline_retest_failed,false,not_invalidated,spread_too_high
2025.09.08 19:05:00,signal,session_reversal_pullback_one_symbol_first120,GBPJPY,SHORT,2025.09.08 19:00:00,19,16,1,new_york,2025.09.08 16:00,0,first_120min,true,true,3,GBPJPY,highest_score_in_session_bar,new_york=USDJPY|EURJPY|GBPJPY|AUDJPY|EURUSD|GBPUSD,existing_first120_gate,new_york,false,false,true,passed_first_window,double_top,neckline_break_retest,199.92600000,PERIOD_M5,PERIOD_H1,PERIOD_M15,PERIOD_M5,PERIOD_M5,false,htf_soft_alignment,current_post_filter,transcript_post_filter,dow_trend_up_hh_hl,structure_trend_bias_dow_trend_up_hh_hl,dow_trend_up_hh_hl,structure_trend_bias_dow_trend_up_hh_hl,false,false,true,SHORT,PERIOD_M5,double_top,double_top,4.200,none,0.000,double_top,4.200,none,0.000,SHORT,false,PERIOD_H1_LONG_dow_trend_up_hh_hl|PERIOD_M15_LONG_structure_trend_bias_dow_trend_up_hh_hl,true,h1_counter_m15_reversal,true,top_LONG_dow_trend_up_hh_hl|structure_LONG_structure_trend_bias_dow_trend_up_hh_hl|structure_break_recent_confirmed_swing_break_failed|primary_break_recent_confirmed_swing_break_retest,none,above_75sma_rising,above_75sma_rising,below_75sma_flat_or_rising,-1,0.00000000,2,199.89800000,false,off,NONE,NONE,0.00000000,0.00000000,0.0000,none,0.000,true,SHORT,return_low_break_or_bos_down,199.81300000,22,200.13100000,199.88400000,false,off,independent,false,,,false,0.0000,none,0.0000,0.0000,none,0.0000,0.0000,0.0000,none,0.0000,0,0,0.0000,none,none,none,none,0.0000,0,0.0000,none,false,true,not_evaluated,true,required_light_or_anchor_flip,long_bias,199.89800000,2025.09.08 17:15:00,199.99600000,2025.09.08 09:00:00,2025.09.08 17:45:00,false,NONE,0.00000000,0.00000000,0.0000,-1,false,,-1,NONE,0.00000000,0.00000000,0.0000,0.0000,none,,none,false,NONE,-1,-1,-1,false,false,none,false,true,false,true,none,true,required,false,PERIOD_M5,,,-1,0.0000,false,0.00000000,0.0000,false,0.0000,false,none,none,false,no_anchor_flip_in_entry_direction,true,required_first_signal_only,SHORT,unknown,0.00000000,,0.00000000,,false,,-1,false,NONE,0.00000000,,0.00000000,0.0000,0.0000,none,-1,false,false,false,no_anchor_flip_in_entry_direction,,,,false,false,false,-1,-1,-1,-1,-1,false,false,false,0.0000,rising_n,false,200.13100000,199.34600000,6.5612,false,0.0000,0.0000,0,none,true,0.6495,deep_618_786,0.120,diagnostic_only,diagnostic_only,diagnostic_only,fib_pullback,4,0.360,true,none,0.510,high_quality,false,false,diagnostic_only,both,true,none,true,diagnostic_adjacent_detected,required_light,false,false,LONG,8,false,false,0,2025.09.08 17:15:00,2025.09.08 18:40:00,4,4.3229,0.00000000,199.84600000,199.84600000,false,false,none,0.00000000,false,0.0000,0.0000,false,1,0.0000,false,-1,0.00000000,0.0000,off,false,not_evaluated,none,0.0000,0.0000,none,false,false,false,0.0000,none,false,none,0.0000,false,none,1.1983,3.5341,0.3391,0.0000,true,strong_exhaustion,0.0000,none,none,false,false,none,0.0000,0.0000,0.0000,0.0000,none,false,false,0.0000,0.0000,false,false,-1,none,none,false,0.000,0.000,199.92500000,199.91075000,199.91075000,recent_equal_highs,0.00225000,0.0247,neckline_level,199.92600000,0.1972,false,true,true,false,not_blocked,8,5,3,m5_failure_exit,off,none,0.00000000,0.0000,1.30,199.79500000,4.200,-0.300,0.200,PERIOD_M15,200.13100000,199.88400000,0.1174,outside,0.000,true,199.91300000,200.00400000,0.09100000,199.79500000,1.297,0.06592857,38.00,0-30,true,false,none,not_consumed,4.500,4.500,none,0.0000,false,neckline_retest_failed,false,not_invalidated,spread_too_high
2025.09.08 19:05:00,blocked,session_reversal_pullback_one_symbol_first120,GBPJPY,SHORT,2025.09.08 19:00:00,19,16,1,new_york,2025.09.08 16:00,0,first_120min,true,true,3,GBPJPY,highest_score_in_session_bar,new_york=USDJPY|EURJPY|GBPJPY|AUDJPY|EURUSD|GBPUSD,existing_first120_gate,new_york,false,false,true,passed_first_window,double_top,neckline_break_retest,199.92600000,PERIOD_M5,PERIOD_H1,PERIOD_M15,PERIOD_M5,PERIOD_M5,false,htf_soft_alignment,current_post_filter,transcript_post_filter,dow_trend_up_hh_hl,structure_trend_bias_dow_trend_up_hh_hl,dow_trend_up_hh_hl,structure_trend_bias_dow_trend_up_hh_hl,false,false,true,SHORT,PERIOD_M5,double_top,double_top,4.200,none,0.000,double_top,4.200,none,0.000,SHORT,false,PERIOD_H1_LONG_dow_trend_up_hh_hl|PERIOD_M15_LONG_structure_trend_bias_dow_trend_up_hh_hl,true,h1_counter_m15_reversal,true,top_LONG_dow_trend_up_hh_hl|structure_LONG_structure_trend_bias_dow_trend_up_hh_hl|structure_break_recent_confirmed_swing_break_failed|primary_break_recent_confirmed_swing_break_retest,none,above_75sma_rising,above_75sma_rising,below_75sma_flat_or_rising,-1,0.00000000,2,199.89800000,false,off,NONE,NONE,0.00000000,0.00000000,0.0000,none,0.000,true,SHORT,return_low_break_or_bos_down,199.81300000,22,200.13100000,199.88400000,false,off,independent,false,,,false,0.0000,none,0.0000,0.0000,none,0.0000,0.0000,0.0000,none,0.0000,0,0,0.0000,none,none,none,none,0.0000,0,0.0000,none,false,true,not_evaluated,true,required_light_or_anchor_flip,long_bias,199.89800000,2025.09.08 17:15:00,199.99600000,2025.09.08 09:00:00,2025.09.08 17:45:00,false,NONE,0.00000000,0.00000000,0.0000,-1,false,,-1,NONE,0.00000000,0.00000000,0.0000,0.0000,none,,none,false,NONE,-1,-1,-1,false,false,none,false,true,false,true,none,true,required,false,PERIOD_M5,,,-1,0.0000,false,0.00000000,0.0000,false,0.0000,false,none,none,false,no_anchor_flip_in_entry_direction,true,required_first_signal_only,SHORT,unknown,0.00000000,,0.00000000,,false,,-1,false,NONE,0.00000000,,0.00000000,0.0000,0.0000,none,-1,false,false,false,no_anchor_flip_in_entry_direction,,,,false,false,false,-1,-1,-1,-1,-1,false,false,false,0.0000,rising_n,false,200.13100000,199.34600000,6.5612,false,0.0000,0.0000,0,none,true,0.6495,deep_618_786,0.120,diagnostic_only,diagnostic_only,diagnostic_only,fib_pullback,4,0.360,true,none,0.510,high_quality,false,false,diagnostic_only,both,true,none,true,diagnostic_adjacent_detected,required_light,false,false,LONG,8,false,false,0,2025.09.08 17:15:00,2025.09.08 18:40:00,4,4.3229,0.00000000,199.84600000,199.84600000,false,false,none,0.00000000,false,0.0000,0.0000,false,1,0.0000,false,-1,0.00000000,0.0000,off,false,not_evaluated,none,0.0000,0.0000,none,false,false,false,0.0000,none,false,none,0.0000,false,none,1.1983,3.5341,0.3391,0.0000,true,strong_exhaustion,0.0000,none,none,false,false,none,0.0000,0.0000,0.0000,0.0000,none,false,false,0.0000,0.0000,false,false,-1,none,none,false,0.000,0.000,199.92500000,199.91075000,199.91075000,recent_equal_highs,0.00225000,0.0247,neckline_level,199.92600000,0.1972,false,true,true,false,not_blocked,8,5,3,m5_failure_exit,off,none,0.00000000,0.0000,1.30,199.79500000,4.200,-0.300,0.200,PERIOD_M15,200.13100000,199.88400000,0.1174,outside,0.000,true,199.91300000,200.00400000,0.09100000,199.79500000,1.297,0.06592857,38.00,0-30,true,false,none,blocked_spread_too_high,4.500,4.500,none,0.0000,false,neckline_retest_failed,false,not_invalidated,spread_too_high
2025.09.09 03:55:00,signal,session_reversal_pullback_one_symbol_first120,AUDJPY,SHORT,2025.09.09 03:50:00,3,0,9,tokyo,2025.09.09 00:00,50,first_120min,true,true,3,AUDJPY,highest_score_in_session_bar,tokyo=USDJPY|EURJPY|GBPJPY|AUDJPY,existing_first120_gate,tokyo,true,false,true,passed_first_window,double_top,neckline_break_retest,97.19200000,PERIOD_M5,PERIOD_H1,PERIOD_M15,PERIOD_M5,PERIOD_M5,false,htf_soft_alignment,current_post_filter,transcript_post_filter,dow_trend_up_hh_hl,no_ordered_dow_wave3_break,dow_trend_up_hh_hl,no_ordered_dow_wave3_break,false,true,true,SHORT,PERIOD_M5,double_top,double_top,4.200,none,0.000,double_top,4.200,none,0.000,SHORT,true,PERIOD_H1_LONG_dow_trend_up_hh_hl|PERIOD_M15_NONE_no_ordered_dow_wave3_break,true,h1_counter_m15_reversal,true,top_LONG_dow_trend_up_hh_hl|structure_NONE_no_ordered_dow_wave3_break|structure_break_recent_confirmed_swing_break_retest|primary_break_recent_confirmed_swing_break_failed,none,above_75sma_rising,below_75sma_falling,below_75sma_falling,1,97.14700000,-1,0.00000000,false,off,NONE,NONE,0.00000000,0.00000000,0.0000,none,0.000,true,SHORT,return_low_break_or_bos_down,97.14700000,1,97.25900000,97.04500000,false,off,independent,false,,,false,0.0000,none,0.0000,0.0000,none,0.0000,0.0000,0.0000,none,0.0000,0,0,0.0000,none,none,none,none,0.0000,0,0.0000,none,false,true,not_evaluated,true,required_light_or_anchor_flip,short_bias,97.30400000,2025.09.08 14:00:00,97.25900000,2025.09.08 23:30:00,2025.09.09 00:00:00,false,NONE,0.00000000,0.00000000,0.0000,-1,false,,-1,NONE,0.00000000,0.00000000,0.0000,0.0000,none,,none,false,NONE,-1,-1,-1,false,false,none,true,false,false,true,none,true,required,false,PERIOD_M5,,,-1,0.0000,false,0.00000000,0.0000,false,0.0000,false,none,none,false,no_anchor_flip_in_entry_direction,true,required_first_signal_only,SHORT,unknown,0.00000000,,0.00000000,,false,,-1,false,NONE,0.00000000,,0.00000000,0.0000,0.0000,none,-1,false,false,false,no_anchor_flip_in_entry_direction,,,,false,false,false,-1,-1,-1,-1,-1,false,false,false,0.0000,range_n,true,97.26100000,97.04500000,3.3049,false,0.0000,0.0000,0,none,true,0.6168,preferred_382_618,0.200,diagnostic_only,diagnostic_only,diagnostic_only,shallow_pullback,24,0.400,true,none,0.550,high_quality,false,false,diagnostic_only,both,true,none,true,diagnostic_adjacent_detected,required_light,false,false,LONG,3,false,false,0,,,-1,0.0000,0.00000000,0.00000000,0.00000000,false,false,none,0.00000000,false,0.0000,0.0000,false,1,0.0000,false,-1,0.00000000,0.0000,off,false,not_evaluated,none,0.0000,0.0000,none,false,false,false,0.0000,none,false,none,0.0000,false,none,0.0000,0.0000,0.0000,0.0000,false,none,0.0000,none,none,false,false,none,0.0000,0.0000,0.0000,0.0000,none,false,false,0.0000,0.0000,false,false,-1,none,none,false,0.000,0.000,97.19200000,97.15691667,97.15691667,recent_equal_lows,0.02008333,0.4273,neckline_level,97.19200000,0.3382,false,true,true,false,not_blocked,6,3,3,m5_failure_exit,off,none,0.00000000,0.0000,1.30,97.11600000,4.200,-0.300,0.200,PERIOD_M15,97.24100000,97.11800000,0.4797,preferred_382_618,0.000,true,97.17700000,97.22400000,0.04700000,97.11600000,1.298,0.04435714,28.00,30-60,true,false,none,not_consumed,4.650,4.650,none,0.0000,false,neckline_retest_failed,false,not_invalidated,spread_too_high
2025.09.09 03:55:00,blocked,session_reversal_pullback_one_symbol_first120,AUDJPY,SHORT,2025.09.09 03:50:00,3,0,9,tokyo,2025.09.09 00:00,50,first_120min,true,true,3,AUDJPY,highest_score_in_session_bar,tokyo=USDJPY|EURJPY|GBPJPY|AUDJPY,existing_first120_gate,tokyo,true,false,true,passed_first_window,double_top,neckline_break_retest,97.19200000,PERIOD_M5,PERIOD_H1,PERIOD_M15,PERIOD_M5,PERIOD_M5,false,htf_soft_alignment,current_post_filter,transcript_post_filter,dow_trend_up_hh_hl,no_ordered_dow_wave3_break,dow_trend_up_hh_hl,no_ordered_dow_wave3_break,false,true,true,SHORT,PERIOD_M5,double_top,double_top,4.200,none,0.000,double_top,4.200,none,0.000,SHORT,true,PERIOD_H1_LONG_dow_trend_up_hh_hl|PERIOD_M15_NONE_no_ordered_dow_wave3_break,true,h1_counter_m15_reversal,true,top_LONG_dow_trend_up_hh_hl|structure_NONE_no_ordered_dow_wave3_break|structure_break_recent_confirmed_swing_break_retest|primary_break_recent_confirmed_swing_break_failed,none,above_75sma_rising,below_75sma_falling,below_75sma_falling,1,97.14700000,-1,0.00000000,false,off,NONE,NONE,0.00000000,0.00000000,0.0000,none,0.000,true,SHORT,return_low_break_or_bos_down,97.14700000,1,97.25900000,97.04500000,false,off,independent,false,,,false,0.0000,none,0.0000,0.0000,none,0.0000,0.0000,0.0000,none,0.0000,0,0,0.0000,none,none,none,none,0.0000,0,0.0000,none,false,true,not_evaluated,true,required_light_or_anchor_flip,short_bias,97.30400000,2025.09.08 14:00:00,97.25900000,2025.09.08 23:30:00,2025.09.09 00:00:00,false,NONE,0.00000000,0.00000000,0.0000,-1,false,,-1,NONE,0.00000000,0.00000000,0.0000,0.0000,none,,none,false,NONE,-1,-1,-1,false,false,none,true,false,false,true,none,true,required,false,PERIOD_M5,,,-1,0.0000,false,0.00000000,0.0000,false,0.0000,false,none,none,false,no_anchor_flip_in_entry_direction,true,required_first_signal_only,SHORT,unknown,0.00000000,,0.00000000,,false,,-1,false,NONE,0.00000000,,0.00000000,0.0000,0.0000,none,-1,false,false,false,no_anchor_flip_in_entry_direction,,,,false,false,false,-1,-1,-1,-1,-1,false,false,false,0.0000,range_n,true,97.26100000,97.04500000,3.3049,false,0.0000,0.0000,0,none,true,0.6168,preferred_382_618,0.200,diagnostic_only,diagnostic_only,diagnostic_only,shallow_pullback,24,0.400,true,none,0.550,high_quality,false,false,diagnostic_only,both,true,none,true,diagnostic_adjacent_detected,required_light,false,false,LONG,3,false,false,0,,,-1,0.0000,0.00000000,0.00000000,0.00000000,false,false,none,0.00000000,false,0.0000,0.0000,false,1,0.0000,false,-1,0.00000000,0.0000,off,false,not_evaluated,none,0.0000,0.0000,none,false,false,false,0.0000,none,false,none,0.0000,false,none,0.0000,0.0000,0.0000,0.0000,false,none,0.0000,none,none,false,false,none,0.0000,0.0000,0.0000,0.0000,none,false,false,0.0000,0.0000,false,false,-1,none,none,false,0.000,0.000,97.19200000,97.15691667,97.15691667,recent_equal_lows,0.02008333,0.4273,neckline_level,97.19200000,0.3382,false,true,true,false,not_blocked,6,3,3,m5_failure_exit,off,none,0.00000000,0.0000,1.30,97.11600000,4.200,-0.300,0.200,PERIOD_M15,97.24100000,97.11800000,0.4797,preferred_382_618,0.000,true,97.17700000,97.22400000,0.04700000,97.11600000,1.298,0.04435714,28.00,30-60,true,false,none,blocked_spread_too_high,4.650,4.650,none,0.0000,false,neckline_retest_failed,false,not_invalidated,spread_too_high
2025.09.09 10:05:00,signal,session_reversal_pullback_one_symbol_first120,EURUSD,SHORT,2025.09.09 10:00:00,10,7,16,london,2025.09.09 07:00,0,first_120min,true,true,3,EURUSD,highest_score_in_session_bar,london=USDJPY|EURJPY|GBPJPY|AUDJPY|EURUSD|GBPUSD,existing_first120_gate,london,false,false,true,passed_first_window,double_top,neckline_break_retest,1.17686000,PERIOD_M5,PERIOD_H1,PERIOD_M15,PERIOD_M5,PERIOD_M5,false,htf_soft_alignment,current_post_filter,transcript_post_filter,dow_trend_up_hh_hl,no_ordered_dow_wave3_break,dow_trend_up_hh_hl,no_ordered_dow_wave3_break,false,false,true,SHORT,PERIOD_M5,double_top,double_top,4.200,none,0.000,double_top,4.200,none,0.000,SHORT,true,PERIOD_H1_LONG_dow_trend_up_hh_hl|PERIOD_M15_NONE_no_ordered_dow_wave3_break,true,h1_counter_m15_reversal,true,top_LONG_dow_trend_up_hh_hl|structure_NONE_no_ordered_dow_wave3_break|structure_break_recent_confirmed_swing_break_retest|primary_break_recent_confirmed_swing_break_continuation,none,above_75sma_rising,above_75sma_rising,below_75sma_falling,1,1.17625000,0,1.17704000,false,off,NONE,NONE,0.00000000,0.00000000,0.0000,none,0.000,true,SHORT,return_low_break_or_bos_down,1.17625000,1,1.17792000,1.17625000,false,off,independent,false,,,false,0.0000,none,0.0000,0.0000,none,0.0000,0.0000,0.0000,none,0.0000,0,0,0.0000,none,none,none,none,0.0000,0,0.0000,none,false,true,not_evaluated,true,required_light_or_anchor_flip,bias_flip_down,1.17625000,2025.09.09 06:45:00,1.17773000,2025.09.09 04:45:00,2025.09.09 08:45:00,true,SHORT,1.17625000,1.17620000,0.0952,1,true,2025.09.09 09:30:00,1,SHORT,1.17625000,1.17620000,0.0952,0.6857,normal,2025.09.09 09:30:00,first_after_anchor,true,SHORT,1,1,1,true,false,fresh_0_4,true,false,false,true,none,true,required,true,PERIOD_M5,2025.09.09 09:35:00,2025.09.09 09:40:00,6,1.5453,true,1.17625000,1.5453,true,1.4069,true,m5_bos_down_after_anchor_retest,failed_close_back_inside,false,post_anchor_close_back_inside,true,required_first_signal_only,SHORT,unknown,0.00000000,,0.00000000,,false,,-1,false,NONE,0.00000000,,0.00000000,0.0000,0.0000,none,-1,false,false,false,insufficient_confirmed_m5_pivots,EURUSD|SHORT|1757410200|1.17625,,,false,false,false,-1,-1,-1,-1,-1,false,false,false,0.0000,range_n,true,1.17792000,1.17607000,3.5238,true,0.6857,0.6400,0,normal,true,0.2832,shallow_236_382,0.080,diagnostic_only,diagnostic_only,diagnostic_only,shallow_pullback,4,0.320,true,none,0.470,high_quality,false,false,diagnostic_only,both,true,none,true,diagnostic_adjacent_detected,required_light,false,false,LONG,3,false,false,0,,,-1,0.0000,0.00000000,0.00000000,0.00000000,false,false,none,0.00000000,false,0.0000,0.0000,false,1,0.0000,false,-1,0.00000000,0.0000,off,false,not_evaluated,none,0.0000,0.0000,none,false,false,false,0.0000,none,false,none,0.0000,false,none,0.0000,0.0000,0.0000,0.0000,false,none,0.0000,none,none,false,false,none,0.0000,0.0000,0.0000,0.0000,none,false,false,0.0000,0.0000,false,false,-1,none,none,false,0.000,0.000,1.17677000,1.17657000,1.17657000,failed_breakout_level,0.00011000,0.1618,neckline_level,1.17686000,0.4152,false,true,true,false,not_blocked,9,6,3,m5_failure_exit,off,none,0.00000000,0.0000,1.30,1.17580000,4.200,-0.300,0.200,PERIOD_M15,1.17792000,1.17625000,0.2575,outside,0.000,true,1.17668000,1.17736000,0.00068000,1.17580000,1.294,0.00043357,18.00,0-30,true,false,none,not_consumed,4.850,4.850,none,0.0000,false,opposite_break_first,true,opposite_break_first,spread_too_high
2025.09.09 10:05:00,blocked,session_reversal_pullback_one_symbol_first120,EURUSD,SHORT,2025.09.09 10:00:00,10,7,16,london,2025.09.09 07:00,0,first_120min,true,true,3,EURUSD,highest_score_in_session_bar,london=USDJPY|EURJPY|GBPJPY|AUDJPY|EURUSD|GBPUSD,existing_first120_gate,london,false,false,true,passed_first_window,double_top,neckline_break_retest,1.17686000,PERIOD_M5,PERIOD_H1,PERIOD_M15,PERIOD_M5,PERIOD_M5,false,htf_soft_alignment,current_post_filter,transcript_post_filter,dow_trend_up_hh_hl,no_ordered_dow_wave3_break,dow_trend_up_hh_hl,no_ordered_dow_wave3_break,false,false,true,SHORT,PERIOD_M5,double_top,double_top,4.200,none,0.000,double_top,4.200,none,0.000,SHORT,true,PERIOD_H1_LONG_dow_trend_up_hh_hl|PERIOD_M15_NONE_no_ordered_dow_wave3_break,true,h1_counter_m15_reversal,true,top_LONG_dow_trend_up_hh_hl|structure_NONE_no_ordered_dow_wave3_break|structure_break_recent_confirmed_swing_break_retest|primary_break_recent_confirmed_swing_break_continuation,none,above_75sma_rising,above_75sma_rising,below_75sma_falling,1,1.17625000,0,1.17704000,false,off,NONE,NONE,0.00000000,0.00000000,0.0000,none,0.000,true,SHORT,return_low_break_or_bos_down,1.17625000,1,1.17792000,1.17625000,false,off,independent,false,,,false,0.0000,none,0.0000,0.0000,none,0.0000,0.0000,0.0000,none,0.0000,0,0,0.0000,none,none,none,none,0.0000,0,0.0000,none,false,true,not_evaluated,true,required_light_or_anchor_flip,bias_flip_down,1.17625000,2025.09.09 06:45:00,1.17773000,2025.09.09 04:45:00,2025.09.09 08:45:00,true,SHORT,1.17625000,1.17620000,0.0952,1,true,2025.09.09 09:30:00,1,SHORT,1.17625000,1.17620000,0.0952,0.6857,normal,2025.09.09 09:30:00,first_after_anchor,true,SHORT,1,1,1,true,false,fresh_0_4,true,false,false,true,none,true,required,true,PERIOD_M5,2025.09.09 09:35:00,2025.09.09 09:40:00,6,1.5453,true,1.17625000,1.5453,true,1.4069,true,m5_bos_down_after_anchor_retest,failed_close_back_inside,false,post_anchor_close_back_inside,true,required_first_signal_only,SHORT,unknown,0.00000000,,0.00000000,,false,,-1,false,NONE,0.00000000,,0.00000000,0.0000,0.0000,none,-1,false,false,false,insufficient_confirmed_m5_pivots,EURUSD|SHORT|1757410200|1.17625,,,false,false,false,-1,-1,-1,-1,-1,false,false,false,0.0000,range_n,true,1.17792000,1.17607000,3.5238,true,0.6857,0.6400,0,normal,true,0.2832,shallow_236_382,0.080,diagnostic_only,diagnostic_only,diagnostic_only,shallow_pullback,4,0.320,true,none,0.470,high_quality,false,false,diagnostic_only,both,true,none,true,diagnostic_adjacent_detected,required_light,false,false,LONG,3,false,false,0,,,-1,0.0000,0.00000000,0.00000000,0.00000000,false,false,none,0.00000000,false,0.0000,0.0000,false,1,0.0000,false,-1,0.00000000,0.0000,off,false,not_evaluated,none,0.0000,0.0000,none,false,false,false,0.0000,none,false,none,0.0000,false,none,0.0000,0.0000,0.0000,0.0000,false,none,0.0000,none,none,false,false,none,0.0000,0.0000,0.0000,0.0000,none,false,false,0.0000,0.0000,false,false,-1,none,none,false,0.000,0.000,1.17677000,1.17657000,1.17657000,failed_breakout_level,0.00011000,0.1618,neckline_level,1.17686000,0.4152,false,true,true,false,not_blocked,9,6,3,m5_failure_exit,off,none,0.00000000,0.0000,1.30,1.17580000,4.200,-0.300,0.200,PERIOD_M15,1.17792000,1.17625000,0.2575,outside,0.000,true,1.17668000,1.17736000,0.00068000,1.17580000,1.294,0.00043357,18.00,0-30,true,false,none,blocked_spread_too_high,4.850,4.850,none,0.0000,false,opposite_break_first,true,opposite_break_first,spread_too_high
2025.09.10 10:05:00,signal,session_reversal_pullback_one_symbol_first120,GBPUSD,SHORT,2025.09.10 10:00:00,10,7,16,london,2025.09.10 07:00,0,first_120min,true,true,3,GBPUSD,highest_score_in_session_bar,london=USDJPY|EURJPY|GBPJPY|AUDJPY|EURUSD|GBPUSD,existing_first120_gate,london,false,false,true,passed_first_window,head_and_shoulders,neckline_break_retest,1.35305000,PERIOD_M5,PERIOD_H1,PERIOD_M15,PERIOD_M5,PERIOD_M5,false,htf_soft_alignment,current_post_filter,transcript_post_filter,dow_range_or_transition,no_ordered_dow_wave3_break,dow_range_or_transition,no_ordered_dow_wave3_break,false,true,true,SHORT,PERIOD_M5,head_and_shoulders,head_and_shoulders,4.500,none,0.000,head_and_shoulders,4.500,none,0.000,SHORT,false,PERIOD_H1_NONE_dow_range_or_transition|PERIOD_M15_NONE_no_ordered_dow_wave3_break,true,h1_counter_m15_reversal,true,top_NONE_dow_range_or_transition|structure_NONE_no_ordered_dow_wave3_break|structure_break_recent_confirmed_swing_break_failed|primary_break_recent_confirmed_swing_break_retest,none,near_75sma,below_75sma_falling,below_75sma_flat_or_rising,-1,0.00000000,1,1.35274000,false,off,NONE,NONE,0.00000000,0.00000000,0.0000,none,0.000,true,SHORT,return_low_break_or_bos_down,1.35167000,22,1.35416000,1.35137000,false,off,independent,false,,,false,0.0000,none,0.0000,0.0000,none,0.0000,0.0000,0.0000,none,0.0000,0,0,0.0000,none,none,none,none,0.0000,0,0.0000,none,false,true,not_evaluated,true,required_light_or_anchor_flip,long_bias,1.35137000,2025.09.10 04:30:00,1.35245000,2025.09.10 04:00:00,2025.09.10 07:45:00,false,NONE,0.00000000,0.00000000,0.0000,-1,false,,-1,NONE,0.00000000,0.00000000,0.0000,0.0000,none,,none,false,NONE,-1,-1,-1,false,false,none,false,true,false,true,none,true,required,false,PERIOD_M5,,,-1,0.0000,false,0.00000000,0.0000,false,0.0000,false,none,none,false,no_anchor_flip_in_entry_direction,true,required_first_signal_only,SHORT,unknown,0.00000000,,0.00000000,,false,,-1,false,NONE,0.00000000,,0.00000000,0.0000,0.0000,none,-1,false,false,false,no_anchor_flip_in_entry_direction,,,,false,false,false,-1,-1,-1,-1,-1,false,false,false,0.0000,rising_n,false,1.35416000,1.35137000,5.0141,false,0.0000,0.0000,0,none,true,0.5174,preferred_382_618,0.200,diagnostic_only,diagnostic_only,diagnostic_only,fib_pullback,8,0.490,true,none,0.640,high_quality,false,false,diagnostic_only,both,true,none,true,diagnostic_adjacent_detected,required_light,false,false,LONG,4,false,false,1,2025.09.10 07:55:00,2025.09.10 09:35:00,5,2.2682,0.00000000,1.35274000,1.35274000,true,true,m5_hl_close_break_down,1.35274000,true,0.3605,1.5923,true,1,0.1052,true,1,1.35274000,0.2103,off,false,not_evaluated,none,0.7055,0.2945,strong,false,true,true,0.1052,failed_1bar,true,back_inside,0.0419,false,weak_retest,2.2682,1.5622,1.4519,0.1352,false,mild_exhaustion,0.0000,none,none,false,false,none,0.0000,0.0000,0.0000,0.0000,none,false,false,0.0000,0.0000,false,false,-1,none,none,false,0.000,0.000,1.35288000,1.35202000,1.35202000,pre_session_low,0.00084000,0.5563,neckline_level,1.35305000,0.2854,false,true,true,false,not_blocked,6,5,1,m5_failure_exit,off,none,0.00000000,0.0000,1.30,1.35090000,4.500,-0.300,0.200,PERIOD_M15,1.35416000,1.35306000,-0.1818,outside,0.000,true,1.35286000,1.35437000,0.00151000,1.35090000,1.298,0.00066571,20.00,0-30,true,false,none,not_consumed,4.800,4.800,none,0.0000,false,neckline_retest_failed,false,not_invalidated,spread_too_high
2025.09.10 10:05:00,blocked,session_reversal_pullback_one_symbol_first120,GBPUSD,SHORT,2025.09.10 10:00:00,10,7,16,london,2025.09.10 07:00,0,first_120min,true,true,3,GBPUSD,highest_score_in_session_bar,london=USDJPY|EURJPY|GBPJPY|AUDJPY|EURUSD|GBPUSD,existing_first120_gate,london,false,false,true,passed_first_window,head_and_shoulders,neckline_break_retest,1.35305000,PERIOD_M5,PERIOD_H1,PERIOD_M15,PERIOD_M5,PERIOD_M5,false,htf_soft_alignment,current_post_filter,transcript_post_filter,dow_range_or_transition,no_ordered_dow_wave3_break,dow_range_or_transition,no_ordered_dow_wave3_break,false,true,true,SHORT,PERIOD_M5,head_and_shoulders,head_and_shoulders,4.500,none,0.000,head_and_shoulders,4.500,none,0.000,SHORT,false,PERIOD_H1_NONE_dow_range_or_transition|PERIOD_M15_NONE_no_ordered_dow_wave3_break,true,h1_counter_m15_reversal,true,top_NONE_dow_range_or_transition|structure_NONE_no_ordered_dow_wave3_break|structure_break_recent_confirmed_swing_break_failed|primary_break_recent_confirmed_swing_break_retest,none,near_75sma,below_75sma_falling,below_75sma_flat_or_rising,-1,0.00000000,1,1.35274000,false,off,NONE,NONE,0.00000000,0.00000000,0.0000,none,0.000,true,SHORT,return_low_break_or_bos_down,1.35167000,22,1.35416000,1.35137000,false,off,independent,false,,,false,0.0000,none,0.0000,0.0000,none,0.0000,0.0000,0.0000,none,0.0000,0,0,0.0000,none,none,none,none,0.0000,0,0.0000,none,false,true,not_evaluated,true,required_light_or_anchor_flip,long_bias,1.35137000,2025.09.10 04:30:00,1.35245000,2025.09.10 04:00:00,2025.09.10 07:45:00,false,NONE,0.00000000,0.00000000,0.0000,-1,false,,-1,NONE,0.00000000,0.00000000,0.0000,0.0000,none,,none,false,NONE,-1,-1,-1,false,false,none,false,true,false,true,none,true,required,false,PERIOD_M5,,,-1,0.0000,false,0.00000000,0.0000,false,0.0000,false,none,none,false,no_anchor_flip_in_entry_direction,true,required_first_signal_only,SHORT,unknown,0.00000000,,0.00000000,,false,,-1,false,NONE,0.00000000,,0.00000000,0.0000,0.0000,none,-1,false,false,false,no_anchor_flip_in_entry_direction,,,,false,false,false,-1,-1,-1,-1,-1,false,false,false,0.0000,rising_n,false,1.35416000,1.35137000,5.0141,false,0.0000,0.0000,0,none,true,0.5174,preferred_382_618,0.200,diagnostic_only,diagnostic_only,diagnostic_only,fib_pullback,8,0.490,true,none,0.640,high_quality,false,false,diagnostic_only,both,true,none,true,diagnostic_adjacent_detected,required_light,false,false,LONG,4,false,false,1,2025.09.10 07:55:00,2025.09.10 09:35:00,5,2.2682,0.00000000,1.35274000,1.35274000,true,true,m5_hl_close_break_down,1.35274000,true,0.3605,1.5923,true,1,0.1052,true,1,1.35274000,0.2103,off,false,not_evaluated,none,0.7055,0.2945,strong,false,true,true,0.1052,failed_1bar,true,back_inside,0.0419,false,weak_retest,2.2682,1.5622,1.4519,0.1352,false,mild_exhaustion,0.0000,none,none,false,false,none,0.0000,0.0000,0.0000,0.0000,none,false,false,0.0000,0.0000,false,false,-1,none,none,false,0.000,0.000,1.35288000,1.35202000,1.35202000,pre_session_low,0.00084000,0.5563,neckline_level,1.35305000,0.2854,false,true,true,false,not_blocked,6,5,1,m5_failure_exit,off,none,0.00000000,0.0000,1.30,1.35090000,4.500,-0.300,0.200,PERIOD_M15,1.35416000,1.35306000,-0.1818,outside,0.000,true,1.35286000,1.35437000,0.00151000,1.35090000,1.298,0.00066571,20.00,0-30,true,false,none,blocked_spread_too_high,4.800,4.800,none,0.0000,false,neckline_retest_failed,false,not_invalidated,spread_too_high
2025.09.10 16:15:00,signal,session_reversal_pullback_one_symbol_first120,EURUSD,LONG,2025.09.10 16:10:00,16,13,22,london_newyork_overlap,2025.09.10 13:00,10,first_120min,true,true,3,EURUSD,highest_score_in_session_bar,london_newyork_overlap=USDJPY|EURJPY|GBPJPY|AUDJPY|EURUSD|GBPUSD,existing_first120_gate,london_newyork_overlap,false,false,true,passed_first_window,double_bottom,neckline_break_retest,1.16985000,PERIOD_M5,PERIOD_H1,PERIOD_M15,PERIOD_M5,PERIOD_M5,false,htf_soft_alignment,current_post_filter,transcript_post_filter,dow_trend_down_ll_lh,no_ordered_dow_wave3_break,dow_trend_down_ll_lh,no_ordered_dow_wave3_break,false,true,false,LONG,PERIOD_M5,double_bottom,double_bottom,4.200,none,0.000,double_bottom,4.200,none,0.000,LONG,false,PERIOD_H1_SHORT_dow_trend_down_ll_lh|PERIOD_M15_NONE_no_ordered_dow_wave3_break,true,h1_counter_m15_reversal,true,top_SHORT_dow_trend_down_ll_lh|structure_NONE_no_ordered_dow_wave3_break|structure_break_recent_confirmed_swing_break_failed|primary_break_recent_confirmed_swing_break_retest,none,below_75sma_flat_or_rising,near_75sma,above_75sma_flat_or_falling,-1,0.00000000,0,1.17024000,false,off,NONE,NONE,0.00000000,0.00000000,0.0000,none,0.000,true,LONG,return_high_break_or_bos_up,1.17105000,13,1.17163000,1.16954000,false,off,independent,false,,,false,0.0000,none,0.0000,0.0000,none,0.0000,0.0000,0.0000,none,0.0000,0,0,0.0000,none,none,none,none,0.0000,0,0.0000,none,false,true,not_evaluated,true,required_light_or_anchor_flip,short_bias,1.17042000,2025.09.10 08:45:00,1.17177000,2025.09.10 09:15:00,2025.09.10 10:00:00,false,NONE,0.00000000,0.00000000,0.0000,-1,false,,-1,NONE,0.00000000,0.00000000,0.0000,0.0000,none,,none,false,NONE,-1,-1,-1,false,false,none,false,true,false,true,none,true,required,false,PERIOD_M5,,,-1,0.0000,false,0.00000000,0.0000,false,0.0000,false,none,none,false,no_anchor_flip_in_entry_direction,true,required_first_signal_only,LONG,unknown,0.00000000,,0.00000000,,false,,-1,false,NONE,0.00000000,,0.00000000,0.0000,0.0000,none,-1,false,false,false,no_anchor_flip_in_entry_direction,,,,false,false,false,-1,-1,-1,-1,-1,false,false,false,0.0000,range_n,true,1.17177000,1.16818000,3.2785,false,0.0000,0.0000,0,none,true,0.4621,preferred_382_618,0.200,diagnostic_only,diagnostic_only,diagnostic_only,fib_pullback,10,0.490,true,none,0.640,high_quality,false,false,diagnostic_only,both,true,none,true,diagnostic_adjacent_detected,required_light,false,false,SHORT,7,false,false,1,2025.09.10 14:15:00,2025.09.10 15:30:00,8,3.6367,1.17266000,0.00000000,1.17266000,false,false,none,0.00000000,false,0.0000,0.0000,false,1,0.0000,false,-1,0.00000000,0.0000,off,false,not_evaluated,none,0.0000,0.0000,none,false,false,false,0.0000,none,false,none,0.0000,false,none,3.6367,0.7485,4.8590,0.5661,false,no_shrink,0.0000,none,none,false,false,none,0.0000,0.0000,0.0000,0.0000,none,false,false,0.0000,0.0000,false,false,-1,none,none,false,0.000,0.000,1.17070000,1.17028000,1.17070000,failed_breakout_level,0.00011000,0.0576,session_high|opening_range_high|neckline_level,1.17083000,0.2303,false,true,true,false,not_blocked,5,4,1,m5_failure_exit,off,none,0.00000000,0.0000,1.30,1.17307000,4.200,-0.300,0.200,PERIOD_M15,1.17163000,1.16954000,0.4976,preferred_382_618,0.000,true,1.17059000,1.16868000,0.00191000,1.17307000,1.298,0.00104214,18.00,0-30,true,false,none,not_consumed,4.500,4.500,none,0.0000,false,neckline_retest_failed,false,not_invalidated,
2025.09.10 16:15:00,order_sent,session_reversal_pullback_one_symbol_first120,EURUSD,LONG,2025.09.10 16:10:00,16,13,22,london_newyork_overlap,2025.09.10 13:00,10,first_120min,true,true,3,EURUSD,highest_score_in_session_bar,london_newyork_overlap=USDJPY|EURJPY|GBPJPY|AUDJPY|EURUSD|GBPUSD,existing_first120_gate,london_newyork_overlap,false,false,true,passed_first_window,double_bottom,neckline_break_retest,1.16985000,PERIOD_M5,PERIOD_H1,PERIOD_M15,PERIOD_M5,PERIOD_M5,false,htf_soft_alignment,current_post_filter,transcript_post_filter,dow_trend_down_ll_lh,no_ordered_dow_wave3_break,dow_trend_down_ll_lh,no_ordered_dow_wave3_break,false,true,false,LONG,PERIOD_M5,double_bottom,double_bottom,4.200,none,0.000,double_bottom,4.200,none,0.000,LONG,false,PERIOD_H1_SHORT_dow_trend_down_ll_lh|PERIOD_M15_NONE_no_ordered_dow_wave3_break,true,h1_counter_m15_reversal,true,top_SHORT_dow_trend_down_ll_lh|structure_NONE_no_ordered_dow_wave3_break|structure_break_recent_confirmed_swing_break_failed|primary_break_recent_confirmed_swing_break_retest,none,below_75sma_flat_or_rising,near_75sma,above_75sma_flat_or_falling,-1,0.00000000,0,1.17024000,false,off,NONE,NONE,0.00000000,0.00000000,0.0000,none,0.000,true,LONG,return_high_break_or_bos_up,1.17105000,13,1.17163000,1.16954000,false,off,independent,false,,,false,0.0000,none,0.0000,0.0000,none,0.0000,0.0000,0.0000,none,0.0000,0,0,0.0000,none,none,none,none,0.0000,0,0.0000,none,false,true,not_evaluated,true,required_light_or_anchor_flip,short_bias,1.17042000,2025.09.10 08:45:00,1.17177000,2025.09.10 09:15:00,2025.09.10 10:00:00,false,NONE,0.00000000,0.00000000,0.0000,-1,false,,-1,NONE,0.00000000,0.00000000,0.0000,0.0000,none,,none,false,NONE,-1,-1,-1,false,false,none,false,true,false,true,none,true,required,false,PERIOD_M5,,,-1,0.0000,false,0.00000000,0.0000,false,0.0000,false,none,none,false,no_anchor_flip_in_entry_direction,true,required_first_signal_only,LONG,unknown,0.00000000,,0.00000000,,false,,-1,false,NONE,0.00000000,,0.00000000,0.0000,0.0000,none,-1,false,false,false,no_anchor_flip_in_entry_direction,,,,false,false,false,-1,-1,-1,-1,-1,false,false,false,0.0000,range_n,true,1.17177000,1.16818000,3.2785,false,0.0000,0.0000,0,none,true,0.4621,preferred_382_618,0.200,diagnostic_only,diagnostic_only,diagnostic_only,fib_pullback,10,0.490,true,none,0.640,high_quality,false,false,diagnostic_only,both,true,none,true,diagnostic_adjacent_detected,required_light,false,false,SHORT,7,false,false,1,2025.09.10 14:15:00,2025.09.10 15:30:00,8,3.6367,1.17266000,0.00000000,1.17266000,false,false,none,0.00000000,false,0.0000,0.0000,false,1,0.0000,false,-1,0.00000000,0.0000,off,false,not_evaluated,none,0.0000,0.0000,none,false,false,false,0.0000,none,false,none,0.0000,false,none,3.6367,0.7485,4.8590,0.5661,false,no_shrink,0.0000,none,none,false,false,none,0.0000,0.0000,0.0000,0.0000,none,false,false,0.0000,0.0000,false,false,-1,none,none,false,0.000,0.000,1.17070000,1.17028000,1.17070000,failed_breakout_level,0.00011000,0.0576,session_high|opening_range_high|neckline_level,1.17083000,0.2303,false,true,true,false,not_blocked,5,4,1,m5_failure_exit,off,none,0.00000000,0.0000,1.30,1.17307000,4.200,-0.300,0.200,PERIOD_M15,1.17163000,1.16954000,0.4976,preferred_382_618,0.000,true,1.17059000,1.16868000,0.00191000,1.17307000,1.298,0.00104214,18.00,0-30,true,false,none,order_sent,4.500,4.500,none,0.0000,false,neckline_retest_failed,false,not_invalidated,
2025.09.10 19:15:00,signal,session_reversal_pullback_one_symbol_first120,EURJPY,SHORT,2025.09.10 19:10:00,19,16,1,new_york,2025.09.10 16:00,10,first_120min,true,true,3,EURJPY,highest_score_in_session_bar,new_york=USDJPY|EURJPY|GBPJPY|AUDJPY|EURUSD|GBPUSD,existing_first120_gate,new_york,false,false,true,passed_first_window,head_and_shoulders,neckline_break_retest,172.63000000,PERIOD_M5,PERIOD_H1,PERIOD_M15,PERIOD_M5,PERIOD_M5,false,htf_soft_alignment,current_post_filter,transcript_post_filter,dow_trend_up_hh_hl,no_ordered_dow_wave3_break,dow_trend_up_hh_hl,no_ordered_dow_wave3_break,false,false,true,SHORT,PERIOD_M5,head_and_shoulders,head_and_shoulders,4.500,none,0.000,head_and_shoulders,4.500,none,0.000,SHORT,false,PERIOD_H1_LONG_dow_trend_up_hh_hl|PERIOD_M15_NONE_no_ordered_dow_wave3_break,true,h1_counter_m15_reversal,true,top_LONG_dow_trend_up_hh_hl|structure_NONE_no_ordered_dow_wave3_break|structure_break_recent_confirmed_swing_break_failed|primary_break_recent_confirmed_swing_break_retest,none,below_75sma_falling,above_75sma_rising,below_75sma_falling,-1,0.00000000,0,172.62300000,false,off,NONE,NONE,0.00000000,0.00000000,0.0000,none,0.000,true,SHORT,return_low_break_or_bos_down,172.53200000,15,172.89700000,172.37800000,false,off,independent,false,,,false,0.0000,none,0.0000,0.0000,none,0.0000,0.0000,0.0000,none,0.0000,0,0,0.0000,none,none,none,none,0.0000,0,0.0000,none,false,true,not_evaluated,true,required_light_or_anchor_flip,bias_flip_down,172.62300000,2025.09.10 17:30:00,172.70000000,2025.09.10 15:00:00,2025.09.10 18:00:00,true,SHORT,172.62300000,172.60700000,0.1527,0,true,2025.09.10 19:00:00,0,SHORT,172.62300000,172.60700000,0.1527,0.1813,normal,2025.09.10 19:00:00,first_after_anchor,true,SHORT,0,0,0,true,false,fresh_0_4,true,false,false,true,none,true,required,true,PERIOD_M5,2025.09.10 19:05:00,2025.09.10 19:05:00,2,0.6259,true,172.62300000,0.6259,false,0.0000,true,m5_bos_down_after_anchor_retest,retest_reconfirm,true,none,true,required_first_signal_only,SHORT,no_confirmed_micro_anchor,0.00000000,,0.00000000,,false,,-1,false,NONE,0.00000000,,0.00000000,0.0000,0.0000,none,-1,false,false,false,insufficient_confirmed_m5_pivots,EURJPY|SHORT|1757530800|172.623,,,false,false,false,-1,-1,-1,-1,-1,false,false,false,0.0000,rising_n,false,172.89700000,172.37800000,4.9530,true,0.1813,0.6545,0,normal,true,0.4412,preferred_382_618,0.200,diagnostic_only,diagnostic_only,diagnostic_only,fib_pullback,4,0.440,true,none,0.590,high_quality,false,false,diagnostic_only,both,true,none,true,diagnostic_adjacent_detected,required_light,false,false,LONG,4,false,false,2,2025.09.10 16:10:00,2025.09.10 18:00:00,14,7.5738,0.00000000,172.62300000,172.62300000,true,true,m5_hl_close_break_down,172.62300000,true,0.1461,0.5633,true,1,0.2712,true,4,172.62300000,0.0835,off,false,not_evaluated,none,0.7436,0.2564,strong,false,true,true,0.2712,failed_1bar,true,back_inside,0.0244,false,weak_retest,5.7168,4.4858,1.2744,3.0879,false,no_shrink,0.0000,none,none,false,false,none,0.0000,0.0000,0.0000,0.0000,none,false,false,0.0000,0.0000,false,false,-1,none,none,false,0.000,0.000,172.62300000,172.60600000,172.60600000,failed_breakout_level,0.00100000,0.0088,session_low|opening_range_low|neckline_level,172.59800000,0.1878,false,true,true,false,not_blocked,4,2,2,m5_failure_exit,off,none,0.00000000,0.0000,1.30,172.46100000,4.500,-0.300,0.200,PERIOD_M15,172.89700000,172.62300000,-0.0584,outside,0.000,true,172.60700000,172.72000000,0.11300000,172.46100000,1.292,0.04792857,30.00,0-30,true,false,none,not_consumed,4.800,4.800,none,0.0000,false,neckline_retest_failed,false,not_invalidated,spread_too_high
2025.09.10 19:15:00,blocked,session_reversal_pullback_one_symbol_first120,EURJPY,SHORT,2025.09.10 19:10:00,19,16,1,new_york,2025.09.10 16:00,10,first_120min,true,true,3,EURJPY,highest_score_in_session_bar,new_york=USDJPY|EURJPY|GBPJPY|AUDJPY|EURUSD|GBPUSD,existing_first120_gate,new_york,false,false,true,passed_first_window,head_and_shoulders,neckline_break_retest,172.63000000,PERIOD_M5,PERIOD_H1,PERIOD_M15,PERIOD_M5,PERIOD_M5,false,htf_soft_alignment,current_post_filter,transcript_post_filter,dow_trend_up_hh_hl,no_ordered_dow_wave3_break,dow_trend_up_hh_hl,no_ordered_dow_wave3_break,false,false,true,SHORT,PERIOD_M5,head_and_shoulders,head_and_shoulders,4.500,none,0.000,head_and_shoulders,4.500,none,0.000,SHORT,false,PERIOD_H1_LONG_dow_trend_up_hh_hl|PERIOD_M15_NONE_no_ordered_dow_wave3_break,true,h1_counter_m15_reversal,true,top_LONG_dow_trend_up_hh_hl|structure_NONE_no_ordered_dow_wave3_break|structure_break_recent_confirmed_swing_break_failed|primary_break_recent_confirmed_swing_break_retest,none,below_75sma_falling,above_75sma_rising,below_75sma_falling,-1,0.00000000,0,172.62300000,false,off,NONE,NONE,0.00000000,0.00000000,0.0000,none,0.000,true,SHORT,return_low_break_or_bos_down,172.53200000,15,172.89700000,172.37800000,false,off,independent,false,,,false,0.0000,none,0.0000,0.0000,none,0.0000,0.0000,0.0000,none,0.0000,0,0,0.0000,none,none,none,none,0.0000,0,0.0000,none,false,true,not_evaluated,true,required_light_or_anchor_flip,bias_flip_down,172.62300000,2025.09.10 17:30:00,172.70000000,2025.09.10 15:00:00,2025.09.10 18:00:00,true,SHORT,172.62300000,172.60700000,0.1527,0,true,2025.09.10 19:00:00,0,SHORT,172.62300000,172.60700000,0.1527,0.1813,normal,2025.09.10 19:00:00,first_after_anchor,true,SHORT,0,0,0,true,false,fresh_0_4,true,false,false,true,none,true,required,true,PERIOD_M5,2025.09.10 19:05:00,2025.09.10 19:05:00,2,0.6259,true,172.62300000,0.6259,false,0.0000,true,m5_bos_down_after_anchor_retest,retest_reconfirm,true,none,true,required_first_signal_only,SHORT,no_confirmed_micro_anchor,0.00000000,,0.00000000,,false,,-1,false,NONE,0.00000000,,0.00000000,0.0000,0.0000,none,-1,false,false,false,insufficient_confirmed_m5_pivots,EURJPY|SHORT|1757530800|172.623,,,false,false,false,-1,-1,-1,-1,-1,false,false,false,0.0000,rising_n,false,172.89700000,172.37800000,4.9530,true,0.1813,0.6545,0,normal,true,0.4412,preferred_382_618,0.200,diagnostic_only,diagnostic_only,diagnostic_only,fib_pullback,4,0.440,true,none,0.590,high_quality,false,false,diagnostic_only,both,true,none,true,diagnostic_adjacent_detected,required_light,false,false,LONG,4,false,false,2,2025.09.10 16:10:00,2025.09.10 18:00:00,14,7.5738,0.00000000,172.62300000,172.62300000,true,true,m5_hl_close_break_down,172.62300000,true,0.1461,0.5633,true,1,0.2712,true,4,172.62300000,0.0835,off,false,not_evaluated,none,0.7436,0.2564,strong,false,true,true,0.2712,failed_1bar,true,back_inside,0.0244,false,weak_retest,5.7168,4.4858,1.2744,3.0879,false,no_shrink,0.0000,none,none,false,false,none,0.0000,0.0000,0.0000,0.0000,none,false,false,0.0000,0.0000,false,false,-1,none,none,false,0.000,0.000,172.62300000,172.60600000,172.60600000,failed_breakout_level,0.00100000,0.0088,session_low|opening_range_low|neckline_level,172.59800000,0.1878,false,true,true,false,not_blocked,4,2,2,m5_failure_exit,off,none,0.00000000,0.0000,1.30,172.46100000,4.500,-0.300,0.200,PERIOD_M15,172.89700000,172.62300000,-0.0584,outside,0.000,true,172.60700000,172.72000000,0.11300000,172.46100000,1.292,0.04792857,30.00,0-30,true,false,none,blocked_spread_too_high,4.800,4.800,none,0.0000,false,neckline_retest_failed,false,not_invalidated,spread_too_high
2025.09.11 03:05:00,signal,session_reversal_pullback_one_symbol_first120,GBPJPY,SHORT,2025.09.11 03:00:00,3,0,9,tokyo,2025.09.11 00:00,0,first_120min,true,true,3,GBPJPY,highest_score_in_session_bar,tokyo=USDJPY|EURJPY|GBPJPY|AUDJPY,existing_first120_gate,tokyo,false,false,true,passed_first_window,head_and_shoulders,neckline_break_retest,199.41500000,PERIOD_M5,PERIOD_H1,PERIOD_M15,PERIOD_M5,PERIOD_M5,false,htf_soft_alignment,current_post_filter,transcript_post_filter,dow_range_or_transition,no_ordered_dow_wave3_break,dow_range_or_transition,no_ordered_dow_wave3_break,false,false,true,SHORT,PERIOD_M5,head_and_shoulders,head_and_shoulders,4.500,none,0.000,head_and_shoulders,4.500,none,0.000,SHORT,false,PERIOD_H1_NONE_dow_range_or_transition|PERIOD_M15_NONE_no_ordered_dow_wave3_break,true,h1_counter_m15_reversal,true,top_NONE_dow_range_or_transition|structure_NONE_no_ordered_dow_wave3_break|structure_break_recent_confirmed_swing_break_failed|primary_break_recent_confirmed_swing_break_retest,none,below_75sma_flat_or_rising,below_75sma_falling,above_75sma_rising,-1,0.00000000,0,199.41500000,false,off,NONE,NONE,0.00000000,0.00000000,0.0000,none,0.000,true,SHORT,return_low_break_or_bos_down,199.34800000,8,199.50300000,199.20800000,false,off,independent,false,,,false,0.0000,none,0.0000,0.0000,none,0.0000,0.0000,0.0000,none,0.0000,0,0,0.0000,none,none,none,none,0.0000,0,0.0000,none,false,true,not_evaluated,true,required_light_or_anchor_flip,long_bias,199.20800000,2025.09.11 00:30:00,199.48900000,2025.09.10 23:45:00,2025.09.11 01:00:00,false,NONE,0.00000000,0.00000000,0.0000,-1,false,,-1,NONE,0.00000000,0.00000000,0.0000,0.0000,none,,none,false,NONE,-1,-1,-1,false,false,none,false,true,false,true,none,true,required,false,PERIOD_M5,,,-1,0.0000,false,0.00000000,0.0000,false,0.0000,false,none,none,false,no_anchor_flip_in_entry_direction,true,required_first_signal_only,SHORT,unknown,0.00000000,,0.00000000,,false,,-1,false,NONE,0.00000000,,0.00000000,0.0000,0.0000,none,-1,false,false,false,no_anchor_flip_in_entry_direction,,,,false,false,false,-1,-1,-1,-1,-1,false,false,false,0.0000,range_n,true,199.50300000,199.20800000,2.8230,false,0.0000,0.0000,0,none,true,0.6610,deep_618_786,0.120,diagnostic_only,diagnostic_only,diagnostic_only,deep_pullback,7,0.360,true,none,0.510,high_quality,false,false,diagnostic_only,both,true,none,true,diagnostic_adjacent_detected,required_light,false,false,LONG,6,false,false,1,2025.09.11 00:30:00,2025.09.11 02:05:00,11,7.2583,0.00000000,199.41500000,199.41500000,true,true,m5_hl_close_break_down,199.41500000,true,0.6397,0.6397,true,1,0.2707,true,7,199.41500000,0.0246,off,false,not_evaluated,none,0.9310,0.0690,very_strong,false,false,false,0.2707,held_no_close_back,true,favorable_side,0.0741,true,clean_retest,1.5009,7.2583,0.2068,0.0000,true,strong_exhaustion,0.0000,none,none,false,false,none,0.0000,0.0000,0.0000,0.0000,none,false,false,0.0000,0.0000,false,false,-1,none,none,false,0.000,0.000,199.40464706,199.39500000,199.38900000,wick_cluster_zone,0.01400000,0.1346,session_low|opening_range_low|neckline_level,199.39500000,0.1968,false,true,true,false,not_blocked,4,3,1,m5_failure_exit,off,none,0.00000000,0.0000,1.30,199.26700000,4.500,-0.300,0.200,PERIOD_M15,199.50300000,199.20800000,0.6610,deep_618_786,0.000,true,199.40300000,199.50700000,0.10400000,199.26700000,1.308,0.04064286,39.00,0-30,true,false,none,not_consumed,4.800,4.800,none,0.0000,false,opposite_break_first,true,opposite_break_first,spread_too_high
2025.09.11 03:05:00,blocked,session_reversal_pullback_one_symbol_first120,GBPJPY,SHORT,2025.09.11 03:00:00,3,0,9,tokyo,2025.09.11 00:00,0,first_120min,true,true,3,GBPJPY,highest_score_in_session_bar,tokyo=USDJPY|EURJPY|GBPJPY|AUDJPY,existing_first120_gate,tokyo,false,false,true,passed_first_window,head_and_shoulders,neckline_break_retest,199.41500000,PERIOD_M5,PERIOD_H1,PERIOD_M15,PERIOD_M5,PERIOD_M5,false,htf_soft_alignment,current_post_filter,transcript_post_filter,dow_range_or_transition,no_ordered_dow_wave3_break,dow_range_or_transition,no_ordered_dow_wave3_break,false,false,true,SHORT,PERIOD_M5,head_and_shoulders,head_and_shoulders,4.500,none,0.000,head_and_shoulders,4.500,none,0.000,SHORT,false,PERIOD_H1_NONE_dow_range_or_transition|PERIOD_M15_NONE_no_ordered_dow_wave3_break,true,h1_counter_m15_reversal,true,top_NONE_dow_range_or_transition|structure_NONE_no_ordered_dow_wave3_break|structure_break_recent_confirmed_swing_break_failed|primary_break_recent_confirmed_swing_break_retest,none,below_75sma_flat_or_rising,below_75sma_falling,above_75sma_rising,-1,0.00000000,0,199.41500000,false,off,NONE,NONE,0.00000000,0.00000000,0.0000,none,0.000,true,SHORT,return_low_break_or_bos_down,199.34800000,8,199.50300000,199.20800000,false,off,independent,false,,,false,0.0000,none,0.0000,0.0000,none,0.0000,0.0000,0.0000,none,0.0000,0,0,0.0000,none,none,none,none,0.0000,0,0.0000,none,false,true,not_evaluated,true,required_light_or_anchor_flip,long_bias,199.20800000,2025.09.11 00:30:00,199.48900000,2025.09.10 23:45:00,2025.09.11 01:00:00,false,NONE,0.00000000,0.00000000,0.0000,-1,false,,-1,NONE,0.00000000,0.00000000,0.0000,0.0000,none,,none,false,NONE,-1,-1,-1,false,false,none,false,true,false,true,none,true,required,false,PERIOD_M5,,,-1,0.0000,false,0.00000000,0.0000,false,0.0000,false,none,none,false,no_anchor_flip_in_entry_direction,true,required_first_signal_only,SHORT,unknown,0.00000000,,0.00000000,,false,,-1,false,NONE,0.00000000,,0.00000000,0.0000,0.0000,none,-1,false,false,false,no_anchor_flip_in_entry_direction,,,,false,false,false,-1,-1,-1,-1,-1,false,false,false,0.0000,range_n,true,199.50300000,199.20800000,2.8230,false,0.0000,0.0000,0,none,true,0.6610,deep_618_786,0.120,diagnostic_only,diagnostic_only,diagnostic_only,deep_pullback,7,0.360,true,none,0.510,high_quality,false,false,diagnostic_only,both,true,none,true,diagnostic_adjacent_detected,required_light,false,false,LONG,6,false,false,1,2025.09.11 00:30:00,2025.09.11 02:05:00,11,7.2583,0.00000000,199.41500000,199.41500000,true,true,m5_hl_close_break_down,199.41500000,true,0.6397,0.6397,true,1,0.2707,true,7,199.41500000,0.0246,off,false,not_evaluated,none,0.9310,0.0690,very_strong,false,false,false,0.2707,held_no_close_back,true,favorable_side,0.0741,true,clean_retest,1.5009,7.2583,0.2068,0.0000,true,strong_exhaustion,0.0000,none,none,false,false,none,0.0000,0.0000,0.0000,0.0000,none,false,false,0.0000,0.0000,false,false,-1,none,none,false,0.000,0.000,199.40464706,199.39500000,199.38900000,wick_cluster_zone,0.01400000,0.1346,session_low|opening_range_low|neckline_level,199.39500000,0.1968,false,true,true,false,not_blocked,4,3,1,m5_failure_exit,off,none,0.00000000,0.0000,1.30,199.26700000,4.500,-0.300,0.200,PERIOD_M15,199.50300000,199.20800000,0.6610,deep_618_786,0.000,true,199.40300000,199.50700000,0.10400000,199.26700000,1.308,0.04064286,39.00,0-30,true,false,none,blocked_spread_too_high,4.800,4.800,none,0.0000,false,opposite_break_first,true,opposite_break_first,spread_too_high
2025.09.11 16:30:00,signal,session_reversal_pullback_one_symbol_first120,AUDJPY,SHORT,2025.09.11 16:25:00,16,13,22,london_newyork_overlap,2025.09.11 13:00,25,first_120min,true,true,3,AUDJPY,highest_score_in_session_bar,london_newyork_overlap=USDJPY|EURJPY|GBPJPY|AUDJPY|EURUSD|GBPUSD,existing_first120_gate,london_newyork_overlap,false,false,true,passed_first_window,double_top,neckline_break_retest,97.69200000,PERIOD_M5,PERIOD_H1,PERIOD_M15,PERIOD_M5,PERIOD_M5,false,htf_soft_alignment,current_post_filter,transcript_post_filter,dow_range_or_transition,structure_trend_bias_dow_trend_up_hh_hl,dow_range_or_transition,structure_trend_bias_dow_trend_up_hh_hl,false,false,true,SHORT,PERIOD_M5,double_top,double_top,4.200,none,0.000,double_top,4.200,none,0.000,SHORT,false,PERIOD_H1_NONE_dow_range_or_transition|PERIOD_M15_LONG_structure_trend_bias_dow_trend_up_hh_hl,true,h1_counter_m15_reversal,true,top_NONE_dow_range_or_transition|structure_LONG_structure_trend_bias_dow_trend_up_hh_hl|structure_break_recent_confirmed_swing_break_failed|primary_break_recent_confirmed_swing_break_retest,none,above_75sma_rising,above_75sma_rising,below_75sma_flat_or_rising,-1,0.00000000,0,97.71400000,false,off,NONE,NONE,0.00000000,0.00000000,0.0000,none,0.000,true,SHORT,return_low_break_or_bos_down,97.62800000,3,97.78300000,97.62800000,false,off,independent,false,,,false,0.0000,none,0.0000,0.0000,none,0.0000,0.0000,0.0000,none,0.0000,0,0,0.0000,none,none,none,none,0.0000,0,0.0000,none,false,true,not_evaluated,true,required_light_or_anchor_flip,short_bias,97.62800000,2025.09.11 12:00:00,97.78300000,2025.09.11 14:15:00,2025.09.11 15:30:00,false,NONE,0.00000000,0.00000000,0.0000,-1,false,,-1,NONE,0.00000000,0.00000000,0.0000,0.0000,none,,none,false,NONE,-1,-1,-1,false,false,none,true,false,false,true,none,true,required,false,PERIOD_M5,,,-1,0.0000,false,0.00000000,0.0000,false,0.0000,false,none,none,false,no_anchor_flip_in_entry_direction,true,required_first_signal_only,SHORT,unknown,0.00000000,,0.00000000,,false,,-1,false,NONE,0.00000000,,0.00000000,0.0000,0.0000,none,-1,false,false,false,no_anchor_flip_in_entry_direction,,,,false,false,false,-1,-1,-1,-1,-1,false,false,false,0.0000,range_n,true,97.78300000,97.38900000,5.5605,false,0.0000,0.0000,0,none,true,0.6074,preferred_382_618,0.200,diagnostic_only,diagnostic_only,diagnostic_only,shallow_pullback,8,0.440,true,none,0.590,high_quality,false,false,diagnostic_only,both,true,none,true,diagnostic_adjacent_detected,required_light,false,false,LONG,4,false,false,1,2025.09.11 13:40:00,2025.09.11 15:40:00,9,4.2485,0.00000000,97.48500000,97.48500000,false,false,none,0.00000000,false,0.0000,0.0000,false,1,0.0000,false,-1,0.00000000,0.0000,off,false,not_evaluated,none,0.0000,0.0000,none,false,false,false,0.0000,none,false,none,0.0000,false,none,4.2485,0.5703,7.4500,0.4134,false,no_shrink,0.0000,none,none,false,false,none,0.0000,0.0000,0.0000,0.0000,none,false,false,0.0000,0.0000,false,false,-1,none,none,false,0.000,0.000,97.67533333,97.64500000,97.64500000,wick_cluster_zone,0.02100000,0.3000,session_low|opening_range_low|neckline_level,97.64500000,0.2994,false,true,true,false,not_blocked,2,1,1,m5_failure_exit,off,none,0.00000000,0.0000,1.30,97.57500000,4.200,-0.300,0.200,PERIOD_M15,97.78300000,97.62800000,0.2452,outside,0.000,true,97.66600000,97.73600000,0.07000000,97.57500000,1.300,0.07014286,28.00,0-30,true,false,none,not_consumed,4.500,4.500,none,0.0000,false,neckline_retest_failed,false,not_invalidated,spread_too_high
2025.09.11 16:30:00,blocked,session_reversal_pullback_one_symbol_first120,AUDJPY,SHORT,2025.09.11 16:25:00,16,13,22,london_newyork_overlap,2025.09.11 13:00,25,first_120min,true,true,3,AUDJPY,highest_score_in_session_bar,london_newyork_overlap=USDJPY|EURJPY|GBPJPY|AUDJPY|EURUSD|GBPUSD,existing_first120_gate,london_newyork_overlap,false,false,true,passed_first_window,double_top,neckline_break_retest,97.69200000,PERIOD_M5,PERIOD_H1,PERIOD_M15,PERIOD_M5,PERIOD_M5,false,htf_soft_alignment,current_post_filter,transcript_post_filter,dow_range_or_transition,structure_trend_bias_dow_trend_up_hh_hl,dow_range_or_transition,structure_trend_bias_dow_trend_up_hh_hl,false,false,true,SHORT,PERIOD_M5,double_top,double_top,4.200,none,0.000,double_top,4.200,none,0.000,SHORT,false,PERIOD_H1_NONE_dow_range_or_transition|PERIOD_M15_LONG_structure_trend_bias_dow_trend_up_hh_hl,true,h1_counter_m15_reversal,true,top_NONE_dow_range_or_transition|structure_LONG_structure_trend_bias_dow_trend_up_hh_hl|structure_break_recent_confirmed_swing_break_failed|primary_break_recent_confirmed_swing_break_retest,none,above_75sma_rising,above_75sma_rising,below_75sma_flat_or_rising,-1,0.00000000,0,97.71400000,false,off,NONE,NONE,0.00000000,0.00000000,0.0000,none,0.000,true,SHORT,return_low_break_or_bos_down,97.62800000,3,97.78300000,97.62800000,false,off,independent,false,,,false,0.0000,none,0.0000,0.0000,none,0.0000,0.0000,0.0000,none,0.0000,0,0,0.0000,none,none,none,none,0.0000,0,0.0000,none,false,true,not_evaluated,true,required_light_or_anchor_flip,short_bias,97.62800000,2025.09.11 12:00:00,97.78300000,2025.09.11 14:15:00,2025.09.11 15:30:00,false,NONE,0.00000000,0.00000000,0.0000,-1,false,,-1,NONE,0.00000000,0.00000000,0.0000,0.0000,none,,none,false,NONE,-1,-1,-1,false,false,none,true,false,false,true,none,true,required,false,PERIOD_M5,,,-1,0.0000,false,0.00000000,0.0000,false,0.0000,false,none,none,false,no_anchor_flip_in_entry_direction,true,required_first_signal_only,SHORT,unknown,0.00000000,,0.00000000,,false,,-1,false,NONE,0.00000000,,0.00000000,0.0000,0.0000,none,-1,false,false,false,no_anchor_flip_in_entry_direction,,,,false,false,false,-1,-1,-1,-1,-1,false,false,false,0.0000,range_n,true,97.78300000,97.38900000,5.5605,false,0.0000,0.0000,0,none,true,0.6074,preferred_382_618,0.200,diagnostic_only,diagnostic_only,diagnostic_only,shallow_pullback,8,0.440,true,none,0.590,high_quality,false,false,diagnostic_only,both,true,none,true,diagnostic_adjacent_detected,required_light,false,false,LONG,4,false,false,1,2025.09.11 13:40:00,2025.09.11 15:40:00,9,4.2485,0.00000000,97.48500000,97.48500000,false,false,none,0.00000000,false,0.0000,0.0000,false,1,0.0000,false,-1,0.00000000,0.0000,off,false,not_evaluated,none,0.0000,0.0000,none,false,false,false,0.0000,none,false,none,0.0000,false,none,4.2485,0.5703,7.4500,0.4134,false,no_shrink,0.0000,none,none,false,false,none,0.0000,0.0000,0.0000,0.0000,none,false,false,0.0000,0.0000,false,false,-1,none,none,false,0.000,0.000,97.67533333,97.64500000,97.64500000,wick_cluster_zone,0.02100000,0.3000,session_low|opening_range_low|neckline_level,97.64500000,0.2994,false,true,true,false,not_blocked,2,1,1,m5_failure_exit,off,none,0.00000000,0.0000,1.30,97.57500000,4.200,-0.300,0.200,PERIOD_M15,97.78300000,97.62800000,0.2452,outside,0.000,true,97.66600000,97.73600000,0.07000000,97.57500000,1.300,0.07014286,28.00,0-30,true,false,none,blocked_spread_too_high,4.500,4.500,none,0.0000,false,neckline_retest_failed,false,not_invalidated,spread_too_high
2025.09.12 03:05:00,signal,session_reversal_pullback_one_symbol_first120,GBPJPY,SHORT,2025.09.12 03:00:00,3,0,9,tokyo,2025.09.12 00:00,0,first_120min,true,true,3,GBPJPY,highest_score_in_session_bar,tokyo=USDJPY|EURJPY|GBPJPY|AUDJPY,existing_first120_gate,tokyo,false,false,true,passed_first_window,head_and_shoulders,neckline_break_retest,199.84000000,PERIOD_M5,PERIOD_H1,PERIOD_M15,PERIOD_M5,PERIOD_M5,false,htf_soft_alignment,current_post_filter,transcript_post_filter,dow_range_or_transition,structure_trend_bias_dow_trend_down_ll_lh,dow_range_or_transition,structure_trend_bias_dow_trend_down_ll_lh,false,false,true,SHORT,PERIOD_M5,head_and_shoulders,head_and_shoulders,4.500,none,0.000,head_and_shoulders,4.500,none,0.000,SHORT,false,PERIOD_H1_NONE_dow_range_or_transition|PERIOD_M15_SHORT_structure_trend_bias_dow_trend_down_ll_lh,true,h1_counter_m15_reversal,true,top_NONE_dow_range_or_transition|structure_SHORT_structure_trend_bias_dow_trend_down_ll_lh|structure_break_recent_confirmed_swing_break_failed|primary_break_no_recent_confirmed_swing_break,none,above_75sma_flat_or_falling,above_75sma_rising,below_75sma_flat_or_rising,-1,0.00000000,-1,0.00000000,false,off,NONE,NONE,0.00000000,0.00000000,0.0000,none,0.000,true,SHORT,return_low_break_or_bos_down,199.73500000,8,199.94500000,199.58600000,false,off,independent,false,,,false,0.0000,none,0.0000,0.0000,none,0.0000,0.0000,0.0000,none,0.0000,0,0,0.0000,none,none,none,none,0.0000,0,0.0000,none,false,true,not_evaluated,true,required_light_or_anchor_flip,long_bias,199.58600000,2025.09.12 00:00:00,199.86400000,2025.09.11 23:45:00,2025.09.12 02:00:00,false,NONE,0.00000000,0.00000000,0.0000,-1,false,,-1,NONE,0.00000000,0.00000000,0.0000,0.0000,none,,none,false,NONE,-1,-1,-1,false,false,none,false,true,false,true,none,true,required,false,PERIOD_M5,,,-1,0.0000,false,0.00000000,0.0000,false,0.0000,false,none,none,false,no_anchor_flip_in_entry_direction,true,required_first_signal_only,SHORT,unknown,0.00000000,,0.00000000,,false,,-1,false,NONE,0.00000000,,0.00000000,0.0000,0.0000,none,-1,false,false,false,no_anchor_flip_in_entry_direction,,,,false,false,false,-1,-1,-1,-1,-1,false,false,false,0.0000,range_n,true,199.94500000,199.55100000,4.0829,false,0.0000,0.0000,0,none,true,0.5627,preferred_382_618,0.200,diagnostic_only,diagnostic_only,diagnostic_only,shallow_pullback,24,0.400,true,none,0.550,high_quality,false,false,diagnostic_only,both,true,none,true,diagnostic_adjacent_detected,required_light,false,false,LONG,6,false,false,1,2025.09.12 01:30:00,2025.09.12 02:40:00,4,2.6012,0.00000000,199.78700000,199.78700000,false,false,none,0.00000000,false,0.0000,0.0000,false,1,0.0000,false,-1,0.00000000,0.0000,off,false,not_evaluated,none,0.0000,0.0000,none,false,false,false,0.0000,none,false,none,0.0000,false,none,2.1994,2.6012,0.8455,0.0000,true,strong_exhaustion,0.0000,none,none,false,false,none,0.0000,0.0000,0.0000,0.0000,none,false,false,0.0000,0.0000,false,false,-1,none,none,false,0.000,0.000,199.81236364,199.78700000,199.78700000,pre_session_low,0.00100000,0.0088,neckline_level,199.84000000,1.0997,false,true,false,false,not_blocked,3,3,0,m5_failure_exit,off,none,0.00000000,0.0000,1.30,199.64000000,4.500,-0.300,0.200,PERIOD_M15,199.86400000,199.58600000,0.7266,deep_618_786,0.000,true,199.78800000,199.90200000,0.11400000,199.64000000,1.298,0.04728571,38.00,0-30,true,false,none,not_consumed,4.600,4.600,none,0.0000,false,neckline_retest_failed,false,not_invalidated,spread_too_high
2025.09.12 03:05:00,blocked,session_reversal_pullback_one_symbol_first120,GBPJPY,SHORT,2025.09.12 03:00:00,3,0,9,tokyo,2025.09.12 00:00,0,first_120min,true,true,3,GBPJPY,highest_score_in_session_bar,tokyo=USDJPY|EURJPY|GBPJPY|AUDJPY,existing_first120_gate,tokyo,false,false,true,passed_first_window,head_and_shoulders,neckline_break_retest,199.84000000,PERIOD_M5,PERIOD_H1,PERIOD_M15,PERIOD_M5,PERIOD_M5,false,htf_soft_alignment,current_post_filter,transcript_post_filter,dow_range_or_transition,structure_trend_bias_dow_trend_down_ll_lh,dow_range_or_transition,structure_trend_bias_dow_trend_down_ll_lh,false,false,true,SHORT,PERIOD_M5,head_and_shoulders,head_and_shoulders,4.500,none,0.000,head_and_shoulders,4.500,none,0.000,SHORT,false,PERIOD_H1_NONE_dow_range_or_transition|PERIOD_M15_SHORT_structure_trend_bias_dow_trend_down_ll_lh,true,h1_counter_m15_reversal,true,top_NONE_dow_range_or_transition|structure_SHORT_structure_trend_bias_dow_trend_down_ll_lh|structure_break_recent_confirmed_swing_break_failed|primary_break_no_recent_confirmed_swing_break,none,above_75sma_flat_or_falling,above_75sma_rising,below_75sma_flat_or_rising,-1,0.00000000,-1,0.00000000,false,off,NONE,NONE,0.00000000,0.00000000,0.0000,none,0.000,true,SHORT,return_low_break_or_bos_down,199.73500000,8,199.94500000,199.58600000,false,off,independent,false,,,false,0.0000,none,0.0000,0.0000,none,0.0000,0.0000,0.0000,none,0.0000,0,0,0.0000,none,none,none,none,0.0000,0,0.0000,none,false,true,not_evaluated,true,required_light_or_anchor_flip,long_bias,199.58600000,2025.09.12 00:00:00,199.86400000,2025.09.11 23:45:00,2025.09.12 02:00:00,false,NONE,0.00000000,0.00000000,0.0000,-1,false,,-1,NONE,0.00000000,0.00000000,0.0000,0.0000,none,,none,false,NONE,-1,-1,-1,false,false,none,false,true,false,true,none,true,required,false,PERIOD_M5,,,-1,0.0000,false,0.00000000,0.0000,false,0.0000,false,none,none,false,no_anchor_flip_in_entry_direction,true,required_first_signal_only,SHORT,unknown,0.00000000,,0.00000000,,false,,-1,false,NONE,0.00000000,,0.00000000,0.0000,0.0000,none,-1,false,false,false,no_anchor_flip_in_entry_direction,,,,false,false,false,-1,-1,-1,-1,-1,false,false,false,0.0000,range_n,true,199.94500000,199.55100000,4.0829,false,0.0000,0.0000,0,none,true,0.5627,preferred_382_618,0.200,diagnostic_only,diagnostic_only,diagnostic_only,shallow_pullback,24,0.400,true,none,0.550,high_quality,false,false,diagnostic_only,both,true,none,true,diagnostic_adjacent_detected,required_light,false,false,LONG,6,false,false,1,2025.09.12 01:30:00,2025.09.12 02:40:00,4,2.6012,0.00000000,199.78700000,199.78700000,false,false,none,0.00000000,false,0.0000,0.0000,false,1,0.0000,false,-1,0.00000000,0.0000,off,false,not_evaluated,none,0.0000,0.0000,none,false,false,false,0.0000,none,false,none,0.0000,false,none,2.1994,2.6012,0.8455,0.0000,true,strong_exhaustion,0.0000,none,none,false,false,none,0.0000,0.0000,0.0000,0.0000,none,false,false,0.0000,0.0000,false,false,-1,none,none,false,0.000,0.000,199.81236364,199.78700000,199.78700000,pre_session_low,0.00100000,0.0088,neckline_level,199.84000000,1.0997,false,true,false,false,not_blocked,3,3,0,m5_failure_exit,off,none,0.00000000,0.0000,1.30,199.64000000,4.500,-0.300,0.200,PERIOD_M15,199.86400000,199.58600000,0.7266,deep_618_786,0.000,true,199.78800000,199.90200000,0.11400000,199.64000000,1.298,0.04728571,38.00,0-30,true,false,none,blocked_spread_too_high,4.600,4.600,none,0.0000,false,neckline_retest_failed,false,not_invalidated,spread_too_high
2025.09.12 10:55:00,signal,session_reversal_pullback_one_symbol_first120,GBPUSD,SHORT,2025.09.12 10:50:00,10,7,16,london,2025.09.12 07:00,50,first_120min,true,true,3,GBPUSD,highest_score_in_session_bar,london=USDJPY|EURJPY|GBPJPY|AUDJPY|EURUSD|GBPUSD,existing_first120_gate,london,false,false,true,passed_first_window,head_and_shoulders,neckline_break_retest,1.35646000,PERIOD_M5,PERIOD_H1,PERIOD_M15,PERIOD_M5,PERIOD_M5,false,htf_soft_alignment,current_post_filter,transcript_post_filter,dow_range_or_transition,structure_trend_bias_dow_trend_down_ll_lh,dow_range_or_transition,structure_trend_bias_dow_trend_down_ll_lh,false,false,true,SHORT,PERIOD_M5,head_and_shoulders,head_and_shoulders,4.500,none,0.000,head_and_shoulders,4.500,none,0.000,SHORT,false,PERIOD_H1_NONE_dow_range_or_transition|PERIOD_M15_SHORT_structure_trend_bias_dow_trend_down_ll_lh,true,h1_counter_m15_reversal,true,top_NONE_dow_range_or_transition|structure_SHORT_structure_trend_bias_dow_trend_down_ll_lh|structure_break_recent_confirmed_swing_break_failed|primary_break_recent_confirmed_swing_break_continuation,none,above_75sma_flat_or_falling,below_75sma_flat_or_rising,above_75sma_rising,-1,0.00000000,0,1.35675000,false,off,NONE,NONE,0.00000000,0.00000000,0.0000,none,0.000,true,SHORT,return_low_break_or_bos_down,1.35546000,4,1.35741000,1.35441000,false,off,independent,false,,,false,0.0000,none,0.0000,0.0000,none,0.0000,0.0000,0.0000,none,0.0000,0,0,0.0000,none,none,none,none,0.0000,0,0.0000,none,false,true,not_evaluated,true,required_light_or_anchor_flip,bias_flip_up,1.35745000,2025.09.11 19:45:00,1.35599000,2025.09.12 08:45:00,2025.09.12 09:30:00,true,LONG,1.35599000,1.35665000,0.9882,2,true,2025.09.12 10:00:00,2,LONG,1.35599000,1.35665000,0.9882,1.6021,strong,2025.09.12 10:30:00,first_after_anchor,true,LONG,2,0,2,true,false,fresh_0_4,false,true,false,true,none,true,required,false,PERIOD_M5,,,-1,0.0000,false,0.00000000,0.0000,false,0.0000,false,none,none,false,no_anchor_flip_in_entry_direction,true,required_first_signal_only,SHORT,unknown,0.00000000,,0.00000000,,false,,-1,false,NONE,0.00000000,,0.00000000,0.0000,0.0000,none,-1,false,false,false,no_anchor_flip_in_entry_direction,,,,false,false,false,-1,-1,-1,-1,-1,false,false,false,0.0000,falling_n,false,1.35796000,1.35441000,5.3155,true,1.6021,0.2132,2,strong,true,0.6600,deep_618_786,0.120,diagnostic_only,diagnostic_only,diagnostic_only,shallow_pullback,24,0.370,true,none,0.520,high_quality,false,false,diagnostic_only,both,true,none,true,diagnostic_adjacent_detected,required_light,false,false,LONG,6,false,false,2,2025.09.12 08:45:00,2025.09.12 10:30:00,4,5.4475,0.00000000,1.35588000,1.35588000,false,false,none,0.00000000,false,0.0000,0.0000,false,1,0.0000,false,-1,0.00000000,0.0000,off,false,not_evaluated,none,0.0000,0.0000,none,false,false,false,0.0000,none,false,none,0.0000,false,none,2.7782,2.8690,0.9684,2.5785,false,no_shrink,0.0000,none,none,false,false,none,0.0000,0.0000,0.0000,0.0000,none,false,false,0.0000,0.0000,false,false,-1,none,none,false,0.000,0.000,1.35646000,1.35620000,1.35620000,top_context_confirmed_swing_low,0.00019000,0.2289,neckline_level,1.35646000,0.1271,false,true,true,false,not_blocked,7,6,1,m5_failure_exit,off,none,0.00000000,0.0000,1.30,1.35531000,4.500,-0.300,0.200,PERIOD_M15,1.35599000,1.35441000,1.2532,outside,0.000,true,1.35639000,1.35722000,0.00083000,1.35531000,1.301,0.00055071,20.00,30-60,true,false,none,not_consumed,4.800,4.800,none,0.0000,false,opposite_break_first,true,opposite_break_first,spread_too_high
2025.09.12 10:55:00,blocked,session_reversal_pullback_one_symbol_first120,GBPUSD,SHORT,2025.09.12 10:50:00,10,7,16,london,2025.09.12 07:00,50,first_120min,true,true,3,GBPUSD,highest_score_in_session_bar,london=USDJPY|EURJPY|GBPJPY|AUDJPY|EURUSD|GBPUSD,existing_first120_gate,london,false,false,true,passed_first_window,head_and_shoulders,neckline_break_retest,1.35646000,PERIOD_M5,PERIOD_H1,PERIOD_M15,PERIOD_M5,PERIOD_M5,false,htf_soft_alignment,current_post_filter,transcript_post_filter,dow_range_or_transition,structure_trend_bias_dow_trend_down_ll_lh,dow_range_or_transition,structure_trend_bias_dow_trend_down_ll_lh,false,false,true,SHORT,PERIOD_M5,head_and_shoulders,head_and_shoulders,4.500,none,0.000,head_and_shoulders,4.500,none,0.000,SHORT,false,PERIOD_H1_NONE_dow_range_or_transition|PERIOD_M15_SHORT_structure_trend_bias_dow_trend_down_ll_lh,true,h1_counter_m15_reversal,true,top_NONE_dow_range_or_transition|structure_SHORT_structure_trend_bias_dow_trend_down_ll_lh|structure_break_recent_confirmed_swing_break_failed|primary_break_recent_confirmed_swing_break_continuation,none,above_75sma_flat_or_falling,below_75sma_flat_or_rising,above_75sma_rising,-1,0.00000000,0,1.35675000,false,off,NONE,NONE,0.00000000,0.00000000,0.0000,none,0.000,true,SHORT,return_low_break_or_bos_down,1.35546000,4,1.35741000,1.35441000,false,off,independent,false,,,false,0.0000,none,0.0000,0.0000,none,0.0000,0.0000,0.0000,none,0.0000,0,0,0.0000,none,none,none,none,0.0000,0,0.0000,none,false,true,not_evaluated,true,required_light_or_anchor_flip,bias_flip_up,1.35745000,2025.09.11 19:45:00,1.35599000,2025.09.12 08:45:00,2025.09.12 09:30:00,true,LONG,1.35599000,1.35665000,0.9882,2,true,2025.09.12 10:00:00,2,LONG,1.35599000,1.35665000,0.9882,1.6021,strong,2025.09.12 10:30:00,first_after_anchor,true,LONG,2,0,2,true,false,fresh_0_4,false,true,false,true,none,true,required,false,PERIOD_M5,,,-1,0.0000,false,0.00000000,0.0000,false,0.0000,false,none,none,false,no_anchor_flip_in_entry_direction,true,required_first_signal_only,SHORT,unknown,0.00000000,,0.00000000,,false,,-1,false,NONE,0.00000000,,0.00000000,0.0000,0.0000,none,-1,false,false,false,no_anchor_flip_in_entry_direction,,,,false,false,false,-1,-1,-1,-1,-1,false,false,false,0.0000,falling_n,false,1.35796000,1.35441000,5.3155,true,1.6021,0.2132,2,strong,true,0.6600,deep_618_786,0.120,diagnostic_only,diagnostic_only,diagnostic_only,shallow_pullback,24,0.370,true,none,0.520,high_quality,false,false,diagnostic_only,both,true,none,true,diagnostic_adjacent_detected,required_light,false,false,LONG,6,false,false,2,2025.09.12 08:45:00,2025.09.12 10:30:00,4,5.4475,0.00000000,1.35588000,1.35588000,false,false,none,0.00000000,false,0.0000,0.0000,false,1,0.0000,false,-1,0.00000000,0.0000,off,false,not_evaluated,none,0.0000,0.0000,none,false,false,false,0.0000,none,false,none,0.0000,false,none,2.7782,2.8690,0.9684,2.5785,false,no_shrink,0.0000,none,none,false,false,none,0.0000,0.0000,0.0000,0.0000,none,false,false,0.0000,0.0000,false,false,-1,none,none,false,0.000,0.000,1.35646000,1.35620000,1.35620000,top_context_confirmed_swing_low,0.00019000,0.2289,neckline_level,1.35646000,0.1271,false,true,true,false,not_blocked,7,6,1,m5_failure_exit,off,none,0.00000000,0.0000,1.30,1.35531000,4.500,-0.300,0.200,PERIOD_M15,1.35599000,1.35441000,1.2532,outside,0.000,true,1.35639000,1.35722000,0.00083000,1.35531000,1.301,0.00055071,20.00,30-60,true,false,none,blocked_spread_too_high,4.800,4.800,none,0.0000,false,opposite_break_first,true,opposite_break_first,spread_too_high
2025.09.12 17:05:00,signal,session_reversal_pullback_one_symbol_first120,GBPUSD,LONG,2025.09.12 17:00:00,17,14,23,london_newyork_overlap,2025.09.12 13:00,60,first_120min,false,true,3,GBPUSD,highest_score_in_session_bar,london_newyork_overlap=USDJPY|EURJPY|GBPJPY|AUDJPY|EURUSD|GBPUSD,existing_first120_gate,london_newyork_overlap,false,false,true,passed_first_window,inverse_head_and_shoulders,neckline_break_retest,1.35454000,PERIOD_M5,PERIOD_H1,PERIOD_M15,PERIOD_M5,PERIOD_M5,false,htf_soft_alignment,current_post_filter,transcript_post_filter,dow_range_or_transition,structure_trend_bias_dow_trend_down_ll_lh,dow_range_or_transition,structure_trend_bias_dow_trend_down_ll_lh,false,true,false,LONG,PERIOD_M5,inverse_head_and_shoulders,inverse_head_and_shoulders,4.500,none,0.000,inverse_head_and_shoulders,4.500,none,0.000,LONG,false,PERIOD_H1_NONE_dow_range_or_transition|PERIOD_M15_SHORT_structure_trend_bias_dow_trend_down_ll_lh,true,h1_counter_m15_reversal,true,top_NONE_dow_range_or_transition|structure_SHORT_structure_trend_bias_dow_trend_down_ll_lh|structure_break_recent_confirmed_swing_break_failed|primary_break_recent_confirmed_swing_break_continuation,none,above_75sma_flat_or_falling,below_75sma_falling,above_75sma_flat_or_falling,-1,0.00000000,0,1.35410000,false,off,NONE,NONE,0.00000000,0.00000000,0.0000,none,0.000,true,LONG,return_high_break_or_bos_up,1.35599000,24,1.35619000,1.35233000,false,off,independent,false,,,false,0.0000,none,0.0000,0.0000,none,0.0000,0.0000,0.0000,none,0.0000,0,0,0.0000,none,none,none,none,0.0000,0,0.0000,none,false,true,not_evaluated,true,required_light_or_anchor_flip,short_bias,1.35441000,2025.09.12 09:30:00,1.35619000,2025.09.12 14:00:00,2025.09.12 15:30:00,false,NONE,0.00000000,0.00000000,0.0000,-1,false,,-1,NONE,0.00000000,0.00000000,0.0000,0.0000,none,,none,false,NONE,-1,-1,-1,false,false,none,false,true,false,true,none,true,required,false,PERIOD_M5,,,-1,0.0000,false,0.00000000,0.0000,false,0.0000,false,none,none,false,no_anchor_flip_in_entry_direction,true,required_first_signal_only,LONG,unknown,0.00000000,,0.00000000,,false,,-1,false,NONE,0.00000000,,0.00000000,0.0000,0.0000,none,-1,false,false,false,no_anchor_flip_in_entry_direction,,,,false,false,false,-1,-1,-1,-1,-1,false,false,false,0.0000,falling_n,false,1.35741000,1.35233000,6.1363,false,0.0000,0.0000,0,none,true,0.2181,no_fib,0.000,diagnostic_only,diagnostic_only,diagnostic_only,fib_pullback,5,0.240,true,none,0.390,high_quality,false,false,diagnostic_only,both,true,none,true,diagnostic_adjacent_detected,required_light,false,false,SHORT,2,false,false,0,,,-1,0.0000,0.00000000,0.00000000,0.00000000,false,false,none,0.00000000,false,0.0000,0.0000,false,1,0.0000,false,-1,0.00000000,0.0000,off,false,not_evaluated,none,0.0000,0.0000,none,false,false,false,0.0000,none,false,none,0.0000,false,none,0.0000,0.0000,0.0000,0.0000,false,none,0.0000,none,none,false,false,none,0.0000,0.0000,0.0000,0.0000,none,false,false,0.0000,0.0000,false,false,-1,none,none,false,0.000,0.000,1.35573000,1.35539000,1.35619000,structure_confirmed_swing_high,0.00049000,0.3025,session_high|opening_range_high|neckline_level,1.35573000,0.0557,false,true,false,false,not_blocked,3,3,0,m5_failure_exit,off,none,0.00000000,0.0000,1.30,1.35780000,4.500,-0.300,0.200,PERIOD_M15,1.35619000,1.35233000,0.1269,outside,0.000,true,1.35570000,1.35408000,0.00162000,1.35780000,1.296,0.00053857,20.00,60-90,true,false,none,not_consumed,4.800,4.800,none,0.0000,false,opposite_break_first,true,opposite_break_first,spread_too_high
2025.09.12 17:05:00,blocked,session_reversal_pullback_one_symbol_first120,GBPUSD,LONG,2025.09.12 17:00:00,17,14,23,london_newyork_overlap,2025.09.12 13:00,60,first_120min,false,true,3,GBPUSD,highest_score_in_session_bar,london_newyork_overlap=USDJPY|EURJPY|GBPJPY|AUDJPY|EURUSD|GBPUSD,existing_first120_gate,london_newyork_overlap,false,false,true,passed_first_window,inverse_head_and_shoulders,neckline_break_retest,1.35454000,PERIOD_M5,PERIOD_H1,PERIOD_M15,PERIOD_M5,PERIOD_M5,false,htf_soft_alignment,current_post_filter,transcript_post_filter,dow_range_or_transition,structure_trend_bias_dow_trend_down_ll_lh,dow_range_or_transition,structure_trend_bias_dow_trend_down_ll_lh,false,true,false,LONG,PERIOD_M5,inverse_head_and_shoulders,inverse_head_and_shoulders,4.500,none,0.000,inverse_head_and_shoulders,4.500,none,0.000,LONG,false,PERIOD_H1_NONE_dow_range_or_transition|PERIOD_M15_SHORT_structure_trend_bias_dow_trend_down_ll_lh,true,h1_counter_m15_reversal,true,top_NONE_dow_range_or_transition|structure_SHORT_structure_trend_bias_dow_trend_down_ll_lh|structure_break_recent_confirmed_swing_break_failed|primary_break_recent_confirmed_swing_break_continuation,none,above_75sma_flat_or_falling,below_75sma_falling,above_75sma_flat_or_falling,-1,0.00000000,0,1.35410000,false,off,NONE,NONE,0.00000000,0.00000000,0.0000,none,0.000,true,LONG,return_high_break_or_bos_up,1.35599000,24,1.35619000,1.35233000,false,off,independent,false,,,false,0.0000,none,0.0000,0.0000,none,0.0000,0.0000,0.0000,none,0.0000,0,0,0.0000,none,none,none,none,0.0000,0,0.0000,none,false,true,not_evaluated,true,required_light_or_anchor_flip,short_bias,1.35441000,2025.09.12 09:30:00,1.35619000,2025.09.12 14:00:00,2025.09.12 15:30:00,false,NONE,0.00000000,0.00000000,0.0000,-1,false,,-1,NONE,0.00000000,0.00000000,0.0000,0.0000,none,,none,false,NONE,-1,-1,-1,false,false,none,false,true,false,true,none,true,required,false,PERIOD_M5,,,-1,0.0000,false,0.00000000,0.0000,false,0.0000,false,none,none,false,no_anchor_flip_in_entry_direction,true,required_first_signal_only,LONG,unknown,0.00000000,,0.00000000,,false,,-1,false,NONE,0.00000000,,0.00000000,0.0000,0.0000,none,-1,false,false,false,no_anchor_flip_in_entry_direction,,,,false,false,false,-1,-1,-1,-1,-1,false,false,false,0.0000,falling_n,false,1.35741000,1.35233000,6.1363,false,0.0000,0.0000,0,none,true,0.2181,no_fib,0.000,diagnostic_only,diagnostic_only,diagnostic_only,fib_pullback,5,0.240,true,none,0.390,high_quality,false,false,diagnostic_only,both,true,none,true,diagnostic_adjacent_detected,required_light,false,false,SHORT,2,false,false,0,,,-1,0.0000,0.00000000,0.00000000,0.00000000,false,false,none,0.00000000,false,0.0000,0.0000,false,1,0.0000,false,-1,0.00000000,0.0000,off,false,not_evaluated,none,0.0000,0.0000,none,false,false,false,0.0000,none,false,none,0.0000,false,none,0.0000,0.0000,0.0000,0.0000,false,none,0.0000,none,none,false,false,none,0.0000,0.0000,0.0000,0.0000,none,false,false,0.0000,0.0000,false,false,-1,none,none,false,0.000,0.000,1.35573000,1.35539000,1.35619000,structure_confirmed_swing_high,0.00049000,0.3025,session_high|opening_range_high|neckline_level,1.35573000,0.0557,false,true,false,false,not_blocked,3,3,0,m5_failure_exit,off,none,0.00000000,0.0000,1.30,1.35780000,4.500,-0.300,0.200,PERIOD_M15,1.35619000,1.35233000,0.1269,outside,0.000,true,1.35570000,1.35408000,0.00162000,1.35780000,1.296,0.00053857,20.00,60-90,true,false,none,blocked_spread_too_high,4.800,4.800,none,0.0000,false,opposite_break_first,true,opposite_break_first,spread_too_high
2025.09.12 19:25:00,signal,session_reversal_pullback_one_symbol_first120,GBPUSD,SHORT,2025.09.12 19:20:00,19,16,1,new_york,2025.09.12 16:00,20,first_120min,true,true,3,GBPUSD,highest_score_in_session_bar,new_york=USDJPY|EURJPY|GBPJPY|AUDJPY|EURUSD|GBPUSD,existing_first120_gate,new_york,true,false,true,passed_first_window,double_top,neckline_break_retest,1.35507000,PERIOD_M5,PERIOD_H1,PERIOD_M15,PERIOD_M5,PERIOD_M5,false,htf_soft_alignment,current_post_filter,transcript_post_filter,dow_range_or_transition,no_ordered_dow_wave3_break,dow_range_or_transition,no_ordered_dow_wave3_break,false,false,true,SHORT,PERIOD_M5,double_top,double_top,4.200,none,0.000,double_top,4.200,none,0.000,SHORT,false,PERIOD_H1_NONE_dow_range_or_transition|PERIOD_M15_NONE_no_ordered_dow_wave3_break,true,h1_counter_m15_reversal,true,top_NONE_dow_range_or_transition|structure_NONE_no_ordered_dow_wave3_break|structure_break_recent_confirmed_swing_break_retest|primary_break_recent_confirmed_swing_break_retest,none,above_75sma_flat_or_falling,below_75sma_falling,above_75sma_flat_or_falling,0,1.35441000,0,1.35507000,false,off,NONE,NONE,0.00000000,0.00000000,0.0000,none,0.000,true,SHORT,return_low_break_or_bos_down,1.35441000,0,1.35688000,1.35233000,false,off,independent,false,,,false,0.0000,none,0.0000,0.0000,none,0.0000,0.0000,0.0000,none,0.0000,0,0,0.0000,none,none,none,none,0.0000,0,0.0000,none,false,true,not_evaluated,true,required_light_or_anchor_flip,long_bias,1.35233000,2025.09.12 15:30:00,1.35619000,2025.09.12 14:00:00,2025.09.12 17:15:00,false,NONE,0.00000000,0.00000000,0.0000,-1,false,,-1,NONE,0.00000000,0.00000000,0.0000,0.0000,none,,none,false,NONE,-1,-1,-1,false,false,none,false,true,false,true,none,true,required,false,PERIOD_M5,,,-1,0.0000,false,0.00000000,0.0000,false,0.0000,false,none,none,false,no_anchor_flip_in_entry_direction,true,required_first_signal_only,SHORT,unknown,0.00000000,,0.00000000,,false,,-1,false,NONE,0.00000000,,0.00000000,0.0000,0.0000,none,-1,false,false,false,no_anchor_flip_in_entry_direction,,,,false,false,false,-1,-1,-1,-1,-1,false,false,false,0.0000,range_n,true,1.35741000,1.35233000,5.1055,false,0.0000,0.0000,0,none,true,0.5868,preferred_382_618,0.200,diagnostic_only,diagnostic_only,diagnostic_only,shallow_pullback,7,0.440,true,none,0.590,high_quality,false,false,diagnostic_only,both,true,none,true,diagnostic_adjacent_detected,required_light,false,false,LONG,3,false,false,0,,,-1,0.0000,0.00000000,0.00000000,0.00000000,false,false,none,0.00000000,false,0.0000,0.0000,false,1,0.0000,false,-1,0.00000000,0.0000,off,false,not_evaluated,none,0.0000,0.0000,none,false,false,false,0.0000,none,false,none,0.0000,false,none,0.0000,0.0000,0.0000,0.0000,false,none,0.0000,none,none,false,false,none,0.0000,0.0000,0.0000,0.0000,none,false,false,0.0000,0.0000,false,false,-1,none,none,false,0.000,0.000,1.35505000,1.35468500,1.35468500,price_congestion_zone,0.00031500,0.2944,neckline_level,1.35507000,0.1524,false,true,true,false,not_blocked,10,4,6,m5_failure_exit,off,none,0.00000000,0.0000,1.30,1.35361000,4.200,-0.300,0.200,PERIOD_M15,1.35688000,1.35233000,0.5868,preferred_382_618,0.000,true,1.35500000,1.35607000,0.00107000,1.35361000,1.299,0.00045929,20.00,0-30,true,false,none,not_consumed,4.850,4.850,none,0.0000,false,opposite_break_first,true,opposite_break_first,spread_too_high
2025.09.12 19:25:00,blocked,session_reversal_pullback_one_symbol_first120,GBPUSD,SHORT,2025.09.12 19:20:00,19,16,1,new_york,2025.09.12 16:00,20,first_120min,true,true,3,GBPUSD,highest_score_in_session_bar,new_york=USDJPY|EURJPY|GBPJPY|AUDJPY|EURUSD|GBPUSD,existing_first120_gate,new_york,true,false,true,passed_first_window,double_top,neckline_break_retest,1.35507000,PERIOD_M5,PERIOD_H1,PERIOD_M15,PERIOD_M5,PERIOD_M5,false,htf_soft_alignment,current_post_filter,transcript_post_filter,dow_range_or_transition,no_ordered_dow_wave3_break,dow_range_or_transition,no_ordered_dow_wave3_break,false,false,true,SHORT,PERIOD_M5,double_top,double_top,4.200,none,0.000,double_top,4.200,none,0.000,SHORT,false,PERIOD_H1_NONE_dow_range_or_transition|PERIOD_M15_NONE_no_ordered_dow_wave3_break,true,h1_counter_m15_reversal,true,top_NONE_dow_range_or_transition|structure_NONE_no_ordered_dow_wave3_break|structure_break_recent_confirmed_swing_break_retest|primary_break_recent_confirmed_swing_break_retest,none,above_75sma_flat_or_falling,below_75sma_falling,above_75sma_flat_or_falling,0,1.35441000,0,1.35507000,false,off,NONE,NONE,0.00000000,0.00000000,0.0000,none,0.000,true,SHORT,return_low_break_or_bos_down,1.35441000,0,1.35688000,1.35233000,false,off,independent,false,,,false,0.0000,none,0.0000,0.0000,none,0.0000,0.0000,0.0000,none,0.0000,0,0,0.0000,none,none,none,none,0.0000,0,0.0000,none,false,true,not_evaluated,true,required_light_or_anchor_flip,long_bias,1.35233000,2025.09.12 15:30:00,1.35619000,2025.09.12 14:00:00,2025.09.12 17:15:00,false,NONE,0.00000000,0.00000000,0.0000,-1,false,,-1,NONE,0.00000000,0.00000000,0.0000,0.0000,none,,none,false,NONE,-1,-1,-1,false,false,none,false,true,false,true,none,true,required,false,PERIOD_M5,,,-1,0.0000,false,0.00000000,0.0000,false,0.0000,false,none,none,false,no_anchor_flip_in_entry_direction,true,required_first_signal_only,SHORT,unknown,0.00000000,,0.00000000,,false,,-1,false,NONE,0.00000000,,0.00000000,0.0000,0.0000,none,-1,false,false,false,no_anchor_flip_in_entry_direction,,,,false,false,false,-1,-1,-1,-1,-1,false,false,false,0.0000,range_n,true,1.35741000,1.35233000,5.1055,false,0.0000,0.0000,0,none,true,0.5868,preferred_382_618,0.200,diagnostic_only,diagnostic_only,diagnostic_only,shallow_pullback,7,0.440,true,none,0.590,high_quality,false,false,diagnostic_only,both,true,none,true,diagnostic_adjacent_detected,required_light,false,false,LONG,3,false,false,0,,,-1,0.0000,0.00000000,0.00000000,0.00000000,false,false,none,0.00000000,false,0.0000,0.0000,false,1,0.0000,false,-1,0.00000000,0.0000,off,false,not_evaluated,none,0.0000,0.0000,none,false,false,false,0.0000,none,false,none,0.0000,false,none,0.0000,0.0000,0.0000,0.0000,false,none,0.0000,none,none,false,false,none,0.0000,0.0000,0.0000,0.0000,none,false,false,0.0000,0.0000,false,false,-1,none,none,false,0.000,0.000,1.35505000,1.35468500,1.35468500,price_congestion_zone,0.00031500,0.2944,neckline_level,1.35507000,0.1524,false,true,true,false,not_blocked,10,4,6,m5_failure_exit,off,none,0.00000000,0.0000,1.30,1.35361000,4.200,-0.300,0.200,PERIOD_M15,1.35688000,1.35233000,0.5868,preferred_382_618,0.000,true,1.35500000,1.35607000,0.00107000,1.35361000,1.299,0.00045929,20.00,0-30,true,false,none,blocked_spread_too_high,4.850,4.850,none,0.0000,false,opposite_break_first,true,opposite_break_first,spread_too_high
2025.09.15 03:30:01,signal,session_reversal_pullback_one_symbol_first120,AUDJPY,SHORT,2025.09.15 03:25:00,3,0,9,tokyo,2025.09.15 00:00,25,first_120min,true,true,3,AUDJPY,highest_score_in_session_bar,tokyo=USDJPY|EURJPY|GBPJPY|AUDJPY,existing_first120_gate,tokyo,false,false,true,passed_first_window,double_top,neckline_break_retest,98.15500000,PERIOD_M5,PERIOD_H1,PERIOD_M15,PERIOD_M5,PERIOD_M5,false,htf_soft_alignment,current_post_filter,transcript_post_filter,dow_range_or_transition,structure_trend_bias_dow_trend_up_hh_hl,dow_range_or_transition,structure_trend_bias_dow_trend_up_hh_hl,false,false,true,SHORT,PERIOD_M5,double_top,double_top,4.200,none,0.000,double_top,4.200,none,0.000,SHORT,false,PERIOD_H1_NONE_dow_range_or_transition|PERIOD_M15_LONG_structure_trend_bias_dow_trend_up_hh_hl,true,h1_counter_m15_reversal,true,top_NONE_dow_range_or_transition|structure_LONG_structure_trend_bias_dow_trend_up_hh_hl|structure_break_recent_confirmed_swing_break_failed|primary_break_no_recent_confirmed_swing_break,none,above_75sma_rising,below_75sma_falling,below_75sma_flat_or_rising,-1,0.00000000,-1,0.00000000,false,off,NONE,NONE,0.00000000,0.00000000,0.0000,none,0.000,true,SHORT,return_low_break_or_bos_down,98.02800000,10,98.21800000,97.89600000,false,off,independent,false,,,false,0.0000,none,0.0000,0.0000,none,0.0000,0.0000,0.0000,none,0.0000,0,0,0.0000,none,none,none,none,0.0000,0,0.0000,none,false,true,not_evaluated,true,required_light_or_anchor_flip,long_bias,97.89600000,2025.09.15 00:45:00,98.18800000,2025.09.12 23:15:00,2025.09.15 01:00:00,false,NONE,0.00000000,0.00000000,0.0000,-1,false,,-1,NONE,0.00000000,0.00000000,0.0000,0.0000,none,,none,false,NONE,-1,-1,-1,false,false,none,false,true,false,true,none,true,required,false,PERIOD_M5,,,-1,0.0000,false,0.00000000,0.0000,false,0.0000,false,none,none,false,no_anchor_flip_in_entry_direction,true,required_first_signal_only,SHORT,unknown,0.00000000,,0.00000000,,false,,-1,false,NONE,0.00000000,,0.00000000,0.0000,0.0000,none,-1,false,false,false,no_anchor_flip_in_entry_direction,,,,false,false,false,-1,-1,-1,-1,-1,false,false,false,0.0000,rising_n,false,98.21800000,97.89600000,4.0286,false,0.0000,0.0000,0,none,true,0.6988,deep_618_786,0.120,diagnostic_only,diagnostic_only,diagnostic_only,deep_pullback,24,0.370,true,none,0.520,high_quality,false,false,diagnostic_only,both,true,none,true,diagnostic_adjacent_detected,required_light,false,false,LONG,5,false,false,1,2025.09.15 00:55:00,2025.09.15 03:05:00,4,12.3169,0.00000000,98.12200000,98.12200000,false,false,none,0.00000000,false,0.0000,0.0000,false,1,0.0000,false,-1,0.00000000,0.0000,off,false,not_evaluated,none,0.0000,0.0000,none,false,false,false,0.0000,none,false,none,0.0000,false,none,2.6393,12.3169,0.2143,0.0000,true,strong_exhaustion,0.0000,none,none,false,false,none,0.0000,0.0000,0.0000,0.0000,none,false,false,0.0000,0.0000,false,false,-1,none,none,false,0.000,0.000,98.12200000,98.02800000,0.00000000,none,0.00000000,0.0000,session_low|opening_range_low|neckline_level,98.12100000,0.0000,true,false,false,false,not_blocked,0,0,0,m5_failure_exit,off,none,0.00000000,0.0000,1.30,98.03600000,4.200,0.350,0.200,PERIOD_M15,98.21800000,98.12200000,-0.0104,outside,0.000,true,98.12100000,98.18700000,0.06600000,98.03600000,1.288,0.02614286,28.00,0-30,true,false,none,not_consumed,4.950,4.950,none,0.0000,false,neckline_retest_failed,false,not_invalidated,spread_too_high
2025.09.15 03:30:01,blocked,session_reversal_pullback_one_symbol_first120,AUDJPY,SHORT,2025.09.15 03:25:00,3,0,9,tokyo,2025.09.15 00:00,25,first_120min,true,true,3,AUDJPY,highest_score_in_session_bar,tokyo=USDJPY|EURJPY|GBPJPY|AUDJPY,existing_first120_gate,tokyo,false,false,true,passed_first_window,double_top,neckline_break_retest,98.15500000,PERIOD_M5,PERIOD_H1,PERIOD_M15,PERIOD_M5,PERIOD_M5,false,htf_soft_alignment,current_post_filter,transcript_post_filter,dow_range_or_transition,structure_trend_bias_dow_trend_up_hh_hl,dow_range_or_transition,structure_trend_bias_dow_trend_up_hh_hl,false,false,true,SHORT,PERIOD_M5,double_top,double_top,4.200,none,0.000,double_top,4.200,none,0.000,SHORT,false,PERIOD_H1_NONE_dow_range_or_transition|PERIOD_M15_LONG_structure_trend_bias_dow_trend_up_hh_hl,true,h1_counter_m15_reversal,true,top_NONE_dow_range_or_transition|structure_LONG_structure_trend_bias_dow_trend_up_hh_hl|structure_break_recent_confirmed_swing_break_failed|primary_break_no_recent_confirmed_swing_break,none,above_75sma_rising,below_75sma_falling,below_75sma_flat_or_rising,-1,0.00000000,-1,0.00000000,false,off,NONE,NONE,0.00000000,0.00000000,0.0000,none,0.000,true,SHORT,return_low_break_or_bos_down,98.02800000,10,98.21800000,97.89600000,false,off,independent,false,,,false,0.0000,none,0.0000,0.0000,none,0.0000,0.0000,0.0000,none,0.0000,0,0,0.0000,none,none,none,none,0.0000,0,0.0000,none,false,true,not_evaluated,true,required_light_or_anchor_flip,long_bias,97.89600000,2025.09.15 00:45:00,98.18800000,2025.09.12 23:15:00,2025.09.15 01:00:00,false,NONE,0.00000000,0.00000000,0.0000,-1,false,,-1,NONE,0.00000000,0.00000000,0.0000,0.0000,none,,none,false,NONE,-1,-1,-1,false,false,none,false,true,false,true,none,true,required,false,PERIOD_M5,,,-1,0.0000,false,0.00000000,0.0000,false,0.0000,false,none,none,false,no_anchor_flip_in_entry_direction,true,required_first_signal_only,SHORT,unknown,0.00000000,,0.00000000,,false,,-1,false,NONE,0.00000000,,0.00000000,0.0000,0.0000,none,-1,false,false,false,no_anchor_flip_in_entry_direction,,,,false,false,false,-1,-1,-1,-1,-1,false,false,false,0.0000,rising_n,false,98.21800000,97.89600000,4.0286,false,0.0000,0.0000,0,none,true,0.6988,deep_618_786,0.120,diagnostic_only,diagnostic_only,diagnostic_only,deep_pullback,24,0.370,true,none,0.520,high_quality,false,false,diagnostic_only,both,true,none,true,diagnostic_adjacent_detected,required_light,false,false,LONG,5,false,false,1,2025.09.15 00:55:00,2025.09.15 03:05:00,4,12.3169,0.00000000,98.12200000,98.12200000,false,false,none,0.00000000,false,0.0000,0.0000,false,1,0.0000,false,-1,0.00000000,0.0000,off,false,not_evaluated,none,0.0000,0.0000,none,false,false,false,0.0000,none,false,none,0.0000,false,none,2.6393,12.3169,0.2143,0.0000,true,strong_exhaustion,0.0000,none,none,false,false,none,0.0000,0.0000,0.0000,0.0000,none,false,false,0.0000,0.0000,false,false,-1,none,none,false,0.000,0.000,98.12200000,98.02800000,0.00000000,none,0.00000000,0.0000,session_low|opening_range_low|neckline_level,98.12100000,0.0000,true,false,false,false,not_blocked,0,0,0,m5_failure_exit,off,none,0.00000000,0.0000,1.30,98.03600000,4.200,0.350,0.200,PERIOD_M15,98.21800000,98.12200000,-0.0104,outside,0.000,true,98.12100000,98.18700000,0.06600000,98.03600000,1.288,0.02614286,28.00,0-30,true,false,none,blocked_spread_too_high,4.950,4.950,none,0.0000,false,neckline_retest_failed,false,not_invalidated,spread_too_high
2025.09.15 17:35:00,signal,session_reversal_pullback_one_symbol_first120,AUDJPY,LONG,2025.09.15 17:30:00,17,14,23,london_newyork_overlap,2025.09.15 13:00,90,first_120min,false,true,3,AUDJPY,highest_score_in_session_bar,london_newyork_overlap=USDJPY|EURJPY|GBPJPY|AUDJPY|EURUSD|GBPUSD,existing_first120_gate,london_newyork_overlap,false,false,true,passed_first_window,inverse_head_and_shoulders,neckline_break_retest,98.11800000,PERIOD_M5,PERIOD_H1,PERIOD_M15,PERIOD_M5,PERIOD_M5,false,htf_soft_alignment,current_post_filter,transcript_post_filter,dow_trend_down_ll_lh,structure_trend_bias_dow_trend_down_ll_lh,dow_trend_down_ll_lh,structure_trend_bias_dow_trend_down_ll_lh,false,true,true,LONG,PERIOD_M5,inverse_head_and_shoulders,inverse_head_and_shoulders,4.500,none,0.000,inverse_head_and_shoulders,4.500,none,0.000,LONG,true,PERIOD_H1_SHORT_dow_trend_down_ll_lh|PERIOD_M15_SHORT_structure_trend_bias_dow_trend_down_ll_lh,true,h1_counter_m15_reversal,true,top_SHORT_dow_trend_down_ll_lh|structure_SHORT_structure_trend_bias_dow_trend_down_ll_lh|structure_break_recent_confirmed_swing_break_retest|primary_break_recent_confirmed_swing_break_failed,none,above_75sma_rising,above_75sma_rising,below_75sma_falling,8,98.18800000,-1,0.00000000,false,off,NONE,NONE,0.00000000,0.00000000,0.0000,none,0.000,true,LONG,return_high_break_or_bos_up,98.18800000,8,98.23200000,98.03800000,false,off,independent,false,,,false,0.0000,none,0.0000,0.0000,none,0.0000,0.0000,0.0000,none,0.0000,0,0,0.0000,none,none,none,none,0.0000,0,0.0000,none,false,true,not_evaluated,true,required_light_or_anchor_flip,short_bias,98.15000000,2025.09.15 08:15:00,98.27100000,2025.09.15 10:45:00,2025.09.15 13:00:00,false,NONE,0.00000000,0.00000000,0.0000,-1,false,,-1,NONE,0.00000000,0.00000000,0.0000,0.0000,none,,none,false,NONE,-1,-1,-1,false,false,none,false,true,false,true,none,true,required,false,PERIOD_M5,,,-1,0.0000,false,0.00000000,0.0000,false,0.0000,false,none,none,false,no_anchor_flip_in_entry_direction,true,required_first_signal_only,LONG,unknown,0.00000000,,0.00000000,,false,,-1,false,NONE,0.00000000,,0.00000000,0.0000,0.0000,none,-1,false,false,false,no_anchor_flip_in_entry_direction,,,,false,false,false,-1,-1,-1,-1,-1,false,false,false,0.0000,falling_n,false,98.27800000,98.03800000,4.0580,false,0.0000,0.0000,0,none,true,0.4433,preferred_382_618,0.200,diagnostic_only,diagnostic_only,diagnostic_only,shallow_pullback,24,0.450,true,none,0.600,high_quality,false,false,diagnostic_only,both,true,none,true,diagnostic_adjacent_detected,required_light,false,false,SHORT,6,false,false,2,2025.09.15 15:15:00,2025.09.15 17:00:00,6,4.2998,98.14700000,0.00000000,98.14700000,true,true,m5_lh_close_break_up,98.14700000,true,0.8958,0.8958,true,1,0.7166,false,1,98.14700000,0.7166,off,false,not_evaluated,none,0.9000,0.1000,very_strong,false,true,true,0.7166,failed_1bar,true,back_inside,0.0000,false,weak_retest,2.4570,3.5832,0.6857,0.7166,false,mild_exhaustion,0.0000,none,none,false,false,none,0.0000,0.0000,0.0000,0.0000,none,false,false,0.0000,0.0000,false,false,-1,none,none,false,0.000,0.000,98.14800000,98.13600000,98.14800000,recent_rejection_zone,0.00200000,0.0235,neckline_level,98.11800000,0.7166,false,true,true,false,not_blocked,7,5,2,m5_failure_exit,off,none,0.00000000,0.0000,1.30,98.25700000,4.500,-0.300,0.200,PERIOD_M15,98.21900000,98.06200000,0.4650,preferred_382_618,0.000,true,98.14600000,98.06100000,0.08500000,98.25700000,1.306,0.03907143,28.00,90-120,true,false,none,not_consumed,4.950,4.950,none,0.0000,false,opposite_break_first,true,opposite_break_first,spread_too_high
2025.09.15 17:35:00,blocked,session_reversal_pullback_one_symbol_first120,AUDJPY,LONG,2025.09.15 17:30:00,17,14,23,london_newyork_overlap,2025.09.15 13:00,90,first_120min,false,true,3,AUDJPY,highest_score_in_session_bar,london_newyork_overlap=USDJPY|EURJPY|GBPJPY|AUDJPY|EURUSD|GBPUSD,existing_first120_gate,london_newyork_overlap,false,false,true,passed_first_window,inverse_head_and_shoulders,neckline_break_retest,98.11800000,PERIOD_M5,PERIOD_H1,PERIOD_M15,PERIOD_M5,PERIOD_M5,false,htf_soft_alignment,current_post_filter,transcript_post_filter,dow_trend_down_ll_lh,structure_trend_bias_dow_trend_down_ll_lh,dow_trend_down_ll_lh,structure_trend_bias_dow_trend_down_ll_lh,false,true,true,LONG,PERIOD_M5,inverse_head_and_shoulders,inverse_head_and_shoulders,4.500,none,0.000,inverse_head_and_shoulders,4.500,none,0.000,LONG,true,PERIOD_H1_SHORT_dow_trend_down_ll_lh|PERIOD_M15_SHORT_structure_trend_bias_dow_trend_down_ll_lh,true,h1_counter_m15_reversal,true,top_SHORT_dow_trend_down_ll_lh|structure_SHORT_structure_trend_bias_dow_trend_down_ll_lh|structure_break_recent_confirmed_swing_break_retest|primary_break_recent_confirmed_swing_break_failed,none,above_75sma_rising,above_75sma_rising,below_75sma_falling,8,98.18800000,-1,0.00000000,false,off,NONE,NONE,0.00000000,0.00000000,0.0000,none,0.000,true,LONG,return_high_break_or_bos_up,98.18800000,8,98.23200000,98.03800000,false,off,independent,false,,,false,0.0000,none,0.0000,0.0000,none,0.0000,0.0000,0.0000,none,0.0000,0,0,0.0000,none,none,none,none,0.0000,0,0.0000,none,false,true,not_evaluated,true,required_light_or_anchor_flip,short_bias,98.15000000,2025.09.15 08:15:00,98.27100000,2025.09.15 10:45:00,2025.09.15 13:00:00,false,NONE,0.00000000,0.00000000,0.0000,-1,false,,-1,NONE,0.00000000,0.00000000,0.0000,0.0000,none,,none,false,NONE,-1,-1,-1,false,false,none,false,true,false,true,none,true,required,false,PERIOD_M5,,,-1,0.0000,false,0.00000000,0.0000,false,0.0000,false,none,none,false,no_anchor_flip_in_entry_direction,true,required_first_signal_only,LONG,unknown,0.00000000,,0.00000000,,false,,-1,false,NONE,0.00000000,,0.00000000,0.0000,0.0000,none,-1,false,false,false,no_anchor_flip_in_entry_direction,,,,false,false,false,-1,-1,-1,-1,-1,false,false,false,0.0000,falling_n,false,98.27800000,98.03800000,4.0580,false,0.0000,0.0000,0,none,true,0.4433,preferred_382_618,0.200,diagnostic_only,diagnostic_only,diagnostic_only,shallow_pullback,24,0.450,true,none,0.600,high_quality,false,false,diagnostic_only,both,true,none,true,diagnostic_adjacent_detected,required_light,false,false,SHORT,6,false,false,2,2025.09.15 15:15:00,2025.09.15 17:00:00,6,4.2998,98.14700000,0.00000000,98.14700000,true,true,m5_lh_close_break_up,98.14700000,true,0.8958,0.8958,true,1,0.7166,false,1,98.14700000,0.7166,off,false,not_evaluated,none,0.9000,0.1000,very_strong,false,true,true,0.7166,failed_1bar,true,back_inside,0.0000,false,weak_retest,2.4570,3.5832,0.6857,0.7166,false,mild_exhaustion,0.0000,none,none,false,false,none,0.0000,0.0000,0.0000,0.0000,none,false,false,0.0000,0.0000,false,false,-1,none,none,false,0.000,0.000,98.14800000,98.13600000,98.14800000,recent_rejection_zone,0.00200000,0.0235,neckline_level,98.11800000,0.7166,false,true,true,false,not_blocked,7,5,2,m5_failure_exit,off,none,0.00000000,0.0000,1.30,98.25700000,4.500,-0.300,0.200,PERIOD_M15,98.21900000,98.06200000,0.4650,preferred_382_618,0.000,true,98.14600000,98.06100000,0.08500000,98.25700000,1.306,0.03907143,28.00,90-120,true,false,none,blocked_spread_too_high,4.950,4.950,none,0.0000,false,opposite_break_first,true,opposite_break_first,spread_too_high
2025.09.16 16:15:00,signal,session_reversal_pullback_one_symbol_first120,AUDJPY,SHORT,2025.09.16 16:10:00,16,13,22,london_newyork_overlap,2025.09.16 13:00,10,first_120min,true,true,3,AUDJPY,highest_score_in_session_bar,london_newyork_overlap=USDJPY|EURJPY|GBPJPY|AUDJPY|EURUSD|GBPUSD,existing_first120_gate,london_newyork_overlap,false,false,true,passed_first_window,double_top,neckline_break_retest,98.05100000,PERIOD_M5,PERIOD_H1,PERIOD_M15,PERIOD_M5,PERIOD_M5,false,htf_soft_alignment,current_post_filter,transcript_post_filter,dow_range_or_transition,no_ordered_dow_wave3_break,dow_range_or_transition,no_ordered_dow_wave3_break,false,true,true,SHORT,PERIOD_M5,double_top,double_top,4.200,none,0.000,double_top,4.200,none,0.000,SHORT,false,PERIOD_H1_NONE_dow_range_or_transition|PERIOD_M15_NONE_no_ordered_dow_wave3_break,true,h1_counter_m15_reversal,true,top_NONE_dow_range_or_transition|structure_NONE_no_ordered_dow_wave3_break|structure_break_recent_confirmed_swing_break_failed|primary_break_recent_confirmed_swing_break_retest,none,below_75sma_flat_or_rising,below_75sma_falling,above_75sma_rising,-1,0.00000000,1,98.04400000,false,off,NONE,NONE,0.00000000,0.00000000,0.0000,none,0.000,true,SHORT,return_low_break_or_bos_down,97.89000000,21,98.10700000,97.79500000,false,off,independent,false,,,false,0.0000,none,0.0000,0.0000,none,0.0000,0.0000,0.0000,none,0.0000,0,0,0.0000,none,none,none,none,0.0000,0,0.0000,none,false,true,not_evaluated,true,required_light_or_anchor_flip,long_bias,97.93300000,2025.09.16 12:45:00,98.01500000,2025.09.16 08:45:00,2025.09.16 14:30:00,false,NONE,0.00000000,0.00000000,0.0000,-1,false,,-1,NONE,0.00000000,0.00000000,0.0000,0.0000,none,,none,false,NONE,-1,-1,-1,false,false,none,false,true,false,true,none,true,required,false,PERIOD_M5,,,-1,0.0000,false,0.00000000,0.0000,false,0.0000,false,none,none,false,no_anchor_flip_in_entry_direction,true,required_first_signal_only,SHORT,unknown,0.00000000,,0.00000000,,false,,-1,false,NONE,0.00000000,,0.00000000,0.0000,0.0000,none,-1,false,false,false,no_anchor_flip_in_entry_direction,,,,false,false,false,-1,-1,-1,-1,-1,false,false,false,0.0000,rising_n,false,98.10700000,97.79500000,6.0165,false,0.0000,0.0000,0,none,true,0.7864,too_deep,0.000,diagnostic_only,diagnostic_only,diagnostic_only,deep_pullback,6,0.240,true,none,0.390,high_quality,false,false,diagnostic_only,both,true,none,true,diagnostic_adjacent_detected,required_light,false,false,LONG,3,false,false,0,,,-1,0.0000,0.00000000,0.00000000,0.00000000,false,false,none,0.00000000,false,0.0000,0.0000,false,1,0.0000,false,-1,0.00000000,0.0000,off,false,not_evaluated,none,0.0000,0.0000,none,false,false,false,0.0000,none,false,none,0.0000,false,none,0.0000,0.0000,0.0000,0.0000,false,none,0.0000,none,none,false,false,none,0.0000,0.0000,0.0000,0.0000,none,false,false,0.0000,0.0000,false,false,-1,none,none,false,0.000,0.000,98.05100000,98.04450000,98.04450000,recent_equal_lows,0.00450000,0.0600,neckline_level,98.05100000,0.0556,false,true,true,false,not_blocked,6,3,3,m5_failure_exit,off,none,0.00000000,0.0000,1.30,97.95100000,4.200,-0.300,0.200,PERIOD_M15,98.10700000,97.79500000,0.8141,outside,0.000,true,98.04900000,98.12400000,0.07500000,97.95100000,1.307,0.03600000,28.00,0-30,true,false,none,not_consumed,4.500,4.500,none,0.0000,false,neckline_retest_failed,false,not_invalidated,spread_too_high
2025.09.16 16:15:00,blocked,session_reversal_pullback_one_symbol_first120,AUDJPY,SHORT,2025.09.16 16:10:00,16,13,22,london_newyork_overlap,2025.09.16 13:00,10,first_120min,true,true,3,AUDJPY,highest_score_in_session_bar,london_newyork_overlap=USDJPY|EURJPY|GBPJPY|AUDJPY|EURUSD|GBPUSD,existing_first120_gate,london_newyork_overlap,false,false,true,passed_first_window,double_top,neckline_break_retest,98.05100000,PERIOD_M5,PERIOD_H1,PERIOD_M15,PERIOD_M5,PERIOD_M5,false,htf_soft_alignment,current_post_filter,transcript_post_filter,dow_range_or_transition,no_ordered_dow_wave3_break,dow_range_or_transition,no_ordered_dow_wave3_break,false,true,true,SHORT,PERIOD_M5,double_top,double_top,4.200,none,0.000,double_top,4.200,none,0.000,SHORT,false,PERIOD_H1_NONE_dow_range_or_transition|PERIOD_M15_NONE_no_ordered_dow_wave3_break,true,h1_counter_m15_reversal,true,top_NONE_dow_range_or_transition|structure_NONE_no_ordered_dow_wave3_break|structure_break_recent_confirmed_swing_break_failed|primary_break_recent_confirmed_swing_break_retest,none,below_75sma_flat_or_rising,below_75sma_falling,above_75sma_rising,-1,0.00000000,1,98.04400000,false,off,NONE,NONE,0.00000000,0.00000000,0.0000,none,0.000,true,SHORT,return_low_break_or_bos_down,97.89000000,21,98.10700000,97.79500000,false,off,independent,false,,,false,0.0000,none,0.0000,0.0000,none,0.0000,0.0000,0.0000,none,0.0000,0,0,0.0000,none,none,none,none,0.0000,0,0.0000,none,false,true,not_evaluated,true,required_light_or_anchor_flip,long_bias,97.93300000,2025.09.16 12:45:00,98.01500000,2025.09.16 08:45:00,2025.09.16 14:30:00,false,NONE,0.00000000,0.00000000,0.0000,-1,false,,-1,NONE,0.00000000,0.00000000,0.0000,0.0000,none,,none,false,NONE,-1,-1,-1,false,false,none,false,true,false,true,none,true,required,false,PERIOD_M5,,,-1,0.0000,false,0.00000000,0.0000,false,0.0000,false,none,none,false,no_anchor_flip_in_entry_direction,true,required_first_signal_only,SHORT,unknown,0.00000000,,0.00000000,,false,,-1,false,NONE,0.00000000,,0.00000000,0.0000,0.0000,none,-1,false,false,false,no_anchor_flip_in_entry_direction,,,,false,false,false,-1,-1,-1,-1,-1,false,false,false,0.0000,rising_n,false,98.10700000,97.79500000,6.0165,false,0.0000,0.0000,0,none,true,0.7864,too_deep,0.000,diagnostic_only,diagnostic_only,diagnostic_only,deep_pullback,6,0.240,true,none,0.390,high_quality,false,false,diagnostic_only,both,true,none,true,diagnostic_adjacent_detected,required_light,false,false,LONG,3,false,false,0,,,-1,0.0000,0.00000000,0.00000000,0.00000000,false,false,none,0.00000000,false,0.0000,0.0000,false,1,0.0000,false,-1,0.00000000,0.0000,off,false,not_evaluated,none,0.0000,0.0000,none,false,false,false,0.0000,none,false,none,0.0000,false,none,0.0000,0.0000,0.0000,0.0000,false,none,0.0000,none,none,false,false,none,0.0000,0.0000,0.0000,0.0000,none,false,false,0.0000,0.0000,false,false,-1,none,none,false,0.000,0.000,98.05100000,98.04450000,98.04450000,recent_equal_lows,0.00450000,0.0600,neckline_level,98.05100000,0.0556,false,true,true,false,not_blocked,6,3,3,m5_failure_exit,off,none,0.00000000,0.0000,1.30,97.95100000,4.200,-0.300,0.200,PERIOD_M15,98.10700000,97.79500000,0.8141,outside,0.000,true,98.04900000,98.12400000,0.07500000,97.95100000,1.307,0.03600000,28.00,0-30,true,false,none,blocked_spread_too_high,4.500,4.500,none,0.0000,false,neckline_retest_failed,false,not_invalidated,spread_too_high
2025.09.17 03:05:00,signal,session_reversal_pullback_one_symbol_first120,EURJPY,SHORT,2025.09.17 03:00:00,3,0,9,tokyo,2025.09.17 00:00,0,first_120min,true,true,3,EURJPY,highest_score_in_session_bar,tokyo=USDJPY|EURJPY|GBPJPY|AUDJPY,existing_first120_gate,tokyo,false,false,true,passed_first_window,double_top,neckline_break_retest,173.80400000,PERIOD_M5,PERIOD_H1,PERIOD_M15,PERIOD_M5,PERIOD_M5,false,htf_soft_alignment,current_post_filter,transcript_post_filter,dow_range_or_transition,no_ordered_dow_wave3_break,dow_range_or_transition,no_ordered_dow_wave3_break,false,false,true,SHORT,PERIOD_M5,double_top,double_top,4.200,none,0.000,double_top,4.200,none,0.000,SHORT,false,PERIOD_H1_NONE_dow_range_or_transition|PERIOD_M15_NONE_no_ordered_dow_wave3_break,true,h1_counter_m15_reversal,true,top_NONE_dow_range_or_transition|structure_NONE_no_ordered_dow_wave3_break|structure_break_recent_confirmed_swing_break_failed|primary_break_recent_confirmed_swing_break_retest,none,above_75sma_rising,above_75sma_rising,below_75sma_flat_or_rising,-1,0.00000000,0,173.77100000,false,off,NONE,NONE,0.00000000,0.00000000,0.0000,none,0.000,true,SHORT,return_low_break_or_bos_down,173.58100000,11,173.83700000,173.54900000,false,off,independent,false,,,false,0.0000,none,0.0000,0.0000,none,0.0000,0.0000,0.0000,none,0.0000,0,0,0.0000,none,none,none,none,0.0000,0,0.0000,none,false,true,not_evaluated,true,required_light_or_anchor_flip,long_bias,173.54900000,2025.09.17 00:15:00,173.81000000,2025.09.16 23:30:00,2025.09.17 02:00:00,false,NONE,0.00000000,0.00000000,0.0000,-1,false,,-1,NONE,0.00000000,0.00000000,0.0000,0.0000,none,,none,false,NONE,-1,-1,-1,false,false,none,false,true,false,true,none,true,required,false,PERIOD_M5,,,-1,0.0000,false,0.00000000,0.0000,false,0.0000,false,none,none,false,no_anchor_flip_in_entry_direction,true,required_first_signal_only,SHORT,unknown,0.00000000,,0.00000000,,false,,-1,false,NONE,0.00000000,,0.00000000,0.0000,0.0000,none,-1,false,false,false,no_anchor_flip_in_entry_direction,,,,false,false,false,-1,-1,-1,-1,-1,false,false,false,0.0000,range_n,true,173.83700000,173.54900000,3.4789,false,0.0000,0.0000,0,none,true,0.5243,preferred_382_618,0.200,diagnostic_only,diagnostic_only,diagnostic_only,fib_pullback,24,0.400,true,none,0.550,high_quality,false,false,diagnostic_only,both,true,none,true,diagnostic_adjacent_detected,required_light,false,false,LONG,5,false,false,0,2025.09.17 01:25:00,2025.09.17 02:35:00,5,2.8365,0.00000000,173.69700000,173.69700000,false,false,none,0.00000000,false,0.0000,0.0000,false,1,0.0000,false,-1,0.00000000,0.0000,off,false,not_evaluated,none,0.0000,0.0000,none,false,false,false,0.0000,none,false,none,0.0000,false,none,2.8365,1.2967,2.1875,0.0405,true,strong_exhaustion,0.0000,none,none,false,false,none,0.0000,0.0000,0.0000,0.0000,none,false,false,0.0000,0.0000,false,false,-1,none,none,false,0.000,0.000,173.70400000,173.69700000,173.69700000,pre_session_low,0.00300000,0.0214,neckline_level,173.80400000,2.1071,false,true,true,false,not_blocked,5,4,1,m5_failure_exit,off,none,0.00000000,0.0000,1.30,173.51800000,4.200,-0.300,0.200,PERIOD_M15,173.81000000,173.54900000,0.5785,preferred_382_618,0.000,true,173.70000000,173.84000000,0.14000000,173.51800000,1.300,0.04935714,30.00,0-30,true,false,none,not_consumed,4.500,4.500,none,0.0000,false,neckline_retest_failed,false,not_invalidated,spread_too_high
2025.09.17 03:05:00,blocked,session_reversal_pullback_one_symbol_first120,EURJPY,SHORT,2025.09.17 03:00:00,3,0,9,tokyo,2025.09.17 00:00,0,first_120min,true,true,3,EURJPY,highest_score_in_session_bar,tokyo=USDJPY|EURJPY|GBPJPY|AUDJPY,existing_first120_gate,tokyo,false,false,true,passed_first_window,double_top,neckline_break_retest,173.80400000,PERIOD_M5,PERIOD_H1,PERIOD_M15,PERIOD_M5,PERIOD_M5,false,htf_soft_alignment,current_post_filter,transcript_post_filter,dow_range_or_transition,no_ordered_dow_wave3_break,dow_range_or_transition,no_ordered_dow_wave3_break,false,false,true,SHORT,PERIOD_M5,double_top,double_top,4.200,none,0.000,double_top,4.200,none,0.000,SHORT,false,PERIOD_H1_NONE_dow_range_or_transition|PERIOD_M15_NONE_no_ordered_dow_wave3_break,true,h1_counter_m15_reversal,true,top_NONE_dow_range_or_transition|structure_NONE_no_ordered_dow_wave3_break|structure_break_recent_confirmed_swing_break_failed|primary_break_recent_confirmed_swing_break_retest,none,above_75sma_rising,above_75sma_rising,below_75sma_flat_or_rising,-1,0.00000000,0,173.77100000,false,off,NONE,NONE,0.00000000,0.00000000,0.0000,none,0.000,true,SHORT,return_low_break_or_bos_down,173.58100000,11,173.83700000,173.54900000,false,off,independent,false,,,false,0.0000,none,0.0000,0.0000,none,0.0000,0.0000,0.0000,none,0.0000,0,0,0.0000,none,none,none,none,0.0000,0,0.0000,none,false,true,not_evaluated,true,required_light_or_anchor_flip,long_bias,173.54900000,2025.09.17 00:15:00,173.81000000,2025.09.16 23:30:00,2025.09.17 02:00:00,false,NONE,0.00000000,0.00000000,0.0000,-1,false,,-1,NONE,0.00000000,0.00000000,0.0000,0.0000,none,,none,false,NONE,-1,-1,-1,false,false,none,false,true,false,true,none,true,required,false,PERIOD_M5,,,-1,0.0000,false,0.00000000,0.0000,false,0.0000,false,none,none,false,no_anchor_flip_in_entry_direction,true,required_first_signal_only,SHORT,unknown,0.00000000,,0.00000000,,false,,-1,false,NONE,0.00000000,,0.00000000,0.0000,0.0000,none,-1,false,false,false,no_anchor_flip_in_entry_direction,,,,false,false,false,-1,-1,-1,-1,-1,false,false,false,0.0000,range_n,true,173.83700000,173.54900000,3.4789,false,0.0000,0.0000,0,none,true,0.5243,preferred_382_618,0.200,diagnostic_only,diagnostic_only,diagnostic_only,fib_pullback,24,0.400,true,none,0.550,high_quality,false,false,diagnostic_only,both,true,none,true,diagnostic_adjacent_detected,required_light,false,false,LONG,5,false,false,0,2025.09.17 01:25:00,2025.09.17 02:35:00,5,2.8365,0.00000000,173.69700000,173.69700000,false,false,none,0.00000000,false,0.0000,0.0000,false,1,0.0000,false,-1,0.00000000,0.0000,off,false,not_evaluated,none,0.0000,0.0000,none,false,false,false,0.0000,none,false,none,0.0000,false,none,2.8365,1.2967,2.1875,0.0405,true,strong_exhaustion,0.0000,none,none,false,false,none,0.0000,0.0000,0.0000,0.0000,none,false,false,0.0000,0.0000,false,false,-1,none,none,false,0.000,0.000,173.70400000,173.69700000,173.69700000,pre_session_low,0.00300000,0.0214,neckline_level,173.80400000,2.1071,false,true,true,false,not_blocked,5,4,1,m5_failure_exit,off,none,0.00000000,0.0000,1.30,173.51800000,4.200,-0.300,0.200,PERIOD_M15,173.81000000,173.54900000,0.5785,preferred_382_618,0.000,true,173.70000000,173.84000000,0.14000000,173.51800000,1.300,0.04935714,30.00,0-30,true,false,none,blocked_spread_too_high,4.500,4.500,none,0.0000,false,neckline_retest_failed,false,not_invalidated,spread_too_high
2025.09.17 16:10:00,signal,session_reversal_pullback_one_symbol_first120,AUDJPY,SHORT,2025.09.17 16:05:00,16,13,22,london_newyork_overlap,2025.09.17 13:00,5,first_120min,true,true,3,AUDJPY,highest_score_in_session_bar,london_newyork_overlap=USDJPY|EURJPY|GBPJPY|AUDJPY|EURUSD|GBPUSD,existing_first120_gate,london_newyork_overlap,false,false,true,passed_first_window,double_top,neckline_break_retest,97.77600000,PERIOD_M5,PERIOD_H1,PERIOD_M15,PERIOD_M5,PERIOD_M5,false,htf_soft_alignment,current_post_filter,transcript_post_filter,dow_range_or_transition,structure_trend_bias_dow_trend_down_ll_lh,dow_range_or_transition,structure_trend_bias_dow_trend_down_ll_lh,false,false,true,SHORT,PERIOD_M5,double_top,double_top,4.200,none,0.000,double_top,4.200,none,0.000,SHORT,false,PERIOD_H1_NONE_dow_range_or_transition|PERIOD_M15_SHORT_structure_trend_bias_dow_trend_down_ll_lh,true,h1_counter_m15_reversal,true,top_NONE_dow_range_or_transition|structure_SHORT_structure_trend_bias_dow_trend_down_ll_lh|structure_break_recent_confirmed_swing_break_failed|primary_break_recent_confirmed_swing_break_retest,none,below_75sma_falling,below_75sma_falling,above_75sma_rising,-1,0.00000000,0,97.76400000,false,off,NONE,NONE,0.00000000,0.00000000,0.0000,none,0.000,true,SHORT,return_low_break_or_bos_down,97.71100000,4,97.82900000,97.52500000,false,off,independent,false,,,false,0.0000,none,0.0000,0.0000,none,0.0000,0.0000,0.0000,none,0.0000,0,0,0.0000,none,none,none,none,0.0000,0,0.0000,none,false,true,not_evaluated,true,required_light_or_anchor_flip,short_bias,97.79300000,2025.09.17 03:00:00,97.82900000,2025.09.17 10:30:00,2025.09.17 14:00:00,false,NONE,0.00000000,0.00000000,0.0000,-1,false,,-1,NONE,0.00000000,0.00000000,0.0000,0.0000,none,,none,false,NONE,-1,-1,-1,false,false,none,true,false,false,true,none,true,required,false,PERIOD_M5,,,-1,0.0000,false,0.00000000,0.0000,false,0.0000,false,none,none,false,no_anchor_flip_in_entry_direction,true,required_first_signal_only,SHORT,unknown,0.00000000,,0.00000000,,false,,-1,false,NONE,0.00000000,,0.00000000,0.0000,0.0000,none,-1,false,false,false,no_anchor_flip_in_entry_direction,,,,false,false,false,-1,-1,-1,-1,-1,false,false,false,0.0000,falling_n,false,97.87200000,97.52500000,6.4860,false,0.0000,0.0000,0,none,true,0.7401,deep_618_786,0.120,diagnostic_only,diagnostic_only,diagnostic_only,shallow_pullback,24,0.370,true,none,0.520,high_quality,false,false,diagnostic_only,both,true,none,true,diagnostic_adjacent_detected,required_light,false,false,LONG,2,false,false,0,,,-1,0.0000,0.00000000,0.00000000,0.00000000,false,false,none,0.00000000,false,0.0000,0.0000,false,1,0.0000,false,-1,0.00000000,0.0000,off,false,not_evaluated,none,0.0000,0.0000,none,false,false,false,0.0000,none,false,none,0.0000,false,none,0.0000,0.0000,0.0000,0.0000,false,none,0.0000,none,none,false,false,none,0.0000,0.0000,0.0000,0.0000,none,false,false,0.0000,0.0000,false,false,-1,none,none,false,0.000,0.000,97.75300000,97.74100000,97.70000000,top_context_confirmed_swing_low,0.05000000,0.7937,session_low|opening_range_low|neckline_level,97.74100000,0.2710,false,true,false,false,not_blocked,3,3,0,m5_failure_exit,off,none,0.00000000,0.0000,1.30,97.66800000,4.200,-0.300,0.200,PERIOD_M15,97.82900000,97.52500000,0.7401,deep_618_786,0.000,true,97.75000000,97.81300000,0.06300000,97.66800000,1.302,0.03321429,28.00,0-30,true,false,none,not_consumed,4.500,4.500,none,0.0000,false,neckline_retest_failed,false,not_invalidated,spread_too_high
2025.09.17 16:10:00,blocked,session_reversal_pullback_one_symbol_first120,AUDJPY,SHORT,2025.09.17 16:05:00,16,13,22,london_newyork_overlap,2025.09.17 13:00,5,first_120min,true,true,3,AUDJPY,highest_score_in_session_bar,london_newyork_overlap=USDJPY|EURJPY|GBPJPY|AUDJPY|EURUSD|GBPUSD,existing_first120_gate,london_newyork_overlap,false,false,true,passed_first_window,double_top,neckline_break_retest,97.77600000,PERIOD_M5,PERIOD_H1,PERIOD_M15,PERIOD_M5,PERIOD_M5,false,htf_soft_alignment,current_post_filter,transcript_post_filter,dow_range_or_transition,structure_trend_bias_dow_trend_down_ll_lh,dow_range_or_transition,structure_trend_bias_dow_trend_down_ll_lh,false,false,true,SHORT,PERIOD_M5,double_top,double_top,4.200,none,0.000,double_top,4.200,none,0.000,SHORT,false,PERIOD_H1_NONE_dow_range_or_transition|PERIOD_M15_SHORT_structure_trend_bias_dow_trend_down_ll_lh,true,h1_counter_m15_reversal,true,top_NONE_dow_range_or_transition|structure_SHORT_structure_trend_bias_dow_trend_down_ll_lh|structure_break_recent_confirmed_swing_break_failed|primary_break_recent_confirmed_swing_break_retest,none,below_75sma_falling,below_75sma_falling,above_75sma_rising,-1,0.00000000,0,97.76400000,false,off,NONE,NONE,0.00000000,0.00000000,0.0000,none,0.000,true,SHORT,return_low_break_or_bos_down,97.71100000,4,97.82900000,97.52500000,false,off,independent,false,,,false,0.0000,none,0.0000,0.0000,none,0.0000,0.0000,0.0000,none,0.0000,0,0,0.0000,none,none,none,none,0.0000,0,0.0000,none,false,true,not_evaluated,true,required_light_or_anchor_flip,short_bias,97.79300000,2025.09.17 03:00:00,97.82900000,2025.09.17 10:30:00,2025.09.17 14:00:00,false,NONE,0.00000000,0.00000000,0.0000,-1,false,,-1,NONE,0.00000000,0.00000000,0.0000,0.0000,none,,none,false,NONE,-1,-1,-1,false,false,none,true,false,false,true,none,true,required,false,PERIOD_M5,,,-1,0.0000,false,0.00000000,0.0000,false,0.0000,false,none,none,false,no_anchor_flip_in_entry_direction,true,required_first_signal_only,SHORT,unknown,0.00000000,,0.00000000,,false,,-1,false,NONE,0.00000000,,0.00000000,0.0000,0.0000,none,-1,false,false,false,no_anchor_flip_in_entry_direction,,,,false,false,false,-1,-1,-1,-1,-1,false,false,false,0.0000,falling_n,false,97.87200000,97.52500000,6.4860,false,0.0000,0.0000,0,none,true,0.7401,deep_618_786,0.120,diagnostic_only,diagnostic_only,diagnostic_only,shallow_pullback,24,0.370,true,none,0.520,high_quality,false,false,diagnostic_only,both,true,none,true,diagnostic_adjacent_detected,required_light,false,false,LONG,2,false,false,0,,,-1,0.0000,0.00000000,0.00000000,0.00000000,false,false,none,0.00000000,false,0.0000,0.0000,false,1,0.0000,false,-1,0.00000000,0.0000,off,false,not_evaluated,none,0.0000,0.0000,none,false,false,false,0.0000,none,false,none,0.0000,false,none,0.0000,0.0000,0.0000,0.0000,false,none,0.0000,none,none,false,false,none,0.0000,0.0000,0.0000,0.0000,none,false,false,0.0000,0.0000,false,false,-1,none,none,false,0.000,0.000,97.75300000,97.74100000,97.70000000,top_context_confirmed_swing_low,0.05000000,0.7937,session_low|opening_range_low|neckline_level,97.74100000,0.2710,false,true,false,false,not_blocked,3,3,0,m5_failure_exit,off,none,0.00000000,0.0000,1.30,97.66800000,4.200,-0.300,0.200,PERIOD_M15,97.82900000,97.52500000,0.7401,deep_618_786,0.000,true,97.75000000,97.81300000,0.06300000,97.66800000,1.302,0.03321429,28.00,0-30,true,false,none,blocked_spread_too_high,4.500,4.500,none,0.0000,false,neckline_retest_failed,false,not_invalidated,spread_too_high
2025.09.18 10:35:00,signal,session_reversal_pullback_one_symbol_first120,AUDJPY,LONG,2025.09.18 10:30:00,10,7,16,london,2025.09.18 07:00,30,first_120min,true,true,3,AUDJPY,highest_score_in_session_bar,london=USDJPY|EURJPY|GBPJPY|AUDJPY|EURUSD|GBPUSD,existing_first120_gate,london,false,false,true,passed_first_window,inverse_head_and_shoulders,neckline_break_retest,97.63700000,PERIOD_M5,PERIOD_H1,PERIOD_M15,PERIOD_M5,PERIOD_M5,false,htf_soft_alignment,current_post_filter,transcript_post_filter,dow_range_or_transition,no_ordered_dow_wave3_break,dow_range_or_transition,no_ordered_dow_wave3_break,false,true,false,LONG,PERIOD_M5,inverse_head_and_shoulders,inverse_head_and_shoulders,4.500,none,0.000,inverse_head_and_shoulders,4.500,none,0.000,LONG,false,PERIOD_H1_NONE_dow_range_or_transition|PERIOD_M15_NONE_no_ordered_dow_wave3_break,true,h1_counter_m15_reversal,true,top_NONE_dow_range_or_transition|structure_NONE_no_ordered_dow_wave3_break|structure_break_recent_confirmed_swing_break_failed|primary_break_recent_confirmed_swing_break_retest,none,below_75sma_falling,above_75sma_flat_or_falling,above_75sma_flat_or_falling,-1,0.00000000,0,97.64700000,false,off,NONE,NONE,0.00000000,0.00000000,0.0000,none,0.000,true,LONG,return_high_break_or_bos_up,97.78200000,24,97.81700000,97.51700000,false,off,independent,false,,,false,0.0000,none,0.0000,0.0000,none,0.0000,0.0000,0.0000,none,0.0000,0,0,0.0000,none,none,none,none,0.0000,0,0.0000,none,false,true,not_evaluated,true,required_light_or_anchor_flip,short_bias,97.61300000,2025.09.18 03:15:00,97.70600000,2025.09.18 06:15:00,2025.09.18 08:15:00,false,NONE,0.00000000,0.00000000,0.0000,-1,false,,-1,NONE,0.00000000,0.00000000,0.0000,0.0000,none,,none,false,NONE,-1,-1,-1,false,false,none,false,true,false,true,none,true,required,false,PERIOD_M5,,,-1,0.0000,false,0.00000000,0.0000,false,0.0000,false,none,none,false,no_anchor_flip_in_entry_direction,true,required_first_signal_only,LONG,unknown,0.00000000,,0.00000000,,false,,-1,false,NONE,0.00000000,,0.00000000,0.0000,0.0000,none,-1,false,false,false,no_anchor_flip_in_entry_direction,,,,false,false,false,-1,-1,-1,-1,-1,false,false,false,0.0000,falling_n,false,97.74900000,97.51700000,3.8438,false,0.0000,0.0000,0,none,true,0.3633,shallow_236_382,0.080,diagnostic_only,diagnostic_only,diagnostic_only,fib_pullback,8,0.370,true,none,0.520,high_quality,false,false,diagnostic_only,both,true,none,true,diagnostic_adjacent_detected,required_light,false,false,SHORT,9,false,false,0,2025.09.18 09:00:00,2025.09.18 10:00:00,6,2.1861,97.64700000,0.00000000,97.64700000,true,true,m5_lh_close_break_up,97.64700000,true,0.1104,0.9495,true,1,0.0000,true,1,97.64700000,0.0883,off,false,not_evaluated,none,0.8281,0.1719,strong,true,false,false,0.0000,held_clean,true,favorable_side,0.0000,false,clean_retest,2.1861,1.5016,1.4559,0.0662,false,mild_exhaustion,0.0000,none,none,false,false,none,0.0000,0.0000,0.0000,0.0000,none,false,false,0.0000,0.0000,false,false,-1,none,none,false,0.000,0.000,97.81700000,97.68200000,97.81700000,current_day_high,0.10900000,0.8015,session_high|opening_range_high|neckline_level,97.68200000,0.5741,false,true,true,false,not_blocked,3,2,1,m5_failure_exit,off,none,0.00000000,0.0000,1.30,97.88500000,4.500,0.000,0.200,PERIOD_M15,97.81700000,97.51700000,0.3633,outside,0.000,true,97.70800000,97.57200000,0.13600000,97.88500000,1.301,0.04528571,28.00,30-60,true,false,none,not_consumed,5.100,5.100,none,0.0000,false,opposite_break_first,true,opposite_break_first,spread_too_high
2025.09.18 10:35:00,blocked,session_reversal_pullback_one_symbol_first120,AUDJPY,LONG,2025.09.18 10:30:00,10,7,16,london,2025.09.18 07:00,30,first_120min,true,true,3,AUDJPY,highest_score_in_session_bar,london=USDJPY|EURJPY|GBPJPY|AUDJPY|EURUSD|GBPUSD,existing_first120_gate,london,false,false,true,passed_first_window,inverse_head_and_shoulders,neckline_break_retest,97.63700000,PERIOD_M5,PERIOD_H1,PERIOD_M15,PERIOD_M5,PERIOD_M5,false,htf_soft_alignment,current_post_filter,transcript_post_filter,dow_range_or_transition,no_ordered_dow_wave3_break,dow_range_or_transition,no_ordered_dow_wave3_break,false,true,false,LONG,PERIOD_M5,inverse_head_and_shoulders,inverse_head_and_shoulders,4.500,none,0.000,inverse_head_and_shoulders,4.500,none,0.000,LONG,false,PERIOD_H1_NONE_dow_range_or_transition|PERIOD_M15_NONE_no_ordered_dow_wave3_break,true,h1_counter_m15_reversal,true,top_NONE_dow_range_or_transition|structure_NONE_no_ordered_dow_wave3_break|structure_break_recent_confirmed_swing_break_failed|primary_break_recent_confirmed_swing_break_retest,none,below_75sma_falling,above_75sma_flat_or_falling,above_75sma_flat_or_falling,-1,0.00000000,0,97.64700000,false,off,NONE,NONE,0.00000000,0.00000000,0.0000,none,0.000,true,LONG,return_high_break_or_bos_up,97.78200000,24,97.81700000,97.51700000,false,off,independent,false,,,false,0.0000,none,0.0000,0.0000,none,0.0000,0.0000,0.0000,none,0.0000,0,0,0.0000,none,none,none,none,0.0000,0,0.0000,none,false,true,not_evaluated,true,required_light_or_anchor_flip,short_bias,97.61300000,2025.09.18 03:15:00,97.70600000,2025.09.18 06:15:00,2025.09.18 08:15:00,false,NONE,0.00000000,0.00000000,0.0000,-1,false,,-1,NONE,0.00000000,0.00000000,0.0000,0.0000,none,,none,false,NONE,-1,-1,-1,false,false,none,false,true,false,true,none,true,required,false,PERIOD_M5,,,-1,0.0000,false,0.00000000,0.0000,false,0.0000,false,none,none,false,no_anchor_flip_in_entry_direction,true,required_first_signal_only,LONG,unknown,0.00000000,,0.00000000,,false,,-1,false,NONE,0.00000000,,0.00000000,0.0000,0.0000,none,-1,false,false,false,no_anchor_flip_in_entry_direction,,,,false,false,false,-1,-1,-1,-1,-1,false,false,false,0.0000,falling_n,false,97.74900000,97.51700000,3.8438,false,0.0000,0.0000,0,none,true,0.3633,shallow_236_382,0.080,diagnostic_only,diagnostic_only,diagnostic_only,fib_pullback,8,0.370,true,none,0.520,high_quality,false,false,diagnostic_only,both,true,none,true,diagnostic_adjacent_detected,required_light,false,false,SHORT,9,false,false,0,2025.09.18 09:00:00,2025.09.18 10:00:00,6,2.1861,97.64700000,0.00000000,97.64700000,true,true,m5_lh_close_break_up,97.64700000,true,0.1104,0.9495,true,1,0.0000,true,1,97.64700000,0.0883,off,false,not_evaluated,none,0.8281,0.1719,strong,true,false,false,0.0000,held_clean,true,favorable_side,0.0000,false,clean_retest,2.1861,1.5016,1.4559,0.0662,false,mild_exhaustion,0.0000,none,none,false,false,none,0.0000,0.0000,0.0000,0.0000,none,false,false,0.0000,0.0000,false,false,-1,none,none,false,0.000,0.000,97.81700000,97.68200000,97.81700000,current_day_high,0.10900000,0.8015,session_high|opening_range_high|neckline_level,97.68200000,0.5741,false,true,true,false,not_blocked,3,2,1,m5_failure_exit,off,none,0.00000000,0.0000,1.30,97.88500000,4.500,0.000,0.200,PERIOD_M15,97.81700000,97.51700000,0.3633,outside,0.000,true,97.70800000,97.57200000,0.13600000,97.88500000,1.301,0.04528571,28.00,30-60,true,false,none,blocked_spread_too_high,5.100,5.100,none,0.0000,false,opposite_break_first,true,opposite_break_first,spread_too_high
2025.09.19 03:45:00,signal,session_reversal_pullback_one_symbol_first120,AUDJPY,SHORT,2025.09.19 03:40:00,3,0,9,tokyo,2025.09.19 00:00,40,first_120min,true,true,3,AUDJPY,highest_score_in_session_bar,tokyo=USDJPY|EURJPY|GBPJPY|AUDJPY,existing_first120_gate,tokyo,false,false,true,passed_first_window,head_and_shoulders,neckline_break_retest,97.85800000,PERIOD_M5,PERIOD_H1,PERIOD_M15,PERIOD_M5,PERIOD_M5,false,htf_soft_alignment,current_post_filter,transcript_post_filter,dow_trend_up_hh_hl,no_ordered_dow_wave3_break,dow_trend_up_hh_hl,no_ordered_dow_wave3_break,false,false,true,SHORT,PERIOD_M5,head_and_shoulders,head_and_shoulders,4.500,none,0.000,head_and_shoulders,4.500,none,0.000,SHORT,false,PERIOD_H1_LONG_dow_trend_up_hh_hl|PERIOD_M15_NONE_no_ordered_dow_wave3_break,true,h1_counter_m15_reversal,true,top_LONG_dow_trend_up_hh_hl|structure_NONE_no_ordered_dow_wave3_break|structure_break_recent_confirmed_swing_break_failed|primary_break_recent_confirmed_swing_break_retest,none,above_75sma_flat_or_falling,below_75sma_flat_or_rising,above_75sma_rising,-1,0.00000000,0,97.85800000,false,off,NONE,NONE,0.00000000,0.00000000,0.0000,none,0.000,true,SHORT,return_low_break_or_bos_down,97.78700000,12,97.86100000,97.72800000,false,off,independent,false,,,false,0.0000,none,0.0000,0.0000,none,0.0000,0.0000,0.0000,none,0.0000,0,0,0.0000,none,none,none,none,0.0000,0,0.0000,none,false,true,not_evaluated,true,required_light_or_anchor_flip,long_bias,97.72800000,2025.09.19 00:00:00,97.85500000,2025.09.18 23:00:00,2025.09.19 01:00:00,false,NONE,0.00000000,0.00000000,0.0000,-1,false,,-1,NONE,0.00000000,0.00000000,0.0000,0.0000,none,,none,false,NONE,-1,-1,-1,false,false,none,false,true,false,true,none,true,required,false,PERIOD_M5,,,-1,0.0000,false,0.00000000,0.0000,false,0.0000,false,none,none,false,no_anchor_flip_in_entry_direction,true,required_first_signal_only,SHORT,unknown,0.00000000,,0.00000000,,false,,-1,false,NONE,0.00000000,,0.00000000,0.0000,0.0000,none,-1,false,false,false,no_anchor_flip_in_entry_direction,,,,false,false,false,-1,-1,-1,-1,-1,false,false,false,0.0000,rising_n,false,97.86100000,97.72800000,2.4728,false,0.0000,0.0000,0,none,true,0.5171,preferred_382_618,0.200,diagnostic_only,diagnostic_only,diagnostic_only,fib_pullback,10,0.490,true,none,0.640,high_quality,false,false,diagnostic_only,both,true,none,true,diagnostic_adjacent_detected,required_light,false,false,LONG,7,false,false,2,2025.09.19 02:25:00,2025.09.19 03:10:00,6,3.6960,0.00000000,97.85800000,97.85800000,true,true,m5_hl_close_break_down,97.85800000,true,0.2800,0.9520,true,1,0.5880,true,4,97.85800000,0.1960,off,false,not_evaluated,none,1.0000,0.0000,very_strong,false,true,true,0.5880,failed_1bar,true,favorable_side,0.1000,false,clean_retest,2.9120,2.6320,1.1064,1.0640,false,no_shrink,0.0000,none,none,false,false,none,0.0000,0.0000,0.0000,0.0000,none,false,false,0.0000,0.0000,false,false,-1,none,none,false,0.000,0.000,97.85400000,97.83953333,97.83953333,recent_equal_lows,0.00946667,0.0885,neckline_level,97.85800000,0.2520,false,true,true,false,not_blocked,6,4,2,m5_failure_exit,off,none,0.00000000,0.0000,1.30,97.71000000,4.500,-0.300,0.200,PERIOD_M15,97.86100000,97.72800000,0.9098,outside,0.000,true,97.84900000,97.95600000,0.10700000,97.71000000,1.299,0.03571429,28.00,30-60,true,false,none,not_consumed,4.800,4.800,none,0.0000,false,opposite_break_first,true,opposite_break_first,spread_too_high
2025.09.19 03:45:00,blocked,session_reversal_pullback_one_symbol_first120,AUDJPY,SHORT,2025.09.19 03:40:00,3,0,9,tokyo,2025.09.19 00:00,40,first_120min,true,true,3,AUDJPY,highest_score_in_session_bar,tokyo=USDJPY|EURJPY|GBPJPY|AUDJPY,existing_first120_gate,tokyo,false,false,true,passed_first_window,head_and_shoulders,neckline_break_retest,97.85800000,PERIOD_M5,PERIOD_H1,PERIOD_M15,PERIOD_M5,PERIOD_M5,false,htf_soft_alignment,current_post_filter,transcript_post_filter,dow_trend_up_hh_hl,no_ordered_dow_wave3_break,dow_trend_up_hh_hl,no_ordered_dow_wave3_break,false,false,true,SHORT,PERIOD_M5,head_and_shoulders,head_and_shoulders,4.500,none,0.000,head_and_shoulders,4.500,none,0.000,SHORT,false,PERIOD_H1_LONG_dow_trend_up_hh_hl|PERIOD_M15_NONE_no_ordered_dow_wave3_break,true,h1_counter_m15_reversal,true,top_LONG_dow_trend_up_hh_hl|structure_NONE_no_ordered_dow_wave3_break|structure_break_recent_confirmed_swing_break_failed|primary_break_recent_confirmed_swing_break_retest,none,above_75sma_flat_or_falling,below_75sma_flat_or_rising,above_75sma_rising,-1,0.00000000,0,97.85800000,false,off,NONE,NONE,0.00000000,0.00000000,0.0000,none,0.000,true,SHORT,return_low_break_or_bos_down,97.78700000,12,97.86100000,97.72800000,false,off,independent,false,,,false,0.0000,none,0.0000,0.0000,none,0.0000,0.0000,0.0000,none,0.0000,0,0,0.0000,none,none,none,none,0.0000,0,0.0000,none,false,true,not_evaluated,true,required_light_or_anchor_flip,long_bias,97.72800000,2025.09.19 00:00:00,97.85500000,2025.09.18 23:00:00,2025.09.19 01:00:00,false,NONE,0.00000000,0.00000000,0.0000,-1,false,,-1,NONE,0.00000000,0.00000000,0.0000,0.0000,none,,none,false,NONE,-1,-1,-1,false,false,none,false,true,false,true,none,true,required,false,PERIOD_M5,,,-1,0.0000,false,0.00000000,0.0000,false,0.0000,false,none,none,false,no_anchor_flip_in_entry_direction,true,required_first_signal_only,SHORT,unknown,0.00000000,,0.00000000,,false,,-1,false,NONE,0.00000000,,0.00000000,0.0000,0.0000,none,-1,false,false,false,no_anchor_flip_in_entry_direction,,,,false,false,false,-1,-1,-1,-1,-1,false,false,false,0.0000,rising_n,false,97.86100000,97.72800000,2.4728,false,0.0000,0.0000,0,none,true,0.5171,preferred_382_618,0.200,diagnostic_only,diagnostic_only,diagnostic_only,fib_pullback,10,0.490,true,none,0.640,high_quality,false,false,diagnostic_only,both,true,none,true,diagnostic_adjacent_detected,required_light,false,false,LONG,7,false,false,2,2025.09.19 02:25:00,2025.09.19 03:10:00,6,3.6960,0.00000000,97.85800000,97.85800000,true,true,m5_hl_close_break_down,97.85800000,true,0.2800,0.9520,true,1,0.5880,true,4,97.85800000,0.1960,off,false,not_evaluated,none,1.0000,0.0000,very_strong,false,true,true,0.5880,failed_1bar,true,favorable_side,0.1000,false,clean_retest,2.9120,2.6320,1.1064,1.0640,false,no_shrink,0.0000,none,none,false,false,none,0.0000,0.0000,0.0000,0.0000,none,false,false,0.0000,0.0000,false,false,-1,none,none,false,0.000,0.000,97.85400000,97.83953333,97.83953333,recent_equal_lows,0.00946667,0.0885,neckline_level,97.85800000,0.2520,false,true,true,false,not_blocked,6,4,2,m5_failure_exit,off,none,0.00000000,0.0000,1.30,97.71000000,4.500,-0.300,0.200,PERIOD_M15,97.86100000,97.72800000,0.9098,outside,0.000,true,97.84900000,97.95600000,0.10700000,97.71000000,1.299,0.03571429,28.00,30-60,true,false,none,blocked_spread_too_high,4.800,4.800,none,0.0000,false,opposite_break_first,true,opposite_break_first,spread_too_high
2025.09.19 12:00:00,signal,session_reversal_pullback_one_symbol_first120,USDJPY,LONG,2025.09.19 11:55:00,11,8,17,london,2025.09.19 07:00,115,first_120min,false,true,3,USDJPY,highest_score_in_session_bar,london=USDJPY|EURJPY|GBPJPY|AUDJPY|EURUSD|GBPUSD,existing_first120_gate,london,true,false,true,passed_first_window,double_bottom,neckline_break_retest,147.83400000,PERIOD_M5,PERIOD_H1,PERIOD_M15,PERIOD_M5,PERIOD_M5,false,htf_soft_alignment,current_post_filter,transcript_post_filter,dow_range_or_transition,structure_trend_bias_dow_trend_down_ll_lh,dow_range_or_transition,structure_trend_bias_dow_trend_down_ll_lh,false,true,true,LONG,PERIOD_M5,double_bottom,double_bottom,4.200,none,0.000,double_bottom,4.200,none,0.000,LONG,false,PERIOD_H1_NONE_dow_range_or_transition|PERIOD_M15_SHORT_structure_trend_bias_dow_trend_down_ll_lh,true,h1_counter_m15_reversal,true,top_NONE_dow_range_or_transition|structure_SHORT_structure_trend_bias_dow_trend_down_ll_lh|structure_break_recent_confirmed_swing_break_failed|primary_break_recent_confirmed_swing_break_failed,none,above_75sma_rising,below_75sma_falling,above_75sma_flat_or_falling,-1,0.00000000,-1,0.00000000,false,off,NONE,NONE,0.00000000,0.00000000,0.0000,none,0.000,true,LONG,return_high_break_or_bos_up,147.92300000,1,148.02900000,147.18600000,false,off,independent,false,,,false,0.0000,none,0.0000,0.0000,none,0.0000,0.0000,0.0000,none,0.0000,0,0,0.0000,none,none,none,none,0.0000,0,0.0000,none,false,true,not_evaluated,true,required_light_or_anchor_flip,short_bias,147.88400000,2025.09.19 03:00:00,148.10000000,2025.09.19 05:00:00,2025.09.19 07:15:00,false,NONE,0.00000000,0.00000000,0.0000,-1,false,,-1,NONE,0.00000000,0.00000000,0.0000,0.0000,none,,none,false,NONE,-1,-1,-1,false,false,none,false,true,false,true,none,true,required,false,PERIOD_M5,,,-1,0.0000,false,0.00000000,0.0000,false,0.0000,false,none,none,false,no_anchor_flip_in_entry_direction,true,required_first_signal_only,LONG,unknown,0.00000000,,0.00000000,,false,,-1,false,NONE,0.00000000,,0.00000000,0.0000,0.0000,none,-1,false,false,false,no_anchor_flip_in_entry_direction,,,,false,false,false,-1,-1,-1,-1,-1,false,false,false,0.0000,range_n,true,148.10900000,147.18600000,5.1278,false,0.0000,0.0000,0,none,true,0.1922,no_fib,0.000,diagnostic_only,diagnostic_only,diagnostic_only,fib_pullback,24,0.170,true,none,0.320,high_quality,false,false,diagnostic_only,both,true,none,true,diagnostic_adjacent_detected,required_light,false,false,SHORT,4,false,false,0,2025.09.19 09:30:00,2025.09.19 10:35:00,16,5.7739,147.98400000,0.00000000,147.98400000,false,false,none,0.00000000,false,0.0000,0.0000,false,1,0.0000,false,-1,0.00000000,0.0000,off,false,not_evaluated,none,0.0000,0.0000,none,false,false,false,0.0000,none,false,none,0.0000,false,none,4.2298,4.9305,0.8579,0.0000,true,strong_exhaustion,0.0000,none,none,false,false,none,0.0000,0.0000,0.0000,0.0000,none,false,false,0.0000,0.0000,false,false,-1,none,none,false,0.000,0.000,147.92000000,147.83400000,147.92000000,recent_equal_lows,0.05300000,0.3841,neckline_level,147.83400000,0.4282,false,true,true,false,not_blocked,10,5,5,m5_failure_exit,off,none,0.00000000,0.0000,1.30,148.04600000,4.200,-0.300,0.200,PERIOD_M15,147.98400000,147.18600000,0.1466,outside,0.000,true,147.86700000,147.72900000,0.13800000,148.04600000,1.297,0.07707143,18.00,90-120,true,false,none,not_consumed,4.300,4.300,none,0.0000,false,opposite_break_first,true,opposite_break_first,spread_too_high
2025.09.19 12:00:00,blocked,session_reversal_pullback_one_symbol_first120,USDJPY,LONG,2025.09.19 11:55:00,11,8,17,london,2025.09.19 07:00,115,first_120min,false,true,3,USDJPY,highest_score_in_session_bar,london=USDJPY|EURJPY|GBPJPY|AUDJPY|EURUSD|GBPUSD,existing_first120_gate,london,true,false,true,passed_first_window,double_bottom,neckline_break_retest,147.83400000,PERIOD_M5,PERIOD_H1,PERIOD_M15,PERIOD_M5,PERIOD_M5,false,htf_soft_alignment,current_post_filter,transcript_post_filter,dow_range_or_transition,structure_trend_bias_dow_trend_down_ll_lh,dow_range_or_transition,structure_trend_bias_dow_trend_down_ll_lh,false,true,true,LONG,PERIOD_M5,double_bottom,double_bottom,4.200,none,0.000,double_bottom,4.200,none,0.000,LONG,false,PERIOD_H1_NONE_dow_range_or_transition|PERIOD_M15_SHORT_structure_trend_bias_dow_trend_down_ll_lh,true,h1_counter_m15_reversal,true,top_NONE_dow_range_or_transition|structure_SHORT_structure_trend_bias_dow_trend_down_ll_lh|structure_break_recent_confirmed_swing_break_failed|primary_break_recent_confirmed_swing_break_failed,none,above_75sma_rising,below_75sma_falling,above_75sma_flat_or_falling,-1,0.00000000,-1,0.00000000,false,off,NONE,NONE,0.00000000,0.00000000,0.0000,none,0.000,true,LONG,return_high_break_or_bos_up,147.92300000,1,148.02900000,147.18600000,false,off,independent,false,,,false,0.0000,none,0.0000,0.0000,none,0.0000,0.0000,0.0000,none,0.0000,0,0,0.0000,none,none,none,none,0.0000,0,0.0000,none,false,true,not_evaluated,true,required_light_or_anchor_flip,short_bias,147.88400000,2025.09.19 03:00:00,148.10000000,2025.09.19 05:00:00,2025.09.19 07:15:00,false,NONE,0.00000000,0.00000000,0.0000,-1,false,,-1,NONE,0.00000000,0.00000000,0.0000,0.0000,none,,none,false,NONE,-1,-1,-1,false,false,none,false,true,false,true,none,true,required,false,PERIOD_M5,,,-1,0.0000,false,0.00000000,0.0000,false,0.0000,false,none,none,false,no_anchor_flip_in_entry_direction,true,required_first_signal_only,LONG,unknown,0.00000000,,0.00000000,,false,,-1,false,NONE,0.00000000,,0.00000000,0.0000,0.0000,none,-1,false,false,false,no_anchor_flip_in_entry_direction,,,,false,false,false,-1,-1,-1,-1,-1,false,false,false,0.0000,range_n,true,148.10900000,147.18600000,5.1278,false,0.0000,0.0000,0,none,true,0.1922,no_fib,0.000,diagnostic_only,diagnostic_only,diagnostic_only,fib_pullback,24,0.170,true,none,0.320,high_quality,false,false,diagnostic_only,both,true,none,true,diagnostic_adjacent_detected,required_light,false,false,SHORT,4,false,false,0,2025.09.19 09:30:00,2025.09.19 10:35:00,16,5.7739,147.98400000,0.00000000,147.98400000,false,false,none,0.00000000,false,0.0000,0.0000,false,1,0.0000,false,-1,0.00000000,0.0000,off,false,not_evaluated,none,0.0000,0.0000,none,false,false,false,0.0000,none,false,none,0.0000,false,none,4.2298,4.9305,0.8579,0.0000,true,strong_exhaustion,0.0000,none,none,false,false,none,0.0000,0.0000,0.0000,0.0000,none,false,false,0.0000,0.0000,false,false,-1,none,none,false,0.000,0.000,147.92000000,147.83400000,147.92000000,recent_equal_lows,0.05300000,0.3841,neckline_level,147.83400000,0.4282,false,true,true,false,not_blocked,10,5,5,m5_failure_exit,off,none,0.00000000,0.0000,1.30,148.04600000,4.200,-0.300,0.200,PERIOD_M15,147.98400000,147.18600000,0.1466,outside,0.000,true,147.86700000,147.72900000,0.13800000,148.04600000,1.297,0.07707143,18.00,90-120,true,false,none,blocked_spread_too_high,4.300,4.300,none,0.0000,false,opposite_break_first,true,opposite_break_first,spread_too_high
2025.09.19 16:40:00,signal,session_reversal_pullback_one_symbol_first120,USDJPY,SHORT,2025.09.19 16:35:00,16,13,22,london_newyork_overlap,2025.09.19 13:00,35,first_120min,true,true,3,USDJPY,highest_score_in_session_bar,london_newyork_overlap=USDJPY|EURJPY|GBPJPY|AUDJPY|EURUSD|GBPUSD,existing_first120_gate,london_newyork_overlap,false,false,true,passed_first_window,head_and_shoulders,neckline_break_retest,147.92700000,PERIOD_M5,PERIOD_H1,PERIOD_M15,PERIOD_M5,PERIOD_M5,false,htf_soft_alignment,current_post_filter,transcript_post_filter,dow_range_or_transition,structure_trend_bias_dow_trend_up_hh_hl,dow_range_or_transition,structure_trend_bias_dow_trend_up_hh_hl,false,false,true,SHORT,PERIOD_M5,head_and_shoulders,head_and_shoulders,4.500,none,0.000,head_and_shoulders,4.500,none,0.000,SHORT,false,PERIOD_H1_NONE_dow_range_or_transition|PERIOD_M15_LONG_structure_trend_bias_dow_trend_up_hh_hl,true,h1_counter_m15_reversal,true,top_NONE_dow_range_or_transition|structure_LONG_structure_trend_bias_dow_trend_up_hh_hl|structure_break_recent_confirmed_swing_break_failed|primary_break_recent_confirmed_swing_break_continuation,none,above_75sma_rising,above_75sma_rising,below_75sma_flat_or_rising,-1,0.00000000,0,148.00900000,false,off,NONE,NONE,0.00000000,0.00000000,0.0000,none,0.000,true,SHORT,return_low_break_or_bos_down,147.88400000,13,148.19100000,147.74700000,false,off,independent,false,,,false,0.0000,none,0.0000,0.0000,none,0.0000,0.0000,0.0000,none,0.0000,0,0,0.0000,none,none,none,none,0.0000,0,0.0000,none,false,true,not_evaluated,true,required_light_or_anchor_flip,long_bias,147.74700000,2025.09.19 12:15:00,148.10000000,2025.09.19 05:00:00,2025.09.19 14:45:00,false,NONE,0.00000000,0.00000000,0.0000,-1,false,,-1,NONE,0.00000000,0.00000000,0.0000,0.0000,none,,none,false,NONE,-1,-1,-1,false,false,none,false,true,false,true,none,true,required,false,PERIOD_M5,,,-1,0.0000,false,0.00000000,0.0000,false,0.0000,false,none,none,false,no_anchor_flip_in_entry_direction,true,required_first_signal_only,SHORT,unknown,0.00000000,,0.00000000,,false,,-1,false,NONE,0.00000000,,0.00000000,0.0000,0.0000,none,-1,false,false,false,no_anchor_flip_in_entry_direction,,,,false,false,false,-1,-1,-1,-1,-1,false,false,false,0.0000,rising_n,false,148.19100000,147.65800000,4.7079,false,0.0000,0.0000,0,none,true,0.4068,preferred_382_618,0.200,diagnostic_only,diagnostic_only,diagnostic_only,shallow_pullback,6,0.440,true,none,0.590,high_quality,false,false,diagnostic_only,both,true,none,true,diagnostic_adjacent_detected,required_light,false,false,LONG,6,false,false,1,2025.09.19 14:55:00,2025.09.19 16:15:00,4,4.4921,0.00000000,147.89400000,147.89400000,false,false,none,0.00000000,false,0.0000,0.0000,false,1,0.0000,false,-1,0.00000000,0.0000,off,false,not_evaluated,none,0.0000,0.0000,none,false,false,false,0.0000,none,false,none,0.0000,false,none,4.4921,2.1180,2.1209,1.0357,false,no_shrink,0.0000,none,none,false,false,none,0.0000,0.0000,0.0000,0.0000,none,false,false,0.0000,0.0000,false,false,-1,none,none,false,0.000,0.000,147.92700000,147.89400000,147.85900000,session_low,0.05200000,0.2031,opening_range_low|neckline_level,147.92700000,0.1862,false,true,false,false,not_blocked,2,2,0,m5_failure_exit,off,none,0.00000000,0.0000,1.30,147.57800000,4.500,-0.300,0.200,PERIOD_M15,148.19100000,147.74700000,0.3694,outside,0.000,true,147.91100000,148.16700000,0.25600000,147.57800000,1.301,0.08592857,15.00,30-60,true,false,none,not_consumed,4.800,4.800,none,0.0000,false,neckline_retest_failed,false,not_invalidated,
2025.09.19 16:40:00,order_sent,session_reversal_pullback_one_symbol_first120,USDJPY,SHORT,2025.09.19 16:35:00,16,13,22,london_newyork_overlap,2025.09.19 13:00,35,first_120min,true,true,3,USDJPY,highest_score_in_session_bar,london_newyork_overlap=USDJPY|EURJPY|GBPJPY|AUDJPY|EURUSD|GBPUSD,existing_first120_gate,london_newyork_overlap,false,false,true,passed_first_window,head_and_shoulders,neckline_break_retest,147.92700000,PERIOD_M5,PERIOD_H1,PERIOD_M15,PERIOD_M5,PERIOD_M5,false,htf_soft_alignment,current_post_filter,transcript_post_filter,dow_range_or_transition,structure_trend_bias_dow_trend_up_hh_hl,dow_range_or_transition,structure_trend_bias_dow_trend_up_hh_hl,false,false,true,SHORT,PERIOD_M5,head_and_shoulders,head_and_shoulders,4.500,none,0.000,head_and_shoulders,4.500,none,0.000,SHORT,false,PERIOD_H1_NONE_dow_range_or_transition|PERIOD_M15_LONG_structure_trend_bias_dow_trend_up_hh_hl,true,h1_counter_m15_reversal,true,top_NONE_dow_range_or_transition|structure_LONG_structure_trend_bias_dow_trend_up_hh_hl|structure_break_recent_confirmed_swing_break_failed|primary_break_recent_confirmed_swing_break_continuation,none,above_75sma_rising,above_75sma_rising,below_75sma_flat_or_rising,-1,0.00000000,0,148.00900000,false,off,NONE,NONE,0.00000000,0.00000000,0.0000,none,0.000,true,SHORT,return_low_break_or_bos_down,147.88400000,13,148.19100000,147.74700000,false,off,independent,false,,,false,0.0000,none,0.0000,0.0000,none,0.0000,0.0000,0.0000,none,0.0000,0,0,0.0000,none,none,none,none,0.0000,0,0.0000,none,false,true,not_evaluated,true,required_light_or_anchor_flip,long_bias,147.74700000,2025.09.19 12:15:00,148.10000000,2025.09.19 05:00:00,2025.09.19 14:45:00,false,NONE,0.00000000,0.00000000,0.0000,-1,false,,-1,NONE,0.00000000,0.00000000,0.0000,0.0000,none,,none,false,NONE,-1,-1,-1,false,false,none,false,true,false,true,none,true,required,false,PERIOD_M5,,,-1,0.0000,false,0.00000000,0.0000,false,0.0000,false,none,none,false,no_anchor_flip_in_entry_direction,true,required_first_signal_only,SHORT,unknown,0.00000000,,0.00000000,,false,,-1,false,NONE,0.00000000,,0.00000000,0.0000,0.0000,none,-1,false,false,false,no_anchor_flip_in_entry_direction,,,,false,false,false,-1,-1,-1,-1,-1,false,false,false,0.0000,rising_n,false,148.19100000,147.65800000,4.7079,false,0.0000,0.0000,0,none,true,0.4068,preferred_382_618,0.200,diagnostic_only,diagnostic_only,diagnostic_only,shallow_pullback,6,0.440,true,none,0.590,high_quality,false,false,diagnostic_only,both,true,none,true,diagnostic_adjacent_detected,required_light,false,false,LONG,6,false,false,1,2025.09.19 14:55:00,2025.09.19 16:15:00,4,4.4921,0.00000000,147.89400000,147.89400000,false,false,none,0.00000000,false,0.0000,0.0000,false,1,0.0000,false,-1,0.00000000,0.0000,off,false,not_evaluated,none,0.0000,0.0000,none,false,false,false,0.0000,none,false,none,0.0000,false,none,4.4921,2.1180,2.1209,1.0357,false,no_shrink,0.0000,none,none,false,false,none,0.0000,0.0000,0.0000,0.0000,none,false,false,0.0000,0.0000,false,false,-1,none,none,false,0.000,0.000,147.92700000,147.89400000,147.85900000,session_low,0.05200000,0.2031,opening_range_low|neckline_level,147.92700000,0.1862,false,true,false,false,not_blocked,2,2,0,m5_failure_exit,off,none,0.00000000,0.0000,1.30,147.57800000,4.500,-0.300,0.200,PERIOD_M15,148.19100000,147.74700000,0.3694,outside,0.000,true,147.91100000,148.16700000,0.25600000,147.57800000,1.301,0.08592857,15.00,30-60,true,false,none,order_sent,4.800,4.800,none,0.0000,false,neckline_retest_failed,false,not_invalidated,
2025.09.22 04:00:00,signal,session_reversal_pullback_one_symbol_first120,AUDJPY,SHORT,2025.09.22 03:55:00,3,0,9,tokyo,2025.09.22 00:00,55,first_120min,true,true,3,AUDJPY,highest_score_in_session_bar,tokyo=USDJPY|EURJPY|GBPJPY|AUDJPY,existing_first120_gate,tokyo,false,false,true,passed_first_window,head_and_shoulders,neckline_break_retest,97.56300000,PERIOD_M5,PERIOD_H1,PERIOD_M15,PERIOD_M5,PERIOD_M5,false,htf_soft_alignment,current_post_filter,transcript_post_filter,dow_range_or_transition,no_ordered_dow_wave3_break,dow_range_or_transition,no_ordered_dow_wave3_break,false,false,true,SHORT,PERIOD_M5,head_and_shoulders,head_and_shoulders,4.500,none,0.000,head_and_shoulders,4.500,none,0.000,SHORT,false,PERIOD_H1_NONE_dow_range_or_transition|PERIOD_M15_NONE_no_ordered_dow_wave3_break,true,h1_counter_m15_reversal,true,top_NONE_dow_range_or_transition|structure_NONE_no_ordered_dow_wave3_break|structure_break_recent_confirmed_swing_break_failed|primary_break_recent_confirmed_swing_break_retest,none,below_75sma_falling,below_75sma_flat_or_rising,below_75sma_flat_or_rising,-1,0.00000000,0,97.55600000,false,off,NONE,NONE,0.00000000,0.00000000,0.0000,none,0.000,true,SHORT,return_low_break_or_bos_down,97.52100000,11,97.70400000,97.39500000,false,off,independent,false,,,false,0.0000,none,0.0000,0.0000,none,0.0000,0.0000,0.0000,none,0.0000,0,0,0.0000,none,none,none,none,0.0000,0,0.0000,none,false,true,not_evaluated,true,required_light_or_anchor_flip,long_bias,97.39500000,2025.09.22 00:30:00,97.61600000,2025.09.19 22:00:00,2025.09.22 03:00:00,false,NONE,0.00000000,0.00000000,0.0000,-1,false,,-1,NONE,0.00000000,0.00000000,0.0000,0.0000,none,,none,false,NONE,-1,-1,-1,false,false,none,false,true,false,true,none,true,required,false,PERIOD_M5,,,-1,0.0000,false,0.00000000,0.0000,false,0.0000,false,none,none,false,no_anchor_flip_in_entry_direction,true,required_first_signal_only,SHORT,unknown,0.00000000,,0.00000000,,false,,-1,false,NONE,0.00000000,,0.00000000,0.0000,0.0000,none,-1,false,false,false,no_anchor_flip_in_entry_direction,,,,false,false,false,-1,-1,-1,-1,-1,false,false,false,0.0000,rising_n,false,97.70400000,97.39500000,5.3606,false,0.0000,0.0000,0,none,true,0.4984,preferred_382_618,0.200,diagnostic_only,diagnostic_only,diagnostic_only,fib_pullback,24,0.450,true,none,0.600,high_quality,false,false,diagnostic_only,both,true,none,true,diagnostic_adjacent_detected,required_light,false,false,LONG,3,false,false,0,,,-1,0.0000,0.00000000,0.00000000,0.00000000,false,false,none,0.00000000,false,0.0000,0.0000,false,1,0.0000,false,-1,0.00000000,0.0000,off,false,not_evaluated,none,0.0000,0.0000,none,false,false,false,0.0000,none,false,none,0.0000,false,none,0.0000,0.0000,0.0000,0.0000,false,none,0.0000,none,none,false,false,none,0.0000,0.0000,0.0000,0.0000,none,false,false,0.0000,0.0000,false,false,-1,none,none,false,0.000,0.000,97.55600000,97.54000000,97.50000000,round_number,0.04900000,0.4455,session_low|opening_range_low|neckline_level,97.54000000,0.2456,false,true,true,false,not_blocked,2,1,1,m5_failure_exit,off,none,0.00000000,0.0000,1.30,97.40600000,4.500,-0.300,0.200,PERIOD_M15,97.61600000,97.39500000,0.6968,deep_618_786,0.000,true,97.54900000,97.65900000,0.11000000,97.40600000,1.300,0.03664286,28.00,30-60,true,false,none,not_consumed,4.800,4.800,none,0.0000,false,opposite_break_first,true,opposite_break_first,spread_too_high
2025.09.22 04:00:00,blocked,session_reversal_pullback_one_symbol_first120,AUDJPY,SHORT,2025.09.22 03:55:00,3,0,9,tokyo,2025.09.22 00:00,55,first_120min,true,true,3,AUDJPY,highest_score_in_session_bar,tokyo=USDJPY|EURJPY|GBPJPY|AUDJPY,existing_first120_gate,tokyo,false,false,true,passed_first_window,head_and_shoulders,neckline_break_retest,97.56300000,PERIOD_M5,PERIOD_H1,PERIOD_M15,PERIOD_M5,PERIOD_M5,false,htf_soft_alignment,current_post_filter,transcript_post_filter,dow_range_or_transition,no_ordered_dow_wave3_break,dow_range_or_transition,no_ordered_dow_wave3_break,false,false,true,SHORT,PERIOD_M5,head_and_shoulders,head_and_shoulders,4.500,none,0.000,head_and_shoulders,4.500,none,0.000,SHORT,false,PERIOD_H1_NONE_dow_range_or_transition|PERIOD_M15_NONE_no_ordered_dow_wave3_break,true,h1_counter_m15_reversal,true,top_NONE_dow_range_or_transition|structure_NONE_no_ordered_dow_wave3_break|structure_break_recent_confirmed_swing_break_failed|primary_break_recent_confirmed_swing_break_retest,none,below_75sma_falling,below_75sma_flat_or_rising,below_75sma_flat_or_rising,-1,0.00000000,0,97.55600000,false,off,NONE,NONE,0.00000000,0.00000000,0.0000,none,0.000,true,SHORT,return_low_break_or_bos_down,97.52100000,11,97.70400000,97.39500000,false,off,independent,false,,,false,0.0000,none,0.0000,0.0000,none,0.0000,0.0000,0.0000,none,0.0000,0,0,0.0000,none,none,none,none,0.0000,0,0.0000,none,false,true,not_evaluated,true,required_light_or_anchor_flip,long_bias,97.39500000,2025.09.22 00:30:00,97.61600000,2025.09.19 22:00:00,2025.09.22 03:00:00,false,NONE,0.00000000,0.00000000,0.0000,-1,false,,-1,NONE,0.00000000,0.00000000,0.0000,0.0000,none,,none,false,NONE,-1,-1,-1,false,false,none,false,true,false,true,none,true,required,false,PERIOD_M5,,,-1,0.0000,false,0.00000000,0.0000,false,0.0000,false,none,none,false,no_anchor_flip_in_entry_direction,true,required_first_signal_only,SHORT,unknown,0.00000000,,0.00000000,,false,,-1,false,NONE,0.00000000,,0.00000000,0.0000,0.0000,none,-1,false,false,false,no_anchor_flip_in_entry_direction,,,,false,false,false,-1,-1,-1,-1,-1,false,false,false,0.0000,rising_n,false,97.70400000,97.39500000,5.3606,false,0.0000,0.0000,0,none,true,0.4984,preferred_382_618,0.200,diagnostic_only,diagnostic_only,diagnostic_only,fib_pullback,24,0.450,true,none,0.600,high_quality,false,false,diagnostic_only,both,true,none,true,diagnostic_adjacent_detected,required_light,false,false,LONG,3,false,false,0,,,-1,0.0000,0.00000000,0.00000000,0.00000000,false,false,none,0.00000000,false,0.0000,0.0000,false,1,0.0000,false,-1,0.00000000,0.0000,off,false,not_evaluated,none,0.0000,0.0000,none,false,false,false,0.0000,none,false,none,0.0000,false,none,0.0000,0.0000,0.0000,0.0000,false,none,0.0000,none,none,false,false,none,0.0000,0.0000,0.0000,0.0000,none,false,false,0.0000,0.0000,false,false,-1,none,none,false,0.000,0.000,97.55600000,97.54000000,97.50000000,round_number,0.04900000,0.4455,session_low|opening_range_low|neckline_level,97.54000000,0.2456,false,true,true,false,not_blocked,2,1,1,m5_failure_exit,off,none,0.00000000,0.0000,1.30,97.40600000,4.500,-0.300,0.200,PERIOD_M15,97.61600000,97.39500000,0.6968,deep_618_786,0.000,true,97.54900000,97.65900000,0.11000000,97.40600000,1.300,0.03664286,28.00,30-60,true,false,none,blocked_spread_too_high,4.800,4.800,none,0.0000,false,opposite_break_first,true,opposite_break_first,spread_too_high
2025.09.22 16:25:00,signal,session_reversal_pullback_one_symbol_first120,GBPJPY,SHORT,2025.09.22 16:20:00,16,13,22,london_newyork_overlap,2025.09.22 13:00,20,first_120min,true,true,3,GBPJPY,highest_score_in_session_bar,london_newyork_overlap=USDJPY|EURJPY|GBPJPY|AUDJPY|EURUSD|GBPUSD,existing_first120_gate,london_newyork_overlap,false,false,true,passed_first_window,head_and_shoulders,neckline_break_retest,199.61400000,PERIOD_M5,PERIOD_H1,PERIOD_M15,PERIOD_M5,PERIOD_M5,false,htf_soft_alignment,current_post_filter,transcript_post_filter,dow_range_or_transition,structure_trend_bias_dow_trend_down_ll_lh,dow_range_or_transition,structure_trend_bias_dow_trend_down_ll_lh,false,true,true,SHORT,PERIOD_M5,head_and_shoulders,head_and_shoulders,4.500,none,0.000,head_and_shoulders,4.500,none,0.000,SHORT,false,PERIOD_H1_NONE_dow_range_or_transition|PERIOD_M15_SHORT_structure_trend_bias_dow_trend_down_ll_lh,true,h1_counter_m15_reversal,true,top_NONE_dow_range_or_transition|structure_SHORT_structure_trend_bias_dow_trend_down_ll_lh|structure_break_recent_confirmed_swing_break_failed|primary_break_recent_confirmed_swing_break_retest,none,below_75sma_falling,above_75sma_rising,below_75sma_flat_or_rising,-1,0.00000000,0,199.58900000,false,off,NONE,NONE,0.00000000,0.00000000,0.0000,none,0.000,true,SHORT,return_low_break_or_bos_down,199.45300000,23,199.77000000,199.36000000,false,off,independent,false,,,false,0.0000,none,0.0000,0.0000,none,0.0000,0.0000,0.0000,none,0.0000,0,0,0.0000,none,none,none,none,0.0000,0,0.0000,none,false,true,not_evaluated,true,required_light_or_anchor_flip,short_bias,199.52700000,2025.09.22 08:00:00,199.69500000,2025.09.22 13:30:00,2025.09.22 15:00:00,false,NONE,0.00000000,0.00000000,0.0000,-1,false,,-1,NONE,0.00000000,0.00000000,0.0000,0.0000,none,,none,false,NONE,-1,-1,-1,false,false,none,true,false,false,true,none,true,required,false,PERIOD_M5,,,-1,0.0000,false,0.00000000,0.0000,false,0.0000,false,none,none,false,no_anchor_flip_in_entry_direction,true,required_first_signal_only,SHORT,unknown,0.00000000,,0.00000000,,false,,-1,false,NONE,0.00000000,,0.00000000,0.0000,0.0000,none,-1,false,false,false,no_anchor_flip_in_entry_direction,,,,false,false,false,-1,-1,-1,-1,-1,false,false,false,0.0000,falling_n,false,199.75400000,199.36000000,3.4176,false,0.0000,0.0000,0,none,true,0.5244,preferred_382_618,0.200,diagnostic_only,diagnostic_only,diagnostic_only,shallow_pullback,24,0.400,true,none,0.550,high_quality,false,false,diagnostic_only,both,true,none,true,diagnostic_adjacent_detected,required_light,false,false,LONG,3,false,false,0,,,-1,0.0000,0.00000000,0.00000000,0.00000000,false,false,none,0.00000000,false,0.0000,0.0000,false,1,0.0000,false,-1,0.00000000,0.0000,off,false,not_evaluated,none,0.0000,0.0000,none,false,false,false,0.0000,none,false,none,0.0000,false,none,0.0000,0.0000,0.0000,0.0000,false,none,0.0000,none,none,false,false,none,0.0000,0.0000,0.0000,0.0000,none,false,false,0.0000,0.0000,false,false,-1,none,none,false,0.000,0.000,199.61400000,199.56300000,199.50000000,round_number,0.07500000,0.3589,session_low|opening_range_low|neckline_level,199.56300000,0.1491,false,true,true,false,not_blocked,5,4,1,m5_failure_exit,off,none,0.00000000,0.0000,1.30,199.30300000,4.500,-0.300,0.200,PERIOD_M15,199.69500000,199.37900000,0.6203,deep_618_786,0.000,true,199.57500000,199.78400000,0.20900000,199.30300000,1.301,0.08050000,38.00,0-30,true,false,none,not_consumed,4.800,4.800,none,0.0000,false,opposite_break_first,true,opposite_break_first,spread_too_high
2025.09.22 16:25:00,blocked,session_reversal_pullback_one_symbol_first120,GBPJPY,SHORT,2025.09.22 16:20:00,16,13,22,london_newyork_overlap,2025.09.22 13:00,20,first_120min,true,true,3,GBPJPY,highest_score_in_session_bar,london_newyork_overlap=USDJPY|EURJPY|GBPJPY|AUDJPY|EURUSD|GBPUSD,existing_first120_gate,london_newyork_overlap,false,false,true,passed_first_window,head_and_shoulders,neckline_break_retest,199.61400000,PERIOD_M5,PERIOD_H1,PERIOD_M15,PERIOD_M5,PERIOD_M5,false,htf_soft_alignment,current_post_filter,transcript_post_filter,dow_range_or_transition,structure_trend_bias_dow_trend_down_ll_lh,dow_range_or_transition,structure_trend_bias_dow_trend_down_ll_lh,false,true,true,SHORT,PERIOD_M5,head_and_shoulders,head_and_shoulders,4.500,none,0.000,head_and_shoulders,4.500,none,0.000,SHORT,false,PERIOD_H1_NONE_dow_range_or_transition|PERIOD_M15_SHORT_structure_trend_bias_dow_trend_down_ll_lh,true,h1_counter_m15_reversal,true,top_NONE_dow_range_or_transition|structure_SHORT_structure_trend_bias_dow_trend_down_ll_lh|structure_break_recent_confirmed_swing_break_failed|primary_break_recent_confirmed_swing_break_retest,none,below_75sma_falling,above_75sma_rising,below_75sma_flat_or_rising,-1,0.00000000,0,199.58900000,false,off,NONE,NONE,0.00000000,0.00000000,0.0000,none,0.000,true,SHORT,return_low_break_or_bos_down,199.45300000,23,199.77000000,199.36000000,false,off,independent,false,,,false,0.0000,none,0.0000,0.0000,none,0.0000,0.0000,0.0000,none,0.0000,0,0,0.0000,none,none,none,none,0.0000,0,0.0000,none,false,true,not_evaluated,true,required_light_or_anchor_flip,short_bias,199.52700000,2025.09.22 08:00:00,199.69500000,2025.09.22 13:30:00,2025.09.22 15:00:00,false,NONE,0.00000000,0.00000000,0.0000,-1,false,,-1,NONE,0.00000000,0.00000000,0.0000,0.0000,none,,none,false,NONE,-1,-1,-1,false,false,none,true,false,false,true,none,true,required,false,PERIOD_M5,,,-1,0.0000,false,0.00000000,0.0000,false,0.0000,false,none,none,false,no_anchor_flip_in_entry_direction,true,required_first_signal_only,SHORT,unknown,0.00000000,,0.00000000,,false,,-1,false,NONE,0.00000000,,0.00000000,0.0000,0.0000,none,-1,false,false,false,no_anchor_flip_in_entry_direction,,,,false,false,false,-1,-1,-1,-1,-1,false,false,false,0.0000,falling_n,false,199.75400000,199.36000000,3.4176,false,0.0000,0.0000,0,none,true,0.5244,preferred_382_618,0.200,diagnostic_only,diagnostic_only,diagnostic_only,shallow_pullback,24,0.400,true,none,0.550,high_quality,false,false,diagnostic_only,both,true,none,true,diagnostic_adjacent_detected,required_light,false,false,LONG,3,false,false,0,,,-1,0.0000,0.00000000,0.00000000,0.00000000,false,false,none,0.00000000,false,0.0000,0.0000,false,1,0.0000,false,-1,0.00000000,0.0000,off,false,not_evaluated,none,0.0000,0.0000,none,false,false,false,0.0000,none,false,none,0.0000,false,none,0.0000,0.0000,0.0000,0.0000,false,none,0.0000,none,none,false,false,none,0.0000,0.0000,0.0000,0.0000,none,false,false,0.0000,0.0000,false,false,-1,none,none,false,0.000,0.000,199.61400000,199.56300000,199.50000000,round_number,0.07500000,0.3589,session_low|opening_range_low|neckline_level,199.56300000,0.1491,false,true,true,false,not_blocked,5,4,1,m5_failure_exit,off,none,0.00000000,0.0000,1.30,199.30300000,4.500,-0.300,0.200,PERIOD_M15,199.69500000,199.37900000,0.6203,deep_618_786,0.000,true,199.57500000,199.78400000,0.20900000,199.30300000,1.301,0.08050000,38.00,0-30,true,false,none,blocked_spread_too_high,4.800,4.800,none,0.0000,false,opposite_break_first,true,opposite_break_first,spread_too_high
2025.09.23 11:30:00,signal,session_reversal_pullback_one_symbol_first120,EURUSD,LONG,2025.09.23 11:25:00,11,8,17,london,2025.09.23 07:00,85,first_120min,false,true,3,EURUSD,highest_score_in_session_bar,london=USDJPY|EURJPY|GBPJPY|AUDJPY|EURUSD|GBPUSD,existing_first120_gate,london,false,false,true,passed_first_window,inverse_head_and_shoulders,neckline_break_retest,1.17923000,PERIOD_M5,PERIOD_H1,PERIOD_M15,PERIOD_M5,PERIOD_M5,false,htf_soft_alignment,current_post_filter,transcript_post_filter,dow_range_or_transition,structure_trend_bias_dow_trend_down_ll_lh,dow_range_or_transition,structure_trend_bias_dow_trend_down_ll_lh,false,true,false,LONG,PERIOD_M5,inverse_head_and_shoulders,inverse_head_and_shoulders,4.500,none,0.000,inverse_head_and_shoulders,4.500,none,0.000,LONG,false,PERIOD_H1_NONE_dow_range_or_transition|PERIOD_M15_SHORT_structure_trend_bias_dow_trend_down_ll_lh,true,h1_counter_m15_reversal,true,top_NONE_dow_range_or_transition|structure_SHORT_structure_trend_bias_dow_trend_down_ll_lh|structure_break_recent_confirmed_swing_break_failed|primary_break_no_recent_confirmed_swing_break,none,above_75sma_flat_or_falling,above_75sma_rising,below_75sma_falling,-1,0.00000000,-1,0.00000000,false,off,NONE,NONE,0.00000000,0.00000000,0.0000,none,0.000,true,LONG,return_high_break_or_bos_up,1.18030000,18,1.18041000,1.17772000,false,off,independent,false,,,false,0.0000,none,0.0000,0.0000,none,0.0000,0.0000,0.0000,none,0.0000,0,0,0.0000,none,none,none,none,0.0000,0,0.0000,none,false,true,not_evaluated,true,required_light_or_anchor_flip,short_bias,1.17961000,2025.09.23 03:00:00,1.18041000,2025.09.23 08:30:00,2025.09.23 10:15:00,false,NONE,0.00000000,0.00000000,0.0000,-1,false,,-1,NONE,0.00000000,0.00000000,0.0000,0.0000,none,,none,false,NONE,-1,-1,-1,false,false,none,false,true,false,true,none,true,required,false,PERIOD_M5,,,-1,0.0000,false,0.00000000,0.0000,false,0.0000,false,none,none,false,no_anchor_flip_in_entry_direction,true,required_first_signal_only,LONG,unknown,0.00000000,,0.00000000,,false,,-1,false,NONE,0.00000000,,0.00000000,0.0000,0.0000,none,-1,false,false,false,no_anchor_flip_in_entry_direction,,,,false,false,false,-1,-1,-1,-1,-1,false,false,false,0.0000,falling_n,false,1.18072000,1.17772000,3.6617,false,0.0000,0.0000,0,none,true,0.3774,shallow_236_382,0.080,diagnostic_only,diagnostic_only,diagnostic_only,fib_pullback,4,0.370,true,none,0.520,high_quality,false,false,diagnostic_only,both,true,none,true,diagnostic_adjacent_detected,required_light,false,false,SHORT,6,false,false,1,2025.09.23 09:45:00,2025.09.23 11:05:00,4,4.4219,1.17994000,0.00000000,1.17994000,false,false,none,0.00000000,false,0.0000,0.0000,false,1,0.0000,false,-1,0.00000000,0.0000,off,false,not_evaluated,none,0.0000,0.0000,none,false,false,false,0.0000,none,false,none,0.0000,false,none,2.6698,4.4219,0.6038,0.0000,true,strong_exhaustion,0.0000,none,none,false,false,none,0.0000,0.0000,0.0000,0.0000,none,false,false,0.0000,0.0000,false,false,-1,none,none,false,0.000,0.000,1.17994000,1.17923000,1.17994000,session_high,0.00029000,0.1611,neckline_level,1.17923000,0.7008,false,true,true,false,not_blocked,9,7,2,m5_failure_exit,off,none,0.00000000,0.0000,1.30,1.18199000,4.500,-0.300,0.200,PERIOD_M15,1.18037000,1.17772000,0.2717,outside,0.000,true,1.17965000,1.17785000,0.00180000,1.18199000,1.300,0.00059929,18.00,60-90,true,false,none,not_consumed,4.600,4.600,none,0.0000,false,opposite_break_first,true,opposite_break_first,spread_too_high
2025.09.23 11:30:00,blocked,session_reversal_pullback_one_symbol_first120,EURUSD,LONG,2025.09.23 11:25:00,11,8,17,london,2025.09.23 07:00,85,first_120min,false,true,3,EURUSD,highest_score_in_session_bar,london=USDJPY|EURJPY|GBPJPY|AUDJPY|EURUSD|GBPUSD,existing_first120_gate,london,false,false,true,passed_first_window,inverse_head_and_shoulders,neckline_break_retest,1.17923000,PERIOD_M5,PERIOD_H1,PERIOD_M15,PERIOD_M5,PERIOD_M5,false,htf_soft_alignment,current_post_filter,transcript_post_filter,dow_range_or_transition,structure_trend_bias_dow_trend_down_ll_lh,dow_range_or_transition,structure_trend_bias_dow_trend_down_ll_lh,false,true,false,LONG,PERIOD_M5,inverse_head_and_shoulders,inverse_head_and_shoulders,4.500,none,0.000,inverse_head_and_shoulders,4.500,none,0.000,LONG,false,PERIOD_H1_NONE_dow_range_or_transition|PERIOD_M15_SHORT_structure_trend_bias_dow_trend_down_ll_lh,true,h1_counter_m15_reversal,true,top_NONE_dow_range_or_transition|structure_SHORT_structure_trend_bias_dow_trend_down_ll_lh|structure_break_recent_confirmed_swing_break_failed|primary_break_no_recent_confirmed_swing_break,none,above_75sma_flat_or_falling,above_75sma_rising,below_75sma_falling,-1,0.00000000,-1,0.00000000,false,off,NONE,NONE,0.00000000,0.00000000,0.0000,none,0.000,true,LONG,return_high_break_or_bos_up,1.18030000,18,1.18041000,1.17772000,false,off,independent,false,,,false,0.0000,none,0.0000,0.0000,none,0.0000,0.0000,0.0000,none,0.0000,0,0,0.0000,none,none,none,none,0.0000,0,0.0000,none,false,true,not_evaluated,true,required_light_or_anchor_flip,short_bias,1.17961000,2025.09.23 03:00:00,1.18041000,2025.09.23 08:30:00,2025.09.23 10:15:00,false,NONE,0.00000000,0.00000000,0.0000,-1,false,,-1,NONE,0.00000000,0.00000000,0.0000,0.0000,none,,none,false,NONE,-1,-1,-1,false,false,none,false,true,false,true,none,true,required,false,PERIOD_M5,,,-1,0.0000,false,0.00000000,0.0000,false,0.0000,false,none,none,false,no_anchor_flip_in_entry_direction,true,required_first_signal_only,LONG,unknown,0.00000000,,0.00000000,,false,,-1,false,NONE,0.00000000,,0.00000000,0.0000,0.0000,none,-1,false,false,false,no_anchor_flip_in_entry_direction,,,,false,false,false,-1,-1,-1,-1,-1,false,false,false,0.0000,falling_n,false,1.18072000,1.17772000,3.6617,false,0.0000,0.0000,0,none,true,0.3774,shallow_236_382,0.080,diagnostic_only,diagnostic_only,diagnostic_only,fib_pullback,4,0.370,true,none,0.520,high_quality,false,false,diagnostic_only,both,true,none,true,diagnostic_adjacent_detected,required_light,false,false,SHORT,6,false,false,1,2025.09.23 09:45:00,2025.09.23 11:05:00,4,4.4219,1.17994000,0.00000000,1.17994000,false,false,none,0.00000000,false,0.0000,0.0000,false,1,0.0000,false,-1,0.00000000,0.0000,off,false,not_evaluated,none,0.0000,0.0000,none,false,false,false,0.0000,none,false,none,0.0000,false,none,2.6698,4.4219,0.6038,0.0000,true,strong_exhaustion,0.0000,none,none,false,false,none,0.0000,0.0000,0.0000,0.0000,none,false,false,0.0000,0.0000,false,false,-1,none,none,false,0.000,0.000,1.17994000,1.17923000,1.17994000,session_high,0.00029000,0.1611,neckline_level,1.17923000,0.7008,false,true,true,false,not_blocked,9,7,2,m5_failure_exit,off,none,0.00000000,0.0000,1.30,1.18199000,4.500,-0.300,0.200,PERIOD_M15,1.18037000,1.17772000,0.2717,outside,0.000,true,1.17965000,1.17785000,0.00180000,1.18199000,1.300,0.00059929,18.00,60-90,true,false,none,blocked_spread_too_high,4.600,4.600,none,0.0000,false,opposite_break_first,true,opposite_break_first,spread_too_high
2025.09.23 16:50:00,signal,session_reversal_pullback_one_symbol_first120,GBPUSD,SHORT,2025.09.23 16:45:00,16,13,22,london_newyork_overlap,2025.09.23 13:00,45,first_120min,true,true,3,GBPUSD,highest_score_in_session_bar,london_newyork_overlap=USDJPY|EURJPY|GBPJPY|AUDJPY|EURUSD|GBPUSD,existing_first120_gate,london_newyork_overlap,false,false,true,passed_first_window,head_and_shoulders,neckline_break_retest,1.35195000,PERIOD_M5,PERIOD_H1,PERIOD_M15,PERIOD_M5,PERIOD_M5,false,htf_soft_alignment,current_post_filter,transcript_post_filter,dow_range_or_transition,structure_trend_bias_dow_trend_down_ll_lh,dow_range_or_transition,structure_trend_bias_dow_trend_down_ll_lh,false,false,true,SHORT,PERIOD_M5,head_and_shoulders,head_and_shoulders,4.500,none,0.000,head_and_shoulders,4.500,none,0.000,SHORT,false,PERIOD_H1_NONE_dow_range_or_transition|PERIOD_M15_SHORT_structure_trend_bias_dow_trend_down_ll_lh,true,h1_counter_m15_reversal,true,top_NONE_dow_range_or_transition|structure_SHORT_structure_trend_bias_dow_trend_down_ll_lh|structure_break_recent_confirmed_swing_break_failed|primary_break_recent_confirmed_swing_break_retest,none,above_75sma_flat_or_falling,above_75sma_rising,below_75sma_flat_or_rising,-1,0.00000000,0,1.35102000,false,off,NONE,NONE,0.00000000,0.00000000,0.0000,none,0.000,true,SHORT,return_low_break_or_bos_down,1.35015000,12,1.35189000,1.34861000,false,off,independent,false,,,false,0.0000,none,0.0000,0.0000,none,0.0000,0.0000,0.0000,none,0.0000,0,0,0.0000,none,none,none,none,0.0000,0,0.0000,none,false,true,not_evaluated,true,required_light_or_anchor_flip,short_bias,1.35041000,2025.09.23 10:00:00,1.35269000,2025.09.23 11:15:00,2025.09.23 11:30:00,false,NONE,0.00000000,0.00000000,0.0000,-1,false,,-1,NONE,0.00000000,0.00000000,0.0000,0.0000,none,,none,false,NONE,-1,-1,-1,false,false,none,true,false,false,true,none,true,required,false,PERIOD_M5,,,-1,0.0000,false,0.00000000,0.0000,false,0.0000,false,none,none,false,no_anchor_flip_in_entry_direction,true,required_first_signal_only,SHORT,unknown,0.00000000,,0.00000000,,false,,-1,false,NONE,0.00000000,,0.00000000,0.0000,0.0000,none,-1,false,false,false,no_anchor_flip_in_entry_direction,,,,false,false,false,-1,-1,-1,-1,-1,false,false,false,0.0000,range_n,true,1.35269000,1.34861000,4.6897,false,0.0000,0.0000,0,none,true,0.4677,preferred_382_618,0.200,diagnostic_only,diagnostic_only,diagnostic_only,deep_pullback,10,0.440,true,none,0.590,high_quality,false,false,diagnostic_only,both,true,none,true,diagnostic_adjacent_detected,required_light,false,false,LONG,7,false,false,2,2025.09.23 15:05:00,2025.09.23 16:05:00,8,4.0935,0.00000000,1.35102000,1.35102000,true,true,m5_hl_close_break_down,1.35102000,true,0.1370,0.8370,true,1,0.0000,false,0,1.35102000,1.7500,off,false,not_evaluated,none,0.9764,0.0236,strong,false,false,false,0.0000,no_following_closed_bar,false,none,0.0000,false,no_retest,3.8804,1.3848,2.8022,2.7087,false,no_shrink,0.0000,none,none,false,false,none,0.0000,0.0000,0.0000,0.0000,none,false,false,0.0000,0.0000,false,false,-1,none,none,false,0.000,0.000,1.35133000,1.35090000,1.35088000,pre_session_low,0.00005000,0.0254,session_low|opening_range_low|neckline_level,1.35090000,0.0457,false,true,true,false,not_blocked,5,3,2,m5_failure_exit,off,none,0.00000000,0.0000,1.30,1.34837000,4.500,-0.300,0.200,PERIOD_M15,1.35189000,1.34861000,0.7073,deep_618_786,0.000,true,1.35093000,1.35290000,0.00197000,1.34837000,1.299,0.00065714,20.00,30-60,true,false,none,not_consumed,4.800,4.800,none,0.0000,false,opposite_break_first,true,opposite_break_first,spread_too_high
2025.09.23 16:50:00,blocked,session_reversal_pullback_one_symbol_first120,GBPUSD,SHORT,2025.09.23 16:45:00,16,13,22,london_newyork_overlap,2025.09.23 13:00,45,first_120min,true,true,3,GBPUSD,highest_score_in_session_bar,london_newyork_overlap=USDJPY|EURJPY|GBPJPY|AUDJPY|EURUSD|GBPUSD,existing_first120_gate,london_newyork_overlap,false,false,true,passed_first_window,head_and_shoulders,neckline_break_retest,1.35195000,PERIOD_M5,PERIOD_H1,PERIOD_M15,PERIOD_M5,PERIOD_M5,false,htf_soft_alignment,current_post_filter,transcript_post_filter,dow_range_or_transition,structure_trend_bias_dow_trend_down_ll_lh,dow_range_or_transition,structure_trend_bias_dow_trend_down_ll_lh,false,false,true,SHORT,PERIOD_M5,head_and_shoulders,head_and_shoulders,4.500,none,0.000,head_and_shoulders,4.500,none,0.000,SHORT,false,PERIOD_H1_NONE_dow_range_or_transition|PERIOD_M15_SHORT_structure_trend_bias_dow_trend_down_ll_lh,true,h1_counter_m15_reversal,true,top_NONE_dow_range_or_transition|structure_SHORT_structure_trend_bias_dow_trend_down_ll_lh|structure_break_recent_confirmed_swing_break_failed|primary_break_recent_confirmed_swing_break_retest,none,above_75sma_flat_or_falling,above_75sma_rising,below_75sma_flat_or_rising,-1,0.00000000,0,1.35102000,false,off,NONE,NONE,0.00000000,0.00000000,0.0000,none,0.000,true,SHORT,return_low_break_or_bos_down,1.35015000,12,1.35189000,1.34861000,false,off,independent,false,,,false,0.0000,none,0.0000,0.0000,none,0.0000,0.0000,0.0000,none,0.0000,0,0,0.0000,none,none,none,none,0.0000,0,0.0000,none,false,true,not_evaluated,true,required_light_or_anchor_flip,short_bias,1.35041000,2025.09.23 10:00:00,1.35269000,2025.09.23 11:15:00,2025.09.23 11:30:00,false,NONE,0.00000000,0.00000000,0.0000,-1,false,,-1,NONE,0.00000000,0.00000000,0.0000,0.0000,none,,none,false,NONE,-1,-1,-1,false,false,none,true,false,false,true,none,true,required,false,PERIOD_M5,,,-1,0.0000,false,0.00000000,0.0000,false,0.0000,false,none,none,false,no_anchor_flip_in_entry_direction,true,required_first_signal_only,SHORT,unknown,0.00000000,,0.00000000,,false,,-1,false,NONE,0.00000000,,0.00000000,0.0000,0.0000,none,-1,false,false,false,no_anchor_flip_in_entry_direction,,,,false,false,false,-1,-1,-1,-1,-1,false,false,false,0.0000,range_n,true,1.35269000,1.34861000,4.6897,false,0.0000,0.0000,0,none,true,0.4677,preferred_382_618,0.200,diagnostic_only,diagnostic_only,diagnostic_only,deep_pullback,10,0.440,true,none,0.590,high_quality,false,false,diagnostic_only,both,true,none,true,diagnostic_adjacent_detected,required_light,false,false,LONG,7,false,false,2,2025.09.23 15:05:00,2025.09.23 16:05:00,8,4.0935,0.00000000,1.35102000,1.35102000,true,true,m5_hl_close_break_down,1.35102000,true,0.1370,0.8370,true,1,0.0000,false,0,1.35102000,1.7500,off,false,not_evaluated,none,0.9764,0.0236,strong,false,false,false,0.0000,no_following_closed_bar,false,none,0.0000,false,no_retest,3.8804,1.3848,2.8022,2.7087,false,no_shrink,0.0000,none,none,false,false,none,0.0000,0.0000,0.0000,0.0000,none,false,false,0.0000,0.0000,false,false,-1,none,none,false,0.000,0.000,1.35133000,1.35090000,1.35088000,pre_session_low,0.00005000,0.0254,session_low|opening_range_low|neckline_level,1.35090000,0.0457,false,true,true,false,not_blocked,5,3,2,m5_failure_exit,off,none,0.00000000,0.0000,1.30,1.34837000,4.500,-0.300,0.200,PERIOD_M15,1.35189000,1.34861000,0.7073,deep_618_786,0.000,true,1.35093000,1.35290000,0.00197000,1.34837000,1.299,0.00065714,20.00,30-60,true,false,none,blocked_spread_too_high,4.800,4.800,none,0.0000,false,opposite_break_first,true,opposite_break_first,spread_too_high
2025.09.23 19:05:00,signal,session_reversal_pullback_one_symbol_first120,EURUSD,LONG,2025.09.23 19:00:00,19,16,1,new_york,2025.09.23 16:00,0,first_120min,true,true,3,EURUSD,highest_score_in_session_bar,new_york=USDJPY|EURJPY|GBPJPY|AUDJPY|EURUSD|GBPUSD,existing_first120_gate,new_york,false,false,true,passed_first_window,inverse_head_and_shoulders,neckline_break_retest,1.17942000,PERIOD_M5,PERIOD_H1,PERIOD_M15,PERIOD_M5,PERIOD_M5,false,htf_soft_alignment,current_post_filter,transcript_post_filter,dow_range_or_transition,no_ordered_dow_wave3_break,dow_range_or_transition,no_ordered_dow_wave3_break,false,true,false,LONG,PERIOD_M5,inverse_head_and_shoulders,inverse_head_and_shoulders,4.500,none,0.000,inverse_head_and_shoulders,4.500,none,0.000,LONG,false,PERIOD_H1_NONE_dow_range_or_transition|PERIOD_M15_NONE_no_ordered_dow_wave3_break,true,h1_counter_m15_reversal,true,top_NONE_dow_range_or_transition|structure_NONE_no_ordered_dow_wave3_break|structure_break_recent_confirmed_swing_break_failed|primary_break_no_recent_confirmed_swing_break,none,above_75sma_flat_or_falling,below_75sma_falling,above_75sma_flat_or_falling,-1,0.00000000,-1,0.00000000,false,off,NONE,NONE,0.00000000,0.00000000,0.0000,none,0.000,true,LONG,return_high_break_or_bos_up,1.18041000,23,1.18059000,1.17835000,false,off,independent,false,,,false,0.0000,none,0.0000,0.0000,none,0.0000,0.0000,0.0000,none,0.0000,0,0,0.0000,none,none,none,none,0.0000,0,0.0000,none,false,true,not_evaluated,true,required_light_or_anchor_flip,long_bias,1.17835000,2025.09.23 16:45:00,1.17989000,2025.09.23 14:00:00,2025.09.23 17:00:00,false,NONE,0.00000000,0.00000000,0.0000,-1,false,,-1,NONE,0.00000000,0.00000000,0.0000,0.0000,none,,none,false,NONE,-1,-1,-1,false,false,none,true,false,false,true,none,true,required,false,PERIOD_M5,,,-1,0.0000,false,0.00000000,0.0000,false,0.0000,false,none,none,false,no_anchor_flip_in_entry_direction,true,required_first_signal_only,LONG,unknown,0.00000000,,0.00000000,,false,,-1,false,NONE,0.00000000,,0.00000000,0.0000,0.0000,none,-1,false,false,false,no_anchor_flip_in_entry_direction,,,,false,false,false,-1,-1,-1,-1,-1,false,false,false,0.0000,range_n,true,1.18044000,1.17835000,2.6313,false,0.0000,0.0000,0,none,true,0.3884,preferred_382_618,0.200,diagnostic_only,diagnostic_only,diagnostic_only,deep_pullback,24,0.450,true,none,0.600,high_quality,false,false,diagnostic_only,both,true,none,true,diagnostic_adjacent_detected,required_light,false,false,SHORT,6,false,false,2,2025.09.23 17:00:00,2025.09.23 18:35:00,5,4.3058,1.18008000,0.00000000,1.18008000,false,false,none,0.00000000,false,0.0000,0.0000,false,1,0.0000,false,-1,0.00000000,0.0000,off,false,not_evaluated,none,0.0000,0.0000,none,false,false,false,0.0000,none,false,none,0.0000,false,none,3.4200,3.1002,1.1032,1.2056,false,no_shrink,0.0000,none,none,false,false,none,0.0000,0.0000,0.0000,0.0000,none,false,false,0.0000,0.0000,false,false,-1,none,none,false,0.000,0.000,1.17985000,1.17960481,1.17985000,pre_session_high,0.00013000,0.1182,neckline_level,1.17942000,0.7381,false,true,true,false,not_blocked,8,6,2,m5_failure_exit,off,none,0.00000000,0.0000,1.30,1.18115000,4.500,-0.300,0.200,PERIOD_M15,1.18044000,1.17835000,0.3445,outside,0.000,true,1.17972000,1.17862000,0.00110000,1.18115000,1.300,0.00040643,18.00,0-30,true,false,none,not_consumed,4.600,4.600,none,0.0000,false,neckline_retest_failed,false,not_invalidated,spread_too_high
2025.09.23 19:05:00,blocked,session_reversal_pullback_one_symbol_first120,EURUSD,LONG,2025.09.23 19:00:00,19,16,1,new_york,2025.09.23 16:00,0,first_120min,true,true,3,EURUSD,highest_score_in_session_bar,new_york=USDJPY|EURJPY|GBPJPY|AUDJPY|EURUSD|GBPUSD,existing_first120_gate,new_york,false,false,true,passed_first_window,inverse_head_and_shoulders,neckline_break_retest,1.17942000,PERIOD_M5,PERIOD_H1,PERIOD_M15,PERIOD_M5,PERIOD_M5,false,htf_soft_alignment,current_post_filter,transcript_post_filter,dow_range_or_transition,no_ordered_dow_wave3_break,dow_range_or_transition,no_ordered_dow_wave3_break,false,true,false,LONG,PERIOD_M5,inverse_head_and_shoulders,inverse_head_and_shoulders,4.500,none,0.000,inverse_head_and_shoulders,4.500,none,0.000,LONG,false,PERIOD_H1_NONE_dow_range_or_transition|PERIOD_M15_NONE_no_ordered_dow_wave3_break,true,h1_counter_m15_reversal,true,top_NONE_dow_range_or_transition|structure_NONE_no_ordered_dow_wave3_break|structure_break_recent_confirmed_swing_break_failed|primary_break_no_recent_confirmed_swing_break,none,above_75sma_flat_or_falling,below_75sma_falling,above_75sma_flat_or_falling,-1,0.00000000,-1,0.00000000,false,off,NONE,NONE,0.00000000,0.00000000,0.0000,none,0.000,true,LONG,return_high_break_or_bos_up,1.18041000,23,1.18059000,1.17835000,false,off,independent,false,,,false,0.0000,none,0.0000,0.0000,none,0.0000,0.0000,0.0000,none,0.0000,0,0,0.0000,none,none,none,none,0.0000,0,0.0000,none,false,true,not_evaluated,true,required_light_or_anchor_flip,long_bias,1.17835000,2025.09.23 16:45:00,1.17989000,2025.09.23 14:00:00,2025.09.23 17:00:00,false,NONE,0.00000000,0.00000000,0.0000,-1,false,,-1,NONE,0.00000000,0.00000000,0.0000,0.0000,none,,none,false,NONE,-1,-1,-1,false,false,none,true,false,false,true,none,true,required,false,PERIOD_M5,,,-1,0.0000,false,0.00000000,0.0000,false,0.0000,false,none,none,false,no_anchor_flip_in_entry_direction,true,required_first_signal_only,LONG,unknown,0.00000000,,0.00000000,,false,,-1,false,NONE,0.00000000,,0.00000000,0.0000,0.0000,none,-1,false,false,false,no_anchor_flip_in_entry_direction,,,,false,false,false,-1,-1,-1,-1,-1,false,false,false,0.0000,range_n,true,1.18044000,1.17835000,2.6313,false,0.0000,0.0000,0,none,true,0.3884,preferred_382_618,0.200,diagnostic_only,diagnostic_only,diagnostic_only,deep_pullback,24,0.450,true,none,0.600,high_quality,false,false,diagnostic_only,both,true,none,true,diagnostic_adjacent_detected,required_light,false,false,SHORT,6,false,false,2,2025.09.23 17:00:00,2025.09.23 18:35:00,5,4.3058,1.18008000,0.00000000,1.18008000,false,false,none,0.00000000,false,0.0000,0.0000,false,1,0.0000,false,-1,0.00000000,0.0000,off,false,not_evaluated,none,0.0000,0.0000,none,false,false,false,0.0000,none,false,none,0.0000,false,none,3.4200,3.1002,1.1032,1.2056,false,no_shrink,0.0000,none,none,false,false,none,0.0000,0.0000,0.0000,0.0000,none,false,false,0.0000,0.0000,false,false,-1,none,none,false,0.000,0.000,1.17985000,1.17960481,1.17985000,pre_session_high,0.00013000,0.1182,neckline_level,1.17942000,0.7381,false,true,true,false,not_blocked,8,6,2,m5_failure_exit,off,none,0.00000000,0.0000,1.30,1.18115000,4.500,-0.300,0.200,PERIOD_M15,1.18044000,1.17835000,0.3445,outside,0.000,true,1.17972000,1.17862000,0.00110000,1.18115000,1.300,0.00040643,18.00,0-30,true,false,none,blocked_spread_too_high,4.600,4.600,none,0.0000,false,neckline_retest_failed,false,not_invalidated,spread_too_high
2025.09.24 11:10:00,signal,session_reversal_pullback_one_symbol_first120,EURJPY,SHORT,2025.09.24 11:05:00,11,8,17,london,2025.09.24 07:00,65,first_120min,false,true,3,EURJPY,highest_score_in_session_bar,london=USDJPY|EURJPY|GBPJPY|AUDJPY|EURUSD|GBPUSD,existing_first120_gate,london,false,false,true,passed_first_window,head_and_shoulders,neckline_break_retest,174.49000000,PERIOD_M5,PERIOD_H1,PERIOD_M15,PERIOD_M5,PERIOD_M5,false,htf_soft_alignment,current_post_filter,transcript_post_filter,dow_trend_up_hh_hl,no_ordered_dow_wave3_break,dow_trend_up_hh_hl,no_ordered_dow_wave3_break,false,false,true,SHORT,PERIOD_M5,head_and_shoulders,head_and_shoulders,4.500,none,0.000,head_and_shoulders,4.500,none,0.000,SHORT,false,PERIOD_H1_LONG_dow_trend_up_hh_hl|PERIOD_M15_NONE_no_ordered_dow_wave3_break,true,h1_counter_m15_reversal,true,top_LONG_dow_trend_up_hh_hl|structure_NONE_no_ordered_dow_wave3_break|structure_break_recent_confirmed_swing_break_failed|primary_break_recent_confirmed_swing_break_continuation,none,above_75sma_rising,above_75sma_rising,below_75sma_flat_or_rising,-1,0.00000000,0,174.49600000,false,off,NONE,NONE,0.00000000,0.00000000,0.0000,none,0.000,true,SHORT,return_low_break_or_bos_down,174.35600000,19,174.62200000,174.42300000,false,off,independent,false,,,false,0.0000,none,0.0000,0.0000,none,0.0000,0.0000,0.0000,none,0.0000,0,0,0.0000,none,none,none,none,0.0000,0,0.0000,none,false,true,not_evaluated,true,required_light_or_anchor_flip,long_bias,174.29000000,2025.09.24 05:30:00,174.45100000,2025.09.24 02:45:00,2025.09.24 07:30:00,false,NONE,0.00000000,0.00000000,0.0000,-1,false,,-1,NONE,0.00000000,0.00000000,0.0000,0.0000,none,,none,false,NONE,-1,-1,-1,false,false,none,false,true,false,true,none,true,required,false,PERIOD_M5,,,-1,0.0000,false,0.00000000,0.0000,false,0.0000,false,none,none,false,no_anchor_flip_in_entry_direction,true,required_first_signal_only,SHORT,unknown,0.00000000,,0.00000000,,false,,-1,false,NONE,0.00000000,,0.00000000,0.0000,0.0000,none,-1,false,false,false,no_anchor_flip_in_entry_direction,,,,false,false,false,-1,-1,-1,-1,-1,false,false,false,0.0000,range_n,true,174.63800000,174.29000000,4.1010,false,0.0000,0.0000,0,none,true,0.3649,shallow_236_382,0.080,diagnostic_only,diagnostic_only,diagnostic_only,fib_pullback,5,0.320,true,none,0.470,high_quality,false,false,diagnostic_only,both,true,none,true,diagnostic_adjacent_detected,required_light,false,false,LONG,3,false,false,0,,,-1,0.0000,0.00000000,0.00000000,0.00000000,false,false,none,0.00000000,false,0.0000,0.0000,false,1,0.0000,false,-1,0.00000000,0.0000,off,false,not_evaluated,none,0.0000,0.0000,none,false,false,false,0.0000,none,false,none,0.0000,false,none,0.0000,0.0000,0.0000,0.0000,false,none,0.0000,none,none,false,false,none,0.0000,0.0000,0.0000,0.0000,none,false,false,0.0000,0.0000,false,false,-1,none,none,false,0.000,0.000,174.42300000,174.40200000,174.21000000,current_day_low,0.20700000,1.1761,session_low|opening_range_low|neckline_level,174.40200000,0.2561,false,true,true,false,not_blocked,2,1,1,m5_failure_exit,off,none,0.00000000,0.0000,1.30,174.18900000,4.500,0.150,0.200,PERIOD_M15,174.62200000,174.42300000,-0.0302,outside,0.000,true,174.41700000,174.59300000,0.17600000,174.18900000,1.295,0.05857143,30.00,60-90,true,false,none,not_consumed,5.250,5.250,none,0.0000,false,opposite_break_first,true,opposite_break_first,spread_too_high
2025.09.24 11:10:00,blocked,session_reversal_pullback_one_symbol_first120,EURJPY,SHORT,2025.09.24 11:05:00,11,8,17,london,2025.09.24 07:00,65,first_120min,false,true,3,EURJPY,highest_score_in_session_bar,london=USDJPY|EURJPY|GBPJPY|AUDJPY|EURUSD|GBPUSD,existing_first120_gate,london,false,false,true,passed_first_window,head_and_shoulders,neckline_break_retest,174.49000000,PERIOD_M5,PERIOD_H1,PERIOD_M15,PERIOD_M5,PERIOD_M5,false,htf_soft_alignment,current_post_filter,transcript_post_filter,dow_trend_up_hh_hl,no_ordered_dow_wave3_break,dow_trend_up_hh_hl,no_ordered_dow_wave3_break,false,false,true,SHORT,PERIOD_M5,head_and_shoulders,head_and_shoulders,4.500,none,0.000,head_and_shoulders,4.500,none,0.000,SHORT,false,PERIOD_H1_LONG_dow_trend_up_hh_hl|PERIOD_M15_NONE_no_ordered_dow_wave3_break,true,h1_counter_m15_reversal,true,top_LONG_dow_trend_up_hh_hl|structure_NONE_no_ordered_dow_wave3_break|structure_break_recent_confirmed_swing_break_failed|primary_break_recent_confirmed_swing_break_continuation,none,above_75sma_rising,above_75sma_rising,below_75sma_flat_or_rising,-1,0.00000000,0,174.49600000,false,off,NONE,NONE,0.00000000,0.00000000,0.0000,none,0.000,true,SHORT,return_low_break_or_bos_down,174.35600000,19,174.62200000,174.42300000,false,off,independent,false,,,false,0.0000,none,0.0000,0.0000,none,0.0000,0.0000,0.0000,none,0.0000,0,0,0.0000,none,none,none,none,0.0000,0,0.0000,none,false,true,not_evaluated,true,required_light_or_anchor_flip,long_bias,174.29000000,2025.09.24 05:30:00,174.45100000,2025.09.24 02:45:00,2025.09.24 07:30:00,false,NONE,0.00000000,0.00000000,0.0000,-1,false,,-1,NONE,0.00000000,0.00000000,0.0000,0.0000,none,,none,false,NONE,-1,-1,-1,false,false,none,false,true,false,true,none,true,required,false,PERIOD_M5,,,-1,0.0000,false,0.00000000,0.0000,false,0.0000,false,none,none,false,no_anchor_flip_in_entry_direction,true,required_first_signal_only,SHORT,unknown,0.00000000,,0.00000000,,false,,-1,false,NONE,0.00000000,,0.00000000,0.0000,0.0000,none,-1,false,false,false,no_anchor_flip_in_entry_direction,,,,false,false,false,-1,-1,-1,-1,-1,false,false,false,0.0000,range_n,true,174.63800000,174.29000000,4.1010,false,0.0000,0.0000,0,none,true,0.3649,shallow_236_382,0.080,diagnostic_only,diagnostic_only,diagnostic_only,fib_pullback,5,0.320,true,none,0.470,high_quality,false,false,diagnostic_only,both,true,none,true,diagnostic_adjacent_detected,required_light,false,false,LONG,3,false,false,0,,,-1,0.0000,0.00000000,0.00000000,0.00000000,false,false,none,0.00000000,false,0.0000,0.0000,false,1,0.0000,false,-1,0.00000000,0.0000,off,false,not_evaluated,none,0.0000,0.0000,none,false,false,false,0.0000,none,false,none,0.0000,false,none,0.0000,0.0000,0.0000,0.0000,false,none,0.0000,none,none,false,false,none,0.0000,0.0000,0.0000,0.0000,none,false,false,0.0000,0.0000,false,false,-1,none,none,false,0.000,0.000,174.42300000,174.40200000,174.21000000,current_day_low,0.20700000,1.1761,session_low|opening_range_low|neckline_level,174.40200000,0.2561,false,true,true,false,not_blocked,2,1,1,m5_failure_exit,off,none,0.00000000,0.0000,1.30,174.18900000,4.500,0.150,0.200,PERIOD_M15,174.62200000,174.42300000,-0.0302,outside,0.000,true,174.41700000,174.59300000,0.17600000,174.18900000,1.295,0.05857143,30.00,60-90,true,false,none,blocked_spread_too_high,5.250,5.250,none,0.0000,false,opposite_break_first,true,opposite_break_first,spread_too_high
2025.09.24 16:05:00,signal,session_reversal_pullback_one_symbol_first120,AUDJPY,SHORT,2025.09.24 16:00:00,16,13,22,london_newyork_overlap,2025.09.24 13:00,0,first_120min,true,true,3,AUDJPY,highest_score_in_session_bar,london_newyork_overlap=USDJPY|EURJPY|GBPJPY|AUDJPY|EURUSD|GBPUSD,existing_first120_gate,london_newyork_overlap,false,false,true,passed_first_window,head_and_shoulders,neckline_break_retest,98.03200000,PERIOD_M5,PERIOD_H1,PERIOD_M15,PERIOD_M5,PERIOD_M5,false,htf_soft_alignment,current_post_filter,transcript_post_filter,dow_trend_up_hh_hl,structure_trend_bias_dow_trend_up_hh_hl,dow_trend_up_hh_hl,structure_trend_bias_dow_trend_up_hh_hl,false,false,true,SHORT,PERIOD_M5,head_and_shoulders,head_and_shoulders,4.500,none,0.000,head_and_shoulders,4.500,none,0.000,SHORT,false,PERIOD_H1_LONG_dow_trend_up_hh_hl|PERIOD_M15_LONG_structure_trend_bias_dow_trend_up_hh_hl,true,h1_counter_m15_reversal,true,top_LONG_dow_trend_up_hh_hl|structure_LONG_structure_trend_bias_dow_trend_up_hh_hl|structure_break_recent_confirmed_swing_break_failed|primary_break_no_recent_confirmed_swing_break,none,above_75sma_rising,above_75sma_rising,below_75sma_flat_or_rising,-1,0.00000000,-1,0.00000000,false,off,NONE,NONE,0.00000000,0.00000000,0.0000,none,0.000,true,SHORT,return_low_break_or_bos_down,97.91100000,18,98.17000000,97.90100000,false,off,independent,false,,,false,0.0000,none,0.0000,0.0000,none,0.0000,0.0000,0.0000,none,0.0000,0,0,0.0000,none,none,none,none,0.0000,0,0.0000,none,false,true,not_evaluated,true,required_light_or_anchor_flip,bias_flip_up,97.90100000,2025.09.24 11:30:00,98.06000000,2025.09.24 13:30:00,2025.09.24 13:45:00,true,LONG,98.06000000,98.10900000,0.8875,3,true,2025.09.24 15:00:00,3,LONG,98.06000000,98.10900000,0.8875,1.4127,strong,2025.09.24 15:30:00,first_after_anchor,true,LONG,3,1,3,true,false,fresh_0_4,false,true,false,true,none,true,required,false,PERIOD_M5,,,-1,0.0000,false,0.00000000,0.0000,false,0.0000,false,none,none,false,no_anchor_flip_in_entry_direction,true,required_first_signal_only,SHORT,unknown,0.00000000,,0.00000000,,false,,-1,false,NONE,0.00000000,,0.00000000,0.0000,0.0000,none,-1,false,false,false,no_anchor_flip_in_entry_direction,,,,false,false,false,-1,-1,-1,-1,-1,false,false,false,0.0000,falling_n,false,98.08000000,97.90100000,3.2419,true,1.4127,0.0488,2,strong,true,0.4424,preferred_382_618,0.200,diagnostic_only,diagnostic_only,diagnostic_only,deep_pullback,24,0.400,true,none,0.550,high_quality,false,false,diagnostic_only,both,true,none,true,diagnostic_adjacent_detected,required_light,false,false,LONG,4,false,false,2,2025.09.24 13:50:00,2025.09.24 15:25:00,7,4.4623,0.00000000,97.99600000,97.99600000,false,false,none,0.00000000,false,0.0000,0.0000,false,1,0.0000,false,-1,0.00000000,0.0000,off,false,not_evaluated,none,0.0000,0.0000,none,false,false,false,0.0000,none,false,none,0.0000,false,none,4.2662,1.2750,3.3462,3.1874,false,no_shrink,0.0000,none,none,false,false,none,0.0000,0.0000,0.0000,0.0000,none,false,false,0.0000,0.0000,false,false,-1,none,none,false,0.000,0.000,98.03200000,98.00900000,98.00896296,recent_equal_lows,0.01103704,0.0905,session_low|opening_range_low|neckline_level,98.00900000,0.2697,false,true,true,false,not_blocked,4,3,1,m5_failure_exit,off,none,0.00000000,0.0000,1.30,97.86100000,4.500,-0.300,0.200,PERIOD_M15,98.08000000,97.98800000,0.3478,outside,0.000,true,98.02000000,98.14200000,0.12200000,97.86100000,1.303,0.04078571,28.00,0-30,true,false,none,not_consumed,4.600,4.600,none,0.0000,false,neckline_retest_failed,false,not_invalidated,spread_too_high
2025.09.24 16:05:00,blocked,session_reversal_pullback_one_symbol_first120,AUDJPY,SHORT,2025.09.24 16:00:00,16,13,22,london_newyork_overlap,2025.09.24 13:00,0,first_120min,true,true,3,AUDJPY,highest_score_in_session_bar,london_newyork_overlap=USDJPY|EURJPY|GBPJPY|AUDJPY|EURUSD|GBPUSD,existing_first120_gate,london_newyork_overlap,false,false,true,passed_first_window,head_and_shoulders,neckline_break_retest,98.03200000,PERIOD_M5,PERIOD_H1,PERIOD_M15,PERIOD_M5,PERIOD_M5,false,htf_soft_alignment,current_post_filter,transcript_post_filter,dow_trend_up_hh_hl,structure_trend_bias_dow_trend_up_hh_hl,dow_trend_up_hh_hl,structure_trend_bias_dow_trend_up_hh_hl,false,false,true,SHORT,PERIOD_M5,head_and_shoulders,head_and_shoulders,4.500,none,0.000,head_and_shoulders,4.500,none,0.000,SHORT,false,PERIOD_H1_LONG_dow_trend_up_hh_hl|PERIOD_M15_LONG_structure_trend_bias_dow_trend_up_hh_hl,true,h1_counter_m15_reversal,true,top_LONG_dow_trend_up_hh_hl|structure_LONG_structure_trend_bias_dow_trend_up_hh_hl|structure_break_recent_confirmed_swing_break_failed|primary_break_no_recent_confirmed_swing_break,none,above_75sma_rising,above_75sma_rising,below_75sma_flat_or_rising,-1,0.00000000,-1,0.00000000,false,off,NONE,NONE,0.00000000,0.00000000,0.0000,none,0.000,true,SHORT,return_low_break_or_bos_down,97.91100000,18,98.17000000,97.90100000,false,off,independent,false,,,false,0.0000,none,0.0000,0.0000,none,0.0000,0.0000,0.0000,none,0.0000,0,0,0.0000,none,none,none,none,0.0000,0,0.0000,none,false,true,not_evaluated,true,required_light_or_anchor_flip,bias_flip_up,97.90100000,2025.09.24 11:30:00,98.06000000,2025.09.24 13:30:00,2025.09.24 13:45:00,true,LONG,98.06000000,98.10900000,0.8875,3,true,2025.09.24 15:00:00,3,LONG,98.06000000,98.10900000,0.8875,1.4127,strong,2025.09.24 15:30:00,first_after_anchor,true,LONG,3,1,3,true,false,fresh_0_4,false,true,false,true,none,true,required,false,PERIOD_M5,,,-1,0.0000,false,0.00000000,0.0000,false,0.0000,false,none,none,false,no_anchor_flip_in_entry_direction,true,required_first_signal_only,SHORT,unknown,0.00000000,,0.00000000,,false,,-1,false,NONE,0.00000000,,0.00000000,0.0000,0.0000,none,-1,false,false,false,no_anchor_flip_in_entry_direction,,,,false,false,false,-1,-1,-1,-1,-1,false,false,false,0.0000,falling_n,false,98.08000000,97.90100000,3.2419,true,1.4127,0.0488,2,strong,true,0.4424,preferred_382_618,0.200,diagnostic_only,diagnostic_only,diagnostic_only,deep_pullback,24,0.400,true,none,0.550,high_quality,false,false,diagnostic_only,both,true,none,true,diagnostic_adjacent_detected,required_light,false,false,LONG,4,false,false,2,2025.09.24 13:50:00,2025.09.24 15:25:00,7,4.4623,0.00000000,97.99600000,97.99600000,false,false,none,0.00000000,false,0.0000,0.0000,false,1,0.0000,false,-1,0.00000000,0.0000,off,false,not_evaluated,none,0.0000,0.0000,none,false,false,false,0.0000,none,false,none,0.0000,false,none,4.2662,1.2750,3.3462,3.1874,false,no_shrink,0.0000,none,none,false,false,none,0.0000,0.0000,0.0000,0.0000,none,false,false,0.0000,0.0000,false,false,-1,none,none,false,0.000,0.000,98.03200000,98.00900000,98.00896296,recent_equal_lows,0.01103704,0.0905,session_low|opening_range_low|neckline_level,98.00900000,0.2697,false,true,true,false,not_blocked,4,3,1,m5_failure_exit,off,none,0.00000000,0.0000,1.30,97.86100000,4.500,-0.300,0.200,PERIOD_M15,98.08000000,97.98800000,0.3478,outside,0.000,true,98.02000000,98.14200000,0.12200000,97.86100000,1.303,0.04078571,28.00,0-30,true,false,none,blocked_spread_too_high,4.600,4.600,none,0.0000,false,neckline_retest_failed,false,not_invalidated,spread_too_high
2025.09.25 03:55:00,signal,session_reversal_pullback_one_symbol_first120,USDJPY,LONG,2025.09.25 03:50:00,3,0,9,tokyo,2025.09.25 00:00,50,first_120min,true,true,3,USDJPY,highest_score_in_session_bar,tokyo=USDJPY|EURJPY|GBPJPY|AUDJPY,existing_first120_gate,tokyo,false,false,true,passed_first_window,sweep_low_reclaim,sweep_reclaim_retest,148.62600000,PERIOD_M5,PERIOD_H1,PERIOD_M15,PERIOD_M5,PERIOD_M5,false,htf_soft_alignment,current_post_filter,transcript_post_filter,dow_range_or_transition,ordered_dow_wave3_break_below_swing_low,dow_range_or_transition,ordered_dow_wave3_break_below_swing_low,false,true,false,LONG,PERIOD_M5,sweep_low_reclaim,sweep_low_reclaim,3.400,none,0.000,sweep_low_reclaim,3.400,none,0.000,LONG,false,PERIOD_H1_NONE_dow_range_or_transition|PERIOD_M15_SHORT_ordered_dow_wave3_break_below_swing_low,true,h1_counter_m15_reversal,true,top_NONE_dow_range_or_transition|structure_SHORT_ordered_dow_wave3_break_below_swing_low|structure_break_recent_confirmed_swing_break_failed|primary_break_no_recent_confirmed_swing_break,none,above_75sma_rising,above_75sma_rising,below_75sma_falling,-1,0.00000000,-1,0.00000000,false,off,NONE,NONE,0.00000000,0.00000000,0.0000,none,0.000,true,LONG,return_high_break_or_bos_up,148.78800000,4,148.90400000,148.64400000,false,off,independent,false,,,false,0.0000,none,0.0000,0.0000,none,0.0000,0.0000,0.0000,none,0.0000,0,0,0.0000,none,none,none,none,0.0000,0,0.0000,none,false,true,not_evaluated,true,required_light_or_anchor_flip,bias_flip_down,148.69800000,2025.09.24 20:15:00,0.00000000,,2025.09.24 23:45:00,true,SHORT,148.69800000,148.65100000,0.7890,1,true,2025.09.25 03:15:00,1,SHORT,148.69800000,148.65100000,0.7890,0.9400,strong,2025.09.25 03:30:00,first_after_anchor,true,SHORT,1,0,1,true,false,fresh_0_4,false,true,false,true,none,true,required,false,PERIOD_M5,,,-1,0.0000,false,0.00000000,0.0000,false,0.0000,false,none,none,false,no_anchor_flip_in_entry_direction,true,required_first_signal_only,LONG,unknown,0.00000000,,0.00000000,,false,,-1,false,NONE,0.00000000,,0.00000000,0.0000,0.0000,none,-1,false,false,false,no_anchor_flip_in_entry_direction,,,,false,false,false,-1,-1,-1,-1,-1,false,false,false,0.0000,range_n,true,148.90400000,148.67600000,3.8273,true,0.9400,0.1515,1,strong,true,0.8269,too_deep,0.000,diagnostic_only,diagnostic_only,diagnostic_only,deep_pullback,24,0.200,true,none,0.350,medium_quality,false,false,diagnostic_only,both,true,none,true,diagnostic_adjacent_detected,required_light,false,false,SHORT,3,false,false,0,,,-1,0.0000,0.00000000,0.00000000,0.00000000,false,false,none,0.00000000,false,0.0000,0.0000,false,1,0.0000,false,-1,0.00000000,0.0000,off,false,not_evaluated,none,0.0000,0.0000,none,false,false,false,0.0000,none,false,none,0.0000,false,none,0.0000,0.0000,0.0000,0.0000,false,none,0.0000,none,none,false,false,none,0.0000,0.0000,0.0000,0.0000,none,false,false,0.0000,0.0000,false,false,-1,none,none,false,0.000,0.000,148.71700000,148.68285714,148.71700000,pre_session_low,0.02800000,0.3256,neckline_level,148.62600000,1.2458,false,true,false,false,not_blocked,4,4,0,m5_failure_exit,off,none,0.00000000,0.0000,1.30,148.80100000,3.400,-0.300,0.200,PERIOD_M15,148.84600000,148.71800000,1.2266,outside,0.000,true,148.68900000,148.60300000,0.08600000,148.80100000,1.302,0.05057143,21.00,30-60,true,false,none,not_consumed,3.500,3.500,none,0.0000,false,opposite_break_first,true,opposite_break_first,spread_too_high
2025.09.25 03:55:00,blocked,session_reversal_pullback_one_symbol_first120,USDJPY,LONG,2025.09.25 03:50:00,3,0,9,tokyo,2025.09.25 00:00,50,first_120min,true,true,3,USDJPY,highest_score_in_session_bar,tokyo=USDJPY|EURJPY|GBPJPY|AUDJPY,existing_first120_gate,tokyo,false,false,true,passed_first_window,sweep_low_reclaim,sweep_reclaim_retest,148.62600000,PERIOD_M5,PERIOD_H1,PERIOD_M15,PERIOD_M5,PERIOD_M5,false,htf_soft_alignment,current_post_filter,transcript_post_filter,dow_range_or_transition,ordered_dow_wave3_break_below_swing_low,dow_range_or_transition,ordered_dow_wave3_break_below_swing_low,false,true,false,LONG,PERIOD_M5,sweep_low_reclaim,sweep_low_reclaim,3.400,none,0.000,sweep_low_reclaim,3.400,none,0.000,LONG,false,PERIOD_H1_NONE_dow_range_or_transition|PERIOD_M15_SHORT_ordered_dow_wave3_break_below_swing_low,true,h1_counter_m15_reversal,true,top_NONE_dow_range_or_transition|structure_SHORT_ordered_dow_wave3_break_below_swing_low|structure_break_recent_confirmed_swing_break_failed|primary_break_no_recent_confirmed_swing_break,none,above_75sma_rising,above_75sma_rising,below_75sma_falling,-1,0.00000000,-1,0.00000000,false,off,NONE,NONE,0.00000000,0.00000000,0.0000,none,0.000,true,LONG,return_high_break_or_bos_up,148.78800000,4,148.90400000,148.64400000,false,off,independent,false,,,false,0.0000,none,0.0000,0.0000,none,0.0000,0.0000,0.0000,none,0.0000,0,0,0.0000,none,none,none,none,0.0000,0,0.0000,none,false,true,not_evaluated,true,required_light_or_anchor_flip,bias_flip_down,148.69800000,2025.09.24 20:15:00,0.00000000,,2025.09.24 23:45:00,true,SHORT,148.69800000,148.65100000,0.7890,1,true,2025.09.25 03:15:00,1,SHORT,148.69800000,148.65100000,0.7890,0.9400,strong,2025.09.25 03:30:00,first_after_anchor,true,SHORT,1,0,1,true,false,fresh_0_4,false,true,false,true,none,true,required,false,PERIOD_M5,,,-1,0.0000,false,0.00000000,0.0000,false,0.0000,false,none,none,false,no_anchor_flip_in_entry_direction,true,required_first_signal_only,LONG,unknown,0.00000000,,0.00000000,,false,,-1,false,NONE,0.00000000,,0.00000000,0.0000,0.0000,none,-1,false,false,false,no_anchor_flip_in_entry_direction,,,,false,false,false,-1,-1,-1,-1,-1,false,false,false,0.0000,range_n,true,148.90400000,148.67600000,3.8273,true,0.9400,0.1515,1,strong,true,0.8269,too_deep,0.000,diagnostic_only,diagnostic_only,diagnostic_only,deep_pullback,24,0.200,true,none,0.350,medium_quality,false,false,diagnostic_only,both,true,none,true,diagnostic_adjacent_detected,required_light,false,false,SHORT,3,false,false,0,,,-1,0.0000,0.00000000,0.00000000,0.00000000,false,false,none,0.00000000,false,0.0000,0.0000,false,1,0.0000,false,-1,0.00000000,0.0000,off,false,not_evaluated,none,0.0000,0.0000,none,false,false,false,0.0000,none,false,none,0.0000,false,none,0.0000,0.0000,0.0000,0.0000,false,none,0.0000,none,none,false,false,none,0.0000,0.0000,0.0000,0.0000,none,false,false,0.0000,0.0000,false,false,-1,none,none,false,0.000,0.000,148.71700000,148.68285714,148.71700000,pre_session_low,0.02800000,0.3256,neckline_level,148.62600000,1.2458,false,true,false,false,not_blocked,4,4,0,m5_failure_exit,off,none,0.00000000,0.0000,1.30,148.80100000,3.400,-0.300,0.200,PERIOD_M15,148.84600000,148.71800000,1.2266,outside,0.000,true,148.68900000,148.60300000,0.08600000,148.80100000,1.302,0.05057143,21.00,30-60,true,false,none,blocked_spread_too_high,3.500,3.500,none,0.0000,false,opposite_break_first,true,opposite_break_first,spread_too_high
2025.09.25 10:10:00,signal,session_reversal_pullback_one_symbol_first120,EURUSD,LONG,2025.09.25 10:05:00,10,7,16,london,2025.09.25 07:00,5,first_120min,true,true,3,EURUSD,highest_score_in_session_bar,london=USDJPY|EURJPY|GBPJPY|AUDJPY|EURUSD|GBPUSD,existing_first120_gate,london,false,false,true,passed_first_window,inverse_head_and_shoulders,neckline_break_retest,1.17433000,PERIOD_M5,PERIOD_H1,PERIOD_M15,PERIOD_M5,PERIOD_M5,false,htf_soft_alignment,current_post_filter,transcript_post_filter,dow_range_or_transition,structure_trend_bias_dow_trend_up_hh_hl,dow_range_or_transition,structure_trend_bias_dow_trend_up_hh_hl,false,true,false,LONG,PERIOD_M5,inverse_head_and_shoulders,inverse_head_and_shoulders,4.500,none,0.000,inverse_head_and_shoulders,4.500,none,0.000,LONG,false,PERIOD_H1_NONE_dow_range_or_transition|PERIOD_M15_LONG_structure_trend_bias_dow_trend_up_hh_hl,true,h1_counter_m15_reversal,true,top_NONE_dow_range_or_transition|structure_LONG_structure_trend_bias_dow_trend_up_hh_hl|structure_break_recent_confirmed_swing_break_failed|primary_break_recent_confirmed_swing_break_retest,none,below_75sma_flat_or_rising,above_75sma_flat_or_falling,below_75sma_flat_or_rising,-1,0.00000000,3,1.17457000,false,off,NONE,NONE,0.00000000,0.00000000,0.0000,none,0.000,true,LONG,return_high_break_or_bos_up,1.17487000,8,1.17530000,1.17372000,false,off,independent,false,,,false,0.0000,none,0.0000,0.0000,none,0.0000,0.0000,0.0000,none,0.0000,0,0,0.0000,none,none,none,none,0.0000,0,0.0000,none,false,true,not_evaluated,true,required_light_or_anchor_flip,short_bias,1.17397000,2025.09.25 04:45:00,1.17530000,2025.09.25 06:45:00,2025.09.25 09:00:00,false,NONE,0.00000000,0.00000000,0.0000,-1,false,,-1,NONE,0.00000000,0.00000000,0.0000,0.0000,none,,none,false,NONE,-1,-1,-1,false,false,none,false,true,false,true,none,true,required,false,PERIOD_M5,,,-1,0.0000,false,0.00000000,0.0000,false,0.0000,false,none,none,false,no_anchor_flip_in_entry_direction,true,required_first_signal_only,LONG,unknown,0.00000000,,0.00000000,,false,,-1,false,NONE,0.00000000,,0.00000000,0.0000,0.0000,none,-1,false,false,false,no_anchor_flip_in_entry_direction,,,,false,false,false,-1,-1,-1,-1,-1,false,false,false,0.0000,range_n,true,1.17530000,1.17372000,3.7492,false,0.0000,0.0000,0,none,true,0.4177,preferred_382_618,0.200,diagnostic_only,diagnostic_only,diagnostic_only,shallow_pullback,24,0.400,true,none,0.550,high_quality,false,false,diagnostic_only,both,true,none,true,diagnostic_adjacent_detected,required_light,false,false,SHORT,4,false,false,2,2025.09.25 07:05:00,2025.09.25 09:35:00,6,3.7634,1.17516000,0.00000000,1.17516000,false,false,none,0.00000000,false,0.0000,0.0000,false,1,0.0000,false,-1,0.00000000,0.0000,off,false,not_evaluated,none,0.0000,0.0000,none,false,false,false,0.0000,none,false,none,0.0000,false,none,3.6129,1.0789,3.3488,2.6846,false,no_shrink,0.0000,none,none,false,false,none,0.0000,0.0000,0.0000,0.0000,none,false,false,0.0000,0.0000,false,false,-1,none,none,false,0.000,0.000,1.17472000,1.17445033,1.17475118,recent_equal_highs,0.00011118,0.1463,session_high|opening_range_high|neckline_level,1.17472000,0.2007,false,true,true,false,not_blocked,8,3,5,m5_failure_exit,off,none,0.00000000,0.0000,1.30,1.17563000,4.500,-0.300,0.200,PERIOD_M15,1.17530000,1.17397000,0.4962,preferred_382_618,0.000,true,1.17464000,1.17388000,0.00076000,1.17563000,1.303,0.00039857,18.00,0-30,true,false,none,not_consumed,4.800,4.800,none,0.0000,false,neckline_retest_failed,false,not_invalidated,spread_too_high
2025.09.25 10:10:00,blocked,session_reversal_pullback_one_symbol_first120,EURUSD,LONG,2025.09.25 10:05:00,10,7,16,london,2025.09.25 07:00,5,first_120min,true,true,3,EURUSD,highest_score_in_session_bar,london=USDJPY|EURJPY|GBPJPY|AUDJPY|EURUSD|GBPUSD,existing_first120_gate,london,false,false,true,passed_first_window,inverse_head_and_shoulders,neckline_break_retest,1.17433000,PERIOD_M5,PERIOD_H1,PERIOD_M15,PERIOD_M5,PERIOD_M5,false,htf_soft_alignment,current_post_filter,transcript_post_filter,dow_range_or_transition,structure_trend_bias_dow_trend_up_hh_hl,dow_range_or_transition,structure_trend_bias_dow_trend_up_hh_hl,false,true,false,LONG,PERIOD_M5,inverse_head_and_shoulders,inverse_head_and_shoulders,4.500,none,0.000,inverse_head_and_shoulders,4.500,none,0.000,LONG,false,PERIOD_H1_NONE_dow_range_or_transition|PERIOD_M15_LONG_structure_trend_bias_dow_trend_up_hh_hl,true,h1_counter_m15_reversal,true,top_NONE_dow_range_or_transition|structure_LONG_structure_trend_bias_dow_trend_up_hh_hl|structure_break_recent_confirmed_swing_break_failed|primary_break_recent_confirmed_swing_break_retest,none,below_75sma_flat_or_rising,above_75sma_flat_or_falling,below_75sma_flat_or_rising,-1,0.00000000,3,1.17457000,false,off,NONE,NONE,0.00000000,0.00000000,0.0000,none,0.000,true,LONG,return_high_break_or_bos_up,1.17487000,8,1.17530000,1.17372000,false,off,independent,false,,,false,0.0000,none,0.0000,0.0000,none,0.0000,0.0000,0.0000,none,0.0000,0,0,0.0000,none,none,none,none,0.0000,0,0.0000,none,false,true,not_evaluated,true,required_light_or_anchor_flip,short_bias,1.17397000,2025.09.25 04:45:00,1.17530000,2025.09.25 06:45:00,2025.09.25 09:00:00,false,NONE,0.00000000,0.00000000,0.0000,-1,false,,-1,NONE,0.00000000,0.00000000,0.0000,0.0000,none,,none,false,NONE,-1,-1,-1,false,false,none,false,true,false,true,none,true,required,false,PERIOD_M5,,,-1,0.0000,false,0.00000000,0.0000,false,0.0000,false,none,none,false,no_anchor_flip_in_entry_direction,true,required_first_signal_only,LONG,unknown,0.00000000,,0.00000000,,false,,-1,false,NONE,0.00000000,,0.00000000,0.0000,0.0000,none,-1,false,false,false,no_anchor_flip_in_entry_direction,,,,false,false,false,-1,-1,-1,-1,-1,false,false,false,0.0000,range_n,true,1.17530000,1.17372000,3.7492,false,0.0000,0.0000,0,none,true,0.4177,preferred_382_618,0.200,diagnostic_only,diagnostic_only,diagnostic_only,shallow_pullback,24,0.400,true,none,0.550,high_quality,false,false,diagnostic_only,both,true,none,true,diagnostic_adjacent_detected,required_light,false,false,SHORT,4,false,false,2,2025.09.25 07:05:00,2025.09.25 09:35:00,6,3.7634,1.17516000,0.00000000,1.17516000,false,false,none,0.00000000,false,0.0000,0.0000,false,1,0.0000,false,-1,0.00000000,0.0000,off,false,not_evaluated,none,0.0000,0.0000,none,false,false,false,0.0000,none,false,none,0.0000,false,none,3.6129,1.0789,3.3488,2.6846,false,no_shrink,0.0000,none,none,false,false,none,0.0000,0.0000,0.0000,0.0000,none,false,false,0.0000,0.0000,false,false,-1,none,none,false,0.000,0.000,1.17472000,1.17445033,1.17475118,recent_equal_highs,0.00011118,0.1463,session_high|opening_range_high|neckline_level,1.17472000,0.2007,false,true,true,false,not_blocked,8,3,5,m5_failure_exit,off,none,0.00000000,0.0000,1.30,1.17563000,4.500,-0.300,0.200,PERIOD_M15,1.17530000,1.17397000,0.4962,preferred_382_618,0.000,true,1.17464000,1.17388000,0.00076000,1.17563000,1.303,0.00039857,18.00,0-30,true,false,none,blocked_spread_too_high,4.800,4.800,none,0.0000,false,neckline_retest_failed,false,not_invalidated,spread_too_high
2025.09.25 19:45:00,signal,session_reversal_pullback_one_symbol_first120,AUDJPY,SHORT,2025.09.25 19:40:00,19,16,1,new_york,2025.09.25 16:00,40,first_120min,true,true,3,AUDJPY,highest_score_in_session_bar,new_york=USDJPY|EURJPY|GBPJPY|AUDJPY|EURUSD|GBPUSD,existing_first120_gate,new_york,false,false,true,passed_first_window,head_and_shoulders,neckline_break_retest,98.05300000,PERIOD_M5,PERIOD_H1,PERIOD_M15,PERIOD_M5,PERIOD_M5,false,htf_soft_alignment,current_post_filter,transcript_post_filter,dow_trend_up_hh_hl,no_ordered_dow_wave3_break,dow_trend_up_hh_hl,no_ordered_dow_wave3_break,false,false,true,SHORT,PERIOD_M5,head_and_shoulders,head_and_shoulders,4.500,none,0.000,head_and_shoulders,4.500,none,0.000,SHORT,false,PERIOD_H1_LONG_dow_trend_up_hh_hl|PERIOD_M15_NONE_no_ordered_dow_wave3_break,true,h1_counter_m15_reversal,true,top_LONG_dow_trend_up_hh_hl|structure_NONE_no_ordered_dow_wave3_break|structure_break_recent_confirmed_swing_break_failed|primary_break_recent_confirmed_swing_break_retest,none,above_75sma_rising,below_75sma_flat_or_rising,above_75sma_flat_or_falling,-1,0.00000000,0,98.03500000,false,off,NONE,NONE,0.00000000,0.00000000,0.0000,none,0.000,true,SHORT,return_low_break_or_bos_down,97.95300000,8,98.12600000,97.73500000,false,off,independent,false,,,false,0.0000,none,0.0000,0.0000,none,0.0000,0.0000,0.0000,none,0.0000,0,0,0.0000,none,none,none,none,0.0000,0,0.0000,none,false,true,not_evaluated,true,required_light_or_anchor_flip,short_bias,97.95300000,2025.09.25 10:15:00,98.21300000,2025.09.25 12:15:00,2025.09.25 16:30:00,false,NONE,0.00000000,0.00000000,0.0000,-1,false,,-1,NONE,0.00000000,0.00000000,0.0000,0.0000,none,,none,false,NONE,-1,-1,-1,false,false,none,true,false,false,true,none,true,required,false,PERIOD_M5,,,-1,0.0000,false,0.00000000,0.0000,false,0.0000,false,none,none,false,no_anchor_flip_in_entry_direction,true,required_first_signal_only,SHORT,unknown,0.00000000,,0.00000000,,false,,-1,false,NONE,0.00000000,,0.00000000,0.0000,0.0000,none,-1,false,false,false,no_anchor_flip_in_entry_direction,,,,false,false,false,-1,-1,-1,-1,-1,false,false,false,0.0000,falling_n,false,98.21300000,97.73500000,6.3073,false,0.0000,0.0000,0,none,true,0.7161,deep_618_786,0.120,diagnostic_only,diagnostic_only,diagnostic_only,shallow_pullback,24,0.370,true,none,0.520,high_quality,false,false,diagnostic_only,both,true,none,true,diagnostic_adjacent_detected,required_light,false,false,LONG,2,false,false,0,,,-1,0.0000,0.00000000,0.00000000,0.00000000,false,false,none,0.00000000,false,0.0000,0.0000,false,1,0.0000,false,-1,0.00000000,0.0000,off,false,not_evaluated,none,0.0000,0.0000,none,false,false,false,0.0000,none,false,none,0.0000,false,none,0.0000,0.0000,0.0000,0.0000,false,none,0.0000,none,none,false,false,none,0.0000,0.0000,0.0000,0.0000,none,false,false,0.0000,0.0000,false,false,-1,none,none,false,0.000,0.000,98.03700000,98.01300000,97.95300000,top_context_confirmed_swing_low,0.06200000,0.8611,session_low|opening_range_low|neckline_level,98.01300000,0.0568,false,true,false,false,not_blocked,1,1,0,m5_failure_exit,off,none,0.00000000,0.0000,1.30,97.92100000,4.500,0.000,0.200,PERIOD_M15,98.21300000,97.73500000,0.5858,preferred_382_618,0.000,true,98.01500000,98.08700000,0.07200000,97.92100000,1.306,0.03521429,28.00,30-60,true,false,none,not_consumed,5.100,5.100,none,0.0000,false,opposite_break_first,true,opposite_break_first,spread_too_high
2025.09.25 19:45:00,blocked,session_reversal_pullback_one_symbol_first120,AUDJPY,SHORT,2025.09.25 19:40:00,19,16,1,new_york,2025.09.25 16:00,40,first_120min,true,true,3,AUDJPY,highest_score_in_session_bar,new_york=USDJPY|EURJPY|GBPJPY|AUDJPY|EURUSD|GBPUSD,existing_first120_gate,new_york,false,false,true,passed_first_window,head_and_shoulders,neckline_break_retest,98.05300000,PERIOD_M5,PERIOD_H1,PERIOD_M15,PERIOD_M5,PERIOD_M5,false,htf_soft_alignment,current_post_filter,transcript_post_filter,dow_trend_up_hh_hl,no_ordered_dow_wave3_break,dow_trend_up_hh_hl,no_ordered_dow_wave3_break,false,false,true,SHORT,PERIOD_M5,head_and_shoulders,head_and_shoulders,4.500,none,0.000,head_and_shoulders,4.500,none,0.000,SHORT,false,PERIOD_H1_LONG_dow_trend_up_hh_hl|PERIOD_M15_NONE_no_ordered_dow_wave3_break,true,h1_counter_m15_reversal,true,top_LONG_dow_trend_up_hh_hl|structure_NONE_no_ordered_dow_wave3_break|structure_break_recent_confirmed_swing_break_failed|primary_break_recent_confirmed_swing_break_retest,none,above_75sma_rising,below_75sma_flat_or_rising,above_75sma_flat_or_falling,-1,0.00000000,0,98.03500000,false,off,NONE,NONE,0.00000000,0.00000000,0.0000,none,0.000,true,SHORT,return_low_break_or_bos_down,97.95300000,8,98.12600000,97.73500000,false,off,independent,false,,,false,0.0000,none,0.0000,0.0000,none,0.0000,0.0000,0.0000,none,0.0000,0,0,0.0000,none,none,none,none,0.0000,0,0.0000,none,false,true,not_evaluated,true,required_light_or_anchor_flip,short_bias,97.95300000,2025.09.25 10:15:00,98.21300000,2025.09.25 12:15:00,2025.09.25 16:30:00,false,NONE,0.00000000,0.00000000,0.0000,-1,false,,-1,NONE,0.00000000,0.00000000,0.0000,0.0000,none,,none,false,NONE,-1,-1,-1,false,false,none,true,false,false,true,none,true,required,false,PERIOD_M5,,,-1,0.0000,false,0.00000000,0.0000,false,0.0000,false,none,none,false,no_anchor_flip_in_entry_direction,true,required_first_signal_only,SHORT,unknown,0.00000000,,0.00000000,,false,,-1,false,NONE,0.00000000,,0.00000000,0.0000,0.0000,none,-1,false,false,false,no_anchor_flip_in_entry_direction,,,,false,false,false,-1,-1,-1,-1,-1,false,false,false,0.0000,falling_n,false,98.21300000,97.73500000,6.3073,false,0.0000,0.0000,0,none,true,0.7161,deep_618_786,0.120,diagnostic_only,diagnostic_only,diagnostic_only,shallow_pullback,24,0.370,true,none,0.520,high_quality,false,false,diagnostic_only,both,true,none,true,diagnostic_adjacent_detected,required_light,false,false,LONG,2,false,false,0,,,-1,0.0000,0.00000000,0.00000000,0.00000000,false,false,none,0.00000000,false,0.0000,0.0000,false,1,0.0000,false,-1,0.00000000,0.0000,off,false,not_evaluated,none,0.0000,0.0000,none,false,false,false,0.0000,none,false,none,0.0000,false,none,0.0000,0.0000,0.0000,0.0000,false,none,0.0000,none,none,false,false,none,0.0000,0.0000,0.0000,0.0000,none,false,false,0.0000,0.0000,false,false,-1,none,none,false,0.000,0.000,98.03700000,98.01300000,97.95300000,top_context_confirmed_swing_low,0.06200000,0.8611,session_low|opening_range_low|neckline_level,98.01300000,0.0568,false,true,false,false,not_blocked,1,1,0,m5_failure_exit,off,none,0.00000000,0.0000,1.30,97.92100000,4.500,0.000,0.200,PERIOD_M15,98.21300000,97.73500000,0.5858,preferred_382_618,0.000,true,98.01500000,98.08700000,0.07200000,97.92100000,1.306,0.03521429,28.00,30-60,true,false,none,blocked_spread_too_high,5.100,5.100,none,0.0000,false,opposite_break_first,true,opposite_break_first,spread_too_high
2025.09.26 03:10:00,signal,session_reversal_pullback_one_symbol_first120,AUDJPY,SHORT,2025.09.26 03:05:00,3,0,9,tokyo,2025.09.26 00:00,5,first_120min,true,true,3,AUDJPY,highest_score_in_session_bar,tokyo=USDJPY|EURJPY|GBPJPY|AUDJPY,existing_first120_gate,tokyo,false,false,true,passed_first_window,double_top,neckline_break_retest,97.93800000,PERIOD_M5,PERIOD_H1,PERIOD_M15,PERIOD_M5,PERIOD_M5,false,htf_soft_alignment,current_post_filter,transcript_post_filter,dow_range_or_transition,structure_trend_bias_dow_trend_down_ll_lh,dow_range_or_transition,structure_trend_bias_dow_trend_down_ll_lh,false,false,true,SHORT,PERIOD_M5,double_top,double_top,4.200,none,0.000,double_top,4.200,none,0.000,SHORT,false,PERIOD_H1_NONE_dow_range_or_transition|PERIOD_M15_SHORT_structure_trend_bias_dow_trend_down_ll_lh,true,h1_counter_m15_reversal,true,top_NONE_dow_range_or_transition|structure_SHORT_structure_trend_bias_dow_trend_down_ll_lh|structure_break_recent_confirmed_swing_break_failed|primary_break_recent_confirmed_swing_break_retest,none,above_75sma_rising,below_75sma_falling,below_75sma_flat_or_rising,-1,0.00000000,0,97.91500000,false,off,NONE,NONE,0.00000000,0.00000000,0.0000,none,0.000,true,SHORT,return_low_break_or_bos_down,97.84000000,8,97.97100000,97.75600000,false,off,independent,false,,,false,0.0000,none,0.0000,0.0000,none,0.0000,0.0000,0.0000,none,0.0000,0,0,0.0000,none,none,none,none,0.0000,0,0.0000,none,false,true,not_evaluated,true,required_light_or_anchor_flip,bias_flip_up,97.84000000,2025.09.25 22:15:00,97.96900000,2025.09.25 23:30:00,2025.09.26 00:45:00,true,LONG,97.96900000,97.97500000,0.0750,1,true,2025.09.26 02:30:00,1,LONG,97.96900000,97.97500000,0.0750,0.5500,normal,2025.09.26 02:45:00,first_after_anchor,true,LONG,1,0,1,true,false,fresh_0_4,false,true,false,true,none,true,required,false,PERIOD_M5,,,-1,0.0000,false,0.00000000,0.0000,false,0.0000,false,none,none,false,no_anchor_flip_in_entry_direction,true,required_first_signal_only,SHORT,unknown,0.00000000,,0.00000000,,false,,-1,false,NONE,0.00000000,,0.00000000,0.0000,0.0000,none,-1,false,false,false,no_anchor_flip_in_entry_direction,,,,false,false,false,-1,-1,-1,-1,-1,false,false,false,0.0000,range_n,true,97.97100000,97.75600000,2.6875,true,0.5500,0.3333,1,normal,true,0.6638,deep_618_786,0.120,diagnostic_only,diagnostic_only,diagnostic_only,fib_pullback,7,0.410,true,none,0.560,high_quality,false,false,diagnostic_only,both,true,none,true,diagnostic_adjacent_detected,required_light,false,false,LONG,4,false,false,2,2025.09.26 00:55:00,2025.09.26 02:45:00,4,5.3144,0.00000000,97.87300000,97.87300000,false,false,none,0.00000000,false,0.0000,0.0000,false,1,0.0000,false,-1,0.00000000,0.0000,off,false,not_evaluated,none,0.0000,0.0000,none,false,false,false,0.0000,none,false,none,0.0000,false,none,2.5753,5.0334,0.5116,0.2809,false,mild_exhaustion,0.0000,none,none,false,false,none,0.0000,0.0000,0.0000,0.0000,none,false,false,0.0000,0.0000,false,false,-1,none,none,false,0.000,0.000,97.91000000,97.88500000,97.87300000,pre_session_low,0.02600000,0.4062,session_low|opening_range_low|neckline_level,97.88500000,0.3278,false,true,false,false,not_blocked,2,2,0,m5_failure_exit,off,none,0.00000000,0.0000,1.30,97.81600000,4.200,-0.300,0.200,PERIOD_M15,97.97100000,97.75600000,0.6651,deep_618_786,0.000,true,97.89900000,97.96300000,0.06400000,97.81600000,1.297,0.04271429,28.00,0-30,true,false,none,not_consumed,4.500,4.500,none,0.0000,false,neckline_retest_failed,false,not_invalidated,spread_too_high
2025.09.26 03:10:00,blocked,session_reversal_pullback_one_symbol_first120,AUDJPY,SHORT,2025.09.26 03:05:00,3,0,9,tokyo,2025.09.26 00:00,5,first_120min,true,true,3,AUDJPY,highest_score_in_session_bar,tokyo=USDJPY|EURJPY|GBPJPY|AUDJPY,existing_first120_gate,tokyo,false,false,true,passed_first_window,double_top,neckline_break_retest,97.93800000,PERIOD_M5,PERIOD_H1,PERIOD_M15,PERIOD_M5,PERIOD_M5,false,htf_soft_alignment,current_post_filter,transcript_post_filter,dow_range_or_transition,structure_trend_bias_dow_trend_down_ll_lh,dow_range_or_transition,structure_trend_bias_dow_trend_down_ll_lh,false,false,true,SHORT,PERIOD_M5,double_top,double_top,4.200,none,0.000,double_top,4.200,none,0.000,SHORT,false,PERIOD_H1_NONE_dow_range_or_transition|PERIOD_M15_SHORT_structure_trend_bias_dow_trend_down_ll_lh,true,h1_counter_m15_reversal,true,top_NONE_dow_range_or_transition|structure_SHORT_structure_trend_bias_dow_trend_down_ll_lh|structure_break_recent_confirmed_swing_break_failed|primary_break_recent_confirmed_swing_break_retest,none,above_75sma_rising,below_75sma_falling,below_75sma_flat_or_rising,-1,0.00000000,0,97.91500000,false,off,NONE,NONE,0.00000000,0.00000000,0.0000,none,0.000,true,SHORT,return_low_break_or_bos_down,97.84000000,8,97.97100000,97.75600000,false,off,independent,false,,,false,0.0000,none,0.0000,0.0000,none,0.0000,0.0000,0.0000,none,0.0000,0,0,0.0000,none,none,none,none,0.0000,0,0.0000,none,false,true,not_evaluated,true,required_light_or_anchor_flip,bias_flip_up,97.84000000,2025.09.25 22:15:00,97.96900000,2025.09.25 23:30:00,2025.09.26 00:45:00,true,LONG,97.96900000,97.97500000,0.0750,1,true,2025.09.26 02:30:00,1,LONG,97.96900000,97.97500000,0.0750,0.5500,normal,2025.09.26 02:45:00,first_after_anchor,true,LONG,1,0,1,true,false,fresh_0_4,false,true,false,true,none,true,required,false,PERIOD_M5,,,-1,0.0000,false,0.00000000,0.0000,false,0.0000,false,none,none,false,no_anchor_flip_in_entry_direction,true,required_first_signal_only,SHORT,unknown,0.00000000,,0.00000000,,false,,-1,false,NONE,0.00000000,,0.00000000,0.0000,0.0000,none,-1,false,false,false,no_anchor_flip_in_entry_direction,,,,false,false,false,-1,-1,-1,-1,-1,false,false,false,0.0000,range_n,true,97.97100000,97.75600000,2.6875,true,0.5500,0.3333,1,normal,true,0.6638,deep_618_786,0.120,diagnostic_only,diagnostic_only,diagnostic_only,fib_pullback,7,0.410,true,none,0.560,high_quality,false,false,diagnostic_only,both,true,none,true,diagnostic_adjacent_detected,required_light,false,false,LONG,4,false,false,2,2025.09.26 00:55:00,2025.09.26 02:45:00,4,5.3144,0.00000000,97.87300000,97.87300000,false,false,none,0.00000000,false,0.0000,0.0000,false,1,0.0000,false,-1,0.00000000,0.0000,off,false,not_evaluated,none,0.0000,0.0000,none,false,false,false,0.0000,none,false,none,0.0000,false,none,2.5753,5.0334,0.5116,0.2809,false,mild_exhaustion,0.0000,none,none,false,false,none,0.0000,0.0000,0.0000,0.0000,none,false,false,0.0000,0.0000,false,false,-1,none,none,false,0.000,0.000,97.91000000,97.88500000,97.87300000,pre_session_low,0.02600000,0.4062,session_low|opening_range_low|neckline_level,97.88500000,0.3278,false,true,false,false,not_blocked,2,2,0,m5_failure_exit,off,none,0.00000000,0.0000,1.30,97.81600000,4.200,-0.300,0.200,PERIOD_M15,97.97100000,97.75600000,0.6651,deep_618_786,0.000,true,97.89900000,97.96300000,0.06400000,97.81600000,1.297,0.04271429,28.00,0-30,true,false,none,blocked_spread_too_high,4.500,4.500,none,0.0000,false,neckline_retest_failed,false,not_invalidated,spread_too_high
2025.09.26 10:05:01,signal,session_reversal_pullback_one_symbol_first120,AUDJPY,SHORT,2025.09.26 10:00:00,10,7,16,london,2025.09.26 07:00,0,first_120min,true,true,3,AUDJPY,highest_score_in_session_bar,london=USDJPY|EURJPY|GBPJPY|AUDJPY|EURUSD|GBPUSD,existing_first120_gate,london,true,false,true,passed_first_window,double_top,neckline_break_retest,97.90800000,PERIOD_M5,PERIOD_H1,PERIOD_M15,PERIOD_M5,PERIOD_M5,false,htf_soft_alignment,current_post_filter,transcript_post_filter,dow_range_or_transition,no_ordered_dow_wave3_break,dow_range_or_transition,no_ordered_dow_wave3_break,false,true,true,SHORT,PERIOD_M5,double_top,double_top,4.200,none,0.000,double_top,4.200,none,0.000,SHORT,false,PERIOD_H1_NONE_dow_range_or_transition|PERIOD_M15_NONE_no_ordered_dow_wave3_break,true,h1_counter_m15_reversal,true,top_NONE_dow_range_or_transition|structure_NONE_no_ordered_dow_wave3_break|structure_break_recent_confirmed_swing_break_retest|primary_break_recent_confirmed_swing_break_failed,none,above_75sma_rising,below_75sma_falling,above_75sma_rising,0,97.87300000,-1,0.00000000,false,off,NONE,NONE,0.00000000,0.00000000,0.0000,none,0.000,true,SHORT,return_low_break_or_bos_down,97.87300000,0,97.98600000,97.81700000,false,off,independent,false,,,false,0.0000,none,0.0000,0.0000,none,0.0000,0.0000,0.0000,none,0.0000,0,0,0.0000,none,none,none,none,0.0000,0,0.0000,none,false,true,not_evaluated,true,required_light_or_anchor_flip,short_bias,97.87300000,2025.09.26 02:00:00,97.98300000,2025.09.26 02:45:00,2025.09.26 04:00:00,false,NONE,0.00000000,0.00000000,0.0000,-1,false,,-1,NONE,0.00000000,0.00000000,0.0000,0.0000,none,,none,false,NONE,-1,-1,-1,false,false,none,true,false,false,true,none,true,required,false,PERIOD_M5,,,-1,0.0000,false,0.00000000,0.0000,false,0.0000,false,none,none,false,no_anchor_flip_in_entry_direction,true,required_first_signal_only,SHORT,unknown,0.00000000,,0.00000000,,false,,-1,false,NONE,0.00000000,,0.00000000,0.0000,0.0000,none,-1,false,false,false,no_anchor_flip_in_entry_direction,,,,false,false,false,-1,-1,-1,-1,-1,false,false,false,0.0000,range_n,true,97.98300000,97.81700000,3.3681,false,0.0000,0.0000,0,none,true,0.5325,preferred_382_618,0.200,diagnostic_only,diagnostic_only,diagnostic_only,shallow_pullback,24,0.400,true,none,0.550,high_quality,false,false,diagnostic_only,both,true,none,true,diagnostic_adjacent_detected,required_light,false,false,LONG,6,false,false,2,2025.09.26 08:05:00,2025.09.26 09:15:00,9,3.5568,0.00000000,97.85300000,97.85300000,false,false,none,0.00000000,false,0.0000,0.0000,false,1,0.0000,false,-1,0.00000000,0.0000,off,false,not_evaluated,none,0.0000,0.0000,none,false,false,false,0.0000,none,false,none,0.0000,false,none,3.3550,1.7910,1.8732,1.7658,false,no_shrink,0.0000,none,none,false,false,none,0.0000,0.0000,0.0000,0.0000,none,false,false,0.0000,0.0000,false,false,-1,none,none,false,0.000,0.000,97.90800000,97.90525926,97.90525926,recent_equal_highs,0.00174074,0.0285,neckline_level,97.90800000,0.0252,false,true,true,false,not_blocked,9,5,4,m5_failure_exit,off,none,0.00000000,0.0000,1.30,97.82800000,4.200,-0.300,0.200,PERIOD_M15,97.94300000,97.84500000,0.6327,deep_618_786,0.000,true,97.90700000,97.96800000,0.06100000,97.82800000,1.295,0.03964286,28.00,0-30,true,false,none,not_consumed,4.650,4.650,none,0.0000,false,opposite_break_first,true,opposite_break_first,spread_too_high
2025.09.26 10:05:01,blocked,session_reversal_pullback_one_symbol_first120,AUDJPY,SHORT,2025.09.26 10:00:00,10,7,16,london,2025.09.26 07:00,0,first_120min,true,true,3,AUDJPY,highest_score_in_session_bar,london=USDJPY|EURJPY|GBPJPY|AUDJPY|EURUSD|GBPUSD,existing_first120_gate,london,true,false,true,passed_first_window,double_top,neckline_break_retest,97.90800000,PERIOD_M5,PERIOD_H1,PERIOD_M15,PERIOD_M5,PERIOD_M5,false,htf_soft_alignment,current_post_filter,transcript_post_filter,dow_range_or_transition,no_ordered_dow_wave3_break,dow_range_or_transition,no_ordered_dow_wave3_break,false,true,true,SHORT,PERIOD_M5,double_top,double_top,4.200,none,0.000,double_top,4.200,none,0.000,SHORT,false,PERIOD_H1_NONE_dow_range_or_transition|PERIOD_M15_NONE_no_ordered_dow_wave3_break,true,h1_counter_m15_reversal,true,top_NONE_dow_range_or_transition|structure_NONE_no_ordered_dow_wave3_break|structure_break_recent_confirmed_swing_break_retest|primary_break_recent_confirmed_swing_break_failed,none,above_75sma_rising,below_75sma_falling,above_75sma_rising,0,97.87300000,-1,0.00000000,false,off,NONE,NONE,0.00000000,0.00000000,0.0000,none,0.000,true,SHORT,return_low_break_or_bos_down,97.87300000,0,97.98600000,97.81700000,false,off,independent,false,,,false,0.0000,none,0.0000,0.0000,none,0.0000,0.0000,0.0000,none,0.0000,0,0,0.0000,none,none,none,none,0.0000,0,0.0000,none,false,true,not_evaluated,true,required_light_or_anchor_flip,short_bias,97.87300000,2025.09.26 02:00:00,97.98300000,2025.09.26 02:45:00,2025.09.26 04:00:00,false,NONE,0.00000000,0.00000000,0.0000,-1,false,,-1,NONE,0.00000000,0.00000000,0.0000,0.0000,none,,none,false,NONE,-1,-1,-1,false,false,none,true,false,false,true,none,true,required,false,PERIOD_M5,,,-1,0.0000,false,0.00000000,0.0000,false,0.0000,false,none,none,false,no_anchor_flip_in_entry_direction,true,required_first_signal_only,SHORT,unknown,0.00000000,,0.00000000,,false,,-1,false,NONE,0.00000000,,0.00000000,0.0000,0.0000,none,-1,false,false,false,no_anchor_flip_in_entry_direction,,,,false,false,false,-1,-1,-1,-1,-1,false,false,false,0.0000,range_n,true,97.98300000,97.81700000,3.3681,false,0.0000,0.0000,0,none,true,0.5325,preferred_382_618,0.200,diagnostic_only,diagnostic_only,diagnostic_only,shallow_pullback,24,0.400,true,none,0.550,high_quality,false,false,diagnostic_only,both,true,none,true,diagnostic_adjacent_detected,required_light,false,false,LONG,6,false,false,2,2025.09.26 08:05:00,2025.09.26 09:15:00,9,3.5568,0.00000000,97.85300000,97.85300000,false,false,none,0.00000000,false,0.0000,0.0000,false,1,0.0000,false,-1,0.00000000,0.0000,off,false,not_evaluated,none,0.0000,0.0000,none,false,false,false,0.0000,none,false,none,0.0000,false,none,3.3550,1.7910,1.8732,1.7658,false,no_shrink,0.0000,none,none,false,false,none,0.0000,0.0000,0.0000,0.0000,none,false,false,0.0000,0.0000,false,false,-1,none,none,false,0.000,0.000,97.90800000,97.90525926,97.90525926,recent_equal_highs,0.00174074,0.0285,neckline_level,97.90800000,0.0252,false,true,true,false,not_blocked,9,5,4,m5_failure_exit,off,none,0.00000000,0.0000,1.30,97.82800000,4.200,-0.300,0.200,PERIOD_M15,97.94300000,97.84500000,0.6327,deep_618_786,0.000,true,97.90700000,97.96800000,0.06100000,97.82800000,1.295,0.03964286,28.00,0-30,true,false,none,blocked_spread_too_high,4.650,4.650,none,0.0000,false,opposite_break_first,true,opposite_break_first,spread_too_high
2025.09.26 16:25:00,signal,session_reversal_pullback_one_symbol_first120,EURUSD,LONG,2025.09.26 16:20:00,16,13,22,london_newyork_overlap,2025.09.26 13:00,20,first_120min,true,true,3,EURUSD,highest_score_in_session_bar,london_newyork_overlap=USDJPY|EURJPY|GBPJPY|AUDJPY|EURUSD|GBPUSD,existing_first120_gate,london_newyork_overlap,true,false,true,passed_first_window,double_bottom,neckline_break_retest,1.16789000,PERIOD_M5,PERIOD_H1,PERIOD_M15,PERIOD_M5,PERIOD_M5,false,htf_soft_alignment,current_post_filter,transcript_post_filter,dow_trend_down_ll_lh,no_ordered_dow_wave3_break,dow_trend_down_ll_lh,no_ordered_dow_wave3_break,false,true,false,LONG,PERIOD_M5,double_bottom,double_bottom,4.200,none,0.000,double_bottom,4.200,none,0.000,LONG,true,PERIOD_H1_SHORT_dow_trend_down_ll_lh|PERIOD_M15_NONE_no_ordered_dow_wave3_break,true,h1_counter_m15_reversal,true,top_SHORT_dow_trend_down_ll_lh|structure_NONE_no_ordered_dow_wave3_break|structure_break_recent_confirmed_swing_break_retest|primary_break_recent_confirmed_swing_break_failed,none,below_75sma_falling,above_75sma_rising,above_75sma_rising,0,1.16832000,-1,0.00000000,false,off,NONE,NONE,0.00000000,0.00000000,0.0000,none,0.000,true,LONG,return_high_break_or_bos_up,1.16832000,0,1.16872000,1.16607000,false,off,independent,false,,,false,0.0000,none,0.0000,0.0000,none,0.0000,0.0000,0.0000,none,0.0000,0,0,0.0000,none,none,none,none,0.0000,0,0.0000,none,false,true,not_evaluated,true,required_light_or_anchor_flip,short_bias,1.16676000,2025.09.26 10:45:00,1.16872000,2025.09.26 11:30:00,2025.09.26 13:45:00,false,NONE,0.00000000,0.00000000,0.0000,-1,false,,-1,NONE,0.00000000,0.00000000,0.0000,0.0000,none,,none,false,NONE,-1,-1,-1,false,false,none,false,true,false,true,none,true,required,false,PERIOD_M5,,,-1,0.0000,false,0.00000000,0.0000,false,0.0000,false,none,none,false,no_anchor_flip_in_entry_direction,true,required_first_signal_only,LONG,unknown,0.00000000,,0.00000000,,false,,-1,false,NONE,0.00000000,,0.00000000,0.0000,0.0000,none,-1,false,false,false,no_anchor_flip_in_entry_direction,,,,false,false,false,-1,-1,-1,-1,-1,false,false,false,0.0000,range_n,true,1.16872000,1.16607000,3.4544,false,0.0000,0.0000,0,none,true,0.2415,shallow_236_382,0.080,diagnostic_only,diagnostic_only,diagnostic_only,shallow_pullback,9,0.320,true,none,0.470,high_quality,false,false,diagnostic_only,both,true,none,true,diagnostic_adjacent_detected,required_light,false,false,SHORT,6,false,false,0,2025.09.26 14:25:00,2025.09.26 15:30:00,10,3.1775,1.16853000,0.00000000,1.16853000,true,true,m5_lh_close_break_up,1.16853000,true,0.5296,0.9234,true,1,0.8419,false,4,1.16853000,0.0407,off,false,not_evaluated,none,0.6355,0.3645,strong,false,false,false,0.8419,held_no_close_back,true,favorable_side,0.2300,false,clean_retest,2.6343,1.8060,1.4586,0.0000,true,strong_exhaustion,0.0000,none,none,false,false,none,0.0000,0.0000,0.0000,0.0000,none,false,false,0.0000,0.0000,false,false,-1,none,none,false,0.000,0.000,1.16836000,1.16789000,1.16836000,structure_confirmed_swing_high,0.00028000,0.2478,neckline_level,1.16789000,0.2580,false,true,true,false,not_blocked,10,6,4,m5_failure_exit,off,none,0.00000000,0.0000,1.30,1.16955000,4.200,-0.300,0.200,PERIOD_M15,1.16836000,1.16607000,0.1223,outside,0.000,true,1.16808000,1.16695000,0.00113000,1.16955000,1.301,0.00073643,18.00,0-30,true,false,none,not_consumed,4.650,4.650,none,0.0000,false,neckline_retest_failed,false,not_invalidated,spread_too_high
2025.09.26 16:25:00,blocked,session_reversal_pullback_one_symbol_first120,EURUSD,LONG,2025.09.26 16:20:00,16,13,22,london_newyork_overlap,2025.09.26 13:00,20,first_120min,true,true,3,EURUSD,highest_score_in_session_bar,london_newyork_overlap=USDJPY|EURJPY|GBPJPY|AUDJPY|EURUSD|GBPUSD,existing_first120_gate,london_newyork_overlap,true,false,true,passed_first_window,double_bottom,neckline_break_retest,1.16789000,PERIOD_M5,PERIOD_H1,PERIOD_M15,PERIOD_M5,PERIOD_M5,false,htf_soft_alignment,current_post_filter,transcript_post_filter,dow_trend_down_ll_lh,no_ordered_dow_wave3_break,dow_trend_down_ll_lh,no_ordered_dow_wave3_break,false,true,false,LONG,PERIOD_M5,double_bottom,double_bottom,4.200,none,0.000,double_bottom,4.200,none,0.000,LONG,true,PERIOD_H1_SHORT_dow_trend_down_ll_lh|PERIOD_M15_NONE_no_ordered_dow_wave3_break,true,h1_counter_m15_reversal,true,top_SHORT_dow_trend_down_ll_lh|structure_NONE_no_ordered_dow_wave3_break|structure_break_recent_confirmed_swing_break_retest|primary_break_recent_confirmed_swing_break_failed,none,below_75sma_falling,above_75sma_rising,above_75sma_rising,0,1.16832000,-1,0.00000000,false,off,NONE,NONE,0.00000000,0.00000000,0.0000,none,0.000,true,LONG,return_high_break_or_bos_up,1.16832000,0,1.16872000,1.16607000,false,off,independent,false,,,false,0.0000,none,0.0000,0.0000,none,0.0000,0.0000,0.0000,none,0.0000,0,0,0.0000,none,none,none,none,0.0000,0,0.0000,none,false,true,not_evaluated,true,required_light_or_anchor_flip,short_bias,1.16676000,2025.09.26 10:45:00,1.16872000,2025.09.26 11:30:00,2025.09.26 13:45:00,false,NONE,0.00000000,0.00000000,0.0000,-1,false,,-1,NONE,0.00000000,0.00000000,0.0000,0.0000,none,,none,false,NONE,-1,-1,-1,false,false,none,false,true,false,true,none,true,required,false,PERIOD_M5,,,-1,0.0000,false,0.00000000,0.0000,false,0.0000,false,none,none,false,no_anchor_flip_in_entry_direction,true,required_first_signal_only,LONG,unknown,0.00000000,,0.00000000,,false,,-1,false,NONE,0.00000000,,0.00000000,0.0000,0.0000,none,-1,false,false,false,no_anchor_flip_in_entry_direction,,,,false,false,false,-1,-1,-1,-1,-1,false,false,false,0.0000,range_n,true,1.16872000,1.16607000,3.4544,false,0.0000,0.0000,0,none,true,0.2415,shallow_236_382,0.080,diagnostic_only,diagnostic_only,diagnostic_only,shallow_pullback,9,0.320,true,none,0.470,high_quality,false,false,diagnostic_only,both,true,none,true,diagnostic_adjacent_detected,required_light,false,false,SHORT,6,false,false,0,2025.09.26 14:25:00,2025.09.26 15:30:00,10,3.1775,1.16853000,0.00000000,1.16853000,true,true,m5_lh_close_break_up,1.16853000,true,0.5296,0.9234,true,1,0.8419,false,4,1.16853000,0.0407,off,false,not_evaluated,none,0.6355,0.3645,strong,false,false,false,0.8419,held_no_close_back,true,favorable_side,0.2300,false,clean_retest,2.6343,1.8060,1.4586,0.0000,true,strong_exhaustion,0.0000,none,none,false,false,none,0.0000,0.0000,0.0000,0.0000,none,false,false,0.0000,0.0000,false,false,-1,none,none,false,0.000,0.000,1.16836000,1.16789000,1.16836000,structure_confirmed_swing_high,0.00028000,0.2478,neckline_level,1.16789000,0.2580,false,true,true,false,not_blocked,10,6,4,m5_failure_exit,off,none,0.00000000,0.0000,1.30,1.16955000,4.200,-0.300,0.200,PERIOD_M15,1.16836000,1.16607000,0.1223,outside,0.000,true,1.16808000,1.16695000,0.00113000,1.16955000,1.301,0.00073643,18.00,0-30,true,false,none,blocked_spread_too_high,4.650,4.650,none,0.0000,false,neckline_retest_failed,false,not_invalidated,spread_too_high
2025.09.29 03:15:04,signal,session_reversal_pullback_one_symbol_first120,EURJPY,SHORT,2025.09.29 03:10:00,3,0,9,tokyo,2025.09.29 00:00,10,first_120min,true,true,3,EURJPY,highest_score_in_session_bar,tokyo=USDJPY|EURJPY|GBPJPY|AUDJPY,existing_first120_gate,tokyo,false,false,true,passed_first_window,double_top,neckline_break_retest,174.91500000,PERIOD_M5,PERIOD_H1,PERIOD_M15,PERIOD_M5,PERIOD_M5,false,htf_soft_alignment,current_post_filter,transcript_post_filter,dow_range_or_transition,structure_trend_bias_dow_trend_down_ll_lh,dow_range_or_transition,structure_trend_bias_dow_trend_down_ll_lh,false,false,true,SHORT,PERIOD_M5,double_top,double_top,4.200,none,0.000,double_top,4.200,none,0.000,SHORT,false,PERIOD_H1_NONE_dow_range_or_transition|PERIOD_M15_SHORT_structure_trend_bias_dow_trend_down_ll_lh,true,h1_counter_m15_reversal,true,top_NONE_dow_range_or_transition|structure_SHORT_structure_trend_bias_dow_trend_down_ll_lh|structure_break_recent_confirmed_swing_break_failed|primary_break_no_recent_confirmed_swing_break,none,above_75sma_rising,above_75sma_rising,below_75sma_falling,-1,0.00000000,-1,0.00000000,false,off,NONE,NONE,0.00000000,0.00000000,0.0000,none,0.000,true,SHORT,return_low_break_or_bos_down,174.85500000,10,175.00400000,174.82800000,false,off,independent,false,,,false,0.0000,none,0.0000,0.0000,none,0.0000,0.0000,0.0000,none,0.0000,0,0,0.0000,none,none,none,none,0.0000,0,0.0000,none,false,true,not_evaluated,true,required_light_or_anchor_flip,long_bias,174.82800000,2025.09.29 00:30:00,174.99800000,2025.09.26 22:45:00,2025.09.29 01:15:00,false,NONE,0.00000000,0.00000000,0.0000,-1,false,,-1,NONE,0.00000000,0.00000000,0.0000,0.0000,none,,none,false,NONE,-1,-1,-1,false,false,none,false,true,false,true,none,true,required,false,PERIOD_M5,,,-1,0.0000,false,0.00000000,0.0000,false,0.0000,false,none,none,false,no_anchor_flip_in_entry_direction,true,required_first_signal_only,SHORT,unknown,0.00000000,,0.00000000,,false,,-1,false,NONE,0.00000000,,0.00000000,0.0000,0.0000,none,-1,false,false,false,no_anchor_flip_in_entry_direction,,,,false,false,false,-1,-1,-1,-1,-1,false,false,false,0.0000,range_n,true,175.00400000,174.82800000,2.5720,false,0.0000,0.0000,0,none,true,0.4034,preferred_382_618,0.200,diagnostic_only,diagnostic_only,diagnostic_only,fib_pullback,7,0.440,true,none,0.590,high_quality,false,false,diagnostic_only,both,true,none,true,diagnostic_adjacent_detected,required_light,false,false,LONG,2,false,false,0,,,-1,0.0000,0.00000000,0.00000000,0.00000000,false,false,none,0.00000000,false,0.0000,0.0000,false,1,0.0000,false,-1,0.00000000,0.0000,off,false,not_evaluated,none,0.0000,0.0000,none,false,false,false,0.0000,none,false,none,0.0000,false,none,0.0000,0.0000,0.0000,0.0000,false,none,0.0000,none,none,false,false,none,0.0000,0.0000,0.0000,0.0000,none,false,false,0.0000,0.0000,false,false,-1,none,none,false,0.000,0.000,174.90009091,174.88000000,174.88000000,recent_rejection_zone,0.01900000,0.3220,neckline_level,174.91500000,0.4427,false,true,true,false,not_blocked,6,3,3,m5_failure_exit,off,none,0.00000000,0.0000,1.30,174.82300000,4.200,-0.300,0.200,PERIOD_M15,175.00400000,174.82800000,0.4034,preferred_382_618,0.000,true,174.89900000,174.95800000,0.05900000,174.82300000,1.288,0.03614286,30.00,0-30,true,false,none,not_consumed,4.300,4.300,none,0.0000,false,opposite_break_first,true,opposite_break_first,spread_too_high
2025.09.29 03:15:04,blocked,session_reversal_pullback_one_symbol_first120,EURJPY,SHORT,2025.09.29 03:10:00,3,0,9,tokyo,2025.09.29 00:00,10,first_120min,true,true,3,EURJPY,highest_score_in_session_bar,tokyo=USDJPY|EURJPY|GBPJPY|AUDJPY,existing_first120_gate,tokyo,false,false,true,passed_first_window,double_top,neckline_break_retest,174.91500000,PERIOD_M5,PERIOD_H1,PERIOD_M15,PERIOD_M5,PERIOD_M5,false,htf_soft_alignment,current_post_filter,transcript_post_filter,dow_range_or_transition,structure_trend_bias_dow_trend_down_ll_lh,dow_range_or_transition,structure_trend_bias_dow_trend_down_ll_lh,false,false,true,SHORT,PERIOD_M5,double_top,double_top,4.200,none,0.000,double_top,4.200,none,0.000,SHORT,false,PERIOD_H1_NONE_dow_range_or_transition|PERIOD_M15_SHORT_structure_trend_bias_dow_trend_down_ll_lh,true,h1_counter_m15_reversal,true,top_NONE_dow_range_or_transition|structure_SHORT_structure_trend_bias_dow_trend_down_ll_lh|structure_break_recent_confirmed_swing_break_failed|primary_break_no_recent_confirmed_swing_break,none,above_75sma_rising,above_75sma_rising,below_75sma_falling,-1,0.00000000,-1,0.00000000,false,off,NONE,NONE,0.00000000,0.00000000,0.0000,none,0.000,true,SHORT,return_low_break_or_bos_down,174.85500000,10,175.00400000,174.82800000,false,off,independent,false,,,false,0.0000,none,0.0000,0.0000,none,0.0000,0.0000,0.0000,none,0.0000,0,0,0.0000,none,none,none,none,0.0000,0,0.0000,none,false,true,not_evaluated,true,required_light_or_anchor_flip,long_bias,174.82800000,2025.09.29 00:30:00,174.99800000,2025.09.26 22:45:00,2025.09.29 01:15:00,false,NONE,0.00000000,0.00000000,0.0000,-1,false,,-1,NONE,0.00000000,0.00000000,0.0000,0.0000,none,,none,false,NONE,-1,-1,-1,false,false,none,false,true,false,true,none,true,required,false,PERIOD_M5,,,-1,0.0000,false,0.00000000,0.0000,false,0.0000,false,none,none,false,no_anchor_flip_in_entry_direction,true,required_first_signal_only,SHORT,unknown,0.00000000,,0.00000000,,false,,-1,false,NONE,0.00000000,,0.00000000,0.0000,0.0000,none,-1,false,false,false,no_anchor_flip_in_entry_direction,,,,false,false,false,-1,-1,-1,-1,-1,false,false,false,0.0000,range_n,true,175.00400000,174.82800000,2.5720,false,0.0000,0.0000,0,none,true,0.4034,preferred_382_618,0.200,diagnostic_only,diagnostic_only,diagnostic_only,fib_pullback,7,0.440,true,none,0.590,high_quality,false,false,diagnostic_only,both,true,none,true,diagnostic_adjacent_detected,required_light,false,false,LONG,2,false,false,0,,,-1,0.0000,0.00000000,0.00000000,0.00000000,false,false,none,0.00000000,false,0.0000,0.0000,false,1,0.0000,false,-1,0.00000000,0.0000,off,false,not_evaluated,none,0.0000,0.0000,none,false,false,false,0.0000,none,false,none,0.0000,false,none,0.0000,0.0000,0.0000,0.0000,false,none,0.0000,none,none,false,false,none,0.0000,0.0000,0.0000,0.0000,none,false,false,0.0000,0.0000,false,false,-1,none,none,false,0.000,0.000,174.90009091,174.88000000,174.88000000,recent_rejection_zone,0.01900000,0.3220,neckline_level,174.91500000,0.4427,false,true,true,false,not_blocked,6,3,3,m5_failure_exit,off,none,0.00000000,0.0000,1.30,174.82300000,4.200,-0.300,0.200,PERIOD_M15,175.00400000,174.82800000,0.4034,preferred_382_618,0.000,true,174.89900000,174.95800000,0.05900000,174.82300000,1.288,0.03614286,30.00,0-30,true,false,none,blocked_spread_too_high,4.300,4.300,none,0.0000,false,opposite_break_first,true,opposite_break_first,spread_too_high
2025.09.29 20:25:00,signal,session_reversal_pullback_one_symbol_first120,EURUSD,SHORT,2025.09.29 20:20:00,20,17,2,new_york,2025.09.29 16:00,80,first_120min,false,true,3,EURUSD,highest_score_in_session_bar,new_york=USDJPY|EURJPY|GBPJPY|AUDJPY|EURUSD|GBPUSD,existing_first120_gate,new_york,true,false,true,passed_first_window,head_and_shoulders,neckline_break_retest,1.17256000,PERIOD_M5,PERIOD_H1,PERIOD_M15,PERIOD_M5,PERIOD_M5,false,htf_soft_alignment,current_post_filter,transcript_post_filter,dow_trend_up_hh_hl,structure_trend_bias_dow_trend_up_hh_hl,dow_trend_up_hh_hl,structure_trend_bias_dow_trend_up_hh_hl,false,false,true,SHORT,PERIOD_M5,head_and_shoulders,head_and_shoulders,4.500,none,0.000,head_and_shoulders,4.500,none,0.000,SHORT,false,PERIOD_H1_LONG_dow_trend_up_hh_hl|PERIOD_M15_LONG_structure_trend_bias_dow_trend_up_hh_hl,true,h1_counter_m15_reversal,true,top_LONG_dow_trend_up_hh_hl|structure_LONG_structure_trend_bias_dow_trend_up_hh_hl|structure_break_recent_confirmed_swing_break_failed|primary_break_recent_confirmed_swing_break_retest,none,above_75sma_flat_or_falling,above_75sma_rising,below_75sma_flat_or_rising,-1,0.00000000,0,1.17247000,false,off,NONE,NONE,0.00000000,0.00000000,0.0000,none,0.000,true,SHORT,return_low_break_or_bos_down,1.17147000,23,1.17538000,1.17085000,false,off,independent,false,,,false,0.0000,none,0.0000,0.0000,none,0.0000,0.0000,0.0000,none,0.0000,0,0,0.0000,none,none,none,none,0.0000,0,0.0000,none,false,true,not_evaluated,true,required_light_or_anchor_flip,long_bias,1.17085000,2025.09.29 14:30:00,1.17210000,2025.09.29 13:45:00,2025.09.29 16:45:00,false,NONE,0.00000000,0.00000000,0.0000,-1,false,,-1,NONE,0.00000000,0.00000000,0.0000,0.0000,none,,none,false,NONE,-1,-1,-1,false,false,none,false,true,false,true,none,true,required,false,PERIOD_M5,,,-1,0.0000,false,0.00000000,0.0000,false,0.0000,false,none,none,false,no_anchor_flip_in_entry_direction,true,required_first_signal_only,SHORT,unknown,0.00000000,,0.00000000,,false,,-1,false,NONE,0.00000000,,0.00000000,0.0000,0.0000,none,-1,false,false,false,no_anchor_flip_in_entry_direction,,,,false,false,false,-1,-1,-1,-1,-1,false,false,false,0.0000,range_n,true,1.17538000,1.17085000,6.4648,false,0.0000,0.0000,0,none,true,0.3245,shallow_236_382,0.080,diagnostic_only,diagnostic_only,diagnostic_only,deep_pullback,24,0.280,true,none,0.430,high_quality,false,false,diagnostic_only,both,true,none,true,diagnostic_adjacent_detected,required_light,false,false,LONG,6,false,false,0,2025.09.29 19:00:00,2025.09.29 20:00:00,4,3.0503,0.00000000,1.17247000,1.17247000,true,true,m5_hl_close_break_down,1.17247000,true,0.5866,0.6257,true,1,0.0000,false,0,1.17247000,0.2346,off,false,not_evaluated,none,0.2100,0.0000,normal,false,false,false,0.0000,no_following_closed_bar,false,none,0.0000,false,no_retest,2.3855,2.8547,0.8356,0.0000,true,strong_exhaustion,0.0000,none,none,false,false,none,0.0000,0.0000,0.0000,0.0000,none,false,false,0.0000,0.0000,false,false,-1,none,none,false,0.000,0.000,1.17247000,1.17220000,1.17220000,structure_confirmed_swing_low,0.00012000,0.1558,session_low|opening_range_low|neckline_level,1.17232000,0.0000,false,true,false,false,not_blocked,2,2,0,m5_failure_exit,off,none,0.00000000,0.0000,1.30,1.17132000,4.500,-0.300,0.200,PERIOD_M15,1.17538000,1.17220000,0.0377,outside,0.000,true,1.17232000,1.17309000,0.00077000,1.17132000,1.299,0.00025571,18.00,60-90,true,false,none,not_consumed,4.800,4.800,none,0.0000,false,opposite_break_first,true,opposite_break_first,spread_too_high
2025.09.29 20:25:00,blocked,session_reversal_pullback_one_symbol_first120,EURUSD,SHORT,2025.09.29 20:20:00,20,17,2,new_york,2025.09.29 16:00,80,first_120min,false,true,3,EURUSD,highest_score_in_session_bar,new_york=USDJPY|EURJPY|GBPJPY|AUDJPY|EURUSD|GBPUSD,existing_first120_gate,new_york,true,false,true,passed_first_window,head_and_shoulders,neckline_break_retest,1.17256000,PERIOD_M5,PERIOD_H1,PERIOD_M15,PERIOD_M5,PERIOD_M5,false,htf_soft_alignment,current_post_filter,transcript_post_filter,dow_trend_up_hh_hl,structure_trend_bias_dow_trend_up_hh_hl,dow_trend_up_hh_hl,structure_trend_bias_dow_trend_up_hh_hl,false,false,true,SHORT,PERIOD_M5,head_and_shoulders,head_and_shoulders,4.500,none,0.000,head_and_shoulders,4.500,none,0.000,SHORT,false,PERIOD_H1_LONG_dow_trend_up_hh_hl|PERIOD_M15_LONG_structure_trend_bias_dow_trend_up_hh_hl,true,h1_counter_m15_reversal,true,top_LONG_dow_trend_up_hh_hl|structure_LONG_structure_trend_bias_dow_trend_up_hh_hl|structure_break_recent_confirmed_swing_break_failed|primary_break_recent_confirmed_swing_break_retest,none,above_75sma_flat_or_falling,above_75sma_rising,below_75sma_flat_or_rising,-1,0.00000000,0,1.17247000,false,off,NONE,NONE,0.00000000,0.00000000,0.0000,none,0.000,true,SHORT,return_low_break_or_bos_down,1.17147000,23,1.17538000,1.17085000,false,off,independent,false,,,false,0.0000,none,0.0000,0.0000,none,0.0000,0.0000,0.0000,none,0.0000,0,0,0.0000,none,none,none,none,0.0000,0,0.0000,none,false,true,not_evaluated,true,required_light_or_anchor_flip,long_bias,1.17085000,2025.09.29 14:30:00,1.17210000,2025.09.29 13:45:00,2025.09.29 16:45:00,false,NONE,0.00000000,0.00000000,0.0000,-1,false,,-1,NONE,0.00000000,0.00000000,0.0000,0.0000,none,,none,false,NONE,-1,-1,-1,false,false,none,false,true,false,true,none,true,required,false,PERIOD_M5,,,-1,0.0000,false,0.00000000,0.0000,false,0.0000,false,none,none,false,no_anchor_flip_in_entry_direction,true,required_first_signal_only,SHORT,unknown,0.00000000,,0.00000000,,false,,-1,false,NONE,0.00000000,,0.00000000,0.0000,0.0000,none,-1,false,false,false,no_anchor_flip_in_entry_direction,,,,false,false,false,-1,-1,-1,-1,-1,false,false,false,0.0000,range_n,true,1.17538000,1.17085000,6.4648,false,0.0000,0.0000,0,none,true,0.3245,shallow_236_382,0.080,diagnostic_only,diagnostic_only,diagnostic_only,deep_pullback,24,0.280,true,none,0.430,high_quality,false,false,diagnostic_only,both,true,none,true,diagnostic_adjacent_detected,required_light,false,false,LONG,6,false,false,0,2025.09.29 19:00:00,2025.09.29 20:00:00,4,3.0503,0.00000000,1.17247000,1.17247000,true,true,m5_hl_close_break_down,1.17247000,true,0.5866,0.6257,true,1,0.0000,false,0,1.17247000,0.2346,off,false,not_evaluated,none,0.2100,0.0000,normal,false,false,false,0.0000,no_following_closed_bar,false,none,0.0000,false,no_retest,2.3855,2.8547,0.8356,0.0000,true,strong_exhaustion,0.0000,none,none,false,false,none,0.0000,0.0000,0.0000,0.0000,none,false,false,0.0000,0.0000,false,false,-1,none,none,false,0.000,0.000,1.17247000,1.17220000,1.17220000,structure_confirmed_swing_low,0.00012000,0.1558,session_low|opening_range_low|neckline_level,1.17232000,0.0000,false,true,false,false,not_blocked,2,2,0,m5_failure_exit,off,none,0.00000000,0.0000,1.30,1.17132000,4.500,-0.300,0.200,PERIOD_M15,1.17538000,1.17220000,0.0377,outside,0.000,true,1.17232000,1.17309000,0.00077000,1.17132000,1.299,0.00025571,18.00,60-90,true,false,none,blocked_spread_too_high,4.800,4.800,none,0.0000,false,opposite_break_first,true,opposite_break_first,spread_too_high
2025.09.30 16:05:00,signal,session_reversal_pullback_one_symbol_first120,GBPUSD,SHORT,2025.09.30 16:00:00,16,13,22,london_newyork_overlap,2025.09.30 13:00,0,first_120min,true,true,3,GBPUSD,highest_score_in_session_bar,london_newyork_overlap=USDJPY|EURJPY|GBPJPY|AUDJPY|EURUSD|GBPUSD,existing_first120_gate,london_newyork_overlap,false,false,true,passed_first_window,head_and_shoulders,neckline_break_retest,1.34418000,PERIOD_M5,PERIOD_H1,PERIOD_M15,PERIOD_M5,PERIOD_M5,false,htf_soft_alignment,current_post_filter,transcript_post_filter,dow_trend_up_hh_hl,no_ordered_dow_wave3_break,dow_trend_up_hh_hl,no_ordered_dow_wave3_break,false,true,true,SHORT,PERIOD_M5,head_and_shoulders,head_and_shoulders,4.500,none,0.000,head_and_shoulders,4.500,none,0.000,SHORT,false,PERIOD_H1_LONG_dow_trend_up_hh_hl|PERIOD_M15_NONE_no_ordered_dow_wave3_break,true,h1_counter_m15_reversal,true,top_LONG_dow_trend_up_hh_hl|structure_NONE_no_ordered_dow_wave3_break|structure_break_recent_confirmed_swing_break_failed|primary_break_recent_confirmed_swing_break_retest,none,above_75sma_flat_or_falling,above_75sma_rising,below_75sma_falling,-1,0.00000000,0,1.34372000,false,off,NONE,NONE,0.00000000,0.00000000,0.0000,none,0.000,true,SHORT,return_low_break_or_bos_down,1.34311000,6,1.34511000,1.34311000,false,off,independent,false,,,false,0.0000,none,0.0000,0.0000,none,0.0000,0.0000,0.0000,none,0.0000,0,0,0.0000,none,none,none,none,0.0000,0,0.0000,none,false,true,not_evaluated,true,required_light_or_anchor_flip,bias_flip_down,1.34273000,2025.09.30 09:00:00,1.34380000,2025.09.29 21:45:00,2025.09.30 09:30:00,true,SHORT,1.34273000,1.34244000,0.3648,7,true,2025.09.30 14:00:00,7,SHORT,1.34273000,1.34244000,0.3648,1.5472,normal,2025.09.30 14:00:00,first_after_anchor,true,SHORT,7,7,7,true,false,normal_5_12,true,false,false,true,none,true,required,true,PERIOD_M5,2025.09.30 14:05:00,2025.09.30 14:10:00,24,0.5615,true,1.34273000,0.5615,true,0.2130,true,m5_bos_down_after_anchor_retest,failed_close_back_inside,false,post_anchor_close_back_inside,true,required_first_signal_only,SHORT,rising_n,1.34313000,2025.09.30 14:55:00,1.34511000,2025.09.30 15:20:00,true,2025.09.30 15:30:00,6,false,NONE,1.34313000,,0.00000000,0.0000,0.0000,none,-1,false,false,false,micro_anchor_not_broken,GBPUSD|SHORT|1759240800|1.34273,,,false,false,false,-1,-1,-1,-1,-1,false,false,false,0.0000,range_n,true,1.34511000,1.34273000,2.9937,true,1.5472,0.3560,0,normal,true,0.4799,preferred_382_618,0.200,diagnostic_only,diagnostic_only,diagnostic_only,shallow_pullback,16,0.440,true,none,0.590,high_quality,false,false,diagnostic_only,both,true,none,true,diagnostic_adjacent_detected,required_light,false,false,LONG,5,false,false,1,2025.09.30 13:25:00,2025.09.30 15:20:00,8,3.8340,0.00000000,1.34313000,1.34313000,false,false,none,0.00000000,false,0.0000,0.0000,false,1,0.0000,false,-1,0.00000000,0.0000,off,false,not_evaluated,none,0.0000,0.0000,none,false,false,false,0.0000,none,false,none,0.0000,false,none,3.8340,1.1037,3.4737,1.5878,false,no_shrink,0.0000,none,none,false,false,none,0.0000,0.0000,0.0000,0.0000,none,false,false,0.0000,0.0000,false,false,-1,none,none,false,0.000,0.000,1.34371000,1.34364000,1.34356000,pre_session_low,0.00013000,0.0861,session_low|opening_range_low|neckline_level,1.34364000,0.0968,false,true,true,false,not_blocked,5,3,2,m5_failure_exit,off,none,0.00000000,0.0000,1.30,1.34172000,4.500,-0.300,0.200,PERIOD_M15,1.34499000,1.34311000,0.3085,outside,0.000,true,1.34369000,1.34520000,0.00151000,1.34172000,1.305,0.00051643,20.00,0-30,true,false,none,not_consumed,4.800,4.800,none,0.0000,false,neckline_retest_failed,false,not_invalidated,spread_too_high
2025.09.30 16:05:00,blocked,session_reversal_pullback_one_symbol_first120,GBPUSD,SHORT,2025.09.30 16:00:00,16,13,22,london_newyork_overlap,2025.09.30 13:00,0,first_120min,true,true,3,GBPUSD,highest_score_in_session_bar,london_newyork_overlap=USDJPY|EURJPY|GBPJPY|AUDJPY|EURUSD|GBPUSD,existing_first120_gate,london_newyork_overlap,false,false,true,passed_first_window,head_and_shoulders,neckline_break_retest,1.34418000,PERIOD_M5,PERIOD_H1,PERIOD_M15,PERIOD_M5,PERIOD_M5,false,htf_soft_alignment,current_post_filter,transcript_post_filter,dow_trend_up_hh_hl,no_ordered_dow_wave3_break,dow_trend_up_hh_hl,no_ordered_dow_wave3_break,false,true,true,SHORT,PERIOD_M5,head_and_shoulders,head_and_shoulders,4.500,none,0.000,head_and_shoulders,4.500,none,0.000,SHORT,false,PERIOD_H1_LONG_dow_trend_up_hh_hl|PERIOD_M15_NONE_no_ordered_dow_wave3_break,true,h1_counter_m15_reversal,true,top_LONG_dow_trend_up_hh_hl|structure_NONE_no_ordered_dow_wave3_break|structure_break_recent_confirmed_swing_break_failed|primary_break_recent_confirmed_swing_break_retest,none,above_75sma_flat_or_falling,above_75sma_rising,below_75sma_falling,-1,0.00000000,0,1.34372000,false,off,NONE,NONE,0.00000000,0.00000000,0.0000,none,0.000,true,SHORT,return_low_break_or_bos_down,1.34311000,6,1.34511000,1.34311000,false,off,independent,false,,,false,0.0000,none,0.0000,0.0000,none,0.0000,0.0000,0.0000,none,0.0000,0,0,0.0000,none,none,none,none,0.0000,0,0.0000,none,false,true,not_evaluated,true,required_light_or_anchor_flip,bias_flip_down,1.34273000,2025.09.30 09:00:00,1.34380000,2025.09.29 21:45:00,2025.09.30 09:30:00,true,SHORT,1.34273000,1.34244000,0.3648,7,true,2025.09.30 14:00:00,7,SHORT,1.34273000,1.34244000,0.3648,1.5472,normal,2025.09.30 14:00:00,first_after_anchor,true,SHORT,7,7,7,true,false,normal_5_12,true,false,false,true,none,true,required,true,PERIOD_M5,2025.09.30 14:05:00,2025.09.30 14:10:00,24,0.5615,true,1.34273000,0.5615,true,0.2130,true,m5_bos_down_after_anchor_retest,failed_close_back_inside,false,post_anchor_close_back_inside,true,required_first_signal_only,SHORT,rising_n,1.34313000,2025.09.30 14:55:00,1.34511000,2025.09.30 15:20:00,true,2025.09.30 15:30:00,6,false,NONE,1.34313000,,0.00000000,0.0000,0.0000,none,-1,false,false,false,micro_anchor_not_broken,GBPUSD|SHORT|1759240800|1.34273,,,false,false,false,-1,-1,-1,-1,-1,false,false,false,0.0000,range_n,true,1.34511000,1.34273000,2.9937,true,1.5472,0.3560,0,normal,true,0.4799,preferred_382_618,0.200,diagnostic_only,diagnostic_only,diagnostic_only,shallow_pullback,16,0.440,true,none,0.590,high_quality,false,false,diagnostic_only,both,true,none,true,diagnostic_adjacent_detected,required_light,false,false,LONG,5,false,false,1,2025.09.30 13:25:00,2025.09.30 15:20:00,8,3.8340,0.00000000,1.34313000,1.34313000,false,false,none,0.00000000,false,0.0000,0.0000,false,1,0.0000,false,-1,0.00000000,0.0000,off,false,not_evaluated,none,0.0000,0.0000,none,false,false,false,0.0000,none,false,none,0.0000,false,none,3.8340,1.1037,3.4737,1.5878,false,no_shrink,0.0000,none,none,false,false,none,0.0000,0.0000,0.0000,0.0000,none,false,false,0.0000,0.0000,false,false,-1,none,none,false,0.000,0.000,1.34371000,1.34364000,1.34356000,pre_session_low,0.00013000,0.0861,session_low|opening_range_low|neckline_level,1.34364000,0.0968,false,true,true,false,not_blocked,5,3,2,m5_failure_exit,off,none,0.00000000,0.0000,1.30,1.34172000,4.500,-0.300,0.200,PERIOD_M15,1.34499000,1.34311000,0.3085,outside,0.000,true,1.34369000,1.34520000,0.00151000,1.34172000,1.305,0.00051643,20.00,0-30,true,false,none,blocked_spread_too_high,4.800,4.800,none,0.0000,false,neckline_retest_failed,false,not_invalidated,spread_too_high
2025.09.30 19:15:00,signal,session_reversal_pullback_one_symbol_first120,GBPUSD,SHORT,2025.09.30 19:10:00,19,16,1,new_york,2025.09.30 16:00,10,first_120min,true,true,3,GBPUSD,highest_score_in_session_bar,new_york=USDJPY|EURJPY|GBPJPY|AUDJPY|EURUSD|GBPUSD,existing_first120_gate,new_york,false,false,true,passed_first_window,head_and_shoulders,neckline_break_retest,1.34469000,PERIOD_M5,PERIOD_H1,PERIOD_M15,PERIOD_M5,PERIOD_M5,false,htf_soft_alignment,current_post_filter,transcript_post_filter,dow_trend_up_hh_hl,no_ordered_dow_wave3_break,dow_trend_up_hh_hl,no_ordered_dow_wave3_break,false,false,true,SHORT,PERIOD_M5,head_and_shoulders,head_and_shoulders,4.500,none,0.000,head_and_shoulders,4.500,none,0.000,SHORT,false,PERIOD_H1_LONG_dow_trend_up_hh_hl|PERIOD_M15_NONE_no_ordered_dow_wave3_break,true,h1_counter_m15_reversal,true,top_LONG_dow_trend_up_hh_hl|structure_NONE_no_ordered_dow_wave3_break|structure_break_recent_confirmed_swing_break_failed|primary_break_recent_confirmed_swing_break_retest,none,above_75sma_rising,above_75sma_rising,below_75sma_falling,-1,0.00000000,4,1.34384000,false,off,NONE,NONE,0.00000000,0.00000000,0.0000,none,0.000,true,SHORT,return_low_break_or_bos_down,1.34311000,11,1.34661000,1.34127000,false,off,independent,false,,,false,0.0000,none,0.0000,0.0000,none,0.0000,0.0000,0.0000,none,0.0000,0,0,0.0000,none,none,none,none,0.0000,0,0.0000,none,false,true,not_evaluated,true,required_light_or_anchor_flip,long_bias,1.34127000,2025.09.30 16:15:00,1.34511000,2025.09.30 15:15:00,2025.09.30 17:45:00,false,NONE,0.00000000,0.00000000,0.0000,-1,false,,-1,NONE,0.00000000,0.00000000,0.0000,0.0000,none,,none,false,NONE,-1,-1,-1,false,false,none,false,true,false,true,none,true,required,false,PERIOD_M5,,,-1,0.0000,false,0.00000000,0.0000,false,0.0000,false,none,none,false,no_anchor_flip_in_entry_direction,true,required_first_signal_only,SHORT,unknown,0.00000000,,0.00000000,,false,,-1,false,NONE,0.00000000,,0.00000000,0.0000,0.0000,none,-1,false,false,false,no_anchor_flip_in_entry_direction,,,,false,false,false,-1,-1,-1,-1,-1,false,false,false,0.0000,range_n,true,1.34661000,1.34127000,4.3040,false,0.0000,0.0000,0,none,true,0.5206,preferred_382_618,0.200,diagnostic_only,diagnostic_only,diagnostic_only,fib_pullback,5,0.440,true,none,0.590,high_quality,false,false,diagnostic_only,both,true,none,true,diagnostic_adjacent_detected,required_light,false,false,LONG,6,false,false,2,2025.09.30 17:05:00,2025.09.30 17:50:00,16,5.8996,0.00000000,1.34384000,1.34384000,true,true,m5_hl_close_break_down,1.34384000,true,0.2959,0.5548,true,1,1.3501,false,4,1.34384000,0.6658,off,false,not_evaluated,none,0.5100,0.0200,normal,false,true,true,1.3501,failed_1bar,true,back_inside,0.0000,false,weak_retest,5.1229,2.7001,1.8973,3.1995,false,no_shrink,0.0000,none,none,false,false,none,0.0000,0.0000,0.0000,0.0000,none,false,false,0.0000,0.0000,false,false,-1,none,none,false,0.000,0.000,1.34411947,1.34387000,1.34366000,failed_breakout_level,0.00039000,0.2407,session_low|opening_range_low|neckline_level,1.34387000,0.3329,false,true,false,false,not_blocked,2,2,0,m5_failure_exit,off,none,0.00000000,0.0000,1.30,1.34194000,4.500,-0.300,0.200,PERIOD_M15,1.34661000,1.34127000,0.5206,preferred_382_618,0.000,true,1.34405000,1.34567000,0.00162000,1.34194000,1.302,0.00054071,20.00,0-30,true,false,none,not_consumed,4.800,4.800,none,0.0000,false,opposite_break_first,true,opposite_break_first,spread_too_high
2025.09.30 19:15:00,blocked,session_reversal_pullback_one_symbol_first120,GBPUSD,SHORT,2025.09.30 19:10:00,19,16,1,new_york,2025.09.30 16:00,10,first_120min,true,true,3,GBPUSD,highest_score_in_session_bar,new_york=USDJPY|EURJPY|GBPJPY|AUDJPY|EURUSD|GBPUSD,existing_first120_gate,new_york,false,false,true,passed_first_window,head_and_shoulders,neckline_break_retest,1.34469000,PERIOD_M5,PERIOD_H1,PERIOD_M15,PERIOD_M5,PERIOD_M5,false,htf_soft_alignment,current_post_filter,transcript_post_filter,dow_trend_up_hh_hl,no_ordered_dow_wave3_break,dow_trend_up_hh_hl,no_ordered_dow_wave3_break,false,false,true,SHORT,PERIOD_M5,head_and_shoulders,head_and_shoulders,4.500,none,0.000,head_and_shoulders,4.500,none,0.000,SHORT,false,PERIOD_H1_LONG_dow_trend_up_hh_hl|PERIOD_M15_NONE_no_ordered_dow_wave3_break,true,h1_counter_m15_reversal,true,top_LONG_dow_trend_up_hh_hl|structure_NONE_no_ordered_dow_wave3_break|structure_break_recent_confirmed_swing_break_failed|primary_break_recent_confirmed_swing_break_retest,none,above_75sma_rising,above_75sma_rising,below_75sma_falling,-1,0.00000000,4,1.34384000,false,off,NONE,NONE,0.00000000,0.00000000,0.0000,none,0.000,true,SHORT,return_low_break_or_bos_down,1.34311000,11,1.34661000,1.34127000,false,off,independent,false,,,false,0.0000,none,0.0000,0.0000,none,0.0000,0.0000,0.0000,none,0.0000,0,0,0.0000,none,none,none,none,0.0000,0,0.0000,none,false,true,not_evaluated,true,required_light_or_anchor_flip,long_bias,1.34127000,2025.09.30 16:15:00,1.34511000,2025.09.30 15:15:00,2025.09.30 17:45:00,false,NONE,0.00000000,0.00000000,0.0000,-1,false,,-1,NONE,0.00000000,0.00000000,0.0000,0.0000,none,,none,false,NONE,-1,-1,-1,false,false,none,false,true,false,true,none,true,required,false,PERIOD_M5,,,-1,0.0000,false,0.00000000,0.0000,false,0.0000,false,none,none,false,no_anchor_flip_in_entry_direction,true,required_first_signal_only,SHORT,unknown,0.00000000,,0.00000000,,false,,-1,false,NONE,0.00000000,,0.00000000,0.0000,0.0000,none,-1,false,false,false,no_anchor_flip_in_entry_direction,,,,false,false,false,-1,-1,-1,-1,-1,false,false,false,0.0000,range_n,true,1.34661000,1.34127000,4.3040,false,0.0000,0.0000,0,none,true,0.5206,preferred_382_618,0.200,diagnostic_only,diagnostic_only,diagnostic_only,fib_pullback,5,0.440,true,none,0.590,high_quality,false,false,diagnostic_only,both,true,none,true,diagnostic_adjacent_detected,required_light,false,false,LONG,6,false,false,2,2025.09.30 17:05:00,2025.09.30 17:50:00,16,5.8996,0.00000000,1.34384000,1.34384000,true,true,m5_hl_close_break_down,1.34384000,true,0.2959,0.5548,true,1,1.3501,false,4,1.34384000,0.6658,off,false,not_evaluated,none,0.5100,0.0200,normal,false,true,true,1.3501,failed_1bar,true,back_inside,0.0000,false,weak_retest,5.1229,2.7001,1.8973,3.1995,false,no_shrink,0.0000,none,none,false,false,none,0.0000,0.0000,0.0000,0.0000,none,false,false,0.0000,0.0000,false,false,-1,none,none,false,0.000,0.000,1.34411947,1.34387000,1.34366000,failed_breakout_level,0.00039000,0.2407,session_low|opening_range_low|neckline_level,1.34387000,0.3329,false,true,false,false,not_blocked,2,2,0,m5_failure_exit,off,none,0.00000000,0.0000,1.30,1.34194000,4.500,-0.300,0.200,PERIOD_M15,1.34661000,1.34127000,0.5206,preferred_382_618,0.000,true,1.34405000,1.34567000,0.00162000,1.34194000,1.302,0.00054071,20.00,0-30,true,false,none,blocked_spread_too_high,4.800,4.800,none,0.0000,false,opposite_break_first,true,opposite_break_first,spread_too_high
2025.10.01 03:35:00,signal,session_reversal_pullback_one_symbol_first120,AUDJPY,SHORT,2025.10.01 03:30:00,3,0,9,tokyo,2025.10.01 00:00,30,first_120min,true,true,3,AUDJPY,highest_score_in_session_bar,tokyo=USDJPY|EURJPY|GBPJPY|AUDJPY,existing_first120_gate,tokyo,false,false,true,passed_first_window,double_top,neckline_break_retest,97.81800000,PERIOD_M5,PERIOD_H1,PERIOD_M15,PERIOD_M5,PERIOD_M5,false,htf_soft_alignment,current_post_filter,transcript_post_filter,dow_range_or_transition,structure_trend_bias_dow_trend_down_ll_lh,dow_range_or_transition,structure_trend_bias_dow_trend_down_ll_lh,false,false,true,SHORT,PERIOD_M5,double_top,double_top,4.200,none,0.000,double_top,4.200,none,0.000,SHORT,false,PERIOD_H1_NONE_dow_range_or_transition|PERIOD_M15_SHORT_structure_trend_bias_dow_trend_down_ll_lh,true,h1_counter_m15_reversal,true,top_NONE_dow_range_or_transition|structure_SHORT_structure_trend_bias_dow_trend_down_ll_lh|structure_break_recent_confirmed_swing_break_retest|primary_break_recent_confirmed_swing_break_failed,none,above_75sma_flat_or_falling,below_75sma_falling,above_75sma_rising,10,97.76900000,-1,0.00000000,false,off,NONE,NONE,0.00000000,0.00000000,0.0000,none,0.000,true,SHORT,return_low_break_or_bos_down,97.76900000,10,97.82800000,97.62600000,false,off,independent,false,,,false,0.0000,none,0.0000,0.0000,none,0.0000,0.0000,0.0000,none,0.0000,0,0,0.0000,none,none,none,none,0.0000,0,0.0000,none,false,true,not_evaluated,true,required_light_or_anchor_flip,short_bias,97.76900000,2025.09.30 22:30:00,97.84300000,2025.09.30 22:45:00,2025.10.01 00:15:00,false,NONE,0.00000000,0.00000000,0.0000,-1,false,,-1,NONE,0.00000000,0.00000000,0.0000,0.0000,none,,none,false,NONE,-1,-1,-1,false,false,none,true,false,false,true,none,true,required,false,PERIOD_M5,,,-1,0.0000,false,0.00000000,0.0000,false,0.0000,false,none,none,false,no_anchor_flip_in_entry_direction,true,required_first_signal_only,SHORT,unknown,0.00000000,,0.00000000,,false,,-1,false,NONE,0.00000000,,0.00000000,0.0000,0.0000,none,-1,false,false,false,no_anchor_flip_in_entry_direction,,,,false,false,false,-1,-1,-1,-1,-1,false,false,false,0.0000,range_n,true,97.84300000,97.62600000,3.5910,false,0.0000,0.0000,0,none,true,0.6617,deep_618_786,0.120,diagnostic_only,diagnostic_only,diagnostic_only,fib_pullback,7,0.410,true,none,0.560,high_quality,false,false,diagnostic_only,both,true,none,true,diagnostic_adjacent_detected,required_light,false,false,LONG,5,false,false,1,2025.10.01 01:55:00,2025.10.01 03:05:00,5,3.4542,0.00000000,97.76300000,97.76300000,false,false,none,0.00000000,false,0.0000,0.0000,false,1,0.0000,false,-1,0.00000000,0.0000,off,false,not_evaluated,none,0.0000,0.0000,none,false,false,false,0.0000,none,false,none,0.0000,false,none,3.4542,1.0991,3.1429,1.8841,false,no_shrink,0.0000,none,none,false,false,none,0.0000,0.0000,0.0000,0.0000,none,false,false,0.0000,0.0000,false,false,-1,none,none,false,0.000,0.000,97.81782759,97.78227586,97.78227586,recent_equal_lows,0.02172414,0.4023,neckline_level,97.81800000,0.3664,false,true,true,false,not_blocked,6,5,1,m5_failure_exit,off,none,0.00000000,0.0000,1.30,97.73400000,4.200,-0.300,0.200,PERIOD_M15,97.82800000,97.62600000,0.8812,outside,0.000,true,97.80400000,97.85800000,0.05400000,97.73400000,1.296,0.03821429,28.00,30-60,true,false,none,not_consumed,4.650,4.650,none,0.0000,false,opposite_break_first,true,opposite_break_first,spread_too_high
2025.10.01 03:35:00,blocked,session_reversal_pullback_one_symbol_first120,AUDJPY,SHORT,2025.10.01 03:30:00,3,0,9,tokyo,2025.10.01 00:00,30,first_120min,true,true,3,AUDJPY,highest_score_in_session_bar,tokyo=USDJPY|EURJPY|GBPJPY|AUDJPY,existing_first120_gate,tokyo,false,false,true,passed_first_window,double_top,neckline_break_retest,97.81800000,PERIOD_M5,PERIOD_H1,PERIOD_M15,PERIOD_M5,PERIOD_M5,false,htf_soft_alignment,current_post_filter,transcript_post_filter,dow_range_or_transition,structure_trend_bias_dow_trend_down_ll_lh,dow_range_or_transition,structure_trend_bias_dow_trend_down_ll_lh,false,false,true,SHORT,PERIOD_M5,double_top,double_top,4.200,none,0.000,double_top,4.200,none,0.000,SHORT,false,PERIOD_H1_NONE_dow_range_or_transition|PERIOD_M15_SHORT_structure_trend_bias_dow_trend_down_ll_lh,true,h1_counter_m15_reversal,true,top_NONE_dow_range_or_transition|structure_SHORT_structure_trend_bias_dow_trend_down_ll_lh|structure_break_recent_confirmed_swing_break_retest|primary_break_recent_confirmed_swing_break_failed,none,above_75sma_flat_or_falling,below_75sma_falling,above_75sma_rising,10,97.76900000,-1,0.00000000,false,off,NONE,NONE,0.00000000,0.00000000,0.0000,none,0.000,true,SHORT,return_low_break_or_bos_down,97.76900000,10,97.82800000,97.62600000,false,off,independent,false,,,false,0.0000,none,0.0000,0.0000,none,0.0000,0.0000,0.0000,none,0.0000,0,0,0.0000,none,none,none,none,0.0000,0,0.0000,none,false,true,not_evaluated,true,required_light_or_anchor_flip,short_bias,97.76900000,2025.09.30 22:30:00,97.84300000,2025.09.30 22:45:00,2025.10.01 00:15:00,false,NONE,0.00000000,0.00000000,0.0000,-1,false,,-1,NONE,0.00000000,0.00000000,0.0000,0.0000,none,,none,false,NONE,-1,-1,-1,false,false,none,true,false,false,true,none,true,required,false,PERIOD_M5,,,-1,0.0000,false,0.00000000,0.0000,false,0.0000,false,none,none,false,no_anchor_flip_in_entry_direction,true,required_first_signal_only,SHORT,unknown,0.00000000,,0.00000000,,false,,-1,false,NONE,0.00000000,,0.00000000,0.0000,0.0000,none,-1,false,false,false,no_anchor_flip_in_entry_direction,,,,false,false,false,-1,-1,-1,-1,-1,false,false,false,0.0000,range_n,true,97.84300000,97.62600000,3.5910,false,0.0000,0.0000,0,none,true,0.6617,deep_618_786,0.120,diagnostic_only,diagnostic_only,diagnostic_only,fib_pullback,7,0.410,true,none,0.560,high_quality,false,false,diagnostic_only,both,true,none,true,diagnostic_adjacent_detected,required_light,false,false,LONG,5,false,false,1,2025.10.01 01:55:00,2025.10.01 03:05:00,5,3.4542,0.00000000,97.76300000,97.76300000,false,false,none,0.00000000,false,0.0000,0.0000,false,1,0.0000,false,-1,0.00000000,0.0000,off,false,not_evaluated,none,0.0000,0.0000,none,false,false,false,0.0000,none,false,none,0.0000,false,none,3.4542,1.0991,3.1429,1.8841,false,no_shrink,0.0000,none,none,false,false,none,0.0000,0.0000,0.0000,0.0000,none,false,false,0.0000,0.0000,false,false,-1,none,none,false,0.000,0.000,97.81782759,97.78227586,97.78227586,recent_equal_lows,0.02172414,0.4023,neckline_level,97.81800000,0.3664,false,true,true,false,not_blocked,6,5,1,m5_failure_exit,off,none,0.00000000,0.0000,1.30,97.73400000,4.200,-0.300,0.200,PERIOD_M15,97.82800000,97.62600000,0.8812,outside,0.000,true,97.80400000,97.85800000,0.05400000,97.73400000,1.296,0.03821429,28.00,30-60,true,false,none,blocked_spread_too_high,4.650,4.650,none,0.0000,false,opposite_break_first,true,opposite_break_first,spread_too_high
2025.10.01 19:10:00,signal,session_reversal_pullback_one_symbol_first120,USDJPY,SHORT,2025.10.01 19:05:00,19,16,1,new_york,2025.10.01 16:00,5,first_120min,true,true,3,USDJPY,highest_score_in_session_bar,new_york=USDJPY|EURJPY|GBPJPY|AUDJPY|EURUSD|GBPUSD,existing_first120_gate,new_york,false,false,true,passed_first_window,sweep_high_reclaim,sweep_reclaim_retest,147.20400000,PERIOD_M5,PERIOD_H1,PERIOD_M15,PERIOD_M5,PERIOD_M5,false,htf_soft_alignment,current_post_filter,transcript_post_filter,dow_range_or_transition,structure_trend_bias_dow_trend_down_ll_lh,dow_range_or_transition,structure_trend_bias_dow_trend_down_ll_lh,false,false,true,SHORT,PERIOD_M5,sweep_high_reclaim,sweep_high_reclaim,3.400,none,0.000,sweep_high_reclaim,3.400,none,0.000,SHORT,false,PERIOD_H1_NONE_dow_range_or_transition|PERIOD_M15_SHORT_structure_trend_bias_dow_trend_down_ll_lh,true,h1_counter_m15_reversal,true,top_NONE_dow_range_or_transition|structure_SHORT_structure_trend_bias_dow_trend_down_ll_lh|structure_break_recent_confirmed_swing_break_failed|primary_break_recent_confirmed_swing_break_retest,none,below_75sma_falling,below_75sma_falling,above_75sma_flat_or_falling,-1,0.00000000,3,147.11500000,false,off,NONE,NONE,0.00000000,0.00000000,0.0000,none,0.000,true,SHORT,return_low_break_or_bos_down,146.89300000,4,147.25700000,146.57600000,false,off,independent,false,,,false,0.0000,none,0.0000,0.0000,none,0.0000,0.0000,0.0000,none,0.0000,0,0,0.0000,none,none,none,none,0.0000,0,0.0000,none,false,true,not_evaluated,true,required_light_or_anchor_flip,short_bias,147.74900000,2025.10.01 00:30:00,147.25700000,2025.10.01 13:30:00,2025.10.01 15:15:00,false,NONE,0.00000000,0.00000000,0.0000,-1,false,,-1,NONE,0.00000000,0.00000000,0.0000,0.0000,none,,none,false,NONE,-1,-1,-1,false,false,none,true,false,false,true,none,true,required,false,PERIOD_M5,,,-1,0.0000,false,0.00000000,0.0000,false,0.0000,false,none,none,false,no_anchor_flip_in_entry_direction,true,required_first_signal_only,SHORT,unknown,0.00000000,,0.00000000,,false,,-1,false,NONE,0.00000000,,0.00000000,0.0000,0.0000,none,-1,false,false,false,no_anchor_flip_in_entry_direction,,,,false,false,false,-1,-1,-1,-1,-1,false,false,false,0.0000,range_n,true,147.31300000,146.57600000,4.2496,false,0.0000,0.0000,0,none,true,0.7959,too_deep,0.000,diagnostic_only,diagnostic_only,diagnostic_only,fib_pullback,24,0.200,true,none,0.350,medium_quality,false,false,diagnostic_only,both,true,none,true,diagnostic_adjacent_detected,required_light,false,false,LONG,6,false,false,2,2025.10.01 17:15:00,2025.10.01 18:45:00,4,6.1655,0.00000000,147.07800000,147.07800000,false,false,none,0.00000000,false,0.0000,0.0000,false,1,0.0000,false,-1,0.00000000,0.0000,off,false,not_evaluated,none,0.0000,0.0000,none,false,false,false,0.0000,none,false,none,0.0000,false,none,1.5694,4.1726,0.3761,1.9929,false,mild_exhaustion,0.0000,none,none,false,false,none,0.0000,0.0000,0.0000,0.0000,none,false,false,0.0000,0.0000,false,false,-1,none,none,false,0.000,0.000,147.16922222,147.11500000,147.11500000,wick_cluster_zone,0.00300000,0.0261,neckline_level,147.20400000,1.0712,false,true,true,false,not_blocked,6,3,3,m5_failure_exit,off,none,0.00000000,0.0000,1.30,146.96800000,3.400,-0.300,0.200,PERIOD_M15,147.11100000,146.61400000,1.0141,outside,0.000,true,147.11800000,147.23300000,0.11500000,146.96800000,1.304,0.08028571,15.00,0-30,true,false,none,not_consumed,3.700,3.700,none,0.0000,false,opposite_break_first,true,opposite_break_first,session_invalidated
2025.10.01 19:10:00,blocked,session_reversal_pullback_one_symbol_first120,USDJPY,SHORT,2025.10.01 19:05:00,19,16,1,new_york,2025.10.01 16:00,5,first_120min,true,true,3,USDJPY,highest_score_in_session_bar,new_york=USDJPY|EURJPY|GBPJPY|AUDJPY|EURUSD|GBPUSD,existing_first120_gate,new_york,false,false,true,passed_first_window,sweep_high_reclaim,sweep_reclaim_retest,147.20400000,PERIOD_M5,PERIOD_H1,PERIOD_M15,PERIOD_M5,PERIOD_M5,false,htf_soft_alignment,current_post_filter,transcript_post_filter,dow_range_or_transition,structure_trend_bias_dow_trend_down_ll_lh,dow_range_or_transition,structure_trend_bias_dow_trend_down_ll_lh,false,false,true,SHORT,PERIOD_M5,sweep_high_reclaim,sweep_high_reclaim,3.400,none,0.000,sweep_high_reclaim,3.400,none,0.000,SHORT,false,PERIOD_H1_NONE_dow_range_or_transition|PERIOD_M15_SHORT_structure_trend_bias_dow_trend_down_ll_lh,true,h1_counter_m15_reversal,true,top_NONE_dow_range_or_transition|structure_SHORT_structure_trend_bias_dow_trend_down_ll_lh|structure_break_recent_confirmed_swing_break_failed|primary_break_recent_confirmed_swing_break_retest,none,below_75sma_falling,below_75sma_falling,above_75sma_flat_or_falling,-1,0.00000000,3,147.11500000,false,off,NONE,NONE,0.00000000,0.00000000,0.0000,none,0.000,true,SHORT,return_low_break_or_bos_down,146.89300000,4,147.25700000,146.57600000,false,off,independent,false,,,false,0.0000,none,0.0000,0.0000,none,0.0000,0.0000,0.0000,none,0.0000,0,0,0.0000,none,none,none,none,0.0000,0,0.0000,none,false,true,not_evaluated,true,required_light_or_anchor_flip,short_bias,147.74900000,2025.10.01 00:30:00,147.25700000,2025.10.01 13:30:00,2025.10.01 15:15:00,false,NONE,0.00000000,0.00000000,0.0000,-1,false,,-1,NONE,0.00000000,0.00000000,0.0000,0.0000,none,,none,false,NONE,-1,-1,-1,false,false,none,true,false,false,true,none,true,required,false,PERIOD_M5,,,-1,0.0000,false,0.00000000,0.0000,false,0.0000,false,none,none,false,no_anchor_flip_in_entry_direction,true,required_first_signal_only,SHORT,unknown,0.00000000,,0.00000000,,false,,-1,false,NONE,0.00000000,,0.00000000,0.0000,0.0000,none,-1,false,false,false,no_anchor_flip_in_entry_direction,,,,false,false,false,-1,-1,-1,-1,-1,false,false,false,0.0000,range_n,true,147.31300000,146.57600000,4.2496,false,0.0000,0.0000,0,none,true,0.7959,too_deep,0.000,diagnostic_only,diagnostic_only,diagnostic_only,fib_pullback,24,0.200,true,none,0.350,medium_quality,false,false,diagnostic_only,both,true,none,true,diagnostic_adjacent_detected,required_light,false,false,LONG,6,false,false,2,2025.10.01 17:15:00,2025.10.01 18:45:00,4,6.1655,0.00000000,147.07800000,147.07800000,false,false,none,0.00000000,false,0.0000,0.0000,false,1,0.0000,false,-1,0.00000000,0.0000,off,false,not_evaluated,none,0.0000,0.0000,none,false,false,false,0.0000,none,false,none,0.0000,false,none,1.5694,4.1726,0.3761,1.9929,false,mild_exhaustion,0.0000,none,none,false,false,none,0.0000,0.0000,0.0000,0.0000,none,false,false,0.0000,0.0000,false,false,-1,none,none,false,0.000,0.000,147.16922222,147.11500000,147.11500000,wick_cluster_zone,0.00300000,0.0261,neckline_level,147.20400000,1.0712,false,true,true,false,not_blocked,6,3,3,m5_failure_exit,off,none,0.00000000,0.0000,1.30,146.96800000,3.400,-0.300,0.200,PERIOD_M15,147.11100000,146.61400000,1.0141,outside,0.000,true,147.11800000,147.23300000,0.11500000,146.96800000,1.304,0.08028571,15.00,0-30,true,false,none,blocked_session_invalidated,3.700,3.700,none,0.0000,false,opposite_break_first,true,opposite_break_first,session_invalidated
2025.10.02 10:35:00,signal,session_reversal_pullback_one_symbol_first120,USDJPY,LONG,2025.10.02 10:30:00,10,7,16,london,2025.10.02 07:00,30,first_120min,true,true,3,USDJPY,highest_score_in_session_bar,london=USDJPY|EURJPY|GBPJPY|AUDJPY|EURUSD|GBPUSD,existing_first120_gate,london,false,false,true,passed_first_window,double_bottom,neckline_break_retest,147.15800000,PERIOD_M5,PERIOD_H1,PERIOD_M15,PERIOD_M5,PERIOD_M5,false,htf_soft_alignment,current_post_filter,transcript_post_filter,dow_range_or_transition,structure_trend_bias_dow_trend_up_hh_hl,dow_range_or_transition,structure_trend_bias_dow_trend_up_hh_hl,false,true,false,LONG,PERIOD_M5,double_bottom,double_bottom,4.200,none,0.000,double_bottom,4.200,none,0.000,LONG,false,PERIOD_H1_NONE_dow_range_or_transition|PERIOD_M15_LONG_structure_trend_bias_dow_trend_up_hh_hl,true,h1_counter_m15_reversal,true,top_NONE_dow_range_or_transition|structure_LONG_structure_trend_bias_dow_trend_up_hh_hl|structure_break_recent_confirmed_swing_break_failed|primary_break_recent_confirmed_swing_break_retest,none,below_75sma_falling,above_75sma_rising,above_75sma_rising,-1,0.00000000,1,147.19300000,false,off,NONE,NONE,0.00000000,0.00000000,0.0000,none,0.000,true,LONG,return_high_break_or_bos_up,147.26200000,3,147.26200000,147.11000000,false,off,independent,false,,,false,0.0000,none,0.0000,0.0000,none,0.0000,0.0000,0.0000,none,0.0000,0,0,0.0000,none,none,none,none,0.0000,0,0.0000,none,false,true,not_evaluated,true,required_light_or_anchor_flip,short_bias,147.04300000,2025.10.02 06:45:00,147.26200000,2025.10.02 08:00:00,2025.10.02 09:30:00,false,NONE,0.00000000,0.00000000,0.0000,-1,false,,-1,NONE,0.00000000,0.00000000,0.0000,0.0000,none,,none,false,NONE,-1,-1,-1,false,false,none,false,true,false,true,none,true,required,false,PERIOD_M5,,,-1,0.0000,false,0.00000000,0.0000,false,0.0000,false,none,none,false,no_anchor_flip_in_entry_direction,true,required_first_signal_only,LONG,unknown,0.00000000,,0.00000000,,false,,-1,false,NONE,0.00000000,,0.00000000,0.0000,0.0000,none,-1,false,false,false,no_anchor_flip_in_entry_direction,,,,false,false,false,-1,-1,-1,-1,-1,false,false,false,0.0000,range_n,true,147.31700000,146.88400000,3.5870,false,0.0000,0.0000,0,none,true,0.3893,preferred_382_618,0.200,diagnostic_only,diagnostic_only,diagnostic_only,shallow_pullback,9,0.490,true,none,0.640,high_quality,false,false,diagnostic_only,both,true,none,true,diagnostic_adjacent_detected,required_light,false,false,SHORT,6,false,false,0,2025.10.02 08:05:00,2025.10.02 10:05:00,5,4.9116,147.37200000,0.00000000,147.37200000,false,false,none,0.00000000,false,0.0000,0.0000,false,1,0.0000,false,-1,0.00000000,0.0000,off,false,not_evaluated,none,0.0000,0.0000,none,false,false,false,0.0000,none,false,none,0.0000,false,none,3.2710,3.8045,0.8598,0.0000,true,strong_exhaustion,0.0000,none,none,false,false,none,0.0000,0.0000,0.0000,0.0000,none,false,false,0.0000,0.0000,false,false,-1,none,none,false,0.000,0.000,147.21100000,147.17958621,147.26200000,structure_confirmed_swing_high,0.08000000,0.6107,session_high|opening_range_high|neckline_level,147.15800000,0.2416,false,true,false,false,not_blocked,3,3,0,m5_failure_exit,off,none,0.00000000,0.0000,1.30,147.35200000,4.200,-0.300,0.200,PERIOD_M15,147.26200000,147.11000000,0.5263,preferred_382_618,0.000,true,147.18200000,147.05100000,0.13100000,147.35200000,1.298,0.09935714,15.00,30-60,true,false,none,not_consumed,4.500,4.500,none,0.0000,false,opposite_break_first,true,opposite_break_first,session_invalidated
2025.10.02 10:35:00,blocked,session_reversal_pullback_one_symbol_first120,USDJPY,LONG,2025.10.02 10:30:00,10,7,16,london,2025.10.02 07:00,30,first_120min,true,true,3,USDJPY,highest_score_in_session_bar,london=USDJPY|EURJPY|GBPJPY|AUDJPY|EURUSD|GBPUSD,existing_first120_gate,london,false,false,true,passed_first_window,double_bottom,neckline_break_retest,147.15800000,PERIOD_M5,PERIOD_H1,PERIOD_M15,PERIOD_M5,PERIOD_M5,false,htf_soft_alignment,current_post_filter,transcript_post_filter,dow_range_or_transition,structure_trend_bias_dow_trend_up_hh_hl,dow_range_or_transition,structure_trend_bias_dow_trend_up_hh_hl,false,true,false,LONG,PERIOD_M5,double_bottom,double_bottom,4.200,none,0.000,double_bottom,4.200,none,0.000,LONG,false,PERIOD_H1_NONE_dow_range_or_transition|PERIOD_M15_LONG_structure_trend_bias_dow_trend_up_hh_hl,true,h1_counter_m15_reversal,true,top_NONE_dow_range_or_transition|structure_LONG_structure_trend_bias_dow_trend_up_hh_hl|structure_break_recent_confirmed_swing_break_failed|primary_break_recent_confirmed_swing_break_retest,none,below_75sma_falling,above_75sma_rising,above_75sma_rising,-1,0.00000000,1,147.19300000,false,off,NONE,NONE,0.00000000,0.00000000,0.0000,none,0.000,true,LONG,return_high_break_or_bos_up,147.26200000,3,147.26200000,147.11000000,false,off,independent,false,,,false,0.0000,none,0.0000,0.0000,none,0.0000,0.0000,0.0000,none,0.0000,0,0,0.0000,none,none,none,none,0.0000,0,0.0000,none,false,true,not_evaluated,true,required_light_or_anchor_flip,short_bias,147.04300000,2025.10.02 06:45:00,147.26200000,2025.10.02 08:00:00,2025.10.02 09:30:00,false,NONE,0.00000000,0.00000000,0.0000,-1,false,,-1,NONE,0.00000000,0.00000000,0.0000,0.0000,none,,none,false,NONE,-1,-1,-1,false,false,none,false,true,false,true,none,true,required,false,PERIOD_M5,,,-1,0.0000,false,0.00000000,0.0000,false,0.0000,false,none,none,false,no_anchor_flip_in_entry_direction,true,required_first_signal_only,LONG,unknown,0.00000000,,0.00000000,,false,,-1,false,NONE,0.00000000,,0.00000000,0.0000,0.0000,none,-1,false,false,false,no_anchor_flip_in_entry_direction,,,,false,false,false,-1,-1,-1,-1,-1,false,false,false,0.0000,range_n,true,147.31700000,146.88400000,3.5870,false,0.0000,0.0000,0,none,true,0.3893,preferred_382_618,0.200,diagnostic_only,diagnostic_only,diagnostic_only,shallow_pullback,9,0.490,true,none,0.640,high_quality,false,false,diagnostic_only,both,true,none,true,diagnostic_adjacent_detected,required_light,false,false,SHORT,6,false,false,0,2025.10.02 08:05:00,2025.10.02 10:05:00,5,4.9116,147.37200000,0.00000000,147.37200000,false,false,none,0.00000000,false,0.0000,0.0000,false,1,0.0000,false,-1,0.00000000,0.0000,off,false,not_evaluated,none,0.0000,0.0000,none,false,false,false,0.0000,none,false,none,0.0000,false,none,3.2710,3.8045,0.8598,0.0000,true,strong_exhaustion,0.0000,none,none,false,false,none,0.0000,0.0000,0.0000,0.0000,none,false,false,0.0000,0.0000,false,false,-1,none,none,false,0.000,0.000,147.21100000,147.17958621,147.26200000,structure_confirmed_swing_high,0.08000000,0.6107,session_high|opening_range_high|neckline_level,147.15800000,0.2416,false,true,false,false,not_blocked,3,3,0,m5_failure_exit,off,none,0.00000000,0.0000,1.30,147.35200000,4.200,-0.300,0.200,PERIOD_M15,147.26200000,147.11000000,0.5263,preferred_382_618,0.000,true,147.18200000,147.05100000,0.13100000,147.35200000,1.298,0.09935714,15.00,30-60,true,false,none,blocked_session_invalidated,4.500,4.500,none,0.0000,false,opposite_break_first,true,opposite_break_first,session_invalidated
2025.10.02 17:00:00,signal,session_reversal_pullback_one_symbol_first120,EURJPY,SHORT,2025.10.02 16:55:00,16,13,22,london_newyork_overlap,2025.10.02 13:00,55,first_120min,true,true,3,EURJPY,highest_score_in_session_bar,london_newyork_overlap=USDJPY|EURJPY|GBPJPY|AUDJPY|EURUSD|GBPUSD,existing_first120_gate,london_newyork_overlap,false,false,true,passed_first_window,head_and_shoulders,neckline_break_retest,172.58600000,PERIOD_M5,PERIOD_H1,PERIOD_M15,PERIOD_M5,PERIOD_M5,false,htf_soft_alignment,current_post_filter,transcript_post_filter,dow_trend_up_hh_hl,structure_trend_bias_dow_trend_up_hh_hl,dow_trend_up_hh_hl,structure_trend_bias_dow_trend_up_hh_hl,false,true,true,SHORT,PERIOD_M5,head_and_shoulders,head_and_shoulders,4.500,none,0.000,head_and_shoulders,4.500,none,0.000,SHORT,false,PERIOD_H1_LONG_dow_trend_up_hh_hl|PERIOD_M15_LONG_structure_trend_bias_dow_trend_up_hh_hl,true,h1_counter_m15_reversal,true,top_LONG_dow_trend_up_hh_hl|structure_LONG_structure_trend_bias_dow_trend_up_hh_hl|structure_break_recent_confirmed_swing_break_failed|primary_break_recent_confirmed_swing_break_continuation,none,below_75sma_falling,below_75sma_flat_or_rising,above_75sma_flat_or_falling,-1,0.00000000,0,172.63700000,false,off,NONE,NONE,0.00000000,0.00000000,0.0000,none,0.000,true,SHORT,return_low_break_or_bos_down,172.49700000,8,172.80100000,172.28500000,false,off,independent,false,,,false,0.0000,none,0.0000,0.0000,none,0.0000,0.0000,0.0000,none,0.0000,0,0,0.0000,none,none,none,none,0.0000,0,0.0000,none,false,true,not_evaluated,true,required_light_or_anchor_flip,long_bias,172.28500000,2025.10.02 14:00:00,172.97200000,2025.10.02 09:45:00,2025.10.02 15:45:00,false,NONE,0.00000000,0.00000000,0.0000,-1,false,,-1,NONE,0.00000000,0.00000000,0.0000,0.0000,none,,none,false,NONE,-1,-1,-1,false,false,none,false,true,false,true,none,true,required,false,PERIOD_M5,,,-1,0.0000,false,0.00000000,0.0000,false,0.0000,false,none,none,false,no_anchor_flip_in_entry_direction,true,required_first_signal_only,SHORT,unknown,0.00000000,,0.00000000,,false,,-1,false,NONE,0.00000000,,0.00000000,0.0000,0.0000,none,-1,false,false,false,no_anchor_flip_in_entry_direction,,,,false,false,false,-1,-1,-1,-1,-1,false,false,false,0.0000,rising_n,false,172.97200000,172.26600000,6.6380,false,0.0000,0.0000,0,none,true,0.4789,preferred_382_618,0.200,diagnostic_only,diagnostic_only,diagnostic_only,shallow_pullback,4,0.490,true,none,0.640,high_quality,false,false,diagnostic_only,both,true,none,true,diagnostic_adjacent_detected,required_light,false,false,LONG,5,false,false,2,2025.10.02 14:10:00,2025.10.02 16:15:00,8,6.0916,0.00000000,172.63700000,172.63700000,true,true,m5_hl_close_break_down,172.63700000,true,0.3969,0.3969,true,1,0.0000,false,3,172.63700000,0.2748,off,false,not_evaluated,none,0.6154,0.3846,strong,true,false,false,0.0000,held_clean,true,favorable_side,0.1268,false,clean_retest,2.5038,0.8092,3.0943,6.0916,false,no_shrink,0.0000,none,none,false,false,none,0.0000,0.0000,0.0000,0.0000,none,false,false,0.0000,0.0000,false,false,-1,none,none,false,0.000,0.000,172.58600000,172.55687500,172.55687500,recent_equal_lows,0.01612500,0.1104,opening_range_low|neckline_level,172.58600000,0.1985,false,true,true,false,not_blocked,7,4,3,m5_failure_exit,off,none,0.00000000,0.0000,1.30,172.38300000,4.500,-0.300,0.200,PERIOD_M15,172.80100000,172.28500000,0.5581,preferred_382_618,0.000,true,172.57300000,172.71900000,0.14600000,172.38300000,1.301,0.06550000,30.00,30-60,true,false,none,not_consumed,4.800,4.800,none,0.0000,false,neckline_retest_failed,false,not_invalidated,spread_too_high
2025.10.02 17:00:00,blocked,session_reversal_pullback_one_symbol_first120,EURJPY,SHORT,2025.10.02 16:55:00,16,13,22,london_newyork_overlap,2025.10.02 13:00,55,first_120min,true,true,3,EURJPY,highest_score_in_session_bar,london_newyork_overlap=USDJPY|EURJPY|GBPJPY|AUDJPY|EURUSD|GBPUSD,existing_first120_gate,london_newyork_overlap,false,false,true,passed_first_window,head_and_shoulders,neckline_break_retest,172.58600000,PERIOD_M5,PERIOD_H1,PERIOD_M15,PERIOD_M5,PERIOD_M5,false,htf_soft_alignment,current_post_filter,transcript_post_filter,dow_trend_up_hh_hl,structure_trend_bias_dow_trend_up_hh_hl,dow_trend_up_hh_hl,structure_trend_bias_dow_trend_up_hh_hl,false,true,true,SHORT,PERIOD_M5,head_and_shoulders,head_and_shoulders,4.500,none,0.000,head_and_shoulders,4.500,none,0.000,SHORT,false,PERIOD_H1_LONG_dow_trend_up_hh_hl|PERIOD_M15_LONG_structure_trend_bias_dow_trend_up_hh_hl,true,h1_counter_m15_reversal,true,top_LONG_dow_trend_up_hh_hl|structure_LONG_structure_trend_bias_dow_trend_up_hh_hl|structure_break_recent_confirmed_swing_break_failed|primary_break_recent_confirmed_swing_break_continuation,none,below_75sma_falling,below_75sma_flat_or_rising,above_75sma_flat_or_falling,-1,0.00000000,0,172.63700000,false,off,NONE,NONE,0.00000000,0.00000000,0.0000,none,0.000,true,SHORT,return_low_break_or_bos_down,172.49700000,8,172.80100000,172.28500000,false,off,independent,false,,,false,0.0000,none,0.0000,0.0000,none,0.0000,0.0000,0.0000,none,0.0000,0,0,0.0000,none,none,none,none,0.0000,0,0.0000,none,false,true,not_evaluated,true,required_light_or_anchor_flip,long_bias,172.28500000,2025.10.02 14:00:00,172.97200000,2025.10.02 09:45:00,2025.10.02 15:45:00,false,NONE,0.00000000,0.00000000,0.0000,-1,false,,-1,NONE,0.00000000,0.00000000,0.0000,0.0000,none,,none,false,NONE,-1,-1,-1,false,false,none,false,true,false,true,none,true,required,false,PERIOD_M5,,,-1,0.0000,false,0.00000000,0.0000,false,0.0000,false,none,none,false,no_anchor_flip_in_entry_direction,true,required_first_signal_only,SHORT,unknown,0.00000000,,0.00000000,,false,,-1,false,NONE,0.00000000,,0.00000000,0.0000,0.0000,none,-1,false,false,false,no_anchor_flip_in_entry_direction,,,,false,false,false,-1,-1,-1,-1,-1,false,false,false,0.0000,rising_n,false,172.97200000,172.26600000,6.6380,false,0.0000,0.0000,0,none,true,0.4789,preferred_382_618,0.200,diagnostic_only,diagnostic_only,diagnostic_only,shallow_pullback,4,0.490,true,none,0.640,high_quality,false,false,diagnostic_only,both,true,none,true,diagnostic_adjacent_detected,required_light,false,false,LONG,5,false,false,2,2025.10.02 14:10:00,2025.10.02 16:15:00,8,6.0916,0.00000000,172.63700000,172.63700000,true,true,m5_hl_close_break_down,172.63700000,true,0.3969,0.3969,true,1,0.0000,false,3,172.63700000,0.2748,off,false,not_evaluated,none,0.6154,0.3846,strong,true,false,false,0.0000,held_clean,true,favorable_side,0.1268,false,clean_retest,2.5038,0.8092,3.0943,6.0916,false,no_shrink,0.0000,none,none,false,false,none,0.0000,0.0000,0.0000,0.0000,none,false,false,0.0000,0.0000,false,false,-1,none,none,false,0.000,0.000,172.58600000,172.55687500,172.55687500,recent_equal_lows,0.01612500,0.1104,opening_range_low|neckline_level,172.58600000,0.1985,false,true,true,false,not_blocked,7,4,3,m5_failure_exit,off,none,0.00000000,0.0000,1.30,172.38300000,4.500,-0.300,0.200,PERIOD_M15,172.80100000,172.28500000,0.5581,preferred_382_618,0.000,true,172.57300000,172.71900000,0.14600000,172.38300000,1.301,0.06550000,30.00,30-60,true,false,none,blocked_spread_too_high,4.800,4.800,none,0.0000,false,neckline_retest_failed,false,not_invalidated,spread_too_high
2025.10.02 20:50:00,signal,session_reversal_pullback_one_symbol_first120,USDJPY,SHORT,2025.10.02 20:45:00,20,17,2,new_york,2025.10.02 16:00,105,first_120min,false,true,3,USDJPY,highest_score_in_session_bar,new_york=USDJPY|EURJPY|GBPJPY|AUDJPY|EURUSD|GBPUSD,existing_first120_gate,new_york,false,false,true,passed_first_window,double_top,neckline_break_retest,147.20900000,PERIOD_M5,PERIOD_H1,PERIOD_M15,PERIOD_M5,PERIOD_M5,false,htf_soft_alignment,current_post_filter,transcript_post_filter,dow_range_or_transition,structure_trend_bias_dow_trend_up_hh_hl,dow_range_or_transition,structure_trend_bias_dow_trend_up_hh_hl,false,false,true,SHORT,PERIOD_M5,double_top,double_top,4.200,none,0.000,double_top,4.200,none,0.000,SHORT,false,PERIOD_H1_NONE_dow_range_or_transition|PERIOD_M15_LONG_structure_trend_bias_dow_trend_up_hh_hl,true,h1_counter_m15_reversal,true,top_NONE_dow_range_or_transition|structure_LONG_structure_trend_bias_dow_trend_up_hh_hl|structure_break_recent_confirmed_swing_break_failed|primary_break_recent_confirmed_swing_break_retest,none,below_75sma_falling,above_75sma_rising,below_75sma_flat_or_rising,-1,0.00000000,0,147.20100000,false,off,NONE,NONE,0.00000000,0.00000000,0.0000,none,0.000,true,SHORT,return_low_break_or_bos_down,146.88400000,22,147.50900000,147.05200000,false,off,independent,false,,,false,0.0000,none,0.0000,0.0000,none,0.0000,0.0000,0.0000,none,0.0000,0,0,0.0000,none,none,none,none,0.0000,0,0.0000,none,false,true,not_evaluated,true,required_light_or_anchor_flip,long_bias,147.14500000,2025.10.02 17:15:00,147.37200000,2025.10.02 09:45:00,2025.10.02 18:30:00,false,NONE,0.00000000,0.00000000,0.0000,-1,false,,-1,NONE,0.00000000,0.00000000,0.0000,0.0000,none,,none,false,NONE,-1,-1,-1,false,false,none,false,true,false,true,none,true,required,false,PERIOD_M5,,,-1,0.0000,false,0.00000000,0.0000,false,0.0000,false,none,none,false,no_anchor_flip_in_entry_direction,true,required_first_signal_only,SHORT,unknown,0.00000000,,0.00000000,,false,,-1,false,NONE,0.00000000,,0.00000000,0.0000,0.0000,none,-1,false,false,false,no_anchor_flip_in_entry_direction,,,,false,false,false,-1,-1,-1,-1,-1,false,false,false,0.0000,rising_n,false,147.50900000,146.61300000,9.5756,false,0.0000,0.0000,0,none,true,0.5805,preferred_382_618,0.200,diagnostic_only,diagnostic_only,diagnostic_only,deep_pullback,8,0.440,true,none,0.590,high_quality,false,false,diagnostic_only,both,true,none,true,diagnostic_adjacent_detected,required_light,false,false,LONG,4,false,false,0,2025.10.02 18:40:00,2025.10.02 20:05:00,8,10.2925,0.00000000,147.13700000,147.13700000,false,false,none,0.00000000,false,0.0000,0.0000,false,1,0.0000,false,-1,0.00000000,0.0000,off,false,not_evaluated,none,0.0000,0.0000,none,false,false,false,0.0000,none,false,none,0.0000,false,none,3.3755,8.5217,0.3961,0.0000,true,strong_exhaustion,0.0000,none,none,false,false,none,0.0000,0.0000,0.0000,0.0000,none,false,false,0.0000,0.0000,false,false,-1,none,none,false,0.000,0.000,147.16800000,147.14700000,147.14700000,failed_breakout_level,0.01000000,0.0990,opening_range_low|neckline_level,147.20100000,1.2174,false,true,false,false,not_blocked,3,3,0,m5_failure_exit,off,none,0.00000000,0.0000,1.30,147.02600000,4.200,-0.300,0.200,PERIOD_M15,147.50900000,147.05200000,0.2298,outside,0.000,true,147.15700000,147.25800000,0.10100000,147.02600000,1.297,0.03614286,15.00,90-120,true,false,none,not_consumed,4.500,4.500,none,0.0000,false,neckline_retest_failed,false,not_invalidated,spread_too_high
2025.10.02 20:50:00,blocked,session_reversal_pullback_one_symbol_first120,USDJPY,SHORT,2025.10.02 20:45:00,20,17,2,new_york,2025.10.02 16:00,105,first_120min,false,true,3,USDJPY,highest_score_in_session_bar,new_york=USDJPY|EURJPY|GBPJPY|AUDJPY|EURUSD|GBPUSD,existing_first120_gate,new_york,false,false,true,passed_first_window,double_top,neckline_break_retest,147.20900000,PERIOD_M5,PERIOD_H1,PERIOD_M15,PERIOD_M5,PERIOD_M5,false,htf_soft_alignment,current_post_filter,transcript_post_filter,dow_range_or_transition,structure_trend_bias_dow_trend_up_hh_hl,dow_range_or_transition,structure_trend_bias_dow_trend_up_hh_hl,false,false,true,SHORT,PERIOD_M5,double_top,double_top,4.200,none,0.000,double_top,4.200,none,0.000,SHORT,false,PERIOD_H1_NONE_dow_range_or_transition|PERIOD_M15_LONG_structure_trend_bias_dow_trend_up_hh_hl,true,h1_counter_m15_reversal,true,top_NONE_dow_range_or_transition|structure_LONG_structure_trend_bias_dow_trend_up_hh_hl|structure_break_recent_confirmed_swing_break_failed|primary_break_recent_confirmed_swing_break_retest,none,below_75sma_falling,above_75sma_rising,below_75sma_flat_or_rising,-1,0.00000000,0,147.20100000,false,off,NONE,NONE,0.00000000,0.00000000,0.0000,none,0.000,true,SHORT,return_low_break_or_bos_down,146.88400000,22,147.50900000,147.05200000,false,off,independent,false,,,false,0.0000,none,0.0000,0.0000,none,0.0000,0.0000,0.0000,none,0.0000,0,0,0.0000,none,none,none,none,0.0000,0,0.0000,none,false,true,not_evaluated,true,required_light_or_anchor_flip,long_bias,147.14500000,2025.10.02 17:15:00,147.37200000,2025.10.02 09:45:00,2025.10.02 18:30:00,false,NONE,0.00000000,0.00000000,0.0000,-1,false,,-1,NONE,0.00000000,0.00000000,0.0000,0.0000,none,,none,false,NONE,-1,-1,-1,false,false,none,false,true,false,true,none,true,required,false,PERIOD_M5,,,-1,0.0000,false,0.00000000,0.0000,false,0.0000,false,none,none,false,no_anchor_flip_in_entry_direction,true,required_first_signal_only,SHORT,unknown,0.00000000,,0.00000000,,false,,-1,false,NONE,0.00000000,,0.00000000,0.0000,0.0000,none,-1,false,false,false,no_anchor_flip_in_entry_direction,,,,false,false,false,-1,-1,-1,-1,-1,false,false,false,0.0000,rising_n,false,147.50900000,146.61300000,9.5756,false,0.0000,0.0000,0,none,true,0.5805,preferred_382_618,0.200,diagnostic_only,diagnostic_only,diagnostic_only,deep_pullback,8,0.440,true,none,0.590,high_quality,false,false,diagnostic_only,both,true,none,true,diagnostic_adjacent_detected,required_light,false,false,LONG,4,false,false,0,2025.10.02 18:40:00,2025.10.02 20:05:00,8,10.2925,0.00000000,147.13700000,147.13700000,false,false,none,0.00000000,false,0.0000,0.0000,false,1,0.0000,false,-1,0.00000000,0.0000,off,false,not_evaluated,none,0.0000,0.0000,none,false,false,false,0.0000,none,false,none,0.0000,false,none,3.3755,8.5217,0.3961,0.0000,true,strong_exhaustion,0.0000,none,none,false,false,none,0.0000,0.0000,0.0000,0.0000,none,false,false,0.0000,0.0000,false,false,-1,none,none,false,0.000,0.000,147.16800000,147.14700000,147.14700000,failed_breakout_level,0.01000000,0.0990,opening_range_low|neckline_level,147.20100000,1.2174,false,true,false,false,not_blocked,3,3,0,m5_failure_exit,off,none,0.00000000,0.0000,1.30,147.02600000,4.200,-0.300,0.200,PERIOD_M15,147.50900000,147.05200000,0.2298,outside,0.000,true,147.15700000,147.25800000,0.10100000,147.02600000,1.297,0.03614286,15.00,90-120,true,false,none,blocked_spread_too_high,4.500,4.500,none,0.0000,false,neckline_retest_failed,false,not_invalidated,spread_too_high
2025.10.03 20:35:00,signal,session_reversal_pullback_one_symbol_first120,USDJPY,SHORT,2025.10.03 20:30:00,20,17,2,new_york,2025.10.03 16:00,90,first_120min,false,true,3,USDJPY,highest_score_in_session_bar,new_york=USDJPY|EURJPY|GBPJPY|AUDJPY|EURUSD|GBPUSD,existing_first120_gate,new_york,false,false,true,passed_first_window,head_and_shoulders,neckline_break_retest,147.45900000,PERIOD_M5,PERIOD_H1,PERIOD_M15,PERIOD_M5,PERIOD_M5,false,htf_soft_alignment,current_post_filter,transcript_post_filter,dow_range_or_transition,structure_trend_bias_dow_trend_up_hh_hl,dow_range_or_transition,structure_trend_bias_dow_trend_up_hh_hl,false,false,true,SHORT,PERIOD_M5,head_and_shoulders,head_and_shoulders,4.500,none,0.000,head_and_shoulders,4.500,none,0.000,SHORT,false,PERIOD_H1_NONE_dow_range_or_transition|PERIOD_M15_LONG_structure_trend_bias_dow_trend_up_hh_hl,true,h1_counter_m15_reversal,true,top_NONE_dow_range_or_transition|structure_LONG_structure_trend_bias_dow_trend_up_hh_hl|structure_break_recent_confirmed_swing_break_failed|primary_break_no_recent_confirmed_swing_break,none,above_75sma_flat_or_falling,below_75sma_flat_or_rising,above_75sma_rising,-1,0.00000000,-1,0.00000000,false,off,NONE,NONE,0.00000000,0.00000000,0.0000,none,0.000,true,SHORT,return_low_break_or_bos_down,147.27300000,15,147.52900000,147.04100000,false,off,independent,false,,,false,0.0000,none,0.0000,0.0000,none,0.0000,0.0000,0.0000,none,0.0000,0,0,0.0000,none,none,none,none,0.0000,0,0.0000,none,false,true,not_evaluated,true,required_light_or_anchor_flip,long_bias,147.04100000,2025.10.03 17:00:00,147.40300000,2025.10.03 15:30:00,2025.10.03 17:15:00,false,NONE,0.00000000,0.00000000,0.0000,-1,false,,-1,NONE,0.00000000,0.00000000,0.0000,0.0000,none,,none,false,NONE,-1,-1,-1,false,false,none,false,true,false,true,none,true,required,false,PERIOD_M5,,,-1,0.0000,false,0.00000000,0.0000,false,0.0000,false,none,none,false,no_anchor_flip_in_entry_direction,true,required_first_signal_only,SHORT,unknown,0.00000000,,0.00000000,,false,,-1,false,NONE,0.00000000,,0.00000000,0.0000,0.0000,none,-1,false,false,false,no_anchor_flip_in_entry_direction,,,,false,false,false,-1,-1,-1,-1,-1,false,false,false,0.0000,rising_n,false,147.51200000,147.04100000,4.1316,false,0.0000,0.0000,0,none,true,0.8238,too_deep,0.000,diagnostic_only,diagnostic_only,diagnostic_only,shallow_pullback,24,0.250,true,none,0.400,high_quality,false,false,diagnostic_only,both,true,none,true,diagnostic_adjacent_detected,required_light,false,false,LONG,2,false,false,0,,,-1,0.0000,0.00000000,0.00000000,0.00000000,false,false,none,0.00000000,false,0.0000,0.0000,false,1,0.0000,false,-1,0.00000000,0.0000,off,false,not_evaluated,none,0.0000,0.0000,none,false,false,false,0.0000,none,false,none,0.0000,false,none,0.0000,0.0000,0.0000,0.0000,false,none,0.0000,none,none,false,false,none,0.0000,0.0000,0.0000,0.0000,none,false,false,0.0000,0.0000,false,false,-1,none,none,false,0.000,0.000,147.45200000,147.42700000,147.42700000,wick_cluster_zone,0.01600000,0.1739,neckline_level,147.45900000,0.4746,false,false,true,false,not_blocked,2,0,2,m5_failure_exit,off,none,0.00000000,0.0000,1.30,147.32300000,4.500,-0.300,0.200,PERIOD_M15,147.51200000,147.30100000,0.6730,deep_618_786,0.000,true,147.44300000,147.53500000,0.09200000,147.32300000,1.304,0.03371429,15.00,90-120,true,false,none,not_consumed,4.600,4.600,none,0.0000,false,opposite_break_first,true,opposite_break_first,spread_too_high
2025.10.03 20:35:00,blocked,session_reversal_pullback_one_symbol_first120,USDJPY,SHORT,2025.10.03 20:30:00,20,17,2,new_york,2025.10.03 16:00,90,first_120min,false,true,3,USDJPY,highest_score_in_session_bar,new_york=USDJPY|EURJPY|GBPJPY|AUDJPY|EURUSD|GBPUSD,existing_first120_gate,new_york,false,false,true,passed_first_window,head_and_shoulders,neckline_break_retest,147.45900000,PERIOD_M5,PERIOD_H1,PERIOD_M15,PERIOD_M5,PERIOD_M5,false,htf_soft_alignment,current_post_filter,transcript_post_filter,dow_range_or_transition,structure_trend_bias_dow_trend_up_hh_hl,dow_range_or_transition,structure_trend_bias_dow_trend_up_hh_hl,false,false,true,SHORT,PERIOD_M5,head_and_shoulders,head_and_shoulders,4.500,none,0.000,head_and_shoulders,4.500,none,0.000,SHORT,false,PERIOD_H1_NONE_dow_range_or_transition|PERIOD_M15_LONG_structure_trend_bias_dow_trend_up_hh_hl,true,h1_counter_m15_reversal,true,top_NONE_dow_range_or_transition|structure_LONG_structure_trend_bias_dow_trend_up_hh_hl|structure_break_recent_confirmed_swing_break_failed|primary_break_no_recent_confirmed_swing_break,none,above_75sma_flat_or_falling,below_75sma_flat_or_rising,above_75sma_rising,-1,0.00000000,-1,0.00000000,false,off,NONE,NONE,0.00000000,0.00000000,0.0000,none,0.000,true,SHORT,return_low_break_or_bos_down,147.27300000,15,147.52900000,147.04100000,false,off,independent,false,,,false,0.0000,none,0.0000,0.0000,none,0.0000,0.0000,0.0000,none,0.0000,0,0,0.0000,none,none,none,none,0.0000,0,0.0000,none,false,true,not_evaluated,true,required_light_or_anchor_flip,long_bias,147.04100000,2025.10.03 17:00:00,147.40300000,2025.10.03 15:30:00,2025.10.03 17:15:00,false,NONE,0.00000000,0.00000000,0.0000,-1,false,,-1,NONE,0.00000000,0.00000000,0.0000,0.0000,none,,none,false,NONE,-1,-1,-1,false,false,none,false,true,false,true,none,true,required,false,PERIOD_M5,,,-1,0.0000,false,0.00000000,0.0000,false,0.0000,false,none,none,false,no_anchor_flip_in_entry_direction,true,required_first_signal_only,SHORT,unknown,0.00000000,,0.00000000,,false,,-1,false,NONE,0.00000000,,0.00000000,0.0000,0.0000,none,-1,false,false,false,no_anchor_flip_in_entry_direction,,,,false,false,false,-1,-1,-1,-1,-1,false,false,false,0.0000,rising_n,false,147.51200000,147.04100000,4.1316,false,0.0000,0.0000,0,none,true,0.8238,too_deep,0.000,diagnostic_only,diagnostic_only,diagnostic_only,shallow_pullback,24,0.250,true,none,0.400,high_quality,false,false,diagnostic_only,both,true,none,true,diagnostic_adjacent_detected,required_light,false,false,LONG,2,false,false,0,,,-1,0.0000,0.00000000,0.00000000,0.00000000,false,false,none,0.00000000,false,0.0000,0.0000,false,1,0.0000,false,-1,0.00000000,0.0000,off,false,not_evaluated,none,0.0000,0.0000,none,false,false,false,0.0000,none,false,none,0.0000,false,none,0.0000,0.0000,0.0000,0.0000,false,none,0.0000,none,none,false,false,none,0.0000,0.0000,0.0000,0.0000,none,false,false,0.0000,0.0000,false,false,-1,none,none,false,0.000,0.000,147.45200000,147.42700000,147.42700000,wick_cluster_zone,0.01600000,0.1739,neckline_level,147.45900000,0.4746,false,false,true,false,not_blocked,2,0,2,m5_failure_exit,off,none,0.00000000,0.0000,1.30,147.32300000,4.500,-0.300,0.200,PERIOD_M15,147.51200000,147.30100000,0.6730,deep_618_786,0.000,true,147.44300000,147.53500000,0.09200000,147.32300000,1.304,0.03371429,15.00,90-120,true,false,none,blocked_spread_too_high,4.600,4.600,none,0.0000,false,opposite_break_first,true,opposite_break_first,spread_too_high
2025.10.06 10:05:00,signal,session_reversal_pullback_one_symbol_first120,GBPUSD,LONG,2025.10.06 10:00:00,10,7,16,london,2025.10.06 07:00,0,first_120min,true,true,3,GBPUSD,highest_score_in_session_bar,london=USDJPY|EURJPY|GBPJPY|AUDJPY|EURUSD|GBPUSD,existing_first120_gate,london,false,false,true,passed_first_window,double_bottom,neckline_break_retest,1.34397000,PERIOD_M5,PERIOD_H1,PERIOD_M15,PERIOD_M5,PERIOD_M5,false,htf_soft_alignment,current_post_filter,transcript_post_filter,dow_range_or_transition,structure_trend_bias_dow_trend_down_ll_lh,dow_range_or_transition,structure_trend_bias_dow_trend_down_ll_lh,false,true,false,LONG,PERIOD_M5,double_bottom,double_bottom,4.200,none,0.000,double_bottom,4.200,none,0.000,LONG,false,PERIOD_H1_NONE_dow_range_or_transition|PERIOD_M15_SHORT_structure_trend_bias_dow_trend_down_ll_lh,true,h1_counter_m15_reversal,true,top_NONE_dow_range_or_transition|structure_SHORT_structure_trend_bias_dow_trend_down_ll_lh|structure_break_recent_confirmed_swing_break_failed|primary_break_recent_confirmed_swing_break_retest,none,below_75sma_flat_or_rising,below_75sma_falling,above_75sma_rising,-1,0.00000000,0,1.34440000,false,off,NONE,NONE,0.00000000,0.00000000,0.0000,none,0.000,true,LONG,return_high_break_or_bos_up,1.34554000,13,1.34572000,1.34298000,false,off,independent,false,,,false,0.0000,none,0.0000,0.0000,none,0.0000,0.0000,0.0000,none,0.0000,0,0,0.0000,none,none,none,none,0.0000,0,0.0000,none,false,true,not_evaluated,true,required_light_or_anchor_flip,short_bias,1.34253000,2025.10.06 02:30:00,1.34476000,2025.10.06 09:00:00,2025.10.06 09:00:00,false,NONE,0.00000000,0.00000000,0.0000,-1,false,,-1,NONE,0.00000000,0.00000000,0.0000,0.0000,none,,none,false,NONE,-1,-1,-1,false,false,none,false,true,false,true,none,true,required,false,PERIOD_M5,,,-1,0.0000,false,0.00000000,0.0000,false,0.0000,false,none,none,false,no_anchor_flip_in_entry_direction,true,required_first_signal_only,LONG,unknown,0.00000000,,0.00000000,,false,,-1,false,NONE,0.00000000,,0.00000000,0.0000,0.0000,none,-1,false,false,false,no_anchor_flip_in_entry_direction,,,,false,false,false,-1,-1,-1,-1,-1,false,false,false,0.0000,falling_n,false,1.34572000,1.34298000,3.9023,false,0.0000,0.0000,0,none,true,0.2956,shallow_236_382,0.080,diagnostic_only,diagnostic_only,diagnostic_only,fib_pullback,24,0.280,true,none,0.430,high_quality,false,false,diagnostic_only,both,true,none,true,diagnostic_adjacent_detected,required_light,false,true,SHORT,6,true,true,2,2025.10.06 08:15:00,2025.10.06 09:40:00,4,2.9044,1.34440000,0.00000000,1.34440000,true,true,m5_lh_close_break_up,1.34440000,true,0.5058,1.0606,true,1,0.0000,false,0,1.34440000,1.3054,off,false,not_evaluated,none,0.9911,0.0089,very_strong,false,false,false,0.0000,no_following_closed_bar,false,none,0.0000,false,no_retest,2.3170,1.4033,1.6512,1.5012,false,no_shrink,0.0000,none,none,false,false,none,0.0000,0.0000,0.0000,0.0000,none,false,false,0.0000,0.0000,false,false,-1,none,none,false,0.000,0.000,1.34517000,1.34476000,1.34517000,structure_confirmed_swing_high,0.00026000,0.1912,session_high|opening_range_high|neckline_level,1.34472000,0.3100,false,true,true,false,not_blocked,2,1,1,m5_failure_exit,off,none,0.00000000,0.0000,1.30,1.34668000,4.200,-0.300,0.200,PERIOD_M15,1.34517000,1.34253000,0.0985,outside,0.000,true,1.34491000,1.34355000,0.00136000,1.34668000,1.301,0.00061286,20.00,0-30,true,false,none,not_consumed,4.500,4.500,none,0.0000,false,neckline_retest_failed,false,not_invalidated,spread_too_high
2025.10.06 10:05:00,blocked,session_reversal_pullback_one_symbol_first120,GBPUSD,LONG,2025.10.06 10:00:00,10,7,16,london,2025.10.06 07:00,0,first_120min,true,true,3,GBPUSD,highest_score_in_session_bar,london=USDJPY|EURJPY|GBPJPY|AUDJPY|EURUSD|GBPUSD,existing_first120_gate,london,false,false,true,passed_first_window,double_bottom,neckline_break_retest,1.34397000,PERIOD_M5,PERIOD_H1,PERIOD_M15,PERIOD_M5,PERIOD_M5,false,htf_soft_alignment,current_post_filter,transcript_post_filter,dow_range_or_transition,structure_trend_bias_dow_trend_down_ll_lh,dow_range_or_transition,structure_trend_bias_dow_trend_down_ll_lh,false,true,false,LONG,PERIOD_M5,double_bottom,double_bottom,4.200,none,0.000,double_bottom,4.200,none,0.000,LONG,false,PERIOD_H1_NONE_dow_range_or_transition|PERIOD_M15_SHORT_structure_trend_bias_dow_trend_down_ll_lh,true,h1_counter_m15_reversal,true,top_NONE_dow_range_or_transition|structure_SHORT_structure_trend_bias_dow_trend_down_ll_lh|structure_break_recent_confirmed_swing_break_failed|primary_break_recent_confirmed_swing_break_retest,none,below_75sma_flat_or_rising,below_75sma_falling,above_75sma_rising,-1,0.00000000,0,1.34440000,false,off,NONE,NONE,0.00000000,0.00000000,0.0000,none,0.000,true,LONG,return_high_break_or_bos_up,1.34554000,13,1.34572000,1.34298000,false,off,independent,false,,,false,0.0000,none,0.0000,0.0000,none,0.0000,0.0000,0.0000,none,0.0000,0,0,0.0000,none,none,none,none,0.0000,0,0.0000,none,false,true,not_evaluated,true,required_light_or_anchor_flip,short_bias,1.34253000,2025.10.06 02:30:00,1.34476000,2025.10.06 09:00:00,2025.10.06 09:00:00,false,NONE,0.00000000,0.00000000,0.0000,-1,false,,-1,NONE,0.00000000,0.00000000,0.0000,0.0000,none,,none,false,NONE,-1,-1,-1,false,false,none,false,true,false,true,none,true,required,false,PERIOD_M5,,,-1,0.0000,false,0.00000000,0.0000,false,0.0000,false,none,none,false,no_anchor_flip_in_entry_direction,true,required_first_signal_only,LONG,unknown,0.00000000,,0.00000000,,false,,-1,false,NONE,0.00000000,,0.00000000,0.0000,0.0000,none,-1,false,false,false,no_anchor_flip_in_entry_direction,,,,false,false,false,-1,-1,-1,-1,-1,false,false,false,0.0000,falling_n,false,1.34572000,1.34298000,3.9023,false,0.0000,0.0000,0,none,true,0.2956,shallow_236_382,0.080,diagnostic_only,diagnostic_only,diagnostic_only,fib_pullback,24,0.280,true,none,0.430,high_quality,false,false,diagnostic_only,both,true,none,true,diagnostic_adjacent_detected,required_light,false,true,SHORT,6,true,true,2,2025.10.06 08:15:00,2025.10.06 09:40:00,4,2.9044,1.34440000,0.00000000,1.34440000,true,true,m5_lh_close_break_up,1.34440000,true,0.5058,1.0606,true,1,0.0000,false,0,1.34440000,1.3054,off,false,not_evaluated,none,0.9911,0.0089,very_strong,false,false,false,0.0000,no_following_closed_bar,false,none,0.0000,false,no_retest,2.3170,1.4033,1.6512,1.5012,false,no_shrink,0.0000,none,none,false,false,none,0.0000,0.0000,0.0000,0.0000,none,false,false,0.0000,0.0000,false,false,-1,none,none,false,0.000,0.000,1.34517000,1.34476000,1.34517000,structure_confirmed_swing_high,0.00026000,0.1912,session_high|opening_range_high|neckline_level,1.34472000,0.3100,false,true,true,false,not_blocked,2,1,1,m5_failure_exit,off,none,0.00000000,0.0000,1.30,1.34668000,4.200,-0.300,0.200,PERIOD_M15,1.34517000,1.34253000,0.0985,outside,0.000,true,1.34491000,1.34355000,0.00136000,1.34668000,1.301,0.00061286,20.00,0-30,true,false,none,blocked_spread_too_high,4.500,4.500,none,0.0000,false,neckline_retest_failed,false,not_invalidated,spread_too_high
2025.10.06 16:10:00,signal,session_reversal_pullback_one_symbol_first120,GBPUSD,LONG,2025.10.06 16:05:00,16,13,22,london_newyork_overlap,2025.10.06 13:00,5,first_120min,true,true,3,GBPUSD,highest_score_in_session_bar,london_newyork_overlap=USDJPY|EURJPY|GBPJPY|AUDJPY|EURUSD|GBPUSD,existing_first120_gate,london_newyork_overlap,false,false,true,passed_first_window,inverse_head_and_shoulders,neckline_break_retest,1.34366000,PERIOD_M5,PERIOD_H1,PERIOD_M15,PERIOD_M5,PERIOD_M5,false,htf_soft_alignment,current_post_filter,transcript_post_filter,dow_trend_down_ll_lh,structure_trend_bias_dow_trend_down_ll_lh,dow_trend_down_ll_lh,structure_trend_bias_dow_trend_down_ll_lh,false,true,false,LONG,PERIOD_M5,inverse_head_and_shoulders,inverse_head_and_shoulders,4.500,none,0.000,inverse_head_and_shoulders,4.500,none,0.000,LONG,false,PERIOD_H1_SHORT_dow_trend_down_ll_lh|PERIOD_M15_SHORT_structure_trend_bias_dow_trend_down_ll_lh,true,h1_counter_m15_reversal,true,top_SHORT_dow_trend_down_ll_lh|structure_SHORT_structure_trend_bias_dow_trend_down_ll_lh|structure_break_recent_confirmed_swing_break_failed|primary_break_recent_confirmed_swing_break_retest,none,below_75sma_falling,below_75sma_falling,above_75sma_rising,-1,0.00000000,0,1.34366000,false,off,NONE,NONE,0.00000000,0.00000000,0.0000,none,0.000,true,LONG,return_high_break_or_bos_up,1.34554000,22,1.34381000,1.34156000,false,off,independent,false,,,false,0.0000,none,0.0000,0.0000,none,0.0000,0.0000,0.0000,none,0.0000,0,0,0.0000,none,none,none,none,0.0000,0,0.0000,none,false,true,not_evaluated,true,required_light_or_anchor_flip,short_bias,1.34298000,2025.10.06 09:00:00,1.34366000,2025.10.06 13:30:00,2025.10.06 14:00:00,false,NONE,0.00000000,0.00000000,0.0000,-1,false,,-1,NONE,0.00000000,0.00000000,0.0000,0.0000,none,,none,false,NONE,-1,-1,-1,false,false,none,false,true,false,true,none,true,required,false,PERIOD_M5,,,-1,0.0000,false,0.00000000,0.0000,false,0.0000,false,none,none,false,no_anchor_flip_in_entry_direction,true,required_first_signal_only,LONG,unknown,0.00000000,,0.00000000,,false,,-1,false,NONE,0.00000000,,0.00000000,0.0000,0.0000,none,-1,false,false,false,no_anchor_flip_in_entry_direction,,,,false,false,false,-1,-1,-1,-1,-1,false,false,false,0.0000,falling_n,false,1.34634000,1.34156000,5.2078,false,0.0000,0.0000,0,none,true,0.3640,shallow_236_382,0.080,diagnostic_only,diagnostic_only,diagnostic_only,deep_pullback,7,0.320,true,none,0.470,high_quality,false,false,diagnostic_only,both,true,none,true,diagnostic_adjacent_detected,required_light,false,false,SHORT,6,false,false,0,2025.10.06 14:00:00,2025.10.06 15:25:00,8,4.1119,1.34366000,0.00000000,1.34366000,true,true,m5_lh_close_break_up,1.34366000,true,0.0587,0.5091,true,1,0.0000,true,4,1.34366000,0.0196,off,false,not_evaluated,none,0.2700,0.0800,normal,true,false,false,0.0000,held_clean,true,favorable_side,0.0200,true,clean_retest,2.9371,2.9958,0.9804,0.0000,true,strong_exhaustion,0.0000,none,none,false,false,none,0.0000,0.0000,0.0000,0.0000,none,false,false,0.0000,0.0000,false,false,-1,none,none,false,0.000,0.000,1.34500000,1.34442000,1.34500000,round_number,0.00040000,0.2614,session_high|opening_range_high|neckline_level,1.34442000,0.3524,false,true,true,false,not_blocked,3,1,2,m5_failure_exit,off,none,0.00000000,0.0000,1.30,1.34659000,4.500,-0.300,0.200,PERIOD_M15,1.34381000,1.34156000,-0.3511,outside,0.000,true,1.34460000,1.34307000,0.00153000,1.34659000,1.301,0.00051071,20.00,0-30,true,false,none,not_consumed,4.800,4.800,none,0.0000,false,neckline_retest_failed,false,not_invalidated,spread_too_high
2025.10.06 16:10:00,blocked,session_reversal_pullback_one_symbol_first120,GBPUSD,LONG,2025.10.06 16:05:00,16,13,22,london_newyork_overlap,2025.10.06 13:00,5,first_120min,true,true,3,GBPUSD,highest_score_in_session_bar,london_newyork_overlap=USDJPY|EURJPY|GBPJPY|AUDJPY|EURUSD|GBPUSD,existing_first120_gate,london_newyork_overlap,false,false,true,passed_first_window,inverse_head_and_shoulders,neckline_break_retest,1.34366000,PERIOD_M5,PERIOD_H1,PERIOD_M15,PERIOD_M5,PERIOD_M5,false,htf_soft_alignment,current_post_filter,transcript_post_filter,dow_trend_down_ll_lh,structure_trend_bias_dow_trend_down_ll_lh,dow_trend_down_ll_lh,structure_trend_bias_dow_trend_down_ll_lh,false,true,false,LONG,PERIOD_M5,inverse_head_and_shoulders,inverse_head_and_shoulders,4.500,none,0.000,inverse_head_and_shoulders,4.500,none,0.000,LONG,false,PERIOD_H1_SHORT_dow_trend_down_ll_lh|PERIOD_M15_SHORT_structure_trend_bias_dow_trend_down_ll_lh,true,h1_counter_m15_reversal,true,top_SHORT_dow_trend_down_ll_lh|structure_SHORT_structure_trend_bias_dow_trend_down_ll_lh|structure_break_recent_confirmed_swing_break_failed|primary_break_recent_confirmed_swing_break_retest,none,below_75sma_falling,below_75sma_falling,above_75sma_rising,-1,0.00000000,0,1.34366000,false,off,NONE,NONE,0.00000000,0.00000000,0.0000,none,0.000,true,LONG,return_high_break_or_bos_up,1.34554000,22,1.34381000,1.34156000,false,off,independent,false,,,false,0.0000,none,0.0000,0.0000,none,0.0000,0.0000,0.0000,none,0.0000,0,0,0.0000,none,none,none,none,0.0000,0,0.0000,none,false,true,not_evaluated,true,required_light_or_anchor_flip,short_bias,1.34298000,2025.10.06 09:00:00,1.34366000,2025.10.06 13:30:00,2025.10.06 14:00:00,false,NONE,0.00000000,0.00000000,0.0000,-1,false,,-1,NONE,0.00000000,0.00000000,0.0000,0.0000,none,,none,false,NONE,-1,-1,-1,false,false,none,false,true,false,true,none,true,required,false,PERIOD_M5,,,-1,0.0000,false,0.00000000,0.0000,false,0.0000,false,none,none,false,no_anchor_flip_in_entry_direction,true,required_first_signal_only,LONG,unknown,0.00000000,,0.00000000,,false,,-1,false,NONE,0.00000000,,0.00000000,0.0000,0.0000,none,-1,false,false,false,no_anchor_flip_in_entry_direction,,,,false,false,false,-1,-1,-1,-1,-1,false,false,false,0.0000,falling_n,false,1.34634000,1.34156000,5.2078,false,0.0000,0.0000,0,none,true,0.3640,shallow_236_382,0.080,diagnostic_only,diagnostic_only,diagnostic_only,deep_pullback,7,0.320,true,none,0.470,high_quality,false,false,diagnostic_only,both,true,none,true,diagnostic_adjacent_detected,required_light,false,false,SHORT,6,false,false,0,2025.10.06 14:00:00,2025.10.06 15:25:00,8,4.1119,1.34366000,0.00000000,1.34366000,true,true,m5_lh_close_break_up,1.34366000,true,0.0587,0.5091,true,1,0.0000,true,4,1.34366000,0.0196,off,false,not_evaluated,none,0.2700,0.0800,normal,true,false,false,0.0000,held_clean,true,favorable_side,0.0200,true,clean_retest,2.9371,2.9958,0.9804,0.0000,true,strong_exhaustion,0.0000,none,none,false,false,none,0.0000,0.0000,0.0000,0.0000,none,false,false,0.0000,0.0000,false,false,-1,none,none,false,0.000,0.000,1.34500000,1.34442000,1.34500000,round_number,0.00040000,0.2614,session_high|opening_range_high|neckline_level,1.34442000,0.3524,false,true,true,false,not_blocked,3,1,2,m5_failure_exit,off,none,0.00000000,0.0000,1.30,1.34659000,4.500,-0.300,0.200,PERIOD_M15,1.34381000,1.34156000,-0.3511,outside,0.000,true,1.34460000,1.34307000,0.00153000,1.34659000,1.301,0.00051071,20.00,0-30,true,false,none,blocked_spread_too_high,4.800,4.800,none,0.0000,false,neckline_retest_failed,false,not_invalidated,spread_too_high
2025.10.07 16:15:00,signal,session_reversal_pullback_one_symbol_first120,EURJPY,SHORT,2025.10.07 16:10:00,16,13,22,london_newyork_overlap,2025.10.07 13:00,10,first_120min,true,true,3,EURJPY,highest_score_in_session_bar,london_newyork_overlap=USDJPY|EURJPY|GBPJPY|AUDJPY|EURUSD|GBPUSD,existing_first120_gate,london_newyork_overlap,false,false,true,passed_first_window,double_top,neckline_break_retest,175.94000000,PERIOD_M5,PERIOD_H1,PERIOD_M15,PERIOD_M5,PERIOD_M5,false,htf_soft_alignment,current_post_filter,transcript_post_filter,dow_range_or_transition,structure_trend_bias_dow_trend_up_hh_hl,dow_range_or_transition,structure_trend_bias_dow_trend_up_hh_hl,false,false,true,SHORT,PERIOD_M5,double_top,double_top,4.200,none,0.000,double_top,4.200,none,0.000,SHORT,false,PERIOD_H1_NONE_dow_range_or_transition|PERIOD_M15_LONG_structure_trend_bias_dow_trend_up_hh_hl,true,h1_counter_m15_reversal,true,top_NONE_dow_range_or_transition|structure_LONG_structure_trend_bias_dow_trend_up_hh_hl|structure_break_recent_confirmed_swing_break_failed|primary_break_recent_confirmed_swing_break_failed,none,above_75sma_rising,below_75sma_flat_or_rising,above_75sma_flat_or_falling,-1,0.00000000,-1,0.00000000,false,off,NONE,NONE,0.00000000,0.00000000,0.0000,none,0.000,true,SHORT,return_low_break_or_bos_down,175.85000000,14,176.04700000,175.84500000,false,off,independent,false,,,false,0.0000,none,0.0000,0.0000,none,0.0000,0.0000,0.0000,none,0.0000,0,0,0.0000,none,none,none,none,0.0000,0,0.0000,none,false,true,not_evaluated,true,required_light_or_anchor_flip,long_bias,175.84500000,2025.10.07 14:15:00,176.09400000,2025.10.07 09:15:00,2025.10.07 15:00:00,false,NONE,0.00000000,0.00000000,0.0000,-1,false,,-1,NONE,0.00000000,0.00000000,0.0000,0.0000,none,,none,false,NONE,-1,-1,-1,false,false,none,false,true,false,true,none,true,required,false,PERIOD_M5,,,-1,0.0000,false,0.00000000,0.0000,false,0.0000,false,none,none,false,no_anchor_flip_in_entry_direction,true,required_first_signal_only,SHORT,unknown,0.00000000,,0.00000000,,false,,-1,false,NONE,0.00000000,,0.00000000,0.0000,0.0000,none,-1,false,false,false,no_anchor_flip_in_entry_direction,,,,false,false,false,-1,-1,-1,-1,-1,false,false,false,0.0000,rising_n,false,176.04700000,175.77100000,2.8204,false,0.0000,0.0000,0,none,true,0.5830,preferred_382_618,0.200,diagnostic_only,diagnostic_only,diagnostic_only,shallow_pullback,4,0.490,true,none,0.640,high_quality,false,false,diagnostic_only,both,true,none,true,diagnostic_adjacent_detected,required_light,false,false,LONG,8,false,false,0,2025.10.07 15:05:00,2025.10.07 15:50:00,4,2.7152,0.00000000,175.87400000,175.87400000,false,false,none,0.00000000,false,0.0000,0.0000,false,1,0.0000,false,-1,0.00000000,0.0000,off,false,not_evaluated,none,0.0000,0.0000,none,false,false,false,0.0000,none,false,none,0.0000,false,none,2.3543,2.6054,0.9036,0.0000,true,strong_exhaustion,0.0000,none,none,false,false,none,0.0000,0.0000,0.0000,0.0000,none,false,false,0.0000,0.0000,false,false,-1,none,none,false,0.000,0.000,175.94000000,175.91071429,175.91071429,recent_equal_lows,0.02528571,0.3417,neckline_level,175.94000000,0.0628,false,true,true,false,not_blocked,6,4,2,m5_failure_exit,off,none,0.00000000,0.0000,1.30,175.83900000,4.200,-0.300,0.200,PERIOD_M15,176.04700000,175.84500000,0.4505,preferred_382_618,0.000,true,175.93600000,176.01000000,0.07400000,175.83900000,1.311,0.06371429,30.00,0-30,true,false,none,not_consumed,4.300,4.300,none,0.0000,false,neckline_retest_failed,false,not_invalidated,spread_too_high
2025.10.07 16:15:00,blocked,session_reversal_pullback_one_symbol_first120,EURJPY,SHORT,2025.10.07 16:10:00,16,13,22,london_newyork_overlap,2025.10.07 13:00,10,first_120min,true,true,3,EURJPY,highest_score_in_session_bar,london_newyork_overlap=USDJPY|EURJPY|GBPJPY|AUDJPY|EURUSD|GBPUSD,existing_first120_gate,london_newyork_overlap,false,false,true,passed_first_window,double_top,neckline_break_retest,175.94000000,PERIOD_M5,PERIOD_H1,PERIOD_M15,PERIOD_M5,PERIOD_M5,false,htf_soft_alignment,current_post_filter,transcript_post_filter,dow_range_or_transition,structure_trend_bias_dow_trend_up_hh_hl,dow_range_or_transition,structure_trend_bias_dow_trend_up_hh_hl,false,false,true,SHORT,PERIOD_M5,double_top,double_top,4.200,none,0.000,double_top,4.200,none,0.000,SHORT,false,PERIOD_H1_NONE_dow_range_or_transition|PERIOD_M15_LONG_structure_trend_bias_dow_trend_up_hh_hl,true,h1_counter_m15_reversal,true,top_NONE_dow_range_or_transition|structure_LONG_structure_trend_bias_dow_trend_up_hh_hl|structure_break_recent_confirmed_swing_break_failed|primary_break_recent_confirmed_swing_break_failed,none,above_75sma_rising,below_75sma_flat_or_rising,above_75sma_flat_or_falling,-1,0.00000000,-1,0.00000000,false,off,NONE,NONE,0.00000000,0.00000000,0.0000,none,0.000,true,SHORT,return_low_break_or_bos_down,175.85000000,14,176.04700000,175.84500000,false,off,independent,false,,,false,0.0000,none,0.0000,0.0000,none,0.0000,0.0000,0.0000,none,0.0000,0,0,0.0000,none,none,none,none,0.0000,0,0.0000,none,false,true,not_evaluated,true,required_light_or_anchor_flip,long_bias,175.84500000,2025.10.07 14:15:00,176.09400000,2025.10.07 09:15:00,2025.10.07 15:00:00,false,NONE,0.00000000,0.00000000,0.0000,-1,false,,-1,NONE,0.00000000,0.00000000,0.0000,0.0000,none,,none,false,NONE,-1,-1,-1,false,false,none,false,true,false,true,none,true,required,false,PERIOD_M5,,,-1,0.0000,false,0.00000000,0.0000,false,0.0000,false,none,none,false,no_anchor_flip_in_entry_direction,true,required_first_signal_only,SHORT,unknown,0.00000000,,0.00000000,,false,,-1,false,NONE,0.00000000,,0.00000000,0.0000,0.0000,none,-1,false,false,false,no_anchor_flip_in_entry_direction,,,,false,false,false,-1,-1,-1,-1,-1,false,false,false,0.0000,rising_n,false,176.04700000,175.77100000,2.8204,false,0.0000,0.0000,0,none,true,0.5830,preferred_382_618,0.200,diagnostic_only,diagnostic_only,diagnostic_only,shallow_pullback,4,0.490,true,none,0.640,high_quality,false,false,diagnostic_only,both,true,none,true,diagnostic_adjacent_detected,required_light,false,false,LONG,8,false,false,0,2025.10.07 15:05:00,2025.10.07 15:50:00,4,2.7152,0.00000000,175.87400000,175.87400000,false,false,none,0.00000000,false,0.0000,0.0000,false,1,0.0000,false,-1,0.00000000,0.0000,off,false,not_evaluated,none,0.0000,0.0000,none,false,false,false,0.0000,none,false,none,0.0000,false,none,2.3543,2.6054,0.9036,0.0000,true,strong_exhaustion,0.0000,none,none,false,false,none,0.0000,0.0000,0.0000,0.0000,none,false,false,0.0000,0.0000,false,false,-1,none,none,false,0.000,0.000,175.94000000,175.91071429,175.91071429,recent_equal_lows,0.02528571,0.3417,neckline_level,175.94000000,0.0628,false,true,true,false,not_blocked,6,4,2,m5_failure_exit,off,none,0.00000000,0.0000,1.30,175.83900000,4.200,-0.300,0.200,PERIOD_M15,176.04700000,175.84500000,0.4505,preferred_382_618,0.000,true,175.93600000,176.01000000,0.07400000,175.83900000,1.311,0.06371429,30.00,0-30,true,false,none,blocked_spread_too_high,4.300,4.300,none,0.0000,false,neckline_retest_failed,false,not_invalidated,spread_too_high
2025.10.07 19:45:00,signal,session_reversal_pullback_one_symbol_first120,EURUSD,SHORT,2025.10.07 19:40:00,19,16,1,new_york,2025.10.07 16:00,40,first_120min,true,true,3,EURUSD,highest_score_in_session_bar,new_york=USDJPY|EURJPY|GBPJPY|AUDJPY|EURUSD|GBPUSD,existing_first120_gate,new_york,false,false,true,passed_first_window,double_top,neckline_break_retest,1.16748000,PERIOD_M5,PERIOD_H1,PERIOD_M15,PERIOD_M5,PERIOD_M5,false,htf_soft_alignment,current_post_filter,transcript_post_filter,dow_range_or_transition,structure_trend_bias_dow_trend_down_ll_lh,dow_range_or_transition,structure_trend_bias_dow_trend_down_ll_lh,false,false,true,SHORT,PERIOD_M5,double_top,double_top,4.200,none,0.000,double_top,4.200,none,0.000,SHORT,false,PERIOD_H1_NONE_dow_range_or_transition|PERIOD_M15_SHORT_structure_trend_bias_dow_trend_down_ll_lh,true,h1_counter_m15_reversal,true,top_NONE_dow_range_or_transition|structure_SHORT_structure_trend_bias_dow_trend_down_ll_lh|structure_break_recent_confirmed_swing_break_failed|primary_break_recent_confirmed_swing_break_retest,none,below_75sma_falling,below_75sma_falling,above_75sma_rising,-1,0.00000000,0,1.16717000,false,off,NONE,NONE,0.00000000,0.00000000,0.0000,none,0.000,true,SHORT,return_low_break_or_bos_down,1.16598000,8,1.16803000,1.16531000,false,off,independent,false,,,false,0.0000,none,0.0000,0.0000,none,0.0000,0.0000,0.0000,none,0.0000,0,0,0.0000,none,none,none,none,0.0000,0,0.0000,none,false,true,not_evaluated,true,required_light_or_anchor_flip,bias_flip_up,1.16989000,2025.10.07 06:00:00,1.16751000,2025.10.07 13:30:00,2025.10.07 17:30:00,true,LONG,1.16751000,1.16766000,0.2067,4,true,2025.10.07 18:30:00,4,LONG,1.16751000,1.16766000,0.2067,0.4961,normal,2025.10.07 19:00:00,first_after_anchor,true,LONG,4,2,4,true,false,fresh_0_4,false,true,false,true,none,true,required,false,PERIOD_M5,,,-1,0.0000,false,0.00000000,0.0000,false,0.0000,false,none,none,false,no_anchor_flip_in_entry_direction,true,required_first_signal_only,SHORT,unknown,0.00000000,,0.00000000,,false,,-1,false,NONE,0.00000000,,0.00000000,0.0000,0.0000,none,-1,false,false,false,no_anchor_flip_in_entry_direction,,,,false,false,false,-1,-1,-1,-1,-1,false,false,false,0.0000,falling_n,false,1.17065000,1.16538000,7.2618,true,0.4961,0.6400,0,normal,true,0.6728,deep_618_786,0.120,diagnostic_only,diagnostic_only,diagnostic_only,shallow_pullback,24,0.320,true,none,0.470,high_quality,false,false,diagnostic_only,both,true,none,true,diagnostic_adjacent_detected,required_light,false,false,LONG,7,false,false,2,2025.10.07 17:35:00,2025.10.07 19:10:00,6,6.9088,0.00000000,1.16717000,1.16717000,true,true,m5_hl_close_break_down,1.16717000,true,0.0782,0.8082,true,1,0.0000,false,0,1.16717000,0.8864,off,false,not_evaluated,none,0.3700,0.0600,normal,false,false,false,0.0000,no_following_closed_bar,false,none,0.0000,false,no_retest,2.2421,6.6220,0.3386,0.2868,false,mild_exhaustion,0.0000,none,none,false,false,none,0.0000,0.0000,0.0000,0.0000,none,false,false,0.0000,0.0000,false,false,-1,none,none,false,0.000,0.000,1.16720000,1.16713000,1.16704000,consolidation_zone,0.00010000,0.1351,session_low|opening_range_low|neckline_level,1.16713000,0.0261,false,true,true,false,not_blocked,2,1,1,m5_failure_exit,off,none,0.00000000,0.0000,1.30,1.16618000,4.200,-0.300,0.200,PERIOD_M15,1.16695000,1.16538000,1.1210,outside,0.000,true,1.16714000,1.16788000,0.00074000,1.16618000,1.297,0.00038357,18.00,30-60,true,false,none,not_consumed,4.500,4.500,none,0.0000,false,opposite_break_first,true,opposite_break_first,spread_too_high
2025.10.07 19:45:00,blocked,session_reversal_pullback_one_symbol_first120,EURUSD,SHORT,2025.10.07 19:40:00,19,16,1,new_york,2025.10.07 16:00,40,first_120min,true,true,3,EURUSD,highest_score_in_session_bar,new_york=USDJPY|EURJPY|GBPJPY|AUDJPY|EURUSD|GBPUSD,existing_first120_gate,new_york,false,false,true,passed_first_window,double_top,neckline_break_retest,1.16748000,PERIOD_M5,PERIOD_H1,PERIOD_M15,PERIOD_M5,PERIOD_M5,false,htf_soft_alignment,current_post_filter,transcript_post_filter,dow_range_or_transition,structure_trend_bias_dow_trend_down_ll_lh,dow_range_or_transition,structure_trend_bias_dow_trend_down_ll_lh,false,false,true,SHORT,PERIOD_M5,double_top,double_top,4.200,none,0.000,double_top,4.200,none,0.000,SHORT,false,PERIOD_H1_NONE_dow_range_or_transition|PERIOD_M15_SHORT_structure_trend_bias_dow_trend_down_ll_lh,true,h1_counter_m15_reversal,true,top_NONE_dow_range_or_transition|structure_SHORT_structure_trend_bias_dow_trend_down_ll_lh|structure_break_recent_confirmed_swing_break_failed|primary_break_recent_confirmed_swing_break_retest,none,below_75sma_falling,below_75sma_falling,above_75sma_rising,-1,0.00000000,0,1.16717000,false,off,NONE,NONE,0.00000000,0.00000000,0.0000,none,0.000,true,SHORT,return_low_break_or_bos_down,1.16598000,8,1.16803000,1.16531000,false,off,independent,false,,,false,0.0000,none,0.0000,0.0000,none,0.0000,0.0000,0.0000,none,0.0000,0,0,0.0000,none,none,none,none,0.0000,0,0.0000,none,false,true,not_evaluated,true,required_light_or_anchor_flip,bias_flip_up,1.16989000,2025.10.07 06:00:00,1.16751000,2025.10.07 13:30:00,2025.10.07 17:30:00,true,LONG,1.16751000,1.16766000,0.2067,4,true,2025.10.07 18:30:00,4,LONG,1.16751000,1.16766000,0.2067,0.4961,normal,2025.10.07 19:00:00,first_after_anchor,true,LONG,4,2,4,true,false,fresh_0_4,false,true,false,true,none,true,required,false,PERIOD_M5,,,-1,0.0000,false,0.00000000,0.0000,false,0.0000,false,none,none,false,no_anchor_flip_in_entry_direction,true,required_first_signal_only,SHORT,unknown,0.00000000,,0.00000000,,false,,-1,false,NONE,0.00000000,,0.00000000,0.0000,0.0000,none,-1,false,false,false,no_anchor_flip_in_entry_direction,,,,false,false,false,-1,-1,-1,-1,-1,false,false,false,0.0000,falling_n,false,1.17065000,1.16538000,7.2618,true,0.4961,0.6400,0,normal,true,0.6728,deep_618_786,0.120,diagnostic_only,diagnostic_only,diagnostic_only,shallow_pullback,24,0.320,true,none,0.470,high_quality,false,false,diagnostic_only,both,true,none,true,diagnostic_adjacent_detected,required_light,false,false,LONG,7,false,false,2,2025.10.07 17:35:00,2025.10.07 19:10:00,6,6.9088,0.00000000,1.16717000,1.16717000,true,true,m5_hl_close_break_down,1.16717000,true,0.0782,0.8082,true,1,0.0000,false,0,1.16717000,0.8864,off,false,not_evaluated,none,0.3700,0.0600,normal,false,false,false,0.0000,no_following_closed_bar,false,none,0.0000,false,no_retest,2.2421,6.6220,0.3386,0.2868,false,mild_exhaustion,0.0000,none,none,false,false,none,0.0000,0.0000,0.0000,0.0000,none,false,false,0.0000,0.0000,false,false,-1,none,none,false,0.000,0.000,1.16720000,1.16713000,1.16704000,consolidation_zone,0.00010000,0.1351,session_low|opening_range_low|neckline_level,1.16713000,0.0261,false,true,true,false,not_blocked,2,1,1,m5_failure_exit,off,none,0.00000000,0.0000,1.30,1.16618000,4.200,-0.300,0.200,PERIOD_M15,1.16695000,1.16538000,1.1210,outside,0.000,true,1.16714000,1.16788000,0.00074000,1.16618000,1.297,0.00038357,18.00,30-60,true,false,none,blocked_spread_too_high,4.500,4.500,none,0.0000,false,opposite_break_first,true,opposite_break_first,spread_too_high
2025.10.08 16:10:00,signal,session_reversal_pullback_one_symbol_first120,EURJPY,SHORT,2025.10.08 16:05:00,16,13,22,london_newyork_overlap,2025.10.08 13:00,5,first_120min,true,true,3,EURJPY,highest_score_in_session_bar,london_newyork_overlap=USDJPY|EURJPY|GBPJPY|AUDJPY|EURUSD|GBPUSD,existing_first120_gate,london_newyork_overlap,false,false,true,passed_first_window,head_and_shoulders,neckline_break_retest,177.45600000,PERIOD_M5,PERIOD_H1,PERIOD_M15,PERIOD_M5,PERIOD_M5,false,htf_soft_alignment,current_post_filter,transcript_post_filter,dow_trend_up_hh_hl,no_ordered_dow_wave3_break,dow_trend_up_hh_hl,no_ordered_dow_wave3_break,false,false,true,SHORT,PERIOD_M5,head_and_shoulders,head_and_shoulders,4.500,none,0.000,head_and_shoulders,4.500,none,0.000,SHORT,false,PERIOD_H1_LONG_dow_trend_up_hh_hl|PERIOD_M15_NONE_no_ordered_dow_wave3_break,true,h1_counter_m15_reversal,true,top_LONG_dow_trend_up_hh_hl|structure_NONE_no_ordered_dow_wave3_break|structure_break_recent_confirmed_swing_break_failed|primary_break_recent_confirmed_swing_break_retest,none,above_75sma_rising,above_75sma_rising,below_75sma_flat_or_rising,-1,0.00000000,0,177.45600000,false,off,NONE,NONE,0.00000000,0.00000000,0.0000,none,0.000,true,SHORT,return_low_break_or_bos_down,177.16800000,18,177.84600000,176.88300000,false,off,independent,false,,,false,0.0000,none,0.0000,0.0000,none,0.0000,0.0000,0.0000,none,0.0000,0,0,0.0000,none,none,none,none,0.0000,0,0.0000,none,false,true,not_evaluated,true,required_light_or_anchor_flip,long_bias,177.13500000,2025.10.08 11:15:00,177.42400000,2025.10.08 05:00:00,2025.10.08 13:45:00,false,NONE,0.00000000,0.00000000,0.0000,-1,false,,-1,NONE,0.00000000,0.00000000,0.0000,0.0000,none,,none,false,NONE,-1,-1,-1,false,false,none,false,true,false,true,none,true,required,false,PERIOD_M5,,,-1,0.0000,false,0.00000000,0.0000,false,0.0000,false,none,none,false,no_anchor_flip_in_entry_direction,true,required_first_signal_only,SHORT,unknown,0.00000000,,0.00000000,,false,,-1,false,NONE,0.00000000,,0.00000000,0.0000,0.0000,none,-1,false,false,false,no_anchor_flip_in_entry_direction,,,,false,false,false,-1,-1,-1,-1,-1,false,false,false,0.0000,rising_n,false,177.84600000,176.88300000,6.9103,false,0.0000,0.0000,0,none,true,0.5207,preferred_382_618,0.200,diagnostic_only,diagnostic_only,diagnostic_only,deep_pullback,8,0.440,true,none,0.590,high_quality,false,false,diagnostic_only,both,true,none,true,diagnostic_adjacent_detected,required_light,false,false,LONG,3,false,false,0,,,-1,0.0000,0.00000000,0.00000000,0.00000000,false,false,none,0.00000000,false,0.0000,0.0000,false,1,0.0000,false,-1,0.00000000,0.0000,off,false,not_evaluated,none,0.0000,0.0000,none,false,false,false,0.0000,none,false,none,0.0000,false,none,0.0000,0.0000,0.0000,0.0000,false,none,0.0000,none,none,false,false,none,0.0000,0.0000,0.0000,0.0000,none,false,false,0.0000,0.0000,false,false,-1,none,none,false,0.000,0.000,177.41900000,177.39000000,177.39000000,failed_breakout_level,0.01500000,0.0701,neckline_level,177.45600000,0.6291,false,true,true,false,not_blocked,7,5,2,m5_failure_exit,off,none,0.00000000,0.0000,1.30,177.12700000,4.500,-0.300,0.200,PERIOD_M15,177.84600000,176.88300000,0.5421,preferred_382_618,0.000,true,177.40500000,177.61900000,0.21400000,177.12700000,1.299,0.08107143,30.00,0-30,true,false,none,not_consumed,4.800,4.800,none,0.0000,false,neckline_retest_failed,false,not_invalidated,spread_too_high
2025.10.08 16:10:00,blocked,session_reversal_pullback_one_symbol_first120,EURJPY,SHORT,2025.10.08 16:05:00,16,13,22,london_newyork_overlap,2025.10.08 13:00,5,first_120min,true,true,3,EURJPY,highest_score_in_session_bar,london_newyork_overlap=USDJPY|EURJPY|GBPJPY|AUDJPY|EURUSD|GBPUSD,existing_first120_gate,london_newyork_overlap,false,false,true,passed_first_window,head_and_shoulders,neckline_break_retest,177.45600000,PERIOD_M5,PERIOD_H1,PERIOD_M15,PERIOD_M5,PERIOD_M5,false,htf_soft_alignment,current_post_filter,transcript_post_filter,dow_trend_up_hh_hl,no_ordered_dow_wave3_break,dow_trend_up_hh_hl,no_ordered_dow_wave3_break,false,false,true,SHORT,PERIOD_M5,head_and_shoulders,head_and_shoulders,4.500,none,0.000,head_and_shoulders,4.500,none,0.000,SHORT,false,PERIOD_H1_LONG_dow_trend_up_hh_hl|PERIOD_M15_NONE_no_ordered_dow_wave3_break,true,h1_counter_m15_reversal,true,top_LONG_dow_trend_up_hh_hl|structure_NONE_no_ordered_dow_wave3_break|structure_break_recent_confirmed_swing_break_failed|primary_break_recent_confirmed_swing_break_retest,none,above_75sma_rising,above_75sma_rising,below_75sma_flat_or_rising,-1,0.00000000,0,177.45600000,false,off,NONE,NONE,0.00000000,0.00000000,0.0000,none,0.000,true,SHORT,return_low_break_or_bos_down,177.16800000,18,177.84600000,176.88300000,false,off,independent,false,,,false,0.0000,none,0.0000,0.0000,none,0.0000,0.0000,0.0000,none,0.0000,0,0,0.0000,none,none,none,none,0.0000,0,0.0000,none,false,true,not_evaluated,true,required_light_or_anchor_flip,long_bias,177.13500000,2025.10.08 11:15:00,177.42400000,2025.10.08 05:00:00,2025.10.08 13:45:00,false,NONE,0.00000000,0.00000000,0.0000,-1,false,,-1,NONE,0.00000000,0.00000000,0.0000,0.0000,none,,none,false,NONE,-1,-1,-1,false,false,none,false,true,false,true,none,true,required,false,PERIOD_M5,,,-1,0.0000,false,0.00000000,0.0000,false,0.0000,false,none,none,false,no_anchor_flip_in_entry_direction,true,required_first_signal_only,SHORT,unknown,0.00000000,,0.00000000,,false,,-1,false,NONE,0.00000000,,0.00000000,0.0000,0.0000,none,-1,false,false,false,no_anchor_flip_in_entry_direction,,,,false,false,false,-1,-1,-1,-1,-1,false,false,false,0.0000,rising_n,false,177.84600000,176.88300000,6.9103,false,0.0000,0.0000,0,none,true,0.5207,preferred_382_618,0.200,diagnostic_only,diagnostic_only,diagnostic_only,deep_pullback,8,0.440,true,none,0.590,high_quality,false,false,diagnostic_only,both,true,none,true,diagnostic_adjacent_detected,required_light,false,false,LONG,3,false,false,0,,,-1,0.0000,0.00000000,0.00000000,0.00000000,false,false,none,0.00000000,false,0.0000,0.0000,false,1,0.0000,false,-1,0.00000000,0.0000,off,false,not_evaluated,none,0.0000,0.0000,none,false,false,false,0.0000,none,false,none,0.0000,false,none,0.0000,0.0000,0.0000,0.0000,false,none,0.0000,none,none,false,false,none,0.0000,0.0000,0.0000,0.0000,none,false,false,0.0000,0.0000,false,false,-1,none,none,false,0.000,0.000,177.41900000,177.39000000,177.39000000,failed_breakout_level,0.01500000,0.0701,neckline_level,177.45600000,0.6291,false,true,true,false,not_blocked,7,5,2,m5_failure_exit,off,none,0.00000000,0.0000,1.30,177.12700000,4.500,-0.300,0.200,PERIOD_M15,177.84600000,176.88300000,0.5421,preferred_382_618,0.000,true,177.40500000,177.61900000,0.21400000,177.12700000,1.299,0.08107143,30.00,0-30,true,false,none,blocked_spread_too_high,4.800,4.800,none,0.0000,false,neckline_retest_failed,false,not_invalidated,spread_too_high
2025.10.08 20:20:00,signal,session_reversal_pullback_one_symbol_first120,EURJPY,SHORT,2025.10.08 20:15:00,20,17,2,new_york,2025.10.08 16:00,75,first_120min,false,true,3,EURJPY,highest_score_in_session_bar,new_york=USDJPY|EURJPY|GBPJPY|AUDJPY|EURUSD|GBPUSD,existing_first120_gate,new_york,true,false,true,passed_first_window,sweep_high_reclaim,sweep_reclaim_retest,177.31200000,PERIOD_M5,PERIOD_H1,PERIOD_M15,PERIOD_M5,PERIOD_M5,false,htf_soft_alignment,current_post_filter,transcript_post_filter,dow_trend_up_hh_hl,structure_trend_bias_dow_trend_down_ll_lh,dow_trend_up_hh_hl,structure_trend_bias_dow_trend_down_ll_lh,false,false,true,SHORT,PERIOD_M5,sweep_high_reclaim,sweep_high_reclaim,3.400,none,0.000,sweep_high_reclaim,3.400,none,0.000,SHORT,false,PERIOD_H1_LONG_dow_trend_up_hh_hl|PERIOD_M15_SHORT_structure_trend_bias_dow_trend_down_ll_lh,true,h1_counter_m15_reversal,true,top_LONG_dow_trend_up_hh_hl|structure_SHORT_structure_trend_bias_dow_trend_down_ll_lh|structure_break_recent_confirmed_swing_break_failed|primary_break_recent_confirmed_swing_break_continuation,none,above_75sma_rising,above_75sma_rising,below_75sma_falling,-1,0.00000000,0,177.34400000,false,off,NONE,NONE,0.00000000,0.00000000,0.0000,none,0.000,true,SHORT,return_low_break_or_bos_down,177.19300000,3,177.74800000,177.17100000,false,off,independent,false,,,false,0.0000,none,0.0000,0.0000,none,0.0000,0.0000,0.0000,none,0.0000,0,0,0.0000,none,none,none,none,0.0000,0,0.0000,none,false,true,not_evaluated,true,required_light_or_anchor_flip,short_bias,177.13500000,2025.10.08 11:15:00,177.35400000,2025.10.08 18:30:00,2025.10.08 19:15:00,false,NONE,0.00000000,0.00000000,0.0000,-1,false,,-1,NONE,0.00000000,0.00000000,0.0000,0.0000,none,,none,false,NONE,-1,-1,-1,false,false,none,true,false,false,true,none,true,required,false,PERIOD_M5,,,-1,0.0000,false,0.00000000,0.0000,false,0.0000,false,none,none,false,no_anchor_flip_in_entry_direction,true,required_first_signal_only,SHORT,unknown,0.00000000,,0.00000000,,false,,-1,false,NONE,0.00000000,,0.00000000,0.0000,0.0000,none,-1,false,false,false,no_anchor_flip_in_entry_direction,,,,false,false,false,-1,-1,-1,-1,-1,false,false,false,0.0000,falling_n,false,177.63600000,177.17100000,4.8258,false,0.0000,0.0000,0,none,true,0.2322,no_fib,0.000,diagnostic_only,diagnostic_only,diagnostic_only,shallow_pullback,24,0.120,true,none,0.270,medium_quality,false,false,diagnostic_only,both,true,none,true,diagnostic_adjacent_detected,required_light,false,false,LONG,3,false,false,0,,,-1,0.0000,0.00000000,0.00000000,0.00000000,false,false,none,0.00000000,false,0.0000,0.0000,false,1,0.0000,false,-1,0.00000000,0.0000,off,false,not_evaluated,none,0.0000,0.0000,none,false,false,false,0.0000,none,false,none,0.0000,false,none,0.0000,0.0000,0.0000,0.0000,false,none,0.0000,none,none,false,false,none,0.0000,0.0000,0.0000,0.0000,none,false,false,0.0000,0.0000,false,false,-1,none,none,false,0.000,0.000,177.31200000,177.30328571,177.30328571,recent_equal_highs,0.00171429,0.0490,neckline_level,177.31200000,0.1828,false,false,true,false,not_blocked,3,0,3,m5_failure_exit,off,none,0.00000000,0.0000,1.30,177.26000000,3.400,-0.300,0.200,PERIOD_M15,177.58800000,177.19300000,0.2835,outside,0.000,true,177.30500000,177.34000000,0.03500000,177.26000000,1.286,0.03828571,30.00,60-90,true,false,none,not_consumed,3.700,3.700,none,0.0000,false,opposite_break_first,true,opposite_break_first,spread_too_high
2025.10.08 20:20:00,blocked,session_reversal_pullback_one_symbol_first120,EURJPY,SHORT,2025.10.08 20:15:00,20,17,2,new_york,2025.10.08 16:00,75,first_120min,false,true,3,EURJPY,highest_score_in_session_bar,new_york=USDJPY|EURJPY|GBPJPY|AUDJPY|EURUSD|GBPUSD,existing_first120_gate,new_york,true,false,true,passed_first_window,sweep_high_reclaim,sweep_reclaim_retest,177.31200000,PERIOD_M5,PERIOD_H1,PERIOD_M15,PERIOD_M5,PERIOD_M5,false,htf_soft_alignment,current_post_filter,transcript_post_filter,dow_trend_up_hh_hl,structure_trend_bias_dow_trend_down_ll_lh,dow_trend_up_hh_hl,structure_trend_bias_dow_trend_down_ll_lh,false,false,true,SHORT,PERIOD_M5,sweep_high_reclaim,sweep_high_reclaim,3.400,none,0.000,sweep_high_reclaim,3.400,none,0.000,SHORT,false,PERIOD_H1_LONG_dow_trend_up_hh_hl|PERIOD_M15_SHORT_structure_trend_bias_dow_trend_down_ll_lh,true,h1_counter_m15_reversal,true,top_LONG_dow_trend_up_hh_hl|structure_SHORT_structure_trend_bias_dow_trend_down_ll_lh|structure_break_recent_confirmed_swing_break_failed|primary_break_recent_confirmed_swing_break_continuation,none,above_75sma_rising,above_75sma_rising,below_75sma_falling,-1,0.00000000,0,177.34400000,false,off,NONE,NONE,0.00000000,0.00000000,0.0000,none,0.000,true,SHORT,return_low_break_or_bos_down,177.19300000,3,177.74800000,177.17100000,false,off,independent,false,,,false,0.0000,none,0.0000,0.0000,none,0.0000,0.0000,0.0000,none,0.0000,0,0,0.0000,none,none,none,none,0.0000,0,0.0000,none,false,true,not_evaluated,true,required_light_or_anchor_flip,short_bias,177.13500000,2025.10.08 11:15:00,177.35400000,2025.10.08 18:30:00,2025.10.08 19:15:00,false,NONE,0.00000000,0.00000000,0.0000,-1,false,,-1,NONE,0.00000000,0.00000000,0.0000,0.0000,none,,none,false,NONE,-1,-1,-1,false,false,none,true,false,false,true,none,true,required,false,PERIOD_M5,,,-1,0.0000,false,0.00000000,0.0000,false,0.0000,false,none,none,false,no_anchor_flip_in_entry_direction,true,required_first_signal_only,SHORT,unknown,0.00000000,,0.00000000,,false,,-1,false,NONE,0.00000000,,0.00000000,0.0000,0.0000,none,-1,false,false,false,no_anchor_flip_in_entry_direction,,,,false,false,false,-1,-1,-1,-1,-1,false,false,false,0.0000,falling_n,false,177.63600000,177.17100000,4.8258,false,0.0000,0.0000,0,none,true,0.2322,no_fib,0.000,diagnostic_only,diagnostic_only,diagnostic_only,shallow_pullback,24,0.120,true,none,0.270,medium_quality,false,false,diagnostic_only,both,true,none,true,diagnostic_adjacent_detected,required_light,false,false,LONG,3,false,false,0,,,-1,0.0000,0.00000000,0.00000000,0.00000000,false,false,none,0.00000000,false,0.0000,0.0000,false,1,0.0000,false,-1,0.00000000,0.0000,off,false,not_evaluated,none,0.0000,0.0000,none,false,false,false,0.0000,none,false,none,0.0000,false,none,0.0000,0.0000,0.0000,0.0000,false,none,0.0000,none,none,false,false,none,0.0000,0.0000,0.0000,0.0000,none,false,false,0.0000,0.0000,false,false,-1,none,none,false,0.000,0.000,177.31200000,177.30328571,177.30328571,recent_equal_highs,0.00171429,0.0490,neckline_level,177.31200000,0.1828,false,false,true,false,not_blocked,3,0,3,m5_failure_exit,off,none,0.00000000,0.0000,1.30,177.26000000,3.400,-0.300,0.200,PERIOD_M15,177.58800000,177.19300000,0.2835,outside,0.000,true,177.30500000,177.34000000,0.03500000,177.26000000,1.286,0.03828571,30.00,60-90,true,false,none,blocked_spread_too_high,3.700,3.700,none,0.0000,false,opposite_break_first,true,opposite_break_first,spread_too_high
2025.10.09 04:10:00,signal,session_reversal_pullback_one_symbol_first120,USDJPY,SHORT,2025.10.09 04:05:00,4,1,10,tokyo,2025.10.09 00:00,65,first_120min,false,true,3,USDJPY,highest_score_in_session_bar,tokyo=USDJPY|EURJPY|GBPJPY|AUDJPY,existing_first120_gate,tokyo,false,false,true,passed_first_window,sweep_high_reclaim,sweep_reclaim_retest,152.73000000,PERIOD_M5,PERIOD_H1,PERIOD_M15,PERIOD_M5,PERIOD_M5,false,htf_soft_alignment,current_post_filter,transcript_post_filter,dow_trend_up_hh_hl,structure_trend_bias_dow_trend_down_ll_lh,dow_trend_up_hh_hl,structure_trend_bias_dow_trend_down_ll_lh,false,false,true,SHORT,PERIOD_M5,sweep_high_reclaim,sweep_high_reclaim,3.400,none,0.000,sweep_high_reclaim,3.400,none,0.000,SHORT,false,PERIOD_H1_LONG_dow_trend_up_hh_hl|PERIOD_M15_SHORT_structure_trend_bias_dow_trend_down_ll_lh,true,h1_counter_m15_reversal,true,top_LONG_dow_trend_up_hh_hl|structure_SHORT_structure_trend_bias_dow_trend_down_ll_lh|structure_break_recent_confirmed_swing_break_failed|primary_break_recent_confirmed_swing_break_retest,none,above_75sma_rising,above_75sma_rising,below_75sma_falling,-1,0.00000000,0,152.66200000,false,off,NONE,NONE,0.00000000,0.00000000,0.0000,none,0.000,true,SHORT,return_low_break_or_bos_down,152.50700000,7,152.74600000,152.44700000,false,off,independent,false,,,false,0.0000,none,0.0000,0.0000,none,0.0000,0.0000,0.0000,none,0.0000,0,0,0.0000,none,none,none,none,0.0000,0,0.0000,none,false,true,not_evaluated,true,required_light_or_anchor_flip,long_bias,152.45700000,2025.10.09 02:00:00,152.65900000,2025.10.09 01:00:00,2025.10.09 03:00:00,false,NONE,0.00000000,0.00000000,0.0000,-1,false,,-1,NONE,0.00000000,0.00000000,0.0000,0.0000,none,,none,false,NONE,-1,-1,-1,false,false,none,false,true,false,true,none,true,required,false,PERIOD_M5,,,-1,0.0000,false,0.00000000,0.0000,false,0.0000,false,none,none,false,no_anchor_flip_in_entry_direction,true,required_first_signal_only,SHORT,unknown,0.00000000,,0.00000000,,false,,-1,false,NONE,0.00000000,,0.00000000,0.0000,0.0000,none,-1,false,false,false,no_anchor_flip_in_entry_direction,,,,false,false,false,-1,-1,-1,-1,-1,false,false,false,0.0000,range_n,true,152.74600000,152.45700000,2.2885,false,0.0000,0.0000,0,none,true,0.5518,preferred_382_618,0.200,diagnostic_only,diagnostic_only,diagnostic_only,shallow_pullback,24,0.400,true,none,0.550,medium_quality,false,false,diagnostic_only,both,true,none,true,diagnostic_adjacent_detected,required_light,false,false,LONG,3,false,false,0,,,-1,0.0000,0.00000000,0.00000000,0.00000000,false,false,none,0.00000000,false,0.0000,0.0000,false,1,0.0000,false,-1,0.00000000,0.0000,off,false,not_evaluated,none,0.0000,0.0000,none,false,false,false,0.0000,none,false,none,0.0000,false,none,0.0000,0.0000,0.0000,0.0000,false,none,0.0000,none,none,false,false,none,0.0000,0.0000,0.0000,0.0000,none,false,false,0.0000,0.0000,false,false,-1,none,none,false,0.000,0.000,152.65600000,152.58953333,152.58953333,recent_equal_lows,0.02246667,0.1370,neckline_level,152.73000000,1.2727,false,true,true,false,not_blocked,9,5,4,m5_failure_exit,off,none,0.00000000,0.0000,1.30,152.39900000,3.400,-0.300,0.200,PERIOD_M15,152.65900000,152.45700000,0.7673,deep_618_786,0.000,true,152.61200000,152.77600000,0.16400000,152.39900000,1.299,0.09271429,15.00,60-90,true,false,none,not_consumed,3.700,3.700,none,0.0000,false,sweep_reclaim_failed,false,not_invalidated,
2025.10.09 04:10:00,order_sent,session_reversal_pullback_one_symbol_first120,USDJPY,SHORT,2025.10.09 04:05:00,4,1,10,tokyo,2025.10.09 00:00,65,first_120min,false,true,3,USDJPY,highest_score_in_session_bar,tokyo=USDJPY|EURJPY|GBPJPY|AUDJPY,existing_first120_gate,tokyo,false,false,true,passed_first_window,sweep_high_reclaim,sweep_reclaim_retest,152.73000000,PERIOD_M5,PERIOD_H1,PERIOD_M15,PERIOD_M5,PERIOD_M5,false,htf_soft_alignment,current_post_filter,transcript_post_filter,dow_trend_up_hh_hl,structure_trend_bias_dow_trend_down_ll_lh,dow_trend_up_hh_hl,structure_trend_bias_dow_trend_down_ll_lh,false,false,true,SHORT,PERIOD_M5,sweep_high_reclaim,sweep_high_reclaim,3.400,none,0.000,sweep_high_reclaim,3.400,none,0.000,SHORT,false,PERIOD_H1_LONG_dow_trend_up_hh_hl|PERIOD_M15_SHORT_structure_trend_bias_dow_trend_down_ll_lh,true,h1_counter_m15_reversal,true,top_LONG_dow_trend_up_hh_hl|structure_SHORT_structure_trend_bias_dow_trend_down_ll_lh|structure_break_recent_confirmed_swing_break_failed|primary_break_recent_confirmed_swing_break_retest,none,above_75sma_rising,above_75sma_rising,below_75sma_falling,-1,0.00000000,0,152.66200000,false,off,NONE,NONE,0.00000000,0.00000000,0.0000,none,0.000,true,SHORT,return_low_break_or_bos_down,152.50700000,7,152.74600000,152.44700000,false,off,independent,false,,,false,0.0000,none,0.0000,0.0000,none,0.0000,0.0000,0.0000,none,0.0000,0,0,0.0000,none,none,none,none,0.0000,0,0.0000,none,false,true,not_evaluated,true,required_light_or_anchor_flip,long_bias,152.45700000,2025.10.09 02:00:00,152.65900000,2025.10.09 01:00:00,2025.10.09 03:00:00,false,NONE,0.00000000,0.00000000,0.0000,-1,false,,-1,NONE,0.00000000,0.00000000,0.0000,0.0000,none,,none,false,NONE,-1,-1,-1,false,false,none,false,true,false,true,none,true,required,false,PERIOD_M5,,,-1,0.0000,false,0.00000000,0.0000,false,0.0000,false,none,none,false,no_anchor_flip_in_entry_direction,true,required_first_signal_only,SHORT,unknown,0.00000000,,0.00000000,,false,,-1,false,NONE,0.00000000,,0.00000000,0.0000,0.0000,none,-1,false,false,false,no_anchor_flip_in_entry_direction,,,,false,false,false,-1,-1,-1,-1,-1,false,false,false,0.0000,range_n,true,152.74600000,152.45700000,2.2885,false,0.0000,0.0000,0,none,true,0.5518,preferred_382_618,0.200,diagnostic_only,diagnostic_only,diagnostic_only,shallow_pullback,24,0.400,true,none,0.550,medium_quality,false,false,diagnostic_only,both,true,none,true,diagnostic_adjacent_detected,required_light,false,false,LONG,3,false,false,0,,,-1,0.0000,0.00000000,0.00000000,0.00000000,false,false,none,0.00000000,false,0.0000,0.0000,false,1,0.0000,false,-1,0.00000000,0.0000,off,false,not_evaluated,none,0.0000,0.0000,none,false,false,false,0.0000,none,false,none,0.0000,false,none,0.0000,0.0000,0.0000,0.0000,false,none,0.0000,none,none,false,false,none,0.0000,0.0000,0.0000,0.0000,none,false,false,0.0000,0.0000,false,false,-1,none,none,false,0.000,0.000,152.65600000,152.58953333,152.58953333,recent_equal_lows,0.02246667,0.1370,neckline_level,152.73000000,1.2727,false,true,true,false,not_blocked,9,5,4,m5_failure_exit,off,none,0.00000000,0.0000,1.30,152.39900000,3.400,-0.300,0.200,PERIOD_M15,152.65900000,152.45700000,0.7673,deep_618_786,0.000,true,152.61200000,152.77600000,0.16400000,152.39900000,1.299,0.09271429,15.00,60-90,true,false,none,order_sent,3.700,3.700,none,0.0000,false,sweep_reclaim_failed,false,not_invalidated,
2025.10.09 16:15:00,signal,session_reversal_pullback_one_symbol_first120,EURUSD,SHORT,2025.10.09 16:10:00,16,13,22,london_newyork_overlap,2025.10.09 13:00,10,first_120min,true,true,3,EURUSD,highest_score_in_session_bar,london_newyork_overlap=USDJPY|EURJPY|GBPJPY|AUDJPY|EURUSD|GBPUSD,existing_first120_gate,london_newyork_overlap,false,false,true,passed_first_window,double_top,neckline_break_retest,1.16163000,PERIOD_M5,PERIOD_H1,PERIOD_M15,PERIOD_M5,PERIOD_M5,false,htf_soft_alignment,current_post_filter,transcript_post_filter,dow_trend_up_hh_hl,no_ordered_dow_wave3_break,dow_trend_up_hh_hl,no_ordered_dow_wave3_break,false,false,true,SHORT,PERIOD_M5,double_top,double_top,4.200,none,0.000,double_top,4.200,none,0.000,SHORT,false,PERIOD_H1_LONG_dow_trend_up_hh_hl|PERIOD_M15_NONE_no_ordered_dow_wave3_break,true,h1_counter_m15_reversal,true,top_LONG_dow_trend_up_hh_hl|structure_NONE_no_ordered_dow_wave3_break|structure_break_recent_confirmed_swing_break_failed|primary_break_recent_confirmed_swing_break_retest,none,below_75sma_falling,below_75sma_flat_or_rising,below_75sma_falling,-1,0.00000000,0,1.16196000,false,off,NONE,NONE,0.00000000,0.00000000,0.0000,none,0.000,true,SHORT,return_low_break_or_bos_down,1.16084000,3,1.16214000,1.16084000,false,off,independent,false,,,false,0.0000,none,0.0000,0.0000,none,0.0000,0.0000,0.0000,none,0.0000,0,0,0.0000,none,none,none,none,0.0000,0,0.0000,none,false,true,not_evaluated,true,required_light_or_anchor_flip,short_bias,1.16411000,2025.10.09 07:30:00,1.16214000,2025.10.09 14:45:00,2025.10.09 15:15:00,false,NONE,0.00000000,0.00000000,0.0000,-1,false,,-1,NONE,0.00000000,0.00000000,0.0000,0.0000,none,,none,false,NONE,-1,-1,-1,false,false,none,true,false,false,true,none,true,required,false,PERIOD_M5,,,-1,0.0000,false,0.00000000,0.0000,false,0.0000,false,none,none,false,no_anchor_flip_in_entry_direction,true,required_first_signal_only,SHORT,unknown,0.00000000,,0.00000000,,false,,-1,false,NONE,0.00000000,,0.00000000,0.0000,0.0000,none,-1,false,false,false,no_anchor_flip_in_entry_direction,,,,false,false,false,-1,-1,-1,-1,-1,false,false,false,0.0000,falling_n,false,1.16475000,1.16024000,5.7192,false,0.0000,0.0000,0,none,true,0.4752,preferred_382_618,0.200,diagnostic_only,diagnostic_only,diagnostic_only,shallow_pullback,5,0.440,true,none,0.590,high_quality,false,false,diagnostic_only,both,true,none,true,diagnostic_adjacent_detected,required_light,false,false,LONG,4,false,false,0,2025.10.09 14:05:00,2025.10.09 15:35:00,7,2.9474,0.00000000,1.16042000,1.16042000,false,false,none,0.00000000,false,0.0000,0.0000,false,1,0.0000,false,-1,0.00000000,0.0000,off,false,not_evaluated,none,0.0000,0.0000,none,false,false,false,0.0000,none,false,none,0.0000,false,none,1.7479,2.2277,0.7846,0.0000,true,strong_exhaustion,0.0000,none,none,false,false,none,0.0000,0.0000,0.0000,0.0000,none,false,false,0.0000,0.0000,false,false,-1,none,none,false,0.000,0.000,1.16153286,1.16099000,1.16099000,wick_cluster_zone,0.00040000,0.8333,neckline_level,1.16163000,0.4113,false,true,true,false,not_blocked,5,3,2,m5_failure_exit,off,none,0.00000000,0.0000,1.30,1.16077000,4.200,0.000,0.200,PERIOD_M15,1.16214000,1.16084000,0.4231,preferred_382_618,0.000,true,1.16139000,1.16187000,0.00048000,1.16077000,1.292,0.00058357,18.00,0-30,true,false,none,not_consumed,4.800,4.800,none,0.0000,false,opposite_break_first,true,opposite_break_first,spread_too_high
2025.10.09 16:15:00,blocked,session_reversal_pullback_one_symbol_first120,EURUSD,SHORT,2025.10.09 16:10:00,16,13,22,london_newyork_overlap,2025.10.09 13:00,10,first_120min,true,true,3,EURUSD,highest_score_in_session_bar,london_newyork_overlap=USDJPY|EURJPY|GBPJPY|AUDJPY|EURUSD|GBPUSD,existing_first120_gate,london_newyork_overlap,false,false,true,passed_first_window,double_top,neckline_break_retest,1.16163000,PERIOD_M5,PERIOD_H1,PERIOD_M15,PERIOD_M5,PERIOD_M5,false,htf_soft_alignment,current_post_filter,transcript_post_filter,dow_trend_up_hh_hl,no_ordered_dow_wave3_break,dow_trend_up_hh_hl,no_ordered_dow_wave3_break,false,false,true,SHORT,PERIOD_M5,double_top,double_top,4.200,none,0.000,double_top,4.200,none,0.000,SHORT,false,PERIOD_H1_LONG_dow_trend_up_hh_hl|PERIOD_M15_NONE_no_ordered_dow_wave3_break,true,h1_counter_m15_reversal,true,top_LONG_dow_trend_up_hh_hl|structure_NONE_no_ordered_dow_wave3_break|structure_break_recent_confirmed_swing_break_failed|primary_break_recent_confirmed_swing_break_retest,none,below_75sma_falling,below_75sma_flat_or_rising,below_75sma_falling,-1,0.00000000,0,1.16196000,false,off,NONE,NONE,0.00000000,0.00000000,0.0000,none,0.000,true,SHORT,return_low_break_or_bos_down,1.16084000,3,1.16214000,1.16084000,false,off,independent,false,,,false,0.0000,none,0.0000,0.0000,none,0.0000,0.0000,0.0000,none,0.0000,0,0,0.0000,none,none,none,none,0.0000,0,0.0000,none,false,true,not_evaluated,true,required_light_or_anchor_flip,short_bias,1.16411000,2025.10.09 07:30:00,1.16214000,2025.10.09 14:45:00,2025.10.09 15:15:00,false,NONE,0.00000000,0.00000000,0.0000,-1,false,,-1,NONE,0.00000000,0.00000000,0.0000,0.0000,none,,none,false,NONE,-1,-1,-1,false,false,none,true,false,false,true,none,true,required,false,PERIOD_M5,,,-1,0.0000,false,0.00000000,0.0000,false,0.0000,false,none,none,false,no_anchor_flip_in_entry_direction,true,required_first_signal_only,SHORT,unknown,0.00000000,,0.00000000,,false,,-1,false,NONE,0.00000000,,0.00000000,0.0000,0.0000,none,-1,false,false,false,no_anchor_flip_in_entry_direction,,,,false,false,false,-1,-1,-1,-1,-1,false,false,false,0.0000,falling_n,false,1.16475000,1.16024000,5.7192,false,0.0000,0.0000,0,none,true,0.4752,preferred_382_618,0.200,diagnostic_only,diagnostic_only,diagnostic_only,shallow_pullback,5,0.440,true,none,0.590,high_quality,false,false,diagnostic_only,both,true,none,true,diagnostic_adjacent_detected,required_light,false,false,LONG,4,false,false,0,2025.10.09 14:05:00,2025.10.09 15:35:00,7,2.9474,0.00000000,1.16042000,1.16042000,false,false,none,0.00000000,false,0.0000,0.0000,false,1,0.0000,false,-1,0.00000000,0.0000,off,false,not_evaluated,none,0.0000,0.0000,none,false,false,false,0.0000,none,false,none,0.0000,false,none,1.7479,2.2277,0.7846,0.0000,true,strong_exhaustion,0.0000,none,none,false,false,none,0.0000,0.0000,0.0000,0.0000,none,false,false,0.0000,0.0000,false,false,-1,none,none,false,0.000,0.000,1.16153286,1.16099000,1.16099000,wick_cluster_zone,0.00040000,0.8333,neckline_level,1.16163000,0.4113,false,true,true,false,not_blocked,5,3,2,m5_failure_exit,off,none,0.00000000,0.0000,1.30,1.16077000,4.200,0.000,0.200,PERIOD_M15,1.16214000,1.16084000,0.4231,preferred_382_618,0.000,true,1.16139000,1.16187000,0.00048000,1.16077000,1.292,0.00058357,18.00,0-30,true,false,none,blocked_spread_too_high,4.800,4.800,none,0.0000,false,opposite_break_first,true,opposite_break_first,spread_too_high
2025.10.10 03:25:00,signal,session_reversal_pullback_one_symbol_first120,USDJPY,LONG,2025.10.10 03:20:00,3,0,9,tokyo,2025.10.10 00:00,20,first_120min,true,true,3,USDJPY,highest_score_in_session_bar,tokyo=USDJPY|EURJPY|GBPJPY|AUDJPY,existing_first120_gate,tokyo,false,false,true,passed_first_window,inverse_head_and_shoulders,neckline_break_retest,153.08400000,PERIOD_M5,PERIOD_H1,PERIOD_M15,PERIOD_M5,PERIOD_M5,false,htf_soft_alignment,current_post_filter,transcript_post_filter,dow_trend_down_ll_lh,no_ordered_dow_wave3_break,dow_trend_down_ll_lh,no_ordered_dow_wave3_break,false,true,false,LONG,PERIOD_M5,inverse_head_and_shoulders,inverse_head_and_shoulders,4.500,none,0.000,inverse_head_and_shoulders,4.500,none,0.000,LONG,false,PERIOD_H1_SHORT_dow_trend_down_ll_lh|PERIOD_M15_NONE_no_ordered_dow_wave3_break,true,h1_counter_m15_reversal,true,top_SHORT_dow_trend_down_ll_lh|structure_NONE_no_ordered_dow_wave3_break|structure_break_recent_confirmed_swing_break_failed|primary_break_recent_confirmed_swing_break_continuation,none,above_75sma_rising,above_75sma_rising,above_75sma_rising,-1,0.00000000,0,153.06800000,false,off,NONE,NONE,0.00000000,0.00000000,0.0000,none,0.000,true,LONG,return_high_break_or_bos_up,153.20400000,4,153.26600000,152.87200000,false,off,independent,false,,,false,0.0000,none,0.0000,0.0000,none,0.0000,0.0000,0.0000,none,0.0000,0,0,0.0000,none,none,none,none,0.0000,0,0.0000,none,false,true,not_evaluated,true,required_light_or_anchor_flip,long_bias,152.95600000,2025.10.10 01:00:00,153.20400000,2025.10.09 21:45:00,2025.10.10 02:00:00,false,NONE,0.00000000,0.00000000,0.0000,-1,false,,-1,NONE,0.00000000,0.00000000,0.0000,0.0000,none,,none,false,NONE,-1,-1,-1,false,false,none,true,false,false,true,none,true,required,false,PERIOD_M5,,,-1,0.0000,false,0.00000000,0.0000,false,0.0000,false,none,none,false,no_anchor_flip_in_entry_direction,true,required_first_signal_only,LONG,unknown,0.00000000,,0.00000000,,false,,-1,false,NONE,0.00000000,,0.00000000,0.0000,0.0000,none,-1,false,false,false,no_anchor_flip_in_entry_direction,,,,false,false,false,-1,-1,-1,-1,-1,false,false,false,0.0000,rising_n,false,153.26600000,152.87200000,3.7397,false,0.0000,0.0000,0,none,true,0.3503,shallow_236_382,0.080,diagnostic_only,diagnostic_only,diagnostic_only,shallow_pullback,24,0.330,true,none,0.480,high_quality,false,false,diagnostic_only,both,true,none,true,diagnostic_adjacent_detected,required_light,false,false,SHORT,8,false,false,1,2025.10.10 01:35:00,2025.10.10 03:00:00,4,4.6470,153.26600000,0.00000000,153.26600000,false,false,none,0.00000000,false,0.0000,0.0000,false,1,0.0000,false,-1,0.00000000,0.0000,off,false,not_evaluated,none,0.0000,0.0000,none,false,false,false,0.0000,none,false,none,0.0000,false,none,4.6470,0.7376,6.3000,0.9884,false,no_shrink,0.0000,none,none,false,false,none,0.0000,0.0000,0.0000,0.0000,none,false,false,0.0000,0.0000,false,false,-1,none,none,false,0.000,0.000,153.14333333,153.12100000,153.14333333,recent_equal_highs,0.01533333,0.1103,neckline_level,153.08400000,0.6491,false,true,true,false,not_blocked,8,6,2,m5_failure_exit,off,none,0.00000000,0.0000,1.30,153.30900000,4.500,-0.300,0.200,PERIOD_M15,153.26600000,152.87200000,0.3503,outside,0.000,true,153.12800000,152.98900000,0.13900000,153.30900000,1.302,0.06778571,15.00,0-30,true,false,none,not_consumed,4.800,4.800,none,0.0000,false,opposite_break_first,true,opposite_break_first,spread_too_high
2025.10.10 03:25:00,blocked,session_reversal_pullback_one_symbol_first120,USDJPY,LONG,2025.10.10 03:20:00,3,0,9,tokyo,2025.10.10 00:00,20,first_120min,true,true,3,USDJPY,highest_score_in_session_bar,tokyo=USDJPY|EURJPY|GBPJPY|AUDJPY,existing_first120_gate,tokyo,false,false,true,passed_first_window,inverse_head_and_shoulders,neckline_break_retest,153.08400000,PERIOD_M5,PERIOD_H1,PERIOD_M15,PERIOD_M5,PERIOD_M5,false,htf_soft_alignment,current_post_filter,transcript_post_filter,dow_trend_down_ll_lh,no_ordered_dow_wave3_break,dow_trend_down_ll_lh,no_ordered_dow_wave3_break,false,true,false,LONG,PERIOD_M5,inverse_head_and_shoulders,inverse_head_and_shoulders,4.500,none,0.000,inverse_head_and_shoulders,4.500,none,0.000,LONG,false,PERIOD_H1_SHORT_dow_trend_down_ll_lh|PERIOD_M15_NONE_no_ordered_dow_wave3_break,true,h1_counter_m15_reversal,true,top_SHORT_dow_trend_down_ll_lh|structure_NONE_no_ordered_dow_wave3_break|structure_break_recent_confirmed_swing_break_failed|primary_break_recent_confirmed_swing_break_continuation,none,above_75sma_rising,above_75sma_rising,above_75sma_rising,-1,0.00000000,0,153.06800000,false,off,NONE,NONE,0.00000000,0.00000000,0.0000,none,0.000,true,LONG,return_high_break_or_bos_up,153.20400000,4,153.26600000,152.87200000,false,off,independent,false,,,false,0.0000,none,0.0000,0.0000,none,0.0000,0.0000,0.0000,none,0.0000,0,0,0.0000,none,none,none,none,0.0000,0,0.0000,none,false,true,not_evaluated,true,required_light_or_anchor_flip,long_bias,152.95600000,2025.10.10 01:00:00,153.20400000,2025.10.09 21:45:00,2025.10.10 02:00:00,false,NONE,0.00000000,0.00000000,0.0000,-1,false,,-1,NONE,0.00000000,0.00000000,0.0000,0.0000,none,,none,false,NONE,-1,-1,-1,false,false,none,true,false,false,true,none,true,required,false,PERIOD_M5,,,-1,0.0000,false,0.00000000,0.0000,false,0.0000,false,none,none,false,no_anchor_flip_in_entry_direction,true,required_first_signal_only,LONG,unknown,0.00000000,,0.00000000,,false,,-1,false,NONE,0.00000000,,0.00000000,0.0000,0.0000,none,-1,false,false,false,no_anchor_flip_in_entry_direction,,,,false,false,false,-1,-1,-1,-1,-1,false,false,false,0.0000,rising_n,false,153.26600000,152.87200000,3.7397,false,0.0000,0.0000,0,none,true,0.3503,shallow_236_382,0.080,diagnostic_only,diagnostic_only,diagnostic_only,shallow_pullback,24,0.330,true,none,0.480,high_quality,false,false,diagnostic_only,both,true,none,true,diagnostic_adjacent_detected,required_light,false,false,SHORT,8,false,false,1,2025.10.10 01:35:00,2025.10.10 03:00:00,4,4.6470,153.26600000,0.00000000,153.26600000,false,false,none,0.00000000,false,0.0000,0.0000,false,1,0.0000,false,-1,0.00000000,0.0000,off,false,not_evaluated,none,0.0000,0.0000,none,false,false,false,0.0000,none,false,none,0.0000,false,none,4.6470,0.7376,6.3000,0.9884,false,no_shrink,0.0000,none,none,false,false,none,0.0000,0.0000,0.0000,0.0000,none,false,false,0.0000,0.0000,false,false,-1,none,none,false,0.000,0.000,153.14333333,153.12100000,153.14333333,recent_equal_highs,0.01533333,0.1103,neckline_level,153.08400000,0.6491,false,true,true,false,not_blocked,8,6,2,m5_failure_exit,off,none,0.00000000,0.0000,1.30,153.30900000,4.500,-0.300,0.200,PERIOD_M15,153.26600000,152.87200000,0.3503,outside,0.000,true,153.12800000,152.98900000,0.13900000,153.30900000,1.302,0.06778571,15.00,0-30,true,false,none,blocked_spread_too_high,4.800,4.800,none,0.0000,false,opposite_break_first,true,opposite_break_first,spread_too_high
2025.10.10 10:20:00,signal,session_reversal_pullback_one_symbol_first120,USDJPY,SHORT,2025.10.10 10:15:00,10,7,16,london,2025.10.10 07:00,15,first_120min,true,true,3,USDJPY,highest_score_in_session_bar,london=USDJPY|EURJPY|GBPJPY|AUDJPY|EURUSD|GBPUSD,existing_first120_gate,london,true,false,true,passed_first_window,head_and_shoulders,neckline_break_retest,152.80100000,PERIOD_M5,PERIOD_H1,PERIOD_M15,PERIOD_M5,PERIOD_M5,false,htf_soft_alignment,current_post_filter,transcript_post_filter,dow_trend_up_hh_hl,structure_trend_bias_dow_trend_down_ll_lh,dow_trend_up_hh_hl,structure_trend_bias_dow_trend_down_ll_lh,false,true,true,SHORT,PERIOD_M5,head_and_shoulders,head_and_shoulders,4.500,none,0.000,head_and_shoulders,4.500,none,0.000,SHORT,false,PERIOD_H1_LONG_dow_trend_up_hh_hl|PERIOD_M15_SHORT_structure_trend_bias_dow_trend_down_ll_lh,true,h1_counter_m15_reversal,true,top_LONG_dow_trend_up_hh_hl|structure_SHORT_structure_trend_bias_dow_trend_down_ll_lh|structure_break_recent_confirmed_swing_break_failed|primary_break_recent_confirmed_swing_break_failed,none,above_75sma_rising,below_75sma_falling,below_75sma_falling,-1,0.00000000,-1,0.00000000,false,off,NONE,NONE,0.00000000,0.00000000,0.0000,none,0.000,true,SHORT,return_low_break_or_bos_down,152.62700000,1,153.04100000,152.37300000,false,off,independent,false,,,false,0.0000,none,0.0000,0.0000,none,0.0000,0.0000,0.0000,none,0.0000,0,0,0.0000,none,none,none,none,0.0000,0,0.0000,none,false,true,not_evaluated,true,required_light_or_anchor_flip,bias_flip_down,152.67700000,2025.10.10 08:00:00,153.04100000,2025.10.10 04:45:00,2025.10.10 09:15:00,true,SHORT,152.67700000,152.52700000,1.0595,1,true,2025.10.10 09:45:00,1,SHORT,152.67700000,152.52700000,1.0595,1.2220,normal,2025.10.10 09:45:00,first_after_anchor,true,SHORT,1,1,1,true,false,fresh_0_4,true,false,false,true,none,true,required,true,PERIOD_M5,2025.10.10 09:50:00,2025.10.10 09:50:00,6,0.2294,true,152.67700000,0.2294,false,0.0000,true,m5_bearish_close_after_anchor_retest,retest_reconfirm,true,none,true,required_first_signal_only,SHORT,unknown,0.00000000,,0.00000000,,false,,-1,false,NONE,0.00000000,,0.00000000,0.0000,0.0000,none,-1,false,false,false,insufficient_confirmed_m5_pivots,USDJPY|SHORT|1760089500|152.677,,,false,false,false,-1,-1,-1,-1,-1,false,false,false,0.0000,rising_n,false,153.04100000,152.62700000,2.9243,true,1.2220,0.3080,0,normal,true,0.5599,preferred_382_618,0.200,diagnostic_only,diagnostic_only,diagnostic_only,shallow_pullback,24,0.400,true,none,0.550,high_quality,false,false,diagnostic_only,both,true,none,true,diagnostic_adjacent_detected,required_light,false,false,LONG,2,false,false,0,,,-1,0.0000,0.00000000,0.00000000,0.00000000,false,false,none,0.00000000,false,0.0000,0.0000,false,1,0.0000,false,-1,0.00000000,0.0000,off,false,not_evaluated,none,0.0000,0.0000,none,false,false,false,0.0000,none,false,none,0.0000,false,none,0.0000,0.0000,0.0000,0.0000,false,none,0.0000,none,none,false,false,none,0.0000,0.0000,0.0000,0.0000,none,false,false,0.0000,0.0000,false,false,-1,none,none,false,0.000,0.000,152.75900000,152.65575000,152.65575000,recent_equal_highs,0.09125000,0.4854,neckline_level,152.80100000,0.3996,false,true,true,false,not_blocked,4,1,3,m5_failure_exit,off,none,0.00000000,0.0000,1.30,152.50200000,4.500,-0.300,0.200,PERIOD_M15,153.04100000,152.62700000,0.2899,outside,0.000,true,152.74700000,152.93500000,0.18800000,152.50200000,1.303,0.13514286,15.00,0-30,true,false,none,not_consumed,4.600,4.600,none,0.0000,false,opposite_break_first,true,opposite_break_first,session_invalidated
2025.10.10 10:20:00,blocked,session_reversal_pullback_one_symbol_first120,USDJPY,SHORT,2025.10.10 10:15:00,10,7,16,london,2025.10.10 07:00,15,first_120min,true,true,3,USDJPY,highest_score_in_session_bar,london=USDJPY|EURJPY|GBPJPY|AUDJPY|EURUSD|GBPUSD,existing_first120_gate,london,true,false,true,passed_first_window,head_and_shoulders,neckline_break_retest,152.80100000,PERIOD_M5,PERIOD_H1,PERIOD_M15,PERIOD_M5,PERIOD_M5,false,htf_soft_alignment,current_post_filter,transcript_post_filter,dow_trend_up_hh_hl,structure_trend_bias_dow_trend_down_ll_lh,dow_trend_up_hh_hl,structure_trend_bias_dow_trend_down_ll_lh,false,true,true,SHORT,PERIOD_M5,head_and_shoulders,head_and_shoulders,4.500,none,0.000,head_and_shoulders,4.500,none,0.000,SHORT,false,PERIOD_H1_LONG_dow_trend_up_hh_hl|PERIOD_M15_SHORT_structure_trend_bias_dow_trend_down_ll_lh,true,h1_counter_m15_reversal,true,top_LONG_dow_trend_up_hh_hl|structure_SHORT_structure_trend_bias_dow_trend_down_ll_lh|structure_break_recent_confirmed_swing_break_failed|primary_break_recent_confirmed_swing_break_failed,none,above_75sma_rising,below_75sma_falling,below_75sma_falling,-1,0.00000000,-1,0.00000000,false,off,NONE,NONE,0.00000000,0.00000000,0.0000,none,0.000,true,SHORT,return_low_break_or_bos_down,152.62700000,1,153.04100000,152.37300000,false,off,independent,false,,,false,0.0000,none,0.0000,0.0000,none,0.0000,0.0000,0.0000,none,0.0000,0,0,0.0000,none,none,none,none,0.0000,0,0.0000,none,false,true,not_evaluated,true,required_light_or_anchor_flip,bias_flip_down,152.67700000,2025.10.10 08:00:00,153.04100000,2025.10.10 04:45:00,2025.10.10 09:15:00,true,SHORT,152.67700000,152.52700000,1.0595,1,true,2025.10.10 09:45:00,1,SHORT,152.67700000,152.52700000,1.0595,1.2220,normal,2025.10.10 09:45:00,first_after_anchor,true,SHORT,1,1,1,true,false,fresh_0_4,true,false,false,true,none,true,required,true,PERIOD_M5,2025.10.10 09:50:00,2025.10.10 09:50:00,6,0.2294,true,152.67700000,0.2294,false,0.0000,true,m5_bearish_close_after_anchor_retest,retest_reconfirm,true,none,true,required_first_signal_only,SHORT,unknown,0.00000000,,0.00000000,,false,,-1,false,NONE,0.00000000,,0.00000000,0.0000,0.0000,none,-1,false,false,false,insufficient_confirmed_m5_pivots,USDJPY|SHORT|1760089500|152.677,,,false,false,false,-1,-1,-1,-1,-1,false,false,false,0.0000,rising_n,false,153.04100000,152.62700000,2.9243,true,1.2220,0.3080,0,normal,true,0.5599,preferred_382_618,0.200,diagnostic_only,diagnostic_only,diagnostic_only,shallow_pullback,24,0.400,true,none,0.550,high_quality,false,false,diagnostic_only,both,true,none,true,diagnostic_adjacent_detected,required_light,false,false,LONG,2,false,false,0,,,-1,0.0000,0.00000000,0.00000000,0.00000000,false,false,none,0.00000000,false,0.0000,0.0000,false,1,0.0000,false,-1,0.00000000,0.0000,off,false,not_evaluated,none,0.0000,0.0000,none,false,false,false,0.0000,none,false,none,0.0000,false,none,0.0000,0.0000,0.0000,0.0000,false,none,0.0000,none,none,false,false,none,0.0000,0.0000,0.0000,0.0000,none,false,false,0.0000,0.0000,false,false,-1,none,none,false,0.000,0.000,152.75900000,152.65575000,152.65575000,recent_equal_highs,0.09125000,0.4854,neckline_level,152.80100000,0.3996,false,true,true,false,not_blocked,4,1,3,m5_failure_exit,off,none,0.00000000,0.0000,1.30,152.50200000,4.500,-0.300,0.200,PERIOD_M15,153.04100000,152.62700000,0.2899,outside,0.000,true,152.74700000,152.93500000,0.18800000,152.50200000,1.303,0.13514286,15.00,0-30,true,false,none,blocked_session_invalidated,4.600,4.600,none,0.0000,false,opposite_break_first,true,opposite_break_first,session_invalidated
2025.10.13 19:15:00,signal,session_reversal_pullback_one_symbol_first120,GBPUSD,LONG,2025.10.13 19:10:00,19,16,1,new_york,2025.10.13 16:00,10,first_120min,true,true,3,GBPUSD,highest_score_in_session_bar,new_york=USDJPY|EURJPY|GBPJPY|AUDJPY|EURUSD|GBPUSD,existing_first120_gate,new_york,false,false,true,passed_first_window,inverse_head_and_shoulders,neckline_break_retest,1.33322000,PERIOD_M5,PERIOD_H1,PERIOD_M15,PERIOD_M5,PERIOD_M5,false,htf_soft_alignment,current_post_filter,transcript_post_filter,dow_trend_down_ll_lh,structure_trend_bias_dow_trend_down_ll_lh,dow_trend_down_ll_lh,structure_trend_bias_dow_trend_down_ll_lh,false,true,true,LONG,PERIOD_M5,inverse_head_and_shoulders,inverse_head_and_shoulders,4.500,none,0.000,inverse_head_and_shoulders,4.500,none,0.000,LONG,false,PERIOD_H1_SHORT_dow_trend_down_ll_lh|PERIOD_M15_SHORT_structure_trend_bias_dow_trend_down_ll_lh,true,h1_counter_m15_reversal,true,top_SHORT_dow_trend_down_ll_lh|structure_SHORT_structure_trend_bias_dow_trend_down_ll_lh|structure_break_recent_confirmed_swing_break_failed|primary_break_recent_confirmed_swing_break_retest,none,below_75sma_falling,below_75sma_falling,above_75sma_flat_or_falling,-1,0.00000000,1,1.33344000,false,off,NONE,NONE,0.00000000,0.00000000,0.0000,none,0.000,true,LONG,return_high_break_or_bos_up,1.33424000,20,1.33377000,1.33182000,false,off,independent,false,,,false,0.0000,none,0.0000,0.0000,none,0.0000,0.0000,0.0000,none,0.0000,0,0,0.0000,none,none,none,none,0.0000,0,0.0000,none,false,true,not_evaluated,true,required_light_or_anchor_flip,short_bias,1.33275000,2025.10.13 13:15:00,1.33377000,2025.10.13 16:15:00,2025.10.13 17:45:00,false,NONE,0.00000000,0.00000000,0.0000,-1,false,,-1,NONE,0.00000000,0.00000000,0.0000,0.0000,none,,none,false,NONE,-1,-1,-1,false,false,none,false,true,false,true,none,true,required,false,PERIOD_M5,,,-1,0.0000,false,0.00000000,0.0000,false,0.0000,false,none,none,false,no_anchor_flip_in_entry_direction,true,required_first_signal_only,LONG,unknown,0.00000000,,0.00000000,,false,,-1,false,NONE,0.00000000,,0.00000000,0.0000,0.0000,none,-1,false,false,false,no_anchor_flip_in_entry_direction,,,,false,false,false,-1,-1,-1,-1,-1,false,false,false,0.0000,falling_n,false,1.33518000,1.33182000,4.2000,false,0.0000,0.0000,0,none,true,0.4851,preferred_382_618,0.200,diagnostic_only,diagnostic_only,diagnostic_only,shallow_pullback,5,0.440,true,none,0.590,high_quality,false,false,diagnostic_only,both,true,none,true,diagnostic_adjacent_detected,required_light,false,false,SHORT,5,false,false,2,2025.10.13 16:40:00,2025.10.13 18:35:00,7,3.9930,1.33344000,0.00000000,1.33344000,true,true,m5_lh_close_break_up,1.33344000,true,0.1972,0.6901,true,1,0.2218,false,1,1.33344000,0.2465,off,false,not_evaluated,none,0.2900,0.0400,normal,false,true,true,0.2218,failed_1bar,true,back_inside,0.0100,false,weak_retest,3.9930,2.3908,1.6701,1.5282,false,no_shrink,0.0000,none,none,false,false,none,0.0000,0.0000,0.0000,0.0000,none,false,false,0.0000,0.0000,false,false,-1,none,none,false,0.000,0.000,1.33356000,1.33344000,1.33356000,consolidation_zone,0.00001000,0.0087,session_high|opening_range_high|neckline_level,1.33361000,0.1479,false,true,true,false,not_blocked,3,1,2,m5_failure_exit,off,none,0.00000000,0.0000,1.30,1.33505000,4.500,-0.300,0.200,PERIOD_M15,1.33377000,1.33182000,0.1128,outside,0.000,true,1.33355000,1.33240000,0.00115000,1.33505000,1.304,0.00040571,20.00,0-30,true,false,none,not_consumed,4.800,4.800,none,0.0000,false,neckline_retest_failed,false,not_invalidated,spread_too_high
2025.10.13 19:15:00,blocked,session_reversal_pullback_one_symbol_first120,GBPUSD,LONG,2025.10.13 19:10:00,19,16,1,new_york,2025.10.13 16:00,10,first_120min,true,true,3,GBPUSD,highest_score_in_session_bar,new_york=USDJPY|EURJPY|GBPJPY|AUDJPY|EURUSD|GBPUSD,existing_first120_gate,new_york,false,false,true,passed_first_window,inverse_head_and_shoulders,neckline_break_retest,1.33322000,PERIOD_M5,PERIOD_H1,PERIOD_M15,PERIOD_M5,PERIOD_M5,false,htf_soft_alignment,current_post_filter,transcript_post_filter,dow_trend_down_ll_lh,structure_trend_bias_dow_trend_down_ll_lh,dow_trend_down_ll_lh,structure_trend_bias_dow_trend_down_ll_lh,false,true,true,LONG,PERIOD_M5,inverse_head_and_shoulders,inverse_head_and_shoulders,4.500,none,0.000,inverse_head_and_shoulders,4.500,none,0.000,LONG,false,PERIOD_H1_SHORT_dow_trend_down_ll_lh|PERIOD_M15_SHORT_structure_trend_bias_dow_trend_down_ll_lh,true,h1_counter_m15_reversal,true,top_SHORT_dow_trend_down_ll_lh|structure_SHORT_structure_trend_bias_dow_trend_down_ll_lh|structure_break_recent_confirmed_swing_break_failed|primary_break_recent_confirmed_swing_break_retest,none,below_75sma_falling,below_75sma_falling,above_75sma_flat_or_falling,-1,0.00000000,1,1.33344000,false,off,NONE,NONE,0.00000000,0.00000000,0.0000,none,0.000,true,LONG,return_high_break_or_bos_up,1.33424000,20,1.33377000,1.33182000,false,off,independent,false,,,false,0.0000,none,0.0000,0.0000,none,0.0000,0.0000,0.0000,none,0.0000,0,0,0.0000,none,none,none,none,0.0000,0,0.0000,none,false,true,not_evaluated,true,required_light_or_anchor_flip,short_bias,1.33275000,2025.10.13 13:15:00,1.33377000,2025.10.13 16:15:00,2025.10.13 17:45:00,false,NONE,0.00000000,0.00000000,0.0000,-1,false,,-1,NONE,0.00000000,0.00000000,0.0000,0.0000,none,,none,false,NONE,-1,-1,-1,false,false,none,false,true,false,true,none,true,required,false,PERIOD_M5,,,-1,0.0000,false,0.00000000,0.0000,false,0.0000,false,none,none,false,no_anchor_flip_in_entry_direction,true,required_first_signal_only,LONG,unknown,0.00000000,,0.00000000,,false,,-1,false,NONE,0.00000000,,0.00000000,0.0000,0.0000,none,-1,false,false,false,no_anchor_flip_in_entry_direction,,,,false,false,false,-1,-1,-1,-1,-1,false,false,false,0.0000,falling_n,false,1.33518000,1.33182000,4.2000,false,0.0000,0.0000,0,none,true,0.4851,preferred_382_618,0.200,diagnostic_only,diagnostic_only,diagnostic_only,shallow_pullback,5,0.440,true,none,0.590,high_quality,false,false,diagnostic_only,both,true,none,true,diagnostic_adjacent_detected,required_light,false,false,SHORT,5,false,false,2,2025.10.13 16:40:00,2025.10.13 18:35:00,7,3.9930,1.33344000,0.00000000,1.33344000,true,true,m5_lh_close_break_up,1.33344000,true,0.1972,0.6901,true,1,0.2218,false,1,1.33344000,0.2465,off,false,not_evaluated,none,0.2900,0.0400,normal,false,true,true,0.2218,failed_1bar,true,back_inside,0.0100,false,weak_retest,3.9930,2.3908,1.6701,1.5282,false,no_shrink,0.0000,none,none,false,false,none,0.0000,0.0000,0.0000,0.0000,none,false,false,0.0000,0.0000,false,false,-1,none,none,false,0.000,0.000,1.33356000,1.33344000,1.33356000,consolidation_zone,0.00001000,0.0087,session_high|opening_range_high|neckline_level,1.33361000,0.1479,false,true,true,false,not_blocked,3,1,2,m5_failure_exit,off,none,0.00000000,0.0000,1.30,1.33505000,4.500,-0.300,0.200,PERIOD_M15,1.33377000,1.33182000,0.1128,outside,0.000,true,1.33355000,1.33240000,0.00115000,1.33505000,1.304,0.00040571,20.00,0-30,true,false,none,blocked_spread_too_high,4.800,4.800,none,0.0000,false,neckline_retest_failed,false,not_invalidated,spread_too_high
2025.10.14 04:10:00,signal,session_reversal_pullback_one_symbol_first120,AUDJPY,SHORT,2025.10.14 04:05:00,4,1,10,tokyo,2025.10.14 00:00,65,first_120min,false,true,3,AUDJPY,highest_score_in_session_bar,tokyo=USDJPY|EURJPY|GBPJPY|AUDJPY,existing_first120_gate,tokyo,false,false,true,passed_first_window,double_top,neckline_break_retest,99.28500000,PERIOD_M5,PERIOD_H1,PERIOD_M15,PERIOD_M5,PERIOD_M5,false,htf_soft_alignment,current_post_filter,transcript_post_filter,dow_range_or_transition,ordered_dow_wave3_break_above_swing_high,dow_range_or_transition,ordered_dow_wave3_break_above_swing_high,false,false,true,SHORT,PERIOD_M5,double_top,double_top,4.200,none,0.000,double_top,4.200,none,0.000,SHORT,false,PERIOD_H1_NONE_dow_range_or_transition|PERIOD_M15_LONG_ordered_dow_wave3_break_above_swing_high,true,h1_counter_m15_reversal,true,top_NONE_dow_range_or_transition|structure_LONG_ordered_dow_wave3_break_above_swing_high|structure_break_recent_confirmed_swing_break_failed|primary_break_recent_confirmed_swing_break_retest,none,below_75sma_falling,above_75sma_rising,below_75sma_flat_or_rising,-1,0.00000000,0,99.24800000,false,off,NONE,NONE,0.00000000,0.00000000,0.0000,none,0.000,true,SHORT,return_low_break_or_bos_down,99.20300000,11,99.47400000,99.04800000,false,off,independent,false,,,false,0.0000,none,0.0000,0.0000,none,0.0000,0.0000,0.0000,none,0.0000,0,0,0.0000,none,none,none,none,0.0000,0,0.0000,none,false,true,not_evaluated,true,required_light_or_anchor_flip,long_bias,99.04800000,2025.10.14 00:45:00,99.26400000,2025.10.13 22:45:00,2025.10.14 02:00:00,false,NONE,0.00000000,0.00000000,0.0000,-1,false,,-1,NONE,0.00000000,0.00000000,0.0000,0.0000,none,,none,false,NONE,-1,-1,-1,false,false,none,false,true,false,true,none,true,required,false,PERIOD_M5,,,-1,0.0000,false,0.00000000,0.0000,false,0.0000,false,none,none,false,no_anchor_flip_in_entry_direction,true,required_first_signal_only,SHORT,unknown,0.00000000,,0.00000000,,false,,-1,false,NONE,0.00000000,,0.00000000,0.0000,0.0000,none,-1,false,false,false,no_anchor_flip_in_entry_direction,,,,false,false,false,-1,-1,-1,-1,-1,false,false,false,0.0000,rising_n,false,99.31500000,99.04800000,3.5805,false,0.0000,0.0000,0,none,true,0.4366,preferred_382_618,0.200,diagnostic_only,diagnostic_only,diagnostic_only,shallow_pullback,24,0.400,true,none,0.550,high_quality,false,false,diagnostic_only,both,true,none,true,diagnostic_adjacent_detected,required_light,false,false,LONG,6,false,false,1,2025.10.14 02:10:00,2025.10.14 03:30:00,7,4.2918,0.00000000,99.18400000,99.18400000,false,false,none,0.00000000,false,0.0000,0.0000,false,1,0.0000,false,-1,0.00000000,0.0000,off,false,not_evaluated,none,0.0000,0.0000,none,false,false,false,0.0000,none,false,none,0.0000,false,none,4.2918,0.7104,6.0417,2.9154,false,no_shrink,0.0000,none,none,false,false,none,0.0000,0.0000,0.0000,0.0000,none,false,false,0.0000,0.0000,false,false,-1,none,none,false,0.000,0.000,99.26500000,99.22600000,99.18400000,structure_confirmed_swing_low,0.05000000,0.3165,session_low|opening_range_low|neckline_level,99.22600000,0.1184,false,true,true,false,not_blocked,3,2,1,m5_failure_exit,off,none,0.00000000,0.0000,1.30,99.02800000,4.200,-0.300,0.200,PERIOD_M15,99.29000000,99.18400000,0.4717,preferred_382_618,0.000,true,99.23400000,99.39200000,0.15800000,99.02800000,1.304,0.06757143,28.00,60-90,true,false,none,not_consumed,4.500,4.500,none,0.0000,false,opposite_break_first,true,opposite_break_first,spread_too_high
2025.10.14 04:10:00,blocked,session_reversal_pullback_one_symbol_first120,AUDJPY,SHORT,2025.10.14 04:05:00,4,1,10,tokyo,2025.10.14 00:00,65,first_120min,false,true,3,AUDJPY,highest_score_in_session_bar,tokyo=USDJPY|EURJPY|GBPJPY|AUDJPY,existing_first120_gate,tokyo,false,false,true,passed_first_window,double_top,neckline_break_retest,99.28500000,PERIOD_M5,PERIOD_H1,PERIOD_M15,PERIOD_M5,PERIOD_M5,false,htf_soft_alignment,current_post_filter,transcript_post_filter,dow_range_or_transition,ordered_dow_wave3_break_above_swing_high,dow_range_or_transition,ordered_dow_wave3_break_above_swing_high,false,false,true,SHORT,PERIOD_M5,double_top,double_top,4.200,none,0.000,double_top,4.200,none,0.000,SHORT,false,PERIOD_H1_NONE_dow_range_or_transition|PERIOD_M15_LONG_ordered_dow_wave3_break_above_swing_high,true,h1_counter_m15_reversal,true,top_NONE_dow_range_or_transition|structure_LONG_ordered_dow_wave3_break_above_swing_high|structure_break_recent_confirmed_swing_break_failed|primary_break_recent_confirmed_swing_break_retest,none,below_75sma_falling,above_75sma_rising,below_75sma_flat_or_rising,-1,0.00000000,0,99.24800000,false,off,NONE,NONE,0.00000000,0.00000000,0.0000,none,0.000,true,SHORT,return_low_break_or_bos_down,99.20300000,11,99.47400000,99.04800000,false,off,independent,false,,,false,0.0000,none,0.0000,0.0000,none,0.0000,0.0000,0.0000,none,0.0000,0,0,0.0000,none,none,none,none,0.0000,0,0.0000,none,false,true,not_evaluated,true,required_light_or_anchor_flip,long_bias,99.04800000,2025.10.14 00:45:00,99.26400000,2025.10.13 22:45:00,2025.10.14 02:00:00,false,NONE,0.00000000,0.00000000,0.0000,-1,false,,-1,NONE,0.00000000,0.00000000,0.0000,0.0000,none,,none,false,NONE,-1,-1,-1,false,false,none,false,true,false,true,none,true,required,false,PERIOD_M5,,,-1,0.0000,false,0.00000000,0.0000,false,0.0000,false,none,none,false,no_anchor_flip_in_entry_direction,true,required_first_signal_only,SHORT,unknown,0.00000000,,0.00000000,,false,,-1,false,NONE,0.00000000,,0.00000000,0.0000,0.0000,none,-1,false,false,false,no_anchor_flip_in_entry_direction,,,,false,false,false,-1,-1,-1,-1,-1,false,false,false,0.0000,rising_n,false,99.31500000,99.04800000,3.5805,false,0.0000,0.0000,0,none,true,0.4366,preferred_382_618,0.200,diagnostic_only,diagnostic_only,diagnostic_only,shallow_pullback,24,0.400,true,none,0.550,high_quality,false,false,diagnostic_only,both,true,none,true,diagnostic_adjacent_detected,required_light,false,false,LONG,6,false,false,1,2025.10.14 02:10:00,2025.10.14 03:30:00,7,4.2918,0.00000000,99.18400000,99.18400000,false,false,none,0.00000000,false,0.0000,0.0000,false,1,0.0000,false,-1,0.00000000,0.0000,off,false,not_evaluated,none,0.0000,0.0000,none,false,false,false,0.0000,none,false,none,0.0000,false,none,4.2918,0.7104,6.0417,2.9154,false,no_shrink,0.0000,none,none,false,false,none,0.0000,0.0000,0.0000,0.0000,none,false,false,0.0000,0.0000,false,false,-1,none,none,false,0.000,0.000,99.26500000,99.22600000,99.18400000,structure_confirmed_swing_low,0.05000000,0.3165,session_low|opening_range_low|neckline_level,99.22600000,0.1184,false,true,true,false,not_blocked,3,2,1,m5_failure_exit,off,none,0.00000000,0.0000,1.30,99.02800000,4.200,-0.300,0.200,PERIOD_M15,99.29000000,99.18400000,0.4717,preferred_382_618,0.000,true,99.23400000,99.39200000,0.15800000,99.02800000,1.304,0.06757143,28.00,60-90,true,false,none,blocked_spread_too_high,4.500,4.500,none,0.0000,false,opposite_break_first,true,opposite_break_first,spread_too_high
2025.10.14 11:50:00,signal,session_reversal_pullback_one_symbol_first120,USDJPY,SHORT,2025.10.14 11:45:00,11,8,17,london,2025.10.14 07:00,105,first_120min,false,true,3,USDJPY,highest_score_in_session_bar,london=USDJPY|EURJPY|GBPJPY|AUDJPY|EURUSD|GBPUSD,existing_first120_gate,london,true,false,true,passed_first_window,head_and_shoulders,neckline_break_retest,152.01600000,PERIOD_M5,PERIOD_H1,PERIOD_M15,PERIOD_M5,PERIOD_M5,false,htf_soft_alignment,current_post_filter,transcript_post_filter,dow_trend_up_hh_hl,structure_trend_bias_dow_trend_down_ll_lh,dow_trend_up_hh_hl,structure_trend_bias_dow_trend_down_ll_lh,false,true,true,SHORT,PERIOD_M5,head_and_shoulders,head_and_shoulders,4.500,none,0.000,head_and_shoulders,4.500,none,0.000,SHORT,false,PERIOD_H1_LONG_dow_trend_up_hh_hl|PERIOD_M15_SHORT_structure_trend_bias_dow_trend_down_ll_lh,true,h1_counter_m15_reversal,true,top_LONG_dow_trend_up_hh_hl|structure_SHORT_structure_trend_bias_dow_trend_down_ll_lh|structure_break_recent_confirmed_swing_break_failed|primary_break_recent_confirmed_swing_break_continuation,none,below_75sma_falling,below_75sma_falling,below_75sma_falling,-1,0.00000000,0,152.37300000,false,off,NONE,NONE,0.00000000,0.00000000,0.0000,none,0.000,true,SHORT,return_low_break_or_bos_down,151.77400000,9,152.47700000,151.61200000,false,off,independent,false,,,false,0.0000,none,0.0000,0.0000,none,0.0000,0.0000,0.0000,none,0.0000,0,0,0.0000,none,none,none,none,0.0000,0,0.0000,none,false,true,not_evaluated,true,required_light_or_anchor_flip,long_bias,151.61200000,2025.10.14 09:00:00,151.93700000,2025.10.14 08:15:00,2025.10.14 09:45:00,false,NONE,0.00000000,0.00000000,0.0000,-1,false,,-1,NONE,0.00000000,0.00000000,0.0000,0.0000,none,,none,false,NONE,-1,-1,-1,false,false,none,false,true,false,true,none,true,required,false,PERIOD_M5,,,-1,0.0000,false,0.00000000,0.0000,false,0.0000,false,none,none,false,no_anchor_flip_in_entry_direction,true,required_first_signal_only,SHORT,unknown,0.00000000,,0.00000000,,false,,-1,false,NONE,0.00000000,,0.00000000,0.0000,0.0000,none,-1,false,false,false,no_anchor_flip_in_entry_direction,,,,false,false,false,-1,-1,-1,-1,-1,false,false,false,0.0000,rising_n,false,152.47700000,151.61200000,5.5729,false,0.0000,0.0000,0,none,true,0.3861,preferred_382_618,0.200,diagnostic_only,diagnostic_only,diagnostic_only,shallow_pullback,24,0.400,true,none,0.550,high_quality,false,false,diagnostic_only,both,true,none,true,diagnostic_adjacent_detected,required_light,false,false,LONG,6,false,false,2,2025.10.14 10:05:00,2025.10.14 11:10:00,7,6.2283,0.00000000,151.83200000,151.83200000,false,false,none,0.00000000,false,0.0000,0.0000,false,1,0.0000,false,-1,0.00000000,0.0000,off,false,not_evaluated,none,0.0000,0.0000,none,false,false,false,0.0000,none,false,none,0.0000,false,none,3.9746,5.4361,0.7312,0.7922,false,mild_exhaustion,0.0000,none,none,false,false,none,0.0000,0.0000,0.0000,0.0000,none,false,false,0.0000,0.0000,false,false,-1,none,none,false,0.000,0.000,151.95700000,151.93700000,151.93700000,structure_confirmed_swing_high,0.00900000,0.0581,neckline_level,152.01600000,0.9561,false,true,false,false,not_blocked,1,1,0,m5_failure_exit,off,none,0.00000000,0.0000,1.30,151.74400000,4.500,-0.300,0.200,PERIOD_M15,151.93700000,151.66700000,1.0333,outside,0.000,true,151.94600000,152.10100000,0.15500000,151.74400000,1.303,0.07321429,15.00,90-120,true,false,none,not_consumed,4.800,4.800,none,0.0000,false,opposite_break_first,true,opposite_break_first,spread_too_high
2025.10.14 11:50:00,blocked,session_reversal_pullback_one_symbol_first120,USDJPY,SHORT,2025.10.14 11:45:00,11,8,17,london,2025.10.14 07:00,105,first_120min,false,true,3,USDJPY,highest_score_in_session_bar,london=USDJPY|EURJPY|GBPJPY|AUDJPY|EURUSD|GBPUSD,existing_first120_gate,london,true,false,true,passed_first_window,head_and_shoulders,neckline_break_retest,152.01600000,PERIOD_M5,PERIOD_H1,PERIOD_M15,PERIOD_M5,PERIOD_M5,false,htf_soft_alignment,current_post_filter,transcript_post_filter,dow_trend_up_hh_hl,structure_trend_bias_dow_trend_down_ll_lh,dow_trend_up_hh_hl,structure_trend_bias_dow_trend_down_ll_lh,false,true,true,SHORT,PERIOD_M5,head_and_shoulders,head_and_shoulders,4.500,none,0.000,head_and_shoulders,4.500,none,0.000,SHORT,false,PERIOD_H1_LONG_dow_trend_up_hh_hl|PERIOD_M15_SHORT_structure_trend_bias_dow_trend_down_ll_lh,true,h1_counter_m15_reversal,true,top_LONG_dow_trend_up_hh_hl|structure_SHORT_structure_trend_bias_dow_trend_down_ll_lh|structure_break_recent_confirmed_swing_break_failed|primary_break_recent_confirmed_swing_break_continuation,none,below_75sma_falling,below_75sma_falling,below_75sma_falling,-1,0.00000000,0,152.37300000,false,off,NONE,NONE,0.00000000,0.00000000,0.0000,none,0.000,true,SHORT,return_low_break_or_bos_down,151.77400000,9,152.47700000,151.61200000,false,off,independent,false,,,false,0.0000,none,0.0000,0.0000,none,0.0000,0.0000,0.0000,none,0.0000,0,0,0.0000,none,none,none,none,0.0000,0,0.0000,none,false,true,not_evaluated,true,required_light_or_anchor_flip,long_bias,151.61200000,2025.10.14 09:00:00,151.93700000,2025.10.14 08:15:00,2025.10.14 09:45:00,false,NONE,0.00000000,0.00000000,0.0000,-1,false,,-1,NONE,0.00000000,0.00000000,0.0000,0.0000,none,,none,false,NONE,-1,-1,-1,false,false,none,false,true,false,true,none,true,required,false,PERIOD_M5,,,-1,0.0000,false,0.00000000,0.0000,false,0.0000,false,none,none,false,no_anchor_flip_in_entry_direction,true,required_first_signal_only,SHORT,unknown,0.00000000,,0.00000000,,false,,-1,false,NONE,0.00000000,,0.00000000,0.0000,0.0000,none,-1,false,false,false,no_anchor_flip_in_entry_direction,,,,false,false,false,-1,-1,-1,-1,-1,false,false,false,0.0000,rising_n,false,152.47700000,151.61200000,5.5729,false,0.0000,0.0000,0,none,true,0.3861,preferred_382_618,0.200,diagnostic_only,diagnostic_only,diagnostic_only,shallow_pullback,24,0.400,true,none,0.550,high_quality,false,false,diagnostic_only,both,true,none,true,diagnostic_adjacent_detected,required_light,false,false,LONG,6,false,false,2,2025.10.14 10:05:00,2025.10.14 11:10:00,7,6.2283,0.00000000,151.83200000,151.83200000,false,false,none,0.00000000,false,0.0000,0.0000,false,1,0.0000,false,-1,0.00000000,0.0000,off,false,not_evaluated,none,0.0000,0.0000,none,false,false,false,0.0000,none,false,none,0.0000,false,none,3.9746,5.4361,0.7312,0.7922,false,mild_exhaustion,0.0000,none,none,false,false,none,0.0000,0.0000,0.0000,0.0000,none,false,false,0.0000,0.0000,false,false,-1,none,none,false,0.000,0.000,151.95700000,151.93700000,151.93700000,structure_confirmed_swing_high,0.00900000,0.0581,neckline_level,152.01600000,0.9561,false,true,false,false,not_blocked,1,1,0,m5_failure_exit,off,none,0.00000000,0.0000,1.30,151.74400000,4.500,-0.300,0.200,PERIOD_M15,151.93700000,151.66700000,1.0333,outside,0.000,true,151.94600000,152.10100000,0.15500000,151.74400000,1.303,0.07321429,15.00,90-120,true,false,none,blocked_spread_too_high,4.800,4.800,none,0.0000,false,opposite_break_first,true,opposite_break_first,spread_too_high
2025.10.14 16:45:00,signal,session_reversal_pullback_one_symbol_first120,GBPJPY,LONG,2025.10.14 16:40:00,16,13,22,london_newyork_overlap,2025.10.14 13:00,40,first_120min,true,true,3,GBPJPY,highest_score_in_session_bar,london_newyork_overlap=USDJPY|EURJPY|GBPJPY|AUDJPY|EURUSD|GBPUSD,existing_first120_gate,london_newyork_overlap,true,false,true,passed_first_window,inverse_head_and_shoulders,neckline_break_retest,201.68800000,PERIOD_M5,PERIOD_H1,PERIOD_M15,PERIOD_M5,PERIOD_M5,false,htf_soft_alignment,current_post_filter,transcript_post_filter,dow_range_or_transition,structure_trend_bias_dow_trend_down_ll_lh,dow_range_or_transition,structure_trend_bias_dow_trend_down_ll_lh,false,true,false,LONG,PERIOD_M5,inverse_head_and_shoulders,inverse_head_and_shoulders,4.500,none,0.000,inverse_head_and_shoulders,4.500,none,0.000,LONG,false,PERIOD_H1_NONE_dow_range_or_transition|PERIOD_M15_SHORT_structure_trend_bias_dow_trend_down_ll_lh,true,h1_counter_m15_reversal,true,top_NONE_dow_range_or_transition|structure_SHORT_structure_trend_bias_dow_trend_down_ll_lh|structure_break_recent_confirmed_swing_break_failed|primary_break_recent_confirmed_swing_break_failed,none,below_75sma_falling,below_75sma_falling,above_75sma_rising,-1,0.00000000,-1,0.00000000,false,off,NONE,NONE,0.00000000,0.00000000,0.0000,none,0.000,true,LONG,return_high_break_or_bos_up,201.87000000,1,201.87000000,201.32100000,false,off,independent,false,,,false,0.0000,none,0.0000,0.0000,none,0.0000,0.0000,0.0000,none,0.0000,0,0,0.0000,none,none,none,none,0.0000,0,0.0000,none,false,true,not_evaluated,true,required_light_or_anchor_flip,bias_flip_up,203.21900000,2025.10.14 04:00:00,201.87000000,2025.10.14 14:15:00,2025.10.14 15:30:00,true,LONG,201.87000000,201.93000000,0.2904,1,true,2025.10.14 16:15:00,1,LONG,201.87000000,201.93000000,0.2904,0.2855,normal,2025.10.14 16:15:00,first_after_anchor,true,LONG,1,1,1,true,false,fresh_0_4,true,false,false,true,none,true,required,true,PERIOD_M5,2025.10.14 16:20:00,2025.10.14 16:20:00,5,0.5630,true,201.87000000,0.5630,false,0.0000,true,m5_bos_up_after_anchor_retest,retest_reconfirm,true,none,true,required_first_signal_only,LONG,unknown,0.00000000,,0.00000000,,false,,-1,false,NONE,0.00000000,,0.00000000,0.0000,0.0000,none,-1,false,false,false,insufficient_confirmed_m5_pivots,GBPJPY|LONG|1760458500|201.870,,,false,false,false,-1,-1,-1,-1,-1,false,false,false,0.0000,falling_n,false,202.76900000,201.31700000,7.0266,true,0.2855,0.6289,0,normal,true,0.3493,shallow_236_382,0.080,diagnostic_only,diagnostic_only,diagnostic_only,shallow_pullback,4,0.320,true,none,0.470,high_quality,false,false,diagnostic_only,both,true,none,true,diagnostic_adjacent_detected,required_light,false,false,SHORT,3,false,false,0,,,-1,0.0000,0.00000000,0.00000000,0.00000000,false,false,none,0.00000000,false,0.0000,0.0000,false,1,0.0000,false,-1,0.00000000,0.0000,off,false,not_evaluated,none,0.0000,0.0000,none,false,false,false,0.0000,none,false,none,0.0000,false,none,0.0000,0.0000,0.0000,0.0000,false,none,0.0000,none,none,false,false,none,0.0000,0.0000,0.0000,0.0000,none,false,false,0.0000,0.0000,false,false,-1,none,none,false,0.000,0.000,201.81400000,201.68800000,201.81400000,wick_cluster_zone,0.04800000,0.1326,neckline_level,201.68800000,0.6458,false,true,true,false,not_blocked,10,5,5,m5_failure_exit,off,none,0.00000000,0.0000,1.30,202.23700000,4.500,-0.300,0.200,PERIOD_M15,201.87000000,201.32100000,0.1894,outside,0.000,true,201.76600000,201.40400000,0.36200000,202.23700000,1.301,0.12078571,38.00,30-60,true,false,none,not_consumed,4.600,4.600,none,0.0000,false,neckline_retest_failed,false,not_invalidated,spread_too_high
2025.10.14 16:45:00,blocked,session_reversal_pullback_one_symbol_first120,GBPJPY,LONG,2025.10.14 16:40:00,16,13,22,london_newyork_overlap,2025.10.14 13:00,40,first_120min,true,true,3,GBPJPY,highest_score_in_session_bar,london_newyork_overlap=USDJPY|EURJPY|GBPJPY|AUDJPY|EURUSD|GBPUSD,existing_first120_gate,london_newyork_overlap,true,false,true,passed_first_window,inverse_head_and_shoulders,neckline_break_retest,201.68800000,PERIOD_M5,PERIOD_H1,PERIOD_M15,PERIOD_M5,PERIOD_M5,false,htf_soft_alignment,current_post_filter,transcript_post_filter,dow_range_or_transition,structure_trend_bias_dow_trend_down_ll_lh,dow_range_or_transition,structure_trend_bias_dow_trend_down_ll_lh,false,true,false,LONG,PERIOD_M5,inverse_head_and_shoulders,inverse_head_and_shoulders,4.500,none,0.000,inverse_head_and_shoulders,4.500,none,0.000,LONG,false,PERIOD_H1_NONE_dow_range_or_transition|PERIOD_M15_SHORT_structure_trend_bias_dow_trend_down_ll_lh,true,h1_counter_m15_reversal,true,top_NONE_dow_range_or_transition|structure_SHORT_structure_trend_bias_dow_trend_down_ll_lh|structure_break_recent_confirmed_swing_break_failed|primary_break_recent_confirmed_swing_break_failed,none,below_75sma_falling,below_75sma_falling,above_75sma_rising,-1,0.00000000,-1,0.00000000,false,off,NONE,NONE,0.00000000,0.00000000,0.0000,none,0.000,true,LONG,return_high_break_or_bos_up,201.87000000,1,201.87000000,201.32100000,false,off,independent,false,,,false,0.0000,none,0.0000,0.0000,none,0.0000,0.0000,0.0000,none,0.0000,0,0,0.0000,none,none,none,none,0.0000,0,0.0000,none,false,true,not_evaluated,true,required_light_or_anchor_flip,bias_flip_up,203.21900000,2025.10.14 04:00:00,201.87000000,2025.10.14 14:15:00,2025.10.14 15:30:00,true,LONG,201.87000000,201.93000000,0.2904,1,true,2025.10.14 16:15:00,1,LONG,201.87000000,201.93000000,0.2904,0.2855,normal,2025.10.14 16:15:00,first_after_anchor,true,LONG,1,1,1,true,false,fresh_0_4,true,false,false,true,none,true,required,true,PERIOD_M5,2025.10.14 16:20:00,2025.10.14 16:20:00,5,0.5630,true,201.87000000,0.5630,false,0.0000,true,m5_bos_up_after_anchor_retest,retest_reconfirm,true,none,true,required_first_signal_only,LONG,unknown,0.00000000,,0.00000000,,false,,-1,false,NONE,0.00000000,,0.00000000,0.0000,0.0000,none,-1,false,false,false,insufficient_confirmed_m5_pivots,GBPJPY|LONG|1760458500|201.870,,,false,false,false,-1,-1,-1,-1,-1,false,false,false,0.0000,falling_n,false,202.76900000,201.31700000,7.0266,true,0.2855,0.6289,0,normal,true,0.3493,shallow_236_382,0.080,diagnostic_only,diagnostic_only,diagnostic_only,shallow_pullback,4,0.320,true,none,0.470,high_quality,false,false,diagnostic_only,both,true,none,true,diagnostic_adjacent_detected,required_light,false,false,SHORT,3,false,false,0,,,-1,0.0000,0.00000000,0.00000000,0.00000000,false,false,none,0.00000000,false,0.0000,0.0000,false,1,0.0000,false,-1,0.00000000,0.0000,off,false,not_evaluated,none,0.0000,0.0000,none,false,false,false,0.0000,none,false,none,0.0000,false,none,0.0000,0.0000,0.0000,0.0000,false,none,0.0000,none,none,false,false,none,0.0000,0.0000,0.0000,0.0000,none,false,false,0.0000,0.0000,false,false,-1,none,none,false,0.000,0.000,201.81400000,201.68800000,201.81400000,wick_cluster_zone,0.04800000,0.1326,neckline_level,201.68800000,0.6458,false,true,true,false,not_blocked,10,5,5,m5_failure_exit,off,none,0.00000000,0.0000,1.30,202.23700000,4.500,-0.300,0.200,PERIOD_M15,201.87000000,201.32100000,0.1894,outside,0.000,true,201.76600000,201.40400000,0.36200000,202.23700000,1.301,0.12078571,38.00,30-60,true,false,none,blocked_spread_too_high,4.600,4.600,none,0.0000,false,neckline_retest_failed,false,not_invalidated,spread_too_high
2025.10.15 03:05:00,signal,session_reversal_pullback_one_symbol_first120,EURJPY,SHORT,2025.10.15 03:00:00,3,0,9,tokyo,2025.10.15 00:00,0,first_120min,true,true,3,EURJPY,highest_score_in_session_bar,tokyo=USDJPY|EURJPY|GBPJPY|AUDJPY,existing_first120_gate,tokyo,true,false,true,passed_first_window,double_top,neckline_break_retest,176.09100000,PERIOD_M5,PERIOD_H1,PERIOD_M15,PERIOD_M5,PERIOD_M5,false,htf_soft_alignment,current_post_filter,transcript_post_filter,dow_range_or_transition,structure_trend_bias_dow_trend_up_hh_hl,dow_range_or_transition,structure_trend_bias_dow_trend_up_hh_hl,false,true,true,SHORT,PERIOD_M5,double_top,double_top,4.200,none,0.000,double_top,4.200,none,0.000,SHORT,false,PERIOD_H1_NONE_dow_range_or_transition|PERIOD_M15_LONG_structure_trend_bias_dow_trend_up_hh_hl,true,h1_counter_m15_reversal,true,top_NONE_dow_range_or_transition|structure_LONG_structure_trend_bias_dow_trend_up_hh_hl|structure_break_recent_confirmed_swing_break_retest|primary_break_recent_confirmed_swing_break_retest,none,below_75sma_falling,above_75sma_rising,below_75sma_falling,0,176.03300000,1,176.08000000,false,off,NONE,NONE,0.00000000,0.00000000,0.0000,none,0.000,true,SHORT,return_low_break_or_bos_down,176.03300000,0,176.28400000,176.03300000,false,off,independent,false,,,false,0.0000,none,0.0000,0.0000,none,0.0000,0.0000,0.0000,none,0.0000,0,0,0.0000,none,none,none,none,0.0000,0,0.0000,none,false,true,not_evaluated,true,required_light_or_anchor_flip,bias_flip_down,176.03300000,2025.10.15 00:15:00,176.18700000,2025.10.14 21:45:00,2025.10.15 01:00:00,true,SHORT,176.03300000,176.01200000,0.2509,0,true,2025.10.15 02:45:00,0,SHORT,176.03300000,176.01200000,0.2509,0.9556,normal,2025.10.15 02:45:00,first_after_anchor,true,SHORT,0,0,0,true,false,fresh_0_4,true,false,false,true,none,true,required,true,PERIOD_M5,2025.10.15 02:50:00,2025.10.15 02:55:00,3,0.9643,true,176.03300000,0.9643,true,0.8782,false,none,failed_close_back_inside,false,post_anchor_close_back_inside,true,required_first_signal_only,SHORT,no_confirmed_micro_anchor,0.00000000,,0.00000000,,false,,-1,false,NONE,0.00000000,,0.00000000,0.0000,0.0000,none,-1,false,false,false,insufficient_confirmed_m5_pivots,EURJPY|SHORT|1760496300|176.033,,,false,false,false,-1,-1,-1,-1,-1,false,false,false,0.0000,rising_n,false,176.28400000,175.96400000,3.8225,true,0.9556,0.2157,0,normal,true,0.3625,shallow_236_382,0.080,diagnostic_only,diagnostic_only,diagnostic_only,shallow_pullback,7,0.320,true,none,0.470,high_quality,false,false,diagnostic_only,both,true,none,true,diagnostic_adjacent_detected,required_light,false,false,LONG,6,false,false,0,2025.10.15 01:05:00,2025.10.15 02:15:00,9,3.5129,0.00000000,176.08000000,176.08000000,true,true,m5_hl_close_break_down,176.08000000,true,0.5855,0.7921,true,1,0.0689,true,3,176.08000000,0.1550,off,false,not_evaluated,none,0.8000,0.2000,very_strong,false,true,true,0.0689,failed_1bar,true,favorable_side,0.0617,false,clean_retest,1.8081,2.9963,0.6034,0.0000,true,strong_exhaustion,0.0000,none,none,false,false,none,0.0000,0.0000,0.0000,0.0000,none,false,false,0.0000,0.0000,false,false,-1,none,none,false,0.000,0.000,176.09100000,176.06126667,176.06126667,recent_equal_lows,0.01873333,0.3535,neckline_level,176.09100000,0.1894,false,true,true,false,not_blocked,2,1,1,m5_failure_exit,off,none,0.00000000,0.0000,1.30,176.01100000,4.200,-0.300,0.200,PERIOD_M15,176.28400000,176.03300000,0.1873,outside,0.000,true,176.08000000,176.13300000,0.05300000,176.01100000,1.302,0.05807143,30.00,0-30,true,false,none,not_consumed,4.850,4.850,none,0.0000,false,opposite_break_first,true,opposite_break_first,spread_too_high
2025.10.15 03:05:00,blocked,session_reversal_pullback_one_symbol_first120,EURJPY,SHORT,2025.10.15 03:00:00,3,0,9,tokyo,2025.10.15 00:00,0,first_120min,true,true,3,EURJPY,highest_score_in_session_bar,tokyo=USDJPY|EURJPY|GBPJPY|AUDJPY,existing_first120_gate,tokyo,true,false,true,passed_first_window,double_top,neckline_break_retest,176.09100000,PERIOD_M5,PERIOD_H1,PERIOD_M15,PERIOD_M5,PERIOD_M5,false,htf_soft_alignment,current_post_filter,transcript_post_filter,dow_range_or_transition,structure_trend_bias_dow_trend_up_hh_hl,dow_range_or_transition,structure_trend_bias_dow_trend_up_hh_hl,false,true,true,SHORT,PERIOD_M5,double_top,double_top,4.200,none,0.000,double_top,4.200,none,0.000,SHORT,false,PERIOD_H1_NONE_dow_range_or_transition|PERIOD_M15_LONG_structure_trend_bias_dow_trend_up_hh_hl,true,h1_counter_m15_reversal,true,top_NONE_dow_range_or_transition|structure_LONG_structure_trend_bias_dow_trend_up_hh_hl|structure_break_recent_confirmed_swing_break_retest|primary_break_recent_confirmed_swing_break_retest,none,below_75sma_falling,above_75sma_rising,below_75sma_falling,0,176.03300000,1,176.08000000,false,off,NONE,NONE,0.00000000,0.00000000,0.0000,none,0.000,true,SHORT,return_low_break_or_bos_down,176.03300000,0,176.28400000,176.03300000,false,off,independent,false,,,false,0.0000,none,0.0000,0.0000,none,0.0000,0.0000,0.0000,none,0.0000,0,0,0.0000,none,none,none,none,0.0000,0,0.0000,none,false,true,not_evaluated,true,required_light_or_anchor_flip,bias_flip_down,176.03300000,2025.10.15 00:15:00,176.18700000,2025.10.14 21:45:00,2025.10.15 01:00:00,true,SHORT,176.03300000,176.01200000,0.2509,0,true,2025.10.15 02:45:00,0,SHORT,176.03300000,176.01200000,0.2509,0.9556,normal,2025.10.15 02:45:00,first_after_anchor,true,SHORT,0,0,0,true,false,fresh_0_4,true,false,false,true,none,true,required,true,PERIOD_M5,2025.10.15 02:50:00,2025.10.15 02:55:00,3,0.9643,true,176.03300000,0.9643,true,0.8782,false,none,failed_close_back_inside,false,post_anchor_close_back_inside,true,required_first_signal_only,SHORT,no_confirmed_micro_anchor,0.00000000,,0.00000000,,false,,-1,false,NONE,0.00000000,,0.00000000,0.0000,0.0000,none,-1,false,false,false,insufficient_confirmed_m5_pivots,EURJPY|SHORT|1760496300|176.033,,,false,false,false,-1,-1,-1,-1,-1,false,false,false,0.0000,rising_n,false,176.28400000,175.96400000,3.8225,true,0.9556,0.2157,0,normal,true,0.3625,shallow_236_382,0.080,diagnostic_only,diagnostic_only,diagnostic_only,shallow_pullback,7,0.320,true,none,0.470,high_quality,false,false,diagnostic_only,both,true,none,true,diagnostic_adjacent_detected,required_light,false,false,LONG,6,false,false,0,2025.10.15 01:05:00,2025.10.15 02:15:00,9,3.5129,0.00000000,176.08000000,176.08000000,true,true,m5_hl_close_break_down,176.08000000,true,0.5855,0.7921,true,1,0.0689,true,3,176.08000000,0.1550,off,false,not_evaluated,none,0.8000,0.2000,very_strong,false,true,true,0.0689,failed_1bar,true,favorable_side,0.0617,false,clean_retest,1.8081,2.9963,0.6034,0.0000,true,strong_exhaustion,0.0000,none,none,false,false,none,0.0000,0.0000,0.0000,0.0000,none,false,false,0.0000,0.0000,false,false,-1,none,none,false,0.000,0.000,176.09100000,176.06126667,176.06126667,recent_equal_lows,0.01873333,0.3535,neckline_level,176.09100000,0.1894,false,true,true,false,not_blocked,2,1,1,m5_failure_exit,off,none,0.00000000,0.0000,1.30,176.01100000,4.200,-0.300,0.200,PERIOD_M15,176.28400000,176.03300000,0.1873,outside,0.000,true,176.08000000,176.13300000,0.05300000,176.01100000,1.302,0.05807143,30.00,0-30,true,false,none,blocked_spread_too_high,4.850,4.850,none,0.0000,false,opposite_break_first,true,opposite_break_first,spread_too_high
2025.10.15 11:40:00,signal,session_reversal_pullback_one_symbol_first120,USDJPY,LONG,2025.10.15 11:35:00,11,8,17,london,2025.10.15 07:00,95,first_120min,false,true,3,USDJPY,highest_score_in_session_bar,london=USDJPY|EURJPY|GBPJPY|AUDJPY|EURUSD|GBPUSD,existing_first120_gate,london,true,false,true,passed_first_window,double_bottom,neckline_break_retest,151.14500000,PERIOD_M5,PERIOD_H1,PERIOD_M15,PERIOD_M5,PERIOD_M5,false,htf_soft_alignment,current_post_filter,transcript_post_filter,dow_range_or_transition,structure_trend_bias_dow_trend_down_ll_lh,dow_range_or_transition,structure_trend_bias_dow_trend_down_ll_lh,false,true,true,LONG,PERIOD_M5,double_bottom,double_bottom,4.200,none,0.000,double_bottom,4.200,none,0.000,LONG,false,PERIOD_H1_NONE_dow_range_or_transition|PERIOD_M15_SHORT_structure_trend_bias_dow_trend_down_ll_lh,true,h1_counter_m15_reversal,true,top_NONE_dow_range_or_transition|structure_SHORT_structure_trend_bias_dow_trend_down_ll_lh|structure_break_recent_confirmed_swing_break_retest|primary_break_recent_confirmed_swing_break_failed,none,below_75sma_falling,below_75sma_falling,above_75sma_rising,1,151.26800000,-1,0.00000000,false,off,NONE,NONE,0.00000000,0.00000000,0.0000,none,0.000,true,LONG,return_high_break_or_bos_up,151.26800000,1,151.26800000,150.89100000,false,off,independent,false,,,false,0.0000,none,0.0000,0.0000,none,0.0000,0.0000,0.0000,none,0.0000,0,0,0.0000,none,none,none,none,0.0000,0,0.0000,none,false,true,not_evaluated,true,required_light_or_anchor_flip,bias_flip_up,151.65100000,2025.10.15 00:30:00,151.26800000,2025.10.15 08:00:00,2025.10.15 09:15:00,true,LONG,151.26800000,151.29800000,0.2220,1,true,2025.10.15 11:00:00,1,LONG,151.26800000,151.29800000,0.2220,0.4218,normal,2025.10.15 11:00:00,first_after_anchor,true,LONG,1,1,1,true,false,fresh_0_4,true,false,false,true,none,true,required,true,PERIOD_M5,2025.10.15 11:05:00,2025.10.15 11:10:00,7,0.3625,true,151.26800000,0.3625,true,0.3625,true,m5_bos_up_after_anchor_retest,failed_close_back_inside,false,post_anchor_close_back_inside,true,required_first_signal_only,LONG,unknown,0.00000000,,0.00000000,,false,,-1,false,NONE,0.00000000,,0.00000000,0.0000,0.0000,none,-1,false,false,false,insufficient_confirmed_m5_pivots,USDJPY|LONG|1760526000|151.268,,,false,false,false,-1,-1,-1,-1,-1,false,false,false,0.0000,falling_n,false,151.86800000,150.89100000,7.2294,true,0.4218,0.6069,0,normal,true,0.2977,shallow_236_382,0.080,diagnostic_only,diagnostic_only,diagnostic_only,shallow_pullback,8,0.320,true,none,0.470,high_quality,false,false,diagnostic_only,both,true,none,true,diagnostic_adjacent_detected,required_light,false,false,SHORT,6,false,false,0,2025.10.15 09:40:00,2025.10.15 10:45:00,10,3.6812,151.28900000,0.00000000,151.28900000,true,true,m5_lh_close_break_up,151.28900000,true,0.1019,0.6909,true,1,1.2573,false,5,151.28900000,0.1246,off,false,not_evaluated,none,0.7294,0.2706,strong,false,false,true,1.2573,failed_2bars,true,favorable_side,0.2386,false,clean_retest,2.3560,1.5065,1.5639,0.0000,true,strong_exhaustion,0.0000,none,none,false,false,none,0.0000,0.0000,0.0000,0.0000,none,false,false,0.0000,0.0000,false,false,-1,none,none,false,0.000,0.000,151.19800000,151.15400000,151.19800000,pre_session_high,0.00500000,0.0365,neckline_level,151.14500000,0.5437,false,true,true,false,not_blocked,7,4,3,m5_failure_exit,off,none,0.00000000,0.0000,1.30,151.37100000,4.200,-0.300,0.200,PERIOD_M15,151.26800000,150.89100000,0.1989,outside,0.000,true,151.19300000,151.05600000,0.13700000,151.37100000,1.299,0.08828571,15.00,90-120,true,false,none,not_consumed,4.650,4.650,none,0.0000,false,neckline_retest_failed,false,not_invalidated,
2025.10.15 11:40:00,order_sent,session_reversal_pullback_one_symbol_first120,USDJPY,LONG,2025.10.15 11:35:00,11,8,17,london,2025.10.15 07:00,95,first_120min,false,true,3,USDJPY,highest_score_in_session_bar,london=USDJPY|EURJPY|GBPJPY|AUDJPY|EURUSD|GBPUSD,existing_first120_gate,london,true,false,true,passed_first_window,double_bottom,neckline_break_retest,151.14500000,PERIOD_M5,PERIOD_H1,PERIOD_M15,PERIOD_M5,PERIOD_M5,false,htf_soft_alignment,current_post_filter,transcript_post_filter,dow_range_or_transition,structure_trend_bias_dow_trend_down_ll_lh,dow_range_or_transition,structure_trend_bias_dow_trend_down_ll_lh,false,true,true,LONG,PERIOD_M5,double_bottom,double_bottom,4.200,none,0.000,double_bottom,4.200,none,0.000,LONG,false,PERIOD_H1_NONE_dow_range_or_transition|PERIOD_M15_SHORT_structure_trend_bias_dow_trend_down_ll_lh,true,h1_counter_m15_reversal,true,top_NONE_dow_range_or_transition|structure_SHORT_structure_trend_bias_dow_trend_down_ll_lh|structure_break_recent_confirmed_swing_break_retest|primary_break_recent_confirmed_swing_break_failed,none,below_75sma_falling,below_75sma_falling,above_75sma_rising,1,151.26800000,-1,0.00000000,false,off,NONE,NONE,0.00000000,0.00000000,0.0000,none,0.000,true,LONG,return_high_break_or_bos_up,151.26800000,1,151.26800000,150.89100000,false,off,independent,false,,,false,0.0000,none,0.0000,0.0000,none,0.0000,0.0000,0.0000,none,0.0000,0,0,0.0000,none,none,none,none,0.0000,0,0.0000,none,false,true,not_evaluated,true,required_light_or_anchor_flip,bias_flip_up,151.65100000,2025.10.15 00:30:00,151.26800000,2025.10.15 08:00:00,2025.10.15 09:15:00,true,LONG,151.26800000,151.29800000,0.2220,1,true,2025.10.15 11:00:00,1,LONG,151.26800000,151.29800000,0.2220,0.4218,normal,2025.10.15 11:00:00,first_after_anchor,true,LONG,1,1,1,true,false,fresh_0_4,true,false,false,true,none,true,required,true,PERIOD_M5,2025.10.15 11:05:00,2025.10.15 11:10:00,7,0.3625,true,151.26800000,0.3625,true,0.3625,true,m5_bos_up_after_anchor_retest,failed_close_back_inside,false,post_anchor_close_back_inside,true,required_first_signal_only,LONG,unknown,0.00000000,,0.00000000,,false,,-1,false,NONE,0.00000000,,0.00000000,0.0000,0.0000,none,-1,false,false,false,insufficient_confirmed_m5_pivots,USDJPY|LONG|1760526000|151.268,,,false,false,false,-1,-1,-1,-1,-1,false,false,false,0.0000,falling_n,false,151.86800000,150.89100000,7.2294,true,0.4218,0.6069,0,normal,true,0.2977,shallow_236_382,0.080,diagnostic_only,diagnostic_only,diagnostic_only,shallow_pullback,8,0.320,true,none,0.470,high_quality,false,false,diagnostic_only,both,true,none,true,diagnostic_adjacent_detected,required_light,false,false,SHORT,6,false,false,0,2025.10.15 09:40:00,2025.10.15 10:45:00,10,3.6812,151.28900000,0.00000000,151.28900000,true,true,m5_lh_close_break_up,151.28900000,true,0.1019,0.6909,true,1,1.2573,false,5,151.28900000,0.1246,off,false,not_evaluated,none,0.7294,0.2706,strong,false,false,true,1.2573,failed_2bars,true,favorable_side,0.2386,false,clean_retest,2.3560,1.5065,1.5639,0.0000,true,strong_exhaustion,0.0000,none,none,false,false,none,0.0000,0.0000,0.0000,0.0000,none,false,false,0.0000,0.0000,false,false,-1,none,none,false,0.000,0.000,151.19800000,151.15400000,151.19800000,pre_session_high,0.00500000,0.0365,neckline_level,151.14500000,0.5437,false,true,true,false,not_blocked,7,4,3,m5_failure_exit,off,none,0.00000000,0.0000,1.30,151.37100000,4.200,-0.300,0.200,PERIOD_M15,151.26800000,150.89100000,0.1989,outside,0.000,true,151.19300000,151.05600000,0.13700000,151.37100000,1.299,0.08828571,15.00,90-120,true,false,none,order_sent,4.650,4.650,none,0.0000,false,neckline_retest_failed,false,not_invalidated,
2025.10.15 16:45:00,signal,session_reversal_pullback_one_symbol_first120,GBPUSD,SHORT,2025.10.15 16:40:00,16,13,22,london_newyork_overlap,2025.10.15 13:00,40,first_120min,true,true,3,GBPUSD,highest_score_in_session_bar,london_newyork_overlap=USDJPY|EURJPY|GBPJPY|AUDJPY|EURUSD|GBPUSD,existing_first120_gate,london_newyork_overlap,true,false,true,passed_first_window,double_top,neckline_break_retest,1.33481000,PERIOD_M5,PERIOD_H1,PERIOD_M15,PERIOD_M5,PERIOD_M5,false,htf_soft_alignment,current_post_filter,transcript_post_filter,dow_range_or_transition,structure_trend_bias_dow_trend_down_ll_lh,dow_range_or_transition,structure_trend_bias_dow_trend_down_ll_lh,false,false,true,SHORT,PERIOD_M5,double_top,double_top,4.200,none,0.000,double_top,4.200,none,0.000,SHORT,false,PERIOD_H1_NONE_dow_range_or_transition|PERIOD_M15_SHORT_structure_trend_bias_dow_trend_down_ll_lh,true,h1_counter_m15_reversal,true,top_NONE_dow_range_or_transition|structure_SHORT_structure_trend_bias_dow_trend_down_ll_lh|structure_break_recent_confirmed_swing_break_retest|primary_break_recent_confirmed_swing_break_failed,none,above_75sma_rising,above_75sma_rising,below_75sma_falling,1,1.33443000,-1,0.00000000,false,off,NONE,NONE,0.00000000,0.00000000,0.0000,none,0.000,true,SHORT,return_low_break_or_bos_down,1.33443000,1,1.33657000,1.33351000,false,off,independent,false,,,false,0.0000,none,0.0000,0.0000,none,0.0000,0.0000,0.0000,none,0.0000,0,0,0.0000,none,none,none,none,0.0000,0,0.0000,none,false,true,not_evaluated,true,required_light_or_anchor_flip,long_bias,1.33351000,2025.10.15 12:00:00,1.33602000,2025.10.15 10:45:00,2025.10.15 14:15:00,false,NONE,0.00000000,0.00000000,0.0000,-1,false,,-1,NONE,0.00000000,0.00000000,0.0000,0.0000,none,,none,false,NONE,-1,-1,-1,false,false,none,false,true,false,true,none,true,required,false,PERIOD_M5,,,-1,0.0000,false,0.00000000,0.0000,false,0.0000,false,none,none,false,no_anchor_flip_in_entry_direction,true,required_first_signal_only,SHORT,unknown,0.00000000,,0.00000000,,false,,-1,false,NONE,0.00000000,,0.00000000,0.0000,0.0000,none,-1,false,false,false,no_anchor_flip_in_entry_direction,,,,false,false,false,-1,-1,-1,-1,-1,false,false,false,0.0000,range_n,true,1.33724000,1.33351000,4.1843,false,0.0000,0.0000,0,none,true,0.4101,preferred_382_618,0.200,diagnostic_only,diagnostic_only,diagnostic_only,shallow_pullback,9,0.440,true,none,0.590,high_quality,false,false,diagnostic_only,both,true,none,true,diagnostic_adjacent_detected,required_light,false,false,LONG,5,false,false,0,2025.10.15 15:20:00,2025.10.15 16:10:00,6,2.7082,0.00000000,1.33370000,1.33370000,true,true,m5_hl_close_break_down,1.33370000,true,0.3366,0.4743,true,1,1.5301,false,3,1.33370000,0.5814,off,false,not_evaluated,none,0.3900,0.0800,normal,false,true,true,1.5301,failed_1bar,true,back_inside,0.1700,false,weak_retest,1.6525,1.0404,1.5882,0.0000,true,strong_exhaustion,0.0000,none,none,false,false,none,0.0000,0.0000,0.0000,0.0000,none,false,false,0.0000,0.0000,false,false,-1,none,none,false,0.000,0.000,1.33478000,1.33424600,1.33424600,recent_equal_highs,0.00045400,0.6219,neckline_level,1.33481000,0.1683,false,true,true,false,not_blocked,3,1,2,m5_failure_exit,off,none,0.00000000,0.0000,1.30,1.33375000,4.200,-0.300,0.200,PERIOD_M15,1.33657000,1.33351000,0.3889,preferred_382_618,0.000,true,1.33470000,1.33543000,0.00073000,1.33375000,1.301,0.00065357,20.00,30-60,true,false,none,not_consumed,4.650,4.650,none,0.0000,false,neckline_retest_failed,false,not_invalidated,spread_too_high
2025.10.15 16:45:00,blocked,session_reversal_pullback_one_symbol_first120,GBPUSD,SHORT,2025.10.15 16:40:00,16,13,22,london_newyork_overlap,2025.10.15 13:00,40,first_120min,true,true,3,GBPUSD,highest_score_in_session_bar,london_newyork_overlap=USDJPY|EURJPY|GBPJPY|AUDJPY|EURUSD|GBPUSD,existing_first120_gate,london_newyork_overlap,true,false,true,passed_first_window,double_top,neckline_break_retest,1.33481000,PERIOD_M5,PERIOD_H1,PERIOD_M15,PERIOD_M5,PERIOD_M5,false,htf_soft_alignment,current_post_filter,transcript_post_filter,dow_range_or_transition,structure_trend_bias_dow_trend_down_ll_lh,dow_range_or_transition,structure_trend_bias_dow_trend_down_ll_lh,false,false,true,SHORT,PERIOD_M5,double_top,double_top,4.200,none,0.000,double_top,4.200,none,0.000,SHORT,false,PERIOD_H1_NONE_dow_range_or_transition|PERIOD_M15_SHORT_structure_trend_bias_dow_trend_down_ll_lh,true,h1_counter_m15_reversal,true,top_NONE_dow_range_or_transition|structure_SHORT_structure_trend_bias_dow_trend_down_ll_lh|structure_break_recent_confirmed_swing_break_retest|primary_break_recent_confirmed_swing_break_failed,none,above_75sma_rising,above_75sma_rising,below_75sma_falling,1,1.33443000,-1,0.00000000,false,off,NONE,NONE,0.00000000,0.00000000,0.0000,none,0.000,true,SHORT,return_low_break_or_bos_down,1.33443000,1,1.33657000,1.33351000,false,off,independent,false,,,false,0.0000,none,0.0000,0.0000,none,0.0000,0.0000,0.0000,none,0.0000,0,0,0.0000,none,none,none,none,0.0000,0,0.0000,none,false,true,not_evaluated,true,required_light_or_anchor_flip,long_bias,1.33351000,2025.10.15 12:00:00,1.33602000,2025.10.15 10:45:00,2025.10.15 14:15:00,false,NONE,0.00000000,0.00000000,0.0000,-1,false,,-1,NONE,0.00000000,0.00000000,0.0000,0.0000,none,,none,false,NONE,-1,-1,-1,false,false,none,false,true,false,true,none,true,required,false,PERIOD_M5,,,-1,0.0000,false,0.00000000,0.0000,false,0.0000,false,none,none,false,no_anchor_flip_in_entry_direction,true,required_first_signal_only,SHORT,unknown,0.00000000,,0.00000000,,false,,-1,false,NONE,0.00000000,,0.00000000,0.0000,0.0000,none,-1,false,false,false,no_anchor_flip_in_entry_direction,,,,false,false,false,-1,-1,-1,-1,-1,false,false,false,0.0000,range_n,true,1.33724000,1.33351000,4.1843,false,0.0000,0.0000,0,none,true,0.4101,preferred_382_618,0.200,diagnostic_only,diagnostic_only,diagnostic_only,shallow_pullback,9,0.440,true,none,0.590,high_quality,false,false,diagnostic_only,both,true,none,true,diagnostic_adjacent_detected,required_light,false,false,LONG,5,false,false,0,2025.10.15 15:20:00,2025.10.15 16:10:00,6,2.7082,0.00000000,1.33370000,1.33370000,true,true,m5_hl_close_break_down,1.33370000,true,0.3366,0.4743,true,1,1.5301,false,3,1.33370000,0.5814,off,false,not_evaluated,none,0.3900,0.0800,normal,false,true,true,1.5301,failed_1bar,true,back_inside,0.1700,false,weak_retest,1.6525,1.0404,1.5882,0.0000,true,strong_exhaustion,0.0000,none,none,false,false,none,0.0000,0.0000,0.0000,0.0000,none,false,false,0.0000,0.0000,false,false,-1,none,none,false,0.000,0.000,1.33478000,1.33424600,1.33424600,recent_equal_highs,0.00045400,0.6219,neckline_level,1.33481000,0.1683,false,true,true,false,not_blocked,3,1,2,m5_failure_exit,off,none,0.00000000,0.0000,1.30,1.33375000,4.200,-0.300,0.200,PERIOD_M15,1.33657000,1.33351000,0.3889,preferred_382_618,0.000,true,1.33470000,1.33543000,0.00073000,1.33375000,1.301,0.00065357,20.00,30-60,true,false,none,blocked_spread_too_high,4.650,4.650,none,0.0000,false,neckline_retest_failed,false,not_invalidated,spread_too_high
2025.10.15 19:05:00,signal,session_reversal_pullback_one_symbol_first120,EURJPY,LONG,2025.10.15 19:00:00,19,16,1,new_york,2025.10.15 16:00,0,first_120min,true,true,3,EURJPY,highest_score_in_session_bar,new_york=USDJPY|EURJPY|GBPJPY|AUDJPY|EURUSD|GBPUSD,existing_first120_gate,new_york,false,false,true,passed_first_window,inverse_head_and_shoulders,neckline_break_retest,175.95800000,PERIOD_M5,PERIOD_H1,PERIOD_M15,PERIOD_M5,PERIOD_M5,false,htf_soft_alignment,current_post_filter,transcript_post_filter,dow_trend_down_ll_lh,structure_trend_bias_dow_trend_up_hh_hl,dow_trend_down_ll_lh,structure_trend_bias_dow_trend_up_hh_hl,false,true,false,LONG,PERIOD_M5,inverse_head_and_shoulders,inverse_head_and_shoulders,4.500,none,0.000,inverse_head_and_shoulders,4.500,none,0.000,LONG,false,PERIOD_H1_SHORT_dow_trend_down_ll_lh|PERIOD_M15_LONG_structure_trend_bias_dow_trend_up_hh_hl,true,h1_counter_m15_reversal,true,top_SHORT_dow_trend_down_ll_lh|structure_LONG_structure_trend_bias_dow_trend_up_hh_hl|structure_break_recent_confirmed_swing_break_failed|primary_break_recent_confirmed_swing_break_retest,none,below_75sma_falling,above_75sma_flat_or_falling,below_75sma_falling,-1,0.00000000,0,175.95800000,false,off,NONE,NONE,0.00000000,0.00000000,0.0000,none,0.000,true,LONG,return_high_break_or_bos_up,176.18900000,10,176.29300000,175.83200000,false,off,independent,false,,,false,0.0000,none,0.0000,0.0000,none,0.0000,0.0000,0.0000,none,0.0000,0,0,0.0000,none,none,none,none,0.0000,0,0.0000,none,false,true,not_evaluated,true,required_light_or_anchor_flip,short_bias,176.07200000,2025.10.15 15:45:00,176.29300000,2025.10.15 16:30:00,2025.10.15 18:00:00,false,NONE,0.00000000,0.00000000,0.0000,-1,false,,-1,NONE,0.00000000,0.00000000,0.0000,0.0000,none,,none,false,NONE,-1,-1,-1,false,false,none,false,true,false,true,none,true,required,false,PERIOD_M5,,,-1,0.0000,false,0.00000000,0.0000,false,0.0000,false,none,none,false,no_anchor_flip_in_entry_direction,true,required_first_signal_only,LONG,unknown,0.00000000,,0.00000000,,false,,-1,false,NONE,0.00000000,,0.00000000,0.0000,0.0000,none,-1,false,false,false,no_anchor_flip_in_entry_direction,,,,false,false,false,-1,-1,-1,-1,-1,false,false,false,0.0000,range_n,true,176.29300000,175.83200000,3.6238,false,0.0000,0.0000,0,none,true,0.6009,preferred_382_618,0.200,diagnostic_only,diagnostic_only,diagnostic_only,fib_pullback,24,0.450,true,none,0.600,high_quality,false,false,diagnostic_only,both,true,none,true,diagnostic_adjacent_detected,required_light,false,true,SHORT,5,true,true,2,2025.10.15 17:30:00,2025.10.15 18:25:00,7,2.8592,175.95800000,0.00000000,175.95800000,true,true,m5_lh_close_break_up,175.95800000,true,0.0845,0.4366,true,1,0.0000,true,1,175.95800000,0.0000,off,false,not_evaluated,none,0.7759,0.2241,normal,true,false,false,0.0000,held_clean,true,favorable_side,0.1207,false,clean_retest,1.7746,1.7887,0.9921,1.0704,false,no_shrink,0.0000,none,none,false,false,none,0.0000,0.0000,0.0000,0.0000,none,false,false,0.0000,0.0000,false,false,-1,none,none,false,0.000,0.000,176.03300000,175.95800000,176.03300000,pre_session_high,0.01700000,0.0929,session_high|opening_range_high|neckline_level,176.01600000,0.0000,false,true,false,false,not_blocked,2,2,0,m5_failure_exit,off,none,0.00000000,0.0000,1.30,176.25400000,4.500,-0.300,0.200,PERIOD_M15,176.29300000,175.92300000,0.7486,deep_618_786,0.000,true,176.01600000,175.83300000,0.18300000,176.25400000,1.301,0.07100000,30.00,0-30,true,false,none,not_consumed,4.800,4.800,none,0.0000,false,neckline_retest_failed,false,not_invalidated,spread_too_high
2025.10.15 19:05:00,blocked,session_reversal_pullback_one_symbol_first120,EURJPY,LONG,2025.10.15 19:00:00,19,16,1,new_york,2025.10.15 16:00,0,first_120min,true,true,3,EURJPY,highest_score_in_session_bar,new_york=USDJPY|EURJPY|GBPJPY|AUDJPY|EURUSD|GBPUSD,existing_first120_gate,new_york,false,false,true,passed_first_window,inverse_head_and_shoulders,neckline_break_retest,175.95800000,PERIOD_M5,PERIOD_H1,PERIOD_M15,PERIOD_M5,PERIOD_M5,false,htf_soft_alignment,current_post_filter,transcript_post_filter,dow_trend_down_ll_lh,structure_trend_bias_dow_trend_up_hh_hl,dow_trend_down_ll_lh,structure_trend_bias_dow_trend_up_hh_hl,false,true,false,LONG,PERIOD_M5,inverse_head_and_shoulders,inverse_head_and_shoulders,4.500,none,0.000,inverse_head_and_shoulders,4.500,none,0.000,LONG,false,PERIOD_H1_SHORT_dow_trend_down_ll_lh|PERIOD_M15_LONG_structure_trend_bias_dow_trend_up_hh_hl,true,h1_counter_m15_reversal,true,top_SHORT_dow_trend_down_ll_lh|structure_LONG_structure_trend_bias_dow_trend_up_hh_hl|structure_break_recent_confirmed_swing_break_failed|primary_break_recent_confirmed_swing_break_retest,none,below_75sma_falling,above_75sma_flat_or_falling,below_75sma_falling,-1,0.00000000,0,175.95800000,false,off,NONE,NONE,0.00000000,0.00000000,0.0000,none,0.000,true,LONG,return_high_break_or_bos_up,176.18900000,10,176.29300000,175.83200000,false,off,independent,false,,,false,0.0000,none,0.0000,0.0000,none,0.0000,0.0000,0.0000,none,0.0000,0,0,0.0000,none,none,none,none,0.0000,0,0.0000,none,false,true,not_evaluated,true,required_light_or_anchor_flip,short_bias,176.07200000,2025.10.15 15:45:00,176.29300000,2025.10.15 16:30:00,2025.10.15 18:00:00,false,NONE,0.00000000,0.00000000,0.0000,-1,false,,-1,NONE,0.00000000,0.00000000,0.0000,0.0000,none,,none,false,NONE,-1,-1,-1,false,false,none,false,true,false,true,none,true,required,false,PERIOD_M5,,,-1,0.0000,false,0.00000000,0.0000,false,0.0000,false,none,none,false,no_anchor_flip_in_entry_direction,true,required_first_signal_only,LONG,unknown,0.00000000,,0.00000000,,false,,-1,false,NONE,0.00000000,,0.00000000,0.0000,0.0000,none,-1,false,false,false,no_anchor_flip_in_entry_direction,,,,false,false,false,-1,-1,-1,-1,-1,false,false,false,0.0000,range_n,true,176.29300000,175.83200000,3.6238,false,0.0000,0.0000,0,none,true,0.6009,preferred_382_618,0.200,diagnostic_only,diagnostic_only,diagnostic_only,fib_pullback,24,0.450,true,none,0.600,high_quality,false,false,diagnostic_only,both,true,none,true,diagnostic_adjacent_detected,required_light,false,true,SHORT,5,true,true,2,2025.10.15 17:30:00,2025.10.15 18:25:00,7,2.8592,175.95800000,0.00000000,175.95800000,true,true,m5_lh_close_break_up,175.95800000,true,0.0845,0.4366,true,1,0.0000,true,1,175.95800000,0.0000,off,false,not_evaluated,none,0.7759,0.2241,normal,true,false,false,0.0000,held_clean,true,favorable_side,0.1207,false,clean_retest,1.7746,1.7887,0.9921,1.0704,false,no_shrink,0.0000,none,none,false,false,none,0.0000,0.0000,0.0000,0.0000,none,false,false,0.0000,0.0000,false,false,-1,none,none,false,0.000,0.000,176.03300000,175.95800000,176.03300000,pre_session_high,0.01700000,0.0929,session_high|opening_range_high|neckline_level,176.01600000,0.0000,false,true,false,false,not_blocked,2,2,0,m5_failure_exit,off,none,0.00000000,0.0000,1.30,176.25400000,4.500,-0.300,0.200,PERIOD_M15,176.29300000,175.92300000,0.7486,deep_618_786,0.000,true,176.01600000,175.83300000,0.18300000,176.25400000,1.301,0.07100000,30.00,0-30,true,false,none,blocked_spread_too_high,4.800,4.800,none,0.0000,false,neckline_retest_failed,false,not_invalidated,spread_too_high
2025.10.16 04:00:00,signal,session_reversal_pullback_one_symbol_first120,EURJPY,SHORT,2025.10.16 03:55:00,3,0,9,tokyo,2025.10.16 00:00,55,first_120min,true,true,3,EURJPY,highest_score_in_session_bar,tokyo=USDJPY|EURJPY|GBPJPY|AUDJPY,existing_first120_gate,tokyo,true,false,true,passed_first_window,double_top,neckline_break_retest,175.79300000,PERIOD_M5,PERIOD_H1,PERIOD_M15,PERIOD_M5,PERIOD_M5,false,htf_soft_alignment,current_post_filter,transcript_post_filter,dow_range_or_transition,structure_trend_bias_dow_trend_down_ll_lh,dow_range_or_transition,structure_trend_bias_dow_trend_down_ll_lh,false,false,true,SHORT,PERIOD_M5,double_top,double_top,4.200,none,0.000,double_top,4.200,none,0.000,SHORT,false,PERIOD_H1_NONE_dow_range_or_transition|PERIOD_M15_SHORT_structure_trend_bias_dow_trend_down_ll_lh,true,h1_counter_m15_reversal,true,top_NONE_dow_range_or_transition|structure_SHORT_structure_trend_bias_dow_trend_down_ll_lh|structure_break_recent_confirmed_swing_break_failed|primary_break_recent_confirmed_swing_break_retest,none,below_75sma_falling,below_75sma_flat_or_rising,below_75sma_falling,-1,0.00000000,1,175.73600000,false,off,NONE,NONE,0.00000000,0.00000000,0.0000,none,0.000,true,SHORT,return_low_break_or_bos_down,175.63400000,2,176.14700000,175.49400000,false,off,independent,false,,,false,0.0000,none,0.0000,0.0000,none,0.0000,0.0000,0.0000,none,0.0000,0,0,0.0000,none,none,none,none,0.0000,0,0.0000,none,false,true,not_evaluated,true,required_light_or_anchor_flip,short_bias,175.98800000,2025.10.15 22:15:00,176.00400000,2025.10.16 00:15:00,2025.10.16 01:45:00,false,NONE,0.00000000,0.00000000,0.0000,-1,false,,-1,NONE,0.00000000,0.00000000,0.0000,0.0000,none,,none,false,NONE,-1,-1,-1,false,false,none,true,false,false,true,none,true,required,false,PERIOD_M5,,,-1,0.0000,false,0.00000000,0.0000,false,0.0000,false,none,none,false,no_anchor_flip_in_entry_direction,true,required_first_signal_only,SHORT,unknown,0.00000000,,0.00000000,,false,,-1,false,NONE,0.00000000,,0.00000000,0.0000,0.0000,none,-1,false,false,false,no_anchor_flip_in_entry_direction,,,,false,false,false,-1,-1,-1,-1,-1,false,false,false,0.0000,falling_n,false,176.14700000,175.63400000,3.6090,false,0.0000,0.0000,0,none,true,0.4074,preferred_382_618,0.200,diagnostic_only,diagnostic_only,diagnostic_only,shallow_pullback,24,0.400,true,none,0.550,high_quality,false,false,diagnostic_only,both,true,none,true,diagnostic_adjacent_detected,required_light,false,false,LONG,7,false,false,1,2025.10.16 02:20:00,2025.10.16 03:30:00,5,4.6072,0.00000000,175.49400000,175.49400000,false,false,none,0.00000000,false,0.0000,0.0000,false,1,0.0000,false,-1,0.00000000,0.0000,off,false,not_evaluated,none,0.0000,0.0000,none,false,false,false,0.0000,none,false,none,0.0000,false,none,4.6072,1.5171,3.0368,0.3904,false,no_shrink,0.0000,none,none,false,false,none,0.0000,0.0000,0.0000,0.0000,none,false,false,0.0000,0.0000,false,false,-1,none,none,false,0.000,0.000,175.79300000,175.72437500,175.72437500,recent_equal_highs,0.03562500,0.3268,neckline_level,175.79300000,0.3681,false,true,true,false,not_blocked,4,2,2,m5_failure_exit,off,none,0.00000000,0.0000,1.30,175.61800000,4.200,-0.300,0.200,PERIOD_M15,175.96800000,175.63400000,0.3772,outside,0.000,true,175.76000000,175.86900000,0.10900000,175.61800000,1.303,0.08964286,30.00,30-60,true,false,none,not_consumed,4.500,4.500,none,0.0000,false,opposite_break_first,true,opposite_break_first,spread_too_high
2025.10.16 04:00:00,blocked,session_reversal_pullback_one_symbol_first120,EURJPY,SHORT,2025.10.16 03:55:00,3,0,9,tokyo,2025.10.16 00:00,55,first_120min,true,true,3,EURJPY,highest_score_in_session_bar,tokyo=USDJPY|EURJPY|GBPJPY|AUDJPY,existing_first120_gate,tokyo,true,false,true,passed_first_window,double_top,neckline_break_retest,175.79300000,PERIOD_M5,PERIOD_H1,PERIOD_M15,PERIOD_M5,PERIOD_M5,false,htf_soft_alignment,current_post_filter,transcript_post_filter,dow_range_or_transition,structure_trend_bias_dow_trend_down_ll_lh,dow_range_or_transition,structure_trend_bias_dow_trend_down_ll_lh,false,false,true,SHORT,PERIOD_M5,double_top,double_top,4.200,none,0.000,double_top,4.200,none,0.000,SHORT,false,PERIOD_H1_NONE_dow_range_or_transition|PERIOD_M15_SHORT_structure_trend_bias_dow_trend_down_ll_lh,true,h1_counter_m15_reversal,true,top_NONE_dow_range_or_transition|structure_SHORT_structure_trend_bias_dow_trend_down_ll_lh|structure_break_recent_confirmed_swing_break_failed|primary_break_recent_confirmed_swing_break_retest,none,below_75sma_falling,below_75sma_flat_or_rising,below_75sma_falling,-1,0.00000000,1,175.73600000,false,off,NONE,NONE,0.00000000,0.00000000,0.0000,none,0.000,true,SHORT,return_low_break_or_bos_down,175.63400000,2,176.14700000,175.49400000,false,off,independent,false,,,false,0.0000,none,0.0000,0.0000,none,0.0000,0.0000,0.0000,none,0.0000,0,0,0.0000,none,none,none,none,0.0000,0,0.0000,none,false,true,not_evaluated,true,required_light_or_anchor_flip,short_bias,175.98800000,2025.10.15 22:15:00,176.00400000,2025.10.16 00:15:00,2025.10.16 01:45:00,false,NONE,0.00000000,0.00000000,0.0000,-1,false,,-1,NONE,0.00000000,0.00000000,0.0000,0.0000,none,,none,false,NONE,-1,-1,-1,false,false,none,true,false,false,true,none,true,required,false,PERIOD_M5,,,-1,0.0000,false,0.00000000,0.0000,false,0.0000,false,none,none,false,no_anchor_flip_in_entry_direction,true,required_first_signal_only,SHORT,unknown,0.00000000,,0.00000000,,false,,-1,false,NONE,0.00000000,,0.00000000,0.0000,0.0000,none,-1,false,false,false,no_anchor_flip_in_entry_direction,,,,false,false,false,-1,-1,-1,-1,-1,false,false,false,0.0000,falling_n,false,176.14700000,175.63400000,3.6090,false,0.0000,0.0000,0,none,true,0.4074,preferred_382_618,0.200,diagnostic_only,diagnostic_only,diagnostic_only,shallow_pullback,24,0.400,true,none,0.550,high_quality,false,false,diagnostic_only,both,true,none,true,diagnostic_adjacent_detected,required_light,false,false,LONG,7,false,false,1,2025.10.16 02:20:00,2025.10.16 03:30:00,5,4.6072,0.00000000,175.49400000,175.49400000,false,false,none,0.00000000,false,0.0000,0.0000,false,1,0.0000,false,-1,0.00000000,0.0000,off,false,not_evaluated,none,0.0000,0.0000,none,false,false,false,0.0000,none,false,none,0.0000,false,none,4.6072,1.5171,3.0368,0.3904,false,no_shrink,0.0000,none,none,false,false,none,0.0000,0.0000,0.0000,0.0000,none,false,false,0.0000,0.0000,false,false,-1,none,none,false,0.000,0.000,175.79300000,175.72437500,175.72437500,recent_equal_highs,0.03562500,0.3268,neckline_level,175.79300000,0.3681,false,true,true,false,not_blocked,4,2,2,m5_failure_exit,off,none,0.00000000,0.0000,1.30,175.61800000,4.200,-0.300,0.200,PERIOD_M15,175.96800000,175.63400000,0.3772,outside,0.000,true,175.76000000,175.86900000,0.10900000,175.61800000,1.303,0.08964286,30.00,30-60,true,false,none,blocked_spread_too_high,4.500,4.500,none,0.0000,false,opposite_break_first,true,opposite_break_first,spread_too_high
2025.10.16 17:20:00,signal,session_reversal_pullback_one_symbol_first120,GBPUSD,SHORT,2025.10.16 17:15:00,17,14,23,london_newyork_overlap,2025.10.16 13:00,75,first_120min,false,true,3,GBPUSD,highest_score_in_session_bar,london_newyork_overlap=USDJPY|EURJPY|GBPJPY|AUDJPY|EURUSD|GBPUSD,existing_first120_gate,london_newyork_overlap,true,false,true,passed_first_window,head_and_shoulders,neckline_break_retest,1.34319000,PERIOD_M5,PERIOD_H1,PERIOD_M15,PERIOD_M5,PERIOD_M5,false,htf_soft_alignment,current_post_filter,transcript_post_filter,dow_trend_up_hh_hl,no_ordered_dow_wave3_break,dow_trend_up_hh_hl,no_ordered_dow_wave3_break,false,false,true,SHORT,PERIOD_M5,head_and_shoulders,head_and_shoulders,4.500,none,0.000,head_and_shoulders,4.500,none,0.000,SHORT,true,PERIOD_H1_LONG_dow_trend_up_hh_hl|PERIOD_M15_NONE_no_ordered_dow_wave3_break,true,h1_counter_m15_reversal,true,top_LONG_dow_trend_up_hh_hl|structure_NONE_no_ordered_dow_wave3_break|structure_break_recent_confirmed_swing_break_retest|primary_break_recent_confirmed_swing_break_failed,none,above_75sma_rising,above_75sma_rising,below_75sma_falling,1,1.34219000,-1,0.00000000,false,off,NONE,NONE,0.00000000,0.00000000,0.0000,none,0.000,true,SHORT,return_low_break_or_bos_down,1.34219000,1,1.34537000,1.34192000,false,off,independent,false,,,false,0.0000,none,0.0000,0.0000,none,0.0000,0.0000,0.0000,none,0.0000,0,0,0.0000,none,none,none,none,0.0000,0,0.0000,none,false,true,not_evaluated,true,required_light_or_anchor_flip,bias_flip_down,1.34219000,2025.10.16 15:30:00,1.34473000,2025.10.16 13:15:00,2025.10.16 16:15:00,true,SHORT,1.34219000,1.34195000,0.1703,1,true,2025.10.16 16:45:00,1,SHORT,1.34219000,1.34195000,0.1703,1.0998,normal,2025.10.16 16:45:00,first_after_anchor,true,SHORT,1,1,1,true,false,fresh_0_4,true,false,false,true,none,true,required,true,PERIOD_M5,2025.10.16 16:50:00,2025.10.16 16:55:00,6,1.0761,true,1.34219000,1.0761,true,0.9327,true,m5_bos_down_after_anchor_retest,failed_close_back_inside,false,post_anchor_close_back_inside,true,required_first_signal_only,SHORT,unknown,0.00000000,,0.00000000,,false,,-1,false,NONE,0.00000000,,0.00000000,0.0000,0.0000,none,-1,false,false,false,insufficient_confirmed_m5_pivots,GBPUSD|SHORT|1760633100|1.34219,,,false,false,false,-1,-1,-1,-1,-1,false,false,false,0.0000,rising_n,false,1.34537000,1.34205000,2.3558,true,1.0998,0.2211,1,normal,true,0.2870,shallow_236_382,0.080,diagnostic_only,diagnostic_only,diagnostic_only,shallow_pullback,24,0.280,true,none,0.430,high_quality,false,false,diagnostic_only,both,true,none,true,diagnostic_adjacent_detected,required_light,false,false,LONG,5,false,false,2,2025.10.16 14:55:00,2025.10.16 16:30:00,9,3.2899,0.00000000,1.34216000,1.34216000,true,true,m5_hl_close_break_down,1.34216000,true,0.2152,1.1786,true,1,0.7687,false,4,1.34216000,0.0922,off,false,not_evaluated,none,0.9773,0.0227,very_strong,false,false,false,0.7687,held_no_close_back,true,favorable_side,0.1100,false,clean_retest,3.2899,2.2855,1.4395,0.9736,false,no_shrink,0.0000,none,none,false,false,none,0.0000,0.0000,0.0000,0.0000,none,false,false,0.0000,0.0000,false,false,-1,none,none,false,0.000,0.000,1.34319000,1.34219000,1.34219000,structure_confirmed_swing_low,0.00072000,0.2727,neckline_level,1.34319000,0.2870,false,true,true,false,not_blocked,11,6,5,m5_failure_exit,off,none,0.00000000,0.0000,1.30,1.33948000,4.500,-0.300,0.200,PERIOD_M15,1.34442000,1.34219000,0.3229,outside,0.000,true,1.34291000,1.34555000,0.00264000,1.33948000,1.299,0.00097571,20.00,60-90,true,false,none,not_consumed,4.950,4.950,none,0.0000,false,neckline_retest_failed,false,not_invalidated,spread_too_high
2025.10.16 17:20:00,blocked,session_reversal_pullback_one_symbol_first120,GBPUSD,SHORT,2025.10.16 17:15:00,17,14,23,london_newyork_overlap,2025.10.16 13:00,75,first_120min,false,true,3,GBPUSD,highest_score_in_session_bar,london_newyork_overlap=USDJPY|EURJPY|GBPJPY|AUDJPY|EURUSD|GBPUSD,existing_first120_gate,london_newyork_overlap,true,false,true,passed_first_window,head_and_shoulders,neckline_break_retest,1.34319000,PERIOD_M5,PERIOD_H1,PERIOD_M15,PERIOD_M5,PERIOD_M5,false,htf_soft_alignment,current_post_filter,transcript_post_filter,dow_trend_up_hh_hl,no_ordered_dow_wave3_break,dow_trend_up_hh_hl,no_ordered_dow_wave3_break,false,false,true,SHORT,PERIOD_M5,head_and_shoulders,head_and_shoulders,4.500,none,0.000,head_and_shoulders,4.500,none,0.000,SHORT,true,PERIOD_H1_LONG_dow_trend_up_hh_hl|PERIOD_M15_NONE_no_ordered_dow_wave3_break,true,h1_counter_m15_reversal,true,top_LONG_dow_trend_up_hh_hl|structure_NONE_no_ordered_dow_wave3_break|structure_break_recent_confirmed_swing_break_retest|primary_break_recent_confirmed_swing_break_failed,none,above_75sma_rising,above_75sma_rising,below_75sma_falling,1,1.34219000,-1,0.00000000,false,off,NONE,NONE,0.00000000,0.00000000,0.0000,none,0.000,true,SHORT,return_low_break_or_bos_down,1.34219000,1,1.34537000,1.34192000,false,off,independent,false,,,false,0.0000,none,0.0000,0.0000,none,0.0000,0.0000,0.0000,none,0.0000,0,0,0.0000,none,none,none,none,0.0000,0,0.0000,none,false,true,not_evaluated,true,required_light_or_anchor_flip,bias_flip_down,1.34219000,2025.10.16 15:30:00,1.34473000,2025.10.16 13:15:00,2025.10.16 16:15:00,true,SHORT,1.34219000,1.34195000,0.1703,1,true,2025.10.16 16:45:00,1,SHORT,1.34219000,1.34195000,0.1703,1.0998,normal,2025.10.16 16:45:00,first_after_anchor,true,SHORT,1,1,1,true,false,fresh_0_4,true,false,false,true,none,true,required,true,PERIOD_M5,2025.10.16 16:50:00,2025.10.16 16:55:00,6,1.0761,true,1.34219000,1.0761,true,0.9327,true,m5_bos_down_after_anchor_retest,failed_close_back_inside,false,post_anchor_close_back_inside,true,required_first_signal_only,SHORT,unknown,0.00000000,,0.00000000,,false,,-1,false,NONE,0.00000000,,0.00000000,0.0000,0.0000,none,-1,false,false,false,insufficient_confirmed_m5_pivots,GBPUSD|SHORT|1760633100|1.34219,,,false,false,false,-1,-1,-1,-1,-1,false,false,false,0.0000,rising_n,false,1.34537000,1.34205000,2.3558,true,1.0998,0.2211,1,normal,true,0.2870,shallow_236_382,0.080,diagnostic_only,diagnostic_only,diagnostic_only,shallow_pullback,24,0.280,true,none,0.430,high_quality,false,false,diagnostic_only,both,true,none,true,diagnostic_adjacent_detected,required_light,false,false,LONG,5,false,false,2,2025.10.16 14:55:00,2025.10.16 16:30:00,9,3.2899,0.00000000,1.34216000,1.34216000,true,true,m5_hl_close_break_down,1.34216000,true,0.2152,1.1786,true,1,0.7687,false,4,1.34216000,0.0922,off,false,not_evaluated,none,0.9773,0.0227,very_strong,false,false,false,0.7687,held_no_close_back,true,favorable_side,0.1100,false,clean_retest,3.2899,2.2855,1.4395,0.9736,false,no_shrink,0.0000,none,none,false,false,none,0.0000,0.0000,0.0000,0.0000,none,false,false,0.0000,0.0000,false,false,-1,none,none,false,0.000,0.000,1.34319000,1.34219000,1.34219000,structure_confirmed_swing_low,0.00072000,0.2727,neckline_level,1.34319000,0.2870,false,true,true,false,not_blocked,11,6,5,m5_failure_exit,off,none,0.00000000,0.0000,1.30,1.33948000,4.500,-0.300,0.200,PERIOD_M15,1.34442000,1.34219000,0.3229,outside,0.000,true,1.34291000,1.34555000,0.00264000,1.33948000,1.299,0.00097571,20.00,60-90,true,false,none,blocked_spread_too_high,4.950,4.950,none,0.0000,false,neckline_retest_failed,false,not_invalidated,spread_too_high
2025.10.17 04:20:00,signal,session_reversal_pullback_one_symbol_first120,USDJPY,LONG,2025.10.17 04:15:00,4,1,10,tokyo,2025.10.17 00:00,75,first_120min,false,true,3,USDJPY,highest_score_in_session_bar,tokyo=USDJPY|EURJPY|GBPJPY|AUDJPY,existing_first120_gate,tokyo,false,false,true,passed_first_window,inverse_head_and_shoulders,neckline_break_retest,150.22500000,PERIOD_M5,PERIOD_H1,PERIOD_M15,PERIOD_M5,PERIOD_M5,false,htf_soft_alignment,current_post_filter,transcript_post_filter,dow_trend_down_ll_lh,ordered_dow_wave3_break_below_swing_low,dow_trend_down_ll_lh,ordered_dow_wave3_break_below_swing_low,false,true,false,LONG,PERIOD_M5,inverse_head_and_shoulders,inverse_head_and_shoulders,4.500,none,0.000,inverse_head_and_shoulders,4.500,none,0.000,LONG,false,PERIOD_H1_SHORT_dow_trend_down_ll_lh|PERIOD_M15_SHORT_ordered_dow_wave3_break_below_swing_low,true,h1_counter_m15_reversal,true,top_SHORT_dow_trend_down_ll_lh|structure_SHORT_ordered_dow_wave3_break_below_swing_low|structure_break_recent_confirmed_swing_break_failed|primary_break_recent_confirmed_swing_break_retest,none,below_75sma_falling,below_75sma_falling,above_75sma_flat_or_falling,-1,0.00000000,0,150.22200000,false,off,NONE,NONE,0.00000000,0.00000000,0.0000,none,0.000,true,LONG,return_high_break_or_bos_up,150.41600000,17,150.44000000,150.03800000,false,off,independent,false,,,false,0.0000,none,0.0000,0.0000,none,0.0000,0.0000,0.0000,none,0.0000,0,0,0.0000,none,none,none,none,0.0000,0,0.0000,none,false,true,not_evaluated,true,required_light_or_anchor_flip,bias_flip_up,150.20200000,2025.10.16 22:30:00,150.22200000,2025.10.17 03:00:00,2025.10.17 03:15:00,true,LONG,150.22200000,150.23700000,0.1393,0,true,2025.10.17 04:00:00,0,LONG,150.22200000,150.23700000,0.1393,0.1301,normal,2025.10.17 04:00:00,first_after_anchor,true,LONG,0,0,0,true,false,fresh_0_4,true,false,false,true,none,true,required,true,PERIOD_M5,2025.10.17 04:05:00,2025.10.17 04:10:00,3,0.2135,true,150.22200000,0.2135,true,0.2135,true,m5_bos_up_after_anchor_retest,failed_close_back_inside,false,post_anchor_close_back_inside,true,required_first_signal_only,LONG,no_confirmed_micro_anchor,0.00000000,,0.00000000,,false,,-1,false,NONE,0.00000000,,0.00000000,0.0000,0.0000,none,-1,false,false,false,insufficient_confirmed_m5_pivots,USDJPY|LONG|1760673600|150.222,,,false,false,false,-1,-1,-1,-1,-1,false,false,false,0.0000,range_n,true,150.44000000,150.03800000,3.7346,true,0.1301,0.8750,0,normal,true,0.2662,shallow_236_382,0.080,diagnostic_only,diagnostic_only,diagnostic_only,fib_pullback,24,0.280,true,none,0.430,high_quality,false,false,diagnostic_only,both,true,none,true,diagnostic_adjacent_detected,required_light,false,false,SHORT,3,false,false,0,,,-1,0.0000,0.00000000,0.00000000,0.00000000,false,false,none,0.00000000,false,0.0000,0.0000,false,1,0.0000,false,-1,0.00000000,0.0000,off,false,not_evaluated,none,0.0000,0.0000,none,false,false,false,0.0000,none,false,none,0.0000,false,none,0.0000,0.0000,0.0000,0.0000,false,none,0.0000,none,none,false,false,none,0.0000,0.0000,0.0000,0.0000,none,false,false,0.0000,0.0000,false,false,-1,none,none,false,0.000,0.000,150.43200000,150.32600000,150.43200000,current_day_high,0.09900000,0.4008,session_high|opening_range_high|neckline_level,150.32600000,0.0787,false,true,true,false,not_blocked,3,1,2,m5_failure_exit,off,none,0.00000000,0.0000,1.30,150.65400000,4.500,-0.300,0.200,PERIOD_M15,150.43200000,150.27800000,0.6429,deep_618_786,0.000,true,150.33300000,150.08600000,0.24700000,150.65400000,1.300,0.08900000,15.00,60-90,true,false,none,not_consumed,4.800,4.800,none,0.0000,false,opposite_break_first,true,opposite_break_first,session_invalidated
2025.10.17 04:20:00,blocked,session_reversal_pullback_one_symbol_first120,USDJPY,LONG,2025.10.17 04:15:00,4,1,10,tokyo,2025.10.17 00:00,75,first_120min,false,true,3,USDJPY,highest_score_in_session_bar,tokyo=USDJPY|EURJPY|GBPJPY|AUDJPY,existing_first120_gate,tokyo,false,false,true,passed_first_window,inverse_head_and_shoulders,neckline_break_retest,150.22500000,PERIOD_M5,PERIOD_H1,PERIOD_M15,PERIOD_M5,PERIOD_M5,false,htf_soft_alignment,current_post_filter,transcript_post_filter,dow_trend_down_ll_lh,ordered_dow_wave3_break_below_swing_low,dow_trend_down_ll_lh,ordered_dow_wave3_break_below_swing_low,false,true,false,LONG,PERIOD_M5,inverse_head_and_shoulders,inverse_head_and_shoulders,4.500,none,0.000,inverse_head_and_shoulders,4.500,none,0.000,LONG,false,PERIOD_H1_SHORT_dow_trend_down_ll_lh|PERIOD_M15_SHORT_ordered_dow_wave3_break_below_swing_low,true,h1_counter_m15_reversal,true,top_SHORT_dow_trend_down_ll_lh|structure_SHORT_ordered_dow_wave3_break_below_swing_low|structure_break_recent_confirmed_swing_break_failed|primary_break_recent_confirmed_swing_break_retest,none,below_75sma_falling,below_75sma_falling,above_75sma_flat_or_falling,-1,0.00000000,0,150.22200000,false,off,NONE,NONE,0.00000000,0.00000000,0.0000,none,0.000,true,LONG,return_high_break_or_bos_up,150.41600000,17,150.44000000,150.03800000,false,off,independent,false,,,false,0.0000,none,0.0000,0.0000,none,0.0000,0.0000,0.0000,none,0.0000,0,0,0.0000,none,none,none,none,0.0000,0,0.0000,none,false,true,not_evaluated,true,required_light_or_anchor_flip,bias_flip_up,150.20200000,2025.10.16 22:30:00,150.22200000,2025.10.17 03:00:00,2025.10.17 03:15:00,true,LONG,150.22200000,150.23700000,0.1393,0,true,2025.10.17 04:00:00,0,LONG,150.22200000,150.23700000,0.1393,0.1301,normal,2025.10.17 04:00:00,first_after_anchor,true,LONG,0,0,0,true,false,fresh_0_4,true,false,false,true,none,true,required,true,PERIOD_M5,2025.10.17 04:05:00,2025.10.17 04:10:00,3,0.2135,true,150.22200000,0.2135,true,0.2135,true,m5_bos_up_after_anchor_retest,failed_close_back_inside,false,post_anchor_close_back_inside,true,required_first_signal_only,LONG,no_confirmed_micro_anchor,0.00000000,,0.00000000,,false,,-1,false,NONE,0.00000000,,0.00000000,0.0000,0.0000,none,-1,false,false,false,insufficient_confirmed_m5_pivots,USDJPY|LONG|1760673600|150.222,,,false,false,false,-1,-1,-1,-1,-1,false,false,false,0.0000,range_n,true,150.44000000,150.03800000,3.7346,true,0.1301,0.8750,0,normal,true,0.2662,shallow_236_382,0.080,diagnostic_only,diagnostic_only,diagnostic_only,fib_pullback,24,0.280,true,none,0.430,high_quality,false,false,diagnostic_only,both,true,none,true,diagnostic_adjacent_detected,required_light,false,false,SHORT,3,false,false,0,,,-1,0.0000,0.00000000,0.00000000,0.00000000,false,false,none,0.00000000,false,0.0000,0.0000,false,1,0.0000,false,-1,0.00000000,0.0000,off,false,not_evaluated,none,0.0000,0.0000,none,false,false,false,0.0000,none,false,none,0.0000,false,none,0.0000,0.0000,0.0000,0.0000,false,none,0.0000,none,none,false,false,none,0.0000,0.0000,0.0000,0.0000,none,false,false,0.0000,0.0000,false,false,-1,none,none,false,0.000,0.000,150.43200000,150.32600000,150.43200000,current_day_high,0.09900000,0.4008,session_high|opening_range_high|neckline_level,150.32600000,0.0787,false,true,true,false,not_blocked,3,1,2,m5_failure_exit,off,none,0.00000000,0.0000,1.30,150.65400000,4.500,-0.300,0.200,PERIOD_M15,150.43200000,150.27800000,0.6429,deep_618_786,0.000,true,150.33300000,150.08600000,0.24700000,150.65400000,1.300,0.08900000,15.00,60-90,true,false,none,blocked_session_invalidated,4.800,4.800,none,0.0000,false,opposite_break_first,true,opposite_break_first,session_invalidated
2025.10.17 19:15:00,signal,session_reversal_pullback_one_symbol_first120,GBPUSD,LONG,2025.10.17 19:10:00,19,16,1,new_york,2025.10.17 16:00,10,first_120min,true,true,3,GBPUSD,highest_score_in_session_bar,new_york=USDJPY|EURJPY|GBPJPY|AUDJPY|EURUSD|GBPUSD,existing_first120_gate,new_york,false,false,true,passed_first_window,inverse_head_and_shoulders,neckline_break_retest,1.34128000,PERIOD_M5,PERIOD_H1,PERIOD_M15,PERIOD_M5,PERIOD_M5,false,htf_soft_alignment,current_post_filter,transcript_post_filter,dow_trend_down_ll_lh,no_ordered_dow_wave3_break,dow_trend_down_ll_lh,no_ordered_dow_wave3_break,false,true,false,LONG,PERIOD_M5,inverse_head_and_shoulders,inverse_head_and_shoulders,4.500,none,0.000,inverse_head_and_shoulders,4.500,none,0.000,LONG,false,PERIOD_H1_SHORT_dow_trend_down_ll_lh|PERIOD_M15_NONE_no_ordered_dow_wave3_break,true,h1_counter_m15_reversal,true,top_SHORT_dow_trend_down_ll_lh|structure_NONE_no_ordered_dow_wave3_break|structure_break_recent_confirmed_swing_break_failed|primary_break_no_recent_confirmed_swing_break,none,above_75sma_rising,below_75sma_falling,above_75sma_flat_or_falling,-1,0.00000000,-1,0.00000000,false,off,NONE,NONE,0.00000000,0.00000000,0.0000,none,0.000,true,LONG,return_high_break_or_bos_up,1.34375000,20,1.34422000,1.33899000,false,off,independent,false,,,false,0.0000,none,0.0000,0.0000,none,0.0000,0.0000,0.0000,none,0.0000,0,0,0.0000,none,none,none,none,0.0000,0,0.0000,none,false,true,not_evaluated,true,required_light_or_anchor_flip,short_bias,1.34268000,2025.10.17 13:00:00,1.34218000,2025.10.17 16:30:00,2025.10.17 18:00:00,false,NONE,0.00000000,0.00000000,0.0000,-1,false,,-1,NONE,0.00000000,0.00000000,0.0000,0.0000,none,,none,false,NONE,-1,-1,-1,false,false,none,false,true,false,true,none,true,required,false,PERIOD_M5,,,-1,0.0000,false,0.00000000,0.0000,false,0.0000,false,none,none,false,no_anchor_flip_in_entry_direction,true,required_first_signal_only,LONG,unknown,0.00000000,,0.00000000,,false,,-1,false,NONE,0.00000000,,0.00000000,0.0000,0.0000,none,-1,false,false,false,no_anchor_flip_in_entry_direction,,,,false,false,false,-1,-1,-1,-1,-1,false,false,false,0.0000,falling_n,false,1.34422000,1.33899000,4.9406,false,0.0000,0.0000,0,none,true,0.3518,shallow_236_382,0.080,diagnostic_only,diagnostic_only,diagnostic_only,deep_pullback,4,0.320,true,none,0.470,high_quality,false,false,diagnostic_only,both,true,none,true,diagnostic_adjacent_detected,required_light,false,false,SHORT,2,false,false,0,,,-1,0.0000,0.00000000,0.00000000,0.00000000,false,false,none,0.00000000,false,0.0000,0.0000,false,1,0.0000,false,-1,0.00000000,0.0000,off,false,not_evaluated,none,0.0000,0.0000,none,false,false,false,0.0000,none,false,none,0.0000,false,none,0.0000,0.0000,0.0000,0.0000,false,none,0.0000,none,none,false,false,none,0.0000,0.0000,0.0000,0.0000,none,false,false,0.0000,0.0000,false,false,-1,none,none,false,0.000,0.000,1.34422000,1.34223000,1.34422000,top_context_confirmed_swing_high,0.00184000,1.0888,session_high|opening_range_high|neckline_level,1.34223000,0.2665,false,true,false,false,not_blocked,1,1,0,m5_failure_exit,off,none,0.00000000,0.0000,1.30,1.34458000,4.500,0.150,0.200,PERIOD_M15,1.34218000,1.33899000,-0.0627,outside,0.000,true,1.34238000,1.34069000,0.00169000,1.34458000,1.302,0.00056286,20.00,0-30,true,false,none,not_consumed,5.050,5.050,none,0.0000,false,opposite_break_first,true,opposite_break_first,spread_too_high
2025.10.17 19:15:00,blocked,session_reversal_pullback_one_symbol_first120,GBPUSD,LONG,2025.10.17 19:10:00,19,16,1,new_york,2025.10.17 16:00,10,first_120min,true,true,3,GBPUSD,highest_score_in_session_bar,new_york=USDJPY|EURJPY|GBPJPY|AUDJPY|EURUSD|GBPUSD,existing_first120_gate,new_york,false,false,true,passed_first_window,inverse_head_and_shoulders,neckline_break_retest,1.34128000,PERIOD_M5,PERIOD_H1,PERIOD_M15,PERIOD_M5,PERIOD_M5,false,htf_soft_alignment,current_post_filter,transcript_post_filter,dow_trend_down_ll_lh,no_ordered_dow_wave3_break,dow_trend_down_ll_lh,no_ordered_dow_wave3_break,false,true,false,LONG,PERIOD_M5,inverse_head_and_shoulders,inverse_head_and_shoulders,4.500,none,0.000,inverse_head_and_shoulders,4.500,none,0.000,LONG,false,PERIOD_H1_SHORT_dow_trend_down_ll_lh|PERIOD_M15_NONE_no_ordered_dow_wave3_break,true,h1_counter_m15_reversal,true,top_SHORT_dow_trend_down_ll_lh|structure_NONE_no_ordered_dow_wave3_break|structure_break_recent_confirmed_swing_break_failed|primary_break_no_recent_confirmed_swing_break,none,above_75sma_rising,below_75sma_falling,above_75sma_flat_or_falling,-1,0.00000000,-1,0.00000000,false,off,NONE,NONE,0.00000000,0.00000000,0.0000,none,0.000,true,LONG,return_high_break_or_bos_up,1.34375000,20,1.34422000,1.33899000,false,off,independent,false,,,false,0.0000,none,0.0000,0.0000,none,0.0000,0.0000,0.0000,none,0.0000,0,0,0.0000,none,none,none,none,0.0000,0,0.0000,none,false,true,not_evaluated,true,required_light_or_anchor_flip,short_bias,1.34268000,2025.10.17 13:00:00,1.34218000,2025.10.17 16:30:00,2025.10.17 18:00:00,false,NONE,0.00000000,0.00000000,0.0000,-1,false,,-1,NONE,0.00000000,0.00000000,0.0000,0.0000,none,,none,false,NONE,-1,-1,-1,false,false,none,false,true,false,true,none,true,required,false,PERIOD_M5,,,-1,0.0000,false,0.00000000,0.0000,false,0.0000,false,none,none,false,no_anchor_flip_in_entry_direction,true,required_first_signal_only,LONG,unknown,0.00000000,,0.00000000,,false,,-1,false,NONE,0.00000000,,0.00000000,0.0000,0.0000,none,-1,false,false,false,no_anchor_flip_in_entry_direction,,,,false,false,false,-1,-1,-1,-1,-1,false,false,false,0.0000,falling_n,false,1.34422000,1.33899000,4.9406,false,0.0000,0.0000,0,none,true,0.3518,shallow_236_382,0.080,diagnostic_only,diagnostic_only,diagnostic_only,deep_pullback,4,0.320,true,none,0.470,high_quality,false,false,diagnostic_only,both,true,none,true,diagnostic_adjacent_detected,required_light,false,false,SHORT,2,false,false,0,,,-1,0.0000,0.00000000,0.00000000,0.00000000,false,false,none,0.00000000,false,0.0000,0.0000,false,1,0.0000,false,-1,0.00000000,0.0000,off,false,not_evaluated,none,0.0000,0.0000,none,false,false,false,0.0000,none,false,none,0.0000,false,none,0.0000,0.0000,0.0000,0.0000,false,none,0.0000,none,none,false,false,none,0.0000,0.0000,0.0000,0.0000,none,false,false,0.0000,0.0000,false,false,-1,none,none,false,0.000,0.000,1.34422000,1.34223000,1.34422000,top_context_confirmed_swing_high,0.00184000,1.0888,session_high|opening_range_high|neckline_level,1.34223000,0.2665,false,true,false,false,not_blocked,1,1,0,m5_failure_exit,off,none,0.00000000,0.0000,1.30,1.34458000,4.500,0.150,0.200,PERIOD_M15,1.34218000,1.33899000,-0.0627,outside,0.000,true,1.34238000,1.34069000,0.00169000,1.34458000,1.302,0.00056286,20.00,0-30,true,false,none,blocked_spread_too_high,5.050,5.050,none,0.0000,false,opposite_break_first,true,opposite_break_first,spread_too_high
2025.10.20 16:50:00,signal,session_reversal_pullback_one_symbol_first120,EURJPY,SHORT,2025.10.20 16:45:00,16,13,22,london_newyork_overlap,2025.10.20 13:00,45,first_120min,true,true,3,EURJPY,highest_score_in_session_bar,london_newyork_overlap=USDJPY|EURJPY|GBPJPY|AUDJPY|EURUSD|GBPUSD,existing_first120_gate,london_newyork_overlap,true,false,true,passed_first_window,sweep_high_reclaim,sweep_reclaim_retest,175.69300000,PERIOD_M5,PERIOD_H1,PERIOD_M15,PERIOD_M5,PERIOD_M5,false,htf_soft_alignment,current_post_filter,transcript_post_filter,dow_trend_up_hh_hl,no_ordered_dow_wave3_break,dow_trend_up_hh_hl,no_ordered_dow_wave3_break,false,false,true,SHORT,PERIOD_M5,sweep_high_reclaim,sweep_high_reclaim,3.400,none,0.000,sweep_high_reclaim,3.400,none,0.000,SHORT,false,PERIOD_H1_LONG_dow_trend_up_hh_hl|PERIOD_M15_NONE_no_ordered_dow_wave3_break,true,h1_counter_m15_reversal,true,top_LONG_dow_trend_up_hh_hl|structure_NONE_no_ordered_dow_wave3_break|structure_break_recent_confirmed_swing_break_failed|primary_break_recent_confirmed_swing_break_failed,none,below_75sma_falling,below_75sma_falling,below_75sma_falling,-1,0.00000000,-1,0.00000000,false,off,NONE,NONE,0.00000000,0.00000000,0.0000,none,0.000,true,SHORT,return_low_break_or_bos_down,175.54600000,2,175.74000000,175.54600000,false,off,independent,false,,,false,0.0000,none,0.0000,0.0000,none,0.0000,0.0000,0.0000,none,0.0000,0,0,0.0000,none,none,none,none,0.0000,0,0.0000,none,false,true,not_evaluated,true,required_light_or_anchor_flip,short_bias,175.58700000,2025.10.20 09:30:00,175.88100000,2025.10.20 11:30:00,2025.10.20 12:00:00,false,NONE,0.00000000,0.00000000,0.0000,-1,false,,-1,NONE,0.00000000,0.00000000,0.0000,0.0000,none,,none,false,NONE,-1,-1,-1,false,false,none,true,false,false,true,none,true,required,false,PERIOD_M5,,,-1,0.0000,false,0.00000000,0.0000,false,0.0000,false,none,none,false,no_anchor_flip_in_entry_direction,true,required_first_signal_only,SHORT,unknown,0.00000000,,0.00000000,,false,,-1,false,NONE,0.00000000,,0.00000000,0.0000,0.0000,none,-1,false,false,false,no_anchor_flip_in_entry_direction,,,,false,false,false,-1,-1,-1,-1,-1,false,false,false,0.0000,range_n,true,175.88100000,175.23100000,5.9633,false,0.0000,0.0000,0,none,true,0.5994,preferred_382_618,0.200,diagnostic_only,diagnostic_only,diagnostic_only,shallow_pullback,6,0.440,true,none,0.590,medium_quality,false,false,diagnostic_only,both,true,none,true,diagnostic_adjacent_detected,required_light,false,false,LONG,7,false,false,1,2025.10.20 14:50:00,2025.10.20 16:10:00,7,4.6321,0.00000000,175.47200000,175.47200000,false,false,none,0.00000000,false,0.0000,0.0000,false,1,0.0000,false,-1,0.00000000,0.0000,off,false,not_evaluated,none,0.0000,0.0000,none,false,false,false,0.0000,none,false,none,0.0000,false,none,4.6321,1.9185,2.4144,0.5185,false,no_shrink,0.0000,none,none,false,false,none,0.0000,0.0000,0.0000,0.0000,none,false,false,0.0000,0.0000,false,false,-1,none,none,false,0.000,0.000,175.68525000,175.61000000,175.61000000,opening_range_high,0.02800000,0.4058,neckline_level,175.69300000,0.9506,false,true,true,false,not_blocked,2,1,1,m5_failure_exit,off,none,0.00000000,0.0000,1.30,175.54800000,3.400,-0.300,0.200,PERIOD_M15,175.74000000,175.54600000,0.4742,preferred_382_618,0.000,true,175.63800000,175.70700000,0.06900000,175.54800000,1.304,0.05785714,30.00,30-60,true,false,none,not_consumed,3.500,3.500,none,0.0000,false,opposite_break_first,true,opposite_break_first,spread_too_high
2025.10.20 16:50:00,blocked,session_reversal_pullback_one_symbol_first120,EURJPY,SHORT,2025.10.20 16:45:00,16,13,22,london_newyork_overlap,2025.10.20 13:00,45,first_120min,true,true,3,EURJPY,highest_score_in_session_bar,london_newyork_overlap=USDJPY|EURJPY|GBPJPY|AUDJPY|EURUSD|GBPUSD,existing_first120_gate,london_newyork_overlap,true,false,true,passed_first_window,sweep_high_reclaim,sweep_reclaim_retest,175.69300000,PERIOD_M5,PERIOD_H1,PERIOD_M15,PERIOD_M5,PERIOD_M5,false,htf_soft_alignment,current_post_filter,transcript_post_filter,dow_trend_up_hh_hl,no_ordered_dow_wave3_break,dow_trend_up_hh_hl,no_ordered_dow_wave3_break,false,false,true,SHORT,PERIOD_M5,sweep_high_reclaim,sweep_high_reclaim,3.400,none,0.000,sweep_high_reclaim,3.400,none,0.000,SHORT,false,PERIOD_H1_LONG_dow_trend_up_hh_hl|PERIOD_M15_NONE_no_ordered_dow_wave3_break,true,h1_counter_m15_reversal,true,top_LONG_dow_trend_up_hh_hl|structure_NONE_no_ordered_dow_wave3_break|structure_break_recent_confirmed_swing_break_failed|primary_break_recent_confirmed_swing_break_failed,none,below_75sma_falling,below_75sma_falling,below_75sma_falling,-1,0.00000000,-1,0.00000000,false,off,NONE,NONE,0.00000000,0.00000000,0.0000,none,0.000,true,SHORT,return_low_break_or_bos_down,175.54600000,2,175.74000000,175.54600000,false,off,independent,false,,,false,0.0000,none,0.0000,0.0000,none,0.0000,0.0000,0.0000,none,0.0000,0,0,0.0000,none,none,none,none,0.0000,0,0.0000,none,false,true,not_evaluated,true,required_light_or_anchor_flip,short_bias,175.58700000,2025.10.20 09:30:00,175.88100000,2025.10.20 11:30:00,2025.10.20 12:00:00,false,NONE,0.00000000,0.00000000,0.0000,-1,false,,-1,NONE,0.00000000,0.00000000,0.0000,0.0000,none,,none,false,NONE,-1,-1,-1,false,false,none,true,false,false,true,none,true,required,false,PERIOD_M5,,,-1,0.0000,false,0.00000000,0.0000,false,0.0000,false,none,none,false,no_anchor_flip_in_entry_direction,true,required_first_signal_only,SHORT,unknown,0.00000000,,0.00000000,,false,,-1,false,NONE,0.00000000,,0.00000000,0.0000,0.0000,none,-1,false,false,false,no_anchor_flip_in_entry_direction,,,,false,false,false,-1,-1,-1,-1,-1,false,false,false,0.0000,range_n,true,175.88100000,175.23100000,5.9633,false,0.0000,0.0000,0,none,true,0.5994,preferred_382_618,0.200,diagnostic_only,diagnostic_only,diagnostic_only,shallow_pullback,6,0.440,true,none,0.590,medium_quality,false,false,diagnostic_only,both,true,none,true,diagnostic_adjacent_detected,required_light,false,false,LONG,7,false,false,1,2025.10.20 14:50:00,2025.10.20 16:10:00,7,4.6321,0.00000000,175.47200000,175.47200000,false,false,none,0.00000000,false,0.0000,0.0000,false,1,0.0000,false,-1,0.00000000,0.0000,off,false,not_evaluated,none,0.0000,0.0000,none,false,false,false,0.0000,none,false,none,0.0000,false,none,4.6321,1.9185,2.4144,0.5185,false,no_shrink,0.0000,none,none,false,false,none,0.0000,0.0000,0.0000,0.0000,none,false,false,0.0000,0.0000,false,false,-1,none,none,false,0.000,0.000,175.68525000,175.61000000,175.61000000,opening_range_high,0.02800000,0.4058,neckline_level,175.69300000,0.9506,false,true,true,false,not_blocked,2,1,1,m5_failure_exit,off,none,0.00000000,0.0000,1.30,175.54800000,3.400,-0.300,0.200,PERIOD_M15,175.74000000,175.54600000,0.4742,preferred_382_618,0.000,true,175.63800000,175.70700000,0.06900000,175.54800000,1.304,0.05785714,30.00,30-60,true,false,none,blocked_spread_too_high,3.500,3.500,none,0.0000,false,opposite_break_first,true,opposite_break_first,spread_too_high
2025.10.20 19:20:00,signal,session_reversal_pullback_one_symbol_first120,GBPUSD,SHORT,2025.10.20 19:15:00,19,16,1,new_york,2025.10.20 16:00,15,first_120min,true,true,3,GBPUSD,highest_score_in_session_bar,new_york=USDJPY|EURJPY|GBPJPY|AUDJPY|EURUSD|GBPUSD,existing_first120_gate,new_york,false,false,true,passed_first_window,head_and_shoulders,neckline_break_retest,1.34177000,PERIOD_M5,PERIOD_H1,PERIOD_M15,PERIOD_M5,PERIOD_M5,false,htf_soft_alignment,current_post_filter,transcript_post_filter,dow_range_or_transition,no_ordered_dow_wave3_break,dow_range_or_transition,no_ordered_dow_wave3_break,false,false,true,SHORT,PERIOD_M5,head_and_shoulders,head_and_shoulders,4.500,none,0.000,head_and_shoulders,4.500,none,0.000,SHORT,false,PERIOD_H1_NONE_dow_range_or_transition|PERIOD_M15_NONE_no_ordered_dow_wave3_break,true,h1_counter_m15_reversal,true,top_NONE_dow_range_or_transition|structure_NONE_no_ordered_dow_wave3_break|structure_break_recent_confirmed_swing_break_retest|primary_break_recent_confirmed_swing_break_continuation,none,below_75sma_flat_or_rising,below_75sma_falling,above_75sma_flat_or_falling,9,1.34105000,0,1.34197000,false,off,NONE,NONE,0.00000000,0.00000000,0.0000,none,0.000,true,SHORT,return_low_break_or_bos_down,1.34105000,9,1.34312000,1.33990000,false,off,independent,false,,,false,0.0000,none,0.0000,0.0000,none,0.0000,0.0000,0.0000,none,0.0000,0,0,0.0000,none,none,none,none,0.0000,0,0.0000,none,false,true,not_evaluated,true,required_light_or_anchor_flip,short_bias,1.34105000,2025.10.20 11:00:00,1.34377000,2025.10.20 12:15:00,2025.10.20 14:30:00,false,NONE,0.00000000,0.00000000,0.0000,-1,false,,-1,NONE,0.00000000,0.00000000,0.0000,0.0000,none,,none,false,NONE,-1,-1,-1,false,false,none,true,false,false,true,none,true,required,false,PERIOD_M5,,,-1,0.0000,false,0.00000000,0.0000,false,0.0000,false,none,none,false,no_anchor_flip_in_entry_direction,true,required_first_signal_only,SHORT,unknown,0.00000000,,0.00000000,,false,,-1,false,NONE,0.00000000,,0.00000000,0.0000,0.0000,none,-1,false,false,false,no_anchor_flip_in_entry_direction,,,,false,false,false,-1,-1,-1,-1,-1,false,false,false,0.0000,range_n,true,1.34377000,1.33990000,4.4593,false,0.0000,0.0000,0,none,true,0.5155,preferred_382_618,0.200,diagnostic_only,diagnostic_only,diagnostic_only,shallow_pullback,24,0.450,true,none,0.600,high_quality,false,false,diagnostic_only,both,true,none,true,diagnostic_adjacent_detected,required_light,false,false,LONG,4,false,false,2,2025.10.20 17:00:00,2025.10.20 18:50:00,5,5.7303,0.00000000,1.34099000,1.34099000,false,false,none,0.00000000,false,0.0000,0.0000,false,1,0.0000,false,-1,0.00000000,0.0000,off,false,not_evaluated,none,0.0000,0.0000,none,false,false,false,0.0000,none,false,none,0.0000,false,none,3.7303,5.2360,0.7124,0.4944,false,mild_exhaustion,0.0000,none,none,false,false,none,0.0000,0.0000,0.0000,0.0000,none,false,false,0.0000,0.0000,false,false,-1,none,none,false,0.000,0.000,1.34177000,1.34128000,1.34128000,consolidation_zone,0.00028000,0.2393,neckline_level,1.34177000,0.4719,false,true,true,false,not_blocked,6,5,1,m5_failure_exit,off,none,0.00000000,0.0000,1.30,1.34004000,4.500,-0.300,0.200,PERIOD_M15,1.34289000,1.34099000,0.3000,outside,0.000,true,1.34156000,1.34273000,0.00117000,1.34004000,1.299,0.00044500,20.00,0-30,true,false,none,not_consumed,5.150,5.150,none,0.0000,false,neckline_retest_failed,false,not_invalidated,spread_too_high
2025.10.20 19:20:00,blocked,session_reversal_pullback_one_symbol_first120,GBPUSD,SHORT,2025.10.20 19:15:00,19,16,1,new_york,2025.10.20 16:00,15,first_120min,true,true,3,GBPUSD,highest_score_in_session_bar,new_york=USDJPY|EURJPY|GBPJPY|AUDJPY|EURUSD|GBPUSD,existing_first120_gate,new_york,false,false,true,passed_first_window,head_and_shoulders,neckline_break_retest,1.34177000,PERIOD_M5,PERIOD_H1,PERIOD_M15,PERIOD_M5,PERIOD_M5,false,htf_soft_alignment,current_post_filter,transcript_post_filter,dow_range_or_transition,no_ordered_dow_wave3_break,dow_range_or_transition,no_ordered_dow_wave3_break,false,false,true,SHORT,PERIOD_M5,head_and_shoulders,head_and_shoulders,4.500,none,0.000,head_and_shoulders,4.500,none,0.000,SHORT,false,PERIOD_H1_NONE_dow_range_or_transition|PERIOD_M15_NONE_no_ordered_dow_wave3_break,true,h1_counter_m15_reversal,true,top_NONE_dow_range_or_transition|structure_NONE_no_ordered_dow_wave3_break|structure_break_recent_confirmed_swing_break_retest|primary_break_recent_confirmed_swing_break_continuation,none,below_75sma_flat_or_rising,below_75sma_falling,above_75sma_flat_or_falling,9,1.34105000,0,1.34197000,false,off,NONE,NONE,0.00000000,0.00000000,0.0000,none,0.000,true,SHORT,return_low_break_or_bos_down,1.34105000,9,1.34312000,1.33990000,false,off,independent,false,,,false,0.0000,none,0.0000,0.0000,none,0.0000,0.0000,0.0000,none,0.0000,0,0,0.0000,none,none,none,none,0.0000,0,0.0000,none,false,true,not_evaluated,true,required_light_or_anchor_flip,short_bias,1.34105000,2025.10.20 11:00:00,1.34377000,2025.10.20 12:15:00,2025.10.20 14:30:00,false,NONE,0.00000000,0.00000000,0.0000,-1,false,,-1,NONE,0.00000000,0.00000000,0.0000,0.0000,none,,none,false,NONE,-1,-1,-1,false,false,none,true,false,false,true,none,true,required,false,PERIOD_M5,,,-1,0.0000,false,0.00000000,0.0000,false,0.0000,false,none,none,false,no_anchor_flip_in_entry_direction,true,required_first_signal_only,SHORT,unknown,0.00000000,,0.00000000,,false,,-1,false,NONE,0.00000000,,0.00000000,0.0000,0.0000,none,-1,false,false,false,no_anchor_flip_in_entry_direction,,,,false,false,false,-1,-1,-1,-1,-1,false,false,false,0.0000,range_n,true,1.34377000,1.33990000,4.4593,false,0.0000,0.0000,0,none,true,0.5155,preferred_382_618,0.200,diagnostic_only,diagnostic_only,diagnostic_only,shallow_pullback,24,0.450,true,none,0.600,high_quality,false,false,diagnostic_only,both,true,none,true,diagnostic_adjacent_detected,required_light,false,false,LONG,4,false,false,2,2025.10.20 17:00:00,2025.10.20 18:50:00,5,5.7303,0.00000000,1.34099000,1.34099000,false,false,none,0.00000000,false,0.0000,0.0000,false,1,0.0000,false,-1,0.00000000,0.0000,off,false,not_evaluated,none,0.0000,0.0000,none,false,false,false,0.0000,none,false,none,0.0000,false,none,3.7303,5.2360,0.7124,0.4944,false,mild_exhaustion,0.0000,none,none,false,false,none,0.0000,0.0000,0.0000,0.0000,none,false,false,0.0000,0.0000,false,false,-1,none,none,false,0.000,0.000,1.34177000,1.34128000,1.34128000,consolidation_zone,0.00028000,0.2393,neckline_level,1.34177000,0.4719,false,true,true,false,not_blocked,6,5,1,m5_failure_exit,off,none,0.00000000,0.0000,1.30,1.34004000,4.500,-0.300,0.200,PERIOD_M15,1.34289000,1.34099000,0.3000,outside,0.000,true,1.34156000,1.34273000,0.00117000,1.34004000,1.299,0.00044500,20.00,0-30,true,false,none,blocked_spread_too_high,5.150,5.150,none,0.0000,false,neckline_retest_failed,false,not_invalidated,spread_too_high
2025.10.21 03:05:01,signal,session_reversal_pullback_one_symbol_first120,AUDJPY,SHORT,2025.10.21 03:00:00,3,0,9,tokyo,2025.10.21 00:00,0,first_120min,true,true,3,AUDJPY,highest_score_in_session_bar,tokyo=USDJPY|EURJPY|GBPJPY|AUDJPY,existing_first120_gate,tokyo,false,false,true,passed_first_window,sweep_high_reclaim,sweep_reclaim_retest,98.25800000,PERIOD_M5,PERIOD_H1,PERIOD_M15,PERIOD_M5,PERIOD_M5,false,htf_soft_alignment,current_post_filter,transcript_post_filter,dow_range_or_transition,structure_trend_bias_dow_trend_down_ll_lh,dow_range_or_transition,structure_trend_bias_dow_trend_down_ll_lh,false,false,true,SHORT,PERIOD_M5,sweep_high_reclaim,sweep_high_reclaim,3.400,none,0.000,sweep_high_reclaim,3.400,none,0.000,SHORT,false,PERIOD_H1_NONE_dow_range_or_transition|PERIOD_M15_SHORT_structure_trend_bias_dow_trend_down_ll_lh,true,h1_counter_m15_reversal,true,top_NONE_dow_range_or_transition|structure_SHORT_structure_trend_bias_dow_trend_down_ll_lh|structure_break_recent_confirmed_swing_break_failed|primary_break_recent_confirmed_swing_break_retest,none,above_75sma_flat_or_falling,above_75sma_rising,below_75sma_falling,-1,0.00000000,0,98.18300000,false,off,NONE,NONE,0.00000000,0.00000000,0.0000,none,0.000,true,SHORT,return_low_break_or_bos_down,98.12700000,8,98.25800000,98.02800000,false,off,independent,false,,,false,0.0000,none,0.0000,0.0000,none,0.0000,0.0000,0.0000,none,0.0000,0,0,0.0000,none,none,none,none,0.0000,0,0.0000,none,false,true,not_evaluated,true,required_light_or_anchor_flip,long_bias,98.02800000,2025.10.21 00:00:00,98.19100000,2025.10.20 22:45:00,2025.10.21 01:15:00,false,NONE,0.00000000,0.00000000,0.0000,-1,false,,-1,NONE,0.00000000,0.00000000,0.0000,0.0000,none,,none,false,NONE,-1,-1,-1,false,false,none,false,true,false,true,none,true,required,false,PERIOD_M5,,,-1,0.0000,false,0.00000000,0.0000,false,0.0000,false,none,none,false,no_anchor_flip_in_entry_direction,true,required_first_signal_only,SHORT,unknown,0.00000000,,0.00000000,,false,,-1,false,NONE,0.00000000,,0.00000000,0.0000,0.0000,none,-1,false,false,false,no_anchor_flip_in_entry_direction,,,,false,false,false,-1,-1,-1,-1,-1,false,false,false,0.0000,range_n,true,98.24200000,97.86200000,7.4095,false,0.0000,0.0000,0,none,true,0.5783,preferred_382_618,0.200,diagnostic_only,diagnostic_only,diagnostic_only,shallow_pullback,24,0.400,true,none,0.550,medium_quality,false,false,diagnostic_only,both,true,none,true,diagnostic_adjacent_detected,required_light,false,false,LONG,4,false,false,2,2025.10.21 00:00:00,2025.10.21 02:10:00,10,5.8223,0.00000000,98.18300000,98.18300000,true,true,m5_hl_close_break_down,98.18300000,true,0.6087,2.8053,true,1,0.0000,false,0,98.18300000,2.3554,off,false,not_evaluated,none,0.8889,0.1111,very_strong,false,false,false,0.0000,no_following_closed_bar,false,none,0.0000,false,no_retest,1.7202,5.2136,0.3299,0.6087,false,mild_exhaustion,0.0000,none,none,false,false,none,0.0000,0.0000,0.0000,0.0000,none,false,false,0.0000,0.0000,false,false,-1,none,none,false,0.000,0.000,98.18400000,98.14600000,98.14600000,session_low,0.01500000,0.1327,neckline_level,98.25800000,2.5671,false,true,true,false,not_blocked,4,3,1,m5_failure_exit,off,none,0.00000000,0.0000,1.30,98.01400000,3.400,-0.300,0.200,PERIOD_M15,98.19100000,98.02800000,0.8160,outside,0.000,true,98.16100000,98.27400000,0.11300000,98.01400000,1.301,0.03778571,28.00,0-30,true,false,none,not_consumed,3.700,3.700,none,0.0000,false,sweep_reclaim_failed,false,not_invalidated,spread_too_high
2025.10.21 03:05:01,blocked,session_reversal_pullback_one_symbol_first120,AUDJPY,SHORT,2025.10.21 03:00:00,3,0,9,tokyo,2025.10.21 00:00,0,first_120min,true,true,3,AUDJPY,highest_score_in_session_bar,tokyo=USDJPY|EURJPY|GBPJPY|AUDJPY,existing_first120_gate,tokyo,false,false,true,passed_first_window,sweep_high_reclaim,sweep_reclaim_retest,98.25800000,PERIOD_M5,PERIOD_H1,PERIOD_M15,PERIOD_M5,PERIOD_M5,false,htf_soft_alignment,current_post_filter,transcript_post_filter,dow_range_or_transition,structure_trend_bias_dow_trend_down_ll_lh,dow_range_or_transition,structure_trend_bias_dow_trend_down_ll_lh,false,false,true,SHORT,PERIOD_M5,sweep_high_reclaim,sweep_high_reclaim,3.400,none,0.000,sweep_high_reclaim,3.400,none,0.000,SHORT,false,PERIOD_H1_NONE_dow_range_or_transition|PERIOD_M15_SHORT_structure_trend_bias_dow_trend_down_ll_lh,true,h1_counter_m15_reversal,true,top_NONE_dow_range_or_transition|structure_SHORT_structure_trend_bias_dow_trend_down_ll_lh|structure_break_recent_confirmed_swing_break_failed|primary_break_recent_confirmed_swing_break_retest,none,above_75sma_flat_or_falling,above_75sma_rising,below_75sma_falling,-1,0.00000000,0,98.18300000,false,off,NONE,NONE,0.00000000,0.00000000,0.0000,none,0.000,true,SHORT,return_low_break_or_bos_down,98.12700000,8,98.25800000,98.02800000,false,off,independent,false,,,false,0.0000,none,0.0000,0.0000,none,0.0000,0.0000,0.0000,none,0.0000,0,0,0.0000,none,none,none,none,0.0000,0,0.0000,none,false,true,not_evaluated,true,required_light_or_anchor_flip,long_bias,98.02800000,2025.10.21 00:00:00,98.19100000,2025.10.20 22:45:00,2025.10.21 01:15:00,false,NONE,0.00000000,0.00000000,0.0000,-1,false,,-1,NONE,0.00000000,0.00000000,0.0000,0.0000,none,,none,false,NONE,-1,-1,-1,false,false,none,false,true,false,true,none,true,required,false,PERIOD_M5,,,-1,0.0000,false,0.00000000,0.0000,false,0.0000,false,none,none,false,no_anchor_flip_in_entry_direction,true,required_first_signal_only,SHORT,unknown,0.00000000,,0.00000000,,false,,-1,false,NONE,0.00000000,,0.00000000,0.0000,0.0000,none,-1,false,false,false,no_anchor_flip_in_entry_direction,,,,false,false,false,-1,-1,-1,-1,-1,false,false,false,0.0000,range_n,true,98.24200000,97.86200000,7.4095,false,0.0000,0.0000,0,none,true,0.5783,preferred_382_618,0.200,diagnostic_only,diagnostic_only,diagnostic_only,shallow_pullback,24,0.400,true,none,0.550,medium_quality,false,false,diagnostic_only,both,true,none,true,diagnostic_adjacent_detected,required_light,false,false,LONG,4,false,false,2,2025.10.21 00:00:00,2025.10.21 02:10:00,10,5.8223,0.00000000,98.18300000,98.18300000,true,true,m5_hl_close_break_down,98.18300000,true,0.6087,2.8053,true,1,0.0000,false,0,98.18300000,2.3554,off,false,not_evaluated,none,0.8889,0.1111,very_strong,false,false,false,0.0000,no_following_closed_bar,false,none,0.0000,false,no_retest,1.7202,5.2136,0.3299,0.6087,false,mild_exhaustion,0.0000,none,none,false,false,none,0.0000,0.0000,0.0000,0.0000,none,false,false,0.0000,0.0000,false,false,-1,none,none,false,0.000,0.000,98.18400000,98.14600000,98.14600000,session_low,0.01500000,0.1327,neckline_level,98.25800000,2.5671,false,true,true,false,not_blocked,4,3,1,m5_failure_exit,off,none,0.00000000,0.0000,1.30,98.01400000,3.400,-0.300,0.200,PERIOD_M15,98.19100000,98.02800000,0.8160,outside,0.000,true,98.16100000,98.27400000,0.11300000,98.01400000,1.301,0.03778571,28.00,0-30,true,false,none,blocked_spread_too_high,3.700,3.700,none,0.0000,false,sweep_reclaim_failed,false,not_invalidated,spread_too_high
2025.10.21 10:10:00,signal,session_reversal_pullback_one_symbol_first120,EURJPY,SHORT,2025.10.21 10:05:00,10,7,16,london,2025.10.21 07:00,5,first_120min,true,true,3,EURJPY,highest_score_in_session_bar,london=USDJPY|EURJPY|GBPJPY|AUDJPY|EURUSD|GBPUSD,existing_first120_gate,london,false,false,true,passed_first_window,head_and_shoulders,neckline_break_retest,175.86400000,PERIOD_M5,PERIOD_H1,PERIOD_M15,PERIOD_M5,PERIOD_M5,false,htf_soft_alignment,current_post_filter,transcript_post_filter,dow_range_or_transition,ordered_dow_wave3_break_above_swing_high,dow_range_or_transition,ordered_dow_wave3_break_above_swing_high,false,false,true,SHORT,PERIOD_M5,head_and_shoulders,head_and_shoulders,4.500,none,0.000,head_and_shoulders,4.500,none,0.000,SHORT,false,PERIOD_H1_NONE_dow_range_or_transition|PERIOD_M15_LONG_ordered_dow_wave3_break_above_swing_high,true,h1_counter_m15_reversal,true,top_NONE_dow_range_or_transition|structure_LONG_ordered_dow_wave3_break_above_swing_high|structure_break_recent_confirmed_swing_break_failed|primary_break_recent_confirmed_swing_break_retest,none,above_75sma_rising,above_75sma_rising,below_75sma_flat_or_rising,-1,0.00000000,0,175.75800000,false,off,NONE,NONE,0.00000000,0.00000000,0.0000,none,0.000,true,SHORT,return_low_break_or_bos_down,175.54600000,23,176.23500000,175.36200000,false,off,independent,false,,,false,0.0000,none,0.0000,0.0000,none,0.0000,0.0000,0.0000,none,0.0000,0,0,0.0000,none,none,none,none,0.0000,0,0.0000,none,false,true,not_evaluated,true,required_light_or_anchor_flip,long_bias,175.33900000,2025.10.21 03:00:00,175.51000000,2025.10.20 23:45:00,2025.10.21 05:00:00,false,NONE,0.00000000,0.00000000,0.0000,-1,false,,-1,NONE,0.00000000,0.00000000,0.0000,0.0000,none,,none,false,NONE,-1,-1,-1,false,false,none,false,true,false,true,none,true,required,false,PERIOD_M5,,,-1,0.0000,false,0.00000000,0.0000,false,0.0000,false,none,none,false,no_anchor_flip_in_entry_direction,true,required_first_signal_only,SHORT,unknown,0.00000000,,0.00000000,,false,,-1,false,NONE,0.00000000,,0.00000000,0.0000,0.0000,none,-1,false,false,false,no_anchor_flip_in_entry_direction,,,,false,false,false,-1,-1,-1,-1,-1,false,false,false,0.0000,rising_n,false,175.89400000,175.33900000,3.4289,false,0.0000,0.0000,0,none,true,0.4330,preferred_382_618,0.200,diagnostic_only,diagnostic_only,diagnostic_only,deep_pullback,24,0.400,true,none,0.550,high_quality,false,false,diagnostic_only,both,true,none,true,diagnostic_adjacent_detected,required_light,false,false,LONG,3,false,false,0,,,-1,0.0000,0.00000000,0.00000000,0.00000000,false,false,none,0.00000000,false,0.0000,0.0000,false,1,0.0000,false,-1,0.00000000,0.0000,off,false,not_evaluated,none,0.0000,0.0000,none,false,false,false,0.0000,none,false,none,0.0000,false,none,0.0000,0.0000,0.0000,0.0000,false,none,0.0000,none,none,false,false,none,0.0000,0.0000,0.0000,0.0000,none,false,false,0.0000,0.0000,false,false,-1,none,none,false,0.000,0.000,175.74100000,175.54800000,175.54800000,structure_confirmed_swing_low,0.19200000,0.7138,session_low|opening_range_low|neckline_level,175.74000000,0.0000,false,true,true,false,not_blocked,2,1,1,m5_failure_exit,off,none,0.00000000,0.0000,1.30,175.39000000,4.500,-0.300,0.200,PERIOD_M15,175.89400000,175.54800000,0.5549,preferred_382_618,0.000,true,175.74000000,176.00900000,0.26900000,175.39000000,1.301,0.08964286,30.00,0-30,true,false,none,not_consumed,4.800,4.800,none,0.0000,false,neckline_retest_failed,false,not_invalidated,spread_too_high
2025.10.21 10:10:00,blocked,session_reversal_pullback_one_symbol_first120,EURJPY,SHORT,2025.10.21 10:05:00,10,7,16,london,2025.10.21 07:00,5,first_120min,true,true,3,EURJPY,highest_score_in_session_bar,london=USDJPY|EURJPY|GBPJPY|AUDJPY|EURUSD|GBPUSD,existing_first120_gate,london,false,false,true,passed_first_window,head_and_shoulders,neckline_break_retest,175.86400000,PERIOD_M5,PERIOD_H1,PERIOD_M15,PERIOD_M5,PERIOD_M5,false,htf_soft_alignment,current_post_filter,transcript_post_filter,dow_range_or_transition,ordered_dow_wave3_break_above_swing_high,dow_range_or_transition,ordered_dow_wave3_break_above_swing_high,false,false,true,SHORT,PERIOD_M5,head_and_shoulders,head_and_shoulders,4.500,none,0.000,head_and_shoulders,4.500,none,0.000,SHORT,false,PERIOD_H1_NONE_dow_range_or_transition|PERIOD_M15_LONG_ordered_dow_wave3_break_above_swing_high,true,h1_counter_m15_reversal,true,top_NONE_dow_range_or_transition|structure_LONG_ordered_dow_wave3_break_above_swing_high|structure_break_recent_confirmed_swing_break_failed|primary_break_recent_confirmed_swing_break_retest,none,above_75sma_rising,above_75sma_rising,below_75sma_flat_or_rising,-1,0.00000000,0,175.75800000,false,off,NONE,NONE,0.00000000,0.00000000,0.0000,none,0.000,true,SHORT,return_low_break_or_bos_down,175.54600000,23,176.23500000,175.36200000,false,off,independent,false,,,false,0.0000,none,0.0000,0.0000,none,0.0000,0.0000,0.0000,none,0.0000,0,0,0.0000,none,none,none,none,0.0000,0,0.0000,none,false,true,not_evaluated,true,required_light_or_anchor_flip,long_bias,175.33900000,2025.10.21 03:00:00,175.51000000,2025.10.20 23:45:00,2025.10.21 05:00:00,false,NONE,0.00000000,0.00000000,0.0000,-1,false,,-1,NONE,0.00000000,0.00000000,0.0000,0.0000,none,,none,false,NONE,-1,-1,-1,false,false,none,false,true,false,true,none,true,required,false,PERIOD_M5,,,-1,0.0000,false,0.00000000,0.0000,false,0.0000,false,none,none,false,no_anchor_flip_in_entry_direction,true,required_first_signal_only,SHORT,unknown,0.00000000,,0.00000000,,false,,-1,false,NONE,0.00000000,,0.00000000,0.0000,0.0000,none,-1,false,false,false,no_anchor_flip_in_entry_direction,,,,false,false,false,-1,-1,-1,-1,-1,false,false,false,0.0000,rising_n,false,175.89400000,175.33900000,3.4289,false,0.0000,0.0000,0,none,true,0.4330,preferred_382_618,0.200,diagnostic_only,diagnostic_only,diagnostic_only,deep_pullback,24,0.400,true,none,0.550,high_quality,false,false,diagnostic_only,both,true,none,true,diagnostic_adjacent_detected,required_light,false,false,LONG,3,false,false,0,,,-1,0.0000,0.00000000,0.00000000,0.00000000,false,false,none,0.00000000,false,0.0000,0.0000,false,1,0.0000,false,-1,0.00000000,0.0000,off,false,not_evaluated,none,0.0000,0.0000,none,false,false,false,0.0000,none,false,none,0.0000,false,none,0.0000,0.0000,0.0000,0.0000,false,none,0.0000,none,none,false,false,none,0.0000,0.0000,0.0000,0.0000,none,false,false,0.0000,0.0000,false,false,-1,none,none,false,0.000,0.000,175.74100000,175.54800000,175.54800000,structure_confirmed_swing_low,0.19200000,0.7138,session_low|opening_range_low|neckline_level,175.74000000,0.0000,false,true,true,false,not_blocked,2,1,1,m5_failure_exit,off,none,0.00000000,0.0000,1.30,175.39000000,4.500,-0.300,0.200,PERIOD_M15,175.89400000,175.54800000,0.5549,preferred_382_618,0.000,true,175.74000000,176.00900000,0.26900000,175.39000000,1.301,0.08964286,30.00,0-30,true,false,none,blocked_spread_too_high,4.800,4.800,none,0.0000,false,neckline_retest_failed,false,not_invalidated,spread_too_high
2025.10.21 16:50:00,signal,session_reversal_pullback_one_symbol_first120,AUDJPY,SHORT,2025.10.21 16:45:00,16,13,22,london_newyork_overlap,2025.10.21 13:00,45,first_120min,true,true,3,AUDJPY,highest_score_in_session_bar,london_newyork_overlap=USDJPY|EURJPY|GBPJPY|AUDJPY|EURUSD|GBPUSD,existing_first120_gate,london_newyork_overlap,false,false,true,passed_first_window,choch_down,first_pullback_after_choch,98.43500000,PERIOD_M5,PERIOD_H1,PERIOD_M15,PERIOD_M5,PERIOD_M5,false,htf_soft_alignment,current_post_filter,transcript_post_filter,dow_range_or_transition,no_ordered_dow_wave3_break,dow_range_or_transition,no_ordered_dow_wave3_break,false,false,true,SHORT,PERIOD_M5,choch_down,choch_down,3.100,none,0.000,choch_down,3.100,none,0.000,SHORT,false,PERIOD_H1_NONE_dow_range_or_transition|PERIOD_M15_NONE_no_ordered_dow_wave3_break,true,h1_counter_m15_reversal,true,top_NONE_dow_range_or_transition|structure_NONE_no_ordered_dow_wave3_break|structure_break_recent_confirmed_swing_break_failed|primary_break_recent_confirmed_swing_break_continuation,none,above_75sma_rising,above_75sma_rising,below_75sma_flat_or_rising,-1,0.00000000,0,98.61800000,false,off,NONE,NONE,0.00000000,0.00000000,0.0000,none,0.000,true,SHORT,return_low_break_or_bos_down,98.07800000,22,98.76500000,97.90700000,false,off,independent,false,,,false,0.0000,none,0.0000,0.0000,none,0.0000,0.0000,0.0000,none,0.0000,0,0,0.0000,none,none,none,none,0.0000,0,0.0000,none,false,true,not_evaluated,true,required_light_or_anchor_flip,long_bias,97.90700000,2025.10.21 11:15:00,98.42700000,2025.10.21 08:30:00,2025.10.21 15:30:00,false,NONE,0.00000000,0.00000000,0.0000,-1,false,,-1,NONE,0.00000000,0.00000000,0.0000,0.0000,none,,none,false,NONE,-1,-1,-1,false,false,none,false,true,false,true,none,true,required,false,PERIOD_M5,,,-1,0.0000,false,0.00000000,0.0000,false,0.0000,false,none,none,false,no_anchor_flip_in_entry_direction,true,required_first_signal_only,SHORT,unknown,0.00000000,,0.00000000,,false,,-1,false,NONE,0.00000000,,0.00000000,0.0000,0.0000,none,-1,false,false,false,no_anchor_flip_in_entry_direction,,,,false,false,false,-1,-1,-1,-1,-1,false,false,false,0.0000,range_n,true,98.76500000,97.90700000,8.6046,false,0.0000,0.0000,0,none,true,0.4184,preferred_382_618,0.200,diagnostic_only,diagnostic_only,diagnostic_only,fib_pullback,4,0.440,true,none,0.590,low_quality,false,false,diagnostic_only,both,true,none,true,diagnostic_adjacent_detected,required_light,false,false,LONG,4,false,false,2,2025.10.21 13:45:00,2025.10.21 15:35:00,14,3.4075,0.00000000,98.61800000,98.61800000,true,true,m5_hl_close_break_down,98.61800000,true,0.8168,2.1440,true,1,0.0000,false,8,98.61800000,0.3191,off,false,not_evaluated,none,0.9672,0.0328,very_strong,true,false,false,0.0000,held_clean,true,favorable_side,0.3000,true,clean_retest,1.8760,2.3865,0.7861,1.0210,false,mild_exhaustion,0.0000,none,none,false,false,none,0.0000,0.0000,0.0000,0.0000,none,false,false,0.0000,0.0000,false,false,-1,none,none,false,0.000,0.000,98.35700000,98.00000000,98.00000000,round_number,0.26600000,1.1319,session_low|opening_range_low|neckline_level,98.26600000,0.0000,false,false,true,false,not_blocked,1,0,1,m5_failure_exit,off,none,0.00000000,0.0000,1.30,97.96000000,3.100,0.150,0.200,PERIOD_M15,98.76500000,97.90700000,0.4184,preferred_382_618,0.000,true,98.26600000,98.50100000,0.23500000,97.96000000,1.302,0.07835714,28.00,30-60,true,false,none,not_consumed,3.850,3.850,none,0.0000,false,choch_failed,false,not_invalidated,spread_too_high
2025.10.21 16:50:00,blocked,session_reversal_pullback_one_symbol_first120,AUDJPY,SHORT,2025.10.21 16:45:00,16,13,22,london_newyork_overlap,2025.10.21 13:00,45,first_120min,true,true,3,AUDJPY,highest_score_in_session_bar,london_newyork_overlap=USDJPY|EURJPY|GBPJPY|AUDJPY|EURUSD|GBPUSD,existing_first120_gate,london_newyork_overlap,false,false,true,passed_first_window,choch_down,first_pullback_after_choch,98.43500000,PERIOD_M5,PERIOD_H1,PERIOD_M15,PERIOD_M5,PERIOD_M5,false,htf_soft_alignment,current_post_filter,transcript_post_filter,dow_range_or_transition,no_ordered_dow_wave3_break,dow_range_or_transition,no_ordered_dow_wave3_break,false,false,true,SHORT,PERIOD_M5,choch_down,choch_down,3.100,none,0.000,choch_down,3.100,none,0.000,SHORT,false,PERIOD_H1_NONE_dow_range_or_transition|PERIOD_M15_NONE_no_ordered_dow_wave3_break,true,h1_counter_m15_reversal,true,top_NONE_dow_range_or_transition|structure_NONE_no_ordered_dow_wave3_break|structure_break_recent_confirmed_swing_break_failed|primary_break_recent_confirmed_swing_break_continuation,none,above_75sma_rising,above_75sma_rising,below_75sma_flat_or_rising,-1,0.00000000,0,98.61800000,false,off,NONE,NONE,0.00000000,0.00000000,0.0000,none,0.000,true,SHORT,return_low_break_or_bos_down,98.07800000,22,98.76500000,97.90700000,false,off,independent,false,,,false,0.0000,none,0.0000,0.0000,none,0.0000,0.0000,0.0000,none,0.0000,0,0,0.0000,none,none,none,none,0.0000,0,0.0000,none,false,true,not_evaluated,true,required_light_or_anchor_flip,long_bias,97.90700000,2025.10.21 11:15:00,98.42700000,2025.10.21 08:30:00,2025.10.21 15:30:00,false,NONE,0.00000000,0.00000000,0.0000,-1,false,,-1,NONE,0.00000000,0.00000000,0.0000,0.0000,none,,none,false,NONE,-1,-1,-1,false,false,none,false,true,false,true,none,true,required,false,PERIOD_M5,,,-1,0.0000,false,0.00000000,0.0000,false,0.0000,false,none,none,false,no_anchor_flip_in_entry_direction,true,required_first_signal_only,SHORT,unknown,0.00000000,,0.00000000,,false,,-1,false,NONE,0.00000000,,0.00000000,0.0000,0.0000,none,-1,false,false,false,no_anchor_flip_in_entry_direction,,,,false,false,false,-1,-1,-1,-1,-1,false,false,false,0.0000,range_n,true,98.76500000,97.90700000,8.6046,false,0.0000,0.0000,0,none,true,0.4184,preferred_382_618,0.200,diagnostic_only,diagnostic_only,diagnostic_only,fib_pullback,4,0.440,true,none,0.590,low_quality,false,false,diagnostic_only,both,true,none,true,diagnostic_adjacent_detected,required_light,false,false,LONG,4,false,false,2,2025.10.21 13:45:00,2025.10.21 15:35:00,14,3.4075,0.00000000,98.61800000,98.61800000,true,true,m5_hl_close_break_down,98.61800000,true,0.8168,2.1440,true,1,0.0000,false,8,98.61800000,0.3191,off,false,not_evaluated,none,0.9672,0.0328,very_strong,true,false,false,0.0000,held_clean,true,favorable_side,0.3000,true,clean_retest,1.8760,2.3865,0.7861,1.0210,false,mild_exhaustion,0.0000,none,none,false,false,none,0.0000,0.0000,0.0000,0.0000,none,false,false,0.0000,0.0000,false,false,-1,none,none,false,0.000,0.000,98.35700000,98.00000000,98.00000000,round_number,0.26600000,1.1319,session_low|opening_range_low|neckline_level,98.26600000,0.0000,false,false,true,false,not_blocked,1,0,1,m5_failure_exit,off,none,0.00000000,0.0000,1.30,97.96000000,3.100,0.150,0.200,PERIOD_M15,98.76500000,97.90700000,0.4184,preferred_382_618,0.000,true,98.26600000,98.50100000,0.23500000,97.96000000,1.302,0.07835714,28.00,30-60,true,false,none,blocked_spread_too_high,3.850,3.850,none,0.0000,false,choch_failed,false,not_invalidated,spread_too_high
2025.10.21 19:05:00,signal,session_reversal_pullback_one_symbol_first120,USDJPY,LONG,2025.10.21 19:00:00,19,16,1,new_york,2025.10.21 16:00,0,first_120min,true,true,3,USDJPY,highest_score_in_session_bar,new_york=USDJPY|EURJPY|GBPJPY|AUDJPY|EURUSD|GBPUSD,existing_first120_gate,new_york,false,false,true,passed_first_window,double_bottom,neckline_break_retest,151.67200000,PERIOD_M5,PERIOD_H1,PERIOD_M15,PERIOD_M5,PERIOD_M5,false,htf_soft_alignment,current_post_filter,transcript_post_filter,dow_range_or_transition,structure_trend_bias_dow_trend_down_ll_lh,dow_range_or_transition,structure_trend_bias_dow_trend_down_ll_lh,false,true,true,LONG,PERIOD_M5,double_bottom,double_bottom,4.200,none,0.000,double_bottom,4.200,none,0.000,LONG,false,PERIOD_H1_NONE_dow_range_or_transition|PERIOD_M15_SHORT_structure_trend_bias_dow_trend_down_ll_lh,true,h1_counter_m15_reversal,true,top_NONE_dow_range_or_transition|structure_SHORT_structure_trend_bias_dow_trend_down_ll_lh|structure_break_recent_confirmed_swing_break_failed|primary_break_recent_confirmed_swing_break_retest,none,above_75sma_rising,above_75sma_rising,below_75sma_flat_or_rising,-1,0.00000000,3,151.75900000,false,off,NONE,NONE,0.00000000,0.00000000,0.0000,none,0.000,true,LONG,return_high_break_or_bos_up,152.04300000,13,152.16800000,151.45100000,false,off,independent,false,,,false,0.0000,none,0.0000,0.0000,none,0.0000,0.0000,0.0000,none,0.0000,0,0,0.0000,none,none,none,none,0.0000,0,0.0000,none,false,true,not_evaluated,true,required_light_or_anchor_flip,short_bias,151.80100000,2025.10.21 14:15:00,152.16800000,2025.10.21 15:45:00,2025.10.21 17:00:00,false,NONE,0.00000000,0.00000000,0.0000,-1,false,,-1,NONE,0.00000000,0.00000000,0.0000,0.0000,none,,none,false,NONE,-1,-1,-1,false,false,none,false,true,false,true,none,true,required,false,PERIOD_M5,,,-1,0.0000,false,0.00000000,0.0000,false,0.0000,false,none,none,false,no_anchor_flip_in_entry_direction,true,required_first_signal_only,LONG,unknown,0.00000000,,0.00000000,,false,,-1,false,NONE,0.00000000,,0.00000000,0.0000,0.0000,none,-1,false,false,false,no_anchor_flip_in_entry_direction,,,,false,false,false,-1,-1,-1,-1,-1,false,false,false,0.0000,falling_n,false,152.16800000,151.05500000,6.7019,false,0.0000,0.0000,0,none,true,0.5397,preferred_382_618,0.200,diagnostic_only,diagnostic_only,diagnostic_only,shallow_pullback,24,0.400,true,none,0.550,high_quality,false,false,diagnostic_only,both,true,none,true,diagnostic_adjacent_detected,required_light,false,false,SHORT,3,false,false,0,,,-1,0.0000,0.00000000,0.00000000,0.00000000,false,false,none,0.00000000,false,0.0000,0.0000,false,1,0.0000,false,-1,0.00000000,0.0000,off,false,not_evaluated,none,0.0000,0.0000,none,false,false,false,0.0000,none,false,none,0.0000,false,none,0.0000,0.0000,0.0000,0.0000,false,none,0.0000,none,none,false,false,none,0.0000,0.0000,0.0000,0.0000,none,false,false,0.0000,0.0000,false,false,-1,none,none,false,0.000,0.000,151.79957895,151.77100000,151.79957895,recent_equal_highs,0.01857895,0.0920,session_high|opening_range_high|neckline_level,151.75800000,0.3407,false,true,true,false,not_blocked,5,3,2,m5_failure_exit,off,none,0.00000000,0.0000,1.30,152.04400000,4.200,-0.300,0.200,PERIOD_M15,151.87700000,151.45100000,0.2254,outside,0.000,true,151.78100000,151.57900000,0.20200000,152.04400000,1.302,0.06750000,23.00,0-30,true,false,none,not_consumed,4.500,4.500,none,0.0000,false,opposite_break_first,true,opposite_break_first,spread_too_high
2025.10.21 19:05:00,blocked,session_reversal_pullback_one_symbol_first120,USDJPY,LONG,2025.10.21 19:00:00,19,16,1,new_york,2025.10.21 16:00,0,first_120min,true,true,3,USDJPY,highest_score_in_session_bar,new_york=USDJPY|EURJPY|GBPJPY|AUDJPY|EURUSD|GBPUSD,existing_first120_gate,new_york,false,false,true,passed_first_window,double_bottom,neckline_break_retest,151.67200000,PERIOD_M5,PERIOD_H1,PERIOD_M15,PERIOD_M5,PERIOD_M5,false,htf_soft_alignment,current_post_filter,transcript_post_filter,dow_range_or_transition,structure_trend_bias_dow_trend_down_ll_lh,dow_range_or_transition,structure_trend_bias_dow_trend_down_ll_lh,false,true,true,LONG,PERIOD_M5,double_bottom,double_bottom,4.200,none,0.000,double_bottom,4.200,none,0.000,LONG,false,PERIOD_H1_NONE_dow_range_or_transition|PERIOD_M15_SHORT_structure_trend_bias_dow_trend_down_ll_lh,true,h1_counter_m15_reversal,true,top_NONE_dow_range_or_transition|structure_SHORT_structure_trend_bias_dow_trend_down_ll_lh|structure_break_recent_confirmed_swing_break_failed|primary_break_recent_confirmed_swing_break_retest,none,above_75sma_rising,above_75sma_rising,below_75sma_flat_or_rising,-1,0.00000000,3,151.75900000,false,off,NONE,NONE,0.00000000,0.00000000,0.0000,none,0.000,true,LONG,return_high_break_or_bos_up,152.04300000,13,152.16800000,151.45100000,false,off,independent,false,,,false,0.0000,none,0.0000,0.0000,none,0.0000,0.0000,0.0000,none,0.0000,0,0,0.0000,none,none,none,none,0.0000,0,0.0000,none,false,true,not_evaluated,true,required_light_or_anchor_flip,short_bias,151.80100000,2025.10.21 14:15:00,152.16800000,2025.10.21 15:45:00,2025.10.21 17:00:00,false,NONE,0.00000000,0.00000000,0.0000,-1,false,,-1,NONE,0.00000000,0.00000000,0.0000,0.0000,none,,none,false,NONE,-1,-1,-1,false,false,none,false,true,false,true,none,true,required,false,PERIOD_M5,,,-1,0.0000,false,0.00000000,0.0000,false,0.0000,false,none,none,false,no_anchor_flip_in_entry_direction,true,required_first_signal_only,LONG,unknown,0.00000000,,0.00000000,,false,,-1,false,NONE,0.00000000,,0.00000000,0.0000,0.0000,none,-1,false,false,false,no_anchor_flip_in_entry_direction,,,,false,false,false,-1,-1,-1,-1,-1,false,false,false,0.0000,falling_n,false,152.16800000,151.05500000,6.7019,false,0.0000,0.0000,0,none,true,0.5397,preferred_382_618,0.200,diagnostic_only,diagnostic_only,diagnostic_only,shallow_pullback,24,0.400,true,none,0.550,high_quality,false,false,diagnostic_only,both,true,none,true,diagnostic_adjacent_detected,required_light,false,false,SHORT,3,false,false,0,,,-1,0.0000,0.00000000,0.00000000,0.00000000,false,false,none,0.00000000,false,0.0000,0.0000,false,1,0.0000,false,-1,0.00000000,0.0000,off,false,not_evaluated,none,0.0000,0.0000,none,false,false,false,0.0000,none,false,none,0.0000,false,none,0.0000,0.0000,0.0000,0.0000,false,none,0.0000,none,none,false,false,none,0.0000,0.0000,0.0000,0.0000,none,false,false,0.0000,0.0000,false,false,-1,none,none,false,0.000,0.000,151.79957895,151.77100000,151.79957895,recent_equal_highs,0.01857895,0.0920,session_high|opening_range_high|neckline_level,151.75800000,0.3407,false,true,true,false,not_blocked,5,3,2,m5_failure_exit,off,none,0.00000000,0.0000,1.30,152.04400000,4.200,-0.300,0.200,PERIOD_M15,151.87700000,151.45100000,0.2254,outside,0.000,true,151.78100000,151.57900000,0.20200000,152.04400000,1.302,0.06750000,23.00,0-30,true,false,none,blocked_spread_too_high,4.500,4.500,none,0.0000,false,opposite_break_first,true,opposite_break_first,spread_too_high
2025.10.22 03:05:00,signal,session_reversal_pullback_one_symbol_first120,AUDJPY,SHORT,2025.10.22 03:00:00,3,0,9,tokyo,2025.10.22 00:00,0,first_120min,true,true,3,AUDJPY,highest_score_in_session_bar,tokyo=USDJPY|EURJPY|GBPJPY|AUDJPY,existing_first120_gate,tokyo,false,false,true,passed_first_window,head_and_shoulders,neckline_break_retest,98.60200000,PERIOD_M5,PERIOD_H1,PERIOD_M15,PERIOD_M5,PERIOD_M5,false,htf_soft_alignment,current_post_filter,transcript_post_filter,dow_trend_up_hh_hl,structure_trend_bias_dow_trend_down_ll_lh,dow_trend_up_hh_hl,structure_trend_bias_dow_trend_down_ll_lh,false,false,true,SHORT,PERIOD_M5,head_and_shoulders,head_and_shoulders,4.500,none,0.000,head_and_shoulders,4.500,none,0.000,SHORT,false,PERIOD_H1_LONG_dow_trend_up_hh_hl|PERIOD_M15_SHORT_structure_trend_bias_dow_trend_down_ll_lh,true,h1_counter_m15_reversal,true,top_LONG_dow_trend_up_hh_hl|structure_SHORT_structure_trend_bias_dow_trend_down_ll_lh|structure_break_recent_confirmed_swing_break_failed|primary_break_recent_confirmed_swing_break_retest,none,above_75sma_rising,above_75sma_rising,below_75sma_flat_or_rising,-1,0.00000000,0,98.60200000,false,off,NONE,NONE,0.00000000,0.00000000,0.0000,none,0.000,true,SHORT,return_low_break_or_bos_down,98.49300000,10,98.63900000,98.46700000,false,off,independent,false,,,false,0.0000,none,0.0000,0.0000,none,0.0000,0.0000,0.0000,none,0.0000,0,0,0.0000,none,none,none,none,0.0000,0,0.0000,none,false,true,not_evaluated,true,required_light_or_anchor_flip,bias_flip_up,97.90700000,2025.10.21 11:15:00,98.61300000,2025.10.21 22:45:00,2025.10.22 00:15:00,true,LONG,98.61300000,98.61800000,0.1232,3,true,2025.10.22 02:00:00,3,LONG,98.61300000,98.61800000,0.1232,0.1232,normal,2025.10.22 02:15:00,first_after_anchor,true,LONG,3,2,3,true,false,fresh_0_4,false,true,false,true,none,true,required,false,PERIOD_M5,,,-1,0.0000,false,0.00000000,0.0000,false,0.0000,false,none,none,false,no_anchor_flip_in_entry_direction,true,required_first_signal_only,SHORT,unknown,0.00000000,,0.00000000,,false,,-1,false,NONE,0.00000000,,0.00000000,0.0000,0.0000,none,-1,false,false,false,no_anchor_flip_in_entry_direction,,,,false,false,false,-1,-1,-1,-1,-1,false,false,false,0.0000,falling_n,false,98.69500000,98.46700000,5.6197,true,0.1232,0.7826,1,normal,true,0.5116,preferred_382_618,0.200,diagnostic_only,diagnostic_only,diagnostic_only,shallow_pullback,24,0.400,true,none,0.550,high_quality,false,false,diagnostic_only,both,true,none,true,diagnostic_adjacent_detected,required_light,false,false,LONG,4,false,false,2,2025.10.22 00:20:00,2025.10.22 02:30:00,6,5.7333,0.00000000,98.60200000,98.60200000,true,true,m5_hl_close_break_down,98.60200000,true,0.7333,0.9000,true,1,0.3333,true,3,98.60200000,0.2333,off,false,not_evaluated,none,0.7179,0.2821,strong,false,true,true,0.3333,failed_1bar,true,favorable_side,0.5067,false,clean_retest,1.2333,3.5333,0.3491,2.2000,false,mild_exhaustion,0.0000,none,none,false,false,none,0.0000,0.0000,0.0000,0.0000,none,false,false,0.0000,0.0000,false,false,-1,none,none,false,0.000,0.000,98.56900000,98.53400000,98.53400000,session_low,0.02100000,0.2360,neckline_level,98.60200000,1.5667,false,true,true,false,not_blocked,6,4,2,m5_failure_exit,off,none,0.00000000,0.0000,1.30,98.43900000,4.500,-0.300,0.200,PERIOD_M15,98.61300000,98.46700000,0.6027,preferred_382_618,0.000,true,98.55500000,98.64400000,0.08900000,98.43900000,1.303,0.03000000,28.00,0-30,true,false,none,not_consumed,4.800,4.800,none,0.0000,false,opposite_break_first,true,opposite_break_first,spread_too_high
2025.10.22 03:05:00,blocked,session_reversal_pullback_one_symbol_first120,AUDJPY,SHORT,2025.10.22 03:00:00,3,0,9,tokyo,2025.10.22 00:00,0,first_120min,true,true,3,AUDJPY,highest_score_in_session_bar,tokyo=USDJPY|EURJPY|GBPJPY|AUDJPY,existing_first120_gate,tokyo,false,false,true,passed_first_window,head_and_shoulders,neckline_break_retest,98.60200000,PERIOD_M5,PERIOD_H1,PERIOD_M15,PERIOD_M5,PERIOD_M5,false,htf_soft_alignment,current_post_filter,transcript_post_filter,dow_trend_up_hh_hl,structure_trend_bias_dow_trend_down_ll_lh,dow_trend_up_hh_hl,structure_trend_bias_dow_trend_down_ll_lh,false,false,true,SHORT,PERIOD_M5,head_and_shoulders,head_and_shoulders,4.500,none,0.000,head_and_shoulders,4.500,none,0.000,SHORT,false,PERIOD_H1_LONG_dow_trend_up_hh_hl|PERIOD_M15_SHORT_structure_trend_bias_dow_trend_down_ll_lh,true,h1_counter_m15_reversal,true,top_LONG_dow_trend_up_hh_hl|structure_SHORT_structure_trend_bias_dow_trend_down_ll_lh|structure_break_recent_confirmed_swing_break_failed|primary_break_recent_confirmed_swing_break_retest,none,above_75sma_rising,above_75sma_rising,below_75sma_flat_or_rising,-1,0.00000000,0,98.60200000,false,off,NONE,NONE,0.00000000,0.00000000,0.0000,none,0.000,true,SHORT,return_low_break_or_bos_down,98.49300000,10,98.63900000,98.46700000,false,off,independent,false,,,false,0.0000,none,0.0000,0.0000,none,0.0000,0.0000,0.0000,none,0.0000,0,0,0.0000,none,none,none,none,0.0000,0,0.0000,none,false,true,not_evaluated,true,required_light_or_anchor_flip,bias_flip_up,97.90700000,2025.10.21 11:15:00,98.61300000,2025.10.21 22:45:00,2025.10.22 00:15:00,true,LONG,98.61300000,98.61800000,0.1232,3,true,2025.10.22 02:00:00,3,LONG,98.61300000,98.61800000,0.1232,0.1232,normal,2025.10.22 02:15:00,first_after_anchor,true,LONG,3,2,3,true,false,fresh_0_4,false,true,false,true,none,true,required,false,PERIOD_M5,,,-1,0.0000,false,0.00000000,0.0000,false,0.0000,false,none,none,false,no_anchor_flip_in_entry_direction,true,required_first_signal_only,SHORT,unknown,0.00000000,,0.00000000,,false,,-1,false,NONE,0.00000000,,0.00000000,0.0000,0.0000,none,-1,false,false,false,no_anchor_flip_in_entry_direction,,,,false,false,false,-1,-1,-1,-1,-1,false,false,false,0.0000,falling_n,false,98.69500000,98.46700000,5.6197,true,0.1232,0.7826,1,normal,true,0.5116,preferred_382_618,0.200,diagnostic_only,diagnostic_only,diagnostic_only,shallow_pullback,24,0.400,true,none,0.550,high_quality,false,false,diagnostic_only,both,true,none,true,diagnostic_adjacent_detected,required_light,false,false,LONG,4,false,false,2,2025.10.22 00:20:00,2025.10.22 02:30:00,6,5.7333,0.00000000,98.60200000,98.60200000,true,true,m5_hl_close_break_down,98.60200000,true,0.7333,0.9000,true,1,0.3333,true,3,98.60200000,0.2333,off,false,not_evaluated,none,0.7179,0.2821,strong,false,true,true,0.3333,failed_1bar,true,favorable_side,0.5067,false,clean_retest,1.2333,3.5333,0.3491,2.2000,false,mild_exhaustion,0.0000,none,none,false,false,none,0.0000,0.0000,0.0000,0.0000,none,false,false,0.0000,0.0000,false,false,-1,none,none,false,0.000,0.000,98.56900000,98.53400000,98.53400000,session_low,0.02100000,0.2360,neckline_level,98.60200000,1.5667,false,true,true,false,not_blocked,6,4,2,m5_failure_exit,off,none,0.00000000,0.0000,1.30,98.43900000,4.500,-0.300,0.200,PERIOD_M15,98.61300000,98.46700000,0.6027,preferred_382_618,0.000,true,98.55500000,98.64400000,0.08900000,98.43900000,1.303,0.03000000,28.00,0-30,true,false,none,blocked_spread_too_high,4.800,4.800,none,0.0000,false,opposite_break_first,true,opposite_break_first,spread_too_high
2025.10.22 10:10:00,signal,session_reversal_pullback_one_symbol_first120,EURJPY,SHORT,2025.10.22 10:05:00,10,7,16,london,2025.10.22 07:00,5,first_120min,true,true,3,EURJPY,highest_score_in_session_bar,london=USDJPY|EURJPY|GBPJPY|AUDJPY|EURUSD|GBPUSD,existing_first120_gate,london,false,false,true,passed_first_window,head_and_shoulders,neckline_break_retest,176.18700000,PERIOD_M5,PERIOD_H1,PERIOD_M15,PERIOD_M5,PERIOD_M5,false,htf_soft_alignment,current_post_filter,transcript_post_filter,dow_range_or_transition,structure_trend_bias_dow_trend_up_hh_hl,dow_range_or_transition,structure_trend_bias_dow_trend_up_hh_hl,false,true,true,SHORT,PERIOD_M5,head_and_shoulders,head_and_shoulders,4.500,none,0.000,head_and_shoulders,4.500,none,0.000,SHORT,false,PERIOD_H1_NONE_dow_range_or_transition|PERIOD_M15_LONG_structure_trend_bias_dow_trend_up_hh_hl,true,h1_counter_m15_reversal,true,top_NONE_dow_range_or_transition|structure_LONG_structure_trend_bias_dow_trend_up_hh_hl|structure_break_recent_confirmed_swing_break_failed|primary_break_recent_confirmed_swing_break_failed,none,above_75sma_rising,below_75sma_falling,above_75sma_rising,-1,0.00000000,-1,0.00000000,false,off,NONE,NONE,0.00000000,0.00000000,0.0000,none,0.000,true,SHORT,return_low_break_or_bos_down,176.10000000,14,176.26500000,175.96100000,false,off,independent,false,,,false,0.0000,none,0.0000,0.0000,none,0.0000,0.0000,0.0000,none,0.0000,0,0,0.0000,none,none,none,none,0.0000,0,0.0000,none,false,true,not_evaluated,true,required_light_or_anchor_flip,long_bias,176.13700000,2025.10.22 07:30:00,176.25700000,2025.10.22 02:30:00,2025.10.22 09:00:00,false,NONE,0.00000000,0.00000000,0.0000,-1,false,,-1,NONE,0.00000000,0.00000000,0.0000,0.0000,none,,none,false,NONE,-1,-1,-1,false,false,none,false,true,false,true,none,true,required,false,PERIOD_M5,,,-1,0.0000,false,0.00000000,0.0000,false,0.0000,false,none,none,false,no_anchor_flip_in_entry_direction,true,required_first_signal_only,SHORT,unknown,0.00000000,,0.00000000,,false,,-1,false,NONE,0.00000000,,0.00000000,0.0000,0.0000,none,-1,false,false,false,no_anchor_flip_in_entry_direction,,,,false,false,false,-1,-1,-1,-1,-1,false,false,false,0.0000,rising_n,false,176.36400000,175.84000000,6.2117,false,0.0000,0.0000,0,none,true,0.6183,deep_618_786,0.120,diagnostic_only,diagnostic_only,diagnostic_only,shallow_pullback,11,0.410,true,none,0.560,high_quality,false,false,diagnostic_only,both,true,none,true,diagnostic_adjacent_detected,required_light,false,false,LONG,6,false,false,1,2025.10.22 07:45:00,2025.10.22 09:35:00,6,2.8521,0.00000000,176.13400000,176.13400000,true,true,m5_hl_close_break_down,176.13400000,true,1.1284,1.2772,true,1,0.3596,false,1,176.13400000,0.3844,off,false,not_evaluated,none,0.7436,0.2564,strong,false,true,true,0.3596,failed_1bar,true,back_inside,0.0144,false,weak_retest,2.8521,0.9424,3.0263,1.6864,false,no_shrink,0.0000,none,none,false,false,none,0.0000,0.0000,0.0000,0.0000,none,false,false,0.0000,0.0000,false,false,-1,none,none,false,0.000,0.000,176.16500000,176.14512500,176.14512500,recent_equal_lows,0.01887500,0.1124,neckline_level,176.18700000,0.2852,false,true,true,false,not_blocked,7,5,2,m5_failure_exit,off,none,0.00000000,0.0000,1.30,175.94600000,4.500,-0.300,0.200,PERIOD_M15,176.26500000,175.96100000,0.6678,deep_618_786,0.000,true,176.16400000,176.33200000,0.16800000,175.94600000,1.298,0.08064286,30.00,0-30,true,false,none,not_consumed,4.600,4.600,none,0.0000,false,neckline_retest_failed,false,not_invalidated,spread_too_high
2025.10.22 10:10:00,blocked,session_reversal_pullback_one_symbol_first120,EURJPY,SHORT,2025.10.22 10:05:00,10,7,16,london,2025.10.22 07:00,5,first_120min,true,true,3,EURJPY,highest_score_in_session_bar,london=USDJPY|EURJPY|GBPJPY|AUDJPY|EURUSD|GBPUSD,existing_first120_gate,london,false,false,true,passed_first_window,head_and_shoulders,neckline_break_retest,176.18700000,PERIOD_M5,PERIOD_H1,PERIOD_M15,PERIOD_M5,PERIOD_M5,false,htf_soft_alignment,current_post_filter,transcript_post_filter,dow_range_or_transition,structure_trend_bias_dow_trend_up_hh_hl,dow_range_or_transition,structure_trend_bias_dow_trend_up_hh_hl,false,true,true,SHORT,PERIOD_M5,head_and_shoulders,head_and_shoulders,4.500,none,0.000,head_and_shoulders,4.500,none,0.000,SHORT,false,PERIOD_H1_NONE_dow_range_or_transition|PERIOD_M15_LONG_structure_trend_bias_dow_trend_up_hh_hl,true,h1_counter_m15_reversal,true,top_NONE_dow_range_or_transition|structure_LONG_structure_trend_bias_dow_trend_up_hh_hl|structure_break_recent_confirmed_swing_break_failed|primary_break_recent_confirmed_swing_break_failed,none,above_75sma_rising,below_75sma_falling,above_75sma_rising,-1,0.00000000,-1,0.00000000,false,off,NONE,NONE,0.00000000,0.00000000,0.0000,none,0.000,true,SHORT,return_low_break_or_bos_down,176.10000000,14,176.26500000,175.96100000,false,off,independent,false,,,false,0.0000,none,0.0000,0.0000,none,0.0000,0.0000,0.0000,none,0.0000,0,0,0.0000,none,none,none,none,0.0000,0,0.0000,none,false,true,not_evaluated,true,required_light_or_anchor_flip,long_bias,176.13700000,2025.10.22 07:30:00,176.25700000,2025.10.22 02:30:00,2025.10.22 09:00:00,false,NONE,0.00000000,0.00000000,0.0000,-1,false,,-1,NONE,0.00000000,0.00000000,0.0000,0.0000,none,,none,false,NONE,-1,-1,-1,false,false,none,false,true,false,true,none,true,required,false,PERIOD_M5,,,-1,0.0000,false,0.00000000,0.0000,false,0.0000,false,none,none,false,no_anchor_flip_in_entry_direction,true,required_first_signal_only,SHORT,unknown,0.00000000,,0.00000000,,false,,-1,false,NONE,0.00000000,,0.00000000,0.0000,0.0000,none,-1,false,false,false,no_anchor_flip_in_entry_direction,,,,false,false,false,-1,-1,-1,-1,-1,false,false,false,0.0000,rising_n,false,176.36400000,175.84000000,6.2117,false,0.0000,0.0000,0,none,true,0.6183,deep_618_786,0.120,diagnostic_only,diagnostic_only,diagnostic_only,shallow_pullback,11,0.410,true,none,0.560,high_quality,false,false,diagnostic_only,both,true,none,true,diagnostic_adjacent_detected,required_light,false,false,LONG,6,false,false,1,2025.10.22 07:45:00,2025.10.22 09:35:00,6,2.8521,0.00000000,176.13400000,176.13400000,true,true,m5_hl_close_break_down,176.13400000,true,1.1284,1.2772,true,1,0.3596,false,1,176.13400000,0.3844,off,false,not_evaluated,none,0.7436,0.2564,strong,false,true,true,0.3596,failed_1bar,true,back_inside,0.0144,false,weak_retest,2.8521,0.9424,3.0263,1.6864,false,no_shrink,0.0000,none,none,false,false,none,0.0000,0.0000,0.0000,0.0000,none,false,false,0.0000,0.0000,false,false,-1,none,none,false,0.000,0.000,176.16500000,176.14512500,176.14512500,recent_equal_lows,0.01887500,0.1124,neckline_level,176.18700000,0.2852,false,true,true,false,not_blocked,7,5,2,m5_failure_exit,off,none,0.00000000,0.0000,1.30,175.94600000,4.500,-0.300,0.200,PERIOD_M15,176.26500000,175.96100000,0.6678,deep_618_786,0.000,true,176.16400000,176.33200000,0.16800000,175.94600000,1.298,0.08064286,30.00,0-30,true,false,none,blocked_spread_too_high,4.600,4.600,none,0.0000,false,neckline_retest_failed,false,not_invalidated,spread_too_high
2025.10.22 16:35:00,signal,session_reversal_pullback_one_symbol_first120,EURUSD,LONG,2025.10.22 16:30:00,16,13,22,london_newyork_overlap,2025.10.22 13:00,30,first_120min,true,true,3,EURUSD,highest_score_in_session_bar,london_newyork_overlap=USDJPY|EURJPY|GBPJPY|AUDJPY|EURUSD|GBPUSD,existing_first120_gate,london_newyork_overlap,false,false,true,passed_first_window,inverse_head_and_shoulders,neckline_break_retest,1.15875000,PERIOD_M5,PERIOD_H1,PERIOD_M15,PERIOD_M5,PERIOD_M5,false,htf_soft_alignment,current_post_filter,transcript_post_filter,dow_trend_down_ll_lh,structure_trend_bias_dow_trend_down_ll_lh,dow_trend_down_ll_lh,structure_trend_bias_dow_trend_down_ll_lh,false,true,false,LONG,PERIOD_M5,inverse_head_and_shoulders,inverse_head_and_shoulders,4.500,none,0.000,inverse_head_and_shoulders,4.500,none,0.000,LONG,false,PERIOD_H1_SHORT_dow_trend_down_ll_lh|PERIOD_M15_SHORT_structure_trend_bias_dow_trend_down_ll_lh,true,h1_counter_m15_reversal,true,top_SHORT_dow_trend_down_ll_lh|structure_SHORT_structure_trend_bias_dow_trend_down_ll_lh|structure_break_recent_confirmed_swing_break_failed|primary_break_recent_confirmed_swing_break_retest,none,below_75sma_falling,below_75sma_falling,above_75sma_flat_or_falling,-1,0.00000000,0,1.15875000,false,off,NONE,NONE,0.00000000,0.00000000,0.0000,none,0.000,true,LONG,return_high_break_or_bos_up,1.16032000,23,1.16064000,1.15760000,false,off,independent,false,,,false,0.0000,none,0.0000,0.0000,none,0.0000,0.0000,0.0000,none,0.0000,0,0,0.0000,none,none,none,none,0.0000,0,0.0000,none,false,true,not_evaluated,true,required_light_or_anchor_flip,bias_flip_down,1.15815000,2025.10.22 14:30:00,1.15884000,2025.10.22 14:00:00,2025.10.22 15:15:00,true,SHORT,1.15815000,1.15794000,0.3189,3,true,2025.10.22 15:30:00,3,SHORT,1.15815000,1.15794000,0.3189,0.8807,normal,2025.10.22 15:30:00,first_after_anchor,true,SHORT,3,3,3,true,false,fresh_0_4,false,true,false,true,none,true,required,false,PERIOD_M5,,,-1,0.0000,false,0.00000000,0.0000,false,0.0000,false,none,none,false,no_anchor_flip_in_entry_direction,true,required_first_signal_only,LONG,unknown,0.00000000,,0.00000000,,false,,-1,false,NONE,0.00000000,,0.00000000,0.0000,0.0000,none,-1,false,false,false,no_anchor_flip_in_entry_direction,,,,false,false,false,-1,-1,-1,-1,-1,false,false,false,0.0000,range_n,true,1.16013000,1.15815000,3.0065,true,0.8807,0.4200,0,normal,true,0.3618,shallow_236_382,0.080,diagnostic_only,diagnostic_only,diagnostic_only,deep_pullback,24,0.280,true,none,0.430,high_quality,false,false,diagnostic_only,both,true,none,true,diagnostic_adjacent_detected,required_light,false,false,SHORT,6,false,false,2,2025.10.22 14:40:00,2025.10.22 15:55:00,7,3.1778,1.15875000,0.00000000,1.15875000,true,true,m5_lh_close_break_up,1.15875000,true,0.4222,1.1778,true,1,0.0000,true,1,1.15875000,0.3111,off,false,not_evaluated,none,0.5500,0.0800,normal,true,false,false,0.0000,held_clean,true,favorable_side,0.0600,false,clean_retest,2.5556,1.9556,1.3068,1.2222,false,no_shrink,0.0000,none,none,false,false,none,0.0000,0.0000,0.0000,0.0000,none,false,false,0.0000,0.0000,false,false,-1,none,none,false,0.000,0.000,1.15969000,1.15938000,1.15969000,previous_day_low,0.00015000,0.1111,session_high|opening_range_high|neckline_level,1.15938000,0.3556,false,true,true,false,not_blocked,2,1,1,m5_failure_exit,off,none,0.00000000,0.0000,1.30,1.16130000,4.500,-0.300,0.200,PERIOD_M15,1.15903000,1.15822000,-0.6296,outside,0.000,true,1.15954000,1.15819000,0.00135000,1.16130000,1.304,0.00045000,18.00,30-60,true,false,none,not_consumed,4.800,4.800,none,0.0000,false,neckline_retest_failed,false,not_invalidated,spread_too_high
2025.10.22 16:35:00,blocked,session_reversal_pullback_one_symbol_first120,EURUSD,LONG,2025.10.22 16:30:00,16,13,22,london_newyork_overlap,2025.10.22 13:00,30,first_120min,true,true,3,EURUSD,highest_score_in_session_bar,london_newyork_overlap=USDJPY|EURJPY|GBPJPY|AUDJPY|EURUSD|GBPUSD,existing_first120_gate,london_newyork_overlap,false,false,true,passed_first_window,inverse_head_and_shoulders,neckline_break_retest,1.15875000,PERIOD_M5,PERIOD_H1,PERIOD_M15,PERIOD_M5,PERIOD_M5,false,htf_soft_alignment,current_post_filter,transcript_post_filter,dow_trend_down_ll_lh,structure_trend_bias_dow_trend_down_ll_lh,dow_trend_down_ll_lh,structure_trend_bias_dow_trend_down_ll_lh,false,true,false,LONG,PERIOD_M5,inverse_head_and_shoulders,inverse_head_and_shoulders,4.500,none,0.000,inverse_head_and_shoulders,4.500,none,0.000,LONG,false,PERIOD_H1_SHORT_dow_trend_down_ll_lh|PERIOD_M15_SHORT_structure_trend_bias_dow_trend_down_ll_lh,true,h1_counter_m15_reversal,true,top_SHORT_dow_trend_down_ll_lh|structure_SHORT_structure_trend_bias_dow_trend_down_ll_lh|structure_break_recent_confirmed_swing_break_failed|primary_break_recent_confirmed_swing_break_retest,none,below_75sma_falling,below_75sma_falling,above_75sma_flat_or_falling,-1,0.00000000,0,1.15875000,false,off,NONE,NONE,0.00000000,0.00000000,0.0000,none,0.000,true,LONG,return_high_break_or_bos_up,1.16032000,23,1.16064000,1.15760000,false,off,independent,false,,,false,0.0000,none,0.0000,0.0000,none,0.0000,0.0000,0.0000,none,0.0000,0,0,0.0000,none,none,none,none,0.0000,0,0.0000,none,false,true,not_evaluated,true,required_light_or_anchor_flip,bias_flip_down,1.15815000,2025.10.22 14:30:00,1.15884000,2025.10.22 14:00:00,2025.10.22 15:15:00,true,SHORT,1.15815000,1.15794000,0.3189,3,true,2025.10.22 15:30:00,3,SHORT,1.15815000,1.15794000,0.3189,0.8807,normal,2025.10.22 15:30:00,first_after_anchor,true,SHORT,3,3,3,true,false,fresh_0_4,false,true,false,true,none,true,required,false,PERIOD_M5,,,-1,0.0000,false,0.00000000,0.0000,false,0.0000,false,none,none,false,no_anchor_flip_in_entry_direction,true,required_first_signal_only,LONG,unknown,0.00000000,,0.00000000,,false,,-1,false,NONE,0.00000000,,0.00000000,0.0000,0.0000,none,-1,false,false,false,no_anchor_flip_in_entry_direction,,,,false,false,false,-1,-1,-1,-1,-1,false,false,false,0.0000,range_n,true,1.16013000,1.15815000,3.0065,true,0.8807,0.4200,0,normal,true,0.3618,shallow_236_382,0.080,diagnostic_only,diagnostic_only,diagnostic_only,deep_pullback,24,0.280,true,none,0.430,high_quality,false,false,diagnostic_only,both,true,none,true,diagnostic_adjacent_detected,required_light,false,false,SHORT,6,false,false,2,2025.10.22 14:40:00,2025.10.22 15:55:00,7,3.1778,1.15875000,0.00000000,1.15875000,true,true,m5_lh_close_break_up,1.15875000,true,0.4222,1.1778,true,1,0.0000,true,1,1.15875000,0.3111,off,false,not_evaluated,none,0.5500,0.0800,normal,true,false,false,0.0000,held_clean,true,favorable_side,0.0600,false,clean_retest,2.5556,1.9556,1.3068,1.2222,false,no_shrink,0.0000,none,none,false,false,none,0.0000,0.0000,0.0000,0.0000,none,false,false,0.0000,0.0000,false,false,-1,none,none,false,0.000,0.000,1.15969000,1.15938000,1.15969000,previous_day_low,0.00015000,0.1111,session_high|opening_range_high|neckline_level,1.15938000,0.3556,false,true,true,false,not_blocked,2,1,1,m5_failure_exit,off,none,0.00000000,0.0000,1.30,1.16130000,4.500,-0.300,0.200,PERIOD_M15,1.15903000,1.15822000,-0.6296,outside,0.000,true,1.15954000,1.15819000,0.00135000,1.16130000,1.304,0.00045000,18.00,30-60,true,false,none,blocked_spread_too_high,4.800,4.800,none,0.0000,false,neckline_retest_failed,false,not_invalidated,spread_too_high
2025.10.22 19:55:00,signal,session_reversal_pullback_one_symbol_first120,AUDJPY,SHORT,2025.10.22 19:50:00,19,16,1,new_york,2025.10.22 16:00,50,first_120min,true,true,3,AUDJPY,highest_score_in_session_bar,new_york=USDJPY|EURJPY|GBPJPY|AUDJPY|EURUSD|GBPUSD,existing_first120_gate,new_york,false,false,true,passed_first_window,head_and_shoulders,neckline_break_retest,98.59600000,PERIOD_M5,PERIOD_H1,PERIOD_M15,PERIOD_M5,PERIOD_M5,false,htf_soft_alignment,current_post_filter,transcript_post_filter,dow_trend_up_hh_hl,structure_trend_bias_dow_trend_up_hh_hl,dow_trend_up_hh_hl,structure_trend_bias_dow_trend_up_hh_hl,false,false,true,SHORT,PERIOD_M5,head_and_shoulders,head_and_shoulders,4.500,none,0.000,head_and_shoulders,4.500,none,0.000,SHORT,false,PERIOD_H1_LONG_dow_trend_up_hh_hl|PERIOD_M15_LONG_structure_trend_bias_dow_trend_up_hh_hl,true,h1_counter_m15_reversal,true,top_LONG_dow_trend_up_hh_hl|structure_LONG_structure_trend_bias_dow_trend_up_hh_hl|structure_break_recent_confirmed_swing_break_failed|primary_break_recent_confirmed_swing_break_continuation,none,above_75sma_rising,below_75sma_flat_or_rising,above_75sma_flat_or_falling,-1,0.00000000,0,98.61400000,false,off,NONE,NONE,0.00000000,0.00000000,0.0000,none,0.000,true,SHORT,return_low_break_or_bos_down,98.44400000,19,98.75100000,98.35300000,false,off,independent,false,,,false,0.0000,none,0.0000,0.0000,none,0.0000,0.0000,0.0000,none,0.0000,0,0,0.0000,none,none,none,none,0.0000,0,0.0000,none,false,true,not_evaluated,true,required_light_or_anchor_flip,long_bias,98.35300000,2025.10.22 14:30:00,98.62100000,2025.10.22 12:45:00,2025.10.22 17:15:00,false,NONE,0.00000000,0.00000000,0.0000,-1,false,,-1,NONE,0.00000000,0.00000000,0.0000,0.0000,none,,none,false,NONE,-1,-1,-1,false,false,none,false,true,false,true,none,true,required,false,PERIOD_M5,,,-1,0.0000,false,0.00000000,0.0000,false,0.0000,false,none,none,false,no_anchor_flip_in_entry_direction,true,required_first_signal_only,SHORT,unknown,0.00000000,,0.00000000,,false,,-1,false,NONE,0.00000000,,0.00000000,0.0000,0.0000,none,-1,false,false,false,no_anchor_flip_in_entry_direction,,,,false,false,false,-1,-1,-1,-1,-1,false,false,false,0.0000,range_n,true,98.75100000,98.35300000,3.0365,false,0.0000,0.0000,0,none,true,0.5477,preferred_382_618,0.200,diagnostic_only,diagnostic_only,diagnostic_only,fib_pullback,24,0.450,true,none,0.600,high_quality,false,false,diagnostic_only,both,true,none,true,diagnostic_adjacent_detected,required_light,false,false,LONG,8,false,false,0,2025.10.22 18:50:00,2025.10.22 19:30:00,4,5.6791,0.00000000,98.19300000,98.19300000,false,false,none,0.00000000,false,0.0000,0.0000,false,1,0.0000,false,-1,0.00000000,0.0000,off,false,not_evaluated,none,0.0000,0.0000,none,false,false,false,0.0000,none,false,none,0.0000,false,none,5.2834,1.1765,4.4909,0.0000,true,strong_exhaustion,0.0000,none,none,false,false,none,0.0000,0.0000,0.0000,0.0000,none,false,false,0.0000,0.0000,false,false,-1,none,none,false,0.000,0.000,98.58585714,98.55200000,98.55200000,recent_rejection_zone,0.01900000,0.1429,neckline_level,98.59600000,0.2674,false,true,true,false,not_blocked,7,3,4,m5_failure_exit,off,none,0.00000000,0.0000,1.30,98.39800000,4.500,-0.300,0.200,PERIOD_M15,98.75100000,98.50500000,0.2683,outside,0.000,true,98.57100000,98.70400000,0.13300000,98.39800000,1.301,0.09350000,28.00,30-60,true,false,none,not_consumed,4.800,4.800,none,0.0000,false,neckline_retest_failed,false,not_invalidated,spread_too_high
2025.10.22 19:55:00,blocked,session_reversal_pullback_one_symbol_first120,AUDJPY,SHORT,2025.10.22 19:50:00,19,16,1,new_york,2025.10.22 16:00,50,first_120min,true,true,3,AUDJPY,highest_score_in_session_bar,new_york=USDJPY|EURJPY|GBPJPY|AUDJPY|EURUSD|GBPUSD,existing_first120_gate,new_york,false,false,true,passed_first_window,head_and_shoulders,neckline_break_retest,98.59600000,PERIOD_M5,PERIOD_H1,PERIOD_M15,PERIOD_M5,PERIOD_M5,false,htf_soft_alignment,current_post_filter,transcript_post_filter,dow_trend_up_hh_hl,structure_trend_bias_dow_trend_up_hh_hl,dow_trend_up_hh_hl,structure_trend_bias_dow_trend_up_hh_hl,false,false,true,SHORT,PERIOD_M5,head_and_shoulders,head_and_shoulders,4.500,none,0.000,head_and_shoulders,4.500,none,0.000,SHORT,false,PERIOD_H1_LONG_dow_trend_up_hh_hl|PERIOD_M15_LONG_structure_trend_bias_dow_trend_up_hh_hl,true,h1_counter_m15_reversal,true,top_LONG_dow_trend_up_hh_hl|structure_LONG_structure_trend_bias_dow_trend_up_hh_hl|structure_break_recent_confirmed_swing_break_failed|primary_break_recent_confirmed_swing_break_continuation,none,above_75sma_rising,below_75sma_flat_or_rising,above_75sma_flat_or_falling,-1,0.00000000,0,98.61400000,false,off,NONE,NONE,0.00000000,0.00000000,0.0000,none,0.000,true,SHORT,return_low_break_or_bos_down,98.44400000,19,98.75100000,98.35300000,false,off,independent,false,,,false,0.0000,none,0.0000,0.0000,none,0.0000,0.0000,0.0000,none,0.0000,0,0,0.0000,none,none,none,none,0.0000,0,0.0000,none,false,true,not_evaluated,true,required_light_or_anchor_flip,long_bias,98.35300000,2025.10.22 14:30:00,98.62100000,2025.10.22 12:45:00,2025.10.22 17:15:00,false,NONE,0.00000000,0.00000000,0.0000,-1,false,,-1,NONE,0.00000000,0.00000000,0.0000,0.0000,none,,none,false,NONE,-1,-1,-1,false,false,none,false,true,false,true,none,true,required,false,PERIOD_M5,,,-1,0.0000,false,0.00000000,0.0000,false,0.0000,false,none,none,false,no_anchor_flip_in_entry_direction,true,required_first_signal_only,SHORT,unknown,0.00000000,,0.00000000,,false,,-1,false,NONE,0.00000000,,0.00000000,0.0000,0.0000,none,-1,false,false,false,no_anchor_flip_in_entry_direction,,,,false,false,false,-1,-1,-1,-1,-1,false,false,false,0.0000,range_n,true,98.75100000,98.35300000,3.0365,false,0.0000,0.0000,0,none,true,0.5477,preferred_382_618,0.200,diagnostic_only,diagnostic_only,diagnostic_only,fib_pullback,24,0.450,true,none,0.600,high_quality,false,false,diagnostic_only,both,true,none,true,diagnostic_adjacent_detected,required_light,false,false,LONG,8,false,false,0,2025.10.22 18:50:00,2025.10.22 19:30:00,4,5.6791,0.00000000,98.19300000,98.19300000,false,false,none,0.00000000,false,0.0000,0.0000,false,1,0.0000,false,-1,0.00000000,0.0000,off,false,not_evaluated,none,0.0000,0.0000,none,false,false,false,0.0000,none,false,none,0.0000,false,none,5.2834,1.1765,4.4909,0.0000,true,strong_exhaustion,0.0000,none,none,false,false,none,0.0000,0.0000,0.0000,0.0000,none,false,false,0.0000,0.0000,false,false,-1,none,none,false,0.000,0.000,98.58585714,98.55200000,98.55200000,recent_rejection_zone,0.01900000,0.1429,neckline_level,98.59600000,0.2674,false,true,true,false,not_blocked,7,3,4,m5_failure_exit,off,none,0.00000000,0.0000,1.30,98.39800000,4.500,-0.300,0.200,PERIOD_M15,98.75100000,98.50500000,0.2683,outside,0.000,true,98.57100000,98.70400000,0.13300000,98.39800000,1.301,0.09350000,28.00,30-60,true,false,none,blocked_spread_too_high,4.800,4.800,none,0.0000,false,neckline_retest_failed,false,not_invalidated,spread_too_high
2025.10.23 10:20:00,signal,session_reversal_pullback_one_symbol_first120,USDJPY,LONG,2025.10.23 10:15:00,10,7,16,london,2025.10.23 07:00,15,first_120min,true,true,3,USDJPY,highest_score_in_session_bar,london=USDJPY|EURJPY|GBPJPY|AUDJPY|EURUSD|GBPUSD,existing_first120_gate,london,true,false,true,passed_first_window,inverse_head_and_shoulders,neckline_break_retest,152.43600000,PERIOD_M5,PERIOD_H1,PERIOD_M15,PERIOD_M5,PERIOD_M5,false,htf_soft_alignment,current_post_filter,transcript_post_filter,dow_range_or_transition,no_ordered_dow_wave3_break,dow_range_or_transition,no_ordered_dow_wave3_break,false,true,false,LONG,PERIOD_M5,inverse_head_and_shoulders,inverse_head_and_shoulders,4.500,none,0.000,inverse_head_and_shoulders,4.500,none,0.000,LONG,false,PERIOD_H1_NONE_dow_range_or_transition|PERIOD_M15_NONE_no_ordered_dow_wave3_break,true,h1_counter_m15_reversal,true,top_NONE_dow_range_or_transition|structure_NONE_no_ordered_dow_wave3_break|structure_break_recent_confirmed_swing_break_retest|primary_break_recent_confirmed_swing_break_continuation,none,above_75sma_rising,above_75sma_rising,above_75sma_rising,1,152.56600000,0,152.39500000,false,off,NONE,NONE,0.00000000,0.00000000,0.0000,none,0.000,true,LONG,return_high_break_or_bos_up,152.56600000,1,152.56600000,152.31200000,false,off,independent,false,,,false,0.0000,none,0.0000,0.0000,none,0.0000,0.0000,0.0000,none,0.0000,0,0,0.0000,none,none,none,none,0.0000,0,0.0000,none,false,true,not_evaluated,true,required_light_or_anchor_flip,bias_flip_up,152.38600000,2025.10.23 06:30:00,152.56600000,2025.10.23 07:00:00,2025.10.23 08:45:00,true,LONG,152.56600000,152.63700000,0.8201,1,true,2025.10.23 09:45:00,1,LONG,152.56600000,152.63700000,0.8201,1.3168,normal,2025.10.23 09:45:00,first_after_anchor,true,LONG,1,1,1,true,false,fresh_0_4,true,false,false,true,none,true,required,true,PERIOD_M5,2025.10.23 09:50:00,2025.10.23 09:55:00,6,0.6246,true,152.56600000,0.6246,true,0.2590,false,none,failed_close_back_inside,false,post_anchor_close_back_inside,true,required_first_signal_only,LONG,unknown,0.00000000,,0.00000000,,false,,-1,false,NONE,0.00000000,,0.00000000,0.0000,0.0000,none,-1,false,false,false,insufficient_confirmed_m5_pivots,USDJPY|LONG|1761212700|152.566,,,false,false,false,-1,-1,-1,-1,-1,false,false,false,0.0000,range_n,true,152.56600000,152.11000000,5.2673,true,1.3168,0.1972,0,normal,true,0.3440,shallow_236_382,0.080,diagnostic_only,diagnostic_only,diagnostic_only,fib_pullback,5,0.320,true,none,0.470,high_quality,false,false,diagnostic_only,both,true,none,true,diagnostic_adjacent_detected,required_light,false,false,SHORT,4,false,false,1,2025.10.23 07:30:00,2025.10.23 09:55:00,4,5.0272,152.64200000,0.00000000,152.64200000,false,false,none,0.00000000,false,0.0000,0.0000,false,1,0.0000,false,-1,0.00000000,0.0000,off,false,not_evaluated,none,0.0000,0.0000,none,false,false,false,0.0000,none,false,none,0.0000,false,none,5.0272,0.4570,11.0000,1.7214,false,no_shrink,0.0000,none,none,false,false,none,0.0000,0.0000,0.0000,0.0000,none,false,false,0.0000,0.0000,false,false,-1,none,none,false,0.000,0.000,152.50000000,152.43600000,152.50000000,wick_cluster_zone,0.04100000,0.2828,neckline_level,152.43600000,0.3504,false,true,true,false,not_blocked,12,6,6,m5_failure_exit,off,none,0.00000000,0.0000,1.30,152.64700000,4.500,-0.300,0.200,PERIOD_M15,152.56600000,152.31200000,0.4213,preferred_382_618,0.000,true,152.45900000,152.31400000,0.14500000,152.64700000,1.297,0.06564286,15.00,0-30,true,false,none,not_consumed,5.150,5.150,none,0.0000,false,opposite_break_first,true,opposite_break_first,spread_too_high
2025.10.23 10:20:00,blocked,session_reversal_pullback_one_symbol_first120,USDJPY,LONG,2025.10.23 10:15:00,10,7,16,london,2025.10.23 07:00,15,first_120min,true,true,3,USDJPY,highest_score_in_session_bar,london=USDJPY|EURJPY|GBPJPY|AUDJPY|EURUSD|GBPUSD,existing_first120_gate,london,true,false,true,passed_first_window,inverse_head_and_shoulders,neckline_break_retest,152.43600000,PERIOD_M5,PERIOD_H1,PERIOD_M15,PERIOD_M5,PERIOD_M5,false,htf_soft_alignment,current_post_filter,transcript_post_filter,dow_range_or_transition,no_ordered_dow_wave3_break,dow_range_or_transition,no_ordered_dow_wave3_break,false,true,false,LONG,PERIOD_M5,inverse_head_and_shoulders,inverse_head_and_shoulders,4.500,none,0.000,inverse_head_and_shoulders,4.500,none,0.000,LONG,false,PERIOD_H1_NONE_dow_range_or_transition|PERIOD_M15_NONE_no_ordered_dow_wave3_break,true,h1_counter_m15_reversal,true,top_NONE_dow_range_or_transition|structure_NONE_no_ordered_dow_wave3_break|structure_break_recent_confirmed_swing_break_retest|primary_break_recent_confirmed_swing_break_continuation,none,above_75sma_rising,above_75sma_rising,above_75sma_rising,1,152.56600000,0,152.39500000,false,off,NONE,NONE,0.00000000,0.00000000,0.0000,none,0.000,true,LONG,return_high_break_or_bos_up,152.56600000,1,152.56600000,152.31200000,false,off,independent,false,,,false,0.0000,none,0.0000,0.0000,none,0.0000,0.0000,0.0000,none,0.0000,0,0,0.0000,none,none,none,none,0.0000,0,0.0000,none,false,true,not_evaluated,true,required_light_or_anchor_flip,bias_flip_up,152.38600000,2025.10.23 06:30:00,152.56600000,2025.10.23 07:00:00,2025.10.23 08:45:00,true,LONG,152.56600000,152.63700000,0.8201,1,true,2025.10.23 09:45:00,1,LONG,152.56600000,152.63700000,0.8201,1.3168,normal,2025.10.23 09:45:00,first_after_anchor,true,LONG,1,1,1,true,false,fresh_0_4,true,false,false,true,none,true,required,true,PERIOD_M5,2025.10.23 09:50:00,2025.10.23 09:55:00,6,0.6246,true,152.56600000,0.6246,true,0.2590,false,none,failed_close_back_inside,false,post_anchor_close_back_inside,true,required_first_signal_only,LONG,unknown,0.00000000,,0.00000000,,false,,-1,false,NONE,0.00000000,,0.00000000,0.0000,0.0000,none,-1,false,false,false,insufficient_confirmed_m5_pivots,USDJPY|LONG|1761212700|152.566,,,false,false,false,-1,-1,-1,-1,-1,false,false,false,0.0000,range_n,true,152.56600000,152.11000000,5.2673,true,1.3168,0.1972,0,normal,true,0.3440,shallow_236_382,0.080,diagnostic_only,diagnostic_only,diagnostic_only,fib_pullback,5,0.320,true,none,0.470,high_quality,false,false,diagnostic_only,both,true,none,true,diagnostic_adjacent_detected,required_light,false,false,SHORT,4,false,false,1,2025.10.23 07:30:00,2025.10.23 09:55:00,4,5.0272,152.64200000,0.00000000,152.64200000,false,false,none,0.00000000,false,0.0000,0.0000,false,1,0.0000,false,-1,0.00000000,0.0000,off,false,not_evaluated,none,0.0000,0.0000,none,false,false,false,0.0000,none,false,none,0.0000,false,none,5.0272,0.4570,11.0000,1.7214,false,no_shrink,0.0000,none,none,false,false,none,0.0000,0.0000,0.0000,0.0000,none,false,false,0.0000,0.0000,false,false,-1,none,none,false,0.000,0.000,152.50000000,152.43600000,152.50000000,wick_cluster_zone,0.04100000,0.2828,neckline_level,152.43600000,0.3504,false,true,true,false,not_blocked,12,6,6,m5_failure_exit,off,none,0.00000000,0.0000,1.30,152.64700000,4.500,-0.300,0.200,PERIOD_M15,152.56600000,152.31200000,0.4213,preferred_382_618,0.000,true,152.45900000,152.31400000,0.14500000,152.64700000,1.297,0.06564286,15.00,0-30,true,false,none,blocked_spread_too_high,5.150,5.150,none,0.0000,false,opposite_break_first,true,opposite_break_first,spread_too_high
2025.10.24 03:10:03,signal,session_reversal_pullback_one_symbol_first120,GBPJPY,SHORT,2025.10.24 03:05:00,3,0,9,tokyo,2025.10.24 00:00,5,first_120min,true,true,3,GBPJPY,highest_score_in_session_bar,tokyo=USDJPY|EURJPY|GBPJPY|AUDJPY,existing_first120_gate,tokyo,false,false,true,passed_first_window,double_top,neckline_break_retest,203.35700000,PERIOD_M5,PERIOD_H1,PERIOD_M15,PERIOD_M5,PERIOD_M5,false,htf_soft_alignment,current_post_filter,transcript_post_filter,dow_trend_up_hh_hl,structure_trend_bias_dow_trend_down_ll_lh,dow_trend_up_hh_hl,structure_trend_bias_dow_trend_down_ll_lh,false,false,true,SHORT,PERIOD_M5,double_top,double_top,4.200,none,0.000,double_top,4.200,none,0.000,SHORT,false,PERIOD_H1_LONG_dow_trend_up_hh_hl|PERIOD_M15_SHORT_structure_trend_bias_dow_trend_down_ll_lh,true,h1_counter_m15_reversal,true,top_LONG_dow_trend_up_hh_hl|structure_SHORT_structure_trend_bias_dow_trend_down_ll_lh|structure_break_recent_confirmed_swing_break_failed|primary_break_recent_confirmed_swing_break_continuation,none,above_75sma_rising,below_75sma_flat_or_rising,above_75sma_rising,-1,0.00000000,0,203.40800000,false,off,NONE,NONE,0.00000000,0.00000000,0.0000,none,0.000,true,SHORT,return_low_break_or_bos_down,203.19200000,11,203.40900000,203.14100000,false,off,independent,false,,,false,0.0000,none,0.0000,0.0000,none,0.0000,0.0000,0.0000,none,0.0000,0,0,0.0000,none,none,none,none,0.0000,0,0.0000,none,false,true,not_evaluated,true,required_light_or_anchor_flip,bias_flip_up,203.64300000,2025.10.23 14:00:00,203.35200000,2025.10.23 23:45:00,2025.10.24 00:00:00,true,LONG,203.35200000,203.37000000,0.2373,3,true,2025.10.24 02:00:00,3,LONG,203.35200000,203.37000000,0.2373,0.6196,strong,2025.10.24 02:45:00,first_after_anchor,true,LONG,3,0,3,true,false,fresh_0_4,false,true,false,true,none,true,required,false,PERIOD_M5,,,-1,0.0000,false,0.00000000,0.0000,false,0.0000,false,none,none,false,no_anchor_flip_in_entry_direction,true,required_first_signal_only,SHORT,unknown,0.00000000,,0.00000000,,false,,-1,false,NONE,0.00000000,,0.00000000,0.0000,0.0000,none,-1,false,false,false,no_anchor_flip_in_entry_direction,,,,false,false,false,-1,-1,-1,-1,-1,false,false,false,0.0000,falling_n,false,203.53200000,203.14100000,5.1544,true,0.6196,0.2769,1,strong,true,0.6045,preferred_382_618,0.200,diagnostic_only,diagnostic_only,diagnostic_only,fib_pullback,24,0.400,true,none,0.550,high_quality,false,false,diagnostic_only,both,true,none,true,diagnostic_adjacent_detected,required_light,false,false,LONG,3,false,false,0,,,-1,0.0000,0.00000000,0.00000000,0.00000000,false,false,none,0.00000000,false,0.0000,0.0000,false,1,0.0000,false,-1,0.00000000,0.0000,off,false,not_evaluated,none,0.0000,0.0000,none,false,false,false,0.0000,none,false,none,0.0000,false,none,0.0000,0.0000,0.0000,0.0000,false,none,0.0000,none,none,false,false,none,0.0000,0.0000,0.0000,0.0000,none,false,false,0.0000,0.0000,false,false,-1,none,none,false,0.000,0.000,203.31000000,203.29800000,203.29800000,failed_breakout_level,0.00500000,0.0543,neckline_level,203.35700000,1.2038,false,true,true,false,not_blocked,5,4,1,m5_failure_exit,off,none,0.00000000,0.0000,1.30,203.18300000,4.200,-0.300,0.200,PERIOD_M15,203.35200000,203.14100000,0.7678,deep_618_786,0.000,true,203.30300000,203.39500000,0.09200000,203.18300000,1.304,0.04485714,38.00,0-30,true,false,none,not_consumed,4.500,4.500,none,0.0000,false,neckline_retest_failed,false,not_invalidated,spread_too_high
2025.10.24 03:10:03,blocked,session_reversal_pullback_one_symbol_first120,GBPJPY,SHORT,2025.10.24 03:05:00,3,0,9,tokyo,2025.10.24 00:00,5,first_120min,true,true,3,GBPJPY,highest_score_in_session_bar,tokyo=USDJPY|EURJPY|GBPJPY|AUDJPY,existing_first120_gate,tokyo,false,false,true,passed_first_window,double_top,neckline_break_retest,203.35700000,PERIOD_M5,PERIOD_H1,PERIOD_M15,PERIOD_M5,PERIOD_M5,false,htf_soft_alignment,current_post_filter,transcript_post_filter,dow_trend_up_hh_hl,structure_trend_bias_dow_trend_down_ll_lh,dow_trend_up_hh_hl,structure_trend_bias_dow_trend_down_ll_lh,false,false,true,SHORT,PERIOD_M5,double_top,double_top,4.200,none,0.000,double_top,4.200,none,0.000,SHORT,false,PERIOD_H1_LONG_dow_trend_up_hh_hl|PERIOD_M15_SHORT_structure_trend_bias_dow_trend_down_ll_lh,true,h1_counter_m15_reversal,true,top_LONG_dow_trend_up_hh_hl|structure_SHORT_structure_trend_bias_dow_trend_down_ll_lh|structure_break_recent_confirmed_swing_break_failed|primary_break_recent_confirmed_swing_break_continuation,none,above_75sma_rising,below_75sma_flat_or_rising,above_75sma_rising,-1,0.00000000,0,203.40800000,false,off,NONE,NONE,0.00000000,0.00000000,0.0000,none,0.000,true,SHORT,return_low_break_or_bos_down,203.19200000,11,203.40900000,203.14100000,false,off,independent,false,,,false,0.0000,none,0.0000,0.0000,none,0.0000,0.0000,0.0000,none,0.0000,0,0,0.0000,none,none,none,none,0.0000,0,0.0000,none,false,true,not_evaluated,true,required_light_or_anchor_flip,bias_flip_up,203.64300000,2025.10.23 14:00:00,203.35200000,2025.10.23 23:45:00,2025.10.24 00:00:00,true,LONG,203.35200000,203.37000000,0.2373,3,true,2025.10.24 02:00:00,3,LONG,203.35200000,203.37000000,0.2373,0.6196,strong,2025.10.24 02:45:00,first_after_anchor,true,LONG,3,0,3,true,false,fresh_0_4,false,true,false,true,none,true,required,false,PERIOD_M5,,,-1,0.0000,false,0.00000000,0.0000,false,0.0000,false,none,none,false,no_anchor_flip_in_entry_direction,true,required_first_signal_only,SHORT,unknown,0.00000000,,0.00000000,,false,,-1,false,NONE,0.00000000,,0.00000000,0.0000,0.0000,none,-1,false,false,false,no_anchor_flip_in_entry_direction,,,,false,false,false,-1,-1,-1,-1,-1,false,false,false,0.0000,falling_n,false,203.53200000,203.14100000,5.1544,true,0.6196,0.2769,1,strong,true,0.6045,preferred_382_618,0.200,diagnostic_only,diagnostic_only,diagnostic_only,fib_pullback,24,0.400,true,none,0.550,high_quality,false,false,diagnostic_only,both,true,none,true,diagnostic_adjacent_detected,required_light,false,false,LONG,3,false,false,0,,,-1,0.0000,0.00000000,0.00000000,0.00000000,false,false,none,0.00000000,false,0.0000,0.0000,false,1,0.0000,false,-1,0.00000000,0.0000,off,false,not_evaluated,none,0.0000,0.0000,none,false,false,false,0.0000,none,false,none,0.0000,false,none,0.0000,0.0000,0.0000,0.0000,false,none,0.0000,none,none,false,false,none,0.0000,0.0000,0.0000,0.0000,none,false,false,0.0000,0.0000,false,false,-1,none,none,false,0.000,0.000,203.31000000,203.29800000,203.29800000,failed_breakout_level,0.00500000,0.0543,neckline_level,203.35700000,1.2038,false,true,true,false,not_blocked,5,4,1,m5_failure_exit,off,none,0.00000000,0.0000,1.30,203.18300000,4.200,-0.300,0.200,PERIOD_M15,203.35200000,203.14100000,0.7678,deep_618_786,0.000,true,203.30300000,203.39500000,0.09200000,203.18300000,1.304,0.04485714,38.00,0-30,true,false,none,blocked_spread_too_high,4.500,4.500,none,0.0000,false,neckline_retest_failed,false,not_invalidated,spread_too_high
2025.10.24 10:20:00,signal,session_reversal_pullback_one_symbol_first120,AUDJPY,SHORT,2025.10.24 10:15:00,10,7,16,london,2025.10.24 07:00,15,first_120min,true,true,3,AUDJPY,highest_score_in_session_bar,london=USDJPY|EURJPY|GBPJPY|AUDJPY|EURUSD|GBPUSD,existing_first120_gate,london,false,false,true,passed_first_window,head_and_shoulders,neckline_break_retest,99.41500000,PERIOD_M5,PERIOD_H1,PERIOD_M15,PERIOD_M5,PERIOD_M5,false,htf_soft_alignment,current_post_filter,transcript_post_filter,dow_range_or_transition,no_ordered_dow_wave3_break,dow_range_or_transition,no_ordered_dow_wave3_break,false,false,true,SHORT,PERIOD_M5,head_and_shoulders,head_and_shoulders,4.500,none,0.000,head_and_shoulders,4.500,none,0.000,SHORT,false,PERIOD_H1_NONE_dow_range_or_transition|PERIOD_M15_NONE_no_ordered_dow_wave3_break,true,h1_counter_m15_reversal,true,top_NONE_dow_range_or_transition|structure_NONE_no_ordered_dow_wave3_break|structure_break_recent_confirmed_swing_break_failed|primary_break_no_recent_confirmed_swing_break,none,above_75sma_rising,above_75sma_rising,below_75sma_flat_or_rising,-1,0.00000000,-1,0.00000000,false,off,NONE,NONE,0.00000000,0.00000000,0.0000,none,0.000,true,SHORT,return_low_break_or_bos_down,99.31600000,17,99.53300000,99.28500000,false,off,independent,false,,,false,0.0000,none,0.0000,0.0000,none,0.0000,0.0000,0.0000,none,0.0000,0,0,0.0000,none,none,none,none,0.0000,0,0.0000,none,false,true,not_evaluated,true,required_light_or_anchor_flip,bias_flip_up,99.35000000,2025.10.24 07:30:00,99.44400000,2025.10.24 08:00:00,2025.10.24 08:30:00,true,LONG,99.44400000,99.45600000,0.2002,4,true,2025.10.24 09:00:00,4,LONG,99.44400000,99.45600000,0.2002,1.2515,normal,2025.10.24 09:45:00,first_after_anchor,true,LONG,4,1,4,true,false,fresh_0_4,false,true,false,true,none,true,required,false,PERIOD_M5,,,-1,0.0000,false,0.00000000,0.0000,false,0.0000,false,none,none,false,no_anchor_flip_in_entry_direction,true,required_first_signal_only,SHORT,unknown,0.00000000,,0.00000000,,false,,-1,false,NONE,0.00000000,,0.00000000,0.0000,0.0000,none,-1,false,false,false,no_anchor_flip_in_entry_direction,,,,false,false,false,-1,-1,-1,-1,-1,false,false,false,0.0000,range_n,true,99.53300000,99.28500000,4.1383,true,1.2515,0.0000,0,normal,true,0.4234,preferred_382_618,0.200,diagnostic_only,diagnostic_only,diagnostic_only,deep_pullback,24,0.400,true,none,0.550,high_quality,false,false,diagnostic_only,both,true,none,true,diagnostic_adjacent_detected,required_light,false,false,LONG,3,false,false,0,,,-1,0.0000,0.00000000,0.00000000,0.00000000,false,false,none,0.00000000,false,0.0000,0.0000,false,1,0.0000,false,-1,0.00000000,0.0000,off,false,not_evaluated,none,0.0000,0.0000,none,false,false,false,0.0000,none,false,none,0.0000,false,none,0.0000,0.0000,0.0000,0.0000,false,none,0.0000,none,none,false,false,none,0.0000,0.0000,0.0000,0.0000,none,false,false,0.0000,0.0000,false,false,-1,none,none,false,0.000,0.000,99.40272000,99.38100000,99.38100000,pre_session_low,0.00900000,0.0769,session_low|opening_range_low|neckline_level,99.37800000,0.3077,false,true,false,false,not_blocked,4,4,0,m5_failure_exit,off,none,0.00000000,0.0000,1.30,99.23800000,4.500,-0.300,0.200,PERIOD_M15,99.44400000,99.30900000,0.6000,preferred_382_618,0.000,true,99.39000000,99.50700000,0.11700000,99.23800000,1.299,0.03900000,28.00,0-30,true,false,none,not_consumed,4.600,4.600,none,0.0000,false,neckline_retest_failed,false,not_invalidated,spread_too_high
2025.10.24 10:20:00,blocked,session_reversal_pullback_one_symbol_first120,AUDJPY,SHORT,2025.10.24 10:15:00,10,7,16,london,2025.10.24 07:00,15,first_120min,true,true,3,AUDJPY,highest_score_in_session_bar,london=USDJPY|EURJPY|GBPJPY|AUDJPY|EURUSD|GBPUSD,existing_first120_gate,london,false,false,true,passed_first_window,head_and_shoulders,neckline_break_retest,99.41500000,PERIOD_M5,PERIOD_H1,PERIOD_M15,PERIOD_M5,PERIOD_M5,false,htf_soft_alignment,current_post_filter,transcript_post_filter,dow_range_or_transition,no_ordered_dow_wave3_break,dow_range_or_transition,no_ordered_dow_wave3_break,false,false,true,SHORT,PERIOD_M5,head_and_shoulders,head_and_shoulders,4.500,none,0.000,head_and_shoulders,4.500,none,0.000,SHORT,false,PERIOD_H1_NONE_dow_range_or_transition|PERIOD_M15_NONE_no_ordered_dow_wave3_break,true,h1_counter_m15_reversal,true,top_NONE_dow_range_or_transition|structure_NONE_no_ordered_dow_wave3_break|structure_break_recent_confirmed_swing_break_failed|primary_break_no_recent_confirmed_swing_break,none,above_75sma_rising,above_75sma_rising,below_75sma_flat_or_rising,-1,0.00000000,-1,0.00000000,false,off,NONE,NONE,0.00000000,0.00000000,0.0000,none,0.000,true,SHORT,return_low_break_or_bos_down,99.31600000,17,99.53300000,99.28500000,false,off,independent,false,,,false,0.0000,none,0.0000,0.0000,none,0.0000,0.0000,0.0000,none,0.0000,0,0,0.0000,none,none,none,none,0.0000,0,0.0000,none,false,true,not_evaluated,true,required_light_or_anchor_flip,bias_flip_up,99.35000000,2025.10.24 07:30:00,99.44400000,2025.10.24 08:00:00,2025.10.24 08:30:00,true,LONG,99.44400000,99.45600000,0.2002,4,true,2025.10.24 09:00:00,4,LONG,99.44400000,99.45600000,0.2002,1.2515,normal,2025.10.24 09:45:00,first_after_anchor,true,LONG,4,1,4,true,false,fresh_0_4,false,true,false,true,none,true,required,false,PERIOD_M5,,,-1,0.0000,false,0.00000000,0.0000,false,0.0000,false,none,none,false,no_anchor_flip_in_entry_direction,true,required_first_signal_only,SHORT,unknown,0.00000000,,0.00000000,,false,,-1,false,NONE,0.00000000,,0.00000000,0.0000,0.0000,none,-1,false,false,false,no_anchor_flip_in_entry_direction,,,,false,false,false,-1,-1,-1,-1,-1,false,false,false,0.0000,range_n,true,99.53300000,99.28500000,4.1383,true,1.2515,0.0000,0,normal,true,0.4234,preferred_382_618,0.200,diagnostic_only,diagnostic_only,diagnostic_only,deep_pullback,24,0.400,true,none,0.550,high_quality,false,false,diagnostic_only,both,true,none,true,diagnostic_adjacent_detected,required_light,false,false,LONG,3,false,false,0,,,-1,0.0000,0.00000000,0.00000000,0.00000000,false,false,none,0.00000000,false,0.0000,0.0000,false,1,0.0000,false,-1,0.00000000,0.0000,off,false,not_evaluated,none,0.0000,0.0000,none,false,false,false,0.0000,none,false,none,0.0000,false,none,0.0000,0.0000,0.0000,0.0000,false,none,0.0000,none,none,false,false,none,0.0000,0.0000,0.0000,0.0000,none,false,false,0.0000,0.0000,false,false,-1,none,none,false,0.000,0.000,99.40272000,99.38100000,99.38100000,pre_session_low,0.00900000,0.0769,session_low|opening_range_low|neckline_level,99.37800000,0.3077,false,true,false,false,not_blocked,4,4,0,m5_failure_exit,off,none,0.00000000,0.0000,1.30,99.23800000,4.500,-0.300,0.200,PERIOD_M15,99.44400000,99.30900000,0.6000,preferred_382_618,0.000,true,99.39000000,99.50700000,0.11700000,99.23800000,1.299,0.03900000,28.00,0-30,true,false,none,blocked_spread_too_high,4.600,4.600,none,0.0000,false,neckline_retest_failed,false,not_invalidated,spread_too_high
2025.10.24 17:15:00,signal,session_reversal_pullback_one_symbol_first120,GBPJPY,SHORT,2025.10.24 17:10:00,17,14,23,london_newyork_overlap,2025.10.24 13:00,70,first_120min,false,true,3,GBPJPY,highest_score_in_session_bar,london_newyork_overlap=USDJPY|EURJPY|GBPJPY|AUDJPY|EURUSD|GBPUSD,existing_first120_gate,london_newyork_overlap,false,false,true,passed_first_window,head_and_shoulders,neckline_break_retest,203.75500000,PERIOD_M5,PERIOD_H1,PERIOD_M15,PERIOD_M5,PERIOD_M5,false,htf_soft_alignment,current_post_filter,transcript_post_filter,dow_trend_up_hh_hl,structure_trend_bias_dow_trend_down_ll_lh,dow_trend_up_hh_hl,structure_trend_bias_dow_trend_down_ll_lh,false,true,true,SHORT,PERIOD_M5,head_and_shoulders,head_and_shoulders,4.500,none,0.000,head_and_shoulders,4.500,none,0.000,SHORT,false,PERIOD_H1_LONG_dow_trend_up_hh_hl|PERIOD_M15_SHORT_structure_trend_bias_dow_trend_down_ll_lh,true,h1_counter_m15_reversal,true,top_LONG_dow_trend_up_hh_hl|structure_SHORT_structure_trend_bias_dow_trend_down_ll_lh|structure_break_recent_confirmed_swing_break_failed|primary_break_recent_confirmed_swing_break_retest,none,above_75sma_rising,above_75sma_rising,below_75sma_flat_or_rising,-1,0.00000000,0,203.75500000,false,off,NONE,NONE,0.00000000,0.00000000,0.0000,none,0.000,true,SHORT,return_low_break_or_bos_down,203.40800000,7,203.97600000,203.28500000,false,off,independent,false,,,false,0.0000,none,0.0000,0.0000,none,0.0000,0.0000,0.0000,none,0.0000,0,0,0.0000,none,none,none,none,0.0000,0,0.0000,none,false,true,not_evaluated,true,required_light_or_anchor_flip,long_bias,203.28500000,2025.10.24 15:30:00,203.79500000,2025.10.24 13:00:00,2025.10.24 16:15:00,false,NONE,0.00000000,0.00000000,0.0000,-1,false,,-1,NONE,0.00000000,0.00000000,0.0000,0.0000,none,,none,false,NONE,-1,-1,-1,false,false,none,false,true,false,true,none,true,required,false,PERIOD_M5,,,-1,0.0000,false,0.00000000,0.0000,false,0.0000,false,none,none,false,no_anchor_flip_in_entry_direction,true,required_first_signal_only,SHORT,unknown,0.00000000,,0.00000000,,false,,-1,false,NONE,0.00000000,,0.00000000,0.0000,0.0000,none,-1,false,false,false,no_anchor_flip_in_entry_direction,,,,false,false,false,-1,-1,-1,-1,-1,false,false,false,0.0000,range_n,true,203.97600000,203.28500000,3.9745,false,0.0000,0.0000,0,none,true,0.4877,preferred_382_618,0.200,diagnostic_only,diagnostic_only,diagnostic_only,fib_pullback,24,0.400,true,none,0.550,high_quality,false,false,diagnostic_only,both,true,none,true,diagnostic_adjacent_detected,required_light,false,false,LONG,5,false,false,1,2025.10.24 15:30:00,2025.10.24 16:50:00,4,6.5675,0.00000000,203.75500000,203.75500000,true,true,m5_hl_close_break_down,203.75500000,true,0.1996,0.6273,true,1,0.0000,true,2,203.75500000,0.0285,off,false,not_evaluated,none,0.7647,0.2353,strong,true,false,false,0.0000,held_clean,true,favorable_side,0.2319,true,clean_retest,1.8153,6.5675,0.2764,0.0000,true,strong_exhaustion,0.0000,none,none,false,false,none,0.0000,0.0000,0.0000,0.0000,none,false,false,0.0000,0.0000,false,false,-1,none,none,false,0.000,0.000,203.68300000,203.57700000,203.57700000,session_low,0.04500000,0.1424,opening_range_low|neckline_level,203.73300000,1.0550,false,true,true,false,not_blocked,7,6,1,m5_failure_exit,off,none,0.00000000,0.0000,1.30,203.21200000,4.500,-0.300,0.200,PERIOD_M15,203.79500000,203.28500000,0.6608,deep_618_786,0.000,true,203.62200000,203.93800000,0.31600000,203.21200000,1.297,0.10521429,38.00,60-90,true,false,none,not_consumed,4.800,4.800,none,0.0000,false,opposite_break_first,true,opposite_break_first,spread_too_high
2025.10.24 17:15:00,blocked,session_reversal_pullback_one_symbol_first120,GBPJPY,SHORT,2025.10.24 17:10:00,17,14,23,london_newyork_overlap,2025.10.24 13:00,70,first_120min,false,true,3,GBPJPY,highest_score_in_session_bar,london_newyork_overlap=USDJPY|EURJPY|GBPJPY|AUDJPY|EURUSD|GBPUSD,existing_first120_gate,london_newyork_overlap,false,false,true,passed_first_window,head_and_shoulders,neckline_break_retest,203.75500000,PERIOD_M5,PERIOD_H1,PERIOD_M15,PERIOD_M5,PERIOD_M5,false,htf_soft_alignment,current_post_filter,transcript_post_filter,dow_trend_up_hh_hl,structure_trend_bias_dow_trend_down_ll_lh,dow_trend_up_hh_hl,structure_trend_bias_dow_trend_down_ll_lh,false,true,true,SHORT,PERIOD_M5,head_and_shoulders,head_and_shoulders,4.500,none,0.000,head_and_shoulders,4.500,none,0.000,SHORT,false,PERIOD_H1_LONG_dow_trend_up_hh_hl|PERIOD_M15_SHORT_structure_trend_bias_dow_trend_down_ll_lh,true,h1_counter_m15_reversal,true,top_LONG_dow_trend_up_hh_hl|structure_SHORT_structure_trend_bias_dow_trend_down_ll_lh|structure_break_recent_confirmed_swing_break_failed|primary_break_recent_confirmed_swing_break_retest,none,above_75sma_rising,above_75sma_rising,below_75sma_flat_or_rising,-1,0.00000000,0,203.75500000,false,off,NONE,NONE,0.00000000,0.00000000,0.0000,none,0.000,true,SHORT,return_low_break_or_bos_down,203.40800000,7,203.97600000,203.28500000,false,off,independent,false,,,false,0.0000,none,0.0000,0.0000,none,0.0000,0.0000,0.0000,none,0.0000,0,0,0.0000,none,none,none,none,0.0000,0,0.0000,none,false,true,not_evaluated,true,required_light_or_anchor_flip,long_bias,203.28500000,2025.10.24 15:30:00,203.79500000,2025.10.24 13:00:00,2025.10.24 16:15:00,false,NONE,0.00000000,0.00000000,0.0000,-1,false,,-1,NONE,0.00000000,0.00000000,0.0000,0.0000,none,,none,false,NONE,-1,-1,-1,false,false,none,false,true,false,true,none,true,required,false,PERIOD_M5,,,-1,0.0000,false,0.00000000,0.0000,false,0.0000,false,none,none,false,no_anchor_flip_in_entry_direction,true,required_first_signal_only,SHORT,unknown,0.00000000,,0.00000000,,false,,-1,false,NONE,0.00000000,,0.00000000,0.0000,0.0000,none,-1,false,false,false,no_anchor_flip_in_entry_direction,,,,false,false,false,-1,-1,-1,-1,-1,false,false,false,0.0000,range_n,true,203.97600000,203.28500000,3.9745,false,0.0000,0.0000,0,none,true,0.4877,preferred_382_618,0.200,diagnostic_only,diagnostic_only,diagnostic_only,fib_pullback,24,0.400,true,none,0.550,high_quality,false,false,diagnostic_only,both,true,none,true,diagnostic_adjacent_detected,required_light,false,false,LONG,5,false,false,1,2025.10.24 15:30:00,2025.10.24 16:50:00,4,6.5675,0.00000000,203.75500000,203.75500000,true,true,m5_hl_close_break_down,203.75500000,true,0.1996,0.6273,true,1,0.0000,true,2,203.75500000,0.0285,off,false,not_evaluated,none,0.7647,0.2353,strong,true,false,false,0.0000,held_clean,true,favorable_side,0.2319,true,clean_retest,1.8153,6.5675,0.2764,0.0000,true,strong_exhaustion,0.0000,none,none,false,false,none,0.0000,0.0000,0.0000,0.0000,none,false,false,0.0000,0.0000,false,false,-1,none,none,false,0.000,0.000,203.68300000,203.57700000,203.57700000,session_low,0.04500000,0.1424,opening_range_low|neckline_level,203.73300000,1.0550,false,true,true,false,not_blocked,7,6,1,m5_failure_exit,off,none,0.00000000,0.0000,1.30,203.21200000,4.500,-0.300,0.200,PERIOD_M15,203.79500000,203.28500000,0.6608,deep_618_786,0.000,true,203.62200000,203.93800000,0.31600000,203.21200000,1.297,0.10521429,38.00,60-90,true,false,none,blocked_spread_too_high,4.800,4.800,none,0.0000,false,opposite_break_first,true,opposite_break_first,spread_too_high
2025.10.24 20:00:00,signal,session_reversal_pullback_one_symbol_first120,USDJPY,LONG,2025.10.24 19:55:00,19,16,1,new_york,2025.10.24 16:00,55,first_120min,true,true,3,USDJPY,highest_score_in_session_bar,new_york=USDJPY|EURJPY|GBPJPY|AUDJPY|EURUSD|GBPUSD,existing_first120_gate,new_york,false,false,true,passed_first_window,double_bottom,neckline_break_retest,152.80000000,PERIOD_M5,PERIOD_H1,PERIOD_M15,PERIOD_M5,PERIOD_M5,false,htf_soft_alignment,current_post_filter,transcript_post_filter,dow_range_or_transition,no_ordered_dow_wave3_break,dow_range_or_transition,no_ordered_dow_wave3_break,false,true,false,LONG,PERIOD_M5,double_bottom,double_bottom,4.200,none,0.000,double_bottom,4.200,none,0.000,LONG,false,PERIOD_H1_NONE_dow_range_or_transition|PERIOD_M15_NONE_no_ordered_dow_wave3_break,true,h1_counter_m15_reversal,true,top_NONE_dow_range_or_transition|structure_NONE_no_ordered_dow_wave3_break|structure_break_recent_confirmed_swing_break_failed|primary_break_no_recent_confirmed_swing_break,none,above_75sma_rising,above_75sma_rising,above_75sma_flat_or_falling,-1,0.00000000,-1,0.00000000,false,off,NONE,NONE,0.00000000,0.00000000,0.0000,none,0.000,true,LONG,return_high_break_or_bos_up,152.90700000,20,153.01200000,152.19700000,false,off,independent,false,,,false,0.0000,none,0.0000,0.0000,none,0.0000,0.0000,0.0000,none,0.0000,0,0,0.0000,none,none,none,none,0.0000,0,0.0000,none,false,true,not_evaluated,true,required_light_or_anchor_flip,long_bias,152.70000000,2025.10.24 18:00:00,152.97400000,2025.10.24 14:45:00,2025.10.24 18:45:00,false,NONE,0.00000000,0.00000000,0.0000,-1,false,,-1,NONE,0.00000000,0.00000000,0.0000,0.0000,none,,none,false,NONE,-1,-1,-1,false,false,none,true,false,false,true,none,true,required,false,PERIOD_M5,,,-1,0.0000,false,0.00000000,0.0000,false,0.0000,false,none,none,false,no_anchor_flip_in_entry_direction,true,required_first_signal_only,LONG,unknown,0.00000000,,0.00000000,,false,,-1,false,NONE,0.00000000,,0.00000000,0.0000,0.0000,none,-1,false,false,false,no_anchor_flip_in_entry_direction,,,,false,false,false,-1,-1,-1,-1,-1,false,false,false,0.0000,range_n,true,153.01200000,152.19700000,7.5016,false,0.0000,0.0000,0,none,true,0.2012,no_fib,0.000,diagnostic_only,diagnostic_only,diagnostic_only,fib_pullback,24,0.170,true,none,0.320,high_quality,false,false,diagnostic_only,both,true,none,true,diagnostic_adjacent_detected,required_light,false,false,SHORT,5,false,false,0,2025.10.24 17:50:00,2025.10.24 19:10:00,9,5.2688,152.87500000,0.00000000,152.87500000,false,false,none,0.00000000,false,0.0000,0.0000,false,1,0.0000,false,-1,0.00000000,0.0000,off,false,not_evaluated,none,0.0000,0.0000,none,false,false,false,0.0000,none,false,none,0.0000,false,none,2.8301,4.9677,0.5697,0.0000,true,strong_exhaustion,0.0000,none,none,false,false,none,0.0000,0.0000,0.0000,0.0000,none,false,false,0.0000,0.0000,false,false,-1,none,none,false,0.000,0.000,152.85400000,152.83731034,152.86700000,session_high,0.01900000,0.1900,opening_range_high|neckline_level,152.85400000,0.1806,false,true,true,false,not_blocked,5,4,1,m5_failure_exit,off,none,0.00000000,0.0000,1.30,152.97800000,4.200,-0.300,0.200,PERIOD_M15,152.87500000,152.69300000,0.1484,outside,0.000,true,152.84800000,152.74800000,0.10000000,152.97800000,1.300,0.03321429,15.00,30-60,true,false,none,not_consumed,4.300,4.300,none,0.0000,false,opposite_break_first,true,opposite_break_first,spread_too_high
2025.10.24 20:00:00,blocked,session_reversal_pullback_one_symbol_first120,USDJPY,LONG,2025.10.24 19:55:00,19,16,1,new_york,2025.10.24 16:00,55,first_120min,true,true,3,USDJPY,highest_score_in_session_bar,new_york=USDJPY|EURJPY|GBPJPY|AUDJPY|EURUSD|GBPUSD,existing_first120_gate,new_york,false,false,true,passed_first_window,double_bottom,neckline_break_retest,152.80000000,PERIOD_M5,PERIOD_H1,PERIOD_M15,PERIOD_M5,PERIOD_M5,false,htf_soft_alignment,current_post_filter,transcript_post_filter,dow_range_or_transition,no_ordered_dow_wave3_break,dow_range_or_transition,no_ordered_dow_wave3_break,false,true,false,LONG,PERIOD_M5,double_bottom,double_bottom,4.200,none,0.000,double_bottom,4.200,none,0.000,LONG,false,PERIOD_H1_NONE_dow_range_or_transition|PERIOD_M15_NONE_no_ordered_dow_wave3_break,true,h1_counter_m15_reversal,true,top_NONE_dow_range_or_transition|structure_NONE_no_ordered_dow_wave3_break|structure_break_recent_confirmed_swing_break_failed|primary_break_no_recent_confirmed_swing_break,none,above_75sma_rising,above_75sma_rising,above_75sma_flat_or_falling,-1,0.00000000,-1,0.00000000,false,off,NONE,NONE,0.00000000,0.00000000,0.0000,none,0.000,true,LONG,return_high_break_or_bos_up,152.90700000,20,153.01200000,152.19700000,false,off,independent,false,,,false,0.0000,none,0.0000,0.0000,none,0.0000,0.0000,0.0000,none,0.0000,0,0,0.0000,none,none,none,none,0.0000,0,0.0000,none,false,true,not_evaluated,true,required_light_or_anchor_flip,long_bias,152.70000000,2025.10.24 18:00:00,152.97400000,2025.10.24 14:45:00,2025.10.24 18:45:00,false,NONE,0.00000000,0.00000000,0.0000,-1,false,,-1,NONE,0.00000000,0.00000000,0.0000,0.0000,none,,none,false,NONE,-1,-1,-1,false,false,none,true,false,false,true,none,true,required,false,PERIOD_M5,,,-1,0.0000,false,0.00000000,0.0000,false,0.0000,false,none,none,false,no_anchor_flip_in_entry_direction,true,required_first_signal_only,LONG,unknown,0.00000000,,0.00000000,,false,,-1,false,NONE,0.00000000,,0.00000000,0.0000,0.0000,none,-1,false,false,false,no_anchor_flip_in_entry_direction,,,,false,false,false,-1,-1,-1,-1,-1,false,false,false,0.0000,range_n,true,153.01200000,152.19700000,7.5016,false,0.0000,0.0000,0,none,true,0.2012,no_fib,0.000,diagnostic_only,diagnostic_only,diagnostic_only,fib_pullback,24,0.170,true,none,0.320,high_quality,false,false,diagnostic_only,both,true,none,true,diagnostic_adjacent_detected,required_light,false,false,SHORT,5,false,false,0,2025.10.24 17:50:00,2025.10.24 19:10:00,9,5.2688,152.87500000,0.00000000,152.87500000,false,false,none,0.00000000,false,0.0000,0.0000,false,1,0.0000,false,-1,0.00000000,0.0000,off,false,not_evaluated,none,0.0000,0.0000,none,false,false,false,0.0000,none,false,none,0.0000,false,none,2.8301,4.9677,0.5697,0.0000,true,strong_exhaustion,0.0000,none,none,false,false,none,0.0000,0.0000,0.0000,0.0000,none,false,false,0.0000,0.0000,false,false,-1,none,none,false,0.000,0.000,152.85400000,152.83731034,152.86700000,session_high,0.01900000,0.1900,opening_range_high|neckline_level,152.85400000,0.1806,false,true,true,false,not_blocked,5,4,1,m5_failure_exit,off,none,0.00000000,0.0000,1.30,152.97800000,4.200,-0.300,0.200,PERIOD_M15,152.87500000,152.69300000,0.1484,outside,0.000,true,152.84800000,152.74800000,0.10000000,152.97800000,1.300,0.03321429,15.00,30-60,true,false,none,blocked_spread_too_high,4.300,4.300,none,0.0000,false,opposite_break_first,true,opposite_break_first,spread_too_high
2025.10.27 04:20:00,signal,session_reversal_pullback_one_symbol_first120,GBPJPY,SHORT,2025.10.27 04:15:00,4,1,10,tokyo,2025.10.27 00:00,75,first_120min,false,true,3,GBPJPY,highest_score_in_session_bar,tokyo=USDJPY|EURJPY|GBPJPY|AUDJPY,existing_first120_gate,tokyo,false,false,true,passed_first_window,head_and_shoulders,neckline_break_retest,203.66200000,PERIOD_M5,PERIOD_H1,PERIOD_M15,PERIOD_M5,PERIOD_M5,false,htf_soft_alignment,current_post_filter,transcript_post_filter,dow_range_or_transition,no_ordered_dow_wave3_break,dow_range_or_transition,no_ordered_dow_wave3_break,false,false,true,SHORT,PERIOD_M5,head_and_shoulders,head_and_shoulders,4.500,none,0.000,head_and_shoulders,4.500,none,0.000,SHORT,false,PERIOD_H1_NONE_dow_range_or_transition|PERIOD_M15_NONE_no_ordered_dow_wave3_break,true,h1_counter_m15_reversal,true,top_NONE_dow_range_or_transition|structure_NONE_no_ordered_dow_wave3_break|structure_break_recent_confirmed_swing_break_failed|primary_break_recent_confirmed_swing_break_retest,none,above_75sma_rising,above_75sma_rising,below_75sma_flat_or_rising,-1,0.00000000,0,203.66200000,false,off,NONE,NONE,0.00000000,0.00000000,0.0000,none,0.000,true,SHORT,return_low_break_or_bos_down,203.40800000,22,204.04700000,203.07000000,false,off,independent,false,,,false,0.0000,none,0.0000,0.0000,none,0.0000,0.0000,0.0000,none,0.0000,0,0,0.0000,none,none,none,none,0.0000,0,0.0000,none,false,true,not_evaluated,true,required_light_or_anchor_flip,long_bias,203.28500000,2025.10.24 22:00:00,203.97600000,2025.10.24 16:15:00,2025.10.27 02:15:00,false,NONE,0.00000000,0.00000000,0.0000,-1,false,,-1,NONE,0.00000000,0.00000000,0.0000,0.0000,none,,none,false,NONE,-1,-1,-1,false,false,none,false,true,false,true,none,true,required,false,PERIOD_M5,,,-1,0.0000,false,0.00000000,0.0000,false,0.0000,false,none,none,false,no_anchor_flip_in_entry_direction,true,required_first_signal_only,SHORT,unknown,0.00000000,,0.00000000,,false,,-1,false,NONE,0.00000000,,0.00000000,0.0000,0.0000,none,-1,false,false,false,no_anchor_flip_in_entry_direction,,,,false,false,false,-1,-1,-1,-1,-1,false,false,false,0.0000,rising_n,false,204.04700000,203.07000000,6.4948,false,0.0000,0.0000,0,none,true,0.3990,preferred_382_618,0.200,diagnostic_only,diagnostic_only,diagnostic_only,shallow_pullback,7,0.440,true,none,0.590,high_quality,false,false,diagnostic_only,both,true,none,true,diagnostic_adjacent_detected,required_light,false,false,LONG,6,false,false,0,2025.10.27 02:15:00,2025.10.27 03:45:00,6,3.9662,0.00000000,203.66200000,203.66200000,true,true,m5_hl_close_break_down,203.66200000,true,0.6902,0.8653,true,1,0.0000,true,1,203.66200000,0.3297,off,false,not_evaluated,none,0.9703,0.0297,very_strong,true,false,false,0.0000,held_clean,true,favorable_side,0.4861,false,clean_retest,2.9875,3.0493,0.9797,0.0000,true,strong_exhaustion,0.0000,none,none,false,false,none,0.0000,0.0000,0.0000,0.0000,none,false,false,0.0000,0.0000,false,false,-1,none,none,false,0.000,0.000,203.66200000,203.55800000,203.50000000,round_number,0.08900000,0.3058,session_low|opening_range_low|neckline_level,203.55800000,0.3194,false,true,true,false,not_blocked,3,1,2,m5_failure_exit,off,none,0.00000000,0.0000,1.30,203.21000000,4.500,-0.300,0.200,PERIOD_M15,204.04700000,203.28500000,0.3990,preferred_382_618,0.000,true,203.58900000,203.88000000,0.29100000,203.21000000,1.302,0.09707143,38.00,60-90,true,false,none,not_consumed,4.800,4.800,none,0.0000,false,neckline_retest_failed,false,not_invalidated,spread_too_high
2025.10.27 04:20:00,blocked,session_reversal_pullback_one_symbol_first120,GBPJPY,SHORT,2025.10.27 04:15:00,4,1,10,tokyo,2025.10.27 00:00,75,first_120min,false,true,3,GBPJPY,highest_score_in_session_bar,tokyo=USDJPY|EURJPY|GBPJPY|AUDJPY,existing_first120_gate,tokyo,false,false,true,passed_first_window,head_and_shoulders,neckline_break_retest,203.66200000,PERIOD_M5,PERIOD_H1,PERIOD_M15,PERIOD_M5,PERIOD_M5,false,htf_soft_alignment,current_post_filter,transcript_post_filter,dow_range_or_transition,no_ordered_dow_wave3_break,dow_range_or_transition,no_ordered_dow_wave3_break,false,false,true,SHORT,PERIOD_M5,head_and_shoulders,head_and_shoulders,4.500,none,0.000,head_and_shoulders,4.500,none,0.000,SHORT,false,PERIOD_H1_NONE_dow_range_or_transition|PERIOD_M15_NONE_no_ordered_dow_wave3_break,true,h1_counter_m15_reversal,true,top_NONE_dow_range_or_transition|structure_NONE_no_ordered_dow_wave3_break|structure_break_recent_confirmed_swing_break_failed|primary_break_recent_confirmed_swing_break_retest,none,above_75sma_rising,above_75sma_rising,below_75sma_flat_or_rising,-1,0.00000000,0,203.66200000,false,off,NONE,NONE,0.00000000,0.00000000,0.0000,none,0.000,true,SHORT,return_low_break_or_bos_down,203.40800000,22,204.04700000,203.07000000,false,off,independent,false,,,false,0.0000,none,0.0000,0.0000,none,0.0000,0.0000,0.0000,none,0.0000,0,0,0.0000,none,none,none,none,0.0000,0,0.0000,none,false,true,not_evaluated,true,required_light_or_anchor_flip,long_bias,203.28500000,2025.10.24 22:00:00,203.97600000,2025.10.24 16:15:00,2025.10.27 02:15:00,false,NONE,0.00000000,0.00000000,0.0000,-1,false,,-1,NONE,0.00000000,0.00000000,0.0000,0.0000,none,,none,false,NONE,-1,-1,-1,false,false,none,false,true,false,true,none,true,required,false,PERIOD_M5,,,-1,0.0000,false,0.00000000,0.0000,false,0.0000,false,none,none,false,no_anchor_flip_in_entry_direction,true,required_first_signal_only,SHORT,unknown,0.00000000,,0.00000000,,false,,-1,false,NONE,0.00000000,,0.00000000,0.0000,0.0000,none,-1,false,false,false,no_anchor_flip_in_entry_direction,,,,false,false,false,-1,-1,-1,-1,-1,false,false,false,0.0000,rising_n,false,204.04700000,203.07000000,6.4948,false,0.0000,0.0000,0,none,true,0.3990,preferred_382_618,0.200,diagnostic_only,diagnostic_only,diagnostic_only,shallow_pullback,7,0.440,true,none,0.590,high_quality,false,false,diagnostic_only,both,true,none,true,diagnostic_adjacent_detected,required_light,false,false,LONG,6,false,false,0,2025.10.27 02:15:00,2025.10.27 03:45:00,6,3.9662,0.00000000,203.66200000,203.66200000,true,true,m5_hl_close_break_down,203.66200000,true,0.6902,0.8653,true,1,0.0000,true,1,203.66200000,0.3297,off,false,not_evaluated,none,0.9703,0.0297,very_strong,true,false,false,0.0000,held_clean,true,favorable_side,0.4861,false,clean_retest,2.9875,3.0493,0.9797,0.0000,true,strong_exhaustion,0.0000,none,none,false,false,none,0.0000,0.0000,0.0000,0.0000,none,false,false,0.0000,0.0000,false,false,-1,none,none,false,0.000,0.000,203.66200000,203.55800000,203.50000000,round_number,0.08900000,0.3058,session_low|opening_range_low|neckline_level,203.55800000,0.3194,false,true,true,false,not_blocked,3,1,2,m5_failure_exit,off,none,0.00000000,0.0000,1.30,203.21000000,4.500,-0.300,0.200,PERIOD_M15,204.04700000,203.28500000,0.3990,preferred_382_618,0.000,true,203.58900000,203.88000000,0.29100000,203.21000000,1.302,0.09707143,38.00,60-90,true,false,none,blocked_spread_too_high,4.800,4.800,none,0.0000,false,neckline_retest_failed,false,not_invalidated,spread_too_high
2025.10.27 10:50:00,signal,session_reversal_pullback_one_symbol_first120,USDJPY,SHORT,2025.10.27 10:45:00,10,7,16,london,2025.10.27 07:00,45,first_120min,true,true,3,USDJPY,highest_score_in_session_bar,london=USDJPY|EURJPY|GBPJPY|AUDJPY|EURUSD|GBPUSD,existing_first120_gate,london,false,false,true,passed_first_window,double_top,neckline_break_retest,152.96700000,PERIOD_M5,PERIOD_H1,PERIOD_M15,PERIOD_M5,PERIOD_M5,false,htf_soft_alignment,current_post_filter,transcript_post_filter,dow_range_or_transition,structure_trend_bias_dow_trend_up_hh_hl,dow_range_or_transition,structure_trend_bias_dow_trend_up_hh_hl,false,false,true,SHORT,PERIOD_M5,double_top,double_top,4.200,none,0.000,double_top,4.200,none,0.000,SHORT,false,PERIOD_H1_NONE_dow_range_or_transition|PERIOD_M15_LONG_structure_trend_bias_dow_trend_up_hh_hl,true,h1_counter_m15_reversal,true,top_NONE_dow_range_or_transition|structure_LONG_structure_trend_bias_dow_trend_up_hh_hl|structure_break_recent_confirmed_swing_break_retest|primary_break_recent_confirmed_swing_break_continuation,none,above_75sma_rising,above_75sma_rising,below_75sma_flat_or_rising,23,152.89300000,0,153.02800000,false,off,NONE,NONE,0.00000000,0.00000000,0.0000,none,0.000,true,SHORT,return_low_break_or_bos_down,152.89300000,23,153.24900000,152.70000000,false,off,independent,false,,,false,0.0000,none,0.0000,0.0000,none,0.0000,0.0000,0.0000,none,0.0000,0,0,0.0000,none,none,none,none,0.0000,0,0.0000,none,false,true,not_evaluated,true,required_light_or_anchor_flip,short_bias,152.94400000,2025.10.27 06:15:00,153.24900000,2025.10.27 08:15:00,2025.10.27 09:30:00,false,NONE,0.00000000,0.00000000,0.0000,-1,false,,-1,NONE,0.00000000,0.00000000,0.0000,0.0000,none,,none,false,NONE,-1,-1,-1,false,false,none,true,false,false,true,none,true,required,false,PERIOD_M5,,,-1,0.0000,false,0.00000000,0.0000,false,0.0000,false,none,none,false,no_anchor_flip_in_entry_direction,true,required_first_signal_only,SHORT,unknown,0.00000000,,0.00000000,,false,,-1,false,NONE,0.00000000,,0.00000000,0.0000,0.0000,none,-1,false,false,false,no_anchor_flip_in_entry_direction,,,,false,false,false,-1,-1,-1,-1,-1,false,false,false,0.0000,range_n,true,153.24900000,152.64800000,5.4179,false,0.0000,0.0000,0,none,true,0.4335,preferred_382_618,0.200,diagnostic_only,diagnostic_only,diagnostic_only,shallow_pullback,24,0.400,true,none,0.550,high_quality,false,false,diagnostic_only,both,true,none,true,diagnostic_adjacent_detected,required_light,false,false,LONG,5,false,false,1,2025.10.27 09:35:00,2025.10.27 10:25:00,4,3.1878,0.00000000,152.85900000,152.85900000,false,false,none,0.00000000,false,0.0000,0.0000,false,1,0.0000,false,-1,0.00000000,0.0000,off,false,not_evaluated,none,0.0000,0.0000,none,false,false,false,0.0000,none,false,none,0.0000,false,none,2.4239,3.1878,0.7604,0.0000,true,strong_exhaustion,0.0000,none,none,false,false,none,0.0000,0.0000,0.0000,0.0000,none,false,false,0.0000,0.0000,false,false,-1,none,none,false,0.000,0.000,152.95500000,152.93600000,152.93600000,recent_rejection_zone,0.00200000,0.0142,neckline_level,152.96700000,0.4260,false,true,true,false,not_blocked,7,4,3,m5_failure_exit,off,none,0.00000000,0.0000,1.30,152.75400000,4.200,-0.300,0.200,PERIOD_M15,153.24900000,152.82300000,0.2700,outside,0.000,true,152.93800000,153.07900000,0.14100000,152.75400000,1.305,0.06807143,16.00,30-60,true,false,none,not_consumed,4.850,4.850,none,0.0000,false,neckline_retest_failed,false,not_invalidated,spread_too_high
2025.10.27 10:50:00,blocked,session_reversal_pullback_one_symbol_first120,USDJPY,SHORT,2025.10.27 10:45:00,10,7,16,london,2025.10.27 07:00,45,first_120min,true,true,3,USDJPY,highest_score_in_session_bar,london=USDJPY|EURJPY|GBPJPY|AUDJPY|EURUSD|GBPUSD,existing_first120_gate,london,false,false,true,passed_first_window,double_top,neckline_break_retest,152.96700000,PERIOD_M5,PERIOD_H1,PERIOD_M15,PERIOD_M5,PERIOD_M5,false,htf_soft_alignment,current_post_filter,transcript_post_filter,dow_range_or_transition,structure_trend_bias_dow_trend_up_hh_hl,dow_range_or_transition,structure_trend_bias_dow_trend_up_hh_hl,false,false,true,SHORT,PERIOD_M5,double_top,double_top,4.200,none,0.000,double_top,4.200,none,0.000,SHORT,false,PERIOD_H1_NONE_dow_range_or_transition|PERIOD_M15_LONG_structure_trend_bias_dow_trend_up_hh_hl,true,h1_counter_m15_reversal,true,top_NONE_dow_range_or_transition|structure_LONG_structure_trend_bias_dow_trend_up_hh_hl|structure_break_recent_confirmed_swing_break_retest|primary_break_recent_confirmed_swing_break_continuation,none,above_75sma_rising,above_75sma_rising,below_75sma_flat_or_rising,23,152.89300000,0,153.02800000,false,off,NONE,NONE,0.00000000,0.00000000,0.0000,none,0.000,true,SHORT,return_low_break_or_bos_down,152.89300000,23,153.24900000,152.70000000,false,off,independent,false,,,false,0.0000,none,0.0000,0.0000,none,0.0000,0.0000,0.0000,none,0.0000,0,0,0.0000,none,none,none,none,0.0000,0,0.0000,none,false,true,not_evaluated,true,required_light_or_anchor_flip,short_bias,152.94400000,2025.10.27 06:15:00,153.24900000,2025.10.27 08:15:00,2025.10.27 09:30:00,false,NONE,0.00000000,0.00000000,0.0000,-1,false,,-1,NONE,0.00000000,0.00000000,0.0000,0.0000,none,,none,false,NONE,-1,-1,-1,false,false,none,true,false,false,true,none,true,required,false,PERIOD_M5,,,-1,0.0000,false,0.00000000,0.0000,false,0.0000,false,none,none,false,no_anchor_flip_in_entry_direction,true,required_first_signal_only,SHORT,unknown,0.00000000,,0.00000000,,false,,-1,false,NONE,0.00000000,,0.00000000,0.0000,0.0000,none,-1,false,false,false,no_anchor_flip_in_entry_direction,,,,false,false,false,-1,-1,-1,-1,-1,false,false,false,0.0000,range_n,true,153.24900000,152.64800000,5.4179,false,0.0000,0.0000,0,none,true,0.4335,preferred_382_618,0.200,diagnostic_only,diagnostic_only,diagnostic_only,shallow_pullback,24,0.400,true,none,0.550,high_quality,false,false,diagnostic_only,both,true,none,true,diagnostic_adjacent_detected,required_light,false,false,LONG,5,false,false,1,2025.10.27 09:35:00,2025.10.27 10:25:00,4,3.1878,0.00000000,152.85900000,152.85900000,false,false,none,0.00000000,false,0.0000,0.0000,false,1,0.0000,false,-1,0.00000000,0.0000,off,false,not_evaluated,none,0.0000,0.0000,none,false,false,false,0.0000,none,false,none,0.0000,false,none,2.4239,3.1878,0.7604,0.0000,true,strong_exhaustion,0.0000,none,none,false,false,none,0.0000,0.0000,0.0000,0.0000,none,false,false,0.0000,0.0000,false,false,-1,none,none,false,0.000,0.000,152.95500000,152.93600000,152.93600000,recent_rejection_zone,0.00200000,0.0142,neckline_level,152.96700000,0.4260,false,true,true,false,not_blocked,7,4,3,m5_failure_exit,off,none,0.00000000,0.0000,1.30,152.75400000,4.200,-0.300,0.200,PERIOD_M15,153.24900000,152.82300000,0.2700,outside,0.000,true,152.93800000,153.07900000,0.14100000,152.75400000,1.305,0.06807143,16.00,30-60,true,false,none,blocked_spread_too_high,4.850,4.850,none,0.0000,false,neckline_retest_failed,false,not_invalidated,spread_too_high
2025.10.27 16:15:00,signal,session_reversal_pullback_one_symbol_first120,USDJPY,LONG,2025.10.27 16:10:00,16,13,22,london_newyork_overlap,2025.10.27 13:00,10,first_120min,true,true,3,USDJPY,highest_score_in_session_bar,london_newyork_overlap=USDJPY|EURJPY|GBPJPY|AUDJPY|EURUSD|GBPUSD,existing_first120_gate,london_newyork_overlap,false,false,true,passed_first_window,inverse_head_and_shoulders,neckline_break_retest,152.82700000,PERIOD_M5,PERIOD_H1,PERIOD_M15,PERIOD_M5,PERIOD_M5,false,htf_soft_alignment,current_post_filter,transcript_post_filter,dow_range_or_transition,structure_trend_bias_dow_trend_down_ll_lh,dow_range_or_transition,structure_trend_bias_dow_trend_down_ll_lh,false,true,false,LONG,PERIOD_M5,inverse_head_and_shoulders,inverse_head_and_shoulders,4.500,none,0.000,inverse_head_and_shoulders,4.500,none,0.000,LONG,false,PERIOD_H1_NONE_dow_range_or_transition|PERIOD_M15_SHORT_structure_trend_bias_dow_trend_down_ll_lh,true,h1_counter_m15_reversal,true,top_NONE_dow_range_or_transition|structure_SHORT_structure_trend_bias_dow_trend_down_ll_lh|structure_break_recent_confirmed_swing_break_failed|primary_break_recent_confirmed_swing_break_retest,none,above_75sma_rising,below_75sma_falling,above_75sma_flat_or_falling,-1,0.00000000,1,152.84200000,false,off,NONE,NONE,0.00000000,0.00000000,0.0000,none,0.000,true,LONG,return_high_break_or_bos_up,152.88900000,19,152.84200000,152.55700000,false,off,independent,false,,,false,0.0000,none,0.0000,0.0000,none,0.0000,0.0000,0.0000,none,0.0000,0,0,0.0000,none,none,none,none,0.0000,0,0.0000,none,false,true,not_evaluated,true,required_light_or_anchor_flip,bias_flip_up,152.94400000,2025.10.27 06:15:00,152.80300000,2025.10.27 14:30:00,2025.10.27 15:00:00,true,LONG,152.80300000,152.81600000,0.1278,2,true,2025.10.27 15:30:00,2,LONG,152.80300000,152.81600000,0.1278,0.7963,normal,2025.10.27 16:00:00,first_after_anchor,true,LONG,2,0,2,true,false,fresh_0_4,true,false,false,true,none,true,required,true,PERIOD_M5,2025.10.27 15:35:00,2025.10.27 15:35:00,8,1.0879,true,152.80300000,1.0879,false,0.0000,true,m5_bullish_close_after_anchor_retest,retest_reconfirm,true,none,true,required_first_signal_only,LONG,unknown,0.00000000,,0.00000000,,false,,-1,false,NONE,0.00000000,,0.00000000,0.0000,0.0000,none,-1,false,false,false,insufficient_confirmed_m5_pivots,USDJPY|LONG|1761579000|152.803,,,false,false,false,-1,-1,-1,-1,-1,false,false,false,0.0000,falling_n,false,153.06600000,152.55700000,5.0042,true,0.7963,0.3361,2,normal,true,0.4224,preferred_382_618,0.200,diagnostic_only,diagnostic_only,diagnostic_only,shallow_pullback,4,0.440,true,none,0.590,high_quality,false,false,diagnostic_only,both,true,none,true,diagnostic_adjacent_detected,required_light,false,false,SHORT,2,false,false,0,,,-1,0.0000,0.00000000,0.00000000,0.00000000,false,false,none,0.00000000,false,0.0000,0.0000,false,1,0.0000,false,-1,0.00000000,0.0000,off,false,not_evaluated,none,0.0000,0.0000,none,false,false,false,0.0000,none,false,none,0.0000,false,none,0.0000,0.0000,0.0000,0.0000,false,none,0.0000,none,none,false,false,none,0.0000,0.0000,0.0000,0.0000,none,false,false,0.0000,0.0000,false,false,-1,none,none,false,0.000,0.000,152.88800000,152.84437500,152.88800000,session_high,0.03700000,0.2202,neckline_level,152.82700000,0.4280,false,true,true,false,not_blocked,7,5,2,m5_failure_exit,off,none,0.00000000,0.0000,1.30,153.07000000,4.500,-0.300,0.200,PERIOD_M15,152.80300000,152.55700000,-0.1951,outside,0.000,true,152.85100000,152.68300000,0.16800000,153.07000000,1.304,0.05607143,15.00,0-30,true,false,none,not_consumed,4.800,4.800,none,0.0000,false,neckline_retest_failed,false,not_invalidated,spread_too_high
2025.10.27 16:15:00,blocked,session_reversal_pullback_one_symbol_first120,USDJPY,LONG,2025.10.27 16:10:00,16,13,22,london_newyork_overlap,2025.10.27 13:00,10,first_120min,true,true,3,USDJPY,highest_score_in_session_bar,london_newyork_overlap=USDJPY|EURJPY|GBPJPY|AUDJPY|EURUSD|GBPUSD,existing_first120_gate,london_newyork_overlap,false,false,true,passed_first_window,inverse_head_and_shoulders,neckline_break_retest,152.82700000,PERIOD_M5,PERIOD_H1,PERIOD_M15,PERIOD_M5,PERIOD_M5,false,htf_soft_alignment,current_post_filter,transcript_post_filter,dow_range_or_transition,structure_trend_bias_dow_trend_down_ll_lh,dow_range_or_transition,structure_trend_bias_dow_trend_down_ll_lh,false,true,false,LONG,PERIOD_M5,inverse_head_and_shoulders,inverse_head_and_shoulders,4.500,none,0.000,inverse_head_and_shoulders,4.500,none,0.000,LONG,false,PERIOD_H1_NONE_dow_range_or_transition|PERIOD_M15_SHORT_structure_trend_bias_dow_trend_down_ll_lh,true,h1_counter_m15_reversal,true,top_NONE_dow_range_or_transition|structure_SHORT_structure_trend_bias_dow_trend_down_ll_lh|structure_break_recent_confirmed_swing_break_failed|primary_break_recent_confirmed_swing_break_retest,none,above_75sma_rising,below_75sma_falling,above_75sma_flat_or_falling,-1,0.00000000,1,152.84200000,false,off,NONE,NONE,0.00000000,0.00000000,0.0000,none,0.000,true,LONG,return_high_break_or_bos_up,152.88900000,19,152.84200000,152.55700000,false,off,independent,false,,,false,0.0000,none,0.0000,0.0000,none,0.0000,0.0000,0.0000,none,0.0000,0,0,0.0000,none,none,none,none,0.0000,0,0.0000,none,false,true,not_evaluated,true,required_light_or_anchor_flip,bias_flip_up,152.94400000,2025.10.27 06:15:00,152.80300000,2025.10.27 14:30:00,2025.10.27 15:00:00,true,LONG,152.80300000,152.81600000,0.1278,2,true,2025.10.27 15:30:00,2,LONG,152.80300000,152.81600000,0.1278,0.7963,normal,2025.10.27 16:00:00,first_after_anchor,true,LONG,2,0,2,true,false,fresh_0_4,true,false,false,true,none,true,required,true,PERIOD_M5,2025.10.27 15:35:00,2025.10.27 15:35:00,8,1.0879,true,152.80300000,1.0879,false,0.0000,true,m5_bullish_close_after_anchor_retest,retest_reconfirm,true,none,true,required_first_signal_only,LONG,unknown,0.00000000,,0.00000000,,false,,-1,false,NONE,0.00000000,,0.00000000,0.0000,0.0000,none,-1,false,false,false,insufficient_confirmed_m5_pivots,USDJPY|LONG|1761579000|152.803,,,false,false,false,-1,-1,-1,-1,-1,false,false,false,0.0000,falling_n,false,153.06600000,152.55700000,5.0042,true,0.7963,0.3361,2,normal,true,0.4224,preferred_382_618,0.200,diagnostic_only,diagnostic_only,diagnostic_only,shallow_pullback,4,0.440,true,none,0.590,high_quality,false,false,diagnostic_only,both,true,none,true,diagnostic_adjacent_detected,required_light,false,false,SHORT,2,false,false,0,,,-1,0.0000,0.00000000,0.00000000,0.00000000,false,false,none,0.00000000,false,0.0000,0.0000,false,1,0.0000,false,-1,0.00000000,0.0000,off,false,not_evaluated,none,0.0000,0.0000,none,false,false,false,0.0000,none,false,none,0.0000,false,none,0.0000,0.0000,0.0000,0.0000,false,none,0.0000,none,none,false,false,none,0.0000,0.0000,0.0000,0.0000,none,false,false,0.0000,0.0000,false,false,-1,none,none,false,0.000,0.000,152.88800000,152.84437500,152.88800000,session_high,0.03700000,0.2202,neckline_level,152.82700000,0.4280,false,true,true,false,not_blocked,7,5,2,m5_failure_exit,off,none,0.00000000,0.0000,1.30,153.07000000,4.500,-0.300,0.200,PERIOD_M15,152.80300000,152.55700000,-0.1951,outside,0.000,true,152.85100000,152.68300000,0.16800000,153.07000000,1.304,0.05607143,15.00,0-30,true,false,none,blocked_spread_too_high,4.800,4.800,none,0.0000,false,neckline_retest_failed,false,not_invalidated,spread_too_high
2025.10.28 16:50:00,signal,session_reversal_pullback_one_symbol_first120,AUDJPY,SHORT,2025.10.28 16:45:00,16,13,22,london_newyork_overlap,2025.10.28 13:00,45,first_120min,true,true,3,AUDJPY,highest_score_in_session_bar,london_newyork_overlap=USDJPY|EURJPY|GBPJPY|AUDJPY|EURUSD|GBPUSD,existing_first120_gate,london_newyork_overlap,false,false,true,passed_first_window,sweep_high_reclaim,sweep_reclaim_retest,99.81500000,PERIOD_M5,PERIOD_H1,PERIOD_M15,PERIOD_M5,PERIOD_M5,false,htf_soft_alignment,current_post_filter,transcript_post_filter,dow_range_or_transition,ordered_dow_wave3_break_above_swing_high,dow_range_or_transition,ordered_dow_wave3_break_above_swing_high,false,false,true,SHORT,PERIOD_M5,sweep_high_reclaim,sweep_high_reclaim,3.400,none,0.000,sweep_high_reclaim,3.400,none,0.000,SHORT,false,PERIOD_H1_NONE_dow_range_or_transition|PERIOD_M15_LONG_ordered_dow_wave3_break_above_swing_high,true,h1_counter_m15_reversal,true,top_NONE_dow_range_or_transition|structure_LONG_ordered_dow_wave3_break_above_swing_high|structure_break_recent_confirmed_swing_break_failed|primary_break_recent_confirmed_swing_break_retest,none,below_75sma_flat_or_rising,below_75sma_falling,above_75sma_rising,-1,0.00000000,0,99.82300000,false,off,NONE,NONE,0.00000000,0.00000000,0.0000,none,0.000,true,SHORT,return_low_break_or_bos_down,99.50700000,18,99.81500000,99.40000000,false,off,independent,false,,,false,0.0000,none,0.0000,0.0000,none,0.0000,0.0000,0.0000,none,0.0000,0,0,0.0000,none,none,none,none,0.0000,0,0.0000,none,false,true,not_evaluated,true,required_light_or_anchor_flip,bias_flip_up,100.26200000,2025.10.27 20:00:00,99.76100000,2025.10.28 10:00:00,2025.10.28 11:30:00,true,LONG,99.76100000,99.80200000,0.6126,2,true,2025.10.28 16:00:00,2,LONG,99.76100000,99.80200000,0.6126,1.5688,strong,2025.10.28 16:30:00,first_after_anchor,true,LONG,2,0,2,true,false,fresh_0_4,false,true,false,true,none,true,required,false,PERIOD_M5,,,-1,0.0000,false,0.00000000,0.0000,false,0.0000,false,none,none,false,no_anchor_flip_in_entry_direction,true,required_first_signal_only,SHORT,unknown,0.00000000,,0.00000000,,false,,-1,false,NONE,0.00000000,,0.00000000,0.0000,0.0000,none,-1,false,false,false,no_anchor_flip_in_entry_direction,,,,false,false,false,-1,-1,-1,-1,-1,false,false,false,0.0000,range_n,true,99.97600000,99.40000000,8.6062,true,1.5688,0.0948,2,strong,true,0.9711,too_deep,0.000,diagnostic_only,diagnostic_only,diagnostic_only,fib_pullback,24,0.120,true,none,0.270,medium_quality,false,false,diagnostic_only,both,true,none,true,diagnostic_adjacent_detected,required_light,false,false,LONG,5,false,false,1,2025.10.28 15:00:00,2025.10.28 16:20:00,5,4.0286,0.00000000,99.63400000,99.63400000,false,false,none,0.00000000,false,0.0000,0.0000,false,1,0.0000,false,-1,0.00000000,0.0000,off,false,not_evaluated,none,0.0000,0.0000,none,false,false,false,0.0000,none,false,none,0.0000,false,none,4.0286,2.1367,1.8854,1.7806,false,no_shrink,0.0000,none,none,false,false,none,0.0000,0.0000,0.0000,0.0000,none,false,false,0.0000,0.0000,false,false,-1,none,none,false,0.000,0.000,99.81500000,99.78963636,99.78963636,recent_equal_highs,0.01336364,0.4455,neckline_level,99.81500000,0.2671,false,true,true,false,not_blocked,3,1,2,m5_failure_exit,off,none,0.00000000,0.0000,1.30,99.76400000,3.400,-0.300,0.200,PERIOD_M15,99.63100000,99.55200000,3.1772,outside,0.000,true,99.80300000,99.83300000,0.03000000,99.76400000,1.300,0.04492857,28.00,30-60,true,false,none,not_consumed,3.700,3.700,none,0.0000,false,opposite_break_first,true,opposite_break_first,spread_too_high
2025.10.28 16:50:00,blocked,session_reversal_pullback_one_symbol_first120,AUDJPY,SHORT,2025.10.28 16:45:00,16,13,22,london_newyork_overlap,2025.10.28 13:00,45,first_120min,true,true,3,AUDJPY,highest_score_in_session_bar,london_newyork_overlap=USDJPY|EURJPY|GBPJPY|AUDJPY|EURUSD|GBPUSD,existing_first120_gate,london_newyork_overlap,false,false,true,passed_first_window,sweep_high_reclaim,sweep_reclaim_retest,99.81500000,PERIOD_M5,PERIOD_H1,PERIOD_M15,PERIOD_M5,PERIOD_M5,false,htf_soft_alignment,current_post_filter,transcript_post_filter,dow_range_or_transition,ordered_dow_wave3_break_above_swing_high,dow_range_or_transition,ordered_dow_wave3_break_above_swing_high,false,false,true,SHORT,PERIOD_M5,sweep_high_reclaim,sweep_high_reclaim,3.400,none,0.000,sweep_high_reclaim,3.400,none,0.000,SHORT,false,PERIOD_H1_NONE_dow_range_or_transition|PERIOD_M15_LONG_ordered_dow_wave3_break_above_swing_high,true,h1_counter_m15_reversal,true,top_NONE_dow_range_or_transition|structure_LONG_ordered_dow_wave3_break_above_swing_high|structure_break_recent_confirmed_swing_break_failed|primary_break_recent_confirmed_swing_break_retest,none,below_75sma_flat_or_rising,below_75sma_falling,above_75sma_rising,-1,0.00000000,0,99.82300000,false,off,NONE,NONE,0.00000000,0.00000000,0.0000,none,0.000,true,SHORT,return_low_break_or_bos_down,99.50700000,18,99.81500000,99.40000000,false,off,independent,false,,,false,0.0000,none,0.0000,0.0000,none,0.0000,0.0000,0.0000,none,0.0000,0,0,0.0000,none,none,none,none,0.0000,0,0.0000,none,false,true,not_evaluated,true,required_light_or_anchor_flip,bias_flip_up,100.26200000,2025.10.27 20:00:00,99.76100000,2025.10.28 10:00:00,2025.10.28 11:30:00,true,LONG,99.76100000,99.80200000,0.6126,2,true,2025.10.28 16:00:00,2,LONG,99.76100000,99.80200000,0.6126,1.5688,strong,2025.10.28 16:30:00,first_after_anchor,true,LONG,2,0,2,true,false,fresh_0_4,false,true,false,true,none,true,required,false,PERIOD_M5,,,-1,0.0000,false,0.00000000,0.0000,false,0.0000,false,none,none,false,no_anchor_flip_in_entry_direction,true,required_first_signal_only,SHORT,unknown,0.00000000,,0.00000000,,false,,-1,false,NONE,0.00000000,,0.00000000,0.0000,0.0000,none,-1,false,false,false,no_anchor_flip_in_entry_direction,,,,false,false,false,-1,-1,-1,-1,-1,false,false,false,0.0000,range_n,true,99.97600000,99.40000000,8.6062,true,1.5688,0.0948,2,strong,true,0.9711,too_deep,0.000,diagnostic_only,diagnostic_only,diagnostic_only,fib_pullback,24,0.120,true,none,0.270,medium_quality,false,false,diagnostic_only,both,true,none,true,diagnostic_adjacent_detected,required_light,false,false,LONG,5,false,false,1,2025.10.28 15:00:00,2025.10.28 16:20:00,5,4.0286,0.00000000,99.63400000,99.63400000,false,false,none,0.00000000,false,0.0000,0.0000,false,1,0.0000,false,-1,0.00000000,0.0000,off,false,not_evaluated,none,0.0000,0.0000,none,false,false,false,0.0000,none,false,none,0.0000,false,none,4.0286,2.1367,1.8854,1.7806,false,no_shrink,0.0000,none,none,false,false,none,0.0000,0.0000,0.0000,0.0000,none,false,false,0.0000,0.0000,false,false,-1,none,none,false,0.000,0.000,99.81500000,99.78963636,99.78963636,recent_equal_highs,0.01336364,0.4455,neckline_level,99.81500000,0.2671,false,true,true,false,not_blocked,3,1,2,m5_failure_exit,off,none,0.00000000,0.0000,1.30,99.76400000,3.400,-0.300,0.200,PERIOD_M15,99.63100000,99.55200000,3.1772,outside,0.000,true,99.80300000,99.83300000,0.03000000,99.76400000,1.300,0.04492857,28.00,30-60,true,false,none,blocked_spread_too_high,3.700,3.700,none,0.0000,false,opposite_break_first,true,opposite_break_first,spread_too_high
2025.10.28 19:45:00,signal,session_reversal_pullback_one_symbol_first120,EURUSD,SHORT,2025.10.28 19:40:00,19,16,1,new_york,2025.10.28 16:00,40,first_120min,true,true,3,EURUSD,highest_score_in_session_bar,new_york=USDJPY|EURJPY|GBPJPY|AUDJPY|EURUSD|GBPUSD,existing_first120_gate,new_york,false,false,true,passed_first_window,head_and_shoulders,neckline_break_retest,1.16562000,PERIOD_M5,PERIOD_H1,PERIOD_M15,PERIOD_M5,PERIOD_M5,false,htf_soft_alignment,current_post_filter,transcript_post_filter,dow_trend_up_hh_hl,no_ordered_dow_wave3_break,dow_trend_up_hh_hl,no_ordered_dow_wave3_break,false,false,true,SHORT,PERIOD_M5,head_and_shoulders,head_and_shoulders,4.500,none,0.000,head_and_shoulders,4.500,none,0.000,SHORT,false,PERIOD_H1_LONG_dow_trend_up_hh_hl|PERIOD_M15_NONE_no_ordered_dow_wave3_break,true,h1_counter_m15_reversal,true,top_LONG_dow_trend_up_hh_hl|structure_NONE_no_ordered_dow_wave3_break|structure_break_recent_confirmed_swing_break_failed|primary_break_recent_confirmed_swing_break_retest,none,above_75sma_rising,below_75sma_flat_or_rising,above_75sma_rising,-1,0.00000000,0,1.16542000,false,off,NONE,NONE,0.00000000,0.00000000,0.0000,none,0.000,true,SHORT,return_low_break_or_bos_down,1.16443000,11,1.16664000,1.16248000,false,off,independent,false,,,false,0.0000,none,0.0000,0.0000,none,0.0000,0.0000,0.0000,none,0.0000,0,0,0.0000,none,none,none,none,0.0000,0,0.0000,none,false,true,not_evaluated,true,required_light_or_anchor_flip,long_bias,1.16248000,2025.10.28 16:15:00,1.16591000,2025.10.28 15:00:00,2025.10.28 18:00:00,false,NONE,0.00000000,0.00000000,0.0000,-1,false,,-1,NONE,0.00000000,0.00000000,0.0000,0.0000,none,,none,false,NONE,-1,-1,-1,false,false,none,false,true,false,true,none,true,required,false,PERIOD_M5,,,-1,0.0000,false,0.00000000,0.0000,false,0.0000,false,none,none,false,no_anchor_flip_in_entry_direction,true,required_first_signal_only,SHORT,unknown,0.00000000,,0.00000000,,false,,-1,false,NONE,0.00000000,,0.00000000,0.0000,0.0000,none,-1,false,false,false,no_anchor_flip_in_entry_direction,,,,false,false,false,-1,-1,-1,-1,-1,false,false,false,0.0000,rising_n,false,1.16664000,1.16248000,6.0228,false,0.0000,0.0000,0,none,true,0.7043,deep_618_786,0.120,diagnostic_only,diagnostic_only,diagnostic_only,fib_pullback,6,0.410,true,none,0.560,high_quality,false,false,diagnostic_only,both,true,none,true,diagnostic_adjacent_detected,required_light,false,false,LONG,6,false,false,1,2025.10.28 18:00:00,2025.10.28 18:50:00,10,3.3230,0.00000000,1.16542000,1.16542000,true,true,m5_hl_close_break_down,1.16542000,true,0.0545,0.2451,true,1,0.0000,false,0,1.16542000,1.0895,off,false,not_evaluated,none,0.4200,0.0400,normal,false,false,false,0.0000,no_following_closed_bar,false,none,0.0000,false,no_retest,1.8794,3.2957,0.5702,0.0000,true,strong_exhaustion,0.0000,none,none,false,false,none,0.0000,0.0000,0.0000,0.0000,none,false,false,0.0000,0.0000,false,false,-1,none,none,false,0.000,0.000,1.16542000,1.16536000,1.16514000,previous_day_high,0.00027000,0.4355,session_low|opening_range_low|neckline_level,1.16536000,0.1362,false,true,true,false,not_blocked,2,1,1,m5_failure_exit,off,none,0.00000000,0.0000,1.30,1.16461000,4.500,-0.300,0.200,PERIOD_M15,1.16664000,1.16248000,0.7043,deep_618_786,0.000,true,1.16541000,1.16603000,0.00062000,1.16461000,1.290,0.00036714,18.00,30-60,true,false,none,not_consumed,4.800,4.800,none,0.0000,false,opposite_break_first,true,opposite_break_first,spread_too_high
2025.10.28 19:45:00,blocked,session_reversal_pullback_one_symbol_first120,EURUSD,SHORT,2025.10.28 19:40:00,19,16,1,new_york,2025.10.28 16:00,40,first_120min,true,true,3,EURUSD,highest_score_in_session_bar,new_york=USDJPY|EURJPY|GBPJPY|AUDJPY|EURUSD|GBPUSD,existing_first120_gate,new_york,false,false,true,passed_first_window,head_and_shoulders,neckline_break_retest,1.16562000,PERIOD_M5,PERIOD_H1,PERIOD_M15,PERIOD_M5,PERIOD_M5,false,htf_soft_alignment,current_post_filter,transcript_post_filter,dow_trend_up_hh_hl,no_ordered_dow_wave3_break,dow_trend_up_hh_hl,no_ordered_dow_wave3_break,false,false,true,SHORT,PERIOD_M5,head_and_shoulders,head_and_shoulders,4.500,none,0.000,head_and_shoulders,4.500,none,0.000,SHORT,false,PERIOD_H1_LONG_dow_trend_up_hh_hl|PERIOD_M15_NONE_no_ordered_dow_wave3_break,true,h1_counter_m15_reversal,true,top_LONG_dow_trend_up_hh_hl|structure_NONE_no_ordered_dow_wave3_break|structure_break_recent_confirmed_swing_break_failed|primary_break_recent_confirmed_swing_break_retest,none,above_75sma_rising,below_75sma_flat_or_rising,above_75sma_rising,-1,0.00000000,0,1.16542000,false,off,NONE,NONE,0.00000000,0.00000000,0.0000,none,0.000,true,SHORT,return_low_break_or_bos_down,1.16443000,11,1.16664000,1.16248000,false,off,independent,false,,,false,0.0000,none,0.0000,0.0000,none,0.0000,0.0000,0.0000,none,0.0000,0,0,0.0000,none,none,none,none,0.0000,0,0.0000,none,false,true,not_evaluated,true,required_light_or_anchor_flip,long_bias,1.16248000,2025.10.28 16:15:00,1.16591000,2025.10.28 15:00:00,2025.10.28 18:00:00,false,NONE,0.00000000,0.00000000,0.0000,-1,false,,-1,NONE,0.00000000,0.00000000,0.0000,0.0000,none,,none,false,NONE,-1,-1,-1,false,false,none,false,true,false,true,none,true,required,false,PERIOD_M5,,,-1,0.0000,false,0.00000000,0.0000,false,0.0000,false,none,none,false,no_anchor_flip_in_entry_direction,true,required_first_signal_only,SHORT,unknown,0.00000000,,0.00000000,,false,,-1,false,NONE,0.00000000,,0.00000000,0.0000,0.0000,none,-1,false,false,false,no_anchor_flip_in_entry_direction,,,,false,false,false,-1,-1,-1,-1,-1,false,false,false,0.0000,rising_n,false,1.16664000,1.16248000,6.0228,false,0.0000,0.0000,0,none,true,0.7043,deep_618_786,0.120,diagnostic_only,diagnostic_only,diagnostic_only,fib_pullback,6,0.410,true,none,0.560,high_quality,false,false,diagnostic_only,both,true,none,true,diagnostic_adjacent_detected,required_light,false,false,LONG,6,false,false,1,2025.10.28 18:00:00,2025.10.28 18:50:00,10,3.3230,0.00000000,1.16542000,1.16542000,true,true,m5_hl_close_break_down,1.16542000,true,0.0545,0.2451,true,1,0.0000,false,0,1.16542000,1.0895,off,false,not_evaluated,none,0.4200,0.0400,normal,false,false,false,0.0000,no_following_closed_bar,false,none,0.0000,false,no_retest,1.8794,3.2957,0.5702,0.0000,true,strong_exhaustion,0.0000,none,none,false,false,none,0.0000,0.0000,0.0000,0.0000,none,false,false,0.0000,0.0000,false,false,-1,none,none,false,0.000,0.000,1.16542000,1.16536000,1.16514000,previous_day_high,0.00027000,0.4355,session_low|opening_range_low|neckline_level,1.16536000,0.1362,false,true,true,false,not_blocked,2,1,1,m5_failure_exit,off,none,0.00000000,0.0000,1.30,1.16461000,4.500,-0.300,0.200,PERIOD_M15,1.16664000,1.16248000,0.7043,deep_618_786,0.000,true,1.16541000,1.16603000,0.00062000,1.16461000,1.290,0.00036714,18.00,30-60,true,false,none,blocked_spread_too_high,4.800,4.800,none,0.0000,false,opposite_break_first,true,opposite_break_first,spread_too_high
2025.10.29 16:05:00,signal,session_reversal_pullback_one_symbol_first120,USDJPY,SHORT,2025.10.29 16:00:00,16,13,22,london_newyork_overlap,2025.10.29 13:00,0,first_120min,true,true,3,USDJPY,highest_score_in_session_bar,london_newyork_overlap=USDJPY|EURJPY|GBPJPY|AUDJPY|EURUSD|GBPUSD,existing_first120_gate,london_newyork_overlap,false,false,true,passed_first_window,double_top,neckline_break_retest,152.25300000,PERIOD_M5,PERIOD_H1,PERIOD_M15,PERIOD_M5,PERIOD_M5,false,htf_soft_alignment,current_post_filter,transcript_post_filter,dow_range_or_transition,structure_trend_bias_dow_trend_down_ll_lh,dow_range_or_transition,structure_trend_bias_dow_trend_down_ll_lh,false,false,true,SHORT,PERIOD_M5,double_top,double_top,4.200,none,0.000,double_top,4.200,none,0.000,SHORT,false,PERIOD_H1_NONE_dow_range_or_transition|PERIOD_M15_SHORT_structure_trend_bias_dow_trend_down_ll_lh,true,h1_counter_m15_reversal,true,top_NONE_dow_range_or_transition|structure_SHORT_structure_trend_bias_dow_trend_down_ll_lh|structure_break_recent_confirmed_swing_break_failed|primary_break_recent_confirmed_swing_break_retest,none,below_75sma_falling,above_75sma_rising,below_75sma_falling,-1,0.00000000,0,152.19600000,false,off,NONE,NONE,0.00000000,0.00000000,0.0000,none,0.000,true,SHORT,return_low_break_or_bos_down,152.08800000,20,152.45900000,151.99400000,false,off,independent,false,,,false,0.0000,none,0.0000,0.0000,none,0.0000,0.0000,0.0000,none,0.0000,0,0,0.0000,none,none,none,none,0.0000,0,0.0000,none,false,true,not_evaluated,true,required_light_or_anchor_flip,short_bias,152.19600000,2025.10.29 14:00:00,152.39900000,2025.10.29 14:15:00,2025.10.29 14:45:00,false,NONE,0.00000000,0.00000000,0.0000,-1,false,,-1,NONE,0.00000000,0.00000000,0.0000,0.0000,none,,none,false,NONE,-1,-1,-1,false,false,none,true,false,false,true,none,true,required,false,PERIOD_M5,,,-1,0.0000,false,0.00000000,0.0000,false,0.0000,false,none,none,false,no_anchor_flip_in_entry_direction,true,required_first_signal_only,SHORT,unknown,0.00000000,,0.00000000,,false,,-1,false,NONE,0.00000000,,0.00000000,0.0000,0.0000,none,-1,false,false,false,no_anchor_flip_in_entry_direction,,,,false,false,false,-1,-1,-1,-1,-1,false,false,false,0.0000,range_n,true,152.45900000,152.12700000,3.2802,false,0.0000,0.0000,0,none,true,0.4215,preferred_382_618,0.200,diagnostic_only,diagnostic_only,diagnostic_only,fib_pullback,24,0.400,true,none,0.550,high_quality,false,false,diagnostic_only,both,true,none,true,diagnostic_adjacent_detected,required_light,false,false,LONG,7,false,false,0,2025.10.29 14:05:00,2025.10.29 15:25:00,7,5.2308,0.00000000,152.12700000,152.12700000,false,false,none,0.00000000,false,0.0000,0.0000,false,1,0.0000,false,-1,0.00000000,0.0000,off,false,not_evaluated,none,0.0000,0.0000,none,false,false,false,0.0000,none,false,none,0.0000,false,none,3.1731,3.9038,0.8128,0.0000,true,strong_exhaustion,0.0000,none,none,false,false,none,0.0000,0.0000,0.0000,0.0000,none,false,false,0.0000,0.0000,false,false,-1,none,none,false,0.000,0.000,152.21100000,152.18400000,152.17900000,failed_breakout_level,0.01100000,0.0902,session_low|opening_range_low|neckline_level,152.18400000,0.1154,false,true,false,false,not_blocked,3,3,0,m5_failure_exit,off,none,0.00000000,0.0000,1.30,152.03100000,4.200,-0.300,0.200,PERIOD_M15,152.39900000,152.12700000,0.2316,outside,0.000,true,152.19000000,152.31200000,0.12200000,152.03100000,1.303,0.05200000,18.00,0-30,true,false,none,not_consumed,4.500,4.500,none,0.0000,false,neckline_retest_failed,false,not_invalidated,spread_too_high
2025.10.29 16:05:00,blocked,session_reversal_pullback_one_symbol_first120,USDJPY,SHORT,2025.10.29 16:00:00,16,13,22,london_newyork_overlap,2025.10.29 13:00,0,first_120min,true,true,3,USDJPY,highest_score_in_session_bar,london_newyork_overlap=USDJPY|EURJPY|GBPJPY|AUDJPY|EURUSD|GBPUSD,existing_first120_gate,london_newyork_overlap,false,false,true,passed_first_window,double_top,neckline_break_retest,152.25300000,PERIOD_M5,PERIOD_H1,PERIOD_M15,PERIOD_M5,PERIOD_M5,false,htf_soft_alignment,current_post_filter,transcript_post_filter,dow_range_or_transition,structure_trend_bias_dow_trend_down_ll_lh,dow_range_or_transition,structure_trend_bias_dow_trend_down_ll_lh,false,false,true,SHORT,PERIOD_M5,double_top,double_top,4.200,none,0.000,double_top,4.200,none,0.000,SHORT,false,PERIOD_H1_NONE_dow_range_or_transition|PERIOD_M15_SHORT_structure_trend_bias_dow_trend_down_ll_lh,true,h1_counter_m15_reversal,true,top_NONE_dow_range_or_transition|structure_SHORT_structure_trend_bias_dow_trend_down_ll_lh|structure_break_recent_confirmed_swing_break_failed|primary_break_recent_confirmed_swing_break_retest,none,below_75sma_falling,above_75sma_rising,below_75sma_falling,-1,0.00000000,0,152.19600000,false,off,NONE,NONE,0.00000000,0.00000000,0.0000,none,0.000,true,SHORT,return_low_break_or_bos_down,152.08800000,20,152.45900000,151.99400000,false,off,independent,false,,,false,0.0000,none,0.0000,0.0000,none,0.0000,0.0000,0.0000,none,0.0000,0,0,0.0000,none,none,none,none,0.0000,0,0.0000,none,false,true,not_evaluated,true,required_light_or_anchor_flip,short_bias,152.19600000,2025.10.29 14:00:00,152.39900000,2025.10.29 14:15:00,2025.10.29 14:45:00,false,NONE,0.00000000,0.00000000,0.0000,-1,false,,-1,NONE,0.00000000,0.00000000,0.0000,0.0000,none,,none,false,NONE,-1,-1,-1,false,false,none,true,false,false,true,none,true,required,false,PERIOD_M5,,,-1,0.0000,false,0.00000000,0.0000,false,0.0000,false,none,none,false,no_anchor_flip_in_entry_direction,true,required_first_signal_only,SHORT,unknown,0.00000000,,0.00000000,,false,,-1,false,NONE,0.00000000,,0.00000000,0.0000,0.0000,none,-1,false,false,false,no_anchor_flip_in_entry_direction,,,,false,false,false,-1,-1,-1,-1,-1,false,false,false,0.0000,range_n,true,152.45900000,152.12700000,3.2802,false,0.0000,0.0000,0,none,true,0.4215,preferred_382_618,0.200,diagnostic_only,diagnostic_only,diagnostic_only,fib_pullback,24,0.400,true,none,0.550,high_quality,false,false,diagnostic_only,both,true,none,true,diagnostic_adjacent_detected,required_light,false,false,LONG,7,false,false,0,2025.10.29 14:05:00,2025.10.29 15:25:00,7,5.2308,0.00000000,152.12700000,152.12700000,false,false,none,0.00000000,false,0.0000,0.0000,false,1,0.0000,false,-1,0.00000000,0.0000,off,false,not_evaluated,none,0.0000,0.0000,none,false,false,false,0.0000,none,false,none,0.0000,false,none,3.1731,3.9038,0.8128,0.0000,true,strong_exhaustion,0.0000,none,none,false,false,none,0.0000,0.0000,0.0000,0.0000,none,false,false,0.0000,0.0000,false,false,-1,none,none,false,0.000,0.000,152.21100000,152.18400000,152.17900000,failed_breakout_level,0.01100000,0.0902,session_low|opening_range_low|neckline_level,152.18400000,0.1154,false,true,false,false,not_blocked,3,3,0,m5_failure_exit,off,none,0.00000000,0.0000,1.30,152.03100000,4.200,-0.300,0.200,PERIOD_M15,152.39900000,152.12700000,0.2316,outside,0.000,true,152.19000000,152.31200000,0.12200000,152.03100000,1.303,0.05200000,18.00,0-30,true,false,none,blocked_spread_too_high,4.500,4.500,none,0.0000,false,neckline_retest_failed,false,not_invalidated,spread_too_high
2025.10.30 03:35:01,signal,session_reversal_pullback_one_symbol_first120,AUDJPY,SHORT,2025.10.30 03:30:00,3,0,9,tokyo,2025.10.30 00:00,30,first_120min,true,true,3,AUDJPY,highest_score_in_session_bar,tokyo=USDJPY|EURJPY|GBPJPY|AUDJPY,existing_first120_gate,tokyo,false,false,true,passed_first_window,double_top,neckline_break_retest,100.42700000,PERIOD_M5,PERIOD_H1,PERIOD_M15,PERIOD_M5,PERIOD_M5,false,htf_soft_alignment,current_post_filter,transcript_post_filter,dow_trend_up_hh_hl,structure_trend_bias_dow_trend_down_ll_lh,dow_trend_up_hh_hl,structure_trend_bias_dow_trend_down_ll_lh,false,false,true,SHORT,PERIOD_M5,double_top,double_top,4.200,none,0.000,double_top,4.200,none,0.000,SHORT,false,PERIOD_H1_LONG_dow_trend_up_hh_hl|PERIOD_M15_SHORT_structure_trend_bias_dow_trend_down_ll_lh,true,h1_counter_m15_reversal,true,top_LONG_dow_trend_up_hh_hl|structure_SHORT_structure_trend_bias_dow_trend_down_ll_lh|structure_break_recent_confirmed_swing_break_failed|primary_break_recent_confirmed_swing_break_continuation,none,above_75sma_rising,below_75sma_falling,above_75sma_flat_or_falling,-1,0.00000000,0,100.55200000,false,off,NONE,NONE,0.00000000,0.00000000,0.0000,none,0.000,true,SHORT,return_low_break_or_bos_down,100.28700000,6,100.61400000,100.23200000,false,off,independent,false,,,false,0.0000,none,0.0000,0.0000,none,0.0000,0.0000,0.0000,none,0.0000,0,0,0.0000,none,none,none,none,0.0000,0,0.0000,none,false,true,not_evaluated,true,required_light_or_anchor_flip,short_bias,100.24700000,2025.10.29 17:00:00,100.52400000,2025.10.29 23:00:00,2025.10.30 00:00:00,false,NONE,0.00000000,0.00000000,0.0000,-1,false,,-1,NONE,0.00000000,0.00000000,0.0000,0.0000,none,,none,false,NONE,-1,-1,-1,false,false,none,true,false,false,true,none,true,required,false,PERIOD_M5,,,-1,0.0000,false,0.00000000,0.0000,false,0.0000,false,none,none,false,no_anchor_flip_in_entry_direction,true,required_first_signal_only,SHORT,unknown,0.00000000,,0.00000000,,false,,-1,false,NONE,0.00000000,,0.00000000,0.0000,0.0000,none,-1,false,false,false,no_anchor_flip_in_entry_direction,,,,false,false,false,-1,-1,-1,-1,-1,false,false,false,0.0000,range_n,true,100.74100000,100.23200000,5.6917,false,0.0000,0.0000,0,none,true,0.5026,preferred_382_618,0.200,diagnostic_only,diagnostic_only,diagnostic_only,shallow_pullback,24,0.450,true,none,0.600,high_quality,false,false,diagnostic_only,both,true,none,true,diagnostic_adjacent_detected,required_light,false,false,LONG,6,false,false,2,2025.10.30 02:00:00,2025.10.30 03:05:00,5,5.5828,0.00000000,100.27500000,100.27500000,false,false,none,0.00000000,false,0.0000,0.0000,false,1,0.0000,false,-1,0.00000000,0.0000,off,false,not_evaluated,none,0.0000,0.0000,none,false,false,false,0.0000,none,false,none,0.0000,false,none,5.3252,1.7006,3.1313,3.8822,false,no_shrink,0.0000,none,none,false,false,none,0.0000,0.0000,0.0000,0.0000,none,false,false,0.0000,0.0000,false,false,-1,none,none,false,0.000,0.000,100.42700000,100.39500000,100.39500000,session_low,0.02900000,0.4915,neckline_level,100.42700000,0.0515,false,true,true,false,not_blocked,3,2,1,m5_failure_exit,off,none,0.00000000,0.0000,1.30,100.34700000,4.200,-0.300,0.200,PERIOD_M15,100.52400000,100.26000000,0.6212,deep_618_786,0.000,true,100.42400000,100.48300000,0.05900000,100.34700000,1.305,0.05821429,28.00,30-60,true,false,none,not_consumed,4.500,4.500,none,0.0000,false,opposite_break_first,true,opposite_break_first,spread_too_high
2025.10.30 03:35:01,blocked,session_reversal_pullback_one_symbol_first120,AUDJPY,SHORT,2025.10.30 03:30:00,3,0,9,tokyo,2025.10.30 00:00,30,first_120min,true,true,3,AUDJPY,highest_score_in_session_bar,tokyo=USDJPY|EURJPY|GBPJPY|AUDJPY,existing_first120_gate,tokyo,false,false,true,passed_first_window,double_top,neckline_break_retest,100.42700000,PERIOD_M5,PERIOD_H1,PERIOD_M15,PERIOD_M5,PERIOD_M5,false,htf_soft_alignment,current_post_filter,transcript_post_filter,dow_trend_up_hh_hl,structure_trend_bias_dow_trend_down_ll_lh,dow_trend_up_hh_hl,structure_trend_bias_dow_trend_down_ll_lh,false,false,true,SHORT,PERIOD_M5,double_top,double_top,4.200,none,0.000,double_top,4.200,none,0.000,SHORT,false,PERIOD_H1_LONG_dow_trend_up_hh_hl|PERIOD_M15_SHORT_structure_trend_bias_dow_trend_down_ll_lh,true,h1_counter_m15_reversal,true,top_LONG_dow_trend_up_hh_hl|structure_SHORT_structure_trend_bias_dow_trend_down_ll_lh|structure_break_recent_confirmed_swing_break_failed|primary_break_recent_confirmed_swing_break_continuation,none,above_75sma_rising,below_75sma_falling,above_75sma_flat_or_falling,-1,0.00000000,0,100.55200000,false,off,NONE,NONE,0.00000000,0.00000000,0.0000,none,0.000,true,SHORT,return_low_break_or_bos_down,100.28700000,6,100.61400000,100.23200000,false,off,independent,false,,,false,0.0000,none,0.0000,0.0000,none,0.0000,0.0000,0.0000,none,0.0000,0,0,0.0000,none,none,none,none,0.0000,0,0.0000,none,false,true,not_evaluated,true,required_light_or_anchor_flip,short_bias,100.24700000,2025.10.29 17:00:00,100.52400000,2025.10.29 23:00:00,2025.10.30 00:00:00,false,NONE,0.00000000,0.00000000,0.0000,-1,false,,-1,NONE,0.00000000,0.00000000,0.0000,0.0000,none,,none,false,NONE,-1,-1,-1,false,false,none,true,false,false,true,none,true,required,false,PERIOD_M5,,,-1,0.0000,false,0.00000000,0.0000,false,0.0000,false,none,none,false,no_anchor_flip_in_entry_direction,true,required_first_signal_only,SHORT,unknown,0.00000000,,0.00000000,,false,,-1,false,NONE,0.00000000,,0.00000000,0.0000,0.0000,none,-1,false,false,false,no_anchor_flip_in_entry_direction,,,,false,false,false,-1,-1,-1,-1,-1,false,false,false,0.0000,range_n,true,100.74100000,100.23200000,5.6917,false,0.0000,0.0000,0,none,true,0.5026,preferred_382_618,0.200,diagnostic_only,diagnostic_only,diagnostic_only,shallow_pullback,24,0.450,true,none,0.600,high_quality,false,false,diagnostic_only,both,true,none,true,diagnostic_adjacent_detected,required_light,false,false,LONG,6,false,false,2,2025.10.30 02:00:00,2025.10.30 03:05:00,5,5.5828,0.00000000,100.27500000,100.27500000,false,false,none,0.00000000,false,0.0000,0.0000,false,1,0.0000,false,-1,0.00000000,0.0000,off,false,not_evaluated,none,0.0000,0.0000,none,false,false,false,0.0000,none,false,none,0.0000,false,none,5.3252,1.7006,3.1313,3.8822,false,no_shrink,0.0000,none,none,false,false,none,0.0000,0.0000,0.0000,0.0000,none,false,false,0.0000,0.0000,false,false,-1,none,none,false,0.000,0.000,100.42700000,100.39500000,100.39500000,session_low,0.02900000,0.4915,neckline_level,100.42700000,0.0515,false,true,true,false,not_blocked,3,2,1,m5_failure_exit,off,none,0.00000000,0.0000,1.30,100.34700000,4.200,-0.300,0.200,PERIOD_M15,100.52400000,100.26000000,0.6212,deep_618_786,0.000,true,100.42400000,100.48300000,0.05900000,100.34700000,1.305,0.05821429,28.00,30-60,true,false,none,blocked_spread_too_high,4.500,4.500,none,0.0000,false,opposite_break_first,true,opposite_break_first,spread_too_high
2025.10.30 16:35:00,signal,session_reversal_pullback_one_symbol_first120,GBPJPY,SHORT,2025.10.30 16:30:00,16,13,22,london_newyork_overlap,2025.10.30 13:00,30,first_120min,true,true,3,GBPJPY,highest_score_in_session_bar,london_newyork_overlap=USDJPY|EURJPY|GBPJPY|AUDJPY|EURUSD|GBPUSD,existing_first120_gate,london_newyork_overlap,true,false,true,passed_first_window,head_and_shoulders,neckline_break_retest,202.86900000,PERIOD_M5,PERIOD_H1,PERIOD_M15,PERIOD_M5,PERIOD_M5,false,htf_soft_alignment,current_post_filter,transcript_post_filter,dow_trend_up_hh_hl,structure_trend_bias_dow_trend_up_hh_hl,dow_trend_up_hh_hl,structure_trend_bias_dow_trend_up_hh_hl,false,true,true,SHORT,PERIOD_M5,head_and_shoulders,head_and_shoulders,4.500,none,0.000,head_and_shoulders,4.500,none,0.000,SHORT,false,PERIOD_H1_LONG_dow_trend_up_hh_hl|PERIOD_M15_LONG_structure_trend_bias_dow_trend_up_hh_hl,true,h1_counter_m15_reversal,true,top_LONG_dow_trend_up_hh_hl|structure_LONG_structure_trend_bias_dow_trend_up_hh_hl|structure_break_recent_confirmed_swing_break_failed|primary_break_recent_confirmed_swing_break_failed,none,above_75sma_flat_or_falling,above_75sma_rising,below_75sma_flat_or_rising,-1,0.00000000,-1,0.00000000,false,off,NONE,NONE,0.00000000,0.00000000,0.0000,none,0.000,true,SHORT,return_low_break_or_bos_down,202.61000000,1,203.24800000,202.61000000,false,off,independent,false,,,false,0.0000,none,0.0000,0.0000,none,0.0000,0.0000,0.0000,none,0.0000,0,0,0.0000,none,none,none,none,0.0000,0,0.0000,none,false,true,not_evaluated,true,required_light_or_anchor_flip,bias_flip_down,202.61000000,2025.10.30 12:45:00,201.69100000,2025.10.30 03:45:00,2025.10.30 15:00:00,true,SHORT,202.61000000,202.57400000,0.2090,1,true,2025.10.30 16:00:00,1,SHORT,202.61000000,202.57400000,0.2090,0.6269,normal,2025.10.30 16:00:00,first_after_anchor,true,SHORT,1,1,1,true,false,fresh_0_4,true,false,false,true,none,true,required,true,PERIOD_M5,2025.10.30 16:05:00,2025.10.30 16:10:00,6,0.3588,true,202.61000000,0.3588,true,0.1502,true,m5_bearish_close_after_anchor_retest,failed_close_back_inside,false,post_anchor_close_back_inside,true,required_first_signal_only,SHORT,unknown,0.00000000,,0.00000000,,false,,-1,false,NONE,0.00000000,,0.00000000,0.0000,0.0000,none,-1,false,false,false,insufficient_confirmed_m5_pivots,GBPJPY|SHORT|1761840000|202.610,,,false,false,false,-1,-1,-1,-1,-1,false,false,false,0.0000,rising_n,false,203.24800000,201.90400000,7.8010,true,0.6269,0.3829,0,normal,true,0.4872,preferred_382_618,0.200,diagnostic_only,diagnostic_only,diagnostic_only,shallow_pullback,5,0.440,true,none,0.590,high_quality,false,false,diagnostic_only,both,true,none,true,diagnostic_adjacent_detected,required_light,false,false,LONG,3,false,false,0,,,-1,0.0000,0.00000000,0.00000000,0.00000000,false,false,none,0.00000000,false,0.0000,0.0000,false,1,0.0000,false,-1,0.00000000,0.0000,off,false,not_evaluated,none,0.0000,0.0000,none,false,false,false,0.0000,none,false,none,0.0000,false,none,0.0000,0.0000,0.0000,0.0000,false,none,0.0000,none,none,false,false,none,0.0000,0.0000,0.0000,0.0000,none,false,false,0.0000,0.0000,false,false,-1,none,none,false,0.000,0.000,202.84100000,202.66800000,202.66800000,recent_equal_highs,0.14000000,0.5858,neckline_level,202.86900000,0.5089,false,true,true,false,not_blocked,10,5,5,m5_failure_exit,off,none,0.00000000,0.0000,1.30,202.49800000,4.500,-0.300,0.200,PERIOD_M15,203.24800000,202.61000000,0.3103,outside,0.000,true,202.80800000,203.04700000,0.23900000,202.49800000,1.297,0.11985714,38.00,30-60,true,false,none,not_consumed,4.600,4.600,none,0.0000,false,opposite_break_first,true,opposite_break_first,spread_too_high
2025.10.30 16:35:00,blocked,session_reversal_pullback_one_symbol_first120,GBPJPY,SHORT,2025.10.30 16:30:00,16,13,22,london_newyork_overlap,2025.10.30 13:00,30,first_120min,true,true,3,GBPJPY,highest_score_in_session_bar,london_newyork_overlap=USDJPY|EURJPY|GBPJPY|AUDJPY|EURUSD|GBPUSD,existing_first120_gate,london_newyork_overlap,true,false,true,passed_first_window,head_and_shoulders,neckline_break_retest,202.86900000,PERIOD_M5,PERIOD_H1,PERIOD_M15,PERIOD_M5,PERIOD_M5,false,htf_soft_alignment,current_post_filter,transcript_post_filter,dow_trend_up_hh_hl,structure_trend_bias_dow_trend_up_hh_hl,dow_trend_up_hh_hl,structure_trend_bias_dow_trend_up_hh_hl,false,true,true,SHORT,PERIOD_M5,head_and_shoulders,head_and_shoulders,4.500,none,0.000,head_and_shoulders,4.500,none,0.000,SHORT,false,PERIOD_H1_LONG_dow_trend_up_hh_hl|PERIOD_M15_LONG_structure_trend_bias_dow_trend_up_hh_hl,true,h1_counter_m15_reversal,true,top_LONG_dow_trend_up_hh_hl|structure_LONG_structure_trend_bias_dow_trend_up_hh_hl|structure_break_recent_confirmed_swing_break_failed|primary_break_recent_confirmed_swing_break_failed,none,above_75sma_flat_or_falling,above_75sma_rising,below_75sma_flat_or_rising,-1,0.00000000,-1,0.00000000,false,off,NONE,NONE,0.00000000,0.00000000,0.0000,none,0.000,true,SHORT,return_low_break_or_bos_down,202.61000000,1,203.24800000,202.61000000,false,off,independent,false,,,false,0.0000,none,0.0000,0.0000,none,0.0000,0.0000,0.0000,none,0.0000,0,0,0.0000,none,none,none,none,0.0000,0,0.0000,none,false,true,not_evaluated,true,required_light_or_anchor_flip,bias_flip_down,202.61000000,2025.10.30 12:45:00,201.69100000,2025.10.30 03:45:00,2025.10.30 15:00:00,true,SHORT,202.61000000,202.57400000,0.2090,1,true,2025.10.30 16:00:00,1,SHORT,202.61000000,202.57400000,0.2090,0.6269,normal,2025.10.30 16:00:00,first_after_anchor,true,SHORT,1,1,1,true,false,fresh_0_4,true,false,false,true,none,true,required,true,PERIOD_M5,2025.10.30 16:05:00,2025.10.30 16:10:00,6,0.3588,true,202.61000000,0.3588,true,0.1502,true,m5_bearish_close_after_anchor_retest,failed_close_back_inside,false,post_anchor_close_back_inside,true,required_first_signal_only,SHORT,unknown,0.00000000,,0.00000000,,false,,-1,false,NONE,0.00000000,,0.00000000,0.0000,0.0000,none,-1,false,false,false,insufficient_confirmed_m5_pivots,GBPJPY|SHORT|1761840000|202.610,,,false,false,false,-1,-1,-1,-1,-1,false,false,false,0.0000,rising_n,false,203.24800000,201.90400000,7.8010,true,0.6269,0.3829,0,normal,true,0.4872,preferred_382_618,0.200,diagnostic_only,diagnostic_only,diagnostic_only,shallow_pullback,5,0.440,true,none,0.590,high_quality,false,false,diagnostic_only,both,true,none,true,diagnostic_adjacent_detected,required_light,false,false,LONG,3,false,false,0,,,-1,0.0000,0.00000000,0.00000000,0.00000000,false,false,none,0.00000000,false,0.0000,0.0000,false,1,0.0000,false,-1,0.00000000,0.0000,off,false,not_evaluated,none,0.0000,0.0000,none,false,false,false,0.0000,none,false,none,0.0000,false,none,0.0000,0.0000,0.0000,0.0000,false,none,0.0000,none,none,false,false,none,0.0000,0.0000,0.0000,0.0000,none,false,false,0.0000,0.0000,false,false,-1,none,none,false,0.000,0.000,202.84100000,202.66800000,202.66800000,recent_equal_highs,0.14000000,0.5858,neckline_level,202.86900000,0.5089,false,true,true,false,not_blocked,10,5,5,m5_failure_exit,off,none,0.00000000,0.0000,1.30,202.49800000,4.500,-0.300,0.200,PERIOD_M15,203.24800000,202.61000000,0.3103,outside,0.000,true,202.80800000,203.04700000,0.23900000,202.49800000,1.297,0.11985714,38.00,30-60,true,false,none,blocked_spread_too_high,4.600,4.600,none,0.0000,false,opposite_break_first,true,opposite_break_first,spread_too_high
2025.10.31 16:40:00,signal,session_reversal_pullback_one_symbol_first120,USDJPY,SHORT,2025.10.31 16:35:00,16,13,22,london_newyork_overlap,2025.10.31 13:00,35,first_120min,true,true,3,USDJPY,highest_score_in_session_bar,london_newyork_overlap=USDJPY|EURJPY|GBPJPY|AUDJPY|EURUSD|GBPUSD,existing_first120_gate,london_newyork_overlap,false,false,true,passed_first_window,double_top,neckline_break_retest,154.14000000,PERIOD_M5,PERIOD_H1,PERIOD_M15,PERIOD_M5,PERIOD_M5,false,htf_soft_alignment,current_post_filter,transcript_post_filter,dow_range_or_transition,no_ordered_dow_wave3_break,dow_range_or_transition,no_ordered_dow_wave3_break,false,true,true,SHORT,PERIOD_M5,double_top,double_top,4.200,none,0.000,double_top,4.200,none,0.000,SHORT,false,PERIOD_H1_NONE_dow_range_or_transition|PERIOD_M15_NONE_no_ordered_dow_wave3_break,true,h1_counter_m15_reversal,true,top_NONE_dow_range_or_transition|structure_NONE_no_ordered_dow_wave3_break|structure_break_recent_confirmed_swing_break_failed|primary_break_recent_confirmed_swing_break_retest,none,above_75sma_rising,above_75sma_rising,below_75sma_falling,-1,0.00000000,0,154.16000000,false,off,NONE,NONE,0.00000000,0.00000000,0.0000,none,0.000,true,SHORT,return_low_break_or_bos_down,154.04700000,3,154.24400000,154.04700000,false,off,independent,false,,,false,0.0000,none,0.0000,0.0000,none,0.0000,0.0000,0.0000,none,0.0000,0,0,0.0000,none,none,none,none,0.0000,0,0.0000,none,false,true,not_evaluated,true,required_light_or_anchor_flip,short_bias,154.04700000,2025.10.31 14:00:00,154.24400000,2025.10.31 15:15:00,2025.10.31 15:30:00,false,NONE,0.00000000,0.00000000,0.0000,-1,false,,-1,NONE,0.00000000,0.00000000,0.0000,0.0000,none,,none,false,NONE,-1,-1,-1,false,false,none,true,false,false,true,none,true,required,false,PERIOD_M5,,,-1,0.0000,false,0.00000000,0.0000,false,0.0000,false,none,none,false,no_anchor_flip_in_entry_direction,true,required_first_signal_only,SHORT,unknown,0.00000000,,0.00000000,,false,,-1,false,NONE,0.00000000,,0.00000000,0.0000,0.0000,none,-1,false,false,false,no_anchor_flip_in_entry_direction,,,,false,false,false,-1,-1,-1,-1,-1,false,false,false,0.0000,range_n,true,154.40400000,153.88300000,5.1730,false,0.0000,0.0000,0,none,true,0.4856,preferred_382_618,0.200,diagnostic_only,diagnostic_only,diagnostic_only,shallow_pullback,4,0.440,true,none,0.590,high_quality,false,false,diagnostic_only,both,true,none,true,diagnostic_adjacent_detected,required_light,false,false,LONG,6,false,false,0,2025.10.31 14:55:00,2025.10.31 16:05:00,6,4.5987,0.00000000,153.88300000,153.88300000,false,false,none,0.00000000,false,0.0000,0.0000,false,1,0.0000,false,-1,0.00000000,0.0000,off,false,not_evaluated,none,0.0000,0.0000,none,false,false,false,0.0000,none,false,none,0.0000,false,none,4.0127,2.2675,1.7697,0.0000,true,strong_exhaustion,0.0000,none,none,false,false,none,0.0000,0.0000,0.0000,0.0000,none,false,false,0.0000,0.0000,false,false,-1,none,none,false,0.000,0.000,154.13900000,154.08500000,154.08500000,failed_breakout_level,0.05100000,0.7286,neckline_level,154.14000000,0.0510,false,true,true,false,not_blocked,6,4,2,m5_failure_exit,off,none,0.00000000,0.0000,1.30,154.04500000,4.200,-0.300,0.200,PERIOD_M15,154.24400000,154.04700000,0.4518,preferred_382_618,0.000,true,154.13600000,154.20600000,0.07000000,154.04500000,1.300,0.07850000,15.00,30-60,true,false,none,not_consumed,4.500,4.500,none,0.0000,false,opposite_break_first,true,opposite_break_first,session_invalidated
2025.10.31 16:40:00,blocked,session_reversal_pullback_one_symbol_first120,USDJPY,SHORT,2025.10.31 16:35:00,16,13,22,london_newyork_overlap,2025.10.31 13:00,35,first_120min,true,true,3,USDJPY,highest_score_in_session_bar,london_newyork_overlap=USDJPY|EURJPY|GBPJPY|AUDJPY|EURUSD|GBPUSD,existing_first120_gate,london_newyork_overlap,false,false,true,passed_first_window,double_top,neckline_break_retest,154.14000000,PERIOD_M5,PERIOD_H1,PERIOD_M15,PERIOD_M5,PERIOD_M5,false,htf_soft_alignment,current_post_filter,transcript_post_filter,dow_range_or_transition,no_ordered_dow_wave3_break,dow_range_or_transition,no_ordered_dow_wave3_break,false,true,true,SHORT,PERIOD_M5,double_top,double_top,4.200,none,0.000,double_top,4.200,none,0.000,SHORT,false,PERIOD_H1_NONE_dow_range_or_transition|PERIOD_M15_NONE_no_ordered_dow_wave3_break,true,h1_counter_m15_reversal,true,top_NONE_dow_range_or_transition|structure_NONE_no_ordered_dow_wave3_break|structure_break_recent_confirmed_swing_break_failed|primary_break_recent_confirmed_swing_break_retest,none,above_75sma_rising,above_75sma_rising,below_75sma_falling,-1,0.00000000,0,154.16000000,false,off,NONE,NONE,0.00000000,0.00000000,0.0000,none,0.000,true,SHORT,return_low_break_or_bos_down,154.04700000,3,154.24400000,154.04700000,false,off,independent,false,,,false,0.0000,none,0.0000,0.0000,none,0.0000,0.0000,0.0000,none,0.0000,0,0,0.0000,none,none,none,none,0.0000,0,0.0000,none,false,true,not_evaluated,true,required_light_or_anchor_flip,short_bias,154.04700000,2025.10.31 14:00:00,154.24400000,2025.10.31 15:15:00,2025.10.31 15:30:00,false,NONE,0.00000000,0.00000000,0.0000,-1,false,,-1,NONE,0.00000000,0.00000000,0.0000,0.0000,none,,none,false,NONE,-1,-1,-1,false,false,none,true,false,false,true,none,true,required,false,PERIOD_M5,,,-1,0.0000,false,0.00000000,0.0000,false,0.0000,false,none,none,false,no_anchor_flip_in_entry_direction,true,required_first_signal_only,SHORT,unknown,0.00000000,,0.00000000,,false,,-1,false,NONE,0.00000000,,0.00000000,0.0000,0.0000,none,-1,false,false,false,no_anchor_flip_in_entry_direction,,,,false,false,false,-1,-1,-1,-1,-1,false,false,false,0.0000,range_n,true,154.40400000,153.88300000,5.1730,false,0.0000,0.0000,0,none,true,0.4856,preferred_382_618,0.200,diagnostic_only,diagnostic_only,diagnostic_only,shallow_pullback,4,0.440,true,none,0.590,high_quality,false,false,diagnostic_only,both,true,none,true,diagnostic_adjacent_detected,required_light,false,false,LONG,6,false,false,0,2025.10.31 14:55:00,2025.10.31 16:05:00,6,4.5987,0.00000000,153.88300000,153.88300000,false,false,none,0.00000000,false,0.0000,0.0000,false,1,0.0000,false,-1,0.00000000,0.0000,off,false,not_evaluated,none,0.0000,0.0000,none,false,false,false,0.0000,none,false,none,0.0000,false,none,4.0127,2.2675,1.7697,0.0000,true,strong_exhaustion,0.0000,none,none,false,false,none,0.0000,0.0000,0.0000,0.0000,none,false,false,0.0000,0.0000,false,false,-1,none,none,false,0.000,0.000,154.13900000,154.08500000,154.08500000,failed_breakout_level,0.05100000,0.7286,neckline_level,154.14000000,0.0510,false,true,true,false,not_blocked,6,4,2,m5_failure_exit,off,none,0.00000000,0.0000,1.30,154.04500000,4.200,-0.300,0.200,PERIOD_M15,154.24400000,154.04700000,0.4518,preferred_382_618,0.000,true,154.13600000,154.20600000,0.07000000,154.04500000,1.300,0.07850000,15.00,30-60,true,false,none,blocked_session_invalidated,4.500,4.500,none,0.0000,false,opposite_break_first,true,opposite_break_first,session_invalidated
2025.10.31 19:10:00,signal,session_reversal_pullback_one_symbol_first120,GBPJPY,SHORT,2025.10.31 19:05:00,19,16,1,new_york,2025.10.31 16:00,5,first_120min,true,true,3,GBPJPY,highest_score_in_session_bar,new_york=USDJPY|EURJPY|GBPJPY|AUDJPY|EURUSD|GBPUSD,existing_first120_gate,new_york,false,false,true,passed_first_window,sweep_high_reclaim,sweep_reclaim_retest,202.41000000,PERIOD_M5,PERIOD_H1,PERIOD_M15,PERIOD_M5,PERIOD_M5,false,htf_soft_alignment,current_post_filter,transcript_post_filter,dow_range_or_transition,no_ordered_dow_wave3_break,dow_range_or_transition,no_ordered_dow_wave3_break,false,false,true,SHORT,PERIOD_M5,sweep_high_reclaim,sweep_high_reclaim,3.400,none,0.000,sweep_high_reclaim,3.400,none,0.000,SHORT,false,PERIOD_H1_NONE_dow_range_or_transition|PERIOD_M15_NONE_no_ordered_dow_wave3_break,true,h1_counter_m15_reversal,true,top_NONE_dow_range_or_transition|structure_NONE_no_ordered_dow_wave3_break|structure_break_recent_confirmed_swing_break_failed|primary_break_recent_confirmed_swing_break_failed,none,above_75sma_flat_or_falling,below_75sma_falling,above_75sma_flat_or_falling,-1,0.00000000,-1,0.00000000,false,off,NONE,NONE,0.00000000,0.00000000,0.0000,none,0.000,true,SHORT,return_low_break_or_bos_down,202.29800000,1,202.61400000,201.83100000,false,off,independent,false,,,false,0.0000,none,0.0000,0.0000,none,0.0000,0.0000,0.0000,none,0.0000,0,0,0.0000,none,none,none,none,0.0000,0,0.0000,none,false,true,not_evaluated,true,required_light_or_anchor_flip,bias_flip_up,202.50000000,2025.10.31 10:15:00,202.13600000,2025.10.31 16:15:00,2025.10.31 17:15:00,true,LONG,202.13600000,202.14600000,0.0538,1,true,2025.10.31 18:30:00,1,LONG,202.13600000,202.14600000,0.0538,0.5815,normal,2025.10.31 18:45:00,first_after_anchor,true,LONG,1,0,1,true,false,fresh_0_4,false,true,false,true,none,true,required,false,PERIOD_M5,,,-1,0.0000,false,0.00000000,0.0000,false,0.0000,false,none,none,false,no_anchor_flip_in_entry_direction,true,required_first_signal_only,SHORT,unknown,0.00000000,,0.00000000,,false,,-1,false,NONE,0.00000000,,0.00000000,0.0000,0.0000,none,-1,false,false,false,no_anchor_flip_in_entry_direction,,,,false,false,false,-1,-1,-1,-1,-1,false,false,false,0.0000,range_n,true,202.90400000,201.83100000,5.7777,true,0.5815,0.2653,1,normal,true,0.6897,deep_618_786,0.120,diagnostic_only,diagnostic_only,diagnostic_only,shallow_pullback,24,0.370,true,none,0.520,medium_quality,false,false,diagnostic_only,both,true,none,true,diagnostic_adjacent_detected,required_light,false,true,LONG,6,true,true,2,2025.10.31 16:40:00,2025.10.31 18:05:00,12,2.4666,0.00000000,201.94000000,201.94000000,false,false,none,0.00000000,false,0.0000,0.0000,false,1,0.0000,false,-1,0.00000000,0.0000,off,false,not_evaluated,none,0.0000,0.0000,none,false,false,false,0.0000,none,false,none,0.0000,false,none,1.5395,2.0668,0.7449,0.3998,false,mild_exhaustion,0.0000,none,none,false,false,none,0.0000,0.0000,0.0000,0.0000,none,false,false,0.0000,0.0000,false,false,-1,none,none,false,0.000,0.000,202.41000000,202.29600000,202.29600000,session_low,0.07500000,1.0417,neckline_level,202.41000000,0.3317,false,true,true,false,not_blocked,3,2,1,m5_failure_exit,off,none,0.00000000,0.0000,1.30,202.27700000,3.400,0.150,0.200,PERIOD_M15,202.90400000,201.83100000,0.5033,preferred_382_618,0.000,true,202.37100000,202.44300000,0.07200000,202.27700000,1.306,0.11757143,38.00,0-30,true,false,none,not_consumed,3.950,3.950,none,0.0000,false,sweep_reclaim_failed,false,not_invalidated,spread_too_high
2025.10.31 19:10:00,blocked,session_reversal_pullback_one_symbol_first120,GBPJPY,SHORT,2025.10.31 19:05:00,19,16,1,new_york,2025.10.31 16:00,5,first_120min,true,true,3,GBPJPY,highest_score_in_session_bar,new_york=USDJPY|EURJPY|GBPJPY|AUDJPY|EURUSD|GBPUSD,existing_first120_gate,new_york,false,false,true,passed_first_window,sweep_high_reclaim,sweep_reclaim_retest,202.41000000,PERIOD_M5,PERIOD_H1,PERIOD_M15,PERIOD_M5,PERIOD_M5,false,htf_soft_alignment,current_post_filter,transcript_post_filter,dow_range_or_transition,no_ordered_dow_wave3_break,dow_range_or_transition,no_ordered_dow_wave3_break,false,false,true,SHORT,PERIOD_M5,sweep_high_reclaim,sweep_high_reclaim,3.400,none,0.000,sweep_high_reclaim,3.400,none,0.000,SHORT,false,PERIOD_H1_NONE_dow_range_or_transition|PERIOD_M15_NONE_no_ordered_dow_wave3_break,true,h1_counter_m15_reversal,true,top_NONE_dow_range_or_transition|structure_NONE_no_ordered_dow_wave3_break|structure_break_recent_confirmed_swing_break_failed|primary_break_recent_confirmed_swing_break_failed,none,above_75sma_flat_or_falling,below_75sma_falling,above_75sma_flat_or_falling,-1,0.00000000,-1,0.00000000,false,off,NONE,NONE,0.00000000,0.00000000,0.0000,none,0.000,true,SHORT,return_low_break_or_bos_down,202.29800000,1,202.61400000,201.83100000,false,off,independent,false,,,false,0.0000,none,0.0000,0.0000,none,0.0000,0.0000,0.0000,none,0.0000,0,0,0.0000,none,none,none,none,0.0000,0,0.0000,none,false,true,not_evaluated,true,required_light_or_anchor_flip,bias_flip_up,202.50000000,2025.10.31 10:15:00,202.13600000,2025.10.31 16:15:00,2025.10.31 17:15:00,true,LONG,202.13600000,202.14600000,0.0538,1,true,2025.10.31 18:30:00,1,LONG,202.13600000,202.14600000,0.0538,0.5815,normal,2025.10.31 18:45:00,first_after_anchor,true,LONG,1,0,1,true,false,fresh_0_4,false,true,false,true,none,true,required,false,PERIOD_M5,,,-1,0.0000,false,0.00000000,0.0000,false,0.0000,false,none,none,false,no_anchor_flip_in_entry_direction,true,required_first_signal_only,SHORT,unknown,0.00000000,,0.00000000,,false,,-1,false,NONE,0.00000000,,0.00000000,0.0000,0.0000,none,-1,false,false,false,no_anchor_flip_in_entry_direction,,,,false,false,false,-1,-1,-1,-1,-1,false,false,false,0.0000,range_n,true,202.90400000,201.83100000,5.7777,true,0.5815,0.2653,1,normal,true,0.6897,deep_618_786,0.120,diagnostic_only,diagnostic_only,diagnostic_only,shallow_pullback,24,0.370,true,none,0.520,medium_quality,false,false,diagnostic_only,both,true,none,true,diagnostic_adjacent_detected,required_light,false,true,LONG,6,true,true,2,2025.10.31 16:40:00,2025.10.31 18:05:00,12,2.4666,0.00000000,201.94000000,201.94000000,false,false,none,0.00000000,false,0.0000,0.0000,false,1,0.0000,false,-1,0.00000000,0.0000,off,false,not_evaluated,none,0.0000,0.0000,none,false,false,false,0.0000,none,false,none,0.0000,false,none,1.5395,2.0668,0.7449,0.3998,false,mild_exhaustion,0.0000,none,none,false,false,none,0.0000,0.0000,0.0000,0.0000,none,false,false,0.0000,0.0000,false,false,-1,none,none,false,0.000,0.000,202.41000000,202.29600000,202.29600000,session_low,0.07500000,1.0417,neckline_level,202.41000000,0.3317,false,true,true,false,not_blocked,3,2,1,m5_failure_exit,off,none,0.00000000,0.0000,1.30,202.27700000,3.400,0.150,0.200,PERIOD_M15,202.90400000,201.83100000,0.5033,preferred_382_618,0.000,true,202.37100000,202.44300000,0.07200000,202.27700000,1.306,0.11757143,38.00,0-30,true,false,none,blocked_spread_too_high,3.950,3.950,none,0.0000,false,sweep_reclaim_failed,false,not_invalidated,spread_too_high
2025.11.03 03:05:00,signal,session_reversal_pullback_one_symbol_first120,EURJPY,SHORT,2025.11.03 03:00:00,3,0,9,tokyo,2025.11.03 00:00,0,first_120min,true,true,3,EURJPY,highest_score_in_session_bar,tokyo=USDJPY|EURJPY|GBPJPY|AUDJPY,existing_first120_gate,tokyo,false,false,true,passed_first_window,head_and_shoulders,neckline_break_retest,177.69400000,PERIOD_M5,PERIOD_H1,PERIOD_M15,PERIOD_M5,PERIOD_M5,false,htf_soft_alignment,current_post_filter,transcript_post_filter,dow_range_or_transition,no_ordered_dow_wave3_break,dow_range_or_transition,no_ordered_dow_wave3_break,false,false,true,SHORT,PERIOD_M5,head_and_shoulders,head_and_shoulders,4.500,none,0.000,head_and_shoulders,4.500,none,0.000,SHORT,false,PERIOD_H1_NONE_dow_range_or_transition|PERIOD_M15_NONE_no_ordered_dow_wave3_break,true,h1_counter_m15_reversal,true,top_NONE_dow_range_or_transition|structure_NONE_no_ordered_dow_wave3_break|structure_break_recent_confirmed_swing_break_failed|primary_break_recent_confirmed_swing_break_retest,none,below_75sma_flat_or_rising,below_75sma_falling,below_75sma_flat_or_rising,-1,0.00000000,0,177.69400000,false,off,NONE,NONE,0.00000000,0.00000000,0.0000,none,0.000,true,SHORT,return_low_break_or_bos_down,177.60000000,9,177.86300000,177.52300000,false,off,independent,false,,,false,0.0000,none,0.0000,0.0000,none,0.0000,0.0000,0.0000,none,0.0000,0,0,0.0000,none,none,none,none,0.0000,0,0.0000,none,false,true,not_evaluated,true,required_light_or_anchor_flip,long_bias,177.52300000,2025.11.03 00:15:00,177.75200000,2025.10.31 23:45:00,2025.11.03 01:30:00,false,NONE,0.00000000,0.00000000,0.0000,-1,false,,-1,NONE,0.00000000,0.00000000,0.0000,0.0000,none,,none,false,NONE,-1,-1,-1,false,false,none,false,true,false,true,none,true,required,false,PERIOD_M5,,,-1,0.0000,false,0.00000000,0.0000,false,0.0000,false,none,none,false,no_anchor_flip_in_entry_direction,true,required_first_signal_only,SHORT,unknown,0.00000000,,0.00000000,,false,,-1,false,NONE,0.00000000,,0.00000000,0.0000,0.0000,none,-1,false,false,false,no_anchor_flip_in_entry_direction,,,,false,false,false,-1,-1,-1,-1,-1,false,false,false,0.0000,range_n,true,177.86300000,177.43800000,4.8691,false,0.0000,0.0000,0,none,true,0.3402,shallow_236_382,0.080,diagnostic_only,diagnostic_only,diagnostic_only,fib_pullback,5,0.320,true,none,0.470,high_quality,false,false,diagnostic_only,both,true,none,true,diagnostic_adjacent_detected,required_light,false,false,LONG,4,false,false,1,2025.11.03 00:15:00,2025.11.03 02:30:00,6,8.1090,0.00000000,177.69400000,177.69400000,true,true,m5_hl_close_break_down,177.69400000,true,0.1431,0.3339,true,1,0.0000,true,1,177.69400000,0.0716,off,false,not_evaluated,none,0.9677,0.0323,strong,true,false,false,0.0000,held_clean,true,favorable_side,0.0545,false,clean_retest,1.3833,8.1090,0.1706,0.0000,true,strong_exhaustion,0.0000,none,none,false,false,none,0.0000,0.0000,0.0000,0.0000,none,false,false,0.0000,0.0000,false,false,-1,none,none,false,0.000,0.000,177.66600000,177.63600000,177.52300000,current_day_low,0.11500000,0.9426,session_low|opening_range_low|neckline_level,177.63600000,0.0477,false,true,true,false,not_blocked,3,1,2,m5_failure_exit,off,none,0.00000000,0.0000,1.30,177.48000000,4.500,0.000,0.200,PERIOD_M15,177.86300000,177.52300000,0.3382,outside,0.000,true,177.63800000,177.76000000,0.12200000,177.48000000,1.295,0.04192857,30.00,0-30,true,false,none,not_consumed,5.100,5.100,none,0.0000,false,neckline_retest_failed,false,not_invalidated,spread_too_high
2025.11.03 03:05:00,blocked,session_reversal_pullback_one_symbol_first120,EURJPY,SHORT,2025.11.03 03:00:00,3,0,9,tokyo,2025.11.03 00:00,0,first_120min,true,true,3,EURJPY,highest_score_in_session_bar,tokyo=USDJPY|EURJPY|GBPJPY|AUDJPY,existing_first120_gate,tokyo,false,false,true,passed_first_window,head_and_shoulders,neckline_break_retest,177.69400000,PERIOD_M5,PERIOD_H1,PERIOD_M15,PERIOD_M5,PERIOD_M5,false,htf_soft_alignment,current_post_filter,transcript_post_filter,dow_range_or_transition,no_ordered_dow_wave3_break,dow_range_or_transition,no_ordered_dow_wave3_break,false,false,true,SHORT,PERIOD_M5,head_and_shoulders,head_and_shoulders,4.500,none,0.000,head_and_shoulders,4.500,none,0.000,SHORT,false,PERIOD_H1_NONE_dow_range_or_transition|PERIOD_M15_NONE_no_ordered_dow_wave3_break,true,h1_counter_m15_reversal,true,top_NONE_dow_range_or_transition|structure_NONE_no_ordered_dow_wave3_break|structure_break_recent_confirmed_swing_break_failed|primary_break_recent_confirmed_swing_break_retest,none,below_75sma_flat_or_rising,below_75sma_falling,below_75sma_flat_or_rising,-1,0.00000000,0,177.69400000,false,off,NONE,NONE,0.00000000,0.00000000,0.0000,none,0.000,true,SHORT,return_low_break_or_bos_down,177.60000000,9,177.86300000,177.52300000,false,off,independent,false,,,false,0.0000,none,0.0000,0.0000,none,0.0000,0.0000,0.0000,none,0.0000,0,0,0.0000,none,none,none,none,0.0000,0,0.0000,none,false,true,not_evaluated,true,required_light_or_anchor_flip,long_bias,177.52300000,2025.11.03 00:15:00,177.75200000,2025.10.31 23:45:00,2025.11.03 01:30:00,false,NONE,0.00000000,0.00000000,0.0000,-1,false,,-1,NONE,0.00000000,0.00000000,0.0000,0.0000,none,,none,false,NONE,-1,-1,-1,false,false,none,false,true,false,true,none,true,required,false,PERIOD_M5,,,-1,0.0000,false,0.00000000,0.0000,false,0.0000,false,none,none,false,no_anchor_flip_in_entry_direction,true,required_first_signal_only,SHORT,unknown,0.00000000,,0.00000000,,false,,-1,false,NONE,0.00000000,,0.00000000,0.0000,0.0000,none,-1,false,false,false,no_anchor_flip_in_entry_direction,,,,false,false,false,-1,-1,-1,-1,-1,false,false,false,0.0000,range_n,true,177.86300000,177.43800000,4.8691,false,0.0000,0.0000,0,none,true,0.3402,shallow_236_382,0.080,diagnostic_only,diagnostic_only,diagnostic_only,fib_pullback,5,0.320,true,none,0.470,high_quality,false,false,diagnostic_only,both,true,none,true,diagnostic_adjacent_detected,required_light,false,false,LONG,4,false,false,1,2025.11.03 00:15:00,2025.11.03 02:30:00,6,8.1090,0.00000000,177.69400000,177.69400000,true,true,m5_hl_close_break_down,177.69400000,true,0.1431,0.3339,true,1,0.0000,true,1,177.69400000,0.0716,off,false,not_evaluated,none,0.9677,0.0323,strong,true,false,false,0.0000,held_clean,true,favorable_side,0.0545,false,clean_retest,1.3833,8.1090,0.1706,0.0000,true,strong_exhaustion,0.0000,none,none,false,false,none,0.0000,0.0000,0.0000,0.0000,none,false,false,0.0000,0.0000,false,false,-1,none,none,false,0.000,0.000,177.66600000,177.63600000,177.52300000,current_day_low,0.11500000,0.9426,session_low|opening_range_low|neckline_level,177.63600000,0.0477,false,true,true,false,not_blocked,3,1,2,m5_failure_exit,off,none,0.00000000,0.0000,1.30,177.48000000,4.500,0.000,0.200,PERIOD_M15,177.86300000,177.52300000,0.3382,outside,0.000,true,177.63800000,177.76000000,0.12200000,177.48000000,1.295,0.04192857,30.00,0-30,true,false,none,blocked_spread_too_high,5.100,5.100,none,0.0000,false,neckline_retest_failed,false,not_invalidated,spread_too_high
2025.11.03 10:05:00,signal,session_reversal_pullback_one_symbol_first120,GBPJPY,SHORT,2025.11.03 10:00:00,10,7,16,london,2025.11.03 07:00,0,first_120min,true,true,3,GBPJPY,highest_score_in_session_bar,london=USDJPY|EURJPY|GBPJPY|AUDJPY|EURUSD|GBPUSD,existing_first120_gate,london,false,false,true,passed_first_window,head_and_shoulders,neckline_break_retest,202.50300000,PERIOD_M5,PERIOD_H1,PERIOD_M15,PERIOD_M5,PERIOD_M5,false,htf_soft_alignment,current_post_filter,transcript_post_filter,dow_range_or_transition,structure_trend_bias_dow_trend_up_hh_hl,dow_range_or_transition,structure_trend_bias_dow_trend_up_hh_hl,false,false,true,SHORT,PERIOD_M5,head_and_shoulders,head_and_shoulders,4.500,none,0.000,head_and_shoulders,4.500,none,0.000,SHORT,false,PERIOD_H1_NONE_dow_range_or_transition|PERIOD_M15_LONG_structure_trend_bias_dow_trend_up_hh_hl,true,h1_counter_m15_reversal,true,top_NONE_dow_range_or_transition|structure_LONG_structure_trend_bias_dow_trend_up_hh_hl|structure_break_recent_confirmed_swing_break_failed|primary_break_recent_confirmed_swing_break_continuation,none,above_75sma_rising,above_75sma_rising,below_75sma_flat_or_rising,-1,0.00000000,0,202.64000000,false,off,NONE,NONE,0.00000000,0.00000000,0.0000,none,0.000,true,SHORT,return_low_break_or_bos_down,202.41400000,18,202.77200000,202.36300000,false,off,independent,false,,,false,0.0000,none,0.0000,0.0000,none,0.0000,0.0000,0.0000,none,0.0000,0,0,0.0000,none,none,none,none,0.0000,0,0.0000,none,false,true,not_evaluated,true,required_light_or_anchor_flip,long_bias,202.36300000,2025.11.03 05:15:00,202.53000000,2025.11.03 02:45:00,2025.11.03 08:30:00,false,NONE,0.00000000,0.00000000,0.0000,-1,false,,-1,NONE,0.00000000,0.00000000,0.0000,0.0000,none,,none,false,NONE,-1,-1,-1,false,false,none,false,true,false,true,none,true,required,false,PERIOD_M5,,,-1,0.0000,false,0.00000000,0.0000,false,0.0000,false,none,none,false,no_anchor_flip_in_entry_direction,true,required_first_signal_only,SHORT,unknown,0.00000000,,0.00000000,,false,,-1,false,NONE,0.00000000,,0.00000000,0.0000,0.0000,none,-1,false,false,false,no_anchor_flip_in_entry_direction,,,,false,false,false,-1,-1,-1,-1,-1,false,false,false,0.0000,range_n,true,202.74900000,202.06300000,7.8528,false,0.0000,0.0000,0,none,true,0.2298,no_fib,0.000,diagnostic_only,diagnostic_only,diagnostic_only,shallow_pullback,24,0.120,true,none,0.270,high_quality,false,false,diagnostic_only,both,true,none,true,diagnostic_adjacent_detected,required_light,false,false,LONG,3,false,false,0,,,-1,0.0000,0.00000000,0.00000000,0.00000000,false,false,none,0.00000000,false,0.0000,0.0000,false,1,0.0000,false,-1,0.00000000,0.0000,off,false,not_evaluated,none,0.0000,0.0000,none,false,false,false,0.0000,none,false,none,0.0000,false,none,0.0000,0.0000,0.0000,0.0000,false,none,0.0000,none,none,false,false,none,0.0000,0.0000,0.0000,0.0000,none,false,false,0.0000,0.0000,false,false,-1,none,none,false,0.000,0.000,202.48700000,202.45100000,202.45100000,pre_session_low,0.00600000,0.0316,neckline_level,202.50300000,0.7260,false,true,false,false,not_blocked,5,5,0,m5_failure_exit,off,none,0.00000000,0.0000,1.30,202.21000000,4.500,-0.300,0.200,PERIOD_M15,202.61400000,202.36300000,0.3745,outside,0.000,true,202.45700000,202.64700000,0.19000000,202.21000000,1.300,0.06335714,38.00,0-30,true,false,none,not_consumed,4.800,4.800,none,0.0000,false,neckline_retest_failed,false,not_invalidated,spread_too_high
2025.11.03 10:05:00,blocked,session_reversal_pullback_one_symbol_first120,GBPJPY,SHORT,2025.11.03 10:00:00,10,7,16,london,2025.11.03 07:00,0,first_120min,true,true,3,GBPJPY,highest_score_in_session_bar,london=USDJPY|EURJPY|GBPJPY|AUDJPY|EURUSD|GBPUSD,existing_first120_gate,london,false,false,true,passed_first_window,head_and_shoulders,neckline_break_retest,202.50300000,PERIOD_M5,PERIOD_H1,PERIOD_M15,PERIOD_M5,PERIOD_M5,false,htf_soft_alignment,current_post_filter,transcript_post_filter,dow_range_or_transition,structure_trend_bias_dow_trend_up_hh_hl,dow_range_or_transition,structure_trend_bias_dow_trend_up_hh_hl,false,false,true,SHORT,PERIOD_M5,head_and_shoulders,head_and_shoulders,4.500,none,0.000,head_and_shoulders,4.500,none,0.000,SHORT,false,PERIOD_H1_NONE_dow_range_or_transition|PERIOD_M15_LONG_structure_trend_bias_dow_trend_up_hh_hl,true,h1_counter_m15_reversal,true,top_NONE_dow_range_or_transition|structure_LONG_structure_trend_bias_dow_trend_up_hh_hl|structure_break_recent_confirmed_swing_break_failed|primary_break_recent_confirmed_swing_break_continuation,none,above_75sma_rising,above_75sma_rising,below_75sma_flat_or_rising,-1,0.00000000,0,202.64000000,false,off,NONE,NONE,0.00000000,0.00000000,0.0000,none,0.000,true,SHORT,return_low_break_or_bos_down,202.41400000,18,202.77200000,202.36300000,false,off,independent,false,,,false,0.0000,none,0.0000,0.0000,none,0.0000,0.0000,0.0000,none,0.0000,0,0,0.0000,none,none,none,none,0.0000,0,0.0000,none,false,true,not_evaluated,true,required_light_or_anchor_flip,long_bias,202.36300000,2025.11.03 05:15:00,202.53000000,2025.11.03 02:45:00,2025.11.03 08:30:00,false,NONE,0.00000000,0.00000000,0.0000,-1,false,,-1,NONE,0.00000000,0.00000000,0.0000,0.0000,none,,none,false,NONE,-1,-1,-1,false,false,none,false,true,false,true,none,true,required,false,PERIOD_M5,,,-1,0.0000,false,0.00000000,0.0000,false,0.0000,false,none,none,false,no_anchor_flip_in_entry_direction,true,required_first_signal_only,SHORT,unknown,0.00000000,,0.00000000,,false,,-1,false,NONE,0.00000000,,0.00000000,0.0000,0.0000,none,-1,false,false,false,no_anchor_flip_in_entry_direction,,,,false,false,false,-1,-1,-1,-1,-1,false,false,false,0.0000,range_n,true,202.74900000,202.06300000,7.8528,false,0.0000,0.0000,0,none,true,0.2298,no_fib,0.000,diagnostic_only,diagnostic_only,diagnostic_only,shallow_pullback,24,0.120,true,none,0.270,high_quality,false,false,diagnostic_only,both,true,none,true,diagnostic_adjacent_detected,required_light,false,false,LONG,3,false,false,0,,,-1,0.0000,0.00000000,0.00000000,0.00000000,false,false,none,0.00000000,false,0.0000,0.0000,false,1,0.0000,false,-1,0.00000000,0.0000,off,false,not_evaluated,none,0.0000,0.0000,none,false,false,false,0.0000,none,false,none,0.0000,false,none,0.0000,0.0000,0.0000,0.0000,false,none,0.0000,none,none,false,false,none,0.0000,0.0000,0.0000,0.0000,none,false,false,0.0000,0.0000,false,false,-1,none,none,false,0.000,0.000,202.48700000,202.45100000,202.45100000,pre_session_low,0.00600000,0.0316,neckline_level,202.50300000,0.7260,false,true,false,false,not_blocked,5,5,0,m5_failure_exit,off,none,0.00000000,0.0000,1.30,202.21000000,4.500,-0.300,0.200,PERIOD_M15,202.61400000,202.36300000,0.3745,outside,0.000,true,202.45700000,202.64700000,0.19000000,202.21000000,1.300,0.06335714,38.00,0-30,true,false,none,blocked_spread_too_high,4.800,4.800,none,0.0000,false,neckline_retest_failed,false,not_invalidated,spread_too_high
2025.11.03 16:25:00,signal,session_reversal_pullback_one_symbol_first120,EURUSD,SHORT,2025.11.03 16:20:00,16,13,22,london_newyork_overlap,2025.11.03 13:00,20,first_120min,true,true,3,EURUSD,highest_score_in_session_bar,london_newyork_overlap=USDJPY|EURJPY|GBPJPY|AUDJPY|EURUSD|GBPUSD,existing_first120_gate,london_newyork_overlap,false,false,true,passed_first_window,double_top,neckline_break_retest,1.15104000,PERIOD_M5,PERIOD_H1,PERIOD_M15,PERIOD_M5,PERIOD_M5,false,htf_soft_alignment,current_post_filter,transcript_post_filter,dow_trend_up_hh_hl,no_ordered_dow_wave3_break,dow_trend_up_hh_hl,no_ordered_dow_wave3_break,false,false,true,SHORT,PERIOD_M5,double_top,double_top,4.200,none,0.000,double_top,4.200,none,0.000,SHORT,true,PERIOD_H1_LONG_dow_trend_up_hh_hl|PERIOD_M15_NONE_no_ordered_dow_wave3_break,true,h1_counter_m15_reversal,true,top_LONG_dow_trend_up_hh_hl|structure_NONE_no_ordered_dow_wave3_break|structure_break_recent_confirmed_swing_break_retest|primary_break_recent_confirmed_swing_break_continuation,none,below_75sma_falling,below_75sma_falling,below_75sma_falling,3,1.15072000,0,1.15117000,false,off,NONE,NONE,0.00000000,0.00000000,0.0000,none,0.000,true,SHORT,return_low_break_or_bos_down,1.15072000,3,1.15213000,1.15072000,false,off,independent,false,,,false,0.0000,none,0.0000,0.0000,none,0.0000,0.0000,0.0000,none,0.0000,0,0,0.0000,none,none,none,none,0.0000,0,0.0000,none,false,true,not_evaluated,true,required_light_or_anchor_flip,short_bias,1.15117000,2025.11.03 13:00:00,1.15213000,2025.11.03 14:30:00,2025.11.03 15:15:00,false,NONE,0.00000000,0.00000000,0.0000,-1,false,,-1,NONE,0.00000000,0.00000000,0.0000,0.0000,none,,none,false,NONE,-1,-1,-1,false,false,none,true,false,false,true,none,true,required,false,PERIOD_M5,,,-1,0.0000,false,0.00000000,0.0000,false,0.0000,false,none,none,false,no_anchor_flip_in_entry_direction,true,required_first_signal_only,SHORT,unknown,0.00000000,,0.00000000,,false,,-1,false,NONE,0.00000000,,0.00000000,0.0000,0.0000,none,-1,false,false,false,no_anchor_flip_in_entry_direction,,,,false,false,false,-1,-1,-1,-1,-1,false,false,false,0.0000,range_n,true,1.15213000,1.15050000,3.1303,false,0.0000,0.0000,0,none,true,0.1545,no_fib,0.000,diagnostic_only,diagnostic_only,diagnostic_only,shallow_pullback,6,0.240,true,none,0.390,high_quality,false,false,diagnostic_only,both,true,none,true,diagnostic_adjacent_detected,required_light,false,false,LONG,5,false,false,1,2025.11.03 15:25:00,2025.11.03 16:00:00,4,2.4458,0.00000000,1.15053000,1.15053000,false,false,none,0.00000000,false,0.0000,0.0000,false,1,0.0000,false,-1,0.00000000,0.0000,off,false,not_evaluated,none,0.0000,0.0000,none,false,false,false,0.0000,none,false,none,0.0000,false,none,1.7992,2.4458,0.7356,0.0000,true,strong_exhaustion,0.0000,none,none,false,false,none,0.0000,0.0000,0.0000,0.0000,none,false,false,0.0000,0.0000,false,false,-1,none,none,false,0.000,0.000,1.15104000,1.15093500,1.15093500,price_congestion_zone,0.00009500,0.1319,neckline_level,1.15104000,0.0281,false,true,true,false,not_blocked,9,4,5,m5_failure_exit,off,none,0.00000000,0.0000,1.30,1.15009000,4.200,-0.300,0.200,PERIOD_M15,1.15213000,1.15072000,0.2199,outside,0.000,true,1.15103000,1.15175000,0.00072000,1.15009000,1.306,0.00035571,18.00,0-30,true,false,none,not_consumed,4.850,4.850,none,0.0000,false,neckline_retest_failed,false,not_invalidated,spread_too_high
2025.11.03 16:25:00,blocked,session_reversal_pullback_one_symbol_first120,EURUSD,SHORT,2025.11.03 16:20:00,16,13,22,london_newyork_overlap,2025.11.03 13:00,20,first_120min,true,true,3,EURUSD,highest_score_in_session_bar,london_newyork_overlap=USDJPY|EURJPY|GBPJPY|AUDJPY|EURUSD|GBPUSD,existing_first120_gate,london_newyork_overlap,false,false,true,passed_first_window,double_top,neckline_break_retest,1.15104000,PERIOD_M5,PERIOD_H1,PERIOD_M15,PERIOD_M5,PERIOD_M5,false,htf_soft_alignment,current_post_filter,transcript_post_filter,dow_trend_up_hh_hl,no_ordered_dow_wave3_break,dow_trend_up_hh_hl,no_ordered_dow_wave3_break,false,false,true,SHORT,PERIOD_M5,double_top,double_top,4.200,none,0.000,double_top,4.200,none,0.000,SHORT,true,PERIOD_H1_LONG_dow_trend_up_hh_hl|PERIOD_M15_NONE_no_ordered_dow_wave3_break,true,h1_counter_m15_reversal,true,top_LONG_dow_trend_up_hh_hl|structure_NONE_no_ordered_dow_wave3_break|structure_break_recent_confirmed_swing_break_retest|primary_break_recent_confirmed_swing_break_continuation,none,below_75sma_falling,below_75sma_falling,below_75sma_falling,3,1.15072000,0,1.15117000,false,off,NONE,NONE,0.00000000,0.00000000,0.0000,none,0.000,true,SHORT,return_low_break_or_bos_down,1.15072000,3,1.15213000,1.15072000,false,off,independent,false,,,false,0.0000,none,0.0000,0.0000,none,0.0000,0.0000,0.0000,none,0.0000,0,0,0.0000,none,none,none,none,0.0000,0,0.0000,none,false,true,not_evaluated,true,required_light_or_anchor_flip,short_bias,1.15117000,2025.11.03 13:00:00,1.15213000,2025.11.03 14:30:00,2025.11.03 15:15:00,false,NONE,0.00000000,0.00000000,0.0000,-1,false,,-1,NONE,0.00000000,0.00000000,0.0000,0.0000,none,,none,false,NONE,-1,-1,-1,false,false,none,true,false,false,true,none,true,required,false,PERIOD_M5,,,-1,0.0000,false,0.00000000,0.0000,false,0.0000,false,none,none,false,no_anchor_flip_in_entry_direction,true,required_first_signal_only,SHORT,unknown,0.00000000,,0.00000000,,false,,-1,false,NONE,0.00000000,,0.00000000,0.0000,0.0000,none,-1,false,false,false,no_anchor_flip_in_entry_direction,,,,false,false,false,-1,-1,-1,-1,-1,false,false,false,0.0000,range_n,true,1.15213000,1.15050000,3.1303,false,0.0000,0.0000,0,none,true,0.1545,no_fib,0.000,diagnostic_only,diagnostic_only,diagnostic_only,shallow_pullback,6,0.240,true,none,0.390,high_quality,false,false,diagnostic_only,both,true,none,true,diagnostic_adjacent_detected,required_light,false,false,LONG,5,false,false,1,2025.11.03 15:25:00,2025.11.03 16:00:00,4,2.4458,0.00000000,1.15053000,1.15053000,false,false,none,0.00000000,false,0.0000,0.0000,false,1,0.0000,false,-1,0.00000000,0.0000,off,false,not_evaluated,none,0.0000,0.0000,none,false,false,false,0.0000,none,false,none,0.0000,false,none,1.7992,2.4458,0.7356,0.0000,true,strong_exhaustion,0.0000,none,none,false,false,none,0.0000,0.0000,0.0000,0.0000,none,false,false,0.0000,0.0000,false,false,-1,none,none,false,0.000,0.000,1.15104000,1.15093500,1.15093500,price_congestion_zone,0.00009500,0.1319,neckline_level,1.15104000,0.0281,false,true,true,false,not_blocked,9,4,5,m5_failure_exit,off,none,0.00000000,0.0000,1.30,1.15009000,4.200,-0.300,0.200,PERIOD_M15,1.15213000,1.15072000,0.2199,outside,0.000,true,1.15103000,1.15175000,0.00072000,1.15009000,1.306,0.00035571,18.00,0-30,true,false,none,blocked_spread_too_high,4.850,4.850,none,0.0000,false,neckline_retest_failed,false,not_invalidated,spread_too_high
2025.11.03 20:05:00,signal,session_reversal_pullback_one_symbol_first120,AUDJPY,LONG,2025.11.03 20:00:00,20,17,2,new_york,2025.11.03 16:00,60,first_120min,false,true,3,AUDJPY,highest_score_in_session_bar,new_york=USDJPY|EURJPY|GBPJPY|AUDJPY|EURUSD|GBPUSD,existing_first120_gate,new_york,false,false,true,passed_first_window,double_bottom,neckline_break_retest,100.73700000,PERIOD_M5,PERIOD_H1,PERIOD_M15,PERIOD_M5,PERIOD_M5,false,htf_soft_alignment,current_post_filter,transcript_post_filter,dow_range_or_transition,structure_trend_bias_dow_trend_down_ll_lh,dow_range_or_transition,structure_trend_bias_dow_trend_down_ll_lh,false,true,false,LONG,PERIOD_M5,double_bottom,double_bottom,4.200,none,0.000,double_bottom,4.200,none,0.000,LONG,false,PERIOD_H1_NONE_dow_range_or_transition|PERIOD_M15_SHORT_structure_trend_bias_dow_trend_down_ll_lh,true,h1_counter_m15_reversal,true,top_NONE_dow_range_or_transition|structure_SHORT_structure_trend_bias_dow_trend_down_ll_lh|structure_break_recent_confirmed_swing_break_failed|primary_break_recent_confirmed_swing_break_continuation,none,below_75sma_flat_or_rising,below_75sma_flat_or_rising,above_75sma_flat_or_falling,-1,0.00000000,0,100.71400000,false,off,NONE,NONE,0.00000000,0.00000000,0.0000,none,0.000,true,LONG,return_high_break_or_bos_up,100.87800000,17,100.98500000,100.38600000,false,off,independent,false,,,false,0.0000,none,0.0000,0.0000,none,0.0000,0.0000,0.0000,none,0.0000,0,0,0.0000,none,none,none,none,0.0000,0,0.0000,none,false,true,not_evaluated,true,required_light_or_anchor_flip,short_bias,100.80300000,2025.11.03 05:15:00,100.98500000,2025.11.03 14:30:00,2025.11.03 17:30:00,false,NONE,0.00000000,0.00000000,0.0000,-1,false,,-1,NONE,0.00000000,0.00000000,0.0000,0.0000,none,,none,false,NONE,-1,-1,-1,false,false,none,false,true,false,true,none,true,required,false,PERIOD_M5,,,-1,0.0000,false,0.00000000,0.0000,false,0.0000,false,none,none,false,no_anchor_flip_in_entry_direction,true,required_first_signal_only,LONG,unknown,0.00000000,,0.00000000,,false,,-1,false,NONE,0.00000000,,0.00000000,0.0000,0.0000,none,-1,false,false,false,no_anchor_flip_in_entry_direction,,,,false,false,false,-1,-1,-1,-1,-1,false,false,false,0.0000,falling_n,false,101.03800000,100.38600000,6.3521,false,0.0000,0.0000,0,none,true,0.2905,shallow_236_382,0.080,diagnostic_only,diagnostic_only,diagnostic_only,fib_pullback,9,0.320,true,none,0.470,high_quality,false,false,diagnostic_only,both,true,none,true,diagnostic_adjacent_detected,required_light,false,false,SHORT,5,false,false,0,2025.11.03 18:30:00,2025.11.03 19:25:00,7,4.3716,100.81100000,0.00000000,100.81100000,false,false,none,0.00000000,false,0.0000,0.0000,false,1,0.0000,false,-1,0.00000000,0.0000,off,false,not_evaluated,none,0.0000,0.0000,none,false,false,false,0.0000,none,false,none,0.0000,false,none,2.3870,1.7701,1.3485,0.0000,true,strong_exhaustion,0.0000,none,none,false,false,none,0.0000,0.0000,0.0000,0.0000,none,false,false,0.0000,0.0000,false,false,-1,none,none,false,0.000,0.000,100.98500000,100.79500000,0.00000000,none,0.00000000,0.0000,session_high|opening_range_high|neckline_level,100.81100000,0.0000,true,false,false,false,not_blocked,0,0,0,m5_failure_exit,off,none,0.00000000,0.0000,1.30,100.95600000,4.200,0.350,0.200,PERIOD_M15,100.98500000,100.38600000,0.2905,outside,0.000,true,100.81100000,100.69900000,0.11200000,100.95600000,1.295,0.03728571,28.00,60-90,true,false,none,not_consumed,5.150,5.150,none,0.0000,false,opposite_break_first,true,opposite_break_first,spread_too_high
2025.11.03 20:05:00,blocked,session_reversal_pullback_one_symbol_first120,AUDJPY,LONG,2025.11.03 20:00:00,20,17,2,new_york,2025.11.03 16:00,60,first_120min,false,true,3,AUDJPY,highest_score_in_session_bar,new_york=USDJPY|EURJPY|GBPJPY|AUDJPY|EURUSD|GBPUSD,existing_first120_gate,new_york,false,false,true,passed_first_window,double_bottom,neckline_break_retest,100.73700000,PERIOD_M5,PERIOD_H1,PERIOD_M15,PERIOD_M5,PERIOD_M5,false,htf_soft_alignment,current_post_filter,transcript_post_filter,dow_range_or_transition,structure_trend_bias_dow_trend_down_ll_lh,dow_range_or_transition,structure_trend_bias_dow_trend_down_ll_lh,false,true,false,LONG,PERIOD_M5,double_bottom,double_bottom,4.200,none,0.000,double_bottom,4.200,none,0.000,LONG,false,PERIOD_H1_NONE_dow_range_or_transition|PERIOD_M15_SHORT_structure_trend_bias_dow_trend_down_ll_lh,true,h1_counter_m15_reversal,true,top_NONE_dow_range_or_transition|structure_SHORT_structure_trend_bias_dow_trend_down_ll_lh|structure_break_recent_confirmed_swing_break_failed|primary_break_recent_confirmed_swing_break_continuation,none,below_75sma_flat_or_rising,below_75sma_flat_or_rising,above_75sma_flat_or_falling,-1,0.00000000,0,100.71400000,false,off,NONE,NONE,0.00000000,0.00000000,0.0000,none,0.000,true,LONG,return_high_break_or_bos_up,100.87800000,17,100.98500000,100.38600000,false,off,independent,false,,,false,0.0000,none,0.0000,0.0000,none,0.0000,0.0000,0.0000,none,0.0000,0,0,0.0000,none,none,none,none,0.0000,0,0.0000,none,false,true,not_evaluated,true,required_light_or_anchor_flip,short_bias,100.80300000,2025.11.03 05:15:00,100.98500000,2025.11.03 14:30:00,2025.11.03 17:30:00,false,NONE,0.00000000,0.00000000,0.0000,-1,false,,-1,NONE,0.00000000,0.00000000,0.0000,0.0000,none,,none,false,NONE,-1,-1,-1,false,false,none,false,true,false,true,none,true,required,false,PERIOD_M5,,,-1,0.0000,false,0.00000000,0.0000,false,0.0000,false,none,none,false,no_anchor_flip_in_entry_direction,true,required_first_signal_only,LONG,unknown,0.00000000,,0.00000000,,false,,-1,false,NONE,0.00000000,,0.00000000,0.0000,0.0000,none,-1,false,false,false,no_anchor_flip_in_entry_direction,,,,false,false,false,-1,-1,-1,-1,-1,false,false,false,0.0000,falling_n,false,101.03800000,100.38600000,6.3521,false,0.0000,0.0000,0,none,true,0.2905,shallow_236_382,0.080,diagnostic_only,diagnostic_only,diagnostic_only,fib_pullback,9,0.320,true,none,0.470,high_quality,false,false,diagnostic_only,both,true,none,true,diagnostic_adjacent_detected,required_light,false,false,SHORT,5,false,false,0,2025.11.03 18:30:00,2025.11.03 19:25:00,7,4.3716,100.81100000,0.00000000,100.81100000,false,false,none,0.00000000,false,0.0000,0.0000,false,1,0.0000,false,-1,0.00000000,0.0000,off,false,not_evaluated,none,0.0000,0.0000,none,false,false,false,0.0000,none,false,none,0.0000,false,none,2.3870,1.7701,1.3485,0.0000,true,strong_exhaustion,0.0000,none,none,false,false,none,0.0000,0.0000,0.0000,0.0000,none,false,false,0.0000,0.0000,false,false,-1,none,none,false,0.000,0.000,100.98500000,100.79500000,0.00000000,none,0.00000000,0.0000,session_high|opening_range_high|neckline_level,100.81100000,0.0000,true,false,false,false,not_blocked,0,0,0,m5_failure_exit,off,none,0.00000000,0.0000,1.30,100.95600000,4.200,0.350,0.200,PERIOD_M15,100.98500000,100.38600000,0.2905,outside,0.000,true,100.81100000,100.69900000,0.11200000,100.95600000,1.295,0.03728571,28.00,60-90,true,false,none,blocked_spread_too_high,5.150,5.150,none,0.0000,false,opposite_break_first,true,opposite_break_first,spread_too_high
2025.11.04 03:50:00,signal,session_reversal_pullback_one_symbol_first120,GBPJPY,LONG,2025.11.04 03:45:00,3,0,9,tokyo,2025.11.04 00:00,45,first_120min,true,true,3,GBPJPY,highest_score_in_session_bar,tokyo=USDJPY|EURJPY|GBPJPY|AUDJPY,existing_first120_gate,tokyo,true,false,true,passed_first_window,inverse_head_and_shoulders,neckline_break_retest,202.47800000,PERIOD_M5,PERIOD_H1,PERIOD_M15,PERIOD_M5,PERIOD_M5,false,htf_soft_alignment,current_post_filter,transcript_post_filter,dow_range_or_transition,no_ordered_dow_wave3_break,dow_range_or_transition,no_ordered_dow_wave3_break,false,true,true,LONG,PERIOD_M5,inverse_head_and_shoulders,inverse_head_and_shoulders,4.500,none,0.000,inverse_head_and_shoulders,4.500,none,0.000,LONG,false,PERIOD_H1_NONE_dow_range_or_transition|PERIOD_M15_NONE_no_ordered_dow_wave3_break,true,h1_counter_m15_reversal,true,top_NONE_dow_range_or_transition|structure_NONE_no_ordered_dow_wave3_break|structure_break_recent_confirmed_swing_break_failed|primary_break_recent_confirmed_swing_break_failed,none,above_75sma_rising,above_75sma_flat_or_falling,below_75sma_falling,-1,0.00000000,-1,0.00000000,false,off,NONE,NONE,0.00000000,0.00000000,0.0000,none,0.000,true,LONG,return_high_break_or_bos_up,202.60900000,1,202.60900000,202.35500000,false,off,independent,false,,,false,0.0000,none,0.0000,0.0000,none,0.0000,0.0000,0.0000,none,0.0000,0,0,0.0000,none,none,none,none,0.0000,0,0.0000,none,false,true,not_evaluated,true,required_light_or_anchor_flip,bias_flip_up,201.94400000,2025.11.03 17:00:00,202.62300000,2025.11.03 23:45:00,2025.11.04 00:45:00,true,LONG,202.62300000,202.64500000,0.1880,1,true,2025.11.04 03:15:00,1,LONG,202.62300000,202.64500000,0.1880,0.4615,normal,2025.11.04 03:15:00,first_after_anchor,true,LONG,1,1,1,true,false,fresh_0_4,true,false,false,true,none,true,required,true,PERIOD_M5,2025.11.04 03:20:00,2025.11.04 03:20:00,6,0.2733,true,202.62300000,0.2733,false,0.0000,true,m5_bullish_close_after_anchor_retest,retest_reconfirm,true,none,true,required_first_signal_only,LONG,unknown,0.00000000,,0.00000000,,false,,-1,false,NONE,0.00000000,,0.00000000,0.0000,0.0000,none,-1,false,false,false,insufficient_confirmed_m5_pivots,GBPJPY|LONG|1762226100|202.623,,,false,false,false,-1,-1,-1,-1,-1,false,false,false,0.0000,range_n,true,202.68100000,202.35500000,2.7863,true,0.4615,0.4953,0,normal,true,0.4080,preferred_382_618,0.200,diagnostic_only,diagnostic_only,diagnostic_only,shallow_pullback,4,0.490,true,none,0.640,high_quality,false,false,diagnostic_only,both,true,none,true,diagnostic_adjacent_detected,required_light,false,false,SHORT,6,false,false,1,2025.11.04 01:15:00,2025.11.04 03:25:00,4,4.6920,202.66400000,0.00000000,202.66400000,false,false,none,0.00000000,false,0.0000,0.0000,false,1,0.0000,false,-1,0.00000000,0.0000,off,false,not_evaluated,none,0.0000,0.0000,none,false,false,false,0.0000,none,false,none,0.0000,false,none,4.6920,1.3666,3.4333,2.4902,false,no_shrink,0.0000,none,none,false,false,none,0.0000,0.0000,0.0000,0.0000,none,false,false,0.0000,0.0000,false,false,-1,none,none,false,0.000,0.000,202.55700000,202.53468182,202.55700000,wick_cluster_zone,0.00900000,0.0520,neckline_level,202.47800000,1.0629,false,true,true,false,not_blocked,9,5,4,m5_failure_exit,off,none,0.00000000,0.0000,1.30,202.77300000,4.500,-0.300,0.200,PERIOD_M15,202.60900000,202.35500000,0.2402,outside,0.000,true,202.54800000,202.37500000,0.17300000,202.77300000,1.301,0.06585714,38.00,30-60,true,false,none,not_consumed,4.600,4.600,none,0.0000,false,opposite_break_first,true,opposite_break_first,spread_too_high
2025.11.04 03:50:00,blocked,session_reversal_pullback_one_symbol_first120,GBPJPY,LONG,2025.11.04 03:45:00,3,0,9,tokyo,2025.11.04 00:00,45,first_120min,true,true,3,GBPJPY,highest_score_in_session_bar,tokyo=USDJPY|EURJPY|GBPJPY|AUDJPY,existing_first120_gate,tokyo,true,false,true,passed_first_window,inverse_head_and_shoulders,neckline_break_retest,202.47800000,PERIOD_M5,PERIOD_H1,PERIOD_M15,PERIOD_M5,PERIOD_M5,false,htf_soft_alignment,current_post_filter,transcript_post_filter,dow_range_or_transition,no_ordered_dow_wave3_break,dow_range_or_transition,no_ordered_dow_wave3_break,false,true,true,LONG,PERIOD_M5,inverse_head_and_shoulders,inverse_head_and_shoulders,4.500,none,0.000,inverse_head_and_shoulders,4.500,none,0.000,LONG,false,PERIOD_H1_NONE_dow_range_or_transition|PERIOD_M15_NONE_no_ordered_dow_wave3_break,true,h1_counter_m15_reversal,true,top_NONE_dow_range_or_transition|structure_NONE_no_ordered_dow_wave3_break|structure_break_recent_confirmed_swing_break_failed|primary_break_recent_confirmed_swing_break_failed,none,above_75sma_rising,above_75sma_flat_or_falling,below_75sma_falling,-1,0.00000000,-1,0.00000000,false,off,NONE,NONE,0.00000000,0.00000000,0.0000,none,0.000,true,LONG,return_high_break_or_bos_up,202.60900000,1,202.60900000,202.35500000,false,off,independent,false,,,false,0.0000,none,0.0000,0.0000,none,0.0000,0.0000,0.0000,none,0.0000,0,0,0.0000,none,none,none,none,0.0000,0,0.0000,none,false,true,not_evaluated,true,required_light_or_anchor_flip,bias_flip_up,201.94400000,2025.11.03 17:00:00,202.62300000,2025.11.03 23:45:00,2025.11.04 00:45:00,true,LONG,202.62300000,202.64500000,0.1880,1,true,2025.11.04 03:15:00,1,LONG,202.62300000,202.64500000,0.1880,0.4615,normal,2025.11.04 03:15:00,first_after_anchor,true,LONG,1,1,1,true,false,fresh_0_4,true,false,false,true,none,true,required,true,PERIOD_M5,2025.11.04 03:20:00,2025.11.04 03:20:00,6,0.2733,true,202.62300000,0.2733,false,0.0000,true,m5_bullish_close_after_anchor_retest,retest_reconfirm,true,none,true,required_first_signal_only,LONG,unknown,0.00000000,,0.00000000,,false,,-1,false,NONE,0.00000000,,0.00000000,0.0000,0.0000,none,-1,false,false,false,insufficient_confirmed_m5_pivots,GBPJPY|LONG|1762226100|202.623,,,false,false,false,-1,-1,-1,-1,-1,false,false,false,0.0000,range_n,true,202.68100000,202.35500000,2.7863,true,0.4615,0.4953,0,normal,true,0.4080,preferred_382_618,0.200,diagnostic_only,diagnostic_only,diagnostic_only,shallow_pullback,4,0.490,true,none,0.640,high_quality,false,false,diagnostic_only,both,true,none,true,diagnostic_adjacent_detected,required_light,false,false,SHORT,6,false,false,1,2025.11.04 01:15:00,2025.11.04 03:25:00,4,4.6920,202.66400000,0.00000000,202.66400000,false,false,none,0.00000000,false,0.0000,0.0000,false,1,0.0000,false,-1,0.00000000,0.0000,off,false,not_evaluated,none,0.0000,0.0000,none,false,false,false,0.0000,none,false,none,0.0000,false,none,4.6920,1.3666,3.4333,2.4902,false,no_shrink,0.0000,none,none,false,false,none,0.0000,0.0000,0.0000,0.0000,none,false,false,0.0000,0.0000,false,false,-1,none,none,false,0.000,0.000,202.55700000,202.53468182,202.55700000,wick_cluster_zone,0.00900000,0.0520,neckline_level,202.47800000,1.0629,false,true,true,false,not_blocked,9,5,4,m5_failure_exit,off,none,0.00000000,0.0000,1.30,202.77300000,4.500,-0.300,0.200,PERIOD_M15,202.60900000,202.35500000,0.2402,outside,0.000,true,202.54800000,202.37500000,0.17300000,202.77300000,1.301,0.06585714,38.00,30-60,true,false,none,blocked_spread_too_high,4.600,4.600,none,0.0000,false,opposite_break_first,true,opposite_break_first,spread_too_high
2025.11.05 10:50:00,signal,session_reversal_pullback_one_symbol_first120,EURUSD,LONG,2025.11.05 10:45:00,10,7,16,london,2025.11.05 07:00,45,first_120min,true,true,3,EURUSD,highest_score_in_session_bar,london=USDJPY|EURJPY|GBPJPY|AUDJPY|EURUSD|GBPUSD,existing_first120_gate,london,true,false,true,passed_first_window,double_bottom,neckline_break_retest,1.14891000,PERIOD_M5,PERIOD_H1,PERIOD_M15,PERIOD_M5,PERIOD_M5,false,htf_soft_alignment,current_post_filter,transcript_post_filter,dow_trend_down_ll_lh,no_ordered_dow_wave3_break,dow_trend_down_ll_lh,no_ordered_dow_wave3_break,false,true,false,LONG,PERIOD_M5,double_bottom,double_bottom,4.200,none,0.000,double_bottom,4.200,none,0.000,LONG,false,PERIOD_H1_SHORT_dow_trend_down_ll_lh|PERIOD_M15_NONE_no_ordered_dow_wave3_break,true,h1_counter_m15_reversal,true,top_SHORT_dow_trend_down_ll_lh|structure_NONE_no_ordered_dow_wave3_break|structure_break_recent_confirmed_swing_break_failed|primary_break_recent_confirmed_swing_break_retest,none,below_75sma_falling,above_75sma_flat_or_falling,below_75sma_flat_or_rising,-1,0.00000000,2,1.14902000,false,off,NONE,NONE,0.00000000,0.00000000,0.0000,none,0.000,true,LONG,return_high_break_or_bos_up,1.14935000,2,1.14935000,1.14825000,false,off,independent,false,,,false,0.0000,none,0.0000,0.0000,none,0.0000,0.0000,0.0000,none,0.0000,0,0,0.0000,none,none,none,none,0.0000,0,0.0000,none,false,true,not_evaluated,true,required_light_or_anchor_flip,bias_flip_up,1.14850000,2025.11.05 05:45:00,1.14935000,2025.11.05 07:45:00,2025.11.05 09:15:00,true,LONG,1.14935000,1.14941000,0.1331,2,true,2025.11.05 10:00:00,2,LONG,1.14935000,1.14941000,0.1331,1.7750,normal,2025.11.05 10:00:00,first_after_anchor,true,LONG,2,2,2,true,false,fresh_0_4,true,false,false,true,none,true,required,true,PERIOD_M5,2025.11.05 10:05:00,2025.11.05 10:05:00,9,1.4090,true,1.14935000,1.4090,false,0.0000,true,m5_bos_up_after_anchor_retest,retest_reconfirm,true,none,true,required_first_signal_only,LONG,unknown,0.00000000,,0.00000000,,false,,-1,false,NONE,0.00000000,,0.00000000,0.0000,0.0000,none,-1,false,false,false,insufficient_confirmed_m5_pivots,EURUSD|LONG|1762336800|1.14935,,,false,false,false,-1,-1,-1,-1,-1,false,false,false,0.0000,range_n,true,1.14973000,1.14825000,3.2837,true,1.7750,0.2000,0,normal,true,0.3279,shallow_236_382,0.080,diagnostic_only,diagnostic_only,diagnostic_only,shallow_pullback,5,0.320,true,none,0.470,high_quality,false,false,diagnostic_only,both,true,none,true,diagnostic_adjacent_detected,required_light,false,false,SHORT,8,false,false,0,2025.11.05 08:50:00,2025.11.05 10:00:00,9,2.3084,1.14902000,0.00000000,1.14902000,true,true,m5_lh_close_break_up,1.14902000,true,1.2591,1.5889,true,1,0.2998,false,8,1.14902000,0.0300,off,false,not_evaluated,none,0.5600,0.0300,normal,false,false,false,0.2998,held_no_close_back,true,favorable_side,0.1500,false,clean_retest,1.5889,2.1585,0.7361,0.0000,true,strong_exhaustion,0.0000,none,none,false,false,none,0.0000,0.0000,0.0000,0.0000,none,false,false,0.0000,0.0000,false,false,-1,none,none,false,0.000,0.000,1.14910097,1.14902000,1.14910097,recent_equal_highs,0.00003097,0.0484,neckline_level,1.14891000,0.4797,false,true,true,false,not_blocked,8,5,3,m5_failure_exit,off,none,0.00000000,0.0000,1.30,1.14990000,4.200,-0.300,0.200,PERIOD_M15,1.14935000,1.14825000,0.2545,outside,0.000,true,1.14907000,1.14843000,0.00064000,1.14990000,1.297,0.00033357,18.00,30-60,true,false,none,not_consumed,4.500,4.500,none,0.0000,false,neckline_retest_failed,false,not_invalidated,spread_too_high
2025.11.05 10:50:00,blocked,session_reversal_pullback_one_symbol_first120,EURUSD,LONG,2025.11.05 10:45:00,10,7,16,london,2025.11.05 07:00,45,first_120min,true,true,3,EURUSD,highest_score_in_session_bar,london=USDJPY|EURJPY|GBPJPY|AUDJPY|EURUSD|GBPUSD,existing_first120_gate,london,true,false,true,passed_first_window,double_bottom,neckline_break_retest,1.14891000,PERIOD_M5,PERIOD_H1,PERIOD_M15,PERIOD_M5,PERIOD_M5,false,htf_soft_alignment,current_post_filter,transcript_post_filter,dow_trend_down_ll_lh,no_ordered_dow_wave3_break,dow_trend_down_ll_lh,no_ordered_dow_wave3_break,false,true,false,LONG,PERIOD_M5,double_bottom,double_bottom,4.200,none,0.000,double_bottom,4.200,none,0.000,LONG,false,PERIOD_H1_SHORT_dow_trend_down_ll_lh|PERIOD_M15_NONE_no_ordered_dow_wave3_break,true,h1_counter_m15_reversal,true,top_SHORT_dow_trend_down_ll_lh|structure_NONE_no_ordered_dow_wave3_break|structure_break_recent_confirmed_swing_break_failed|primary_break_recent_confirmed_swing_break_retest,none,below_75sma_falling,above_75sma_flat_or_falling,below_75sma_flat_or_rising,-1,0.00000000,2,1.14902000,false,off,NONE,NONE,0.00000000,0.00000000,0.0000,none,0.000,true,LONG,return_high_break_or_bos_up,1.14935000,2,1.14935000,1.14825000,false,off,independent,false,,,false,0.0000,none,0.0000,0.0000,none,0.0000,0.0000,0.0000,none,0.0000,0,0,0.0000,none,none,none,none,0.0000,0,0.0000,none,false,true,not_evaluated,true,required_light_or_anchor_flip,bias_flip_up,1.14850000,2025.11.05 05:45:00,1.14935000,2025.11.05 07:45:00,2025.11.05 09:15:00,true,LONG,1.14935000,1.14941000,0.1331,2,true,2025.11.05 10:00:00,2,LONG,1.14935000,1.14941000,0.1331,1.7750,normal,2025.11.05 10:00:00,first_after_anchor,true,LONG,2,2,2,true,false,fresh_0_4,true,false,false,true,none,true,required,true,PERIOD_M5,2025.11.05 10:05:00,2025.11.05 10:05:00,9,1.4090,true,1.14935000,1.4090,false,0.0000,true,m5_bos_up_after_anchor_retest,retest_reconfirm,true,none,true,required_first_signal_only,LONG,unknown,0.00000000,,0.00000000,,false,,-1,false,NONE,0.00000000,,0.00000000,0.0000,0.0000,none,-1,false,false,false,insufficient_confirmed_m5_pivots,EURUSD|LONG|1762336800|1.14935,,,false,false,false,-1,-1,-1,-1,-1,false,false,false,0.0000,range_n,true,1.14973000,1.14825000,3.2837,true,1.7750,0.2000,0,normal,true,0.3279,shallow_236_382,0.080,diagnostic_only,diagnostic_only,diagnostic_only,shallow_pullback,5,0.320,true,none,0.470,high_quality,false,false,diagnostic_only,both,true,none,true,diagnostic_adjacent_detected,required_light,false,false,SHORT,8,false,false,0,2025.11.05 08:50:00,2025.11.05 10:00:00,9,2.3084,1.14902000,0.00000000,1.14902000,true,true,m5_lh_close_break_up,1.14902000,true,1.2591,1.5889,true,1,0.2998,false,8,1.14902000,0.0300,off,false,not_evaluated,none,0.5600,0.0300,normal,false,false,false,0.2998,held_no_close_back,true,favorable_side,0.1500,false,clean_retest,1.5889,2.1585,0.7361,0.0000,true,strong_exhaustion,0.0000,none,none,false,false,none,0.0000,0.0000,0.0000,0.0000,none,false,false,0.0000,0.0000,false,false,-1,none,none,false,0.000,0.000,1.14910097,1.14902000,1.14910097,recent_equal_highs,0.00003097,0.0484,neckline_level,1.14891000,0.4797,false,true,true,false,not_blocked,8,5,3,m5_failure_exit,off,none,0.00000000,0.0000,1.30,1.14990000,4.200,-0.300,0.200,PERIOD_M15,1.14935000,1.14825000,0.2545,outside,0.000,true,1.14907000,1.14843000,0.00064000,1.14990000,1.297,0.00033357,18.00,30-60,true,false,none,blocked_spread_too_high,4.500,4.500,none,0.0000,false,neckline_retest_failed,false,not_invalidated,spread_too_high
2025.11.05 16:10:00,signal,session_reversal_pullback_one_symbol_first120,GBPUSD,SHORT,2025.11.05 16:05:00,16,13,22,london_newyork_overlap,2025.11.05 13:00,5,first_120min,true,true,3,GBPUSD,highest_score_in_session_bar,london_newyork_overlap=USDJPY|EURJPY|GBPJPY|AUDJPY|EURUSD|GBPUSD,existing_first120_gate,london_newyork_overlap,false,false,true,passed_first_window,head_and_shoulders,neckline_break_retest,1.30253000,PERIOD_M5,PERIOD_H1,PERIOD_M15,PERIOD_M5,PERIOD_M5,false,htf_soft_alignment,current_post_filter,transcript_post_filter,dow_trend_up_hh_hl,no_ordered_dow_wave3_break,dow_trend_up_hh_hl,no_ordered_dow_wave3_break,false,false,true,SHORT,PERIOD_M5,head_and_shoulders,head_and_shoulders,4.500,none,0.000,head_and_shoulders,4.500,none,0.000,SHORT,false,PERIOD_H1_LONG_dow_trend_up_hh_hl|PERIOD_M15_NONE_no_ordered_dow_wave3_break,true,h1_counter_m15_reversal,true,top_LONG_dow_trend_up_hh_hl|structure_NONE_no_ordered_dow_wave3_break|structure_break_recent_confirmed_swing_break_failed|primary_break_recent_confirmed_swing_break_continuation,none,below_75sma_falling,near_75sma,below_75sma_falling,-1,0.00000000,0,1.30311000,false,off,NONE,NONE,0.00000000,0.00000000,0.0000,none,0.000,true,SHORT,return_low_break_or_bos_down,1.30187000,11,1.30522000,1.30109000,false,off,independent,false,,,false,0.0000,none,0.0000,0.0000,none,0.0000,0.0000,0.0000,none,0.0000,0,0,0.0000,none,none,none,none,0.0000,0,0.0000,none,false,true,not_evaluated,true,required_light_or_anchor_flip,short_bias,1.30187000,2025.11.05 09:15:00,1.30522000,2025.11.05 11:00:00,2025.11.05 13:00:00,false,NONE,0.00000000,0.00000000,0.0000,-1,false,,-1,NONE,0.00000000,0.00000000,0.0000,0.0000,none,,none,false,NONE,-1,-1,-1,false,false,none,true,false,false,true,none,true,required,false,PERIOD_M5,,,-1,0.0000,false,0.00000000,0.0000,false,0.0000,false,none,none,false,no_anchor_flip_in_entry_direction,true,required_first_signal_only,SHORT,unknown,0.00000000,,0.00000000,,false,,-1,false,NONE,0.00000000,,0.00000000,0.0000,0.0000,none,-1,false,false,false,no_anchor_flip_in_entry_direction,,,,false,false,false,-1,-1,-1,-1,-1,false,false,false,0.0000,falling_n,false,1.30522000,1.30093000,5.2000,false,0.0000,0.0000,0,none,true,0.2736,shallow_236_382,0.080,diagnostic_only,diagnostic_only,diagnostic_only,shallow_pullback,24,0.330,true,none,0.480,high_quality,false,false,diagnostic_only,both,true,none,true,diagnostic_adjacent_detected,required_light,false,false,LONG,5,false,false,1,2025.11.05 14:20:00,2025.11.05 15:15:00,10,2.7447,0.00000000,1.30311000,1.30311000,true,true,m5_hl_close_break_down,1.30311000,true,0.6447,1.1605,true,1,0.0000,false,4,1.30311000,0.1289,off,false,not_evaluated,none,0.6700,0.0300,strong,true,false,false,0.0000,held_clean,true,favorable_side,0.1100,true,clean_retest,2.7447,1.1237,2.4426,0.8289,false,no_shrink,0.0000,none,none,false,false,none,0.0000,0.0000,0.0000,0.0000,none,false,false,0.0000,0.0000,false,false,-1,none,none,false,0.000,0.000,1.30245000,1.30187000,1.30187000,top_context_confirmed_swing_low,0.00035000,0.2244,neckline_level,1.30253000,0.5711,false,true,true,false,not_blocked,6,5,1,m5_failure_exit,off,none,0.00000000,0.0000,1.30,1.30019000,4.500,-0.300,0.200,PERIOD_M15,1.30522000,1.30109000,0.2736,outside,0.000,true,1.30222000,1.30378000,0.00156000,1.30019000,1.301,0.00054286,20.00,0-30,true,false,none,not_consumed,4.800,4.800,none,0.0000,false,neckline_retest_failed,false,not_invalidated,spread_too_high
2025.11.05 16:10:00,blocked,session_reversal_pullback_one_symbol_first120,GBPUSD,SHORT,2025.11.05 16:05:00,16,13,22,london_newyork_overlap,2025.11.05 13:00,5,first_120min,true,true,3,GBPUSD,highest_score_in_session_bar,london_newyork_overlap=USDJPY|EURJPY|GBPJPY|AUDJPY|EURUSD|GBPUSD,existing_first120_gate,london_newyork_overlap,false,false,true,passed_first_window,head_and_shoulders,neckline_break_retest,1.30253000,PERIOD_M5,PERIOD_H1,PERIOD_M15,PERIOD_M5,PERIOD_M5,false,htf_soft_alignment,current_post_filter,transcript_post_filter,dow_trend_up_hh_hl,no_ordered_dow_wave3_break,dow_trend_up_hh_hl,no_ordered_dow_wave3_break,false,false,true,SHORT,PERIOD_M5,head_and_shoulders,head_and_shoulders,4.500,none,0.000,head_and_shoulders,4.500,none,0.000,SHORT,false,PERIOD_H1_LONG_dow_trend_up_hh_hl|PERIOD_M15_NONE_no_ordered_dow_wave3_break,true,h1_counter_m15_reversal,true,top_LONG_dow_trend_up_hh_hl|structure_NONE_no_ordered_dow_wave3_break|structure_break_recent_confirmed_swing_break_failed|primary_break_recent_confirmed_swing_break_continuation,none,below_75sma_falling,near_75sma,below_75sma_falling,-1,0.00000000,0,1.30311000,false,off,NONE,NONE,0.00000000,0.00000000,0.0000,none,0.000,true,SHORT,return_low_break_or_bos_down,1.30187000,11,1.30522000,1.30109000,false,off,independent,false,,,false,0.0000,none,0.0000,0.0000,none,0.0000,0.0000,0.0000,none,0.0000,0,0,0.0000,none,none,none,none,0.0000,0,0.0000,none,false,true,not_evaluated,true,required_light_or_anchor_flip,short_bias,1.30187000,2025.11.05 09:15:00,1.30522000,2025.11.05 11:00:00,2025.11.05 13:00:00,false,NONE,0.00000000,0.00000000,0.0000,-1,false,,-1,NONE,0.00000000,0.00000000,0.0000,0.0000,none,,none,false,NONE,-1,-1,-1,false,false,none,true,false,false,true,none,true,required,false,PERIOD_M5,,,-1,0.0000,false,0.00000000,0.0000,false,0.0000,false,none,none,false,no_anchor_flip_in_entry_direction,true,required_first_signal_only,SHORT,unknown,0.00000000,,0.00000000,,false,,-1,false,NONE,0.00000000,,0.00000000,0.0000,0.0000,none,-1,false,false,false,no_anchor_flip_in_entry_direction,,,,false,false,false,-1,-1,-1,-1,-1,false,false,false,0.0000,falling_n,false,1.30522000,1.30093000,5.2000,false,0.0000,0.0000,0,none,true,0.2736,shallow_236_382,0.080,diagnostic_only,diagnostic_only,diagnostic_only,shallow_pullback,24,0.330,true,none,0.480,high_quality,false,false,diagnostic_only,both,true,none,true,diagnostic_adjacent_detected,required_light,false,false,LONG,5,false,false,1,2025.11.05 14:20:00,2025.11.05 15:15:00,10,2.7447,0.00000000,1.30311000,1.30311000,true,true,m5_hl_close_break_down,1.30311000,true,0.6447,1.1605,true,1,0.0000,false,4,1.30311000,0.1289,off,false,not_evaluated,none,0.6700,0.0300,strong,true,false,false,0.0000,held_clean,true,favorable_side,0.1100,true,clean_retest,2.7447,1.1237,2.4426,0.8289,false,no_shrink,0.0000,none,none,false,false,none,0.0000,0.0000,0.0000,0.0000,none,false,false,0.0000,0.0000,false,false,-1,none,none,false,0.000,0.000,1.30245000,1.30187000,1.30187000,top_context_confirmed_swing_low,0.00035000,0.2244,neckline_level,1.30253000,0.5711,false,true,true,false,not_blocked,6,5,1,m5_failure_exit,off,none,0.00000000,0.0000,1.30,1.30019000,4.500,-0.300,0.200,PERIOD_M15,1.30522000,1.30109000,0.2736,outside,0.000,true,1.30222000,1.30378000,0.00156000,1.30019000,1.301,0.00054286,20.00,0-30,true,false,none,blocked_spread_too_high,4.800,4.800,none,0.0000,false,neckline_retest_failed,false,not_invalidated,spread_too_high
2025.11.06 03:15:00,signal,session_reversal_pullback_one_symbol_first120,EURJPY,SHORT,2025.11.06 03:10:00,3,0,9,tokyo,2025.11.06 00:00,10,first_120min,true,true,3,EURJPY,highest_score_in_session_bar,tokyo=USDJPY|EURJPY|GBPJPY|AUDJPY,existing_first120_gate,tokyo,false,false,true,passed_first_window,double_top,neckline_break_retest,177.01100000,PERIOD_M5,PERIOD_H1,PERIOD_M15,PERIOD_M5,PERIOD_M5,false,htf_soft_alignment,current_post_filter,transcript_post_filter,dow_trend_up_hh_hl,structure_trend_bias_dow_trend_up_hh_hl,dow_trend_up_hh_hl,structure_trend_bias_dow_trend_up_hh_hl,false,false,true,SHORT,PERIOD_M5,double_top,double_top,4.200,none,0.000,double_top,4.200,none,0.000,SHORT,false,PERIOD_H1_LONG_dow_trend_up_hh_hl|PERIOD_M15_LONG_structure_trend_bias_dow_trend_up_hh_hl,true,h1_counter_m15_reversal,true,top_LONG_dow_trend_up_hh_hl|structure_LONG_structure_trend_bias_dow_trend_up_hh_hl|structure_break_recent_confirmed_swing_break_failed|primary_break_recent_confirmed_swing_break_retest,none,below_75sma_falling,above_75sma_rising,below_75sma_flat_or_rising,-1,0.00000000,1,176.99700000,false,off,NONE,NONE,0.00000000,0.00000000,0.0000,none,0.000,true,SHORT,return_low_break_or_bos_down,176.93700000,3,177.14900000,176.93700000,false,off,independent,false,,,false,0.0000,none,0.0000,0.0000,none,0.0000,0.0000,0.0000,none,0.0000,0,0,0.0000,none,none,none,none,0.0000,0,0.0000,none,false,true,not_evaluated,true,required_light_or_anchor_flip,short_bias,176.93700000,2025.11.06 00:30:00,177.14900000,2025.11.06 02:00:00,2025.11.06 02:15:00,false,NONE,0.00000000,0.00000000,0.0000,-1,false,,-1,NONE,0.00000000,0.00000000,0.0000,0.0000,none,,none,false,NONE,-1,-1,-1,false,false,none,true,false,false,true,none,true,required,false,PERIOD_M5,,,-1,0.0000,false,0.00000000,0.0000,false,0.0000,false,none,none,false,no_anchor_flip_in_entry_direction,true,required_first_signal_only,SHORT,unknown,0.00000000,,0.00000000,,false,,-1,false,NONE,0.00000000,,0.00000000,0.0000,0.0000,none,-1,false,false,false,no_anchor_flip_in_entry_direction,,,,false,false,false,-1,-1,-1,-1,-1,false,false,false,0.0000,range_n,true,177.14900000,176.88400000,3.2261,false,0.0000,0.0000,0,none,true,0.4453,preferred_382_618,0.200,diagnostic_only,diagnostic_only,diagnostic_only,shallow_pullback,4,0.440,true,none,0.590,high_quality,false,false,diagnostic_only,both,true,none,true,diagnostic_adjacent_detected,required_light,false,true,LONG,4,true,true,2,2025.11.06 00:30:00,2025.11.06 02:05:00,13,2.5520,0.00000000,176.99700000,176.99700000,true,true,m5_hl_close_break_down,176.99700000,true,0.3009,1.4084,true,1,0.5056,true,12,176.99700000,0.0722,off,false,not_evaluated,none,0.8667,0.1333,very_strong,false,false,false,0.5056,held_no_close_back,true,back_inside,0.0189,true,weak_retest,1.8298,1.5890,1.1515,0.9630,false,no_shrink,0.0000,none,none,false,false,none,0.0000,0.0000,0.0000,0.0000,none,false,false,0.0000,0.0000,false,false,-1,none,none,false,0.000,0.000,177.01100000,176.97328000,176.97328000,recent_equal_lows,0.02872000,0.2816,neckline_level,177.01100000,0.1083,false,true,true,false,not_blocked,8,5,3,m5_failure_exit,off,none,0.00000000,0.0000,1.30,176.86900000,4.200,-0.300,0.200,PERIOD_M15,177.14900000,176.93700000,0.3066,outside,0.000,true,177.00200000,177.10400000,0.10200000,176.86900000,1.304,0.08307143,30.00,0-30,true,false,none,not_consumed,4.500,4.500,none,0.0000,false,neckline_retest_failed,false,not_invalidated,spread_too_high
2025.11.06 03:15:00,blocked,session_reversal_pullback_one_symbol_first120,EURJPY,SHORT,2025.11.06 03:10:00,3,0,9,tokyo,2025.11.06 00:00,10,first_120min,true,true,3,EURJPY,highest_score_in_session_bar,tokyo=USDJPY|EURJPY|GBPJPY|AUDJPY,existing_first120_gate,tokyo,false,false,true,passed_first_window,double_top,neckline_break_retest,177.01100000,PERIOD_M5,PERIOD_H1,PERIOD_M15,PERIOD_M5,PERIOD_M5,false,htf_soft_alignment,current_post_filter,transcript_post_filter,dow_trend_up_hh_hl,structure_trend_bias_dow_trend_up_hh_hl,dow_trend_up_hh_hl,structure_trend_bias_dow_trend_up_hh_hl,false,false,true,SHORT,PERIOD_M5,double_top,double_top,4.200,none,0.000,double_top,4.200,none,0.000,SHORT,false,PERIOD_H1_LONG_dow_trend_up_hh_hl|PERIOD_M15_LONG_structure_trend_bias_dow_trend_up_hh_hl,true,h1_counter_m15_reversal,true,top_LONG_dow_trend_up_hh_hl|structure_LONG_structure_trend_bias_dow_trend_up_hh_hl|structure_break_recent_confirmed_swing_break_failed|primary_break_recent_confirmed_swing_break_retest,none,below_75sma_falling,above_75sma_rising,below_75sma_flat_or_rising,-1,0.00000000,1,176.99700000,false,off,NONE,NONE,0.00000000,0.00000000,0.0000,none,0.000,true,SHORT,return_low_break_or_bos_down,176.93700000,3,177.14900000,176.93700000,false,off,independent,false,,,false,0.0000,none,0.0000,0.0000,none,0.0000,0.0000,0.0000,none,0.0000,0,0,0.0000,none,none,none,none,0.0000,0,0.0000,none,false,true,not_evaluated,true,required_light_or_anchor_flip,short_bias,176.93700000,2025.11.06 00:30:00,177.14900000,2025.11.06 02:00:00,2025.11.06 02:15:00,false,NONE,0.00000000,0.00000000,0.0000,-1,false,,-1,NONE,0.00000000,0.00000000,0.0000,0.0000,none,,none,false,NONE,-1,-1,-1,false,false,none,true,false,false,true,none,true,required,false,PERIOD_M5,,,-1,0.0000,false,0.00000000,0.0000,false,0.0000,false,none,none,false,no_anchor_flip_in_entry_direction,true,required_first_signal_only,SHORT,unknown,0.00000000,,0.00000000,,false,,-1,false,NONE,0.00000000,,0.00000000,0.0000,0.0000,none,-1,false,false,false,no_anchor_flip_in_entry_direction,,,,false,false,false,-1,-1,-1,-1,-1,false,false,false,0.0000,range_n,true,177.14900000,176.88400000,3.2261,false,0.0000,0.0000,0,none,true,0.4453,preferred_382_618,0.200,diagnostic_only,diagnostic_only,diagnostic_only,shallow_pullback,4,0.440,true,none,0.590,high_quality,false,false,diagnostic_only,both,true,none,true,diagnostic_adjacent_detected,required_light,false,true,LONG,4,true,true,2,2025.11.06 00:30:00,2025.11.06 02:05:00,13,2.5520,0.00000000,176.99700000,176.99700000,true,true,m5_hl_close_break_down,176.99700000,true,0.3009,1.4084,true,1,0.5056,true,12,176.99700000,0.0722,off,false,not_evaluated,none,0.8667,0.1333,very_strong,false,false,false,0.5056,held_no_close_back,true,back_inside,0.0189,true,weak_retest,1.8298,1.5890,1.1515,0.9630,false,no_shrink,0.0000,none,none,false,false,none,0.0000,0.0000,0.0000,0.0000,none,false,false,0.0000,0.0000,false,false,-1,none,none,false,0.000,0.000,177.01100000,176.97328000,176.97328000,recent_equal_lows,0.02872000,0.2816,neckline_level,177.01100000,0.1083,false,true,true,false,not_blocked,8,5,3,m5_failure_exit,off,none,0.00000000,0.0000,1.30,176.86900000,4.200,-0.300,0.200,PERIOD_M15,177.14900000,176.93700000,0.3066,outside,0.000,true,177.00200000,177.10400000,0.10200000,176.86900000,1.304,0.08307143,30.00,0-30,true,false,none,blocked_spread_too_high,4.500,4.500,none,0.0000,false,neckline_retest_failed,false,not_invalidated,spread_too_high
2025.11.06 10:05:00,signal,session_reversal_pullback_one_symbol_first120,GBPUSD,LONG,2025.11.06 10:00:00,10,7,16,london,2025.11.06 07:00,0,first_120min,true,true,3,GBPUSD,highest_score_in_session_bar,london=USDJPY|EURJPY|GBPJPY|AUDJPY|EURUSD|GBPUSD,existing_first120_gate,london,false,false,true,passed_first_window,inverse_head_and_shoulders,neckline_break_retest,1.30604000,PERIOD_M5,PERIOD_H1,PERIOD_M15,PERIOD_M5,PERIOD_M5,false,htf_soft_alignment,current_post_filter,transcript_post_filter,dow_range_or_transition,no_ordered_dow_wave3_break,dow_range_or_transition,no_ordered_dow_wave3_break,false,true,false,LONG,PERIOD_M5,inverse_head_and_shoulders,inverse_head_and_shoulders,4.500,none,0.000,inverse_head_and_shoulders,4.500,none,0.000,LONG,false,PERIOD_H1_NONE_dow_range_or_transition|PERIOD_M15_NONE_no_ordered_dow_wave3_break,true,h1_counter_m15_reversal,true,top_NONE_dow_range_or_transition|structure_NONE_no_ordered_dow_wave3_break|structure_break_recent_confirmed_swing_break_failed|primary_break_recent_confirmed_swing_break_failed,none,below_75sma_falling,above_75sma_rising,above_75sma_rising,-1,0.00000000,-1,0.00000000,false,off,NONE,NONE,0.00000000,0.00000000,0.0000,none,0.000,true,LONG,return_high_break_or_bos_up,1.30667000,2,1.30667000,1.30522000,false,off,independent,false,,,false,0.0000,none,0.0000,0.0000,none,0.0000,0.0000,0.0000,none,0.0000,0,0,0.0000,none,none,none,none,0.0000,0,0.0000,none,false,true,not_evaluated,true,required_light_or_anchor_flip,bias_flip_up,1.30567000,2025.11.06 07:45:00,1.30667000,2025.11.06 08:00:00,2025.11.06 08:45:00,true,LONG,1.30667000,1.30693000,0.4505,2,true,2025.11.06 09:15:00,2,LONG,1.30667000,1.30693000,0.4505,1.6460,normal,2025.11.06 09:15:00,first_after_anchor,true,LONG,2,2,2,true,false,fresh_0_4,true,false,false,true,none,true,required,true,PERIOD_M5,2025.11.06 09:20:00,2025.11.06 09:20:00,9,1.2621,true,1.30667000,1.2621,false,0.0000,true,m5_bos_up_after_anchor_retest,retest_reconfirm,true,none,true,required_first_signal_only,LONG,unknown,0.00000000,,0.00000000,,false,,-1,false,NONE,0.00000000,,0.00000000,0.0000,0.0000,none,-1,false,false,false,insufficient_confirmed_m5_pivots,GBPUSD|LONG|1762420500|1.30667,,,false,false,false,-1,-1,-1,-1,-1,false,false,false,0.0000,range_n,true,1.30667000,1.30522000,2.5124,true,1.6460,0.2400,0,normal,true,0.3892,preferred_382_618,0.200,diagnostic_only,diagnostic_only,diagnostic_only,shallow_pullback,4,0.440,true,none,0.590,high_quality,false,false,diagnostic_only,both,true,none,true,diagnostic_adjacent_detected,required_light,false,false,SHORT,4,false,false,0,2025.11.06 07:25:00,2025.11.06 09:35:00,5,4.3239,1.30707000,0.00000000,1.30707000,false,false,none,0.00000000,false,0.0000,0.0000,false,1,0.0000,false,-1,0.00000000,0.0000,off,false,not_evaluated,none,0.0000,0.0000,none,false,false,false,0.0000,none,false,none,0.0000,false,none,2.6177,2.6644,0.9825,0.0000,true,strong_exhaustion,0.0000,none,none,false,false,none,0.0000,0.0000,0.0000,0.0000,none,false,false,0.0000,0.0000,false,false,-1,none,none,false,0.000,0.000,1.30658000,1.30634607,1.30658000,recent_rejection_zone,0.00023000,0.2054,session_high|opening_range_high|neckline_level,1.30628000,0.1636,false,true,true,false,not_blocked,4,2,2,m5_failure_exit,off,none,0.00000000,0.0000,1.30,1.30780000,4.500,-0.300,0.200,PERIOD_M15,1.30667000,1.30522000,0.2207,outside,0.000,true,1.30635000,1.30523000,0.00112000,1.30780000,1.295,0.00042786,20.00,0-30,true,false,none,not_consumed,4.600,4.600,none,0.0000,false,neckline_retest_failed,false,not_invalidated,spread_too_high
2025.11.06 10:05:00,blocked,session_reversal_pullback_one_symbol_first120,GBPUSD,LONG,2025.11.06 10:00:00,10,7,16,london,2025.11.06 07:00,0,first_120min,true,true,3,GBPUSD,highest_score_in_session_bar,london=USDJPY|EURJPY|GBPJPY|AUDJPY|EURUSD|GBPUSD,existing_first120_gate,london,false,false,true,passed_first_window,inverse_head_and_shoulders,neckline_break_retest,1.30604000,PERIOD_M5,PERIOD_H1,PERIOD_M15,PERIOD_M5,PERIOD_M5,false,htf_soft_alignment,current_post_filter,transcript_post_filter,dow_range_or_transition,no_ordered_dow_wave3_break,dow_range_or_transition,no_ordered_dow_wave3_break,false,true,false,LONG,PERIOD_M5,inverse_head_and_shoulders,inverse_head_and_shoulders,4.500,none,0.000,inverse_head_and_shoulders,4.500,none,0.000,LONG,false,PERIOD_H1_NONE_dow_range_or_transition|PERIOD_M15_NONE_no_ordered_dow_wave3_break,true,h1_counter_m15_reversal,true,top_NONE_dow_range_or_transition|structure_NONE_no_ordered_dow_wave3_break|structure_break_recent_confirmed_swing_break_failed|primary_break_recent_confirmed_swing_break_failed,none,below_75sma_falling,above_75sma_rising,above_75sma_rising,-1,0.00000000,-1,0.00000000,false,off,NONE,NONE,0.00000000,0.00000000,0.0000,none,0.000,true,LONG,return_high_break_or_bos_up,1.30667000,2,1.30667000,1.30522000,false,off,independent,false,,,false,0.0000,none,0.0000,0.0000,none,0.0000,0.0000,0.0000,none,0.0000,0,0,0.0000,none,none,none,none,0.0000,0,0.0000,none,false,true,not_evaluated,true,required_light_or_anchor_flip,bias_flip_up,1.30567000,2025.11.06 07:45:00,1.30667000,2025.11.06 08:00:00,2025.11.06 08:45:00,true,LONG,1.30667000,1.30693000,0.4505,2,true,2025.11.06 09:15:00,2,LONG,1.30667000,1.30693000,0.4505,1.6460,normal,2025.11.06 09:15:00,first_after_anchor,true,LONG,2,2,2,true,false,fresh_0_4,true,false,false,true,none,true,required,true,PERIOD_M5,2025.11.06 09:20:00,2025.11.06 09:20:00,9,1.2621,true,1.30667000,1.2621,false,0.0000,true,m5_bos_up_after_anchor_retest,retest_reconfirm,true,none,true,required_first_signal_only,LONG,unknown,0.00000000,,0.00000000,,false,,-1,false,NONE,0.00000000,,0.00000000,0.0000,0.0000,none,-1,false,false,false,insufficient_confirmed_m5_pivots,GBPUSD|LONG|1762420500|1.30667,,,false,false,false,-1,-1,-1,-1,-1,false,false,false,0.0000,range_n,true,1.30667000,1.30522000,2.5124,true,1.6460,0.2400,0,normal,true,0.3892,preferred_382_618,0.200,diagnostic_only,diagnostic_only,diagnostic_only,shallow_pullback,4,0.440,true,none,0.590,high_quality,false,false,diagnostic_only,both,true,none,true,diagnostic_adjacent_detected,required_light,false,false,SHORT,4,false,false,0,2025.11.06 07:25:00,2025.11.06 09:35:00,5,4.3239,1.30707000,0.00000000,1.30707000,false,false,none,0.00000000,false,0.0000,0.0000,false,1,0.0000,false,-1,0.00000000,0.0000,off,false,not_evaluated,none,0.0000,0.0000,none,false,false,false,0.0000,none,false,none,0.0000,false,none,2.6177,2.6644,0.9825,0.0000,true,strong_exhaustion,0.0000,none,none,false,false,none,0.0000,0.0000,0.0000,0.0000,none,false,false,0.0000,0.0000,false,false,-1,none,none,false,0.000,0.000,1.30658000,1.30634607,1.30658000,recent_rejection_zone,0.00023000,0.2054,session_high|opening_range_high|neckline_level,1.30628000,0.1636,false,true,true,false,not_blocked,4,2,2,m5_failure_exit,off,none,0.00000000,0.0000,1.30,1.30780000,4.500,-0.300,0.200,PERIOD_M15,1.30667000,1.30522000,0.2207,outside,0.000,true,1.30635000,1.30523000,0.00112000,1.30780000,1.295,0.00042786,20.00,0-30,true,false,none,blocked_spread_too_high,4.600,4.600,none,0.0000,false,neckline_retest_failed,false,not_invalidated,spread_too_high
2025.11.06 16:20:00,signal,session_reversal_pullback_one_symbol_first120,GBPJPY,SHORT,2025.11.06 16:15:00,16,13,22,london_newyork_overlap,2025.11.06 13:00,15,first_120min,true,true,3,GBPJPY,highest_score_in_session_bar,london_newyork_overlap=USDJPY|EURJPY|GBPJPY|AUDJPY|EURUSD|GBPUSD,existing_first120_gate,london_newyork_overlap,false,false,true,passed_first_window,double_top,neckline_break_retest,201.17400000,PERIOD_M5,PERIOD_H1,PERIOD_M15,PERIOD_M5,PERIOD_M5,false,htf_soft_alignment,current_post_filter,transcript_post_filter,dow_trend_up_hh_hl,structure_trend_bias_dow_trend_down_ll_lh,dow_trend_up_hh_hl,structure_trend_bias_dow_trend_down_ll_lh,false,false,true,SHORT,PERIOD_M5,double_top,double_top,4.200,none,0.000,double_top,4.200,none,0.000,SHORT,false,PERIOD_H1_LONG_dow_trend_up_hh_hl|PERIOD_M15_SHORT_structure_trend_bias_dow_trend_down_ll_lh,true,h1_counter_m15_reversal,true,top_LONG_dow_trend_up_hh_hl|structure_SHORT_structure_trend_bias_dow_trend_down_ll_lh|structure_break_recent_confirmed_swing_break_failed|primary_break_recent_confirmed_swing_break_retest,none,above_75sma_flat_or_falling,above_75sma_rising,below_75sma_flat_or_rising,-1,0.00000000,0,201.04000000,false,off,NONE,NONE,0.00000000,0.00000000,0.0000,none,0.000,true,SHORT,return_low_break_or_bos_down,200.87400000,8,201.36600000,200.63400000,false,off,independent,false,,,false,0.0000,none,0.0000,0.0000,none,0.0000,0.0000,0.0000,none,0.0000,0,0,0.0000,none,none,none,none,0.0000,0,0.0000,none,false,true,not_evaluated,true,required_light_or_anchor_flip,long_bias,200.63400000,2025.11.06 14:00:00,201.20100000,2025.11.06 14:00:00,2025.11.06 14:45:00,false,NONE,0.00000000,0.00000000,0.0000,-1,false,,-1,NONE,0.00000000,0.00000000,0.0000,0.0000,none,,none,false,NONE,-1,-1,-1,false,false,none,false,true,false,true,none,true,required,false,PERIOD_M5,,,-1,0.0000,false,0.00000000,0.0000,false,0.0000,false,none,none,false,no_anchor_flip_in_entry_direction,true,required_first_signal_only,SHORT,unknown,0.00000000,,0.00000000,,false,,-1,false,NONE,0.00000000,,0.00000000,0.0000,0.0000,none,-1,false,false,false,no_anchor_flip_in_entry_direction,,,,false,false,false,-1,-1,-1,-1,-1,false,false,false,0.0000,range_n,true,201.27100000,200.63400000,3.2524,false,0.0000,0.0000,0,none,true,0.5068,preferred_382_618,0.200,diagnostic_only,diagnostic_only,diagnostic_only,fib_pullback,24,0.400,true,none,0.550,high_quality,false,false,diagnostic_only,both,true,none,true,diagnostic_adjacent_detected,required_light,false,false,LONG,7,false,false,2,2025.11.06 14:05:00,2025.11.06 15:45:00,6,6.6330,0.00000000,201.04000000,201.04000000,true,true,m5_hl_close_break_down,201.04000000,true,0.1269,0.7430,true,1,0.9152,true,2,201.04000000,0.9424,off,false,not_evaluated,none,0.9895,0.0105,strong,false,true,true,0.9152,failed_1bar,true,favorable_side,0.0128,false,clean_retest,2.9540,5.7722,0.5118,0.8608,false,mild_exhaustion,0.0000,none,none,false,false,none,0.0000,0.0000,0.0000,0.0000,none,false,false,0.0000,0.0000,false,false,-1,none,none,false,0.000,0.000,201.04000000,200.98800000,200.76200000,top_context_confirmed_swing_low,0.24300000,0.9492,session_low|opening_range_low|neckline_level,200.98800000,0.1540,false,true,false,false,not_blocked,1,1,0,m5_failure_exit,off,none,0.00000000,0.0000,1.30,200.67200000,4.200,0.000,0.200,PERIOD_M15,201.19200000,200.63400000,0.6649,deep_618_786,0.000,true,201.00500000,201.26100000,0.25600000,200.67200000,1.301,0.11035714,38.00,0-30,true,false,none,not_consumed,4.800,4.800,none,0.0000,false,neckline_retest_failed,false,not_invalidated,spread_too_high
2025.11.06 16:20:00,blocked,session_reversal_pullback_one_symbol_first120,GBPJPY,SHORT,2025.11.06 16:15:00,16,13,22,london_newyork_overlap,2025.11.06 13:00,15,first_120min,true,true,3,GBPJPY,highest_score_in_session_bar,london_newyork_overlap=USDJPY|EURJPY|GBPJPY|AUDJPY|EURUSD|GBPUSD,existing_first120_gate,london_newyork_overlap,false,false,true,passed_first_window,double_top,neckline_break_retest,201.17400000,PERIOD_M5,PERIOD_H1,PERIOD_M15,PERIOD_M5,PERIOD_M5,false,htf_soft_alignment,current_post_filter,transcript_post_filter,dow_trend_up_hh_hl,structure_trend_bias_dow_trend_down_ll_lh,dow_trend_up_hh_hl,structure_trend_bias_dow_trend_down_ll_lh,false,false,true,SHORT,PERIOD_M5,double_top,double_top,4.200,none,0.000,double_top,4.200,none,0.000,SHORT,false,PERIOD_H1_LONG_dow_trend_up_hh_hl|PERIOD_M15_SHORT_structure_trend_bias_dow_trend_down_ll_lh,true,h1_counter_m15_reversal,true,top_LONG_dow_trend_up_hh_hl|structure_SHORT_structure_trend_bias_dow_trend_down_ll_lh|structure_break_recent_confirmed_swing_break_failed|primary_break_recent_confirmed_swing_break_retest,none,above_75sma_flat_or_falling,above_75sma_rising,below_75sma_flat_or_rising,-1,0.00000000,0,201.04000000,false,off,NONE,NONE,0.00000000,0.00000000,0.0000,none,0.000,true,SHORT,return_low_break_or_bos_down,200.87400000,8,201.36600000,200.63400000,false,off,independent,false,,,false,0.0000,none,0.0000,0.0000,none,0.0000,0.0000,0.0000,none,0.0000,0,0,0.0000,none,none,none,none,0.0000,0,0.0000,none,false,true,not_evaluated,true,required_light_or_anchor_flip,long_bias,200.63400000,2025.11.06 14:00:00,201.20100000,2025.11.06 14:00:00,2025.11.06 14:45:00,false,NONE,0.00000000,0.00000000,0.0000,-1,false,,-1,NONE,0.00000000,0.00000000,0.0000,0.0000,none,,none,false,NONE,-1,-1,-1,false,false,none,false,true,false,true,none,true,required,false,PERIOD_M5,,,-1,0.0000,false,0.00000000,0.0000,false,0.0000,false,none,none,false,no_anchor_flip_in_entry_direction,true,required_first_signal_only,SHORT,unknown,0.00000000,,0.00000000,,false,,-1,false,NONE,0.00000000,,0.00000000,0.0000,0.0000,none,-1,false,false,false,no_anchor_flip_in_entry_direction,,,,false,false,false,-1,-1,-1,-1,-1,false,false,false,0.0000,range_n,true,201.27100000,200.63400000,3.2524,false,0.0000,0.0000,0,none,true,0.5068,preferred_382_618,0.200,diagnostic_only,diagnostic_only,diagnostic_only,fib_pullback,24,0.400,true,none,0.550,high_quality,false,false,diagnostic_only,both,true,none,true,diagnostic_adjacent_detected,required_light,false,false,LONG,7,false,false,2,2025.11.06 14:05:00,2025.11.06 15:45:00,6,6.6330,0.00000000,201.04000000,201.04000000,true,true,m5_hl_close_break_down,201.04000000,true,0.1269,0.7430,true,1,0.9152,true,2,201.04000000,0.9424,off,false,not_evaluated,none,0.9895,0.0105,strong,false,true,true,0.9152,failed_1bar,true,favorable_side,0.0128,false,clean_retest,2.9540,5.7722,0.5118,0.8608,false,mild_exhaustion,0.0000,none,none,false,false,none,0.0000,0.0000,0.0000,0.0000,none,false,false,0.0000,0.0000,false,false,-1,none,none,false,0.000,0.000,201.04000000,200.98800000,200.76200000,top_context_confirmed_swing_low,0.24300000,0.9492,session_low|opening_range_low|neckline_level,200.98800000,0.1540,false,true,false,false,not_blocked,1,1,0,m5_failure_exit,off,none,0.00000000,0.0000,1.30,200.67200000,4.200,0.000,0.200,PERIOD_M15,201.19200000,200.63400000,0.6649,deep_618_786,0.000,true,201.00500000,201.26100000,0.25600000,200.67200000,1.301,0.11035714,38.00,0-30,true,false,none,blocked_spread_too_high,4.800,4.800,none,0.0000,false,neckline_retest_failed,false,not_invalidated,spread_too_high
2025.11.10 16:15:00,signal,session_reversal_pullback_one_symbol_first120,GBPUSD,SHORT,2025.11.10 16:10:00,16,13,22,london_newyork_overlap,2025.11.10 13:00,10,first_120min,true,true,3,GBPUSD,highest_score_in_session_bar,london_newyork_overlap=USDJPY|EURJPY|GBPJPY|AUDJPY|EURUSD|GBPUSD,existing_first120_gate,london_newyork_overlap,false,false,true,passed_first_window,head_and_shoulders,neckline_break_retest,1.31735000,PERIOD_M5,PERIOD_H1,PERIOD_M15,PERIOD_M5,PERIOD_M5,false,htf_soft_alignment,current_post_filter,transcript_post_filter,dow_trend_up_hh_hl,structure_trend_bias_dow_trend_up_hh_hl,dow_trend_up_hh_hl,structure_trend_bias_dow_trend_up_hh_hl,false,false,true,SHORT,PERIOD_M5,head_and_shoulders,head_and_shoulders,4.500,none,0.000,head_and_shoulders,4.500,none,0.000,SHORT,false,PERIOD_H1_LONG_dow_trend_up_hh_hl|PERIOD_M15_LONG_structure_trend_bias_dow_trend_up_hh_hl,true,h1_counter_m15_reversal,true,top_LONG_dow_trend_up_hh_hl|structure_LONG_structure_trend_bias_dow_trend_up_hh_hl|structure_break_recent_confirmed_swing_break_failed|primary_break_recent_confirmed_swing_break_continuation,none,above_75sma_rising,above_75sma_rising,below_75sma_flat_or_rising,-1,0.00000000,0,1.31772000,false,off,NONE,NONE,0.00000000,0.00000000,0.0000,none,0.000,true,SHORT,return_low_break_or_bos_down,1.31558000,12,1.31902000,1.31509000,false,off,independent,false,,,false,0.0000,none,0.0000,0.0000,none,0.0000,0.0000,0.0000,none,0.0000,0,0,0.0000,none,none,none,none,0.0000,0,0.0000,none,false,true,not_evaluated,true,required_light_or_anchor_flip,bias_flip_down,1.31772000,2025.11.10 14:45:00,1.31784000,2025.11.10 11:30:00,2025.11.10 15:15:00,true,SHORT,1.31772000,1.31729000,0.5488,2,true,2025.11.10 15:30:00,2,SHORT,1.31772000,1.31729000,0.5488,1.2252,strong,2025.11.10 16:00:00,first_after_anchor,true,SHORT,2,0,2,true,false,fresh_0_4,true,false,false,true,none,true,required,true,PERIOD_M5,2025.11.10 15:35:00,2025.11.10 15:35:00,8,0.7057,true,1.31772000,0.7057,false,0.0000,true,m5_bos_down_after_anchor_retest,retest_reconfirm,true,none,true,required_first_signal_only,SHORT,unknown,0.00000000,,0.00000000,,false,,-1,false,NONE,0.00000000,,0.00000000,0.0000,0.0000,none,-1,false,false,false,insufficient_confirmed_m5_pivots,GBPUSD|SHORT|1762788600|1.31772,,,false,false,false,-1,-1,-1,-1,-1,false,false,false,0.0000,rising_n,false,1.31902000,1.31509000,5.0155,true,1.2252,0.2500,2,strong,true,0.4300,preferred_382_618,0.200,diagnostic_only,diagnostic_only,diagnostic_only,deep_pullback,24,0.400,true,none,0.550,high_quality,false,false,diagnostic_only,both,true,none,true,diagnostic_adjacent_detected,required_light,false,false,LONG,3,false,false,0,,,-1,0.0000,0.00000000,0.00000000,0.00000000,false,false,none,0.00000000,false,0.0000,0.0000,false,1,0.0000,false,-1,0.00000000,0.0000,off,false,not_evaluated,none,0.0000,0.0000,none,false,false,false,0.0000,none,false,none,0.0000,false,none,0.0000,0.0000,0.0000,0.0000,false,none,0.0000,none,none,false,false,none,0.0000,0.0000,0.0000,0.0000,none,false,false,0.0000,0.0000,false,false,-1,none,none,false,0.000,0.000,1.31686000,1.31668000,1.31509000,structure_confirmed_swing_low,0.00169000,1.2803,session_low|opening_range_low|neckline_level,1.31668000,0.2276,false,true,false,false,not_blocked,1,1,0,m5_failure_exit,off,none,0.00000000,0.0000,1.30,1.31507000,4.500,0.150,0.200,PERIOD_M15,1.31838000,1.31509000,0.5137,preferred_382_618,0.000,true,1.31678000,1.31810000,0.00132000,1.31507000,1.295,0.00043929,20.00,0-30,true,false,none,not_consumed,5.250,5.250,none,0.0000,false,neckline_retest_failed,false,not_invalidated,spread_too_high
2025.11.10 16:15:00,blocked,session_reversal_pullback_one_symbol_first120,GBPUSD,SHORT,2025.11.10 16:10:00,16,13,22,london_newyork_overlap,2025.11.10 13:00,10,first_120min,true,true,3,GBPUSD,highest_score_in_session_bar,london_newyork_overlap=USDJPY|EURJPY|GBPJPY|AUDJPY|EURUSD|GBPUSD,existing_first120_gate,london_newyork_overlap,false,false,true,passed_first_window,head_and_shoulders,neckline_break_retest,1.31735000,PERIOD_M5,PERIOD_H1,PERIOD_M15,PERIOD_M5,PERIOD_M5,false,htf_soft_alignment,current_post_filter,transcript_post_filter,dow_trend_up_hh_hl,structure_trend_bias_dow_trend_up_hh_hl,dow_trend_up_hh_hl,structure_trend_bias_dow_trend_up_hh_hl,false,false,true,SHORT,PERIOD_M5,head_and_shoulders,head_and_shoulders,4.500,none,0.000,head_and_shoulders,4.500,none,0.000,SHORT,false,PERIOD_H1_LONG_dow_trend_up_hh_hl|PERIOD_M15_LONG_structure_trend_bias_dow_trend_up_hh_hl,true,h1_counter_m15_reversal,true,top_LONG_dow_trend_up_hh_hl|structure_LONG_structure_trend_bias_dow_trend_up_hh_hl|structure_break_recent_confirmed_swing_break_failed|primary_break_recent_confirmed_swing_break_continuation,none,above_75sma_rising,above_75sma_rising,below_75sma_flat_or_rising,-1,0.00000000,0,1.31772000,false,off,NONE,NONE,0.00000000,0.00000000,0.0000,none,0.000,true,SHORT,return_low_break_or_bos_down,1.31558000,12,1.31902000,1.31509000,false,off,independent,false,,,false,0.0000,none,0.0000,0.0000,none,0.0000,0.0000,0.0000,none,0.0000,0,0,0.0000,none,none,none,none,0.0000,0,0.0000,none,false,true,not_evaluated,true,required_light_or_anchor_flip,bias_flip_down,1.31772000,2025.11.10 14:45:00,1.31784000,2025.11.10 11:30:00,2025.11.10 15:15:00,true,SHORT,1.31772000,1.31729000,0.5488,2,true,2025.11.10 15:30:00,2,SHORT,1.31772000,1.31729000,0.5488,1.2252,strong,2025.11.10 16:00:00,first_after_anchor,true,SHORT,2,0,2,true,false,fresh_0_4,true,false,false,true,none,true,required,true,PERIOD_M5,2025.11.10 15:35:00,2025.11.10 15:35:00,8,0.7057,true,1.31772000,0.7057,false,0.0000,true,m5_bos_down_after_anchor_retest,retest_reconfirm,true,none,true,required_first_signal_only,SHORT,unknown,0.00000000,,0.00000000,,false,,-1,false,NONE,0.00000000,,0.00000000,0.0000,0.0000,none,-1,false,false,false,insufficient_confirmed_m5_pivots,GBPUSD|SHORT|1762788600|1.31772,,,false,false,false,-1,-1,-1,-1,-1,false,false,false,0.0000,rising_n,false,1.31902000,1.31509000,5.0155,true,1.2252,0.2500,2,strong,true,0.4300,preferred_382_618,0.200,diagnostic_only,diagnostic_only,diagnostic_only,deep_pullback,24,0.400,true,none,0.550,high_quality,false,false,diagnostic_only,both,true,none,true,diagnostic_adjacent_detected,required_light,false,false,LONG,3,false,false,0,,,-1,0.0000,0.00000000,0.00000000,0.00000000,false,false,none,0.00000000,false,0.0000,0.0000,false,1,0.0000,false,-1,0.00000000,0.0000,off,false,not_evaluated,none,0.0000,0.0000,none,false,false,false,0.0000,none,false,none,0.0000,false,none,0.0000,0.0000,0.0000,0.0000,false,none,0.0000,none,none,false,false,none,0.0000,0.0000,0.0000,0.0000,none,false,false,0.0000,0.0000,false,false,-1,none,none,false,0.000,0.000,1.31686000,1.31668000,1.31509000,structure_confirmed_swing_low,0.00169000,1.2803,session_low|opening_range_low|neckline_level,1.31668000,0.2276,false,true,false,false,not_blocked,1,1,0,m5_failure_exit,off,none,0.00000000,0.0000,1.30,1.31507000,4.500,0.150,0.200,PERIOD_M15,1.31838000,1.31509000,0.5137,preferred_382_618,0.000,true,1.31678000,1.31810000,0.00132000,1.31507000,1.295,0.00043929,20.00,0-30,true,false,none,blocked_spread_too_high,5.250,5.250,none,0.0000,false,neckline_retest_failed,false,not_invalidated,spread_too_high
2025.11.10 20:00:00,signal,session_reversal_pullback_one_symbol_first120,EURUSD,LONG,2025.11.10 19:55:00,19,16,1,new_york,2025.11.10 16:00,55,first_120min,true,true,3,EURUSD,highest_score_in_session_bar,new_york=USDJPY|EURJPY|GBPJPY|AUDJPY|EURUSD|GBPUSD,existing_first120_gate,new_york,false,false,true,passed_first_window,inverse_head_and_shoulders,neckline_break_retest,1.15554000,PERIOD_M5,PERIOD_H1,PERIOD_M15,PERIOD_M5,PERIOD_M5,false,htf_soft_alignment,current_post_filter,transcript_post_filter,dow_range_or_transition,no_ordered_dow_wave3_break,dow_range_or_transition,no_ordered_dow_wave3_break,false,true,false,LONG,PERIOD_M5,inverse_head_and_shoulders,inverse_head_and_shoulders,4.500,none,0.000,inverse_head_and_shoulders,4.500,none,0.000,LONG,false,PERIOD_H1_NONE_dow_range_or_transition|PERIOD_M15_NONE_no_ordered_dow_wave3_break,true,h1_counter_m15_reversal,true,top_NONE_dow_range_or_transition|structure_NONE_no_ordered_dow_wave3_break|structure_break_recent_confirmed_swing_break_failed|primary_break_recent_confirmed_swing_break_continuation,none,above_75sma_rising,above_75sma_flat_or_falling,above_75sma_flat_or_falling,-1,0.00000000,0,1.15472000,false,off,NONE,NONE,0.00000000,0.00000000,0.0000,none,0.000,true,LONG,return_high_break_or_bos_up,1.15658000,16,1.15771000,1.15403000,false,off,independent,false,,,false,0.0000,none,0.0000,0.0000,none,0.0000,0.0000,0.0000,none,0.0000,0,0,0.0000,none,none,none,none,0.0000,0,0.0000,none,false,true,not_evaluated,true,required_light_or_anchor_flip,short_bias,1.15629000,2025.11.10 14:45:00,1.15771000,2025.11.10 15:15:00,2025.11.10 19:00:00,false,NONE,0.00000000,0.00000000,0.0000,-1,false,,-1,NONE,0.00000000,0.00000000,0.0000,0.0000,none,,none,false,NONE,-1,-1,-1,false,false,none,false,true,false,true,none,true,required,false,PERIOD_M5,,,-1,0.0000,false,0.00000000,0.0000,false,0.0000,false,none,none,false,no_anchor_flip_in_entry_direction,true,required_first_signal_only,LONG,unknown,0.00000000,,0.00000000,,false,,-1,false,NONE,0.00000000,,0.00000000,0.0000,0.0000,none,-1,false,false,false,no_anchor_flip_in_entry_direction,,,,false,false,false,-1,-1,-1,-1,-1,false,false,false,0.0000,range_n,true,1.15823000,1.15403000,6.0807,false,0.0000,0.0000,0,none,true,0.4212,preferred_382_618,0.200,diagnostic_only,diagnostic_only,diagnostic_only,shallow_pullback,24,0.450,true,none,0.600,high_quality,false,false,diagnostic_only,both,true,none,true,diagnostic_adjacent_detected,required_light,false,false,SHORT,3,false,false,0,,,-1,0.0000,0.00000000,0.00000000,0.00000000,false,false,none,0.00000000,false,0.0000,0.0000,false,1,0.0000,false,-1,0.00000000,0.0000,off,false,not_evaluated,none,0.0000,0.0000,none,false,false,false,0.0000,none,false,none,0.0000,false,none,0.0000,0.0000,0.0000,0.0000,false,none,0.0000,none,none,false,false,none,0.0000,0.0000,0.0000,0.0000,none,false,false,0.0000,0.0000,false,false,-1,none,none,false,0.000,0.000,1.15771000,1.15604000,0.00000000,none,0.00000000,0.0000,session_high|opening_range_high|neckline_level,1.15604000,0.3733,true,false,false,false,not_blocked,0,0,0,m5_failure_exit,off,none,0.00000000,0.0000,1.30,1.15741000,4.500,0.350,0.200,PERIOD_M15,1.15771000,1.15531000,0.6458,deep_618_786,0.000,true,1.15616000,1.15520000,0.00096000,1.15741000,1.302,0.00032143,18.00,30-60,true,false,none,not_consumed,5.450,5.450,none,0.0000,false,opposite_break_first,true,opposite_break_first,spread_too_high
2025.11.10 20:00:00,blocked,session_reversal_pullback_one_symbol_first120,EURUSD,LONG,2025.11.10 19:55:00,19,16,1,new_york,2025.11.10 16:00,55,first_120min,true,true,3,EURUSD,highest_score_in_session_bar,new_york=USDJPY|EURJPY|GBPJPY|AUDJPY|EURUSD|GBPUSD,existing_first120_gate,new_york,false,false,true,passed_first_window,inverse_head_and_shoulders,neckline_break_retest,1.15554000,PERIOD_M5,PERIOD_H1,PERIOD_M15,PERIOD_M5,PERIOD_M5,false,htf_soft_alignment,current_post_filter,transcript_post_filter,dow_range_or_transition,no_ordered_dow_wave3_break,dow_range_or_transition,no_ordered_dow_wave3_break,false,true,false,LONG,PERIOD_M5,inverse_head_and_shoulders,inverse_head_and_shoulders,4.500,none,0.000,inverse_head_and_shoulders,4.500,none,0.000,LONG,false,PERIOD_H1_NONE_dow_range_or_transition|PERIOD_M15_NONE_no_ordered_dow_wave3_break,true,h1_counter_m15_reversal,true,top_NONE_dow_range_or_transition|structure_NONE_no_ordered_dow_wave3_break|structure_break_recent_confirmed_swing_break_failed|primary_break_recent_confirmed_swing_break_continuation,none,above_75sma_rising,above_75sma_flat_or_falling,above_75sma_flat_or_falling,-1,0.00000000,0,1.15472000,false,off,NONE,NONE,0.00000000,0.00000000,0.0000,none,0.000,true,LONG,return_high_break_or_bos_up,1.15658000,16,1.15771000,1.15403000,false,off,independent,false,,,false,0.0000,none,0.0000,0.0000,none,0.0000,0.0000,0.0000,none,0.0000,0,0,0.0000,none,none,none,none,0.0000,0,0.0000,none,false,true,not_evaluated,true,required_light_or_anchor_flip,short_bias,1.15629000,2025.11.10 14:45:00,1.15771000,2025.11.10 15:15:00,2025.11.10 19:00:00,false,NONE,0.00000000,0.00000000,0.0000,-1,false,,-1,NONE,0.00000000,0.00000000,0.0000,0.0000,none,,none,false,NONE,-1,-1,-1,false,false,none,false,true,false,true,none,true,required,false,PERIOD_M5,,,-1,0.0000,false,0.00000000,0.0000,false,0.0000,false,none,none,false,no_anchor_flip_in_entry_direction,true,required_first_signal_only,LONG,unknown,0.00000000,,0.00000000,,false,,-1,false,NONE,0.00000000,,0.00000000,0.0000,0.0000,none,-1,false,false,false,no_anchor_flip_in_entry_direction,,,,false,false,false,-1,-1,-1,-1,-1,false,false,false,0.0000,range_n,true,1.15823000,1.15403000,6.0807,false,0.0000,0.0000,0,none,true,0.4212,preferred_382_618,0.200,diagnostic_only,diagnostic_only,diagnostic_only,shallow_pullback,24,0.450,true,none,0.600,high_quality,false,false,diagnostic_only,both,true,none,true,diagnostic_adjacent_detected,required_light,false,false,SHORT,3,false,false,0,,,-1,0.0000,0.00000000,0.00000000,0.00000000,false,false,none,0.00000000,false,0.0000,0.0000,false,1,0.0000,false,-1,0.00000000,0.0000,off,false,not_evaluated,none,0.0000,0.0000,none,false,false,false,0.0000,none,false,none,0.0000,false,none,0.0000,0.0000,0.0000,0.0000,false,none,0.0000,none,none,false,false,none,0.0000,0.0000,0.0000,0.0000,none,false,false,0.0000,0.0000,false,false,-1,none,none,false,0.000,0.000,1.15771000,1.15604000,0.00000000,none,0.00000000,0.0000,session_high|opening_range_high|neckline_level,1.15604000,0.3733,true,false,false,false,not_blocked,0,0,0,m5_failure_exit,off,none,0.00000000,0.0000,1.30,1.15741000,4.500,0.350,0.200,PERIOD_M15,1.15771000,1.15531000,0.6458,deep_618_786,0.000,true,1.15616000,1.15520000,0.00096000,1.15741000,1.302,0.00032143,18.00,30-60,true,false,none,blocked_spread_too_high,5.450,5.450,none,0.0000,false,opposite_break_first,true,opposite_break_first,spread_too_high
2025.11.11 19:15:00,signal,session_reversal_pullback_one_symbol_first120,USDJPY,LONG,2025.11.11 19:10:00,19,16,1,new_york,2025.11.11 16:00,10,first_120min,true,true,3,USDJPY,highest_score_in_session_bar,new_york=USDJPY|EURJPY|GBPJPY|AUDJPY|EURUSD|GBPUSD,existing_first120_gate,new_york,false,false,true,passed_first_window,inverse_head_and_shoulders,neckline_break_retest,154.01100000,PERIOD_M5,PERIOD_H1,PERIOD_M15,PERIOD_M5,PERIOD_M5,false,htf_soft_alignment,current_post_filter,transcript_post_filter,dow_range_or_transition,no_ordered_dow_wave3_break,dow_range_or_transition,no_ordered_dow_wave3_break,false,true,false,LONG,PERIOD_M5,inverse_head_and_shoulders,inverse_head_and_shoulders,4.500,none,0.000,inverse_head_and_shoulders,4.500,none,0.000,LONG,false,PERIOD_H1_NONE_dow_range_or_transition|PERIOD_M15_NONE_no_ordered_dow_wave3_break,true,h1_counter_m15_reversal,true,top_NONE_dow_range_or_transition|structure_NONE_no_ordered_dow_wave3_break|structure_break_recent_confirmed_swing_break_failed|primary_break_recent_confirmed_swing_break_retest,none,above_75sma_rising,below_75sma_falling,above_75sma_flat_or_falling,-1,0.00000000,0,154.01800000,false,off,NONE,NONE,0.00000000,0.00000000,0.0000,none,0.000,true,LONG,return_high_break_or_bos_up,154.15900000,17,154.12700000,153.91500000,false,off,independent,false,,,false,0.0000,none,0.0000,0.0000,none,0.0000,0.0000,0.0000,none,0.0000,0,0,0.0000,none,none,none,none,0.0000,0,0.0000,none,false,true,not_evaluated,true,required_light_or_anchor_flip,short_bias,154.14600000,2025.11.11 09:30:00,154.26100000,2025.11.11 14:00:00,2025.11.11 15:30:00,false,NONE,0.00000000,0.00000000,0.0000,-1,false,,-1,NONE,0.00000000,0.00000000,0.0000,0.0000,none,,none,false,NONE,-1,-1,-1,false,false,none,false,true,false,true,none,true,required,false,PERIOD_M5,,,-1,0.0000,false,0.00000000,0.0000,false,0.0000,false,none,none,false,no_anchor_flip_in_entry_direction,true,required_first_signal_only,LONG,unknown,0.00000000,,0.00000000,,false,,-1,false,NONE,0.00000000,,0.00000000,0.0000,0.0000,none,-1,false,false,false,no_anchor_flip_in_entry_direction,,,,false,false,false,-1,-1,-1,-1,-1,false,false,false,0.0000,range_n,true,154.26100000,153.66000000,6.1596,false,0.0000,0.0000,0,none,true,0.3478,shallow_236_382,0.080,diagnostic_only,diagnostic_only,diagnostic_only,fib_pullback,5,0.320,true,none,0.470,high_quality,false,false,diagnostic_only,both,true,none,true,diagnostic_adjacent_detected,required_light,false,false,SHORT,6,false,false,1,2025.11.11 17:10:00,2025.11.11 18:35:00,7,5.3285,154.01800000,0.00000000,154.01800000,true,true,m5_lh_close_break_up,154.01800000,true,0.6535,1.1059,true,1,0.0000,true,1,154.01800000,0.1508,off,false,not_evaluated,none,0.7931,0.2069,very_strong,true,false,false,0.0000,held_clean,true,favorable_side,0.4000,false,clean_retest,1.9856,5.3285,0.3726,0.0000,true,strong_exhaustion,0.0000,none,none,false,false,none,0.0000,0.0000,0.0000,0.0000,none,false,false,0.0000,0.0000,false,false,-1,none,none,false,0.000,0.000,154.05600000,154.01800000,154.08200000,top_context_confirmed_swing_low,0.03000000,0.2970,session_high|opening_range_high|neckline_level,154.05600000,0.1005,false,true,false,false,not_blocked,3,3,0,m5_failure_exit,off,none,0.00000000,0.0000,1.30,154.18400000,4.500,-0.300,0.200,PERIOD_M15,154.12700000,153.91500000,0.3538,outside,0.000,true,154.05200000,153.95100000,0.10100000,154.18400000,1.307,0.03978571,18.00,0-30,true,false,none,not_consumed,4.800,4.800,none,0.0000,false,neckline_retest_failed,false,not_invalidated,spread_too_high
2025.11.11 19:15:00,blocked,session_reversal_pullback_one_symbol_first120,USDJPY,LONG,2025.11.11 19:10:00,19,16,1,new_york,2025.11.11 16:00,10,first_120min,true,true,3,USDJPY,highest_score_in_session_bar,new_york=USDJPY|EURJPY|GBPJPY|AUDJPY|EURUSD|GBPUSD,existing_first120_gate,new_york,false,false,true,passed_first_window,inverse_head_and_shoulders,neckline_break_retest,154.01100000,PERIOD_M5,PERIOD_H1,PERIOD_M15,PERIOD_M5,PERIOD_M5,false,htf_soft_alignment,current_post_filter,transcript_post_filter,dow_range_or_transition,no_ordered_dow_wave3_break,dow_range_or_transition,no_ordered_dow_wave3_break,false,true,false,LONG,PERIOD_M5,inverse_head_and_shoulders,inverse_head_and_shoulders,4.500,none,0.000,inverse_head_and_shoulders,4.500,none,0.000,LONG,false,PERIOD_H1_NONE_dow_range_or_transition|PERIOD_M15_NONE_no_ordered_dow_wave3_break,true,h1_counter_m15_reversal,true,top_NONE_dow_range_or_transition|structure_NONE_no_ordered_dow_wave3_break|structure_break_recent_confirmed_swing_break_failed|primary_break_recent_confirmed_swing_break_retest,none,above_75sma_rising,below_75sma_falling,above_75sma_flat_or_falling,-1,0.00000000,0,154.01800000,false,off,NONE,NONE,0.00000000,0.00000000,0.0000,none,0.000,true,LONG,return_high_break_or_bos_up,154.15900000,17,154.12700000,153.91500000,false,off,independent,false,,,false,0.0000,none,0.0000,0.0000,none,0.0000,0.0000,0.0000,none,0.0000,0,0,0.0000,none,none,none,none,0.0000,0,0.0000,none,false,true,not_evaluated,true,required_light_or_anchor_flip,short_bias,154.14600000,2025.11.11 09:30:00,154.26100000,2025.11.11 14:00:00,2025.11.11 15:30:00,false,NONE,0.00000000,0.00000000,0.0000,-1,false,,-1,NONE,0.00000000,0.00000000,0.0000,0.0000,none,,none,false,NONE,-1,-1,-1,false,false,none,false,true,false,true,none,true,required,false,PERIOD_M5,,,-1,0.0000,false,0.00000000,0.0000,false,0.0000,false,none,none,false,no_anchor_flip_in_entry_direction,true,required_first_signal_only,LONG,unknown,0.00000000,,0.00000000,,false,,-1,false,NONE,0.00000000,,0.00000000,0.0000,0.0000,none,-1,false,false,false,no_anchor_flip_in_entry_direction,,,,false,false,false,-1,-1,-1,-1,-1,false,false,false,0.0000,range_n,true,154.26100000,153.66000000,6.1596,false,0.0000,0.0000,0,none,true,0.3478,shallow_236_382,0.080,diagnostic_only,diagnostic_only,diagnostic_only,fib_pullback,5,0.320,true,none,0.470,high_quality,false,false,diagnostic_only,both,true,none,true,diagnostic_adjacent_detected,required_light,false,false,SHORT,6,false,false,1,2025.11.11 17:10:00,2025.11.11 18:35:00,7,5.3285,154.01800000,0.00000000,154.01800000,true,true,m5_lh_close_break_up,154.01800000,true,0.6535,1.1059,true,1,0.0000,true,1,154.01800000,0.1508,off,false,not_evaluated,none,0.7931,0.2069,very_strong,true,false,false,0.0000,held_clean,true,favorable_side,0.4000,false,clean_retest,1.9856,5.3285,0.3726,0.0000,true,strong_exhaustion,0.0000,none,none,false,false,none,0.0000,0.0000,0.0000,0.0000,none,false,false,0.0000,0.0000,false,false,-1,none,none,false,0.000,0.000,154.05600000,154.01800000,154.08200000,top_context_confirmed_swing_low,0.03000000,0.2970,session_high|opening_range_high|neckline_level,154.05600000,0.1005,false,true,false,false,not_blocked,3,3,0,m5_failure_exit,off,none,0.00000000,0.0000,1.30,154.18400000,4.500,-0.300,0.200,PERIOD_M15,154.12700000,153.91500000,0.3538,outside,0.000,true,154.05200000,153.95100000,0.10100000,154.18400000,1.307,0.03978571,18.00,0-30,true,false,none,blocked_spread_too_high,4.800,4.800,none,0.0000,false,neckline_retest_failed,false,not_invalidated,spread_too_high
2025.11.12 10:05:00,signal,session_reversal_pullback_one_symbol_first120,EURUSD,SHORT,2025.11.12 10:00:00,10,7,16,london,2025.11.12 07:00,0,first_120min,true,true,3,EURUSD,highest_score_in_session_bar,london=USDJPY|EURJPY|GBPJPY|AUDJPY|EURUSD|GBPUSD,existing_first120_gate,london,false,false,true,passed_first_window,head_and_shoulders,neckline_break_retest,1.15833000,PERIOD_M5,PERIOD_H1,PERIOD_M15,PERIOD_M5,PERIOD_M5,false,htf_soft_alignment,current_post_filter,transcript_post_filter,dow_range_or_transition,structure_trend_bias_dow_trend_down_ll_lh,dow_range_or_transition,structure_trend_bias_dow_trend_down_ll_lh,false,true,true,SHORT,PERIOD_M5,head_and_shoulders,head_and_shoulders,4.500,none,0.000,head_and_shoulders,4.500,none,0.000,SHORT,false,PERIOD_H1_NONE_dow_range_or_transition|PERIOD_M15_SHORT_structure_trend_bias_dow_trend_down_ll_lh,true,h1_counter_m15_reversal,true,top_NONE_dow_range_or_transition|structure_SHORT_structure_trend_bias_dow_trend_down_ll_lh|structure_break_recent_confirmed_swing_break_failed|primary_break_recent_confirmed_swing_break_retest,none,above_75sma_rising,below_75sma_flat_or_rising,above_75sma_rising,-1,0.00000000,0,1.15814000,false,off,NONE,NONE,0.00000000,0.00000000,0.0000,none,0.000,true,SHORT,return_low_break_or_bos_down,1.15737000,12,1.15876000,1.15693000,false,off,independent,false,,,false,0.0000,none,0.0000,0.0000,none,0.0000,0.0000,0.0000,none,0.0000,0,0,0.0000,none,none,none,none,0.0000,0,0.0000,none,false,true,not_evaluated,true,required_light_or_anchor_flip,bias_flip_up,1.15678000,2025.11.11 14:45:00,1.15806000,2025.11.12 05:15:00,2025.11.12 06:45:00,true,LONG,1.15806000,1.15814000,0.2007,4,true,2025.11.12 08:45:00,4,LONG,1.15806000,1.15814000,0.2007,0.7025,strong,2025.11.12 09:45:00,first_after_anchor,true,LONG,4,0,4,true,false,fresh_0_4,false,true,false,true,none,true,required,false,PERIOD_M5,,,-1,0.0000,false,0.00000000,0.0000,false,0.0000,false,none,none,false,no_anchor_flip_in_entry_direction,true,required_first_signal_only,SHORT,unknown,0.00000000,,0.00000000,,false,,-1,false,NONE,0.00000000,,0.00000000,0.0000,0.0000,none,-1,false,false,false,no_anchor_flip_in_entry_direction,,,,false,false,false,-1,-1,-1,-1,-1,false,false,false,0.0000,falling_n,false,1.16024000,1.15693000,8.3047,true,0.7025,0.7200,4,strong,true,0.6011,preferred_382_618,0.200,diagnostic_only,diagnostic_only,diagnostic_only,fib_pullback,24,0.450,true,none,0.600,high_quality,false,false,diagnostic_only,both,true,none,true,diagnostic_adjacent_detected,required_light,false,false,LONG,3,false,false,0,,,-1,0.0000,0.00000000,0.00000000,0.00000000,false,false,none,0.00000000,false,0.0000,0.0000,false,1,0.0000,false,-1,0.00000000,0.0000,off,false,not_evaluated,none,0.0000,0.0000,none,false,false,false,0.0000,none,false,none,0.0000,false,none,0.0000,0.0000,0.0000,0.0000,false,none,0.0000,none,none,false,false,none,0.0000,0.0000,0.0000,0.0000,none,false,false,0.0000,0.0000,false,false,-1,none,none,false,0.000,0.000,1.15805000,1.15796958,1.15796958,recent_equal_lows,0.00006042,0.0775,neckline_level,1.15833000,0.9953,false,true,true,false,not_blocked,4,2,2,m5_failure_exit,off,none,0.00000000,0.0000,1.30,1.15701000,4.500,-0.300,0.200,PERIOD_M15,1.15806000,1.15693000,0.9735,outside,0.000,true,1.15803000,1.15881000,0.00078000,1.15701000,1.308,0.00030143,18.00,0-30,true,false,none,not_consumed,4.800,4.800,none,0.0000,false,neckline_retest_failed,false,not_invalidated,spread_too_high
2025.11.12 10:05:00,blocked,session_reversal_pullback_one_symbol_first120,EURUSD,SHORT,2025.11.12 10:00:00,10,7,16,london,2025.11.12 07:00,0,first_120min,true,true,3,EURUSD,highest_score_in_session_bar,london=USDJPY|EURJPY|GBPJPY|AUDJPY|EURUSD|GBPUSD,existing_first120_gate,london,false,false,true,passed_first_window,head_and_shoulders,neckline_break_retest,1.15833000,PERIOD_M5,PERIOD_H1,PERIOD_M15,PERIOD_M5,PERIOD_M5,false,htf_soft_alignment,current_post_filter,transcript_post_filter,dow_range_or_transition,structure_trend_bias_dow_trend_down_ll_lh,dow_range_or_transition,structure_trend_bias_dow_trend_down_ll_lh,false,true,true,SHORT,PERIOD_M5,head_and_shoulders,head_and_shoulders,4.500,none,0.000,head_and_shoulders,4.500,none,0.000,SHORT,false,PERIOD_H1_NONE_dow_range_or_transition|PERIOD_M15_SHORT_structure_trend_bias_dow_trend_down_ll_lh,true,h1_counter_m15_reversal,true,top_NONE_dow_range_or_transition|structure_SHORT_structure_trend_bias_dow_trend_down_ll_lh|structure_break_recent_confirmed_swing_break_failed|primary_break_recent_confirmed_swing_break_retest,none,above_75sma_rising,below_75sma_flat_or_rising,above_75sma_rising,-1,0.00000000,0,1.15814000,false,off,NONE,NONE,0.00000000,0.00000000,0.0000,none,0.000,true,SHORT,return_low_break_or_bos_down,1.15737000,12,1.15876000,1.15693000,false,off,independent,false,,,false,0.0000,none,0.0000,0.0000,none,0.0000,0.0000,0.0000,none,0.0000,0,0,0.0000,none,none,none,none,0.0000,0,0.0000,none,false,true,not_evaluated,true,required_light_or_anchor_flip,bias_flip_up,1.15678000,2025.11.11 14:45:00,1.15806000,2025.11.12 05:15:00,2025.11.12 06:45:00,true,LONG,1.15806000,1.15814000,0.2007,4,true,2025.11.12 08:45:00,4,LONG,1.15806000,1.15814000,0.2007,0.7025,strong,2025.11.12 09:45:00,first_after_anchor,true,LONG,4,0,4,true,false,fresh_0_4,false,true,false,true,none,true,required,false,PERIOD_M5,,,-1,0.0000,false,0.00000000,0.0000,false,0.0000,false,none,none,false,no_anchor_flip_in_entry_direction,true,required_first_signal_only,SHORT,unknown,0.00000000,,0.00000000,,false,,-1,false,NONE,0.00000000,,0.00000000,0.0000,0.0000,none,-1,false,false,false,no_anchor_flip_in_entry_direction,,,,false,false,false,-1,-1,-1,-1,-1,false,false,false,0.0000,falling_n,false,1.16024000,1.15693000,8.3047,true,0.7025,0.7200,4,strong,true,0.6011,preferred_382_618,0.200,diagnostic_only,diagnostic_only,diagnostic_only,fib_pullback,24,0.450,true,none,0.600,high_quality,false,false,diagnostic_only,both,true,none,true,diagnostic_adjacent_detected,required_light,false,false,LONG,3,false,false,0,,,-1,0.0000,0.00000000,0.00000000,0.00000000,false,false,none,0.00000000,false,0.0000,0.0000,false,1,0.0000,false,-1,0.00000000,0.0000,off,false,not_evaluated,none,0.0000,0.0000,none,false,false,false,0.0000,none,false,none,0.0000,false,none,0.0000,0.0000,0.0000,0.0000,false,none,0.0000,none,none,false,false,none,0.0000,0.0000,0.0000,0.0000,none,false,false,0.0000,0.0000,false,false,-1,none,none,false,0.000,0.000,1.15805000,1.15796958,1.15796958,recent_equal_lows,0.00006042,0.0775,neckline_level,1.15833000,0.9953,false,true,true,false,not_blocked,4,2,2,m5_failure_exit,off,none,0.00000000,0.0000,1.30,1.15701000,4.500,-0.300,0.200,PERIOD_M15,1.15806000,1.15693000,0.9735,outside,0.000,true,1.15803000,1.15881000,0.00078000,1.15701000,1.308,0.00030143,18.00,0-30,true,false,none,blocked_spread_too_high,4.800,4.800,none,0.0000,false,neckline_retest_failed,false,not_invalidated,spread_too_high
2025.11.12 16:45:00,signal,session_reversal_pullback_one_symbol_first120,EURUSD,SHORT,2025.11.12 16:40:00,16,13,22,london_newyork_overlap,2025.11.12 13:00,40,first_120min,true,true,3,EURUSD,highest_score_in_session_bar,london_newyork_overlap=USDJPY|EURJPY|GBPJPY|AUDJPY|EURUSD|GBPUSD,existing_first120_gate,london_newyork_overlap,true,false,true,passed_first_window,double_top,neckline_break_retest,1.15723000,PERIOD_M5,PERIOD_H1,PERIOD_M15,PERIOD_M5,PERIOD_M5,false,htf_soft_alignment,current_post_filter,transcript_post_filter,dow_range_or_transition,structure_trend_bias_dow_trend_down_ll_lh,dow_range_or_transition,structure_trend_bias_dow_trend_down_ll_lh,false,false,true,SHORT,PERIOD_M5,double_top,double_top,4.200,none,0.000,double_top,4.200,none,0.000,SHORT,false,PERIOD_H1_NONE_dow_range_or_transition|PERIOD_M15_SHORT_structure_trend_bias_dow_trend_down_ll_lh,true,h1_counter_m15_reversal,true,top_NONE_dow_range_or_transition|structure_SHORT_structure_trend_bias_dow_trend_down_ll_lh|structure_break_recent_confirmed_swing_break_failed|primary_break_recent_confirmed_swing_break_failed,none,above_75sma_rising,below_75sma_falling,below_75sma_falling,-1,0.00000000,-1,0.00000000,false,off,NONE,NONE,0.00000000,0.00000000,0.0000,none,0.000,true,SHORT,return_low_break_or_bos_down,1.15644000,1,1.15794000,1.15644000,false,off,independent,false,,,false,0.0000,none,0.0000,0.0000,none,0.0000,0.0000,0.0000,none,0.0000,0,0,0.0000,none,none,none,none,0.0000,0,0.0000,none,false,true,not_evaluated,true,required_light_or_anchor_flip,short_bias,1.15693000,2025.11.12 06:45:00,1.15870000,2025.11.12 10:30:00,2025.11.12 12:30:00,false,NONE,0.00000000,0.00000000,0.0000,-1,false,,-1,NONE,0.00000000,0.00000000,0.0000,0.0000,none,,none,false,NONE,-1,-1,-1,false,false,none,true,false,false,true,none,true,required,false,PERIOD_M5,,,-1,0.0000,false,0.00000000,0.0000,false,0.0000,false,none,none,false,no_anchor_flip_in_entry_direction,true,required_first_signal_only,SHORT,unknown,0.00000000,,0.00000000,,false,,-1,false,NONE,0.00000000,,0.00000000,0.0000,0.0000,none,-1,false,false,false,no_anchor_flip_in_entry_direction,,,,false,false,false,-1,-1,-1,-1,-1,false,false,false,0.0000,falling_n,false,1.15876000,1.15644000,3.8759,false,0.0000,0.0000,0,none,true,0.3871,preferred_382_618,0.200,diagnostic_only,diagnostic_only,diagnostic_only,shallow_pullback,9,0.440,true,none,0.590,high_quality,false,false,diagnostic_only,both,true,none,true,diagnostic_adjacent_detected,required_light,false,false,LONG,4,false,false,0,2025.11.12 14:55:00,2025.11.12 16:00:00,8,3.6357,0.00000000,1.15656000,1.15656000,true,true,m5_hl_close_break_down,1.15656000,true,0.4341,1.0310,true,1,1.6822,false,6,1.15656000,0.1357,off,false,not_evaluated,none,0.3900,0.0900,normal,false,false,false,1.6822,held_no_close_back,true,favorable_side,0.1900,false,clean_retest,2.3605,2.2248,1.0610,0.0000,true,strong_exhaustion,0.0000,none,none,false,false,none,0.0000,0.0000,0.0000,0.0000,none,false,false,0.0000,0.0000,false,false,-1,none,none,false,0.000,0.000,1.15723000,1.15695500,1.15695500,recent_equal_highs,0.00022500,0.4687,neckline_level,1.15723000,0.1357,false,true,true,false,not_blocked,5,1,4,m5_failure_exit,off,none,0.00000000,0.0000,1.30,1.15656000,4.200,-0.300,0.200,PERIOD_M15,1.15794000,1.15644000,0.4933,preferred_382_618,0.000,true,1.15718000,1.15766000,0.00048000,1.15656000,1.292,0.00036857,18.00,30-60,true,false,none,not_consumed,4.300,4.300,none,0.0000,false,neckline_retest_failed,false,not_invalidated,spread_too_high
2025.11.12 16:45:00,blocked,session_reversal_pullback_one_symbol_first120,EURUSD,SHORT,2025.11.12 16:40:00,16,13,22,london_newyork_overlap,2025.11.12 13:00,40,first_120min,true,true,3,EURUSD,highest_score_in_session_bar,london_newyork_overlap=USDJPY|EURJPY|GBPJPY|AUDJPY|EURUSD|GBPUSD,existing_first120_gate,london_newyork_overlap,true,false,true,passed_first_window,double_top,neckline_break_retest,1.15723000,PERIOD_M5,PERIOD_H1,PERIOD_M15,PERIOD_M5,PERIOD_M5,false,htf_soft_alignment,current_post_filter,transcript_post_filter,dow_range_or_transition,structure_trend_bias_dow_trend_down_ll_lh,dow_range_or_transition,structure_trend_bias_dow_trend_down_ll_lh,false,false,true,SHORT,PERIOD_M5,double_top,double_top,4.200,none,0.000,double_top,4.200,none,0.000,SHORT,false,PERIOD_H1_NONE_dow_range_or_transition|PERIOD_M15_SHORT_structure_trend_bias_dow_trend_down_ll_lh,true,h1_counter_m15_reversal,true,top_NONE_dow_range_or_transition|structure_SHORT_structure_trend_bias_dow_trend_down_ll_lh|structure_break_recent_confirmed_swing_break_failed|primary_break_recent_confirmed_swing_break_failed,none,above_75sma_rising,below_75sma_falling,below_75sma_falling,-1,0.00000000,-1,0.00000000,false,off,NONE,NONE,0.00000000,0.00000000,0.0000,none,0.000,true,SHORT,return_low_break_or_bos_down,1.15644000,1,1.15794000,1.15644000,false,off,independent,false,,,false,0.0000,none,0.0000,0.0000,none,0.0000,0.0000,0.0000,none,0.0000,0,0,0.0000,none,none,none,none,0.0000,0,0.0000,none,false,true,not_evaluated,true,required_light_or_anchor_flip,short_bias,1.15693000,2025.11.12 06:45:00,1.15870000,2025.11.12 10:30:00,2025.11.12 12:30:00,false,NONE,0.00000000,0.00000000,0.0000,-1,false,,-1,NONE,0.00000000,0.00000000,0.0000,0.0000,none,,none,false,NONE,-1,-1,-1,false,false,none,true,false,false,true,none,true,required,false,PERIOD_M5,,,-1,0.0000,false,0.00000000,0.0000,false,0.0000,false,none,none,false,no_anchor_flip_in_entry_direction,true,required_first_signal_only,SHORT,unknown,0.00000000,,0.00000000,,false,,-1,false,NONE,0.00000000,,0.00000000,0.0000,0.0000,none,-1,false,false,false,no_anchor_flip_in_entry_direction,,,,false,false,false,-1,-1,-1,-1,-1,false,false,false,0.0000,falling_n,false,1.15876000,1.15644000,3.8759,false,0.0000,0.0000,0,none,true,0.3871,preferred_382_618,0.200,diagnostic_only,diagnostic_only,diagnostic_only,shallow_pullback,9,0.440,true,none,0.590,high_quality,false,false,diagnostic_only,both,true,none,true,diagnostic_adjacent_detected,required_light,false,false,LONG,4,false,false,0,2025.11.12 14:55:00,2025.11.12 16:00:00,8,3.6357,0.00000000,1.15656000,1.15656000,true,true,m5_hl_close_break_down,1.15656000,true,0.4341,1.0310,true,1,1.6822,false,6,1.15656000,0.1357,off,false,not_evaluated,none,0.3900,0.0900,normal,false,false,false,1.6822,held_no_close_back,true,favorable_side,0.1900,false,clean_retest,2.3605,2.2248,1.0610,0.0000,true,strong_exhaustion,0.0000,none,none,false,false,none,0.0000,0.0000,0.0000,0.0000,none,false,false,0.0000,0.0000,false,false,-1,none,none,false,0.000,0.000,1.15723000,1.15695500,1.15695500,recent_equal_highs,0.00022500,0.4687,neckline_level,1.15723000,0.1357,false,true,true,false,not_blocked,5,1,4,m5_failure_exit,off,none,0.00000000,0.0000,1.30,1.15656000,4.200,-0.300,0.200,PERIOD_M15,1.15794000,1.15644000,0.4933,preferred_382_618,0.000,true,1.15718000,1.15766000,0.00048000,1.15656000,1.292,0.00036857,18.00,30-60,true,false,none,blocked_spread_too_high,4.300,4.300,none,0.0000,false,neckline_retest_failed,false,not_invalidated,spread_too_high
2025.11.12 21:00:00,signal,session_reversal_pullback_one_symbol_first120,USDJPY,LONG,2025.11.12 20:55:00,20,17,2,new_york,2025.11.12 16:00,115,first_120min,false,true,3,USDJPY,highest_score_in_session_bar,new_york=USDJPY|EURJPY|GBPJPY|AUDJPY|EURUSD|GBPUSD,existing_first120_gate,new_york,false,false,true,passed_first_window,inverse_head_and_shoulders,neckline_break_retest,154.62700000,PERIOD_M5,PERIOD_H1,PERIOD_M15,PERIOD_M5,PERIOD_M5,false,htf_soft_alignment,current_post_filter,transcript_post_filter,dow_range_or_transition,no_ordered_dow_wave3_break,dow_range_or_transition,no_ordered_dow_wave3_break,false,true,false,LONG,PERIOD_M5,inverse_head_and_shoulders,inverse_head_and_shoulders,4.500,none,0.000,inverse_head_and_shoulders,4.500,none,0.000,LONG,false,PERIOD_H1_NONE_dow_range_or_transition|PERIOD_M15_NONE_no_ordered_dow_wave3_break,true,h1_counter_m15_reversal,true,top_NONE_dow_range_or_transition|structure_NONE_no_ordered_dow_wave3_break|structure_break_recent_confirmed_swing_break_failed|primary_break_recent_confirmed_swing_break_retest,none,above_75sma_rising,above_75sma_rising,below_75sma_falling,-1,0.00000000,0,154.62700000,false,off,NONE,NONE,0.00000000,0.00000000,0.0000,none,0.000,true,LONG,return_high_break_or_bos_up,154.90100000,17,155.03900000,154.49000000,false,off,independent,false,,,false,0.0000,none,0.0000,0.0000,none,0.0000,0.0000,0.0000,none,0.0000,0,0,0.0000,none,none,none,none,0.0000,0,0.0000,none,false,true,not_evaluated,true,required_light_or_anchor_flip,short_bias,154.87700000,2025.11.12 16:00:00,154.76700000,2025.11.12 18:30:00,2025.11.12 19:00:00,false,NONE,0.00000000,0.00000000,0.0000,-1,false,,-1,NONE,0.00000000,0.00000000,0.0000,0.0000,none,,none,false,NONE,-1,-1,-1,false,false,none,false,true,false,true,none,true,required,false,PERIOD_M5,,,-1,0.0000,false,0.00000000,0.0000,false,0.0000,false,none,none,false,no_anchor_flip_in_entry_direction,true,required_first_signal_only,LONG,unknown,0.00000000,,0.00000000,,false,,-1,false,NONE,0.00000000,,0.00000000,0.0000,0.0000,none,-1,false,false,false,no_anchor_flip_in_entry_direction,,,,false,false,false,-1,-1,-1,-1,-1,false,false,false,0.0000,falling_n,false,155.03900000,154.49000000,7.5427,false,0.0000,0.0000,0,none,true,0.6248,deep_618_786,0.120,diagnostic_only,diagnostic_only,diagnostic_only,fib_pullback,7,0.410,true,none,0.560,high_quality,false,false,diagnostic_only,both,true,none,true,diagnostic_adjacent_detected,required_light,false,false,SHORT,4,false,false,2,2025.11.12 18:10:00,2025.11.12 19:45:00,14,8.2161,154.62700000,0.00000000,154.62700000,true,true,m5_lh_close_break_up,154.62700000,true,0.7119,1.0975,true,1,0.3559,true,8,154.62700000,0.0297,off,false,not_evaluated,none,0.9318,0.0682,very_strong,false,true,true,0.3559,failed_1bar,true,favorable_side,0.0385,false,clean_retest,4.0636,3.0551,1.3301,5.1610,false,no_shrink,0.0000,none,none,false,false,none,0.0000,0.0000,0.0000,0.0000,none,false,false,0.0000,0.0000,false,false,-1,none,none,false,0.000,0.000,154.70300000,154.68000000,154.70300000,wick_cluster_zone,0.00700000,0.0693,session_high|opening_range_high|neckline_level,154.68000000,0.4746,false,true,true,false,not_blocked,2,1,1,m5_failure_exit,off,none,0.00000000,0.0000,1.30,154.82700000,4.500,-0.300,0.200,PERIOD_M15,155.03900000,154.49000000,0.6248,deep_618_786,0.000,true,154.69600000,154.59500000,0.10100000,154.82700000,1.297,0.03371429,17.00,90-120,true,false,none,not_consumed,4.800,4.800,none,0.0000,false,opposite_break_first,true,opposite_break_first,spread_too_high
2025.11.12 21:00:00,blocked,session_reversal_pullback_one_symbol_first120,USDJPY,LONG,2025.11.12 20:55:00,20,17,2,new_york,2025.11.12 16:00,115,first_120min,false,true,3,USDJPY,highest_score_in_session_bar,new_york=USDJPY|EURJPY|GBPJPY|AUDJPY|EURUSD|GBPUSD,existing_first120_gate,new_york,false,false,true,passed_first_window,inverse_head_and_shoulders,neckline_break_retest,154.62700000,PERIOD_M5,PERIOD_H1,PERIOD_M15,PERIOD_M5,PERIOD_M5,false,htf_soft_alignment,current_post_filter,transcript_post_filter,dow_range_or_transition,no_ordered_dow_wave3_break,dow_range_or_transition,no_ordered_dow_wave3_break,false,true,false,LONG,PERIOD_M5,inverse_head_and_shoulders,inverse_head_and_shoulders,4.500,none,0.000,inverse_head_and_shoulders,4.500,none,0.000,LONG,false,PERIOD_H1_NONE_dow_range_or_transition|PERIOD_M15_NONE_no_ordered_dow_wave3_break,true,h1_counter_m15_reversal,true,top_NONE_dow_range_or_transition|structure_NONE_no_ordered_dow_wave3_break|structure_break_recent_confirmed_swing_break_failed|primary_break_recent_confirmed_swing_break_retest,none,above_75sma_rising,above_75sma_rising,below_75sma_falling,-1,0.00000000,0,154.62700000,false,off,NONE,NONE,0.00000000,0.00000000,0.0000,none,0.000,true,LONG,return_high_break_or_bos_up,154.90100000,17,155.03900000,154.49000000,false,off,independent,false,,,false,0.0000,none,0.0000,0.0000,none,0.0000,0.0000,0.0000,none,0.0000,0,0,0.0000,none,none,none,none,0.0000,0,0.0000,none,false,true,not_evaluated,true,required_light_or_anchor_flip,short_bias,154.87700000,2025.11.12 16:00:00,154.76700000,2025.11.12 18:30:00,2025.11.12 19:00:00,false,NONE,0.00000000,0.00000000,0.0000,-1,false,,-1,NONE,0.00000000,0.00000000,0.0000,0.0000,none,,none,false,NONE,-1,-1,-1,false,false,none,false,true,false,true,none,true,required,false,PERIOD_M5,,,-1,0.0000,false,0.00000000,0.0000,false,0.0000,false,none,none,false,no_anchor_flip_in_entry_direction,true,required_first_signal_only,LONG,unknown,0.00000000,,0.00000000,,false,,-1,false,NONE,0.00000000,,0.00000000,0.0000,0.0000,none,-1,false,false,false,no_anchor_flip_in_entry_direction,,,,false,false,false,-1,-1,-1,-1,-1,false,false,false,0.0000,falling_n,false,155.03900000,154.49000000,7.5427,false,0.0000,0.0000,0,none,true,0.6248,deep_618_786,0.120,diagnostic_only,diagnostic_only,diagnostic_only,fib_pullback,7,0.410,true,none,0.560,high_quality,false,false,diagnostic_only,both,true,none,true,diagnostic_adjacent_detected,required_light,false,false,SHORT,4,false,false,2,2025.11.12 18:10:00,2025.11.12 19:45:00,14,8.2161,154.62700000,0.00000000,154.62700000,true,true,m5_lh_close_break_up,154.62700000,true,0.7119,1.0975,true,1,0.3559,true,8,154.62700000,0.0297,off,false,not_evaluated,none,0.9318,0.0682,very_strong,false,true,true,0.3559,failed_1bar,true,favorable_side,0.0385,false,clean_retest,4.0636,3.0551,1.3301,5.1610,false,no_shrink,0.0000,none,none,false,false,none,0.0000,0.0000,0.0000,0.0000,none,false,false,0.0000,0.0000,false,false,-1,none,none,false,0.000,0.000,154.70300000,154.68000000,154.70300000,wick_cluster_zone,0.00700000,0.0693,session_high|opening_range_high|neckline_level,154.68000000,0.4746,false,true,true,false,not_blocked,2,1,1,m5_failure_exit,off,none,0.00000000,0.0000,1.30,154.82700000,4.500,-0.300,0.200,PERIOD_M15,155.03900000,154.49000000,0.6248,deep_618_786,0.000,true,154.69600000,154.59500000,0.10100000,154.82700000,1.297,0.03371429,17.00,90-120,true,false,none,blocked_spread_too_high,4.800,4.800,none,0.0000,false,opposite_break_first,true,opposite_break_first,spread_too_high
2025.11.13 03:30:00,signal,session_reversal_pullback_one_symbol_first120,GBPJPY,SHORT,2025.11.13 03:25:00,3,0,9,tokyo,2025.11.13 00:00,25,first_120min,true,true,3,GBPJPY,highest_score_in_session_bar,tokyo=USDJPY|EURJPY|GBPJPY|AUDJPY,existing_first120_gate,tokyo,false,false,true,passed_first_window,double_top,neckline_break_retest,203.19300000,PERIOD_M5,PERIOD_H1,PERIOD_M15,PERIOD_M5,PERIOD_M5,false,htf_soft_alignment,current_post_filter,transcript_post_filter,dow_trend_up_hh_hl,structure_trend_bias_dow_trend_down_ll_lh,dow_trend_up_hh_hl,structure_trend_bias_dow_trend_down_ll_lh,false,false,true,SHORT,PERIOD_M5,double_top,double_top,4.200,none,0.000,double_top,4.200,none,0.000,SHORT,false,PERIOD_H1_LONG_dow_trend_up_hh_hl|PERIOD_M15_SHORT_structure_trend_bias_dow_trend_down_ll_lh,true,h1_counter_m15_reversal,true,top_LONG_dow_trend_up_hh_hl|structure_SHORT_structure_trend_bias_dow_trend_down_ll_lh|structure_break_recent_confirmed_swing_break_failed|primary_break_no_recent_confirmed_swing_break,none,above_75sma_rising,near_75sma,below_75sma_flat_or_rising,-1,0.00000000,-1,0.00000000,false,off,NONE,NONE,0.00000000,0.00000000,0.0000,none,0.000,true,SHORT,return_low_break_or_bos_down,203.03000000,10,203.19200000,202.93900000,false,off,independent,false,,,false,0.0000,none,0.0000,0.0000,none,0.0000,0.0000,0.0000,none,0.0000,0,0,0.0000,none,none,none,none,0.0000,0,0.0000,none,false,true,not_evaluated,true,required_light_or_anchor_flip,bias_flip_up,203.04500000,2025.11.13 01:45:00,203.22300000,2025.11.13 02:00:00,2025.11.13 02:30:00,true,LONG,203.22300000,203.23300000,0.0772,2,true,2025.11.13 02:45:00,2,LONG,203.22300000,203.23300000,0.0772,0.8649,normal,2025.11.13 03:00:00,first_after_anchor,true,LONG,2,1,2,true,false,fresh_0_4,false,true,false,true,none,true,required,false,PERIOD_M5,,,-1,0.0000,false,0.00000000,0.0000,false,0.0000,false,none,none,false,no_anchor_flip_in_entry_direction,true,required_first_signal_only,SHORT,unknown,0.00000000,,0.00000000,,false,,-1,false,NONE,0.00000000,,0.00000000,0.0000,0.0000,none,-1,false,false,false,no_anchor_flip_in_entry_direction,,,,false,false,false,-1,-1,-1,-1,-1,false,false,false,0.0000,rising_n,false,203.27300000,202.93900000,2.5792,true,0.8649,0.4011,1,normal,true,0.5000,preferred_382_618,0.200,diagnostic_only,diagnostic_only,diagnostic_only,fib_pullback,9,0.490,true,none,0.640,high_quality,false,false,diagnostic_only,both,true,none,true,diagnostic_adjacent_detected,required_light,false,false,LONG,7,false,false,2,2025.11.13 01:50:00,2025.11.13 03:05:00,4,3.3427,0.00000000,203.03800000,203.03800000,false,false,none,0.00000000,false,0.0000,0.0000,false,1,0.0000,false,-1,0.00000000,0.0000,off,false,not_evaluated,none,0.0000,0.0000,none,false,false,false,0.0000,none,false,none,0.0000,false,none,3.3427,2.1956,1.5225,1.0608,false,no_shrink,0.0000,none,none,false,false,none,0.0000,0.0000,0.0000,0.0000,none,false,false,0.0000,0.0000,false,false,-1,none,none,false,0.000,0.000,203.12805556,203.11900000,203.04500000,failed_breakout_level,0.07900000,0.4907,session_low|opening_range_low|neckline_level,203.11900000,0.0617,false,true,true,false,not_blocked,5,3,2,m5_failure_exit,off,none,0.00000000,0.0000,1.30,202.91500000,4.200,-0.300,0.200,PERIOD_M15,203.19200000,202.93900000,0.7312,deep_618_786,0.000,true,203.12400000,203.28500000,0.16100000,202.91500000,1.298,0.08107143,38.00,0-30,true,false,none,not_consumed,4.300,4.300,none,0.0000,false,opposite_break_first,true,opposite_break_first,spread_too_high
2025.11.13 03:30:00,blocked,session_reversal_pullback_one_symbol_first120,GBPJPY,SHORT,2025.11.13 03:25:00,3,0,9,tokyo,2025.11.13 00:00,25,first_120min,true,true,3,GBPJPY,highest_score_in_session_bar,tokyo=USDJPY|EURJPY|GBPJPY|AUDJPY,existing_first120_gate,tokyo,false,false,true,passed_first_window,double_top,neckline_break_retest,203.19300000,PERIOD_M5,PERIOD_H1,PERIOD_M15,PERIOD_M5,PERIOD_M5,false,htf_soft_alignment,current_post_filter,transcript_post_filter,dow_trend_up_hh_hl,structure_trend_bias_dow_trend_down_ll_lh,dow_trend_up_hh_hl,structure_trend_bias_dow_trend_down_ll_lh,false,false,true,SHORT,PERIOD_M5,double_top,double_top,4.200,none,0.000,double_top,4.200,none,0.000,SHORT,false,PERIOD_H1_LONG_dow_trend_up_hh_hl|PERIOD_M15_SHORT_structure_trend_bias_dow_trend_down_ll_lh,true,h1_counter_m15_reversal,true,top_LONG_dow_trend_up_hh_hl|structure_SHORT_structure_trend_bias_dow_trend_down_ll_lh|structure_break_recent_confirmed_swing_break_failed|primary_break_no_recent_confirmed_swing_break,none,above_75sma_rising,near_75sma,below_75sma_flat_or_rising,-1,0.00000000,-1,0.00000000,false,off,NONE,NONE,0.00000000,0.00000000,0.0000,none,0.000,true,SHORT,return_low_break_or_bos_down,203.03000000,10,203.19200000,202.93900000,false,off,independent,false,,,false,0.0000,none,0.0000,0.0000,none,0.0000,0.0000,0.0000,none,0.0000,0,0,0.0000,none,none,none,none,0.0000,0,0.0000,none,false,true,not_evaluated,true,required_light_or_anchor_flip,bias_flip_up,203.04500000,2025.11.13 01:45:00,203.22300000,2025.11.13 02:00:00,2025.11.13 02:30:00,true,LONG,203.22300000,203.23300000,0.0772,2,true,2025.11.13 02:45:00,2,LONG,203.22300000,203.23300000,0.0772,0.8649,normal,2025.11.13 03:00:00,first_after_anchor,true,LONG,2,1,2,true,false,fresh_0_4,false,true,false,true,none,true,required,false,PERIOD_M5,,,-1,0.0000,false,0.00000000,0.0000,false,0.0000,false,none,none,false,no_anchor_flip_in_entry_direction,true,required_first_signal_only,SHORT,unknown,0.00000000,,0.00000000,,false,,-1,false,NONE,0.00000000,,0.00000000,0.0000,0.0000,none,-1,false,false,false,no_anchor_flip_in_entry_direction,,,,false,false,false,-1,-1,-1,-1,-1,false,false,false,0.0000,rising_n,false,203.27300000,202.93900000,2.5792,true,0.8649,0.4011,1,normal,true,0.5000,preferred_382_618,0.200,diagnostic_only,diagnostic_only,diagnostic_only,fib_pullback,9,0.490,true,none,0.640,high_quality,false,false,diagnostic_only,both,true,none,true,diagnostic_adjacent_detected,required_light,false,false,LONG,7,false,false,2,2025.11.13 01:50:00,2025.11.13 03:05:00,4,3.3427,0.00000000,203.03800000,203.03800000,false,false,none,0.00000000,false,0.0000,0.0000,false,1,0.0000,false,-1,0.00000000,0.0000,off,false,not_evaluated,none,0.0000,0.0000,none,false,false,false,0.0000,none,false,none,0.0000,false,none,3.3427,2.1956,1.5225,1.0608,false,no_shrink,0.0000,none,none,false,false,none,0.0000,0.0000,0.0000,0.0000,none,false,false,0.0000,0.0000,false,false,-1,none,none,false,0.000,0.000,203.12805556,203.11900000,203.04500000,failed_breakout_level,0.07900000,0.4907,session_low|opening_range_low|neckline_level,203.11900000,0.0617,false,true,true,false,not_blocked,5,3,2,m5_failure_exit,off,none,0.00000000,0.0000,1.30,202.91500000,4.200,-0.300,0.200,PERIOD_M15,203.19200000,202.93900000,0.7312,deep_618_786,0.000,true,203.12400000,203.28500000,0.16100000,202.91500000,1.298,0.08107143,38.00,0-30,true,false,none,blocked_spread_too_high,4.300,4.300,none,0.0000,false,opposite_break_first,true,opposite_break_first,spread_too_high
2025.11.13 10:35:01,signal,session_reversal_pullback_one_symbol_first120,GBPJPY,SHORT,2025.11.13 10:30:00,10,7,16,london,2025.11.13 07:00,30,first_120min,true,true,3,GBPJPY,highest_score_in_session_bar,london=USDJPY|EURJPY|GBPJPY|AUDJPY|EURUSD|GBPUSD,existing_first120_gate,london,false,false,true,passed_first_window,double_top,neckline_break_retest,203.26600000,PERIOD_M5,PERIOD_H1,PERIOD_M15,PERIOD_M5,PERIOD_M5,false,htf_soft_alignment,current_post_filter,transcript_post_filter,dow_trend_up_hh_hl,no_ordered_dow_wave3_break,dow_trend_up_hh_hl,no_ordered_dow_wave3_break,false,false,true,SHORT,PERIOD_M5,double_top,double_top,4.200,none,0.000,double_top,4.200,none,0.000,SHORT,false,PERIOD_H1_LONG_dow_trend_up_hh_hl|PERIOD_M15_NONE_no_ordered_dow_wave3_break,true,h1_counter_m15_reversal,true,top_LONG_dow_trend_up_hh_hl|structure_NONE_no_ordered_dow_wave3_break|structure_break_recent_confirmed_swing_break_failed|primary_break_recent_confirmed_swing_break_retest,none,above_75sma_rising,above_75sma_rising,below_75sma_flat_or_rising,-1,0.00000000,0,203.24800000,false,off,NONE,NONE,0.00000000,0.00000000,0.0000,none,0.000,true,SHORT,return_low_break_or_bos_down,203.03800000,17,203.43900000,202.95400000,false,off,independent,false,,,false,0.0000,none,0.0000,0.0000,none,0.0000,0.0000,0.0000,none,0.0000,0,0,0.0000,none,none,none,none,0.0000,0,0.0000,none,false,true,not_evaluated,true,required_light_or_anchor_flip,bias_flip_up,202.95400000,2025.11.13 04:45:00,203.29600000,2025.11.13 08:30:00,2025.11.13 09:00:00,true,LONG,203.29600000,203.41500000,1.0215,3,true,2025.11.13 09:30:00,3,LONG,203.29600000,203.41500000,1.0215,1.7511,normal,2025.11.13 10:00:00,first_after_anchor,true,LONG,3,1,3,true,false,fresh_0_4,false,true,false,true,none,true,required,false,PERIOD_M5,,,-1,0.0000,false,0.00000000,0.0000,false,0.0000,false,none,none,false,no_anchor_flip_in_entry_direction,true,required_first_signal_only,SHORT,unknown,0.00000000,,0.00000000,,false,,-1,false,NONE,0.00000000,,0.00000000,0.0000,0.0000,none,-1,false,false,false,no_anchor_flip_in_entry_direction,,,,false,false,false,-1,-1,-1,-1,-1,false,false,false,0.0000,falling_n,false,203.29800000,202.95400000,2.9528,true,1.7511,0.0467,0,normal,true,0.2990,shallow_236_382,0.080,diagnostic_only,diagnostic_only,diagnostic_only,fib_pullback,24,0.280,true,none,0.430,high_quality,false,false,diagnostic_only,both,true,none,true,diagnostic_adjacent_detected,required_light,false,false,LONG,6,false,false,2,2025.11.13 08:35:00,2025.11.13 10:05:00,5,4.6731,0.00000000,203.24800000,203.24800000,true,true,m5_hl_close_break_down,203.24800000,true,1.4290,1.4193,true,1,0.0000,false,0,203.24800000,0.1641,off,false,not_evaluated,none,0.9538,0.0462,very_strong,false,false,false,0.0000,no_following_closed_bar,false,none,0.0000,false,no_retest,1.8441,3.2924,0.5601,1.3807,false,mild_exhaustion,0.0000,none,none,false,false,none,0.0000,0.0000,0.0000,0.0000,none,false,false,0.0000,0.0000,false,false,-1,none,none,false,0.000,0.000,203.24129167,203.09200000,203.00000000,round_number,0.09900000,0.3183,session_low|opening_range_low|neckline_level,203.09200000,0.0676,false,true,true,false,not_blocked,7,5,2,m5_failure_exit,off,none,0.00000000,0.0000,1.30,202.69500000,4.200,-0.300,0.200,PERIOD_M15,203.29800000,202.95500000,0.4198,preferred_382_618,0.000,true,203.09900000,203.41000000,0.31100000,202.69500000,1.299,0.10357143,38.00,30-60,true,false,none,not_consumed,4.500,4.500,none,0.0000,false,opposite_break_first,true,opposite_break_first,spread_too_high
2025.11.13 10:35:01,blocked,session_reversal_pullback_one_symbol_first120,GBPJPY,SHORT,2025.11.13 10:30:00,10,7,16,london,2025.11.13 07:00,30,first_120min,true,true,3,GBPJPY,highest_score_in_session_bar,london=USDJPY|EURJPY|GBPJPY|AUDJPY|EURUSD|GBPUSD,existing_first120_gate,london,false,false,true,passed_first_window,double_top,neckline_break_retest,203.26600000,PERIOD_M5,PERIOD_H1,PERIOD_M15,PERIOD_M5,PERIOD_M5,false,htf_soft_alignment,current_post_filter,transcript_post_filter,dow_trend_up_hh_hl,no_ordered_dow_wave3_break,dow_trend_up_hh_hl,no_ordered_dow_wave3_break,false,false,true,SHORT,PERIOD_M5,double_top,double_top,4.200,none,0.000,double_top,4.200,none,0.000,SHORT,false,PERIOD_H1_LONG_dow_trend_up_hh_hl|PERIOD_M15_NONE_no_ordered_dow_wave3_break,true,h1_counter_m15_reversal,true,top_LONG_dow_trend_up_hh_hl|structure_NONE_no_ordered_dow_wave3_break|structure_break_recent_confirmed_swing_break_failed|primary_break_recent_confirmed_swing_break_retest,none,above_75sma_rising,above_75sma_rising,below_75sma_flat_or_rising,-1,0.00000000,0,203.24800000,false,off,NONE,NONE,0.00000000,0.00000000,0.0000,none,0.000,true,SHORT,return_low_break_or_bos_down,203.03800000,17,203.43900000,202.95400000,false,off,independent,false,,,false,0.0000,none,0.0000,0.0000,none,0.0000,0.0000,0.0000,none,0.0000,0,0,0.0000,none,none,none,none,0.0000,0,0.0000,none,false,true,not_evaluated,true,required_light_or_anchor_flip,bias_flip_up,202.95400000,2025.11.13 04:45:00,203.29600000,2025.11.13 08:30:00,2025.11.13 09:00:00,true,LONG,203.29600000,203.41500000,1.0215,3,true,2025.11.13 09:30:00,3,LONG,203.29600000,203.41500000,1.0215,1.7511,normal,2025.11.13 10:00:00,first_after_anchor,true,LONG,3,1,3,true,false,fresh_0_4,false,true,false,true,none,true,required,false,PERIOD_M5,,,-1,0.0000,false,0.00000000,0.0000,false,0.0000,false,none,none,false,no_anchor_flip_in_entry_direction,true,required_first_signal_only,SHORT,unknown,0.00000000,,0.00000000,,false,,-1,false,NONE,0.00000000,,0.00000000,0.0000,0.0000,none,-1,false,false,false,no_anchor_flip_in_entry_direction,,,,false,false,false,-1,-1,-1,-1,-1,false,false,false,0.0000,falling_n,false,203.29800000,202.95400000,2.9528,true,1.7511,0.0467,0,normal,true,0.2990,shallow_236_382,0.080,diagnostic_only,diagnostic_only,diagnostic_only,fib_pullback,24,0.280,true,none,0.430,high_quality,false,false,diagnostic_only,both,true,none,true,diagnostic_adjacent_detected,required_light,false,false,LONG,6,false,false,2,2025.11.13 08:35:00,2025.11.13 10:05:00,5,4.6731,0.00000000,203.24800000,203.24800000,true,true,m5_hl_close_break_down,203.24800000,true,1.4290,1.4193,true,1,0.0000,false,0,203.24800000,0.1641,off,false,not_evaluated,none,0.9538,0.0462,very_strong,false,false,false,0.0000,no_following_closed_bar,false,none,0.0000,false,no_retest,1.8441,3.2924,0.5601,1.3807,false,mild_exhaustion,0.0000,none,none,false,false,none,0.0000,0.0000,0.0000,0.0000,none,false,false,0.0000,0.0000,false,false,-1,none,none,false,0.000,0.000,203.24129167,203.09200000,203.00000000,round_number,0.09900000,0.3183,session_low|opening_range_low|neckline_level,203.09200000,0.0676,false,true,true,false,not_blocked,7,5,2,m5_failure_exit,off,none,0.00000000,0.0000,1.30,202.69500000,4.200,-0.300,0.200,PERIOD_M15,203.29800000,202.95500000,0.4198,preferred_382_618,0.000,true,203.09900000,203.41000000,0.31100000,202.69500000,1.299,0.10357143,38.00,30-60,true,false,none,blocked_spread_too_high,4.500,4.500,none,0.0000,false,opposite_break_first,true,opposite_break_first,spread_too_high
2025.11.13 17:15:00,signal,session_reversal_pullback_one_symbol_first120,EURJPY,SHORT,2025.11.13 17:10:00,17,14,23,london_newyork_overlap,2025.11.13 13:00,70,first_120min,false,true,3,EURJPY,highest_score_in_session_bar,london_newyork_overlap=USDJPY|EURJPY|GBPJPY|AUDJPY|EURUSD|GBPUSD,existing_first120_gate,london_newyork_overlap,true,false,true,passed_first_window,head_and_shoulders,neckline_break_retest,179.63900000,PERIOD_M5,PERIOD_H1,PERIOD_M15,PERIOD_M5,PERIOD_M5,false,htf_soft_alignment,current_post_filter,transcript_post_filter,dow_trend_up_hh_hl,no_ordered_dow_wave3_break,dow_trend_up_hh_hl,no_ordered_dow_wave3_break,false,true,true,SHORT,PERIOD_M5,head_and_shoulders,head_and_shoulders,4.500,none,0.000,head_and_shoulders,4.500,none,0.000,SHORT,false,PERIOD_H1_LONG_dow_trend_up_hh_hl|PERIOD_M15_NONE_no_ordered_dow_wave3_break,true,h1_counter_m15_reversal,true,top_LONG_dow_trend_up_hh_hl|structure_NONE_no_ordered_dow_wave3_break|structure_break_recent_confirmed_swing_break_failed|primary_break_recent_confirmed_swing_break_continuation,none,above_75sma_rising,above_75sma_rising,below_75sma_falling,-1,0.00000000,0,179.64400000,false,off,NONE,NONE,0.00000000,0.00000000,0.0000,none,0.000,true,SHORT,return_low_break_or_bos_down,179.55800000,1,179.73700000,179.55800000,false,off,independent,false,,,false,0.0000,none,0.0000,0.0000,none,0.0000,0.0000,0.0000,none,0.0000,0,0,0.0000,none,none,none,none,0.0000,0,0.0000,none,false,true,not_evaluated,true,required_light_or_anchor_flip,bias_flip_down,179.55800000,2025.11.13 15:00:00,179.80100000,2025.11.13 10:00:00,2025.11.13 15:15:00,true,SHORT,179.55800000,179.52000000,0.3985,1,true,2025.11.13 16:45:00,1,SHORT,179.55800000,179.52000000,0.3985,0.6607,normal,2025.11.13 16:45:00,first_after_anchor,true,SHORT,1,1,1,true,false,fresh_0_4,true,false,false,true,none,true,required,true,PERIOD_M5,2025.11.13 16:50:00,2025.11.13 16:50:00,5,0.7908,true,179.55800000,0.7908,false,0.0000,true,m5_bos_down_after_anchor_retest,retest_reconfirm,true,none,true,required_first_signal_only,SHORT,unknown,0.00000000,,0.00000000,,false,,-1,false,NONE,0.00000000,,0.00000000,0.0000,0.0000,none,-1,false,false,false,insufficient_confirmed_m5_pivots,EURJPY|SHORT|1763052300|179.558,,,false,false,false,-1,-1,-1,-1,-1,false,false,false,0.0000,range_n,true,179.80100000,179.33600000,4.8764,true,0.6607,0.3226,0,normal,true,0.6933,deep_618_786,0.120,diagnostic_only,diagnostic_only,diagnostic_only,shallow_pullback,7,0.360,true,none,0.510,high_quality,false,false,diagnostic_only,both,true,none,true,diagnostic_adjacent_detected,required_light,false,false,LONG,6,false,false,1,2025.11.13 15:25:00,2025.11.13 16:05:00,13,1.3619,0.00000000,179.64400000,179.64400000,true,true,m5_hl_close_break_down,179.64400000,true,0.0732,0.2050,true,1,0.0000,false,8,179.64400000,0.1318,off,false,not_evaluated,none,0.4035,0.5965,normal,true,false,false,0.0000,held_clean,true,favorable_side,0.1271,true,clean_retest,1.0983,1.3619,0.8065,0.0000,true,strong_exhaustion,0.0000,none,none,false,false,none,0.0000,0.0000,0.0000,0.0000,none,false,false,0.0000,0.0000,false,false,-1,none,none,false,0.000,0.000,179.63900000,179.60500000,179.59600000,recent_equal_highs,0.01800000,0.1698,opening_range_low|neckline_level,179.60500000,0.1318,false,true,true,false,not_blocked,8,3,5,m5_failure_exit,off,none,0.00000000,0.0000,1.30,179.47600000,4.500,-0.300,0.200,PERIOD_M15,179.73700000,179.55800000,0.3128,outside,0.000,true,179.61400000,179.72000000,0.10600000,179.47600000,1.302,0.06828571,30.00,60-90,true,false,none,not_consumed,4.800,4.800,none,0.0000,false,neckline_retest_failed,false,not_invalidated,spread_too_high
2025.11.13 17:15:00,blocked,session_reversal_pullback_one_symbol_first120,EURJPY,SHORT,2025.11.13 17:10:00,17,14,23,london_newyork_overlap,2025.11.13 13:00,70,first_120min,false,true,3,EURJPY,highest_score_in_session_bar,london_newyork_overlap=USDJPY|EURJPY|GBPJPY|AUDJPY|EURUSD|GBPUSD,existing_first120_gate,london_newyork_overlap,true,false,true,passed_first_window,head_and_shoulders,neckline_break_retest,179.63900000,PERIOD_M5,PERIOD_H1,PERIOD_M15,PERIOD_M5,PERIOD_M5,false,htf_soft_alignment,current_post_filter,transcript_post_filter,dow_trend_up_hh_hl,no_ordered_dow_wave3_break,dow_trend_up_hh_hl,no_ordered_dow_wave3_break,false,true,true,SHORT,PERIOD_M5,head_and_shoulders,head_and_shoulders,4.500,none,0.000,head_and_shoulders,4.500,none,0.000,SHORT,false,PERIOD_H1_LONG_dow_trend_up_hh_hl|PERIOD_M15_NONE_no_ordered_dow_wave3_break,true,h1_counter_m15_reversal,true,top_LONG_dow_trend_up_hh_hl|structure_NONE_no_ordered_dow_wave3_break|structure_break_recent_confirmed_swing_break_failed|primary_break_recent_confirmed_swing_break_continuation,none,above_75sma_rising,above_75sma_rising,below_75sma_falling,-1,0.00000000,0,179.64400000,false,off,NONE,NONE,0.00000000,0.00000000,0.0000,none,0.000,true,SHORT,return_low_break_or_bos_down,179.55800000,1,179.73700000,179.55800000,false,off,independent,false,,,false,0.0000,none,0.0000,0.0000,none,0.0000,0.0000,0.0000,none,0.0000,0,0,0.0000,none,none,none,none,0.0000,0,0.0000,none,false,true,not_evaluated,true,required_light_or_anchor_flip,bias_flip_down,179.55800000,2025.11.13 15:00:00,179.80100000,2025.11.13 10:00:00,2025.11.13 15:15:00,true,SHORT,179.55800000,179.52000000,0.3985,1,true,2025.11.13 16:45:00,1,SHORT,179.55800000,179.52000000,0.3985,0.6607,normal,2025.11.13 16:45:00,first_after_anchor,true,SHORT,1,1,1,true,false,fresh_0_4,true,false,false,true,none,true,required,true,PERIOD_M5,2025.11.13 16:50:00,2025.11.13 16:50:00,5,0.7908,true,179.55800000,0.7908,false,0.0000,true,m5_bos_down_after_anchor_retest,retest_reconfirm,true,none,true,required_first_signal_only,SHORT,unknown,0.00000000,,0.00000000,,false,,-1,false,NONE,0.00000000,,0.00000000,0.0000,0.0000,none,-1,false,false,false,insufficient_confirmed_m5_pivots,EURJPY|SHORT|1763052300|179.558,,,false,false,false,-1,-1,-1,-1,-1,false,false,false,0.0000,range_n,true,179.80100000,179.33600000,4.8764,true,0.6607,0.3226,0,normal,true,0.6933,deep_618_786,0.120,diagnostic_only,diagnostic_only,diagnostic_only,shallow_pullback,7,0.360,true,none,0.510,high_quality,false,false,diagnostic_only,both,true,none,true,diagnostic_adjacent_detected,required_light,false,false,LONG,6,false,false,1,2025.11.13 15:25:00,2025.11.13 16:05:00,13,1.3619,0.00000000,179.64400000,179.64400000,true,true,m5_hl_close_break_down,179.64400000,true,0.0732,0.2050,true,1,0.0000,false,8,179.64400000,0.1318,off,false,not_evaluated,none,0.4035,0.5965,normal,true,false,false,0.0000,held_clean,true,favorable_side,0.1271,true,clean_retest,1.0983,1.3619,0.8065,0.0000,true,strong_exhaustion,0.0000,none,none,false,false,none,0.0000,0.0000,0.0000,0.0000,none,false,false,0.0000,0.0000,false,false,-1,none,none,false,0.000,0.000,179.63900000,179.60500000,179.59600000,recent_equal_highs,0.01800000,0.1698,opening_range_low|neckline_level,179.60500000,0.1318,false,true,true,false,not_blocked,8,3,5,m5_failure_exit,off,none,0.00000000,0.0000,1.30,179.47600000,4.500,-0.300,0.200,PERIOD_M15,179.73700000,179.55800000,0.3128,outside,0.000,true,179.61400000,179.72000000,0.10600000,179.47600000,1.302,0.06828571,30.00,60-90,true,false,none,blocked_spread_too_high,4.800,4.800,none,0.0000,false,neckline_retest_failed,false,not_invalidated,spread_too_high
2025.11.14 10:05:00,signal,session_reversal_pullback_one_symbol_first120,GBPJPY,SHORT,2025.11.14 10:00:00,10,7,16,london,2025.11.14 07:00,0,first_120min,true,true,3,GBPJPY,highest_score_in_session_bar,london=USDJPY|EURJPY|GBPJPY|AUDJPY|EURUSD|GBPUSD,existing_first120_gate,london,false,false,true,passed_first_window,sweep_high_reclaim,sweep_reclaim_retest,203.40400000,PERIOD_M5,PERIOD_H1,PERIOD_M15,PERIOD_M5,PERIOD_M5,false,htf_soft_alignment,current_post_filter,transcript_post_filter,dow_trend_up_hh_hl,structure_trend_bias_dow_trend_down_ll_lh,dow_trend_up_hh_hl,structure_trend_bias_dow_trend_down_ll_lh,false,false,true,SHORT,PERIOD_M5,sweep_high_reclaim,sweep_high_reclaim,3.400,none,0.000,sweep_high_reclaim,3.400,none,0.000,SHORT,false,PERIOD_H1_LONG_dow_trend_up_hh_hl|PERIOD_M15_SHORT_structure_trend_bias_dow_trend_down_ll_lh,true,h1_counter_m15_reversal,true,top_LONG_dow_trend_up_hh_hl|structure_SHORT_structure_trend_bias_dow_trend_down_ll_lh|structure_break_recent_confirmed_swing_break_failed|primary_break_recent_confirmed_swing_break_retest,none,above_75sma_flat_or_falling,below_75sma_falling,below_75sma_flat_or_rising,-1,0.00000000,0,203.14000000,false,off,NONE,NONE,0.00000000,0.00000000,0.0000,none,0.000,true,SHORT,return_low_break_or_bos_down,202.91900000,2,203.38100000,202.85400000,false,off,independent,false,,,false,0.0000,none,0.0000,0.0000,none,0.0000,0.0000,0.0000,none,0.0000,0,0,0.0000,none,none,none,none,0.0000,0,0.0000,none,false,true,not_evaluated,true,required_light_or_anchor_flip,bias_flip_down,202.91900000,2025.11.14 07:00:00,203.19700000,2025.11.14 05:45:00,2025.11.14 08:45:00,true,SHORT,202.91900000,202.89600000,0.1404,2,true,2025.11.14 09:15:00,2,SHORT,202.91900000,202.89600000,0.1404,1.8675,normal,2025.11.14 09:15:00,first_after_anchor,true,SHORT,2,2,2,true,false,fresh_0_4,true,false,false,true,none,true,required,true,PERIOD_M5,2025.11.14 09:20:00,2025.11.14 09:20:00,9,1.0326,true,202.91900000,1.0326,false,0.0000,true,m5_bearish_close_after_anchor_retest,retest_reconfirm,true,none,true,required_first_signal_only,SHORT,unknown,0.00000000,,0.00000000,,false,,-1,false,NONE,0.00000000,,0.00000000,0.0000,0.0000,none,-1,false,false,false,insufficient_confirmed_m5_pivots,GBPJPY|SHORT|1763111700|202.919,,,false,false,false,-1,-1,-1,-1,-1,false,false,false,0.0000,range_n,true,203.31000000,202.91900000,2.3862,true,1.8675,0.1257,0,normal,true,0.4725,preferred_382_618,0.200,diagnostic_only,diagnostic_only,diagnostic_only,deep_pullback,24,0.450,true,none,0.600,medium_quality,false,false,diagnostic_only,both,true,none,true,diagnostic_adjacent_detected,required_light,false,false,LONG,7,false,false,0,2025.11.14 08:45:00,2025.11.14 09:25:00,7,3.0184,0.00000000,202.85400000,202.85400000,false,false,none,0.00000000,false,0.0000,0.0000,false,1,0.0000,false,-1,0.00000000,0.0000,off,false,not_evaluated,none,0.0000,0.0000,none,false,false,false,0.0000,none,false,none,0.0000,false,none,2.7073,1.1253,2.4059,0.0000,true,strong_exhaustion,0.0000,none,none,false,false,none,0.0000,0.0000,0.0000,0.0000,none,false,false,0.0000,0.0000,false,false,-1,none,none,false,0.000,0.000,203.19700000,203.07900000,203.00000000,round_number,0.10300000,0.3029,session_low|opening_range_low|neckline_level,203.07900000,0.1589,false,true,true,false,not_blocked,7,5,2,m5_failure_exit,off,none,0.00000000,0.0000,1.30,202.66100000,3.400,-0.300,0.200,PERIOD_M15,203.19700000,202.91900000,0.6619,deep_618_786,0.000,true,203.10300000,203.44300000,0.34000000,202.66100000,1.300,0.15107143,38.00,0-30,true,false,none,not_consumed,3.700,3.700,none,0.0000,false,sweep_reclaim_failed,false,not_invalidated,spread_too_high
2025.11.14 10:05:00,blocked,session_reversal_pullback_one_symbol_first120,GBPJPY,SHORT,2025.11.14 10:00:00,10,7,16,london,2025.11.14 07:00,0,first_120min,true,true,3,GBPJPY,highest_score_in_session_bar,london=USDJPY|EURJPY|GBPJPY|AUDJPY|EURUSD|GBPUSD,existing_first120_gate,london,false,false,true,passed_first_window,sweep_high_reclaim,sweep_reclaim_retest,203.40400000,PERIOD_M5,PERIOD_H1,PERIOD_M15,PERIOD_M5,PERIOD_M5,false,htf_soft_alignment,current_post_filter,transcript_post_filter,dow_trend_up_hh_hl,structure_trend_bias_dow_trend_down_ll_lh,dow_trend_up_hh_hl,structure_trend_bias_dow_trend_down_ll_lh,false,false,true,SHORT,PERIOD_M5,sweep_high_reclaim,sweep_high_reclaim,3.400,none,0.000,sweep_high_reclaim,3.400,none,0.000,SHORT,false,PERIOD_H1_LONG_dow_trend_up_hh_hl|PERIOD_M15_SHORT_structure_trend_bias_dow_trend_down_ll_lh,true,h1_counter_m15_reversal,true,top_LONG_dow_trend_up_hh_hl|structure_SHORT_structure_trend_bias_dow_trend_down_ll_lh|structure_break_recent_confirmed_swing_break_failed|primary_break_recent_confirmed_swing_break_retest,none,above_75sma_flat_or_falling,below_75sma_falling,below_75sma_flat_or_rising,-1,0.00000000,0,203.14000000,false,off,NONE,NONE,0.00000000,0.00000000,0.0000,none,0.000,true,SHORT,return_low_break_or_bos_down,202.91900000,2,203.38100000,202.85400000,false,off,independent,false,,,false,0.0000,none,0.0000,0.0000,none,0.0000,0.0000,0.0000,none,0.0000,0,0,0.0000,none,none,none,none,0.0000,0,0.0000,none,false,true,not_evaluated,true,required_light_or_anchor_flip,bias_flip_down,202.91900000,2025.11.14 07:00:00,203.19700000,2025.11.14 05:45:00,2025.11.14 08:45:00,true,SHORT,202.91900000,202.89600000,0.1404,2,true,2025.11.14 09:15:00,2,SHORT,202.91900000,202.89600000,0.1404,1.8675,normal,2025.11.14 09:15:00,first_after_anchor,true,SHORT,2,2,2,true,false,fresh_0_4,true,false,false,true,none,true,required,true,PERIOD_M5,2025.11.14 09:20:00,2025.11.14 09:20:00,9,1.0326,true,202.91900000,1.0326,false,0.0000,true,m5_bearish_close_after_anchor_retest,retest_reconfirm,true,none,true,required_first_signal_only,SHORT,unknown,0.00000000,,0.00000000,,false,,-1,false,NONE,0.00000000,,0.00000000,0.0000,0.0000,none,-1,false,false,false,insufficient_confirmed_m5_pivots,GBPJPY|SHORT|1763111700|202.919,,,false,false,false,-1,-1,-1,-1,-1,false,false,false,0.0000,range_n,true,203.31000000,202.91900000,2.3862,true,1.8675,0.1257,0,normal,true,0.4725,preferred_382_618,0.200,diagnostic_only,diagnostic_only,diagnostic_only,deep_pullback,24,0.450,true,none,0.600,medium_quality,false,false,diagnostic_only,both,true,none,true,diagnostic_adjacent_detected,required_light,false,false,LONG,7,false,false,0,2025.11.14 08:45:00,2025.11.14 09:25:00,7,3.0184,0.00000000,202.85400000,202.85400000,false,false,none,0.00000000,false,0.0000,0.0000,false,1,0.0000,false,-1,0.00000000,0.0000,off,false,not_evaluated,none,0.0000,0.0000,none,false,false,false,0.0000,none,false,none,0.0000,false,none,2.7073,1.1253,2.4059,0.0000,true,strong_exhaustion,0.0000,none,none,false,false,none,0.0000,0.0000,0.0000,0.0000,none,false,false,0.0000,0.0000,false,false,-1,none,none,false,0.000,0.000,203.19700000,203.07900000,203.00000000,round_number,0.10300000,0.3029,session_low|opening_range_low|neckline_level,203.07900000,0.1589,false,true,true,false,not_blocked,7,5,2,m5_failure_exit,off,none,0.00000000,0.0000,1.30,202.66100000,3.400,-0.300,0.200,PERIOD_M15,203.19700000,202.91900000,0.6619,deep_618_786,0.000,true,203.10300000,203.44300000,0.34000000,202.66100000,1.300,0.15107143,38.00,0-30,true,false,none,blocked_spread_too_high,3.700,3.700,none,0.0000,false,sweep_reclaim_failed,false,not_invalidated,spread_too_high
2025.11.14 16:05:00,signal,session_reversal_pullback_one_symbol_first120,EURUSD,LONG,2025.11.14 16:00:00,16,13,22,london_newyork_overlap,2025.11.14 13:00,0,first_120min,true,true,3,EURUSD,highest_score_in_session_bar,london_newyork_overlap=USDJPY|EURJPY|GBPJPY|AUDJPY|EURUSD|GBPUSD,existing_first120_gate,london_newyork_overlap,false,false,true,passed_first_window,double_bottom,neckline_break_retest,1.16330000,PERIOD_M5,PERIOD_H1,PERIOD_M15,PERIOD_M5,PERIOD_M5,false,htf_soft_alignment,current_post_filter,transcript_post_filter,dow_range_or_transition,structure_trend_bias_dow_trend_down_ll_lh,dow_range_or_transition,structure_trend_bias_dow_trend_down_ll_lh,false,true,false,LONG,PERIOD_M5,double_bottom,double_bottom,4.200,none,0.000,double_bottom,4.200,none,0.000,LONG,false,PERIOD_H1_NONE_dow_range_or_transition|PERIOD_M15_SHORT_structure_trend_bias_dow_trend_down_ll_lh,true,h1_counter_m15_reversal,true,top_NONE_dow_range_or_transition|structure_SHORT_structure_trend_bias_dow_trend_down_ll_lh|structure_break_recent_confirmed_swing_break_failed|primary_break_recent_confirmed_swing_break_continuation,none,above_75sma_rising,above_75sma_rising,above_75sma_flat_or_falling,-1,0.00000000,0,1.16176000,false,off,NONE,NONE,0.00000000,0.00000000,0.0000,none,0.000,true,LONG,return_high_break_or_bos_up,1.16456000,3,1.16456000,1.16080000,false,off,independent,false,,,false,0.0000,none,0.0000,0.0000,none,0.0000,0.0000,0.0000,none,0.0000,0,0,0.0000,none,none,none,none,0.0000,0,0.0000,none,false,true,not_evaluated,true,required_light_or_anchor_flip,long_bias,1.16080000,2025.11.14 13:15:00,1.16361000,2025.11.14 10:30:00,2025.11.14 15:00:00,false,NONE,0.00000000,0.00000000,0.0000,-1,false,,-1,NONE,0.00000000,0.00000000,0.0000,0.0000,none,,none,false,NONE,-1,-1,-1,false,false,none,true,false,false,true,none,true,required,false,PERIOD_M5,,,-1,0.0000,false,0.00000000,0.0000,false,0.0000,false,none,none,false,no_anchor_flip_in_entry_direction,true,required_first_signal_only,LONG,unknown,0.00000000,,0.00000000,,false,,-1,false,NONE,0.00000000,,0.00000000,0.0000,0.0000,none,-1,false,false,false,no_anchor_flip_in_entry_direction,,,,false,false,false,-1,-1,-1,-1,-1,false,false,false,0.0000,range_n,true,1.16530000,1.16080000,5.6452,false,0.0000,0.0000,0,none,true,0.3400,shallow_236_382,0.080,diagnostic_only,diagnostic_only,diagnostic_only,fib_pullback,10,0.370,true,none,0.520,high_quality,false,false,diagnostic_only,both,true,none,true,diagnostic_adjacent_detected,required_light,false,false,SHORT,2,false,false,0,,,-1,0.0000,0.00000000,0.00000000,0.00000000,false,false,none,0.00000000,false,0.0000,0.0000,false,1,0.0000,false,-1,0.00000000,0.0000,off,false,not_evaluated,none,0.0000,0.0000,none,false,false,false,0.0000,none,false,none,0.0000,false,none,0.0000,0.0000,0.0000,0.0000,false,none,0.0000,none,none,false,false,none,0.0000,0.0000,0.0000,0.0000,none,false,false,0.0000,0.0000,false,false,-1,none,none,false,0.000,0.000,1.16401000,1.16375600,1.16401000,recent_rejection_zone,0.00024000,0.1633,session_high|opening_range_high|neckline_level,1.16372000,0.1020,false,true,true,false,not_blocked,9,5,4,m5_failure_exit,off,none,0.00000000,0.0000,1.30,1.16568000,4.200,-0.300,0.200,PERIOD_M15,1.16456000,1.16080000,0.2101,outside,0.000,true,1.16377000,1.16230000,0.00147000,1.16568000,1.299,0.00049000,18.00,0-30,true,false,none,not_consumed,4.500,4.500,none,0.0000,false,neckline_retest_failed,false,not_invalidated,spread_too_high
2025.11.14 16:05:00,blocked,session_reversal_pullback_one_symbol_first120,EURUSD,LONG,2025.11.14 16:00:00,16,13,22,london_newyork_overlap,2025.11.14 13:00,0,first_120min,true,true,3,EURUSD,highest_score_in_session_bar,london_newyork_overlap=USDJPY|EURJPY|GBPJPY|AUDJPY|EURUSD|GBPUSD,existing_first120_gate,london_newyork_overlap,false,false,true,passed_first_window,double_bottom,neckline_break_retest,1.16330000,PERIOD_M5,PERIOD_H1,PERIOD_M15,PERIOD_M5,PERIOD_M5,false,htf_soft_alignment,current_post_filter,transcript_post_filter,dow_range_or_transition,structure_trend_bias_dow_trend_down_ll_lh,dow_range_or_transition,structure_trend_bias_dow_trend_down_ll_lh,false,true,false,LONG,PERIOD_M5,double_bottom,double_bottom,4.200,none,0.000,double_bottom,4.200,none,0.000,LONG,false,PERIOD_H1_NONE_dow_range_or_transition|PERIOD_M15_SHORT_structure_trend_bias_dow_trend_down_ll_lh,true,h1_counter_m15_reversal,true,top_NONE_dow_range_or_transition|structure_SHORT_structure_trend_bias_dow_trend_down_ll_lh|structure_break_recent_confirmed_swing_break_failed|primary_break_recent_confirmed_swing_break_continuation,none,above_75sma_rising,above_75sma_rising,above_75sma_flat_or_falling,-1,0.00000000,0,1.16176000,false,off,NONE,NONE,0.00000000,0.00000000,0.0000,none,0.000,true,LONG,return_high_break_or_bos_up,1.16456000,3,1.16456000,1.16080000,false,off,independent,false,,,false,0.0000,none,0.0000,0.0000,none,0.0000,0.0000,0.0000,none,0.0000,0,0,0.0000,none,none,none,none,0.0000,0,0.0000,none,false,true,not_evaluated,true,required_light_or_anchor_flip,long_bias,1.16080000,2025.11.14 13:15:00,1.16361000,2025.11.14 10:30:00,2025.11.14 15:00:00,false,NONE,0.00000000,0.00000000,0.0000,-1,false,,-1,NONE,0.00000000,0.00000000,0.0000,0.0000,none,,none,false,NONE,-1,-1,-1,false,false,none,true,false,false,true,none,true,required,false,PERIOD_M5,,,-1,0.0000,false,0.00000000,0.0000,false,0.0000,false,none,none,false,no_anchor_flip_in_entry_direction,true,required_first_signal_only,LONG,unknown,0.00000000,,0.00000000,,false,,-1,false,NONE,0.00000000,,0.00000000,0.0000,0.0000,none,-1,false,false,false,no_anchor_flip_in_entry_direction,,,,false,false,false,-1,-1,-1,-1,-1,false,false,false,0.0000,range_n,true,1.16530000,1.16080000,5.6452,false,0.0000,0.0000,0,none,true,0.3400,shallow_236_382,0.080,diagnostic_only,diagnostic_only,diagnostic_only,fib_pullback,10,0.370,true,none,0.520,high_quality,false,false,diagnostic_only,both,true,none,true,diagnostic_adjacent_detected,required_light,false,false,SHORT,2,false,false,0,,,-1,0.0000,0.00000000,0.00000000,0.00000000,false,false,none,0.00000000,false,0.0000,0.0000,false,1,0.0000,false,-1,0.00000000,0.0000,off,false,not_evaluated,none,0.0000,0.0000,none,false,false,false,0.0000,none,false,none,0.0000,false,none,0.0000,0.0000,0.0000,0.0000,false,none,0.0000,none,none,false,false,none,0.0000,0.0000,0.0000,0.0000,none,false,false,0.0000,0.0000,false,false,-1,none,none,false,0.000,0.000,1.16401000,1.16375600,1.16401000,recent_rejection_zone,0.00024000,0.1633,session_high|opening_range_high|neckline_level,1.16372000,0.1020,false,true,true,false,not_blocked,9,5,4,m5_failure_exit,off,none,0.00000000,0.0000,1.30,1.16568000,4.200,-0.300,0.200,PERIOD_M15,1.16456000,1.16080000,0.2101,outside,0.000,true,1.16377000,1.16230000,0.00147000,1.16568000,1.299,0.00049000,18.00,0-30,true,false,none,blocked_spread_too_high,4.500,4.500,none,0.0000,false,neckline_retest_failed,false,not_invalidated,spread_too_high
2025.11.17 04:15:00,signal,session_reversal_pullback_one_symbol_first120,AUDJPY,SHORT,2025.11.17 04:10:00,4,1,10,tokyo,2025.11.17 00:00,70,first_120min,false,true,3,AUDJPY,highest_score_in_session_bar,tokyo=USDJPY|EURJPY|GBPJPY|AUDJPY,existing_first120_gate,tokyo,true,false,true,passed_first_window,double_top,neckline_break_retest,100.86800000,PERIOD_M5,PERIOD_H1,PERIOD_M15,PERIOD_M5,PERIOD_M5,false,htf_soft_alignment,current_post_filter,transcript_post_filter,dow_range_or_transition,structure_trend_bias_dow_trend_down_ll_lh,dow_range_or_transition,structure_trend_bias_dow_trend_down_ll_lh,false,false,true,SHORT,PERIOD_M5,double_top,double_top,4.200,none,0.000,double_top,4.200,none,0.000,SHORT,false,PERIOD_H1_NONE_dow_range_or_transition|PERIOD_M15_SHORT_structure_trend_bias_dow_trend_down_ll_lh,true,h1_counter_m15_reversal,true,top_NONE_dow_range_or_transition|structure_SHORT_structure_trend_bias_dow_trend_down_ll_lh|structure_break_recent_confirmed_swing_break_failed|primary_break_recent_confirmed_swing_break_failed,none,below_75sma_flat_or_rising,below_75sma_falling,below_75sma_falling,-1,0.00000000,-1,0.00000000,false,off,NONE,NONE,0.00000000,0.00000000,0.0000,none,0.000,true,SHORT,return_low_break_or_bos_down,100.78600000,1,101.05300000,100.75000000,false,off,independent,false,,,false,0.0000,none,0.0000,0.0000,none,0.0000,0.0000,0.0000,none,0.0000,0,0,0.0000,none,none,none,none,0.0000,0,0.0000,none,false,true,not_evaluated,true,required_light_or_anchor_flip,short_bias,100.21700000,2025.11.14 15:30:00,101.02200000,2025.11.17 01:45:00,2025.11.17 02:15:00,false,NONE,0.00000000,0.00000000,0.0000,-1,false,,-1,NONE,0.00000000,0.00000000,0.0000,0.0000,none,,none,false,NONE,-1,-1,-1,false,false,none,true,false,false,true,none,true,required,false,PERIOD_M5,,,-1,0.0000,false,0.00000000,0.0000,false,0.0000,false,none,none,false,no_anchor_flip_in_entry_direction,true,required_first_signal_only,SHORT,unknown,0.00000000,,0.00000000,,false,,-1,false,NONE,0.00000000,,0.00000000,0.0000,0.0000,none,-1,false,false,false,no_anchor_flip_in_entry_direction,,,,false,false,false,-1,-1,-1,-1,-1,false,false,false,0.0000,falling_n,false,101.06000000,100.78600000,2.8206,false,0.0000,0.0000,0,none,true,0.3366,shallow_236_382,0.080,diagnostic_only,diagnostic_only,diagnostic_only,shallow_pullback,24,0.330,true,none,0.480,high_quality,false,false,diagnostic_only,both,true,none,true,diagnostic_adjacent_detected,required_light,false,false,LONG,5,false,false,1,2025.11.17 02:15:00,2025.11.17 03:20:00,10,3.5559,0.00000000,100.81900000,100.81900000,true,true,m5_hl_close_break_down,100.81900000,true,0.3910,0.8936,true,1,0.6144,false,6,100.81900000,0.1489,off,false,not_evaluated,none,0.7353,0.2647,strong,false,false,false,0.6144,held_no_close_back,true,favorable_side,0.4444,true,strong_retest,1.6569,3.5559,0.4660,0.0000,true,strong_exhaustion,0.0000,none,none,false,false,none,0.0000,0.0000,0.0000,0.0000,none,false,false,0.0000,0.0000,false,false,-1,none,none,false,0.000,0.000,100.86800000,100.81900000,100.81900000,opening_range_low,0.03300000,0.3626,neckline_level,100.86800000,0.2979,false,true,true,false,not_blocked,8,4,4,m5_failure_exit,off,none,0.00000000,0.0000,1.30,100.73400000,4.200,-0.300,0.200,PERIOD_M15,101.02200000,100.78600000,0.2797,outside,0.000,true,100.85200000,100.94300000,0.09100000,100.73400000,1.297,0.05371429,28.00,60-90,true,false,none,not_consumed,4.300,4.300,none,0.0000,false,neckline_retest_failed,false,not_invalidated,spread_too_high
2025.11.17 04:15:00,blocked,session_reversal_pullback_one_symbol_first120,AUDJPY,SHORT,2025.11.17 04:10:00,4,1,10,tokyo,2025.11.17 00:00,70,first_120min,false,true,3,AUDJPY,highest_score_in_session_bar,tokyo=USDJPY|EURJPY|GBPJPY|AUDJPY,existing_first120_gate,tokyo,true,false,true,passed_first_window,double_top,neckline_break_retest,100.86800000,PERIOD_M5,PERIOD_H1,PERIOD_M15,PERIOD_M5,PERIOD_M5,false,htf_soft_alignment,current_post_filter,transcript_post_filter,dow_range_or_transition,structure_trend_bias_dow_trend_down_ll_lh,dow_range_or_transition,structure_trend_bias_dow_trend_down_ll_lh,false,false,true,SHORT,PERIOD_M5,double_top,double_top,4.200,none,0.000,double_top,4.200,none,0.000,SHORT,false,PERIOD_H1_NONE_dow_range_or_transition|PERIOD_M15_SHORT_structure_trend_bias_dow_trend_down_ll_lh,true,h1_counter_m15_reversal,true,top_NONE_dow_range_or_transition|structure_SHORT_structure_trend_bias_dow_trend_down_ll_lh|structure_break_recent_confirmed_swing_break_failed|primary_break_recent_confirmed_swing_break_failed,none,below_75sma_flat_or_rising,below_75sma_falling,below_75sma_falling,-1,0.00000000,-1,0.00000000,false,off,NONE,NONE,0.00000000,0.00000000,0.0000,none,0.000,true,SHORT,return_low_break_or_bos_down,100.78600000,1,101.05300000,100.75000000,false,off,independent,false,,,false,0.0000,none,0.0000,0.0000,none,0.0000,0.0000,0.0000,none,0.0000,0,0,0.0000,none,none,none,none,0.0000,0,0.0000,none,false,true,not_evaluated,true,required_light_or_anchor_flip,short_bias,100.21700000,2025.11.14 15:30:00,101.02200000,2025.11.17 01:45:00,2025.11.17 02:15:00,false,NONE,0.00000000,0.00000000,0.0000,-1,false,,-1,NONE,0.00000000,0.00000000,0.0000,0.0000,none,,none,false,NONE,-1,-1,-1,false,false,none,true,false,false,true,none,true,required,false,PERIOD_M5,,,-1,0.0000,false,0.00000000,0.0000,false,0.0000,false,none,none,false,no_anchor_flip_in_entry_direction,true,required_first_signal_only,SHORT,unknown,0.00000000,,0.00000000,,false,,-1,false,NONE,0.00000000,,0.00000000,0.0000,0.0000,none,-1,false,false,false,no_anchor_flip_in_entry_direction,,,,false,false,false,-1,-1,-1,-1,-1,false,false,false,0.0000,falling_n,false,101.06000000,100.78600000,2.8206,false,0.0000,0.0000,0,none,true,0.3366,shallow_236_382,0.080,diagnostic_only,diagnostic_only,diagnostic_only,shallow_pullback,24,0.330,true,none,0.480,high_quality,false,false,diagnostic_only,both,true,none,true,diagnostic_adjacent_detected,required_light,false,false,LONG,5,false,false,1,2025.11.17 02:15:00,2025.11.17 03:20:00,10,3.5559,0.00000000,100.81900000,100.81900000,true,true,m5_hl_close_break_down,100.81900000,true,0.3910,0.8936,true,1,0.6144,false,6,100.81900000,0.1489,off,false,not_evaluated,none,0.7353,0.2647,strong,false,false,false,0.6144,held_no_close_back,true,favorable_side,0.4444,true,strong_retest,1.6569,3.5559,0.4660,0.0000,true,strong_exhaustion,0.0000,none,none,false,false,none,0.0000,0.0000,0.0000,0.0000,none,false,false,0.0000,0.0000,false,false,-1,none,none,false,0.000,0.000,100.86800000,100.81900000,100.81900000,opening_range_low,0.03300000,0.3626,neckline_level,100.86800000,0.2979,false,true,true,false,not_blocked,8,4,4,m5_failure_exit,off,none,0.00000000,0.0000,1.30,100.73400000,4.200,-0.300,0.200,PERIOD_M15,101.02200000,100.78600000,0.2797,outside,0.000,true,100.85200000,100.94300000,0.09100000,100.73400000,1.297,0.05371429,28.00,60-90,true,false,none,blocked_spread_too_high,4.300,4.300,none,0.0000,false,neckline_retest_failed,false,not_invalidated,spread_too_high
2025.11.17 11:05:00,signal,session_reversal_pullback_one_symbol_first120,AUDJPY,SHORT,2025.11.17 11:00:00,11,8,17,london,2025.11.17 07:00,60,first_120min,false,true,3,AUDJPY,highest_score_in_session_bar,london=USDJPY|EURJPY|GBPJPY|AUDJPY|EURUSD|GBPUSD,existing_first120_gate,london,false,false,true,passed_first_window,double_top,neckline_break_retest,100.91400000,PERIOD_M5,PERIOD_H1,PERIOD_M15,PERIOD_M5,PERIOD_M5,false,htf_soft_alignment,current_post_filter,transcript_post_filter,dow_trend_up_hh_hl,structure_trend_bias_dow_trend_up_hh_hl,dow_trend_up_hh_hl,structure_trend_bias_dow_trend_up_hh_hl,false,false,true,SHORT,PERIOD_M5,double_top,double_top,4.200,none,0.000,double_top,4.200,none,0.000,SHORT,false,PERIOD_H1_LONG_dow_trend_up_hh_hl|PERIOD_M15_LONG_structure_trend_bias_dow_trend_up_hh_hl,true,h1_counter_m15_reversal,true,top_LONG_dow_trend_up_hh_hl|structure_LONG_structure_trend_bias_dow_trend_up_hh_hl|structure_break_recent_confirmed_swing_break_failed|primary_break_recent_confirmed_swing_break_retest,none,below_75sma_flat_or_rising,below_75sma_flat_or_rising,below_75sma_flat_or_rising,-1,0.00000000,2,100.88100000,false,off,NONE,NONE,0.00000000,0.00000000,0.0000,none,0.000,true,SHORT,return_low_break_or_bos_down,100.82700000,18,101.12500000,100.73300000,false,off,independent,false,,,false,0.0000,none,0.0000,0.0000,none,0.0000,0.0000,0.0000,none,0.0000,0,0,0.0000,none,none,none,none,0.0000,0,0.0000,none,false,true,not_evaluated,true,required_light_or_anchor_flip,long_bias,100.88100000,2025.11.17 08:45:00,101.02200000,2025.11.17 01:45:00,2025.11.17 09:45:00,false,NONE,0.00000000,0.00000000,0.0000,-1,false,,-1,NONE,0.00000000,0.00000000,0.0000,0.0000,none,,none,false,NONE,-1,-1,-1,false,false,none,false,true,false,true,none,true,required,false,PERIOD_M5,,,-1,0.0000,false,0.00000000,0.0000,false,0.0000,false,none,none,false,no_anchor_flip_in_entry_direction,true,required_first_signal_only,SHORT,unknown,0.00000000,,0.00000000,,false,,-1,false,NONE,0.00000000,,0.00000000,0.0000,0.0000,none,-1,false,false,false,no_anchor_flip_in_entry_direction,,,,false,false,false,-1,-1,-1,-1,-1,false,false,false,0.0000,rising_n,false,101.12500000,100.73300000,5.1338,false,0.0000,0.0000,0,none,true,0.3980,preferred_382_618,0.200,diagnostic_only,diagnostic_only,diagnostic_only,shallow_pullback,4,0.490,true,none,0.640,high_quality,false,false,diagnostic_only,both,true,none,true,diagnostic_adjacent_detected,required_light,false,false,LONG,3,false,false,0,,,-1,0.0000,0.00000000,0.00000000,0.00000000,false,false,none,0.00000000,false,0.0000,0.0000,false,1,0.0000,false,-1,0.00000000,0.0000,off,false,not_evaluated,none,0.0000,0.0000,none,false,false,false,0.0000,none,false,none,0.0000,false,none,0.0000,0.0000,0.0000,0.0000,false,none,0.0000,none,none,false,false,none,0.0000,0.0000,0.0000,0.0000,none,false,false,0.0000,0.0000,false,false,-1,none,none,false,0.000,0.000,100.89585714,100.86500000,100.86500000,session_low,0.02400000,0.2609,opening_range_low|neckline_level,100.91400000,0.5109,false,true,false,false,not_blocked,2,2,0,m5_failure_exit,off,none,0.00000000,0.0000,1.30,100.77000000,4.200,-0.300,0.200,PERIOD_M15,101.12500000,100.81600000,0.2362,outside,0.000,true,100.88900000,100.98100000,0.09200000,100.77000000,1.293,0.04892857,28.00,60-90,true,false,none,not_consumed,4.500,4.500,none,0.0000,false,neckline_retest_failed,false,not_invalidated,spread_too_high
2025.11.17 11:05:00,blocked,session_reversal_pullback_one_symbol_first120,AUDJPY,SHORT,2025.11.17 11:00:00,11,8,17,london,2025.11.17 07:00,60,first_120min,false,true,3,AUDJPY,highest_score_in_session_bar,london=USDJPY|EURJPY|GBPJPY|AUDJPY|EURUSD|GBPUSD,existing_first120_gate,london,false,false,true,passed_first_window,double_top,neckline_break_retest,100.91400000,PERIOD_M5,PERIOD_H1,PERIOD_M15,PERIOD_M5,PERIOD_M5,false,htf_soft_alignment,current_post_filter,transcript_post_filter,dow_trend_up_hh_hl,structure_trend_bias_dow_trend_up_hh_hl,dow_trend_up_hh_hl,structure_trend_bias_dow_trend_up_hh_hl,false,false,true,SHORT,PERIOD_M5,double_top,double_top,4.200,none,0.000,double_top,4.200,none,0.000,SHORT,false,PERIOD_H1_LONG_dow_trend_up_hh_hl|PERIOD_M15_LONG_structure_trend_bias_dow_trend_up_hh_hl,true,h1_counter_m15_reversal,true,top_LONG_dow_trend_up_hh_hl|structure_LONG_structure_trend_bias_dow_trend_up_hh_hl|structure_break_recent_confirmed_swing_break_failed|primary_break_recent_confirmed_swing_break_retest,none,below_75sma_flat_or_rising,below_75sma_flat_or_rising,below_75sma_flat_or_rising,-1,0.00000000,2,100.88100000,false,off,NONE,NONE,0.00000000,0.00000000,0.0000,none,0.000,true,SHORT,return_low_break_or_bos_down,100.82700000,18,101.12500000,100.73300000,false,off,independent,false,,,false,0.0000,none,0.0000,0.0000,none,0.0000,0.0000,0.0000,none,0.0000,0,0,0.0000,none,none,none,none,0.0000,0,0.0000,none,false,true,not_evaluated,true,required_light_or_anchor_flip,long_bias,100.88100000,2025.11.17 08:45:00,101.02200000,2025.11.17 01:45:00,2025.11.17 09:45:00,false,NONE,0.00000000,0.00000000,0.0000,-1,false,,-1,NONE,0.00000000,0.00000000,0.0000,0.0000,none,,none,false,NONE,-1,-1,-1,false,false,none,false,true,false,true,none,true,required,false,PERIOD_M5,,,-1,0.0000,false,0.00000000,0.0000,false,0.0000,false,none,none,false,no_anchor_flip_in_entry_direction,true,required_first_signal_only,SHORT,unknown,0.00000000,,0.00000000,,false,,-1,false,NONE,0.00000000,,0.00000000,0.0000,0.0000,none,-1,false,false,false,no_anchor_flip_in_entry_direction,,,,false,false,false,-1,-1,-1,-1,-1,false,false,false,0.0000,rising_n,false,101.12500000,100.73300000,5.1338,false,0.0000,0.0000,0,none,true,0.3980,preferred_382_618,0.200,diagnostic_only,diagnostic_only,diagnostic_only,shallow_pullback,4,0.490,true,none,0.640,high_quality,false,false,diagnostic_only,both,true,none,true,diagnostic_adjacent_detected,required_light,false,false,LONG,3,false,false,0,,,-1,0.0000,0.00000000,0.00000000,0.00000000,false,false,none,0.00000000,false,0.0000,0.0000,false,1,0.0000,false,-1,0.00000000,0.0000,off,false,not_evaluated,none,0.0000,0.0000,none,false,false,false,0.0000,none,false,none,0.0000,false,none,0.0000,0.0000,0.0000,0.0000,false,none,0.0000,none,none,false,false,none,0.0000,0.0000,0.0000,0.0000,none,false,false,0.0000,0.0000,false,false,-1,none,none,false,0.000,0.000,100.89585714,100.86500000,100.86500000,session_low,0.02400000,0.2609,opening_range_low|neckline_level,100.91400000,0.5109,false,true,false,false,not_blocked,2,2,0,m5_failure_exit,off,none,0.00000000,0.0000,1.30,100.77000000,4.200,-0.300,0.200,PERIOD_M15,101.12500000,100.81600000,0.2362,outside,0.000,true,100.88900000,100.98100000,0.09200000,100.77000000,1.293,0.04892857,28.00,60-90,true,false,none,blocked_spread_too_high,4.500,4.500,none,0.0000,false,neckline_retest_failed,false,not_invalidated,spread_too_high
2025.11.17 16:30:00,signal,session_reversal_pullback_one_symbol_first120,GBPUSD,SHORT,2025.11.17 16:25:00,16,13,22,london_newyork_overlap,2025.11.17 13:00,25,first_120min,true,true,3,GBPUSD,highest_score_in_session_bar,london_newyork_overlap=USDJPY|EURJPY|GBPJPY|AUDJPY|EURUSD|GBPUSD,existing_first120_gate,london_newyork_overlap,false,false,true,passed_first_window,head_and_shoulders,neckline_break_retest,1.31749000,PERIOD_M5,PERIOD_H1,PERIOD_M15,PERIOD_M5,PERIOD_M5,false,htf_soft_alignment,current_post_filter,transcript_post_filter,dow_trend_up_hh_hl,no_ordered_dow_wave3_break,dow_trend_up_hh_hl,no_ordered_dow_wave3_break,false,false,true,SHORT,PERIOD_M5,head_and_shoulders,head_and_shoulders,4.500,none,0.000,head_and_shoulders,4.500,none,0.000,SHORT,false,PERIOD_H1_LONG_dow_trend_up_hh_hl|PERIOD_M15_NONE_no_ordered_dow_wave3_break,true,h1_counter_m15_reversal,true,top_LONG_dow_trend_up_hh_hl|structure_NONE_no_ordered_dow_wave3_break|structure_break_recent_confirmed_swing_break_failed|primary_break_recent_confirmed_swing_break_retest,none,above_75sma_rising,above_75sma_rising,below_75sma_falling,-1,0.00000000,0,1.31708000,false,off,NONE,NONE,0.00000000,0.00000000,0.0000,none,0.000,true,SHORT,return_low_break_or_bos_down,1.31575000,14,1.31923000,1.31482000,false,off,independent,false,,,false,0.0000,none,0.0000,0.0000,none,0.0000,0.0000,0.0000,none,0.0000,0,0,0.0000,none,none,none,none,0.0000,0,0.0000,none,false,true,not_evaluated,true,required_light_or_anchor_flip,long_bias,1.31482000,2025.11.17 13:00:00,1.31703000,2025.11.17 12:30:00,2025.11.17 14:45:00,false,NONE,0.00000000,0.00000000,0.0000,-1,false,,-1,NONE,0.00000000,0.00000000,0.0000,0.0000,none,,none,false,NONE,-1,-1,-1,false,false,none,false,true,false,true,none,true,required,false,PERIOD_M5,,,-1,0.0000,false,0.00000000,0.0000,false,0.0000,false,none,none,false,no_anchor_flip_in_entry_direction,true,required_first_signal_only,SHORT,unknown,0.00000000,,0.00000000,,false,,-1,false,NONE,0.00000000,,0.00000000,0.0000,0.0000,none,-1,false,false,false,no_anchor_flip_in_entry_direction,,,,false,false,false,-1,-1,-1,-1,-1,false,false,false,0.0000,rising_n,false,1.31923000,1.31482000,4.6491,false,0.0000,0.0000,0,none,true,0.4717,preferred_382_618,0.200,diagnostic_only,diagnostic_only,diagnostic_only,fib_pullback,6,0.440,true,none,0.590,high_quality,false,false,diagnostic_only,both,true,none,true,diagnostic_adjacent_detected,required_light,false,false,LONG,4,false,false,0,2025.11.17 14:45:00,2025.11.17 16:00:00,5,4.4858,0.00000000,1.31708000,1.31708000,true,true,m5_hl_close_break_down,1.31708000,true,0.3756,1.0224,true,1,0.0000,false,0,1.31708000,0.7928,off,false,not_evaluated,none,0.5600,0.0300,normal,false,false,false,0.0000,no_following_closed_bar,false,none,0.0000,false,no_retest,3.3800,3.2131,1.0519,0.0000,true,strong_exhaustion,0.0000,none,none,false,false,none,0.0000,0.0000,0.0000,0.0000,none,false,false,0.0000,0.0000,false,false,-1,none,none,false,0.000,0.000,1.31708000,1.31687000,0.00000000,none,0.00000000,0.0000,session_low|opening_range_low|neckline_level,1.31687000,0.0626,true,false,false,false,not_blocked,0,0,0,m5_failure_exit,off,none,0.00000000,0.0000,1.30,1.31503000,4.500,0.350,0.200,PERIOD_M15,1.31923000,1.31482000,0.4717,preferred_382_618,0.000,true,1.31690000,1.31834000,0.00144000,1.31503000,1.299,0.00047929,20.00,0-30,true,false,none,not_consumed,5.450,5.450,none,0.0000,false,opposite_break_first,true,opposite_break_first,spread_too_high
2025.11.17 16:30:00,blocked,session_reversal_pullback_one_symbol_first120,GBPUSD,SHORT,2025.11.17 16:25:00,16,13,22,london_newyork_overlap,2025.11.17 13:00,25,first_120min,true,true,3,GBPUSD,highest_score_in_session_bar,london_newyork_overlap=USDJPY|EURJPY|GBPJPY|AUDJPY|EURUSD|GBPUSD,existing_first120_gate,london_newyork_overlap,false,false,true,passed_first_window,head_and_shoulders,neckline_break_retest,1.31749000,PERIOD_M5,PERIOD_H1,PERIOD_M15,PERIOD_M5,PERIOD_M5,false,htf_soft_alignment,current_post_filter,transcript_post_filter,dow_trend_up_hh_hl,no_ordered_dow_wave3_break,dow_trend_up_hh_hl,no_ordered_dow_wave3_break,false,false,true,SHORT,PERIOD_M5,head_and_shoulders,head_and_shoulders,4.500,none,0.000,head_and_shoulders,4.500,none,0.000,SHORT,false,PERIOD_H1_LONG_dow_trend_up_hh_hl|PERIOD_M15_NONE_no_ordered_dow_wave3_break,true,h1_counter_m15_reversal,true,top_LONG_dow_trend_up_hh_hl|structure_NONE_no_ordered_dow_wave3_break|structure_break_recent_confirmed_swing_break_failed|primary_break_recent_confirmed_swing_break_retest,none,above_75sma_rising,above_75sma_rising,below_75sma_falling,-1,0.00000000,0,1.31708000,false,off,NONE,NONE,0.00000000,0.00000000,0.0000,none,0.000,true,SHORT,return_low_break_or_bos_down,1.31575000,14,1.31923000,1.31482000,false,off,independent,false,,,false,0.0000,none,0.0000,0.0000,none,0.0000,0.0000,0.0000,none,0.0000,0,0,0.0000,none,none,none,none,0.0000,0,0.0000,none,false,true,not_evaluated,true,required_light_or_anchor_flip,long_bias,1.31482000,2025.11.17 13:00:00,1.31703000,2025.11.17 12:30:00,2025.11.17 14:45:00,false,NONE,0.00000000,0.00000000,0.0000,-1,false,,-1,NONE,0.00000000,0.00000000,0.0000,0.0000,none,,none,false,NONE,-1,-1,-1,false,false,none,false,true,false,true,none,true,required,false,PERIOD_M5,,,-1,0.0000,false,0.00000000,0.0000,false,0.0000,false,none,none,false,no_anchor_flip_in_entry_direction,true,required_first_signal_only,SHORT,unknown,0.00000000,,0.00000000,,false,,-1,false,NONE,0.00000000,,0.00000000,0.0000,0.0000,none,-1,false,false,false,no_anchor_flip_in_entry_direction,,,,false,false,false,-1,-1,-1,-1,-1,false,false,false,0.0000,rising_n,false,1.31923000,1.31482000,4.6491,false,0.0000,0.0000,0,none,true,0.4717,preferred_382_618,0.200,diagnostic_only,diagnostic_only,diagnostic_only,fib_pullback,6,0.440,true,none,0.590,high_quality,false,false,diagnostic_only,both,true,none,true,diagnostic_adjacent_detected,required_light,false,false,LONG,4,false,false,0,2025.11.17 14:45:00,2025.11.17 16:00:00,5,4.4858,0.00000000,1.31708000,1.31708000,true,true,m5_hl_close_break_down,1.31708000,true,0.3756,1.0224,true,1,0.0000,false,0,1.31708000,0.7928,off,false,not_evaluated,none,0.5600,0.0300,normal,false,false,false,0.0000,no_following_closed_bar,false,none,0.0000,false,no_retest,3.3800,3.2131,1.0519,0.0000,true,strong_exhaustion,0.0000,none,none,false,false,none,0.0000,0.0000,0.0000,0.0000,none,false,false,0.0000,0.0000,false,false,-1,none,none,false,0.000,0.000,1.31708000,1.31687000,0.00000000,none,0.00000000,0.0000,session_low|opening_range_low|neckline_level,1.31687000,0.0626,true,false,false,false,not_blocked,0,0,0,m5_failure_exit,off,none,0.00000000,0.0000,1.30,1.31503000,4.500,0.350,0.200,PERIOD_M15,1.31923000,1.31482000,0.4717,preferred_382_618,0.000,true,1.31690000,1.31834000,0.00144000,1.31503000,1.299,0.00047929,20.00,0-30,true,false,none,blocked_spread_too_high,5.450,5.450,none,0.0000,false,opposite_break_first,true,opposite_break_first,spread_too_high
2025.11.17 20:25:00,signal,session_reversal_pullback_one_symbol_first120,AUDJPY,SHORT,2025.11.17 20:20:00,20,17,2,new_york,2025.11.17 16:00,80,first_120min,false,true,3,AUDJPY,highest_score_in_session_bar,new_york=USDJPY|EURJPY|GBPJPY|AUDJPY|EURUSD|GBPUSD,existing_first120_gate,new_york,false,false,true,passed_first_window,head_and_shoulders,neckline_break_retest,100.97400000,PERIOD_M5,PERIOD_H1,PERIOD_M15,PERIOD_M5,PERIOD_M5,false,htf_soft_alignment,current_post_filter,transcript_post_filter,dow_range_or_transition,structure_trend_bias_dow_trend_up_hh_hl,dow_range_or_transition,structure_trend_bias_dow_trend_up_hh_hl,false,false,true,SHORT,PERIOD_M5,head_and_shoulders,head_and_shoulders,4.500,none,0.000,head_and_shoulders,4.500,none,0.000,SHORT,false,PERIOD_H1_NONE_dow_range_or_transition|PERIOD_M15_LONG_structure_trend_bias_dow_trend_up_hh_hl,true,h1_counter_m15_reversal,true,top_NONE_dow_range_or_transition|structure_LONG_structure_trend_bias_dow_trend_up_hh_hl|structure_break_recent_confirmed_swing_break_failed|primary_break_no_recent_confirmed_swing_break,none,below_75sma_falling,above_75sma_rising,below_75sma_flat_or_rising,-1,0.00000000,-1,0.00000000,false,off,NONE,NONE,0.00000000,0.00000000,0.0000,none,0.000,true,SHORT,return_low_break_or_bos_down,100.82700000,15,101.14100000,100.76200000,false,off,independent,false,,,false,0.0000,none,0.0000,0.0000,none,0.0000,0.0000,0.0000,none,0.0000,0,0,0.0000,none,none,none,none,0.0000,0,0.0000,none,false,true,not_evaluated,true,required_light_or_anchor_flip,long_bias,100.76200000,2025.11.17 15:45:00,101.12500000,2025.11.17 09:45:00,2025.11.17 19:00:00,false,NONE,0.00000000,0.00000000,0.0000,-1,false,,-1,NONE,0.00000000,0.00000000,0.0000,0.0000,none,,none,false,NONE,-1,-1,-1,false,false,none,false,true,false,true,none,true,required,false,PERIOD_M5,,,-1,0.0000,false,0.00000000,0.0000,false,0.0000,false,none,none,false,no_anchor_flip_in_entry_direction,true,required_first_signal_only,SHORT,unknown,0.00000000,,0.00000000,,false,,-1,false,NONE,0.00000000,,0.00000000,0.0000,0.0000,none,-1,false,false,false,no_anchor_flip_in_entry_direction,,,,false,false,false,-1,-1,-1,-1,-1,false,false,false,0.0000,rising_n,false,101.14100000,100.76200000,3.7954,false,0.0000,0.0000,0,none,true,0.4828,preferred_382_618,0.200,diagnostic_only,diagnostic_only,diagnostic_only,fib_pullback,4,0.440,true,none,0.590,high_quality,false,false,diagnostic_only,both,true,none,true,diagnostic_adjacent_detected,required_light,false,false,LONG,2,false,false,0,,,-1,0.0000,0.00000000,0.00000000,0.00000000,false,false,none,0.00000000,false,0.0000,0.0000,false,1,0.0000,false,-1,0.00000000,0.0000,off,false,not_evaluated,none,0.0000,0.0000,none,false,false,false,0.0000,none,false,none,0.0000,false,none,0.0000,0.0000,0.0000,0.0000,false,none,0.0000,none,none,false,false,none,0.0000,0.0000,0.0000,0.0000,none,false,false,0.0000,0.0000,false,false,-1,none,none,false,0.000,0.000,100.94600000,100.92700000,100.92700000,session_low,0.01800000,0.1667,opening_range_low|neckline_level,100.97400000,0.5842,false,true,true,false,not_blocked,2,1,1,m5_failure_exit,off,none,0.00000000,0.0000,1.30,100.80500000,4.500,-0.300,0.200,PERIOD_M15,101.14100000,100.80100000,0.4235,preferred_382_618,0.000,true,100.94500000,101.05300000,0.10800000,100.80500000,1.296,0.04964286,28.00,60-90,true,false,none,not_consumed,4.600,4.600,none,0.0000,false,neckline_retest_failed,false,not_invalidated,spread_too_high
2025.11.17 20:25:00,blocked,session_reversal_pullback_one_symbol_first120,AUDJPY,SHORT,2025.11.17 20:20:00,20,17,2,new_york,2025.11.17 16:00,80,first_120min,false,true,3,AUDJPY,highest_score_in_session_bar,new_york=USDJPY|EURJPY|GBPJPY|AUDJPY|EURUSD|GBPUSD,existing_first120_gate,new_york,false,false,true,passed_first_window,head_and_shoulders,neckline_break_retest,100.97400000,PERIOD_M5,PERIOD_H1,PERIOD_M15,PERIOD_M5,PERIOD_M5,false,htf_soft_alignment,current_post_filter,transcript_post_filter,dow_range_or_transition,structure_trend_bias_dow_trend_up_hh_hl,dow_range_or_transition,structure_trend_bias_dow_trend_up_hh_hl,false,false,true,SHORT,PERIOD_M5,head_and_shoulders,head_and_shoulders,4.500,none,0.000,head_and_shoulders,4.500,none,0.000,SHORT,false,PERIOD_H1_NONE_dow_range_or_transition|PERIOD_M15_LONG_structure_trend_bias_dow_trend_up_hh_hl,true,h1_counter_m15_reversal,true,top_NONE_dow_range_or_transition|structure_LONG_structure_trend_bias_dow_trend_up_hh_hl|structure_break_recent_confirmed_swing_break_failed|primary_break_no_recent_confirmed_swing_break,none,below_75sma_falling,above_75sma_rising,below_75sma_flat_or_rising,-1,0.00000000,-1,0.00000000,false,off,NONE,NONE,0.00000000,0.00000000,0.0000,none,0.000,true,SHORT,return_low_break_or_bos_down,100.82700000,15,101.14100000,100.76200000,false,off,independent,false,,,false,0.0000,none,0.0000,0.0000,none,0.0000,0.0000,0.0000,none,0.0000,0,0,0.0000,none,none,none,none,0.0000,0,0.0000,none,false,true,not_evaluated,true,required_light_or_anchor_flip,long_bias,100.76200000,2025.11.17 15:45:00,101.12500000,2025.11.17 09:45:00,2025.11.17 19:00:00,false,NONE,0.00000000,0.00000000,0.0000,-1,false,,-1,NONE,0.00000000,0.00000000,0.0000,0.0000,none,,none,false,NONE,-1,-1,-1,false,false,none,false,true,false,true,none,true,required,false,PERIOD_M5,,,-1,0.0000,false,0.00000000,0.0000,false,0.0000,false,none,none,false,no_anchor_flip_in_entry_direction,true,required_first_signal_only,SHORT,unknown,0.00000000,,0.00000000,,false,,-1,false,NONE,0.00000000,,0.00000000,0.0000,0.0000,none,-1,false,false,false,no_anchor_flip_in_entry_direction,,,,false,false,false,-1,-1,-1,-1,-1,false,false,false,0.0000,rising_n,false,101.14100000,100.76200000,3.7954,false,0.0000,0.0000,0,none,true,0.4828,preferred_382_618,0.200,diagnostic_only,diagnostic_only,diagnostic_only,fib_pullback,4,0.440,true,none,0.590,high_quality,false,false,diagnostic_only,both,true,none,true,diagnostic_adjacent_detected,required_light,false,false,LONG,2,false,false,0,,,-1,0.0000,0.00000000,0.00000000,0.00000000,false,false,none,0.00000000,false,0.0000,0.0000,false,1,0.0000,false,-1,0.00000000,0.0000,off,false,not_evaluated,none,0.0000,0.0000,none,false,false,false,0.0000,none,false,none,0.0000,false,none,0.0000,0.0000,0.0000,0.0000,false,none,0.0000,none,none,false,false,none,0.0000,0.0000,0.0000,0.0000,none,false,false,0.0000,0.0000,false,false,-1,none,none,false,0.000,0.000,100.94600000,100.92700000,100.92700000,session_low,0.01800000,0.1667,opening_range_low|neckline_level,100.97400000,0.5842,false,true,true,false,not_blocked,2,1,1,m5_failure_exit,off,none,0.00000000,0.0000,1.30,100.80500000,4.500,-0.300,0.200,PERIOD_M15,101.14100000,100.80100000,0.4235,preferred_382_618,0.000,true,100.94500000,101.05300000,0.10800000,100.80500000,1.296,0.04964286,28.00,60-90,true,false,none,blocked_spread_too_high,4.600,4.600,none,0.0000,false,neckline_retest_failed,false,not_invalidated,spread_too_high
2025.11.18 10:05:00,signal,session_reversal_pullback_one_symbol_first120,AUDJPY,LONG,2025.11.18 10:00:00,10,7,16,london,2025.11.18 07:00,0,first_120min,true,true,3,AUDJPY,highest_score_in_session_bar,london=USDJPY|EURJPY|GBPJPY|AUDJPY|EURUSD|GBPUSD,existing_first120_gate,london,false,false,true,passed_first_window,inverse_head_and_shoulders,neckline_break_retest,100.50100000,PERIOD_M5,PERIOD_H1,PERIOD_M15,PERIOD_M5,PERIOD_M5,false,htf_soft_alignment,current_post_filter,transcript_post_filter,dow_trend_down_ll_lh,structure_trend_bias_dow_trend_down_ll_lh,dow_trend_down_ll_lh,structure_trend_bias_dow_trend_down_ll_lh,false,true,false,LONG,PERIOD_M5,inverse_head_and_shoulders,inverse_head_and_shoulders,4.500,none,0.000,inverse_head_and_shoulders,4.500,none,0.000,LONG,false,PERIOD_H1_SHORT_dow_trend_down_ll_lh|PERIOD_M15_SHORT_structure_trend_bias_dow_trend_down_ll_lh,true,h1_counter_m15_reversal,true,top_SHORT_dow_trend_down_ll_lh|structure_SHORT_structure_trend_bias_dow_trend_down_ll_lh|structure_break_recent_confirmed_swing_break_failed|primary_break_recent_confirmed_swing_break_retest,none,below_75sma_falling,below_75sma_falling,above_75sma_flat_or_falling,-1,0.00000000,0,100.50100000,false,off,NONE,NONE,0.00000000,0.00000000,0.0000,none,0.000,true,LONG,return_high_break_or_bos_up,100.79900000,22,100.84800000,100.13500000,false,off,independent,false,,,false,0.0000,none,0.0000,0.0000,none,0.0000,0.0000,0.0000,none,0.0000,0,0,0.0000,none,none,none,none,0.0000,0,0.0000,none,false,true,not_evaluated,true,required_light_or_anchor_flip,short_bias,100.64700000,2025.11.18 00:00:00,100.88900000,2025.11.18 01:00:00,2025.11.18 06:15:00,false,NONE,0.00000000,0.00000000,0.0000,-1,false,,-1,NONE,0.00000000,0.00000000,0.0000,0.0000,none,,none,false,NONE,-1,-1,-1,false,false,none,false,true,false,true,none,true,required,false,PERIOD_M5,,,-1,0.0000,false,0.00000000,0.0000,false,0.0000,false,none,none,false,no_anchor_flip_in_entry_direction,true,required_first_signal_only,LONG,unknown,0.00000000,,0.00000000,,false,,-1,false,NONE,0.00000000,,0.00000000,0.0000,0.0000,none,-1,false,false,false,no_anchor_flip_in_entry_direction,,,,false,false,false,-1,-1,-1,-1,-1,false,false,false,0.0000,range_n,true,100.88900000,100.13500000,6.2536,false,0.0000,0.0000,0,none,true,0.2791,shallow_236_382,0.080,diagnostic_only,diagnostic_only,diagnostic_only,deep_pullback,24,0.280,true,none,0.430,high_quality,false,false,diagnostic_only,both,true,none,true,diagnostic_adjacent_detected,required_light,false,false,SHORT,6,false,false,2,2025.11.18 08:00:00,2025.11.18 09:20:00,8,3.2145,100.50100000,0.00000000,100.50100000,true,true,m5_lh_close_break_up,100.50100000,true,0.5585,0.7199,true,1,0.1365,true,4,100.50100000,0.0496,off,false,not_evaluated,none,0.7838,0.2162,very_strong,false,true,true,0.1365,failed_1bar,true,favorable_side,0.0250,false,clean_retest,2.2961,2.7553,0.8333,0.4592,false,mild_exhaustion,0.0000,none,none,false,false,none,0.0000,0.0000,0.0000,0.0000,none,false,false,0.0000,0.0000,false,false,-1,none,none,false,0.000,0.000,100.88900000,100.62500000,100.88900000,current_day_high,0.24000000,0.9917,session_high|opening_range_high|neckline_level,100.62500000,0.2979,false,true,true,false,not_blocked,2,1,1,m5_failure_exit,off,none,0.00000000,0.0000,1.30,100.96300000,4.500,0.000,0.200,PERIOD_M15,100.57500000,100.13500000,-0.1682,outside,0.000,true,100.64900000,100.40700000,0.24200000,100.96300000,1.298,0.08057143,28.00,0-30,true,false,none,not_consumed,5.100,5.100,none,0.0000,false,neckline_retest_failed,false,not_invalidated,spread_too_high
2025.11.18 10:05:00,blocked,session_reversal_pullback_one_symbol_first120,AUDJPY,LONG,2025.11.18 10:00:00,10,7,16,london,2025.11.18 07:00,0,first_120min,true,true,3,AUDJPY,highest_score_in_session_bar,london=USDJPY|EURJPY|GBPJPY|AUDJPY|EURUSD|GBPUSD,existing_first120_gate,london,false,false,true,passed_first_window,inverse_head_and_shoulders,neckline_break_retest,100.50100000,PERIOD_M5,PERIOD_H1,PERIOD_M15,PERIOD_M5,PERIOD_M5,false,htf_soft_alignment,current_post_filter,transcript_post_filter,dow_trend_down_ll_lh,structure_trend_bias_dow_trend_down_ll_lh,dow_trend_down_ll_lh,structure_trend_bias_dow_trend_down_ll_lh,false,true,false,LONG,PERIOD_M5,inverse_head_and_shoulders,inverse_head_and_shoulders,4.500,none,0.000,inverse_head_and_shoulders,4.500,none,0.000,LONG,false,PERIOD_H1_SHORT_dow_trend_down_ll_lh|PERIOD_M15_SHORT_structure_trend_bias_dow_trend_down_ll_lh,true,h1_counter_m15_reversal,true,top_SHORT_dow_trend_down_ll_lh|structure_SHORT_structure_trend_bias_dow_trend_down_ll_lh|structure_break_recent_confirmed_swing_break_failed|primary_break_recent_confirmed_swing_break_retest,none,below_75sma_falling,below_75sma_falling,above_75sma_flat_or_falling,-1,0.00000000,0,100.50100000,false,off,NONE,NONE,0.00000000,0.00000000,0.0000,none,0.000,true,LONG,return_high_break_or_bos_up,100.79900000,22,100.84800000,100.13500000,false,off,independent,false,,,false,0.0000,none,0.0000,0.0000,none,0.0000,0.0000,0.0000,none,0.0000,0,0,0.0000,none,none,none,none,0.0000,0,0.0000,none,false,true,not_evaluated,true,required_light_or_anchor_flip,short_bias,100.64700000,2025.11.18 00:00:00,100.88900000,2025.11.18 01:00:00,2025.11.18 06:15:00,false,NONE,0.00000000,0.00000000,0.0000,-1,false,,-1,NONE,0.00000000,0.00000000,0.0000,0.0000,none,,none,false,NONE,-1,-1,-1,false,false,none,false,true,false,true,none,true,required,false,PERIOD_M5,,,-1,0.0000,false,0.00000000,0.0000,false,0.0000,false,none,none,false,no_anchor_flip_in_entry_direction,true,required_first_signal_only,LONG,unknown,0.00000000,,0.00000000,,false,,-1,false,NONE,0.00000000,,0.00000000,0.0000,0.0000,none,-1,false,false,false,no_anchor_flip_in_entry_direction,,,,false,false,false,-1,-1,-1,-1,-1,false,false,false,0.0000,range_n,true,100.88900000,100.13500000,6.2536,false,0.0000,0.0000,0,none,true,0.2791,shallow_236_382,0.080,diagnostic_only,diagnostic_only,diagnostic_only,deep_pullback,24,0.280,true,none,0.430,high_quality,false,false,diagnostic_only,both,true,none,true,diagnostic_adjacent_detected,required_light,false,false,SHORT,6,false,false,2,2025.11.18 08:00:00,2025.11.18 09:20:00,8,3.2145,100.50100000,0.00000000,100.50100000,true,true,m5_lh_close_break_up,100.50100000,true,0.5585,0.7199,true,1,0.1365,true,4,100.50100000,0.0496,off,false,not_evaluated,none,0.7838,0.2162,very_strong,false,true,true,0.1365,failed_1bar,true,favorable_side,0.0250,false,clean_retest,2.2961,2.7553,0.8333,0.4592,false,mild_exhaustion,0.0000,none,none,false,false,none,0.0000,0.0000,0.0000,0.0000,none,false,false,0.0000,0.0000,false,false,-1,none,none,false,0.000,0.000,100.88900000,100.62500000,100.88900000,current_day_high,0.24000000,0.9917,session_high|opening_range_high|neckline_level,100.62500000,0.2979,false,true,true,false,not_blocked,2,1,1,m5_failure_exit,off,none,0.00000000,0.0000,1.30,100.96300000,4.500,0.000,0.200,PERIOD_M15,100.57500000,100.13500000,-0.1682,outside,0.000,true,100.64900000,100.40700000,0.24200000,100.96300000,1.298,0.08057143,28.00,0-30,true,false,none,blocked_spread_too_high,5.100,5.100,none,0.0000,false,neckline_retest_failed,false,not_invalidated,spread_too_high
2025.11.18 16:05:00,signal,session_reversal_pullback_one_symbol_first120,USDJPY,SHORT,2025.11.18 16:00:00,16,13,22,london_newyork_overlap,2025.11.18 13:00,0,first_120min,true,true,3,USDJPY,highest_score_in_session_bar,london_newyork_overlap=USDJPY|EURJPY|GBPJPY|AUDJPY|EURUSD|GBPUSD,existing_first120_gate,london_newyork_overlap,false,false,true,passed_first_window,double_top,neckline_break_retest,155.17700000,PERIOD_M5,PERIOD_H1,PERIOD_M15,PERIOD_M5,PERIOD_M5,false,htf_soft_alignment,current_post_filter,transcript_post_filter,dow_trend_up_hh_hl,no_ordered_dow_wave3_break,dow_trend_up_hh_hl,no_ordered_dow_wave3_break,false,false,true,SHORT,PERIOD_M5,double_top,double_top,4.200,none,0.000,double_top,4.200,none,0.000,SHORT,false,PERIOD_H1_LONG_dow_trend_up_hh_hl|PERIOD_M15_NONE_no_ordered_dow_wave3_break,true,h1_counter_m15_reversal,true,top_LONG_dow_trend_up_hh_hl|structure_NONE_no_ordered_dow_wave3_break|structure_break_recent_confirmed_swing_break_failed|primary_break_recent_confirmed_swing_break_failed,none,above_75sma_rising,below_75sma_flat_or_rising,below_75sma_flat_or_rising,-1,0.00000000,-1,0.00000000,false,off,NONE,NONE,0.00000000,0.00000000,0.0000,none,0.000,true,SHORT,return_low_break_or_bos_down,155.10500000,22,155.43600000,154.81000000,false,off,independent,false,,,false,0.0000,none,0.0000,0.0000,none,0.0000,0.0000,0.0000,none,0.0000,0,0,0.0000,none,none,none,none,0.0000,0,0.0000,none,false,true,not_evaluated,true,required_light_or_anchor_flip,long_bias,154.86300000,2025.11.18 08:30:00,155.19500000,2025.11.18 05:45:00,2025.11.18 13:45:00,false,NONE,0.00000000,0.00000000,0.0000,-1,false,,-1,NONE,0.00000000,0.00000000,0.0000,0.0000,none,,none,false,NONE,-1,-1,-1,false,false,none,false,true,false,true,none,true,required,false,PERIOD_M5,,,-1,0.0000,false,0.00000000,0.0000,false,0.0000,false,none,none,false,no_anchor_flip_in_entry_direction,true,required_first_signal_only,SHORT,unknown,0.00000000,,0.00000000,,false,,-1,false,NONE,0.00000000,,0.00000000,0.0000,0.0000,none,-1,false,false,false,no_anchor_flip_in_entry_direction,,,,false,false,false,-1,-1,-1,-1,-1,false,false,false,0.0000,rising_n,false,155.43600000,154.81000000,6.4536,false,0.0000,0.0000,0,none,true,0.4962,preferred_382_618,0.200,diagnostic_only,diagnostic_only,diagnostic_only,shallow_pullback,8,0.490,true,none,0.640,high_quality,false,false,diagnostic_only,both,true,none,true,diagnostic_adjacent_detected,required_light,false,false,LONG,8,false,false,0,2025.11.18 14:20:00,2025.11.18 15:30:00,6,4.4113,0.00000000,155.05700000,155.05700000,false,false,none,0.00000000,false,0.0000,0.0000,false,1,0.0000,false,-1,0.00000000,0.0000,off,false,not_evaluated,none,0.0000,0.0000,none,false,false,false,0.0000,none,false,none,0.0000,false,none,2.8227,3.2057,0.8805,0.0000,true,strong_exhaustion,0.0000,none,none,false,false,none,0.0000,0.0000,0.0000,0.0000,none,false,false,0.0000,0.0000,false,false,-1,none,none,false,0.000,0.000,155.17700000,155.13500000,155.13500000,session_low,0.03300000,0.4648,neckline_level,155.17700000,0.1277,false,true,true,false,not_blocked,4,3,1,m5_failure_exit,off,none,0.00000000,0.0000,1.30,155.07600000,4.200,-0.300,0.200,PERIOD_M15,155.43600000,154.86300000,0.5323,preferred_382_618,0.000,true,155.16800000,155.23900000,0.07100000,155.07600000,1.296,0.07050000,18.00,0-30,true,false,none,not_consumed,4.300,4.300,none,0.0000,false,neckline_retest_failed,false,not_invalidated,spread_too_high
2025.11.18 16:05:00,blocked,session_reversal_pullback_one_symbol_first120,USDJPY,SHORT,2025.11.18 16:00:00,16,13,22,london_newyork_overlap,2025.11.18 13:00,0,first_120min,true,true,3,USDJPY,highest_score_in_session_bar,london_newyork_overlap=USDJPY|EURJPY|GBPJPY|AUDJPY|EURUSD|GBPUSD,existing_first120_gate,london_newyork_overlap,false,false,true,passed_first_window,double_top,neckline_break_retest,155.17700000,PERIOD_M5,PERIOD_H1,PERIOD_M15,PERIOD_M5,PERIOD_M5,false,htf_soft_alignment,current_post_filter,transcript_post_filter,dow_trend_up_hh_hl,no_ordered_dow_wave3_break,dow_trend_up_hh_hl,no_ordered_dow_wave3_break,false,false,true,SHORT,PERIOD_M5,double_top,double_top,4.200,none,0.000,double_top,4.200,none,0.000,SHORT,false,PERIOD_H1_LONG_dow_trend_up_hh_hl|PERIOD_M15_NONE_no_ordered_dow_wave3_break,true,h1_counter_m15_reversal,true,top_LONG_dow_trend_up_hh_hl|structure_NONE_no_ordered_dow_wave3_break|structure_break_recent_confirmed_swing_break_failed|primary_break_recent_confirmed_swing_break_failed,none,above_75sma_rising,below_75sma_flat_or_rising,below_75sma_flat_or_rising,-1,0.00000000,-1,0.00000000,false,off,NONE,NONE,0.00000000,0.00000000,0.0000,none,0.000,true,SHORT,return_low_break_or_bos_down,155.10500000,22,155.43600000,154.81000000,false,off,independent,false,,,false,0.0000,none,0.0000,0.0000,none,0.0000,0.0000,0.0000,none,0.0000,0,0,0.0000,none,none,none,none,0.0000,0,0.0000,none,false,true,not_evaluated,true,required_light_or_anchor_flip,long_bias,154.86300000,2025.11.18 08:30:00,155.19500000,2025.11.18 05:45:00,2025.11.18 13:45:00,false,NONE,0.00000000,0.00000000,0.0000,-1,false,,-1,NONE,0.00000000,0.00000000,0.0000,0.0000,none,,none,false,NONE,-1,-1,-1,false,false,none,false,true,false,true,none,true,required,false,PERIOD_M5,,,-1,0.0000,false,0.00000000,0.0000,false,0.0000,false,none,none,false,no_anchor_flip_in_entry_direction,true,required_first_signal_only,SHORT,unknown,0.00000000,,0.00000000,,false,,-1,false,NONE,0.00000000,,0.00000000,0.0000,0.0000,none,-1,false,false,false,no_anchor_flip_in_entry_direction,,,,false,false,false,-1,-1,-1,-1,-1,false,false,false,0.0000,rising_n,false,155.43600000,154.81000000,6.4536,false,0.0000,0.0000,0,none,true,0.4962,preferred_382_618,0.200,diagnostic_only,diagnostic_only,diagnostic_only,shallow_pullback,8,0.490,true,none,0.640,high_quality,false,false,diagnostic_only,both,true,none,true,diagnostic_adjacent_detected,required_light,false,false,LONG,8,false,false,0,2025.11.18 14:20:00,2025.11.18 15:30:00,6,4.4113,0.00000000,155.05700000,155.05700000,false,false,none,0.00000000,false,0.0000,0.0000,false,1,0.0000,false,-1,0.00000000,0.0000,off,false,not_evaluated,none,0.0000,0.0000,none,false,false,false,0.0000,none,false,none,0.0000,false,none,2.8227,3.2057,0.8805,0.0000,true,strong_exhaustion,0.0000,none,none,false,false,none,0.0000,0.0000,0.0000,0.0000,none,false,false,0.0000,0.0000,false,false,-1,none,none,false,0.000,0.000,155.17700000,155.13500000,155.13500000,session_low,0.03300000,0.4648,neckline_level,155.17700000,0.1277,false,true,true,false,not_blocked,4,3,1,m5_failure_exit,off,none,0.00000000,0.0000,1.30,155.07600000,4.200,-0.300,0.200,PERIOD_M15,155.43600000,154.86300000,0.5323,preferred_382_618,0.000,true,155.16800000,155.23900000,0.07100000,155.07600000,1.296,0.07050000,18.00,0-30,true,false,none,blocked_spread_too_high,4.300,4.300,none,0.0000,false,neckline_retest_failed,false,not_invalidated,spread_too_high
2025.11.19 03:20:00,signal,session_reversal_pullback_one_symbol_first120,EURJPY,LONG,2025.11.19 03:15:00,3,0,9,tokyo,2025.11.19 00:00,15,first_120min,true,true,3,EURJPY,highest_score_in_session_bar,tokyo=USDJPY|EURJPY|GBPJPY|AUDJPY,existing_first120_gate,tokyo,false,false,true,passed_first_window,double_bottom,neckline_break_retest,180.05700000,PERIOD_M5,PERIOD_H1,PERIOD_M15,PERIOD_M5,PERIOD_M5,false,htf_soft_alignment,current_post_filter,transcript_post_filter,dow_range_or_transition,structure_trend_bias_dow_trend_down_ll_lh,dow_range_or_transition,structure_trend_bias_dow_trend_down_ll_lh,false,true,true,LONG,PERIOD_M5,double_bottom,double_bottom,4.200,none,0.000,double_bottom,4.200,none,0.000,LONG,false,PERIOD_H1_NONE_dow_range_or_transition|PERIOD_M15_SHORT_structure_trend_bias_dow_trend_down_ll_lh,true,h1_counter_m15_reversal,true,top_NONE_dow_range_or_transition|structure_SHORT_structure_trend_bias_dow_trend_down_ll_lh|structure_break_recent_confirmed_swing_break_failed|primary_break_recent_confirmed_swing_break_continuation,none,above_75sma_rising,above_75sma_rising,below_75sma_falling,-1,0.00000000,0,180.02100000,false,off,NONE,NONE,0.00000000,0.00000000,0.0000,none,0.000,true,LONG,return_high_break_or_bos_up,180.18900000,24,180.23200000,179.92300000,false,off,independent,false,,,false,0.0000,none,0.0000,0.0000,none,0.0000,0.0000,0.0000,none,0.0000,0,0,0.0000,none,none,none,none,0.0000,0,0.0000,none,false,true,not_evaluated,true,required_light_or_anchor_flip,bias_flip_up,179.85300000,2025.11.18 14:45:00,180.18900000,2025.11.18 16:30:00,2025.11.18 18:00:00,true,LONG,180.18900000,180.20900000,0.2240,29,true,2025.11.18 19:45:00,29,LONG,180.18900000,180.20900000,0.2240,1.4224,strong,2025.11.18 21:00:00,first_after_anchor,true,LONG,29,24,29,false,true,too_old_gt24,true,false,false,true,none,true,required,false,PERIOD_M5,,,90,0.0000,false,0.00000000,0.0000,false,0.0000,false,none,none,false,post_anchor_pullback_too_old,true,required_first_signal_only,LONG,unknown,0.00000000,,0.00000000,,false,,-1,false,NONE,0.00000000,,0.00000000,0.0000,0.0000,none,-1,false,false,false,post_anchor_retest_missing,EURJPY|LONG|1763495100|180.189,,,false,false,false,-1,-1,-1,-1,-1,false,false,false,0.0000,falling_n,false,180.18900000,179.77300000,4.6592,true,1.4224,0.1056,5,strong,true,0.4531,preferred_382_618,0.200,diagnostic_only,diagnostic_only,diagnostic_only,shallow_pullback,24,0.400,true,none,0.550,high_quality,false,false,diagnostic_only,both,true,none,true,diagnostic_adjacent_detected,required_light,false,false,SHORT,4,false,false,2,2025.11.19 01:45:00,2025.11.19 02:50:00,5,3.6317,180.08000000,0.00000000,180.08000000,false,false,none,0.00000000,false,0.0000,0.0000,false,1,0.0000,false,-1,0.00000000,0.0000,off,false,not_evaluated,none,0.0000,0.0000,none,false,false,false,0.0000,none,false,none,0.0000,false,none,2.1075,3.2554,0.6474,0.3763,false,mild_exhaustion,0.0000,none,none,false,false,none,0.0000,0.0000,0.0000,0.0000,none,false,false,0.0000,0.0000,false,false,-1,none,none,false,0.000,0.000,180.13100000,180.07600000,180.13100000,pre_session_high,0.03900000,0.3714,session_high|opening_range_high|neckline_level,180.07600000,0.3011,false,true,true,false,not_blocked,4,3,1,m5_failure_exit,off,none,0.00000000,0.0000,1.30,180.22800000,4.200,-0.300,0.200,PERIOD_M15,180.16100000,179.92300000,0.2899,outside,0.000,true,180.09200000,179.98700000,0.10500000,180.22800000,1.295,0.05314286,30.00,0-30,true,false,none,not_consumed,4.500,4.500,none,0.0000,false,neckline_retest_failed,false,not_invalidated,spread_too_high
2025.11.19 03:20:00,blocked,session_reversal_pullback_one_symbol_first120,EURJPY,LONG,2025.11.19 03:15:00,3,0,9,tokyo,2025.11.19 00:00,15,first_120min,true,true,3,EURJPY,highest_score_in_session_bar,tokyo=USDJPY|EURJPY|GBPJPY|AUDJPY,existing_first120_gate,tokyo,false,false,true,passed_first_window,double_bottom,neckline_break_retest,180.05700000,PERIOD_M5,PERIOD_H1,PERIOD_M15,PERIOD_M5,PERIOD_M5,false,htf_soft_alignment,current_post_filter,transcript_post_filter,dow_range_or_transition,structure_trend_bias_dow_trend_down_ll_lh,dow_range_or_transition,structure_trend_bias_dow_trend_down_ll_lh,false,true,true,LONG,PERIOD_M5,double_bottom,double_bottom,4.200,none,0.000,double_bottom,4.200,none,0.000,LONG,false,PERIOD_H1_NONE_dow_range_or_transition|PERIOD_M15_SHORT_structure_trend_bias_dow_trend_down_ll_lh,true,h1_counter_m15_reversal,true,top_NONE_dow_range_or_transition|structure_SHORT_structure_trend_bias_dow_trend_down_ll_lh|structure_break_recent_confirmed_swing_break_failed|primary_break_recent_confirmed_swing_break_continuation,none,above_75sma_rising,above_75sma_rising,below_75sma_falling,-1,0.00000000,0,180.02100000,false,off,NONE,NONE,0.00000000,0.00000000,0.0000,none,0.000,true,LONG,return_high_break_or_bos_up,180.18900000,24,180.23200000,179.92300000,false,off,independent,false,,,false,0.0000,none,0.0000,0.0000,none,0.0000,0.0000,0.0000,none,0.0000,0,0,0.0000,none,none,none,none,0.0000,0,0.0000,none,false,true,not_evaluated,true,required_light_or_anchor_flip,bias_flip_up,179.85300000,2025.11.18 14:45:00,180.18900000,2025.11.18 16:30:00,2025.11.18 18:00:00,true,LONG,180.18900000,180.20900000,0.2240,29,true,2025.11.18 19:45:00,29,LONG,180.18900000,180.20900000,0.2240,1.4224,strong,2025.11.18 21:00:00,first_after_anchor,true,LONG,29,24,29,false,true,too_old_gt24,true,false,false,true,none,true,required,false,PERIOD_M5,,,90,0.0000,false,0.00000000,0.0000,false,0.0000,false,none,none,false,post_anchor_pullback_too_old,true,required_first_signal_only,LONG,unknown,0.00000000,,0.00000000,,false,,-1,false,NONE,0.00000000,,0.00000000,0.0000,0.0000,none,-1,false,false,false,post_anchor_retest_missing,EURJPY|LONG|1763495100|180.189,,,false,false,false,-1,-1,-1,-1,-1,false,false,false,0.0000,falling_n,false,180.18900000,179.77300000,4.6592,true,1.4224,0.1056,5,strong,true,0.4531,preferred_382_618,0.200,diagnostic_only,diagnostic_only,diagnostic_only,shallow_pullback,24,0.400,true,none,0.550,high_quality,false,false,diagnostic_only,both,true,none,true,diagnostic_adjacent_detected,required_light,false,false,SHORT,4,false,false,2,2025.11.19 01:45:00,2025.11.19 02:50:00,5,3.6317,180.08000000,0.00000000,180.08000000,false,false,none,0.00000000,false,0.0000,0.0000,false,1,0.0000,false,-1,0.00000000,0.0000,off,false,not_evaluated,none,0.0000,0.0000,none,false,false,false,0.0000,none,false,none,0.0000,false,none,2.1075,3.2554,0.6474,0.3763,false,mild_exhaustion,0.0000,none,none,false,false,none,0.0000,0.0000,0.0000,0.0000,none,false,false,0.0000,0.0000,false,false,-1,none,none,false,0.000,0.000,180.13100000,180.07600000,180.13100000,pre_session_high,0.03900000,0.3714,session_high|opening_range_high|neckline_level,180.07600000,0.3011,false,true,true,false,not_blocked,4,3,1,m5_failure_exit,off,none,0.00000000,0.0000,1.30,180.22800000,4.200,-0.300,0.200,PERIOD_M15,180.16100000,179.92300000,0.2899,outside,0.000,true,180.09200000,179.98700000,0.10500000,180.22800000,1.295,0.05314286,30.00,0-30,true,false,none,blocked_spread_too_high,4.500,4.500,none,0.0000,false,neckline_retest_failed,false,not_invalidated,spread_too_high
2025.11.19 11:10:00,signal,session_reversal_pullback_one_symbol_first120,EURUSD,SHORT,2025.11.19 11:05:00,11,8,17,london,2025.11.19 07:00,65,first_120min,false,true,3,EURUSD,highest_score_in_session_bar,london=USDJPY|EURJPY|GBPJPY|AUDJPY|EURUSD|GBPUSD,existing_first120_gate,london,true,false,true,passed_first_window,double_top,neckline_break_retest,1.15785000,PERIOD_M5,PERIOD_H1,PERIOD_M15,PERIOD_M5,PERIOD_M5,false,htf_soft_alignment,current_post_filter,transcript_post_filter,dow_range_or_transition,structure_trend_bias_dow_trend_up_hh_hl,dow_range_or_transition,structure_trend_bias_dow_trend_up_hh_hl,false,true,true,SHORT,PERIOD_M5,double_top,double_top,4.200,none,0.000,double_top,4.200,none,0.000,SHORT,false,PERIOD_H1_NONE_dow_range_or_transition|PERIOD_M15_LONG_structure_trend_bias_dow_trend_up_hh_hl,true,h1_counter_m15_reversal,true,top_NONE_dow_range_or_transition|structure_LONG_structure_trend_bias_dow_trend_up_hh_hl|structure_break_recent_confirmed_swing_break_retest|primary_break_recent_confirmed_swing_break_failed,none,below_75sma_falling,below_75sma_falling,below_75sma_falling,0,1.15762000,-1,0.00000000,false,off,NONE,NONE,0.00000000,0.00000000,0.0000,none,0.000,true,SHORT,return_low_break_or_bos_down,1.15762000,0,1.15965000,1.15762000,false,off,independent,false,,,false,0.0000,none,0.0000,0.0000,none,0.0000,0.0000,0.0000,none,0.0000,0,0,0.0000,none,none,none,none,0.0000,0,0.0000,none,false,true,not_evaluated,true,required_light_or_anchor_flip,bias_flip_down,1.15762000,2025.11.19 05:15:00,1.15843000,2025.11.19 03:00:00,2025.11.19 09:30:00,true,SHORT,1.15762000,1.15745000,0.2633,1,true,2025.11.19 10:30:00,1,SHORT,1.15762000,1.15745000,0.2633,0.9757,strong,2025.11.19 10:45:00,first_after_anchor,true,SHORT,1,0,1,true,false,fresh_0_4,true,false,false,true,none,true,required,true,PERIOD_M5,2025.11.19 10:35:00,2025.11.19 10:35:00,7,0.3322,true,1.15762000,0.3322,false,0.0000,true,m5_bos_down_after_anchor_retest,retest_reconfirm,true,none,true,required_first_signal_only,SHORT,no_confirmed_micro_anchor,0.00000000,,0.00000000,,false,,-1,false,NONE,0.00000000,,0.00000000,0.0000,0.0000,none,-1,false,false,false,insufficient_confirmed_m5_pivots,EURUSD|SHORT|1763548200|1.15762,,,false,false,false,-1,-1,-1,-1,-1,false,false,false,0.0000,rising_n,false,1.15965000,1.15717000,3.8407,true,0.9757,0.3700,1,strong,true,0.2767,shallow_236_382,0.080,diagnostic_only,diagnostic_only,diagnostic_only,fib_pullback,5,0.320,true,none,0.470,high_quality,false,false,diagnostic_only,both,true,none,true,diagnostic_adjacent_detected,required_light,false,false,LONG,3,false,false,0,,,-1,0.0000,0.00000000,0.00000000,0.00000000,false,false,none,0.00000000,false,0.0000,0.0000,false,1,0.0000,false,-1,0.00000000,0.0000,off,false,not_evaluated,none,0.0000,0.0000,none,false,false,false,0.0000,none,false,none,0.0000,false,none,0.0000,0.0000,0.0000,0.0000,false,none,0.0000,none,none,false,false,none,0.0000,0.0000,0.0000,0.0000,none,false,false,0.0000,0.0000,false,false,-1,none,none,false,0.000,0.000,1.15785000,1.15771000,1.15771000,recent_rejection_zone,0.00011000,0.3143,neckline_level,1.15785000,0.0712,false,true,true,false,not_blocked,6,3,3,m5_failure_exit,off,none,0.00000000,0.0000,1.30,1.15737000,4.200,-0.300,0.200,PERIOD_M15,1.15965000,1.15767000,0.0758,outside,0.000,true,1.15782000,1.15817000,0.00035000,1.15737000,1.286,0.00042143,18.00,60-90,true,false,none,not_consumed,4.650,4.650,none,0.0000,false,opposite_break_first,true,opposite_break_first,spread_too_high
2025.11.19 11:10:00,blocked,session_reversal_pullback_one_symbol_first120,EURUSD,SHORT,2025.11.19 11:05:00,11,8,17,london,2025.11.19 07:00,65,first_120min,false,true,3,EURUSD,highest_score_in_session_bar,london=USDJPY|EURJPY|GBPJPY|AUDJPY|EURUSD|GBPUSD,existing_first120_gate,london,true,false,true,passed_first_window,double_top,neckline_break_retest,1.15785000,PERIOD_M5,PERIOD_H1,PERIOD_M15,PERIOD_M5,PERIOD_M5,false,htf_soft_alignment,current_post_filter,transcript_post_filter,dow_range_or_transition,structure_trend_bias_dow_trend_up_hh_hl,dow_range_or_transition,structure_trend_bias_dow_trend_up_hh_hl,false,true,true,SHORT,PERIOD_M5,double_top,double_top,4.200,none,0.000,double_top,4.200,none,0.000,SHORT,false,PERIOD_H1_NONE_dow_range_or_transition|PERIOD_M15_LONG_structure_trend_bias_dow_trend_up_hh_hl,true,h1_counter_m15_reversal,true,top_NONE_dow_range_or_transition|structure_LONG_structure_trend_bias_dow_trend_up_hh_hl|structure_break_recent_confirmed_swing_break_retest|primary_break_recent_confirmed_swing_break_failed,none,below_75sma_falling,below_75sma_falling,below_75sma_falling,0,1.15762000,-1,0.00000000,false,off,NONE,NONE,0.00000000,0.00000000,0.0000,none,0.000,true,SHORT,return_low_break_or_bos_down,1.15762000,0,1.15965000,1.15762000,false,off,independent,false,,,false,0.0000,none,0.0000,0.0000,none,0.0000,0.0000,0.0000,none,0.0000,0,0,0.0000,none,none,none,none,0.0000,0,0.0000,none,false,true,not_evaluated,true,required_light_or_anchor_flip,bias_flip_down,1.15762000,2025.11.19 05:15:00,1.15843000,2025.11.19 03:00:00,2025.11.19 09:30:00,true,SHORT,1.15762000,1.15745000,0.2633,1,true,2025.11.19 10:30:00,1,SHORT,1.15762000,1.15745000,0.2633,0.9757,strong,2025.11.19 10:45:00,first_after_anchor,true,SHORT,1,0,1,true,false,fresh_0_4,true,false,false,true,none,true,required,true,PERIOD_M5,2025.11.19 10:35:00,2025.11.19 10:35:00,7,0.3322,true,1.15762000,0.3322,false,0.0000,true,m5_bos_down_after_anchor_retest,retest_reconfirm,true,none,true,required_first_signal_only,SHORT,no_confirmed_micro_anchor,0.00000000,,0.00000000,,false,,-1,false,NONE,0.00000000,,0.00000000,0.0000,0.0000,none,-1,false,false,false,insufficient_confirmed_m5_pivots,EURUSD|SHORT|1763548200|1.15762,,,false,false,false,-1,-1,-1,-1,-1,false,false,false,0.0000,rising_n,false,1.15965000,1.15717000,3.8407,true,0.9757,0.3700,1,strong,true,0.2767,shallow_236_382,0.080,diagnostic_only,diagnostic_only,diagnostic_only,fib_pullback,5,0.320,true,none,0.470,high_quality,false,false,diagnostic_only,both,true,none,true,diagnostic_adjacent_detected,required_light,false,false,LONG,3,false,false,0,,,-1,0.0000,0.00000000,0.00000000,0.00000000,false,false,none,0.00000000,false,0.0000,0.0000,false,1,0.0000,false,-1,0.00000000,0.0000,off,false,not_evaluated,none,0.0000,0.0000,none,false,false,false,0.0000,none,false,none,0.0000,false,none,0.0000,0.0000,0.0000,0.0000,false,none,0.0000,none,none,false,false,none,0.0000,0.0000,0.0000,0.0000,none,false,false,0.0000,0.0000,false,false,-1,none,none,false,0.000,0.000,1.15785000,1.15771000,1.15771000,recent_rejection_zone,0.00011000,0.3143,neckline_level,1.15785000,0.0712,false,true,true,false,not_blocked,6,3,3,m5_failure_exit,off,none,0.00000000,0.0000,1.30,1.15737000,4.200,-0.300,0.200,PERIOD_M15,1.15965000,1.15767000,0.0758,outside,0.000,true,1.15782000,1.15817000,0.00035000,1.15737000,1.286,0.00042143,18.00,60-90,true,false,none,blocked_spread_too_high,4.650,4.650,none,0.0000,false,opposite_break_first,true,opposite_break_first,spread_too_high
2025.11.19 20:55:00,signal,session_reversal_pullback_one_symbol_first120,EURJPY,SHORT,2025.11.19 20:50:00,20,17,2,new_york,2025.11.19 16:00,110,first_120min,false,true,3,EURJPY,highest_score_in_session_bar,new_york=USDJPY|EURJPY|GBPJPY|AUDJPY|EURUSD|GBPUSD,existing_first120_gate,new_york,false,false,true,passed_first_window,double_top,neckline_break_retest,180.79800000,PERIOD_M5,PERIOD_H1,PERIOD_M15,PERIOD_M5,PERIOD_M5,false,htf_soft_alignment,current_post_filter,transcript_post_filter,dow_trend_up_hh_hl,no_ordered_dow_wave3_break,dow_trend_up_hh_hl,no_ordered_dow_wave3_break,false,false,true,SHORT,PERIOD_M5,double_top,double_top,4.200,none,0.000,double_top,4.200,none,0.000,SHORT,false,PERIOD_H1_LONG_dow_trend_up_hh_hl|PERIOD_M15_NONE_no_ordered_dow_wave3_break,true,h1_counter_m15_reversal,true,top_LONG_dow_trend_up_hh_hl|structure_NONE_no_ordered_dow_wave3_break|structure_break_recent_confirmed_swing_break_failed|primary_break_recent_confirmed_swing_break_retest,none,above_75sma_rising,above_75sma_rising,below_75sma_falling,-1,0.00000000,1,180.78100000,false,off,NONE,NONE,0.00000000,0.00000000,0.0000,none,0.000,true,SHORT,return_low_break_or_bos_down,180.72500000,8,180.98800000,180.59200000,false,off,independent,false,,,false,0.0000,none,0.0000,0.0000,none,0.0000,0.0000,0.0000,none,0.0000,0,0,0.0000,none,none,none,none,0.0000,0,0.0000,none,false,true,not_evaluated,true,required_light_or_anchor_flip,short_bias,180.72500000,2025.11.19 15:45:00,180.98800000,2025.11.19 17:00:00,2025.11.19 18:00:00,false,NONE,0.00000000,0.00000000,0.0000,-1,false,,-1,NONE,0.00000000,0.00000000,0.0000,0.0000,none,,none,false,NONE,-1,-1,-1,false,false,none,true,false,false,true,none,true,required,false,PERIOD_M5,,,-1,0.0000,false,0.00000000,0.0000,false,0.0000,false,none,none,false,no_anchor_flip_in_entry_direction,true,required_first_signal_only,SHORT,unknown,0.00000000,,0.00000000,,false,,-1,false,NONE,0.00000000,,0.00000000,0.0000,0.0000,none,-1,false,false,false,no_anchor_flip_in_entry_direction,,,,false,false,false,-1,-1,-1,-1,-1,false,false,false,0.0000,range_n,true,180.98800000,180.59200000,3.8314,false,0.0000,0.0000,0,none,true,0.5051,preferred_382_618,0.200,diagnostic_only,diagnostic_only,diagnostic_only,shallow_pullback,24,0.400,true,none,0.550,high_quality,false,false,diagnostic_only,both,true,none,true,diagnostic_adjacent_detected,required_light,false,false,LONG,4,false,false,1,2025.11.19 18:05:00,2025.11.19 19:45:00,13,4.9587,0.00000000,180.70500000,180.70500000,false,false,none,0.00000000,false,0.0000,0.0000,false,1,0.0000,false,-1,0.00000000,0.0000,off,false,not_evaluated,none,0.0000,0.0000,none,false,false,false,0.0000,none,false,none,0.0000,false,none,2.7084,4.8791,0.5551,0.0797,false,strong_exhaustion,0.0000,none,none,false,false,none,0.0000,0.0000,0.0000,0.0000,none,false,false,0.0000,0.0000,false,false,-1,none,none,false,0.000,0.000,180.79800000,180.75300000,180.75300000,pre_session_high,0.03900000,0.4756,neckline_level,180.79800000,0.1195,false,true,false,false,not_blocked,3,3,0,m5_failure_exit,off,none,0.00000000,0.0000,1.30,180.68500000,4.200,-0.300,0.200,PERIOD_M15,180.98800000,180.59200000,0.5051,preferred_382_618,0.000,true,180.79200000,180.87400000,0.08200000,180.68500000,1.305,0.05021429,30.00,90-120,true,false,none,not_consumed,4.500,4.500,none,0.0000,false,opposite_break_first,true,opposite_break_first,spread_too_high
2025.11.19 20:55:00,blocked,session_reversal_pullback_one_symbol_first120,EURJPY,SHORT,2025.11.19 20:50:00,20,17,2,new_york,2025.11.19 16:00,110,first_120min,false,true,3,EURJPY,highest_score_in_session_bar,new_york=USDJPY|EURJPY|GBPJPY|AUDJPY|EURUSD|GBPUSD,existing_first120_gate,new_york,false,false,true,passed_first_window,double_top,neckline_break_retest,180.79800000,PERIOD_M5,PERIOD_H1,PERIOD_M15,PERIOD_M5,PERIOD_M5,false,htf_soft_alignment,current_post_filter,transcript_post_filter,dow_trend_up_hh_hl,no_ordered_dow_wave3_break,dow_trend_up_hh_hl,no_ordered_dow_wave3_break,false,false,true,SHORT,PERIOD_M5,double_top,double_top,4.200,none,0.000,double_top,4.200,none,0.000,SHORT,false,PERIOD_H1_LONG_dow_trend_up_hh_hl|PERIOD_M15_NONE_no_ordered_dow_wave3_break,true,h1_counter_m15_reversal,true,top_LONG_dow_trend_up_hh_hl|structure_NONE_no_ordered_dow_wave3_break|structure_break_recent_confirmed_swing_break_failed|primary_break_recent_confirmed_swing_break_retest,none,above_75sma_rising,above_75sma_rising,below_75sma_falling,-1,0.00000000,1,180.78100000,false,off,NONE,NONE,0.00000000,0.00000000,0.0000,none,0.000,true,SHORT,return_low_break_or_bos_down,180.72500000,8,180.98800000,180.59200000,false,off,independent,false,,,false,0.0000,none,0.0000,0.0000,none,0.0000,0.0000,0.0000,none,0.0000,0,0,0.0000,none,none,none,none,0.0000,0,0.0000,none,false,true,not_evaluated,true,required_light_or_anchor_flip,short_bias,180.72500000,2025.11.19 15:45:00,180.98800000,2025.11.19 17:00:00,2025.11.19 18:00:00,false,NONE,0.00000000,0.00000000,0.0000,-1,false,,-1,NONE,0.00000000,0.00000000,0.0000,0.0000,none,,none,false,NONE,-1,-1,-1,false,false,none,true,false,false,true,none,true,required,false,PERIOD_M5,,,-1,0.0000,false,0.00000000,0.0000,false,0.0000,false,none,none,false,no_anchor_flip_in_entry_direction,true,required_first_signal_only,SHORT,unknown,0.00000000,,0.00000000,,false,,-1,false,NONE,0.00000000,,0.00000000,0.0000,0.0000,none,-1,false,false,false,no_anchor_flip_in_entry_direction,,,,false,false,false,-1,-1,-1,-1,-1,false,false,false,0.0000,range_n,true,180.98800000,180.59200000,3.8314,false,0.0000,0.0000,0,none,true,0.5051,preferred_382_618,0.200,diagnostic_only,diagnostic_only,diagnostic_only,shallow_pullback,24,0.400,true,none,0.550,high_quality,false,false,diagnostic_only,both,true,none,true,diagnostic_adjacent_detected,required_light,false,false,LONG,4,false,false,1,2025.11.19 18:05:00,2025.11.19 19:45:00,13,4.9587,0.00000000,180.70500000,180.70500000,false,false,none,0.00000000,false,0.0000,0.0000,false,1,0.0000,false,-1,0.00000000,0.0000,off,false,not_evaluated,none,0.0000,0.0000,none,false,false,false,0.0000,none,false,none,0.0000,false,none,2.7084,4.8791,0.5551,0.0797,false,strong_exhaustion,0.0000,none,none,false,false,none,0.0000,0.0000,0.0000,0.0000,none,false,false,0.0000,0.0000,false,false,-1,none,none,false,0.000,0.000,180.79800000,180.75300000,180.75300000,pre_session_high,0.03900000,0.4756,neckline_level,180.79800000,0.1195,false,true,false,false,not_blocked,3,3,0,m5_failure_exit,off,none,0.00000000,0.0000,1.30,180.68500000,4.200,-0.300,0.200,PERIOD_M15,180.98800000,180.59200000,0.5051,preferred_382_618,0.000,true,180.79200000,180.87400000,0.08200000,180.68500000,1.305,0.05021429,30.00,90-120,true,false,none,blocked_spread_too_high,4.500,4.500,none,0.0000,false,opposite_break_first,true,opposite_break_first,spread_too_high
2025.11.20 10:20:00,signal,session_reversal_pullback_one_symbol_first120,GBPJPY,LONG,2025.11.20 10:15:00,10,7,16,london,2025.11.20 07:00,15,first_120min,true,true,3,GBPJPY,highest_score_in_session_bar,london=USDJPY|EURJPY|GBPJPY|AUDJPY|EURUSD|GBPUSD,existing_first120_gate,london,true,false,true,passed_first_window,sweep_low_reclaim,sweep_reclaim_retest,205.52200000,PERIOD_M5,PERIOD_H1,PERIOD_M15,PERIOD_M5,PERIOD_M5,false,htf_soft_alignment,current_post_filter,transcript_post_filter,dow_range_or_transition,structure_trend_bias_dow_trend_up_hh_hl,dow_range_or_transition,structure_trend_bias_dow_trend_up_hh_hl,false,true,false,LONG,PERIOD_M5,sweep_low_reclaim,sweep_low_reclaim,3.400,none,0.000,sweep_low_reclaim,3.400,none,0.000,LONG,false,PERIOD_H1_NONE_dow_range_or_transition|PERIOD_M15_LONG_structure_trend_bias_dow_trend_up_hh_hl,true,h1_counter_m15_reversal,true,top_NONE_dow_range_or_transition|structure_LONG_structure_trend_bias_dow_trend_up_hh_hl|structure_break_recent_confirmed_swing_break_failed|primary_break_recent_confirmed_swing_break_failed,none,above_75sma_rising,above_75sma_rising,below_75sma_flat_or_rising,-1,0.00000000,-1,0.00000000,false,off,NONE,NONE,0.00000000,0.00000000,0.0000,none,0.000,true,LONG,return_high_break_or_bos_up,205.70300000,1,206.03300000,205.16600000,false,off,independent,false,,,false,0.0000,none,0.0000,0.0000,none,0.0000,0.0000,0.0000,none,0.0000,0,0,0.0000,none,none,none,none,0.0000,0,0.0000,none,false,true,not_evaluated,true,required_light_or_anchor_flip,bias_flip_down,205.50800000,2025.11.20 07:45:00,205.35300000,2025.11.19 17:00:00,2025.11.20 08:45:00,true,SHORT,205.50800000,205.45600000,0.3118,0,true,2025.11.20 10:00:00,0,SHORT,205.50800000,205.45600000,0.3118,1.8827,normal,2025.11.20 10:00:00,first_after_anchor,true,SHORT,0,0,0,true,false,fresh_0_4,false,true,false,true,none,true,required,false,PERIOD_M5,,,-1,0.0000,false,0.00000000,0.0000,false,0.0000,false,none,none,false,no_anchor_flip_in_entry_direction,true,required_first_signal_only,LONG,unknown,0.00000000,,0.00000000,,false,,-1,false,NONE,0.00000000,,0.00000000,0.0000,0.0000,none,-1,false,false,false,no_anchor_flip_in_entry_direction,,,,false,false,false,-1,-1,-1,-1,-1,false,false,false,0.0000,rising_n,false,206.03300000,204.95100000,6.4874,true,1.8827,0.2681,0,normal,true,0.5386,preferred_382_618,0.200,diagnostic_only,diagnostic_only,diagnostic_only,shallow_pullback,24,0.400,true,none,0.550,medium_quality,false,false,diagnostic_only,both,true,none,true,diagnostic_adjacent_detected,required_light,false,false,SHORT,3,false,false,0,,,-1,0.0000,0.00000000,0.00000000,0.00000000,false,false,none,0.00000000,false,0.0000,0.0000,false,1,0.0000,false,-1,0.00000000,0.0000,off,false,not_evaluated,none,0.0000,0.0000,none,false,false,false,0.0000,none,false,none,0.0000,false,none,0.0000,0.0000,0.0000,0.0000,false,none,0.0000,none,none,false,false,none,0.0000,0.0000,0.0000,0.0000,none,false,false,0.0000,0.0000,false,false,-1,none,none,false,0.000,0.000,205.63300000,205.53528571,205.63300000,pre_session_low,0.06700000,0.4379,neckline_level,205.52200000,0.3802,false,true,true,false,not_blocked,2,1,1,m5_failure_exit,off,none,0.00000000,0.0000,1.30,205.76500000,3.400,-0.300,0.200,PERIOD_M15,206.03300000,205.50800000,0.8895,outside,0.000,true,205.56600000,205.41300000,0.15300000,205.76500000,1.301,0.11571429,38.00,0-30,true,false,none,not_consumed,3.500,3.500,none,0.0000,false,opposite_break_first,true,opposite_break_first,spread_too_high
2025.11.20 10:20:00,blocked,session_reversal_pullback_one_symbol_first120,GBPJPY,LONG,2025.11.20 10:15:00,10,7,16,london,2025.11.20 07:00,15,first_120min,true,true,3,GBPJPY,highest_score_in_session_bar,london=USDJPY|EURJPY|GBPJPY|AUDJPY|EURUSD|GBPUSD,existing_first120_gate,london,true,false,true,passed_first_window,sweep_low_reclaim,sweep_reclaim_retest,205.52200000,PERIOD_M5,PERIOD_H1,PERIOD_M15,PERIOD_M5,PERIOD_M5,false,htf_soft_alignment,current_post_filter,transcript_post_filter,dow_range_or_transition,structure_trend_bias_dow_trend_up_hh_hl,dow_range_or_transition,structure_trend_bias_dow_trend_up_hh_hl,false,true,false,LONG,PERIOD_M5,sweep_low_reclaim,sweep_low_reclaim,3.400,none,0.000,sweep_low_reclaim,3.400,none,0.000,LONG,false,PERIOD_H1_NONE_dow_range_or_transition|PERIOD_M15_LONG_structure_trend_bias_dow_trend_up_hh_hl,true,h1_counter_m15_reversal,true,top_NONE_dow_range_or_transition|structure_LONG_structure_trend_bias_dow_trend_up_hh_hl|structure_break_recent_confirmed_swing_break_failed|primary_break_recent_confirmed_swing_break_failed,none,above_75sma_rising,above_75sma_rising,below_75sma_flat_or_rising,-1,0.00000000,-1,0.00000000,false,off,NONE,NONE,0.00000000,0.00000000,0.0000,none,0.000,true,LONG,return_high_break_or_bos_up,205.70300000,1,206.03300000,205.16600000,false,off,independent,false,,,false,0.0000,none,0.0000,0.0000,none,0.0000,0.0000,0.0000,none,0.0000,0,0,0.0000,none,none,none,none,0.0000,0,0.0000,none,false,true,not_evaluated,true,required_light_or_anchor_flip,bias_flip_down,205.50800000,2025.11.20 07:45:00,205.35300000,2025.11.19 17:00:00,2025.11.20 08:45:00,true,SHORT,205.50800000,205.45600000,0.3118,0,true,2025.11.20 10:00:00,0,SHORT,205.50800000,205.45600000,0.3118,1.8827,normal,2025.11.20 10:00:00,first_after_anchor,true,SHORT,0,0,0,true,false,fresh_0_4,false,true,false,true,none,true,required,false,PERIOD_M5,,,-1,0.0000,false,0.00000000,0.0000,false,0.0000,false,none,none,false,no_anchor_flip_in_entry_direction,true,required_first_signal_only,LONG,unknown,0.00000000,,0.00000000,,false,,-1,false,NONE,0.00000000,,0.00000000,0.0000,0.0000,none,-1,false,false,false,no_anchor_flip_in_entry_direction,,,,false,false,false,-1,-1,-1,-1,-1,false,false,false,0.0000,rising_n,false,206.03300000,204.95100000,6.4874,true,1.8827,0.2681,0,normal,true,0.5386,preferred_382_618,0.200,diagnostic_only,diagnostic_only,diagnostic_only,shallow_pullback,24,0.400,true,none,0.550,medium_quality,false,false,diagnostic_only,both,true,none,true,diagnostic_adjacent_detected,required_light,false,false,SHORT,3,false,false,0,,,-1,0.0000,0.00000000,0.00000000,0.00000000,false,false,none,0.00000000,false,0.0000,0.0000,false,1,0.0000,false,-1,0.00000000,0.0000,off,false,not_evaluated,none,0.0000,0.0000,none,false,false,false,0.0000,none,false,none,0.0000,false,none,0.0000,0.0000,0.0000,0.0000,false,none,0.0000,none,none,false,false,none,0.0000,0.0000,0.0000,0.0000,none,false,false,0.0000,0.0000,false,false,-1,none,none,false,0.000,0.000,205.63300000,205.53528571,205.63300000,pre_session_low,0.06700000,0.4379,neckline_level,205.52200000,0.3802,false,true,true,false,not_blocked,2,1,1,m5_failure_exit,off,none,0.00000000,0.0000,1.30,205.76500000,3.400,-0.300,0.200,PERIOD_M15,206.03300000,205.50800000,0.8895,outside,0.000,true,205.56600000,205.41300000,0.15300000,205.76500000,1.301,0.11571429,38.00,0-30,true,false,none,blocked_spread_too_high,3.500,3.500,none,0.0000,false,opposite_break_first,true,opposite_break_first,spread_too_high
2025.11.20 20:30:00,signal,session_reversal_pullback_one_symbol_first120,GBPUSD,LONG,2025.11.20 20:25:00,20,17,2,new_york,2025.11.20 16:00,85,first_120min,false,true,3,GBPUSD,highest_score_in_session_bar,new_york=USDJPY|EURJPY|GBPJPY|AUDJPY|EURUSD|GBPUSD,existing_first120_gate,new_york,false,false,true,passed_first_window,inverse_head_and_shoulders,neckline_break_retest,1.30749000,PERIOD_M5,PERIOD_H1,PERIOD_M15,PERIOD_M5,PERIOD_M5,false,htf_soft_alignment,current_post_filter,transcript_post_filter,dow_trend_down_ll_lh,no_ordered_dow_wave3_break,dow_trend_down_ll_lh,no_ordered_dow_wave3_break,false,true,false,LONG,PERIOD_M5,inverse_head_and_shoulders,inverse_head_and_shoulders,4.500,none,0.000,inverse_head_and_shoulders,4.500,none,0.000,LONG,false,PERIOD_H1_SHORT_dow_trend_down_ll_lh|PERIOD_M15_NONE_no_ordered_dow_wave3_break,true,h1_counter_m15_reversal,true,top_SHORT_dow_trend_down_ll_lh|structure_NONE_no_ordered_dow_wave3_break|structure_break_recent_confirmed_swing_break_failed|primary_break_recent_confirmed_swing_break_continuation,none,below_75sma_falling,above_75sma_rising,below_75sma_flat_or_rising,-1,0.00000000,0,1.30640000,false,off,NONE,NONE,0.00000000,0.00000000,0.0000,none,0.000,true,LONG,return_high_break_or_bos_up,1.30838000,8,1.31229000,1.30493000,false,off,independent,false,,,false,0.0000,none,0.0000,0.0000,none,0.0000,0.0000,0.0000,none,0.0000,0,0,0.0000,none,none,none,none,0.0000,0,0.0000,none,false,true,not_evaluated,true,required_light_or_anchor_flip,long_bias,1.30493000,2025.11.20 15:30:00,1.30838000,2025.11.20 12:15:00,2025.11.20 16:30:00,false,NONE,0.00000000,0.00000000,0.0000,-1,false,,-1,NONE,0.00000000,0.00000000,0.0000,0.0000,none,,none,false,NONE,-1,-1,-1,false,false,none,true,false,false,true,none,true,required,false,PERIOD_M5,,,-1,0.0000,false,0.00000000,0.0000,false,0.0000,false,none,none,false,no_anchor_flip_in_entry_direction,true,required_first_signal_only,LONG,unknown,0.00000000,,0.00000000,,false,,-1,false,NONE,0.00000000,,0.00000000,0.0000,0.0000,none,-1,false,false,false,no_anchor_flip_in_entry_direction,,,,false,false,false,-1,-1,-1,-1,-1,false,false,false,0.0000,range_n,true,1.31229000,1.30493000,6.7968,false,0.0000,0.0000,0,none,true,0.6196,deep_618_786,0.120,diagnostic_only,diagnostic_only,diagnostic_only,shallow_pullback,24,0.320,true,none,0.470,high_quality,false,false,diagnostic_only,both,true,none,true,diagnostic_adjacent_detected,required_light,false,false,SHORT,3,false,false,0,,,-1,0.0000,0.00000000,0.00000000,0.00000000,false,false,none,0.00000000,false,0.0000,0.0000,false,1,0.0000,false,-1,0.00000000,0.0000,off,false,not_evaluated,none,0.0000,0.0000,none,false,false,false,0.0000,none,false,none,0.0000,false,none,0.0000,0.0000,0.0000,0.0000,false,none,0.0000,none,none,false,false,none,0.0000,0.0000,0.0000,0.0000,none,false,false,0.0000,0.0000,false,false,-1,none,none,false,0.000,0.000,1.30788000,1.30773000,1.30788000,consolidation_zone,0.00015000,0.1230,neckline_level,1.30749000,0.5007,false,true,true,false,not_blocked,4,3,1,m5_failure_exit,off,none,0.00000000,0.0000,1.30,1.30931000,4.500,-0.300,0.200,PERIOD_M15,1.31229000,1.30493000,0.6196,deep_618_786,0.000,true,1.30773000,1.30651000,0.00122000,1.30931000,1.295,0.00047929,20.00,60-90,true,false,none,not_consumed,4.800,4.800,none,0.0000,false,opposite_break_first,true,opposite_break_first,spread_too_high
2025.11.20 20:30:00,blocked,session_reversal_pullback_one_symbol_first120,GBPUSD,LONG,2025.11.20 20:25:00,20,17,2,new_york,2025.11.20 16:00,85,first_120min,false,true,3,GBPUSD,highest_score_in_session_bar,new_york=USDJPY|EURJPY|GBPJPY|AUDJPY|EURUSD|GBPUSD,existing_first120_gate,new_york,false,false,true,passed_first_window,inverse_head_and_shoulders,neckline_break_retest,1.30749000,PERIOD_M5,PERIOD_H1,PERIOD_M15,PERIOD_M5,PERIOD_M5,false,htf_soft_alignment,current_post_filter,transcript_post_filter,dow_trend_down_ll_lh,no_ordered_dow_wave3_break,dow_trend_down_ll_lh,no_ordered_dow_wave3_break,false,true,false,LONG,PERIOD_M5,inverse_head_and_shoulders,inverse_head_and_shoulders,4.500,none,0.000,inverse_head_and_shoulders,4.500,none,0.000,LONG,false,PERIOD_H1_SHORT_dow_trend_down_ll_lh|PERIOD_M15_NONE_no_ordered_dow_wave3_break,true,h1_counter_m15_reversal,true,top_SHORT_dow_trend_down_ll_lh|structure_NONE_no_ordered_dow_wave3_break|structure_break_recent_confirmed_swing_break_failed|primary_break_recent_confirmed_swing_break_continuation,none,below_75sma_falling,above_75sma_rising,below_75sma_flat_or_rising,-1,0.00000000,0,1.30640000,false,off,NONE,NONE,0.00000000,0.00000000,0.0000,none,0.000,true,LONG,return_high_break_or_bos_up,1.30838000,8,1.31229000,1.30493000,false,off,independent,false,,,false,0.0000,none,0.0000,0.0000,none,0.0000,0.0000,0.0000,none,0.0000,0,0,0.0000,none,none,none,none,0.0000,0,0.0000,none,false,true,not_evaluated,true,required_light_or_anchor_flip,long_bias,1.30493000,2025.11.20 15:30:00,1.30838000,2025.11.20 12:15:00,2025.11.20 16:30:00,false,NONE,0.00000000,0.00000000,0.0000,-1,false,,-1,NONE,0.00000000,0.00000000,0.0000,0.0000,none,,none,false,NONE,-1,-1,-1,false,false,none,true,false,false,true,none,true,required,false,PERIOD_M5,,,-1,0.0000,false,0.00000000,0.0000,false,0.0000,false,none,none,false,no_anchor_flip_in_entry_direction,true,required_first_signal_only,LONG,unknown,0.00000000,,0.00000000,,false,,-1,false,NONE,0.00000000,,0.00000000,0.0000,0.0000,none,-1,false,false,false,no_anchor_flip_in_entry_direction,,,,false,false,false,-1,-1,-1,-1,-1,false,false,false,0.0000,range_n,true,1.31229000,1.30493000,6.7968,false,0.0000,0.0000,0,none,true,0.6196,deep_618_786,0.120,diagnostic_only,diagnostic_only,diagnostic_only,shallow_pullback,24,0.320,true,none,0.470,high_quality,false,false,diagnostic_only,both,true,none,true,diagnostic_adjacent_detected,required_light,false,false,SHORT,3,false,false,0,,,-1,0.0000,0.00000000,0.00000000,0.00000000,false,false,none,0.00000000,false,0.0000,0.0000,false,1,0.0000,false,-1,0.00000000,0.0000,off,false,not_evaluated,none,0.0000,0.0000,none,false,false,false,0.0000,none,false,none,0.0000,false,none,0.0000,0.0000,0.0000,0.0000,false,none,0.0000,none,none,false,false,none,0.0000,0.0000,0.0000,0.0000,none,false,false,0.0000,0.0000,false,false,-1,none,none,false,0.000,0.000,1.30788000,1.30773000,1.30788000,consolidation_zone,0.00015000,0.1230,neckline_level,1.30749000,0.5007,false,true,true,false,not_blocked,4,3,1,m5_failure_exit,off,none,0.00000000,0.0000,1.30,1.30931000,4.500,-0.300,0.200,PERIOD_M15,1.31229000,1.30493000,0.6196,deep_618_786,0.000,true,1.30773000,1.30651000,0.00122000,1.30931000,1.295,0.00047929,20.00,60-90,true,false,none,blocked_spread_too_high,4.800,4.800,none,0.0000,false,opposite_break_first,true,opposite_break_first,spread_too_high
2025.11.21 04:20:00,signal,session_reversal_pullback_one_symbol_first120,AUDJPY,SHORT,2025.11.21 04:15:00,4,1,10,tokyo,2025.11.21 00:00,75,first_120min,false,true,3,AUDJPY,highest_score_in_session_bar,tokyo=USDJPY|EURJPY|GBPJPY|AUDJPY,existing_first120_gate,tokyo,true,false,true,passed_first_window,double_top,neckline_break_retest,101.58900000,PERIOD_M5,PERIOD_H1,PERIOD_M15,PERIOD_M5,PERIOD_M5,false,htf_soft_alignment,current_post_filter,transcript_post_filter,dow_range_or_transition,structure_trend_bias_dow_trend_down_ll_lh,dow_range_or_transition,structure_trend_bias_dow_trend_down_ll_lh,false,false,true,SHORT,PERIOD_M5,double_top,double_top,4.200,none,0.000,double_top,4.200,none,0.000,SHORT,false,PERIOD_H1_NONE_dow_range_or_transition|PERIOD_M15_SHORT_structure_trend_bias_dow_trend_down_ll_lh,true,h1_counter_m15_reversal,true,top_NONE_dow_range_or_transition|structure_SHORT_structure_trend_bias_dow_trend_down_ll_lh|structure_break_recent_confirmed_swing_break_failed|primary_break_recent_confirmed_swing_break_continuation,none,above_75sma_rising,below_75sma_falling,above_75sma_flat_or_falling,-1,0.00000000,0,101.68600000,false,off,NONE,NONE,0.00000000,0.00000000,0.0000,none,0.000,true,SHORT,return_low_break_or_bos_down,101.40700000,12,101.73900000,101.27800000,false,off,independent,false,,,false,0.0000,none,0.0000,0.0000,none,0.0000,0.0000,0.0000,none,0.0000,0,0,0.0000,none,none,none,none,0.0000,0,0.0000,none,false,true,not_evaluated,true,required_light_or_anchor_flip,short_bias,101.94800000,2025.11.20 13:45:00,101.73900000,2025.11.20 22:00:00,2025.11.21 01:00:00,false,NONE,0.00000000,0.00000000,0.0000,-1,false,,-1,NONE,0.00000000,0.00000000,0.0000,0.0000,none,,none,false,NONE,-1,-1,-1,false,false,none,true,false,false,true,none,true,required,false,PERIOD_M5,,,-1,0.0000,false,0.00000000,0.0000,false,0.0000,false,none,none,false,no_anchor_flip_in_entry_direction,true,required_first_signal_only,SHORT,unknown,0.00000000,,0.00000000,,false,,-1,false,NONE,0.00000000,,0.00000000,0.0000,0.0000,none,-1,false,false,false,no_anchor_flip_in_entry_direction,,,,false,false,false,-1,-1,-1,-1,-1,false,false,false,0.0000,falling_n,false,102.47600000,101.27800000,10.1587,false,0.0000,0.0000,0,none,true,0.6312,deep_618_786,0.120,diagnostic_only,diagnostic_only,diagnostic_only,shallow_pullback,24,0.320,true,none,0.470,high_quality,false,false,diagnostic_only,both,true,none,true,diagnostic_adjacent_detected,required_light,false,false,LONG,5,false,false,2,2025.11.21 03:05:00,2025.11.21 03:55:00,4,3.6952,0.00000000,101.51800000,101.51800000,false,false,none,0.00000000,false,0.0000,0.0000,false,1,0.0000,false,-1,0.00000000,0.0000,off,false,not_evaluated,none,0.0000,0.0000,none,false,false,false,0.0000,none,false,none,0.0000,false,none,2.5333,3.5429,0.7151,0.1524,false,mild_exhaustion,0.0000,none,none,false,false,none,0.0000,0.0000,0.0000,0.0000,none,false,false,0.0000,0.0000,false,false,-1,none,none,false,0.000,0.000,101.57100000,101.56443750,101.56443750,recent_equal_lows,0.00456250,0.0570,neckline_level,101.58900000,0.3810,false,true,true,false,not_blocked,4,2,2,m5_failure_exit,off,none,0.00000000,0.0000,1.30,101.46400000,4.200,-0.300,0.200,PERIOD_M15,101.53100000,101.45700000,1.5135,outside,0.000,true,101.56900000,101.64900000,0.08000000,101.46400000,1.313,0.05250000,28.00,60-90,true,false,none,not_consumed,4.500,4.500,none,0.0000,false,opposite_break_first,true,opposite_break_first,spread_too_high
2025.11.21 04:20:00,blocked,session_reversal_pullback_one_symbol_first120,AUDJPY,SHORT,2025.11.21 04:15:00,4,1,10,tokyo,2025.11.21 00:00,75,first_120min,false,true,3,AUDJPY,highest_score_in_session_bar,tokyo=USDJPY|EURJPY|GBPJPY|AUDJPY,existing_first120_gate,tokyo,true,false,true,passed_first_window,double_top,neckline_break_retest,101.58900000,PERIOD_M5,PERIOD_H1,PERIOD_M15,PERIOD_M5,PERIOD_M5,false,htf_soft_alignment,current_post_filter,transcript_post_filter,dow_range_or_transition,structure_trend_bias_dow_trend_down_ll_lh,dow_range_or_transition,structure_trend_bias_dow_trend_down_ll_lh,false,false,true,SHORT,PERIOD_M5,double_top,double_top,4.200,none,0.000,double_top,4.200,none,0.000,SHORT,false,PERIOD_H1_NONE_dow_range_or_transition|PERIOD_M15_SHORT_structure_trend_bias_dow_trend_down_ll_lh,true,h1_counter_m15_reversal,true,top_NONE_dow_range_or_transition|structure_SHORT_structure_trend_bias_dow_trend_down_ll_lh|structure_break_recent_confirmed_swing_break_failed|primary_break_recent_confirmed_swing_break_continuation,none,above_75sma_rising,below_75sma_falling,above_75sma_flat_or_falling,-1,0.00000000,0,101.68600000,false,off,NONE,NONE,0.00000000,0.00000000,0.0000,none,0.000,true,SHORT,return_low_break_or_bos_down,101.40700000,12,101.73900000,101.27800000,false,off,independent,false,,,false,0.0000,none,0.0000,0.0000,none,0.0000,0.0000,0.0000,none,0.0000,0,0,0.0000,none,none,none,none,0.0000,0,0.0000,none,false,true,not_evaluated,true,required_light_or_anchor_flip,short_bias,101.94800000,2025.11.20 13:45:00,101.73900000,2025.11.20 22:00:00,2025.11.21 01:00:00,false,NONE,0.00000000,0.00000000,0.0000,-1,false,,-1,NONE,0.00000000,0.00000000,0.0000,0.0000,none,,none,false,NONE,-1,-1,-1,false,false,none,true,false,false,true,none,true,required,false,PERIOD_M5,,,-1,0.0000,false,0.00000000,0.0000,false,0.0000,false,none,none,false,no_anchor_flip_in_entry_direction,true,required_first_signal_only,SHORT,unknown,0.00000000,,0.00000000,,false,,-1,false,NONE,0.00000000,,0.00000000,0.0000,0.0000,none,-1,false,false,false,no_anchor_flip_in_entry_direction,,,,false,false,false,-1,-1,-1,-1,-1,false,false,false,0.0000,falling_n,false,102.47600000,101.27800000,10.1587,false,0.0000,0.0000,0,none,true,0.6312,deep_618_786,0.120,diagnostic_only,diagnostic_only,diagnostic_only,shallow_pullback,24,0.320,true,none,0.470,high_quality,false,false,diagnostic_only,both,true,none,true,diagnostic_adjacent_detected,required_light,false,false,LONG,5,false,false,2,2025.11.21 03:05:00,2025.11.21 03:55:00,4,3.6952,0.00000000,101.51800000,101.51800000,false,false,none,0.00000000,false,0.0000,0.0000,false,1,0.0000,false,-1,0.00000000,0.0000,off,false,not_evaluated,none,0.0000,0.0000,none,false,false,false,0.0000,none,false,none,0.0000,false,none,2.5333,3.5429,0.7151,0.1524,false,mild_exhaustion,0.0000,none,none,false,false,none,0.0000,0.0000,0.0000,0.0000,none,false,false,0.0000,0.0000,false,false,-1,none,none,false,0.000,0.000,101.57100000,101.56443750,101.56443750,recent_equal_lows,0.00456250,0.0570,neckline_level,101.58900000,0.3810,false,true,true,false,not_blocked,4,2,2,m5_failure_exit,off,none,0.00000000,0.0000,1.30,101.46400000,4.200,-0.300,0.200,PERIOD_M15,101.53100000,101.45700000,1.5135,outside,0.000,true,101.56900000,101.64900000,0.08000000,101.46400000,1.313,0.05250000,28.00,60-90,true,false,none,blocked_spread_too_high,4.500,4.500,none,0.0000,false,opposite_break_first,true,opposite_break_first,spread_too_high
2025.11.21 16:30:00,signal,session_reversal_pullback_one_symbol_first120,GBPUSD,SHORT,2025.11.21 16:25:00,16,13,22,london_newyork_overlap,2025.11.21 13:00,25,first_120min,true,true,3,GBPUSD,highest_score_in_session_bar,london_newyork_overlap=USDJPY|EURJPY|GBPJPY|AUDJPY|EURUSD|GBPUSD,existing_first120_gate,london_newyork_overlap,false,false,true,passed_first_window,head_and_shoulders,neckline_break_retest,1.30752000,PERIOD_M5,PERIOD_H1,PERIOD_M15,PERIOD_M5,PERIOD_M5,false,htf_soft_alignment,current_post_filter,transcript_post_filter,dow_range_or_transition,structure_trend_bias_dow_trend_down_ll_lh,dow_range_or_transition,structure_trend_bias_dow_trend_down_ll_lh,false,false,true,SHORT,PERIOD_M5,head_and_shoulders,head_and_shoulders,4.500,none,0.000,head_and_shoulders,4.500,none,0.000,SHORT,false,PERIOD_H1_NONE_dow_range_or_transition|PERIOD_M15_SHORT_structure_trend_bias_dow_trend_down_ll_lh,true,h1_counter_m15_reversal,true,top_NONE_dow_range_or_transition|structure_SHORT_structure_trend_bias_dow_trend_down_ll_lh|structure_break_recent_confirmed_swing_break_failed|primary_break_recent_confirmed_swing_break_retest,none,below_75sma_falling,below_75sma_flat_or_rising,above_75sma_flat_or_falling,-1,0.00000000,0,1.30746000,false,off,NONE,NONE,0.00000000,0.00000000,0.0000,none,0.000,true,SHORT,return_low_break_or_bos_down,1.30496000,8,1.31019000,1.30376000,false,off,independent,false,,,false,0.0000,none,0.0000,0.0000,none,0.0000,0.0000,0.0000,none,0.0000,0,0,0.0000,none,none,none,none,0.0000,0,0.0000,none,false,true,not_evaluated,true,required_light_or_anchor_flip,bias_flip_up,1.30651000,2025.11.21 09:00:00,1.30686000,2025.11.21 13:00:00,2025.11.21 14:15:00,true,LONG,1.30686000,1.30764000,0.6265,7,true,2025.11.21 14:30:00,7,LONG,1.30686000,1.30764000,0.6265,2.5944,strong,2025.11.21 16:15:00,first_after_anchor,true,LONG,7,0,7,true,false,normal_5_12,false,true,false,true,none,true,required,false,PERIOD_M5,,,-1,0.0000,false,0.00000000,0.0000,false,0.0000,false,none,none,false,no_anchor_flip_in_entry_direction,true,required_first_signal_only,SHORT,unknown,0.00000000,,0.00000000,,false,,-1,false,NONE,0.00000000,,0.00000000,0.0000,0.0000,none,-1,false,false,false,no_anchor_flip_in_entry_direction,,,,false,false,false,-1,-1,-1,-1,-1,false,false,false,0.0000,falling_n,false,1.31019000,1.30376000,5.1647,true,2.5944,0.1003,7,strong,true,0.5521,preferred_382_618,0.200,diagnostic_only,diagnostic_only,diagnostic_only,fib_pullback,24,0.450,true,none,0.600,high_quality,false,false,diagnostic_only,both,true,none,true,diagnostic_adjacent_detected,required_light,false,false,LONG,5,false,false,1,2025.11.21 15:20:00,2025.11.21 16:00:00,5,3.1076,0.00000000,1.30746000,1.30746000,true,true,m5_hl_close_break_down,1.30746000,true,0.0961,0.1762,true,1,0.0000,true,1,1.30746000,0.0320,off,false,not_evaluated,none,0.5300,0.0900,normal,true,false,false,0.0000,held_clean,true,favorable_side,0.0400,false,clean_retest,3.1076,1.6659,1.8654,0.6087,false,no_shrink,0.0000,none,none,false,false,none,0.0000,0.0000,0.0000,0.0000,none,false,false,0.0000,0.0000,false,false,-1,none,none,false,0.000,0.000,1.30752000,1.30690000,1.30690000,session_low,0.00041000,0.2733,neckline_level,1.30752000,0.3364,false,true,false,false,not_blocked,4,4,0,m5_failure_exit,off,none,0.00000000,0.0000,1.30,1.30536000,4.500,-0.300,0.200,PERIOD_M15,1.30686000,1.30376000,1.1452,outside,0.000,true,1.30731000,1.30881000,0.00150000,1.30536000,1.300,0.00062429,20.00,0-30,true,false,none,not_consumed,4.800,4.800,none,0.0000,false,neckline_retest_failed,false,not_invalidated,spread_too_high
2025.11.21 16:30:00,blocked,session_reversal_pullback_one_symbol_first120,GBPUSD,SHORT,2025.11.21 16:25:00,16,13,22,london_newyork_overlap,2025.11.21 13:00,25,first_120min,true,true,3,GBPUSD,highest_score_in_session_bar,london_newyork_overlap=USDJPY|EURJPY|GBPJPY|AUDJPY|EURUSD|GBPUSD,existing_first120_gate,london_newyork_overlap,false,false,true,passed_first_window,head_and_shoulders,neckline_break_retest,1.30752000,PERIOD_M5,PERIOD_H1,PERIOD_M15,PERIOD_M5,PERIOD_M5,false,htf_soft_alignment,current_post_filter,transcript_post_filter,dow_range_or_transition,structure_trend_bias_dow_trend_down_ll_lh,dow_range_or_transition,structure_trend_bias_dow_trend_down_ll_lh,false,false,true,SHORT,PERIOD_M5,head_and_shoulders,head_and_shoulders,4.500,none,0.000,head_and_shoulders,4.500,none,0.000,SHORT,false,PERIOD_H1_NONE_dow_range_or_transition|PERIOD_M15_SHORT_structure_trend_bias_dow_trend_down_ll_lh,true,h1_counter_m15_reversal,true,top_NONE_dow_range_or_transition|structure_SHORT_structure_trend_bias_dow_trend_down_ll_lh|structure_break_recent_confirmed_swing_break_failed|primary_break_recent_confirmed_swing_break_retest,none,below_75sma_falling,below_75sma_flat_or_rising,above_75sma_flat_or_falling,-1,0.00000000,0,1.30746000,false,off,NONE,NONE,0.00000000,0.00000000,0.0000,none,0.000,true,SHORT,return_low_break_or_bos_down,1.30496000,8,1.31019000,1.30376000,false,off,independent,false,,,false,0.0000,none,0.0000,0.0000,none,0.0000,0.0000,0.0000,none,0.0000,0,0,0.0000,none,none,none,none,0.0000,0,0.0000,none,false,true,not_evaluated,true,required_light_or_anchor_flip,bias_flip_up,1.30651000,2025.11.21 09:00:00,1.30686000,2025.11.21 13:00:00,2025.11.21 14:15:00,true,LONG,1.30686000,1.30764000,0.6265,7,true,2025.11.21 14:30:00,7,LONG,1.30686000,1.30764000,0.6265,2.5944,strong,2025.11.21 16:15:00,first_after_anchor,true,LONG,7,0,7,true,false,normal_5_12,false,true,false,true,none,true,required,false,PERIOD_M5,,,-1,0.0000,false,0.00000000,0.0000,false,0.0000,false,none,none,false,no_anchor_flip_in_entry_direction,true,required_first_signal_only,SHORT,unknown,0.00000000,,0.00000000,,false,,-1,false,NONE,0.00000000,,0.00000000,0.0000,0.0000,none,-1,false,false,false,no_anchor_flip_in_entry_direction,,,,false,false,false,-1,-1,-1,-1,-1,false,false,false,0.0000,falling_n,false,1.31019000,1.30376000,5.1647,true,2.5944,0.1003,7,strong,true,0.5521,preferred_382_618,0.200,diagnostic_only,diagnostic_only,diagnostic_only,fib_pullback,24,0.450,true,none,0.600,high_quality,false,false,diagnostic_only,both,true,none,true,diagnostic_adjacent_detected,required_light,false,false,LONG,5,false,false,1,2025.11.21 15:20:00,2025.11.21 16:00:00,5,3.1076,0.00000000,1.30746000,1.30746000,true,true,m5_hl_close_break_down,1.30746000,true,0.0961,0.1762,true,1,0.0000,true,1,1.30746000,0.0320,off,false,not_evaluated,none,0.5300,0.0900,normal,true,false,false,0.0000,held_clean,true,favorable_side,0.0400,false,clean_retest,3.1076,1.6659,1.8654,0.6087,false,no_shrink,0.0000,none,none,false,false,none,0.0000,0.0000,0.0000,0.0000,none,false,false,0.0000,0.0000,false,false,-1,none,none,false,0.000,0.000,1.30752000,1.30690000,1.30690000,session_low,0.00041000,0.2733,neckline_level,1.30752000,0.3364,false,true,false,false,not_blocked,4,4,0,m5_failure_exit,off,none,0.00000000,0.0000,1.30,1.30536000,4.500,-0.300,0.200,PERIOD_M15,1.30686000,1.30376000,1.1452,outside,0.000,true,1.30731000,1.30881000,0.00150000,1.30536000,1.300,0.00062429,20.00,0-30,true,false,none,blocked_spread_too_high,4.800,4.800,none,0.0000,false,neckline_retest_failed,false,not_invalidated,spread_too_high
2025.11.24 11:10:00,signal,session_reversal_pullback_one_symbol_first120,AUDJPY,SHORT,2025.11.24 11:05:00,11,8,17,london,2025.11.24 07:00,65,first_120min,false,true,3,AUDJPY,highest_score_in_session_bar,london=USDJPY|EURJPY|GBPJPY|AUDJPY|EURUSD|GBPUSD,existing_first120_gate,london,false,false,true,passed_first_window,double_top,neckline_break_retest,101.29000000,PERIOD_M5,PERIOD_H1,PERIOD_M15,PERIOD_M5,PERIOD_M5,false,htf_soft_alignment,current_post_filter,transcript_post_filter,dow_trend_up_hh_hl,no_ordered_dow_wave3_break,dow_trend_up_hh_hl,no_ordered_dow_wave3_break,false,false,true,SHORT,PERIOD_M5,double_top,double_top,4.200,none,0.000,double_top,4.200,none,0.000,SHORT,false,PERIOD_H1_LONG_dow_trend_up_hh_hl|PERIOD_M15_NONE_no_ordered_dow_wave3_break,true,h1_counter_m15_reversal,true,top_LONG_dow_trend_up_hh_hl|structure_NONE_no_ordered_dow_wave3_break|structure_break_recent_confirmed_swing_break_failed|primary_break_recent_confirmed_swing_break_retest,none,below_75sma_flat_or_rising,above_75sma_rising,below_75sma_flat_or_rising,-1,0.00000000,0,101.26200000,false,off,NONE,NONE,0.00000000,0.00000000,0.0000,none,0.000,true,SHORT,return_low_break_or_bos_down,101.14800000,16,101.35800000,101.09400000,false,off,independent,false,,,false,0.0000,none,0.0000,0.0000,none,0.0000,0.0000,0.0000,none,0.0000,0,0,0.0000,none,none,none,none,0.0000,0,0.0000,none,false,true,not_evaluated,true,required_light_or_anchor_flip,long_bias,101.17800000,2025.11.24 09:00:00,101.24300000,2025.11.24 06:00:00,2025.11.24 09:45:00,false,NONE,0.00000000,0.00000000,0.0000,-1,false,,-1,NONE,0.00000000,0.00000000,0.0000,0.0000,none,,none,false,NONE,-1,-1,-1,false,false,none,false,true,false,true,none,true,required,false,PERIOD_M5,,,-1,0.0000,false,0.00000000,0.0000,false,0.0000,false,none,none,false,no_anchor_flip_in_entry_direction,true,required_first_signal_only,SHORT,unknown,0.00000000,,0.00000000,,false,,-1,false,NONE,0.00000000,,0.00000000,0.0000,0.0000,none,-1,false,false,false,no_anchor_flip_in_entry_direction,,,,false,false,false,-1,-1,-1,-1,-1,false,false,false,0.0000,rising_n,false,101.35800000,101.09400000,3.6522,false,0.0000,0.0000,0,none,true,0.4015,preferred_382_618,0.200,diagnostic_only,diagnostic_only,diagnostic_only,fib_pullback,4,0.440,true,none,0.590,high_quality,false,false,diagnostic_only,both,true,none,true,diagnostic_adjacent_detected,required_light,false,false,LONG,6,false,false,1,2025.11.24 09:50:00,2025.11.24 10:45:00,4,2.4676,0.00000000,101.26200000,101.26200000,true,true,m5_hl_close_break_down,101.26200000,true,1.0576,1.3597,true,1,0.0000,false,0,101.26200000,0.5036,off,false,not_evaluated,none,0.9688,0.0313,very_strong,false,false,false,0.0000,no_following_closed_bar,false,none,0.0000,false,no_retest,1.1583,2.4676,0.4694,0.0000,true,strong_exhaustion,0.0000,none,none,false,false,none,0.0000,0.0000,0.0000,0.0000,none,false,false,0.0000,0.0000,false,false,-1,none,none,false,0.000,0.000,101.21100000,101.19600000,101.17800000,structure_confirmed_swing_low,0.02200000,0.1705,session_low|opening_range_low|neckline_level,101.19600000,0.0671,false,true,false,false,not_blocked,2,2,0,m5_failure_exit,off,none,0.00000000,0.0000,1.30,101.03300000,4.200,-0.300,0.200,PERIOD_M15,101.35800000,101.17800000,0.1222,outside,0.000,true,101.20000000,101.32900000,0.12900000,101.03300000,1.295,0.05957143,28.00,60-90,true,false,none,not_consumed,4.500,4.500,none,0.0000,false,neckline_retest_failed,false,not_invalidated,spread_too_high
2025.11.24 11:10:00,blocked,session_reversal_pullback_one_symbol_first120,AUDJPY,SHORT,2025.11.24 11:05:00,11,8,17,london,2025.11.24 07:00,65,first_120min,false,true,3,AUDJPY,highest_score_in_session_bar,london=USDJPY|EURJPY|GBPJPY|AUDJPY|EURUSD|GBPUSD,existing_first120_gate,london,false,false,true,passed_first_window,double_top,neckline_break_retest,101.29000000,PERIOD_M5,PERIOD_H1,PERIOD_M15,PERIOD_M5,PERIOD_M5,false,htf_soft_alignment,current_post_filter,transcript_post_filter,dow_trend_up_hh_hl,no_ordered_dow_wave3_break,dow_trend_up_hh_hl,no_ordered_dow_wave3_break,false,false,true,SHORT,PERIOD_M5,double_top,double_top,4.200,none,0.000,double_top,4.200,none,0.000,SHORT,false,PERIOD_H1_LONG_dow_trend_up_hh_hl|PERIOD_M15_NONE_no_ordered_dow_wave3_break,true,h1_counter_m15_reversal,true,top_LONG_dow_trend_up_hh_hl|structure_NONE_no_ordered_dow_wave3_break|structure_break_recent_confirmed_swing_break_failed|primary_break_recent_confirmed_swing_break_retest,none,below_75sma_flat_or_rising,above_75sma_rising,below_75sma_flat_or_rising,-1,0.00000000,0,101.26200000,false,off,NONE,NONE,0.00000000,0.00000000,0.0000,none,0.000,true,SHORT,return_low_break_or_bos_down,101.14800000,16,101.35800000,101.09400000,false,off,independent,false,,,false,0.0000,none,0.0000,0.0000,none,0.0000,0.0000,0.0000,none,0.0000,0,0,0.0000,none,none,none,none,0.0000,0,0.0000,none,false,true,not_evaluated,true,required_light_or_anchor_flip,long_bias,101.17800000,2025.11.24 09:00:00,101.24300000,2025.11.24 06:00:00,2025.11.24 09:45:00,false,NONE,0.00000000,0.00000000,0.0000,-1,false,,-1,NONE,0.00000000,0.00000000,0.0000,0.0000,none,,none,false,NONE,-1,-1,-1,false,false,none,false,true,false,true,none,true,required,false,PERIOD_M5,,,-1,0.0000,false,0.00000000,0.0000,false,0.0000,false,none,none,false,no_anchor_flip_in_entry_direction,true,required_first_signal_only,SHORT,unknown,0.00000000,,0.00000000,,false,,-1,false,NONE,0.00000000,,0.00000000,0.0000,0.0000,none,-1,false,false,false,no_anchor_flip_in_entry_direction,,,,false,false,false,-1,-1,-1,-1,-1,false,false,false,0.0000,rising_n,false,101.35800000,101.09400000,3.6522,false,0.0000,0.0000,0,none,true,0.4015,preferred_382_618,0.200,diagnostic_only,diagnostic_only,diagnostic_only,fib_pullback,4,0.440,true,none,0.590,high_quality,false,false,diagnostic_only,both,true,none,true,diagnostic_adjacent_detected,required_light,false,false,LONG,6,false,false,1,2025.11.24 09:50:00,2025.11.24 10:45:00,4,2.4676,0.00000000,101.26200000,101.26200000,true,true,m5_hl_close_break_down,101.26200000,true,1.0576,1.3597,true,1,0.0000,false,0,101.26200000,0.5036,off,false,not_evaluated,none,0.9688,0.0313,very_strong,false,false,false,0.0000,no_following_closed_bar,false,none,0.0000,false,no_retest,1.1583,2.4676,0.4694,0.0000,true,strong_exhaustion,0.0000,none,none,false,false,none,0.0000,0.0000,0.0000,0.0000,none,false,false,0.0000,0.0000,false,false,-1,none,none,false,0.000,0.000,101.21100000,101.19600000,101.17800000,structure_confirmed_swing_low,0.02200000,0.1705,session_low|opening_range_low|neckline_level,101.19600000,0.0671,false,true,false,false,not_blocked,2,2,0,m5_failure_exit,off,none,0.00000000,0.0000,1.30,101.03300000,4.200,-0.300,0.200,PERIOD_M15,101.35800000,101.17800000,0.1222,outside,0.000,true,101.20000000,101.32900000,0.12900000,101.03300000,1.295,0.05957143,28.00,60-90,true,false,none,blocked_spread_too_high,4.500,4.500,none,0.0000,false,neckline_retest_failed,false,not_invalidated,spread_too_high
2025.11.24 19:05:00,signal,session_reversal_pullback_one_symbol_first120,GBPUSD,SHORT,2025.11.24 19:00:00,19,16,1,new_york,2025.11.24 16:00,0,first_120min,true,true,3,GBPUSD,highest_score_in_session_bar,new_york=USDJPY|EURJPY|GBPJPY|AUDJPY|EURUSD|GBPUSD,existing_first120_gate,new_york,false,false,true,passed_first_window,head_and_shoulders,neckline_break_retest,1.30977000,PERIOD_M5,PERIOD_H1,PERIOD_M15,PERIOD_M5,PERIOD_M5,false,htf_soft_alignment,current_post_filter,transcript_post_filter,dow_trend_up_hh_hl,no_ordered_dow_wave3_break,dow_trend_up_hh_hl,no_ordered_dow_wave3_break,false,true,true,SHORT,PERIOD_M5,head_and_shoulders,head_and_shoulders,4.500,none,0.000,head_and_shoulders,4.500,none,0.000,SHORT,false,PERIOD_H1_LONG_dow_trend_up_hh_hl|PERIOD_M15_NONE_no_ordered_dow_wave3_break,true,h1_counter_m15_reversal,true,top_LONG_dow_trend_up_hh_hl|structure_NONE_no_ordered_dow_wave3_break|structure_break_recent_confirmed_swing_break_failed|primary_break_recent_confirmed_swing_break_retest,none,above_75sma_flat_or_falling,below_75sma_falling,below_75sma_flat_or_rising,-1,0.00000000,0,1.30977000,false,off,NONE,NONE,0.00000000,0.00000000,0.0000,none,0.000,true,SHORT,return_low_break_or_bos_down,1.30871000,5,1.31170000,1.30796000,false,off,independent,false,,,false,0.0000,none,0.0000,0.0000,none,0.0000,0.0000,0.0000,none,0.0000,0,0,0.0000,none,none,none,none,0.0000,0,0.0000,none,false,true,not_evaluated,true,required_light_or_anchor_flip,short_bias,1.30871000,2025.11.24 14:00:00,1.31170000,2025.11.24 15:30:00,2025.11.24 17:45:00,false,NONE,0.00000000,0.00000000,0.0000,-1,false,,-1,NONE,0.00000000,0.00000000,0.0000,0.0000,none,,none,false,NONE,-1,-1,-1,false,false,none,true,false,false,true,none,true,required,false,PERIOD_M5,,,-1,0.0000,false,0.00000000,0.0000,false,0.0000,false,none,none,false,no_anchor_flip_in_entry_direction,true,required_first_signal_only,SHORT,unknown,0.00000000,,0.00000000,,false,,-1,false,NONE,0.00000000,,0.00000000,0.0000,0.0000,none,-1,false,false,false,no_anchor_flip_in_entry_direction,,,,false,false,false,-1,-1,-1,-1,-1,false,false,false,0.0000,range_n,true,1.31170000,1.30796000,3.6160,false,0.0000,0.0000,0,none,true,0.2781,shallow_236_382,0.080,diagnostic_only,diagnostic_only,diagnostic_only,shallow_pullback,24,0.330,true,none,0.480,high_quality,false,false,diagnostic_only,both,true,none,true,diagnostic_adjacent_detected,required_light,false,false,LONG,4,false,false,1,2025.11.24 17:50:00,2025.11.24 18:35:00,5,5.2548,0.00000000,1.30977000,1.30977000,true,true,m5_hl_close_break_down,1.30977000,true,0.6399,1.2604,true,1,0.0000,true,1,1.30977000,0.3102,off,false,not_evaluated,none,0.6500,0.1000,strong,true,false,false,0.0000,held_clean,true,favorable_side,0.1600,false,clean_retest,1.5706,5.2548,0.2989,0.0000,true,strong_exhaustion,0.0000,none,none,false,false,none,0.0000,0.0000,0.0000,0.0000,none,false,false,0.0000,0.0000,false,false,-1,none,none,false,0.000,0.000,1.30934000,1.30897000,1.30889000,recent_rejection_zone,0.00011000,0.0710,session_low|opening_range_low|neckline_level,1.30897000,0.0582,false,true,true,false,not_blocked,6,3,3,m5_failure_exit,off,none,0.00000000,0.0000,1.30,1.30699000,4.500,-0.300,0.200,PERIOD_M15,1.31170000,1.30796000,0.2781,outside,0.000,true,1.30900000,1.31055000,0.00155000,1.30699000,1.297,0.00051571,20.00,0-30,true,false,none,not_consumed,4.800,4.800,none,0.0000,false,neckline_retest_failed,false,not_invalidated,spread_too_high
2025.11.24 19:05:00,blocked,session_reversal_pullback_one_symbol_first120,GBPUSD,SHORT,2025.11.24 19:00:00,19,16,1,new_york,2025.11.24 16:00,0,first_120min,true,true,3,GBPUSD,highest_score_in_session_bar,new_york=USDJPY|EURJPY|GBPJPY|AUDJPY|EURUSD|GBPUSD,existing_first120_gate,new_york,false,false,true,passed_first_window,head_and_shoulders,neckline_break_retest,1.30977000,PERIOD_M5,PERIOD_H1,PERIOD_M15,PERIOD_M5,PERIOD_M5,false,htf_soft_alignment,current_post_filter,transcript_post_filter,dow_trend_up_hh_hl,no_ordered_dow_wave3_break,dow_trend_up_hh_hl,no_ordered_dow_wave3_break,false,true,true,SHORT,PERIOD_M5,head_and_shoulders,head_and_shoulders,4.500,none,0.000,head_and_shoulders,4.500,none,0.000,SHORT,false,PERIOD_H1_LONG_dow_trend_up_hh_hl|PERIOD_M15_NONE_no_ordered_dow_wave3_break,true,h1_counter_m15_reversal,true,top_LONG_dow_trend_up_hh_hl|structure_NONE_no_ordered_dow_wave3_break|structure_break_recent_confirmed_swing_break_failed|primary_break_recent_confirmed_swing_break_retest,none,above_75sma_flat_or_falling,below_75sma_falling,below_75sma_flat_or_rising,-1,0.00000000,0,1.30977000,false,off,NONE,NONE,0.00000000,0.00000000,0.0000,none,0.000,true,SHORT,return_low_break_or_bos_down,1.30871000,5,1.31170000,1.30796000,false,off,independent,false,,,false,0.0000,none,0.0000,0.0000,none,0.0000,0.0000,0.0000,none,0.0000,0,0,0.0000,none,none,none,none,0.0000,0,0.0000,none,false,true,not_evaluated,true,required_light_or_anchor_flip,short_bias,1.30871000,2025.11.24 14:00:00,1.31170000,2025.11.24 15:30:00,2025.11.24 17:45:00,false,NONE,0.00000000,0.00000000,0.0000,-1,false,,-1,NONE,0.00000000,0.00000000,0.0000,0.0000,none,,none,false,NONE,-1,-1,-1,false,false,none,true,false,false,true,none,true,required,false,PERIOD_M5,,,-1,0.0000,false,0.00000000,0.0000,false,0.0000,false,none,none,false,no_anchor_flip_in_entry_direction,true,required_first_signal_only,SHORT,unknown,0.00000000,,0.00000000,,false,,-1,false,NONE,0.00000000,,0.00000000,0.0000,0.0000,none,-1,false,false,false,no_anchor_flip_in_entry_direction,,,,false,false,false,-1,-1,-1,-1,-1,false,false,false,0.0000,range_n,true,1.31170000,1.30796000,3.6160,false,0.0000,0.0000,0,none,true,0.2781,shallow_236_382,0.080,diagnostic_only,diagnostic_only,diagnostic_only,shallow_pullback,24,0.330,true,none,0.480,high_quality,false,false,diagnostic_only,both,true,none,true,diagnostic_adjacent_detected,required_light,false,false,LONG,4,false,false,1,2025.11.24 17:50:00,2025.11.24 18:35:00,5,5.2548,0.00000000,1.30977000,1.30977000,true,true,m5_hl_close_break_down,1.30977000,true,0.6399,1.2604,true,1,0.0000,true,1,1.30977000,0.3102,off,false,not_evaluated,none,0.6500,0.1000,strong,true,false,false,0.0000,held_clean,true,favorable_side,0.1600,false,clean_retest,1.5706,5.2548,0.2989,0.0000,true,strong_exhaustion,0.0000,none,none,false,false,none,0.0000,0.0000,0.0000,0.0000,none,false,false,0.0000,0.0000,false,false,-1,none,none,false,0.000,0.000,1.30934000,1.30897000,1.30889000,recent_rejection_zone,0.00011000,0.0710,session_low|opening_range_low|neckline_level,1.30897000,0.0582,false,true,true,false,not_blocked,6,3,3,m5_failure_exit,off,none,0.00000000,0.0000,1.30,1.30699000,4.500,-0.300,0.200,PERIOD_M15,1.31170000,1.30796000,0.2781,outside,0.000,true,1.30900000,1.31055000,0.00155000,1.30699000,1.297,0.00051571,20.00,0-30,true,false,none,blocked_spread_too_high,4.800,4.800,none,0.0000,false,neckline_retest_failed,false,not_invalidated,spread_too_high
2025.11.25 03:05:00,signal,session_reversal_pullback_one_symbol_first120,GBPJPY,SHORT,2025.11.25 03:00:00,3,0,9,tokyo,2025.11.25 00:00,0,first_120min,true,true,3,GBPJPY,highest_score_in_session_bar,tokyo=USDJPY|EURJPY|GBPJPY|AUDJPY,existing_first120_gate,tokyo,true,false,true,passed_first_window,head_and_shoulders,neckline_break_retest,205.48900000,PERIOD_M5,PERIOD_H1,PERIOD_M15,PERIOD_M5,PERIOD_M5,false,htf_soft_alignment,current_post_filter,transcript_post_filter,dow_range_or_transition,structure_trend_bias_dow_trend_up_hh_hl,dow_range_or_transition,structure_trend_bias_dow_trend_up_hh_hl,false,false,true,SHORT,PERIOD_M5,head_and_shoulders,head_and_shoulders,4.500,none,0.000,head_and_shoulders,4.500,none,0.000,SHORT,false,PERIOD_H1_NONE_dow_range_or_transition|PERIOD_M15_LONG_structure_trend_bias_dow_trend_up_hh_hl,true,h1_counter_m15_reversal,true,top_NONE_dow_range_or_transition|structure_LONG_structure_trend_bias_dow_trend_up_hh_hl|structure_break_recent_confirmed_swing_break_retest|primary_break_recent_confirmed_swing_break_retest,none,below_75sma_flat_or_rising,below_75sma_flat_or_rising,below_75sma_falling,0,205.41300000,1,205.48900000,false,off,NONE,NONE,0.00000000,0.00000000,0.0000,none,0.000,true,SHORT,return_low_break_or_bos_down,205.41300000,0,205.69700000,205.41300000,false,off,independent,false,,,false,0.0000,none,0.0000,0.0000,none,0.0000,0.0000,0.0000,none,0.0000,0,0,0.0000,none,none,none,none,0.0000,0,0.0000,none,false,true,not_evaluated,true,required_light_or_anchor_flip,bias_flip_down,205.41300000,2025.11.25 00:00:00,205.64800000,2025.11.24 23:30:00,2025.11.25 01:30:00,true,SHORT,205.41300000,205.37100000,0.3748,0,true,2025.11.25 02:45:00,0,SHORT,205.41300000,205.37100000,0.3748,2.5073,normal,2025.11.25 02:45:00,first_after_anchor,true,SHORT,0,0,0,true,false,fresh_0_4,true,false,false,true,none,true,required,true,PERIOD_M5,2025.11.25 02:50:00,2025.11.25 02:55:00,3,0.9703,true,205.41300000,0.9703,true,0.9810,false,none,failed_close_back_inside,false,post_anchor_close_back_inside,true,required_first_signal_only,SHORT,no_confirmed_micro_anchor,0.00000000,,0.00000000,,false,,-1,false,NONE,0.00000000,,0.00000000,0.0000,0.0000,none,-1,false,false,false,insufficient_confirmed_m5_pivots,GBPJPY|SHORT|1764038700|205.413,,,false,false,false,-1,-1,-1,-1,-1,false,false,false,0.0000,rising_n,false,205.69700000,205.35100000,3.0873,true,2.5073,0.1485,0,normal,true,0.2535,shallow_236_382,0.080,diagnostic_only,diagnostic_only,diagnostic_only,shallow_pullback,5,0.370,true,none,0.520,high_quality,false,false,diagnostic_only,both,true,none,true,diagnostic_adjacent_detected,required_light,false,false,LONG,4,false,false,1,2025.11.25 00:00:00,2025.11.25 02:35:00,5,3.0282,0.00000000,205.48900000,205.48900000,true,true,m5_hl_close_break_down,205.48900000,true,1.2582,1.4181,true,1,0.0000,true,1,205.48900000,0.1386,off,false,not_evaluated,none,0.8261,0.1739,very_strong,true,false,false,0.0000,held_clean,true,favorable_side,0.0829,false,clean_retest,2.0579,3.0282,0.6796,0.0000,true,strong_exhaustion,0.0000,none,none,false,false,none,0.0000,0.0000,0.0000,0.0000,none,false,false,0.0000,0.0000,false,false,-1,none,none,false,0.000,0.000,205.48900000,205.41300000,205.41300000,structure_confirmed_swing_low,0.07200000,0.3364,neckline_level,205.48900000,0.0427,false,true,true,false,not_blocked,5,4,1,m5_failure_exit,off,none,0.00000000,0.0000,1.30,205.20700000,4.500,-0.300,0.200,PERIOD_M15,205.69700000,205.41300000,0.2535,outside,0.000,true,205.48500000,205.69900000,0.21400000,205.20700000,1.299,0.09378571,38.00,0-30,true,false,none,not_consumed,5.150,5.150,none,0.0000,false,opposite_break_first,true,opposite_break_first,spread_too_high
2025.11.25 03:05:00,blocked,session_reversal_pullback_one_symbol_first120,GBPJPY,SHORT,2025.11.25 03:00:00,3,0,9,tokyo,2025.11.25 00:00,0,first_120min,true,true,3,GBPJPY,highest_score_in_session_bar,tokyo=USDJPY|EURJPY|GBPJPY|AUDJPY,existing_first120_gate,tokyo,true,false,true,passed_first_window,head_and_shoulders,neckline_break_retest,205.48900000,PERIOD_M5,PERIOD_H1,PERIOD_M15,PERIOD_M5,PERIOD_M5,false,htf_soft_alignment,current_post_filter,transcript_post_filter,dow_range_or_transition,structure_trend_bias_dow_trend_up_hh_hl,dow_range_or_transition,structure_trend_bias_dow_trend_up_hh_hl,false,false,true,SHORT,PERIOD_M5,head_and_shoulders,head_and_shoulders,4.500,none,0.000,head_and_shoulders,4.500,none,0.000,SHORT,false,PERIOD_H1_NONE_dow_range_or_transition|PERIOD_M15_LONG_structure_trend_bias_dow_trend_up_hh_hl,true,h1_counter_m15_reversal,true,top_NONE_dow_range_or_transition|structure_LONG_structure_trend_bias_dow_trend_up_hh_hl|structure_break_recent_confirmed_swing_break_retest|primary_break_recent_confirmed_swing_break_retest,none,below_75sma_flat_or_rising,below_75sma_flat_or_rising,below_75sma_falling,0,205.41300000,1,205.48900000,false,off,NONE,NONE,0.00000000,0.00000000,0.0000,none,0.000,true,SHORT,return_low_break_or_bos_down,205.41300000,0,205.69700000,205.41300000,false,off,independent,false,,,false,0.0000,none,0.0000,0.0000,none,0.0000,0.0000,0.0000,none,0.0000,0,0,0.0000,none,none,none,none,0.0000,0,0.0000,none,false,true,not_evaluated,true,required_light_or_anchor_flip,bias_flip_down,205.41300000,2025.11.25 00:00:00,205.64800000,2025.11.24 23:30:00,2025.11.25 01:30:00,true,SHORT,205.41300000,205.37100000,0.3748,0,true,2025.11.25 02:45:00,0,SHORT,205.41300000,205.37100000,0.3748,2.5073,normal,2025.11.25 02:45:00,first_after_anchor,true,SHORT,0,0,0,true,false,fresh_0_4,true,false,false,true,none,true,required,true,PERIOD_M5,2025.11.25 02:50:00,2025.11.25 02:55:00,3,0.9703,true,205.41300000,0.9703,true,0.9810,false,none,failed_close_back_inside,false,post_anchor_close_back_inside,true,required_first_signal_only,SHORT,no_confirmed_micro_anchor,0.00000000,,0.00000000,,false,,-1,false,NONE,0.00000000,,0.00000000,0.0000,0.0000,none,-1,false,false,false,insufficient_confirmed_m5_pivots,GBPJPY|SHORT|1764038700|205.413,,,false,false,false,-1,-1,-1,-1,-1,false,false,false,0.0000,rising_n,false,205.69700000,205.35100000,3.0873,true,2.5073,0.1485,0,normal,true,0.2535,shallow_236_382,0.080,diagnostic_only,diagnostic_only,diagnostic_only,shallow_pullback,5,0.370,true,none,0.520,high_quality,false,false,diagnostic_only,both,true,none,true,diagnostic_adjacent_detected,required_light,false,false,LONG,4,false,false,1,2025.11.25 00:00:00,2025.11.25 02:35:00,5,3.0282,0.00000000,205.48900000,205.48900000,true,true,m5_hl_close_break_down,205.48900000,true,1.2582,1.4181,true,1,0.0000,true,1,205.48900000,0.1386,off,false,not_evaluated,none,0.8261,0.1739,very_strong,true,false,false,0.0000,held_clean,true,favorable_side,0.0829,false,clean_retest,2.0579,3.0282,0.6796,0.0000,true,strong_exhaustion,0.0000,none,none,false,false,none,0.0000,0.0000,0.0000,0.0000,none,false,false,0.0000,0.0000,false,false,-1,none,none,false,0.000,0.000,205.48900000,205.41300000,205.41300000,structure_confirmed_swing_low,0.07200000,0.3364,neckline_level,205.48900000,0.0427,false,true,true,false,not_blocked,5,4,1,m5_failure_exit,off,none,0.00000000,0.0000,1.30,205.20700000,4.500,-0.300,0.200,PERIOD_M15,205.69700000,205.41300000,0.2535,outside,0.000,true,205.48500000,205.69900000,0.21400000,205.20700000,1.299,0.09378571,38.00,0-30,true,false,none,blocked_spread_too_high,5.150,5.150,none,0.0000,false,opposite_break_first,true,opposite_break_first,spread_too_high
2025.11.25 10:05:00,signal,session_reversal_pullback_one_symbol_first120,EURUSD,SHORT,2025.11.25 10:00:00,10,7,16,london,2025.11.25 07:00,0,first_120min,true,true,3,EURUSD,highest_score_in_session_bar,london=USDJPY|EURJPY|GBPJPY|AUDJPY|EURUSD|GBPUSD,existing_first120_gate,london,false,false,true,passed_first_window,head_and_shoulders,neckline_break_retest,1.15239000,PERIOD_M5,PERIOD_H1,PERIOD_M15,PERIOD_M5,PERIOD_M5,false,htf_soft_alignment,current_post_filter,transcript_post_filter,dow_range_or_transition,no_ordered_dow_wave3_break,dow_range_or_transition,no_ordered_dow_wave3_break,false,true,true,SHORT,PERIOD_M5,head_and_shoulders,head_and_shoulders,4.500,none,0.000,head_and_shoulders,4.500,none,0.000,SHORT,false,PERIOD_H1_NONE_dow_range_or_transition|PERIOD_M15_NONE_no_ordered_dow_wave3_break,true,h1_counter_m15_reversal,true,top_NONE_dow_range_or_transition|structure_NONE_no_ordered_dow_wave3_break|structure_break_recent_confirmed_swing_break_failed|primary_break_recent_confirmed_swing_break_continuation,none,below_75sma_falling,below_75sma_falling,above_75sma_flat_or_falling,-1,0.00000000,0,1.15244000,false,off,NONE,NONE,0.00000000,0.00000000,0.0000,none,0.000,true,SHORT,return_low_break_or_bos_down,1.15179000,7,1.15295000,1.15108000,false,off,independent,false,,,false,0.0000,none,0.0000,0.0000,none,0.0000,0.0000,0.0000,none,0.0000,0,0,0.0000,none,none,none,none,0.0000,0,0.0000,none,false,true,not_evaluated,true,required_light_or_anchor_flip,short_bias,1.15179000,2025.11.25 01:45:00,1.15294000,2025.11.25 05:00:00,2025.11.25 07:30:00,false,NONE,0.00000000,0.00000000,0.0000,-1,false,,-1,NONE,0.00000000,0.00000000,0.0000,0.0000,none,,none,false,NONE,-1,-1,-1,false,false,none,true,false,false,true,none,true,required,false,PERIOD_M5,,,-1,0.0000,false,0.00000000,0.0000,false,0.0000,false,none,none,false,no_anchor_flip_in_entry_direction,true,required_first_signal_only,SHORT,unknown,0.00000000,,0.00000000,,false,,-1,false,NONE,0.00000000,,0.00000000,0.0000,0.0000,none,-1,false,false,false,no_anchor_flip_in_entry_direction,,,,false,false,false,-1,-1,-1,-1,-1,false,false,false,0.0000,falling_n,false,1.15294000,1.15108000,4.5524,false,0.0000,0.0000,0,none,true,0.6364,deep_618_786,0.120,diagnostic_only,diagnostic_only,diagnostic_only,deep_pullback,24,0.370,true,none,0.520,high_quality,false,false,diagnostic_only,both,true,none,true,diagnostic_adjacent_detected,required_light,false,false,LONG,5,false,false,2,2025.11.25 07:35:00,2025.11.25 09:35:00,5,5.4885,0.00000000,1.15151000,1.15151000,false,false,none,0.00000000,false,0.0000,0.0000,false,1,0.0000,false,-1,0.00000000,0.0000,off,false,not_evaluated,none,0.0000,0.0000,none,false,false,false,0.0000,none,false,none,0.0000,false,none,4.2264,1.9958,2.1176,3.4927,false,no_shrink,0.0000,none,none,false,false,none,0.0000,0.0000,0.0000,0.0000,none,false,false,0.0000,0.0000,false,false,-1,none,none,false,0.000,0.000,1.15232000,1.15222714,1.15222714,recent_equal_lows,0.00004286,0.0579,neckline_level,1.15239000,0.3522,false,true,true,false,not_blocked,6,4,2,m5_failure_exit,off,none,0.00000000,0.0000,1.30,1.15131000,4.500,-0.300,0.200,PERIOD_M15,1.15294000,1.15108000,0.6398,deep_618_786,0.000,true,1.15227000,1.15301000,0.00074000,1.15131000,1.297,0.00034071,18.00,0-30,true,false,none,not_consumed,4.800,4.800,none,0.0000,false,neckline_retest_failed,false,not_invalidated,spread_too_high
2025.11.25 10:05:00,blocked,session_reversal_pullback_one_symbol_first120,EURUSD,SHORT,2025.11.25 10:00:00,10,7,16,london,2025.11.25 07:00,0,first_120min,true,true,3,EURUSD,highest_score_in_session_bar,london=USDJPY|EURJPY|GBPJPY|AUDJPY|EURUSD|GBPUSD,existing_first120_gate,london,false,false,true,passed_first_window,head_and_shoulders,neckline_break_retest,1.15239000,PERIOD_M5,PERIOD_H1,PERIOD_M15,PERIOD_M5,PERIOD_M5,false,htf_soft_alignment,current_post_filter,transcript_post_filter,dow_range_or_transition,no_ordered_dow_wave3_break,dow_range_or_transition,no_ordered_dow_wave3_break,false,true,true,SHORT,PERIOD_M5,head_and_shoulders,head_and_shoulders,4.500,none,0.000,head_and_shoulders,4.500,none,0.000,SHORT,false,PERIOD_H1_NONE_dow_range_or_transition|PERIOD_M15_NONE_no_ordered_dow_wave3_break,true,h1_counter_m15_reversal,true,top_NONE_dow_range_or_transition|structure_NONE_no_ordered_dow_wave3_break|structure_break_recent_confirmed_swing_break_failed|primary_break_recent_confirmed_swing_break_continuation,none,below_75sma_falling,below_75sma_falling,above_75sma_flat_or_falling,-1,0.00000000,0,1.15244000,false,off,NONE,NONE,0.00000000,0.00000000,0.0000,none,0.000,true,SHORT,return_low_break_or_bos_down,1.15179000,7,1.15295000,1.15108000,false,off,independent,false,,,false,0.0000,none,0.0000,0.0000,none,0.0000,0.0000,0.0000,none,0.0000,0,0,0.0000,none,none,none,none,0.0000,0,0.0000,none,false,true,not_evaluated,true,required_light_or_anchor_flip,short_bias,1.15179000,2025.11.25 01:45:00,1.15294000,2025.11.25 05:00:00,2025.11.25 07:30:00,false,NONE,0.00000000,0.00000000,0.0000,-1,false,,-1,NONE,0.00000000,0.00000000,0.0000,0.0000,none,,none,false,NONE,-1,-1,-1,false,false,none,true,false,false,true,none,true,required,false,PERIOD_M5,,,-1,0.0000,false,0.00000000,0.0000,false,0.0000,false,none,none,false,no_anchor_flip_in_entry_direction,true,required_first_signal_only,SHORT,unknown,0.00000000,,0.00000000,,false,,-1,false,NONE,0.00000000,,0.00000000,0.0000,0.0000,none,-1,false,false,false,no_anchor_flip_in_entry_direction,,,,false,false,false,-1,-1,-1,-1,-1,false,false,false,0.0000,falling_n,false,1.15294000,1.15108000,4.5524,false,0.0000,0.0000,0,none,true,0.6364,deep_618_786,0.120,diagnostic_only,diagnostic_only,diagnostic_only,deep_pullback,24,0.370,true,none,0.520,high_quality,false,false,diagnostic_only,both,true,none,true,diagnostic_adjacent_detected,required_light,false,false,LONG,5,false,false,2,2025.11.25 07:35:00,2025.11.25 09:35:00,5,5.4885,0.00000000,1.15151000,1.15151000,false,false,none,0.00000000,false,0.0000,0.0000,false,1,0.0000,false,-1,0.00000000,0.0000,off,false,not_evaluated,none,0.0000,0.0000,none,false,false,false,0.0000,none,false,none,0.0000,false,none,4.2264,1.9958,2.1176,3.4927,false,no_shrink,0.0000,none,none,false,false,none,0.0000,0.0000,0.0000,0.0000,none,false,false,0.0000,0.0000,false,false,-1,none,none,false,0.000,0.000,1.15232000,1.15222714,1.15222714,recent_equal_lows,0.00004286,0.0579,neckline_level,1.15239000,0.3522,false,true,true,false,not_blocked,6,4,2,m5_failure_exit,off,none,0.00000000,0.0000,1.30,1.15131000,4.500,-0.300,0.200,PERIOD_M15,1.15294000,1.15108000,0.6398,deep_618_786,0.000,true,1.15227000,1.15301000,0.00074000,1.15131000,1.297,0.00034071,18.00,0-30,true,false,none,blocked_spread_too_high,4.800,4.800,none,0.0000,false,neckline_retest_failed,false,not_invalidated,spread_too_high
2025.11.25 19:10:00,signal,session_reversal_pullback_one_symbol_first120,EURJPY,SHORT,2025.11.25 19:05:00,19,16,1,new_york,2025.11.25 16:00,5,first_120min,true,true,3,EURJPY,highest_score_in_session_bar,new_york=USDJPY|EURJPY|GBPJPY|AUDJPY|EURUSD|GBPUSD,existing_first120_gate,new_york,false,false,true,passed_first_window,head_and_shoulders,neckline_break_retest,180.49400000,PERIOD_M5,PERIOD_H1,PERIOD_M15,PERIOD_M5,PERIOD_M5,false,htf_soft_alignment,current_post_filter,transcript_post_filter,dow_range_or_transition,no_ordered_dow_wave3_break,dow_range_or_transition,no_ordered_dow_wave3_break,false,false,true,SHORT,PERIOD_M5,head_and_shoulders,head_and_shoulders,4.500,none,0.000,head_and_shoulders,4.500,none,0.000,SHORT,false,PERIOD_H1_NONE_dow_range_or_transition|PERIOD_M15_NONE_no_ordered_dow_wave3_break,true,h1_counter_m15_reversal,true,top_NONE_dow_range_or_transition|structure_NONE_no_ordered_dow_wave3_break|structure_break_recent_confirmed_swing_break_failed|primary_break_recent_confirmed_swing_break_retest,none,below_75sma_falling,above_75sma_flat_or_falling,below_75sma_flat_or_rising,-1,0.00000000,0,180.49400000,false,off,NONE,NONE,0.00000000,0.00000000,0.0000,none,0.000,true,SHORT,return_low_break_or_bos_down,180.38400000,13,180.69500000,180.37100000,false,off,independent,false,,,false,0.0000,none,0.0000,0.0000,none,0.0000,0.0000,0.0000,none,0.0000,0,0,0.0000,none,none,none,none,0.0000,0,0.0000,none,false,true,not_evaluated,true,required_light_or_anchor_flip,long_bias,180.27000000,2025.11.25 14:00:00,180.54800000,2025.11.25 10:30:00,2025.11.25 14:30:00,false,NONE,0.00000000,0.00000000,0.0000,-1,false,,-1,NONE,0.00000000,0.00000000,0.0000,0.0000,none,,none,false,NONE,-1,-1,-1,false,false,none,false,true,false,true,none,true,required,false,PERIOD_M5,,,-1,0.0000,false,0.00000000,0.0000,false,0.0000,false,none,none,false,no_anchor_flip_in_entry_direction,true,required_first_signal_only,SHORT,unknown,0.00000000,,0.00000000,,false,,-1,false,NONE,0.00000000,,0.00000000,0.0000,0.0000,none,-1,false,false,false,no_anchor_flip_in_entry_direction,,,,false,false,false,-1,-1,-1,-1,-1,false,false,false,0.0000,range_n,true,180.83700000,180.27000000,4.1713,false,0.0000,0.0000,0,none,true,0.3245,shallow_236_382,0.080,diagnostic_only,diagnostic_only,diagnostic_only,shallow_pullback,5,0.320,true,none,0.470,high_quality,false,false,diagnostic_only,both,true,none,true,diagnostic_adjacent_detected,required_light,false,false,LONG,6,false,false,1,2025.11.25 17:30:00,2025.11.25 18:40:00,5,3.5261,0.00000000,180.49400000,180.49400000,true,true,m5_hl_close_break_down,180.49400000,true,0.2540,1.3148,true,1,0.0000,true,1,180.49400000,0.1046,off,false,not_evaluated,none,1.0000,0.0000,very_strong,true,false,false,0.0000,held_clean,true,favorable_side,0.2857,false,clean_retest,2.1515,3.5261,0.6102,0.0000,true,strong_exhaustion,0.0000,none,none,false,false,none,0.0000,0.0000,0.0000,0.0000,none,false,false,0.0000,0.0000,false,false,-1,none,none,false,0.000,0.000,180.48100000,180.42400000,180.42400000,session_low,0.03000000,0.1754,neckline_level,180.49400000,0.5977,false,true,false,false,not_blocked,3,3,0,m5_failure_exit,off,none,0.00000000,0.0000,1.30,180.23200000,4.500,-0.300,0.200,PERIOD_M15,180.69500000,180.37100000,0.2562,outside,0.000,true,180.45400000,180.62500000,0.17100000,180.23200000,1.298,0.06692857,30.00,0-30,true,false,none,not_consumed,4.800,4.800,none,0.0000,false,neckline_retest_failed,false,not_invalidated,spread_too_high
2025.11.25 19:10:00,blocked,session_reversal_pullback_one_symbol_first120,EURJPY,SHORT,2025.11.25 19:05:00,19,16,1,new_york,2025.11.25 16:00,5,first_120min,true,true,3,EURJPY,highest_score_in_session_bar,new_york=USDJPY|EURJPY|GBPJPY|AUDJPY|EURUSD|GBPUSD,existing_first120_gate,new_york,false,false,true,passed_first_window,head_and_shoulders,neckline_break_retest,180.49400000,PERIOD_M5,PERIOD_H1,PERIOD_M15,PERIOD_M5,PERIOD_M5,false,htf_soft_alignment,current_post_filter,transcript_post_filter,dow_range_or_transition,no_ordered_dow_wave3_break,dow_range_or_transition,no_ordered_dow_wave3_break,false,false,true,SHORT,PERIOD_M5,head_and_shoulders,head_and_shoulders,4.500,none,0.000,head_and_shoulders,4.500,none,0.000,SHORT,false,PERIOD_H1_NONE_dow_range_or_transition|PERIOD_M15_NONE_no_ordered_dow_wave3_break,true,h1_counter_m15_reversal,true,top_NONE_dow_range_or_transition|structure_NONE_no_ordered_dow_wave3_break|structure_break_recent_confirmed_swing_break_failed|primary_break_recent_confirmed_swing_break_retest,none,below_75sma_falling,above_75sma_flat_or_falling,below_75sma_flat_or_rising,-1,0.00000000,0,180.49400000,false,off,NONE,NONE,0.00000000,0.00000000,0.0000,none,0.000,true,SHORT,return_low_break_or_bos_down,180.38400000,13,180.69500000,180.37100000,false,off,independent,false,,,false,0.0000,none,0.0000,0.0000,none,0.0000,0.0000,0.0000,none,0.0000,0,0,0.0000,none,none,none,none,0.0000,0,0.0000,none,false,true,not_evaluated,true,required_light_or_anchor_flip,long_bias,180.27000000,2025.11.25 14:00:00,180.54800000,2025.11.25 10:30:00,2025.11.25 14:30:00,false,NONE,0.00000000,0.00000000,0.0000,-1,false,,-1,NONE,0.00000000,0.00000000,0.0000,0.0000,none,,none,false,NONE,-1,-1,-1,false,false,none,false,true,false,true,none,true,required,false,PERIOD_M5,,,-1,0.0000,false,0.00000000,0.0000,false,0.0000,false,none,none,false,no_anchor_flip_in_entry_direction,true,required_first_signal_only,SHORT,unknown,0.00000000,,0.00000000,,false,,-1,false,NONE,0.00000000,,0.00000000,0.0000,0.0000,none,-1,false,false,false,no_anchor_flip_in_entry_direction,,,,false,false,false,-1,-1,-1,-1,-1,false,false,false,0.0000,range_n,true,180.83700000,180.27000000,4.1713,false,0.0000,0.0000,0,none,true,0.3245,shallow_236_382,0.080,diagnostic_only,diagnostic_only,diagnostic_only,shallow_pullback,5,0.320,true,none,0.470,high_quality,false,false,diagnostic_only,both,true,none,true,diagnostic_adjacent_detected,required_light,false,false,LONG,6,false,false,1,2025.11.25 17:30:00,2025.11.25 18:40:00,5,3.5261,0.00000000,180.49400000,180.49400000,true,true,m5_hl_close_break_down,180.49400000,true,0.2540,1.3148,true,1,0.0000,true,1,180.49400000,0.1046,off,false,not_evaluated,none,1.0000,0.0000,very_strong,true,false,false,0.0000,held_clean,true,favorable_side,0.2857,false,clean_retest,2.1515,3.5261,0.6102,0.0000,true,strong_exhaustion,0.0000,none,none,false,false,none,0.0000,0.0000,0.0000,0.0000,none,false,false,0.0000,0.0000,false,false,-1,none,none,false,0.000,0.000,180.48100000,180.42400000,180.42400000,session_low,0.03000000,0.1754,neckline_level,180.49400000,0.5977,false,true,false,false,not_blocked,3,3,0,m5_failure_exit,off,none,0.00000000,0.0000,1.30,180.23200000,4.500,-0.300,0.200,PERIOD_M15,180.69500000,180.37100000,0.2562,outside,0.000,true,180.45400000,180.62500000,0.17100000,180.23200000,1.298,0.06692857,30.00,0-30,true,false,none,blocked_spread_too_high,4.800,4.800,none,0.0000,false,neckline_retest_failed,false,not_invalidated,spread_too_high
2025.11.26 03:40:00,signal,session_reversal_pullback_one_symbol_first120,EURJPY,SHORT,2025.11.26 03:35:00,3,0,9,tokyo,2025.11.26 00:00,35,first_120min,true,true,3,EURJPY,highest_score_in_session_bar,tokyo=USDJPY|EURJPY|GBPJPY|AUDJPY,existing_first120_gate,tokyo,false,false,true,passed_first_window,double_top,neckline_break_retest,180.69600000,PERIOD_M5,PERIOD_H1,PERIOD_M15,PERIOD_M5,PERIOD_M5,false,htf_soft_alignment,current_post_filter,transcript_post_filter,dow_range_or_transition,structure_trend_bias_dow_trend_down_ll_lh,dow_range_or_transition,structure_trend_bias_dow_trend_down_ll_lh,false,false,true,SHORT,PERIOD_M5,double_top,double_top,4.200,none,0.000,double_top,4.200,none,0.000,SHORT,false,PERIOD_H1_NONE_dow_range_or_transition|PERIOD_M15_SHORT_structure_trend_bias_dow_trend_down_ll_lh,true,h1_counter_m15_reversal,true,top_NONE_dow_range_or_transition|structure_SHORT_structure_trend_bias_dow_trend_down_ll_lh|structure_break_recent_confirmed_swing_break_failed|primary_break_recent_confirmed_swing_break_retest,none,above_75sma_flat_or_falling,above_75sma_rising,below_75sma_flat_or_rising,-1,0.00000000,0,180.60900000,false,off,NONE,NONE,0.00000000,0.00000000,0.0000,none,0.000,true,SHORT,return_low_break_or_bos_down,180.47900000,11,180.82500000,180.34000000,false,off,independent,false,,,false,0.0000,none,0.0000,0.0000,none,0.0000,0.0000,0.0000,none,0.0000,0,0,0.0000,none,none,none,none,0.0000,0,0.0000,none,false,true,not_evaluated,true,required_light_or_anchor_flip,bias_flip_up,180.49400000,2025.11.25 22:45:00,180.58600000,2025.11.25 23:15:00,2025.11.26 00:15:00,true,LONG,180.58600000,180.62000000,0.3077,9,true,2025.11.26 01:00:00,9,LONG,180.58600000,180.62000000,0.3077,1.2217,strong,2025.11.26 03:15:00,first_after_anchor,true,LONG,9,0,9,true,false,normal_5_12,false,true,false,true,none,true,required,false,PERIOD_M5,,,-1,0.0000,false,0.00000000,0.0000,false,0.0000,false,none,none,false,no_anchor_flip_in_entry_direction,true,required_first_signal_only,SHORT,unknown,0.00000000,,0.00000000,,false,,-1,false,NONE,0.00000000,,0.00000000,0.0000,0.0000,none,-1,false,false,false,no_anchor_flip_in_entry_direction,,,,false,false,false,-1,-1,-1,-1,-1,false,false,false,0.0000,range_n,true,180.59700000,180.34000000,2.3258,true,1.2217,0.1718,1,strong,true,0.3897,preferred_382_618,0.200,diagnostic_only,diagnostic_only,diagnostic_only,fib_pullback,24,0.400,true,none,0.550,high_quality,false,false,diagnostic_only,both,true,none,true,diagnostic_adjacent_detected,required_light,false,true,LONG,4,true,true,2,2025.11.26 01:55:00,2025.11.26 02:30:00,13,1.2941,0.00000000,180.60900000,180.60900000,true,true,m5_hl_close_break_down,180.60900000,true,0.0642,3.5187,true,1,0.0000,true,1,180.60900000,1.4973,off,false,not_evaluated,none,0.9850,0.0150,normal,true,false,false,0.0000,held_clean,true,favorable_side,0.6667,false,clean_retest,0.8877,0.9519,0.9326,0.3422,false,no_shrink,0.0000,none,none,false,false,none,0.0000,0.0000,0.0000,0.0000,none,false,false,0.0000,0.0000,false,false,-1,none,none,false,0.000,0.000,180.53000000,180.50000000,180.50000000,round_number,0.02900000,0.1032,session_low|opening_range_low|neckline_level,180.53000000,0.0107,false,true,true,false,not_blocked,3,1,2,m5_failure_exit,off,none,0.00000000,0.0000,1.30,180.16400000,4.200,-0.300,0.200,PERIOD_M15,180.58600000,180.57100000,-2.8000,outside,0.000,true,180.52900000,180.81000000,0.28100000,180.16400000,1.299,0.09350000,30.00,30-60,true,false,none,not_consumed,4.500,4.500,none,0.0000,false,opposite_break_first,true,opposite_break_first,spread_too_high
2025.11.26 03:40:00,blocked,session_reversal_pullback_one_symbol_first120,EURJPY,SHORT,2025.11.26 03:35:00,3,0,9,tokyo,2025.11.26 00:00,35,first_120min,true,true,3,EURJPY,highest_score_in_session_bar,tokyo=USDJPY|EURJPY|GBPJPY|AUDJPY,existing_first120_gate,tokyo,false,false,true,passed_first_window,double_top,neckline_break_retest,180.69600000,PERIOD_M5,PERIOD_H1,PERIOD_M15,PERIOD_M5,PERIOD_M5,false,htf_soft_alignment,current_post_filter,transcript_post_filter,dow_range_or_transition,structure_trend_bias_dow_trend_down_ll_lh,dow_range_or_transition,structure_trend_bias_dow_trend_down_ll_lh,false,false,true,SHORT,PERIOD_M5,double_top,double_top,4.200,none,0.000,double_top,4.200,none,0.000,SHORT,false,PERIOD_H1_NONE_dow_range_or_transition|PERIOD_M15_SHORT_structure_trend_bias_dow_trend_down_ll_lh,true,h1_counter_m15_reversal,true,top_NONE_dow_range_or_transition|structure_SHORT_structure_trend_bias_dow_trend_down_ll_lh|structure_break_recent_confirmed_swing_break_failed|primary_break_recent_confirmed_swing_break_retest,none,above_75sma_flat_or_falling,above_75sma_rising,below_75sma_flat_or_rising,-1,0.00000000,0,180.60900000,false,off,NONE,NONE,0.00000000,0.00000000,0.0000,none,0.000,true,SHORT,return_low_break_or_bos_down,180.47900000,11,180.82500000,180.34000000,false,off,independent,false,,,false,0.0000,none,0.0000,0.0000,none,0.0000,0.0000,0.0000,none,0.0000,0,0,0.0000,none,none,none,none,0.0000,0,0.0000,none,false,true,not_evaluated,true,required_light_or_anchor_flip,bias_flip_up,180.49400000,2025.11.25 22:45:00,180.58600000,2025.11.25 23:15:00,2025.11.26 00:15:00,true,LONG,180.58600000,180.62000000,0.3077,9,true,2025.11.26 01:00:00,9,LONG,180.58600000,180.62000000,0.3077,1.2217,strong,2025.11.26 03:15:00,first_after_anchor,true,LONG,9,0,9,true,false,normal_5_12,false,true,false,true,none,true,required,false,PERIOD_M5,,,-1,0.0000,false,0.00000000,0.0000,false,0.0000,false,none,none,false,no_anchor_flip_in_entry_direction,true,required_first_signal_only,SHORT,unknown,0.00000000,,0.00000000,,false,,-1,false,NONE,0.00000000,,0.00000000,0.0000,0.0000,none,-1,false,false,false,no_anchor_flip_in_entry_direction,,,,false,false,false,-1,-1,-1,-1,-1,false,false,false,0.0000,range_n,true,180.59700000,180.34000000,2.3258,true,1.2217,0.1718,1,strong,true,0.3897,preferred_382_618,0.200,diagnostic_only,diagnostic_only,diagnostic_only,fib_pullback,24,0.400,true,none,0.550,high_quality,false,false,diagnostic_only,both,true,none,true,diagnostic_adjacent_detected,required_light,false,true,LONG,4,true,true,2,2025.11.26 01:55:00,2025.11.26 02:30:00,13,1.2941,0.00000000,180.60900000,180.60900000,true,true,m5_hl_close_break_down,180.60900000,true,0.0642,3.5187,true,1,0.0000,true,1,180.60900000,1.4973,off,false,not_evaluated,none,0.9850,0.0150,normal,true,false,false,0.0000,held_clean,true,favorable_side,0.6667,false,clean_retest,0.8877,0.9519,0.9326,0.3422,false,no_shrink,0.0000,none,none,false,false,none,0.0000,0.0000,0.0000,0.0000,none,false,false,0.0000,0.0000,false,false,-1,none,none,false,0.000,0.000,180.53000000,180.50000000,180.50000000,round_number,0.02900000,0.1032,session_low|opening_range_low|neckline_level,180.53000000,0.0107,false,true,true,false,not_blocked,3,1,2,m5_failure_exit,off,none,0.00000000,0.0000,1.30,180.16400000,4.200,-0.300,0.200,PERIOD_M15,180.58600000,180.57100000,-2.8000,outside,0.000,true,180.52900000,180.81000000,0.28100000,180.16400000,1.299,0.09350000,30.00,30-60,true,false,none,blocked_spread_too_high,4.500,4.500,none,0.0000,false,opposite_break_first,true,opposite_break_first,spread_too_high
2025.11.26 10:45:00,signal,session_reversal_pullback_one_symbol_first120,EURUSD,SHORT,2025.11.26 10:40:00,10,7,16,london,2025.11.26 07:00,40,first_120min,true,true,3,EURUSD,highest_score_in_session_bar,london=USDJPY|EURJPY|GBPJPY|AUDJPY|EURUSD|GBPUSD,existing_first120_gate,london,true,false,true,passed_first_window,double_top,neckline_break_retest,1.15746000,PERIOD_M5,PERIOD_H1,PERIOD_M15,PERIOD_M5,PERIOD_M5,false,htf_soft_alignment,current_post_filter,transcript_post_filter,dow_trend_up_hh_hl,structure_trend_bias_dow_trend_up_hh_hl,dow_trend_up_hh_hl,structure_trend_bias_dow_trend_up_hh_hl,false,false,true,SHORT,PERIOD_M5,double_top,double_top,4.200,none,0.000,double_top,4.200,none,0.000,SHORT,true,PERIOD_H1_LONG_dow_trend_up_hh_hl|PERIOD_M15_LONG_structure_trend_bias_dow_trend_up_hh_hl,true,h1_counter_m15_reversal,true,top_LONG_dow_trend_up_hh_hl|structure_LONG_structure_trend_bias_dow_trend_up_hh_hl|structure_break_recent_confirmed_swing_break_continuation|primary_break_recent_confirmed_swing_break_retest,none,above_75sma_rising,below_75sma_flat_or_rising,below_75sma_falling,0,1.15816000,0,1.15742000,false,off,NONE,NONE,0.00000000,0.00000000,0.0000,none,0.000,true,SHORT,return_low_break_or_bos_down,1.15816000,0,1.15909000,1.15816000,false,off,independent,false,,,false,0.0000,none,0.0000,0.0000,none,0.0000,0.0000,0.0000,none,0.0000,0,0,0.0000,none,none,none,none,0.0000,0,0.0000,none,false,true,not_evaluated,true,required_light_or_anchor_flip,bias_flip_down,1.15799000,2025.11.26 04:45:00,1.15723000,2025.11.26 01:00:00,2025.11.26 06:00:00,true,SHORT,1.15799000,1.15784000,0.2439,3,true,2025.11.26 09:45:00,3,SHORT,1.15799000,1.15784000,0.2439,0.3902,strong,2025.11.26 10:30:00,first_after_anchor,true,SHORT,3,0,3,true,false,fresh_0_4,true,false,false,true,none,true,required,true,PERIOD_M5,2025.11.26 09:50:00,2025.11.26 09:50:00,11,0.2397,true,1.15799000,0.2397,false,0.0000,true,m5_bearish_close_after_anchor_retest,retest_reconfirm,true,none,true,required_first_signal_only,SHORT,rising_n,1.15742000,2025.11.26 10:00:00,1.15801000,2025.11.26 10:20:00,true,2025.11.26 10:30:00,2,true,SHORT,1.15742000,2025.11.26 10:40:00,1.15733000,0.2158,0.2397,normal,0,true,true,true,none,EURUSD|SHORT|1764150300|1.15799,EURUSD|SHORT|1764150300|1.15799|M5|1764153000|1.15742,2025.11.26 10:40:00,false,false,false,1,8,2,0,11,true,false,false,0.2158,rising_n,false,1.15909000,1.15625000,4.6179,true,0.3902,0.7600,3,strong,true,-0.8817,no_fib,0.000,diagnostic_only,diagnostic_only,diagnostic_only,ma_pullback,0,0.170,true,none,0.320,high_quality,false,false,diagnostic_only,both,false,wave2_retrace_too_shallow,false,wave2_retrace_too_shallow,none,false,false,LONG,4,false,false,0,2025.11.26 08:55:00,2025.11.26 10:20:00,4,4.1233,0.00000000,1.15742000,1.15742000,true,true,m5_hl_close_break_down,1.15742000,true,0.7432,1.3425,true,1,0.0240,true,2,1.15742000,0.1918,off,false,not_evaluated,none,0.7000,0.0100,strong,false,true,true,0.0240,failed_1bar,true,back_inside,0.0700,true,weak_retest,1.4144,2.0377,0.6941,0.0000,true,strong_exhaustion,0.0000,none,none,false,false,none,0.0000,0.0000,0.0000,0.0000,none,false,false,0.0000,0.0000,false,false,-1,none,none,false,0.000,0.000,1.15742000,1.15710000,1.15710000,opening_range_low,0.00024000,0.3636,neckline_level,1.15746000,0.2877,false,true,true,false,not_blocked,4,3,1,m5_failure_exit,off,none,0.00000000,0.0000,1.30,1.15649000,4.200,-0.300,0.200,PERIOD_M15,1.15909000,1.15816000,-0.8817,outside,0.000,true,1.15734000,1.15800000,0.00066000,1.15649000,1.288,0.00041714,18.00,30-60,true,false,none,not_consumed,4.850,4.850,none,0.0000,false,neckline_retest_failed,false,not_invalidated,spread_too_high
2025.11.26 10:45:00,blocked,session_reversal_pullback_one_symbol_first120,EURUSD,SHORT,2025.11.26 10:40:00,10,7,16,london,2025.11.26 07:00,40,first_120min,true,true,3,EURUSD,highest_score_in_session_bar,london=USDJPY|EURJPY|GBPJPY|AUDJPY|EURUSD|GBPUSD,existing_first120_gate,london,true,false,true,passed_first_window,double_top,neckline_break_retest,1.15746000,PERIOD_M5,PERIOD_H1,PERIOD_M15,PERIOD_M5,PERIOD_M5,false,htf_soft_alignment,current_post_filter,transcript_post_filter,dow_trend_up_hh_hl,structure_trend_bias_dow_trend_up_hh_hl,dow_trend_up_hh_hl,structure_trend_bias_dow_trend_up_hh_hl,false,false,true,SHORT,PERIOD_M5,double_top,double_top,4.200,none,0.000,double_top,4.200,none,0.000,SHORT,true,PERIOD_H1_LONG_dow_trend_up_hh_hl|PERIOD_M15_LONG_structure_trend_bias_dow_trend_up_hh_hl,true,h1_counter_m15_reversal,true,top_LONG_dow_trend_up_hh_hl|structure_LONG_structure_trend_bias_dow_trend_up_hh_hl|structure_break_recent_confirmed_swing_break_continuation|primary_break_recent_confirmed_swing_break_retest,none,above_75sma_rising,below_75sma_flat_or_rising,below_75sma_falling,0,1.15816000,0,1.15742000,false,off,NONE,NONE,0.00000000,0.00000000,0.0000,none,0.000,true,SHORT,return_low_break_or_bos_down,1.15816000,0,1.15909000,1.15816000,false,off,independent,false,,,false,0.0000,none,0.0000,0.0000,none,0.0000,0.0000,0.0000,none,0.0000,0,0,0.0000,none,none,none,none,0.0000,0,0.0000,none,false,true,not_evaluated,true,required_light_or_anchor_flip,bias_flip_down,1.15799000,2025.11.26 04:45:00,1.15723000,2025.11.26 01:00:00,2025.11.26 06:00:00,true,SHORT,1.15799000,1.15784000,0.2439,3,true,2025.11.26 09:45:00,3,SHORT,1.15799000,1.15784000,0.2439,0.3902,strong,2025.11.26 10:30:00,first_after_anchor,true,SHORT,3,0,3,true,false,fresh_0_4,true,false,false,true,none,true,required,true,PERIOD_M5,2025.11.26 09:50:00,2025.11.26 09:50:00,11,0.2397,true,1.15799000,0.2397,false,0.0000,true,m5_bearish_close_after_anchor_retest,retest_reconfirm,true,none,true,required_first_signal_only,SHORT,rising_n,1.15742000,2025.11.26 10:00:00,1.15801000,2025.11.26 10:20:00,true,2025.11.26 10:30:00,2,true,SHORT,1.15742000,2025.11.26 10:40:00,1.15733000,0.2158,0.2397,normal,0,true,true,true,none,EURUSD|SHORT|1764150300|1.15799,EURUSD|SHORT|1764150300|1.15799|M5|1764153000|1.15742,2025.11.26 10:40:00,false,false,false,1,8,2,0,11,true,false,false,0.2158,rising_n,false,1.15909000,1.15625000,4.6179,true,0.3902,0.7600,3,strong,true,-0.8817,no_fib,0.000,diagnostic_only,diagnostic_only,diagnostic_only,ma_pullback,0,0.170,true,none,0.320,high_quality,false,false,diagnostic_only,both,false,wave2_retrace_too_shallow,false,wave2_retrace_too_shallow,none,false,false,LONG,4,false,false,0,2025.11.26 08:55:00,2025.11.26 10:20:00,4,4.1233,0.00000000,1.15742000,1.15742000,true,true,m5_hl_close_break_down,1.15742000,true,0.7432,1.3425,true,1,0.0240,true,2,1.15742000,0.1918,off,false,not_evaluated,none,0.7000,0.0100,strong,false,true,true,0.0240,failed_1bar,true,back_inside,0.0700,true,weak_retest,1.4144,2.0377,0.6941,0.0000,true,strong_exhaustion,0.0000,none,none,false,false,none,0.0000,0.0000,0.0000,0.0000,none,false,false,0.0000,0.0000,false,false,-1,none,none,false,0.000,0.000,1.15742000,1.15710000,1.15710000,opening_range_low,0.00024000,0.3636,neckline_level,1.15746000,0.2877,false,true,true,false,not_blocked,4,3,1,m5_failure_exit,off,none,0.00000000,0.0000,1.30,1.15649000,4.200,-0.300,0.200,PERIOD_M15,1.15909000,1.15816000,-0.8817,outside,0.000,true,1.15734000,1.15800000,0.00066000,1.15649000,1.288,0.00041714,18.00,30-60,true,false,none,blocked_spread_too_high,4.850,4.850,none,0.0000,false,neckline_retest_failed,false,not_invalidated,spread_too_high
2025.11.26 16:40:00,signal,session_reversal_pullback_one_symbol_first120,EURUSD,SHORT,2025.11.26 16:35:00,16,13,22,london_newyork_overlap,2025.11.26 13:00,35,first_120min,true,true,3,EURUSD,highest_score_in_session_bar,london_newyork_overlap=USDJPY|EURJPY|GBPJPY|AUDJPY|EURUSD|GBPUSD,existing_first120_gate,london_newyork_overlap,true,false,true,passed_first_window,double_top,neckline_break_retest,1.15747000,PERIOD_M5,PERIOD_H1,PERIOD_M15,PERIOD_M5,PERIOD_M5,false,htf_soft_alignment,current_post_filter,transcript_post_filter,dow_trend_up_hh_hl,structure_trend_bias_dow_trend_up_hh_hl,dow_trend_up_hh_hl,structure_trend_bias_dow_trend_up_hh_hl,false,false,true,SHORT,PERIOD_M5,double_top,double_top,4.200,none,0.000,double_top,4.200,none,0.000,SHORT,true,PERIOD_H1_LONG_dow_trend_up_hh_hl|PERIOD_M15_LONG_structure_trend_bias_dow_trend_up_hh_hl,true,h1_counter_m15_reversal,true,top_LONG_dow_trend_up_hh_hl|structure_LONG_structure_trend_bias_dow_trend_up_hh_hl|structure_break_recent_confirmed_swing_break_continuation|primary_break_recent_confirmed_swing_break_failed,none,above_75sma_rising,below_75sma_falling,above_75sma_flat_or_falling,0,1.15673000,-1,0.00000000,false,off,NONE,NONE,0.00000000,0.00000000,0.0000,none,0.000,true,SHORT,return_low_break_or_bos_down,1.15673000,0,1.15832000,1.15673000,false,off,independent,false,,,false,0.0000,none,0.0000,0.0000,none,0.0000,0.0000,0.0000,none,0.0000,0,0,0.0000,none,none,none,none,0.0000,0,0.0000,none,false,true,not_evaluated,true,required_light_or_anchor_flip,bias_flip_down,1.15673000,2025.11.26 13:30:00,1.15909000,2025.11.26 06:00:00,2025.11.26 15:15:00,true,SHORT,1.15673000,1.15602000,0.7401,3,true,2025.11.26 15:30:00,3,SHORT,1.15673000,1.15602000,0.7401,2.1266,strong,2025.11.26 16:15:00,first_after_anchor,true,SHORT,3,0,3,true,false,fresh_0_4,true,false,false,true,none,true,required,true,PERIOD_M5,2025.11.26 15:35:00,2025.11.26 15:35:00,13,0.3751,true,1.15673000,0.3751,false,0.0000,true,m5_bearish_close_after_anchor_retest,retest_reconfirm,true,none,true,required_first_signal_only,SHORT,unknown,0.00000000,,0.00000000,,false,,-1,false,NONE,0.00000000,,0.00000000,0.0000,0.0000,none,-1,false,false,false,insufficient_confirmed_m5_pivots,EURUSD|SHORT|1764171000|1.15673,,,false,false,false,-1,-1,-1,-1,-1,false,false,false,0.0000,rising_n,false,1.15909000,1.15650000,2.6999,true,2.1266,0.1356,3,strong,true,0.7317,deep_618_786,0.120,diagnostic_only,diagnostic_only,diagnostic_only,fib_pullback,4,0.360,true,none,0.510,high_quality,false,false,diagnostic_only,both,true,none,true,diagnostic_adjacent_detected,required_light,false,false,LONG,5,false,false,1,2025.11.26 13:40:00,2025.11.26 16:00:00,7,4.4650,0.00000000,1.15463000,1.15463000,false,false,none,0.00000000,false,0.0000,0.0000,false,1,0.0000,false,-1,0.00000000,0.0000,off,false,not_evaluated,none,0.0000,0.0000,none,false,false,false,0.0000,none,false,none,0.0000,false,none,4.4650,1.3794,3.2368,0.3751,false,no_shrink,0.0000,none,none,false,false,none,0.0000,0.0000,0.0000,0.0000,none,false,false,0.0000,0.0000,false,false,-1,none,none,false,0.000,0.000,1.15735000,1.15673000,1.15673000,structure_confirmed_swing_low,0.00060000,0.6818,neckline_level,1.15747000,0.1694,false,true,false,false,not_blocked,3,3,0,m5_failure_exit,off,none,0.00000000,0.0000,1.30,1.15619000,4.200,-0.300,0.200,PERIOD_M15,1.15832000,1.15673000,0.3774,outside,0.000,true,1.15733000,1.15821000,0.00088000,1.15619000,1.295,0.00082643,18.00,30-60,true,false,none,not_consumed,4.650,4.650,none,0.0000,false,opposite_break_first,true,opposite_break_first,spread_too_high
2025.11.26 16:40:00,blocked,session_reversal_pullback_one_symbol_first120,EURUSD,SHORT,2025.11.26 16:35:00,16,13,22,london_newyork_overlap,2025.11.26 13:00,35,first_120min,true,true,3,EURUSD,highest_score_in_session_bar,london_newyork_overlap=USDJPY|EURJPY|GBPJPY|AUDJPY|EURUSD|GBPUSD,existing_first120_gate,london_newyork_overlap,true,false,true,passed_first_window,double_top,neckline_break_retest,1.15747000,PERIOD_M5,PERIOD_H1,PERIOD_M15,PERIOD_M5,PERIOD_M5,false,htf_soft_alignment,current_post_filter,transcript_post_filter,dow_trend_up_hh_hl,structure_trend_bias_dow_trend_up_hh_hl,dow_trend_up_hh_hl,structure_trend_bias_dow_trend_up_hh_hl,false,false,true,SHORT,PERIOD_M5,double_top,double_top,4.200,none,0.000,double_top,4.200,none,0.000,SHORT,true,PERIOD_H1_LONG_dow_trend_up_hh_hl|PERIOD_M15_LONG_structure_trend_bias_dow_trend_up_hh_hl,true,h1_counter_m15_reversal,true,top_LONG_dow_trend_up_hh_hl|structure_LONG_structure_trend_bias_dow_trend_up_hh_hl|structure_break_recent_confirmed_swing_break_continuation|primary_break_recent_confirmed_swing_break_failed,none,above_75sma_rising,below_75sma_falling,above_75sma_flat_or_falling,0,1.15673000,-1,0.00000000,false,off,NONE,NONE,0.00000000,0.00000000,0.0000,none,0.000,true,SHORT,return_low_break_or_bos_down,1.15673000,0,1.15832000,1.15673000,false,off,independent,false,,,false,0.0000,none,0.0000,0.0000,none,0.0000,0.0000,0.0000,none,0.0000,0,0,0.0000,none,none,none,none,0.0000,0,0.0000,none,false,true,not_evaluated,true,required_light_or_anchor_flip,bias_flip_down,1.15673000,2025.11.26 13:30:00,1.15909000,2025.11.26 06:00:00,2025.11.26 15:15:00,true,SHORT,1.15673000,1.15602000,0.7401,3,true,2025.11.26 15:30:00,3,SHORT,1.15673000,1.15602000,0.7401,2.1266,strong,2025.11.26 16:15:00,first_after_anchor,true,SHORT,3,0,3,true,false,fresh_0_4,true,false,false,true,none,true,required,true,PERIOD_M5,2025.11.26 15:35:00,2025.11.26 15:35:00,13,0.3751,true,1.15673000,0.3751,false,0.0000,true,m5_bearish_close_after_anchor_retest,retest_reconfirm,true,none,true,required_first_signal_only,SHORT,unknown,0.00000000,,0.00000000,,false,,-1,false,NONE,0.00000000,,0.00000000,0.0000,0.0000,none,-1,false,false,false,insufficient_confirmed_m5_pivots,EURUSD|SHORT|1764171000|1.15673,,,false,false,false,-1,-1,-1,-1,-1,false,false,false,0.0000,rising_n,false,1.15909000,1.15650000,2.6999,true,2.1266,0.1356,3,strong,true,0.7317,deep_618_786,0.120,diagnostic_only,diagnostic_only,diagnostic_only,fib_pullback,4,0.360,true,none,0.510,high_quality,false,false,diagnostic_only,both,true,none,true,diagnostic_adjacent_detected,required_light,false,false,LONG,5,false,false,1,2025.11.26 13:40:00,2025.11.26 16:00:00,7,4.4650,0.00000000,1.15463000,1.15463000,false,false,none,0.00000000,false,0.0000,0.0000,false,1,0.0000,false,-1,0.00000000,0.0000,off,false,not_evaluated,none,0.0000,0.0000,none,false,false,false,0.0000,none,false,none,0.0000,false,none,4.4650,1.3794,3.2368,0.3751,false,no_shrink,0.0000,none,none,false,false,none,0.0000,0.0000,0.0000,0.0000,none,false,false,0.0000,0.0000,false,false,-1,none,none,false,0.000,0.000,1.15735000,1.15673000,1.15673000,structure_confirmed_swing_low,0.00060000,0.6818,neckline_level,1.15747000,0.1694,false,true,false,false,not_blocked,3,3,0,m5_failure_exit,off,none,0.00000000,0.0000,1.30,1.15619000,4.200,-0.300,0.200,PERIOD_M15,1.15832000,1.15673000,0.3774,outside,0.000,true,1.15733000,1.15821000,0.00088000,1.15619000,1.295,0.00082643,18.00,30-60,true,false,none,blocked_spread_too_high,4.650,4.650,none,0.0000,false,opposite_break_first,true,opposite_break_first,spread_too_high
2025.11.26 19:25:00,signal,session_reversal_pullback_one_symbol_first120,USDJPY,LONG,2025.11.26 19:20:00,19,16,1,new_york,2025.11.26 16:00,20,first_120min,true,true,3,USDJPY,highest_score_in_session_bar,new_york=USDJPY|EURJPY|GBPJPY|AUDJPY|EURUSD|GBPUSD,existing_first120_gate,new_york,false,false,true,passed_first_window,double_bottom,neckline_break_retest,156.39300000,PERIOD_M5,PERIOD_H1,PERIOD_M15,PERIOD_M5,PERIOD_M5,false,htf_soft_alignment,current_post_filter,transcript_post_filter,dow_range_or_transition,structure_trend_bias_dow_trend_up_hh_hl,dow_range_or_transition,structure_trend_bias_dow_trend_up_hh_hl,false,true,true,LONG,PERIOD_M5,double_bottom,double_bottom,4.200,none,0.000,double_bottom,4.200,none,0.000,LONG,false,PERIOD_H1_NONE_dow_range_or_transition|PERIOD_M15_LONG_structure_trend_bias_dow_trend_up_hh_hl,true,h1_counter_m15_reversal,true,top_NONE_dow_range_or_transition|structure_LONG_structure_trend_bias_dow_trend_up_hh_hl|structure_break_recent_confirmed_swing_break_failed|primary_break_no_recent_confirmed_swing_break,none,below_75sma_falling,above_75sma_rising,below_75sma_falling,-1,0.00000000,-1,0.00000000,false,off,NONE,NONE,0.00000000,0.00000000,0.0000,none,0.000,true,LONG,return_high_break_or_bos_up,156.58100000,9,156.72800000,156.28300000,false,off,independent,false,,,false,0.0000,none,0.0000,0.0000,none,0.0000,0.0000,0.0000,none,0.0000,0,0,0.0000,none,none,none,none,0.0000,0,0.0000,none,false,true,not_evaluated,true,required_light_or_anchor_flip,long_bias,156.32400000,2025.11.26 15:15:00,156.58100000,2025.11.26 14:00:00,2025.11.26 16:15:00,false,NONE,0.00000000,0.00000000,0.0000,-1,false,,-1,NONE,0.00000000,0.00000000,0.0000,0.0000,none,,none,false,NONE,-1,-1,-1,false,false,none,true,false,false,true,none,true,required,false,PERIOD_M5,,,-1,0.0000,false,0.00000000,0.0000,false,0.0000,false,none,none,false,no_anchor_flip_in_entry_direction,true,required_first_signal_only,LONG,unknown,0.00000000,,0.00000000,,false,,-1,false,NONE,0.00000000,,0.00000000,0.0000,0.0000,none,-1,false,false,false,no_anchor_flip_in_entry_direction,,,,false,false,false,-1,-1,-1,-1,-1,false,false,false,0.0000,range_n,true,156.72800000,156.32100000,3.7512,false,0.0000,0.0000,0,none,true,0.6472,deep_618_786,0.120,diagnostic_only,diagnostic_only,diagnostic_only,fib_pullback,24,0.320,true,none,0.470,high_quality,false,false,diagnostic_only,both,true,none,true,diagnostic_adjacent_detected,required_light,false,false,SHORT,5,false,false,2,2025.11.26 17:20:00,2025.11.26 18:55:00,5,5.6560,156.43900000,0.00000000,156.43900000,false,false,none,0.00000000,false,0.0000,0.0000,false,1,0.0000,false,-1,0.00000000,0.0000,off,false,not_evaluated,none,0.0000,0.0000,none,false,false,false,0.0000,none,false,none,0.0000,false,none,2.9120,3.0053,0.9689,2.6507,false,no_shrink,0.0000,none,none,false,false,none,0.0000,0.0000,0.0000,0.0000,none,false,false,0.0000,0.0000,false,false,-1,none,none,false,0.000,0.000,156.46000000,156.43700000,156.46000000,pre_session_high,0.02000000,0.1504,session_high|opening_range_high|neckline_level,156.43700000,0.0560,false,true,true,false,not_blocked,2,1,1,m5_failure_exit,off,none,0.00000000,0.0000,1.30,156.61200000,4.200,-0.300,0.200,PERIOD_M15,156.72800000,156.32400000,0.7129,deep_618_786,0.000,true,156.44000000,156.30700000,0.13300000,156.61200000,1.293,0.05357143,18.00,0-30,true,false,none,not_consumed,4.300,4.300,none,0.0000,false,neckline_retest_failed,false,not_invalidated,spread_too_high
2025.11.26 19:25:00,blocked,session_reversal_pullback_one_symbol_first120,USDJPY,LONG,2025.11.26 19:20:00,19,16,1,new_york,2025.11.26 16:00,20,first_120min,true,true,3,USDJPY,highest_score_in_session_bar,new_york=USDJPY|EURJPY|GBPJPY|AUDJPY|EURUSD|GBPUSD,existing_first120_gate,new_york,false,false,true,passed_first_window,double_bottom,neckline_break_retest,156.39300000,PERIOD_M5,PERIOD_H1,PERIOD_M15,PERIOD_M5,PERIOD_M5,false,htf_soft_alignment,current_post_filter,transcript_post_filter,dow_range_or_transition,structure_trend_bias_dow_trend_up_hh_hl,dow_range_or_transition,structure_trend_bias_dow_trend_up_hh_hl,false,true,true,LONG,PERIOD_M5,double_bottom,double_bottom,4.200,none,0.000,double_bottom,4.200,none,0.000,LONG,false,PERIOD_H1_NONE_dow_range_or_transition|PERIOD_M15_LONG_structure_trend_bias_dow_trend_up_hh_hl,true,h1_counter_m15_reversal,true,top_NONE_dow_range_or_transition|structure_LONG_structure_trend_bias_dow_trend_up_hh_hl|structure_break_recent_confirmed_swing_break_failed|primary_break_no_recent_confirmed_swing_break,none,below_75sma_falling,above_75sma_rising,below_75sma_falling,-1,0.00000000,-1,0.00000000,false,off,NONE,NONE,0.00000000,0.00000000,0.0000,none,0.000,true,LONG,return_high_break_or_bos_up,156.58100000,9,156.72800000,156.28300000,false,off,independent,false,,,false,0.0000,none,0.0000,0.0000,none,0.0000,0.0000,0.0000,none,0.0000,0,0,0.0000,none,none,none,none,0.0000,0,0.0000,none,false,true,not_evaluated,true,required_light_or_anchor_flip,long_bias,156.32400000,2025.11.26 15:15:00,156.58100000,2025.11.26 14:00:00,2025.11.26 16:15:00,false,NONE,0.00000000,0.00000000,0.0000,-1,false,,-1,NONE,0.00000000,0.00000000,0.0000,0.0000,none,,none,false,NONE,-1,-1,-1,false,false,none,true,false,false,true,none,true,required,false,PERIOD_M5,,,-1,0.0000,false,0.00000000,0.0000,false,0.0000,false,none,none,false,no_anchor_flip_in_entry_direction,true,required_first_signal_only,LONG,unknown,0.00000000,,0.00000000,,false,,-1,false,NONE,0.00000000,,0.00000000,0.0000,0.0000,none,-1,false,false,false,no_anchor_flip_in_entry_direction,,,,false,false,false,-1,-1,-1,-1,-1,false,false,false,0.0000,range_n,true,156.72800000,156.32100000,3.7512,false,0.0000,0.0000,0,none,true,0.6472,deep_618_786,0.120,diagnostic_only,diagnostic_only,diagnostic_only,fib_pullback,24,0.320,true,none,0.470,high_quality,false,false,diagnostic_only,both,true,none,true,diagnostic_adjacent_detected,required_light,false,false,SHORT,5,false,false,2,2025.11.26 17:20:00,2025.11.26 18:55:00,5,5.6560,156.43900000,0.00000000,156.43900000,false,false,none,0.00000000,false,0.0000,0.0000,false,1,0.0000,false,-1,0.00000000,0.0000,off,false,not_evaluated,none,0.0000,0.0000,none,false,false,false,0.0000,none,false,none,0.0000,false,none,2.9120,3.0053,0.9689,2.6507,false,no_shrink,0.0000,none,none,false,false,none,0.0000,0.0000,0.0000,0.0000,none,false,false,0.0000,0.0000,false,false,-1,none,none,false,0.000,0.000,156.46000000,156.43700000,156.46000000,pre_session_high,0.02000000,0.1504,session_high|opening_range_high|neckline_level,156.43700000,0.0560,false,true,true,false,not_blocked,2,1,1,m5_failure_exit,off,none,0.00000000,0.0000,1.30,156.61200000,4.200,-0.300,0.200,PERIOD_M15,156.72800000,156.32400000,0.7129,deep_618_786,0.000,true,156.44000000,156.30700000,0.13300000,156.61200000,1.293,0.05357143,18.00,0-30,true,false,none,blocked_spread_too_high,4.300,4.300,none,0.0000,false,neckline_retest_failed,false,not_invalidated,spread_too_high
2025.11.27 16:10:00,signal,session_reversal_pullback_one_symbol_first120,AUDJPY,SHORT,2025.11.27 16:05:00,16,13,22,london_newyork_overlap,2025.11.27 13:00,5,first_120min,true,true,3,AUDJPY,highest_score_in_session_bar,london_newyork_overlap=USDJPY|EURJPY|GBPJPY|AUDJPY|EURUSD|GBPUSD,existing_first120_gate,london_newyork_overlap,false,false,true,passed_first_window,double_top,neckline_break_retest,102.01300000,PERIOD_M5,PERIOD_H1,PERIOD_M15,PERIOD_M5,PERIOD_M5,false,htf_soft_alignment,current_post_filter,transcript_post_filter,dow_trend_up_hh_hl,no_ordered_dow_wave3_break,dow_trend_up_hh_hl,no_ordered_dow_wave3_break,false,false,true,SHORT,PERIOD_M5,double_top,double_top,4.200,none,0.000,double_top,4.200,none,0.000,SHORT,false,PERIOD_H1_LONG_dow_trend_up_hh_hl|PERIOD_M15_NONE_no_ordered_dow_wave3_break,true,h1_counter_m15_reversal,true,top_LONG_dow_trend_up_hh_hl|structure_NONE_no_ordered_dow_wave3_break|structure_break_recent_confirmed_swing_break_failed|primary_break_recent_confirmed_swing_break_retest,none,above_75sma_rising,above_75sma_rising,below_75sma_flat_or_rising,-1,0.00000000,2,101.98500000,false,off,NONE,NONE,0.00000000,0.00000000,0.0000,none,0.000,true,SHORT,return_low_break_or_bos_down,101.94800000,12,102.06000000,101.92200000,false,off,independent,false,,,false,0.0000,none,0.0000,0.0000,none,0.0000,0.0000,0.0000,none,0.0000,0,0,0.0000,none,none,none,none,0.0000,0,0.0000,none,false,true,not_evaluated,true,required_light_or_anchor_flip,long_bias,101.88600000,2025.11.27 10:15:00,101.97900000,2025.11.27 06:45:00,2025.11.27 11:30:00,false,NONE,0.00000000,0.00000000,0.0000,-1,false,,-1,NONE,0.00000000,0.00000000,0.0000,0.0000,none,,none,false,NONE,-1,-1,-1,false,false,none,false,true,false,true,none,true,required,false,PERIOD_M5,,,-1,0.0000,false,0.00000000,0.0000,false,0.0000,false,none,none,false,no_anchor_flip_in_entry_direction,true,required_first_signal_only,SHORT,unknown,0.00000000,,0.00000000,,false,,-1,false,NONE,0.00000000,,0.00000000,0.0000,0.0000,none,-1,false,false,false,no_anchor_flip_in_entry_direction,,,,false,false,false,-1,-1,-1,-1,-1,false,false,false,0.0000,range_n,true,102.06000000,101.84000000,5.3287,false,0.0000,0.0000,0,none,true,0.5747,preferred_382_618,0.200,diagnostic_only,diagnostic_only,diagnostic_only,fib_pullback,4,0.440,true,none,0.590,high_quality,false,false,diagnostic_only,both,true,none,true,diagnostic_adjacent_detected,required_light,false,false,LONG,5,false,false,1,2025.11.27 14:10:00,2025.11.27 15:15:00,10,2.8533,0.00000000,101.98500000,101.98500000,true,true,m5_hl_close_break_down,101.98500000,true,0.2283,0.6848,true,1,0.6467,true,2,101.98500000,0.7609,off,false,not_evaluated,none,0.8571,0.1429,very_strong,false,true,true,0.6467,failed_1bar,true,back_inside,0.0909,true,weak_retest,2.8533,1.9402,1.4706,0.4565,false,no_shrink,0.0000,none,none,false,false,none,0.0000,0.0000,0.0000,0.0000,none,false,false,0.0000,0.0000,false,false,-1,none,none,false,0.000,0.000,101.99384848,101.97600000,101.97600000,pre_session_low,0.01000000,0.1282,neckline_level,102.01300000,1.0272,false,true,false,false,not_blocked,5,5,0,m5_failure_exit,off,none,0.00000000,0.0000,1.30,101.88500000,4.200,-0.300,0.200,PERIOD_M15,102.06000000,101.92200000,0.4638,preferred_382_618,0.000,true,101.98600000,102.06400000,0.07800000,101.88500000,1.295,0.02628571,28.00,0-30,true,false,none,not_consumed,4.500,4.500,none,0.0000,false,opposite_break_first,true,opposite_break_first,spread_too_high
2025.11.27 16:10:00,blocked,session_reversal_pullback_one_symbol_first120,AUDJPY,SHORT,2025.11.27 16:05:00,16,13,22,london_newyork_overlap,2025.11.27 13:00,5,first_120min,true,true,3,AUDJPY,highest_score_in_session_bar,london_newyork_overlap=USDJPY|EURJPY|GBPJPY|AUDJPY|EURUSD|GBPUSD,existing_first120_gate,london_newyork_overlap,false,false,true,passed_first_window,double_top,neckline_break_retest,102.01300000,PERIOD_M5,PERIOD_H1,PERIOD_M15,PERIOD_M5,PERIOD_M5,false,htf_soft_alignment,current_post_filter,transcript_post_filter,dow_trend_up_hh_hl,no_ordered_dow_wave3_break,dow_trend_up_hh_hl,no_ordered_dow_wave3_break,false,false,true,SHORT,PERIOD_M5,double_top,double_top,4.200,none,0.000,double_top,4.200,none,0.000,SHORT,false,PERIOD_H1_LONG_dow_trend_up_hh_hl|PERIOD_M15_NONE_no_ordered_dow_wave3_break,true,h1_counter_m15_reversal,true,top_LONG_dow_trend_up_hh_hl|structure_NONE_no_ordered_dow_wave3_break|structure_break_recent_confirmed_swing_break_failed|primary_break_recent_confirmed_swing_break_retest,none,above_75sma_rising,above_75sma_rising,below_75sma_flat_or_rising,-1,0.00000000,2,101.98500000,false,off,NONE,NONE,0.00000000,0.00000000,0.0000,none,0.000,true,SHORT,return_low_break_or_bos_down,101.94800000,12,102.06000000,101.92200000,false,off,independent,false,,,false,0.0000,none,0.0000,0.0000,none,0.0000,0.0000,0.0000,none,0.0000,0,0,0.0000,none,none,none,none,0.0000,0,0.0000,none,false,true,not_evaluated,true,required_light_or_anchor_flip,long_bias,101.88600000,2025.11.27 10:15:00,101.97900000,2025.11.27 06:45:00,2025.11.27 11:30:00,false,NONE,0.00000000,0.00000000,0.0000,-1,false,,-1,NONE,0.00000000,0.00000000,0.0000,0.0000,none,,none,false,NONE,-1,-1,-1,false,false,none,false,true,false,true,none,true,required,false,PERIOD_M5,,,-1,0.0000,false,0.00000000,0.0000,false,0.0000,false,none,none,false,no_anchor_flip_in_entry_direction,true,required_first_signal_only,SHORT,unknown,0.00000000,,0.00000000,,false,,-1,false,NONE,0.00000000,,0.00000000,0.0000,0.0000,none,-1,false,false,false,no_anchor_flip_in_entry_direction,,,,false,false,false,-1,-1,-1,-1,-1,false,false,false,0.0000,range_n,true,102.06000000,101.84000000,5.3287,false,0.0000,0.0000,0,none,true,0.5747,preferred_382_618,0.200,diagnostic_only,diagnostic_only,diagnostic_only,fib_pullback,4,0.440,true,none,0.590,high_quality,false,false,diagnostic_only,both,true,none,true,diagnostic_adjacent_detected,required_light,false,false,LONG,5,false,false,1,2025.11.27 14:10:00,2025.11.27 15:15:00,10,2.8533,0.00000000,101.98500000,101.98500000,true,true,m5_hl_close_break_down,101.98500000,true,0.2283,0.6848,true,1,0.6467,true,2,101.98500000,0.7609,off,false,not_evaluated,none,0.8571,0.1429,very_strong,false,true,true,0.6467,failed_1bar,true,back_inside,0.0909,true,weak_retest,2.8533,1.9402,1.4706,0.4565,false,no_shrink,0.0000,none,none,false,false,none,0.0000,0.0000,0.0000,0.0000,none,false,false,0.0000,0.0000,false,false,-1,none,none,false,0.000,0.000,101.99384848,101.97600000,101.97600000,pre_session_low,0.01000000,0.1282,neckline_level,102.01300000,1.0272,false,true,false,false,not_blocked,5,5,0,m5_failure_exit,off,none,0.00000000,0.0000,1.30,101.88500000,4.200,-0.300,0.200,PERIOD_M15,102.06000000,101.92200000,0.4638,preferred_382_618,0.000,true,101.98600000,102.06400000,0.07800000,101.88500000,1.295,0.02628571,28.00,0-30,true,false,none,blocked_spread_too_high,4.500,4.500,none,0.0000,false,opposite_break_first,true,opposite_break_first,spread_too_high
2025.11.27 19:25:00,signal,session_reversal_pullback_one_symbol_first120,GBPJPY,SHORT,2025.11.27 19:20:00,19,16,1,new_york,2025.11.27 16:00,20,first_120min,true,true,3,GBPJPY,highest_score_in_session_bar,new_york=USDJPY|EURJPY|GBPJPY|AUDJPY|EURUSD|GBPUSD,existing_first120_gate,new_york,false,false,true,passed_first_window,head_and_shoulders,neckline_break_retest,206.90900000,PERIOD_M5,PERIOD_H1,PERIOD_M15,PERIOD_M5,PERIOD_M5,false,htf_soft_alignment,current_post_filter,transcript_post_filter,dow_trend_up_hh_hl,structure_trend_bias_dow_trend_up_hh_hl,dow_trend_up_hh_hl,structure_trend_bias_dow_trend_up_hh_hl,false,false,true,SHORT,PERIOD_M5,head_and_shoulders,head_and_shoulders,4.500,none,0.000,head_and_shoulders,4.500,none,0.000,SHORT,false,PERIOD_H1_LONG_dow_trend_up_hh_hl|PERIOD_M15_LONG_structure_trend_bias_dow_trend_up_hh_hl,true,h1_counter_m15_reversal,true,top_LONG_dow_trend_up_hh_hl|structure_LONG_structure_trend_bias_dow_trend_up_hh_hl|structure_break_recent_confirmed_swing_break_failed|primary_break_recent_confirmed_swing_break_retest,none,above_75sma_rising,above_75sma_flat_or_falling,below_75sma_flat_or_rising,-1,0.00000000,0,206.90900000,false,off,NONE,NONE,0.00000000,0.00000000,0.0000,none,0.000,true,SHORT,return_low_break_or_bos_down,206.75600000,22,207.18100000,206.83500000,false,off,independent,false,,,false,0.0000,none,0.0000,0.0000,none,0.0000,0.0000,0.0000,none,0.0000,0,0,0.0000,none,none,none,none,0.0000,0,0.0000,none,false,true,not_evaluated,true,required_light_or_anchor_flip,long_bias,206.83500000,2025.11.27 16:30:00,206.75400000,2025.11.27 10:45:00,2025.11.27 18:00:00,false,NONE,0.00000000,0.00000000,0.0000,-1,false,,-1,NONE,0.00000000,0.00000000,0.0000,0.0000,none,,none,false,NONE,-1,-1,-1,false,false,none,false,true,false,true,none,true,required,false,PERIOD_M5,,,-1,0.0000,false,0.00000000,0.0000,false,0.0000,false,none,none,false,no_anchor_flip_in_entry_direction,true,required_first_signal_only,SHORT,unknown,0.00000000,,0.00000000,,false,,-1,false,NONE,0.00000000,,0.00000000,0.0000,0.0000,none,-1,false,false,false,no_anchor_flip_in_entry_direction,,,,false,false,false,-1,-1,-1,-1,-1,false,false,false,0.0000,rising_n,false,207.18100000,206.48400000,6.9501,false,0.0000,0.0000,0,none,true,0.4737,preferred_382_618,0.200,diagnostic_only,diagnostic_only,diagnostic_only,fib_pullback,4,0.440,true,none,0.590,high_quality,false,false,diagnostic_only,both,true,none,true,diagnostic_adjacent_detected,required_light,false,false,LONG,5,false,false,1,2025.11.27 16:40:00,2025.11.27 19:00:00,4,6.6356,0.00000000,206.90900000,206.90900000,true,true,m5_hl_close_break_down,206.90900000,true,0.1151,0.5178,true,1,0.0000,true,1,206.90900000,0.1151,off,false,not_evaluated,none,0.9143,0.0857,strong,true,false,false,0.0000,held_clean,true,favorable_side,0.3000,false,clean_retest,2.0137,6.6356,0.3035,0.0000,true,strong_exhaustion,0.0000,none,none,false,false,none,0.0000,0.0000,0.0000,0.0000,none,false,false,0.0000,0.0000,false,false,-1,none,none,false,0.000,0.000,206.90417391,206.87500000,206.84300000,previous_week_high,0.03800000,0.2436,session_low|opening_range_low|neckline_level,206.87500000,0.1151,false,true,false,false,not_blocked,2,2,0,m5_failure_exit,off,none,0.00000000,0.0000,1.30,206.67800000,4.500,-0.300,0.200,PERIOD_M15,207.18100000,206.83500000,0.1329,outside,0.000,true,206.88100000,207.03700000,0.15600000,206.67800000,1.301,0.05214286,38.00,0-30,true,false,none,not_consumed,4.800,4.800,none,0.0000,false,opposite_break_first,true,opposite_break_first,spread_too_high
2025.11.27 19:25:00,blocked,session_reversal_pullback_one_symbol_first120,GBPJPY,SHORT,2025.11.27 19:20:00,19,16,1,new_york,2025.11.27 16:00,20,first_120min,true,true,3,GBPJPY,highest_score_in_session_bar,new_york=USDJPY|EURJPY|GBPJPY|AUDJPY|EURUSD|GBPUSD,existing_first120_gate,new_york,false,false,true,passed_first_window,head_and_shoulders,neckline_break_retest,206.90900000,PERIOD_M5,PERIOD_H1,PERIOD_M15,PERIOD_M5,PERIOD_M5,false,htf_soft_alignment,current_post_filter,transcript_post_filter,dow_trend_up_hh_hl,structure_trend_bias_dow_trend_up_hh_hl,dow_trend_up_hh_hl,structure_trend_bias_dow_trend_up_hh_hl,false,false,true,SHORT,PERIOD_M5,head_and_shoulders,head_and_shoulders,4.500,none,0.000,head_and_shoulders,4.500,none,0.000,SHORT,false,PERIOD_H1_LONG_dow_trend_up_hh_hl|PERIOD_M15_LONG_structure_trend_bias_dow_trend_up_hh_hl,true,h1_counter_m15_reversal,true,top_LONG_dow_trend_up_hh_hl|structure_LONG_structure_trend_bias_dow_trend_up_hh_hl|structure_break_recent_confirmed_swing_break_failed|primary_break_recent_confirmed_swing_break_retest,none,above_75sma_rising,above_75sma_flat_or_falling,below_75sma_flat_or_rising,-1,0.00000000,0,206.90900000,false,off,NONE,NONE,0.00000000,0.00000000,0.0000,none,0.000,true,SHORT,return_low_break_or_bos_down,206.75600000,22,207.18100000,206.83500000,false,off,independent,false,,,false,0.0000,none,0.0000,0.0000,none,0.0000,0.0000,0.0000,none,0.0000,0,0,0.0000,none,none,none,none,0.0000,0,0.0000,none,false,true,not_evaluated,true,required_light_or_anchor_flip,long_bias,206.83500000,2025.11.27 16:30:00,206.75400000,2025.11.27 10:45:00,2025.11.27 18:00:00,false,NONE,0.00000000,0.00000000,0.0000,-1,false,,-1,NONE,0.00000000,0.00000000,0.0000,0.0000,none,,none,false,NONE,-1,-1,-1,false,false,none,false,true,false,true,none,true,required,false,PERIOD_M5,,,-1,0.0000,false,0.00000000,0.0000,false,0.0000,false,none,none,false,no_anchor_flip_in_entry_direction,true,required_first_signal_only,SHORT,unknown,0.00000000,,0.00000000,,false,,-1,false,NONE,0.00000000,,0.00000000,0.0000,0.0000,none,-1,false,false,false,no_anchor_flip_in_entry_direction,,,,false,false,false,-1,-1,-1,-1,-1,false,false,false,0.0000,rising_n,false,207.18100000,206.48400000,6.9501,false,0.0000,0.0000,0,none,true,0.4737,preferred_382_618,0.200,diagnostic_only,diagnostic_only,diagnostic_only,fib_pullback,4,0.440,true,none,0.590,high_quality,false,false,diagnostic_only,both,true,none,true,diagnostic_adjacent_detected,required_light,false,false,LONG,5,false,false,1,2025.11.27 16:40:00,2025.11.27 19:00:00,4,6.6356,0.00000000,206.90900000,206.90900000,true,true,m5_hl_close_break_down,206.90900000,true,0.1151,0.5178,true,1,0.0000,true,1,206.90900000,0.1151,off,false,not_evaluated,none,0.9143,0.0857,strong,true,false,false,0.0000,held_clean,true,favorable_side,0.3000,false,clean_retest,2.0137,6.6356,0.3035,0.0000,true,strong_exhaustion,0.0000,none,none,false,false,none,0.0000,0.0000,0.0000,0.0000,none,false,false,0.0000,0.0000,false,false,-1,none,none,false,0.000,0.000,206.90417391,206.87500000,206.84300000,previous_week_high,0.03800000,0.2436,session_low|opening_range_low|neckline_level,206.87500000,0.1151,false,true,false,false,not_blocked,2,2,0,m5_failure_exit,off,none,0.00000000,0.0000,1.30,206.67800000,4.500,-0.300,0.200,PERIOD_M15,207.18100000,206.83500000,0.1329,outside,0.000,true,206.88100000,207.03700000,0.15600000,206.67800000,1.301,0.05214286,38.00,0-30,true,false,none,blocked_spread_too_high,4.800,4.800,none,0.0000,false,opposite_break_first,true,opposite_break_first,spread_too_high
2025.11.28 04:30:00,signal,session_reversal_pullback_one_symbol_first120,USDJPY,SHORT,2025.11.28 04:25:00,4,1,10,tokyo,2025.11.28 00:00,85,first_120min,false,true,3,USDJPY,highest_score_in_session_bar,tokyo=USDJPY|EURJPY|GBPJPY|AUDJPY,existing_first120_gate,tokyo,false,false,true,passed_first_window,head_and_shoulders,neckline_break_retest,156.32500000,PERIOD_M5,PERIOD_H1,PERIOD_M15,PERIOD_M5,PERIOD_M5,false,htf_soft_alignment,current_post_filter,transcript_post_filter,dow_range_or_transition,no_ordered_dow_wave3_break,dow_range_or_transition,no_ordered_dow_wave3_break,false,false,true,SHORT,PERIOD_M5,head_and_shoulders,head_and_shoulders,4.500,none,0.000,head_and_shoulders,4.500,none,0.000,SHORT,false,PERIOD_H1_NONE_dow_range_or_transition|PERIOD_M15_NONE_no_ordered_dow_wave3_break,true,h1_counter_m15_reversal,true,top_NONE_dow_range_or_transition|structure_NONE_no_ordered_dow_wave3_break|structure_break_recent_confirmed_swing_break_retest|primary_break_recent_confirmed_swing_break_retest,none,above_75sma_flat_or_falling,below_75sma_flat_or_rising,below_75sma_falling,9,156.24500000,0,156.31700000,false,off,NONE,NONE,0.00000000,0.00000000,0.0000,none,0.000,true,SHORT,return_low_break_or_bos_down,156.24500000,9,156.57200000,156.16900000,false,off,independent,false,,,false,0.0000,none,0.0000,0.0000,none,0.0000,0.0000,0.0000,none,0.0000,0,0,0.0000,none,none,none,none,0.0000,0,0.0000,none,false,true,not_evaluated,true,required_light_or_anchor_flip,long_bias,156.16900000,2025.11.28 02:15:00,156.36200000,2025.11.27 20:30:00,2025.11.28 02:45:00,false,NONE,0.00000000,0.00000000,0.0000,-1,false,,-1,NONE,0.00000000,0.00000000,0.0000,0.0000,none,,none,false,NONE,-1,-1,-1,false,false,none,false,true,false,true,none,true,required,false,PERIOD_M5,,,-1,0.0000,false,0.00000000,0.0000,false,0.0000,false,none,none,false,no_anchor_flip_in_entry_direction,true,required_first_signal_only,SHORT,unknown,0.00000000,,0.00000000,,false,,-1,false,NONE,0.00000000,,0.00000000,0.0000,0.0000,none,-1,false,false,false,no_anchor_flip_in_entry_direction,,,,false,false,false,-1,-1,-1,-1,-1,false,false,false,0.0000,range_n,true,156.57200000,156.16900000,4.2136,false,0.0000,0.0000,0,none,true,0.2705,shallow_236_382,0.080,diagnostic_only,diagnostic_only,diagnostic_only,shallow_pullback,6,0.370,true,none,0.520,high_quality,false,false,diagnostic_only,both,true,none,true,diagnostic_adjacent_detected,required_light,false,false,LONG,6,false,false,1,2025.11.28 02:15:00,2025.11.28 03:30:00,11,12.0556,0.00000000,156.31700000,156.31700000,true,true,m5_hl_close_break_down,156.31700000,true,1.2863,1.2265,true,1,0.0000,false,0,156.31700000,0.0000,off,false,not_evaluated,none,0.9556,0.0444,very_strong,false,false,false,0.0000,no_following_closed_bar,false,none,0.0000,false,no_retest,4.0385,12.0556,0.3350,0.0000,true,strong_exhaustion,0.0000,none,none,false,false,none,0.0000,0.0000,0.0000,0.0000,none,false,false,0.0000,0.0000,false,false,-1,none,none,false,0.000,0.000,156.31700000,156.27200000,156.23000000,top_context_confirmed_swing_low,0.04800000,0.4800,session_low|opening_range_low|neckline_level,156.27200000,0.1795,false,true,true,false,not_blocked,5,4,1,m5_failure_exit,off,none,0.00000000,0.0000,1.30,156.14800000,4.500,-0.300,0.200,PERIOD_M15,156.57200000,156.16900000,0.2705,outside,0.000,true,156.27800000,156.37800000,0.10000000,156.14800000,1.300,0.03342857,19.00,60-90,true,false,none,not_consumed,5.150,5.150,none,0.0000,false,neckline_retest_failed,false,not_invalidated,spread_too_high
2025.11.28 04:30:00,blocked,session_reversal_pullback_one_symbol_first120,USDJPY,SHORT,2025.11.28 04:25:00,4,1,10,tokyo,2025.11.28 00:00,85,first_120min,false,true,3,USDJPY,highest_score_in_session_bar,tokyo=USDJPY|EURJPY|GBPJPY|AUDJPY,existing_first120_gate,tokyo,false,false,true,passed_first_window,head_and_shoulders,neckline_break_retest,156.32500000,PERIOD_M5,PERIOD_H1,PERIOD_M15,PERIOD_M5,PERIOD_M5,false,htf_soft_alignment,current_post_filter,transcript_post_filter,dow_range_or_transition,no_ordered_dow_wave3_break,dow_range_or_transition,no_ordered_dow_wave3_break,false,false,true,SHORT,PERIOD_M5,head_and_shoulders,head_and_shoulders,4.500,none,0.000,head_and_shoulders,4.500,none,0.000,SHORT,false,PERIOD_H1_NONE_dow_range_or_transition|PERIOD_M15_NONE_no_ordered_dow_wave3_break,true,h1_counter_m15_reversal,true,top_NONE_dow_range_or_transition|structure_NONE_no_ordered_dow_wave3_break|structure_break_recent_confirmed_swing_break_retest|primary_break_recent_confirmed_swing_break_retest,none,above_75sma_flat_or_falling,below_75sma_flat_or_rising,below_75sma_falling,9,156.24500000,0,156.31700000,false,off,NONE,NONE,0.00000000,0.00000000,0.0000,none,0.000,true,SHORT,return_low_break_or_bos_down,156.24500000,9,156.57200000,156.16900000,false,off,independent,false,,,false,0.0000,none,0.0000,0.0000,none,0.0000,0.0000,0.0000,none,0.0000,0,0,0.0000,none,none,none,none,0.0000,0,0.0000,none,false,true,not_evaluated,true,required_light_or_anchor_flip,long_bias,156.16900000,2025.11.28 02:15:00,156.36200000,2025.11.27 20:30:00,2025.11.28 02:45:00,false,NONE,0.00000000,0.00000000,0.0000,-1,false,,-1,NONE,0.00000000,0.00000000,0.0000,0.0000,none,,none,false,NONE,-1,-1,-1,false,false,none,false,true,false,true,none,true,required,false,PERIOD_M5,,,-1,0.0000,false,0.00000000,0.0000,false,0.0000,false,none,none,false,no_anchor_flip_in_entry_direction,true,required_first_signal_only,SHORT,unknown,0.00000000,,0.00000000,,false,,-1,false,NONE,0.00000000,,0.00000000,0.0000,0.0000,none,-1,false,false,false,no_anchor_flip_in_entry_direction,,,,false,false,false,-1,-1,-1,-1,-1,false,false,false,0.0000,range_n,true,156.57200000,156.16900000,4.2136,false,0.0000,0.0000,0,none,true,0.2705,shallow_236_382,0.080,diagnostic_only,diagnostic_only,diagnostic_only,shallow_pullback,6,0.370,true,none,0.520,high_quality,false,false,diagnostic_only,both,true,none,true,diagnostic_adjacent_detected,required_light,false,false,LONG,6,false,false,1,2025.11.28 02:15:00,2025.11.28 03:30:00,11,12.0556,0.00000000,156.31700000,156.31700000,true,true,m5_hl_close_break_down,156.31700000,true,1.2863,1.2265,true,1,0.0000,false,0,156.31700000,0.0000,off,false,not_evaluated,none,0.9556,0.0444,very_strong,false,false,false,0.0000,no_following_closed_bar,false,none,0.0000,false,no_retest,4.0385,12.0556,0.3350,0.0000,true,strong_exhaustion,0.0000,none,none,false,false,none,0.0000,0.0000,0.0000,0.0000,none,false,false,0.0000,0.0000,false,false,-1,none,none,false,0.000,0.000,156.31700000,156.27200000,156.23000000,top_context_confirmed_swing_low,0.04800000,0.4800,session_low|opening_range_low|neckline_level,156.27200000,0.1795,false,true,true,false,not_blocked,5,4,1,m5_failure_exit,off,none,0.00000000,0.0000,1.30,156.14800000,4.500,-0.300,0.200,PERIOD_M15,156.57200000,156.16900000,0.2705,outside,0.000,true,156.27800000,156.37800000,0.10000000,156.14800000,1.300,0.03342857,19.00,60-90,true,false,none,blocked_spread_too_high,5.150,5.150,none,0.0000,false,neckline_retest_failed,false,not_invalidated,spread_too_high
2025.11.28 10:05:00,signal,session_reversal_pullback_one_symbol_first120,USDJPY,SHORT,2025.11.28 10:00:00,10,7,16,london,2025.11.28 07:00,0,first_120min,true,true,3,USDJPY,highest_score_in_session_bar,london=USDJPY|EURJPY|GBPJPY|AUDJPY|EURUSD|GBPUSD,existing_first120_gate,london,false,false,true,passed_first_window,head_and_shoulders,neckline_break_retest,156.33200000,PERIOD_M5,PERIOD_H1,PERIOD_M15,PERIOD_M5,PERIOD_M5,false,htf_soft_alignment,current_post_filter,transcript_post_filter,dow_range_or_transition,structure_trend_bias_dow_trend_down_ll_lh,dow_range_or_transition,structure_trend_bias_dow_trend_down_ll_lh,false,false,true,SHORT,PERIOD_M5,head_and_shoulders,head_and_shoulders,4.500,none,0.000,head_and_shoulders,4.500,none,0.000,SHORT,false,PERIOD_H1_NONE_dow_range_or_transition|PERIOD_M15_SHORT_structure_trend_bias_dow_trend_down_ll_lh,true,h1_counter_m15_reversal,true,top_NONE_dow_range_or_transition|structure_SHORT_structure_trend_bias_dow_trend_down_ll_lh|structure_break_recent_confirmed_swing_break_failed|primary_break_recent_confirmed_swing_break_retest,none,above_75sma_flat_or_falling,below_75sma_flat_or_rising,above_75sma_flat_or_falling,-1,0.00000000,0,156.33200000,false,off,NONE,NONE,0.00000000,0.00000000,0.0000,none,0.000,true,SHORT,return_low_break_or_bos_down,156.24500000,12,156.43200000,156.08700000,false,off,independent,false,,,false,0.0000,none,0.0000,0.0000,none,0.0000,0.0000,0.0000,none,0.0000,0,0,0.0000,none,none,none,none,0.0000,0,0.0000,none,false,true,not_evaluated,true,required_light_or_anchor_flip,long_bias,156.11400000,2025.11.28 06:15:00,156.57200000,2025.11.28 02:45:00,2025.11.28 08:45:00,false,NONE,0.00000000,0.00000000,0.0000,-1,false,,-1,NONE,0.00000000,0.00000000,0.0000,0.0000,none,,none,false,NONE,-1,-1,-1,false,false,none,false,true,false,true,none,true,required,false,PERIOD_M5,,,-1,0.0000,false,0.00000000,0.0000,false,0.0000,false,none,none,false,no_anchor_flip_in_entry_direction,true,required_first_signal_only,SHORT,unknown,0.00000000,,0.00000000,,false,,-1,false,NONE,0.00000000,,0.00000000,0.0000,0.0000,none,-1,false,false,false,no_anchor_flip_in_entry_direction,,,,false,false,false,-1,-1,-1,-1,-1,false,false,false,0.0000,rising_n,false,156.57200000,156.08700000,5.9146,false,0.0000,0.0000,0,none,true,0.6551,deep_618_786,0.120,diagnostic_only,diagnostic_only,diagnostic_only,fib_pullback,4,0.410,true,none,0.560,high_quality,false,false,diagnostic_only,both,true,none,true,diagnostic_adjacent_detected,required_light,false,false,LONG,6,false,false,0,2025.11.28 08:50:00,2025.11.28 09:25:00,7,3.2148,0.00000000,156.21500000,156.21500000,false,false,none,0.00000000,false,0.0000,0.0000,false,1,0.0000,false,-1,0.00000000,0.0000,off,false,not_evaluated,none,0.0000,0.0000,none,false,false,false,0.0000,none,false,none,0.0000,false,none,2.6815,1.4815,1.8100,0.0000,true,strong_exhaustion,0.0000,none,none,false,false,none,0.0000,0.0000,0.0000,0.0000,none,false,false,0.0000,0.0000,false,false,-1,none,none,false,0.000,0.000,156.31500000,156.27100000,156.27100000,session_low,0.04200000,0.3925,neckline_level,156.33200000,0.2815,false,true,false,false,not_blocked,3,3,0,m5_failure_exit,off,none,0.00000000,0.0000,1.30,156.17400000,4.500,-0.300,0.200,PERIOD_M15,156.43200000,156.11400000,0.6258,deep_618_786,0.000,true,156.31300000,156.42000000,0.10700000,156.17400000,1.299,0.06750000,15.00,0-30,true,false,none,not_consumed,4.800,4.800,none,0.0000,false,neckline_retest_failed,false,not_invalidated,spread_too_high
2025.11.28 10:05:00,blocked,session_reversal_pullback_one_symbol_first120,USDJPY,SHORT,2025.11.28 10:00:00,10,7,16,london,2025.11.28 07:00,0,first_120min,true,true,3,USDJPY,highest_score_in_session_bar,london=USDJPY|EURJPY|GBPJPY|AUDJPY|EURUSD|GBPUSD,existing_first120_gate,london,false,false,true,passed_first_window,head_and_shoulders,neckline_break_retest,156.33200000,PERIOD_M5,PERIOD_H1,PERIOD_M15,PERIOD_M5,PERIOD_M5,false,htf_soft_alignment,current_post_filter,transcript_post_filter,dow_range_or_transition,structure_trend_bias_dow_trend_down_ll_lh,dow_range_or_transition,structure_trend_bias_dow_trend_down_ll_lh,false,false,true,SHORT,PERIOD_M5,head_and_shoulders,head_and_shoulders,4.500,none,0.000,head_and_shoulders,4.500,none,0.000,SHORT,false,PERIOD_H1_NONE_dow_range_or_transition|PERIOD_M15_SHORT_structure_trend_bias_dow_trend_down_ll_lh,true,h1_counter_m15_reversal,true,top_NONE_dow_range_or_transition|structure_SHORT_structure_trend_bias_dow_trend_down_ll_lh|structure_break_recent_confirmed_swing_break_failed|primary_break_recent_confirmed_swing_break_retest,none,above_75sma_flat_or_falling,below_75sma_flat_or_rising,above_75sma_flat_or_falling,-1,0.00000000,0,156.33200000,false,off,NONE,NONE,0.00000000,0.00000000,0.0000,none,0.000,true,SHORT,return_low_break_or_bos_down,156.24500000,12,156.43200000,156.08700000,false,off,independent,false,,,false,0.0000,none,0.0000,0.0000,none,0.0000,0.0000,0.0000,none,0.0000,0,0,0.0000,none,none,none,none,0.0000,0,0.0000,none,false,true,not_evaluated,true,required_light_or_anchor_flip,long_bias,156.11400000,2025.11.28 06:15:00,156.57200000,2025.11.28 02:45:00,2025.11.28 08:45:00,false,NONE,0.00000000,0.00000000,0.0000,-1,false,,-1,NONE,0.00000000,0.00000000,0.0000,0.0000,none,,none,false,NONE,-1,-1,-1,false,false,none,false,true,false,true,none,true,required,false,PERIOD_M5,,,-1,0.0000,false,0.00000000,0.0000,false,0.0000,false,none,none,false,no_anchor_flip_in_entry_direction,true,required_first_signal_only,SHORT,unknown,0.00000000,,0.00000000,,false,,-1,false,NONE,0.00000000,,0.00000000,0.0000,0.0000,none,-1,false,false,false,no_anchor_flip_in_entry_direction,,,,false,false,false,-1,-1,-1,-1,-1,false,false,false,0.0000,rising_n,false,156.57200000,156.08700000,5.9146,false,0.0000,0.0000,0,none,true,0.6551,deep_618_786,0.120,diagnostic_only,diagnostic_only,diagnostic_only,fib_pullback,4,0.410,true,none,0.560,high_quality,false,false,diagnostic_only,both,true,none,true,diagnostic_adjacent_detected,required_light,false,false,LONG,6,false,false,0,2025.11.28 08:50:00,2025.11.28 09:25:00,7,3.2148,0.00000000,156.21500000,156.21500000,false,false,none,0.00000000,false,0.0000,0.0000,false,1,0.0000,false,-1,0.00000000,0.0000,off,false,not_evaluated,none,0.0000,0.0000,none,false,false,false,0.0000,none,false,none,0.0000,false,none,2.6815,1.4815,1.8100,0.0000,true,strong_exhaustion,0.0000,none,none,false,false,none,0.0000,0.0000,0.0000,0.0000,none,false,false,0.0000,0.0000,false,false,-1,none,none,false,0.000,0.000,156.31500000,156.27100000,156.27100000,session_low,0.04200000,0.3925,neckline_level,156.33200000,0.2815,false,true,false,false,not_blocked,3,3,0,m5_failure_exit,off,none,0.00000000,0.0000,1.30,156.17400000,4.500,-0.300,0.200,PERIOD_M15,156.43200000,156.11400000,0.6258,deep_618_786,0.000,true,156.31300000,156.42000000,0.10700000,156.17400000,1.299,0.06750000,15.00,0-30,true,false,none,blocked_spread_too_high,4.800,4.800,none,0.0000,false,neckline_retest_failed,false,not_invalidated,spread_too_high
2025.11.28 16:50:00,signal,session_reversal_pullback_one_symbol_first120,EURJPY,SHORT,2025.11.28 16:45:00,16,13,22,london_newyork_overlap,2025.11.28 13:00,45,first_120min,true,true,3,EURJPY,highest_score_in_session_bar,london_newyork_overlap=USDJPY|EURJPY|GBPJPY|AUDJPY|EURUSD|GBPUSD,existing_first120_gate,london_newyork_overlap,true,false,true,passed_first_window,sweep_high_reclaim,sweep_reclaim_retest,180.97100000,PERIOD_M5,PERIOD_H1,PERIOD_M15,PERIOD_M5,PERIOD_M5,false,htf_soft_alignment,current_post_filter,transcript_post_filter,dow_range_or_transition,ordered_dow_wave3_break_above_swing_high,dow_range_or_transition,ordered_dow_wave3_break_above_swing_high,false,false,true,SHORT,PERIOD_M5,sweep_high_reclaim,sweep_high_reclaim,3.400,none,0.000,sweep_high_reclaim,3.400,none,0.000,SHORT,false,PERIOD_H1_NONE_dow_range_or_transition|PERIOD_M15_LONG_ordered_dow_wave3_break_above_swing_high,true,h1_counter_m15_reversal,true,top_NONE_dow_range_or_transition|structure_LONG_ordered_dow_wave3_break_above_swing_high|structure_break_recent_confirmed_swing_break_failed|primary_break_recent_confirmed_swing_break_failed,none,below_75sma_flat_or_rising,below_75sma_falling,above_75sma_flat_or_falling,-1,0.00000000,-1,0.00000000,false,off,NONE,NONE,0.00000000,0.00000000,0.0000,none,0.000,true,SHORT,return_low_break_or_bos_down,180.82200000,2,181.05100000,180.51500000,false,off,independent,false,,,false,0.0000,none,0.0000,0.0000,none,0.0000,0.0000,0.0000,none,0.0000,0,0,0.0000,none,none,none,none,0.0000,0,0.0000,none,false,true,not_evaluated,true,required_light_or_anchor_flip,bias_flip_up,180.82200000,2025.11.28 05:45:00,180.74400000,2025.11.28 14:00:00,2025.11.28 15:00:00,true,LONG,180.74400000,180.83200000,0.6624,1,true,2025.11.28 16:15:00,1,LONG,180.74400000,180.83200000,0.6624,1.0989,strong,2025.11.28 16:30:00,first_after_anchor,true,LONG,1,0,1,true,false,fresh_0_4,false,true,false,true,none,true,required,false,PERIOD_M5,,,-1,0.0000,false,0.00000000,0.0000,false,0.0000,false,none,none,false,no_anchor_flip_in_entry_direction,true,required_first_signal_only,SHORT,unknown,0.00000000,,0.00000000,,false,,-1,false,NONE,0.00000000,,0.00000000,0.0000,0.0000,none,-1,false,false,false,no_anchor_flip_in_entry_direction,,,,false,false,false,-1,-1,-1,-1,-1,false,false,false,0.0000,range_n,true,181.25900000,180.51500000,5.6000,true,1.0989,0.3394,1,strong,true,0.8078,too_deep,0.000,diagnostic_only,diagnostic_only,diagnostic_only,fib_pullback,24,0.250,true,none,0.400,medium_quality,false,false,diagnostic_only,both,true,none,true,diagnostic_adjacent_detected,required_light,false,false,LONG,4,false,false,0,2025.11.28 14:10:00,2025.11.28 15:05:00,20,2.4833,0.00000000,180.51500000,180.51500000,false,false,none,0.00000000,false,0.0000,0.0000,false,1,0.0000,false,-1,0.00000000,0.0000,off,false,not_evaluated,none,0.0000,0.0000,none,false,false,false,0.0000,none,false,none,0.0000,false,none,2.0387,1.6592,1.2288,0.0000,true,strong_exhaustion,0.0000,none,none,false,false,none,0.0000,0.0000,0.0000,0.0000,none,false,false,0.0000,0.0000,false,false,-1,none,none,false,0.000,0.000,180.97100000,180.94500000,180.94500000,recent_rejection_zone,0.00300000,0.0484,neckline_level,180.97100000,0.2494,false,false,true,false,not_blocked,2,0,2,m5_failure_exit,off,none,0.00000000,0.0000,1.30,180.86800000,3.400,-0.300,0.200,PERIOD_M15,180.74400000,180.51500000,1.8908,outside,0.000,true,180.94800000,181.01000000,0.06200000,180.86800000,1.290,0.09221429,30.00,30-60,true,false,none,not_consumed,3.500,3.500,none,0.0000,false,opposite_break_first,true,opposite_break_first,spread_too_high
2025.11.28 16:50:00,blocked,session_reversal_pullback_one_symbol_first120,EURJPY,SHORT,2025.11.28 16:45:00,16,13,22,london_newyork_overlap,2025.11.28 13:00,45,first_120min,true,true,3,EURJPY,highest_score_in_session_bar,london_newyork_overlap=USDJPY|EURJPY|GBPJPY|AUDJPY|EURUSD|GBPUSD,existing_first120_gate,london_newyork_overlap,true,false,true,passed_first_window,sweep_high_reclaim,sweep_reclaim_retest,180.97100000,PERIOD_M5,PERIOD_H1,PERIOD_M15,PERIOD_M5,PERIOD_M5,false,htf_soft_alignment,current_post_filter,transcript_post_filter,dow_range_or_transition,ordered_dow_wave3_break_above_swing_high,dow_range_or_transition,ordered_dow_wave3_break_above_swing_high,false,false,true,SHORT,PERIOD_M5,sweep_high_reclaim,sweep_high_reclaim,3.400,none,0.000,sweep_high_reclaim,3.400,none,0.000,SHORT,false,PERIOD_H1_NONE_dow_range_or_transition|PERIOD_M15_LONG_ordered_dow_wave3_break_above_swing_high,true,h1_counter_m15_reversal,true,top_NONE_dow_range_or_transition|structure_LONG_ordered_dow_wave3_break_above_swing_high|structure_break_recent_confirmed_swing_break_failed|primary_break_recent_confirmed_swing_break_failed,none,below_75sma_flat_or_rising,below_75sma_falling,above_75sma_flat_or_falling,-1,0.00000000,-1,0.00000000,false,off,NONE,NONE,0.00000000,0.00000000,0.0000,none,0.000,true,SHORT,return_low_break_or_bos_down,180.82200000,2,181.05100000,180.51500000,false,off,independent,false,,,false,0.0000,none,0.0000,0.0000,none,0.0000,0.0000,0.0000,none,0.0000,0,0,0.0000,none,none,none,none,0.0000,0,0.0000,none,false,true,not_evaluated,true,required_light_or_anchor_flip,bias_flip_up,180.82200000,2025.11.28 05:45:00,180.74400000,2025.11.28 14:00:00,2025.11.28 15:00:00,true,LONG,180.74400000,180.83200000,0.6624,1,true,2025.11.28 16:15:00,1,LONG,180.74400000,180.83200000,0.6624,1.0989,strong,2025.11.28 16:30:00,first_after_anchor,true,LONG,1,0,1,true,false,fresh_0_4,false,true,false,true,none,true,required,false,PERIOD_M5,,,-1,0.0000,false,0.00000000,0.0000,false,0.0000,false,none,none,false,no_anchor_flip_in_entry_direction,true,required_first_signal_only,SHORT,unknown,0.00000000,,0.00000000,,false,,-1,false,NONE,0.00000000,,0.00000000,0.0000,0.0000,none,-1,false,false,false,no_anchor_flip_in_entry_direction,,,,false,false,false,-1,-1,-1,-1,-1,false,false,false,0.0000,range_n,true,181.25900000,180.51500000,5.6000,true,1.0989,0.3394,1,strong,true,0.8078,too_deep,0.000,diagnostic_only,diagnostic_only,diagnostic_only,fib_pullback,24,0.250,true,none,0.400,medium_quality,false,false,diagnostic_only,both,true,none,true,diagnostic_adjacent_detected,required_light,false,false,LONG,4,false,false,0,2025.11.28 14:10:00,2025.11.28 15:05:00,20,2.4833,0.00000000,180.51500000,180.51500000,false,false,none,0.00000000,false,0.0000,0.0000,false,1,0.0000,false,-1,0.00000000,0.0000,off,false,not_evaluated,none,0.0000,0.0000,none,false,false,false,0.0000,none,false,none,0.0000,false,none,2.0387,1.6592,1.2288,0.0000,true,strong_exhaustion,0.0000,none,none,false,false,none,0.0000,0.0000,0.0000,0.0000,none,false,false,0.0000,0.0000,false,false,-1,none,none,false,0.000,0.000,180.97100000,180.94500000,180.94500000,recent_rejection_zone,0.00300000,0.0484,neckline_level,180.97100000,0.2494,false,false,true,false,not_blocked,2,0,2,m5_failure_exit,off,none,0.00000000,0.0000,1.30,180.86800000,3.400,-0.300,0.200,PERIOD_M15,180.74400000,180.51500000,1.8908,outside,0.000,true,180.94800000,181.01000000,0.06200000,180.86800000,1.290,0.09221429,30.00,30-60,true,false,none,blocked_spread_too_high,3.500,3.500,none,0.0000,false,opposite_break_first,true,opposite_break_first,spread_too_high
2025.12.01 11:05:00,signal,session_reversal_pullback_one_symbol_first120,GBPUSD,SHORT,2025.12.01 11:00:00,11,8,17,london,2025.12.01 07:00,60,first_120min,false,true,3,GBPUSD,highest_score_in_session_bar,london=USDJPY|EURJPY|GBPJPY|AUDJPY|EURUSD|GBPUSD,existing_first120_gate,london,true,false,true,passed_first_window,double_top,neckline_break_retest,1.32172000,PERIOD_M5,PERIOD_H1,PERIOD_M15,PERIOD_M5,PERIOD_M5,false,htf_soft_alignment,current_post_filter,transcript_post_filter,dow_range_or_transition,no_ordered_dow_wave3_break,dow_range_or_transition,no_ordered_dow_wave3_break,false,false,true,SHORT,PERIOD_M5,double_top,double_top,4.200,none,0.000,double_top,4.200,none,0.000,SHORT,false,PERIOD_H1_NONE_dow_range_or_transition|PERIOD_M15_NONE_no_ordered_dow_wave3_break,true,h1_counter_m15_reversal,true,top_NONE_dow_range_or_transition|structure_NONE_no_ordered_dow_wave3_break|structure_break_recent_confirmed_swing_break_retest|primary_break_recent_confirmed_swing_break_failed,none,below_75sma_flat_or_rising,below_75sma_falling,below_75sma_falling,1,1.32098000,-1,0.00000000,false,off,NONE,NONE,0.00000000,0.00000000,0.0000,none,0.000,true,SHORT,return_low_break_or_bos_down,1.32098000,1,1.32357000,1.32098000,false,off,independent,false,,,false,0.0000,none,0.0000,0.0000,none,0.0000,0.0000,0.0000,none,0.0000,0,0,0.0000,none,none,none,none,0.0000,0,0.0000,none,false,true,not_evaluated,true,required_light_or_anchor_flip,bias_flip_down,1.32098000,2025.12.01 08:45:00,1.32329000,2025.12.01 06:30:00,2025.12.01 09:45:00,true,SHORT,1.32098000,1.32079000,0.1823,1,true,2025.12.01 10:30:00,1,SHORT,1.32098000,1.32079000,0.1823,0.8540,normal,2025.12.01 10:30:00,first_after_anchor,true,SHORT,1,1,1,true,false,fresh_0_4,true,false,false,true,none,true,required,true,PERIOD_M5,2025.12.01 10:35:00,2025.12.01 10:35:00,6,0.1903,true,1.32098000,0.1903,false,0.0000,true,m5_bearish_close_after_anchor_retest,retest_reconfirm,true,none,true,required_first_signal_only,SHORT,unknown,0.00000000,,0.00000000,,false,,-1,false,NONE,0.00000000,,0.00000000,0.0000,0.0000,none,-1,false,false,false,insufficient_confirmed_m5_pivots,GBPUSD|SHORT|1764585000|1.32098,,,false,false,false,-1,-1,-1,-1,-1,false,false,false,0.0000,range_n,true,1.32460000,1.32098000,3.4736,true,0.8540,0.2705,0,normal,true,0.3710,shallow_236_382,0.080,diagnostic_only,diagnostic_only,diagnostic_only,shallow_pullback,4,0.320,true,none,0.470,high_quality,false,false,diagnostic_only,both,true,none,true,diagnostic_adjacent_detected,required_light,false,false,LONG,7,false,false,0,2025.12.01 09:45:00,2025.12.01 10:35:00,5,4.2136,0.00000000,1.32047000,1.32047000,false,false,none,0.00000000,false,0.0000,0.0000,false,1,0.0000,false,-1,0.00000000,0.0000,off,false,not_evaluated,none,0.0000,0.0000,none,false,false,false,0.0000,none,false,none,0.0000,false,none,3.2485,3.2893,0.9876,0.0000,true,strong_exhaustion,0.0000,none,none,false,false,none,0.0000,0.0000,0.0000,0.0000,none,false,false,0.0000,0.0000,false,false,-1,none,none,false,0.000,0.000,1.32172000,1.32155000,1.32155000,top_context_confirmed_swing_low,0.00007000,0.0574,neckline_level,1.32172000,0.1359,false,true,true,false,not_blocked,10,7,3,m5_failure_exit,off,none,0.00000000,0.0000,1.30,1.32003000,4.200,-0.300,0.200,PERIOD_M15,1.32357000,1.32098000,0.2471,outside,0.000,true,1.32162000,1.32284000,0.00122000,1.32003000,1.303,0.00073571,20.00,60-90,true,false,none,not_consumed,4.650,4.650,none,0.0000,false,opposite_break_first,true,opposite_break_first,spread_too_high
2025.12.01 11:05:00,blocked,session_reversal_pullback_one_symbol_first120,GBPUSD,SHORT,2025.12.01 11:00:00,11,8,17,london,2025.12.01 07:00,60,first_120min,false,true,3,GBPUSD,highest_score_in_session_bar,london=USDJPY|EURJPY|GBPJPY|AUDJPY|EURUSD|GBPUSD,existing_first120_gate,london,true,false,true,passed_first_window,double_top,neckline_break_retest,1.32172000,PERIOD_M5,PERIOD_H1,PERIOD_M15,PERIOD_M5,PERIOD_M5,false,htf_soft_alignment,current_post_filter,transcript_post_filter,dow_range_or_transition,no_ordered_dow_wave3_break,dow_range_or_transition,no_ordered_dow_wave3_break,false,false,true,SHORT,PERIOD_M5,double_top,double_top,4.200,none,0.000,double_top,4.200,none,0.000,SHORT,false,PERIOD_H1_NONE_dow_range_or_transition|PERIOD_M15_NONE_no_ordered_dow_wave3_break,true,h1_counter_m15_reversal,true,top_NONE_dow_range_or_transition|structure_NONE_no_ordered_dow_wave3_break|structure_break_recent_confirmed_swing_break_retest|primary_break_recent_confirmed_swing_break_failed,none,below_75sma_flat_or_rising,below_75sma_falling,below_75sma_falling,1,1.32098000,-1,0.00000000,false,off,NONE,NONE,0.00000000,0.00000000,0.0000,none,0.000,true,SHORT,return_low_break_or_bos_down,1.32098000,1,1.32357000,1.32098000,false,off,independent,false,,,false,0.0000,none,0.0000,0.0000,none,0.0000,0.0000,0.0000,none,0.0000,0,0,0.0000,none,none,none,none,0.0000,0,0.0000,none,false,true,not_evaluated,true,required_light_or_anchor_flip,bias_flip_down,1.32098000,2025.12.01 08:45:00,1.32329000,2025.12.01 06:30:00,2025.12.01 09:45:00,true,SHORT,1.32098000,1.32079000,0.1823,1,true,2025.12.01 10:30:00,1,SHORT,1.32098000,1.32079000,0.1823,0.8540,normal,2025.12.01 10:30:00,first_after_anchor,true,SHORT,1,1,1,true,false,fresh_0_4,true,false,false,true,none,true,required,true,PERIOD_M5,2025.12.01 10:35:00,2025.12.01 10:35:00,6,0.1903,true,1.32098000,0.1903,false,0.0000,true,m5_bearish_close_after_anchor_retest,retest_reconfirm,true,none,true,required_first_signal_only,SHORT,unknown,0.00000000,,0.00000000,,false,,-1,false,NONE,0.00000000,,0.00000000,0.0000,0.0000,none,-1,false,false,false,insufficient_confirmed_m5_pivots,GBPUSD|SHORT|1764585000|1.32098,,,false,false,false,-1,-1,-1,-1,-1,false,false,false,0.0000,range_n,true,1.32460000,1.32098000,3.4736,true,0.8540,0.2705,0,normal,true,0.3710,shallow_236_382,0.080,diagnostic_only,diagnostic_only,diagnostic_only,shallow_pullback,4,0.320,true,none,0.470,high_quality,false,false,diagnostic_only,both,true,none,true,diagnostic_adjacent_detected,required_light,false,false,LONG,7,false,false,0,2025.12.01 09:45:00,2025.12.01 10:35:00,5,4.2136,0.00000000,1.32047000,1.32047000,false,false,none,0.00000000,false,0.0000,0.0000,false,1,0.0000,false,-1,0.00000000,0.0000,off,false,not_evaluated,none,0.0000,0.0000,none,false,false,false,0.0000,none,false,none,0.0000,false,none,3.2485,3.2893,0.9876,0.0000,true,strong_exhaustion,0.0000,none,none,false,false,none,0.0000,0.0000,0.0000,0.0000,none,false,false,0.0000,0.0000,false,false,-1,none,none,false,0.000,0.000,1.32172000,1.32155000,1.32155000,top_context_confirmed_swing_low,0.00007000,0.0574,neckline_level,1.32172000,0.1359,false,true,true,false,not_blocked,10,7,3,m5_failure_exit,off,none,0.00000000,0.0000,1.30,1.32003000,4.200,-0.300,0.200,PERIOD_M15,1.32357000,1.32098000,0.2471,outside,0.000,true,1.32162000,1.32284000,0.00122000,1.32003000,1.303,0.00073571,20.00,60-90,true,false,none,blocked_spread_too_high,4.650,4.650,none,0.0000,false,opposite_break_first,true,opposite_break_first,spread_too_high
2025.12.01 17:30:00,signal,session_reversal_pullback_one_symbol_first120,AUDJPY,LONG,2025.12.01 17:25:00,17,14,23,london_newyork_overlap,2025.12.01 13:00,85,first_120min,false,true,3,AUDJPY,highest_score_in_session_bar,london_newyork_overlap=USDJPY|EURJPY|GBPJPY|AUDJPY|EURUSD|GBPUSD,existing_first120_gate,london_newyork_overlap,true,false,true,passed_first_window,inverse_head_and_shoulders,neckline_break_retest,101.65100000,PERIOD_M5,PERIOD_H1,PERIOD_M15,PERIOD_M5,PERIOD_M5,false,htf_soft_alignment,current_post_filter,transcript_post_filter,dow_trend_down_ll_lh,structure_trend_bias_dow_trend_down_ll_lh,dow_trend_down_ll_lh,structure_trend_bias_dow_trend_down_ll_lh,false,true,false,LONG,PERIOD_M5,inverse_head_and_shoulders,inverse_head_and_shoulders,4.500,none,0.000,inverse_head_and_shoulders,4.500,none,0.000,LONG,false,PERIOD_H1_SHORT_dow_trend_down_ll_lh|PERIOD_M15_SHORT_structure_trend_bias_dow_trend_down_ll_lh,true,h1_counter_m15_reversal,true,top_SHORT_dow_trend_down_ll_lh|structure_SHORT_structure_trend_bias_dow_trend_down_ll_lh|structure_break_recent_confirmed_swing_break_failed|primary_break_recent_confirmed_swing_break_retest,none,below_75sma_flat_or_rising,below_75sma_falling,above_75sma_flat_or_falling,-1,0.00000000,0,101.65100000,false,off,NONE,NONE,0.00000000,0.00000000,0.0000,none,0.000,true,LONG,return_high_break_or_bos_up,101.72000000,1,101.72000000,101.49800000,false,off,independent,false,,,false,0.0000,none,0.0000,0.0000,none,0.0000,0.0000,0.0000,none,0.0000,0,0,0.0000,none,none,none,none,0.0000,0,0.0000,none,false,true,not_evaluated,true,required_light_or_anchor_flip,long_bias,101.49800000,2025.12.01 15:30:00,101.62200000,2025.12.01 15:00:00,2025.12.01 16:00:00,false,NONE,0.00000000,0.00000000,0.0000,-1,false,,-1,NONE,0.00000000,0.00000000,0.0000,0.0000,none,,none,false,NONE,-1,-1,-1,false,false,none,true,false,false,true,none,true,required,false,PERIOD_M5,,,-1,0.0000,false,0.00000000,0.0000,false,0.0000,false,none,none,false,no_anchor_flip_in_entry_direction,true,required_first_signal_only,LONG,unknown,0.00000000,,0.00000000,,false,,-1,false,NONE,0.00000000,,0.00000000,0.0000,0.0000,none,-1,false,false,false,no_anchor_flip_in_entry_direction,,,,false,false,false,-1,-1,-1,-1,-1,false,false,false,0.0000,rising_n,false,101.72000000,101.49800000,2.2153,false,0.0000,0.0000,0,none,true,0.3636,shallow_236_382,0.080,diagnostic_only,diagnostic_only,diagnostic_only,shallow_pullback,7,0.320,true,none,0.470,high_quality,false,false,diagnostic_only,both,true,none,true,diagnostic_adjacent_detected,required_light,false,false,SHORT,5,false,false,0,2025.12.01 15:10:00,2025.12.01 16:40:00,9,2.4094,101.65100000,0.00000000,101.65100000,true,true,m5_lh_close_break_up,101.65100000,true,0.1260,0.9449,true,1,0.0000,true,7,101.65100000,0.0315,off,false,not_evaluated,none,1.0000,0.0000,strong,true,false,false,0.0000,held_clean,true,favorable_side,0.2558,true,clean_retest,2.1575,1.9528,1.1048,0.0000,true,strong_exhaustion,0.0000,none,none,false,false,none,0.0000,0.0000,0.0000,0.0000,none,false,false,0.0000,0.0000,false,false,-1,none,none,false,0.000,0.000,101.71233333,101.65100000,101.71233333,recent_equal_lows,0.02533333,0.1554,opening_range_high|neckline_level,101.65100000,0.5669,false,true,true,false,not_blocked,9,5,4,m5_failure_exit,off,none,0.00000000,0.0000,1.30,101.89900000,4.500,-0.300,0.200,PERIOD_M15,101.72000000,101.49800000,0.1486,outside,0.000,true,101.68700000,101.52400000,0.16300000,101.89900000,1.301,0.06350000,28.00,60-90,true,false,none,not_consumed,4.800,4.800,none,0.0000,false,neckline_retest_failed,false,not_invalidated,spread_too_high
2025.12.01 17:30:00,blocked,session_reversal_pullback_one_symbol_first120,AUDJPY,LONG,2025.12.01 17:25:00,17,14,23,london_newyork_overlap,2025.12.01 13:00,85,first_120min,false,true,3,AUDJPY,highest_score_in_session_bar,london_newyork_overlap=USDJPY|EURJPY|GBPJPY|AUDJPY|EURUSD|GBPUSD,existing_first120_gate,london_newyork_overlap,true,false,true,passed_first_window,inverse_head_and_shoulders,neckline_break_retest,101.65100000,PERIOD_M5,PERIOD_H1,PERIOD_M15,PERIOD_M5,PERIOD_M5,false,htf_soft_alignment,current_post_filter,transcript_post_filter,dow_trend_down_ll_lh,structure_trend_bias_dow_trend_down_ll_lh,dow_trend_down_ll_lh,structure_trend_bias_dow_trend_down_ll_lh,false,true,false,LONG,PERIOD_M5,inverse_head_and_shoulders,inverse_head_and_shoulders,4.500,none,0.000,inverse_head_and_shoulders,4.500,none,0.000,LONG,false,PERIOD_H1_SHORT_dow_trend_down_ll_lh|PERIOD_M15_SHORT_structure_trend_bias_dow_trend_down_ll_lh,true,h1_counter_m15_reversal,true,top_SHORT_dow_trend_down_ll_lh|structure_SHORT_structure_trend_bias_dow_trend_down_ll_lh|structure_break_recent_confirmed_swing_break_failed|primary_break_recent_confirmed_swing_break_retest,none,below_75sma_flat_or_rising,below_75sma_falling,above_75sma_flat_or_falling,-1,0.00000000,0,101.65100000,false,off,NONE,NONE,0.00000000,0.00000000,0.0000,none,0.000,true,LONG,return_high_break_or_bos_up,101.72000000,1,101.72000000,101.49800000,false,off,independent,false,,,false,0.0000,none,0.0000,0.0000,none,0.0000,0.0000,0.0000,none,0.0000,0,0,0.0000,none,none,none,none,0.0000,0,0.0000,none,false,true,not_evaluated,true,required_light_or_anchor_flip,long_bias,101.49800000,2025.12.01 15:30:00,101.62200000,2025.12.01 15:00:00,2025.12.01 16:00:00,false,NONE,0.00000000,0.00000000,0.0000,-1,false,,-1,NONE,0.00000000,0.00000000,0.0000,0.0000,none,,none,false,NONE,-1,-1,-1,false,false,none,true,false,false,true,none,true,required,false,PERIOD_M5,,,-1,0.0000,false,0.00000000,0.0000,false,0.0000,false,none,none,false,no_anchor_flip_in_entry_direction,true,required_first_signal_only,LONG,unknown,0.00000000,,0.00000000,,false,,-1,false,NONE,0.00000000,,0.00000000,0.0000,0.0000,none,-1,false,false,false,no_anchor_flip_in_entry_direction,,,,false,false,false,-1,-1,-1,-1,-1,false,false,false,0.0000,rising_n,false,101.72000000,101.49800000,2.2153,false,0.0000,0.0000,0,none,true,0.3636,shallow_236_382,0.080,diagnostic_only,diagnostic_only,diagnostic_only,shallow_pullback,7,0.320,true,none,0.470,high_quality,false,false,diagnostic_only,both,true,none,true,diagnostic_adjacent_detected,required_light,false,false,SHORT,5,false,false,0,2025.12.01 15:10:00,2025.12.01 16:40:00,9,2.4094,101.65100000,0.00000000,101.65100000,true,true,m5_lh_close_break_up,101.65100000,true,0.1260,0.9449,true,1,0.0000,true,7,101.65100000,0.0315,off,false,not_evaluated,none,1.0000,0.0000,strong,true,false,false,0.0000,held_clean,true,favorable_side,0.2558,true,clean_retest,2.1575,1.9528,1.1048,0.0000,true,strong_exhaustion,0.0000,none,none,false,false,none,0.0000,0.0000,0.0000,0.0000,none,false,false,0.0000,0.0000,false,false,-1,none,none,false,0.000,0.000,101.71233333,101.65100000,101.71233333,recent_equal_lows,0.02533333,0.1554,opening_range_high|neckline_level,101.65100000,0.5669,false,true,true,false,not_blocked,9,5,4,m5_failure_exit,off,none,0.00000000,0.0000,1.30,101.89900000,4.500,-0.300,0.200,PERIOD_M15,101.72000000,101.49800000,0.1486,outside,0.000,true,101.68700000,101.52400000,0.16300000,101.89900000,1.301,0.06350000,28.00,60-90,true,false,none,blocked_spread_too_high,4.800,4.800,none,0.0000,false,neckline_retest_failed,false,not_invalidated,spread_too_high
2025.12.02 11:25:00,signal,session_reversal_pullback_one_symbol_first120,EURUSD,SHORT,2025.12.02 11:20:00,11,8,17,london,2025.12.02 07:00,80,first_120min,false,true,3,EURUSD,highest_score_in_session_bar,london=USDJPY|EURJPY|GBPJPY|AUDJPY|EURUSD|GBPUSD,existing_first120_gate,london,false,false,true,passed_first_window,double_top,neckline_break_retest,1.16107000,PERIOD_M5,PERIOD_H1,PERIOD_M15,PERIOD_M5,PERIOD_M5,false,htf_soft_alignment,current_post_filter,transcript_post_filter,dow_trend_up_hh_hl,structure_trend_bias_dow_trend_up_hh_hl,dow_trend_up_hh_hl,structure_trend_bias_dow_trend_up_hh_hl,false,false,true,SHORT,PERIOD_M5,double_top,double_top,4.200,none,0.000,double_top,4.200,none,0.000,SHORT,false,PERIOD_H1_LONG_dow_trend_up_hh_hl|PERIOD_M15_LONG_structure_trend_bias_dow_trend_up_hh_hl,true,h1_counter_m15_reversal,true,top_LONG_dow_trend_up_hh_hl|structure_LONG_structure_trend_bias_dow_trend_up_hh_hl|structure_break_recent_confirmed_swing_break_failed|primary_break_recent_confirmed_swing_break_retest,none,above_75sma_rising,below_75sma_falling,below_75sma_flat_or_rising,-1,0.00000000,0,1.16082000,false,off,NONE,NONE,0.00000000,0.00000000,0.0000,none,0.000,true,SHORT,return_low_break_or_bos_down,1.16057000,11,1.16155000,1.16042000,false,off,independent,false,,,false,0.0000,none,0.0000,0.0000,none,0.0000,0.0000,0.0000,none,0.0000,0,0,0.0000,none,none,none,none,0.0000,0,0.0000,none,false,true,not_evaluated,true,required_light_or_anchor_flip,long_bias,1.16042000,2025.12.02 08:15:00,1.16104000,2025.12.02 07:45:00,2025.12.02 09:15:00,false,NONE,0.00000000,0.00000000,0.0000,-1,false,,-1,NONE,0.00000000,0.00000000,0.0000,0.0000,none,,none,false,NONE,-1,-1,-1,false,false,none,false,true,false,true,none,true,required,false,PERIOD_M5,,,-1,0.0000,false,0.00000000,0.0000,false,0.0000,false,none,none,false,no_anchor_flip_in_entry_direction,true,required_first_signal_only,SHORT,unknown,0.00000000,,0.00000000,,false,,-1,false,NONE,0.00000000,,0.00000000,0.0000,0.0000,none,-1,false,false,false,no_anchor_flip_in_entry_direction,,,,false,false,false,-1,-1,-1,-1,-1,false,false,false,0.0000,rising_n,false,1.16155000,1.16042000,2.5977,false,0.0000,0.0000,0,none,true,0.3097,shallow_236_382,0.080,diagnostic_only,diagnostic_only,diagnostic_only,fib_pullback,7,0.370,true,none,0.520,high_quality,false,false,diagnostic_only,both,true,none,true,diagnostic_adjacent_detected,required_light,false,false,LONG,4,false,false,0,2025.12.02 09:20:00,2025.12.02 10:55:00,5,2.3333,0.00000000,1.16082000,1.16082000,true,true,m5_hl_close_break_down,1.16082000,true,0.1598,0.7032,true,1,0.0000,false,0,1.16082000,0.5434,off,false,not_evaluated,none,0.2200,0.1900,normal,false,false,false,0.0000,no_following_closed_bar,false,none,0.0000,false,no_retest,2.0776,2.1735,0.9559,0.0000,true,strong_exhaustion,0.0000,none,none,false,false,none,0.0000,0.0000,0.0000,0.0000,none,false,false,0.0000,0.0000,false,false,-1,none,none,false,0.000,0.000,1.16080000,1.16058000,1.16058000,session_low,0.00019000,0.2794,opening_range_low|neckline_level,1.16086000,0.2877,false,true,true,false,not_blocked,5,3,2,m5_failure_exit,off,none,0.00000000,0.0000,1.30,1.15989000,4.200,-0.300,0.200,PERIOD_M15,1.16155000,1.16042000,0.3097,outside,0.000,true,1.16077000,1.16145000,0.00068000,1.15989000,1.294,0.00031286,18.00,60-90,true,false,none,not_consumed,4.500,4.500,none,0.0000,false,opposite_break_first,true,opposite_break_first,spread_too_high
2025.12.02 11:25:00,blocked,session_reversal_pullback_one_symbol_first120,EURUSD,SHORT,2025.12.02 11:20:00,11,8,17,london,2025.12.02 07:00,80,first_120min,false,true,3,EURUSD,highest_score_in_session_bar,london=USDJPY|EURJPY|GBPJPY|AUDJPY|EURUSD|GBPUSD,existing_first120_gate,london,false,false,true,passed_first_window,double_top,neckline_break_retest,1.16107000,PERIOD_M5,PERIOD_H1,PERIOD_M15,PERIOD_M5,PERIOD_M5,false,htf_soft_alignment,current_post_filter,transcript_post_filter,dow_trend_up_hh_hl,structure_trend_bias_dow_trend_up_hh_hl,dow_trend_up_hh_hl,structure_trend_bias_dow_trend_up_hh_hl,false,false,true,SHORT,PERIOD_M5,double_top,double_top,4.200,none,0.000,double_top,4.200,none,0.000,SHORT,false,PERIOD_H1_LONG_dow_trend_up_hh_hl|PERIOD_M15_LONG_structure_trend_bias_dow_trend_up_hh_hl,true,h1_counter_m15_reversal,true,top_LONG_dow_trend_up_hh_hl|structure_LONG_structure_trend_bias_dow_trend_up_hh_hl|structure_break_recent_confirmed_swing_break_failed|primary_break_recent_confirmed_swing_break_retest,none,above_75sma_rising,below_75sma_falling,below_75sma_flat_or_rising,-1,0.00000000,0,1.16082000,false,off,NONE,NONE,0.00000000,0.00000000,0.0000,none,0.000,true,SHORT,return_low_break_or_bos_down,1.16057000,11,1.16155000,1.16042000,false,off,independent,false,,,false,0.0000,none,0.0000,0.0000,none,0.0000,0.0000,0.0000,none,0.0000,0,0,0.0000,none,none,none,none,0.0000,0,0.0000,none,false,true,not_evaluated,true,required_light_or_anchor_flip,long_bias,1.16042000,2025.12.02 08:15:00,1.16104000,2025.12.02 07:45:00,2025.12.02 09:15:00,false,NONE,0.00000000,0.00000000,0.0000,-1,false,,-1,NONE,0.00000000,0.00000000,0.0000,0.0000,none,,none,false,NONE,-1,-1,-1,false,false,none,false,true,false,true,none,true,required,false,PERIOD_M5,,,-1,0.0000,false,0.00000000,0.0000,false,0.0000,false,none,none,false,no_anchor_flip_in_entry_direction,true,required_first_signal_only,SHORT,unknown,0.00000000,,0.00000000,,false,,-1,false,NONE,0.00000000,,0.00000000,0.0000,0.0000,none,-1,false,false,false,no_anchor_flip_in_entry_direction,,,,false,false,false,-1,-1,-1,-1,-1,false,false,false,0.0000,rising_n,false,1.16155000,1.16042000,2.5977,false,0.0000,0.0000,0,none,true,0.3097,shallow_236_382,0.080,diagnostic_only,diagnostic_only,diagnostic_only,fib_pullback,7,0.370,true,none,0.520,high_quality,false,false,diagnostic_only,both,true,none,true,diagnostic_adjacent_detected,required_light,false,false,LONG,4,false,false,0,2025.12.02 09:20:00,2025.12.02 10:55:00,5,2.3333,0.00000000,1.16082000,1.16082000,true,true,m5_hl_close_break_down,1.16082000,true,0.1598,0.7032,true,1,0.0000,false,0,1.16082000,0.5434,off,false,not_evaluated,none,0.2200,0.1900,normal,false,false,false,0.0000,no_following_closed_bar,false,none,0.0000,false,no_retest,2.0776,2.1735,0.9559,0.0000,true,strong_exhaustion,0.0000,none,none,false,false,none,0.0000,0.0000,0.0000,0.0000,none,false,false,0.0000,0.0000,false,false,-1,none,none,false,0.000,0.000,1.16080000,1.16058000,1.16058000,session_low,0.00019000,0.2794,opening_range_low|neckline_level,1.16086000,0.2877,false,true,true,false,not_blocked,5,3,2,m5_failure_exit,off,none,0.00000000,0.0000,1.30,1.15989000,4.200,-0.300,0.200,PERIOD_M15,1.16155000,1.16042000,0.3097,outside,0.000,true,1.16077000,1.16145000,0.00068000,1.15989000,1.294,0.00031286,18.00,60-90,true,false,none,blocked_spread_too_high,4.500,4.500,none,0.0000,false,opposite_break_first,true,opposite_break_first,spread_too_high
2025.12.02 16:05:00,signal,session_reversal_pullback_one_symbol_first120,GBPUSD,LONG,2025.12.02 16:00:00,16,13,22,london_newyork_overlap,2025.12.02 13:00,0,first_120min,true,true,3,GBPUSD,highest_score_in_session_bar,london_newyork_overlap=USDJPY|EURJPY|GBPJPY|AUDJPY|EURUSD|GBPUSD,existing_first120_gate,london_newyork_overlap,false,false,true,passed_first_window,double_bottom,neckline_break_retest,1.32027000,PERIOD_M5,PERIOD_H1,PERIOD_M15,PERIOD_M5,PERIOD_M5,false,htf_soft_alignment,current_post_filter,transcript_post_filter,dow_trend_down_ll_lh,structure_trend_bias_dow_trend_down_ll_lh,dow_trend_down_ll_lh,structure_trend_bias_dow_trend_down_ll_lh,false,true,false,LONG,PERIOD_M5,double_bottom,double_bottom,4.200,none,0.000,double_bottom,4.200,none,0.000,LONG,false,PERIOD_H1_SHORT_dow_trend_down_ll_lh|PERIOD_M15_SHORT_structure_trend_bias_dow_trend_down_ll_lh,true,h1_counter_m15_reversal,true,top_SHORT_dow_trend_down_ll_lh|structure_SHORT_structure_trend_bias_dow_trend_down_ll_lh|structure_break_recent_confirmed_swing_break_failed|primary_break_recent_confirmed_swing_break_continuation,none,below_75sma_falling,below_75sma_falling,above_75sma_flat_or_falling,-1,0.00000000,0,1.32010000,false,off,NONE,NONE,0.00000000,0.00000000,0.0000,none,0.000,true,LONG,return_high_break_or_bos_up,1.32120000,18,1.32200000,1.31799000,false,off,independent,false,,,false,0.0000,none,0.0000,0.0000,none,0.0000,0.0000,0.0000,none,0.0000,0,0,0.0000,none,none,none,none,0.0000,0,0.0000,none,false,true,not_evaluated,true,required_light_or_anchor_flip,short_bias,1.32071000,2025.12.02 10:00:00,1.32200000,2025.12.02 11:15:00,2025.12.02 12:15:00,false,NONE,0.00000000,0.00000000,0.0000,-1,false,,-1,NONE,0.00000000,0.00000000,0.0000,0.0000,none,,none,false,NONE,-1,-1,-1,false,false,none,false,true,false,true,none,true,required,false,PERIOD_M5,,,-1,0.0000,false,0.00000000,0.0000,false,0.0000,false,none,none,false,no_anchor_flip_in_entry_direction,true,required_first_signal_only,LONG,unknown,0.00000000,,0.00000000,,false,,-1,false,NONE,0.00000000,,0.00000000,0.0000,0.0000,none,-1,false,false,false,no_anchor_flip_in_entry_direction,,,,false,false,false,-1,-1,-1,-1,-1,false,false,false,0.0000,falling_n,false,1.32200000,1.31799000,5.4452,false,0.0000,0.0000,0,none,true,0.3042,shallow_236_382,0.080,diagnostic_only,diagnostic_only,diagnostic_only,deep_pullback,24,0.280,true,none,0.430,high_quality,false,false,diagnostic_only,both,true,none,true,diagnostic_adjacent_detected,required_light,false,false,SHORT,4,false,false,0,2025.12.02 13:30:00,2025.12.02 15:05:00,11,3.5285,1.32092000,0.00000000,1.32092000,false,false,none,0.00000000,false,0.0000,0.0000,false,1,0.0000,false,-1,0.00000000,0.0000,off,false,not_evaluated,none,0.0000,0.0000,none,false,false,false,0.0000,none,false,none,0.0000,false,none,1.8211,1.6618,1.0959,0.0000,true,strong_exhaustion,0.0000,none,none,false,false,none,0.0000,0.0000,0.0000,0.0000,none,false,false,0.0000,0.0000,false,false,-1,none,none,false,0.000,0.000,1.32085000,1.32072000,1.32085000,pre_session_high,0.00007000,0.0593,session_high|opening_range_high|neckline_level,1.32072000,0.1366,false,true,true,false,not_blocked,5,3,2,m5_failure_exit,off,none,0.00000000,0.0000,1.30,1.32231000,4.200,-0.300,0.200,PERIOD_M15,1.32092000,1.31799000,0.0478,outside,0.000,true,1.32078000,1.31960000,0.00118000,1.32231000,1.297,0.00043929,20.00,0-30,true,false,none,not_consumed,4.500,4.500,none,0.0000,false,neckline_retest_failed,false,not_invalidated,spread_too_high
2025.12.02 16:05:00,blocked,session_reversal_pullback_one_symbol_first120,GBPUSD,LONG,2025.12.02 16:00:00,16,13,22,london_newyork_overlap,2025.12.02 13:00,0,first_120min,true,true,3,GBPUSD,highest_score_in_session_bar,london_newyork_overlap=USDJPY|EURJPY|GBPJPY|AUDJPY|EURUSD|GBPUSD,existing_first120_gate,london_newyork_overlap,false,false,true,passed_first_window,double_bottom,neckline_break_retest,1.32027000,PERIOD_M5,PERIOD_H1,PERIOD_M15,PERIOD_M5,PERIOD_M5,false,htf_soft_alignment,current_post_filter,transcript_post_filter,dow_trend_down_ll_lh,structure_trend_bias_dow_trend_down_ll_lh,dow_trend_down_ll_lh,structure_trend_bias_dow_trend_down_ll_lh,false,true,false,LONG,PERIOD_M5,double_bottom,double_bottom,4.200,none,0.000,double_bottom,4.200,none,0.000,LONG,false,PERIOD_H1_SHORT_dow_trend_down_ll_lh|PERIOD_M15_SHORT_structure_trend_bias_dow_trend_down_ll_lh,true,h1_counter_m15_reversal,true,top_SHORT_dow_trend_down_ll_lh|structure_SHORT_structure_trend_bias_dow_trend_down_ll_lh|structure_break_recent_confirmed_swing_break_failed|primary_break_recent_confirmed_swing_break_continuation,none,below_75sma_falling,below_75sma_falling,above_75sma_flat_or_falling,-1,0.00000000,0,1.32010000,false,off,NONE,NONE,0.00000000,0.00000000,0.0000,none,0.000,true,LONG,return_high_break_or_bos_up,1.32120000,18,1.32200000,1.31799000,false,off,independent,false,,,false,0.0000,none,0.0000,0.0000,none,0.0000,0.0000,0.0000,none,0.0000,0,0,0.0000,none,none,none,none,0.0000,0,0.0000,none,false,true,not_evaluated,true,required_light_or_anchor_flip,short_bias,1.32071000,2025.12.02 10:00:00,1.32200000,2025.12.02 11:15:00,2025.12.02 12:15:00,false,NONE,0.00000000,0.00000000,0.0000,-1,false,,-1,NONE,0.00000000,0.00000000,0.0000,0.0000,none,,none,false,NONE,-1,-1,-1,false,false,none,false,true,false,true,none,true,required,false,PERIOD_M5,,,-1,0.0000,false,0.00000000,0.0000,false,0.0000,false,none,none,false,no_anchor_flip_in_entry_direction,true,required_first_signal_only,LONG,unknown,0.00000000,,0.00000000,,false,,-1,false,NONE,0.00000000,,0.00000000,0.0000,0.0000,none,-1,false,false,false,no_anchor_flip_in_entry_direction,,,,false,false,false,-1,-1,-1,-1,-1,false,false,false,0.0000,falling_n,false,1.32200000,1.31799000,5.4452,false,0.0000,0.0000,0,none,true,0.3042,shallow_236_382,0.080,diagnostic_only,diagnostic_only,diagnostic_only,deep_pullback,24,0.280,true,none,0.430,high_quality,false,false,diagnostic_only,both,true,none,true,diagnostic_adjacent_detected,required_light,false,false,SHORT,4,false,false,0,2025.12.02 13:30:00,2025.12.02 15:05:00,11,3.5285,1.32092000,0.00000000,1.32092000,false,false,none,0.00000000,false,0.0000,0.0000,false,1,0.0000,false,-1,0.00000000,0.0000,off,false,not_evaluated,none,0.0000,0.0000,none,false,false,false,0.0000,none,false,none,0.0000,false,none,1.8211,1.6618,1.0959,0.0000,true,strong_exhaustion,0.0000,none,none,false,false,none,0.0000,0.0000,0.0000,0.0000,none,false,false,0.0000,0.0000,false,false,-1,none,none,false,0.000,0.000,1.32085000,1.32072000,1.32085000,pre_session_high,0.00007000,0.0593,session_high|opening_range_high|neckline_level,1.32072000,0.1366,false,true,true,false,not_blocked,5,3,2,m5_failure_exit,off,none,0.00000000,0.0000,1.30,1.32231000,4.200,-0.300,0.200,PERIOD_M15,1.32092000,1.31799000,0.0478,outside,0.000,true,1.32078000,1.31960000,0.00118000,1.32231000,1.297,0.00043929,20.00,0-30,true,false,none,blocked_spread_too_high,4.500,4.500,none,0.0000,false,neckline_retest_failed,false,not_invalidated,spread_too_high
2025.12.02 19:30:00,signal,session_reversal_pullback_one_symbol_first120,EURJPY,LONG,2025.12.02 19:25:00,19,16,1,new_york,2025.12.02 16:00,25,first_120min,true,true,3,EURJPY,highest_score_in_session_bar,new_york=USDJPY|EURJPY|GBPJPY|AUDJPY|EURUSD|GBPUSD,existing_first120_gate,new_york,false,false,true,passed_first_window,double_bottom,neckline_break_retest,180.98400000,PERIOD_M5,PERIOD_H1,PERIOD_M15,PERIOD_M5,PERIOD_M5,false,htf_soft_alignment,current_post_filter,transcript_post_filter,dow_range_or_transition,no_ordered_dow_wave3_break,dow_range_or_transition,no_ordered_dow_wave3_break,false,true,false,LONG,PERIOD_M5,double_bottom,double_bottom,4.200,none,0.000,double_bottom,4.200,none,0.000,LONG,false,PERIOD_H1_NONE_dow_range_or_transition|PERIOD_M15_NONE_no_ordered_dow_wave3_break,true,h1_counter_m15_reversal,true,top_NONE_dow_range_or_transition|structure_NONE_no_ordered_dow_wave3_break|structure_break_recent_confirmed_swing_break_failed|primary_break_recent_confirmed_swing_break_continuation,none,below_75sma_falling,above_75sma_rising,below_75sma_falling,-1,0.00000000,0,180.87500000,false,off,NONE,NONE,0.00000000,0.00000000,0.0000,none,0.000,true,LONG,return_high_break_or_bos_up,181.28200000,13,181.34600000,180.74500000,false,off,independent,false,,,false,0.0000,none,0.0000,0.0000,none,0.0000,0.0000,0.0000,none,0.0000,0,0,0.0000,none,none,none,none,0.0000,0,0.0000,none,false,true,not_evaluated,true,required_light_or_anchor_flip,short_bias,181.16200000,2025.12.02 15:45:00,181.34600000,2025.12.02 16:00:00,2025.12.02 18:15:00,false,NONE,0.00000000,0.00000000,0.0000,-1,false,,-1,NONE,0.00000000,0.00000000,0.0000,0.0000,none,,none,false,NONE,-1,-1,-1,false,false,none,false,true,false,true,none,true,required,false,PERIOD_M5,,,-1,0.0000,false,0.00000000,0.0000,false,0.0000,false,none,none,false,no_anchor_flip_in_entry_direction,true,required_first_signal_only,LONG,unknown,0.00000000,,0.00000000,,false,,-1,false,NONE,0.00000000,,0.00000000,0.0000,0.0000,none,-1,false,false,false,no_anchor_flip_in_entry_direction,,,,false,false,false,-1,-1,-1,-1,-1,false,false,false,0.0000,range_n,true,181.34600000,180.74500000,4.7032,false,0.0000,0.0000,0,none,true,0.5324,preferred_382_618,0.200,diagnostic_only,diagnostic_only,diagnostic_only,deep_pullback,4,0.440,true,none,0.590,high_quality,false,false,diagnostic_only,both,true,none,true,diagnostic_adjacent_detected,required_light,false,false,SHORT,5,false,false,1,2025.12.02 17:10:00,2025.12.02 18:55:00,6,8.2539,180.87500000,0.00000000,180.87500000,true,true,m5_lh_close_break_up,180.87500000,true,0.6477,0.9134,true,1,0.0000,false,4,180.87500000,0.1495,off,false,not_evaluated,none,0.9104,0.0896,very_strong,true,false,false,0.0000,held_clean,true,favorable_side,0.7059,true,strong_retest,1.8766,8.2539,0.2274,0.0000,true,strong_exhaustion,0.0000,none,none,false,false,none,0.0000,0.0000,0.0000,0.0000,none,false,false,0.0000,0.0000,false,false,-1,none,none,false,0.000,0.000,181.03200000,180.98400000,181.15000000,previous_day_high,0.12400000,1.0248,session_high|opening_range_high|neckline_level,181.03200000,0.0996,false,true,false,false,not_blocked,1,1,0,m5_failure_exit,off,none,0.00000000,0.0000,1.30,181.18300000,4.200,0.150,0.200,PERIOD_M15,181.34600000,180.74500000,0.5324,preferred_382_618,0.000,true,181.02600000,180.90500000,0.12100000,181.18300000,1.298,0.06021429,30.00,0-30,true,false,none,not_consumed,4.950,4.950,none,0.0000,false,neckline_retest_failed,false,not_invalidated,spread_too_high
2025.12.02 19:30:00,blocked,session_reversal_pullback_one_symbol_first120,EURJPY,LONG,2025.12.02 19:25:00,19,16,1,new_york,2025.12.02 16:00,25,first_120min,true,true,3,EURJPY,highest_score_in_session_bar,new_york=USDJPY|EURJPY|GBPJPY|AUDJPY|EURUSD|GBPUSD,existing_first120_gate,new_york,false,false,true,passed_first_window,double_bottom,neckline_break_retest,180.98400000,PERIOD_M5,PERIOD_H1,PERIOD_M15,PERIOD_M5,PERIOD_M5,false,htf_soft_alignment,current_post_filter,transcript_post_filter,dow_range_or_transition,no_ordered_dow_wave3_break,dow_range_or_transition,no_ordered_dow_wave3_break,false,true,false,LONG,PERIOD_M5,double_bottom,double_bottom,4.200,none,0.000,double_bottom,4.200,none,0.000,LONG,false,PERIOD_H1_NONE_dow_range_or_transition|PERIOD_M15_NONE_no_ordered_dow_wave3_break,true,h1_counter_m15_reversal,true,top_NONE_dow_range_or_transition|structure_NONE_no_ordered_dow_wave3_break|structure_break_recent_confirmed_swing_break_failed|primary_break_recent_confirmed_swing_break_continuation,none,below_75sma_falling,above_75sma_rising,below_75sma_falling,-1,0.00000000,0,180.87500000,false,off,NONE,NONE,0.00000000,0.00000000,0.0000,none,0.000,true,LONG,return_high_break_or_bos_up,181.28200000,13,181.34600000,180.74500000,false,off,independent,false,,,false,0.0000,none,0.0000,0.0000,none,0.0000,0.0000,0.0000,none,0.0000,0,0,0.0000,none,none,none,none,0.0000,0,0.0000,none,false,true,not_evaluated,true,required_light_or_anchor_flip,short_bias,181.16200000,2025.12.02 15:45:00,181.34600000,2025.12.02 16:00:00,2025.12.02 18:15:00,false,NONE,0.00000000,0.00000000,0.0000,-1,false,,-1,NONE,0.00000000,0.00000000,0.0000,0.0000,none,,none,false,NONE,-1,-1,-1,false,false,none,false,true,false,true,none,true,required,false,PERIOD_M5,,,-1,0.0000,false,0.00000000,0.0000,false,0.0000,false,none,none,false,no_anchor_flip_in_entry_direction,true,required_first_signal_only,LONG,unknown,0.00000000,,0.00000000,,false,,-1,false,NONE,0.00000000,,0.00000000,0.0000,0.0000,none,-1,false,false,false,no_anchor_flip_in_entry_direction,,,,false,false,false,-1,-1,-1,-1,-1,false,false,false,0.0000,range_n,true,181.34600000,180.74500000,4.7032,false,0.0000,0.0000,0,none,true,0.5324,preferred_382_618,0.200,diagnostic_only,diagnostic_only,diagnostic_only,deep_pullback,4,0.440,true,none,0.590,high_quality,false,false,diagnostic_only,both,true,none,true,diagnostic_adjacent_detected,required_light,false,false,SHORT,5,false,false,1,2025.12.02 17:10:00,2025.12.02 18:55:00,6,8.2539,180.87500000,0.00000000,180.87500000,true,true,m5_lh_close_break_up,180.87500000,true,0.6477,0.9134,true,1,0.0000,false,4,180.87500000,0.1495,off,false,not_evaluated,none,0.9104,0.0896,very_strong,true,false,false,0.0000,held_clean,true,favorable_side,0.7059,true,strong_retest,1.8766,8.2539,0.2274,0.0000,true,strong_exhaustion,0.0000,none,none,false,false,none,0.0000,0.0000,0.0000,0.0000,none,false,false,0.0000,0.0000,false,false,-1,none,none,false,0.000,0.000,181.03200000,180.98400000,181.15000000,previous_day_high,0.12400000,1.0248,session_high|opening_range_high|neckline_level,181.03200000,0.0996,false,true,false,false,not_blocked,1,1,0,m5_failure_exit,off,none,0.00000000,0.0000,1.30,181.18300000,4.200,0.150,0.200,PERIOD_M15,181.34600000,180.74500000,0.5324,preferred_382_618,0.000,true,181.02600000,180.90500000,0.12100000,181.18300000,1.298,0.06021429,30.00,0-30,true,false,none,blocked_spread_too_high,4.950,4.950,none,0.0000,false,neckline_retest_failed,false,not_invalidated,spread_too_high
2025.12.03 04:30:00,signal,session_reversal_pullback_one_symbol_first120,USDJPY,SHORT,2025.12.03 04:25:00,4,1,10,tokyo,2025.12.03 00:00,85,first_120min,false,true,3,USDJPY,highest_score_in_session_bar,tokyo=USDJPY|EURJPY|GBPJPY|AUDJPY,existing_first120_gate,tokyo,true,false,true,passed_first_window,sweep_high_reclaim,sweep_reclaim_retest,155.78500000,PERIOD_M5,PERIOD_H1,PERIOD_M15,PERIOD_M5,PERIOD_M5,false,htf_soft_alignment,current_post_filter,transcript_post_filter,dow_trend_up_hh_hl,structure_trend_bias_dow_trend_down_ll_lh,dow_trend_up_hh_hl,structure_trend_bias_dow_trend_down_ll_lh,false,false,true,SHORT,PERIOD_M5,sweep_high_reclaim,sweep_high_reclaim,3.400,none,0.000,sweep_high_reclaim,3.400,none,0.000,SHORT,false,PERIOD_H1_LONG_dow_trend_up_hh_hl|PERIOD_M15_SHORT_structure_trend_bias_dow_trend_down_ll_lh,true,h1_counter_m15_reversal,true,top_LONG_dow_trend_up_hh_hl|structure_SHORT_structure_trend_bias_dow_trend_down_ll_lh|structure_break_recent_confirmed_swing_break_failed|primary_break_recent_confirmed_swing_break_failed,none,below_75sma_falling,below_75sma_falling,below_75sma_falling,-1,0.00000000,-1,0.00000000,false,off,NONE,NONE,0.00000000,0.00000000,0.0000,none,0.000,true,SHORT,return_low_break_or_bos_down,155.65400000,3,155.89800000,155.60000000,false,off,independent,false,,,false,0.0000,none,0.0000,0.0000,none,0.0000,0.0000,0.0000,none,0.0000,0,0,0.0000,none,none,none,none,0.0000,0,0.0000,none,false,true,not_evaluated,true,required_light_or_anchor_flip,short_bias,155.92600000,2025.12.02 16:45:00,155.80600000,2025.12.03 02:45:00,2025.12.03 03:15:00,false,NONE,0.00000000,0.00000000,0.0000,-1,false,,-1,NONE,0.00000000,0.00000000,0.0000,0.0000,none,,none,false,NONE,-1,-1,-1,false,false,none,true,false,false,true,none,true,required,false,PERIOD_M5,,,-1,0.0000,false,0.00000000,0.0000,false,0.0000,false,none,none,false,no_anchor_flip_in_entry_direction,true,required_first_signal_only,SHORT,unknown,0.00000000,,0.00000000,,false,,-1,false,NONE,0.00000000,,0.00000000,0.0000,0.0000,none,-1,false,false,false,no_anchor_flip_in_entry_direction,,,,false,false,false,-1,-1,-1,-1,-1,false,false,false,0.0000,falling_n,false,155.89800000,155.60000000,3.6437,false,0.0000,0.0000,0,none,true,0.5604,preferred_382_618,0.200,diagnostic_only,diagnostic_only,diagnostic_only,fib_pullback,24,0.400,true,none,0.550,medium_quality,false,false,diagnostic_only,both,true,none,true,diagnostic_adjacent_detected,required_light,false,false,LONG,5,false,false,1,2025.12.03 02:50:00,2025.12.03 03:45:00,8,5.1592,0.00000000,155.60300000,155.60300000,false,false,none,0.00000000,false,0.0000,0.0000,false,1,0.0000,false,-1,0.00000000,0.0000,off,false,not_evaluated,none,0.0000,0.0000,none,false,false,false,0.0000,none,false,none,0.0000,false,none,1.7281,5.1592,0.3350,0.0000,true,strong_exhaustion,0.0000,none,none,false,false,none,0.0000,0.0000,0.0000,0.0000,none,false,false,0.0000,0.0000,false,false,-1,none,none,false,0.000,0.000,155.78288235,155.74800000,155.74800000,top_context_confirmed_swing_low,0.01900000,0.4872,neckline_level,155.78500000,0.4508,false,true,false,false,not_blocked,1,1,0,m5_failure_exit,off,none,0.00000000,0.0000,1.30,155.71600000,3.400,-0.300,0.200,PERIOD_M15,155.80600000,155.60000000,0.8107,outside,0.000,true,155.76700000,155.80600000,0.03900000,155.71600000,1.308,0.03992857,18.00,60-90,true,false,none,not_consumed,3.500,3.500,none,0.0000,false,sweep_reclaim_failed,false,not_invalidated,spread_too_high
2025.12.03 04:30:00,blocked,session_reversal_pullback_one_symbol_first120,USDJPY,SHORT,2025.12.03 04:25:00,4,1,10,tokyo,2025.12.03 00:00,85,first_120min,false,true,3,USDJPY,highest_score_in_session_bar,tokyo=USDJPY|EURJPY|GBPJPY|AUDJPY,existing_first120_gate,tokyo,true,false,true,passed_first_window,sweep_high_reclaim,sweep_reclaim_retest,155.78500000,PERIOD_M5,PERIOD_H1,PERIOD_M15,PERIOD_M5,PERIOD_M5,false,htf_soft_alignment,current_post_filter,transcript_post_filter,dow_trend_up_hh_hl,structure_trend_bias_dow_trend_down_ll_lh,dow_trend_up_hh_hl,structure_trend_bias_dow_trend_down_ll_lh,false,false,true,SHORT,PERIOD_M5,sweep_high_reclaim,sweep_high_reclaim,3.400,none,0.000,sweep_high_reclaim,3.400,none,0.000,SHORT,false,PERIOD_H1_LONG_dow_trend_up_hh_hl|PERIOD_M15_SHORT_structure_trend_bias_dow_trend_down_ll_lh,true,h1_counter_m15_reversal,true,top_LONG_dow_trend_up_hh_hl|structure_SHORT_structure_trend_bias_dow_trend_down_ll_lh|structure_break_recent_confirmed_swing_break_failed|primary_break_recent_confirmed_swing_break_failed,none,below_75sma_falling,below_75sma_falling,below_75sma_falling,-1,0.00000000,-1,0.00000000,false,off,NONE,NONE,0.00000000,0.00000000,0.0000,none,0.000,true,SHORT,return_low_break_or_bos_down,155.65400000,3,155.89800000,155.60000000,false,off,independent,false,,,false,0.0000,none,0.0000,0.0000,none,0.0000,0.0000,0.0000,none,0.0000,0,0,0.0000,none,none,none,none,0.0000,0,0.0000,none,false,true,not_evaluated,true,required_light_or_anchor_flip,short_bias,155.92600000,2025.12.02 16:45:00,155.80600000,2025.12.03 02:45:00,2025.12.03 03:15:00,false,NONE,0.00000000,0.00000000,0.0000,-1,false,,-1,NONE,0.00000000,0.00000000,0.0000,0.0000,none,,none,false,NONE,-1,-1,-1,false,false,none,true,false,false,true,none,true,required,false,PERIOD_M5,,,-1,0.0000,false,0.00000000,0.0000,false,0.0000,false,none,none,false,no_anchor_flip_in_entry_direction,true,required_first_signal_only,SHORT,unknown,0.00000000,,0.00000000,,false,,-1,false,NONE,0.00000000,,0.00000000,0.0000,0.0000,none,-1,false,false,false,no_anchor_flip_in_entry_direction,,,,false,false,false,-1,-1,-1,-1,-1,false,false,false,0.0000,falling_n,false,155.89800000,155.60000000,3.6437,false,0.0000,0.0000,0,none,true,0.5604,preferred_382_618,0.200,diagnostic_only,diagnostic_only,diagnostic_only,fib_pullback,24,0.400,true,none,0.550,medium_quality,false,false,diagnostic_only,both,true,none,true,diagnostic_adjacent_detected,required_light,false,false,LONG,5,false,false,1,2025.12.03 02:50:00,2025.12.03 03:45:00,8,5.1592,0.00000000,155.60300000,155.60300000,false,false,none,0.00000000,false,0.0000,0.0000,false,1,0.0000,false,-1,0.00000000,0.0000,off,false,not_evaluated,none,0.0000,0.0000,none,false,false,false,0.0000,none,false,none,0.0000,false,none,1.7281,5.1592,0.3350,0.0000,true,strong_exhaustion,0.0000,none,none,false,false,none,0.0000,0.0000,0.0000,0.0000,none,false,false,0.0000,0.0000,false,false,-1,none,none,false,0.000,0.000,155.78288235,155.74800000,155.74800000,top_context_confirmed_swing_low,0.01900000,0.4872,neckline_level,155.78500000,0.4508,false,true,false,false,not_blocked,1,1,0,m5_failure_exit,off,none,0.00000000,0.0000,1.30,155.71600000,3.400,-0.300,0.200,PERIOD_M15,155.80600000,155.60000000,0.8107,outside,0.000,true,155.76700000,155.80600000,0.03900000,155.71600000,1.308,0.03992857,18.00,60-90,true,false,none,blocked_spread_too_high,3.500,3.500,none,0.0000,false,sweep_reclaim_failed,false,not_invalidated,spread_too_high
2025.12.03 10:35:00,signal,session_reversal_pullback_one_symbol_first120,EURJPY,SHORT,2025.12.03 10:30:00,10,7,16,london,2025.12.03 07:00,30,first_120min,true,true,3,EURJPY,highest_score_in_session_bar,london=USDJPY|EURJPY|GBPJPY|AUDJPY|EURUSD|GBPUSD,existing_first120_gate,london,false,false,true,passed_first_window,double_top,neckline_break_retest,181.20700000,PERIOD_M5,PERIOD_H1,PERIOD_M15,PERIOD_M5,PERIOD_M5,false,htf_soft_alignment,current_post_filter,transcript_post_filter,dow_range_or_transition,structure_trend_bias_dow_trend_down_ll_lh,dow_range_or_transition,structure_trend_bias_dow_trend_down_ll_lh,false,false,true,SHORT,PERIOD_M5,double_top,double_top,4.200,none,0.000,double_top,4.200,none,0.000,SHORT,false,PERIOD_H1_NONE_dow_range_or_transition|PERIOD_M15_SHORT_structure_trend_bias_dow_trend_down_ll_lh,true,h1_counter_m15_reversal,true,top_NONE_dow_range_or_transition|structure_SHORT_structure_trend_bias_dow_trend_down_ll_lh|structure_break_recent_confirmed_swing_break_failed|primary_break_no_recent_confirmed_swing_break,none,above_75sma_rising,above_75sma_rising,below_75sma_flat_or_rising,-1,0.00000000,-1,0.00000000,false,off,NONE,NONE,0.00000000,0.00000000,0.0000,none,0.000,true,SHORT,return_low_break_or_bos_down,181.16200000,7,181.29300000,181.09600000,false,off,independent,false,,,false,0.0000,none,0.0000,0.0000,none,0.0000,0.0000,0.0000,none,0.0000,0,0,0.0000,none,none,none,none,0.0000,0,0.0000,none,false,true,not_evaluated,true,required_light_or_anchor_flip,short_bias,181.03300000,2025.12.03 03:15:00,181.26900000,2025.12.03 07:15:00,2025.12.03 08:30:00,false,NONE,0.00000000,0.00000000,0.0000,-1,false,,-1,NONE,0.00000000,0.00000000,0.0000,0.0000,none,,none,false,NONE,-1,-1,-1,false,false,none,true,false,false,true,none,true,required,false,PERIOD_M5,,,-1,0.0000,false,0.00000000,0.0000,false,0.0000,false,none,none,false,no_anchor_flip_in_entry_direction,true,required_first_signal_only,SHORT,unknown,0.00000000,,0.00000000,,false,,-1,false,NONE,0.00000000,,0.00000000,0.0000,0.0000,none,-1,false,false,false,no_anchor_flip_in_entry_direction,,,,false,false,false,-1,-1,-1,-1,-1,false,false,false,0.0000,falling_n,false,181.27600000,181.03300000,3.0240,false,0.0000,0.0000,0,none,true,0.5381,preferred_382_618,0.200,diagnostic_only,diagnostic_only,diagnostic_only,shallow_pullback,24,0.400,true,none,0.550,high_quality,false,false,diagnostic_only,both,true,none,true,diagnostic_adjacent_detected,required_light,false,false,LONG,5,false,false,2,2025.12.03 07:55:00,2025.12.03 09:45:00,9,4.0861,0.00000000,181.17600000,181.17600000,false,false,none,0.00000000,false,0.0000,0.0000,false,1,0.0000,false,-1,0.00000000,0.0000,off,false,not_evaluated,none,0.0000,0.0000,none,false,false,false,0.0000,none,false,none,0.0000,false,none,2.2998,3.6842,0.6242,0.4019,false,mild_exhaustion,0.0000,none,none,false,false,none,0.0000,0.0000,0.0000,0.0000,none,false,false,0.0000,0.0000,false,false,-1,none,none,false,0.000,0.000,181.20700000,181.18000000,181.18000000,session_low,0.02200000,0.3014,neckline_level,181.20700000,0.1116,false,true,false,false,not_blocked,3,3,0,m5_failure_exit,off,none,0.00000000,0.0000,1.30,181.10700000,4.200,-0.300,0.200,PERIOD_M15,181.26900000,181.09600000,0.6127,preferred_382_618,0.000,true,181.20200000,181.27500000,0.07300000,181.10700000,1.301,0.04478571,30.00,30-60,true,false,none,not_consumed,4.300,4.300,none,0.0000,false,opposite_break_first,true,opposite_break_first,spread_too_high
2025.12.03 10:35:00,blocked,session_reversal_pullback_one_symbol_first120,EURJPY,SHORT,2025.12.03 10:30:00,10,7,16,london,2025.12.03 07:00,30,first_120min,true,true,3,EURJPY,highest_score_in_session_bar,london=USDJPY|EURJPY|GBPJPY|AUDJPY|EURUSD|GBPUSD,existing_first120_gate,london,false,false,true,passed_first_window,double_top,neckline_break_retest,181.20700000,PERIOD_M5,PERIOD_H1,PERIOD_M15,PERIOD_M5,PERIOD_M5,false,htf_soft_alignment,current_post_filter,transcript_post_filter,dow_range_or_transition,structure_trend_bias_dow_trend_down_ll_lh,dow_range_or_transition,structure_trend_bias_dow_trend_down_ll_lh,false,false,true,SHORT,PERIOD_M5,double_top,double_top,4.200,none,0.000,double_top,4.200,none,0.000,SHORT,false,PERIOD_H1_NONE_dow_range_or_transition|PERIOD_M15_SHORT_structure_trend_bias_dow_trend_down_ll_lh,true,h1_counter_m15_reversal,true,top_NONE_dow_range_or_transition|structure_SHORT_structure_trend_bias_dow_trend_down_ll_lh|structure_break_recent_confirmed_swing_break_failed|primary_break_no_recent_confirmed_swing_break,none,above_75sma_rising,above_75sma_rising,below_75sma_flat_or_rising,-1,0.00000000,-1,0.00000000,false,off,NONE,NONE,0.00000000,0.00000000,0.0000,none,0.000,true,SHORT,return_low_break_or_bos_down,181.16200000,7,181.29300000,181.09600000,false,off,independent,false,,,false,0.0000,none,0.0000,0.0000,none,0.0000,0.0000,0.0000,none,0.0000,0,0,0.0000,none,none,none,none,0.0000,0,0.0000,none,false,true,not_evaluated,true,required_light_or_anchor_flip,short_bias,181.03300000,2025.12.03 03:15:00,181.26900000,2025.12.03 07:15:00,2025.12.03 08:30:00,false,NONE,0.00000000,0.00000000,0.0000,-1,false,,-1,NONE,0.00000000,0.00000000,0.0000,0.0000,none,,none,false,NONE,-1,-1,-1,false,false,none,true,false,false,true,none,true,required,false,PERIOD_M5,,,-1,0.0000,false,0.00000000,0.0000,false,0.0000,false,none,none,false,no_anchor_flip_in_entry_direction,true,required_first_signal_only,SHORT,unknown,0.00000000,,0.00000000,,false,,-1,false,NONE,0.00000000,,0.00000000,0.0000,0.0000,none,-1,false,false,false,no_anchor_flip_in_entry_direction,,,,false,false,false,-1,-1,-1,-1,-1,false,false,false,0.0000,falling_n,false,181.27600000,181.03300000,3.0240,false,0.0000,0.0000,0,none,true,0.5381,preferred_382_618,0.200,diagnostic_only,diagnostic_only,diagnostic_only,shallow_pullback,24,0.400,true,none,0.550,high_quality,false,false,diagnostic_only,both,true,none,true,diagnostic_adjacent_detected,required_light,false,false,LONG,5,false,false,2,2025.12.03 07:55:00,2025.12.03 09:45:00,9,4.0861,0.00000000,181.17600000,181.17600000,false,false,none,0.00000000,false,0.0000,0.0000,false,1,0.0000,false,-1,0.00000000,0.0000,off,false,not_evaluated,none,0.0000,0.0000,none,false,false,false,0.0000,none,false,none,0.0000,false,none,2.2998,3.6842,0.6242,0.4019,false,mild_exhaustion,0.0000,none,none,false,false,none,0.0000,0.0000,0.0000,0.0000,none,false,false,0.0000,0.0000,false,false,-1,none,none,false,0.000,0.000,181.20700000,181.18000000,181.18000000,session_low,0.02200000,0.3014,neckline_level,181.20700000,0.1116,false,true,false,false,not_blocked,3,3,0,m5_failure_exit,off,none,0.00000000,0.0000,1.30,181.10700000,4.200,-0.300,0.200,PERIOD_M15,181.26900000,181.09600000,0.6127,preferred_382_618,0.000,true,181.20200000,181.27500000,0.07300000,181.10700000,1.301,0.04478571,30.00,30-60,true,false,none,blocked_spread_too_high,4.300,4.300,none,0.0000,false,opposite_break_first,true,opposite_break_first,spread_too_high
2025.12.03 16:15:00,signal,session_reversal_pullback_one_symbol_first120,EURJPY,SHORT,2025.12.03 16:10:00,16,13,22,london_newyork_overlap,2025.12.03 13:00,10,first_120min,true,true,3,EURJPY,highest_score_in_session_bar,london_newyork_overlap=USDJPY|EURJPY|GBPJPY|AUDJPY|EURUSD|GBPUSD,existing_first120_gate,london_newyork_overlap,false,false,true,passed_first_window,head_and_shoulders,neckline_break_retest,181.21600000,PERIOD_M5,PERIOD_H1,PERIOD_M15,PERIOD_M5,PERIOD_M5,false,htf_soft_alignment,current_post_filter,transcript_post_filter,dow_range_or_transition,structure_trend_bias_dow_trend_up_hh_hl,dow_range_or_transition,structure_trend_bias_dow_trend_up_hh_hl,false,false,true,SHORT,PERIOD_M5,head_and_shoulders,head_and_shoulders,4.500,none,0.000,head_and_shoulders,4.500,none,0.000,SHORT,false,PERIOD_H1_NONE_dow_range_or_transition|PERIOD_M15_LONG_structure_trend_bias_dow_trend_up_hh_hl,true,h1_counter_m15_reversal,true,top_NONE_dow_range_or_transition|structure_LONG_structure_trend_bias_dow_trend_up_hh_hl|structure_break_recent_confirmed_swing_break_retest|primary_break_recent_confirmed_swing_break_retest,none,above_75sma_rising,below_75sma_flat_or_rising,below_75sma_flat_or_rising,18,181.16200000,0,181.21600000,false,off,NONE,NONE,0.00000000,0.00000000,0.0000,none,0.000,true,SHORT,return_low_break_or_bos_down,181.16200000,18,181.44500000,181.11600000,false,off,independent,false,,,false,0.0000,none,0.0000,0.0000,none,0.0000,0.0000,0.0000,none,0.0000,0,0,0.0000,none,none,none,none,0.0000,0,0.0000,none,false,true,not_evaluated,true,required_light_or_anchor_flip,long_bias,181.11600000,2025.12.03 11:30:00,181.26900000,2025.12.03 07:15:00,2025.12.03 12:45:00,false,NONE,0.00000000,0.00000000,0.0000,-1,false,,-1,NONE,0.00000000,0.00000000,0.0000,0.0000,none,,none,false,NONE,-1,-1,-1,false,false,none,false,true,false,true,none,true,required,false,PERIOD_M5,,,-1,0.0000,false,0.00000000,0.0000,false,0.0000,false,none,none,false,no_anchor_flip_in_entry_direction,true,required_first_signal_only,SHORT,unknown,0.00000000,,0.00000000,,false,,-1,false,NONE,0.00000000,,0.00000000,0.0000,0.0000,none,-1,false,false,false,no_anchor_flip_in_entry_direction,,,,false,false,false,-1,-1,-1,-1,-1,false,false,false,0.0000,range_n,true,181.39300000,181.11600000,2.6044,false,0.0000,0.0000,0,none,true,0.2401,shallow_236_382,0.080,diagnostic_only,diagnostic_only,diagnostic_only,shallow_pullback,24,0.330,true,none,0.480,high_quality,false,false,diagnostic_only,both,true,none,true,diagnostic_adjacent_detected,required_light,false,false,LONG,5,false,false,1,2025.12.03 14:15:00,2025.12.03 15:30:00,8,2.8676,0.00000000,181.21600000,181.21600000,true,true,m5_hl_close_break_down,181.21600000,true,0.1127,2.2540,true,1,0.0000,true,2,181.21600000,0.0626,off,false,not_evaluated,none,1.0000,0.0000,strong,true,false,false,0.0000,held_clean,true,favorable_side,0.1500,false,clean_retest,2.8676,1.4401,1.9913,1.2773,false,no_shrink,0.0000,none,none,false,false,none,0.0000,0.0000,0.0000,0.0000,none,false,false,0.0000,0.0000,false,false,-1,none,none,false,0.000,0.000,181.21600000,181.19400000,181.19400000,structure_confirmed_swing_low,0.00100000,0.0042,neckline_level,181.21600000,0.2630,false,true,true,false,not_blocked,6,4,2,m5_failure_exit,off,none,0.00000000,0.0000,1.30,180.88400000,4.500,-0.300,0.200,PERIOD_M15,181.39300000,181.19400000,0.0050,outside,0.000,true,181.19500000,181.43500000,0.24000000,180.88400000,1.296,0.07985714,30.00,0-30,true,false,none,not_consumed,5.150,5.150,none,0.0000,false,neckline_retest_failed,false,not_invalidated,spread_too_high
2025.12.03 16:15:00,blocked,session_reversal_pullback_one_symbol_first120,EURJPY,SHORT,2025.12.03 16:10:00,16,13,22,london_newyork_overlap,2025.12.03 13:00,10,first_120min,true,true,3,EURJPY,highest_score_in_session_bar,london_newyork_overlap=USDJPY|EURJPY|GBPJPY|AUDJPY|EURUSD|GBPUSD,existing_first120_gate,london_newyork_overlap,false,false,true,passed_first_window,head_and_shoulders,neckline_break_retest,181.21600000,PERIOD_M5,PERIOD_H1,PERIOD_M15,PERIOD_M5,PERIOD_M5,false,htf_soft_alignment,current_post_filter,transcript_post_filter,dow_range_or_transition,structure_trend_bias_dow_trend_up_hh_hl,dow_range_or_transition,structure_trend_bias_dow_trend_up_hh_hl,false,false,true,SHORT,PERIOD_M5,head_and_shoulders,head_and_shoulders,4.500,none,0.000,head_and_shoulders,4.500,none,0.000,SHORT,false,PERIOD_H1_NONE_dow_range_or_transition|PERIOD_M15_LONG_structure_trend_bias_dow_trend_up_hh_hl,true,h1_counter_m15_reversal,true,top_NONE_dow_range_or_transition|structure_LONG_structure_trend_bias_dow_trend_up_hh_hl|structure_break_recent_confirmed_swing_break_retest|primary_break_recent_confirmed_swing_break_retest,none,above_75sma_rising,below_75sma_flat_or_rising,below_75sma_flat_or_rising,18,181.16200000,0,181.21600000,false,off,NONE,NONE,0.00000000,0.00000000,0.0000,none,0.000,true,SHORT,return_low_break_or_bos_down,181.16200000,18,181.44500000,181.11600000,false,off,independent,false,,,false,0.0000,none,0.0000,0.0000,none,0.0000,0.0000,0.0000,none,0.0000,0,0,0.0000,none,none,none,none,0.0000,0,0.0000,none,false,true,not_evaluated,true,required_light_or_anchor_flip,long_bias,181.11600000,2025.12.03 11:30:00,181.26900000,2025.12.03 07:15:00,2025.12.03 12:45:00,false,NONE,0.00000000,0.00000000,0.0000,-1,false,,-1,NONE,0.00000000,0.00000000,0.0000,0.0000,none,,none,false,NONE,-1,-1,-1,false,false,none,false,true,false,true,none,true,required,false,PERIOD_M5,,,-1,0.0000,false,0.00000000,0.0000,false,0.0000,false,none,none,false,no_anchor_flip_in_entry_direction,true,required_first_signal_only,SHORT,unknown,0.00000000,,0.00000000,,false,,-1,false,NONE,0.00000000,,0.00000000,0.0000,0.0000,none,-1,false,false,false,no_anchor_flip_in_entry_direction,,,,false,false,false,-1,-1,-1,-1,-1,false,false,false,0.0000,range_n,true,181.39300000,181.11600000,2.6044,false,0.0000,0.0000,0,none,true,0.2401,shallow_236_382,0.080,diagnostic_only,diagnostic_only,diagnostic_only,shallow_pullback,24,0.330,true,none,0.480,high_quality,false,false,diagnostic_only,both,true,none,true,diagnostic_adjacent_detected,required_light,false,false,LONG,5,false,false,1,2025.12.03 14:15:00,2025.12.03 15:30:00,8,2.8676,0.00000000,181.21600000,181.21600000,true,true,m5_hl_close_break_down,181.21600000,true,0.1127,2.2540,true,1,0.0000,true,2,181.21600000,0.0626,off,false,not_evaluated,none,1.0000,0.0000,strong,true,false,false,0.0000,held_clean,true,favorable_side,0.1500,false,clean_retest,2.8676,1.4401,1.9913,1.2773,false,no_shrink,0.0000,none,none,false,false,none,0.0000,0.0000,0.0000,0.0000,none,false,false,0.0000,0.0000,false,false,-1,none,none,false,0.000,0.000,181.21600000,181.19400000,181.19400000,structure_confirmed_swing_low,0.00100000,0.0042,neckline_level,181.21600000,0.2630,false,true,true,false,not_blocked,6,4,2,m5_failure_exit,off,none,0.00000000,0.0000,1.30,180.88400000,4.500,-0.300,0.200,PERIOD_M15,181.39300000,181.19400000,0.0050,outside,0.000,true,181.19500000,181.43500000,0.24000000,180.88400000,1.296,0.07985714,30.00,0-30,true,false,none,blocked_spread_too_high,5.150,5.150,none,0.0000,false,neckline_retest_failed,false,not_invalidated,spread_too_high
2025.12.04 17:25:00,signal,session_reversal_pullback_one_symbol_first120,GBPJPY,SHORT,2025.12.04 17:20:00,17,14,23,london_newyork_overlap,2025.12.04 13:00,80,first_120min,false,true,3,GBPJPY,highest_score_in_session_bar,london_newyork_overlap=USDJPY|EURJPY|GBPJPY|AUDJPY|EURUSD|GBPUSD,existing_first120_gate,london_newyork_overlap,true,false,true,passed_first_window,sweep_high_reclaim,sweep_reclaim_retest,206.94300000,PERIOD_M5,PERIOD_H1,PERIOD_M15,PERIOD_M5,PERIOD_M5,false,htf_soft_alignment,current_post_filter,transcript_post_filter,dow_range_or_transition,ordered_dow_wave3_break_above_swing_high,dow_range_or_transition,ordered_dow_wave3_break_above_swing_high,false,false,true,SHORT,PERIOD_M5,sweep_high_reclaim,sweep_high_reclaim,3.400,none,0.000,sweep_high_reclaim,3.400,none,0.000,SHORT,false,PERIOD_H1_NONE_dow_range_or_transition|PERIOD_M15_LONG_ordered_dow_wave3_break_above_swing_high,true,h1_counter_m15_reversal,true,top_NONE_dow_range_or_transition|structure_LONG_ordered_dow_wave3_break_above_swing_high|structure_break_recent_confirmed_swing_break_failed|primary_break_recent_confirmed_swing_break_continuation,none,above_75sma_rising,below_75sma_falling,above_75sma_rising,-1,0.00000000,0,207.06300000,false,off,NONE,NONE,0.00000000,0.00000000,0.0000,none,0.000,true,SHORT,return_low_break_or_bos_down,206.54500000,5,206.92800000,206.33400000,false,off,independent,false,,,false,0.0000,none,0.0000,0.0000,none,0.0000,0.0000,0.0000,none,0.0000,0,0,0.0000,none,none,none,none,0.0000,0,0.0000,none,false,true,not_evaluated,true,required_light_or_anchor_flip,bias_flip_up,206.50400000,2025.12.04 12:00:00,206.72600000,2025.12.04 12:30:00,2025.12.04 13:00:00,true,LONG,206.72600000,206.90500000,1.1838,2,true,2025.12.04 16:30:00,2,LONG,206.72600000,206.90500000,1.1838,1.9112,strong,2025.12.04 17:00:00,first_after_anchor,true,LONG,2,0,2,true,false,fresh_0_4,false,true,false,true,none,true,required,false,PERIOD_M5,,,-1,0.0000,false,0.00000000,0.0000,false,0.0000,false,none,none,false,no_anchor_flip_in_entry_direction,true,required_first_signal_only,SHORT,unknown,0.00000000,,0.00000000,,false,,-1,false,NONE,0.00000000,,0.00000000,0.0000,0.0000,none,-1,false,false,false,no_anchor_flip_in_entry_direction,,,,false,false,false,-1,-1,-1,-1,-1,false,false,false,0.0000,range_n,true,206.72600000,206.33400000,2.5923,true,1.9112,0.1399,2,strong,true,0.9832,too_deep,0.000,diagnostic_only,diagnostic_only,diagnostic_only,fib_pullback,24,0.170,true,none,0.320,medium_quality,false,false,diagnostic_only,both,true,none,true,diagnostic_adjacent_detected,required_light,false,false,LONG,8,false,false,2,2025.12.04 15:30:00,2025.12.04 17:00:00,4,4.7192,0.00000000,206.74800000,206.74800000,false,false,none,0.00000000,false,0.0000,0.0000,false,1,0.0000,false,-1,0.00000000,0.0000,off,false,not_evaluated,none,0.0000,0.0000,none,false,false,false,0.0000,none,false,none,0.0000,false,none,1.6689,1.7430,0.9574,2.9762,false,no_shrink,0.0000,none,none,false,false,none,0.0000,0.0000,0.0000,0.0000,none,false,false,0.0000,0.0000,false,false,-1,none,none,false,0.000,0.000,206.94300000,206.91714286,206.91714286,recent_equal_highs,0.00085714,0.0082,neckline_level,206.94300000,0.2318,false,true,true,false,not_blocked,4,1,3,m5_failure_exit,off,none,0.00000000,0.0000,1.30,206.78200000,3.400,-0.300,0.200,PERIOD_M15,206.56600000,206.35300000,2.6526,outside,0.000,true,206.91800000,207.02200000,0.10400000,206.78200000,1.308,0.10785714,38.00,60-90,true,false,none,not_consumed,3.700,3.700,none,0.0000,false,opposite_break_first,true,opposite_break_first,spread_too_high
2025.12.04 17:25:00,blocked,session_reversal_pullback_one_symbol_first120,GBPJPY,SHORT,2025.12.04 17:20:00,17,14,23,london_newyork_overlap,2025.12.04 13:00,80,first_120min,false,true,3,GBPJPY,highest_score_in_session_bar,london_newyork_overlap=USDJPY|EURJPY|GBPJPY|AUDJPY|EURUSD|GBPUSD,existing_first120_gate,london_newyork_overlap,true,false,true,passed_first_window,sweep_high_reclaim,sweep_reclaim_retest,206.94300000,PERIOD_M5,PERIOD_H1,PERIOD_M15,PERIOD_M5,PERIOD_M5,false,htf_soft_alignment,current_post_filter,transcript_post_filter,dow_range_or_transition,ordered_dow_wave3_break_above_swing_high,dow_range_or_transition,ordered_dow_wave3_break_above_swing_high,false,false,true,SHORT,PERIOD_M5,sweep_high_reclaim,sweep_high_reclaim,3.400,none,0.000,sweep_high_reclaim,3.400,none,0.000,SHORT,false,PERIOD_H1_NONE_dow_range_or_transition|PERIOD_M15_LONG_ordered_dow_wave3_break_above_swing_high,true,h1_counter_m15_reversal,true,top_NONE_dow_range_or_transition|structure_LONG_ordered_dow_wave3_break_above_swing_high|structure_break_recent_confirmed_swing_break_failed|primary_break_recent_confirmed_swing_break_continuation,none,above_75sma_rising,below_75sma_falling,above_75sma_rising,-1,0.00000000,0,207.06300000,false,off,NONE,NONE,0.00000000,0.00000000,0.0000,none,0.000,true,SHORT,return_low_break_or_bos_down,206.54500000,5,206.92800000,206.33400000,false,off,independent,false,,,false,0.0000,none,0.0000,0.0000,none,0.0000,0.0000,0.0000,none,0.0000,0,0,0.0000,none,none,none,none,0.0000,0,0.0000,none,false,true,not_evaluated,true,required_light_or_anchor_flip,bias_flip_up,206.50400000,2025.12.04 12:00:00,206.72600000,2025.12.04 12:30:00,2025.12.04 13:00:00,true,LONG,206.72600000,206.90500000,1.1838,2,true,2025.12.04 16:30:00,2,LONG,206.72600000,206.90500000,1.1838,1.9112,strong,2025.12.04 17:00:00,first_after_anchor,true,LONG,2,0,2,true,false,fresh_0_4,false,true,false,true,none,true,required,false,PERIOD_M5,,,-1,0.0000,false,0.00000000,0.0000,false,0.0000,false,none,none,false,no_anchor_flip_in_entry_direction,true,required_first_signal_only,SHORT,unknown,0.00000000,,0.00000000,,false,,-1,false,NONE,0.00000000,,0.00000000,0.0000,0.0000,none,-1,false,false,false,no_anchor_flip_in_entry_direction,,,,false,false,false,-1,-1,-1,-1,-1,false,false,false,0.0000,range_n,true,206.72600000,206.33400000,2.5923,true,1.9112,0.1399,2,strong,true,0.9832,too_deep,0.000,diagnostic_only,diagnostic_only,diagnostic_only,fib_pullback,24,0.170,true,none,0.320,medium_quality,false,false,diagnostic_only,both,true,none,true,diagnostic_adjacent_detected,required_light,false,false,LONG,8,false,false,2,2025.12.04 15:30:00,2025.12.04 17:00:00,4,4.7192,0.00000000,206.74800000,206.74800000,false,false,none,0.00000000,false,0.0000,0.0000,false,1,0.0000,false,-1,0.00000000,0.0000,off,false,not_evaluated,none,0.0000,0.0000,none,false,false,false,0.0000,none,false,none,0.0000,false,none,1.6689,1.7430,0.9574,2.9762,false,no_shrink,0.0000,none,none,false,false,none,0.0000,0.0000,0.0000,0.0000,none,false,false,0.0000,0.0000,false,false,-1,none,none,false,0.000,0.000,206.94300000,206.91714286,206.91714286,recent_equal_highs,0.00085714,0.0082,neckline_level,206.94300000,0.2318,false,true,true,false,not_blocked,4,1,3,m5_failure_exit,off,none,0.00000000,0.0000,1.30,206.78200000,3.400,-0.300,0.200,PERIOD_M15,206.56600000,206.35300000,2.6526,outside,0.000,true,206.91800000,207.02200000,0.10400000,206.78200000,1.308,0.10785714,38.00,60-90,true,false,none,blocked_spread_too_high,3.700,3.700,none,0.0000,false,opposite_break_first,true,opposite_break_first,spread_too_high
2025.12.04 19:05:00,signal,session_reversal_pullback_one_symbol_first120,GBPUSD,SHORT,2025.12.04 19:00:00,19,16,1,new_york,2025.12.04 16:00,0,first_120min,true,true,3,GBPUSD,highest_score_in_session_bar,new_york=USDJPY|EURJPY|GBPJPY|AUDJPY|EURUSD|GBPUSD,existing_first120_gate,new_york,false,false,true,passed_first_window,head_and_shoulders,neckline_break_retest,1.33533000,PERIOD_M5,PERIOD_H1,PERIOD_M15,PERIOD_M5,PERIOD_M5,false,htf_soft_alignment,current_post_filter,transcript_post_filter,dow_trend_up_hh_hl,no_ordered_dow_wave3_break,dow_trend_up_hh_hl,no_ordered_dow_wave3_break,false,false,true,SHORT,PERIOD_M5,head_and_shoulders,head_and_shoulders,4.500,none,0.000,head_and_shoulders,4.500,none,0.000,SHORT,false,PERIOD_H1_LONG_dow_trend_up_hh_hl|PERIOD_M15_NONE_no_ordered_dow_wave3_break,true,h1_counter_m15_reversal,true,top_LONG_dow_trend_up_hh_hl|structure_NONE_no_ordered_dow_wave3_break|structure_break_recent_confirmed_swing_break_failed|primary_break_recent_confirmed_swing_break_retest,none,above_75sma_rising,above_75sma_rising,below_75sma_flat_or_rising,-1,0.00000000,0,1.33533000,false,off,NONE,NONE,0.00000000,0.00000000,0.0000,none,0.000,true,SHORT,return_low_break_or_bos_down,1.33353000,13,1.33844000,1.33213000,false,off,independent,false,,,false,0.0000,none,0.0000,0.0000,none,0.0000,0.0000,0.0000,none,0.0000,0,0,0.0000,none,none,none,none,0.0000,0,0.0000,none,false,true,not_evaluated,true,required_light_or_anchor_flip,bias_flip_down,1.33533000,2025.12.04 17:00:00,1.33628000,2025.12.04 13:30:00,2025.12.04 17:30:00,true,SHORT,1.33533000,1.33514000,0.1527,2,true,2025.12.04 18:15:00,2,SHORT,1.33533000,1.33514000,0.1527,0.5465,normal,2025.12.04 18:45:00,first_after_anchor,true,SHORT,2,0,2,true,false,fresh_0_4,true,false,false,true,none,true,required,true,PERIOD_M5,2025.12.04 18:20:00,2025.12.04 18:25:00,9,0.7939,true,1.33533000,0.7939,true,0.7552,true,m5_bearish_close_after_anchor_retest,failed_close_back_inside,false,post_anchor_close_back_inside,true,required_first_signal_only,SHORT,unknown,0.00000000,,0.00000000,,false,,-1,false,NONE,0.00000000,,0.00000000,0.0000,0.0000,none,-1,false,false,false,insufficient_confirmed_m5_pivots,GBPUSD|SHORT|1764872100|1.33533,,,false,false,false,-1,-1,-1,-1,-1,false,false,false,0.0000,rising_n,false,1.33844000,1.33213000,5.0712,true,0.5465,0.3761,2,normal,true,0.4136,preferred_382_618,0.200,diagnostic_only,diagnostic_only,diagnostic_only,fib_pullback,5,0.440,true,none,0.590,high_quality,false,false,diagnostic_only,both,true,none,true,diagnostic_adjacent_detected,required_light,false,false,LONG,4,false,false,1,2025.12.04 16:40:00,2025.12.04 18:40:00,4,7.3001,0.00000000,1.33467000,1.33467000,false,false,none,0.00000000,false,0.0000,0.0000,false,1,0.0000,false,-1,0.00000000,0.0000,off,false,not_evaluated,none,0.0000,0.0000,none,false,false,false,0.0000,none,false,none,0.0000,false,none,7.3001,3.8728,1.8850,2.1494,false,no_shrink,0.0000,none,none,false,false,none,0.0000,0.0000,0.0000,0.0000,none,false,false,0.0000,0.0000,false,false,-1,none,none,false,0.000,0.000,1.33487000,1.33472000,1.33467000,pre_session_low,0.00007000,0.0452,session_low|opening_range_low|neckline_level,1.33472000,0.0387,false,true,true,false,not_blocked,3,2,1,m5_failure_exit,off,none,0.00000000,0.0000,1.30,1.33273000,4.500,-0.300,0.200,PERIOD_M15,1.33844000,1.33213000,0.4136,preferred_382_618,0.000,true,1.33474000,1.33629000,0.00155000,1.33273000,1.297,0.00051643,20.00,0-30,true,false,none,not_consumed,4.800,4.800,none,0.0000,false,neckline_retest_failed,false,not_invalidated,spread_too_high
2025.12.04 19:05:00,blocked,session_reversal_pullback_one_symbol_first120,GBPUSD,SHORT,2025.12.04 19:00:00,19,16,1,new_york,2025.12.04 16:00,0,first_120min,true,true,3,GBPUSD,highest_score_in_session_bar,new_york=USDJPY|EURJPY|GBPJPY|AUDJPY|EURUSD|GBPUSD,existing_first120_gate,new_york,false,false,true,passed_first_window,head_and_shoulders,neckline_break_retest,1.33533000,PERIOD_M5,PERIOD_H1,PERIOD_M15,PERIOD_M5,PERIOD_M5,false,htf_soft_alignment,current_post_filter,transcript_post_filter,dow_trend_up_hh_hl,no_ordered_dow_wave3_break,dow_trend_up_hh_hl,no_ordered_dow_wave3_break,false,false,true,SHORT,PERIOD_M5,head_and_shoulders,head_and_shoulders,4.500,none,0.000,head_and_shoulders,4.500,none,0.000,SHORT,false,PERIOD_H1_LONG_dow_trend_up_hh_hl|PERIOD_M15_NONE_no_ordered_dow_wave3_break,true,h1_counter_m15_reversal,true,top_LONG_dow_trend_up_hh_hl|structure_NONE_no_ordered_dow_wave3_break|structure_break_recent_confirmed_swing_break_failed|primary_break_recent_confirmed_swing_break_retest,none,above_75sma_rising,above_75sma_rising,below_75sma_flat_or_rising,-1,0.00000000,0,1.33533000,false,off,NONE,NONE,0.00000000,0.00000000,0.0000,none,0.000,true,SHORT,return_low_break_or_bos_down,1.33353000,13,1.33844000,1.33213000,false,off,independent,false,,,false,0.0000,none,0.0000,0.0000,none,0.0000,0.0000,0.0000,none,0.0000,0,0,0.0000,none,none,none,none,0.0000,0,0.0000,none,false,true,not_evaluated,true,required_light_or_anchor_flip,bias_flip_down,1.33533000,2025.12.04 17:00:00,1.33628000,2025.12.04 13:30:00,2025.12.04 17:30:00,true,SHORT,1.33533000,1.33514000,0.1527,2,true,2025.12.04 18:15:00,2,SHORT,1.33533000,1.33514000,0.1527,0.5465,normal,2025.12.04 18:45:00,first_after_anchor,true,SHORT,2,0,2,true,false,fresh_0_4,true,false,false,true,none,true,required,true,PERIOD_M5,2025.12.04 18:20:00,2025.12.04 18:25:00,9,0.7939,true,1.33533000,0.7939,true,0.7552,true,m5_bearish_close_after_anchor_retest,failed_close_back_inside,false,post_anchor_close_back_inside,true,required_first_signal_only,SHORT,unknown,0.00000000,,0.00000000,,false,,-1,false,NONE,0.00000000,,0.00000000,0.0000,0.0000,none,-1,false,false,false,insufficient_confirmed_m5_pivots,GBPUSD|SHORT|1764872100|1.33533,,,false,false,false,-1,-1,-1,-1,-1,false,false,false,0.0000,rising_n,false,1.33844000,1.33213000,5.0712,true,0.5465,0.3761,2,normal,true,0.4136,preferred_382_618,0.200,diagnostic_only,diagnostic_only,diagnostic_only,fib_pullback,5,0.440,true,none,0.590,high_quality,false,false,diagnostic_only,both,true,none,true,diagnostic_adjacent_detected,required_light,false,false,LONG,4,false,false,1,2025.12.04 16:40:00,2025.12.04 18:40:00,4,7.3001,0.00000000,1.33467000,1.33467000,false,false,none,0.00000000,false,0.0000,0.0000,false,1,0.0000,false,-1,0.00000000,0.0000,off,false,not_evaluated,none,0.0000,0.0000,none,false,false,false,0.0000,none,false,none,0.0000,false,none,7.3001,3.8728,1.8850,2.1494,false,no_shrink,0.0000,none,none,false,false,none,0.0000,0.0000,0.0000,0.0000,none,false,false,0.0000,0.0000,false,false,-1,none,none,false,0.000,0.000,1.33487000,1.33472000,1.33467000,pre_session_low,0.00007000,0.0452,session_low|opening_range_low|neckline_level,1.33472000,0.0387,false,true,true,false,not_blocked,3,2,1,m5_failure_exit,off,none,0.00000000,0.0000,1.30,1.33273000,4.500,-0.300,0.200,PERIOD_M15,1.33844000,1.33213000,0.4136,preferred_382_618,0.000,true,1.33474000,1.33629000,0.00155000,1.33273000,1.297,0.00051643,20.00,0-30,true,false,none,blocked_spread_too_high,4.800,4.800,none,0.0000,false,neckline_retest_failed,false,not_invalidated,spread_too_high
2025.12.05 03:05:00,signal,session_reversal_pullback_one_symbol_first120,EURJPY,SHORT,2025.12.05 03:00:00,3,0,9,tokyo,2025.12.05 00:00,0,first_120min,true,true,3,EURJPY,highest_score_in_session_bar,tokyo=USDJPY|EURJPY|GBPJPY|AUDJPY,existing_first120_gate,tokyo,false,false,true,passed_first_window,double_top,neckline_break_retest,180.58400000,PERIOD_M5,PERIOD_H1,PERIOD_M15,PERIOD_M5,PERIOD_M5,false,htf_soft_alignment,current_post_filter,transcript_post_filter,dow_range_or_transition,structure_trend_bias_dow_trend_down_ll_lh,dow_range_or_transition,structure_trend_bias_dow_trend_down_ll_lh,false,true,true,SHORT,PERIOD_M5,double_top,double_top,4.200,none,0.000,double_top,4.200,none,0.000,SHORT,false,PERIOD_H1_NONE_dow_range_or_transition|PERIOD_M15_SHORT_structure_trend_bias_dow_trend_down_ll_lh,true,h1_counter_m15_reversal,true,top_NONE_dow_range_or_transition|structure_SHORT_structure_trend_bias_dow_trend_down_ll_lh|structure_break_recent_confirmed_swing_break_retest|primary_break_recent_confirmed_swing_break_failed,none,below_75sma_flat_or_rising,below_75sma_falling,below_75sma_flat_or_rising,8,180.52500000,-1,0.00000000,false,off,NONE,NONE,0.00000000,0.00000000,0.0000,none,0.000,true,SHORT,return_low_break_or_bos_down,180.52500000,8,180.75900000,180.39400000,false,off,independent,false,,,false,0.0000,none,0.0000,0.0000,none,0.0000,0.0000,0.0000,none,0.0000,0,0,0.0000,none,none,none,none,0.0000,0,0.0000,none,false,true,not_evaluated,true,required_light_or_anchor_flip,bias_flip_up,180.52500000,2025.12.04 22:30:00,180.64500000,2025.12.04 23:45:00,2025.12.05 00:15:00,true,LONG,180.64500000,180.72000000,0.7871,3,true,2025.12.05 02:00:00,3,LONG,180.64500000,180.72000000,0.7871,1.0915,strong,2025.12.05 02:30:00,first_after_anchor,true,LONG,3,1,3,true,false,fresh_0_4,false,true,false,true,none,true,required,false,PERIOD_M5,,,-1,0.0000,false,0.00000000,0.0000,false,0.0000,false,none,none,false,no_anchor_flip_in_entry_direction,true,required_first_signal_only,SHORT,unknown,0.00000000,,0.00000000,,false,,-1,false,NONE,0.00000000,,0.00000000,0.0000,0.0000,none,-1,false,false,false,no_anchor_flip_in_entry_direction,,,,false,false,false,-1,-1,-1,-1,-1,false,false,false,0.0000,range_n,true,180.64500000,180.39400000,2.6342,true,1.0915,0.3290,2,strong,true,0.5041,preferred_382_618,0.200,diagnostic_only,diagnostic_only,diagnostic_only,fib_pullback,24,0.450,true,none,0.600,high_quality,false,false,diagnostic_only,both,true,none,true,diagnostic_adjacent_detected,required_light,false,false,LONG,4,false,false,2,2025.12.05 00:25:00,2025.12.05 02:20:00,8,5.1931,0.00000000,180.54900000,180.54900000,true,true,m5_hl_close_break_down,180.54900000,true,0.2988,1.1809,true,1,0.4126,false,1,180.54900000,0.5691,off,false,not_evaluated,none,0.8571,0.1429,very_strong,false,true,true,0.4126,failed_1bar,true,back_inside,0.1392,false,weak_retest,2.9878,3.3862,0.8824,1.8069,false,mild_exhaustion,0.0000,none,none,false,false,none,0.0000,0.0000,0.0000,0.0000,none,false,false,0.0000,0.0000,false,false,-1,none,none,false,0.000,0.000,180.58400000,180.51300000,180.51300000,pre_session_low,0.06500000,0.9701,neckline_level,180.58400000,0.0854,false,true,true,false,not_blocked,4,3,1,m5_failure_exit,off,none,0.00000000,0.0000,1.30,180.49100000,4.200,0.000,0.200,PERIOD_M15,180.64500000,180.39400000,0.7331,deep_618_786,0.000,true,180.57800000,180.64500000,0.06700000,180.49100000,1.299,0.07028571,30.00,0-30,true,false,none,not_consumed,4.950,4.950,none,0.0000,false,opposite_break_first,true,opposite_break_first,spread_too_high
2025.12.05 03:05:00,blocked,session_reversal_pullback_one_symbol_first120,EURJPY,SHORT,2025.12.05 03:00:00,3,0,9,tokyo,2025.12.05 00:00,0,first_120min,true,true,3,EURJPY,highest_score_in_session_bar,tokyo=USDJPY|EURJPY|GBPJPY|AUDJPY,existing_first120_gate,tokyo,false,false,true,passed_first_window,double_top,neckline_break_retest,180.58400000,PERIOD_M5,PERIOD_H1,PERIOD_M15,PERIOD_M5,PERIOD_M5,false,htf_soft_alignment,current_post_filter,transcript_post_filter,dow_range_or_transition,structure_trend_bias_dow_trend_down_ll_lh,dow_range_or_transition,structure_trend_bias_dow_trend_down_ll_lh,false,true,true,SHORT,PERIOD_M5,double_top,double_top,4.200,none,0.000,double_top,4.200,none,0.000,SHORT,false,PERIOD_H1_NONE_dow_range_or_transition|PERIOD_M15_SHORT_structure_trend_bias_dow_trend_down_ll_lh,true,h1_counter_m15_reversal,true,top_NONE_dow_range_or_transition|structure_SHORT_structure_trend_bias_dow_trend_down_ll_lh|structure_break_recent_confirmed_swing_break_retest|primary_break_recent_confirmed_swing_break_failed,none,below_75sma_flat_or_rising,below_75sma_falling,below_75sma_flat_or_rising,8,180.52500000,-1,0.00000000,false,off,NONE,NONE,0.00000000,0.00000000,0.0000,none,0.000,true,SHORT,return_low_break_or_bos_down,180.52500000,8,180.75900000,180.39400000,false,off,independent,false,,,false,0.0000,none,0.0000,0.0000,none,0.0000,0.0000,0.0000,none,0.0000,0,0,0.0000,none,none,none,none,0.0000,0,0.0000,none,false,true,not_evaluated,true,required_light_or_anchor_flip,bias_flip_up,180.52500000,2025.12.04 22:30:00,180.64500000,2025.12.04 23:45:00,2025.12.05 00:15:00,true,LONG,180.64500000,180.72000000,0.7871,3,true,2025.12.05 02:00:00,3,LONG,180.64500000,180.72000000,0.7871,1.0915,strong,2025.12.05 02:30:00,first_after_anchor,true,LONG,3,1,3,true,false,fresh_0_4,false,true,false,true,none,true,required,false,PERIOD_M5,,,-1,0.0000,false,0.00000000,0.0000,false,0.0000,false,none,none,false,no_anchor_flip_in_entry_direction,true,required_first_signal_only,SHORT,unknown,0.00000000,,0.00000000,,false,,-1,false,NONE,0.00000000,,0.00000000,0.0000,0.0000,none,-1,false,false,false,no_anchor_flip_in_entry_direction,,,,false,false,false,-1,-1,-1,-1,-1,false,false,false,0.0000,range_n,true,180.64500000,180.39400000,2.6342,true,1.0915,0.3290,2,strong,true,0.5041,preferred_382_618,0.200,diagnostic_only,diagnostic_only,diagnostic_only,fib_pullback,24,0.450,true,none,0.600,high_quality,false,false,diagnostic_only,both,true,none,true,diagnostic_adjacent_detected,required_light,false,false,LONG,4,false,false,2,2025.12.05 00:25:00,2025.12.05 02:20:00,8,5.1931,0.00000000,180.54900000,180.54900000,true,true,m5_hl_close_break_down,180.54900000,true,0.2988,1.1809,true,1,0.4126,false,1,180.54900000,0.5691,off,false,not_evaluated,none,0.8571,0.1429,very_strong,false,true,true,0.4126,failed_1bar,true,back_inside,0.1392,false,weak_retest,2.9878,3.3862,0.8824,1.8069,false,mild_exhaustion,0.0000,none,none,false,false,none,0.0000,0.0000,0.0000,0.0000,none,false,false,0.0000,0.0000,false,false,-1,none,none,false,0.000,0.000,180.58400000,180.51300000,180.51300000,pre_session_low,0.06500000,0.9701,neckline_level,180.58400000,0.0854,false,true,true,false,not_blocked,4,3,1,m5_failure_exit,off,none,0.00000000,0.0000,1.30,180.49100000,4.200,0.000,0.200,PERIOD_M15,180.64500000,180.39400000,0.7331,deep_618_786,0.000,true,180.57800000,180.64500000,0.06700000,180.49100000,1.299,0.07028571,30.00,0-30,true,false,none,blocked_spread_too_high,4.950,4.950,none,0.0000,false,opposite_break_first,true,opposite_break_first,spread_too_high
2025.12.05 10:55:00,signal,session_reversal_pullback_one_symbol_first120,EURUSD,SHORT,2025.12.05 10:50:00,10,7,16,london,2025.12.05 07:00,50,first_120min,true,true,3,EURUSD,highest_score_in_session_bar,london=USDJPY|EURJPY|GBPJPY|AUDJPY|EURUSD|GBPUSD,existing_first120_gate,london,false,false,true,passed_first_window,head_and_shoulders,neckline_break_retest,1.16572000,PERIOD_M5,PERIOD_H1,PERIOD_M15,PERIOD_M5,PERIOD_M5,false,htf_soft_alignment,current_post_filter,transcript_post_filter,dow_range_or_transition,structure_trend_bias_dow_trend_up_hh_hl,dow_range_or_transition,structure_trend_bias_dow_trend_up_hh_hl,false,false,true,SHORT,PERIOD_M5,head_and_shoulders,head_and_shoulders,4.500,none,0.000,head_and_shoulders,4.500,none,0.000,SHORT,false,PERIOD_H1_NONE_dow_range_or_transition|PERIOD_M15_LONG_structure_trend_bias_dow_trend_up_hh_hl,true,h1_counter_m15_reversal,true,top_NONE_dow_range_or_transition|structure_LONG_structure_trend_bias_dow_trend_up_hh_hl|structure_break_recent_confirmed_swing_break_failed|primary_break_recent_confirmed_swing_break_retest,none,above_75sma_rising,above_75sma_flat_or_falling,below_75sma_flat_or_rising,-1,0.00000000,0,1.16555000,false,off,NONE,NONE,0.00000000,0.00000000,0.0000,none,0.000,true,SHORT,return_low_break_or_bos_down,1.16494000,19,1.16710000,1.16457000,false,off,independent,false,,,false,0.0000,none,0.0000,0.0000,none,0.0000,0.0000,0.0000,none,0.0000,0,0,0.0000,none,none,none,none,0.0000,0,0.0000,none,false,true,not_evaluated,true,required_light_or_anchor_flip,long_bias,1.16457000,2025.12.05 05:30:00,1.16450000,2025.12.04 23:45:00,2025.12.05 09:30:00,false,NONE,0.00000000,0.00000000,0.0000,-1,false,,-1,NONE,0.00000000,0.00000000,0.0000,0.0000,none,,none,false,NONE,-1,-1,-1,false,false,none,false,true,false,true,none,true,required,false,PERIOD_M5,,,-1,0.0000,false,0.00000000,0.0000,false,0.0000,false,none,none,false,no_anchor_flip_in_entry_direction,true,required_first_signal_only,SHORT,unknown,0.00000000,,0.00000000,,false,,-1,false,NONE,0.00000000,,0.00000000,0.0000,0.0000,none,-1,false,false,false,no_anchor_flip_in_entry_direction,,,,false,false,false,-1,-1,-1,-1,-1,false,false,false,0.0000,rising_n,false,1.16710000,1.16381000,7.5757,false,0.0000,0.0000,0,none,true,0.2411,shallow_236_382,0.080,diagnostic_only,diagnostic_only,diagnostic_only,shallow_pullback,4,0.320,true,none,0.470,high_quality,false,false,diagnostic_only,both,true,none,true,diagnostic_adjacent_detected,required_light,false,false,LONG,4,false,false,1,2025.12.05 08:40:00,2025.12.05 10:15:00,7,4.2383,0.00000000,1.16555000,1.16555000,true,true,m5_hl_close_break_down,1.16555000,true,1.0391,1.1758,true,1,0.0000,false,0,1.16555000,0.3008,off,false,not_evaluated,none,0.4900,0.0100,normal,false,false,false,0.0000,no_following_closed_bar,false,none,0.0000,false,no_retest,4.2383,1.3125,3.2292,2.7891,false,no_shrink,0.0000,none,none,false,false,none,0.0000,0.0000,0.0000,0.0000,none,false,false,0.0000,0.0000,false,false,-1,none,none,false,0.000,0.000,1.16547000,1.16516000,1.16457000,structure_confirmed_swing_low,0.00061000,0.5545,session_low|opening_range_low|neckline_level,1.16516000,0.0547,false,true,true,false,not_blocked,4,3,1,m5_failure_exit,off,none,0.00000000,0.0000,1.30,1.16375000,4.500,-0.300,0.200,PERIOD_M15,1.16710000,1.16457000,0.2411,outside,0.000,true,1.16518000,1.16628000,0.00110000,1.16375000,1.300,0.00036571,18.00,30-60,true,false,none,not_consumed,4.800,4.800,none,0.0000,false,neckline_retest_failed,false,not_invalidated,spread_too_high
2025.12.05 10:55:00,blocked,session_reversal_pullback_one_symbol_first120,EURUSD,SHORT,2025.12.05 10:50:00,10,7,16,london,2025.12.05 07:00,50,first_120min,true,true,3,EURUSD,highest_score_in_session_bar,london=USDJPY|EURJPY|GBPJPY|AUDJPY|EURUSD|GBPUSD,existing_first120_gate,london,false,false,true,passed_first_window,head_and_shoulders,neckline_break_retest,1.16572000,PERIOD_M5,PERIOD_H1,PERIOD_M15,PERIOD_M5,PERIOD_M5,false,htf_soft_alignment,current_post_filter,transcript_post_filter,dow_range_or_transition,structure_trend_bias_dow_trend_up_hh_hl,dow_range_or_transition,structure_trend_bias_dow_trend_up_hh_hl,false,false,true,SHORT,PERIOD_M5,head_and_shoulders,head_and_shoulders,4.500,none,0.000,head_and_shoulders,4.500,none,0.000,SHORT,false,PERIOD_H1_NONE_dow_range_or_transition|PERIOD_M15_LONG_structure_trend_bias_dow_trend_up_hh_hl,true,h1_counter_m15_reversal,true,top_NONE_dow_range_or_transition|structure_LONG_structure_trend_bias_dow_trend_up_hh_hl|structure_break_recent_confirmed_swing_break_failed|primary_break_recent_confirmed_swing_break_retest,none,above_75sma_rising,above_75sma_flat_or_falling,below_75sma_flat_or_rising,-1,0.00000000,0,1.16555000,false,off,NONE,NONE,0.00000000,0.00000000,0.0000,none,0.000,true,SHORT,return_low_break_or_bos_down,1.16494000,19,1.16710000,1.16457000,false,off,independent,false,,,false,0.0000,none,0.0000,0.0000,none,0.0000,0.0000,0.0000,none,0.0000,0,0,0.0000,none,none,none,none,0.0000,0,0.0000,none,false,true,not_evaluated,true,required_light_or_anchor_flip,long_bias,1.16457000,2025.12.05 05:30:00,1.16450000,2025.12.04 23:45:00,2025.12.05 09:30:00,false,NONE,0.00000000,0.00000000,0.0000,-1,false,,-1,NONE,0.00000000,0.00000000,0.0000,0.0000,none,,none,false,NONE,-1,-1,-1,false,false,none,false,true,false,true,none,true,required,false,PERIOD_M5,,,-1,0.0000,false,0.00000000,0.0000,false,0.0000,false,none,none,false,no_anchor_flip_in_entry_direction,true,required_first_signal_only,SHORT,unknown,0.00000000,,0.00000000,,false,,-1,false,NONE,0.00000000,,0.00000000,0.0000,0.0000,none,-1,false,false,false,no_anchor_flip_in_entry_direction,,,,false,false,false,-1,-1,-1,-1,-1,false,false,false,0.0000,rising_n,false,1.16710000,1.16381000,7.5757,false,0.0000,0.0000,0,none,true,0.2411,shallow_236_382,0.080,diagnostic_only,diagnostic_only,diagnostic_only,shallow_pullback,4,0.320,true,none,0.470,high_quality,false,false,diagnostic_only,both,true,none,true,diagnostic_adjacent_detected,required_light,false,false,LONG,4,false,false,1,2025.12.05 08:40:00,2025.12.05 10:15:00,7,4.2383,0.00000000,1.16555000,1.16555000,true,true,m5_hl_close_break_down,1.16555000,true,1.0391,1.1758,true,1,0.0000,false,0,1.16555000,0.3008,off,false,not_evaluated,none,0.4900,0.0100,normal,false,false,false,0.0000,no_following_closed_bar,false,none,0.0000,false,no_retest,4.2383,1.3125,3.2292,2.7891,false,no_shrink,0.0000,none,none,false,false,none,0.0000,0.0000,0.0000,0.0000,none,false,false,0.0000,0.0000,false,false,-1,none,none,false,0.000,0.000,1.16547000,1.16516000,1.16457000,structure_confirmed_swing_low,0.00061000,0.5545,session_low|opening_range_low|neckline_level,1.16516000,0.0547,false,true,true,false,not_blocked,4,3,1,m5_failure_exit,off,none,0.00000000,0.0000,1.30,1.16375000,4.500,-0.300,0.200,PERIOD_M15,1.16710000,1.16457000,0.2411,outside,0.000,true,1.16518000,1.16628000,0.00110000,1.16375000,1.300,0.00036571,18.00,30-60,true,false,none,blocked_spread_too_high,4.800,4.800,none,0.0000,false,neckline_retest_failed,false,not_invalidated,spread_too_high
2025.12.05 19:15:00,signal,session_reversal_pullback_one_symbol_first120,USDJPY,LONG,2025.12.05 19:10:00,19,16,1,new_york,2025.12.05 16:00,10,first_120min,true,true,3,USDJPY,highest_score_in_session_bar,new_york=USDJPY|EURJPY|GBPJPY|AUDJPY|EURUSD|GBPUSD,existing_first120_gate,new_york,false,false,true,passed_first_window,double_bottom,neckline_break_retest,155.24000000,PERIOD_M5,PERIOD_H1,PERIOD_M15,PERIOD_M5,PERIOD_M5,false,htf_soft_alignment,current_post_filter,transcript_post_filter,dow_trend_down_ll_lh,structure_trend_bias_dow_trend_up_hh_hl,dow_trend_down_ll_lh,structure_trend_bias_dow_trend_up_hh_hl,false,true,false,LONG,PERIOD_M5,double_bottom,double_bottom,4.200,none,0.000,double_bottom,4.200,none,0.000,LONG,false,PERIOD_H1_SHORT_dow_trend_down_ll_lh|PERIOD_M15_LONG_structure_trend_bias_dow_trend_up_hh_hl,true,h1_counter_m15_reversal,true,top_SHORT_dow_trend_down_ll_lh|structure_LONG_structure_trend_bias_dow_trend_up_hh_hl|structure_break_recent_confirmed_swing_break_failed|primary_break_recent_confirmed_swing_break_retest,none,above_75sma_flat_or_falling,above_75sma_rising,above_75sma_rising,-1,0.00000000,1,155.27800000,false,off,NONE,NONE,0.00000000,0.00000000,0.0000,none,0.000,true,LONG,return_high_break_or_bos_up,155.34900000,3,155.48600000,155.07600000,false,off,independent,false,,,false,0.0000,none,0.0000,0.0000,none,0.0000,0.0000,0.0000,none,0.0000,0,0,0.0000,none,none,none,none,0.0000,0,0.0000,none,false,true,not_evaluated,true,required_light_or_anchor_flip,long_bias,155.10000000,2025.12.05 15:30:00,154.64100000,2025.12.05 09:00:00,2025.12.05 18:15:00,false,NONE,0.00000000,0.00000000,0.0000,-1,false,,-1,NONE,0.00000000,0.00000000,0.0000,0.0000,none,,none,false,NONE,-1,-1,-1,false,false,none,true,false,false,true,none,true,required,false,PERIOD_M5,,,-1,0.0000,false,0.00000000,0.0000,false,0.0000,false,none,none,false,no_anchor_flip_in_entry_direction,true,required_first_signal_only,LONG,unknown,0.00000000,,0.00000000,,false,,-1,false,NONE,0.00000000,,0.00000000,0.0000,0.0000,none,-1,false,false,false,no_anchor_flip_in_entry_direction,,,,false,false,false,-1,-1,-1,-1,-1,false,false,false,0.0000,rising_n,false,155.48600000,154.33700000,9.6845,false,0.0000,0.0000,0,none,true,0.4829,preferred_382_618,0.200,diagnostic_only,diagnostic_only,diagnostic_only,shallow_pullback,24,0.400,true,none,0.550,high_quality,false,false,diagnostic_only,both,true,none,true,diagnostic_adjacent_detected,required_light,false,false,SHORT,4,false,false,0,2025.12.05 16:30:00,2025.12.05 18:50:00,4,6.0000,155.48600000,0.00000000,155.48600000,false,false,none,0.00000000,false,0.0000,0.0000,false,1,0.0000,false,-1,0.00000000,0.0000,off,false,not_evaluated,none,0.0000,0.0000,none,false,false,false,0.0000,none,false,none,0.0000,false,none,3.9174,2.5620,1.5290,0.0000,true,strong_exhaustion,0.0000,none,none,false,false,none,0.0000,0.0000,0.0000,0.0000,none,false,false,0.0000,0.0000,false,false,-1,none,none,false,0.000,0.000,155.30450000,155.27520000,155.30450000,recent_equal_highs,0.01650000,0.1031,neckline_level,155.24000000,0.7934,false,true,true,false,not_blocked,8,5,3,m5_failure_exit,off,none,0.00000000,0.0000,1.30,155.49600000,4.200,-0.300,0.200,PERIOD_M15,155.34900000,155.10000000,0.2450,outside,0.000,true,155.28800000,155.12800000,0.16000000,155.49600000,1.300,0.06050000,17.00,0-30,true,false,none,not_consumed,4.500,4.500,none,0.0000,false,neckline_retest_failed,false,not_invalidated,spread_too_high
2025.12.05 19:15:00,blocked,session_reversal_pullback_one_symbol_first120,USDJPY,LONG,2025.12.05 19:10:00,19,16,1,new_york,2025.12.05 16:00,10,first_120min,true,true,3,USDJPY,highest_score_in_session_bar,new_york=USDJPY|EURJPY|GBPJPY|AUDJPY|EURUSD|GBPUSD,existing_first120_gate,new_york,false,false,true,passed_first_window,double_bottom,neckline_break_retest,155.24000000,PERIOD_M5,PERIOD_H1,PERIOD_M15,PERIOD_M5,PERIOD_M5,false,htf_soft_alignment,current_post_filter,transcript_post_filter,dow_trend_down_ll_lh,structure_trend_bias_dow_trend_up_hh_hl,dow_trend_down_ll_lh,structure_trend_bias_dow_trend_up_hh_hl,false,true,false,LONG,PERIOD_M5,double_bottom,double_bottom,4.200,none,0.000,double_bottom,4.200,none,0.000,LONG,false,PERIOD_H1_SHORT_dow_trend_down_ll_lh|PERIOD_M15_LONG_structure_trend_bias_dow_trend_up_hh_hl,true,h1_counter_m15_reversal,true,top_SHORT_dow_trend_down_ll_lh|structure_LONG_structure_trend_bias_dow_trend_up_hh_hl|structure_break_recent_confirmed_swing_break_failed|primary_break_recent_confirmed_swing_break_retest,none,above_75sma_flat_or_falling,above_75sma_rising,above_75sma_rising,-1,0.00000000,1,155.27800000,false,off,NONE,NONE,0.00000000,0.00000000,0.0000,none,0.000,true,LONG,return_high_break_or_bos_up,155.34900000,3,155.48600000,155.07600000,false,off,independent,false,,,false,0.0000,none,0.0000,0.0000,none,0.0000,0.0000,0.0000,none,0.0000,0,0,0.0000,none,none,none,none,0.0000,0,0.0000,none,false,true,not_evaluated,true,required_light_or_anchor_flip,long_bias,155.10000000,2025.12.05 15:30:00,154.64100000,2025.12.05 09:00:00,2025.12.05 18:15:00,false,NONE,0.00000000,0.00000000,0.0000,-1,false,,-1,NONE,0.00000000,0.00000000,0.0000,0.0000,none,,none,false,NONE,-1,-1,-1,false,false,none,true,false,false,true,none,true,required,false,PERIOD_M5,,,-1,0.0000,false,0.00000000,0.0000,false,0.0000,false,none,none,false,no_anchor_flip_in_entry_direction,true,required_first_signal_only,LONG,unknown,0.00000000,,0.00000000,,false,,-1,false,NONE,0.00000000,,0.00000000,0.0000,0.0000,none,-1,false,false,false,no_anchor_flip_in_entry_direction,,,,false,false,false,-1,-1,-1,-1,-1,false,false,false,0.0000,rising_n,false,155.48600000,154.33700000,9.6845,false,0.0000,0.0000,0,none,true,0.4829,preferred_382_618,0.200,diagnostic_only,diagnostic_only,diagnostic_only,shallow_pullback,24,0.400,true,none,0.550,high_quality,false,false,diagnostic_only,both,true,none,true,diagnostic_adjacent_detected,required_light,false,false,SHORT,4,false,false,0,2025.12.05 16:30:00,2025.12.05 18:50:00,4,6.0000,155.48600000,0.00000000,155.48600000,false,false,none,0.00000000,false,0.0000,0.0000,false,1,0.0000,false,-1,0.00000000,0.0000,off,false,not_evaluated,none,0.0000,0.0000,none,false,false,false,0.0000,none,false,none,0.0000,false,none,3.9174,2.5620,1.5290,0.0000,true,strong_exhaustion,0.0000,none,none,false,false,none,0.0000,0.0000,0.0000,0.0000,none,false,false,0.0000,0.0000,false,false,-1,none,none,false,0.000,0.000,155.30450000,155.27520000,155.30450000,recent_equal_highs,0.01650000,0.1031,neckline_level,155.24000000,0.7934,false,true,true,false,not_blocked,8,5,3,m5_failure_exit,off,none,0.00000000,0.0000,1.30,155.49600000,4.200,-0.300,0.200,PERIOD_M15,155.34900000,155.10000000,0.2450,outside,0.000,true,155.28800000,155.12800000,0.16000000,155.49600000,1.300,0.06050000,17.00,0-30,true,false,none,blocked_spread_too_high,4.500,4.500,none,0.0000,false,neckline_retest_failed,false,not_invalidated,spread_too_high
2025.12.08 04:30:00,signal,session_reversal_pullback_one_symbol_first120,AUDJPY,LONG,2025.12.08 04:25:00,4,1,10,tokyo,2025.12.08 00:00,85,first_120min,false,true,3,AUDJPY,highest_score_in_session_bar,tokyo=USDJPY|EURJPY|GBPJPY|AUDJPY,existing_first120_gate,tokyo,false,false,true,passed_first_window,inverse_head_and_shoulders,neckline_break_retest,102.95900000,PERIOD_M5,PERIOD_H1,PERIOD_M15,PERIOD_M5,PERIOD_M5,false,htf_soft_alignment,current_post_filter,transcript_post_filter,dow_range_or_transition,structure_trend_bias_dow_trend_down_ll_lh,dow_range_or_transition,structure_trend_bias_dow_trend_down_ll_lh,false,true,false,LONG,PERIOD_M5,inverse_head_and_shoulders,inverse_head_and_shoulders,4.500,none,0.000,inverse_head_and_shoulders,4.500,none,0.000,LONG,false,PERIOD_H1_NONE_dow_range_or_transition|PERIOD_M15_SHORT_structure_trend_bias_dow_trend_down_ll_lh,true,h1_counter_m15_reversal,true,top_NONE_dow_range_or_transition|structure_SHORT_structure_trend_bias_dow_trend_down_ll_lh|structure_break_recent_confirmed_swing_break_failed|primary_break_recent_confirmed_swing_break_retest,none,above_75sma_rising,above_75sma_rising,below_75sma_falling,-1,0.00000000,0,102.97800000,false,off,NONE,NONE,0.00000000,0.00000000,0.0000,none,0.000,true,LONG,return_high_break_or_bos_up,103.11300000,21,103.15900000,102.82100000,false,off,independent,false,,,false,0.0000,none,0.0000,0.0000,none,0.0000,0.0000,0.0000,none,0.0000,0,0,0.0000,none,none,none,none,0.0000,0,0.0000,none,false,true,not_evaluated,true,required_light_or_anchor_flip,short_bias,103.03800000,2025.12.05 21:45:00,103.15900000,2025.12.05 23:45:00,2025.12.08 00:45:00,false,NONE,0.00000000,0.00000000,0.0000,-1,false,,-1,NONE,0.00000000,0.00000000,0.0000,0.0000,none,,none,false,NONE,-1,-1,-1,false,false,none,false,true,false,true,none,true,required,false,PERIOD_M5,,,-1,0.0000,false,0.00000000,0.0000,false,0.0000,false,none,none,false,no_anchor_flip_in_entry_direction,true,required_first_signal_only,LONG,unknown,0.00000000,,0.00000000,,false,,-1,false,NONE,0.00000000,,0.00000000,0.0000,0.0000,none,-1,false,false,false,no_anchor_flip_in_entry_direction,,,,false,false,false,-1,-1,-1,-1,-1,false,false,false,0.0000,falling_n,false,103.15900000,102.82100000,4.4516,false,0.0000,0.0000,0,none,true,0.4142,preferred_382_618,0.200,diagnostic_only,diagnostic_only,diagnostic_only,fib_pullback,24,0.450,true,none,0.600,high_quality,false,false,diagnostic_only,both,true,none,true,diagnostic_adjacent_detected,required_light,false,false,SHORT,4,false,false,2,2025.12.08 01:50:00,2025.12.08 03:45:00,8,4.9502,103.05000000,0.00000000,103.05000000,false,false,none,0.00000000,false,0.0000,0.0000,false,1,0.0000,false,-1,0.00000000,0.0000,off,false,not_evaluated,none,0.0000,0.0000,none,false,false,false,0.0000,none,false,none,0.0000,false,none,3.4237,3.2928,1.0397,1.6573,false,no_shrink,0.0000,none,none,false,false,none,0.0000,0.0000,0.0000,0.0000,none,false,false,0.0000,0.0000,false,false,-1,none,none,false,0.000,0.000,103.05000000,103.01000000,103.05000000,pre_session_high,0.03100000,0.2385,session_high|opening_range_high|neckline_level,103.01000000,0.1963,false,true,true,false,not_blocked,7,6,1,m5_failure_exit,off,none,0.00000000,0.0000,1.30,103.18800000,4.500,-0.300,0.200,PERIOD_M15,103.12000000,102.82100000,0.3378,outside,0.000,true,103.01900000,102.88900000,0.13000000,103.18800000,1.300,0.04585714,28.00,60-90,true,false,none,not_consumed,4.800,4.800,none,0.0000,false,opposite_break_first,true,opposite_break_first,spread_too_high
2025.12.08 04:30:00,blocked,session_reversal_pullback_one_symbol_first120,AUDJPY,LONG,2025.12.08 04:25:00,4,1,10,tokyo,2025.12.08 00:00,85,first_120min,false,true,3,AUDJPY,highest_score_in_session_bar,tokyo=USDJPY|EURJPY|GBPJPY|AUDJPY,existing_first120_gate,tokyo,false,false,true,passed_first_window,inverse_head_and_shoulders,neckline_break_retest,102.95900000,PERIOD_M5,PERIOD_H1,PERIOD_M15,PERIOD_M5,PERIOD_M5,false,htf_soft_alignment,current_post_filter,transcript_post_filter,dow_range_or_transition,structure_trend_bias_dow_trend_down_ll_lh,dow_range_or_transition,structure_trend_bias_dow_trend_down_ll_lh,false,true,false,LONG,PERIOD_M5,inverse_head_and_shoulders,inverse_head_and_shoulders,4.500,none,0.000,inverse_head_and_shoulders,4.500,none,0.000,LONG,false,PERIOD_H1_NONE_dow_range_or_transition|PERIOD_M15_SHORT_structure_trend_bias_dow_trend_down_ll_lh,true,h1_counter_m15_reversal,true,top_NONE_dow_range_or_transition|structure_SHORT_structure_trend_bias_dow_trend_down_ll_lh|structure_break_recent_confirmed_swing_break_failed|primary_break_recent_confirmed_swing_break_retest,none,above_75sma_rising,above_75sma_rising,below_75sma_falling,-1,0.00000000,0,102.97800000,false,off,NONE,NONE,0.00000000,0.00000000,0.0000,none,0.000,true,LONG,return_high_break_or_bos_up,103.11300000,21,103.15900000,102.82100000,false,off,independent,false,,,false,0.0000,none,0.0000,0.0000,none,0.0000,0.0000,0.0000,none,0.0000,0,0,0.0000,none,none,none,none,0.0000,0,0.0000,none,false,true,not_evaluated,true,required_light_or_anchor_flip,short_bias,103.03800000,2025.12.05 21:45:00,103.15900000,2025.12.05 23:45:00,2025.12.08 00:45:00,false,NONE,0.00000000,0.00000000,0.0000,-1,false,,-1,NONE,0.00000000,0.00000000,0.0000,0.0000,none,,none,false,NONE,-1,-1,-1,false,false,none,false,true,false,true,none,true,required,false,PERIOD_M5,,,-1,0.0000,false,0.00000000,0.0000,false,0.0000,false,none,none,false,no_anchor_flip_in_entry_direction,true,required_first_signal_only,LONG,unknown,0.00000000,,0.00000000,,false,,-1,false,NONE,0.00000000,,0.00000000,0.0000,0.0000,none,-1,false,false,false,no_anchor_flip_in_entry_direction,,,,false,false,false,-1,-1,-1,-1,-1,false,false,false,0.0000,falling_n,false,103.15900000,102.82100000,4.4516,false,0.0000,0.0000,0,none,true,0.4142,preferred_382_618,0.200,diagnostic_only,diagnostic_only,diagnostic_only,fib_pullback,24,0.450,true,none,0.600,high_quality,false,false,diagnostic_only,both,true,none,true,diagnostic_adjacent_detected,required_light,false,false,SHORT,4,false,false,2,2025.12.08 01:50:00,2025.12.08 03:45:00,8,4.9502,103.05000000,0.00000000,103.05000000,false,false,none,0.00000000,false,0.0000,0.0000,false,1,0.0000,false,-1,0.00000000,0.0000,off,false,not_evaluated,none,0.0000,0.0000,none,false,false,false,0.0000,none,false,none,0.0000,false,none,3.4237,3.2928,1.0397,1.6573,false,no_shrink,0.0000,none,none,false,false,none,0.0000,0.0000,0.0000,0.0000,none,false,false,0.0000,0.0000,false,false,-1,none,none,false,0.000,0.000,103.05000000,103.01000000,103.05000000,pre_session_high,0.03100000,0.2385,session_high|opening_range_high|neckline_level,103.01000000,0.1963,false,true,true,false,not_blocked,7,6,1,m5_failure_exit,off,none,0.00000000,0.0000,1.30,103.18800000,4.500,-0.300,0.200,PERIOD_M15,103.12000000,102.82100000,0.3378,outside,0.000,true,103.01900000,102.88900000,0.13000000,103.18800000,1.300,0.04585714,28.00,60-90,true,false,none,blocked_spread_too_high,4.800,4.800,none,0.0000,false,opposite_break_first,true,opposite_break_first,spread_too_high
2025.12.08 16:10:00,signal,session_reversal_pullback_one_symbol_first120,EURUSD,SHORT,2025.12.08 16:05:00,16,13,22,london_newyork_overlap,2025.12.08 13:00,5,first_120min,true,true,3,EURUSD,highest_score_in_session_bar,london_newyork_overlap=USDJPY|EURJPY|GBPJPY|AUDJPY|EURUSD|GBPUSD,existing_first120_gate,london_newyork_overlap,true,false,true,passed_first_window,double_top,neckline_break_retest,1.16518000,PERIOD_M5,PERIOD_H1,PERIOD_M15,PERIOD_M5,PERIOD_M5,false,htf_soft_alignment,current_post_filter,transcript_post_filter,dow_range_or_transition,structure_trend_bias_dow_trend_down_ll_lh,dow_range_or_transition,structure_trend_bias_dow_trend_down_ll_lh,false,false,true,SHORT,PERIOD_M5,double_top,double_top,4.200,none,0.000,double_top,4.200,none,0.000,SHORT,false,PERIOD_H1_NONE_dow_range_or_transition|PERIOD_M15_SHORT_structure_trend_bias_dow_trend_down_ll_lh,true,h1_counter_m15_reversal,true,top_NONE_dow_range_or_transition|structure_SHORT_structure_trend_bias_dow_trend_down_ll_lh|structure_break_recent_confirmed_swing_break_retest|primary_break_recent_confirmed_swing_break_failed,none,below_75sma_flat_or_rising,below_75sma_flat_or_rising,below_75sma_falling,0,1.16489000,-1,0.00000000,false,off,NONE,NONE,0.00000000,0.00000000,0.0000,none,0.000,true,SHORT,return_low_break_or_bos_down,1.16489000,0,1.16527000,1.16459000,false,off,independent,false,,,false,0.0000,none,0.0000,0.0000,none,0.0000,0.0000,0.0000,none,0.0000,0,0,0.0000,none,none,none,none,0.0000,0,0.0000,none,false,true,not_evaluated,true,required_light_or_anchor_flip,short_bias,1.16517000,2025.12.08 07:15:00,1.16569000,2025.12.08 11:00:00,2025.12.08 13:00:00,false,NONE,0.00000000,0.00000000,0.0000,-1,false,,-1,NONE,0.00000000,0.00000000,0.0000,0.0000,none,,none,false,NONE,-1,-1,-1,false,false,none,true,false,false,true,none,true,required,false,PERIOD_M5,,,-1,0.0000,false,0.00000000,0.0000,false,0.0000,false,none,none,false,no_anchor_flip_in_entry_direction,true,required_first_signal_only,SHORT,unknown,0.00000000,,0.00000000,,false,,-1,false,NONE,0.00000000,,0.00000000,0.0000,0.0000,none,-1,false,false,false,no_anchor_flip_in_entry_direction,,,,false,false,false,-1,-1,-1,-1,-1,false,false,false,0.0000,falling_n,false,1.16671000,1.16459000,4.3140,false,0.0000,0.0000,0,none,true,0.3353,shallow_236_382,0.080,diagnostic_only,diagnostic_only,diagnostic_only,shallow_pullback,10,0.370,true,none,0.520,high_quality,false,false,diagnostic_only,both,true,none,true,diagnostic_adjacent_detected,required_light,false,false,LONG,5,false,false,1,2025.12.08 13:15:00,2025.12.08 15:40:00,5,3.6468,0.00000000,1.16448000,1.16448000,false,false,none,0.00000000,false,0.0000,0.0000,false,1,0.0000,false,-1,0.00000000,0.0000,off,false,not_evaluated,none,0.0000,0.0000,none,false,false,false,0.0000,none,false,none,0.0000,false,none,3.6468,1.8234,2.0000,1.2053,false,no_shrink,0.0000,none,none,false,false,none,0.0000,0.0000,0.0000,0.0000,none,false,false,0.0000,0.0000,false,false,-1,none,none,false,0.000,0.000,1.16505000,1.16494000,1.16494000,recent_rejection_zone,0.00010000,0.2083,neckline_level,1.16518000,0.4327,false,true,true,false,not_blocked,9,5,4,m5_failure_exit,off,none,0.00000000,0.0000,1.30,1.16442000,4.200,-0.300,0.200,PERIOD_M15,1.16527000,1.16459000,0.6618,deep_618_786,0.000,true,1.16504000,1.16552000,0.00048000,1.16442000,1.292,0.00032357,18.00,0-30,true,false,none,not_consumed,4.650,4.650,none,0.0000,false,opposite_break_first,true,opposite_break_first,spread_too_high
2025.12.08 16:10:00,blocked,session_reversal_pullback_one_symbol_first120,EURUSD,SHORT,2025.12.08 16:05:00,16,13,22,london_newyork_overlap,2025.12.08 13:00,5,first_120min,true,true,3,EURUSD,highest_score_in_session_bar,london_newyork_overlap=USDJPY|EURJPY|GBPJPY|AUDJPY|EURUSD|GBPUSD,existing_first120_gate,london_newyork_overlap,true,false,true,passed_first_window,double_top,neckline_break_retest,1.16518000,PERIOD_M5,PERIOD_H1,PERIOD_M15,PERIOD_M5,PERIOD_M5,false,htf_soft_alignment,current_post_filter,transcript_post_filter,dow_range_or_transition,structure_trend_bias_dow_trend_down_ll_lh,dow_range_or_transition,structure_trend_bias_dow_trend_down_ll_lh,false,false,true,SHORT,PERIOD_M5,double_top,double_top,4.200,none,0.000,double_top,4.200,none,0.000,SHORT,false,PERIOD_H1_NONE_dow_range_or_transition|PERIOD_M15_SHORT_structure_trend_bias_dow_trend_down_ll_lh,true,h1_counter_m15_reversal,true,top_NONE_dow_range_or_transition|structure_SHORT_structure_trend_bias_dow_trend_down_ll_lh|structure_break_recent_confirmed_swing_break_retest|primary_break_recent_confirmed_swing_break_failed,none,below_75sma_flat_or_rising,below_75sma_flat_or_rising,below_75sma_falling,0,1.16489000,-1,0.00000000,false,off,NONE,NONE,0.00000000,0.00000000,0.0000,none,0.000,true,SHORT,return_low_break_or_bos_down,1.16489000,0,1.16527000,1.16459000,false,off,independent,false,,,false,0.0000,none,0.0000,0.0000,none,0.0000,0.0000,0.0000,none,0.0000,0,0,0.0000,none,none,none,none,0.0000,0,0.0000,none,false,true,not_evaluated,true,required_light_or_anchor_flip,short_bias,1.16517000,2025.12.08 07:15:00,1.16569000,2025.12.08 11:00:00,2025.12.08 13:00:00,false,NONE,0.00000000,0.00000000,0.0000,-1,false,,-1,NONE,0.00000000,0.00000000,0.0000,0.0000,none,,none,false,NONE,-1,-1,-1,false,false,none,true,false,false,true,none,true,required,false,PERIOD_M5,,,-1,0.0000,false,0.00000000,0.0000,false,0.0000,false,none,none,false,no_anchor_flip_in_entry_direction,true,required_first_signal_only,SHORT,unknown,0.00000000,,0.00000000,,false,,-1,false,NONE,0.00000000,,0.00000000,0.0000,0.0000,none,-1,false,false,false,no_anchor_flip_in_entry_direction,,,,false,false,false,-1,-1,-1,-1,-1,false,false,false,0.0000,falling_n,false,1.16671000,1.16459000,4.3140,false,0.0000,0.0000,0,none,true,0.3353,shallow_236_382,0.080,diagnostic_only,diagnostic_only,diagnostic_only,shallow_pullback,10,0.370,true,none,0.520,high_quality,false,false,diagnostic_only,both,true,none,true,diagnostic_adjacent_detected,required_light,false,false,LONG,5,false,false,1,2025.12.08 13:15:00,2025.12.08 15:40:00,5,3.6468,0.00000000,1.16448000,1.16448000,false,false,none,0.00000000,false,0.0000,0.0000,false,1,0.0000,false,-1,0.00000000,0.0000,off,false,not_evaluated,none,0.0000,0.0000,none,false,false,false,0.0000,none,false,none,0.0000,false,none,3.6468,1.8234,2.0000,1.2053,false,no_shrink,0.0000,none,none,false,false,none,0.0000,0.0000,0.0000,0.0000,none,false,false,0.0000,0.0000,false,false,-1,none,none,false,0.000,0.000,1.16505000,1.16494000,1.16494000,recent_rejection_zone,0.00010000,0.2083,neckline_level,1.16518000,0.4327,false,true,true,false,not_blocked,9,5,4,m5_failure_exit,off,none,0.00000000,0.0000,1.30,1.16442000,4.200,-0.300,0.200,PERIOD_M15,1.16527000,1.16459000,0.6618,deep_618_786,0.000,true,1.16504000,1.16552000,0.00048000,1.16442000,1.292,0.00032357,18.00,0-30,true,false,none,blocked_spread_too_high,4.650,4.650,none,0.0000,false,opposite_break_first,true,opposite_break_first,spread_too_high
2025.12.08 19:50:00,signal,session_reversal_pullback_one_symbol_first120,GBPUSD,LONG,2025.12.08 19:45:00,19,16,1,new_york,2025.12.08 16:00,45,first_120min,true,true,3,GBPUSD,highest_score_in_session_bar,new_york=USDJPY|EURJPY|GBPJPY|AUDJPY|EURUSD|GBPUSD,existing_first120_gate,new_york,false,false,true,passed_first_window,inverse_head_and_shoulders,neckline_break_retest,1.33162000,PERIOD_M5,PERIOD_H1,PERIOD_M15,PERIOD_M5,PERIOD_M5,false,htf_soft_alignment,current_post_filter,transcript_post_filter,dow_range_or_transition,structure_trend_bias_dow_trend_down_ll_lh,dow_range_or_transition,structure_trend_bias_dow_trend_down_ll_lh,false,true,false,LONG,PERIOD_M5,inverse_head_and_shoulders,inverse_head_and_shoulders,4.500,none,0.000,inverse_head_and_shoulders,4.500,none,0.000,LONG,false,PERIOD_H1_NONE_dow_range_or_transition|PERIOD_M15_SHORT_structure_trend_bias_dow_trend_down_ll_lh,true,h1_counter_m15_reversal,true,top_NONE_dow_range_or_transition|structure_SHORT_structure_trend_bias_dow_trend_down_ll_lh|structure_break_recent_confirmed_swing_break_failed|primary_break_no_recent_confirmed_swing_break,none,below_75sma_flat_or_rising,below_75sma_falling,above_75sma_flat_or_falling,-1,0.00000000,-1,0.00000000,false,off,NONE,NONE,0.00000000,0.00000000,0.0000,none,0.000,true,LONG,return_high_break_or_bos_up,1.33285000,12,1.33374000,1.33047000,false,off,independent,false,,,false,0.0000,none,0.0000,0.0000,none,0.0000,0.0000,0.0000,none,0.0000,0,0,0.0000,none,none,none,none,0.0000,0,0.0000,none,false,true,not_evaluated,true,required_light_or_anchor_flip,short_bias,1.33140000,2025.12.08 15:30:00,1.33374000,2025.12.08 16:15:00,2025.12.08 17:30:00,false,NONE,0.00000000,0.00000000,0.0000,-1,false,,-1,NONE,0.00000000,0.00000000,0.0000,0.0000,none,,none,false,NONE,-1,-1,-1,false,false,none,false,true,false,true,none,true,required,false,PERIOD_M5,,,-1,0.0000,false,0.00000000,0.0000,false,0.0000,false,none,none,false,no_anchor_flip_in_entry_direction,true,required_first_signal_only,LONG,unknown,0.00000000,,0.00000000,,false,,-1,false,NONE,0.00000000,,0.00000000,0.0000,0.0000,none,-1,false,false,false,no_anchor_flip_in_entry_direction,,,,false,false,false,-1,-1,-1,-1,-1,false,false,false,0.0000,falling_n,false,1.33374000,1.33047000,3.1270,false,0.0000,0.0000,0,none,true,0.5076,preferred_382_618,0.200,diagnostic_only,diagnostic_only,diagnostic_only,fib_pullback,24,0.400,true,none,0.550,high_quality,false,false,diagnostic_only,both,true,none,true,diagnostic_adjacent_detected,required_light,false,false,SHORT,7,false,false,0,2025.12.08 18:15:00,2025.12.08 19:15:00,6,2.8781,1.33241000,0.00000000,1.33241000,false,false,none,0.00000000,false,0.0000,0.0000,false,1,0.0000,false,-1,0.00000000,0.0000,off,false,not_evaluated,none,0.0000,0.0000,none,false,false,false,0.0000,none,false,none,0.0000,false,none,2.8781,1.8913,1.5217,0.0000,true,strong_exhaustion,0.0000,none,none,false,false,none,0.0000,0.0000,0.0000,0.0000,none,false,false,0.0000,0.0000,false,false,-1,none,none,false,0.000,0.000,1.33223000,1.33199000,1.33223000,consolidation_zone,0.00015000,0.1293,session_high|opening_range_high|neckline_level,1.33199000,0.1850,false,true,true,false,not_blocked,3,2,1,m5_failure_exit,off,none,0.00000000,0.0000,1.30,1.33358000,4.500,-0.300,0.200,PERIOD_M15,1.33241000,1.33047000,0.1701,outside,0.000,true,1.33208000,1.33092000,0.00116000,1.33358000,1.293,0.00048643,20.00,30-60,true,false,none,not_consumed,4.600,4.600,none,0.0000,false,opposite_break_first,true,opposite_break_first,spread_too_high
2025.12.08 19:50:00,blocked,session_reversal_pullback_one_symbol_first120,GBPUSD,LONG,2025.12.08 19:45:00,19,16,1,new_york,2025.12.08 16:00,45,first_120min,true,true,3,GBPUSD,highest_score_in_session_bar,new_york=USDJPY|EURJPY|GBPJPY|AUDJPY|EURUSD|GBPUSD,existing_first120_gate,new_york,false,false,true,passed_first_window,inverse_head_and_shoulders,neckline_break_retest,1.33162000,PERIOD_M5,PERIOD_H1,PERIOD_M15,PERIOD_M5,PERIOD_M5,false,htf_soft_alignment,current_post_filter,transcript_post_filter,dow_range_or_transition,structure_trend_bias_dow_trend_down_ll_lh,dow_range_or_transition,structure_trend_bias_dow_trend_down_ll_lh,false,true,false,LONG,PERIOD_M5,inverse_head_and_shoulders,inverse_head_and_shoulders,4.500,none,0.000,inverse_head_and_shoulders,4.500,none,0.000,LONG,false,PERIOD_H1_NONE_dow_range_or_transition|PERIOD_M15_SHORT_structure_trend_bias_dow_trend_down_ll_lh,true,h1_counter_m15_reversal,true,top_NONE_dow_range_or_transition|structure_SHORT_structure_trend_bias_dow_trend_down_ll_lh|structure_break_recent_confirmed_swing_break_failed|primary_break_no_recent_confirmed_swing_break,none,below_75sma_flat_or_rising,below_75sma_falling,above_75sma_flat_or_falling,-1,0.00000000,-1,0.00000000,false,off,NONE,NONE,0.00000000,0.00000000,0.0000,none,0.000,true,LONG,return_high_break_or_bos_up,1.33285000,12,1.33374000,1.33047000,false,off,independent,false,,,false,0.0000,none,0.0000,0.0000,none,0.0000,0.0000,0.0000,none,0.0000,0,0,0.0000,none,none,none,none,0.0000,0,0.0000,none,false,true,not_evaluated,true,required_light_or_anchor_flip,short_bias,1.33140000,2025.12.08 15:30:00,1.33374000,2025.12.08 16:15:00,2025.12.08 17:30:00,false,NONE,0.00000000,0.00000000,0.0000,-1,false,,-1,NONE,0.00000000,0.00000000,0.0000,0.0000,none,,none,false,NONE,-1,-1,-1,false,false,none,false,true,false,true,none,true,required,false,PERIOD_M5,,,-1,0.0000,false,0.00000000,0.0000,false,0.0000,false,none,none,false,no_anchor_flip_in_entry_direction,true,required_first_signal_only,LONG,unknown,0.00000000,,0.00000000,,false,,-1,false,NONE,0.00000000,,0.00000000,0.0000,0.0000,none,-1,false,false,false,no_anchor_flip_in_entry_direction,,,,false,false,false,-1,-1,-1,-1,-1,false,false,false,0.0000,falling_n,false,1.33374000,1.33047000,3.1270,false,0.0000,0.0000,0,none,true,0.5076,preferred_382_618,0.200,diagnostic_only,diagnostic_only,diagnostic_only,fib_pullback,24,0.400,true,none,0.550,high_quality,false,false,diagnostic_only,both,true,none,true,diagnostic_adjacent_detected,required_light,false,false,SHORT,7,false,false,0,2025.12.08 18:15:00,2025.12.08 19:15:00,6,2.8781,1.33241000,0.00000000,1.33241000,false,false,none,0.00000000,false,0.0000,0.0000,false,1,0.0000,false,-1,0.00000000,0.0000,off,false,not_evaluated,none,0.0000,0.0000,none,false,false,false,0.0000,none,false,none,0.0000,false,none,2.8781,1.8913,1.5217,0.0000,true,strong_exhaustion,0.0000,none,none,false,false,none,0.0000,0.0000,0.0000,0.0000,none,false,false,0.0000,0.0000,false,false,-1,none,none,false,0.000,0.000,1.33223000,1.33199000,1.33223000,consolidation_zone,0.00015000,0.1293,session_high|opening_range_high|neckline_level,1.33199000,0.1850,false,true,true,false,not_blocked,3,2,1,m5_failure_exit,off,none,0.00000000,0.0000,1.30,1.33358000,4.500,-0.300,0.200,PERIOD_M15,1.33241000,1.33047000,0.1701,outside,0.000,true,1.33208000,1.33092000,0.00116000,1.33358000,1.293,0.00048643,20.00,30-60,true,false,none,blocked_spread_too_high,4.600,4.600,none,0.0000,false,opposite_break_first,true,opposite_break_first,spread_too_high
2025.12.09 19:15:00,signal,session_reversal_pullback_one_symbol_first120,EURUSD,SHORT,2025.12.09 19:10:00,19,16,1,new_york,2025.12.09 16:00,10,first_120min,true,true,3,EURUSD,highest_score_in_session_bar,new_york=USDJPY|EURJPY|GBPJPY|AUDJPY|EURUSD|GBPUSD,existing_first120_gate,new_york,false,false,true,passed_first_window,head_and_shoulders,neckline_break_retest,1.16350000,PERIOD_M5,PERIOD_H1,PERIOD_M15,PERIOD_M5,PERIOD_M5,false,htf_soft_alignment,current_post_filter,transcript_post_filter,dow_trend_up_hh_hl,structure_trend_bias_dow_trend_down_ll_lh,dow_trend_up_hh_hl,structure_trend_bias_dow_trend_down_ll_lh,false,true,true,SHORT,PERIOD_M5,head_and_shoulders,head_and_shoulders,4.500,none,0.000,head_and_shoulders,4.500,none,0.000,SHORT,false,PERIOD_H1_LONG_dow_trend_up_hh_hl|PERIOD_M15_SHORT_structure_trend_bias_dow_trend_down_ll_lh,true,h1_counter_m15_reversal,true,top_LONG_dow_trend_up_hh_hl|structure_SHORT_structure_trend_bias_dow_trend_down_ll_lh|structure_break_recent_confirmed_swing_break_failed|primary_break_recent_confirmed_swing_break_retest,none,below_75sma_falling,below_75sma_flat_or_rising,below_75sma_falling,-1,0.00000000,0,1.16350000,false,off,NONE,NONE,0.00000000,0.00000000,0.0000,none,0.000,true,SHORT,return_low_break_or_bos_down,1.16282000,6,1.16468000,1.16143000,false,off,independent,false,,,false,0.0000,none,0.0000,0.0000,none,0.0000,0.0000,0.0000,none,0.0000,0,0,0.0000,none,none,none,none,0.0000,0,0.0000,none,false,true,not_evaluated,true,required_light_or_anchor_flip,short_bias,1.16328000,2025.12.09 10:00:00,1.16379000,2025.12.09 15:45:00,2025.12.09 17:00:00,false,NONE,0.00000000,0.00000000,0.0000,-1,false,,-1,NONE,0.00000000,0.00000000,0.0000,0.0000,none,,none,false,NONE,-1,-1,-1,false,false,none,true,false,false,true,none,true,required,false,PERIOD_M5,,,-1,0.0000,false,0.00000000,0.0000,false,0.0000,false,none,none,false,no_anchor_flip_in_entry_direction,true,required_first_signal_only,SHORT,unknown,0.00000000,,0.00000000,,false,,-1,false,NONE,0.00000000,,0.00000000,0.0000,0.0000,none,-1,false,false,false,no_anchor_flip_in_entry_direction,,,,false,false,false,-1,-1,-1,-1,-1,false,false,false,0.0000,falling_n,false,1.16468000,1.16143000,3.8756,false,0.0000,0.0000,0,none,true,0.5846,preferred_382_618,0.200,diagnostic_only,diagnostic_only,diagnostic_only,shallow_pullback,24,0.450,true,none,0.600,high_quality,false,false,diagnostic_only,both,true,none,true,diagnostic_adjacent_detected,required_light,false,false,LONG,8,false,false,2,2025.12.09 17:30:00,2025.12.09 18:40:00,6,5.8699,0.00000000,1.16350000,1.16350000,true,true,m5_hl_close_break_down,1.16350000,true,0.2699,0.6747,true,1,0.0000,true,1,1.16350000,0.0337,off,false,not_evaluated,none,0.2700,0.0400,normal,true,false,false,0.0000,held_clean,true,favorable_side,0.1000,false,clean_retest,1.8217,4.3181,0.4219,1.5518,false,mild_exhaustion,0.0000,none,none,false,false,none,0.0000,0.0000,0.0000,0.0000,none,false,false,0.0000,0.0000,false,false,-1,none,none,false,0.000,0.000,1.16341647,1.16328000,1.16328000,top_context_confirmed_swing_low,0.00005000,0.0658,session_low|opening_range_low|neckline_level,1.16327000,0.2024,false,true,true,false,not_blocked,3,2,1,m5_failure_exit,off,none,0.00000000,0.0000,1.30,1.16234000,4.500,-0.300,0.200,PERIOD_M15,1.16378000,1.16143000,0.8085,outside,0.000,true,1.16333000,1.16409000,0.00076000,1.16234000,1.303,0.00029643,18.00,0-30,true,false,none,not_consumed,4.800,4.800,none,0.0000,false,neckline_retest_failed,false,not_invalidated,spread_too_high
2025.12.09 19:15:00,blocked,session_reversal_pullback_one_symbol_first120,EURUSD,SHORT,2025.12.09 19:10:00,19,16,1,new_york,2025.12.09 16:00,10,first_120min,true,true,3,EURUSD,highest_score_in_session_bar,new_york=USDJPY|EURJPY|GBPJPY|AUDJPY|EURUSD|GBPUSD,existing_first120_gate,new_york,false,false,true,passed_first_window,head_and_shoulders,neckline_break_retest,1.16350000,PERIOD_M5,PERIOD_H1,PERIOD_M15,PERIOD_M5,PERIOD_M5,false,htf_soft_alignment,current_post_filter,transcript_post_filter,dow_trend_up_hh_hl,structure_trend_bias_dow_trend_down_ll_lh,dow_trend_up_hh_hl,structure_trend_bias_dow_trend_down_ll_lh,false,true,true,SHORT,PERIOD_M5,head_and_shoulders,head_and_shoulders,4.500,none,0.000,head_and_shoulders,4.500,none,0.000,SHORT,false,PERIOD_H1_LONG_dow_trend_up_hh_hl|PERIOD_M15_SHORT_structure_trend_bias_dow_trend_down_ll_lh,true,h1_counter_m15_reversal,true,top_LONG_dow_trend_up_hh_hl|structure_SHORT_structure_trend_bias_dow_trend_down_ll_lh|structure_break_recent_confirmed_swing_break_failed|primary_break_recent_confirmed_swing_break_retest,none,below_75sma_falling,below_75sma_flat_or_rising,below_75sma_falling,-1,0.00000000,0,1.16350000,false,off,NONE,NONE,0.00000000,0.00000000,0.0000,none,0.000,true,SHORT,return_low_break_or_bos_down,1.16282000,6,1.16468000,1.16143000,false,off,independent,false,,,false,0.0000,none,0.0000,0.0000,none,0.0000,0.0000,0.0000,none,0.0000,0,0,0.0000,none,none,none,none,0.0000,0,0.0000,none,false,true,not_evaluated,true,required_light_or_anchor_flip,short_bias,1.16328000,2025.12.09 10:00:00,1.16379000,2025.12.09 15:45:00,2025.12.09 17:00:00,false,NONE,0.00000000,0.00000000,0.0000,-1,false,,-1,NONE,0.00000000,0.00000000,0.0000,0.0000,none,,none,false,NONE,-1,-1,-1,false,false,none,true,false,false,true,none,true,required,false,PERIOD_M5,,,-1,0.0000,false,0.00000000,0.0000,false,0.0000,false,none,none,false,no_anchor_flip_in_entry_direction,true,required_first_signal_only,SHORT,unknown,0.00000000,,0.00000000,,false,,-1,false,NONE,0.00000000,,0.00000000,0.0000,0.0000,none,-1,false,false,false,no_anchor_flip_in_entry_direction,,,,false,false,false,-1,-1,-1,-1,-1,false,false,false,0.0000,falling_n,false,1.16468000,1.16143000,3.8756,false,0.0000,0.0000,0,none,true,0.5846,preferred_382_618,0.200,diagnostic_only,diagnostic_only,diagnostic_only,shallow_pullback,24,0.450,true,none,0.600,high_quality,false,false,diagnostic_only,both,true,none,true,diagnostic_adjacent_detected,required_light,false,false,LONG,8,false,false,2,2025.12.09 17:30:00,2025.12.09 18:40:00,6,5.8699,0.00000000,1.16350000,1.16350000,true,true,m5_hl_close_break_down,1.16350000,true,0.2699,0.6747,true,1,0.0000,true,1,1.16350000,0.0337,off,false,not_evaluated,none,0.2700,0.0400,normal,true,false,false,0.0000,held_clean,true,favorable_side,0.1000,false,clean_retest,1.8217,4.3181,0.4219,1.5518,false,mild_exhaustion,0.0000,none,none,false,false,none,0.0000,0.0000,0.0000,0.0000,none,false,false,0.0000,0.0000,false,false,-1,none,none,false,0.000,0.000,1.16341647,1.16328000,1.16328000,top_context_confirmed_swing_low,0.00005000,0.0658,session_low|opening_range_low|neckline_level,1.16327000,0.2024,false,true,true,false,not_blocked,3,2,1,m5_failure_exit,off,none,0.00000000,0.0000,1.30,1.16234000,4.500,-0.300,0.200,PERIOD_M15,1.16378000,1.16143000,0.8085,outside,0.000,true,1.16333000,1.16409000,0.00076000,1.16234000,1.303,0.00029643,18.00,0-30,true,false,none,blocked_spread_too_high,4.800,4.800,none,0.0000,false,neckline_retest_failed,false,not_invalidated,spread_too_high
2025.12.10 16:15:00,signal,session_reversal_pullback_one_symbol_first120,GBPJPY,LONG,2025.12.10 16:10:00,16,13,22,london_newyork_overlap,2025.12.10 13:00,10,first_120min,true,true,3,GBPJPY,highest_score_in_session_bar,london_newyork_overlap=USDJPY|EURJPY|GBPJPY|AUDJPY|EURUSD|GBPUSD,existing_first120_gate,london_newyork_overlap,false,false,true,passed_first_window,double_bottom,neckline_break_retest,208.58500000,PERIOD_M5,PERIOD_H1,PERIOD_M15,PERIOD_M5,PERIOD_M5,false,htf_soft_alignment,current_post_filter,transcript_post_filter,dow_range_or_transition,structure_trend_bias_dow_trend_down_ll_lh,dow_range_or_transition,structure_trend_bias_dow_trend_down_ll_lh,false,true,false,LONG,PERIOD_M5,double_bottom,double_bottom,4.200,none,0.000,double_bottom,4.200,none,0.000,LONG,false,PERIOD_H1_NONE_dow_range_or_transition|PERIOD_M15_SHORT_structure_trend_bias_dow_trend_down_ll_lh,true,h1_counter_m15_reversal,true,top_NONE_dow_range_or_transition|structure_SHORT_structure_trend_bias_dow_trend_down_ll_lh|structure_break_recent_confirmed_swing_break_failed|primary_break_recent_confirmed_swing_break_failed,none,above_75sma_rising,above_75sma_flat_or_falling,below_75sma_falling,-1,0.00000000,-1,0.00000000,false,off,NONE,NONE,0.00000000,0.00000000,0.0000,none,0.000,true,LONG,return_high_break_or_bos_up,208.70900000,16,208.85700000,208.46400000,false,off,independent,false,,,false,0.0000,none,0.0000,0.0000,none,0.0000,0.0000,0.0000,none,0.0000,0,0,0.0000,none,none,none,none,0.0000,0,0.0000,none,false,true,not_evaluated,true,required_light_or_anchor_flip,short_bias,208.57300000,2025.12.10 10:30:00,208.67500000,2025.12.10 14:30:00,2025.12.10 15:15:00,false,NONE,0.00000000,0.00000000,0.0000,-1,false,,-1,NONE,0.00000000,0.00000000,0.0000,0.0000,none,,none,false,NONE,-1,-1,-1,false,false,none,false,true,false,true,none,true,required,false,PERIOD_M5,,,-1,0.0000,false,0.00000000,0.0000,false,0.0000,false,none,none,false,no_anchor_flip_in_entry_direction,true,required_first_signal_only,LONG,unknown,0.00000000,,0.00000000,,false,,-1,false,NONE,0.00000000,,0.00000000,0.0000,0.0000,none,-1,false,false,false,no_anchor_flip_in_entry_direction,,,,false,false,false,-1,-1,-1,-1,-1,false,false,false,0.0000,falling_n,false,208.85700000,208.46400000,3.5428,false,0.0000,0.0000,0,none,true,0.5751,preferred_382_618,0.200,diagnostic_only,diagnostic_only,diagnostic_only,shallow_pullback,24,0.450,true,none,0.600,high_quality,false,false,diagnostic_only,both,true,none,true,diagnostic_adjacent_detected,required_light,false,false,SHORT,4,false,false,1,2025.12.10 13:20:00,2025.12.10 15:20:00,10,2.5799,208.67500000,0.00000000,208.67500000,false,false,none,0.00000000,false,0.0000,0.0000,false,1,0.0000,false,-1,0.00000000,0.0000,off,false,not_evaluated,none,0.0000,0.0000,none,false,false,false,0.0000,none,false,none,0.0000,false,none,2.5799,1.9563,1.3188,0.2812,false,no_shrink,0.0000,none,none,false,false,none,0.0000,0.0000,0.0000,0.0000,none,false,false,0.0000,0.0000,false,false,-1,none,none,false,0.000,0.000,208.67500000,208.60200000,208.67500000,structure_confirmed_swing_high,0.04400000,0.3438,neckline_level,208.58500000,0.5624,false,true,true,false,not_blocked,7,5,2,m5_failure_exit,off,none,0.00000000,0.0000,1.30,208.79700000,4.200,-0.300,0.200,PERIOD_M15,208.67500000,208.48700000,0.2340,outside,0.000,true,208.63100000,208.50300000,0.12800000,208.79700000,1.297,0.08178571,38.00,0-30,true,false,none,not_consumed,4.300,4.300,none,0.0000,false,opposite_break_first,true,opposite_break_first,spread_too_high
2025.12.10 16:15:00,blocked,session_reversal_pullback_one_symbol_first120,GBPJPY,LONG,2025.12.10 16:10:00,16,13,22,london_newyork_overlap,2025.12.10 13:00,10,first_120min,true,true,3,GBPJPY,highest_score_in_session_bar,london_newyork_overlap=USDJPY|EURJPY|GBPJPY|AUDJPY|EURUSD|GBPUSD,existing_first120_gate,london_newyork_overlap,false,false,true,passed_first_window,double_bottom,neckline_break_retest,208.58500000,PERIOD_M5,PERIOD_H1,PERIOD_M15,PERIOD_M5,PERIOD_M5,false,htf_soft_alignment,current_post_filter,transcript_post_filter,dow_range_or_transition,structure_trend_bias_dow_trend_down_ll_lh,dow_range_or_transition,structure_trend_bias_dow_trend_down_ll_lh,false,true,false,LONG,PERIOD_M5,double_bottom,double_bottom,4.200,none,0.000,double_bottom,4.200,none,0.000,LONG,false,PERIOD_H1_NONE_dow_range_or_transition|PERIOD_M15_SHORT_structure_trend_bias_dow_trend_down_ll_lh,true,h1_counter_m15_reversal,true,top_NONE_dow_range_or_transition|structure_SHORT_structure_trend_bias_dow_trend_down_ll_lh|structure_break_recent_confirmed_swing_break_failed|primary_break_recent_confirmed_swing_break_failed,none,above_75sma_rising,above_75sma_flat_or_falling,below_75sma_falling,-1,0.00000000,-1,0.00000000,false,off,NONE,NONE,0.00000000,0.00000000,0.0000,none,0.000,true,LONG,return_high_break_or_bos_up,208.70900000,16,208.85700000,208.46400000,false,off,independent,false,,,false,0.0000,none,0.0000,0.0000,none,0.0000,0.0000,0.0000,none,0.0000,0,0,0.0000,none,none,none,none,0.0000,0,0.0000,none,false,true,not_evaluated,true,required_light_or_anchor_flip,short_bias,208.57300000,2025.12.10 10:30:00,208.67500000,2025.12.10 14:30:00,2025.12.10 15:15:00,false,NONE,0.00000000,0.00000000,0.0000,-1,false,,-1,NONE,0.00000000,0.00000000,0.0000,0.0000,none,,none,false,NONE,-1,-1,-1,false,false,none,false,true,false,true,none,true,required,false,PERIOD_M5,,,-1,0.0000,false,0.00000000,0.0000,false,0.0000,false,none,none,false,no_anchor_flip_in_entry_direction,true,required_first_signal_only,LONG,unknown,0.00000000,,0.00000000,,false,,-1,false,NONE,0.00000000,,0.00000000,0.0000,0.0000,none,-1,false,false,false,no_anchor_flip_in_entry_direction,,,,false,false,false,-1,-1,-1,-1,-1,false,false,false,0.0000,falling_n,false,208.85700000,208.46400000,3.5428,false,0.0000,0.0000,0,none,true,0.5751,preferred_382_618,0.200,diagnostic_only,diagnostic_only,diagnostic_only,shallow_pullback,24,0.450,true,none,0.600,high_quality,false,false,diagnostic_only,both,true,none,true,diagnostic_adjacent_detected,required_light,false,false,SHORT,4,false,false,1,2025.12.10 13:20:00,2025.12.10 15:20:00,10,2.5799,208.67500000,0.00000000,208.67500000,false,false,none,0.00000000,false,0.0000,0.0000,false,1,0.0000,false,-1,0.00000000,0.0000,off,false,not_evaluated,none,0.0000,0.0000,none,false,false,false,0.0000,none,false,none,0.0000,false,none,2.5799,1.9563,1.3188,0.2812,false,no_shrink,0.0000,none,none,false,false,none,0.0000,0.0000,0.0000,0.0000,none,false,false,0.0000,0.0000,false,false,-1,none,none,false,0.000,0.000,208.67500000,208.60200000,208.67500000,structure_confirmed_swing_high,0.04400000,0.3438,neckline_level,208.58500000,0.5624,false,true,true,false,not_blocked,7,5,2,m5_failure_exit,off,none,0.00000000,0.0000,1.30,208.79700000,4.200,-0.300,0.200,PERIOD_M15,208.67500000,208.48700000,0.2340,outside,0.000,true,208.63100000,208.50300000,0.12800000,208.79700000,1.297,0.08178571,38.00,0-30,true,false,none,blocked_spread_too_high,4.300,4.300,none,0.0000,false,opposite_break_first,true,opposite_break_first,spread_too_high
2025.12.10 19:15:00,signal,session_reversal_pullback_one_symbol_first120,GBPJPY,LONG,2025.12.10 19:10:00,19,16,1,new_york,2025.12.10 16:00,10,first_120min,true,true,3,GBPJPY,highest_score_in_session_bar,new_york=USDJPY|EURJPY|GBPJPY|AUDJPY|EURUSD|GBPUSD,existing_first120_gate,new_york,false,false,true,passed_first_window,inverse_head_and_shoulders,neckline_break_retest,208.50100000,PERIOD_M5,PERIOD_H1,PERIOD_M15,PERIOD_M5,PERIOD_M5,false,htf_soft_alignment,current_post_filter,transcript_post_filter,dow_range_or_transition,no_ordered_dow_wave3_break,dow_range_or_transition,no_ordered_dow_wave3_break,false,true,false,LONG,PERIOD_M5,inverse_head_and_shoulders,inverse_head_and_shoulders,4.500,none,0.000,inverse_head_and_shoulders,4.500,none,0.000,LONG,false,PERIOD_H1_NONE_dow_range_or_transition|PERIOD_M15_NONE_no_ordered_dow_wave3_break,true,h1_counter_m15_reversal,true,top_NONE_dow_range_or_transition|structure_NONE_no_ordered_dow_wave3_break|structure_break_recent_confirmed_swing_break_failed|primary_break_recent_confirmed_swing_break_retest,none,above_75sma_rising,above_75sma_flat_or_falling,above_75sma_flat_or_falling,-1,0.00000000,0,208.53800000,false,off,NONE,NONE,0.00000000,0.00000000,0.0000,none,0.000,true,LONG,return_high_break_or_bos_up,208.67500000,11,208.75500000,208.31900000,false,off,independent,false,,,false,0.0000,none,0.0000,0.0000,none,0.0000,0.0000,0.0000,none,0.0000,0,0,0.0000,none,none,none,none,0.0000,0,0.0000,none,false,true,not_evaluated,true,required_light_or_anchor_flip,short_bias,208.46400000,2025.12.10 15:15:00,208.75500000,2025.12.10 16:15:00,2025.12.10 18:00:00,false,NONE,0.00000000,0.00000000,0.0000,-1,false,,-1,NONE,0.00000000,0.00000000,0.0000,0.0000,none,,none,false,NONE,-1,-1,-1,false,false,none,false,true,false,true,none,true,required,false,PERIOD_M5,,,-1,0.0000,false,0.00000000,0.0000,false,0.0000,false,none,none,false,no_anchor_flip_in_entry_direction,true,required_first_signal_only,LONG,unknown,0.00000000,,0.00000000,,false,,-1,false,NONE,0.00000000,,0.00000000,0.0000,0.0000,none,-1,false,false,false,no_anchor_flip_in_entry_direction,,,,false,false,false,-1,-1,-1,-1,-1,false,false,false,0.0000,range_n,true,208.85700000,208.31900000,4.0278,false,0.0000,0.0000,0,none,true,0.3555,shallow_236_382,0.080,diagnostic_only,diagnostic_only,diagnostic_only,fib_pullback,4,0.370,true,none,0.520,high_quality,false,false,diagnostic_only,both,true,none,true,diagnostic_adjacent_detected,required_light,false,false,SHORT,8,false,false,0,2025.12.10 18:00:00,2025.12.10 18:50:00,4,3.9445,208.58300000,0.00000000,208.58300000,false,false,none,0.00000000,false,0.0000,0.0000,false,1,0.0000,false,-1,0.00000000,0.0000,off,false,not_evaluated,none,0.0000,0.0000,none,false,false,false,0.0000,none,false,none,0.0000,false,none,3.0331,3.2721,0.9269,0.0000,true,strong_exhaustion,0.0000,none,none,false,false,none,0.0000,0.0000,0.0000,0.0000,none,false,false,0.0000,0.0000,false,false,-1,none,none,false,0.000,0.000,208.73100000,208.58300000,208.73100000,failed_breakout_level,0.13100000,0.6517,session_high|opening_range_high|neckline_level,208.57000000,0.4482,false,true,true,false,not_blocked,4,3,1,m5_failure_exit,off,none,0.00000000,0.0000,1.30,208.86100000,4.500,-0.300,0.200,PERIOD_M15,208.75500000,208.31900000,0.3555,outside,0.000,true,208.60000000,208.39900000,0.20100000,208.86100000,1.299,0.06692857,38.00,0-30,true,false,none,not_consumed,4.800,4.800,none,0.0000,false,neckline_retest_failed,false,not_invalidated,spread_too_high
2025.12.10 19:15:00,blocked,session_reversal_pullback_one_symbol_first120,GBPJPY,LONG,2025.12.10 19:10:00,19,16,1,new_york,2025.12.10 16:00,10,first_120min,true,true,3,GBPJPY,highest_score_in_session_bar,new_york=USDJPY|EURJPY|GBPJPY|AUDJPY|EURUSD|GBPUSD,existing_first120_gate,new_york,false,false,true,passed_first_window,inverse_head_and_shoulders,neckline_break_retest,208.50100000,PERIOD_M5,PERIOD_H1,PERIOD_M15,PERIOD_M5,PERIOD_M5,false,htf_soft_alignment,current_post_filter,transcript_post_filter,dow_range_or_transition,no_ordered_dow_wave3_break,dow_range_or_transition,no_ordered_dow_wave3_break,false,true,false,LONG,PERIOD_M5,inverse_head_and_shoulders,inverse_head_and_shoulders,4.500,none,0.000,inverse_head_and_shoulders,4.500,none,0.000,LONG,false,PERIOD_H1_NONE_dow_range_or_transition|PERIOD_M15_NONE_no_ordered_dow_wave3_break,true,h1_counter_m15_reversal,true,top_NONE_dow_range_or_transition|structure_NONE_no_ordered_dow_wave3_break|structure_break_recent_confirmed_swing_break_failed|primary_break_recent_confirmed_swing_break_retest,none,above_75sma_rising,above_75sma_flat_or_falling,above_75sma_flat_or_falling,-1,0.00000000,0,208.53800000,false,off,NONE,NONE,0.00000000,0.00000000,0.0000,none,0.000,true,LONG,return_high_break_or_bos_up,208.67500000,11,208.75500000,208.31900000,false,off,independent,false,,,false,0.0000,none,0.0000,0.0000,none,0.0000,0.0000,0.0000,none,0.0000,0,0,0.0000,none,none,none,none,0.0000,0,0.0000,none,false,true,not_evaluated,true,required_light_or_anchor_flip,short_bias,208.46400000,2025.12.10 15:15:00,208.75500000,2025.12.10 16:15:00,2025.12.10 18:00:00,false,NONE,0.00000000,0.00000000,0.0000,-1,false,,-1,NONE,0.00000000,0.00000000,0.0000,0.0000,none,,none,false,NONE,-1,-1,-1,false,false,none,false,true,false,true,none,true,required,false,PERIOD_M5,,,-1,0.0000,false,0.00000000,0.0000,false,0.0000,false,none,none,false,no_anchor_flip_in_entry_direction,true,required_first_signal_only,LONG,unknown,0.00000000,,0.00000000,,false,,-1,false,NONE,0.00000000,,0.00000000,0.0000,0.0000,none,-1,false,false,false,no_anchor_flip_in_entry_direction,,,,false,false,false,-1,-1,-1,-1,-1,false,false,false,0.0000,range_n,true,208.85700000,208.31900000,4.0278,false,0.0000,0.0000,0,none,true,0.3555,shallow_236_382,0.080,diagnostic_only,diagnostic_only,diagnostic_only,fib_pullback,4,0.370,true,none,0.520,high_quality,false,false,diagnostic_only,both,true,none,true,diagnostic_adjacent_detected,required_light,false,false,SHORT,8,false,false,0,2025.12.10 18:00:00,2025.12.10 18:50:00,4,3.9445,208.58300000,0.00000000,208.58300000,false,false,none,0.00000000,false,0.0000,0.0000,false,1,0.0000,false,-1,0.00000000,0.0000,off,false,not_evaluated,none,0.0000,0.0000,none,false,false,false,0.0000,none,false,none,0.0000,false,none,3.0331,3.2721,0.9269,0.0000,true,strong_exhaustion,0.0000,none,none,false,false,none,0.0000,0.0000,0.0000,0.0000,none,false,false,0.0000,0.0000,false,false,-1,none,none,false,0.000,0.000,208.73100000,208.58300000,208.73100000,failed_breakout_level,0.13100000,0.6517,session_high|opening_range_high|neckline_level,208.57000000,0.4482,false,true,true,false,not_blocked,4,3,1,m5_failure_exit,off,none,0.00000000,0.0000,1.30,208.86100000,4.500,-0.300,0.200,PERIOD_M15,208.75500000,208.31900000,0.3555,outside,0.000,true,208.60000000,208.39900000,0.20100000,208.86100000,1.299,0.06692857,38.00,0-30,true,false,none,blocked_spread_too_high,4.800,4.800,none,0.0000,false,neckline_retest_failed,false,not_invalidated,spread_too_high
2025.12.11 03:05:00,signal,session_reversal_pullback_one_symbol_first120,EURJPY,SHORT,2025.12.11 03:00:00,3,0,9,tokyo,2025.12.11 00:00,0,first_120min,true,true,3,EURJPY,highest_score_in_session_bar,tokyo=USDJPY|EURJPY|GBPJPY|AUDJPY,existing_first120_gate,tokyo,false,false,true,passed_first_window,sweep_high_reclaim,sweep_reclaim_retest,182.28800000,PERIOD_M5,PERIOD_H1,PERIOD_M15,PERIOD_M5,PERIOD_M5,false,htf_soft_alignment,current_post_filter,transcript_post_filter,dow_range_or_transition,structure_trend_bias_dow_trend_down_ll_lh,dow_range_or_transition,structure_trend_bias_dow_trend_down_ll_lh,false,false,true,SHORT,PERIOD_M5,sweep_high_reclaim,sweep_high_reclaim,3.400,none,0.000,sweep_high_reclaim,3.400,none,0.000,SHORT,false,PERIOD_H1_NONE_dow_range_or_transition|PERIOD_M15_SHORT_structure_trend_bias_dow_trend_down_ll_lh,true,h1_counter_m15_reversal,true,top_NONE_dow_range_or_transition|structure_SHORT_structure_trend_bias_dow_trend_down_ll_lh|structure_break_recent_confirmed_swing_break_failed|primary_break_recent_confirmed_swing_break_failed,none,above_75sma_rising,near_75sma,below_75sma_falling,-1,0.00000000,-1,0.00000000,false,off,NONE,NONE,0.00000000,0.00000000,0.0000,none,0.000,true,SHORT,return_low_break_or_bos_down,182.16300000,1,182.48400000,182.16300000,false,off,independent,false,,,false,0.0000,none,0.0000,0.0000,none,0.0000,0.0000,0.0000,none,0.0000,0,0,0.0000,none,none,none,none,0.0000,0,0.0000,none,false,true,not_evaluated,true,required_light_or_anchor_flip,short_bias,182.04400000,2025.12.10 18:45:00,182.49900000,2025.12.10 23:45:00,2025.12.11 00:00:00,false,NONE,0.00000000,0.00000000,0.0000,-1,false,,-1,NONE,0.00000000,0.00000000,0.0000,0.0000,none,,none,false,NONE,-1,-1,-1,false,false,none,true,false,false,true,none,true,required,false,PERIOD_M5,,,-1,0.0000,false,0.00000000,0.0000,false,0.0000,false,none,none,false,no_anchor_flip_in_entry_direction,true,required_first_signal_only,SHORT,unknown,0.00000000,,0.00000000,,false,,-1,false,NONE,0.00000000,,0.00000000,0.0000,0.0000,none,-1,false,false,false,no_anchor_flip_in_entry_direction,,,,false,false,false,-1,-1,-1,-1,-1,false,false,false,0.0000,falling_n,false,182.53800000,182.04400000,3.2871,false,0.0000,0.0000,0,none,true,0.4297,preferred_382_618,0.200,diagnostic_only,diagnostic_only,diagnostic_only,shallow_pullback,7,0.490,true,none,0.640,medium_quality,false,false,diagnostic_only,both,true,none,true,diagnostic_adjacent_detected,required_light,false,false,LONG,5,false,false,0,2025.12.11 01:00:00,2025.12.11 02:30:00,6,5.3432,0.00000000,182.04700000,182.04700000,false,false,none,0.00000000,false,0.0000,0.0000,false,1,0.0000,false,-1,0.00000000,0.0000,off,false,not_evaluated,none,0.0000,0.0000,none,false,false,false,0.0000,none,false,none,0.0000,false,none,2.9467,4.6341,0.6359,0.0000,true,strong_exhaustion,0.0000,none,none,false,false,none,0.0000,0.0000,0.0000,0.0000,none,false,false,0.0000,0.0000,false,false,-1,none,none,false,0.000,0.000,182.28288235,182.24600000,182.22109091,recent_equal_lows,0.03690909,0.2636,session_low|opening_range_low|neckline_level,182.24600000,0.1467,false,true,true,false,not_blocked,2,1,1,m5_failure_exit,off,none,0.00000000,0.0000,1.30,182.07600000,3.400,-0.300,0.200,PERIOD_M15,182.48400000,182.16300000,0.2960,outside,0.000,true,182.25800000,182.39800000,0.14000000,182.07600000,1.300,0.08178571,30.00,0-30,true,false,none,not_consumed,3.500,3.500,none,0.0000,false,sweep_reclaim_failed,false,not_invalidated,spread_too_high
2025.12.11 03:05:00,blocked,session_reversal_pullback_one_symbol_first120,EURJPY,SHORT,2025.12.11 03:00:00,3,0,9,tokyo,2025.12.11 00:00,0,first_120min,true,true,3,EURJPY,highest_score_in_session_bar,tokyo=USDJPY|EURJPY|GBPJPY|AUDJPY,existing_first120_gate,tokyo,false,false,true,passed_first_window,sweep_high_reclaim,sweep_reclaim_retest,182.28800000,PERIOD_M5,PERIOD_H1,PERIOD_M15,PERIOD_M5,PERIOD_M5,false,htf_soft_alignment,current_post_filter,transcript_post_filter,dow_range_or_transition,structure_trend_bias_dow_trend_down_ll_lh,dow_range_or_transition,structure_trend_bias_dow_trend_down_ll_lh,false,false,true,SHORT,PERIOD_M5,sweep_high_reclaim,sweep_high_reclaim,3.400,none,0.000,sweep_high_reclaim,3.400,none,0.000,SHORT,false,PERIOD_H1_NONE_dow_range_or_transition|PERIOD_M15_SHORT_structure_trend_bias_dow_trend_down_ll_lh,true,h1_counter_m15_reversal,true,top_NONE_dow_range_or_transition|structure_SHORT_structure_trend_bias_dow_trend_down_ll_lh|structure_break_recent_confirmed_swing_break_failed|primary_break_recent_confirmed_swing_break_failed,none,above_75sma_rising,near_75sma,below_75sma_falling,-1,0.00000000,-1,0.00000000,false,off,NONE,NONE,0.00000000,0.00000000,0.0000,none,0.000,true,SHORT,return_low_break_or_bos_down,182.16300000,1,182.48400000,182.16300000,false,off,independent,false,,,false,0.0000,none,0.0000,0.0000,none,0.0000,0.0000,0.0000,none,0.0000,0,0,0.0000,none,none,none,none,0.0000,0,0.0000,none,false,true,not_evaluated,true,required_light_or_anchor_flip,short_bias,182.04400000,2025.12.10 18:45:00,182.49900000,2025.12.10 23:45:00,2025.12.11 00:00:00,false,NONE,0.00000000,0.00000000,0.0000,-1,false,,-1,NONE,0.00000000,0.00000000,0.0000,0.0000,none,,none,false,NONE,-1,-1,-1,false,false,none,true,false,false,true,none,true,required,false,PERIOD_M5,,,-1,0.0000,false,0.00000000,0.0000,false,0.0000,false,none,none,false,no_anchor_flip_in_entry_direction,true,required_first_signal_only,SHORT,unknown,0.00000000,,0.00000000,,false,,-1,false,NONE,0.00000000,,0.00000000,0.0000,0.0000,none,-1,false,false,false,no_anchor_flip_in_entry_direction,,,,false,false,false,-1,-1,-1,-1,-1,false,false,false,0.0000,falling_n,false,182.53800000,182.04400000,3.2871,false,0.0000,0.0000,0,none,true,0.4297,preferred_382_618,0.200,diagnostic_only,diagnostic_only,diagnostic_only,shallow_pullback,7,0.490,true,none,0.640,medium_quality,false,false,diagnostic_only,both,true,none,true,diagnostic_adjacent_detected,required_light,false,false,LONG,5,false,false,0,2025.12.11 01:00:00,2025.12.11 02:30:00,6,5.3432,0.00000000,182.04700000,182.04700000,false,false,none,0.00000000,false,0.0000,0.0000,false,1,0.0000,false,-1,0.00000000,0.0000,off,false,not_evaluated,none,0.0000,0.0000,none,false,false,false,0.0000,none,false,none,0.0000,false,none,2.9467,4.6341,0.6359,0.0000,true,strong_exhaustion,0.0000,none,none,false,false,none,0.0000,0.0000,0.0000,0.0000,none,false,false,0.0000,0.0000,false,false,-1,none,none,false,0.000,0.000,182.28288235,182.24600000,182.22109091,recent_equal_lows,0.03690909,0.2636,session_low|opening_range_low|neckline_level,182.24600000,0.1467,false,true,true,false,not_blocked,2,1,1,m5_failure_exit,off,none,0.00000000,0.0000,1.30,182.07600000,3.400,-0.300,0.200,PERIOD_M15,182.48400000,182.16300000,0.2960,outside,0.000,true,182.25800000,182.39800000,0.14000000,182.07600000,1.300,0.08178571,30.00,0-30,true,false,none,blocked_spread_too_high,3.500,3.500,none,0.0000,false,sweep_reclaim_failed,false,not_invalidated,spread_too_high
2025.12.11 11:50:00,signal,session_reversal_pullback_one_symbol_first120,GBPUSD,SHORT,2025.12.11 11:45:00,11,8,17,london,2025.12.11 07:00,105,first_120min,false,true,3,GBPUSD,highest_score_in_session_bar,london=USDJPY|EURJPY|GBPJPY|AUDJPY|EURUSD|GBPUSD,existing_first120_gate,london,true,false,true,passed_first_window,head_and_shoulders,neckline_break_retest,1.33640000,PERIOD_M5,PERIOD_H1,PERIOD_M15,PERIOD_M5,PERIOD_M5,false,htf_soft_alignment,current_post_filter,transcript_post_filter,dow_trend_up_hh_hl,break_below_without_lower_pullback,dow_trend_up_hh_hl,break_below_without_lower_pullback,false,false,true,SHORT,PERIOD_M5,head_and_shoulders,head_and_shoulders,4.500,none,0.000,head_and_shoulders,4.500,none,0.000,SHORT,true,PERIOD_H1_LONG_dow_trend_up_hh_hl|PERIOD_M15_NONE_break_below_without_lower_pullback,true,h1_counter_m15_reversal,true,top_LONG_dow_trend_up_hh_hl|structure_NONE_break_below_without_lower_pullback|structure_break_recent_confirmed_swing_break_retest|primary_break_recent_confirmed_swing_break_failed,none,above_75sma_rising,below_75sma_flat_or_rising,below_75sma_falling,0,1.33585000,-1,0.00000000,false,off,NONE,NONE,0.00000000,0.00000000,0.0000,none,0.000,true,SHORT,return_low_break_or_bos_down,1.33585000,0,1.33778000,1.33585000,false,off,independent,false,,,false,0.0000,none,0.0000,0.0000,none,0.0000,0.0000,0.0000,none,0.0000,0,0,0.0000,none,none,none,none,0.0000,0,0.0000,none,false,true,not_evaluated,true,required_light_or_anchor_flip,bias_flip_down,1.33585000,2025.12.11 08:15:00,1.33699000,2025.12.11 07:00:00,2025.12.11 10:30:00,true,SHORT,1.33585000,1.33567000,0.2289,1,true,2025.12.11 11:15:00,1,SHORT,1.33585000,1.33567000,0.2289,0.4323,strong,2025.12.11 11:30:00,first_after_anchor,true,SHORT,1,0,1,true,false,fresh_0_4,true,false,false,true,none,true,required,true,PERIOD_M5,2025.12.11 11:20:00,2025.12.11 11:25:00,6,0.9426,true,1.33585000,0.9426,true,0.4539,true,m5_bos_down_after_anchor_retest,failed_close_back_inside,false,post_anchor_close_back_inside,true,required_first_signal_only,SHORT,unknown,0.00000000,,0.00000000,,false,,-1,false,NONE,0.00000000,,0.00000000,0.0000,0.0000,none,-1,false,false,false,insufficient_confirmed_m5_pivots,GBPUSD|SHORT|1765451700|1.33585,,,false,false,false,-1,-1,-1,-1,-1,false,false,false,0.0000,range_n,true,1.33778000,1.33585000,2.4541,true,0.4323,0.6600,1,strong,true,0.3258,shallow_236_382,0.080,diagnostic_only,diagnostic_only,diagnostic_only,fib_pullback,4,0.320,true,none,0.470,high_quality,false,false,diagnostic_only,both,true,none,true,diagnostic_adjacent_detected,required_light,false,false,LONG,1,false,false,0,,,-1,0.0000,0.00000000,0.00000000,0.00000000,false,false,none,0.00000000,false,0.0000,0.0000,false,1,0.0000,false,-1,0.00000000,0.0000,off,false,not_evaluated,none,0.0000,0.0000,none,false,false,false,0.0000,none,false,none,0.0000,false,none,0.0000,0.0000,0.0000,0.0000,false,none,0.0000,none,none,false,false,none,0.0000,0.0000,0.0000,0.0000,none,false,false,0.0000,0.0000,false,false,-1,none,none,false,0.000,0.000,1.33640000,1.33624125,1.33624125,recent_equal_highs,0.00008875,0.0596,opening_range_low|neckline_level,1.33640000,0.1222,false,true,true,false,not_blocked,9,3,6,m5_failure_exit,off,none,0.00000000,0.0000,1.30,1.33439000,4.500,-0.300,0.200,PERIOD_M15,1.33778000,1.33585000,0.2487,outside,0.000,true,1.33633000,1.33782000,0.00149000,1.33439000,1.302,0.00057286,20.00,90-120,true,false,none,not_consumed,4.950,4.950,none,0.0000,false,opposite_break_first,true,opposite_break_first,spread_too_high
2025.12.11 11:50:00,blocked,session_reversal_pullback_one_symbol_first120,GBPUSD,SHORT,2025.12.11 11:45:00,11,8,17,london,2025.12.11 07:00,105,first_120min,false,true,3,GBPUSD,highest_score_in_session_bar,london=USDJPY|EURJPY|GBPJPY|AUDJPY|EURUSD|GBPUSD,existing_first120_gate,london,true,false,true,passed_first_window,head_and_shoulders,neckline_break_retest,1.33640000,PERIOD_M5,PERIOD_H1,PERIOD_M15,PERIOD_M5,PERIOD_M5,false,htf_soft_alignment,current_post_filter,transcript_post_filter,dow_trend_up_hh_hl,break_below_without_lower_pullback,dow_trend_up_hh_hl,break_below_without_lower_pullback,false,false,true,SHORT,PERIOD_M5,head_and_shoulders,head_and_shoulders,4.500,none,0.000,head_and_shoulders,4.500,none,0.000,SHORT,true,PERIOD_H1_LONG_dow_trend_up_hh_hl|PERIOD_M15_NONE_break_below_without_lower_pullback,true,h1_counter_m15_reversal,true,top_LONG_dow_trend_up_hh_hl|structure_NONE_break_below_without_lower_pullback|structure_break_recent_confirmed_swing_break_retest|primary_break_recent_confirmed_swing_break_failed,none,above_75sma_rising,below_75sma_flat_or_rising,below_75sma_falling,0,1.33585000,-1,0.00000000,false,off,NONE,NONE,0.00000000,0.00000000,0.0000,none,0.000,true,SHORT,return_low_break_or_bos_down,1.33585000,0,1.33778000,1.33585000,false,off,independent,false,,,false,0.0000,none,0.0000,0.0000,none,0.0000,0.0000,0.0000,none,0.0000,0,0,0.0000,none,none,none,none,0.0000,0,0.0000,none,false,true,not_evaluated,true,required_light_or_anchor_flip,bias_flip_down,1.33585000,2025.12.11 08:15:00,1.33699000,2025.12.11 07:00:00,2025.12.11 10:30:00,true,SHORT,1.33585000,1.33567000,0.2289,1,true,2025.12.11 11:15:00,1,SHORT,1.33585000,1.33567000,0.2289,0.4323,strong,2025.12.11 11:30:00,first_after_anchor,true,SHORT,1,0,1,true,false,fresh_0_4,true,false,false,true,none,true,required,true,PERIOD_M5,2025.12.11 11:20:00,2025.12.11 11:25:00,6,0.9426,true,1.33585000,0.9426,true,0.4539,true,m5_bos_down_after_anchor_retest,failed_close_back_inside,false,post_anchor_close_back_inside,true,required_first_signal_only,SHORT,unknown,0.00000000,,0.00000000,,false,,-1,false,NONE,0.00000000,,0.00000000,0.0000,0.0000,none,-1,false,false,false,insufficient_confirmed_m5_pivots,GBPUSD|SHORT|1765451700|1.33585,,,false,false,false,-1,-1,-1,-1,-1,false,false,false,0.0000,range_n,true,1.33778000,1.33585000,2.4541,true,0.4323,0.6600,1,strong,true,0.3258,shallow_236_382,0.080,diagnostic_only,diagnostic_only,diagnostic_only,fib_pullback,4,0.320,true,none,0.470,high_quality,false,false,diagnostic_only,both,true,none,true,diagnostic_adjacent_detected,required_light,false,false,LONG,1,false,false,0,,,-1,0.0000,0.00000000,0.00000000,0.00000000,false,false,none,0.00000000,false,0.0000,0.0000,false,1,0.0000,false,-1,0.00000000,0.0000,off,false,not_evaluated,none,0.0000,0.0000,none,false,false,false,0.0000,none,false,none,0.0000,false,none,0.0000,0.0000,0.0000,0.0000,false,none,0.0000,none,none,false,false,none,0.0000,0.0000,0.0000,0.0000,none,false,false,0.0000,0.0000,false,false,-1,none,none,false,0.000,0.000,1.33640000,1.33624125,1.33624125,recent_equal_highs,0.00008875,0.0596,opening_range_low|neckline_level,1.33640000,0.1222,false,true,true,false,not_blocked,9,3,6,m5_failure_exit,off,none,0.00000000,0.0000,1.30,1.33439000,4.500,-0.300,0.200,PERIOD_M15,1.33778000,1.33585000,0.2487,outside,0.000,true,1.33633000,1.33782000,0.00149000,1.33439000,1.302,0.00057286,20.00,90-120,true,false,none,blocked_spread_too_high,4.950,4.950,none,0.0000,false,opposite_break_first,true,opposite_break_first,spread_too_high
2025.12.11 19:30:00,signal,session_reversal_pullback_one_symbol_first120,AUDJPY,LONG,2025.12.11 19:25:00,19,16,1,new_york,2025.12.11 16:00,25,first_120min,true,true,3,AUDJPY,highest_score_in_session_bar,new_york=USDJPY|EURJPY|GBPJPY|AUDJPY|EURUSD|GBPUSD,existing_first120_gate,new_york,false,false,true,passed_first_window,inverse_head_and_shoulders,neckline_break_retest,103.52300000,PERIOD_M5,PERIOD_H1,PERIOD_M15,PERIOD_M5,PERIOD_M5,false,htf_soft_alignment,current_post_filter,transcript_post_filter,dow_trend_down_ll_lh,no_ordered_dow_wave3_break,dow_trend_down_ll_lh,no_ordered_dow_wave3_break,false,true,false,LONG,PERIOD_M5,inverse_head_and_shoulders,inverse_head_and_shoulders,4.500,none,0.000,inverse_head_and_shoulders,4.500,none,0.000,LONG,false,PERIOD_H1_SHORT_dow_trend_down_ll_lh|PERIOD_M15_NONE_no_ordered_dow_wave3_break,true,h1_counter_m15_reversal,true,top_SHORT_dow_trend_down_ll_lh|structure_NONE_no_ordered_dow_wave3_break|structure_break_recent_confirmed_swing_break_failed|primary_break_recent_confirmed_swing_break_continuation,none,below_75sma_flat_or_rising,below_75sma_falling,above_75sma_flat_or_falling,-1,0.00000000,0,103.43400000,false,off,NONE,NONE,0.00000000,0.00000000,0.0000,none,0.000,true,LONG,return_high_break_or_bos_up,103.68700000,22,103.75600000,103.17400000,false,off,independent,false,,,false,0.0000,none,0.0000,0.0000,none,0.0000,0.0000,0.0000,none,0.0000,0,0,0.0000,none,none,none,none,0.0000,0,0.0000,none,false,true,not_evaluated,true,required_light_or_anchor_flip,short_bias,103.52100000,2025.12.11 10:45:00,103.75600000,2025.12.11 13:15:00,2025.12.11 17:00:00,false,NONE,0.00000000,0.00000000,0.0000,-1,false,,-1,NONE,0.00000000,0.00000000,0.0000,0.0000,none,,none,false,NONE,-1,-1,-1,false,false,none,false,true,false,true,none,true,required,false,PERIOD_M5,,,-1,0.0000,false,0.00000000,0.0000,false,0.0000,false,none,none,false,no_anchor_flip_in_entry_direction,true,required_first_signal_only,LONG,unknown,0.00000000,,0.00000000,,false,,-1,false,NONE,0.00000000,,0.00000000,0.0000,0.0000,none,-1,false,false,false,no_anchor_flip_in_entry_direction,,,,false,false,false,-1,-1,-1,-1,-1,false,false,false,0.0000,range_n,true,103.75600000,103.17400000,4.7733,false,0.0000,0.0000,0,none,true,0.3316,shallow_236_382,0.080,diagnostic_only,diagnostic_only,diagnostic_only,shallow_pullback,9,0.320,true,none,0.470,high_quality,false,false,diagnostic_only,both,true,none,true,diagnostic_adjacent_detected,required_light,false,false,SHORT,7,false,false,0,2025.12.11 18:00:00,2025.12.11 18:55:00,6,3.4677,103.57300000,0.00000000,103.57300000,false,false,none,0.00000000,false,0.0000,0.0000,false,1,0.0000,false,-1,0.00000000,0.0000,off,false,not_evaluated,none,0.0000,0.0000,none,false,false,false,0.0000,none,false,none,0.0000,false,none,2.2319,2.7484,0.8121,0.0000,true,strong_exhaustion,0.0000,none,none,false,false,none,0.0000,0.0000,0.0000,0.0000,none,false,false,0.0000,0.0000,false,false,-1,none,none,false,0.000,0.000,103.57100000,103.55400000,103.57300000,pre_session_high,0.01000000,0.0613,session_high|opening_range_high|neckline_level,103.57100000,0.1476,false,true,false,false,not_blocked,4,4,0,m5_failure_exit,off,none,0.00000000,0.0000,1.30,103.77400000,4.500,-0.300,0.200,PERIOD_M15,103.75600000,103.17400000,0.3316,outside,0.000,true,103.56300000,103.40000000,0.16300000,103.77400000,1.294,0.05421429,28.00,0-30,true,false,none,not_consumed,4.800,4.800,none,0.0000,false,neckline_retest_failed,false,not_invalidated,spread_too_high
2025.12.11 19:30:00,blocked,session_reversal_pullback_one_symbol_first120,AUDJPY,LONG,2025.12.11 19:25:00,19,16,1,new_york,2025.12.11 16:00,25,first_120min,true,true,3,AUDJPY,highest_score_in_session_bar,new_york=USDJPY|EURJPY|GBPJPY|AUDJPY|EURUSD|GBPUSD,existing_first120_gate,new_york,false,false,true,passed_first_window,inverse_head_and_shoulders,neckline_break_retest,103.52300000,PERIOD_M5,PERIOD_H1,PERIOD_M15,PERIOD_M5,PERIOD_M5,false,htf_soft_alignment,current_post_filter,transcript_post_filter,dow_trend_down_ll_lh,no_ordered_dow_wave3_break,dow_trend_down_ll_lh,no_ordered_dow_wave3_break,false,true,false,LONG,PERIOD_M5,inverse_head_and_shoulders,inverse_head_and_shoulders,4.500,none,0.000,inverse_head_and_shoulders,4.500,none,0.000,LONG,false,PERIOD_H1_SHORT_dow_trend_down_ll_lh|PERIOD_M15_NONE_no_ordered_dow_wave3_break,true,h1_counter_m15_reversal,true,top_SHORT_dow_trend_down_ll_lh|structure_NONE_no_ordered_dow_wave3_break|structure_break_recent_confirmed_swing_break_failed|primary_break_recent_confirmed_swing_break_continuation,none,below_75sma_flat_or_rising,below_75sma_falling,above_75sma_flat_or_falling,-1,0.00000000,0,103.43400000,false,off,NONE,NONE,0.00000000,0.00000000,0.0000,none,0.000,true,LONG,return_high_break_or_bos_up,103.68700000,22,103.75600000,103.17400000,false,off,independent,false,,,false,0.0000,none,0.0000,0.0000,none,0.0000,0.0000,0.0000,none,0.0000,0,0,0.0000,none,none,none,none,0.0000,0,0.0000,none,false,true,not_evaluated,true,required_light_or_anchor_flip,short_bias,103.52100000,2025.12.11 10:45:00,103.75600000,2025.12.11 13:15:00,2025.12.11 17:00:00,false,NONE,0.00000000,0.00000000,0.0000,-1,false,,-1,NONE,0.00000000,0.00000000,0.0000,0.0000,none,,none,false,NONE,-1,-1,-1,false,false,none,false,true,false,true,none,true,required,false,PERIOD_M5,,,-1,0.0000,false,0.00000000,0.0000,false,0.0000,false,none,none,false,no_anchor_flip_in_entry_direction,true,required_first_signal_only,LONG,unknown,0.00000000,,0.00000000,,false,,-1,false,NONE,0.00000000,,0.00000000,0.0000,0.0000,none,-1,false,false,false,no_anchor_flip_in_entry_direction,,,,false,false,false,-1,-1,-1,-1,-1,false,false,false,0.0000,range_n,true,103.75600000,103.17400000,4.7733,false,0.0000,0.0000,0,none,true,0.3316,shallow_236_382,0.080,diagnostic_only,diagnostic_only,diagnostic_only,shallow_pullback,9,0.320,true,none,0.470,high_quality,false,false,diagnostic_only,both,true,none,true,diagnostic_adjacent_detected,required_light,false,false,SHORT,7,false,false,0,2025.12.11 18:00:00,2025.12.11 18:55:00,6,3.4677,103.57300000,0.00000000,103.57300000,false,false,none,0.00000000,false,0.0000,0.0000,false,1,0.0000,false,-1,0.00000000,0.0000,off,false,not_evaluated,none,0.0000,0.0000,none,false,false,false,0.0000,none,false,none,0.0000,false,none,2.2319,2.7484,0.8121,0.0000,true,strong_exhaustion,0.0000,none,none,false,false,none,0.0000,0.0000,0.0000,0.0000,none,false,false,0.0000,0.0000,false,false,-1,none,none,false,0.000,0.000,103.57100000,103.55400000,103.57300000,pre_session_high,0.01000000,0.0613,session_high|opening_range_high|neckline_level,103.57100000,0.1476,false,true,false,false,not_blocked,4,4,0,m5_failure_exit,off,none,0.00000000,0.0000,1.30,103.77400000,4.500,-0.300,0.200,PERIOD_M15,103.75600000,103.17400000,0.3316,outside,0.000,true,103.56300000,103.40000000,0.16300000,103.77400000,1.294,0.05421429,28.00,0-30,true,false,none,blocked_spread_too_high,4.800,4.800,none,0.0000,false,neckline_retest_failed,false,not_invalidated,spread_too_high
2025.12.12 16:10:00,signal,session_reversal_pullback_one_symbol_first120,GBPJPY,SHORT,2025.12.12 16:05:00,16,13,22,london_newyork_overlap,2025.12.12 13:00,5,first_120min,true,true,3,GBPJPY,highest_score_in_session_bar,london_newyork_overlap=USDJPY|EURJPY|GBPJPY|AUDJPY|EURUSD|GBPUSD,existing_first120_gate,london_newyork_overlap,false,false,true,passed_first_window,double_top,neckline_break_retest,208.63500000,PERIOD_M5,PERIOD_H1,PERIOD_M15,PERIOD_M5,PERIOD_M5,false,htf_soft_alignment,current_post_filter,transcript_post_filter,dow_trend_up_hh_hl,no_ordered_dow_wave3_break,dow_trend_up_hh_hl,no_ordered_dow_wave3_break,false,false,true,SHORT,PERIOD_M5,double_top,double_top,4.200,none,0.000,double_top,4.200,none,0.000,SHORT,false,PERIOD_H1_LONG_dow_trend_up_hh_hl|PERIOD_M15_NONE_no_ordered_dow_wave3_break,true,h1_counter_m15_reversal,true,top_LONG_dow_trend_up_hh_hl|structure_NONE_no_ordered_dow_wave3_break|structure_break_recent_confirmed_swing_break_failed|primary_break_no_recent_confirmed_swing_break,none,above_75sma_rising,above_75sma_rising,below_75sma_flat_or_rising,-1,0.00000000,-1,0.00000000,false,off,NONE,NONE,0.00000000,0.00000000,0.0000,none,0.000,true,SHORT,return_low_break_or_bos_down,208.41100000,21,208.73200000,208.20900000,false,off,independent,false,,,false,0.0000,none,0.0000,0.0000,none,0.0000,0.0000,0.0000,none,0.0000,0,0,0.0000,none,none,none,none,0.0000,0,0.0000,none,false,true,not_evaluated,true,required_light_or_anchor_flip,long_bias,208.35900000,2025.12.12 14:00:00,208.60400000,2025.12.12 13:00:00,2025.12.12 15:00:00,false,NONE,0.00000000,0.00000000,0.0000,-1,false,,-1,NONE,0.00000000,0.00000000,0.0000,0.0000,none,,none,false,NONE,-1,-1,-1,false,false,none,false,true,false,true,none,true,required,false,PERIOD_M5,,,-1,0.0000,false,0.00000000,0.0000,false,0.0000,false,none,none,false,no_anchor_flip_in_entry_direction,true,required_first_signal_only,SHORT,unknown,0.00000000,,0.00000000,,false,,-1,false,NONE,0.00000000,,0.00000000,0.0000,0.0000,none,-1,false,false,false,no_anchor_flip_in_entry_direction,,,,false,false,false,-1,-1,-1,-1,-1,false,false,false,0.0000,range_n,true,208.73200000,208.20900000,5.6323,false,0.0000,0.0000,0,none,true,0.5889,preferred_382_618,0.200,diagnostic_only,diagnostic_only,diagnostic_only,deep_pullback,24,0.400,true,none,0.550,high_quality,false,false,diagnostic_only,both,true,none,true,diagnostic_adjacent_detected,required_light,false,false,LONG,5,false,false,1,2025.12.12 13:35:00,2025.12.12 15:10:00,11,5.4853,0.00000000,208.35900000,208.35900000,false,false,none,0.00000000,false,0.0000,0.0000,false,1,0.0000,false,-1,0.00000000,0.0000,off,false,not_evaluated,none,0.0000,0.0000,none,false,false,false,0.0000,none,false,none,0.0000,false,none,5.4853,1.4706,3.7300,2.4118,false,no_shrink,0.0000,none,none,false,false,none,0.0000,0.0000,0.0000,0.0000,none,false,false,0.0000,0.0000,false,false,-1,none,none,false,0.000,0.000,208.58300000,208.50800000,208.49465000,recent_equal_lows,0.02235000,0.1164,session_low|opening_range_low|neckline_level,208.50800000,0.1324,false,true,true,false,not_blocked,3,2,1,m5_failure_exit,off,none,0.00000000,0.0000,1.30,208.26700000,4.200,-0.300,0.200,PERIOD_M15,208.60400000,208.35900000,0.6449,deep_618_786,0.000,true,208.51700000,208.70900000,0.19200000,208.26700000,1.302,0.06800000,38.00,0-30,true,false,none,not_consumed,4.300,4.300,none,0.0000,false,neckline_retest_failed,false,not_invalidated,spread_too_high
2025.12.12 16:10:00,blocked,session_reversal_pullback_one_symbol_first120,GBPJPY,SHORT,2025.12.12 16:05:00,16,13,22,london_newyork_overlap,2025.12.12 13:00,5,first_120min,true,true,3,GBPJPY,highest_score_in_session_bar,london_newyork_overlap=USDJPY|EURJPY|GBPJPY|AUDJPY|EURUSD|GBPUSD,existing_first120_gate,london_newyork_overlap,false,false,true,passed_first_window,double_top,neckline_break_retest,208.63500000,PERIOD_M5,PERIOD_H1,PERIOD_M15,PERIOD_M5,PERIOD_M5,false,htf_soft_alignment,current_post_filter,transcript_post_filter,dow_trend_up_hh_hl,no_ordered_dow_wave3_break,dow_trend_up_hh_hl,no_ordered_dow_wave3_break,false,false,true,SHORT,PERIOD_M5,double_top,double_top,4.200,none,0.000,double_top,4.200,none,0.000,SHORT,false,PERIOD_H1_LONG_dow_trend_up_hh_hl|PERIOD_M15_NONE_no_ordered_dow_wave3_break,true,h1_counter_m15_reversal,true,top_LONG_dow_trend_up_hh_hl|structure_NONE_no_ordered_dow_wave3_break|structure_break_recent_confirmed_swing_break_failed|primary_break_no_recent_confirmed_swing_break,none,above_75sma_rising,above_75sma_rising,below_75sma_flat_or_rising,-1,0.00000000,-1,0.00000000,false,off,NONE,NONE,0.00000000,0.00000000,0.0000,none,0.000,true,SHORT,return_low_break_or_bos_down,208.41100000,21,208.73200000,208.20900000,false,off,independent,false,,,false,0.0000,none,0.0000,0.0000,none,0.0000,0.0000,0.0000,none,0.0000,0,0,0.0000,none,none,none,none,0.0000,0,0.0000,none,false,true,not_evaluated,true,required_light_or_anchor_flip,long_bias,208.35900000,2025.12.12 14:00:00,208.60400000,2025.12.12 13:00:00,2025.12.12 15:00:00,false,NONE,0.00000000,0.00000000,0.0000,-1,false,,-1,NONE,0.00000000,0.00000000,0.0000,0.0000,none,,none,false,NONE,-1,-1,-1,false,false,none,false,true,false,true,none,true,required,false,PERIOD_M5,,,-1,0.0000,false,0.00000000,0.0000,false,0.0000,false,none,none,false,no_anchor_flip_in_entry_direction,true,required_first_signal_only,SHORT,unknown,0.00000000,,0.00000000,,false,,-1,false,NONE,0.00000000,,0.00000000,0.0000,0.0000,none,-1,false,false,false,no_anchor_flip_in_entry_direction,,,,false,false,false,-1,-1,-1,-1,-1,false,false,false,0.0000,range_n,true,208.73200000,208.20900000,5.6323,false,0.0000,0.0000,0,none,true,0.5889,preferred_382_618,0.200,diagnostic_only,diagnostic_only,diagnostic_only,deep_pullback,24,0.400,true,none,0.550,high_quality,false,false,diagnostic_only,both,true,none,true,diagnostic_adjacent_detected,required_light,false,false,LONG,5,false,false,1,2025.12.12 13:35:00,2025.12.12 15:10:00,11,5.4853,0.00000000,208.35900000,208.35900000,false,false,none,0.00000000,false,0.0000,0.0000,false,1,0.0000,false,-1,0.00000000,0.0000,off,false,not_evaluated,none,0.0000,0.0000,none,false,false,false,0.0000,none,false,none,0.0000,false,none,5.4853,1.4706,3.7300,2.4118,false,no_shrink,0.0000,none,none,false,false,none,0.0000,0.0000,0.0000,0.0000,none,false,false,0.0000,0.0000,false,false,-1,none,none,false,0.000,0.000,208.58300000,208.50800000,208.49465000,recent_equal_lows,0.02235000,0.1164,session_low|opening_range_low|neckline_level,208.50800000,0.1324,false,true,true,false,not_blocked,3,2,1,m5_failure_exit,off,none,0.00000000,0.0000,1.30,208.26700000,4.200,-0.300,0.200,PERIOD_M15,208.60400000,208.35900000,0.6449,deep_618_786,0.000,true,208.51700000,208.70900000,0.19200000,208.26700000,1.302,0.06800000,38.00,0-30,true,false,none,blocked_spread_too_high,4.300,4.300,none,0.0000,false,neckline_retest_failed,false,not_invalidated,spread_too_high
2025.12.12 19:20:00,signal,session_reversal_pullback_one_symbol_first120,EURUSD,SHORT,2025.12.12 19:15:00,19,16,1,new_york,2025.12.12 16:00,15,first_120min,true,true,3,EURUSD,highest_score_in_session_bar,new_york=USDJPY|EURJPY|GBPJPY|AUDJPY|EURUSD|GBPUSD,existing_first120_gate,new_york,false,false,true,passed_first_window,head_and_shoulders,neckline_break_retest,1.17363000,PERIOD_M5,PERIOD_H1,PERIOD_M15,PERIOD_M5,PERIOD_M5,false,htf_soft_alignment,current_post_filter,transcript_post_filter,dow_trend_up_hh_hl,no_ordered_dow_wave3_break,dow_trend_up_hh_hl,no_ordered_dow_wave3_break,false,false,true,SHORT,PERIOD_M5,head_and_shoulders,head_and_shoulders,4.500,none,0.000,head_and_shoulders,4.500,none,0.000,SHORT,false,PERIOD_H1_LONG_dow_trend_up_hh_hl|PERIOD_M15_NONE_no_ordered_dow_wave3_break,true,h1_counter_m15_reversal,true,top_LONG_dow_trend_up_hh_hl|structure_NONE_no_ordered_dow_wave3_break|structure_break_recent_confirmed_swing_break_failed|primary_break_recent_confirmed_swing_break_failed,none,above_75sma_rising,below_75sma_falling,above_75sma_rising,-1,0.00000000,-1,0.00000000,false,off,NONE,NONE,0.00000000,0.00000000,0.0000,none,0.000,true,SHORT,return_low_break_or_bos_down,1.17289000,2,1.17425000,1.17289000,false,off,independent,false,,,false,0.0000,none,0.0000,0.0000,none,0.0000,0.0000,0.0000,none,0.0000,0,0,0.0000,none,none,none,none,0.0000,0,0.0000,none,false,true,not_evaluated,true,required_light_or_anchor_flip,long_bias,1.17223000,2025.12.12 16:00:00,1.17340000,2025.12.12 11:45:00,2025.12.12 17:00:00,false,NONE,0.00000000,0.00000000,0.0000,-1,false,,-1,NONE,0.00000000,0.00000000,0.0000,0.0000,none,,none,false,NONE,-1,-1,-1,false,false,none,false,true,false,true,none,true,required,false,PERIOD_M5,,,-1,0.0000,false,0.00000000,0.0000,false,0.0000,false,none,none,false,no_anchor_flip_in_entry_direction,true,required_first_signal_only,SHORT,unknown,0.00000000,,0.00000000,,false,,-1,false,NONE,0.00000000,,0.00000000,0.0000,0.0000,none,-1,false,false,false,no_anchor_flip_in_entry_direction,,,,false,false,false,-1,-1,-1,-1,-1,false,false,false,0.0000,range_n,true,1.17442000,1.17187000,3.8060,false,0.0000,0.0000,0,none,true,0.6588,deep_618_786,0.120,diagnostic_only,diagnostic_only,diagnostic_only,fib_pullback,4,0.410,true,none,0.560,high_quality,false,false,diagnostic_only,both,true,none,true,diagnostic_adjacent_detected,required_light,false,false,LONG,6,false,false,1,2025.12.12 17:40:00,2025.12.12 18:40:00,7,5.1234,0.00000000,1.17253000,1.17253000,false,false,none,0.00000000,false,0.0000,0.0000,false,1,0.0000,false,-1,0.00000000,0.0000,off,false,not_evaluated,none,0.0000,0.0000,none,false,false,false,0.0000,none,false,none,0.0000,false,none,5.1234,2.0255,2.5294,0.9532,false,no_shrink,0.0000,none,none,false,false,none,0.0000,0.0000,0.0000,0.0000,none,false,false,0.0000,0.0000,false,false,-1,none,none,false,0.000,0.000,1.17357000,1.17347227,1.17347227,recent_equal_highs,0.00007773,0.1690,neckline_level,1.17363000,0.2383,false,false,true,false,not_blocked,3,0,3,m5_failure_exit,off,none,0.00000000,0.0000,1.30,1.17295000,4.500,-0.300,0.200,PERIOD_M15,1.17425000,1.17289000,0.4853,preferred_382_618,0.000,true,1.17355000,1.17401000,0.00046000,1.17295000,1.304,0.00033571,18.00,0-30,true,false,none,not_consumed,4.600,4.600,none,0.0000,false,opposite_break_first,true,opposite_break_first,spread_too_high
2025.12.12 19:20:00,blocked,session_reversal_pullback_one_symbol_first120,EURUSD,SHORT,2025.12.12 19:15:00,19,16,1,new_york,2025.12.12 16:00,15,first_120min,true,true,3,EURUSD,highest_score_in_session_bar,new_york=USDJPY|EURJPY|GBPJPY|AUDJPY|EURUSD|GBPUSD,existing_first120_gate,new_york,false,false,true,passed_first_window,head_and_shoulders,neckline_break_retest,1.17363000,PERIOD_M5,PERIOD_H1,PERIOD_M15,PERIOD_M5,PERIOD_M5,false,htf_soft_alignment,current_post_filter,transcript_post_filter,dow_trend_up_hh_hl,no_ordered_dow_wave3_break,dow_trend_up_hh_hl,no_ordered_dow_wave3_break,false,false,true,SHORT,PERIOD_M5,head_and_shoulders,head_and_shoulders,4.500,none,0.000,head_and_shoulders,4.500,none,0.000,SHORT,false,PERIOD_H1_LONG_dow_trend_up_hh_hl|PERIOD_M15_NONE_no_ordered_dow_wave3_break,true,h1_counter_m15_reversal,true,top_LONG_dow_trend_up_hh_hl|structure_NONE_no_ordered_dow_wave3_break|structure_break_recent_confirmed_swing_break_failed|primary_break_recent_confirmed_swing_break_failed,none,above_75sma_rising,below_75sma_falling,above_75sma_rising,-1,0.00000000,-1,0.00000000,false,off,NONE,NONE,0.00000000,0.00000000,0.0000,none,0.000,true,SHORT,return_low_break_or_bos_down,1.17289000,2,1.17425000,1.17289000,false,off,independent,false,,,false,0.0000,none,0.0000,0.0000,none,0.0000,0.0000,0.0000,none,0.0000,0,0,0.0000,none,none,none,none,0.0000,0,0.0000,none,false,true,not_evaluated,true,required_light_or_anchor_flip,long_bias,1.17223000,2025.12.12 16:00:00,1.17340000,2025.12.12 11:45:00,2025.12.12 17:00:00,false,NONE,0.00000000,0.00000000,0.0000,-1,false,,-1,NONE,0.00000000,0.00000000,0.0000,0.0000,none,,none,false,NONE,-1,-1,-1,false,false,none,false,true,false,true,none,true,required,false,PERIOD_M5,,,-1,0.0000,false,0.00000000,0.0000,false,0.0000,false,none,none,false,no_anchor_flip_in_entry_direction,true,required_first_signal_only,SHORT,unknown,0.00000000,,0.00000000,,false,,-1,false,NONE,0.00000000,,0.00000000,0.0000,0.0000,none,-1,false,false,false,no_anchor_flip_in_entry_direction,,,,false,false,false,-1,-1,-1,-1,-1,false,false,false,0.0000,range_n,true,1.17442000,1.17187000,3.8060,false,0.0000,0.0000,0,none,true,0.6588,deep_618_786,0.120,diagnostic_only,diagnostic_only,diagnostic_only,fib_pullback,4,0.410,true,none,0.560,high_quality,false,false,diagnostic_only,both,true,none,true,diagnostic_adjacent_detected,required_light,false,false,LONG,6,false,false,1,2025.12.12 17:40:00,2025.12.12 18:40:00,7,5.1234,0.00000000,1.17253000,1.17253000,false,false,none,0.00000000,false,0.0000,0.0000,false,1,0.0000,false,-1,0.00000000,0.0000,off,false,not_evaluated,none,0.0000,0.0000,none,false,false,false,0.0000,none,false,none,0.0000,false,none,5.1234,2.0255,2.5294,0.9532,false,no_shrink,0.0000,none,none,false,false,none,0.0000,0.0000,0.0000,0.0000,none,false,false,0.0000,0.0000,false,false,-1,none,none,false,0.000,0.000,1.17357000,1.17347227,1.17347227,recent_equal_highs,0.00007773,0.1690,neckline_level,1.17363000,0.2383,false,false,true,false,not_blocked,3,0,3,m5_failure_exit,off,none,0.00000000,0.0000,1.30,1.17295000,4.500,-0.300,0.200,PERIOD_M15,1.17425000,1.17289000,0.4853,preferred_382_618,0.000,true,1.17355000,1.17401000,0.00046000,1.17295000,1.304,0.00033571,18.00,0-30,true,false,none,blocked_spread_too_high,4.600,4.600,none,0.0000,false,opposite_break_first,true,opposite_break_first,spread_too_high
2025.12.15 03:15:00,signal,session_reversal_pullback_one_symbol_first120,USDJPY,SHORT,2025.12.15 03:10:00,3,0,9,tokyo,2025.12.15 00:00,10,first_120min,true,true,3,USDJPY,highest_score_in_session_bar,tokyo=USDJPY|EURJPY|GBPJPY|AUDJPY,existing_first120_gate,tokyo,false,false,true,passed_first_window,head_and_shoulders,neckline_break_retest,155.86600000,PERIOD_M5,PERIOD_H1,PERIOD_M15,PERIOD_M5,PERIOD_M5,false,htf_soft_alignment,current_post_filter,transcript_post_filter,dow_range_or_transition,structure_trend_bias_dow_trend_down_ll_lh,dow_range_or_transition,structure_trend_bias_dow_trend_down_ll_lh,false,true,true,SHORT,PERIOD_M5,head_and_shoulders,head_and_shoulders,4.500,none,0.000,head_and_shoulders,4.500,none,0.000,SHORT,false,PERIOD_H1_NONE_dow_range_or_transition|PERIOD_M15_SHORT_structure_trend_bias_dow_trend_down_ll_lh,true,h1_counter_m15_reversal,true,top_NONE_dow_range_or_transition|structure_SHORT_structure_trend_bias_dow_trend_down_ll_lh|structure_break_recent_confirmed_swing_break_failed|primary_break_no_recent_confirmed_swing_break,none,below_75sma_falling,below_75sma_flat_or_rising,below_75sma_flat_or_rising,-1,0.00000000,-1,0.00000000,false,off,NONE,NONE,0.00000000,0.00000000,0.0000,none,0.000,true,SHORT,return_low_break_or_bos_down,155.76800000,10,155.97900000,155.73300000,false,off,independent,false,,,false,0.0000,none,0.0000,0.0000,none,0.0000,0.0000,0.0000,none,0.0000,0,0,0.0000,none,none,none,none,0.0000,0,0.0000,none,false,true,not_evaluated,true,required_light_or_anchor_flip,bias_flip_up,155.71000000,2025.12.12 20:30:00,155.89300000,2025.12.12 22:45:00,2025.12.15 00:45:00,true,LONG,155.89300000,155.95900000,0.9032,4,true,2025.12.15 02:00:00,4,LONG,155.89300000,155.95900000,0.9032,1.0538,strong,2025.12.15 02:30:00,first_after_anchor,true,LONG,4,2,4,true,false,fresh_0_4,false,true,false,true,none,true,required,false,PERIOD_M5,,,-1,0.0000,false,0.00000000,0.0000,false,0.0000,false,none,none,false,no_anchor_flip_in_entry_direction,true,required_first_signal_only,SHORT,unknown,0.00000000,,0.00000000,,false,,-1,false,NONE,0.00000000,,0.00000000,0.0000,0.0000,none,-1,false,false,false,no_anchor_flip_in_entry_direction,,,,false,false,false,-1,-1,-1,-1,-1,false,false,false,0.0000,falling_n,false,155.93300000,155.71000000,3.0518,true,1.0538,0.2736,2,strong,true,0.4187,preferred_382_618,0.200,diagnostic_only,diagnostic_only,diagnostic_only,fib_pullback,24,0.450,true,none,0.600,high_quality,false,false,diagnostic_only,both,true,none,true,diagnostic_adjacent_detected,required_light,false,false,LONG,3,false,false,0,,,-1,0.0000,0.00000000,0.00000000,0.00000000,false,false,none,0.00000000,false,0.0000,0.0000,false,1,0.0000,false,-1,0.00000000,0.0000,off,false,not_evaluated,none,0.0000,0.0000,none,false,false,false,0.0000,none,false,none,0.0000,false,none,0.0000,0.0000,0.0000,0.0000,false,none,0.0000,none,none,false,false,none,0.0000,0.0000,0.0000,0.0000,none,false,false,0.0000,0.0000,false,false,-1,none,none,false,0.000,0.000,155.85400000,155.82600000,155.82600000,wick_cluster_zone,0.01000000,0.0752,session_low|opening_range_low|neckline_level,155.82600000,0.2108,false,true,true,false,not_blocked,6,3,3,m5_failure_exit,off,none,0.00000000,0.0000,1.30,155.66400000,4.500,-0.300,0.200,PERIOD_M15,155.87900000,155.73300000,0.7055,deep_618_786,0.000,true,155.83600000,155.96900000,0.13300000,155.66400000,1.293,0.04742857,18.00,0-30,true,false,none,not_consumed,4.600,4.600,none,0.0000,false,neckline_retest_failed,false,not_invalidated,spread_too_high
2025.12.15 03:15:00,blocked,session_reversal_pullback_one_symbol_first120,USDJPY,SHORT,2025.12.15 03:10:00,3,0,9,tokyo,2025.12.15 00:00,10,first_120min,true,true,3,USDJPY,highest_score_in_session_bar,tokyo=USDJPY|EURJPY|GBPJPY|AUDJPY,existing_first120_gate,tokyo,false,false,true,passed_first_window,head_and_shoulders,neckline_break_retest,155.86600000,PERIOD_M5,PERIOD_H1,PERIOD_M15,PERIOD_M5,PERIOD_M5,false,htf_soft_alignment,current_post_filter,transcript_post_filter,dow_range_or_transition,structure_trend_bias_dow_trend_down_ll_lh,dow_range_or_transition,structure_trend_bias_dow_trend_down_ll_lh,false,true,true,SHORT,PERIOD_M5,head_and_shoulders,head_and_shoulders,4.500,none,0.000,head_and_shoulders,4.500,none,0.000,SHORT,false,PERIOD_H1_NONE_dow_range_or_transition|PERIOD_M15_SHORT_structure_trend_bias_dow_trend_down_ll_lh,true,h1_counter_m15_reversal,true,top_NONE_dow_range_or_transition|structure_SHORT_structure_trend_bias_dow_trend_down_ll_lh|structure_break_recent_confirmed_swing_break_failed|primary_break_no_recent_confirmed_swing_break,none,below_75sma_falling,below_75sma_flat_or_rising,below_75sma_flat_or_rising,-1,0.00000000,-1,0.00000000,false,off,NONE,NONE,0.00000000,0.00000000,0.0000,none,0.000,true,SHORT,return_low_break_or_bos_down,155.76800000,10,155.97900000,155.73300000,false,off,independent,false,,,false,0.0000,none,0.0000,0.0000,none,0.0000,0.0000,0.0000,none,0.0000,0,0,0.0000,none,none,none,none,0.0000,0,0.0000,none,false,true,not_evaluated,true,required_light_or_anchor_flip,bias_flip_up,155.71000000,2025.12.12 20:30:00,155.89300000,2025.12.12 22:45:00,2025.12.15 00:45:00,true,LONG,155.89300000,155.95900000,0.9032,4,true,2025.12.15 02:00:00,4,LONG,155.89300000,155.95900000,0.9032,1.0538,strong,2025.12.15 02:30:00,first_after_anchor,true,LONG,4,2,4,true,false,fresh_0_4,false,true,false,true,none,true,required,false,PERIOD_M5,,,-1,0.0000,false,0.00000000,0.0000,false,0.0000,false,none,none,false,no_anchor_flip_in_entry_direction,true,required_first_signal_only,SHORT,unknown,0.00000000,,0.00000000,,false,,-1,false,NONE,0.00000000,,0.00000000,0.0000,0.0000,none,-1,false,false,false,no_anchor_flip_in_entry_direction,,,,false,false,false,-1,-1,-1,-1,-1,false,false,false,0.0000,falling_n,false,155.93300000,155.71000000,3.0518,true,1.0538,0.2736,2,strong,true,0.4187,preferred_382_618,0.200,diagnostic_only,diagnostic_only,diagnostic_only,fib_pullback,24,0.450,true,none,0.600,high_quality,false,false,diagnostic_only,both,true,none,true,diagnostic_adjacent_detected,required_light,false,false,LONG,3,false,false,0,,,-1,0.0000,0.00000000,0.00000000,0.00000000,false,false,none,0.00000000,false,0.0000,0.0000,false,1,0.0000,false,-1,0.00000000,0.0000,off,false,not_evaluated,none,0.0000,0.0000,none,false,false,false,0.0000,none,false,none,0.0000,false,none,0.0000,0.0000,0.0000,0.0000,false,none,0.0000,none,none,false,false,none,0.0000,0.0000,0.0000,0.0000,none,false,false,0.0000,0.0000,false,false,-1,none,none,false,0.000,0.000,155.85400000,155.82600000,155.82600000,wick_cluster_zone,0.01000000,0.0752,session_low|opening_range_low|neckline_level,155.82600000,0.2108,false,true,true,false,not_blocked,6,3,3,m5_failure_exit,off,none,0.00000000,0.0000,1.30,155.66400000,4.500,-0.300,0.200,PERIOD_M15,155.87900000,155.73300000,0.7055,deep_618_786,0.000,true,155.83600000,155.96900000,0.13300000,155.66400000,1.293,0.04742857,18.00,0-30,true,false,none,blocked_spread_too_high,4.600,4.600,none,0.0000,false,neckline_retest_failed,false,not_invalidated,spread_too_high
2025.12.15 10:40:00,signal,session_reversal_pullback_one_symbol_first120,EURUSD,LONG,2025.12.15 10:35:00,10,7,16,london,2025.12.15 07:00,35,first_120min,true,true,3,EURUSD,highest_score_in_session_bar,london=USDJPY|EURJPY|GBPJPY|AUDJPY|EURUSD|GBPUSD,existing_first120_gate,london,false,false,true,passed_first_window,inverse_head_and_shoulders,neckline_break_retest,1.17338000,PERIOD_M5,PERIOD_H1,PERIOD_M15,PERIOD_M5,PERIOD_M5,false,htf_soft_alignment,current_post_filter,transcript_post_filter,dow_range_or_transition,no_ordered_dow_wave3_break,dow_range_or_transition,no_ordered_dow_wave3_break,false,true,true,LONG,PERIOD_M5,inverse_head_and_shoulders,inverse_head_and_shoulders,4.500,none,0.000,inverse_head_and_shoulders,4.500,none,0.000,LONG,false,PERIOD_H1_NONE_dow_range_or_transition|PERIOD_M15_NONE_no_ordered_dow_wave3_break,true,h1_counter_m15_reversal,true,top_NONE_dow_range_or_transition|structure_NONE_no_ordered_dow_wave3_break|structure_break_recent_confirmed_swing_break_failed|primary_break_recent_confirmed_swing_break_retest,none,above_75sma_rising,below_75sma_flat_or_rising,above_75sma_flat_or_falling,-1,0.00000000,1,1.17360000,false,off,NONE,NONE,0.00000000,0.00000000,0.0000,none,0.000,true,LONG,return_high_break_or_bos_up,1.17398000,22,1.17441000,1.17256000,false,off,independent,false,,,false,0.0000,none,0.0000,0.0000,none,0.0000,0.0000,0.0000,none,0.0000,0,0,0.0000,none,none,none,none,0.0000,0,0.0000,none,false,true,not_evaluated,true,required_light_or_anchor_flip,bias_flip_down,1.17280000,2025.12.15 08:15:00,1.17350000,2025.12.15 07:45:00,2025.12.15 09:00:00,true,SHORT,1.17280000,1.17277000,0.0676,2,true,2025.12.15 09:45:00,2,SHORT,1.17280000,1.17277000,0.0676,0.8567,normal,2025.12.15 09:45:00,first_after_anchor,true,SHORT,2,2,2,true,false,fresh_0_4,false,true,false,true,none,true,required,false,PERIOD_M5,,,-1,0.0000,false,0.00000000,0.0000,false,0.0000,false,none,none,false,no_anchor_flip_in_entry_direction,true,required_first_signal_only,LONG,unknown,0.00000000,,0.00000000,,false,,-1,false,NONE,0.00000000,,0.00000000,0.0000,0.0000,none,-1,false,false,false,no_anchor_flip_in_entry_direction,,,,false,false,false,-1,-1,-1,-1,-1,false,false,false,0.0000,range_n,true,1.17373000,1.17280000,2.0966,true,0.8567,0.6200,0,normal,true,0.3892,preferred_382_618,0.200,diagnostic_only,diagnostic_only,diagnostic_only,shallow_pullback,24,0.400,true,none,0.550,high_quality,false,false,diagnostic_only,both,true,none,true,diagnostic_adjacent_detected,required_light,false,false,SHORT,7,false,false,2,2025.12.15 09:00:00,2025.12.15 10:10:00,5,3.3497,1.17360000,0.00000000,1.17360000,true,true,m5_lh_close_break_up,1.17360000,true,0.2863,1.3742,true,1,0.2863,false,1,1.17360000,1.0593,off,false,not_evaluated,none,0.5300,0.1000,normal,false,true,true,0.2863,failed_1bar,true,back_inside,0.2700,false,weak_retest,2.9775,2.0041,1.4857,1.3456,false,no_shrink,0.0000,none,none,false,false,none,0.0000,0.0000,0.0000,0.0000,none,false,false,0.0000,0.0000,false,false,-1,none,none,false,0.000,0.000,1.17373000,1.17356000,1.17373000,structure_confirmed_swing_high,0.00004000,0.0381,session_high|opening_range_high|neckline_level,1.17380000,0.3149,false,true,true,false,not_blocked,7,4,3,m5_failure_exit,off,none,0.00000000,0.0000,1.30,1.17505000,4.500,-0.300,0.200,PERIOD_M15,1.17373000,1.17280000,0.0430,outside,0.000,true,1.17369000,1.17264000,0.00105000,1.17505000,1.295,0.00034929,18.00,30-60,true,false,none,not_consumed,4.800,4.800,none,0.0000,false,neckline_retest_failed,false,not_invalidated,spread_too_high
2025.12.15 10:40:00,blocked,session_reversal_pullback_one_symbol_first120,EURUSD,LONG,2025.12.15 10:35:00,10,7,16,london,2025.12.15 07:00,35,first_120min,true,true,3,EURUSD,highest_score_in_session_bar,london=USDJPY|EURJPY|GBPJPY|AUDJPY|EURUSD|GBPUSD,existing_first120_gate,london,false,false,true,passed_first_window,inverse_head_and_shoulders,neckline_break_retest,1.17338000,PERIOD_M5,PERIOD_H1,PERIOD_M15,PERIOD_M5,PERIOD_M5,false,htf_soft_alignment,current_post_filter,transcript_post_filter,dow_range_or_transition,no_ordered_dow_wave3_break,dow_range_or_transition,no_ordered_dow_wave3_break,false,true,true,LONG,PERIOD_M5,inverse_head_and_shoulders,inverse_head_and_shoulders,4.500,none,0.000,inverse_head_and_shoulders,4.500,none,0.000,LONG,false,PERIOD_H1_NONE_dow_range_or_transition|PERIOD_M15_NONE_no_ordered_dow_wave3_break,true,h1_counter_m15_reversal,true,top_NONE_dow_range_or_transition|structure_NONE_no_ordered_dow_wave3_break|structure_break_recent_confirmed_swing_break_failed|primary_break_recent_confirmed_swing_break_retest,none,above_75sma_rising,below_75sma_flat_or_rising,above_75sma_flat_or_falling,-1,0.00000000,1,1.17360000,false,off,NONE,NONE,0.00000000,0.00000000,0.0000,none,0.000,true,LONG,return_high_break_or_bos_up,1.17398000,22,1.17441000,1.17256000,false,off,independent,false,,,false,0.0000,none,0.0000,0.0000,none,0.0000,0.0000,0.0000,none,0.0000,0,0,0.0000,none,none,none,none,0.0000,0,0.0000,none,false,true,not_evaluated,true,required_light_or_anchor_flip,bias_flip_down,1.17280000,2025.12.15 08:15:00,1.17350000,2025.12.15 07:45:00,2025.12.15 09:00:00,true,SHORT,1.17280000,1.17277000,0.0676,2,true,2025.12.15 09:45:00,2,SHORT,1.17280000,1.17277000,0.0676,0.8567,normal,2025.12.15 09:45:00,first_after_anchor,true,SHORT,2,2,2,true,false,fresh_0_4,false,true,false,true,none,true,required,false,PERIOD_M5,,,-1,0.0000,false,0.00000000,0.0000,false,0.0000,false,none,none,false,no_anchor_flip_in_entry_direction,true,required_first_signal_only,LONG,unknown,0.00000000,,0.00000000,,false,,-1,false,NONE,0.00000000,,0.00000000,0.0000,0.0000,none,-1,false,false,false,no_anchor_flip_in_entry_direction,,,,false,false,false,-1,-1,-1,-1,-1,false,false,false,0.0000,range_n,true,1.17373000,1.17280000,2.0966,true,0.8567,0.6200,0,normal,true,0.3892,preferred_382_618,0.200,diagnostic_only,diagnostic_only,diagnostic_only,shallow_pullback,24,0.400,true,none,0.550,high_quality,false,false,diagnostic_only,both,true,none,true,diagnostic_adjacent_detected,required_light,false,false,SHORT,7,false,false,2,2025.12.15 09:00:00,2025.12.15 10:10:00,5,3.3497,1.17360000,0.00000000,1.17360000,true,true,m5_lh_close_break_up,1.17360000,true,0.2863,1.3742,true,1,0.2863,false,1,1.17360000,1.0593,off,false,not_evaluated,none,0.5300,0.1000,normal,false,true,true,0.2863,failed_1bar,true,back_inside,0.2700,false,weak_retest,2.9775,2.0041,1.4857,1.3456,false,no_shrink,0.0000,none,none,false,false,none,0.0000,0.0000,0.0000,0.0000,none,false,false,0.0000,0.0000,false,false,-1,none,none,false,0.000,0.000,1.17373000,1.17356000,1.17373000,structure_confirmed_swing_high,0.00004000,0.0381,session_high|opening_range_high|neckline_level,1.17380000,0.3149,false,true,true,false,not_blocked,7,4,3,m5_failure_exit,off,none,0.00000000,0.0000,1.30,1.17505000,4.500,-0.300,0.200,PERIOD_M15,1.17373000,1.17280000,0.0430,outside,0.000,true,1.17369000,1.17264000,0.00105000,1.17505000,1.295,0.00034929,18.00,30-60,true,false,none,blocked_spread_too_high,4.800,4.800,none,0.0000,false,neckline_retest_failed,false,not_invalidated,spread_too_high
2025.12.15 17:20:00,signal,session_reversal_pullback_one_symbol_first120,USDJPY,SHORT,2025.12.15 17:15:00,17,14,23,london_newyork_overlap,2025.12.15 13:00,75,first_120min,false,true,3,USDJPY,highest_score_in_session_bar,london_newyork_overlap=USDJPY|EURJPY|GBPJPY|AUDJPY|EURUSD|GBPUSD,existing_first120_gate,london_newyork_overlap,true,false,true,passed_first_window,head_and_shoulders,neckline_break_retest,155.07300000,PERIOD_M5,PERIOD_H1,PERIOD_M15,PERIOD_M5,PERIOD_M5,false,htf_soft_alignment,current_post_filter,transcript_post_filter,dow_range_or_transition,no_ordered_dow_wave3_break,dow_range_or_transition,no_ordered_dow_wave3_break,false,true,true,SHORT,PERIOD_M5,head_and_shoulders,head_and_shoulders,4.500,none,0.000,head_and_shoulders,4.500,none,0.000,SHORT,false,PERIOD_H1_NONE_dow_range_or_transition|PERIOD_M15_NONE_no_ordered_dow_wave3_break,true,h1_counter_m15_reversal,true,top_NONE_dow_range_or_transition|structure_NONE_no_ordered_dow_wave3_break|structure_break_recent_confirmed_swing_break_retest|primary_break_recent_confirmed_swing_break_failed,none,below_75sma_falling,below_75sma_falling,above_75sma_flat_or_falling,1,154.93200000,-1,0.00000000,false,off,NONE,NONE,0.00000000,0.00000000,0.0000,none,0.000,true,SHORT,return_low_break_or_bos_down,154.93200000,1,155.22000000,154.84500000,false,off,independent,false,,,false,0.0000,none,0.0000,0.0000,none,0.0000,0.0000,0.0000,none,0.0000,0,0,0.0000,none,none,none,none,0.0000,0,0.0000,none,false,true,not_evaluated,true,required_light_or_anchor_flip,bias_flip_down,154.96200000,2025.12.15 15:30:00,155.14600000,2025.12.15 12:30:00,2025.12.15 16:00:00,true,SHORT,154.96200000,154.89400000,0.5939,2,true,2025.12.15 16:30:00,2,SHORT,154.96200000,154.89400000,0.5939,1.3537,strong,2025.12.15 16:45:00,first_after_anchor,true,SHORT,2,1,2,true,false,fresh_0_4,true,false,false,true,none,true,required,true,PERIOD_M5,2025.12.15 16:35:00,2025.12.15 16:35:00,9,0.3675,true,154.96200000,0.3675,false,0.0000,true,m5_bos_down_after_anchor_retest,retest_reconfirm,true,none,true,required_first_signal_only,SHORT,unknown,0.00000000,,0.00000000,,false,,-1,false,NONE,0.00000000,,0.00000000,0.0000,0.0000,none,-1,false,false,false,insufficient_confirmed_m5_pivots,USDJPY|SHORT|1765816200|154.962,,,false,false,false,-1,-1,-1,-1,-1,false,false,false,0.0000,rising_n,false,155.22000000,154.84500000,3.2751,true,1.3537,0.1292,2,strong,true,0.5760,preferred_382_618,0.200,diagnostic_only,diagnostic_only,diagnostic_only,shallow_pullback,4,0.440,true,none,0.590,high_quality,false,false,diagnostic_only,both,true,none,true,diagnostic_adjacent_detected,required_light,false,false,LONG,3,false,false,0,,,-1,0.0000,0.00000000,0.00000000,0.00000000,false,false,none,0.00000000,false,0.0000,0.0000,false,1,0.0000,false,-1,0.00000000,0.0000,off,false,not_evaluated,none,0.0000,0.0000,none,false,false,false,0.0000,none,false,none,0.0000,false,none,0.0000,0.0000,0.0000,0.0000,false,none,0.0000,none,none,false,false,none,0.0000,0.0000,0.0000,0.0000,none,false,false,0.0000,0.0000,false,false,-1,none,none,false,0.000,0.000,155.07300000,155.00000000,155.00000000,round_number,0.06100000,0.4880,neckline_level,155.07300000,0.1470,false,true,true,false,not_blocked,5,2,3,m5_failure_exit,off,none,0.00000000,0.0000,1.30,154.89900000,4.500,-0.300,0.200,PERIOD_M15,155.22000000,154.84500000,0.5760,preferred_382_618,0.000,true,155.06100000,155.18600000,0.12500000,154.89900000,1.296,0.08164286,18.00,60-90,true,false,none,not_consumed,4.950,4.950,none,0.0000,false,neckline_retest_failed,false,not_invalidated,spread_too_high
2025.12.15 17:20:00,blocked,session_reversal_pullback_one_symbol_first120,USDJPY,SHORT,2025.12.15 17:15:00,17,14,23,london_newyork_overlap,2025.12.15 13:00,75,first_120min,false,true,3,USDJPY,highest_score_in_session_bar,london_newyork_overlap=USDJPY|EURJPY|GBPJPY|AUDJPY|EURUSD|GBPUSD,existing_first120_gate,london_newyork_overlap,true,false,true,passed_first_window,head_and_shoulders,neckline_break_retest,155.07300000,PERIOD_M5,PERIOD_H1,PERIOD_M15,PERIOD_M5,PERIOD_M5,false,htf_soft_alignment,current_post_filter,transcript_post_filter,dow_range_or_transition,no_ordered_dow_wave3_break,dow_range_or_transition,no_ordered_dow_wave3_break,false,true,true,SHORT,PERIOD_M5,head_and_shoulders,head_and_shoulders,4.500,none,0.000,head_and_shoulders,4.500,none,0.000,SHORT,false,PERIOD_H1_NONE_dow_range_or_transition|PERIOD_M15_NONE_no_ordered_dow_wave3_break,true,h1_counter_m15_reversal,true,top_NONE_dow_range_or_transition|structure_NONE_no_ordered_dow_wave3_break|structure_break_recent_confirmed_swing_break_retest|primary_break_recent_confirmed_swing_break_failed,none,below_75sma_falling,below_75sma_falling,above_75sma_flat_or_falling,1,154.93200000,-1,0.00000000,false,off,NONE,NONE,0.00000000,0.00000000,0.0000,none,0.000,true,SHORT,return_low_break_or_bos_down,154.93200000,1,155.22000000,154.84500000,false,off,independent,false,,,false,0.0000,none,0.0000,0.0000,none,0.0000,0.0000,0.0000,none,0.0000,0,0,0.0000,none,none,none,none,0.0000,0,0.0000,none,false,true,not_evaluated,true,required_light_or_anchor_flip,bias_flip_down,154.96200000,2025.12.15 15:30:00,155.14600000,2025.12.15 12:30:00,2025.12.15 16:00:00,true,SHORT,154.96200000,154.89400000,0.5939,2,true,2025.12.15 16:30:00,2,SHORT,154.96200000,154.89400000,0.5939,1.3537,strong,2025.12.15 16:45:00,first_after_anchor,true,SHORT,2,1,2,true,false,fresh_0_4,true,false,false,true,none,true,required,true,PERIOD_M5,2025.12.15 16:35:00,2025.12.15 16:35:00,9,0.3675,true,154.96200000,0.3675,false,0.0000,true,m5_bos_down_after_anchor_retest,retest_reconfirm,true,none,true,required_first_signal_only,SHORT,unknown,0.00000000,,0.00000000,,false,,-1,false,NONE,0.00000000,,0.00000000,0.0000,0.0000,none,-1,false,false,false,insufficient_confirmed_m5_pivots,USDJPY|SHORT|1765816200|154.962,,,false,false,false,-1,-1,-1,-1,-1,false,false,false,0.0000,rising_n,false,155.22000000,154.84500000,3.2751,true,1.3537,0.1292,2,strong,true,0.5760,preferred_382_618,0.200,diagnostic_only,diagnostic_only,diagnostic_only,shallow_pullback,4,0.440,true,none,0.590,high_quality,false,false,diagnostic_only,both,true,none,true,diagnostic_adjacent_detected,required_light,false,false,LONG,3,false,false,0,,,-1,0.0000,0.00000000,0.00000000,0.00000000,false,false,none,0.00000000,false,0.0000,0.0000,false,1,0.0000,false,-1,0.00000000,0.0000,off,false,not_evaluated,none,0.0000,0.0000,none,false,false,false,0.0000,none,false,none,0.0000,false,none,0.0000,0.0000,0.0000,0.0000,false,none,0.0000,none,none,false,false,none,0.0000,0.0000,0.0000,0.0000,none,false,false,0.0000,0.0000,false,false,-1,none,none,false,0.000,0.000,155.07300000,155.00000000,155.00000000,round_number,0.06100000,0.4880,neckline_level,155.07300000,0.1470,false,true,true,false,not_blocked,5,2,3,m5_failure_exit,off,none,0.00000000,0.0000,1.30,154.89900000,4.500,-0.300,0.200,PERIOD_M15,155.22000000,154.84500000,0.5760,preferred_382_618,0.000,true,155.06100000,155.18600000,0.12500000,154.89900000,1.296,0.08164286,18.00,60-90,true,false,none,blocked_spread_too_high,4.950,4.950,none,0.0000,false,neckline_retest_failed,false,not_invalidated,spread_too_high
2025.12.16 19:20:00,signal,session_reversal_pullback_one_symbol_first120,AUDJPY,LONG,2025.12.16 19:15:00,19,16,1,new_york,2025.12.16 16:00,15,first_120min,true,true,3,AUDJPY,highest_score_in_session_bar,new_york=USDJPY|EURJPY|GBPJPY|AUDJPY|EURUSD|GBPUSD,existing_first120_gate,new_york,false,false,true,passed_first_window,bos_up,first_pullback_after_bos,102.71230000,PERIOD_M5,PERIOD_H1,PERIOD_M15,PERIOD_M5,PERIOD_M5,false,htf_soft_alignment,current_post_filter,transcript_post_filter,dow_trend_down_ll_lh,structure_trend_bias_dow_trend_down_ll_lh,dow_trend_down_ll_lh,structure_trend_bias_dow_trend_down_ll_lh,false,true,false,LONG,PERIOD_M5,bos_up,bos_up,2.600,none,0.000,bos_up,2.600,none,0.000,LONG,false,PERIOD_H1_SHORT_dow_trend_down_ll_lh|PERIOD_M15_SHORT_structure_trend_bias_dow_trend_down_ll_lh,true,h1_counter_m15_reversal,true,top_SHORT_dow_trend_down_ll_lh|structure_SHORT_structure_trend_bias_dow_trend_down_ll_lh|structure_break_recent_confirmed_swing_break_failed|primary_break_no_recent_confirmed_swing_break,none,below_75sma_falling,below_75sma_falling,above_75sma_flat_or_falling,-1,0.00000000,-1,0.00000000,false,off,NONE,NONE,0.00000000,0.00000000,0.0000,none,0.000,true,LONG,return_high_break_or_bos_up,102.79900000,9,103.02700000,102.43200000,false,off,independent,false,,,false,0.0000,none,0.0000,0.0000,none,0.0000,0.0000,0.0000,none,0.0000,0,0,0.0000,none,none,none,none,0.0000,0,0.0000,none,false,true,not_evaluated,true,required_light_or_anchor_flip,short_bias,102.58400000,2025.12.16 15:30:00,103.02700000,2025.12.16 16:45:00,2025.12.16 17:30:00,false,NONE,0.00000000,0.00000000,0.0000,-1,false,,-1,NONE,0.00000000,0.00000000,0.0000,0.0000,none,,none,false,NONE,-1,-1,-1,false,false,none,false,true,false,true,none,true,required,false,PERIOD_M5,,,-1,0.0000,false,0.00000000,0.0000,false,0.0000,false,none,none,false,no_anchor_flip_in_entry_direction,true,required_first_signal_only,LONG,unknown,0.00000000,,0.00000000,,false,,-1,false,NONE,0.00000000,,0.00000000,0.0000,0.0000,none,-1,false,false,false,no_anchor_flip_in_entry_direction,,,,false,false,false,-1,-1,-1,-1,-1,false,false,false,0.0000,falling_n,false,103.02700000,102.43200000,3.9237,false,0.0000,0.0000,0,none,true,0.4420,preferred_382_618,0.200,diagnostic_only,diagnostic_only,diagnostic_only,shallow_pullback,24,0.400,true,none,0.550,low_quality,false,false,diagnostic_only,both,true,none,true,diagnostic_adjacent_detected,required_light,false,true,SHORT,6,true,true,2,2025.12.16 18:05:00,2025.12.16 18:50:00,5,2.3264,102.76400000,0.00000000,102.76400000,false,false,none,0.00000000,false,0.0000,0.0000,false,1,0.0000,false,-1,0.00000000,0.0000,off,false,not_evaluated,none,0.0000,0.0000,none,false,false,false,0.0000,none,false,none,0.0000,false,none,1.6756,1.8417,0.9098,0.4847,false,no_shrink,0.0000,none,none,false,false,none,0.0000,0.0000,0.0000,0.0000,none,false,false,0.0000,0.0000,false,false,-1,none,none,false,0.000,0.000,102.76600000,102.76311765,102.81100000,structure_confirmed_swing_high,0.04700000,0.3507,session_high|opening_range_high|neckline_level,102.76600000,0.0277,false,true,false,false,not_blocked,5,5,0,m5_failure_exit,off,none,0.00000000,0.0000,1.30,102.93800000,2.600,-0.300,0.200,PERIOD_M15,102.81100000,102.43200000,0.1240,outside,0.000,true,102.76400000,102.63000000,0.13400000,102.93800000,1.299,0.07221429,28.00,0-30,true,false,none,not_consumed,2.700,2.700,none,0.0000,false,opposite_break_first,true,opposite_break_first,spread_too_high
2025.12.16 19:20:00,blocked,session_reversal_pullback_one_symbol_first120,AUDJPY,LONG,2025.12.16 19:15:00,19,16,1,new_york,2025.12.16 16:00,15,first_120min,true,true,3,AUDJPY,highest_score_in_session_bar,new_york=USDJPY|EURJPY|GBPJPY|AUDJPY|EURUSD|GBPUSD,existing_first120_gate,new_york,false,false,true,passed_first_window,bos_up,first_pullback_after_bos,102.71230000,PERIOD_M5,PERIOD_H1,PERIOD_M15,PERIOD_M5,PERIOD_M5,false,htf_soft_alignment,current_post_filter,transcript_post_filter,dow_trend_down_ll_lh,structure_trend_bias_dow_trend_down_ll_lh,dow_trend_down_ll_lh,structure_trend_bias_dow_trend_down_ll_lh,false,true,false,LONG,PERIOD_M5,bos_up,bos_up,2.600,none,0.000,bos_up,2.600,none,0.000,LONG,false,PERIOD_H1_SHORT_dow_trend_down_ll_lh|PERIOD_M15_SHORT_structure_trend_bias_dow_trend_down_ll_lh,true,h1_counter_m15_reversal,true,top_SHORT_dow_trend_down_ll_lh|structure_SHORT_structure_trend_bias_dow_trend_down_ll_lh|structure_break_recent_confirmed_swing_break_failed|primary_break_no_recent_confirmed_swing_break,none,below_75sma_falling,below_75sma_falling,above_75sma_flat_or_falling,-1,0.00000000,-1,0.00000000,false,off,NONE,NONE,0.00000000,0.00000000,0.0000,none,0.000,true,LONG,return_high_break_or_bos_up,102.79900000,9,103.02700000,102.43200000,false,off,independent,false,,,false,0.0000,none,0.0000,0.0000,none,0.0000,0.0000,0.0000,none,0.0000,0,0,0.0000,none,none,none,none,0.0000,0,0.0000,none,false,true,not_evaluated,true,required_light_or_anchor_flip,short_bias,102.58400000,2025.12.16 15:30:00,103.02700000,2025.12.16 16:45:00,2025.12.16 17:30:00,false,NONE,0.00000000,0.00000000,0.0000,-1,false,,-1,NONE,0.00000000,0.00000000,0.0000,0.0000,none,,none,false,NONE,-1,-1,-1,false,false,none,false,true,false,true,none,true,required,false,PERIOD_M5,,,-1,0.0000,false,0.00000000,0.0000,false,0.0000,false,none,none,false,no_anchor_flip_in_entry_direction,true,required_first_signal_only,LONG,unknown,0.00000000,,0.00000000,,false,,-1,false,NONE,0.00000000,,0.00000000,0.0000,0.0000,none,-1,false,false,false,no_anchor_flip_in_entry_direction,,,,false,false,false,-1,-1,-1,-1,-1,false,false,false,0.0000,falling_n,false,103.02700000,102.43200000,3.9237,false,0.0000,0.0000,0,none,true,0.4420,preferred_382_618,0.200,diagnostic_only,diagnostic_only,diagnostic_only,shallow_pullback,24,0.400,true,none,0.550,low_quality,false,false,diagnostic_only,both,true,none,true,diagnostic_adjacent_detected,required_light,false,true,SHORT,6,true,true,2,2025.12.16 18:05:00,2025.12.16 18:50:00,5,2.3264,102.76400000,0.00000000,102.76400000,false,false,none,0.00000000,false,0.0000,0.0000,false,1,0.0000,false,-1,0.00000000,0.0000,off,false,not_evaluated,none,0.0000,0.0000,none,false,false,false,0.0000,none,false,none,0.0000,false,none,1.6756,1.8417,0.9098,0.4847,false,no_shrink,0.0000,none,none,false,false,none,0.0000,0.0000,0.0000,0.0000,none,false,false,0.0000,0.0000,false,false,-1,none,none,false,0.000,0.000,102.76600000,102.76311765,102.81100000,structure_confirmed_swing_high,0.04700000,0.3507,session_high|opening_range_high|neckline_level,102.76600000,0.0277,false,true,false,false,not_blocked,5,5,0,m5_failure_exit,off,none,0.00000000,0.0000,1.30,102.93800000,2.600,-0.300,0.200,PERIOD_M15,102.81100000,102.43200000,0.1240,outside,0.000,true,102.76400000,102.63000000,0.13400000,102.93800000,1.299,0.07221429,28.00,0-30,true,false,none,blocked_spread_too_high,2.700,2.700,none,0.0000,false,opposite_break_first,true,opposite_break_first,spread_too_high
2025.12.17 03:35:00,signal,session_reversal_pullback_one_symbol_first120,GBPJPY,SHORT,2025.12.17 03:30:00,3,0,9,tokyo,2025.12.17 00:00,30,first_120min,true,true,3,GBPJPY,highest_score_in_session_bar,tokyo=USDJPY|EURJPY|GBPJPY|AUDJPY,existing_first120_gate,tokyo,true,false,true,passed_first_window,head_and_shoulders,neckline_break_retest,207.57900000,PERIOD_M5,PERIOD_H1,PERIOD_M15,PERIOD_M5,PERIOD_M5,false,htf_soft_alignment,current_post_filter,transcript_post_filter,dow_trend_up_hh_hl,structure_trend_bias_dow_trend_down_ll_lh,dow_trend_up_hh_hl,structure_trend_bias_dow_trend_down_ll_lh,false,false,true,SHORT,PERIOD_M5,head_and_shoulders,head_and_shoulders,4.500,none,0.000,head_and_shoulders,4.500,none,0.000,SHORT,true,PERIOD_H1_LONG_dow_trend_up_hh_hl|PERIOD_M15_SHORT_structure_trend_bias_dow_trend_down_ll_lh,true,h1_counter_m15_reversal,true,top_LONG_dow_trend_up_hh_hl|structure_SHORT_structure_trend_bias_dow_trend_down_ll_lh|structure_break_recent_confirmed_swing_break_retest|primary_break_recent_confirmed_swing_break_continuation,none,below_75sma_falling,below_75sma_flat_or_rising,below_75sma_falling,1,207.50700000,0,207.68100000,false,off,NONE,NONE,0.00000000,0.00000000,0.0000,none,0.000,true,SHORT,return_low_break_or_bos_down,207.50700000,1,207.86800000,207.44600000,false,off,independent,false,,,false,0.0000,none,0.0000,0.0000,none,0.0000,0.0000,0.0000,none,0.0000,0,0,0.0000,none,none,none,none,0.0000,0,0.0000,none,false,true,not_evaluated,true,required_light_or_anchor_flip,long_bias,207.44600000,2025.12.17 00:00:00,207.72200000,2025.12.16 23:45:00,2025.12.17 02:15:00,false,NONE,0.00000000,0.00000000,0.0000,-1,false,,-1,NONE,0.00000000,0.00000000,0.0000,0.0000,none,,none,false,NONE,-1,-1,-1,false,false,none,false,true,false,true,none,true,required,false,PERIOD_M5,,,-1,0.0000,false,0.00000000,0.0000,false,0.0000,false,none,none,false,no_anchor_flip_in_entry_direction,true,required_first_signal_only,SHORT,unknown,0.00000000,,0.00000000,,false,,-1,false,NONE,0.00000000,,0.00000000,0.0000,0.0000,none,-1,false,false,false,no_anchor_flip_in_entry_direction,,,,false,false,false,-1,-1,-1,-1,-1,false,false,false,0.0000,range_n,true,207.86900000,207.44600000,3.2863,false,0.0000,0.0000,0,none,true,0.3391,shallow_236_382,0.080,diagnostic_only,diagnostic_only,diagnostic_only,shallow_pullback,4,0.320,true,none,0.470,high_quality,false,false,diagnostic_only,both,true,none,true,diagnostic_adjacent_detected,required_light,false,false,LONG,4,false,false,2,2025.12.17 00:55:00,2025.12.17 02:15:00,15,3.1191,0.00000000,207.68100000,207.68100000,true,true,m5_hl_close_break_down,207.68100000,true,0.7159,1.4522,true,1,0.0000,false,10,207.68100000,0.2659,off,false,not_evaluated,none,0.8421,0.1579,very_strong,true,false,false,0.0000,held_clean,true,favorable_side,0.2109,true,clean_retest,1.9123,2.5259,0.7571,0.5931,false,mild_exhaustion,0.0000,none,none,false,false,none,0.0000,0.0000,0.0000,0.0000,none,false,false,0.0000,0.0000,false,false,-1,none,none,false,0.000,0.000,207.57900000,207.50000000,207.50000000,round_number,0.06300000,0.2451,neckline_level,207.57900000,0.1636,false,true,true,false,not_blocked,11,5,6,m5_failure_exit,off,none,0.00000000,0.0000,1.30,207.22900000,4.500,-0.300,0.200,PERIOD_M15,207.86800000,207.44600000,0.2773,outside,0.000,true,207.56300000,207.82000000,0.25700000,207.22900000,1.300,0.09778571,38.00,30-60,true,false,none,not_consumed,5.150,5.150,none,0.0000,false,opposite_break_first,true,opposite_break_first,spread_too_high
2025.12.17 03:35:00,blocked,session_reversal_pullback_one_symbol_first120,GBPJPY,SHORT,2025.12.17 03:30:00,3,0,9,tokyo,2025.12.17 00:00,30,first_120min,true,true,3,GBPJPY,highest_score_in_session_bar,tokyo=USDJPY|EURJPY|GBPJPY|AUDJPY,existing_first120_gate,tokyo,true,false,true,passed_first_window,head_and_shoulders,neckline_break_retest,207.57900000,PERIOD_M5,PERIOD_H1,PERIOD_M15,PERIOD_M5,PERIOD_M5,false,htf_soft_alignment,current_post_filter,transcript_post_filter,dow_trend_up_hh_hl,structure_trend_bias_dow_trend_down_ll_lh,dow_trend_up_hh_hl,structure_trend_bias_dow_trend_down_ll_lh,false,false,true,SHORT,PERIOD_M5,head_and_shoulders,head_and_shoulders,4.500,none,0.000,head_and_shoulders,4.500,none,0.000,SHORT,true,PERIOD_H1_LONG_dow_trend_up_hh_hl|PERIOD_M15_SHORT_structure_trend_bias_dow_trend_down_ll_lh,true,h1_counter_m15_reversal,true,top_LONG_dow_trend_up_hh_hl|structure_SHORT_structure_trend_bias_dow_trend_down_ll_lh|structure_break_recent_confirmed_swing_break_retest|primary_break_recent_confirmed_swing_break_continuation,none,below_75sma_falling,below_75sma_flat_or_rising,below_75sma_falling,1,207.50700000,0,207.68100000,false,off,NONE,NONE,0.00000000,0.00000000,0.0000,none,0.000,true,SHORT,return_low_break_or_bos_down,207.50700000,1,207.86800000,207.44600000,false,off,independent,false,,,false,0.0000,none,0.0000,0.0000,none,0.0000,0.0000,0.0000,none,0.0000,0,0,0.0000,none,none,none,none,0.0000,0,0.0000,none,false,true,not_evaluated,true,required_light_or_anchor_flip,long_bias,207.44600000,2025.12.17 00:00:00,207.72200000,2025.12.16 23:45:00,2025.12.17 02:15:00,false,NONE,0.00000000,0.00000000,0.0000,-1,false,,-1,NONE,0.00000000,0.00000000,0.0000,0.0000,none,,none,false,NONE,-1,-1,-1,false,false,none,false,true,false,true,none,true,required,false,PERIOD_M5,,,-1,0.0000,false,0.00000000,0.0000,false,0.0000,false,none,none,false,no_anchor_flip_in_entry_direction,true,required_first_signal_only,SHORT,unknown,0.00000000,,0.00000000,,false,,-1,false,NONE,0.00000000,,0.00000000,0.0000,0.0000,none,-1,false,false,false,no_anchor_flip_in_entry_direction,,,,false,false,false,-1,-1,-1,-1,-1,false,false,false,0.0000,range_n,true,207.86900000,207.44600000,3.2863,false,0.0000,0.0000,0,none,true,0.3391,shallow_236_382,0.080,diagnostic_only,diagnostic_only,diagnostic_only,shallow_pullback,4,0.320,true,none,0.470,high_quality,false,false,diagnostic_only,both,true,none,true,diagnostic_adjacent_detected,required_light,false,false,LONG,4,false,false,2,2025.12.17 00:55:00,2025.12.17 02:15:00,15,3.1191,0.00000000,207.68100000,207.68100000,true,true,m5_hl_close_break_down,207.68100000,true,0.7159,1.4522,true,1,0.0000,false,10,207.68100000,0.2659,off,false,not_evaluated,none,0.8421,0.1579,very_strong,true,false,false,0.0000,held_clean,true,favorable_side,0.2109,true,clean_retest,1.9123,2.5259,0.7571,0.5931,false,mild_exhaustion,0.0000,none,none,false,false,none,0.0000,0.0000,0.0000,0.0000,none,false,false,0.0000,0.0000,false,false,-1,none,none,false,0.000,0.000,207.57900000,207.50000000,207.50000000,round_number,0.06300000,0.2451,neckline_level,207.57900000,0.1636,false,true,true,false,not_blocked,11,5,6,m5_failure_exit,off,none,0.00000000,0.0000,1.30,207.22900000,4.500,-0.300,0.200,PERIOD_M15,207.86800000,207.44600000,0.2773,outside,0.000,true,207.56300000,207.82000000,0.25700000,207.22900000,1.300,0.09778571,38.00,30-60,true,false,none,blocked_spread_too_high,5.150,5.150,none,0.0000,false,opposite_break_first,true,opposite_break_first,spread_too_high
2025.12.17 16:15:00,signal,session_reversal_pullback_one_symbol_first120,USDJPY,SHORT,2025.12.17 16:10:00,16,13,22,london_newyork_overlap,2025.12.17 13:00,10,first_120min,true,true,3,USDJPY,highest_score_in_session_bar,london_newyork_overlap=USDJPY|EURJPY|GBPJPY|AUDJPY|EURUSD|GBPUSD,existing_first120_gate,london_newyork_overlap,false,false,true,passed_first_window,double_top,neckline_break_retest,155.48400000,PERIOD_M5,PERIOD_H1,PERIOD_M15,PERIOD_M5,PERIOD_M5,false,htf_soft_alignment,current_post_filter,transcript_post_filter,dow_range_or_transition,structure_trend_bias_dow_trend_up_hh_hl,dow_range_or_transition,structure_trend_bias_dow_trend_up_hh_hl,false,false,true,SHORT,PERIOD_M5,double_top,double_top,4.200,none,0.000,double_top,4.200,none,0.000,SHORT,false,PERIOD_H1_NONE_dow_range_or_transition|PERIOD_M15_LONG_structure_trend_bias_dow_trend_up_hh_hl,true,h1_counter_m15_reversal,true,top_NONE_dow_range_or_transition|structure_LONG_structure_trend_bias_dow_trend_up_hh_hl|structure_break_recent_confirmed_swing_break_failed|primary_break_recent_confirmed_swing_break_failed,none,above_75sma_flat_or_falling,above_75sma_rising,below_75sma_falling,-1,0.00000000,-1,0.00000000,false,off,NONE,NONE,0.00000000,0.00000000,0.0000,none,0.000,true,SHORT,return_low_break_or_bos_down,155.43400000,1,155.63200000,155.43400000,false,off,independent,false,,,false,0.0000,none,0.0000,0.0000,none,0.0000,0.0000,0.0000,none,0.0000,0,0,0.0000,none,none,none,none,0.0000,0,0.0000,none,false,true,not_evaluated,true,required_light_or_anchor_flip,short_bias,155.44500000,2025.12.17 14:30:00,155.63200000,2025.12.17 15:00:00,2025.12.17 15:15:00,false,NONE,0.00000000,0.00000000,0.0000,-1,false,,-1,NONE,0.00000000,0.00000000,0.0000,0.0000,none,,none,false,NONE,-1,-1,-1,false,false,none,true,false,false,true,none,true,required,false,PERIOD_M5,,,-1,0.0000,false,0.00000000,0.0000,false,0.0000,false,none,none,false,no_anchor_flip_in_entry_direction,true,required_first_signal_only,SHORT,unknown,0.00000000,,0.00000000,,false,,-1,false,NONE,0.00000000,,0.00000000,0.0000,0.0000,none,-1,false,false,false,no_anchor_flip_in_entry_direction,,,,false,false,false,-1,-1,-1,-1,-1,false,false,false,0.0000,range_n,true,155.63200000,155.38000000,2.7520,false,0.0000,0.0000,0,none,true,0.3532,shallow_236_382,0.080,diagnostic_only,diagnostic_only,diagnostic_only,shallow_pullback,4,0.320,true,none,0.470,high_quality,false,false,diagnostic_only,both,true,none,true,diagnostic_adjacent_detected,required_light,false,false,LONG,6,false,false,1,2025.12.17 14:05:00,2025.12.17 15:20:00,10,3.2456,0.00000000,155.38000000,155.38000000,true,true,m5_hl_close_break_down,155.38000000,true,0.1417,0.7728,true,1,1.1592,false,2,155.38000000,0.7084,off,false,not_evaluated,none,0.7045,0.2955,strong,false,true,true,1.1592,failed_1bar,true,back_inside,0.0253,false,weak_retest,3.2456,1.5842,2.0488,0.8243,false,no_shrink,0.0000,none,none,false,false,none,0.0000,0.0000,0.0000,0.0000,none,false,false,0.0000,0.0000,false,false,-1,none,none,false,0.000,0.000,155.48400000,155.46500000,155.46500000,recent_equal_highs,0.00400000,0.0465,neckline_level,155.48400000,0.1932,false,true,true,false,not_blocked,6,3,3,m5_failure_exit,off,none,0.00000000,0.0000,1.30,155.35700000,4.200,-0.300,0.200,PERIOD_M15,155.63200000,155.43400000,0.1768,outside,0.000,true,155.46900000,155.55500000,0.08600000,155.35700000,1.302,0.07764286,17.00,0-30,true,false,none,not_consumed,4.300,4.300,none,0.0000,false,neckline_retest_failed,false,not_invalidated,spread_too_high
2025.12.17 16:15:00,blocked,session_reversal_pullback_one_symbol_first120,USDJPY,SHORT,2025.12.17 16:10:00,16,13,22,london_newyork_overlap,2025.12.17 13:00,10,first_120min,true,true,3,USDJPY,highest_score_in_session_bar,london_newyork_overlap=USDJPY|EURJPY|GBPJPY|AUDJPY|EURUSD|GBPUSD,existing_first120_gate,london_newyork_overlap,false,false,true,passed_first_window,double_top,neckline_break_retest,155.48400000,PERIOD_M5,PERIOD_H1,PERIOD_M15,PERIOD_M5,PERIOD_M5,false,htf_soft_alignment,current_post_filter,transcript_post_filter,dow_range_or_transition,structure_trend_bias_dow_trend_up_hh_hl,dow_range_or_transition,structure_trend_bias_dow_trend_up_hh_hl,false,false,true,SHORT,PERIOD_M5,double_top,double_top,4.200,none,0.000,double_top,4.200,none,0.000,SHORT,false,PERIOD_H1_NONE_dow_range_or_transition|PERIOD_M15_LONG_structure_trend_bias_dow_trend_up_hh_hl,true,h1_counter_m15_reversal,true,top_NONE_dow_range_or_transition|structure_LONG_structure_trend_bias_dow_trend_up_hh_hl|structure_break_recent_confirmed_swing_break_failed|primary_break_recent_confirmed_swing_break_failed,none,above_75sma_flat_or_falling,above_75sma_rising,below_75sma_falling,-1,0.00000000,-1,0.00000000,false,off,NONE,NONE,0.00000000,0.00000000,0.0000,none,0.000,true,SHORT,return_low_break_or_bos_down,155.43400000,1,155.63200000,155.43400000,false,off,independent,false,,,false,0.0000,none,0.0000,0.0000,none,0.0000,0.0000,0.0000,none,0.0000,0,0,0.0000,none,none,none,none,0.0000,0,0.0000,none,false,true,not_evaluated,true,required_light_or_anchor_flip,short_bias,155.44500000,2025.12.17 14:30:00,155.63200000,2025.12.17 15:00:00,2025.12.17 15:15:00,false,NONE,0.00000000,0.00000000,0.0000,-1,false,,-1,NONE,0.00000000,0.00000000,0.0000,0.0000,none,,none,false,NONE,-1,-1,-1,false,false,none,true,false,false,true,none,true,required,false,PERIOD_M5,,,-1,0.0000,false,0.00000000,0.0000,false,0.0000,false,none,none,false,no_anchor_flip_in_entry_direction,true,required_first_signal_only,SHORT,unknown,0.00000000,,0.00000000,,false,,-1,false,NONE,0.00000000,,0.00000000,0.0000,0.0000,none,-1,false,false,false,no_anchor_flip_in_entry_direction,,,,false,false,false,-1,-1,-1,-1,-1,false,false,false,0.0000,range_n,true,155.63200000,155.38000000,2.7520,false,0.0000,0.0000,0,none,true,0.3532,shallow_236_382,0.080,diagnostic_only,diagnostic_only,diagnostic_only,shallow_pullback,4,0.320,true,none,0.470,high_quality,false,false,diagnostic_only,both,true,none,true,diagnostic_adjacent_detected,required_light,false,false,LONG,6,false,false,1,2025.12.17 14:05:00,2025.12.17 15:20:00,10,3.2456,0.00000000,155.38000000,155.38000000,true,true,m5_hl_close_break_down,155.38000000,true,0.1417,0.7728,true,1,1.1592,false,2,155.38000000,0.7084,off,false,not_evaluated,none,0.7045,0.2955,strong,false,true,true,1.1592,failed_1bar,true,back_inside,0.0253,false,weak_retest,3.2456,1.5842,2.0488,0.8243,false,no_shrink,0.0000,none,none,false,false,none,0.0000,0.0000,0.0000,0.0000,none,false,false,0.0000,0.0000,false,false,-1,none,none,false,0.000,0.000,155.48400000,155.46500000,155.46500000,recent_equal_highs,0.00400000,0.0465,neckline_level,155.48400000,0.1932,false,true,true,false,not_blocked,6,3,3,m5_failure_exit,off,none,0.00000000,0.0000,1.30,155.35700000,4.200,-0.300,0.200,PERIOD_M15,155.63200000,155.43400000,0.1768,outside,0.000,true,155.46900000,155.55500000,0.08600000,155.35700000,1.302,0.07764286,17.00,0-30,true,false,none,blocked_spread_too_high,4.300,4.300,none,0.0000,false,neckline_retest_failed,false,not_invalidated,spread_too_high
2025.12.17 20:05:00,signal,session_reversal_pullback_one_symbol_first120,USDJPY,SHORT,2025.12.17 20:00:00,20,17,2,new_york,2025.12.17 16:00,60,first_120min,false,true,3,USDJPY,highest_score_in_session_bar,new_york=USDJPY|EURJPY|GBPJPY|AUDJPY|EURUSD|GBPUSD,existing_first120_gate,new_york,false,false,true,passed_first_window,head_and_shoulders,neckline_break_retest,155.52700000,PERIOD_M5,PERIOD_H1,PERIOD_M15,PERIOD_M5,PERIOD_M5,false,htf_soft_alignment,current_post_filter,transcript_post_filter,dow_trend_up_hh_hl,no_ordered_dow_wave3_break,dow_trend_up_hh_hl,no_ordered_dow_wave3_break,false,false,true,SHORT,PERIOD_M5,head_and_shoulders,head_and_shoulders,4.500,none,0.000,head_and_shoulders,4.500,none,0.000,SHORT,false,PERIOD_H1_LONG_dow_trend_up_hh_hl|PERIOD_M15_NONE_no_ordered_dow_wave3_break,true,h1_counter_m15_reversal,true,top_LONG_dow_trend_up_hh_hl|structure_NONE_no_ordered_dow_wave3_break|structure_break_recent_confirmed_swing_break_failed|primary_break_recent_confirmed_swing_break_retest,none,above_75sma_flat_or_falling,above_75sma_rising,below_75sma_falling,-1,0.00000000,0,155.52900000,false,off,NONE,NONE,0.00000000,0.00000000,0.0000,none,0.000,true,SHORT,return_low_break_or_bos_down,155.43400000,8,155.63200000,155.34300000,false,off,independent,false,,,false,0.0000,none,0.0000,0.0000,none,0.0000,0.0000,0.0000,none,0.0000,0,0,0.0000,none,none,none,none,0.0000,0,0.0000,none,false,true,not_evaluated,true,required_light_or_anchor_flip,short_bias,155.44500000,2025.12.17 14:30:00,155.63200000,2025.12.17 15:00:00,2025.12.17 16:00:00,false,NONE,0.00000000,0.00000000,0.0000,-1,false,,-1,NONE,0.00000000,0.00000000,0.0000,0.0000,none,,none,false,NONE,-1,-1,-1,false,false,none,true,false,false,true,none,true,required,false,PERIOD_M5,,,-1,0.0000,false,0.00000000,0.0000,false,0.0000,false,none,none,false,no_anchor_flip_in_entry_direction,true,required_first_signal_only,SHORT,unknown,0.00000000,,0.00000000,,false,,-1,false,NONE,0.00000000,,0.00000000,0.0000,0.0000,none,-1,false,false,false,no_anchor_flip_in_entry_direction,,,,false,false,false,-1,-1,-1,-1,-1,false,false,false,0.0000,range_n,true,155.63200000,155.34300000,2.8294,false,0.0000,0.0000,0,none,true,0.5087,preferred_382_618,0.200,diagnostic_only,diagnostic_only,diagnostic_only,fib_pullback,24,0.400,true,none,0.550,high_quality,false,false,diagnostic_only,both,true,none,true,diagnostic_adjacent_detected,required_light,false,false,LONG,7,false,false,2,2025.12.17 18:15:00,2025.12.17 19:40:00,4,5.9962,0.00000000,155.52900000,155.52900000,true,true,m5_hl_close_break_down,155.52900000,true,0.0528,1.3736,true,1,0.8717,true,3,155.52900000,0.0264,off,false,not_evaluated,none,1.0000,0.0000,normal,false,true,true,0.8717,failed_1bar,true,favorable_side,0.1190,false,clean_retest,1.9811,5.7321,0.3456,0.2642,false,mild_exhaustion,0.0000,none,none,false,false,none,0.0000,0.0000,0.0000,0.0000,none,false,false,0.0000,0.0000,false,false,-1,none,none,false,0.000,0.000,155.52180000,155.48800000,155.37700000,pre_session_low,0.11300000,1.0367,session_low|opening_range_low|neckline_level,155.48800000,0.0528,false,true,false,false,not_blocked,2,2,0,m5_failure_exit,off,none,0.00000000,0.0000,1.30,155.34900000,4.500,0.150,0.200,PERIOD_M15,155.62500000,155.34300000,0.5213,preferred_382_618,0.000,true,155.49000000,155.59900000,0.10900000,155.34900000,1.294,0.03785714,17.00,60-90,true,false,none,not_consumed,5.250,5.250,none,0.0000,false,neckline_retest_failed,false,not_invalidated,spread_too_high
2025.12.17 20:05:00,blocked,session_reversal_pullback_one_symbol_first120,USDJPY,SHORT,2025.12.17 20:00:00,20,17,2,new_york,2025.12.17 16:00,60,first_120min,false,true,3,USDJPY,highest_score_in_session_bar,new_york=USDJPY|EURJPY|GBPJPY|AUDJPY|EURUSD|GBPUSD,existing_first120_gate,new_york,false,false,true,passed_first_window,head_and_shoulders,neckline_break_retest,155.52700000,PERIOD_M5,PERIOD_H1,PERIOD_M15,PERIOD_M5,PERIOD_M5,false,htf_soft_alignment,current_post_filter,transcript_post_filter,dow_trend_up_hh_hl,no_ordered_dow_wave3_break,dow_trend_up_hh_hl,no_ordered_dow_wave3_break,false,false,true,SHORT,PERIOD_M5,head_and_shoulders,head_and_shoulders,4.500,none,0.000,head_and_shoulders,4.500,none,0.000,SHORT,false,PERIOD_H1_LONG_dow_trend_up_hh_hl|PERIOD_M15_NONE_no_ordered_dow_wave3_break,true,h1_counter_m15_reversal,true,top_LONG_dow_trend_up_hh_hl|structure_NONE_no_ordered_dow_wave3_break|structure_break_recent_confirmed_swing_break_failed|primary_break_recent_confirmed_swing_break_retest,none,above_75sma_flat_or_falling,above_75sma_rising,below_75sma_falling,-1,0.00000000,0,155.52900000,false,off,NONE,NONE,0.00000000,0.00000000,0.0000,none,0.000,true,SHORT,return_low_break_or_bos_down,155.43400000,8,155.63200000,155.34300000,false,off,independent,false,,,false,0.0000,none,0.0000,0.0000,none,0.0000,0.0000,0.0000,none,0.0000,0,0,0.0000,none,none,none,none,0.0000,0,0.0000,none,false,true,not_evaluated,true,required_light_or_anchor_flip,short_bias,155.44500000,2025.12.17 14:30:00,155.63200000,2025.12.17 15:00:00,2025.12.17 16:00:00,false,NONE,0.00000000,0.00000000,0.0000,-1,false,,-1,NONE,0.00000000,0.00000000,0.0000,0.0000,none,,none,false,NONE,-1,-1,-1,false,false,none,true,false,false,true,none,true,required,false,PERIOD_M5,,,-1,0.0000,false,0.00000000,0.0000,false,0.0000,false,none,none,false,no_anchor_flip_in_entry_direction,true,required_first_signal_only,SHORT,unknown,0.00000000,,0.00000000,,false,,-1,false,NONE,0.00000000,,0.00000000,0.0000,0.0000,none,-1,false,false,false,no_anchor_flip_in_entry_direction,,,,false,false,false,-1,-1,-1,-1,-1,false,false,false,0.0000,range_n,true,155.63200000,155.34300000,2.8294,false,0.0000,0.0000,0,none,true,0.5087,preferred_382_618,0.200,diagnostic_only,diagnostic_only,diagnostic_only,fib_pullback,24,0.400,true,none,0.550,high_quality,false,false,diagnostic_only,both,true,none,true,diagnostic_adjacent_detected,required_light,false,false,LONG,7,false,false,2,2025.12.17 18:15:00,2025.12.17 19:40:00,4,5.9962,0.00000000,155.52900000,155.52900000,true,true,m5_hl_close_break_down,155.52900000,true,0.0528,1.3736,true,1,0.8717,true,3,155.52900000,0.0264,off,false,not_evaluated,none,1.0000,0.0000,normal,false,true,true,0.8717,failed_1bar,true,favorable_side,0.1190,false,clean_retest,1.9811,5.7321,0.3456,0.2642,false,mild_exhaustion,0.0000,none,none,false,false,none,0.0000,0.0000,0.0000,0.0000,none,false,false,0.0000,0.0000,false,false,-1,none,none,false,0.000,0.000,155.52180000,155.48800000,155.37700000,pre_session_low,0.11300000,1.0367,session_low|opening_range_low|neckline_level,155.48800000,0.0528,false,true,false,false,not_blocked,2,2,0,m5_failure_exit,off,none,0.00000000,0.0000,1.30,155.34900000,4.500,0.150,0.200,PERIOD_M15,155.62500000,155.34300000,0.5213,preferred_382_618,0.000,true,155.49000000,155.59900000,0.10900000,155.34900000,1.294,0.03785714,17.00,60-90,true,false,none,blocked_spread_too_high,5.250,5.250,none,0.0000,false,neckline_retest_failed,false,not_invalidated,spread_too_high
2025.12.18 04:45:00,signal,session_reversal_pullback_one_symbol_first120,AUDJPY,LONG,2025.12.18 04:40:00,4,1,10,tokyo,2025.12.18 00:00,100,first_120min,false,true,3,AUDJPY,highest_score_in_session_bar,tokyo=USDJPY|EURJPY|GBPJPY|AUDJPY,existing_first120_gate,tokyo,false,false,true,passed_first_window,double_bottom,neckline_break_retest,102.73200000,PERIOD_M5,PERIOD_H1,PERIOD_M15,PERIOD_M5,PERIOD_M5,false,htf_soft_alignment,current_post_filter,transcript_post_filter,dow_range_or_transition,no_ordered_dow_wave3_break,dow_range_or_transition,no_ordered_dow_wave3_break,false,true,false,LONG,PERIOD_M5,double_bottom,double_bottom,4.200,none,0.000,double_bottom,4.200,none,0.000,LONG,false,PERIOD_H1_NONE_dow_range_or_transition|PERIOD_M15_NONE_no_ordered_dow_wave3_break,true,h1_counter_m15_reversal,true,top_NONE_dow_range_or_transition|structure_NONE_no_ordered_dow_wave3_break|structure_break_recent_confirmed_swing_break_failed|primary_break_no_recent_confirmed_swing_break,none,below_75sma_falling,below_75sma_falling,above_75sma_flat_or_falling,-1,0.00000000,-1,0.00000000,false,off,NONE,NONE,0.00000000,0.00000000,0.0000,none,0.000,true,LONG,return_high_break_or_bos_up,102.82900000,21,102.88800000,102.55100000,false,off,independent,false,,,false,0.0000,none,0.0000,0.0000,none,0.0000,0.0000,0.0000,none,0.0000,0,0,0.0000,none,none,none,none,0.0000,0,0.0000,none,false,true,not_evaluated,true,required_light_or_anchor_flip,short_bias,102.67900000,2025.12.17 20:30:00,102.80500000,2025.12.18 01:00:00,2025.12.18 02:00:00,false,NONE,0.00000000,0.00000000,0.0000,-1,false,,-1,NONE,0.00000000,0.00000000,0.0000,0.0000,none,,none,false,NONE,-1,-1,-1,false,false,none,false,true,false,true,none,true,required,false,PERIOD_M5,,,-1,0.0000,false,0.00000000,0.0000,false,0.0000,false,none,none,false,no_anchor_flip_in_entry_direction,true,required_first_signal_only,LONG,unknown,0.00000000,,0.00000000,,false,,-1,false,NONE,0.00000000,,0.00000000,0.0000,0.0000,none,-1,false,false,false,no_anchor_flip_in_entry_direction,,,,false,false,false,-1,-1,-1,-1,-1,false,false,false,0.0000,falling_n,false,102.88800000,102.55100000,4.1386,false,0.0000,0.0000,0,none,true,0.3620,shallow_236_382,0.080,diagnostic_only,diagnostic_only,diagnostic_only,fib_pullback,10,0.320,true,none,0.470,high_quality,false,false,diagnostic_only,both,true,none,true,diagnostic_adjacent_detected,required_light,false,false,SHORT,2,false,false,0,,,-1,0.0000,0.00000000,0.00000000,0.00000000,false,false,none,0.00000000,false,0.0000,0.0000,false,1,0.0000,false,-1,0.00000000,0.0000,off,false,not_evaluated,none,0.0000,0.0000,none,false,false,false,0.0000,none,false,none,0.0000,false,none,0.0000,0.0000,0.0000,0.0000,false,none,0.0000,none,none,false,false,none,0.0000,0.0000,0.0000,0.0000,none,false,false,0.0000,0.0000,false,false,-1,none,none,false,0.000,0.000,102.79590000,102.74840000,102.79590000,recent_equal_highs,0.02990000,0.2392,opening_range_high|neckline_level,102.73200000,0.7010,false,true,true,false,not_blocked,8,5,3,m5_failure_exit,off,none,0.00000000,0.0000,1.30,102.92800000,4.200,-0.300,0.200,PERIOD_M15,102.88800000,102.55100000,0.3620,outside,0.000,true,102.76600000,102.64100000,0.12500000,102.92800000,1.296,0.04850000,28.00,90-120,true,false,none,not_consumed,4.300,4.300,none,0.0000,false,opposite_break_first,true,opposite_break_first,spread_too_high
2025.12.18 04:45:00,blocked,session_reversal_pullback_one_symbol_first120,AUDJPY,LONG,2025.12.18 04:40:00,4,1,10,tokyo,2025.12.18 00:00,100,first_120min,false,true,3,AUDJPY,highest_score_in_session_bar,tokyo=USDJPY|EURJPY|GBPJPY|AUDJPY,existing_first120_gate,tokyo,false,false,true,passed_first_window,double_bottom,neckline_break_retest,102.73200000,PERIOD_M5,PERIOD_H1,PERIOD_M15,PERIOD_M5,PERIOD_M5,false,htf_soft_alignment,current_post_filter,transcript_post_filter,dow_range_or_transition,no_ordered_dow_wave3_break,dow_range_or_transition,no_ordered_dow_wave3_break,false,true,false,LONG,PERIOD_M5,double_bottom,double_bottom,4.200,none,0.000,double_bottom,4.200,none,0.000,LONG,false,PERIOD_H1_NONE_dow_range_or_transition|PERIOD_M15_NONE_no_ordered_dow_wave3_break,true,h1_counter_m15_reversal,true,top_NONE_dow_range_or_transition|structure_NONE_no_ordered_dow_wave3_break|structure_break_recent_confirmed_swing_break_failed|primary_break_no_recent_confirmed_swing_break,none,below_75sma_falling,below_75sma_falling,above_75sma_flat_or_falling,-1,0.00000000,-1,0.00000000,false,off,NONE,NONE,0.00000000,0.00000000,0.0000,none,0.000,true,LONG,return_high_break_or_bos_up,102.82900000,21,102.88800000,102.55100000,false,off,independent,false,,,false,0.0000,none,0.0000,0.0000,none,0.0000,0.0000,0.0000,none,0.0000,0,0,0.0000,none,none,none,none,0.0000,0,0.0000,none,false,true,not_evaluated,true,required_light_or_anchor_flip,short_bias,102.67900000,2025.12.17 20:30:00,102.80500000,2025.12.18 01:00:00,2025.12.18 02:00:00,false,NONE,0.00000000,0.00000000,0.0000,-1,false,,-1,NONE,0.00000000,0.00000000,0.0000,0.0000,none,,none,false,NONE,-1,-1,-1,false,false,none,false,true,false,true,none,true,required,false,PERIOD_M5,,,-1,0.0000,false,0.00000000,0.0000,false,0.0000,false,none,none,false,no_anchor_flip_in_entry_direction,true,required_first_signal_only,LONG,unknown,0.00000000,,0.00000000,,false,,-1,false,NONE,0.00000000,,0.00000000,0.0000,0.0000,none,-1,false,false,false,no_anchor_flip_in_entry_direction,,,,false,false,false,-1,-1,-1,-1,-1,false,false,false,0.0000,falling_n,false,102.88800000,102.55100000,4.1386,false,0.0000,0.0000,0,none,true,0.3620,shallow_236_382,0.080,diagnostic_only,diagnostic_only,diagnostic_only,fib_pullback,10,0.320,true,none,0.470,high_quality,false,false,diagnostic_only,both,true,none,true,diagnostic_adjacent_detected,required_light,false,false,SHORT,2,false,false,0,,,-1,0.0000,0.00000000,0.00000000,0.00000000,false,false,none,0.00000000,false,0.0000,0.0000,false,1,0.0000,false,-1,0.00000000,0.0000,off,false,not_evaluated,none,0.0000,0.0000,none,false,false,false,0.0000,none,false,none,0.0000,false,none,0.0000,0.0000,0.0000,0.0000,false,none,0.0000,none,none,false,false,none,0.0000,0.0000,0.0000,0.0000,none,false,false,0.0000,0.0000,false,false,-1,none,none,false,0.000,0.000,102.79590000,102.74840000,102.79590000,recent_equal_highs,0.02990000,0.2392,opening_range_high|neckline_level,102.73200000,0.7010,false,true,true,false,not_blocked,8,5,3,m5_failure_exit,off,none,0.00000000,0.0000,1.30,102.92800000,4.200,-0.300,0.200,PERIOD_M15,102.88800000,102.55100000,0.3620,outside,0.000,true,102.76600000,102.64100000,0.12500000,102.92800000,1.296,0.04850000,28.00,90-120,true,false,none,blocked_spread_too_high,4.300,4.300,none,0.0000,false,opposite_break_first,true,opposite_break_first,spread_too_high
2025.12.18 10:50:00,signal,session_reversal_pullback_one_symbol_first120,GBPJPY,SHORT,2025.12.18 10:45:00,10,7,16,london,2025.12.18 07:00,45,first_120min,true,true,3,GBPJPY,highest_score_in_session_bar,london=USDJPY|EURJPY|GBPJPY|AUDJPY|EURUSD|GBPUSD,existing_first120_gate,london,false,false,true,passed_first_window,head_and_shoulders,neckline_break_retest,208.29200000,PERIOD_M5,PERIOD_H1,PERIOD_M15,PERIOD_M5,PERIOD_M5,false,htf_soft_alignment,current_post_filter,transcript_post_filter,dow_trend_up_hh_hl,structure_trend_bias_dow_trend_up_hh_hl,dow_trend_up_hh_hl,structure_trend_bias_dow_trend_up_hh_hl,false,false,true,SHORT,PERIOD_M5,head_and_shoulders,head_and_shoulders,4.500,none,0.000,head_and_shoulders,4.500,none,0.000,SHORT,false,PERIOD_H1_LONG_dow_trend_up_hh_hl|PERIOD_M15_LONG_structure_trend_bias_dow_trend_up_hh_hl,true,h1_counter_m15_reversal,true,top_LONG_dow_trend_up_hh_hl|structure_LONG_structure_trend_bias_dow_trend_up_hh_hl|structure_break_recent_confirmed_swing_break_failed|primary_break_recent_confirmed_swing_break_retest,none,above_75sma_rising,above_75sma_rising,below_75sma_flat_or_rising,-1,0.00000000,0,208.27100000,false,off,NONE,NONE,0.00000000,0.00000000,0.0000,none,0.000,true,SHORT,return_low_break_or_bos_down,208.12200000,18,208.54300000,208.08200000,false,off,independent,false,,,false,0.0000,none,0.0000,0.0000,none,0.0000,0.0000,0.0000,none,0.0000,0,0,0.0000,none,none,none,none,0.0000,0,0.0000,none,false,true,not_evaluated,true,required_light_or_anchor_flip,long_bias,208.08200000,2025.12.18 06:15:00,208.18200000,2025.12.18 01:00:00,2025.12.18 09:15:00,false,NONE,0.00000000,0.00000000,0.0000,-1,false,,-1,NONE,0.00000000,0.00000000,0.0000,0.0000,none,,none,false,NONE,-1,-1,-1,false,false,none,false,true,false,true,none,true,required,false,PERIOD_M5,,,-1,0.0000,false,0.00000000,0.0000,false,0.0000,false,none,none,false,no_anchor_flip_in_entry_direction,true,required_first_signal_only,SHORT,unknown,0.00000000,,0.00000000,,false,,-1,false,NONE,0.00000000,,0.00000000,0.0000,0.0000,none,-1,false,false,false,no_anchor_flip_in_entry_direction,,,,false,false,false,-1,-1,-1,-1,-1,false,false,false,0.0000,rising_n,false,208.54300000,207.85100000,6.1865,false,0.0000,0.0000,0,none,true,0.3666,shallow_236_382,0.080,diagnostic_only,diagnostic_only,diagnostic_only,fib_pullback,5,0.320,true,none,0.470,high_quality,false,false,diagnostic_only,both,true,none,true,diagnostic_adjacent_detected,required_light,false,false,LONG,4,false,false,2,2025.12.18 07:55:00,2025.12.18 09:55:00,10,4.1588,0.00000000,208.27100000,208.27100000,true,true,m5_hl_close_break_down,208.27100000,true,0.2882,0.4392,true,1,0.0000,false,0,208.27100000,0.1784,off,false,not_evaluated,none,0.5574,0.4426,normal,false,false,false,0.0000,no_following_closed_bar,false,none,0.0000,false,no_retest,3.7333,2.1686,1.7215,1.9902,false,no_shrink,0.0000,none,none,false,false,none,0.0000,0.0000,0.0000,0.0000,none,false,false,0.0000,0.0000,false,false,-1,none,none,false,0.000,0.000,208.26000000,208.24600000,208.24600000,wick_cluster_zone,0.00500000,0.0272,opening_range_low|neckline_level,208.26000000,0.1235,false,true,true,false,not_blocked,3,2,1,m5_failure_exit,off,none,0.00000000,0.0000,1.30,208.01200000,4.500,-0.300,0.200,PERIOD_M15,208.54300000,208.08200000,0.3666,outside,0.000,true,208.25100000,208.43500000,0.18400000,208.01200000,1.299,0.07285714,38.00,30-60,true,false,none,not_consumed,4.800,4.800,none,0.0000,false,neckline_retest_failed,false,not_invalidated,spread_too_high
2025.12.18 10:50:00,blocked,session_reversal_pullback_one_symbol_first120,GBPJPY,SHORT,2025.12.18 10:45:00,10,7,16,london,2025.12.18 07:00,45,first_120min,true,true,3,GBPJPY,highest_score_in_session_bar,london=USDJPY|EURJPY|GBPJPY|AUDJPY|EURUSD|GBPUSD,existing_first120_gate,london,false,false,true,passed_first_window,head_and_shoulders,neckline_break_retest,208.29200000,PERIOD_M5,PERIOD_H1,PERIOD_M15,PERIOD_M5,PERIOD_M5,false,htf_soft_alignment,current_post_filter,transcript_post_filter,dow_trend_up_hh_hl,structure_trend_bias_dow_trend_up_hh_hl,dow_trend_up_hh_hl,structure_trend_bias_dow_trend_up_hh_hl,false,false,true,SHORT,PERIOD_M5,head_and_shoulders,head_and_shoulders,4.500,none,0.000,head_and_shoulders,4.500,none,0.000,SHORT,false,PERIOD_H1_LONG_dow_trend_up_hh_hl|PERIOD_M15_LONG_structure_trend_bias_dow_trend_up_hh_hl,true,h1_counter_m15_reversal,true,top_LONG_dow_trend_up_hh_hl|structure_LONG_structure_trend_bias_dow_trend_up_hh_hl|structure_break_recent_confirmed_swing_break_failed|primary_break_recent_confirmed_swing_break_retest,none,above_75sma_rising,above_75sma_rising,below_75sma_flat_or_rising,-1,0.00000000,0,208.27100000,false,off,NONE,NONE,0.00000000,0.00000000,0.0000,none,0.000,true,SHORT,return_low_break_or_bos_down,208.12200000,18,208.54300000,208.08200000,false,off,independent,false,,,false,0.0000,none,0.0000,0.0000,none,0.0000,0.0000,0.0000,none,0.0000,0,0,0.0000,none,none,none,none,0.0000,0,0.0000,none,false,true,not_evaluated,true,required_light_or_anchor_flip,long_bias,208.08200000,2025.12.18 06:15:00,208.18200000,2025.12.18 01:00:00,2025.12.18 09:15:00,false,NONE,0.00000000,0.00000000,0.0000,-1,false,,-1,NONE,0.00000000,0.00000000,0.0000,0.0000,none,,none,false,NONE,-1,-1,-1,false,false,none,false,true,false,true,none,true,required,false,PERIOD_M5,,,-1,0.0000,false,0.00000000,0.0000,false,0.0000,false,none,none,false,no_anchor_flip_in_entry_direction,true,required_first_signal_only,SHORT,unknown,0.00000000,,0.00000000,,false,,-1,false,NONE,0.00000000,,0.00000000,0.0000,0.0000,none,-1,false,false,false,no_anchor_flip_in_entry_direction,,,,false,false,false,-1,-1,-1,-1,-1,false,false,false,0.0000,rising_n,false,208.54300000,207.85100000,6.1865,false,0.0000,0.0000,0,none,true,0.3666,shallow_236_382,0.080,diagnostic_only,diagnostic_only,diagnostic_only,fib_pullback,5,0.320,true,none,0.470,high_quality,false,false,diagnostic_only,both,true,none,true,diagnostic_adjacent_detected,required_light,false,false,LONG,4,false,false,2,2025.12.18 07:55:00,2025.12.18 09:55:00,10,4.1588,0.00000000,208.27100000,208.27100000,true,true,m5_hl_close_break_down,208.27100000,true,0.2882,0.4392,true,1,0.0000,false,0,208.27100000,0.1784,off,false,not_evaluated,none,0.5574,0.4426,normal,false,false,false,0.0000,no_following_closed_bar,false,none,0.0000,false,no_retest,3.7333,2.1686,1.7215,1.9902,false,no_shrink,0.0000,none,none,false,false,none,0.0000,0.0000,0.0000,0.0000,none,false,false,0.0000,0.0000,false,false,-1,none,none,false,0.000,0.000,208.26000000,208.24600000,208.24600000,wick_cluster_zone,0.00500000,0.0272,opening_range_low|neckline_level,208.26000000,0.1235,false,true,true,false,not_blocked,3,2,1,m5_failure_exit,off,none,0.00000000,0.0000,1.30,208.01200000,4.500,-0.300,0.200,PERIOD_M15,208.54300000,208.08200000,0.3666,outside,0.000,true,208.25100000,208.43500000,0.18400000,208.01200000,1.299,0.07285714,38.00,30-60,true,false,none,blocked_spread_too_high,4.800,4.800,none,0.0000,false,neckline_retest_failed,false,not_invalidated,spread_too_high
2025.12.18 16:45:00,signal,session_reversal_pullback_one_symbol_first120,EURUSD,SHORT,2025.12.18 16:40:00,16,13,22,london_newyork_overlap,2025.12.18 13:00,40,first_120min,true,true,3,EURUSD,highest_score_in_session_bar,london_newyork_overlap=USDJPY|EURJPY|GBPJPY|AUDJPY|EURUSD|GBPUSD,existing_first120_gate,london_newyork_overlap,false,false,true,passed_first_window,double_top,neckline_break_retest,1.17432000,PERIOD_M5,PERIOD_H1,PERIOD_M15,PERIOD_M5,PERIOD_M5,false,htf_soft_alignment,current_post_filter,transcript_post_filter,dow_range_or_transition,structure_trend_bias_dow_trend_down_ll_lh,dow_range_or_transition,structure_trend_bias_dow_trend_down_ll_lh,false,false,true,SHORT,PERIOD_M5,double_top,double_top,4.200,none,0.000,double_top,4.200,none,0.000,SHORT,false,PERIOD_H1_NONE_dow_range_or_transition|PERIOD_M15_SHORT_structure_trend_bias_dow_trend_down_ll_lh,true,h1_counter_m15_reversal,true,top_NONE_dow_range_or_transition|structure_SHORT_structure_trend_bias_dow_trend_down_ll_lh|structure_break_recent_confirmed_swing_break_failed|primary_break_recent_confirmed_swing_break_retest,none,above_75sma_flat_or_falling,below_75sma_falling,above_75sma_rising,-1,0.00000000,0,1.17344000,false,off,NONE,NONE,0.00000000,0.00000000,0.0000,none,0.000,true,SHORT,return_low_break_or_bos_down,1.17164000,7,1.17619000,1.17116000,false,off,independent,false,,,false,0.0000,none,0.0000,0.0000,none,0.0000,0.0000,0.0000,none,0.0000,0,0,0.0000,none,none,none,none,0.0000,0,0.0000,none,false,true,not_evaluated,true,required_light_or_anchor_flip,long_bias,1.17116000,2025.12.18 14:15:00,1.17266000,2025.12.18 13:30:00,2025.12.18 15:45:00,false,NONE,0.00000000,0.00000000,0.0000,-1,false,,-1,NONE,0.00000000,0.00000000,0.0000,0.0000,none,,none,false,NONE,-1,-1,-1,false,false,none,false,true,false,true,none,true,required,false,PERIOD_M5,,,-1,0.0000,false,0.00000000,0.0000,false,0.0000,false,none,none,false,no_anchor_flip_in_entry_direction,true,required_first_signal_only,SHORT,unknown,0.00000000,,0.00000000,,false,,-1,false,NONE,0.00000000,,0.00000000,0.0000,0.0000,none,-1,false,false,false,no_anchor_flip_in_entry_direction,,,,false,false,false,-1,-1,-1,-1,-1,false,false,false,0.0000,range_n,true,1.17619000,1.17116000,4.7325,false,0.0000,0.0000,0,none,true,0.4235,preferred_382_618,0.200,diagnostic_only,diagnostic_only,diagnostic_only,fib_pullback,24,0.450,true,none,0.600,high_quality,false,false,diagnostic_only,both,true,none,true,diagnostic_adjacent_detected,required_light,false,false,LONG,5,false,false,2,2025.12.18 14:35:00,2025.12.18 16:20:00,4,5.8294,0.00000000,1.17344000,1.17344000,true,true,m5_hl_close_break_down,1.17344000,true,0.1756,1.1237,true,1,0.0000,false,0,1.17344000,1.0184,off,false,not_evaluated,none,0.9808,0.0192,strong,false,false,false,0.0000,no_following_closed_bar,false,none,0.0000,false,no_retest,3.2191,0.7258,4.4355,5.1037,false,no_shrink,0.0000,none,none,false,false,none,0.0000,0.0000,0.0000,0.0000,none,false,false,0.0000,0.0000,false,false,-1,none,none,false,0.000,0.000,1.17343000,1.17327000,1.17266000,structure_confirmed_swing_high,0.00063000,0.3058,session_low|opening_range_low|neckline_level,1.17327000,0.0234,false,true,true,false,not_blocked,5,4,1,m5_failure_exit,off,none,0.00000000,0.0000,1.30,1.17061000,4.200,-0.300,0.200,PERIOD_M15,1.17266000,1.17116000,1.4200,outside,0.000,true,1.17329000,1.17535000,0.00206000,1.17061000,1.301,0.00085429,18.00,30-60,true,false,none,not_consumed,4.500,4.500,none,0.0000,false,opposite_break_first,true,opposite_break_first,spread_too_high
2025.12.18 16:45:00,blocked,session_reversal_pullback_one_symbol_first120,EURUSD,SHORT,2025.12.18 16:40:00,16,13,22,london_newyork_overlap,2025.12.18 13:00,40,first_120min,true,true,3,EURUSD,highest_score_in_session_bar,london_newyork_overlap=USDJPY|EURJPY|GBPJPY|AUDJPY|EURUSD|GBPUSD,existing_first120_gate,london_newyork_overlap,false,false,true,passed_first_window,double_top,neckline_break_retest,1.17432000,PERIOD_M5,PERIOD_H1,PERIOD_M15,PERIOD_M5,PERIOD_M5,false,htf_soft_alignment,current_post_filter,transcript_post_filter,dow_range_or_transition,structure_trend_bias_dow_trend_down_ll_lh,dow_range_or_transition,structure_trend_bias_dow_trend_down_ll_lh,false,false,true,SHORT,PERIOD_M5,double_top,double_top,4.200,none,0.000,double_top,4.200,none,0.000,SHORT,false,PERIOD_H1_NONE_dow_range_or_transition|PERIOD_M15_SHORT_structure_trend_bias_dow_trend_down_ll_lh,true,h1_counter_m15_reversal,true,top_NONE_dow_range_or_transition|structure_SHORT_structure_trend_bias_dow_trend_down_ll_lh|structure_break_recent_confirmed_swing_break_failed|primary_break_recent_confirmed_swing_break_retest,none,above_75sma_flat_or_falling,below_75sma_falling,above_75sma_rising,-1,0.00000000,0,1.17344000,false,off,NONE,NONE,0.00000000,0.00000000,0.0000,none,0.000,true,SHORT,return_low_break_or_bos_down,1.17164000,7,1.17619000,1.17116000,false,off,independent,false,,,false,0.0000,none,0.0000,0.0000,none,0.0000,0.0000,0.0000,none,0.0000,0,0,0.0000,none,none,none,none,0.0000,0,0.0000,none,false,true,not_evaluated,true,required_light_or_anchor_flip,long_bias,1.17116000,2025.12.18 14:15:00,1.17266000,2025.12.18 13:30:00,2025.12.18 15:45:00,false,NONE,0.00000000,0.00000000,0.0000,-1,false,,-1,NONE,0.00000000,0.00000000,0.0000,0.0000,none,,none,false,NONE,-1,-1,-1,false,false,none,false,true,false,true,none,true,required,false,PERIOD_M5,,,-1,0.0000,false,0.00000000,0.0000,false,0.0000,false,none,none,false,no_anchor_flip_in_entry_direction,true,required_first_signal_only,SHORT,unknown,0.00000000,,0.00000000,,false,,-1,false,NONE,0.00000000,,0.00000000,0.0000,0.0000,none,-1,false,false,false,no_anchor_flip_in_entry_direction,,,,false,false,false,-1,-1,-1,-1,-1,false,false,false,0.0000,range_n,true,1.17619000,1.17116000,4.7325,false,0.0000,0.0000,0,none,true,0.4235,preferred_382_618,0.200,diagnostic_only,diagnostic_only,diagnostic_only,fib_pullback,24,0.450,true,none,0.600,high_quality,false,false,diagnostic_only,both,true,none,true,diagnostic_adjacent_detected,required_light,false,false,LONG,5,false,false,2,2025.12.18 14:35:00,2025.12.18 16:20:00,4,5.8294,0.00000000,1.17344000,1.17344000,true,true,m5_hl_close_break_down,1.17344000,true,0.1756,1.1237,true,1,0.0000,false,0,1.17344000,1.0184,off,false,not_evaluated,none,0.9808,0.0192,strong,false,false,false,0.0000,no_following_closed_bar,false,none,0.0000,false,no_retest,3.2191,0.7258,4.4355,5.1037,false,no_shrink,0.0000,none,none,false,false,none,0.0000,0.0000,0.0000,0.0000,none,false,false,0.0000,0.0000,false,false,-1,none,none,false,0.000,0.000,1.17343000,1.17327000,1.17266000,structure_confirmed_swing_high,0.00063000,0.3058,session_low|opening_range_low|neckline_level,1.17327000,0.0234,false,true,true,false,not_blocked,5,4,1,m5_failure_exit,off,none,0.00000000,0.0000,1.30,1.17061000,4.200,-0.300,0.200,PERIOD_M15,1.17266000,1.17116000,1.4200,outside,0.000,true,1.17329000,1.17535000,0.00206000,1.17061000,1.301,0.00085429,18.00,30-60,true,false,none,blocked_spread_too_high,4.500,4.500,none,0.0000,false,opposite_break_first,true,opposite_break_first,spread_too_high
2025.12.18 19:05:00,signal,session_reversal_pullback_one_symbol_first120,GBPJPY,SHORT,2025.12.18 19:00:00,19,16,1,new_york,2025.12.18 16:00,0,first_120min,true,true,3,GBPJPY,highest_score_in_session_bar,new_york=USDJPY|EURJPY|GBPJPY|AUDJPY|EURUSD|GBPUSD,existing_first120_gate,new_york,false,false,true,passed_first_window,double_top,neckline_break_retest,208.19600000,PERIOD_M5,PERIOD_H1,PERIOD_M15,PERIOD_M5,PERIOD_M5,false,htf_soft_alignment,current_post_filter,transcript_post_filter,dow_trend_up_hh_hl,no_ordered_dow_wave3_break,dow_trend_up_hh_hl,no_ordered_dow_wave3_break,false,false,true,SHORT,PERIOD_M5,double_top,double_top,4.200,none,0.000,double_top,4.200,none,0.000,SHORT,false,PERIOD_H1_LONG_dow_trend_up_hh_hl|PERIOD_M15_NONE_no_ordered_dow_wave3_break,true,h1_counter_m15_reversal,true,top_LONG_dow_trend_up_hh_hl|structure_NONE_no_ordered_dow_wave3_break|structure_break_recent_confirmed_swing_break_failed|primary_break_recent_confirmed_swing_break_continuation,none,above_75sma_rising,below_75sma_falling,below_75sma_flat_or_rising,-1,0.00000000,0,208.29100000,false,off,NONE,NONE,0.00000000,0.00000000,0.0000,none,0.000,true,SHORT,return_low_break_or_bos_down,208.08200000,20,208.99600000,207.92500000,false,off,independent,false,,,false,0.0000,none,0.0000,0.0000,none,0.0000,0.0000,0.0000,none,0.0000,0,0,0.0000,none,none,none,none,0.0000,0,0.0000,none,false,true,not_evaluated,true,required_light_or_anchor_flip,short_bias,207.92500000,2025.12.18 14:00:00,208.60300000,2025.12.18 17:00:00,2025.12.18 17:15:00,false,NONE,0.00000000,0.00000000,0.0000,-1,false,,-1,NONE,0.00000000,0.00000000,0.0000,0.0000,none,,none,false,NONE,-1,-1,-1,false,false,none,true,false,false,true,none,true,required,false,PERIOD_M5,,,-1,0.0000,false,0.00000000,0.0000,false,0.0000,false,none,none,false,no_anchor_flip_in_entry_direction,true,required_first_signal_only,SHORT,unknown,0.00000000,,0.00000000,,false,,-1,false,NONE,0.00000000,,0.00000000,0.0000,0.0000,none,-1,false,false,false,no_anchor_flip_in_entry_direction,,,,false,false,false,-1,-1,-1,-1,-1,false,false,false,0.0000,falling_n,false,208.99600000,207.92500000,5.2574,false,0.0000,0.0000,0,none,true,0.2278,no_fib,0.000,diagnostic_only,diagnostic_only,diagnostic_only,fib_pullback,11,0.290,true,none,0.440,high_quality,false,false,diagnostic_only,both,true,none,true,diagnostic_adjacent_detected,required_light,false,false,LONG,6,false,false,0,2025.12.18 17:00:00,2025.12.18 18:35:00,5,5.2973,0.00000000,208.12700000,208.12700000,false,false,none,0.00000000,false,0.0000,0.0000,false,1,0.0000,false,-1,0.00000000,0.0000,off,false,not_evaluated,none,0.0000,0.0000,none,false,false,false,0.0000,none,false,none,0.0000,false,none,4.2289,3.4722,1.2179,0.0000,true,strong_exhaustion,0.0000,none,none,false,false,none,0.0000,0.0000,0.0000,0.0000,none,false,false,0.0000,0.0000,false,false,-1,none,none,false,0.000,0.000,208.19600000,208.14800000,208.14800000,recent_equal_lows,0.02100000,0.0890,neckline_level,208.19600000,0.3005,false,true,true,false,not_blocked,9,6,3,m5_failure_exit,off,none,0.00000000,0.0000,1.30,207.86200000,4.200,-0.300,0.200,PERIOD_M15,208.99600000,207.92500000,0.2278,outside,0.000,true,208.16900000,208.40500000,0.23600000,207.86200000,1.301,0.08985714,38.00,0-30,true,false,none,not_consumed,4.500,4.500,none,0.0000,false,neckline_retest_failed,false,not_invalidated,spread_too_high
2025.12.18 19:05:00,blocked,session_reversal_pullback_one_symbol_first120,GBPJPY,SHORT,2025.12.18 19:00:00,19,16,1,new_york,2025.12.18 16:00,0,first_120min,true,true,3,GBPJPY,highest_score_in_session_bar,new_york=USDJPY|EURJPY|GBPJPY|AUDJPY|EURUSD|GBPUSD,existing_first120_gate,new_york,false,false,true,passed_first_window,double_top,neckline_break_retest,208.19600000,PERIOD_M5,PERIOD_H1,PERIOD_M15,PERIOD_M5,PERIOD_M5,false,htf_soft_alignment,current_post_filter,transcript_post_filter,dow_trend_up_hh_hl,no_ordered_dow_wave3_break,dow_trend_up_hh_hl,no_ordered_dow_wave3_break,false,false,true,SHORT,PERIOD_M5,double_top,double_top,4.200,none,0.000,double_top,4.200,none,0.000,SHORT,false,PERIOD_H1_LONG_dow_trend_up_hh_hl|PERIOD_M15_NONE_no_ordered_dow_wave3_break,true,h1_counter_m15_reversal,true,top_LONG_dow_trend_up_hh_hl|structure_NONE_no_ordered_dow_wave3_break|structure_break_recent_confirmed_swing_break_failed|primary_break_recent_confirmed_swing_break_continuation,none,above_75sma_rising,below_75sma_falling,below_75sma_flat_or_rising,-1,0.00000000,0,208.29100000,false,off,NONE,NONE,0.00000000,0.00000000,0.0000,none,0.000,true,SHORT,return_low_break_or_bos_down,208.08200000,20,208.99600000,207.92500000,false,off,independent,false,,,false,0.0000,none,0.0000,0.0000,none,0.0000,0.0000,0.0000,none,0.0000,0,0,0.0000,none,none,none,none,0.0000,0,0.0000,none,false,true,not_evaluated,true,required_light_or_anchor_flip,short_bias,207.92500000,2025.12.18 14:00:00,208.60300000,2025.12.18 17:00:00,2025.12.18 17:15:00,false,NONE,0.00000000,0.00000000,0.0000,-1,false,,-1,NONE,0.00000000,0.00000000,0.0000,0.0000,none,,none,false,NONE,-1,-1,-1,false,false,none,true,false,false,true,none,true,required,false,PERIOD_M5,,,-1,0.0000,false,0.00000000,0.0000,false,0.0000,false,none,none,false,no_anchor_flip_in_entry_direction,true,required_first_signal_only,SHORT,unknown,0.00000000,,0.00000000,,false,,-1,false,NONE,0.00000000,,0.00000000,0.0000,0.0000,none,-1,false,false,false,no_anchor_flip_in_entry_direction,,,,false,false,false,-1,-1,-1,-1,-1,false,false,false,0.0000,falling_n,false,208.99600000,207.92500000,5.2574,false,0.0000,0.0000,0,none,true,0.2278,no_fib,0.000,diagnostic_only,diagnostic_only,diagnostic_only,fib_pullback,11,0.290,true,none,0.440,high_quality,false,false,diagnostic_only,both,true,none,true,diagnostic_adjacent_detected,required_light,false,false,LONG,6,false,false,0,2025.12.18 17:00:00,2025.12.18 18:35:00,5,5.2973,0.00000000,208.12700000,208.12700000,false,false,none,0.00000000,false,0.0000,0.0000,false,1,0.0000,false,-1,0.00000000,0.0000,off,false,not_evaluated,none,0.0000,0.0000,none,false,false,false,0.0000,none,false,none,0.0000,false,none,4.2289,3.4722,1.2179,0.0000,true,strong_exhaustion,0.0000,none,none,false,false,none,0.0000,0.0000,0.0000,0.0000,none,false,false,0.0000,0.0000,false,false,-1,none,none,false,0.000,0.000,208.19600000,208.14800000,208.14800000,recent_equal_lows,0.02100000,0.0890,neckline_level,208.19600000,0.3005,false,true,true,false,not_blocked,9,6,3,m5_failure_exit,off,none,0.00000000,0.0000,1.30,207.86200000,4.200,-0.300,0.200,PERIOD_M15,208.99600000,207.92500000,0.2278,outside,0.000,true,208.16900000,208.40500000,0.23600000,207.86200000,1.301,0.08985714,38.00,0-30,true,false,none,blocked_spread_too_high,4.500,4.500,none,0.0000,false,neckline_retest_failed,false,not_invalidated,spread_too_high
2025.12.19 10:05:00,signal,session_reversal_pullback_one_symbol_first120,GBPUSD,SHORT,2025.12.19 10:00:00,10,7,16,london,2025.12.19 07:00,0,first_120min,true,true,3,GBPUSD,highest_score_in_session_bar,london=USDJPY|EURJPY|GBPJPY|AUDJPY|EURUSD|GBPUSD,existing_first120_gate,london,true,false,true,passed_first_window,double_top,neckline_break_retest,1.33741000,PERIOD_M5,PERIOD_H1,PERIOD_M15,PERIOD_M5,PERIOD_M5,false,htf_soft_alignment,current_post_filter,transcript_post_filter,dow_range_or_transition,break_below_without_lower_pullback,dow_range_or_transition,break_below_without_lower_pullback,false,true,true,SHORT,PERIOD_M5,double_top,double_top,4.200,none,0.000,double_top,4.200,none,0.000,SHORT,false,PERIOD_H1_NONE_dow_range_or_transition|PERIOD_M15_NONE_break_below_without_lower_pullback,true,h1_counter_m15_reversal,true,top_NONE_dow_range_or_transition|structure_NONE_break_below_without_lower_pullback|structure_break_recent_confirmed_swing_break_retest|primary_break_recent_confirmed_swing_break_failed,none,below_75sma_flat_or_rising,below_75sma_falling,below_75sma_falling,0,1.33688000,-1,0.00000000,false,off,NONE,NONE,0.00000000,0.00000000,0.0000,none,0.000,true,SHORT,return_low_break_or_bos_down,1.33688000,0,1.33852000,1.33653000,false,off,independent,false,,,false,0.0000,none,0.0000,0.0000,none,0.0000,0.0000,0.0000,none,0.0000,0,0,0.0000,none,none,none,none,0.0000,0,0.0000,none,false,true,not_evaluated,true,required_light_or_anchor_flip,bias_flip_up,1.33771000,2025.12.19 02:30:00,1.33793000,2025.12.19 06:00:00,2025.12.19 06:45:00,true,LONG,1.33793000,1.33823000,0.4861,4,true,2025.12.19 08:45:00,4,LONG,1.33793000,1.33823000,0.4861,1.8148,normal,2025.12.19 08:45:00,first_after_anchor,true,LONG,4,4,4,true,false,fresh_0_4,false,true,false,true,none,true,required,false,PERIOD_M5,,,-1,0.0000,false,0.00000000,0.0000,false,0.0000,false,none,none,false,no_anchor_flip_in_entry_direction,true,required_first_signal_only,SHORT,unknown,0.00000000,,0.00000000,,false,,-1,false,NONE,0.00000000,,0.00000000,0.0000,0.0000,none,-1,false,false,false,no_anchor_flip_in_entry_direction,,,,false,false,false,-1,-1,-1,-1,-1,false,false,false,0.0000,falling_n,false,1.33859000,1.33688000,2.7708,true,1.8148,0.2381,0,normal,true,0.4121,preferred_382_618,0.200,diagnostic_only,diagnostic_only,diagnostic_only,shallow_pullback,24,0.400,true,none,0.550,high_quality,false,false,diagnostic_only,both,true,none,true,diagnostic_adjacent_detected,required_light,false,false,LONG,0,false,false,0,,,-1,0.0000,0.00000000,0.00000000,0.00000000,false,false,none,0.00000000,false,0.0000,0.0000,false,1,0.0000,false,-1,0.00000000,0.0000,off,false,not_evaluated,none,0.0000,0.0000,none,false,false,false,0.0000,none,false,none,0.0000,false,none,0.0000,0.0000,0.0000,0.0000,false,none,0.0000,none,none,false,false,none,0.0000,0.0000,0.0000,0.0000,none,false,false,0.0000,0.0000,false,false,-1,none,none,false,0.000,0.000,1.33741000,1.33704000,1.33704000,top_context_confirmed_swing_low,0.00031000,0.9118,neckline_level,1.33741000,0.1230,false,true,true,false,not_blocked,3,2,1,m5_failure_exit,off,none,0.00000000,0.0000,1.30,1.33691000,4.200,0.000,0.200,PERIOD_M15,1.33859000,1.33692000,0.2575,outside,0.000,true,1.33735000,1.33769000,0.00034000,1.33691000,1.294,0.00048786,20.00,0-30,true,false,none,not_consumed,4.950,4.950,none,0.0000,false,opposite_break_first,true,opposite_break_first,spread_too_high
2025.12.19 10:05:00,blocked,session_reversal_pullback_one_symbol_first120,GBPUSD,SHORT,2025.12.19 10:00:00,10,7,16,london,2025.12.19 07:00,0,first_120min,true,true,3,GBPUSD,highest_score_in_session_bar,london=USDJPY|EURJPY|GBPJPY|AUDJPY|EURUSD|GBPUSD,existing_first120_gate,london,true,false,true,passed_first_window,double_top,neckline_break_retest,1.33741000,PERIOD_M5,PERIOD_H1,PERIOD_M15,PERIOD_M5,PERIOD_M5,false,htf_soft_alignment,current_post_filter,transcript_post_filter,dow_range_or_transition,break_below_without_lower_pullback,dow_range_or_transition,break_below_without_lower_pullback,false,true,true,SHORT,PERIOD_M5,double_top,double_top,4.200,none,0.000,double_top,4.200,none,0.000,SHORT,false,PERIOD_H1_NONE_dow_range_or_transition|PERIOD_M15_NONE_break_below_without_lower_pullback,true,h1_counter_m15_reversal,true,top_NONE_dow_range_or_transition|structure_NONE_break_below_without_lower_pullback|structure_break_recent_confirmed_swing_break_retest|primary_break_recent_confirmed_swing_break_failed,none,below_75sma_flat_or_rising,below_75sma_falling,below_75sma_falling,0,1.33688000,-1,0.00000000,false,off,NONE,NONE,0.00000000,0.00000000,0.0000,none,0.000,true,SHORT,return_low_break_or_bos_down,1.33688000,0,1.33852000,1.33653000,false,off,independent,false,,,false,0.0000,none,0.0000,0.0000,none,0.0000,0.0000,0.0000,none,0.0000,0,0,0.0000,none,none,none,none,0.0000,0,0.0000,none,false,true,not_evaluated,true,required_light_or_anchor_flip,bias_flip_up,1.33771000,2025.12.19 02:30:00,1.33793000,2025.12.19 06:00:00,2025.12.19 06:45:00,true,LONG,1.33793000,1.33823000,0.4861,4,true,2025.12.19 08:45:00,4,LONG,1.33793000,1.33823000,0.4861,1.8148,normal,2025.12.19 08:45:00,first_after_anchor,true,LONG,4,4,4,true,false,fresh_0_4,false,true,false,true,none,true,required,false,PERIOD_M5,,,-1,0.0000,false,0.00000000,0.0000,false,0.0000,false,none,none,false,no_anchor_flip_in_entry_direction,true,required_first_signal_only,SHORT,unknown,0.00000000,,0.00000000,,false,,-1,false,NONE,0.00000000,,0.00000000,0.0000,0.0000,none,-1,false,false,false,no_anchor_flip_in_entry_direction,,,,false,false,false,-1,-1,-1,-1,-1,false,false,false,0.0000,falling_n,false,1.33859000,1.33688000,2.7708,true,1.8148,0.2381,0,normal,true,0.4121,preferred_382_618,0.200,diagnostic_only,diagnostic_only,diagnostic_only,shallow_pullback,24,0.400,true,none,0.550,high_quality,false,false,diagnostic_only,both,true,none,true,diagnostic_adjacent_detected,required_light,false,false,LONG,0,false,false,0,,,-1,0.0000,0.00000000,0.00000000,0.00000000,false,false,none,0.00000000,false,0.0000,0.0000,false,1,0.0000,false,-1,0.00000000,0.0000,off,false,not_evaluated,none,0.0000,0.0000,none,false,false,false,0.0000,none,false,none,0.0000,false,none,0.0000,0.0000,0.0000,0.0000,false,none,0.0000,none,none,false,false,none,0.0000,0.0000,0.0000,0.0000,none,false,false,0.0000,0.0000,false,false,-1,none,none,false,0.000,0.000,1.33741000,1.33704000,1.33704000,top_context_confirmed_swing_low,0.00031000,0.9118,neckline_level,1.33741000,0.1230,false,true,true,false,not_blocked,3,2,1,m5_failure_exit,off,none,0.00000000,0.0000,1.30,1.33691000,4.200,0.000,0.200,PERIOD_M15,1.33859000,1.33692000,0.2575,outside,0.000,true,1.33735000,1.33769000,0.00034000,1.33691000,1.294,0.00048786,20.00,0-30,true,false,none,blocked_spread_too_high,4.950,4.950,none,0.0000,false,opposite_break_first,true,opposite_break_first,spread_too_high
2025.12.22 03:05:00,signal,session_reversal_pullback_one_symbol_first120,USDJPY,SHORT,2025.12.22 03:00:00,3,0,9,tokyo,2025.12.22 00:00,0,first_120min,true,true,3,USDJPY,highest_score_in_session_bar,tokyo=USDJPY|EURJPY|GBPJPY|AUDJPY,existing_first120_gate,tokyo,false,false,true,passed_first_window,double_top,neckline_break_retest,157.58500000,PERIOD_M5,PERIOD_H1,PERIOD_M15,PERIOD_M5,PERIOD_M5,false,htf_soft_alignment,current_post_filter,transcript_post_filter,dow_trend_up_hh_hl,structure_trend_bias_dow_trend_down_ll_lh,dow_trend_up_hh_hl,structure_trend_bias_dow_trend_down_ll_lh,false,false,true,SHORT,PERIOD_M5,double_top,double_top,4.200,none,0.000,double_top,4.200,none,0.000,SHORT,false,PERIOD_H1_LONG_dow_trend_up_hh_hl|PERIOD_M15_SHORT_structure_trend_bias_dow_trend_down_ll_lh,true,h1_counter_m15_reversal,true,top_LONG_dow_trend_up_hh_hl|structure_SHORT_structure_trend_bias_dow_trend_down_ll_lh|structure_break_recent_confirmed_swing_break_failed|primary_break_no_recent_confirmed_swing_break,none,above_75sma_rising,above_75sma_rising,below_75sma_flat_or_rising,-1,0.00000000,-1,0.00000000,false,off,NONE,NONE,0.00000000,0.00000000,0.0000,none,0.000,true,SHORT,return_low_break_or_bos_down,157.46800000,8,157.69700000,157.37000000,false,off,independent,false,,,false,0.0000,none,0.0000,0.0000,none,0.0000,0.0000,0.0000,none,0.0000,0,0,0.0000,none,none,none,none,0.0000,0,0.0000,none,false,true,not_evaluated,true,required_light_or_anchor_flip,short_bias,157.46800000,2025.12.19 22:00:00,157.76200000,2025.12.19 23:45:00,2025.12.22 00:45:00,false,NONE,0.00000000,0.00000000,0.0000,-1,false,,-1,NONE,0.00000000,0.00000000,0.0000,0.0000,none,,none,false,NONE,-1,-1,-1,false,false,none,true,false,false,true,none,true,required,false,PERIOD_M5,,,-1,0.0000,false,0.00000000,0.0000,false,0.0000,false,none,none,false,no_anchor_flip_in_entry_direction,true,required_first_signal_only,SHORT,unknown,0.00000000,,0.00000000,,false,,-1,false,NONE,0.00000000,,0.00000000,0.0000,0.0000,none,-1,false,false,false,no_anchor_flip_in_entry_direction,,,,false,false,false,-1,-1,-1,-1,-1,false,false,false,0.0000,falling_n,false,157.76200000,157.37000000,3.3689,false,0.0000,0.0000,0,none,true,0.4005,preferred_382_618,0.200,diagnostic_only,diagnostic_only,diagnostic_only,fib_pullback,4,0.440,true,none,0.590,high_quality,false,false,diagnostic_only,both,true,none,true,diagnostic_adjacent_detected,required_light,false,false,LONG,6,false,false,1,2025.12.22 00:55:00,2025.12.22 02:35:00,5,4.5734,0.00000000,157.50200000,157.50200000,false,false,none,0.00000000,false,0.0000,0.0000,false,1,0.0000,false,-1,0.00000000,0.0000,off,false,not_evaluated,none,0.0000,0.0000,none,false,false,false,0.0000,none,false,none,0.0000,false,none,2.1399,4.5734,0.4679,0.0000,true,strong_exhaustion,0.0000,none,none,false,false,none,0.0000,0.0000,0.0000,0.0000,none,false,false,0.0000,0.0000,false,false,-1,none,none,false,0.000,0.000,157.52800000,157.50200000,157.50200000,pre_session_low,0.02500000,0.1923,neckline_level,157.58500000,0.8112,false,true,true,false,not_blocked,8,6,2,m5_failure_exit,off,none,0.00000000,0.0000,1.30,157.35800000,4.200,-0.300,0.200,PERIOD_M15,157.69700000,157.37000000,0.4801,preferred_382_618,0.000,true,157.52700000,157.65700000,0.13000000,157.35800000,1.300,0.07150000,16.00,0-30,true,false,none,not_consumed,4.300,4.300,none,0.0000,false,neckline_retest_failed,false,not_invalidated,spread_too_high
2025.12.22 03:05:00,blocked,session_reversal_pullback_one_symbol_first120,USDJPY,SHORT,2025.12.22 03:00:00,3,0,9,tokyo,2025.12.22 00:00,0,first_120min,true,true,3,USDJPY,highest_score_in_session_bar,tokyo=USDJPY|EURJPY|GBPJPY|AUDJPY,existing_first120_gate,tokyo,false,false,true,passed_first_window,double_top,neckline_break_retest,157.58500000,PERIOD_M5,PERIOD_H1,PERIOD_M15,PERIOD_M5,PERIOD_M5,false,htf_soft_alignment,current_post_filter,transcript_post_filter,dow_trend_up_hh_hl,structure_trend_bias_dow_trend_down_ll_lh,dow_trend_up_hh_hl,structure_trend_bias_dow_trend_down_ll_lh,false,false,true,SHORT,PERIOD_M5,double_top,double_top,4.200,none,0.000,double_top,4.200,none,0.000,SHORT,false,PERIOD_H1_LONG_dow_trend_up_hh_hl|PERIOD_M15_SHORT_structure_trend_bias_dow_trend_down_ll_lh,true,h1_counter_m15_reversal,true,top_LONG_dow_trend_up_hh_hl|structure_SHORT_structure_trend_bias_dow_trend_down_ll_lh|structure_break_recent_confirmed_swing_break_failed|primary_break_no_recent_confirmed_swing_break,none,above_75sma_rising,above_75sma_rising,below_75sma_flat_or_rising,-1,0.00000000,-1,0.00000000,false,off,NONE,NONE,0.00000000,0.00000000,0.0000,none,0.000,true,SHORT,return_low_break_or_bos_down,157.46800000,8,157.69700000,157.37000000,false,off,independent,false,,,false,0.0000,none,0.0000,0.0000,none,0.0000,0.0000,0.0000,none,0.0000,0,0,0.0000,none,none,none,none,0.0000,0,0.0000,none,false,true,not_evaluated,true,required_light_or_anchor_flip,short_bias,157.46800000,2025.12.19 22:00:00,157.76200000,2025.12.19 23:45:00,2025.12.22 00:45:00,false,NONE,0.00000000,0.00000000,0.0000,-1,false,,-1,NONE,0.00000000,0.00000000,0.0000,0.0000,none,,none,false,NONE,-1,-1,-1,false,false,none,true,false,false,true,none,true,required,false,PERIOD_M5,,,-1,0.0000,false,0.00000000,0.0000,false,0.0000,false,none,none,false,no_anchor_flip_in_entry_direction,true,required_first_signal_only,SHORT,unknown,0.00000000,,0.00000000,,false,,-1,false,NONE,0.00000000,,0.00000000,0.0000,0.0000,none,-1,false,false,false,no_anchor_flip_in_entry_direction,,,,false,false,false,-1,-1,-1,-1,-1,false,false,false,0.0000,falling_n,false,157.76200000,157.37000000,3.3689,false,0.0000,0.0000,0,none,true,0.4005,preferred_382_618,0.200,diagnostic_only,diagnostic_only,diagnostic_only,fib_pullback,4,0.440,true,none,0.590,high_quality,false,false,diagnostic_only,both,true,none,true,diagnostic_adjacent_detected,required_light,false,false,LONG,6,false,false,1,2025.12.22 00:55:00,2025.12.22 02:35:00,5,4.5734,0.00000000,157.50200000,157.50200000,false,false,none,0.00000000,false,0.0000,0.0000,false,1,0.0000,false,-1,0.00000000,0.0000,off,false,not_evaluated,none,0.0000,0.0000,none,false,false,false,0.0000,none,false,none,0.0000,false,none,2.1399,4.5734,0.4679,0.0000,true,strong_exhaustion,0.0000,none,none,false,false,none,0.0000,0.0000,0.0000,0.0000,none,false,false,0.0000,0.0000,false,false,-1,none,none,false,0.000,0.000,157.52800000,157.50200000,157.50200000,pre_session_low,0.02500000,0.1923,neckline_level,157.58500000,0.8112,false,true,true,false,not_blocked,8,6,2,m5_failure_exit,off,none,0.00000000,0.0000,1.30,157.35800000,4.200,-0.300,0.200,PERIOD_M15,157.69700000,157.37000000,0.4801,preferred_382_618,0.000,true,157.52700000,157.65700000,0.13000000,157.35800000,1.300,0.07150000,16.00,0-30,true,false,none,blocked_spread_too_high,4.300,4.300,none,0.0000,false,neckline_retest_failed,false,not_invalidated,spread_too_high
2025.12.24 10:05:00,signal,session_reversal_pullback_one_symbol_first120,USDJPY,LONG,2025.12.24 10:00:00,10,7,16,london,2025.12.24 07:00,0,first_120min,true,true,3,USDJPY,highest_score_in_session_bar,london=USDJPY|EURJPY|GBPJPY|AUDJPY|EURUSD|GBPUSD,existing_first120_gate,london,false,false,true,passed_first_window,inverse_head_and_shoulders,neckline_break_retest,155.81300000,PERIOD_M5,PERIOD_H1,PERIOD_M15,PERIOD_M5,PERIOD_M5,false,htf_soft_alignment,current_post_filter,transcript_post_filter,dow_trend_down_ll_lh,no_ordered_dow_wave3_break,dow_trend_down_ll_lh,no_ordered_dow_wave3_break,false,true,false,LONG,PERIOD_M5,inverse_head_and_shoulders,inverse_head_and_shoulders,4.500,none,0.000,inverse_head_and_shoulders,4.500,none,0.000,LONG,false,PERIOD_H1_SHORT_dow_trend_down_ll_lh|PERIOD_M15_NONE_no_ordered_dow_wave3_break,true,h1_counter_m15_reversal,true,top_SHORT_dow_trend_down_ll_lh|structure_NONE_no_ordered_dow_wave3_break|structure_break_recent_confirmed_swing_break_failed|primary_break_recent_confirmed_swing_break_retest,none,below_75sma_falling,below_75sma_falling,above_75sma_rising,-1,0.00000000,0,155.84300000,false,off,NONE,NONE,0.00000000,0.00000000,0.0000,none,0.000,true,LONG,return_high_break_or_bos_up,156.02600000,15,156.05300000,155.65300000,false,off,independent,false,,,false,0.0000,none,0.0000,0.0000,none,0.0000,0.0000,0.0000,none,0.0000,0,0,0.0000,none,none,none,none,0.0000,0,0.0000,none,false,true,not_evaluated,true,required_light_or_anchor_flip,short_bias,156.16500000,2025.12.23 22:00:00,156.27300000,2025.12.24 02:15:00,2025.12.24 04:00:00,false,NONE,0.00000000,0.00000000,0.0000,-1,false,,-1,NONE,0.00000000,0.00000000,0.0000,0.0000,none,,none,false,NONE,-1,-1,-1,false,false,none,false,true,false,true,none,true,required,false,PERIOD_M5,,,-1,0.0000,false,0.00000000,0.0000,false,0.0000,false,none,none,false,no_anchor_flip_in_entry_direction,true,required_first_signal_only,LONG,unknown,0.00000000,,0.00000000,,false,,-1,false,NONE,0.00000000,,0.00000000,0.0000,0.0000,none,-1,false,false,false,no_anchor_flip_in_entry_direction,,,,false,false,false,-1,-1,-1,-1,-1,false,false,false,0.0000,range_n,true,156.27500000,155.54900000,7.6192,false,0.0000,0.0000,0,none,true,0.2956,shallow_236_382,0.080,diagnostic_only,diagnostic_only,diagnostic_only,deep_pullback,7,0.320,true,none,0.470,high_quality,false,false,diagnostic_only,both,true,none,true,diagnostic_adjacent_detected,required_light,false,false,SHORT,7,false,false,0,2025.12.24 08:25:00,2025.12.24 09:25:00,7,2.6232,155.84300000,0.00000000,155.84300000,true,true,m5_lh_close_break_up,155.84300000,true,0.6415,0.9267,true,1,0.0000,false,0,155.84300000,1.4399,off,false,not_evaluated,none,0.9733,0.0267,very_strong,false,false,false,0.0000,no_following_closed_bar,false,none,0.0000,false,no_retest,1.6965,1.4542,1.1667,0.0000,true,strong_exhaustion,0.0000,none,none,false,false,none,0.0000,0.0000,0.0000,0.0000,none,false,false,0.0000,0.0000,false,false,-1,none,none,false,0.000,0.000,156.00000000,155.89200000,156.00000000,round_number,0.09600000,0.5714,session_high|opening_range_high|neckline_level,155.89200000,0.1711,false,true,true,false,not_blocked,2,1,1,m5_failure_exit,off,none,0.00000000,0.0000,1.30,156.12200000,4.500,-0.300,0.200,PERIOD_M15,156.05300000,155.65300000,0.3725,outside,0.000,true,155.90400000,155.73600000,0.16800000,156.12200000,1.298,0.07014286,16.00,0-30,true,false,none,not_consumed,4.800,4.800,none,0.0000,false,opposite_break_first,true,opposite_break_first,spread_too_high
2025.12.24 10:05:00,blocked,session_reversal_pullback_one_symbol_first120,USDJPY,LONG,2025.12.24 10:00:00,10,7,16,london,2025.12.24 07:00,0,first_120min,true,true,3,USDJPY,highest_score_in_session_bar,london=USDJPY|EURJPY|GBPJPY|AUDJPY|EURUSD|GBPUSD,existing_first120_gate,london,false,false,true,passed_first_window,inverse_head_and_shoulders,neckline_break_retest,155.81300000,PERIOD_M5,PERIOD_H1,PERIOD_M15,PERIOD_M5,PERIOD_M5,false,htf_soft_alignment,current_post_filter,transcript_post_filter,dow_trend_down_ll_lh,no_ordered_dow_wave3_break,dow_trend_down_ll_lh,no_ordered_dow_wave3_break,false,true,false,LONG,PERIOD_M5,inverse_head_and_shoulders,inverse_head_and_shoulders,4.500,none,0.000,inverse_head_and_shoulders,4.500,none,0.000,LONG,false,PERIOD_H1_SHORT_dow_trend_down_ll_lh|PERIOD_M15_NONE_no_ordered_dow_wave3_break,true,h1_counter_m15_reversal,true,top_SHORT_dow_trend_down_ll_lh|structure_NONE_no_ordered_dow_wave3_break|structure_break_recent_confirmed_swing_break_failed|primary_break_recent_confirmed_swing_break_retest,none,below_75sma_falling,below_75sma_falling,above_75sma_rising,-1,0.00000000,0,155.84300000,false,off,NONE,NONE,0.00000000,0.00000000,0.0000,none,0.000,true,LONG,return_high_break_or_bos_up,156.02600000,15,156.05300000,155.65300000,false,off,independent,false,,,false,0.0000,none,0.0000,0.0000,none,0.0000,0.0000,0.0000,none,0.0000,0,0,0.0000,none,none,none,none,0.0000,0,0.0000,none,false,true,not_evaluated,true,required_light_or_anchor_flip,short_bias,156.16500000,2025.12.23 22:00:00,156.27300000,2025.12.24 02:15:00,2025.12.24 04:00:00,false,NONE,0.00000000,0.00000000,0.0000,-1,false,,-1,NONE,0.00000000,0.00000000,0.0000,0.0000,none,,none,false,NONE,-1,-1,-1,false,false,none,false,true,false,true,none,true,required,false,PERIOD_M5,,,-1,0.0000,false,0.00000000,0.0000,false,0.0000,false,none,none,false,no_anchor_flip_in_entry_direction,true,required_first_signal_only,LONG,unknown,0.00000000,,0.00000000,,false,,-1,false,NONE,0.00000000,,0.00000000,0.0000,0.0000,none,-1,false,false,false,no_anchor_flip_in_entry_direction,,,,false,false,false,-1,-1,-1,-1,-1,false,false,false,0.0000,range_n,true,156.27500000,155.54900000,7.6192,false,0.0000,0.0000,0,none,true,0.2956,shallow_236_382,0.080,diagnostic_only,diagnostic_only,diagnostic_only,deep_pullback,7,0.320,true,none,0.470,high_quality,false,false,diagnostic_only,both,true,none,true,diagnostic_adjacent_detected,required_light,false,false,SHORT,7,false,false,0,2025.12.24 08:25:00,2025.12.24 09:25:00,7,2.6232,155.84300000,0.00000000,155.84300000,true,true,m5_lh_close_break_up,155.84300000,true,0.6415,0.9267,true,1,0.0000,false,0,155.84300000,1.4399,off,false,not_evaluated,none,0.9733,0.0267,very_strong,false,false,false,0.0000,no_following_closed_bar,false,none,0.0000,false,no_retest,1.6965,1.4542,1.1667,0.0000,true,strong_exhaustion,0.0000,none,none,false,false,none,0.0000,0.0000,0.0000,0.0000,none,false,false,0.0000,0.0000,false,false,-1,none,none,false,0.000,0.000,156.00000000,155.89200000,156.00000000,round_number,0.09600000,0.5714,session_high|opening_range_high|neckline_level,155.89200000,0.1711,false,true,true,false,not_blocked,2,1,1,m5_failure_exit,off,none,0.00000000,0.0000,1.30,156.12200000,4.500,-0.300,0.200,PERIOD_M15,156.05300000,155.65300000,0.3725,outside,0.000,true,155.90400000,155.73600000,0.16800000,156.12200000,1.298,0.07014286,16.00,0-30,true,false,none,blocked_spread_too_high,4.800,4.800,none,0.0000,false,opposite_break_first,true,opposite_break_first,spread_too_high
2025.12.24 19:35:00,signal,session_reversal_pullback_one_symbol_first120,GBPJPY,LONG,2025.12.24 19:30:00,19,16,1,new_york,2025.12.24 16:00,30,first_120min,true,true,3,GBPJPY,highest_score_in_session_bar,new_york=USDJPY|EURJPY|GBPJPY|AUDJPY|EURUSD|GBPUSD,existing_first120_gate,new_york,false,false,true,passed_first_window,inverse_head_and_shoulders,neckline_break_retest,210.41500000,PERIOD_M5,PERIOD_H1,PERIOD_M15,PERIOD_M5,PERIOD_M5,false,htf_soft_alignment,current_post_filter,transcript_post_filter,dow_trend_down_ll_lh,structure_trend_bias_dow_trend_down_ll_lh,dow_trend_down_ll_lh,structure_trend_bias_dow_trend_down_ll_lh,false,true,false,LONG,PERIOD_M5,inverse_head_and_shoulders,inverse_head_and_shoulders,4.500,none,0.000,inverse_head_and_shoulders,4.500,none,0.000,LONG,false,PERIOD_H1_SHORT_dow_trend_down_ll_lh|PERIOD_M15_SHORT_structure_trend_bias_dow_trend_down_ll_lh,true,h1_counter_m15_reversal,true,top_SHORT_dow_trend_down_ll_lh|structure_SHORT_structure_trend_bias_dow_trend_down_ll_lh|structure_break_recent_confirmed_swing_break_failed|primary_break_recent_confirmed_swing_break_retest,none,below_75sma_flat_or_rising,below_75sma_falling,above_75sma_flat_or_falling,-1,0.00000000,0,210.46100000,false,off,NONE,NONE,0.00000000,0.00000000,0.0000,none,0.000,true,LONG,return_high_break_or_bos_up,210.59000000,13,210.68200000,210.02800000,false,off,independent,false,,,false,0.0000,none,0.0000,0.0000,none,0.0000,0.0000,0.0000,none,0.0000,0,0,0.0000,none,none,none,none,0.0000,0,0.0000,none,false,true,not_evaluated,true,required_light_or_anchor_flip,short_bias,210.55800000,2025.12.24 12:00:00,210.68200000,2025.12.24 16:15:00,2025.12.24 17:00:00,false,NONE,0.00000000,0.00000000,0.0000,-1,false,,-1,NONE,0.00000000,0.00000000,0.0000,0.0000,none,,none,false,NONE,-1,-1,-1,false,false,none,false,true,false,true,none,true,required,false,PERIOD_M5,,,-1,0.0000,false,0.00000000,0.0000,false,0.0000,false,none,none,false,no_anchor_flip_in_entry_direction,true,required_first_signal_only,LONG,unknown,0.00000000,,0.00000000,,false,,-1,false,NONE,0.00000000,,0.00000000,0.0000,0.0000,none,-1,false,false,false,no_anchor_flip_in_entry_direction,,,,false,false,false,-1,-1,-1,-1,-1,false,false,false,0.0000,range_n,true,210.68200000,210.02800000,4.3642,false,0.0000,0.0000,0,none,true,0.2370,shallow_236_382,0.080,diagnostic_only,diagnostic_only,diagnostic_only,shallow_pullback,24,0.280,true,none,0.430,high_quality,false,false,diagnostic_only,both,true,none,true,diagnostic_adjacent_detected,required_light,false,false,SHORT,5,false,false,1,2025.12.24 17:50:00,2025.12.24 18:55:00,7,3.8147,210.46100000,0.00000000,210.46100000,true,true,m5_lh_close_break_up,210.46100000,true,0.5341,1.0109,true,1,0.0000,false,0,210.46100000,0.5913,off,false,not_evaluated,none,0.9672,0.0328,very_strong,false,false,false,0.0000,no_following_closed_bar,false,none,0.0000,false,no_retest,3.7384,3.7193,1.0051,0.0954,false,mild_exhaustion,0.0000,none,none,false,false,none,0.0000,0.0000,0.0000,0.0000,none,false,false,0.0000,0.0000,false,false,-1,none,none,false,0.000,0.000,210.73200000,210.49100000,0.00000000,none,0.00000000,0.0000,session_high|opening_range_high|neckline_level,210.49100000,0.6866,true,false,false,false,not_blocked,0,0,0,m5_failure_exit,off,none,0.00000000,0.0000,1.30,210.73100000,4.500,0.350,0.200,PERIOD_M15,210.46500000,210.02800000,-0.1419,outside,0.000,true,210.52700000,210.37000000,0.15700000,210.73100000,1.299,0.05242857,38.00,30-60,true,false,none,not_consumed,5.450,5.450,none,0.0000,false,neckline_retest_failed,false,not_invalidated,spread_too_high
2025.12.24 19:35:00,blocked,session_reversal_pullback_one_symbol_first120,GBPJPY,LONG,2025.12.24 19:30:00,19,16,1,new_york,2025.12.24 16:00,30,first_120min,true,true,3,GBPJPY,highest_score_in_session_bar,new_york=USDJPY|EURJPY|GBPJPY|AUDJPY|EURUSD|GBPUSD,existing_first120_gate,new_york,false,false,true,passed_first_window,inverse_head_and_shoulders,neckline_break_retest,210.41500000,PERIOD_M5,PERIOD_H1,PERIOD_M15,PERIOD_M5,PERIOD_M5,false,htf_soft_alignment,current_post_filter,transcript_post_filter,dow_trend_down_ll_lh,structure_trend_bias_dow_trend_down_ll_lh,dow_trend_down_ll_lh,structure_trend_bias_dow_trend_down_ll_lh,false,true,false,LONG,PERIOD_M5,inverse_head_and_shoulders,inverse_head_and_shoulders,4.500,none,0.000,inverse_head_and_shoulders,4.500,none,0.000,LONG,false,PERIOD_H1_SHORT_dow_trend_down_ll_lh|PERIOD_M15_SHORT_structure_trend_bias_dow_trend_down_ll_lh,true,h1_counter_m15_reversal,true,top_SHORT_dow_trend_down_ll_lh|structure_SHORT_structure_trend_bias_dow_trend_down_ll_lh|structure_break_recent_confirmed_swing_break_failed|primary_break_recent_confirmed_swing_break_retest,none,below_75sma_flat_or_rising,below_75sma_falling,above_75sma_flat_or_falling,-1,0.00000000,0,210.46100000,false,off,NONE,NONE,0.00000000,0.00000000,0.0000,none,0.000,true,LONG,return_high_break_or_bos_up,210.59000000,13,210.68200000,210.02800000,false,off,independent,false,,,false,0.0000,none,0.0000,0.0000,none,0.0000,0.0000,0.0000,none,0.0000,0,0,0.0000,none,none,none,none,0.0000,0,0.0000,none,false,true,not_evaluated,true,required_light_or_anchor_flip,short_bias,210.55800000,2025.12.24 12:00:00,210.68200000,2025.12.24 16:15:00,2025.12.24 17:00:00,false,NONE,0.00000000,0.00000000,0.0000,-1,false,,-1,NONE,0.00000000,0.00000000,0.0000,0.0000,none,,none,false,NONE,-1,-1,-1,false,false,none,false,true,false,true,none,true,required,false,PERIOD_M5,,,-1,0.0000,false,0.00000000,0.0000,false,0.0000,false,none,none,false,no_anchor_flip_in_entry_direction,true,required_first_signal_only,LONG,unknown,0.00000000,,0.00000000,,false,,-1,false,NONE,0.00000000,,0.00000000,0.0000,0.0000,none,-1,false,false,false,no_anchor_flip_in_entry_direction,,,,false,false,false,-1,-1,-1,-1,-1,false,false,false,0.0000,range_n,true,210.68200000,210.02800000,4.3642,false,0.0000,0.0000,0,none,true,0.2370,shallow_236_382,0.080,diagnostic_only,diagnostic_only,diagnostic_only,shallow_pullback,24,0.280,true,none,0.430,high_quality,false,false,diagnostic_only,both,true,none,true,diagnostic_adjacent_detected,required_light,false,false,SHORT,5,false,false,1,2025.12.24 17:50:00,2025.12.24 18:55:00,7,3.8147,210.46100000,0.00000000,210.46100000,true,true,m5_lh_close_break_up,210.46100000,true,0.5341,1.0109,true,1,0.0000,false,0,210.46100000,0.5913,off,false,not_evaluated,none,0.9672,0.0328,very_strong,false,false,false,0.0000,no_following_closed_bar,false,none,0.0000,false,no_retest,3.7384,3.7193,1.0051,0.0954,false,mild_exhaustion,0.0000,none,none,false,false,none,0.0000,0.0000,0.0000,0.0000,none,false,false,0.0000,0.0000,false,false,-1,none,none,false,0.000,0.000,210.73200000,210.49100000,0.00000000,none,0.00000000,0.0000,session_high|opening_range_high|neckline_level,210.49100000,0.6866,true,false,false,false,not_blocked,0,0,0,m5_failure_exit,off,none,0.00000000,0.0000,1.30,210.73100000,4.500,0.350,0.200,PERIOD_M15,210.46500000,210.02800000,-0.1419,outside,0.000,true,210.52700000,210.37000000,0.15700000,210.73100000,1.299,0.05242857,38.00,30-60,true,false,none,blocked_spread_too_high,5.450,5.450,none,0.0000,false,neckline_retest_failed,false,not_invalidated,spread_too_high
2025.12.26 11:05:00,signal,session_reversal_pullback_one_symbol_first120,GBPUSD,LONG,2025.12.26 11:00:00,11,8,17,london,2025.12.26 07:00,60,first_120min,false,true,3,GBPUSD,highest_score_in_session_bar,london=USDJPY|EURJPY|GBPJPY|AUDJPY|EURUSD|GBPUSD,existing_first120_gate,london,false,false,true,passed_first_window,inverse_head_and_shoulders,neckline_break_retest,1.34936000,PERIOD_M5,PERIOD_H1,PERIOD_M15,PERIOD_M5,PERIOD_M5,false,htf_soft_alignment,current_post_filter,transcript_post_filter,dow_trend_down_ll_lh,structure_trend_bias_dow_trend_down_ll_lh,dow_trend_down_ll_lh,structure_trend_bias_dow_trend_down_ll_lh,false,true,false,LONG,PERIOD_M5,inverse_head_and_shoulders,inverse_head_and_shoulders,4.500,none,0.000,inverse_head_and_shoulders,4.500,none,0.000,LONG,false,PERIOD_H1_SHORT_dow_trend_down_ll_lh|PERIOD_M15_SHORT_structure_trend_bias_dow_trend_down_ll_lh,true,h1_counter_m15_reversal,true,top_SHORT_dow_trend_down_ll_lh|structure_SHORT_structure_trend_bias_dow_trend_down_ll_lh|structure_break_recent_confirmed_swing_break_failed|primary_break_recent_confirmed_swing_break_continuation,none,above_75sma_rising,below_75sma_falling,above_75sma_flat_or_falling,-1,0.00000000,0,1.34909000,false,off,NONE,NONE,0.00000000,0.00000000,0.0000,none,0.000,true,LONG,return_high_break_or_bos_up,1.35045000,20,1.35180000,1.34766000,false,off,independent,false,,,false,0.0000,none,0.0000,0.0000,none,0.0000,0.0000,0.0000,none,0.0000,0,0,0.0000,none,none,none,none,0.0000,0,0.0000,none,false,true,not_evaluated,true,required_light_or_anchor_flip,short_bias,1.35076000,2025.12.26 03:00:00,1.34998000,2025.12.26 08:15:00,2025.12.26 10:00:00,false,NONE,0.00000000,0.00000000,0.0000,-1,false,,-1,NONE,0.00000000,0.00000000,0.0000,0.0000,none,,none,false,NONE,-1,-1,-1,false,false,none,false,true,false,true,none,true,required,false,PERIOD_M5,,,-1,0.0000,false,0.00000000,0.0000,false,0.0000,false,none,none,false,no_anchor_flip_in_entry_direction,true,required_first_signal_only,LONG,unknown,0.00000000,,0.00000000,,false,,-1,false,NONE,0.00000000,,0.00000000,0.0000,0.0000,none,-1,false,false,false,no_anchor_flip_in_entry_direction,,,,false,false,false,-1,-1,-1,-1,-1,false,false,false,0.0000,falling_n,false,1.35219000,1.34766000,6.5381,false,0.0000,0.0000,0,none,true,0.4976,preferred_382_618,0.200,diagnostic_only,diagnostic_only,diagnostic_only,fib_pullback,24,0.400,true,none,0.550,high_quality,false,false,diagnostic_only,both,true,none,true,diagnostic_adjacent_detected,required_light,false,false,SHORT,4,false,false,1,2025.12.26 08:15:00,2025.12.26 10:40:00,4,5.6097,1.34909000,0.00000000,1.34909000,true,true,m5_lh_close_break_up,1.34909000,true,0.5803,1.8135,true,1,0.0000,false,3,1.34909000,0.0000,off,false,not_evaluated,none,0.7500,0.0300,strong,true,false,false,0.0000,held_clean,true,favorable_side,0.2100,true,clean_retest,1.4024,5.6097,0.2500,0.0000,true,strong_exhaustion,0.0000,none,none,false,false,none,0.0000,0.0000,0.0000,0.0000,none,false,false,0.0000,0.0000,false,false,-1,none,none,false,0.000,0.000,1.34998000,1.34970000,1.34998000,structure_confirmed_swing_high,0.00024000,0.1935,session_high|opening_range_high|neckline_level,1.34970000,0.0967,false,true,true,false,not_blocked,2,1,1,m5_failure_exit,off,none,0.00000000,0.0000,1.30,1.35135000,4.500,-0.300,0.200,PERIOD_M15,1.34998000,1.34857000,0.1702,outside,0.000,true,1.34974000,1.34850000,0.00124000,1.35135000,1.298,0.00041357,16.00,60-90,true,false,none,not_consumed,4.800,4.800,none,0.0000,false,opposite_break_first,true,opposite_break_first,spread_too_high
2025.12.26 11:05:00,blocked,session_reversal_pullback_one_symbol_first120,GBPUSD,LONG,2025.12.26 11:00:00,11,8,17,london,2025.12.26 07:00,60,first_120min,false,true,3,GBPUSD,highest_score_in_session_bar,london=USDJPY|EURJPY|GBPJPY|AUDJPY|EURUSD|GBPUSD,existing_first120_gate,london,false,false,true,passed_first_window,inverse_head_and_shoulders,neckline_break_retest,1.34936000,PERIOD_M5,PERIOD_H1,PERIOD_M15,PERIOD_M5,PERIOD_M5,false,htf_soft_alignment,current_post_filter,transcript_post_filter,dow_trend_down_ll_lh,structure_trend_bias_dow_trend_down_ll_lh,dow_trend_down_ll_lh,structure_trend_bias_dow_trend_down_ll_lh,false,true,false,LONG,PERIOD_M5,inverse_head_and_shoulders,inverse_head_and_shoulders,4.500,none,0.000,inverse_head_and_shoulders,4.500,none,0.000,LONG,false,PERIOD_H1_SHORT_dow_trend_down_ll_lh|PERIOD_M15_SHORT_structure_trend_bias_dow_trend_down_ll_lh,true,h1_counter_m15_reversal,true,top_SHORT_dow_trend_down_ll_lh|structure_SHORT_structure_trend_bias_dow_trend_down_ll_lh|structure_break_recent_confirmed_swing_break_failed|primary_break_recent_confirmed_swing_break_continuation,none,above_75sma_rising,below_75sma_falling,above_75sma_flat_or_falling,-1,0.00000000,0,1.34909000,false,off,NONE,NONE,0.00000000,0.00000000,0.0000,none,0.000,true,LONG,return_high_break_or_bos_up,1.35045000,20,1.35180000,1.34766000,false,off,independent,false,,,false,0.0000,none,0.0000,0.0000,none,0.0000,0.0000,0.0000,none,0.0000,0,0,0.0000,none,none,none,none,0.0000,0,0.0000,none,false,true,not_evaluated,true,required_light_or_anchor_flip,short_bias,1.35076000,2025.12.26 03:00:00,1.34998000,2025.12.26 08:15:00,2025.12.26 10:00:00,false,NONE,0.00000000,0.00000000,0.0000,-1,false,,-1,NONE,0.00000000,0.00000000,0.0000,0.0000,none,,none,false,NONE,-1,-1,-1,false,false,none,false,true,false,true,none,true,required,false,PERIOD_M5,,,-1,0.0000,false,0.00000000,0.0000,false,0.0000,false,none,none,false,no_anchor_flip_in_entry_direction,true,required_first_signal_only,LONG,unknown,0.00000000,,0.00000000,,false,,-1,false,NONE,0.00000000,,0.00000000,0.0000,0.0000,none,-1,false,false,false,no_anchor_flip_in_entry_direction,,,,false,false,false,-1,-1,-1,-1,-1,false,false,false,0.0000,falling_n,false,1.35219000,1.34766000,6.5381,false,0.0000,0.0000,0,none,true,0.4976,preferred_382_618,0.200,diagnostic_only,diagnostic_only,diagnostic_only,fib_pullback,24,0.400,true,none,0.550,high_quality,false,false,diagnostic_only,both,true,none,true,diagnostic_adjacent_detected,required_light,false,false,SHORT,4,false,false,1,2025.12.26 08:15:00,2025.12.26 10:40:00,4,5.6097,1.34909000,0.00000000,1.34909000,true,true,m5_lh_close_break_up,1.34909000,true,0.5803,1.8135,true,1,0.0000,false,3,1.34909000,0.0000,off,false,not_evaluated,none,0.7500,0.0300,strong,true,false,false,0.0000,held_clean,true,favorable_side,0.2100,true,clean_retest,1.4024,5.6097,0.2500,0.0000,true,strong_exhaustion,0.0000,none,none,false,false,none,0.0000,0.0000,0.0000,0.0000,none,false,false,0.0000,0.0000,false,false,-1,none,none,false,0.000,0.000,1.34998000,1.34970000,1.34998000,structure_confirmed_swing_high,0.00024000,0.1935,session_high|opening_range_high|neckline_level,1.34970000,0.0967,false,true,true,false,not_blocked,2,1,1,m5_failure_exit,off,none,0.00000000,0.0000,1.30,1.35135000,4.500,-0.300,0.200,PERIOD_M15,1.34998000,1.34857000,0.1702,outside,0.000,true,1.34974000,1.34850000,0.00124000,1.35135000,1.298,0.00041357,16.00,60-90,true,false,none,blocked_spread_too_high,4.800,4.800,none,0.0000,false,opposite_break_first,true,opposite_break_first,spread_too_high
2025.12.26 19:15:02,signal,session_reversal_pullback_one_symbol_first120,GBPJPY,SHORT,2025.12.26 19:10:00,19,16,1,new_york,2025.12.26 16:00,10,first_120min,true,true,3,GBPJPY,highest_score_in_session_bar,new_york=USDJPY|EURJPY|GBPJPY|AUDJPY|EURUSD|GBPUSD,existing_first120_gate,new_york,false,false,true,passed_first_window,double_top,neckline_break_retest,211.29900000,PERIOD_M5,PERIOD_H1,PERIOD_M15,PERIOD_M5,PERIOD_M5,false,htf_soft_alignment,current_post_filter,transcript_post_filter,dow_trend_up_hh_hl,structure_trend_bias_dow_trend_up_hh_hl,dow_trend_up_hh_hl,structure_trend_bias_dow_trend_up_hh_hl,false,false,true,SHORT,PERIOD_M5,double_top,double_top,4.200,none,0.000,double_top,4.200,none,0.000,SHORT,false,PERIOD_H1_LONG_dow_trend_up_hh_hl|PERIOD_M15_LONG_structure_trend_bias_dow_trend_up_hh_hl,true,h1_counter_m15_reversal,true,top_LONG_dow_trend_up_hh_hl|structure_LONG_structure_trend_bias_dow_trend_up_hh_hl|structure_break_recent_confirmed_swing_break_failed|primary_break_recent_confirmed_swing_break_retest,none,above_75sma_flat_or_falling,above_75sma_rising,below_75sma_flat_or_rising,-1,0.00000000,0,211.30500000,false,off,NONE,NONE,0.00000000,0.00000000,0.0000,none,0.000,true,SHORT,return_low_break_or_bos_down,211.05800000,18,211.49300000,211.02100000,false,off,independent,false,,,false,0.0000,none,0.0000,0.0000,none,0.0000,0.0000,0.0000,none,0.0000,0,0,0.0000,none,none,none,none,0.0000,0,0.0000,none,false,true,not_evaluated,true,required_light_or_anchor_flip,short_bias,211.21000000,2025.12.26 16:30:00,211.49300000,2025.12.26 16:45:00,2025.12.26 18:15:00,false,NONE,0.00000000,0.00000000,0.0000,-1,false,,-1,NONE,0.00000000,0.00000000,0.0000,0.0000,none,,none,false,NONE,-1,-1,-1,false,false,none,true,false,false,true,none,true,required,false,PERIOD_M5,,,-1,0.0000,false,0.00000000,0.0000,false,0.0000,false,none,none,false,no_anchor_flip_in_entry_direction,true,required_first_signal_only,SHORT,unknown,0.00000000,,0.00000000,,false,,-1,false,NONE,0.00000000,,0.00000000,0.0000,0.0000,none,-1,false,false,false,no_anchor_flip_in_entry_direction,,,,false,false,false,-1,-1,-1,-1,-1,false,false,false,0.0000,range_n,true,211.49300000,211.02100000,4.2715,false,0.0000,0.0000,0,none,true,0.4367,preferred_382_618,0.200,diagnostic_only,diagnostic_only,diagnostic_only,shallow_pullback,9,0.440,true,none,0.590,high_quality,false,false,diagnostic_only,both,true,none,true,diagnostic_adjacent_detected,required_light,false,false,LONG,6,false,false,0,2025.12.26 16:50:00,2025.12.26 18:20:00,10,5.7448,0.00000000,211.13600000,211.13600000,false,false,none,0.00000000,false,0.0000,0.0000,false,1,0.0000,false,-1,0.00000000,0.0000,off,false,not_evaluated,none,0.0000,0.0000,none,false,false,false,0.0000,none,false,none,0.0000,false,none,4.2161,3.0253,1.3936,0.0000,true,strong_exhaustion,0.0000,none,none,false,false,none,0.0000,0.0000,0.0000,0.0000,none,false,false,0.0000,0.0000,false,false,-1,none,none,false,0.000,0.000,211.20000000,211.17200000,211.14500000,failed_breakout_level,0.03200000,0.1720,session_low|opening_range_low|neckline_level,211.17200000,0.0805,false,true,true,false,not_blocked,5,4,1,m5_failure_exit,off,none,0.00000000,0.0000,1.30,210.93500000,4.200,-0.300,0.200,PERIOD_M15,211.49300000,211.21000000,-0.1166,outside,0.000,true,211.17700000,211.36300000,0.18600000,210.93500000,1.301,0.06214286,38.00,0-30,true,false,none,not_consumed,4.500,4.500,none,0.0000,false,neckline_retest_failed,false,not_invalidated,spread_too_high
2025.12.26 19:15:02,blocked,session_reversal_pullback_one_symbol_first120,GBPJPY,SHORT,2025.12.26 19:10:00,19,16,1,new_york,2025.12.26 16:00,10,first_120min,true,true,3,GBPJPY,highest_score_in_session_bar,new_york=USDJPY|EURJPY|GBPJPY|AUDJPY|EURUSD|GBPUSD,existing_first120_gate,new_york,false,false,true,passed_first_window,double_top,neckline_break_retest,211.29900000,PERIOD_M5,PERIOD_H1,PERIOD_M15,PERIOD_M5,PERIOD_M5,false,htf_soft_alignment,current_post_filter,transcript_post_filter,dow_trend_up_hh_hl,structure_trend_bias_dow_trend_up_hh_hl,dow_trend_up_hh_hl,structure_trend_bias_dow_trend_up_hh_hl,false,false,true,SHORT,PERIOD_M5,double_top,double_top,4.200,none,0.000,double_top,4.200,none,0.000,SHORT,false,PERIOD_H1_LONG_dow_trend_up_hh_hl|PERIOD_M15_LONG_structure_trend_bias_dow_trend_up_hh_hl,true,h1_counter_m15_reversal,true,top_LONG_dow_trend_up_hh_hl|structure_LONG_structure_trend_bias_dow_trend_up_hh_hl|structure_break_recent_confirmed_swing_break_failed|primary_break_recent_confirmed_swing_break_retest,none,above_75sma_flat_or_falling,above_75sma_rising,below_75sma_flat_or_rising,-1,0.00000000,0,211.30500000,false,off,NONE,NONE,0.00000000,0.00000000,0.0000,none,0.000,true,SHORT,return_low_break_or_bos_down,211.05800000,18,211.49300000,211.02100000,false,off,independent,false,,,false,0.0000,none,0.0000,0.0000,none,0.0000,0.0000,0.0000,none,0.0000,0,0,0.0000,none,none,none,none,0.0000,0,0.0000,none,false,true,not_evaluated,true,required_light_or_anchor_flip,short_bias,211.21000000,2025.12.26 16:30:00,211.49300000,2025.12.26 16:45:00,2025.12.26 18:15:00,false,NONE,0.00000000,0.00000000,0.0000,-1,false,,-1,NONE,0.00000000,0.00000000,0.0000,0.0000,none,,none,false,NONE,-1,-1,-1,false,false,none,true,false,false,true,none,true,required,false,PERIOD_M5,,,-1,0.0000,false,0.00000000,0.0000,false,0.0000,false,none,none,false,no_anchor_flip_in_entry_direction,true,required_first_signal_only,SHORT,unknown,0.00000000,,0.00000000,,false,,-1,false,NONE,0.00000000,,0.00000000,0.0000,0.0000,none,-1,false,false,false,no_anchor_flip_in_entry_direction,,,,false,false,false,-1,-1,-1,-1,-1,false,false,false,0.0000,range_n,true,211.49300000,211.02100000,4.2715,false,0.0000,0.0000,0,none,true,0.4367,preferred_382_618,0.200,diagnostic_only,diagnostic_only,diagnostic_only,shallow_pullback,9,0.440,true,none,0.590,high_quality,false,false,diagnostic_only,both,true,none,true,diagnostic_adjacent_detected,required_light,false,false,LONG,6,false,false,0,2025.12.26 16:50:00,2025.12.26 18:20:00,10,5.7448,0.00000000,211.13600000,211.13600000,false,false,none,0.00000000,false,0.0000,0.0000,false,1,0.0000,false,-1,0.00000000,0.0000,off,false,not_evaluated,none,0.0000,0.0000,none,false,false,false,0.0000,none,false,none,0.0000,false,none,4.2161,3.0253,1.3936,0.0000,true,strong_exhaustion,0.0000,none,none,false,false,none,0.0000,0.0000,0.0000,0.0000,none,false,false,0.0000,0.0000,false,false,-1,none,none,false,0.000,0.000,211.20000000,211.17200000,211.14500000,failed_breakout_level,0.03200000,0.1720,session_low|opening_range_low|neckline_level,211.17200000,0.0805,false,true,true,false,not_blocked,5,4,1,m5_failure_exit,off,none,0.00000000,0.0000,1.30,210.93500000,4.200,-0.300,0.200,PERIOD_M15,211.49300000,211.21000000,-0.1166,outside,0.000,true,211.17700000,211.36300000,0.18600000,210.93500000,1.301,0.06214286,38.00,0-30,true,false,none,blocked_spread_too_high,4.500,4.500,none,0.0000,false,neckline_retest_failed,false,not_invalidated,spread_too_high
2025.12.29 03:05:00,signal,session_reversal_pullback_one_symbol_first120,EURJPY,SHORT,2025.12.29 03:00:00,3,0,9,tokyo,2025.12.29 00:00,0,first_120min,true,true,3,EURJPY,highest_score_in_session_bar,tokyo=USDJPY|EURJPY|GBPJPY|AUDJPY,existing_first120_gate,tokyo,false,false,true,passed_first_window,double_top,neckline_break_retest,184.25000000,PERIOD_M5,PERIOD_H1,PERIOD_M15,PERIOD_M5,PERIOD_M5,false,htf_soft_alignment,current_post_filter,transcript_post_filter,dow_range_or_transition,structure_trend_bias_dow_trend_down_ll_lh,dow_range_or_transition,structure_trend_bias_dow_trend_down_ll_lh,false,false,true,SHORT,PERIOD_M5,double_top,double_top,4.200,none,0.000,double_top,4.200,none,0.000,SHORT,false,PERIOD_H1_NONE_dow_range_or_transition|PERIOD_M15_SHORT_structure_trend_bias_dow_trend_down_ll_lh,true,h1_counter_m15_reversal,true,top_NONE_dow_range_or_transition|structure_SHORT_structure_trend_bias_dow_trend_down_ll_lh|structure_break_recent_confirmed_swing_break_retest|primary_break_recent_confirmed_swing_break_retest,none,above_75sma_flat_or_falling,below_75sma_falling,above_75sma_flat_or_falling,1,184.13400000,1,184.23100000,false,off,NONE,NONE,0.00000000,0.00000000,0.0000,none,0.000,true,SHORT,return_low_break_or_bos_down,184.13400000,1,184.33800000,184.13400000,false,off,independent,false,,,false,0.0000,none,0.0000,0.0000,none,0.0000,0.0000,0.0000,none,0.0000,0,0,0.0000,none,none,none,none,0.0000,0,0.0000,none,false,true,not_evaluated,true,required_light_or_anchor_flip,short_bias,184.13400000,2025.12.29 00:45:00,184.33800000,2025.12.29 01:30:00,2025.12.29 02:00:00,false,NONE,0.00000000,0.00000000,0.0000,-1,false,,-1,NONE,0.00000000,0.00000000,0.0000,0.0000,none,,none,false,NONE,-1,-1,-1,false,false,none,true,false,false,true,none,true,required,false,PERIOD_M5,,,-1,0.0000,false,0.00000000,0.0000,false,0.0000,false,none,none,false,no_anchor_flip_in_entry_direction,true,required_first_signal_only,SHORT,unknown,0.00000000,,0.00000000,,false,,-1,false,NONE,0.00000000,,0.00000000,0.0000,0.0000,none,-1,false,false,false,no_anchor_flip_in_entry_direction,,,,false,false,false,-1,-1,-1,-1,-1,false,false,false,0.0000,falling_n,false,184.36800000,183.79700000,4.0496,false,0.0000,0.0000,0,none,true,0.7723,deep_618_786,0.120,diagnostic_only,diagnostic_only,diagnostic_only,fib_pullback,5,0.410,true,none,0.560,high_quality,false,false,diagnostic_only,both,true,none,true,diagnostic_adjacent_detected,required_light,false,false,LONG,6,false,false,0,2025.12.29 01:05:00,2025.12.29 02:10:00,10,5.0393,0.00000000,183.79700000,183.79700000,false,false,none,0.00000000,false,0.0000,0.0000,false,1,0.0000,false,-1,0.00000000,0.0000,off,false,not_evaluated,none,0.0000,0.0000,none,false,false,false,0.0000,none,false,none,0.0000,false,none,5.0393,0.9035,5.5773,0.0931,false,mild_exhaustion,0.0000,none,none,false,false,none,0.0000,0.0000,0.0000,0.0000,none,false,false,0.0000,0.0000,false,false,-1,none,none,false,0.000,0.000,184.23900000,184.19500000,184.19500000,recent_equal_highs,0.04300000,0.4526,neckline_level,184.25000000,0.1118,false,true,true,false,not_blocked,5,4,1,m5_failure_exit,off,none,0.00000000,0.0000,1.30,184.11400000,4.200,-0.300,0.200,PERIOD_M15,184.33800000,184.13400000,0.5098,preferred_382_618,0.000,true,184.23800000,184.33300000,0.09500000,184.11400000,1.305,0.10735714,30.00,0-30,true,false,none,not_consumed,4.850,4.850,none,0.0000,false,opposite_break_first,true,opposite_break_first,spread_too_high
2025.12.29 03:05:00,blocked,session_reversal_pullback_one_symbol_first120,EURJPY,SHORT,2025.12.29 03:00:00,3,0,9,tokyo,2025.12.29 00:00,0,first_120min,true,true,3,EURJPY,highest_score_in_session_bar,tokyo=USDJPY|EURJPY|GBPJPY|AUDJPY,existing_first120_gate,tokyo,false,false,true,passed_first_window,double_top,neckline_break_retest,184.25000000,PERIOD_M5,PERIOD_H1,PERIOD_M15,PERIOD_M5,PERIOD_M5,false,htf_soft_alignment,current_post_filter,transcript_post_filter,dow_range_or_transition,structure_trend_bias_dow_trend_down_ll_lh,dow_range_or_transition,structure_trend_bias_dow_trend_down_ll_lh,false,false,true,SHORT,PERIOD_M5,double_top,double_top,4.200,none,0.000,double_top,4.200,none,0.000,SHORT,false,PERIOD_H1_NONE_dow_range_or_transition|PERIOD_M15_SHORT_structure_trend_bias_dow_trend_down_ll_lh,true,h1_counter_m15_reversal,true,top_NONE_dow_range_or_transition|structure_SHORT_structure_trend_bias_dow_trend_down_ll_lh|structure_break_recent_confirmed_swing_break_retest|primary_break_recent_confirmed_swing_break_retest,none,above_75sma_flat_or_falling,below_75sma_falling,above_75sma_flat_or_falling,1,184.13400000,1,184.23100000,false,off,NONE,NONE,0.00000000,0.00000000,0.0000,none,0.000,true,SHORT,return_low_break_or_bos_down,184.13400000,1,184.33800000,184.13400000,false,off,independent,false,,,false,0.0000,none,0.0000,0.0000,none,0.0000,0.0000,0.0000,none,0.0000,0,0,0.0000,none,none,none,none,0.0000,0,0.0000,none,false,true,not_evaluated,true,required_light_or_anchor_flip,short_bias,184.13400000,2025.12.29 00:45:00,184.33800000,2025.12.29 01:30:00,2025.12.29 02:00:00,false,NONE,0.00000000,0.00000000,0.0000,-1,false,,-1,NONE,0.00000000,0.00000000,0.0000,0.0000,none,,none,false,NONE,-1,-1,-1,false,false,none,true,false,false,true,none,true,required,false,PERIOD_M5,,,-1,0.0000,false,0.00000000,0.0000,false,0.0000,false,none,none,false,no_anchor_flip_in_entry_direction,true,required_first_signal_only,SHORT,unknown,0.00000000,,0.00000000,,false,,-1,false,NONE,0.00000000,,0.00000000,0.0000,0.0000,none,-1,false,false,false,no_anchor_flip_in_entry_direction,,,,false,false,false,-1,-1,-1,-1,-1,false,false,false,0.0000,falling_n,false,184.36800000,183.79700000,4.0496,false,0.0000,0.0000,0,none,true,0.7723,deep_618_786,0.120,diagnostic_only,diagnostic_only,diagnostic_only,fib_pullback,5,0.410,true,none,0.560,high_quality,false,false,diagnostic_only,both,true,none,true,diagnostic_adjacent_detected,required_light,false,false,LONG,6,false,false,0,2025.12.29 01:05:00,2025.12.29 02:10:00,10,5.0393,0.00000000,183.79700000,183.79700000,false,false,none,0.00000000,false,0.0000,0.0000,false,1,0.0000,false,-1,0.00000000,0.0000,off,false,not_evaluated,none,0.0000,0.0000,none,false,false,false,0.0000,none,false,none,0.0000,false,none,5.0393,0.9035,5.5773,0.0931,false,mild_exhaustion,0.0000,none,none,false,false,none,0.0000,0.0000,0.0000,0.0000,none,false,false,0.0000,0.0000,false,false,-1,none,none,false,0.000,0.000,184.23900000,184.19500000,184.19500000,recent_equal_highs,0.04300000,0.4526,neckline_level,184.25000000,0.1118,false,true,true,false,not_blocked,5,4,1,m5_failure_exit,off,none,0.00000000,0.0000,1.30,184.11400000,4.200,-0.300,0.200,PERIOD_M15,184.33800000,184.13400000,0.5098,preferred_382_618,0.000,true,184.23800000,184.33300000,0.09500000,184.11400000,1.305,0.10735714,30.00,0-30,true,false,none,blocked_spread_too_high,4.850,4.850,none,0.0000,false,opposite_break_first,true,opposite_break_first,spread_too_high
2025.12.29 10:05:03,signal,session_reversal_pullback_one_symbol_first120,EURUSD,LONG,2025.12.29 10:00:00,10,7,16,london,2025.12.29 07:00,0,first_120min,true,true,3,EURUSD,highest_score_in_session_bar,london=USDJPY|EURJPY|GBPJPY|AUDJPY|EURUSD|GBPUSD,existing_first120_gate,london,false,false,true,passed_first_window,double_bottom,neckline_break_retest,1.17717000,PERIOD_M5,PERIOD_H1,PERIOD_M15,PERIOD_M5,PERIOD_M5,false,htf_soft_alignment,current_post_filter,transcript_post_filter,dow_range_or_transition,no_ordered_dow_wave3_break,dow_range_or_transition,no_ordered_dow_wave3_break,false,true,true,LONG,PERIOD_M5,double_bottom,double_bottom,4.200,none,0.000,double_bottom,4.200,none,0.000,LONG,false,PERIOD_H1_NONE_dow_range_or_transition|PERIOD_M15_NONE_no_ordered_dow_wave3_break,true,h1_counter_m15_reversal,true,top_NONE_dow_range_or_transition|structure_NONE_no_ordered_dow_wave3_break|structure_break_recent_confirmed_swing_break_failed|primary_break_recent_confirmed_swing_break_retest,none,below_75sma_falling,above_75sma_flat_or_falling,above_75sma_flat_or_falling,-1,0.00000000,0,1.17718000,false,off,NONE,NONE,0.00000000,0.00000000,0.0000,none,0.000,true,LONG,return_high_break_or_bos_up,1.17808000,23,1.17853000,1.17531000,false,off,independent,false,,,false,0.0000,none,0.0000,0.0000,none,0.0000,0.0000,0.0000,none,0.0000,0,0,0.0000,none,none,none,none,0.0000,0,0.0000,none,false,true,not_evaluated,true,required_light_or_anchor_flip,short_bias,1.17703000,2025.12.29 01:45:00,1.17853000,2025.12.29 03:45:00,2025.12.29 07:15:00,false,NONE,0.00000000,0.00000000,0.0000,-1,false,,-1,NONE,0.00000000,0.00000000,0.0000,0.0000,none,,none,false,NONE,-1,-1,-1,false,false,none,false,true,false,true,none,true,required,false,PERIOD_M5,,,-1,0.0000,false,0.00000000,0.0000,false,0.0000,false,none,none,false,no_anchor_flip_in_entry_direction,true,required_first_signal_only,LONG,unknown,0.00000000,,0.00000000,,false,,-1,false,NONE,0.00000000,,0.00000000,0.0000,0.0000,none,-1,false,false,false,no_anchor_flip_in_entry_direction,,,,false,false,false,-1,-1,-1,-1,-1,false,false,false,0.0000,range_n,true,1.17853000,1.17531000,5.8622,false,0.0000,0.0000,0,none,true,0.3540,shallow_236_382,0.080,diagnostic_only,diagnostic_only,diagnostic_only,shallow_pullback,10,0.370,true,none,0.520,high_quality,false,false,diagnostic_only,both,true,none,true,diagnostic_adjacent_detected,required_light,false,false,SHORT,2,false,false,0,,,-1,0.0000,0.00000000,0.00000000,0.00000000,false,false,none,0.00000000,false,0.0000,0.0000,false,1,0.0000,false,-1,0.00000000,0.0000,off,false,not_evaluated,none,0.0000,0.0000,none,false,false,false,0.0000,none,false,none,0.0000,false,none,0.0000,0.0000,0.0000,0.0000,false,none,0.0000,none,none,false,false,none,0.0000,0.0000,0.0000,0.0000,none,false,false,0.0000,0.0000,false,false,-1,none,none,false,0.000,0.000,1.17748000,1.17736000,1.17748000,failed_breakout_level,0.00009000,0.0909,neckline_level,1.17717000,0.6099,false,true,true,false,not_blocked,9,6,3,m5_failure_exit,off,none,0.00000000,0.0000,1.30,1.17868000,4.200,-0.300,0.200,PERIOD_M15,1.17853000,1.17536000,0.3596,outside,0.000,true,1.17739000,1.17640000,0.00099000,1.17868000,1.303,0.00036071,16.00,0-30,true,false,none,not_consumed,4.500,4.500,none,0.0000,false,opposite_break_first,true,opposite_break_first,spread_too_high
2025.12.29 10:05:03,blocked,session_reversal_pullback_one_symbol_first120,EURUSD,LONG,2025.12.29 10:00:00,10,7,16,london,2025.12.29 07:00,0,first_120min,true,true,3,EURUSD,highest_score_in_session_bar,london=USDJPY|EURJPY|GBPJPY|AUDJPY|EURUSD|GBPUSD,existing_first120_gate,london,false,false,true,passed_first_window,double_bottom,neckline_break_retest,1.17717000,PERIOD_M5,PERIOD_H1,PERIOD_M15,PERIOD_M5,PERIOD_M5,false,htf_soft_alignment,current_post_filter,transcript_post_filter,dow_range_or_transition,no_ordered_dow_wave3_break,dow_range_or_transition,no_ordered_dow_wave3_break,false,true,true,LONG,PERIOD_M5,double_bottom,double_bottom,4.200,none,0.000,double_bottom,4.200,none,0.000,LONG,false,PERIOD_H1_NONE_dow_range_or_transition|PERIOD_M15_NONE_no_ordered_dow_wave3_break,true,h1_counter_m15_reversal,true,top_NONE_dow_range_or_transition|structure_NONE_no_ordered_dow_wave3_break|structure_break_recent_confirmed_swing_break_failed|primary_break_recent_confirmed_swing_break_retest,none,below_75sma_falling,above_75sma_flat_or_falling,above_75sma_flat_or_falling,-1,0.00000000,0,1.17718000,false,off,NONE,NONE,0.00000000,0.00000000,0.0000,none,0.000,true,LONG,return_high_break_or_bos_up,1.17808000,23,1.17853000,1.17531000,false,off,independent,false,,,false,0.0000,none,0.0000,0.0000,none,0.0000,0.0000,0.0000,none,0.0000,0,0,0.0000,none,none,none,none,0.0000,0,0.0000,none,false,true,not_evaluated,true,required_light_or_anchor_flip,short_bias,1.17703000,2025.12.29 01:45:00,1.17853000,2025.12.29 03:45:00,2025.12.29 07:15:00,false,NONE,0.00000000,0.00000000,0.0000,-1,false,,-1,NONE,0.00000000,0.00000000,0.0000,0.0000,none,,none,false,NONE,-1,-1,-1,false,false,none,false,true,false,true,none,true,required,false,PERIOD_M5,,,-1,0.0000,false,0.00000000,0.0000,false,0.0000,false,none,none,false,no_anchor_flip_in_entry_direction,true,required_first_signal_only,LONG,unknown,0.00000000,,0.00000000,,false,,-1,false,NONE,0.00000000,,0.00000000,0.0000,0.0000,none,-1,false,false,false,no_anchor_flip_in_entry_direction,,,,false,false,false,-1,-1,-1,-1,-1,false,false,false,0.0000,range_n,true,1.17853000,1.17531000,5.8622,false,0.0000,0.0000,0,none,true,0.3540,shallow_236_382,0.080,diagnostic_only,diagnostic_only,diagnostic_only,shallow_pullback,10,0.370,true,none,0.520,high_quality,false,false,diagnostic_only,both,true,none,true,diagnostic_adjacent_detected,required_light,false,false,SHORT,2,false,false,0,,,-1,0.0000,0.00000000,0.00000000,0.00000000,false,false,none,0.00000000,false,0.0000,0.0000,false,1,0.0000,false,-1,0.00000000,0.0000,off,false,not_evaluated,none,0.0000,0.0000,none,false,false,false,0.0000,none,false,none,0.0000,false,none,0.0000,0.0000,0.0000,0.0000,false,none,0.0000,none,none,false,false,none,0.0000,0.0000,0.0000,0.0000,none,false,false,0.0000,0.0000,false,false,-1,none,none,false,0.000,0.000,1.17748000,1.17736000,1.17748000,failed_breakout_level,0.00009000,0.0909,neckline_level,1.17717000,0.6099,false,true,true,false,not_blocked,9,6,3,m5_failure_exit,off,none,0.00000000,0.0000,1.30,1.17868000,4.200,-0.300,0.200,PERIOD_M15,1.17853000,1.17536000,0.3596,outside,0.000,true,1.17739000,1.17640000,0.00099000,1.17868000,1.303,0.00036071,16.00,0-30,true,false,none,blocked_spread_too_high,4.500,4.500,none,0.0000,false,opposite_break_first,true,opposite_break_first,spread_too_high
2025.12.29 16:05:00,signal,session_reversal_pullback_one_symbol_first120,GBPUSD,LONG,2025.12.29 16:00:00,16,13,22,london_newyork_overlap,2025.12.29 13:00,0,first_120min,true,true,3,GBPUSD,highest_score_in_session_bar,london_newyork_overlap=USDJPY|EURJPY|GBPJPY|AUDJPY|EURUSD|GBPUSD,existing_first120_gate,london_newyork_overlap,false,false,true,passed_first_window,inverse_head_and_shoulders,neckline_break_retest,1.34912000,PERIOD_M5,PERIOD_H1,PERIOD_M15,PERIOD_M5,PERIOD_M5,false,htf_soft_alignment,current_post_filter,transcript_post_filter,dow_range_or_transition,no_ordered_dow_wave3_break,dow_range_or_transition,no_ordered_dow_wave3_break,false,true,true,LONG,PERIOD_M5,inverse_head_and_shoulders,inverse_head_and_shoulders,4.500,none,0.000,inverse_head_and_shoulders,4.500,none,0.000,LONG,false,PERIOD_H1_NONE_dow_range_or_transition|PERIOD_M15_NONE_no_ordered_dow_wave3_break,true,h1_counter_m15_reversal,true,top_NONE_dow_range_or_transition|structure_NONE_no_ordered_dow_wave3_break|structure_break_recent_confirmed_swing_break_retest|primary_break_recent_confirmed_swing_break_retest,none,below_75sma_falling,below_75sma_falling,above_75sma_rising,9,1.34968000,0,1.34875000,false,off,NONE,NONE,0.00000000,0.00000000,0.0000,none,0.000,true,LONG,return_high_break_or_bos_up,1.34968000,9,1.35103000,1.34685000,false,off,independent,false,,,false,0.0000,none,0.0000,0.0000,none,0.0000,0.0000,0.0000,none,0.0000,0,0,0.0000,none,none,none,none,0.0000,0,0.0000,none,false,true,not_evaluated,true,required_light_or_anchor_flip,short_bias,1.34886000,2025.12.29 13:00:00,1.35103000,2025.12.29 13:30:00,2025.12.29 14:15:00,false,NONE,0.00000000,0.00000000,0.0000,-1,false,,-1,NONE,0.00000000,0.00000000,0.0000,0.0000,none,,none,false,NONE,-1,-1,-1,false,false,none,false,true,false,true,none,true,required,false,PERIOD_M5,,,-1,0.0000,false,0.00000000,0.0000,false,0.0000,false,none,none,false,no_anchor_flip_in_entry_direction,true,required_first_signal_only,LONG,unknown,0.00000000,,0.00000000,,false,,-1,false,NONE,0.00000000,,0.00000000,0.0000,0.0000,none,-1,false,false,false,no_anchor_flip_in_entry_direction,,,,false,false,false,-1,-1,-1,-1,-1,false,false,false,0.0000,range_n,true,1.35103000,1.34685000,3.7489,false,0.0000,0.0000,0,none,true,0.4091,preferred_382_618,0.200,diagnostic_only,diagnostic_only,diagnostic_only,shallow_pullback,6,0.440,true,none,0.590,high_quality,false,false,diagnostic_only,both,true,none,true,diagnostic_adjacent_detected,required_light,false,false,SHORT,5,false,false,1,2025.12.29 13:40:00,2025.12.29 15:30:00,6,7.0676,1.34875000,0.00000000,1.34875000,true,true,m5_lh_close_break_up,1.34875000,true,0.1014,0.4227,true,1,0.0000,true,4,1.34875000,0.0169,off,false,not_evaluated,none,0.3600,0.1800,normal,true,false,false,0.0000,held_clean,true,favorable_side,0.0600,true,clean_retest,1.4879,7.0676,0.2105,0.0000,true,strong_exhaustion,0.0000,none,none,false,false,none,0.0000,0.0000,0.0000,0.0000,none,false,false,0.0000,0.0000,false,false,-1,none,none,false,0.000,0.000,1.34951000,1.34912000,1.34963000,pre_session_high,0.00031000,0.2460,session_high|opening_range_high|neckline_level,1.34951000,0.3213,false,true,true,false,not_blocked,2,1,1,m5_failure_exit,off,none,0.00000000,0.0000,1.30,1.35095000,4.500,-0.300,0.200,PERIOD_M15,1.35103000,1.34685000,0.4091,preferred_382_618,0.000,true,1.34932000,1.34806000,0.00126000,1.35095000,1.294,0.00059143,17.00,0-30,true,false,none,not_consumed,5.150,5.150,none,0.0000,false,neckline_retest_failed,false,not_invalidated,spread_too_high
2025.12.29 16:05:00,blocked,session_reversal_pullback_one_symbol_first120,GBPUSD,LONG,2025.12.29 16:00:00,16,13,22,london_newyork_overlap,2025.12.29 13:00,0,first_120min,true,true,3,GBPUSD,highest_score_in_session_bar,london_newyork_overlap=USDJPY|EURJPY|GBPJPY|AUDJPY|EURUSD|GBPUSD,existing_first120_gate,london_newyork_overlap,false,false,true,passed_first_window,inverse_head_and_shoulders,neckline_break_retest,1.34912000,PERIOD_M5,PERIOD_H1,PERIOD_M15,PERIOD_M5,PERIOD_M5,false,htf_soft_alignment,current_post_filter,transcript_post_filter,dow_range_or_transition,no_ordered_dow_wave3_break,dow_range_or_transition,no_ordered_dow_wave3_break,false,true,true,LONG,PERIOD_M5,inverse_head_and_shoulders,inverse_head_and_shoulders,4.500,none,0.000,inverse_head_and_shoulders,4.500,none,0.000,LONG,false,PERIOD_H1_NONE_dow_range_or_transition|PERIOD_M15_NONE_no_ordered_dow_wave3_break,true,h1_counter_m15_reversal,true,top_NONE_dow_range_or_transition|structure_NONE_no_ordered_dow_wave3_break|structure_break_recent_confirmed_swing_break_retest|primary_break_recent_confirmed_swing_break_retest,none,below_75sma_falling,below_75sma_falling,above_75sma_rising,9,1.34968000,0,1.34875000,false,off,NONE,NONE,0.00000000,0.00000000,0.0000,none,0.000,true,LONG,return_high_break_or_bos_up,1.34968000,9,1.35103000,1.34685000,false,off,independent,false,,,false,0.0000,none,0.0000,0.0000,none,0.0000,0.0000,0.0000,none,0.0000,0,0,0.0000,none,none,none,none,0.0000,0,0.0000,none,false,true,not_evaluated,true,required_light_or_anchor_flip,short_bias,1.34886000,2025.12.29 13:00:00,1.35103000,2025.12.29 13:30:00,2025.12.29 14:15:00,false,NONE,0.00000000,0.00000000,0.0000,-1,false,,-1,NONE,0.00000000,0.00000000,0.0000,0.0000,none,,none,false,NONE,-1,-1,-1,false,false,none,false,true,false,true,none,true,required,false,PERIOD_M5,,,-1,0.0000,false,0.00000000,0.0000,false,0.0000,false,none,none,false,no_anchor_flip_in_entry_direction,true,required_first_signal_only,LONG,unknown,0.00000000,,0.00000000,,false,,-1,false,NONE,0.00000000,,0.00000000,0.0000,0.0000,none,-1,false,false,false,no_anchor_flip_in_entry_direction,,,,false,false,false,-1,-1,-1,-1,-1,false,false,false,0.0000,range_n,true,1.35103000,1.34685000,3.7489,false,0.0000,0.0000,0,none,true,0.4091,preferred_382_618,0.200,diagnostic_only,diagnostic_only,diagnostic_only,shallow_pullback,6,0.440,true,none,0.590,high_quality,false,false,diagnostic_only,both,true,none,true,diagnostic_adjacent_detected,required_light,false,false,SHORT,5,false,false,1,2025.12.29 13:40:00,2025.12.29 15:30:00,6,7.0676,1.34875000,0.00000000,1.34875000,true,true,m5_lh_close_break_up,1.34875000,true,0.1014,0.4227,true,1,0.0000,true,4,1.34875000,0.0169,off,false,not_evaluated,none,0.3600,0.1800,normal,true,false,false,0.0000,held_clean,true,favorable_side,0.0600,true,clean_retest,1.4879,7.0676,0.2105,0.0000,true,strong_exhaustion,0.0000,none,none,false,false,none,0.0000,0.0000,0.0000,0.0000,none,false,false,0.0000,0.0000,false,false,-1,none,none,false,0.000,0.000,1.34951000,1.34912000,1.34963000,pre_session_high,0.00031000,0.2460,session_high|opening_range_high|neckline_level,1.34951000,0.3213,false,true,true,false,not_blocked,2,1,1,m5_failure_exit,off,none,0.00000000,0.0000,1.30,1.35095000,4.500,-0.300,0.200,PERIOD_M15,1.35103000,1.34685000,0.4091,preferred_382_618,0.000,true,1.34932000,1.34806000,0.00126000,1.35095000,1.294,0.00059143,17.00,0-30,true,false,none,blocked_spread_too_high,5.150,5.150,none,0.0000,false,neckline_retest_failed,false,not_invalidated,spread_too_high
2025.12.29 19:05:00,signal,session_reversal_pullback_one_symbol_first120,GBPUSD,SHORT,2025.12.29 19:00:00,19,16,1,new_york,2025.12.29 16:00,0,first_120min,true,true,3,GBPUSD,highest_score_in_session_bar,new_york=USDJPY|EURJPY|GBPJPY|AUDJPY|EURUSD|GBPUSD,existing_first120_gate,new_york,false,false,true,passed_first_window,double_top,neckline_break_retest,1.34938000,PERIOD_M5,PERIOD_H1,PERIOD_M15,PERIOD_M5,PERIOD_M5,false,htf_soft_alignment,current_post_filter,transcript_post_filter,dow_range_or_transition,structure_trend_bias_dow_trend_up_hh_hl,dow_range_or_transition,structure_trend_bias_dow_trend_up_hh_hl,false,false,true,SHORT,PERIOD_M5,double_top,double_top,4.200,none,0.000,double_top,4.200,none,0.000,SHORT,false,PERIOD_H1_NONE_dow_range_or_transition|PERIOD_M15_LONG_structure_trend_bias_dow_trend_up_hh_hl,true,h1_counter_m15_reversal,true,top_NONE_dow_range_or_transition|structure_LONG_structure_trend_bias_dow_trend_up_hh_hl|structure_break_recent_confirmed_swing_break_failed|primary_break_recent_confirmed_swing_break_failed,none,below_75sma_falling,below_75sma_falling,near_75sma,-1,0.00000000,-1,0.00000000,false,off,NONE,NONE,0.00000000,0.00000000,0.0000,none,0.000,true,SHORT,return_low_break_or_bos_down,1.34829000,14,1.35120000,1.34848000,false,off,independent,false,,,false,0.0000,none,0.0000,0.0000,none,0.0000,0.0000,0.0000,none,0.0000,0,0,0.0000,none,none,none,none,0.0000,0,0.0000,none,false,true,not_evaluated,true,required_light_or_anchor_flip,long_bias,1.34848000,2025.12.29 17:15:00,1.35103000,2025.12.29 13:30:00,2025.12.29 17:45:00,false,NONE,0.00000000,0.00000000,0.0000,-1,false,,-1,NONE,0.00000000,0.00000000,0.0000,0.0000,none,,none,false,NONE,-1,-1,-1,false,false,none,false,true,false,true,none,true,required,false,PERIOD_M5,,,-1,0.0000,false,0.00000000,0.0000,false,0.0000,false,none,none,false,no_anchor_flip_in_entry_direction,true,required_first_signal_only,SHORT,unknown,0.00000000,,0.00000000,,false,,-1,false,NONE,0.00000000,,0.00000000,0.0000,0.0000,none,-1,false,false,false,no_anchor_flip_in_entry_direction,,,,false,false,false,-1,-1,-1,-1,-1,false,false,false,0.0000,rising_n,false,1.35120000,1.34685000,3.7339,false,0.0000,0.0000,0,none,true,0.5310,preferred_382_618,0.200,diagnostic_only,diagnostic_only,diagnostic_only,shallow_pullback,4,0.490,true,none,0.640,high_quality,false,false,diagnostic_only,both,true,none,true,diagnostic_adjacent_detected,required_light,false,false,LONG,4,false,false,2,2025.12.29 16:45:00,2025.12.29 18:30:00,6,4.5508,0.00000000,1.34845000,1.34845000,false,false,none,0.00000000,false,0.0000,0.0000,false,1,0.0000,false,-1,0.00000000,0.0000,off,false,not_evaluated,none,0.0000,0.0000,none,false,false,false,0.0000,none,false,none,0.0000,false,none,4.5508,3.6241,1.2557,0.8771,false,no_shrink,0.0000,none,none,false,false,none,0.0000,0.0000,0.0000,0.0000,none,false,false,0.0000,0.0000,false,false,-1,none,none,false,0.000,0.000,1.34919000,1.34912600,1.34912600,recent_equal_lows,0.00003400,0.0354,neckline_level,1.34938000,0.3641,false,true,true,false,not_blocked,7,5,2,m5_failure_exit,off,none,0.00000000,0.0000,1.30,1.34791000,4.200,-0.300,0.200,PERIOD_M15,1.35120000,1.34848000,0.2500,outside,0.000,true,1.34916000,1.35012000,0.00096000,1.34791000,1.302,0.00060429,21.00,0-30,true,false,none,not_consumed,4.300,4.300,none,0.0000,false,neckline_retest_failed,false,not_invalidated,spread_too_high
2025.12.29 19:05:00,blocked,session_reversal_pullback_one_symbol_first120,GBPUSD,SHORT,2025.12.29 19:00:00,19,16,1,new_york,2025.12.29 16:00,0,first_120min,true,true,3,GBPUSD,highest_score_in_session_bar,new_york=USDJPY|EURJPY|GBPJPY|AUDJPY|EURUSD|GBPUSD,existing_first120_gate,new_york,false,false,true,passed_first_window,double_top,neckline_break_retest,1.34938000,PERIOD_M5,PERIOD_H1,PERIOD_M15,PERIOD_M5,PERIOD_M5,false,htf_soft_alignment,current_post_filter,transcript_post_filter,dow_range_or_transition,structure_trend_bias_dow_trend_up_hh_hl,dow_range_or_transition,structure_trend_bias_dow_trend_up_hh_hl,false,false,true,SHORT,PERIOD_M5,double_top,double_top,4.200,none,0.000,double_top,4.200,none,0.000,SHORT,false,PERIOD_H1_NONE_dow_range_or_transition|PERIOD_M15_LONG_structure_trend_bias_dow_trend_up_hh_hl,true,h1_counter_m15_reversal,true,top_NONE_dow_range_or_transition|structure_LONG_structure_trend_bias_dow_trend_up_hh_hl|structure_break_recent_confirmed_swing_break_failed|primary_break_recent_confirmed_swing_break_failed,none,below_75sma_falling,below_75sma_falling,near_75sma,-1,0.00000000,-1,0.00000000,false,off,NONE,NONE,0.00000000,0.00000000,0.0000,none,0.000,true,SHORT,return_low_break_or_bos_down,1.34829000,14,1.35120000,1.34848000,false,off,independent,false,,,false,0.0000,none,0.0000,0.0000,none,0.0000,0.0000,0.0000,none,0.0000,0,0,0.0000,none,none,none,none,0.0000,0,0.0000,none,false,true,not_evaluated,true,required_light_or_anchor_flip,long_bias,1.34848000,2025.12.29 17:15:00,1.35103000,2025.12.29 13:30:00,2025.12.29 17:45:00,false,NONE,0.00000000,0.00000000,0.0000,-1,false,,-1,NONE,0.00000000,0.00000000,0.0000,0.0000,none,,none,false,NONE,-1,-1,-1,false,false,none,false,true,false,true,none,true,required,false,PERIOD_M5,,,-1,0.0000,false,0.00000000,0.0000,false,0.0000,false,none,none,false,no_anchor_flip_in_entry_direction,true,required_first_signal_only,SHORT,unknown,0.00000000,,0.00000000,,false,,-1,false,NONE,0.00000000,,0.00000000,0.0000,0.0000,none,-1,false,false,false,no_anchor_flip_in_entry_direction,,,,false,false,false,-1,-1,-1,-1,-1,false,false,false,0.0000,rising_n,false,1.35120000,1.34685000,3.7339,false,0.0000,0.0000,0,none,true,0.5310,preferred_382_618,0.200,diagnostic_only,diagnostic_only,diagnostic_only,shallow_pullback,4,0.490,true,none,0.640,high_quality,false,false,diagnostic_only,both,true,none,true,diagnostic_adjacent_detected,required_light,false,false,LONG,4,false,false,2,2025.12.29 16:45:00,2025.12.29 18:30:00,6,4.5508,0.00000000,1.34845000,1.34845000,false,false,none,0.00000000,false,0.0000,0.0000,false,1,0.0000,false,-1,0.00000000,0.0000,off,false,not_evaluated,none,0.0000,0.0000,none,false,false,false,0.0000,none,false,none,0.0000,false,none,4.5508,3.6241,1.2557,0.8771,false,no_shrink,0.0000,none,none,false,false,none,0.0000,0.0000,0.0000,0.0000,none,false,false,0.0000,0.0000,false,false,-1,none,none,false,0.000,0.000,1.34919000,1.34912600,1.34912600,recent_equal_lows,0.00003400,0.0354,neckline_level,1.34938000,0.3641,false,true,true,false,not_blocked,7,5,2,m5_failure_exit,off,none,0.00000000,0.0000,1.30,1.34791000,4.200,-0.300,0.200,PERIOD_M15,1.35120000,1.34848000,0.2500,outside,0.000,true,1.34916000,1.35012000,0.00096000,1.34791000,1.302,0.00060429,21.00,0-30,true,false,none,blocked_spread_too_high,4.300,4.300,none,0.0000,false,neckline_retest_failed,false,not_invalidated,spread_too_high
2025.12.30 10:05:00,signal,session_reversal_pullback_one_symbol_first120,GBPUSD,SHORT,2025.12.30 10:00:00,10,7,16,london,2025.12.30 07:00,0,first_120min,true,true,3,GBPUSD,highest_score_in_session_bar,london=USDJPY|EURJPY|GBPJPY|AUDJPY|EURUSD|GBPUSD,existing_first120_gate,london,false,false,true,passed_first_window,head_and_shoulders,neckline_break_retest,1.35066000,PERIOD_M5,PERIOD_H1,PERIOD_M15,PERIOD_M5,PERIOD_M5,false,htf_soft_alignment,current_post_filter,transcript_post_filter,dow_trend_up_hh_hl,structure_trend_bias_dow_trend_up_hh_hl,dow_trend_up_hh_hl,structure_trend_bias_dow_trend_up_hh_hl,false,true,true,SHORT,PERIOD_M5,head_and_shoulders,head_and_shoulders,4.500,none,0.000,head_and_shoulders,4.500,none,0.000,SHORT,false,PERIOD_H1_LONG_dow_trend_up_hh_hl|PERIOD_M15_LONG_structure_trend_bias_dow_trend_up_hh_hl,true,h1_counter_m15_reversal,true,top_LONG_dow_trend_up_hh_hl|structure_LONG_structure_trend_bias_dow_trend_up_hh_hl|structure_break_recent_confirmed_swing_break_failed|primary_break_recent_confirmed_swing_break_retest,none,above_75sma_flat_or_falling,above_75sma_rising,below_75sma_flat_or_rising,-1,0.00000000,0,1.35106000,false,off,NONE,NONE,0.00000000,0.00000000,0.0000,none,0.000,true,SHORT,return_low_break_or_bos_down,1.35011000,21,1.35210000,1.34986000,false,off,independent,false,,,false,0.0000,none,0.0000,0.0000,none,0.0000,0.0000,0.0000,none,0.0000,0,0,0.0000,none,none,none,none,0.0000,0,0.0000,none,false,true,not_evaluated,true,required_light_or_anchor_flip,long_bias,1.34986000,2025.12.30 05:00:00,1.35149000,2025.12.29 23:15:00,2025.12.30 08:15:00,false,NONE,0.00000000,0.00000000,0.0000,-1,false,,-1,NONE,0.00000000,0.00000000,0.0000,0.0000,none,,none,false,NONE,-1,-1,-1,false,false,none,false,true,false,true,none,true,required,false,PERIOD_M5,,,-1,0.0000,false,0.00000000,0.0000,false,0.0000,false,none,none,false,no_anchor_flip_in_entry_direction,true,required_first_signal_only,SHORT,unknown,0.00000000,,0.00000000,,false,,-1,false,NONE,0.00000000,,0.00000000,0.0000,0.0000,none,-1,false,false,false,no_anchor_flip_in_entry_direction,,,,false,false,false,-1,-1,-1,-1,-1,false,false,false,0.0000,rising_n,false,1.35210000,1.34953000,4.5144,false,0.0000,0.0000,0,none,true,0.2768,shallow_236_382,0.080,diagnostic_only,diagnostic_only,diagnostic_only,fib_pullback,6,0.320,true,none,0.470,high_quality,false,false,diagnostic_only,both,true,none,true,diagnostic_adjacent_detected,required_light,false,false,LONG,4,false,false,1,2025.12.30 07:40:00,2025.12.30 09:25:00,7,5.1126,0.00000000,1.34996000,1.34996000,false,false,none,0.00000000,false,0.0000,0.0000,false,1,0.0000,false,-1,0.00000000,0.0000,off,false,not_evaluated,none,0.0000,0.0000,none,false,false,false,0.0000,none,false,none,0.0000,false,none,5.1126,1.4096,3.6271,1.0751,false,no_shrink,0.0000,none,none,false,false,none,0.0000,0.0000,0.0000,0.0000,none,false,false,0.0000,0.0000,false,false,-1,none,none,false,0.000,0.000,1.35066000,1.35044000,1.35032000,wick_cluster_zone,0.00016000,0.1455,session_low|opening_range_low|neckline_level,1.35044000,0.0956,false,true,true,false,not_blocked,8,3,5,m5_failure_exit,off,none,0.00000000,0.0000,1.30,1.34906000,4.500,-0.300,0.200,PERIOD_M15,1.35210000,1.34986000,0.2768,outside,0.000,true,1.35048000,1.35158000,0.00110000,1.34906000,1.291,0.00041857,20.00,0-30,true,false,none,not_consumed,4.800,4.800,none,0.0000,false,opposite_break_first,true,opposite_break_first,spread_too_high
2025.12.30 10:05:00,blocked,session_reversal_pullback_one_symbol_first120,GBPUSD,SHORT,2025.12.30 10:00:00,10,7,16,london,2025.12.30 07:00,0,first_120min,true,true,3,GBPUSD,highest_score_in_session_bar,london=USDJPY|EURJPY|GBPJPY|AUDJPY|EURUSD|GBPUSD,existing_first120_gate,london,false,false,true,passed_first_window,head_and_shoulders,neckline_break_retest,1.35066000,PERIOD_M5,PERIOD_H1,PERIOD_M15,PERIOD_M5,PERIOD_M5,false,htf_soft_alignment,current_post_filter,transcript_post_filter,dow_trend_up_hh_hl,structure_trend_bias_dow_trend_up_hh_hl,dow_trend_up_hh_hl,structure_trend_bias_dow_trend_up_hh_hl,false,true,true,SHORT,PERIOD_M5,head_and_shoulders,head_and_shoulders,4.500,none,0.000,head_and_shoulders,4.500,none,0.000,SHORT,false,PERIOD_H1_LONG_dow_trend_up_hh_hl|PERIOD_M15_LONG_structure_trend_bias_dow_trend_up_hh_hl,true,h1_counter_m15_reversal,true,top_LONG_dow_trend_up_hh_hl|structure_LONG_structure_trend_bias_dow_trend_up_hh_hl|structure_break_recent_confirmed_swing_break_failed|primary_break_recent_confirmed_swing_break_retest,none,above_75sma_flat_or_falling,above_75sma_rising,below_75sma_flat_or_rising,-1,0.00000000,0,1.35106000,false,off,NONE,NONE,0.00000000,0.00000000,0.0000,none,0.000,true,SHORT,return_low_break_or_bos_down,1.35011000,21,1.35210000,1.34986000,false,off,independent,false,,,false,0.0000,none,0.0000,0.0000,none,0.0000,0.0000,0.0000,none,0.0000,0,0,0.0000,none,none,none,none,0.0000,0,0.0000,none,false,true,not_evaluated,true,required_light_or_anchor_flip,long_bias,1.34986000,2025.12.30 05:00:00,1.35149000,2025.12.29 23:15:00,2025.12.30 08:15:00,false,NONE,0.00000000,0.00000000,0.0000,-1,false,,-1,NONE,0.00000000,0.00000000,0.0000,0.0000,none,,none,false,NONE,-1,-1,-1,false,false,none,false,true,false,true,none,true,required,false,PERIOD_M5,,,-1,0.0000,false,0.00000000,0.0000,false,0.0000,false,none,none,false,no_anchor_flip_in_entry_direction,true,required_first_signal_only,SHORT,unknown,0.00000000,,0.00000000,,false,,-1,false,NONE,0.00000000,,0.00000000,0.0000,0.0000,none,-1,false,false,false,no_anchor_flip_in_entry_direction,,,,false,false,false,-1,-1,-1,-1,-1,false,false,false,0.0000,rising_n,false,1.35210000,1.34953000,4.5144,false,0.0000,0.0000,0,none,true,0.2768,shallow_236_382,0.080,diagnostic_only,diagnostic_only,diagnostic_only,fib_pullback,6,0.320,true,none,0.470,high_quality,false,false,diagnostic_only,both,true,none,true,diagnostic_adjacent_detected,required_light,false,false,LONG,4,false,false,1,2025.12.30 07:40:00,2025.12.30 09:25:00,7,5.1126,0.00000000,1.34996000,1.34996000,false,false,none,0.00000000,false,0.0000,0.0000,false,1,0.0000,false,-1,0.00000000,0.0000,off,false,not_evaluated,none,0.0000,0.0000,none,false,false,false,0.0000,none,false,none,0.0000,false,none,5.1126,1.4096,3.6271,1.0751,false,no_shrink,0.0000,none,none,false,false,none,0.0000,0.0000,0.0000,0.0000,none,false,false,0.0000,0.0000,false,false,-1,none,none,false,0.000,0.000,1.35066000,1.35044000,1.35032000,wick_cluster_zone,0.00016000,0.1455,session_low|opening_range_low|neckline_level,1.35044000,0.0956,false,true,true,false,not_blocked,8,3,5,m5_failure_exit,off,none,0.00000000,0.0000,1.30,1.34906000,4.500,-0.300,0.200,PERIOD_M15,1.35210000,1.34986000,0.2768,outside,0.000,true,1.35048000,1.35158000,0.00110000,1.34906000,1.291,0.00041857,20.00,0-30,true,false,none,blocked_spread_too_high,4.800,4.800,none,0.0000,false,opposite_break_first,true,opposite_break_first,spread_too_high
2025.12.30 19:05:00,signal,session_reversal_pullback_one_symbol_first120,EURUSD,LONG,2025.12.30 19:00:00,19,16,1,new_york,2025.12.30 16:00,0,first_120min,true,true,3,EURUSD,highest_score_in_session_bar,new_york=USDJPY|EURJPY|GBPJPY|AUDJPY|EURUSD|GBPUSD,existing_first120_gate,new_york,false,false,true,passed_first_window,inverse_head_and_shoulders,neckline_break_retest,1.17619000,PERIOD_M5,PERIOD_H1,PERIOD_M15,PERIOD_M5,PERIOD_M5,false,htf_soft_alignment,current_post_filter,transcript_post_filter,dow_trend_down_ll_lh,structure_trend_bias_dow_trend_down_ll_lh,dow_trend_down_ll_lh,structure_trend_bias_dow_trend_down_ll_lh,false,true,false,LONG,PERIOD_M5,inverse_head_and_shoulders,inverse_head_and_shoulders,4.500,none,0.000,inverse_head_and_shoulders,4.500,none,0.000,LONG,false,PERIOD_H1_SHORT_dow_trend_down_ll_lh|PERIOD_M15_SHORT_structure_trend_bias_dow_trend_down_ll_lh,true,h1_counter_m15_reversal,true,top_SHORT_dow_trend_down_ll_lh|structure_SHORT_structure_trend_bias_dow_trend_down_ll_lh|structure_break_recent_confirmed_swing_break_failed|primary_break_recent_confirmed_swing_break_retest,none,below_75sma_falling,below_75sma_falling,above_75sma_flat_or_falling,-1,0.00000000,1,1.17630000,false,off,NONE,NONE,0.00000000,0.00000000,0.0000,none,0.000,true,LONG,return_high_break_or_bos_up,1.17703000,22,1.17655000,1.17445000,false,off,independent,false,,,false,0.0000,none,0.0000,0.0000,none,0.0000,0.0000,0.0000,none,0.0000,0,0,0.0000,none,none,none,none,0.0000,0,0.0000,none,false,true,not_evaluated,true,required_light_or_anchor_flip,short_bias,1.17634000,2025.12.30 11:00:00,1.17655000,2025.12.30 17:00:00,2025.12.30 17:30:00,false,NONE,0.00000000,0.00000000,0.0000,-1,false,,-1,NONE,0.00000000,0.00000000,0.0000,0.0000,none,,none,false,NONE,-1,-1,-1,false,false,none,false,true,false,true,none,true,required,false,PERIOD_M5,,,-1,0.0000,false,0.00000000,0.0000,false,0.0000,false,none,none,false,no_anchor_flip_in_entry_direction,true,required_first_signal_only,LONG,unknown,0.00000000,,0.00000000,,false,,-1,false,NONE,0.00000000,,0.00000000,0.0000,0.0000,none,-1,false,false,false,no_anchor_flip_in_entry_direction,,,,false,false,false,-1,-1,-1,-1,-1,false,false,false,0.0000,falling_n,false,1.17772000,1.17445000,4.4751,false,0.0000,0.0000,0,none,true,0.3726,shallow_236_382,0.080,diagnostic_only,diagnostic_only,diagnostic_only,fib_pullback,5,0.320,true,none,0.470,high_quality,false,false,diagnostic_only,both,true,none,true,diagnostic_adjacent_detected,required_light,false,false,SHORT,5,false,false,1,2025.12.30 17:05:00,2025.12.30 18:35:00,5,5.9155,1.17630000,0.00000000,1.17630000,true,true,m5_lh_close_break_up,1.17630000,true,0.6761,0.9014,true,1,0.1408,true,3,1.17630000,0.1127,off,false,not_evaluated,none,0.3200,0.0200,normal,true,false,false,0.1408,held_no_close_back,true,favorable_side,0.0700,false,clean_retest,1.4085,5.9155,0.2381,0.0000,true,strong_exhaustion,0.0000,none,none,false,false,none,0.0000,0.0000,0.0000,0.0000,none,false,false,0.0000,0.0000,false,false,-1,none,none,false,0.000,0.000,1.17655000,1.17634000,1.17655000,structure_confirmed_swing_high,0.00013000,0.1226,neckline_level,1.17619000,0.6479,false,true,true,false,not_blocked,6,4,2,m5_failure_exit,off,none,0.00000000,0.0000,1.30,1.17780000,4.500,-0.300,0.200,PERIOD_M15,1.17655000,1.17445000,0.0619,outside,0.000,true,1.17642000,1.17536000,0.00106000,1.17780000,1.302,0.00035500,17.00,0-30,true,false,none,not_consumed,4.800,4.800,none,0.0000,false,neckline_retest_failed,false,not_invalidated,spread_too_high
2025.12.30 19:05:00,blocked,session_reversal_pullback_one_symbol_first120,EURUSD,LONG,2025.12.30 19:00:00,19,16,1,new_york,2025.12.30 16:00,0,first_120min,true,true,3,EURUSD,highest_score_in_session_bar,new_york=USDJPY|EURJPY|GBPJPY|AUDJPY|EURUSD|GBPUSD,existing_first120_gate,new_york,false,false,true,passed_first_window,inverse_head_and_shoulders,neckline_break_retest,1.17619000,PERIOD_M5,PERIOD_H1,PERIOD_M15,PERIOD_M5,PERIOD_M5,false,htf_soft_alignment,current_post_filter,transcript_post_filter,dow_trend_down_ll_lh,structure_trend_bias_dow_trend_down_ll_lh,dow_trend_down_ll_lh,structure_trend_bias_dow_trend_down_ll_lh,false,true,false,LONG,PERIOD_M5,inverse_head_and_shoulders,inverse_head_and_shoulders,4.500,none,0.000,inverse_head_and_shoulders,4.500,none,0.000,LONG,false,PERIOD_H1_SHORT_dow_trend_down_ll_lh|PERIOD_M15_SHORT_structure_trend_bias_dow_trend_down_ll_lh,true,h1_counter_m15_reversal,true,top_SHORT_dow_trend_down_ll_lh|structure_SHORT_structure_trend_bias_dow_trend_down_ll_lh|structure_break_recent_confirmed_swing_break_failed|primary_break_recent_confirmed_swing_break_retest,none,below_75sma_falling,below_75sma_falling,above_75sma_flat_or_falling,-1,0.00000000,1,1.17630000,false,off,NONE,NONE,0.00000000,0.00000000,0.0000,none,0.000,true,LONG,return_high_break_or_bos_up,1.17703000,22,1.17655000,1.17445000,false,off,independent,false,,,false,0.0000,none,0.0000,0.0000,none,0.0000,0.0000,0.0000,none,0.0000,0,0,0.0000,none,none,none,none,0.0000,0,0.0000,none,false,true,not_evaluated,true,required_light_or_anchor_flip,short_bias,1.17634000,2025.12.30 11:00:00,1.17655000,2025.12.30 17:00:00,2025.12.30 17:30:00,false,NONE,0.00000000,0.00000000,0.0000,-1,false,,-1,NONE,0.00000000,0.00000000,0.0000,0.0000,none,,none,false,NONE,-1,-1,-1,false,false,none,false,true,false,true,none,true,required,false,PERIOD_M5,,,-1,0.0000,false,0.00000000,0.0000,false,0.0000,false,none,none,false,no_anchor_flip_in_entry_direction,true,required_first_signal_only,LONG,unknown,0.00000000,,0.00000000,,false,,-1,false,NONE,0.00000000,,0.00000000,0.0000,0.0000,none,-1,false,false,false,no_anchor_flip_in_entry_direction,,,,false,false,false,-1,-1,-1,-1,-1,false,false,false,0.0000,falling_n,false,1.17772000,1.17445000,4.4751,false,0.0000,0.0000,0,none,true,0.3726,shallow_236_382,0.080,diagnostic_only,diagnostic_only,diagnostic_only,fib_pullback,5,0.320,true,none,0.470,high_quality,false,false,diagnostic_only,both,true,none,true,diagnostic_adjacent_detected,required_light,false,false,SHORT,5,false,false,1,2025.12.30 17:05:00,2025.12.30 18:35:00,5,5.9155,1.17630000,0.00000000,1.17630000,true,true,m5_lh_close_break_up,1.17630000,true,0.6761,0.9014,true,1,0.1408,true,3,1.17630000,0.1127,off,false,not_evaluated,none,0.3200,0.0200,normal,true,false,false,0.1408,held_no_close_back,true,favorable_side,0.0700,false,clean_retest,1.4085,5.9155,0.2381,0.0000,true,strong_exhaustion,0.0000,none,none,false,false,none,0.0000,0.0000,0.0000,0.0000,none,false,false,0.0000,0.0000,false,false,-1,none,none,false,0.000,0.000,1.17655000,1.17634000,1.17655000,structure_confirmed_swing_high,0.00013000,0.1226,neckline_level,1.17619000,0.6479,false,true,true,false,not_blocked,6,4,2,m5_failure_exit,off,none,0.00000000,0.0000,1.30,1.17780000,4.500,-0.300,0.200,PERIOD_M15,1.17655000,1.17445000,0.0619,outside,0.000,true,1.17642000,1.17536000,0.00106000,1.17780000,1.302,0.00035500,17.00,0-30,true,false,none,blocked_spread_too_high,4.800,4.800,none,0.0000,false,neckline_retest_failed,false,not_invalidated,spread_too_high
