time,event,scan_driver_symbol,last_scan_bar_time,scan_elapsed_ms,reason
2025.01.01 00:00:00,scan_executed_new_execution_bar,USDJPY,2024.12.31 23:30:00,8391,
2025.01.01 00:00:00,scan_skipped_same_execution_bar,USDJPY,2024.12.31 23:30:00,0,
2025.01.02 00:04:59,scan_executed_new_execution_bar,USDJPY,2024.12.31 23:45:00,0,
2025.01.02 00:09:58,scan_skipped_same_execution_bar,USDJPY,2024.12.31 23:45:00,0,
2025.01.02 00:19:59,scan_executed_new_execution_bar,USDJPY,2025.01.02 00:00:00,0,
2025.01.02 00:24:59,scan_skipped_same_execution_bar,USDJPY,2025.01.02 00:00:00,0,
2025.01.02 00:34:55,scan_executed_new_execution_bar,USDJPY,2025.01.02 00:15:00,0,
2025.01.02 00:39:59,scan_skipped_same_execution_bar,USDJPY,2025.01.02 00:15:00,0,
2025.01.02 00:49:59,scan_executed_new_execution_bar,USDJPY,2025.01.02 00:30:00,0,
2025.01.02 00:54:56,scan_skipped_same_execution_bar,USDJPY,2025.01.02 00:30:00,0,
2025.01.02 01:04:59,scan_executed_new_execution_bar,USDJPY,2025.01.02 00:45:00,0,
2025.01.02 01:09:59,scan_skipped_same_execution_bar,USDJPY,2025.01.02 00:45:00,0,
2025.01.02 01:19:59,scan_executed_new_execution_bar,USDJPY,2025.01.02 01:00:00,0,
2025.01.02 01:24:59,scan_skipped_same_execution_bar,USDJPY,2025.01.02 01:00:00,0,
2025.01.02 01:34:59,scan_executed_new_execution_bar,USDJPY,2025.01.02 01:15:00,0,
2025.01.02 01:39:59,scan_skipped_same_execution_bar,USDJPY,2025.01.02 01:15:00,0,
2025.01.02 01:49:59,scan_executed_new_execution_bar,USDJPY,2025.01.02 01:30:00,0,
2025.01.02 01:54:59,scan_skipped_same_execution_bar,USDJPY,2025.01.02 01:30:00,0,
2025.01.02 02:04:59,scan_executed_new_execution_bar,USDJPY,2025.01.02 01:45:00,0,
2025.01.02 02:09:59,scan_skipped_same_execution_bar,USDJPY,2025.01.02 01:45:00,0,
2025.01.02 02:19:59,scan_executed_new_execution_bar,USDJPY,2025.01.02 02:00:00,0,
2025.01.02 02:24:59,scan_skipped_same_execution_bar,USDJPY,2025.01.02 02:00:00,0,
2025.01.02 02:34:59,scan_executed_new_execution_bar,USDJPY,2025.01.02 02:15:00,15,
2025.01.02 02:39:59,scan_skipped_same_execution_bar,USDJPY,2025.01.02 02:15:00,0,
2025.01.02 02:49:59,scan_executed_new_execution_bar,USDJPY,2025.01.02 02:30:00,0,
2025.01.02 02:54:59,scan_skipped_same_execution_bar,USDJPY,2025.01.02 02:30:00,0,
2025.01.02 03:04:59,scan_executed_new_execution_bar,USDJPY,2025.01.02 02:45:00,0,
2025.01.02 03:09:59,scan_skipped_same_execution_bar,USDJPY,2025.01.02 02:45:00,0,
2025.01.02 03:19:59,scan_executed_new_execution_bar,USDJPY,2025.01.02 03:00:00,0,
2025.01.02 03:24:59,scan_skipped_same_execution_bar,USDJPY,2025.01.02 03:00:00,0,
2025.01.02 03:34:59,scan_executed_new_execution_bar,USDJPY,2025.01.02 03:15:00,0,
2025.01.02 03:39:59,scan_skipped_same_execution_bar,USDJPY,2025.01.02 03:15:00,0,
2025.01.02 03:49:59,scan_executed_new_execution_bar,USDJPY,2025.01.02 03:30:00,0,
2025.01.02 03:54:59,scan_skipped_same_execution_bar,USDJPY,2025.01.02 03:30:00,0,
2025.01.02 04:04:59,scan_executed_new_execution_bar,USDJPY,2025.01.02 03:45:00,16,
2025.01.02 04:09:59,scan_skipped_same_execution_bar,USDJPY,2025.01.02 03:45:00,0,
2025.01.02 04:19:59,scan_executed_new_execution_bar,USDJPY,2025.01.02 04:00:00,0,
2025.01.02 04:24:59,scan_skipped_same_execution_bar,USDJPY,2025.01.02 04:00:00,0,
2025.01.02 04:34:58,scan_executed_new_execution_bar,USDJPY,2025.01.02 04:15:00,16,
2025.01.02 04:39:59,scan_skipped_same_execution_bar,USDJPY,2025.01.02 04:15:00,0,
2025.01.02 04:49:59,scan_executed_new_execution_bar,USDJPY,2025.01.02 04:30:00,0,
2025.01.02 04:54:59,scan_skipped_same_execution_bar,USDJPY,2025.01.02 04:30:00,0,
2025.01.02 05:04:59,scan_executed_new_execution_bar,USDJPY,2025.01.02 04:45:00,16,
2025.01.02 05:09:59,scan_skipped_same_execution_bar,USDJPY,2025.01.02 04:45:00,0,
2025.01.02 05:19:58,scan_executed_new_execution_bar,USDJPY,2025.01.02 05:00:00,31,
2025.01.02 05:24:59,scan_skipped_same_execution_bar,USDJPY,2025.01.02 05:00:00,0,
2025.01.02 05:34:59,scan_executed_new_execution_bar,USDJPY,2025.01.02 05:15:00,0,
2025.01.02 05:39:59,scan_skipped_same_execution_bar,USDJPY,2025.01.02 05:15:00,0,
2025.01.02 05:49:59,scan_executed_new_execution_bar,USDJPY,2025.01.02 05:30:00,0,
2025.01.02 05:54:58,scan_skipped_same_execution_bar,USDJPY,2025.01.02 05:30:00,0,
2025.01.02 06:04:59,scan_executed_new_execution_bar,USDJPY,2025.01.02 05:45:00,0,
2025.01.02 06:09:59,scan_skipped_same_execution_bar,USDJPY,2025.01.02 05:45:00,0,
2025.01.02 06:19:59,scan_executed_new_execution_bar,USDJPY,2025.01.02 06:00:00,0,
2025.01.02 06:24:59,scan_skipped_same_execution_bar,USDJPY,2025.01.02 06:00:00,0,
2025.01.02 06:34:59,scan_executed_new_execution_bar,USDJPY,2025.01.02 06:15:00,0,
2025.01.02 06:39:59,scan_skipped_same_execution_bar,USDJPY,2025.01.02 06:15:00,0,
2025.01.02 06:49:59,scan_executed_new_execution_bar,USDJPY,2025.01.02 06:30:00,16,
2025.01.02 06:54:59,scan_skipped_same_execution_bar,USDJPY,2025.01.02 06:30:00,0,
2025.01.02 07:04:59,scan_executed_new_execution_bar,USDJPY,2025.01.02 06:45:00,0,
2025.01.02 07:09:59,scan_skipped_same_execution_bar,USDJPY,2025.01.02 06:45:00,0,
2025.01.02 07:19:59,scan_executed_new_execution_bar,USDJPY,2025.01.02 07:00:00,0,
2025.01.02 07:24:59,scan_skipped_same_execution_bar,USDJPY,2025.01.02 07:00:00,0,
2025.01.02 07:34:59,scan_executed_new_execution_bar,USDJPY,2025.01.02 07:15:00,0,
2025.01.02 07:39:59,scan_skipped_same_execution_bar,USDJPY,2025.01.02 07:15:00,0,
2025.01.02 07:49:59,scan_executed_new_execution_bar,USDJPY,2025.01.02 07:30:00,0,
2025.01.02 07:54:59,scan_skipped_same_execution_bar,USDJPY,2025.01.02 07:30:00,0,
2025.01.02 08:04:59,scan_executed_new_execution_bar,USDJPY,2025.01.02 07:45:00,0,
2025.01.02 08:09:58,scan_skipped_same_execution_bar,USDJPY,2025.01.02 07:45:00,0,
2025.01.02 08:19:59,scan_executed_new_execution_bar,USDJPY,2025.01.02 08:00:00,0,
2025.01.02 08:24:59,scan_skipped_same_execution_bar,USDJPY,2025.01.02 08:00:00,0,
2025.01.02 08:34:59,scan_executed_new_execution_bar,USDJPY,2025.01.02 08:15:00,0,
2025.01.02 08:39:59,scan_skipped_same_execution_bar,USDJPY,2025.01.02 08:15:00,0,
2025.01.02 08:49:58,scan_executed_new_execution_bar,USDJPY,2025.01.02 08:30:00,0,
2025.01.02 08:54:59,scan_skipped_same_execution_bar,USDJPY,2025.01.02 08:30:00,0,
2025.01.02 09:04:58,scan_executed_new_execution_bar,USDJPY,2025.01.02 08:45:00,0,
2025.01.02 09:09:59,scan_skipped_same_execution_bar,USDJPY,2025.01.02 08:45:00,0,
2025.01.02 09:19:59,scan_executed_new_execution_bar,USDJPY,2025.01.02 09:00:00,0,
2025.01.02 09:24:59,scan_skipped_same_execution_bar,USDJPY,2025.01.02 09:00:00,0,
2025.01.02 09:34:59,scan_executed_new_execution_bar,USDJPY,2025.01.02 09:15:00,15,
2025.01.02 09:39:59,scan_skipped_same_execution_bar,USDJPY,2025.01.02 09:15:00,0,
2025.01.02 09:49:59,scan_executed_new_execution_bar,USDJPY,2025.01.02 09:30:00,0,
2025.01.02 09:54:59,scan_skipped_same_execution_bar,USDJPY,2025.01.02 09:30:00,0,
2025.01.02 10:04:59,scan_executed_new_execution_bar,USDJPY,2025.01.02 09:45:00,16,
2025.01.02 10:09:59,scan_skipped_same_execution_bar,USDJPY,2025.01.02 09:45:00,0,
2025.01.02 10:19:59,scan_executed_new_execution_bar,USDJPY,2025.01.02 10:00:00,16,
2025.01.02 10:24:59,scan_skipped_same_execution_bar,USDJPY,2025.01.02 10:00:00,0,
2025.01.02 10:34:59,scan_executed_new_execution_bar,USDJPY,2025.01.02 10:15:00,0,
2025.01.02 10:39:59,scan_skipped_same_execution_bar,USDJPY,2025.01.02 10:15:00,0,
2025.01.02 10:49:59,scan_executed_new_execution_bar,USDJPY,2025.01.02 10:30:00,32,
2025.01.02 10:54:59,scan_skipped_same_execution_bar,USDJPY,2025.01.02 10:30:00,0,
2025.01.02 11:04:59,scan_executed_new_execution_bar,USDJPY,2025.01.02 10:45:00,16,
2025.01.02 11:09:59,scan_skipped_same_execution_bar,USDJPY,2025.01.02 10:45:00,0,
2025.01.02 11:19:59,scan_executed_new_execution_bar,USDJPY,2025.01.02 11:00:00,0,
2025.01.02 11:24:59,scan_skipped_same_execution_bar,USDJPY,2025.01.02 11:00:00,0,
2025.01.02 11:34:59,scan_executed_new_execution_bar,USDJPY,2025.01.02 11:15:00,0,
2025.01.02 11:39:59,scan_skipped_same_execution_bar,USDJPY,2025.01.02 11:15:00,0,
2025.01.02 11:49:59,scan_executed_new_execution_bar,USDJPY,2025.01.02 11:30:00,0,
2025.01.02 11:54:59,scan_skipped_same_execution_bar,USDJPY,2025.01.02 11:30:00,0,
2025.01.02 12:05:00,scan_executed_new_execution_bar,USDJPY,2025.01.02 11:45:00,0,
2025.01.02 12:09:59,scan_skipped_same_execution_bar,USDJPY,2025.01.02 11:45:00,0,
2025.01.02 12:19:59,scan_executed_new_execution_bar,USDJPY,2025.01.02 12:00:00,16,
2025.01.02 12:24:59,scan_skipped_same_execution_bar,USDJPY,2025.01.02 12:00:00,0,
2025.01.02 12:34:59,scan_executed_new_execution_bar,USDJPY,2025.01.02 12:15:00,0,
2025.01.02 12:39:59,scan_skipped_same_execution_bar,USDJPY,2025.01.02 12:15:00,0,
2025.01.02 12:49:59,scan_executed_new_execution_bar,USDJPY,2025.01.02 12:30:00,0,
2025.01.02 12:54:59,scan_skipped_same_execution_bar,USDJPY,2025.01.02 12:30:00,0,
2025.01.02 13:04:59,scan_executed_new_execution_bar,USDJPY,2025.01.02 12:45:00,0,
2025.01.02 13:09:59,scan_skipped_same_execution_bar,USDJPY,2025.01.02 12:45:00,0,
2025.01.02 13:19:59,scan_executed_new_execution_bar,USDJPY,2025.01.02 13:00:00,63,
2025.01.02 13:24:59,scan_skipped_same_execution_bar,USDJPY,2025.01.02 13:00:00,0,
2025.01.02 13:34:59,scan_executed_new_execution_bar,USDJPY,2025.01.02 13:15:00,0,
2025.01.02 13:39:59,scan_skipped_same_execution_bar,USDJPY,2025.01.02 13:15:00,0,
2025.01.02 13:49:59,scan_executed_new_execution_bar,USDJPY,2025.01.02 13:30:00,63,
2025.01.02 13:54:59,scan_skipped_same_execution_bar,USDJPY,2025.01.02 13:30:00,0,
2025.01.02 14:04:59,scan_executed_new_execution_bar,USDJPY,2025.01.02 13:45:00,63,
2025.01.02 14:09:59,scan_skipped_same_execution_bar,USDJPY,2025.01.02 13:45:00,0,
2025.01.02 14:19:59,scan_executed_new_execution_bar,USDJPY,2025.01.02 14:00:00,31,
2025.01.02 14:24:59,scan_skipped_same_execution_bar,USDJPY,2025.01.02 14:00:00,0,
2025.01.02 14:34:59,scan_executed_new_execution_bar,USDJPY,2025.01.02 14:15:00,15,
2025.01.02 14:39:59,scan_skipped_same_execution_bar,USDJPY,2025.01.02 14:15:00,0,
2025.01.02 14:49:59,scan_executed_new_execution_bar,USDJPY,2025.01.02 14:30:00,0,
2025.01.02 14:54:58,scan_skipped_same_execution_bar,USDJPY,2025.01.02 14:30:00,0,
2025.01.02 15:04:59,scan_executed_new_execution_bar,USDJPY,2025.01.02 14:45:00,0,
2025.01.02 15:09:59,scan_skipped_same_execution_bar,USDJPY,2025.01.02 14:45:00,0,
2025.01.02 15:19:59,scan_executed_new_execution_bar,USDJPY,2025.01.02 15:00:00,0,
2025.01.02 15:24:59,scan_skipped_same_execution_bar,USDJPY,2025.01.02 15:00:00,0,
2025.01.02 15:34:59,scan_executed_new_execution_bar,USDJPY,2025.01.02 15:15:00,0,
2025.01.02 15:39:59,scan_skipped_same_execution_bar,USDJPY,2025.01.02 15:15:00,0,
2025.01.02 15:49:59,scan_executed_new_execution_bar,USDJPY,2025.01.02 15:30:00,0,
2025.01.02 15:54:59,scan_skipped_same_execution_bar,USDJPY,2025.01.02 15:30:00,0,
2025.01.02 16:04:59,scan_executed_new_execution_bar,USDJPY,2025.01.02 15:45:00,0,
2025.01.02 16:09:59,scan_skipped_same_execution_bar,USDJPY,2025.01.02 15:45:00,0,
2025.01.02 16:19:59,scan_executed_new_execution_bar,USDJPY,2025.01.02 16:00:00,15,
2025.01.02 16:24:59,scan_skipped_same_execution_bar,USDJPY,2025.01.02 16:00:00,0,
2025.01.02 16:34:59,scan_executed_new_execution_bar,USDJPY,2025.01.02 16:15:00,0,
2025.01.02 16:39:59,scan_skipped_same_execution_bar,USDJPY,2025.01.02 16:15:00,0,
2025.01.02 16:49:59,scan_executed_new_execution_bar,USDJPY,2025.01.02 16:30:00,31,
2025.01.02 16:54:59,scan_skipped_same_execution_bar,USDJPY,2025.01.02 16:30:00,0,
2025.01.02 17:04:59,scan_executed_new_execution_bar,USDJPY,2025.01.02 16:45:00,0,
2025.01.02 17:09:59,scan_skipped_same_execution_bar,USDJPY,2025.01.02 16:45:00,0,
2025.01.02 17:19:59,scan_executed_new_execution_bar,USDJPY,2025.01.02 17:00:00,0,
2025.01.02 17:24:59,scan_skipped_same_execution_bar,USDJPY,2025.01.02 17:00:00,0,
2025.01.02 17:34:59,scan_executed_new_execution_bar,USDJPY,2025.01.02 17:15:00,1703,
2025.01.02 17:39:59,scan_skipped_same_execution_bar,USDJPY,2025.01.02 17:15:00,0,
2025.01.02 17:49:59,scan_executed_new_execution_bar,USDJPY,2025.01.02 17:30:00,16,
2025.01.02 17:54:59,scan_skipped_same_execution_bar,USDJPY,2025.01.02 17:30:00,0,
2025.01.02 18:04:59,scan_executed_new_execution_bar,USDJPY,2025.01.02 17:45:00,0,
2025.01.02 18:09:59,scan_skipped_same_execution_bar,USDJPY,2025.01.02 17:45:00,0,
2025.01.02 18:19:59,scan_executed_new_execution_bar,USDJPY,2025.01.02 18:00:00,16,
2025.01.02 18:24:59,scan_skipped_same_execution_bar,USDJPY,2025.01.02 18:00:00,0,
2025.01.02 18:34:59,scan_executed_new_execution_bar,USDJPY,2025.01.02 18:15:00,0,
2025.01.02 18:39:59,scan_skipped_same_execution_bar,USDJPY,2025.01.02 18:15:00,0,
2025.01.02 18:49:59,scan_executed_new_execution_bar,USDJPY,2025.01.02 18:30:00,0,
2025.01.02 18:54:59,scan_skipped_same_execution_bar,USDJPY,2025.01.02 18:30:00,0,
2025.01.02 19:04:59,scan_executed_new_execution_bar,USDJPY,2025.01.02 18:45:00,0,
2025.01.02 19:09:59,scan_skipped_same_execution_bar,USDJPY,2025.01.02 18:45:00,0,
2025.01.02 19:19:58,scan_executed_new_execution_bar,USDJPY,2025.01.02 19:00:00,0,
2025.01.02 19:24:59,scan_skipped_same_execution_bar,USDJPY,2025.01.02 19:00:00,0,
2025.01.02 19:34:59,scan_executed_new_execution_bar,USDJPY,2025.01.02 19:15:00,0,
2025.01.02 19:40:00,scan_skipped_same_execution_bar,USDJPY,2025.01.02 19:15:00,0,
2025.01.02 19:49:59,scan_executed_new_execution_bar,USDJPY,2025.01.02 19:30:00,62,
2025.01.02 19:54:59,scan_skipped_same_execution_bar,USDJPY,2025.01.02 19:30:00,0,
2025.01.02 20:04:59,scan_executed_new_execution_bar,USDJPY,2025.01.02 19:45:00,0,
2025.01.02 20:09:59,scan_skipped_same_execution_bar,USDJPY,2025.01.02 19:45:00,0,
2025.01.02 20:19:59,scan_executed_new_execution_bar,USDJPY,2025.01.02 20:00:00,0,
2025.01.02 20:24:59,scan_skipped_same_execution_bar,USDJPY,2025.01.02 20:00:00,0,
2025.01.02 20:34:59,scan_executed_new_execution_bar,USDJPY,2025.01.02 20:15:00,0,
2025.01.02 20:39:59,scan_skipped_same_execution_bar,USDJPY,2025.01.02 20:15:00,0,
2025.01.02 20:49:59,scan_executed_new_execution_bar,USDJPY,2025.01.02 20:30:00,0,
2025.01.02 20:54:59,scan_skipped_same_execution_bar,USDJPY,2025.01.02 20:30:00,0,
2025.01.02 21:04:59,scan_executed_new_execution_bar,USDJPY,2025.01.02 20:45:00,0,
2025.01.02 21:09:59,scan_skipped_same_execution_bar,USDJPY,2025.01.02 20:45:00,0,
2025.01.02 21:19:59,scan_executed_new_execution_bar,USDJPY,2025.01.02 21:00:00,0,
2025.01.02 21:24:59,scan_skipped_same_execution_bar,USDJPY,2025.01.02 21:00:00,0,
2025.01.02 21:34:59,scan_executed_new_execution_bar,USDJPY,2025.01.02 21:15:00,0,
2025.01.02 21:39:59,scan_skipped_same_execution_bar,USDJPY,2025.01.02 21:15:00,0,
2025.01.02 21:49:59,scan_executed_new_execution_bar,USDJPY,2025.01.02 21:30:00,0,
2025.01.02 21:54:59,scan_skipped_same_execution_bar,USDJPY,2025.01.02 21:30:00,0,
2025.01.02 22:04:59,scan_executed_new_execution_bar,USDJPY,2025.01.02 21:45:00,0,
2025.01.02 22:09:59,scan_skipped_same_execution_bar,USDJPY,2025.01.02 21:45:00,0,
2025.01.02 22:19:59,scan_executed_new_execution_bar,USDJPY,2025.01.02 22:00:00,0,
2025.01.02 22:24:59,scan_skipped_same_execution_bar,USDJPY,2025.01.02 22:00:00,0,
2025.01.02 22:34:59,scan_executed_new_execution_bar,USDJPY,2025.01.02 22:15:00,0,
2025.01.02 22:39:59,scan_skipped_same_execution_bar,USDJPY,2025.01.02 22:15:00,0,
2025.01.02 22:49:59,scan_executed_new_execution_bar,USDJPY,2025.01.02 22:30:00,0,
2025.01.02 22:54:59,scan_skipped_same_execution_bar,USDJPY,2025.01.02 22:30:00,0,
2025.01.02 23:04:59,scan_executed_new_execution_bar,USDJPY,2025.01.02 22:45:00,0,
2025.01.02 23:09:59,scan_skipped_same_execution_bar,USDJPY,2025.01.02 22:45:00,0,
2025.01.02 23:20:00,scan_executed_new_execution_bar,USDJPY,2025.01.02 23:00:00,0,
2025.01.02 23:24:53,scan_skipped_same_execution_bar,USDJPY,2025.01.02 23:00:00,0,
2025.01.02 23:34:59,scan_executed_new_execution_bar,USDJPY,2025.01.02 23:15:00,0,
2025.01.02 23:39:56,scan_skipped_same_execution_bar,USDJPY,2025.01.02 23:15:00,0,
2025.01.02 23:49:59,scan_executed_new_execution_bar,USDJPY,2025.01.02 23:30:00,0,
2025.01.02 23:54:59,scan_skipped_same_execution_bar,USDJPY,2025.01.02 23:30:00,0,
2025.01.03 00:04:58,scan_executed_new_execution_bar,USDJPY,2025.01.02 23:45:00,0,
2025.01.03 00:09:56,scan_skipped_same_execution_bar,USDJPY,2025.01.02 23:45:00,0,
2025.01.03 00:19:56,scan_executed_new_execution_bar,USDJPY,2025.01.03 00:00:00,0,
2025.01.03 00:24:59,scan_skipped_same_execution_bar,USDJPY,2025.01.03 00:00:00,0,
2025.01.03 00:34:59,scan_executed_new_execution_bar,USDJPY,2025.01.03 00:15:00,0,
2025.01.03 00:40:00,scan_skipped_same_execution_bar,USDJPY,2025.01.03 00:15:00,0,
2025.01.03 00:49:58,scan_executed_new_execution_bar,USDJPY,2025.01.03 00:30:00,0,
2025.01.03 00:54:58,scan_skipped_same_execution_bar,USDJPY,2025.01.03 00:30:00,0,
2025.01.03 01:04:59,scan_executed_new_execution_bar,USDJPY,2025.01.03 00:45:00,0,
2025.01.03 01:09:59,scan_skipped_same_execution_bar,USDJPY,2025.01.03 00:45:00,0,
2025.01.03 01:19:59,scan_executed_new_execution_bar,USDJPY,2025.01.03 01:00:00,0,
2025.01.03 01:24:58,scan_skipped_same_execution_bar,USDJPY,2025.01.03 01:00:00,0,
2025.01.03 01:34:58,scan_executed_new_execution_bar,USDJPY,2025.01.03 01:15:00,0,
2025.01.03 01:39:59,scan_skipped_same_execution_bar,USDJPY,2025.01.03 01:15:00,0,
2025.01.03 01:49:59,scan_executed_new_execution_bar,USDJPY,2025.01.03 01:30:00,0,
2025.01.03 01:54:59,scan_skipped_same_execution_bar,USDJPY,2025.01.03 01:30:00,0,
2025.01.03 02:04:59,scan_executed_new_execution_bar,USDJPY,2025.01.03 01:45:00,0,
2025.01.03 02:09:59,scan_skipped_same_execution_bar,USDJPY,2025.01.03 01:45:00,0,
2025.01.03 02:15:00,scan_executed_new_execution_bar,USDJPY,2025.01.03 02:00:00,0,
2025.01.03 02:19:58,scan_skipped_same_execution_bar,USDJPY,2025.01.03 02:00:00,0,
2025.01.03 02:34:59,scan_executed_new_execution_bar,USDJPY,2025.01.03 02:15:00,0,
2025.01.03 02:39:59,scan_skipped_same_execution_bar,USDJPY,2025.01.03 02:15:00,0,
2025.01.03 02:49:59,scan_executed_new_execution_bar,USDJPY,2025.01.03 02:30:00,0,
2025.01.03 02:54:59,scan_skipped_same_execution_bar,USDJPY,2025.01.03 02:30:00,0,
2025.01.03 03:04:59,scan_executed_new_execution_bar,USDJPY,2025.01.03 02:45:00,0,
2025.01.03 03:09:58,scan_skipped_same_execution_bar,USDJPY,2025.01.03 02:45:00,0,
2025.01.03 03:19:59,scan_executed_new_execution_bar,USDJPY,2025.01.03 03:00:00,0,
2025.01.03 03:24:58,scan_skipped_same_execution_bar,USDJPY,2025.01.03 03:00:00,0,
2025.01.03 03:34:59,scan_executed_new_execution_bar,USDJPY,2025.01.03 03:15:00,0,
2025.01.03 03:39:59,scan_skipped_same_execution_bar,USDJPY,2025.01.03 03:15:00,0,
2025.01.03 03:49:58,scan_executed_new_execution_bar,USDJPY,2025.01.03 03:30:00,0,
2025.01.03 03:54:59,scan_skipped_same_execution_bar,USDJPY,2025.01.03 03:30:00,0,
2025.01.03 04:04:59,scan_executed_new_execution_bar,USDJPY,2025.01.03 03:45:00,0,
2025.01.03 04:09:58,scan_skipped_same_execution_bar,USDJPY,2025.01.03 03:45:00,0,
2025.01.03 04:19:59,scan_executed_new_execution_bar,USDJPY,2025.01.03 04:00:00,0,
2025.01.03 04:24:59,scan_skipped_same_execution_bar,USDJPY,2025.01.03 04:00:00,0,
2025.01.03 04:34:59,scan_executed_new_execution_bar,USDJPY,2025.01.03 04:15:00,0,
2025.01.03 04:39:58,scan_skipped_same_execution_bar,USDJPY,2025.01.03 04:15:00,0,
2025.01.03 04:49:59,scan_executed_new_execution_bar,USDJPY,2025.01.03 04:30:00,0,
2025.01.03 04:54:58,scan_skipped_same_execution_bar,USDJPY,2025.01.03 04:30:00,0,
2025.01.03 05:05:00,scan_executed_new_execution_bar,USDJPY,2025.01.03 04:45:00,16,
2025.01.03 05:09:58,scan_skipped_same_execution_bar,USDJPY,2025.01.03 04:45:00,0,
2025.01.03 05:19:57,scan_executed_new_execution_bar,USDJPY,2025.01.03 05:00:00,0,
2025.01.03 05:24:59,scan_skipped_same_execution_bar,USDJPY,2025.01.03 05:00:00,0,
2025.01.03 05:34:59,scan_executed_new_execution_bar,USDJPY,2025.01.03 05:15:00,0,
2025.01.03 05:39:59,scan_skipped_same_execution_bar,USDJPY,2025.01.03 05:15:00,0,
2025.01.03 05:49:59,scan_executed_new_execution_bar,USDJPY,2025.01.03 05:30:00,0,
2025.01.03 05:54:58,scan_skipped_same_execution_bar,USDJPY,2025.01.03 05:30:00,0,
2025.01.03 06:04:59,scan_executed_new_execution_bar,USDJPY,2025.01.03 05:45:00,15,
2025.01.03 06:09:59,scan_skipped_same_execution_bar,USDJPY,2025.01.03 05:45:00,0,
2025.01.03 06:19:59,scan_executed_new_execution_bar,USDJPY,2025.01.03 06:00:00,0,
2025.01.03 06:24:59,scan_skipped_same_execution_bar,USDJPY,2025.01.03 06:00:00,0,
2025.01.03 06:34:59,scan_executed_new_execution_bar,USDJPY,2025.01.03 06:15:00,15,
2025.01.03 06:39:59,scan_skipped_same_execution_bar,USDJPY,2025.01.03 06:15:00,0,
2025.01.03 06:49:58,scan_executed_new_execution_bar,USDJPY,2025.01.03 06:30:00,0,
2025.01.03 06:54:59,scan_skipped_same_execution_bar,USDJPY,2025.01.03 06:30:00,0,
2025.01.03 07:04:59,scan_executed_new_execution_bar,USDJPY,2025.01.03 06:45:00,0,
2025.01.03 07:09:59,scan_skipped_same_execution_bar,USDJPY,2025.01.03 06:45:00,0,
2025.01.03 07:19:59,scan_executed_new_execution_bar,USDJPY,2025.01.03 07:00:00,0,
2025.01.03 07:24:59,scan_skipped_same_execution_bar,USDJPY,2025.01.03 07:00:00,0,
2025.01.03 07:34:59,scan_executed_new_execution_bar,USDJPY,2025.01.03 07:15:00,0,
2025.01.03 07:39:59,scan_skipped_same_execution_bar,USDJPY,2025.01.03 07:15:00,0,
2025.01.03 07:49:58,scan_executed_new_execution_bar,USDJPY,2025.01.03 07:30:00,0,
2025.01.03 07:54:59,scan_skipped_same_execution_bar,USDJPY,2025.01.03 07:30:00,0,
2025.01.03 08:04:57,scan_executed_new_execution_bar,USDJPY,2025.01.03 07:45:00,0,
2025.01.03 08:09:58,scan_skipped_same_execution_bar,USDJPY,2025.01.03 07:45:00,0,
2025.01.03 08:19:59,scan_executed_new_execution_bar,USDJPY,2025.01.03 08:00:00,0,
2025.01.03 08:24:59,scan_skipped_same_execution_bar,USDJPY,2025.01.03 08:00:00,0,
2025.01.03 08:34:58,scan_executed_new_execution_bar,USDJPY,2025.01.03 08:15:00,16,
2025.01.03 08:39:59,scan_skipped_same_execution_bar,USDJPY,2025.01.03 08:15:00,0,
2025.01.03 08:49:57,scan_executed_new_execution_bar,USDJPY,2025.01.03 08:30:00,0,
2025.01.03 08:54:59,scan_skipped_same_execution_bar,USDJPY,2025.01.03 08:30:00,0,
2025.01.03 09:04:59,scan_executed_new_execution_bar,USDJPY,2025.01.03 08:45:00,15,
2025.01.03 09:09:59,scan_skipped_same_execution_bar,USDJPY,2025.01.03 08:45:00,0,
2025.01.03 09:20:00,scan_executed_new_execution_bar,USDJPY,2025.01.03 09:00:00,0,
2025.01.03 09:24:59,scan_skipped_same_execution_bar,USDJPY,2025.01.03 09:00:00,0,
2025.01.03 09:34:59,scan_executed_new_execution_bar,USDJPY,2025.01.03 09:15:00,0,
2025.01.03 09:39:59,scan_skipped_same_execution_bar,USDJPY,2025.01.03 09:15:00,0,
2025.01.03 09:49:59,scan_executed_new_execution_bar,USDJPY,2025.01.03 09:30:00,0,
2025.01.03 09:54:59,scan_skipped_same_execution_bar,USDJPY,2025.01.03 09:30:00,0,
2025.01.03 10:04:59,scan_executed_new_execution_bar,USDJPY,2025.01.03 09:45:00,0,
2025.01.03 10:09:59,scan_skipped_same_execution_bar,USDJPY,2025.01.03 09:45:00,0,
2025.01.03 10:19:59,scan_executed_new_execution_bar,USDJPY,2025.01.03 10:00:00,15,
2025.01.03 10:24:59,scan_skipped_same_execution_bar,USDJPY,2025.01.03 10:00:00,0,
2025.01.03 10:34:59,scan_executed_new_execution_bar,USDJPY,2025.01.03 10:15:00,31,
2025.01.03 10:39:59,scan_skipped_same_execution_bar,USDJPY,2025.01.03 10:15:00,0,
2025.01.03 10:49:59,scan_executed_new_execution_bar,USDJPY,2025.01.03 10:30:00,31,
2025.01.03 10:54:59,scan_skipped_same_execution_bar,USDJPY,2025.01.03 10:30:00,0,
2025.01.03 11:04:59,scan_executed_new_execution_bar,USDJPY,2025.01.03 10:45:00,31,
2025.01.03 11:09:58,scan_skipped_same_execution_bar,USDJPY,2025.01.03 10:45:00,0,
2025.01.03 11:19:59,scan_executed_new_execution_bar,USDJPY,2025.01.03 11:00:00,0,
2025.01.03 11:24:59,scan_skipped_same_execution_bar,USDJPY,2025.01.03 11:00:00,0,
2025.01.03 11:34:59,scan_executed_new_execution_bar,USDJPY,2025.01.03 11:15:00,0,
2025.01.03 11:39:59,scan_skipped_same_execution_bar,USDJPY,2025.01.03 11:15:00,0,
2025.01.03 11:49:59,scan_executed_new_execution_bar,USDJPY,2025.01.03 11:30:00,31,
2025.01.03 11:54:59,scan_skipped_same_execution_bar,USDJPY,2025.01.03 11:30:00,0,
2025.01.03 12:04:59,scan_executed_new_execution_bar,USDJPY,2025.01.03 11:45:00,0,
2025.01.03 12:09:59,scan_skipped_same_execution_bar,USDJPY,2025.01.03 11:45:00,0,
2025.01.03 12:19:59,scan_executed_new_execution_bar,USDJPY,2025.01.03 12:00:00,0,
2025.01.03 12:24:59,scan_skipped_same_execution_bar,USDJPY,2025.01.03 12:00:00,0,
2025.01.03 12:34:58,scan_executed_new_execution_bar,USDJPY,2025.01.03 12:15:00,0,
2025.01.03 12:39:59,scan_skipped_same_execution_bar,USDJPY,2025.01.03 12:15:00,0,
2025.01.03 12:49:59,scan_executed_new_execution_bar,USDJPY,2025.01.03 12:30:00,0,
2025.01.03 12:54:59,scan_skipped_same_execution_bar,USDJPY,2025.01.03 12:30:00,0,
2025.01.03 13:04:59,scan_executed_new_execution_bar,USDJPY,2025.01.03 12:45:00,0,
2025.01.03 13:09:59,scan_skipped_same_execution_bar,USDJPY,2025.01.03 12:45:00,0,
2025.01.03 13:19:59,scan_executed_new_execution_bar,USDJPY,2025.01.03 13:00:00,0,
2025.01.03 13:24:59,scan_skipped_same_execution_bar,USDJPY,2025.01.03 13:00:00,0,
2025.01.03 13:34:59,scan_executed_new_execution_bar,USDJPY,2025.01.03 13:15:00,15,
2025.01.03 13:39:59,scan_skipped_same_execution_bar,USDJPY,2025.01.03 13:15:00,0,
2025.01.03 13:49:59,scan_executed_new_execution_bar,USDJPY,2025.01.03 13:30:00,0,
2025.01.03 13:54:58,scan_skipped_same_execution_bar,USDJPY,2025.01.03 13:30:00,0,
2025.01.03 14:04:59,scan_executed_new_execution_bar,USDJPY,2025.01.03 13:45:00,15,
2025.01.03 14:09:59,scan_skipped_same_execution_bar,USDJPY,2025.01.03 13:45:00,0,
2025.01.03 14:19:59,scan_executed_new_execution_bar,USDJPY,2025.01.03 14:00:00,0,
2025.01.03 14:24:59,scan_skipped_same_execution_bar,USDJPY,2025.01.03 14:00:00,0,
2025.01.03 14:34:59,scan_executed_new_execution_bar,USDJPY,2025.01.03 14:15:00,15,
2025.01.03 14:39:59,scan_skipped_same_execution_bar,USDJPY,2025.01.03 14:15:00,0,
2025.01.03 14:49:59,scan_executed_new_execution_bar,USDJPY,2025.01.03 14:30:00,0,
2025.01.03 14:54:59,scan_skipped_same_execution_bar,USDJPY,2025.01.03 14:30:00,0,
2025.01.03 15:04:59,scan_executed_new_execution_bar,USDJPY,2025.01.03 14:45:00,16,
2025.01.03 15:09:59,scan_skipped_same_execution_bar,USDJPY,2025.01.03 14:45:00,0,
2025.01.03 15:19:59,scan_executed_new_execution_bar,USDJPY,2025.01.03 15:00:00,0,
2025.01.03 15:24:59,scan_skipped_same_execution_bar,USDJPY,2025.01.03 15:00:00,0,
2025.01.03 15:34:59,scan_executed_new_execution_bar,USDJPY,2025.01.03 15:15:00,16,
2025.01.03 15:39:59,scan_skipped_same_execution_bar,USDJPY,2025.01.03 15:15:00,0,
2025.01.03 15:49:59,scan_executed_new_execution_bar,USDJPY,2025.01.03 15:30:00,0,
2025.01.03 15:54:58,scan_skipped_same_execution_bar,USDJPY,2025.01.03 15:30:00,0,
2025.01.03 16:04:59,scan_executed_new_execution_bar,USDJPY,2025.01.03 15:45:00,0,
2025.01.03 16:09:59,scan_skipped_same_execution_bar,USDJPY,2025.01.03 15:45:00,0,
2025.01.03 16:19:59,scan_executed_new_execution_bar,USDJPY,2025.01.03 16:00:00,0,
2025.01.03 16:24:59,scan_skipped_same_execution_bar,USDJPY,2025.01.03 16:00:00,0,
2025.01.03 16:34:59,scan_executed_new_execution_bar,USDJPY,2025.01.03 16:15:00,0,
2025.01.03 16:39:58,scan_skipped_same_execution_bar,USDJPY,2025.01.03 16:15:00,0,
2025.01.03 16:50:00,scan_executed_new_execution_bar,USDJPY,2025.01.03 16:30:00,0,
2025.01.03 16:54:59,scan_skipped_same_execution_bar,USDJPY,2025.01.03 16:30:00,0,
2025.01.03 17:04:59,scan_executed_new_execution_bar,USDJPY,2025.01.03 16:45:00,0,
2025.01.03 17:09:59,scan_skipped_same_execution_bar,USDJPY,2025.01.03 16:45:00,0,
2025.01.03 17:20:00,scan_executed_new_execution_bar,USDJPY,2025.01.03 17:00:00,0,
2025.01.03 17:24:59,scan_skipped_same_execution_bar,USDJPY,2025.01.03 17:00:00,0,
2025.01.03 17:34:59,scan_executed_new_execution_bar,USDJPY,2025.01.03 17:15:00,0,
2025.01.03 17:39:59,scan_skipped_same_execution_bar,USDJPY,2025.01.03 17:15:00,0,
2025.01.03 17:49:59,scan_executed_new_execution_bar,USDJPY,2025.01.03 17:30:00,0,
2025.01.03 17:54:59,scan_skipped_same_execution_bar,USDJPY,2025.01.03 17:30:00,0,
2025.01.03 18:04:59,scan_executed_new_execution_bar,USDJPY,2025.01.03 17:45:00,0,
2025.01.03 18:09:59,scan_skipped_same_execution_bar,USDJPY,2025.01.03 17:45:00,0,
2025.01.03 18:19:59,scan_executed_new_execution_bar,USDJPY,2025.01.03 18:00:00,0,
2025.01.03 18:24:59,scan_skipped_same_execution_bar,USDJPY,2025.01.03 18:00:00,0,
2025.01.03 18:34:59,scan_executed_new_execution_bar,USDJPY,2025.01.03 18:15:00,0,
2025.01.03 18:39:59,scan_skipped_same_execution_bar,USDJPY,2025.01.03 18:15:00,0,
2025.01.03 18:49:59,scan_executed_new_execution_bar,USDJPY,2025.01.03 18:30:00,47,
2025.01.03 18:54:59,scan_skipped_same_execution_bar,USDJPY,2025.01.03 18:30:00,0,
2025.01.03 19:04:59,scan_executed_new_execution_bar,USDJPY,2025.01.03 18:45:00,0,
2025.01.03 19:09:59,scan_skipped_same_execution_bar,USDJPY,2025.01.03 18:45:00,0,
2025.01.03 19:19:59,scan_executed_new_execution_bar,USDJPY,2025.01.03 19:00:00,0,
2025.01.03 19:24:59,scan_skipped_same_execution_bar,USDJPY,2025.01.03 19:00:00,0,
2025.01.03 19:34:59,scan_executed_new_execution_bar,USDJPY,2025.01.03 19:15:00,15,
2025.01.03 19:39:59,scan_skipped_same_execution_bar,USDJPY,2025.01.03 19:15:00,0,
2025.01.03 19:49:59,scan_executed_new_execution_bar,USDJPY,2025.01.03 19:30:00,31,
2025.01.03 19:54:59,scan_skipped_same_execution_bar,USDJPY,2025.01.03 19:30:00,0,
2025.01.03 20:04:59,scan_executed_new_execution_bar,USDJPY,2025.01.03 19:45:00,47,
2025.01.03 20:09:59,scan_skipped_same_execution_bar,USDJPY,2025.01.03 19:45:00,0,
2025.01.03 20:19:59,scan_executed_new_execution_bar,USDJPY,2025.01.03 20:00:00,0,
2025.01.03 20:24:59,scan_skipped_same_execution_bar,USDJPY,2025.01.03 20:00:00,0,
2025.01.03 20:34:59,scan_executed_new_execution_bar,USDJPY,2025.01.03 20:15:00,0,
2025.01.03 20:39:59,scan_skipped_same_execution_bar,USDJPY,2025.01.03 20:15:00,0,
2025.01.03 20:49:57,scan_executed_new_execution_bar,USDJPY,2025.01.03 20:30:00,16,
2025.01.03 20:54:59,scan_skipped_same_execution_bar,USDJPY,2025.01.03 20:30:00,0,
2025.01.03 21:04:59,scan_executed_new_execution_bar,USDJPY,2025.01.03 20:45:00,0,
2025.01.03 21:09:59,scan_skipped_same_execution_bar,USDJPY,2025.01.03 20:45:00,0,
2025.01.03 21:19:58,scan_executed_new_execution_bar,USDJPY,2025.01.03 21:00:00,0,
2025.01.03 21:24:58,scan_skipped_same_execution_bar,USDJPY,2025.01.03 21:00:00,0,
2025.01.03 21:34:59,scan_executed_new_execution_bar,USDJPY,2025.01.03 21:15:00,0,
2025.01.03 21:39:59,scan_skipped_same_execution_bar,USDJPY,2025.01.03 21:15:00,0,
2025.01.03 21:49:57,scan_executed_new_execution_bar,USDJPY,2025.01.03 21:30:00,15,
2025.01.03 21:54:57,scan_skipped_same_execution_bar,USDJPY,2025.01.03 21:30:00,0,
2025.01.03 22:04:59,scan_executed_new_execution_bar,USDJPY,2025.01.03 21:45:00,16,
2025.01.03 22:09:59,scan_skipped_same_execution_bar,USDJPY,2025.01.03 21:45:00,0,
2025.01.03 22:19:59,scan_executed_new_execution_bar,USDJPY,2025.01.03 22:00:00,0,
2025.01.03 22:24:57,scan_skipped_same_execution_bar,USDJPY,2025.01.03 22:00:00,0,
2025.01.03 22:34:58,scan_executed_new_execution_bar,USDJPY,2025.01.03 22:15:00,16,
2025.01.03 22:39:59,scan_skipped_same_execution_bar,USDJPY,2025.01.03 22:15:00,0,
2025.01.03 22:49:59,scan_executed_new_execution_bar,USDJPY,2025.01.03 22:30:00,0,
2025.01.03 22:54:59,scan_skipped_same_execution_bar,USDJPY,2025.01.03 22:30:00,0,
2025.01.03 23:04:59,scan_executed_new_execution_bar,USDJPY,2025.01.03 22:45:00,0,
2025.01.03 23:09:59,scan_skipped_same_execution_bar,USDJPY,2025.01.03 22:45:00,0,
2025.01.03 23:19:57,scan_executed_new_execution_bar,USDJPY,2025.01.03 23:00:00,0,
2025.01.03 23:24:59,scan_skipped_same_execution_bar,USDJPY,2025.01.03 23:00:00,0,
2025.01.03 23:34:59,scan_executed_new_execution_bar,USDJPY,2025.01.03 23:15:00,0,
2025.01.03 23:39:59,scan_skipped_same_execution_bar,USDJPY,2025.01.03 23:15:00,0,
2025.01.03 23:49:59,scan_executed_new_execution_bar,USDJPY,2025.01.03 23:30:00,0,
2025.01.03 23:54:59,scan_skipped_same_execution_bar,USDJPY,2025.01.03 23:30:00,0,
2025.01.06 00:04:59,scan_executed_new_execution_bar,USDJPY,2025.01.03 23:45:00,0,
2025.01.06 00:09:52,scan_skipped_same_execution_bar,USDJPY,2025.01.03 23:45:00,0,
2025.01.06 00:19:55,scan_executed_new_execution_bar,USDJPY,2025.01.06 00:00:00,0,
2025.01.06 00:24:59,scan_skipped_same_execution_bar,USDJPY,2025.01.06 00:00:00,0,
2025.01.06 00:34:56,scan_executed_new_execution_bar,USDJPY,2025.01.06 00:15:00,0,
2025.01.06 00:39:59,scan_skipped_same_execution_bar,USDJPY,2025.01.06 00:15:00,0,
2025.01.06 00:49:59,scan_executed_new_execution_bar,USDJPY,2025.01.06 00:30:00,0,
2025.01.06 00:54:59,scan_skipped_same_execution_bar,USDJPY,2025.01.06 00:30:00,0,
2025.01.06 01:04:59,scan_executed_new_execution_bar,USDJPY,2025.01.06 00:45:00,16,
2025.01.06 01:09:59,scan_skipped_same_execution_bar,USDJPY,2025.01.06 00:45:00,0,
2025.01.06 01:19:58,scan_executed_new_execution_bar,USDJPY,2025.01.06 01:00:00,0,
2025.01.06 01:24:59,scan_skipped_same_execution_bar,USDJPY,2025.01.06 01:00:00,0,
2025.01.06 01:34:58,scan_executed_new_execution_bar,USDJPY,2025.01.06 01:15:00,31,
2025.01.06 01:39:58,scan_skipped_same_execution_bar,USDJPY,2025.01.06 01:15:00,0,
2025.01.06 01:49:59,scan_executed_new_execution_bar,USDJPY,2025.01.06 01:30:00,0,
2025.01.06 01:54:59,scan_skipped_same_execution_bar,USDJPY,2025.01.06 01:30:00,0,
2025.01.06 02:04:59,scan_executed_new_execution_bar,USDJPY,2025.01.06 01:45:00,0,
2025.01.06 02:09:58,scan_skipped_same_execution_bar,USDJPY,2025.01.06 01:45:00,0,
2025.01.06 02:19:59,scan_executed_new_execution_bar,USDJPY,2025.01.06 02:00:00,0,
2025.01.06 02:24:59,scan_skipped_same_execution_bar,USDJPY,2025.01.06 02:00:00,0,
2025.01.06 02:34:59,scan_executed_new_execution_bar,USDJPY,2025.01.06 02:15:00,0,
2025.01.06 02:39:59,scan_skipped_same_execution_bar,USDJPY,2025.01.06 02:15:00,0,
2025.01.06 02:49:59,scan_executed_new_execution_bar,USDJPY,2025.01.06 02:30:00,0,
2025.01.06 02:54:59,scan_skipped_same_execution_bar,USDJPY,2025.01.06 02:30:00,0,
2025.01.06 03:04:59,scan_executed_new_execution_bar,USDJPY,2025.01.06 02:45:00,31,
2025.01.06 03:09:59,scan_skipped_same_execution_bar,USDJPY,2025.01.06 02:45:00,0,
2025.01.06 03:19:59,scan_executed_new_execution_bar,USDJPY,2025.01.06 03:00:00,0,
2025.01.06 03:24:59,scan_skipped_same_execution_bar,USDJPY,2025.01.06 03:00:00,0,
2025.01.06 03:34:59,scan_executed_new_execution_bar,USDJPY,2025.01.06 03:15:00,0,
2025.01.06 03:39:59,scan_skipped_same_execution_bar,USDJPY,2025.01.06 03:15:00,0,
2025.01.06 03:49:59,scan_executed_new_execution_bar,USDJPY,2025.01.06 03:30:00,0,
2025.01.06 03:54:59,scan_skipped_same_execution_bar,USDJPY,2025.01.06 03:30:00,0,
2025.01.06 04:05:00,scan_executed_new_execution_bar,USDJPY,2025.01.06 03:45:00,15,
2025.01.06 04:09:59,scan_skipped_same_execution_bar,USDJPY,2025.01.06 03:45:00,0,
2025.01.06 04:19:59,scan_executed_new_execution_bar,USDJPY,2025.01.06 04:00:00,0,
2025.01.06 04:24:58,scan_skipped_same_execution_bar,USDJPY,2025.01.06 04:00:00,0,
2025.01.06 04:34:59,scan_executed_new_execution_bar,USDJPY,2025.01.06 04:15:00,15,
2025.01.06 04:39:59,scan_skipped_same_execution_bar,USDJPY,2025.01.06 04:15:00,0,
2025.01.06 04:49:59,scan_executed_new_execution_bar,USDJPY,2025.01.06 04:30:00,0,
2025.01.06 04:54:58,scan_skipped_same_execution_bar,USDJPY,2025.01.06 04:30:00,0,
2025.01.06 05:04:59,scan_executed_new_execution_bar,USDJPY,2025.01.06 04:45:00,0,
2025.01.06 05:09:59,scan_skipped_same_execution_bar,USDJPY,2025.01.06 04:45:00,0,
2025.01.06 05:19:59,scan_executed_new_execution_bar,USDJPY,2025.01.06 05:00:00,16,
2025.01.06 05:24:59,scan_skipped_same_execution_bar,USDJPY,2025.01.06 05:00:00,0,
2025.01.06 05:34:57,scan_executed_new_execution_bar,USDJPY,2025.01.06 05:15:00,16,
2025.01.06 05:39:59,scan_skipped_same_execution_bar,USDJPY,2025.01.06 05:15:00,0,
2025.01.06 05:49:59,scan_executed_new_execution_bar,USDJPY,2025.01.06 05:30:00,15,
2025.01.06 05:54:59,scan_skipped_same_execution_bar,USDJPY,2025.01.06 05:30:00,0,
2025.01.06 06:04:59,scan_executed_new_execution_bar,USDJPY,2025.01.06 05:45:00,32,
2025.01.06 06:09:59,scan_skipped_same_execution_bar,USDJPY,2025.01.06 05:45:00,0,
2025.01.06 06:19:59,scan_executed_new_execution_bar,USDJPY,2025.01.06 06:00:00,16,
2025.01.06 06:24:59,scan_skipped_same_execution_bar,USDJPY,2025.01.06 06:00:00,0,
2025.01.06 06:34:59,scan_executed_new_execution_bar,USDJPY,2025.01.06 06:15:00,0,
2025.01.06 06:39:59,scan_skipped_same_execution_bar,USDJPY,2025.01.06 06:15:00,0,
2025.01.06 06:49:57,scan_executed_new_execution_bar,USDJPY,2025.01.06 06:30:00,32,
2025.01.06 06:54:58,scan_skipped_same_execution_bar,USDJPY,2025.01.06 06:30:00,0,
2025.01.06 07:04:59,scan_executed_new_execution_bar,USDJPY,2025.01.06 06:45:00,0,
2025.01.06 07:09:59,scan_skipped_same_execution_bar,USDJPY,2025.01.06 06:45:00,0,
2025.01.06 07:19:59,scan_executed_new_execution_bar,USDJPY,2025.01.06 07:00:00,0,
2025.01.06 07:24:59,scan_skipped_same_execution_bar,USDJPY,2025.01.06 07:00:00,0,
2025.01.06 07:34:59,scan_executed_new_execution_bar,USDJPY,2025.01.06 07:15:00,0,
2025.01.06 07:39:59,scan_skipped_same_execution_bar,USDJPY,2025.01.06 07:15:00,0,
2025.01.06 07:49:59,scan_executed_new_execution_bar,USDJPY,2025.01.06 07:30:00,15,
2025.01.06 07:54:59,scan_skipped_same_execution_bar,USDJPY,2025.01.06 07:30:00,0,
2025.01.06 08:04:59,scan_executed_new_execution_bar,USDJPY,2025.01.06 07:45:00,0,
2025.01.06 08:09:59,scan_skipped_same_execution_bar,USDJPY,2025.01.06 07:45:00,0,
2025.01.06 08:19:58,scan_executed_new_execution_bar,USDJPY,2025.01.06 08:00:00,0,
2025.01.06 08:24:59,scan_skipped_same_execution_bar,USDJPY,2025.01.06 08:00:00,0,
2025.01.06 08:34:59,scan_executed_new_execution_bar,USDJPY,2025.01.06 08:15:00,0,
2025.01.06 08:39:59,scan_skipped_same_execution_bar,USDJPY,2025.01.06 08:15:00,0,
2025.01.06 08:49:59,scan_executed_new_execution_bar,USDJPY,2025.01.06 08:30:00,0,
2025.01.06 08:54:59,scan_skipped_same_execution_bar,USDJPY,2025.01.06 08:30:00,0,
2025.01.06 09:05:00,scan_executed_new_execution_bar,USDJPY,2025.01.06 08:45:00,16,
2025.01.06 09:09:58,scan_skipped_same_execution_bar,USDJPY,2025.01.06 08:45:00,0,
2025.01.06 09:19:58,scan_executed_new_execution_bar,USDJPY,2025.01.06 09:00:00,0,
2025.01.06 09:24:59,scan_skipped_same_execution_bar,USDJPY,2025.01.06 09:00:00,0,
2025.01.06 09:34:59,scan_executed_new_execution_bar,USDJPY,2025.01.06 09:15:00,15,
2025.01.06 09:39:59,scan_skipped_same_execution_bar,USDJPY,2025.01.06 09:15:00,0,
2025.01.06 09:49:59,scan_executed_new_execution_bar,USDJPY,2025.01.06 09:30:00,0,
2025.01.06 09:54:59,scan_skipped_same_execution_bar,USDJPY,2025.01.06 09:30:00,0,
2025.01.06 10:04:59,scan_executed_new_execution_bar,USDJPY,2025.01.06 09:45:00,0,
2025.01.06 10:09:59,scan_skipped_same_execution_bar,USDJPY,2025.01.06 09:45:00,0,
2025.01.06 10:19:59,scan_executed_new_execution_bar,USDJPY,2025.01.06 10:00:00,0,
2025.01.06 10:24:59,scan_skipped_same_execution_bar,USDJPY,2025.01.06 10:00:00,0,
2025.01.06 10:34:59,scan_executed_new_execution_bar,USDJPY,2025.01.06 10:15:00,0,
2025.01.06 10:39:59,scan_skipped_same_execution_bar,USDJPY,2025.01.06 10:15:00,0,
2025.01.06 10:49:59,scan_executed_new_execution_bar,USDJPY,2025.01.06 10:30:00,15,
2025.01.06 10:54:59,scan_skipped_same_execution_bar,USDJPY,2025.01.06 10:30:00,0,
2025.01.06 11:04:59,scan_executed_new_execution_bar,USDJPY,2025.01.06 10:45:00,0,
2025.01.06 11:09:59,scan_skipped_same_execution_bar,USDJPY,2025.01.06 10:45:00,0,
2025.01.06 11:19:59,scan_executed_new_execution_bar,USDJPY,2025.01.06 11:00:00,0,
2025.01.06 11:24:59,scan_skipped_same_execution_bar,USDJPY,2025.01.06 11:00:00,0,
2025.01.06 11:34:59,scan_executed_new_execution_bar,USDJPY,2025.01.06 11:15:00,16,
2025.01.06 11:39:59,scan_skipped_same_execution_bar,USDJPY,2025.01.06 11:15:00,0,
2025.01.06 11:49:59,scan_executed_new_execution_bar,USDJPY,2025.01.06 11:30:00,47,
2025.01.06 11:54:59,scan_skipped_same_execution_bar,USDJPY,2025.01.06 11:30:00,0,
2025.01.06 12:04:59,scan_executed_new_execution_bar,USDJPY,2025.01.06 11:45:00,0,
2025.01.06 12:09:59,scan_skipped_same_execution_bar,USDJPY,2025.01.06 11:45:00,0,
2025.01.06 12:19:59,scan_executed_new_execution_bar,USDJPY,2025.01.06 12:00:00,16,
2025.01.06 12:24:58,scan_skipped_same_execution_bar,USDJPY,2025.01.06 12:00:00,0,
2025.01.06 12:34:58,scan_executed_new_execution_bar,USDJPY,2025.01.06 12:15:00,0,
2025.01.06 12:39:59,scan_skipped_same_execution_bar,USDJPY,2025.01.06 12:15:00,0,
2025.01.06 12:49:59,scan_executed_new_execution_bar,USDJPY,2025.01.06 12:30:00,0,
2025.01.06 12:54:59,scan_skipped_same_execution_bar,USDJPY,2025.01.06 12:30:00,0,
2025.01.06 13:04:59,scan_executed_new_execution_bar,USDJPY,2025.01.06 12:45:00,32,
2025.01.06 13:09:59,scan_skipped_same_execution_bar,USDJPY,2025.01.06 12:45:00,0,
2025.01.06 13:19:59,scan_executed_new_execution_bar,USDJPY,2025.01.06 13:00:00,15,
2025.01.06 13:24:59,scan_skipped_same_execution_bar,USDJPY,2025.01.06 13:00:00,0,
2025.01.06 13:34:59,scan_executed_new_execution_bar,USDJPY,2025.01.06 13:15:00,0,
2025.01.06 13:39:59,scan_skipped_same_execution_bar,USDJPY,2025.01.06 13:15:00,0,
2025.01.06 13:49:59,scan_executed_new_execution_bar,USDJPY,2025.01.06 13:30:00,0,
2025.01.06 13:54:59,scan_skipped_same_execution_bar,USDJPY,2025.01.06 13:30:00,0,
2025.01.06 14:04:59,scan_executed_new_execution_bar,USDJPY,2025.01.06 13:45:00,15,
2025.01.06 14:09:59,scan_skipped_same_execution_bar,USDJPY,2025.01.06 13:45:00,0,
2025.01.06 14:19:59,scan_executed_new_execution_bar,USDJPY,2025.01.06 14:00:00,47,
2025.01.06 14:24:59,scan_skipped_same_execution_bar,USDJPY,2025.01.06 14:00:00,0,
2025.01.06 14:34:59,scan_executed_new_execution_bar,USDJPY,2025.01.06 14:15:00,31,
2025.01.06 14:39:59,scan_skipped_same_execution_bar,USDJPY,2025.01.06 14:15:00,0,
2025.01.06 14:49:59,scan_executed_new_execution_bar,USDJPY,2025.01.06 14:30:00,0,
2025.01.06 14:54:59,scan_skipped_same_execution_bar,USDJPY,2025.01.06 14:30:00,0,
2025.01.06 15:04:59,scan_executed_new_execution_bar,USDJPY,2025.01.06 14:45:00,15,
2025.01.06 15:09:59,scan_skipped_same_execution_bar,USDJPY,2025.01.06 14:45:00,0,
2025.01.06 15:19:59,scan_executed_new_execution_bar,USDJPY,2025.01.06 15:00:00,0,
2025.01.06 15:24:59,scan_skipped_same_execution_bar,USDJPY,2025.01.06 15:00:00,0,
2025.01.06 15:34:59,scan_executed_new_execution_bar,USDJPY,2025.01.06 15:15:00,0,
2025.01.06 15:39:59,scan_skipped_same_execution_bar,USDJPY,2025.01.06 15:15:00,0,
2025.01.06 15:49:59,scan_executed_new_execution_bar,USDJPY,2025.01.06 15:30:00,63,
2025.01.06 15:54:59,scan_skipped_same_execution_bar,USDJPY,2025.01.06 15:30:00,0,
2025.01.06 16:04:59,scan_executed_new_execution_bar,USDJPY,2025.01.06 15:45:00,0,
2025.01.06 16:09:59,scan_skipped_same_execution_bar,USDJPY,2025.01.06 15:45:00,0,
2025.01.06 16:19:59,scan_executed_new_execution_bar,USDJPY,2025.01.06 16:00:00,47,
2025.01.06 16:24:59,scan_skipped_same_execution_bar,USDJPY,2025.01.06 16:00:00,0,
2025.01.06 16:34:59,scan_executed_new_execution_bar,USDJPY,2025.01.06 16:15:00,16,
2025.01.06 16:39:59,scan_skipped_same_execution_bar,USDJPY,2025.01.06 16:15:00,0,
2025.01.06 16:49:59,scan_executed_new_execution_bar,USDJPY,2025.01.06 16:30:00,0,
2025.01.06 16:54:59,scan_skipped_same_execution_bar,USDJPY,2025.01.06 16:30:00,0,
2025.01.06 17:04:59,scan_executed_new_execution_bar,USDJPY,2025.01.06 16:45:00,15,
2025.01.06 17:09:59,scan_skipped_same_execution_bar,USDJPY,2025.01.06 16:45:00,0,
2025.01.06 17:19:59,scan_executed_new_execution_bar,USDJPY,2025.01.06 17:00:00,0,
2025.01.06 17:24:59,scan_skipped_same_execution_bar,USDJPY,2025.01.06 17:00:00,0,
2025.01.06 17:34:59,scan_executed_new_execution_bar,USDJPY,2025.01.06 17:15:00,0,
2025.01.06 17:39:59,scan_skipped_same_execution_bar,USDJPY,2025.01.06 17:15:00,0,
2025.01.06 17:49:59,scan_executed_new_execution_bar,USDJPY,2025.01.06 17:30:00,0,
2025.01.06 17:54:59,scan_skipped_same_execution_bar,USDJPY,2025.01.06 17:30:00,0,
2025.01.06 18:04:59,scan_executed_new_execution_bar,USDJPY,2025.01.06 17:45:00,0,
2025.01.06 18:09:59,scan_skipped_same_execution_bar,USDJPY,2025.01.06 17:45:00,0,
2025.01.06 18:19:59,scan_executed_new_execution_bar,USDJPY,2025.01.06 18:00:00,0,
2025.01.06 18:24:59,scan_skipped_same_execution_bar,USDJPY,2025.01.06 18:00:00,0,
2025.01.06 18:34:59,scan_executed_new_execution_bar,USDJPY,2025.01.06 18:15:00,0,
2025.01.06 18:39:59,scan_skipped_same_execution_bar,USDJPY,2025.01.06 18:15:00,0,
2025.01.06 18:49:59,scan_executed_new_execution_bar,USDJPY,2025.01.06 18:30:00,0,
2025.01.06 18:54:59,scan_skipped_same_execution_bar,USDJPY,2025.01.06 18:30:00,0,
2025.01.06 19:04:59,scan_executed_new_execution_bar,USDJPY,2025.01.06 18:45:00,0,
2025.01.06 19:09:59,scan_skipped_same_execution_bar,USDJPY,2025.01.06 18:45:00,0,
2025.01.06 19:19:59,scan_executed_new_execution_bar,USDJPY,2025.01.06 19:00:00,31,
2025.01.06 19:24:59,scan_skipped_same_execution_bar,USDJPY,2025.01.06 19:00:00,0,
2025.01.06 19:34:59,scan_executed_new_execution_bar,USDJPY,2025.01.06 19:15:00,16,
2025.01.06 19:39:59,scan_skipped_same_execution_bar,USDJPY,2025.01.06 19:15:00,0,
2025.01.06 19:49:59,scan_executed_new_execution_bar,USDJPY,2025.01.06 19:30:00,0,
2025.01.06 19:54:59,scan_skipped_same_execution_bar,USDJPY,2025.01.06 19:30:00,0,
2025.01.06 20:04:59,scan_executed_new_execution_bar,USDJPY,2025.01.06 19:45:00,16,
2025.01.06 20:09:59,scan_skipped_same_execution_bar,USDJPY,2025.01.06 19:45:00,0,
2025.01.06 20:19:58,scan_executed_new_execution_bar,USDJPY,2025.01.06 20:00:00,0,
2025.01.06 20:24:59,scan_skipped_same_execution_bar,USDJPY,2025.01.06 20:00:00,0,
2025.01.06 20:34:59,scan_executed_new_execution_bar,USDJPY,2025.01.06 20:15:00,16,
2025.01.06 20:39:59,scan_skipped_same_execution_bar,USDJPY,2025.01.06 20:15:00,0,
2025.01.06 20:49:59,scan_executed_new_execution_bar,USDJPY,2025.01.06 20:30:00,0,
2025.01.06 20:54:59,scan_skipped_same_execution_bar,USDJPY,2025.01.06 20:30:00,0,
2025.01.06 21:04:59,scan_executed_new_execution_bar,USDJPY,2025.01.06 20:45:00,0,
2025.01.06 21:09:59,scan_skipped_same_execution_bar,USDJPY,2025.01.06 20:45:00,0,
2025.01.06 21:19:59,scan_executed_new_execution_bar,USDJPY,2025.01.06 21:00:00,0,
2025.01.06 21:24:58,scan_skipped_same_execution_bar,USDJPY,2025.01.06 21:00:00,0,
2025.01.06 21:34:59,scan_executed_new_execution_bar,USDJPY,2025.01.06 21:15:00,15,
2025.01.06 21:39:59,scan_skipped_same_execution_bar,USDJPY,2025.01.06 21:15:00,0,
2025.01.06 21:49:59,scan_executed_new_execution_bar,USDJPY,2025.01.06 21:30:00,0,
2025.01.06 21:54:59,scan_skipped_same_execution_bar,USDJPY,2025.01.06 21:30:00,0,
2025.01.06 22:04:59,scan_executed_new_execution_bar,USDJPY,2025.01.06 21:45:00,0,
2025.01.06 22:09:59,scan_skipped_same_execution_bar,USDJPY,2025.01.06 21:45:00,0,
2025.01.06 22:19:59,scan_executed_new_execution_bar,USDJPY,2025.01.06 22:00:00,0,
2025.01.06 22:24:59,scan_skipped_same_execution_bar,USDJPY,2025.01.06 22:00:00,0,
2025.01.06 22:34:59,scan_executed_new_execution_bar,USDJPY,2025.01.06 22:15:00,0,
2025.01.06 22:39:59,scan_skipped_same_execution_bar,USDJPY,2025.01.06 22:15:00,0,
2025.01.06 22:49:59,scan_executed_new_execution_bar,USDJPY,2025.01.06 22:30:00,0,
2025.01.06 22:54:59,scan_skipped_same_execution_bar,USDJPY,2025.01.06 22:30:00,0,
2025.01.06 23:04:59,scan_executed_new_execution_bar,USDJPY,2025.01.06 22:45:00,0,
2025.01.06 23:09:59,scan_skipped_same_execution_bar,USDJPY,2025.01.06 22:45:00,0,
2025.01.06 23:19:59,scan_executed_new_execution_bar,USDJPY,2025.01.06 23:00:00,0,
2025.01.06 23:24:59,scan_skipped_same_execution_bar,USDJPY,2025.01.06 23:00:00,0,
2025.01.06 23:34:59,scan_executed_new_execution_bar,USDJPY,2025.01.06 23:15:00,0,
2025.01.06 23:39:58,scan_skipped_same_execution_bar,USDJPY,2025.01.06 23:15:00,0,
2025.01.06 23:49:58,scan_executed_new_execution_bar,USDJPY,2025.01.06 23:30:00,0,
2025.01.06 23:54:59,scan_skipped_same_execution_bar,USDJPY,2025.01.06 23:30:00,0,
2025.01.07 00:04:45,scan_executed_new_execution_bar,USDJPY,2025.01.06 23:45:00,0,
2025.01.07 00:09:58,scan_skipped_same_execution_bar,USDJPY,2025.01.06 23:45:00,0,
2025.01.07 00:19:59,scan_executed_new_execution_bar,USDJPY,2025.01.07 00:00:00,15,
2025.01.07 00:24:54,scan_skipped_same_execution_bar,USDJPY,2025.01.07 00:00:00,0,
2025.01.07 00:34:51,scan_executed_new_execution_bar,USDJPY,2025.01.07 00:15:00,0,
2025.01.07 00:39:59,scan_skipped_same_execution_bar,USDJPY,2025.01.07 00:15:00,0,
2025.01.07 00:49:59,scan_executed_new_execution_bar,USDJPY,2025.01.07 00:30:00,0,
2025.01.07 00:54:59,scan_skipped_same_execution_bar,USDJPY,2025.01.07 00:30:00,0,
2025.01.07 01:04:59,scan_executed_new_execution_bar,USDJPY,2025.01.07 00:45:00,0,
2025.01.07 01:09:59,scan_skipped_same_execution_bar,USDJPY,2025.01.07 00:45:00,0,
2025.01.07 01:19:59,scan_executed_new_execution_bar,USDJPY,2025.01.07 01:00:00,0,
2025.01.07 01:24:59,scan_skipped_same_execution_bar,USDJPY,2025.01.07 01:00:00,0,
2025.01.07 01:34:58,scan_executed_new_execution_bar,USDJPY,2025.01.07 01:15:00,0,
2025.01.07 01:39:59,scan_skipped_same_execution_bar,USDJPY,2025.01.07 01:15:00,0,
2025.01.07 01:49:58,scan_executed_new_execution_bar,USDJPY,2025.01.07 01:30:00,0,
2025.01.07 01:54:59,scan_skipped_same_execution_bar,USDJPY,2025.01.07 01:30:00,0,
2025.01.07 02:04:59,scan_executed_new_execution_bar,USDJPY,2025.01.07 01:45:00,0,
2025.01.07 02:09:59,scan_skipped_same_execution_bar,USDJPY,2025.01.07 01:45:00,0,
2025.01.07 02:19:59,scan_executed_new_execution_bar,USDJPY,2025.01.07 02:00:00,0,
2025.01.07 02:24:59,scan_skipped_same_execution_bar,USDJPY,2025.01.07 02:00:00,0,
2025.01.07 02:34:59,scan_executed_new_execution_bar,USDJPY,2025.01.07 02:15:00,0,
2025.01.07 02:39:59,scan_skipped_same_execution_bar,USDJPY,2025.01.07 02:15:00,0,
2025.01.07 02:49:59,scan_executed_new_execution_bar,USDJPY,2025.01.07 02:30:00,0,
2025.01.07 02:54:59,scan_skipped_same_execution_bar,USDJPY,2025.01.07 02:30:00,0,
2025.01.07 03:04:59,scan_executed_new_execution_bar,USDJPY,2025.01.07 02:45:00,0,
2025.01.07 03:09:59,scan_skipped_same_execution_bar,USDJPY,2025.01.07 02:45:00,0,
2025.01.07 03:19:59,scan_executed_new_execution_bar,USDJPY,2025.01.07 03:00:00,0,
2025.01.07 03:24:59,scan_skipped_same_execution_bar,USDJPY,2025.01.07 03:00:00,0,
2025.01.07 03:34:59,scan_executed_new_execution_bar,USDJPY,2025.01.07 03:15:00,0,
2025.01.07 03:39:59,scan_skipped_same_execution_bar,USDJPY,2025.01.07 03:15:00,0,
2025.01.07 03:49:59,scan_executed_new_execution_bar,USDJPY,2025.01.07 03:30:00,0,
2025.01.07 03:54:59,scan_skipped_same_execution_bar,USDJPY,2025.01.07 03:30:00,0,
2025.01.07 04:04:59,scan_executed_new_execution_bar,USDJPY,2025.01.07 03:45:00,0,
2025.01.07 04:09:59,scan_skipped_same_execution_bar,USDJPY,2025.01.07 03:45:00,0,
2025.01.07 04:19:59,scan_executed_new_execution_bar,USDJPY,2025.01.07 04:00:00,16,
2025.01.07 04:24:59,scan_skipped_same_execution_bar,USDJPY,2025.01.07 04:00:00,0,
2025.01.07 04:34:59,scan_executed_new_execution_bar,USDJPY,2025.01.07 04:15:00,0,
2025.01.07 04:39:59,scan_skipped_same_execution_bar,USDJPY,2025.01.07 04:15:00,0,
2025.01.07 04:49:59,scan_executed_new_execution_bar,USDJPY,2025.01.07 04:30:00,0,
2025.01.07 04:54:59,scan_skipped_same_execution_bar,USDJPY,2025.01.07 04:30:00,0,
2025.01.07 05:04:59,scan_executed_new_execution_bar,USDJPY,2025.01.07 04:45:00,15,
2025.01.07 05:09:59,scan_skipped_same_execution_bar,USDJPY,2025.01.07 04:45:00,0,
2025.01.07 05:19:55,scan_executed_new_execution_bar,USDJPY,2025.01.07 05:00:00,16,
2025.01.07 05:24:59,scan_skipped_same_execution_bar,USDJPY,2025.01.07 05:00:00,0,
2025.01.07 05:34:59,scan_executed_new_execution_bar,USDJPY,2025.01.07 05:15:00,0,
2025.01.07 05:39:59,scan_skipped_same_execution_bar,USDJPY,2025.01.07 05:15:00,0,
2025.01.07 05:49:59,scan_executed_new_execution_bar,USDJPY,2025.01.07 05:30:00,0,
2025.01.07 05:54:59,scan_skipped_same_execution_bar,USDJPY,2025.01.07 05:30:00,0,
2025.01.07 06:04:59,scan_executed_new_execution_bar,USDJPY,2025.01.07 05:45:00,0,
2025.01.07 06:09:59,scan_skipped_same_execution_bar,USDJPY,2025.01.07 05:45:00,0,
2025.01.07 06:19:59,scan_executed_new_execution_bar,USDJPY,2025.01.07 06:00:00,16,
2025.01.07 06:24:59,scan_skipped_same_execution_bar,USDJPY,2025.01.07 06:00:00,0,
2025.01.07 06:34:59,scan_executed_new_execution_bar,USDJPY,2025.01.07 06:15:00,0,
2025.01.07 06:39:59,scan_skipped_same_execution_bar,USDJPY,2025.01.07 06:15:00,0,
2025.01.07 06:49:59,scan_executed_new_execution_bar,USDJPY,2025.01.07 06:30:00,16,
2025.01.07 06:54:59,scan_skipped_same_execution_bar,USDJPY,2025.01.07 06:30:00,0,
2025.01.07 07:04:59,scan_executed_new_execution_bar,USDJPY,2025.01.07 06:45:00,0,
2025.01.07 07:09:59,scan_skipped_same_execution_bar,USDJPY,2025.01.07 06:45:00,0,
2025.01.07 07:19:59,scan_executed_new_execution_bar,USDJPY,2025.01.07 07:00:00,0,
2025.01.07 07:24:59,scan_skipped_same_execution_bar,USDJPY,2025.01.07 07:00:00,0,
2025.01.07 07:35:00,scan_executed_new_execution_bar,USDJPY,2025.01.07 07:15:00,0,
2025.01.07 07:39:59,scan_skipped_same_execution_bar,USDJPY,2025.01.07 07:15:00,0,
2025.01.07 07:49:59,scan_executed_new_execution_bar,USDJPY,2025.01.07 07:30:00,0,
2025.01.07 07:55:00,scan_skipped_same_execution_bar,USDJPY,2025.01.07 07:30:00,0,
2025.01.07 08:04:59,scan_executed_new_execution_bar,USDJPY,2025.01.07 07:45:00,0,
2025.01.07 08:09:59,scan_skipped_same_execution_bar,USDJPY,2025.01.07 07:45:00,0,
2025.01.07 08:19:59,scan_executed_new_execution_bar,USDJPY,2025.01.07 08:00:00,0,
2025.01.07 08:24:59,scan_skipped_same_execution_bar,USDJPY,2025.01.07 08:00:00,0,
2025.01.07 08:34:59,scan_executed_new_execution_bar,USDJPY,2025.01.07 08:15:00,0,
2025.01.07 08:39:59,scan_skipped_same_execution_bar,USDJPY,2025.01.07 08:15:00,0,
2025.01.07 08:49:59,scan_executed_new_execution_bar,USDJPY,2025.01.07 08:30:00,0,
2025.01.07 08:54:59,scan_skipped_same_execution_bar,USDJPY,2025.01.07 08:30:00,0,
2025.01.07 09:04:59,scan_executed_new_execution_bar,USDJPY,2025.01.07 08:45:00,0,
2025.01.07 09:09:59,scan_skipped_same_execution_bar,USDJPY,2025.01.07 08:45:00,0,
2025.01.07 09:19:59,scan_executed_new_execution_bar,USDJPY,2025.01.07 09:00:00,0,
2025.01.07 09:24:59,scan_skipped_same_execution_bar,USDJPY,2025.01.07 09:00:00,0,
2025.01.07 09:34:59,scan_executed_new_execution_bar,USDJPY,2025.01.07 09:15:00,0,
2025.01.07 09:39:59,scan_skipped_same_execution_bar,USDJPY,2025.01.07 09:15:00,0,
2025.01.07 09:49:59,scan_executed_new_execution_bar,USDJPY,2025.01.07 09:30:00,0,
2025.01.07 09:54:59,scan_skipped_same_execution_bar,USDJPY,2025.01.07 09:30:00,0,
2025.01.07 10:04:59,scan_executed_new_execution_bar,USDJPY,2025.01.07 09:45:00,0,
2025.01.07 10:09:59,scan_skipped_same_execution_bar,USDJPY,2025.01.07 09:45:00,0,
2025.01.07 10:19:59,scan_executed_new_execution_bar,USDJPY,2025.01.07 10:00:00,0,
2025.01.07 10:24:59,scan_skipped_same_execution_bar,USDJPY,2025.01.07 10:00:00,0,
2025.01.07 10:34:59,scan_executed_new_execution_bar,USDJPY,2025.01.07 10:15:00,0,
2025.01.07 10:39:59,scan_skipped_same_execution_bar,USDJPY,2025.01.07 10:15:00,0,
2025.01.07 10:49:59,scan_executed_new_execution_bar,USDJPY,2025.01.07 10:30:00,0,
2025.01.07 10:54:59,scan_skipped_same_execution_bar,USDJPY,2025.01.07 10:30:00,0,
2025.01.07 11:04:59,scan_executed_new_execution_bar,USDJPY,2025.01.07 10:45:00,0,
2025.01.07 11:09:59,scan_skipped_same_execution_bar,USDJPY,2025.01.07 10:45:00,0,
2025.01.07 11:19:59,scan_executed_new_execution_bar,USDJPY,2025.01.07 11:00:00,0,
2025.01.07 11:24:59,scan_skipped_same_execution_bar,USDJPY,2025.01.07 11:00:00,0,
2025.01.07 11:34:59,scan_executed_new_execution_bar,USDJPY,2025.01.07 11:15:00,31,
2025.01.07 11:39:59,scan_skipped_same_execution_bar,USDJPY,2025.01.07 11:15:00,0,
2025.01.07 11:49:59,scan_executed_new_execution_bar,USDJPY,2025.01.07 11:30:00,0,
2025.01.07 11:54:59,scan_skipped_same_execution_bar,USDJPY,2025.01.07 11:30:00,0,
2025.01.07 12:04:59,scan_executed_new_execution_bar,USDJPY,2025.01.07 11:45:00,0,
2025.01.07 12:09:59,scan_skipped_same_execution_bar,USDJPY,2025.01.07 11:45:00,0,
2025.01.07 12:19:59,scan_executed_new_execution_bar,USDJPY,2025.01.07 12:00:00,0,
2025.01.07 12:24:59,scan_skipped_same_execution_bar,USDJPY,2025.01.07 12:00:00,0,
2025.01.07 12:34:59,scan_executed_new_execution_bar,USDJPY,2025.01.07 12:15:00,47,
2025.01.07 12:39:58,scan_skipped_same_execution_bar,USDJPY,2025.01.07 12:15:00,0,
2025.01.07 12:49:59,scan_executed_new_execution_bar,USDJPY,2025.01.07 12:30:00,0,
2025.01.07 12:54:59,scan_skipped_same_execution_bar,USDJPY,2025.01.07 12:30:00,0,
2025.01.07 13:04:59,scan_executed_new_execution_bar,USDJPY,2025.01.07 12:45:00,0,
2025.01.07 13:09:59,scan_skipped_same_execution_bar,USDJPY,2025.01.07 12:45:00,0,
2025.01.07 13:19:59,scan_executed_new_execution_bar,USDJPY,2025.01.07 13:00:00,47,
2025.01.07 13:24:59,scan_skipped_same_execution_bar,USDJPY,2025.01.07 13:00:00,0,
2025.01.07 13:34:59,scan_executed_new_execution_bar,USDJPY,2025.01.07 13:15:00,0,
2025.01.07 13:39:59,scan_skipped_same_execution_bar,USDJPY,2025.01.07 13:15:00,0,
2025.01.07 13:49:59,scan_executed_new_execution_bar,USDJPY,2025.01.07 13:30:00,16,
2025.01.07 13:54:59,scan_skipped_same_execution_bar,USDJPY,2025.01.07 13:30:00,0,
2025.01.07 14:04:59,scan_executed_new_execution_bar,USDJPY,2025.01.07 13:45:00,0,
2025.01.07 14:09:59,scan_skipped_same_execution_bar,USDJPY,2025.01.07 13:45:00,0,
2025.01.07 14:19:59,scan_executed_new_execution_bar,USDJPY,2025.01.07 14:00:00,0,
2025.01.07 14:25:00,scan_skipped_same_execution_bar,USDJPY,2025.01.07 14:00:00,0,
2025.01.07 14:34:59,scan_executed_new_execution_bar,USDJPY,2025.01.07 14:15:00,16,
2025.01.07 14:39:59,scan_skipped_same_execution_bar,USDJPY,2025.01.07 14:15:00,0,
2025.01.07 14:49:59,scan_executed_new_execution_bar,USDJPY,2025.01.07 14:30:00,0,
2025.01.07 14:54:59,scan_skipped_same_execution_bar,USDJPY,2025.01.07 14:30:00,0,
2025.01.07 15:04:59,scan_executed_new_execution_bar,USDJPY,2025.01.07 14:45:00,0,
2025.01.07 15:09:59,scan_skipped_same_execution_bar,USDJPY,2025.01.07 14:45:00,0,
2025.01.07 15:19:59,scan_executed_new_execution_bar,USDJPY,2025.01.07 15:00:00,0,
2025.01.07 15:24:59,scan_skipped_same_execution_bar,USDJPY,2025.01.07 15:00:00,0,
2025.01.07 15:34:59,scan_executed_new_execution_bar,USDJPY,2025.01.07 15:15:00,16,
2025.01.07 15:39:59,scan_skipped_same_execution_bar,USDJPY,2025.01.07 15:15:00,0,
2025.01.07 15:49:59,scan_executed_new_execution_bar,USDJPY,2025.01.07 15:30:00,0,
2025.01.07 15:54:59,scan_skipped_same_execution_bar,USDJPY,2025.01.07 15:30:00,0,
2025.01.07 16:04:59,scan_executed_new_execution_bar,USDJPY,2025.01.07 15:45:00,0,
2025.01.07 16:09:59,scan_skipped_same_execution_bar,USDJPY,2025.01.07 15:45:00,0,
2025.01.07 16:19:59,scan_executed_new_execution_bar,USDJPY,2025.01.07 16:00:00,0,
2025.01.07 16:25:00,scan_skipped_same_execution_bar,USDJPY,2025.01.07 16:00:00,0,
2025.01.07 16:34:59,scan_executed_new_execution_bar,USDJPY,2025.01.07 16:15:00,31,
2025.01.07 16:39:59,scan_skipped_same_execution_bar,USDJPY,2025.01.07 16:15:00,0,
2025.01.07 16:49:59,scan_executed_new_execution_bar,USDJPY,2025.01.07 16:30:00,0,
2025.01.07 16:54:59,scan_skipped_same_execution_bar,USDJPY,2025.01.07 16:30:00,0,
2025.01.07 17:04:59,scan_executed_new_execution_bar,USDJPY,2025.01.07 16:45:00,0,
2025.01.07 17:09:59,scan_skipped_same_execution_bar,USDJPY,2025.01.07 16:45:00,0,
2025.01.07 17:19:59,scan_executed_new_execution_bar,USDJPY,2025.01.07 17:00:00,15,
2025.01.07 17:24:59,scan_skipped_same_execution_bar,USDJPY,2025.01.07 17:00:00,0,
2025.01.07 17:34:59,scan_executed_new_execution_bar,USDJPY,2025.01.07 17:15:00,47,
2025.01.07 17:39:59,scan_skipped_same_execution_bar,USDJPY,2025.01.07 17:15:00,0,
2025.01.07 17:49:59,scan_executed_new_execution_bar,USDJPY,2025.01.07 17:30:00,0,
2025.01.07 17:54:59,scan_skipped_same_execution_bar,USDJPY,2025.01.07 17:30:00,0,
2025.01.07 18:04:59,scan_executed_new_execution_bar,USDJPY,2025.01.07 17:45:00,31,
2025.01.07 18:09:59,scan_skipped_same_execution_bar,USDJPY,2025.01.07 17:45:00,0,
2025.01.07 18:19:59,scan_executed_new_execution_bar,USDJPY,2025.01.07 18:00:00,0,
2025.01.07 18:24:59,scan_skipped_same_execution_bar,USDJPY,2025.01.07 18:00:00,0,
2025.01.07 18:34:59,scan_executed_new_execution_bar,USDJPY,2025.01.07 18:15:00,0,
2025.01.07 18:39:59,scan_skipped_same_execution_bar,USDJPY,2025.01.07 18:15:00,0,
2025.01.07 18:49:59,scan_executed_new_execution_bar,USDJPY,2025.01.07 18:30:00,31,
2025.01.07 18:54:59,scan_skipped_same_execution_bar,USDJPY,2025.01.07 18:30:00,0,
2025.01.07 19:04:59,scan_executed_new_execution_bar,USDJPY,2025.01.07 18:45:00,0,
2025.01.07 19:09:59,scan_skipped_same_execution_bar,USDJPY,2025.01.07 18:45:00,0,
2025.01.07 19:19:59,scan_executed_new_execution_bar,USDJPY,2025.01.07 19:00:00,0,
2025.01.07 19:24:59,scan_skipped_same_execution_bar,USDJPY,2025.01.07 19:00:00,0,
2025.01.07 19:34:59,scan_executed_new_execution_bar,USDJPY,2025.01.07 19:15:00,47,
2025.01.07 19:39:59,scan_skipped_same_execution_bar,USDJPY,2025.01.07 19:15:00,0,
2025.01.07 19:49:59,scan_executed_new_execution_bar,USDJPY,2025.01.07 19:30:00,15,
2025.01.07 19:54:59,scan_skipped_same_execution_bar,USDJPY,2025.01.07 19:30:00,0,
2025.01.07 20:04:59,scan_executed_new_execution_bar,USDJPY,2025.01.07 19:45:00,31,
2025.01.07 20:09:59,scan_skipped_same_execution_bar,USDJPY,2025.01.07 19:45:00,0,
2025.01.07 20:19:59,scan_executed_new_execution_bar,USDJPY,2025.01.07 20:00:00,0,
2025.01.07 20:24:59,scan_skipped_same_execution_bar,USDJPY,2025.01.07 20:00:00,0,
2025.01.07 20:34:59,scan_executed_new_execution_bar,USDJPY,2025.01.07 20:15:00,0,
2025.01.07 20:39:59,scan_skipped_same_execution_bar,USDJPY,2025.01.07 20:15:00,0,
2025.01.07 20:49:59,scan_executed_new_execution_bar,USDJPY,2025.01.07 20:30:00,16,
2025.01.07 20:54:58,scan_skipped_same_execution_bar,USDJPY,2025.01.07 20:30:00,0,
2025.01.07 21:04:59,scan_executed_new_execution_bar,USDJPY,2025.01.07 20:45:00,31,
2025.01.07 21:09:59,scan_skipped_same_execution_bar,USDJPY,2025.01.07 20:45:00,0,
2025.01.07 21:19:59,scan_executed_new_execution_bar,USDJPY,2025.01.07 21:00:00,0,
2025.01.07 21:24:59,scan_skipped_same_execution_bar,USDJPY,2025.01.07 21:00:00,0,
2025.01.07 21:34:59,scan_executed_new_execution_bar,USDJPY,2025.01.07 21:15:00,15,
2025.01.07 21:39:58,scan_skipped_same_execution_bar,USDJPY,2025.01.07 21:15:00,0,
2025.01.07 21:49:56,scan_executed_new_execution_bar,USDJPY,2025.01.07 21:30:00,32,
2025.01.07 21:54:59,scan_skipped_same_execution_bar,USDJPY,2025.01.07 21:30:00,0,
2025.01.07 22:04:59,scan_executed_new_execution_bar,USDJPY,2025.01.07 21:45:00,0,
2025.01.07 22:09:59,scan_skipped_same_execution_bar,USDJPY,2025.01.07 21:45:00,0,
2025.01.07 22:19:55,scan_executed_new_execution_bar,USDJPY,2025.01.07 22:00:00,0,
2025.01.07 22:24:59,scan_skipped_same_execution_bar,USDJPY,2025.01.07 22:00:00,0,
2025.01.07 22:34:59,scan_executed_new_execution_bar,USDJPY,2025.01.07 22:15:00,0,
2025.01.07 22:39:59,scan_skipped_same_execution_bar,USDJPY,2025.01.07 22:15:00,0,
2025.01.07 22:49:59,scan_executed_new_execution_bar,USDJPY,2025.01.07 22:30:00,0,
2025.01.07 22:54:59,scan_skipped_same_execution_bar,USDJPY,2025.01.07 22:30:00,0,
2025.01.07 23:04:59,scan_executed_new_execution_bar,USDJPY,2025.01.07 22:45:00,0,
2025.01.07 23:09:59,scan_skipped_same_execution_bar,USDJPY,2025.01.07 22:45:00,0,
2025.01.07 23:19:59,scan_executed_new_execution_bar,USDJPY,2025.01.07 23:00:00,0,
2025.01.07 23:24:59,scan_skipped_same_execution_bar,USDJPY,2025.01.07 23:00:00,0,
2025.01.07 23:34:58,scan_executed_new_execution_bar,USDJPY,2025.01.07 23:15:00,0,
2025.01.07 23:39:58,scan_skipped_same_execution_bar,USDJPY,2025.01.07 23:15:00,0,
2025.01.07 23:49:59,scan_executed_new_execution_bar,USDJPY,2025.01.07 23:30:00,16,
2025.01.07 23:54:59,scan_skipped_same_execution_bar,USDJPY,2025.01.07 23:30:00,0,
2025.01.08 00:04:55,scan_executed_new_execution_bar,USDJPY,2025.01.07 23:45:00,0,
2025.01.08 00:09:59,scan_skipped_same_execution_bar,USDJPY,2025.01.07 23:45:00,0,
2025.01.08 00:19:57,scan_executed_new_execution_bar,USDJPY,2025.01.08 00:00:00,0,
2025.01.08 00:24:58,scan_skipped_same_execution_bar,USDJPY,2025.01.08 00:00:00,0,
2025.01.08 00:34:58,scan_executed_new_execution_bar,USDJPY,2025.01.08 00:15:00,15,
2025.01.08 00:39:58,scan_skipped_same_execution_bar,USDJPY,2025.01.08 00:15:00,0,
2025.01.08 00:49:59,scan_executed_new_execution_bar,USDJPY,2025.01.08 00:30:00,0,
2025.01.08 00:54:58,scan_skipped_same_execution_bar,USDJPY,2025.01.08 00:30:00,0,
2025.01.08 01:04:58,scan_executed_new_execution_bar,USDJPY,2025.01.08 00:45:00,0,
2025.01.08 01:09:59,scan_skipped_same_execution_bar,USDJPY,2025.01.08 00:45:00,0,
2025.01.08 01:19:59,scan_executed_new_execution_bar,USDJPY,2025.01.08 01:00:00,0,
2025.01.08 01:24:59,scan_skipped_same_execution_bar,USDJPY,2025.01.08 01:00:00,0,
2025.01.08 01:34:58,scan_executed_new_execution_bar,USDJPY,2025.01.08 01:15:00,0,
2025.01.08 01:39:59,scan_skipped_same_execution_bar,USDJPY,2025.01.08 01:15:00,0,
2025.01.08 01:49:59,scan_executed_new_execution_bar,USDJPY,2025.01.08 01:30:00,0,
2025.01.08 01:54:59,scan_skipped_same_execution_bar,USDJPY,2025.01.08 01:30:00,0,
2025.01.08 02:05:00,scan_executed_new_execution_bar,USDJPY,2025.01.08 01:45:00,0,
2025.01.08 02:09:59,scan_skipped_same_execution_bar,USDJPY,2025.01.08 01:45:00,0,
2025.01.08 02:19:59,scan_executed_new_execution_bar,USDJPY,2025.01.08 02:00:00,0,
2025.01.08 02:24:59,scan_skipped_same_execution_bar,USDJPY,2025.01.08 02:00:00,0,
2025.01.08 02:34:59,scan_executed_new_execution_bar,USDJPY,2025.01.08 02:15:00,0,
2025.01.08 02:39:59,scan_skipped_same_execution_bar,USDJPY,2025.01.08 02:15:00,0,
2025.01.08 02:49:59,scan_executed_new_execution_bar,USDJPY,2025.01.08 02:30:00,0,
2025.01.08 02:54:59,scan_skipped_same_execution_bar,USDJPY,2025.01.08 02:30:00,0,
2025.01.08 03:04:59,scan_executed_new_execution_bar,USDJPY,2025.01.08 02:45:00,0,
2025.01.08 03:09:59,scan_skipped_same_execution_bar,USDJPY,2025.01.08 02:45:00,0,
2025.01.08 03:19:59,scan_executed_new_execution_bar,USDJPY,2025.01.08 03:00:00,0,
2025.01.08 03:24:59,scan_skipped_same_execution_bar,USDJPY,2025.01.08 03:00:00,0,
2025.01.08 03:34:59,scan_executed_new_execution_bar,USDJPY,2025.01.08 03:15:00,0,
2025.01.08 03:39:59,scan_skipped_same_execution_bar,USDJPY,2025.01.08 03:15:00,0,
2025.01.08 03:49:59,scan_executed_new_execution_bar,USDJPY,2025.01.08 03:30:00,0,
2025.01.08 03:54:59,scan_skipped_same_execution_bar,USDJPY,2025.01.08 03:30:00,0,
2025.01.08 04:04:58,scan_executed_new_execution_bar,USDJPY,2025.01.08 03:45:00,16,
2025.01.08 04:09:59,scan_skipped_same_execution_bar,USDJPY,2025.01.08 03:45:00,0,
2025.01.08 04:19:59,scan_executed_new_execution_bar,USDJPY,2025.01.08 04:00:00,0,
2025.01.08 04:24:59,scan_skipped_same_execution_bar,USDJPY,2025.01.08 04:00:00,0,
2025.01.08 04:34:59,scan_executed_new_execution_bar,USDJPY,2025.01.08 04:15:00,0,
2025.01.08 04:39:58,scan_skipped_same_execution_bar,USDJPY,2025.01.08 04:15:00,0,
2025.01.08 04:49:59,scan_executed_new_execution_bar,USDJPY,2025.01.08 04:30:00,0,
2025.01.08 04:54:59,scan_skipped_same_execution_bar,USDJPY,2025.01.08 04:30:00,0,
2025.01.08 05:04:59,scan_executed_new_execution_bar,USDJPY,2025.01.08 04:45:00,16,
2025.01.08 05:10:00,scan_skipped_same_execution_bar,USDJPY,2025.01.08 04:45:00,0,
2025.01.08 05:19:59,scan_executed_new_execution_bar,USDJPY,2025.01.08 05:00:00,0,
2025.01.08 05:24:59,scan_skipped_same_execution_bar,USDJPY,2025.01.08 05:00:00,0,
2025.01.08 05:34:59,scan_executed_new_execution_bar,USDJPY,2025.01.08 05:15:00,0,
2025.01.08 05:39:59,scan_skipped_same_execution_bar,USDJPY,2025.01.08 05:15:00,0,
2025.01.08 05:49:59,scan_executed_new_execution_bar,USDJPY,2025.01.08 05:30:00,0,
2025.01.08 05:54:59,scan_skipped_same_execution_bar,USDJPY,2025.01.08 05:30:00,0,
2025.01.08 06:04:59,scan_executed_new_execution_bar,USDJPY,2025.01.08 05:45:00,0,
2025.01.08 06:09:59,scan_skipped_same_execution_bar,USDJPY,2025.01.08 05:45:00,0,
2025.01.08 06:19:59,scan_executed_new_execution_bar,USDJPY,2025.01.08 06:00:00,0,
2025.01.08 06:24:56,scan_skipped_same_execution_bar,USDJPY,2025.01.08 06:00:00,0,
2025.01.08 06:34:58,scan_executed_new_execution_bar,USDJPY,2025.01.08 06:15:00,0,
2025.01.08 06:39:59,scan_skipped_same_execution_bar,USDJPY,2025.01.08 06:15:00,0,
2025.01.08 06:50:00,scan_executed_new_execution_bar,USDJPY,2025.01.08 06:30:00,0,
2025.01.08 06:54:58,scan_skipped_same_execution_bar,USDJPY,2025.01.08 06:30:00,0,
2025.01.08 07:04:59,scan_executed_new_execution_bar,USDJPY,2025.01.08 06:45:00,0,
2025.01.08 07:09:59,scan_skipped_same_execution_bar,USDJPY,2025.01.08 06:45:00,0,
2025.01.08 07:19:59,scan_executed_new_execution_bar,USDJPY,2025.01.08 07:00:00,16,
2025.01.08 07:24:59,scan_skipped_same_execution_bar,USDJPY,2025.01.08 07:00:00,0,
2025.01.08 07:34:59,scan_executed_new_execution_bar,USDJPY,2025.01.08 07:15:00,15,
2025.01.08 07:39:59,scan_skipped_same_execution_bar,USDJPY,2025.01.08 07:15:00,0,
2025.01.08 07:49:59,scan_executed_new_execution_bar,USDJPY,2025.01.08 07:30:00,16,
2025.01.08 07:54:59,scan_skipped_same_execution_bar,USDJPY,2025.01.08 07:30:00,0,
2025.01.08 08:04:59,scan_executed_new_execution_bar,USDJPY,2025.01.08 07:45:00,0,
2025.01.08 08:09:59,scan_skipped_same_execution_bar,USDJPY,2025.01.08 07:45:00,0,
2025.01.08 08:19:59,scan_executed_new_execution_bar,USDJPY,2025.01.08 08:00:00,15,
2025.01.08 08:24:59,scan_skipped_same_execution_bar,USDJPY,2025.01.08 08:00:00,0,
2025.01.08 08:34:59,scan_executed_new_execution_bar,USDJPY,2025.01.08 08:15:00,16,
2025.01.08 08:39:59,scan_skipped_same_execution_bar,USDJPY,2025.01.08 08:15:00,0,
2025.01.08 08:49:57,scan_executed_new_execution_bar,USDJPY,2025.01.08 08:30:00,0,
2025.01.08 08:54:59,scan_skipped_same_execution_bar,USDJPY,2025.01.08 08:30:00,0,
2025.01.08 09:04:58,scan_executed_new_execution_bar,USDJPY,2025.01.08 08:45:00,0,
2025.01.08 09:09:59,scan_skipped_same_execution_bar,USDJPY,2025.01.08 08:45:00,0,
2025.01.08 09:19:59,scan_executed_new_execution_bar,USDJPY,2025.01.08 09:00:00,0,
2025.01.08 09:24:59,scan_skipped_same_execution_bar,USDJPY,2025.01.08 09:00:00,0,
2025.01.08 09:34:59,scan_executed_new_execution_bar,USDJPY,2025.01.08 09:15:00,0,
2025.01.08 09:39:59,scan_skipped_same_execution_bar,USDJPY,2025.01.08 09:15:00,0,
2025.01.08 09:50:00,scan_executed_new_execution_bar,USDJPY,2025.01.08 09:30:00,0,
2025.01.08 09:54:59,scan_skipped_same_execution_bar,USDJPY,2025.01.08 09:30:00,0,
2025.01.08 10:04:59,scan_executed_new_execution_bar,USDJPY,2025.01.08 09:45:00,0,
2025.01.08 10:09:59,scan_skipped_same_execution_bar,USDJPY,2025.01.08 09:45:00,0,
2025.01.08 10:20:00,scan_executed_new_execution_bar,USDJPY,2025.01.08 10:00:00,0,
2025.01.08 10:24:59,scan_skipped_same_execution_bar,USDJPY,2025.01.08 10:00:00,0,
2025.01.08 10:34:59,scan_executed_new_execution_bar,USDJPY,2025.01.08 10:15:00,0,
2025.01.08 10:39:59,scan_skipped_same_execution_bar,USDJPY,2025.01.08 10:15:00,0,
2025.01.08 10:49:59,scan_executed_new_execution_bar,USDJPY,2025.01.08 10:30:00,15,
2025.01.08 10:54:59,scan_skipped_same_execution_bar,USDJPY,2025.01.08 10:30:00,0,
2025.01.08 11:04:59,scan_executed_new_execution_bar,USDJPY,2025.01.08 10:45:00,0,
2025.01.08 11:09:59,scan_skipped_same_execution_bar,USDJPY,2025.01.08 10:45:00,0,
2025.01.08 11:19:59,scan_executed_new_execution_bar,USDJPY,2025.01.08 11:00:00,47,
2025.01.08 11:24:59,scan_skipped_same_execution_bar,USDJPY,2025.01.08 11:00:00,0,
2025.01.08 11:34:59,scan_executed_new_execution_bar,USDJPY,2025.01.08 11:15:00,0,
2025.01.08 11:39:59,scan_skipped_same_execution_bar,USDJPY,2025.01.08 11:15:00,0,
2025.01.08 11:49:58,scan_executed_new_execution_bar,USDJPY,2025.01.08 11:30:00,31,
2025.01.08 11:54:59,scan_skipped_same_execution_bar,USDJPY,2025.01.08 11:30:00,0,
2025.01.08 12:04:59,scan_executed_new_execution_bar,USDJPY,2025.01.08 11:45:00,0,
2025.01.08 12:09:59,scan_skipped_same_execution_bar,USDJPY,2025.01.08 11:45:00,0,
2025.01.08 12:19:59,scan_executed_new_execution_bar,USDJPY,2025.01.08 12:00:00,0,
2025.01.08 12:24:59,scan_skipped_same_execution_bar,USDJPY,2025.01.08 12:00:00,0,
2025.01.08 12:34:59,scan_executed_new_execution_bar,USDJPY,2025.01.08 12:15:00,15,
2025.01.08 12:39:59,scan_skipped_same_execution_bar,USDJPY,2025.01.08 12:15:00,0,
2025.01.08 12:49:59,scan_executed_new_execution_bar,USDJPY,2025.01.08 12:30:00,0,
2025.01.08 12:54:59,scan_skipped_same_execution_bar,USDJPY,2025.01.08 12:30:00,0,
2025.01.08 13:04:59,scan_executed_new_execution_bar,USDJPY,2025.01.08 12:45:00,15,
2025.01.08 13:09:59,scan_skipped_same_execution_bar,USDJPY,2025.01.08 12:45:00,0,
2025.01.08 13:19:59,scan_executed_new_execution_bar,USDJPY,2025.01.08 13:00:00,0,
2025.01.08 13:24:59,scan_skipped_same_execution_bar,USDJPY,2025.01.08 13:00:00,0,
2025.01.08 13:34:59,scan_executed_new_execution_bar,USDJPY,2025.01.08 13:15:00,0,
2025.01.08 13:39:59,scan_skipped_same_execution_bar,USDJPY,2025.01.08 13:15:00,0,
2025.01.08 13:49:59,scan_executed_new_execution_bar,USDJPY,2025.01.08 13:30:00,0,
2025.01.08 13:54:59,scan_skipped_same_execution_bar,USDJPY,2025.01.08 13:30:00,0,
2025.01.08 14:04:59,scan_executed_new_execution_bar,USDJPY,2025.01.08 13:45:00,31,
2025.01.08 14:09:59,scan_skipped_same_execution_bar,USDJPY,2025.01.08 13:45:00,0,
2025.01.08 14:19:59,scan_executed_new_execution_bar,USDJPY,2025.01.08 14:00:00,0,
2025.01.08 14:24:59,scan_skipped_same_execution_bar,USDJPY,2025.01.08 14:00:00,0,
2025.01.08 14:34:59,scan_executed_new_execution_bar,USDJPY,2025.01.08 14:15:00,0,
2025.01.08 14:39:59,scan_skipped_same_execution_bar,USDJPY,2025.01.08 14:15:00,0,
2025.01.08 14:50:00,scan_executed_new_execution_bar,USDJPY,2025.01.08 14:30:00,31,
2025.01.08 14:54:59,scan_skipped_same_execution_bar,USDJPY,2025.01.08 14:30:00,0,
2025.01.08 15:04:59,scan_executed_new_execution_bar,USDJPY,2025.01.08 14:45:00,0,
2025.01.08 15:09:59,scan_skipped_same_execution_bar,USDJPY,2025.01.08 14:45:00,0,
2025.01.08 15:19:59,scan_executed_new_execution_bar,USDJPY,2025.01.08 15:00:00,0,
2025.01.08 15:24:59,scan_skipped_same_execution_bar,USDJPY,2025.01.08 15:00:00,0,
2025.01.08 15:34:59,scan_executed_new_execution_bar,USDJPY,2025.01.08 15:15:00,31,
2025.01.08 15:39:59,scan_skipped_same_execution_bar,USDJPY,2025.01.08 15:15:00,0,
2025.01.08 15:49:59,scan_executed_new_execution_bar,USDJPY,2025.01.08 15:30:00,0,
2025.01.08 15:54:59,scan_skipped_same_execution_bar,USDJPY,2025.01.08 15:30:00,0,
2025.01.08 16:04:59,scan_executed_new_execution_bar,USDJPY,2025.01.08 15:45:00,46,
2025.01.08 16:09:59,scan_skipped_same_execution_bar,USDJPY,2025.01.08 15:45:00,0,
2025.01.08 16:19:59,scan_executed_new_execution_bar,USDJPY,2025.01.08 16:00:00,0,
2025.01.08 16:24:59,scan_skipped_same_execution_bar,USDJPY,2025.01.08 16:00:00,0,
2025.01.08 16:34:59,scan_executed_new_execution_bar,USDJPY,2025.01.08 16:15:00,15,
2025.01.08 16:39:59,scan_skipped_same_execution_bar,USDJPY,2025.01.08 16:15:00,0,
2025.01.08 16:49:59,scan_executed_new_execution_bar,USDJPY,2025.01.08 16:30:00,0,
2025.01.08 16:54:59,scan_skipped_same_execution_bar,USDJPY,2025.01.08 16:30:00,0,
2025.01.08 17:04:59,scan_executed_new_execution_bar,USDJPY,2025.01.08 16:45:00,0,
2025.01.08 17:09:59,scan_skipped_same_execution_bar,USDJPY,2025.01.08 16:45:00,0,
2025.01.08 17:19:59,scan_executed_new_execution_bar,USDJPY,2025.01.08 17:00:00,31,
2025.01.08 17:24:59,scan_skipped_same_execution_bar,USDJPY,2025.01.08 17:00:00,0,
2025.01.08 17:34:59,scan_executed_new_execution_bar,USDJPY,2025.01.08 17:15:00,0,
2025.01.08 17:39:59,scan_skipped_same_execution_bar,USDJPY,2025.01.08 17:15:00,0,
2025.01.08 17:49:59,scan_executed_new_execution_bar,USDJPY,2025.01.08 17:30:00,0,
2025.01.08 17:54:59,scan_skipped_same_execution_bar,USDJPY,2025.01.08 17:30:00,0,
2025.01.08 18:04:59,scan_executed_new_execution_bar,USDJPY,2025.01.08 17:45:00,32,
2025.01.08 18:09:59,scan_skipped_same_execution_bar,USDJPY,2025.01.08 17:45:00,0,
2025.01.08 18:19:59,scan_executed_new_execution_bar,USDJPY,2025.01.08 18:00:00,0,
2025.01.08 18:24:59,scan_skipped_same_execution_bar,USDJPY,2025.01.08 18:00:00,0,
2025.01.08 18:34:59,scan_executed_new_execution_bar,USDJPY,2025.01.08 18:15:00,16,
2025.01.08 18:39:59,scan_skipped_same_execution_bar,USDJPY,2025.01.08 18:15:00,0,
2025.01.08 18:49:59,scan_executed_new_execution_bar,USDJPY,2025.01.08 18:30:00,0,
2025.01.08 18:55:00,scan_skipped_same_execution_bar,USDJPY,2025.01.08 18:30:00,0,
2025.01.08 19:04:59,scan_executed_new_execution_bar,USDJPY,2025.01.08 18:45:00,16,
2025.01.08 19:10:00,scan_skipped_same_execution_bar,USDJPY,2025.01.08 18:45:00,0,
2025.01.08 19:19:59,scan_executed_new_execution_bar,USDJPY,2025.01.08 19:00:00,0,
2025.01.08 19:24:59,scan_skipped_same_execution_bar,USDJPY,2025.01.08 19:00:00,0,
2025.01.08 19:34:59,scan_executed_new_execution_bar,USDJPY,2025.01.08 19:15:00,0,
2025.01.08 19:39:59,scan_skipped_same_execution_bar,USDJPY,2025.01.08 19:15:00,0,
2025.01.08 19:49:59,scan_executed_new_execution_bar,USDJPY,2025.01.08 19:30:00,16,
2025.01.08 19:54:59,scan_skipped_same_execution_bar,USDJPY,2025.01.08 19:30:00,0,
2025.01.08 20:04:59,scan_executed_new_execution_bar,USDJPY,2025.01.08 19:45:00,0,
2025.01.08 20:09:59,scan_skipped_same_execution_bar,USDJPY,2025.01.08 19:45:00,0,
2025.01.08 20:19:59,scan_executed_new_execution_bar,USDJPY,2025.01.08 20:00:00,0,
2025.01.08 20:24:59,scan_skipped_same_execution_bar,USDJPY,2025.01.08 20:00:00,0,
2025.01.08 20:34:59,scan_executed_new_execution_bar,USDJPY,2025.01.08 20:15:00,16,
2025.01.08 20:39:59,scan_skipped_same_execution_bar,USDJPY,2025.01.08 20:15:00,0,
2025.01.08 20:49:59,scan_executed_new_execution_bar,USDJPY,2025.01.08 20:30:00,0,
2025.01.08 20:54:59,scan_skipped_same_execution_bar,USDJPY,2025.01.08 20:30:00,0,
2025.01.08 21:04:59,scan_executed_new_execution_bar,USDJPY,2025.01.08 20:45:00,0,
2025.01.08 21:09:59,scan_skipped_same_execution_bar,USDJPY,2025.01.08 20:45:00,0,
2025.01.08 21:19:59,scan_executed_new_execution_bar,USDJPY,2025.01.08 21:00:00,0,
2025.01.08 21:24:59,scan_skipped_same_execution_bar,USDJPY,2025.01.08 21:00:00,0,
2025.01.08 21:34:58,scan_executed_new_execution_bar,USDJPY,2025.01.08 21:15:00,15,
2025.01.08 21:39:59,scan_skipped_same_execution_bar,USDJPY,2025.01.08 21:15:00,0,
2025.01.08 21:49:59,scan_executed_new_execution_bar,USDJPY,2025.01.08 21:30:00,32,
2025.01.08 21:54:59,scan_skipped_same_execution_bar,USDJPY,2025.01.08 21:30:00,0,
2025.01.08 22:04:59,scan_executed_new_execution_bar,USDJPY,2025.01.08 21:45:00,0,
2025.01.08 22:09:59,scan_skipped_same_execution_bar,USDJPY,2025.01.08 21:45:00,0,
2025.01.08 22:19:59,scan_executed_new_execution_bar,USDJPY,2025.01.08 22:00:00,31,
2025.01.08 22:24:58,scan_skipped_same_execution_bar,USDJPY,2025.01.08 22:00:00,0,
2025.01.08 22:34:59,scan_executed_new_execution_bar,USDJPY,2025.01.08 22:15:00,0,
2025.01.08 22:39:58,scan_skipped_same_execution_bar,USDJPY,2025.01.08 22:15:00,0,
2025.01.08 22:49:59,scan_executed_new_execution_bar,USDJPY,2025.01.08 22:30:00,0,
2025.01.08 22:54:59,scan_skipped_same_execution_bar,USDJPY,2025.01.08 22:30:00,0,
2025.01.08 23:04:59,scan_executed_new_execution_bar,USDJPY,2025.01.08 22:45:00,0,
2025.01.08 23:09:59,scan_skipped_same_execution_bar,USDJPY,2025.01.08 22:45:00,0,
2025.01.08 23:19:59,scan_executed_new_execution_bar,USDJPY,2025.01.08 23:00:00,0,
2025.01.08 23:24:58,scan_skipped_same_execution_bar,USDJPY,2025.01.08 23:00:00,0,
2025.01.08 23:34:59,scan_executed_new_execution_bar,USDJPY,2025.01.08 23:15:00,0,
2025.01.08 23:39:59,scan_skipped_same_execution_bar,USDJPY,2025.01.08 23:15:00,0,
2025.01.08 23:49:59,scan_executed_new_execution_bar,USDJPY,2025.01.08 23:30:00,0,
2025.01.08 23:54:59,scan_skipped_same_execution_bar,USDJPY,2025.01.08 23:30:00,0,
2025.01.09 00:04:55,scan_executed_new_execution_bar,USDJPY,2025.01.08 23:45:00,0,
2025.01.09 00:09:59,scan_skipped_same_execution_bar,USDJPY,2025.01.08 23:45:00,0,
2025.01.09 00:19:59,scan_executed_new_execution_bar,USDJPY,2025.01.09 00:00:00,0,
2025.01.09 00:24:59,scan_skipped_same_execution_bar,USDJPY,2025.01.09 00:00:00,0,
2025.01.09 00:34:59,scan_executed_new_execution_bar,USDJPY,2025.01.09 00:15:00,0,
2025.01.09 00:39:59,scan_skipped_same_execution_bar,USDJPY,2025.01.09 00:15:00,0,
2025.01.09 00:49:59,scan_executed_new_execution_bar,USDJPY,2025.01.09 00:30:00,0,
2025.01.09 00:55:00,scan_skipped_same_execution_bar,USDJPY,2025.01.09 00:30:00,0,
2025.01.09 01:05:00,scan_executed_new_execution_bar,USDJPY,2025.01.09 00:45:00,0,
2025.01.09 01:09:59,scan_skipped_same_execution_bar,USDJPY,2025.01.09 00:45:00,0,
2025.01.09 01:19:59,scan_executed_new_execution_bar,USDJPY,2025.01.09 01:00:00,0,
2025.01.09 01:24:59,scan_skipped_same_execution_bar,USDJPY,2025.01.09 01:00:00,0,
2025.01.09 01:34:59,scan_executed_new_execution_bar,USDJPY,2025.01.09 01:15:00,0,
2025.01.09 01:39:59,scan_skipped_same_execution_bar,USDJPY,2025.01.09 01:15:00,0,
2025.01.09 01:49:58,scan_executed_new_execution_bar,USDJPY,2025.01.09 01:30:00,0,
2025.01.09 01:54:58,scan_skipped_same_execution_bar,USDJPY,2025.01.09 01:30:00,0,
2025.01.09 02:04:59,scan_executed_new_execution_bar,USDJPY,2025.01.09 01:45:00,0,
2025.01.09 02:09:59,scan_skipped_same_execution_bar,USDJPY,2025.01.09 01:45:00,0,
2025.01.09 02:19:59,scan_executed_new_execution_bar,USDJPY,2025.01.09 02:00:00,0,
2025.01.09 02:24:59,scan_skipped_same_execution_bar,USDJPY,2025.01.09 02:00:00,0,
2025.01.09 02:34:59,scan_executed_new_execution_bar,USDJPY,2025.01.09 02:15:00,0,
2025.01.09 02:39:59,scan_skipped_same_execution_bar,USDJPY,2025.01.09 02:15:00,0,
2025.01.09 02:49:59,scan_executed_new_execution_bar,USDJPY,2025.01.09 02:30:00,0,
2025.01.09 02:54:59,scan_skipped_same_execution_bar,USDJPY,2025.01.09 02:30:00,0,
2025.01.09 03:04:59,scan_executed_new_execution_bar,USDJPY,2025.01.09 02:45:00,0,
2025.01.09 03:09:58,scan_skipped_same_execution_bar,USDJPY,2025.01.09 02:45:00,0,
2025.01.09 03:19:59,scan_executed_new_execution_bar,USDJPY,2025.01.09 03:00:00,0,
2025.01.09 03:24:59,scan_skipped_same_execution_bar,USDJPY,2025.01.09 03:00:00,0,
2025.01.09 03:34:59,scan_executed_new_execution_bar,USDJPY,2025.01.09 03:15:00,0,
2025.01.09 03:39:59,scan_skipped_same_execution_bar,USDJPY,2025.01.09 03:15:00,0,
2025.01.09 03:49:59,scan_executed_new_execution_bar,USDJPY,2025.01.09 03:30:00,0,
2025.01.09 03:54:59,scan_skipped_same_execution_bar,USDJPY,2025.01.09 03:30:00,0,
2025.01.09 04:04:59,scan_executed_new_execution_bar,USDJPY,2025.01.09 03:45:00,16,
2025.01.09 04:09:58,scan_skipped_same_execution_bar,USDJPY,2025.01.09 03:45:00,0,
2025.01.09 04:15:00,scan_executed_new_execution_bar,USDJPY,2025.01.09 04:00:00,0,
2025.01.09 04:19:59,scan_skipped_same_execution_bar,USDJPY,2025.01.09 04:00:00,0,
2025.01.09 04:34:59,scan_executed_new_execution_bar,USDJPY,2025.01.09 04:15:00,0,
2025.01.09 04:39:59,scan_skipped_same_execution_bar,USDJPY,2025.01.09 04:15:00,0,
2025.01.09 04:49:59,scan_executed_new_execution_bar,USDJPY,2025.01.09 04:30:00,0,
2025.01.09 04:54:59,scan_skipped_same_execution_bar,USDJPY,2025.01.09 04:30:00,0,
2025.01.09 05:04:59,scan_executed_new_execution_bar,USDJPY,2025.01.09 04:45:00,0,
2025.01.09 05:09:59,scan_skipped_same_execution_bar,USDJPY,2025.01.09 04:45:00,0,
2025.01.09 05:19:59,scan_executed_new_execution_bar,USDJPY,2025.01.09 05:00:00,0,
2025.01.09 05:24:59,scan_skipped_same_execution_bar,USDJPY,2025.01.09 05:00:00,0,
2025.01.09 05:34:59,scan_executed_new_execution_bar,USDJPY,2025.01.09 05:15:00,0,
2025.01.09 05:39:59,scan_skipped_same_execution_bar,USDJPY,2025.01.09 05:15:00,0,
2025.01.09 05:49:59,scan_executed_new_execution_bar,USDJPY,2025.01.09 05:30:00,16,
2025.01.09 05:54:59,scan_skipped_same_execution_bar,USDJPY,2025.01.09 05:30:00,0,
2025.01.09 06:04:59,scan_executed_new_execution_bar,USDJPY,2025.01.09 05:45:00,0,
2025.01.09 06:09:59,scan_skipped_same_execution_bar,USDJPY,2025.01.09 05:45:00,0,
2025.01.09 06:19:59,scan_executed_new_execution_bar,USDJPY,2025.01.09 06:00:00,0,
2025.01.09 06:24:59,scan_skipped_same_execution_bar,USDJPY,2025.01.09 06:00:00,0,
2025.01.09 06:34:59,scan_executed_new_execution_bar,USDJPY,2025.01.09 06:15:00,31,
2025.01.09 06:39:59,scan_skipped_same_execution_bar,USDJPY,2025.01.09 06:15:00,0,
2025.01.09 06:49:59,scan_executed_new_execution_bar,USDJPY,2025.01.09 06:30:00,0,
2025.01.09 06:54:59,scan_skipped_same_execution_bar,USDJPY,2025.01.09 06:30:00,0,
2025.01.09 07:04:59,scan_executed_new_execution_bar,USDJPY,2025.01.09 06:45:00,16,
2025.01.09 07:09:59,scan_skipped_same_execution_bar,USDJPY,2025.01.09 06:45:00,0,
2025.01.09 07:19:59,scan_executed_new_execution_bar,USDJPY,2025.01.09 07:00:00,0,
2025.01.09 07:24:59,scan_skipped_same_execution_bar,USDJPY,2025.01.09 07:00:00,0,
2025.01.09 07:34:59,scan_executed_new_execution_bar,USDJPY,2025.01.09 07:15:00,0,
2025.01.09 07:39:59,scan_skipped_same_execution_bar,USDJPY,2025.01.09 07:15:00,0,
2025.01.09 07:49:59,scan_executed_new_execution_bar,USDJPY,2025.01.09 07:30:00,0,
2025.01.09 07:54:59,scan_skipped_same_execution_bar,USDJPY,2025.01.09 07:30:00,0,
2025.01.09 08:04:56,scan_executed_new_execution_bar,USDJPY,2025.01.09 07:45:00,0,
2025.01.09 08:09:59,scan_skipped_same_execution_bar,USDJPY,2025.01.09 07:45:00,0,
2025.01.09 08:19:59,scan_executed_new_execution_bar,USDJPY,2025.01.09 08:00:00,0,
2025.01.09 08:24:58,scan_skipped_same_execution_bar,USDJPY,2025.01.09 08:00:00,0,
2025.01.09 08:34:59,scan_executed_new_execution_bar,USDJPY,2025.01.09 08:15:00,0,
2025.01.09 08:39:59,scan_skipped_same_execution_bar,USDJPY,2025.01.09 08:15:00,0,
2025.01.09 08:49:59,scan_executed_new_execution_bar,USDJPY,2025.01.09 08:30:00,16,
2025.01.09 08:54:59,scan_skipped_same_execution_bar,USDJPY,2025.01.09 08:30:00,0,
2025.01.09 09:04:59,scan_executed_new_execution_bar,USDJPY,2025.01.09 08:45:00,0,
2025.01.09 09:09:59,scan_skipped_same_execution_bar,USDJPY,2025.01.09 08:45:00,0,
2025.01.09 09:19:59,scan_executed_new_execution_bar,USDJPY,2025.01.09 09:00:00,15,
2025.01.09 09:24:59,scan_skipped_same_execution_bar,USDJPY,2025.01.09 09:00:00,0,
2025.01.09 09:34:59,scan_executed_new_execution_bar,USDJPY,2025.01.09 09:15:00,0,
2025.01.09 09:39:59,scan_skipped_same_execution_bar,USDJPY,2025.01.09 09:15:00,0,
2025.01.09 09:49:59,scan_executed_new_execution_bar,USDJPY,2025.01.09 09:30:00,0,
2025.01.09 09:54:59,scan_skipped_same_execution_bar,USDJPY,2025.01.09 09:30:00,0,
2025.01.09 10:04:59,scan_executed_new_execution_bar,USDJPY,2025.01.09 09:45:00,0,
2025.01.09 10:09:59,scan_skipped_same_execution_bar,USDJPY,2025.01.09 09:45:00,0,
2025.01.09 10:19:59,scan_executed_new_execution_bar,USDJPY,2025.01.09 10:00:00,16,
2025.01.09 10:24:59,scan_skipped_same_execution_bar,USDJPY,2025.01.09 10:00:00,0,
2025.01.09 10:34:59,scan_executed_new_execution_bar,USDJPY,2025.01.09 10:15:00,0,
2025.01.09 10:39:59,scan_skipped_same_execution_bar,USDJPY,2025.01.09 10:15:00,0,
2025.01.09 10:49:59,scan_executed_new_execution_bar,USDJPY,2025.01.09 10:30:00,0,
2025.01.09 10:54:59,scan_skipped_same_execution_bar,USDJPY,2025.01.09 10:30:00,0,
2025.01.09 11:04:59,scan_executed_new_execution_bar,USDJPY,2025.01.09 10:45:00,15,
2025.01.09 11:09:59,scan_skipped_same_execution_bar,USDJPY,2025.01.09 10:45:00,0,
2025.01.09 11:19:59,scan_executed_new_execution_bar,USDJPY,2025.01.09 11:00:00,0,
2025.01.09 11:24:59,scan_skipped_same_execution_bar,USDJPY,2025.01.09 11:00:00,0,
2025.01.09 11:34:59,scan_executed_new_execution_bar,USDJPY,2025.01.09 11:15:00,16,
2025.01.09 11:39:59,scan_skipped_same_execution_bar,USDJPY,2025.01.09 11:15:00,0,
2025.01.09 11:49:59,scan_executed_new_execution_bar,USDJPY,2025.01.09 11:30:00,0,
2025.01.09 11:54:58,scan_skipped_same_execution_bar,USDJPY,2025.01.09 11:30:00,0,
2025.01.09 12:04:59,scan_executed_new_execution_bar,USDJPY,2025.01.09 11:45:00,0,
2025.01.09 12:09:59,scan_skipped_same_execution_bar,USDJPY,2025.01.09 11:45:00,0,
2025.01.09 12:19:59,scan_executed_new_execution_bar,USDJPY,2025.01.09 12:00:00,16,
2025.01.09 12:24:59,scan_skipped_same_execution_bar,USDJPY,2025.01.09 12:00:00,0,
2025.01.09 12:34:59,scan_executed_new_execution_bar,USDJPY,2025.01.09 12:15:00,0,
2025.01.09 12:39:59,scan_skipped_same_execution_bar,USDJPY,2025.01.09 12:15:00,0,
2025.01.09 12:49:59,scan_executed_new_execution_bar,USDJPY,2025.01.09 12:30:00,15,
2025.01.09 12:54:59,scan_skipped_same_execution_bar,USDJPY,2025.01.09 12:30:00,0,
2025.01.09 13:04:59,scan_executed_new_execution_bar,USDJPY,2025.01.09 12:45:00,32,
2025.01.09 13:09:59,scan_skipped_same_execution_bar,USDJPY,2025.01.09 12:45:00,0,
2025.01.09 13:19:59,scan_executed_new_execution_bar,USDJPY,2025.01.09 13:00:00,0,
2025.01.09 13:24:59,scan_skipped_same_execution_bar,USDJPY,2025.01.09 13:00:00,0,
2025.01.09 13:34:59,scan_executed_new_execution_bar,USDJPY,2025.01.09 13:15:00,0,
2025.01.09 13:39:59,scan_skipped_same_execution_bar,USDJPY,2025.01.09 13:15:00,0,
2025.01.09 13:49:59,scan_executed_new_execution_bar,USDJPY,2025.01.09 13:30:00,15,
2025.01.09 13:54:58,scan_skipped_same_execution_bar,USDJPY,2025.01.09 13:30:00,0,
2025.01.09 14:04:59,scan_executed_new_execution_bar,USDJPY,2025.01.09 13:45:00,0,
2025.01.09 14:09:59,scan_skipped_same_execution_bar,USDJPY,2025.01.09 13:45:00,0,
2025.01.09 14:19:59,scan_executed_new_execution_bar,USDJPY,2025.01.09 14:00:00,0,
2025.01.09 14:24:59,scan_skipped_same_execution_bar,USDJPY,2025.01.09 14:00:00,0,
2025.01.09 14:34:59,scan_executed_new_execution_bar,USDJPY,2025.01.09 14:15:00,0,
2025.01.09 14:39:59,scan_skipped_same_execution_bar,USDJPY,2025.01.09 14:15:00,0,
2025.01.09 14:49:59,scan_executed_new_execution_bar,USDJPY,2025.01.09 14:30:00,16,
2025.01.09 14:54:59,scan_skipped_same_execution_bar,USDJPY,2025.01.09 14:30:00,0,
2025.01.09 15:04:59,scan_executed_new_execution_bar,USDJPY,2025.01.09 14:45:00,47,
2025.01.09 15:09:59,scan_skipped_same_execution_bar,USDJPY,2025.01.09 14:45:00,0,
2025.01.09 15:19:59,scan_executed_new_execution_bar,USDJPY,2025.01.09 15:00:00,0,
2025.01.09 15:24:59,scan_skipped_same_execution_bar,USDJPY,2025.01.09 15:00:00,0,
2025.01.09 15:34:59,scan_executed_new_execution_bar,USDJPY,2025.01.09 15:15:00,0,
2025.01.09 15:39:59,scan_skipped_same_execution_bar,USDJPY,2025.01.09 15:15:00,0,
2025.01.09 15:49:59,scan_executed_new_execution_bar,USDJPY,2025.01.09 15:30:00,0,
2025.01.09 15:54:59,scan_skipped_same_execution_bar,USDJPY,2025.01.09 15:30:00,0,
2025.01.09 16:04:59,scan_executed_new_execution_bar,USDJPY,2025.01.09 15:45:00,0,
2025.01.09 16:09:59,scan_skipped_same_execution_bar,USDJPY,2025.01.09 15:45:00,0,
2025.01.09 16:19:59,scan_executed_new_execution_bar,USDJPY,2025.01.09 16:00:00,0,
2025.01.09 16:24:59,scan_skipped_same_execution_bar,USDJPY,2025.01.09 16:00:00,0,
2025.01.09 16:34:59,scan_executed_new_execution_bar,USDJPY,2025.01.09 16:15:00,16,
2025.01.09 16:39:59,scan_skipped_same_execution_bar,USDJPY,2025.01.09 16:15:00,0,
2025.01.09 16:49:59,scan_executed_new_execution_bar,USDJPY,2025.01.09 16:30:00,0,
2025.01.09 16:54:58,scan_skipped_same_execution_bar,USDJPY,2025.01.09 16:30:00,0,
2025.01.09 17:04:59,scan_executed_new_execution_bar,USDJPY,2025.01.09 16:45:00,0,
2025.01.09 17:09:59,scan_skipped_same_execution_bar,USDJPY,2025.01.09 16:45:00,0,
2025.01.09 17:19:59,scan_executed_new_execution_bar,USDJPY,2025.01.09 17:00:00,0,
2025.01.09 17:24:59,scan_skipped_same_execution_bar,USDJPY,2025.01.09 17:00:00,0,
2025.01.09 17:34:59,scan_executed_new_execution_bar,USDJPY,2025.01.09 17:15:00,0,
2025.01.09 17:39:59,scan_skipped_same_execution_bar,USDJPY,2025.01.09 17:15:00,0,
2025.01.09 17:49:59,scan_executed_new_execution_bar,USDJPY,2025.01.09 17:30:00,0,
2025.01.09 17:54:59,scan_skipped_same_execution_bar,USDJPY,2025.01.09 17:30:00,0,
2025.01.09 18:04:59,scan_executed_new_execution_bar,USDJPY,2025.01.09 17:45:00,0,
2025.01.09 18:09:59,scan_skipped_same_execution_bar,USDJPY,2025.01.09 17:45:00,0,
2025.01.09 18:19:59,scan_executed_new_execution_bar,USDJPY,2025.01.09 18:00:00,16,
2025.01.09 18:24:59,scan_skipped_same_execution_bar,USDJPY,2025.01.09 18:00:00,0,
2025.01.09 18:34:59,scan_executed_new_execution_bar,USDJPY,2025.01.09 18:15:00,0,
2025.01.09 18:39:59,scan_skipped_same_execution_bar,USDJPY,2025.01.09 18:15:00,0,
2025.01.09 18:49:58,scan_executed_new_execution_bar,USDJPY,2025.01.09 18:30:00,0,
2025.01.09 18:54:59,scan_skipped_same_execution_bar,USDJPY,2025.01.09 18:30:00,0,
2025.01.09 19:04:59,scan_executed_new_execution_bar,USDJPY,2025.01.09 18:45:00,0,
2025.01.09 19:09:59,scan_skipped_same_execution_bar,USDJPY,2025.01.09 18:45:00,0,
2025.01.09 19:19:58,scan_executed_new_execution_bar,USDJPY,2025.01.09 19:00:00,0,
2025.01.09 19:24:58,scan_skipped_same_execution_bar,USDJPY,2025.01.09 19:00:00,0,
2025.01.09 19:34:59,scan_executed_new_execution_bar,USDJPY,2025.01.09 19:15:00,0,
2025.01.09 19:39:59,scan_skipped_same_execution_bar,USDJPY,2025.01.09 19:15:00,0,
2025.01.09 19:49:59,scan_executed_new_execution_bar,USDJPY,2025.01.09 19:30:00,0,
2025.01.09 19:54:59,scan_skipped_same_execution_bar,USDJPY,2025.01.09 19:30:00,0,
2025.01.09 20:04:59,scan_executed_new_execution_bar,USDJPY,2025.01.09 19:45:00,0,
2025.01.09 20:09:58,scan_skipped_same_execution_bar,USDJPY,2025.01.09 19:45:00,0,
2025.01.09 20:19:59,scan_executed_new_execution_bar,USDJPY,2025.01.09 20:00:00,0,
2025.01.09 20:24:57,scan_skipped_same_execution_bar,USDJPY,2025.01.09 20:00:00,0,
2025.01.09 20:34:59,scan_executed_new_execution_bar,USDJPY,2025.01.09 20:15:00,0,
2025.01.09 20:39:59,scan_skipped_same_execution_bar,USDJPY,2025.01.09 20:15:00,0,
2025.01.09 20:49:59,scan_executed_new_execution_bar,USDJPY,2025.01.09 20:30:00,0,
2025.01.09 20:54:59,scan_skipped_same_execution_bar,USDJPY,2025.01.09 20:30:00,0,
2025.01.09 21:04:54,scan_executed_new_execution_bar,USDJPY,2025.01.09 20:45:00,0,
2025.01.09 21:09:59,scan_skipped_same_execution_bar,USDJPY,2025.01.09 20:45:00,0,
2025.01.09 21:19:59,scan_executed_new_execution_bar,USDJPY,2025.01.09 21:00:00,0,
2025.01.09 21:24:59,scan_skipped_same_execution_bar,USDJPY,2025.01.09 21:00:00,0,
2025.01.09 21:34:59,scan_executed_new_execution_bar,USDJPY,2025.01.09 21:15:00,0,
2025.01.09 21:39:59,scan_skipped_same_execution_bar,USDJPY,2025.01.09 21:15:00,0,
2025.01.09 21:49:59,scan_executed_new_execution_bar,USDJPY,2025.01.09 21:30:00,0,
2025.01.09 21:54:58,scan_skipped_same_execution_bar,USDJPY,2025.01.09 21:30:00,0,
2025.01.09 22:05:00,scan_executed_new_execution_bar,USDJPY,2025.01.09 21:45:00,0,
2025.01.09 22:09:59,scan_skipped_same_execution_bar,USDJPY,2025.01.09 21:45:00,0,
2025.01.09 22:19:59,scan_executed_new_execution_bar,USDJPY,2025.01.09 22:00:00,0,
2025.01.09 22:24:58,scan_skipped_same_execution_bar,USDJPY,2025.01.09 22:00:00,0,
2025.01.09 22:34:59,scan_executed_new_execution_bar,USDJPY,2025.01.09 22:15:00,0,
2025.01.09 22:39:58,scan_skipped_same_execution_bar,USDJPY,2025.01.09 22:15:00,0,
2025.01.09 22:49:59,scan_executed_new_execution_bar,USDJPY,2025.01.09 22:30:00,0,
2025.01.09 22:54:59,scan_skipped_same_execution_bar,USDJPY,2025.01.09 22:30:00,0,
2025.01.09 23:04:59,scan_executed_new_execution_bar,USDJPY,2025.01.09 22:45:00,0,
2025.01.09 23:09:59,scan_skipped_same_execution_bar,USDJPY,2025.01.09 22:45:00,0,
2025.01.09 23:19:58,scan_executed_new_execution_bar,USDJPY,2025.01.09 23:00:00,0,
2025.01.09 23:24:59,scan_skipped_same_execution_bar,USDJPY,2025.01.09 23:00:00,0,
2025.01.09 23:34:59,scan_executed_new_execution_bar,USDJPY,2025.01.09 23:15:00,0,
2025.01.09 23:39:59,scan_skipped_same_execution_bar,USDJPY,2025.01.09 23:15:00,0,
2025.01.09 23:49:59,scan_executed_new_execution_bar,USDJPY,2025.01.09 23:30:00,0,
2025.01.09 23:54:59,scan_skipped_same_execution_bar,USDJPY,2025.01.09 23:30:00,0,
2025.01.10 00:04:56,scan_executed_new_execution_bar,USDJPY,2025.01.09 23:45:00,0,
2025.01.10 00:09:59,scan_skipped_same_execution_bar,USDJPY,2025.01.09 23:45:00,0,
2025.01.10 00:19:59,scan_executed_new_execution_bar,USDJPY,2025.01.10 00:00:00,0,
2025.01.10 00:24:59,scan_skipped_same_execution_bar,USDJPY,2025.01.10 00:00:00,0,
2025.01.10 00:34:58,scan_executed_new_execution_bar,USDJPY,2025.01.10 00:15:00,0,
2025.01.10 00:39:59,scan_skipped_same_execution_bar,USDJPY,2025.01.10 00:15:00,0,
2025.01.10 00:49:59,scan_executed_new_execution_bar,USDJPY,2025.01.10 00:30:00,0,
2025.01.10 00:55:00,scan_skipped_same_execution_bar,USDJPY,2025.01.10 00:30:00,0,
2025.01.10 01:04:59,scan_executed_new_execution_bar,USDJPY,2025.01.10 00:45:00,0,
2025.01.10 01:09:55,scan_skipped_same_execution_bar,USDJPY,2025.01.10 00:45:00,0,
2025.01.10 01:19:59,scan_executed_new_execution_bar,USDJPY,2025.01.10 01:00:00,0,
2025.01.10 01:24:59,scan_skipped_same_execution_bar,USDJPY,2025.01.10 01:00:00,0,
2025.01.10 01:34:59,scan_executed_new_execution_bar,USDJPY,2025.01.10 01:15:00,0,
2025.01.10 01:39:59,scan_skipped_same_execution_bar,USDJPY,2025.01.10 01:15:00,0,
2025.01.10 01:49:57,scan_executed_new_execution_bar,USDJPY,2025.01.10 01:30:00,0,
2025.01.10 01:54:59,scan_skipped_same_execution_bar,USDJPY,2025.01.10 01:30:00,0,
2025.01.10 02:04:59,scan_executed_new_execution_bar,USDJPY,2025.01.10 01:45:00,16,
2025.01.10 02:09:59,scan_skipped_same_execution_bar,USDJPY,2025.01.10 01:45:00,0,
2025.01.10 02:19:59,scan_executed_new_execution_bar,USDJPY,2025.01.10 02:00:00,0,
2025.01.10 02:24:59,scan_skipped_same_execution_bar,USDJPY,2025.01.10 02:00:00,0,
2025.01.10 02:34:59,scan_executed_new_execution_bar,USDJPY,2025.01.10 02:15:00,16,
2025.01.10 02:39:57,scan_skipped_same_execution_bar,USDJPY,2025.01.10 02:15:00,0,
2025.01.10 02:49:59,scan_executed_new_execution_bar,USDJPY,2025.01.10 02:30:00,0,
2025.01.10 02:54:59,scan_skipped_same_execution_bar,USDJPY,2025.01.10 02:30:00,0,
2025.01.10 03:04:59,scan_executed_new_execution_bar,USDJPY,2025.01.10 02:45:00,0,
2025.01.10 03:09:59,scan_skipped_same_execution_bar,USDJPY,2025.01.10 02:45:00,0,
2025.01.10 03:19:59,scan_executed_new_execution_bar,USDJPY,2025.01.10 03:00:00,0,
2025.01.10 03:24:59,scan_skipped_same_execution_bar,USDJPY,2025.01.10 03:00:00,0,
2025.01.10 03:34:59,scan_executed_new_execution_bar,USDJPY,2025.01.10 03:15:00,0,
2025.01.10 03:39:59,scan_skipped_same_execution_bar,USDJPY,2025.01.10 03:15:00,0,
2025.01.10 03:49:59,scan_executed_new_execution_bar,USDJPY,2025.01.10 03:30:00,0,
2025.01.10 03:54:59,scan_skipped_same_execution_bar,USDJPY,2025.01.10 03:30:00,0,
2025.01.10 04:04:59,scan_executed_new_execution_bar,USDJPY,2025.01.10 03:45:00,0,
2025.01.10 04:09:59,scan_skipped_same_execution_bar,USDJPY,2025.01.10 03:45:00,0,
2025.01.10 04:19:59,scan_executed_new_execution_bar,USDJPY,2025.01.10 04:00:00,0,
2025.01.10 04:24:59,scan_skipped_same_execution_bar,USDJPY,2025.01.10 04:00:00,0,
2025.01.10 04:34:59,scan_executed_new_execution_bar,USDJPY,2025.01.10 04:15:00,0,
2025.01.10 04:39:59,scan_skipped_same_execution_bar,USDJPY,2025.01.10 04:15:00,0,
2025.01.10 04:49:59,scan_executed_new_execution_bar,USDJPY,2025.01.10 04:30:00,16,
2025.01.10 04:54:59,scan_skipped_same_execution_bar,USDJPY,2025.01.10 04:30:00,0,
2025.01.10 05:04:59,scan_executed_new_execution_bar,USDJPY,2025.01.10 04:45:00,0,
2025.01.10 05:09:59,scan_skipped_same_execution_bar,USDJPY,2025.01.10 04:45:00,0,
2025.01.10 05:19:58,scan_executed_new_execution_bar,USDJPY,2025.01.10 05:00:00,0,
2025.01.10 05:24:59,scan_skipped_same_execution_bar,USDJPY,2025.01.10 05:00:00,0,
2025.01.10 05:34:59,scan_executed_new_execution_bar,USDJPY,2025.01.10 05:15:00,15,
2025.01.10 05:39:59,scan_skipped_same_execution_bar,USDJPY,2025.01.10 05:15:00,0,
2025.01.10 05:49:58,scan_executed_new_execution_bar,USDJPY,2025.01.10 05:30:00,0,
2025.01.10 05:54:59,scan_skipped_same_execution_bar,USDJPY,2025.01.10 05:30:00,0,
2025.01.10 06:04:59,scan_executed_new_execution_bar,USDJPY,2025.01.10 05:45:00,15,
2025.01.10 06:09:58,scan_skipped_same_execution_bar,USDJPY,2025.01.10 05:45:00,0,
2025.01.10 06:19:59,scan_executed_new_execution_bar,USDJPY,2025.01.10 06:00:00,0,
2025.01.10 06:24:59,scan_skipped_same_execution_bar,USDJPY,2025.01.10 06:00:00,0,
2025.01.10 06:34:59,scan_executed_new_execution_bar,USDJPY,2025.01.10 06:15:00,16,
2025.01.10 06:39:59,scan_skipped_same_execution_bar,USDJPY,2025.01.10 06:15:00,0,
2025.01.10 06:49:59,scan_executed_new_execution_bar,USDJPY,2025.01.10 06:30:00,0,
2025.01.10 06:54:59,scan_skipped_same_execution_bar,USDJPY,2025.01.10 06:30:00,0,
2025.01.10 07:04:59,scan_executed_new_execution_bar,USDJPY,2025.01.10 06:45:00,0,
2025.01.10 07:09:59,scan_skipped_same_execution_bar,USDJPY,2025.01.10 06:45:00,0,
2025.01.10 07:19:59,scan_executed_new_execution_bar,USDJPY,2025.01.10 07:00:00,0,
2025.01.10 07:24:59,scan_skipped_same_execution_bar,USDJPY,2025.01.10 07:00:00,0,
2025.01.10 07:34:59,scan_executed_new_execution_bar,USDJPY,2025.01.10 07:15:00,0,
2025.01.10 07:39:59,scan_skipped_same_execution_bar,USDJPY,2025.01.10 07:15:00,0,
2025.01.10 07:49:59,scan_executed_new_execution_bar,USDJPY,2025.01.10 07:30:00,0,
2025.01.10 07:54:59,scan_skipped_same_execution_bar,USDJPY,2025.01.10 07:30:00,0,
2025.01.10 08:04:59,scan_executed_new_execution_bar,USDJPY,2025.01.10 07:45:00,0,
2025.01.10 08:09:59,scan_skipped_same_execution_bar,USDJPY,2025.01.10 07:45:00,0,
2025.01.10 08:19:59,scan_executed_new_execution_bar,USDJPY,2025.01.10 08:00:00,0,
2025.01.10 08:24:59,scan_skipped_same_execution_bar,USDJPY,2025.01.10 08:00:00,0,
2025.01.10 08:34:59,scan_executed_new_execution_bar,USDJPY,2025.01.10 08:15:00,0,
2025.01.10 08:39:59,scan_skipped_same_execution_bar,USDJPY,2025.01.10 08:15:00,0,
2025.01.10 08:49:59,scan_executed_new_execution_bar,USDJPY,2025.01.10 08:30:00,0,
2025.01.10 08:54:59,scan_skipped_same_execution_bar,USDJPY,2025.01.10 08:30:00,0,
2025.01.10 09:04:58,scan_executed_new_execution_bar,USDJPY,2025.01.10 08:45:00,0,
2025.01.10 09:09:59,scan_skipped_same_execution_bar,USDJPY,2025.01.10 08:45:00,0,
2025.01.10 09:19:59,scan_executed_new_execution_bar,USDJPY,2025.01.10 09:00:00,0,
2025.01.10 09:24:59,scan_skipped_same_execution_bar,USDJPY,2025.01.10 09:00:00,0,
2025.01.10 09:34:59,scan_executed_new_execution_bar,USDJPY,2025.01.10 09:15:00,0,
2025.01.10 09:39:59,scan_skipped_same_execution_bar,USDJPY,2025.01.10 09:15:00,0,
2025.01.10 09:49:59,scan_executed_new_execution_bar,USDJPY,2025.01.10 09:30:00,0,
2025.01.10 09:54:59,scan_skipped_same_execution_bar,USDJPY,2025.01.10 09:30:00,0,
2025.01.10 10:04:59,scan_executed_new_execution_bar,USDJPY,2025.01.10 09:45:00,16,
2025.01.10 10:09:59,scan_skipped_same_execution_bar,USDJPY,2025.01.10 09:45:00,0,
2025.01.10 10:19:59,scan_executed_new_execution_bar,USDJPY,2025.01.10 10:00:00,0,
2025.01.10 10:24:59,scan_skipped_same_execution_bar,USDJPY,2025.01.10 10:00:00,0,
2025.01.10 10:34:59,scan_executed_new_execution_bar,USDJPY,2025.01.10 10:15:00,0,
2025.01.10 10:39:59,scan_skipped_same_execution_bar,USDJPY,2025.01.10 10:15:00,0,
2025.01.10 10:49:59,scan_executed_new_execution_bar,USDJPY,2025.01.10 10:30:00,0,
2025.01.10 10:54:59,scan_skipped_same_execution_bar,USDJPY,2025.01.10 10:30:00,0,
2025.01.10 11:04:59,scan_executed_new_execution_bar,USDJPY,2025.01.10 10:45:00,0,
2025.01.10 11:10:00,scan_skipped_same_execution_bar,USDJPY,2025.01.10 10:45:00,0,
2025.01.10 11:19:59,scan_executed_new_execution_bar,USDJPY,2025.01.10 11:00:00,0,
2025.01.10 11:24:59,scan_skipped_same_execution_bar,USDJPY,2025.01.10 11:00:00,0,
2025.01.10 11:34:59,scan_executed_new_execution_bar,USDJPY,2025.01.10 11:15:00,47,
2025.01.10 11:39:59,scan_skipped_same_execution_bar,USDJPY,2025.01.10 11:15:00,0,
2025.01.10 11:49:59,scan_executed_new_execution_bar,USDJPY,2025.01.10 11:30:00,32,
2025.01.10 11:54:59,scan_skipped_same_execution_bar,USDJPY,2025.01.10 11:30:00,0,
2025.01.10 12:04:59,scan_executed_new_execution_bar,USDJPY,2025.01.10 11:45:00,16,
2025.01.10 12:10:00,scan_skipped_same_execution_bar,USDJPY,2025.01.10 11:45:00,0,
2025.01.10 12:20:00,scan_executed_new_execution_bar,USDJPY,2025.01.10 12:00:00,16,
2025.01.10 12:24:59,scan_skipped_same_execution_bar,USDJPY,2025.01.10 12:00:00,0,
2025.01.10 12:34:58,scan_executed_new_execution_bar,USDJPY,2025.01.10 12:15:00,0,
2025.01.10 12:39:59,scan_skipped_same_execution_bar,USDJPY,2025.01.10 12:15:00,0,
2025.01.10 12:49:59,scan_executed_new_execution_bar,USDJPY,2025.01.10 12:30:00,32,
2025.01.10 12:54:59,scan_skipped_same_execution_bar,USDJPY,2025.01.10 12:30:00,0,
2025.01.10 13:04:59,scan_executed_new_execution_bar,USDJPY,2025.01.10 12:45:00,47,
2025.01.10 13:09:59,scan_skipped_same_execution_bar,USDJPY,2025.01.10 12:45:00,0,
2025.01.10 13:19:59,scan_executed_new_execution_bar,USDJPY,2025.01.10 13:00:00,15,
2025.01.10 13:24:59,scan_skipped_same_execution_bar,USDJPY,2025.01.10 13:00:00,0,
2025.01.10 13:34:59,scan_executed_new_execution_bar,USDJPY,2025.01.10 13:15:00,0,
2025.01.10 13:39:59,scan_skipped_same_execution_bar,USDJPY,2025.01.10 13:15:00,0,
2025.01.10 13:49:58,scan_executed_new_execution_bar,USDJPY,2025.01.10 13:30:00,16,
2025.01.10 13:54:59,scan_skipped_same_execution_bar,USDJPY,2025.01.10 13:30:00,0,
2025.01.10 14:04:58,scan_executed_new_execution_bar,USDJPY,2025.01.10 13:45:00,16,
2025.01.10 14:09:58,scan_skipped_same_execution_bar,USDJPY,2025.01.10 13:45:00,0,
2025.01.10 14:19:59,scan_executed_new_execution_bar,USDJPY,2025.01.10 14:00:00,0,
2025.01.10 14:24:59,scan_skipped_same_execution_bar,USDJPY,2025.01.10 14:00:00,0,
2025.01.10 14:34:58,scan_executed_new_execution_bar,USDJPY,2025.01.10 14:15:00,0,
2025.01.10 14:39:59,scan_skipped_same_execution_bar,USDJPY,2025.01.10 14:15:00,0,
2025.01.10 14:49:59,scan_executed_new_execution_bar,USDJPY,2025.01.10 14:30:00,0,
2025.01.10 14:54:59,scan_skipped_same_execution_bar,USDJPY,2025.01.10 14:30:00,0,
2025.01.10 15:04:59,scan_executed_new_execution_bar,USDJPY,2025.01.10 14:45:00,0,
2025.01.10 15:09:59,scan_skipped_same_execution_bar,USDJPY,2025.01.10 14:45:00,0,
2025.01.10 15:19:59,scan_executed_new_execution_bar,USDJPY,2025.01.10 15:00:00,0,
2025.01.10 15:24:59,scan_skipped_same_execution_bar,USDJPY,2025.01.10 15:00:00,0,
2025.01.10 15:34:59,scan_executed_new_execution_bar,USDJPY,2025.01.10 15:15:00,0,
2025.01.10 15:39:59,scan_skipped_same_execution_bar,USDJPY,2025.01.10 15:15:00,0,
2025.01.10 15:49:59,scan_executed_new_execution_bar,USDJPY,2025.01.10 15:30:00,0,
2025.01.10 15:54:59,scan_skipped_same_execution_bar,USDJPY,2025.01.10 15:30:00,0,
2025.01.10 16:04:59,scan_executed_new_execution_bar,USDJPY,2025.01.10 15:45:00,0,
2025.01.10 16:09:59,scan_skipped_same_execution_bar,USDJPY,2025.01.10 15:45:00,0,
2025.01.10 16:19:59,scan_executed_new_execution_bar,USDJPY,2025.01.10 16:00:00,0,
2025.01.10 16:24:59,scan_skipped_same_execution_bar,USDJPY,2025.01.10 16:00:00,0,
2025.01.10 16:34:59,scan_executed_new_execution_bar,USDJPY,2025.01.10 16:15:00,0,
2025.01.10 16:39:59,scan_skipped_same_execution_bar,USDJPY,2025.01.10 16:15:00,0,
2025.01.10 16:49:59,scan_executed_new_execution_bar,USDJPY,2025.01.10 16:30:00,0,
2025.01.10 16:54:59,scan_skipped_same_execution_bar,USDJPY,2025.01.10 16:30:00,0,
2025.01.10 17:04:59,scan_executed_new_execution_bar,USDJPY,2025.01.10 16:45:00,32,
2025.01.10 17:09:59,scan_skipped_same_execution_bar,USDJPY,2025.01.10 16:45:00,0,
2025.01.10 17:19:59,scan_executed_new_execution_bar,USDJPY,2025.01.10 17:00:00,0,
2025.01.10 17:24:59,scan_skipped_same_execution_bar,USDJPY,2025.01.10 17:00:00,0,
2025.01.10 17:34:59,scan_executed_new_execution_bar,USDJPY,2025.01.10 17:15:00,0,
2025.01.10 17:39:59,scan_skipped_same_execution_bar,USDJPY,2025.01.10 17:15:00,0,
2025.01.10 17:49:59,scan_executed_new_execution_bar,USDJPY,2025.01.10 17:30:00,0,
2025.01.10 17:54:59,scan_skipped_same_execution_bar,USDJPY,2025.01.10 17:30:00,0,
2025.01.10 18:04:59,scan_executed_new_execution_bar,USDJPY,2025.01.10 17:45:00,0,
2025.01.10 18:09:59,scan_skipped_same_execution_bar,USDJPY,2025.01.10 17:45:00,0,
2025.01.10 18:19:59,scan_executed_new_execution_bar,USDJPY,2025.01.10 18:00:00,0,
2025.01.10 18:24:59,scan_skipped_same_execution_bar,USDJPY,2025.01.10 18:00:00,0,
2025.01.10 18:34:59,scan_executed_new_execution_bar,USDJPY,2025.01.10 18:15:00,0,
2025.01.10 18:39:59,scan_skipped_same_execution_bar,USDJPY,2025.01.10 18:15:00,0,
2025.01.10 18:49:59,scan_executed_new_execution_bar,USDJPY,2025.01.10 18:30:00,0,
2025.01.10 18:54:59,scan_skipped_same_execution_bar,USDJPY,2025.01.10 18:30:00,0,
2025.01.10 19:04:59,scan_executed_new_execution_bar,USDJPY,2025.01.10 18:45:00,62,
2025.01.10 19:09:59,scan_skipped_same_execution_bar,USDJPY,2025.01.10 18:45:00,0,
2025.01.10 19:19:59,scan_executed_new_execution_bar,USDJPY,2025.01.10 19:00:00,15,
2025.01.10 19:24:59,scan_skipped_same_execution_bar,USDJPY,2025.01.10 19:00:00,0,
2025.01.10 19:34:59,scan_executed_new_execution_bar,USDJPY,2025.01.10 19:15:00,63,
2025.01.10 19:39:59,scan_skipped_same_execution_bar,USDJPY,2025.01.10 19:15:00,0,
2025.01.10 19:49:59,scan_executed_new_execution_bar,USDJPY,2025.01.10 19:30:00,15,
2025.01.10 19:54:59,scan_skipped_same_execution_bar,USDJPY,2025.01.10 19:30:00,0,
2025.01.10 20:04:59,scan_executed_new_execution_bar,USDJPY,2025.01.10 19:45:00,16,
2025.01.10 20:09:59,scan_skipped_same_execution_bar,USDJPY,2025.01.10 19:45:00,0,
2025.01.10 20:20:00,scan_executed_new_execution_bar,USDJPY,2025.01.10 20:00:00,0,
2025.01.10 20:24:59,scan_skipped_same_execution_bar,USDJPY,2025.01.10 20:00:00,0,
2025.01.10 20:34:59,scan_executed_new_execution_bar,USDJPY,2025.01.10 20:15:00,0,
2025.01.10 20:39:59,scan_skipped_same_execution_bar,USDJPY,2025.01.10 20:15:00,0,
2025.01.10 20:49:59,scan_executed_new_execution_bar,USDJPY,2025.01.10 20:30:00,16,
2025.01.10 20:54:59,scan_skipped_same_execution_bar,USDJPY,2025.01.10 20:30:00,0,
2025.01.10 21:04:59,scan_executed_new_execution_bar,USDJPY,2025.01.10 20:45:00,0,
2025.01.10 21:09:59,scan_skipped_same_execution_bar,USDJPY,2025.01.10 20:45:00,0,
2025.01.10 21:19:59,scan_executed_new_execution_bar,USDJPY,2025.01.10 21:00:00,0,
2025.01.10 21:24:59,scan_skipped_same_execution_bar,USDJPY,2025.01.10 21:00:00,0,
2025.01.10 21:34:59,scan_executed_new_execution_bar,USDJPY,2025.01.10 21:15:00,0,
2025.01.10 21:39:59,scan_skipped_same_execution_bar,USDJPY,2025.01.10 21:15:00,0,
2025.01.10 21:49:59,scan_executed_new_execution_bar,USDJPY,2025.01.10 21:30:00,16,
2025.01.10 21:54:59,scan_skipped_same_execution_bar,USDJPY,2025.01.10 21:30:00,0,
2025.01.10 22:04:59,scan_executed_new_execution_bar,USDJPY,2025.01.10 21:45:00,0,
2025.01.10 22:09:59,scan_skipped_same_execution_bar,USDJPY,2025.01.10 21:45:00,0,
2025.01.10 22:19:59,scan_executed_new_execution_bar,USDJPY,2025.01.10 22:00:00,0,
2025.01.10 22:24:59,scan_skipped_same_execution_bar,USDJPY,2025.01.10 22:00:00,0,
2025.01.10 22:34:59,scan_executed_new_execution_bar,USDJPY,2025.01.10 22:15:00,0,
2025.01.10 22:39:59,scan_skipped_same_execution_bar,USDJPY,2025.01.10 22:15:00,0,
2025.01.10 22:49:59,scan_executed_new_execution_bar,USDJPY,2025.01.10 22:30:00,0,
2025.01.10 22:54:59,scan_skipped_same_execution_bar,USDJPY,2025.01.10 22:30:00,0,
2025.01.10 23:04:59,scan_executed_new_execution_bar,USDJPY,2025.01.10 22:45:00,0,
2025.01.10 23:09:59,scan_skipped_same_execution_bar,USDJPY,2025.01.10 22:45:00,0,
2025.01.10 23:19:59,scan_executed_new_execution_bar,USDJPY,2025.01.10 23:00:00,0,
2025.01.10 23:24:59,scan_skipped_same_execution_bar,USDJPY,2025.01.10 23:00:00,0,
2025.01.10 23:34:59,scan_executed_new_execution_bar,USDJPY,2025.01.10 23:15:00,0,
2025.01.10 23:39:59,scan_skipped_same_execution_bar,USDJPY,2025.01.10 23:15:00,0,
2025.01.10 23:49:55,scan_executed_new_execution_bar,USDJPY,2025.01.10 23:30:00,0,
2025.01.10 23:54:59,scan_skipped_same_execution_bar,USDJPY,2025.01.10 23:30:00,0,
2025.01.13 00:04:58,scan_executed_new_execution_bar,USDJPY,2025.01.10 23:45:00,0,
2025.01.13 00:09:59,scan_skipped_same_execution_bar,USDJPY,2025.01.10 23:45:00,0,
2025.01.13 00:19:53,scan_executed_new_execution_bar,USDJPY,2025.01.13 00:00:00,0,
2025.01.13 00:24:59,scan_skipped_same_execution_bar,USDJPY,2025.01.13 00:00:00,0,
2025.01.13 00:34:59,scan_executed_new_execution_bar,USDJPY,2025.01.13 00:15:00,0,
2025.01.13 00:39:59,scan_skipped_same_execution_bar,USDJPY,2025.01.13 00:15:00,0,
2025.01.13 00:49:59,scan_executed_new_execution_bar,USDJPY,2025.01.13 00:30:00,0,
2025.01.13 00:55:00,scan_skipped_same_execution_bar,USDJPY,2025.01.13 00:30:00,0,
2025.01.13 01:04:59,scan_executed_new_execution_bar,USDJPY,2025.01.13 00:45:00,0,
2025.01.13 01:09:59,scan_skipped_same_execution_bar,USDJPY,2025.01.13 00:45:00,0,
2025.01.13 01:19:59,scan_executed_new_execution_bar,USDJPY,2025.01.13 01:00:00,0,
2025.01.13 01:24:59,scan_skipped_same_execution_bar,USDJPY,2025.01.13 01:00:00,0,
2025.01.13 01:34:57,scan_executed_new_execution_bar,USDJPY,2025.01.13 01:15:00,0,
2025.01.13 01:39:58,scan_skipped_same_execution_bar,USDJPY,2025.01.13 01:15:00,0,
2025.01.13 01:49:59,scan_executed_new_execution_bar,USDJPY,2025.01.13 01:30:00,0,
2025.01.13 01:54:59,scan_skipped_same_execution_bar,USDJPY,2025.01.13 01:30:00,0,
2025.01.13 02:04:59,scan_executed_new_execution_bar,USDJPY,2025.01.13 01:45:00,0,
2025.01.13 02:09:59,scan_skipped_same_execution_bar,USDJPY,2025.01.13 01:45:00,0,
2025.01.13 02:19:59,scan_executed_new_execution_bar,USDJPY,2025.01.13 02:00:00,0,
2025.01.13 02:24:59,scan_skipped_same_execution_bar,USDJPY,2025.01.13 02:00:00,0,
2025.01.13 02:30:00,scan_executed_new_execution_bar,USDJPY,2025.01.13 02:15:00,0,
2025.01.13 02:34:59,scan_skipped_same_execution_bar,USDJPY,2025.01.13 02:15:00,0,
2025.01.13 02:50:00,scan_executed_new_execution_bar,USDJPY,2025.01.13 02:30:00,16,
2025.01.13 02:54:59,scan_skipped_same_execution_bar,USDJPY,2025.01.13 02:30:00,0,
2025.01.13 03:04:59,scan_executed_new_execution_bar,USDJPY,2025.01.13 02:45:00,16,
2025.01.13 03:09:59,scan_skipped_same_execution_bar,USDJPY,2025.01.13 02:45:00,0,
2025.01.13 03:19:59,scan_executed_new_execution_bar,USDJPY,2025.01.13 03:00:00,15,
2025.01.13 03:24:59,scan_skipped_same_execution_bar,USDJPY,2025.01.13 03:00:00,0,
2025.01.13 03:34:59,scan_executed_new_execution_bar,USDJPY,2025.01.13 03:15:00,0,
2025.01.13 03:39:59,scan_skipped_same_execution_bar,USDJPY,2025.01.13 03:15:00,0,
2025.01.13 03:49:59,scan_executed_new_execution_bar,USDJPY,2025.01.13 03:30:00,0,
2025.01.13 03:54:59,scan_skipped_same_execution_bar,USDJPY,2025.01.13 03:30:00,0,
2025.01.13 04:04:59,scan_executed_new_execution_bar,USDJPY,2025.01.13 03:45:00,16,
2025.01.13 04:09:58,scan_skipped_same_execution_bar,USDJPY,2025.01.13 03:45:00,0,
2025.01.13 04:19:59,scan_executed_new_execution_bar,USDJPY,2025.01.13 04:00:00,0,
2025.01.13 04:24:59,scan_skipped_same_execution_bar,USDJPY,2025.01.13 04:00:00,0,
2025.01.13 04:34:59,scan_executed_new_execution_bar,USDJPY,2025.01.13 04:15:00,0,
2025.01.13 04:39:59,scan_skipped_same_execution_bar,USDJPY,2025.01.13 04:15:00,0,
2025.01.13 04:49:59,scan_executed_new_execution_bar,USDJPY,2025.01.13 04:30:00,0,
2025.01.13 04:54:59,scan_skipped_same_execution_bar,USDJPY,2025.01.13 04:30:00,0,
2025.01.13 05:04:58,scan_executed_new_execution_bar,USDJPY,2025.01.13 04:45:00,0,
2025.01.13 05:09:59,scan_skipped_same_execution_bar,USDJPY,2025.01.13 04:45:00,0,
2025.01.13 05:19:59,scan_executed_new_execution_bar,USDJPY,2025.01.13 05:00:00,0,
2025.01.13 05:24:59,scan_skipped_same_execution_bar,USDJPY,2025.01.13 05:00:00,0,
2025.01.13 05:34:59,scan_executed_new_execution_bar,USDJPY,2025.01.13 05:15:00,0,
2025.01.13 05:39:59,scan_skipped_same_execution_bar,USDJPY,2025.01.13 05:15:00,0,
2025.01.13 05:49:59,scan_executed_new_execution_bar,USDJPY,2025.01.13 05:30:00,0,
2025.01.13 05:54:59,scan_skipped_same_execution_bar,USDJPY,2025.01.13 05:30:00,0,
2025.01.13 06:04:59,scan_executed_new_execution_bar,USDJPY,2025.01.13 05:45:00,0,
2025.01.13 06:09:59,scan_skipped_same_execution_bar,USDJPY,2025.01.13 05:45:00,0,
2025.01.13 06:19:59,scan_executed_new_execution_bar,USDJPY,2025.01.13 06:00:00,62,
2025.01.13 06:24:59,scan_skipped_same_execution_bar,USDJPY,2025.01.13 06:00:00,0,
2025.01.13 06:34:59,scan_executed_new_execution_bar,USDJPY,2025.01.13 06:15:00,16,
2025.01.13 06:39:59,scan_skipped_same_execution_bar,USDJPY,2025.01.13 06:15:00,0,
2025.01.13 06:49:59,scan_executed_new_execution_bar,USDJPY,2025.01.13 06:30:00,0,
2025.01.13 06:54:59,scan_skipped_same_execution_bar,USDJPY,2025.01.13 06:30:00,0,
2025.01.13 07:04:59,scan_executed_new_execution_bar,USDJPY,2025.01.13 06:45:00,79,
2025.01.13 07:09:58,scan_skipped_same_execution_bar,USDJPY,2025.01.13 06:45:00,0,
2025.01.13 07:20:00,scan_executed_new_execution_bar,USDJPY,2025.01.13 07:00:00,0,
2025.01.13 07:24:59,scan_skipped_same_execution_bar,USDJPY,2025.01.13 07:00:00,0,
2025.01.13 07:34:59,scan_executed_new_execution_bar,USDJPY,2025.01.13 07:15:00,0,
2025.01.13 07:39:59,scan_skipped_same_execution_bar,USDJPY,2025.01.13 07:15:00,0,
2025.01.13 07:49:59,scan_executed_new_execution_bar,USDJPY,2025.01.13 07:30:00,16,
2025.01.13 07:54:59,scan_skipped_same_execution_bar,USDJPY,2025.01.13 07:30:00,0,
2025.01.13 08:04:59,scan_executed_new_execution_bar,USDJPY,2025.01.13 07:45:00,15,
2025.01.13 08:09:59,scan_skipped_same_execution_bar,USDJPY,2025.01.13 07:45:00,0,
2025.01.13 08:19:59,scan_executed_new_execution_bar,USDJPY,2025.01.13 08:00:00,16,
2025.01.13 08:24:59,scan_skipped_same_execution_bar,USDJPY,2025.01.13 08:00:00,0,
2025.01.13 08:34:59,scan_executed_new_execution_bar,USDJPY,2025.01.13 08:15:00,0,
2025.01.13 08:39:59,scan_skipped_same_execution_bar,USDJPY,2025.01.13 08:15:00,0,
2025.01.13 08:49:59,scan_executed_new_execution_bar,USDJPY,2025.01.13 08:30:00,0,
2025.01.13 08:55:00,scan_skipped_same_execution_bar,USDJPY,2025.01.13 08:30:00,0,
2025.01.13 09:04:59,scan_executed_new_execution_bar,USDJPY,2025.01.13 08:45:00,0,
2025.01.13 09:09:59,scan_skipped_same_execution_bar,USDJPY,2025.01.13 08:45:00,0,
2025.01.13 09:19:59,scan_executed_new_execution_bar,USDJPY,2025.01.13 09:00:00,0,
2025.01.13 09:24:59,scan_skipped_same_execution_bar,USDJPY,2025.01.13 09:00:00,0,
2025.01.13 09:34:59,scan_executed_new_execution_bar,USDJPY,2025.01.13 09:15:00,16,
2025.01.13 09:39:59,scan_skipped_same_execution_bar,USDJPY,2025.01.13 09:15:00,0,
2025.01.13 09:49:59,scan_executed_new_execution_bar,USDJPY,2025.01.13 09:30:00,0,
2025.01.13 09:54:59,scan_skipped_same_execution_bar,USDJPY,2025.01.13 09:30:00,0,
2025.01.13 10:04:59,scan_executed_new_execution_bar,USDJPY,2025.01.13 09:45:00,15,
2025.01.13 10:09:59,scan_skipped_same_execution_bar,USDJPY,2025.01.13 09:45:00,0,
2025.01.13 10:19:59,scan_executed_new_execution_bar,USDJPY,2025.01.13 10:00:00,16,
2025.01.13 10:24:59,scan_skipped_same_execution_bar,USDJPY,2025.01.13 10:00:00,0,
2025.01.13 10:34:59,scan_executed_new_execution_bar,USDJPY,2025.01.13 10:15:00,0,
2025.01.13 10:39:59,scan_skipped_same_execution_bar,USDJPY,2025.01.13 10:15:00,0,
2025.01.13 10:49:59,scan_executed_new_execution_bar,USDJPY,2025.01.13 10:30:00,0,
2025.01.13 10:54:59,scan_skipped_same_execution_bar,USDJPY,2025.01.13 10:30:00,0,
2025.01.13 11:04:59,scan_executed_new_execution_bar,USDJPY,2025.01.13 10:45:00,0,
2025.01.13 11:09:59,scan_skipped_same_execution_bar,USDJPY,2025.01.13 10:45:00,0,
2025.01.13 11:19:59,scan_executed_new_execution_bar,USDJPY,2025.01.13 11:00:00,15,
2025.01.13 11:24:59,scan_skipped_same_execution_bar,USDJPY,2025.01.13 11:00:00,0,
2025.01.13 11:34:59,scan_executed_new_execution_bar,USDJPY,2025.01.13 11:15:00,0,
2025.01.13 11:39:59,scan_skipped_same_execution_bar,USDJPY,2025.01.13 11:15:00,0,
2025.01.13 11:49:59,scan_executed_new_execution_bar,USDJPY,2025.01.13 11:30:00,31,
2025.01.13 11:54:59,scan_skipped_same_execution_bar,USDJPY,2025.01.13 11:30:00,0,
2025.01.13 12:04:59,scan_executed_new_execution_bar,USDJPY,2025.01.13 11:45:00,0,
2025.01.13 12:09:59,scan_skipped_same_execution_bar,USDJPY,2025.01.13 11:45:00,0,
2025.01.13 12:19:59,scan_executed_new_execution_bar,USDJPY,2025.01.13 12:00:00,62,
2025.01.13 12:24:59,scan_skipped_same_execution_bar,USDJPY,2025.01.13 12:00:00,0,
2025.01.13 12:34:59,scan_executed_new_execution_bar,USDJPY,2025.01.13 12:15:00,32,
2025.01.13 12:39:59,scan_skipped_same_execution_bar,USDJPY,2025.01.13 12:15:00,0,
2025.01.13 12:49:59,scan_executed_new_execution_bar,USDJPY,2025.01.13 12:30:00,32,
2025.01.13 12:54:59,scan_skipped_same_execution_bar,USDJPY,2025.01.13 12:30:00,0,
2025.01.13 13:04:59,scan_executed_new_execution_bar,USDJPY,2025.01.13 12:45:00,63,
2025.01.13 13:09:59,scan_skipped_same_execution_bar,USDJPY,2025.01.13 12:45:00,0,
2025.01.13 13:19:59,scan_executed_new_execution_bar,USDJPY,2025.01.13 13:00:00,0,
2025.01.13 13:24:59,scan_skipped_same_execution_bar,USDJPY,2025.01.13 13:00:00,0,
2025.01.13 13:34:59,scan_executed_new_execution_bar,USDJPY,2025.01.13 13:15:00,0,
2025.01.13 13:39:59,scan_skipped_same_execution_bar,USDJPY,2025.01.13 13:15:00,0,
2025.01.13 13:49:59,scan_executed_new_execution_bar,USDJPY,2025.01.13 13:30:00,31,
2025.01.13 13:54:59,scan_skipped_same_execution_bar,USDJPY,2025.01.13 13:30:00,0,
2025.01.13 14:04:59,scan_executed_new_execution_bar,USDJPY,2025.01.13 13:45:00,0,
2025.01.13 14:09:59,scan_skipped_same_execution_bar,USDJPY,2025.01.13 13:45:00,0,
2025.01.13 14:19:59,scan_executed_new_execution_bar,USDJPY,2025.01.13 14:00:00,0,
2025.01.13 14:24:59,scan_skipped_same_execution_bar,USDJPY,2025.01.13 14:00:00,0,
2025.01.13 14:34:59,scan_executed_new_execution_bar,USDJPY,2025.01.13 14:15:00,0,
2025.01.13 14:39:59,scan_skipped_same_execution_bar,USDJPY,2025.01.13 14:15:00,0,
2025.01.13 14:49:59,scan_executed_new_execution_bar,USDJPY,2025.01.13 14:30:00,32,
2025.01.13 14:54:58,scan_skipped_same_execution_bar,USDJPY,2025.01.13 14:30:00,0,
2025.01.13 15:04:59,scan_executed_new_execution_bar,USDJPY,2025.01.13 14:45:00,15,
2025.01.13 15:09:59,scan_skipped_same_execution_bar,USDJPY,2025.01.13 14:45:00,0,
2025.01.13 15:19:59,scan_executed_new_execution_bar,USDJPY,2025.01.13 15:00:00,16,
2025.01.13 15:24:59,scan_skipped_same_execution_bar,USDJPY,2025.01.13 15:00:00,0,
2025.01.13 15:34:59,scan_executed_new_execution_bar,USDJPY,2025.01.13 15:15:00,0,
2025.01.13 15:39:59,scan_skipped_same_execution_bar,USDJPY,2025.01.13 15:15:00,0,
2025.01.13 15:49:59,scan_executed_new_execution_bar,USDJPY,2025.01.13 15:30:00,0,
2025.01.13 15:54:59,scan_skipped_same_execution_bar,USDJPY,2025.01.13 15:30:00,0,
2025.01.13 16:04:59,scan_executed_new_execution_bar,USDJPY,2025.01.13 15:45:00,0,
2025.01.13 16:09:59,scan_skipped_same_execution_bar,USDJPY,2025.01.13 15:45:00,0,
2025.01.13 16:19:59,scan_executed_new_execution_bar,USDJPY,2025.01.13 16:00:00,16,
2025.01.13 16:24:59,scan_skipped_same_execution_bar,USDJPY,2025.01.13 16:00:00,0,
2025.01.13 16:34:59,scan_executed_new_execution_bar,USDJPY,2025.01.13 16:15:00,0,
2025.01.13 16:39:59,scan_skipped_same_execution_bar,USDJPY,2025.01.13 16:15:00,0,
2025.01.13 16:49:59,scan_executed_new_execution_bar,USDJPY,2025.01.13 16:30:00,0,
2025.01.13 16:54:59,scan_skipped_same_execution_bar,USDJPY,2025.01.13 16:30:00,0,
2025.01.13 17:04:59,scan_executed_new_execution_bar,USDJPY,2025.01.13 16:45:00,0,
2025.01.13 17:09:59,scan_skipped_same_execution_bar,USDJPY,2025.01.13 16:45:00,0,
2025.01.13 17:19:59,scan_executed_new_execution_bar,USDJPY,2025.01.13 17:00:00,15,
2025.01.13 17:24:59,scan_skipped_same_execution_bar,USDJPY,2025.01.13 17:00:00,0,
2025.01.13 17:34:59,scan_executed_new_execution_bar,USDJPY,2025.01.13 17:15:00,0,
2025.01.13 17:40:00,scan_skipped_same_execution_bar,USDJPY,2025.01.13 17:15:00,0,
2025.01.13 17:49:59,scan_executed_new_execution_bar,USDJPY,2025.01.13 17:30:00,15,
2025.01.13 17:54:59,scan_skipped_same_execution_bar,USDJPY,2025.01.13 17:30:00,0,
2025.01.13 18:04:59,scan_executed_new_execution_bar,USDJPY,2025.01.13 17:45:00,0,
2025.01.13 18:09:59,scan_skipped_same_execution_bar,USDJPY,2025.01.13 17:45:00,0,
2025.01.13 18:19:59,scan_executed_new_execution_bar,USDJPY,2025.01.13 18:00:00,0,
2025.01.13 18:24:59,scan_skipped_same_execution_bar,USDJPY,2025.01.13 18:00:00,0,
2025.01.13 18:34:59,scan_executed_new_execution_bar,USDJPY,2025.01.13 18:15:00,0,
2025.01.13 18:39:59,scan_skipped_same_execution_bar,USDJPY,2025.01.13 18:15:00,0,
2025.01.13 18:49:59,scan_executed_new_execution_bar,USDJPY,2025.01.13 18:30:00,31,
2025.01.13 18:54:59,scan_skipped_same_execution_bar,USDJPY,2025.01.13 18:30:00,0,
2025.01.13 19:04:59,scan_executed_new_execution_bar,USDJPY,2025.01.13 18:45:00,63,
2025.01.13 19:09:59,scan_skipped_same_execution_bar,USDJPY,2025.01.13 18:45:00,0,
2025.01.13 19:20:00,scan_executed_new_execution_bar,USDJPY,2025.01.13 19:00:00,15,
2025.01.13 19:24:59,scan_skipped_same_execution_bar,USDJPY,2025.01.13 19:00:00,0,
2025.01.13 19:34:59,scan_executed_new_execution_bar,USDJPY,2025.01.13 19:15:00,15,
2025.01.13 19:39:59,scan_skipped_same_execution_bar,USDJPY,2025.01.13 19:15:00,0,
2025.01.13 19:49:59,scan_executed_new_execution_bar,USDJPY,2025.01.13 19:30:00,16,
2025.01.13 19:54:59,scan_skipped_same_execution_bar,USDJPY,2025.01.13 19:30:00,0,
2025.01.13 20:04:59,scan_executed_new_execution_bar,USDJPY,2025.01.13 19:45:00,0,
2025.01.13 20:09:59,scan_skipped_same_execution_bar,USDJPY,2025.01.13 19:45:00,0,
2025.01.13 20:19:59,scan_executed_new_execution_bar,USDJPY,2025.01.13 20:00:00,0,
2025.01.13 20:24:59,scan_skipped_same_execution_bar,USDJPY,2025.01.13 20:00:00,0,
2025.01.13 20:34:59,scan_executed_new_execution_bar,USDJPY,2025.01.13 20:15:00,0,
2025.01.13 20:39:59,scan_skipped_same_execution_bar,USDJPY,2025.01.13 20:15:00,0,
2025.01.13 20:49:59,scan_executed_new_execution_bar,USDJPY,2025.01.13 20:30:00,0,
2025.01.13 20:54:59,scan_skipped_same_execution_bar,USDJPY,2025.01.13 20:30:00,0,
2025.01.13 21:04:59,scan_executed_new_execution_bar,USDJPY,2025.01.13 20:45:00,15,
2025.01.13 21:09:59,scan_skipped_same_execution_bar,USDJPY,2025.01.13 20:45:00,0,
2025.01.13 21:19:58,scan_executed_new_execution_bar,USDJPY,2025.01.13 21:00:00,0,
2025.01.13 21:24:59,scan_skipped_same_execution_bar,USDJPY,2025.01.13 21:00:00,0,
2025.01.13 21:34:59,scan_executed_new_execution_bar,USDJPY,2025.01.13 21:15:00,0,
2025.01.13 21:39:59,scan_skipped_same_execution_bar,USDJPY,2025.01.13 21:15:00,0,
2025.01.13 21:49:59,scan_executed_new_execution_bar,USDJPY,2025.01.13 21:30:00,16,
2025.01.13 21:54:59,scan_skipped_same_execution_bar,USDJPY,2025.01.13 21:30:00,0,
2025.01.13 22:04:59,scan_executed_new_execution_bar,USDJPY,2025.01.13 21:45:00,0,
2025.01.13 22:09:58,scan_skipped_same_execution_bar,USDJPY,2025.01.13 21:45:00,0,
2025.01.13 22:19:59,scan_executed_new_execution_bar,USDJPY,2025.01.13 22:00:00,0,
2025.01.13 22:24:58,scan_skipped_same_execution_bar,USDJPY,2025.01.13 22:00:00,0,
2025.01.13 22:34:59,scan_executed_new_execution_bar,USDJPY,2025.01.13 22:15:00,0,
2025.01.13 22:39:59,scan_skipped_same_execution_bar,USDJPY,2025.01.13 22:15:00,0,
2025.01.13 22:49:59,scan_executed_new_execution_bar,USDJPY,2025.01.13 22:30:00,31,
2025.01.13 22:54:59,scan_skipped_same_execution_bar,USDJPY,2025.01.13 22:30:00,0,
2025.01.13 23:04:59,scan_executed_new_execution_bar,USDJPY,2025.01.13 22:45:00,16,
2025.01.13 23:09:59,scan_skipped_same_execution_bar,USDJPY,2025.01.13 22:45:00,0,
2025.01.13 23:19:59,scan_executed_new_execution_bar,USDJPY,2025.01.13 23:00:00,0,
2025.01.13 23:24:58,scan_skipped_same_execution_bar,USDJPY,2025.01.13 23:00:00,0,
2025.01.13 23:34:57,scan_executed_new_execution_bar,USDJPY,2025.01.13 23:15:00,16,
2025.01.13 23:39:59,scan_skipped_same_execution_bar,USDJPY,2025.01.13 23:15:00,0,
2025.01.13 23:50:00,scan_executed_new_execution_bar,USDJPY,2025.01.13 23:30:00,0,
2025.01.13 23:54:59,scan_skipped_same_execution_bar,USDJPY,2025.01.13 23:30:00,0,
2025.01.14 00:04:59,scan_executed_new_execution_bar,USDJPY,2025.01.13 23:45:00,0,
2025.01.14 00:09:59,scan_skipped_same_execution_bar,USDJPY,2025.01.13 23:45:00,0,
2025.01.14 00:20:00,scan_executed_new_execution_bar,USDJPY,2025.01.14 00:00:00,0,
2025.01.14 00:24:58,scan_skipped_same_execution_bar,USDJPY,2025.01.14 00:00:00,0,
2025.01.14 00:34:59,scan_executed_new_execution_bar,USDJPY,2025.01.14 00:15:00,0,
2025.01.14 00:39:59,scan_skipped_same_execution_bar,USDJPY,2025.01.14 00:15:00,0,
2025.01.14 00:49:59,scan_executed_new_execution_bar,USDJPY,2025.01.14 00:30:00,0,
2025.01.14 00:54:59,scan_skipped_same_execution_bar,USDJPY,2025.01.14 00:30:00,0,
2025.01.14 01:04:59,scan_executed_new_execution_bar,USDJPY,2025.01.14 00:45:00,0,
2025.01.14 01:09:59,scan_skipped_same_execution_bar,USDJPY,2025.01.14 00:45:00,0,
2025.01.14 01:19:59,scan_executed_new_execution_bar,USDJPY,2025.01.14 01:00:00,0,
2025.01.14 01:24:59,scan_skipped_same_execution_bar,USDJPY,2025.01.14 01:00:00,0,
2025.01.14 01:34:59,scan_executed_new_execution_bar,USDJPY,2025.01.14 01:15:00,0,
2025.01.14 01:39:59,scan_skipped_same_execution_bar,USDJPY,2025.01.14 01:15:00,0,
2025.01.14 01:49:59,scan_executed_new_execution_bar,USDJPY,2025.01.14 01:30:00,47,
2025.01.14 01:54:59,scan_skipped_same_execution_bar,USDJPY,2025.01.14 01:30:00,0,
2025.01.14 02:04:59,scan_executed_new_execution_bar,USDJPY,2025.01.14 01:45:00,0,
2025.01.14 02:09:59,scan_skipped_same_execution_bar,USDJPY,2025.01.14 01:45:00,0,
2025.01.14 02:19:59,scan_executed_new_execution_bar,USDJPY,2025.01.14 02:00:00,46,
2025.01.14 02:24:59,scan_skipped_same_execution_bar,USDJPY,2025.01.14 02:00:00,0,
2025.01.14 02:34:58,scan_executed_new_execution_bar,USDJPY,2025.01.14 02:15:00,0,
2025.01.14 02:39:59,scan_skipped_same_execution_bar,USDJPY,2025.01.14 02:15:00,0,
2025.01.14 02:49:59,scan_executed_new_execution_bar,USDJPY,2025.01.14 02:30:00,15,
2025.01.14 02:54:59,scan_skipped_same_execution_bar,USDJPY,2025.01.14 02:30:00,0,
2025.01.14 03:04:59,scan_executed_new_execution_bar,USDJPY,2025.01.14 02:45:00,0,
2025.01.14 03:09:59,scan_skipped_same_execution_bar,USDJPY,2025.01.14 02:45:00,0,
2025.01.14 03:19:59,scan_executed_new_execution_bar,USDJPY,2025.01.14 03:00:00,15,
2025.01.14 03:24:59,scan_skipped_same_execution_bar,USDJPY,2025.01.14 03:00:00,0,
2025.01.14 03:34:59,scan_executed_new_execution_bar,USDJPY,2025.01.14 03:15:00,0,
2025.01.14 03:39:59,scan_skipped_same_execution_bar,USDJPY,2025.01.14 03:15:00,0,
2025.01.14 03:49:59,scan_executed_new_execution_bar,USDJPY,2025.01.14 03:30:00,15,
2025.01.14 03:54:59,scan_skipped_same_execution_bar,USDJPY,2025.01.14 03:30:00,0,
2025.01.14 04:04:58,scan_executed_new_execution_bar,USDJPY,2025.01.14 03:45:00,79,
2025.01.14 04:09:59,scan_skipped_same_execution_bar,USDJPY,2025.01.14 03:45:00,0,
2025.01.14 04:19:59,scan_executed_new_execution_bar,USDJPY,2025.01.14 04:00:00,0,
2025.01.14 04:24:59,scan_skipped_same_execution_bar,USDJPY,2025.01.14 04:00:00,0,
2025.01.14 04:34:58,scan_executed_new_execution_bar,USDJPY,2025.01.14 04:15:00,0,
2025.01.14 04:39:59,scan_skipped_same_execution_bar,USDJPY,2025.01.14 04:15:00,0,
2025.01.14 04:49:59,scan_executed_new_execution_bar,USDJPY,2025.01.14 04:30:00,0,
2025.01.14 04:54:59,scan_skipped_same_execution_bar,USDJPY,2025.01.14 04:30:00,0,
2025.01.14 05:04:59,scan_executed_new_execution_bar,USDJPY,2025.01.14 04:45:00,0,
2025.01.14 05:09:59,scan_skipped_same_execution_bar,USDJPY,2025.01.14 04:45:00,0,
2025.01.14 05:19:59,scan_executed_new_execution_bar,USDJPY,2025.01.14 05:00:00,16,
2025.01.14 05:24:59,scan_skipped_same_execution_bar,USDJPY,2025.01.14 05:00:00,0,
2025.01.14 05:34:59,scan_executed_new_execution_bar,USDJPY,2025.01.14 05:15:00,31,
2025.01.14 05:39:59,scan_skipped_same_execution_bar,USDJPY,2025.01.14 05:15:00,0,
2025.01.14 05:49:59,scan_executed_new_execution_bar,USDJPY,2025.01.14 05:30:00,16,
2025.01.14 05:55:00,scan_skipped_same_execution_bar,USDJPY,2025.01.14 05:30:00,0,
2025.01.14 06:04:59,scan_executed_new_execution_bar,USDJPY,2025.01.14 05:45:00,15,
2025.01.14 06:09:59,scan_skipped_same_execution_bar,USDJPY,2025.01.14 05:45:00,0,
2025.01.14 06:19:58,scan_executed_new_execution_bar,USDJPY,2025.01.14 06:00:00,15,
2025.01.14 06:24:58,scan_skipped_same_execution_bar,USDJPY,2025.01.14 06:00:00,0,
2025.01.14 06:34:59,scan_executed_new_execution_bar,USDJPY,2025.01.14 06:15:00,0,
2025.01.14 06:39:58,scan_skipped_same_execution_bar,USDJPY,2025.01.14 06:15:00,0,
2025.01.14 06:49:59,scan_executed_new_execution_bar,USDJPY,2025.01.14 06:30:00,0,
2025.01.14 06:54:59,scan_skipped_same_execution_bar,USDJPY,2025.01.14 06:30:00,0,
2025.01.14 07:04:59,scan_executed_new_execution_bar,USDJPY,2025.01.14 06:45:00,0,
2025.01.14 07:09:59,scan_skipped_same_execution_bar,USDJPY,2025.01.14 06:45:00,0,
2025.01.14 07:19:59,scan_executed_new_execution_bar,USDJPY,2025.01.14 07:00:00,0,
2025.01.14 07:24:59,scan_skipped_same_execution_bar,USDJPY,2025.01.14 07:00:00,0,
2025.01.14 07:34:59,scan_executed_new_execution_bar,USDJPY,2025.01.14 07:15:00,0,
2025.01.14 07:39:59,scan_skipped_same_execution_bar,USDJPY,2025.01.14 07:15:00,0,
2025.01.14 07:49:58,scan_executed_new_execution_bar,USDJPY,2025.01.14 07:30:00,0,
2025.01.14 07:54:59,scan_skipped_same_execution_bar,USDJPY,2025.01.14 07:30:00,0,
2025.01.14 08:04:59,scan_executed_new_execution_bar,USDJPY,2025.01.14 07:45:00,0,
2025.01.14 08:09:59,scan_skipped_same_execution_bar,USDJPY,2025.01.14 07:45:00,0,
2025.01.14 08:19:59,scan_executed_new_execution_bar,USDJPY,2025.01.14 08:00:00,0,
2025.01.14 08:24:58,scan_skipped_same_execution_bar,USDJPY,2025.01.14 08:00:00,0,
2025.01.14 08:34:59,scan_executed_new_execution_bar,USDJPY,2025.01.14 08:15:00,0,
2025.01.14 08:39:59,scan_skipped_same_execution_bar,USDJPY,2025.01.14 08:15:00,0,
2025.01.14 08:49:59,scan_executed_new_execution_bar,USDJPY,2025.01.14 08:30:00,0,
2025.01.14 08:54:58,scan_skipped_same_execution_bar,USDJPY,2025.01.14 08:30:00,0,
2025.01.14 09:04:59,scan_executed_new_execution_bar,USDJPY,2025.01.14 08:45:00,0,
2025.01.14 09:09:59,scan_skipped_same_execution_bar,USDJPY,2025.01.14 08:45:00,0,
2025.01.14 09:19:59,scan_executed_new_execution_bar,USDJPY,2025.01.14 09:00:00,0,
2025.01.14 09:24:59,scan_skipped_same_execution_bar,USDJPY,2025.01.14 09:00:00,0,
2025.01.14 09:34:59,scan_executed_new_execution_bar,USDJPY,2025.01.14 09:15:00,0,
2025.01.14 09:39:59,scan_skipped_same_execution_bar,USDJPY,2025.01.14 09:15:00,0,
2025.01.14 09:49:57,scan_executed_new_execution_bar,USDJPY,2025.01.14 09:30:00,0,
2025.01.14 09:54:59,scan_skipped_same_execution_bar,USDJPY,2025.01.14 09:30:00,0,
2025.01.14 10:04:59,scan_executed_new_execution_bar,USDJPY,2025.01.14 09:45:00,0,
2025.01.14 10:09:59,scan_skipped_same_execution_bar,USDJPY,2025.01.14 09:45:00,0,
2025.01.14 10:19:59,scan_executed_new_execution_bar,USDJPY,2025.01.14 10:00:00,0,
2025.01.14 10:24:59,scan_skipped_same_execution_bar,USDJPY,2025.01.14 10:00:00,0,
2025.01.14 10:34:59,scan_executed_new_execution_bar,USDJPY,2025.01.14 10:15:00,0,
2025.01.14 10:39:59,scan_skipped_same_execution_bar,USDJPY,2025.01.14 10:15:00,0,
2025.01.14 10:49:59,scan_executed_new_execution_bar,USDJPY,2025.01.14 10:30:00,0,
2025.01.14 10:54:59,scan_skipped_same_execution_bar,USDJPY,2025.01.14 10:30:00,0,
2025.01.14 11:04:59,scan_executed_new_execution_bar,USDJPY,2025.01.14 10:45:00,0,
2025.01.14 11:09:59,scan_skipped_same_execution_bar,USDJPY,2025.01.14 10:45:00,0,
2025.01.14 11:19:59,scan_executed_new_execution_bar,USDJPY,2025.01.14 11:00:00,0,
2025.01.14 11:24:59,scan_skipped_same_execution_bar,USDJPY,2025.01.14 11:00:00,0,
2025.01.14 11:34:59,scan_executed_new_execution_bar,USDJPY,2025.01.14 11:15:00,47,
2025.01.14 11:39:59,scan_skipped_same_execution_bar,USDJPY,2025.01.14 11:15:00,0,
2025.01.14 11:49:59,scan_executed_new_execution_bar,USDJPY,2025.01.14 11:30:00,15,
2025.01.14 11:54:59,scan_skipped_same_execution_bar,USDJPY,2025.01.14 11:30:00,0,
2025.01.14 12:04:59,scan_executed_new_execution_bar,USDJPY,2025.01.14 11:45:00,0,
2025.01.14 12:09:59,scan_skipped_same_execution_bar,USDJPY,2025.01.14 11:45:00,0,
2025.01.14 12:19:59,scan_executed_new_execution_bar,USDJPY,2025.01.14 12:00:00,15,
2025.01.14 12:24:59,scan_skipped_same_execution_bar,USDJPY,2025.01.14 12:00:00,0,
2025.01.14 12:34:58,scan_executed_new_execution_bar,USDJPY,2025.01.14 12:15:00,0,
2025.01.14 12:40:00,scan_skipped_same_execution_bar,USDJPY,2025.01.14 12:15:00,0,
2025.01.14 12:49:59,scan_executed_new_execution_bar,USDJPY,2025.01.14 12:30:00,0,
2025.01.14 12:54:59,scan_skipped_same_execution_bar,USDJPY,2025.01.14 12:30:00,0,
2025.01.14 13:04:57,scan_executed_new_execution_bar,USDJPY,2025.01.14 12:45:00,47,
2025.01.14 13:09:59,scan_skipped_same_execution_bar,USDJPY,2025.01.14 12:45:00,0,
2025.01.14 13:19:59,scan_executed_new_execution_bar,USDJPY,2025.01.14 13:00:00,31,
2025.01.14 13:24:59,scan_skipped_same_execution_bar,USDJPY,2025.01.14 13:00:00,0,
2025.01.14 13:34:59,scan_executed_new_execution_bar,USDJPY,2025.01.14 13:15:00,31,
2025.01.14 13:39:59,scan_skipped_same_execution_bar,USDJPY,2025.01.14 13:15:00,0,
2025.01.14 13:49:57,scan_executed_new_execution_bar,USDJPY,2025.01.14 13:30:00,0,
2025.01.14 13:54:58,scan_skipped_same_execution_bar,USDJPY,2025.01.14 13:30:00,0,
2025.01.14 14:04:59,scan_executed_new_execution_bar,USDJPY,2025.01.14 13:45:00,0,
2025.01.14 14:09:59,scan_skipped_same_execution_bar,USDJPY,2025.01.14 13:45:00,0,
2025.01.14 14:19:59,scan_executed_new_execution_bar,USDJPY,2025.01.14 14:00:00,0,
2025.01.14 14:24:59,scan_skipped_same_execution_bar,USDJPY,2025.01.14 14:00:00,0,
2025.01.14 14:34:59,scan_executed_new_execution_bar,USDJPY,2025.01.14 14:15:00,47,
2025.01.14 14:39:59,scan_skipped_same_execution_bar,USDJPY,2025.01.14 14:15:00,0,
2025.01.14 14:49:59,scan_executed_new_execution_bar,USDJPY,2025.01.14 14:30:00,0,
2025.01.14 14:54:59,scan_skipped_same_execution_bar,USDJPY,2025.01.14 14:30:00,0,
2025.01.14 15:04:59,scan_executed_new_execution_bar,USDJPY,2025.01.14 14:45:00,0,
2025.01.14 15:09:59,scan_skipped_same_execution_bar,USDJPY,2025.01.14 14:45:00,0,
2025.01.14 15:19:59,scan_executed_new_execution_bar,USDJPY,2025.01.14 15:00:00,15,
2025.01.14 15:24:59,scan_skipped_same_execution_bar,USDJPY,2025.01.14 15:00:00,0,
2025.01.14 15:34:59,scan_executed_new_execution_bar,USDJPY,2025.01.14 15:15:00,0,
2025.01.14 15:39:59,scan_skipped_same_execution_bar,USDJPY,2025.01.14 15:15:00,0,
2025.01.14 15:49:59,scan_executed_new_execution_bar,USDJPY,2025.01.14 15:30:00,31,
2025.01.14 15:54:59,scan_skipped_same_execution_bar,USDJPY,2025.01.14 15:30:00,0,
2025.01.14 16:04:59,scan_executed_new_execution_bar,USDJPY,2025.01.14 15:45:00,0,
2025.01.14 16:09:59,scan_skipped_same_execution_bar,USDJPY,2025.01.14 15:45:00,0,
2025.01.14 16:19:59,scan_executed_new_execution_bar,USDJPY,2025.01.14 16:00:00,0,
2025.01.14 16:24:59,scan_skipped_same_execution_bar,USDJPY,2025.01.14 16:00:00,0,
2025.01.14 16:34:59,scan_executed_new_execution_bar,USDJPY,2025.01.14 16:15:00,15,
2025.01.14 16:39:59,scan_skipped_same_execution_bar,USDJPY,2025.01.14 16:15:00,0,
2025.01.14 16:49:59,scan_executed_new_execution_bar,USDJPY,2025.01.14 16:30:00,0,
2025.01.14 16:54:59,scan_skipped_same_execution_bar,USDJPY,2025.01.14 16:30:00,0,
2025.01.14 17:04:59,scan_executed_new_execution_bar,USDJPY,2025.01.14 16:45:00,0,
2025.01.14 17:09:59,scan_skipped_same_execution_bar,USDJPY,2025.01.14 16:45:00,0,
2025.01.14 17:19:59,scan_executed_new_execution_bar,USDJPY,2025.01.14 17:00:00,32,
2025.01.14 17:24:59,scan_skipped_same_execution_bar,USDJPY,2025.01.14 17:00:00,0,
2025.01.14 17:34:59,scan_executed_new_execution_bar,USDJPY,2025.01.14 17:15:00,0,
2025.01.14 17:39:59,scan_skipped_same_execution_bar,USDJPY,2025.01.14 17:15:00,0,
2025.01.14 17:49:59,scan_executed_new_execution_bar,USDJPY,2025.01.14 17:30:00,16,
2025.01.14 17:54:59,scan_skipped_same_execution_bar,USDJPY,2025.01.14 17:30:00,0,
2025.01.14 18:04:59,scan_executed_new_execution_bar,USDJPY,2025.01.14 17:45:00,0,
2025.01.14 18:09:59,scan_skipped_same_execution_bar,USDJPY,2025.01.14 17:45:00,0,
2025.01.14 18:19:59,scan_executed_new_execution_bar,USDJPY,2025.01.14 18:00:00,0,
2025.01.14 18:24:59,scan_skipped_same_execution_bar,USDJPY,2025.01.14 18:00:00,0,
2025.01.14 18:34:59,scan_executed_new_execution_bar,USDJPY,2025.01.14 18:15:00,31,
2025.01.14 18:39:59,scan_skipped_same_execution_bar,USDJPY,2025.01.14 18:15:00,0,
2025.01.14 18:49:59,scan_executed_new_execution_bar,USDJPY,2025.01.14 18:30:00,46,
2025.01.14 18:54:59,scan_skipped_same_execution_bar,USDJPY,2025.01.14 18:30:00,0,
2025.01.14 19:04:59,scan_executed_new_execution_bar,USDJPY,2025.01.14 18:45:00,16,
2025.01.14 19:09:59,scan_skipped_same_execution_bar,USDJPY,2025.01.14 18:45:00,0,
2025.01.14 19:19:59,scan_executed_new_execution_bar,USDJPY,2025.01.14 19:00:00,16,
2025.01.14 19:24:59,scan_skipped_same_execution_bar,USDJPY,2025.01.14 19:00:00,0,
2025.01.14 19:34:59,scan_executed_new_execution_bar,USDJPY,2025.01.14 19:15:00,0,
2025.01.14 19:39:59,scan_skipped_same_execution_bar,USDJPY,2025.01.14 19:15:00,0,
2025.01.14 19:49:59,scan_executed_new_execution_bar,USDJPY,2025.01.14 19:30:00,0,
2025.01.14 19:54:59,scan_skipped_same_execution_bar,USDJPY,2025.01.14 19:30:00,0,
2025.01.14 20:04:59,scan_executed_new_execution_bar,USDJPY,2025.01.14 19:45:00,0,
2025.01.14 20:09:59,scan_skipped_same_execution_bar,USDJPY,2025.01.14 19:45:00,0,
2025.01.14 20:19:59,scan_executed_new_execution_bar,USDJPY,2025.01.14 20:00:00,31,
2025.01.14 20:24:59,scan_skipped_same_execution_bar,USDJPY,2025.01.14 20:00:00,0,
2025.01.14 20:34:59,scan_executed_new_execution_bar,USDJPY,2025.01.14 20:15:00,0,
2025.01.14 20:39:59,scan_skipped_same_execution_bar,USDJPY,2025.01.14 20:15:00,0,
2025.01.14 20:49:59,scan_executed_new_execution_bar,USDJPY,2025.01.14 20:30:00,0,
2025.01.14 20:54:58,scan_skipped_same_execution_bar,USDJPY,2025.01.14 20:30:00,0,
2025.01.14 21:04:59,scan_executed_new_execution_bar,USDJPY,2025.01.14 20:45:00,0,
2025.01.14 21:09:59,scan_skipped_same_execution_bar,USDJPY,2025.01.14 20:45:00,0,
2025.01.14 21:20:00,scan_executed_new_execution_bar,USDJPY,2025.01.14 21:00:00,0,
2025.01.14 21:24:59,scan_skipped_same_execution_bar,USDJPY,2025.01.14 21:00:00,0,
2025.01.14 21:34:59,scan_executed_new_execution_bar,USDJPY,2025.01.14 21:15:00,31,
2025.01.14 21:39:59,scan_skipped_same_execution_bar,USDJPY,2025.01.14 21:15:00,0,
2025.01.14 21:49:59,scan_executed_new_execution_bar,USDJPY,2025.01.14 21:30:00,0,
2025.01.14 21:54:59,scan_skipped_same_execution_bar,USDJPY,2025.01.14 21:30:00,0,
2025.01.14 22:04:59,scan_executed_new_execution_bar,USDJPY,2025.01.14 21:45:00,16,
2025.01.14 22:09:59,scan_skipped_same_execution_bar,USDJPY,2025.01.14 21:45:00,0,
2025.01.14 22:19:59,scan_executed_new_execution_bar,USDJPY,2025.01.14 22:00:00,15,
2025.01.14 22:24:59,scan_skipped_same_execution_bar,USDJPY,2025.01.14 22:00:00,0,
2025.01.14 22:34:59,scan_executed_new_execution_bar,USDJPY,2025.01.14 22:15:00,0,
2025.01.14 22:39:59,scan_skipped_same_execution_bar,USDJPY,2025.01.14 22:15:00,0,
2025.01.14 22:49:59,scan_executed_new_execution_bar,USDJPY,2025.01.14 22:30:00,16,
2025.01.14 22:54:59,scan_skipped_same_execution_bar,USDJPY,2025.01.14 22:30:00,0,
2025.01.14 23:04:59,scan_executed_new_execution_bar,USDJPY,2025.01.14 22:45:00,0,
2025.01.14 23:09:59,scan_skipped_same_execution_bar,USDJPY,2025.01.14 22:45:00,0,
2025.01.14 23:19:59,scan_executed_new_execution_bar,USDJPY,2025.01.14 23:00:00,0,
2025.01.14 23:24:59,scan_skipped_same_execution_bar,USDJPY,2025.01.14 23:00:00,0,
2025.01.14 23:34:59,scan_executed_new_execution_bar,USDJPY,2025.01.14 23:15:00,0,
2025.01.14 23:39:59,scan_skipped_same_execution_bar,USDJPY,2025.01.14 23:15:00,0,
2025.01.14 23:49:59,scan_executed_new_execution_bar,USDJPY,2025.01.14 23:30:00,16,
2025.01.14 23:54:59,scan_skipped_same_execution_bar,USDJPY,2025.01.14 23:30:00,0,
2025.01.15 00:04:44,scan_executed_new_execution_bar,USDJPY,2025.01.14 23:45:00,0,
2025.01.15 00:09:58,scan_skipped_same_execution_bar,USDJPY,2025.01.14 23:45:00,0,
2025.01.15 00:19:59,scan_executed_new_execution_bar,USDJPY,2025.01.15 00:00:00,0,
2025.01.15 00:24:58,scan_skipped_same_execution_bar,USDJPY,2025.01.15 00:00:00,0,
2025.01.15 00:34:59,scan_executed_new_execution_bar,USDJPY,2025.01.15 00:15:00,0,
2025.01.15 00:39:58,scan_skipped_same_execution_bar,USDJPY,2025.01.15 00:15:00,0,
2025.01.15 00:49:59,scan_executed_new_execution_bar,USDJPY,2025.01.15 00:30:00,0,
2025.01.15 00:54:59,scan_skipped_same_execution_bar,USDJPY,2025.01.15 00:30:00,0,
2025.01.15 01:04:59,scan_executed_new_execution_bar,USDJPY,2025.01.15 00:45:00,0,
2025.01.15 01:09:59,scan_skipped_same_execution_bar,USDJPY,2025.01.15 00:45:00,0,
2025.01.15 01:19:59,scan_executed_new_execution_bar,USDJPY,2025.01.15 01:00:00,16,
2025.01.15 01:24:59,scan_skipped_same_execution_bar,USDJPY,2025.01.15 01:00:00,0,
2025.01.15 01:35:00,scan_executed_new_execution_bar,USDJPY,2025.01.15 01:15:00,16,
2025.01.15 01:39:59,scan_skipped_same_execution_bar,USDJPY,2025.01.15 01:15:00,0,
2025.01.15 01:49:59,scan_executed_new_execution_bar,USDJPY,2025.01.15 01:30:00,16,
2025.01.15 01:54:59,scan_skipped_same_execution_bar,USDJPY,2025.01.15 01:30:00,0,
2025.01.15 02:04:59,scan_executed_new_execution_bar,USDJPY,2025.01.15 01:45:00,0,
2025.01.15 02:09:59,scan_skipped_same_execution_bar,USDJPY,2025.01.15 01:45:00,0,
2025.01.15 02:19:59,scan_executed_new_execution_bar,USDJPY,2025.01.15 02:00:00,16,
2025.01.15 02:24:59,scan_skipped_same_execution_bar,USDJPY,2025.01.15 02:00:00,0,
2025.01.15 02:34:59,scan_executed_new_execution_bar,USDJPY,2025.01.15 02:15:00,0,
2025.01.15 02:39:59,scan_skipped_same_execution_bar,USDJPY,2025.01.15 02:15:00,0,
2025.01.15 02:49:59,scan_executed_new_execution_bar,USDJPY,2025.01.15 02:30:00,0,
2025.01.15 02:54:59,scan_skipped_same_execution_bar,USDJPY,2025.01.15 02:30:00,0,
2025.01.15 03:04:59,scan_executed_new_execution_bar,USDJPY,2025.01.15 02:45:00,16,
2025.01.15 03:09:59,scan_skipped_same_execution_bar,USDJPY,2025.01.15 02:45:00,0,
2025.01.15 03:19:59,scan_executed_new_execution_bar,USDJPY,2025.01.15 03:00:00,0,
2025.01.15 03:24:59,scan_skipped_same_execution_bar,USDJPY,2025.01.15 03:00:00,0,
2025.01.15 03:34:59,scan_executed_new_execution_bar,USDJPY,2025.01.15 03:15:00,0,
2025.01.15 03:39:59,scan_skipped_same_execution_bar,USDJPY,2025.01.15 03:15:00,0,
2025.01.15 03:49:59,scan_executed_new_execution_bar,USDJPY,2025.01.15 03:30:00,0,
2025.01.15 03:54:59,scan_skipped_same_execution_bar,USDJPY,2025.01.15 03:30:00,0,
2025.01.15 04:04:59,scan_executed_new_execution_bar,USDJPY,2025.01.15 03:45:00,15,
2025.01.15 04:09:59,scan_skipped_same_execution_bar,USDJPY,2025.01.15 03:45:00,0,
2025.01.15 04:19:59,scan_executed_new_execution_bar,USDJPY,2025.01.15 04:00:00,0,
2025.01.15 04:24:57,scan_skipped_same_execution_bar,USDJPY,2025.01.15 04:00:00,0,
2025.01.15 04:34:59,scan_executed_new_execution_bar,USDJPY,2025.01.15 04:15:00,0,
2025.01.15 04:39:59,scan_skipped_same_execution_bar,USDJPY,2025.01.15 04:15:00,0,
2025.01.15 04:49:59,scan_executed_new_execution_bar,USDJPY,2025.01.15 04:30:00,16,
2025.01.15 04:54:59,scan_skipped_same_execution_bar,USDJPY,2025.01.15 04:30:00,0,
2025.01.15 05:04:59,scan_executed_new_execution_bar,USDJPY,2025.01.15 04:45:00,0,
2025.01.15 05:09:59,scan_skipped_same_execution_bar,USDJPY,2025.01.15 04:45:00,0,
2025.01.15 05:19:59,scan_executed_new_execution_bar,USDJPY,2025.01.15 05:00:00,16,
2025.01.15 05:24:59,scan_skipped_same_execution_bar,USDJPY,2025.01.15 05:00:00,0,
2025.01.15 05:34:59,scan_executed_new_execution_bar,USDJPY,2025.01.15 05:15:00,0,
2025.01.15 05:39:59,scan_skipped_same_execution_bar,USDJPY,2025.01.15 05:15:00,0,
2025.01.15 05:49:59,scan_executed_new_execution_bar,USDJPY,2025.01.15 05:30:00,15,
2025.01.15 05:54:59,scan_skipped_same_execution_bar,USDJPY,2025.01.15 05:30:00,0,
2025.01.15 06:04:56,scan_executed_new_execution_bar,USDJPY,2025.01.15 05:45:00,0,
2025.01.15 06:09:59,scan_skipped_same_execution_bar,USDJPY,2025.01.15 05:45:00,0,
2025.01.15 06:19:59,scan_executed_new_execution_bar,USDJPY,2025.01.15 06:00:00,0,
2025.01.15 06:24:59,scan_skipped_same_execution_bar,USDJPY,2025.01.15 06:00:00,0,
2025.01.15 06:34:59,scan_executed_new_execution_bar,USDJPY,2025.01.15 06:15:00,0,
2025.01.15 06:39:59,scan_skipped_same_execution_bar,USDJPY,2025.01.15 06:15:00,0,
2025.01.15 06:49:59,scan_executed_new_execution_bar,USDJPY,2025.01.15 06:30:00,0,
2025.01.15 06:54:59,scan_skipped_same_execution_bar,USDJPY,2025.01.15 06:30:00,0,
2025.01.15 07:04:59,scan_executed_new_execution_bar,USDJPY,2025.01.15 06:45:00,0,
2025.01.15 07:09:59,scan_skipped_same_execution_bar,USDJPY,2025.01.15 06:45:00,0,
2025.01.15 07:19:59,scan_executed_new_execution_bar,USDJPY,2025.01.15 07:00:00,0,
2025.01.15 07:24:59,scan_skipped_same_execution_bar,USDJPY,2025.01.15 07:00:00,0,
2025.01.15 07:34:58,scan_executed_new_execution_bar,USDJPY,2025.01.15 07:15:00,0,
2025.01.15 07:39:59,scan_skipped_same_execution_bar,USDJPY,2025.01.15 07:15:00,0,
2025.01.15 07:50:00,scan_executed_new_execution_bar,USDJPY,2025.01.15 07:30:00,0,
2025.01.15 07:54:58,scan_skipped_same_execution_bar,USDJPY,2025.01.15 07:30:00,0,
2025.01.15 08:04:59,scan_executed_new_execution_bar,USDJPY,2025.01.15 07:45:00,0,
2025.01.15 08:09:59,scan_skipped_same_execution_bar,USDJPY,2025.01.15 07:45:00,0,
2025.01.15 08:19:59,scan_executed_new_execution_bar,USDJPY,2025.01.15 08:00:00,0,
2025.01.15 08:24:59,scan_skipped_same_execution_bar,USDJPY,2025.01.15 08:00:00,0,
2025.01.15 08:34:59,scan_executed_new_execution_bar,USDJPY,2025.01.15 08:15:00,16,
2025.01.15 08:39:58,scan_skipped_same_execution_bar,USDJPY,2025.01.15 08:15:00,0,
2025.01.15 08:50:00,scan_executed_new_execution_bar,USDJPY,2025.01.15 08:30:00,0,
2025.01.15 08:55:00,scan_skipped_same_execution_bar,USDJPY,2025.01.15 08:30:00,0,
2025.01.15 09:04:59,scan_executed_new_execution_bar,USDJPY,2025.01.15 08:45:00,0,
2025.01.15 09:09:59,scan_skipped_same_execution_bar,USDJPY,2025.01.15 08:45:00,0,
2025.01.15 09:19:59,scan_executed_new_execution_bar,USDJPY,2025.01.15 09:00:00,0,
2025.01.15 09:24:59,scan_skipped_same_execution_bar,USDJPY,2025.01.15 09:00:00,0,
2025.01.15 09:34:59,scan_executed_new_execution_bar,USDJPY,2025.01.15 09:15:00,16,
2025.01.15 09:39:59,scan_skipped_same_execution_bar,USDJPY,2025.01.15 09:15:00,0,
2025.01.15 09:49:59,scan_executed_new_execution_bar,USDJPY,2025.01.15 09:30:00,0,
2025.01.15 09:54:59,scan_skipped_same_execution_bar,USDJPY,2025.01.15 09:30:00,0,
2025.01.15 10:04:59,scan_executed_new_execution_bar,USDJPY,2025.01.15 09:45:00,0,
2025.01.15 10:09:59,scan_skipped_same_execution_bar,USDJPY,2025.01.15 09:45:00,0,
2025.01.15 10:19:59,scan_executed_new_execution_bar,USDJPY,2025.01.15 10:00:00,31,
2025.01.15 10:24:59,scan_skipped_same_execution_bar,USDJPY,2025.01.15 10:00:00,0,
2025.01.15 10:34:59,scan_executed_new_execution_bar,USDJPY,2025.01.15 10:15:00,15,
2025.01.15 10:39:59,scan_skipped_same_execution_bar,USDJPY,2025.01.15 10:15:00,0,
2025.01.15 10:49:59,scan_executed_new_execution_bar,USDJPY,2025.01.15 10:30:00,16,
2025.01.15 10:54:59,scan_skipped_same_execution_bar,USDJPY,2025.01.15 10:30:00,0,
2025.01.15 11:04:59,scan_executed_new_execution_bar,USDJPY,2025.01.15 10:45:00,31,
2025.01.15 11:09:59,scan_skipped_same_execution_bar,USDJPY,2025.01.15 10:45:00,0,
2025.01.15 11:19:59,scan_executed_new_execution_bar,USDJPY,2025.01.15 11:00:00,0,
2025.01.15 11:24:58,scan_skipped_same_execution_bar,USDJPY,2025.01.15 11:00:00,0,
2025.01.15 11:34:59,scan_executed_new_execution_bar,USDJPY,2025.01.15 11:15:00,0,
2025.01.15 11:40:00,scan_skipped_same_execution_bar,USDJPY,2025.01.15 11:15:00,0,
2025.01.15 11:49:59,scan_executed_new_execution_bar,USDJPY,2025.01.15 11:30:00,16,
2025.01.15 11:54:59,scan_skipped_same_execution_bar,USDJPY,2025.01.15 11:30:00,0,
2025.01.15 12:04:59,scan_executed_new_execution_bar,USDJPY,2025.01.15 11:45:00,93,
2025.01.15 12:09:59,scan_skipped_same_execution_bar,USDJPY,2025.01.15 11:45:00,0,
2025.01.15 12:19:59,scan_executed_new_execution_bar,USDJPY,2025.01.15 12:00:00,16,
2025.01.15 12:24:59,scan_skipped_same_execution_bar,USDJPY,2025.01.15 12:00:00,0,
2025.01.15 12:34:59,scan_executed_new_execution_bar,USDJPY,2025.01.15 12:15:00,0,
2025.01.15 12:39:58,scan_skipped_same_execution_bar,USDJPY,2025.01.15 12:15:00,0,
2025.01.15 12:49:56,scan_executed_new_execution_bar,USDJPY,2025.01.15 12:30:00,0,
2025.01.15 12:54:59,scan_skipped_same_execution_bar,USDJPY,2025.01.15 12:30:00,0,
2025.01.15 13:04:59,scan_executed_new_execution_bar,USDJPY,2025.01.15 12:45:00,16,
2025.01.15 13:09:59,scan_skipped_same_execution_bar,USDJPY,2025.01.15 12:45:00,0,
2025.01.15 13:19:59,scan_executed_new_execution_bar,USDJPY,2025.01.15 13:00:00,47,
2025.01.15 13:24:59,scan_skipped_same_execution_bar,USDJPY,2025.01.15 13:00:00,0,
2025.01.15 13:34:59,scan_executed_new_execution_bar,USDJPY,2025.01.15 13:15:00,16,
2025.01.15 13:39:59,scan_skipped_same_execution_bar,USDJPY,2025.01.15 13:15:00,0,
2025.01.15 13:49:59,scan_executed_new_execution_bar,USDJPY,2025.01.15 13:30:00,0,
2025.01.15 13:54:59,scan_skipped_same_execution_bar,USDJPY,2025.01.15 13:30:00,0,
2025.01.15 14:04:59,scan_executed_new_execution_bar,USDJPY,2025.01.15 13:45:00,0,
2025.01.15 14:09:59,scan_skipped_same_execution_bar,USDJPY,2025.01.15 13:45:00,0,
2025.01.15 14:19:59,scan_executed_new_execution_bar,USDJPY,2025.01.15 14:00:00,0,
2025.01.15 14:24:59,scan_skipped_same_execution_bar,USDJPY,2025.01.15 14:00:00,0,
2025.01.15 14:34:58,scan_executed_new_execution_bar,USDJPY,2025.01.15 14:15:00,0,
2025.01.15 14:39:59,scan_skipped_same_execution_bar,USDJPY,2025.01.15 14:15:00,0,
2025.01.15 14:49:59,scan_executed_new_execution_bar,USDJPY,2025.01.15 14:30:00,0,
2025.01.15 14:54:59,scan_skipped_same_execution_bar,USDJPY,2025.01.15 14:30:00,0,
2025.01.15 15:04:59,scan_executed_new_execution_bar,USDJPY,2025.01.15 14:45:00,0,
2025.01.15 15:09:59,scan_skipped_same_execution_bar,USDJPY,2025.01.15 14:45:00,0,
2025.01.15 15:19:59,scan_executed_new_execution_bar,USDJPY,2025.01.15 15:00:00,16,
2025.01.15 15:24:59,scan_skipped_same_execution_bar,USDJPY,2025.01.15 15:00:00,0,
2025.01.15 15:34:59,scan_executed_new_execution_bar,USDJPY,2025.01.15 15:15:00,0,
2025.01.15 15:39:59,scan_skipped_same_execution_bar,USDJPY,2025.01.15 15:15:00,0,
2025.01.15 15:49:59,scan_executed_new_execution_bar,USDJPY,2025.01.15 15:30:00,0,
2025.01.15 15:54:59,scan_skipped_same_execution_bar,USDJPY,2025.01.15 15:30:00,0,
2025.01.15 16:04:59,scan_executed_new_execution_bar,USDJPY,2025.01.15 15:45:00,0,
2025.01.15 16:09:59,scan_skipped_same_execution_bar,USDJPY,2025.01.15 15:45:00,0,
2025.01.15 16:19:59,scan_executed_new_execution_bar,USDJPY,2025.01.15 16:00:00,16,
2025.01.15 16:24:59,scan_skipped_same_execution_bar,USDJPY,2025.01.15 16:00:00,0,
2025.01.15 16:34:59,scan_executed_new_execution_bar,USDJPY,2025.01.15 16:15:00,0,
2025.01.15 16:39:59,scan_skipped_same_execution_bar,USDJPY,2025.01.15 16:15:00,0,
2025.01.15 16:49:59,scan_executed_new_execution_bar,USDJPY,2025.01.15 16:30:00,62,
2025.01.15 16:54:59,scan_skipped_same_execution_bar,USDJPY,2025.01.15 16:30:00,0,
2025.01.15 17:04:59,scan_executed_new_execution_bar,USDJPY,2025.01.15 16:45:00,0,
2025.01.15 17:09:59,scan_skipped_same_execution_bar,USDJPY,2025.01.15 16:45:00,0,
2025.01.15 17:19:59,scan_executed_new_execution_bar,USDJPY,2025.01.15 17:00:00,0,
2025.01.15 17:24:59,scan_skipped_same_execution_bar,USDJPY,2025.01.15 17:00:00,0,
2025.01.15 17:34:59,scan_executed_new_execution_bar,USDJPY,2025.01.15 17:15:00,0,
2025.01.15 17:39:59,scan_skipped_same_execution_bar,USDJPY,2025.01.15 17:15:00,0,
2025.01.15 17:49:59,scan_executed_new_execution_bar,USDJPY,2025.01.15 17:30:00,15,
2025.01.15 17:54:59,scan_skipped_same_execution_bar,USDJPY,2025.01.15 17:30:00,0,
2025.01.15 18:04:59,scan_executed_new_execution_bar,USDJPY,2025.01.15 17:45:00,0,
2025.01.15 18:09:59,scan_skipped_same_execution_bar,USDJPY,2025.01.15 17:45:00,0,
2025.01.15 18:19:59,scan_executed_new_execution_bar,USDJPY,2025.01.15 18:00:00,0,
2025.01.15 18:24:59,scan_skipped_same_execution_bar,USDJPY,2025.01.15 18:00:00,0,
2025.01.15 18:34:59,scan_executed_new_execution_bar,USDJPY,2025.01.15 18:15:00,0,
2025.01.15 18:39:59,scan_skipped_same_execution_bar,USDJPY,2025.01.15 18:15:00,0,
2025.01.15 18:49:59,scan_executed_new_execution_bar,USDJPY,2025.01.15 18:30:00,0,
2025.01.15 18:54:59,scan_skipped_same_execution_bar,USDJPY,2025.01.15 18:30:00,0,
2025.01.15 19:04:59,scan_executed_new_execution_bar,USDJPY,2025.01.15 18:45:00,62,
2025.01.15 19:09:59,scan_skipped_same_execution_bar,USDJPY,2025.01.15 18:45:00,0,
2025.01.15 19:19:59,scan_executed_new_execution_bar,USDJPY,2025.01.15 19:00:00,0,
2025.01.15 19:24:59,scan_skipped_same_execution_bar,USDJPY,2025.01.15 19:00:00,0,
2025.01.15 19:34:59,scan_executed_new_execution_bar,USDJPY,2025.01.15 19:15:00,16,
2025.01.15 19:39:59,scan_skipped_same_execution_bar,USDJPY,2025.01.15 19:15:00,0,
2025.01.15 19:49:59,scan_executed_new_execution_bar,USDJPY,2025.01.15 19:30:00,0,
2025.01.15 19:54:59,scan_skipped_same_execution_bar,USDJPY,2025.01.15 19:30:00,0,
2025.01.15 20:04:59,scan_executed_new_execution_bar,USDJPY,2025.01.15 19:45:00,0,
2025.01.15 20:09:59,scan_skipped_same_execution_bar,USDJPY,2025.01.15 19:45:00,0,
2025.01.15 20:19:59,scan_executed_new_execution_bar,USDJPY,2025.01.15 20:00:00,15,
2025.01.15 20:24:59,scan_skipped_same_execution_bar,USDJPY,2025.01.15 20:00:00,0,
2025.01.15 20:34:59,scan_executed_new_execution_bar,USDJPY,2025.01.15 20:15:00,31,
2025.01.15 20:39:59,scan_skipped_same_execution_bar,USDJPY,2025.01.15 20:15:00,0,
2025.01.15 20:49:55,scan_executed_new_execution_bar,USDJPY,2025.01.15 20:30:00,0,
2025.01.15 20:54:59,scan_skipped_same_execution_bar,USDJPY,2025.01.15 20:30:00,0,
2025.01.15 21:04:59,scan_executed_new_execution_bar,USDJPY,2025.01.15 20:45:00,0,
2025.01.15 21:09:59,scan_skipped_same_execution_bar,USDJPY,2025.01.15 20:45:00,0,
2025.01.15 21:19:59,scan_executed_new_execution_bar,USDJPY,2025.01.15 21:00:00,0,
2025.01.15 21:24:59,scan_skipped_same_execution_bar,USDJPY,2025.01.15 21:00:00,0,
2025.01.15 21:34:59,scan_executed_new_execution_bar,USDJPY,2025.01.15 21:15:00,0,
2025.01.15 21:39:59,scan_skipped_same_execution_bar,USDJPY,2025.01.15 21:15:00,0,
2025.01.15 21:49:58,scan_executed_new_execution_bar,USDJPY,2025.01.15 21:30:00,0,
2025.01.15 21:54:58,scan_skipped_same_execution_bar,USDJPY,2025.01.15 21:30:00,0,
2025.01.15 22:04:59,scan_executed_new_execution_bar,USDJPY,2025.01.15 21:45:00,0,
2025.01.15 22:09:59,scan_skipped_same_execution_bar,USDJPY,2025.01.15 21:45:00,0,
2025.01.15 22:19:59,scan_executed_new_execution_bar,USDJPY,2025.01.15 22:00:00,0,
2025.01.15 22:24:59,scan_skipped_same_execution_bar,USDJPY,2025.01.15 22:00:00,0,
2025.01.15 22:34:59,scan_executed_new_execution_bar,USDJPY,2025.01.15 22:15:00,0,
2025.01.15 22:39:59,scan_skipped_same_execution_bar,USDJPY,2025.01.15 22:15:00,0,
2025.01.15 22:49:59,scan_executed_new_execution_bar,USDJPY,2025.01.15 22:30:00,0,
2025.01.15 22:54:57,scan_skipped_same_execution_bar,USDJPY,2025.01.15 22:30:00,0,
2025.01.15 23:04:59,scan_executed_new_execution_bar,USDJPY,2025.01.15 22:45:00,0,
2025.01.15 23:09:59,scan_skipped_same_execution_bar,USDJPY,2025.01.15 22:45:00,0,
2025.01.15 23:19:59,scan_executed_new_execution_bar,USDJPY,2025.01.15 23:00:00,0,
2025.01.15 23:24:59,scan_skipped_same_execution_bar,USDJPY,2025.01.15 23:00:00,0,
2025.01.15 23:34:59,scan_executed_new_execution_bar,USDJPY,2025.01.15 23:15:00,0,
2025.01.15 23:39:59,scan_skipped_same_execution_bar,USDJPY,2025.01.15 23:15:00,0,
2025.01.15 23:49:58,scan_executed_new_execution_bar,USDJPY,2025.01.15 23:30:00,0,
2025.01.15 23:54:59,scan_skipped_same_execution_bar,USDJPY,2025.01.15 23:30:00,0,
2025.01.16 00:04:59,scan_executed_new_execution_bar,USDJPY,2025.01.15 23:45:00,0,
2025.01.16 00:09:59,scan_skipped_same_execution_bar,USDJPY,2025.01.15 23:45:00,0,
2025.01.16 00:19:59,scan_executed_new_execution_bar,USDJPY,2025.01.16 00:00:00,0,
2025.01.16 00:24:59,scan_skipped_same_execution_bar,USDJPY,2025.01.16 00:00:00,0,
2025.01.16 00:34:59,scan_executed_new_execution_bar,USDJPY,2025.01.16 00:15:00,0,
2025.01.16 00:39:56,scan_skipped_same_execution_bar,USDJPY,2025.01.16 00:15:00,0,
2025.01.16 00:49:59,scan_executed_new_execution_bar,USDJPY,2025.01.16 00:30:00,0,
2025.01.16 00:54:59,scan_skipped_same_execution_bar,USDJPY,2025.01.16 00:30:00,0,
2025.01.16 01:04:59,scan_executed_new_execution_bar,USDJPY,2025.01.16 00:45:00,0,
2025.01.16 01:09:59,scan_skipped_same_execution_bar,USDJPY,2025.01.16 00:45:00,0,
2025.01.16 01:19:59,scan_executed_new_execution_bar,USDJPY,2025.01.16 01:00:00,0,
2025.01.16 01:24:59,scan_skipped_same_execution_bar,USDJPY,2025.01.16 01:00:00,0,
2025.01.16 01:34:58,scan_executed_new_execution_bar,USDJPY,2025.01.16 01:15:00,0,
2025.01.16 01:39:58,scan_skipped_same_execution_bar,USDJPY,2025.01.16 01:15:00,0,
2025.01.16 01:49:58,scan_executed_new_execution_bar,USDJPY,2025.01.16 01:30:00,0,
2025.01.16 01:54:59,scan_skipped_same_execution_bar,USDJPY,2025.01.16 01:30:00,0,
2025.01.16 02:04:59,scan_executed_new_execution_bar,USDJPY,2025.01.16 01:45:00,0,
2025.01.16 02:09:59,scan_skipped_same_execution_bar,USDJPY,2025.01.16 01:45:00,0,
2025.01.16 02:19:59,scan_executed_new_execution_bar,USDJPY,2025.01.16 02:00:00,0,
2025.01.16 02:24:59,scan_skipped_same_execution_bar,USDJPY,2025.01.16 02:00:00,0,
2025.01.16 02:34:59,scan_executed_new_execution_bar,USDJPY,2025.01.16 02:15:00,0,
2025.01.16 02:39:59,scan_skipped_same_execution_bar,USDJPY,2025.01.16 02:15:00,0,
2025.01.16 02:49:59,scan_executed_new_execution_bar,USDJPY,2025.01.16 02:30:00,0,
2025.01.16 02:54:59,scan_skipped_same_execution_bar,USDJPY,2025.01.16 02:30:00,0,
2025.01.16 03:04:59,scan_executed_new_execution_bar,USDJPY,2025.01.16 02:45:00,0,
2025.01.16 03:09:59,scan_skipped_same_execution_bar,USDJPY,2025.01.16 02:45:00,0,
2025.01.16 03:19:59,scan_executed_new_execution_bar,USDJPY,2025.01.16 03:00:00,0,
2025.01.16 03:24:59,scan_skipped_same_execution_bar,USDJPY,2025.01.16 03:00:00,0,
2025.01.16 03:34:59,scan_executed_new_execution_bar,USDJPY,2025.01.16 03:15:00,0,
2025.01.16 03:39:59,scan_skipped_same_execution_bar,USDJPY,2025.01.16 03:15:00,0,
2025.01.16 03:49:59,scan_executed_new_execution_bar,USDJPY,2025.01.16 03:30:00,0,
2025.01.16 03:54:59,scan_skipped_same_execution_bar,USDJPY,2025.01.16 03:30:00,0,
2025.01.16 04:04:59,scan_executed_new_execution_bar,USDJPY,2025.01.16 03:45:00,0,
2025.01.16 04:09:59,scan_skipped_same_execution_bar,USDJPY,2025.01.16 03:45:00,0,
2025.01.16 04:19:59,scan_executed_new_execution_bar,USDJPY,2025.01.16 04:00:00,63,
2025.01.16 04:24:59,scan_skipped_same_execution_bar,USDJPY,2025.01.16 04:00:00,0,
2025.01.16 04:34:59,scan_executed_new_execution_bar,USDJPY,2025.01.16 04:15:00,0,
2025.01.16 04:39:59,scan_skipped_same_execution_bar,USDJPY,2025.01.16 04:15:00,0,
2025.01.16 04:49:59,scan_executed_new_execution_bar,USDJPY,2025.01.16 04:30:00,0,
2025.01.16 04:54:59,scan_skipped_same_execution_bar,USDJPY,2025.01.16 04:30:00,0,
2025.01.16 05:04:59,scan_executed_new_execution_bar,USDJPY,2025.01.16 04:45:00,0,
2025.01.16 05:09:59,scan_skipped_same_execution_bar,USDJPY,2025.01.16 04:45:00,0,
2025.01.16 05:19:59,scan_executed_new_execution_bar,USDJPY,2025.01.16 05:00:00,0,
2025.01.16 05:25:00,scan_skipped_same_execution_bar,USDJPY,2025.01.16 05:00:00,0,
2025.01.16 05:34:59,scan_executed_new_execution_bar,USDJPY,2025.01.16 05:15:00,0,
2025.01.16 05:39:59,scan_skipped_same_execution_bar,USDJPY,2025.01.16 05:15:00,0,
2025.01.16 05:49:59,scan_executed_new_execution_bar,USDJPY,2025.01.16 05:30:00,0,
2025.01.16 05:54:59,scan_skipped_same_execution_bar,USDJPY,2025.01.16 05:30:00,0,
2025.01.16 06:04:59,scan_executed_new_execution_bar,USDJPY,2025.01.16 05:45:00,0,
2025.01.16 06:09:59,scan_skipped_same_execution_bar,USDJPY,2025.01.16 05:45:00,0,
2025.01.16 06:19:59,scan_executed_new_execution_bar,USDJPY,2025.01.16 06:00:00,15,
2025.01.16 06:24:59,scan_skipped_same_execution_bar,USDJPY,2025.01.16 06:00:00,0,
2025.01.16 06:34:59,scan_executed_new_execution_bar,USDJPY,2025.01.16 06:15:00,0,
2025.01.16 06:39:59,scan_skipped_same_execution_bar,USDJPY,2025.01.16 06:15:00,0,
2025.01.16 06:49:59,scan_executed_new_execution_bar,USDJPY,2025.01.16 06:30:00,0,
2025.01.16 06:54:59,scan_skipped_same_execution_bar,USDJPY,2025.01.16 06:30:00,0,
2025.01.16 07:05:00,scan_executed_new_execution_bar,USDJPY,2025.01.16 06:45:00,0,
2025.01.16 07:09:59,scan_skipped_same_execution_bar,USDJPY,2025.01.16 06:45:00,0,
2025.01.16 07:19:59,scan_executed_new_execution_bar,USDJPY,2025.01.16 07:00:00,0,
2025.01.16 07:24:59,scan_skipped_same_execution_bar,USDJPY,2025.01.16 07:00:00,0,
2025.01.16 07:34:59,scan_executed_new_execution_bar,USDJPY,2025.01.16 07:15:00,0,
2025.01.16 07:39:59,scan_skipped_same_execution_bar,USDJPY,2025.01.16 07:15:00,0,
2025.01.16 07:49:59,scan_executed_new_execution_bar,USDJPY,2025.01.16 07:30:00,0,
2025.01.16 07:54:59,scan_skipped_same_execution_bar,USDJPY,2025.01.16 07:30:00,0,
2025.01.16 08:04:59,scan_executed_new_execution_bar,USDJPY,2025.01.16 07:45:00,0,
2025.01.16 08:09:59,scan_skipped_same_execution_bar,USDJPY,2025.01.16 07:45:00,0,
2025.01.16 08:19:59,scan_executed_new_execution_bar,USDJPY,2025.01.16 08:00:00,0,
2025.01.16 08:24:59,scan_skipped_same_execution_bar,USDJPY,2025.01.16 08:00:00,0,
2025.01.16 08:34:59,scan_executed_new_execution_bar,USDJPY,2025.01.16 08:15:00,0,
2025.01.16 08:39:59,scan_skipped_same_execution_bar,USDJPY,2025.01.16 08:15:00,0,
2025.01.16 08:49:59,scan_executed_new_execution_bar,USDJPY,2025.01.16 08:30:00,0,
2025.01.16 08:54:59,scan_skipped_same_execution_bar,USDJPY,2025.01.16 08:30:00,0,
2025.01.16 09:04:59,scan_executed_new_execution_bar,USDJPY,2025.01.16 08:45:00,0,
2025.01.16 09:09:59,scan_skipped_same_execution_bar,USDJPY,2025.01.16 08:45:00,0,
2025.01.16 09:19:59,scan_executed_new_execution_bar,USDJPY,2025.01.16 09:00:00,0,
2025.01.16 09:24:59,scan_skipped_same_execution_bar,USDJPY,2025.01.16 09:00:00,0,
2025.01.16 09:34:59,scan_executed_new_execution_bar,USDJPY,2025.01.16 09:15:00,0,
2025.01.16 09:39:59,scan_skipped_same_execution_bar,USDJPY,2025.01.16 09:15:00,0,
2025.01.16 09:49:59,scan_executed_new_execution_bar,USDJPY,2025.01.16 09:30:00,0,
2025.01.16 09:54:59,scan_skipped_same_execution_bar,USDJPY,2025.01.16 09:30:00,0,
2025.01.16 10:04:59,scan_executed_new_execution_bar,USDJPY,2025.01.16 09:45:00,0,
2025.01.16 10:09:58,scan_skipped_same_execution_bar,USDJPY,2025.01.16 09:45:00,0,
2025.01.16 10:19:59,scan_executed_new_execution_bar,USDJPY,2025.01.16 10:00:00,0,
2025.01.16 10:24:59,scan_skipped_same_execution_bar,USDJPY,2025.01.16 10:00:00,0,
2025.01.16 10:34:59,scan_executed_new_execution_bar,USDJPY,2025.01.16 10:15:00,0,
2025.01.16 10:39:59,scan_skipped_same_execution_bar,USDJPY,2025.01.16 10:15:00,0,
2025.01.16 10:49:59,scan_executed_new_execution_bar,USDJPY,2025.01.16 10:30:00,0,
2025.01.16 10:54:59,scan_skipped_same_execution_bar,USDJPY,2025.01.16 10:30:00,0,
2025.01.16 11:04:59,scan_executed_new_execution_bar,USDJPY,2025.01.16 10:45:00,16,
2025.01.16 11:09:59,scan_skipped_same_execution_bar,USDJPY,2025.01.16 10:45:00,0,
2025.01.16 11:19:58,scan_executed_new_execution_bar,USDJPY,2025.01.16 11:00:00,0,
2025.01.16 11:24:59,scan_skipped_same_execution_bar,USDJPY,2025.01.16 11:00:00,0,
2025.01.16 11:34:59,scan_executed_new_execution_bar,USDJPY,2025.01.16 11:15:00,0,
2025.01.16 11:39:59,scan_skipped_same_execution_bar,USDJPY,2025.01.16 11:15:00,0,
2025.01.16 11:49:59,scan_executed_new_execution_bar,USDJPY,2025.01.16 11:30:00,0,
2025.01.16 11:54:59,scan_skipped_same_execution_bar,USDJPY,2025.01.16 11:30:00,0,
2025.01.16 12:04:59,scan_executed_new_execution_bar,USDJPY,2025.01.16 11:45:00,0,
2025.01.16 12:09:59,scan_skipped_same_execution_bar,USDJPY,2025.01.16 11:45:00,0,
2025.01.16 12:19:59,scan_executed_new_execution_bar,USDJPY,2025.01.16 12:00:00,16,
2025.01.16 12:24:59,scan_skipped_same_execution_bar,USDJPY,2025.01.16 12:00:00,0,
2025.01.16 12:34:59,scan_executed_new_execution_bar,USDJPY,2025.01.16 12:15:00,16,
2025.01.16 12:39:59,scan_skipped_same_execution_bar,USDJPY,2025.01.16 12:15:00,0,
2025.01.16 12:49:58,scan_executed_new_execution_bar,USDJPY,2025.01.16 12:30:00,0,
2025.01.16 12:54:58,scan_skipped_same_execution_bar,USDJPY,2025.01.16 12:30:00,0,
2025.01.16 13:04:59,scan_executed_new_execution_bar,USDJPY,2025.01.16 12:45:00,0,
2025.01.16 13:09:59,scan_skipped_same_execution_bar,USDJPY,2025.01.16 12:45:00,0,
2025.01.16 13:19:59,scan_executed_new_execution_bar,USDJPY,2025.01.16 13:00:00,47,
2025.01.16 13:24:59,scan_skipped_same_execution_bar,USDJPY,2025.01.16 13:00:00,0,
2025.01.16 13:34:59,scan_executed_new_execution_bar,USDJPY,2025.01.16 13:15:00,0,
2025.01.16 13:39:59,scan_skipped_same_execution_bar,USDJPY,2025.01.16 13:15:00,0,
2025.01.16 13:49:59,scan_executed_new_execution_bar,USDJPY,2025.01.16 13:30:00,0,
2025.01.16 13:54:59,scan_skipped_same_execution_bar,USDJPY,2025.01.16 13:30:00,0,
2025.01.16 14:04:59,scan_executed_new_execution_bar,USDJPY,2025.01.16 13:45:00,0,
2025.01.16 14:09:59,scan_skipped_same_execution_bar,USDJPY,2025.01.16 13:45:00,0,
2025.01.16 14:19:59,scan_executed_new_execution_bar,USDJPY,2025.01.16 14:00:00,0,
2025.01.16 14:24:59,scan_skipped_same_execution_bar,USDJPY,2025.01.16 14:00:00,0,
2025.01.16 14:34:59,scan_executed_new_execution_bar,USDJPY,2025.01.16 14:15:00,0,
2025.01.16 14:39:59,scan_skipped_same_execution_bar,USDJPY,2025.01.16 14:15:00,0,
2025.01.16 14:49:59,scan_executed_new_execution_bar,USDJPY,2025.01.16 14:30:00,0,
2025.01.16 14:54:59,scan_skipped_same_execution_bar,USDJPY,2025.01.16 14:30:00,0,
2025.01.16 15:04:59,scan_executed_new_execution_bar,USDJPY,2025.01.16 14:45:00,31,
2025.01.16 15:09:59,scan_skipped_same_execution_bar,USDJPY,2025.01.16 14:45:00,0,
2025.01.16 15:19:59,scan_executed_new_execution_bar,USDJPY,2025.01.16 15:00:00,0,
2025.01.16 15:24:59,scan_skipped_same_execution_bar,USDJPY,2025.01.16 15:00:00,0,
2025.01.16 15:34:59,scan_executed_new_execution_bar,USDJPY,2025.01.16 15:15:00,0,
2025.01.16 15:39:59,scan_skipped_same_execution_bar,USDJPY,2025.01.16 15:15:00,0,
2025.01.16 15:49:59,scan_executed_new_execution_bar,USDJPY,2025.01.16 15:30:00,0,
2025.01.16 15:54:58,scan_skipped_same_execution_bar,USDJPY,2025.01.16 15:30:00,0,
2025.01.16 16:04:59,scan_executed_new_execution_bar,USDJPY,2025.01.16 15:45:00,16,
2025.01.16 16:09:59,scan_skipped_same_execution_bar,USDJPY,2025.01.16 15:45:00,0,
2025.01.16 16:19:59,scan_executed_new_execution_bar,USDJPY,2025.01.16 16:00:00,0,
2025.01.16 16:24:59,scan_skipped_same_execution_bar,USDJPY,2025.01.16 16:00:00,0,
2025.01.16 16:34:59,scan_executed_new_execution_bar,USDJPY,2025.01.16 16:15:00,32,
2025.01.16 16:39:59,scan_skipped_same_execution_bar,USDJPY,2025.01.16 16:15:00,0,
2025.01.16 16:49:59,scan_executed_new_execution_bar,USDJPY,2025.01.16 16:30:00,0,
2025.01.16 16:54:59,scan_skipped_same_execution_bar,USDJPY,2025.01.16 16:30:00,0,
2025.01.16 17:04:59,scan_executed_new_execution_bar,USDJPY,2025.01.16 16:45:00,0,
2025.01.16 17:09:59,scan_skipped_same_execution_bar,USDJPY,2025.01.16 16:45:00,0,
2025.01.16 17:19:59,scan_executed_new_execution_bar,USDJPY,2025.01.16 17:00:00,16,
2025.01.16 17:24:59,scan_skipped_same_execution_bar,USDJPY,2025.01.16 17:00:00,0,
2025.01.16 17:35:00,scan_executed_new_execution_bar,USDJPY,2025.01.16 17:15:00,0,
2025.01.16 17:39:59,scan_skipped_same_execution_bar,USDJPY,2025.01.16 17:15:00,0,
2025.01.16 17:49:59,scan_executed_new_execution_bar,USDJPY,2025.01.16 17:30:00,0,
2025.01.16 17:54:59,scan_skipped_same_execution_bar,USDJPY,2025.01.16 17:30:00,0,
2025.01.16 18:04:59,scan_executed_new_execution_bar,USDJPY,2025.01.16 17:45:00,16,
2025.01.16 18:09:59,scan_skipped_same_execution_bar,USDJPY,2025.01.16 17:45:00,0,
2025.01.16 18:19:59,scan_executed_new_execution_bar,USDJPY,2025.01.16 18:00:00,0,
2025.01.16 18:24:59,scan_skipped_same_execution_bar,USDJPY,2025.01.16 18:00:00,0,
2025.01.16 18:34:59,scan_executed_new_execution_bar,USDJPY,2025.01.16 18:15:00,0,
2025.01.16 18:39:59,scan_skipped_same_execution_bar,USDJPY,2025.01.16 18:15:00,0,
2025.01.16 18:49:59,scan_executed_new_execution_bar,USDJPY,2025.01.16 18:30:00,0,
2025.01.16 18:55:00,scan_skipped_same_execution_bar,USDJPY,2025.01.16 18:30:00,0,
2025.01.16 19:04:59,scan_executed_new_execution_bar,USDJPY,2025.01.16 18:45:00,63,
2025.01.16 19:09:59,scan_skipped_same_execution_bar,USDJPY,2025.01.16 18:45:00,0,
2025.01.16 19:19:59,scan_executed_new_execution_bar,USDJPY,2025.01.16 19:00:00,0,
2025.01.16 19:24:59,scan_skipped_same_execution_bar,USDJPY,2025.01.16 19:00:00,0,
2025.01.16 19:34:59,scan_executed_new_execution_bar,USDJPY,2025.01.16 19:15:00,0,
2025.01.16 19:39:59,scan_skipped_same_execution_bar,USDJPY,2025.01.16 19:15:00,0,
2025.01.16 19:49:59,scan_executed_new_execution_bar,USDJPY,2025.01.16 19:30:00,16,
2025.01.16 19:54:59,scan_skipped_same_execution_bar,USDJPY,2025.01.16 19:30:00,0,
2025.01.16 20:04:58,scan_executed_new_execution_bar,USDJPY,2025.01.16 19:45:00,15,
2025.01.16 20:09:59,scan_skipped_same_execution_bar,USDJPY,2025.01.16 19:45:00,0,
2025.01.16 20:19:59,scan_executed_new_execution_bar,USDJPY,2025.01.16 20:00:00,0,
2025.01.16 20:24:59,scan_skipped_same_execution_bar,USDJPY,2025.01.16 20:00:00,0,
2025.01.16 20:34:59,scan_executed_new_execution_bar,USDJPY,2025.01.16 20:15:00,47,
2025.01.16 20:39:59,scan_skipped_same_execution_bar,USDJPY,2025.01.16 20:15:00,0,
2025.01.16 20:49:59,scan_executed_new_execution_bar,USDJPY,2025.01.16 20:30:00,31,
2025.01.16 20:54:59,scan_skipped_same_execution_bar,USDJPY,2025.01.16 20:30:00,0,
2025.01.16 21:04:59,scan_executed_new_execution_bar,USDJPY,2025.01.16 20:45:00,15,
2025.01.16 21:09:58,scan_skipped_same_execution_bar,USDJPY,2025.01.16 20:45:00,0,
2025.01.16 21:19:59,scan_executed_new_execution_bar,USDJPY,2025.01.16 21:00:00,0,
2025.01.16 21:24:59,scan_skipped_same_execution_bar,USDJPY,2025.01.16 21:00:00,0,
2025.01.16 21:34:59,scan_executed_new_execution_bar,USDJPY,2025.01.16 21:15:00,0,
2025.01.16 21:39:57,scan_skipped_same_execution_bar,USDJPY,2025.01.16 21:15:00,0,
2025.01.16 21:49:59,scan_executed_new_execution_bar,USDJPY,2025.01.16 21:30:00,0,
2025.01.16 21:54:59,scan_skipped_same_execution_bar,USDJPY,2025.01.16 21:30:00,0,
2025.01.16 22:04:59,scan_executed_new_execution_bar,USDJPY,2025.01.16 21:45:00,32,
2025.01.16 22:09:59,scan_skipped_same_execution_bar,USDJPY,2025.01.16 21:45:00,0,
2025.01.16 22:19:59,scan_executed_new_execution_bar,USDJPY,2025.01.16 22:00:00,0,
2025.01.16 22:24:59,scan_skipped_same_execution_bar,USDJPY,2025.01.16 22:00:00,0,
2025.01.16 22:34:59,scan_executed_new_execution_bar,USDJPY,2025.01.16 22:15:00,15,
2025.01.16 22:39:59,scan_skipped_same_execution_bar,USDJPY,2025.01.16 22:15:00,0,
2025.01.16 22:50:00,scan_executed_new_execution_bar,USDJPY,2025.01.16 22:30:00,0,
2025.01.16 22:54:59,scan_skipped_same_execution_bar,USDJPY,2025.01.16 22:30:00,0,
2025.01.16 23:04:59,scan_executed_new_execution_bar,USDJPY,2025.01.16 22:45:00,0,
2025.01.16 23:09:59,scan_skipped_same_execution_bar,USDJPY,2025.01.16 22:45:00,0,
2025.01.16 23:19:59,scan_executed_new_execution_bar,USDJPY,2025.01.16 23:00:00,0,
2025.01.16 23:24:59,scan_skipped_same_execution_bar,USDJPY,2025.01.16 23:00:00,0,
2025.01.16 23:34:59,scan_executed_new_execution_bar,USDJPY,2025.01.16 23:15:00,32,
2025.01.16 23:39:59,scan_skipped_same_execution_bar,USDJPY,2025.01.16 23:15:00,0,
2025.01.16 23:49:57,scan_executed_new_execution_bar,USDJPY,2025.01.16 23:30:00,0,
2025.01.16 23:54:59,scan_skipped_same_execution_bar,USDJPY,2025.01.16 23:30:00,0,
2025.01.17 00:04:59,scan_executed_new_execution_bar,USDJPY,2025.01.16 23:45:00,0,
2025.01.17 00:09:59,scan_skipped_same_execution_bar,USDJPY,2025.01.16 23:45:00,0,
2025.01.17 00:19:59,scan_executed_new_execution_bar,USDJPY,2025.01.17 00:00:00,0,
2025.01.17 00:25:00,scan_skipped_same_execution_bar,USDJPY,2025.01.17 00:00:00,0,
2025.01.17 00:34:58,scan_executed_new_execution_bar,USDJPY,2025.01.17 00:15:00,0,
2025.01.17 00:39:58,scan_skipped_same_execution_bar,USDJPY,2025.01.17 00:15:00,0,
2025.01.17 00:49:59,scan_executed_new_execution_bar,USDJPY,2025.01.17 00:30:00,0,
2025.01.17 00:54:56,scan_skipped_same_execution_bar,USDJPY,2025.01.17 00:30:00,0,
2025.01.17 01:05:00,scan_executed_new_execution_bar,USDJPY,2025.01.17 00:45:00,0,
2025.01.17 01:09:58,scan_skipped_same_execution_bar,USDJPY,2025.01.17 00:45:00,0,
2025.01.17 01:19:57,scan_executed_new_execution_bar,USDJPY,2025.01.17 01:00:00,0,
2025.01.17 01:24:59,scan_skipped_same_execution_bar,USDJPY,2025.01.17 01:00:00,0,
2025.01.17 01:34:59,scan_executed_new_execution_bar,USDJPY,2025.01.17 01:15:00,0,
2025.01.17 01:39:59,scan_skipped_same_execution_bar,USDJPY,2025.01.17 01:15:00,0,
2025.01.17 01:49:59,scan_executed_new_execution_bar,USDJPY,2025.01.17 01:30:00,0,
2025.01.17 01:54:59,scan_skipped_same_execution_bar,USDJPY,2025.01.17 01:30:00,0,
2025.01.17 02:04:59,scan_executed_new_execution_bar,USDJPY,2025.01.17 01:45:00,0,
2025.01.17 02:09:59,scan_skipped_same_execution_bar,USDJPY,2025.01.17 01:45:00,0,
2025.01.17 02:19:59,scan_executed_new_execution_bar,USDJPY,2025.01.17 02:00:00,0,
2025.01.17 02:24:58,scan_skipped_same_execution_bar,USDJPY,2025.01.17 02:00:00,0,
2025.01.17 02:34:59,scan_executed_new_execution_bar,USDJPY,2025.01.17 02:15:00,0,
2025.01.17 02:39:59,scan_skipped_same_execution_bar,USDJPY,2025.01.17 02:15:00,0,
2025.01.17 02:49:59,scan_executed_new_execution_bar,USDJPY,2025.01.17 02:30:00,16,
2025.01.17 02:54:59,scan_skipped_same_execution_bar,USDJPY,2025.01.17 02:30:00,0,
2025.01.17 03:04:59,scan_executed_new_execution_bar,USDJPY,2025.01.17 02:45:00,0,
2025.01.17 03:09:59,scan_skipped_same_execution_bar,USDJPY,2025.01.17 02:45:00,0,
2025.01.17 03:19:59,scan_executed_new_execution_bar,USDJPY,2025.01.17 03:00:00,0,
2025.01.17 03:24:59,scan_skipped_same_execution_bar,USDJPY,2025.01.17 03:00:00,0,
2025.01.17 03:34:59,scan_executed_new_execution_bar,USDJPY,2025.01.17 03:15:00,0,
2025.01.17 03:39:59,scan_skipped_same_execution_bar,USDJPY,2025.01.17 03:15:00,0,
2025.01.17 03:49:59,scan_executed_new_execution_bar,USDJPY,2025.01.17 03:30:00,0,
2025.01.17 03:54:59,scan_skipped_same_execution_bar,USDJPY,2025.01.17 03:30:00,0,
2025.01.17 04:04:59,scan_executed_new_execution_bar,USDJPY,2025.01.17 03:45:00,0,
2025.01.17 04:09:59,scan_skipped_same_execution_bar,USDJPY,2025.01.17 03:45:00,0,
2025.01.17 04:19:59,scan_executed_new_execution_bar,USDJPY,2025.01.17 04:00:00,16,
2025.01.17 04:24:59,scan_skipped_same_execution_bar,USDJPY,2025.01.17 04:00:00,0,
2025.01.17 04:34:59,scan_executed_new_execution_bar,USDJPY,2025.01.17 04:15:00,0,
2025.01.17 04:39:59,scan_skipped_same_execution_bar,USDJPY,2025.01.17 04:15:00,0,
2025.01.17 04:49:59,scan_executed_new_execution_bar,USDJPY,2025.01.17 04:30:00,0,
2025.01.17 04:54:59,scan_skipped_same_execution_bar,USDJPY,2025.01.17 04:30:00,0,
2025.01.17 05:00:00,scan_executed_new_execution_bar,USDJPY,2025.01.17 04:45:00,0,
2025.01.17 05:04:59,scan_skipped_same_execution_bar,USDJPY,2025.01.17 04:45:00,0,
2025.01.17 05:19:59,scan_executed_new_execution_bar,USDJPY,2025.01.17 05:00:00,0,
2025.01.17 05:24:59,scan_skipped_same_execution_bar,USDJPY,2025.01.17 05:00:00,0,
2025.01.17 05:34:59,scan_executed_new_execution_bar,USDJPY,2025.01.17 05:15:00,0,
2025.01.17 05:39:59,scan_skipped_same_execution_bar,USDJPY,2025.01.17 05:15:00,0,
2025.01.17 05:49:59,scan_executed_new_execution_bar,USDJPY,2025.01.17 05:30:00,0,
2025.01.17 05:54:59,scan_skipped_same_execution_bar,USDJPY,2025.01.17 05:30:00,0,
2025.01.17 06:04:59,scan_executed_new_execution_bar,USDJPY,2025.01.17 05:45:00,0,
2025.01.17 06:09:59,scan_skipped_same_execution_bar,USDJPY,2025.01.17 05:45:00,0,
2025.01.17 06:19:59,scan_executed_new_execution_bar,USDJPY,2025.01.17 06:00:00,0,
2025.01.17 06:24:59,scan_skipped_same_execution_bar,USDJPY,2025.01.17 06:00:00,0,
2025.01.17 06:34:59,scan_executed_new_execution_bar,USDJPY,2025.01.17 06:15:00,0,
2025.01.17 06:39:58,scan_skipped_same_execution_bar,USDJPY,2025.01.17 06:15:00,0,
2025.01.17 06:49:59,scan_executed_new_execution_bar,USDJPY,2025.01.17 06:30:00,0,
2025.01.17 06:54:59,scan_skipped_same_execution_bar,USDJPY,2025.01.17 06:30:00,0,
2025.01.17 07:05:00,scan_executed_new_execution_bar,USDJPY,2025.01.17 06:45:00,0,
2025.01.17 07:09:59,scan_skipped_same_execution_bar,USDJPY,2025.01.17 06:45:00,0,
2025.01.17 07:19:59,scan_executed_new_execution_bar,USDJPY,2025.01.17 07:00:00,0,
2025.01.17 07:24:59,scan_skipped_same_execution_bar,USDJPY,2025.01.17 07:00:00,0,
2025.01.17 07:34:59,scan_executed_new_execution_bar,USDJPY,2025.01.17 07:15:00,0,
2025.01.17 07:39:59,scan_skipped_same_execution_bar,USDJPY,2025.01.17 07:15:00,0,
2025.01.17 07:49:59,scan_executed_new_execution_bar,USDJPY,2025.01.17 07:30:00,0,
2025.01.17 07:54:59,scan_skipped_same_execution_bar,USDJPY,2025.01.17 07:30:00,0,
2025.01.17 08:04:59,scan_executed_new_execution_bar,USDJPY,2025.01.17 07:45:00,0,
2025.01.17 08:09:59,scan_skipped_same_execution_bar,USDJPY,2025.01.17 07:45:00,0,
2025.01.17 08:19:59,scan_executed_new_execution_bar,USDJPY,2025.01.17 08:00:00,0,
2025.01.17 08:24:59,scan_skipped_same_execution_bar,USDJPY,2025.01.17 08:00:00,0,
2025.01.17 08:34:59,scan_executed_new_execution_bar,USDJPY,2025.01.17 08:15:00,0,
2025.01.17 08:39:59,scan_skipped_same_execution_bar,USDJPY,2025.01.17 08:15:00,0,
2025.01.17 08:49:59,scan_executed_new_execution_bar,USDJPY,2025.01.17 08:30:00,0,
2025.01.17 08:54:59,scan_skipped_same_execution_bar,USDJPY,2025.01.17 08:30:00,0,
2025.01.17 09:04:59,scan_executed_new_execution_bar,USDJPY,2025.01.17 08:45:00,0,
2025.01.17 09:09:59,scan_skipped_same_execution_bar,USDJPY,2025.01.17 08:45:00,0,
2025.01.17 09:19:59,scan_executed_new_execution_bar,USDJPY,2025.01.17 09:00:00,16,
2025.01.17 09:24:59,scan_skipped_same_execution_bar,USDJPY,2025.01.17 09:00:00,0,
2025.01.17 09:34:59,scan_executed_new_execution_bar,USDJPY,2025.01.17 09:15:00,0,
2025.01.17 09:39:59,scan_skipped_same_execution_bar,USDJPY,2025.01.17 09:15:00,0,
2025.01.17 09:49:58,scan_executed_new_execution_bar,USDJPY,2025.01.17 09:30:00,16,
2025.01.17 09:54:59,scan_skipped_same_execution_bar,USDJPY,2025.01.17 09:30:00,0,
2025.01.17 10:04:59,scan_executed_new_execution_bar,USDJPY,2025.01.17 09:45:00,0,
2025.01.17 10:09:59,scan_skipped_same_execution_bar,USDJPY,2025.01.17 09:45:00,0,
2025.01.17 10:19:59,scan_executed_new_execution_bar,USDJPY,2025.01.17 10:00:00,0,
2025.01.17 10:24:59,scan_skipped_same_execution_bar,USDJPY,2025.01.17 10:00:00,0,
2025.01.17 10:34:59,scan_executed_new_execution_bar,USDJPY,2025.01.17 10:15:00,0,
2025.01.17 10:39:59,scan_skipped_same_execution_bar,USDJPY,2025.01.17 10:15:00,0,
2025.01.17 10:49:59,scan_executed_new_execution_bar,USDJPY,2025.01.17 10:30:00,0,
2025.01.17 10:54:59,scan_skipped_same_execution_bar,USDJPY,2025.01.17 10:30:00,0,
2025.01.17 11:04:59,scan_executed_new_execution_bar,USDJPY,2025.01.17 10:45:00,0,
2025.01.17 11:09:59,scan_skipped_same_execution_bar,USDJPY,2025.01.17 10:45:00,0,
2025.01.17 11:19:59,scan_executed_new_execution_bar,USDJPY,2025.01.17 11:00:00,0,
2025.01.17 11:24:59,scan_skipped_same_execution_bar,USDJPY,2025.01.17 11:00:00,0,
2025.01.17 11:34:59,scan_executed_new_execution_bar,USDJPY,2025.01.17 11:15:00,0,
2025.01.17 11:39:59,scan_skipped_same_execution_bar,USDJPY,2025.01.17 11:15:00,0,
2025.01.17 11:49:59,scan_executed_new_execution_bar,USDJPY,2025.01.17 11:30:00,31,
2025.01.17 11:54:59,scan_skipped_same_execution_bar,USDJPY,2025.01.17 11:30:00,0,
2025.01.17 12:04:59,scan_executed_new_execution_bar,USDJPY,2025.01.17 11:45:00,16,
2025.01.17 12:09:59,scan_skipped_same_execution_bar,USDJPY,2025.01.17 11:45:00,0,
2025.01.17 12:19:59,scan_executed_new_execution_bar,USDJPY,2025.01.17 12:00:00,16,
2025.01.17 12:24:59,scan_skipped_same_execution_bar,USDJPY,2025.01.17 12:00:00,0,
2025.01.17 12:34:59,scan_executed_new_execution_bar,USDJPY,2025.01.17 12:15:00,0,
2025.01.17 12:39:59,scan_skipped_same_execution_bar,USDJPY,2025.01.17 12:15:00,0,
2025.01.17 12:49:57,scan_executed_new_execution_bar,USDJPY,2025.01.17 12:30:00,0,
2025.01.17 12:54:59,scan_skipped_same_execution_bar,USDJPY,2025.01.17 12:30:00,0,
2025.01.17 13:04:58,scan_executed_new_execution_bar,USDJPY,2025.01.17 12:45:00,0,
2025.01.17 13:09:59,scan_skipped_same_execution_bar,USDJPY,2025.01.17 12:45:00,0,
2025.01.17 13:19:59,scan_executed_new_execution_bar,USDJPY,2025.01.17 13:00:00,15,
2025.01.17 13:24:59,scan_skipped_same_execution_bar,USDJPY,2025.01.17 13:00:00,0,
2025.01.17 13:34:59,scan_executed_new_execution_bar,USDJPY,2025.01.17 13:15:00,0,
2025.01.17 13:39:59,scan_skipped_same_execution_bar,USDJPY,2025.01.17 13:15:00,0,
2025.01.17 13:49:59,scan_executed_new_execution_bar,USDJPY,2025.01.17 13:30:00,15,
2025.01.17 13:54:59,scan_skipped_same_execution_bar,USDJPY,2025.01.17 13:30:00,0,
2025.01.17 14:04:59,scan_executed_new_execution_bar,USDJPY,2025.01.17 13:45:00,0,
2025.01.17 14:09:59,scan_skipped_same_execution_bar,USDJPY,2025.01.17 13:45:00,0,
2025.01.17 14:19:59,scan_executed_new_execution_bar,USDJPY,2025.01.17 14:00:00,16,
2025.01.17 14:25:00,scan_skipped_same_execution_bar,USDJPY,2025.01.17 14:00:00,0,
2025.01.17 14:34:59,scan_executed_new_execution_bar,USDJPY,2025.01.17 14:15:00,16,
2025.01.17 14:39:59,scan_skipped_same_execution_bar,USDJPY,2025.01.17 14:15:00,0,
2025.01.17 14:49:59,scan_executed_new_execution_bar,USDJPY,2025.01.17 14:30:00,0,
2025.01.17 14:54:59,scan_skipped_same_execution_bar,USDJPY,2025.01.17 14:30:00,0,
2025.01.17 15:04:58,scan_executed_new_execution_bar,USDJPY,2025.01.17 14:45:00,0,
2025.01.17 15:09:59,scan_skipped_same_execution_bar,USDJPY,2025.01.17 14:45:00,0,
2025.01.17 15:19:59,scan_executed_new_execution_bar,USDJPY,2025.01.17 15:00:00,0,
2025.01.17 15:25:00,scan_skipped_same_execution_bar,USDJPY,2025.01.17 15:00:00,0,
2025.01.17 15:34:59,scan_executed_new_execution_bar,USDJPY,2025.01.17 15:15:00,0,
2025.01.17 15:39:59,scan_skipped_same_execution_bar,USDJPY,2025.01.17 15:15:00,0,
2025.01.17 15:49:59,scan_executed_new_execution_bar,USDJPY,2025.01.17 15:30:00,0,
2025.01.17 15:54:59,scan_skipped_same_execution_bar,USDJPY,2025.01.17 15:30:00,0,
2025.01.17 16:04:59,scan_executed_new_execution_bar,USDJPY,2025.01.17 15:45:00,0,
2025.01.17 16:09:59,scan_skipped_same_execution_bar,USDJPY,2025.01.17 15:45:00,0,
2025.01.17 16:19:59,scan_executed_new_execution_bar,USDJPY,2025.01.17 16:00:00,0,
2025.01.17 16:24:59,scan_skipped_same_execution_bar,USDJPY,2025.01.17 16:00:00,0,
2025.01.17 16:34:59,scan_executed_new_execution_bar,USDJPY,2025.01.17 16:15:00,32,
2025.01.17 16:39:59,scan_skipped_same_execution_bar,USDJPY,2025.01.17 16:15:00,0,
2025.01.17 16:49:59,scan_executed_new_execution_bar,USDJPY,2025.01.17 16:30:00,0,
2025.01.17 16:54:59,scan_skipped_same_execution_bar,USDJPY,2025.01.17 16:30:00,0,
2025.01.17 17:04:59,scan_executed_new_execution_bar,USDJPY,2025.01.17 16:45:00,15,
2025.01.17 17:09:59,scan_skipped_same_execution_bar,USDJPY,2025.01.17 16:45:00,0,
2025.01.17 17:19:59,scan_executed_new_execution_bar,USDJPY,2025.01.17 17:00:00,16,
2025.01.17 17:24:59,scan_skipped_same_execution_bar,USDJPY,2025.01.17 17:00:00,0,
2025.01.17 17:34:58,scan_executed_new_execution_bar,USDJPY,2025.01.17 17:15:00,31,
2025.01.17 17:39:59,scan_skipped_same_execution_bar,USDJPY,2025.01.17 17:15:00,0,
2025.01.17 17:49:59,scan_executed_new_execution_bar,USDJPY,2025.01.17 17:30:00,0,
2025.01.17 17:54:59,scan_skipped_same_execution_bar,USDJPY,2025.01.17 17:30:00,0,
2025.01.17 18:04:59,scan_executed_new_execution_bar,USDJPY,2025.01.17 17:45:00,15,
2025.01.17 18:09:59,scan_skipped_same_execution_bar,USDJPY,2025.01.17 17:45:00,0,
2025.01.17 18:19:59,scan_executed_new_execution_bar,USDJPY,2025.01.17 18:00:00,31,
2025.01.17 18:24:59,scan_skipped_same_execution_bar,USDJPY,2025.01.17 18:00:00,0,
2025.01.17 18:34:59,scan_executed_new_execution_bar,USDJPY,2025.01.17 18:15:00,0,
2025.01.17 18:39:58,scan_skipped_same_execution_bar,USDJPY,2025.01.17 18:15:00,0,
2025.01.17 18:49:59,scan_executed_new_execution_bar,USDJPY,2025.01.17 18:30:00,0,
2025.01.17 18:54:59,scan_skipped_same_execution_bar,USDJPY,2025.01.17 18:30:00,0,
2025.01.17 19:04:59,scan_executed_new_execution_bar,USDJPY,2025.01.17 18:45:00,62,
2025.01.17 19:09:59,scan_skipped_same_execution_bar,USDJPY,2025.01.17 18:45:00,0,
2025.01.17 19:19:59,scan_executed_new_execution_bar,USDJPY,2025.01.17 19:00:00,16,
2025.01.17 19:24:58,scan_skipped_same_execution_bar,USDJPY,2025.01.17 19:00:00,0,
2025.01.17 19:34:59,scan_executed_new_execution_bar,USDJPY,2025.01.17 19:15:00,16,
2025.01.17 19:39:59,scan_skipped_same_execution_bar,USDJPY,2025.01.17 19:15:00,0,
2025.01.17 19:49:59,scan_executed_new_execution_bar,USDJPY,2025.01.17 19:30:00,62,
2025.01.17 19:54:59,scan_skipped_same_execution_bar,USDJPY,2025.01.17 19:30:00,0,
2025.01.17 20:04:59,scan_executed_new_execution_bar,USDJPY,2025.01.17 19:45:00,0,
2025.01.17 20:09:59,scan_skipped_same_execution_bar,USDJPY,2025.01.17 19:45:00,0,
2025.01.17 20:19:59,scan_executed_new_execution_bar,USDJPY,2025.01.17 20:00:00,47,
2025.01.17 20:24:59,scan_skipped_same_execution_bar,USDJPY,2025.01.17 20:00:00,0,
2025.01.17 20:34:59,scan_executed_new_execution_bar,USDJPY,2025.01.17 20:15:00,16,
2025.01.17 20:40:00,scan_skipped_same_execution_bar,USDJPY,2025.01.17 20:15:00,0,
2025.01.17 20:50:00,scan_executed_new_execution_bar,USDJPY,2025.01.17 20:30:00,0,
2025.01.17 20:54:58,scan_skipped_same_execution_bar,USDJPY,2025.01.17 20:30:00,0,
2025.01.17 21:04:59,scan_executed_new_execution_bar,USDJPY,2025.01.17 20:45:00,0,
2025.01.17 21:09:59,scan_skipped_same_execution_bar,USDJPY,2025.01.17 20:45:00,0,
2025.01.17 21:19:59,scan_executed_new_execution_bar,USDJPY,2025.01.17 21:00:00,0,
2025.01.17 21:24:59,scan_skipped_same_execution_bar,USDJPY,2025.01.17 21:00:00,0,
2025.01.17 21:34:59,scan_executed_new_execution_bar,USDJPY,2025.01.17 21:15:00,0,
2025.01.17 21:39:59,scan_skipped_same_execution_bar,USDJPY,2025.01.17 21:15:00,0,
2025.01.17 21:49:58,scan_executed_new_execution_bar,USDJPY,2025.01.17 21:30:00,0,
2025.01.17 21:54:59,scan_skipped_same_execution_bar,USDJPY,2025.01.17 21:30:00,0,
2025.01.17 22:04:59,scan_executed_new_execution_bar,USDJPY,2025.01.17 21:45:00,0,
2025.01.17 22:09:59,scan_skipped_same_execution_bar,USDJPY,2025.01.17 21:45:00,0,
2025.01.17 22:19:59,scan_executed_new_execution_bar,USDJPY,2025.01.17 22:00:00,0,
2025.01.17 22:24:59,scan_skipped_same_execution_bar,USDJPY,2025.01.17 22:00:00,0,
2025.01.17 22:34:59,scan_executed_new_execution_bar,USDJPY,2025.01.17 22:15:00,0,
2025.01.17 22:39:58,scan_skipped_same_execution_bar,USDJPY,2025.01.17 22:15:00,0,
2025.01.17 22:49:59,scan_executed_new_execution_bar,USDJPY,2025.01.17 22:30:00,0,
2025.01.17 22:54:59,scan_skipped_same_execution_bar,USDJPY,2025.01.17 22:30:00,0,
2025.01.17 23:04:59,scan_executed_new_execution_bar,USDJPY,2025.01.17 22:45:00,0,
2025.01.17 23:09:59,scan_skipped_same_execution_bar,USDJPY,2025.01.17 22:45:00,0,
2025.01.17 23:19:59,scan_executed_new_execution_bar,USDJPY,2025.01.17 23:00:00,0,
2025.01.17 23:24:59,scan_skipped_same_execution_bar,USDJPY,2025.01.17 23:00:00,0,
2025.01.17 23:34:59,scan_executed_new_execution_bar,USDJPY,2025.01.17 23:15:00,15,
2025.01.17 23:39:59,scan_skipped_same_execution_bar,USDJPY,2025.01.17 23:15:00,0,
2025.01.17 23:49:59,scan_executed_new_execution_bar,USDJPY,2025.01.17 23:30:00,0,
2025.01.17 23:54:59,scan_skipped_same_execution_bar,USDJPY,2025.01.17 23:30:00,0,
2025.01.20 00:04:58,scan_executed_new_execution_bar,USDJPY,2025.01.17 23:45:00,0,
2025.01.20 00:09:56,scan_skipped_same_execution_bar,USDJPY,2025.01.17 23:45:00,0,
2025.01.20 00:19:51,scan_executed_new_execution_bar,USDJPY,2025.01.20 00:00:00,0,
2025.01.20 00:24:58,scan_skipped_same_execution_bar,USDJPY,2025.01.20 00:00:00,0,
2025.01.20 00:34:59,scan_executed_new_execution_bar,USDJPY,2025.01.20 00:15:00,0,
2025.01.20 00:39:58,scan_skipped_same_execution_bar,USDJPY,2025.01.20 00:15:00,0,
2025.01.20 00:49:59,scan_executed_new_execution_bar,USDJPY,2025.01.20 00:30:00,0,
2025.01.20 00:54:59,scan_skipped_same_execution_bar,USDJPY,2025.01.20 00:30:00,0,
2025.01.20 01:04:59,scan_executed_new_execution_bar,USDJPY,2025.01.20 00:45:00,0,
2025.01.20 01:09:56,scan_skipped_same_execution_bar,USDJPY,2025.01.20 00:45:00,0,
2025.01.20 01:19:59,scan_executed_new_execution_bar,USDJPY,2025.01.20 01:00:00,0,
2025.01.20 01:24:58,scan_skipped_same_execution_bar,USDJPY,2025.01.20 01:00:00,0,
2025.01.20 01:34:59,scan_executed_new_execution_bar,USDJPY,2025.01.20 01:15:00,0,
2025.01.20 01:39:59,scan_skipped_same_execution_bar,USDJPY,2025.01.20 01:15:00,0,
2025.01.20 01:50:00,scan_executed_new_execution_bar,USDJPY,2025.01.20 01:30:00,0,
2025.01.20 01:54:59,scan_skipped_same_execution_bar,USDJPY,2025.01.20 01:30:00,0,
2025.01.20 02:04:59,scan_executed_new_execution_bar,USDJPY,2025.01.20 01:45:00,0,
2025.01.20 02:09:59,scan_skipped_same_execution_bar,USDJPY,2025.01.20 01:45:00,0,
2025.01.20 02:19:59,scan_executed_new_execution_bar,USDJPY,2025.01.20 02:00:00,0,
2025.01.20 02:24:59,scan_skipped_same_execution_bar,USDJPY,2025.01.20 02:00:00,0,
2025.01.20 02:34:59,scan_executed_new_execution_bar,USDJPY,2025.01.20 02:15:00,0,
2025.01.20 02:40:00,scan_skipped_same_execution_bar,USDJPY,2025.01.20 02:15:00,0,
2025.01.20 02:50:00,scan_executed_new_execution_bar,USDJPY,2025.01.20 02:30:00,0,
2025.01.20 02:54:59,scan_skipped_same_execution_bar,USDJPY,2025.01.20 02:30:00,0,
2025.01.20 03:04:59,scan_executed_new_execution_bar,USDJPY,2025.01.20 02:45:00,0,
2025.01.20 03:09:59,scan_skipped_same_execution_bar,USDJPY,2025.01.20 02:45:00,0,
2025.01.20 03:19:59,scan_executed_new_execution_bar,USDJPY,2025.01.20 03:00:00,0,
2025.01.20 03:24:59,scan_skipped_same_execution_bar,USDJPY,2025.01.20 03:00:00,0,
2025.01.20 03:34:59,scan_executed_new_execution_bar,USDJPY,2025.01.20 03:15:00,16,
2025.01.20 03:39:58,scan_skipped_same_execution_bar,USDJPY,2025.01.20 03:15:00,0,
2025.01.20 03:49:59,scan_executed_new_execution_bar,USDJPY,2025.01.20 03:30:00,0,
2025.01.20 03:54:59,scan_skipped_same_execution_bar,USDJPY,2025.01.20 03:30:00,0,
2025.01.20 04:04:59,scan_executed_new_execution_bar,USDJPY,2025.01.20 03:45:00,16,
2025.01.20 04:09:59,scan_skipped_same_execution_bar,USDJPY,2025.01.20 03:45:00,0,
2025.01.20 04:19:58,scan_executed_new_execution_bar,USDJPY,2025.01.20 04:00:00,31,
2025.01.20 04:24:59,scan_skipped_same_execution_bar,USDJPY,2025.01.20 04:00:00,0,
2025.01.20 04:35:00,scan_executed_new_execution_bar,USDJPY,2025.01.20 04:15:00,0,
2025.01.20 04:39:59,scan_skipped_same_execution_bar,USDJPY,2025.01.20 04:15:00,0,
2025.01.20 04:49:59,scan_executed_new_execution_bar,USDJPY,2025.01.20 04:30:00,0,
2025.01.20 04:54:59,scan_skipped_same_execution_bar,USDJPY,2025.01.20 04:30:00,0,
2025.01.20 05:04:59,scan_executed_new_execution_bar,USDJPY,2025.01.20 04:45:00,0,
2025.01.20 05:09:59,scan_skipped_same_execution_bar,USDJPY,2025.01.20 04:45:00,0,
2025.01.20 05:19:58,scan_executed_new_execution_bar,USDJPY,2025.01.20 05:00:00,0,
2025.01.20 05:24:59,scan_skipped_same_execution_bar,USDJPY,2025.01.20 05:00:00,0,
2025.01.20 05:34:59,scan_executed_new_execution_bar,USDJPY,2025.01.20 05:15:00,0,
2025.01.20 05:39:59,scan_skipped_same_execution_bar,USDJPY,2025.01.20 05:15:00,0,
2025.01.20 05:49:59,scan_executed_new_execution_bar,USDJPY,2025.01.20 05:30:00,0,
2025.01.20 05:54:59,scan_skipped_same_execution_bar,USDJPY,2025.01.20 05:30:00,0,
2025.01.20 06:04:59,scan_executed_new_execution_bar,USDJPY,2025.01.20 05:45:00,0,
2025.01.20 06:09:59,scan_skipped_same_execution_bar,USDJPY,2025.01.20 05:45:00,0,
2025.01.20 06:19:58,scan_executed_new_execution_bar,USDJPY,2025.01.20 06:00:00,0,
2025.01.20 06:24:57,scan_skipped_same_execution_bar,USDJPY,2025.01.20 06:00:00,0,
2025.01.20 06:34:59,scan_executed_new_execution_bar,USDJPY,2025.01.20 06:15:00,0,
2025.01.20 06:39:59,scan_skipped_same_execution_bar,USDJPY,2025.01.20 06:15:00,0,
2025.01.20 06:49:59,scan_executed_new_execution_bar,USDJPY,2025.01.20 06:30:00,0,
2025.01.20 06:54:59,scan_skipped_same_execution_bar,USDJPY,2025.01.20 06:30:00,0,
2025.01.20 07:04:59,scan_executed_new_execution_bar,USDJPY,2025.01.20 06:45:00,0,
2025.01.20 07:09:59,scan_skipped_same_execution_bar,USDJPY,2025.01.20 06:45:00,0,
2025.01.20 07:19:59,scan_executed_new_execution_bar,USDJPY,2025.01.20 07:00:00,0,
2025.01.20 07:24:58,scan_skipped_same_execution_bar,USDJPY,2025.01.20 07:00:00,0,
2025.01.20 07:34:59,scan_executed_new_execution_bar,USDJPY,2025.01.20 07:15:00,0,
2025.01.20 07:39:58,scan_skipped_same_execution_bar,USDJPY,2025.01.20 07:15:00,0,
2025.01.20 07:49:59,scan_executed_new_execution_bar,USDJPY,2025.01.20 07:30:00,0,
2025.01.20 07:54:59,scan_skipped_same_execution_bar,USDJPY,2025.01.20 07:30:00,0,
2025.01.20 08:04:59,scan_executed_new_execution_bar,USDJPY,2025.01.20 07:45:00,0,
2025.01.20 08:09:59,scan_skipped_same_execution_bar,USDJPY,2025.01.20 07:45:00,0,
2025.01.20 08:19:59,scan_executed_new_execution_bar,USDJPY,2025.01.20 08:00:00,0,
2025.01.20 08:24:59,scan_skipped_same_execution_bar,USDJPY,2025.01.20 08:00:00,0,
2025.01.20 08:34:58,scan_executed_new_execution_bar,USDJPY,2025.01.20 08:15:00,0,
2025.01.20 08:39:59,scan_skipped_same_execution_bar,USDJPY,2025.01.20 08:15:00,0,
2025.01.20 08:49:59,scan_executed_new_execution_bar,USDJPY,2025.01.20 08:30:00,0,
2025.01.20 08:54:59,scan_skipped_same_execution_bar,USDJPY,2025.01.20 08:30:00,0,
2025.01.20 09:04:59,scan_executed_new_execution_bar,USDJPY,2025.01.20 08:45:00,0,
2025.01.20 09:09:59,scan_skipped_same_execution_bar,USDJPY,2025.01.20 08:45:00,0,
2025.01.20 09:19:58,scan_executed_new_execution_bar,USDJPY,2025.01.20 09:00:00,0,
2025.01.20 09:24:59,scan_skipped_same_execution_bar,USDJPY,2025.01.20 09:00:00,0,
2025.01.20 09:34:59,scan_executed_new_execution_bar,USDJPY,2025.01.20 09:15:00,0,
2025.01.20 09:39:59,scan_skipped_same_execution_bar,USDJPY,2025.01.20 09:15:00,0,
2025.01.20 09:49:58,scan_executed_new_execution_bar,USDJPY,2025.01.20 09:30:00,0,
2025.01.20 09:54:59,scan_skipped_same_execution_bar,USDJPY,2025.01.20 09:30:00,0,
2025.01.20 10:04:59,scan_executed_new_execution_bar,USDJPY,2025.01.20 09:45:00,0,
2025.01.20 10:09:59,scan_skipped_same_execution_bar,USDJPY,2025.01.20 09:45:00,0,
2025.01.20 10:19:59,scan_executed_new_execution_bar,USDJPY,2025.01.20 10:00:00,0,
2025.01.20 10:24:59,scan_skipped_same_execution_bar,USDJPY,2025.01.20 10:00:00,0,
2025.01.20 10:34:59,scan_executed_new_execution_bar,USDJPY,2025.01.20 10:15:00,0,
2025.01.20 10:39:59,scan_skipped_same_execution_bar,USDJPY,2025.01.20 10:15:00,0,
2025.01.20 10:49:58,scan_executed_new_execution_bar,USDJPY,2025.01.20 10:30:00,0,
2025.01.20 10:54:58,scan_skipped_same_execution_bar,USDJPY,2025.01.20 10:30:00,0,
2025.01.20 11:04:59,scan_executed_new_execution_bar,USDJPY,2025.01.20 10:45:00,0,
2025.01.20 11:09:59,scan_skipped_same_execution_bar,USDJPY,2025.01.20 10:45:00,0,
2025.01.20 11:19:59,scan_executed_new_execution_bar,USDJPY,2025.01.20 11:00:00,0,
2025.01.20 11:24:59,scan_skipped_same_execution_bar,USDJPY,2025.01.20 11:00:00,0,
2025.01.20 11:34:59,scan_executed_new_execution_bar,USDJPY,2025.01.20 11:15:00,16,
2025.01.20 11:39:59,scan_skipped_same_execution_bar,USDJPY,2025.01.20 11:15:00,0,
2025.01.20 11:49:58,scan_executed_new_execution_bar,USDJPY,2025.01.20 11:30:00,0,
2025.01.20 11:54:59,scan_skipped_same_execution_bar,USDJPY,2025.01.20 11:30:00,0,
2025.01.20 12:04:59,scan_executed_new_execution_bar,USDJPY,2025.01.20 11:45:00,16,
2025.01.20 12:09:59,scan_skipped_same_execution_bar,USDJPY,2025.01.20 11:45:00,0,
2025.01.20 12:19:59,scan_executed_new_execution_bar,USDJPY,2025.01.20 12:00:00,0,
2025.01.20 12:24:59,scan_skipped_same_execution_bar,USDJPY,2025.01.20 12:00:00,0,
2025.01.20 12:34:59,scan_executed_new_execution_bar,USDJPY,2025.01.20 12:15:00,0,
2025.01.20 12:39:58,scan_skipped_same_execution_bar,USDJPY,2025.01.20 12:15:00,0,
2025.01.20 12:49:59,scan_executed_new_execution_bar,USDJPY,2025.01.20 12:30:00,0,
2025.01.20 12:54:59,scan_skipped_same_execution_bar,USDJPY,2025.01.20 12:30:00,0,
2025.01.20 13:04:59,scan_executed_new_execution_bar,USDJPY,2025.01.20 12:45:00,0,
2025.01.20 13:09:59,scan_skipped_same_execution_bar,USDJPY,2025.01.20 12:45:00,0,
2025.01.20 13:19:58,scan_executed_new_execution_bar,USDJPY,2025.01.20 13:00:00,0,
2025.01.20 13:24:59,scan_skipped_same_execution_bar,USDJPY,2025.01.20 13:00:00,0,
2025.01.20 13:34:59,scan_executed_new_execution_bar,USDJPY,2025.01.20 13:15:00,31,
2025.01.20 13:39:59,scan_skipped_same_execution_bar,USDJPY,2025.01.20 13:15:00,0,
2025.01.20 13:49:59,scan_executed_new_execution_bar,USDJPY,2025.01.20 13:30:00,0,
2025.01.20 13:54:59,scan_skipped_same_execution_bar,USDJPY,2025.01.20 13:30:00,0,
2025.01.20 14:04:59,scan_executed_new_execution_bar,USDJPY,2025.01.20 13:45:00,16,
2025.01.20 14:09:59,scan_skipped_same_execution_bar,USDJPY,2025.01.20 13:45:00,0,
2025.01.20 14:19:59,scan_executed_new_execution_bar,USDJPY,2025.01.20 14:00:00,15,
2025.01.20 14:24:59,scan_skipped_same_execution_bar,USDJPY,2025.01.20 14:00:00,0,
2025.01.20 14:34:59,scan_executed_new_execution_bar,USDJPY,2025.01.20 14:15:00,16,
2025.01.20 14:39:59,scan_skipped_same_execution_bar,USDJPY,2025.01.20 14:15:00,0,
2025.01.20 14:49:59,scan_executed_new_execution_bar,USDJPY,2025.01.20 14:30:00,0,
2025.01.20 14:54:59,scan_skipped_same_execution_bar,USDJPY,2025.01.20 14:30:00,0,
2025.01.20 15:04:59,scan_executed_new_execution_bar,USDJPY,2025.01.20 14:45:00,0,
2025.01.20 15:09:59,scan_skipped_same_execution_bar,USDJPY,2025.01.20 14:45:00,0,
2025.01.20 15:19:59,scan_executed_new_execution_bar,USDJPY,2025.01.20 15:00:00,0,
2025.01.20 15:24:59,scan_skipped_same_execution_bar,USDJPY,2025.01.20 15:00:00,0,
2025.01.20 15:34:59,scan_executed_new_execution_bar,USDJPY,2025.01.20 15:15:00,0,
2025.01.20 15:39:59,scan_skipped_same_execution_bar,USDJPY,2025.01.20 15:15:00,0,
2025.01.20 15:49:59,scan_executed_new_execution_bar,USDJPY,2025.01.20 15:30:00,0,
2025.01.20 15:54:59,scan_skipped_same_execution_bar,USDJPY,2025.01.20 15:30:00,0,
2025.01.20 16:04:59,scan_executed_new_execution_bar,USDJPY,2025.01.20 15:45:00,0,
2025.01.20 16:09:59,scan_skipped_same_execution_bar,USDJPY,2025.01.20 15:45:00,0,
2025.01.20 16:19:59,scan_executed_new_execution_bar,USDJPY,2025.01.20 16:00:00,31,
2025.01.20 16:24:59,scan_skipped_same_execution_bar,USDJPY,2025.01.20 16:00:00,0,
2025.01.20 16:34:59,scan_executed_new_execution_bar,USDJPY,2025.01.20 16:15:00,0,
2025.01.20 16:40:00,scan_skipped_same_execution_bar,USDJPY,2025.01.20 16:15:00,0,
2025.01.20 16:49:59,scan_executed_new_execution_bar,USDJPY,2025.01.20 16:30:00,0,
2025.01.20 16:54:59,scan_skipped_same_execution_bar,USDJPY,2025.01.20 16:30:00,0,
2025.01.20 17:04:59,scan_executed_new_execution_bar,USDJPY,2025.01.20 16:45:00,62,
2025.01.20 17:09:59,scan_skipped_same_execution_bar,USDJPY,2025.01.20 16:45:00,0,
2025.01.20 17:19:59,scan_executed_new_execution_bar,USDJPY,2025.01.20 17:00:00,0,
2025.01.20 17:24:59,scan_skipped_same_execution_bar,USDJPY,2025.01.20 17:00:00,0,
2025.01.20 17:34:59,scan_executed_new_execution_bar,USDJPY,2025.01.20 17:15:00,109,
2025.01.20 17:39:59,scan_skipped_same_execution_bar,USDJPY,2025.01.20 17:15:00,0,
2025.01.20 17:49:59,scan_executed_new_execution_bar,USDJPY,2025.01.20 17:30:00,78,
2025.01.20 17:54:59,scan_skipped_same_execution_bar,USDJPY,2025.01.20 17:30:00,0,
2025.01.20 18:04:59,scan_executed_new_execution_bar,USDJPY,2025.01.20 17:45:00,0,
2025.01.20 18:09:59,scan_skipped_same_execution_bar,USDJPY,2025.01.20 17:45:00,0,
2025.01.20 18:19:59,scan_executed_new_execution_bar,USDJPY,2025.01.20 18:00:00,31,
2025.01.20 18:24:59,scan_skipped_same_execution_bar,USDJPY,2025.01.20 18:00:00,0,
2025.01.20 18:34:59,scan_executed_new_execution_bar,USDJPY,2025.01.20 18:15:00,0,
2025.01.20 18:39:56,scan_skipped_same_execution_bar,USDJPY,2025.01.20 18:15:00,0,
2025.01.20 18:49:59,scan_executed_new_execution_bar,USDJPY,2025.01.20 18:30:00,31,
2025.01.20 18:54:59,scan_skipped_same_execution_bar,USDJPY,2025.01.20 18:30:00,0,
2025.01.20 19:04:59,scan_executed_new_execution_bar,USDJPY,2025.01.20 18:45:00,31,
2025.01.20 19:09:59,scan_skipped_same_execution_bar,USDJPY,2025.01.20 18:45:00,0,
2025.01.20 19:19:59,scan_executed_new_execution_bar,USDJPY,2025.01.20 19:00:00,0,
2025.01.20 19:24:59,scan_skipped_same_execution_bar,USDJPY,2025.01.20 19:00:00,0,
2025.01.20 19:34:59,scan_executed_new_execution_bar,USDJPY,2025.01.20 19:15:00,47,
2025.01.20 19:39:59,scan_skipped_same_execution_bar,USDJPY,2025.01.20 19:15:00,0,
2025.01.20 19:49:59,scan_executed_new_execution_bar,USDJPY,2025.01.20 19:30:00,0,
2025.01.20 19:54:59,scan_skipped_same_execution_bar,USDJPY,2025.01.20 19:30:00,0,
2025.01.20 20:04:58,scan_executed_new_execution_bar,USDJPY,2025.01.20 19:45:00,47,
2025.01.20 20:09:59,scan_skipped_same_execution_bar,USDJPY,2025.01.20 19:45:00,0,
2025.01.20 20:19:59,scan_executed_new_execution_bar,USDJPY,2025.01.20 20:00:00,0,
2025.01.20 20:24:59,scan_skipped_same_execution_bar,USDJPY,2025.01.20 20:00:00,0,
2025.01.20 20:34:59,scan_executed_new_execution_bar,USDJPY,2025.01.20 20:15:00,0,
2025.01.20 20:39:59,scan_skipped_same_execution_bar,USDJPY,2025.01.20 20:15:00,0,
2025.01.20 20:49:59,scan_executed_new_execution_bar,USDJPY,2025.01.20 20:30:00,0,
2025.01.20 20:54:59,scan_skipped_same_execution_bar,USDJPY,2025.01.20 20:30:00,0,
2025.01.20 21:04:59,scan_executed_new_execution_bar,USDJPY,2025.01.20 20:45:00,0,
2025.01.20 21:10:00,scan_skipped_same_execution_bar,USDJPY,2025.01.20 20:45:00,0,
2025.01.20 21:19:59,scan_executed_new_execution_bar,USDJPY,2025.01.20 21:00:00,16,
2025.01.20 21:24:58,scan_skipped_same_execution_bar,USDJPY,2025.01.20 21:00:00,0,
2025.01.20 21:34:56,scan_executed_new_execution_bar,USDJPY,2025.01.20 21:15:00,0,
2025.01.20 21:39:59,scan_skipped_same_execution_bar,USDJPY,2025.01.20 21:15:00,0,
2025.01.20 21:49:59,scan_executed_new_execution_bar,USDJPY,2025.01.20 21:30:00,16,
2025.01.20 21:55:00,scan_skipped_same_execution_bar,USDJPY,2025.01.20 21:30:00,0,
2025.01.20 22:04:59,scan_executed_new_execution_bar,USDJPY,2025.01.20 21:45:00,0,
2025.01.20 22:09:59,scan_skipped_same_execution_bar,USDJPY,2025.01.20 21:45:00,0,
2025.01.20 22:19:59,scan_executed_new_execution_bar,USDJPY,2025.01.20 22:00:00,0,
2025.01.20 22:24:59,scan_skipped_same_execution_bar,USDJPY,2025.01.20 22:00:00,0,
2025.01.20 22:34:57,scan_executed_new_execution_bar,USDJPY,2025.01.20 22:15:00,78,
2025.01.20 22:39:59,scan_skipped_same_execution_bar,USDJPY,2025.01.20 22:15:00,0,
2025.01.20 22:49:59,scan_executed_new_execution_bar,USDJPY,2025.01.20 22:30:00,0,
2025.01.20 22:54:59,scan_skipped_same_execution_bar,USDJPY,2025.01.20 22:30:00,0,
2025.01.20 23:05:00,scan_executed_new_execution_bar,USDJPY,2025.01.20 22:45:00,0,
2025.01.20 23:09:59,scan_skipped_same_execution_bar,USDJPY,2025.01.20 22:45:00,0,
2025.01.20 23:19:59,scan_executed_new_execution_bar,USDJPY,2025.01.20 23:00:00,0,
2025.01.20 23:24:57,scan_skipped_same_execution_bar,USDJPY,2025.01.20 23:00:00,0,
2025.01.20 23:34:59,scan_executed_new_execution_bar,USDJPY,2025.01.20 23:15:00,16,
2025.01.20 23:39:57,scan_skipped_same_execution_bar,USDJPY,2025.01.20 23:15:00,0,
2025.01.20 23:49:59,scan_executed_new_execution_bar,USDJPY,2025.01.20 23:30:00,0,
2025.01.20 23:54:59,scan_skipped_same_execution_bar,USDJPY,2025.01.20 23:30:00,0,
2025.01.21 00:04:54,scan_executed_new_execution_bar,USDJPY,2025.01.20 23:45:00,0,
2025.01.21 00:09:56,scan_skipped_same_execution_bar,USDJPY,2025.01.20 23:45:00,0,
2025.01.21 00:19:59,scan_executed_new_execution_bar,USDJPY,2025.01.21 00:00:00,0,
2025.01.21 00:24:59,scan_skipped_same_execution_bar,USDJPY,2025.01.21 00:00:00,0,
2025.01.21 00:34:59,scan_executed_new_execution_bar,USDJPY,2025.01.21 00:15:00,0,
2025.01.21 00:39:59,scan_skipped_same_execution_bar,USDJPY,2025.01.21 00:15:00,0,
2025.01.21 00:49:59,scan_executed_new_execution_bar,USDJPY,2025.01.21 00:30:00,0,
2025.01.21 00:54:59,scan_skipped_same_execution_bar,USDJPY,2025.01.21 00:30:00,0,
2025.01.21 01:04:59,scan_executed_new_execution_bar,USDJPY,2025.01.21 00:45:00,0,
2025.01.21 01:09:59,scan_skipped_same_execution_bar,USDJPY,2025.01.21 00:45:00,0,
2025.01.21 01:19:59,scan_executed_new_execution_bar,USDJPY,2025.01.21 01:00:00,0,
2025.01.21 01:24:59,scan_skipped_same_execution_bar,USDJPY,2025.01.21 01:00:00,0,
2025.01.21 01:34:59,scan_executed_new_execution_bar,USDJPY,2025.01.21 01:15:00,0,
2025.01.21 01:39:59,scan_skipped_same_execution_bar,USDJPY,2025.01.21 01:15:00,0,
2025.01.21 01:49:59,scan_executed_new_execution_bar,USDJPY,2025.01.21 01:30:00,0,
2025.01.21 01:54:59,scan_skipped_same_execution_bar,USDJPY,2025.01.21 01:30:00,0,
2025.01.21 02:04:59,scan_executed_new_execution_bar,USDJPY,2025.01.21 01:45:00,0,
2025.01.21 02:09:59,scan_skipped_same_execution_bar,USDJPY,2025.01.21 01:45:00,0,
2025.01.21 02:19:59,scan_executed_new_execution_bar,USDJPY,2025.01.21 02:00:00,0,
2025.01.21 02:24:59,scan_skipped_same_execution_bar,USDJPY,2025.01.21 02:00:00,0,
2025.01.21 02:34:59,scan_executed_new_execution_bar,USDJPY,2025.01.21 02:15:00,31,
2025.01.21 02:39:59,scan_skipped_same_execution_bar,USDJPY,2025.01.21 02:15:00,0,
2025.01.21 02:49:59,scan_executed_new_execution_bar,USDJPY,2025.01.21 02:30:00,0,
2025.01.21 02:54:59,scan_skipped_same_execution_bar,USDJPY,2025.01.21 02:30:00,0,
2025.01.21 03:04:59,scan_executed_new_execution_bar,USDJPY,2025.01.21 02:45:00,0,
2025.01.21 03:09:59,scan_skipped_same_execution_bar,USDJPY,2025.01.21 02:45:00,0,
2025.01.21 03:19:59,scan_executed_new_execution_bar,USDJPY,2025.01.21 03:00:00,31,
2025.01.21 03:24:59,scan_skipped_same_execution_bar,USDJPY,2025.01.21 03:00:00,0,
2025.01.21 03:34:59,scan_executed_new_execution_bar,USDJPY,2025.01.21 03:15:00,16,
2025.01.21 03:39:59,scan_skipped_same_execution_bar,USDJPY,2025.01.21 03:15:00,0,
2025.01.21 03:49:59,scan_executed_new_execution_bar,USDJPY,2025.01.21 03:30:00,0,
2025.01.21 03:54:59,scan_skipped_same_execution_bar,USDJPY,2025.01.21 03:30:00,0,
2025.01.21 04:04:59,scan_executed_new_execution_bar,USDJPY,2025.01.21 03:45:00,16,
2025.01.21 04:09:59,scan_skipped_same_execution_bar,USDJPY,2025.01.21 03:45:00,0,
2025.01.21 04:19:59,scan_executed_new_execution_bar,USDJPY,2025.01.21 04:00:00,0,
2025.01.21 04:24:59,scan_skipped_same_execution_bar,USDJPY,2025.01.21 04:00:00,0,
2025.01.21 04:34:59,scan_executed_new_execution_bar,USDJPY,2025.01.21 04:15:00,16,
2025.01.21 04:39:59,scan_skipped_same_execution_bar,USDJPY,2025.01.21 04:15:00,0,
2025.01.21 04:49:59,scan_executed_new_execution_bar,USDJPY,2025.01.21 04:30:00,0,
2025.01.21 04:54:59,scan_skipped_same_execution_bar,USDJPY,2025.01.21 04:30:00,0,
2025.01.21 05:04:59,scan_executed_new_execution_bar,USDJPY,2025.01.21 04:45:00,0,
2025.01.21 05:09:59,scan_skipped_same_execution_bar,USDJPY,2025.01.21 04:45:00,0,
2025.01.21 05:19:59,scan_executed_new_execution_bar,USDJPY,2025.01.21 05:00:00,0,
2025.01.21 05:24:59,scan_skipped_same_execution_bar,USDJPY,2025.01.21 05:00:00,0,
2025.01.21 05:34:59,scan_executed_new_execution_bar,USDJPY,2025.01.21 05:15:00,78,
2025.01.21 05:39:58,scan_skipped_same_execution_bar,USDJPY,2025.01.21 05:15:00,0,
2025.01.21 05:49:59,scan_executed_new_execution_bar,USDJPY,2025.01.21 05:30:00,16,
2025.01.21 05:54:59,scan_skipped_same_execution_bar,USDJPY,2025.01.21 05:30:00,0,
2025.01.21 06:04:59,scan_executed_new_execution_bar,USDJPY,2025.01.21 05:45:00,47,
2025.01.21 06:09:59,scan_skipped_same_execution_bar,USDJPY,2025.01.21 05:45:00,0,
2025.01.21 06:19:59,scan_executed_new_execution_bar,USDJPY,2025.01.21 06:00:00,0,
2025.01.21 06:24:59,scan_skipped_same_execution_bar,USDJPY,2025.01.21 06:00:00,0,
2025.01.21 06:34:59,scan_executed_new_execution_bar,USDJPY,2025.01.21 06:15:00,46,
2025.01.21 06:39:59,scan_skipped_same_execution_bar,USDJPY,2025.01.21 06:15:00,0,
2025.01.21 06:49:57,scan_executed_new_execution_bar,USDJPY,2025.01.21 06:30:00,16,
2025.01.21 06:54:59,scan_skipped_same_execution_bar,USDJPY,2025.01.21 06:30:00,0,
2025.01.21 07:04:59,scan_executed_new_execution_bar,USDJPY,2025.01.21 06:45:00,0,
2025.01.21 07:09:59,scan_skipped_same_execution_bar,USDJPY,2025.01.21 06:45:00,0,
2025.01.21 07:19:59,scan_executed_new_execution_bar,USDJPY,2025.01.21 07:00:00,16,
2025.01.21 07:24:59,scan_skipped_same_execution_bar,USDJPY,2025.01.21 07:00:00,0,
2025.01.21 07:34:59,scan_executed_new_execution_bar,USDJPY,2025.01.21 07:15:00,31,
2025.01.21 07:39:59,scan_skipped_same_execution_bar,USDJPY,2025.01.21 07:15:00,0,
2025.01.21 07:49:59,scan_executed_new_execution_bar,USDJPY,2025.01.21 07:30:00,0,
2025.01.21 07:54:59,scan_skipped_same_execution_bar,USDJPY,2025.01.21 07:30:00,0,
2025.01.21 08:04:59,scan_executed_new_execution_bar,USDJPY,2025.01.21 07:45:00,0,
2025.01.21 08:09:59,scan_skipped_same_execution_bar,USDJPY,2025.01.21 07:45:00,0,
2025.01.21 08:19:59,scan_executed_new_execution_bar,USDJPY,2025.01.21 08:00:00,0,
2025.01.21 08:24:59,scan_skipped_same_execution_bar,USDJPY,2025.01.21 08:00:00,0,
2025.01.21 08:34:59,scan_executed_new_execution_bar,USDJPY,2025.01.21 08:15:00,0,
2025.01.21 08:39:59,scan_skipped_same_execution_bar,USDJPY,2025.01.21 08:15:00,0,
2025.01.21 08:49:59,scan_executed_new_execution_bar,USDJPY,2025.01.21 08:30:00,0,
2025.01.21 08:54:59,scan_skipped_same_execution_bar,USDJPY,2025.01.21 08:30:00,0,
2025.01.21 09:04:59,scan_executed_new_execution_bar,USDJPY,2025.01.21 08:45:00,0,
2025.01.21 09:09:59,scan_skipped_same_execution_bar,USDJPY,2025.01.21 08:45:00,0,
2025.01.21 09:19:59,scan_executed_new_execution_bar,USDJPY,2025.01.21 09:00:00,0,
2025.01.21 09:24:59,scan_skipped_same_execution_bar,USDJPY,2025.01.21 09:00:00,0,
2025.01.21 09:34:59,scan_executed_new_execution_bar,USDJPY,2025.01.21 09:15:00,0,
2025.01.21 09:39:59,scan_skipped_same_execution_bar,USDJPY,2025.01.21 09:15:00,0,
2025.01.21 09:49:59,scan_executed_new_execution_bar,USDJPY,2025.01.21 09:30:00,0,
2025.01.21 09:54:59,scan_skipped_same_execution_bar,USDJPY,2025.01.21 09:30:00,0,
2025.01.21 10:04:59,scan_executed_new_execution_bar,USDJPY,2025.01.21 09:45:00,0,
2025.01.21 10:09:59,scan_skipped_same_execution_bar,USDJPY,2025.01.21 09:45:00,0,
2025.01.21 10:19:59,scan_executed_new_execution_bar,USDJPY,2025.01.21 10:00:00,0,
2025.01.21 10:24:59,scan_skipped_same_execution_bar,USDJPY,2025.01.21 10:00:00,0,
2025.01.21 10:34:59,scan_executed_new_execution_bar,USDJPY,2025.01.21 10:15:00,0,
2025.01.21 10:39:59,scan_skipped_same_execution_bar,USDJPY,2025.01.21 10:15:00,0,
2025.01.21 10:49:59,scan_executed_new_execution_bar,USDJPY,2025.01.21 10:30:00,0,
2025.01.21 10:54:59,scan_skipped_same_execution_bar,USDJPY,2025.01.21 10:30:00,0,
2025.01.21 11:04:59,scan_executed_new_execution_bar,USDJPY,2025.01.21 10:45:00,16,
2025.01.21 11:09:59,scan_skipped_same_execution_bar,USDJPY,2025.01.21 10:45:00,0,
2025.01.21 11:19:59,scan_executed_new_execution_bar,USDJPY,2025.01.21 11:00:00,0,
2025.01.21 11:24:59,scan_skipped_same_execution_bar,USDJPY,2025.01.21 11:00:00,0,
2025.01.21 11:34:59,scan_executed_new_execution_bar,USDJPY,2025.01.21 11:15:00,0,
2025.01.21 11:39:59,scan_skipped_same_execution_bar,USDJPY,2025.01.21 11:15:00,0,
2025.01.21 11:49:59,scan_executed_new_execution_bar,USDJPY,2025.01.21 11:30:00,0,
2025.01.21 11:54:59,scan_skipped_same_execution_bar,USDJPY,2025.01.21 11:30:00,0,
2025.01.21 12:04:59,scan_executed_new_execution_bar,USDJPY,2025.01.21 11:45:00,0,
2025.01.21 12:09:59,scan_skipped_same_execution_bar,USDJPY,2025.01.21 11:45:00,0,
2025.01.21 12:19:57,scan_executed_new_execution_bar,USDJPY,2025.01.21 12:00:00,0,
2025.01.21 12:24:58,scan_skipped_same_execution_bar,USDJPY,2025.01.21 12:00:00,0,
2025.01.21 12:34:59,scan_executed_new_execution_bar,USDJPY,2025.01.21 12:15:00,47,
2025.01.21 12:39:59,scan_skipped_same_execution_bar,USDJPY,2025.01.21 12:15:00,0,
2025.01.21 12:49:59,scan_executed_new_execution_bar,USDJPY,2025.01.21 12:30:00,0,
2025.01.21 12:54:59,scan_skipped_same_execution_bar,USDJPY,2025.01.21 12:30:00,0,
2025.01.21 13:04:59,scan_executed_new_execution_bar,USDJPY,2025.01.21 12:45:00,16,
2025.01.21 13:09:59,scan_skipped_same_execution_bar,USDJPY,2025.01.21 12:45:00,0,
2025.01.21 13:19:59,scan_executed_new_execution_bar,USDJPY,2025.01.21 13:00:00,15,
2025.01.21 13:25:00,scan_skipped_same_execution_bar,USDJPY,2025.01.21 13:00:00,0,
2025.01.21 13:34:59,scan_executed_new_execution_bar,USDJPY,2025.01.21 13:15:00,16,
2025.01.21 13:40:00,scan_skipped_same_execution_bar,USDJPY,2025.01.21 13:15:00,0,
2025.01.21 13:49:59,scan_executed_new_execution_bar,USDJPY,2025.01.21 13:30:00,16,
2025.01.21 13:54:59,scan_skipped_same_execution_bar,USDJPY,2025.01.21 13:30:00,0,
2025.01.21 14:04:59,scan_executed_new_execution_bar,USDJPY,2025.01.21 13:45:00,0,
2025.01.21 14:09:59,scan_skipped_same_execution_bar,USDJPY,2025.01.21 13:45:00,0,
2025.01.21 14:19:59,scan_executed_new_execution_bar,USDJPY,2025.01.21 14:00:00,0,
2025.01.21 14:24:59,scan_skipped_same_execution_bar,USDJPY,2025.01.21 14:00:00,0,
2025.01.21 14:34:59,scan_executed_new_execution_bar,USDJPY,2025.01.21 14:15:00,0,
2025.01.21 14:39:59,scan_skipped_same_execution_bar,USDJPY,2025.01.21 14:15:00,0,
2025.01.21 14:49:59,scan_executed_new_execution_bar,USDJPY,2025.01.21 14:30:00,0,
2025.01.21 14:54:59,scan_skipped_same_execution_bar,USDJPY,2025.01.21 14:30:00,0,
2025.01.21 15:04:59,scan_executed_new_execution_bar,USDJPY,2025.01.21 14:45:00,0,
2025.01.21 15:09:59,scan_skipped_same_execution_bar,USDJPY,2025.01.21 14:45:00,0,
2025.01.21 15:19:59,scan_executed_new_execution_bar,USDJPY,2025.01.21 15:00:00,0,
2025.01.21 15:24:59,scan_skipped_same_execution_bar,USDJPY,2025.01.21 15:00:00,0,
2025.01.21 15:34:59,scan_executed_new_execution_bar,USDJPY,2025.01.21 15:15:00,16,
2025.01.21 15:39:59,scan_skipped_same_execution_bar,USDJPY,2025.01.21 15:15:00,0,
2025.01.21 15:50:00,scan_executed_new_execution_bar,USDJPY,2025.01.21 15:30:00,0,
2025.01.21 15:54:59,scan_skipped_same_execution_bar,USDJPY,2025.01.21 15:30:00,0,
2025.01.21 16:04:59,scan_executed_new_execution_bar,USDJPY,2025.01.21 15:45:00,0,
2025.01.21 16:09:59,scan_skipped_same_execution_bar,USDJPY,2025.01.21 15:45:00,0,
2025.01.21 16:19:59,scan_executed_new_execution_bar,USDJPY,2025.01.21 16:00:00,0,
2025.01.21 16:24:59,scan_skipped_same_execution_bar,USDJPY,2025.01.21 16:00:00,0,
2025.01.21 16:34:59,scan_executed_new_execution_bar,USDJPY,2025.01.21 16:15:00,0,
2025.01.21 16:39:59,scan_skipped_same_execution_bar,USDJPY,2025.01.21 16:15:00,0,
2025.01.21 16:49:59,scan_executed_new_execution_bar,USDJPY,2025.01.21 16:30:00,0,
2025.01.21 16:54:59,scan_skipped_same_execution_bar,USDJPY,2025.01.21 16:30:00,0,
2025.01.21 17:04:59,scan_executed_new_execution_bar,USDJPY,2025.01.21 16:45:00,0,
2025.01.21 17:09:59,scan_skipped_same_execution_bar,USDJPY,2025.01.21 16:45:00,0,
2025.01.21 17:19:59,scan_executed_new_execution_bar,USDJPY,2025.01.21 17:00:00,0,
2025.01.21 17:24:59,scan_skipped_same_execution_bar,USDJPY,2025.01.21 17:00:00,0,
2025.01.21 17:34:59,scan_executed_new_execution_bar,USDJPY,2025.01.21 17:15:00,0,
2025.01.21 17:39:59,scan_skipped_same_execution_bar,USDJPY,2025.01.21 17:15:00,0,
2025.01.21 17:49:59,scan_executed_new_execution_bar,USDJPY,2025.01.21 17:30:00,0,
2025.01.21 17:54:59,scan_skipped_same_execution_bar,USDJPY,2025.01.21 17:30:00,0,
2025.01.21 18:04:59,scan_executed_new_execution_bar,USDJPY,2025.01.21 17:45:00,31,
2025.01.21 18:09:59,scan_skipped_same_execution_bar,USDJPY,2025.01.21 17:45:00,0,
2025.01.21 18:19:59,scan_executed_new_execution_bar,USDJPY,2025.01.21 18:00:00,0,
2025.01.21 18:24:59,scan_skipped_same_execution_bar,USDJPY,2025.01.21 18:00:00,0,
2025.01.21 18:34:59,scan_executed_new_execution_bar,USDJPY,2025.01.21 18:15:00,0,
2025.01.21 18:39:59,scan_skipped_same_execution_bar,USDJPY,2025.01.21 18:15:00,0,
2025.01.21 18:49:59,scan_executed_new_execution_bar,USDJPY,2025.01.21 18:30:00,0,
2025.01.21 18:54:59,scan_skipped_same_execution_bar,USDJPY,2025.01.21 18:30:00,0,
2025.01.21 19:04:59,scan_executed_new_execution_bar,USDJPY,2025.01.21 18:45:00,0,
2025.01.21 19:09:59,scan_skipped_same_execution_bar,USDJPY,2025.01.21 18:45:00,0,
2025.01.21 19:19:59,scan_executed_new_execution_bar,USDJPY,2025.01.21 19:00:00,0,
2025.01.21 19:24:59,scan_skipped_same_execution_bar,USDJPY,2025.01.21 19:00:00,0,
2025.01.21 19:34:59,scan_executed_new_execution_bar,USDJPY,2025.01.21 19:15:00,0,
2025.01.21 19:39:59,scan_skipped_same_execution_bar,USDJPY,2025.01.21 19:15:00,0,
2025.01.21 19:49:59,scan_executed_new_execution_bar,USDJPY,2025.01.21 19:30:00,0,
2025.01.21 19:54:59,scan_skipped_same_execution_bar,USDJPY,2025.01.21 19:30:00,0,
2025.01.21 20:04:59,scan_executed_new_execution_bar,USDJPY,2025.01.21 19:45:00,46,
2025.01.21 20:09:59,scan_skipped_same_execution_bar,USDJPY,2025.01.21 19:45:00,0,
2025.01.21 20:19:59,scan_executed_new_execution_bar,USDJPY,2025.01.21 20:00:00,0,
2025.01.21 20:24:59,scan_skipped_same_execution_bar,USDJPY,2025.01.21 20:00:00,0,
2025.01.21 20:34:59,scan_executed_new_execution_bar,USDJPY,2025.01.21 20:15:00,0,
2025.01.21 20:39:59,scan_skipped_same_execution_bar,USDJPY,2025.01.21 20:15:00,0,
2025.01.21 20:49:59,scan_executed_new_execution_bar,USDJPY,2025.01.21 20:30:00,0,
2025.01.21 20:54:59,scan_skipped_same_execution_bar,USDJPY,2025.01.21 20:30:00,0,
2025.01.21 21:04:59,scan_executed_new_execution_bar,USDJPY,2025.01.21 20:45:00,16,
2025.01.21 21:09:59,scan_skipped_same_execution_bar,USDJPY,2025.01.21 20:45:00,0,
2025.01.21 21:19:59,scan_executed_new_execution_bar,USDJPY,2025.01.21 21:00:00,0,
2025.01.21 21:25:00,scan_skipped_same_execution_bar,USDJPY,2025.01.21 21:00:00,0,
2025.01.21 21:34:57,scan_executed_new_execution_bar,USDJPY,2025.01.21 21:15:00,15,
2025.01.21 21:39:59,scan_skipped_same_execution_bar,USDJPY,2025.01.21 21:15:00,0,
2025.01.21 21:49:59,scan_executed_new_execution_bar,USDJPY,2025.01.21 21:30:00,16,
2025.01.21 21:54:59,scan_skipped_same_execution_bar,USDJPY,2025.01.21 21:30:00,0,
2025.01.21 22:04:58,scan_executed_new_execution_bar,USDJPY,2025.01.21 21:45:00,0,
2025.01.21 22:09:59,scan_skipped_same_execution_bar,USDJPY,2025.01.21 21:45:00,0,
2025.01.21 22:19:59,scan_executed_new_execution_bar,USDJPY,2025.01.21 22:00:00,0,
2025.01.21 22:24:58,scan_skipped_same_execution_bar,USDJPY,2025.01.21 22:00:00,0,
2025.01.21 22:34:59,scan_executed_new_execution_bar,USDJPY,2025.01.21 22:15:00,0,
2025.01.21 22:39:59,scan_skipped_same_execution_bar,USDJPY,2025.01.21 22:15:00,0,
2025.01.21 22:49:57,scan_executed_new_execution_bar,USDJPY,2025.01.21 22:30:00,0,
2025.01.21 22:54:59,scan_skipped_same_execution_bar,USDJPY,2025.01.21 22:30:00,0,
2025.01.21 23:04:58,scan_executed_new_execution_bar,USDJPY,2025.01.21 22:45:00,0,
2025.01.21 23:09:59,scan_skipped_same_execution_bar,USDJPY,2025.01.21 22:45:00,0,
2025.01.21 23:19:59,scan_executed_new_execution_bar,USDJPY,2025.01.21 23:00:00,0,
2025.01.21 23:24:59,scan_skipped_same_execution_bar,USDJPY,2025.01.21 23:00:00,0,
2025.01.21 23:34:57,scan_executed_new_execution_bar,USDJPY,2025.01.21 23:15:00,0,
2025.01.21 23:39:59,scan_skipped_same_execution_bar,USDJPY,2025.01.21 23:15:00,0,
2025.01.21 23:49:58,scan_executed_new_execution_bar,USDJPY,2025.01.21 23:30:00,0,
2025.01.21 23:54:59,scan_skipped_same_execution_bar,USDJPY,2025.01.21 23:30:00,0,
2025.01.22 00:04:58,scan_executed_new_execution_bar,USDJPY,2025.01.21 23:45:00,0,
2025.01.22 00:09:58,scan_skipped_same_execution_bar,USDJPY,2025.01.21 23:45:00,0,
2025.01.22 00:19:58,scan_executed_new_execution_bar,USDJPY,2025.01.22 00:00:00,0,
2025.01.22 00:25:00,scan_skipped_same_execution_bar,USDJPY,2025.01.22 00:00:00,0,
2025.01.22 00:34:58,scan_executed_new_execution_bar,USDJPY,2025.01.22 00:15:00,0,
2025.01.22 00:39:59,scan_skipped_same_execution_bar,USDJPY,2025.01.22 00:15:00,0,
2025.01.22 00:49:58,scan_executed_new_execution_bar,USDJPY,2025.01.22 00:30:00,0,
2025.01.22 00:54:59,scan_skipped_same_execution_bar,USDJPY,2025.01.22 00:30:00,0,
2025.01.22 01:04:59,scan_executed_new_execution_bar,USDJPY,2025.01.22 00:45:00,0,
2025.01.22 01:09:59,scan_skipped_same_execution_bar,USDJPY,2025.01.22 00:45:00,0,
2025.01.22 01:19:59,scan_executed_new_execution_bar,USDJPY,2025.01.22 01:00:00,0,
2025.01.22 01:24:59,scan_skipped_same_execution_bar,USDJPY,2025.01.22 01:00:00,0,
2025.01.22 01:34:58,scan_executed_new_execution_bar,USDJPY,2025.01.22 01:15:00,16,
2025.01.22 01:39:58,scan_skipped_same_execution_bar,USDJPY,2025.01.22 01:15:00,0,
2025.01.22 01:49:59,scan_executed_new_execution_bar,USDJPY,2025.01.22 01:30:00,0,
2025.01.22 01:54:59,scan_skipped_same_execution_bar,USDJPY,2025.01.22 01:30:00,0,
2025.01.22 02:04:59,scan_executed_new_execution_bar,USDJPY,2025.01.22 01:45:00,15,
2025.01.22 02:09:58,scan_skipped_same_execution_bar,USDJPY,2025.01.22 01:45:00,0,
2025.01.22 02:19:58,scan_executed_new_execution_bar,USDJPY,2025.01.22 02:00:00,16,
2025.01.22 02:24:59,scan_skipped_same_execution_bar,USDJPY,2025.01.22 02:00:00,0,
2025.01.22 02:34:59,scan_executed_new_execution_bar,USDJPY,2025.01.22 02:15:00,0,
2025.01.22 02:39:59,scan_skipped_same_execution_bar,USDJPY,2025.01.22 02:15:00,0,
2025.01.22 02:49:59,scan_executed_new_execution_bar,USDJPY,2025.01.22 02:30:00,16,
2025.01.22 02:55:00,scan_skipped_same_execution_bar,USDJPY,2025.01.22 02:30:00,0,
2025.01.22 03:04:59,scan_executed_new_execution_bar,USDJPY,2025.01.22 02:45:00,15,
2025.01.22 03:09:59,scan_skipped_same_execution_bar,USDJPY,2025.01.22 02:45:00,0,
2025.01.22 03:19:59,scan_executed_new_execution_bar,USDJPY,2025.01.22 03:00:00,31,
2025.01.22 03:24:58,scan_skipped_same_execution_bar,USDJPY,2025.01.22 03:00:00,0,
2025.01.22 03:34:59,scan_executed_new_execution_bar,USDJPY,2025.01.22 03:15:00,0,
2025.01.22 03:39:59,scan_skipped_same_execution_bar,USDJPY,2025.01.22 03:15:00,0,
2025.01.22 03:49:59,scan_executed_new_execution_bar,USDJPY,2025.01.22 03:30:00,15,
2025.01.22 03:54:59,scan_skipped_same_execution_bar,USDJPY,2025.01.22 03:30:00,0,
2025.01.22 04:04:59,scan_executed_new_execution_bar,USDJPY,2025.01.22 03:45:00,0,
2025.01.22 04:09:57,scan_skipped_same_execution_bar,USDJPY,2025.01.22 03:45:00,0,
2025.01.22 04:19:59,scan_executed_new_execution_bar,USDJPY,2025.01.22 04:00:00,47,
2025.01.22 04:24:59,scan_skipped_same_execution_bar,USDJPY,2025.01.22 04:00:00,0,
2025.01.22 04:34:58,scan_executed_new_execution_bar,USDJPY,2025.01.22 04:15:00,0,
2025.01.22 04:39:59,scan_skipped_same_execution_bar,USDJPY,2025.01.22 04:15:00,0,
2025.01.22 04:49:59,scan_executed_new_execution_bar,USDJPY,2025.01.22 04:30:00,16,
2025.01.22 04:54:59,scan_skipped_same_execution_bar,USDJPY,2025.01.22 04:30:00,0,
2025.01.22 05:04:58,scan_executed_new_execution_bar,USDJPY,2025.01.22 04:45:00,0,
2025.01.22 05:09:59,scan_skipped_same_execution_bar,USDJPY,2025.01.22 04:45:00,0,
2025.01.22 05:19:58,scan_executed_new_execution_bar,USDJPY,2025.01.22 05:00:00,0,
2025.01.22 05:24:59,scan_skipped_same_execution_bar,USDJPY,2025.01.22 05:00:00,0,
2025.01.22 05:34:59,scan_executed_new_execution_bar,USDJPY,2025.01.22 05:15:00,0,
2025.01.22 05:39:59,scan_skipped_same_execution_bar,USDJPY,2025.01.22 05:15:00,0,
2025.01.22 05:49:59,scan_executed_new_execution_bar,USDJPY,2025.01.22 05:30:00,0,
2025.01.22 05:54:59,scan_skipped_same_execution_bar,USDJPY,2025.01.22 05:30:00,0,
2025.01.22 06:04:59,scan_executed_new_execution_bar,USDJPY,2025.01.22 05:45:00,0,
2025.01.22 06:09:59,scan_skipped_same_execution_bar,USDJPY,2025.01.22 05:45:00,0,
2025.01.22 06:19:59,scan_executed_new_execution_bar,USDJPY,2025.01.22 06:00:00,0,
2025.01.22 06:24:59,scan_skipped_same_execution_bar,USDJPY,2025.01.22 06:00:00,0,
2025.01.22 06:34:58,scan_executed_new_execution_bar,USDJPY,2025.01.22 06:15:00,0,
2025.01.22 06:39:59,scan_skipped_same_execution_bar,USDJPY,2025.01.22 06:15:00,0,
2025.01.22 06:49:58,scan_executed_new_execution_bar,USDJPY,2025.01.22 06:30:00,0,
2025.01.22 06:54:58,scan_skipped_same_execution_bar,USDJPY,2025.01.22 06:30:00,0,
2025.01.22 07:04:59,scan_executed_new_execution_bar,USDJPY,2025.01.22 06:45:00,0,
2025.01.22 07:09:59,scan_skipped_same_execution_bar,USDJPY,2025.01.22 06:45:00,0,
2025.01.22 07:19:59,scan_executed_new_execution_bar,USDJPY,2025.01.22 07:00:00,0,
2025.01.22 07:24:59,scan_skipped_same_execution_bar,USDJPY,2025.01.22 07:00:00,0,
2025.01.22 07:34:58,scan_executed_new_execution_bar,USDJPY,2025.01.22 07:15:00,0,
2025.01.22 07:39:59,scan_skipped_same_execution_bar,USDJPY,2025.01.22 07:15:00,0,
2025.01.22 07:49:59,scan_executed_new_execution_bar,USDJPY,2025.01.22 07:30:00,0,
2025.01.22 07:54:59,scan_skipped_same_execution_bar,USDJPY,2025.01.22 07:30:00,0,
2025.01.22 08:04:59,scan_executed_new_execution_bar,USDJPY,2025.01.22 07:45:00,0,
2025.01.22 08:09:57,scan_skipped_same_execution_bar,USDJPY,2025.01.22 07:45:00,0,
2025.01.22 08:19:59,scan_executed_new_execution_bar,USDJPY,2025.01.22 08:00:00,0,
2025.01.22 08:24:59,scan_skipped_same_execution_bar,USDJPY,2025.01.22 08:00:00,0,
2025.01.22 08:34:59,scan_executed_new_execution_bar,USDJPY,2025.01.22 08:15:00,0,
2025.01.22 08:39:59,scan_skipped_same_execution_bar,USDJPY,2025.01.22 08:15:00,0,
2025.01.22 08:49:59,scan_executed_new_execution_bar,USDJPY,2025.01.22 08:30:00,0,
2025.01.22 08:54:59,scan_skipped_same_execution_bar,USDJPY,2025.01.22 08:30:00,0,
2025.01.22 09:04:59,scan_executed_new_execution_bar,USDJPY,2025.01.22 08:45:00,0,
2025.01.22 09:09:59,scan_skipped_same_execution_bar,USDJPY,2025.01.22 08:45:00,0,
2025.01.22 09:19:59,scan_executed_new_execution_bar,USDJPY,2025.01.22 09:00:00,0,
2025.01.22 09:24:59,scan_skipped_same_execution_bar,USDJPY,2025.01.22 09:00:00,0,
2025.01.22 09:34:59,scan_executed_new_execution_bar,USDJPY,2025.01.22 09:15:00,0,
2025.01.22 09:39:59,scan_skipped_same_execution_bar,USDJPY,2025.01.22 09:15:00,0,
2025.01.22 09:49:59,scan_executed_new_execution_bar,USDJPY,2025.01.22 09:30:00,0,
2025.01.22 09:54:59,scan_skipped_same_execution_bar,USDJPY,2025.01.22 09:30:00,0,
2025.01.22 10:04:59,scan_executed_new_execution_bar,USDJPY,2025.01.22 09:45:00,0,
2025.01.22 10:09:59,scan_skipped_same_execution_bar,USDJPY,2025.01.22 09:45:00,0,
2025.01.22 10:19:59,scan_executed_new_execution_bar,USDJPY,2025.01.22 10:00:00,0,
2025.01.22 10:24:59,scan_skipped_same_execution_bar,USDJPY,2025.01.22 10:00:00,0,
2025.01.22 10:34:59,scan_executed_new_execution_bar,USDJPY,2025.01.22 10:15:00,16,
2025.01.22 10:39:59,scan_skipped_same_execution_bar,USDJPY,2025.01.22 10:15:00,0,
2025.01.22 10:49:59,scan_executed_new_execution_bar,USDJPY,2025.01.22 10:30:00,16,
2025.01.22 10:54:59,scan_skipped_same_execution_bar,USDJPY,2025.01.22 10:30:00,0,
2025.01.22 11:04:59,scan_executed_new_execution_bar,USDJPY,2025.01.22 10:45:00,0,
2025.01.22 11:09:59,scan_skipped_same_execution_bar,USDJPY,2025.01.22 10:45:00,0,
2025.01.22 11:19:59,scan_executed_new_execution_bar,USDJPY,2025.01.22 11:00:00,15,
2025.01.22 11:24:59,scan_skipped_same_execution_bar,USDJPY,2025.01.22 11:00:00,0,
2025.01.22 11:34:59,scan_executed_new_execution_bar,USDJPY,2025.01.22 11:15:00,79,
2025.01.22 11:39:59,scan_skipped_same_execution_bar,USDJPY,2025.01.22 11:15:00,0,
2025.01.22 11:49:59,scan_executed_new_execution_bar,USDJPY,2025.01.22 11:30:00,15,
2025.01.22 11:54:59,scan_skipped_same_execution_bar,USDJPY,2025.01.22 11:30:00,0,
2025.01.22 12:04:59,scan_executed_new_execution_bar,USDJPY,2025.01.22 11:45:00,0,
2025.01.22 12:09:59,scan_skipped_same_execution_bar,USDJPY,2025.01.22 11:45:00,0,
2025.01.22 12:19:59,scan_executed_new_execution_bar,USDJPY,2025.01.22 12:00:00,0,
2025.01.22 12:24:59,scan_skipped_same_execution_bar,USDJPY,2025.01.22 12:00:00,0,
2025.01.22 12:34:59,scan_executed_new_execution_bar,USDJPY,2025.01.22 12:15:00,16,
2025.01.22 12:39:59,scan_skipped_same_execution_bar,USDJPY,2025.01.22 12:15:00,0,
2025.01.22 12:49:59,scan_executed_new_execution_bar,USDJPY,2025.01.22 12:30:00,0,
2025.01.22 12:54:59,scan_skipped_same_execution_bar,USDJPY,2025.01.22 12:30:00,0,
2025.01.22 13:04:58,scan_executed_new_execution_bar,USDJPY,2025.01.22 12:45:00,16,
2025.01.22 13:09:59,scan_skipped_same_execution_bar,USDJPY,2025.01.22 12:45:00,0,
2025.01.22 13:19:59,scan_executed_new_execution_bar,USDJPY,2025.01.22 13:00:00,0,
2025.01.22 13:24:59,scan_skipped_same_execution_bar,USDJPY,2025.01.22 13:00:00,0,
2025.01.22 13:34:59,scan_executed_new_execution_bar,USDJPY,2025.01.22 13:15:00,93,
2025.01.22 13:39:59,scan_skipped_same_execution_bar,USDJPY,2025.01.22 13:15:00,0,
2025.01.22 13:49:59,scan_executed_new_execution_bar,USDJPY,2025.01.22 13:30:00,16,
2025.01.22 13:54:59,scan_skipped_same_execution_bar,USDJPY,2025.01.22 13:30:00,0,
2025.01.22 14:04:59,scan_executed_new_execution_bar,USDJPY,2025.01.22 13:45:00,16,
2025.01.22 14:09:59,scan_skipped_same_execution_bar,USDJPY,2025.01.22 13:45:00,0,
2025.01.22 14:19:59,scan_executed_new_execution_bar,USDJPY,2025.01.22 14:00:00,0,
2025.01.22 14:24:58,scan_skipped_same_execution_bar,USDJPY,2025.01.22 14:00:00,0,
2025.01.22 14:34:59,scan_executed_new_execution_bar,USDJPY,2025.01.22 14:15:00,15,
2025.01.22 14:39:59,scan_skipped_same_execution_bar,USDJPY,2025.01.22 14:15:00,0,
2025.01.22 14:49:59,scan_executed_new_execution_bar,USDJPY,2025.01.22 14:30:00,0,
2025.01.22 14:54:59,scan_skipped_same_execution_bar,USDJPY,2025.01.22 14:30:00,0,
2025.01.22 15:04:59,scan_executed_new_execution_bar,USDJPY,2025.01.22 14:45:00,0,
2025.01.22 15:10:00,scan_skipped_same_execution_bar,USDJPY,2025.01.22 14:45:00,0,
2025.01.22 15:19:59,scan_executed_new_execution_bar,USDJPY,2025.01.22 15:00:00,0,
2025.01.22 15:24:59,scan_skipped_same_execution_bar,USDJPY,2025.01.22 15:00:00,0,
2025.01.22 15:34:59,scan_executed_new_execution_bar,USDJPY,2025.01.22 15:15:00,16,
2025.01.22 15:39:59,scan_skipped_same_execution_bar,USDJPY,2025.01.22 15:15:00,0,
2025.01.22 15:49:59,scan_executed_new_execution_bar,USDJPY,2025.01.22 15:30:00,15,
2025.01.22 15:54:59,scan_skipped_same_execution_bar,USDJPY,2025.01.22 15:30:00,0,
2025.01.22 16:04:59,scan_executed_new_execution_bar,USDJPY,2025.01.22 15:45:00,0,
2025.01.22 16:09:58,scan_skipped_same_execution_bar,USDJPY,2025.01.22 15:45:00,0,
2025.01.22 16:19:59,scan_executed_new_execution_bar,USDJPY,2025.01.22 16:00:00,0,
2025.01.22 16:24:59,scan_skipped_same_execution_bar,USDJPY,2025.01.22 16:00:00,0,
2025.01.22 16:34:59,scan_executed_new_execution_bar,USDJPY,2025.01.22 16:15:00,0,
2025.01.22 16:40:00,scan_skipped_same_execution_bar,USDJPY,2025.01.22 16:15:00,0,
2025.01.22 16:49:59,scan_executed_new_execution_bar,USDJPY,2025.01.22 16:30:00,0,
2025.01.22 16:54:59,scan_skipped_same_execution_bar,USDJPY,2025.01.22 16:30:00,0,
2025.01.22 17:00:00,scan_executed_new_execution_bar,USDJPY,2025.01.22 16:45:00,0,
2025.01.22 17:04:59,scan_skipped_same_execution_bar,USDJPY,2025.01.22 16:45:00,0,
2025.01.22 17:19:59,scan_executed_new_execution_bar,USDJPY,2025.01.22 17:00:00,0,
2025.01.22 17:24:59,scan_skipped_same_execution_bar,USDJPY,2025.01.22 17:00:00,0,
2025.01.22 17:34:59,scan_executed_new_execution_bar,USDJPY,2025.01.22 17:15:00,0,
2025.01.22 17:39:59,scan_skipped_same_execution_bar,USDJPY,2025.01.22 17:15:00,0,
2025.01.22 17:49:59,scan_executed_new_execution_bar,USDJPY,2025.01.22 17:30:00,0,
2025.01.22 17:54:59,scan_skipped_same_execution_bar,USDJPY,2025.01.22 17:30:00,0,
2025.01.22 18:04:59,scan_executed_new_execution_bar,USDJPY,2025.01.22 17:45:00,0,
2025.01.22 18:09:59,scan_skipped_same_execution_bar,USDJPY,2025.01.22 17:45:00,0,
2025.01.22 18:19:59,scan_executed_new_execution_bar,USDJPY,2025.01.22 18:00:00,0,
2025.01.22 18:24:59,scan_skipped_same_execution_bar,USDJPY,2025.01.22 18:00:00,0,
2025.01.22 18:34:59,scan_executed_new_execution_bar,USDJPY,2025.01.22 18:15:00,0,
2025.01.22 18:39:59,scan_skipped_same_execution_bar,USDJPY,2025.01.22 18:15:00,0,
2025.01.22 18:49:59,scan_executed_new_execution_bar,USDJPY,2025.01.22 18:30:00,0,
2025.01.22 18:54:59,scan_skipped_same_execution_bar,USDJPY,2025.01.22 18:30:00,0,
2025.01.22 19:04:59,scan_executed_new_execution_bar,USDJPY,2025.01.22 18:45:00,0,
2025.01.22 19:09:59,scan_skipped_same_execution_bar,USDJPY,2025.01.22 18:45:00,0,
2025.01.22 19:19:59,scan_executed_new_execution_bar,USDJPY,2025.01.22 19:00:00,0,
2025.01.22 19:24:59,scan_skipped_same_execution_bar,USDJPY,2025.01.22 19:00:00,0,
2025.01.22 19:34:59,scan_executed_new_execution_bar,USDJPY,2025.01.22 19:15:00,0,
2025.01.22 19:39:59,scan_skipped_same_execution_bar,USDJPY,2025.01.22 19:15:00,0,
2025.01.22 19:49:59,scan_executed_new_execution_bar,USDJPY,2025.01.22 19:30:00,31,
2025.01.22 19:54:58,scan_skipped_same_execution_bar,USDJPY,2025.01.22 19:30:00,0,
2025.01.22 20:04:59,scan_executed_new_execution_bar,USDJPY,2025.01.22 19:45:00,0,
2025.01.22 20:09:58,scan_skipped_same_execution_bar,USDJPY,2025.01.22 19:45:00,0,
2025.01.22 20:19:59,scan_executed_new_execution_bar,USDJPY,2025.01.22 20:00:00,15,
2025.01.22 20:24:59,scan_skipped_same_execution_bar,USDJPY,2025.01.22 20:00:00,0,
2025.01.22 20:34:59,scan_executed_new_execution_bar,USDJPY,2025.01.22 20:15:00,0,
2025.01.22 20:39:59,scan_skipped_same_execution_bar,USDJPY,2025.01.22 20:15:00,0,
2025.01.22 20:49:58,scan_executed_new_execution_bar,USDJPY,2025.01.22 20:30:00,0,
2025.01.22 20:54:59,scan_skipped_same_execution_bar,USDJPY,2025.01.22 20:30:00,0,
2025.01.22 21:04:59,scan_executed_new_execution_bar,USDJPY,2025.01.22 20:45:00,0,
2025.01.22 21:09:59,scan_skipped_same_execution_bar,USDJPY,2025.01.22 20:45:00,0,
2025.01.22 21:19:59,scan_executed_new_execution_bar,USDJPY,2025.01.22 21:00:00,0,
2025.01.22 21:24:56,scan_skipped_same_execution_bar,USDJPY,2025.01.22 21:00:00,0,
2025.01.22 21:34:59,scan_executed_new_execution_bar,USDJPY,2025.01.22 21:15:00,0,
2025.01.22 21:39:59,scan_skipped_same_execution_bar,USDJPY,2025.01.22 21:15:00,0,
2025.01.22 21:49:59,scan_executed_new_execution_bar,USDJPY,2025.01.22 21:30:00,0,
2025.01.22 21:54:58,scan_skipped_same_execution_bar,USDJPY,2025.01.22 21:30:00,0,
2025.01.22 22:04:59,scan_executed_new_execution_bar,USDJPY,2025.01.22 21:45:00,0,
2025.01.22 22:09:59,scan_skipped_same_execution_bar,USDJPY,2025.01.22 21:45:00,0,
2025.01.22 22:19:59,scan_executed_new_execution_bar,USDJPY,2025.01.22 22:00:00,0,
2025.01.22 22:24:59,scan_skipped_same_execution_bar,USDJPY,2025.01.22 22:00:00,0,
2025.01.22 22:34:59,scan_executed_new_execution_bar,USDJPY,2025.01.22 22:15:00,0,
2025.01.22 22:39:59,scan_skipped_same_execution_bar,USDJPY,2025.01.22 22:15:00,0,
2025.01.22 22:49:59,scan_executed_new_execution_bar,USDJPY,2025.01.22 22:30:00,0,
2025.01.22 22:54:59,scan_skipped_same_execution_bar,USDJPY,2025.01.22 22:30:00,0,
2025.01.22 23:04:59,scan_executed_new_execution_bar,USDJPY,2025.01.22 22:45:00,0,
2025.01.22 23:09:56,scan_skipped_same_execution_bar,USDJPY,2025.01.22 22:45:00,0,
2025.01.22 23:19:59,scan_executed_new_execution_bar,USDJPY,2025.01.22 23:00:00,0,
2025.01.22 23:24:59,scan_skipped_same_execution_bar,USDJPY,2025.01.22 23:00:00,0,
2025.01.22 23:34:59,scan_executed_new_execution_bar,USDJPY,2025.01.22 23:15:00,0,
2025.01.22 23:39:59,scan_skipped_same_execution_bar,USDJPY,2025.01.22 23:15:00,0,
2025.01.22 23:49:59,scan_executed_new_execution_bar,USDJPY,2025.01.22 23:30:00,0,
2025.01.22 23:54:59,scan_skipped_same_execution_bar,USDJPY,2025.01.22 23:30:00,0,
2025.01.23 00:04:47,scan_executed_new_execution_bar,USDJPY,2025.01.22 23:45:00,0,
2025.01.23 00:09:56,scan_skipped_same_execution_bar,USDJPY,2025.01.22 23:45:00,0,
2025.01.23 00:19:50,scan_executed_new_execution_bar,USDJPY,2025.01.23 00:00:00,0,
2025.01.23 00:24:54,scan_skipped_same_execution_bar,USDJPY,2025.01.23 00:00:00,0,
2025.01.23 00:34:59,scan_executed_new_execution_bar,USDJPY,2025.01.23 00:15:00,0,
2025.01.23 00:39:59,scan_skipped_same_execution_bar,USDJPY,2025.01.23 00:15:00,0,
2025.01.23 00:49:59,scan_executed_new_execution_bar,USDJPY,2025.01.23 00:30:00,0,
2025.01.23 00:54:59,scan_skipped_same_execution_bar,USDJPY,2025.01.23 00:30:00,0,
2025.01.23 01:04:59,scan_executed_new_execution_bar,USDJPY,2025.01.23 00:45:00,0,
2025.01.23 01:09:59,scan_skipped_same_execution_bar,USDJPY,2025.01.23 00:45:00,0,
2025.01.23 01:19:57,scan_executed_new_execution_bar,USDJPY,2025.01.23 01:00:00,0,
2025.01.23 01:24:58,scan_skipped_same_execution_bar,USDJPY,2025.01.23 01:00:00,0,
2025.01.23 01:34:59,scan_executed_new_execution_bar,USDJPY,2025.01.23 01:15:00,0,
2025.01.23 01:39:59,scan_skipped_same_execution_bar,USDJPY,2025.01.23 01:15:00,0,
2025.01.23 01:49:59,scan_executed_new_execution_bar,USDJPY,2025.01.23 01:30:00,0,
2025.01.23 01:54:59,scan_skipped_same_execution_bar,USDJPY,2025.01.23 01:30:00,0,
2025.01.23 02:04:59,scan_executed_new_execution_bar,USDJPY,2025.01.23 01:45:00,0,
2025.01.23 02:09:58,scan_skipped_same_execution_bar,USDJPY,2025.01.23 01:45:00,0,
2025.01.23 02:19:59,scan_executed_new_execution_bar,USDJPY,2025.01.23 02:00:00,0,
2025.01.23 02:24:59,scan_skipped_same_execution_bar,USDJPY,2025.01.23 02:00:00,0,
2025.01.23 02:34:59,scan_executed_new_execution_bar,USDJPY,2025.01.23 02:15:00,0,
2025.01.23 02:39:59,scan_skipped_same_execution_bar,USDJPY,2025.01.23 02:15:00,0,
2025.01.23 02:49:59,scan_executed_new_execution_bar,USDJPY,2025.01.23 02:30:00,0,
2025.01.23 02:54:59,scan_skipped_same_execution_bar,USDJPY,2025.01.23 02:30:00,0,
2025.01.23 03:04:59,scan_executed_new_execution_bar,USDJPY,2025.01.23 02:45:00,0,
2025.01.23 03:09:59,scan_skipped_same_execution_bar,USDJPY,2025.01.23 02:45:00,0,
2025.01.23 03:19:59,scan_executed_new_execution_bar,USDJPY,2025.01.23 03:00:00,0,
2025.01.23 03:24:59,scan_skipped_same_execution_bar,USDJPY,2025.01.23 03:00:00,0,
2025.01.23 03:34:59,scan_executed_new_execution_bar,USDJPY,2025.01.23 03:15:00,0,
2025.01.23 03:39:59,scan_skipped_same_execution_bar,USDJPY,2025.01.23 03:15:00,0,
2025.01.23 03:49:59,scan_executed_new_execution_bar,USDJPY,2025.01.23 03:30:00,0,
2025.01.23 03:54:59,scan_skipped_same_execution_bar,USDJPY,2025.01.23 03:30:00,0,
2025.01.23 04:04:59,scan_executed_new_execution_bar,USDJPY,2025.01.23 03:45:00,0,
2025.01.23 04:09:59,scan_skipped_same_execution_bar,USDJPY,2025.01.23 03:45:00,0,
2025.01.23 04:19:58,scan_executed_new_execution_bar,USDJPY,2025.01.23 04:00:00,0,
2025.01.23 04:24:59,scan_skipped_same_execution_bar,USDJPY,2025.01.23 04:00:00,0,
2025.01.23 04:34:59,scan_executed_new_execution_bar,USDJPY,2025.01.23 04:15:00,15,
2025.01.23 04:39:59,scan_skipped_same_execution_bar,USDJPY,2025.01.23 04:15:00,0,
2025.01.23 04:49:59,scan_executed_new_execution_bar,USDJPY,2025.01.23 04:30:00,0,
2025.01.23 04:55:00,scan_skipped_same_execution_bar,USDJPY,2025.01.23 04:30:00,0,
2025.01.23 05:04:59,scan_executed_new_execution_bar,USDJPY,2025.01.23 04:45:00,0,
2025.01.23 05:09:59,scan_skipped_same_execution_bar,USDJPY,2025.01.23 04:45:00,0,
2025.01.23 05:19:59,scan_executed_new_execution_bar,USDJPY,2025.01.23 05:00:00,0,
2025.01.23 05:24:59,scan_skipped_same_execution_bar,USDJPY,2025.01.23 05:00:00,0,
2025.01.23 05:34:59,scan_executed_new_execution_bar,USDJPY,2025.01.23 05:15:00,0,
2025.01.23 05:39:59,scan_skipped_same_execution_bar,USDJPY,2025.01.23 05:15:00,0,
2025.01.23 05:49:59,scan_executed_new_execution_bar,USDJPY,2025.01.23 05:30:00,0,
2025.01.23 05:54:59,scan_skipped_same_execution_bar,USDJPY,2025.01.23 05:30:00,0,
2025.01.23 06:04:59,scan_executed_new_execution_bar,USDJPY,2025.01.23 05:45:00,0,
2025.01.23 06:09:59,scan_skipped_same_execution_bar,USDJPY,2025.01.23 05:45:00,0,
2025.01.23 06:19:59,scan_executed_new_execution_bar,USDJPY,2025.01.23 06:00:00,0,
2025.01.23 06:24:59,scan_skipped_same_execution_bar,USDJPY,2025.01.23 06:00:00,0,
2025.01.23 06:34:59,scan_executed_new_execution_bar,USDJPY,2025.01.23 06:15:00,0,
2025.01.23 06:39:59,scan_skipped_same_execution_bar,USDJPY,2025.01.23 06:15:00,0,
2025.01.23 06:49:56,scan_executed_new_execution_bar,USDJPY,2025.01.23 06:30:00,0,
2025.01.23 06:54:59,scan_skipped_same_execution_bar,USDJPY,2025.01.23 06:30:00,0,
2025.01.23 07:04:59,scan_executed_new_execution_bar,USDJPY,2025.01.23 06:45:00,0,
2025.01.23 07:09:59,scan_skipped_same_execution_bar,USDJPY,2025.01.23 06:45:00,0,
2025.01.23 07:19:59,scan_executed_new_execution_bar,USDJPY,2025.01.23 07:00:00,0,
2025.01.23 07:24:59,scan_skipped_same_execution_bar,USDJPY,2025.01.23 07:00:00,0,
2025.01.23 07:34:59,scan_executed_new_execution_bar,USDJPY,2025.01.23 07:15:00,0,
2025.01.23 07:39:59,scan_skipped_same_execution_bar,USDJPY,2025.01.23 07:15:00,0,
2025.01.23 07:49:59,scan_executed_new_execution_bar,USDJPY,2025.01.23 07:30:00,0,
2025.01.23 07:54:59,scan_skipped_same_execution_bar,USDJPY,2025.01.23 07:30:00,0,
2025.01.23 08:04:58,scan_executed_new_execution_bar,USDJPY,2025.01.23 07:45:00,0,
2025.01.23 08:09:59,scan_skipped_same_execution_bar,USDJPY,2025.01.23 07:45:00,0,
2025.01.23 08:19:59,scan_executed_new_execution_bar,USDJPY,2025.01.23 08:00:00,16,
2025.01.23 08:24:59,scan_skipped_same_execution_bar,USDJPY,2025.01.23 08:00:00,0,
2025.01.23 08:34:58,scan_executed_new_execution_bar,USDJPY,2025.01.23 08:15:00,0,
2025.01.23 08:39:58,scan_skipped_same_execution_bar,USDJPY,2025.01.23 08:15:00,0,
2025.01.23 08:49:58,scan_executed_new_execution_bar,USDJPY,2025.01.23 08:30:00,0,
2025.01.23 08:54:59,scan_skipped_same_execution_bar,USDJPY,2025.01.23 08:30:00,0,
2025.01.23 09:04:59,scan_executed_new_execution_bar,USDJPY,2025.01.23 08:45:00,0,
2025.01.23 09:09:59,scan_skipped_same_execution_bar,USDJPY,2025.01.23 08:45:00,0,
2025.01.23 09:19:59,scan_executed_new_execution_bar,USDJPY,2025.01.23 09:00:00,0,
2025.01.23 09:24:59,scan_skipped_same_execution_bar,USDJPY,2025.01.23 09:00:00,0,
2025.01.23 09:34:59,scan_executed_new_execution_bar,USDJPY,2025.01.23 09:15:00,15,
2025.01.23 09:39:59,scan_skipped_same_execution_bar,USDJPY,2025.01.23 09:15:00,0,
2025.01.23 09:49:59,scan_executed_new_execution_bar,USDJPY,2025.01.23 09:30:00,0,
2025.01.23 09:54:59,scan_skipped_same_execution_bar,USDJPY,2025.01.23 09:30:00,0,
2025.01.23 10:04:59,scan_executed_new_execution_bar,USDJPY,2025.01.23 09:45:00,31,
2025.01.23 10:09:59,scan_skipped_same_execution_bar,USDJPY,2025.01.23 09:45:00,0,
2025.01.23 10:19:59,scan_executed_new_execution_bar,USDJPY,2025.01.23 10:00:00,0,
2025.01.23 10:24:59,scan_skipped_same_execution_bar,USDJPY,2025.01.23 10:00:00,0,
2025.01.23 10:34:59,scan_executed_new_execution_bar,USDJPY,2025.01.23 10:15:00,0,
2025.01.23 10:39:59,scan_skipped_same_execution_bar,USDJPY,2025.01.23 10:15:00,0,
2025.01.23 10:49:59,scan_executed_new_execution_bar,USDJPY,2025.01.23 10:30:00,0,
2025.01.23 10:54:59,scan_skipped_same_execution_bar,USDJPY,2025.01.23 10:30:00,0,
2025.01.23 11:04:59,scan_executed_new_execution_bar,USDJPY,2025.01.23 10:45:00,0,
2025.01.23 11:09:59,scan_skipped_same_execution_bar,USDJPY,2025.01.23 10:45:00,0,
2025.01.23 11:19:59,scan_executed_new_execution_bar,USDJPY,2025.01.23 11:00:00,31,
2025.01.23 11:24:59,scan_skipped_same_execution_bar,USDJPY,2025.01.23 11:00:00,0,
2025.01.23 11:34:59,scan_executed_new_execution_bar,USDJPY,2025.01.23 11:15:00,31,
2025.01.23 11:39:59,scan_skipped_same_execution_bar,USDJPY,2025.01.23 11:15:00,0,
2025.01.23 11:50:00,scan_executed_new_execution_bar,USDJPY,2025.01.23 11:30:00,0,
2025.01.23 11:54:59,scan_skipped_same_execution_bar,USDJPY,2025.01.23 11:30:00,0,
2025.01.23 12:04:58,scan_executed_new_execution_bar,USDJPY,2025.01.23 11:45:00,0,
2025.01.23 12:09:59,scan_skipped_same_execution_bar,USDJPY,2025.01.23 11:45:00,0,
2025.01.23 12:19:59,scan_executed_new_execution_bar,USDJPY,2025.01.23 12:00:00,0,
2025.01.23 12:24:59,scan_skipped_same_execution_bar,USDJPY,2025.01.23 12:00:00,0,
2025.01.23 12:34:59,scan_executed_new_execution_bar,USDJPY,2025.01.23 12:15:00,31,
2025.01.23 12:39:59,scan_skipped_same_execution_bar,USDJPY,2025.01.23 12:15:00,0,
2025.01.23 12:49:59,scan_executed_new_execution_bar,USDJPY,2025.01.23 12:30:00,31,
2025.01.23 12:54:59,scan_skipped_same_execution_bar,USDJPY,2025.01.23 12:30:00,0,
2025.01.23 13:04:59,scan_executed_new_execution_bar,USDJPY,2025.01.23 12:45:00,16,
2025.01.23 13:09:59,scan_skipped_same_execution_bar,USDJPY,2025.01.23 12:45:00,0,
2025.01.23 13:19:57,scan_executed_new_execution_bar,USDJPY,2025.01.23 13:00:00,0,
2025.01.23 13:24:59,scan_skipped_same_execution_bar,USDJPY,2025.01.23 13:00:00,0,
2025.01.23 13:34:59,scan_executed_new_execution_bar,USDJPY,2025.01.23 13:15:00,0,
2025.01.23 13:39:59,scan_skipped_same_execution_bar,USDJPY,2025.01.23 13:15:00,0,
2025.01.23 13:49:59,scan_executed_new_execution_bar,USDJPY,2025.01.23 13:30:00,0,
2025.01.23 13:54:59,scan_skipped_same_execution_bar,USDJPY,2025.01.23 13:30:00,0,
2025.01.23 14:04:59,scan_executed_new_execution_bar,USDJPY,2025.01.23 13:45:00,0,
2025.01.23 14:09:58,scan_skipped_same_execution_bar,USDJPY,2025.01.23 13:45:00,0,
2025.01.23 14:19:59,scan_executed_new_execution_bar,USDJPY,2025.01.23 14:00:00,0,
2025.01.23 14:24:59,scan_skipped_same_execution_bar,USDJPY,2025.01.23 14:00:00,0,
2025.01.23 14:34:59,scan_executed_new_execution_bar,USDJPY,2025.01.23 14:15:00,0,
2025.01.23 14:39:59,scan_skipped_same_execution_bar,USDJPY,2025.01.23 14:15:00,0,
2025.01.23 14:49:59,scan_executed_new_execution_bar,USDJPY,2025.01.23 14:30:00,0,
2025.01.23 14:54:59,scan_skipped_same_execution_bar,USDJPY,2025.01.23 14:30:00,0,
2025.01.23 15:04:59,scan_executed_new_execution_bar,USDJPY,2025.01.23 14:45:00,0,
2025.01.23 15:10:00,scan_skipped_same_execution_bar,USDJPY,2025.01.23 14:45:00,0,
2025.01.23 15:19:59,scan_executed_new_execution_bar,USDJPY,2025.01.23 15:00:00,0,
2025.01.23 15:24:59,scan_skipped_same_execution_bar,USDJPY,2025.01.23 15:00:00,0,
2025.01.23 15:34:59,scan_executed_new_execution_bar,USDJPY,2025.01.23 15:15:00,0,
2025.01.23 15:39:59,scan_skipped_same_execution_bar,USDJPY,2025.01.23 15:15:00,0,
2025.01.23 15:49:59,scan_executed_new_execution_bar,USDJPY,2025.01.23 15:30:00,0,
2025.01.23 15:54:59,scan_skipped_same_execution_bar,USDJPY,2025.01.23 15:30:00,0,
2025.01.23 16:04:59,scan_executed_new_execution_bar,USDJPY,2025.01.23 15:45:00,0,
2025.01.23 16:09:59,scan_skipped_same_execution_bar,USDJPY,2025.01.23 15:45:00,0,
2025.01.23 16:19:59,scan_executed_new_execution_bar,USDJPY,2025.01.23 16:00:00,15,
2025.01.23 16:24:59,scan_skipped_same_execution_bar,USDJPY,2025.01.23 16:00:00,0,
2025.01.23 16:34:59,scan_executed_new_execution_bar,USDJPY,2025.01.23 16:15:00,31,
2025.01.23 16:39:59,scan_skipped_same_execution_bar,USDJPY,2025.01.23 16:15:00,0,
2025.01.23 16:49:59,scan_executed_new_execution_bar,USDJPY,2025.01.23 16:30:00,0,
2025.01.23 16:54:59,scan_skipped_same_execution_bar,USDJPY,2025.01.23 16:30:00,0,
2025.01.23 17:04:59,scan_executed_new_execution_bar,USDJPY,2025.01.23 16:45:00,0,
2025.01.23 17:09:59,scan_skipped_same_execution_bar,USDJPY,2025.01.23 16:45:00,0,
2025.01.23 17:19:59,scan_executed_new_execution_bar,USDJPY,2025.01.23 17:00:00,16,
2025.01.23 17:24:59,scan_skipped_same_execution_bar,USDJPY,2025.01.23 17:00:00,0,
2025.01.23 17:34:59,scan_executed_new_execution_bar,USDJPY,2025.01.23 17:15:00,31,
2025.01.23 17:39:59,scan_skipped_same_execution_bar,USDJPY,2025.01.23 17:15:00,0,
2025.01.23 17:49:59,scan_executed_new_execution_bar,USDJPY,2025.01.23 17:30:00,0,
2025.01.23 17:54:59,scan_skipped_same_execution_bar,USDJPY,2025.01.23 17:30:00,0,
2025.01.23 18:04:59,scan_executed_new_execution_bar,USDJPY,2025.01.23 17:45:00,0,
2025.01.23 18:09:59,scan_skipped_same_execution_bar,USDJPY,2025.01.23 17:45:00,0,
2025.01.23 18:19:59,scan_executed_new_execution_bar,USDJPY,2025.01.23 18:00:00,0,
2025.01.23 18:24:59,scan_skipped_same_execution_bar,USDJPY,2025.01.23 18:00:00,0,
2025.01.23 18:34:59,scan_executed_new_execution_bar,USDJPY,2025.01.23 18:15:00,0,
2025.01.23 18:39:59,scan_skipped_same_execution_bar,USDJPY,2025.01.23 18:15:00,0,
2025.01.23 18:49:59,scan_executed_new_execution_bar,USDJPY,2025.01.23 18:30:00,0,
2025.01.23 18:54:59,scan_skipped_same_execution_bar,USDJPY,2025.01.23 18:30:00,0,
2025.01.23 19:05:00,scan_executed_new_execution_bar,USDJPY,2025.01.23 18:45:00,31,
2025.01.23 19:09:59,scan_skipped_same_execution_bar,USDJPY,2025.01.23 18:45:00,0,
2025.01.23 19:19:59,scan_executed_new_execution_bar,USDJPY,2025.01.23 19:00:00,0,
2025.01.23 19:24:59,scan_skipped_same_execution_bar,USDJPY,2025.01.23 19:00:00,0,
2025.01.23 19:34:59,scan_executed_new_execution_bar,USDJPY,2025.01.23 19:15:00,47,
2025.01.23 19:39:59,scan_skipped_same_execution_bar,USDJPY,2025.01.23 19:15:00,0,
2025.01.23 19:49:59,scan_executed_new_execution_bar,USDJPY,2025.01.23 19:30:00,15,
2025.01.23 19:54:59,scan_skipped_same_execution_bar,USDJPY,2025.01.23 19:30:00,0,
2025.01.23 20:04:59,scan_executed_new_execution_bar,USDJPY,2025.01.23 19:45:00,0,
2025.01.23 20:09:59,scan_skipped_same_execution_bar,USDJPY,2025.01.23 19:45:00,0,
2025.01.23 20:19:59,scan_executed_new_execution_bar,USDJPY,2025.01.23 20:00:00,0,
2025.01.23 20:25:00,scan_skipped_same_execution_bar,USDJPY,2025.01.23 20:00:00,0,
2025.01.23 20:34:59,scan_executed_new_execution_bar,USDJPY,2025.01.23 20:15:00,47,
2025.01.23 20:39:59,scan_skipped_same_execution_bar,USDJPY,2025.01.23 20:15:00,0,
2025.01.23 20:49:57,scan_executed_new_execution_bar,USDJPY,2025.01.23 20:30:00,15,
2025.01.23 20:54:59,scan_skipped_same_execution_bar,USDJPY,2025.01.23 20:30:00,0,
2025.01.23 21:05:00,scan_executed_new_execution_bar,USDJPY,2025.01.23 20:45:00,15,
2025.01.23 21:09:59,scan_skipped_same_execution_bar,USDJPY,2025.01.23 20:45:00,0,
2025.01.23 21:19:57,scan_executed_new_execution_bar,USDJPY,2025.01.23 21:00:00,16,
2025.01.23 21:24:59,scan_skipped_same_execution_bar,USDJPY,2025.01.23 21:00:00,0,
2025.01.23 21:34:59,scan_executed_new_execution_bar,USDJPY,2025.01.23 21:15:00,0,
2025.01.23 21:39:58,scan_skipped_same_execution_bar,USDJPY,2025.01.23 21:15:00,0,
2025.01.23 21:49:59,scan_executed_new_execution_bar,USDJPY,2025.01.23 21:30:00,32,
2025.01.23 21:54:59,scan_skipped_same_execution_bar,USDJPY,2025.01.23 21:30:00,0,
2025.01.23 22:04:59,scan_executed_new_execution_bar,USDJPY,2025.01.23 21:45:00,0,
2025.01.23 22:09:59,scan_skipped_same_execution_bar,USDJPY,2025.01.23 21:45:00,0,
2025.01.23 22:19:59,scan_executed_new_execution_bar,USDJPY,2025.01.23 22:00:00,0,
2025.01.23 22:24:59,scan_skipped_same_execution_bar,USDJPY,2025.01.23 22:00:00,0,
2025.01.23 22:34:59,scan_executed_new_execution_bar,USDJPY,2025.01.23 22:15:00,0,
2025.01.23 22:39:59,scan_skipped_same_execution_bar,USDJPY,2025.01.23 22:15:00,0,
2025.01.23 22:49:59,scan_executed_new_execution_bar,USDJPY,2025.01.23 22:30:00,0,
2025.01.23 22:54:59,scan_skipped_same_execution_bar,USDJPY,2025.01.23 22:30:00,0,
2025.01.23 23:04:59,scan_executed_new_execution_bar,USDJPY,2025.01.23 22:45:00,0,
2025.01.23 23:09:59,scan_skipped_same_execution_bar,USDJPY,2025.01.23 22:45:00,0,
2025.01.23 23:19:58,scan_executed_new_execution_bar,USDJPY,2025.01.23 23:00:00,0,
2025.01.23 23:24:58,scan_skipped_same_execution_bar,USDJPY,2025.01.23 23:00:00,0,
2025.01.23 23:34:57,scan_executed_new_execution_bar,USDJPY,2025.01.23 23:15:00,0,
2025.01.23 23:39:59,scan_skipped_same_execution_bar,USDJPY,2025.01.23 23:15:00,0,
2025.01.23 23:49:57,scan_executed_new_execution_bar,USDJPY,2025.01.23 23:30:00,0,
2025.01.23 23:54:59,scan_skipped_same_execution_bar,USDJPY,2025.01.23 23:30:00,0,
2025.01.24 00:04:49,scan_executed_new_execution_bar,USDJPY,2025.01.23 23:45:00,0,
2025.01.24 00:09:50,scan_skipped_same_execution_bar,USDJPY,2025.01.23 23:45:00,0,
2025.01.24 00:19:59,scan_executed_new_execution_bar,USDJPY,2025.01.24 00:00:00,0,
2025.01.24 00:24:59,scan_skipped_same_execution_bar,USDJPY,2025.01.24 00:00:00,0,
2025.01.24 00:34:59,scan_executed_new_execution_bar,USDJPY,2025.01.24 00:15:00,0,
2025.01.24 00:39:59,scan_skipped_same_execution_bar,USDJPY,2025.01.24 00:15:00,0,
2025.01.24 00:49:58,scan_executed_new_execution_bar,USDJPY,2025.01.24 00:30:00,0,
2025.01.24 00:54:59,scan_skipped_same_execution_bar,USDJPY,2025.01.24 00:30:00,0,
2025.01.24 01:04:59,scan_executed_new_execution_bar,USDJPY,2025.01.24 00:45:00,0,
2025.01.24 01:09:59,scan_skipped_same_execution_bar,USDJPY,2025.01.24 00:45:00,0,
2025.01.24 01:19:59,scan_executed_new_execution_bar,USDJPY,2025.01.24 01:00:00,0,
2025.01.24 01:24:58,scan_skipped_same_execution_bar,USDJPY,2025.01.24 01:00:00,0,
2025.01.24 01:34:59,scan_executed_new_execution_bar,USDJPY,2025.01.24 01:15:00,0,
2025.01.24 01:39:59,scan_skipped_same_execution_bar,USDJPY,2025.01.24 01:15:00,0,
2025.01.24 01:49:54,scan_executed_new_execution_bar,USDJPY,2025.01.24 01:30:00,0,
2025.01.24 01:54:59,scan_skipped_same_execution_bar,USDJPY,2025.01.24 01:30:00,0,
2025.01.24 02:04:57,scan_executed_new_execution_bar,USDJPY,2025.01.24 01:45:00,0,
2025.01.24 02:09:59,scan_skipped_same_execution_bar,USDJPY,2025.01.24 01:45:00,0,
2025.01.24 02:19:59,scan_executed_new_execution_bar,USDJPY,2025.01.24 02:00:00,0,
2025.01.24 02:24:59,scan_skipped_same_execution_bar,USDJPY,2025.01.24 02:00:00,0,
2025.01.24 02:34:59,scan_executed_new_execution_bar,USDJPY,2025.01.24 02:15:00,0,
2025.01.24 02:39:59,scan_skipped_same_execution_bar,USDJPY,2025.01.24 02:15:00,0,
2025.01.24 02:49:59,scan_executed_new_execution_bar,USDJPY,2025.01.24 02:30:00,0,
2025.01.24 02:54:59,scan_skipped_same_execution_bar,USDJPY,2025.01.24 02:30:00,0,
2025.01.24 03:04:59,scan_executed_new_execution_bar,USDJPY,2025.01.24 02:45:00,0,
2025.01.24 03:09:59,scan_skipped_same_execution_bar,USDJPY,2025.01.24 02:45:00,0,
2025.01.24 03:19:59,scan_executed_new_execution_bar,USDJPY,2025.01.24 03:00:00,15,
2025.01.24 03:24:58,scan_skipped_same_execution_bar,USDJPY,2025.01.24 03:00:00,0,
2025.01.24 03:34:59,scan_executed_new_execution_bar,USDJPY,2025.01.24 03:15:00,0,
2025.01.24 03:39:59,scan_skipped_same_execution_bar,USDJPY,2025.01.24 03:15:00,0,
2025.01.24 03:49:59,scan_executed_new_execution_bar,USDJPY,2025.01.24 03:30:00,0,
2025.01.24 03:54:59,scan_skipped_same_execution_bar,USDJPY,2025.01.24 03:30:00,0,
2025.01.24 04:04:59,scan_executed_new_execution_bar,USDJPY,2025.01.24 03:45:00,0,
2025.01.24 04:09:59,scan_skipped_same_execution_bar,USDJPY,2025.01.24 03:45:00,0,
2025.01.24 04:19:59,scan_executed_new_execution_bar,USDJPY,2025.01.24 04:00:00,0,
2025.01.24 04:24:59,scan_skipped_same_execution_bar,USDJPY,2025.01.24 04:00:00,0,
2025.01.24 04:34:59,scan_executed_new_execution_bar,USDJPY,2025.01.24 04:15:00,0,
2025.01.24 04:39:59,scan_skipped_same_execution_bar,USDJPY,2025.01.24 04:15:00,0,
2025.01.24 04:49:59,scan_executed_new_execution_bar,USDJPY,2025.01.24 04:30:00,0,
2025.01.24 04:54:59,scan_skipped_same_execution_bar,USDJPY,2025.01.24 04:30:00,0,
2025.01.24 05:04:59,scan_executed_new_execution_bar,USDJPY,2025.01.24 04:45:00,0,
2025.01.24 05:09:59,scan_skipped_same_execution_bar,USDJPY,2025.01.24 04:45:00,0,
2025.01.24 05:19:59,scan_executed_new_execution_bar,USDJPY,2025.01.24 05:00:00,0,
2025.01.24 05:24:59,scan_skipped_same_execution_bar,USDJPY,2025.01.24 05:00:00,0,
2025.01.24 05:34:59,scan_executed_new_execution_bar,USDJPY,2025.01.24 05:15:00,16,
2025.01.24 05:39:59,scan_skipped_same_execution_bar,USDJPY,2025.01.24 05:15:00,0,
2025.01.24 05:49:59,scan_executed_new_execution_bar,USDJPY,2025.01.24 05:30:00,15,
2025.01.24 05:54:59,scan_skipped_same_execution_bar,USDJPY,2025.01.24 05:30:00,0,
2025.01.24 06:04:59,scan_executed_new_execution_bar,USDJPY,2025.01.24 05:45:00,0,
2025.01.24 06:09:59,scan_skipped_same_execution_bar,USDJPY,2025.01.24 05:45:00,0,
2025.01.24 06:19:59,scan_executed_new_execution_bar,USDJPY,2025.01.24 06:00:00,0,
2025.01.24 06:24:59,scan_skipped_same_execution_bar,USDJPY,2025.01.24 06:00:00,0,
2025.01.24 06:34:59,scan_executed_new_execution_bar,USDJPY,2025.01.24 06:15:00,31,
2025.01.24 06:39:59,scan_skipped_same_execution_bar,USDJPY,2025.01.24 06:15:00,0,
2025.01.24 06:49:59,scan_executed_new_execution_bar,USDJPY,2025.01.24 06:30:00,47,
2025.01.24 06:54:59,scan_skipped_same_execution_bar,USDJPY,2025.01.24 06:30:00,0,
2025.01.24 07:04:59,scan_executed_new_execution_bar,USDJPY,2025.01.24 06:45:00,0,
2025.01.24 07:09:59,scan_skipped_same_execution_bar,USDJPY,2025.01.24 06:45:00,0,
2025.01.24 07:19:59,scan_executed_new_execution_bar,USDJPY,2025.01.24 07:00:00,31,
2025.01.24 07:24:59,scan_skipped_same_execution_bar,USDJPY,2025.01.24 07:00:00,0,
2025.01.24 07:34:59,scan_executed_new_execution_bar,USDJPY,2025.01.24 07:15:00,109,
2025.01.24 07:39:59,scan_skipped_same_execution_bar,USDJPY,2025.01.24 07:15:00,0,
2025.01.24 07:49:59,scan_executed_new_execution_bar,USDJPY,2025.01.24 07:30:00,47,
2025.01.24 07:54:59,scan_skipped_same_execution_bar,USDJPY,2025.01.24 07:30:00,0,
2025.01.24 08:04:59,scan_executed_new_execution_bar,USDJPY,2025.01.24 07:45:00,16,
2025.01.24 08:09:59,scan_skipped_same_execution_bar,USDJPY,2025.01.24 07:45:00,0,
2025.01.24 08:19:59,scan_executed_new_execution_bar,USDJPY,2025.01.24 08:00:00,0,
2025.01.24 08:24:59,scan_skipped_same_execution_bar,USDJPY,2025.01.24 08:00:00,0,
2025.01.24 08:34:59,scan_executed_new_execution_bar,USDJPY,2025.01.24 08:15:00,0,
2025.01.24 08:39:59,scan_skipped_same_execution_bar,USDJPY,2025.01.24 08:15:00,0,
2025.01.24 08:49:59,scan_executed_new_execution_bar,USDJPY,2025.01.24 08:30:00,47,
2025.01.24 08:54:59,scan_skipped_same_execution_bar,USDJPY,2025.01.24 08:30:00,0,
2025.01.24 09:04:59,scan_executed_new_execution_bar,USDJPY,2025.01.24 08:45:00,0,
2025.01.24 09:09:59,scan_skipped_same_execution_bar,USDJPY,2025.01.24 08:45:00,0,
2025.01.24 09:19:59,scan_executed_new_execution_bar,USDJPY,2025.01.24 09:00:00,16,
2025.01.24 09:24:59,scan_skipped_same_execution_bar,USDJPY,2025.01.24 09:00:00,0,
2025.01.24 09:34:59,scan_executed_new_execution_bar,USDJPY,2025.01.24 09:15:00,0,
2025.01.24 09:39:59,scan_skipped_same_execution_bar,USDJPY,2025.01.24 09:15:00,0,
2025.01.24 09:49:59,scan_executed_new_execution_bar,USDJPY,2025.01.24 09:30:00,31,
2025.01.24 09:54:59,scan_skipped_same_execution_bar,USDJPY,2025.01.24 09:30:00,0,
2025.01.24 10:04:59,scan_executed_new_execution_bar,USDJPY,2025.01.24 09:45:00,0,
2025.01.24 10:09:59,scan_skipped_same_execution_bar,USDJPY,2025.01.24 09:45:00,0,
2025.01.24 10:19:59,scan_executed_new_execution_bar,USDJPY,2025.01.24 10:00:00,0,
2025.01.24 10:24:59,scan_skipped_same_execution_bar,USDJPY,2025.01.24 10:00:00,0,
2025.01.24 10:34:59,scan_executed_new_execution_bar,USDJPY,2025.01.24 10:15:00,15,
2025.01.24 10:40:00,scan_skipped_same_execution_bar,USDJPY,2025.01.24 10:15:00,0,
2025.01.24 10:49:59,scan_executed_new_execution_bar,USDJPY,2025.01.24 10:30:00,47,
2025.01.24 10:54:59,scan_skipped_same_execution_bar,USDJPY,2025.01.24 10:30:00,0,
2025.01.24 11:04:59,scan_executed_new_execution_bar,USDJPY,2025.01.24 10:45:00,31,
2025.01.24 11:09:59,scan_skipped_same_execution_bar,USDJPY,2025.01.24 10:45:00,0,
2025.01.24 11:19:59,scan_executed_new_execution_bar,USDJPY,2025.01.24 11:00:00,0,
2025.01.24 11:24:59,scan_skipped_same_execution_bar,USDJPY,2025.01.24 11:00:00,0,
2025.01.24 11:34:59,scan_executed_new_execution_bar,USDJPY,2025.01.24 11:15:00,15,
2025.01.24 11:39:59,scan_skipped_same_execution_bar,USDJPY,2025.01.24 11:15:00,0,
2025.01.24 11:49:59,scan_executed_new_execution_bar,USDJPY,2025.01.24 11:30:00,47,
2025.01.24 11:54:59,scan_skipped_same_execution_bar,USDJPY,2025.01.24 11:30:00,0,
2025.01.24 12:04:59,scan_executed_new_execution_bar,USDJPY,2025.01.24 11:45:00,0,
2025.01.24 12:09:59,scan_skipped_same_execution_bar,USDJPY,2025.01.24 11:45:00,0,
2025.01.24 12:19:59,scan_executed_new_execution_bar,USDJPY,2025.01.24 12:00:00,0,
2025.01.24 12:24:59,scan_skipped_same_execution_bar,USDJPY,2025.01.24 12:00:00,0,
2025.01.24 12:34:59,scan_executed_new_execution_bar,USDJPY,2025.01.24 12:15:00,16,
2025.01.24 12:39:59,scan_skipped_same_execution_bar,USDJPY,2025.01.24 12:15:00,0,
2025.01.24 12:49:59,scan_executed_new_execution_bar,USDJPY,2025.01.24 12:30:00,0,
2025.01.24 12:54:59,scan_skipped_same_execution_bar,USDJPY,2025.01.24 12:30:00,0,
2025.01.24 13:04:59,scan_executed_new_execution_bar,USDJPY,2025.01.24 12:45:00,0,
2025.01.24 13:09:59,scan_skipped_same_execution_bar,USDJPY,2025.01.24 12:45:00,0,
2025.01.24 13:19:59,scan_executed_new_execution_bar,USDJPY,2025.01.24 13:00:00,16,
2025.01.24 13:24:59,scan_skipped_same_execution_bar,USDJPY,2025.01.24 13:00:00,0,
2025.01.24 13:34:59,scan_executed_new_execution_bar,USDJPY,2025.01.24 13:15:00,78,
2025.01.24 13:39:59,scan_skipped_same_execution_bar,USDJPY,2025.01.24 13:15:00,0,
2025.01.24 13:49:57,scan_executed_new_execution_bar,USDJPY,2025.01.24 13:30:00,0,
2025.01.24 13:54:59,scan_skipped_same_execution_bar,USDJPY,2025.01.24 13:30:00,0,
2025.01.24 14:04:59,scan_executed_new_execution_bar,USDJPY,2025.01.24 13:45:00,0,
2025.01.24 14:09:59,scan_skipped_same_execution_bar,USDJPY,2025.01.24 13:45:00,0,
2025.01.24 14:19:59,scan_executed_new_execution_bar,USDJPY,2025.01.24 14:00:00,0,
2025.01.24 14:25:00,scan_skipped_same_execution_bar,USDJPY,2025.01.24 14:00:00,0,
2025.01.24 14:34:59,scan_executed_new_execution_bar,USDJPY,2025.01.24 14:15:00,16,
2025.01.24 14:39:59,scan_skipped_same_execution_bar,USDJPY,2025.01.24 14:15:00,0,
2025.01.24 14:49:59,scan_executed_new_execution_bar,USDJPY,2025.01.24 14:30:00,0,
2025.01.24 14:55:00,scan_skipped_same_execution_bar,USDJPY,2025.01.24 14:30:00,0,
2025.01.24 15:04:59,scan_executed_new_execution_bar,USDJPY,2025.01.24 14:45:00,0,
2025.01.24 15:09:59,scan_skipped_same_execution_bar,USDJPY,2025.01.24 14:45:00,0,
2025.01.24 15:19:59,scan_executed_new_execution_bar,USDJPY,2025.01.24 15:00:00,0,
2025.01.24 15:24:59,scan_skipped_same_execution_bar,USDJPY,2025.01.24 15:00:00,0,
2025.01.24 15:34:58,scan_executed_new_execution_bar,USDJPY,2025.01.24 15:15:00,16,
2025.01.24 15:39:59,scan_skipped_same_execution_bar,USDJPY,2025.01.24 15:15:00,0,
2025.01.24 15:49:59,scan_executed_new_execution_bar,USDJPY,2025.01.24 15:30:00,0,
2025.01.24 15:54:59,scan_skipped_same_execution_bar,USDJPY,2025.01.24 15:30:00,0,
2025.01.24 16:04:59,scan_executed_new_execution_bar,USDJPY,2025.01.24 15:45:00,0,
2025.01.24 16:09:59,scan_skipped_same_execution_bar,USDJPY,2025.01.24 15:45:00,0,
2025.01.24 16:20:00,scan_executed_new_execution_bar,USDJPY,2025.01.24 16:00:00,0,
2025.01.24 16:24:59,scan_skipped_same_execution_bar,USDJPY,2025.01.24 16:00:00,0,
2025.01.24 16:34:59,scan_executed_new_execution_bar,USDJPY,2025.01.24 16:15:00,0,
2025.01.24 16:39:59,scan_skipped_same_execution_bar,USDJPY,2025.01.24 16:15:00,0,
2025.01.24 16:49:59,scan_executed_new_execution_bar,USDJPY,2025.01.24 16:30:00,0,
2025.01.24 16:54:59,scan_skipped_same_execution_bar,USDJPY,2025.01.24 16:30:00,0,
2025.01.24 17:04:59,scan_executed_new_execution_bar,USDJPY,2025.01.24 16:45:00,15,
2025.01.24 17:09:59,scan_skipped_same_execution_bar,USDJPY,2025.01.24 16:45:00,0,
2025.01.24 17:19:59,scan_executed_new_execution_bar,USDJPY,2025.01.24 17:00:00,47,
2025.01.24 17:24:59,scan_skipped_same_execution_bar,USDJPY,2025.01.24 17:00:00,0,
2025.01.24 17:34:59,scan_executed_new_execution_bar,USDJPY,2025.01.24 17:15:00,0,
2025.01.24 17:39:59,scan_skipped_same_execution_bar,USDJPY,2025.01.24 17:15:00,0,
2025.01.24 17:49:59,scan_executed_new_execution_bar,USDJPY,2025.01.24 17:30:00,16,
2025.01.24 17:54:59,scan_skipped_same_execution_bar,USDJPY,2025.01.24 17:30:00,0,
2025.01.24 18:04:59,scan_executed_new_execution_bar,USDJPY,2025.01.24 17:45:00,0,
2025.01.24 18:09:59,scan_skipped_same_execution_bar,USDJPY,2025.01.24 17:45:00,0,
2025.01.24 18:19:59,scan_executed_new_execution_bar,USDJPY,2025.01.24 18:00:00,0,
2025.01.24 18:24:58,scan_skipped_same_execution_bar,USDJPY,2025.01.24 18:00:00,0,
2025.01.24 18:34:59,scan_executed_new_execution_bar,USDJPY,2025.01.24 18:15:00,0,
2025.01.24 18:39:59,scan_skipped_same_execution_bar,USDJPY,2025.01.24 18:15:00,0,
2025.01.24 18:49:59,scan_executed_new_execution_bar,USDJPY,2025.01.24 18:30:00,0,
2025.01.24 18:54:59,scan_skipped_same_execution_bar,USDJPY,2025.01.24 18:30:00,0,
2025.01.24 19:04:59,scan_executed_new_execution_bar,USDJPY,2025.01.24 18:45:00,16,
2025.01.24 19:09:59,scan_skipped_same_execution_bar,USDJPY,2025.01.24 18:45:00,0,
2025.01.24 19:19:59,scan_executed_new_execution_bar,USDJPY,2025.01.24 19:00:00,0,
2025.01.24 19:24:59,scan_skipped_same_execution_bar,USDJPY,2025.01.24 19:00:00,0,
2025.01.24 19:34:59,scan_executed_new_execution_bar,USDJPY,2025.01.24 19:15:00,0,
2025.01.24 19:39:59,scan_skipped_same_execution_bar,USDJPY,2025.01.24 19:15:00,0,
2025.01.24 19:49:59,scan_executed_new_execution_bar,USDJPY,2025.01.24 19:30:00,0,
2025.01.24 19:54:59,scan_skipped_same_execution_bar,USDJPY,2025.01.24 19:30:00,0,
2025.01.24 20:04:59,scan_executed_new_execution_bar,USDJPY,2025.01.24 19:45:00,47,
2025.01.24 20:09:59,scan_skipped_same_execution_bar,USDJPY,2025.01.24 19:45:00,0,
2025.01.24 20:19:59,scan_executed_new_execution_bar,USDJPY,2025.01.24 20:00:00,16,
2025.01.24 20:24:59,scan_skipped_same_execution_bar,USDJPY,2025.01.24 20:00:00,0,
2025.01.24 20:34:59,scan_executed_new_execution_bar,USDJPY,2025.01.24 20:15:00,31,
2025.01.24 20:39:59,scan_skipped_same_execution_bar,USDJPY,2025.01.24 20:15:00,0,
2025.01.24 20:49:59,scan_executed_new_execution_bar,USDJPY,2025.01.24 20:30:00,16,
2025.01.24 20:54:59,scan_skipped_same_execution_bar,USDJPY,2025.01.24 20:30:00,0,
2025.01.24 21:04:58,scan_executed_new_execution_bar,USDJPY,2025.01.24 20:45:00,0,
2025.01.24 21:09:59,scan_skipped_same_execution_bar,USDJPY,2025.01.24 20:45:00,0,
2025.01.24 21:19:59,scan_executed_new_execution_bar,USDJPY,2025.01.24 21:00:00,0,
2025.01.24 21:24:59,scan_skipped_same_execution_bar,USDJPY,2025.01.24 21:00:00,0,
2025.01.24 21:34:59,scan_executed_new_execution_bar,USDJPY,2025.01.24 21:15:00,0,
2025.01.24 21:39:59,scan_skipped_same_execution_bar,USDJPY,2025.01.24 21:15:00,0,
2025.01.24 21:49:59,scan_executed_new_execution_bar,USDJPY,2025.01.24 21:30:00,16,
2025.01.24 21:55:00,scan_skipped_same_execution_bar,USDJPY,2025.01.24 21:30:00,0,
2025.01.24 22:04:58,scan_executed_new_execution_bar,USDJPY,2025.01.24 21:45:00,0,
2025.01.24 22:09:59,scan_skipped_same_execution_bar,USDJPY,2025.01.24 21:45:00,0,
2025.01.24 22:19:59,scan_executed_new_execution_bar,USDJPY,2025.01.24 22:00:00,0,
2025.01.24 22:24:59,scan_skipped_same_execution_bar,USDJPY,2025.01.24 22:00:00,0,
2025.01.24 22:34:59,scan_executed_new_execution_bar,USDJPY,2025.01.24 22:15:00,0,
2025.01.24 22:39:59,scan_skipped_same_execution_bar,USDJPY,2025.01.24 22:15:00,0,
2025.01.24 22:49:58,scan_executed_new_execution_bar,USDJPY,2025.01.24 22:30:00,0,
2025.01.24 22:54:58,scan_skipped_same_execution_bar,USDJPY,2025.01.24 22:30:00,0,
2025.01.24 23:04:58,scan_executed_new_execution_bar,USDJPY,2025.01.24 22:45:00,0,
2025.01.24 23:09:52,scan_skipped_same_execution_bar,USDJPY,2025.01.24 22:45:00,0,
2025.01.24 23:19:57,scan_executed_new_execution_bar,USDJPY,2025.01.24 23:00:00,0,
2025.01.24 23:24:58,scan_skipped_same_execution_bar,USDJPY,2025.01.24 23:00:00,0,
2025.01.24 23:34:59,scan_executed_new_execution_bar,USDJPY,2025.01.24 23:15:00,0,
2025.01.24 23:39:59,scan_skipped_same_execution_bar,USDJPY,2025.01.24 23:15:00,0,
2025.01.24 23:49:58,scan_executed_new_execution_bar,USDJPY,2025.01.24 23:30:00,16,
2025.01.24 23:54:59,scan_skipped_same_execution_bar,USDJPY,2025.01.24 23:30:00,0,
2025.01.27 00:04:59,scan_executed_new_execution_bar,USDJPY,2025.01.24 23:45:00,0,
2025.01.27 00:09:55,scan_skipped_same_execution_bar,USDJPY,2025.01.24 23:45:00,0,
2025.01.27 00:19:58,scan_executed_new_execution_bar,USDJPY,2025.01.27 00:00:00,0,
2025.01.27 00:24:48,scan_skipped_same_execution_bar,USDJPY,2025.01.27 00:00:00,0,
2025.01.27 00:34:57,scan_executed_new_execution_bar,USDJPY,2025.01.27 00:15:00,0,
2025.01.27 00:39:59,scan_skipped_same_execution_bar,USDJPY,2025.01.27 00:15:00,0,
2025.01.27 00:49:59,scan_executed_new_execution_bar,USDJPY,2025.01.27 00:30:00,0,
2025.01.27 00:54:59,scan_skipped_same_execution_bar,USDJPY,2025.01.27 00:30:00,0,
2025.01.27 01:04:59,scan_executed_new_execution_bar,USDJPY,2025.01.27 00:45:00,0,
2025.01.27 01:09:59,scan_skipped_same_execution_bar,USDJPY,2025.01.27 00:45:00,0,
2025.01.27 01:19:59,scan_executed_new_execution_bar,USDJPY,2025.01.27 01:00:00,0,
2025.01.27 01:24:59,scan_skipped_same_execution_bar,USDJPY,2025.01.27 01:00:00,0,
2025.01.27 01:34:58,scan_executed_new_execution_bar,USDJPY,2025.01.27 01:15:00,0,
2025.01.27 01:39:59,scan_skipped_same_execution_bar,USDJPY,2025.01.27 01:15:00,0,
2025.01.27 01:49:59,scan_executed_new_execution_bar,USDJPY,2025.01.27 01:30:00,31,
2025.01.27 01:54:59,scan_skipped_same_execution_bar,USDJPY,2025.01.27 01:30:00,0,
2025.01.27 02:04:58,scan_executed_new_execution_bar,USDJPY,2025.01.27 01:45:00,0,
2025.01.27 02:09:59,scan_skipped_same_execution_bar,USDJPY,2025.01.27 01:45:00,0,
2025.01.27 02:19:59,scan_executed_new_execution_bar,USDJPY,2025.01.27 02:00:00,0,
2025.01.27 02:24:59,scan_skipped_same_execution_bar,USDJPY,2025.01.27 02:00:00,0,
2025.01.27 02:34:59,scan_executed_new_execution_bar,USDJPY,2025.01.27 02:15:00,15,
2025.01.27 02:39:59,scan_skipped_same_execution_bar,USDJPY,2025.01.27 02:15:00,0,
2025.01.27 02:49:59,scan_executed_new_execution_bar,USDJPY,2025.01.27 02:30:00,0,
2025.01.27 02:54:59,scan_skipped_same_execution_bar,USDJPY,2025.01.27 02:30:00,0,
2025.01.27 03:04:59,scan_executed_new_execution_bar,USDJPY,2025.01.27 02:45:00,0,
2025.01.27 03:09:59,scan_skipped_same_execution_bar,USDJPY,2025.01.27 02:45:00,0,
2025.01.27 03:19:58,scan_executed_new_execution_bar,USDJPY,2025.01.27 03:00:00,0,
2025.01.27 03:24:59,scan_skipped_same_execution_bar,USDJPY,2025.01.27 03:00:00,0,
2025.01.27 03:34:59,scan_executed_new_execution_bar,USDJPY,2025.01.27 03:15:00,0,
2025.01.27 03:39:59,scan_skipped_same_execution_bar,USDJPY,2025.01.27 03:15:00,0,
2025.01.27 03:49:59,scan_executed_new_execution_bar,USDJPY,2025.01.27 03:30:00,0,
2025.01.27 03:54:59,scan_skipped_same_execution_bar,USDJPY,2025.01.27 03:30:00,0,
2025.01.27 04:04:59,scan_executed_new_execution_bar,USDJPY,2025.01.27 03:45:00,16,
2025.01.27 04:09:59,scan_skipped_same_execution_bar,USDJPY,2025.01.27 03:45:00,0,
2025.01.27 04:19:59,scan_executed_new_execution_bar,USDJPY,2025.01.27 04:00:00,31,
2025.01.27 04:24:59,scan_skipped_same_execution_bar,USDJPY,2025.01.27 04:00:00,0,
2025.01.27 04:34:59,scan_executed_new_execution_bar,USDJPY,2025.01.27 04:15:00,0,
2025.01.27 04:39:59,scan_skipped_same_execution_bar,USDJPY,2025.01.27 04:15:00,0,
2025.01.27 04:49:59,scan_executed_new_execution_bar,USDJPY,2025.01.27 04:30:00,15,
2025.01.27 04:54:58,scan_skipped_same_execution_bar,USDJPY,2025.01.27 04:30:00,0,
2025.01.27 05:04:59,scan_executed_new_execution_bar,USDJPY,2025.01.27 04:45:00,0,
2025.01.27 05:09:59,scan_skipped_same_execution_bar,USDJPY,2025.01.27 04:45:00,0,
2025.01.27 05:19:59,scan_executed_new_execution_bar,USDJPY,2025.01.27 05:00:00,0,
2025.01.27 05:24:59,scan_skipped_same_execution_bar,USDJPY,2025.01.27 05:00:00,0,
2025.01.27 05:34:59,scan_executed_new_execution_bar,USDJPY,2025.01.27 05:15:00,15,
2025.01.27 05:39:59,scan_skipped_same_execution_bar,USDJPY,2025.01.27 05:15:00,0,
2025.01.27 05:45:00,scan_executed_new_execution_bar,USDJPY,2025.01.27 05:30:00,0,
2025.01.27 05:49:59,scan_skipped_same_execution_bar,USDJPY,2025.01.27 05:30:00,0,
2025.01.27 06:04:59,scan_executed_new_execution_bar,USDJPY,2025.01.27 05:45:00,0,
2025.01.27 06:09:58,scan_skipped_same_execution_bar,USDJPY,2025.01.27 05:45:00,0,
2025.01.27 06:19:59,scan_executed_new_execution_bar,USDJPY,2025.01.27 06:00:00,0,
2025.01.27 06:24:59,scan_skipped_same_execution_bar,USDJPY,2025.01.27 06:00:00,0,
2025.01.27 06:34:59,scan_executed_new_execution_bar,USDJPY,2025.01.27 06:15:00,0,
2025.01.27 06:39:59,scan_skipped_same_execution_bar,USDJPY,2025.01.27 06:15:00,0,
2025.01.27 06:49:58,scan_executed_new_execution_bar,USDJPY,2025.01.27 06:30:00,0,
2025.01.27 06:54:59,scan_skipped_same_execution_bar,USDJPY,2025.01.27 06:30:00,0,
2025.01.27 07:04:59,scan_executed_new_execution_bar,USDJPY,2025.01.27 06:45:00,0,
2025.01.27 07:09:59,scan_skipped_same_execution_bar,USDJPY,2025.01.27 06:45:00,0,
2025.01.27 07:19:59,scan_executed_new_execution_bar,USDJPY,2025.01.27 07:00:00,0,
2025.01.27 07:24:59,scan_skipped_same_execution_bar,USDJPY,2025.01.27 07:00:00,0,
2025.01.27 07:34:59,scan_executed_new_execution_bar,USDJPY,2025.01.27 07:15:00,0,
2025.01.27 07:39:59,scan_skipped_same_execution_bar,USDJPY,2025.01.27 07:15:00,0,
2025.01.27 07:49:59,scan_executed_new_execution_bar,USDJPY,2025.01.27 07:30:00,16,
2025.01.27 07:54:59,scan_skipped_same_execution_bar,USDJPY,2025.01.27 07:30:00,0,
2025.01.27 08:04:59,scan_executed_new_execution_bar,USDJPY,2025.01.27 07:45:00,0,
2025.01.27 08:09:59,scan_skipped_same_execution_bar,USDJPY,2025.01.27 07:45:00,0,
2025.01.27 08:19:59,scan_executed_new_execution_bar,USDJPY,2025.01.27 08:00:00,0,
2025.01.27 08:24:59,scan_skipped_same_execution_bar,USDJPY,2025.01.27 08:00:00,0,
2025.01.27 08:34:59,scan_executed_new_execution_bar,USDJPY,2025.01.27 08:15:00,31,
2025.01.27 08:39:59,scan_skipped_same_execution_bar,USDJPY,2025.01.27 08:15:00,0,
2025.01.27 08:49:59,scan_executed_new_execution_bar,USDJPY,2025.01.27 08:30:00,0,
2025.01.27 08:54:59,scan_skipped_same_execution_bar,USDJPY,2025.01.27 08:30:00,0,
2025.01.27 09:04:58,scan_executed_new_execution_bar,USDJPY,2025.01.27 08:45:00,0,
2025.01.27 09:09:59,scan_skipped_same_execution_bar,USDJPY,2025.01.27 08:45:00,0,
2025.01.27 09:19:59,scan_executed_new_execution_bar,USDJPY,2025.01.27 09:00:00,0,
2025.01.27 09:24:59,scan_skipped_same_execution_bar,USDJPY,2025.01.27 09:00:00,0,
2025.01.27 09:34:59,scan_executed_new_execution_bar,USDJPY,2025.01.27 09:15:00,0,
2025.01.27 09:39:59,scan_skipped_same_execution_bar,USDJPY,2025.01.27 09:15:00,0,
2025.01.27 09:49:59,scan_executed_new_execution_bar,USDJPY,2025.01.27 09:30:00,0,
2025.01.27 09:54:59,scan_skipped_same_execution_bar,USDJPY,2025.01.27 09:30:00,0,
2025.01.27 10:04:59,scan_executed_new_execution_bar,USDJPY,2025.01.27 09:45:00,0,
2025.01.27 10:09:59,scan_skipped_same_execution_bar,USDJPY,2025.01.27 09:45:00,0,
2025.01.27 10:19:59,scan_executed_new_execution_bar,USDJPY,2025.01.27 10:00:00,0,
2025.01.27 10:24:59,scan_skipped_same_execution_bar,USDJPY,2025.01.27 10:00:00,0,
2025.01.27 10:34:59,scan_executed_new_execution_bar,USDJPY,2025.01.27 10:15:00,0,
2025.01.27 10:39:59,scan_skipped_same_execution_bar,USDJPY,2025.01.27 10:15:00,0,
2025.01.27 10:49:59,scan_executed_new_execution_bar,USDJPY,2025.01.27 10:30:00,0,
2025.01.27 10:54:59,scan_skipped_same_execution_bar,USDJPY,2025.01.27 10:30:00,0,
2025.01.27 11:04:59,scan_executed_new_execution_bar,USDJPY,2025.01.27 10:45:00,16,
2025.01.27 11:09:59,scan_skipped_same_execution_bar,USDJPY,2025.01.27 10:45:00,0,
2025.01.27 11:19:59,scan_executed_new_execution_bar,USDJPY,2025.01.27 11:00:00,0,
2025.01.27 11:24:59,scan_skipped_same_execution_bar,USDJPY,2025.01.27 11:00:00,0,
2025.01.27 11:34:59,scan_executed_new_execution_bar,USDJPY,2025.01.27 11:15:00,31,
2025.01.27 11:39:59,scan_skipped_same_execution_bar,USDJPY,2025.01.27 11:15:00,0,
2025.01.27 11:49:59,scan_executed_new_execution_bar,USDJPY,2025.01.27 11:30:00,16,
2025.01.27 11:54:59,scan_skipped_same_execution_bar,USDJPY,2025.01.27 11:30:00,0,
2025.01.27 12:04:59,scan_executed_new_execution_bar,USDJPY,2025.01.27 11:45:00,0,
2025.01.27 12:09:59,scan_skipped_same_execution_bar,USDJPY,2025.01.27 11:45:00,0,
2025.01.27 12:19:59,scan_executed_new_execution_bar,USDJPY,2025.01.27 12:00:00,16,
2025.01.27 12:24:59,scan_skipped_same_execution_bar,USDJPY,2025.01.27 12:00:00,0,
2025.01.27 12:34:59,scan_executed_new_execution_bar,USDJPY,2025.01.27 12:15:00,0,
2025.01.27 12:40:00,scan_skipped_same_execution_bar,USDJPY,2025.01.27 12:15:00,0,
2025.01.27 12:49:59,scan_executed_new_execution_bar,USDJPY,2025.01.27 12:30:00,0,
2025.01.27 12:54:59,scan_skipped_same_execution_bar,USDJPY,2025.01.27 12:30:00,0,
2025.01.27 13:04:59,scan_executed_new_execution_bar,USDJPY,2025.01.27 12:45:00,32,
2025.01.27 13:09:59,scan_skipped_same_execution_bar,USDJPY,2025.01.27 12:45:00,0,
2025.01.27 13:19:59,scan_executed_new_execution_bar,USDJPY,2025.01.27 13:00:00,0,
2025.01.27 13:24:59,scan_skipped_same_execution_bar,USDJPY,2025.01.27 13:00:00,0,
2025.01.27 13:34:59,scan_executed_new_execution_bar,USDJPY,2025.01.27 13:15:00,15,
2025.01.27 13:39:59,scan_skipped_same_execution_bar,USDJPY,2025.01.27 13:15:00,0,
2025.01.27 13:49:59,scan_executed_new_execution_bar,USDJPY,2025.01.27 13:30:00,47,
2025.01.27 13:54:59,scan_skipped_same_execution_bar,USDJPY,2025.01.27 13:30:00,0,
2025.01.27 14:04:59,scan_executed_new_execution_bar,USDJPY,2025.01.27 13:45:00,16,
2025.01.27 14:09:59,scan_skipped_same_execution_bar,USDJPY,2025.01.27 13:45:00,0,
2025.01.27 14:19:59,scan_executed_new_execution_bar,USDJPY,2025.01.27 14:00:00,62,
2025.01.27 14:24:59,scan_skipped_same_execution_bar,USDJPY,2025.01.27 14:00:00,0,
2025.01.27 14:34:59,scan_executed_new_execution_bar,USDJPY,2025.01.27 14:15:00,31,
2025.01.27 14:39:59,scan_skipped_same_execution_bar,USDJPY,2025.01.27 14:15:00,0,
2025.01.27 14:49:59,scan_executed_new_execution_bar,USDJPY,2025.01.27 14:30:00,0,
2025.01.27 14:54:59,scan_skipped_same_execution_bar,USDJPY,2025.01.27 14:30:00,0,
2025.01.27 15:04:59,scan_executed_new_execution_bar,USDJPY,2025.01.27 14:45:00,16,
2025.01.27 15:09:59,scan_skipped_same_execution_bar,USDJPY,2025.01.27 14:45:00,0,
2025.01.27 15:19:59,scan_executed_new_execution_bar,USDJPY,2025.01.27 15:00:00,0,
2025.01.27 15:24:59,scan_skipped_same_execution_bar,USDJPY,2025.01.27 15:00:00,0,
2025.01.27 15:34:59,scan_executed_new_execution_bar,USDJPY,2025.01.27 15:15:00,31,
2025.01.27 15:39:59,scan_skipped_same_execution_bar,USDJPY,2025.01.27 15:15:00,0,
2025.01.27 15:49:59,scan_executed_new_execution_bar,USDJPY,2025.01.27 15:30:00,0,
2025.01.27 15:54:59,scan_skipped_same_execution_bar,USDJPY,2025.01.27 15:30:00,0,
2025.01.27 16:04:59,scan_executed_new_execution_bar,USDJPY,2025.01.27 15:45:00,31,
2025.01.27 16:09:59,scan_skipped_same_execution_bar,USDJPY,2025.01.27 15:45:00,0,
2025.01.27 16:19:59,scan_executed_new_execution_bar,USDJPY,2025.01.27 16:00:00,16,
2025.01.27 16:24:59,scan_skipped_same_execution_bar,USDJPY,2025.01.27 16:00:00,0,
2025.01.27 16:34:59,scan_executed_new_execution_bar,USDJPY,2025.01.27 16:15:00,0,
2025.01.27 16:39:59,scan_skipped_same_execution_bar,USDJPY,2025.01.27 16:15:00,0,
2025.01.27 16:49:59,scan_executed_new_execution_bar,USDJPY,2025.01.27 16:30:00,31,
2025.01.27 16:54:59,scan_skipped_same_execution_bar,USDJPY,2025.01.27 16:30:00,0,
2025.01.27 17:04:59,scan_executed_new_execution_bar,USDJPY,2025.01.27 16:45:00,15,
2025.01.27 17:09:59,scan_skipped_same_execution_bar,USDJPY,2025.01.27 16:45:00,0,
2025.01.27 17:19:59,scan_executed_new_execution_bar,USDJPY,2025.01.27 17:00:00,16,
2025.01.27 17:24:59,scan_skipped_same_execution_bar,USDJPY,2025.01.27 17:00:00,0,
2025.01.27 17:34:59,scan_executed_new_execution_bar,USDJPY,2025.01.27 17:15:00,31,
2025.01.27 17:39:59,scan_skipped_same_execution_bar,USDJPY,2025.01.27 17:15:00,0,
2025.01.27 17:49:59,scan_executed_new_execution_bar,USDJPY,2025.01.27 17:30:00,16,
2025.01.27 17:54:59,scan_skipped_same_execution_bar,USDJPY,2025.01.27 17:30:00,0,
2025.01.27 18:04:59,scan_executed_new_execution_bar,USDJPY,2025.01.27 17:45:00,15,
2025.01.27 18:09:59,scan_skipped_same_execution_bar,USDJPY,2025.01.27 17:45:00,0,
2025.01.27 18:19:59,scan_executed_new_execution_bar,USDJPY,2025.01.27 18:00:00,0,
2025.01.27 18:24:59,scan_skipped_same_execution_bar,USDJPY,2025.01.27 18:00:00,0,
2025.01.27 18:34:59,scan_executed_new_execution_bar,USDJPY,2025.01.27 18:15:00,0,
2025.01.27 18:39:59,scan_skipped_same_execution_bar,USDJPY,2025.01.27 18:15:00,0,
2025.01.27 18:49:59,scan_executed_new_execution_bar,USDJPY,2025.01.27 18:30:00,0,
2025.01.27 18:54:59,scan_skipped_same_execution_bar,USDJPY,2025.01.27 18:30:00,0,
2025.01.27 19:04:59,scan_executed_new_execution_bar,USDJPY,2025.01.27 18:45:00,16,
2025.01.27 19:09:59,scan_skipped_same_execution_bar,USDJPY,2025.01.27 18:45:00,0,
2025.01.27 19:19:58,scan_executed_new_execution_bar,USDJPY,2025.01.27 19:00:00,0,
2025.01.27 19:24:59,scan_skipped_same_execution_bar,USDJPY,2025.01.27 19:00:00,0,
2025.01.27 19:34:59,scan_executed_new_execution_bar,USDJPY,2025.01.27 19:15:00,16,
2025.01.27 19:39:59,scan_skipped_same_execution_bar,USDJPY,2025.01.27 19:15:00,0,
2025.01.27 19:49:59,scan_executed_new_execution_bar,USDJPY,2025.01.27 19:30:00,16,
2025.01.27 19:54:59,scan_skipped_same_execution_bar,USDJPY,2025.01.27 19:30:00,0,
2025.01.27 20:04:59,scan_executed_new_execution_bar,USDJPY,2025.01.27 19:45:00,0,
2025.01.27 20:09:59,scan_skipped_same_execution_bar,USDJPY,2025.01.27 19:45:00,0,
2025.01.27 20:19:59,scan_executed_new_execution_bar,USDJPY,2025.01.27 20:00:00,0,
2025.01.27 20:24:59,scan_skipped_same_execution_bar,USDJPY,2025.01.27 20:00:00,0,
2025.01.27 20:34:59,scan_executed_new_execution_bar,USDJPY,2025.01.27 20:15:00,0,
2025.01.27 20:39:58,scan_skipped_same_execution_bar,USDJPY,2025.01.27 20:15:00,0,
2025.01.27 20:49:59,scan_executed_new_execution_bar,USDJPY,2025.01.27 20:30:00,0,
2025.01.27 20:54:59,scan_skipped_same_execution_bar,USDJPY,2025.01.27 20:30:00,0,
2025.01.27 21:05:00,scan_executed_new_execution_bar,USDJPY,2025.01.27 20:45:00,0,
2025.01.27 21:09:59,scan_skipped_same_execution_bar,USDJPY,2025.01.27 20:45:00,0,
2025.01.27 21:19:59,scan_executed_new_execution_bar,USDJPY,2025.01.27 21:00:00,0,
2025.01.27 21:24:59,scan_skipped_same_execution_bar,USDJPY,2025.01.27 21:00:00,0,
2025.01.27 21:34:59,scan_executed_new_execution_bar,USDJPY,2025.01.27 21:15:00,0,
2025.01.27 21:39:59,scan_skipped_same_execution_bar,USDJPY,2025.01.27 21:15:00,0,
2025.01.27 21:49:59,scan_executed_new_execution_bar,USDJPY,2025.01.27 21:30:00,0,
2025.01.27 21:54:59,scan_skipped_same_execution_bar,USDJPY,2025.01.27 21:30:00,0,
2025.01.27 22:04:59,scan_executed_new_execution_bar,USDJPY,2025.01.27 21:45:00,0,
2025.01.27 22:09:59,scan_skipped_same_execution_bar,USDJPY,2025.01.27 21:45:00,0,
2025.01.27 22:19:59,scan_executed_new_execution_bar,USDJPY,2025.01.27 22:00:00,0,
2025.01.27 22:24:59,scan_skipped_same_execution_bar,USDJPY,2025.01.27 22:00:00,0,
2025.01.27 22:34:59,scan_executed_new_execution_bar,USDJPY,2025.01.27 22:15:00,0,
2025.01.27 22:39:59,scan_skipped_same_execution_bar,USDJPY,2025.01.27 22:15:00,0,
2025.01.27 22:49:59,scan_executed_new_execution_bar,USDJPY,2025.01.27 22:30:00,0,
2025.01.27 22:54:59,scan_skipped_same_execution_bar,USDJPY,2025.01.27 22:30:00,0,
2025.01.27 23:04:59,scan_executed_new_execution_bar,USDJPY,2025.01.27 22:45:00,0,
2025.01.27 23:09:59,scan_skipped_same_execution_bar,USDJPY,2025.01.27 22:45:00,0,
2025.01.27 23:15:00,scan_executed_new_execution_bar,USDJPY,2025.01.27 23:00:00,0,
2025.01.27 23:19:59,scan_skipped_same_execution_bar,USDJPY,2025.01.27 23:00:00,0,
2025.01.27 23:34:58,scan_executed_new_execution_bar,USDJPY,2025.01.27 23:15:00,16,
2025.01.27 23:39:54,scan_skipped_same_execution_bar,USDJPY,2025.01.27 23:15:00,0,
2025.01.27 23:49:55,scan_executed_new_execution_bar,USDJPY,2025.01.27 23:30:00,0,
2025.01.27 23:54:59,scan_skipped_same_execution_bar,USDJPY,2025.01.27 23:30:00,0,
2025.01.28 00:05:00,scan_executed_new_execution_bar,USDJPY,2025.01.27 23:45:00,0,
2025.01.28 00:09:59,scan_skipped_same_execution_bar,USDJPY,2025.01.27 23:45:00,0,
2025.01.28 00:19:58,scan_executed_new_execution_bar,USDJPY,2025.01.28 00:00:00,0,
2025.01.28 00:24:59,scan_skipped_same_execution_bar,USDJPY,2025.01.28 00:00:00,0,
2025.01.28 00:34:58,scan_executed_new_execution_bar,USDJPY,2025.01.28 00:15:00,0,
2025.01.28 00:39:59,scan_skipped_same_execution_bar,USDJPY,2025.01.28 00:15:00,0,
2025.01.28 00:49:58,scan_executed_new_execution_bar,USDJPY,2025.01.28 00:30:00,0,
2025.01.28 00:54:59,scan_skipped_same_execution_bar,USDJPY,2025.01.28 00:30:00,0,
2025.01.28 01:04:59,scan_executed_new_execution_bar,USDJPY,2025.01.28 00:45:00,0,
2025.01.28 01:09:59,scan_skipped_same_execution_bar,USDJPY,2025.01.28 00:45:00,0,
2025.01.28 01:19:59,scan_executed_new_execution_bar,USDJPY,2025.01.28 01:00:00,0,
2025.01.28 01:24:59,scan_skipped_same_execution_bar,USDJPY,2025.01.28 01:00:00,0,
2025.01.28 01:34:59,scan_executed_new_execution_bar,USDJPY,2025.01.28 01:15:00,0,
2025.01.28 01:39:59,scan_skipped_same_execution_bar,USDJPY,2025.01.28 01:15:00,0,
2025.01.28 01:49:59,scan_executed_new_execution_bar,USDJPY,2025.01.28 01:30:00,15,
2025.01.28 01:54:59,scan_skipped_same_execution_bar,USDJPY,2025.01.28 01:30:00,0,
2025.01.28 02:04:59,scan_executed_new_execution_bar,USDJPY,2025.01.28 01:45:00,0,
2025.01.28 02:09:59,scan_skipped_same_execution_bar,USDJPY,2025.01.28 01:45:00,0,
2025.01.28 02:19:59,scan_executed_new_execution_bar,USDJPY,2025.01.28 02:00:00,16,
2025.01.28 02:25:00,scan_skipped_same_execution_bar,USDJPY,2025.01.28 02:00:00,0,
2025.01.28 02:34:59,scan_executed_new_execution_bar,USDJPY,2025.01.28 02:15:00,15,
2025.01.28 02:39:59,scan_skipped_same_execution_bar,USDJPY,2025.01.28 02:15:00,0,
2025.01.28 02:49:59,scan_executed_new_execution_bar,USDJPY,2025.01.28 02:30:00,16,
2025.01.28 02:54:59,scan_skipped_same_execution_bar,USDJPY,2025.01.28 02:30:00,0,
2025.01.28 03:04:59,scan_executed_new_execution_bar,USDJPY,2025.01.28 02:45:00,0,
2025.01.28 03:09:59,scan_skipped_same_execution_bar,USDJPY,2025.01.28 02:45:00,0,
2025.01.28 03:19:58,scan_executed_new_execution_bar,USDJPY,2025.01.28 03:00:00,0,
2025.01.28 03:24:59,scan_skipped_same_execution_bar,USDJPY,2025.01.28 03:00:00,0,
2025.01.28 03:34:59,scan_executed_new_execution_bar,USDJPY,2025.01.28 03:15:00,0,
2025.01.28 03:39:59,scan_skipped_same_execution_bar,USDJPY,2025.01.28 03:15:00,0,
2025.01.28 03:49:59,scan_executed_new_execution_bar,USDJPY,2025.01.28 03:30:00,32,
2025.01.28 03:54:59,scan_skipped_same_execution_bar,USDJPY,2025.01.28 03:30:00,0,
2025.01.28 04:04:59,scan_executed_new_execution_bar,USDJPY,2025.01.28 03:45:00,0,
2025.01.28 04:09:59,scan_skipped_same_execution_bar,USDJPY,2025.01.28 03:45:00,0,
2025.01.28 04:19:59,scan_executed_new_execution_bar,USDJPY,2025.01.28 04:00:00,0,
2025.01.28 04:24:59,scan_skipped_same_execution_bar,USDJPY,2025.01.28 04:00:00,0,
2025.01.28 04:34:59,scan_executed_new_execution_bar,USDJPY,2025.01.28 04:15:00,62,
2025.01.28 04:39:59,scan_skipped_same_execution_bar,USDJPY,2025.01.28 04:15:00,0,
2025.01.28 04:49:59,scan_executed_new_execution_bar,USDJPY,2025.01.28 04:30:00,0,
2025.01.28 04:54:59,scan_skipped_same_execution_bar,USDJPY,2025.01.28 04:30:00,0,
2025.01.28 05:04:59,scan_executed_new_execution_bar,USDJPY,2025.01.28 04:45:00,47,
2025.01.28 05:09:59,scan_skipped_same_execution_bar,USDJPY,2025.01.28 04:45:00,0,
2025.01.28 05:19:59,scan_executed_new_execution_bar,USDJPY,2025.01.28 05:00:00,0,
2025.01.28 05:25:00,scan_skipped_same_execution_bar,USDJPY,2025.01.28 05:00:00,0,
2025.01.28 05:34:59,scan_executed_new_execution_bar,USDJPY,2025.01.28 05:15:00,0,
2025.01.28 05:39:59,scan_skipped_same_execution_bar,USDJPY,2025.01.28 05:15:00,0,
2025.01.28 05:49:59,scan_executed_new_execution_bar,USDJPY,2025.01.28 05:30:00,31,
2025.01.28 05:54:59,scan_skipped_same_execution_bar,USDJPY,2025.01.28 05:30:00,0,
2025.01.28 06:04:59,scan_executed_new_execution_bar,USDJPY,2025.01.28 05:45:00,0,
2025.01.28 06:09:59,scan_skipped_same_execution_bar,USDJPY,2025.01.28 05:45:00,0,
2025.01.28 06:19:59,scan_executed_new_execution_bar,USDJPY,2025.01.28 06:00:00,0,
2025.01.28 06:24:59,scan_skipped_same_execution_bar,USDJPY,2025.01.28 06:00:00,0,
2025.01.28 06:34:58,scan_executed_new_execution_bar,USDJPY,2025.01.28 06:15:00,31,
2025.01.28 06:39:59,scan_skipped_same_execution_bar,USDJPY,2025.01.28 06:15:00,0,
2025.01.28 06:49:59,scan_executed_new_execution_bar,USDJPY,2025.01.28 06:30:00,16,
2025.01.28 06:54:59,scan_skipped_same_execution_bar,USDJPY,2025.01.28 06:30:00,0,
2025.01.28 07:04:59,scan_executed_new_execution_bar,USDJPY,2025.01.28 06:45:00,15,
2025.01.28 07:09:59,scan_skipped_same_execution_bar,USDJPY,2025.01.28 06:45:00,0,
2025.01.28 07:19:59,scan_executed_new_execution_bar,USDJPY,2025.01.28 07:00:00,47,
2025.01.28 07:24:59,scan_skipped_same_execution_bar,USDJPY,2025.01.28 07:00:00,0,
2025.01.28 07:34:59,scan_executed_new_execution_bar,USDJPY,2025.01.28 07:15:00,0,
2025.01.28 07:39:59,scan_skipped_same_execution_bar,USDJPY,2025.01.28 07:15:00,0,
2025.01.28 07:49:59,scan_executed_new_execution_bar,USDJPY,2025.01.28 07:30:00,0,
2025.01.28 07:54:59,scan_skipped_same_execution_bar,USDJPY,2025.01.28 07:30:00,0,
2025.01.28 08:04:59,scan_executed_new_execution_bar,USDJPY,2025.01.28 07:45:00,16,
2025.01.28 08:09:59,scan_skipped_same_execution_bar,USDJPY,2025.01.28 07:45:00,0,
2025.01.28 08:19:59,scan_executed_new_execution_bar,USDJPY,2025.01.28 08:00:00,0,
2025.01.28 08:24:59,scan_skipped_same_execution_bar,USDJPY,2025.01.28 08:00:00,0,
2025.01.28 08:34:58,scan_executed_new_execution_bar,USDJPY,2025.01.28 08:15:00,0,
2025.01.28 08:39:58,scan_skipped_same_execution_bar,USDJPY,2025.01.28 08:15:00,0,
2025.01.28 08:49:59,scan_executed_new_execution_bar,USDJPY,2025.01.28 08:30:00,0,
2025.01.28 08:54:59,scan_skipped_same_execution_bar,USDJPY,2025.01.28 08:30:00,0,
2025.01.28 09:04:59,scan_executed_new_execution_bar,USDJPY,2025.01.28 08:45:00,0,
2025.01.28 09:09:59,scan_skipped_same_execution_bar,USDJPY,2025.01.28 08:45:00,0,
2025.01.28 09:19:59,scan_executed_new_execution_bar,USDJPY,2025.01.28 09:00:00,16,
2025.01.28 09:24:59,scan_skipped_same_execution_bar,USDJPY,2025.01.28 09:00:00,0,
2025.01.28 09:34:59,scan_executed_new_execution_bar,USDJPY,2025.01.28 09:15:00,0,
2025.01.28 09:39:59,scan_skipped_same_execution_bar,USDJPY,2025.01.28 09:15:00,0,
2025.01.28 09:49:59,scan_executed_new_execution_bar,USDJPY,2025.01.28 09:30:00,0,
2025.01.28 09:54:59,scan_skipped_same_execution_bar,USDJPY,2025.01.28 09:30:00,0,
2025.01.28 10:04:59,scan_executed_new_execution_bar,USDJPY,2025.01.28 09:45:00,0,
2025.01.28 10:09:59,scan_skipped_same_execution_bar,USDJPY,2025.01.28 09:45:00,0,
2025.01.28 10:19:59,scan_executed_new_execution_bar,USDJPY,2025.01.28 10:00:00,0,
2025.01.28 10:24:59,scan_skipped_same_execution_bar,USDJPY,2025.01.28 10:00:00,0,
2025.01.28 10:34:59,scan_executed_new_execution_bar,USDJPY,2025.01.28 10:15:00,0,
2025.01.28 10:39:59,scan_skipped_same_execution_bar,USDJPY,2025.01.28 10:15:00,0,
2025.01.28 10:49:59,scan_executed_new_execution_bar,USDJPY,2025.01.28 10:30:00,0,
2025.01.28 10:54:59,scan_skipped_same_execution_bar,USDJPY,2025.01.28 10:30:00,0,
2025.01.28 11:04:59,scan_executed_new_execution_bar,USDJPY,2025.01.28 10:45:00,0,
2025.01.28 11:09:59,scan_skipped_same_execution_bar,USDJPY,2025.01.28 10:45:00,0,
2025.01.28 11:19:59,scan_executed_new_execution_bar,USDJPY,2025.01.28 11:00:00,15,
2025.01.28 11:24:59,scan_skipped_same_execution_bar,USDJPY,2025.01.28 11:00:00,0,
2025.01.28 11:34:59,scan_executed_new_execution_bar,USDJPY,2025.01.28 11:15:00,16,
2025.01.28 11:39:59,scan_skipped_same_execution_bar,USDJPY,2025.01.28 11:15:00,0,
2025.01.28 11:49:59,scan_executed_new_execution_bar,USDJPY,2025.01.28 11:30:00,15,
2025.01.28 11:54:59,scan_skipped_same_execution_bar,USDJPY,2025.01.28 11:30:00,0,
2025.01.28 12:04:59,scan_executed_new_execution_bar,USDJPY,2025.01.28 11:45:00,0,
2025.01.28 12:09:59,scan_skipped_same_execution_bar,USDJPY,2025.01.28 11:45:00,0,
2025.01.28 12:19:57,scan_executed_new_execution_bar,USDJPY,2025.01.28 12:00:00,0,
2025.01.28 12:24:58,scan_skipped_same_execution_bar,USDJPY,2025.01.28 12:00:00,0,
2025.01.28 12:34:59,scan_executed_new_execution_bar,USDJPY,2025.01.28 12:15:00,0,
2025.01.28 12:39:59,scan_skipped_same_execution_bar,USDJPY,2025.01.28 12:15:00,0,
2025.01.28 12:49:59,scan_executed_new_execution_bar,USDJPY,2025.01.28 12:30:00,16,
2025.01.28 12:54:59,scan_skipped_same_execution_bar,USDJPY,2025.01.28 12:30:00,0,
2025.01.28 13:05:00,scan_executed_new_execution_bar,USDJPY,2025.01.28 12:45:00,16,
2025.01.28 13:09:59,scan_skipped_same_execution_bar,USDJPY,2025.01.28 12:45:00,0,
2025.01.28 13:19:59,scan_executed_new_execution_bar,USDJPY,2025.01.28 13:00:00,0,
2025.01.28 13:24:59,scan_skipped_same_execution_bar,USDJPY,2025.01.28 13:00:00,0,
2025.01.28 13:34:58,scan_executed_new_execution_bar,USDJPY,2025.01.28 13:15:00,0,
2025.01.28 13:39:59,scan_skipped_same_execution_bar,USDJPY,2025.01.28 13:15:00,0,
2025.01.28 13:49:59,scan_executed_new_execution_bar,USDJPY,2025.01.28 13:30:00,16,
2025.01.28 13:54:59,scan_skipped_same_execution_bar,USDJPY,2025.01.28 13:30:00,0,
2025.01.28 14:04:59,scan_executed_new_execution_bar,USDJPY,2025.01.28 13:45:00,15,
2025.01.28 14:09:59,scan_skipped_same_execution_bar,USDJPY,2025.01.28 13:45:00,0,
2025.01.28 14:19:59,scan_executed_new_execution_bar,USDJPY,2025.01.28 14:00:00,0,
2025.01.28 14:24:59,scan_skipped_same_execution_bar,USDJPY,2025.01.28 14:00:00,0,
2025.01.28 14:34:59,scan_executed_new_execution_bar,USDJPY,2025.01.28 14:15:00,0,
2025.01.28 14:40:00,scan_skipped_same_execution_bar,USDJPY,2025.01.28 14:15:00,0,
2025.01.28 14:49:59,scan_executed_new_execution_bar,USDJPY,2025.01.28 14:30:00,0,
2025.01.28 14:54:59,scan_skipped_same_execution_bar,USDJPY,2025.01.28 14:30:00,0,
2025.01.28 15:04:59,scan_executed_new_execution_bar,USDJPY,2025.01.28 14:45:00,0,
2025.01.28 15:09:58,scan_skipped_same_execution_bar,USDJPY,2025.01.28 14:45:00,0,
2025.01.28 15:19:59,scan_executed_new_execution_bar,USDJPY,2025.01.28 15:00:00,32,
2025.01.28 15:24:59,scan_skipped_same_execution_bar,USDJPY,2025.01.28 15:00:00,0,
2025.01.28 15:34:59,scan_executed_new_execution_bar,USDJPY,2025.01.28 15:15:00,0,
2025.01.28 15:40:00,scan_skipped_same_execution_bar,USDJPY,2025.01.28 15:15:00,0,
2025.01.28 15:49:59,scan_executed_new_execution_bar,USDJPY,2025.01.28 15:30:00,16,
2025.01.28 15:54:59,scan_skipped_same_execution_bar,USDJPY,2025.01.28 15:30:00,0,
2025.01.28 16:04:59,scan_executed_new_execution_bar,USDJPY,2025.01.28 15:45:00,15,
2025.01.28 16:09:59,scan_skipped_same_execution_bar,USDJPY,2025.01.28 15:45:00,0,
2025.01.28 16:19:59,scan_executed_new_execution_bar,USDJPY,2025.01.28 16:00:00,16,
2025.01.28 16:24:59,scan_skipped_same_execution_bar,USDJPY,2025.01.28 16:00:00,0,
2025.01.28 16:34:59,scan_executed_new_execution_bar,USDJPY,2025.01.28 16:15:00,15,
2025.01.28 16:39:59,scan_skipped_same_execution_bar,USDJPY,2025.01.28 16:15:00,0,
2025.01.28 16:49:59,scan_executed_new_execution_bar,USDJPY,2025.01.28 16:30:00,0,
2025.01.28 16:54:59,scan_skipped_same_execution_bar,USDJPY,2025.01.28 16:30:00,0,
2025.01.28 17:04:59,scan_executed_new_execution_bar,USDJPY,2025.01.28 16:45:00,16,
2025.01.28 17:09:59,scan_skipped_same_execution_bar,USDJPY,2025.01.28 16:45:00,0,
2025.01.28 17:19:59,scan_executed_new_execution_bar,USDJPY,2025.01.28 17:00:00,15,
2025.01.28 17:24:59,scan_skipped_same_execution_bar,USDJPY,2025.01.28 17:00:00,0,
2025.01.28 17:34:59,scan_executed_new_execution_bar,USDJPY,2025.01.28 17:15:00,16,
2025.01.28 17:39:59,scan_skipped_same_execution_bar,USDJPY,2025.01.28 17:15:00,0,
2025.01.28 17:49:59,scan_executed_new_execution_bar,USDJPY,2025.01.28 17:30:00,16,
2025.01.28 17:54:59,scan_skipped_same_execution_bar,USDJPY,2025.01.28 17:30:00,0,
2025.01.28 18:04:59,scan_executed_new_execution_bar,USDJPY,2025.01.28 17:45:00,0,
2025.01.28 18:09:59,scan_skipped_same_execution_bar,USDJPY,2025.01.28 17:45:00,0,
2025.01.28 18:19:59,scan_executed_new_execution_bar,USDJPY,2025.01.28 18:00:00,0,
2025.01.28 18:24:59,scan_skipped_same_execution_bar,USDJPY,2025.01.28 18:00:00,0,
2025.01.28 18:34:59,scan_executed_new_execution_bar,USDJPY,2025.01.28 18:15:00,16,
2025.01.28 18:39:59,scan_skipped_same_execution_bar,USDJPY,2025.01.28 18:15:00,0,
2025.01.28 18:49:59,scan_executed_new_execution_bar,USDJPY,2025.01.28 18:30:00,0,
2025.01.28 18:54:59,scan_skipped_same_execution_bar,USDJPY,2025.01.28 18:30:00,0,
2025.01.28 19:04:59,scan_executed_new_execution_bar,USDJPY,2025.01.28 18:45:00,15,
2025.01.28 19:09:59,scan_skipped_same_execution_bar,USDJPY,2025.01.28 18:45:00,0,
2025.01.28 19:19:59,scan_executed_new_execution_bar,USDJPY,2025.01.28 19:00:00,0,
2025.01.28 19:24:59,scan_skipped_same_execution_bar,USDJPY,2025.01.28 19:00:00,0,
2025.01.28 19:35:00,scan_executed_new_execution_bar,USDJPY,2025.01.28 19:15:00,0,
2025.01.28 19:39:59,scan_skipped_same_execution_bar,USDJPY,2025.01.28 19:15:00,0,
2025.01.28 19:49:59,scan_executed_new_execution_bar,USDJPY,2025.01.28 19:30:00,0,
2025.01.28 19:54:59,scan_skipped_same_execution_bar,USDJPY,2025.01.28 19:30:00,0,
2025.01.28 20:04:59,scan_executed_new_execution_bar,USDJPY,2025.01.28 19:45:00,0,
2025.01.28 20:09:59,scan_skipped_same_execution_bar,USDJPY,2025.01.28 19:45:00,0,
2025.01.28 20:19:59,scan_executed_new_execution_bar,USDJPY,2025.01.28 20:00:00,0,
2025.01.28 20:24:59,scan_skipped_same_execution_bar,USDJPY,2025.01.28 20:00:00,0,
2025.01.28 20:34:58,scan_executed_new_execution_bar,USDJPY,2025.01.28 20:15:00,0,
2025.01.28 20:39:59,scan_skipped_same_execution_bar,USDJPY,2025.01.28 20:15:00,0,
2025.01.28 20:49:59,scan_executed_new_execution_bar,USDJPY,2025.01.28 20:30:00,15,
2025.01.28 20:54:59,scan_skipped_same_execution_bar,USDJPY,2025.01.28 20:30:00,0,
2025.01.28 21:04:58,scan_executed_new_execution_bar,USDJPY,2025.01.28 20:45:00,0,
2025.01.28 21:09:59,scan_skipped_same_execution_bar,USDJPY,2025.01.28 20:45:00,0,
2025.01.28 21:19:59,scan_executed_new_execution_bar,USDJPY,2025.01.28 21:00:00,0,
2025.01.28 21:24:57,scan_skipped_same_execution_bar,USDJPY,2025.01.28 21:00:00,0,
2025.01.28 21:34:59,scan_executed_new_execution_bar,USDJPY,2025.01.28 21:15:00,16,
2025.01.28 21:39:59,scan_skipped_same_execution_bar,USDJPY,2025.01.28 21:15:00,0,
2025.01.28 21:49:59,scan_executed_new_execution_bar,USDJPY,2025.01.28 21:30:00,0,
2025.01.28 21:54:58,scan_skipped_same_execution_bar,USDJPY,2025.01.28 21:30:00,0,
2025.01.28 22:04:59,scan_executed_new_execution_bar,USDJPY,2025.01.28 21:45:00,0,
2025.01.28 22:09:59,scan_skipped_same_execution_bar,USDJPY,2025.01.28 21:45:00,0,
2025.01.28 22:19:59,scan_executed_new_execution_bar,USDJPY,2025.01.28 22:00:00,0,
2025.01.28 22:25:00,scan_skipped_same_execution_bar,USDJPY,2025.01.28 22:00:00,0,
2025.01.28 22:34:59,scan_executed_new_execution_bar,USDJPY,2025.01.28 22:15:00,0,
2025.01.28 22:39:59,scan_skipped_same_execution_bar,USDJPY,2025.01.28 22:15:00,0,
2025.01.28 22:49:59,scan_executed_new_execution_bar,USDJPY,2025.01.28 22:30:00,0,
2025.01.28 22:54:59,scan_skipped_same_execution_bar,USDJPY,2025.01.28 22:30:00,0,
2025.01.28 23:04:59,scan_executed_new_execution_bar,USDJPY,2025.01.28 22:45:00,0,
2025.01.28 23:09:59,scan_skipped_same_execution_bar,USDJPY,2025.01.28 22:45:00,0,
2025.01.28 23:19:59,scan_executed_new_execution_bar,USDJPY,2025.01.28 23:00:00,0,
2025.01.28 23:24:57,scan_skipped_same_execution_bar,USDJPY,2025.01.28 23:00:00,0,
2025.01.28 23:34:59,scan_executed_new_execution_bar,USDJPY,2025.01.28 23:15:00,16,
2025.01.28 23:39:59,scan_skipped_same_execution_bar,USDJPY,2025.01.28 23:15:00,0,
2025.01.28 23:49:54,scan_executed_new_execution_bar,USDJPY,2025.01.28 23:30:00,0,
2025.01.28 23:54:56,scan_skipped_same_execution_bar,USDJPY,2025.01.28 23:30:00,0,
2025.01.29 00:04:59,scan_executed_new_execution_bar,USDJPY,2025.01.28 23:45:00,0,
2025.01.29 00:09:50,scan_skipped_same_execution_bar,USDJPY,2025.01.28 23:45:00,0,
2025.01.29 00:19:58,scan_executed_new_execution_bar,USDJPY,2025.01.29 00:00:00,0,
2025.01.29 00:24:59,scan_skipped_same_execution_bar,USDJPY,2025.01.29 00:00:00,0,
2025.01.29 00:34:59,scan_executed_new_execution_bar,USDJPY,2025.01.29 00:15:00,0,
2025.01.29 00:39:59,scan_skipped_same_execution_bar,USDJPY,2025.01.29 00:15:00,0,
2025.01.29 00:49:58,scan_executed_new_execution_bar,USDJPY,2025.01.29 00:30:00,0,
2025.01.29 00:54:59,scan_skipped_same_execution_bar,USDJPY,2025.01.29 00:30:00,0,
2025.01.29 01:04:59,scan_executed_new_execution_bar,USDJPY,2025.01.29 00:45:00,0,
2025.01.29 01:09:58,scan_skipped_same_execution_bar,USDJPY,2025.01.29 00:45:00,0,
2025.01.29 01:19:59,scan_executed_new_execution_bar,USDJPY,2025.01.29 01:00:00,15,
2025.01.29 01:24:58,scan_skipped_same_execution_bar,USDJPY,2025.01.29 01:00:00,0,
2025.01.29 01:34:56,scan_executed_new_execution_bar,USDJPY,2025.01.29 01:15:00,0,
2025.01.29 01:39:59,scan_skipped_same_execution_bar,USDJPY,2025.01.29 01:15:00,0,
2025.01.29 01:49:59,scan_executed_new_execution_bar,USDJPY,2025.01.29 01:30:00,0,
2025.01.29 01:54:58,scan_skipped_same_execution_bar,USDJPY,2025.01.29 01:30:00,0,
2025.01.29 02:04:59,scan_executed_new_execution_bar,USDJPY,2025.01.29 01:45:00,0,
2025.01.29 02:09:59,scan_skipped_same_execution_bar,USDJPY,2025.01.29 01:45:00,0,
2025.01.29 02:19:59,scan_executed_new_execution_bar,USDJPY,2025.01.29 02:00:00,0,
2025.01.29 02:24:59,scan_skipped_same_execution_bar,USDJPY,2025.01.29 02:00:00,0,
2025.01.29 02:34:59,scan_executed_new_execution_bar,USDJPY,2025.01.29 02:15:00,0,
2025.01.29 02:39:59,scan_skipped_same_execution_bar,USDJPY,2025.01.29 02:15:00,0,
2025.01.29 02:49:59,scan_executed_new_execution_bar,USDJPY,2025.01.29 02:30:00,0,
2025.01.29 02:54:59,scan_skipped_same_execution_bar,USDJPY,2025.01.29 02:30:00,0,
2025.01.29 03:04:59,scan_executed_new_execution_bar,USDJPY,2025.01.29 02:45:00,0,
2025.01.29 03:10:00,scan_skipped_same_execution_bar,USDJPY,2025.01.29 02:45:00,0,
2025.01.29 03:19:59,scan_executed_new_execution_bar,USDJPY,2025.01.29 03:00:00,0,
2025.01.29 03:24:59,scan_skipped_same_execution_bar,USDJPY,2025.01.29 03:00:00,0,
2025.01.29 03:34:59,scan_executed_new_execution_bar,USDJPY,2025.01.29 03:15:00,0,
2025.01.29 03:39:59,scan_skipped_same_execution_bar,USDJPY,2025.01.29 03:15:00,0,
2025.01.29 03:49:58,scan_executed_new_execution_bar,USDJPY,2025.01.29 03:30:00,0,
2025.01.29 03:54:59,scan_skipped_same_execution_bar,USDJPY,2025.01.29 03:30:00,0,
2025.01.29 04:04:59,scan_executed_new_execution_bar,USDJPY,2025.01.29 03:45:00,0,
2025.01.29 04:09:59,scan_skipped_same_execution_bar,USDJPY,2025.01.29 03:45:00,0,
2025.01.29 04:19:58,scan_executed_new_execution_bar,USDJPY,2025.01.29 04:00:00,0,
2025.01.29 04:24:59,scan_skipped_same_execution_bar,USDJPY,2025.01.29 04:00:00,0,
2025.01.29 04:34:58,scan_executed_new_execution_bar,USDJPY,2025.01.29 04:15:00,32,
2025.01.29 04:39:59,scan_skipped_same_execution_bar,USDJPY,2025.01.29 04:15:00,0,
2025.01.29 04:49:59,scan_executed_new_execution_bar,USDJPY,2025.01.29 04:30:00,0,
2025.01.29 04:54:59,scan_skipped_same_execution_bar,USDJPY,2025.01.29 04:30:00,0,
2025.01.29 05:04:59,scan_executed_new_execution_bar,USDJPY,2025.01.29 04:45:00,0,
2025.01.29 05:09:59,scan_skipped_same_execution_bar,USDJPY,2025.01.29 04:45:00,0,
2025.01.29 05:19:59,scan_executed_new_execution_bar,USDJPY,2025.01.29 05:00:00,15,
2025.01.29 05:24:59,scan_skipped_same_execution_bar,USDJPY,2025.01.29 05:00:00,0,
2025.01.29 05:34:59,scan_executed_new_execution_bar,USDJPY,2025.01.29 05:15:00,16,
2025.01.29 05:39:58,scan_skipped_same_execution_bar,USDJPY,2025.01.29 05:15:00,0,
2025.01.29 05:49:59,scan_executed_new_execution_bar,USDJPY,2025.01.29 05:30:00,16,
2025.01.29 05:54:59,scan_skipped_same_execution_bar,USDJPY,2025.01.29 05:30:00,0,
2025.01.29 06:04:59,scan_executed_new_execution_bar,USDJPY,2025.01.29 05:45:00,32,
2025.01.29 06:09:59,scan_skipped_same_execution_bar,USDJPY,2025.01.29 05:45:00,0,
2025.01.29 06:19:58,scan_executed_new_execution_bar,USDJPY,2025.01.29 06:00:00,0,
2025.01.29 06:24:59,scan_skipped_same_execution_bar,USDJPY,2025.01.29 06:00:00,0,
2025.01.29 06:34:59,scan_executed_new_execution_bar,USDJPY,2025.01.29 06:15:00,31,
2025.01.29 06:39:59,scan_skipped_same_execution_bar,USDJPY,2025.01.29 06:15:00,0,
2025.01.29 06:49:59,scan_executed_new_execution_bar,USDJPY,2025.01.29 06:30:00,0,
2025.01.29 06:54:59,scan_skipped_same_execution_bar,USDJPY,2025.01.29 06:30:00,0,
2025.01.29 07:04:59,scan_executed_new_execution_bar,USDJPY,2025.01.29 06:45:00,0,
2025.01.29 07:09:59,scan_skipped_same_execution_bar,USDJPY,2025.01.29 06:45:00,0,
2025.01.29 07:19:58,scan_executed_new_execution_bar,USDJPY,2025.01.29 07:00:00,0,
2025.01.29 07:24:58,scan_skipped_same_execution_bar,USDJPY,2025.01.29 07:00:00,0,
2025.01.29 07:34:59,scan_executed_new_execution_bar,USDJPY,2025.01.29 07:15:00,0,
2025.01.29 07:39:59,scan_skipped_same_execution_bar,USDJPY,2025.01.29 07:15:00,0,
2025.01.29 07:50:00,scan_executed_new_execution_bar,USDJPY,2025.01.29 07:30:00,16,
2025.01.29 07:54:59,scan_skipped_same_execution_bar,USDJPY,2025.01.29 07:30:00,0,
2025.01.29 08:04:59,scan_executed_new_execution_bar,USDJPY,2025.01.29 07:45:00,0,
2025.01.29 08:09:59,scan_skipped_same_execution_bar,USDJPY,2025.01.29 07:45:00,0,
2025.01.29 08:19:59,scan_executed_new_execution_bar,USDJPY,2025.01.29 08:00:00,31,
2025.01.29 08:24:59,scan_skipped_same_execution_bar,USDJPY,2025.01.29 08:00:00,0,
2025.01.29 08:34:59,scan_executed_new_execution_bar,USDJPY,2025.01.29 08:15:00,16,
2025.01.29 08:39:59,scan_skipped_same_execution_bar,USDJPY,2025.01.29 08:15:00,0,
2025.01.29 08:49:59,scan_executed_new_execution_bar,USDJPY,2025.01.29 08:30:00,0,
2025.01.29 08:54:59,scan_skipped_same_execution_bar,USDJPY,2025.01.29 08:30:00,0,
2025.01.29 09:04:59,scan_executed_new_execution_bar,USDJPY,2025.01.29 08:45:00,0,
2025.01.29 09:09:59,scan_skipped_same_execution_bar,USDJPY,2025.01.29 08:45:00,0,
2025.01.29 09:19:59,scan_executed_new_execution_bar,USDJPY,2025.01.29 09:00:00,16,
2025.01.29 09:24:59,scan_skipped_same_execution_bar,USDJPY,2025.01.29 09:00:00,0,
2025.01.29 09:34:59,scan_executed_new_execution_bar,USDJPY,2025.01.29 09:15:00,0,
2025.01.29 09:39:59,scan_skipped_same_execution_bar,USDJPY,2025.01.29 09:15:00,0,
2025.01.29 09:49:59,scan_executed_new_execution_bar,USDJPY,2025.01.29 09:30:00,0,
2025.01.29 09:54:59,scan_skipped_same_execution_bar,USDJPY,2025.01.29 09:30:00,0,
2025.01.29 10:04:59,scan_executed_new_execution_bar,USDJPY,2025.01.29 09:45:00,0,
2025.01.29 10:10:00,scan_skipped_same_execution_bar,USDJPY,2025.01.29 09:45:00,0,
2025.01.29 10:19:59,scan_executed_new_execution_bar,USDJPY,2025.01.29 10:00:00,0,
2025.01.29 10:24:59,scan_skipped_same_execution_bar,USDJPY,2025.01.29 10:00:00,0,
2025.01.29 10:34:59,scan_executed_new_execution_bar,USDJPY,2025.01.29 10:15:00,63,
2025.01.29 10:39:59,scan_skipped_same_execution_bar,USDJPY,2025.01.29 10:15:00,0,
2025.01.29 10:49:59,scan_executed_new_execution_bar,USDJPY,2025.01.29 10:30:00,0,
2025.01.29 10:54:59,scan_skipped_same_execution_bar,USDJPY,2025.01.29 10:30:00,0,
2025.01.29 11:04:59,scan_executed_new_execution_bar,USDJPY,2025.01.29 10:45:00,0,
2025.01.29 11:09:59,scan_skipped_same_execution_bar,USDJPY,2025.01.29 10:45:00,0,
2025.01.29 11:19:59,scan_executed_new_execution_bar,USDJPY,2025.01.29 11:00:00,31,
2025.01.29 11:24:59,scan_skipped_same_execution_bar,USDJPY,2025.01.29 11:00:00,0,
2025.01.29 11:34:59,scan_executed_new_execution_bar,USDJPY,2025.01.29 11:15:00,16,
2025.01.29 11:39:59,scan_skipped_same_execution_bar,USDJPY,2025.01.29 11:15:00,0,
2025.01.29 11:49:59,scan_executed_new_execution_bar,USDJPY,2025.01.29 11:30:00,0,
2025.01.29 11:54:59,scan_skipped_same_execution_bar,USDJPY,2025.01.29 11:30:00,0,
2025.01.29 12:04:59,scan_executed_new_execution_bar,USDJPY,2025.01.29 11:45:00,0,
2025.01.29 12:09:59,scan_skipped_same_execution_bar,USDJPY,2025.01.29 11:45:00,0,
2025.01.29 12:19:59,scan_executed_new_execution_bar,USDJPY,2025.01.29 12:00:00,0,
2025.01.29 12:24:59,scan_skipped_same_execution_bar,USDJPY,2025.01.29 12:00:00,0,
2025.01.29 12:34:59,scan_executed_new_execution_bar,USDJPY,2025.01.29 12:15:00,31,
2025.01.29 12:39:59,scan_skipped_same_execution_bar,USDJPY,2025.01.29 12:15:00,0,
2025.01.29 12:49:59,scan_executed_new_execution_bar,USDJPY,2025.01.29 12:30:00,0,
2025.01.29 12:54:59,scan_skipped_same_execution_bar,USDJPY,2025.01.29 12:30:00,0,
2025.01.29 13:04:59,scan_executed_new_execution_bar,USDJPY,2025.01.29 12:45:00,16,
2025.01.29 13:09:59,scan_skipped_same_execution_bar,USDJPY,2025.01.29 12:45:00,0,
2025.01.29 13:19:59,scan_executed_new_execution_bar,USDJPY,2025.01.29 13:00:00,31,
2025.01.29 13:24:59,scan_skipped_same_execution_bar,USDJPY,2025.01.29 13:00:00,0,
2025.01.29 13:34:59,scan_executed_new_execution_bar,USDJPY,2025.01.29 13:15:00,16,
2025.01.29 13:40:00,scan_skipped_same_execution_bar,USDJPY,2025.01.29 13:15:00,0,
2025.01.29 13:49:59,scan_executed_new_execution_bar,USDJPY,2025.01.29 13:30:00,0,
2025.01.29 13:54:59,scan_skipped_same_execution_bar,USDJPY,2025.01.29 13:30:00,0,
2025.01.29 14:04:59,scan_executed_new_execution_bar,USDJPY,2025.01.29 13:45:00,31,
2025.01.29 14:09:59,scan_skipped_same_execution_bar,USDJPY,2025.01.29 13:45:00,0,
2025.01.29 14:19:59,scan_executed_new_execution_bar,USDJPY,2025.01.29 14:00:00,0,
2025.01.29 14:24:59,scan_skipped_same_execution_bar,USDJPY,2025.01.29 14:00:00,0,
2025.01.29 14:34:59,scan_executed_new_execution_bar,USDJPY,2025.01.29 14:15:00,0,
2025.01.29 14:40:00,scan_skipped_same_execution_bar,USDJPY,2025.01.29 14:15:00,0,
2025.01.29 14:49:59,scan_executed_new_execution_bar,USDJPY,2025.01.29 14:30:00,31,
2025.01.29 14:54:59,scan_skipped_same_execution_bar,USDJPY,2025.01.29 14:30:00,0,
2025.01.29 15:04:59,scan_executed_new_execution_bar,USDJPY,2025.01.29 14:45:00,16,
2025.01.29 15:09:59,scan_skipped_same_execution_bar,USDJPY,2025.01.29 14:45:00,0,
2025.01.29 15:19:59,scan_executed_new_execution_bar,USDJPY,2025.01.29 15:00:00,0,
2025.01.29 15:24:59,scan_skipped_same_execution_bar,USDJPY,2025.01.29 15:00:00,0,
2025.01.29 15:34:59,scan_executed_new_execution_bar,USDJPY,2025.01.29 15:15:00,0,
2025.01.29 15:39:59,scan_skipped_same_execution_bar,USDJPY,2025.01.29 15:15:00,0,
2025.01.29 15:49:59,scan_executed_new_execution_bar,USDJPY,2025.01.29 15:30:00,0,
2025.01.29 15:54:59,scan_skipped_same_execution_bar,USDJPY,2025.01.29 15:30:00,0,
2025.01.29 16:04:59,scan_executed_new_execution_bar,USDJPY,2025.01.29 15:45:00,16,
2025.01.29 16:09:59,scan_skipped_same_execution_bar,USDJPY,2025.01.29 15:45:00,0,
2025.01.29 16:19:59,scan_executed_new_execution_bar,USDJPY,2025.01.29 16:00:00,16,
2025.01.29 16:24:59,scan_skipped_same_execution_bar,USDJPY,2025.01.29 16:00:00,0,
2025.01.29 16:34:59,scan_executed_new_execution_bar,USDJPY,2025.01.29 16:15:00,0,
2025.01.29 16:39:59,scan_skipped_same_execution_bar,USDJPY,2025.01.29 16:15:00,0,
2025.01.29 16:49:59,scan_executed_new_execution_bar,USDJPY,2025.01.29 16:30:00,16,
2025.01.29 16:54:59,scan_skipped_same_execution_bar,USDJPY,2025.01.29 16:30:00,0,
2025.01.29 17:04:59,scan_executed_new_execution_bar,USDJPY,2025.01.29 16:45:00,16,
2025.01.29 17:09:58,scan_skipped_same_execution_bar,USDJPY,2025.01.29 16:45:00,0,
2025.01.29 17:19:59,scan_executed_new_execution_bar,USDJPY,2025.01.29 17:00:00,15,
2025.01.29 17:24:59,scan_skipped_same_execution_bar,USDJPY,2025.01.29 17:00:00,0,
2025.01.29 17:34:59,scan_executed_new_execution_bar,USDJPY,2025.01.29 17:15:00,0,
2025.01.29 17:39:59,scan_skipped_same_execution_bar,USDJPY,2025.01.29 17:15:00,0,
2025.01.29 17:49:59,scan_executed_new_execution_bar,USDJPY,2025.01.29 17:30:00,16,
2025.01.29 17:54:59,scan_skipped_same_execution_bar,USDJPY,2025.01.29 17:30:00,0,
2025.01.29 18:04:59,scan_executed_new_execution_bar,USDJPY,2025.01.29 17:45:00,0,
2025.01.29 18:09:59,scan_skipped_same_execution_bar,USDJPY,2025.01.29 17:45:00,0,
2025.01.29 18:19:59,scan_executed_new_execution_bar,USDJPY,2025.01.29 18:00:00,16,
2025.01.29 18:24:59,scan_skipped_same_execution_bar,USDJPY,2025.01.29 18:00:00,0,
2025.01.29 18:34:59,scan_executed_new_execution_bar,USDJPY,2025.01.29 18:15:00,0,
2025.01.29 18:39:59,scan_skipped_same_execution_bar,USDJPY,2025.01.29 18:15:00,0,
2025.01.29 18:49:59,scan_executed_new_execution_bar,USDJPY,2025.01.29 18:30:00,16,
2025.01.29 18:54:59,scan_skipped_same_execution_bar,USDJPY,2025.01.29 18:30:00,0,
2025.01.29 19:04:59,scan_executed_new_execution_bar,USDJPY,2025.01.29 18:45:00,16,
2025.01.29 19:09:59,scan_skipped_same_execution_bar,USDJPY,2025.01.29 18:45:00,0,
2025.01.29 19:19:59,scan_executed_new_execution_bar,USDJPY,2025.01.29 19:00:00,0,
2025.01.29 19:24:59,scan_skipped_same_execution_bar,USDJPY,2025.01.29 19:00:00,0,
2025.01.29 19:34:59,scan_executed_new_execution_bar,USDJPY,2025.01.29 19:15:00,16,
2025.01.29 19:39:59,scan_skipped_same_execution_bar,USDJPY,2025.01.29 19:15:00,0,
2025.01.29 19:49:59,scan_executed_new_execution_bar,USDJPY,2025.01.29 19:30:00,0,
2025.01.29 19:54:59,scan_skipped_same_execution_bar,USDJPY,2025.01.29 19:30:00,0,
2025.01.29 20:04:59,scan_executed_new_execution_bar,USDJPY,2025.01.29 19:45:00,31,
2025.01.29 20:09:59,scan_skipped_same_execution_bar,USDJPY,2025.01.29 19:45:00,0,
2025.01.29 20:19:55,scan_executed_new_execution_bar,USDJPY,2025.01.29 20:00:00,0,
2025.01.29 20:24:59,scan_skipped_same_execution_bar,USDJPY,2025.01.29 20:00:00,0,
2025.01.29 20:34:59,scan_executed_new_execution_bar,USDJPY,2025.01.29 20:15:00,0,
2025.01.29 20:39:59,scan_skipped_same_execution_bar,USDJPY,2025.01.29 20:15:00,0,
2025.01.29 20:49:59,scan_executed_new_execution_bar,USDJPY,2025.01.29 20:30:00,16,
2025.01.29 20:54:59,scan_skipped_same_execution_bar,USDJPY,2025.01.29 20:30:00,0,
2025.01.29 21:04:59,scan_executed_new_execution_bar,USDJPY,2025.01.29 20:45:00,0,
2025.01.29 21:09:59,scan_skipped_same_execution_bar,USDJPY,2025.01.29 20:45:00,0,
2025.01.29 21:19:59,scan_executed_new_execution_bar,USDJPY,2025.01.29 21:00:00,0,
2025.01.29 21:24:59,scan_skipped_same_execution_bar,USDJPY,2025.01.29 21:00:00,0,
2025.01.29 21:34:59,scan_executed_new_execution_bar,USDJPY,2025.01.29 21:15:00,0,
2025.01.29 21:39:59,scan_skipped_same_execution_bar,USDJPY,2025.01.29 21:15:00,0,
2025.01.29 21:49:59,scan_executed_new_execution_bar,USDJPY,2025.01.29 21:30:00,0,
2025.01.29 21:54:59,scan_skipped_same_execution_bar,USDJPY,2025.01.29 21:30:00,0,
2025.01.29 22:04:59,scan_executed_new_execution_bar,USDJPY,2025.01.29 21:45:00,31,
2025.01.29 22:10:00,scan_skipped_same_execution_bar,USDJPY,2025.01.29 21:45:00,0,
2025.01.29 22:19:59,scan_executed_new_execution_bar,USDJPY,2025.01.29 22:00:00,0,
2025.01.29 22:24:59,scan_skipped_same_execution_bar,USDJPY,2025.01.29 22:00:00,0,
2025.01.29 22:34:59,scan_executed_new_execution_bar,USDJPY,2025.01.29 22:15:00,15,
2025.01.29 22:39:59,scan_skipped_same_execution_bar,USDJPY,2025.01.29 22:15:00,0,
2025.01.29 22:49:59,scan_executed_new_execution_bar,USDJPY,2025.01.29 22:30:00,32,
2025.01.29 22:54:59,scan_skipped_same_execution_bar,USDJPY,2025.01.29 22:30:00,0,
2025.01.29 23:05:00,scan_executed_new_execution_bar,USDJPY,2025.01.29 22:45:00,0,
2025.01.29 23:09:59,scan_skipped_same_execution_bar,USDJPY,2025.01.29 22:45:00,0,
2025.01.29 23:19:59,scan_executed_new_execution_bar,USDJPY,2025.01.29 23:00:00,16,
2025.01.29 23:24:59,scan_skipped_same_execution_bar,USDJPY,2025.01.29 23:00:00,0,
2025.01.29 23:34:59,scan_executed_new_execution_bar,USDJPY,2025.01.29 23:15:00,0,
2025.01.29 23:39:59,scan_skipped_same_execution_bar,USDJPY,2025.01.29 23:15:00,0,
2025.01.29 23:49:59,scan_executed_new_execution_bar,USDJPY,2025.01.29 23:30:00,0,
2025.01.29 23:54:59,scan_skipped_same_execution_bar,USDJPY,2025.01.29 23:30:00,0,
2025.01.30 00:04:57,scan_executed_new_execution_bar,USDJPY,2025.01.29 23:45:00,0,
2025.01.30 00:09:59,scan_skipped_same_execution_bar,USDJPY,2025.01.29 23:45:00,0,
2025.01.30 00:19:59,scan_executed_new_execution_bar,USDJPY,2025.01.30 00:00:00,0,
2025.01.30 00:24:58,scan_skipped_same_execution_bar,USDJPY,2025.01.30 00:00:00,0,
2025.01.30 00:34:57,scan_executed_new_execution_bar,USDJPY,2025.01.30 00:15:00,0,
2025.01.30 00:39:58,scan_skipped_same_execution_bar,USDJPY,2025.01.30 00:15:00,0,
2025.01.30 00:49:59,scan_executed_new_execution_bar,USDJPY,2025.01.30 00:30:00,0,
2025.01.30 00:54:59,scan_skipped_same_execution_bar,USDJPY,2025.01.30 00:30:00,0,
2025.01.30 01:04:59,scan_executed_new_execution_bar,USDJPY,2025.01.30 00:45:00,0,
2025.01.30 01:09:59,scan_skipped_same_execution_bar,USDJPY,2025.01.30 00:45:00,0,
2025.01.30 01:19:59,scan_executed_new_execution_bar,USDJPY,2025.01.30 01:00:00,0,
2025.01.30 01:24:59,scan_skipped_same_execution_bar,USDJPY,2025.01.30 01:00:00,0,
2025.01.30 01:34:59,scan_executed_new_execution_bar,USDJPY,2025.01.30 01:15:00,15,
2025.01.30 01:39:59,scan_skipped_same_execution_bar,USDJPY,2025.01.30 01:15:00,0,
2025.01.30 01:49:59,scan_executed_new_execution_bar,USDJPY,2025.01.30 01:30:00,16,
2025.01.30 01:54:59,scan_skipped_same_execution_bar,USDJPY,2025.01.30 01:30:00,0,
2025.01.30 02:04:59,scan_executed_new_execution_bar,USDJPY,2025.01.30 01:45:00,16,
2025.01.30 02:09:59,scan_skipped_same_execution_bar,USDJPY,2025.01.30 01:45:00,0,
2025.01.30 02:19:59,scan_executed_new_execution_bar,USDJPY,2025.01.30 02:00:00,0,
2025.01.30 02:24:59,scan_skipped_same_execution_bar,USDJPY,2025.01.30 02:00:00,0,
2025.01.30 02:34:59,scan_executed_new_execution_bar,USDJPY,2025.01.30 02:15:00,16,
2025.01.30 02:39:59,scan_skipped_same_execution_bar,USDJPY,2025.01.30 02:15:00,0,
2025.01.30 02:49:59,scan_executed_new_execution_bar,USDJPY,2025.01.30 02:30:00,0,
2025.01.30 02:54:59,scan_skipped_same_execution_bar,USDJPY,2025.01.30 02:30:00,0,
2025.01.30 03:04:59,scan_executed_new_execution_bar,USDJPY,2025.01.30 02:45:00,0,
2025.01.30 03:09:58,scan_skipped_same_execution_bar,USDJPY,2025.01.30 02:45:00,0,
2025.01.30 03:19:59,scan_executed_new_execution_bar,USDJPY,2025.01.30 03:00:00,0,
2025.01.30 03:24:59,scan_skipped_same_execution_bar,USDJPY,2025.01.30 03:00:00,0,
2025.01.30 03:34:59,scan_executed_new_execution_bar,USDJPY,2025.01.30 03:15:00,63,
2025.01.30 03:39:59,scan_skipped_same_execution_bar,USDJPY,2025.01.30 03:15:00,0,
2025.01.30 03:49:59,scan_executed_new_execution_bar,USDJPY,2025.01.30 03:30:00,0,
2025.01.30 03:54:59,scan_skipped_same_execution_bar,USDJPY,2025.01.30 03:30:00,0,
2025.01.30 04:04:32,scan_executed_new_execution_bar,USDJPY,2025.01.30 03:45:00,0,
2025.01.30 04:09:59,scan_skipped_same_execution_bar,USDJPY,2025.01.30 03:45:00,0,
2025.01.30 04:19:59,scan_executed_new_execution_bar,USDJPY,2025.01.30 04:00:00,0,
2025.01.30 04:24:59,scan_skipped_same_execution_bar,USDJPY,2025.01.30 04:00:00,0,
2025.01.30 04:34:59,scan_executed_new_execution_bar,USDJPY,2025.01.30 04:15:00,0,
2025.01.30 04:39:59,scan_skipped_same_execution_bar,USDJPY,2025.01.30 04:15:00,0,
2025.01.30 04:49:59,scan_executed_new_execution_bar,USDJPY,2025.01.30 04:30:00,63,
2025.01.30 04:54:59,scan_skipped_same_execution_bar,USDJPY,2025.01.30 04:30:00,0,
2025.01.30 05:04:59,scan_executed_new_execution_bar,USDJPY,2025.01.30 04:45:00,0,
2025.01.30 05:09:59,scan_skipped_same_execution_bar,USDJPY,2025.01.30 04:45:00,0,
2025.01.30 05:19:59,scan_executed_new_execution_bar,USDJPY,2025.01.30 05:00:00,46,
2025.01.30 05:24:59,scan_skipped_same_execution_bar,USDJPY,2025.01.30 05:00:00,0,
2025.01.30 05:34:59,scan_executed_new_execution_bar,USDJPY,2025.01.30 05:15:00,0,
2025.01.30 05:39:59,scan_skipped_same_execution_bar,USDJPY,2025.01.30 05:15:00,0,
2025.01.30 05:49:59,scan_executed_new_execution_bar,USDJPY,2025.01.30 05:30:00,47,
2025.01.30 05:54:59,scan_skipped_same_execution_bar,USDJPY,2025.01.30 05:30:00,0,
2025.01.30 06:04:59,scan_executed_new_execution_bar,USDJPY,2025.01.30 05:45:00,31,
2025.01.30 06:09:57,scan_skipped_same_execution_bar,USDJPY,2025.01.30 05:45:00,0,
2025.01.30 06:19:59,scan_executed_new_execution_bar,USDJPY,2025.01.30 06:00:00,0,
2025.01.30 06:24:58,scan_skipped_same_execution_bar,USDJPY,2025.01.30 06:00:00,0,
2025.01.30 06:34:58,scan_executed_new_execution_bar,USDJPY,2025.01.30 06:15:00,0,
2025.01.30 06:39:59,scan_skipped_same_execution_bar,USDJPY,2025.01.30 06:15:00,0,
2025.01.30 06:49:59,scan_executed_new_execution_bar,USDJPY,2025.01.30 06:30:00,0,
2025.01.30 06:54:59,scan_skipped_same_execution_bar,USDJPY,2025.01.30 06:30:00,0,
2025.01.30 07:04:59,scan_executed_new_execution_bar,USDJPY,2025.01.30 06:45:00,0,
2025.01.30 07:09:58,scan_skipped_same_execution_bar,USDJPY,2025.01.30 06:45:00,0,
2025.01.30 07:19:59,scan_executed_new_execution_bar,USDJPY,2025.01.30 07:00:00,0,
2025.01.30 07:25:00,scan_skipped_same_execution_bar,USDJPY,2025.01.30 07:00:00,0,
2025.01.30 07:34:54,scan_executed_new_execution_bar,USDJPY,2025.01.30 07:15:00,31,
2025.01.30 07:39:59,scan_skipped_same_execution_bar,USDJPY,2025.01.30 07:15:00,0,
2025.01.30 07:49:59,scan_executed_new_execution_bar,USDJPY,2025.01.30 07:30:00,0,
2025.01.30 07:54:59,scan_skipped_same_execution_bar,USDJPY,2025.01.30 07:30:00,0,
2025.01.30 08:04:59,scan_executed_new_execution_bar,USDJPY,2025.01.30 07:45:00,0,
2025.01.30 08:09:59,scan_skipped_same_execution_bar,USDJPY,2025.01.30 07:45:00,0,
2025.01.30 08:19:59,scan_executed_new_execution_bar,USDJPY,2025.01.30 08:00:00,0,
2025.01.30 08:24:59,scan_skipped_same_execution_bar,USDJPY,2025.01.30 08:00:00,0,
2025.01.30 08:34:59,scan_executed_new_execution_bar,USDJPY,2025.01.30 08:15:00,0,
2025.01.30 08:39:59,scan_skipped_same_execution_bar,USDJPY,2025.01.30 08:15:00,0,
2025.01.30 08:49:59,scan_executed_new_execution_bar,USDJPY,2025.01.30 08:30:00,0,
2025.01.30 08:54:59,scan_skipped_same_execution_bar,USDJPY,2025.01.30 08:30:00,0,
2025.01.30 09:04:59,scan_executed_new_execution_bar,USDJPY,2025.01.30 08:45:00,0,
2025.01.30 09:09:59,scan_skipped_same_execution_bar,USDJPY,2025.01.30 08:45:00,0,
2025.01.30 09:19:59,scan_executed_new_execution_bar,USDJPY,2025.01.30 09:00:00,31,
2025.01.30 09:24:59,scan_skipped_same_execution_bar,USDJPY,2025.01.30 09:00:00,0,
2025.01.30 09:34:59,scan_executed_new_execution_bar,USDJPY,2025.01.30 09:15:00,0,
2025.01.30 09:39:59,scan_skipped_same_execution_bar,USDJPY,2025.01.30 09:15:00,0,
2025.01.30 09:49:59,scan_executed_new_execution_bar,USDJPY,2025.01.30 09:30:00,0,
2025.01.30 09:54:59,scan_skipped_same_execution_bar,USDJPY,2025.01.30 09:30:00,0,
2025.01.30 10:04:59,scan_executed_new_execution_bar,USDJPY,2025.01.30 09:45:00,0,
2025.01.30 10:09:59,scan_skipped_same_execution_bar,USDJPY,2025.01.30 09:45:00,0,
2025.01.30 10:19:59,scan_executed_new_execution_bar,USDJPY,2025.01.30 10:00:00,15,
2025.01.30 10:24:59,scan_skipped_same_execution_bar,USDJPY,2025.01.30 10:00:00,0,
2025.01.30 10:34:59,scan_executed_new_execution_bar,USDJPY,2025.01.30 10:15:00,0,
2025.01.30 10:39:59,scan_skipped_same_execution_bar,USDJPY,2025.01.30 10:15:00,0,
2025.01.30 10:49:59,scan_executed_new_execution_bar,USDJPY,2025.01.30 10:30:00,0,
2025.01.30 10:54:59,scan_skipped_same_execution_bar,USDJPY,2025.01.30 10:30:00,0,
2025.01.30 11:04:59,scan_executed_new_execution_bar,USDJPY,2025.01.30 10:45:00,0,
2025.01.30 11:09:59,scan_skipped_same_execution_bar,USDJPY,2025.01.30 10:45:00,0,
2025.01.30 11:19:59,scan_executed_new_execution_bar,USDJPY,2025.01.30 11:00:00,0,
2025.01.30 11:24:59,scan_skipped_same_execution_bar,USDJPY,2025.01.30 11:00:00,0,
2025.01.30 11:34:59,scan_executed_new_execution_bar,USDJPY,2025.01.30 11:15:00,0,
2025.01.30 11:39:59,scan_skipped_same_execution_bar,USDJPY,2025.01.30 11:15:00,0,
2025.01.30 11:49:59,scan_executed_new_execution_bar,USDJPY,2025.01.30 11:30:00,32,
2025.01.30 11:54:59,scan_skipped_same_execution_bar,USDJPY,2025.01.30 11:30:00,0,
2025.01.30 12:04:59,scan_executed_new_execution_bar,USDJPY,2025.01.30 11:45:00,0,
2025.01.30 12:09:59,scan_skipped_same_execution_bar,USDJPY,2025.01.30 11:45:00,0,
2025.01.30 12:19:59,scan_executed_new_execution_bar,USDJPY,2025.01.30 12:00:00,0,
2025.01.30 12:24:59,scan_skipped_same_execution_bar,USDJPY,2025.01.30 12:00:00,0,
2025.01.30 12:34:59,scan_executed_new_execution_bar,USDJPY,2025.01.30 12:15:00,15,
2025.01.30 12:39:59,scan_skipped_same_execution_bar,USDJPY,2025.01.30 12:15:00,0,
2025.01.30 12:49:58,scan_executed_new_execution_bar,USDJPY,2025.01.30 12:30:00,0,
2025.01.30 12:54:59,scan_skipped_same_execution_bar,USDJPY,2025.01.30 12:30:00,0,
2025.01.30 13:04:59,scan_executed_new_execution_bar,USDJPY,2025.01.30 12:45:00,15,
2025.01.30 13:09:59,scan_skipped_same_execution_bar,USDJPY,2025.01.30 12:45:00,0,
2025.01.30 13:19:59,scan_executed_new_execution_bar,USDJPY,2025.01.30 13:00:00,0,
2025.01.30 13:24:59,scan_skipped_same_execution_bar,USDJPY,2025.01.30 13:00:00,0,
2025.01.30 13:34:59,scan_executed_new_execution_bar,USDJPY,2025.01.30 13:15:00,16,
2025.01.30 13:40:00,scan_skipped_same_execution_bar,USDJPY,2025.01.30 13:15:00,0,
2025.01.30 13:49:58,scan_executed_new_execution_bar,USDJPY,2025.01.30 13:30:00,0,
2025.01.30 13:54:59,scan_skipped_same_execution_bar,USDJPY,2025.01.30 13:30:00,0,
2025.01.30 14:04:59,scan_executed_new_execution_bar,USDJPY,2025.01.30 13:45:00,0,
2025.01.30 14:09:58,scan_skipped_same_execution_bar,USDJPY,2025.01.30 13:45:00,0,
2025.01.30 14:19:59,scan_executed_new_execution_bar,USDJPY,2025.01.30 14:00:00,0,
2025.01.30 14:24:59,scan_skipped_same_execution_bar,USDJPY,2025.01.30 14:00:00,0,
2025.01.30 14:34:59,scan_executed_new_execution_bar,USDJPY,2025.01.30 14:15:00,0,
2025.01.30 14:39:59,scan_skipped_same_execution_bar,USDJPY,2025.01.30 14:15:00,0,
2025.01.30 14:49:59,scan_executed_new_execution_bar,USDJPY,2025.01.30 14:30:00,0,
2025.01.30 14:54:59,scan_skipped_same_execution_bar,USDJPY,2025.01.30 14:30:00,0,
2025.01.30 15:04:59,scan_executed_new_execution_bar,USDJPY,2025.01.30 14:45:00,0,
2025.01.30 15:09:59,scan_skipped_same_execution_bar,USDJPY,2025.01.30 14:45:00,0,
2025.01.30 15:19:59,scan_executed_new_execution_bar,USDJPY,2025.01.30 15:00:00,0,
2025.01.30 15:24:59,scan_skipped_same_execution_bar,USDJPY,2025.01.30 15:00:00,0,
2025.01.30 15:34:59,scan_executed_new_execution_bar,USDJPY,2025.01.30 15:15:00,0,
2025.01.30 15:39:59,scan_skipped_same_execution_bar,USDJPY,2025.01.30 15:15:00,0,
2025.01.30 15:49:59,scan_executed_new_execution_bar,USDJPY,2025.01.30 15:30:00,16,
2025.01.30 15:54:59,scan_skipped_same_execution_bar,USDJPY,2025.01.30 15:30:00,0,
2025.01.30 16:04:59,scan_executed_new_execution_bar,USDJPY,2025.01.30 15:45:00,0,
2025.01.30 16:09:59,scan_skipped_same_execution_bar,USDJPY,2025.01.30 15:45:00,0,
2025.01.30 16:19:59,scan_executed_new_execution_bar,USDJPY,2025.01.30 16:00:00,31,
2025.01.30 16:24:59,scan_skipped_same_execution_bar,USDJPY,2025.01.30 16:00:00,0,
2025.01.30 16:30:00,scan_executed_new_execution_bar,USDJPY,2025.01.30 16:15:00,63,
2025.01.30 16:34:59,scan_skipped_same_execution_bar,USDJPY,2025.01.30 16:15:00,0,
2025.01.30 16:49:59,scan_executed_new_execution_bar,USDJPY,2025.01.30 16:30:00,0,
2025.01.30 16:54:59,scan_skipped_same_execution_bar,USDJPY,2025.01.30 16:30:00,0,
2025.01.30 17:04:59,scan_executed_new_execution_bar,USDJPY,2025.01.30 16:45:00,15,
2025.01.30 17:09:59,scan_skipped_same_execution_bar,USDJPY,2025.01.30 16:45:00,0,
2025.01.30 17:20:00,scan_executed_new_execution_bar,USDJPY,2025.01.30 17:00:00,0,
2025.01.30 17:24:59,scan_skipped_same_execution_bar,USDJPY,2025.01.30 17:00:00,0,
2025.01.30 17:34:59,scan_executed_new_execution_bar,USDJPY,2025.01.30 17:15:00,0,
2025.01.30 17:39:59,scan_skipped_same_execution_bar,USDJPY,2025.01.30 17:15:00,0,
2025.01.30 17:49:59,scan_executed_new_execution_bar,USDJPY,2025.01.30 17:30:00,62,
2025.01.30 17:54:59,scan_skipped_same_execution_bar,USDJPY,2025.01.30 17:30:00,0,
2025.01.30 18:04:59,scan_executed_new_execution_bar,USDJPY,2025.01.30 17:45:00,16,
2025.01.30 18:09:59,scan_skipped_same_execution_bar,USDJPY,2025.01.30 17:45:00,0,
2025.01.30 18:19:59,scan_executed_new_execution_bar,USDJPY,2025.01.30 18:00:00,47,
2025.01.30 18:24:59,scan_skipped_same_execution_bar,USDJPY,2025.01.30 18:00:00,0,
2025.01.30 18:34:59,scan_executed_new_execution_bar,USDJPY,2025.01.30 18:15:00,15,
2025.01.30 18:39:59,scan_skipped_same_execution_bar,USDJPY,2025.01.30 18:15:00,0,
2025.01.30 18:49:59,scan_executed_new_execution_bar,USDJPY,2025.01.30 18:30:00,32,
2025.01.30 18:54:59,scan_skipped_same_execution_bar,USDJPY,2025.01.30 18:30:00,0,
2025.01.30 19:04:59,scan_executed_new_execution_bar,USDJPY,2025.01.30 18:45:00,31,
2025.01.30 19:09:59,scan_skipped_same_execution_bar,USDJPY,2025.01.30 18:45:00,0,
2025.01.30 19:19:59,scan_executed_new_execution_bar,USDJPY,2025.01.30 19:00:00,63,
2025.01.30 19:24:59,scan_skipped_same_execution_bar,USDJPY,2025.01.30 19:00:00,0,
2025.01.30 19:34:58,scan_executed_new_execution_bar,USDJPY,2025.01.30 19:15:00,31,
2025.01.30 19:39:59,scan_skipped_same_execution_bar,USDJPY,2025.01.30 19:15:00,0,
2025.01.30 19:49:59,scan_executed_new_execution_bar,USDJPY,2025.01.30 19:30:00,0,
2025.01.30 19:54:59,scan_skipped_same_execution_bar,USDJPY,2025.01.30 19:30:00,0,
2025.01.30 20:04:59,scan_executed_new_execution_bar,USDJPY,2025.01.30 19:45:00,0,
2025.01.30 20:09:59,scan_skipped_same_execution_bar,USDJPY,2025.01.30 19:45:00,0,
2025.01.30 20:19:59,scan_executed_new_execution_bar,USDJPY,2025.01.30 20:00:00,0,
2025.01.30 20:24:59,scan_skipped_same_execution_bar,USDJPY,2025.01.30 20:00:00,0,
2025.01.30 20:34:59,scan_executed_new_execution_bar,USDJPY,2025.01.30 20:15:00,0,
2025.01.30 20:39:59,scan_skipped_same_execution_bar,USDJPY,2025.01.30 20:15:00,0,
2025.01.30 20:49:59,scan_executed_new_execution_bar,USDJPY,2025.01.30 20:30:00,0,
2025.01.30 20:54:58,scan_skipped_same_execution_bar,USDJPY,2025.01.30 20:30:00,0,
2025.01.30 21:05:00,scan_executed_new_execution_bar,USDJPY,2025.01.30 20:45:00,0,
2025.01.30 21:09:59,scan_skipped_same_execution_bar,USDJPY,2025.01.30 20:45:00,0,
2025.01.30 21:19:59,scan_executed_new_execution_bar,USDJPY,2025.01.30 21:00:00,15,
2025.01.30 21:24:59,scan_skipped_same_execution_bar,USDJPY,2025.01.30 21:00:00,0,
2025.01.30 21:34:59,scan_executed_new_execution_bar,USDJPY,2025.01.30 21:15:00,16,
2025.01.30 21:39:59,scan_skipped_same_execution_bar,USDJPY,2025.01.30 21:15:00,0,
2025.01.30 21:49:59,scan_executed_new_execution_bar,USDJPY,2025.01.30 21:30:00,0,
2025.01.30 21:54:59,scan_skipped_same_execution_bar,USDJPY,2025.01.30 21:30:00,0,
2025.01.30 22:04:58,scan_executed_new_execution_bar,USDJPY,2025.01.30 21:45:00,0,
2025.01.30 22:09:59,scan_skipped_same_execution_bar,USDJPY,2025.01.30 21:45:00,0,
2025.01.30 22:19:59,scan_executed_new_execution_bar,USDJPY,2025.01.30 22:00:00,0,
2025.01.30 22:24:59,scan_skipped_same_execution_bar,USDJPY,2025.01.30 22:00:00,0,
2025.01.30 22:34:59,scan_executed_new_execution_bar,USDJPY,2025.01.30 22:15:00,0,
2025.01.30 22:39:59,scan_skipped_same_execution_bar,USDJPY,2025.01.30 22:15:00,0,
2025.01.30 22:49:59,scan_executed_new_execution_bar,USDJPY,2025.01.30 22:30:00,0,
2025.01.30 22:54:59,scan_skipped_same_execution_bar,USDJPY,2025.01.30 22:30:00,0,
2025.01.30 23:04:59,scan_executed_new_execution_bar,USDJPY,2025.01.30 22:45:00,16,
2025.01.30 23:09:59,scan_skipped_same_execution_bar,USDJPY,2025.01.30 22:45:00,0,
2025.01.30 23:19:59,scan_executed_new_execution_bar,USDJPY,2025.01.30 23:00:00,0,
2025.01.30 23:24:59,scan_skipped_same_execution_bar,USDJPY,2025.01.30 23:00:00,0,
2025.01.30 23:34:59,scan_executed_new_execution_bar,USDJPY,2025.01.30 23:15:00,0,
2025.01.30 23:39:59,scan_skipped_same_execution_bar,USDJPY,2025.01.30 23:15:00,0,
2025.01.30 23:49:58,scan_executed_new_execution_bar,USDJPY,2025.01.30 23:30:00,0,
2025.01.30 23:54:59,scan_skipped_same_execution_bar,USDJPY,2025.01.30 23:30:00,0,
2025.01.31 00:04:58,scan_executed_new_execution_bar,USDJPY,2025.01.30 23:45:00,0,
2025.01.31 00:09:56,scan_skipped_same_execution_bar,USDJPY,2025.01.30 23:45:00,0,
2025.01.31 00:19:54,scan_executed_new_execution_bar,USDJPY,2025.01.31 00:00:00,0,
2025.01.31 00:24:58,scan_skipped_same_execution_bar,USDJPY,2025.01.31 00:00:00,0,
2025.01.31 00:34:59,scan_executed_new_execution_bar,USDJPY,2025.01.31 00:15:00,0,
2025.01.31 00:39:59,scan_skipped_same_execution_bar,USDJPY,2025.01.31 00:15:00,0,
2025.01.31 00:49:57,scan_executed_new_execution_bar,USDJPY,2025.01.31 00:30:00,0,
2025.01.31 00:54:56,scan_skipped_same_execution_bar,USDJPY,2025.01.31 00:30:00,0,
2025.01.31 01:04:59,scan_executed_new_execution_bar,USDJPY,2025.01.31 00:45:00,0,
2025.01.31 01:09:59,scan_skipped_same_execution_bar,USDJPY,2025.01.31 00:45:00,0,
2025.01.31 01:19:58,scan_executed_new_execution_bar,USDJPY,2025.01.31 01:00:00,16,
2025.01.31 01:24:59,scan_skipped_same_execution_bar,USDJPY,2025.01.31 01:00:00,0,
2025.01.31 01:34:59,scan_executed_new_execution_bar,USDJPY,2025.01.31 01:15:00,31,
2025.01.31 01:39:59,scan_skipped_same_execution_bar,USDJPY,2025.01.31 01:15:00,0,
2025.01.31 01:49:59,scan_executed_new_execution_bar,USDJPY,2025.01.31 01:30:00,31,
2025.01.31 01:54:59,scan_skipped_same_execution_bar,USDJPY,2025.01.31 01:30:00,0,
2025.01.31 02:04:59,scan_executed_new_execution_bar,USDJPY,2025.01.31 01:45:00,16,
2025.01.31 02:09:59,scan_skipped_same_execution_bar,USDJPY,2025.01.31 01:45:00,0,
2025.01.31 02:19:59,scan_executed_new_execution_bar,USDJPY,2025.01.31 02:00:00,31,
2025.01.31 02:24:59,scan_skipped_same_execution_bar,USDJPY,2025.01.31 02:00:00,0,
2025.01.31 02:34:59,scan_executed_new_execution_bar,USDJPY,2025.01.31 02:15:00,15,
2025.01.31 02:39:59,scan_skipped_same_execution_bar,USDJPY,2025.01.31 02:15:00,0,
2025.01.31 02:49:59,scan_executed_new_execution_bar,USDJPY,2025.01.31 02:30:00,0,
2025.01.31 02:55:00,scan_skipped_same_execution_bar,USDJPY,2025.01.31 02:30:00,0,
2025.01.31 03:04:59,scan_executed_new_execution_bar,USDJPY,2025.01.31 02:45:00,0,
2025.01.31 03:09:59,scan_skipped_same_execution_bar,USDJPY,2025.01.31 02:45:00,0,
2025.01.31 03:19:59,scan_executed_new_execution_bar,USDJPY,2025.01.31 03:00:00,0,
2025.01.31 03:24:59,scan_skipped_same_execution_bar,USDJPY,2025.01.31 03:00:00,0,
2025.01.31 03:34:59,scan_executed_new_execution_bar,USDJPY,2025.01.31 03:15:00,0,
2025.01.31 03:39:59,scan_skipped_same_execution_bar,USDJPY,2025.01.31 03:15:00,0,
2025.01.31 03:49:59,scan_executed_new_execution_bar,USDJPY,2025.01.31 03:30:00,16,
2025.01.31 03:54:59,scan_skipped_same_execution_bar,USDJPY,2025.01.31 03:30:00,0,
2025.01.31 04:04:59,scan_executed_new_execution_bar,USDJPY,2025.01.31 03:45:00,0,
2025.01.31 04:09:59,scan_skipped_same_execution_bar,USDJPY,2025.01.31 03:45:00,0,
2025.01.31 04:19:59,scan_executed_new_execution_bar,USDJPY,2025.01.31 04:00:00,0,
2025.01.31 04:24:59,scan_skipped_same_execution_bar,USDJPY,2025.01.31 04:00:00,0,
2025.01.31 04:34:58,scan_executed_new_execution_bar,USDJPY,2025.01.31 04:15:00,0,
2025.01.31 04:39:59,scan_skipped_same_execution_bar,USDJPY,2025.01.31 04:15:00,0,
2025.01.31 04:49:59,scan_executed_new_execution_bar,USDJPY,2025.01.31 04:30:00,16,
2025.01.31 04:54:59,scan_skipped_same_execution_bar,USDJPY,2025.01.31 04:30:00,0,
2025.01.31 05:04:59,scan_executed_new_execution_bar,USDJPY,2025.01.31 04:45:00,47,
2025.01.31 05:09:59,scan_skipped_same_execution_bar,USDJPY,2025.01.31 04:45:00,0,
2025.01.31 05:19:54,scan_executed_new_execution_bar,USDJPY,2025.01.31 05:00:00,15,
2025.01.31 05:24:59,scan_skipped_same_execution_bar,USDJPY,2025.01.31 05:00:00,0,
2025.01.31 05:34:59,scan_executed_new_execution_bar,USDJPY,2025.01.31 05:15:00,0,
2025.01.31 05:39:58,scan_skipped_same_execution_bar,USDJPY,2025.01.31 05:15:00,0,
2025.01.31 05:49:59,scan_executed_new_execution_bar,USDJPY,2025.01.31 05:30:00,0,
2025.01.31 05:54:59,scan_skipped_same_execution_bar,USDJPY,2025.01.31 05:30:00,0,
2025.01.31 06:04:59,scan_executed_new_execution_bar,USDJPY,2025.01.31 05:45:00,0,
2025.01.31 06:09:59,scan_skipped_same_execution_bar,USDJPY,2025.01.31 05:45:00,0,
2025.01.31 06:19:59,scan_executed_new_execution_bar,USDJPY,2025.01.31 06:00:00,0,
2025.01.31 06:24:59,scan_skipped_same_execution_bar,USDJPY,2025.01.31 06:00:00,0,
2025.01.31 06:34:58,scan_executed_new_execution_bar,USDJPY,2025.01.31 06:15:00,16,
2025.01.31 06:39:58,scan_skipped_same_execution_bar,USDJPY,2025.01.31 06:15:00,0,
2025.01.31 06:49:58,scan_executed_new_execution_bar,USDJPY,2025.01.31 06:30:00,0,
2025.01.31 06:54:59,scan_skipped_same_execution_bar,USDJPY,2025.01.31 06:30:00,0,
2025.01.31 07:05:00,scan_executed_new_execution_bar,USDJPY,2025.01.31 06:45:00,0,
2025.01.31 07:09:59,scan_skipped_same_execution_bar,USDJPY,2025.01.31 06:45:00,0,
2025.01.31 07:19:59,scan_executed_new_execution_bar,USDJPY,2025.01.31 07:00:00,0,
2025.01.31 07:24:59,scan_skipped_same_execution_bar,USDJPY,2025.01.31 07:00:00,0,
2025.01.31 07:34:59,scan_executed_new_execution_bar,USDJPY,2025.01.31 07:15:00,0,
2025.01.31 07:39:59,scan_skipped_same_execution_bar,USDJPY,2025.01.31 07:15:00,0,
2025.01.31 07:49:59,scan_executed_new_execution_bar,USDJPY,2025.01.31 07:30:00,0,
2025.01.31 07:54:59,scan_skipped_same_execution_bar,USDJPY,2025.01.31 07:30:00,0,
2025.01.31 08:04:59,scan_executed_new_execution_bar,USDJPY,2025.01.31 07:45:00,16,
2025.01.31 08:09:59,scan_skipped_same_execution_bar,USDJPY,2025.01.31 07:45:00,0,
2025.01.31 08:19:59,scan_executed_new_execution_bar,USDJPY,2025.01.31 08:00:00,0,
2025.01.31 08:24:59,scan_skipped_same_execution_bar,USDJPY,2025.01.31 08:00:00,0,
2025.01.31 08:34:59,scan_executed_new_execution_bar,USDJPY,2025.01.31 08:15:00,32,
2025.01.31 08:39:59,scan_skipped_same_execution_bar,USDJPY,2025.01.31 08:15:00,0,
2025.01.31 08:49:59,scan_executed_new_execution_bar,USDJPY,2025.01.31 08:30:00,0,
2025.01.31 08:54:59,scan_skipped_same_execution_bar,USDJPY,2025.01.31 08:30:00,0,
2025.01.31 09:04:59,scan_executed_new_execution_bar,USDJPY,2025.01.31 08:45:00,0,
2025.01.31 09:09:59,scan_skipped_same_execution_bar,USDJPY,2025.01.31 08:45:00,0,
2025.01.31 09:19:59,scan_executed_new_execution_bar,USDJPY,2025.01.31 09:00:00,0,
2025.01.31 09:24:59,scan_skipped_same_execution_bar,USDJPY,2025.01.31 09:00:00,0,
2025.01.31 09:34:59,scan_executed_new_execution_bar,USDJPY,2025.01.31 09:15:00,0,
2025.01.31 09:39:59,scan_skipped_same_execution_bar,USDJPY,2025.01.31 09:15:00,0,
2025.01.31 09:49:59,scan_executed_new_execution_bar,USDJPY,2025.01.31 09:30:00,0,
2025.01.31 09:54:59,scan_skipped_same_execution_bar,USDJPY,2025.01.31 09:30:00,0,
2025.01.31 10:04:59,scan_executed_new_execution_bar,USDJPY,2025.01.31 09:45:00,0,
2025.01.31 10:09:59,scan_skipped_same_execution_bar,USDJPY,2025.01.31 09:45:00,0,
2025.01.31 10:19:59,scan_executed_new_execution_bar,USDJPY,2025.01.31 10:00:00,32,
2025.01.31 10:24:59,scan_skipped_same_execution_bar,USDJPY,2025.01.31 10:00:00,0,
2025.01.31 10:34:59,scan_executed_new_execution_bar,USDJPY,2025.01.31 10:15:00,31,
2025.01.31 10:39:59,scan_skipped_same_execution_bar,USDJPY,2025.01.31 10:15:00,0,
2025.01.31 10:49:57,scan_executed_new_execution_bar,USDJPY,2025.01.31 10:30:00,0,
2025.01.31 10:54:59,scan_skipped_same_execution_bar,USDJPY,2025.01.31 10:30:00,0,
2025.01.31 11:04:59,scan_executed_new_execution_bar,USDJPY,2025.01.31 10:45:00,0,
2025.01.31 11:09:59,scan_skipped_same_execution_bar,USDJPY,2025.01.31 10:45:00,0,
2025.01.31 11:19:59,scan_executed_new_execution_bar,USDJPY,2025.01.31 11:00:00,16,
2025.01.31 11:24:59,scan_skipped_same_execution_bar,USDJPY,2025.01.31 11:00:00,0,
2025.01.31 11:34:59,scan_executed_new_execution_bar,USDJPY,2025.01.31 11:15:00,0,
2025.01.31 11:39:59,scan_skipped_same_execution_bar,USDJPY,2025.01.31 11:15:00,0,
2025.01.31 11:49:58,scan_executed_new_execution_bar,USDJPY,2025.01.31 11:30:00,16,
2025.01.31 11:54:59,scan_skipped_same_execution_bar,USDJPY,2025.01.31 11:30:00,0,
2025.01.31 12:04:59,scan_executed_new_execution_bar,USDJPY,2025.01.31 11:45:00,0,
2025.01.31 12:09:59,scan_skipped_same_execution_bar,USDJPY,2025.01.31 11:45:00,0,
2025.01.31 12:19:59,scan_executed_new_execution_bar,USDJPY,2025.01.31 12:00:00,0,
2025.01.31 12:24:59,scan_skipped_same_execution_bar,USDJPY,2025.01.31 12:00:00,0,
2025.01.31 12:34:59,scan_executed_new_execution_bar,USDJPY,2025.01.31 12:15:00,31,
2025.01.31 12:39:59,scan_skipped_same_execution_bar,USDJPY,2025.01.31 12:15:00,0,
2025.01.31 12:49:59,scan_executed_new_execution_bar,USDJPY,2025.01.31 12:30:00,0,
2025.01.31 12:54:59,scan_skipped_same_execution_bar,USDJPY,2025.01.31 12:30:00,0,
2025.01.31 13:04:59,scan_executed_new_execution_bar,USDJPY,2025.01.31 12:45:00,0,
2025.01.31 13:09:59,scan_skipped_same_execution_bar,USDJPY,2025.01.31 12:45:00,0,
2025.01.31 13:19:59,scan_executed_new_execution_bar,USDJPY,2025.01.31 13:00:00,16,
2025.01.31 13:24:59,scan_skipped_same_execution_bar,USDJPY,2025.01.31 13:00:00,0,
2025.01.31 13:34:59,scan_executed_new_execution_bar,USDJPY,2025.01.31 13:15:00,0,
2025.01.31 13:39:58,scan_skipped_same_execution_bar,USDJPY,2025.01.31 13:15:00,0,
2025.01.31 13:49:59,scan_executed_new_execution_bar,USDJPY,2025.01.31 13:30:00,15,
2025.01.31 13:54:58,scan_skipped_same_execution_bar,USDJPY,2025.01.31 13:30:00,0,
2025.01.31 14:05:00,scan_executed_new_execution_bar,USDJPY,2025.01.31 13:45:00,0,
2025.01.31 14:09:59,scan_skipped_same_execution_bar,USDJPY,2025.01.31 13:45:00,0,
2025.01.31 14:19:59,scan_executed_new_execution_bar,USDJPY,2025.01.31 14:00:00,0,
2025.01.31 14:25:00,scan_skipped_same_execution_bar,USDJPY,2025.01.31 14:00:00,0,
2025.01.31 14:34:58,scan_executed_new_execution_bar,USDJPY,2025.01.31 14:15:00,16,
2025.01.31 14:39:59,scan_skipped_same_execution_bar,USDJPY,2025.01.31 14:15:00,0,
2025.01.31 14:49:59,scan_executed_new_execution_bar,USDJPY,2025.01.31 14:30:00,0,
2025.01.31 14:54:58,scan_skipped_same_execution_bar,USDJPY,2025.01.31 14:30:00,0,
2025.01.31 15:04:59,scan_executed_new_execution_bar,USDJPY,2025.01.31 14:45:00,0,
2025.01.31 15:09:59,scan_skipped_same_execution_bar,USDJPY,2025.01.31 14:45:00,0,
2025.01.31 15:19:59,scan_executed_new_execution_bar,USDJPY,2025.01.31 15:00:00,0,
2025.01.31 15:24:59,scan_skipped_same_execution_bar,USDJPY,2025.01.31 15:00:00,0,
2025.01.31 15:34:59,scan_executed_new_execution_bar,USDJPY,2025.01.31 15:15:00,16,
2025.01.31 15:39:59,scan_skipped_same_execution_bar,USDJPY,2025.01.31 15:15:00,0,
2025.01.31 15:49:59,scan_executed_new_execution_bar,USDJPY,2025.01.31 15:30:00,0,
2025.01.31 15:54:59,scan_skipped_same_execution_bar,USDJPY,2025.01.31 15:30:00,0,
2025.01.31 16:04:59,scan_executed_new_execution_bar,USDJPY,2025.01.31 15:45:00,0,
2025.01.31 16:09:59,scan_skipped_same_execution_bar,USDJPY,2025.01.31 15:45:00,0,
2025.01.31 16:19:59,scan_executed_new_execution_bar,USDJPY,2025.01.31 16:00:00,0,
2025.01.31 16:24:59,scan_skipped_same_execution_bar,USDJPY,2025.01.31 16:00:00,0,
2025.01.31 16:34:59,scan_executed_new_execution_bar,USDJPY,2025.01.31 16:15:00,0,
2025.01.31 16:39:59,scan_skipped_same_execution_bar,USDJPY,2025.01.31 16:15:00,0,
2025.01.31 16:49:59,scan_executed_new_execution_bar,USDJPY,2025.01.31 16:30:00,15,
2025.01.31 16:54:59,scan_skipped_same_execution_bar,USDJPY,2025.01.31 16:30:00,0,
2025.01.31 17:04:59,scan_executed_new_execution_bar,USDJPY,2025.01.31 16:45:00,0,
2025.01.31 17:09:59,scan_skipped_same_execution_bar,USDJPY,2025.01.31 16:45:00,0,
2025.01.31 17:19:59,scan_executed_new_execution_bar,USDJPY,2025.01.31 17:00:00,46,
2025.01.31 17:24:59,scan_skipped_same_execution_bar,USDJPY,2025.01.31 17:00:00,0,
2025.01.31 17:34:59,scan_executed_new_execution_bar,USDJPY,2025.01.31 17:15:00,16,
2025.01.31 17:39:59,scan_skipped_same_execution_bar,USDJPY,2025.01.31 17:15:00,0,
2025.01.31 17:49:59,scan_executed_new_execution_bar,USDJPY,2025.01.31 17:30:00,16,
2025.01.31 17:54:59,scan_skipped_same_execution_bar,USDJPY,2025.01.31 17:30:00,0,
2025.01.31 18:04:59,scan_executed_new_execution_bar,USDJPY,2025.01.31 17:45:00,0,
2025.01.31 18:09:59,scan_skipped_same_execution_bar,USDJPY,2025.01.31 17:45:00,0,
2025.01.31 18:19:59,scan_executed_new_execution_bar,USDJPY,2025.01.31 18:00:00,16,
2025.01.31 18:24:59,scan_skipped_same_execution_bar,USDJPY,2025.01.31 18:00:00,0,
2025.01.31 18:34:59,scan_executed_new_execution_bar,USDJPY,2025.01.31 18:15:00,0,
2025.01.31 18:39:59,scan_skipped_same_execution_bar,USDJPY,2025.01.31 18:15:00,0,
2025.01.31 18:49:59,scan_executed_new_execution_bar,USDJPY,2025.01.31 18:30:00,0,
2025.01.31 18:54:59,scan_skipped_same_execution_bar,USDJPY,2025.01.31 18:30:00,0,
2025.01.31 19:04:59,scan_executed_new_execution_bar,USDJPY,2025.01.31 18:45:00,78,
2025.01.31 19:09:59,scan_skipped_same_execution_bar,USDJPY,2025.01.31 18:45:00,0,
2025.01.31 19:19:59,scan_executed_new_execution_bar,USDJPY,2025.01.31 19:00:00,0,
2025.01.31 19:24:59,scan_skipped_same_execution_bar,USDJPY,2025.01.31 19:00:00,0,
2025.01.31 19:34:59,scan_executed_new_execution_bar,USDJPY,2025.01.31 19:15:00,16,
2025.01.31 19:39:59,scan_skipped_same_execution_bar,USDJPY,2025.01.31 19:15:00,0,
2025.01.31 19:49:59,scan_executed_new_execution_bar,USDJPY,2025.01.31 19:30:00,63,
2025.01.31 19:54:59,scan_skipped_same_execution_bar,USDJPY,2025.01.31 19:30:00,0,
2025.01.31 20:04:59,scan_executed_new_execution_bar,USDJPY,2025.01.31 19:45:00,31,
2025.01.31 20:09:59,scan_skipped_same_execution_bar,USDJPY,2025.01.31 19:45:00,0,
2025.01.31 20:19:59,scan_executed_new_execution_bar,USDJPY,2025.01.31 20:00:00,0,
2025.01.31 20:24:59,scan_skipped_same_execution_bar,USDJPY,2025.01.31 20:00:00,0,
2025.01.31 20:34:59,scan_executed_new_execution_bar,USDJPY,2025.01.31 20:15:00,63,
2025.01.31 20:39:59,scan_skipped_same_execution_bar,USDJPY,2025.01.31 20:15:00,0,
2025.01.31 20:49:59,scan_executed_new_execution_bar,USDJPY,2025.01.31 20:30:00,31,
2025.01.31 20:54:59,scan_skipped_same_execution_bar,USDJPY,2025.01.31 20:30:00,0,
2025.01.31 21:04:59,scan_executed_new_execution_bar,USDJPY,2025.01.31 20:45:00,0,
2025.01.31 21:10:00,scan_skipped_same_execution_bar,USDJPY,2025.01.31 20:45:00,0,
2025.01.31 21:19:59,scan_executed_new_execution_bar,USDJPY,2025.01.31 21:00:00,32,
2025.01.31 21:24:59,scan_skipped_same_execution_bar,USDJPY,2025.01.31 21:00:00,0,
2025.01.31 21:34:59,scan_executed_new_execution_bar,USDJPY,2025.01.31 21:15:00,0,
2025.01.31 21:39:59,scan_skipped_same_execution_bar,USDJPY,2025.01.31 21:15:00,0,
2025.01.31 21:49:59,scan_executed_new_execution_bar,USDJPY,2025.01.31 21:30:00,16,
2025.01.31 21:54:59,scan_skipped_same_execution_bar,USDJPY,2025.01.31 21:30:00,0,
2025.01.31 22:04:59,scan_executed_new_execution_bar,USDJPY,2025.01.31 21:45:00,31,
2025.01.31 22:10:00,scan_skipped_same_execution_bar,USDJPY,2025.01.31 21:45:00,0,
2025.01.31 22:19:59,scan_executed_new_execution_bar,USDJPY,2025.01.31 22:00:00,31,
2025.01.31 22:24:59,scan_skipped_same_execution_bar,USDJPY,2025.01.31 22:00:00,0,
2025.01.31 22:34:59,scan_executed_new_execution_bar,USDJPY,2025.01.31 22:15:00,15,
2025.01.31 22:39:59,scan_skipped_same_execution_bar,USDJPY,2025.01.31 22:15:00,0,
2025.01.31 22:49:59,scan_executed_new_execution_bar,USDJPY,2025.01.31 22:30:00,32,
2025.01.31 22:54:59,scan_skipped_same_execution_bar,USDJPY,2025.01.31 22:30:00,0,
2025.01.31 23:04:59,scan_executed_new_execution_bar,USDJPY,2025.01.31 22:45:00,15,
2025.01.31 23:09:59,scan_skipped_same_execution_bar,USDJPY,2025.01.31 22:45:00,0,
2025.01.31 23:19:59,scan_executed_new_execution_bar,USDJPY,2025.01.31 23:00:00,0,
2025.01.31 23:24:59,scan_skipped_same_execution_bar,USDJPY,2025.01.31 23:00:00,0,
2025.01.31 23:34:59,scan_executed_new_execution_bar,USDJPY,2025.01.31 23:15:00,16,
2025.01.31 23:39:59,scan_skipped_same_execution_bar,USDJPY,2025.01.31 23:15:00,0,
2025.01.31 23:49:59,scan_executed_new_execution_bar,USDJPY,2025.01.31 23:30:00,0,
2025.01.31 23:54:59,scan_skipped_same_execution_bar,USDJPY,2025.01.31 23:30:00,0,
2025.02.03 00:04:58,scan_executed_new_execution_bar,USDJPY,2025.01.31 23:45:00,0,
2025.02.03 00:09:59,scan_skipped_same_execution_bar,USDJPY,2025.01.31 23:45:00,0,
2025.02.03 00:19:59,scan_executed_new_execution_bar,USDJPY,2025.02.03 00:00:00,0,
2025.02.03 00:24:57,scan_skipped_same_execution_bar,USDJPY,2025.02.03 00:00:00,0,
2025.02.03 00:34:59,scan_executed_new_execution_bar,USDJPY,2025.02.03 00:15:00,0,
2025.02.03 00:39:59,scan_skipped_same_execution_bar,USDJPY,2025.02.03 00:15:00,0,
2025.02.03 00:49:59,scan_executed_new_execution_bar,USDJPY,2025.02.03 00:30:00,0,
2025.02.03 00:54:59,scan_skipped_same_execution_bar,USDJPY,2025.02.03 00:30:00,0,
2025.02.03 01:05:00,scan_executed_new_execution_bar,USDJPY,2025.02.03 00:45:00,0,
2025.02.03 01:09:59,scan_skipped_same_execution_bar,USDJPY,2025.02.03 00:45:00,0,
2025.02.03 01:19:59,scan_executed_new_execution_bar,USDJPY,2025.02.03 01:00:00,0,
2025.02.03 01:24:59,scan_skipped_same_execution_bar,USDJPY,2025.02.03 01:00:00,0,
2025.02.03 01:34:59,scan_executed_new_execution_bar,USDJPY,2025.02.03 01:15:00,0,
2025.02.03 01:39:59,scan_skipped_same_execution_bar,USDJPY,2025.02.03 01:15:00,0,
2025.02.03 01:49:59,scan_executed_new_execution_bar,USDJPY,2025.02.03 01:30:00,0,
2025.02.03 01:54:59,scan_skipped_same_execution_bar,USDJPY,2025.02.03 01:30:00,0,
2025.02.03 02:04:59,scan_executed_new_execution_bar,USDJPY,2025.02.03 01:45:00,0,
2025.02.03 02:09:59,scan_skipped_same_execution_bar,USDJPY,2025.02.03 01:45:00,0,
2025.02.03 02:19:59,scan_executed_new_execution_bar,USDJPY,2025.02.03 02:00:00,47,
2025.02.03 02:24:59,scan_skipped_same_execution_bar,USDJPY,2025.02.03 02:00:00,0,
2025.02.03 02:34:59,scan_executed_new_execution_bar,USDJPY,2025.02.03 02:15:00,0,
2025.02.03 02:39:59,scan_skipped_same_execution_bar,USDJPY,2025.02.03 02:15:00,0,
2025.02.03 02:49:59,scan_executed_new_execution_bar,USDJPY,2025.02.03 02:30:00,0,
2025.02.03 02:54:59,scan_skipped_same_execution_bar,USDJPY,2025.02.03 02:30:00,0,
2025.02.03 03:04:59,scan_executed_new_execution_bar,USDJPY,2025.02.03 02:45:00,16,
2025.02.03 03:09:59,scan_skipped_same_execution_bar,USDJPY,2025.02.03 02:45:00,0,
2025.02.03 03:19:59,scan_executed_new_execution_bar,USDJPY,2025.02.03 03:00:00,16,
2025.02.03 03:24:59,scan_skipped_same_execution_bar,USDJPY,2025.02.03 03:00:00,0,
2025.02.03 03:34:59,scan_executed_new_execution_bar,USDJPY,2025.02.03 03:15:00,15,
2025.02.03 03:39:59,scan_skipped_same_execution_bar,USDJPY,2025.02.03 03:15:00,0,
2025.02.03 03:49:59,scan_executed_new_execution_bar,USDJPY,2025.02.03 03:30:00,0,
2025.02.03 03:54:59,scan_skipped_same_execution_bar,USDJPY,2025.02.03 03:30:00,0,
2025.02.03 04:05:00,scan_executed_new_execution_bar,USDJPY,2025.02.03 03:45:00,0,
2025.02.03 04:09:59,scan_skipped_same_execution_bar,USDJPY,2025.02.03 03:45:00,0,
2025.02.03 04:19:59,scan_executed_new_execution_bar,USDJPY,2025.02.03 04:00:00,0,
2025.02.03 04:24:59,scan_skipped_same_execution_bar,USDJPY,2025.02.03 04:00:00,0,
2025.02.03 04:34:59,scan_executed_new_execution_bar,USDJPY,2025.02.03 04:15:00,0,
2025.02.03 04:39:59,scan_skipped_same_execution_bar,USDJPY,2025.02.03 04:15:00,0,
2025.02.03 04:49:59,scan_executed_new_execution_bar,USDJPY,2025.02.03 04:30:00,16,
2025.02.03 04:54:59,scan_skipped_same_execution_bar,USDJPY,2025.02.03 04:30:00,0,
2025.02.03 05:04:59,scan_executed_new_execution_bar,USDJPY,2025.02.03 04:45:00,16,
2025.02.03 05:09:59,scan_skipped_same_execution_bar,USDJPY,2025.02.03 04:45:00,0,
2025.02.03 05:19:59,scan_executed_new_execution_bar,USDJPY,2025.02.03 05:00:00,0,
2025.02.03 05:24:59,scan_skipped_same_execution_bar,USDJPY,2025.02.03 05:00:00,0,
2025.02.03 05:34:59,scan_executed_new_execution_bar,USDJPY,2025.02.03 05:15:00,32,
2025.02.03 05:39:59,scan_skipped_same_execution_bar,USDJPY,2025.02.03 05:15:00,0,
2025.02.03 05:49:59,scan_executed_new_execution_bar,USDJPY,2025.02.03 05:30:00,0,
2025.02.03 05:54:59,scan_skipped_same_execution_bar,USDJPY,2025.02.03 05:30:00,0,
2025.02.03 06:04:59,scan_executed_new_execution_bar,USDJPY,2025.02.03 05:45:00,63,
2025.02.03 06:09:59,scan_skipped_same_execution_bar,USDJPY,2025.02.03 05:45:00,0,
2025.02.03 06:19:59,scan_executed_new_execution_bar,USDJPY,2025.02.03 06:00:00,32,
2025.02.03 06:24:59,scan_skipped_same_execution_bar,USDJPY,2025.02.03 06:00:00,0,
2025.02.03 06:34:59,scan_executed_new_execution_bar,USDJPY,2025.02.03 06:15:00,0,
2025.02.03 06:39:59,scan_skipped_same_execution_bar,USDJPY,2025.02.03 06:15:00,0,
2025.02.03 06:49:59,scan_executed_new_execution_bar,USDJPY,2025.02.03 06:30:00,15,
2025.02.03 06:54:59,scan_skipped_same_execution_bar,USDJPY,2025.02.03 06:30:00,0,
2025.02.03 07:04:59,scan_executed_new_execution_bar,USDJPY,2025.02.03 06:45:00,16,
2025.02.03 07:09:59,scan_skipped_same_execution_bar,USDJPY,2025.02.03 06:45:00,0,
2025.02.03 07:19:59,scan_executed_new_execution_bar,USDJPY,2025.02.03 07:00:00,15,
2025.02.03 07:24:59,scan_skipped_same_execution_bar,USDJPY,2025.02.03 07:00:00,0,
2025.02.03 07:34:59,scan_executed_new_execution_bar,USDJPY,2025.02.03 07:15:00,0,
2025.02.03 07:39:59,scan_skipped_same_execution_bar,USDJPY,2025.02.03 07:15:00,0,
2025.02.03 07:49:59,scan_executed_new_execution_bar,USDJPY,2025.02.03 07:30:00,0,
2025.02.03 07:54:59,scan_skipped_same_execution_bar,USDJPY,2025.02.03 07:30:00,0,
2025.02.03 08:04:59,scan_executed_new_execution_bar,USDJPY,2025.02.03 07:45:00,0,
2025.02.03 08:09:59,scan_skipped_same_execution_bar,USDJPY,2025.02.03 07:45:00,0,
2025.02.03 08:19:59,scan_executed_new_execution_bar,USDJPY,2025.02.03 08:00:00,0,
2025.02.03 08:24:59,scan_skipped_same_execution_bar,USDJPY,2025.02.03 08:00:00,0,
2025.02.03 08:34:59,scan_executed_new_execution_bar,USDJPY,2025.02.03 08:15:00,0,
2025.02.03 08:39:59,scan_skipped_same_execution_bar,USDJPY,2025.02.03 08:15:00,0,
2025.02.03 08:49:59,scan_executed_new_execution_bar,USDJPY,2025.02.03 08:30:00,0,
2025.02.03 08:54:59,scan_skipped_same_execution_bar,USDJPY,2025.02.03 08:30:00,0,
2025.02.03 09:04:59,scan_executed_new_execution_bar,USDJPY,2025.02.03 08:45:00,0,
2025.02.03 09:09:59,scan_skipped_same_execution_bar,USDJPY,2025.02.03 08:45:00,0,
2025.02.03 09:19:59,scan_executed_new_execution_bar,USDJPY,2025.02.03 09:00:00,0,
2025.02.03 09:24:59,scan_skipped_same_execution_bar,USDJPY,2025.02.03 09:00:00,0,
2025.02.03 09:34:59,scan_executed_new_execution_bar,USDJPY,2025.02.03 09:15:00,0,
2025.02.03 09:39:59,scan_skipped_same_execution_bar,USDJPY,2025.02.03 09:15:00,0,
2025.02.03 09:49:59,scan_executed_new_execution_bar,USDJPY,2025.02.03 09:30:00,0,
2025.02.03 09:54:59,scan_skipped_same_execution_bar,USDJPY,2025.02.03 09:30:00,0,
2025.02.03 10:04:59,scan_executed_new_execution_bar,USDJPY,2025.02.03 09:45:00,0,
2025.02.03 10:09:59,scan_skipped_same_execution_bar,USDJPY,2025.02.03 09:45:00,0,
2025.02.03 10:19:59,scan_executed_new_execution_bar,USDJPY,2025.02.03 10:00:00,0,
2025.02.03 10:24:59,scan_skipped_same_execution_bar,USDJPY,2025.02.03 10:00:00,0,
2025.02.03 10:34:59,scan_executed_new_execution_bar,USDJPY,2025.02.03 10:15:00,0,
2025.02.03 10:39:59,scan_skipped_same_execution_bar,USDJPY,2025.02.03 10:15:00,0,
2025.02.03 10:49:59,scan_executed_new_execution_bar,USDJPY,2025.02.03 10:30:00,0,
2025.02.03 10:54:59,scan_skipped_same_execution_bar,USDJPY,2025.02.03 10:30:00,0,
2025.02.03 11:04:59,scan_executed_new_execution_bar,USDJPY,2025.02.03 10:45:00,31,
2025.02.03 11:09:59,scan_skipped_same_execution_bar,USDJPY,2025.02.03 10:45:00,0,
2025.02.03 11:19:59,scan_executed_new_execution_bar,USDJPY,2025.02.03 11:00:00,0,
2025.02.03 11:24:59,scan_skipped_same_execution_bar,USDJPY,2025.02.03 11:00:00,0,
2025.02.03 11:34:59,scan_executed_new_execution_bar,USDJPY,2025.02.03 11:15:00,0,
2025.02.03 11:39:59,scan_skipped_same_execution_bar,USDJPY,2025.02.03 11:15:00,0,
2025.02.03 11:49:59,scan_executed_new_execution_bar,USDJPY,2025.02.03 11:30:00,0,
2025.02.03 11:54:59,scan_skipped_same_execution_bar,USDJPY,2025.02.03 11:30:00,0,
2025.02.03 12:04:59,scan_executed_new_execution_bar,USDJPY,2025.02.03 11:45:00,0,
2025.02.03 12:09:59,scan_skipped_same_execution_bar,USDJPY,2025.02.03 11:45:00,0,
2025.02.03 12:19:59,scan_executed_new_execution_bar,USDJPY,2025.02.03 12:00:00,32,
2025.02.03 12:24:59,scan_skipped_same_execution_bar,USDJPY,2025.02.03 12:00:00,0,
2025.02.03 12:34:59,scan_executed_new_execution_bar,USDJPY,2025.02.03 12:15:00,0,
2025.02.03 12:39:57,scan_skipped_same_execution_bar,USDJPY,2025.02.03 12:15:00,0,
2025.02.03 12:49:59,scan_executed_new_execution_bar,USDJPY,2025.02.03 12:30:00,0,
2025.02.03 12:54:59,scan_skipped_same_execution_bar,USDJPY,2025.02.03 12:30:00,0,
2025.02.03 13:04:59,scan_executed_new_execution_bar,USDJPY,2025.02.03 12:45:00,31,
2025.02.03 13:09:59,scan_skipped_same_execution_bar,USDJPY,2025.02.03 12:45:00,0,
2025.02.03 13:19:59,scan_executed_new_execution_bar,USDJPY,2025.02.03 13:00:00,0,
2025.02.03 13:24:59,scan_skipped_same_execution_bar,USDJPY,2025.02.03 13:00:00,0,
2025.02.03 13:34:59,scan_executed_new_execution_bar,USDJPY,2025.02.03 13:15:00,16,
2025.02.03 13:39:59,scan_skipped_same_execution_bar,USDJPY,2025.02.03 13:15:00,0,
2025.02.03 13:49:59,scan_executed_new_execution_bar,USDJPY,2025.02.03 13:30:00,32,
2025.02.03 13:54:59,scan_skipped_same_execution_bar,USDJPY,2025.02.03 13:30:00,0,
2025.02.03 14:04:59,scan_executed_new_execution_bar,USDJPY,2025.02.03 13:45:00,0,
2025.02.03 14:09:59,scan_skipped_same_execution_bar,USDJPY,2025.02.03 13:45:00,0,
2025.02.03 14:19:59,scan_executed_new_execution_bar,USDJPY,2025.02.03 14:00:00,0,
2025.02.03 14:24:59,scan_skipped_same_execution_bar,USDJPY,2025.02.03 14:00:00,0,
2025.02.03 14:34:59,scan_executed_new_execution_bar,USDJPY,2025.02.03 14:15:00,15,
2025.02.03 14:39:59,scan_skipped_same_execution_bar,USDJPY,2025.02.03 14:15:00,0,
2025.02.03 14:49:59,scan_executed_new_execution_bar,USDJPY,2025.02.03 14:30:00,16,
2025.02.03 14:54:59,scan_skipped_same_execution_bar,USDJPY,2025.02.03 14:30:00,0,
2025.02.03 15:04:59,scan_executed_new_execution_bar,USDJPY,2025.02.03 14:45:00,31,
2025.02.03 15:09:59,scan_skipped_same_execution_bar,USDJPY,2025.02.03 14:45:00,0,
2025.02.03 15:19:59,scan_executed_new_execution_bar,USDJPY,2025.02.03 15:00:00,16,
2025.02.03 15:24:59,scan_skipped_same_execution_bar,USDJPY,2025.02.03 15:00:00,0,
2025.02.03 15:34:59,scan_executed_new_execution_bar,USDJPY,2025.02.03 15:15:00,31,
2025.02.03 15:39:59,scan_skipped_same_execution_bar,USDJPY,2025.02.03 15:15:00,0,
2025.02.03 15:49:59,scan_executed_new_execution_bar,USDJPY,2025.02.03 15:30:00,0,
2025.02.03 15:54:59,scan_skipped_same_execution_bar,USDJPY,2025.02.03 15:30:00,0,
2025.02.03 16:04:59,scan_executed_new_execution_bar,USDJPY,2025.02.03 15:45:00,0,
2025.02.03 16:09:59,scan_skipped_same_execution_bar,USDJPY,2025.02.03 15:45:00,0,
2025.02.03 16:19:59,scan_executed_new_execution_bar,USDJPY,2025.02.03 16:00:00,0,
2025.02.03 16:24:59,scan_skipped_same_execution_bar,USDJPY,2025.02.03 16:00:00,0,
2025.02.03 16:34:59,scan_executed_new_execution_bar,USDJPY,2025.02.03 16:15:00,0,
2025.02.03 16:39:59,scan_skipped_same_execution_bar,USDJPY,2025.02.03 16:15:00,0,
2025.02.03 16:49:59,scan_executed_new_execution_bar,USDJPY,2025.02.03 16:30:00,31,
2025.02.03 16:54:59,scan_skipped_same_execution_bar,USDJPY,2025.02.03 16:30:00,0,
2025.02.03 17:04:59,scan_executed_new_execution_bar,USDJPY,2025.02.03 16:45:00,16,
2025.02.03 17:09:59,scan_skipped_same_execution_bar,USDJPY,2025.02.03 16:45:00,0,
2025.02.03 17:19:59,scan_executed_new_execution_bar,USDJPY,2025.02.03 17:00:00,0,
2025.02.03 17:24:59,scan_skipped_same_execution_bar,USDJPY,2025.02.03 17:00:00,0,
2025.02.03 17:34:59,scan_executed_new_execution_bar,USDJPY,2025.02.03 17:15:00,0,
2025.02.03 17:39:59,scan_skipped_same_execution_bar,USDJPY,2025.02.03 17:15:00,0,
2025.02.03 17:49:59,scan_executed_new_execution_bar,USDJPY,2025.02.03 17:30:00,0,
2025.02.03 17:54:59,scan_skipped_same_execution_bar,USDJPY,2025.02.03 17:30:00,0,
2025.02.03 18:04:59,scan_executed_new_execution_bar,USDJPY,2025.02.03 17:45:00,32,
2025.02.03 18:09:58,scan_skipped_same_execution_bar,USDJPY,2025.02.03 17:45:00,0,
2025.02.03 18:19:59,scan_executed_new_execution_bar,USDJPY,2025.02.03 18:00:00,0,
2025.02.03 18:24:59,scan_skipped_same_execution_bar,USDJPY,2025.02.03 18:00:00,0,
2025.02.03 18:34:59,scan_executed_new_execution_bar,USDJPY,2025.02.03 18:15:00,78,
2025.02.03 18:39:58,scan_skipped_same_execution_bar,USDJPY,2025.02.03 18:15:00,0,
2025.02.03 18:49:59,scan_executed_new_execution_bar,USDJPY,2025.02.03 18:30:00,16,
2025.02.03 18:54:59,scan_skipped_same_execution_bar,USDJPY,2025.02.03 18:30:00,0,
2025.02.03 19:04:59,scan_executed_new_execution_bar,USDJPY,2025.02.03 18:45:00,46,
2025.02.03 19:09:59,scan_skipped_same_execution_bar,USDJPY,2025.02.03 18:45:00,0,
2025.02.03 19:19:59,scan_executed_new_execution_bar,USDJPY,2025.02.03 19:00:00,0,
2025.02.03 19:24:59,scan_skipped_same_execution_bar,USDJPY,2025.02.03 19:00:00,0,
2025.02.03 19:34:59,scan_executed_new_execution_bar,USDJPY,2025.02.03 19:15:00,0,
2025.02.03 19:39:59,scan_skipped_same_execution_bar,USDJPY,2025.02.03 19:15:00,0,
2025.02.03 19:49:59,scan_executed_new_execution_bar,USDJPY,2025.02.03 19:30:00,47,
2025.02.03 19:54:59,scan_skipped_same_execution_bar,USDJPY,2025.02.03 19:30:00,0,
2025.02.03 20:04:59,scan_executed_new_execution_bar,USDJPY,2025.02.03 19:45:00,0,
2025.02.03 20:09:59,scan_skipped_same_execution_bar,USDJPY,2025.02.03 19:45:00,0,
2025.02.03 20:19:59,scan_executed_new_execution_bar,USDJPY,2025.02.03 20:00:00,0,
2025.02.03 20:24:59,scan_skipped_same_execution_bar,USDJPY,2025.02.03 20:00:00,0,
2025.02.03 20:34:59,scan_executed_new_execution_bar,USDJPY,2025.02.03 20:15:00,15,
2025.02.03 20:39:59,scan_skipped_same_execution_bar,USDJPY,2025.02.03 20:15:00,0,
2025.02.03 20:49:59,scan_executed_new_execution_bar,USDJPY,2025.02.03 20:30:00,0,
2025.02.03 20:54:59,scan_skipped_same_execution_bar,USDJPY,2025.02.03 20:30:00,0,
2025.02.03 21:04:59,scan_executed_new_execution_bar,USDJPY,2025.02.03 20:45:00,0,
2025.02.03 21:09:59,scan_skipped_same_execution_bar,USDJPY,2025.02.03 20:45:00,0,
2025.02.03 21:19:59,scan_executed_new_execution_bar,USDJPY,2025.02.03 21:00:00,0,
2025.02.03 21:24:59,scan_skipped_same_execution_bar,USDJPY,2025.02.03 21:00:00,0,
2025.02.03 21:34:59,scan_executed_new_execution_bar,USDJPY,2025.02.03 21:15:00,16,
2025.02.03 21:39:59,scan_skipped_same_execution_bar,USDJPY,2025.02.03 21:15:00,0,
2025.02.03 21:49:59,scan_executed_new_execution_bar,USDJPY,2025.02.03 21:30:00,0,
2025.02.03 21:54:59,scan_skipped_same_execution_bar,USDJPY,2025.02.03 21:30:00,0,
2025.02.03 22:04:59,scan_executed_new_execution_bar,USDJPY,2025.02.03 21:45:00,0,
2025.02.03 22:09:59,scan_skipped_same_execution_bar,USDJPY,2025.02.03 21:45:00,0,
2025.02.03 22:19:59,scan_executed_new_execution_bar,USDJPY,2025.02.03 22:00:00,0,
2025.02.03 22:24:59,scan_skipped_same_execution_bar,USDJPY,2025.02.03 22:00:00,0,
2025.02.03 22:34:59,scan_executed_new_execution_bar,USDJPY,2025.02.03 22:15:00,16,
2025.02.03 22:39:59,scan_skipped_same_execution_bar,USDJPY,2025.02.03 22:15:00,0,
2025.02.03 22:49:59,scan_executed_new_execution_bar,USDJPY,2025.02.03 22:30:00,0,
2025.02.03 22:54:59,scan_skipped_same_execution_bar,USDJPY,2025.02.03 22:30:00,0,
2025.02.03 23:04:59,scan_executed_new_execution_bar,USDJPY,2025.02.03 22:45:00,0,
2025.02.03 23:09:53,scan_skipped_same_execution_bar,USDJPY,2025.02.03 22:45:00,0,
2025.02.03 23:19:59,scan_executed_new_execution_bar,USDJPY,2025.02.03 23:00:00,0,
2025.02.03 23:24:59,scan_skipped_same_execution_bar,USDJPY,2025.02.03 23:00:00,0,
2025.02.03 23:34:59,scan_executed_new_execution_bar,USDJPY,2025.02.03 23:15:00,0,
2025.02.03 23:39:59,scan_skipped_same_execution_bar,USDJPY,2025.02.03 23:15:00,0,
2025.02.03 23:49:59,scan_executed_new_execution_bar,USDJPY,2025.02.03 23:30:00,0,
2025.02.03 23:54:59,scan_skipped_same_execution_bar,USDJPY,2025.02.03 23:30:00,0,
2025.02.04 00:04:56,scan_executed_new_execution_bar,USDJPY,2025.02.03 23:45:00,0,
2025.02.04 00:09:59,scan_skipped_same_execution_bar,USDJPY,2025.02.03 23:45:00,0,
2025.02.04 00:19:59,scan_executed_new_execution_bar,USDJPY,2025.02.04 00:00:00,16,
2025.02.04 00:24:58,scan_skipped_same_execution_bar,USDJPY,2025.02.04 00:00:00,0,
2025.02.04 00:34:59,scan_executed_new_execution_bar,USDJPY,2025.02.04 00:15:00,0,
2025.02.04 00:39:59,scan_skipped_same_execution_bar,USDJPY,2025.02.04 00:15:00,0,
2025.02.04 00:49:59,scan_executed_new_execution_bar,USDJPY,2025.02.04 00:30:00,15,
2025.02.04 00:54:57,scan_skipped_same_execution_bar,USDJPY,2025.02.04 00:30:00,0,
2025.02.04 01:04:59,scan_executed_new_execution_bar,USDJPY,2025.02.04 00:45:00,0,
2025.02.04 01:09:59,scan_skipped_same_execution_bar,USDJPY,2025.02.04 00:45:00,0,
2025.02.04 01:19:59,scan_executed_new_execution_bar,USDJPY,2025.02.04 01:00:00,0,
2025.02.04 01:24:58,scan_skipped_same_execution_bar,USDJPY,2025.02.04 01:00:00,0,
2025.02.04 01:34:59,scan_executed_new_execution_bar,USDJPY,2025.02.04 01:15:00,62,
2025.02.04 01:39:59,scan_skipped_same_execution_bar,USDJPY,2025.02.04 01:15:00,0,
2025.02.04 01:49:59,scan_executed_new_execution_bar,USDJPY,2025.02.04 01:30:00,47,
2025.02.04 01:54:59,scan_skipped_same_execution_bar,USDJPY,2025.02.04 01:30:00,0,
2025.02.04 02:04:58,scan_executed_new_execution_bar,USDJPY,2025.02.04 01:45:00,0,
2025.02.04 02:09:59,scan_skipped_same_execution_bar,USDJPY,2025.02.04 01:45:00,0,
2025.02.04 02:19:59,scan_executed_new_execution_bar,USDJPY,2025.02.04 02:00:00,31,
2025.02.04 02:24:59,scan_skipped_same_execution_bar,USDJPY,2025.02.04 02:00:00,0,
2025.02.04 02:34:59,scan_executed_new_execution_bar,USDJPY,2025.02.04 02:15:00,0,
2025.02.04 02:39:59,scan_skipped_same_execution_bar,USDJPY,2025.02.04 02:15:00,0,
2025.02.04 02:49:59,scan_executed_new_execution_bar,USDJPY,2025.02.04 02:30:00,47,
2025.02.04 02:54:59,scan_skipped_same_execution_bar,USDJPY,2025.02.04 02:30:00,0,
2025.02.04 03:04:59,scan_executed_new_execution_bar,USDJPY,2025.02.04 02:45:00,46,
2025.02.04 03:09:59,scan_skipped_same_execution_bar,USDJPY,2025.02.04 02:45:00,0,
2025.02.04 03:19:59,scan_executed_new_execution_bar,USDJPY,2025.02.04 03:00:00,0,
2025.02.04 03:24:59,scan_skipped_same_execution_bar,USDJPY,2025.02.04 03:00:00,0,
2025.02.04 03:34:59,scan_executed_new_execution_bar,USDJPY,2025.02.04 03:15:00,47,
2025.02.04 03:39:59,scan_skipped_same_execution_bar,USDJPY,2025.02.04 03:15:00,0,
2025.02.04 03:49:59,scan_executed_new_execution_bar,USDJPY,2025.02.04 03:30:00,0,
2025.02.04 03:54:59,scan_skipped_same_execution_bar,USDJPY,2025.02.04 03:30:00,0,
2025.02.04 04:04:59,scan_executed_new_execution_bar,USDJPY,2025.02.04 03:45:00,0,
2025.02.04 04:10:00,scan_skipped_same_execution_bar,USDJPY,2025.02.04 03:45:00,0,
2025.02.04 04:19:59,scan_executed_new_execution_bar,USDJPY,2025.02.04 04:00:00,0,
2025.02.04 04:25:00,scan_skipped_same_execution_bar,USDJPY,2025.02.04 04:00:00,0,
2025.02.04 04:34:59,scan_executed_new_execution_bar,USDJPY,2025.02.04 04:15:00,15,
2025.02.04 04:39:59,scan_skipped_same_execution_bar,USDJPY,2025.02.04 04:15:00,0,
2025.02.04 04:49:59,scan_executed_new_execution_bar,USDJPY,2025.02.04 04:30:00,16,
2025.02.04 04:54:59,scan_skipped_same_execution_bar,USDJPY,2025.02.04 04:30:00,0,
2025.02.04 05:04:59,scan_executed_new_execution_bar,USDJPY,2025.02.04 04:45:00,0,
2025.02.04 05:09:59,scan_skipped_same_execution_bar,USDJPY,2025.02.04 04:45:00,0,
2025.02.04 05:19:59,scan_executed_new_execution_bar,USDJPY,2025.02.04 05:00:00,0,
2025.02.04 05:24:59,scan_skipped_same_execution_bar,USDJPY,2025.02.04 05:00:00,0,
2025.02.04 05:34:59,scan_executed_new_execution_bar,USDJPY,2025.02.04 05:15:00,0,
2025.02.04 05:39:59,scan_skipped_same_execution_bar,USDJPY,2025.02.04 05:15:00,0,
2025.02.04 05:49:59,scan_executed_new_execution_bar,USDJPY,2025.02.04 05:30:00,0,
2025.02.04 05:54:59,scan_skipped_same_execution_bar,USDJPY,2025.02.04 05:30:00,0,
2025.02.04 06:04:59,scan_executed_new_execution_bar,USDJPY,2025.02.04 05:45:00,15,
2025.02.04 06:09:59,scan_skipped_same_execution_bar,USDJPY,2025.02.04 05:45:00,0,
2025.02.04 06:20:00,scan_executed_new_execution_bar,USDJPY,2025.02.04 06:00:00,0,
2025.02.04 06:24:59,scan_skipped_same_execution_bar,USDJPY,2025.02.04 06:00:00,0,
2025.02.04 06:34:57,scan_executed_new_execution_bar,USDJPY,2025.02.04 06:15:00,0,
2025.02.04 06:39:59,scan_skipped_same_execution_bar,USDJPY,2025.02.04 06:15:00,0,
2025.02.04 06:49:59,scan_executed_new_execution_bar,USDJPY,2025.02.04 06:30:00,0,
2025.02.04 06:54:59,scan_skipped_same_execution_bar,USDJPY,2025.02.04 06:30:00,0,
2025.02.04 07:04:59,scan_executed_new_execution_bar,USDJPY,2025.02.04 06:45:00,0,
2025.02.04 07:09:59,scan_skipped_same_execution_bar,USDJPY,2025.02.04 06:45:00,0,
2025.02.04 07:19:59,scan_executed_new_execution_bar,USDJPY,2025.02.04 07:00:00,0,
2025.02.04 07:24:59,scan_skipped_same_execution_bar,USDJPY,2025.02.04 07:00:00,0,
2025.02.04 07:34:59,scan_executed_new_execution_bar,USDJPY,2025.02.04 07:15:00,0,
2025.02.04 07:39:59,scan_skipped_same_execution_bar,USDJPY,2025.02.04 07:15:00,0,
2025.02.04 07:49:59,scan_executed_new_execution_bar,USDJPY,2025.02.04 07:30:00,0,
2025.02.04 07:54:59,scan_skipped_same_execution_bar,USDJPY,2025.02.04 07:30:00,0,
2025.02.04 08:04:59,scan_executed_new_execution_bar,USDJPY,2025.02.04 07:45:00,0,
2025.02.04 08:09:59,scan_skipped_same_execution_bar,USDJPY,2025.02.04 07:45:00,0,
2025.02.04 08:19:59,scan_executed_new_execution_bar,USDJPY,2025.02.04 08:00:00,0,
2025.02.04 08:24:59,scan_skipped_same_execution_bar,USDJPY,2025.02.04 08:00:00,0,
2025.02.04 08:34:59,scan_executed_new_execution_bar,USDJPY,2025.02.04 08:15:00,0,
2025.02.04 08:39:59,scan_skipped_same_execution_bar,USDJPY,2025.02.04 08:15:00,0,
2025.02.04 08:49:59,scan_executed_new_execution_bar,USDJPY,2025.02.04 08:30:00,16,
2025.02.04 08:55:00,scan_skipped_same_execution_bar,USDJPY,2025.02.04 08:30:00,0,
2025.02.04 09:04:59,scan_executed_new_execution_bar,USDJPY,2025.02.04 08:45:00,0,
2025.02.04 09:09:59,scan_skipped_same_execution_bar,USDJPY,2025.02.04 08:45:00,0,
2025.02.04 09:19:59,scan_executed_new_execution_bar,USDJPY,2025.02.04 09:00:00,47,
2025.02.04 09:24:59,scan_skipped_same_execution_bar,USDJPY,2025.02.04 09:00:00,0,
2025.02.04 09:34:59,scan_executed_new_execution_bar,USDJPY,2025.02.04 09:15:00,15,
2025.02.04 09:39:59,scan_skipped_same_execution_bar,USDJPY,2025.02.04 09:15:00,0,
2025.02.04 09:49:59,scan_executed_new_execution_bar,USDJPY,2025.02.04 09:30:00,15,
2025.02.04 09:54:59,scan_skipped_same_execution_bar,USDJPY,2025.02.04 09:30:00,0,
2025.02.04 10:04:59,scan_executed_new_execution_bar,USDJPY,2025.02.04 09:45:00,0,
2025.02.04 10:09:59,scan_skipped_same_execution_bar,USDJPY,2025.02.04 09:45:00,0,
2025.02.04 10:19:59,scan_executed_new_execution_bar,USDJPY,2025.02.04 10:00:00,0,
2025.02.04 10:24:59,scan_skipped_same_execution_bar,USDJPY,2025.02.04 10:00:00,0,
2025.02.04 10:34:59,scan_executed_new_execution_bar,USDJPY,2025.02.04 10:15:00,32,
2025.02.04 10:39:59,scan_skipped_same_execution_bar,USDJPY,2025.02.04 10:15:00,0,
2025.02.04 10:49:59,scan_executed_new_execution_bar,USDJPY,2025.02.04 10:30:00,15,
2025.02.04 10:54:59,scan_skipped_same_execution_bar,USDJPY,2025.02.04 10:30:00,0,
2025.02.04 11:04:59,scan_executed_new_execution_bar,USDJPY,2025.02.04 10:45:00,0,
2025.02.04 11:09:59,scan_skipped_same_execution_bar,USDJPY,2025.02.04 10:45:00,0,
2025.02.04 11:19:59,scan_executed_new_execution_bar,USDJPY,2025.02.04 11:00:00,15,
2025.02.04 11:24:58,scan_skipped_same_execution_bar,USDJPY,2025.02.04 11:00:00,0,
2025.02.04 11:34:59,scan_executed_new_execution_bar,USDJPY,2025.02.04 11:15:00,32,
2025.02.04 11:39:59,scan_skipped_same_execution_bar,USDJPY,2025.02.04 11:15:00,0,
2025.02.04 11:49:59,scan_executed_new_execution_bar,USDJPY,2025.02.04 11:30:00,0,
2025.02.04 11:54:59,scan_skipped_same_execution_bar,USDJPY,2025.02.04 11:30:00,0,
2025.02.04 12:04:59,scan_executed_new_execution_bar,USDJPY,2025.02.04 11:45:00,16,
2025.02.04 12:10:00,scan_skipped_same_execution_bar,USDJPY,2025.02.04 11:45:00,0,
2025.02.04 12:19:59,scan_executed_new_execution_bar,USDJPY,2025.02.04 12:00:00,0,
2025.02.04 12:24:59,scan_skipped_same_execution_bar,USDJPY,2025.02.04 12:00:00,0,
2025.02.04 12:34:59,scan_executed_new_execution_bar,USDJPY,2025.02.04 12:15:00,31,
2025.02.04 12:39:59,scan_skipped_same_execution_bar,USDJPY,2025.02.04 12:15:00,0,
2025.02.04 12:49:58,scan_executed_new_execution_bar,USDJPY,2025.02.04 12:30:00,16,
2025.02.04 12:54:59,scan_skipped_same_execution_bar,USDJPY,2025.02.04 12:30:00,0,
2025.02.04 13:04:59,scan_executed_new_execution_bar,USDJPY,2025.02.04 12:45:00,0,
2025.02.04 13:09:59,scan_skipped_same_execution_bar,USDJPY,2025.02.04 12:45:00,0,
2025.02.04 13:19:59,scan_executed_new_execution_bar,USDJPY,2025.02.04 13:00:00,16,
2025.02.04 13:24:59,scan_skipped_same_execution_bar,USDJPY,2025.02.04 13:00:00,0,
2025.02.04 13:34:59,scan_executed_new_execution_bar,USDJPY,2025.02.04 13:15:00,31,
2025.02.04 13:39:59,scan_skipped_same_execution_bar,USDJPY,2025.02.04 13:15:00,0,
2025.02.04 13:49:59,scan_executed_new_execution_bar,USDJPY,2025.02.04 13:30:00,0,
2025.02.04 13:54:59,scan_skipped_same_execution_bar,USDJPY,2025.02.04 13:30:00,0,
2025.02.04 14:04:59,scan_executed_new_execution_bar,USDJPY,2025.02.04 13:45:00,16,
2025.02.04 14:09:59,scan_skipped_same_execution_bar,USDJPY,2025.02.04 13:45:00,0,
2025.02.04 14:19:59,scan_executed_new_execution_bar,USDJPY,2025.02.04 14:00:00,0,
2025.02.04 14:24:59,scan_skipped_same_execution_bar,USDJPY,2025.02.04 14:00:00,0,
2025.02.04 14:34:59,scan_executed_new_execution_bar,USDJPY,2025.02.04 14:15:00,0,
2025.02.04 14:39:59,scan_skipped_same_execution_bar,USDJPY,2025.02.04 14:15:00,0,
2025.02.04 14:45:00,scan_executed_new_execution_bar,USDJPY,2025.02.04 14:30:00,0,
2025.02.04 14:49:59,scan_skipped_same_execution_bar,USDJPY,2025.02.04 14:30:00,0,
2025.02.04 15:04:59,scan_executed_new_execution_bar,USDJPY,2025.02.04 14:45:00,0,
2025.02.04 15:09:59,scan_skipped_same_execution_bar,USDJPY,2025.02.04 14:45:00,0,
2025.02.04 15:19:59,scan_executed_new_execution_bar,USDJPY,2025.02.04 15:00:00,0,
2025.02.04 15:24:59,scan_skipped_same_execution_bar,USDJPY,2025.02.04 15:00:00,0,
2025.02.04 15:34:59,scan_executed_new_execution_bar,USDJPY,2025.02.04 15:15:00,0,
2025.02.04 15:39:59,scan_skipped_same_execution_bar,USDJPY,2025.02.04 15:15:00,0,
2025.02.04 15:49:59,scan_executed_new_execution_bar,USDJPY,2025.02.04 15:30:00,0,
2025.02.04 15:54:59,scan_skipped_same_execution_bar,USDJPY,2025.02.04 15:30:00,0,
2025.02.04 16:04:59,scan_executed_new_execution_bar,USDJPY,2025.02.04 15:45:00,0,
2025.02.04 16:09:59,scan_skipped_same_execution_bar,USDJPY,2025.02.04 15:45:00,0,
2025.02.04 16:19:59,scan_executed_new_execution_bar,USDJPY,2025.02.04 16:00:00,0,
2025.02.04 16:24:59,scan_skipped_same_execution_bar,USDJPY,2025.02.04 16:00:00,0,
2025.02.04 16:34:59,scan_executed_new_execution_bar,USDJPY,2025.02.04 16:15:00,16,
2025.02.04 16:39:59,scan_skipped_same_execution_bar,USDJPY,2025.02.04 16:15:00,0,
2025.02.04 16:49:59,scan_executed_new_execution_bar,USDJPY,2025.02.04 16:30:00,0,
2025.02.04 16:54:59,scan_skipped_same_execution_bar,USDJPY,2025.02.04 16:30:00,0,
2025.02.04 17:04:59,scan_executed_new_execution_bar,USDJPY,2025.02.04 16:45:00,0,
2025.02.04 17:09:59,scan_skipped_same_execution_bar,USDJPY,2025.02.04 16:45:00,0,
2025.02.04 17:19:59,scan_executed_new_execution_bar,USDJPY,2025.02.04 17:00:00,15,
2025.02.04 17:24:59,scan_skipped_same_execution_bar,USDJPY,2025.02.04 17:00:00,0,
2025.02.04 17:34:59,scan_executed_new_execution_bar,USDJPY,2025.02.04 17:15:00,0,
2025.02.04 17:39:59,scan_skipped_same_execution_bar,USDJPY,2025.02.04 17:15:00,0,
2025.02.04 17:49:59,scan_executed_new_execution_bar,USDJPY,2025.02.04 17:30:00,0,
2025.02.04 17:54:59,scan_skipped_same_execution_bar,USDJPY,2025.02.04 17:30:00,0,
2025.02.04 18:04:59,scan_executed_new_execution_bar,USDJPY,2025.02.04 17:45:00,0,
2025.02.04 18:09:59,scan_skipped_same_execution_bar,USDJPY,2025.02.04 17:45:00,0,
2025.02.04 18:19:59,scan_executed_new_execution_bar,USDJPY,2025.02.04 18:00:00,47,
2025.02.04 18:24:59,scan_skipped_same_execution_bar,USDJPY,2025.02.04 18:00:00,0,
2025.02.04 18:34:59,scan_executed_new_execution_bar,USDJPY,2025.02.04 18:15:00,0,
2025.02.04 18:39:59,scan_skipped_same_execution_bar,USDJPY,2025.02.04 18:15:00,0,
2025.02.04 18:49:59,scan_executed_new_execution_bar,USDJPY,2025.02.04 18:30:00,0,
2025.02.04 18:54:59,scan_skipped_same_execution_bar,USDJPY,2025.02.04 18:30:00,0,
2025.02.04 19:04:59,scan_executed_new_execution_bar,USDJPY,2025.02.04 18:45:00,63,
2025.02.04 19:09:59,scan_skipped_same_execution_bar,USDJPY,2025.02.04 18:45:00,0,
2025.02.04 19:19:59,scan_executed_new_execution_bar,USDJPY,2025.02.04 19:00:00,16,
2025.02.04 19:24:59,scan_skipped_same_execution_bar,USDJPY,2025.02.04 19:00:00,0,
2025.02.04 19:34:59,scan_executed_new_execution_bar,USDJPY,2025.02.04 19:15:00,32,
2025.02.04 19:39:59,scan_skipped_same_execution_bar,USDJPY,2025.02.04 19:15:00,0,
2025.02.04 19:49:59,scan_executed_new_execution_bar,USDJPY,2025.02.04 19:30:00,0,
2025.02.04 19:54:59,scan_skipped_same_execution_bar,USDJPY,2025.02.04 19:30:00,0,
2025.02.04 20:04:59,scan_executed_new_execution_bar,USDJPY,2025.02.04 19:45:00,0,
2025.02.04 20:09:59,scan_skipped_same_execution_bar,USDJPY,2025.02.04 19:45:00,0,
2025.02.04 20:19:59,scan_executed_new_execution_bar,USDJPY,2025.02.04 20:00:00,0,
2025.02.04 20:24:59,scan_skipped_same_execution_bar,USDJPY,2025.02.04 20:00:00,0,
2025.02.04 20:34:59,scan_executed_new_execution_bar,USDJPY,2025.02.04 20:15:00,46,
2025.02.04 20:39:59,scan_skipped_same_execution_bar,USDJPY,2025.02.04 20:15:00,0,
2025.02.04 20:49:58,scan_executed_new_execution_bar,USDJPY,2025.02.04 20:30:00,0,
2025.02.04 20:54:59,scan_skipped_same_execution_bar,USDJPY,2025.02.04 20:30:00,0,
2025.02.04 21:04:59,scan_executed_new_execution_bar,USDJPY,2025.02.04 20:45:00,31,
2025.02.04 21:09:59,scan_skipped_same_execution_bar,USDJPY,2025.02.04 20:45:00,0,
2025.02.04 21:19:59,scan_executed_new_execution_bar,USDJPY,2025.02.04 21:00:00,0,
2025.02.04 21:24:59,scan_skipped_same_execution_bar,USDJPY,2025.02.04 21:00:00,0,
2025.02.04 21:34:59,scan_executed_new_execution_bar,USDJPY,2025.02.04 21:15:00,31,
2025.02.04 21:39:59,scan_skipped_same_execution_bar,USDJPY,2025.02.04 21:15:00,0,
2025.02.04 21:49:59,scan_executed_new_execution_bar,USDJPY,2025.02.04 21:30:00,15,
2025.02.04 21:54:59,scan_skipped_same_execution_bar,USDJPY,2025.02.04 21:30:00,0,
2025.02.04 22:04:59,scan_executed_new_execution_bar,USDJPY,2025.02.04 21:45:00,0,
2025.02.04 22:09:59,scan_skipped_same_execution_bar,USDJPY,2025.02.04 21:45:00,0,
2025.02.04 22:19:59,scan_executed_new_execution_bar,USDJPY,2025.02.04 22:00:00,0,
2025.02.04 22:24:59,scan_skipped_same_execution_bar,USDJPY,2025.02.04 22:00:00,0,
2025.02.04 22:34:59,scan_executed_new_execution_bar,USDJPY,2025.02.04 22:15:00,0,
2025.02.04 22:39:59,scan_skipped_same_execution_bar,USDJPY,2025.02.04 22:15:00,0,
2025.02.04 22:49:59,scan_executed_new_execution_bar,USDJPY,2025.02.04 22:30:00,16,
2025.02.04 22:54:59,scan_skipped_same_execution_bar,USDJPY,2025.02.04 22:30:00,0,
2025.02.04 23:04:59,scan_executed_new_execution_bar,USDJPY,2025.02.04 22:45:00,0,
2025.02.04 23:09:59,scan_skipped_same_execution_bar,USDJPY,2025.02.04 22:45:00,0,
2025.02.04 23:19:59,scan_executed_new_execution_bar,USDJPY,2025.02.04 23:00:00,0,
2025.02.04 23:24:59,scan_skipped_same_execution_bar,USDJPY,2025.02.04 23:00:00,0,
2025.02.04 23:34:59,scan_executed_new_execution_bar,USDJPY,2025.02.04 23:15:00,15,
2025.02.04 23:39:59,scan_skipped_same_execution_bar,USDJPY,2025.02.04 23:15:00,0,
2025.02.04 23:49:59,scan_executed_new_execution_bar,USDJPY,2025.02.04 23:30:00,0,
2025.02.04 23:54:59,scan_skipped_same_execution_bar,USDJPY,2025.02.04 23:30:00,0,
2025.02.05 00:04:52,scan_executed_new_execution_bar,USDJPY,2025.02.04 23:45:00,0,
2025.02.05 00:09:59,scan_skipped_same_execution_bar,USDJPY,2025.02.04 23:45:00,0,
2025.02.05 00:19:59,scan_executed_new_execution_bar,USDJPY,2025.02.05 00:00:00,0,
2025.02.05 00:24:59,scan_skipped_same_execution_bar,USDJPY,2025.02.05 00:00:00,0,
2025.02.05 00:34:59,scan_executed_new_execution_bar,USDJPY,2025.02.05 00:15:00,0,
2025.02.05 00:39:59,scan_skipped_same_execution_bar,USDJPY,2025.02.05 00:15:00,0,
2025.02.05 00:49:59,scan_executed_new_execution_bar,USDJPY,2025.02.05 00:30:00,0,
2025.02.05 00:54:59,scan_skipped_same_execution_bar,USDJPY,2025.02.05 00:30:00,0,
2025.02.05 01:04:59,scan_executed_new_execution_bar,USDJPY,2025.02.05 00:45:00,0,
2025.02.05 01:09:59,scan_skipped_same_execution_bar,USDJPY,2025.02.05 00:45:00,0,
2025.02.05 01:19:59,scan_executed_new_execution_bar,USDJPY,2025.02.05 01:00:00,0,
2025.02.05 01:24:59,scan_skipped_same_execution_bar,USDJPY,2025.02.05 01:00:00,0,
2025.02.05 01:34:59,scan_executed_new_execution_bar,USDJPY,2025.02.05 01:15:00,0,
2025.02.05 01:39:59,scan_skipped_same_execution_bar,USDJPY,2025.02.05 01:15:00,0,
2025.02.05 01:49:59,scan_executed_new_execution_bar,USDJPY,2025.02.05 01:30:00,0,
2025.02.05 01:54:59,scan_skipped_same_execution_bar,USDJPY,2025.02.05 01:30:00,0,
2025.02.05 02:04:59,scan_executed_new_execution_bar,USDJPY,2025.02.05 01:45:00,0,
2025.02.05 02:10:00,scan_skipped_same_execution_bar,USDJPY,2025.02.05 01:45:00,0,
2025.02.05 02:19:58,scan_executed_new_execution_bar,USDJPY,2025.02.05 02:00:00,31,
2025.02.05 02:24:59,scan_skipped_same_execution_bar,USDJPY,2025.02.05 02:00:00,0,
2025.02.05 02:34:59,scan_executed_new_execution_bar,USDJPY,2025.02.05 02:15:00,0,
2025.02.05 02:39:59,scan_skipped_same_execution_bar,USDJPY,2025.02.05 02:15:00,0,
2025.02.05 02:49:59,scan_executed_new_execution_bar,USDJPY,2025.02.05 02:30:00,0,
2025.02.05 02:54:59,scan_skipped_same_execution_bar,USDJPY,2025.02.05 02:30:00,0,
2025.02.05 03:05:00,scan_executed_new_execution_bar,USDJPY,2025.02.05 02:45:00,0,
2025.02.05 03:09:59,scan_skipped_same_execution_bar,USDJPY,2025.02.05 02:45:00,0,
2025.02.05 03:19:59,scan_executed_new_execution_bar,USDJPY,2025.02.05 03:00:00,0,
2025.02.05 03:24:59,scan_skipped_same_execution_bar,USDJPY,2025.02.05 03:00:00,0,
2025.02.05 03:34:59,scan_executed_new_execution_bar,USDJPY,2025.02.05 03:15:00,0,
2025.02.05 03:39:59,scan_skipped_same_execution_bar,USDJPY,2025.02.05 03:15:00,0,
2025.02.05 03:49:59,scan_executed_new_execution_bar,USDJPY,2025.02.05 03:30:00,0,
2025.02.05 03:54:59,scan_skipped_same_execution_bar,USDJPY,2025.02.05 03:30:00,0,
2025.02.05 04:04:59,scan_executed_new_execution_bar,USDJPY,2025.02.05 03:45:00,0,
2025.02.05 04:09:59,scan_skipped_same_execution_bar,USDJPY,2025.02.05 03:45:00,0,
2025.02.05 04:19:59,scan_executed_new_execution_bar,USDJPY,2025.02.05 04:00:00,0,
2025.02.05 04:24:59,scan_skipped_same_execution_bar,USDJPY,2025.02.05 04:00:00,0,
2025.02.05 04:34:59,scan_executed_new_execution_bar,USDJPY,2025.02.05 04:15:00,0,
2025.02.05 04:39:59,scan_skipped_same_execution_bar,USDJPY,2025.02.05 04:15:00,0,
2025.02.05 04:49:59,scan_executed_new_execution_bar,USDJPY,2025.02.05 04:30:00,62,
2025.02.05 04:54:59,scan_skipped_same_execution_bar,USDJPY,2025.02.05 04:30:00,0,
2025.02.05 05:04:59,scan_executed_new_execution_bar,USDJPY,2025.02.05 04:45:00,16,
2025.02.05 05:09:59,scan_skipped_same_execution_bar,USDJPY,2025.02.05 04:45:00,0,
2025.02.05 05:19:59,scan_executed_new_execution_bar,USDJPY,2025.02.05 05:00:00,15,
2025.02.05 05:24:59,scan_skipped_same_execution_bar,USDJPY,2025.02.05 05:00:00,0,
2025.02.05 05:34:59,scan_executed_new_execution_bar,USDJPY,2025.02.05 05:15:00,0,
2025.02.05 05:39:58,scan_skipped_same_execution_bar,USDJPY,2025.02.05 05:15:00,0,
2025.02.05 05:49:59,scan_executed_new_execution_bar,USDJPY,2025.02.05 05:30:00,0,
2025.02.05 05:54:59,scan_skipped_same_execution_bar,USDJPY,2025.02.05 05:30:00,0,
2025.02.05 06:04:59,scan_executed_new_execution_bar,USDJPY,2025.02.05 05:45:00,0,
2025.02.05 06:09:59,scan_skipped_same_execution_bar,USDJPY,2025.02.05 05:45:00,0,
2025.02.05 06:19:59,scan_executed_new_execution_bar,USDJPY,2025.02.05 06:00:00,16,
2025.02.05 06:24:59,scan_skipped_same_execution_bar,USDJPY,2025.02.05 06:00:00,0,
2025.02.05 06:34:59,scan_executed_new_execution_bar,USDJPY,2025.02.05 06:15:00,31,
2025.02.05 06:39:59,scan_skipped_same_execution_bar,USDJPY,2025.02.05 06:15:00,0,
2025.02.05 06:49:59,scan_executed_new_execution_bar,USDJPY,2025.02.05 06:30:00,0,
2025.02.05 06:54:58,scan_skipped_same_execution_bar,USDJPY,2025.02.05 06:30:00,0,
2025.02.05 07:04:59,scan_executed_new_execution_bar,USDJPY,2025.02.05 06:45:00,47,
2025.02.05 07:09:59,scan_skipped_same_execution_bar,USDJPY,2025.02.05 06:45:00,0,
2025.02.05 07:19:59,scan_executed_new_execution_bar,USDJPY,2025.02.05 07:00:00,0,
2025.02.05 07:24:59,scan_skipped_same_execution_bar,USDJPY,2025.02.05 07:00:00,0,
2025.02.05 07:34:59,scan_executed_new_execution_bar,USDJPY,2025.02.05 07:15:00,0,
2025.02.05 07:39:59,scan_skipped_same_execution_bar,USDJPY,2025.02.05 07:15:00,0,
2025.02.05 07:49:59,scan_executed_new_execution_bar,USDJPY,2025.02.05 07:30:00,0,
2025.02.05 07:54:59,scan_skipped_same_execution_bar,USDJPY,2025.02.05 07:30:00,0,
2025.02.05 08:04:59,scan_executed_new_execution_bar,USDJPY,2025.02.05 07:45:00,0,
2025.02.05 08:09:59,scan_skipped_same_execution_bar,USDJPY,2025.02.05 07:45:00,0,
2025.02.05 08:19:59,scan_executed_new_execution_bar,USDJPY,2025.02.05 08:00:00,0,
2025.02.05 08:24:59,scan_skipped_same_execution_bar,USDJPY,2025.02.05 08:00:00,0,
2025.02.05 08:34:59,scan_executed_new_execution_bar,USDJPY,2025.02.05 08:15:00,0,
2025.02.05 08:39:59,scan_skipped_same_execution_bar,USDJPY,2025.02.05 08:15:00,0,
2025.02.05 08:49:59,scan_executed_new_execution_bar,USDJPY,2025.02.05 08:30:00,0,
2025.02.05 08:54:59,scan_skipped_same_execution_bar,USDJPY,2025.02.05 08:30:00,0,
2025.02.05 09:04:59,scan_executed_new_execution_bar,USDJPY,2025.02.05 08:45:00,0,
2025.02.05 09:09:59,scan_skipped_same_execution_bar,USDJPY,2025.02.05 08:45:00,0,
2025.02.05 09:19:59,scan_executed_new_execution_bar,USDJPY,2025.02.05 09:00:00,0,
2025.02.05 09:24:59,scan_skipped_same_execution_bar,USDJPY,2025.02.05 09:00:00,0,
2025.02.05 09:34:59,scan_executed_new_execution_bar,USDJPY,2025.02.05 09:15:00,0,
2025.02.05 09:39:59,scan_skipped_same_execution_bar,USDJPY,2025.02.05 09:15:00,0,
2025.02.05 09:49:59,scan_executed_new_execution_bar,USDJPY,2025.02.05 09:30:00,16,
2025.02.05 09:54:59,scan_skipped_same_execution_bar,USDJPY,2025.02.05 09:30:00,0,
2025.02.05 10:04:59,scan_executed_new_execution_bar,USDJPY,2025.02.05 09:45:00,0,
2025.02.05 10:09:59,scan_skipped_same_execution_bar,USDJPY,2025.02.05 09:45:00,0,
2025.02.05 10:19:59,scan_executed_new_execution_bar,USDJPY,2025.02.05 10:00:00,0,
2025.02.05 10:24:59,scan_skipped_same_execution_bar,USDJPY,2025.02.05 10:00:00,0,
2025.02.05 10:34:59,scan_executed_new_execution_bar,USDJPY,2025.02.05 10:15:00,0,
2025.02.05 10:39:59,scan_skipped_same_execution_bar,USDJPY,2025.02.05 10:15:00,0,
2025.02.05 10:49:59,scan_executed_new_execution_bar,USDJPY,2025.02.05 10:30:00,0,
2025.02.05 10:54:59,scan_skipped_same_execution_bar,USDJPY,2025.02.05 10:30:00,0,
2025.02.05 11:04:59,scan_executed_new_execution_bar,USDJPY,2025.02.05 10:45:00,0,
2025.02.05 11:09:59,scan_skipped_same_execution_bar,USDJPY,2025.02.05 10:45:00,0,
2025.02.05 11:19:59,scan_executed_new_execution_bar,USDJPY,2025.02.05 11:00:00,0,
2025.02.05 11:24:59,scan_skipped_same_execution_bar,USDJPY,2025.02.05 11:00:00,0,
2025.02.05 11:34:59,scan_executed_new_execution_bar,USDJPY,2025.02.05 11:15:00,0,
2025.02.05 11:39:59,scan_skipped_same_execution_bar,USDJPY,2025.02.05 11:15:00,0,
2025.02.05 11:49:59,scan_executed_new_execution_bar,USDJPY,2025.02.05 11:30:00,0,
2025.02.05 11:54:59,scan_skipped_same_execution_bar,USDJPY,2025.02.05 11:30:00,0,
2025.02.05 12:04:59,scan_executed_new_execution_bar,USDJPY,2025.02.05 11:45:00,31,
2025.02.05 12:09:59,scan_skipped_same_execution_bar,USDJPY,2025.02.05 11:45:00,0,
2025.02.05 12:19:59,scan_executed_new_execution_bar,USDJPY,2025.02.05 12:00:00,0,
2025.02.05 12:24:59,scan_skipped_same_execution_bar,USDJPY,2025.02.05 12:00:00,0,
2025.02.05 12:34:59,scan_executed_new_execution_bar,USDJPY,2025.02.05 12:15:00,31,
2025.02.05 12:39:59,scan_skipped_same_execution_bar,USDJPY,2025.02.05 12:15:00,0,
2025.02.05 12:49:59,scan_executed_new_execution_bar,USDJPY,2025.02.05 12:30:00,0,
2025.02.05 12:54:59,scan_skipped_same_execution_bar,USDJPY,2025.02.05 12:30:00,0,
2025.02.05 13:04:59,scan_executed_new_execution_bar,USDJPY,2025.02.05 12:45:00,0,
2025.02.05 13:09:59,scan_skipped_same_execution_bar,USDJPY,2025.02.05 12:45:00,0,
2025.02.05 13:19:59,scan_executed_new_execution_bar,USDJPY,2025.02.05 13:00:00,31,
2025.02.05 13:24:59,scan_skipped_same_execution_bar,USDJPY,2025.02.05 13:00:00,0,
2025.02.05 13:34:59,scan_executed_new_execution_bar,USDJPY,2025.02.05 13:15:00,31,
2025.02.05 13:39:59,scan_skipped_same_execution_bar,USDJPY,2025.02.05 13:15:00,0,
2025.02.05 13:49:59,scan_executed_new_execution_bar,USDJPY,2025.02.05 13:30:00,47,
2025.02.05 13:54:59,scan_skipped_same_execution_bar,USDJPY,2025.02.05 13:30:00,0,
2025.02.05 14:04:59,scan_executed_new_execution_bar,USDJPY,2025.02.05 13:45:00,31,
2025.02.05 14:09:59,scan_skipped_same_execution_bar,USDJPY,2025.02.05 13:45:00,0,
2025.02.05 14:19:59,scan_executed_new_execution_bar,USDJPY,2025.02.05 14:00:00,16,
2025.02.05 14:24:59,scan_skipped_same_execution_bar,USDJPY,2025.02.05 14:00:00,0,
2025.02.05 14:34:59,scan_executed_new_execution_bar,USDJPY,2025.02.05 14:15:00,0,
2025.02.05 14:39:59,scan_skipped_same_execution_bar,USDJPY,2025.02.05 14:15:00,0,
2025.02.05 14:49:59,scan_executed_new_execution_bar,USDJPY,2025.02.05 14:30:00,0,
2025.02.05 14:54:59,scan_skipped_same_execution_bar,USDJPY,2025.02.05 14:30:00,0,
2025.02.05 15:04:59,scan_executed_new_execution_bar,USDJPY,2025.02.05 14:45:00,0,
2025.02.05 15:09:59,scan_skipped_same_execution_bar,USDJPY,2025.02.05 14:45:00,0,
2025.02.05 15:19:59,scan_executed_new_execution_bar,USDJPY,2025.02.05 15:00:00,0,
2025.02.05 15:24:59,scan_skipped_same_execution_bar,USDJPY,2025.02.05 15:00:00,0,
2025.02.05 15:34:59,scan_executed_new_execution_bar,USDJPY,2025.02.05 15:15:00,0,
2025.02.05 15:39:59,scan_skipped_same_execution_bar,USDJPY,2025.02.05 15:15:00,0,
2025.02.05 15:49:59,scan_executed_new_execution_bar,USDJPY,2025.02.05 15:30:00,0,
2025.02.05 15:54:59,scan_skipped_same_execution_bar,USDJPY,2025.02.05 15:30:00,0,
2025.02.05 16:05:00,scan_executed_new_execution_bar,USDJPY,2025.02.05 15:45:00,0,
2025.02.05 16:09:59,scan_skipped_same_execution_bar,USDJPY,2025.02.05 15:45:00,0,
2025.02.05 16:19:59,scan_executed_new_execution_bar,USDJPY,2025.02.05 16:00:00,0,
2025.02.05 16:24:59,scan_skipped_same_execution_bar,USDJPY,2025.02.05 16:00:00,0,
2025.02.05 16:34:59,scan_executed_new_execution_bar,USDJPY,2025.02.05 16:15:00,46,
2025.02.05 16:39:59,scan_skipped_same_execution_bar,USDJPY,2025.02.05 16:15:00,0,
2025.02.05 16:49:59,scan_executed_new_execution_bar,USDJPY,2025.02.05 16:30:00,0,
2025.02.05 16:55:00,scan_skipped_same_execution_bar,USDJPY,2025.02.05 16:30:00,0,
2025.02.05 17:05:00,scan_executed_new_execution_bar,USDJPY,2025.02.05 16:45:00,0,
2025.02.05 17:09:59,scan_skipped_same_execution_bar,USDJPY,2025.02.05 16:45:00,0,
2025.02.05 17:19:59,scan_executed_new_execution_bar,USDJPY,2025.02.05 17:00:00,0,
2025.02.05 17:24:59,scan_skipped_same_execution_bar,USDJPY,2025.02.05 17:00:00,0,
2025.02.05 17:34:59,scan_executed_new_execution_bar,USDJPY,2025.02.05 17:15:00,0,
2025.02.05 17:39:59,scan_skipped_same_execution_bar,USDJPY,2025.02.05 17:15:00,0,
2025.02.05 17:49:59,scan_executed_new_execution_bar,USDJPY,2025.02.05 17:30:00,31,
2025.02.05 17:54:59,scan_skipped_same_execution_bar,USDJPY,2025.02.05 17:30:00,0,
2025.02.05 18:04:59,scan_executed_new_execution_bar,USDJPY,2025.02.05 17:45:00,0,
2025.02.05 18:09:59,scan_skipped_same_execution_bar,USDJPY,2025.02.05 17:45:00,0,
2025.02.05 18:19:59,scan_executed_new_execution_bar,USDJPY,2025.02.05 18:00:00,47,
2025.02.05 18:24:59,scan_skipped_same_execution_bar,USDJPY,2025.02.05 18:00:00,0,
2025.02.05 18:34:59,scan_executed_new_execution_bar,USDJPY,2025.02.05 18:15:00,0,
2025.02.05 18:39:59,scan_skipped_same_execution_bar,USDJPY,2025.02.05 18:15:00,0,
2025.02.05 18:49:59,scan_executed_new_execution_bar,USDJPY,2025.02.05 18:30:00,15,
2025.02.05 18:54:59,scan_skipped_same_execution_bar,USDJPY,2025.02.05 18:30:00,0,
2025.02.05 19:04:59,scan_executed_new_execution_bar,USDJPY,2025.02.05 18:45:00,62,
2025.02.05 19:09:59,scan_skipped_same_execution_bar,USDJPY,2025.02.05 18:45:00,0,
2025.02.05 19:19:59,scan_executed_new_execution_bar,USDJPY,2025.02.05 19:00:00,31,
2025.02.05 19:24:59,scan_skipped_same_execution_bar,USDJPY,2025.02.05 19:00:00,0,
2025.02.05 19:34:59,scan_executed_new_execution_bar,USDJPY,2025.02.05 19:15:00,15,
2025.02.05 19:39:58,scan_skipped_same_execution_bar,USDJPY,2025.02.05 19:15:00,0,
2025.02.05 19:49:59,scan_executed_new_execution_bar,USDJPY,2025.02.05 19:30:00,31,
2025.02.05 19:54:59,scan_skipped_same_execution_bar,USDJPY,2025.02.05 19:30:00,0,
2025.02.05 20:04:59,scan_executed_new_execution_bar,USDJPY,2025.02.05 19:45:00,0,
2025.02.05 20:09:59,scan_skipped_same_execution_bar,USDJPY,2025.02.05 19:45:00,0,
2025.02.05 20:19:59,scan_executed_new_execution_bar,USDJPY,2025.02.05 20:00:00,31,
2025.02.05 20:24:59,scan_skipped_same_execution_bar,USDJPY,2025.02.05 20:00:00,0,
2025.02.05 20:34:59,scan_executed_new_execution_bar,USDJPY,2025.02.05 20:15:00,0,
2025.02.05 20:39:59,scan_skipped_same_execution_bar,USDJPY,2025.02.05 20:15:00,0,
2025.02.05 20:49:59,scan_executed_new_execution_bar,USDJPY,2025.02.05 20:30:00,0,
2025.02.05 20:54:59,scan_skipped_same_execution_bar,USDJPY,2025.02.05 20:30:00,0,
2025.02.05 21:04:58,scan_executed_new_execution_bar,USDJPY,2025.02.05 20:45:00,0,
2025.02.05 21:09:59,scan_skipped_same_execution_bar,USDJPY,2025.02.05 20:45:00,0,
2025.02.05 21:19:59,scan_executed_new_execution_bar,USDJPY,2025.02.05 21:00:00,0,
2025.02.05 21:24:59,scan_skipped_same_execution_bar,USDJPY,2025.02.05 21:00:00,0,
2025.02.05 21:34:59,scan_executed_new_execution_bar,USDJPY,2025.02.05 21:15:00,16,
2025.02.05 21:39:59,scan_skipped_same_execution_bar,USDJPY,2025.02.05 21:15:00,0,
2025.02.05 21:49:59,scan_executed_new_execution_bar,USDJPY,2025.02.05 21:30:00,0,
2025.02.05 21:54:59,scan_skipped_same_execution_bar,USDJPY,2025.02.05 21:30:00,0,
2025.02.05 22:04:59,scan_executed_new_execution_bar,USDJPY,2025.02.05 21:45:00,0,
2025.02.05 22:09:59,scan_skipped_same_execution_bar,USDJPY,2025.02.05 21:45:00,0,
2025.02.05 22:19:59,scan_executed_new_execution_bar,USDJPY,2025.02.05 22:00:00,0,
2025.02.05 22:24:59,scan_skipped_same_execution_bar,USDJPY,2025.02.05 22:00:00,0,
2025.02.05 22:34:59,scan_executed_new_execution_bar,USDJPY,2025.02.05 22:15:00,0,
2025.02.05 22:39:59,scan_skipped_same_execution_bar,USDJPY,2025.02.05 22:15:00,0,
2025.02.05 22:49:58,scan_executed_new_execution_bar,USDJPY,2025.02.05 22:30:00,0,
2025.02.05 22:54:58,scan_skipped_same_execution_bar,USDJPY,2025.02.05 22:30:00,0,
2025.02.05 23:04:59,scan_executed_new_execution_bar,USDJPY,2025.02.05 22:45:00,0,
2025.02.05 23:09:56,scan_skipped_same_execution_bar,USDJPY,2025.02.05 22:45:00,0,
2025.02.05 23:20:00,scan_executed_new_execution_bar,USDJPY,2025.02.05 23:00:00,0,
2025.02.05 23:24:59,scan_skipped_same_execution_bar,USDJPY,2025.02.05 23:00:00,0,
2025.02.05 23:34:59,scan_executed_new_execution_bar,USDJPY,2025.02.05 23:15:00,0,
2025.02.05 23:39:59,scan_skipped_same_execution_bar,USDJPY,2025.02.05 23:15:00,0,
2025.02.05 23:49:59,scan_executed_new_execution_bar,USDJPY,2025.02.05 23:30:00,0,
2025.02.05 23:54:59,scan_skipped_same_execution_bar,USDJPY,2025.02.05 23:30:00,0,
2025.02.06 00:04:56,scan_executed_new_execution_bar,USDJPY,2025.02.05 23:45:00,0,
2025.02.06 00:09:45,scan_skipped_same_execution_bar,USDJPY,2025.02.05 23:45:00,0,
2025.02.06 00:19:59,scan_executed_new_execution_bar,USDJPY,2025.02.06 00:00:00,0,
2025.02.06 00:24:59,scan_skipped_same_execution_bar,USDJPY,2025.02.06 00:00:00,0,
2025.02.06 00:34:52,scan_executed_new_execution_bar,USDJPY,2025.02.06 00:15:00,0,
2025.02.06 00:39:57,scan_skipped_same_execution_bar,USDJPY,2025.02.06 00:15:00,0,
2025.02.06 00:49:56,scan_executed_new_execution_bar,USDJPY,2025.02.06 00:30:00,0,
2025.02.06 00:54:59,scan_skipped_same_execution_bar,USDJPY,2025.02.06 00:30:00,0,
2025.02.06 01:04:59,scan_executed_new_execution_bar,USDJPY,2025.02.06 00:45:00,0,
2025.02.06 01:09:59,scan_skipped_same_execution_bar,USDJPY,2025.02.06 00:45:00,0,
2025.02.06 01:19:58,scan_executed_new_execution_bar,USDJPY,2025.02.06 01:00:00,0,
2025.02.06 01:24:59,scan_skipped_same_execution_bar,USDJPY,2025.02.06 01:00:00,0,
2025.02.06 01:34:56,scan_executed_new_execution_bar,USDJPY,2025.02.06 01:15:00,15,
2025.02.06 01:39:57,scan_skipped_same_execution_bar,USDJPY,2025.02.06 01:15:00,0,
2025.02.06 01:49:58,scan_executed_new_execution_bar,USDJPY,2025.02.06 01:30:00,0,
2025.02.06 01:54:59,scan_skipped_same_execution_bar,USDJPY,2025.02.06 01:30:00,0,
2025.02.06 02:04:59,scan_executed_new_execution_bar,USDJPY,2025.02.06 01:45:00,0,
2025.02.06 02:09:59,scan_skipped_same_execution_bar,USDJPY,2025.02.06 01:45:00,0,
2025.02.06 02:20:00,scan_executed_new_execution_bar,USDJPY,2025.02.06 02:00:00,16,
2025.02.06 02:24:59,scan_skipped_same_execution_bar,USDJPY,2025.02.06 02:00:00,0,
2025.02.06 02:34:59,scan_executed_new_execution_bar,USDJPY,2025.02.06 02:15:00,0,
2025.02.06 02:39:58,scan_skipped_same_execution_bar,USDJPY,2025.02.06 02:15:00,0,
2025.02.06 02:49:59,scan_executed_new_execution_bar,USDJPY,2025.02.06 02:30:00,0,
2025.02.06 02:54:59,scan_skipped_same_execution_bar,USDJPY,2025.02.06 02:30:00,0,
2025.02.06 03:04:59,scan_executed_new_execution_bar,USDJPY,2025.02.06 02:45:00,0,
2025.02.06 03:09:59,scan_skipped_same_execution_bar,USDJPY,2025.02.06 02:45:00,0,
2025.02.06 03:19:59,scan_executed_new_execution_bar,USDJPY,2025.02.06 03:00:00,16,
2025.02.06 03:24:59,scan_skipped_same_execution_bar,USDJPY,2025.02.06 03:00:00,0,
2025.02.06 03:34:59,scan_executed_new_execution_bar,USDJPY,2025.02.06 03:15:00,0,
2025.02.06 03:39:59,scan_skipped_same_execution_bar,USDJPY,2025.02.06 03:15:00,0,
2025.02.06 03:49:59,scan_executed_new_execution_bar,USDJPY,2025.02.06 03:30:00,0,
2025.02.06 03:54:59,scan_skipped_same_execution_bar,USDJPY,2025.02.06 03:30:00,0,
2025.02.06 04:04:59,scan_executed_new_execution_bar,USDJPY,2025.02.06 03:45:00,63,
2025.02.06 04:09:59,scan_skipped_same_execution_bar,USDJPY,2025.02.06 03:45:00,0,
2025.02.06 04:19:59,scan_executed_new_execution_bar,USDJPY,2025.02.06 04:00:00,16,
2025.02.06 04:24:59,scan_skipped_same_execution_bar,USDJPY,2025.02.06 04:00:00,0,
2025.02.06 04:34:59,scan_executed_new_execution_bar,USDJPY,2025.02.06 04:15:00,15,
2025.02.06 04:39:59,scan_skipped_same_execution_bar,USDJPY,2025.02.06 04:15:00,0,
2025.02.06 04:49:59,scan_executed_new_execution_bar,USDJPY,2025.02.06 04:30:00,0,
2025.02.06 04:54:59,scan_skipped_same_execution_bar,USDJPY,2025.02.06 04:30:00,0,
2025.02.06 05:04:59,scan_executed_new_execution_bar,USDJPY,2025.02.06 04:45:00,16,
2025.02.06 05:09:59,scan_skipped_same_execution_bar,USDJPY,2025.02.06 04:45:00,0,
2025.02.06 05:19:59,scan_executed_new_execution_bar,USDJPY,2025.02.06 05:00:00,0,
2025.02.06 05:24:59,scan_skipped_same_execution_bar,USDJPY,2025.02.06 05:00:00,0,
2025.02.06 05:34:59,scan_executed_new_execution_bar,USDJPY,2025.02.06 05:15:00,16,
2025.02.06 05:39:59,scan_skipped_same_execution_bar,USDJPY,2025.02.06 05:15:00,0,
2025.02.06 05:49:59,scan_executed_new_execution_bar,USDJPY,2025.02.06 05:30:00,0,
2025.02.06 05:54:59,scan_skipped_same_execution_bar,USDJPY,2025.02.06 05:30:00,0,
2025.02.06 06:04:59,scan_executed_new_execution_bar,USDJPY,2025.02.06 05:45:00,16,
2025.02.06 06:09:59,scan_skipped_same_execution_bar,USDJPY,2025.02.06 05:45:00,0,
2025.02.06 06:19:59,scan_executed_new_execution_bar,USDJPY,2025.02.06 06:00:00,0,
2025.02.06 06:24:57,scan_skipped_same_execution_bar,USDJPY,2025.02.06 06:00:00,0,
2025.02.06 06:34:59,scan_executed_new_execution_bar,USDJPY,2025.02.06 06:15:00,32,
2025.02.06 06:39:59,scan_skipped_same_execution_bar,USDJPY,2025.02.06 06:15:00,0,
2025.02.06 06:49:58,scan_executed_new_execution_bar,USDJPY,2025.02.06 06:30:00,0,
2025.02.06 06:54:59,scan_skipped_same_execution_bar,USDJPY,2025.02.06 06:30:00,0,
2025.02.06 07:04:59,scan_executed_new_execution_bar,USDJPY,2025.02.06 06:45:00,0,
2025.02.06 07:09:59,scan_skipped_same_execution_bar,USDJPY,2025.02.06 06:45:00,0,
2025.02.06 07:19:59,scan_executed_new_execution_bar,USDJPY,2025.02.06 07:00:00,16,
2025.02.06 07:24:58,scan_skipped_same_execution_bar,USDJPY,2025.02.06 07:00:00,0,
2025.02.06 07:34:59,scan_executed_new_execution_bar,USDJPY,2025.02.06 07:15:00,0,
2025.02.06 07:39:54,scan_skipped_same_execution_bar,USDJPY,2025.02.06 07:15:00,0,
2025.02.06 07:49:59,scan_executed_new_execution_bar,USDJPY,2025.02.06 07:30:00,16,
2025.02.06 07:54:59,scan_skipped_same_execution_bar,USDJPY,2025.02.06 07:30:00,0,
2025.02.06 08:04:59,scan_executed_new_execution_bar,USDJPY,2025.02.06 07:45:00,0,
2025.02.06 08:09:59,scan_skipped_same_execution_bar,USDJPY,2025.02.06 07:45:00,0,
2025.02.06 08:19:59,scan_executed_new_execution_bar,USDJPY,2025.02.06 08:00:00,0,
2025.02.06 08:24:58,scan_skipped_same_execution_bar,USDJPY,2025.02.06 08:00:00,0,
2025.02.06 08:34:59,scan_executed_new_execution_bar,USDJPY,2025.02.06 08:15:00,0,
2025.02.06 08:39:58,scan_skipped_same_execution_bar,USDJPY,2025.02.06 08:15:00,0,
2025.02.06 08:49:59,scan_executed_new_execution_bar,USDJPY,2025.02.06 08:30:00,0,
2025.02.06 08:54:59,scan_skipped_same_execution_bar,USDJPY,2025.02.06 08:30:00,0,
2025.02.06 09:04:59,scan_executed_new_execution_bar,USDJPY,2025.02.06 08:45:00,0,
2025.02.06 09:09:59,scan_skipped_same_execution_bar,USDJPY,2025.02.06 08:45:00,0,
2025.02.06 09:19:59,scan_executed_new_execution_bar,USDJPY,2025.02.06 09:00:00,0,
2025.02.06 09:24:59,scan_skipped_same_execution_bar,USDJPY,2025.02.06 09:00:00,0,
2025.02.06 09:34:59,scan_executed_new_execution_bar,USDJPY,2025.02.06 09:15:00,0,
2025.02.06 09:39:59,scan_skipped_same_execution_bar,USDJPY,2025.02.06 09:15:00,0,
2025.02.06 09:49:59,scan_executed_new_execution_bar,USDJPY,2025.02.06 09:30:00,0,
2025.02.06 09:54:59,scan_skipped_same_execution_bar,USDJPY,2025.02.06 09:30:00,0,
2025.02.06 10:04:59,scan_executed_new_execution_bar,USDJPY,2025.02.06 09:45:00,0,
2025.02.06 10:09:59,scan_skipped_same_execution_bar,USDJPY,2025.02.06 09:45:00,0,
2025.02.06 10:19:59,scan_executed_new_execution_bar,USDJPY,2025.02.06 10:00:00,0,
2025.02.06 10:24:59,scan_skipped_same_execution_bar,USDJPY,2025.02.06 10:00:00,0,
2025.02.06 10:34:59,scan_executed_new_execution_bar,USDJPY,2025.02.06 10:15:00,0,
2025.02.06 10:39:59,scan_skipped_same_execution_bar,USDJPY,2025.02.06 10:15:00,0,
2025.02.06 10:49:59,scan_executed_new_execution_bar,USDJPY,2025.02.06 10:30:00,0,
2025.02.06 10:54:59,scan_skipped_same_execution_bar,USDJPY,2025.02.06 10:30:00,0,
2025.02.06 11:04:59,scan_executed_new_execution_bar,USDJPY,2025.02.06 10:45:00,0,
2025.02.06 11:09:59,scan_skipped_same_execution_bar,USDJPY,2025.02.06 10:45:00,0,
2025.02.06 11:19:59,scan_executed_new_execution_bar,USDJPY,2025.02.06 11:00:00,0,
2025.02.06 11:24:59,scan_skipped_same_execution_bar,USDJPY,2025.02.06 11:00:00,0,
2025.02.06 11:34:59,scan_executed_new_execution_bar,USDJPY,2025.02.06 11:15:00,0,
2025.02.06 11:39:59,scan_skipped_same_execution_bar,USDJPY,2025.02.06 11:15:00,0,
2025.02.06 11:49:59,scan_executed_new_execution_bar,USDJPY,2025.02.06 11:30:00,0,
2025.02.06 11:54:59,scan_skipped_same_execution_bar,USDJPY,2025.02.06 11:30:00,0,
2025.02.06 12:04:59,scan_executed_new_execution_bar,USDJPY,2025.02.06 11:45:00,16,
2025.02.06 12:09:59,scan_skipped_same_execution_bar,USDJPY,2025.02.06 11:45:00,0,
2025.02.06 12:19:59,scan_executed_new_execution_bar,USDJPY,2025.02.06 12:00:00,15,
2025.02.06 12:24:59,scan_skipped_same_execution_bar,USDJPY,2025.02.06 12:00:00,0,
2025.02.06 12:34:59,scan_executed_new_execution_bar,USDJPY,2025.02.06 12:15:00,0,
2025.02.06 12:39:59,scan_skipped_same_execution_bar,USDJPY,2025.02.06 12:15:00,0,
2025.02.06 12:49:59,scan_executed_new_execution_bar,USDJPY,2025.02.06 12:30:00,0,
2025.02.06 12:54:59,scan_skipped_same_execution_bar,USDJPY,2025.02.06 12:30:00,0,
2025.02.06 13:04:59,scan_executed_new_execution_bar,USDJPY,2025.02.06 12:45:00,31,
2025.02.06 13:09:59,scan_skipped_same_execution_bar,USDJPY,2025.02.06 12:45:00,0,
2025.02.06 13:19:59,scan_executed_new_execution_bar,USDJPY,2025.02.06 13:00:00,15,
2025.02.06 13:24:59,scan_skipped_same_execution_bar,USDJPY,2025.02.06 13:00:00,0,
2025.02.06 13:34:58,scan_executed_new_execution_bar,USDJPY,2025.02.06 13:15:00,16,
2025.02.06 13:39:59,scan_skipped_same_execution_bar,USDJPY,2025.02.06 13:15:00,0,
2025.02.06 13:49:59,scan_executed_new_execution_bar,USDJPY,2025.02.06 13:30:00,0,
2025.02.06 13:54:59,scan_skipped_same_execution_bar,USDJPY,2025.02.06 13:30:00,0,
2025.02.06 14:04:59,scan_executed_new_execution_bar,USDJPY,2025.02.06 13:45:00,0,
2025.02.06 14:09:59,scan_skipped_same_execution_bar,USDJPY,2025.02.06 13:45:00,0,
2025.02.06 14:19:59,scan_executed_new_execution_bar,USDJPY,2025.02.06 14:00:00,0,
2025.02.06 14:24:59,scan_skipped_same_execution_bar,USDJPY,2025.02.06 14:00:00,0,
2025.02.06 14:34:59,scan_executed_new_execution_bar,USDJPY,2025.02.06 14:15:00,15,
2025.02.06 14:39:59,scan_skipped_same_execution_bar,USDJPY,2025.02.06 14:15:00,0,
2025.02.06 14:49:59,scan_executed_new_execution_bar,USDJPY,2025.02.06 14:30:00,0,
2025.02.06 14:54:59,scan_skipped_same_execution_bar,USDJPY,2025.02.06 14:30:00,0,
2025.02.06 15:04:59,scan_executed_new_execution_bar,USDJPY,2025.02.06 14:45:00,16,
2025.02.06 15:09:59,scan_skipped_same_execution_bar,USDJPY,2025.02.06 14:45:00,0,
2025.02.06 15:19:59,scan_executed_new_execution_bar,USDJPY,2025.02.06 15:00:00,16,
2025.02.06 15:24:59,scan_skipped_same_execution_bar,USDJPY,2025.02.06 15:00:00,0,
2025.02.06 15:34:59,scan_executed_new_execution_bar,USDJPY,2025.02.06 15:15:00,31,
2025.02.06 15:39:59,scan_skipped_same_execution_bar,USDJPY,2025.02.06 15:15:00,0,
2025.02.06 15:49:59,scan_executed_new_execution_bar,USDJPY,2025.02.06 15:30:00,0,
2025.02.06 15:54:59,scan_skipped_same_execution_bar,USDJPY,2025.02.06 15:30:00,0,
2025.02.06 16:04:59,scan_executed_new_execution_bar,USDJPY,2025.02.06 15:45:00,0,
2025.02.06 16:09:59,scan_skipped_same_execution_bar,USDJPY,2025.02.06 15:45:00,0,
2025.02.06 16:19:59,scan_executed_new_execution_bar,USDJPY,2025.02.06 16:00:00,62,
2025.02.06 16:24:59,scan_skipped_same_execution_bar,USDJPY,2025.02.06 16:00:00,0,
2025.02.06 16:34:59,scan_executed_new_execution_bar,USDJPY,2025.02.06 16:15:00,0,
2025.02.06 16:39:59,scan_skipped_same_execution_bar,USDJPY,2025.02.06 16:15:00,0,
2025.02.06 16:49:59,scan_executed_new_execution_bar,USDJPY,2025.02.06 16:30:00,16,
2025.02.06 16:54:59,scan_skipped_same_execution_bar,USDJPY,2025.02.06 16:30:00,0,
2025.02.06 17:04:59,scan_executed_new_execution_bar,USDJPY,2025.02.06 16:45:00,31,
2025.02.06 17:09:59,scan_skipped_same_execution_bar,USDJPY,2025.02.06 16:45:00,0,
2025.02.06 17:19:59,scan_executed_new_execution_bar,USDJPY,2025.02.06 17:00:00,16,
2025.02.06 17:24:59,scan_skipped_same_execution_bar,USDJPY,2025.02.06 17:00:00,0,
2025.02.06 17:34:59,scan_executed_new_execution_bar,USDJPY,2025.02.06 17:15:00,15,
2025.02.06 17:39:59,scan_skipped_same_execution_bar,USDJPY,2025.02.06 17:15:00,0,
2025.02.06 17:49:59,scan_executed_new_execution_bar,USDJPY,2025.02.06 17:30:00,0,
2025.02.06 17:54:59,scan_skipped_same_execution_bar,USDJPY,2025.02.06 17:30:00,0,
2025.02.06 18:04:59,scan_executed_new_execution_bar,USDJPY,2025.02.06 17:45:00,0,
2025.02.06 18:09:59,scan_skipped_same_execution_bar,USDJPY,2025.02.06 17:45:00,0,
2025.02.06 18:19:59,scan_executed_new_execution_bar,USDJPY,2025.02.06 18:00:00,31,
2025.02.06 18:24:59,scan_skipped_same_execution_bar,USDJPY,2025.02.06 18:00:00,0,
2025.02.06 18:34:59,scan_executed_new_execution_bar,USDJPY,2025.02.06 18:15:00,15,
2025.02.06 18:39:59,scan_skipped_same_execution_bar,USDJPY,2025.02.06 18:15:00,0,
2025.02.06 18:49:59,scan_executed_new_execution_bar,USDJPY,2025.02.06 18:30:00,0,
2025.02.06 18:54:59,scan_skipped_same_execution_bar,USDJPY,2025.02.06 18:30:00,0,
2025.02.06 19:04:59,scan_executed_new_execution_bar,USDJPY,2025.02.06 18:45:00,15,
2025.02.06 19:10:00,scan_skipped_same_execution_bar,USDJPY,2025.02.06 18:45:00,0,
2025.02.06 19:19:58,scan_executed_new_execution_bar,USDJPY,2025.02.06 19:00:00,0,
2025.02.06 19:24:59,scan_skipped_same_execution_bar,USDJPY,2025.02.06 19:00:00,0,
2025.02.06 19:34:59,scan_executed_new_execution_bar,USDJPY,2025.02.06 19:15:00,0,
2025.02.06 19:39:59,scan_skipped_same_execution_bar,USDJPY,2025.02.06 19:15:00,0,
2025.02.06 19:49:59,scan_executed_new_execution_bar,USDJPY,2025.02.06 19:30:00,0,
2025.02.06 19:54:59,scan_skipped_same_execution_bar,USDJPY,2025.02.06 19:30:00,0,
2025.02.06 20:04:59,scan_executed_new_execution_bar,USDJPY,2025.02.06 19:45:00,0,
2025.02.06 20:09:59,scan_skipped_same_execution_bar,USDJPY,2025.02.06 19:45:00,0,
2025.02.06 20:19:59,scan_executed_new_execution_bar,USDJPY,2025.02.06 20:00:00,15,
2025.02.06 20:24:59,scan_skipped_same_execution_bar,USDJPY,2025.02.06 20:00:00,0,
2025.02.06 20:34:58,scan_executed_new_execution_bar,USDJPY,2025.02.06 20:15:00,0,
2025.02.06 20:39:59,scan_skipped_same_execution_bar,USDJPY,2025.02.06 20:15:00,0,
2025.02.06 20:49:59,scan_executed_new_execution_bar,USDJPY,2025.02.06 20:30:00,0,
2025.02.06 20:54:59,scan_skipped_same_execution_bar,USDJPY,2025.02.06 20:30:00,0,
2025.02.06 21:04:59,scan_executed_new_execution_bar,USDJPY,2025.02.06 20:45:00,0,
2025.02.06 21:09:59,scan_skipped_same_execution_bar,USDJPY,2025.02.06 20:45:00,0,
2025.02.06 21:19:59,scan_executed_new_execution_bar,USDJPY,2025.02.06 21:00:00,0,
2025.02.06 21:24:59,scan_skipped_same_execution_bar,USDJPY,2025.02.06 21:00:00,0,
2025.02.06 21:34:59,scan_executed_new_execution_bar,USDJPY,2025.02.06 21:15:00,0,
2025.02.06 21:39:57,scan_skipped_same_execution_bar,USDJPY,2025.02.06 21:15:00,0,
2025.02.06 21:49:58,scan_executed_new_execution_bar,USDJPY,2025.02.06 21:30:00,0,
2025.02.06 21:54:59,scan_skipped_same_execution_bar,USDJPY,2025.02.06 21:30:00,0,
2025.02.06 22:04:59,scan_executed_new_execution_bar,USDJPY,2025.02.06 21:45:00,0,
2025.02.06 22:09:59,scan_skipped_same_execution_bar,USDJPY,2025.02.06 21:45:00,0,
2025.02.06 22:19:59,scan_executed_new_execution_bar,USDJPY,2025.02.06 22:00:00,16,
2025.02.06 22:24:59,scan_skipped_same_execution_bar,USDJPY,2025.02.06 22:00:00,0,
2025.02.06 22:34:57,scan_executed_new_execution_bar,USDJPY,2025.02.06 22:15:00,31,
2025.02.06 22:39:59,scan_skipped_same_execution_bar,USDJPY,2025.02.06 22:15:00,0,
2025.02.06 22:49:59,scan_executed_new_execution_bar,USDJPY,2025.02.06 22:30:00,0,
2025.02.06 22:54:57,scan_skipped_same_execution_bar,USDJPY,2025.02.06 22:30:00,0,
2025.02.06 23:04:59,scan_executed_new_execution_bar,USDJPY,2025.02.06 22:45:00,15,
2025.02.06 23:09:57,scan_skipped_same_execution_bar,USDJPY,2025.02.06 22:45:00,0,
2025.02.06 23:19:59,scan_executed_new_execution_bar,USDJPY,2025.02.06 23:00:00,0,
2025.02.06 23:24:58,scan_skipped_same_execution_bar,USDJPY,2025.02.06 23:00:00,0,
2025.02.06 23:34:59,scan_executed_new_execution_bar,USDJPY,2025.02.06 23:15:00,0,
2025.02.06 23:39:59,scan_skipped_same_execution_bar,USDJPY,2025.02.06 23:15:00,0,
2025.02.06 23:49:59,scan_executed_new_execution_bar,USDJPY,2025.02.06 23:30:00,0,
2025.02.06 23:55:00,scan_skipped_same_execution_bar,USDJPY,2025.02.06 23:30:00,0,
2025.02.07 00:04:56,scan_executed_new_execution_bar,USDJPY,2025.02.06 23:45:00,0,
2025.02.07 00:09:32,scan_skipped_same_execution_bar,USDJPY,2025.02.06 23:45:00,0,
2025.02.07 00:19:57,scan_executed_new_execution_bar,USDJPY,2025.02.07 00:00:00,0,
2025.02.07 00:24:57,scan_skipped_same_execution_bar,USDJPY,2025.02.07 00:00:00,0,
2025.02.07 00:34:59,scan_executed_new_execution_bar,USDJPY,2025.02.07 00:15:00,0,
2025.02.07 00:39:57,scan_skipped_same_execution_bar,USDJPY,2025.02.07 00:15:00,0,
2025.02.07 00:49:59,scan_executed_new_execution_bar,USDJPY,2025.02.07 00:30:00,0,
2025.02.07 00:54:58,scan_skipped_same_execution_bar,USDJPY,2025.02.07 00:30:00,0,
2025.02.07 01:04:57,scan_executed_new_execution_bar,USDJPY,2025.02.07 00:45:00,0,
2025.02.07 01:09:59,scan_skipped_same_execution_bar,USDJPY,2025.02.07 00:45:00,0,
2025.02.07 01:19:59,scan_executed_new_execution_bar,USDJPY,2025.02.07 01:00:00,0,
2025.02.07 01:24:59,scan_skipped_same_execution_bar,USDJPY,2025.02.07 01:00:00,0,
2025.02.07 01:34:59,scan_executed_new_execution_bar,USDJPY,2025.02.07 01:15:00,15,
2025.02.07 01:39:59,scan_skipped_same_execution_bar,USDJPY,2025.02.07 01:15:00,0,
2025.02.07 01:49:58,scan_executed_new_execution_bar,USDJPY,2025.02.07 01:30:00,0,
2025.02.07 01:54:59,scan_skipped_same_execution_bar,USDJPY,2025.02.07 01:30:00,0,
2025.02.07 02:04:59,scan_executed_new_execution_bar,USDJPY,2025.02.07 01:45:00,0,
2025.02.07 02:09:59,scan_skipped_same_execution_bar,USDJPY,2025.02.07 01:45:00,0,
2025.02.07 02:19:59,scan_executed_new_execution_bar,USDJPY,2025.02.07 02:00:00,0,
2025.02.07 02:24:59,scan_skipped_same_execution_bar,USDJPY,2025.02.07 02:00:00,0,
2025.02.07 02:34:59,scan_executed_new_execution_bar,USDJPY,2025.02.07 02:15:00,0,
2025.02.07 02:39:57,scan_skipped_same_execution_bar,USDJPY,2025.02.07 02:15:00,0,
2025.02.07 02:49:58,scan_executed_new_execution_bar,USDJPY,2025.02.07 02:30:00,0,
2025.02.07 02:54:59,scan_skipped_same_execution_bar,USDJPY,2025.02.07 02:30:00,0,
2025.02.07 03:04:59,scan_executed_new_execution_bar,USDJPY,2025.02.07 02:45:00,15,
2025.02.07 03:09:59,scan_skipped_same_execution_bar,USDJPY,2025.02.07 02:45:00,0,
2025.02.07 03:19:59,scan_executed_new_execution_bar,USDJPY,2025.02.07 03:00:00,31,
2025.02.07 03:24:59,scan_skipped_same_execution_bar,USDJPY,2025.02.07 03:00:00,0,
2025.02.07 03:34:59,scan_executed_new_execution_bar,USDJPY,2025.02.07 03:15:00,47,
2025.02.07 03:39:59,scan_skipped_same_execution_bar,USDJPY,2025.02.07 03:15:00,0,
2025.02.07 03:49:59,scan_executed_new_execution_bar,USDJPY,2025.02.07 03:30:00,0,
2025.02.07 03:54:59,scan_skipped_same_execution_bar,USDJPY,2025.02.07 03:30:00,0,
2025.02.07 04:04:59,scan_executed_new_execution_bar,USDJPY,2025.02.07 03:45:00,0,
2025.02.07 04:10:00,scan_skipped_same_execution_bar,USDJPY,2025.02.07 03:45:00,0,
2025.02.07 04:19:59,scan_executed_new_execution_bar,USDJPY,2025.02.07 04:00:00,0,
2025.02.07 04:24:59,scan_skipped_same_execution_bar,USDJPY,2025.02.07 04:00:00,0,
2025.02.07 04:34:59,scan_executed_new_execution_bar,USDJPY,2025.02.07 04:15:00,15,
2025.02.07 04:39:59,scan_skipped_same_execution_bar,USDJPY,2025.02.07 04:15:00,0,
2025.02.07 04:49:59,scan_executed_new_execution_bar,USDJPY,2025.02.07 04:30:00,16,
2025.02.07 04:54:59,scan_skipped_same_execution_bar,USDJPY,2025.02.07 04:30:00,0,
2025.02.07 05:04:59,scan_executed_new_execution_bar,USDJPY,2025.02.07 04:45:00,0,
2025.02.07 05:09:58,scan_skipped_same_execution_bar,USDJPY,2025.02.07 04:45:00,0,
2025.02.07 05:19:59,scan_executed_new_execution_bar,USDJPY,2025.02.07 05:00:00,0,
2025.02.07 05:24:59,scan_skipped_same_execution_bar,USDJPY,2025.02.07 05:00:00,0,
2025.02.07 05:34:59,scan_executed_new_execution_bar,USDJPY,2025.02.07 05:15:00,0,
2025.02.07 05:39:59,scan_skipped_same_execution_bar,USDJPY,2025.02.07 05:15:00,0,
2025.02.07 05:49:59,scan_executed_new_execution_bar,USDJPY,2025.02.07 05:30:00,0,
2025.02.07 05:54:59,scan_skipped_same_execution_bar,USDJPY,2025.02.07 05:30:00,0,
2025.02.07 06:04:59,scan_executed_new_execution_bar,USDJPY,2025.02.07 05:45:00,0,
2025.02.07 06:09:59,scan_skipped_same_execution_bar,USDJPY,2025.02.07 05:45:00,0,
2025.02.07 06:19:59,scan_executed_new_execution_bar,USDJPY,2025.02.07 06:00:00,0,
2025.02.07 06:24:59,scan_skipped_same_execution_bar,USDJPY,2025.02.07 06:00:00,0,
2025.02.07 06:35:00,scan_executed_new_execution_bar,USDJPY,2025.02.07 06:15:00,0,
2025.02.07 06:39:58,scan_skipped_same_execution_bar,USDJPY,2025.02.07 06:15:00,0,
2025.02.07 06:49:55,scan_executed_new_execution_bar,USDJPY,2025.02.07 06:30:00,0,
2025.02.07 06:54:59,scan_skipped_same_execution_bar,USDJPY,2025.02.07 06:30:00,0,
2025.02.07 07:04:59,scan_executed_new_execution_bar,USDJPY,2025.02.07 06:45:00,0,
2025.02.07 07:09:58,scan_skipped_same_execution_bar,USDJPY,2025.02.07 06:45:00,0,
2025.02.07 07:19:59,scan_executed_new_execution_bar,USDJPY,2025.02.07 07:00:00,0,
2025.02.07 07:24:59,scan_skipped_same_execution_bar,USDJPY,2025.02.07 07:00:00,0,
2025.02.07 07:34:59,scan_executed_new_execution_bar,USDJPY,2025.02.07 07:15:00,16,
2025.02.07 07:39:59,scan_skipped_same_execution_bar,USDJPY,2025.02.07 07:15:00,0,
2025.02.07 07:49:59,scan_executed_new_execution_bar,USDJPY,2025.02.07 07:30:00,0,
2025.02.07 07:54:59,scan_skipped_same_execution_bar,USDJPY,2025.02.07 07:30:00,0,
2025.02.07 08:04:59,scan_executed_new_execution_bar,USDJPY,2025.02.07 07:45:00,15,
2025.02.07 08:09:59,scan_skipped_same_execution_bar,USDJPY,2025.02.07 07:45:00,0,
2025.02.07 08:19:59,scan_executed_new_execution_bar,USDJPY,2025.02.07 08:00:00,0,
2025.02.07 08:24:59,scan_skipped_same_execution_bar,USDJPY,2025.02.07 08:00:00,0,
2025.02.07 08:34:59,scan_executed_new_execution_bar,USDJPY,2025.02.07 08:15:00,0,
2025.02.07 08:39:59,scan_skipped_same_execution_bar,USDJPY,2025.02.07 08:15:00,0,
2025.02.07 08:49:59,scan_executed_new_execution_bar,USDJPY,2025.02.07 08:30:00,0,
2025.02.07 08:54:59,scan_skipped_same_execution_bar,USDJPY,2025.02.07 08:30:00,0,
2025.02.07 09:04:59,scan_executed_new_execution_bar,USDJPY,2025.02.07 08:45:00,0,
2025.02.07 09:09:59,scan_skipped_same_execution_bar,USDJPY,2025.02.07 08:45:00,0,
2025.02.07 09:19:59,scan_executed_new_execution_bar,USDJPY,2025.02.07 09:00:00,0,
2025.02.07 09:24:59,scan_skipped_same_execution_bar,USDJPY,2025.02.07 09:00:00,0,
2025.02.07 09:34:59,scan_executed_new_execution_bar,USDJPY,2025.02.07 09:15:00,16,
2025.02.07 09:39:59,scan_skipped_same_execution_bar,USDJPY,2025.02.07 09:15:00,0,
2025.02.07 09:49:59,scan_executed_new_execution_bar,USDJPY,2025.02.07 09:30:00,0,
2025.02.07 09:54:59,scan_skipped_same_execution_bar,USDJPY,2025.02.07 09:30:00,0,
2025.02.07 10:04:59,scan_executed_new_execution_bar,USDJPY,2025.02.07 09:45:00,0,
2025.02.07 10:09:59,scan_skipped_same_execution_bar,USDJPY,2025.02.07 09:45:00,0,
2025.02.07 10:19:59,scan_executed_new_execution_bar,USDJPY,2025.02.07 10:00:00,0,
2025.02.07 10:24:59,scan_skipped_same_execution_bar,USDJPY,2025.02.07 10:00:00,0,
2025.02.07 10:34:59,scan_executed_new_execution_bar,USDJPY,2025.02.07 10:15:00,0,
2025.02.07 10:39:59,scan_skipped_same_execution_bar,USDJPY,2025.02.07 10:15:00,0,
2025.02.07 10:49:59,scan_executed_new_execution_bar,USDJPY,2025.02.07 10:30:00,0,
2025.02.07 10:54:59,scan_skipped_same_execution_bar,USDJPY,2025.02.07 10:30:00,0,
2025.02.07 11:04:59,scan_executed_new_execution_bar,USDJPY,2025.02.07 10:45:00,0,
2025.02.07 11:09:59,scan_skipped_same_execution_bar,USDJPY,2025.02.07 10:45:00,0,
2025.02.07 11:19:59,scan_executed_new_execution_bar,USDJPY,2025.02.07 11:00:00,0,
2025.02.07 11:24:59,scan_skipped_same_execution_bar,USDJPY,2025.02.07 11:00:00,0,
2025.02.07 11:34:59,scan_executed_new_execution_bar,USDJPY,2025.02.07 11:15:00,32,
2025.02.07 11:39:59,scan_skipped_same_execution_bar,USDJPY,2025.02.07 11:15:00,0,
2025.02.07 11:49:59,scan_executed_new_execution_bar,USDJPY,2025.02.07 11:30:00,0,
2025.02.07 11:54:59,scan_skipped_same_execution_bar,USDJPY,2025.02.07 11:30:00,0,
2025.02.07 12:04:59,scan_executed_new_execution_bar,USDJPY,2025.02.07 11:45:00,31,
2025.02.07 12:09:59,scan_skipped_same_execution_bar,USDJPY,2025.02.07 11:45:00,0,
2025.02.07 12:19:59,scan_executed_new_execution_bar,USDJPY,2025.02.07 12:00:00,16,
2025.02.07 12:24:59,scan_skipped_same_execution_bar,USDJPY,2025.02.07 12:00:00,0,
2025.02.07 12:34:59,scan_executed_new_execution_bar,USDJPY,2025.02.07 12:15:00,0,
2025.02.07 12:39:59,scan_skipped_same_execution_bar,USDJPY,2025.02.07 12:15:00,0,
2025.02.07 12:49:59,scan_executed_new_execution_bar,USDJPY,2025.02.07 12:30:00,15,
2025.02.07 12:54:59,scan_skipped_same_execution_bar,USDJPY,2025.02.07 12:30:00,0,
2025.02.07 13:04:59,scan_executed_new_execution_bar,USDJPY,2025.02.07 12:45:00,0,
2025.02.07 13:09:59,scan_skipped_same_execution_bar,USDJPY,2025.02.07 12:45:00,0,
2025.02.07 13:19:59,scan_executed_new_execution_bar,USDJPY,2025.02.07 13:00:00,0,
2025.02.07 13:24:59,scan_skipped_same_execution_bar,USDJPY,2025.02.07 13:00:00,0,
2025.02.07 13:34:59,scan_executed_new_execution_bar,USDJPY,2025.02.07 13:15:00,0,
2025.02.07 13:39:59,scan_skipped_same_execution_bar,USDJPY,2025.02.07 13:15:00,0,
2025.02.07 13:49:59,scan_executed_new_execution_bar,USDJPY,2025.02.07 13:30:00,0,
2025.02.07 13:55:00,scan_skipped_same_execution_bar,USDJPY,2025.02.07 13:30:00,0,
2025.02.07 14:04:57,scan_executed_new_execution_bar,USDJPY,2025.02.07 13:45:00,0,
2025.02.07 14:09:59,scan_skipped_same_execution_bar,USDJPY,2025.02.07 13:45:00,0,
2025.02.07 14:19:59,scan_executed_new_execution_bar,USDJPY,2025.02.07 14:00:00,0,
2025.02.07 14:24:59,scan_skipped_same_execution_bar,USDJPY,2025.02.07 14:00:00,0,
2025.02.07 14:34:59,scan_executed_new_execution_bar,USDJPY,2025.02.07 14:15:00,0,
2025.02.07 14:39:59,scan_skipped_same_execution_bar,USDJPY,2025.02.07 14:15:00,0,
2025.02.07 14:49:59,scan_executed_new_execution_bar,USDJPY,2025.02.07 14:30:00,0,
2025.02.07 14:54:59,scan_skipped_same_execution_bar,USDJPY,2025.02.07 14:30:00,0,
2025.02.07 15:04:59,scan_executed_new_execution_bar,USDJPY,2025.02.07 14:45:00,0,
2025.02.07 15:09:59,scan_skipped_same_execution_bar,USDJPY,2025.02.07 14:45:00,0,
2025.02.07 15:19:59,scan_executed_new_execution_bar,USDJPY,2025.02.07 15:00:00,0,
2025.02.07 15:24:59,scan_skipped_same_execution_bar,USDJPY,2025.02.07 15:00:00,0,
2025.02.07 15:34:59,scan_executed_new_execution_bar,USDJPY,2025.02.07 15:15:00,0,
2025.02.07 15:40:00,scan_skipped_same_execution_bar,USDJPY,2025.02.07 15:15:00,0,
2025.02.07 15:49:59,scan_executed_new_execution_bar,USDJPY,2025.02.07 15:30:00,0,
2025.02.07 15:54:59,scan_skipped_same_execution_bar,USDJPY,2025.02.07 15:30:00,0,
2025.02.07 16:04:59,scan_executed_new_execution_bar,USDJPY,2025.02.07 15:45:00,16,
2025.02.07 16:09:59,scan_skipped_same_execution_bar,USDJPY,2025.02.07 15:45:00,0,
2025.02.07 16:19:59,scan_executed_new_execution_bar,USDJPY,2025.02.07 16:00:00,16,
2025.02.07 16:24:59,scan_skipped_same_execution_bar,USDJPY,2025.02.07 16:00:00,0,
2025.02.07 16:34:59,scan_executed_new_execution_bar,USDJPY,2025.02.07 16:15:00,0,
2025.02.07 16:39:59,scan_skipped_same_execution_bar,USDJPY,2025.02.07 16:15:00,0,
2025.02.07 16:49:59,scan_executed_new_execution_bar,USDJPY,2025.02.07 16:30:00,0,
2025.02.07 16:54:59,scan_skipped_same_execution_bar,USDJPY,2025.02.07 16:30:00,0,
2025.02.07 17:04:59,scan_executed_new_execution_bar,USDJPY,2025.02.07 16:45:00,0,
2025.02.07 17:09:59,scan_skipped_same_execution_bar,USDJPY,2025.02.07 16:45:00,0,
2025.02.07 17:19:59,scan_executed_new_execution_bar,USDJPY,2025.02.07 17:00:00,31,
2025.02.07 17:24:59,scan_skipped_same_execution_bar,USDJPY,2025.02.07 17:00:00,0,
2025.02.07 17:34:59,scan_executed_new_execution_bar,USDJPY,2025.02.07 17:15:00,16,
2025.02.07 17:39:59,scan_skipped_same_execution_bar,USDJPY,2025.02.07 17:15:00,0,
2025.02.07 17:49:59,scan_executed_new_execution_bar,USDJPY,2025.02.07 17:30:00,47,
2025.02.07 17:54:59,scan_skipped_same_execution_bar,USDJPY,2025.02.07 17:30:00,0,
2025.02.07 18:04:59,scan_executed_new_execution_bar,USDJPY,2025.02.07 17:45:00,0,
2025.02.07 18:09:59,scan_skipped_same_execution_bar,USDJPY,2025.02.07 17:45:00,0,
2025.02.07 18:19:59,scan_executed_new_execution_bar,USDJPY,2025.02.07 18:00:00,0,
2025.02.07 18:24:59,scan_skipped_same_execution_bar,USDJPY,2025.02.07 18:00:00,0,
2025.02.07 18:34:59,scan_executed_new_execution_bar,USDJPY,2025.02.07 18:15:00,0,
2025.02.07 18:39:59,scan_skipped_same_execution_bar,USDJPY,2025.02.07 18:15:00,0,
2025.02.07 18:49:59,scan_executed_new_execution_bar,USDJPY,2025.02.07 18:30:00,0,
2025.02.07 18:54:59,scan_skipped_same_execution_bar,USDJPY,2025.02.07 18:30:00,0,
2025.02.07 19:04:59,scan_executed_new_execution_bar,USDJPY,2025.02.07 18:45:00,78,
2025.02.07 19:09:59,scan_skipped_same_execution_bar,USDJPY,2025.02.07 18:45:00,0,
2025.02.07 19:19:59,scan_executed_new_execution_bar,USDJPY,2025.02.07 19:00:00,0,
2025.02.07 19:24:59,scan_skipped_same_execution_bar,USDJPY,2025.02.07 19:00:00,0,
2025.02.07 19:34:59,scan_executed_new_execution_bar,USDJPY,2025.02.07 19:15:00,47,
2025.02.07 19:39:59,scan_skipped_same_execution_bar,USDJPY,2025.02.07 19:15:00,0,
2025.02.07 19:49:59,scan_executed_new_execution_bar,USDJPY,2025.02.07 19:30:00,31,
2025.02.07 19:54:59,scan_skipped_same_execution_bar,USDJPY,2025.02.07 19:30:00,0,
2025.02.07 20:04:59,scan_executed_new_execution_bar,USDJPY,2025.02.07 19:45:00,31,
2025.02.07 20:09:59,scan_skipped_same_execution_bar,USDJPY,2025.02.07 19:45:00,0,
2025.02.07 20:19:59,scan_executed_new_execution_bar,USDJPY,2025.02.07 20:00:00,0,
2025.02.07 20:24:59,scan_skipped_same_execution_bar,USDJPY,2025.02.07 20:00:00,0,
2025.02.07 20:34:59,scan_executed_new_execution_bar,USDJPY,2025.02.07 20:15:00,0,
2025.02.07 20:39:59,scan_skipped_same_execution_bar,USDJPY,2025.02.07 20:15:00,0,
2025.02.07 20:49:59,scan_executed_new_execution_bar,USDJPY,2025.02.07 20:30:00,0,
2025.02.07 20:54:59,scan_skipped_same_execution_bar,USDJPY,2025.02.07 20:30:00,0,
2025.02.07 21:04:59,scan_executed_new_execution_bar,USDJPY,2025.02.07 20:45:00,0,
2025.02.07 21:09:59,scan_skipped_same_execution_bar,USDJPY,2025.02.07 20:45:00,0,
2025.02.07 21:19:59,scan_executed_new_execution_bar,USDJPY,2025.02.07 21:00:00,31,
2025.02.07 21:24:59,scan_skipped_same_execution_bar,USDJPY,2025.02.07 21:00:00,0,
2025.02.07 21:34:59,scan_executed_new_execution_bar,USDJPY,2025.02.07 21:15:00,47,
2025.02.07 21:39:58,scan_skipped_same_execution_bar,USDJPY,2025.02.07 21:15:00,0,
2025.02.07 21:49:59,scan_executed_new_execution_bar,USDJPY,2025.02.07 21:30:00,0,
2025.02.07 21:54:59,scan_skipped_same_execution_bar,USDJPY,2025.02.07 21:30:00,0,
2025.02.07 22:04:59,scan_executed_new_execution_bar,USDJPY,2025.02.07 21:45:00,0,
2025.02.07 22:09:58,scan_skipped_same_execution_bar,USDJPY,2025.02.07 21:45:00,0,
2025.02.07 22:19:59,scan_executed_new_execution_bar,USDJPY,2025.02.07 22:00:00,0,
2025.02.07 22:24:59,scan_skipped_same_execution_bar,USDJPY,2025.02.07 22:00:00,0,
2025.02.07 22:34:59,scan_executed_new_execution_bar,USDJPY,2025.02.07 22:15:00,0,
2025.02.07 22:39:59,scan_skipped_same_execution_bar,USDJPY,2025.02.07 22:15:00,0,
2025.02.07 22:49:58,scan_executed_new_execution_bar,USDJPY,2025.02.07 22:30:00,0,
2025.02.07 22:54:59,scan_skipped_same_execution_bar,USDJPY,2025.02.07 22:30:00,0,
2025.02.07 23:04:59,scan_executed_new_execution_bar,USDJPY,2025.02.07 22:45:00,0,
2025.02.07 23:09:56,scan_skipped_same_execution_bar,USDJPY,2025.02.07 22:45:00,0,
2025.02.07 23:19:52,scan_executed_new_execution_bar,USDJPY,2025.02.07 23:00:00,0,
2025.02.07 23:24:59,scan_skipped_same_execution_bar,USDJPY,2025.02.07 23:00:00,0,
2025.02.07 23:34:59,scan_executed_new_execution_bar,USDJPY,2025.02.07 23:15:00,0,
2025.02.07 23:39:58,scan_skipped_same_execution_bar,USDJPY,2025.02.07 23:15:00,0,
2025.02.07 23:49:59,scan_executed_new_execution_bar,USDJPY,2025.02.07 23:30:00,0,
2025.02.07 23:54:59,scan_skipped_same_execution_bar,USDJPY,2025.02.07 23:30:00,0,
2025.02.10 00:04:59,scan_executed_new_execution_bar,USDJPY,2025.02.07 23:45:00,0,
2025.02.10 00:09:57,scan_skipped_same_execution_bar,USDJPY,2025.02.07 23:45:00,0,
2025.02.10 00:19:58,scan_executed_new_execution_bar,USDJPY,2025.02.10 00:00:00,0,
2025.02.10 00:24:59,scan_skipped_same_execution_bar,USDJPY,2025.02.10 00:00:00,0,
2025.02.10 00:34:59,scan_executed_new_execution_bar,USDJPY,2025.02.10 00:15:00,0,
2025.02.10 00:39:59,scan_skipped_same_execution_bar,USDJPY,2025.02.10 00:15:00,0,
2025.02.10 00:49:59,scan_executed_new_execution_bar,USDJPY,2025.02.10 00:30:00,0,
2025.02.10 00:54:59,scan_skipped_same_execution_bar,USDJPY,2025.02.10 00:30:00,0,
2025.02.10 01:04:59,scan_executed_new_execution_bar,USDJPY,2025.02.10 00:45:00,0,
2025.02.10 01:09:59,scan_skipped_same_execution_bar,USDJPY,2025.02.10 00:45:00,0,
2025.02.10 01:19:59,scan_executed_new_execution_bar,USDJPY,2025.02.10 01:00:00,31,
2025.02.10 01:24:59,scan_skipped_same_execution_bar,USDJPY,2025.02.10 01:00:00,0,
2025.02.10 01:34:59,scan_executed_new_execution_bar,USDJPY,2025.02.10 01:15:00,16,
2025.02.10 01:39:59,scan_skipped_same_execution_bar,USDJPY,2025.02.10 01:15:00,0,
2025.02.10 01:49:59,scan_executed_new_execution_bar,USDJPY,2025.02.10 01:30:00,16,
2025.02.10 01:54:59,scan_skipped_same_execution_bar,USDJPY,2025.02.10 01:30:00,0,
2025.02.10 02:04:59,scan_executed_new_execution_bar,USDJPY,2025.02.10 01:45:00,15,
2025.02.10 02:09:59,scan_skipped_same_execution_bar,USDJPY,2025.02.10 01:45:00,0,
2025.02.10 02:19:59,scan_executed_new_execution_bar,USDJPY,2025.02.10 02:00:00,0,
2025.02.10 02:24:59,scan_skipped_same_execution_bar,USDJPY,2025.02.10 02:00:00,0,
2025.02.10 02:34:59,scan_executed_new_execution_bar,USDJPY,2025.02.10 02:15:00,0,
2025.02.10 02:39:59,scan_skipped_same_execution_bar,USDJPY,2025.02.10 02:15:00,0,
2025.02.10 02:49:59,scan_executed_new_execution_bar,USDJPY,2025.02.10 02:30:00,0,
2025.02.10 02:54:59,scan_skipped_same_execution_bar,USDJPY,2025.02.10 02:30:00,0,
2025.02.10 03:04:59,scan_executed_new_execution_bar,USDJPY,2025.02.10 02:45:00,0,
2025.02.10 03:09:59,scan_skipped_same_execution_bar,USDJPY,2025.02.10 02:45:00,0,
2025.02.10 03:19:59,scan_executed_new_execution_bar,USDJPY,2025.02.10 03:00:00,0,
2025.02.10 03:24:59,scan_skipped_same_execution_bar,USDJPY,2025.02.10 03:00:00,0,
2025.02.10 03:34:59,scan_executed_new_execution_bar,USDJPY,2025.02.10 03:15:00,0,
2025.02.10 03:39:59,scan_skipped_same_execution_bar,USDJPY,2025.02.10 03:15:00,0,
2025.02.10 03:49:59,scan_executed_new_execution_bar,USDJPY,2025.02.10 03:30:00,0,
2025.02.10 03:54:59,scan_skipped_same_execution_bar,USDJPY,2025.02.10 03:30:00,0,
2025.02.10 04:04:59,scan_executed_new_execution_bar,USDJPY,2025.02.10 03:45:00,15,
2025.02.10 04:09:59,scan_skipped_same_execution_bar,USDJPY,2025.02.10 03:45:00,0,
2025.02.10 04:19:59,scan_executed_new_execution_bar,USDJPY,2025.02.10 04:00:00,0,
2025.02.10 04:24:59,scan_skipped_same_execution_bar,USDJPY,2025.02.10 04:00:00,0,
2025.02.10 04:34:59,scan_executed_new_execution_bar,USDJPY,2025.02.10 04:15:00,0,
2025.02.10 04:39:59,scan_skipped_same_execution_bar,USDJPY,2025.02.10 04:15:00,0,
2025.02.10 04:49:58,scan_executed_new_execution_bar,USDJPY,2025.02.10 04:30:00,0,
2025.02.10 04:54:59,scan_skipped_same_execution_bar,USDJPY,2025.02.10 04:30:00,0,
2025.02.10 05:04:59,scan_executed_new_execution_bar,USDJPY,2025.02.10 04:45:00,0,
2025.02.10 05:09:58,scan_skipped_same_execution_bar,USDJPY,2025.02.10 04:45:00,0,
2025.02.10 05:19:59,scan_executed_new_execution_bar,USDJPY,2025.02.10 05:00:00,15,
2025.02.10 05:24:59,scan_skipped_same_execution_bar,USDJPY,2025.02.10 05:00:00,0,
2025.02.10 05:34:59,scan_executed_new_execution_bar,USDJPY,2025.02.10 05:15:00,0,
2025.02.10 05:39:59,scan_skipped_same_execution_bar,USDJPY,2025.02.10 05:15:00,0,
2025.02.10 05:49:59,scan_executed_new_execution_bar,USDJPY,2025.02.10 05:30:00,16,
2025.02.10 05:54:59,scan_skipped_same_execution_bar,USDJPY,2025.02.10 05:30:00,0,
2025.02.10 06:04:59,scan_executed_new_execution_bar,USDJPY,2025.02.10 05:45:00,16,
2025.02.10 06:09:58,scan_skipped_same_execution_bar,USDJPY,2025.02.10 05:45:00,0,
2025.02.10 06:19:59,scan_executed_new_execution_bar,USDJPY,2025.02.10 06:00:00,0,
2025.02.10 06:24:59,scan_skipped_same_execution_bar,USDJPY,2025.02.10 06:00:00,0,
2025.02.10 06:34:59,scan_executed_new_execution_bar,USDJPY,2025.02.10 06:15:00,0,
2025.02.10 06:39:59,scan_skipped_same_execution_bar,USDJPY,2025.02.10 06:15:00,0,
2025.02.10 06:49:59,scan_executed_new_execution_bar,USDJPY,2025.02.10 06:30:00,0,
2025.02.10 06:54:57,scan_skipped_same_execution_bar,USDJPY,2025.02.10 06:30:00,0,
2025.02.10 07:04:59,scan_executed_new_execution_bar,USDJPY,2025.02.10 06:45:00,0,
2025.02.10 07:09:59,scan_skipped_same_execution_bar,USDJPY,2025.02.10 06:45:00,0,
2025.02.10 07:19:57,scan_executed_new_execution_bar,USDJPY,2025.02.10 07:00:00,0,
2025.02.10 07:24:59,scan_skipped_same_execution_bar,USDJPY,2025.02.10 07:00:00,0,
2025.02.10 07:34:59,scan_executed_new_execution_bar,USDJPY,2025.02.10 07:15:00,0,
2025.02.10 07:39:59,scan_skipped_same_execution_bar,USDJPY,2025.02.10 07:15:00,0,
2025.02.10 07:49:59,scan_executed_new_execution_bar,USDJPY,2025.02.10 07:30:00,15,
2025.02.10 07:54:59,scan_skipped_same_execution_bar,USDJPY,2025.02.10 07:30:00,0,
2025.02.10 08:04:59,scan_executed_new_execution_bar,USDJPY,2025.02.10 07:45:00,31,
2025.02.10 08:09:59,scan_skipped_same_execution_bar,USDJPY,2025.02.10 07:45:00,0,
2025.02.10 08:19:59,scan_executed_new_execution_bar,USDJPY,2025.02.10 08:00:00,16,
2025.02.10 08:24:59,scan_skipped_same_execution_bar,USDJPY,2025.02.10 08:00:00,0,
2025.02.10 08:34:59,scan_executed_new_execution_bar,USDJPY,2025.02.10 08:15:00,0,
2025.02.10 08:39:59,scan_skipped_same_execution_bar,USDJPY,2025.02.10 08:15:00,0,
2025.02.10 08:49:59,scan_executed_new_execution_bar,USDJPY,2025.02.10 08:30:00,0,
2025.02.10 08:54:59,scan_skipped_same_execution_bar,USDJPY,2025.02.10 08:30:00,0,
2025.02.10 09:04:59,scan_executed_new_execution_bar,USDJPY,2025.02.10 08:45:00,0,
2025.02.10 09:09:58,scan_skipped_same_execution_bar,USDJPY,2025.02.10 08:45:00,0,
2025.02.10 09:19:59,scan_executed_new_execution_bar,USDJPY,2025.02.10 09:00:00,0,
2025.02.10 09:24:58,scan_skipped_same_execution_bar,USDJPY,2025.02.10 09:00:00,0,
2025.02.10 09:34:59,scan_executed_new_execution_bar,USDJPY,2025.02.10 09:15:00,16,
2025.02.10 09:39:59,scan_skipped_same_execution_bar,USDJPY,2025.02.10 09:15:00,0,
2025.02.10 09:49:59,scan_executed_new_execution_bar,USDJPY,2025.02.10 09:30:00,0,
2025.02.10 09:54:59,scan_skipped_same_execution_bar,USDJPY,2025.02.10 09:30:00,0,
2025.02.10 10:04:59,scan_executed_new_execution_bar,USDJPY,2025.02.10 09:45:00,0,
2025.02.10 10:09:59,scan_skipped_same_execution_bar,USDJPY,2025.02.10 09:45:00,0,
2025.02.10 10:19:59,scan_executed_new_execution_bar,USDJPY,2025.02.10 10:00:00,16,
2025.02.10 10:24:59,scan_skipped_same_execution_bar,USDJPY,2025.02.10 10:00:00,0,
2025.02.10 10:34:59,scan_executed_new_execution_bar,USDJPY,2025.02.10 10:15:00,0,
2025.02.10 10:39:59,scan_skipped_same_execution_bar,USDJPY,2025.02.10 10:15:00,0,
2025.02.10 10:49:59,scan_executed_new_execution_bar,USDJPY,2025.02.10 10:30:00,0,
2025.02.10 10:54:59,scan_skipped_same_execution_bar,USDJPY,2025.02.10 10:30:00,0,
2025.02.10 11:04:59,scan_executed_new_execution_bar,USDJPY,2025.02.10 10:45:00,0,
2025.02.10 11:09:59,scan_skipped_same_execution_bar,USDJPY,2025.02.10 10:45:00,0,
2025.02.10 11:19:59,scan_executed_new_execution_bar,USDJPY,2025.02.10 11:00:00,15,
2025.02.10 11:24:59,scan_skipped_same_execution_bar,USDJPY,2025.02.10 11:00:00,0,
2025.02.10 11:34:59,scan_executed_new_execution_bar,USDJPY,2025.02.10 11:15:00,0,
2025.02.10 11:39:59,scan_skipped_same_execution_bar,USDJPY,2025.02.10 11:15:00,0,
2025.02.10 11:49:59,scan_executed_new_execution_bar,USDJPY,2025.02.10 11:30:00,15,
2025.02.10 11:54:59,scan_skipped_same_execution_bar,USDJPY,2025.02.10 11:30:00,0,
2025.02.10 12:04:59,scan_executed_new_execution_bar,USDJPY,2025.02.10 11:45:00,32,
2025.02.10 12:09:59,scan_skipped_same_execution_bar,USDJPY,2025.02.10 11:45:00,0,
2025.02.10 12:19:59,scan_executed_new_execution_bar,USDJPY,2025.02.10 12:00:00,0,
2025.02.10 12:24:59,scan_skipped_same_execution_bar,USDJPY,2025.02.10 12:00:00,0,
2025.02.10 12:34:59,scan_executed_new_execution_bar,USDJPY,2025.02.10 12:15:00,0,
2025.02.10 12:39:59,scan_skipped_same_execution_bar,USDJPY,2025.02.10 12:15:00,0,
2025.02.10 12:49:59,scan_executed_new_execution_bar,USDJPY,2025.02.10 12:30:00,0,
2025.02.10 12:54:59,scan_skipped_same_execution_bar,USDJPY,2025.02.10 12:30:00,0,
2025.02.10 13:04:59,scan_executed_new_execution_bar,USDJPY,2025.02.10 12:45:00,16,
2025.02.10 13:09:59,scan_skipped_same_execution_bar,USDJPY,2025.02.10 12:45:00,0,
2025.02.10 13:19:59,scan_executed_new_execution_bar,USDJPY,2025.02.10 13:00:00,0,
2025.02.10 13:24:58,scan_skipped_same_execution_bar,USDJPY,2025.02.10 13:00:00,0,
2025.02.10 13:34:59,scan_executed_new_execution_bar,USDJPY,2025.02.10 13:15:00,0,
2025.02.10 13:39:59,scan_skipped_same_execution_bar,USDJPY,2025.02.10 13:15:00,0,
2025.02.10 13:49:59,scan_executed_new_execution_bar,USDJPY,2025.02.10 13:30:00,0,
2025.02.10 13:54:59,scan_skipped_same_execution_bar,USDJPY,2025.02.10 13:30:00,0,
2025.02.10 14:04:59,scan_executed_new_execution_bar,USDJPY,2025.02.10 13:45:00,0,
2025.02.10 14:09:59,scan_skipped_same_execution_bar,USDJPY,2025.02.10 13:45:00,0,
2025.02.10 14:19:59,scan_executed_new_execution_bar,USDJPY,2025.02.10 14:00:00,16,
2025.02.10 14:24:57,scan_skipped_same_execution_bar,USDJPY,2025.02.10 14:00:00,0,
2025.02.10 14:30:00,scan_executed_new_execution_bar,USDJPY,2025.02.10 14:15:00,15,
2025.02.10 14:34:59,scan_skipped_same_execution_bar,USDJPY,2025.02.10 14:15:00,0,
2025.02.10 14:49:59,scan_executed_new_execution_bar,USDJPY,2025.02.10 14:30:00,0,
2025.02.10 14:54:59,scan_skipped_same_execution_bar,USDJPY,2025.02.10 14:30:00,0,
2025.02.10 15:04:59,scan_executed_new_execution_bar,USDJPY,2025.02.10 14:45:00,0,
2025.02.10 15:10:00,scan_skipped_same_execution_bar,USDJPY,2025.02.10 14:45:00,0,
2025.02.10 15:19:59,scan_executed_new_execution_bar,USDJPY,2025.02.10 15:00:00,0,
2025.02.10 15:24:59,scan_skipped_same_execution_bar,USDJPY,2025.02.10 15:00:00,0,
2025.02.10 15:34:59,scan_executed_new_execution_bar,USDJPY,2025.02.10 15:15:00,0,
2025.02.10 15:39:59,scan_skipped_same_execution_bar,USDJPY,2025.02.10 15:15:00,0,
2025.02.10 15:49:59,scan_executed_new_execution_bar,USDJPY,2025.02.10 15:30:00,0,
2025.02.10 15:54:59,scan_skipped_same_execution_bar,USDJPY,2025.02.10 15:30:00,0,
2025.02.10 16:04:59,scan_executed_new_execution_bar,USDJPY,2025.02.10 15:45:00,0,
2025.02.10 16:09:59,scan_skipped_same_execution_bar,USDJPY,2025.02.10 15:45:00,0,
2025.02.10 16:19:59,scan_executed_new_execution_bar,USDJPY,2025.02.10 16:00:00,0,
2025.02.10 16:24:59,scan_skipped_same_execution_bar,USDJPY,2025.02.10 16:00:00,0,
2025.02.10 16:35:00,scan_executed_new_execution_bar,USDJPY,2025.02.10 16:15:00,0,
2025.02.10 16:39:59,scan_skipped_same_execution_bar,USDJPY,2025.02.10 16:15:00,0,
2025.02.10 16:49:59,scan_executed_new_execution_bar,USDJPY,2025.02.10 16:30:00,0,
2025.02.10 16:54:59,scan_skipped_same_execution_bar,USDJPY,2025.02.10 16:30:00,0,
2025.02.10 17:04:59,scan_executed_new_execution_bar,USDJPY,2025.02.10 16:45:00,15,
2025.02.10 17:09:59,scan_skipped_same_execution_bar,USDJPY,2025.02.10 16:45:00,0,
2025.02.10 17:19:59,scan_executed_new_execution_bar,USDJPY,2025.02.10 17:00:00,0,
2025.02.10 17:24:59,scan_skipped_same_execution_bar,USDJPY,2025.02.10 17:00:00,0,
2025.02.10 17:34:59,scan_executed_new_execution_bar,USDJPY,2025.02.10 17:15:00,0,
2025.02.10 17:39:59,scan_skipped_same_execution_bar,USDJPY,2025.02.10 17:15:00,0,
2025.02.10 17:49:59,scan_executed_new_execution_bar,USDJPY,2025.02.10 17:30:00,0,
2025.02.10 17:54:59,scan_skipped_same_execution_bar,USDJPY,2025.02.10 17:30:00,0,
2025.02.10 18:04:59,scan_executed_new_execution_bar,USDJPY,2025.02.10 17:45:00,0,
2025.02.10 18:09:59,scan_skipped_same_execution_bar,USDJPY,2025.02.10 17:45:00,0,
2025.02.10 18:19:59,scan_executed_new_execution_bar,USDJPY,2025.02.10 18:00:00,15,
2025.02.10 18:24:59,scan_skipped_same_execution_bar,USDJPY,2025.02.10 18:00:00,0,
2025.02.10 18:34:59,scan_executed_new_execution_bar,USDJPY,2025.02.10 18:15:00,0,
2025.02.10 18:39:59,scan_skipped_same_execution_bar,USDJPY,2025.02.10 18:15:00,0,
2025.02.10 18:49:59,scan_executed_new_execution_bar,USDJPY,2025.02.10 18:30:00,0,
2025.02.10 18:54:59,scan_skipped_same_execution_bar,USDJPY,2025.02.10 18:30:00,0,
2025.02.10 19:04:59,scan_executed_new_execution_bar,USDJPY,2025.02.10 18:45:00,0,
2025.02.10 19:09:59,scan_skipped_same_execution_bar,USDJPY,2025.02.10 18:45:00,0,
2025.02.10 19:19:59,scan_executed_new_execution_bar,USDJPY,2025.02.10 19:00:00,16,
2025.02.10 19:24:59,scan_skipped_same_execution_bar,USDJPY,2025.02.10 19:00:00,0,
2025.02.10 19:34:59,scan_executed_new_execution_bar,USDJPY,2025.02.10 19:15:00,0,
2025.02.10 19:39:59,scan_skipped_same_execution_bar,USDJPY,2025.02.10 19:15:00,0,
2025.02.10 19:49:59,scan_executed_new_execution_bar,USDJPY,2025.02.10 19:30:00,0,
2025.02.10 19:54:59,scan_skipped_same_execution_bar,USDJPY,2025.02.10 19:30:00,0,
2025.02.10 20:04:59,scan_executed_new_execution_bar,USDJPY,2025.02.10 19:45:00,16,
2025.02.10 20:09:59,scan_skipped_same_execution_bar,USDJPY,2025.02.10 19:45:00,0,
2025.02.10 20:19:59,scan_executed_new_execution_bar,USDJPY,2025.02.10 20:00:00,0,
2025.02.10 20:24:59,scan_skipped_same_execution_bar,USDJPY,2025.02.10 20:00:00,0,
2025.02.10 20:34:59,scan_executed_new_execution_bar,USDJPY,2025.02.10 20:15:00,0,
2025.02.10 20:39:59,scan_skipped_same_execution_bar,USDJPY,2025.02.10 20:15:00,0,
2025.02.10 20:49:59,scan_executed_new_execution_bar,USDJPY,2025.02.10 20:30:00,0,
2025.02.10 20:54:59,scan_skipped_same_execution_bar,USDJPY,2025.02.10 20:30:00,0,
2025.02.10 21:04:59,scan_executed_new_execution_bar,USDJPY,2025.02.10 20:45:00,0,
2025.02.10 21:09:59,scan_skipped_same_execution_bar,USDJPY,2025.02.10 20:45:00,0,
2025.02.10 21:19:57,scan_executed_new_execution_bar,USDJPY,2025.02.10 21:00:00,16,
2025.02.10 21:24:59,scan_skipped_same_execution_bar,USDJPY,2025.02.10 21:00:00,0,
2025.02.10 21:34:59,scan_executed_new_execution_bar,USDJPY,2025.02.10 21:15:00,0,
2025.02.10 21:39:59,scan_skipped_same_execution_bar,USDJPY,2025.02.10 21:15:00,0,
2025.02.10 21:50:00,scan_executed_new_execution_bar,USDJPY,2025.02.10 21:30:00,16,
2025.02.10 21:54:59,scan_skipped_same_execution_bar,USDJPY,2025.02.10 21:30:00,0,
2025.02.10 22:04:59,scan_executed_new_execution_bar,USDJPY,2025.02.10 21:45:00,0,
2025.02.10 22:09:57,scan_skipped_same_execution_bar,USDJPY,2025.02.10 21:45:00,0,
2025.02.10 22:19:59,scan_executed_new_execution_bar,USDJPY,2025.02.10 22:00:00,0,
2025.02.10 22:24:59,scan_skipped_same_execution_bar,USDJPY,2025.02.10 22:00:00,0,
2025.02.10 22:34:59,scan_executed_new_execution_bar,USDJPY,2025.02.10 22:15:00,0,
2025.02.10 22:39:59,scan_skipped_same_execution_bar,USDJPY,2025.02.10 22:15:00,0,
2025.02.10 22:49:58,scan_executed_new_execution_bar,USDJPY,2025.02.10 22:30:00,0,
2025.02.10 22:54:59,scan_skipped_same_execution_bar,USDJPY,2025.02.10 22:30:00,0,
2025.02.10 23:04:58,scan_executed_new_execution_bar,USDJPY,2025.02.10 22:45:00,0,
2025.02.10 23:09:53,scan_skipped_same_execution_bar,USDJPY,2025.02.10 22:45:00,0,
2025.02.10 23:19:59,scan_executed_new_execution_bar,USDJPY,2025.02.10 23:00:00,0,
2025.02.10 23:24:58,scan_skipped_same_execution_bar,USDJPY,2025.02.10 23:00:00,0,
2025.02.10 23:34:58,scan_executed_new_execution_bar,USDJPY,2025.02.10 23:15:00,0,
2025.02.10 23:39:59,scan_skipped_same_execution_bar,USDJPY,2025.02.10 23:15:00,0,
2025.02.10 23:49:56,scan_executed_new_execution_bar,USDJPY,2025.02.10 23:30:00,0,
2025.02.10 23:54:59,scan_skipped_same_execution_bar,USDJPY,2025.02.10 23:30:00,0,
2025.02.11 00:04:51,scan_executed_new_execution_bar,USDJPY,2025.02.10 23:45:00,0,
2025.02.11 00:09:53,scan_skipped_same_execution_bar,USDJPY,2025.02.10 23:45:00,0,
2025.02.11 00:19:57,scan_executed_new_execution_bar,USDJPY,2025.02.11 00:00:00,0,
2025.02.11 00:24:59,scan_skipped_same_execution_bar,USDJPY,2025.02.11 00:00:00,0,
2025.02.11 00:34:59,scan_executed_new_execution_bar,USDJPY,2025.02.11 00:15:00,0,
2025.02.11 00:39:59,scan_skipped_same_execution_bar,USDJPY,2025.02.11 00:15:00,0,
2025.02.11 00:49:59,scan_executed_new_execution_bar,USDJPY,2025.02.11 00:30:00,0,
2025.02.11 00:54:59,scan_skipped_same_execution_bar,USDJPY,2025.02.11 00:30:00,0,
2025.02.11 01:04:59,scan_executed_new_execution_bar,USDJPY,2025.02.11 00:45:00,0,
2025.02.11 01:10:00,scan_skipped_same_execution_bar,USDJPY,2025.02.11 00:45:00,0,
2025.02.11 01:19:59,scan_executed_new_execution_bar,USDJPY,2025.02.11 01:00:00,0,
2025.02.11 01:24:59,scan_skipped_same_execution_bar,USDJPY,2025.02.11 01:00:00,0,
2025.02.11 01:34:59,scan_executed_new_execution_bar,USDJPY,2025.02.11 01:15:00,0,
2025.02.11 01:39:59,scan_skipped_same_execution_bar,USDJPY,2025.02.11 01:15:00,0,
2025.02.11 01:49:59,scan_executed_new_execution_bar,USDJPY,2025.02.11 01:30:00,0,
2025.02.11 01:54:58,scan_skipped_same_execution_bar,USDJPY,2025.02.11 01:30:00,0,
2025.02.11 02:04:58,scan_executed_new_execution_bar,USDJPY,2025.02.11 01:45:00,0,
2025.02.11 02:09:59,scan_skipped_same_execution_bar,USDJPY,2025.02.11 01:45:00,0,
2025.02.11 02:20:00,scan_executed_new_execution_bar,USDJPY,2025.02.11 02:00:00,0,
2025.02.11 02:24:58,scan_skipped_same_execution_bar,USDJPY,2025.02.11 02:00:00,0,
2025.02.11 02:34:56,scan_executed_new_execution_bar,USDJPY,2025.02.11 02:15:00,15,
2025.02.11 02:39:59,scan_skipped_same_execution_bar,USDJPY,2025.02.11 02:15:00,0,
2025.02.11 02:49:59,scan_executed_new_execution_bar,USDJPY,2025.02.11 02:30:00,0,
2025.02.11 02:54:59,scan_skipped_same_execution_bar,USDJPY,2025.02.11 02:30:00,0,
2025.02.11 03:04:59,scan_executed_new_execution_bar,USDJPY,2025.02.11 02:45:00,0,
2025.02.11 03:09:59,scan_skipped_same_execution_bar,USDJPY,2025.02.11 02:45:00,0,
2025.02.11 03:19:59,scan_executed_new_execution_bar,USDJPY,2025.02.11 03:00:00,0,
2025.02.11 03:24:59,scan_skipped_same_execution_bar,USDJPY,2025.02.11 03:00:00,0,
2025.02.11 03:34:59,scan_executed_new_execution_bar,USDJPY,2025.02.11 03:15:00,15,
2025.02.11 03:39:59,scan_skipped_same_execution_bar,USDJPY,2025.02.11 03:15:00,0,
2025.02.11 03:49:59,scan_executed_new_execution_bar,USDJPY,2025.02.11 03:30:00,16,
2025.02.11 03:54:59,scan_skipped_same_execution_bar,USDJPY,2025.02.11 03:30:00,0,
2025.02.11 04:04:59,scan_executed_new_execution_bar,USDJPY,2025.02.11 03:45:00,0,
2025.02.11 04:09:59,scan_skipped_same_execution_bar,USDJPY,2025.02.11 03:45:00,0,
2025.02.11 04:19:59,scan_executed_new_execution_bar,USDJPY,2025.02.11 04:00:00,0,
2025.02.11 04:24:59,scan_skipped_same_execution_bar,USDJPY,2025.02.11 04:00:00,0,
2025.02.11 04:34:59,scan_executed_new_execution_bar,USDJPY,2025.02.11 04:15:00,16,
2025.02.11 04:39:59,scan_skipped_same_execution_bar,USDJPY,2025.02.11 04:15:00,0,
2025.02.11 04:49:59,scan_executed_new_execution_bar,USDJPY,2025.02.11 04:30:00,0,
2025.02.11 04:54:59,scan_skipped_same_execution_bar,USDJPY,2025.02.11 04:30:00,0,
2025.02.11 05:04:59,scan_executed_new_execution_bar,USDJPY,2025.02.11 04:45:00,0,
2025.02.11 05:09:59,scan_skipped_same_execution_bar,USDJPY,2025.02.11 04:45:00,0,
2025.02.11 05:19:58,scan_executed_new_execution_bar,USDJPY,2025.02.11 05:00:00,0,
2025.02.11 05:24:59,scan_skipped_same_execution_bar,USDJPY,2025.02.11 05:00:00,0,
2025.02.11 05:34:59,scan_executed_new_execution_bar,USDJPY,2025.02.11 05:15:00,0,
2025.02.11 05:40:00,scan_skipped_same_execution_bar,USDJPY,2025.02.11 05:15:00,0,
2025.02.11 05:49:59,scan_executed_new_execution_bar,USDJPY,2025.02.11 05:30:00,16,
2025.02.11 05:54:58,scan_skipped_same_execution_bar,USDJPY,2025.02.11 05:30:00,0,
2025.02.11 06:04:59,scan_executed_new_execution_bar,USDJPY,2025.02.11 05:45:00,0,
2025.02.11 06:09:59,scan_skipped_same_execution_bar,USDJPY,2025.02.11 05:45:00,0,
2025.02.11 06:19:58,scan_executed_new_execution_bar,USDJPY,2025.02.11 06:00:00,0,
2025.02.11 06:24:59,scan_skipped_same_execution_bar,USDJPY,2025.02.11 06:00:00,0,
2025.02.11 06:34:59,scan_executed_new_execution_bar,USDJPY,2025.02.11 06:15:00,0,
2025.02.11 06:39:57,scan_skipped_same_execution_bar,USDJPY,2025.02.11 06:15:00,0,
2025.02.11 06:49:59,scan_executed_new_execution_bar,USDJPY,2025.02.11 06:30:00,0,
2025.02.11 06:54:59,scan_skipped_same_execution_bar,USDJPY,2025.02.11 06:30:00,0,
2025.02.11 07:04:59,scan_executed_new_execution_bar,USDJPY,2025.02.11 06:45:00,16,
2025.02.11 07:09:57,scan_skipped_same_execution_bar,USDJPY,2025.02.11 06:45:00,0,
2025.02.11 07:19:59,scan_executed_new_execution_bar,USDJPY,2025.02.11 07:00:00,0,
2025.02.11 07:24:59,scan_skipped_same_execution_bar,USDJPY,2025.02.11 07:00:00,0,
2025.02.11 07:34:59,scan_executed_new_execution_bar,USDJPY,2025.02.11 07:15:00,0,
2025.02.11 07:39:59,scan_skipped_same_execution_bar,USDJPY,2025.02.11 07:15:00,0,
2025.02.11 07:49:59,scan_executed_new_execution_bar,USDJPY,2025.02.11 07:30:00,0,
2025.02.11 07:54:59,scan_skipped_same_execution_bar,USDJPY,2025.02.11 07:30:00,0,
2025.02.11 08:04:59,scan_executed_new_execution_bar,USDJPY,2025.02.11 07:45:00,0,
2025.02.11 08:09:59,scan_skipped_same_execution_bar,USDJPY,2025.02.11 07:45:00,0,
2025.02.11 08:19:59,scan_executed_new_execution_bar,USDJPY,2025.02.11 08:00:00,0,
2025.02.11 08:24:59,scan_skipped_same_execution_bar,USDJPY,2025.02.11 08:00:00,0,
2025.02.11 08:34:59,scan_executed_new_execution_bar,USDJPY,2025.02.11 08:15:00,0,
2025.02.11 08:39:59,scan_skipped_same_execution_bar,USDJPY,2025.02.11 08:15:00,0,
2025.02.11 08:49:58,scan_executed_new_execution_bar,USDJPY,2025.02.11 08:30:00,0,
2025.02.11 08:54:59,scan_skipped_same_execution_bar,USDJPY,2025.02.11 08:30:00,0,
2025.02.11 09:04:59,scan_executed_new_execution_bar,USDJPY,2025.02.11 08:45:00,0,
2025.02.11 09:09:59,scan_skipped_same_execution_bar,USDJPY,2025.02.11 08:45:00,0,
2025.02.11 09:19:59,scan_executed_new_execution_bar,USDJPY,2025.02.11 09:00:00,0,
2025.02.11 09:24:59,scan_skipped_same_execution_bar,USDJPY,2025.02.11 09:00:00,0,
2025.02.11 09:34:59,scan_executed_new_execution_bar,USDJPY,2025.02.11 09:15:00,0,
2025.02.11 09:39:59,scan_skipped_same_execution_bar,USDJPY,2025.02.11 09:15:00,0,
2025.02.11 09:49:59,scan_executed_new_execution_bar,USDJPY,2025.02.11 09:30:00,0,
2025.02.11 09:54:59,scan_skipped_same_execution_bar,USDJPY,2025.02.11 09:30:00,0,
2025.02.11 10:04:59,scan_executed_new_execution_bar,USDJPY,2025.02.11 09:45:00,0,
2025.02.11 10:09:59,scan_skipped_same_execution_bar,USDJPY,2025.02.11 09:45:00,0,
2025.02.11 10:19:59,scan_executed_new_execution_bar,USDJPY,2025.02.11 10:00:00,16,
2025.02.11 10:24:59,scan_skipped_same_execution_bar,USDJPY,2025.02.11 10:00:00,0,
2025.02.11 10:34:59,scan_executed_new_execution_bar,USDJPY,2025.02.11 10:15:00,0,
2025.02.11 10:39:59,scan_skipped_same_execution_bar,USDJPY,2025.02.11 10:15:00,0,
2025.02.11 10:49:58,scan_executed_new_execution_bar,USDJPY,2025.02.11 10:30:00,31,
2025.02.11 10:54:59,scan_skipped_same_execution_bar,USDJPY,2025.02.11 10:30:00,0,
2025.02.11 11:04:59,scan_executed_new_execution_bar,USDJPY,2025.02.11 10:45:00,0,
2025.02.11 11:09:59,scan_skipped_same_execution_bar,USDJPY,2025.02.11 10:45:00,0,
2025.02.11 11:19:59,scan_executed_new_execution_bar,USDJPY,2025.02.11 11:00:00,16,
2025.02.11 11:24:59,scan_skipped_same_execution_bar,USDJPY,2025.02.11 11:00:00,0,
2025.02.11 11:34:59,scan_executed_new_execution_bar,USDJPY,2025.02.11 11:15:00,15,
2025.02.11 11:39:59,scan_skipped_same_execution_bar,USDJPY,2025.02.11 11:15:00,0,
2025.02.11 11:49:59,scan_executed_new_execution_bar,USDJPY,2025.02.11 11:30:00,0,
2025.02.11 11:54:58,scan_skipped_same_execution_bar,USDJPY,2025.02.11 11:30:00,0,
2025.02.11 12:04:59,scan_executed_new_execution_bar,USDJPY,2025.02.11 11:45:00,0,
2025.02.11 12:09:57,scan_skipped_same_execution_bar,USDJPY,2025.02.11 11:45:00,0,
2025.02.11 12:19:59,scan_executed_new_execution_bar,USDJPY,2025.02.11 12:00:00,0,
2025.02.11 12:24:59,scan_skipped_same_execution_bar,USDJPY,2025.02.11 12:00:00,0,
2025.02.11 12:34:59,scan_executed_new_execution_bar,USDJPY,2025.02.11 12:15:00,15,
2025.02.11 12:39:59,scan_skipped_same_execution_bar,USDJPY,2025.02.11 12:15:00,0,
2025.02.11 12:49:59,scan_executed_new_execution_bar,USDJPY,2025.02.11 12:30:00,32,
2025.02.11 12:54:59,scan_skipped_same_execution_bar,USDJPY,2025.02.11 12:30:00,0,
2025.02.11 13:04:59,scan_executed_new_execution_bar,USDJPY,2025.02.11 12:45:00,0,
2025.02.11 13:09:59,scan_skipped_same_execution_bar,USDJPY,2025.02.11 12:45:00,0,
2025.02.11 13:19:59,scan_executed_new_execution_bar,USDJPY,2025.02.11 13:00:00,0,
2025.02.11 13:24:57,scan_skipped_same_execution_bar,USDJPY,2025.02.11 13:00:00,0,
2025.02.11 13:34:59,scan_executed_new_execution_bar,USDJPY,2025.02.11 13:15:00,16,
2025.02.11 13:39:59,scan_skipped_same_execution_bar,USDJPY,2025.02.11 13:15:00,0,
2025.02.11 13:49:59,scan_executed_new_execution_bar,USDJPY,2025.02.11 13:30:00,0,
2025.02.11 13:54:59,scan_skipped_same_execution_bar,USDJPY,2025.02.11 13:30:00,0,
2025.02.11 14:04:59,scan_executed_new_execution_bar,USDJPY,2025.02.11 13:45:00,0,
2025.02.11 14:09:59,scan_skipped_same_execution_bar,USDJPY,2025.02.11 13:45:00,0,
2025.02.11 14:19:59,scan_executed_new_execution_bar,USDJPY,2025.02.11 14:00:00,15,
2025.02.11 14:24:59,scan_skipped_same_execution_bar,USDJPY,2025.02.11 14:00:00,0,
2025.02.11 14:34:59,scan_executed_new_execution_bar,USDJPY,2025.02.11 14:15:00,0,
2025.02.11 14:39:59,scan_skipped_same_execution_bar,USDJPY,2025.02.11 14:15:00,0,
2025.02.11 14:49:59,scan_executed_new_execution_bar,USDJPY,2025.02.11 14:30:00,0,
2025.02.11 14:54:59,scan_skipped_same_execution_bar,USDJPY,2025.02.11 14:30:00,0,
2025.02.11 15:04:59,scan_executed_new_execution_bar,USDJPY,2025.02.11 14:45:00,0,
2025.02.11 15:09:59,scan_skipped_same_execution_bar,USDJPY,2025.02.11 14:45:00,0,
2025.02.11 15:19:59,scan_executed_new_execution_bar,USDJPY,2025.02.11 15:00:00,0,
2025.02.11 15:24:59,scan_skipped_same_execution_bar,USDJPY,2025.02.11 15:00:00,0,
2025.02.11 15:34:59,scan_executed_new_execution_bar,USDJPY,2025.02.11 15:15:00,16,
2025.02.11 15:39:59,scan_skipped_same_execution_bar,USDJPY,2025.02.11 15:15:00,0,
2025.02.11 15:49:59,scan_executed_new_execution_bar,USDJPY,2025.02.11 15:30:00,0,
2025.02.11 15:54:59,scan_skipped_same_execution_bar,USDJPY,2025.02.11 15:30:00,0,
2025.02.11 16:04:59,scan_executed_new_execution_bar,USDJPY,2025.02.11 15:45:00,15,
2025.02.11 16:09:59,scan_skipped_same_execution_bar,USDJPY,2025.02.11 15:45:00,0,
2025.02.11 16:19:59,scan_executed_new_execution_bar,USDJPY,2025.02.11 16:00:00,0,
2025.02.11 16:24:59,scan_skipped_same_execution_bar,USDJPY,2025.02.11 16:00:00,0,
2025.02.11 16:34:59,scan_executed_new_execution_bar,USDJPY,2025.02.11 16:15:00,0,
2025.02.11 16:39:59,scan_skipped_same_execution_bar,USDJPY,2025.02.11 16:15:00,0,
2025.02.11 16:49:59,scan_executed_new_execution_bar,USDJPY,2025.02.11 16:30:00,32,
2025.02.11 16:54:59,scan_skipped_same_execution_bar,USDJPY,2025.02.11 16:30:00,0,
2025.02.11 17:04:59,scan_executed_new_execution_bar,USDJPY,2025.02.11 16:45:00,0,
2025.02.11 17:09:59,scan_skipped_same_execution_bar,USDJPY,2025.02.11 16:45:00,0,
2025.02.11 17:19:59,scan_executed_new_execution_bar,USDJPY,2025.02.11 17:00:00,0,
2025.02.11 17:24:59,scan_skipped_same_execution_bar,USDJPY,2025.02.11 17:00:00,0,
2025.02.11 17:34:59,scan_executed_new_execution_bar,USDJPY,2025.02.11 17:15:00,0,
2025.02.11 17:39:59,scan_skipped_same_execution_bar,USDJPY,2025.02.11 17:15:00,0,
2025.02.11 17:49:58,scan_executed_new_execution_bar,USDJPY,2025.02.11 17:30:00,31,
2025.02.11 17:54:59,scan_skipped_same_execution_bar,USDJPY,2025.02.11 17:30:00,0,
2025.02.11 18:04:59,scan_executed_new_execution_bar,USDJPY,2025.02.11 17:45:00,0,
2025.02.11 18:09:59,scan_skipped_same_execution_bar,USDJPY,2025.02.11 17:45:00,0,
2025.02.11 18:19:59,scan_executed_new_execution_bar,USDJPY,2025.02.11 18:00:00,31,
2025.02.11 18:24:59,scan_skipped_same_execution_bar,USDJPY,2025.02.11 18:00:00,0,
2025.02.11 18:34:59,scan_executed_new_execution_bar,USDJPY,2025.02.11 18:15:00,0,
2025.02.11 18:39:59,scan_skipped_same_execution_bar,USDJPY,2025.02.11 18:15:00,0,
2025.02.11 18:49:59,scan_executed_new_execution_bar,USDJPY,2025.02.11 18:30:00,0,
2025.02.11 18:54:59,scan_skipped_same_execution_bar,USDJPY,2025.02.11 18:30:00,0,
2025.02.11 19:04:59,scan_executed_new_execution_bar,USDJPY,2025.02.11 18:45:00,0,
2025.02.11 19:09:59,scan_skipped_same_execution_bar,USDJPY,2025.02.11 18:45:00,0,
2025.02.11 19:19:59,scan_executed_new_execution_bar,USDJPY,2025.02.11 19:00:00,47,
2025.02.11 19:24:59,scan_skipped_same_execution_bar,USDJPY,2025.02.11 19:00:00,0,
2025.02.11 19:34:59,scan_executed_new_execution_bar,USDJPY,2025.02.11 19:15:00,0,
2025.02.11 19:39:59,scan_skipped_same_execution_bar,USDJPY,2025.02.11 19:15:00,0,
2025.02.11 19:49:59,scan_executed_new_execution_bar,USDJPY,2025.02.11 19:30:00,0,
2025.02.11 19:54:59,scan_skipped_same_execution_bar,USDJPY,2025.02.11 19:30:00,0,
2025.02.11 20:04:59,scan_executed_new_execution_bar,USDJPY,2025.02.11 19:45:00,0,
2025.02.11 20:09:59,scan_skipped_same_execution_bar,USDJPY,2025.02.11 19:45:00,0,
2025.02.11 20:19:59,scan_executed_new_execution_bar,USDJPY,2025.02.11 20:00:00,0,
2025.02.11 20:24:59,scan_skipped_same_execution_bar,USDJPY,2025.02.11 20:00:00,0,
2025.02.11 20:34:58,scan_executed_new_execution_bar,USDJPY,2025.02.11 20:15:00,0,
2025.02.11 20:39:59,scan_skipped_same_execution_bar,USDJPY,2025.02.11 20:15:00,0,
2025.02.11 20:49:59,scan_executed_new_execution_bar,USDJPY,2025.02.11 20:30:00,0,
2025.02.11 20:54:59,scan_skipped_same_execution_bar,USDJPY,2025.02.11 20:30:00,0,
2025.02.11 21:04:59,scan_executed_new_execution_bar,USDJPY,2025.02.11 20:45:00,0,
2025.02.11 21:09:57,scan_skipped_same_execution_bar,USDJPY,2025.02.11 20:45:00,0,
2025.02.11 21:19:59,scan_executed_new_execution_bar,USDJPY,2025.02.11 21:00:00,15,
2025.02.11 21:24:58,scan_skipped_same_execution_bar,USDJPY,2025.02.11 21:00:00,0,
2025.02.11 21:34:58,scan_executed_new_execution_bar,USDJPY,2025.02.11 21:15:00,0,
2025.02.11 21:39:59,scan_skipped_same_execution_bar,USDJPY,2025.02.11 21:15:00,0,
2025.02.11 21:49:59,scan_executed_new_execution_bar,USDJPY,2025.02.11 21:30:00,0,
2025.02.11 21:54:59,scan_skipped_same_execution_bar,USDJPY,2025.02.11 21:30:00,0,
2025.02.11 22:04:59,scan_executed_new_execution_bar,USDJPY,2025.02.11 21:45:00,0,
2025.02.11 22:09:59,scan_skipped_same_execution_bar,USDJPY,2025.02.11 21:45:00,0,
2025.02.11 22:19:59,scan_executed_new_execution_bar,USDJPY,2025.02.11 22:00:00,0,
2025.02.11 22:24:59,scan_skipped_same_execution_bar,USDJPY,2025.02.11 22:00:00,0,
2025.02.11 22:34:59,scan_executed_new_execution_bar,USDJPY,2025.02.11 22:15:00,0,
2025.02.11 22:39:59,scan_skipped_same_execution_bar,USDJPY,2025.02.11 22:15:00,0,
2025.02.11 22:49:59,scan_executed_new_execution_bar,USDJPY,2025.02.11 22:30:00,0,
2025.02.11 22:54:59,scan_skipped_same_execution_bar,USDJPY,2025.02.11 22:30:00,0,
2025.02.11 23:04:59,scan_executed_new_execution_bar,USDJPY,2025.02.11 22:45:00,0,
2025.02.11 23:09:58,scan_skipped_same_execution_bar,USDJPY,2025.02.11 22:45:00,0,
2025.02.11 23:19:58,scan_executed_new_execution_bar,USDJPY,2025.02.11 23:00:00,15,
2025.02.11 23:24:59,scan_skipped_same_execution_bar,USDJPY,2025.02.11 23:00:00,0,
2025.02.11 23:34:59,scan_executed_new_execution_bar,USDJPY,2025.02.11 23:15:00,15,
2025.02.11 23:39:59,scan_skipped_same_execution_bar,USDJPY,2025.02.11 23:15:00,0,
2025.02.11 23:49:58,scan_executed_new_execution_bar,USDJPY,2025.02.11 23:30:00,0,
2025.02.11 23:54:59,scan_skipped_same_execution_bar,USDJPY,2025.02.11 23:30:00,0,
2025.02.12 00:04:58,scan_executed_new_execution_bar,USDJPY,2025.02.11 23:45:00,0,
2025.02.12 00:09:59,scan_skipped_same_execution_bar,USDJPY,2025.02.11 23:45:00,0,
2025.02.12 00:19:59,scan_executed_new_execution_bar,USDJPY,2025.02.12 00:00:00,0,
2025.02.12 00:24:59,scan_skipped_same_execution_bar,USDJPY,2025.02.12 00:00:00,0,
2025.02.12 00:34:53,scan_executed_new_execution_bar,USDJPY,2025.02.12 00:15:00,0,
2025.02.12 00:39:56,scan_skipped_same_execution_bar,USDJPY,2025.02.12 00:15:00,0,
2025.02.12 00:49:59,scan_executed_new_execution_bar,USDJPY,2025.02.12 00:30:00,0,
2025.02.12 00:54:59,scan_skipped_same_execution_bar,USDJPY,2025.02.12 00:30:00,0,
2025.02.12 01:04:58,scan_executed_new_execution_bar,USDJPY,2025.02.12 00:45:00,0,
2025.02.12 01:09:59,scan_skipped_same_execution_bar,USDJPY,2025.02.12 00:45:00,0,
2025.02.12 01:19:59,scan_executed_new_execution_bar,USDJPY,2025.02.12 01:00:00,0,
2025.02.12 01:24:59,scan_skipped_same_execution_bar,USDJPY,2025.02.12 01:00:00,0,
2025.02.12 01:34:59,scan_executed_new_execution_bar,USDJPY,2025.02.12 01:15:00,0,
2025.02.12 01:39:58,scan_skipped_same_execution_bar,USDJPY,2025.02.12 01:15:00,0,
2025.02.12 01:49:59,scan_executed_new_execution_bar,USDJPY,2025.02.12 01:30:00,0,
2025.02.12 01:54:59,scan_skipped_same_execution_bar,USDJPY,2025.02.12 01:30:00,0,
2025.02.12 02:04:59,scan_executed_new_execution_bar,USDJPY,2025.02.12 01:45:00,0,
2025.02.12 02:09:59,scan_skipped_same_execution_bar,USDJPY,2025.02.12 01:45:00,0,
2025.02.12 02:19:59,scan_executed_new_execution_bar,USDJPY,2025.02.12 02:00:00,0,
2025.02.12 02:24:58,scan_skipped_same_execution_bar,USDJPY,2025.02.12 02:00:00,0,
2025.02.12 02:34:58,scan_executed_new_execution_bar,USDJPY,2025.02.12 02:15:00,0,
2025.02.12 02:39:59,scan_skipped_same_execution_bar,USDJPY,2025.02.12 02:15:00,0,
2025.02.12 02:49:59,scan_executed_new_execution_bar,USDJPY,2025.02.12 02:30:00,0,
2025.02.12 02:54:59,scan_skipped_same_execution_bar,USDJPY,2025.02.12 02:30:00,0,
2025.02.12 03:04:59,scan_executed_new_execution_bar,USDJPY,2025.02.12 02:45:00,0,
2025.02.12 03:09:59,scan_skipped_same_execution_bar,USDJPY,2025.02.12 02:45:00,0,
2025.02.12 03:19:59,scan_executed_new_execution_bar,USDJPY,2025.02.12 03:00:00,0,
2025.02.12 03:24:59,scan_skipped_same_execution_bar,USDJPY,2025.02.12 03:00:00,0,
2025.02.12 03:34:59,scan_executed_new_execution_bar,USDJPY,2025.02.12 03:15:00,0,
2025.02.12 03:39:59,scan_skipped_same_execution_bar,USDJPY,2025.02.12 03:15:00,0,
2025.02.12 03:49:59,scan_executed_new_execution_bar,USDJPY,2025.02.12 03:30:00,0,
2025.02.12 03:54:59,scan_skipped_same_execution_bar,USDJPY,2025.02.12 03:30:00,0,
2025.02.12 04:04:59,scan_executed_new_execution_bar,USDJPY,2025.02.12 03:45:00,0,
2025.02.12 04:09:59,scan_skipped_same_execution_bar,USDJPY,2025.02.12 03:45:00,0,
2025.02.12 04:19:58,scan_executed_new_execution_bar,USDJPY,2025.02.12 04:00:00,0,
2025.02.12 04:24:59,scan_skipped_same_execution_bar,USDJPY,2025.02.12 04:00:00,0,
2025.02.12 04:34:59,scan_executed_new_execution_bar,USDJPY,2025.02.12 04:15:00,0,
2025.02.12 04:39:59,scan_skipped_same_execution_bar,USDJPY,2025.02.12 04:15:00,0,
2025.02.12 04:49:59,scan_executed_new_execution_bar,USDJPY,2025.02.12 04:30:00,0,
2025.02.12 04:54:59,scan_skipped_same_execution_bar,USDJPY,2025.02.12 04:30:00,0,
2025.02.12 05:04:59,scan_executed_new_execution_bar,USDJPY,2025.02.12 04:45:00,31,
2025.02.12 05:09:59,scan_skipped_same_execution_bar,USDJPY,2025.02.12 04:45:00,0,
2025.02.12 05:19:59,scan_executed_new_execution_bar,USDJPY,2025.02.12 05:00:00,0,
2025.02.12 05:25:00,scan_skipped_same_execution_bar,USDJPY,2025.02.12 05:00:00,0,
2025.02.12 05:34:59,scan_executed_new_execution_bar,USDJPY,2025.02.12 05:15:00,47,
2025.02.12 05:39:59,scan_skipped_same_execution_bar,USDJPY,2025.02.12 05:15:00,0,
2025.02.12 05:49:59,scan_executed_new_execution_bar,USDJPY,2025.02.12 05:30:00,0,
2025.02.12 05:54:59,scan_skipped_same_execution_bar,USDJPY,2025.02.12 05:30:00,0,
2025.02.12 06:04:59,scan_executed_new_execution_bar,USDJPY,2025.02.12 05:45:00,0,
2025.02.12 06:09:59,scan_skipped_same_execution_bar,USDJPY,2025.02.12 05:45:00,0,
2025.02.12 06:19:59,scan_executed_new_execution_bar,USDJPY,2025.02.12 06:00:00,0,
2025.02.12 06:24:59,scan_skipped_same_execution_bar,USDJPY,2025.02.12 06:00:00,0,
2025.02.12 06:34:59,scan_executed_new_execution_bar,USDJPY,2025.02.12 06:15:00,0,
2025.02.12 06:39:59,scan_skipped_same_execution_bar,USDJPY,2025.02.12 06:15:00,0,
2025.02.12 06:49:59,scan_executed_new_execution_bar,USDJPY,2025.02.12 06:30:00,15,
2025.02.12 06:54:59,scan_skipped_same_execution_bar,USDJPY,2025.02.12 06:30:00,0,
2025.02.12 07:04:59,scan_executed_new_execution_bar,USDJPY,2025.02.12 06:45:00,0,
2025.02.12 07:09:59,scan_skipped_same_execution_bar,USDJPY,2025.02.12 06:45:00,0,
2025.02.12 07:19:59,scan_executed_new_execution_bar,USDJPY,2025.02.12 07:00:00,0,
2025.02.12 07:24:58,scan_skipped_same_execution_bar,USDJPY,2025.02.12 07:00:00,0,
2025.02.12 07:34:59,scan_executed_new_execution_bar,USDJPY,2025.02.12 07:15:00,16,
2025.02.12 07:39:59,scan_skipped_same_execution_bar,USDJPY,2025.02.12 07:15:00,0,
2025.02.12 07:49:59,scan_executed_new_execution_bar,USDJPY,2025.02.12 07:30:00,0,
2025.02.12 07:54:58,scan_skipped_same_execution_bar,USDJPY,2025.02.12 07:30:00,0,
2025.02.12 08:04:59,scan_executed_new_execution_bar,USDJPY,2025.02.12 07:45:00,15,
2025.02.12 08:09:59,scan_skipped_same_execution_bar,USDJPY,2025.02.12 07:45:00,0,
2025.02.12 08:19:58,scan_executed_new_execution_bar,USDJPY,2025.02.12 08:00:00,0,
2025.02.12 08:24:59,scan_skipped_same_execution_bar,USDJPY,2025.02.12 08:00:00,0,
2025.02.12 08:34:59,scan_executed_new_execution_bar,USDJPY,2025.02.12 08:15:00,0,
2025.02.12 08:39:59,scan_skipped_same_execution_bar,USDJPY,2025.02.12 08:15:00,0,
2025.02.12 08:45:00,scan_executed_new_execution_bar,USDJPY,2025.02.12 08:30:00,0,
2025.02.12 08:49:59,scan_skipped_same_execution_bar,USDJPY,2025.02.12 08:30:00,0,
2025.02.12 09:04:59,scan_executed_new_execution_bar,USDJPY,2025.02.12 08:45:00,15,
2025.02.12 09:09:59,scan_skipped_same_execution_bar,USDJPY,2025.02.12 08:45:00,0,
2025.02.12 09:19:59,scan_executed_new_execution_bar,USDJPY,2025.02.12 09:00:00,16,
2025.02.12 09:24:59,scan_skipped_same_execution_bar,USDJPY,2025.02.12 09:00:00,0,
2025.02.12 09:34:59,scan_executed_new_execution_bar,USDJPY,2025.02.12 09:15:00,31,
2025.02.12 09:39:59,scan_skipped_same_execution_bar,USDJPY,2025.02.12 09:15:00,0,
2025.02.12 09:49:59,scan_executed_new_execution_bar,USDJPY,2025.02.12 09:30:00,16,
2025.02.12 09:54:59,scan_skipped_same_execution_bar,USDJPY,2025.02.12 09:30:00,0,
2025.02.12 10:04:59,scan_executed_new_execution_bar,USDJPY,2025.02.12 09:45:00,0,
2025.02.12 10:09:59,scan_skipped_same_execution_bar,USDJPY,2025.02.12 09:45:00,0,
2025.02.12 10:19:59,scan_executed_new_execution_bar,USDJPY,2025.02.12 10:00:00,16,
2025.02.12 10:24:59,scan_skipped_same_execution_bar,USDJPY,2025.02.12 10:00:00,0,
2025.02.12 10:34:59,scan_executed_new_execution_bar,USDJPY,2025.02.12 10:15:00,15,
2025.02.12 10:39:59,scan_skipped_same_execution_bar,USDJPY,2025.02.12 10:15:00,0,
2025.02.12 10:49:59,scan_executed_new_execution_bar,USDJPY,2025.02.12 10:30:00,16,
2025.02.12 10:54:59,scan_skipped_same_execution_bar,USDJPY,2025.02.12 10:30:00,0,
2025.02.12 11:04:59,scan_executed_new_execution_bar,USDJPY,2025.02.12 10:45:00,47,
2025.02.12 11:09:59,scan_skipped_same_execution_bar,USDJPY,2025.02.12 10:45:00,0,
2025.02.12 11:19:59,scan_executed_new_execution_bar,USDJPY,2025.02.12 11:00:00,31,
2025.02.12 11:24:59,scan_skipped_same_execution_bar,USDJPY,2025.02.12 11:00:00,0,
2025.02.12 11:34:59,scan_executed_new_execution_bar,USDJPY,2025.02.12 11:15:00,0,
2025.02.12 11:39:59,scan_skipped_same_execution_bar,USDJPY,2025.02.12 11:15:00,0,
2025.02.12 11:49:59,scan_executed_new_execution_bar,USDJPY,2025.02.12 11:30:00,0,
2025.02.12 11:54:59,scan_skipped_same_execution_bar,USDJPY,2025.02.12 11:30:00,0,
2025.02.12 12:04:59,scan_executed_new_execution_bar,USDJPY,2025.02.12 11:45:00,0,
2025.02.12 12:09:59,scan_skipped_same_execution_bar,USDJPY,2025.02.12 11:45:00,0,
2025.02.12 12:19:59,scan_executed_new_execution_bar,USDJPY,2025.02.12 12:00:00,0,
2025.02.12 12:24:59,scan_skipped_same_execution_bar,USDJPY,2025.02.12 12:00:00,0,
2025.02.12 12:34:59,scan_executed_new_execution_bar,USDJPY,2025.02.12 12:15:00,0,
2025.02.12 12:39:59,scan_skipped_same_execution_bar,USDJPY,2025.02.12 12:15:00,0,
2025.02.12 12:50:00,scan_executed_new_execution_bar,USDJPY,2025.02.12 12:30:00,31,
2025.02.12 12:54:59,scan_skipped_same_execution_bar,USDJPY,2025.02.12 12:30:00,0,
2025.02.12 13:04:59,scan_executed_new_execution_bar,USDJPY,2025.02.12 12:45:00,16,
2025.02.12 13:09:59,scan_skipped_same_execution_bar,USDJPY,2025.02.12 12:45:00,0,
2025.02.12 13:19:59,scan_executed_new_execution_bar,USDJPY,2025.02.12 13:00:00,0,
2025.02.12 13:24:59,scan_skipped_same_execution_bar,USDJPY,2025.02.12 13:00:00,0,
2025.02.12 13:34:59,scan_executed_new_execution_bar,USDJPY,2025.02.12 13:15:00,0,
2025.02.12 13:39:59,scan_skipped_same_execution_bar,USDJPY,2025.02.12 13:15:00,0,
2025.02.12 13:50:00,scan_executed_new_execution_bar,USDJPY,2025.02.12 13:30:00,16,
2025.02.12 13:54:59,scan_skipped_same_execution_bar,USDJPY,2025.02.12 13:30:00,0,
2025.02.12 14:04:59,scan_executed_new_execution_bar,USDJPY,2025.02.12 13:45:00,0,
2025.02.12 14:09:59,scan_skipped_same_execution_bar,USDJPY,2025.02.12 13:45:00,0,
2025.02.12 14:19:59,scan_executed_new_execution_bar,USDJPY,2025.02.12 14:00:00,16,
2025.02.12 14:24:59,scan_skipped_same_execution_bar,USDJPY,2025.02.12 14:00:00,0,
2025.02.12 14:35:00,scan_executed_new_execution_bar,USDJPY,2025.02.12 14:15:00,0,
2025.02.12 14:39:59,scan_skipped_same_execution_bar,USDJPY,2025.02.12 14:15:00,0,
2025.02.12 14:49:59,scan_executed_new_execution_bar,USDJPY,2025.02.12 14:30:00,0,
2025.02.12 14:54:59,scan_skipped_same_execution_bar,USDJPY,2025.02.12 14:30:00,0,
2025.02.12 15:04:59,scan_executed_new_execution_bar,USDJPY,2025.02.12 14:45:00,0,
2025.02.12 15:09:59,scan_skipped_same_execution_bar,USDJPY,2025.02.12 14:45:00,0,
2025.02.12 15:19:59,scan_executed_new_execution_bar,USDJPY,2025.02.12 15:00:00,0,
2025.02.12 15:24:59,scan_skipped_same_execution_bar,USDJPY,2025.02.12 15:00:00,0,
2025.02.12 15:34:59,scan_executed_new_execution_bar,USDJPY,2025.02.12 15:15:00,15,
2025.02.12 15:39:59,scan_skipped_same_execution_bar,USDJPY,2025.02.12 15:15:00,0,
2025.02.12 15:49:59,scan_executed_new_execution_bar,USDJPY,2025.02.12 15:30:00,0,
2025.02.12 15:54:59,scan_skipped_same_execution_bar,USDJPY,2025.02.12 15:30:00,0,
2025.02.12 16:04:59,scan_executed_new_execution_bar,USDJPY,2025.02.12 15:45:00,47,
2025.02.12 16:09:59,scan_skipped_same_execution_bar,USDJPY,2025.02.12 15:45:00,0,
2025.02.12 16:19:59,scan_executed_new_execution_bar,USDJPY,2025.02.12 16:00:00,0,
2025.02.12 16:24:59,scan_skipped_same_execution_bar,USDJPY,2025.02.12 16:00:00,0,
2025.02.12 16:34:59,scan_executed_new_execution_bar,USDJPY,2025.02.12 16:15:00,32,
2025.02.12 16:39:59,scan_skipped_same_execution_bar,USDJPY,2025.02.12 16:15:00,0,
2025.02.12 16:49:59,scan_executed_new_execution_bar,USDJPY,2025.02.12 16:30:00,0,
2025.02.12 16:54:59,scan_skipped_same_execution_bar,USDJPY,2025.02.12 16:30:00,0,
2025.02.12 17:04:59,scan_executed_new_execution_bar,USDJPY,2025.02.12 16:45:00,0,
2025.02.12 17:09:59,scan_skipped_same_execution_bar,USDJPY,2025.02.12 16:45:00,0,
2025.02.12 17:19:59,scan_executed_new_execution_bar,USDJPY,2025.02.12 17:00:00,0,
2025.02.12 17:24:59,scan_skipped_same_execution_bar,USDJPY,2025.02.12 17:00:00,0,
2025.02.12 17:34:59,scan_executed_new_execution_bar,USDJPY,2025.02.12 17:15:00,0,
2025.02.12 17:39:59,scan_skipped_same_execution_bar,USDJPY,2025.02.12 17:15:00,0,
2025.02.12 17:49:59,scan_executed_new_execution_bar,USDJPY,2025.02.12 17:30:00,31,
2025.02.12 17:54:59,scan_skipped_same_execution_bar,USDJPY,2025.02.12 17:30:00,0,
2025.02.12 18:04:59,scan_executed_new_execution_bar,USDJPY,2025.02.12 17:45:00,0,
2025.02.12 18:09:59,scan_skipped_same_execution_bar,USDJPY,2025.02.12 17:45:00,0,
2025.02.12 18:19:59,scan_executed_new_execution_bar,USDJPY,2025.02.12 18:00:00,78,
2025.02.12 18:24:59,scan_skipped_same_execution_bar,USDJPY,2025.02.12 18:00:00,0,
2025.02.12 18:34:59,scan_executed_new_execution_bar,USDJPY,2025.02.12 18:15:00,0,
2025.02.12 18:39:59,scan_skipped_same_execution_bar,USDJPY,2025.02.12 18:15:00,0,
2025.02.12 18:49:59,scan_executed_new_execution_bar,USDJPY,2025.02.12 18:30:00,0,
2025.02.12 18:54:59,scan_skipped_same_execution_bar,USDJPY,2025.02.12 18:30:00,0,
2025.02.12 19:04:59,scan_executed_new_execution_bar,USDJPY,2025.02.12 18:45:00,15,
2025.02.12 19:09:59,scan_skipped_same_execution_bar,USDJPY,2025.02.12 18:45:00,0,
2025.02.12 19:19:59,scan_executed_new_execution_bar,USDJPY,2025.02.12 19:00:00,0,
2025.02.12 19:24:59,scan_skipped_same_execution_bar,USDJPY,2025.02.12 19:00:00,0,
2025.02.12 19:34:59,scan_executed_new_execution_bar,USDJPY,2025.02.12 19:15:00,0,
2025.02.12 19:39:59,scan_skipped_same_execution_bar,USDJPY,2025.02.12 19:15:00,0,
2025.02.12 19:49:59,scan_executed_new_execution_bar,USDJPY,2025.02.12 19:30:00,0,
2025.02.12 19:54:59,scan_skipped_same_execution_bar,USDJPY,2025.02.12 19:30:00,0,
2025.02.12 20:04:59,scan_executed_new_execution_bar,USDJPY,2025.02.12 19:45:00,0,
2025.02.12 20:09:59,scan_skipped_same_execution_bar,USDJPY,2025.02.12 19:45:00,0,
2025.02.12 20:19:59,scan_executed_new_execution_bar,USDJPY,2025.02.12 20:00:00,32,
2025.02.12 20:24:59,scan_skipped_same_execution_bar,USDJPY,2025.02.12 20:00:00,0,
2025.02.12 20:34:59,scan_executed_new_execution_bar,USDJPY,2025.02.12 20:15:00,62,
2025.02.12 20:39:59,scan_skipped_same_execution_bar,USDJPY,2025.02.12 20:15:00,0,
2025.02.12 20:49:59,scan_executed_new_execution_bar,USDJPY,2025.02.12 20:30:00,78,
2025.02.12 20:54:59,scan_skipped_same_execution_bar,USDJPY,2025.02.12 20:30:00,0,
2025.02.12 21:04:59,scan_executed_new_execution_bar,USDJPY,2025.02.12 20:45:00,16,
2025.02.12 21:09:59,scan_skipped_same_execution_bar,USDJPY,2025.02.12 20:45:00,0,
2025.02.12 21:19:59,scan_executed_new_execution_bar,USDJPY,2025.02.12 21:00:00,0,
2025.02.12 21:24:58,scan_skipped_same_execution_bar,USDJPY,2025.02.12 21:00:00,0,
2025.02.12 21:34:59,scan_executed_new_execution_bar,USDJPY,2025.02.12 21:15:00,0,
2025.02.12 21:39:58,scan_skipped_same_execution_bar,USDJPY,2025.02.12 21:15:00,0,
2025.02.12 21:49:58,scan_executed_new_execution_bar,USDJPY,2025.02.12 21:30:00,0,
2025.02.12 21:54:59,scan_skipped_same_execution_bar,USDJPY,2025.02.12 21:30:00,0,
2025.02.12 22:04:59,scan_executed_new_execution_bar,USDJPY,2025.02.12 21:45:00,0,
2025.02.12 22:09:59,scan_skipped_same_execution_bar,USDJPY,2025.02.12 21:45:00,0,
2025.02.12 22:19:59,scan_executed_new_execution_bar,USDJPY,2025.02.12 22:00:00,0,
2025.02.12 22:24:59,scan_skipped_same_execution_bar,USDJPY,2025.02.12 22:00:00,0,
2025.02.12 22:34:59,scan_executed_new_execution_bar,USDJPY,2025.02.12 22:15:00,0,
2025.02.12 22:39:59,scan_skipped_same_execution_bar,USDJPY,2025.02.12 22:15:00,0,
2025.02.12 22:49:59,scan_executed_new_execution_bar,USDJPY,2025.02.12 22:30:00,0,
2025.02.12 22:54:59,scan_skipped_same_execution_bar,USDJPY,2025.02.12 22:30:00,0,
2025.02.12 23:04:59,scan_executed_new_execution_bar,USDJPY,2025.02.12 22:45:00,0,
2025.02.12 23:09:59,scan_skipped_same_execution_bar,USDJPY,2025.02.12 22:45:00,0,
2025.02.12 23:19:58,scan_executed_new_execution_bar,USDJPY,2025.02.12 23:00:00,0,
2025.02.12 23:24:59,scan_skipped_same_execution_bar,USDJPY,2025.02.12 23:00:00,0,
2025.02.12 23:34:58,scan_executed_new_execution_bar,USDJPY,2025.02.12 23:15:00,0,
2025.02.12 23:39:59,scan_skipped_same_execution_bar,USDJPY,2025.02.12 23:15:00,0,
2025.02.12 23:49:59,scan_executed_new_execution_bar,USDJPY,2025.02.12 23:30:00,0,
2025.02.12 23:54:59,scan_skipped_same_execution_bar,USDJPY,2025.02.12 23:30:00,0,
2025.02.13 00:04:57,scan_executed_new_execution_bar,USDJPY,2025.02.12 23:45:00,0,
2025.02.13 00:09:59,scan_skipped_same_execution_bar,USDJPY,2025.02.12 23:45:00,0,
2025.02.13 00:19:57,scan_executed_new_execution_bar,USDJPY,2025.02.13 00:00:00,0,
2025.02.13 00:24:58,scan_skipped_same_execution_bar,USDJPY,2025.02.13 00:00:00,0,
2025.02.13 00:34:59,scan_executed_new_execution_bar,USDJPY,2025.02.13 00:15:00,0,
2025.02.13 00:39:56,scan_skipped_same_execution_bar,USDJPY,2025.02.13 00:15:00,0,
2025.02.13 00:49:59,scan_executed_new_execution_bar,USDJPY,2025.02.13 00:30:00,0,
2025.02.13 00:54:59,scan_skipped_same_execution_bar,USDJPY,2025.02.13 00:30:00,0,
2025.02.13 01:04:56,scan_executed_new_execution_bar,USDJPY,2025.02.13 00:45:00,0,
2025.02.13 01:09:59,scan_skipped_same_execution_bar,USDJPY,2025.02.13 00:45:00,0,
2025.02.13 01:19:57,scan_executed_new_execution_bar,USDJPY,2025.02.13 01:00:00,0,
2025.02.13 01:24:59,scan_skipped_same_execution_bar,USDJPY,2025.02.13 01:00:00,0,
2025.02.13 01:34:59,scan_executed_new_execution_bar,USDJPY,2025.02.13 01:15:00,0,
2025.02.13 01:39:59,scan_skipped_same_execution_bar,USDJPY,2025.02.13 01:15:00,0,
2025.02.13 01:49:59,scan_executed_new_execution_bar,USDJPY,2025.02.13 01:30:00,0,
2025.02.13 01:54:59,scan_skipped_same_execution_bar,USDJPY,2025.02.13 01:30:00,0,
2025.02.13 02:04:59,scan_executed_new_execution_bar,USDJPY,2025.02.13 01:45:00,0,
2025.02.13 02:09:59,scan_skipped_same_execution_bar,USDJPY,2025.02.13 01:45:00,0,
2025.02.13 02:19:59,scan_executed_new_execution_bar,USDJPY,2025.02.13 02:00:00,0,
2025.02.13 02:24:59,scan_skipped_same_execution_bar,USDJPY,2025.02.13 02:00:00,0,
2025.02.13 02:34:58,scan_executed_new_execution_bar,USDJPY,2025.02.13 02:15:00,0,
2025.02.13 02:39:59,scan_skipped_same_execution_bar,USDJPY,2025.02.13 02:15:00,0,
2025.02.13 02:50:00,scan_executed_new_execution_bar,USDJPY,2025.02.13 02:30:00,16,
2025.02.13 02:54:59,scan_skipped_same_execution_bar,USDJPY,2025.02.13 02:30:00,0,
2025.02.13 03:04:59,scan_executed_new_execution_bar,USDJPY,2025.02.13 02:45:00,0,
2025.02.13 03:09:59,scan_skipped_same_execution_bar,USDJPY,2025.02.13 02:45:00,0,
2025.02.13 03:19:59,scan_executed_new_execution_bar,USDJPY,2025.02.13 03:00:00,0,
2025.02.13 03:24:59,scan_skipped_same_execution_bar,USDJPY,2025.02.13 03:00:00,0,
2025.02.13 03:34:59,scan_executed_new_execution_bar,USDJPY,2025.02.13 03:15:00,0,
2025.02.13 03:39:59,scan_skipped_same_execution_bar,USDJPY,2025.02.13 03:15:00,0,
2025.02.13 03:49:59,scan_executed_new_execution_bar,USDJPY,2025.02.13 03:30:00,0,
2025.02.13 03:54:59,scan_skipped_same_execution_bar,USDJPY,2025.02.13 03:30:00,0,
2025.02.13 04:04:59,scan_executed_new_execution_bar,USDJPY,2025.02.13 03:45:00,0,
2025.02.13 04:09:59,scan_skipped_same_execution_bar,USDJPY,2025.02.13 03:45:00,0,
2025.02.13 04:19:59,scan_executed_new_execution_bar,USDJPY,2025.02.13 04:00:00,0,
2025.02.13 04:24:59,scan_skipped_same_execution_bar,USDJPY,2025.02.13 04:00:00,0,
2025.02.13 04:34:59,scan_executed_new_execution_bar,USDJPY,2025.02.13 04:15:00,0,
2025.02.13 04:39:59,scan_skipped_same_execution_bar,USDJPY,2025.02.13 04:15:00,0,
2025.02.13 04:49:59,scan_executed_new_execution_bar,USDJPY,2025.02.13 04:30:00,0,
2025.02.13 04:54:59,scan_skipped_same_execution_bar,USDJPY,2025.02.13 04:30:00,0,
2025.02.13 05:04:59,scan_executed_new_execution_bar,USDJPY,2025.02.13 04:45:00,0,
2025.02.13 05:09:59,scan_skipped_same_execution_bar,USDJPY,2025.02.13 04:45:00,0,
2025.02.13 05:19:59,scan_executed_new_execution_bar,USDJPY,2025.02.13 05:00:00,0,
2025.02.13 05:24:59,scan_skipped_same_execution_bar,USDJPY,2025.02.13 05:00:00,0,
2025.02.13 05:34:59,scan_executed_new_execution_bar,USDJPY,2025.02.13 05:15:00,0,
2025.02.13 05:39:59,scan_skipped_same_execution_bar,USDJPY,2025.02.13 05:15:00,0,
2025.02.13 05:49:59,scan_executed_new_execution_bar,USDJPY,2025.02.13 05:30:00,0,
2025.02.13 05:54:59,scan_skipped_same_execution_bar,USDJPY,2025.02.13 05:30:00,0,
2025.02.13 06:00:00,scan_executed_new_execution_bar,USDJPY,2025.02.13 05:45:00,0,
2025.02.13 06:04:59,scan_skipped_same_execution_bar,USDJPY,2025.02.13 05:45:00,0,
2025.02.13 06:19:59,scan_executed_new_execution_bar,USDJPY,2025.02.13 06:00:00,0,
2025.02.13 06:24:59,scan_skipped_same_execution_bar,USDJPY,2025.02.13 06:00:00,0,
2025.02.13 06:34:59,scan_executed_new_execution_bar,USDJPY,2025.02.13 06:15:00,0,
2025.02.13 06:39:59,scan_skipped_same_execution_bar,USDJPY,2025.02.13 06:15:00,0,
2025.02.13 06:49:59,scan_executed_new_execution_bar,USDJPY,2025.02.13 06:30:00,0,
2025.02.13 06:54:59,scan_skipped_same_execution_bar,USDJPY,2025.02.13 06:30:00,0,
2025.02.13 07:04:59,scan_executed_new_execution_bar,USDJPY,2025.02.13 06:45:00,15,
2025.02.13 07:09:59,scan_skipped_same_execution_bar,USDJPY,2025.02.13 06:45:00,0,
2025.02.13 07:19:59,scan_executed_new_execution_bar,USDJPY,2025.02.13 07:00:00,0,
2025.02.13 07:24:59,scan_skipped_same_execution_bar,USDJPY,2025.02.13 07:00:00,0,
2025.02.13 07:34:59,scan_executed_new_execution_bar,USDJPY,2025.02.13 07:15:00,15,
2025.02.13 07:39:59,scan_skipped_same_execution_bar,USDJPY,2025.02.13 07:15:00,0,
2025.02.13 07:49:58,scan_executed_new_execution_bar,USDJPY,2025.02.13 07:30:00,16,
2025.02.13 07:54:59,scan_skipped_same_execution_bar,USDJPY,2025.02.13 07:30:00,0,
2025.02.13 08:04:59,scan_executed_new_execution_bar,USDJPY,2025.02.13 07:45:00,0,
2025.02.13 08:09:59,scan_skipped_same_execution_bar,USDJPY,2025.02.13 07:45:00,0,
2025.02.13 08:19:59,scan_executed_new_execution_bar,USDJPY,2025.02.13 08:00:00,0,
2025.02.13 08:24:58,scan_skipped_same_execution_bar,USDJPY,2025.02.13 08:00:00,0,
2025.02.13 08:34:59,scan_executed_new_execution_bar,USDJPY,2025.02.13 08:15:00,0,
2025.02.13 08:39:59,scan_skipped_same_execution_bar,USDJPY,2025.02.13 08:15:00,0,
2025.02.13 08:49:59,scan_executed_new_execution_bar,USDJPY,2025.02.13 08:30:00,31,
2025.02.13 08:54:59,scan_skipped_same_execution_bar,USDJPY,2025.02.13 08:30:00,0,
2025.02.13 09:04:59,scan_executed_new_execution_bar,USDJPY,2025.02.13 08:45:00,15,
2025.02.13 09:09:59,scan_skipped_same_execution_bar,USDJPY,2025.02.13 08:45:00,0,
2025.02.13 09:19:59,scan_executed_new_execution_bar,USDJPY,2025.02.13 09:00:00,0,
2025.02.13 09:24:59,scan_skipped_same_execution_bar,USDJPY,2025.02.13 09:00:00,0,
2025.02.13 09:34:59,scan_executed_new_execution_bar,USDJPY,2025.02.13 09:15:00,31,
2025.02.13 09:39:59,scan_skipped_same_execution_bar,USDJPY,2025.02.13 09:15:00,0,
2025.02.13 09:49:59,scan_executed_new_execution_bar,USDJPY,2025.02.13 09:30:00,0,
2025.02.13 09:54:59,scan_skipped_same_execution_bar,USDJPY,2025.02.13 09:30:00,0,
2025.02.13 10:04:59,scan_executed_new_execution_bar,USDJPY,2025.02.13 09:45:00,31,
2025.02.13 10:09:59,scan_skipped_same_execution_bar,USDJPY,2025.02.13 09:45:00,0,
2025.02.13 10:19:59,scan_executed_new_execution_bar,USDJPY,2025.02.13 10:00:00,31,
2025.02.13 10:25:00,scan_skipped_same_execution_bar,USDJPY,2025.02.13 10:00:00,0,
2025.02.13 10:34:59,scan_executed_new_execution_bar,USDJPY,2025.02.13 10:15:00,0,
2025.02.13 10:39:59,scan_skipped_same_execution_bar,USDJPY,2025.02.13 10:15:00,0,
2025.02.13 10:49:59,scan_executed_new_execution_bar,USDJPY,2025.02.13 10:30:00,0,
2025.02.13 10:54:59,scan_skipped_same_execution_bar,USDJPY,2025.02.13 10:30:00,0,
2025.02.13 11:04:59,scan_executed_new_execution_bar,USDJPY,2025.02.13 10:45:00,16,
2025.02.13 11:09:59,scan_skipped_same_execution_bar,USDJPY,2025.02.13 10:45:00,0,
2025.02.13 11:20:00,scan_executed_new_execution_bar,USDJPY,2025.02.13 11:00:00,15,
2025.02.13 11:24:59,scan_skipped_same_execution_bar,USDJPY,2025.02.13 11:00:00,0,
2025.02.13 11:34:59,scan_executed_new_execution_bar,USDJPY,2025.02.13 11:15:00,15,
2025.02.13 11:39:59,scan_skipped_same_execution_bar,USDJPY,2025.02.13 11:15:00,0,
2025.02.13 11:49:59,scan_executed_new_execution_bar,USDJPY,2025.02.13 11:30:00,16,
2025.02.13 11:54:59,scan_skipped_same_execution_bar,USDJPY,2025.02.13 11:30:00,0,
2025.02.13 12:05:00,scan_executed_new_execution_bar,USDJPY,2025.02.13 11:45:00,0,
2025.02.13 12:09:59,scan_skipped_same_execution_bar,USDJPY,2025.02.13 11:45:00,0,
2025.02.13 12:19:59,scan_executed_new_execution_bar,USDJPY,2025.02.13 12:00:00,0,
2025.02.13 12:24:59,scan_skipped_same_execution_bar,USDJPY,2025.02.13 12:00:00,0,
2025.02.13 12:34:59,scan_executed_new_execution_bar,USDJPY,2025.02.13 12:15:00,0,
2025.02.13 12:39:59,scan_skipped_same_execution_bar,USDJPY,2025.02.13 12:15:00,0,
2025.02.13 12:49:59,scan_executed_new_execution_bar,USDJPY,2025.02.13 12:30:00,0,
2025.02.13 12:54:59,scan_skipped_same_execution_bar,USDJPY,2025.02.13 12:30:00,0,
2025.02.13 13:04:59,scan_executed_new_execution_bar,USDJPY,2025.02.13 12:45:00,0,
2025.02.13 13:09:59,scan_skipped_same_execution_bar,USDJPY,2025.02.13 12:45:00,0,
2025.02.13 13:19:59,scan_executed_new_execution_bar,USDJPY,2025.02.13 13:00:00,31,
2025.02.13 13:24:59,scan_skipped_same_execution_bar,USDJPY,2025.02.13 13:00:00,0,
2025.02.13 13:34:59,scan_executed_new_execution_bar,USDJPY,2025.02.13 13:15:00,0,
2025.02.13 13:39:59,scan_skipped_same_execution_bar,USDJPY,2025.02.13 13:15:00,0,
2025.02.13 13:49:59,scan_executed_new_execution_bar,USDJPY,2025.02.13 13:30:00,0,
2025.02.13 13:54:59,scan_skipped_same_execution_bar,USDJPY,2025.02.13 13:30:00,0,
2025.02.13 14:04:59,scan_executed_new_execution_bar,USDJPY,2025.02.13 13:45:00,0,
2025.02.13 14:09:59,scan_skipped_same_execution_bar,USDJPY,2025.02.13 13:45:00,0,
2025.02.13 14:19:59,scan_executed_new_execution_bar,USDJPY,2025.02.13 14:00:00,0,
2025.02.13 14:24:59,scan_skipped_same_execution_bar,USDJPY,2025.02.13 14:00:00,0,
2025.02.13 14:34:59,scan_executed_new_execution_bar,USDJPY,2025.02.13 14:15:00,0,
2025.02.13 14:39:59,scan_skipped_same_execution_bar,USDJPY,2025.02.13 14:15:00,0,
2025.02.13 14:49:59,scan_executed_new_execution_bar,USDJPY,2025.02.13 14:30:00,31,
2025.02.13 14:54:59,scan_skipped_same_execution_bar,USDJPY,2025.02.13 14:30:00,0,
2025.02.13 15:04:59,scan_executed_new_execution_bar,USDJPY,2025.02.13 14:45:00,0,
2025.02.13 15:09:59,scan_skipped_same_execution_bar,USDJPY,2025.02.13 14:45:00,0,
2025.02.13 15:19:59,scan_executed_new_execution_bar,USDJPY,2025.02.13 15:00:00,0,
2025.02.13 15:24:59,scan_skipped_same_execution_bar,USDJPY,2025.02.13 15:00:00,0,
2025.02.13 15:34:59,scan_executed_new_execution_bar,USDJPY,2025.02.13 15:15:00,0,
2025.02.13 15:39:59,scan_skipped_same_execution_bar,USDJPY,2025.02.13 15:15:00,0,
2025.02.13 15:49:59,scan_executed_new_execution_bar,USDJPY,2025.02.13 15:30:00,31,
2025.02.13 15:54:59,scan_skipped_same_execution_bar,USDJPY,2025.02.13 15:30:00,0,
2025.02.13 16:04:59,scan_executed_new_execution_bar,USDJPY,2025.02.13 15:45:00,0,
2025.02.13 16:09:59,scan_skipped_same_execution_bar,USDJPY,2025.02.13 15:45:00,0,
2025.02.13 16:19:59,scan_executed_new_execution_bar,USDJPY,2025.02.13 16:00:00,0,
2025.02.13 16:24:59,scan_skipped_same_execution_bar,USDJPY,2025.02.13 16:00:00,0,
2025.02.13 16:34:59,scan_executed_new_execution_bar,USDJPY,2025.02.13 16:15:00,16,
2025.02.13 16:39:59,scan_skipped_same_execution_bar,USDJPY,2025.02.13 16:15:00,0,
2025.02.13 16:49:59,scan_executed_new_execution_bar,USDJPY,2025.02.13 16:30:00,31,
2025.02.13 16:54:59,scan_skipped_same_execution_bar,USDJPY,2025.02.13 16:30:00,0,
2025.02.13 17:04:59,scan_executed_new_execution_bar,USDJPY,2025.02.13 16:45:00,31,
2025.02.13 17:09:59,scan_skipped_same_execution_bar,USDJPY,2025.02.13 16:45:00,0,
2025.02.13 17:19:59,scan_executed_new_execution_bar,USDJPY,2025.02.13 17:00:00,47,
2025.02.13 17:24:59,scan_skipped_same_execution_bar,USDJPY,2025.02.13 17:00:00,0,
2025.02.13 17:34:59,scan_executed_new_execution_bar,USDJPY,2025.02.13 17:15:00,0,
2025.02.13 17:39:59,scan_skipped_same_execution_bar,USDJPY,2025.02.13 17:15:00,0,
2025.02.13 17:49:59,scan_executed_new_execution_bar,USDJPY,2025.02.13 17:30:00,0,
2025.02.13 17:54:59,scan_skipped_same_execution_bar,USDJPY,2025.02.13 17:30:00,0,
2025.02.13 18:05:00,scan_executed_new_execution_bar,USDJPY,2025.02.13 17:45:00,0,
2025.02.13 18:09:59,scan_skipped_same_execution_bar,USDJPY,2025.02.13 17:45:00,0,
2025.02.13 18:19:59,scan_executed_new_execution_bar,USDJPY,2025.02.13 18:00:00,0,
2025.02.13 18:24:59,scan_skipped_same_execution_bar,USDJPY,2025.02.13 18:00:00,0,
2025.02.13 18:34:59,scan_executed_new_execution_bar,USDJPY,2025.02.13 18:15:00,0,
2025.02.13 18:39:59,scan_skipped_same_execution_bar,USDJPY,2025.02.13 18:15:00,0,
2025.02.13 18:49:59,scan_executed_new_execution_bar,USDJPY,2025.02.13 18:30:00,31,
2025.02.13 18:54:59,scan_skipped_same_execution_bar,USDJPY,2025.02.13 18:30:00,0,
2025.02.13 19:04:59,scan_executed_new_execution_bar,USDJPY,2025.02.13 18:45:00,0,
2025.02.13 19:09:59,scan_skipped_same_execution_bar,USDJPY,2025.02.13 18:45:00,0,
2025.02.13 19:19:59,scan_executed_new_execution_bar,USDJPY,2025.02.13 19:00:00,0,
2025.02.13 19:24:58,scan_skipped_same_execution_bar,USDJPY,2025.02.13 19:00:00,0,
2025.02.13 19:34:59,scan_executed_new_execution_bar,USDJPY,2025.02.13 19:15:00,16,
2025.02.13 19:39:59,scan_skipped_same_execution_bar,USDJPY,2025.02.13 19:15:00,0,
2025.02.13 19:49:59,scan_executed_new_execution_bar,USDJPY,2025.02.13 19:30:00,47,
2025.02.13 19:54:59,scan_skipped_same_execution_bar,USDJPY,2025.02.13 19:30:00,0,
2025.02.13 20:04:58,scan_executed_new_execution_bar,USDJPY,2025.02.13 19:45:00,31,
2025.02.13 20:09:59,scan_skipped_same_execution_bar,USDJPY,2025.02.13 19:45:00,0,
2025.02.13 20:19:59,scan_executed_new_execution_bar,USDJPY,2025.02.13 20:00:00,31,
2025.02.13 20:24:59,scan_skipped_same_execution_bar,USDJPY,2025.02.13 20:00:00,0,
2025.02.13 20:34:59,scan_executed_new_execution_bar,USDJPY,2025.02.13 20:15:00,0,
2025.02.13 20:39:59,scan_skipped_same_execution_bar,USDJPY,2025.02.13 20:15:00,0,
2025.02.13 20:49:59,scan_executed_new_execution_bar,USDJPY,2025.02.13 20:30:00,16,
2025.02.13 20:54:59,scan_skipped_same_execution_bar,USDJPY,2025.02.13 20:30:00,0,
2025.02.13 21:04:59,scan_executed_new_execution_bar,USDJPY,2025.02.13 20:45:00,15,
2025.02.13 21:09:59,scan_skipped_same_execution_bar,USDJPY,2025.02.13 20:45:00,0,
2025.02.13 21:19:59,scan_executed_new_execution_bar,USDJPY,2025.02.13 21:00:00,0,
2025.02.13 21:24:59,scan_skipped_same_execution_bar,USDJPY,2025.02.13 21:00:00,0,
2025.02.13 21:34:59,scan_executed_new_execution_bar,USDJPY,2025.02.13 21:15:00,0,
2025.02.13 21:39:59,scan_skipped_same_execution_bar,USDJPY,2025.02.13 21:15:00,0,
2025.02.13 21:49:59,scan_executed_new_execution_bar,USDJPY,2025.02.13 21:30:00,63,
2025.02.13 21:54:59,scan_skipped_same_execution_bar,USDJPY,2025.02.13 21:30:00,0,
2025.02.13 22:04:59,scan_executed_new_execution_bar,USDJPY,2025.02.13 21:45:00,0,
2025.02.13 22:09:59,scan_skipped_same_execution_bar,USDJPY,2025.02.13 21:45:00,0,
2025.02.13 22:19:59,scan_executed_new_execution_bar,USDJPY,2025.02.13 22:00:00,0,
2025.02.13 22:24:59,scan_skipped_same_execution_bar,USDJPY,2025.02.13 22:00:00,0,
2025.02.13 22:34:59,scan_executed_new_execution_bar,USDJPY,2025.02.13 22:15:00,0,
2025.02.13 22:39:59,scan_skipped_same_execution_bar,USDJPY,2025.02.13 22:15:00,0,
2025.02.13 22:49:59,scan_executed_new_execution_bar,USDJPY,2025.02.13 22:30:00,0,
2025.02.13 22:54:59,scan_skipped_same_execution_bar,USDJPY,2025.02.13 22:30:00,0,
2025.02.13 23:04:59,scan_executed_new_execution_bar,USDJPY,2025.02.13 22:45:00,0,
2025.02.13 23:09:59,scan_skipped_same_execution_bar,USDJPY,2025.02.13 22:45:00,0,
2025.02.13 23:19:59,scan_executed_new_execution_bar,USDJPY,2025.02.13 23:00:00,16,
2025.02.13 23:24:59,scan_skipped_same_execution_bar,USDJPY,2025.02.13 23:00:00,0,
2025.02.13 23:34:59,scan_executed_new_execution_bar,USDJPY,2025.02.13 23:15:00,16,
2025.02.13 23:39:58,scan_skipped_same_execution_bar,USDJPY,2025.02.13 23:15:00,0,
2025.02.13 23:49:57,scan_executed_new_execution_bar,USDJPY,2025.02.13 23:30:00,0,
2025.02.13 23:54:58,scan_skipped_same_execution_bar,USDJPY,2025.02.13 23:30:00,0,
2025.02.14 00:04:51,scan_executed_new_execution_bar,USDJPY,2025.02.13 23:45:00,0,
2025.02.14 00:09:57,scan_skipped_same_execution_bar,USDJPY,2025.02.13 23:45:00,0,
2025.02.14 00:19:59,scan_executed_new_execution_bar,USDJPY,2025.02.14 00:00:00,0,
2025.02.14 00:24:59,scan_skipped_same_execution_bar,USDJPY,2025.02.14 00:00:00,0,
2025.02.14 00:34:59,scan_executed_new_execution_bar,USDJPY,2025.02.14 00:15:00,0,
2025.02.14 00:39:59,scan_skipped_same_execution_bar,USDJPY,2025.02.14 00:15:00,0,
2025.02.14 00:49:59,scan_executed_new_execution_bar,USDJPY,2025.02.14 00:30:00,0,
2025.02.14 00:54:59,scan_skipped_same_execution_bar,USDJPY,2025.02.14 00:30:00,0,
2025.02.14 01:04:59,scan_executed_new_execution_bar,USDJPY,2025.02.14 00:45:00,0,
2025.02.14 01:09:59,scan_skipped_same_execution_bar,USDJPY,2025.02.14 00:45:00,0,
2025.02.14 01:19:59,scan_executed_new_execution_bar,USDJPY,2025.02.14 01:00:00,0,
2025.02.14 01:24:59,scan_skipped_same_execution_bar,USDJPY,2025.02.14 01:00:00,0,
2025.02.14 01:34:59,scan_executed_new_execution_bar,USDJPY,2025.02.14 01:15:00,0,
2025.02.14 01:39:59,scan_skipped_same_execution_bar,USDJPY,2025.02.14 01:15:00,0,
2025.02.14 01:49:59,scan_executed_new_execution_bar,USDJPY,2025.02.14 01:30:00,0,
2025.02.14 01:54:59,scan_skipped_same_execution_bar,USDJPY,2025.02.14 01:30:00,0,
2025.02.14 02:04:59,scan_executed_new_execution_bar,USDJPY,2025.02.14 01:45:00,0,
2025.02.14 02:09:59,scan_skipped_same_execution_bar,USDJPY,2025.02.14 01:45:00,0,
2025.02.14 02:19:59,scan_executed_new_execution_bar,USDJPY,2025.02.14 02:00:00,16,
2025.02.14 02:24:59,scan_skipped_same_execution_bar,USDJPY,2025.02.14 02:00:00,0,
2025.02.14 02:34:59,scan_executed_new_execution_bar,USDJPY,2025.02.14 02:15:00,0,
2025.02.14 02:39:59,scan_skipped_same_execution_bar,USDJPY,2025.02.14 02:15:00,0,
2025.02.14 02:49:59,scan_executed_new_execution_bar,USDJPY,2025.02.14 02:30:00,0,
2025.02.14 02:54:59,scan_skipped_same_execution_bar,USDJPY,2025.02.14 02:30:00,0,
2025.02.14 03:04:59,scan_executed_new_execution_bar,USDJPY,2025.02.14 02:45:00,0,
2025.02.14 03:09:59,scan_skipped_same_execution_bar,USDJPY,2025.02.14 02:45:00,0,
2025.02.14 03:19:59,scan_executed_new_execution_bar,USDJPY,2025.02.14 03:00:00,0,
2025.02.14 03:24:58,scan_skipped_same_execution_bar,USDJPY,2025.02.14 03:00:00,0,
2025.02.14 03:34:59,scan_executed_new_execution_bar,USDJPY,2025.02.14 03:15:00,0,
2025.02.14 03:39:59,scan_skipped_same_execution_bar,USDJPY,2025.02.14 03:15:00,0,
2025.02.14 03:49:59,scan_executed_new_execution_bar,USDJPY,2025.02.14 03:30:00,0,
2025.02.14 03:54:59,scan_skipped_same_execution_bar,USDJPY,2025.02.14 03:30:00,0,
2025.02.14 04:04:59,scan_executed_new_execution_bar,USDJPY,2025.02.14 03:45:00,0,
2025.02.14 04:09:59,scan_skipped_same_execution_bar,USDJPY,2025.02.14 03:45:00,0,
2025.02.14 04:19:59,scan_executed_new_execution_bar,USDJPY,2025.02.14 04:00:00,0,
2025.02.14 04:24:59,scan_skipped_same_execution_bar,USDJPY,2025.02.14 04:00:00,0,
2025.02.14 04:34:59,scan_executed_new_execution_bar,USDJPY,2025.02.14 04:15:00,0,
2025.02.14 04:39:58,scan_skipped_same_execution_bar,USDJPY,2025.02.14 04:15:00,0,
2025.02.14 04:49:57,scan_executed_new_execution_bar,USDJPY,2025.02.14 04:30:00,0,
2025.02.14 04:54:59,scan_skipped_same_execution_bar,USDJPY,2025.02.14 04:30:00,0,
2025.02.14 05:04:59,scan_executed_new_execution_bar,USDJPY,2025.02.14 04:45:00,0,
2025.02.14 05:09:59,scan_skipped_same_execution_bar,USDJPY,2025.02.14 04:45:00,0,
2025.02.14 05:19:59,scan_executed_new_execution_bar,USDJPY,2025.02.14 05:00:00,0,
2025.02.14 05:24:59,scan_skipped_same_execution_bar,USDJPY,2025.02.14 05:00:00,0,
2025.02.14 05:34:59,scan_executed_new_execution_bar,USDJPY,2025.02.14 05:15:00,16,
2025.02.14 05:39:59,scan_skipped_same_execution_bar,USDJPY,2025.02.14 05:15:00,0,
2025.02.14 05:49:58,scan_executed_new_execution_bar,USDJPY,2025.02.14 05:30:00,0,
2025.02.14 05:54:57,scan_skipped_same_execution_bar,USDJPY,2025.02.14 05:30:00,0,
2025.02.14 06:04:59,scan_executed_new_execution_bar,USDJPY,2025.02.14 05:45:00,0,
2025.02.14 06:09:59,scan_skipped_same_execution_bar,USDJPY,2025.02.14 05:45:00,0,
2025.02.14 06:19:59,scan_executed_new_execution_bar,USDJPY,2025.02.14 06:00:00,0,
2025.02.14 06:24:59,scan_skipped_same_execution_bar,USDJPY,2025.02.14 06:00:00,0,
2025.02.14 06:34:59,scan_executed_new_execution_bar,USDJPY,2025.02.14 06:15:00,0,
2025.02.14 06:39:59,scan_skipped_same_execution_bar,USDJPY,2025.02.14 06:15:00,0,
2025.02.14 06:49:59,scan_executed_new_execution_bar,USDJPY,2025.02.14 06:30:00,0,
2025.02.14 06:54:59,scan_skipped_same_execution_bar,USDJPY,2025.02.14 06:30:00,0,
2025.02.14 07:04:59,scan_executed_new_execution_bar,USDJPY,2025.02.14 06:45:00,0,
2025.02.14 07:09:59,scan_skipped_same_execution_bar,USDJPY,2025.02.14 06:45:00,0,
2025.02.14 07:19:59,scan_executed_new_execution_bar,USDJPY,2025.02.14 07:00:00,0,
2025.02.14 07:24:59,scan_skipped_same_execution_bar,USDJPY,2025.02.14 07:00:00,0,
2025.02.14 07:34:59,scan_executed_new_execution_bar,USDJPY,2025.02.14 07:15:00,16,
2025.02.14 07:39:59,scan_skipped_same_execution_bar,USDJPY,2025.02.14 07:15:00,0,
2025.02.14 07:49:59,scan_executed_new_execution_bar,USDJPY,2025.02.14 07:30:00,0,
2025.02.14 07:54:59,scan_skipped_same_execution_bar,USDJPY,2025.02.14 07:30:00,0,
2025.02.14 08:04:59,scan_executed_new_execution_bar,USDJPY,2025.02.14 07:45:00,0,
2025.02.14 08:09:59,scan_skipped_same_execution_bar,USDJPY,2025.02.14 07:45:00,0,
2025.02.14 08:19:59,scan_executed_new_execution_bar,USDJPY,2025.02.14 08:00:00,16,
2025.02.14 08:24:59,scan_skipped_same_execution_bar,USDJPY,2025.02.14 08:00:00,0,
2025.02.14 08:34:58,scan_executed_new_execution_bar,USDJPY,2025.02.14 08:15:00,16,
2025.02.14 08:39:59,scan_skipped_same_execution_bar,USDJPY,2025.02.14 08:15:00,0,
2025.02.14 08:49:59,scan_executed_new_execution_bar,USDJPY,2025.02.14 08:30:00,0,
2025.02.14 08:54:59,scan_skipped_same_execution_bar,USDJPY,2025.02.14 08:30:00,0,
2025.02.14 09:04:59,scan_executed_new_execution_bar,USDJPY,2025.02.14 08:45:00,0,
2025.02.14 09:09:59,scan_skipped_same_execution_bar,USDJPY,2025.02.14 08:45:00,0,
2025.02.14 09:19:59,scan_executed_new_execution_bar,USDJPY,2025.02.14 09:00:00,0,
2025.02.14 09:24:59,scan_skipped_same_execution_bar,USDJPY,2025.02.14 09:00:00,0,
2025.02.14 09:34:58,scan_executed_new_execution_bar,USDJPY,2025.02.14 09:15:00,15,
2025.02.14 09:39:59,scan_skipped_same_execution_bar,USDJPY,2025.02.14 09:15:00,0,
2025.02.14 09:49:59,scan_executed_new_execution_bar,USDJPY,2025.02.14 09:30:00,16,
2025.02.14 09:54:59,scan_skipped_same_execution_bar,USDJPY,2025.02.14 09:30:00,0,
2025.02.14 10:04:59,scan_executed_new_execution_bar,USDJPY,2025.02.14 09:45:00,15,
2025.02.14 10:09:59,scan_skipped_same_execution_bar,USDJPY,2025.02.14 09:45:00,0,
2025.02.14 10:19:59,scan_executed_new_execution_bar,USDJPY,2025.02.14 10:00:00,0,
2025.02.14 10:24:59,scan_skipped_same_execution_bar,USDJPY,2025.02.14 10:00:00,0,
2025.02.14 10:34:59,scan_executed_new_execution_bar,USDJPY,2025.02.14 10:15:00,0,
2025.02.14 10:39:59,scan_skipped_same_execution_bar,USDJPY,2025.02.14 10:15:00,0,
2025.02.14 10:49:59,scan_executed_new_execution_bar,USDJPY,2025.02.14 10:30:00,0,
2025.02.14 10:54:59,scan_skipped_same_execution_bar,USDJPY,2025.02.14 10:30:00,0,
2025.02.14 11:04:59,scan_executed_new_execution_bar,USDJPY,2025.02.14 10:45:00,31,
2025.02.14 11:09:59,scan_skipped_same_execution_bar,USDJPY,2025.02.14 10:45:00,0,
2025.02.14 11:19:59,scan_executed_new_execution_bar,USDJPY,2025.02.14 11:00:00,0,
2025.02.14 11:24:59,scan_skipped_same_execution_bar,USDJPY,2025.02.14 11:00:00,0,
2025.02.14 11:34:59,scan_executed_new_execution_bar,USDJPY,2025.02.14 11:15:00,47,
2025.02.14 11:39:59,scan_skipped_same_execution_bar,USDJPY,2025.02.14 11:15:00,0,
2025.02.14 11:49:59,scan_executed_new_execution_bar,USDJPY,2025.02.14 11:30:00,31,
2025.02.14 11:54:59,scan_skipped_same_execution_bar,USDJPY,2025.02.14 11:30:00,0,
2025.02.14 12:04:59,scan_executed_new_execution_bar,USDJPY,2025.02.14 11:45:00,31,
2025.02.14 12:09:59,scan_skipped_same_execution_bar,USDJPY,2025.02.14 11:45:00,0,
2025.02.14 12:19:59,scan_executed_new_execution_bar,USDJPY,2025.02.14 12:00:00,31,
2025.02.14 12:24:59,scan_skipped_same_execution_bar,USDJPY,2025.02.14 12:00:00,0,
2025.02.14 12:34:59,scan_executed_new_execution_bar,USDJPY,2025.02.14 12:15:00,0,
2025.02.14 12:39:59,scan_skipped_same_execution_bar,USDJPY,2025.02.14 12:15:00,0,
2025.02.14 12:49:59,scan_executed_new_execution_bar,USDJPY,2025.02.14 12:30:00,16,
2025.02.14 12:54:59,scan_skipped_same_execution_bar,USDJPY,2025.02.14 12:30:00,0,
2025.02.14 13:04:59,scan_executed_new_execution_bar,USDJPY,2025.02.14 12:45:00,0,
2025.02.14 13:09:59,scan_skipped_same_execution_bar,USDJPY,2025.02.14 12:45:00,0,
2025.02.14 13:19:59,scan_executed_new_execution_bar,USDJPY,2025.02.14 13:00:00,16,
2025.02.14 13:24:59,scan_skipped_same_execution_bar,USDJPY,2025.02.14 13:00:00,0,
2025.02.14 13:34:58,scan_executed_new_execution_bar,USDJPY,2025.02.14 13:15:00,0,
2025.02.14 13:39:59,scan_skipped_same_execution_bar,USDJPY,2025.02.14 13:15:00,0,
2025.02.14 13:49:59,scan_executed_new_execution_bar,USDJPY,2025.02.14 13:30:00,0,
2025.02.14 13:54:59,scan_skipped_same_execution_bar,USDJPY,2025.02.14 13:30:00,0,
2025.02.14 14:04:59,scan_executed_new_execution_bar,USDJPY,2025.02.14 13:45:00,0,
2025.02.14 14:09:59,scan_skipped_same_execution_bar,USDJPY,2025.02.14 13:45:00,0,
2025.02.14 14:19:59,scan_executed_new_execution_bar,USDJPY,2025.02.14 14:00:00,0,
2025.02.14 14:24:59,scan_skipped_same_execution_bar,USDJPY,2025.02.14 14:00:00,0,
2025.02.14 14:34:59,scan_executed_new_execution_bar,USDJPY,2025.02.14 14:15:00,0,
2025.02.14 14:39:58,scan_skipped_same_execution_bar,USDJPY,2025.02.14 14:15:00,0,
2025.02.14 14:49:59,scan_executed_new_execution_bar,USDJPY,2025.02.14 14:30:00,0,
2025.02.14 14:54:59,scan_skipped_same_execution_bar,USDJPY,2025.02.14 14:30:00,0,
2025.02.14 15:04:59,scan_executed_new_execution_bar,USDJPY,2025.02.14 14:45:00,0,
2025.02.14 15:09:59,scan_skipped_same_execution_bar,USDJPY,2025.02.14 14:45:00,0,
2025.02.14 15:19:59,scan_executed_new_execution_bar,USDJPY,2025.02.14 15:00:00,0,
2025.02.14 15:24:59,scan_skipped_same_execution_bar,USDJPY,2025.02.14 15:00:00,0,
2025.02.14 15:34:59,scan_executed_new_execution_bar,USDJPY,2025.02.14 15:15:00,0,
2025.02.14 15:39:59,scan_skipped_same_execution_bar,USDJPY,2025.02.14 15:15:00,0,
2025.02.14 15:49:59,scan_executed_new_execution_bar,USDJPY,2025.02.14 15:30:00,0,
2025.02.14 15:55:00,scan_skipped_same_execution_bar,USDJPY,2025.02.14 15:30:00,0,
2025.02.14 16:04:59,scan_executed_new_execution_bar,USDJPY,2025.02.14 15:45:00,0,
2025.02.14 16:09:59,scan_skipped_same_execution_bar,USDJPY,2025.02.14 15:45:00,0,
2025.02.14 16:19:59,scan_executed_new_execution_bar,USDJPY,2025.02.14 16:00:00,16,
2025.02.14 16:24:59,scan_skipped_same_execution_bar,USDJPY,2025.02.14 16:00:00,0,
2025.02.14 16:34:59,scan_executed_new_execution_bar,USDJPY,2025.02.14 16:15:00,0,
2025.02.14 16:39:59,scan_skipped_same_execution_bar,USDJPY,2025.02.14 16:15:00,0,
2025.02.14 16:49:59,scan_executed_new_execution_bar,USDJPY,2025.02.14 16:30:00,0,
2025.02.14 16:54:59,scan_skipped_same_execution_bar,USDJPY,2025.02.14 16:30:00,0,
2025.02.14 17:04:59,scan_executed_new_execution_bar,USDJPY,2025.02.14 16:45:00,0,
2025.02.14 17:09:59,scan_skipped_same_execution_bar,USDJPY,2025.02.14 16:45:00,0,
2025.02.14 17:19:59,scan_executed_new_execution_bar,USDJPY,2025.02.14 17:00:00,109,
2025.02.14 17:24:59,scan_skipped_same_execution_bar,USDJPY,2025.02.14 17:00:00,0,
2025.02.14 17:34:59,scan_executed_new_execution_bar,USDJPY,2025.02.14 17:15:00,47,
2025.02.14 17:39:59,scan_skipped_same_execution_bar,USDJPY,2025.02.14 17:15:00,0,
2025.02.14 17:49:59,scan_executed_new_execution_bar,USDJPY,2025.02.14 17:30:00,0,
2025.02.14 17:54:59,scan_skipped_same_execution_bar,USDJPY,2025.02.14 17:30:00,0,
2025.02.14 18:04:59,scan_executed_new_execution_bar,USDJPY,2025.02.14 17:45:00,0,
2025.02.14 18:09:59,scan_skipped_same_execution_bar,USDJPY,2025.02.14 17:45:00,0,
2025.02.14 18:19:59,scan_executed_new_execution_bar,USDJPY,2025.02.14 18:00:00,15,
2025.02.14 18:24:59,scan_skipped_same_execution_bar,USDJPY,2025.02.14 18:00:00,0,
2025.02.14 18:34:59,scan_executed_new_execution_bar,USDJPY,2025.02.14 18:15:00,16,
2025.02.14 18:39:59,scan_skipped_same_execution_bar,USDJPY,2025.02.14 18:15:00,0,
2025.02.14 18:49:59,scan_executed_new_execution_bar,USDJPY,2025.02.14 18:30:00,62,
2025.02.14 18:54:57,scan_skipped_same_execution_bar,USDJPY,2025.02.14 18:30:00,0,
2025.02.14 19:04:59,scan_executed_new_execution_bar,USDJPY,2025.02.14 18:45:00,47,
2025.02.14 19:09:59,scan_skipped_same_execution_bar,USDJPY,2025.02.14 18:45:00,0,
2025.02.14 19:19:59,scan_executed_new_execution_bar,USDJPY,2025.02.14 19:00:00,0,
2025.02.14 19:24:59,scan_skipped_same_execution_bar,USDJPY,2025.02.14 19:00:00,0,
2025.02.14 19:34:59,scan_executed_new_execution_bar,USDJPY,2025.02.14 19:15:00,0,
2025.02.14 19:39:59,scan_skipped_same_execution_bar,USDJPY,2025.02.14 19:15:00,0,
2025.02.14 19:49:59,scan_executed_new_execution_bar,USDJPY,2025.02.14 19:30:00,0,
2025.02.14 19:54:59,scan_skipped_same_execution_bar,USDJPY,2025.02.14 19:30:00,0,
2025.02.14 20:04:59,scan_executed_new_execution_bar,USDJPY,2025.02.14 19:45:00,0,
2025.02.14 20:09:58,scan_skipped_same_execution_bar,USDJPY,2025.02.14 19:45:00,0,
2025.02.14 20:19:58,scan_executed_new_execution_bar,USDJPY,2025.02.14 20:00:00,0,
2025.02.14 20:24:59,scan_skipped_same_execution_bar,USDJPY,2025.02.14 20:00:00,0,
2025.02.14 20:34:59,scan_executed_new_execution_bar,USDJPY,2025.02.14 20:15:00,0,
2025.02.14 20:39:59,scan_skipped_same_execution_bar,USDJPY,2025.02.14 20:15:00,0,
2025.02.14 20:49:59,scan_executed_new_execution_bar,USDJPY,2025.02.14 20:30:00,0,
2025.02.14 20:54:59,scan_skipped_same_execution_bar,USDJPY,2025.02.14 20:30:00,0,
2025.02.14 21:04:59,scan_executed_new_execution_bar,USDJPY,2025.02.14 20:45:00,0,
2025.02.14 21:09:59,scan_skipped_same_execution_bar,USDJPY,2025.02.14 20:45:00,0,
2025.02.14 21:19:59,scan_executed_new_execution_bar,USDJPY,2025.02.14 21:00:00,0,
2025.02.14 21:24:58,scan_skipped_same_execution_bar,USDJPY,2025.02.14 21:00:00,0,
2025.02.14 21:34:59,scan_executed_new_execution_bar,USDJPY,2025.02.14 21:15:00,0,
2025.02.14 21:39:59,scan_skipped_same_execution_bar,USDJPY,2025.02.14 21:15:00,0,
2025.02.14 21:49:59,scan_executed_new_execution_bar,USDJPY,2025.02.14 21:30:00,0,
2025.02.14 21:54:59,scan_skipped_same_execution_bar,USDJPY,2025.02.14 21:30:00,0,
2025.02.14 22:04:59,scan_executed_new_execution_bar,USDJPY,2025.02.14 21:45:00,0,
2025.02.14 22:09:59,scan_skipped_same_execution_bar,USDJPY,2025.02.14 21:45:00,0,
2025.02.14 22:19:59,scan_executed_new_execution_bar,USDJPY,2025.02.14 22:00:00,0,
2025.02.14 22:24:59,scan_skipped_same_execution_bar,USDJPY,2025.02.14 22:00:00,0,
2025.02.14 22:34:59,scan_executed_new_execution_bar,USDJPY,2025.02.14 22:15:00,0,
2025.02.14 22:39:59,scan_skipped_same_execution_bar,USDJPY,2025.02.14 22:15:00,0,
2025.02.14 22:49:59,scan_executed_new_execution_bar,USDJPY,2025.02.14 22:30:00,0,
2025.02.14 22:54:59,scan_skipped_same_execution_bar,USDJPY,2025.02.14 22:30:00,0,
2025.02.14 23:04:58,scan_executed_new_execution_bar,USDJPY,2025.02.14 22:45:00,0,
2025.02.14 23:09:59,scan_skipped_same_execution_bar,USDJPY,2025.02.14 22:45:00,0,
2025.02.14 23:19:59,scan_executed_new_execution_bar,USDJPY,2025.02.14 23:00:00,0,
2025.02.14 23:24:58,scan_skipped_same_execution_bar,USDJPY,2025.02.14 23:00:00,0,
2025.02.14 23:34:59,scan_executed_new_execution_bar,USDJPY,2025.02.14 23:15:00,0,
2025.02.14 23:39:59,scan_skipped_same_execution_bar,USDJPY,2025.02.14 23:15:00,0,
2025.02.14 23:49:57,scan_executed_new_execution_bar,USDJPY,2025.02.14 23:30:00,0,
2025.02.14 23:54:59,scan_skipped_same_execution_bar,USDJPY,2025.02.14 23:30:00,0,
2025.02.17 00:04:58,scan_executed_new_execution_bar,USDJPY,2025.02.14 23:45:00,0,
2025.02.17 00:09:58,scan_skipped_same_execution_bar,USDJPY,2025.02.14 23:45:00,0,
2025.02.17 00:19:59,scan_executed_new_execution_bar,USDJPY,2025.02.17 00:00:00,0,
2025.02.17 00:24:55,scan_skipped_same_execution_bar,USDJPY,2025.02.17 00:00:00,0,
2025.02.17 00:34:58,scan_executed_new_execution_bar,USDJPY,2025.02.17 00:15:00,0,
2025.02.17 00:39:58,scan_skipped_same_execution_bar,USDJPY,2025.02.17 00:15:00,0,
2025.02.17 00:49:59,scan_executed_new_execution_bar,USDJPY,2025.02.17 00:30:00,0,
2025.02.17 00:54:58,scan_skipped_same_execution_bar,USDJPY,2025.02.17 00:30:00,0,
2025.02.17 01:04:59,scan_executed_new_execution_bar,USDJPY,2025.02.17 00:45:00,0,
2025.02.17 01:09:57,scan_skipped_same_execution_bar,USDJPY,2025.02.17 00:45:00,0,
2025.02.17 01:19:59,scan_executed_new_execution_bar,USDJPY,2025.02.17 01:00:00,16,
2025.02.17 01:24:59,scan_skipped_same_execution_bar,USDJPY,2025.02.17 01:00:00,0,
2025.02.17 01:34:59,scan_executed_new_execution_bar,USDJPY,2025.02.17 01:15:00,0,
2025.02.17 01:39:59,scan_skipped_same_execution_bar,USDJPY,2025.02.17 01:15:00,0,
2025.02.17 01:49:59,scan_executed_new_execution_bar,USDJPY,2025.02.17 01:30:00,0,
2025.02.17 01:54:59,scan_skipped_same_execution_bar,USDJPY,2025.02.17 01:30:00,0,
2025.02.17 02:04:59,scan_executed_new_execution_bar,USDJPY,2025.02.17 01:45:00,0,
2025.02.17 02:09:59,scan_skipped_same_execution_bar,USDJPY,2025.02.17 01:45:00,0,
2025.02.17 02:19:59,scan_executed_new_execution_bar,USDJPY,2025.02.17 02:00:00,0,
2025.02.17 02:24:59,scan_skipped_same_execution_bar,USDJPY,2025.02.17 02:00:00,0,
2025.02.17 02:34:59,scan_executed_new_execution_bar,USDJPY,2025.02.17 02:15:00,0,
2025.02.17 02:39:59,scan_skipped_same_execution_bar,USDJPY,2025.02.17 02:15:00,0,
2025.02.17 02:49:59,scan_executed_new_execution_bar,USDJPY,2025.02.17 02:30:00,0,
2025.02.17 02:54:59,scan_skipped_same_execution_bar,USDJPY,2025.02.17 02:30:00,0,
2025.02.17 03:04:59,scan_executed_new_execution_bar,USDJPY,2025.02.17 02:45:00,0,
2025.02.17 03:09:59,scan_skipped_same_execution_bar,USDJPY,2025.02.17 02:45:00,0,
2025.02.17 03:19:59,scan_executed_new_execution_bar,USDJPY,2025.02.17 03:00:00,0,
2025.02.17 03:24:59,scan_skipped_same_execution_bar,USDJPY,2025.02.17 03:00:00,0,
2025.02.17 03:34:59,scan_executed_new_execution_bar,USDJPY,2025.02.17 03:15:00,0,
2025.02.17 03:39:59,scan_skipped_same_execution_bar,USDJPY,2025.02.17 03:15:00,0,
2025.02.17 03:45:00,scan_executed_new_execution_bar,USDJPY,2025.02.17 03:30:00,0,
2025.02.17 03:49:59,scan_skipped_same_execution_bar,USDJPY,2025.02.17 03:30:00,0,
2025.02.17 04:04:59,scan_executed_new_execution_bar,USDJPY,2025.02.17 03:45:00,16,
2025.02.17 04:09:59,scan_skipped_same_execution_bar,USDJPY,2025.02.17 03:45:00,0,
2025.02.17 04:19:59,scan_executed_new_execution_bar,USDJPY,2025.02.17 04:00:00,0,
2025.02.17 04:24:59,scan_skipped_same_execution_bar,USDJPY,2025.02.17 04:00:00,0,
2025.02.17 04:34:59,scan_executed_new_execution_bar,USDJPY,2025.02.17 04:15:00,0,
2025.02.17 04:39:59,scan_skipped_same_execution_bar,USDJPY,2025.02.17 04:15:00,0,
2025.02.17 04:50:00,scan_executed_new_execution_bar,USDJPY,2025.02.17 04:30:00,0,
2025.02.17 04:54:59,scan_skipped_same_execution_bar,USDJPY,2025.02.17 04:30:00,0,
2025.02.17 05:04:59,scan_executed_new_execution_bar,USDJPY,2025.02.17 04:45:00,0,
2025.02.17 05:09:59,scan_skipped_same_execution_bar,USDJPY,2025.02.17 04:45:00,0,
2025.02.17 05:19:59,scan_executed_new_execution_bar,USDJPY,2025.02.17 05:00:00,47,
2025.02.17 05:24:59,scan_skipped_same_execution_bar,USDJPY,2025.02.17 05:00:00,0,
2025.02.17 05:35:00,scan_executed_new_execution_bar,USDJPY,2025.02.17 05:15:00,0,
2025.02.17 05:39:59,scan_skipped_same_execution_bar,USDJPY,2025.02.17 05:15:00,0,
2025.02.17 05:50:00,scan_executed_new_execution_bar,USDJPY,2025.02.17 05:30:00,0,
2025.02.17 05:54:59,scan_skipped_same_execution_bar,USDJPY,2025.02.17 05:30:00,0,
2025.02.17 06:04:59,scan_executed_new_execution_bar,USDJPY,2025.02.17 05:45:00,0,
2025.02.17 06:09:59,scan_skipped_same_execution_bar,USDJPY,2025.02.17 05:45:00,0,
2025.02.17 06:19:59,scan_executed_new_execution_bar,USDJPY,2025.02.17 06:00:00,0,
2025.02.17 06:24:59,scan_skipped_same_execution_bar,USDJPY,2025.02.17 06:00:00,0,
2025.02.17 06:34:59,scan_executed_new_execution_bar,USDJPY,2025.02.17 06:15:00,0,
2025.02.17 06:39:59,scan_skipped_same_execution_bar,USDJPY,2025.02.17 06:15:00,0,
2025.02.17 06:49:59,scan_executed_new_execution_bar,USDJPY,2025.02.17 06:30:00,0,
2025.02.17 06:54:59,scan_skipped_same_execution_bar,USDJPY,2025.02.17 06:30:00,0,
2025.02.17 07:04:58,scan_executed_new_execution_bar,USDJPY,2025.02.17 06:45:00,0,
2025.02.17 07:09:59,scan_skipped_same_execution_bar,USDJPY,2025.02.17 06:45:00,0,
2025.02.17 07:19:58,scan_executed_new_execution_bar,USDJPY,2025.02.17 07:00:00,0,
2025.02.17 07:24:59,scan_skipped_same_execution_bar,USDJPY,2025.02.17 07:00:00,0,
2025.02.17 07:34:59,scan_executed_new_execution_bar,USDJPY,2025.02.17 07:15:00,0,
2025.02.17 07:39:58,scan_skipped_same_execution_bar,USDJPY,2025.02.17 07:15:00,0,
2025.02.17 07:49:58,scan_executed_new_execution_bar,USDJPY,2025.02.17 07:30:00,0,
2025.02.17 07:54:59,scan_skipped_same_execution_bar,USDJPY,2025.02.17 07:30:00,0,
2025.02.17 08:04:59,scan_executed_new_execution_bar,USDJPY,2025.02.17 07:45:00,0,
2025.02.17 08:09:59,scan_skipped_same_execution_bar,USDJPY,2025.02.17 07:45:00,0,
2025.02.17 08:19:59,scan_executed_new_execution_bar,USDJPY,2025.02.17 08:00:00,0,
2025.02.17 08:24:59,scan_skipped_same_execution_bar,USDJPY,2025.02.17 08:00:00,0,
2025.02.17 08:34:59,scan_executed_new_execution_bar,USDJPY,2025.02.17 08:15:00,0,
2025.02.17 08:39:59,scan_skipped_same_execution_bar,USDJPY,2025.02.17 08:15:00,0,
2025.02.17 08:49:59,scan_executed_new_execution_bar,USDJPY,2025.02.17 08:30:00,0,
2025.02.17 08:55:00,scan_skipped_same_execution_bar,USDJPY,2025.02.17 08:30:00,0,
2025.02.17 09:04:59,scan_executed_new_execution_bar,USDJPY,2025.02.17 08:45:00,0,
2025.02.17 09:09:59,scan_skipped_same_execution_bar,USDJPY,2025.02.17 08:45:00,0,
2025.02.17 09:19:59,scan_executed_new_execution_bar,USDJPY,2025.02.17 09:00:00,0,
2025.02.17 09:24:59,scan_skipped_same_execution_bar,USDJPY,2025.02.17 09:00:00,0,
2025.02.17 09:34:59,scan_executed_new_execution_bar,USDJPY,2025.02.17 09:15:00,0,
2025.02.17 09:39:59,scan_skipped_same_execution_bar,USDJPY,2025.02.17 09:15:00,0,
2025.02.17 09:49:59,scan_executed_new_execution_bar,USDJPY,2025.02.17 09:30:00,0,
2025.02.17 09:54:59,scan_skipped_same_execution_bar,USDJPY,2025.02.17 09:30:00,0,
2025.02.17 10:04:59,scan_executed_new_execution_bar,USDJPY,2025.02.17 09:45:00,0,
2025.02.17 10:09:59,scan_skipped_same_execution_bar,USDJPY,2025.02.17 09:45:00,0,
2025.02.17 10:19:59,scan_executed_new_execution_bar,USDJPY,2025.02.17 10:00:00,0,
2025.02.17 10:24:59,scan_skipped_same_execution_bar,USDJPY,2025.02.17 10:00:00,0,
2025.02.17 10:34:59,scan_executed_new_execution_bar,USDJPY,2025.02.17 10:15:00,0,
2025.02.17 10:39:59,scan_skipped_same_execution_bar,USDJPY,2025.02.17 10:15:00,0,
2025.02.17 10:49:59,scan_executed_new_execution_bar,USDJPY,2025.02.17 10:30:00,16,
2025.02.17 10:54:59,scan_skipped_same_execution_bar,USDJPY,2025.02.17 10:30:00,0,
2025.02.17 11:04:59,scan_executed_new_execution_bar,USDJPY,2025.02.17 10:45:00,0,
2025.02.17 11:09:59,scan_skipped_same_execution_bar,USDJPY,2025.02.17 10:45:00,0,
2025.02.17 11:19:59,scan_executed_new_execution_bar,USDJPY,2025.02.17 11:00:00,15,
2025.02.17 11:24:59,scan_skipped_same_execution_bar,USDJPY,2025.02.17 11:00:00,0,
2025.02.17 11:34:59,scan_executed_new_execution_bar,USDJPY,2025.02.17 11:15:00,0,
2025.02.17 11:39:59,scan_skipped_same_execution_bar,USDJPY,2025.02.17 11:15:00,0,
2025.02.17 11:49:59,scan_executed_new_execution_bar,USDJPY,2025.02.17 11:30:00,15,
2025.02.17 11:54:59,scan_skipped_same_execution_bar,USDJPY,2025.02.17 11:30:00,0,
2025.02.17 12:04:59,scan_executed_new_execution_bar,USDJPY,2025.02.17 11:45:00,0,
2025.02.17 12:09:59,scan_skipped_same_execution_bar,USDJPY,2025.02.17 11:45:00,0,
2025.02.17 12:19:59,scan_executed_new_execution_bar,USDJPY,2025.02.17 12:00:00,0,
2025.02.17 12:24:59,scan_skipped_same_execution_bar,USDJPY,2025.02.17 12:00:00,0,
2025.02.17 12:34:59,scan_executed_new_execution_bar,USDJPY,2025.02.17 12:15:00,0,
2025.02.17 12:39:59,scan_skipped_same_execution_bar,USDJPY,2025.02.17 12:15:00,0,
2025.02.17 12:49:59,scan_executed_new_execution_bar,USDJPY,2025.02.17 12:30:00,0,
2025.02.17 12:54:59,scan_skipped_same_execution_bar,USDJPY,2025.02.17 12:30:00,0,
2025.02.17 13:04:59,scan_executed_new_execution_bar,USDJPY,2025.02.17 12:45:00,0,
2025.02.17 13:09:59,scan_skipped_same_execution_bar,USDJPY,2025.02.17 12:45:00,0,
2025.02.17 13:19:58,scan_executed_new_execution_bar,USDJPY,2025.02.17 13:00:00,0,
2025.02.17 13:24:59,scan_skipped_same_execution_bar,USDJPY,2025.02.17 13:00:00,0,
2025.02.17 13:34:59,scan_executed_new_execution_bar,USDJPY,2025.02.17 13:15:00,0,
2025.02.17 13:39:59,scan_skipped_same_execution_bar,USDJPY,2025.02.17 13:15:00,0,
2025.02.17 13:49:59,scan_executed_new_execution_bar,USDJPY,2025.02.17 13:30:00,0,
2025.02.17 13:54:59,scan_skipped_same_execution_bar,USDJPY,2025.02.17 13:30:00,0,
2025.02.17 14:04:59,scan_executed_new_execution_bar,USDJPY,2025.02.17 13:45:00,0,
2025.02.17 14:09:59,scan_skipped_same_execution_bar,USDJPY,2025.02.17 13:45:00,0,
2025.02.17 14:19:59,scan_executed_new_execution_bar,USDJPY,2025.02.17 14:00:00,0,
2025.02.17 14:24:59,scan_skipped_same_execution_bar,USDJPY,2025.02.17 14:00:00,0,
2025.02.17 14:34:59,scan_executed_new_execution_bar,USDJPY,2025.02.17 14:15:00,0,
2025.02.17 14:39:58,scan_skipped_same_execution_bar,USDJPY,2025.02.17 14:15:00,0,
2025.02.17 14:49:59,scan_executed_new_execution_bar,USDJPY,2025.02.17 14:30:00,16,
2025.02.17 14:54:59,scan_skipped_same_execution_bar,USDJPY,2025.02.17 14:30:00,0,
2025.02.17 15:04:59,scan_executed_new_execution_bar,USDJPY,2025.02.17 14:45:00,31,
2025.02.17 15:09:58,scan_skipped_same_execution_bar,USDJPY,2025.02.17 14:45:00,0,
2025.02.17 15:19:59,scan_executed_new_execution_bar,USDJPY,2025.02.17 15:00:00,0,
2025.02.17 15:24:59,scan_skipped_same_execution_bar,USDJPY,2025.02.17 15:00:00,0,
2025.02.17 15:34:59,scan_executed_new_execution_bar,USDJPY,2025.02.17 15:15:00,0,
2025.02.17 15:39:59,scan_skipped_same_execution_bar,USDJPY,2025.02.17 15:15:00,0,
2025.02.17 15:49:59,scan_executed_new_execution_bar,USDJPY,2025.02.17 15:30:00,16,
2025.02.17 15:54:59,scan_skipped_same_execution_bar,USDJPY,2025.02.17 15:30:00,0,
2025.02.17 16:04:59,scan_executed_new_execution_bar,USDJPY,2025.02.17 15:45:00,15,
2025.02.17 16:09:59,scan_skipped_same_execution_bar,USDJPY,2025.02.17 15:45:00,0,
2025.02.17 16:19:59,scan_executed_new_execution_bar,USDJPY,2025.02.17 16:00:00,0,
2025.02.17 16:24:59,scan_skipped_same_execution_bar,USDJPY,2025.02.17 16:00:00,0,
2025.02.17 16:34:59,scan_executed_new_execution_bar,USDJPY,2025.02.17 16:15:00,15,
2025.02.17 16:40:00,scan_skipped_same_execution_bar,USDJPY,2025.02.17 16:15:00,0,
2025.02.17 16:49:59,scan_executed_new_execution_bar,USDJPY,2025.02.17 16:30:00,0,
2025.02.17 16:54:57,scan_skipped_same_execution_bar,USDJPY,2025.02.17 16:30:00,0,
2025.02.17 17:04:59,scan_executed_new_execution_bar,USDJPY,2025.02.17 16:45:00,15,
2025.02.17 17:09:59,scan_skipped_same_execution_bar,USDJPY,2025.02.17 16:45:00,0,
2025.02.17 17:19:59,scan_executed_new_execution_bar,USDJPY,2025.02.17 17:00:00,0,
2025.02.17 17:24:59,scan_skipped_same_execution_bar,USDJPY,2025.02.17 17:00:00,0,
2025.02.17 17:34:59,scan_executed_new_execution_bar,USDJPY,2025.02.17 17:15:00,0,
2025.02.17 17:39:58,scan_skipped_same_execution_bar,USDJPY,2025.02.17 17:15:00,0,
2025.02.17 17:49:59,scan_executed_new_execution_bar,USDJPY,2025.02.17 17:30:00,15,
2025.02.17 17:54:59,scan_skipped_same_execution_bar,USDJPY,2025.02.17 17:30:00,0,
2025.02.17 18:04:59,scan_executed_new_execution_bar,USDJPY,2025.02.17 17:45:00,0,
2025.02.17 18:09:58,scan_skipped_same_execution_bar,USDJPY,2025.02.17 17:45:00,0,
2025.02.17 18:19:59,scan_executed_new_execution_bar,USDJPY,2025.02.17 18:00:00,0,
2025.02.17 18:24:59,scan_skipped_same_execution_bar,USDJPY,2025.02.17 18:00:00,0,
2025.02.17 18:34:59,scan_executed_new_execution_bar,USDJPY,2025.02.17 18:15:00,0,
2025.02.17 18:39:58,scan_skipped_same_execution_bar,USDJPY,2025.02.17 18:15:00,0,
2025.02.17 18:49:59,scan_executed_new_execution_bar,USDJPY,2025.02.17 18:30:00,16,
2025.02.17 18:55:00,scan_skipped_same_execution_bar,USDJPY,2025.02.17 18:30:00,0,
2025.02.17 19:04:59,scan_executed_new_execution_bar,USDJPY,2025.02.17 18:45:00,0,
2025.02.17 19:09:59,scan_skipped_same_execution_bar,USDJPY,2025.02.17 18:45:00,0,
2025.02.17 19:19:59,scan_executed_new_execution_bar,USDJPY,2025.02.17 19:00:00,16,
2025.02.17 19:24:59,scan_skipped_same_execution_bar,USDJPY,2025.02.17 19:00:00,0,
2025.02.17 19:34:59,scan_executed_new_execution_bar,USDJPY,2025.02.17 19:15:00,0,
2025.02.17 19:39:56,scan_skipped_same_execution_bar,USDJPY,2025.02.17 19:15:00,0,
2025.02.17 19:49:59,scan_executed_new_execution_bar,USDJPY,2025.02.17 19:30:00,0,
2025.02.17 19:54:59,scan_skipped_same_execution_bar,USDJPY,2025.02.17 19:30:00,0,
2025.02.17 20:04:59,scan_executed_new_execution_bar,USDJPY,2025.02.17 19:45:00,0,
2025.02.17 20:09:54,scan_skipped_same_execution_bar,USDJPY,2025.02.17 19:45:00,0,
2025.02.17 20:19:54,scan_executed_new_execution_bar,USDJPY,2025.02.17 20:00:00,15,
2025.02.17 20:24:54,scan_skipped_same_execution_bar,USDJPY,2025.02.17 20:00:00,0,
2025.02.17 20:34:59,scan_executed_new_execution_bar,USDJPY,2025.02.17 20:15:00,16,
2025.02.17 20:39:59,scan_skipped_same_execution_bar,USDJPY,2025.02.17 20:15:00,0,
2025.02.17 20:49:58,scan_executed_new_execution_bar,USDJPY,2025.02.17 20:30:00,0,
2025.02.17 20:54:57,scan_skipped_same_execution_bar,USDJPY,2025.02.17 20:30:00,0,
2025.02.17 21:04:58,scan_executed_new_execution_bar,USDJPY,2025.02.17 20:45:00,0,
2025.02.17 21:09:59,scan_skipped_same_execution_bar,USDJPY,2025.02.17 20:45:00,0,
2025.02.17 21:19:59,scan_executed_new_execution_bar,USDJPY,2025.02.17 21:00:00,0,
2025.02.17 21:24:58,scan_skipped_same_execution_bar,USDJPY,2025.02.17 21:00:00,0,
2025.02.17 21:34:57,scan_executed_new_execution_bar,USDJPY,2025.02.17 21:15:00,0,
2025.02.17 21:39:59,scan_skipped_same_execution_bar,USDJPY,2025.02.17 21:15:00,0,
2025.02.17 21:49:59,scan_executed_new_execution_bar,USDJPY,2025.02.17 21:30:00,0,
2025.02.17 21:54:55,scan_skipped_same_execution_bar,USDJPY,2025.02.17 21:30:00,0,
2025.02.17 22:04:57,scan_executed_new_execution_bar,USDJPY,2025.02.17 21:45:00,0,
2025.02.17 22:09:46,scan_skipped_same_execution_bar,USDJPY,2025.02.17 21:45:00,0,
2025.02.17 22:19:55,scan_executed_new_execution_bar,USDJPY,2025.02.17 22:00:00,0,
2025.02.17 22:24:53,scan_skipped_same_execution_bar,USDJPY,2025.02.17 22:00:00,0,
2025.02.17 22:34:59,scan_executed_new_execution_bar,USDJPY,2025.02.17 22:15:00,16,
2025.02.17 22:39:56,scan_skipped_same_execution_bar,USDJPY,2025.02.17 22:15:00,0,
2025.02.17 22:49:59,scan_executed_new_execution_bar,USDJPY,2025.02.17 22:30:00,15,
2025.02.17 22:55:00,scan_skipped_same_execution_bar,USDJPY,2025.02.17 22:30:00,0,
2025.02.17 23:04:57,scan_executed_new_execution_bar,USDJPY,2025.02.17 22:45:00,0,
2025.02.17 23:09:57,scan_skipped_same_execution_bar,USDJPY,2025.02.17 22:45:00,0,
2025.02.17 23:19:59,scan_executed_new_execution_bar,USDJPY,2025.02.17 23:00:00,16,
2025.02.17 23:24:55,scan_skipped_same_execution_bar,USDJPY,2025.02.17 23:00:00,0,
2025.02.17 23:34:59,scan_executed_new_execution_bar,USDJPY,2025.02.17 23:15:00,0,
2025.02.17 23:39:50,scan_skipped_same_execution_bar,USDJPY,2025.02.17 23:15:00,0,
2025.02.17 23:49:58,scan_executed_new_execution_bar,USDJPY,2025.02.17 23:30:00,0,
2025.02.17 23:54:59,scan_skipped_same_execution_bar,USDJPY,2025.02.17 23:30:00,0,
2025.02.18 00:04:58,scan_executed_new_execution_bar,USDJPY,2025.02.17 23:45:00,0,
2025.02.18 00:09:48,scan_skipped_same_execution_bar,USDJPY,2025.02.17 23:45:00,0,
2025.02.18 00:19:58,scan_executed_new_execution_bar,USDJPY,2025.02.18 00:00:00,0,
2025.02.18 00:24:59,scan_skipped_same_execution_bar,USDJPY,2025.02.18 00:00:00,0,
2025.02.18 00:34:59,scan_executed_new_execution_bar,USDJPY,2025.02.18 00:15:00,0,
2025.02.18 00:39:59,scan_skipped_same_execution_bar,USDJPY,2025.02.18 00:15:00,0,
2025.02.18 00:49:59,scan_executed_new_execution_bar,USDJPY,2025.02.18 00:30:00,0,
2025.02.18 00:54:57,scan_skipped_same_execution_bar,USDJPY,2025.02.18 00:30:00,0,
2025.02.18 01:04:59,scan_executed_new_execution_bar,USDJPY,2025.02.18 00:45:00,0,
2025.02.18 01:09:58,scan_skipped_same_execution_bar,USDJPY,2025.02.18 00:45:00,0,
2025.02.18 01:19:59,scan_executed_new_execution_bar,USDJPY,2025.02.18 01:00:00,0,
2025.02.18 01:24:58,scan_skipped_same_execution_bar,USDJPY,2025.02.18 01:00:00,0,
2025.02.18 01:34:59,scan_executed_new_execution_bar,USDJPY,2025.02.18 01:15:00,0,
2025.02.18 01:39:59,scan_skipped_same_execution_bar,USDJPY,2025.02.18 01:15:00,0,
2025.02.18 01:49:59,scan_executed_new_execution_bar,USDJPY,2025.02.18 01:30:00,0,
2025.02.18 01:54:57,scan_skipped_same_execution_bar,USDJPY,2025.02.18 01:30:00,0,
2025.02.18 02:04:59,scan_executed_new_execution_bar,USDJPY,2025.02.18 01:45:00,0,
2025.02.18 02:09:59,scan_skipped_same_execution_bar,USDJPY,2025.02.18 01:45:00,0,
2025.02.18 02:19:59,scan_executed_new_execution_bar,USDJPY,2025.02.18 02:00:00,0,
2025.02.18 02:24:59,scan_skipped_same_execution_bar,USDJPY,2025.02.18 02:00:00,0,
2025.02.18 02:34:59,scan_executed_new_execution_bar,USDJPY,2025.02.18 02:15:00,0,
2025.02.18 02:39:59,scan_skipped_same_execution_bar,USDJPY,2025.02.18 02:15:00,0,
2025.02.18 02:49:59,scan_executed_new_execution_bar,USDJPY,2025.02.18 02:30:00,0,
2025.02.18 02:54:59,scan_skipped_same_execution_bar,USDJPY,2025.02.18 02:30:00,0,
2025.02.18 03:04:59,scan_executed_new_execution_bar,USDJPY,2025.02.18 02:45:00,0,
2025.02.18 03:09:59,scan_skipped_same_execution_bar,USDJPY,2025.02.18 02:45:00,0,
2025.02.18 03:19:59,scan_executed_new_execution_bar,USDJPY,2025.02.18 03:00:00,16,
2025.02.18 03:24:59,scan_skipped_same_execution_bar,USDJPY,2025.02.18 03:00:00,0,
2025.02.18 03:34:59,scan_executed_new_execution_bar,USDJPY,2025.02.18 03:15:00,0,
2025.02.18 03:39:59,scan_skipped_same_execution_bar,USDJPY,2025.02.18 03:15:00,0,
2025.02.18 03:49:59,scan_executed_new_execution_bar,USDJPY,2025.02.18 03:30:00,16,
2025.02.18 03:54:59,scan_skipped_same_execution_bar,USDJPY,2025.02.18 03:30:00,0,
2025.02.18 04:04:59,scan_executed_new_execution_bar,USDJPY,2025.02.18 03:45:00,0,
2025.02.18 04:09:58,scan_skipped_same_execution_bar,USDJPY,2025.02.18 03:45:00,0,
2025.02.18 04:19:59,scan_executed_new_execution_bar,USDJPY,2025.02.18 04:00:00,0,
2025.02.18 04:24:59,scan_skipped_same_execution_bar,USDJPY,2025.02.18 04:00:00,0,
2025.02.18 04:34:59,scan_executed_new_execution_bar,USDJPY,2025.02.18 04:15:00,0,
2025.02.18 04:39:59,scan_skipped_same_execution_bar,USDJPY,2025.02.18 04:15:00,0,
2025.02.18 04:49:59,scan_executed_new_execution_bar,USDJPY,2025.02.18 04:30:00,0,
2025.02.18 04:54:59,scan_skipped_same_execution_bar,USDJPY,2025.02.18 04:30:00,0,
2025.02.18 05:04:59,scan_executed_new_execution_bar,USDJPY,2025.02.18 04:45:00,0,
2025.02.18 05:09:59,scan_skipped_same_execution_bar,USDJPY,2025.02.18 04:45:00,0,
2025.02.18 05:19:59,scan_executed_new_execution_bar,USDJPY,2025.02.18 05:00:00,0,
2025.02.18 05:24:59,scan_skipped_same_execution_bar,USDJPY,2025.02.18 05:00:00,0,
2025.02.18 05:34:59,scan_executed_new_execution_bar,USDJPY,2025.02.18 05:15:00,15,
2025.02.18 05:39:59,scan_skipped_same_execution_bar,USDJPY,2025.02.18 05:15:00,0,
2025.02.18 05:49:59,scan_executed_new_execution_bar,USDJPY,2025.02.18 05:30:00,0,
2025.02.18 05:54:59,scan_skipped_same_execution_bar,USDJPY,2025.02.18 05:30:00,0,
2025.02.18 06:04:59,scan_executed_new_execution_bar,USDJPY,2025.02.18 05:45:00,0,
2025.02.18 06:09:59,scan_skipped_same_execution_bar,USDJPY,2025.02.18 05:45:00,0,
2025.02.18 06:19:59,scan_executed_new_execution_bar,USDJPY,2025.02.18 06:00:00,15,
2025.02.18 06:24:59,scan_skipped_same_execution_bar,USDJPY,2025.02.18 06:00:00,0,
2025.02.18 06:34:59,scan_executed_new_execution_bar,USDJPY,2025.02.18 06:15:00,16,
2025.02.18 06:39:59,scan_skipped_same_execution_bar,USDJPY,2025.02.18 06:15:00,0,
2025.02.18 06:49:59,scan_executed_new_execution_bar,USDJPY,2025.02.18 06:30:00,0,
2025.02.18 06:54:59,scan_skipped_same_execution_bar,USDJPY,2025.02.18 06:30:00,0,
2025.02.18 07:04:59,scan_executed_new_execution_bar,USDJPY,2025.02.18 06:45:00,16,
2025.02.18 07:09:59,scan_skipped_same_execution_bar,USDJPY,2025.02.18 06:45:00,0,
2025.02.18 07:19:58,scan_executed_new_execution_bar,USDJPY,2025.02.18 07:00:00,0,
2025.02.18 07:24:59,scan_skipped_same_execution_bar,USDJPY,2025.02.18 07:00:00,0,
2025.02.18 07:34:59,scan_executed_new_execution_bar,USDJPY,2025.02.18 07:15:00,32,
2025.02.18 07:39:59,scan_skipped_same_execution_bar,USDJPY,2025.02.18 07:15:00,0,
2025.02.18 07:49:59,scan_executed_new_execution_bar,USDJPY,2025.02.18 07:30:00,0,
2025.02.18 07:54:59,scan_skipped_same_execution_bar,USDJPY,2025.02.18 07:30:00,0,
2025.02.18 08:04:59,scan_executed_new_execution_bar,USDJPY,2025.02.18 07:45:00,47,
2025.02.18 08:09:59,scan_skipped_same_execution_bar,USDJPY,2025.02.18 07:45:00,0,
2025.02.18 08:19:59,scan_executed_new_execution_bar,USDJPY,2025.02.18 08:00:00,0,
2025.02.18 08:24:59,scan_skipped_same_execution_bar,USDJPY,2025.02.18 08:00:00,0,
2025.02.18 08:34:59,scan_executed_new_execution_bar,USDJPY,2025.02.18 08:15:00,16,
2025.02.18 08:39:59,scan_skipped_same_execution_bar,USDJPY,2025.02.18 08:15:00,0,
2025.02.18 08:49:59,scan_executed_new_execution_bar,USDJPY,2025.02.18 08:30:00,16,
2025.02.18 08:54:59,scan_skipped_same_execution_bar,USDJPY,2025.02.18 08:30:00,0,
2025.02.18 09:04:59,scan_executed_new_execution_bar,USDJPY,2025.02.18 08:45:00,0,
2025.02.18 09:09:59,scan_skipped_same_execution_bar,USDJPY,2025.02.18 08:45:00,0,
2025.02.18 09:19:59,scan_executed_new_execution_bar,USDJPY,2025.02.18 09:00:00,16,
2025.02.18 09:25:00,scan_skipped_same_execution_bar,USDJPY,2025.02.18 09:00:00,0,
2025.02.18 09:34:59,scan_executed_new_execution_bar,USDJPY,2025.02.18 09:15:00,0,
2025.02.18 09:39:59,scan_skipped_same_execution_bar,USDJPY,2025.02.18 09:15:00,0,
2025.02.18 09:49:59,scan_executed_new_execution_bar,USDJPY,2025.02.18 09:30:00,0,
2025.02.18 09:54:59,scan_skipped_same_execution_bar,USDJPY,2025.02.18 09:30:00,0,
2025.02.18 10:04:59,scan_executed_new_execution_bar,USDJPY,2025.02.18 09:45:00,0,
2025.02.18 10:09:59,scan_skipped_same_execution_bar,USDJPY,2025.02.18 09:45:00,0,
2025.02.18 10:19:59,scan_executed_new_execution_bar,USDJPY,2025.02.18 10:00:00,15,
2025.02.18 10:24:59,scan_skipped_same_execution_bar,USDJPY,2025.02.18 10:00:00,0,
2025.02.18 10:34:59,scan_executed_new_execution_bar,USDJPY,2025.02.18 10:15:00,0,
2025.02.18 10:39:59,scan_skipped_same_execution_bar,USDJPY,2025.02.18 10:15:00,0,
2025.02.18 10:49:59,scan_executed_new_execution_bar,USDJPY,2025.02.18 10:30:00,0,
2025.02.18 10:55:00,scan_skipped_same_execution_bar,USDJPY,2025.02.18 10:30:00,0,
2025.02.18 11:04:59,scan_executed_new_execution_bar,USDJPY,2025.02.18 10:45:00,0,
2025.02.18 11:09:59,scan_skipped_same_execution_bar,USDJPY,2025.02.18 10:45:00,0,
2025.02.18 11:19:58,scan_executed_new_execution_bar,USDJPY,2025.02.18 11:00:00,15,
2025.02.18 11:24:59,scan_skipped_same_execution_bar,USDJPY,2025.02.18 11:00:00,0,
2025.02.18 11:34:59,scan_executed_new_execution_bar,USDJPY,2025.02.18 11:15:00,0,
2025.02.18 11:39:59,scan_skipped_same_execution_bar,USDJPY,2025.02.18 11:15:00,0,
2025.02.18 11:49:59,scan_executed_new_execution_bar,USDJPY,2025.02.18 11:30:00,31,
2025.02.18 11:54:59,scan_skipped_same_execution_bar,USDJPY,2025.02.18 11:30:00,0,
2025.02.18 12:04:59,scan_executed_new_execution_bar,USDJPY,2025.02.18 11:45:00,16,
2025.02.18 12:09:59,scan_skipped_same_execution_bar,USDJPY,2025.02.18 11:45:00,0,
2025.02.18 12:19:59,scan_executed_new_execution_bar,USDJPY,2025.02.18 12:00:00,15,
2025.02.18 12:24:59,scan_skipped_same_execution_bar,USDJPY,2025.02.18 12:00:00,0,
2025.02.18 12:34:59,scan_executed_new_execution_bar,USDJPY,2025.02.18 12:15:00,0,
2025.02.18 12:39:59,scan_skipped_same_execution_bar,USDJPY,2025.02.18 12:15:00,0,
2025.02.18 12:49:59,scan_executed_new_execution_bar,USDJPY,2025.02.18 12:30:00,16,
2025.02.18 12:54:59,scan_skipped_same_execution_bar,USDJPY,2025.02.18 12:30:00,0,
2025.02.18 13:04:59,scan_executed_new_execution_bar,USDJPY,2025.02.18 12:45:00,0,
2025.02.18 13:09:59,scan_skipped_same_execution_bar,USDJPY,2025.02.18 12:45:00,0,
2025.02.18 13:19:59,scan_executed_new_execution_bar,USDJPY,2025.02.18 13:00:00,0,
2025.02.18 13:24:58,scan_skipped_same_execution_bar,USDJPY,2025.02.18 13:00:00,0,
2025.02.18 13:35:00,scan_executed_new_execution_bar,USDJPY,2025.02.18 13:15:00,0,
2025.02.18 13:39:59,scan_skipped_same_execution_bar,USDJPY,2025.02.18 13:15:00,0,
2025.02.18 13:49:59,scan_executed_new_execution_bar,USDJPY,2025.02.18 13:30:00,0,
2025.02.18 13:54:59,scan_skipped_same_execution_bar,USDJPY,2025.02.18 13:30:00,0,
2025.02.18 14:04:59,scan_executed_new_execution_bar,USDJPY,2025.02.18 13:45:00,0,
2025.02.18 14:09:59,scan_skipped_same_execution_bar,USDJPY,2025.02.18 13:45:00,0,
2025.02.18 14:19:59,scan_executed_new_execution_bar,USDJPY,2025.02.18 14:00:00,0,
2025.02.18 14:24:59,scan_skipped_same_execution_bar,USDJPY,2025.02.18 14:00:00,0,
2025.02.18 14:34:59,scan_executed_new_execution_bar,USDJPY,2025.02.18 14:15:00,0,
2025.02.18 14:39:59,scan_skipped_same_execution_bar,USDJPY,2025.02.18 14:15:00,0,
2025.02.18 14:49:59,scan_executed_new_execution_bar,USDJPY,2025.02.18 14:30:00,0,
2025.02.18 14:54:59,scan_skipped_same_execution_bar,USDJPY,2025.02.18 14:30:00,0,
2025.02.18 15:04:59,scan_executed_new_execution_bar,USDJPY,2025.02.18 14:45:00,0,
2025.02.18 15:09:59,scan_skipped_same_execution_bar,USDJPY,2025.02.18 14:45:00,0,
2025.02.18 15:19:59,scan_executed_new_execution_bar,USDJPY,2025.02.18 15:00:00,0,
2025.02.18 15:24:59,scan_skipped_same_execution_bar,USDJPY,2025.02.18 15:00:00,0,
2025.02.18 15:34:59,scan_executed_new_execution_bar,USDJPY,2025.02.18 15:15:00,0,
2025.02.18 15:39:59,scan_skipped_same_execution_bar,USDJPY,2025.02.18 15:15:00,0,
2025.02.18 15:49:59,scan_executed_new_execution_bar,USDJPY,2025.02.18 15:30:00,0,
2025.02.18 15:54:59,scan_skipped_same_execution_bar,USDJPY,2025.02.18 15:30:00,0,
2025.02.18 16:05:00,scan_executed_new_execution_bar,USDJPY,2025.02.18 15:45:00,0,
2025.02.18 16:09:59,scan_skipped_same_execution_bar,USDJPY,2025.02.18 15:45:00,0,
2025.02.18 16:19:59,scan_executed_new_execution_bar,USDJPY,2025.02.18 16:00:00,0,
2025.02.18 16:25:00,scan_skipped_same_execution_bar,USDJPY,2025.02.18 16:00:00,0,
2025.02.18 16:34:59,scan_executed_new_execution_bar,USDJPY,2025.02.18 16:15:00,0,
2025.02.18 16:39:59,scan_skipped_same_execution_bar,USDJPY,2025.02.18 16:15:00,0,
2025.02.18 16:49:59,scan_executed_new_execution_bar,USDJPY,2025.02.18 16:30:00,0,
2025.02.18 16:54:59,scan_skipped_same_execution_bar,USDJPY,2025.02.18 16:30:00,0,
2025.02.18 17:04:59,scan_executed_new_execution_bar,USDJPY,2025.02.18 16:45:00,0,
2025.02.18 17:09:59,scan_skipped_same_execution_bar,USDJPY,2025.02.18 16:45:00,0,
2025.02.18 17:19:59,scan_executed_new_execution_bar,USDJPY,2025.02.18 17:00:00,0,
2025.02.18 17:24:59,scan_skipped_same_execution_bar,USDJPY,2025.02.18 17:00:00,0,
2025.02.18 17:34:59,scan_executed_new_execution_bar,USDJPY,2025.02.18 17:15:00,0,
2025.02.18 17:39:59,scan_skipped_same_execution_bar,USDJPY,2025.02.18 17:15:00,0,
2025.02.18 17:49:59,scan_executed_new_execution_bar,USDJPY,2025.02.18 17:30:00,0,
2025.02.18 17:54:59,scan_skipped_same_execution_bar,USDJPY,2025.02.18 17:30:00,0,
2025.02.18 18:04:59,scan_executed_new_execution_bar,USDJPY,2025.02.18 17:45:00,0,
2025.02.18 18:09:59,scan_skipped_same_execution_bar,USDJPY,2025.02.18 17:45:00,0,
2025.02.18 18:19:59,scan_executed_new_execution_bar,USDJPY,2025.02.18 18:00:00,0,
2025.02.18 18:24:59,scan_skipped_same_execution_bar,USDJPY,2025.02.18 18:00:00,0,
2025.02.18 18:34:59,scan_executed_new_execution_bar,USDJPY,2025.02.18 18:15:00,0,
2025.02.18 18:39:59,scan_skipped_same_execution_bar,USDJPY,2025.02.18 18:15:00,0,
2025.02.18 18:49:59,scan_executed_new_execution_bar,USDJPY,2025.02.18 18:30:00,0,
2025.02.18 18:54:59,scan_skipped_same_execution_bar,USDJPY,2025.02.18 18:30:00,0,
2025.02.18 19:04:59,scan_executed_new_execution_bar,USDJPY,2025.02.18 18:45:00,0,
2025.02.18 19:09:59,scan_skipped_same_execution_bar,USDJPY,2025.02.18 18:45:00,0,
2025.02.18 19:19:59,scan_executed_new_execution_bar,USDJPY,2025.02.18 19:00:00,0,
2025.02.18 19:24:59,scan_skipped_same_execution_bar,USDJPY,2025.02.18 19:00:00,0,
2025.02.18 19:34:59,scan_executed_new_execution_bar,USDJPY,2025.02.18 19:15:00,0,
2025.02.18 19:39:59,scan_skipped_same_execution_bar,USDJPY,2025.02.18 19:15:00,0,
2025.02.18 19:49:59,scan_executed_new_execution_bar,USDJPY,2025.02.18 19:30:00,0,
2025.02.18 19:54:59,scan_skipped_same_execution_bar,USDJPY,2025.02.18 19:30:00,0,
2025.02.18 20:04:59,scan_executed_new_execution_bar,USDJPY,2025.02.18 19:45:00,0,
2025.02.18 20:09:58,scan_skipped_same_execution_bar,USDJPY,2025.02.18 19:45:00,0,
2025.02.18 20:19:59,scan_executed_new_execution_bar,USDJPY,2025.02.18 20:00:00,0,
2025.02.18 20:24:59,scan_skipped_same_execution_bar,USDJPY,2025.02.18 20:00:00,0,
2025.02.18 20:34:59,scan_executed_new_execution_bar,USDJPY,2025.02.18 20:15:00,0,
2025.02.18 20:39:59,scan_skipped_same_execution_bar,USDJPY,2025.02.18 20:15:00,0,
2025.02.18 20:49:59,scan_executed_new_execution_bar,USDJPY,2025.02.18 20:30:00,0,
2025.02.18 20:54:57,scan_skipped_same_execution_bar,USDJPY,2025.02.18 20:30:00,0,
2025.02.18 21:04:59,scan_executed_new_execution_bar,USDJPY,2025.02.18 20:45:00,0,
2025.02.18 21:09:59,scan_skipped_same_execution_bar,USDJPY,2025.02.18 20:45:00,0,
2025.02.18 21:19:59,scan_executed_new_execution_bar,USDJPY,2025.02.18 21:00:00,0,
2025.02.18 21:25:00,scan_skipped_same_execution_bar,USDJPY,2025.02.18 21:00:00,0,
2025.02.18 21:34:59,scan_executed_new_execution_bar,USDJPY,2025.02.18 21:15:00,16,
2025.02.18 21:39:59,scan_skipped_same_execution_bar,USDJPY,2025.02.18 21:15:00,0,
2025.02.18 21:49:59,scan_executed_new_execution_bar,USDJPY,2025.02.18 21:30:00,15,
2025.02.18 21:54:59,scan_skipped_same_execution_bar,USDJPY,2025.02.18 21:30:00,0,
2025.02.18 22:04:59,scan_executed_new_execution_bar,USDJPY,2025.02.18 21:45:00,0,
2025.02.18 22:09:59,scan_skipped_same_execution_bar,USDJPY,2025.02.18 21:45:00,0,
2025.02.18 22:19:59,scan_executed_new_execution_bar,USDJPY,2025.02.18 22:00:00,0,
2025.02.18 22:24:59,scan_skipped_same_execution_bar,USDJPY,2025.02.18 22:00:00,0,
2025.02.18 22:34:58,scan_executed_new_execution_bar,USDJPY,2025.02.18 22:15:00,0,
2025.02.18 22:39:59,scan_skipped_same_execution_bar,USDJPY,2025.02.18 22:15:00,0,
2025.02.18 22:49:59,scan_executed_new_execution_bar,USDJPY,2025.02.18 22:30:00,0,
2025.02.18 22:54:59,scan_skipped_same_execution_bar,USDJPY,2025.02.18 22:30:00,0,
2025.02.18 23:04:59,scan_executed_new_execution_bar,USDJPY,2025.02.18 22:45:00,0,
2025.02.18 23:09:59,scan_skipped_same_execution_bar,USDJPY,2025.02.18 22:45:00,0,
2025.02.18 23:19:59,scan_executed_new_execution_bar,USDJPY,2025.02.18 23:00:00,0,
2025.02.18 23:24:58,scan_skipped_same_execution_bar,USDJPY,2025.02.18 23:00:00,0,
2025.02.18 23:34:59,scan_executed_new_execution_bar,USDJPY,2025.02.18 23:15:00,0,
2025.02.18 23:39:55,scan_skipped_same_execution_bar,USDJPY,2025.02.18 23:15:00,0,
2025.02.18 23:49:59,scan_executed_new_execution_bar,USDJPY,2025.02.18 23:30:00,15,
2025.02.18 23:54:59,scan_skipped_same_execution_bar,USDJPY,2025.02.18 23:30:00,0,
2025.02.19 00:04:59,scan_executed_new_execution_bar,USDJPY,2025.02.18 23:45:00,0,
2025.02.19 00:09:59,scan_skipped_same_execution_bar,USDJPY,2025.02.18 23:45:00,0,
2025.02.19 00:19:58,scan_executed_new_execution_bar,USDJPY,2025.02.19 00:00:00,0,
2025.02.19 00:24:53,scan_skipped_same_execution_bar,USDJPY,2025.02.19 00:00:00,0,
2025.02.19 00:34:59,scan_executed_new_execution_bar,USDJPY,2025.02.19 00:15:00,0,
2025.02.19 00:39:59,scan_skipped_same_execution_bar,USDJPY,2025.02.19 00:15:00,0,
2025.02.19 00:49:59,scan_executed_new_execution_bar,USDJPY,2025.02.19 00:30:00,0,
2025.02.19 00:54:58,scan_skipped_same_execution_bar,USDJPY,2025.02.19 00:30:00,0,
2025.02.19 01:04:59,scan_executed_new_execution_bar,USDJPY,2025.02.19 00:45:00,0,
2025.02.19 01:09:59,scan_skipped_same_execution_bar,USDJPY,2025.02.19 00:45:00,0,
2025.02.19 01:19:59,scan_executed_new_execution_bar,USDJPY,2025.02.19 01:00:00,16,
2025.02.19 01:24:59,scan_skipped_same_execution_bar,USDJPY,2025.02.19 01:00:00,0,
2025.02.19 01:34:56,scan_executed_new_execution_bar,USDJPY,2025.02.19 01:15:00,0,
2025.02.19 01:39:59,scan_skipped_same_execution_bar,USDJPY,2025.02.19 01:15:00,0,
2025.02.19 01:49:53,scan_executed_new_execution_bar,USDJPY,2025.02.19 01:30:00,0,
2025.02.19 01:54:59,scan_skipped_same_execution_bar,USDJPY,2025.02.19 01:30:00,0,
2025.02.19 02:04:59,scan_executed_new_execution_bar,USDJPY,2025.02.19 01:45:00,0,
2025.02.19 02:09:59,scan_skipped_same_execution_bar,USDJPY,2025.02.19 01:45:00,0,
2025.02.19 02:19:59,scan_executed_new_execution_bar,USDJPY,2025.02.19 02:00:00,0,
2025.02.19 02:24:59,scan_skipped_same_execution_bar,USDJPY,2025.02.19 02:00:00,0,
2025.02.19 02:34:59,scan_executed_new_execution_bar,USDJPY,2025.02.19 02:15:00,0,
2025.02.19 02:39:59,scan_skipped_same_execution_bar,USDJPY,2025.02.19 02:15:00,0,
2025.02.19 02:49:59,scan_executed_new_execution_bar,USDJPY,2025.02.19 02:30:00,0,
2025.02.19 02:54:59,scan_skipped_same_execution_bar,USDJPY,2025.02.19 02:30:00,0,
2025.02.19 03:04:59,scan_executed_new_execution_bar,USDJPY,2025.02.19 02:45:00,0,
2025.02.19 03:09:59,scan_skipped_same_execution_bar,USDJPY,2025.02.19 02:45:00,0,
2025.02.19 03:19:59,scan_executed_new_execution_bar,USDJPY,2025.02.19 03:00:00,0,
2025.02.19 03:24:59,scan_skipped_same_execution_bar,USDJPY,2025.02.19 03:00:00,0,
2025.02.19 03:34:59,scan_executed_new_execution_bar,USDJPY,2025.02.19 03:15:00,16,
2025.02.19 03:39:59,scan_skipped_same_execution_bar,USDJPY,2025.02.19 03:15:00,0,
2025.02.19 03:49:59,scan_executed_new_execution_bar,USDJPY,2025.02.19 03:30:00,0,
2025.02.19 03:54:59,scan_skipped_same_execution_bar,USDJPY,2025.02.19 03:30:00,0,
2025.02.19 04:04:59,scan_executed_new_execution_bar,USDJPY,2025.02.19 03:45:00,0,
2025.02.19 04:09:59,scan_skipped_same_execution_bar,USDJPY,2025.02.19 03:45:00,0,
2025.02.19 04:19:59,scan_executed_new_execution_bar,USDJPY,2025.02.19 04:00:00,0,
2025.02.19 04:24:59,scan_skipped_same_execution_bar,USDJPY,2025.02.19 04:00:00,0,
2025.02.19 04:34:59,scan_executed_new_execution_bar,USDJPY,2025.02.19 04:15:00,63,
2025.02.19 04:39:59,scan_skipped_same_execution_bar,USDJPY,2025.02.19 04:15:00,0,
2025.02.19 04:49:59,scan_executed_new_execution_bar,USDJPY,2025.02.19 04:30:00,0,
2025.02.19 04:54:58,scan_skipped_same_execution_bar,USDJPY,2025.02.19 04:30:00,0,
2025.02.19 05:04:59,scan_executed_new_execution_bar,USDJPY,2025.02.19 04:45:00,0,
2025.02.19 05:09:59,scan_skipped_same_execution_bar,USDJPY,2025.02.19 04:45:00,0,
2025.02.19 05:19:59,scan_executed_new_execution_bar,USDJPY,2025.02.19 05:00:00,16,
2025.02.19 05:24:59,scan_skipped_same_execution_bar,USDJPY,2025.02.19 05:00:00,0,
2025.02.19 05:34:59,scan_executed_new_execution_bar,USDJPY,2025.02.19 05:15:00,0,
2025.02.19 05:39:59,scan_skipped_same_execution_bar,USDJPY,2025.02.19 05:15:00,0,
2025.02.19 05:49:59,scan_executed_new_execution_bar,USDJPY,2025.02.19 05:30:00,16,
2025.02.19 05:54:59,scan_skipped_same_execution_bar,USDJPY,2025.02.19 05:30:00,0,
2025.02.19 06:04:59,scan_executed_new_execution_bar,USDJPY,2025.02.19 05:45:00,47,
2025.02.19 06:09:58,scan_skipped_same_execution_bar,USDJPY,2025.02.19 05:45:00,0,
2025.02.19 06:19:59,scan_executed_new_execution_bar,USDJPY,2025.02.19 06:00:00,31,
2025.02.19 06:24:59,scan_skipped_same_execution_bar,USDJPY,2025.02.19 06:00:00,0,
2025.02.19 06:34:59,scan_executed_new_execution_bar,USDJPY,2025.02.19 06:15:00,47,
2025.02.19 06:39:59,scan_skipped_same_execution_bar,USDJPY,2025.02.19 06:15:00,0,
2025.02.19 06:49:59,scan_executed_new_execution_bar,USDJPY,2025.02.19 06:30:00,0,
2025.02.19 06:54:59,scan_skipped_same_execution_bar,USDJPY,2025.02.19 06:30:00,0,
2025.02.19 07:04:58,scan_executed_new_execution_bar,USDJPY,2025.02.19 06:45:00,0,
2025.02.19 07:09:59,scan_skipped_same_execution_bar,USDJPY,2025.02.19 06:45:00,0,
2025.02.19 07:19:59,scan_executed_new_execution_bar,USDJPY,2025.02.19 07:00:00,31,
2025.02.19 07:24:59,scan_skipped_same_execution_bar,USDJPY,2025.02.19 07:00:00,0,
2025.02.19 07:34:59,scan_executed_new_execution_bar,USDJPY,2025.02.19 07:15:00,0,
2025.02.19 07:39:59,scan_skipped_same_execution_bar,USDJPY,2025.02.19 07:15:00,0,
2025.02.19 07:49:59,scan_executed_new_execution_bar,USDJPY,2025.02.19 07:30:00,0,
2025.02.19 07:54:59,scan_skipped_same_execution_bar,USDJPY,2025.02.19 07:30:00,0,
2025.02.19 08:04:59,scan_executed_new_execution_bar,USDJPY,2025.02.19 07:45:00,0,
2025.02.19 08:09:59,scan_skipped_same_execution_bar,USDJPY,2025.02.19 07:45:00,0,
2025.02.19 08:19:59,scan_executed_new_execution_bar,USDJPY,2025.02.19 08:00:00,0,
2025.02.19 08:24:59,scan_skipped_same_execution_bar,USDJPY,2025.02.19 08:00:00,0,
2025.02.19 08:34:59,scan_executed_new_execution_bar,USDJPY,2025.02.19 08:15:00,0,
2025.02.19 08:39:59,scan_skipped_same_execution_bar,USDJPY,2025.02.19 08:15:00,0,
2025.02.19 08:49:59,scan_executed_new_execution_bar,USDJPY,2025.02.19 08:30:00,0,
2025.02.19 08:54:59,scan_skipped_same_execution_bar,USDJPY,2025.02.19 08:30:00,0,
2025.02.19 09:04:59,scan_executed_new_execution_bar,USDJPY,2025.02.19 08:45:00,0,
2025.02.19 09:09:58,scan_skipped_same_execution_bar,USDJPY,2025.02.19 08:45:00,0,
2025.02.19 09:19:59,scan_executed_new_execution_bar,USDJPY,2025.02.19 09:00:00,15,
2025.02.19 09:24:59,scan_skipped_same_execution_bar,USDJPY,2025.02.19 09:00:00,0,
2025.02.19 09:34:59,scan_executed_new_execution_bar,USDJPY,2025.02.19 09:15:00,16,
2025.02.19 09:39:59,scan_skipped_same_execution_bar,USDJPY,2025.02.19 09:15:00,0,
2025.02.19 09:49:59,scan_executed_new_execution_bar,USDJPY,2025.02.19 09:30:00,0,
2025.02.19 09:54:59,scan_skipped_same_execution_bar,USDJPY,2025.02.19 09:30:00,0,
2025.02.19 10:04:59,scan_executed_new_execution_bar,USDJPY,2025.02.19 09:45:00,0,
2025.02.19 10:09:59,scan_skipped_same_execution_bar,USDJPY,2025.02.19 09:45:00,0,
2025.02.19 10:19:59,scan_executed_new_execution_bar,USDJPY,2025.02.19 10:00:00,0,
2025.02.19 10:24:59,scan_skipped_same_execution_bar,USDJPY,2025.02.19 10:00:00,0,
2025.02.19 10:34:59,scan_executed_new_execution_bar,USDJPY,2025.02.19 10:15:00,0,
2025.02.19 10:39:59,scan_skipped_same_execution_bar,USDJPY,2025.02.19 10:15:00,0,
2025.02.19 10:50:00,scan_executed_new_execution_bar,USDJPY,2025.02.19 10:30:00,0,
2025.02.19 10:54:58,scan_skipped_same_execution_bar,USDJPY,2025.02.19 10:30:00,0,
2025.02.19 11:04:59,scan_executed_new_execution_bar,USDJPY,2025.02.19 10:45:00,0,
2025.02.19 11:09:59,scan_skipped_same_execution_bar,USDJPY,2025.02.19 10:45:00,0,
2025.02.19 11:19:59,scan_executed_new_execution_bar,USDJPY,2025.02.19 11:00:00,32,
2025.02.19 11:24:59,scan_skipped_same_execution_bar,USDJPY,2025.02.19 11:00:00,0,
2025.02.19 11:34:59,scan_executed_new_execution_bar,USDJPY,2025.02.19 11:15:00,0,
2025.02.19 11:39:59,scan_skipped_same_execution_bar,USDJPY,2025.02.19 11:15:00,0,
2025.02.19 11:49:59,scan_executed_new_execution_bar,USDJPY,2025.02.19 11:30:00,0,
2025.02.19 11:54:59,scan_skipped_same_execution_bar,USDJPY,2025.02.19 11:30:00,0,
2025.02.19 12:04:59,scan_executed_new_execution_bar,USDJPY,2025.02.19 11:45:00,16,
2025.02.19 12:09:59,scan_skipped_same_execution_bar,USDJPY,2025.02.19 11:45:00,0,
2025.02.19 12:19:59,scan_executed_new_execution_bar,USDJPY,2025.02.19 12:00:00,16,
2025.02.19 12:24:59,scan_skipped_same_execution_bar,USDJPY,2025.02.19 12:00:00,0,
2025.02.19 12:34:59,scan_executed_new_execution_bar,USDJPY,2025.02.19 12:15:00,0,
2025.02.19 12:40:00,scan_skipped_same_execution_bar,USDJPY,2025.02.19 12:15:00,0,
2025.02.19 12:49:59,scan_executed_new_execution_bar,USDJPY,2025.02.19 12:30:00,0,
2025.02.19 12:54:59,scan_skipped_same_execution_bar,USDJPY,2025.02.19 12:30:00,0,
2025.02.19 13:04:59,scan_executed_new_execution_bar,USDJPY,2025.02.19 12:45:00,15,
2025.02.19 13:09:59,scan_skipped_same_execution_bar,USDJPY,2025.02.19 12:45:00,0,
2025.02.19 13:19:59,scan_executed_new_execution_bar,USDJPY,2025.02.19 13:00:00,0,
2025.02.19 13:24:59,scan_skipped_same_execution_bar,USDJPY,2025.02.19 13:00:00,0,
2025.02.19 13:34:59,scan_executed_new_execution_bar,USDJPY,2025.02.19 13:15:00,0,
2025.02.19 13:39:59,scan_skipped_same_execution_bar,USDJPY,2025.02.19 13:15:00,0,
2025.02.19 13:49:59,scan_executed_new_execution_bar,USDJPY,2025.02.19 13:30:00,0,
2025.02.19 13:54:59,scan_skipped_same_execution_bar,USDJPY,2025.02.19 13:30:00,0,
2025.02.19 14:04:59,scan_executed_new_execution_bar,USDJPY,2025.02.19 13:45:00,0,
2025.02.19 14:09:59,scan_skipped_same_execution_bar,USDJPY,2025.02.19 13:45:00,0,
2025.02.19 14:19:59,scan_executed_new_execution_bar,USDJPY,2025.02.19 14:00:00,0,
2025.02.19 14:24:59,scan_skipped_same_execution_bar,USDJPY,2025.02.19 14:00:00,0,
2025.02.19 14:34:59,scan_executed_new_execution_bar,USDJPY,2025.02.19 14:15:00,0,
2025.02.19 14:39:59,scan_skipped_same_execution_bar,USDJPY,2025.02.19 14:15:00,0,
2025.02.19 14:49:59,scan_executed_new_execution_bar,USDJPY,2025.02.19 14:30:00,15,
2025.02.19 14:54:59,scan_skipped_same_execution_bar,USDJPY,2025.02.19 14:30:00,0,
2025.02.19 15:04:59,scan_executed_new_execution_bar,USDJPY,2025.02.19 14:45:00,0,
2025.02.19 15:09:59,scan_skipped_same_execution_bar,USDJPY,2025.02.19 14:45:00,0,
2025.02.19 15:19:59,scan_executed_new_execution_bar,USDJPY,2025.02.19 15:00:00,0,
2025.02.19 15:24:59,scan_skipped_same_execution_bar,USDJPY,2025.02.19 15:00:00,0,
2025.02.19 15:34:59,scan_executed_new_execution_bar,USDJPY,2025.02.19 15:15:00,0,
2025.02.19 15:39:59,scan_skipped_same_execution_bar,USDJPY,2025.02.19 15:15:00,0,
2025.02.19 15:49:59,scan_executed_new_execution_bar,USDJPY,2025.02.19 15:30:00,0,
2025.02.19 15:54:59,scan_skipped_same_execution_bar,USDJPY,2025.02.19 15:30:00,0,
2025.02.19 16:04:59,scan_executed_new_execution_bar,USDJPY,2025.02.19 15:45:00,0,
2025.02.19 16:09:59,scan_skipped_same_execution_bar,USDJPY,2025.02.19 15:45:00,0,
2025.02.19 16:19:59,scan_executed_new_execution_bar,USDJPY,2025.02.19 16:00:00,0,
2025.02.19 16:24:59,scan_skipped_same_execution_bar,USDJPY,2025.02.19 16:00:00,0,
2025.02.19 16:34:59,scan_executed_new_execution_bar,USDJPY,2025.02.19 16:15:00,0,
2025.02.19 16:39:59,scan_skipped_same_execution_bar,USDJPY,2025.02.19 16:15:00,0,
2025.02.19 16:49:59,scan_executed_new_execution_bar,USDJPY,2025.02.19 16:30:00,0,
2025.02.19 16:54:59,scan_skipped_same_execution_bar,USDJPY,2025.02.19 16:30:00,0,
2025.02.19 17:04:59,scan_executed_new_execution_bar,USDJPY,2025.02.19 16:45:00,0,
2025.02.19 17:09:59,scan_skipped_same_execution_bar,USDJPY,2025.02.19 16:45:00,0,
2025.02.19 17:19:59,scan_executed_new_execution_bar,USDJPY,2025.02.19 17:00:00,31,
2025.02.19 17:24:59,scan_skipped_same_execution_bar,USDJPY,2025.02.19 17:00:00,0,
2025.02.19 17:34:59,scan_executed_new_execution_bar,USDJPY,2025.02.19 17:15:00,0,
2025.02.19 17:39:59,scan_skipped_same_execution_bar,USDJPY,2025.02.19 17:15:00,0,
2025.02.19 17:49:59,scan_executed_new_execution_bar,USDJPY,2025.02.19 17:30:00,0,
2025.02.19 17:54:59,scan_skipped_same_execution_bar,USDJPY,2025.02.19 17:30:00,0,
2025.02.19 18:04:59,scan_executed_new_execution_bar,USDJPY,2025.02.19 17:45:00,0,
2025.02.19 18:09:59,scan_skipped_same_execution_bar,USDJPY,2025.02.19 17:45:00,0,
2025.02.19 18:19:59,scan_executed_new_execution_bar,USDJPY,2025.02.19 18:00:00,15,
2025.02.19 18:24:59,scan_skipped_same_execution_bar,USDJPY,2025.02.19 18:00:00,0,
2025.02.19 18:34:59,scan_executed_new_execution_bar,USDJPY,2025.02.19 18:15:00,0,
2025.02.19 18:39:59,scan_skipped_same_execution_bar,USDJPY,2025.02.19 18:15:00,0,
2025.02.19 18:49:59,scan_executed_new_execution_bar,USDJPY,2025.02.19 18:30:00,46,
2025.02.19 18:54:56,scan_skipped_same_execution_bar,USDJPY,2025.02.19 18:30:00,0,
2025.02.19 19:04:59,scan_executed_new_execution_bar,USDJPY,2025.02.19 18:45:00,16,
2025.02.19 19:09:58,scan_skipped_same_execution_bar,USDJPY,2025.02.19 18:45:00,0,
2025.02.19 19:19:59,scan_executed_new_execution_bar,USDJPY,2025.02.19 19:00:00,0,
2025.02.19 19:24:59,scan_skipped_same_execution_bar,USDJPY,2025.02.19 19:00:00,0,
2025.02.19 19:34:59,scan_executed_new_execution_bar,USDJPY,2025.02.19 19:15:00,47,
2025.02.19 19:39:59,scan_skipped_same_execution_bar,USDJPY,2025.02.19 19:15:00,0,
2025.02.19 19:49:59,scan_executed_new_execution_bar,USDJPY,2025.02.19 19:30:00,31,
2025.02.19 19:54:59,scan_skipped_same_execution_bar,USDJPY,2025.02.19 19:30:00,0,
2025.02.19 20:04:59,scan_executed_new_execution_bar,USDJPY,2025.02.19 19:45:00,15,
2025.02.19 20:09:59,scan_skipped_same_execution_bar,USDJPY,2025.02.19 19:45:00,0,
2025.02.19 20:19:59,scan_executed_new_execution_bar,USDJPY,2025.02.19 20:00:00,0,
2025.02.19 20:24:59,scan_skipped_same_execution_bar,USDJPY,2025.02.19 20:00:00,0,
2025.02.19 20:34:59,scan_executed_new_execution_bar,USDJPY,2025.02.19 20:15:00,0,
2025.02.19 20:39:59,scan_skipped_same_execution_bar,USDJPY,2025.02.19 20:15:00,0,
2025.02.19 20:49:59,scan_executed_new_execution_bar,USDJPY,2025.02.19 20:30:00,0,
2025.02.19 20:54:59,scan_skipped_same_execution_bar,USDJPY,2025.02.19 20:30:00,0,
2025.02.19 21:04:59,scan_executed_new_execution_bar,USDJPY,2025.02.19 20:45:00,0,
2025.02.19 21:09:59,scan_skipped_same_execution_bar,USDJPY,2025.02.19 20:45:00,0,
2025.02.19 21:19:59,scan_executed_new_execution_bar,USDJPY,2025.02.19 21:00:00,15,
2025.02.19 21:24:59,scan_skipped_same_execution_bar,USDJPY,2025.02.19 21:00:00,0,
2025.02.19 21:34:58,scan_executed_new_execution_bar,USDJPY,2025.02.19 21:15:00,16,
2025.02.19 21:39:59,scan_skipped_same_execution_bar,USDJPY,2025.02.19 21:15:00,0,
2025.02.19 21:49:59,scan_executed_new_execution_bar,USDJPY,2025.02.19 21:30:00,0,
2025.02.19 21:54:59,scan_skipped_same_execution_bar,USDJPY,2025.02.19 21:30:00,0,
2025.02.19 22:04:55,scan_executed_new_execution_bar,USDJPY,2025.02.19 21:45:00,0,
2025.02.19 22:09:58,scan_skipped_same_execution_bar,USDJPY,2025.02.19 21:45:00,0,
2025.02.19 22:19:59,scan_executed_new_execution_bar,USDJPY,2025.02.19 22:00:00,0,
2025.02.19 22:24:59,scan_skipped_same_execution_bar,USDJPY,2025.02.19 22:00:00,0,
2025.02.19 22:34:59,scan_executed_new_execution_bar,USDJPY,2025.02.19 22:15:00,0,
2025.02.19 22:39:59,scan_skipped_same_execution_bar,USDJPY,2025.02.19 22:15:00,0,
2025.02.19 22:49:59,scan_executed_new_execution_bar,USDJPY,2025.02.19 22:30:00,0,
2025.02.19 22:54:59,scan_skipped_same_execution_bar,USDJPY,2025.02.19 22:30:00,0,
2025.02.19 23:04:50,scan_executed_new_execution_bar,USDJPY,2025.02.19 22:45:00,0,
2025.02.19 23:09:59,scan_skipped_same_execution_bar,USDJPY,2025.02.19 22:45:00,0,
2025.02.19 23:19:59,scan_executed_new_execution_bar,USDJPY,2025.02.19 23:00:00,0,
2025.02.19 23:24:57,scan_skipped_same_execution_bar,USDJPY,2025.02.19 23:00:00,0,
2025.02.19 23:34:58,scan_executed_new_execution_bar,USDJPY,2025.02.19 23:15:00,0,
2025.02.19 23:39:59,scan_skipped_same_execution_bar,USDJPY,2025.02.19 23:15:00,0,
2025.02.19 23:49:58,scan_executed_new_execution_bar,USDJPY,2025.02.19 23:30:00,0,
2025.02.19 23:54:59,scan_skipped_same_execution_bar,USDJPY,2025.02.19 23:30:00,0,
2025.02.20 00:04:56,scan_executed_new_execution_bar,USDJPY,2025.02.19 23:45:00,0,
2025.02.20 00:09:59,scan_skipped_same_execution_bar,USDJPY,2025.02.19 23:45:00,0,
2025.02.20 00:19:59,scan_executed_new_execution_bar,USDJPY,2025.02.20 00:00:00,0,
2025.02.20 00:24:59,scan_skipped_same_execution_bar,USDJPY,2025.02.20 00:00:00,0,
2025.02.20 00:34:58,scan_executed_new_execution_bar,USDJPY,2025.02.20 00:15:00,0,
2025.02.20 00:39:54,scan_skipped_same_execution_bar,USDJPY,2025.02.20 00:15:00,0,
2025.02.20 00:49:59,scan_executed_new_execution_bar,USDJPY,2025.02.20 00:30:00,0,
2025.02.20 00:54:57,scan_skipped_same_execution_bar,USDJPY,2025.02.20 00:30:00,0,
2025.02.20 01:04:59,scan_executed_new_execution_bar,USDJPY,2025.02.20 00:45:00,0,
2025.02.20 01:09:58,scan_skipped_same_execution_bar,USDJPY,2025.02.20 00:45:00,0,
2025.02.20 01:19:58,scan_executed_new_execution_bar,USDJPY,2025.02.20 01:00:00,0,
2025.02.20 01:24:58,scan_skipped_same_execution_bar,USDJPY,2025.02.20 01:00:00,0,
2025.02.20 01:34:58,scan_executed_new_execution_bar,USDJPY,2025.02.20 01:15:00,0,
2025.02.20 01:39:59,scan_skipped_same_execution_bar,USDJPY,2025.02.20 01:15:00,0,
2025.02.20 01:49:59,scan_executed_new_execution_bar,USDJPY,2025.02.20 01:30:00,0,
2025.02.20 01:54:59,scan_skipped_same_execution_bar,USDJPY,2025.02.20 01:30:00,0,
2025.02.20 02:04:59,scan_executed_new_execution_bar,USDJPY,2025.02.20 01:45:00,15,
2025.02.20 02:09:59,scan_skipped_same_execution_bar,USDJPY,2025.02.20 01:45:00,0,
2025.02.20 02:19:59,scan_executed_new_execution_bar,USDJPY,2025.02.20 02:00:00,0,
2025.02.20 02:24:59,scan_skipped_same_execution_bar,USDJPY,2025.02.20 02:00:00,0,
2025.02.20 02:34:59,scan_executed_new_execution_bar,USDJPY,2025.02.20 02:15:00,0,
2025.02.20 02:39:59,scan_skipped_same_execution_bar,USDJPY,2025.02.20 02:15:00,0,
2025.02.20 02:49:59,scan_executed_new_execution_bar,USDJPY,2025.02.20 02:30:00,0,
2025.02.20 02:54:59,scan_skipped_same_execution_bar,USDJPY,2025.02.20 02:30:00,0,
2025.02.20 03:04:59,scan_executed_new_execution_bar,USDJPY,2025.02.20 02:45:00,0,
2025.02.20 03:09:59,scan_skipped_same_execution_bar,USDJPY,2025.02.20 02:45:00,0,
2025.02.20 03:19:59,scan_executed_new_execution_bar,USDJPY,2025.02.20 03:00:00,0,
2025.02.20 03:24:59,scan_skipped_same_execution_bar,USDJPY,2025.02.20 03:00:00,0,
2025.02.20 03:34:59,scan_executed_new_execution_bar,USDJPY,2025.02.20 03:15:00,0,
2025.02.20 03:39:59,scan_skipped_same_execution_bar,USDJPY,2025.02.20 03:15:00,0,
2025.02.20 03:49:59,scan_executed_new_execution_bar,USDJPY,2025.02.20 03:30:00,0,
2025.02.20 03:54:59,scan_skipped_same_execution_bar,USDJPY,2025.02.20 03:30:00,0,
2025.02.20 04:04:59,scan_executed_new_execution_bar,USDJPY,2025.02.20 03:45:00,0,
2025.02.20 04:09:59,scan_skipped_same_execution_bar,USDJPY,2025.02.20 03:45:00,0,
2025.02.20 04:19:59,scan_executed_new_execution_bar,USDJPY,2025.02.20 04:00:00,0,
2025.02.20 04:24:59,scan_skipped_same_execution_bar,USDJPY,2025.02.20 04:00:00,0,
2025.02.20 04:34:59,scan_executed_new_execution_bar,USDJPY,2025.02.20 04:15:00,94,
2025.02.20 04:39:59,scan_skipped_same_execution_bar,USDJPY,2025.02.20 04:15:00,0,
2025.02.20 04:49:59,scan_executed_new_execution_bar,USDJPY,2025.02.20 04:30:00,0,
2025.02.20 04:54:59,scan_skipped_same_execution_bar,USDJPY,2025.02.20 04:30:00,0,
2025.02.20 05:04:59,scan_executed_new_execution_bar,USDJPY,2025.02.20 04:45:00,47,
2025.02.20 05:09:59,scan_skipped_same_execution_bar,USDJPY,2025.02.20 04:45:00,0,
2025.02.20 05:19:59,scan_executed_new_execution_bar,USDJPY,2025.02.20 05:00:00,16,
2025.02.20 05:24:59,scan_skipped_same_execution_bar,USDJPY,2025.02.20 05:00:00,0,
2025.02.20 05:34:59,scan_executed_new_execution_bar,USDJPY,2025.02.20 05:15:00,0,
2025.02.20 05:39:59,scan_skipped_same_execution_bar,USDJPY,2025.02.20 05:15:00,0,
2025.02.20 05:49:59,scan_executed_new_execution_bar,USDJPY,2025.02.20 05:30:00,0,
2025.02.20 05:54:59,scan_skipped_same_execution_bar,USDJPY,2025.02.20 05:30:00,0,
2025.02.20 06:04:59,scan_executed_new_execution_bar,USDJPY,2025.02.20 05:45:00,15,
2025.02.20 06:09:58,scan_skipped_same_execution_bar,USDJPY,2025.02.20 05:45:00,0,
2025.02.20 06:19:59,scan_executed_new_execution_bar,USDJPY,2025.02.20 06:00:00,16,
2025.02.20 06:24:59,scan_skipped_same_execution_bar,USDJPY,2025.02.20 06:00:00,0,
2025.02.20 06:34:59,scan_executed_new_execution_bar,USDJPY,2025.02.20 06:15:00,0,
2025.02.20 06:39:59,scan_skipped_same_execution_bar,USDJPY,2025.02.20 06:15:00,0,
2025.02.20 06:49:59,scan_executed_new_execution_bar,USDJPY,2025.02.20 06:30:00,0,
2025.02.20 06:54:59,scan_skipped_same_execution_bar,USDJPY,2025.02.20 06:30:00,0,
2025.02.20 07:04:59,scan_executed_new_execution_bar,USDJPY,2025.02.20 06:45:00,0,
2025.02.20 07:09:59,scan_skipped_same_execution_bar,USDJPY,2025.02.20 06:45:00,0,
2025.02.20 07:19:59,scan_executed_new_execution_bar,USDJPY,2025.02.20 07:00:00,0,
2025.02.20 07:24:59,scan_skipped_same_execution_bar,USDJPY,2025.02.20 07:00:00,0,
2025.02.20 07:34:59,scan_executed_new_execution_bar,USDJPY,2025.02.20 07:15:00,0,
2025.02.20 07:39:59,scan_skipped_same_execution_bar,USDJPY,2025.02.20 07:15:00,0,
2025.02.20 07:49:59,scan_executed_new_execution_bar,USDJPY,2025.02.20 07:30:00,31,
2025.02.20 07:54:59,scan_skipped_same_execution_bar,USDJPY,2025.02.20 07:30:00,0,
2025.02.20 08:04:59,scan_executed_new_execution_bar,USDJPY,2025.02.20 07:45:00,32,
2025.02.20 08:09:59,scan_skipped_same_execution_bar,USDJPY,2025.02.20 07:45:00,0,
2025.02.20 08:19:59,scan_executed_new_execution_bar,USDJPY,2025.02.20 08:00:00,0,
2025.02.20 08:24:59,scan_skipped_same_execution_bar,USDJPY,2025.02.20 08:00:00,0,
2025.02.20 08:34:59,scan_executed_new_execution_bar,USDJPY,2025.02.20 08:15:00,0,
2025.02.20 08:39:59,scan_skipped_same_execution_bar,USDJPY,2025.02.20 08:15:00,0,
2025.02.20 08:49:59,scan_executed_new_execution_bar,USDJPY,2025.02.20 08:30:00,0,
2025.02.20 08:54:59,scan_skipped_same_execution_bar,USDJPY,2025.02.20 08:30:00,0,
2025.02.20 09:04:59,scan_executed_new_execution_bar,USDJPY,2025.02.20 08:45:00,0,
2025.02.20 09:09:59,scan_skipped_same_execution_bar,USDJPY,2025.02.20 08:45:00,0,
2025.02.20 09:19:59,scan_executed_new_execution_bar,USDJPY,2025.02.20 09:00:00,0,
2025.02.20 09:24:59,scan_skipped_same_execution_bar,USDJPY,2025.02.20 09:00:00,0,
2025.02.20 09:34:59,scan_executed_new_execution_bar,USDJPY,2025.02.20 09:15:00,0,
2025.02.20 09:39:59,scan_skipped_same_execution_bar,USDJPY,2025.02.20 09:15:00,0,
2025.02.20 09:49:59,scan_executed_new_execution_bar,USDJPY,2025.02.20 09:30:00,0,
2025.02.20 09:54:59,scan_skipped_same_execution_bar,USDJPY,2025.02.20 09:30:00,0,
2025.02.20 10:04:59,scan_executed_new_execution_bar,USDJPY,2025.02.20 09:45:00,0,
2025.02.20 10:09:59,scan_skipped_same_execution_bar,USDJPY,2025.02.20 09:45:00,0,
2025.02.20 10:19:59,scan_executed_new_execution_bar,USDJPY,2025.02.20 10:00:00,0,
2025.02.20 10:24:59,scan_skipped_same_execution_bar,USDJPY,2025.02.20 10:00:00,0,
2025.02.20 10:34:59,scan_executed_new_execution_bar,USDJPY,2025.02.20 10:15:00,0,
2025.02.20 10:39:59,scan_skipped_same_execution_bar,USDJPY,2025.02.20 10:15:00,0,
2025.02.20 10:49:59,scan_executed_new_execution_bar,USDJPY,2025.02.20 10:30:00,0,
2025.02.20 10:54:59,scan_skipped_same_execution_bar,USDJPY,2025.02.20 10:30:00,0,
2025.02.20 11:04:59,scan_executed_new_execution_bar,USDJPY,2025.02.20 10:45:00,0,
2025.02.20 11:09:59,scan_skipped_same_execution_bar,USDJPY,2025.02.20 10:45:00,0,
2025.02.20 11:19:59,scan_executed_new_execution_bar,USDJPY,2025.02.20 11:00:00,0,
2025.02.20 11:24:59,scan_skipped_same_execution_bar,USDJPY,2025.02.20 11:00:00,0,
2025.02.20 11:34:58,scan_executed_new_execution_bar,USDJPY,2025.02.20 11:15:00,0,
2025.02.20 11:39:59,scan_skipped_same_execution_bar,USDJPY,2025.02.20 11:15:00,0,
2025.02.20 11:49:59,scan_executed_new_execution_bar,USDJPY,2025.02.20 11:30:00,0,
2025.02.20 11:54:59,scan_skipped_same_execution_bar,USDJPY,2025.02.20 11:30:00,0,
2025.02.20 12:04:59,scan_executed_new_execution_bar,USDJPY,2025.02.20 11:45:00,0,
2025.02.20 12:09:59,scan_skipped_same_execution_bar,USDJPY,2025.02.20 11:45:00,0,
2025.02.20 12:19:59,scan_executed_new_execution_bar,USDJPY,2025.02.20 12:00:00,0,
2025.02.20 12:24:59,scan_skipped_same_execution_bar,USDJPY,2025.02.20 12:00:00,0,
2025.02.20 12:34:59,scan_executed_new_execution_bar,USDJPY,2025.02.20 12:15:00,0,
2025.02.20 12:39:59,scan_skipped_same_execution_bar,USDJPY,2025.02.20 12:15:00,0,
2025.02.20 12:49:59,scan_executed_new_execution_bar,USDJPY,2025.02.20 12:30:00,0,
2025.02.20 12:54:59,scan_skipped_same_execution_bar,USDJPY,2025.02.20 12:30:00,0,
2025.02.20 13:04:59,scan_executed_new_execution_bar,USDJPY,2025.02.20 12:45:00,0,
2025.02.20 13:09:59,scan_skipped_same_execution_bar,USDJPY,2025.02.20 12:45:00,0,
2025.02.20 13:20:00,scan_executed_new_execution_bar,USDJPY,2025.02.20 13:00:00,15,
2025.02.20 13:24:59,scan_skipped_same_execution_bar,USDJPY,2025.02.20 13:00:00,0,
2025.02.20 13:34:59,scan_executed_new_execution_bar,USDJPY,2025.02.20 13:15:00,16,
2025.02.20 13:39:59,scan_skipped_same_execution_bar,USDJPY,2025.02.20 13:15:00,0,
2025.02.20 13:49:59,scan_executed_new_execution_bar,USDJPY,2025.02.20 13:30:00,0,
2025.02.20 13:54:59,scan_skipped_same_execution_bar,USDJPY,2025.02.20 13:30:00,0,
2025.02.20 14:04:59,scan_executed_new_execution_bar,USDJPY,2025.02.20 13:45:00,0,
2025.02.20 14:09:59,scan_skipped_same_execution_bar,USDJPY,2025.02.20 13:45:00,0,
2025.02.20 14:19:59,scan_executed_new_execution_bar,USDJPY,2025.02.20 14:00:00,0,
2025.02.20 14:24:59,scan_skipped_same_execution_bar,USDJPY,2025.02.20 14:00:00,0,
2025.02.20 14:34:58,scan_executed_new_execution_bar,USDJPY,2025.02.20 14:15:00,32,
2025.02.20 14:39:59,scan_skipped_same_execution_bar,USDJPY,2025.02.20 14:15:00,0,
2025.02.20 14:49:59,scan_executed_new_execution_bar,USDJPY,2025.02.20 14:30:00,0,
2025.02.20 14:54:59,scan_skipped_same_execution_bar,USDJPY,2025.02.20 14:30:00,0,
2025.02.20 15:05:00,scan_executed_new_execution_bar,USDJPY,2025.02.20 14:45:00,16,
2025.02.20 15:09:59,scan_skipped_same_execution_bar,USDJPY,2025.02.20 14:45:00,0,
2025.02.20 15:19:59,scan_executed_new_execution_bar,USDJPY,2025.02.20 15:00:00,0,
2025.02.20 15:24:59,scan_skipped_same_execution_bar,USDJPY,2025.02.20 15:00:00,0,
2025.02.20 15:34:59,scan_executed_new_execution_bar,USDJPY,2025.02.20 15:15:00,0,
2025.02.20 15:39:59,scan_skipped_same_execution_bar,USDJPY,2025.02.20 15:15:00,0,
2025.02.20 15:49:59,scan_executed_new_execution_bar,USDJPY,2025.02.20 15:30:00,31,
2025.02.20 15:54:59,scan_skipped_same_execution_bar,USDJPY,2025.02.20 15:30:00,0,
2025.02.20 16:04:59,scan_executed_new_execution_bar,USDJPY,2025.02.20 15:45:00,16,
2025.02.20 16:09:59,scan_skipped_same_execution_bar,USDJPY,2025.02.20 15:45:00,0,
2025.02.20 16:19:59,scan_executed_new_execution_bar,USDJPY,2025.02.20 16:00:00,16,
2025.02.20 16:24:59,scan_skipped_same_execution_bar,USDJPY,2025.02.20 16:00:00,0,
2025.02.20 16:34:59,scan_executed_new_execution_bar,USDJPY,2025.02.20 16:15:00,0,
2025.02.20 16:39:59,scan_skipped_same_execution_bar,USDJPY,2025.02.20 16:15:00,0,
2025.02.20 16:49:59,scan_executed_new_execution_bar,USDJPY,2025.02.20 16:30:00,0,
2025.02.20 16:54:59,scan_skipped_same_execution_bar,USDJPY,2025.02.20 16:30:00,0,
2025.02.20 17:05:00,scan_executed_new_execution_bar,USDJPY,2025.02.20 16:45:00,15,
2025.02.20 17:09:59,scan_skipped_same_execution_bar,USDJPY,2025.02.20 16:45:00,0,
2025.02.20 17:19:59,scan_executed_new_execution_bar,USDJPY,2025.02.20 17:00:00,32,
2025.02.20 17:24:59,scan_skipped_same_execution_bar,USDJPY,2025.02.20 17:00:00,0,
2025.02.20 17:34:59,scan_executed_new_execution_bar,USDJPY,2025.02.20 17:15:00,0,
2025.02.20 17:39:59,scan_skipped_same_execution_bar,USDJPY,2025.02.20 17:15:00,0,
2025.02.20 17:49:59,scan_executed_new_execution_bar,USDJPY,2025.02.20 17:30:00,0,
2025.02.20 17:54:59,scan_skipped_same_execution_bar,USDJPY,2025.02.20 17:30:00,0,
2025.02.20 18:04:59,scan_executed_new_execution_bar,USDJPY,2025.02.20 17:45:00,0,
2025.02.20 18:09:59,scan_skipped_same_execution_bar,USDJPY,2025.02.20 17:45:00,0,
2025.02.20 18:19:59,scan_executed_new_execution_bar,USDJPY,2025.02.20 18:00:00,47,
2025.02.20 18:24:59,scan_skipped_same_execution_bar,USDJPY,2025.02.20 18:00:00,0,
2025.02.20 18:34:59,scan_executed_new_execution_bar,USDJPY,2025.02.20 18:15:00,0,
2025.02.20 18:39:59,scan_skipped_same_execution_bar,USDJPY,2025.02.20 18:15:00,0,
2025.02.20 18:49:59,scan_executed_new_execution_bar,USDJPY,2025.02.20 18:30:00,0,
2025.02.20 18:54:59,scan_skipped_same_execution_bar,USDJPY,2025.02.20 18:30:00,0,
2025.02.20 19:04:59,scan_executed_new_execution_bar,USDJPY,2025.02.20 18:45:00,31,
2025.02.20 19:09:59,scan_skipped_same_execution_bar,USDJPY,2025.02.20 18:45:00,0,
2025.02.20 19:19:59,scan_executed_new_execution_bar,USDJPY,2025.02.20 19:00:00,0,
2025.02.20 19:24:59,scan_skipped_same_execution_bar,USDJPY,2025.02.20 19:00:00,0,
2025.02.20 19:34:59,scan_executed_new_execution_bar,USDJPY,2025.02.20 19:15:00,0,
2025.02.20 19:39:59,scan_skipped_same_execution_bar,USDJPY,2025.02.20 19:15:00,0,
2025.02.20 19:49:59,scan_executed_new_execution_bar,USDJPY,2025.02.20 19:30:00,0,
2025.02.20 19:55:00,scan_skipped_same_execution_bar,USDJPY,2025.02.20 19:30:00,0,
2025.02.20 20:04:58,scan_executed_new_execution_bar,USDJPY,2025.02.20 19:45:00,31,
2025.02.20 20:09:59,scan_skipped_same_execution_bar,USDJPY,2025.02.20 19:45:00,0,
2025.02.20 20:19:59,scan_executed_new_execution_bar,USDJPY,2025.02.20 20:00:00,0,
2025.02.20 20:24:59,scan_skipped_same_execution_bar,USDJPY,2025.02.20 20:00:00,0,
2025.02.20 20:34:59,scan_executed_new_execution_bar,USDJPY,2025.02.20 20:15:00,15,
2025.02.20 20:39:59,scan_skipped_same_execution_bar,USDJPY,2025.02.20 20:15:00,0,
2025.02.20 20:49:59,scan_executed_new_execution_bar,USDJPY,2025.02.20 20:30:00,0,
2025.02.20 20:55:00,scan_skipped_same_execution_bar,USDJPY,2025.02.20 20:30:00,0,
2025.02.20 21:04:59,scan_executed_new_execution_bar,USDJPY,2025.02.20 20:45:00,0,
2025.02.20 21:09:59,scan_skipped_same_execution_bar,USDJPY,2025.02.20 20:45:00,0,
2025.02.20 21:19:59,scan_executed_new_execution_bar,USDJPY,2025.02.20 21:00:00,0,
2025.02.20 21:24:59,scan_skipped_same_execution_bar,USDJPY,2025.02.20 21:00:00,0,
2025.02.20 21:34:57,scan_executed_new_execution_bar,USDJPY,2025.02.20 21:15:00,16,
2025.02.20 21:39:59,scan_skipped_same_execution_bar,USDJPY,2025.02.20 21:15:00,0,
2025.02.20 21:49:59,scan_executed_new_execution_bar,USDJPY,2025.02.20 21:30:00,0,
2025.02.20 21:54:59,scan_skipped_same_execution_bar,USDJPY,2025.02.20 21:30:00,0,
2025.02.20 22:05:00,scan_executed_new_execution_bar,USDJPY,2025.02.20 21:45:00,0,
2025.02.20 22:09:59,scan_skipped_same_execution_bar,USDJPY,2025.02.20 21:45:00,0,
2025.02.20 22:19:56,scan_executed_new_execution_bar,USDJPY,2025.02.20 22:00:00,31,
2025.02.20 22:24:58,scan_skipped_same_execution_bar,USDJPY,2025.02.20 22:00:00,0,
2025.02.20 22:34:58,scan_executed_new_execution_bar,USDJPY,2025.02.20 22:15:00,0,
2025.02.20 22:39:57,scan_skipped_same_execution_bar,USDJPY,2025.02.20 22:15:00,0,
2025.02.20 22:49:59,scan_executed_new_execution_bar,USDJPY,2025.02.20 22:30:00,0,
2025.02.20 22:54:59,scan_skipped_same_execution_bar,USDJPY,2025.02.20 22:30:00,0,
2025.02.20 23:04:59,scan_executed_new_execution_bar,USDJPY,2025.02.20 22:45:00,0,
2025.02.20 23:09:59,scan_skipped_same_execution_bar,USDJPY,2025.02.20 22:45:00,0,
2025.02.20 23:19:58,scan_executed_new_execution_bar,USDJPY,2025.02.20 23:00:00,0,
2025.02.20 23:24:59,scan_skipped_same_execution_bar,USDJPY,2025.02.20 23:00:00,0,
2025.02.20 23:34:59,scan_executed_new_execution_bar,USDJPY,2025.02.20 23:15:00,0,
2025.02.20 23:39:56,scan_skipped_same_execution_bar,USDJPY,2025.02.20 23:15:00,0,
2025.02.20 23:49:59,scan_executed_new_execution_bar,USDJPY,2025.02.20 23:30:00,0,
2025.02.20 23:54:59,scan_skipped_same_execution_bar,USDJPY,2025.02.20 23:30:00,0,
2025.02.21 00:00:00,scan_executed_new_execution_bar,USDJPY,2025.02.20 23:45:00,0,
2025.02.21 00:04:59,scan_skipped_same_execution_bar,USDJPY,2025.02.20 23:45:00,0,
2025.02.21 00:19:59,scan_executed_new_execution_bar,USDJPY,2025.02.21 00:00:00,0,
2025.02.21 00:24:57,scan_skipped_same_execution_bar,USDJPY,2025.02.21 00:00:00,0,
2025.02.21 00:34:56,scan_executed_new_execution_bar,USDJPY,2025.02.21 00:15:00,0,
2025.02.21 00:39:59,scan_skipped_same_execution_bar,USDJPY,2025.02.21 00:15:00,0,
2025.02.21 00:49:59,scan_executed_new_execution_bar,USDJPY,2025.02.21 00:30:00,0,
2025.02.21 00:54:59,scan_skipped_same_execution_bar,USDJPY,2025.02.21 00:30:00,0,
2025.02.21 01:04:59,scan_executed_new_execution_bar,USDJPY,2025.02.21 00:45:00,0,
2025.02.21 01:09:59,scan_skipped_same_execution_bar,USDJPY,2025.02.21 00:45:00,0,
2025.02.21 01:19:59,scan_executed_new_execution_bar,USDJPY,2025.02.21 01:00:00,0,
2025.02.21 01:24:59,scan_skipped_same_execution_bar,USDJPY,2025.02.21 01:00:00,0,
2025.02.21 01:34:59,scan_executed_new_execution_bar,USDJPY,2025.02.21 01:15:00,15,
2025.02.21 01:39:59,scan_skipped_same_execution_bar,USDJPY,2025.02.21 01:15:00,0,
2025.02.21 01:49:59,scan_executed_new_execution_bar,USDJPY,2025.02.21 01:30:00,0,
2025.02.21 01:54:59,scan_skipped_same_execution_bar,USDJPY,2025.02.21 01:30:00,0,
2025.02.21 02:05:00,scan_executed_new_execution_bar,USDJPY,2025.02.21 01:45:00,0,
2025.02.21 02:09:59,scan_skipped_same_execution_bar,USDJPY,2025.02.21 01:45:00,0,
2025.02.21 02:19:59,scan_executed_new_execution_bar,USDJPY,2025.02.21 02:00:00,0,
2025.02.21 02:24:59,scan_skipped_same_execution_bar,USDJPY,2025.02.21 02:00:00,0,
2025.02.21 02:34:59,scan_executed_new_execution_bar,USDJPY,2025.02.21 02:15:00,0,
2025.02.21 02:39:59,scan_skipped_same_execution_bar,USDJPY,2025.02.21 02:15:00,0,
2025.02.21 02:49:59,scan_executed_new_execution_bar,USDJPY,2025.02.21 02:30:00,15,
2025.02.21 02:54:59,scan_skipped_same_execution_bar,USDJPY,2025.02.21 02:30:00,0,
2025.02.21 03:04:59,scan_executed_new_execution_bar,USDJPY,2025.02.21 02:45:00,0,
2025.02.21 03:09:59,scan_skipped_same_execution_bar,USDJPY,2025.02.21 02:45:00,0,
2025.02.21 03:19:59,scan_executed_new_execution_bar,USDJPY,2025.02.21 03:00:00,0,
2025.02.21 03:24:59,scan_skipped_same_execution_bar,USDJPY,2025.02.21 03:00:00,0,
2025.02.21 03:34:59,scan_executed_new_execution_bar,USDJPY,2025.02.21 03:15:00,0,
2025.02.21 03:39:59,scan_skipped_same_execution_bar,USDJPY,2025.02.21 03:15:00,0,
2025.02.21 03:49:59,scan_executed_new_execution_bar,USDJPY,2025.02.21 03:30:00,0,
2025.02.21 03:54:59,scan_skipped_same_execution_bar,USDJPY,2025.02.21 03:30:00,0,
2025.02.21 04:04:59,scan_executed_new_execution_bar,USDJPY,2025.02.21 03:45:00,0,
2025.02.21 04:09:59,scan_skipped_same_execution_bar,USDJPY,2025.02.21 03:45:00,0,
2025.02.21 04:19:59,scan_executed_new_execution_bar,USDJPY,2025.02.21 04:00:00,15,
2025.02.21 04:24:59,scan_skipped_same_execution_bar,USDJPY,2025.02.21 04:00:00,0,
2025.02.21 04:34:59,scan_executed_new_execution_bar,USDJPY,2025.02.21 04:15:00,0,
2025.02.21 04:39:59,scan_skipped_same_execution_bar,USDJPY,2025.02.21 04:15:00,0,
2025.02.21 04:49:59,scan_executed_new_execution_bar,USDJPY,2025.02.21 04:30:00,0,
2025.02.21 04:54:59,scan_skipped_same_execution_bar,USDJPY,2025.02.21 04:30:00,0,
2025.02.21 05:04:59,scan_executed_new_execution_bar,USDJPY,2025.02.21 04:45:00,0,
2025.02.21 05:09:59,scan_skipped_same_execution_bar,USDJPY,2025.02.21 04:45:00,0,
2025.02.21 05:19:59,scan_executed_new_execution_bar,USDJPY,2025.02.21 05:00:00,31,
2025.02.21 05:24:59,scan_skipped_same_execution_bar,USDJPY,2025.02.21 05:00:00,0,
2025.02.21 05:34:59,scan_executed_new_execution_bar,USDJPY,2025.02.21 05:15:00,0,
2025.02.21 05:39:59,scan_skipped_same_execution_bar,USDJPY,2025.02.21 05:15:00,0,
2025.02.21 05:49:59,scan_executed_new_execution_bar,USDJPY,2025.02.21 05:30:00,62,
2025.02.21 05:54:59,scan_skipped_same_execution_bar,USDJPY,2025.02.21 05:30:00,0,
2025.02.21 06:04:59,scan_executed_new_execution_bar,USDJPY,2025.02.21 05:45:00,0,
2025.02.21 06:09:59,scan_skipped_same_execution_bar,USDJPY,2025.02.21 05:45:00,0,
2025.02.21 06:19:59,scan_executed_new_execution_bar,USDJPY,2025.02.21 06:00:00,0,
2025.02.21 06:24:59,scan_skipped_same_execution_bar,USDJPY,2025.02.21 06:00:00,0,
2025.02.21 06:34:59,scan_executed_new_execution_bar,USDJPY,2025.02.21 06:15:00,0,
2025.02.21 06:39:59,scan_skipped_same_execution_bar,USDJPY,2025.02.21 06:15:00,0,
2025.02.21 06:49:59,scan_executed_new_execution_bar,USDJPY,2025.02.21 06:30:00,0,
2025.02.21 06:54:59,scan_skipped_same_execution_bar,USDJPY,2025.02.21 06:30:00,0,
2025.02.21 07:04:59,scan_executed_new_execution_bar,USDJPY,2025.02.21 06:45:00,0,
2025.02.21 07:09:59,scan_skipped_same_execution_bar,USDJPY,2025.02.21 06:45:00,0,
2025.02.21 07:19:59,scan_executed_new_execution_bar,USDJPY,2025.02.21 07:00:00,0,
2025.02.21 07:24:59,scan_skipped_same_execution_bar,USDJPY,2025.02.21 07:00:00,0,
2025.02.21 07:34:59,scan_executed_new_execution_bar,USDJPY,2025.02.21 07:15:00,0,
2025.02.21 07:39:59,scan_skipped_same_execution_bar,USDJPY,2025.02.21 07:15:00,0,
2025.02.21 07:49:59,scan_executed_new_execution_bar,USDJPY,2025.02.21 07:30:00,0,
2025.02.21 07:54:59,scan_skipped_same_execution_bar,USDJPY,2025.02.21 07:30:00,0,
2025.02.21 08:04:59,scan_executed_new_execution_bar,USDJPY,2025.02.21 07:45:00,0,
2025.02.21 08:09:59,scan_skipped_same_execution_bar,USDJPY,2025.02.21 07:45:00,0,
2025.02.21 08:19:59,scan_executed_new_execution_bar,USDJPY,2025.02.21 08:00:00,0,
2025.02.21 08:24:59,scan_skipped_same_execution_bar,USDJPY,2025.02.21 08:00:00,0,
2025.02.21 08:34:59,scan_executed_new_execution_bar,USDJPY,2025.02.21 08:15:00,0,
2025.02.21 08:39:59,scan_skipped_same_execution_bar,USDJPY,2025.02.21 08:15:00,0,
2025.02.21 08:49:59,scan_executed_new_execution_bar,USDJPY,2025.02.21 08:30:00,0,
2025.02.21 08:54:59,scan_skipped_same_execution_bar,USDJPY,2025.02.21 08:30:00,0,
2025.02.21 09:04:59,scan_executed_new_execution_bar,USDJPY,2025.02.21 08:45:00,0,
2025.02.21 09:09:59,scan_skipped_same_execution_bar,USDJPY,2025.02.21 08:45:00,0,
2025.02.21 09:19:59,scan_executed_new_execution_bar,USDJPY,2025.02.21 09:00:00,0,
2025.02.21 09:24:59,scan_skipped_same_execution_bar,USDJPY,2025.02.21 09:00:00,0,
2025.02.21 09:34:59,scan_executed_new_execution_bar,USDJPY,2025.02.21 09:15:00,0,
2025.02.21 09:39:59,scan_skipped_same_execution_bar,USDJPY,2025.02.21 09:15:00,0,
2025.02.21 09:49:59,scan_executed_new_execution_bar,USDJPY,2025.02.21 09:30:00,0,
2025.02.21 09:54:59,scan_skipped_same_execution_bar,USDJPY,2025.02.21 09:30:00,0,
2025.02.21 10:04:59,scan_executed_new_execution_bar,USDJPY,2025.02.21 09:45:00,0,
2025.02.21 10:09:59,scan_skipped_same_execution_bar,USDJPY,2025.02.21 09:45:00,0,
2025.02.21 10:19:59,scan_executed_new_execution_bar,USDJPY,2025.02.21 10:00:00,0,
2025.02.21 10:24:59,scan_skipped_same_execution_bar,USDJPY,2025.02.21 10:00:00,0,
2025.02.21 10:34:59,scan_executed_new_execution_bar,USDJPY,2025.02.21 10:15:00,31,
2025.02.21 10:39:59,scan_skipped_same_execution_bar,USDJPY,2025.02.21 10:15:00,0,
2025.02.21 10:49:59,scan_executed_new_execution_bar,USDJPY,2025.02.21 10:30:00,0,
2025.02.21 10:54:59,scan_skipped_same_execution_bar,USDJPY,2025.02.21 10:30:00,0,
2025.02.21 11:04:59,scan_executed_new_execution_bar,USDJPY,2025.02.21 10:45:00,0,
2025.02.21 11:09:59,scan_skipped_same_execution_bar,USDJPY,2025.02.21 10:45:00,0,
2025.02.21 11:19:59,scan_executed_new_execution_bar,USDJPY,2025.02.21 11:00:00,0,
2025.02.21 11:24:59,scan_skipped_same_execution_bar,USDJPY,2025.02.21 11:00:00,0,
2025.02.21 11:34:59,scan_executed_new_execution_bar,USDJPY,2025.02.21 11:15:00,0,
2025.02.21 11:39:59,scan_skipped_same_execution_bar,USDJPY,2025.02.21 11:15:00,0,
2025.02.21 11:49:59,scan_executed_new_execution_bar,USDJPY,2025.02.21 11:30:00,0,
2025.02.21 11:54:59,scan_skipped_same_execution_bar,USDJPY,2025.02.21 11:30:00,0,
2025.02.21 12:04:59,scan_executed_new_execution_bar,USDJPY,2025.02.21 11:45:00,0,
2025.02.21 12:09:59,scan_skipped_same_execution_bar,USDJPY,2025.02.21 11:45:00,0,
2025.02.21 12:19:58,scan_executed_new_execution_bar,USDJPY,2025.02.21 12:00:00,0,
2025.02.21 12:24:59,scan_skipped_same_execution_bar,USDJPY,2025.02.21 12:00:00,0,
2025.02.21 12:34:59,scan_executed_new_execution_bar,USDJPY,2025.02.21 12:15:00,32,
2025.02.21 12:39:59,scan_skipped_same_execution_bar,USDJPY,2025.02.21 12:15:00,0,
2025.02.21 12:49:59,scan_executed_new_execution_bar,USDJPY,2025.02.21 12:30:00,0,
2025.02.21 12:54:59,scan_skipped_same_execution_bar,USDJPY,2025.02.21 12:30:00,0,
2025.02.21 13:04:58,scan_executed_new_execution_bar,USDJPY,2025.02.21 12:45:00,0,
2025.02.21 13:09:59,scan_skipped_same_execution_bar,USDJPY,2025.02.21 12:45:00,0,
2025.02.21 13:19:59,scan_executed_new_execution_bar,USDJPY,2025.02.21 13:00:00,15,
2025.02.21 13:24:59,scan_skipped_same_execution_bar,USDJPY,2025.02.21 13:00:00,0,
2025.02.21 13:34:58,scan_executed_new_execution_bar,USDJPY,2025.02.21 13:15:00,0,
2025.02.21 13:39:59,scan_skipped_same_execution_bar,USDJPY,2025.02.21 13:15:00,0,
2025.02.21 13:49:59,scan_executed_new_execution_bar,USDJPY,2025.02.21 13:30:00,0,
2025.02.21 13:54:58,scan_skipped_same_execution_bar,USDJPY,2025.02.21 13:30:00,0,
2025.02.21 14:04:59,scan_executed_new_execution_bar,USDJPY,2025.02.21 13:45:00,15,
2025.02.21 14:09:59,scan_skipped_same_execution_bar,USDJPY,2025.02.21 13:45:00,0,
2025.02.21 14:19:59,scan_executed_new_execution_bar,USDJPY,2025.02.21 14:00:00,0,
2025.02.21 14:24:59,scan_skipped_same_execution_bar,USDJPY,2025.02.21 14:00:00,0,
2025.02.21 14:34:59,scan_executed_new_execution_bar,USDJPY,2025.02.21 14:15:00,16,
2025.02.21 14:39:58,scan_skipped_same_execution_bar,USDJPY,2025.02.21 14:15:00,0,
2025.02.21 14:49:59,scan_executed_new_execution_bar,USDJPY,2025.02.21 14:30:00,0,
2025.02.21 14:54:59,scan_skipped_same_execution_bar,USDJPY,2025.02.21 14:30:00,0,
2025.02.21 15:04:59,scan_executed_new_execution_bar,USDJPY,2025.02.21 14:45:00,0,
2025.02.21 15:10:00,scan_skipped_same_execution_bar,USDJPY,2025.02.21 14:45:00,0,
2025.02.21 15:19:59,scan_executed_new_execution_bar,USDJPY,2025.02.21 15:00:00,0,
2025.02.21 15:24:59,scan_skipped_same_execution_bar,USDJPY,2025.02.21 15:00:00,0,
2025.02.21 15:34:59,scan_executed_new_execution_bar,USDJPY,2025.02.21 15:15:00,0,
2025.02.21 15:39:59,scan_skipped_same_execution_bar,USDJPY,2025.02.21 15:15:00,0,
2025.02.21 15:49:59,scan_executed_new_execution_bar,USDJPY,2025.02.21 15:30:00,0,
2025.02.21 15:54:59,scan_skipped_same_execution_bar,USDJPY,2025.02.21 15:30:00,0,
2025.02.21 16:04:59,scan_executed_new_execution_bar,USDJPY,2025.02.21 15:45:00,0,
2025.02.21 16:09:59,scan_skipped_same_execution_bar,USDJPY,2025.02.21 15:45:00,0,
2025.02.21 16:19:59,scan_executed_new_execution_bar,USDJPY,2025.02.21 16:00:00,0,
2025.02.21 16:24:59,scan_skipped_same_execution_bar,USDJPY,2025.02.21 16:00:00,0,
2025.02.21 16:34:59,scan_executed_new_execution_bar,USDJPY,2025.02.21 16:15:00,0,
2025.02.21 16:39:59,scan_skipped_same_execution_bar,USDJPY,2025.02.21 16:15:00,0,
2025.02.21 16:49:59,scan_executed_new_execution_bar,USDJPY,2025.02.21 16:30:00,0,
2025.02.21 16:54:59,scan_skipped_same_execution_bar,USDJPY,2025.02.21 16:30:00,0,
2025.02.21 17:04:59,scan_executed_new_execution_bar,USDJPY,2025.02.21 16:45:00,0,
2025.02.21 17:09:59,scan_skipped_same_execution_bar,USDJPY,2025.02.21 16:45:00,0,
2025.02.21 17:19:59,scan_executed_new_execution_bar,USDJPY,2025.02.21 17:00:00,0,
2025.02.21 17:24:59,scan_skipped_same_execution_bar,USDJPY,2025.02.21 17:00:00,0,
2025.02.21 17:34:59,scan_executed_new_execution_bar,USDJPY,2025.02.21 17:15:00,0,
2025.02.21 17:39:59,scan_skipped_same_execution_bar,USDJPY,2025.02.21 17:15:00,0,
2025.02.21 17:49:59,scan_executed_new_execution_bar,USDJPY,2025.02.21 17:30:00,0,
2025.02.21 17:54:59,scan_skipped_same_execution_bar,USDJPY,2025.02.21 17:30:00,0,
2025.02.21 18:04:59,scan_executed_new_execution_bar,USDJPY,2025.02.21 17:45:00,0,
2025.02.21 18:09:59,scan_skipped_same_execution_bar,USDJPY,2025.02.21 17:45:00,0,
2025.02.21 18:19:59,scan_executed_new_execution_bar,USDJPY,2025.02.21 18:00:00,47,
2025.02.21 18:24:59,scan_skipped_same_execution_bar,USDJPY,2025.02.21 18:00:00,0,
2025.02.21 18:34:59,scan_executed_new_execution_bar,USDJPY,2025.02.21 18:15:00,0,
2025.02.21 18:39:59,scan_skipped_same_execution_bar,USDJPY,2025.02.21 18:15:00,0,
2025.02.21 18:49:58,scan_executed_new_execution_bar,USDJPY,2025.02.21 18:30:00,79,
2025.02.21 18:55:00,scan_skipped_same_execution_bar,USDJPY,2025.02.21 18:30:00,0,
2025.02.21 19:04:59,scan_executed_new_execution_bar,USDJPY,2025.02.21 18:45:00,0,
2025.02.21 19:10:00,scan_skipped_same_execution_bar,USDJPY,2025.02.21 18:45:00,0,
2025.02.21 19:19:59,scan_executed_new_execution_bar,USDJPY,2025.02.21 19:00:00,0,
2025.02.21 19:24:59,scan_skipped_same_execution_bar,USDJPY,2025.02.21 19:00:00,0,
2025.02.21 19:34:59,scan_executed_new_execution_bar,USDJPY,2025.02.21 19:15:00,0,
2025.02.21 19:39:59,scan_skipped_same_execution_bar,USDJPY,2025.02.21 19:15:00,0,
2025.02.21 19:49:59,scan_executed_new_execution_bar,USDJPY,2025.02.21 19:30:00,16,
2025.02.21 19:54:59,scan_skipped_same_execution_bar,USDJPY,2025.02.21 19:30:00,0,
2025.02.21 20:04:59,scan_executed_new_execution_bar,USDJPY,2025.02.21 19:45:00,0,
2025.02.21 20:09:59,scan_skipped_same_execution_bar,USDJPY,2025.02.21 19:45:00,0,
2025.02.21 20:19:59,scan_executed_new_execution_bar,USDJPY,2025.02.21 20:00:00,0,
2025.02.21 20:24:59,scan_skipped_same_execution_bar,USDJPY,2025.02.21 20:00:00,0,
2025.02.21 20:34:59,scan_executed_new_execution_bar,USDJPY,2025.02.21 20:15:00,0,
2025.02.21 20:39:59,scan_skipped_same_execution_bar,USDJPY,2025.02.21 20:15:00,0,
2025.02.21 20:49:59,scan_executed_new_execution_bar,USDJPY,2025.02.21 20:30:00,62,
2025.02.21 20:54:59,scan_skipped_same_execution_bar,USDJPY,2025.02.21 20:30:00,0,
2025.02.21 21:04:59,scan_executed_new_execution_bar,USDJPY,2025.02.21 20:45:00,0,
2025.02.21 21:09:59,scan_skipped_same_execution_bar,USDJPY,2025.02.21 20:45:00,0,
2025.02.21 21:19:59,scan_executed_new_execution_bar,USDJPY,2025.02.21 21:00:00,0,
2025.02.21 21:24:59,scan_skipped_same_execution_bar,USDJPY,2025.02.21 21:00:00,0,
2025.02.21 21:34:59,scan_executed_new_execution_bar,USDJPY,2025.02.21 21:15:00,0,
2025.02.21 21:39:59,scan_skipped_same_execution_bar,USDJPY,2025.02.21 21:15:00,0,
2025.02.21 21:49:59,scan_executed_new_execution_bar,USDJPY,2025.02.21 21:30:00,31,
2025.02.21 21:54:59,scan_skipped_same_execution_bar,USDJPY,2025.02.21 21:30:00,0,
2025.02.21 22:04:59,scan_executed_new_execution_bar,USDJPY,2025.02.21 21:45:00,15,
2025.02.21 22:09:59,scan_skipped_same_execution_bar,USDJPY,2025.02.21 21:45:00,0,
2025.02.21 22:19:59,scan_executed_new_execution_bar,USDJPY,2025.02.21 22:00:00,0,
2025.02.21 22:24:59,scan_skipped_same_execution_bar,USDJPY,2025.02.21 22:00:00,0,
2025.02.21 22:34:59,scan_executed_new_execution_bar,USDJPY,2025.02.21 22:15:00,0,
2025.02.21 22:39:59,scan_skipped_same_execution_bar,USDJPY,2025.02.21 22:15:00,0,
2025.02.21 22:49:59,scan_executed_new_execution_bar,USDJPY,2025.02.21 22:30:00,32,
2025.02.21 22:54:59,scan_skipped_same_execution_bar,USDJPY,2025.02.21 22:30:00,0,
2025.02.21 23:05:00,scan_executed_new_execution_bar,USDJPY,2025.02.21 22:45:00,0,
2025.02.21 23:09:59,scan_skipped_same_execution_bar,USDJPY,2025.02.21 22:45:00,0,
2025.02.21 23:19:59,scan_executed_new_execution_bar,USDJPY,2025.02.21 23:00:00,31,
2025.02.21 23:24:59,scan_skipped_same_execution_bar,USDJPY,2025.02.21 23:00:00,0,
2025.02.21 23:34:59,scan_executed_new_execution_bar,USDJPY,2025.02.21 23:15:00,0,
2025.02.21 23:39:58,scan_skipped_same_execution_bar,USDJPY,2025.02.21 23:15:00,0,
2025.02.21 23:49:59,scan_executed_new_execution_bar,USDJPY,2025.02.21 23:30:00,0,
2025.02.21 23:54:59,scan_skipped_same_execution_bar,USDJPY,2025.02.21 23:30:00,0,
2025.02.24 00:04:58,scan_executed_new_execution_bar,USDJPY,2025.02.21 23:45:00,0,
2025.02.24 00:09:59,scan_skipped_same_execution_bar,USDJPY,2025.02.21 23:45:00,0,
2025.02.24 00:19:59,scan_executed_new_execution_bar,USDJPY,2025.02.24 00:00:00,0,
2025.02.24 00:24:59,scan_skipped_same_execution_bar,USDJPY,2025.02.24 00:00:00,0,
2025.02.24 00:34:59,scan_executed_new_execution_bar,USDJPY,2025.02.24 00:15:00,0,
2025.02.24 00:39:59,scan_skipped_same_execution_bar,USDJPY,2025.02.24 00:15:00,0,
2025.02.24 00:49:59,scan_executed_new_execution_bar,USDJPY,2025.02.24 00:30:00,0,
2025.02.24 00:54:59,scan_skipped_same_execution_bar,USDJPY,2025.02.24 00:30:00,0,
2025.02.24 01:04:59,scan_executed_new_execution_bar,USDJPY,2025.02.24 00:45:00,0,
2025.02.24 01:09:59,scan_skipped_same_execution_bar,USDJPY,2025.02.24 00:45:00,0,
2025.02.24 01:19:59,scan_executed_new_execution_bar,USDJPY,2025.02.24 01:00:00,0,
2025.02.24 01:24:59,scan_skipped_same_execution_bar,USDJPY,2025.02.24 01:00:00,0,
2025.02.24 01:34:59,scan_executed_new_execution_bar,USDJPY,2025.02.24 01:15:00,0,
2025.02.24 01:39:59,scan_skipped_same_execution_bar,USDJPY,2025.02.24 01:15:00,0,
2025.02.24 01:49:59,scan_executed_new_execution_bar,USDJPY,2025.02.24 01:30:00,0,
2025.02.24 01:54:59,scan_skipped_same_execution_bar,USDJPY,2025.02.24 01:30:00,0,
2025.02.24 02:04:59,scan_executed_new_execution_bar,USDJPY,2025.02.24 01:45:00,15,
2025.02.24 02:09:59,scan_skipped_same_execution_bar,USDJPY,2025.02.24 01:45:00,0,
2025.02.24 02:19:59,scan_executed_new_execution_bar,USDJPY,2025.02.24 02:00:00,0,
2025.02.24 02:24:59,scan_skipped_same_execution_bar,USDJPY,2025.02.24 02:00:00,0,
2025.02.24 02:34:59,scan_executed_new_execution_bar,USDJPY,2025.02.24 02:15:00,0,
2025.02.24 02:39:59,scan_skipped_same_execution_bar,USDJPY,2025.02.24 02:15:00,0,
2025.02.24 02:49:59,scan_executed_new_execution_bar,USDJPY,2025.02.24 02:30:00,0,
2025.02.24 02:54:59,scan_skipped_same_execution_bar,USDJPY,2025.02.24 02:30:00,0,
2025.02.24 03:04:59,scan_executed_new_execution_bar,USDJPY,2025.02.24 02:45:00,0,
2025.02.24 03:09:59,scan_skipped_same_execution_bar,USDJPY,2025.02.24 02:45:00,0,
2025.02.24 03:19:59,scan_executed_new_execution_bar,USDJPY,2025.02.24 03:00:00,0,
2025.02.24 03:24:59,scan_skipped_same_execution_bar,USDJPY,2025.02.24 03:00:00,0,
2025.02.24 03:34:59,scan_executed_new_execution_bar,USDJPY,2025.02.24 03:15:00,0,
2025.02.24 03:39:59,scan_skipped_same_execution_bar,USDJPY,2025.02.24 03:15:00,0,
2025.02.24 03:49:59,scan_executed_new_execution_bar,USDJPY,2025.02.24 03:30:00,0,
2025.02.24 03:54:59,scan_skipped_same_execution_bar,USDJPY,2025.02.24 03:30:00,0,
2025.02.24 04:04:59,scan_executed_new_execution_bar,USDJPY,2025.02.24 03:45:00,0,
2025.02.24 04:09:59,scan_skipped_same_execution_bar,USDJPY,2025.02.24 03:45:00,0,
2025.02.24 04:19:59,scan_executed_new_execution_bar,USDJPY,2025.02.24 04:00:00,0,
2025.02.24 04:24:59,scan_skipped_same_execution_bar,USDJPY,2025.02.24 04:00:00,0,
2025.02.24 04:34:59,scan_executed_new_execution_bar,USDJPY,2025.02.24 04:15:00,0,
2025.02.24 04:39:59,scan_skipped_same_execution_bar,USDJPY,2025.02.24 04:15:00,0,
2025.02.24 04:49:59,scan_executed_new_execution_bar,USDJPY,2025.02.24 04:30:00,0,
2025.02.24 04:54:59,scan_skipped_same_execution_bar,USDJPY,2025.02.24 04:30:00,0,
2025.02.24 05:04:59,scan_executed_new_execution_bar,USDJPY,2025.02.24 04:45:00,31,
2025.02.24 05:09:59,scan_skipped_same_execution_bar,USDJPY,2025.02.24 04:45:00,0,
2025.02.24 05:19:59,scan_executed_new_execution_bar,USDJPY,2025.02.24 05:00:00,0,
2025.02.24 05:24:59,scan_skipped_same_execution_bar,USDJPY,2025.02.24 05:00:00,0,
2025.02.24 05:34:59,scan_executed_new_execution_bar,USDJPY,2025.02.24 05:15:00,15,
2025.02.24 05:39:59,scan_skipped_same_execution_bar,USDJPY,2025.02.24 05:15:00,0,
2025.02.24 05:49:59,scan_executed_new_execution_bar,USDJPY,2025.02.24 05:30:00,16,
2025.02.24 05:54:59,scan_skipped_same_execution_bar,USDJPY,2025.02.24 05:30:00,0,
2025.02.24 06:04:59,scan_executed_new_execution_bar,USDJPY,2025.02.24 05:45:00,0,
2025.02.24 06:09:59,scan_skipped_same_execution_bar,USDJPY,2025.02.24 05:45:00,0,
2025.02.24 06:19:59,scan_executed_new_execution_bar,USDJPY,2025.02.24 06:00:00,16,
2025.02.24 06:24:59,scan_skipped_same_execution_bar,USDJPY,2025.02.24 06:00:00,0,
2025.02.24 06:34:59,scan_executed_new_execution_bar,USDJPY,2025.02.24 06:15:00,0,
2025.02.24 06:39:59,scan_skipped_same_execution_bar,USDJPY,2025.02.24 06:15:00,0,
2025.02.24 06:49:59,scan_executed_new_execution_bar,USDJPY,2025.02.24 06:30:00,0,
2025.02.24 06:54:59,scan_skipped_same_execution_bar,USDJPY,2025.02.24 06:30:00,0,
2025.02.24 07:04:59,scan_executed_new_execution_bar,USDJPY,2025.02.24 06:45:00,16,
2025.02.24 07:09:59,scan_skipped_same_execution_bar,USDJPY,2025.02.24 06:45:00,0,
2025.02.24 07:19:59,scan_executed_new_execution_bar,USDJPY,2025.02.24 07:00:00,0,
2025.02.24 07:24:58,scan_skipped_same_execution_bar,USDJPY,2025.02.24 07:00:00,0,
2025.02.24 07:34:59,scan_executed_new_execution_bar,USDJPY,2025.02.24 07:15:00,0,
2025.02.24 07:39:59,scan_skipped_same_execution_bar,USDJPY,2025.02.24 07:15:00,0,
2025.02.24 07:49:59,scan_executed_new_execution_bar,USDJPY,2025.02.24 07:30:00,0,
2025.02.24 07:54:59,scan_skipped_same_execution_bar,USDJPY,2025.02.24 07:30:00,0,
2025.02.24 08:04:59,scan_executed_new_execution_bar,USDJPY,2025.02.24 07:45:00,0,
2025.02.24 08:09:59,scan_skipped_same_execution_bar,USDJPY,2025.02.24 07:45:00,0,
2025.02.24 08:19:59,scan_executed_new_execution_bar,USDJPY,2025.02.24 08:00:00,0,
2025.02.24 08:24:59,scan_skipped_same_execution_bar,USDJPY,2025.02.24 08:00:00,0,
2025.02.24 08:34:59,scan_executed_new_execution_bar,USDJPY,2025.02.24 08:15:00,15,
2025.02.24 08:39:59,scan_skipped_same_execution_bar,USDJPY,2025.02.24 08:15:00,0,
2025.02.24 08:49:59,scan_executed_new_execution_bar,USDJPY,2025.02.24 08:30:00,16,
2025.02.24 08:54:59,scan_skipped_same_execution_bar,USDJPY,2025.02.24 08:30:00,0,
2025.02.24 09:04:59,scan_executed_new_execution_bar,USDJPY,2025.02.24 08:45:00,0,
2025.02.24 09:09:59,scan_skipped_same_execution_bar,USDJPY,2025.02.24 08:45:00,0,
2025.02.24 09:19:59,scan_executed_new_execution_bar,USDJPY,2025.02.24 09:00:00,0,
2025.02.24 09:24:59,scan_skipped_same_execution_bar,USDJPY,2025.02.24 09:00:00,0,
2025.02.24 09:34:59,scan_executed_new_execution_bar,USDJPY,2025.02.24 09:15:00,0,
2025.02.24 09:39:59,scan_skipped_same_execution_bar,USDJPY,2025.02.24 09:15:00,0,
2025.02.24 09:49:59,scan_executed_new_execution_bar,USDJPY,2025.02.24 09:30:00,16,
2025.02.24 09:54:59,scan_skipped_same_execution_bar,USDJPY,2025.02.24 09:30:00,0,
2025.02.24 10:04:59,scan_executed_new_execution_bar,USDJPY,2025.02.24 09:45:00,0,
2025.02.24 10:09:59,scan_skipped_same_execution_bar,USDJPY,2025.02.24 09:45:00,0,
2025.02.24 10:19:59,scan_executed_new_execution_bar,USDJPY,2025.02.24 10:00:00,16,
2025.02.24 10:24:59,scan_skipped_same_execution_bar,USDJPY,2025.02.24 10:00:00,0,
2025.02.24 10:34:59,scan_executed_new_execution_bar,USDJPY,2025.02.24 10:15:00,15,
2025.02.24 10:39:59,scan_skipped_same_execution_bar,USDJPY,2025.02.24 10:15:00,0,
2025.02.24 10:49:59,scan_executed_new_execution_bar,USDJPY,2025.02.24 10:30:00,0,
2025.02.24 10:54:59,scan_skipped_same_execution_bar,USDJPY,2025.02.24 10:30:00,0,
2025.02.24 11:04:58,scan_executed_new_execution_bar,USDJPY,2025.02.24 10:45:00,0,
2025.02.24 11:09:59,scan_skipped_same_execution_bar,USDJPY,2025.02.24 10:45:00,0,
2025.02.24 11:19:59,scan_executed_new_execution_bar,USDJPY,2025.02.24 11:00:00,0,
2025.02.24 11:24:59,scan_skipped_same_execution_bar,USDJPY,2025.02.24 11:00:00,0,
2025.02.24 11:34:58,scan_executed_new_execution_bar,USDJPY,2025.02.24 11:15:00,0,
2025.02.24 11:39:59,scan_skipped_same_execution_bar,USDJPY,2025.02.24 11:15:00,0,
2025.02.24 11:49:59,scan_executed_new_execution_bar,USDJPY,2025.02.24 11:30:00,0,
2025.02.24 11:54:59,scan_skipped_same_execution_bar,USDJPY,2025.02.24 11:30:00,0,
2025.02.24 12:04:59,scan_executed_new_execution_bar,USDJPY,2025.02.24 11:45:00,15,
2025.02.24 12:09:59,scan_skipped_same_execution_bar,USDJPY,2025.02.24 11:45:00,0,
2025.02.24 12:19:59,scan_executed_new_execution_bar,USDJPY,2025.02.24 12:00:00,0,
2025.02.24 12:24:59,scan_skipped_same_execution_bar,USDJPY,2025.02.24 12:00:00,0,
2025.02.24 12:34:59,scan_executed_new_execution_bar,USDJPY,2025.02.24 12:15:00,15,
2025.02.24 12:39:59,scan_skipped_same_execution_bar,USDJPY,2025.02.24 12:15:00,0,
2025.02.24 12:49:59,scan_executed_new_execution_bar,USDJPY,2025.02.24 12:30:00,0,
2025.02.24 12:54:59,scan_skipped_same_execution_bar,USDJPY,2025.02.24 12:30:00,0,
2025.02.24 13:04:59,scan_executed_new_execution_bar,USDJPY,2025.02.24 12:45:00,16,
2025.02.24 13:09:59,scan_skipped_same_execution_bar,USDJPY,2025.02.24 12:45:00,0,
2025.02.24 13:20:00,scan_executed_new_execution_bar,USDJPY,2025.02.24 13:00:00,0,
2025.02.24 13:24:59,scan_skipped_same_execution_bar,USDJPY,2025.02.24 13:00:00,0,
2025.02.24 13:34:59,scan_executed_new_execution_bar,USDJPY,2025.02.24 13:15:00,16,
2025.02.24 13:39:59,scan_skipped_same_execution_bar,USDJPY,2025.02.24 13:15:00,0,
2025.02.24 13:49:59,scan_executed_new_execution_bar,USDJPY,2025.02.24 13:30:00,0,
2025.02.24 13:54:59,scan_skipped_same_execution_bar,USDJPY,2025.02.24 13:30:00,0,
2025.02.24 14:04:59,scan_executed_new_execution_bar,USDJPY,2025.02.24 13:45:00,15,
2025.02.24 14:09:59,scan_skipped_same_execution_bar,USDJPY,2025.02.24 13:45:00,0,
2025.02.24 14:19:59,scan_executed_new_execution_bar,USDJPY,2025.02.24 14:00:00,0,
2025.02.24 14:24:59,scan_skipped_same_execution_bar,USDJPY,2025.02.24 14:00:00,0,
2025.02.24 14:34:59,scan_executed_new_execution_bar,USDJPY,2025.02.24 14:15:00,0,
2025.02.24 14:39:58,scan_skipped_same_execution_bar,USDJPY,2025.02.24 14:15:00,0,
2025.02.24 14:49:59,scan_executed_new_execution_bar,USDJPY,2025.02.24 14:30:00,0,
2025.02.24 14:54:59,scan_skipped_same_execution_bar,USDJPY,2025.02.24 14:30:00,0,
2025.02.24 15:04:59,scan_executed_new_execution_bar,USDJPY,2025.02.24 14:45:00,0,
2025.02.24 15:09:59,scan_skipped_same_execution_bar,USDJPY,2025.02.24 14:45:00,0,
2025.02.24 15:19:59,scan_executed_new_execution_bar,USDJPY,2025.02.24 15:00:00,0,
2025.02.24 15:24:59,scan_skipped_same_execution_bar,USDJPY,2025.02.24 15:00:00,0,
2025.02.24 15:34:59,scan_executed_new_execution_bar,USDJPY,2025.02.24 15:15:00,16,
2025.02.24 15:39:59,scan_skipped_same_execution_bar,USDJPY,2025.02.24 15:15:00,0,
2025.02.24 15:49:59,scan_executed_new_execution_bar,USDJPY,2025.02.24 15:30:00,0,
2025.02.24 15:54:59,scan_skipped_same_execution_bar,USDJPY,2025.02.24 15:30:00,0,
2025.02.24 16:04:59,scan_executed_new_execution_bar,USDJPY,2025.02.24 15:45:00,0,
2025.02.24 16:09:59,scan_skipped_same_execution_bar,USDJPY,2025.02.24 15:45:00,0,
2025.02.24 16:19:59,scan_executed_new_execution_bar,USDJPY,2025.02.24 16:00:00,0,
2025.02.24 16:24:59,scan_skipped_same_execution_bar,USDJPY,2025.02.24 16:00:00,0,
2025.02.24 16:34:59,scan_executed_new_execution_bar,USDJPY,2025.02.24 16:15:00,16,
2025.02.24 16:39:59,scan_skipped_same_execution_bar,USDJPY,2025.02.24 16:15:00,0,
2025.02.24 16:49:59,scan_executed_new_execution_bar,USDJPY,2025.02.24 16:30:00,16,
2025.02.24 16:54:59,scan_skipped_same_execution_bar,USDJPY,2025.02.24 16:30:00,0,
2025.02.24 17:04:59,scan_executed_new_execution_bar,USDJPY,2025.02.24 16:45:00,15,
2025.02.24 17:09:59,scan_skipped_same_execution_bar,USDJPY,2025.02.24 16:45:00,0,
2025.02.24 17:19:59,scan_executed_new_execution_bar,USDJPY,2025.02.24 17:00:00,31,
2025.02.24 17:24:59,scan_skipped_same_execution_bar,USDJPY,2025.02.24 17:00:00,0,
2025.02.24 17:34:59,scan_executed_new_execution_bar,USDJPY,2025.02.24 17:15:00,0,
2025.02.24 17:39:59,scan_skipped_same_execution_bar,USDJPY,2025.02.24 17:15:00,0,
2025.02.24 17:49:59,scan_executed_new_execution_bar,USDJPY,2025.02.24 17:30:00,0,
2025.02.24 17:54:59,scan_skipped_same_execution_bar,USDJPY,2025.02.24 17:30:00,0,
2025.02.24 18:04:59,scan_executed_new_execution_bar,USDJPY,2025.02.24 17:45:00,47,
2025.02.24 18:09:59,scan_skipped_same_execution_bar,USDJPY,2025.02.24 17:45:00,0,
2025.02.24 18:19:59,scan_executed_new_execution_bar,USDJPY,2025.02.24 18:00:00,78,
2025.02.24 18:24:59,scan_skipped_same_execution_bar,USDJPY,2025.02.24 18:00:00,0,
2025.02.24 18:34:59,scan_executed_new_execution_bar,USDJPY,2025.02.24 18:15:00,32,
2025.02.24 18:39:59,scan_skipped_same_execution_bar,USDJPY,2025.02.24 18:15:00,0,
2025.02.24 18:49:59,scan_executed_new_execution_bar,USDJPY,2025.02.24 18:30:00,47,
2025.02.24 18:54:59,scan_skipped_same_execution_bar,USDJPY,2025.02.24 18:30:00,0,
2025.02.24 19:04:59,scan_executed_new_execution_bar,USDJPY,2025.02.24 18:45:00,47,
2025.02.24 19:09:59,scan_skipped_same_execution_bar,USDJPY,2025.02.24 18:45:00,0,
2025.02.24 19:19:59,scan_executed_new_execution_bar,USDJPY,2025.02.24 19:00:00,0,
2025.02.24 19:24:59,scan_skipped_same_execution_bar,USDJPY,2025.02.24 19:00:00,0,
2025.02.24 19:34:58,scan_executed_new_execution_bar,USDJPY,2025.02.24 19:15:00,0,
2025.02.24 19:39:59,scan_skipped_same_execution_bar,USDJPY,2025.02.24 19:15:00,0,
2025.02.24 19:49:58,scan_executed_new_execution_bar,USDJPY,2025.02.24 19:30:00,0,
2025.02.24 19:54:59,scan_skipped_same_execution_bar,USDJPY,2025.02.24 19:30:00,0,
2025.02.24 20:04:59,scan_executed_new_execution_bar,USDJPY,2025.02.24 19:45:00,16,
2025.02.24 20:09:59,scan_skipped_same_execution_bar,USDJPY,2025.02.24 19:45:00,0,
2025.02.24 20:19:59,scan_executed_new_execution_bar,USDJPY,2025.02.24 20:00:00,0,
2025.02.24 20:24:59,scan_skipped_same_execution_bar,USDJPY,2025.02.24 20:00:00,0,
2025.02.24 20:34:59,scan_executed_new_execution_bar,USDJPY,2025.02.24 20:15:00,0,
2025.02.24 20:39:59,scan_skipped_same_execution_bar,USDJPY,2025.02.24 20:15:00,0,
2025.02.24 20:49:59,scan_executed_new_execution_bar,USDJPY,2025.02.24 20:30:00,0,
2025.02.24 20:54:59,scan_skipped_same_execution_bar,USDJPY,2025.02.24 20:30:00,0,
2025.02.24 21:04:59,scan_executed_new_execution_bar,USDJPY,2025.02.24 20:45:00,0,
2025.02.24 21:09:59,scan_skipped_same_execution_bar,USDJPY,2025.02.24 20:45:00,0,
2025.02.24 21:19:59,scan_executed_new_execution_bar,USDJPY,2025.02.24 21:00:00,0,
2025.02.24 21:24:59,scan_skipped_same_execution_bar,USDJPY,2025.02.24 21:00:00,0,
2025.02.24 21:34:59,scan_executed_new_execution_bar,USDJPY,2025.02.24 21:15:00,0,
2025.02.24 21:39:59,scan_skipped_same_execution_bar,USDJPY,2025.02.24 21:15:00,0,
2025.02.24 21:49:59,scan_executed_new_execution_bar,USDJPY,2025.02.24 21:30:00,0,
2025.02.24 21:54:59,scan_skipped_same_execution_bar,USDJPY,2025.02.24 21:30:00,0,
2025.02.24 22:04:58,scan_executed_new_execution_bar,USDJPY,2025.02.24 21:45:00,32,
2025.02.24 22:09:59,scan_skipped_same_execution_bar,USDJPY,2025.02.24 21:45:00,0,
2025.02.24 22:19:59,scan_executed_new_execution_bar,USDJPY,2025.02.24 22:00:00,0,
2025.02.24 22:24:59,scan_skipped_same_execution_bar,USDJPY,2025.02.24 22:00:00,0,
2025.02.24 22:34:58,scan_executed_new_execution_bar,USDJPY,2025.02.24 22:15:00,0,
2025.02.24 22:39:59,scan_skipped_same_execution_bar,USDJPY,2025.02.24 22:15:00,0,
2025.02.24 22:49:59,scan_executed_new_execution_bar,USDJPY,2025.02.24 22:30:00,16,
2025.02.24 22:54:59,scan_skipped_same_execution_bar,USDJPY,2025.02.24 22:30:00,0,
2025.02.24 23:04:59,scan_executed_new_execution_bar,USDJPY,2025.02.24 22:45:00,0,
2025.02.24 23:09:59,scan_skipped_same_execution_bar,USDJPY,2025.02.24 22:45:00,0,
2025.02.24 23:19:59,scan_executed_new_execution_bar,USDJPY,2025.02.24 23:00:00,0,
2025.02.24 23:24:59,scan_skipped_same_execution_bar,USDJPY,2025.02.24 23:00:00,0,
2025.02.24 23:34:59,scan_executed_new_execution_bar,USDJPY,2025.02.24 23:15:00,0,
2025.02.24 23:39:59,scan_skipped_same_execution_bar,USDJPY,2025.02.24 23:15:00,0,
2025.02.24 23:49:58,scan_executed_new_execution_bar,USDJPY,2025.02.24 23:30:00,0,
2025.02.24 23:54:58,scan_skipped_same_execution_bar,USDJPY,2025.02.24 23:30:00,0,
2025.02.25 00:04:58,scan_executed_new_execution_bar,USDJPY,2025.02.24 23:45:00,0,
2025.02.25 00:09:57,scan_skipped_same_execution_bar,USDJPY,2025.02.24 23:45:00,0,
2025.02.25 00:19:59,scan_executed_new_execution_bar,USDJPY,2025.02.25 00:00:00,0,
2025.02.25 00:24:59,scan_skipped_same_execution_bar,USDJPY,2025.02.25 00:00:00,0,
2025.02.25 00:34:59,scan_executed_new_execution_bar,USDJPY,2025.02.25 00:15:00,0,
2025.02.25 00:39:59,scan_skipped_same_execution_bar,USDJPY,2025.02.25 00:15:00,0,
2025.02.25 00:49:59,scan_executed_new_execution_bar,USDJPY,2025.02.25 00:30:00,0,
2025.02.25 00:54:58,scan_skipped_same_execution_bar,USDJPY,2025.02.25 00:30:00,0,
2025.02.25 01:04:59,scan_executed_new_execution_bar,USDJPY,2025.02.25 00:45:00,0,
2025.02.25 01:09:59,scan_skipped_same_execution_bar,USDJPY,2025.02.25 00:45:00,0,
2025.02.25 01:19:59,scan_executed_new_execution_bar,USDJPY,2025.02.25 01:00:00,0,
2025.02.25 01:24:59,scan_skipped_same_execution_bar,USDJPY,2025.02.25 01:00:00,0,
2025.02.25 01:34:59,scan_executed_new_execution_bar,USDJPY,2025.02.25 01:15:00,0,
2025.02.25 01:39:59,scan_skipped_same_execution_bar,USDJPY,2025.02.25 01:15:00,0,
2025.02.25 01:49:59,scan_executed_new_execution_bar,USDJPY,2025.02.25 01:30:00,16,
2025.02.25 01:54:59,scan_skipped_same_execution_bar,USDJPY,2025.02.25 01:30:00,0,
2025.02.25 02:04:59,scan_executed_new_execution_bar,USDJPY,2025.02.25 01:45:00,0,
2025.02.25 02:09:59,scan_skipped_same_execution_bar,USDJPY,2025.02.25 01:45:00,0,
2025.02.25 02:19:59,scan_executed_new_execution_bar,USDJPY,2025.02.25 02:00:00,0,
2025.02.25 02:24:59,scan_skipped_same_execution_bar,USDJPY,2025.02.25 02:00:00,0,
2025.02.25 02:34:59,scan_executed_new_execution_bar,USDJPY,2025.02.25 02:15:00,0,
2025.02.25 02:39:59,scan_skipped_same_execution_bar,USDJPY,2025.02.25 02:15:00,0,
2025.02.25 02:49:59,scan_executed_new_execution_bar,USDJPY,2025.02.25 02:30:00,0,
2025.02.25 02:54:59,scan_skipped_same_execution_bar,USDJPY,2025.02.25 02:30:00,0,
2025.02.25 03:04:59,scan_executed_new_execution_bar,USDJPY,2025.02.25 02:45:00,0,
2025.02.25 03:09:59,scan_skipped_same_execution_bar,USDJPY,2025.02.25 02:45:00,0,
2025.02.25 03:19:59,scan_executed_new_execution_bar,USDJPY,2025.02.25 03:00:00,0,
2025.02.25 03:24:59,scan_skipped_same_execution_bar,USDJPY,2025.02.25 03:00:00,0,
2025.02.25 03:34:59,scan_executed_new_execution_bar,USDJPY,2025.02.25 03:15:00,15,
2025.02.25 03:39:59,scan_skipped_same_execution_bar,USDJPY,2025.02.25 03:15:00,0,
2025.02.25 03:49:59,scan_executed_new_execution_bar,USDJPY,2025.02.25 03:30:00,0,
2025.02.25 03:54:59,scan_skipped_same_execution_bar,USDJPY,2025.02.25 03:30:00,0,
2025.02.25 04:04:59,scan_executed_new_execution_bar,USDJPY,2025.02.25 03:45:00,31,
2025.02.25 04:09:59,scan_skipped_same_execution_bar,USDJPY,2025.02.25 03:45:00,0,
2025.02.25 04:19:59,scan_executed_new_execution_bar,USDJPY,2025.02.25 04:00:00,0,
2025.02.25 04:24:59,scan_skipped_same_execution_bar,USDJPY,2025.02.25 04:00:00,0,
2025.02.25 04:34:59,scan_executed_new_execution_bar,USDJPY,2025.02.25 04:15:00,0,
2025.02.25 04:39:59,scan_skipped_same_execution_bar,USDJPY,2025.02.25 04:15:00,0,
2025.02.25 04:49:59,scan_executed_new_execution_bar,USDJPY,2025.02.25 04:30:00,0,
2025.02.25 04:54:59,scan_skipped_same_execution_bar,USDJPY,2025.02.25 04:30:00,0,
2025.02.25 05:04:59,scan_executed_new_execution_bar,USDJPY,2025.02.25 04:45:00,15,
2025.02.25 05:09:59,scan_skipped_same_execution_bar,USDJPY,2025.02.25 04:45:00,0,
2025.02.25 05:19:59,scan_executed_new_execution_bar,USDJPY,2025.02.25 05:00:00,0,
2025.02.25 05:24:58,scan_skipped_same_execution_bar,USDJPY,2025.02.25 05:00:00,0,
2025.02.25 05:34:59,scan_executed_new_execution_bar,USDJPY,2025.02.25 05:15:00,16,
2025.02.25 05:39:59,scan_skipped_same_execution_bar,USDJPY,2025.02.25 05:15:00,0,
2025.02.25 05:49:59,scan_executed_new_execution_bar,USDJPY,2025.02.25 05:30:00,15,
2025.02.25 05:54:59,scan_skipped_same_execution_bar,USDJPY,2025.02.25 05:30:00,0,
2025.02.25 06:04:59,scan_executed_new_execution_bar,USDJPY,2025.02.25 05:45:00,0,
2025.02.25 06:09:58,scan_skipped_same_execution_bar,USDJPY,2025.02.25 05:45:00,0,
2025.02.25 06:19:59,scan_executed_new_execution_bar,USDJPY,2025.02.25 06:00:00,0,
2025.02.25 06:24:59,scan_skipped_same_execution_bar,USDJPY,2025.02.25 06:00:00,0,
2025.02.25 06:34:59,scan_executed_new_execution_bar,USDJPY,2025.02.25 06:15:00,0,
2025.02.25 06:39:59,scan_skipped_same_execution_bar,USDJPY,2025.02.25 06:15:00,0,
2025.02.25 06:49:59,scan_executed_new_execution_bar,USDJPY,2025.02.25 06:30:00,0,
2025.02.25 06:54:59,scan_skipped_same_execution_bar,USDJPY,2025.02.25 06:30:00,0,
2025.02.25 07:04:59,scan_executed_new_execution_bar,USDJPY,2025.02.25 06:45:00,16,
2025.02.25 07:09:59,scan_skipped_same_execution_bar,USDJPY,2025.02.25 06:45:00,0,
2025.02.25 07:19:59,scan_executed_new_execution_bar,USDJPY,2025.02.25 07:00:00,0,
2025.02.25 07:24:59,scan_skipped_same_execution_bar,USDJPY,2025.02.25 07:00:00,0,
2025.02.25 07:34:59,scan_executed_new_execution_bar,USDJPY,2025.02.25 07:15:00,0,
2025.02.25 07:39:59,scan_skipped_same_execution_bar,USDJPY,2025.02.25 07:15:00,0,
2025.02.25 07:49:59,scan_executed_new_execution_bar,USDJPY,2025.02.25 07:30:00,0,
2025.02.25 07:54:59,scan_skipped_same_execution_bar,USDJPY,2025.02.25 07:30:00,0,
2025.02.25 08:04:59,scan_executed_new_execution_bar,USDJPY,2025.02.25 07:45:00,16,
2025.02.25 08:09:59,scan_skipped_same_execution_bar,USDJPY,2025.02.25 07:45:00,0,
2025.02.25 08:19:59,scan_executed_new_execution_bar,USDJPY,2025.02.25 08:00:00,0,
2025.02.25 08:24:59,scan_skipped_same_execution_bar,USDJPY,2025.02.25 08:00:00,0,
2025.02.25 08:34:59,scan_executed_new_execution_bar,USDJPY,2025.02.25 08:15:00,16,
2025.02.25 08:40:00,scan_skipped_same_execution_bar,USDJPY,2025.02.25 08:15:00,0,
2025.02.25 08:49:59,scan_executed_new_execution_bar,USDJPY,2025.02.25 08:30:00,15,
2025.02.25 08:54:59,scan_skipped_same_execution_bar,USDJPY,2025.02.25 08:30:00,0,
2025.02.25 09:04:59,scan_executed_new_execution_bar,USDJPY,2025.02.25 08:45:00,0,
2025.02.25 09:09:59,scan_skipped_same_execution_bar,USDJPY,2025.02.25 08:45:00,0,
2025.02.25 09:19:59,scan_executed_new_execution_bar,USDJPY,2025.02.25 09:00:00,0,
2025.02.25 09:24:59,scan_skipped_same_execution_bar,USDJPY,2025.02.25 09:00:00,0,
2025.02.25 09:34:59,scan_executed_new_execution_bar,USDJPY,2025.02.25 09:15:00,0,
2025.02.25 09:39:59,scan_skipped_same_execution_bar,USDJPY,2025.02.25 09:15:00,0,
2025.02.25 09:49:59,scan_executed_new_execution_bar,USDJPY,2025.02.25 09:30:00,0,
2025.02.25 09:54:59,scan_skipped_same_execution_bar,USDJPY,2025.02.25 09:30:00,0,
2025.02.25 10:04:59,scan_executed_new_execution_bar,USDJPY,2025.02.25 09:45:00,0,
2025.02.25 10:09:59,scan_skipped_same_execution_bar,USDJPY,2025.02.25 09:45:00,0,
2025.02.25 10:19:59,scan_executed_new_execution_bar,USDJPY,2025.02.25 10:00:00,15,
2025.02.25 10:24:59,scan_skipped_same_execution_bar,USDJPY,2025.02.25 10:00:00,0,
2025.02.25 10:34:59,scan_executed_new_execution_bar,USDJPY,2025.02.25 10:15:00,0,
2025.02.25 10:39:59,scan_skipped_same_execution_bar,USDJPY,2025.02.25 10:15:00,0,
2025.02.25 10:49:59,scan_executed_new_execution_bar,USDJPY,2025.02.25 10:30:00,16,
2025.02.25 10:54:59,scan_skipped_same_execution_bar,USDJPY,2025.02.25 10:30:00,0,
2025.02.25 11:04:59,scan_executed_new_execution_bar,USDJPY,2025.02.25 10:45:00,0,
2025.02.25 11:09:59,scan_skipped_same_execution_bar,USDJPY,2025.02.25 10:45:00,0,
2025.02.25 11:19:59,scan_executed_new_execution_bar,USDJPY,2025.02.25 11:00:00,31,
2025.02.25 11:24:59,scan_skipped_same_execution_bar,USDJPY,2025.02.25 11:00:00,0,
2025.02.25 11:34:59,scan_executed_new_execution_bar,USDJPY,2025.02.25 11:15:00,31,
2025.02.25 11:39:59,scan_skipped_same_execution_bar,USDJPY,2025.02.25 11:15:00,0,
2025.02.25 11:49:59,scan_executed_new_execution_bar,USDJPY,2025.02.25 11:30:00,0,
2025.02.25 11:54:59,scan_skipped_same_execution_bar,USDJPY,2025.02.25 11:30:00,0,
2025.02.25 12:04:59,scan_executed_new_execution_bar,USDJPY,2025.02.25 11:45:00,0,
2025.02.25 12:09:59,scan_skipped_same_execution_bar,USDJPY,2025.02.25 11:45:00,0,
2025.02.25 12:19:59,scan_executed_new_execution_bar,USDJPY,2025.02.25 12:00:00,31,
2025.02.25 12:24:59,scan_skipped_same_execution_bar,USDJPY,2025.02.25 12:00:00,0,
2025.02.25 12:34:59,scan_executed_new_execution_bar,USDJPY,2025.02.25 12:15:00,0,
2025.02.25 12:39:59,scan_skipped_same_execution_bar,USDJPY,2025.02.25 12:15:00,0,
2025.02.25 12:49:58,scan_executed_new_execution_bar,USDJPY,2025.02.25 12:30:00,47,
2025.02.25 12:54:59,scan_skipped_same_execution_bar,USDJPY,2025.02.25 12:30:00,0,
2025.02.25 13:04:59,scan_executed_new_execution_bar,USDJPY,2025.02.25 12:45:00,0,
2025.02.25 13:09:59,scan_skipped_same_execution_bar,USDJPY,2025.02.25 12:45:00,0,
2025.02.25 13:19:59,scan_executed_new_execution_bar,USDJPY,2025.02.25 13:00:00,0,
2025.02.25 13:24:59,scan_skipped_same_execution_bar,USDJPY,2025.02.25 13:00:00,0,
2025.02.25 13:34:59,scan_executed_new_execution_bar,USDJPY,2025.02.25 13:15:00,0,
2025.02.25 13:39:59,scan_skipped_same_execution_bar,USDJPY,2025.02.25 13:15:00,0,
2025.02.25 13:49:59,scan_executed_new_execution_bar,USDJPY,2025.02.25 13:30:00,0,
2025.02.25 13:54:59,scan_skipped_same_execution_bar,USDJPY,2025.02.25 13:30:00,0,
2025.02.25 14:04:59,scan_executed_new_execution_bar,USDJPY,2025.02.25 13:45:00,0,
2025.02.25 14:09:59,scan_skipped_same_execution_bar,USDJPY,2025.02.25 13:45:00,0,
2025.02.25 14:19:59,scan_executed_new_execution_bar,USDJPY,2025.02.25 14:00:00,31,
2025.02.25 14:24:59,scan_skipped_same_execution_bar,USDJPY,2025.02.25 14:00:00,0,
2025.02.25 14:34:59,scan_executed_new_execution_bar,USDJPY,2025.02.25 14:15:00,0,
2025.02.25 14:39:59,scan_skipped_same_execution_bar,USDJPY,2025.02.25 14:15:00,0,
2025.02.25 14:49:59,scan_executed_new_execution_bar,USDJPY,2025.02.25 14:30:00,16,
2025.02.25 14:54:59,scan_skipped_same_execution_bar,USDJPY,2025.02.25 14:30:00,0,
2025.02.25 15:04:59,scan_executed_new_execution_bar,USDJPY,2025.02.25 14:45:00,0,
2025.02.25 15:09:59,scan_skipped_same_execution_bar,USDJPY,2025.02.25 14:45:00,0,
2025.02.25 15:19:59,scan_executed_new_execution_bar,USDJPY,2025.02.25 15:00:00,0,
2025.02.25 15:24:59,scan_skipped_same_execution_bar,USDJPY,2025.02.25 15:00:00,0,
2025.02.25 15:34:59,scan_executed_new_execution_bar,USDJPY,2025.02.25 15:15:00,16,
2025.02.25 15:39:59,scan_skipped_same_execution_bar,USDJPY,2025.02.25 15:15:00,0,
2025.02.25 15:49:59,scan_executed_new_execution_bar,USDJPY,2025.02.25 15:30:00,0,
2025.02.25 15:54:59,scan_skipped_same_execution_bar,USDJPY,2025.02.25 15:30:00,0,
2025.02.25 16:04:59,scan_executed_new_execution_bar,USDJPY,2025.02.25 15:45:00,16,
2025.02.25 16:09:59,scan_skipped_same_execution_bar,USDJPY,2025.02.25 15:45:00,0,
2025.02.25 16:19:59,scan_executed_new_execution_bar,USDJPY,2025.02.25 16:00:00,32,
2025.02.25 16:24:59,scan_skipped_same_execution_bar,USDJPY,2025.02.25 16:00:00,0,
2025.02.25 16:34:59,scan_executed_new_execution_bar,USDJPY,2025.02.25 16:15:00,0,
2025.02.25 16:39:59,scan_skipped_same_execution_bar,USDJPY,2025.02.25 16:15:00,0,
2025.02.25 16:49:59,scan_executed_new_execution_bar,USDJPY,2025.02.25 16:30:00,32,
2025.02.25 16:54:59,scan_skipped_same_execution_bar,USDJPY,2025.02.25 16:30:00,0,
2025.02.25 17:04:59,scan_executed_new_execution_bar,USDJPY,2025.02.25 16:45:00,0,
2025.02.25 17:09:59,scan_skipped_same_execution_bar,USDJPY,2025.02.25 16:45:00,0,
2025.02.25 17:19:59,scan_executed_new_execution_bar,USDJPY,2025.02.25 17:00:00,0,
2025.02.25 17:24:59,scan_skipped_same_execution_bar,USDJPY,2025.02.25 17:00:00,0,
2025.02.25 17:34:59,scan_executed_new_execution_bar,USDJPY,2025.02.25 17:15:00,15,
2025.02.25 17:39:59,scan_skipped_same_execution_bar,USDJPY,2025.02.25 17:15:00,0,
2025.02.25 17:49:59,scan_executed_new_execution_bar,USDJPY,2025.02.25 17:30:00,79,
2025.02.25 17:54:59,scan_skipped_same_execution_bar,USDJPY,2025.02.25 17:30:00,0,
2025.02.25 18:04:59,scan_executed_new_execution_bar,USDJPY,2025.02.25 17:45:00,0,
2025.02.25 18:09:59,scan_skipped_same_execution_bar,USDJPY,2025.02.25 17:45:00,0,
2025.02.25 18:19:58,scan_executed_new_execution_bar,USDJPY,2025.02.25 18:00:00,0,
2025.02.25 18:24:59,scan_skipped_same_execution_bar,USDJPY,2025.02.25 18:00:00,0,
2025.02.25 18:34:59,scan_executed_new_execution_bar,USDJPY,2025.02.25 18:15:00,0,
2025.02.25 18:39:59,scan_skipped_same_execution_bar,USDJPY,2025.02.25 18:15:00,0,
2025.02.25 18:49:59,scan_executed_new_execution_bar,USDJPY,2025.02.25 18:30:00,16,
2025.02.25 18:54:59,scan_skipped_same_execution_bar,USDJPY,2025.02.25 18:30:00,0,
2025.02.25 19:04:59,scan_executed_new_execution_bar,USDJPY,2025.02.25 18:45:00,31,
2025.02.25 19:09:59,scan_skipped_same_execution_bar,USDJPY,2025.02.25 18:45:00,0,
2025.02.25 19:19:59,scan_executed_new_execution_bar,USDJPY,2025.02.25 19:00:00,0,
2025.02.25 19:24:59,scan_skipped_same_execution_bar,USDJPY,2025.02.25 19:00:00,0,
2025.02.25 19:34:59,scan_executed_new_execution_bar,USDJPY,2025.02.25 19:15:00,15,
2025.02.25 19:39:59,scan_skipped_same_execution_bar,USDJPY,2025.02.25 19:15:00,0,
2025.02.25 19:49:59,scan_executed_new_execution_bar,USDJPY,2025.02.25 19:30:00,0,
2025.02.25 19:54:59,scan_skipped_same_execution_bar,USDJPY,2025.02.25 19:30:00,0,
2025.02.25 20:04:59,scan_executed_new_execution_bar,USDJPY,2025.02.25 19:45:00,0,
2025.02.25 20:09:59,scan_skipped_same_execution_bar,USDJPY,2025.02.25 19:45:00,0,
2025.02.25 20:19:59,scan_executed_new_execution_bar,USDJPY,2025.02.25 20:00:00,0,
2025.02.25 20:24:59,scan_skipped_same_execution_bar,USDJPY,2025.02.25 20:00:00,0,
2025.02.25 20:34:59,scan_executed_new_execution_bar,USDJPY,2025.02.25 20:15:00,16,
2025.02.25 20:39:59,scan_skipped_same_execution_bar,USDJPY,2025.02.25 20:15:00,0,
2025.02.25 20:49:59,scan_executed_new_execution_bar,USDJPY,2025.02.25 20:30:00,0,
2025.02.25 20:54:59,scan_skipped_same_execution_bar,USDJPY,2025.02.25 20:30:00,0,
2025.02.25 21:04:59,scan_executed_new_execution_bar,USDJPY,2025.02.25 20:45:00,0,
2025.02.25 21:09:59,scan_skipped_same_execution_bar,USDJPY,2025.02.25 20:45:00,0,
2025.02.25 21:19:59,scan_executed_new_execution_bar,USDJPY,2025.02.25 21:00:00,0,
2025.02.25 21:24:59,scan_skipped_same_execution_bar,USDJPY,2025.02.25 21:00:00,0,
2025.02.25 21:34:59,scan_executed_new_execution_bar,USDJPY,2025.02.25 21:15:00,0,
2025.02.25 21:39:59,scan_skipped_same_execution_bar,USDJPY,2025.02.25 21:15:00,0,
2025.02.25 21:49:59,scan_executed_new_execution_bar,USDJPY,2025.02.25 21:30:00,0,
2025.02.25 21:54:59,scan_skipped_same_execution_bar,USDJPY,2025.02.25 21:30:00,0,
2025.02.25 22:04:59,scan_executed_new_execution_bar,USDJPY,2025.02.25 21:45:00,0,
2025.02.25 22:09:59,scan_skipped_same_execution_bar,USDJPY,2025.02.25 21:45:00,0,
2025.02.25 22:19:59,scan_executed_new_execution_bar,USDJPY,2025.02.25 22:00:00,0,
2025.02.25 22:24:59,scan_skipped_same_execution_bar,USDJPY,2025.02.25 22:00:00,0,
2025.02.25 22:34:59,scan_executed_new_execution_bar,USDJPY,2025.02.25 22:15:00,0,
2025.02.25 22:39:59,scan_skipped_same_execution_bar,USDJPY,2025.02.25 22:15:00,0,
2025.02.25 22:49:59,scan_executed_new_execution_bar,USDJPY,2025.02.25 22:30:00,0,
2025.02.25 22:54:59,scan_skipped_same_execution_bar,USDJPY,2025.02.25 22:30:00,0,
2025.02.25 23:04:59,scan_executed_new_execution_bar,USDJPY,2025.02.25 22:45:00,16,
2025.02.25 23:09:59,scan_skipped_same_execution_bar,USDJPY,2025.02.25 22:45:00,0,
2025.02.25 23:19:58,scan_executed_new_execution_bar,USDJPY,2025.02.25 23:00:00,0,
2025.02.25 23:24:59,scan_skipped_same_execution_bar,USDJPY,2025.02.25 23:00:00,0,
2025.02.25 23:34:58,scan_executed_new_execution_bar,USDJPY,2025.02.25 23:15:00,0,
2025.02.25 23:39:57,scan_skipped_same_execution_bar,USDJPY,2025.02.25 23:15:00,0,
2025.02.25 23:49:59,scan_executed_new_execution_bar,USDJPY,2025.02.25 23:30:00,15,
2025.02.25 23:54:59,scan_skipped_same_execution_bar,USDJPY,2025.02.25 23:30:00,0,
2025.02.26 00:04:56,scan_executed_new_execution_bar,USDJPY,2025.02.25 23:45:00,0,
2025.02.26 00:09:57,scan_skipped_same_execution_bar,USDJPY,2025.02.25 23:45:00,0,
2025.02.26 00:19:58,scan_executed_new_execution_bar,USDJPY,2025.02.26 00:00:00,0,
2025.02.26 00:25:00,scan_skipped_same_execution_bar,USDJPY,2025.02.26 00:00:00,0,
2025.02.26 00:34:52,scan_executed_new_execution_bar,USDJPY,2025.02.26 00:15:00,0,
2025.02.26 00:39:55,scan_skipped_same_execution_bar,USDJPY,2025.02.26 00:15:00,0,
2025.02.26 00:49:59,scan_executed_new_execution_bar,USDJPY,2025.02.26 00:30:00,0,
2025.02.26 00:54:59,scan_skipped_same_execution_bar,USDJPY,2025.02.26 00:30:00,0,
2025.02.26 01:00:00,scan_executed_new_execution_bar,USDJPY,2025.02.26 00:45:00,0,
2025.02.26 01:04:59,scan_skipped_same_execution_bar,USDJPY,2025.02.26 00:45:00,0,
2025.02.26 01:19:59,scan_executed_new_execution_bar,USDJPY,2025.02.26 01:00:00,15,
2025.02.26 01:24:59,scan_skipped_same_execution_bar,USDJPY,2025.02.26 01:00:00,0,
2025.02.26 01:34:59,scan_executed_new_execution_bar,USDJPY,2025.02.26 01:15:00,0,
2025.02.26 01:39:59,scan_skipped_same_execution_bar,USDJPY,2025.02.26 01:15:00,0,
2025.02.26 01:49:59,scan_executed_new_execution_bar,USDJPY,2025.02.26 01:30:00,0,
2025.02.26 01:54:59,scan_skipped_same_execution_bar,USDJPY,2025.02.26 01:30:00,0,
2025.02.26 02:04:59,scan_executed_new_execution_bar,USDJPY,2025.02.26 01:45:00,16,
2025.02.26 02:09:59,scan_skipped_same_execution_bar,USDJPY,2025.02.26 01:45:00,0,
2025.02.26 02:19:59,scan_executed_new_execution_bar,USDJPY,2025.02.26 02:00:00,0,
2025.02.26 02:24:59,scan_skipped_same_execution_bar,USDJPY,2025.02.26 02:00:00,0,
2025.02.26 02:34:59,scan_executed_new_execution_bar,USDJPY,2025.02.26 02:15:00,15,
2025.02.26 02:39:59,scan_skipped_same_execution_bar,USDJPY,2025.02.26 02:15:00,0,
2025.02.26 02:49:59,scan_executed_new_execution_bar,USDJPY,2025.02.26 02:30:00,16,
2025.02.26 02:54:59,scan_skipped_same_execution_bar,USDJPY,2025.02.26 02:30:00,0,
2025.02.26 03:04:59,scan_executed_new_execution_bar,USDJPY,2025.02.26 02:45:00,0,
2025.02.26 03:09:59,scan_skipped_same_execution_bar,USDJPY,2025.02.26 02:45:00,0,
2025.02.26 03:19:59,scan_executed_new_execution_bar,USDJPY,2025.02.26 03:00:00,31,
2025.02.26 03:24:59,scan_skipped_same_execution_bar,USDJPY,2025.02.26 03:00:00,0,
2025.02.26 03:34:59,scan_executed_new_execution_bar,USDJPY,2025.02.26 03:15:00,0,
2025.02.26 03:39:59,scan_skipped_same_execution_bar,USDJPY,2025.02.26 03:15:00,0,
2025.02.26 03:49:59,scan_executed_new_execution_bar,USDJPY,2025.02.26 03:30:00,16,
2025.02.26 03:54:59,scan_skipped_same_execution_bar,USDJPY,2025.02.26 03:30:00,0,
2025.02.26 04:04:59,scan_executed_new_execution_bar,USDJPY,2025.02.26 03:45:00,15,
2025.02.26 04:09:59,scan_skipped_same_execution_bar,USDJPY,2025.02.26 03:45:00,0,
2025.02.26 04:19:59,scan_executed_new_execution_bar,USDJPY,2025.02.26 04:00:00,16,
2025.02.26 04:24:59,scan_skipped_same_execution_bar,USDJPY,2025.02.26 04:00:00,0,
2025.02.26 04:34:59,scan_executed_new_execution_bar,USDJPY,2025.02.26 04:15:00,0,
2025.02.26 04:39:59,scan_skipped_same_execution_bar,USDJPY,2025.02.26 04:15:00,0,
2025.02.26 04:49:59,scan_executed_new_execution_bar,USDJPY,2025.02.26 04:30:00,0,
2025.02.26 04:54:59,scan_skipped_same_execution_bar,USDJPY,2025.02.26 04:30:00,0,
2025.02.26 05:04:59,scan_executed_new_execution_bar,USDJPY,2025.02.26 04:45:00,0,
2025.02.26 05:09:59,scan_skipped_same_execution_bar,USDJPY,2025.02.26 04:45:00,0,
2025.02.26 05:19:59,scan_executed_new_execution_bar,USDJPY,2025.02.26 05:00:00,47,
2025.02.26 05:24:59,scan_skipped_same_execution_bar,USDJPY,2025.02.26 05:00:00,0,
2025.02.26 05:34:59,scan_executed_new_execution_bar,USDJPY,2025.02.26 05:15:00,0,
2025.02.26 05:39:59,scan_skipped_same_execution_bar,USDJPY,2025.02.26 05:15:00,0,
2025.02.26 05:49:59,scan_executed_new_execution_bar,USDJPY,2025.02.26 05:30:00,0,
2025.02.26 05:54:59,scan_skipped_same_execution_bar,USDJPY,2025.02.26 05:30:00,0,
2025.02.26 06:04:59,scan_executed_new_execution_bar,USDJPY,2025.02.26 05:45:00,0,
2025.02.26 06:09:59,scan_skipped_same_execution_bar,USDJPY,2025.02.26 05:45:00,0,
2025.02.26 06:19:59,scan_executed_new_execution_bar,USDJPY,2025.02.26 06:00:00,0,
2025.02.26 06:24:59,scan_skipped_same_execution_bar,USDJPY,2025.02.26 06:00:00,0,
2025.02.26 06:34:59,scan_executed_new_execution_bar,USDJPY,2025.02.26 06:15:00,47,
2025.02.26 06:39:59,scan_skipped_same_execution_bar,USDJPY,2025.02.26 06:15:00,0,
2025.02.26 06:49:58,scan_executed_new_execution_bar,USDJPY,2025.02.26 06:30:00,0,
2025.02.26 06:54:59,scan_skipped_same_execution_bar,USDJPY,2025.02.26 06:30:00,0,
2025.02.26 07:04:59,scan_executed_new_execution_bar,USDJPY,2025.02.26 06:45:00,0,
2025.02.26 07:09:59,scan_skipped_same_execution_bar,USDJPY,2025.02.26 06:45:00,0,
2025.02.26 07:19:59,scan_executed_new_execution_bar,USDJPY,2025.02.26 07:00:00,0,
2025.02.26 07:24:59,scan_skipped_same_execution_bar,USDJPY,2025.02.26 07:00:00,0,
2025.02.26 07:34:59,scan_executed_new_execution_bar,USDJPY,2025.02.26 07:15:00,15,
2025.02.26 07:39:59,scan_skipped_same_execution_bar,USDJPY,2025.02.26 07:15:00,0,
2025.02.26 07:49:59,scan_executed_new_execution_bar,USDJPY,2025.02.26 07:30:00,0,
2025.02.26 07:54:59,scan_skipped_same_execution_bar,USDJPY,2025.02.26 07:30:00,0,
2025.02.26 08:04:59,scan_executed_new_execution_bar,USDJPY,2025.02.26 07:45:00,15,
2025.02.26 08:09:59,scan_skipped_same_execution_bar,USDJPY,2025.02.26 07:45:00,0,
2025.02.26 08:19:59,scan_executed_new_execution_bar,USDJPY,2025.02.26 08:00:00,0,
2025.02.26 08:24:59,scan_skipped_same_execution_bar,USDJPY,2025.02.26 08:00:00,0,
2025.02.26 08:34:59,scan_executed_new_execution_bar,USDJPY,2025.02.26 08:15:00,0,
2025.02.26 08:39:59,scan_skipped_same_execution_bar,USDJPY,2025.02.26 08:15:00,0,
2025.02.26 08:49:59,scan_executed_new_execution_bar,USDJPY,2025.02.26 08:30:00,16,
2025.02.26 08:54:59,scan_skipped_same_execution_bar,USDJPY,2025.02.26 08:30:00,0,
2025.02.26 09:04:59,scan_executed_new_execution_bar,USDJPY,2025.02.26 08:45:00,0,
2025.02.26 09:09:59,scan_skipped_same_execution_bar,USDJPY,2025.02.26 08:45:00,0,
2025.02.26 09:19:59,scan_executed_new_execution_bar,USDJPY,2025.02.26 09:00:00,16,
2025.02.26 09:24:59,scan_skipped_same_execution_bar,USDJPY,2025.02.26 09:00:00,0,
2025.02.26 09:34:59,scan_executed_new_execution_bar,USDJPY,2025.02.26 09:15:00,0,
2025.02.26 09:39:59,scan_skipped_same_execution_bar,USDJPY,2025.02.26 09:15:00,0,
2025.02.26 09:49:59,scan_executed_new_execution_bar,USDJPY,2025.02.26 09:30:00,0,
2025.02.26 09:54:59,scan_skipped_same_execution_bar,USDJPY,2025.02.26 09:30:00,0,
2025.02.26 10:04:59,scan_executed_new_execution_bar,USDJPY,2025.02.26 09:45:00,0,
2025.02.26 10:09:59,scan_skipped_same_execution_bar,USDJPY,2025.02.26 09:45:00,0,
2025.02.26 10:19:59,scan_executed_new_execution_bar,USDJPY,2025.02.26 10:00:00,15,
2025.02.26 10:24:59,scan_skipped_same_execution_bar,USDJPY,2025.02.26 10:00:00,0,
2025.02.26 10:34:59,scan_executed_new_execution_bar,USDJPY,2025.02.26 10:15:00,0,
2025.02.26 10:39:59,scan_skipped_same_execution_bar,USDJPY,2025.02.26 10:15:00,0,
2025.02.26 10:49:59,scan_executed_new_execution_bar,USDJPY,2025.02.26 10:30:00,15,
2025.02.26 10:54:59,scan_skipped_same_execution_bar,USDJPY,2025.02.26 10:30:00,0,
2025.02.26 11:04:59,scan_executed_new_execution_bar,USDJPY,2025.02.26 10:45:00,32,
2025.02.26 11:09:59,scan_skipped_same_execution_bar,USDJPY,2025.02.26 10:45:00,0,
2025.02.26 11:19:59,scan_executed_new_execution_bar,USDJPY,2025.02.26 11:00:00,0,
2025.02.26 11:25:00,scan_skipped_same_execution_bar,USDJPY,2025.02.26 11:00:00,0,
2025.02.26 11:34:59,scan_executed_new_execution_bar,USDJPY,2025.02.26 11:15:00,16,
2025.02.26 11:40:00,scan_skipped_same_execution_bar,USDJPY,2025.02.26 11:15:00,0,
2025.02.26 11:49:59,scan_executed_new_execution_bar,USDJPY,2025.02.26 11:30:00,16,
2025.02.26 11:54:59,scan_skipped_same_execution_bar,USDJPY,2025.02.26 11:30:00,0,
2025.02.26 12:04:59,scan_executed_new_execution_bar,USDJPY,2025.02.26 11:45:00,0,
2025.02.26 12:09:59,scan_skipped_same_execution_bar,USDJPY,2025.02.26 11:45:00,0,
2025.02.26 12:19:59,scan_executed_new_execution_bar,USDJPY,2025.02.26 12:00:00,0,
2025.02.26 12:24:59,scan_skipped_same_execution_bar,USDJPY,2025.02.26 12:00:00,0,
2025.02.26 12:34:59,scan_executed_new_execution_bar,USDJPY,2025.02.26 12:15:00,0,
2025.02.26 12:39:59,scan_skipped_same_execution_bar,USDJPY,2025.02.26 12:15:00,0,
2025.02.26 12:49:59,scan_executed_new_execution_bar,USDJPY,2025.02.26 12:30:00,0,
2025.02.26 12:54:59,scan_skipped_same_execution_bar,USDJPY,2025.02.26 12:30:00,0,
2025.02.26 13:04:59,scan_executed_new_execution_bar,USDJPY,2025.02.26 12:45:00,15,
2025.02.26 13:09:59,scan_skipped_same_execution_bar,USDJPY,2025.02.26 12:45:00,0,
2025.02.26 13:19:59,scan_executed_new_execution_bar,USDJPY,2025.02.26 13:00:00,31,
2025.02.26 13:24:59,scan_skipped_same_execution_bar,USDJPY,2025.02.26 13:00:00,0,
2025.02.26 13:34:59,scan_executed_new_execution_bar,USDJPY,2025.02.26 13:15:00,0,
2025.02.26 13:39:59,scan_skipped_same_execution_bar,USDJPY,2025.02.26 13:15:00,0,
2025.02.26 13:49:59,scan_executed_new_execution_bar,USDJPY,2025.02.26 13:30:00,15,
2025.02.26 13:54:59,scan_skipped_same_execution_bar,USDJPY,2025.02.26 13:30:00,0,
2025.02.26 14:04:59,scan_executed_new_execution_bar,USDJPY,2025.02.26 13:45:00,0,
2025.02.26 14:09:59,scan_skipped_same_execution_bar,USDJPY,2025.02.26 13:45:00,0,
2025.02.26 14:19:59,scan_executed_new_execution_bar,USDJPY,2025.02.26 14:00:00,0,
2025.02.26 14:24:59,scan_skipped_same_execution_bar,USDJPY,2025.02.26 14:00:00,0,
2025.02.26 14:34:59,scan_executed_new_execution_bar,USDJPY,2025.02.26 14:15:00,15,
2025.02.26 14:39:59,scan_skipped_same_execution_bar,USDJPY,2025.02.26 14:15:00,0,
2025.02.26 14:49:59,scan_executed_new_execution_bar,USDJPY,2025.02.26 14:30:00,16,
2025.02.26 14:55:00,scan_skipped_same_execution_bar,USDJPY,2025.02.26 14:30:00,0,
2025.02.26 15:04:59,scan_executed_new_execution_bar,USDJPY,2025.02.26 14:45:00,0,
2025.02.26 15:09:59,scan_skipped_same_execution_bar,USDJPY,2025.02.26 14:45:00,0,
2025.02.26 15:19:59,scan_executed_new_execution_bar,USDJPY,2025.02.26 15:00:00,31,
2025.02.26 15:24:59,scan_skipped_same_execution_bar,USDJPY,2025.02.26 15:00:00,0,
2025.02.26 15:34:59,scan_executed_new_execution_bar,USDJPY,2025.02.26 15:15:00,32,
2025.02.26 15:39:59,scan_skipped_same_execution_bar,USDJPY,2025.02.26 15:15:00,0,
2025.02.26 15:49:59,scan_executed_new_execution_bar,USDJPY,2025.02.26 15:30:00,0,
2025.02.26 15:54:59,scan_skipped_same_execution_bar,USDJPY,2025.02.26 15:30:00,0,
2025.02.26 16:04:59,scan_executed_new_execution_bar,USDJPY,2025.02.26 15:45:00,0,
2025.02.26 16:09:59,scan_skipped_same_execution_bar,USDJPY,2025.02.26 15:45:00,0,
2025.02.26 16:19:59,scan_executed_new_execution_bar,USDJPY,2025.02.26 16:00:00,0,
2025.02.26 16:24:59,scan_skipped_same_execution_bar,USDJPY,2025.02.26 16:00:00,0,
2025.02.26 16:34:59,scan_executed_new_execution_bar,USDJPY,2025.02.26 16:15:00,0,
2025.02.26 16:39:59,scan_skipped_same_execution_bar,USDJPY,2025.02.26 16:15:00,0,
2025.02.26 16:49:59,scan_executed_new_execution_bar,USDJPY,2025.02.26 16:30:00,0,
2025.02.26 16:54:59,scan_skipped_same_execution_bar,USDJPY,2025.02.26 16:30:00,0,
2025.02.26 17:04:59,scan_executed_new_execution_bar,USDJPY,2025.02.26 16:45:00,0,
2025.02.26 17:09:59,scan_skipped_same_execution_bar,USDJPY,2025.02.26 16:45:00,0,
2025.02.26 17:19:59,scan_executed_new_execution_bar,USDJPY,2025.02.26 17:00:00,0,
2025.02.26 17:24:59,scan_skipped_same_execution_bar,USDJPY,2025.02.26 17:00:00,0,
2025.02.26 17:34:59,scan_executed_new_execution_bar,USDJPY,2025.02.26 17:15:00,0,
2025.02.26 17:39:59,scan_skipped_same_execution_bar,USDJPY,2025.02.26 17:15:00,0,
2025.02.26 17:49:59,scan_executed_new_execution_bar,USDJPY,2025.02.26 17:30:00,15,
2025.02.26 17:54:59,scan_skipped_same_execution_bar,USDJPY,2025.02.26 17:30:00,0,
2025.02.26 18:04:59,scan_executed_new_execution_bar,USDJPY,2025.02.26 17:45:00,0,
2025.02.26 18:09:59,scan_skipped_same_execution_bar,USDJPY,2025.02.26 17:45:00,0,
2025.02.26 18:19:59,scan_executed_new_execution_bar,USDJPY,2025.02.26 18:00:00,31,
2025.02.26 18:24:59,scan_skipped_same_execution_bar,USDJPY,2025.02.26 18:00:00,0,
2025.02.26 18:34:59,scan_executed_new_execution_bar,USDJPY,2025.02.26 18:15:00,47,
2025.02.26 18:39:59,scan_skipped_same_execution_bar,USDJPY,2025.02.26 18:15:00,0,
2025.02.26 18:49:59,scan_executed_new_execution_bar,USDJPY,2025.02.26 18:30:00,0,
2025.02.26 18:54:59,scan_skipped_same_execution_bar,USDJPY,2025.02.26 18:30:00,0,
2025.02.26 19:04:59,scan_executed_new_execution_bar,USDJPY,2025.02.26 18:45:00,32,
2025.02.26 19:09:59,scan_skipped_same_execution_bar,USDJPY,2025.02.26 18:45:00,0,
2025.02.26 19:19:59,scan_executed_new_execution_bar,USDJPY,2025.02.26 19:00:00,16,
2025.02.26 19:24:59,scan_skipped_same_execution_bar,USDJPY,2025.02.26 19:00:00,0,
2025.02.26 19:34:59,scan_executed_new_execution_bar,USDJPY,2025.02.26 19:15:00,0,
2025.02.26 19:39:59,scan_skipped_same_execution_bar,USDJPY,2025.02.26 19:15:00,0,
2025.02.26 19:49:59,scan_executed_new_execution_bar,USDJPY,2025.02.26 19:30:00,63,
2025.02.26 19:54:59,scan_skipped_same_execution_bar,USDJPY,2025.02.26 19:30:00,0,
2025.02.26 20:04:59,scan_executed_new_execution_bar,USDJPY,2025.02.26 19:45:00,15,
2025.02.26 20:09:59,scan_skipped_same_execution_bar,USDJPY,2025.02.26 19:45:00,0,
2025.02.26 20:19:59,scan_executed_new_execution_bar,USDJPY,2025.02.26 20:00:00,0,
2025.02.26 20:24:59,scan_skipped_same_execution_bar,USDJPY,2025.02.26 20:00:00,0,
2025.02.26 20:34:59,scan_executed_new_execution_bar,USDJPY,2025.02.26 20:15:00,0,
2025.02.26 20:39:59,scan_skipped_same_execution_bar,USDJPY,2025.02.26 20:15:00,0,
2025.02.26 20:49:59,scan_executed_new_execution_bar,USDJPY,2025.02.26 20:30:00,16,
2025.02.26 20:54:59,scan_skipped_same_execution_bar,USDJPY,2025.02.26 20:30:00,0,
2025.02.26 21:04:59,scan_executed_new_execution_bar,USDJPY,2025.02.26 20:45:00,0,
2025.02.26 21:09:59,scan_skipped_same_execution_bar,USDJPY,2025.02.26 20:45:00,0,
2025.02.26 21:19:59,scan_executed_new_execution_bar,USDJPY,2025.02.26 21:00:00,0,
2025.02.26 21:24:59,scan_skipped_same_execution_bar,USDJPY,2025.02.26 21:00:00,0,
2025.02.26 21:34:59,scan_executed_new_execution_bar,USDJPY,2025.02.26 21:15:00,78,
2025.02.26 21:39:59,scan_skipped_same_execution_bar,USDJPY,2025.02.26 21:15:00,0,
2025.02.26 21:49:59,scan_executed_new_execution_bar,USDJPY,2025.02.26 21:30:00,47,
2025.02.26 21:54:59,scan_skipped_same_execution_bar,USDJPY,2025.02.26 21:30:00,0,
2025.02.26 22:04:59,scan_executed_new_execution_bar,USDJPY,2025.02.26 21:45:00,0,
2025.02.26 22:10:00,scan_skipped_same_execution_bar,USDJPY,2025.02.26 21:45:00,0,
2025.02.26 22:19:59,scan_executed_new_execution_bar,USDJPY,2025.02.26 22:00:00,0,
2025.02.26 22:24:58,scan_skipped_same_execution_bar,USDJPY,2025.02.26 22:00:00,0,
2025.02.26 22:34:59,scan_executed_new_execution_bar,USDJPY,2025.02.26 22:15:00,0,
2025.02.26 22:39:59,scan_skipped_same_execution_bar,USDJPY,2025.02.26 22:15:00,0,
2025.02.26 22:49:59,scan_executed_new_execution_bar,USDJPY,2025.02.26 22:30:00,62,
2025.02.26 22:54:59,scan_skipped_same_execution_bar,USDJPY,2025.02.26 22:30:00,0,
2025.02.26 23:04:59,scan_executed_new_execution_bar,USDJPY,2025.02.26 22:45:00,0,
2025.02.26 23:09:59,scan_skipped_same_execution_bar,USDJPY,2025.02.26 22:45:00,0,
2025.02.26 23:19:59,scan_executed_new_execution_bar,USDJPY,2025.02.26 23:00:00,0,
2025.02.26 23:24:59,scan_skipped_same_execution_bar,USDJPY,2025.02.26 23:00:00,0,
2025.02.26 23:34:59,scan_executed_new_execution_bar,USDJPY,2025.02.26 23:15:00,16,
2025.02.26 23:39:59,scan_skipped_same_execution_bar,USDJPY,2025.02.26 23:15:00,0,
2025.02.26 23:49:58,scan_executed_new_execution_bar,USDJPY,2025.02.26 23:30:00,0,
2025.02.26 23:54:59,scan_skipped_same_execution_bar,USDJPY,2025.02.26 23:30:00,0,
2025.02.27 00:00:00,scan_executed_new_execution_bar,USDJPY,2025.02.26 23:45:00,0,
2025.02.27 00:05:00,scan_skipped_same_execution_bar,USDJPY,2025.02.26 23:45:00,0,
2025.02.27 00:20:00,scan_executed_new_execution_bar,USDJPY,2025.02.27 00:00:00,0,
2025.02.27 00:24:59,scan_skipped_same_execution_bar,USDJPY,2025.02.27 00:00:00,0,
2025.02.27 00:35:00,scan_executed_new_execution_bar,USDJPY,2025.02.27 00:15:00,0,
2025.02.27 00:40:00,scan_skipped_same_execution_bar,USDJPY,2025.02.27 00:15:00,0,
2025.02.27 00:50:00,scan_executed_new_execution_bar,USDJPY,2025.02.27 00:30:00,0,
2025.02.27 00:55:00,scan_skipped_same_execution_bar,USDJPY,2025.02.27 00:30:00,0,
2025.02.27 01:00:00,scan_executed_new_execution_bar,USDJPY,2025.02.27 00:45:00,0,
2025.02.27 01:05:00,scan_skipped_same_execution_bar,USDJPY,2025.02.27 00:45:00,0,
2025.02.27 01:15:00,scan_executed_new_execution_bar,USDJPY,2025.02.27 01:00:00,0,
2025.02.27 01:20:00,scan_skipped_same_execution_bar,USDJPY,2025.02.27 01:00:00,0,
2025.02.27 01:30:00,scan_executed_new_execution_bar,USDJPY,2025.02.27 01:15:00,0,
2025.02.27 01:35:00,scan_skipped_same_execution_bar,USDJPY,2025.02.27 01:15:00,0,
2025.02.27 01:45:00,scan_executed_new_execution_bar,USDJPY,2025.02.27 01:30:00,0,
2025.02.27 01:50:00,scan_skipped_same_execution_bar,USDJPY,2025.02.27 01:30:00,0,
2025.02.27 02:00:00,scan_executed_new_execution_bar,USDJPY,2025.02.27 01:45:00,0,
2025.02.27 02:05:00,scan_skipped_same_execution_bar,USDJPY,2025.02.27 01:45:00,0,
2025.02.27 02:15:00,scan_executed_new_execution_bar,USDJPY,2025.02.27 02:00:00,16,
2025.02.27 02:20:00,scan_skipped_same_execution_bar,USDJPY,2025.02.27 02:00:00,0,
2025.02.27 02:30:00,scan_executed_new_execution_bar,USDJPY,2025.02.27 02:15:00,0,
2025.02.27 02:35:00,scan_skipped_same_execution_bar,USDJPY,2025.02.27 02:15:00,0,
2025.02.27 02:45:00,scan_executed_new_execution_bar,USDJPY,2025.02.27 02:30:00,16,
2025.02.27 02:50:00,scan_skipped_same_execution_bar,USDJPY,2025.02.27 02:30:00,0,
2025.02.27 03:00:00,scan_executed_new_execution_bar,USDJPY,2025.02.27 02:45:00,0,
2025.02.27 03:05:00,scan_skipped_same_execution_bar,USDJPY,2025.02.27 02:45:00,0,
2025.02.27 03:15:00,scan_executed_new_execution_bar,USDJPY,2025.02.27 03:00:00,16,
2025.02.27 03:20:00,scan_skipped_same_execution_bar,USDJPY,2025.02.27 03:00:00,0,
2025.02.27 03:30:00,scan_executed_new_execution_bar,USDJPY,2025.02.27 03:15:00,0,
2025.02.27 03:35:00,scan_skipped_same_execution_bar,USDJPY,2025.02.27 03:15:00,0,
2025.02.27 03:45:00,scan_executed_new_execution_bar,USDJPY,2025.02.27 03:30:00,16,
2025.02.27 03:50:00,scan_skipped_same_execution_bar,USDJPY,2025.02.27 03:30:00,0,
2025.02.27 04:00:00,scan_executed_new_execution_bar,USDJPY,2025.02.27 03:45:00,0,
2025.02.27 04:05:00,scan_skipped_same_execution_bar,USDJPY,2025.02.27 03:45:00,0,
2025.02.27 04:15:00,scan_executed_new_execution_bar,USDJPY,2025.02.27 04:00:00,0,
2025.02.27 04:20:00,scan_skipped_same_execution_bar,USDJPY,2025.02.27 04:00:00,0,
2025.02.27 04:30:00,scan_executed_new_execution_bar,USDJPY,2025.02.27 04:15:00,47,
2025.02.27 04:35:00,scan_skipped_same_execution_bar,USDJPY,2025.02.27 04:15:00,0,
2025.02.27 04:45:00,scan_executed_new_execution_bar,USDJPY,2025.02.27 04:30:00,31,
2025.02.27 04:50:00,scan_skipped_same_execution_bar,USDJPY,2025.02.27 04:30:00,0,
2025.02.27 05:00:00,scan_executed_new_execution_bar,USDJPY,2025.02.27 04:45:00,0,
2025.02.27 05:05:00,scan_skipped_same_execution_bar,USDJPY,2025.02.27 04:45:00,0,
2025.02.27 05:15:00,scan_executed_new_execution_bar,USDJPY,2025.02.27 05:00:00,0,
2025.02.27 05:20:00,scan_skipped_same_execution_bar,USDJPY,2025.02.27 05:00:00,0,
2025.02.27 05:30:00,scan_executed_new_execution_bar,USDJPY,2025.02.27 05:15:00,0,
2025.02.27 05:35:00,scan_skipped_same_execution_bar,USDJPY,2025.02.27 05:15:00,0,
2025.02.27 05:45:00,scan_executed_new_execution_bar,USDJPY,2025.02.27 05:30:00,16,
2025.02.27 05:50:00,scan_skipped_same_execution_bar,USDJPY,2025.02.27 05:30:00,0,
2025.02.27 06:00:00,scan_executed_new_execution_bar,USDJPY,2025.02.27 05:45:00,15,
2025.02.27 06:05:00,scan_skipped_same_execution_bar,USDJPY,2025.02.27 05:45:00,0,
2025.02.27 06:15:00,scan_executed_new_execution_bar,USDJPY,2025.02.27 06:00:00,16,
2025.02.27 06:20:00,scan_skipped_same_execution_bar,USDJPY,2025.02.27 06:00:00,0,
2025.02.27 06:30:00,scan_executed_new_execution_bar,USDJPY,2025.02.27 06:15:00,15,
2025.02.27 06:35:00,scan_skipped_same_execution_bar,USDJPY,2025.02.27 06:15:00,0,
2025.02.27 06:45:00,scan_executed_new_execution_bar,USDJPY,2025.02.27 06:30:00,0,
2025.02.27 06:50:00,scan_skipped_same_execution_bar,USDJPY,2025.02.27 06:30:00,0,
2025.02.27 07:00:00,scan_executed_new_execution_bar,USDJPY,2025.02.27 06:45:00,0,
2025.02.27 07:05:00,scan_skipped_same_execution_bar,USDJPY,2025.02.27 06:45:00,0,
2025.02.27 07:15:00,scan_executed_new_execution_bar,USDJPY,2025.02.27 07:00:00,15,
2025.02.27 07:20:00,scan_skipped_same_execution_bar,USDJPY,2025.02.27 07:00:00,0,
2025.02.27 07:30:00,scan_executed_new_execution_bar,USDJPY,2025.02.27 07:15:00,16,
2025.02.27 07:35:00,scan_skipped_same_execution_bar,USDJPY,2025.02.27 07:15:00,0,
2025.02.27 07:45:00,scan_executed_new_execution_bar,USDJPY,2025.02.27 07:30:00,0,
2025.02.27 07:50:00,scan_skipped_same_execution_bar,USDJPY,2025.02.27 07:30:00,0,
2025.02.27 08:00:00,scan_executed_new_execution_bar,USDJPY,2025.02.27 07:45:00,0,
2025.02.27 08:05:00,scan_skipped_same_execution_bar,USDJPY,2025.02.27 07:45:00,0,
2025.02.27 08:15:00,scan_executed_new_execution_bar,USDJPY,2025.02.27 08:00:00,16,
2025.02.27 08:20:00,scan_skipped_same_execution_bar,USDJPY,2025.02.27 08:00:00,0,
2025.02.27 08:30:00,scan_executed_new_execution_bar,USDJPY,2025.02.27 08:15:00,0,
2025.02.27 08:35:00,scan_skipped_same_execution_bar,USDJPY,2025.02.27 08:15:00,0,
2025.02.27 08:45:00,scan_executed_new_execution_bar,USDJPY,2025.02.27 08:30:00,16,
2025.02.27 08:50:00,scan_skipped_same_execution_bar,USDJPY,2025.02.27 08:30:00,0,
2025.02.27 09:00:00,scan_executed_new_execution_bar,USDJPY,2025.02.27 08:45:00,15,
2025.02.27 09:05:00,scan_skipped_same_execution_bar,USDJPY,2025.02.27 08:45:00,0,
2025.02.27 09:15:00,scan_executed_new_execution_bar,USDJPY,2025.02.27 09:00:00,16,
2025.02.27 09:20:00,scan_skipped_same_execution_bar,USDJPY,2025.02.27 09:00:00,0,
2025.02.27 09:30:00,scan_executed_new_execution_bar,USDJPY,2025.02.27 09:15:00,0,
2025.02.27 09:35:00,scan_skipped_same_execution_bar,USDJPY,2025.02.27 09:15:00,0,
2025.02.27 09:45:00,scan_executed_new_execution_bar,USDJPY,2025.02.27 09:30:00,0,
2025.02.27 09:50:00,scan_skipped_same_execution_bar,USDJPY,2025.02.27 09:30:00,0,
2025.02.27 10:00:00,scan_executed_new_execution_bar,USDJPY,2025.02.27 09:45:00,16,
2025.02.27 10:05:00,scan_skipped_same_execution_bar,USDJPY,2025.02.27 09:45:00,0,
2025.02.27 10:15:00,scan_executed_new_execution_bar,USDJPY,2025.02.27 10:00:00,0,
2025.02.27 10:20:00,scan_skipped_same_execution_bar,USDJPY,2025.02.27 10:00:00,0,
2025.02.27 10:30:00,scan_executed_new_execution_bar,USDJPY,2025.02.27 10:15:00,16,
2025.02.27 10:35:00,scan_skipped_same_execution_bar,USDJPY,2025.02.27 10:15:00,0,
2025.02.27 10:45:00,scan_executed_new_execution_bar,USDJPY,2025.02.27 10:30:00,0,
2025.02.27 10:50:00,scan_skipped_same_execution_bar,USDJPY,2025.02.27 10:30:00,0,
2025.02.27 11:00:00,scan_executed_new_execution_bar,USDJPY,2025.02.27 10:45:00,0,
2025.02.27 11:05:00,scan_skipped_same_execution_bar,USDJPY,2025.02.27 10:45:00,0,
2025.02.27 11:15:00,scan_executed_new_execution_bar,USDJPY,2025.02.27 11:00:00,0,
2025.02.27 11:20:00,scan_skipped_same_execution_bar,USDJPY,2025.02.27 11:00:00,0,
2025.02.27 11:30:00,scan_executed_new_execution_bar,USDJPY,2025.02.27 11:15:00,0,
2025.02.27 11:35:00,scan_skipped_same_execution_bar,USDJPY,2025.02.27 11:15:00,0,
2025.02.27 11:45:00,scan_executed_new_execution_bar,USDJPY,2025.02.27 11:30:00,0,
2025.02.27 11:50:00,scan_skipped_same_execution_bar,USDJPY,2025.02.27 11:30:00,0,
2025.02.27 12:00:00,scan_executed_new_execution_bar,USDJPY,2025.02.27 11:45:00,16,
2025.02.27 12:05:00,scan_skipped_same_execution_bar,USDJPY,2025.02.27 11:45:00,0,
2025.02.27 12:15:00,scan_executed_new_execution_bar,USDJPY,2025.02.27 12:00:00,0,
2025.02.27 12:20:00,scan_skipped_same_execution_bar,USDJPY,2025.02.27 12:00:00,0,
2025.02.27 12:30:00,scan_executed_new_execution_bar,USDJPY,2025.02.27 12:15:00,16,
2025.02.27 12:35:00,scan_skipped_same_execution_bar,USDJPY,2025.02.27 12:15:00,0,
2025.02.27 12:45:00,scan_executed_new_execution_bar,USDJPY,2025.02.27 12:30:00,31,
2025.02.27 12:50:00,scan_skipped_same_execution_bar,USDJPY,2025.02.27 12:30:00,0,
2025.02.27 13:00:00,scan_executed_new_execution_bar,USDJPY,2025.02.27 12:45:00,0,
2025.02.27 13:05:00,scan_skipped_same_execution_bar,USDJPY,2025.02.27 12:45:00,0,
2025.02.27 13:15:00,scan_executed_new_execution_bar,USDJPY,2025.02.27 13:00:00,0,
2025.02.27 13:20:00,scan_skipped_same_execution_bar,USDJPY,2025.02.27 13:00:00,0,
2025.02.27 13:30:00,scan_executed_new_execution_bar,USDJPY,2025.02.27 13:15:00,0,
2025.02.27 13:35:00,scan_skipped_same_execution_bar,USDJPY,2025.02.27 13:15:00,0,
2025.02.27 13:45:00,scan_executed_new_execution_bar,USDJPY,2025.02.27 13:30:00,47,
2025.02.27 13:50:00,scan_skipped_same_execution_bar,USDJPY,2025.02.27 13:30:00,0,
2025.02.27 14:05:00,scan_executed_new_execution_bar,USDJPY,2025.02.27 13:45:00,0,
2025.02.27 14:10:00,scan_skipped_same_execution_bar,USDJPY,2025.02.27 13:45:00,0,
2025.02.27 14:20:00,scan_executed_new_execution_bar,USDJPY,2025.02.27 14:00:00,0,
2025.02.27 14:25:00,scan_skipped_same_execution_bar,USDJPY,2025.02.27 14:00:00,0,
2025.02.27 14:30:00,scan_executed_new_execution_bar,USDJPY,2025.02.27 14:15:00,0,
2025.02.27 14:35:00,scan_skipped_same_execution_bar,USDJPY,2025.02.27 14:15:00,0,
2025.02.27 14:50:00,scan_executed_new_execution_bar,USDJPY,2025.02.27 14:30:00,0,
2025.02.27 14:55:00,scan_skipped_same_execution_bar,USDJPY,2025.02.27 14:30:00,0,
2025.02.27 15:00:00,scan_executed_new_execution_bar,USDJPY,2025.02.27 14:45:00,0,
2025.02.27 15:05:00,scan_skipped_same_execution_bar,USDJPY,2025.02.27 14:45:00,0,
2025.02.27 15:15:00,scan_executed_new_execution_bar,USDJPY,2025.02.27 15:00:00,0,
2025.02.27 15:20:00,scan_skipped_same_execution_bar,USDJPY,2025.02.27 15:00:00,0,
2025.02.27 15:30:00,scan_executed_new_execution_bar,USDJPY,2025.02.27 15:15:00,0,
2025.02.27 15:35:00,scan_skipped_same_execution_bar,USDJPY,2025.02.27 15:15:00,0,
2025.02.27 15:45:00,scan_executed_new_execution_bar,USDJPY,2025.02.27 15:30:00,0,
2025.02.27 15:50:00,scan_skipped_same_execution_bar,USDJPY,2025.02.27 15:30:00,0,
2025.02.27 16:00:00,scan_executed_new_execution_bar,USDJPY,2025.02.27 15:45:00,0,
2025.02.27 16:05:00,scan_skipped_same_execution_bar,USDJPY,2025.02.27 15:45:00,0,
2025.02.27 16:15:00,scan_executed_new_execution_bar,USDJPY,2025.02.27 16:00:00,0,
2025.02.27 16:20:00,scan_skipped_same_execution_bar,USDJPY,2025.02.27 16:00:00,0,
2025.02.27 16:30:00,scan_executed_new_execution_bar,USDJPY,2025.02.27 16:15:00,47,
2025.02.27 16:35:00,scan_skipped_same_execution_bar,USDJPY,2025.02.27 16:15:00,0,
2025.02.27 16:45:00,scan_executed_new_execution_bar,USDJPY,2025.02.27 16:30:00,0,
2025.02.27 16:50:00,scan_skipped_same_execution_bar,USDJPY,2025.02.27 16:30:00,0,
2025.02.27 17:00:00,scan_executed_new_execution_bar,USDJPY,2025.02.27 16:45:00,0,
2025.02.27 17:05:00,scan_skipped_same_execution_bar,USDJPY,2025.02.27 16:45:00,0,
2025.02.27 17:15:00,scan_executed_new_execution_bar,USDJPY,2025.02.27 17:00:00,0,
2025.02.27 17:20:00,scan_skipped_same_execution_bar,USDJPY,2025.02.27 17:00:00,0,
2025.02.27 17:30:00,scan_executed_new_execution_bar,USDJPY,2025.02.27 17:15:00,0,
2025.02.27 17:35:00,scan_skipped_same_execution_bar,USDJPY,2025.02.27 17:15:00,0,
2025.02.27 17:45:00,scan_executed_new_execution_bar,USDJPY,2025.02.27 17:30:00,0,
2025.02.27 17:50:00,scan_skipped_same_execution_bar,USDJPY,2025.02.27 17:30:00,0,
2025.02.27 18:00:00,scan_executed_new_execution_bar,USDJPY,2025.02.27 17:45:00,0,
2025.02.27 18:05:00,scan_skipped_same_execution_bar,USDJPY,2025.02.27 17:45:00,0,
2025.02.27 18:15:00,scan_executed_new_execution_bar,USDJPY,2025.02.27 18:00:00,0,
2025.02.27 18:20:00,scan_skipped_same_execution_bar,USDJPY,2025.02.27 18:00:00,0,
2025.02.27 18:30:00,scan_executed_new_execution_bar,USDJPY,2025.02.27 18:15:00,0,
2025.02.27 18:35:00,scan_skipped_same_execution_bar,USDJPY,2025.02.27 18:15:00,0,
2025.02.27 18:45:00,scan_executed_new_execution_bar,USDJPY,2025.02.27 18:30:00,16,
2025.02.27 18:50:00,scan_skipped_same_execution_bar,USDJPY,2025.02.27 18:30:00,0,
2025.02.27 19:00:00,scan_executed_new_execution_bar,USDJPY,2025.02.27 18:45:00,16,
2025.02.27 19:05:00,scan_skipped_same_execution_bar,USDJPY,2025.02.27 18:45:00,0,
2025.02.27 19:15:00,scan_executed_new_execution_bar,USDJPY,2025.02.27 19:00:00,15,
2025.02.27 19:20:00,scan_skipped_same_execution_bar,USDJPY,2025.02.27 19:00:00,0,
2025.02.27 19:30:00,scan_executed_new_execution_bar,USDJPY,2025.02.27 19:15:00,16,
2025.02.27 19:35:00,scan_skipped_same_execution_bar,USDJPY,2025.02.27 19:15:00,0,
2025.02.27 19:45:00,scan_executed_new_execution_bar,USDJPY,2025.02.27 19:30:00,0,
2025.02.27 19:50:00,scan_skipped_same_execution_bar,USDJPY,2025.02.27 19:30:00,0,
2025.02.27 20:00:00,scan_executed_new_execution_bar,USDJPY,2025.02.27 19:45:00,15,
2025.02.27 20:05:00,scan_skipped_same_execution_bar,USDJPY,2025.02.27 19:45:00,0,
2025.02.27 20:15:00,scan_executed_new_execution_bar,USDJPY,2025.02.27 20:00:00,47,
2025.02.27 20:20:00,scan_skipped_same_execution_bar,USDJPY,2025.02.27 20:00:00,0,
2025.02.27 20:30:00,scan_executed_new_execution_bar,USDJPY,2025.02.27 20:15:00,16,
2025.02.27 20:35:00,scan_skipped_same_execution_bar,USDJPY,2025.02.27 20:15:00,0,
2025.02.27 20:45:00,scan_executed_new_execution_bar,USDJPY,2025.02.27 20:30:00,15,
2025.02.27 20:50:00,scan_skipped_same_execution_bar,USDJPY,2025.02.27 20:30:00,0,
2025.02.27 21:00:00,scan_executed_new_execution_bar,USDJPY,2025.02.27 20:45:00,0,
2025.02.27 21:05:00,scan_skipped_same_execution_bar,USDJPY,2025.02.27 20:45:00,0,
2025.02.27 21:15:00,scan_executed_new_execution_bar,USDJPY,2025.02.27 21:00:00,31,
2025.02.27 21:20:00,scan_skipped_same_execution_bar,USDJPY,2025.02.27 21:00:00,0,
2025.02.27 21:30:00,scan_executed_new_execution_bar,USDJPY,2025.02.27 21:15:00,16,
2025.02.27 21:35:00,scan_skipped_same_execution_bar,USDJPY,2025.02.27 21:15:00,0,
2025.02.27 21:45:00,scan_executed_new_execution_bar,USDJPY,2025.02.27 21:30:00,0,
2025.02.27 21:50:00,scan_skipped_same_execution_bar,USDJPY,2025.02.27 21:30:00,0,
2025.02.27 22:00:00,scan_executed_new_execution_bar,USDJPY,2025.02.27 21:45:00,0,
2025.02.27 22:05:00,scan_skipped_same_execution_bar,USDJPY,2025.02.27 21:45:00,0,
2025.02.27 22:15:00,scan_executed_new_execution_bar,USDJPY,2025.02.27 22:00:00,0,
2025.02.27 22:20:00,scan_skipped_same_execution_bar,USDJPY,2025.02.27 22:00:00,0,
2025.02.27 22:30:00,scan_executed_new_execution_bar,USDJPY,2025.02.27 22:15:00,0,
2025.02.27 22:35:00,scan_skipped_same_execution_bar,USDJPY,2025.02.27 22:15:00,0,
2025.02.27 22:45:00,scan_executed_new_execution_bar,USDJPY,2025.02.27 22:30:00,0,
2025.02.27 22:50:00,scan_skipped_same_execution_bar,USDJPY,2025.02.27 22:30:00,0,
2025.02.27 23:00:00,scan_executed_new_execution_bar,USDJPY,2025.02.27 22:45:00,16,
2025.02.27 23:05:00,scan_skipped_same_execution_bar,USDJPY,2025.02.27 22:45:00,0,
2025.02.27 23:15:00,scan_executed_new_execution_bar,USDJPY,2025.02.27 23:00:00,0,
2025.02.27 23:20:00,scan_skipped_same_execution_bar,USDJPY,2025.02.27 23:00:00,0,
2025.02.27 23:30:00,scan_executed_new_execution_bar,USDJPY,2025.02.27 23:15:00,0,
2025.02.27 23:35:00,scan_skipped_same_execution_bar,USDJPY,2025.02.27 23:15:00,0,
2025.02.27 23:45:00,scan_executed_new_execution_bar,USDJPY,2025.02.27 23:30:00,16,
2025.02.27 23:50:00,scan_skipped_same_execution_bar,USDJPY,2025.02.27 23:30:00,0,
2025.02.28 00:04:53,scan_executed_new_execution_bar,USDJPY,2025.02.27 23:45:00,0,
2025.02.28 00:09:55,scan_skipped_same_execution_bar,USDJPY,2025.02.27 23:45:00,0,
2025.02.28 00:19:59,scan_executed_new_execution_bar,USDJPY,2025.02.28 00:00:00,0,
2025.02.28 00:24:59,scan_skipped_same_execution_bar,USDJPY,2025.02.28 00:00:00,0,
2025.02.28 00:34:49,scan_executed_new_execution_bar,USDJPY,2025.02.28 00:15:00,16,
2025.02.28 00:39:59,scan_skipped_same_execution_bar,USDJPY,2025.02.28 00:15:00,0,
2025.02.28 00:49:59,scan_executed_new_execution_bar,USDJPY,2025.02.28 00:30:00,0,
2025.02.28 00:54:59,scan_skipped_same_execution_bar,USDJPY,2025.02.28 00:30:00,0,
2025.02.28 01:04:57,scan_executed_new_execution_bar,USDJPY,2025.02.28 00:45:00,0,
2025.02.28 01:09:57,scan_skipped_same_execution_bar,USDJPY,2025.02.28 00:45:00,0,
2025.02.28 01:19:59,scan_executed_new_execution_bar,USDJPY,2025.02.28 01:00:00,0,
2025.02.28 01:24:58,scan_skipped_same_execution_bar,USDJPY,2025.02.28 01:00:00,0,
2025.02.28 01:34:59,scan_executed_new_execution_bar,USDJPY,2025.02.28 01:15:00,0,
2025.02.28 01:39:59,scan_skipped_same_execution_bar,USDJPY,2025.02.28 01:15:00,0,
2025.02.28 01:49:58,scan_executed_new_execution_bar,USDJPY,2025.02.28 01:30:00,15,
2025.02.28 01:54:59,scan_skipped_same_execution_bar,USDJPY,2025.02.28 01:30:00,0,
2025.02.28 02:04:59,scan_executed_new_execution_bar,USDJPY,2025.02.28 01:45:00,0,
2025.02.28 02:09:59,scan_skipped_same_execution_bar,USDJPY,2025.02.28 01:45:00,0,
2025.02.28 02:19:59,scan_executed_new_execution_bar,USDJPY,2025.02.28 02:00:00,0,
2025.02.28 02:24:59,scan_skipped_same_execution_bar,USDJPY,2025.02.28 02:00:00,0,
2025.02.28 02:34:59,scan_executed_new_execution_bar,USDJPY,2025.02.28 02:15:00,16,
2025.02.28 02:39:59,scan_skipped_same_execution_bar,USDJPY,2025.02.28 02:15:00,0,
2025.02.28 02:49:59,scan_executed_new_execution_bar,USDJPY,2025.02.28 02:30:00,0,
2025.02.28 02:54:59,scan_skipped_same_execution_bar,USDJPY,2025.02.28 02:30:00,0,
2025.02.28 03:04:59,scan_executed_new_execution_bar,USDJPY,2025.02.28 02:45:00,0,
2025.02.28 03:09:59,scan_skipped_same_execution_bar,USDJPY,2025.02.28 02:45:00,0,
2025.02.28 03:19:59,scan_executed_new_execution_bar,USDJPY,2025.02.28 03:00:00,47,
2025.02.28 03:24:59,scan_skipped_same_execution_bar,USDJPY,2025.02.28 03:00:00,0,
2025.02.28 03:34:59,scan_executed_new_execution_bar,USDJPY,2025.02.28 03:15:00,0,
2025.02.28 03:39:59,scan_skipped_same_execution_bar,USDJPY,2025.02.28 03:15:00,0,
2025.02.28 03:49:59,scan_executed_new_execution_bar,USDJPY,2025.02.28 03:30:00,15,
2025.02.28 03:54:59,scan_skipped_same_execution_bar,USDJPY,2025.02.28 03:30:00,0,
2025.02.28 04:04:59,scan_executed_new_execution_bar,USDJPY,2025.02.28 03:45:00,0,
2025.02.28 04:09:59,scan_skipped_same_execution_bar,USDJPY,2025.02.28 03:45:00,0,
2025.02.28 04:19:59,scan_executed_new_execution_bar,USDJPY,2025.02.28 04:00:00,0,
2025.02.28 04:24:59,scan_skipped_same_execution_bar,USDJPY,2025.02.28 04:00:00,0,
2025.02.28 04:34:59,scan_executed_new_execution_bar,USDJPY,2025.02.28 04:15:00,78,
2025.02.28 04:39:59,scan_skipped_same_execution_bar,USDJPY,2025.02.28 04:15:00,0,
2025.02.28 04:49:59,scan_executed_new_execution_bar,USDJPY,2025.02.28 04:30:00,15,
2025.02.28 04:54:58,scan_skipped_same_execution_bar,USDJPY,2025.02.28 04:30:00,0,
2025.02.28 05:04:59,scan_executed_new_execution_bar,USDJPY,2025.02.28 04:45:00,47,
2025.02.28 05:09:59,scan_skipped_same_execution_bar,USDJPY,2025.02.28 04:45:00,0,
2025.02.28 05:19:59,scan_executed_new_execution_bar,USDJPY,2025.02.28 05:00:00,15,
2025.02.28 05:24:59,scan_skipped_same_execution_bar,USDJPY,2025.02.28 05:00:00,0,
2025.02.28 05:34:59,scan_executed_new_execution_bar,USDJPY,2025.02.28 05:15:00,0,
2025.02.28 05:39:59,scan_skipped_same_execution_bar,USDJPY,2025.02.28 05:15:00,0,
2025.02.28 05:49:59,scan_executed_new_execution_bar,USDJPY,2025.02.28 05:30:00,0,
2025.02.28 05:54:59,scan_skipped_same_execution_bar,USDJPY,2025.02.28 05:30:00,0,
2025.02.28 06:04:59,scan_executed_new_execution_bar,USDJPY,2025.02.28 05:45:00,16,
2025.02.28 06:09:59,scan_skipped_same_execution_bar,USDJPY,2025.02.28 05:45:00,0,
2025.02.28 06:19:59,scan_executed_new_execution_bar,USDJPY,2025.02.28 06:00:00,0,
2025.02.28 06:24:59,scan_skipped_same_execution_bar,USDJPY,2025.02.28 06:00:00,0,
2025.02.28 06:34:59,scan_executed_new_execution_bar,USDJPY,2025.02.28 06:15:00,16,
2025.02.28 06:39:59,scan_skipped_same_execution_bar,USDJPY,2025.02.28 06:15:00,0,
2025.02.28 06:49:59,scan_executed_new_execution_bar,USDJPY,2025.02.28 06:30:00,0,
2025.02.28 06:54:59,scan_skipped_same_execution_bar,USDJPY,2025.02.28 06:30:00,0,
2025.02.28 07:04:59,scan_executed_new_execution_bar,USDJPY,2025.02.28 06:45:00,0,
2025.02.28 07:09:59,scan_skipped_same_execution_bar,USDJPY,2025.02.28 06:45:00,0,
2025.02.28 07:19:59,scan_executed_new_execution_bar,USDJPY,2025.02.28 07:00:00,0,
2025.02.28 07:24:59,scan_skipped_same_execution_bar,USDJPY,2025.02.28 07:00:00,0,
2025.02.28 07:34:59,scan_executed_new_execution_bar,USDJPY,2025.02.28 07:15:00,0,
2025.02.28 07:39:59,scan_skipped_same_execution_bar,USDJPY,2025.02.28 07:15:00,0,
2025.02.28 07:49:59,scan_executed_new_execution_bar,USDJPY,2025.02.28 07:30:00,0,
2025.02.28 07:54:59,scan_skipped_same_execution_bar,USDJPY,2025.02.28 07:30:00,0,
2025.02.28 08:04:59,scan_executed_new_execution_bar,USDJPY,2025.02.28 07:45:00,0,
2025.02.28 08:09:59,scan_skipped_same_execution_bar,USDJPY,2025.02.28 07:45:00,0,
2025.02.28 08:19:59,scan_executed_new_execution_bar,USDJPY,2025.02.28 08:00:00,0,
2025.02.28 08:24:59,scan_skipped_same_execution_bar,USDJPY,2025.02.28 08:00:00,0,
2025.02.28 08:34:59,scan_executed_new_execution_bar,USDJPY,2025.02.28 08:15:00,0,
2025.02.28 08:39:59,scan_skipped_same_execution_bar,USDJPY,2025.02.28 08:15:00,0,
2025.02.28 08:49:59,scan_executed_new_execution_bar,USDJPY,2025.02.28 08:30:00,0,
2025.02.28 08:54:59,scan_skipped_same_execution_bar,USDJPY,2025.02.28 08:30:00,0,
2025.02.28 09:04:59,scan_executed_new_execution_bar,USDJPY,2025.02.28 08:45:00,0,
2025.02.28 09:09:59,scan_skipped_same_execution_bar,USDJPY,2025.02.28 08:45:00,0,
2025.02.28 09:19:59,scan_executed_new_execution_bar,USDJPY,2025.02.28 09:00:00,15,
2025.02.28 09:24:59,scan_skipped_same_execution_bar,USDJPY,2025.02.28 09:00:00,0,
2025.02.28 09:34:59,scan_executed_new_execution_bar,USDJPY,2025.02.28 09:15:00,0,
2025.02.28 09:39:59,scan_skipped_same_execution_bar,USDJPY,2025.02.28 09:15:00,0,
2025.02.28 09:49:59,scan_executed_new_execution_bar,USDJPY,2025.02.28 09:30:00,0,
2025.02.28 09:54:59,scan_skipped_same_execution_bar,USDJPY,2025.02.28 09:30:00,0,
2025.02.28 10:04:59,scan_executed_new_execution_bar,USDJPY,2025.02.28 09:45:00,0,
2025.02.28 10:09:59,scan_skipped_same_execution_bar,USDJPY,2025.02.28 09:45:00,0,
2025.02.28 10:19:59,scan_executed_new_execution_bar,USDJPY,2025.02.28 10:00:00,78,
2025.02.28 10:24:59,scan_skipped_same_execution_bar,USDJPY,2025.02.28 10:00:00,0,
2025.02.28 10:34:59,scan_executed_new_execution_bar,USDJPY,2025.02.28 10:15:00,0,
2025.02.28 10:39:59,scan_skipped_same_execution_bar,USDJPY,2025.02.28 10:15:00,0,
2025.02.28 10:49:59,scan_executed_new_execution_bar,USDJPY,2025.02.28 10:30:00,0,
2025.02.28 10:54:59,scan_skipped_same_execution_bar,USDJPY,2025.02.28 10:30:00,0,
2025.02.28 11:04:59,scan_executed_new_execution_bar,USDJPY,2025.02.28 10:45:00,47,
2025.02.28 11:09:59,scan_skipped_same_execution_bar,USDJPY,2025.02.28 10:45:00,0,
2025.02.28 11:19:59,scan_executed_new_execution_bar,USDJPY,2025.02.28 11:00:00,0,
2025.02.28 11:24:59,scan_skipped_same_execution_bar,USDJPY,2025.02.28 11:00:00,0,
2025.02.28 11:34:59,scan_executed_new_execution_bar,USDJPY,2025.02.28 11:15:00,0,
2025.02.28 11:39:59,scan_skipped_same_execution_bar,USDJPY,2025.02.28 11:15:00,0,
2025.02.28 11:49:59,scan_executed_new_execution_bar,USDJPY,2025.02.28 11:30:00,47,
2025.02.28 11:54:59,scan_skipped_same_execution_bar,USDJPY,2025.02.28 11:30:00,0,
2025.02.28 12:04:59,scan_executed_new_execution_bar,USDJPY,2025.02.28 11:45:00,16,
2025.02.28 12:09:59,scan_skipped_same_execution_bar,USDJPY,2025.02.28 11:45:00,0,
2025.02.28 12:19:59,scan_executed_new_execution_bar,USDJPY,2025.02.28 12:00:00,0,
2025.02.28 12:24:59,scan_skipped_same_execution_bar,USDJPY,2025.02.28 12:00:00,0,
2025.02.28 12:34:59,scan_executed_new_execution_bar,USDJPY,2025.02.28 12:15:00,0,
2025.02.28 12:39:59,scan_skipped_same_execution_bar,USDJPY,2025.02.28 12:15:00,0,
2025.02.28 12:49:59,scan_executed_new_execution_bar,USDJPY,2025.02.28 12:30:00,0,
2025.02.28 12:54:59,scan_skipped_same_execution_bar,USDJPY,2025.02.28 12:30:00,0,
2025.02.28 13:04:59,scan_executed_new_execution_bar,USDJPY,2025.02.28 12:45:00,16,
2025.02.28 13:09:59,scan_skipped_same_execution_bar,USDJPY,2025.02.28 12:45:00,0,
2025.02.28 13:19:59,scan_executed_new_execution_bar,USDJPY,2025.02.28 13:00:00,0,
2025.02.28 13:24:59,scan_skipped_same_execution_bar,USDJPY,2025.02.28 13:00:00,0,
2025.02.28 13:34:59,scan_executed_new_execution_bar,USDJPY,2025.02.28 13:15:00,0,
2025.02.28 13:39:58,scan_skipped_same_execution_bar,USDJPY,2025.02.28 13:15:00,0,
2025.02.28 13:49:59,scan_executed_new_execution_bar,USDJPY,2025.02.28 13:30:00,0,
2025.02.28 13:54:57,scan_skipped_same_execution_bar,USDJPY,2025.02.28 13:30:00,0,
2025.02.28 14:04:59,scan_executed_new_execution_bar,USDJPY,2025.02.28 13:45:00,0,
2025.02.28 14:09:59,scan_skipped_same_execution_bar,USDJPY,2025.02.28 13:45:00,0,
2025.02.28 14:19:59,scan_executed_new_execution_bar,USDJPY,2025.02.28 14:00:00,0,
2025.02.28 14:24:59,scan_skipped_same_execution_bar,USDJPY,2025.02.28 14:00:00,0,
2025.02.28 14:34:59,scan_executed_new_execution_bar,USDJPY,2025.02.28 14:15:00,0,
2025.02.28 14:40:00,scan_skipped_same_execution_bar,USDJPY,2025.02.28 14:15:00,0,
2025.02.28 14:49:59,scan_executed_new_execution_bar,USDJPY,2025.02.28 14:30:00,0,
2025.02.28 14:54:59,scan_skipped_same_execution_bar,USDJPY,2025.02.28 14:30:00,0,
2025.02.28 15:04:59,scan_executed_new_execution_bar,USDJPY,2025.02.28 14:45:00,0,
2025.02.28 15:09:59,scan_skipped_same_execution_bar,USDJPY,2025.02.28 14:45:00,0,
2025.02.28 15:19:59,scan_executed_new_execution_bar,USDJPY,2025.02.28 15:00:00,0,
2025.02.28 15:24:59,scan_skipped_same_execution_bar,USDJPY,2025.02.28 15:00:00,0,
2025.02.28 15:34:59,scan_executed_new_execution_bar,USDJPY,2025.02.28 15:15:00,16,
2025.02.28 15:39:59,scan_skipped_same_execution_bar,USDJPY,2025.02.28 15:15:00,0,
2025.02.28 15:49:59,scan_executed_new_execution_bar,USDJPY,2025.02.28 15:30:00,0,
2025.02.28 15:54:59,scan_skipped_same_execution_bar,USDJPY,2025.02.28 15:30:00,0,
2025.02.28 16:04:59,scan_executed_new_execution_bar,USDJPY,2025.02.28 15:45:00,31,
2025.02.28 16:09:59,scan_skipped_same_execution_bar,USDJPY,2025.02.28 15:45:00,0,
2025.02.28 16:19:59,scan_executed_new_execution_bar,USDJPY,2025.02.28 16:00:00,0,
2025.02.28 16:24:59,scan_skipped_same_execution_bar,USDJPY,2025.02.28 16:00:00,0,
2025.02.28 16:34:59,scan_executed_new_execution_bar,USDJPY,2025.02.28 16:15:00,32,
2025.02.28 16:39:59,scan_skipped_same_execution_bar,USDJPY,2025.02.28 16:15:00,0,
2025.02.28 16:49:59,scan_executed_new_execution_bar,USDJPY,2025.02.28 16:30:00,32,
2025.02.28 16:54:59,scan_skipped_same_execution_bar,USDJPY,2025.02.28 16:30:00,0,
2025.02.28 17:04:59,scan_executed_new_execution_bar,USDJPY,2025.02.28 16:45:00,0,
2025.02.28 17:09:59,scan_skipped_same_execution_bar,USDJPY,2025.02.28 16:45:00,0,
2025.02.28 17:19:59,scan_executed_new_execution_bar,USDJPY,2025.02.28 17:00:00,0,
2025.02.28 17:24:59,scan_skipped_same_execution_bar,USDJPY,2025.02.28 17:00:00,0,
2025.02.28 17:34:59,scan_executed_new_execution_bar,USDJPY,2025.02.28 17:15:00,0,
2025.02.28 17:39:59,scan_skipped_same_execution_bar,USDJPY,2025.02.28 17:15:00,0,
2025.02.28 17:49:59,scan_executed_new_execution_bar,USDJPY,2025.02.28 17:30:00,16,
2025.02.28 17:54:59,scan_skipped_same_execution_bar,USDJPY,2025.02.28 17:30:00,0,
2025.02.28 18:04:59,scan_executed_new_execution_bar,USDJPY,2025.02.28 17:45:00,78,
2025.02.28 18:09:59,scan_skipped_same_execution_bar,USDJPY,2025.02.28 17:45:00,0,
2025.02.28 18:19:59,scan_executed_new_execution_bar,USDJPY,2025.02.28 18:00:00,0,
2025.02.28 18:24:59,scan_skipped_same_execution_bar,USDJPY,2025.02.28 18:00:00,0,
2025.02.28 18:34:59,scan_executed_new_execution_bar,USDJPY,2025.02.28 18:15:00,16,
2025.02.28 18:39:59,scan_skipped_same_execution_bar,USDJPY,2025.02.28 18:15:00,0,
2025.02.28 18:49:59,scan_executed_new_execution_bar,USDJPY,2025.02.28 18:30:00,0,
2025.02.28 18:54:59,scan_skipped_same_execution_bar,USDJPY,2025.02.28 18:30:00,0,
2025.02.28 19:04:59,scan_executed_new_execution_bar,USDJPY,2025.02.28 18:45:00,0,
2025.02.28 19:09:59,scan_skipped_same_execution_bar,USDJPY,2025.02.28 18:45:00,0,
2025.02.28 19:19:59,scan_executed_new_execution_bar,USDJPY,2025.02.28 19:00:00,46,
2025.02.28 19:24:59,scan_skipped_same_execution_bar,USDJPY,2025.02.28 19:00:00,0,
2025.02.28 19:34:59,scan_executed_new_execution_bar,USDJPY,2025.02.28 19:15:00,0,
2025.02.28 19:39:59,scan_skipped_same_execution_bar,USDJPY,2025.02.28 19:15:00,0,
2025.02.28 19:49:59,scan_executed_new_execution_bar,USDJPY,2025.02.28 19:30:00,15,
2025.02.28 19:54:59,scan_skipped_same_execution_bar,USDJPY,2025.02.28 19:30:00,0,
2025.02.28 20:04:59,scan_executed_new_execution_bar,USDJPY,2025.02.28 19:45:00,0,
2025.02.28 20:09:59,scan_skipped_same_execution_bar,USDJPY,2025.02.28 19:45:00,0,
2025.02.28 20:19:59,scan_executed_new_execution_bar,USDJPY,2025.02.28 20:00:00,0,
2025.02.28 20:24:59,scan_skipped_same_execution_bar,USDJPY,2025.02.28 20:00:00,0,
2025.02.28 20:34:59,scan_executed_new_execution_bar,USDJPY,2025.02.28 20:15:00,0,
2025.02.28 20:39:59,scan_skipped_same_execution_bar,USDJPY,2025.02.28 20:15:00,0,
2025.02.28 20:49:59,scan_executed_new_execution_bar,USDJPY,2025.02.28 20:30:00,0,
2025.02.28 20:54:59,scan_skipped_same_execution_bar,USDJPY,2025.02.28 20:30:00,0,
2025.02.28 21:04:59,scan_executed_new_execution_bar,USDJPY,2025.02.28 20:45:00,0,
2025.02.28 21:09:59,scan_skipped_same_execution_bar,USDJPY,2025.02.28 20:45:00,0,
2025.02.28 21:19:59,scan_executed_new_execution_bar,USDJPY,2025.02.28 21:00:00,31,
2025.02.28 21:24:59,scan_skipped_same_execution_bar,USDJPY,2025.02.28 21:00:00,0,
2025.02.28 21:34:59,scan_executed_new_execution_bar,USDJPY,2025.02.28 21:15:00,32,
2025.02.28 21:39:59,scan_skipped_same_execution_bar,USDJPY,2025.02.28 21:15:00,0,
2025.02.28 21:49:59,scan_executed_new_execution_bar,USDJPY,2025.02.28 21:30:00,15,
2025.02.28 21:54:59,scan_skipped_same_execution_bar,USDJPY,2025.02.28 21:30:00,0,
2025.02.28 22:04:59,scan_executed_new_execution_bar,USDJPY,2025.02.28 21:45:00,0,
2025.02.28 22:09:58,scan_skipped_same_execution_bar,USDJPY,2025.02.28 21:45:00,0,
2025.02.28 22:19:59,scan_executed_new_execution_bar,USDJPY,2025.02.28 22:00:00,0,
2025.02.28 22:24:59,scan_skipped_same_execution_bar,USDJPY,2025.02.28 22:00:00,0,
2025.02.28 22:34:59,scan_executed_new_execution_bar,USDJPY,2025.02.28 22:15:00,0,
2025.02.28 22:39:59,scan_skipped_same_execution_bar,USDJPY,2025.02.28 22:15:00,0,
2025.02.28 22:49:59,scan_executed_new_execution_bar,USDJPY,2025.02.28 22:30:00,0,
2025.02.28 22:54:59,scan_skipped_same_execution_bar,USDJPY,2025.02.28 22:30:00,0,
2025.02.28 23:04:59,scan_executed_new_execution_bar,USDJPY,2025.02.28 22:45:00,0,
2025.02.28 23:09:59,scan_skipped_same_execution_bar,USDJPY,2025.02.28 22:45:00,0,
2025.02.28 23:19:59,scan_executed_new_execution_bar,USDJPY,2025.02.28 23:00:00,0,
2025.02.28 23:24:58,scan_skipped_same_execution_bar,USDJPY,2025.02.28 23:00:00,0,
2025.02.28 23:34:57,scan_executed_new_execution_bar,USDJPY,2025.02.28 23:15:00,0,
2025.02.28 23:39:59,scan_skipped_same_execution_bar,USDJPY,2025.02.28 23:15:00,0,
2025.02.28 23:49:59,scan_executed_new_execution_bar,USDJPY,2025.02.28 23:30:00,0,
2025.02.28 23:54:59,scan_skipped_same_execution_bar,USDJPY,2025.02.28 23:30:00,0,
2025.03.03 00:04:57,scan_executed_new_execution_bar,USDJPY,2025.02.28 23:45:00,0,
2025.03.03 00:09:59,scan_skipped_same_execution_bar,USDJPY,2025.02.28 23:45:00,0,
2025.03.03 00:19:59,scan_executed_new_execution_bar,USDJPY,2025.03.03 00:00:00,0,
2025.03.03 00:24:59,scan_skipped_same_execution_bar,USDJPY,2025.03.03 00:00:00,0,
2025.03.03 00:34:59,scan_executed_new_execution_bar,USDJPY,2025.03.03 00:15:00,0,
2025.03.03 00:39:58,scan_skipped_same_execution_bar,USDJPY,2025.03.03 00:15:00,0,
2025.03.03 00:49:59,scan_executed_new_execution_bar,USDJPY,2025.03.03 00:30:00,0,
2025.03.03 00:54:59,scan_skipped_same_execution_bar,USDJPY,2025.03.03 00:30:00,0,
2025.03.03 01:04:59,scan_executed_new_execution_bar,USDJPY,2025.03.03 00:45:00,0,
2025.03.03 01:09:59,scan_skipped_same_execution_bar,USDJPY,2025.03.03 00:45:00,0,
2025.03.03 01:19:59,scan_executed_new_execution_bar,USDJPY,2025.03.03 01:00:00,0,
2025.03.03 01:24:59,scan_skipped_same_execution_bar,USDJPY,2025.03.03 01:00:00,0,
2025.03.03 01:34:59,scan_executed_new_execution_bar,USDJPY,2025.03.03 01:15:00,0,
2025.03.03 01:39:59,scan_skipped_same_execution_bar,USDJPY,2025.03.03 01:15:00,0,
2025.03.03 01:49:59,scan_executed_new_execution_bar,USDJPY,2025.03.03 01:30:00,16,
2025.03.03 01:54:59,scan_skipped_same_execution_bar,USDJPY,2025.03.03 01:30:00,0,
2025.03.03 02:04:59,scan_executed_new_execution_bar,USDJPY,2025.03.03 01:45:00,0,
2025.03.03 02:09:59,scan_skipped_same_execution_bar,USDJPY,2025.03.03 01:45:00,0,
2025.03.03 02:19:59,scan_executed_new_execution_bar,USDJPY,2025.03.03 02:00:00,16,
2025.03.03 02:24:59,scan_skipped_same_execution_bar,USDJPY,2025.03.03 02:00:00,0,
2025.03.03 02:35:00,scan_executed_new_execution_bar,USDJPY,2025.03.03 02:15:00,0,
2025.03.03 02:39:59,scan_skipped_same_execution_bar,USDJPY,2025.03.03 02:15:00,0,
2025.03.03 02:49:59,scan_executed_new_execution_bar,USDJPY,2025.03.03 02:30:00,32,
2025.03.03 02:54:59,scan_skipped_same_execution_bar,USDJPY,2025.03.03 02:30:00,0,
2025.03.03 03:04:59,scan_executed_new_execution_bar,USDJPY,2025.03.03 02:45:00,31,
2025.03.03 03:09:59,scan_skipped_same_execution_bar,USDJPY,2025.03.03 02:45:00,0,
2025.03.03 03:19:59,scan_executed_new_execution_bar,USDJPY,2025.03.03 03:00:00,0,
2025.03.03 03:24:59,scan_skipped_same_execution_bar,USDJPY,2025.03.03 03:00:00,0,
2025.03.03 03:34:59,scan_executed_new_execution_bar,USDJPY,2025.03.03 03:15:00,0,
2025.03.03 03:39:59,scan_skipped_same_execution_bar,USDJPY,2025.03.03 03:15:00,0,
2025.03.03 03:49:59,scan_executed_new_execution_bar,USDJPY,2025.03.03 03:30:00,15,
2025.03.03 03:54:59,scan_skipped_same_execution_bar,USDJPY,2025.03.03 03:30:00,0,
2025.03.03 04:04:59,scan_executed_new_execution_bar,USDJPY,2025.03.03 03:45:00,16,
2025.03.03 04:09:59,scan_skipped_same_execution_bar,USDJPY,2025.03.03 03:45:00,0,
2025.03.03 04:19:59,scan_executed_new_execution_bar,USDJPY,2025.03.03 04:00:00,0,
2025.03.03 04:24:59,scan_skipped_same_execution_bar,USDJPY,2025.03.03 04:00:00,0,
2025.03.03 04:34:59,scan_executed_new_execution_bar,USDJPY,2025.03.03 04:15:00,0,
2025.03.03 04:39:59,scan_skipped_same_execution_bar,USDJPY,2025.03.03 04:15:00,0,
2025.03.03 04:49:58,scan_executed_new_execution_bar,USDJPY,2025.03.03 04:30:00,0,
2025.03.03 04:54:59,scan_skipped_same_execution_bar,USDJPY,2025.03.03 04:30:00,0,
2025.03.03 05:04:59,scan_executed_new_execution_bar,USDJPY,2025.03.03 04:45:00,0,
2025.03.03 05:09:58,scan_skipped_same_execution_bar,USDJPY,2025.03.03 04:45:00,0,
2025.03.03 05:19:59,scan_executed_new_execution_bar,USDJPY,2025.03.03 05:00:00,0,
2025.03.03 05:24:59,scan_skipped_same_execution_bar,USDJPY,2025.03.03 05:00:00,0,
2025.03.03 05:34:59,scan_executed_new_execution_bar,USDJPY,2025.03.03 05:15:00,0,
2025.03.03 05:39:59,scan_skipped_same_execution_bar,USDJPY,2025.03.03 05:15:00,0,
2025.03.03 05:49:59,scan_executed_new_execution_bar,USDJPY,2025.03.03 05:30:00,0,
2025.03.03 05:54:59,scan_skipped_same_execution_bar,USDJPY,2025.03.03 05:30:00,0,
2025.03.03 06:04:59,scan_executed_new_execution_bar,USDJPY,2025.03.03 05:45:00,0,
2025.03.03 06:09:59,scan_skipped_same_execution_bar,USDJPY,2025.03.03 05:45:00,0,
2025.03.03 06:19:59,scan_executed_new_execution_bar,USDJPY,2025.03.03 06:00:00,0,
2025.03.03 06:24:59,scan_skipped_same_execution_bar,USDJPY,2025.03.03 06:00:00,0,
2025.03.03 06:34:58,scan_executed_new_execution_bar,USDJPY,2025.03.03 06:15:00,0,
2025.03.03 06:39:58,scan_skipped_same_execution_bar,USDJPY,2025.03.03 06:15:00,0,
2025.03.03 06:49:59,scan_executed_new_execution_bar,USDJPY,2025.03.03 06:30:00,0,
2025.03.03 06:54:59,scan_skipped_same_execution_bar,USDJPY,2025.03.03 06:30:00,0,
2025.03.03 07:04:59,scan_executed_new_execution_bar,USDJPY,2025.03.03 06:45:00,0,
2025.03.03 07:09:59,scan_skipped_same_execution_bar,USDJPY,2025.03.03 06:45:00,0,
2025.03.03 07:19:59,scan_executed_new_execution_bar,USDJPY,2025.03.03 07:00:00,0,
2025.03.03 07:24:59,scan_skipped_same_execution_bar,USDJPY,2025.03.03 07:00:00,0,
2025.03.03 07:34:59,scan_executed_new_execution_bar,USDJPY,2025.03.03 07:15:00,0,
2025.03.03 07:39:59,scan_skipped_same_execution_bar,USDJPY,2025.03.03 07:15:00,0,
2025.03.03 07:49:57,scan_executed_new_execution_bar,USDJPY,2025.03.03 07:30:00,0,
2025.03.03 07:54:59,scan_skipped_same_execution_bar,USDJPY,2025.03.03 07:30:00,0,
2025.03.03 08:04:59,scan_executed_new_execution_bar,USDJPY,2025.03.03 07:45:00,0,
2025.03.03 08:09:59,scan_skipped_same_execution_bar,USDJPY,2025.03.03 07:45:00,0,
2025.03.03 08:19:59,scan_executed_new_execution_bar,USDJPY,2025.03.03 08:00:00,0,
2025.03.03 08:24:59,scan_skipped_same_execution_bar,USDJPY,2025.03.03 08:00:00,0,
2025.03.03 08:34:59,scan_executed_new_execution_bar,USDJPY,2025.03.03 08:15:00,0,
2025.03.03 08:39:59,scan_skipped_same_execution_bar,USDJPY,2025.03.03 08:15:00,0,
2025.03.03 08:49:59,scan_executed_new_execution_bar,USDJPY,2025.03.03 08:30:00,0,
2025.03.03 08:54:59,scan_skipped_same_execution_bar,USDJPY,2025.03.03 08:30:00,0,
2025.03.03 09:04:59,scan_executed_new_execution_bar,USDJPY,2025.03.03 08:45:00,0,
2025.03.03 09:09:59,scan_skipped_same_execution_bar,USDJPY,2025.03.03 08:45:00,0,
2025.03.03 09:19:59,scan_executed_new_execution_bar,USDJPY,2025.03.03 09:00:00,0,
2025.03.03 09:24:59,scan_skipped_same_execution_bar,USDJPY,2025.03.03 09:00:00,0,
2025.03.03 09:34:58,scan_executed_new_execution_bar,USDJPY,2025.03.03 09:15:00,0,
2025.03.03 09:39:59,scan_skipped_same_execution_bar,USDJPY,2025.03.03 09:15:00,0,
2025.03.03 09:49:59,scan_executed_new_execution_bar,USDJPY,2025.03.03 09:30:00,16,
2025.03.03 09:54:59,scan_skipped_same_execution_bar,USDJPY,2025.03.03 09:30:00,0,
2025.03.03 10:04:59,scan_executed_new_execution_bar,USDJPY,2025.03.03 09:45:00,0,
2025.03.03 10:09:59,scan_skipped_same_execution_bar,USDJPY,2025.03.03 09:45:00,0,
2025.03.03 10:19:59,scan_executed_new_execution_bar,USDJPY,2025.03.03 10:00:00,0,
2025.03.03 10:24:59,scan_skipped_same_execution_bar,USDJPY,2025.03.03 10:00:00,0,
2025.03.03 10:34:59,scan_executed_new_execution_bar,USDJPY,2025.03.03 10:15:00,0,
2025.03.03 10:39:59,scan_skipped_same_execution_bar,USDJPY,2025.03.03 10:15:00,0,
2025.03.03 10:49:59,scan_executed_new_execution_bar,USDJPY,2025.03.03 10:30:00,63,
2025.03.03 10:54:59,scan_skipped_same_execution_bar,USDJPY,2025.03.03 10:30:00,0,
2025.03.03 11:04:59,scan_executed_new_execution_bar,USDJPY,2025.03.03 10:45:00,0,
2025.03.03 11:09:59,scan_skipped_same_execution_bar,USDJPY,2025.03.03 10:45:00,0,
2025.03.03 11:19:59,scan_executed_new_execution_bar,USDJPY,2025.03.03 11:00:00,0,
2025.03.03 11:24:59,scan_skipped_same_execution_bar,USDJPY,2025.03.03 11:00:00,0,
2025.03.03 11:34:59,scan_executed_new_execution_bar,USDJPY,2025.03.03 11:15:00,47,
2025.03.03 11:39:59,scan_skipped_same_execution_bar,USDJPY,2025.03.03 11:15:00,0,
2025.03.03 11:49:59,scan_executed_new_execution_bar,USDJPY,2025.03.03 11:30:00,47,
2025.03.03 11:54:59,scan_skipped_same_execution_bar,USDJPY,2025.03.03 11:30:00,0,
2025.03.03 12:04:59,scan_executed_new_execution_bar,USDJPY,2025.03.03 11:45:00,0,
2025.03.03 12:09:59,scan_skipped_same_execution_bar,USDJPY,2025.03.03 11:45:00,0,
2025.03.03 12:19:59,scan_executed_new_execution_bar,USDJPY,2025.03.03 12:00:00,0,
2025.03.03 12:24:59,scan_skipped_same_execution_bar,USDJPY,2025.03.03 12:00:00,0,
2025.03.03 12:34:59,scan_executed_new_execution_bar,USDJPY,2025.03.03 12:15:00,0,
2025.03.03 12:39:59,scan_skipped_same_execution_bar,USDJPY,2025.03.03 12:15:00,0,
2025.03.03 12:49:59,scan_executed_new_execution_bar,USDJPY,2025.03.03 12:30:00,0,
2025.03.03 12:54:59,scan_skipped_same_execution_bar,USDJPY,2025.03.03 12:30:00,0,
2025.03.03 13:04:59,scan_executed_new_execution_bar,USDJPY,2025.03.03 12:45:00,0,
2025.03.03 13:09:59,scan_skipped_same_execution_bar,USDJPY,2025.03.03 12:45:00,0,
2025.03.03 13:19:59,scan_executed_new_execution_bar,USDJPY,2025.03.03 13:00:00,0,
2025.03.03 13:24:59,scan_skipped_same_execution_bar,USDJPY,2025.03.03 13:00:00,0,
2025.03.03 13:34:59,scan_executed_new_execution_bar,USDJPY,2025.03.03 13:15:00,0,
2025.03.03 13:39:59,scan_skipped_same_execution_bar,USDJPY,2025.03.03 13:15:00,0,
2025.03.03 13:49:59,scan_executed_new_execution_bar,USDJPY,2025.03.03 13:30:00,0,
2025.03.03 13:54:59,scan_skipped_same_execution_bar,USDJPY,2025.03.03 13:30:00,0,
2025.03.03 14:04:59,scan_executed_new_execution_bar,USDJPY,2025.03.03 13:45:00,0,
2025.03.03 14:09:59,scan_skipped_same_execution_bar,USDJPY,2025.03.03 13:45:00,0,
2025.03.03 14:19:59,scan_executed_new_execution_bar,USDJPY,2025.03.03 14:00:00,0,
2025.03.03 14:24:59,scan_skipped_same_execution_bar,USDJPY,2025.03.03 14:00:00,0,
2025.03.03 14:34:59,scan_executed_new_execution_bar,USDJPY,2025.03.03 14:15:00,16,
2025.03.03 14:39:59,scan_skipped_same_execution_bar,USDJPY,2025.03.03 14:15:00,0,
2025.03.03 14:49:59,scan_executed_new_execution_bar,USDJPY,2025.03.03 14:30:00,0,
2025.03.03 14:54:59,scan_skipped_same_execution_bar,USDJPY,2025.03.03 14:30:00,0,
2025.03.03 15:04:59,scan_executed_new_execution_bar,USDJPY,2025.03.03 14:45:00,0,
2025.03.03 15:09:59,scan_skipped_same_execution_bar,USDJPY,2025.03.03 14:45:00,0,
2025.03.03 15:19:59,scan_executed_new_execution_bar,USDJPY,2025.03.03 15:00:00,94,
2025.03.03 15:24:59,scan_skipped_same_execution_bar,USDJPY,2025.03.03 15:00:00,0,
2025.03.03 15:34:59,scan_executed_new_execution_bar,USDJPY,2025.03.03 15:15:00,15,
2025.03.03 15:39:59,scan_skipped_same_execution_bar,USDJPY,2025.03.03 15:15:00,0,
2025.03.03 15:49:59,scan_executed_new_execution_bar,USDJPY,2025.03.03 15:30:00,31,
2025.03.03 15:54:59,scan_skipped_same_execution_bar,USDJPY,2025.03.03 15:30:00,0,
2025.03.03 16:04:59,scan_executed_new_execution_bar,USDJPY,2025.03.03 15:45:00,15,
2025.03.03 16:09:59,scan_skipped_same_execution_bar,USDJPY,2025.03.03 15:45:00,0,
2025.03.03 16:19:59,scan_executed_new_execution_bar,USDJPY,2025.03.03 16:00:00,0,
2025.03.03 16:24:59,scan_skipped_same_execution_bar,USDJPY,2025.03.03 16:00:00,0,
2025.03.03 16:34:59,scan_executed_new_execution_bar,USDJPY,2025.03.03 16:15:00,0,
2025.03.03 16:39:59,scan_skipped_same_execution_bar,USDJPY,2025.03.03 16:15:00,0,
2025.03.03 16:49:59,scan_executed_new_execution_bar,USDJPY,2025.03.03 16:30:00,0,
2025.03.03 16:54:59,scan_skipped_same_execution_bar,USDJPY,2025.03.03 16:30:00,0,
2025.03.03 17:04:59,scan_executed_new_execution_bar,USDJPY,2025.03.03 16:45:00,0,
2025.03.03 17:09:59,scan_skipped_same_execution_bar,USDJPY,2025.03.03 16:45:00,0,
2025.03.03 17:19:59,scan_executed_new_execution_bar,USDJPY,2025.03.03 17:00:00,0,
2025.03.03 17:24:59,scan_skipped_same_execution_bar,USDJPY,2025.03.03 17:00:00,0,
2025.03.03 17:34:59,scan_executed_new_execution_bar,USDJPY,2025.03.03 17:15:00,0,
2025.03.03 17:39:59,scan_skipped_same_execution_bar,USDJPY,2025.03.03 17:15:00,0,
2025.03.03 17:49:59,scan_executed_new_execution_bar,USDJPY,2025.03.03 17:30:00,0,
2025.03.03 17:54:59,scan_skipped_same_execution_bar,USDJPY,2025.03.03 17:30:00,0,
2025.03.03 18:04:59,scan_executed_new_execution_bar,USDJPY,2025.03.03 17:45:00,16,
2025.03.03 18:09:59,scan_skipped_same_execution_bar,USDJPY,2025.03.03 17:45:00,0,
2025.03.03 18:19:59,scan_executed_new_execution_bar,USDJPY,2025.03.03 18:00:00,16,
2025.03.03 18:24:59,scan_skipped_same_execution_bar,USDJPY,2025.03.03 18:00:00,0,
2025.03.03 18:34:59,scan_executed_new_execution_bar,USDJPY,2025.03.03 18:15:00,0,
2025.03.03 18:39:59,scan_skipped_same_execution_bar,USDJPY,2025.03.03 18:15:00,0,
2025.03.03 18:49:59,scan_executed_new_execution_bar,USDJPY,2025.03.03 18:30:00,0,
2025.03.03 18:54:59,scan_skipped_same_execution_bar,USDJPY,2025.03.03 18:30:00,0,
2025.03.03 19:04:59,scan_executed_new_execution_bar,USDJPY,2025.03.03 18:45:00,0,
2025.03.03 19:09:59,scan_skipped_same_execution_bar,USDJPY,2025.03.03 18:45:00,0,
2025.03.03 19:19:59,scan_executed_new_execution_bar,USDJPY,2025.03.03 19:00:00,15,
2025.03.03 19:24:59,scan_skipped_same_execution_bar,USDJPY,2025.03.03 19:00:00,0,
2025.03.03 19:34:59,scan_executed_new_execution_bar,USDJPY,2025.03.03 19:15:00,15,
2025.03.03 19:39:59,scan_skipped_same_execution_bar,USDJPY,2025.03.03 19:15:00,0,
2025.03.03 19:49:59,scan_executed_new_execution_bar,USDJPY,2025.03.03 19:30:00,0,
2025.03.03 19:54:59,scan_skipped_same_execution_bar,USDJPY,2025.03.03 19:30:00,0,
2025.03.03 20:04:59,scan_executed_new_execution_bar,USDJPY,2025.03.03 19:45:00,0,
2025.03.03 20:09:59,scan_skipped_same_execution_bar,USDJPY,2025.03.03 19:45:00,0,
2025.03.03 20:19:59,scan_executed_new_execution_bar,USDJPY,2025.03.03 20:00:00,16,
2025.03.03 20:24:59,scan_skipped_same_execution_bar,USDJPY,2025.03.03 20:00:00,0,
2025.03.03 20:34:59,scan_executed_new_execution_bar,USDJPY,2025.03.03 20:15:00,0,
2025.03.03 20:39:59,scan_skipped_same_execution_bar,USDJPY,2025.03.03 20:15:00,0,
2025.03.03 20:49:59,scan_executed_new_execution_bar,USDJPY,2025.03.03 20:30:00,0,
2025.03.03 20:54:59,scan_skipped_same_execution_bar,USDJPY,2025.03.03 20:30:00,0,
2025.03.03 21:04:59,scan_executed_new_execution_bar,USDJPY,2025.03.03 20:45:00,31,
2025.03.03 21:09:59,scan_skipped_same_execution_bar,USDJPY,2025.03.03 20:45:00,0,
2025.03.03 21:19:59,scan_executed_new_execution_bar,USDJPY,2025.03.03 21:00:00,16,
2025.03.03 21:24:59,scan_skipped_same_execution_bar,USDJPY,2025.03.03 21:00:00,0,
2025.03.03 21:34:59,scan_executed_new_execution_bar,USDJPY,2025.03.03 21:15:00,15,
2025.03.03 21:39:59,scan_skipped_same_execution_bar,USDJPY,2025.03.03 21:15:00,0,
2025.03.03 21:49:59,scan_executed_new_execution_bar,USDJPY,2025.03.03 21:30:00,31,
2025.03.03 21:54:59,scan_skipped_same_execution_bar,USDJPY,2025.03.03 21:30:00,0,
2025.03.03 22:04:59,scan_executed_new_execution_bar,USDJPY,2025.03.03 21:45:00,0,
2025.03.03 22:09:59,scan_skipped_same_execution_bar,USDJPY,2025.03.03 21:45:00,0,
2025.03.03 22:19:59,scan_executed_new_execution_bar,USDJPY,2025.03.03 22:00:00,0,
2025.03.03 22:24:59,scan_skipped_same_execution_bar,USDJPY,2025.03.03 22:00:00,0,
2025.03.03 22:34:59,scan_executed_new_execution_bar,USDJPY,2025.03.03 22:15:00,0,
2025.03.03 22:39:59,scan_skipped_same_execution_bar,USDJPY,2025.03.03 22:15:00,0,
2025.03.03 22:49:59,scan_executed_new_execution_bar,USDJPY,2025.03.03 22:30:00,0,
2025.03.03 22:54:59,scan_skipped_same_execution_bar,USDJPY,2025.03.03 22:30:00,0,
2025.03.03 23:04:59,scan_executed_new_execution_bar,USDJPY,2025.03.03 22:45:00,15,
2025.03.03 23:09:59,scan_skipped_same_execution_bar,USDJPY,2025.03.03 22:45:00,0,
2025.03.03 23:19:59,scan_executed_new_execution_bar,USDJPY,2025.03.03 23:00:00,0,
2025.03.03 23:24:59,scan_skipped_same_execution_bar,USDJPY,2025.03.03 23:00:00,0,
2025.03.03 23:34:59,scan_executed_new_execution_bar,USDJPY,2025.03.03 23:15:00,0,
2025.03.03 23:39:59,scan_skipped_same_execution_bar,USDJPY,2025.03.03 23:15:00,0,
2025.03.03 23:49:59,scan_executed_new_execution_bar,USDJPY,2025.03.03 23:30:00,0,
2025.03.03 23:54:59,scan_skipped_same_execution_bar,USDJPY,2025.03.03 23:30:00,0,
2025.03.04 00:04:59,scan_executed_new_execution_bar,USDJPY,2025.03.03 23:45:00,0,
2025.03.04 00:09:59,scan_skipped_same_execution_bar,USDJPY,2025.03.03 23:45:00,0,
2025.03.04 00:19:59,scan_executed_new_execution_bar,USDJPY,2025.03.04 00:00:00,0,
2025.03.04 00:24:59,scan_skipped_same_execution_bar,USDJPY,2025.03.04 00:00:00,0,
2025.03.04 00:34:59,scan_executed_new_execution_bar,USDJPY,2025.03.04 00:15:00,0,
2025.03.04 00:39:52,scan_skipped_same_execution_bar,USDJPY,2025.03.04 00:15:00,0,
2025.03.04 00:49:59,scan_executed_new_execution_bar,USDJPY,2025.03.04 00:30:00,0,
2025.03.04 00:54:59,scan_skipped_same_execution_bar,USDJPY,2025.03.04 00:30:00,0,
2025.03.04 01:04:59,scan_executed_new_execution_bar,USDJPY,2025.03.04 00:45:00,0,
2025.03.04 01:09:59,scan_skipped_same_execution_bar,USDJPY,2025.03.04 00:45:00,0,
2025.03.04 01:19:59,scan_executed_new_execution_bar,USDJPY,2025.03.04 01:00:00,0,
2025.03.04 01:24:59,scan_skipped_same_execution_bar,USDJPY,2025.03.04 01:00:00,0,
2025.03.04 01:34:59,scan_executed_new_execution_bar,USDJPY,2025.03.04 01:15:00,0,
2025.03.04 01:39:59,scan_skipped_same_execution_bar,USDJPY,2025.03.04 01:15:00,0,
2025.03.04 01:49:59,scan_executed_new_execution_bar,USDJPY,2025.03.04 01:30:00,0,
2025.03.04 01:54:59,scan_skipped_same_execution_bar,USDJPY,2025.03.04 01:30:00,0,
2025.03.04 02:04:59,scan_executed_new_execution_bar,USDJPY,2025.03.04 01:45:00,0,
2025.03.04 02:09:59,scan_skipped_same_execution_bar,USDJPY,2025.03.04 01:45:00,0,
2025.03.04 02:19:59,scan_executed_new_execution_bar,USDJPY,2025.03.04 02:00:00,0,
2025.03.04 02:24:59,scan_skipped_same_execution_bar,USDJPY,2025.03.04 02:00:00,0,
2025.03.04 02:34:59,scan_executed_new_execution_bar,USDJPY,2025.03.04 02:15:00,0,
2025.03.04 02:39:59,scan_skipped_same_execution_bar,USDJPY,2025.03.04 02:15:00,0,
2025.03.04 02:49:59,scan_executed_new_execution_bar,USDJPY,2025.03.04 02:30:00,0,
2025.03.04 02:54:59,scan_skipped_same_execution_bar,USDJPY,2025.03.04 02:30:00,0,
2025.03.04 03:04:59,scan_executed_new_execution_bar,USDJPY,2025.03.04 02:45:00,47,
2025.03.04 03:09:59,scan_skipped_same_execution_bar,USDJPY,2025.03.04 02:45:00,0,
2025.03.04 03:19:59,scan_executed_new_execution_bar,USDJPY,2025.03.04 03:00:00,0,
2025.03.04 03:24:59,scan_skipped_same_execution_bar,USDJPY,2025.03.04 03:00:00,0,
2025.03.04 03:34:59,scan_executed_new_execution_bar,USDJPY,2025.03.04 03:15:00,0,
2025.03.04 03:39:59,scan_skipped_same_execution_bar,USDJPY,2025.03.04 03:15:00,0,
2025.03.04 03:49:59,scan_executed_new_execution_bar,USDJPY,2025.03.04 03:30:00,31,
2025.03.04 03:54:59,scan_skipped_same_execution_bar,USDJPY,2025.03.04 03:30:00,0,
2025.03.04 04:04:59,scan_executed_new_execution_bar,USDJPY,2025.03.04 03:45:00,16,
2025.03.04 04:09:59,scan_skipped_same_execution_bar,USDJPY,2025.03.04 03:45:00,0,
2025.03.04 04:19:59,scan_executed_new_execution_bar,USDJPY,2025.03.04 04:00:00,15,
2025.03.04 04:24:59,scan_skipped_same_execution_bar,USDJPY,2025.03.04 04:00:00,0,
2025.03.04 04:34:59,scan_executed_new_execution_bar,USDJPY,2025.03.04 04:15:00,0,
2025.03.04 04:39:59,scan_skipped_same_execution_bar,USDJPY,2025.03.04 04:15:00,0,
2025.03.04 04:49:59,scan_executed_new_execution_bar,USDJPY,2025.03.04 04:30:00,46,
2025.03.04 04:54:59,scan_skipped_same_execution_bar,USDJPY,2025.03.04 04:30:00,0,
2025.03.04 05:04:59,scan_executed_new_execution_bar,USDJPY,2025.03.04 04:45:00,0,
2025.03.04 05:09:59,scan_skipped_same_execution_bar,USDJPY,2025.03.04 04:45:00,0,
2025.03.04 05:19:59,scan_executed_new_execution_bar,USDJPY,2025.03.04 05:00:00,0,
2025.03.04 05:24:59,scan_skipped_same_execution_bar,USDJPY,2025.03.04 05:00:00,0,
2025.03.04 05:34:59,scan_executed_new_execution_bar,USDJPY,2025.03.04 05:15:00,0,
2025.03.04 05:39:59,scan_skipped_same_execution_bar,USDJPY,2025.03.04 05:15:00,0,
2025.03.04 05:49:59,scan_executed_new_execution_bar,USDJPY,2025.03.04 05:30:00,0,
2025.03.04 05:54:59,scan_skipped_same_execution_bar,USDJPY,2025.03.04 05:30:00,0,
2025.03.04 06:04:59,scan_executed_new_execution_bar,USDJPY,2025.03.04 05:45:00,15,
2025.03.04 06:09:59,scan_skipped_same_execution_bar,USDJPY,2025.03.04 05:45:00,0,
2025.03.04 06:19:59,scan_executed_new_execution_bar,USDJPY,2025.03.04 06:00:00,0,
2025.03.04 06:24:59,scan_skipped_same_execution_bar,USDJPY,2025.03.04 06:00:00,0,
2025.03.04 06:34:59,scan_executed_new_execution_bar,USDJPY,2025.03.04 06:15:00,32,
2025.03.04 06:39:59,scan_skipped_same_execution_bar,USDJPY,2025.03.04 06:15:00,0,
2025.03.04 06:49:59,scan_executed_new_execution_bar,USDJPY,2025.03.04 06:30:00,0,
2025.03.04 06:54:59,scan_skipped_same_execution_bar,USDJPY,2025.03.04 06:30:00,0,
2025.03.04 07:04:59,scan_executed_new_execution_bar,USDJPY,2025.03.04 06:45:00,0,
2025.03.04 07:09:59,scan_skipped_same_execution_bar,USDJPY,2025.03.04 06:45:00,0,
2025.03.04 07:19:59,scan_executed_new_execution_bar,USDJPY,2025.03.04 07:00:00,0,
2025.03.04 07:24:59,scan_skipped_same_execution_bar,USDJPY,2025.03.04 07:00:00,0,
2025.03.04 07:34:59,scan_executed_new_execution_bar,USDJPY,2025.03.04 07:15:00,0,
2025.03.04 07:39:59,scan_skipped_same_execution_bar,USDJPY,2025.03.04 07:15:00,0,
2025.03.04 07:49:59,scan_executed_new_execution_bar,USDJPY,2025.03.04 07:30:00,0,
2025.03.04 07:54:59,scan_skipped_same_execution_bar,USDJPY,2025.03.04 07:30:00,0,
2025.03.04 08:04:59,scan_executed_new_execution_bar,USDJPY,2025.03.04 07:45:00,0,
2025.03.04 08:09:59,scan_skipped_same_execution_bar,USDJPY,2025.03.04 07:45:00,0,
2025.03.04 08:19:59,scan_executed_new_execution_bar,USDJPY,2025.03.04 08:00:00,0,
2025.03.04 08:24:59,scan_skipped_same_execution_bar,USDJPY,2025.03.04 08:00:00,0,
2025.03.04 08:34:59,scan_executed_new_execution_bar,USDJPY,2025.03.04 08:15:00,0,
2025.03.04 08:39:59,scan_skipped_same_execution_bar,USDJPY,2025.03.04 08:15:00,0,
2025.03.04 08:49:59,scan_executed_new_execution_bar,USDJPY,2025.03.04 08:30:00,0,
2025.03.04 08:54:59,scan_skipped_same_execution_bar,USDJPY,2025.03.04 08:30:00,0,
2025.03.04 09:04:59,scan_executed_new_execution_bar,USDJPY,2025.03.04 08:45:00,0,
2025.03.04 09:09:59,scan_skipped_same_execution_bar,USDJPY,2025.03.04 08:45:00,0,
2025.03.04 09:19:59,scan_executed_new_execution_bar,USDJPY,2025.03.04 09:00:00,0,
2025.03.04 09:24:59,scan_skipped_same_execution_bar,USDJPY,2025.03.04 09:00:00,0,
2025.03.04 09:34:59,scan_executed_new_execution_bar,USDJPY,2025.03.04 09:15:00,31,
2025.03.04 09:39:59,scan_skipped_same_execution_bar,USDJPY,2025.03.04 09:15:00,0,
2025.03.04 09:49:59,scan_executed_new_execution_bar,USDJPY,2025.03.04 09:30:00,0,
2025.03.04 09:54:59,scan_skipped_same_execution_bar,USDJPY,2025.03.04 09:30:00,0,
2025.03.04 10:04:59,scan_executed_new_execution_bar,USDJPY,2025.03.04 09:45:00,0,
2025.03.04 10:09:59,scan_skipped_same_execution_bar,USDJPY,2025.03.04 09:45:00,0,
2025.03.04 10:19:59,scan_executed_new_execution_bar,USDJPY,2025.03.04 10:00:00,15,
2025.03.04 10:24:59,scan_skipped_same_execution_bar,USDJPY,2025.03.04 10:00:00,0,
2025.03.04 10:34:59,scan_executed_new_execution_bar,USDJPY,2025.03.04 10:15:00,0,
2025.03.04 10:39:59,scan_skipped_same_execution_bar,USDJPY,2025.03.04 10:15:00,0,
2025.03.04 10:49:59,scan_executed_new_execution_bar,USDJPY,2025.03.04 10:30:00,16,
2025.03.04 10:54:59,scan_skipped_same_execution_bar,USDJPY,2025.03.04 10:30:00,0,
2025.03.04 11:04:59,scan_executed_new_execution_bar,USDJPY,2025.03.04 10:45:00,15,
2025.03.04 11:09:59,scan_skipped_same_execution_bar,USDJPY,2025.03.04 10:45:00,0,
2025.03.04 11:19:59,scan_executed_new_execution_bar,USDJPY,2025.03.04 11:00:00,31,
2025.03.04 11:24:59,scan_skipped_same_execution_bar,USDJPY,2025.03.04 11:00:00,0,
2025.03.04 11:34:59,scan_executed_new_execution_bar,USDJPY,2025.03.04 11:15:00,0,
2025.03.04 11:39:59,scan_skipped_same_execution_bar,USDJPY,2025.03.04 11:15:00,0,
2025.03.04 11:49:59,scan_executed_new_execution_bar,USDJPY,2025.03.04 11:30:00,0,
2025.03.04 11:54:59,scan_skipped_same_execution_bar,USDJPY,2025.03.04 11:30:00,0,
2025.03.04 12:04:59,scan_executed_new_execution_bar,USDJPY,2025.03.04 11:45:00,32,
2025.03.04 12:09:59,scan_skipped_same_execution_bar,USDJPY,2025.03.04 11:45:00,0,
2025.03.04 12:19:59,scan_executed_new_execution_bar,USDJPY,2025.03.04 12:00:00,16,
2025.03.04 12:24:59,scan_skipped_same_execution_bar,USDJPY,2025.03.04 12:00:00,0,
2025.03.04 12:34:59,scan_executed_new_execution_bar,USDJPY,2025.03.04 12:15:00,16,
2025.03.04 12:39:59,scan_skipped_same_execution_bar,USDJPY,2025.03.04 12:15:00,0,
2025.03.04 12:49:59,scan_executed_new_execution_bar,USDJPY,2025.03.04 12:30:00,0,
2025.03.04 12:54:59,scan_skipped_same_execution_bar,USDJPY,2025.03.04 12:30:00,0,
2025.03.04 13:04:59,scan_executed_new_execution_bar,USDJPY,2025.03.04 12:45:00,16,
2025.03.04 13:09:59,scan_skipped_same_execution_bar,USDJPY,2025.03.04 12:45:00,0,
2025.03.04 13:19:59,scan_executed_new_execution_bar,USDJPY,2025.03.04 13:00:00,16,
2025.03.04 13:24:59,scan_skipped_same_execution_bar,USDJPY,2025.03.04 13:00:00,0,
2025.03.04 13:34:59,scan_executed_new_execution_bar,USDJPY,2025.03.04 13:15:00,15,
2025.03.04 13:39:59,scan_skipped_same_execution_bar,USDJPY,2025.03.04 13:15:00,0,
2025.03.04 13:49:59,scan_executed_new_execution_bar,USDJPY,2025.03.04 13:30:00,0,
2025.03.04 13:54:59,scan_skipped_same_execution_bar,USDJPY,2025.03.04 13:30:00,0,
2025.03.04 14:04:59,scan_executed_new_execution_bar,USDJPY,2025.03.04 13:45:00,32,
2025.03.04 14:09:59,scan_skipped_same_execution_bar,USDJPY,2025.03.04 13:45:00,0,
2025.03.04 14:19:59,scan_executed_new_execution_bar,USDJPY,2025.03.04 14:00:00,0,
2025.03.04 14:24:59,scan_skipped_same_execution_bar,USDJPY,2025.03.04 14:00:00,0,
2025.03.04 14:34:59,scan_executed_new_execution_bar,USDJPY,2025.03.04 14:15:00,0,
2025.03.04 14:39:59,scan_skipped_same_execution_bar,USDJPY,2025.03.04 14:15:00,0,
2025.03.04 14:49:59,scan_executed_new_execution_bar,USDJPY,2025.03.04 14:30:00,31,
2025.03.04 14:54:59,scan_skipped_same_execution_bar,USDJPY,2025.03.04 14:30:00,0,
2025.03.04 15:04:59,scan_executed_new_execution_bar,USDJPY,2025.03.04 14:45:00,0,
2025.03.04 15:09:59,scan_skipped_same_execution_bar,USDJPY,2025.03.04 14:45:00,0,
2025.03.04 15:19:59,scan_executed_new_execution_bar,USDJPY,2025.03.04 15:00:00,47,
2025.03.04 15:25:00,scan_skipped_same_execution_bar,USDJPY,2025.03.04 15:00:00,0,
2025.03.04 15:34:59,scan_executed_new_execution_bar,USDJPY,2025.03.04 15:15:00,47,
2025.03.04 15:39:59,scan_skipped_same_execution_bar,USDJPY,2025.03.04 15:15:00,0,
2025.03.04 15:49:59,scan_executed_new_execution_bar,USDJPY,2025.03.04 15:30:00,16,
2025.03.04 15:54:59,scan_skipped_same_execution_bar,USDJPY,2025.03.04 15:30:00,0,
2025.03.04 16:04:59,scan_executed_new_execution_bar,USDJPY,2025.03.04 15:45:00,0,
2025.03.04 16:09:59,scan_skipped_same_execution_bar,USDJPY,2025.03.04 15:45:00,0,
2025.03.04 16:19:59,scan_executed_new_execution_bar,USDJPY,2025.03.04 16:00:00,47,
2025.03.04 16:24:59,scan_skipped_same_execution_bar,USDJPY,2025.03.04 16:00:00,0,
2025.03.04 16:34:59,scan_executed_new_execution_bar,USDJPY,2025.03.04 16:15:00,0,
2025.03.04 16:39:59,scan_skipped_same_execution_bar,USDJPY,2025.03.04 16:15:00,0,
2025.03.04 16:49:59,scan_executed_new_execution_bar,USDJPY,2025.03.04 16:30:00,0,
2025.03.04 16:54:59,scan_skipped_same_execution_bar,USDJPY,2025.03.04 16:30:00,0,
2025.03.04 17:04:59,scan_executed_new_execution_bar,USDJPY,2025.03.04 16:45:00,0,
2025.03.04 17:09:59,scan_skipped_same_execution_bar,USDJPY,2025.03.04 16:45:00,0,
2025.03.04 17:19:59,scan_executed_new_execution_bar,USDJPY,2025.03.04 17:00:00,0,
2025.03.04 17:24:59,scan_skipped_same_execution_bar,USDJPY,2025.03.04 17:00:00,0,
2025.03.04 17:34:59,scan_executed_new_execution_bar,USDJPY,2025.03.04 17:15:00,0,
2025.03.04 17:39:59,scan_skipped_same_execution_bar,USDJPY,2025.03.04 17:15:00,0,
2025.03.04 17:49:59,scan_executed_new_execution_bar,USDJPY,2025.03.04 17:30:00,47,
2025.03.04 17:54:59,scan_skipped_same_execution_bar,USDJPY,2025.03.04 17:30:00,0,
2025.03.04 18:04:59,scan_executed_new_execution_bar,USDJPY,2025.03.04 17:45:00,0,
2025.03.04 18:09:59,scan_skipped_same_execution_bar,USDJPY,2025.03.04 17:45:00,0,
2025.03.04 18:19:59,scan_executed_new_execution_bar,USDJPY,2025.03.04 18:00:00,62,
2025.03.04 18:24:59,scan_skipped_same_execution_bar,USDJPY,2025.03.04 18:00:00,0,
2025.03.04 18:34:59,scan_executed_new_execution_bar,USDJPY,2025.03.04 18:15:00,0,
2025.03.04 18:39:59,scan_skipped_same_execution_bar,USDJPY,2025.03.04 18:15:00,0,
2025.03.04 18:49:59,scan_executed_new_execution_bar,USDJPY,2025.03.04 18:30:00,15,
2025.03.04 18:54:59,scan_skipped_same_execution_bar,USDJPY,2025.03.04 18:30:00,0,
2025.03.04 19:04:59,scan_executed_new_execution_bar,USDJPY,2025.03.04 18:45:00,47,
2025.03.04 19:09:59,scan_skipped_same_execution_bar,USDJPY,2025.03.04 18:45:00,0,
2025.03.04 19:19:59,scan_executed_new_execution_bar,USDJPY,2025.03.04 19:00:00,0,
2025.03.04 19:24:59,scan_skipped_same_execution_bar,USDJPY,2025.03.04 19:00:00,0,
2025.03.04 19:34:59,scan_executed_new_execution_bar,USDJPY,2025.03.04 19:15:00,16,
2025.03.04 19:39:59,scan_skipped_same_execution_bar,USDJPY,2025.03.04 19:15:00,0,
2025.03.04 19:49:59,scan_executed_new_execution_bar,USDJPY,2025.03.04 19:30:00,0,
2025.03.04 19:54:59,scan_skipped_same_execution_bar,USDJPY,2025.03.04 19:30:00,0,
2025.03.04 20:04:59,scan_executed_new_execution_bar,USDJPY,2025.03.04 19:45:00,0,
2025.03.04 20:09:59,scan_skipped_same_execution_bar,USDJPY,2025.03.04 19:45:00,0,
2025.03.04 20:19:59,scan_executed_new_execution_bar,USDJPY,2025.03.04 20:00:00,0,
2025.03.04 20:24:59,scan_skipped_same_execution_bar,USDJPY,2025.03.04 20:00:00,0,
2025.03.04 20:34:59,scan_executed_new_execution_bar,USDJPY,2025.03.04 20:15:00,16,
2025.03.04 20:39:59,scan_skipped_same_execution_bar,USDJPY,2025.03.04 20:15:00,0,
2025.03.04 20:49:59,scan_executed_new_execution_bar,USDJPY,2025.03.04 20:30:00,0,
2025.03.04 20:54:59,scan_skipped_same_execution_bar,USDJPY,2025.03.04 20:30:00,0,
2025.03.04 21:04:59,scan_executed_new_execution_bar,USDJPY,2025.03.04 20:45:00,0,
2025.03.04 21:09:59,scan_skipped_same_execution_bar,USDJPY,2025.03.04 20:45:00,0,
2025.03.04 21:19:59,scan_executed_new_execution_bar,USDJPY,2025.03.04 21:00:00,0,
2025.03.04 21:24:59,scan_skipped_same_execution_bar,USDJPY,2025.03.04 21:00:00,0,
2025.03.04 21:34:59,scan_executed_new_execution_bar,USDJPY,2025.03.04 21:15:00,0,
2025.03.04 21:39:59,scan_skipped_same_execution_bar,USDJPY,2025.03.04 21:15:00,0,
2025.03.04 21:49:59,scan_executed_new_execution_bar,USDJPY,2025.03.04 21:30:00,0,
2025.03.04 21:54:59,scan_skipped_same_execution_bar,USDJPY,2025.03.04 21:30:00,0,
2025.03.04 22:04:59,scan_executed_new_execution_bar,USDJPY,2025.03.04 21:45:00,0,
2025.03.04 22:09:59,scan_skipped_same_execution_bar,USDJPY,2025.03.04 21:45:00,0,
2025.03.04 22:19:59,scan_executed_new_execution_bar,USDJPY,2025.03.04 22:00:00,0,
2025.03.04 22:24:59,scan_skipped_same_execution_bar,USDJPY,2025.03.04 22:00:00,0,
2025.03.04 22:34:59,scan_executed_new_execution_bar,USDJPY,2025.03.04 22:15:00,0,
2025.03.04 22:39:59,scan_skipped_same_execution_bar,USDJPY,2025.03.04 22:15:00,0,
2025.03.04 22:49:59,scan_executed_new_execution_bar,USDJPY,2025.03.04 22:30:00,93,
2025.03.04 22:54:59,scan_skipped_same_execution_bar,USDJPY,2025.03.04 22:30:00,0,
2025.03.04 23:04:59,scan_executed_new_execution_bar,USDJPY,2025.03.04 22:45:00,47,
2025.03.04 23:09:59,scan_skipped_same_execution_bar,USDJPY,2025.03.04 22:45:00,0,
2025.03.04 23:19:59,scan_executed_new_execution_bar,USDJPY,2025.03.04 23:00:00,0,
2025.03.04 23:24:59,scan_skipped_same_execution_bar,USDJPY,2025.03.04 23:00:00,0,
2025.03.04 23:34:59,scan_executed_new_execution_bar,USDJPY,2025.03.04 23:15:00,0,
2025.03.04 23:39:59,scan_skipped_same_execution_bar,USDJPY,2025.03.04 23:15:00,0,
2025.03.04 23:49:59,scan_executed_new_execution_bar,USDJPY,2025.03.04 23:30:00,0,
2025.03.04 23:54:59,scan_skipped_same_execution_bar,USDJPY,2025.03.04 23:30:00,0,
2025.03.05 00:04:59,scan_executed_new_execution_bar,USDJPY,2025.03.04 23:45:00,0,
2025.03.05 00:09:58,scan_skipped_same_execution_bar,USDJPY,2025.03.04 23:45:00,0,
2025.03.05 00:19:59,scan_executed_new_execution_bar,USDJPY,2025.03.05 00:00:00,0,
2025.03.05 00:24:58,scan_skipped_same_execution_bar,USDJPY,2025.03.05 00:00:00,0,
2025.03.05 00:34:57,scan_executed_new_execution_bar,USDJPY,2025.03.05 00:15:00,0,
2025.03.05 00:39:56,scan_skipped_same_execution_bar,USDJPY,2025.03.05 00:15:00,0,
2025.03.05 00:49:59,scan_executed_new_execution_bar,USDJPY,2025.03.05 00:30:00,0,
2025.03.05 00:54:58,scan_skipped_same_execution_bar,USDJPY,2025.03.05 00:30:00,0,
2025.03.05 01:04:59,scan_executed_new_execution_bar,USDJPY,2025.03.05 00:45:00,0,
2025.03.05 01:09:59,scan_skipped_same_execution_bar,USDJPY,2025.03.05 00:45:00,0,
2025.03.05 01:19:59,scan_executed_new_execution_bar,USDJPY,2025.03.05 01:00:00,0,
2025.03.05 01:24:59,scan_skipped_same_execution_bar,USDJPY,2025.03.05 01:00:00,0,
2025.03.05 01:34:59,scan_executed_new_execution_bar,USDJPY,2025.03.05 01:15:00,109,
2025.03.05 01:39:59,scan_skipped_same_execution_bar,USDJPY,2025.03.05 01:15:00,0,
2025.03.05 01:49:59,scan_executed_new_execution_bar,USDJPY,2025.03.05 01:30:00,31,
2025.03.05 01:54:59,scan_skipped_same_execution_bar,USDJPY,2025.03.05 01:30:00,0,
2025.03.05 02:04:59,scan_executed_new_execution_bar,USDJPY,2025.03.05 01:45:00,0,
2025.03.05 02:09:59,scan_skipped_same_execution_bar,USDJPY,2025.03.05 01:45:00,0,
2025.03.05 02:19:59,scan_executed_new_execution_bar,USDJPY,2025.03.05 02:00:00,0,
2025.03.05 02:24:59,scan_skipped_same_execution_bar,USDJPY,2025.03.05 02:00:00,0,
2025.03.05 02:34:59,scan_executed_new_execution_bar,USDJPY,2025.03.05 02:15:00,15,
2025.03.05 02:39:59,scan_skipped_same_execution_bar,USDJPY,2025.03.05 02:15:00,0,
2025.03.05 02:49:59,scan_executed_new_execution_bar,USDJPY,2025.03.05 02:30:00,0,
2025.03.05 02:54:59,scan_skipped_same_execution_bar,USDJPY,2025.03.05 02:30:00,0,
2025.03.05 03:04:59,scan_executed_new_execution_bar,USDJPY,2025.03.05 02:45:00,0,
2025.03.05 03:09:59,scan_skipped_same_execution_bar,USDJPY,2025.03.05 02:45:00,0,
2025.03.05 03:19:59,scan_executed_new_execution_bar,USDJPY,2025.03.05 03:00:00,47,
2025.03.05 03:24:59,scan_skipped_same_execution_bar,USDJPY,2025.03.05 03:00:00,0,
2025.03.05 03:34:59,scan_executed_new_execution_bar,USDJPY,2025.03.05 03:15:00,0,
2025.03.05 03:39:59,scan_skipped_same_execution_bar,USDJPY,2025.03.05 03:15:00,0,
2025.03.05 03:49:59,scan_executed_new_execution_bar,USDJPY,2025.03.05 03:30:00,0,
2025.03.05 03:54:59,scan_skipped_same_execution_bar,USDJPY,2025.03.05 03:30:00,0,
2025.03.05 04:04:59,scan_executed_new_execution_bar,USDJPY,2025.03.05 03:45:00,47,
2025.03.05 04:09:59,scan_skipped_same_execution_bar,USDJPY,2025.03.05 03:45:00,0,
2025.03.05 04:19:59,scan_executed_new_execution_bar,USDJPY,2025.03.05 04:00:00,32,
2025.03.05 04:24:59,scan_skipped_same_execution_bar,USDJPY,2025.03.05 04:00:00,0,
2025.03.05 04:34:59,scan_executed_new_execution_bar,USDJPY,2025.03.05 04:15:00,0,
2025.03.05 04:39:59,scan_skipped_same_execution_bar,USDJPY,2025.03.05 04:15:00,0,
2025.03.05 04:49:59,scan_executed_new_execution_bar,USDJPY,2025.03.05 04:30:00,0,
2025.03.05 04:54:59,scan_skipped_same_execution_bar,USDJPY,2025.03.05 04:30:00,0,
2025.03.05 05:04:59,scan_executed_new_execution_bar,USDJPY,2025.03.05 04:45:00,15,
2025.03.05 05:09:59,scan_skipped_same_execution_bar,USDJPY,2025.03.05 04:45:00,0,
2025.03.05 05:19:59,scan_executed_new_execution_bar,USDJPY,2025.03.05 05:00:00,16,
2025.03.05 05:24:59,scan_skipped_same_execution_bar,USDJPY,2025.03.05 05:00:00,0,
2025.03.05 05:34:59,scan_executed_new_execution_bar,USDJPY,2025.03.05 05:15:00,0,
2025.03.05 05:39:59,scan_skipped_same_execution_bar,USDJPY,2025.03.05 05:15:00,0,
2025.03.05 05:49:59,scan_executed_new_execution_bar,USDJPY,2025.03.05 05:30:00,31,
2025.03.05 05:54:59,scan_skipped_same_execution_bar,USDJPY,2025.03.05 05:30:00,0,
2025.03.05 06:04:59,scan_executed_new_execution_bar,USDJPY,2025.03.05 05:45:00,16,
2025.03.05 06:09:59,scan_skipped_same_execution_bar,USDJPY,2025.03.05 05:45:00,0,
2025.03.05 06:19:58,scan_executed_new_execution_bar,USDJPY,2025.03.05 06:00:00,46,
2025.03.05 06:24:59,scan_skipped_same_execution_bar,USDJPY,2025.03.05 06:00:00,0,
2025.03.05 06:34:59,scan_executed_new_execution_bar,USDJPY,2025.03.05 06:15:00,0,
2025.03.05 06:39:59,scan_skipped_same_execution_bar,USDJPY,2025.03.05 06:15:00,0,
2025.03.05 06:49:59,scan_executed_new_execution_bar,USDJPY,2025.03.05 06:30:00,0,
2025.03.05 06:54:59,scan_skipped_same_execution_bar,USDJPY,2025.03.05 06:30:00,0,
2025.03.05 07:04:59,scan_executed_new_execution_bar,USDJPY,2025.03.05 06:45:00,31,
2025.03.05 07:09:59,scan_skipped_same_execution_bar,USDJPY,2025.03.05 06:45:00,0,
2025.03.05 07:19:59,scan_executed_new_execution_bar,USDJPY,2025.03.05 07:00:00,0,
2025.03.05 07:24:59,scan_skipped_same_execution_bar,USDJPY,2025.03.05 07:00:00,0,
2025.03.05 07:34:59,scan_executed_new_execution_bar,USDJPY,2025.03.05 07:15:00,0,
2025.03.05 07:39:59,scan_skipped_same_execution_bar,USDJPY,2025.03.05 07:15:00,0,
2025.03.05 07:49:59,scan_executed_new_execution_bar,USDJPY,2025.03.05 07:30:00,0,
2025.03.05 07:54:59,scan_skipped_same_execution_bar,USDJPY,2025.03.05 07:30:00,0,
2025.03.05 08:04:59,scan_executed_new_execution_bar,USDJPY,2025.03.05 07:45:00,0,
2025.03.05 08:09:59,scan_skipped_same_execution_bar,USDJPY,2025.03.05 07:45:00,0,
2025.03.05 08:19:59,scan_executed_new_execution_bar,USDJPY,2025.03.05 08:00:00,16,
2025.03.05 08:24:59,scan_skipped_same_execution_bar,USDJPY,2025.03.05 08:00:00,0,
2025.03.05 08:34:59,scan_executed_new_execution_bar,USDJPY,2025.03.05 08:15:00,16,
2025.03.05 08:39:59,scan_skipped_same_execution_bar,USDJPY,2025.03.05 08:15:00,0,
2025.03.05 08:49:59,scan_executed_new_execution_bar,USDJPY,2025.03.05 08:30:00,31,
2025.03.05 08:54:59,scan_skipped_same_execution_bar,USDJPY,2025.03.05 08:30:00,0,
2025.03.05 09:04:59,scan_executed_new_execution_bar,USDJPY,2025.03.05 08:45:00,0,
2025.03.05 09:09:59,scan_skipped_same_execution_bar,USDJPY,2025.03.05 08:45:00,0,
2025.03.05 09:19:59,scan_executed_new_execution_bar,USDJPY,2025.03.05 09:00:00,16,
2025.03.05 09:24:59,scan_skipped_same_execution_bar,USDJPY,2025.03.05 09:00:00,0,
2025.03.05 09:34:59,scan_executed_new_execution_bar,USDJPY,2025.03.05 09:15:00,15,
2025.03.05 09:39:59,scan_skipped_same_execution_bar,USDJPY,2025.03.05 09:15:00,0,
2025.03.05 09:49:59,scan_executed_new_execution_bar,USDJPY,2025.03.05 09:30:00,0,
2025.03.05 09:54:59,scan_skipped_same_execution_bar,USDJPY,2025.03.05 09:30:00,0,
2025.03.05 10:04:59,scan_executed_new_execution_bar,USDJPY,2025.03.05 09:45:00,0,
2025.03.05 10:09:59,scan_skipped_same_execution_bar,USDJPY,2025.03.05 09:45:00,0,
2025.03.05 10:19:59,scan_executed_new_execution_bar,USDJPY,2025.03.05 10:00:00,0,
2025.03.05 10:24:59,scan_skipped_same_execution_bar,USDJPY,2025.03.05 10:00:00,0,
2025.03.05 10:34:59,scan_executed_new_execution_bar,USDJPY,2025.03.05 10:15:00,0,
2025.03.05 10:39:59,scan_skipped_same_execution_bar,USDJPY,2025.03.05 10:15:00,0,
2025.03.05 10:49:59,scan_executed_new_execution_bar,USDJPY,2025.03.05 10:30:00,16,
2025.03.05 10:54:59,scan_skipped_same_execution_bar,USDJPY,2025.03.05 10:30:00,0,
2025.03.05 11:04:59,scan_executed_new_execution_bar,USDJPY,2025.03.05 10:45:00,0,
2025.03.05 11:09:59,scan_skipped_same_execution_bar,USDJPY,2025.03.05 10:45:00,0,
2025.03.05 11:19:59,scan_executed_new_execution_bar,USDJPY,2025.03.05 11:00:00,31,
2025.03.05 11:24:59,scan_skipped_same_execution_bar,USDJPY,2025.03.05 11:00:00,0,
2025.03.05 11:34:59,scan_executed_new_execution_bar,USDJPY,2025.03.05 11:15:00,0,
2025.03.05 11:39:59,scan_skipped_same_execution_bar,USDJPY,2025.03.05 11:15:00,0,
2025.03.05 11:49:59,scan_executed_new_execution_bar,USDJPY,2025.03.05 11:30:00,31,
2025.03.05 11:54:59,scan_skipped_same_execution_bar,USDJPY,2025.03.05 11:30:00,0,
2025.03.05 12:04:59,scan_executed_new_execution_bar,USDJPY,2025.03.05 11:45:00,15,
2025.03.05 12:09:59,scan_skipped_same_execution_bar,USDJPY,2025.03.05 11:45:00,0,
2025.03.05 12:19:59,scan_executed_new_execution_bar,USDJPY,2025.03.05 12:00:00,47,
2025.03.05 12:24:59,scan_skipped_same_execution_bar,USDJPY,2025.03.05 12:00:00,0,
2025.03.05 12:34:59,scan_executed_new_execution_bar,USDJPY,2025.03.05 12:15:00,78,
2025.03.05 12:39:59,scan_skipped_same_execution_bar,USDJPY,2025.03.05 12:15:00,0,
2025.03.05 12:49:59,scan_executed_new_execution_bar,USDJPY,2025.03.05 12:30:00,0,
2025.03.05 12:54:59,scan_skipped_same_execution_bar,USDJPY,2025.03.05 12:30:00,0,
2025.03.05 13:04:59,scan_executed_new_execution_bar,USDJPY,2025.03.05 12:45:00,0,
2025.03.05 13:09:59,scan_skipped_same_execution_bar,USDJPY,2025.03.05 12:45:00,0,
2025.03.05 13:19:59,scan_executed_new_execution_bar,USDJPY,2025.03.05 13:00:00,16,
2025.03.05 13:24:59,scan_skipped_same_execution_bar,USDJPY,2025.03.05 13:00:00,0,
2025.03.05 13:34:59,scan_executed_new_execution_bar,USDJPY,2025.03.05 13:15:00,0,
2025.03.05 13:39:59,scan_skipped_same_execution_bar,USDJPY,2025.03.05 13:15:00,0,
2025.03.05 13:49:59,scan_executed_new_execution_bar,USDJPY,2025.03.05 13:30:00,0,
2025.03.05 13:54:59,scan_skipped_same_execution_bar,USDJPY,2025.03.05 13:30:00,0,
2025.03.05 14:04:59,scan_executed_new_execution_bar,USDJPY,2025.03.05 13:45:00,0,
2025.03.05 14:09:59,scan_skipped_same_execution_bar,USDJPY,2025.03.05 13:45:00,0,
2025.03.05 14:19:59,scan_executed_new_execution_bar,USDJPY,2025.03.05 14:00:00,0,
2025.03.05 14:24:59,scan_skipped_same_execution_bar,USDJPY,2025.03.05 14:00:00,0,
2025.03.05 14:34:59,scan_executed_new_execution_bar,USDJPY,2025.03.05 14:15:00,15,
2025.03.05 14:39:59,scan_skipped_same_execution_bar,USDJPY,2025.03.05 14:15:00,0,
2025.03.05 14:49:59,scan_executed_new_execution_bar,USDJPY,2025.03.05 14:30:00,0,
2025.03.05 14:54:59,scan_skipped_same_execution_bar,USDJPY,2025.03.05 14:30:00,0,
2025.03.05 15:00:00,scan_executed_new_execution_bar,USDJPY,2025.03.05 14:45:00,0,
2025.03.05 15:04:59,scan_skipped_same_execution_bar,USDJPY,2025.03.05 14:45:00,0,
2025.03.05 15:19:59,scan_executed_new_execution_bar,USDJPY,2025.03.05 15:00:00,32,
2025.03.05 15:24:59,scan_skipped_same_execution_bar,USDJPY,2025.03.05 15:00:00,0,
2025.03.05 15:34:59,scan_executed_new_execution_bar,USDJPY,2025.03.05 15:15:00,15,
2025.03.05 15:39:59,scan_skipped_same_execution_bar,USDJPY,2025.03.05 15:15:00,0,
2025.03.05 15:49:59,scan_executed_new_execution_bar,USDJPY,2025.03.05 15:30:00,0,
2025.03.05 15:54:59,scan_skipped_same_execution_bar,USDJPY,2025.03.05 15:30:00,0,
2025.03.05 16:04:59,scan_executed_new_execution_bar,USDJPY,2025.03.05 15:45:00,0,
2025.03.05 16:09:59,scan_skipped_same_execution_bar,USDJPY,2025.03.05 15:45:00,0,
2025.03.05 16:19:59,scan_executed_new_execution_bar,USDJPY,2025.03.05 16:00:00,31,
2025.03.05 16:24:59,scan_skipped_same_execution_bar,USDJPY,2025.03.05 16:00:00,0,
2025.03.05 16:34:59,scan_executed_new_execution_bar,USDJPY,2025.03.05 16:15:00,0,
2025.03.05 16:39:59,scan_skipped_same_execution_bar,USDJPY,2025.03.05 16:15:00,0,
2025.03.05 16:49:59,scan_executed_new_execution_bar,USDJPY,2025.03.05 16:30:00,16,
2025.03.05 16:54:59,scan_skipped_same_execution_bar,USDJPY,2025.03.05 16:30:00,0,
2025.03.05 17:04:59,scan_executed_new_execution_bar,USDJPY,2025.03.05 16:45:00,0,
2025.03.05 17:09:59,scan_skipped_same_execution_bar,USDJPY,2025.03.05 16:45:00,0,
2025.03.05 17:19:59,scan_executed_new_execution_bar,USDJPY,2025.03.05 17:00:00,63,
2025.03.05 17:24:59,scan_skipped_same_execution_bar,USDJPY,2025.03.05 17:00:00,0,
2025.03.05 17:34:59,scan_executed_new_execution_bar,USDJPY,2025.03.05 17:15:00,0,
2025.03.05 17:39:59,scan_skipped_same_execution_bar,USDJPY,2025.03.05 17:15:00,0,
2025.03.05 17:49:59,scan_executed_new_execution_bar,USDJPY,2025.03.05 17:30:00,47,
2025.03.05 17:54:59,scan_skipped_same_execution_bar,USDJPY,2025.03.05 17:30:00,0,
2025.03.05 18:04:59,scan_executed_new_execution_bar,USDJPY,2025.03.05 17:45:00,31,
2025.03.05 18:09:59,scan_skipped_same_execution_bar,USDJPY,2025.03.05 17:45:00,0,
2025.03.05 18:20:00,scan_executed_new_execution_bar,USDJPY,2025.03.05 18:00:00,0,
2025.03.05 18:24:59,scan_skipped_same_execution_bar,USDJPY,2025.03.05 18:00:00,0,
2025.03.05 18:34:59,scan_executed_new_execution_bar,USDJPY,2025.03.05 18:15:00,0,
2025.03.05 18:39:59,scan_skipped_same_execution_bar,USDJPY,2025.03.05 18:15:00,0,
2025.03.05 18:49:59,scan_executed_new_execution_bar,USDJPY,2025.03.05 18:30:00,16,
2025.03.05 18:54:59,scan_skipped_same_execution_bar,USDJPY,2025.03.05 18:30:00,0,
2025.03.05 19:04:59,scan_executed_new_execution_bar,USDJPY,2025.03.05 18:45:00,16,
2025.03.05 19:09:59,scan_skipped_same_execution_bar,USDJPY,2025.03.05 18:45:00,0,
2025.03.05 19:19:59,scan_executed_new_execution_bar,USDJPY,2025.03.05 19:00:00,0,
2025.03.05 19:24:59,scan_skipped_same_execution_bar,USDJPY,2025.03.05 19:00:00,0,
2025.03.05 19:34:59,scan_executed_new_execution_bar,USDJPY,2025.03.05 19:15:00,0,
2025.03.05 19:39:59,scan_skipped_same_execution_bar,USDJPY,2025.03.05 19:15:00,0,
2025.03.05 19:49:59,scan_executed_new_execution_bar,USDJPY,2025.03.05 19:30:00,31,
2025.03.05 19:54:59,scan_skipped_same_execution_bar,USDJPY,2025.03.05 19:30:00,0,
2025.03.05 20:04:59,scan_executed_new_execution_bar,USDJPY,2025.03.05 19:45:00,16,
2025.03.05 20:09:59,scan_skipped_same_execution_bar,USDJPY,2025.03.05 19:45:00,0,
2025.03.05 20:19:59,scan_executed_new_execution_bar,USDJPY,2025.03.05 20:00:00,0,
2025.03.05 20:24:59,scan_skipped_same_execution_bar,USDJPY,2025.03.05 20:00:00,0,
2025.03.05 20:34:59,scan_executed_new_execution_bar,USDJPY,2025.03.05 20:15:00,0,
2025.03.05 20:39:59,scan_skipped_same_execution_bar,USDJPY,2025.03.05 20:15:00,0,
2025.03.05 20:49:59,scan_executed_new_execution_bar,USDJPY,2025.03.05 20:30:00,62,
2025.03.05 20:54:59,scan_skipped_same_execution_bar,USDJPY,2025.03.05 20:30:00,0,
2025.03.05 21:04:59,scan_executed_new_execution_bar,USDJPY,2025.03.05 20:45:00,0,
2025.03.05 21:09:59,scan_skipped_same_execution_bar,USDJPY,2025.03.05 20:45:00,0,
2025.03.05 21:19:59,scan_executed_new_execution_bar,USDJPY,2025.03.05 21:00:00,0,
2025.03.05 21:24:59,scan_skipped_same_execution_bar,USDJPY,2025.03.05 21:00:00,0,
2025.03.05 21:34:59,scan_executed_new_execution_bar,USDJPY,2025.03.05 21:15:00,31,
2025.03.05 21:39:59,scan_skipped_same_execution_bar,USDJPY,2025.03.05 21:15:00,0,
2025.03.05 21:49:59,scan_executed_new_execution_bar,USDJPY,2025.03.05 21:30:00,0,
2025.03.05 21:54:59,scan_skipped_same_execution_bar,USDJPY,2025.03.05 21:30:00,0,
2025.03.05 22:04:59,scan_executed_new_execution_bar,USDJPY,2025.03.05 21:45:00,16,
2025.03.05 22:09:59,scan_skipped_same_execution_bar,USDJPY,2025.03.05 21:45:00,0,
2025.03.05 22:19:59,scan_executed_new_execution_bar,USDJPY,2025.03.05 22:00:00,0,
2025.03.05 22:24:59,scan_skipped_same_execution_bar,USDJPY,2025.03.05 22:00:00,0,
2025.03.05 22:34:59,scan_executed_new_execution_bar,USDJPY,2025.03.05 22:15:00,0,
2025.03.05 22:39:59,scan_skipped_same_execution_bar,USDJPY,2025.03.05 22:15:00,0,
2025.03.05 22:49:59,scan_executed_new_execution_bar,USDJPY,2025.03.05 22:30:00,16,
2025.03.05 22:54:59,scan_skipped_same_execution_bar,USDJPY,2025.03.05 22:30:00,0,
2025.03.05 23:04:59,scan_executed_new_execution_bar,USDJPY,2025.03.05 22:45:00,0,
2025.03.05 23:09:59,scan_skipped_same_execution_bar,USDJPY,2025.03.05 22:45:00,0,
2025.03.05 23:19:59,scan_executed_new_execution_bar,USDJPY,2025.03.05 23:00:00,16,
2025.03.05 23:24:59,scan_skipped_same_execution_bar,USDJPY,2025.03.05 23:00:00,0,
2025.03.05 23:34:59,scan_executed_new_execution_bar,USDJPY,2025.03.05 23:15:00,0,
2025.03.05 23:39:59,scan_skipped_same_execution_bar,USDJPY,2025.03.05 23:15:00,0,
2025.03.05 23:49:59,scan_executed_new_execution_bar,USDJPY,2025.03.05 23:30:00,16,
2025.03.05 23:54:59,scan_skipped_same_execution_bar,USDJPY,2025.03.05 23:30:00,0,
2025.03.06 00:04:58,scan_executed_new_execution_bar,USDJPY,2025.03.05 23:45:00,0,
2025.03.06 00:09:59,scan_skipped_same_execution_bar,USDJPY,2025.03.05 23:45:00,0,
2025.03.06 00:19:59,scan_executed_new_execution_bar,USDJPY,2025.03.06 00:00:00,16,
2025.03.06 00:24:59,scan_skipped_same_execution_bar,USDJPY,2025.03.06 00:00:00,0,
2025.03.06 00:34:57,scan_executed_new_execution_bar,USDJPY,2025.03.06 00:15:00,0,
2025.03.06 00:39:58,scan_skipped_same_execution_bar,USDJPY,2025.03.06 00:15:00,0,
2025.03.06 00:49:53,scan_executed_new_execution_bar,USDJPY,2025.03.06 00:30:00,15,
2025.03.06 00:54:59,scan_skipped_same_execution_bar,USDJPY,2025.03.06 00:30:00,0,
2025.03.06 01:04:59,scan_executed_new_execution_bar,USDJPY,2025.03.06 00:45:00,0,
2025.03.06 01:09:59,scan_skipped_same_execution_bar,USDJPY,2025.03.06 00:45:00,0,
2025.03.06 01:19:59,scan_executed_new_execution_bar,USDJPY,2025.03.06 01:00:00,0,
2025.03.06 01:24:59,scan_skipped_same_execution_bar,USDJPY,2025.03.06 01:00:00,0,
2025.03.06 01:34:59,scan_executed_new_execution_bar,USDJPY,2025.03.06 01:15:00,0,
2025.03.06 01:39:59,scan_skipped_same_execution_bar,USDJPY,2025.03.06 01:15:00,0,
2025.03.06 01:49:59,scan_executed_new_execution_bar,USDJPY,2025.03.06 01:30:00,0,
2025.03.06 01:54:59,scan_skipped_same_execution_bar,USDJPY,2025.03.06 01:30:00,0,
2025.03.06 02:04:59,scan_executed_new_execution_bar,USDJPY,2025.03.06 01:45:00,0,
2025.03.06 02:09:59,scan_skipped_same_execution_bar,USDJPY,2025.03.06 01:45:00,0,
2025.03.06 02:19:59,scan_executed_new_execution_bar,USDJPY,2025.03.06 02:00:00,0,
2025.03.06 02:24:59,scan_skipped_same_execution_bar,USDJPY,2025.03.06 02:00:00,0,
2025.03.06 02:34:59,scan_executed_new_execution_bar,USDJPY,2025.03.06 02:15:00,0,
2025.03.06 02:39:59,scan_skipped_same_execution_bar,USDJPY,2025.03.06 02:15:00,0,
2025.03.06 02:49:59,scan_executed_new_execution_bar,USDJPY,2025.03.06 02:30:00,0,
2025.03.06 02:54:59,scan_skipped_same_execution_bar,USDJPY,2025.03.06 02:30:00,0,
2025.03.06 03:04:59,scan_executed_new_execution_bar,USDJPY,2025.03.06 02:45:00,31,
2025.03.06 03:09:59,scan_skipped_same_execution_bar,USDJPY,2025.03.06 02:45:00,0,
2025.03.06 03:19:59,scan_executed_new_execution_bar,USDJPY,2025.03.06 03:00:00,0,
2025.03.06 03:24:59,scan_skipped_same_execution_bar,USDJPY,2025.03.06 03:00:00,0,
2025.03.06 03:34:59,scan_executed_new_execution_bar,USDJPY,2025.03.06 03:15:00,31,
2025.03.06 03:39:59,scan_skipped_same_execution_bar,USDJPY,2025.03.06 03:15:00,0,
2025.03.06 03:49:59,scan_executed_new_execution_bar,USDJPY,2025.03.06 03:30:00,16,
2025.03.06 03:54:59,scan_skipped_same_execution_bar,USDJPY,2025.03.06 03:30:00,0,
2025.03.06 04:04:59,scan_executed_new_execution_bar,USDJPY,2025.03.06 03:45:00,0,
2025.03.06 04:09:59,scan_skipped_same_execution_bar,USDJPY,2025.03.06 03:45:00,0,
2025.03.06 04:19:59,scan_executed_new_execution_bar,USDJPY,2025.03.06 04:00:00,31,
2025.03.06 04:24:59,scan_skipped_same_execution_bar,USDJPY,2025.03.06 04:00:00,0,
2025.03.06 04:34:59,scan_executed_new_execution_bar,USDJPY,2025.03.06 04:15:00,16,
2025.03.06 04:39:59,scan_skipped_same_execution_bar,USDJPY,2025.03.06 04:15:00,0,
2025.03.06 04:49:59,scan_executed_new_execution_bar,USDJPY,2025.03.06 04:30:00,0,
2025.03.06 04:54:59,scan_skipped_same_execution_bar,USDJPY,2025.03.06 04:30:00,0,
2025.03.06 05:04:59,scan_executed_new_execution_bar,USDJPY,2025.03.06 04:45:00,0,
2025.03.06 05:09:59,scan_skipped_same_execution_bar,USDJPY,2025.03.06 04:45:00,0,
2025.03.06 05:19:59,scan_executed_new_execution_bar,USDJPY,2025.03.06 05:00:00,16,
2025.03.06 05:24:59,scan_skipped_same_execution_bar,USDJPY,2025.03.06 05:00:00,0,
2025.03.06 05:34:59,scan_executed_new_execution_bar,USDJPY,2025.03.06 05:15:00,47,
2025.03.06 05:39:59,scan_skipped_same_execution_bar,USDJPY,2025.03.06 05:15:00,0,
2025.03.06 05:49:59,scan_executed_new_execution_bar,USDJPY,2025.03.06 05:30:00,0,
2025.03.06 05:54:59,scan_skipped_same_execution_bar,USDJPY,2025.03.06 05:30:00,0,
2025.03.06 06:04:59,scan_executed_new_execution_bar,USDJPY,2025.03.06 05:45:00,0,
2025.03.06 06:09:59,scan_skipped_same_execution_bar,USDJPY,2025.03.06 05:45:00,0,
2025.03.06 06:19:59,scan_executed_new_execution_bar,USDJPY,2025.03.06 06:00:00,0,
2025.03.06 06:24:59,scan_skipped_same_execution_bar,USDJPY,2025.03.06 06:00:00,0,
2025.03.06 06:34:59,scan_executed_new_execution_bar,USDJPY,2025.03.06 06:15:00,0,
2025.03.06 06:39:58,scan_skipped_same_execution_bar,USDJPY,2025.03.06 06:15:00,0,
2025.03.06 06:49:59,scan_executed_new_execution_bar,USDJPY,2025.03.06 06:30:00,0,
2025.03.06 06:54:59,scan_skipped_same_execution_bar,USDJPY,2025.03.06 06:30:00,0,
2025.03.06 07:04:59,scan_executed_new_execution_bar,USDJPY,2025.03.06 06:45:00,0,
2025.03.06 07:09:59,scan_skipped_same_execution_bar,USDJPY,2025.03.06 06:45:00,0,
2025.03.06 07:19:59,scan_executed_new_execution_bar,USDJPY,2025.03.06 07:00:00,16,
2025.03.06 07:24:59,scan_skipped_same_execution_bar,USDJPY,2025.03.06 07:00:00,0,
2025.03.06 07:34:59,scan_executed_new_execution_bar,USDJPY,2025.03.06 07:15:00,0,
2025.03.06 07:39:59,scan_skipped_same_execution_bar,USDJPY,2025.03.06 07:15:00,0,
2025.03.06 07:49:59,scan_executed_new_execution_bar,USDJPY,2025.03.06 07:30:00,16,
2025.03.06 07:54:59,scan_skipped_same_execution_bar,USDJPY,2025.03.06 07:30:00,0,
2025.03.06 08:04:59,scan_executed_new_execution_bar,USDJPY,2025.03.06 07:45:00,0,
2025.03.06 08:09:59,scan_skipped_same_execution_bar,USDJPY,2025.03.06 07:45:00,0,
2025.03.06 08:19:59,scan_executed_new_execution_bar,USDJPY,2025.03.06 08:00:00,0,
2025.03.06 08:24:59,scan_skipped_same_execution_bar,USDJPY,2025.03.06 08:00:00,0,
2025.03.06 08:34:59,scan_executed_new_execution_bar,USDJPY,2025.03.06 08:15:00,32,
2025.03.06 08:39:59,scan_skipped_same_execution_bar,USDJPY,2025.03.06 08:15:00,0,
2025.03.06 08:49:59,scan_executed_new_execution_bar,USDJPY,2025.03.06 08:30:00,0,
2025.03.06 08:54:59,scan_skipped_same_execution_bar,USDJPY,2025.03.06 08:30:00,0,
2025.03.06 09:04:59,scan_executed_new_execution_bar,USDJPY,2025.03.06 08:45:00,0,
2025.03.06 09:09:59,scan_skipped_same_execution_bar,USDJPY,2025.03.06 08:45:00,0,
2025.03.06 09:19:59,scan_executed_new_execution_bar,USDJPY,2025.03.06 09:00:00,0,
2025.03.06 09:24:59,scan_skipped_same_execution_bar,USDJPY,2025.03.06 09:00:00,0,
2025.03.06 09:34:59,scan_executed_new_execution_bar,USDJPY,2025.03.06 09:15:00,0,
2025.03.06 09:39:59,scan_skipped_same_execution_bar,USDJPY,2025.03.06 09:15:00,0,
2025.03.06 09:49:59,scan_executed_new_execution_bar,USDJPY,2025.03.06 09:30:00,0,
2025.03.06 09:54:59,scan_skipped_same_execution_bar,USDJPY,2025.03.06 09:30:00,0,
2025.03.06 10:04:59,scan_executed_new_execution_bar,USDJPY,2025.03.06 09:45:00,15,
2025.03.06 10:09:59,scan_skipped_same_execution_bar,USDJPY,2025.03.06 09:45:00,0,
2025.03.06 10:19:59,scan_executed_new_execution_bar,USDJPY,2025.03.06 10:00:00,16,
2025.03.06 10:24:59,scan_skipped_same_execution_bar,USDJPY,2025.03.06 10:00:00,0,
2025.03.06 10:34:59,scan_executed_new_execution_bar,USDJPY,2025.03.06 10:15:00,0,
2025.03.06 10:39:59,scan_skipped_same_execution_bar,USDJPY,2025.03.06 10:15:00,0,
2025.03.06 10:49:59,scan_executed_new_execution_bar,USDJPY,2025.03.06 10:30:00,15,
2025.03.06 10:54:59,scan_skipped_same_execution_bar,USDJPY,2025.03.06 10:30:00,0,
2025.03.06 11:04:59,scan_executed_new_execution_bar,USDJPY,2025.03.06 10:45:00,47,
2025.03.06 11:09:59,scan_skipped_same_execution_bar,USDJPY,2025.03.06 10:45:00,0,
2025.03.06 11:19:59,scan_executed_new_execution_bar,USDJPY,2025.03.06 11:00:00,16,
2025.03.06 11:24:59,scan_skipped_same_execution_bar,USDJPY,2025.03.06 11:00:00,0,
2025.03.06 11:34:59,scan_executed_new_execution_bar,USDJPY,2025.03.06 11:15:00,0,
2025.03.06 11:39:59,scan_skipped_same_execution_bar,USDJPY,2025.03.06 11:15:00,0,
2025.03.06 11:49:59,scan_executed_new_execution_bar,USDJPY,2025.03.06 11:30:00,78,
2025.03.06 11:54:59,scan_skipped_same_execution_bar,USDJPY,2025.03.06 11:30:00,0,
2025.03.06 12:04:59,scan_executed_new_execution_bar,USDJPY,2025.03.06 11:45:00,16,
2025.03.06 12:09:59,scan_skipped_same_execution_bar,USDJPY,2025.03.06 11:45:00,0,
2025.03.06 12:19:59,scan_executed_new_execution_bar,USDJPY,2025.03.06 12:00:00,0,
2025.03.06 12:24:59,scan_skipped_same_execution_bar,USDJPY,2025.03.06 12:00:00,0,
2025.03.06 12:35:00,scan_executed_new_execution_bar,USDJPY,2025.03.06 12:15:00,78,
2025.03.06 12:39:59,scan_skipped_same_execution_bar,USDJPY,2025.03.06 12:15:00,0,
2025.03.06 12:49:59,scan_executed_new_execution_bar,USDJPY,2025.03.06 12:30:00,47,
2025.03.06 12:54:59,scan_skipped_same_execution_bar,USDJPY,2025.03.06 12:30:00,0,
2025.03.06 13:04:59,scan_executed_new_execution_bar,USDJPY,2025.03.06 12:45:00,0,
2025.03.06 13:09:59,scan_skipped_same_execution_bar,USDJPY,2025.03.06 12:45:00,0,
2025.03.06 13:19:59,scan_executed_new_execution_bar,USDJPY,2025.03.06 13:00:00,46,
2025.03.06 13:24:59,scan_skipped_same_execution_bar,USDJPY,2025.03.06 13:00:00,0,
2025.03.06 13:34:59,scan_executed_new_execution_bar,USDJPY,2025.03.06 13:15:00,16,
2025.03.06 13:39:59,scan_skipped_same_execution_bar,USDJPY,2025.03.06 13:15:00,0,
2025.03.06 13:49:59,scan_executed_new_execution_bar,USDJPY,2025.03.06 13:30:00,78,
2025.03.06 13:54:59,scan_skipped_same_execution_bar,USDJPY,2025.03.06 13:30:00,0,
2025.03.06 14:04:59,scan_executed_new_execution_bar,USDJPY,2025.03.06 13:45:00,0,
2025.03.06 14:09:59,scan_skipped_same_execution_bar,USDJPY,2025.03.06 13:45:00,0,
2025.03.06 14:19:59,scan_executed_new_execution_bar,USDJPY,2025.03.06 14:00:00,31,
2025.03.06 14:24:59,scan_skipped_same_execution_bar,USDJPY,2025.03.06 14:00:00,0,
2025.03.06 14:34:59,scan_executed_new_execution_bar,USDJPY,2025.03.06 14:15:00,0,
2025.03.06 14:39:59,scan_skipped_same_execution_bar,USDJPY,2025.03.06 14:15:00,0,
2025.03.06 14:49:59,scan_executed_new_execution_bar,USDJPY,2025.03.06 14:30:00,0,
2025.03.06 14:54:59,scan_skipped_same_execution_bar,USDJPY,2025.03.06 14:30:00,0,
2025.03.06 15:04:59,scan_executed_new_execution_bar,USDJPY,2025.03.06 14:45:00,0,
2025.03.06 15:09:59,scan_skipped_same_execution_bar,USDJPY,2025.03.06 14:45:00,0,
2025.03.06 15:19:59,scan_executed_new_execution_bar,USDJPY,2025.03.06 15:00:00,0,
2025.03.06 15:24:59,scan_skipped_same_execution_bar,USDJPY,2025.03.06 15:00:00,0,
2025.03.06 15:34:59,scan_executed_new_execution_bar,USDJPY,2025.03.06 15:15:00,15,
2025.03.06 15:39:59,scan_skipped_same_execution_bar,USDJPY,2025.03.06 15:15:00,0,
2025.03.06 15:49:59,scan_executed_new_execution_bar,USDJPY,2025.03.06 15:30:00,31,
2025.03.06 15:54:59,scan_skipped_same_execution_bar,USDJPY,2025.03.06 15:30:00,0,
2025.03.06 16:05:00,scan_executed_new_execution_bar,USDJPY,2025.03.06 15:45:00,0,
2025.03.06 16:09:59,scan_skipped_same_execution_bar,USDJPY,2025.03.06 15:45:00,0,
2025.03.06 16:19:59,scan_executed_new_execution_bar,USDJPY,2025.03.06 16:00:00,31,
2025.03.06 16:24:59,scan_skipped_same_execution_bar,USDJPY,2025.03.06 16:00:00,0,
2025.03.06 16:34:59,scan_executed_new_execution_bar,USDJPY,2025.03.06 16:15:00,0,
2025.03.06 16:39:59,scan_skipped_same_execution_bar,USDJPY,2025.03.06 16:15:00,0,
2025.03.06 16:49:59,scan_executed_new_execution_bar,USDJPY,2025.03.06 16:30:00,0,
2025.03.06 16:54:59,scan_skipped_same_execution_bar,USDJPY,2025.03.06 16:30:00,0,
2025.03.06 17:04:59,scan_executed_new_execution_bar,USDJPY,2025.03.06 16:45:00,32,
2025.03.06 17:09:59,scan_skipped_same_execution_bar,USDJPY,2025.03.06 16:45:00,0,
2025.03.06 17:19:59,scan_executed_new_execution_bar,USDJPY,2025.03.06 17:00:00,16,
2025.03.06 17:25:00,scan_skipped_same_execution_bar,USDJPY,2025.03.06 17:00:00,0,
2025.03.06 17:34:59,scan_executed_new_execution_bar,USDJPY,2025.03.06 17:15:00,0,
2025.03.06 17:39:59,scan_skipped_same_execution_bar,USDJPY,2025.03.06 17:15:00,0,
2025.03.06 17:49:59,scan_executed_new_execution_bar,USDJPY,2025.03.06 17:30:00,0,
2025.03.06 17:54:59,scan_skipped_same_execution_bar,USDJPY,2025.03.06 17:30:00,0,
2025.03.06 18:04:59,scan_executed_new_execution_bar,USDJPY,2025.03.06 17:45:00,16,
2025.03.06 18:09:59,scan_skipped_same_execution_bar,USDJPY,2025.03.06 17:45:00,0,
2025.03.06 18:19:59,scan_executed_new_execution_bar,USDJPY,2025.03.06 18:00:00,0,
2025.03.06 18:24:59,scan_skipped_same_execution_bar,USDJPY,2025.03.06 18:00:00,0,
2025.03.06 18:34:59,scan_executed_new_execution_bar,USDJPY,2025.03.06 18:15:00,0,
2025.03.06 18:39:59,scan_skipped_same_execution_bar,USDJPY,2025.03.06 18:15:00,0,
2025.03.06 18:49:59,scan_executed_new_execution_bar,USDJPY,2025.03.06 18:30:00,31,
2025.03.06 18:54:59,scan_skipped_same_execution_bar,USDJPY,2025.03.06 18:30:00,0,
2025.03.06 19:04:59,scan_executed_new_execution_bar,USDJPY,2025.03.06 18:45:00,0,
2025.03.06 19:09:59,scan_skipped_same_execution_bar,USDJPY,2025.03.06 18:45:00,0,
2025.03.06 19:19:59,scan_executed_new_execution_bar,USDJPY,2025.03.06 19:00:00,0,
2025.03.06 19:24:59,scan_skipped_same_execution_bar,USDJPY,2025.03.06 19:00:00,0,
2025.03.06 19:34:59,scan_executed_new_execution_bar,USDJPY,2025.03.06 19:15:00,0,
2025.03.06 19:39:59,scan_skipped_same_execution_bar,USDJPY,2025.03.06 19:15:00,0,
2025.03.06 19:49:59,scan_executed_new_execution_bar,USDJPY,2025.03.06 19:30:00,15,
2025.03.06 19:54:59,scan_skipped_same_execution_bar,USDJPY,2025.03.06 19:30:00,0,
2025.03.06 20:04:59,scan_executed_new_execution_bar,USDJPY,2025.03.06 19:45:00,47,
2025.03.06 20:09:59,scan_skipped_same_execution_bar,USDJPY,2025.03.06 19:45:00,0,
2025.03.06 20:19:59,scan_executed_new_execution_bar,USDJPY,2025.03.06 20:00:00,0,
2025.03.06 20:24:59,scan_skipped_same_execution_bar,USDJPY,2025.03.06 20:00:00,0,
2025.03.06 20:34:59,scan_executed_new_execution_bar,USDJPY,2025.03.06 20:15:00,0,
2025.03.06 20:39:59,scan_skipped_same_execution_bar,USDJPY,2025.03.06 20:15:00,0,
2025.03.06 20:49:59,scan_executed_new_execution_bar,USDJPY,2025.03.06 20:30:00,0,
2025.03.06 20:54:59,scan_skipped_same_execution_bar,USDJPY,2025.03.06 20:30:00,0,
2025.03.06 21:04:59,scan_executed_new_execution_bar,USDJPY,2025.03.06 20:45:00,47,
2025.03.06 21:09:59,scan_skipped_same_execution_bar,USDJPY,2025.03.06 20:45:00,0,
2025.03.06 21:20:00,scan_executed_new_execution_bar,USDJPY,2025.03.06 21:00:00,0,
2025.03.06 21:24:59,scan_skipped_same_execution_bar,USDJPY,2025.03.06 21:00:00,0,
2025.03.06 21:34:59,scan_executed_new_execution_bar,USDJPY,2025.03.06 21:15:00,16,
2025.03.06 21:39:59,scan_skipped_same_execution_bar,USDJPY,2025.03.06 21:15:00,0,
2025.03.06 21:49:59,scan_executed_new_execution_bar,USDJPY,2025.03.06 21:30:00,0,
2025.03.06 21:54:59,scan_skipped_same_execution_bar,USDJPY,2025.03.06 21:30:00,0,
2025.03.06 22:04:59,scan_executed_new_execution_bar,USDJPY,2025.03.06 21:45:00,0,
2025.03.06 22:09:59,scan_skipped_same_execution_bar,USDJPY,2025.03.06 21:45:00,0,
2025.03.06 22:19:59,scan_executed_new_execution_bar,USDJPY,2025.03.06 22:00:00,0,
2025.03.06 22:24:59,scan_skipped_same_execution_bar,USDJPY,2025.03.06 22:00:00,0,
2025.03.06 22:34:59,scan_executed_new_execution_bar,USDJPY,2025.03.06 22:15:00,0,
2025.03.06 22:39:59,scan_skipped_same_execution_bar,USDJPY,2025.03.06 22:15:00,0,
2025.03.06 22:49:59,scan_executed_new_execution_bar,USDJPY,2025.03.06 22:30:00,0,
2025.03.06 22:54:59,scan_skipped_same_execution_bar,USDJPY,2025.03.06 22:30:00,0,
2025.03.06 23:04:59,scan_executed_new_execution_bar,USDJPY,2025.03.06 22:45:00,0,
2025.03.06 23:09:58,scan_skipped_same_execution_bar,USDJPY,2025.03.06 22:45:00,0,
2025.03.06 23:19:59,scan_executed_new_execution_bar,USDJPY,2025.03.06 23:00:00,0,
2025.03.06 23:24:59,scan_skipped_same_execution_bar,USDJPY,2025.03.06 23:00:00,0,
2025.03.06 23:34:59,scan_executed_new_execution_bar,USDJPY,2025.03.06 23:15:00,0,
2025.03.06 23:39:59,scan_skipped_same_execution_bar,USDJPY,2025.03.06 23:15:00,0,
2025.03.06 23:49:59,scan_executed_new_execution_bar,USDJPY,2025.03.06 23:30:00,16,
2025.03.06 23:54:59,scan_skipped_same_execution_bar,USDJPY,2025.03.06 23:30:00,0,
2025.03.07 00:04:55,scan_executed_new_execution_bar,USDJPY,2025.03.06 23:45:00,0,
2025.03.07 00:09:59,scan_skipped_same_execution_bar,USDJPY,2025.03.06 23:45:00,0,
2025.03.07 00:19:59,scan_executed_new_execution_bar,USDJPY,2025.03.07 00:00:00,0,
2025.03.07 00:24:59,scan_skipped_same_execution_bar,USDJPY,2025.03.07 00:00:00,0,
2025.03.07 00:34:59,scan_executed_new_execution_bar,USDJPY,2025.03.07 00:15:00,0,
2025.03.07 00:39:57,scan_skipped_same_execution_bar,USDJPY,2025.03.07 00:15:00,0,
2025.03.07 00:49:55,scan_executed_new_execution_bar,USDJPY,2025.03.07 00:30:00,0,
2025.03.07 00:54:58,scan_skipped_same_execution_bar,USDJPY,2025.03.07 00:30:00,0,
2025.03.07 01:04:59,scan_executed_new_execution_bar,USDJPY,2025.03.07 00:45:00,0,
2025.03.07 01:09:59,scan_skipped_same_execution_bar,USDJPY,2025.03.07 00:45:00,0,
2025.03.07 01:19:59,scan_executed_new_execution_bar,USDJPY,2025.03.07 01:00:00,0,
2025.03.07 01:24:59,scan_skipped_same_execution_bar,USDJPY,2025.03.07 01:00:00,0,
2025.03.07 01:34:59,scan_executed_new_execution_bar,USDJPY,2025.03.07 01:15:00,0,
2025.03.07 01:39:59,scan_skipped_same_execution_bar,USDJPY,2025.03.07 01:15:00,0,
2025.03.07 01:49:59,scan_executed_new_execution_bar,USDJPY,2025.03.07 01:30:00,0,
2025.03.07 01:54:59,scan_skipped_same_execution_bar,USDJPY,2025.03.07 01:30:00,0,
2025.03.07 02:04:59,scan_executed_new_execution_bar,USDJPY,2025.03.07 01:45:00,0,
2025.03.07 02:09:59,scan_skipped_same_execution_bar,USDJPY,2025.03.07 01:45:00,0,
2025.03.07 02:19:59,scan_executed_new_execution_bar,USDJPY,2025.03.07 02:00:00,0,
2025.03.07 02:24:59,scan_skipped_same_execution_bar,USDJPY,2025.03.07 02:00:00,0,
2025.03.07 02:34:59,scan_executed_new_execution_bar,USDJPY,2025.03.07 02:15:00,0,
2025.03.07 02:39:59,scan_skipped_same_execution_bar,USDJPY,2025.03.07 02:15:00,0,
2025.03.07 02:49:59,scan_executed_new_execution_bar,USDJPY,2025.03.07 02:30:00,0,
2025.03.07 02:54:59,scan_skipped_same_execution_bar,USDJPY,2025.03.07 02:30:00,0,
2025.03.07 03:04:59,scan_executed_new_execution_bar,USDJPY,2025.03.07 02:45:00,0,
2025.03.07 03:09:59,scan_skipped_same_execution_bar,USDJPY,2025.03.07 02:45:00,0,
2025.03.07 03:19:59,scan_executed_new_execution_bar,USDJPY,2025.03.07 03:00:00,0,
2025.03.07 03:24:59,scan_skipped_same_execution_bar,USDJPY,2025.03.07 03:00:00,0,
2025.03.07 03:34:59,scan_executed_new_execution_bar,USDJPY,2025.03.07 03:15:00,0,
2025.03.07 03:39:59,scan_skipped_same_execution_bar,USDJPY,2025.03.07 03:15:00,0,
2025.03.07 03:49:59,scan_executed_new_execution_bar,USDJPY,2025.03.07 03:30:00,0,
2025.03.07 03:54:59,scan_skipped_same_execution_bar,USDJPY,2025.03.07 03:30:00,0,
2025.03.07 04:04:59,scan_executed_new_execution_bar,USDJPY,2025.03.07 03:45:00,16,
2025.03.07 04:09:59,scan_skipped_same_execution_bar,USDJPY,2025.03.07 03:45:00,0,
2025.03.07 04:19:59,scan_executed_new_execution_bar,USDJPY,2025.03.07 04:00:00,0,
2025.03.07 04:24:59,scan_skipped_same_execution_bar,USDJPY,2025.03.07 04:00:00,0,
2025.03.07 04:34:59,scan_executed_new_execution_bar,USDJPY,2025.03.07 04:15:00,0,
2025.03.07 04:39:59,scan_skipped_same_execution_bar,USDJPY,2025.03.07 04:15:00,0,
2025.03.07 04:49:59,scan_executed_new_execution_bar,USDJPY,2025.03.07 04:30:00,0,
2025.03.07 04:54:59,scan_skipped_same_execution_bar,USDJPY,2025.03.07 04:30:00,0,
2025.03.07 05:04:59,scan_executed_new_execution_bar,USDJPY,2025.03.07 04:45:00,0,
2025.03.07 05:09:59,scan_skipped_same_execution_bar,USDJPY,2025.03.07 04:45:00,0,
2025.03.07 05:19:59,scan_executed_new_execution_bar,USDJPY,2025.03.07 05:00:00,0,
2025.03.07 05:24:59,scan_skipped_same_execution_bar,USDJPY,2025.03.07 05:00:00,0,
2025.03.07 05:34:59,scan_executed_new_execution_bar,USDJPY,2025.03.07 05:15:00,16,
2025.03.07 05:39:59,scan_skipped_same_execution_bar,USDJPY,2025.03.07 05:15:00,0,
2025.03.07 05:49:59,scan_executed_new_execution_bar,USDJPY,2025.03.07 05:30:00,15,
2025.03.07 05:54:59,scan_skipped_same_execution_bar,USDJPY,2025.03.07 05:30:00,0,
2025.03.07 06:04:59,scan_executed_new_execution_bar,USDJPY,2025.03.07 05:45:00,0,
2025.03.07 06:09:59,scan_skipped_same_execution_bar,USDJPY,2025.03.07 05:45:00,0,
2025.03.07 06:19:59,scan_executed_new_execution_bar,USDJPY,2025.03.07 06:00:00,0,
2025.03.07 06:24:58,scan_skipped_same_execution_bar,USDJPY,2025.03.07 06:00:00,0,
2025.03.07 06:34:59,scan_executed_new_execution_bar,USDJPY,2025.03.07 06:15:00,0,
2025.03.07 06:39:59,scan_skipped_same_execution_bar,USDJPY,2025.03.07 06:15:00,0,
2025.03.07 06:49:59,scan_executed_new_execution_bar,USDJPY,2025.03.07 06:30:00,31,
2025.03.07 06:54:59,scan_skipped_same_execution_bar,USDJPY,2025.03.07 06:30:00,0,
2025.03.07 07:04:59,scan_executed_new_execution_bar,USDJPY,2025.03.07 06:45:00,32,
2025.03.07 07:09:59,scan_skipped_same_execution_bar,USDJPY,2025.03.07 06:45:00,0,
2025.03.07 07:19:59,scan_executed_new_execution_bar,USDJPY,2025.03.07 07:00:00,31,
2025.03.07 07:24:59,scan_skipped_same_execution_bar,USDJPY,2025.03.07 07:00:00,0,
2025.03.07 07:34:59,scan_executed_new_execution_bar,USDJPY,2025.03.07 07:15:00,15,
2025.03.07 07:39:59,scan_skipped_same_execution_bar,USDJPY,2025.03.07 07:15:00,0,
2025.03.07 07:49:59,scan_executed_new_execution_bar,USDJPY,2025.03.07 07:30:00,0,
2025.03.07 07:54:59,scan_skipped_same_execution_bar,USDJPY,2025.03.07 07:30:00,0,
2025.03.07 08:04:59,scan_executed_new_execution_bar,USDJPY,2025.03.07 07:45:00,0,
2025.03.07 08:09:59,scan_skipped_same_execution_bar,USDJPY,2025.03.07 07:45:00,0,
2025.03.07 08:19:59,scan_executed_new_execution_bar,USDJPY,2025.03.07 08:00:00,31,
2025.03.07 08:24:59,scan_skipped_same_execution_bar,USDJPY,2025.03.07 08:00:00,0,
2025.03.07 08:34:59,scan_executed_new_execution_bar,USDJPY,2025.03.07 08:15:00,0,
2025.03.07 08:39:59,scan_skipped_same_execution_bar,USDJPY,2025.03.07 08:15:00,0,
2025.03.07 08:49:59,scan_executed_new_execution_bar,USDJPY,2025.03.07 08:30:00,0,
2025.03.07 08:54:59,scan_skipped_same_execution_bar,USDJPY,2025.03.07 08:30:00,0,
2025.03.07 09:04:59,scan_executed_new_execution_bar,USDJPY,2025.03.07 08:45:00,16,
2025.03.07 09:09:59,scan_skipped_same_execution_bar,USDJPY,2025.03.07 08:45:00,0,
2025.03.07 09:19:59,scan_executed_new_execution_bar,USDJPY,2025.03.07 09:00:00,16,
2025.03.07 09:24:59,scan_skipped_same_execution_bar,USDJPY,2025.03.07 09:00:00,0,
2025.03.07 09:34:59,scan_executed_new_execution_bar,USDJPY,2025.03.07 09:15:00,0,
2025.03.07 09:39:59,scan_skipped_same_execution_bar,USDJPY,2025.03.07 09:15:00,0,
2025.03.07 09:49:59,scan_executed_new_execution_bar,USDJPY,2025.03.07 09:30:00,16,
2025.03.07 09:54:59,scan_skipped_same_execution_bar,USDJPY,2025.03.07 09:30:00,0,
2025.03.07 10:04:59,scan_executed_new_execution_bar,USDJPY,2025.03.07 09:45:00,31,
2025.03.07 10:09:59,scan_skipped_same_execution_bar,USDJPY,2025.03.07 09:45:00,0,
2025.03.07 10:19:59,scan_executed_new_execution_bar,USDJPY,2025.03.07 10:00:00,0,
2025.03.07 10:24:59,scan_skipped_same_execution_bar,USDJPY,2025.03.07 10:00:00,0,
2025.03.07 10:34:59,scan_executed_new_execution_bar,USDJPY,2025.03.07 10:15:00,0,
2025.03.07 10:39:59,scan_skipped_same_execution_bar,USDJPY,2025.03.07 10:15:00,0,
2025.03.07 10:49:59,scan_executed_new_execution_bar,USDJPY,2025.03.07 10:30:00,16,
2025.03.07 10:54:59,scan_skipped_same_execution_bar,USDJPY,2025.03.07 10:30:00,0,
2025.03.07 11:04:59,scan_executed_new_execution_bar,USDJPY,2025.03.07 10:45:00,47,
2025.03.07 11:09:59,scan_skipped_same_execution_bar,USDJPY,2025.03.07 10:45:00,0,
2025.03.07 11:19:59,scan_executed_new_execution_bar,USDJPY,2025.03.07 11:00:00,0,
2025.03.07 11:24:59,scan_skipped_same_execution_bar,USDJPY,2025.03.07 11:00:00,0,
2025.03.07 11:34:59,scan_executed_new_execution_bar,USDJPY,2025.03.07 11:15:00,16,
2025.03.07 11:39:59,scan_skipped_same_execution_bar,USDJPY,2025.03.07 11:15:00,0,
2025.03.07 11:49:59,scan_executed_new_execution_bar,USDJPY,2025.03.07 11:30:00,0,
2025.03.07 11:54:59,scan_skipped_same_execution_bar,USDJPY,2025.03.07 11:30:00,0,
2025.03.07 12:04:59,scan_executed_new_execution_bar,USDJPY,2025.03.07 11:45:00,0,
2025.03.07 12:09:59,scan_skipped_same_execution_bar,USDJPY,2025.03.07 11:45:00,0,
2025.03.07 12:19:59,scan_executed_new_execution_bar,USDJPY,2025.03.07 12:00:00,16,
2025.03.07 12:24:59,scan_skipped_same_execution_bar,USDJPY,2025.03.07 12:00:00,0,
2025.03.07 12:34:59,scan_executed_new_execution_bar,USDJPY,2025.03.07 12:15:00,0,
2025.03.07 12:39:59,scan_skipped_same_execution_bar,USDJPY,2025.03.07 12:15:00,0,
2025.03.07 12:49:59,scan_executed_new_execution_bar,USDJPY,2025.03.07 12:30:00,15,
2025.03.07 12:54:59,scan_skipped_same_execution_bar,USDJPY,2025.03.07 12:30:00,0,
2025.03.07 13:04:59,scan_executed_new_execution_bar,USDJPY,2025.03.07 12:45:00,16,
2025.03.07 13:09:59,scan_skipped_same_execution_bar,USDJPY,2025.03.07 12:45:00,0,
2025.03.07 13:19:59,scan_executed_new_execution_bar,USDJPY,2025.03.07 13:00:00,16,
2025.03.07 13:24:59,scan_skipped_same_execution_bar,USDJPY,2025.03.07 13:00:00,0,
2025.03.07 13:34:59,scan_executed_new_execution_bar,USDJPY,2025.03.07 13:15:00,0,
2025.03.07 13:39:59,scan_skipped_same_execution_bar,USDJPY,2025.03.07 13:15:00,0,
2025.03.07 13:49:59,scan_executed_new_execution_bar,USDJPY,2025.03.07 13:30:00,15,
2025.03.07 13:54:59,scan_skipped_same_execution_bar,USDJPY,2025.03.07 13:30:00,0,
2025.03.07 14:04:59,scan_executed_new_execution_bar,USDJPY,2025.03.07 13:45:00,0,
2025.03.07 14:09:59,scan_skipped_same_execution_bar,USDJPY,2025.03.07 13:45:00,0,
2025.03.07 14:19:59,scan_executed_new_execution_bar,USDJPY,2025.03.07 14:00:00,0,
2025.03.07 14:24:59,scan_skipped_same_execution_bar,USDJPY,2025.03.07 14:00:00,0,
2025.03.07 14:34:59,scan_executed_new_execution_bar,USDJPY,2025.03.07 14:15:00,0,
2025.03.07 14:39:59,scan_skipped_same_execution_bar,USDJPY,2025.03.07 14:15:00,0,
2025.03.07 14:49:59,scan_executed_new_execution_bar,USDJPY,2025.03.07 14:30:00,16,
2025.03.07 14:54:59,scan_skipped_same_execution_bar,USDJPY,2025.03.07 14:30:00,0,
2025.03.07 15:05:00,scan_executed_new_execution_bar,USDJPY,2025.03.07 14:45:00,0,
2025.03.07 15:09:59,scan_skipped_same_execution_bar,USDJPY,2025.03.07 14:45:00,0,
2025.03.07 15:19:59,scan_executed_new_execution_bar,USDJPY,2025.03.07 15:00:00,0,
2025.03.07 15:24:59,scan_skipped_same_execution_bar,USDJPY,2025.03.07 15:00:00,0,
2025.03.07 15:34:59,scan_executed_new_execution_bar,USDJPY,2025.03.07 15:15:00,0,
2025.03.07 15:39:59,scan_skipped_same_execution_bar,USDJPY,2025.03.07 15:15:00,0,
2025.03.07 15:49:59,scan_executed_new_execution_bar,USDJPY,2025.03.07 15:30:00,47,
2025.03.07 15:54:59,scan_skipped_same_execution_bar,USDJPY,2025.03.07 15:30:00,0,
2025.03.07 16:04:59,scan_executed_new_execution_bar,USDJPY,2025.03.07 15:45:00,31,
2025.03.07 16:09:59,scan_skipped_same_execution_bar,USDJPY,2025.03.07 15:45:00,0,
2025.03.07 16:19:59,scan_executed_new_execution_bar,USDJPY,2025.03.07 16:00:00,0,
2025.03.07 16:24:59,scan_skipped_same_execution_bar,USDJPY,2025.03.07 16:00:00,0,
2025.03.07 16:34:59,scan_executed_new_execution_bar,USDJPY,2025.03.07 16:15:00,0,
2025.03.07 16:39:59,scan_skipped_same_execution_bar,USDJPY,2025.03.07 16:15:00,0,
2025.03.07 16:49:59,scan_executed_new_execution_bar,USDJPY,2025.03.07 16:30:00,31,
2025.03.07 16:54:59,scan_skipped_same_execution_bar,USDJPY,2025.03.07 16:30:00,0,
2025.03.07 17:04:59,scan_executed_new_execution_bar,USDJPY,2025.03.07 16:45:00,62,
2025.03.07 17:09:59,scan_skipped_same_execution_bar,USDJPY,2025.03.07 16:45:00,0,
2025.03.07 17:19:59,scan_executed_new_execution_bar,USDJPY,2025.03.07 17:00:00,0,
2025.03.07 17:24:59,scan_skipped_same_execution_bar,USDJPY,2025.03.07 17:00:00,0,
2025.03.07 17:34:59,scan_executed_new_execution_bar,USDJPY,2025.03.07 17:15:00,0,
2025.03.07 17:39:59,scan_skipped_same_execution_bar,USDJPY,2025.03.07 17:15:00,0,
2025.03.07 17:49:56,scan_executed_new_execution_bar,USDJPY,2025.03.07 17:30:00,0,
2025.03.07 17:54:59,scan_skipped_same_execution_bar,USDJPY,2025.03.07 17:30:00,0,
2025.03.07 18:04:59,scan_executed_new_execution_bar,USDJPY,2025.03.07 17:45:00,78,
2025.03.07 18:09:59,scan_skipped_same_execution_bar,USDJPY,2025.03.07 17:45:00,0,
2025.03.07 18:19:59,scan_executed_new_execution_bar,USDJPY,2025.03.07 18:00:00,78,
2025.03.07 18:24:59,scan_skipped_same_execution_bar,USDJPY,2025.03.07 18:00:00,0,
2025.03.07 18:34:59,scan_executed_new_execution_bar,USDJPY,2025.03.07 18:15:00,62,
2025.03.07 18:39:59,scan_skipped_same_execution_bar,USDJPY,2025.03.07 18:15:00,0,
2025.03.07 18:49:59,scan_executed_new_execution_bar,USDJPY,2025.03.07 18:30:00,31,
2025.03.07 18:54:59,scan_skipped_same_execution_bar,USDJPY,2025.03.07 18:30:00,0,
2025.03.07 19:04:59,scan_executed_new_execution_bar,USDJPY,2025.03.07 18:45:00,31,
2025.03.07 19:09:59,scan_skipped_same_execution_bar,USDJPY,2025.03.07 18:45:00,0,
2025.03.07 19:19:59,scan_executed_new_execution_bar,USDJPY,2025.03.07 19:00:00,0,
2025.03.07 19:24:59,scan_skipped_same_execution_bar,USDJPY,2025.03.07 19:00:00,0,
2025.03.07 19:34:59,scan_executed_new_execution_bar,USDJPY,2025.03.07 19:15:00,79,
2025.03.07 19:39:59,scan_skipped_same_execution_bar,USDJPY,2025.03.07 19:15:00,0,
2025.03.07 19:49:59,scan_executed_new_execution_bar,USDJPY,2025.03.07 19:30:00,31,
2025.03.07 19:54:59,scan_skipped_same_execution_bar,USDJPY,2025.03.07 19:30:00,0,
2025.03.07 20:04:59,scan_executed_new_execution_bar,USDJPY,2025.03.07 19:45:00,63,
2025.03.07 20:09:59,scan_skipped_same_execution_bar,USDJPY,2025.03.07 19:45:00,0,
2025.03.07 20:19:59,scan_executed_new_execution_bar,USDJPY,2025.03.07 20:00:00,0,
2025.03.07 20:24:59,scan_skipped_same_execution_bar,USDJPY,2025.03.07 20:00:00,0,
2025.03.07 20:34:59,scan_executed_new_execution_bar,USDJPY,2025.03.07 20:15:00,31,
2025.03.07 20:39:59,scan_skipped_same_execution_bar,USDJPY,2025.03.07 20:15:00,0,
2025.03.07 20:49:59,scan_executed_new_execution_bar,USDJPY,2025.03.07 20:30:00,16,
2025.03.07 20:54:59,scan_skipped_same_execution_bar,USDJPY,2025.03.07 20:30:00,0,
2025.03.07 21:04:59,scan_executed_new_execution_bar,USDJPY,2025.03.07 20:45:00,0,
2025.03.07 21:09:59,scan_skipped_same_execution_bar,USDJPY,2025.03.07 20:45:00,0,
2025.03.07 21:19:59,scan_executed_new_execution_bar,USDJPY,2025.03.07 21:00:00,0,
2025.03.07 21:24:59,scan_skipped_same_execution_bar,USDJPY,2025.03.07 21:00:00,0,
2025.03.07 21:34:59,scan_executed_new_execution_bar,USDJPY,2025.03.07 21:15:00,0,
2025.03.07 21:39:59,scan_skipped_same_execution_bar,USDJPY,2025.03.07 21:15:00,0,
2025.03.07 21:49:59,scan_executed_new_execution_bar,USDJPY,2025.03.07 21:30:00,0,
2025.03.07 21:54:59,scan_skipped_same_execution_bar,USDJPY,2025.03.07 21:30:00,0,
2025.03.07 22:04:59,scan_executed_new_execution_bar,USDJPY,2025.03.07 21:45:00,62,
2025.03.07 22:09:59,scan_skipped_same_execution_bar,USDJPY,2025.03.07 21:45:00,0,
2025.03.07 22:19:59,scan_executed_new_execution_bar,USDJPY,2025.03.07 22:00:00,0,
2025.03.07 22:24:59,scan_skipped_same_execution_bar,USDJPY,2025.03.07 22:00:00,0,
2025.03.07 22:34:58,scan_executed_new_execution_bar,USDJPY,2025.03.07 22:15:00,15,
2025.03.07 22:39:59,scan_skipped_same_execution_bar,USDJPY,2025.03.07 22:15:00,0,
2025.03.07 22:49:59,scan_executed_new_execution_bar,USDJPY,2025.03.07 22:30:00,0,
2025.03.07 22:54:59,scan_skipped_same_execution_bar,USDJPY,2025.03.07 22:30:00,0,
2025.03.07 23:04:59,scan_executed_new_execution_bar,USDJPY,2025.03.07 22:45:00,32,
2025.03.07 23:09:59,scan_skipped_same_execution_bar,USDJPY,2025.03.07 22:45:00,0,
2025.03.07 23:19:59,scan_executed_new_execution_bar,USDJPY,2025.03.07 23:00:00,31,
2025.03.07 23:24:59,scan_skipped_same_execution_bar,USDJPY,2025.03.07 23:00:00,0,
2025.03.07 23:34:58,scan_executed_new_execution_bar,USDJPY,2025.03.07 23:15:00,0,
2025.03.07 23:39:59,scan_skipped_same_execution_bar,USDJPY,2025.03.07 23:15:00,0,
2025.03.07 23:49:59,scan_executed_new_execution_bar,USDJPY,2025.03.07 23:30:00,0,
2025.03.07 23:54:59,scan_skipped_same_execution_bar,USDJPY,2025.03.07 23:30:00,0,
2025.03.10 00:04:54,scan_executed_new_execution_bar,USDJPY,2025.03.07 23:45:00,0,
2025.03.10 00:09:59,scan_skipped_same_execution_bar,USDJPY,2025.03.07 23:45:00,0,
2025.03.10 00:19:57,scan_executed_new_execution_bar,USDJPY,2025.03.10 00:00:00,0,
2025.03.10 00:24:50,scan_skipped_same_execution_bar,USDJPY,2025.03.10 00:00:00,0,
2025.03.10 00:34:59,scan_executed_new_execution_bar,USDJPY,2025.03.10 00:15:00,0,
2025.03.10 00:39:59,scan_skipped_same_execution_bar,USDJPY,2025.03.10 00:15:00,0,
2025.03.10 00:49:59,scan_executed_new_execution_bar,USDJPY,2025.03.10 00:30:00,0,
2025.03.10 00:54:59,scan_skipped_same_execution_bar,USDJPY,2025.03.10 00:30:00,0,
2025.03.10 01:04:59,scan_executed_new_execution_bar,USDJPY,2025.03.10 00:45:00,0,
2025.03.10 01:09:59,scan_skipped_same_execution_bar,USDJPY,2025.03.10 00:45:00,0,
2025.03.10 01:19:59,scan_executed_new_execution_bar,USDJPY,2025.03.10 01:00:00,0,
2025.03.10 01:24:59,scan_skipped_same_execution_bar,USDJPY,2025.03.10 01:00:00,0,
2025.03.10 01:34:59,scan_executed_new_execution_bar,USDJPY,2025.03.10 01:15:00,0,
2025.03.10 01:39:59,scan_skipped_same_execution_bar,USDJPY,2025.03.10 01:15:00,0,
2025.03.10 01:49:59,scan_executed_new_execution_bar,USDJPY,2025.03.10 01:30:00,0,
2025.03.10 01:54:59,scan_skipped_same_execution_bar,USDJPY,2025.03.10 01:30:00,0,
2025.03.10 02:04:59,scan_executed_new_execution_bar,USDJPY,2025.03.10 01:45:00,0,
2025.03.10 02:09:59,scan_skipped_same_execution_bar,USDJPY,2025.03.10 01:45:00,0,
2025.03.10 02:19:59,scan_executed_new_execution_bar,USDJPY,2025.03.10 02:00:00,0,
2025.03.10 02:24:59,scan_skipped_same_execution_bar,USDJPY,2025.03.10 02:00:00,0,
2025.03.10 02:34:59,scan_executed_new_execution_bar,USDJPY,2025.03.10 02:15:00,0,
2025.03.10 02:39:59,scan_skipped_same_execution_bar,USDJPY,2025.03.10 02:15:00,0,
2025.03.10 02:49:59,scan_executed_new_execution_bar,USDJPY,2025.03.10 02:30:00,0,
2025.03.10 02:54:59,scan_skipped_same_execution_bar,USDJPY,2025.03.10 02:30:00,0,
2025.03.10 03:04:59,scan_executed_new_execution_bar,USDJPY,2025.03.10 02:45:00,0,
2025.03.10 03:09:59,scan_skipped_same_execution_bar,USDJPY,2025.03.10 02:45:00,0,
2025.03.10 03:19:59,scan_executed_new_execution_bar,USDJPY,2025.03.10 03:00:00,0,
2025.03.10 03:24:59,scan_skipped_same_execution_bar,USDJPY,2025.03.10 03:00:00,0,
2025.03.10 03:34:59,scan_executed_new_execution_bar,USDJPY,2025.03.10 03:15:00,0,
2025.03.10 03:39:59,scan_skipped_same_execution_bar,USDJPY,2025.03.10 03:15:00,0,
2025.03.10 03:49:59,scan_executed_new_execution_bar,USDJPY,2025.03.10 03:30:00,15,
2025.03.10 03:54:59,scan_skipped_same_execution_bar,USDJPY,2025.03.10 03:30:00,0,
2025.03.10 04:04:58,scan_executed_new_execution_bar,USDJPY,2025.03.10 03:45:00,0,
2025.03.10 04:09:59,scan_skipped_same_execution_bar,USDJPY,2025.03.10 03:45:00,0,
2025.03.10 04:19:59,scan_executed_new_execution_bar,USDJPY,2025.03.10 04:00:00,0,
2025.03.10 04:24:59,scan_skipped_same_execution_bar,USDJPY,2025.03.10 04:00:00,0,
2025.03.10 04:34:59,scan_executed_new_execution_bar,USDJPY,2025.03.10 04:15:00,0,
2025.03.10 04:39:59,scan_skipped_same_execution_bar,USDJPY,2025.03.10 04:15:00,0,
2025.03.10 04:49:59,scan_executed_new_execution_bar,USDJPY,2025.03.10 04:30:00,0,
2025.03.10 04:54:58,scan_skipped_same_execution_bar,USDJPY,2025.03.10 04:30:00,0,
2025.03.10 05:04:59,scan_executed_new_execution_bar,USDJPY,2025.03.10 04:45:00,32,
2025.03.10 05:09:59,scan_skipped_same_execution_bar,USDJPY,2025.03.10 04:45:00,0,
2025.03.10 05:19:59,scan_executed_new_execution_bar,USDJPY,2025.03.10 05:00:00,0,
2025.03.10 05:24:59,scan_skipped_same_execution_bar,USDJPY,2025.03.10 05:00:00,0,
2025.03.10 05:34:59,scan_executed_new_execution_bar,USDJPY,2025.03.10 05:15:00,16,
2025.03.10 05:39:59,scan_skipped_same_execution_bar,USDJPY,2025.03.10 05:15:00,0,
2025.03.10 05:49:59,scan_executed_new_execution_bar,USDJPY,2025.03.10 05:30:00,0,
2025.03.10 05:54:59,scan_skipped_same_execution_bar,USDJPY,2025.03.10 05:30:00,0,
2025.03.10 06:04:59,scan_executed_new_execution_bar,USDJPY,2025.03.10 05:45:00,0,
2025.03.10 06:09:59,scan_skipped_same_execution_bar,USDJPY,2025.03.10 05:45:00,0,
2025.03.10 06:19:59,scan_executed_new_execution_bar,USDJPY,2025.03.10 06:00:00,0,
2025.03.10 06:24:59,scan_skipped_same_execution_bar,USDJPY,2025.03.10 06:00:00,0,
2025.03.10 06:34:59,scan_executed_new_execution_bar,USDJPY,2025.03.10 06:15:00,15,
2025.03.10 06:39:59,scan_skipped_same_execution_bar,USDJPY,2025.03.10 06:15:00,0,
2025.03.10 06:49:59,scan_executed_new_execution_bar,USDJPY,2025.03.10 06:30:00,16,
2025.03.10 06:54:56,scan_skipped_same_execution_bar,USDJPY,2025.03.10 06:30:00,0,
2025.03.10 07:04:59,scan_executed_new_execution_bar,USDJPY,2025.03.10 06:45:00,0,
2025.03.10 07:09:59,scan_skipped_same_execution_bar,USDJPY,2025.03.10 06:45:00,0,
2025.03.10 07:19:59,scan_executed_new_execution_bar,USDJPY,2025.03.10 07:00:00,0,
2025.03.10 07:24:59,scan_skipped_same_execution_bar,USDJPY,2025.03.10 07:00:00,0,
2025.03.10 07:34:59,scan_executed_new_execution_bar,USDJPY,2025.03.10 07:15:00,15,
2025.03.10 07:39:59,scan_skipped_same_execution_bar,USDJPY,2025.03.10 07:15:00,0,
2025.03.10 07:49:59,scan_executed_new_execution_bar,USDJPY,2025.03.10 07:30:00,0,
2025.03.10 07:54:59,scan_skipped_same_execution_bar,USDJPY,2025.03.10 07:30:00,0,
2025.03.10 08:04:59,scan_executed_new_execution_bar,USDJPY,2025.03.10 07:45:00,0,
2025.03.10 08:09:59,scan_skipped_same_execution_bar,USDJPY,2025.03.10 07:45:00,0,
2025.03.10 08:19:59,scan_executed_new_execution_bar,USDJPY,2025.03.10 08:00:00,15,
2025.03.10 08:24:59,scan_skipped_same_execution_bar,USDJPY,2025.03.10 08:00:00,0,
2025.03.10 08:34:59,scan_executed_new_execution_bar,USDJPY,2025.03.10 08:15:00,0,
2025.03.10 08:39:59,scan_skipped_same_execution_bar,USDJPY,2025.03.10 08:15:00,0,
2025.03.10 08:49:59,scan_executed_new_execution_bar,USDJPY,2025.03.10 08:30:00,0,
2025.03.10 08:54:59,scan_skipped_same_execution_bar,USDJPY,2025.03.10 08:30:00,0,
2025.03.10 09:04:59,scan_executed_new_execution_bar,USDJPY,2025.03.10 08:45:00,0,
2025.03.10 09:09:59,scan_skipped_same_execution_bar,USDJPY,2025.03.10 08:45:00,0,
2025.03.10 09:19:59,scan_executed_new_execution_bar,USDJPY,2025.03.10 09:00:00,0,
2025.03.10 09:24:59,scan_skipped_same_execution_bar,USDJPY,2025.03.10 09:00:00,0,
2025.03.10 09:34:59,scan_executed_new_execution_bar,USDJPY,2025.03.10 09:15:00,0,
2025.03.10 09:39:59,scan_skipped_same_execution_bar,USDJPY,2025.03.10 09:15:00,0,
2025.03.10 09:49:59,scan_executed_new_execution_bar,USDJPY,2025.03.10 09:30:00,0,
2025.03.10 09:54:59,scan_skipped_same_execution_bar,USDJPY,2025.03.10 09:30:00,0,
2025.03.10 10:05:00,scan_executed_new_execution_bar,USDJPY,2025.03.10 09:45:00,0,
2025.03.10 10:09:59,scan_skipped_same_execution_bar,USDJPY,2025.03.10 09:45:00,0,
2025.03.10 10:19:59,scan_executed_new_execution_bar,USDJPY,2025.03.10 10:00:00,0,
2025.03.10 10:24:59,scan_skipped_same_execution_bar,USDJPY,2025.03.10 10:00:00,0,
2025.03.10 10:34:59,scan_executed_new_execution_bar,USDJPY,2025.03.10 10:15:00,0,
2025.03.10 10:39:59,scan_skipped_same_execution_bar,USDJPY,2025.03.10 10:15:00,0,
2025.03.10 10:49:59,scan_executed_new_execution_bar,USDJPY,2025.03.10 10:30:00,16,
2025.03.10 10:54:59,scan_skipped_same_execution_bar,USDJPY,2025.03.10 10:30:00,0,
2025.03.10 11:04:59,scan_executed_new_execution_bar,USDJPY,2025.03.10 10:45:00,0,
2025.03.10 11:09:59,scan_skipped_same_execution_bar,USDJPY,2025.03.10 10:45:00,0,
2025.03.10 11:19:59,scan_executed_new_execution_bar,USDJPY,2025.03.10 11:00:00,0,
2025.03.10 11:24:59,scan_skipped_same_execution_bar,USDJPY,2025.03.10 11:00:00,0,
2025.03.10 11:34:59,scan_executed_new_execution_bar,USDJPY,2025.03.10 11:15:00,15,
2025.03.10 11:39:59,scan_skipped_same_execution_bar,USDJPY,2025.03.10 11:15:00,0,
2025.03.10 11:49:59,scan_executed_new_execution_bar,USDJPY,2025.03.10 11:30:00,0,
2025.03.10 11:54:59,scan_skipped_same_execution_bar,USDJPY,2025.03.10 11:30:00,0,
2025.03.10 12:04:59,scan_executed_new_execution_bar,USDJPY,2025.03.10 11:45:00,0,
2025.03.10 12:09:59,scan_skipped_same_execution_bar,USDJPY,2025.03.10 11:45:00,0,
2025.03.10 12:19:59,scan_executed_new_execution_bar,USDJPY,2025.03.10 12:00:00,0,
2025.03.10 12:24:59,scan_skipped_same_execution_bar,USDJPY,2025.03.10 12:00:00,0,
2025.03.10 12:34:59,scan_executed_new_execution_bar,USDJPY,2025.03.10 12:15:00,31,
2025.03.10 12:39:59,scan_skipped_same_execution_bar,USDJPY,2025.03.10 12:15:00,0,
2025.03.10 12:49:59,scan_executed_new_execution_bar,USDJPY,2025.03.10 12:30:00,31,
2025.03.10 12:54:59,scan_skipped_same_execution_bar,USDJPY,2025.03.10 12:30:00,0,
2025.03.10 13:04:59,scan_executed_new_execution_bar,USDJPY,2025.03.10 12:45:00,15,
2025.03.10 13:10:00,scan_skipped_same_execution_bar,USDJPY,2025.03.10 12:45:00,0,
2025.03.10 13:19:59,scan_executed_new_execution_bar,USDJPY,2025.03.10 13:00:00,0,
2025.03.10 13:24:59,scan_skipped_same_execution_bar,USDJPY,2025.03.10 13:00:00,0,
2025.03.10 13:34:59,scan_executed_new_execution_bar,USDJPY,2025.03.10 13:15:00,15,
2025.03.10 13:39:59,scan_skipped_same_execution_bar,USDJPY,2025.03.10 13:15:00,0,
2025.03.10 13:49:59,scan_executed_new_execution_bar,USDJPY,2025.03.10 13:30:00,31,
2025.03.10 13:54:59,scan_skipped_same_execution_bar,USDJPY,2025.03.10 13:30:00,0,
2025.03.10 14:05:00,scan_executed_new_execution_bar,USDJPY,2025.03.10 13:45:00,16,
2025.03.10 14:09:59,scan_skipped_same_execution_bar,USDJPY,2025.03.10 13:45:00,0,
2025.03.10 14:19:59,scan_executed_new_execution_bar,USDJPY,2025.03.10 14:00:00,47,
2025.03.10 14:24:59,scan_skipped_same_execution_bar,USDJPY,2025.03.10 14:00:00,0,
2025.03.10 14:34:59,scan_executed_new_execution_bar,USDJPY,2025.03.10 14:15:00,15,
2025.03.10 14:39:59,scan_skipped_same_execution_bar,USDJPY,2025.03.10 14:15:00,0,
2025.03.10 14:49:59,scan_executed_new_execution_bar,USDJPY,2025.03.10 14:30:00,0,
2025.03.10 14:54:59,scan_skipped_same_execution_bar,USDJPY,2025.03.10 14:30:00,0,
2025.03.10 15:04:59,scan_executed_new_execution_bar,USDJPY,2025.03.10 14:45:00,31,
2025.03.10 15:09:59,scan_skipped_same_execution_bar,USDJPY,2025.03.10 14:45:00,0,
2025.03.10 15:20:00,scan_executed_new_execution_bar,USDJPY,2025.03.10 15:00:00,0,
2025.03.10 15:24:59,scan_skipped_same_execution_bar,USDJPY,2025.03.10 15:00:00,0,
2025.03.10 15:34:59,scan_executed_new_execution_bar,USDJPY,2025.03.10 15:15:00,0,
2025.03.10 15:39:59,scan_skipped_same_execution_bar,USDJPY,2025.03.10 15:15:00,0,
2025.03.10 15:49:59,scan_executed_new_execution_bar,USDJPY,2025.03.10 15:30:00,47,
2025.03.10 15:54:59,scan_skipped_same_execution_bar,USDJPY,2025.03.10 15:30:00,0,
2025.03.10 16:04:59,scan_executed_new_execution_bar,USDJPY,2025.03.10 15:45:00,15,
2025.03.10 16:09:59,scan_skipped_same_execution_bar,USDJPY,2025.03.10 15:45:00,0,
2025.03.10 16:19:59,scan_executed_new_execution_bar,USDJPY,2025.03.10 16:00:00,0,
2025.03.10 16:24:59,scan_skipped_same_execution_bar,USDJPY,2025.03.10 16:00:00,0,
2025.03.10 16:34:59,scan_executed_new_execution_bar,USDJPY,2025.03.10 16:15:00,0,
2025.03.10 16:39:59,scan_skipped_same_execution_bar,USDJPY,2025.03.10 16:15:00,0,
2025.03.10 16:49:59,scan_executed_new_execution_bar,USDJPY,2025.03.10 16:30:00,31,
2025.03.10 16:54:59,scan_skipped_same_execution_bar,USDJPY,2025.03.10 16:30:00,0,
2025.03.10 17:04:59,scan_executed_new_execution_bar,USDJPY,2025.03.10 16:45:00,0,
2025.03.10 17:09:59,scan_skipped_same_execution_bar,USDJPY,2025.03.10 16:45:00,0,
2025.03.10 17:19:59,scan_executed_new_execution_bar,USDJPY,2025.03.10 17:00:00,16,
2025.03.10 17:24:59,scan_skipped_same_execution_bar,USDJPY,2025.03.10 17:00:00,0,
2025.03.10 17:34:59,scan_executed_new_execution_bar,USDJPY,2025.03.10 17:15:00,0,
2025.03.10 17:39:59,scan_skipped_same_execution_bar,USDJPY,2025.03.10 17:15:00,0,
2025.03.10 17:49:59,scan_executed_new_execution_bar,USDJPY,2025.03.10 17:30:00,0,
2025.03.10 17:54:59,scan_skipped_same_execution_bar,USDJPY,2025.03.10 17:30:00,0,
2025.03.10 18:04:59,scan_executed_new_execution_bar,USDJPY,2025.03.10 17:45:00,62,
2025.03.10 18:09:59,scan_skipped_same_execution_bar,USDJPY,2025.03.10 17:45:00,0,
2025.03.10 18:20:00,scan_executed_new_execution_bar,USDJPY,2025.03.10 18:00:00,31,
2025.03.10 18:24:59,scan_skipped_same_execution_bar,USDJPY,2025.03.10 18:00:00,0,
2025.03.10 18:34:59,scan_executed_new_execution_bar,USDJPY,2025.03.10 18:15:00,46,
2025.03.10 18:40:00,scan_skipped_same_execution_bar,USDJPY,2025.03.10 18:15:00,0,
2025.03.10 18:49:59,scan_executed_new_execution_bar,USDJPY,2025.03.10 18:30:00,16,
2025.03.10 18:54:59,scan_skipped_same_execution_bar,USDJPY,2025.03.10 18:30:00,0,
2025.03.10 19:04:59,scan_executed_new_execution_bar,USDJPY,2025.03.10 18:45:00,0,
2025.03.10 19:09:59,scan_skipped_same_execution_bar,USDJPY,2025.03.10 18:45:00,0,
2025.03.10 19:19:59,scan_executed_new_execution_bar,USDJPY,2025.03.10 19:00:00,0,
2025.03.10 19:24:59,scan_skipped_same_execution_bar,USDJPY,2025.03.10 19:00:00,0,
2025.03.10 19:34:59,scan_executed_new_execution_bar,USDJPY,2025.03.10 19:15:00,0,
2025.03.10 19:39:59,scan_skipped_same_execution_bar,USDJPY,2025.03.10 19:15:00,0,
2025.03.10 19:49:59,scan_executed_new_execution_bar,USDJPY,2025.03.10 19:30:00,0,
2025.03.10 19:54:59,scan_skipped_same_execution_bar,USDJPY,2025.03.10 19:30:00,0,
2025.03.10 20:04:59,scan_executed_new_execution_bar,USDJPY,2025.03.10 19:45:00,47,
2025.03.10 20:09:59,scan_skipped_same_execution_bar,USDJPY,2025.03.10 19:45:00,0,
2025.03.10 20:19:59,scan_executed_new_execution_bar,USDJPY,2025.03.10 20:00:00,0,
2025.03.10 20:24:59,scan_skipped_same_execution_bar,USDJPY,2025.03.10 20:00:00,0,
2025.03.10 20:34:59,scan_executed_new_execution_bar,USDJPY,2025.03.10 20:15:00,0,
2025.03.10 20:39:59,scan_skipped_same_execution_bar,USDJPY,2025.03.10 20:15:00,0,
2025.03.10 20:49:59,scan_executed_new_execution_bar,USDJPY,2025.03.10 20:30:00,0,
2025.03.10 20:54:59,scan_skipped_same_execution_bar,USDJPY,2025.03.10 20:30:00,0,
2025.03.10 21:04:59,scan_executed_new_execution_bar,USDJPY,2025.03.10 20:45:00,0,
2025.03.10 21:09:59,scan_skipped_same_execution_bar,USDJPY,2025.03.10 20:45:00,0,
2025.03.10 21:19:59,scan_executed_new_execution_bar,USDJPY,2025.03.10 21:00:00,0,
2025.03.10 21:24:59,scan_skipped_same_execution_bar,USDJPY,2025.03.10 21:00:00,0,
2025.03.10 21:34:59,scan_executed_new_execution_bar,USDJPY,2025.03.10 21:15:00,0,
2025.03.10 21:39:59,scan_skipped_same_execution_bar,USDJPY,2025.03.10 21:15:00,0,
2025.03.10 21:45:00,scan_executed_new_execution_bar,USDJPY,2025.03.10 21:30:00,0,
2025.03.10 21:49:59,scan_skipped_same_execution_bar,USDJPY,2025.03.10 21:30:00,0,
2025.03.10 22:04:59,scan_executed_new_execution_bar,USDJPY,2025.03.10 21:45:00,0,
2025.03.10 22:09:59,scan_skipped_same_execution_bar,USDJPY,2025.03.10 21:45:00,0,
2025.03.10 22:19:59,scan_executed_new_execution_bar,USDJPY,2025.03.10 22:00:00,0,
2025.03.10 22:24:59,scan_skipped_same_execution_bar,USDJPY,2025.03.10 22:00:00,0,
2025.03.10 22:34:59,scan_executed_new_execution_bar,USDJPY,2025.03.10 22:15:00,15,
2025.03.10 22:39:59,scan_skipped_same_execution_bar,USDJPY,2025.03.10 22:15:00,0,
2025.03.10 22:49:59,scan_executed_new_execution_bar,USDJPY,2025.03.10 22:30:00,0,
2025.03.10 22:54:59,scan_skipped_same_execution_bar,USDJPY,2025.03.10 22:30:00,0,
2025.03.10 23:04:59,scan_executed_new_execution_bar,USDJPY,2025.03.10 22:45:00,15,
2025.03.10 23:09:59,scan_skipped_same_execution_bar,USDJPY,2025.03.10 22:45:00,0,
2025.03.10 23:19:59,scan_executed_new_execution_bar,USDJPY,2025.03.10 23:00:00,0,
2025.03.10 23:24:59,scan_skipped_same_execution_bar,USDJPY,2025.03.10 23:00:00,0,
2025.03.10 23:34:59,scan_executed_new_execution_bar,USDJPY,2025.03.10 23:15:00,0,
2025.03.10 23:39:59,scan_skipped_same_execution_bar,USDJPY,2025.03.10 23:15:00,0,
2025.03.10 23:49:59,scan_executed_new_execution_bar,USDJPY,2025.03.10 23:30:00,16,
2025.03.10 23:54:59,scan_skipped_same_execution_bar,USDJPY,2025.03.10 23:30:00,0,
2025.03.11 00:04:59,scan_executed_new_execution_bar,USDJPY,2025.03.10 23:45:00,0,
2025.03.11 00:09:52,scan_skipped_same_execution_bar,USDJPY,2025.03.10 23:45:00,0,
2025.03.11 00:19:59,scan_executed_new_execution_bar,USDJPY,2025.03.11 00:00:00,0,
2025.03.11 00:24:59,scan_skipped_same_execution_bar,USDJPY,2025.03.11 00:00:00,0,
2025.03.11 00:34:56,scan_executed_new_execution_bar,USDJPY,2025.03.11 00:15:00,0,
2025.03.11 00:39:53,scan_skipped_same_execution_bar,USDJPY,2025.03.11 00:15:00,0,
2025.03.11 00:49:58,scan_executed_new_execution_bar,USDJPY,2025.03.11 00:30:00,0,
2025.03.11 00:54:59,scan_skipped_same_execution_bar,USDJPY,2025.03.11 00:30:00,0,
2025.03.11 01:04:58,scan_executed_new_execution_bar,USDJPY,2025.03.11 00:45:00,0,
2025.03.11 01:09:59,scan_skipped_same_execution_bar,USDJPY,2025.03.11 00:45:00,0,
2025.03.11 01:19:59,scan_executed_new_execution_bar,USDJPY,2025.03.11 01:00:00,0,
2025.03.11 01:24:59,scan_skipped_same_execution_bar,USDJPY,2025.03.11 01:00:00,0,
2025.03.11 01:34:59,scan_executed_new_execution_bar,USDJPY,2025.03.11 01:15:00,0,
2025.03.11 01:39:59,scan_skipped_same_execution_bar,USDJPY,2025.03.11 01:15:00,0,
2025.03.11 01:49:56,scan_executed_new_execution_bar,USDJPY,2025.03.11 01:30:00,0,
2025.03.11 01:54:59,scan_skipped_same_execution_bar,USDJPY,2025.03.11 01:30:00,0,
2025.03.11 02:04:59,scan_executed_new_execution_bar,USDJPY,2025.03.11 01:45:00,0,
2025.03.11 02:09:59,scan_skipped_same_execution_bar,USDJPY,2025.03.11 01:45:00,0,
2025.03.11 02:19:59,scan_executed_new_execution_bar,USDJPY,2025.03.11 02:00:00,0,
2025.03.11 02:24:59,scan_skipped_same_execution_bar,USDJPY,2025.03.11 02:00:00,0,
2025.03.11 02:34:59,scan_executed_new_execution_bar,USDJPY,2025.03.11 02:15:00,0,
2025.03.11 02:39:59,scan_skipped_same_execution_bar,USDJPY,2025.03.11 02:15:00,0,
2025.03.11 02:49:59,scan_executed_new_execution_bar,USDJPY,2025.03.11 02:30:00,0,
2025.03.11 02:54:59,scan_skipped_same_execution_bar,USDJPY,2025.03.11 02:30:00,0,
2025.03.11 03:04:59,scan_executed_new_execution_bar,USDJPY,2025.03.11 02:45:00,16,
2025.03.11 03:09:59,scan_skipped_same_execution_bar,USDJPY,2025.03.11 02:45:00,0,
2025.03.11 03:19:59,scan_executed_new_execution_bar,USDJPY,2025.03.11 03:00:00,0,
2025.03.11 03:24:59,scan_skipped_same_execution_bar,USDJPY,2025.03.11 03:00:00,0,
2025.03.11 03:34:59,scan_executed_new_execution_bar,USDJPY,2025.03.11 03:15:00,0,
2025.03.11 03:39:59,scan_skipped_same_execution_bar,USDJPY,2025.03.11 03:15:00,0,
2025.03.11 03:49:59,scan_executed_new_execution_bar,USDJPY,2025.03.11 03:30:00,0,
2025.03.11 03:54:59,scan_skipped_same_execution_bar,USDJPY,2025.03.11 03:30:00,0,
2025.03.11 04:04:59,scan_executed_new_execution_bar,USDJPY,2025.03.11 03:45:00,16,
2025.03.11 04:09:59,scan_skipped_same_execution_bar,USDJPY,2025.03.11 03:45:00,0,
2025.03.11 04:19:59,scan_executed_new_execution_bar,USDJPY,2025.03.11 04:00:00,0,
2025.03.11 04:24:59,scan_skipped_same_execution_bar,USDJPY,2025.03.11 04:00:00,0,
2025.03.11 04:34:59,scan_executed_new_execution_bar,USDJPY,2025.03.11 04:15:00,46,
2025.03.11 04:39:59,scan_skipped_same_execution_bar,USDJPY,2025.03.11 04:15:00,0,
2025.03.11 04:49:59,scan_executed_new_execution_bar,USDJPY,2025.03.11 04:30:00,31,
2025.03.11 04:54:59,scan_skipped_same_execution_bar,USDJPY,2025.03.11 04:30:00,0,
2025.03.11 05:04:59,scan_executed_new_execution_bar,USDJPY,2025.03.11 04:45:00,0,
2025.03.11 05:09:59,scan_skipped_same_execution_bar,USDJPY,2025.03.11 04:45:00,0,
2025.03.11 05:19:59,scan_executed_new_execution_bar,USDJPY,2025.03.11 05:00:00,0,
2025.03.11 05:24:59,scan_skipped_same_execution_bar,USDJPY,2025.03.11 05:00:00,0,
2025.03.11 05:34:59,scan_executed_new_execution_bar,USDJPY,2025.03.11 05:15:00,0,
2025.03.11 05:39:59,scan_skipped_same_execution_bar,USDJPY,2025.03.11 05:15:00,0,
2025.03.11 05:49:59,scan_executed_new_execution_bar,USDJPY,2025.03.11 05:30:00,0,
2025.03.11 05:54:59,scan_skipped_same_execution_bar,USDJPY,2025.03.11 05:30:00,0,
2025.03.11 06:04:58,scan_executed_new_execution_bar,USDJPY,2025.03.11 05:45:00,0,
2025.03.11 06:09:59,scan_skipped_same_execution_bar,USDJPY,2025.03.11 05:45:00,0,
2025.03.11 06:19:59,scan_executed_new_execution_bar,USDJPY,2025.03.11 06:00:00,32,
2025.03.11 06:24:59,scan_skipped_same_execution_bar,USDJPY,2025.03.11 06:00:00,0,
2025.03.11 06:34:59,scan_executed_new_execution_bar,USDJPY,2025.03.11 06:15:00,0,
2025.03.11 06:39:59,scan_skipped_same_execution_bar,USDJPY,2025.03.11 06:15:00,0,
2025.03.11 06:49:59,scan_executed_new_execution_bar,USDJPY,2025.03.11 06:30:00,16,
2025.03.11 06:54:59,scan_skipped_same_execution_bar,USDJPY,2025.03.11 06:30:00,0,
2025.03.11 07:04:59,scan_executed_new_execution_bar,USDJPY,2025.03.11 06:45:00,0,
2025.03.11 07:09:59,scan_skipped_same_execution_bar,USDJPY,2025.03.11 06:45:00,0,
2025.03.11 07:19:59,scan_executed_new_execution_bar,USDJPY,2025.03.11 07:00:00,0,
2025.03.11 07:24:59,scan_skipped_same_execution_bar,USDJPY,2025.03.11 07:00:00,0,
2025.03.11 07:34:59,scan_executed_new_execution_bar,USDJPY,2025.03.11 07:15:00,16,
2025.03.11 07:39:59,scan_skipped_same_execution_bar,USDJPY,2025.03.11 07:15:00,0,
2025.03.11 07:49:59,scan_executed_new_execution_bar,USDJPY,2025.03.11 07:30:00,0,
2025.03.11 07:54:59,scan_skipped_same_execution_bar,USDJPY,2025.03.11 07:30:00,0,
2025.03.11 08:04:59,scan_executed_new_execution_bar,USDJPY,2025.03.11 07:45:00,0,
2025.03.11 08:09:59,scan_skipped_same_execution_bar,USDJPY,2025.03.11 07:45:00,0,
2025.03.11 08:19:59,scan_executed_new_execution_bar,USDJPY,2025.03.11 08:00:00,0,
2025.03.11 08:24:59,scan_skipped_same_execution_bar,USDJPY,2025.03.11 08:00:00,0,
2025.03.11 08:34:59,scan_executed_new_execution_bar,USDJPY,2025.03.11 08:15:00,0,
2025.03.11 08:39:59,scan_skipped_same_execution_bar,USDJPY,2025.03.11 08:15:00,0,
2025.03.11 08:49:59,scan_executed_new_execution_bar,USDJPY,2025.03.11 08:30:00,0,
2025.03.11 08:54:59,scan_skipped_same_execution_bar,USDJPY,2025.03.11 08:30:00,0,
2025.03.11 09:04:59,scan_executed_new_execution_bar,USDJPY,2025.03.11 08:45:00,16,
2025.03.11 09:09:59,scan_skipped_same_execution_bar,USDJPY,2025.03.11 08:45:00,0,
2025.03.11 09:19:59,scan_executed_new_execution_bar,USDJPY,2025.03.11 09:00:00,0,
2025.03.11 09:24:59,scan_skipped_same_execution_bar,USDJPY,2025.03.11 09:00:00,0,
2025.03.11 09:34:59,scan_executed_new_execution_bar,USDJPY,2025.03.11 09:15:00,16,
2025.03.11 09:39:59,scan_skipped_same_execution_bar,USDJPY,2025.03.11 09:15:00,0,
2025.03.11 09:49:59,scan_executed_new_execution_bar,USDJPY,2025.03.11 09:30:00,16,
2025.03.11 09:54:59,scan_skipped_same_execution_bar,USDJPY,2025.03.11 09:30:00,0,
2025.03.11 10:04:59,scan_executed_new_execution_bar,USDJPY,2025.03.11 09:45:00,31,
2025.03.11 10:09:59,scan_skipped_same_execution_bar,USDJPY,2025.03.11 09:45:00,0,
2025.03.11 10:19:59,scan_executed_new_execution_bar,USDJPY,2025.03.11 10:00:00,0,
2025.03.11 10:24:59,scan_skipped_same_execution_bar,USDJPY,2025.03.11 10:00:00,0,
2025.03.11 10:34:59,scan_executed_new_execution_bar,USDJPY,2025.03.11 10:15:00,0,
2025.03.11 10:39:59,scan_skipped_same_execution_bar,USDJPY,2025.03.11 10:15:00,0,
2025.03.11 10:49:59,scan_executed_new_execution_bar,USDJPY,2025.03.11 10:30:00,0,
2025.03.11 10:54:59,scan_skipped_same_execution_bar,USDJPY,2025.03.11 10:30:00,0,
2025.03.11 11:04:59,scan_executed_new_execution_bar,USDJPY,2025.03.11 10:45:00,16,
2025.03.11 11:09:59,scan_skipped_same_execution_bar,USDJPY,2025.03.11 10:45:00,0,
2025.03.11 11:19:59,scan_executed_new_execution_bar,USDJPY,2025.03.11 11:00:00,0,
2025.03.11 11:24:59,scan_skipped_same_execution_bar,USDJPY,2025.03.11 11:00:00,0,
2025.03.11 11:34:59,scan_executed_new_execution_bar,USDJPY,2025.03.11 11:15:00,0,
2025.03.11 11:39:59,scan_skipped_same_execution_bar,USDJPY,2025.03.11 11:15:00,0,
2025.03.11 11:49:59,scan_executed_new_execution_bar,USDJPY,2025.03.11 11:30:00,0,
2025.03.11 11:54:59,scan_skipped_same_execution_bar,USDJPY,2025.03.11 11:30:00,0,
2025.03.11 12:04:59,scan_executed_new_execution_bar,USDJPY,2025.03.11 11:45:00,0,
2025.03.11 12:09:59,scan_skipped_same_execution_bar,USDJPY,2025.03.11 11:45:00,0,
2025.03.11 12:19:59,scan_executed_new_execution_bar,USDJPY,2025.03.11 12:00:00,47,
2025.03.11 12:24:59,scan_skipped_same_execution_bar,USDJPY,2025.03.11 12:00:00,0,
2025.03.11 12:34:59,scan_executed_new_execution_bar,USDJPY,2025.03.11 12:15:00,0,
2025.03.11 12:39:59,scan_skipped_same_execution_bar,USDJPY,2025.03.11 12:15:00,0,
2025.03.11 12:49:59,scan_executed_new_execution_bar,USDJPY,2025.03.11 12:30:00,0,
2025.03.11 12:54:59,scan_skipped_same_execution_bar,USDJPY,2025.03.11 12:30:00,0,
2025.03.11 13:04:59,scan_executed_new_execution_bar,USDJPY,2025.03.11 12:45:00,0,
2025.03.11 13:09:59,scan_skipped_same_execution_bar,USDJPY,2025.03.11 12:45:00,0,
2025.03.11 13:19:59,scan_executed_new_execution_bar,USDJPY,2025.03.11 13:00:00,32,
2025.03.11 13:24:59,scan_skipped_same_execution_bar,USDJPY,2025.03.11 13:00:00,0,
2025.03.11 13:34:59,scan_executed_new_execution_bar,USDJPY,2025.03.11 13:15:00,0,
2025.03.11 13:39:59,scan_skipped_same_execution_bar,USDJPY,2025.03.11 13:15:00,0,
2025.03.11 13:49:59,scan_executed_new_execution_bar,USDJPY,2025.03.11 13:30:00,78,
2025.03.11 13:54:59,scan_skipped_same_execution_bar,USDJPY,2025.03.11 13:30:00,0,
2025.03.11 14:04:59,scan_executed_new_execution_bar,USDJPY,2025.03.11 13:45:00,0,
2025.03.11 14:09:59,scan_skipped_same_execution_bar,USDJPY,2025.03.11 13:45:00,0,
2025.03.11 14:19:59,scan_executed_new_execution_bar,USDJPY,2025.03.11 14:00:00,0,
2025.03.11 14:24:59,scan_skipped_same_execution_bar,USDJPY,2025.03.11 14:00:00,0,
2025.03.11 14:34:59,scan_executed_new_execution_bar,USDJPY,2025.03.11 14:15:00,0,
2025.03.11 14:39:59,scan_skipped_same_execution_bar,USDJPY,2025.03.11 14:15:00,0,
2025.03.11 14:49:59,scan_executed_new_execution_bar,USDJPY,2025.03.11 14:30:00,0,
2025.03.11 14:54:59,scan_skipped_same_execution_bar,USDJPY,2025.03.11 14:30:00,0,
2025.03.11 15:04:59,scan_executed_new_execution_bar,USDJPY,2025.03.11 14:45:00,47,
2025.03.11 15:09:59,scan_skipped_same_execution_bar,USDJPY,2025.03.11 14:45:00,0,
2025.03.11 15:19:59,scan_executed_new_execution_bar,USDJPY,2025.03.11 15:00:00,16,
2025.03.11 15:24:59,scan_skipped_same_execution_bar,USDJPY,2025.03.11 15:00:00,0,
2025.03.11 15:34:59,scan_executed_new_execution_bar,USDJPY,2025.03.11 15:15:00,15,
2025.03.11 15:39:59,scan_skipped_same_execution_bar,USDJPY,2025.03.11 15:15:00,0,
2025.03.11 15:49:59,scan_executed_new_execution_bar,USDJPY,2025.03.11 15:30:00,0,
2025.03.11 15:54:59,scan_skipped_same_execution_bar,USDJPY,2025.03.11 15:30:00,0,
2025.03.11 16:04:59,scan_executed_new_execution_bar,USDJPY,2025.03.11 15:45:00,0,
2025.03.11 16:09:59,scan_skipped_same_execution_bar,USDJPY,2025.03.11 15:45:00,0,
2025.03.11 16:19:59,scan_executed_new_execution_bar,USDJPY,2025.03.11 16:00:00,16,
2025.03.11 16:24:59,scan_skipped_same_execution_bar,USDJPY,2025.03.11 16:00:00,0,
2025.03.11 16:34:59,scan_executed_new_execution_bar,USDJPY,2025.03.11 16:15:00,63,
2025.03.11 16:39:59,scan_skipped_same_execution_bar,USDJPY,2025.03.11 16:15:00,0,
2025.03.11 16:49:59,scan_executed_new_execution_bar,USDJPY,2025.03.11 16:30:00,0,
2025.03.11 16:54:59,scan_skipped_same_execution_bar,USDJPY,2025.03.11 16:30:00,0,
2025.03.11 17:04:59,scan_executed_new_execution_bar,USDJPY,2025.03.11 16:45:00,31,
2025.03.11 17:09:59,scan_skipped_same_execution_bar,USDJPY,2025.03.11 16:45:00,0,
2025.03.11 17:19:59,scan_executed_new_execution_bar,USDJPY,2025.03.11 17:00:00,78,
2025.03.11 17:24:59,scan_skipped_same_execution_bar,USDJPY,2025.03.11 17:00:00,0,
2025.03.11 17:34:59,scan_executed_new_execution_bar,USDJPY,2025.03.11 17:15:00,0,
2025.03.11 17:39:59,scan_skipped_same_execution_bar,USDJPY,2025.03.11 17:15:00,0,
2025.03.11 17:49:59,scan_executed_new_execution_bar,USDJPY,2025.03.11 17:30:00,0,
2025.03.11 17:54:59,scan_skipped_same_execution_bar,USDJPY,2025.03.11 17:30:00,0,
2025.03.11 18:04:59,scan_executed_new_execution_bar,USDJPY,2025.03.11 17:45:00,15,
2025.03.11 18:09:59,scan_skipped_same_execution_bar,USDJPY,2025.03.11 17:45:00,0,
2025.03.11 18:19:59,scan_executed_new_execution_bar,USDJPY,2025.03.11 18:00:00,0,
2025.03.11 18:24:59,scan_skipped_same_execution_bar,USDJPY,2025.03.11 18:00:00,0,
2025.03.11 18:34:59,scan_executed_new_execution_bar,USDJPY,2025.03.11 18:15:00,0,
2025.03.11 18:39:59,scan_skipped_same_execution_bar,USDJPY,2025.03.11 18:15:00,0,
2025.03.11 18:49:59,scan_executed_new_execution_bar,USDJPY,2025.03.11 18:30:00,0,
2025.03.11 18:54:59,scan_skipped_same_execution_bar,USDJPY,2025.03.11 18:30:00,0,
2025.03.11 19:04:59,scan_executed_new_execution_bar,USDJPY,2025.03.11 18:45:00,15,
2025.03.11 19:09:59,scan_skipped_same_execution_bar,USDJPY,2025.03.11 18:45:00,0,
2025.03.11 19:19:59,scan_executed_new_execution_bar,USDJPY,2025.03.11 19:00:00,47,
2025.03.11 19:24:59,scan_skipped_same_execution_bar,USDJPY,2025.03.11 19:00:00,0,
2025.03.11 19:34:59,scan_executed_new_execution_bar,USDJPY,2025.03.11 19:15:00,0,
2025.03.11 19:39:59,scan_skipped_same_execution_bar,USDJPY,2025.03.11 19:15:00,0,
2025.03.11 19:50:00,scan_executed_new_execution_bar,USDJPY,2025.03.11 19:30:00,15,
2025.03.11 19:54:59,scan_skipped_same_execution_bar,USDJPY,2025.03.11 19:30:00,0,
2025.03.11 20:04:59,scan_executed_new_execution_bar,USDJPY,2025.03.11 19:45:00,0,
2025.03.11 20:09:59,scan_skipped_same_execution_bar,USDJPY,2025.03.11 19:45:00,0,
2025.03.11 20:19:59,scan_executed_new_execution_bar,USDJPY,2025.03.11 20:00:00,0,
2025.03.11 20:24:59,scan_skipped_same_execution_bar,USDJPY,2025.03.11 20:00:00,0,
2025.03.11 20:34:59,scan_executed_new_execution_bar,USDJPY,2025.03.11 20:15:00,0,
2025.03.11 20:39:59,scan_skipped_same_execution_bar,USDJPY,2025.03.11 20:15:00,0,
2025.03.11 20:49:59,scan_executed_new_execution_bar,USDJPY,2025.03.11 20:30:00,78,
2025.03.11 20:54:59,scan_skipped_same_execution_bar,USDJPY,2025.03.11 20:30:00,0,
2025.03.11 21:04:59,scan_executed_new_execution_bar,USDJPY,2025.03.11 20:45:00,0,
2025.03.11 21:09:59,scan_skipped_same_execution_bar,USDJPY,2025.03.11 20:45:00,0,
2025.03.11 21:19:59,scan_executed_new_execution_bar,USDJPY,2025.03.11 21:00:00,0,
2025.03.11 21:24:59,scan_skipped_same_execution_bar,USDJPY,2025.03.11 21:00:00,0,
2025.03.11 21:34:59,scan_executed_new_execution_bar,USDJPY,2025.03.11 21:15:00,0,
2025.03.11 21:39:59,scan_skipped_same_execution_bar,USDJPY,2025.03.11 21:15:00,0,
2025.03.11 21:49:59,scan_executed_new_execution_bar,USDJPY,2025.03.11 21:30:00,0,
2025.03.11 21:54:59,scan_skipped_same_execution_bar,USDJPY,2025.03.11 21:30:00,0,
2025.03.11 22:04:59,scan_executed_new_execution_bar,USDJPY,2025.03.11 21:45:00,16,
2025.03.11 22:09:59,scan_skipped_same_execution_bar,USDJPY,2025.03.11 21:45:00,0,
2025.03.11 22:19:59,scan_executed_new_execution_bar,USDJPY,2025.03.11 22:00:00,0,
2025.03.11 22:24:59,scan_skipped_same_execution_bar,USDJPY,2025.03.11 22:00:00,0,
2025.03.11 22:34:59,scan_executed_new_execution_bar,USDJPY,2025.03.11 22:15:00,0,
2025.03.11 22:39:59,scan_skipped_same_execution_bar,USDJPY,2025.03.11 22:15:00,0,
2025.03.11 22:49:59,scan_executed_new_execution_bar,USDJPY,2025.03.11 22:30:00,0,
2025.03.11 22:54:59,scan_skipped_same_execution_bar,USDJPY,2025.03.11 22:30:00,0,
2025.03.11 23:04:59,scan_executed_new_execution_bar,USDJPY,2025.03.11 22:45:00,47,
2025.03.11 23:09:59,scan_skipped_same_execution_bar,USDJPY,2025.03.11 22:45:00,0,
2025.03.11 23:19:59,scan_executed_new_execution_bar,USDJPY,2025.03.11 23:00:00,0,
2025.03.11 23:24:59,scan_skipped_same_execution_bar,USDJPY,2025.03.11 23:00:00,0,
2025.03.11 23:34:59,scan_executed_new_execution_bar,USDJPY,2025.03.11 23:15:00,62,
2025.03.11 23:39:59,scan_skipped_same_execution_bar,USDJPY,2025.03.11 23:15:00,0,
2025.03.11 23:49:59,scan_executed_new_execution_bar,USDJPY,2025.03.11 23:30:00,0,
2025.03.11 23:54:59,scan_skipped_same_execution_bar,USDJPY,2025.03.11 23:30:00,0,
2025.03.12 00:04:56,scan_executed_new_execution_bar,USDJPY,2025.03.11 23:45:00,0,
2025.03.12 00:09:59,scan_skipped_same_execution_bar,USDJPY,2025.03.11 23:45:00,0,
2025.03.12 00:19:59,scan_executed_new_execution_bar,USDJPY,2025.03.12 00:00:00,0,
2025.03.12 00:24:59,scan_skipped_same_execution_bar,USDJPY,2025.03.12 00:00:00,0,
2025.03.12 00:34:58,scan_executed_new_execution_bar,USDJPY,2025.03.12 00:15:00,0,
2025.03.12 00:39:59,scan_skipped_same_execution_bar,USDJPY,2025.03.12 00:15:00,0,
2025.03.12 00:49:59,scan_executed_new_execution_bar,USDJPY,2025.03.12 00:30:00,0,
2025.03.12 00:54:59,scan_skipped_same_execution_bar,USDJPY,2025.03.12 00:30:00,0,
2025.03.12 01:04:59,scan_executed_new_execution_bar,USDJPY,2025.03.12 00:45:00,15,
2025.03.12 01:09:58,scan_skipped_same_execution_bar,USDJPY,2025.03.12 00:45:00,0,
2025.03.12 01:19:58,scan_executed_new_execution_bar,USDJPY,2025.03.12 01:00:00,0,
2025.03.12 01:24:59,scan_skipped_same_execution_bar,USDJPY,2025.03.12 01:00:00,0,
2025.03.12 01:34:59,scan_executed_new_execution_bar,USDJPY,2025.03.12 01:15:00,15,
2025.03.12 01:39:59,scan_skipped_same_execution_bar,USDJPY,2025.03.12 01:15:00,0,
2025.03.12 01:49:59,scan_executed_new_execution_bar,USDJPY,2025.03.12 01:30:00,0,
2025.03.12 01:54:59,scan_skipped_same_execution_bar,USDJPY,2025.03.12 01:30:00,0,
2025.03.12 02:04:59,scan_executed_new_execution_bar,USDJPY,2025.03.12 01:45:00,0,
2025.03.12 02:09:59,scan_skipped_same_execution_bar,USDJPY,2025.03.12 01:45:00,0,
2025.03.12 02:19:59,scan_executed_new_execution_bar,USDJPY,2025.03.12 02:00:00,0,
2025.03.12 02:24:59,scan_skipped_same_execution_bar,USDJPY,2025.03.12 02:00:00,0,
2025.03.12 02:34:59,scan_executed_new_execution_bar,USDJPY,2025.03.12 02:15:00,0,
2025.03.12 02:39:59,scan_skipped_same_execution_bar,USDJPY,2025.03.12 02:15:00,0,
2025.03.12 02:49:58,scan_executed_new_execution_bar,USDJPY,2025.03.12 02:30:00,0,
2025.03.12 02:55:00,scan_skipped_same_execution_bar,USDJPY,2025.03.12 02:30:00,0,
2025.03.12 03:04:59,scan_executed_new_execution_bar,USDJPY,2025.03.12 02:45:00,0,
2025.03.12 03:09:59,scan_skipped_same_execution_bar,USDJPY,2025.03.12 02:45:00,0,
2025.03.12 03:19:59,scan_executed_new_execution_bar,USDJPY,2025.03.12 03:00:00,0,
2025.03.12 03:24:58,scan_skipped_same_execution_bar,USDJPY,2025.03.12 03:00:00,0,
2025.03.12 03:34:59,scan_executed_new_execution_bar,USDJPY,2025.03.12 03:15:00,31,
2025.03.12 03:39:59,scan_skipped_same_execution_bar,USDJPY,2025.03.12 03:15:00,0,
2025.03.12 03:49:59,scan_executed_new_execution_bar,USDJPY,2025.03.12 03:30:00,0,
2025.03.12 03:54:59,scan_skipped_same_execution_bar,USDJPY,2025.03.12 03:30:00,0,
2025.03.12 04:04:59,scan_executed_new_execution_bar,USDJPY,2025.03.12 03:45:00,15,
2025.03.12 04:09:59,scan_skipped_same_execution_bar,USDJPY,2025.03.12 03:45:00,0,
2025.03.12 04:19:59,scan_executed_new_execution_bar,USDJPY,2025.03.12 04:00:00,0,
2025.03.12 04:24:59,scan_skipped_same_execution_bar,USDJPY,2025.03.12 04:00:00,0,
2025.03.12 04:34:59,scan_executed_new_execution_bar,USDJPY,2025.03.12 04:15:00,31,
2025.03.12 04:39:59,scan_skipped_same_execution_bar,USDJPY,2025.03.12 04:15:00,0,
2025.03.12 04:49:59,scan_executed_new_execution_bar,USDJPY,2025.03.12 04:30:00,0,
2025.03.12 04:54:59,scan_skipped_same_execution_bar,USDJPY,2025.03.12 04:30:00,0,
2025.03.12 05:04:59,scan_executed_new_execution_bar,USDJPY,2025.03.12 04:45:00,0,
2025.03.12 05:09:59,scan_skipped_same_execution_bar,USDJPY,2025.03.12 04:45:00,0,
2025.03.12 05:19:59,scan_executed_new_execution_bar,USDJPY,2025.03.12 05:00:00,16,
2025.03.12 05:24:59,scan_skipped_same_execution_bar,USDJPY,2025.03.12 05:00:00,0,
2025.03.12 05:34:59,scan_executed_new_execution_bar,USDJPY,2025.03.12 05:15:00,0,
2025.03.12 05:39:59,scan_skipped_same_execution_bar,USDJPY,2025.03.12 05:15:00,0,
2025.03.12 05:50:00,scan_executed_new_execution_bar,USDJPY,2025.03.12 05:30:00,0,
2025.03.12 05:54:59,scan_skipped_same_execution_bar,USDJPY,2025.03.12 05:30:00,0,
2025.03.12 06:04:59,scan_executed_new_execution_bar,USDJPY,2025.03.12 05:45:00,16,
2025.03.12 06:09:59,scan_skipped_same_execution_bar,USDJPY,2025.03.12 05:45:00,0,
2025.03.12 06:19:59,scan_executed_new_execution_bar,USDJPY,2025.03.12 06:00:00,0,
2025.03.12 06:24:59,scan_skipped_same_execution_bar,USDJPY,2025.03.12 06:00:00,0,
2025.03.12 06:34:58,scan_executed_new_execution_bar,USDJPY,2025.03.12 06:15:00,15,
2025.03.12 06:39:59,scan_skipped_same_execution_bar,USDJPY,2025.03.12 06:15:00,0,
2025.03.12 06:49:59,scan_executed_new_execution_bar,USDJPY,2025.03.12 06:30:00,0,
2025.03.12 06:54:59,scan_skipped_same_execution_bar,USDJPY,2025.03.12 06:30:00,0,
2025.03.12 07:04:59,scan_executed_new_execution_bar,USDJPY,2025.03.12 06:45:00,0,
2025.03.12 07:09:59,scan_skipped_same_execution_bar,USDJPY,2025.03.12 06:45:00,0,
2025.03.12 07:20:00,scan_executed_new_execution_bar,USDJPY,2025.03.12 07:00:00,0,
2025.03.12 07:24:59,scan_skipped_same_execution_bar,USDJPY,2025.03.12 07:00:00,0,
2025.03.12 07:34:59,scan_executed_new_execution_bar,USDJPY,2025.03.12 07:15:00,0,
2025.03.12 07:39:59,scan_skipped_same_execution_bar,USDJPY,2025.03.12 07:15:00,0,
2025.03.12 07:49:59,scan_executed_new_execution_bar,USDJPY,2025.03.12 07:30:00,0,
2025.03.12 07:54:59,scan_skipped_same_execution_bar,USDJPY,2025.03.12 07:30:00,0,
2025.03.12 08:04:59,scan_executed_new_execution_bar,USDJPY,2025.03.12 07:45:00,16,
2025.03.12 08:09:59,scan_skipped_same_execution_bar,USDJPY,2025.03.12 07:45:00,0,
2025.03.12 08:19:59,scan_executed_new_execution_bar,USDJPY,2025.03.12 08:00:00,0,
2025.03.12 08:24:59,scan_skipped_same_execution_bar,USDJPY,2025.03.12 08:00:00,0,
2025.03.12 08:34:59,scan_executed_new_execution_bar,USDJPY,2025.03.12 08:15:00,0,
2025.03.12 08:39:59,scan_skipped_same_execution_bar,USDJPY,2025.03.12 08:15:00,0,
2025.03.12 08:49:59,scan_executed_new_execution_bar,USDJPY,2025.03.12 08:30:00,16,
2025.03.12 08:55:00,scan_skipped_same_execution_bar,USDJPY,2025.03.12 08:30:00,0,
2025.03.12 09:04:59,scan_executed_new_execution_bar,USDJPY,2025.03.12 08:45:00,16,
2025.03.12 09:09:59,scan_skipped_same_execution_bar,USDJPY,2025.03.12 08:45:00,0,
2025.03.12 09:19:59,scan_executed_new_execution_bar,USDJPY,2025.03.12 09:00:00,0,
2025.03.12 09:24:59,scan_skipped_same_execution_bar,USDJPY,2025.03.12 09:00:00,0,
2025.03.12 09:34:59,scan_executed_new_execution_bar,USDJPY,2025.03.12 09:15:00,15,
2025.03.12 09:39:59,scan_skipped_same_execution_bar,USDJPY,2025.03.12 09:15:00,0,
2025.03.12 09:49:59,scan_executed_new_execution_bar,USDJPY,2025.03.12 09:30:00,0,
2025.03.12 09:54:59,scan_skipped_same_execution_bar,USDJPY,2025.03.12 09:30:00,0,
2025.03.12 10:04:59,scan_executed_new_execution_bar,USDJPY,2025.03.12 09:45:00,0,
2025.03.12 10:09:59,scan_skipped_same_execution_bar,USDJPY,2025.03.12 09:45:00,0,
2025.03.12 10:19:59,scan_executed_new_execution_bar,USDJPY,2025.03.12 10:00:00,31,
2025.03.12 10:24:59,scan_skipped_same_execution_bar,USDJPY,2025.03.12 10:00:00,0,
2025.03.12 10:34:59,scan_executed_new_execution_bar,USDJPY,2025.03.12 10:15:00,0,
2025.03.12 10:39:59,scan_skipped_same_execution_bar,USDJPY,2025.03.12 10:15:00,0,
2025.03.12 10:49:59,scan_executed_new_execution_bar,USDJPY,2025.03.12 10:30:00,0,
2025.03.12 10:54:59,scan_skipped_same_execution_bar,USDJPY,2025.03.12 10:30:00,0,
2025.03.12 11:04:59,scan_executed_new_execution_bar,USDJPY,2025.03.12 10:45:00,0,
2025.03.12 11:09:59,scan_skipped_same_execution_bar,USDJPY,2025.03.12 10:45:00,0,
2025.03.12 11:19:59,scan_executed_new_execution_bar,USDJPY,2025.03.12 11:00:00,62,
2025.03.12 11:24:59,scan_skipped_same_execution_bar,USDJPY,2025.03.12 11:00:00,0,
2025.03.12 11:34:59,scan_executed_new_execution_bar,USDJPY,2025.03.12 11:15:00,0,
2025.03.12 11:39:59,scan_skipped_same_execution_bar,USDJPY,2025.03.12 11:15:00,0,
2025.03.12 11:49:59,scan_executed_new_execution_bar,USDJPY,2025.03.12 11:30:00,0,
2025.03.12 11:54:59,scan_skipped_same_execution_bar,USDJPY,2025.03.12 11:30:00,0,
2025.03.12 12:04:59,scan_executed_new_execution_bar,USDJPY,2025.03.12 11:45:00,16,
2025.03.12 12:09:59,scan_skipped_same_execution_bar,USDJPY,2025.03.12 11:45:00,0,
2025.03.12 12:19:59,scan_executed_new_execution_bar,USDJPY,2025.03.12 12:00:00,0,
2025.03.12 12:24:59,scan_skipped_same_execution_bar,USDJPY,2025.03.12 12:00:00,0,
2025.03.12 12:34:59,scan_executed_new_execution_bar,USDJPY,2025.03.12 12:15:00,0,
2025.03.12 12:39:59,scan_skipped_same_execution_bar,USDJPY,2025.03.12 12:15:00,0,
2025.03.12 12:49:59,scan_executed_new_execution_bar,USDJPY,2025.03.12 12:30:00,0,
2025.03.12 12:54:59,scan_skipped_same_execution_bar,USDJPY,2025.03.12 12:30:00,0,
2025.03.12 13:04:59,scan_executed_new_execution_bar,USDJPY,2025.03.12 12:45:00,15,
2025.03.12 13:09:59,scan_skipped_same_execution_bar,USDJPY,2025.03.12 12:45:00,0,
2025.03.12 13:19:59,scan_executed_new_execution_bar,USDJPY,2025.03.12 13:00:00,0,
2025.03.12 13:24:59,scan_skipped_same_execution_bar,USDJPY,2025.03.12 13:00:00,0,
2025.03.12 13:34:59,scan_executed_new_execution_bar,USDJPY,2025.03.12 13:15:00,62,
2025.03.12 13:39:59,scan_skipped_same_execution_bar,USDJPY,2025.03.12 13:15:00,0,
2025.03.12 13:49:59,scan_executed_new_execution_bar,USDJPY,2025.03.12 13:30:00,16,
2025.03.12 13:54:59,scan_skipped_same_execution_bar,USDJPY,2025.03.12 13:30:00,0,
2025.03.12 14:04:59,scan_executed_new_execution_bar,USDJPY,2025.03.12 13:45:00,0,
2025.03.12 14:09:59,scan_skipped_same_execution_bar,USDJPY,2025.03.12 13:45:00,0,
2025.03.12 14:19:59,scan_executed_new_execution_bar,USDJPY,2025.03.12 14:00:00,0,
2025.03.12 14:24:59,scan_skipped_same_execution_bar,USDJPY,2025.03.12 14:00:00,0,
2025.03.12 14:34:59,scan_executed_new_execution_bar,USDJPY,2025.03.12 14:15:00,32,
2025.03.12 14:39:59,scan_skipped_same_execution_bar,USDJPY,2025.03.12 14:15:00,0,
2025.03.12 14:49:59,scan_executed_new_execution_bar,USDJPY,2025.03.12 14:30:00,47,
2025.03.12 14:54:59,scan_skipped_same_execution_bar,USDJPY,2025.03.12 14:30:00,0,
2025.03.12 15:04:59,scan_executed_new_execution_bar,USDJPY,2025.03.12 14:45:00,16,
2025.03.12 15:09:59,scan_skipped_same_execution_bar,USDJPY,2025.03.12 14:45:00,0,
2025.03.12 15:19:59,scan_executed_new_execution_bar,USDJPY,2025.03.12 15:00:00,15,
2025.03.12 15:24:59,scan_skipped_same_execution_bar,USDJPY,2025.03.12 15:00:00,0,
2025.03.12 15:34:59,scan_executed_new_execution_bar,USDJPY,2025.03.12 15:15:00,16,
2025.03.12 15:39:59,scan_skipped_same_execution_bar,USDJPY,2025.03.12 15:15:00,0,
2025.03.12 15:49:59,scan_executed_new_execution_bar,USDJPY,2025.03.12 15:30:00,0,
2025.03.12 15:54:59,scan_skipped_same_execution_bar,USDJPY,2025.03.12 15:30:00,0,
2025.03.12 16:04:59,scan_executed_new_execution_bar,USDJPY,2025.03.12 15:45:00,0,
2025.03.12 16:09:59,scan_skipped_same_execution_bar,USDJPY,2025.03.12 15:45:00,0,
2025.03.12 16:19:59,scan_executed_new_execution_bar,USDJPY,2025.03.12 16:00:00,47,
2025.03.12 16:24:59,scan_skipped_same_execution_bar,USDJPY,2025.03.12 16:00:00,0,
2025.03.12 16:34:59,scan_executed_new_execution_bar,USDJPY,2025.03.12 16:15:00,0,
2025.03.12 16:39:59,scan_skipped_same_execution_bar,USDJPY,2025.03.12 16:15:00,0,
2025.03.12 16:49:59,scan_executed_new_execution_bar,USDJPY,2025.03.12 16:30:00,31,
2025.03.12 16:54:59,scan_skipped_same_execution_bar,USDJPY,2025.03.12 16:30:00,0,
2025.03.12 17:04:59,scan_executed_new_execution_bar,USDJPY,2025.03.12 16:45:00,0,
2025.03.12 17:09:59,scan_skipped_same_execution_bar,USDJPY,2025.03.12 16:45:00,0,
2025.03.12 17:19:59,scan_executed_new_execution_bar,USDJPY,2025.03.12 17:00:00,0,
2025.03.12 17:24:59,scan_skipped_same_execution_bar,USDJPY,2025.03.12 17:00:00,0,
2025.03.12 17:34:59,scan_executed_new_execution_bar,USDJPY,2025.03.12 17:15:00,16,
2025.03.12 17:39:59,scan_skipped_same_execution_bar,USDJPY,2025.03.12 17:15:00,0,
2025.03.12 17:49:59,scan_executed_new_execution_bar,USDJPY,2025.03.12 17:30:00,16,
2025.03.12 17:54:59,scan_skipped_same_execution_bar,USDJPY,2025.03.12 17:30:00,0,
2025.03.12 18:04:59,scan_executed_new_execution_bar,USDJPY,2025.03.12 17:45:00,15,
2025.03.12 18:09:59,scan_skipped_same_execution_bar,USDJPY,2025.03.12 17:45:00,0,
2025.03.12 18:19:59,scan_executed_new_execution_bar,USDJPY,2025.03.12 18:00:00,16,
2025.03.12 18:24:59,scan_skipped_same_execution_bar,USDJPY,2025.03.12 18:00:00,0,
2025.03.12 18:34:59,scan_executed_new_execution_bar,USDJPY,2025.03.12 18:15:00,0,
2025.03.12 18:39:59,scan_skipped_same_execution_bar,USDJPY,2025.03.12 18:15:00,0,
2025.03.12 18:49:59,scan_executed_new_execution_bar,USDJPY,2025.03.12 18:30:00,63,
2025.03.12 18:54:59,scan_skipped_same_execution_bar,USDJPY,2025.03.12 18:30:00,0,
2025.03.12 19:04:59,scan_executed_new_execution_bar,USDJPY,2025.03.12 18:45:00,0,
2025.03.12 19:09:59,scan_skipped_same_execution_bar,USDJPY,2025.03.12 18:45:00,0,
2025.03.12 19:19:59,scan_executed_new_execution_bar,USDJPY,2025.03.12 19:00:00,15,
2025.03.12 19:24:59,scan_skipped_same_execution_bar,USDJPY,2025.03.12 19:00:00,0,
2025.03.12 19:34:59,scan_executed_new_execution_bar,USDJPY,2025.03.12 19:15:00,79,
2025.03.12 19:39:59,scan_skipped_same_execution_bar,USDJPY,2025.03.12 19:15:00,0,
2025.03.12 19:49:59,scan_executed_new_execution_bar,USDJPY,2025.03.12 19:30:00,16,
2025.03.12 19:54:59,scan_skipped_same_execution_bar,USDJPY,2025.03.12 19:30:00,0,
2025.03.12 20:04:59,scan_executed_new_execution_bar,USDJPY,2025.03.12 19:45:00,0,
2025.03.12 20:09:59,scan_skipped_same_execution_bar,USDJPY,2025.03.12 19:45:00,0,
2025.03.12 20:19:59,scan_executed_new_execution_bar,USDJPY,2025.03.12 20:00:00,0,
2025.03.12 20:24:59,scan_skipped_same_execution_bar,USDJPY,2025.03.12 20:00:00,0,
2025.03.12 20:34:59,scan_executed_new_execution_bar,USDJPY,2025.03.12 20:15:00,0,
2025.03.12 20:39:59,scan_skipped_same_execution_bar,USDJPY,2025.03.12 20:15:00,0,
2025.03.12 20:49:59,scan_executed_new_execution_bar,USDJPY,2025.03.12 20:30:00,0,
2025.03.12 20:54:59,scan_skipped_same_execution_bar,USDJPY,2025.03.12 20:30:00,0,
2025.03.12 21:04:59,scan_executed_new_execution_bar,USDJPY,2025.03.12 20:45:00,0,
2025.03.12 21:09:59,scan_skipped_same_execution_bar,USDJPY,2025.03.12 20:45:00,0,
2025.03.12 21:19:59,scan_executed_new_execution_bar,USDJPY,2025.03.12 21:00:00,31,
2025.03.12 21:24:59,scan_skipped_same_execution_bar,USDJPY,2025.03.12 21:00:00,0,
2025.03.12 21:34:59,scan_executed_new_execution_bar,USDJPY,2025.03.12 21:15:00,0,
2025.03.12 21:39:59,scan_skipped_same_execution_bar,USDJPY,2025.03.12 21:15:00,0,
2025.03.12 21:49:59,scan_executed_new_execution_bar,USDJPY,2025.03.12 21:30:00,0,
2025.03.12 21:54:59,scan_skipped_same_execution_bar,USDJPY,2025.03.12 21:30:00,0,
2025.03.12 22:04:59,scan_executed_new_execution_bar,USDJPY,2025.03.12 21:45:00,0,
2025.03.12 22:09:59,scan_skipped_same_execution_bar,USDJPY,2025.03.12 21:45:00,0,
2025.03.12 22:19:59,scan_executed_new_execution_bar,USDJPY,2025.03.12 22:00:00,0,
2025.03.12 22:24:59,scan_skipped_same_execution_bar,USDJPY,2025.03.12 22:00:00,0,
2025.03.12 22:34:59,scan_executed_new_execution_bar,USDJPY,2025.03.12 22:15:00,0,
2025.03.12 22:39:59,scan_skipped_same_execution_bar,USDJPY,2025.03.12 22:15:00,0,
2025.03.12 22:49:59,scan_executed_new_execution_bar,USDJPY,2025.03.12 22:30:00,0,
2025.03.12 22:55:00,scan_skipped_same_execution_bar,USDJPY,2025.03.12 22:30:00,0,
2025.03.12 23:04:59,scan_executed_new_execution_bar,USDJPY,2025.03.12 22:45:00,0,
2025.03.12 23:09:59,scan_skipped_same_execution_bar,USDJPY,2025.03.12 22:45:00,0,
2025.03.12 23:19:59,scan_executed_new_execution_bar,USDJPY,2025.03.12 23:00:00,0,
2025.03.12 23:24:59,scan_skipped_same_execution_bar,USDJPY,2025.03.12 23:00:00,0,
2025.03.12 23:34:59,scan_executed_new_execution_bar,USDJPY,2025.03.12 23:15:00,0,
2025.03.12 23:39:59,scan_skipped_same_execution_bar,USDJPY,2025.03.12 23:15:00,0,
2025.03.12 23:49:59,scan_executed_new_execution_bar,USDJPY,2025.03.12 23:30:00,0,
2025.03.12 23:54:59,scan_skipped_same_execution_bar,USDJPY,2025.03.12 23:30:00,0,
2025.03.13 00:04:59,scan_executed_new_execution_bar,USDJPY,2025.03.12 23:45:00,0,
2025.03.13 00:09:59,scan_skipped_same_execution_bar,USDJPY,2025.03.12 23:45:00,0,
2025.03.13 00:19:59,scan_executed_new_execution_bar,USDJPY,2025.03.13 00:00:00,0,
2025.03.13 00:24:58,scan_skipped_same_execution_bar,USDJPY,2025.03.13 00:00:00,0,
2025.03.13 00:34:58,scan_executed_new_execution_bar,USDJPY,2025.03.13 00:15:00,0,
2025.03.13 00:39:58,scan_skipped_same_execution_bar,USDJPY,2025.03.13 00:15:00,0,
2025.03.13 00:49:59,scan_executed_new_execution_bar,USDJPY,2025.03.13 00:30:00,0,
2025.03.13 00:54:57,scan_skipped_same_execution_bar,USDJPY,2025.03.13 00:30:00,0,
2025.03.13 01:04:59,scan_executed_new_execution_bar,USDJPY,2025.03.13 00:45:00,15,
2025.03.13 01:09:59,scan_skipped_same_execution_bar,USDJPY,2025.03.13 00:45:00,0,
2025.03.13 01:19:58,scan_executed_new_execution_bar,USDJPY,2025.03.13 01:00:00,0,
2025.03.13 01:24:59,scan_skipped_same_execution_bar,USDJPY,2025.03.13 01:00:00,0,
2025.03.13 01:34:59,scan_executed_new_execution_bar,USDJPY,2025.03.13 01:15:00,0,
2025.03.13 01:39:59,scan_skipped_same_execution_bar,USDJPY,2025.03.13 01:15:00,0,
2025.03.13 01:49:59,scan_executed_new_execution_bar,USDJPY,2025.03.13 01:30:00,0,
2025.03.13 01:54:59,scan_skipped_same_execution_bar,USDJPY,2025.03.13 01:30:00,0,
2025.03.13 02:04:59,scan_executed_new_execution_bar,USDJPY,2025.03.13 01:45:00,16,
2025.03.13 02:09:59,scan_skipped_same_execution_bar,USDJPY,2025.03.13 01:45:00,0,
2025.03.13 02:19:59,scan_executed_new_execution_bar,USDJPY,2025.03.13 02:00:00,0,
2025.03.13 02:24:59,scan_skipped_same_execution_bar,USDJPY,2025.03.13 02:00:00,0,
2025.03.13 02:34:59,scan_executed_new_execution_bar,USDJPY,2025.03.13 02:15:00,16,
2025.03.13 02:39:59,scan_skipped_same_execution_bar,USDJPY,2025.03.13 02:15:00,0,
2025.03.13 02:49:59,scan_executed_new_execution_bar,USDJPY,2025.03.13 02:30:00,0,
2025.03.13 02:54:59,scan_skipped_same_execution_bar,USDJPY,2025.03.13 02:30:00,0,
2025.03.13 03:04:59,scan_executed_new_execution_bar,USDJPY,2025.03.13 02:45:00,0,
2025.03.13 03:09:59,scan_skipped_same_execution_bar,USDJPY,2025.03.13 02:45:00,0,
2025.03.13 03:19:59,scan_executed_new_execution_bar,USDJPY,2025.03.13 03:00:00,0,
2025.03.13 03:24:59,scan_skipped_same_execution_bar,USDJPY,2025.03.13 03:00:00,0,
2025.03.13 03:34:59,scan_executed_new_execution_bar,USDJPY,2025.03.13 03:15:00,15,
2025.03.13 03:39:58,scan_skipped_same_execution_bar,USDJPY,2025.03.13 03:15:00,0,
2025.03.13 03:49:59,scan_executed_new_execution_bar,USDJPY,2025.03.13 03:30:00,0,
2025.03.13 03:54:59,scan_skipped_same_execution_bar,USDJPY,2025.03.13 03:30:00,0,
2025.03.13 04:04:59,scan_executed_new_execution_bar,USDJPY,2025.03.13 03:45:00,0,
2025.03.13 04:09:59,scan_skipped_same_execution_bar,USDJPY,2025.03.13 03:45:00,0,
2025.03.13 04:19:59,scan_executed_new_execution_bar,USDJPY,2025.03.13 04:00:00,15,
2025.03.13 04:24:59,scan_skipped_same_execution_bar,USDJPY,2025.03.13 04:00:00,0,
2025.03.13 04:34:59,scan_executed_new_execution_bar,USDJPY,2025.03.13 04:15:00,0,
2025.03.13 04:39:59,scan_skipped_same_execution_bar,USDJPY,2025.03.13 04:15:00,0,
2025.03.13 04:49:59,scan_executed_new_execution_bar,USDJPY,2025.03.13 04:30:00,16,
2025.03.13 04:54:59,scan_skipped_same_execution_bar,USDJPY,2025.03.13 04:30:00,0,
2025.03.13 05:04:59,scan_executed_new_execution_bar,USDJPY,2025.03.13 04:45:00,0,
2025.03.13 05:09:59,scan_skipped_same_execution_bar,USDJPY,2025.03.13 04:45:00,0,
2025.03.13 05:19:59,scan_executed_new_execution_bar,USDJPY,2025.03.13 05:00:00,15,
2025.03.13 05:24:59,scan_skipped_same_execution_bar,USDJPY,2025.03.13 05:00:00,0,
2025.03.13 05:34:59,scan_executed_new_execution_bar,USDJPY,2025.03.13 05:15:00,0,
2025.03.13 05:39:59,scan_skipped_same_execution_bar,USDJPY,2025.03.13 05:15:00,0,
2025.03.13 05:49:59,scan_executed_new_execution_bar,USDJPY,2025.03.13 05:30:00,15,
2025.03.13 05:54:59,scan_skipped_same_execution_bar,USDJPY,2025.03.13 05:30:00,0,
2025.03.13 06:04:59,scan_executed_new_execution_bar,USDJPY,2025.03.13 05:45:00,0,
2025.03.13 06:09:59,scan_skipped_same_execution_bar,USDJPY,2025.03.13 05:45:00,0,
2025.03.13 06:19:59,scan_executed_new_execution_bar,USDJPY,2025.03.13 06:00:00,16,
2025.03.13 06:24:59,scan_skipped_same_execution_bar,USDJPY,2025.03.13 06:00:00,0,
2025.03.13 06:34:59,scan_executed_new_execution_bar,USDJPY,2025.03.13 06:15:00,0,
2025.03.13 06:39:59,scan_skipped_same_execution_bar,USDJPY,2025.03.13 06:15:00,0,
2025.03.13 06:49:59,scan_executed_new_execution_bar,USDJPY,2025.03.13 06:30:00,0,
2025.03.13 06:54:59,scan_skipped_same_execution_bar,USDJPY,2025.03.13 06:30:00,0,
2025.03.13 07:04:59,scan_executed_new_execution_bar,USDJPY,2025.03.13 06:45:00,0,
2025.03.13 07:09:59,scan_skipped_same_execution_bar,USDJPY,2025.03.13 06:45:00,0,
2025.03.13 07:19:59,scan_executed_new_execution_bar,USDJPY,2025.03.13 07:00:00,0,
2025.03.13 07:24:59,scan_skipped_same_execution_bar,USDJPY,2025.03.13 07:00:00,0,
2025.03.13 07:34:59,scan_executed_new_execution_bar,USDJPY,2025.03.13 07:15:00,0,
2025.03.13 07:39:59,scan_skipped_same_execution_bar,USDJPY,2025.03.13 07:15:00,0,
2025.03.13 07:49:59,scan_executed_new_execution_bar,USDJPY,2025.03.13 07:30:00,0,
2025.03.13 07:54:59,scan_skipped_same_execution_bar,USDJPY,2025.03.13 07:30:00,0,
2025.03.13 08:04:59,scan_executed_new_execution_bar,USDJPY,2025.03.13 07:45:00,0,
2025.03.13 08:09:59,scan_skipped_same_execution_bar,USDJPY,2025.03.13 07:45:00,0,
2025.03.13 08:19:59,scan_executed_new_execution_bar,USDJPY,2025.03.13 08:00:00,0,
2025.03.13 08:24:59,scan_skipped_same_execution_bar,USDJPY,2025.03.13 08:00:00,0,
2025.03.13 08:34:59,scan_executed_new_execution_bar,USDJPY,2025.03.13 08:15:00,0,
2025.03.13 08:39:59,scan_skipped_same_execution_bar,USDJPY,2025.03.13 08:15:00,0,
2025.03.13 08:49:59,scan_executed_new_execution_bar,USDJPY,2025.03.13 08:30:00,0,
2025.03.13 08:54:59,scan_skipped_same_execution_bar,USDJPY,2025.03.13 08:30:00,0,
2025.03.13 09:04:59,scan_executed_new_execution_bar,USDJPY,2025.03.13 08:45:00,15,
2025.03.13 09:09:59,scan_skipped_same_execution_bar,USDJPY,2025.03.13 08:45:00,0,
2025.03.13 09:19:59,scan_executed_new_execution_bar,USDJPY,2025.03.13 09:00:00,0,
2025.03.13 09:24:59,scan_skipped_same_execution_bar,USDJPY,2025.03.13 09:00:00,0,
2025.03.13 09:34:59,scan_executed_new_execution_bar,USDJPY,2025.03.13 09:15:00,0,
2025.03.13 09:39:59,scan_skipped_same_execution_bar,USDJPY,2025.03.13 09:15:00,0,
2025.03.13 09:50:00,scan_executed_new_execution_bar,USDJPY,2025.03.13 09:30:00,0,
2025.03.13 09:54:59,scan_skipped_same_execution_bar,USDJPY,2025.03.13 09:30:00,0,
2025.03.13 10:04:59,scan_executed_new_execution_bar,USDJPY,2025.03.13 09:45:00,31,
2025.03.13 10:09:59,scan_skipped_same_execution_bar,USDJPY,2025.03.13 09:45:00,0,
2025.03.13 10:19:59,scan_executed_new_execution_bar,USDJPY,2025.03.13 10:00:00,15,
2025.03.13 10:24:59,scan_skipped_same_execution_bar,USDJPY,2025.03.13 10:00:00,0,
2025.03.13 10:34:59,scan_executed_new_execution_bar,USDJPY,2025.03.13 10:15:00,0,
2025.03.13 10:39:59,scan_skipped_same_execution_bar,USDJPY,2025.03.13 10:15:00,0,
2025.03.13 10:49:59,scan_executed_new_execution_bar,USDJPY,2025.03.13 10:30:00,0,
2025.03.13 10:54:59,scan_skipped_same_execution_bar,USDJPY,2025.03.13 10:30:00,0,
2025.03.13 11:04:59,scan_executed_new_execution_bar,USDJPY,2025.03.13 10:45:00,16,
2025.03.13 11:09:59,scan_skipped_same_execution_bar,USDJPY,2025.03.13 10:45:00,0,
2025.03.13 11:19:59,scan_executed_new_execution_bar,USDJPY,2025.03.13 11:00:00,0,
2025.03.13 11:24:59,scan_skipped_same_execution_bar,USDJPY,2025.03.13 11:00:00,0,
2025.03.13 11:34:59,scan_executed_new_execution_bar,USDJPY,2025.03.13 11:15:00,47,
2025.03.13 11:39:59,scan_skipped_same_execution_bar,USDJPY,2025.03.13 11:15:00,0,
2025.03.13 11:49:59,scan_executed_new_execution_bar,USDJPY,2025.03.13 11:30:00,0,
2025.03.13 11:54:59,scan_skipped_same_execution_bar,USDJPY,2025.03.13 11:30:00,0,
2025.03.13 12:04:59,scan_executed_new_execution_bar,USDJPY,2025.03.13 11:45:00,32,
2025.03.13 12:09:59,scan_skipped_same_execution_bar,USDJPY,2025.03.13 11:45:00,0,
2025.03.13 12:19:59,scan_executed_new_execution_bar,USDJPY,2025.03.13 12:00:00,15,
2025.03.13 12:24:59,scan_skipped_same_execution_bar,USDJPY,2025.03.13 12:00:00,0,
2025.03.13 12:34:59,scan_executed_new_execution_bar,USDJPY,2025.03.13 12:15:00,15,
2025.03.13 12:39:59,scan_skipped_same_execution_bar,USDJPY,2025.03.13 12:15:00,0,
2025.03.13 12:49:59,scan_executed_new_execution_bar,USDJPY,2025.03.13 12:30:00,0,
2025.03.13 12:54:59,scan_skipped_same_execution_bar,USDJPY,2025.03.13 12:30:00,0,
2025.03.13 13:04:59,scan_executed_new_execution_bar,USDJPY,2025.03.13 12:45:00,32,
2025.03.13 13:09:59,scan_skipped_same_execution_bar,USDJPY,2025.03.13 12:45:00,0,
2025.03.13 13:20:00,scan_executed_new_execution_bar,USDJPY,2025.03.13 13:00:00,16,
2025.03.13 13:24:59,scan_skipped_same_execution_bar,USDJPY,2025.03.13 13:00:00,0,
2025.03.13 13:34:59,scan_executed_new_execution_bar,USDJPY,2025.03.13 13:15:00,32,
2025.03.13 13:39:59,scan_skipped_same_execution_bar,USDJPY,2025.03.13 13:15:00,0,
2025.03.13 13:49:59,scan_executed_new_execution_bar,USDJPY,2025.03.13 13:30:00,15,
2025.03.13 13:54:59,scan_skipped_same_execution_bar,USDJPY,2025.03.13 13:30:00,0,
2025.03.13 14:04:59,scan_executed_new_execution_bar,USDJPY,2025.03.13 13:45:00,32,
2025.03.13 14:09:59,scan_skipped_same_execution_bar,USDJPY,2025.03.13 13:45:00,0,
2025.03.13 14:19:59,scan_executed_new_execution_bar,USDJPY,2025.03.13 14:00:00,0,
2025.03.13 14:24:59,scan_skipped_same_execution_bar,USDJPY,2025.03.13 14:00:00,0,
2025.03.13 14:34:59,scan_executed_new_execution_bar,USDJPY,2025.03.13 14:15:00,0,
2025.03.13 14:39:59,scan_skipped_same_execution_bar,USDJPY,2025.03.13 14:15:00,0,
2025.03.13 14:49:59,scan_executed_new_execution_bar,USDJPY,2025.03.13 14:30:00,0,
2025.03.13 14:54:59,scan_skipped_same_execution_bar,USDJPY,2025.03.13 14:30:00,0,
2025.03.13 15:04:59,scan_executed_new_execution_bar,USDJPY,2025.03.13 14:45:00,0,
2025.03.13 15:09:59,scan_skipped_same_execution_bar,USDJPY,2025.03.13 14:45:00,0,
2025.03.13 15:19:59,scan_executed_new_execution_bar,USDJPY,2025.03.13 15:00:00,15,
2025.03.13 15:24:59,scan_skipped_same_execution_bar,USDJPY,2025.03.13 15:00:00,0,
2025.03.13 15:34:59,scan_executed_new_execution_bar,USDJPY,2025.03.13 15:15:00,47,
2025.03.13 15:39:59,scan_skipped_same_execution_bar,USDJPY,2025.03.13 15:15:00,0,
2025.03.13 15:49:59,scan_executed_new_execution_bar,USDJPY,2025.03.13 15:30:00,0,
2025.03.13 15:54:59,scan_skipped_same_execution_bar,USDJPY,2025.03.13 15:30:00,0,
2025.03.13 16:04:59,scan_executed_new_execution_bar,USDJPY,2025.03.13 15:45:00,0,
2025.03.13 16:09:59,scan_skipped_same_execution_bar,USDJPY,2025.03.13 15:45:00,0,
2025.03.13 16:20:00,scan_executed_new_execution_bar,USDJPY,2025.03.13 16:00:00,0,
2025.03.13 16:24:59,scan_skipped_same_execution_bar,USDJPY,2025.03.13 16:00:00,0,
2025.03.13 16:34:59,scan_executed_new_execution_bar,USDJPY,2025.03.13 16:15:00,47,
2025.03.13 16:39:59,scan_skipped_same_execution_bar,USDJPY,2025.03.13 16:15:00,0,
2025.03.13 16:49:59,scan_executed_new_execution_bar,USDJPY,2025.03.13 16:30:00,31,
2025.03.13 16:54:59,scan_skipped_same_execution_bar,USDJPY,2025.03.13 16:30:00,0,
2025.03.13 17:04:59,scan_executed_new_execution_bar,USDJPY,2025.03.13 16:45:00,16,
2025.03.13 17:09:59,scan_skipped_same_execution_bar,USDJPY,2025.03.13 16:45:00,0,
2025.03.13 17:19:59,scan_executed_new_execution_bar,USDJPY,2025.03.13 17:00:00,15,
2025.03.13 17:24:59,scan_skipped_same_execution_bar,USDJPY,2025.03.13 17:00:00,0,
2025.03.13 17:34:59,scan_executed_new_execution_bar,USDJPY,2025.03.13 17:15:00,32,
2025.03.13 17:39:59,scan_skipped_same_execution_bar,USDJPY,2025.03.13 17:15:00,0,
2025.03.13 17:49:59,scan_executed_new_execution_bar,USDJPY,2025.03.13 17:30:00,0,
2025.03.13 17:54:59,scan_skipped_same_execution_bar,USDJPY,2025.03.13 17:30:00,0,
2025.03.13 18:04:59,scan_executed_new_execution_bar,USDJPY,2025.03.13 17:45:00,0,
2025.03.13 18:09:59,scan_skipped_same_execution_bar,USDJPY,2025.03.13 17:45:00,0,
2025.03.13 18:19:59,scan_executed_new_execution_bar,USDJPY,2025.03.13 18:00:00,0,
2025.03.13 18:24:59,scan_skipped_same_execution_bar,USDJPY,2025.03.13 18:00:00,0,
2025.03.13 18:34:59,scan_executed_new_execution_bar,USDJPY,2025.03.13 18:15:00,16,
2025.03.13 18:39:59,scan_skipped_same_execution_bar,USDJPY,2025.03.13 18:15:00,0,
2025.03.13 18:49:59,scan_executed_new_execution_bar,USDJPY,2025.03.13 18:30:00,62,
2025.03.13 18:54:59,scan_skipped_same_execution_bar,USDJPY,2025.03.13 18:30:00,0,
2025.03.13 19:04:59,scan_executed_new_execution_bar,USDJPY,2025.03.13 18:45:00,15,
2025.03.13 19:09:59,scan_skipped_same_execution_bar,USDJPY,2025.03.13 18:45:00,0,
2025.03.13 19:19:59,scan_executed_new_execution_bar,USDJPY,2025.03.13 19:00:00,16,
2025.03.13 19:24:59,scan_skipped_same_execution_bar,USDJPY,2025.03.13 19:00:00,0,
2025.03.13 19:34:59,scan_executed_new_execution_bar,USDJPY,2025.03.13 19:15:00,0,
2025.03.13 19:39:59,scan_skipped_same_execution_bar,USDJPY,2025.03.13 19:15:00,0,
2025.03.13 19:49:59,scan_executed_new_execution_bar,USDJPY,2025.03.13 19:30:00,0,
2025.03.13 19:54:59,scan_skipped_same_execution_bar,USDJPY,2025.03.13 19:30:00,0,
2025.03.13 20:04:59,scan_executed_new_execution_bar,USDJPY,2025.03.13 19:45:00,16,
2025.03.13 20:09:59,scan_skipped_same_execution_bar,USDJPY,2025.03.13 19:45:00,0,
2025.03.13 20:19:59,scan_executed_new_execution_bar,USDJPY,2025.03.13 20:00:00,0,
2025.03.13 20:24:59,scan_skipped_same_execution_bar,USDJPY,2025.03.13 20:00:00,0,
2025.03.13 20:35:00,scan_executed_new_execution_bar,USDJPY,2025.03.13 20:15:00,0,
2025.03.13 20:39:59,scan_skipped_same_execution_bar,USDJPY,2025.03.13 20:15:00,0,
2025.03.13 20:49:59,scan_executed_new_execution_bar,USDJPY,2025.03.13 20:30:00,78,
2025.03.13 20:55:00,scan_skipped_same_execution_bar,USDJPY,2025.03.13 20:30:00,0,
2025.03.13 21:04:59,scan_executed_new_execution_bar,USDJPY,2025.03.13 20:45:00,16,
2025.03.13 21:09:59,scan_skipped_same_execution_bar,USDJPY,2025.03.13 20:45:00,0,
2025.03.13 21:19:59,scan_executed_new_execution_bar,USDJPY,2025.03.13 21:00:00,31,
2025.03.13 21:24:59,scan_skipped_same_execution_bar,USDJPY,2025.03.13 21:00:00,0,
2025.03.13 21:34:59,scan_executed_new_execution_bar,USDJPY,2025.03.13 21:15:00,0,
2025.03.13 21:39:59,scan_skipped_same_execution_bar,USDJPY,2025.03.13 21:15:00,0,
2025.03.13 21:49:59,scan_executed_new_execution_bar,USDJPY,2025.03.13 21:30:00,0,
2025.03.13 21:54:59,scan_skipped_same_execution_bar,USDJPY,2025.03.13 21:30:00,0,
2025.03.13 22:04:59,scan_executed_new_execution_bar,USDJPY,2025.03.13 21:45:00,0,
2025.03.13 22:09:59,scan_skipped_same_execution_bar,USDJPY,2025.03.13 21:45:00,0,
2025.03.13 22:19:59,scan_executed_new_execution_bar,USDJPY,2025.03.13 22:00:00,0,
2025.03.13 22:24:59,scan_skipped_same_execution_bar,USDJPY,2025.03.13 22:00:00,0,
2025.03.13 22:34:59,scan_executed_new_execution_bar,USDJPY,2025.03.13 22:15:00,0,
2025.03.13 22:39:59,scan_skipped_same_execution_bar,USDJPY,2025.03.13 22:15:00,0,
2025.03.13 22:49:59,scan_executed_new_execution_bar,USDJPY,2025.03.13 22:30:00,0,
2025.03.13 22:54:59,scan_skipped_same_execution_bar,USDJPY,2025.03.13 22:30:00,0,
2025.03.13 23:04:59,scan_executed_new_execution_bar,USDJPY,2025.03.13 22:45:00,0,
2025.03.13 23:09:59,scan_skipped_same_execution_bar,USDJPY,2025.03.13 22:45:00,0,
2025.03.13 23:19:59,scan_executed_new_execution_bar,USDJPY,2025.03.13 23:00:00,0,
2025.03.13 23:24:59,scan_skipped_same_execution_bar,USDJPY,2025.03.13 23:00:00,0,
2025.03.13 23:35:00,scan_executed_new_execution_bar,USDJPY,2025.03.13 23:15:00,0,
2025.03.13 23:39:59,scan_skipped_same_execution_bar,USDJPY,2025.03.13 23:15:00,0,
2025.03.13 23:49:59,scan_executed_new_execution_bar,USDJPY,2025.03.13 23:30:00,0,
2025.03.13 23:54:59,scan_skipped_same_execution_bar,USDJPY,2025.03.13 23:30:00,0,
2025.03.14 00:04:47,scan_executed_new_execution_bar,USDJPY,2025.03.13 23:45:00,0,
2025.03.14 00:09:59,scan_skipped_same_execution_bar,USDJPY,2025.03.13 23:45:00,0,
2025.03.14 00:19:59,scan_executed_new_execution_bar,USDJPY,2025.03.14 00:00:00,0,
2025.03.14 00:24:59,scan_skipped_same_execution_bar,USDJPY,2025.03.14 00:00:00,0,
2025.03.14 00:34:59,scan_executed_new_execution_bar,USDJPY,2025.03.14 00:15:00,0,
2025.03.14 00:39:59,scan_skipped_same_execution_bar,USDJPY,2025.03.14 00:15:00,0,
2025.03.14 00:49:57,scan_executed_new_execution_bar,USDJPY,2025.03.14 00:30:00,0,
2025.03.14 00:54:59,scan_skipped_same_execution_bar,USDJPY,2025.03.14 00:30:00,0,
2025.03.14 01:04:59,scan_executed_new_execution_bar,USDJPY,2025.03.14 00:45:00,16,
2025.03.14 01:09:59,scan_skipped_same_execution_bar,USDJPY,2025.03.14 00:45:00,0,
2025.03.14 01:19:53,scan_executed_new_execution_bar,USDJPY,2025.03.14 01:00:00,0,
2025.03.14 01:24:59,scan_skipped_same_execution_bar,USDJPY,2025.03.14 01:00:00,0,
2025.03.14 01:34:59,scan_executed_new_execution_bar,USDJPY,2025.03.14 01:15:00,0,
2025.03.14 01:39:59,scan_skipped_same_execution_bar,USDJPY,2025.03.14 01:15:00,0,
2025.03.14 01:49:59,scan_executed_new_execution_bar,USDJPY,2025.03.14 01:30:00,0,
2025.03.14 01:54:59,scan_skipped_same_execution_bar,USDJPY,2025.03.14 01:30:00,0,
2025.03.14 02:04:59,scan_executed_new_execution_bar,USDJPY,2025.03.14 01:45:00,0,
2025.03.14 02:09:59,scan_skipped_same_execution_bar,USDJPY,2025.03.14 01:45:00,0,
2025.03.14 02:19:59,scan_executed_new_execution_bar,USDJPY,2025.03.14 02:00:00,0,
2025.03.14 02:24:59,scan_skipped_same_execution_bar,USDJPY,2025.03.14 02:00:00,0,
2025.03.14 02:34:57,scan_executed_new_execution_bar,USDJPY,2025.03.14 02:15:00,0,
2025.03.14 02:39:59,scan_skipped_same_execution_bar,USDJPY,2025.03.14 02:15:00,0,
2025.03.14 02:49:59,scan_executed_new_execution_bar,USDJPY,2025.03.14 02:30:00,0,
2025.03.14 02:54:59,scan_skipped_same_execution_bar,USDJPY,2025.03.14 02:30:00,0,
2025.03.14 03:04:59,scan_executed_new_execution_bar,USDJPY,2025.03.14 02:45:00,0,
2025.03.14 03:10:00,scan_skipped_same_execution_bar,USDJPY,2025.03.14 02:45:00,0,
2025.03.14 03:19:59,scan_executed_new_execution_bar,USDJPY,2025.03.14 03:00:00,0,
2025.03.14 03:24:59,scan_skipped_same_execution_bar,USDJPY,2025.03.14 03:00:00,0,
2025.03.14 03:34:59,scan_executed_new_execution_bar,USDJPY,2025.03.14 03:15:00,0,
2025.03.14 03:39:59,scan_skipped_same_execution_bar,USDJPY,2025.03.14 03:15:00,0,
2025.03.14 03:49:59,scan_executed_new_execution_bar,USDJPY,2025.03.14 03:30:00,0,
2025.03.14 03:54:59,scan_skipped_same_execution_bar,USDJPY,2025.03.14 03:30:00,0,
2025.03.14 04:04:59,scan_executed_new_execution_bar,USDJPY,2025.03.14 03:45:00,0,
2025.03.14 04:09:59,scan_skipped_same_execution_bar,USDJPY,2025.03.14 03:45:00,0,
2025.03.14 04:19:59,scan_executed_new_execution_bar,USDJPY,2025.03.14 04:00:00,0,
2025.03.14 04:24:59,scan_skipped_same_execution_bar,USDJPY,2025.03.14 04:00:00,0,
2025.03.14 04:34:59,scan_executed_new_execution_bar,USDJPY,2025.03.14 04:15:00,0,
2025.03.14 04:39:59,scan_skipped_same_execution_bar,USDJPY,2025.03.14 04:15:00,0,
2025.03.14 04:49:59,scan_executed_new_execution_bar,USDJPY,2025.03.14 04:30:00,16,
2025.03.14 04:54:59,scan_skipped_same_execution_bar,USDJPY,2025.03.14 04:30:00,0,
2025.03.14 05:04:59,scan_executed_new_execution_bar,USDJPY,2025.03.14 04:45:00,16,
2025.03.14 05:09:59,scan_skipped_same_execution_bar,USDJPY,2025.03.14 04:45:00,0,
2025.03.14 05:19:58,scan_executed_new_execution_bar,USDJPY,2025.03.14 05:00:00,0,
2025.03.14 05:24:59,scan_skipped_same_execution_bar,USDJPY,2025.03.14 05:00:00,0,
2025.03.14 05:34:59,scan_executed_new_execution_bar,USDJPY,2025.03.14 05:15:00,16,
2025.03.14 05:39:59,scan_skipped_same_execution_bar,USDJPY,2025.03.14 05:15:00,0,
2025.03.14 05:49:59,scan_executed_new_execution_bar,USDJPY,2025.03.14 05:30:00,0,
2025.03.14 05:54:58,scan_skipped_same_execution_bar,USDJPY,2025.03.14 05:30:00,0,
2025.03.14 06:04:59,scan_executed_new_execution_bar,USDJPY,2025.03.14 05:45:00,0,
2025.03.14 06:09:59,scan_skipped_same_execution_bar,USDJPY,2025.03.14 05:45:00,0,
2025.03.14 06:19:59,scan_executed_new_execution_bar,USDJPY,2025.03.14 06:00:00,0,
2025.03.14 06:24:59,scan_skipped_same_execution_bar,USDJPY,2025.03.14 06:00:00,0,
2025.03.14 06:34:59,scan_executed_new_execution_bar,USDJPY,2025.03.14 06:15:00,0,
2025.03.14 06:39:59,scan_skipped_same_execution_bar,USDJPY,2025.03.14 06:15:00,0,
2025.03.14 06:49:59,scan_executed_new_execution_bar,USDJPY,2025.03.14 06:30:00,16,
2025.03.14 06:54:59,scan_skipped_same_execution_bar,USDJPY,2025.03.14 06:30:00,0,
2025.03.14 07:04:59,scan_executed_new_execution_bar,USDJPY,2025.03.14 06:45:00,0,
2025.03.14 07:09:59,scan_skipped_same_execution_bar,USDJPY,2025.03.14 06:45:00,0,
2025.03.14 07:19:59,scan_executed_new_execution_bar,USDJPY,2025.03.14 07:00:00,0,
2025.03.14 07:24:59,scan_skipped_same_execution_bar,USDJPY,2025.03.14 07:00:00,0,
2025.03.14 07:34:59,scan_executed_new_execution_bar,USDJPY,2025.03.14 07:15:00,0,
2025.03.14 07:39:59,scan_skipped_same_execution_bar,USDJPY,2025.03.14 07:15:00,0,
2025.03.14 07:49:59,scan_executed_new_execution_bar,USDJPY,2025.03.14 07:30:00,0,
2025.03.14 07:54:59,scan_skipped_same_execution_bar,USDJPY,2025.03.14 07:30:00,0,
2025.03.14 08:04:59,scan_executed_new_execution_bar,USDJPY,2025.03.14 07:45:00,0,
2025.03.14 08:09:59,scan_skipped_same_execution_bar,USDJPY,2025.03.14 07:45:00,0,
2025.03.14 08:19:59,scan_executed_new_execution_bar,USDJPY,2025.03.14 08:00:00,0,
2025.03.14 08:24:59,scan_skipped_same_execution_bar,USDJPY,2025.03.14 08:00:00,0,
2025.03.14 08:34:59,scan_executed_new_execution_bar,USDJPY,2025.03.14 08:15:00,0,
2025.03.14 08:39:59,scan_skipped_same_execution_bar,USDJPY,2025.03.14 08:15:00,0,
2025.03.14 08:49:59,scan_executed_new_execution_bar,USDJPY,2025.03.14 08:30:00,0,
2025.03.14 08:54:59,scan_skipped_same_execution_bar,USDJPY,2025.03.14 08:30:00,0,
2025.03.14 09:04:59,scan_executed_new_execution_bar,USDJPY,2025.03.14 08:45:00,16,
2025.03.14 09:09:59,scan_skipped_same_execution_bar,USDJPY,2025.03.14 08:45:00,0,
2025.03.14 09:20:00,scan_executed_new_execution_bar,USDJPY,2025.03.14 09:00:00,0,
2025.03.14 09:24:59,scan_skipped_same_execution_bar,USDJPY,2025.03.14 09:00:00,0,
2025.03.14 09:34:59,scan_executed_new_execution_bar,USDJPY,2025.03.14 09:15:00,0,
2025.03.14 09:39:59,scan_skipped_same_execution_bar,USDJPY,2025.03.14 09:15:00,0,
2025.03.14 09:49:59,scan_executed_new_execution_bar,USDJPY,2025.03.14 09:30:00,16,
2025.03.14 09:54:59,scan_skipped_same_execution_bar,USDJPY,2025.03.14 09:30:00,0,
2025.03.14 10:04:59,scan_executed_new_execution_bar,USDJPY,2025.03.14 09:45:00,0,
2025.03.14 10:09:59,scan_skipped_same_execution_bar,USDJPY,2025.03.14 09:45:00,0,
2025.03.14 10:19:59,scan_executed_new_execution_bar,USDJPY,2025.03.14 10:00:00,0,
2025.03.14 10:24:59,scan_skipped_same_execution_bar,USDJPY,2025.03.14 10:00:00,0,
2025.03.14 10:34:59,scan_executed_new_execution_bar,USDJPY,2025.03.14 10:15:00,0,
2025.03.14 10:39:59,scan_skipped_same_execution_bar,USDJPY,2025.03.14 10:15:00,0,
2025.03.14 10:49:59,scan_executed_new_execution_bar,USDJPY,2025.03.14 10:30:00,15,
2025.03.14 10:54:59,scan_skipped_same_execution_bar,USDJPY,2025.03.14 10:30:00,0,
2025.03.14 11:05:00,scan_executed_new_execution_bar,USDJPY,2025.03.14 10:45:00,16,
2025.03.14 11:09:59,scan_skipped_same_execution_bar,USDJPY,2025.03.14 10:45:00,0,
2025.03.14 11:19:59,scan_executed_new_execution_bar,USDJPY,2025.03.14 11:00:00,15,
2025.03.14 11:24:59,scan_skipped_same_execution_bar,USDJPY,2025.03.14 11:00:00,0,
2025.03.14 11:34:59,scan_executed_new_execution_bar,USDJPY,2025.03.14 11:15:00,0,
2025.03.14 11:39:59,scan_skipped_same_execution_bar,USDJPY,2025.03.14 11:15:00,0,
2025.03.14 11:49:59,scan_executed_new_execution_bar,USDJPY,2025.03.14 11:30:00,16,
2025.03.14 11:54:59,scan_skipped_same_execution_bar,USDJPY,2025.03.14 11:30:00,0,
2025.03.14 12:04:59,scan_executed_new_execution_bar,USDJPY,2025.03.14 11:45:00,0,
2025.03.14 12:09:59,scan_skipped_same_execution_bar,USDJPY,2025.03.14 11:45:00,0,
2025.03.14 12:19:59,scan_executed_new_execution_bar,USDJPY,2025.03.14 12:00:00,16,
2025.03.14 12:24:59,scan_skipped_same_execution_bar,USDJPY,2025.03.14 12:00:00,0,
2025.03.14 12:34:59,scan_executed_new_execution_bar,USDJPY,2025.03.14 12:15:00,16,
2025.03.14 12:39:59,scan_skipped_same_execution_bar,USDJPY,2025.03.14 12:15:00,0,
2025.03.14 12:45:00,scan_executed_new_execution_bar,USDJPY,2025.03.14 12:30:00,0,
2025.03.14 12:49:59,scan_skipped_same_execution_bar,USDJPY,2025.03.14 12:30:00,0,
2025.03.14 13:04:59,scan_executed_new_execution_bar,USDJPY,2025.03.14 12:45:00,0,
2025.03.14 13:09:59,scan_skipped_same_execution_bar,USDJPY,2025.03.14 12:45:00,0,
2025.03.14 13:19:59,scan_executed_new_execution_bar,USDJPY,2025.03.14 13:00:00,31,
2025.03.14 13:24:59,scan_skipped_same_execution_bar,USDJPY,2025.03.14 13:00:00,0,
2025.03.14 13:34:59,scan_executed_new_execution_bar,USDJPY,2025.03.14 13:15:00,31,
2025.03.14 13:39:59,scan_skipped_same_execution_bar,USDJPY,2025.03.14 13:15:00,0,
2025.03.14 13:49:59,scan_executed_new_execution_bar,USDJPY,2025.03.14 13:30:00,15,
2025.03.14 13:54:59,scan_skipped_same_execution_bar,USDJPY,2025.03.14 13:30:00,0,
2025.03.14 14:04:59,scan_executed_new_execution_bar,USDJPY,2025.03.14 13:45:00,0,
2025.03.14 14:09:59,scan_skipped_same_execution_bar,USDJPY,2025.03.14 13:45:00,0,
2025.03.14 14:19:59,scan_executed_new_execution_bar,USDJPY,2025.03.14 14:00:00,31,
2025.03.14 14:24:59,scan_skipped_same_execution_bar,USDJPY,2025.03.14 14:00:00,0,
2025.03.14 14:34:59,scan_executed_new_execution_bar,USDJPY,2025.03.14 14:15:00,0,
2025.03.14 14:39:59,scan_skipped_same_execution_bar,USDJPY,2025.03.14 14:15:00,0,
2025.03.14 14:49:59,scan_executed_new_execution_bar,USDJPY,2025.03.14 14:30:00,32,
2025.03.14 14:54:59,scan_skipped_same_execution_bar,USDJPY,2025.03.14 14:30:00,0,
2025.03.14 15:04:59,scan_executed_new_execution_bar,USDJPY,2025.03.14 14:45:00,31,
2025.03.14 15:09:59,scan_skipped_same_execution_bar,USDJPY,2025.03.14 14:45:00,0,
2025.03.14 15:19:59,scan_executed_new_execution_bar,USDJPY,2025.03.14 15:00:00,0,
2025.03.14 15:24:59,scan_skipped_same_execution_bar,USDJPY,2025.03.14 15:00:00,0,
2025.03.14 15:34:59,scan_executed_new_execution_bar,USDJPY,2025.03.14 15:15:00,0,
2025.03.14 15:39:59,scan_skipped_same_execution_bar,USDJPY,2025.03.14 15:15:00,0,
2025.03.14 15:49:59,scan_executed_new_execution_bar,USDJPY,2025.03.14 15:30:00,47,
2025.03.14 15:54:59,scan_skipped_same_execution_bar,USDJPY,2025.03.14 15:30:00,0,
2025.03.14 16:04:59,scan_executed_new_execution_bar,USDJPY,2025.03.14 15:45:00,16,
2025.03.14 16:09:59,scan_skipped_same_execution_bar,USDJPY,2025.03.14 15:45:00,0,
2025.03.14 16:19:59,scan_executed_new_execution_bar,USDJPY,2025.03.14 16:00:00,16,
2025.03.14 16:24:59,scan_skipped_same_execution_bar,USDJPY,2025.03.14 16:00:00,0,
2025.03.14 16:34:59,scan_executed_new_execution_bar,USDJPY,2025.03.14 16:15:00,16,
2025.03.14 16:39:59,scan_skipped_same_execution_bar,USDJPY,2025.03.14 16:15:00,0,
2025.03.14 16:49:59,scan_executed_new_execution_bar,USDJPY,2025.03.14 16:30:00,0,
2025.03.14 16:54:59,scan_skipped_same_execution_bar,USDJPY,2025.03.14 16:30:00,0,
2025.03.14 17:04:59,scan_executed_new_execution_bar,USDJPY,2025.03.14 16:45:00,32,
2025.03.14 17:09:59,scan_skipped_same_execution_bar,USDJPY,2025.03.14 16:45:00,0,
2025.03.14 17:19:59,scan_executed_new_execution_bar,USDJPY,2025.03.14 17:00:00,15,
2025.03.14 17:24:59,scan_skipped_same_execution_bar,USDJPY,2025.03.14 17:00:00,0,
2025.03.14 17:34:59,scan_executed_new_execution_bar,USDJPY,2025.03.14 17:15:00,0,
2025.03.14 17:39:59,scan_skipped_same_execution_bar,USDJPY,2025.03.14 17:15:00,0,
2025.03.14 17:49:59,scan_executed_new_execution_bar,USDJPY,2025.03.14 17:30:00,0,
2025.03.14 17:54:59,scan_skipped_same_execution_bar,USDJPY,2025.03.14 17:30:00,0,
2025.03.14 18:04:59,scan_executed_new_execution_bar,USDJPY,2025.03.14 17:45:00,0,
2025.03.14 18:09:59,scan_skipped_same_execution_bar,USDJPY,2025.03.14 17:45:00,0,
2025.03.14 18:19:59,scan_executed_new_execution_bar,USDJPY,2025.03.14 18:00:00,0,
2025.03.14 18:24:59,scan_skipped_same_execution_bar,USDJPY,2025.03.14 18:00:00,0,
2025.03.14 18:34:59,scan_executed_new_execution_bar,USDJPY,2025.03.14 18:15:00,0,
2025.03.14 18:39:59,scan_skipped_same_execution_bar,USDJPY,2025.03.14 18:15:00,0,
2025.03.14 18:49:59,scan_executed_new_execution_bar,USDJPY,2025.03.14 18:30:00,0,
2025.03.14 18:54:59,scan_skipped_same_execution_bar,USDJPY,2025.03.14 18:30:00,0,
2025.03.14 19:04:59,scan_executed_new_execution_bar,USDJPY,2025.03.14 18:45:00,0,
2025.03.14 19:09:59,scan_skipped_same_execution_bar,USDJPY,2025.03.14 18:45:00,0,
2025.03.14 19:19:59,scan_executed_new_execution_bar,USDJPY,2025.03.14 19:00:00,0,
2025.03.14 19:24:59,scan_skipped_same_execution_bar,USDJPY,2025.03.14 19:00:00,0,
2025.03.14 19:34:59,scan_executed_new_execution_bar,USDJPY,2025.03.14 19:15:00,0,
2025.03.14 19:39:59,scan_skipped_same_execution_bar,USDJPY,2025.03.14 19:15:00,0,
2025.03.14 19:49:59,scan_executed_new_execution_bar,USDJPY,2025.03.14 19:30:00,16,
2025.03.14 19:54:59,scan_skipped_same_execution_bar,USDJPY,2025.03.14 19:30:00,0,
2025.03.14 20:04:59,scan_executed_new_execution_bar,USDJPY,2025.03.14 19:45:00,16,
2025.03.14 20:09:59,scan_skipped_same_execution_bar,USDJPY,2025.03.14 19:45:00,0,
2025.03.14 20:19:59,scan_executed_new_execution_bar,USDJPY,2025.03.14 20:00:00,32,
2025.03.14 20:24:59,scan_skipped_same_execution_bar,USDJPY,2025.03.14 20:00:00,0,
2025.03.14 20:34:59,scan_executed_new_execution_bar,USDJPY,2025.03.14 20:15:00,0,
2025.03.14 20:39:59,scan_skipped_same_execution_bar,USDJPY,2025.03.14 20:15:00,0,
2025.03.14 20:49:59,scan_executed_new_execution_bar,USDJPY,2025.03.14 20:30:00,0,
2025.03.14 20:54:59,scan_skipped_same_execution_bar,USDJPY,2025.03.14 20:30:00,0,
2025.03.14 21:04:59,scan_executed_new_execution_bar,USDJPY,2025.03.14 20:45:00,0,
2025.03.14 21:09:59,scan_skipped_same_execution_bar,USDJPY,2025.03.14 20:45:00,0,
2025.03.14 21:19:59,scan_executed_new_execution_bar,USDJPY,2025.03.14 21:00:00,0,
2025.03.14 21:24:59,scan_skipped_same_execution_bar,USDJPY,2025.03.14 21:00:00,0,
2025.03.14 21:34:59,scan_executed_new_execution_bar,USDJPY,2025.03.14 21:15:00,0,
2025.03.14 21:39:59,scan_skipped_same_execution_bar,USDJPY,2025.03.14 21:15:00,0,
2025.03.14 21:49:59,scan_executed_new_execution_bar,USDJPY,2025.03.14 21:30:00,0,
2025.03.14 21:54:59,scan_skipped_same_execution_bar,USDJPY,2025.03.14 21:30:00,0,
2025.03.14 22:04:59,scan_executed_new_execution_bar,USDJPY,2025.03.14 21:45:00,0,
2025.03.14 22:09:59,scan_skipped_same_execution_bar,USDJPY,2025.03.14 21:45:00,0,
2025.03.14 22:19:59,scan_executed_new_execution_bar,USDJPY,2025.03.14 22:00:00,0,
2025.03.14 22:24:59,scan_skipped_same_execution_bar,USDJPY,2025.03.14 22:00:00,0,
2025.03.14 22:34:59,scan_executed_new_execution_bar,USDJPY,2025.03.14 22:15:00,0,
2025.03.14 22:39:59,scan_skipped_same_execution_bar,USDJPY,2025.03.14 22:15:00,0,
2025.03.14 22:49:59,scan_executed_new_execution_bar,USDJPY,2025.03.14 22:30:00,0,
2025.03.14 22:54:59,scan_skipped_same_execution_bar,USDJPY,2025.03.14 22:30:00,0,
2025.03.14 23:04:58,scan_executed_new_execution_bar,USDJPY,2025.03.14 22:45:00,0,
2025.03.14 23:09:58,scan_skipped_same_execution_bar,USDJPY,2025.03.14 22:45:00,0,
2025.03.14 23:19:59,scan_executed_new_execution_bar,USDJPY,2025.03.14 23:00:00,0,
2025.03.14 23:24:58,scan_skipped_same_execution_bar,USDJPY,2025.03.14 23:00:00,0,
2025.03.14 23:34:59,scan_executed_new_execution_bar,USDJPY,2025.03.14 23:15:00,0,
2025.03.14 23:39:59,scan_skipped_same_execution_bar,USDJPY,2025.03.14 23:15:00,0,
2025.03.14 23:49:59,scan_executed_new_execution_bar,USDJPY,2025.03.14 23:30:00,0,
2025.03.14 23:54:59,scan_skipped_same_execution_bar,USDJPY,2025.03.14 23:30:00,0,
2025.03.17 00:04:58,scan_executed_new_execution_bar,USDJPY,2025.03.14 23:45:00,0,
2025.03.17 00:09:58,scan_skipped_same_execution_bar,USDJPY,2025.03.14 23:45:00,0,
2025.03.17 00:19:59,scan_executed_new_execution_bar,USDJPY,2025.03.17 00:00:00,0,
2025.03.17 00:24:58,scan_skipped_same_execution_bar,USDJPY,2025.03.17 00:00:00,0,
2025.03.17 00:34:59,scan_executed_new_execution_bar,USDJPY,2025.03.17 00:15:00,0,
2025.03.17 00:39:57,scan_skipped_same_execution_bar,USDJPY,2025.03.17 00:15:00,0,
2025.03.17 00:49:59,scan_executed_new_execution_bar,USDJPY,2025.03.17 00:30:00,0,
2025.03.17 00:54:59,scan_skipped_same_execution_bar,USDJPY,2025.03.17 00:30:00,0,
2025.03.17 01:04:58,scan_executed_new_execution_bar,USDJPY,2025.03.17 00:45:00,0,
2025.03.17 01:09:57,scan_skipped_same_execution_bar,USDJPY,2025.03.17 00:45:00,0,
2025.03.17 01:19:59,scan_executed_new_execution_bar,USDJPY,2025.03.17 01:00:00,0,
2025.03.17 01:24:59,scan_skipped_same_execution_bar,USDJPY,2025.03.17 01:00:00,0,
2025.03.17 01:34:59,scan_executed_new_execution_bar,USDJPY,2025.03.17 01:15:00,0,
2025.03.17 01:39:59,scan_skipped_same_execution_bar,USDJPY,2025.03.17 01:15:00,0,
2025.03.17 01:49:59,scan_executed_new_execution_bar,USDJPY,2025.03.17 01:30:00,0,
2025.03.17 01:54:59,scan_skipped_same_execution_bar,USDJPY,2025.03.17 01:30:00,0,
2025.03.17 02:04:59,scan_executed_new_execution_bar,USDJPY,2025.03.17 01:45:00,16,
2025.03.17 02:09:59,scan_skipped_same_execution_bar,USDJPY,2025.03.17 01:45:00,0,
2025.03.17 02:19:59,scan_executed_new_execution_bar,USDJPY,2025.03.17 02:00:00,0,
2025.03.17 02:24:59,scan_skipped_same_execution_bar,USDJPY,2025.03.17 02:00:00,0,
2025.03.17 02:34:59,scan_executed_new_execution_bar,USDJPY,2025.03.17 02:15:00,0,
2025.03.17 02:39:59,scan_skipped_same_execution_bar,USDJPY,2025.03.17 02:15:00,0,
2025.03.17 02:49:59,scan_executed_new_execution_bar,USDJPY,2025.03.17 02:30:00,0,
2025.03.17 02:54:59,scan_skipped_same_execution_bar,USDJPY,2025.03.17 02:30:00,0,
2025.03.17 03:04:59,scan_executed_new_execution_bar,USDJPY,2025.03.17 02:45:00,0,
2025.03.17 03:09:59,scan_skipped_same_execution_bar,USDJPY,2025.03.17 02:45:00,0,
2025.03.17 03:19:59,scan_executed_new_execution_bar,USDJPY,2025.03.17 03:00:00,0,
2025.03.17 03:24:59,scan_skipped_same_execution_bar,USDJPY,2025.03.17 03:00:00,0,
2025.03.17 03:34:59,scan_executed_new_execution_bar,USDJPY,2025.03.17 03:15:00,0,
2025.03.17 03:39:59,scan_skipped_same_execution_bar,USDJPY,2025.03.17 03:15:00,0,
2025.03.17 03:49:58,scan_executed_new_execution_bar,USDJPY,2025.03.17 03:30:00,0,
2025.03.17 03:54:59,scan_skipped_same_execution_bar,USDJPY,2025.03.17 03:30:00,0,
2025.03.17 04:04:59,scan_executed_new_execution_bar,USDJPY,2025.03.17 03:45:00,0,
2025.03.17 04:09:59,scan_skipped_same_execution_bar,USDJPY,2025.03.17 03:45:00,0,
2025.03.17 04:19:59,scan_executed_new_execution_bar,USDJPY,2025.03.17 04:00:00,0,
2025.03.17 04:24:59,scan_skipped_same_execution_bar,USDJPY,2025.03.17 04:00:00,0,
2025.03.17 04:34:59,scan_executed_new_execution_bar,USDJPY,2025.03.17 04:15:00,16,
2025.03.17 04:39:59,scan_skipped_same_execution_bar,USDJPY,2025.03.17 04:15:00,0,
2025.03.17 04:49:59,scan_executed_new_execution_bar,USDJPY,2025.03.17 04:30:00,0,
2025.03.17 04:54:59,scan_skipped_same_execution_bar,USDJPY,2025.03.17 04:30:00,0,
2025.03.17 05:04:59,scan_executed_new_execution_bar,USDJPY,2025.03.17 04:45:00,16,
2025.03.17 05:09:59,scan_skipped_same_execution_bar,USDJPY,2025.03.17 04:45:00,0,
2025.03.17 05:19:59,scan_executed_new_execution_bar,USDJPY,2025.03.17 05:00:00,31,
2025.03.17 05:24:59,scan_skipped_same_execution_bar,USDJPY,2025.03.17 05:00:00,0,
2025.03.17 05:34:58,scan_executed_new_execution_bar,USDJPY,2025.03.17 05:15:00,0,
2025.03.17 05:39:59,scan_skipped_same_execution_bar,USDJPY,2025.03.17 05:15:00,0,
2025.03.17 05:49:59,scan_executed_new_execution_bar,USDJPY,2025.03.17 05:30:00,15,
2025.03.17 05:54:59,scan_skipped_same_execution_bar,USDJPY,2025.03.17 05:30:00,0,
2025.03.17 06:04:59,scan_executed_new_execution_bar,USDJPY,2025.03.17 05:45:00,31,
2025.03.17 06:09:59,scan_skipped_same_execution_bar,USDJPY,2025.03.17 05:45:00,0,
2025.03.17 06:20:00,scan_executed_new_execution_bar,USDJPY,2025.03.17 06:00:00,15,
2025.03.17 06:24:59,scan_skipped_same_execution_bar,USDJPY,2025.03.17 06:00:00,0,
2025.03.17 06:34:59,scan_executed_new_execution_bar,USDJPY,2025.03.17 06:15:00,32,
2025.03.17 06:39:59,scan_skipped_same_execution_bar,USDJPY,2025.03.17 06:15:00,0,
2025.03.17 06:49:59,scan_executed_new_execution_bar,USDJPY,2025.03.17 06:30:00,0,
2025.03.17 06:54:59,scan_skipped_same_execution_bar,USDJPY,2025.03.17 06:30:00,0,
2025.03.17 07:04:59,scan_executed_new_execution_bar,USDJPY,2025.03.17 06:45:00,16,
2025.03.17 07:09:59,scan_skipped_same_execution_bar,USDJPY,2025.03.17 06:45:00,0,
2025.03.17 07:19:59,scan_executed_new_execution_bar,USDJPY,2025.03.17 07:00:00,0,
2025.03.17 07:24:58,scan_skipped_same_execution_bar,USDJPY,2025.03.17 07:00:00,0,
2025.03.17 07:34:59,scan_executed_new_execution_bar,USDJPY,2025.03.17 07:15:00,31,
2025.03.17 07:39:59,scan_skipped_same_execution_bar,USDJPY,2025.03.17 07:15:00,0,
2025.03.17 07:49:58,scan_executed_new_execution_bar,USDJPY,2025.03.17 07:30:00,0,
2025.03.17 07:54:59,scan_skipped_same_execution_bar,USDJPY,2025.03.17 07:30:00,0,
2025.03.17 08:04:59,scan_executed_new_execution_bar,USDJPY,2025.03.17 07:45:00,0,
2025.03.17 08:09:59,scan_skipped_same_execution_bar,USDJPY,2025.03.17 07:45:00,0,
2025.03.17 08:19:59,scan_executed_new_execution_bar,USDJPY,2025.03.17 08:00:00,0,
2025.03.17 08:24:59,scan_skipped_same_execution_bar,USDJPY,2025.03.17 08:00:00,0,
2025.03.17 08:34:59,scan_executed_new_execution_bar,USDJPY,2025.03.17 08:15:00,0,
2025.03.17 08:39:59,scan_skipped_same_execution_bar,USDJPY,2025.03.17 08:15:00,0,
2025.03.17 08:49:59,scan_executed_new_execution_bar,USDJPY,2025.03.17 08:30:00,0,
2025.03.17 08:54:59,scan_skipped_same_execution_bar,USDJPY,2025.03.17 08:30:00,0,
2025.03.17 09:04:59,scan_executed_new_execution_bar,USDJPY,2025.03.17 08:45:00,0,
2025.03.17 09:09:59,scan_skipped_same_execution_bar,USDJPY,2025.03.17 08:45:00,0,
2025.03.17 09:19:59,scan_executed_new_execution_bar,USDJPY,2025.03.17 09:00:00,0,
2025.03.17 09:24:59,scan_skipped_same_execution_bar,USDJPY,2025.03.17 09:00:00,0,
2025.03.17 09:34:58,scan_executed_new_execution_bar,USDJPY,2025.03.17 09:15:00,15,
2025.03.17 09:39:59,scan_skipped_same_execution_bar,USDJPY,2025.03.17 09:15:00,0,
2025.03.17 09:49:59,scan_executed_new_execution_bar,USDJPY,2025.03.17 09:30:00,0,
2025.03.17 09:54:59,scan_skipped_same_execution_bar,USDJPY,2025.03.17 09:30:00,0,
2025.03.17 10:04:59,scan_executed_new_execution_bar,USDJPY,2025.03.17 09:45:00,0,
2025.03.17 10:09:59,scan_skipped_same_execution_bar,USDJPY,2025.03.17 09:45:00,0,
2025.03.17 10:19:59,scan_executed_new_execution_bar,USDJPY,2025.03.17 10:00:00,0,
2025.03.17 10:24:59,scan_skipped_same_execution_bar,USDJPY,2025.03.17 10:00:00,0,
2025.03.17 10:34:59,scan_executed_new_execution_bar,USDJPY,2025.03.17 10:15:00,0,
2025.03.17 10:39:59,scan_skipped_same_execution_bar,USDJPY,2025.03.17 10:15:00,0,
2025.03.17 10:49:59,scan_executed_new_execution_bar,USDJPY,2025.03.17 10:30:00,0,
2025.03.17 10:54:59,scan_skipped_same_execution_bar,USDJPY,2025.03.17 10:30:00,0,
2025.03.17 11:04:59,scan_executed_new_execution_bar,USDJPY,2025.03.17 10:45:00,0,
2025.03.17 11:09:59,scan_skipped_same_execution_bar,USDJPY,2025.03.17 10:45:00,0,
2025.03.17 11:19:59,scan_executed_new_execution_bar,USDJPY,2025.03.17 11:00:00,0,
2025.03.17 11:24:59,scan_skipped_same_execution_bar,USDJPY,2025.03.17 11:00:00,0,
2025.03.17 11:34:59,scan_executed_new_execution_bar,USDJPY,2025.03.17 11:15:00,0,
2025.03.17 11:39:59,scan_skipped_same_execution_bar,USDJPY,2025.03.17 11:15:00,0,
2025.03.17 11:49:59,scan_executed_new_execution_bar,USDJPY,2025.03.17 11:30:00,0,
2025.03.17 11:54:59,scan_skipped_same_execution_bar,USDJPY,2025.03.17 11:30:00,0,
2025.03.17 12:04:59,scan_executed_new_execution_bar,USDJPY,2025.03.17 11:45:00,0,
2025.03.17 12:09:59,scan_skipped_same_execution_bar,USDJPY,2025.03.17 11:45:00,0,
2025.03.17 12:19:59,scan_executed_new_execution_bar,USDJPY,2025.03.17 12:00:00,32,
2025.03.17 12:24:59,scan_skipped_same_execution_bar,USDJPY,2025.03.17 12:00:00,0,
2025.03.17 12:34:59,scan_executed_new_execution_bar,USDJPY,2025.03.17 12:15:00,0,
2025.03.17 12:39:59,scan_skipped_same_execution_bar,USDJPY,2025.03.17 12:15:00,0,
2025.03.17 12:49:59,scan_executed_new_execution_bar,USDJPY,2025.03.17 12:30:00,15,
2025.03.17 12:54:59,scan_skipped_same_execution_bar,USDJPY,2025.03.17 12:30:00,0,
2025.03.17 13:04:59,scan_executed_new_execution_bar,USDJPY,2025.03.17 12:45:00,0,
2025.03.17 13:09:59,scan_skipped_same_execution_bar,USDJPY,2025.03.17 12:45:00,0,
2025.03.17 13:19:59,scan_executed_new_execution_bar,USDJPY,2025.03.17 13:00:00,0,
2025.03.17 13:24:59,scan_skipped_same_execution_bar,USDJPY,2025.03.17 13:00:00,0,
2025.03.17 13:34:59,scan_executed_new_execution_bar,USDJPY,2025.03.17 13:15:00,0,
2025.03.17 13:39:59,scan_skipped_same_execution_bar,USDJPY,2025.03.17 13:15:00,0,
2025.03.17 13:49:59,scan_executed_new_execution_bar,USDJPY,2025.03.17 13:30:00,16,
2025.03.17 13:54:59,scan_skipped_same_execution_bar,USDJPY,2025.03.17 13:30:00,0,
2025.03.17 14:04:59,scan_executed_new_execution_bar,USDJPY,2025.03.17 13:45:00,0,
2025.03.17 14:09:59,scan_skipped_same_execution_bar,USDJPY,2025.03.17 13:45:00,0,
2025.03.17 14:19:59,scan_executed_new_execution_bar,USDJPY,2025.03.17 14:00:00,15,
2025.03.17 14:24:59,scan_skipped_same_execution_bar,USDJPY,2025.03.17 14:00:00,0,
2025.03.17 14:34:59,scan_executed_new_execution_bar,USDJPY,2025.03.17 14:15:00,31,
2025.03.17 14:39:59,scan_skipped_same_execution_bar,USDJPY,2025.03.17 14:15:00,0,
2025.03.17 14:49:59,scan_executed_new_execution_bar,USDJPY,2025.03.17 14:30:00,0,
2025.03.17 14:54:59,scan_skipped_same_execution_bar,USDJPY,2025.03.17 14:30:00,0,
2025.03.17 15:04:59,scan_executed_new_execution_bar,USDJPY,2025.03.17 14:45:00,0,
2025.03.17 15:09:59,scan_skipped_same_execution_bar,USDJPY,2025.03.17 14:45:00,0,
2025.03.17 15:19:58,scan_executed_new_execution_bar,USDJPY,2025.03.17 15:00:00,0,
2025.03.17 15:24:59,scan_skipped_same_execution_bar,USDJPY,2025.03.17 15:00:00,0,
2025.03.17 15:34:59,scan_executed_new_execution_bar,USDJPY,2025.03.17 15:15:00,0,
2025.03.17 15:39:59,scan_skipped_same_execution_bar,USDJPY,2025.03.17 15:15:00,0,
2025.03.17 15:49:59,scan_executed_new_execution_bar,USDJPY,2025.03.17 15:30:00,0,
2025.03.17 15:54:59,scan_skipped_same_execution_bar,USDJPY,2025.03.17 15:30:00,0,
2025.03.17 16:04:59,scan_executed_new_execution_bar,USDJPY,2025.03.17 15:45:00,0,
2025.03.17 16:09:59,scan_skipped_same_execution_bar,USDJPY,2025.03.17 15:45:00,0,
2025.03.17 16:19:59,scan_executed_new_execution_bar,USDJPY,2025.03.17 16:00:00,0,
2025.03.17 16:24:59,scan_skipped_same_execution_bar,USDJPY,2025.03.17 16:00:00,0,
2025.03.17 16:34:59,scan_executed_new_execution_bar,USDJPY,2025.03.17 16:15:00,0,
2025.03.17 16:39:59,scan_skipped_same_execution_bar,USDJPY,2025.03.17 16:15:00,0,
2025.03.17 16:49:59,scan_executed_new_execution_bar,USDJPY,2025.03.17 16:30:00,0,
2025.03.17 16:54:59,scan_skipped_same_execution_bar,USDJPY,2025.03.17 16:30:00,0,
2025.03.17 17:04:59,scan_executed_new_execution_bar,USDJPY,2025.03.17 16:45:00,46,
2025.03.17 17:09:59,scan_skipped_same_execution_bar,USDJPY,2025.03.17 16:45:00,0,
2025.03.17 17:19:59,scan_executed_new_execution_bar,USDJPY,2025.03.17 17:00:00,16,
2025.03.17 17:24:59,scan_skipped_same_execution_bar,USDJPY,2025.03.17 17:00:00,0,
2025.03.17 17:34:59,scan_executed_new_execution_bar,USDJPY,2025.03.17 17:15:00,0,
2025.03.17 17:39:59,scan_skipped_same_execution_bar,USDJPY,2025.03.17 17:15:00,0,
2025.03.17 17:49:59,scan_executed_new_execution_bar,USDJPY,2025.03.17 17:30:00,0,
2025.03.17 17:54:59,scan_skipped_same_execution_bar,USDJPY,2025.03.17 17:30:00,0,
2025.03.17 18:04:59,scan_executed_new_execution_bar,USDJPY,2025.03.17 17:45:00,0,
2025.03.17 18:09:59,scan_skipped_same_execution_bar,USDJPY,2025.03.17 17:45:00,0,
2025.03.17 18:19:59,scan_executed_new_execution_bar,USDJPY,2025.03.17 18:00:00,0,
2025.03.17 18:24:59,scan_skipped_same_execution_bar,USDJPY,2025.03.17 18:00:00,0,
2025.03.17 18:34:59,scan_executed_new_execution_bar,USDJPY,2025.03.17 18:15:00,31,
2025.03.17 18:39:59,scan_skipped_same_execution_bar,USDJPY,2025.03.17 18:15:00,0,
2025.03.17 18:49:59,scan_executed_new_execution_bar,USDJPY,2025.03.17 18:30:00,16,
2025.03.17 18:54:59,scan_skipped_same_execution_bar,USDJPY,2025.03.17 18:30:00,0,
2025.03.17 19:04:59,scan_executed_new_execution_bar,USDJPY,2025.03.17 18:45:00,16,
2025.03.17 19:09:59,scan_skipped_same_execution_bar,USDJPY,2025.03.17 18:45:00,0,
2025.03.17 19:19:59,scan_executed_new_execution_bar,USDJPY,2025.03.17 19:00:00,0,
2025.03.17 19:24:59,scan_skipped_same_execution_bar,USDJPY,2025.03.17 19:00:00,0,
2025.03.17 19:34:59,scan_executed_new_execution_bar,USDJPY,2025.03.17 19:15:00,0,
2025.03.17 19:39:59,scan_skipped_same_execution_bar,USDJPY,2025.03.17 19:15:00,0,
2025.03.17 19:49:59,scan_executed_new_execution_bar,USDJPY,2025.03.17 19:30:00,0,
2025.03.17 19:54:59,scan_skipped_same_execution_bar,USDJPY,2025.03.17 19:30:00,0,
2025.03.17 20:04:59,scan_executed_new_execution_bar,USDJPY,2025.03.17 19:45:00,0,
2025.03.17 20:09:59,scan_skipped_same_execution_bar,USDJPY,2025.03.17 19:45:00,0,
2025.03.17 20:19:59,scan_executed_new_execution_bar,USDJPY,2025.03.17 20:00:00,0,
2025.03.17 20:24:59,scan_skipped_same_execution_bar,USDJPY,2025.03.17 20:00:00,0,
2025.03.17 20:34:59,scan_executed_new_execution_bar,USDJPY,2025.03.17 20:15:00,0,
2025.03.17 20:39:59,scan_skipped_same_execution_bar,USDJPY,2025.03.17 20:15:00,0,
2025.03.17 20:49:59,scan_executed_new_execution_bar,USDJPY,2025.03.17 20:30:00,0,
2025.03.17 20:54:59,scan_skipped_same_execution_bar,USDJPY,2025.03.17 20:30:00,0,
2025.03.17 21:04:59,scan_executed_new_execution_bar,USDJPY,2025.03.17 20:45:00,0,
2025.03.17 21:09:59,scan_skipped_same_execution_bar,USDJPY,2025.03.17 20:45:00,0,
2025.03.17 21:19:59,scan_executed_new_execution_bar,USDJPY,2025.03.17 21:00:00,0,
2025.03.17 21:24:59,scan_skipped_same_execution_bar,USDJPY,2025.03.17 21:00:00,0,
2025.03.17 21:34:59,scan_executed_new_execution_bar,USDJPY,2025.03.17 21:15:00,0,
2025.03.17 21:39:59,scan_skipped_same_execution_bar,USDJPY,2025.03.17 21:15:00,0,
2025.03.17 21:49:59,scan_executed_new_execution_bar,USDJPY,2025.03.17 21:30:00,0,
2025.03.17 21:54:59,scan_skipped_same_execution_bar,USDJPY,2025.03.17 21:30:00,0,
2025.03.17 22:04:59,scan_executed_new_execution_bar,USDJPY,2025.03.17 21:45:00,0,
2025.03.17 22:09:59,scan_skipped_same_execution_bar,USDJPY,2025.03.17 21:45:00,0,
2025.03.17 22:19:59,scan_executed_new_execution_bar,USDJPY,2025.03.17 22:00:00,16,
2025.03.17 22:24:59,scan_skipped_same_execution_bar,USDJPY,2025.03.17 22:00:00,0,
2025.03.17 22:34:59,scan_executed_new_execution_bar,USDJPY,2025.03.17 22:15:00,0,
2025.03.17 22:39:59,scan_skipped_same_execution_bar,USDJPY,2025.03.17 22:15:00,0,
2025.03.17 22:49:59,scan_executed_new_execution_bar,USDJPY,2025.03.17 22:30:00,15,
2025.03.17 22:54:59,scan_skipped_same_execution_bar,USDJPY,2025.03.17 22:30:00,0,
2025.03.17 23:04:59,scan_executed_new_execution_bar,USDJPY,2025.03.17 22:45:00,31,
2025.03.17 23:10:00,scan_skipped_same_execution_bar,USDJPY,2025.03.17 22:45:00,0,
2025.03.17 23:19:59,scan_executed_new_execution_bar,USDJPY,2025.03.17 23:00:00,15,
2025.03.17 23:24:59,scan_skipped_same_execution_bar,USDJPY,2025.03.17 23:00:00,0,
2025.03.17 23:34:59,scan_executed_new_execution_bar,USDJPY,2025.03.17 23:15:00,0,
2025.03.17 23:39:59,scan_skipped_same_execution_bar,USDJPY,2025.03.17 23:15:00,0,
2025.03.17 23:49:59,scan_executed_new_execution_bar,USDJPY,2025.03.17 23:30:00,15,
2025.03.17 23:54:59,scan_skipped_same_execution_bar,USDJPY,2025.03.17 23:30:00,0,
2025.03.18 00:04:59,scan_executed_new_execution_bar,USDJPY,2025.03.17 23:45:00,0,
2025.03.18 00:09:57,scan_skipped_same_execution_bar,USDJPY,2025.03.17 23:45:00,0,
2025.03.18 00:19:59,scan_executed_new_execution_bar,USDJPY,2025.03.18 00:00:00,0,
2025.03.18 00:24:59,scan_skipped_same_execution_bar,USDJPY,2025.03.18 00:00:00,0,
2025.03.18 00:34:59,scan_executed_new_execution_bar,USDJPY,2025.03.18 00:15:00,0,
2025.03.18 00:39:59,scan_skipped_same_execution_bar,USDJPY,2025.03.18 00:15:00,0,
2025.03.18 00:49:58,scan_executed_new_execution_bar,USDJPY,2025.03.18 00:30:00,0,
2025.03.18 00:54:56,scan_skipped_same_execution_bar,USDJPY,2025.03.18 00:30:00,0,
2025.03.18 01:04:56,scan_executed_new_execution_bar,USDJPY,2025.03.18 00:45:00,0,
2025.03.18 01:09:58,scan_skipped_same_execution_bar,USDJPY,2025.03.18 00:45:00,0,
2025.03.18 01:19:59,scan_executed_new_execution_bar,USDJPY,2025.03.18 01:00:00,0,
2025.03.18 01:24:59,scan_skipped_same_execution_bar,USDJPY,2025.03.18 01:00:00,0,
2025.03.18 01:34:59,scan_executed_new_execution_bar,USDJPY,2025.03.18 01:15:00,16,
2025.03.18 01:39:59,scan_skipped_same_execution_bar,USDJPY,2025.03.18 01:15:00,0,
2025.03.18 01:49:59,scan_executed_new_execution_bar,USDJPY,2025.03.18 01:30:00,0,
2025.03.18 01:54:59,scan_skipped_same_execution_bar,USDJPY,2025.03.18 01:30:00,0,
2025.03.18 02:04:58,scan_executed_new_execution_bar,USDJPY,2025.03.18 01:45:00,0,
2025.03.18 02:09:59,scan_skipped_same_execution_bar,USDJPY,2025.03.18 01:45:00,0,
2025.03.18 02:19:59,scan_executed_new_execution_bar,USDJPY,2025.03.18 02:00:00,0,
2025.03.18 02:24:59,scan_skipped_same_execution_bar,USDJPY,2025.03.18 02:00:00,0,
2025.03.18 02:34:59,scan_executed_new_execution_bar,USDJPY,2025.03.18 02:15:00,0,
2025.03.18 02:39:58,scan_skipped_same_execution_bar,USDJPY,2025.03.18 02:15:00,0,
2025.03.18 02:49:57,scan_executed_new_execution_bar,USDJPY,2025.03.18 02:30:00,0,
2025.03.18 02:54:59,scan_skipped_same_execution_bar,USDJPY,2025.03.18 02:30:00,0,
2025.03.18 03:04:59,scan_executed_new_execution_bar,USDJPY,2025.03.18 02:45:00,0,
2025.03.18 03:09:59,scan_skipped_same_execution_bar,USDJPY,2025.03.18 02:45:00,0,
2025.03.18 03:19:59,scan_executed_new_execution_bar,USDJPY,2025.03.18 03:00:00,16,
2025.03.18 03:24:59,scan_skipped_same_execution_bar,USDJPY,2025.03.18 03:00:00,0,
2025.03.18 03:34:59,scan_executed_new_execution_bar,USDJPY,2025.03.18 03:15:00,16,
2025.03.18 03:39:59,scan_skipped_same_execution_bar,USDJPY,2025.03.18 03:15:00,0,
2025.03.18 03:49:59,scan_executed_new_execution_bar,USDJPY,2025.03.18 03:30:00,0,
2025.03.18 03:54:59,scan_skipped_same_execution_bar,USDJPY,2025.03.18 03:30:00,0,
2025.03.18 04:04:59,scan_executed_new_execution_bar,USDJPY,2025.03.18 03:45:00,0,
2025.03.18 04:10:00,scan_skipped_same_execution_bar,USDJPY,2025.03.18 03:45:00,0,
2025.03.18 04:19:59,scan_executed_new_execution_bar,USDJPY,2025.03.18 04:00:00,0,
2025.03.18 04:24:59,scan_skipped_same_execution_bar,USDJPY,2025.03.18 04:00:00,0,
2025.03.18 04:35:00,scan_executed_new_execution_bar,USDJPY,2025.03.18 04:15:00,0,
2025.03.18 04:39:59,scan_skipped_same_execution_bar,USDJPY,2025.03.18 04:15:00,0,
2025.03.18 04:49:59,scan_executed_new_execution_bar,USDJPY,2025.03.18 04:30:00,0,
2025.03.18 04:54:59,scan_skipped_same_execution_bar,USDJPY,2025.03.18 04:30:00,0,
2025.03.18 05:04:59,scan_executed_new_execution_bar,USDJPY,2025.03.18 04:45:00,15,
2025.03.18 05:09:59,scan_skipped_same_execution_bar,USDJPY,2025.03.18 04:45:00,0,
2025.03.18 05:19:59,scan_executed_new_execution_bar,USDJPY,2025.03.18 05:00:00,0,
2025.03.18 05:24:59,scan_skipped_same_execution_bar,USDJPY,2025.03.18 05:00:00,0,
2025.03.18 05:34:59,scan_executed_new_execution_bar,USDJPY,2025.03.18 05:15:00,0,
2025.03.18 05:39:59,scan_skipped_same_execution_bar,USDJPY,2025.03.18 05:15:00,0,
2025.03.18 05:49:59,scan_executed_new_execution_bar,USDJPY,2025.03.18 05:30:00,0,
2025.03.18 05:54:59,scan_skipped_same_execution_bar,USDJPY,2025.03.18 05:30:00,0,
2025.03.18 06:04:59,scan_executed_new_execution_bar,USDJPY,2025.03.18 05:45:00,0,
2025.03.18 06:09:59,scan_skipped_same_execution_bar,USDJPY,2025.03.18 05:45:00,0,
2025.03.18 06:19:59,scan_executed_new_execution_bar,USDJPY,2025.03.18 06:00:00,0,
2025.03.18 06:24:58,scan_skipped_same_execution_bar,USDJPY,2025.03.18 06:00:00,0,
2025.03.18 06:34:59,scan_executed_new_execution_bar,USDJPY,2025.03.18 06:15:00,0,
2025.03.18 06:39:58,scan_skipped_same_execution_bar,USDJPY,2025.03.18 06:15:00,0,
2025.03.18 06:49:59,scan_executed_new_execution_bar,USDJPY,2025.03.18 06:30:00,0,
2025.03.18 06:54:59,scan_skipped_same_execution_bar,USDJPY,2025.03.18 06:30:00,0,
2025.03.18 07:04:59,scan_executed_new_execution_bar,USDJPY,2025.03.18 06:45:00,0,
2025.03.18 07:09:59,scan_skipped_same_execution_bar,USDJPY,2025.03.18 06:45:00,0,
2025.03.18 07:19:59,scan_executed_new_execution_bar,USDJPY,2025.03.18 07:00:00,16,
2025.03.18 07:24:59,scan_skipped_same_execution_bar,USDJPY,2025.03.18 07:00:00,0,
2025.03.18 07:34:58,scan_executed_new_execution_bar,USDJPY,2025.03.18 07:15:00,0,
2025.03.18 07:39:59,scan_skipped_same_execution_bar,USDJPY,2025.03.18 07:15:00,0,
2025.03.18 07:49:59,scan_executed_new_execution_bar,USDJPY,2025.03.18 07:30:00,31,
2025.03.18 07:54:59,scan_skipped_same_execution_bar,USDJPY,2025.03.18 07:30:00,0,
2025.03.18 08:04:59,scan_executed_new_execution_bar,USDJPY,2025.03.18 07:45:00,0,
2025.03.18 08:09:59,scan_skipped_same_execution_bar,USDJPY,2025.03.18 07:45:00,0,
2025.03.18 08:19:59,scan_executed_new_execution_bar,USDJPY,2025.03.18 08:00:00,0,
2025.03.18 08:24:59,scan_skipped_same_execution_bar,USDJPY,2025.03.18 08:00:00,0,
2025.03.18 08:34:59,scan_executed_new_execution_bar,USDJPY,2025.03.18 08:15:00,0,
2025.03.18 08:39:59,scan_skipped_same_execution_bar,USDJPY,2025.03.18 08:15:00,0,
2025.03.18 08:49:59,scan_executed_new_execution_bar,USDJPY,2025.03.18 08:30:00,0,
2025.03.18 08:54:59,scan_skipped_same_execution_bar,USDJPY,2025.03.18 08:30:00,0,
2025.03.18 09:04:59,scan_executed_new_execution_bar,USDJPY,2025.03.18 08:45:00,0,
2025.03.18 09:09:57,scan_skipped_same_execution_bar,USDJPY,2025.03.18 08:45:00,0,
2025.03.18 09:19:59,scan_executed_new_execution_bar,USDJPY,2025.03.18 09:00:00,0,
2025.03.18 09:24:59,scan_skipped_same_execution_bar,USDJPY,2025.03.18 09:00:00,0,
2025.03.18 09:34:59,scan_executed_new_execution_bar,USDJPY,2025.03.18 09:15:00,0,
2025.03.18 09:39:59,scan_skipped_same_execution_bar,USDJPY,2025.03.18 09:15:00,0,
2025.03.18 09:49:59,scan_executed_new_execution_bar,USDJPY,2025.03.18 09:30:00,0,
2025.03.18 09:54:59,scan_skipped_same_execution_bar,USDJPY,2025.03.18 09:30:00,0,
2025.03.18 10:04:59,scan_executed_new_execution_bar,USDJPY,2025.03.18 09:45:00,0,
2025.03.18 10:10:00,scan_skipped_same_execution_bar,USDJPY,2025.03.18 09:45:00,0,
2025.03.18 10:19:59,scan_executed_new_execution_bar,USDJPY,2025.03.18 10:00:00,0,
2025.03.18 10:24:59,scan_skipped_same_execution_bar,USDJPY,2025.03.18 10:00:00,0,
2025.03.18 10:34:59,scan_executed_new_execution_bar,USDJPY,2025.03.18 10:15:00,0,
2025.03.18 10:39:59,scan_skipped_same_execution_bar,USDJPY,2025.03.18 10:15:00,0,
2025.03.18 10:49:59,scan_executed_new_execution_bar,USDJPY,2025.03.18 10:30:00,0,
2025.03.18 10:54:58,scan_skipped_same_execution_bar,USDJPY,2025.03.18 10:30:00,0,
2025.03.18 11:04:59,scan_executed_new_execution_bar,USDJPY,2025.03.18 10:45:00,0,
2025.03.18 11:09:59,scan_skipped_same_execution_bar,USDJPY,2025.03.18 10:45:00,0,
2025.03.18 11:19:59,scan_executed_new_execution_bar,USDJPY,2025.03.18 11:00:00,0,
2025.03.18 11:24:59,scan_skipped_same_execution_bar,USDJPY,2025.03.18 11:00:00,0,
2025.03.18 11:34:59,scan_executed_new_execution_bar,USDJPY,2025.03.18 11:15:00,15,
2025.03.18 11:39:59,scan_skipped_same_execution_bar,USDJPY,2025.03.18 11:15:00,0,
2025.03.18 11:49:59,scan_executed_new_execution_bar,USDJPY,2025.03.18 11:30:00,16,
2025.03.18 11:54:59,scan_skipped_same_execution_bar,USDJPY,2025.03.18 11:30:00,0,
2025.03.18 12:04:59,scan_executed_new_execution_bar,USDJPY,2025.03.18 11:45:00,0,
2025.03.18 12:09:59,scan_skipped_same_execution_bar,USDJPY,2025.03.18 11:45:00,0,
2025.03.18 12:19:59,scan_executed_new_execution_bar,USDJPY,2025.03.18 12:00:00,46,
2025.03.18 12:24:59,scan_skipped_same_execution_bar,USDJPY,2025.03.18 12:00:00,0,
2025.03.18 12:34:59,scan_executed_new_execution_bar,USDJPY,2025.03.18 12:15:00,0,
2025.03.18 12:39:59,scan_skipped_same_execution_bar,USDJPY,2025.03.18 12:15:00,0,
2025.03.18 12:49:59,scan_executed_new_execution_bar,USDJPY,2025.03.18 12:30:00,0,
2025.03.18 12:54:59,scan_skipped_same_execution_bar,USDJPY,2025.03.18 12:30:00,0,
2025.03.18 13:04:59,scan_executed_new_execution_bar,USDJPY,2025.03.18 12:45:00,0,
2025.03.18 13:09:59,scan_skipped_same_execution_bar,USDJPY,2025.03.18 12:45:00,0,
2025.03.18 13:19:59,scan_executed_new_execution_bar,USDJPY,2025.03.18 13:00:00,16,
2025.03.18 13:24:59,scan_skipped_same_execution_bar,USDJPY,2025.03.18 13:00:00,0,
2025.03.18 13:34:59,scan_executed_new_execution_bar,USDJPY,2025.03.18 13:15:00,16,
2025.03.18 13:39:59,scan_skipped_same_execution_bar,USDJPY,2025.03.18 13:15:00,0,
2025.03.18 13:49:59,scan_executed_new_execution_bar,USDJPY,2025.03.18 13:30:00,0,
2025.03.18 13:54:59,scan_skipped_same_execution_bar,USDJPY,2025.03.18 13:30:00,0,
2025.03.18 14:04:59,scan_executed_new_execution_bar,USDJPY,2025.03.18 13:45:00,16,
2025.03.18 14:09:59,scan_skipped_same_execution_bar,USDJPY,2025.03.18 13:45:00,0,
2025.03.18 14:19:59,scan_executed_new_execution_bar,USDJPY,2025.03.18 14:00:00,0,
2025.03.18 14:24:59,scan_skipped_same_execution_bar,USDJPY,2025.03.18 14:00:00,0,
2025.03.18 14:34:59,scan_executed_new_execution_bar,USDJPY,2025.03.18 14:15:00,16,
2025.03.18 14:39:59,scan_skipped_same_execution_bar,USDJPY,2025.03.18 14:15:00,0,
2025.03.18 14:49:59,scan_executed_new_execution_bar,USDJPY,2025.03.18 14:30:00,0,
2025.03.18 14:54:59,scan_skipped_same_execution_bar,USDJPY,2025.03.18 14:30:00,0,
2025.03.18 15:04:59,scan_executed_new_execution_bar,USDJPY,2025.03.18 14:45:00,15,
2025.03.18 15:09:59,scan_skipped_same_execution_bar,USDJPY,2025.03.18 14:45:00,0,
2025.03.18 15:19:59,scan_executed_new_execution_bar,USDJPY,2025.03.18 15:00:00,0,
2025.03.18 15:24:59,scan_skipped_same_execution_bar,USDJPY,2025.03.18 15:00:00,0,
2025.03.18 15:34:59,scan_executed_new_execution_bar,USDJPY,2025.03.18 15:15:00,0,
2025.03.18 15:39:59,scan_skipped_same_execution_bar,USDJPY,2025.03.18 15:15:00,0,
2025.03.18 15:49:59,scan_executed_new_execution_bar,USDJPY,2025.03.18 15:30:00,0,
2025.03.18 15:54:59,scan_skipped_same_execution_bar,USDJPY,2025.03.18 15:30:00,0,
2025.03.18 16:04:59,scan_executed_new_execution_bar,USDJPY,2025.03.18 15:45:00,15,
2025.03.18 16:09:59,scan_skipped_same_execution_bar,USDJPY,2025.03.18 15:45:00,0,
2025.03.18 16:19:59,scan_executed_new_execution_bar,USDJPY,2025.03.18 16:00:00,0,
2025.03.18 16:24:59,scan_skipped_same_execution_bar,USDJPY,2025.03.18 16:00:00,0,
2025.03.18 16:34:59,scan_executed_new_execution_bar,USDJPY,2025.03.18 16:15:00,31,
2025.03.18 16:39:59,scan_skipped_same_execution_bar,USDJPY,2025.03.18 16:15:00,0,
2025.03.18 16:49:59,scan_executed_new_execution_bar,USDJPY,2025.03.18 16:30:00,0,
2025.03.18 16:54:59,scan_skipped_same_execution_bar,USDJPY,2025.03.18 16:30:00,0,
2025.03.18 17:04:59,scan_executed_new_execution_bar,USDJPY,2025.03.18 16:45:00,0,
2025.03.18 17:09:59,scan_skipped_same_execution_bar,USDJPY,2025.03.18 16:45:00,0,
2025.03.18 17:19:59,scan_executed_new_execution_bar,USDJPY,2025.03.18 17:00:00,0,
2025.03.18 17:24:59,scan_skipped_same_execution_bar,USDJPY,2025.03.18 17:00:00,0,
2025.03.18 17:34:59,scan_executed_new_execution_bar,USDJPY,2025.03.18 17:15:00,47,
2025.03.18 17:39:59,scan_skipped_same_execution_bar,USDJPY,2025.03.18 17:15:00,0,
2025.03.18 17:49:59,scan_executed_new_execution_bar,USDJPY,2025.03.18 17:30:00,47,
2025.03.18 17:54:59,scan_skipped_same_execution_bar,USDJPY,2025.03.18 17:30:00,0,
2025.03.18 18:04:59,scan_executed_new_execution_bar,USDJPY,2025.03.18 17:45:00,31,
2025.03.18 18:09:59,scan_skipped_same_execution_bar,USDJPY,2025.03.18 17:45:00,0,
2025.03.18 18:19:59,scan_executed_new_execution_bar,USDJPY,2025.03.18 18:00:00,0,
2025.03.18 18:24:59,scan_skipped_same_execution_bar,USDJPY,2025.03.18 18:00:00,0,
2025.03.18 18:34:59,scan_executed_new_execution_bar,USDJPY,2025.03.18 18:15:00,16,
2025.03.18 18:39:59,scan_skipped_same_execution_bar,USDJPY,2025.03.18 18:15:00,0,
2025.03.18 18:49:59,scan_executed_new_execution_bar,USDJPY,2025.03.18 18:30:00,31,
2025.03.18 18:54:59,scan_skipped_same_execution_bar,USDJPY,2025.03.18 18:30:00,0,
2025.03.18 19:04:59,scan_executed_new_execution_bar,USDJPY,2025.03.18 18:45:00,0,
2025.03.18 19:09:59,scan_skipped_same_execution_bar,USDJPY,2025.03.18 18:45:00,0,
2025.03.18 19:19:59,scan_executed_new_execution_bar,USDJPY,2025.03.18 19:00:00,31,
2025.03.18 19:24:59,scan_skipped_same_execution_bar,USDJPY,2025.03.18 19:00:00,0,
2025.03.18 19:34:59,scan_executed_new_execution_bar,USDJPY,2025.03.18 19:15:00,0,
2025.03.18 19:39:59,scan_skipped_same_execution_bar,USDJPY,2025.03.18 19:15:00,0,
2025.03.18 19:49:59,scan_executed_new_execution_bar,USDJPY,2025.03.18 19:30:00,0,
2025.03.18 19:54:59,scan_skipped_same_execution_bar,USDJPY,2025.03.18 19:30:00,0,
2025.03.18 20:04:59,scan_executed_new_execution_bar,USDJPY,2025.03.18 19:45:00,32,
2025.03.18 20:09:59,scan_skipped_same_execution_bar,USDJPY,2025.03.18 19:45:00,0,
2025.03.18 20:19:59,scan_executed_new_execution_bar,USDJPY,2025.03.18 20:00:00,16,
2025.03.18 20:24:59,scan_skipped_same_execution_bar,USDJPY,2025.03.18 20:00:00,0,
2025.03.18 20:34:59,scan_executed_new_execution_bar,USDJPY,2025.03.18 20:15:00,47,
2025.03.18 20:39:59,scan_skipped_same_execution_bar,USDJPY,2025.03.18 20:15:00,0,
2025.03.18 20:49:59,scan_executed_new_execution_bar,USDJPY,2025.03.18 20:30:00,0,
2025.03.18 20:54:59,scan_skipped_same_execution_bar,USDJPY,2025.03.18 20:30:00,0,
2025.03.18 21:04:59,scan_executed_new_execution_bar,USDJPY,2025.03.18 20:45:00,0,
2025.03.18 21:09:59,scan_skipped_same_execution_bar,USDJPY,2025.03.18 20:45:00,0,
2025.03.18 21:19:59,scan_executed_new_execution_bar,USDJPY,2025.03.18 21:00:00,15,
2025.03.18 21:24:59,scan_skipped_same_execution_bar,USDJPY,2025.03.18 21:00:00,0,
2025.03.18 21:34:59,scan_executed_new_execution_bar,USDJPY,2025.03.18 21:15:00,16,
2025.03.18 21:39:59,scan_skipped_same_execution_bar,USDJPY,2025.03.18 21:15:00,0,
2025.03.18 21:49:59,scan_executed_new_execution_bar,USDJPY,2025.03.18 21:30:00,16,
2025.03.18 21:54:59,scan_skipped_same_execution_bar,USDJPY,2025.03.18 21:30:00,0,
2025.03.18 22:04:59,scan_executed_new_execution_bar,USDJPY,2025.03.18 21:45:00,47,
2025.03.18 22:09:59,scan_skipped_same_execution_bar,USDJPY,2025.03.18 21:45:00,0,
2025.03.18 22:19:59,scan_executed_new_execution_bar,USDJPY,2025.03.18 22:00:00,0,
2025.03.18 22:24:59,scan_skipped_same_execution_bar,USDJPY,2025.03.18 22:00:00,0,
2025.03.18 22:34:59,scan_executed_new_execution_bar,USDJPY,2025.03.18 22:15:00,0,
2025.03.18 22:39:59,scan_skipped_same_execution_bar,USDJPY,2025.03.18 22:15:00,0,
2025.03.18 22:49:59,scan_executed_new_execution_bar,USDJPY,2025.03.18 22:30:00,15,
2025.03.18 22:54:59,scan_skipped_same_execution_bar,USDJPY,2025.03.18 22:30:00,0,
2025.03.18 23:04:59,scan_executed_new_execution_bar,USDJPY,2025.03.18 22:45:00,0,
2025.03.18 23:09:59,scan_skipped_same_execution_bar,USDJPY,2025.03.18 22:45:00,0,
2025.03.18 23:19:59,scan_executed_new_execution_bar,USDJPY,2025.03.18 23:00:00,0,
2025.03.18 23:24:59,scan_skipped_same_execution_bar,USDJPY,2025.03.18 23:00:00,0,
2025.03.18 23:34:59,scan_executed_new_execution_bar,USDJPY,2025.03.18 23:15:00,0,
2025.03.18 23:39:58,scan_skipped_same_execution_bar,USDJPY,2025.03.18 23:15:00,0,
2025.03.18 23:49:59,scan_executed_new_execution_bar,USDJPY,2025.03.18 23:30:00,0,
2025.03.18 23:54:59,scan_skipped_same_execution_bar,USDJPY,2025.03.18 23:30:00,0,
2025.03.19 00:04:58,scan_executed_new_execution_bar,USDJPY,2025.03.18 23:45:00,0,
2025.03.19 00:09:58,scan_skipped_same_execution_bar,USDJPY,2025.03.18 23:45:00,0,
2025.03.19 00:19:52,scan_executed_new_execution_bar,USDJPY,2025.03.19 00:00:00,0,
2025.03.19 00:24:58,scan_skipped_same_execution_bar,USDJPY,2025.03.19 00:00:00,0,
2025.03.19 00:34:59,scan_executed_new_execution_bar,USDJPY,2025.03.19 00:15:00,0,
2025.03.19 00:39:59,scan_skipped_same_execution_bar,USDJPY,2025.03.19 00:15:00,0,
2025.03.19 00:49:57,scan_executed_new_execution_bar,USDJPY,2025.03.19 00:30:00,0,
2025.03.19 00:54:59,scan_skipped_same_execution_bar,USDJPY,2025.03.19 00:30:00,0,
2025.03.19 01:04:58,scan_executed_new_execution_bar,USDJPY,2025.03.19 00:45:00,0,
2025.03.19 01:09:59,scan_skipped_same_execution_bar,USDJPY,2025.03.19 00:45:00,0,
2025.03.19 01:19:59,scan_executed_new_execution_bar,USDJPY,2025.03.19 01:00:00,0,
2025.03.19 01:24:58,scan_skipped_same_execution_bar,USDJPY,2025.03.19 01:00:00,0,
2025.03.19 01:34:59,scan_executed_new_execution_bar,USDJPY,2025.03.19 01:15:00,0,
2025.03.19 01:39:59,scan_skipped_same_execution_bar,USDJPY,2025.03.19 01:15:00,0,
2025.03.19 01:49:59,scan_executed_new_execution_bar,USDJPY,2025.03.19 01:30:00,0,
2025.03.19 01:54:58,scan_skipped_same_execution_bar,USDJPY,2025.03.19 01:30:00,0,
2025.03.19 02:04:59,scan_executed_new_execution_bar,USDJPY,2025.03.19 01:45:00,0,
2025.03.19 02:09:59,scan_skipped_same_execution_bar,USDJPY,2025.03.19 01:45:00,0,
2025.03.19 02:19:58,scan_executed_new_execution_bar,USDJPY,2025.03.19 02:00:00,0,
2025.03.19 02:24:58,scan_skipped_same_execution_bar,USDJPY,2025.03.19 02:00:00,0,
2025.03.19 02:34:59,scan_executed_new_execution_bar,USDJPY,2025.03.19 02:15:00,0,
2025.03.19 02:39:59,scan_skipped_same_execution_bar,USDJPY,2025.03.19 02:15:00,0,
2025.03.19 02:49:59,scan_executed_new_execution_bar,USDJPY,2025.03.19 02:30:00,0,
2025.03.19 02:54:59,scan_skipped_same_execution_bar,USDJPY,2025.03.19 02:30:00,0,
2025.03.19 03:04:59,scan_executed_new_execution_bar,USDJPY,2025.03.19 02:45:00,0,
2025.03.19 03:09:59,scan_skipped_same_execution_bar,USDJPY,2025.03.19 02:45:00,0,
2025.03.19 03:19:59,scan_executed_new_execution_bar,USDJPY,2025.03.19 03:00:00,0,
2025.03.19 03:24:59,scan_skipped_same_execution_bar,USDJPY,2025.03.19 03:00:00,0,
2025.03.19 03:34:59,scan_executed_new_execution_bar,USDJPY,2025.03.19 03:15:00,15,
2025.03.19 03:40:00,scan_skipped_same_execution_bar,USDJPY,2025.03.19 03:15:00,0,
2025.03.19 03:49:59,scan_executed_new_execution_bar,USDJPY,2025.03.19 03:30:00,0,
2025.03.19 03:54:59,scan_skipped_same_execution_bar,USDJPY,2025.03.19 03:30:00,0,
2025.03.19 04:04:59,scan_executed_new_execution_bar,USDJPY,2025.03.19 03:45:00,0,
2025.03.19 04:09:59,scan_skipped_same_execution_bar,USDJPY,2025.03.19 03:45:00,0,
2025.03.19 04:19:59,scan_executed_new_execution_bar,USDJPY,2025.03.19 04:00:00,0,
2025.03.19 04:24:58,scan_skipped_same_execution_bar,USDJPY,2025.03.19 04:00:00,0,
2025.03.19 04:34:58,scan_executed_new_execution_bar,USDJPY,2025.03.19 04:15:00,16,
2025.03.19 04:39:59,scan_skipped_same_execution_bar,USDJPY,2025.03.19 04:15:00,0,
2025.03.19 04:49:58,scan_executed_new_execution_bar,USDJPY,2025.03.19 04:30:00,0,
2025.03.19 04:54:59,scan_skipped_same_execution_bar,USDJPY,2025.03.19 04:30:00,0,
2025.03.19 05:04:59,scan_executed_new_execution_bar,USDJPY,2025.03.19 04:45:00,0,
2025.03.19 05:09:59,scan_skipped_same_execution_bar,USDJPY,2025.03.19 04:45:00,0,
2025.03.19 05:19:59,scan_executed_new_execution_bar,USDJPY,2025.03.19 05:00:00,15,
2025.03.19 05:24:59,scan_skipped_same_execution_bar,USDJPY,2025.03.19 05:00:00,0,
2025.03.19 05:34:59,scan_executed_new_execution_bar,USDJPY,2025.03.19 05:15:00,0,
2025.03.19 05:39:59,scan_skipped_same_execution_bar,USDJPY,2025.03.19 05:15:00,0,
2025.03.19 05:49:59,scan_executed_new_execution_bar,USDJPY,2025.03.19 05:30:00,0,
2025.03.19 05:54:59,scan_skipped_same_execution_bar,USDJPY,2025.03.19 05:30:00,0,
2025.03.19 06:04:59,scan_executed_new_execution_bar,USDJPY,2025.03.19 05:45:00,0,
2025.03.19 06:09:59,scan_skipped_same_execution_bar,USDJPY,2025.03.19 05:45:00,0,
2025.03.19 06:19:59,scan_executed_new_execution_bar,USDJPY,2025.03.19 06:00:00,0,
2025.03.19 06:24:59,scan_skipped_same_execution_bar,USDJPY,2025.03.19 06:00:00,0,
2025.03.19 06:34:59,scan_executed_new_execution_bar,USDJPY,2025.03.19 06:15:00,0,
2025.03.19 06:39:59,scan_skipped_same_execution_bar,USDJPY,2025.03.19 06:15:00,0,
2025.03.19 06:49:59,scan_executed_new_execution_bar,USDJPY,2025.03.19 06:30:00,16,
2025.03.19 06:54:59,scan_skipped_same_execution_bar,USDJPY,2025.03.19 06:30:00,0,
2025.03.19 07:04:59,scan_executed_new_execution_bar,USDJPY,2025.03.19 06:45:00,0,
2025.03.19 07:09:59,scan_skipped_same_execution_bar,USDJPY,2025.03.19 06:45:00,0,
2025.03.19 07:19:59,scan_executed_new_execution_bar,USDJPY,2025.03.19 07:00:00,16,
2025.03.19 07:24:59,scan_skipped_same_execution_bar,USDJPY,2025.03.19 07:00:00,0,
2025.03.19 07:34:59,scan_executed_new_execution_bar,USDJPY,2025.03.19 07:15:00,0,
2025.03.19 07:39:59,scan_skipped_same_execution_bar,USDJPY,2025.03.19 07:15:00,0,
2025.03.19 07:49:59,scan_executed_new_execution_bar,USDJPY,2025.03.19 07:30:00,0,
2025.03.19 07:54:59,scan_skipped_same_execution_bar,USDJPY,2025.03.19 07:30:00,0,
2025.03.19 08:04:59,scan_executed_new_execution_bar,USDJPY,2025.03.19 07:45:00,0,
2025.03.19 08:09:59,scan_skipped_same_execution_bar,USDJPY,2025.03.19 07:45:00,0,
2025.03.19 08:19:59,scan_executed_new_execution_bar,USDJPY,2025.03.19 08:00:00,0,
2025.03.19 08:24:59,scan_skipped_same_execution_bar,USDJPY,2025.03.19 08:00:00,0,
2025.03.19 08:34:59,scan_executed_new_execution_bar,USDJPY,2025.03.19 08:15:00,0,
2025.03.19 08:39:59,scan_skipped_same_execution_bar,USDJPY,2025.03.19 08:15:00,0,
2025.03.19 08:49:59,scan_executed_new_execution_bar,USDJPY,2025.03.19 08:30:00,0,
2025.03.19 08:54:58,scan_skipped_same_execution_bar,USDJPY,2025.03.19 08:30:00,0,
2025.03.19 09:04:59,scan_executed_new_execution_bar,USDJPY,2025.03.19 08:45:00,0,
2025.03.19 09:09:59,scan_skipped_same_execution_bar,USDJPY,2025.03.19 08:45:00,0,
2025.03.19 09:19:59,scan_executed_new_execution_bar,USDJPY,2025.03.19 09:00:00,0,
2025.03.19 09:24:59,scan_skipped_same_execution_bar,USDJPY,2025.03.19 09:00:00,0,
2025.03.19 09:34:59,scan_executed_new_execution_bar,USDJPY,2025.03.19 09:15:00,0,
2025.03.19 09:39:59,scan_skipped_same_execution_bar,USDJPY,2025.03.19 09:15:00,0,
2025.03.19 09:49:59,scan_executed_new_execution_bar,USDJPY,2025.03.19 09:30:00,0,
2025.03.19 09:54:59,scan_skipped_same_execution_bar,USDJPY,2025.03.19 09:30:00,0,
2025.03.19 10:04:59,scan_executed_new_execution_bar,USDJPY,2025.03.19 09:45:00,0,
2025.03.19 10:09:59,scan_skipped_same_execution_bar,USDJPY,2025.03.19 09:45:00,0,
2025.03.19 10:19:59,scan_executed_new_execution_bar,USDJPY,2025.03.19 10:00:00,0,
2025.03.19 10:24:59,scan_skipped_same_execution_bar,USDJPY,2025.03.19 10:00:00,0,
2025.03.19 10:34:59,scan_executed_new_execution_bar,USDJPY,2025.03.19 10:15:00,16,
2025.03.19 10:39:59,scan_skipped_same_execution_bar,USDJPY,2025.03.19 10:15:00,0,
2025.03.19 10:49:59,scan_executed_new_execution_bar,USDJPY,2025.03.19 10:30:00,15,
2025.03.19 10:54:59,scan_skipped_same_execution_bar,USDJPY,2025.03.19 10:30:00,0,
2025.03.19 11:04:59,scan_executed_new_execution_bar,USDJPY,2025.03.19 10:45:00,0,
2025.03.19 11:09:59,scan_skipped_same_execution_bar,USDJPY,2025.03.19 10:45:00,0,
2025.03.19 11:19:59,scan_executed_new_execution_bar,USDJPY,2025.03.19 11:00:00,16,
2025.03.19 11:25:00,scan_skipped_same_execution_bar,USDJPY,2025.03.19 11:00:00,0,
2025.03.19 11:34:59,scan_executed_new_execution_bar,USDJPY,2025.03.19 11:15:00,31,
2025.03.19 11:39:59,scan_skipped_same_execution_bar,USDJPY,2025.03.19 11:15:00,0,
2025.03.19 11:49:59,scan_executed_new_execution_bar,USDJPY,2025.03.19 11:30:00,31,
2025.03.19 11:54:59,scan_skipped_same_execution_bar,USDJPY,2025.03.19 11:30:00,0,
2025.03.19 12:04:59,scan_executed_new_execution_bar,USDJPY,2025.03.19 11:45:00,16,
2025.03.19 12:09:59,scan_skipped_same_execution_bar,USDJPY,2025.03.19 11:45:00,0,
2025.03.19 12:19:59,scan_executed_new_execution_bar,USDJPY,2025.03.19 12:00:00,0,
2025.03.19 12:24:59,scan_skipped_same_execution_bar,USDJPY,2025.03.19 12:00:00,0,
2025.03.19 12:34:59,scan_executed_new_execution_bar,USDJPY,2025.03.19 12:15:00,31,
2025.03.19 12:39:59,scan_skipped_same_execution_bar,USDJPY,2025.03.19 12:15:00,0,
2025.03.19 12:49:59,scan_executed_new_execution_bar,USDJPY,2025.03.19 12:30:00,16,
2025.03.19 12:54:59,scan_skipped_same_execution_bar,USDJPY,2025.03.19 12:30:00,0,
2025.03.19 13:04:59,scan_executed_new_execution_bar,USDJPY,2025.03.19 12:45:00,0,
2025.03.19 13:09:58,scan_skipped_same_execution_bar,USDJPY,2025.03.19 12:45:00,0,
2025.03.19 13:19:59,scan_executed_new_execution_bar,USDJPY,2025.03.19 13:00:00,16,
2025.03.19 13:24:59,scan_skipped_same_execution_bar,USDJPY,2025.03.19 13:00:00,0,
2025.03.19 13:34:59,scan_executed_new_execution_bar,USDJPY,2025.03.19 13:15:00,0,
2025.03.19 13:39:59,scan_skipped_same_execution_bar,USDJPY,2025.03.19 13:15:00,0,
2025.03.19 13:49:59,scan_executed_new_execution_bar,USDJPY,2025.03.19 13:30:00,0,
2025.03.19 13:54:59,scan_skipped_same_execution_bar,USDJPY,2025.03.19 13:30:00,0,
2025.03.19 14:04:59,scan_executed_new_execution_bar,USDJPY,2025.03.19 13:45:00,0,
2025.03.19 14:09:59,scan_skipped_same_execution_bar,USDJPY,2025.03.19 13:45:00,0,
2025.03.19 14:19:59,scan_executed_new_execution_bar,USDJPY,2025.03.19 14:00:00,0,
2025.03.19 14:24:59,scan_skipped_same_execution_bar,USDJPY,2025.03.19 14:00:00,0,
2025.03.19 14:34:59,scan_executed_new_execution_bar,USDJPY,2025.03.19 14:15:00,0,
2025.03.19 14:39:59,scan_skipped_same_execution_bar,USDJPY,2025.03.19 14:15:00,0,
2025.03.19 14:49:59,scan_executed_new_execution_bar,USDJPY,2025.03.19 14:30:00,0,
2025.03.19 14:54:59,scan_skipped_same_execution_bar,USDJPY,2025.03.19 14:30:00,0,
2025.03.19 15:04:59,scan_executed_new_execution_bar,USDJPY,2025.03.19 14:45:00,0,
2025.03.19 15:09:59,scan_skipped_same_execution_bar,USDJPY,2025.03.19 14:45:00,0,
2025.03.19 15:19:59,scan_executed_new_execution_bar,USDJPY,2025.03.19 15:00:00,0,
2025.03.19 15:24:59,scan_skipped_same_execution_bar,USDJPY,2025.03.19 15:00:00,0,
2025.03.19 15:34:59,scan_executed_new_execution_bar,USDJPY,2025.03.19 15:15:00,0,
2025.03.19 15:39:59,scan_skipped_same_execution_bar,USDJPY,2025.03.19 15:15:00,0,
2025.03.19 15:49:59,scan_executed_new_execution_bar,USDJPY,2025.03.19 15:30:00,0,
2025.03.19 15:54:59,scan_skipped_same_execution_bar,USDJPY,2025.03.19 15:30:00,0,
2025.03.19 16:04:59,scan_executed_new_execution_bar,USDJPY,2025.03.19 15:45:00,0,
2025.03.19 16:09:59,scan_skipped_same_execution_bar,USDJPY,2025.03.19 15:45:00,0,
2025.03.19 16:19:59,scan_executed_new_execution_bar,USDJPY,2025.03.19 16:00:00,0,
2025.03.19 16:24:59,scan_skipped_same_execution_bar,USDJPY,2025.03.19 16:00:00,0,
2025.03.19 16:34:59,scan_executed_new_execution_bar,USDJPY,2025.03.19 16:15:00,0,
2025.03.19 16:39:59,scan_skipped_same_execution_bar,USDJPY,2025.03.19 16:15:00,0,
2025.03.19 16:49:59,scan_executed_new_execution_bar,USDJPY,2025.03.19 16:30:00,0,
2025.03.19 16:54:59,scan_skipped_same_execution_bar,USDJPY,2025.03.19 16:30:00,0,
2025.03.19 17:04:59,scan_executed_new_execution_bar,USDJPY,2025.03.19 16:45:00,0,
2025.03.19 17:09:59,scan_skipped_same_execution_bar,USDJPY,2025.03.19 16:45:00,0,
2025.03.19 17:19:59,scan_executed_new_execution_bar,USDJPY,2025.03.19 17:00:00,15,
2025.03.19 17:24:59,scan_skipped_same_execution_bar,USDJPY,2025.03.19 17:00:00,0,
2025.03.19 17:34:59,scan_executed_new_execution_bar,USDJPY,2025.03.19 17:15:00,15,
2025.03.19 17:39:59,scan_skipped_same_execution_bar,USDJPY,2025.03.19 17:15:00,0,
2025.03.19 17:49:59,scan_executed_new_execution_bar,USDJPY,2025.03.19 17:30:00,16,
2025.03.19 17:54:59,scan_skipped_same_execution_bar,USDJPY,2025.03.19 17:30:00,0,
2025.03.19 18:04:59,scan_executed_new_execution_bar,USDJPY,2025.03.19 17:45:00,0,
2025.03.19 18:10:00,scan_skipped_same_execution_bar,USDJPY,2025.03.19 17:45:00,0,
2025.03.19 18:19:59,scan_executed_new_execution_bar,USDJPY,2025.03.19 18:00:00,0,
2025.03.19 18:24:59,scan_skipped_same_execution_bar,USDJPY,2025.03.19 18:00:00,0,
2025.03.19 18:34:59,scan_executed_new_execution_bar,USDJPY,2025.03.19 18:15:00,0,
2025.03.19 18:39:59,scan_skipped_same_execution_bar,USDJPY,2025.03.19 18:15:00,0,
2025.03.19 18:49:59,scan_executed_new_execution_bar,USDJPY,2025.03.19 18:30:00,0,
2025.03.19 18:54:59,scan_skipped_same_execution_bar,USDJPY,2025.03.19 18:30:00,0,
2025.03.19 19:04:59,scan_executed_new_execution_bar,USDJPY,2025.03.19 18:45:00,0,
2025.03.19 19:09:59,scan_skipped_same_execution_bar,USDJPY,2025.03.19 18:45:00,0,
2025.03.19 19:19:59,scan_executed_new_execution_bar,USDJPY,2025.03.19 19:00:00,16,
2025.03.19 19:24:59,scan_skipped_same_execution_bar,USDJPY,2025.03.19 19:00:00,0,
2025.03.19 19:34:59,scan_executed_new_execution_bar,USDJPY,2025.03.19 19:15:00,15,
2025.03.19 19:39:59,scan_skipped_same_execution_bar,USDJPY,2025.03.19 19:15:00,0,
2025.03.19 19:49:59,scan_executed_new_execution_bar,USDJPY,2025.03.19 19:30:00,0,
2025.03.19 19:54:59,scan_skipped_same_execution_bar,USDJPY,2025.03.19 19:30:00,0,
2025.03.19 20:04:59,scan_executed_new_execution_bar,USDJPY,2025.03.19 19:45:00,0,
2025.03.19 20:09:59,scan_skipped_same_execution_bar,USDJPY,2025.03.19 19:45:00,0,
2025.03.19 20:19:59,scan_executed_new_execution_bar,USDJPY,2025.03.19 20:00:00,0,
2025.03.19 20:24:59,scan_skipped_same_execution_bar,USDJPY,2025.03.19 20:00:00,0,
2025.03.19 20:34:59,scan_executed_new_execution_bar,USDJPY,2025.03.19 20:15:00,0,
2025.03.19 20:39:59,scan_skipped_same_execution_bar,USDJPY,2025.03.19 20:15:00,0,
2025.03.19 20:49:59,scan_executed_new_execution_bar,USDJPY,2025.03.19 20:30:00,0,
2025.03.19 20:54:59,scan_skipped_same_execution_bar,USDJPY,2025.03.19 20:30:00,0,
2025.03.19 21:04:59,scan_executed_new_execution_bar,USDJPY,2025.03.19 20:45:00,0,
2025.03.19 21:09:59,scan_skipped_same_execution_bar,USDJPY,2025.03.19 20:45:00,0,
2025.03.19 21:19:59,scan_executed_new_execution_bar,USDJPY,2025.03.19 21:00:00,0,
2025.03.19 21:24:59,scan_skipped_same_execution_bar,USDJPY,2025.03.19 21:00:00,0,
2025.03.19 21:34:59,scan_executed_new_execution_bar,USDJPY,2025.03.19 21:15:00,0,
2025.03.19 21:39:59,scan_skipped_same_execution_bar,USDJPY,2025.03.19 21:15:00,0,
2025.03.19 21:49:59,scan_executed_new_execution_bar,USDJPY,2025.03.19 21:30:00,0,
2025.03.19 21:54:59,scan_skipped_same_execution_bar,USDJPY,2025.03.19 21:30:00,0,
2025.03.19 22:04:59,scan_executed_new_execution_bar,USDJPY,2025.03.19 21:45:00,0,
2025.03.19 22:09:59,scan_skipped_same_execution_bar,USDJPY,2025.03.19 21:45:00,0,
2025.03.19 22:19:59,scan_executed_new_execution_bar,USDJPY,2025.03.19 22:00:00,47,
2025.03.19 22:24:59,scan_skipped_same_execution_bar,USDJPY,2025.03.19 22:00:00,0,
2025.03.19 22:34:59,scan_executed_new_execution_bar,USDJPY,2025.03.19 22:15:00,31,
2025.03.19 22:39:59,scan_skipped_same_execution_bar,USDJPY,2025.03.19 22:15:00,0,
2025.03.19 22:49:59,scan_executed_new_execution_bar,USDJPY,2025.03.19 22:30:00,78,
2025.03.19 22:54:59,scan_skipped_same_execution_bar,USDJPY,2025.03.19 22:30:00,0,
2025.03.19 23:04:59,scan_executed_new_execution_bar,USDJPY,2025.03.19 22:45:00,0,
2025.03.19 23:09:59,scan_skipped_same_execution_bar,USDJPY,2025.03.19 22:45:00,0,
2025.03.19 23:19:59,scan_executed_new_execution_bar,USDJPY,2025.03.19 23:00:00,0,
2025.03.19 23:24:59,scan_skipped_same_execution_bar,USDJPY,2025.03.19 23:00:00,0,
2025.03.19 23:34:58,scan_executed_new_execution_bar,USDJPY,2025.03.19 23:15:00,31,
2025.03.19 23:39:58,scan_skipped_same_execution_bar,USDJPY,2025.03.19 23:15:00,0,
2025.03.19 23:49:59,scan_executed_new_execution_bar,USDJPY,2025.03.19 23:30:00,0,
2025.03.19 23:54:59,scan_skipped_same_execution_bar,USDJPY,2025.03.19 23:30:00,0,
2025.03.20 00:04:57,scan_executed_new_execution_bar,USDJPY,2025.03.19 23:45:00,0,
2025.03.20 00:09:59,scan_skipped_same_execution_bar,USDJPY,2025.03.19 23:45:00,0,
2025.03.20 00:19:59,scan_executed_new_execution_bar,USDJPY,2025.03.20 00:00:00,0,
2025.03.20 00:24:59,scan_skipped_same_execution_bar,USDJPY,2025.03.20 00:00:00,0,
2025.03.20 00:34:59,scan_executed_new_execution_bar,USDJPY,2025.03.20 00:15:00,16,
2025.03.20 00:39:57,scan_skipped_same_execution_bar,USDJPY,2025.03.20 00:15:00,0,
2025.03.20 00:49:59,scan_executed_new_execution_bar,USDJPY,2025.03.20 00:30:00,31,
2025.03.20 00:54:57,scan_skipped_same_execution_bar,USDJPY,2025.03.20 00:30:00,0,
2025.03.20 01:04:59,scan_executed_new_execution_bar,USDJPY,2025.03.20 00:45:00,15,
2025.03.20 01:09:58,scan_skipped_same_execution_bar,USDJPY,2025.03.20 00:45:00,0,
2025.03.20 01:19:59,scan_executed_new_execution_bar,USDJPY,2025.03.20 01:00:00,0,
2025.03.20 01:24:59,scan_skipped_same_execution_bar,USDJPY,2025.03.20 01:00:00,0,
2025.03.20 01:34:59,scan_executed_new_execution_bar,USDJPY,2025.03.20 01:15:00,15,
2025.03.20 01:39:59,scan_skipped_same_execution_bar,USDJPY,2025.03.20 01:15:00,0,
2025.03.20 01:49:59,scan_executed_new_execution_bar,USDJPY,2025.03.20 01:30:00,0,
2025.03.20 01:54:59,scan_skipped_same_execution_bar,USDJPY,2025.03.20 01:30:00,0,
2025.03.20 02:04:59,scan_executed_new_execution_bar,USDJPY,2025.03.20 01:45:00,0,
2025.03.20 02:09:59,scan_skipped_same_execution_bar,USDJPY,2025.03.20 01:45:00,0,
2025.03.20 02:19:59,scan_executed_new_execution_bar,USDJPY,2025.03.20 02:00:00,31,
2025.03.20 02:24:59,scan_skipped_same_execution_bar,USDJPY,2025.03.20 02:00:00,0,
2025.03.20 02:34:59,scan_executed_new_execution_bar,USDJPY,2025.03.20 02:15:00,0,
2025.03.20 02:39:59,scan_skipped_same_execution_bar,USDJPY,2025.03.20 02:15:00,0,
2025.03.20 02:49:59,scan_executed_new_execution_bar,USDJPY,2025.03.20 02:30:00,0,
2025.03.20 02:54:59,scan_skipped_same_execution_bar,USDJPY,2025.03.20 02:30:00,0,
2025.03.20 03:04:59,scan_executed_new_execution_bar,USDJPY,2025.03.20 02:45:00,0,
2025.03.20 03:09:59,scan_skipped_same_execution_bar,USDJPY,2025.03.20 02:45:00,0,
2025.03.20 03:19:59,scan_executed_new_execution_bar,USDJPY,2025.03.20 03:00:00,0,
2025.03.20 03:24:59,scan_skipped_same_execution_bar,USDJPY,2025.03.20 03:00:00,0,
2025.03.20 03:34:59,scan_executed_new_execution_bar,USDJPY,2025.03.20 03:15:00,47,
2025.03.20 03:39:59,scan_skipped_same_execution_bar,USDJPY,2025.03.20 03:15:00,0,
2025.03.20 03:49:59,scan_executed_new_execution_bar,USDJPY,2025.03.20 03:30:00,0,
2025.03.20 03:54:59,scan_skipped_same_execution_bar,USDJPY,2025.03.20 03:30:00,0,
2025.03.20 04:04:59,scan_executed_new_execution_bar,USDJPY,2025.03.20 03:45:00,0,
2025.03.20 04:09:59,scan_skipped_same_execution_bar,USDJPY,2025.03.20 03:45:00,0,
2025.03.20 04:19:59,scan_executed_new_execution_bar,USDJPY,2025.03.20 04:00:00,32,
2025.03.20 04:24:58,scan_skipped_same_execution_bar,USDJPY,2025.03.20 04:00:00,0,
2025.03.20 04:34:59,scan_executed_new_execution_bar,USDJPY,2025.03.20 04:15:00,0,
2025.03.20 04:39:59,scan_skipped_same_execution_bar,USDJPY,2025.03.20 04:15:00,0,
2025.03.20 04:49:59,scan_executed_new_execution_bar,USDJPY,2025.03.20 04:30:00,16,
2025.03.20 04:54:59,scan_skipped_same_execution_bar,USDJPY,2025.03.20 04:30:00,0,
2025.03.20 05:04:59,scan_executed_new_execution_bar,USDJPY,2025.03.20 04:45:00,0,
2025.03.20 05:09:59,scan_skipped_same_execution_bar,USDJPY,2025.03.20 04:45:00,0,
2025.03.20 05:19:59,scan_executed_new_execution_bar,USDJPY,2025.03.20 05:00:00,0,
2025.03.20 05:24:59,scan_skipped_same_execution_bar,USDJPY,2025.03.20 05:00:00,0,
2025.03.20 05:34:59,scan_executed_new_execution_bar,USDJPY,2025.03.20 05:15:00,31,
2025.03.20 05:39:59,scan_skipped_same_execution_bar,USDJPY,2025.03.20 05:15:00,0,
2025.03.20 05:49:59,scan_executed_new_execution_bar,USDJPY,2025.03.20 05:30:00,0,
2025.03.20 05:54:59,scan_skipped_same_execution_bar,USDJPY,2025.03.20 05:30:00,0,
2025.03.20 06:04:59,scan_executed_new_execution_bar,USDJPY,2025.03.20 05:45:00,31,
2025.03.20 06:10:00,scan_skipped_same_execution_bar,USDJPY,2025.03.20 05:45:00,0,
2025.03.20 06:19:59,scan_executed_new_execution_bar,USDJPY,2025.03.20 06:00:00,0,
2025.03.20 06:24:59,scan_skipped_same_execution_bar,USDJPY,2025.03.20 06:00:00,0,
2025.03.20 06:34:59,scan_executed_new_execution_bar,USDJPY,2025.03.20 06:15:00,15,
2025.03.20 06:39:59,scan_skipped_same_execution_bar,USDJPY,2025.03.20 06:15:00,0,
2025.03.20 06:49:59,scan_executed_new_execution_bar,USDJPY,2025.03.20 06:30:00,0,
2025.03.20 06:54:59,scan_skipped_same_execution_bar,USDJPY,2025.03.20 06:30:00,0,
2025.03.20 07:04:59,scan_executed_new_execution_bar,USDJPY,2025.03.20 06:45:00,15,
2025.03.20 07:09:59,scan_skipped_same_execution_bar,USDJPY,2025.03.20 06:45:00,0,
2025.03.20 07:19:57,scan_executed_new_execution_bar,USDJPY,2025.03.20 07:00:00,0,
2025.03.20 07:24:59,scan_skipped_same_execution_bar,USDJPY,2025.03.20 07:00:00,0,
2025.03.20 07:34:58,scan_executed_new_execution_bar,USDJPY,2025.03.20 07:15:00,0,
2025.03.20 07:39:59,scan_skipped_same_execution_bar,USDJPY,2025.03.20 07:15:00,0,
2025.03.20 07:49:59,scan_executed_new_execution_bar,USDJPY,2025.03.20 07:30:00,0,
2025.03.20 07:54:59,scan_skipped_same_execution_bar,USDJPY,2025.03.20 07:30:00,0,
2025.03.20 08:04:59,scan_executed_new_execution_bar,USDJPY,2025.03.20 07:45:00,0,
2025.03.20 08:09:59,scan_skipped_same_execution_bar,USDJPY,2025.03.20 07:45:00,0,
2025.03.20 08:19:59,scan_executed_new_execution_bar,USDJPY,2025.03.20 08:00:00,0,
2025.03.20 08:24:59,scan_skipped_same_execution_bar,USDJPY,2025.03.20 08:00:00,0,
2025.03.20 08:34:59,scan_executed_new_execution_bar,USDJPY,2025.03.20 08:15:00,0,
2025.03.20 08:39:59,scan_skipped_same_execution_bar,USDJPY,2025.03.20 08:15:00,0,
2025.03.20 08:49:59,scan_executed_new_execution_bar,USDJPY,2025.03.20 08:30:00,16,
2025.03.20 08:54:59,scan_skipped_same_execution_bar,USDJPY,2025.03.20 08:30:00,0,
2025.03.20 09:04:59,scan_executed_new_execution_bar,USDJPY,2025.03.20 08:45:00,0,
2025.03.20 09:09:59,scan_skipped_same_execution_bar,USDJPY,2025.03.20 08:45:00,0,
2025.03.20 09:19:59,scan_executed_new_execution_bar,USDJPY,2025.03.20 09:00:00,0,
2025.03.20 09:24:59,scan_skipped_same_execution_bar,USDJPY,2025.03.20 09:00:00,0,
2025.03.20 09:34:59,scan_executed_new_execution_bar,USDJPY,2025.03.20 09:15:00,0,
2025.03.20 09:39:59,scan_skipped_same_execution_bar,USDJPY,2025.03.20 09:15:00,0,
2025.03.20 09:49:59,scan_executed_new_execution_bar,USDJPY,2025.03.20 09:30:00,15,
2025.03.20 09:54:59,scan_skipped_same_execution_bar,USDJPY,2025.03.20 09:30:00,0,
2025.03.20 10:04:59,scan_executed_new_execution_bar,USDJPY,2025.03.20 09:45:00,0,
2025.03.20 10:09:59,scan_skipped_same_execution_bar,USDJPY,2025.03.20 09:45:00,0,
2025.03.20 10:19:59,scan_executed_new_execution_bar,USDJPY,2025.03.20 10:00:00,0,
2025.03.20 10:24:59,scan_skipped_same_execution_bar,USDJPY,2025.03.20 10:00:00,0,
2025.03.20 10:34:59,scan_executed_new_execution_bar,USDJPY,2025.03.20 10:15:00,0,
2025.03.20 10:39:59,scan_skipped_same_execution_bar,USDJPY,2025.03.20 10:15:00,0,
2025.03.20 10:49:59,scan_executed_new_execution_bar,USDJPY,2025.03.20 10:30:00,0,
2025.03.20 10:54:59,scan_skipped_same_execution_bar,USDJPY,2025.03.20 10:30:00,0,
2025.03.20 11:04:59,scan_executed_new_execution_bar,USDJPY,2025.03.20 10:45:00,0,
2025.03.20 11:09:59,scan_skipped_same_execution_bar,USDJPY,2025.03.20 10:45:00,0,
2025.03.20 11:19:59,scan_executed_new_execution_bar,USDJPY,2025.03.20 11:00:00,0,
2025.03.20 11:24:59,scan_skipped_same_execution_bar,USDJPY,2025.03.20 11:00:00,0,
2025.03.20 11:34:59,scan_executed_new_execution_bar,USDJPY,2025.03.20 11:15:00,0,
2025.03.20 11:39:59,scan_skipped_same_execution_bar,USDJPY,2025.03.20 11:15:00,0,
2025.03.20 11:49:59,scan_executed_new_execution_bar,USDJPY,2025.03.20 11:30:00,0,
2025.03.20 11:54:59,scan_skipped_same_execution_bar,USDJPY,2025.03.20 11:30:00,0,
2025.03.20 12:04:59,scan_executed_new_execution_bar,USDJPY,2025.03.20 11:45:00,0,
2025.03.20 12:09:59,scan_skipped_same_execution_bar,USDJPY,2025.03.20 11:45:00,0,
2025.03.20 12:19:59,scan_executed_new_execution_bar,USDJPY,2025.03.20 12:00:00,0,
2025.03.20 12:24:59,scan_skipped_same_execution_bar,USDJPY,2025.03.20 12:00:00,0,
2025.03.20 12:34:59,scan_executed_new_execution_bar,USDJPY,2025.03.20 12:15:00,0,
2025.03.20 12:39:59,scan_skipped_same_execution_bar,USDJPY,2025.03.20 12:15:00,0,
2025.03.20 12:49:59,scan_executed_new_execution_bar,USDJPY,2025.03.20 12:30:00,31,
2025.03.20 12:54:59,scan_skipped_same_execution_bar,USDJPY,2025.03.20 12:30:00,0,
2025.03.20 13:04:59,scan_executed_new_execution_bar,USDJPY,2025.03.20 12:45:00,16,
2025.03.20 13:09:59,scan_skipped_same_execution_bar,USDJPY,2025.03.20 12:45:00,0,
2025.03.20 13:19:59,scan_executed_new_execution_bar,USDJPY,2025.03.20 13:00:00,0,
2025.03.20 13:24:59,scan_skipped_same_execution_bar,USDJPY,2025.03.20 13:00:00,0,
2025.03.20 13:34:59,scan_executed_new_execution_bar,USDJPY,2025.03.20 13:15:00,0,
2025.03.20 13:39:59,scan_skipped_same_execution_bar,USDJPY,2025.03.20 13:15:00,0,
2025.03.20 13:49:59,scan_executed_new_execution_bar,USDJPY,2025.03.20 13:30:00,62,
2025.03.20 13:54:59,scan_skipped_same_execution_bar,USDJPY,2025.03.20 13:30:00,0,
2025.03.20 14:04:59,scan_executed_new_execution_bar,USDJPY,2025.03.20 13:45:00,16,
2025.03.20 14:09:59,scan_skipped_same_execution_bar,USDJPY,2025.03.20 13:45:00,0,
2025.03.20 14:19:59,scan_executed_new_execution_bar,USDJPY,2025.03.20 14:00:00,0,
2025.03.20 14:24:59,scan_skipped_same_execution_bar,USDJPY,2025.03.20 14:00:00,0,
2025.03.20 14:34:59,scan_executed_new_execution_bar,USDJPY,2025.03.20 14:15:00,0,
2025.03.20 14:39:59,scan_skipped_same_execution_bar,USDJPY,2025.03.20 14:15:00,0,
2025.03.20 14:49:59,scan_executed_new_execution_bar,USDJPY,2025.03.20 14:30:00,31,
2025.03.20 14:54:59,scan_skipped_same_execution_bar,USDJPY,2025.03.20 14:30:00,0,
2025.03.20 15:04:59,scan_executed_new_execution_bar,USDJPY,2025.03.20 14:45:00,31,
2025.03.20 15:09:59,scan_skipped_same_execution_bar,USDJPY,2025.03.20 14:45:00,0,
2025.03.20 15:19:59,scan_executed_new_execution_bar,USDJPY,2025.03.20 15:00:00,0,
2025.03.20 15:24:59,scan_skipped_same_execution_bar,USDJPY,2025.03.20 15:00:00,0,
2025.03.20 15:34:59,scan_executed_new_execution_bar,USDJPY,2025.03.20 15:15:00,0,
2025.03.20 15:39:59,scan_skipped_same_execution_bar,USDJPY,2025.03.20 15:15:00,0,
2025.03.20 15:49:59,scan_executed_new_execution_bar,USDJPY,2025.03.20 15:30:00,31,
2025.03.20 15:54:59,scan_skipped_same_execution_bar,USDJPY,2025.03.20 15:30:00,0,
2025.03.20 16:04:59,scan_executed_new_execution_bar,USDJPY,2025.03.20 15:45:00,16,
2025.03.20 16:09:59,scan_skipped_same_execution_bar,USDJPY,2025.03.20 15:45:00,0,
2025.03.20 16:19:59,scan_executed_new_execution_bar,USDJPY,2025.03.20 16:00:00,16,
2025.03.20 16:24:59,scan_skipped_same_execution_bar,USDJPY,2025.03.20 16:00:00,0,
2025.03.20 16:34:59,scan_executed_new_execution_bar,USDJPY,2025.03.20 16:15:00,15,
2025.03.20 16:39:59,scan_skipped_same_execution_bar,USDJPY,2025.03.20 16:15:00,0,
2025.03.20 16:49:59,scan_executed_new_execution_bar,USDJPY,2025.03.20 16:30:00,63,
2025.03.20 16:54:59,scan_skipped_same_execution_bar,USDJPY,2025.03.20 16:30:00,0,
2025.03.20 17:04:59,scan_executed_new_execution_bar,USDJPY,2025.03.20 16:45:00,0,
2025.03.20 17:09:59,scan_skipped_same_execution_bar,USDJPY,2025.03.20 16:45:00,0,
2025.03.20 17:19:59,scan_executed_new_execution_bar,USDJPY,2025.03.20 17:00:00,0,
2025.03.20 17:24:59,scan_skipped_same_execution_bar,USDJPY,2025.03.20 17:00:00,0,
2025.03.20 17:34:59,scan_executed_new_execution_bar,USDJPY,2025.03.20 17:15:00,0,
2025.03.20 17:39:59,scan_skipped_same_execution_bar,USDJPY,2025.03.20 17:15:00,0,
2025.03.20 17:49:59,scan_executed_new_execution_bar,USDJPY,2025.03.20 17:30:00,0,
2025.03.20 17:54:59,scan_skipped_same_execution_bar,USDJPY,2025.03.20 17:30:00,0,
2025.03.20 18:04:59,scan_executed_new_execution_bar,USDJPY,2025.03.20 17:45:00,31,
2025.03.20 18:09:59,scan_skipped_same_execution_bar,USDJPY,2025.03.20 17:45:00,0,
2025.03.20 18:19:59,scan_executed_new_execution_bar,USDJPY,2025.03.20 18:00:00,0,
2025.03.20 18:24:59,scan_skipped_same_execution_bar,USDJPY,2025.03.20 18:00:00,0,
2025.03.20 18:34:59,scan_executed_new_execution_bar,USDJPY,2025.03.20 18:15:00,0,
2025.03.20 18:39:59,scan_skipped_same_execution_bar,USDJPY,2025.03.20 18:15:00,0,
2025.03.20 18:49:59,scan_executed_new_execution_bar,USDJPY,2025.03.20 18:30:00,0,
2025.03.20 18:54:59,scan_skipped_same_execution_bar,USDJPY,2025.03.20 18:30:00,0,
2025.03.20 19:04:59,scan_executed_new_execution_bar,USDJPY,2025.03.20 18:45:00,0,
2025.03.20 19:09:59,scan_skipped_same_execution_bar,USDJPY,2025.03.20 18:45:00,0,
2025.03.20 19:19:59,scan_executed_new_execution_bar,USDJPY,2025.03.20 19:00:00,0,
2025.03.20 19:24:59,scan_skipped_same_execution_bar,USDJPY,2025.03.20 19:00:00,0,
2025.03.20 19:34:59,scan_executed_new_execution_bar,USDJPY,2025.03.20 19:15:00,31,
2025.03.20 19:39:59,scan_skipped_same_execution_bar,USDJPY,2025.03.20 19:15:00,0,
2025.03.20 19:49:59,scan_executed_new_execution_bar,USDJPY,2025.03.20 19:30:00,0,
2025.03.20 19:54:59,scan_skipped_same_execution_bar,USDJPY,2025.03.20 19:30:00,0,
2025.03.20 20:04:59,scan_executed_new_execution_bar,USDJPY,2025.03.20 19:45:00,15,
2025.03.20 20:09:59,scan_skipped_same_execution_bar,USDJPY,2025.03.20 19:45:00,0,
2025.03.20 20:19:59,scan_executed_new_execution_bar,USDJPY,2025.03.20 20:00:00,0,
2025.03.20 20:24:59,scan_skipped_same_execution_bar,USDJPY,2025.03.20 20:00:00,0,
2025.03.20 20:34:59,scan_executed_new_execution_bar,USDJPY,2025.03.20 20:15:00,0,
2025.03.20 20:39:59,scan_skipped_same_execution_bar,USDJPY,2025.03.20 20:15:00,0,
2025.03.20 20:49:59,scan_executed_new_execution_bar,USDJPY,2025.03.20 20:30:00,0,
2025.03.20 20:54:59,scan_skipped_same_execution_bar,USDJPY,2025.03.20 20:30:00,0,
2025.03.20 21:04:59,scan_executed_new_execution_bar,USDJPY,2025.03.20 20:45:00,16,
2025.03.20 21:09:59,scan_skipped_same_execution_bar,USDJPY,2025.03.20 20:45:00,0,
2025.03.20 21:19:59,scan_executed_new_execution_bar,USDJPY,2025.03.20 21:00:00,0,
2025.03.20 21:24:59,scan_skipped_same_execution_bar,USDJPY,2025.03.20 21:00:00,0,
2025.03.20 21:34:59,scan_executed_new_execution_bar,USDJPY,2025.03.20 21:15:00,15,
2025.03.20 21:39:59,scan_skipped_same_execution_bar,USDJPY,2025.03.20 21:15:00,0,
2025.03.20 21:49:59,scan_executed_new_execution_bar,USDJPY,2025.03.20 21:30:00,0,
2025.03.20 21:54:59,scan_skipped_same_execution_bar,USDJPY,2025.03.20 21:30:00,0,
2025.03.20 22:04:59,scan_executed_new_execution_bar,USDJPY,2025.03.20 21:45:00,0,
2025.03.20 22:09:59,scan_skipped_same_execution_bar,USDJPY,2025.03.20 21:45:00,0,
2025.03.20 22:19:59,scan_executed_new_execution_bar,USDJPY,2025.03.20 22:00:00,0,
2025.03.20 22:24:59,scan_skipped_same_execution_bar,USDJPY,2025.03.20 22:00:00,0,
2025.03.20 22:34:59,scan_executed_new_execution_bar,USDJPY,2025.03.20 22:15:00,16,
2025.03.20 22:39:59,scan_skipped_same_execution_bar,USDJPY,2025.03.20 22:15:00,0,
2025.03.20 22:49:59,scan_executed_new_execution_bar,USDJPY,2025.03.20 22:30:00,0,
2025.03.20 22:54:59,scan_skipped_same_execution_bar,USDJPY,2025.03.20 22:30:00,0,
2025.03.20 23:04:59,scan_executed_new_execution_bar,USDJPY,2025.03.20 22:45:00,0,
2025.03.20 23:09:59,scan_skipped_same_execution_bar,USDJPY,2025.03.20 22:45:00,0,
2025.03.20 23:19:58,scan_executed_new_execution_bar,USDJPY,2025.03.20 23:00:00,0,
2025.03.20 23:24:59,scan_skipped_same_execution_bar,USDJPY,2025.03.20 23:00:00,0,
2025.03.20 23:34:59,scan_executed_new_execution_bar,USDJPY,2025.03.20 23:15:00,0,
2025.03.20 23:39:59,scan_skipped_same_execution_bar,USDJPY,2025.03.20 23:15:00,0,
2025.03.20 23:49:59,scan_executed_new_execution_bar,USDJPY,2025.03.20 23:30:00,16,
2025.03.20 23:54:59,scan_skipped_same_execution_bar,USDJPY,2025.03.20 23:30:00,0,
2025.03.21 00:04:52,scan_executed_new_execution_bar,USDJPY,2025.03.20 23:45:00,0,
2025.03.21 00:09:50,scan_skipped_same_execution_bar,USDJPY,2025.03.20 23:45:00,0,
2025.03.21 00:19:58,scan_executed_new_execution_bar,USDJPY,2025.03.21 00:00:00,0,
2025.03.21 00:24:59,scan_skipped_same_execution_bar,USDJPY,2025.03.21 00:00:00,0,
2025.03.21 00:34:59,scan_executed_new_execution_bar,USDJPY,2025.03.21 00:15:00,0,
2025.03.21 00:39:58,scan_skipped_same_execution_bar,USDJPY,2025.03.21 00:15:00,0,
2025.03.21 00:49:57,scan_executed_new_execution_bar,USDJPY,2025.03.21 00:30:00,0,
2025.03.21 00:54:59,scan_skipped_same_execution_bar,USDJPY,2025.03.21 00:30:00,0,
2025.03.21 01:04:59,scan_executed_new_execution_bar,USDJPY,2025.03.21 00:45:00,0,
2025.03.21 01:09:59,scan_skipped_same_execution_bar,USDJPY,2025.03.21 00:45:00,0,
2025.03.21 01:19:59,scan_executed_new_execution_bar,USDJPY,2025.03.21 01:00:00,0,
2025.03.21 01:24:59,scan_skipped_same_execution_bar,USDJPY,2025.03.21 01:00:00,0,
2025.03.21 01:34:59,scan_executed_new_execution_bar,USDJPY,2025.03.21 01:15:00,0,
2025.03.21 01:39:59,scan_skipped_same_execution_bar,USDJPY,2025.03.21 01:15:00,0,
2025.03.21 01:49:59,scan_executed_new_execution_bar,USDJPY,2025.03.21 01:30:00,16,
2025.03.21 01:54:58,scan_skipped_same_execution_bar,USDJPY,2025.03.21 01:30:00,0,
2025.03.21 02:04:59,scan_executed_new_execution_bar,USDJPY,2025.03.21 01:45:00,0,
2025.03.21 02:09:57,scan_skipped_same_execution_bar,USDJPY,2025.03.21 01:45:00,0,
2025.03.21 02:19:59,scan_executed_new_execution_bar,USDJPY,2025.03.21 02:00:00,0,
2025.03.21 02:24:59,scan_skipped_same_execution_bar,USDJPY,2025.03.21 02:00:00,0,
2025.03.21 02:34:59,scan_executed_new_execution_bar,USDJPY,2025.03.21 02:15:00,16,
2025.03.21 02:39:59,scan_skipped_same_execution_bar,USDJPY,2025.03.21 02:15:00,0,
2025.03.21 02:49:59,scan_executed_new_execution_bar,USDJPY,2025.03.21 02:30:00,0,
2025.03.21 02:54:59,scan_skipped_same_execution_bar,USDJPY,2025.03.21 02:30:00,0,
2025.03.21 03:04:59,scan_executed_new_execution_bar,USDJPY,2025.03.21 02:45:00,15,
2025.03.21 03:09:59,scan_skipped_same_execution_bar,USDJPY,2025.03.21 02:45:00,0,
2025.03.21 03:19:59,scan_executed_new_execution_bar,USDJPY,2025.03.21 03:00:00,16,
2025.03.21 03:24:59,scan_skipped_same_execution_bar,USDJPY,2025.03.21 03:00:00,0,
2025.03.21 03:34:59,scan_executed_new_execution_bar,USDJPY,2025.03.21 03:15:00,16,
2025.03.21 03:39:59,scan_skipped_same_execution_bar,USDJPY,2025.03.21 03:15:00,0,
2025.03.21 03:49:59,scan_executed_new_execution_bar,USDJPY,2025.03.21 03:30:00,16,
2025.03.21 03:54:59,scan_skipped_same_execution_bar,USDJPY,2025.03.21 03:30:00,0,
2025.03.21 04:04:58,scan_executed_new_execution_bar,USDJPY,2025.03.21 03:45:00,0,
2025.03.21 04:09:59,scan_skipped_same_execution_bar,USDJPY,2025.03.21 03:45:00,0,
2025.03.21 04:19:59,scan_executed_new_execution_bar,USDJPY,2025.03.21 04:00:00,0,
2025.03.21 04:24:58,scan_skipped_same_execution_bar,USDJPY,2025.03.21 04:00:00,0,
2025.03.21 04:34:59,scan_executed_new_execution_bar,USDJPY,2025.03.21 04:15:00,0,
2025.03.21 04:39:59,scan_skipped_same_execution_bar,USDJPY,2025.03.21 04:15:00,0,
2025.03.21 04:49:59,scan_executed_new_execution_bar,USDJPY,2025.03.21 04:30:00,0,
2025.03.21 04:54:59,scan_skipped_same_execution_bar,USDJPY,2025.03.21 04:30:00,0,
2025.03.21 05:04:59,scan_executed_new_execution_bar,USDJPY,2025.03.21 04:45:00,0,
2025.03.21 05:09:59,scan_skipped_same_execution_bar,USDJPY,2025.03.21 04:45:00,0,
2025.03.21 05:19:59,scan_executed_new_execution_bar,USDJPY,2025.03.21 05:00:00,31,
2025.03.21 05:24:59,scan_skipped_same_execution_bar,USDJPY,2025.03.21 05:00:00,0,
2025.03.21 05:34:59,scan_executed_new_execution_bar,USDJPY,2025.03.21 05:15:00,0,
2025.03.21 05:39:59,scan_skipped_same_execution_bar,USDJPY,2025.03.21 05:15:00,0,
2025.03.21 05:49:59,scan_executed_new_execution_bar,USDJPY,2025.03.21 05:30:00,15,
2025.03.21 05:54:59,scan_skipped_same_execution_bar,USDJPY,2025.03.21 05:30:00,0,
2025.03.21 06:04:59,scan_executed_new_execution_bar,USDJPY,2025.03.21 05:45:00,0,
2025.03.21 06:09:59,scan_skipped_same_execution_bar,USDJPY,2025.03.21 05:45:00,0,
2025.03.21 06:19:59,scan_executed_new_execution_bar,USDJPY,2025.03.21 06:00:00,16,
2025.03.21 06:24:57,scan_skipped_same_execution_bar,USDJPY,2025.03.21 06:00:00,0,
2025.03.21 06:34:59,scan_executed_new_execution_bar,USDJPY,2025.03.21 06:15:00,16,
2025.03.21 06:39:58,scan_skipped_same_execution_bar,USDJPY,2025.03.21 06:15:00,0,
2025.03.21 06:49:59,scan_executed_new_execution_bar,USDJPY,2025.03.21 06:30:00,0,
2025.03.21 06:54:59,scan_skipped_same_execution_bar,USDJPY,2025.03.21 06:30:00,0,
2025.03.21 07:04:59,scan_executed_new_execution_bar,USDJPY,2025.03.21 06:45:00,0,
2025.03.21 07:09:59,scan_skipped_same_execution_bar,USDJPY,2025.03.21 06:45:00,0,
2025.03.21 07:19:58,scan_executed_new_execution_bar,USDJPY,2025.03.21 07:00:00,0,
2025.03.21 07:24:59,scan_skipped_same_execution_bar,USDJPY,2025.03.21 07:00:00,0,
2025.03.21 07:34:59,scan_executed_new_execution_bar,USDJPY,2025.03.21 07:15:00,0,
2025.03.21 07:39:59,scan_skipped_same_execution_bar,USDJPY,2025.03.21 07:15:00,0,
2025.03.21 07:49:59,scan_executed_new_execution_bar,USDJPY,2025.03.21 07:30:00,0,
2025.03.21 07:54:59,scan_skipped_same_execution_bar,USDJPY,2025.03.21 07:30:00,0,
2025.03.21 08:04:59,scan_executed_new_execution_bar,USDJPY,2025.03.21 07:45:00,0,
2025.03.21 08:09:59,scan_skipped_same_execution_bar,USDJPY,2025.03.21 07:45:00,0,
2025.03.21 08:19:59,scan_executed_new_execution_bar,USDJPY,2025.03.21 08:00:00,0,
2025.03.21 08:24:59,scan_skipped_same_execution_bar,USDJPY,2025.03.21 08:00:00,0,
2025.03.21 08:34:59,scan_executed_new_execution_bar,USDJPY,2025.03.21 08:15:00,0,
2025.03.21 08:39:59,scan_skipped_same_execution_bar,USDJPY,2025.03.21 08:15:00,0,
2025.03.21 08:49:59,scan_executed_new_execution_bar,USDJPY,2025.03.21 08:30:00,0,
2025.03.21 08:54:59,scan_skipped_same_execution_bar,USDJPY,2025.03.21 08:30:00,0,
2025.03.21 09:04:59,scan_executed_new_execution_bar,USDJPY,2025.03.21 08:45:00,16,
2025.03.21 09:09:59,scan_skipped_same_execution_bar,USDJPY,2025.03.21 08:45:00,0,
2025.03.21 09:19:59,scan_executed_new_execution_bar,USDJPY,2025.03.21 09:00:00,16,
2025.03.21 09:24:59,scan_skipped_same_execution_bar,USDJPY,2025.03.21 09:00:00,0,
2025.03.21 09:34:59,scan_executed_new_execution_bar,USDJPY,2025.03.21 09:15:00,0,
2025.03.21 09:39:59,scan_skipped_same_execution_bar,USDJPY,2025.03.21 09:15:00,0,
2025.03.21 09:49:59,scan_executed_new_execution_bar,USDJPY,2025.03.21 09:30:00,16,
2025.03.21 09:54:59,scan_skipped_same_execution_bar,USDJPY,2025.03.21 09:30:00,0,
2025.03.21 10:04:59,scan_executed_new_execution_bar,USDJPY,2025.03.21 09:45:00,0,
2025.03.21 10:09:59,scan_skipped_same_execution_bar,USDJPY,2025.03.21 09:45:00,0,
2025.03.21 10:19:59,scan_executed_new_execution_bar,USDJPY,2025.03.21 10:00:00,15,
2025.03.21 10:24:59,scan_skipped_same_execution_bar,USDJPY,2025.03.21 10:00:00,0,
2025.03.21 10:34:59,scan_executed_new_execution_bar,USDJPY,2025.03.21 10:15:00,0,
2025.03.21 10:39:59,scan_skipped_same_execution_bar,USDJPY,2025.03.21 10:15:00,0,
2025.03.21 10:49:59,scan_executed_new_execution_bar,USDJPY,2025.03.21 10:30:00,0,
2025.03.21 10:54:59,scan_skipped_same_execution_bar,USDJPY,2025.03.21 10:30:00,0,
2025.03.21 11:04:59,scan_executed_new_execution_bar,USDJPY,2025.03.21 10:45:00,0,
2025.03.21 11:09:59,scan_skipped_same_execution_bar,USDJPY,2025.03.21 10:45:00,0,
2025.03.21 11:19:59,scan_executed_new_execution_bar,USDJPY,2025.03.21 11:00:00,0,
2025.03.21 11:24:59,scan_skipped_same_execution_bar,USDJPY,2025.03.21 11:00:00,0,
2025.03.21 11:34:59,scan_executed_new_execution_bar,USDJPY,2025.03.21 11:15:00,16,
2025.03.21 11:39:59,scan_skipped_same_execution_bar,USDJPY,2025.03.21 11:15:00,0,
2025.03.21 11:49:59,scan_executed_new_execution_bar,USDJPY,2025.03.21 11:30:00,15,
2025.03.21 11:54:59,scan_skipped_same_execution_bar,USDJPY,2025.03.21 11:30:00,0,
2025.03.21 12:04:58,scan_executed_new_execution_bar,USDJPY,2025.03.21 11:45:00,0,
2025.03.21 12:09:59,scan_skipped_same_execution_bar,USDJPY,2025.03.21 11:45:00,0,
2025.03.21 12:19:59,scan_executed_new_execution_bar,USDJPY,2025.03.21 12:00:00,0,
2025.03.21 12:24:59,scan_skipped_same_execution_bar,USDJPY,2025.03.21 12:00:00,0,
2025.03.21 12:34:59,scan_executed_new_execution_bar,USDJPY,2025.03.21 12:15:00,16,
2025.03.21 12:39:59,scan_skipped_same_execution_bar,USDJPY,2025.03.21 12:15:00,0,
2025.03.21 12:49:59,scan_executed_new_execution_bar,USDJPY,2025.03.21 12:30:00,0,
2025.03.21 12:54:59,scan_skipped_same_execution_bar,USDJPY,2025.03.21 12:30:00,0,
2025.03.21 13:04:59,scan_executed_new_execution_bar,USDJPY,2025.03.21 12:45:00,32,
2025.03.21 13:09:59,scan_skipped_same_execution_bar,USDJPY,2025.03.21 12:45:00,0,
2025.03.21 13:19:59,scan_executed_new_execution_bar,USDJPY,2025.03.21 13:00:00,31,
2025.03.21 13:24:59,scan_skipped_same_execution_bar,USDJPY,2025.03.21 13:00:00,0,
2025.03.21 13:34:59,scan_executed_new_execution_bar,USDJPY,2025.03.21 13:15:00,0,
2025.03.21 13:39:59,scan_skipped_same_execution_bar,USDJPY,2025.03.21 13:15:00,0,
2025.03.21 13:49:59,scan_executed_new_execution_bar,USDJPY,2025.03.21 13:30:00,16,
2025.03.21 13:54:59,scan_skipped_same_execution_bar,USDJPY,2025.03.21 13:30:00,0,
2025.03.21 14:04:59,scan_executed_new_execution_bar,USDJPY,2025.03.21 13:45:00,31,
2025.03.21 14:09:59,scan_skipped_same_execution_bar,USDJPY,2025.03.21 13:45:00,0,
2025.03.21 14:19:59,scan_executed_new_execution_bar,USDJPY,2025.03.21 14:00:00,0,
2025.03.21 14:24:58,scan_skipped_same_execution_bar,USDJPY,2025.03.21 14:00:00,0,
2025.03.21 14:34:59,scan_executed_new_execution_bar,USDJPY,2025.03.21 14:15:00,0,
2025.03.21 14:39:59,scan_skipped_same_execution_bar,USDJPY,2025.03.21 14:15:00,0,
2025.03.21 14:49:59,scan_executed_new_execution_bar,USDJPY,2025.03.21 14:30:00,0,
2025.03.21 14:54:59,scan_skipped_same_execution_bar,USDJPY,2025.03.21 14:30:00,0,
2025.03.21 15:04:59,scan_executed_new_execution_bar,USDJPY,2025.03.21 14:45:00,16,
2025.03.21 15:09:59,scan_skipped_same_execution_bar,USDJPY,2025.03.21 14:45:00,0,
2025.03.21 15:19:59,scan_executed_new_execution_bar,USDJPY,2025.03.21 15:00:00,0,
2025.03.21 15:24:59,scan_skipped_same_execution_bar,USDJPY,2025.03.21 15:00:00,0,
2025.03.21 15:34:59,scan_executed_new_execution_bar,USDJPY,2025.03.21 15:15:00,0,
2025.03.21 15:39:59,scan_skipped_same_execution_bar,USDJPY,2025.03.21 15:15:00,0,
2025.03.21 15:49:59,scan_executed_new_execution_bar,USDJPY,2025.03.21 15:30:00,16,
2025.03.21 15:54:59,scan_skipped_same_execution_bar,USDJPY,2025.03.21 15:30:00,0,
2025.03.21 16:04:59,scan_executed_new_execution_bar,USDJPY,2025.03.21 15:45:00,0,
2025.03.21 16:09:59,scan_skipped_same_execution_bar,USDJPY,2025.03.21 15:45:00,0,
2025.03.21 16:19:59,scan_executed_new_execution_bar,USDJPY,2025.03.21 16:00:00,47,
2025.03.21 16:24:59,scan_skipped_same_execution_bar,USDJPY,2025.03.21 16:00:00,0,
2025.03.21 16:34:59,scan_executed_new_execution_bar,USDJPY,2025.03.21 16:15:00,15,
2025.03.21 16:39:59,scan_skipped_same_execution_bar,USDJPY,2025.03.21 16:15:00,0,
2025.03.21 16:49:59,scan_executed_new_execution_bar,USDJPY,2025.03.21 16:30:00,0,
2025.03.21 16:54:59,scan_skipped_same_execution_bar,USDJPY,2025.03.21 16:30:00,0,
2025.03.21 17:04:59,scan_executed_new_execution_bar,USDJPY,2025.03.21 16:45:00,0,
2025.03.21 17:09:59,scan_skipped_same_execution_bar,USDJPY,2025.03.21 16:45:00,0,
2025.03.21 17:19:59,scan_executed_new_execution_bar,USDJPY,2025.03.21 17:00:00,0,
2025.03.21 17:24:59,scan_skipped_same_execution_bar,USDJPY,2025.03.21 17:00:00,0,
2025.03.21 17:34:59,scan_executed_new_execution_bar,USDJPY,2025.03.21 17:15:00,0,
2025.03.21 17:39:59,scan_skipped_same_execution_bar,USDJPY,2025.03.21 17:15:00,0,
2025.03.21 17:49:59,scan_executed_new_execution_bar,USDJPY,2025.03.21 17:30:00,0,
2025.03.21 17:54:59,scan_skipped_same_execution_bar,USDJPY,2025.03.21 17:30:00,0,
2025.03.21 18:04:59,scan_executed_new_execution_bar,USDJPY,2025.03.21 17:45:00,16,
2025.03.21 18:09:59,scan_skipped_same_execution_bar,USDJPY,2025.03.21 17:45:00,0,
2025.03.21 18:19:59,scan_executed_new_execution_bar,USDJPY,2025.03.21 18:00:00,0,
2025.03.21 18:24:59,scan_skipped_same_execution_bar,USDJPY,2025.03.21 18:00:00,0,
2025.03.21 18:34:59,scan_executed_new_execution_bar,USDJPY,2025.03.21 18:15:00,0,
2025.03.21 18:39:59,scan_skipped_same_execution_bar,USDJPY,2025.03.21 18:15:00,0,
2025.03.21 18:49:59,scan_executed_new_execution_bar,USDJPY,2025.03.21 18:30:00,0,
2025.03.21 18:54:59,scan_skipped_same_execution_bar,USDJPY,2025.03.21 18:30:00,0,
2025.03.21 19:04:59,scan_executed_new_execution_bar,USDJPY,2025.03.21 18:45:00,0,
2025.03.21 19:09:59,scan_skipped_same_execution_bar,USDJPY,2025.03.21 18:45:00,0,
2025.03.21 19:19:59,scan_executed_new_execution_bar,USDJPY,2025.03.21 19:00:00,32,
2025.03.21 19:24:59,scan_skipped_same_execution_bar,USDJPY,2025.03.21 19:00:00,0,
2025.03.21 19:34:59,scan_executed_new_execution_bar,USDJPY,2025.03.21 19:15:00,0,
2025.03.21 19:39:59,scan_skipped_same_execution_bar,USDJPY,2025.03.21 19:15:00,0,
2025.03.21 19:49:59,scan_executed_new_execution_bar,USDJPY,2025.03.21 19:30:00,0,
2025.03.21 19:54:59,scan_skipped_same_execution_bar,USDJPY,2025.03.21 19:30:00,0,
2025.03.21 20:04:59,scan_executed_new_execution_bar,USDJPY,2025.03.21 19:45:00,0,
2025.03.21 20:09:59,scan_skipped_same_execution_bar,USDJPY,2025.03.21 19:45:00,0,
2025.03.21 20:19:59,scan_executed_new_execution_bar,USDJPY,2025.03.21 20:00:00,0,
2025.03.21 20:24:59,scan_skipped_same_execution_bar,USDJPY,2025.03.21 20:00:00,0,
2025.03.21 20:34:59,scan_executed_new_execution_bar,USDJPY,2025.03.21 20:15:00,0,
2025.03.21 20:39:59,scan_skipped_same_execution_bar,USDJPY,2025.03.21 20:15:00,0,
2025.03.21 20:49:57,scan_executed_new_execution_bar,USDJPY,2025.03.21 20:30:00,0,
2025.03.21 20:54:59,scan_skipped_same_execution_bar,USDJPY,2025.03.21 20:30:00,0,
2025.03.21 21:04:59,scan_executed_new_execution_bar,USDJPY,2025.03.21 20:45:00,0,
2025.03.21 21:09:59,scan_skipped_same_execution_bar,USDJPY,2025.03.21 20:45:00,0,
2025.03.21 21:19:59,scan_executed_new_execution_bar,USDJPY,2025.03.21 21:00:00,0,
2025.03.21 21:24:59,scan_skipped_same_execution_bar,USDJPY,2025.03.21 21:00:00,0,
2025.03.21 21:34:59,scan_executed_new_execution_bar,USDJPY,2025.03.21 21:15:00,0,
2025.03.21 21:39:59,scan_skipped_same_execution_bar,USDJPY,2025.03.21 21:15:00,0,
2025.03.21 21:49:59,scan_executed_new_execution_bar,USDJPY,2025.03.21 21:30:00,0,
2025.03.21 21:54:59,scan_skipped_same_execution_bar,USDJPY,2025.03.21 21:30:00,0,
2025.03.21 22:04:59,scan_executed_new_execution_bar,USDJPY,2025.03.21 21:45:00,0,
2025.03.21 22:09:59,scan_skipped_same_execution_bar,USDJPY,2025.03.21 21:45:00,0,
2025.03.21 22:19:59,scan_executed_new_execution_bar,USDJPY,2025.03.21 22:00:00,0,
2025.03.21 22:24:59,scan_skipped_same_execution_bar,USDJPY,2025.03.21 22:00:00,0,
2025.03.21 22:34:59,scan_executed_new_execution_bar,USDJPY,2025.03.21 22:15:00,0,
2025.03.21 22:39:59,scan_skipped_same_execution_bar,USDJPY,2025.03.21 22:15:00,0,
2025.03.21 22:49:59,scan_executed_new_execution_bar,USDJPY,2025.03.21 22:30:00,0,
2025.03.21 22:54:59,scan_skipped_same_execution_bar,USDJPY,2025.03.21 22:30:00,0,
2025.03.21 23:04:59,scan_executed_new_execution_bar,USDJPY,2025.03.21 22:45:00,0,
2025.03.21 23:09:59,scan_skipped_same_execution_bar,USDJPY,2025.03.21 22:45:00,0,
2025.03.21 23:19:58,scan_executed_new_execution_bar,USDJPY,2025.03.21 23:00:00,0,
2025.03.21 23:24:59,scan_skipped_same_execution_bar,USDJPY,2025.03.21 23:00:00,0,
2025.03.21 23:34:59,scan_executed_new_execution_bar,USDJPY,2025.03.21 23:15:00,0,
2025.03.21 23:39:59,scan_skipped_same_execution_bar,USDJPY,2025.03.21 23:15:00,0,
2025.03.21 23:49:59,scan_executed_new_execution_bar,USDJPY,2025.03.21 23:30:00,0,
2025.03.21 23:54:54,scan_skipped_same_execution_bar,USDJPY,2025.03.21 23:30:00,0,
2025.03.24 00:05:00,scan_executed_new_execution_bar,USDJPY,2025.03.21 23:45:00,0,
2025.03.24 00:10:00,scan_skipped_same_execution_bar,USDJPY,2025.03.21 23:45:00,0,
2025.03.24 00:19:52,scan_executed_new_execution_bar,USDJPY,2025.03.24 00:00:00,0,
2025.03.24 00:25:00,scan_skipped_same_execution_bar,USDJPY,2025.03.24 00:00:00,0,
2025.03.24 00:35:00,scan_executed_new_execution_bar,USDJPY,2025.03.24 00:15:00,0,
2025.03.24 00:40:00,scan_skipped_same_execution_bar,USDJPY,2025.03.24 00:15:00,0,
2025.03.24 00:50:00,scan_executed_new_execution_bar,USDJPY,2025.03.24 00:30:00,0,
2025.03.24 00:55:00,scan_skipped_same_execution_bar,USDJPY,2025.03.24 00:30:00,0,
2025.03.24 01:05:00,scan_executed_new_execution_bar,USDJPY,2025.03.24 00:45:00,0,
2025.03.24 01:10:00,scan_skipped_same_execution_bar,USDJPY,2025.03.24 00:45:00,0,
2025.03.24 01:19:59,scan_executed_new_execution_bar,USDJPY,2025.03.24 01:00:00,0,
2025.03.24 01:25:00,scan_skipped_same_execution_bar,USDJPY,2025.03.24 01:00:00,0,
2025.03.24 01:35:00,scan_executed_new_execution_bar,USDJPY,2025.03.24 01:15:00,0,
2025.03.24 01:39:59,scan_skipped_same_execution_bar,USDJPY,2025.03.24 01:15:00,0,
2025.03.24 01:50:00,scan_executed_new_execution_bar,USDJPY,2025.03.24 01:30:00,16,
2025.03.24 01:54:59,scan_skipped_same_execution_bar,USDJPY,2025.03.24 01:30:00,0,
2025.03.24 02:04:59,scan_executed_new_execution_bar,USDJPY,2025.03.24 01:45:00,15,
2025.03.24 02:10:00,scan_skipped_same_execution_bar,USDJPY,2025.03.24 01:45:00,0,
2025.03.24 02:20:00,scan_executed_new_execution_bar,USDJPY,2025.03.24 02:00:00,0,
2025.03.24 02:24:59,scan_skipped_same_execution_bar,USDJPY,2025.03.24 02:00:00,0,
2025.03.24 02:35:00,scan_executed_new_execution_bar,USDJPY,2025.03.24 02:15:00,0,
2025.03.24 02:40:00,scan_skipped_same_execution_bar,USDJPY,2025.03.24 02:15:00,0,
2025.03.24 02:49:59,scan_executed_new_execution_bar,USDJPY,2025.03.24 02:30:00,0,
2025.03.24 02:55:00,scan_skipped_same_execution_bar,USDJPY,2025.03.24 02:30:00,0,
2025.03.24 03:04:59,scan_executed_new_execution_bar,USDJPY,2025.03.24 02:45:00,0,
2025.03.24 03:09:59,scan_skipped_same_execution_bar,USDJPY,2025.03.24 02:45:00,0,
2025.03.24 03:19:59,scan_executed_new_execution_bar,USDJPY,2025.03.24 03:00:00,16,
2025.03.24 03:24:59,scan_skipped_same_execution_bar,USDJPY,2025.03.24 03:00:00,0,
2025.03.24 03:34:59,scan_executed_new_execution_bar,USDJPY,2025.03.24 03:15:00,0,
2025.03.24 03:39:59,scan_skipped_same_execution_bar,USDJPY,2025.03.24 03:15:00,0,
2025.03.24 03:49:59,scan_executed_new_execution_bar,USDJPY,2025.03.24 03:30:00,0,
2025.03.24 03:54:59,scan_skipped_same_execution_bar,USDJPY,2025.03.24 03:30:00,0,
2025.03.24 04:04:59,scan_executed_new_execution_bar,USDJPY,2025.03.24 03:45:00,0,
2025.03.24 04:09:59,scan_skipped_same_execution_bar,USDJPY,2025.03.24 03:45:00,0,
2025.03.24 04:20:00,scan_executed_new_execution_bar,USDJPY,2025.03.24 04:00:00,0,
2025.03.24 04:24:59,scan_skipped_same_execution_bar,USDJPY,2025.03.24 04:00:00,0,
2025.03.24 04:34:59,scan_executed_new_execution_bar,USDJPY,2025.03.24 04:15:00,0,
2025.03.24 04:39:59,scan_skipped_same_execution_bar,USDJPY,2025.03.24 04:15:00,0,
2025.03.24 04:49:59,scan_executed_new_execution_bar,USDJPY,2025.03.24 04:30:00,0,
2025.03.24 04:55:00,scan_skipped_same_execution_bar,USDJPY,2025.03.24 04:30:00,0,
2025.03.24 05:04:59,scan_executed_new_execution_bar,USDJPY,2025.03.24 04:45:00,16,
2025.03.24 05:09:59,scan_skipped_same_execution_bar,USDJPY,2025.03.24 04:45:00,0,
2025.03.24 05:19:59,scan_executed_new_execution_bar,USDJPY,2025.03.24 05:00:00,0,
2025.03.24 05:24:58,scan_skipped_same_execution_bar,USDJPY,2025.03.24 05:00:00,0,
2025.03.24 05:34:58,scan_executed_new_execution_bar,USDJPY,2025.03.24 05:15:00,0,
2025.03.24 05:39:59,scan_skipped_same_execution_bar,USDJPY,2025.03.24 05:15:00,0,
2025.03.24 05:49:59,scan_executed_new_execution_bar,USDJPY,2025.03.24 05:30:00,16,
2025.03.24 05:54:59,scan_skipped_same_execution_bar,USDJPY,2025.03.24 05:30:00,0,
2025.03.24 06:05:00,scan_executed_new_execution_bar,USDJPY,2025.03.24 05:45:00,0,
2025.03.24 06:09:59,scan_skipped_same_execution_bar,USDJPY,2025.03.24 05:45:00,0,
2025.03.24 06:19:58,scan_executed_new_execution_bar,USDJPY,2025.03.24 06:00:00,0,
2025.03.24 06:24:59,scan_skipped_same_execution_bar,USDJPY,2025.03.24 06:00:00,0,
2025.03.24 06:35:00,scan_executed_new_execution_bar,USDJPY,2025.03.24 06:15:00,16,
2025.03.24 06:39:59,scan_skipped_same_execution_bar,USDJPY,2025.03.24 06:15:00,0,
2025.03.24 06:49:59,scan_executed_new_execution_bar,USDJPY,2025.03.24 06:30:00,0,
2025.03.24 06:54:57,scan_skipped_same_execution_bar,USDJPY,2025.03.24 06:30:00,0,
2025.03.24 07:05:00,scan_executed_new_execution_bar,USDJPY,2025.03.24 06:45:00,0,
2025.03.24 07:10:00,scan_skipped_same_execution_bar,USDJPY,2025.03.24 06:45:00,0,
2025.03.24 07:19:59,scan_executed_new_execution_bar,USDJPY,2025.03.24 07:00:00,0,
2025.03.24 07:24:59,scan_skipped_same_execution_bar,USDJPY,2025.03.24 07:00:00,0,
2025.03.24 07:34:59,scan_executed_new_execution_bar,USDJPY,2025.03.24 07:15:00,0,
2025.03.24 07:40:00,scan_skipped_same_execution_bar,USDJPY,2025.03.24 07:15:00,0,
2025.03.24 07:49:59,scan_executed_new_execution_bar,USDJPY,2025.03.24 07:30:00,0,
2025.03.24 07:54:59,scan_skipped_same_execution_bar,USDJPY,2025.03.24 07:30:00,0,
2025.03.24 08:04:59,scan_executed_new_execution_bar,USDJPY,2025.03.24 07:45:00,0,
2025.03.24 08:09:59,scan_skipped_same_execution_bar,USDJPY,2025.03.24 07:45:00,0,
2025.03.24 08:19:59,scan_executed_new_execution_bar,USDJPY,2025.03.24 08:00:00,15,
2025.03.24 08:24:59,scan_skipped_same_execution_bar,USDJPY,2025.03.24 08:00:00,0,
2025.03.24 08:35:00,scan_executed_new_execution_bar,USDJPY,2025.03.24 08:15:00,0,
2025.03.24 08:39:59,scan_skipped_same_execution_bar,USDJPY,2025.03.24 08:15:00,0,
2025.03.24 08:49:59,scan_executed_new_execution_bar,USDJPY,2025.03.24 08:30:00,0,
2025.03.24 08:54:59,scan_skipped_same_execution_bar,USDJPY,2025.03.24 08:30:00,0,
2025.03.24 09:04:59,scan_executed_new_execution_bar,USDJPY,2025.03.24 08:45:00,0,
2025.03.24 09:09:59,scan_skipped_same_execution_bar,USDJPY,2025.03.24 08:45:00,0,
2025.03.24 09:19:59,scan_executed_new_execution_bar,USDJPY,2025.03.24 09:00:00,0,
2025.03.24 09:24:59,scan_skipped_same_execution_bar,USDJPY,2025.03.24 09:00:00,0,
2025.03.24 09:34:59,scan_executed_new_execution_bar,USDJPY,2025.03.24 09:15:00,15,
2025.03.24 09:39:59,scan_skipped_same_execution_bar,USDJPY,2025.03.24 09:15:00,0,
2025.03.24 09:49:59,scan_executed_new_execution_bar,USDJPY,2025.03.24 09:30:00,0,
2025.03.24 09:54:59,scan_skipped_same_execution_bar,USDJPY,2025.03.24 09:30:00,0,
2025.03.24 10:05:00,scan_executed_new_execution_bar,USDJPY,2025.03.24 09:45:00,16,
2025.03.24 10:09:59,scan_skipped_same_execution_bar,USDJPY,2025.03.24 09:45:00,0,
2025.03.24 10:19:59,scan_executed_new_execution_bar,USDJPY,2025.03.24 10:00:00,0,
2025.03.24 10:25:00,scan_skipped_same_execution_bar,USDJPY,2025.03.24 10:00:00,0,
2025.03.24 10:34:59,scan_executed_new_execution_bar,USDJPY,2025.03.24 10:15:00,0,
2025.03.24 10:39:59,scan_skipped_same_execution_bar,USDJPY,2025.03.24 10:15:00,0,
2025.03.24 10:49:59,scan_executed_new_execution_bar,USDJPY,2025.03.24 10:30:00,15,
2025.03.24 10:54:59,scan_skipped_same_execution_bar,USDJPY,2025.03.24 10:30:00,0,
2025.03.24 11:04:59,scan_executed_new_execution_bar,USDJPY,2025.03.24 10:45:00,0,
2025.03.24 11:09:59,scan_skipped_same_execution_bar,USDJPY,2025.03.24 10:45:00,0,
2025.03.24 11:19:59,scan_executed_new_execution_bar,USDJPY,2025.03.24 11:00:00,0,
2025.03.24 11:24:59,scan_skipped_same_execution_bar,USDJPY,2025.03.24 11:00:00,0,
2025.03.24 11:34:59,scan_executed_new_execution_bar,USDJPY,2025.03.24 11:15:00,0,
2025.03.24 11:40:00,scan_skipped_same_execution_bar,USDJPY,2025.03.24 11:15:00,0,
2025.03.24 11:50:00,scan_executed_new_execution_bar,USDJPY,2025.03.24 11:30:00,15,
2025.03.24 11:54:59,scan_skipped_same_execution_bar,USDJPY,2025.03.24 11:30:00,0,
2025.03.24 12:04:59,scan_executed_new_execution_bar,USDJPY,2025.03.24 11:45:00,0,
2025.03.24 12:09:59,scan_skipped_same_execution_bar,USDJPY,2025.03.24 11:45:00,0,
2025.03.24 12:19:59,scan_executed_new_execution_bar,USDJPY,2025.03.24 12:00:00,62,
2025.03.24 12:24:59,scan_skipped_same_execution_bar,USDJPY,2025.03.24 12:00:00,0,
2025.03.24 12:34:59,scan_executed_new_execution_bar,USDJPY,2025.03.24 12:15:00,16,
2025.03.24 12:39:59,scan_skipped_same_execution_bar,USDJPY,2025.03.24 12:15:00,0,
2025.03.24 12:49:58,scan_executed_new_execution_bar,USDJPY,2025.03.24 12:30:00,0,
2025.03.24 12:54:59,scan_skipped_same_execution_bar,USDJPY,2025.03.24 12:30:00,0,
2025.03.24 13:04:59,scan_executed_new_execution_bar,USDJPY,2025.03.24 12:45:00,47,
2025.03.24 13:09:59,scan_skipped_same_execution_bar,USDJPY,2025.03.24 12:45:00,0,
2025.03.24 13:19:59,scan_executed_new_execution_bar,USDJPY,2025.03.24 13:00:00,16,
2025.03.24 13:24:59,scan_skipped_same_execution_bar,USDJPY,2025.03.24 13:00:00,0,
2025.03.24 13:34:59,scan_executed_new_execution_bar,USDJPY,2025.03.24 13:15:00,0,
2025.03.24 13:39:58,scan_skipped_same_execution_bar,USDJPY,2025.03.24 13:15:00,0,
2025.03.24 13:49:59,scan_executed_new_execution_bar,USDJPY,2025.03.24 13:30:00,16,
2025.03.24 13:54:59,scan_skipped_same_execution_bar,USDJPY,2025.03.24 13:30:00,0,
2025.03.24 14:04:59,scan_executed_new_execution_bar,USDJPY,2025.03.24 13:45:00,32,
2025.03.24 14:09:59,scan_skipped_same_execution_bar,USDJPY,2025.03.24 13:45:00,0,
2025.03.24 14:19:59,scan_executed_new_execution_bar,USDJPY,2025.03.24 14:00:00,0,
2025.03.24 14:24:59,scan_skipped_same_execution_bar,USDJPY,2025.03.24 14:00:00,0,
2025.03.24 14:34:59,scan_executed_new_execution_bar,USDJPY,2025.03.24 14:15:00,0,
2025.03.24 14:39:59,scan_skipped_same_execution_bar,USDJPY,2025.03.24 14:15:00,0,
2025.03.24 14:49:59,scan_executed_new_execution_bar,USDJPY,2025.03.24 14:30:00,16,
2025.03.24 14:54:59,scan_skipped_same_execution_bar,USDJPY,2025.03.24 14:30:00,0,
2025.03.24 15:04:59,scan_executed_new_execution_bar,USDJPY,2025.03.24 14:45:00,0,
2025.03.24 15:09:59,scan_skipped_same_execution_bar,USDJPY,2025.03.24 14:45:00,0,
2025.03.24 15:19:59,scan_executed_new_execution_bar,USDJPY,2025.03.24 15:00:00,0,
2025.03.24 15:24:59,scan_skipped_same_execution_bar,USDJPY,2025.03.24 15:00:00,0,
2025.03.24 15:34:59,scan_executed_new_execution_bar,USDJPY,2025.03.24 15:15:00,0,
2025.03.24 15:39:59,scan_skipped_same_execution_bar,USDJPY,2025.03.24 15:15:00,0,
2025.03.24 15:49:59,scan_executed_new_execution_bar,USDJPY,2025.03.24 15:30:00,0,
2025.03.24 15:54:59,scan_skipped_same_execution_bar,USDJPY,2025.03.24 15:30:00,0,
2025.03.24 16:04:59,scan_executed_new_execution_bar,USDJPY,2025.03.24 15:45:00,0,
2025.03.24 16:09:59,scan_skipped_same_execution_bar,USDJPY,2025.03.24 15:45:00,0,
2025.03.24 16:19:59,scan_executed_new_execution_bar,USDJPY,2025.03.24 16:00:00,0,
2025.03.24 16:24:59,scan_skipped_same_execution_bar,USDJPY,2025.03.24 16:00:00,0,
2025.03.24 16:34:59,scan_executed_new_execution_bar,USDJPY,2025.03.24 16:15:00,16,
2025.03.24 16:39:59,scan_skipped_same_execution_bar,USDJPY,2025.03.24 16:15:00,0,
2025.03.24 16:49:59,scan_executed_new_execution_bar,USDJPY,2025.03.24 16:30:00,0,
2025.03.24 16:54:59,scan_skipped_same_execution_bar,USDJPY,2025.03.24 16:30:00,0,
2025.03.24 17:04:59,scan_executed_new_execution_bar,USDJPY,2025.03.24 16:45:00,0,
2025.03.24 17:09:59,scan_skipped_same_execution_bar,USDJPY,2025.03.24 16:45:00,0,
2025.03.24 17:19:59,scan_executed_new_execution_bar,USDJPY,2025.03.24 17:00:00,0,
2025.03.24 17:24:59,scan_skipped_same_execution_bar,USDJPY,2025.03.24 17:00:00,0,
2025.03.24 17:34:59,scan_executed_new_execution_bar,USDJPY,2025.03.24 17:15:00,0,
2025.03.24 17:39:59,scan_skipped_same_execution_bar,USDJPY,2025.03.24 17:15:00,0,
2025.03.24 17:49:59,scan_executed_new_execution_bar,USDJPY,2025.03.24 17:30:00,0,
2025.03.24 17:54:59,scan_skipped_same_execution_bar,USDJPY,2025.03.24 17:30:00,0,
2025.03.24 18:04:59,scan_executed_new_execution_bar,USDJPY,2025.03.24 17:45:00,0,
2025.03.24 18:09:59,scan_skipped_same_execution_bar,USDJPY,2025.03.24 17:45:00,0,
2025.03.24 18:19:59,scan_executed_new_execution_bar,USDJPY,2025.03.24 18:00:00,0,
2025.03.24 18:24:59,scan_skipped_same_execution_bar,USDJPY,2025.03.24 18:00:00,0,
2025.03.24 18:34:59,scan_executed_new_execution_bar,USDJPY,2025.03.24 18:15:00,0,
2025.03.24 18:39:59,scan_skipped_same_execution_bar,USDJPY,2025.03.24 18:15:00,0,
2025.03.24 18:49:59,scan_executed_new_execution_bar,USDJPY,2025.03.24 18:30:00,15,
2025.03.24 18:54:59,scan_skipped_same_execution_bar,USDJPY,2025.03.24 18:30:00,0,
2025.03.24 19:04:59,scan_executed_new_execution_bar,USDJPY,2025.03.24 18:45:00,0,
2025.03.24 19:09:59,scan_skipped_same_execution_bar,USDJPY,2025.03.24 18:45:00,0,
2025.03.24 19:19:59,scan_executed_new_execution_bar,USDJPY,2025.03.24 19:00:00,47,
2025.03.24 19:24:59,scan_skipped_same_execution_bar,USDJPY,2025.03.24 19:00:00,0,
2025.03.24 19:34:59,scan_executed_new_execution_bar,USDJPY,2025.03.24 19:15:00,47,
2025.03.24 19:39:59,scan_skipped_same_execution_bar,USDJPY,2025.03.24 19:15:00,0,
2025.03.24 19:49:59,scan_executed_new_execution_bar,USDJPY,2025.03.24 19:30:00,47,
2025.03.24 19:54:59,scan_skipped_same_execution_bar,USDJPY,2025.03.24 19:30:00,0,
2025.03.24 20:04:59,scan_executed_new_execution_bar,USDJPY,2025.03.24 19:45:00,16,
2025.03.24 20:09:59,scan_skipped_same_execution_bar,USDJPY,2025.03.24 19:45:00,0,
2025.03.24 20:19:59,scan_executed_new_execution_bar,USDJPY,2025.03.24 20:00:00,0,
2025.03.24 20:24:59,scan_skipped_same_execution_bar,USDJPY,2025.03.24 20:00:00,0,
2025.03.24 20:34:59,scan_executed_new_execution_bar,USDJPY,2025.03.24 20:15:00,16,
2025.03.24 20:39:59,scan_skipped_same_execution_bar,USDJPY,2025.03.24 20:15:00,0,
2025.03.24 20:49:59,scan_executed_new_execution_bar,USDJPY,2025.03.24 20:30:00,0,
2025.03.24 20:54:59,scan_skipped_same_execution_bar,USDJPY,2025.03.24 20:30:00,0,
2025.03.24 21:04:59,scan_executed_new_execution_bar,USDJPY,2025.03.24 20:45:00,16,
2025.03.24 21:09:59,scan_skipped_same_execution_bar,USDJPY,2025.03.24 20:45:00,0,
2025.03.24 21:19:59,scan_executed_new_execution_bar,USDJPY,2025.03.24 21:00:00,15,
2025.03.24 21:24:59,scan_skipped_same_execution_bar,USDJPY,2025.03.24 21:00:00,0,
2025.03.24 21:34:59,scan_executed_new_execution_bar,USDJPY,2025.03.24 21:15:00,16,
2025.03.24 21:40:00,scan_skipped_same_execution_bar,USDJPY,2025.03.24 21:15:00,0,
2025.03.24 21:49:59,scan_executed_new_execution_bar,USDJPY,2025.03.24 21:30:00,16,
2025.03.24 21:54:59,scan_skipped_same_execution_bar,USDJPY,2025.03.24 21:30:00,0,
2025.03.24 22:04:59,scan_executed_new_execution_bar,USDJPY,2025.03.24 21:45:00,15,
2025.03.24 22:09:59,scan_skipped_same_execution_bar,USDJPY,2025.03.24 21:45:00,0,
2025.03.24 22:19:59,scan_executed_new_execution_bar,USDJPY,2025.03.24 22:00:00,0,
2025.03.24 22:24:59,scan_skipped_same_execution_bar,USDJPY,2025.03.24 22:00:00,0,
2025.03.24 22:34:59,scan_executed_new_execution_bar,USDJPY,2025.03.24 22:15:00,0,
2025.03.24 22:39:59,scan_skipped_same_execution_bar,USDJPY,2025.03.24 22:15:00,0,
2025.03.24 22:49:59,scan_executed_new_execution_bar,USDJPY,2025.03.24 22:30:00,15,
2025.03.24 22:54:59,scan_skipped_same_execution_bar,USDJPY,2025.03.24 22:30:00,0,
2025.03.24 23:04:59,scan_executed_new_execution_bar,USDJPY,2025.03.24 22:45:00,0,
2025.03.24 23:09:59,scan_skipped_same_execution_bar,USDJPY,2025.03.24 22:45:00,0,
2025.03.24 23:19:59,scan_executed_new_execution_bar,USDJPY,2025.03.24 23:00:00,0,
2025.03.24 23:24:59,scan_skipped_same_execution_bar,USDJPY,2025.03.24 23:00:00,0,
2025.03.24 23:34:59,scan_executed_new_execution_bar,USDJPY,2025.03.24 23:15:00,0,
2025.03.24 23:39:59,scan_skipped_same_execution_bar,USDJPY,2025.03.24 23:15:00,0,
2025.03.24 23:49:59,scan_executed_new_execution_bar,USDJPY,2025.03.24 23:30:00,0,
2025.03.24 23:54:59,scan_skipped_same_execution_bar,USDJPY,2025.03.24 23:30:00,0,
2025.03.25 00:04:59,scan_executed_new_execution_bar,USDJPY,2025.03.24 23:45:00,0,
2025.03.25 00:09:58,scan_skipped_same_execution_bar,USDJPY,2025.03.24 23:45:00,0,
2025.03.25 00:19:59,scan_executed_new_execution_bar,USDJPY,2025.03.25 00:00:00,0,
2025.03.25 00:24:59,scan_skipped_same_execution_bar,USDJPY,2025.03.25 00:00:00,0,
2025.03.25 00:34:58,scan_executed_new_execution_bar,USDJPY,2025.03.25 00:15:00,0,
2025.03.25 00:39:57,scan_skipped_same_execution_bar,USDJPY,2025.03.25 00:15:00,0,
2025.03.25 00:49:56,scan_executed_new_execution_bar,USDJPY,2025.03.25 00:30:00,0,
2025.03.25 00:54:59,scan_skipped_same_execution_bar,USDJPY,2025.03.25 00:30:00,0,
2025.03.25 01:04:59,scan_executed_new_execution_bar,USDJPY,2025.03.25 00:45:00,0,
2025.03.25 01:09:59,scan_skipped_same_execution_bar,USDJPY,2025.03.25 00:45:00,0,
2025.03.25 01:19:59,scan_executed_new_execution_bar,USDJPY,2025.03.25 01:00:00,0,
2025.03.25 01:24:59,scan_skipped_same_execution_bar,USDJPY,2025.03.25 01:00:00,0,
2025.03.25 01:34:56,scan_executed_new_execution_bar,USDJPY,2025.03.25 01:15:00,16,
2025.03.25 01:39:59,scan_skipped_same_execution_bar,USDJPY,2025.03.25 01:15:00,0,
2025.03.25 01:49:59,scan_executed_new_execution_bar,USDJPY,2025.03.25 01:30:00,0,
2025.03.25 01:54:59,scan_skipped_same_execution_bar,USDJPY,2025.03.25 01:30:00,0,
2025.03.25 02:04:59,scan_executed_new_execution_bar,USDJPY,2025.03.25 01:45:00,0,
2025.03.25 02:09:57,scan_skipped_same_execution_bar,USDJPY,2025.03.25 01:45:00,0,
2025.03.25 02:19:59,scan_executed_new_execution_bar,USDJPY,2025.03.25 02:00:00,0,
2025.03.25 02:24:59,scan_skipped_same_execution_bar,USDJPY,2025.03.25 02:00:00,0,
2025.03.25 02:34:58,scan_executed_new_execution_bar,USDJPY,2025.03.25 02:15:00,0,
2025.03.25 02:39:59,scan_skipped_same_execution_bar,USDJPY,2025.03.25 02:15:00,0,
2025.03.25 02:49:59,scan_executed_new_execution_bar,USDJPY,2025.03.25 02:30:00,0,
2025.03.25 02:54:59,scan_skipped_same_execution_bar,USDJPY,2025.03.25 02:30:00,0,
2025.03.25 03:04:59,scan_executed_new_execution_bar,USDJPY,2025.03.25 02:45:00,0,
2025.03.25 03:09:59,scan_skipped_same_execution_bar,USDJPY,2025.03.25 02:45:00,0,
2025.03.25 03:19:58,scan_executed_new_execution_bar,USDJPY,2025.03.25 03:00:00,0,
2025.03.25 03:24:59,scan_skipped_same_execution_bar,USDJPY,2025.03.25 03:00:00,0,
2025.03.25 03:34:59,scan_executed_new_execution_bar,USDJPY,2025.03.25 03:15:00,0,
2025.03.25 03:39:59,scan_skipped_same_execution_bar,USDJPY,2025.03.25 03:15:00,0,
2025.03.25 03:49:59,scan_executed_new_execution_bar,USDJPY,2025.03.25 03:30:00,15,
2025.03.25 03:54:59,scan_skipped_same_execution_bar,USDJPY,2025.03.25 03:30:00,0,
2025.03.25 04:04:59,scan_executed_new_execution_bar,USDJPY,2025.03.25 03:45:00,0,
2025.03.25 04:09:59,scan_skipped_same_execution_bar,USDJPY,2025.03.25 03:45:00,0,
2025.03.25 04:19:59,scan_executed_new_execution_bar,USDJPY,2025.03.25 04:00:00,15,
2025.03.25 04:24:59,scan_skipped_same_execution_bar,USDJPY,2025.03.25 04:00:00,0,
2025.03.25 04:34:59,scan_executed_new_execution_bar,USDJPY,2025.03.25 04:15:00,16,
2025.03.25 04:39:59,scan_skipped_same_execution_bar,USDJPY,2025.03.25 04:15:00,0,
2025.03.25 04:49:59,scan_executed_new_execution_bar,USDJPY,2025.03.25 04:30:00,16,
2025.03.25 04:54:59,scan_skipped_same_execution_bar,USDJPY,2025.03.25 04:30:00,0,
2025.03.25 05:04:59,scan_executed_new_execution_bar,USDJPY,2025.03.25 04:45:00,0,
2025.03.25 05:09:59,scan_skipped_same_execution_bar,USDJPY,2025.03.25 04:45:00,0,
2025.03.25 05:19:59,scan_executed_new_execution_bar,USDJPY,2025.03.25 05:00:00,0,
2025.03.25 05:24:59,scan_skipped_same_execution_bar,USDJPY,2025.03.25 05:00:00,0,
2025.03.25 05:34:58,scan_executed_new_execution_bar,USDJPY,2025.03.25 05:15:00,16,
2025.03.25 05:39:59,scan_skipped_same_execution_bar,USDJPY,2025.03.25 05:15:00,0,
2025.03.25 05:49:59,scan_executed_new_execution_bar,USDJPY,2025.03.25 05:30:00,0,
2025.03.25 05:54:59,scan_skipped_same_execution_bar,USDJPY,2025.03.25 05:30:00,0,
2025.03.25 06:04:58,scan_executed_new_execution_bar,USDJPY,2025.03.25 05:45:00,0,
2025.03.25 06:09:59,scan_skipped_same_execution_bar,USDJPY,2025.03.25 05:45:00,0,
2025.03.25 06:19:58,scan_executed_new_execution_bar,USDJPY,2025.03.25 06:00:00,0,
2025.03.25 06:24:59,scan_skipped_same_execution_bar,USDJPY,2025.03.25 06:00:00,0,
2025.03.25 06:34:59,scan_executed_new_execution_bar,USDJPY,2025.03.25 06:15:00,0,
2025.03.25 06:39:59,scan_skipped_same_execution_bar,USDJPY,2025.03.25 06:15:00,0,
2025.03.25 06:49:58,scan_executed_new_execution_bar,USDJPY,2025.03.25 06:30:00,0,
2025.03.25 06:54:59,scan_skipped_same_execution_bar,USDJPY,2025.03.25 06:30:00,0,
2025.03.25 07:04:59,scan_executed_new_execution_bar,USDJPY,2025.03.25 06:45:00,0,
2025.03.25 07:09:59,scan_skipped_same_execution_bar,USDJPY,2025.03.25 06:45:00,0,
2025.03.25 07:19:58,scan_executed_new_execution_bar,USDJPY,2025.03.25 07:00:00,0,
2025.03.25 07:24:59,scan_skipped_same_execution_bar,USDJPY,2025.03.25 07:00:00,0,
2025.03.25 07:34:59,scan_executed_new_execution_bar,USDJPY,2025.03.25 07:15:00,0,
2025.03.25 07:39:59,scan_skipped_same_execution_bar,USDJPY,2025.03.25 07:15:00,0,
2025.03.25 07:49:58,scan_executed_new_execution_bar,USDJPY,2025.03.25 07:30:00,0,
2025.03.25 07:54:59,scan_skipped_same_execution_bar,USDJPY,2025.03.25 07:30:00,0,
2025.03.25 08:04:59,scan_executed_new_execution_bar,USDJPY,2025.03.25 07:45:00,0,
2025.03.25 08:09:59,scan_skipped_same_execution_bar,USDJPY,2025.03.25 07:45:00,0,
2025.03.25 08:19:59,scan_executed_new_execution_bar,USDJPY,2025.03.25 08:00:00,0,
2025.03.25 08:24:59,scan_skipped_same_execution_bar,USDJPY,2025.03.25 08:00:00,0,
2025.03.25 08:34:59,scan_executed_new_execution_bar,USDJPY,2025.03.25 08:15:00,0,
2025.03.25 08:39:59,scan_skipped_same_execution_bar,USDJPY,2025.03.25 08:15:00,0,
2025.03.25 08:49:59,scan_executed_new_execution_bar,USDJPY,2025.03.25 08:30:00,0,
2025.03.25 08:54:59,scan_skipped_same_execution_bar,USDJPY,2025.03.25 08:30:00,0,
2025.03.25 09:04:59,scan_executed_new_execution_bar,USDJPY,2025.03.25 08:45:00,0,
2025.03.25 09:09:59,scan_skipped_same_execution_bar,USDJPY,2025.03.25 08:45:00,0,
2025.03.25 09:19:59,scan_executed_new_execution_bar,USDJPY,2025.03.25 09:00:00,16,
2025.03.25 09:24:59,scan_skipped_same_execution_bar,USDJPY,2025.03.25 09:00:00,0,
2025.03.25 09:34:59,scan_executed_new_execution_bar,USDJPY,2025.03.25 09:15:00,0,
2025.03.25 09:39:59,scan_skipped_same_execution_bar,USDJPY,2025.03.25 09:15:00,0,
2025.03.25 09:49:59,scan_executed_new_execution_bar,USDJPY,2025.03.25 09:30:00,0,
2025.03.25 09:54:59,scan_skipped_same_execution_bar,USDJPY,2025.03.25 09:30:00,0,
2025.03.25 10:04:59,scan_executed_new_execution_bar,USDJPY,2025.03.25 09:45:00,0,
2025.03.25 10:09:59,scan_skipped_same_execution_bar,USDJPY,2025.03.25 09:45:00,0,
2025.03.25 10:19:59,scan_executed_new_execution_bar,USDJPY,2025.03.25 10:00:00,0,
2025.03.25 10:24:59,scan_skipped_same_execution_bar,USDJPY,2025.03.25 10:00:00,0,
2025.03.25 10:34:59,scan_executed_new_execution_bar,USDJPY,2025.03.25 10:15:00,0,
2025.03.25 10:39:59,scan_skipped_same_execution_bar,USDJPY,2025.03.25 10:15:00,0,
2025.03.25 10:49:59,scan_executed_new_execution_bar,USDJPY,2025.03.25 10:30:00,0,
2025.03.25 10:54:59,scan_skipped_same_execution_bar,USDJPY,2025.03.25 10:30:00,0,
2025.03.25 11:04:59,scan_executed_new_execution_bar,USDJPY,2025.03.25 10:45:00,0,
2025.03.25 11:09:59,scan_skipped_same_execution_bar,USDJPY,2025.03.25 10:45:00,0,
2025.03.25 11:19:59,scan_executed_new_execution_bar,USDJPY,2025.03.25 11:00:00,0,
2025.03.25 11:24:59,scan_skipped_same_execution_bar,USDJPY,2025.03.25 11:00:00,0,
2025.03.25 11:34:59,scan_executed_new_execution_bar,USDJPY,2025.03.25 11:15:00,0,
2025.03.25 11:39:59,scan_skipped_same_execution_bar,USDJPY,2025.03.25 11:15:00,0,
2025.03.25 11:49:59,scan_executed_new_execution_bar,USDJPY,2025.03.25 11:30:00,16,
2025.03.25 11:54:59,scan_skipped_same_execution_bar,USDJPY,2025.03.25 11:30:00,0,
2025.03.25 12:04:59,scan_executed_new_execution_bar,USDJPY,2025.03.25 11:45:00,0,
2025.03.25 12:09:59,scan_skipped_same_execution_bar,USDJPY,2025.03.25 11:45:00,0,
2025.03.25 12:19:59,scan_executed_new_execution_bar,USDJPY,2025.03.25 12:00:00,16,
2025.03.25 12:24:59,scan_skipped_same_execution_bar,USDJPY,2025.03.25 12:00:00,0,
2025.03.25 12:34:59,scan_executed_new_execution_bar,USDJPY,2025.03.25 12:15:00,0,
2025.03.25 12:39:59,scan_skipped_same_execution_bar,USDJPY,2025.03.25 12:15:00,0,
2025.03.25 12:49:59,scan_executed_new_execution_bar,USDJPY,2025.03.25 12:30:00,0,
2025.03.25 12:54:58,scan_skipped_same_execution_bar,USDJPY,2025.03.25 12:30:00,0,
2025.03.25 13:04:59,scan_executed_new_execution_bar,USDJPY,2025.03.25 12:45:00,0,
2025.03.25 13:09:59,scan_skipped_same_execution_bar,USDJPY,2025.03.25 12:45:00,0,
2025.03.25 13:19:59,scan_executed_new_execution_bar,USDJPY,2025.03.25 13:00:00,0,
2025.03.25 13:24:58,scan_skipped_same_execution_bar,USDJPY,2025.03.25 13:00:00,0,
2025.03.25 13:34:59,scan_executed_new_execution_bar,USDJPY,2025.03.25 13:15:00,0,
2025.03.25 13:39:59,scan_skipped_same_execution_bar,USDJPY,2025.03.25 13:15:00,0,
2025.03.25 13:49:59,scan_executed_new_execution_bar,USDJPY,2025.03.25 13:30:00,0,
2025.03.25 13:54:59,scan_skipped_same_execution_bar,USDJPY,2025.03.25 13:30:00,0,
2025.03.25 14:04:59,scan_executed_new_execution_bar,USDJPY,2025.03.25 13:45:00,0,
2025.03.25 14:09:59,scan_skipped_same_execution_bar,USDJPY,2025.03.25 13:45:00,0,
2025.03.25 14:19:59,scan_executed_new_execution_bar,USDJPY,2025.03.25 14:00:00,16,
2025.03.25 14:24:59,scan_skipped_same_execution_bar,USDJPY,2025.03.25 14:00:00,0,
2025.03.25 14:34:59,scan_executed_new_execution_bar,USDJPY,2025.03.25 14:15:00,15,
2025.03.25 14:39:59,scan_skipped_same_execution_bar,USDJPY,2025.03.25 14:15:00,0,
2025.03.25 14:49:59,scan_executed_new_execution_bar,USDJPY,2025.03.25 14:30:00,0,
2025.03.25 14:54:59,scan_skipped_same_execution_bar,USDJPY,2025.03.25 14:30:00,0,
2025.03.25 15:04:59,scan_executed_new_execution_bar,USDJPY,2025.03.25 14:45:00,46,
2025.03.25 15:09:59,scan_skipped_same_execution_bar,USDJPY,2025.03.25 14:45:00,0,
2025.03.25 15:19:59,scan_executed_new_execution_bar,USDJPY,2025.03.25 15:00:00,0,
2025.03.25 15:24:59,scan_skipped_same_execution_bar,USDJPY,2025.03.25 15:00:00,0,
2025.03.25 15:34:59,scan_executed_new_execution_bar,USDJPY,2025.03.25 15:15:00,0,
2025.03.25 15:39:59,scan_skipped_same_execution_bar,USDJPY,2025.03.25 15:15:00,0,
2025.03.25 15:49:59,scan_executed_new_execution_bar,USDJPY,2025.03.25 15:30:00,0,
2025.03.25 15:54:59,scan_skipped_same_execution_bar,USDJPY,2025.03.25 15:30:00,0,
2025.03.25 16:04:59,scan_executed_new_execution_bar,USDJPY,2025.03.25 15:45:00,0,
2025.03.25 16:09:59,scan_skipped_same_execution_bar,USDJPY,2025.03.25 15:45:00,0,
2025.03.25 16:19:59,scan_executed_new_execution_bar,USDJPY,2025.03.25 16:00:00,0,
2025.03.25 16:24:59,scan_skipped_same_execution_bar,USDJPY,2025.03.25 16:00:00,0,
2025.03.25 16:34:59,scan_executed_new_execution_bar,USDJPY,2025.03.25 16:15:00,15,
2025.03.25 16:39:59,scan_skipped_same_execution_bar,USDJPY,2025.03.25 16:15:00,0,
2025.03.25 16:49:59,scan_executed_new_execution_bar,USDJPY,2025.03.25 16:30:00,0,
2025.03.25 16:54:59,scan_skipped_same_execution_bar,USDJPY,2025.03.25 16:30:00,0,
2025.03.25 17:04:59,scan_executed_new_execution_bar,USDJPY,2025.03.25 16:45:00,0,
2025.03.25 17:09:59,scan_skipped_same_execution_bar,USDJPY,2025.03.25 16:45:00,0,
2025.03.25 17:19:59,scan_executed_new_execution_bar,USDJPY,2025.03.25 17:00:00,0,
2025.03.25 17:25:00,scan_skipped_same_execution_bar,USDJPY,2025.03.25 17:00:00,0,
2025.03.25 17:34:59,scan_executed_new_execution_bar,USDJPY,2025.03.25 17:15:00,0,
2025.03.25 17:39:59,scan_skipped_same_execution_bar,USDJPY,2025.03.25 17:15:00,0,
2025.03.25 17:49:59,scan_executed_new_execution_bar,USDJPY,2025.03.25 17:30:00,0,
2025.03.25 17:54:59,scan_skipped_same_execution_bar,USDJPY,2025.03.25 17:30:00,0,
2025.03.25 18:04:59,scan_executed_new_execution_bar,USDJPY,2025.03.25 17:45:00,0,
2025.03.25 18:09:59,scan_skipped_same_execution_bar,USDJPY,2025.03.25 17:45:00,0,
2025.03.25 18:19:59,scan_executed_new_execution_bar,USDJPY,2025.03.25 18:00:00,0,
2025.03.25 18:24:59,scan_skipped_same_execution_bar,USDJPY,2025.03.25 18:00:00,0,
2025.03.25 18:34:59,scan_executed_new_execution_bar,USDJPY,2025.03.25 18:15:00,0,
2025.03.25 18:39:59,scan_skipped_same_execution_bar,USDJPY,2025.03.25 18:15:00,0,
2025.03.25 18:49:59,scan_executed_new_execution_bar,USDJPY,2025.03.25 18:30:00,31,
2025.03.25 18:54:59,scan_skipped_same_execution_bar,USDJPY,2025.03.25 18:30:00,0,
2025.03.25 19:04:59,scan_executed_new_execution_bar,USDJPY,2025.03.25 18:45:00,31,
2025.03.25 19:09:59,scan_skipped_same_execution_bar,USDJPY,2025.03.25 18:45:00,0,
2025.03.25 19:19:59,scan_executed_new_execution_bar,USDJPY,2025.03.25 19:00:00,0,
2025.03.25 19:24:59,scan_skipped_same_execution_bar,USDJPY,2025.03.25 19:00:00,0,
2025.03.25 19:34:59,scan_executed_new_execution_bar,USDJPY,2025.03.25 19:15:00,16,
2025.03.25 19:39:59,scan_skipped_same_execution_bar,USDJPY,2025.03.25 19:15:00,0,
2025.03.25 19:49:59,scan_executed_new_execution_bar,USDJPY,2025.03.25 19:30:00,0,
2025.03.25 19:54:59,scan_skipped_same_execution_bar,USDJPY,2025.03.25 19:30:00,0,
2025.03.25 20:04:59,scan_executed_new_execution_bar,USDJPY,2025.03.25 19:45:00,0,
2025.03.25 20:09:58,scan_skipped_same_execution_bar,USDJPY,2025.03.25 19:45:00,0,
2025.03.25 20:19:59,scan_executed_new_execution_bar,USDJPY,2025.03.25 20:00:00,15,
2025.03.25 20:24:59,scan_skipped_same_execution_bar,USDJPY,2025.03.25 20:00:00,0,
2025.03.25 20:34:59,scan_executed_new_execution_bar,USDJPY,2025.03.25 20:15:00,0,
2025.03.25 20:39:59,scan_skipped_same_execution_bar,USDJPY,2025.03.25 20:15:00,0,
2025.03.25 20:49:59,scan_executed_new_execution_bar,USDJPY,2025.03.25 20:30:00,0,
2025.03.25 20:54:59,scan_skipped_same_execution_bar,USDJPY,2025.03.25 20:30:00,0,
2025.03.25 21:04:58,scan_executed_new_execution_bar,USDJPY,2025.03.25 20:45:00,0,
2025.03.25 21:09:59,scan_skipped_same_execution_bar,USDJPY,2025.03.25 20:45:00,0,
2025.03.25 21:19:58,scan_executed_new_execution_bar,USDJPY,2025.03.25 21:00:00,0,
2025.03.25 21:24:59,scan_skipped_same_execution_bar,USDJPY,2025.03.25 21:00:00,0,
2025.03.25 21:34:59,scan_executed_new_execution_bar,USDJPY,2025.03.25 21:15:00,0,
2025.03.25 21:39:59,scan_skipped_same_execution_bar,USDJPY,2025.03.25 21:15:00,0,
2025.03.25 21:49:59,scan_executed_new_execution_bar,USDJPY,2025.03.25 21:30:00,0,
2025.03.25 21:54:59,scan_skipped_same_execution_bar,USDJPY,2025.03.25 21:30:00,0,
2025.03.25 22:04:59,scan_executed_new_execution_bar,USDJPY,2025.03.25 21:45:00,0,
2025.03.25 22:09:59,scan_skipped_same_execution_bar,USDJPY,2025.03.25 21:45:00,0,
2025.03.25 22:19:59,scan_executed_new_execution_bar,USDJPY,2025.03.25 22:00:00,15,
2025.03.25 22:24:59,scan_skipped_same_execution_bar,USDJPY,2025.03.25 22:00:00,0,
2025.03.25 22:34:59,scan_executed_new_execution_bar,USDJPY,2025.03.25 22:15:00,0,
2025.03.25 22:39:59,scan_skipped_same_execution_bar,USDJPY,2025.03.25 22:15:00,0,
2025.03.25 22:49:59,scan_executed_new_execution_bar,USDJPY,2025.03.25 22:30:00,0,
2025.03.25 22:54:59,scan_skipped_same_execution_bar,USDJPY,2025.03.25 22:30:00,0,
2025.03.25 23:04:59,scan_executed_new_execution_bar,USDJPY,2025.03.25 22:45:00,0,
2025.03.25 23:09:59,scan_skipped_same_execution_bar,USDJPY,2025.03.25 22:45:00,0,
2025.03.25 23:19:59,scan_executed_new_execution_bar,USDJPY,2025.03.25 23:00:00,0,
2025.03.25 23:24:57,scan_skipped_same_execution_bar,USDJPY,2025.03.25 23:00:00,0,
2025.03.25 23:34:58,scan_executed_new_execution_bar,USDJPY,2025.03.25 23:15:00,0,
2025.03.25 23:39:59,scan_skipped_same_execution_bar,USDJPY,2025.03.25 23:15:00,0,
2025.03.25 23:49:59,scan_executed_new_execution_bar,USDJPY,2025.03.25 23:30:00,0,
2025.03.25 23:54:59,scan_skipped_same_execution_bar,USDJPY,2025.03.25 23:30:00,0,
2025.03.26 00:04:58,scan_executed_new_execution_bar,USDJPY,2025.03.25 23:45:00,0,
2025.03.26 00:09:59,scan_skipped_same_execution_bar,USDJPY,2025.03.25 23:45:00,0,
2025.03.26 00:19:59,scan_executed_new_execution_bar,USDJPY,2025.03.26 00:00:00,0,
2025.03.26 00:24:59,scan_skipped_same_execution_bar,USDJPY,2025.03.26 00:00:00,0,
2025.03.26 00:34:45,scan_executed_new_execution_bar,USDJPY,2025.03.26 00:15:00,0,
2025.03.26 00:39:58,scan_skipped_same_execution_bar,USDJPY,2025.03.26 00:15:00,0,
2025.03.26 00:49:59,scan_executed_new_execution_bar,USDJPY,2025.03.26 00:30:00,0,
2025.03.26 00:54:59,scan_skipped_same_execution_bar,USDJPY,2025.03.26 00:30:00,0,
2025.03.26 01:04:59,scan_executed_new_execution_bar,USDJPY,2025.03.26 00:45:00,0,
2025.03.26 01:09:58,scan_skipped_same_execution_bar,USDJPY,2025.03.26 00:45:00,0,
2025.03.26 01:19:58,scan_executed_new_execution_bar,USDJPY,2025.03.26 01:00:00,0,
2025.03.26 01:24:56,scan_skipped_same_execution_bar,USDJPY,2025.03.26 01:00:00,0,
2025.03.26 01:34:57,scan_executed_new_execution_bar,USDJPY,2025.03.26 01:15:00,0,
2025.03.26 01:39:59,scan_skipped_same_execution_bar,USDJPY,2025.03.26 01:15:00,0,
2025.03.26 01:49:59,scan_executed_new_execution_bar,USDJPY,2025.03.26 01:30:00,0,
2025.03.26 01:54:59,scan_skipped_same_execution_bar,USDJPY,2025.03.26 01:30:00,0,
2025.03.26 02:04:59,scan_executed_new_execution_bar,USDJPY,2025.03.26 01:45:00,0,
2025.03.26 02:09:59,scan_skipped_same_execution_bar,USDJPY,2025.03.26 01:45:00,0,
2025.03.26 02:19:59,scan_executed_new_execution_bar,USDJPY,2025.03.26 02:00:00,0,
2025.03.26 02:24:58,scan_skipped_same_execution_bar,USDJPY,2025.03.26 02:00:00,0,
2025.03.26 02:34:59,scan_executed_new_execution_bar,USDJPY,2025.03.26 02:15:00,0,
2025.03.26 02:39:58,scan_skipped_same_execution_bar,USDJPY,2025.03.26 02:15:00,0,
2025.03.26 02:49:59,scan_executed_new_execution_bar,USDJPY,2025.03.26 02:30:00,0,
2025.03.26 02:54:59,scan_skipped_same_execution_bar,USDJPY,2025.03.26 02:30:00,0,
2025.03.26 03:04:59,scan_executed_new_execution_bar,USDJPY,2025.03.26 02:45:00,0,
2025.03.26 03:09:59,scan_skipped_same_execution_bar,USDJPY,2025.03.26 02:45:00,0,
2025.03.26 03:19:59,scan_executed_new_execution_bar,USDJPY,2025.03.26 03:00:00,0,
2025.03.26 03:24:59,scan_skipped_same_execution_bar,USDJPY,2025.03.26 03:00:00,0,
2025.03.26 03:34:59,scan_executed_new_execution_bar,USDJPY,2025.03.26 03:15:00,0,
2025.03.26 03:39:59,scan_skipped_same_execution_bar,USDJPY,2025.03.26 03:15:00,0,
2025.03.26 03:49:59,scan_executed_new_execution_bar,USDJPY,2025.03.26 03:30:00,0,
2025.03.26 03:54:59,scan_skipped_same_execution_bar,USDJPY,2025.03.26 03:30:00,0,
2025.03.26 04:04:59,scan_executed_new_execution_bar,USDJPY,2025.03.26 03:45:00,0,
2025.03.26 04:09:59,scan_skipped_same_execution_bar,USDJPY,2025.03.26 03:45:00,0,
2025.03.26 04:19:59,scan_executed_new_execution_bar,USDJPY,2025.03.26 04:00:00,0,
2025.03.26 04:24:59,scan_skipped_same_execution_bar,USDJPY,2025.03.26 04:00:00,0,
2025.03.26 04:34:59,scan_executed_new_execution_bar,USDJPY,2025.03.26 04:15:00,0,
2025.03.26 04:39:59,scan_skipped_same_execution_bar,USDJPY,2025.03.26 04:15:00,0,
2025.03.26 04:49:59,scan_executed_new_execution_bar,USDJPY,2025.03.26 04:30:00,15,
2025.03.26 04:54:59,scan_skipped_same_execution_bar,USDJPY,2025.03.26 04:30:00,0,
2025.03.26 05:04:59,scan_executed_new_execution_bar,USDJPY,2025.03.26 04:45:00,16,
2025.03.26 05:09:59,scan_skipped_same_execution_bar,USDJPY,2025.03.26 04:45:00,0,
2025.03.26 05:19:59,scan_executed_new_execution_bar,USDJPY,2025.03.26 05:00:00,0,
2025.03.26 05:24:59,scan_skipped_same_execution_bar,USDJPY,2025.03.26 05:00:00,0,
2025.03.26 05:34:59,scan_executed_new_execution_bar,USDJPY,2025.03.26 05:15:00,0,
2025.03.26 05:39:59,scan_skipped_same_execution_bar,USDJPY,2025.03.26 05:15:00,0,
2025.03.26 05:49:59,scan_executed_new_execution_bar,USDJPY,2025.03.26 05:30:00,0,
2025.03.26 05:54:59,scan_skipped_same_execution_bar,USDJPY,2025.03.26 05:30:00,0,
2025.03.26 06:04:59,scan_executed_new_execution_bar,USDJPY,2025.03.26 05:45:00,0,
2025.03.26 06:09:57,scan_skipped_same_execution_bar,USDJPY,2025.03.26 05:45:00,0,
2025.03.26 06:19:59,scan_executed_new_execution_bar,USDJPY,2025.03.26 06:00:00,0,
2025.03.26 06:24:59,scan_skipped_same_execution_bar,USDJPY,2025.03.26 06:00:00,0,
2025.03.26 06:34:59,scan_executed_new_execution_bar,USDJPY,2025.03.26 06:15:00,0,
2025.03.26 06:39:59,scan_skipped_same_execution_bar,USDJPY,2025.03.26 06:15:00,0,
2025.03.26 06:49:59,scan_executed_new_execution_bar,USDJPY,2025.03.26 06:30:00,0,
2025.03.26 06:54:59,scan_skipped_same_execution_bar,USDJPY,2025.03.26 06:30:00,0,
2025.03.26 07:04:59,scan_executed_new_execution_bar,USDJPY,2025.03.26 06:45:00,0,
2025.03.26 07:10:00,scan_skipped_same_execution_bar,USDJPY,2025.03.26 06:45:00,0,
2025.03.26 07:19:59,scan_executed_new_execution_bar,USDJPY,2025.03.26 07:00:00,0,
2025.03.26 07:24:59,scan_skipped_same_execution_bar,USDJPY,2025.03.26 07:00:00,0,
2025.03.26 07:34:59,scan_executed_new_execution_bar,USDJPY,2025.03.26 07:15:00,0,
2025.03.26 07:39:59,scan_skipped_same_execution_bar,USDJPY,2025.03.26 07:15:00,0,
2025.03.26 07:49:59,scan_executed_new_execution_bar,USDJPY,2025.03.26 07:30:00,0,
2025.03.26 07:54:59,scan_skipped_same_execution_bar,USDJPY,2025.03.26 07:30:00,0,
2025.03.26 08:04:59,scan_executed_new_execution_bar,USDJPY,2025.03.26 07:45:00,0,
2025.03.26 08:09:59,scan_skipped_same_execution_bar,USDJPY,2025.03.26 07:45:00,0,
2025.03.26 08:19:59,scan_executed_new_execution_bar,USDJPY,2025.03.26 08:00:00,0,
2025.03.26 08:24:59,scan_skipped_same_execution_bar,USDJPY,2025.03.26 08:00:00,0,
2025.03.26 08:34:59,scan_executed_new_execution_bar,USDJPY,2025.03.26 08:15:00,0,
2025.03.26 08:40:00,scan_skipped_same_execution_bar,USDJPY,2025.03.26 08:15:00,0,
2025.03.26 08:49:59,scan_executed_new_execution_bar,USDJPY,2025.03.26 08:30:00,0,
2025.03.26 08:54:59,scan_skipped_same_execution_bar,USDJPY,2025.03.26 08:30:00,0,
2025.03.26 09:04:59,scan_executed_new_execution_bar,USDJPY,2025.03.26 08:45:00,0,
2025.03.26 09:09:59,scan_skipped_same_execution_bar,USDJPY,2025.03.26 08:45:00,0,
2025.03.26 09:19:59,scan_executed_new_execution_bar,USDJPY,2025.03.26 09:00:00,0,
2025.03.26 09:24:59,scan_skipped_same_execution_bar,USDJPY,2025.03.26 09:00:00,0,
2025.03.26 09:34:59,scan_executed_new_execution_bar,USDJPY,2025.03.26 09:15:00,0,
2025.03.26 09:39:59,scan_skipped_same_execution_bar,USDJPY,2025.03.26 09:15:00,0,
2025.03.26 09:49:59,scan_executed_new_execution_bar,USDJPY,2025.03.26 09:30:00,0,
2025.03.26 09:54:59,scan_skipped_same_execution_bar,USDJPY,2025.03.26 09:30:00,0,
2025.03.26 10:04:59,scan_executed_new_execution_bar,USDJPY,2025.03.26 09:45:00,0,
2025.03.26 10:09:59,scan_skipped_same_execution_bar,USDJPY,2025.03.26 09:45:00,0,
2025.03.26 10:19:59,scan_executed_new_execution_bar,USDJPY,2025.03.26 10:00:00,0,
2025.03.26 10:24:59,scan_skipped_same_execution_bar,USDJPY,2025.03.26 10:00:00,0,
2025.03.26 10:34:58,scan_executed_new_execution_bar,USDJPY,2025.03.26 10:15:00,0,
2025.03.26 10:39:59,scan_skipped_same_execution_bar,USDJPY,2025.03.26 10:15:00,0,
2025.03.26 10:45:00,scan_executed_new_execution_bar,USDJPY,2025.03.26 10:30:00,0,
2025.03.26 10:49:59,scan_skipped_same_execution_bar,USDJPY,2025.03.26 10:30:00,0,
2025.03.26 11:04:59,scan_executed_new_execution_bar,USDJPY,2025.03.26 10:45:00,16,
2025.03.26 11:09:59,scan_skipped_same_execution_bar,USDJPY,2025.03.26 10:45:00,0,
2025.03.26 11:19:59,scan_executed_new_execution_bar,USDJPY,2025.03.26 11:00:00,16,
2025.03.26 11:24:59,scan_skipped_same_execution_bar,USDJPY,2025.03.26 11:00:00,0,
2025.03.26 11:34:59,scan_executed_new_execution_bar,USDJPY,2025.03.26 11:15:00,0,
2025.03.26 11:39:59,scan_skipped_same_execution_bar,USDJPY,2025.03.26 11:15:00,0,
2025.03.26 11:49:59,scan_executed_new_execution_bar,USDJPY,2025.03.26 11:30:00,0,
2025.03.26 11:54:59,scan_skipped_same_execution_bar,USDJPY,2025.03.26 11:30:00,0,
2025.03.26 12:04:59,scan_executed_new_execution_bar,USDJPY,2025.03.26 11:45:00,31,
2025.03.26 12:09:59,scan_skipped_same_execution_bar,USDJPY,2025.03.26 11:45:00,0,
2025.03.26 12:19:59,scan_executed_new_execution_bar,USDJPY,2025.03.26 12:00:00,0,
2025.03.26 12:24:59,scan_skipped_same_execution_bar,USDJPY,2025.03.26 12:00:00,0,
2025.03.26 12:34:59,scan_executed_new_execution_bar,USDJPY,2025.03.26 12:15:00,0,
2025.03.26 12:39:59,scan_skipped_same_execution_bar,USDJPY,2025.03.26 12:15:00,0,
2025.03.26 12:49:59,scan_executed_new_execution_bar,USDJPY,2025.03.26 12:30:00,16,
2025.03.26 12:55:00,scan_skipped_same_execution_bar,USDJPY,2025.03.26 12:30:00,0,
2025.03.26 13:04:59,scan_executed_new_execution_bar,USDJPY,2025.03.26 12:45:00,0,
2025.03.26 13:09:59,scan_skipped_same_execution_bar,USDJPY,2025.03.26 12:45:00,0,
2025.03.26 13:19:59,scan_executed_new_execution_bar,USDJPY,2025.03.26 13:00:00,0,
2025.03.26 13:24:59,scan_skipped_same_execution_bar,USDJPY,2025.03.26 13:00:00,0,
2025.03.26 13:34:59,scan_executed_new_execution_bar,USDJPY,2025.03.26 13:15:00,16,
2025.03.26 13:39:59,scan_skipped_same_execution_bar,USDJPY,2025.03.26 13:15:00,0,
2025.03.26 13:49:59,scan_executed_new_execution_bar,USDJPY,2025.03.26 13:30:00,31,
2025.03.26 13:54:59,scan_skipped_same_execution_bar,USDJPY,2025.03.26 13:30:00,0,
2025.03.26 14:04:59,scan_executed_new_execution_bar,USDJPY,2025.03.26 13:45:00,16,
2025.03.26 14:09:59,scan_skipped_same_execution_bar,USDJPY,2025.03.26 13:45:00,0,
2025.03.26 14:19:59,scan_executed_new_execution_bar,USDJPY,2025.03.26 14:00:00,0,
2025.03.26 14:24:59,scan_skipped_same_execution_bar,USDJPY,2025.03.26 14:00:00,0,
2025.03.26 14:34:58,scan_executed_new_execution_bar,USDJPY,2025.03.26 14:15:00,0,
2025.03.26 14:39:59,scan_skipped_same_execution_bar,USDJPY,2025.03.26 14:15:00,0,
2025.03.26 14:49:59,scan_executed_new_execution_bar,USDJPY,2025.03.26 14:30:00,0,
2025.03.26 14:54:59,scan_skipped_same_execution_bar,USDJPY,2025.03.26 14:30:00,0,
2025.03.26 15:04:59,scan_executed_new_execution_bar,USDJPY,2025.03.26 14:45:00,0,
2025.03.26 15:09:59,scan_skipped_same_execution_bar,USDJPY,2025.03.26 14:45:00,0,
2025.03.26 15:19:59,scan_executed_new_execution_bar,USDJPY,2025.03.26 15:00:00,0,
2025.03.26 15:24:59,scan_skipped_same_execution_bar,USDJPY,2025.03.26 15:00:00,0,
2025.03.26 15:34:59,scan_executed_new_execution_bar,USDJPY,2025.03.26 15:15:00,16,
2025.03.26 15:39:59,scan_skipped_same_execution_bar,USDJPY,2025.03.26 15:15:00,0,
2025.03.26 15:49:59,scan_executed_new_execution_bar,USDJPY,2025.03.26 15:30:00,0,
2025.03.26 15:54:59,scan_skipped_same_execution_bar,USDJPY,2025.03.26 15:30:00,0,
2025.03.26 16:04:59,scan_executed_new_execution_bar,USDJPY,2025.03.26 15:45:00,0,
2025.03.26 16:09:59,scan_skipped_same_execution_bar,USDJPY,2025.03.26 15:45:00,0,
2025.03.26 16:19:59,scan_executed_new_execution_bar,USDJPY,2025.03.26 16:00:00,0,
2025.03.26 16:24:59,scan_skipped_same_execution_bar,USDJPY,2025.03.26 16:00:00,0,
2025.03.26 16:34:59,scan_executed_new_execution_bar,USDJPY,2025.03.26 16:15:00,0,
2025.03.26 16:39:59,scan_skipped_same_execution_bar,USDJPY,2025.03.26 16:15:00,0,
2025.03.26 16:49:59,scan_executed_new_execution_bar,USDJPY,2025.03.26 16:30:00,0,
2025.03.26 16:54:59,scan_skipped_same_execution_bar,USDJPY,2025.03.26 16:30:00,0,
2025.03.26 17:04:59,scan_executed_new_execution_bar,USDJPY,2025.03.26 16:45:00,0,
2025.03.26 17:09:59,scan_skipped_same_execution_bar,USDJPY,2025.03.26 16:45:00,0,
2025.03.26 17:19:59,scan_executed_new_execution_bar,USDJPY,2025.03.26 17:00:00,16,
2025.03.26 17:24:59,scan_skipped_same_execution_bar,USDJPY,2025.03.26 17:00:00,0,
2025.03.26 17:34:59,scan_executed_new_execution_bar,USDJPY,2025.03.26 17:15:00,0,
2025.03.26 17:39:59,scan_skipped_same_execution_bar,USDJPY,2025.03.26 17:15:00,0,
2025.03.26 17:49:58,scan_executed_new_execution_bar,USDJPY,2025.03.26 17:30:00,0,
2025.03.26 17:54:59,scan_skipped_same_execution_bar,USDJPY,2025.03.26 17:30:00,0,
2025.03.26 18:04:59,scan_executed_new_execution_bar,USDJPY,2025.03.26 17:45:00,15,
2025.03.26 18:09:59,scan_skipped_same_execution_bar,USDJPY,2025.03.26 17:45:00,0,
2025.03.26 18:19:59,scan_executed_new_execution_bar,USDJPY,2025.03.26 18:00:00,0,
2025.03.26 18:24:59,scan_skipped_same_execution_bar,USDJPY,2025.03.26 18:00:00,0,
2025.03.26 18:34:59,scan_executed_new_execution_bar,USDJPY,2025.03.26 18:15:00,47,
2025.03.26 18:39:59,scan_skipped_same_execution_bar,USDJPY,2025.03.26 18:15:00,0,
2025.03.26 18:49:59,scan_executed_new_execution_bar,USDJPY,2025.03.26 18:30:00,0,
2025.03.26 18:54:59,scan_skipped_same_execution_bar,USDJPY,2025.03.26 18:30:00,0,
2025.03.26 19:04:59,scan_executed_new_execution_bar,USDJPY,2025.03.26 18:45:00,0,
2025.03.26 19:09:59,scan_skipped_same_execution_bar,USDJPY,2025.03.26 18:45:00,0,
2025.03.26 19:19:59,scan_executed_new_execution_bar,USDJPY,2025.03.26 19:00:00,47,
2025.03.26 19:24:59,scan_skipped_same_execution_bar,USDJPY,2025.03.26 19:00:00,0,
2025.03.26 19:34:59,scan_executed_new_execution_bar,USDJPY,2025.03.26 19:15:00,16,
2025.03.26 19:39:59,scan_skipped_same_execution_bar,USDJPY,2025.03.26 19:15:00,0,
2025.03.26 19:49:59,scan_executed_new_execution_bar,USDJPY,2025.03.26 19:30:00,0,
2025.03.26 19:54:59,scan_skipped_same_execution_bar,USDJPY,2025.03.26 19:30:00,0,
2025.03.26 20:04:59,scan_executed_new_execution_bar,USDJPY,2025.03.26 19:45:00,0,
2025.03.26 20:09:59,scan_skipped_same_execution_bar,USDJPY,2025.03.26 19:45:00,0,
2025.03.26 20:19:59,scan_executed_new_execution_bar,USDJPY,2025.03.26 20:00:00,0,
2025.03.26 20:24:59,scan_skipped_same_execution_bar,USDJPY,2025.03.26 20:00:00,0,
2025.03.26 20:34:59,scan_executed_new_execution_bar,USDJPY,2025.03.26 20:15:00,0,
2025.03.26 20:39:59,scan_skipped_same_execution_bar,USDJPY,2025.03.26 20:15:00,0,
2025.03.26 20:49:59,scan_executed_new_execution_bar,USDJPY,2025.03.26 20:30:00,0,
2025.03.26 20:54:59,scan_skipped_same_execution_bar,USDJPY,2025.03.26 20:30:00,0,
2025.03.26 21:04:59,scan_executed_new_execution_bar,USDJPY,2025.03.26 20:45:00,0,
2025.03.26 21:09:59,scan_skipped_same_execution_bar,USDJPY,2025.03.26 20:45:00,0,
2025.03.26 21:19:59,scan_executed_new_execution_bar,USDJPY,2025.03.26 21:00:00,47,
2025.03.26 21:24:59,scan_skipped_same_execution_bar,USDJPY,2025.03.26 21:00:00,0,
2025.03.26 21:34:59,scan_executed_new_execution_bar,USDJPY,2025.03.26 21:15:00,15,
2025.03.26 21:39:59,scan_skipped_same_execution_bar,USDJPY,2025.03.26 21:15:00,0,
2025.03.26 21:49:59,scan_executed_new_execution_bar,USDJPY,2025.03.26 21:30:00,63,
2025.03.26 21:54:59,scan_skipped_same_execution_bar,USDJPY,2025.03.26 21:30:00,0,
2025.03.26 22:04:59,scan_executed_new_execution_bar,USDJPY,2025.03.26 21:45:00,0,
2025.03.26 22:09:59,scan_skipped_same_execution_bar,USDJPY,2025.03.26 21:45:00,0,
2025.03.26 22:19:59,scan_executed_new_execution_bar,USDJPY,2025.03.26 22:00:00,0,
2025.03.26 22:24:59,scan_skipped_same_execution_bar,USDJPY,2025.03.26 22:00:00,0,
2025.03.26 22:34:59,scan_executed_new_execution_bar,USDJPY,2025.03.26 22:15:00,16,
2025.03.26 22:39:59,scan_skipped_same_execution_bar,USDJPY,2025.03.26 22:15:00,0,
2025.03.26 22:49:59,scan_executed_new_execution_bar,USDJPY,2025.03.26 22:30:00,0,
2025.03.26 22:54:59,scan_skipped_same_execution_bar,USDJPY,2025.03.26 22:30:00,0,
2025.03.26 23:04:57,scan_executed_new_execution_bar,USDJPY,2025.03.26 22:45:00,16,
2025.03.26 23:09:59,scan_skipped_same_execution_bar,USDJPY,2025.03.26 22:45:00,0,
2025.03.26 23:19:59,scan_executed_new_execution_bar,USDJPY,2025.03.26 23:00:00,15,
2025.03.26 23:24:58,scan_skipped_same_execution_bar,USDJPY,2025.03.26 23:00:00,0,
2025.03.26 23:34:59,scan_executed_new_execution_bar,USDJPY,2025.03.26 23:15:00,0,
2025.03.26 23:39:59,scan_skipped_same_execution_bar,USDJPY,2025.03.26 23:15:00,0,
2025.03.26 23:49:59,scan_executed_new_execution_bar,USDJPY,2025.03.26 23:30:00,0,
2025.03.26 23:54:59,scan_skipped_same_execution_bar,USDJPY,2025.03.26 23:30:00,0,
2025.03.27 00:04:59,scan_executed_new_execution_bar,USDJPY,2025.03.26 23:45:00,0,
2025.03.27 00:09:59,scan_skipped_same_execution_bar,USDJPY,2025.03.26 23:45:00,0,
2025.03.27 00:19:59,scan_executed_new_execution_bar,USDJPY,2025.03.27 00:00:00,0,
2025.03.27 00:24:59,scan_skipped_same_execution_bar,USDJPY,2025.03.27 00:00:00,0,
2025.03.27 00:34:59,scan_executed_new_execution_bar,USDJPY,2025.03.27 00:15:00,0,
2025.03.27 00:39:59,scan_skipped_same_execution_bar,USDJPY,2025.03.27 00:15:00,0,
2025.03.27 00:49:59,scan_executed_new_execution_bar,USDJPY,2025.03.27 00:30:00,0,
2025.03.27 00:54:57,scan_skipped_same_execution_bar,USDJPY,2025.03.27 00:30:00,0,
2025.03.27 01:04:59,scan_executed_new_execution_bar,USDJPY,2025.03.27 00:45:00,0,
2025.03.27 01:09:59,scan_skipped_same_execution_bar,USDJPY,2025.03.27 00:45:00,0,
2025.03.27 01:19:59,scan_executed_new_execution_bar,USDJPY,2025.03.27 01:00:00,15,
2025.03.27 01:24:59,scan_skipped_same_execution_bar,USDJPY,2025.03.27 01:00:00,0,
2025.03.27 01:34:59,scan_executed_new_execution_bar,USDJPY,2025.03.27 01:15:00,0,
2025.03.27 01:39:59,scan_skipped_same_execution_bar,USDJPY,2025.03.27 01:15:00,0,
2025.03.27 01:49:59,scan_executed_new_execution_bar,USDJPY,2025.03.27 01:30:00,16,
2025.03.27 01:54:59,scan_skipped_same_execution_bar,USDJPY,2025.03.27 01:30:00,0,
2025.03.27 02:04:59,scan_executed_new_execution_bar,USDJPY,2025.03.27 01:45:00,0,
2025.03.27 02:09:59,scan_skipped_same_execution_bar,USDJPY,2025.03.27 01:45:00,0,
2025.03.27 02:19:59,scan_executed_new_execution_bar,USDJPY,2025.03.27 02:00:00,31,
2025.03.27 02:24:59,scan_skipped_same_execution_bar,USDJPY,2025.03.27 02:00:00,0,
2025.03.27 02:34:59,scan_executed_new_execution_bar,USDJPY,2025.03.27 02:15:00,16,
2025.03.27 02:39:59,scan_skipped_same_execution_bar,USDJPY,2025.03.27 02:15:00,0,
2025.03.27 02:49:59,scan_executed_new_execution_bar,USDJPY,2025.03.27 02:30:00,15,
2025.03.27 02:54:59,scan_skipped_same_execution_bar,USDJPY,2025.03.27 02:30:00,0,
2025.03.27 03:04:59,scan_executed_new_execution_bar,USDJPY,2025.03.27 02:45:00,16,
2025.03.27 03:09:59,scan_skipped_same_execution_bar,USDJPY,2025.03.27 02:45:00,0,
2025.03.27 03:19:59,scan_executed_new_execution_bar,USDJPY,2025.03.27 03:00:00,31,
2025.03.27 03:24:59,scan_skipped_same_execution_bar,USDJPY,2025.03.27 03:00:00,0,
2025.03.27 03:34:59,scan_executed_new_execution_bar,USDJPY,2025.03.27 03:15:00,0,
2025.03.27 03:40:00,scan_skipped_same_execution_bar,USDJPY,2025.03.27 03:15:00,0,
2025.03.27 03:49:59,scan_executed_new_execution_bar,USDJPY,2025.03.27 03:30:00,0,
2025.03.27 03:54:59,scan_skipped_same_execution_bar,USDJPY,2025.03.27 03:30:00,0,
2025.03.27 04:04:59,scan_executed_new_execution_bar,USDJPY,2025.03.27 03:45:00,31,
2025.03.27 04:09:59,scan_skipped_same_execution_bar,USDJPY,2025.03.27 03:45:00,0,
2025.03.27 04:19:59,scan_executed_new_execution_bar,USDJPY,2025.03.27 04:00:00,0,
2025.03.27 04:24:59,scan_skipped_same_execution_bar,USDJPY,2025.03.27 04:00:00,0,
2025.03.27 04:34:59,scan_executed_new_execution_bar,USDJPY,2025.03.27 04:15:00,0,
2025.03.27 04:39:59,scan_skipped_same_execution_bar,USDJPY,2025.03.27 04:15:00,0,
2025.03.27 04:49:59,scan_executed_new_execution_bar,USDJPY,2025.03.27 04:30:00,0,
2025.03.27 04:54:59,scan_skipped_same_execution_bar,USDJPY,2025.03.27 04:30:00,0,
2025.03.27 05:04:59,scan_executed_new_execution_bar,USDJPY,2025.03.27 04:45:00,0,
2025.03.27 05:09:59,scan_skipped_same_execution_bar,USDJPY,2025.03.27 04:45:00,0,
2025.03.27 05:19:59,scan_executed_new_execution_bar,USDJPY,2025.03.27 05:00:00,0,
2025.03.27 05:24:57,scan_skipped_same_execution_bar,USDJPY,2025.03.27 05:00:00,0,
2025.03.27 05:34:58,scan_executed_new_execution_bar,USDJPY,2025.03.27 05:15:00,0,
2025.03.27 05:39:59,scan_skipped_same_execution_bar,USDJPY,2025.03.27 05:15:00,0,
2025.03.27 05:49:59,scan_executed_new_execution_bar,USDJPY,2025.03.27 05:30:00,0,
2025.03.27 05:54:58,scan_skipped_same_execution_bar,USDJPY,2025.03.27 05:30:00,0,
2025.03.27 06:04:59,scan_executed_new_execution_bar,USDJPY,2025.03.27 05:45:00,31,
2025.03.27 06:09:59,scan_skipped_same_execution_bar,USDJPY,2025.03.27 05:45:00,0,
2025.03.27 06:19:59,scan_executed_new_execution_bar,USDJPY,2025.03.27 06:00:00,0,
2025.03.27 06:24:58,scan_skipped_same_execution_bar,USDJPY,2025.03.27 06:00:00,0,
2025.03.27 06:34:59,scan_executed_new_execution_bar,USDJPY,2025.03.27 06:15:00,15,
2025.03.27 06:39:59,scan_skipped_same_execution_bar,USDJPY,2025.03.27 06:15:00,0,
2025.03.27 06:49:59,scan_executed_new_execution_bar,USDJPY,2025.03.27 06:30:00,15,
2025.03.27 06:54:59,scan_skipped_same_execution_bar,USDJPY,2025.03.27 06:30:00,0,
2025.03.27 07:04:59,scan_executed_new_execution_bar,USDJPY,2025.03.27 06:45:00,0,
2025.03.27 07:09:59,scan_skipped_same_execution_bar,USDJPY,2025.03.27 06:45:00,0,
2025.03.27 07:19:59,scan_executed_new_execution_bar,USDJPY,2025.03.27 07:00:00,0,
2025.03.27 07:24:59,scan_skipped_same_execution_bar,USDJPY,2025.03.27 07:00:00,0,
2025.03.27 07:34:59,scan_executed_new_execution_bar,USDJPY,2025.03.27 07:15:00,0,
2025.03.27 07:39:59,scan_skipped_same_execution_bar,USDJPY,2025.03.27 07:15:00,0,
2025.03.27 07:49:59,scan_executed_new_execution_bar,USDJPY,2025.03.27 07:30:00,16,
2025.03.27 07:54:59,scan_skipped_same_execution_bar,USDJPY,2025.03.27 07:30:00,0,
2025.03.27 08:04:59,scan_executed_new_execution_bar,USDJPY,2025.03.27 07:45:00,15,
2025.03.27 08:09:59,scan_skipped_same_execution_bar,USDJPY,2025.03.27 07:45:00,0,
2025.03.27 08:19:59,scan_executed_new_execution_bar,USDJPY,2025.03.27 08:00:00,15,
2025.03.27 08:24:59,scan_skipped_same_execution_bar,USDJPY,2025.03.27 08:00:00,0,
2025.03.27 08:34:59,scan_executed_new_execution_bar,USDJPY,2025.03.27 08:15:00,0,
2025.03.27 08:39:59,scan_skipped_same_execution_bar,USDJPY,2025.03.27 08:15:00,0,
2025.03.27 08:49:59,scan_executed_new_execution_bar,USDJPY,2025.03.27 08:30:00,0,
2025.03.27 08:54:59,scan_skipped_same_execution_bar,USDJPY,2025.03.27 08:30:00,0,
2025.03.27 09:04:59,scan_executed_new_execution_bar,USDJPY,2025.03.27 08:45:00,15,
2025.03.27 09:09:59,scan_skipped_same_execution_bar,USDJPY,2025.03.27 08:45:00,0,
2025.03.27 09:19:59,scan_executed_new_execution_bar,USDJPY,2025.03.27 09:00:00,0,
2025.03.27 09:24:59,scan_skipped_same_execution_bar,USDJPY,2025.03.27 09:00:00,0,
2025.03.27 09:34:59,scan_executed_new_execution_bar,USDJPY,2025.03.27 09:15:00,0,
2025.03.27 09:39:59,scan_skipped_same_execution_bar,USDJPY,2025.03.27 09:15:00,0,
2025.03.27 09:49:59,scan_executed_new_execution_bar,USDJPY,2025.03.27 09:30:00,0,
2025.03.27 09:54:57,scan_skipped_same_execution_bar,USDJPY,2025.03.27 09:30:00,0,
2025.03.27 10:04:59,scan_executed_new_execution_bar,USDJPY,2025.03.27 09:45:00,16,
2025.03.27 10:09:59,scan_skipped_same_execution_bar,USDJPY,2025.03.27 09:45:00,0,
2025.03.27 10:19:59,scan_executed_new_execution_bar,USDJPY,2025.03.27 10:00:00,0,
2025.03.27 10:24:59,scan_skipped_same_execution_bar,USDJPY,2025.03.27 10:00:00,0,
2025.03.27 10:34:59,scan_executed_new_execution_bar,USDJPY,2025.03.27 10:15:00,0,
2025.03.27 10:39:59,scan_skipped_same_execution_bar,USDJPY,2025.03.27 10:15:00,0,
2025.03.27 10:49:58,scan_executed_new_execution_bar,USDJPY,2025.03.27 10:30:00,0,
2025.03.27 10:54:59,scan_skipped_same_execution_bar,USDJPY,2025.03.27 10:30:00,0,
2025.03.27 11:04:59,scan_executed_new_execution_bar,USDJPY,2025.03.27 10:45:00,0,
2025.03.27 11:09:59,scan_skipped_same_execution_bar,USDJPY,2025.03.27 10:45:00,0,
2025.03.27 11:19:59,scan_executed_new_execution_bar,USDJPY,2025.03.27 11:00:00,0,
2025.03.27 11:24:59,scan_skipped_same_execution_bar,USDJPY,2025.03.27 11:00:00,0,
2025.03.27 11:34:59,scan_executed_new_execution_bar,USDJPY,2025.03.27 11:15:00,16,
2025.03.27 11:39:58,scan_skipped_same_execution_bar,USDJPY,2025.03.27 11:15:00,0,
2025.03.27 11:49:59,scan_executed_new_execution_bar,USDJPY,2025.03.27 11:30:00,0,
2025.03.27 11:54:59,scan_skipped_same_execution_bar,USDJPY,2025.03.27 11:30:00,0,
2025.03.27 12:04:59,scan_executed_new_execution_bar,USDJPY,2025.03.27 11:45:00,0,
2025.03.27 12:09:59,scan_skipped_same_execution_bar,USDJPY,2025.03.27 11:45:00,0,
2025.03.27 12:19:59,scan_executed_new_execution_bar,USDJPY,2025.03.27 12:00:00,31,
2025.03.27 12:24:59,scan_skipped_same_execution_bar,USDJPY,2025.03.27 12:00:00,0,
2025.03.27 12:34:59,scan_executed_new_execution_bar,USDJPY,2025.03.27 12:15:00,0,
2025.03.27 12:39:59,scan_skipped_same_execution_bar,USDJPY,2025.03.27 12:15:00,0,
2025.03.27 12:49:59,scan_executed_new_execution_bar,USDJPY,2025.03.27 12:30:00,0,
2025.03.27 12:54:59,scan_skipped_same_execution_bar,USDJPY,2025.03.27 12:30:00,0,
2025.03.27 13:04:59,scan_executed_new_execution_bar,USDJPY,2025.03.27 12:45:00,0,
2025.03.27 13:09:59,scan_skipped_same_execution_bar,USDJPY,2025.03.27 12:45:00,0,
2025.03.27 13:19:59,scan_executed_new_execution_bar,USDJPY,2025.03.27 13:00:00,0,
2025.03.27 13:24:59,scan_skipped_same_execution_bar,USDJPY,2025.03.27 13:00:00,0,
2025.03.27 13:34:59,scan_executed_new_execution_bar,USDJPY,2025.03.27 13:15:00,16,
2025.03.27 13:39:59,scan_skipped_same_execution_bar,USDJPY,2025.03.27 13:15:00,0,
2025.03.27 13:49:59,scan_executed_new_execution_bar,USDJPY,2025.03.27 13:30:00,0,
2025.03.27 13:54:59,scan_skipped_same_execution_bar,USDJPY,2025.03.27 13:30:00,0,
2025.03.27 14:04:59,scan_executed_new_execution_bar,USDJPY,2025.03.27 13:45:00,0,
2025.03.27 14:09:59,scan_skipped_same_execution_bar,USDJPY,2025.03.27 13:45:00,0,
2025.03.27 14:19:59,scan_executed_new_execution_bar,USDJPY,2025.03.27 14:00:00,16,
2025.03.27 14:24:59,scan_skipped_same_execution_bar,USDJPY,2025.03.27 14:00:00,0,
2025.03.27 14:34:59,scan_executed_new_execution_bar,USDJPY,2025.03.27 14:15:00,15,
2025.03.27 14:39:59,scan_skipped_same_execution_bar,USDJPY,2025.03.27 14:15:00,0,
2025.03.27 14:49:59,scan_executed_new_execution_bar,USDJPY,2025.03.27 14:30:00,0,
2025.03.27 14:54:59,scan_skipped_same_execution_bar,USDJPY,2025.03.27 14:30:00,0,
2025.03.27 15:05:00,scan_executed_new_execution_bar,USDJPY,2025.03.27 14:45:00,0,
2025.03.27 15:09:59,scan_skipped_same_execution_bar,USDJPY,2025.03.27 14:45:00,0,
2025.03.27 15:19:59,scan_executed_new_execution_bar,USDJPY,2025.03.27 15:00:00,31,
2025.03.27 15:24:59,scan_skipped_same_execution_bar,USDJPY,2025.03.27 15:00:00,0,
2025.03.27 15:34:59,scan_executed_new_execution_bar,USDJPY,2025.03.27 15:15:00,0,
2025.03.27 15:39:59,scan_skipped_same_execution_bar,USDJPY,2025.03.27 15:15:00,0,
2025.03.27 15:49:59,scan_executed_new_execution_bar,USDJPY,2025.03.27 15:30:00,0,
2025.03.27 15:54:59,scan_skipped_same_execution_bar,USDJPY,2025.03.27 15:30:00,0,
2025.03.27 16:04:59,scan_executed_new_execution_bar,USDJPY,2025.03.27 15:45:00,16,
2025.03.27 16:09:59,scan_skipped_same_execution_bar,USDJPY,2025.03.27 15:45:00,0,
2025.03.27 16:19:59,scan_executed_new_execution_bar,USDJPY,2025.03.27 16:00:00,15,
2025.03.27 16:24:59,scan_skipped_same_execution_bar,USDJPY,2025.03.27 16:00:00,0,
2025.03.27 16:34:59,scan_executed_new_execution_bar,USDJPY,2025.03.27 16:15:00,32,
2025.03.27 16:39:59,scan_skipped_same_execution_bar,USDJPY,2025.03.27 16:15:00,0,
2025.03.27 16:49:59,scan_executed_new_execution_bar,USDJPY,2025.03.27 16:30:00,0,
2025.03.27 16:54:59,scan_skipped_same_execution_bar,USDJPY,2025.03.27 16:30:00,0,
2025.03.27 17:04:59,scan_executed_new_execution_bar,USDJPY,2025.03.27 16:45:00,0,
2025.03.27 17:09:59,scan_skipped_same_execution_bar,USDJPY,2025.03.27 16:45:00,0,
2025.03.27 17:19:59,scan_executed_new_execution_bar,USDJPY,2025.03.27 17:00:00,0,
2025.03.27 17:24:59,scan_skipped_same_execution_bar,USDJPY,2025.03.27 17:00:00,0,
2025.03.27 17:34:59,scan_executed_new_execution_bar,USDJPY,2025.03.27 17:15:00,0,
2025.03.27 17:39:59,scan_skipped_same_execution_bar,USDJPY,2025.03.27 17:15:00,0,
2025.03.27 17:49:59,scan_executed_new_execution_bar,USDJPY,2025.03.27 17:30:00,0,
2025.03.27 17:54:59,scan_skipped_same_execution_bar,USDJPY,2025.03.27 17:30:00,0,
2025.03.27 18:04:59,scan_executed_new_execution_bar,USDJPY,2025.03.27 17:45:00,0,
2025.03.27 18:09:59,scan_skipped_same_execution_bar,USDJPY,2025.03.27 17:45:00,0,
2025.03.27 18:19:59,scan_executed_new_execution_bar,USDJPY,2025.03.27 18:00:00,0,
2025.03.27 18:24:59,scan_skipped_same_execution_bar,USDJPY,2025.03.27 18:00:00,0,
2025.03.27 18:34:59,scan_executed_new_execution_bar,USDJPY,2025.03.27 18:15:00,0,
2025.03.27 18:39:59,scan_skipped_same_execution_bar,USDJPY,2025.03.27 18:15:00,0,
2025.03.27 18:49:59,scan_executed_new_execution_bar,USDJPY,2025.03.27 18:30:00,16,
2025.03.27 18:54:59,scan_skipped_same_execution_bar,USDJPY,2025.03.27 18:30:00,0,
2025.03.27 19:04:59,scan_executed_new_execution_bar,USDJPY,2025.03.27 18:45:00,0,
2025.03.27 19:09:59,scan_skipped_same_execution_bar,USDJPY,2025.03.27 18:45:00,0,
2025.03.27 19:19:59,scan_executed_new_execution_bar,USDJPY,2025.03.27 19:00:00,16,
2025.03.27 19:24:59,scan_skipped_same_execution_bar,USDJPY,2025.03.27 19:00:00,0,
2025.03.27 19:34:59,scan_executed_new_execution_bar,USDJPY,2025.03.27 19:15:00,47,
2025.03.27 19:39:59,scan_skipped_same_execution_bar,USDJPY,2025.03.27 19:15:00,0,
2025.03.27 19:49:59,scan_executed_new_execution_bar,USDJPY,2025.03.27 19:30:00,16,
2025.03.27 19:54:59,scan_skipped_same_execution_bar,USDJPY,2025.03.27 19:30:00,0,
2025.03.27 20:04:59,scan_executed_new_execution_bar,USDJPY,2025.03.27 19:45:00,47,
2025.03.27 20:09:59,scan_skipped_same_execution_bar,USDJPY,2025.03.27 19:45:00,0,
2025.03.27 20:19:59,scan_executed_new_execution_bar,USDJPY,2025.03.27 20:00:00,0,
2025.03.27 20:24:59,scan_skipped_same_execution_bar,USDJPY,2025.03.27 20:00:00,0,
2025.03.27 20:34:59,scan_executed_new_execution_bar,USDJPY,2025.03.27 20:15:00,47,
2025.03.27 20:39:59,scan_skipped_same_execution_bar,USDJPY,2025.03.27 20:15:00,0,
2025.03.27 20:49:59,scan_executed_new_execution_bar,USDJPY,2025.03.27 20:30:00,31,
2025.03.27 20:54:59,scan_skipped_same_execution_bar,USDJPY,2025.03.27 20:30:00,0,
2025.03.27 21:04:59,scan_executed_new_execution_bar,USDJPY,2025.03.27 20:45:00,0,
2025.03.27 21:09:59,scan_skipped_same_execution_bar,USDJPY,2025.03.27 20:45:00,0,
2025.03.27 21:19:59,scan_executed_new_execution_bar,USDJPY,2025.03.27 21:00:00,0,
2025.03.27 21:24:59,scan_skipped_same_execution_bar,USDJPY,2025.03.27 21:00:00,0,
2025.03.27 21:34:59,scan_executed_new_execution_bar,USDJPY,2025.03.27 21:15:00,0,
2025.03.27 21:39:59,scan_skipped_same_execution_bar,USDJPY,2025.03.27 21:15:00,0,
2025.03.27 21:49:59,scan_executed_new_execution_bar,USDJPY,2025.03.27 21:30:00,0,
2025.03.27 21:54:59,scan_skipped_same_execution_bar,USDJPY,2025.03.27 21:30:00,0,
2025.03.27 22:04:59,scan_executed_new_execution_bar,USDJPY,2025.03.27 21:45:00,31,
2025.03.27 22:09:59,scan_skipped_same_execution_bar,USDJPY,2025.03.27 21:45:00,0,
2025.03.27 22:19:59,scan_executed_new_execution_bar,USDJPY,2025.03.27 22:00:00,0,
2025.03.27 22:24:59,scan_skipped_same_execution_bar,USDJPY,2025.03.27 22:00:00,0,
2025.03.27 22:34:59,scan_executed_new_execution_bar,USDJPY,2025.03.27 22:15:00,0,
2025.03.27 22:39:59,scan_skipped_same_execution_bar,USDJPY,2025.03.27 22:15:00,0,
2025.03.27 22:49:59,scan_executed_new_execution_bar,USDJPY,2025.03.27 22:30:00,15,
2025.03.27 22:54:59,scan_skipped_same_execution_bar,USDJPY,2025.03.27 22:30:00,0,
2025.03.27 23:04:59,scan_executed_new_execution_bar,USDJPY,2025.03.27 22:45:00,0,
2025.03.27 23:09:59,scan_skipped_same_execution_bar,USDJPY,2025.03.27 22:45:00,0,
2025.03.27 23:19:59,scan_executed_new_execution_bar,USDJPY,2025.03.27 23:00:00,0,
2025.03.27 23:24:58,scan_skipped_same_execution_bar,USDJPY,2025.03.27 23:00:00,0,
2025.03.27 23:34:59,scan_executed_new_execution_bar,USDJPY,2025.03.27 23:15:00,0,
2025.03.27 23:39:57,scan_skipped_same_execution_bar,USDJPY,2025.03.27 23:15:00,0,
2025.03.27 23:49:59,scan_executed_new_execution_bar,USDJPY,2025.03.27 23:30:00,0,
2025.03.27 23:54:59,scan_skipped_same_execution_bar,USDJPY,2025.03.27 23:30:00,0,
2025.03.28 00:04:56,scan_executed_new_execution_bar,USDJPY,2025.03.27 23:45:00,0,
2025.03.28 00:09:59,scan_skipped_same_execution_bar,USDJPY,2025.03.27 23:45:00,0,
2025.03.28 00:19:58,scan_executed_new_execution_bar,USDJPY,2025.03.28 00:00:00,0,
2025.03.28 00:24:59,scan_skipped_same_execution_bar,USDJPY,2025.03.28 00:00:00,0,
2025.03.28 00:34:58,scan_executed_new_execution_bar,USDJPY,2025.03.28 00:15:00,0,
2025.03.28 00:39:59,scan_skipped_same_execution_bar,USDJPY,2025.03.28 00:15:00,0,
2025.03.28 00:49:58,scan_executed_new_execution_bar,USDJPY,2025.03.28 00:30:00,0,
2025.03.28 00:54:55,scan_skipped_same_execution_bar,USDJPY,2025.03.28 00:30:00,0,
2025.03.28 01:04:59,scan_executed_new_execution_bar,USDJPY,2025.03.28 00:45:00,0,
2025.03.28 01:09:58,scan_skipped_same_execution_bar,USDJPY,2025.03.28 00:45:00,0,
2025.03.28 01:19:59,scan_executed_new_execution_bar,USDJPY,2025.03.28 01:00:00,0,
2025.03.28 01:24:59,scan_skipped_same_execution_bar,USDJPY,2025.03.28 01:00:00,0,
2025.03.28 01:34:59,scan_executed_new_execution_bar,USDJPY,2025.03.28 01:15:00,0,
2025.03.28 01:39:54,scan_skipped_same_execution_bar,USDJPY,2025.03.28 01:15:00,0,
2025.03.28 01:49:59,scan_executed_new_execution_bar,USDJPY,2025.03.28 01:30:00,0,
2025.03.28 01:55:00,scan_skipped_same_execution_bar,USDJPY,2025.03.28 01:30:00,0,
2025.03.28 02:04:59,scan_executed_new_execution_bar,USDJPY,2025.03.28 01:45:00,0,
2025.03.28 02:09:55,scan_skipped_same_execution_bar,USDJPY,2025.03.28 01:45:00,0,
2025.03.28 02:19:59,scan_executed_new_execution_bar,USDJPY,2025.03.28 02:00:00,0,
2025.03.28 02:24:59,scan_skipped_same_execution_bar,USDJPY,2025.03.28 02:00:00,0,
2025.03.28 02:34:59,scan_executed_new_execution_bar,USDJPY,2025.03.28 02:15:00,0,
2025.03.28 02:39:59,scan_skipped_same_execution_bar,USDJPY,2025.03.28 02:15:00,0,
2025.03.28 02:49:59,scan_executed_new_execution_bar,USDJPY,2025.03.28 02:30:00,0,
2025.03.28 02:54:59,scan_skipped_same_execution_bar,USDJPY,2025.03.28 02:30:00,0,
2025.03.28 03:04:59,scan_executed_new_execution_bar,USDJPY,2025.03.28 02:45:00,0,
2025.03.28 03:09:59,scan_skipped_same_execution_bar,USDJPY,2025.03.28 02:45:00,0,
2025.03.28 03:19:59,scan_executed_new_execution_bar,USDJPY,2025.03.28 03:00:00,0,
2025.03.28 03:24:58,scan_skipped_same_execution_bar,USDJPY,2025.03.28 03:00:00,0,
2025.03.28 03:34:59,scan_executed_new_execution_bar,USDJPY,2025.03.28 03:15:00,0,
2025.03.28 03:39:59,scan_skipped_same_execution_bar,USDJPY,2025.03.28 03:15:00,0,
2025.03.28 03:49:59,scan_executed_new_execution_bar,USDJPY,2025.03.28 03:30:00,0,
2025.03.28 03:54:59,scan_skipped_same_execution_bar,USDJPY,2025.03.28 03:30:00,0,
2025.03.28 04:04:59,scan_executed_new_execution_bar,USDJPY,2025.03.28 03:45:00,0,
2025.03.28 04:09:59,scan_skipped_same_execution_bar,USDJPY,2025.03.28 03:45:00,0,
2025.03.28 04:19:59,scan_executed_new_execution_bar,USDJPY,2025.03.28 04:00:00,0,
2025.03.28 04:24:59,scan_skipped_same_execution_bar,USDJPY,2025.03.28 04:00:00,0,
2025.03.28 04:34:59,scan_executed_new_execution_bar,USDJPY,2025.03.28 04:15:00,0,
2025.03.28 04:39:59,scan_skipped_same_execution_bar,USDJPY,2025.03.28 04:15:00,0,
2025.03.28 04:49:59,scan_executed_new_execution_bar,USDJPY,2025.03.28 04:30:00,0,
2025.03.28 04:54:59,scan_skipped_same_execution_bar,USDJPY,2025.03.28 04:30:00,0,
2025.03.28 05:04:59,scan_executed_new_execution_bar,USDJPY,2025.03.28 04:45:00,0,
2025.03.28 05:09:59,scan_skipped_same_execution_bar,USDJPY,2025.03.28 04:45:00,0,
2025.03.28 05:19:59,scan_executed_new_execution_bar,USDJPY,2025.03.28 05:00:00,16,
2025.03.28 05:24:59,scan_skipped_same_execution_bar,USDJPY,2025.03.28 05:00:00,0,
2025.03.28 05:34:59,scan_executed_new_execution_bar,USDJPY,2025.03.28 05:15:00,0,
2025.03.28 05:39:59,scan_skipped_same_execution_bar,USDJPY,2025.03.28 05:15:00,0,
2025.03.28 05:49:59,scan_executed_new_execution_bar,USDJPY,2025.03.28 05:30:00,0,
2025.03.28 05:54:59,scan_skipped_same_execution_bar,USDJPY,2025.03.28 05:30:00,0,
2025.03.28 06:04:59,scan_executed_new_execution_bar,USDJPY,2025.03.28 05:45:00,15,
2025.03.28 06:09:59,scan_skipped_same_execution_bar,USDJPY,2025.03.28 05:45:00,0,
2025.03.28 06:19:59,scan_executed_new_execution_bar,USDJPY,2025.03.28 06:00:00,16,
2025.03.28 06:24:59,scan_skipped_same_execution_bar,USDJPY,2025.03.28 06:00:00,0,
2025.03.28 06:34:59,scan_executed_new_execution_bar,USDJPY,2025.03.28 06:15:00,16,
2025.03.28 06:39:59,scan_skipped_same_execution_bar,USDJPY,2025.03.28 06:15:00,0,
2025.03.28 06:49:59,scan_executed_new_execution_bar,USDJPY,2025.03.28 06:30:00,15,
2025.03.28 06:54:59,scan_skipped_same_execution_bar,USDJPY,2025.03.28 06:30:00,0,
2025.03.28 07:04:59,scan_executed_new_execution_bar,USDJPY,2025.03.28 06:45:00,16,
2025.03.28 07:09:59,scan_skipped_same_execution_bar,USDJPY,2025.03.28 06:45:00,0,
2025.03.28 07:19:59,scan_executed_new_execution_bar,USDJPY,2025.03.28 07:00:00,0,
2025.03.28 07:24:59,scan_skipped_same_execution_bar,USDJPY,2025.03.28 07:00:00,0,
2025.03.28 07:34:59,scan_executed_new_execution_bar,USDJPY,2025.03.28 07:15:00,15,
2025.03.28 07:39:59,scan_skipped_same_execution_bar,USDJPY,2025.03.28 07:15:00,0,
2025.03.28 07:49:58,scan_executed_new_execution_bar,USDJPY,2025.03.28 07:30:00,31,
2025.03.28 07:54:59,scan_skipped_same_execution_bar,USDJPY,2025.03.28 07:30:00,0,
2025.03.28 08:04:59,scan_executed_new_execution_bar,USDJPY,2025.03.28 07:45:00,0,
2025.03.28 08:09:59,scan_skipped_same_execution_bar,USDJPY,2025.03.28 07:45:00,0,
2025.03.28 08:19:59,scan_executed_new_execution_bar,USDJPY,2025.03.28 08:00:00,0,
2025.03.28 08:24:58,scan_skipped_same_execution_bar,USDJPY,2025.03.28 08:00:00,0,
2025.03.28 08:34:59,scan_executed_new_execution_bar,USDJPY,2025.03.28 08:15:00,47,
2025.03.28 08:39:59,scan_skipped_same_execution_bar,USDJPY,2025.03.28 08:15:00,0,
2025.03.28 08:49:59,scan_executed_new_execution_bar,USDJPY,2025.03.28 08:30:00,0,
2025.03.28 08:54:59,scan_skipped_same_execution_bar,USDJPY,2025.03.28 08:30:00,0,
2025.03.28 09:04:59,scan_executed_new_execution_bar,USDJPY,2025.03.28 08:45:00,0,
2025.03.28 09:09:59,scan_skipped_same_execution_bar,USDJPY,2025.03.28 08:45:00,0,
2025.03.28 09:19:58,scan_executed_new_execution_bar,USDJPY,2025.03.28 09:00:00,0,
2025.03.28 09:24:59,scan_skipped_same_execution_bar,USDJPY,2025.03.28 09:00:00,0,
2025.03.28 09:34:59,scan_executed_new_execution_bar,USDJPY,2025.03.28 09:15:00,0,
2025.03.28 09:39:59,scan_skipped_same_execution_bar,USDJPY,2025.03.28 09:15:00,0,
2025.03.28 09:49:59,scan_executed_new_execution_bar,USDJPY,2025.03.28 09:30:00,16,
2025.03.28 09:54:59,scan_skipped_same_execution_bar,USDJPY,2025.03.28 09:30:00,0,
2025.03.28 10:04:59,scan_executed_new_execution_bar,USDJPY,2025.03.28 09:45:00,0,
2025.03.28 10:09:59,scan_skipped_same_execution_bar,USDJPY,2025.03.28 09:45:00,0,
2025.03.28 10:19:59,scan_executed_new_execution_bar,USDJPY,2025.03.28 10:00:00,16,
2025.03.28 10:24:59,scan_skipped_same_execution_bar,USDJPY,2025.03.28 10:00:00,0,
2025.03.28 10:34:59,scan_executed_new_execution_bar,USDJPY,2025.03.28 10:15:00,15,
2025.03.28 10:39:59,scan_skipped_same_execution_bar,USDJPY,2025.03.28 10:15:00,0,
2025.03.28 10:49:59,scan_executed_new_execution_bar,USDJPY,2025.03.28 10:30:00,0,
2025.03.28 10:54:59,scan_skipped_same_execution_bar,USDJPY,2025.03.28 10:30:00,0,
2025.03.28 11:04:59,scan_executed_new_execution_bar,USDJPY,2025.03.28 10:45:00,0,
2025.03.28 11:09:59,scan_skipped_same_execution_bar,USDJPY,2025.03.28 10:45:00,0,
2025.03.28 11:19:58,scan_executed_new_execution_bar,USDJPY,2025.03.28 11:00:00,32,
2025.03.28 11:24:59,scan_skipped_same_execution_bar,USDJPY,2025.03.28 11:00:00,0,
2025.03.28 11:34:59,scan_executed_new_execution_bar,USDJPY,2025.03.28 11:15:00,0,
2025.03.28 11:40:00,scan_skipped_same_execution_bar,USDJPY,2025.03.28 11:15:00,0,
2025.03.28 11:49:59,scan_executed_new_execution_bar,USDJPY,2025.03.28 11:30:00,0,
2025.03.28 11:54:59,scan_skipped_same_execution_bar,USDJPY,2025.03.28 11:30:00,0,
2025.03.28 12:04:59,scan_executed_new_execution_bar,USDJPY,2025.03.28 11:45:00,16,
2025.03.28 12:09:59,scan_skipped_same_execution_bar,USDJPY,2025.03.28 11:45:00,0,
2025.03.28 12:19:59,scan_executed_new_execution_bar,USDJPY,2025.03.28 12:00:00,0,
2025.03.28 12:24:59,scan_skipped_same_execution_bar,USDJPY,2025.03.28 12:00:00,0,
2025.03.28 12:34:59,scan_executed_new_execution_bar,USDJPY,2025.03.28 12:15:00,0,
2025.03.28 12:39:59,scan_skipped_same_execution_bar,USDJPY,2025.03.28 12:15:00,0,
2025.03.28 12:49:58,scan_executed_new_execution_bar,USDJPY,2025.03.28 12:30:00,15,
2025.03.28 12:54:59,scan_skipped_same_execution_bar,USDJPY,2025.03.28 12:30:00,0,
2025.03.28 13:04:59,scan_executed_new_execution_bar,USDJPY,2025.03.28 12:45:00,0,
2025.03.28 13:09:59,scan_skipped_same_execution_bar,USDJPY,2025.03.28 12:45:00,0,
2025.03.28 13:19:59,scan_executed_new_execution_bar,USDJPY,2025.03.28 13:00:00,16,
2025.03.28 13:24:59,scan_skipped_same_execution_bar,USDJPY,2025.03.28 13:00:00,0,
2025.03.28 13:34:59,scan_executed_new_execution_bar,USDJPY,2025.03.28 13:15:00,15,
2025.03.28 13:39:59,scan_skipped_same_execution_bar,USDJPY,2025.03.28 13:15:00,0,
2025.03.28 13:49:59,scan_executed_new_execution_bar,USDJPY,2025.03.28 13:30:00,0,
2025.03.28 13:54:59,scan_skipped_same_execution_bar,USDJPY,2025.03.28 13:30:00,0,
2025.03.28 14:04:59,scan_executed_new_execution_bar,USDJPY,2025.03.28 13:45:00,0,
2025.03.28 14:10:00,scan_skipped_same_execution_bar,USDJPY,2025.03.28 13:45:00,0,
2025.03.28 14:19:58,scan_executed_new_execution_bar,USDJPY,2025.03.28 14:00:00,0,
2025.03.28 14:24:59,scan_skipped_same_execution_bar,USDJPY,2025.03.28 14:00:00,0,
2025.03.28 14:34:57,scan_executed_new_execution_bar,USDJPY,2025.03.28 14:15:00,0,
2025.03.28 14:39:59,scan_skipped_same_execution_bar,USDJPY,2025.03.28 14:15:00,0,
2025.03.28 14:49:59,scan_executed_new_execution_bar,USDJPY,2025.03.28 14:30:00,0,
2025.03.28 14:54:59,scan_skipped_same_execution_bar,USDJPY,2025.03.28 14:30:00,0,
2025.03.28 15:04:59,scan_executed_new_execution_bar,USDJPY,2025.03.28 14:45:00,0,
2025.03.28 15:09:59,scan_skipped_same_execution_bar,USDJPY,2025.03.28 14:45:00,0,
2025.03.28 15:19:59,scan_executed_new_execution_bar,USDJPY,2025.03.28 15:00:00,16,
2025.03.28 15:24:59,scan_skipped_same_execution_bar,USDJPY,2025.03.28 15:00:00,0,
2025.03.28 15:34:59,scan_executed_new_execution_bar,USDJPY,2025.03.28 15:15:00,0,
2025.03.28 15:39:59,scan_skipped_same_execution_bar,USDJPY,2025.03.28 15:15:00,0,
2025.03.28 15:49:59,scan_executed_new_execution_bar,USDJPY,2025.03.28 15:30:00,16,
2025.03.28 15:54:59,scan_skipped_same_execution_bar,USDJPY,2025.03.28 15:30:00,0,
2025.03.28 16:04:59,scan_executed_new_execution_bar,USDJPY,2025.03.28 15:45:00,0,
2025.03.28 16:09:59,scan_skipped_same_execution_bar,USDJPY,2025.03.28 15:45:00,0,
2025.03.28 16:19:59,scan_executed_new_execution_bar,USDJPY,2025.03.28 16:00:00,0,
2025.03.28 16:24:59,scan_skipped_same_execution_bar,USDJPY,2025.03.28 16:00:00,0,
2025.03.28 16:34:59,scan_executed_new_execution_bar,USDJPY,2025.03.28 16:15:00,0,
2025.03.28 16:39:59,scan_skipped_same_execution_bar,USDJPY,2025.03.28 16:15:00,0,
2025.03.28 16:49:59,scan_executed_new_execution_bar,USDJPY,2025.03.28 16:30:00,32,
2025.03.28 16:54:59,scan_skipped_same_execution_bar,USDJPY,2025.03.28 16:30:00,0,
2025.03.28 17:04:59,scan_executed_new_execution_bar,USDJPY,2025.03.28 16:45:00,0,
2025.03.28 17:09:59,scan_skipped_same_execution_bar,USDJPY,2025.03.28 16:45:00,0,
2025.03.28 17:19:59,scan_executed_new_execution_bar,USDJPY,2025.03.28 17:00:00,0,
2025.03.28 17:25:00,scan_skipped_same_execution_bar,USDJPY,2025.03.28 17:00:00,0,
2025.03.28 17:34:59,scan_executed_new_execution_bar,USDJPY,2025.03.28 17:15:00,0,
2025.03.28 17:39:59,scan_skipped_same_execution_bar,USDJPY,2025.03.28 17:15:00,0,
2025.03.28 17:49:59,scan_executed_new_execution_bar,USDJPY,2025.03.28 17:30:00,31,
2025.03.28 17:55:00,scan_skipped_same_execution_bar,USDJPY,2025.03.28 17:30:00,0,
2025.03.28 18:04:59,scan_executed_new_execution_bar,USDJPY,2025.03.28 17:45:00,31,
2025.03.28 18:09:59,scan_skipped_same_execution_bar,USDJPY,2025.03.28 17:45:00,0,
2025.03.28 18:19:59,scan_executed_new_execution_bar,USDJPY,2025.03.28 18:00:00,78,
2025.03.28 18:24:59,scan_skipped_same_execution_bar,USDJPY,2025.03.28 18:00:00,0,
2025.03.28 18:34:59,scan_executed_new_execution_bar,USDJPY,2025.03.28 18:15:00,0,
2025.03.28 18:39:59,scan_skipped_same_execution_bar,USDJPY,2025.03.28 18:15:00,0,
2025.03.28 18:49:59,scan_executed_new_execution_bar,USDJPY,2025.03.28 18:30:00,31,
2025.03.28 18:54:59,scan_skipped_same_execution_bar,USDJPY,2025.03.28 18:30:00,0,
2025.03.28 19:04:58,scan_executed_new_execution_bar,USDJPY,2025.03.28 18:45:00,31,
2025.03.28 19:09:59,scan_skipped_same_execution_bar,USDJPY,2025.03.28 18:45:00,0,
2025.03.28 19:19:59,scan_executed_new_execution_bar,USDJPY,2025.03.28 19:00:00,16,
2025.03.28 19:24:59,scan_skipped_same_execution_bar,USDJPY,2025.03.28 19:00:00,0,
2025.03.28 19:34:59,scan_executed_new_execution_bar,USDJPY,2025.03.28 19:15:00,31,
2025.03.28 19:39:59,scan_skipped_same_execution_bar,USDJPY,2025.03.28 19:15:00,0,
2025.03.28 19:49:59,scan_executed_new_execution_bar,USDJPY,2025.03.28 19:30:00,0,
2025.03.28 19:54:59,scan_skipped_same_execution_bar,USDJPY,2025.03.28 19:30:00,0,
2025.03.28 20:04:59,scan_executed_new_execution_bar,USDJPY,2025.03.28 19:45:00,0,
2025.03.28 20:09:59,scan_skipped_same_execution_bar,USDJPY,2025.03.28 19:45:00,0,
2025.03.28 20:19:59,scan_executed_new_execution_bar,USDJPY,2025.03.28 20:00:00,0,
2025.03.28 20:25:00,scan_skipped_same_execution_bar,USDJPY,2025.03.28 20:00:00,0,
2025.03.28 20:34:59,scan_executed_new_execution_bar,USDJPY,2025.03.28 20:15:00,0,
2025.03.28 20:39:59,scan_skipped_same_execution_bar,USDJPY,2025.03.28 20:15:00,0,
2025.03.28 20:49:59,scan_executed_new_execution_bar,USDJPY,2025.03.28 20:30:00,47,
2025.03.28 20:54:59,scan_skipped_same_execution_bar,USDJPY,2025.03.28 20:30:00,0,
2025.03.28 21:04:59,scan_executed_new_execution_bar,USDJPY,2025.03.28 20:45:00,16,
2025.03.28 21:09:59,scan_skipped_same_execution_bar,USDJPY,2025.03.28 20:45:00,0,
2025.03.28 21:19:59,scan_executed_new_execution_bar,USDJPY,2025.03.28 21:00:00,31,
2025.03.28 21:24:59,scan_skipped_same_execution_bar,USDJPY,2025.03.28 21:00:00,0,
2025.03.28 21:34:59,scan_executed_new_execution_bar,USDJPY,2025.03.28 21:15:00,0,
2025.03.28 21:39:59,scan_skipped_same_execution_bar,USDJPY,2025.03.28 21:15:00,0,
2025.03.28 21:49:59,scan_executed_new_execution_bar,USDJPY,2025.03.28 21:30:00,16,
2025.03.28 21:54:59,scan_skipped_same_execution_bar,USDJPY,2025.03.28 21:30:00,0,
2025.03.28 22:04:59,scan_executed_new_execution_bar,USDJPY,2025.03.28 21:45:00,0,
2025.03.28 22:09:59,scan_skipped_same_execution_bar,USDJPY,2025.03.28 21:45:00,0,
2025.03.28 22:19:59,scan_executed_new_execution_bar,USDJPY,2025.03.28 22:00:00,0,
2025.03.28 22:25:00,scan_skipped_same_execution_bar,USDJPY,2025.03.28 22:00:00,0,
2025.03.28 22:34:59,scan_executed_new_execution_bar,USDJPY,2025.03.28 22:15:00,0,
2025.03.28 22:39:59,scan_skipped_same_execution_bar,USDJPY,2025.03.28 22:15:00,0,
2025.03.28 22:49:59,scan_executed_new_execution_bar,USDJPY,2025.03.28 22:30:00,0,
2025.03.28 22:54:59,scan_skipped_same_execution_bar,USDJPY,2025.03.28 22:30:00,0,
2025.03.28 23:04:58,scan_executed_new_execution_bar,USDJPY,2025.03.28 22:45:00,0,
2025.03.28 23:09:59,scan_skipped_same_execution_bar,USDJPY,2025.03.28 22:45:00,0,
2025.03.28 23:19:59,scan_executed_new_execution_bar,USDJPY,2025.03.28 23:00:00,0,
2025.03.28 23:24:58,scan_skipped_same_execution_bar,USDJPY,2025.03.28 23:00:00,0,
2025.03.28 23:34:59,scan_executed_new_execution_bar,USDJPY,2025.03.28 23:15:00,0,
2025.03.28 23:39:59,scan_skipped_same_execution_bar,USDJPY,2025.03.28 23:15:00,0,
2025.03.28 23:49:59,scan_executed_new_execution_bar,USDJPY,2025.03.28 23:30:00,0,
2025.03.28 23:54:59,scan_skipped_same_execution_bar,USDJPY,2025.03.28 23:30:00,0,
2025.03.31 00:04:58,scan_executed_new_execution_bar,USDJPY,2025.03.28 23:45:00,0,
2025.03.31 00:09:55,scan_skipped_same_execution_bar,USDJPY,2025.03.28 23:45:00,0,
2025.03.31 00:19:55,scan_executed_new_execution_bar,USDJPY,2025.03.31 00:00:00,0,
2025.03.31 00:24:59,scan_skipped_same_execution_bar,USDJPY,2025.03.31 00:00:00,0,
2025.03.31 00:34:59,scan_executed_new_execution_bar,USDJPY,2025.03.31 00:15:00,0,
2025.03.31 00:39:59,scan_skipped_same_execution_bar,USDJPY,2025.03.31 00:15:00,0,
2025.03.31 00:49:59,scan_executed_new_execution_bar,USDJPY,2025.03.31 00:30:00,0,
2025.03.31 00:54:58,scan_skipped_same_execution_bar,USDJPY,2025.03.31 00:30:00,0,
2025.03.31 01:05:00,scan_executed_new_execution_bar,USDJPY,2025.03.31 00:45:00,0,
2025.03.31 01:09:59,scan_skipped_same_execution_bar,USDJPY,2025.03.31 00:45:00,0,
2025.03.31 01:19:59,scan_executed_new_execution_bar,USDJPY,2025.03.31 01:00:00,0,
2025.03.31 01:24:59,scan_skipped_same_execution_bar,USDJPY,2025.03.31 01:00:00,0,
2025.03.31 01:34:59,scan_executed_new_execution_bar,USDJPY,2025.03.31 01:15:00,0,
2025.03.31 01:39:55,scan_skipped_same_execution_bar,USDJPY,2025.03.31 01:15:00,0,
2025.03.31 01:49:59,scan_executed_new_execution_bar,USDJPY,2025.03.31 01:30:00,15,
2025.03.31 01:55:00,scan_skipped_same_execution_bar,USDJPY,2025.03.31 01:30:00,0,
2025.03.31 02:04:59,scan_executed_new_execution_bar,USDJPY,2025.03.31 01:45:00,16,
2025.03.31 02:09:57,scan_skipped_same_execution_bar,USDJPY,2025.03.31 01:45:00,0,
2025.03.31 02:20:00,scan_executed_new_execution_bar,USDJPY,2025.03.31 02:00:00,0,
2025.03.31 02:24:58,scan_skipped_same_execution_bar,USDJPY,2025.03.31 02:00:00,0,
2025.03.31 02:34:59,scan_executed_new_execution_bar,USDJPY,2025.03.31 02:15:00,0,
2025.03.31 02:39:59,scan_skipped_same_execution_bar,USDJPY,2025.03.31 02:15:00,0,
2025.03.31 02:49:59,scan_executed_new_execution_bar,USDJPY,2025.03.31 02:30:00,94,
2025.03.31 02:54:59,scan_skipped_same_execution_bar,USDJPY,2025.03.31 02:30:00,0,
2025.03.31 03:04:59,scan_executed_new_execution_bar,USDJPY,2025.03.31 02:45:00,31,
2025.03.31 03:09:59,scan_skipped_same_execution_bar,USDJPY,2025.03.31 02:45:00,0,
2025.03.31 03:19:59,scan_executed_new_execution_bar,USDJPY,2025.03.31 03:00:00,0,
2025.03.31 03:24:59,scan_skipped_same_execution_bar,USDJPY,2025.03.31 03:00:00,0,
2025.03.31 03:34:59,scan_executed_new_execution_bar,USDJPY,2025.03.31 03:15:00,0,
2025.03.31 03:39:59,scan_skipped_same_execution_bar,USDJPY,2025.03.31 03:15:00,0,
2025.03.31 03:49:59,scan_executed_new_execution_bar,USDJPY,2025.03.31 03:30:00,0,
2025.03.31 03:54:59,scan_skipped_same_execution_bar,USDJPY,2025.03.31 03:30:00,0,
2025.03.31 04:04:59,scan_executed_new_execution_bar,USDJPY,2025.03.31 03:45:00,16,
2025.03.31 04:09:59,scan_skipped_same_execution_bar,USDJPY,2025.03.31 03:45:00,0,
2025.03.31 04:19:59,scan_executed_new_execution_bar,USDJPY,2025.03.31 04:00:00,0,
2025.03.31 04:24:59,scan_skipped_same_execution_bar,USDJPY,2025.03.31 04:00:00,0,
2025.03.31 04:34:59,scan_executed_new_execution_bar,USDJPY,2025.03.31 04:15:00,0,
2025.03.31 04:39:59,scan_skipped_same_execution_bar,USDJPY,2025.03.31 04:15:00,0,
2025.03.31 04:49:59,scan_executed_new_execution_bar,USDJPY,2025.03.31 04:30:00,0,
2025.03.31 04:54:59,scan_skipped_same_execution_bar,USDJPY,2025.03.31 04:30:00,0,
2025.03.31 05:04:59,scan_executed_new_execution_bar,USDJPY,2025.03.31 04:45:00,31,
2025.03.31 05:09:59,scan_skipped_same_execution_bar,USDJPY,2025.03.31 04:45:00,0,
2025.03.31 05:19:59,scan_executed_new_execution_bar,USDJPY,2025.03.31 05:00:00,0,
2025.03.31 05:24:59,scan_skipped_same_execution_bar,USDJPY,2025.03.31 05:00:00,0,
2025.03.31 05:34:59,scan_executed_new_execution_bar,USDJPY,2025.03.31 05:15:00,0,
2025.03.31 05:39:59,scan_skipped_same_execution_bar,USDJPY,2025.03.31 05:15:00,0,
2025.03.31 05:49:59,scan_executed_new_execution_bar,USDJPY,2025.03.31 05:30:00,0,
2025.03.31 05:54:59,scan_skipped_same_execution_bar,USDJPY,2025.03.31 05:30:00,0,
2025.03.31 06:04:59,scan_executed_new_execution_bar,USDJPY,2025.03.31 05:45:00,0,
2025.03.31 06:09:59,scan_skipped_same_execution_bar,USDJPY,2025.03.31 05:45:00,0,
2025.03.31 06:19:59,scan_executed_new_execution_bar,USDJPY,2025.03.31 06:00:00,0,
2025.03.31 06:24:59,scan_skipped_same_execution_bar,USDJPY,2025.03.31 06:00:00,0,
2025.03.31 06:34:59,scan_executed_new_execution_bar,USDJPY,2025.03.31 06:15:00,46,
2025.03.31 06:39:59,scan_skipped_same_execution_bar,USDJPY,2025.03.31 06:15:00,0,
2025.03.31 06:49:59,scan_executed_new_execution_bar,USDJPY,2025.03.31 06:30:00,31,
2025.03.31 06:54:58,scan_skipped_same_execution_bar,USDJPY,2025.03.31 06:30:00,0,
2025.03.31 07:04:59,scan_executed_new_execution_bar,USDJPY,2025.03.31 06:45:00,0,
2025.03.31 07:09:59,scan_skipped_same_execution_bar,USDJPY,2025.03.31 06:45:00,0,
2025.03.31 07:19:59,scan_executed_new_execution_bar,USDJPY,2025.03.31 07:00:00,31,
2025.03.31 07:24:59,scan_skipped_same_execution_bar,USDJPY,2025.03.31 07:00:00,0,
2025.03.31 07:34:59,scan_executed_new_execution_bar,USDJPY,2025.03.31 07:15:00,0,
2025.03.31 07:39:59,scan_skipped_same_execution_bar,USDJPY,2025.03.31 07:15:00,0,
2025.03.31 07:49:59,scan_executed_new_execution_bar,USDJPY,2025.03.31 07:30:00,15,
2025.03.31 07:54:59,scan_skipped_same_execution_bar,USDJPY,2025.03.31 07:30:00,0,
2025.03.31 08:04:59,scan_executed_new_execution_bar,USDJPY,2025.03.31 07:45:00,0,
2025.03.31 08:09:59,scan_skipped_same_execution_bar,USDJPY,2025.03.31 07:45:00,0,
2025.03.31 08:19:59,scan_executed_new_execution_bar,USDJPY,2025.03.31 08:00:00,15,
2025.03.31 08:24:59,scan_skipped_same_execution_bar,USDJPY,2025.03.31 08:00:00,0,
2025.03.31 08:34:59,scan_executed_new_execution_bar,USDJPY,2025.03.31 08:15:00,0,
2025.03.31 08:39:59,scan_skipped_same_execution_bar,USDJPY,2025.03.31 08:15:00,0,
2025.03.31 08:49:59,scan_executed_new_execution_bar,USDJPY,2025.03.31 08:30:00,0,
2025.03.31 08:54:59,scan_skipped_same_execution_bar,USDJPY,2025.03.31 08:30:00,0,
2025.03.31 09:04:59,scan_executed_new_execution_bar,USDJPY,2025.03.31 08:45:00,0,
2025.03.31 09:09:59,scan_skipped_same_execution_bar,USDJPY,2025.03.31 08:45:00,0,
2025.03.31 09:19:59,scan_executed_new_execution_bar,USDJPY,2025.03.31 09:00:00,0,
2025.03.31 09:24:59,scan_skipped_same_execution_bar,USDJPY,2025.03.31 09:00:00,0,
2025.03.31 09:34:59,scan_executed_new_execution_bar,USDJPY,2025.03.31 09:15:00,0,
2025.03.31 09:39:59,scan_skipped_same_execution_bar,USDJPY,2025.03.31 09:15:00,0,
2025.03.31 09:49:59,scan_executed_new_execution_bar,USDJPY,2025.03.31 09:30:00,47,
2025.03.31 09:54:59,scan_skipped_same_execution_bar,USDJPY,2025.03.31 09:30:00,0,
2025.03.31 10:04:59,scan_executed_new_execution_bar,USDJPY,2025.03.31 09:45:00,32,
2025.03.31 10:09:59,scan_skipped_same_execution_bar,USDJPY,2025.03.31 09:45:00,0,
2025.03.31 10:19:59,scan_executed_new_execution_bar,USDJPY,2025.03.31 10:00:00,15,
2025.03.31 10:24:59,scan_skipped_same_execution_bar,USDJPY,2025.03.31 10:00:00,0,
2025.03.31 10:34:59,scan_executed_new_execution_bar,USDJPY,2025.03.31 10:15:00,15,
2025.03.31 10:40:00,scan_skipped_same_execution_bar,USDJPY,2025.03.31 10:15:00,0,
2025.03.31 10:49:59,scan_executed_new_execution_bar,USDJPY,2025.03.31 10:30:00,16,
2025.03.31 10:54:59,scan_skipped_same_execution_bar,USDJPY,2025.03.31 10:30:00,0,
2025.03.31 11:04:59,scan_executed_new_execution_bar,USDJPY,2025.03.31 10:45:00,16,
2025.03.31 11:09:59,scan_skipped_same_execution_bar,USDJPY,2025.03.31 10:45:00,0,
2025.03.31 11:19:59,scan_executed_new_execution_bar,USDJPY,2025.03.31 11:00:00,0,
2025.03.31 11:24:59,scan_skipped_same_execution_bar,USDJPY,2025.03.31 11:00:00,0,
2025.03.31 11:34:59,scan_executed_new_execution_bar,USDJPY,2025.03.31 11:15:00,47,
2025.03.31 11:39:59,scan_skipped_same_execution_bar,USDJPY,2025.03.31 11:15:00,0,
2025.03.31 11:49:59,scan_executed_new_execution_bar,USDJPY,2025.03.31 11:30:00,31,
2025.03.31 11:54:59,scan_skipped_same_execution_bar,USDJPY,2025.03.31 11:30:00,0,
2025.03.31 12:04:59,scan_executed_new_execution_bar,USDJPY,2025.03.31 11:45:00,0,
2025.03.31 12:09:59,scan_skipped_same_execution_bar,USDJPY,2025.03.31 11:45:00,0,
2025.03.31 12:19:59,scan_executed_new_execution_bar,USDJPY,2025.03.31 12:00:00,16,
2025.03.31 12:24:59,scan_skipped_same_execution_bar,USDJPY,2025.03.31 12:00:00,0,
2025.03.31 12:34:59,scan_executed_new_execution_bar,USDJPY,2025.03.31 12:15:00,32,
2025.03.31 12:39:59,scan_skipped_same_execution_bar,USDJPY,2025.03.31 12:15:00,0,
2025.03.31 12:49:59,scan_executed_new_execution_bar,USDJPY,2025.03.31 12:30:00,0,
2025.03.31 12:54:59,scan_skipped_same_execution_bar,USDJPY,2025.03.31 12:30:00,0,
2025.03.31 13:04:59,scan_executed_new_execution_bar,USDJPY,2025.03.31 12:45:00,0,
2025.03.31 13:09:59,scan_skipped_same_execution_bar,USDJPY,2025.03.31 12:45:00,0,
2025.03.31 13:19:59,scan_executed_new_execution_bar,USDJPY,2025.03.31 13:00:00,0,
2025.03.31 13:24:59,scan_skipped_same_execution_bar,USDJPY,2025.03.31 13:00:00,0,
2025.03.31 13:34:59,scan_executed_new_execution_bar,USDJPY,2025.03.31 13:15:00,31,
2025.03.31 13:39:59,scan_skipped_same_execution_bar,USDJPY,2025.03.31 13:15:00,0,
2025.03.31 13:49:59,scan_executed_new_execution_bar,USDJPY,2025.03.31 13:30:00,0,
2025.03.31 13:54:59,scan_skipped_same_execution_bar,USDJPY,2025.03.31 13:30:00,0,
2025.03.31 14:04:59,scan_executed_new_execution_bar,USDJPY,2025.03.31 13:45:00,47,
2025.03.31 14:09:59,scan_skipped_same_execution_bar,USDJPY,2025.03.31 13:45:00,0,
2025.03.31 14:19:59,scan_executed_new_execution_bar,USDJPY,2025.03.31 14:00:00,16,
2025.03.31 14:24:59,scan_skipped_same_execution_bar,USDJPY,2025.03.31 14:00:00,0,
2025.03.31 14:34:59,scan_executed_new_execution_bar,USDJPY,2025.03.31 14:15:00,0,
2025.03.31 14:39:59,scan_skipped_same_execution_bar,USDJPY,2025.03.31 14:15:00,0,
2025.03.31 14:49:59,scan_executed_new_execution_bar,USDJPY,2025.03.31 14:30:00,16,
2025.03.31 14:54:59,scan_skipped_same_execution_bar,USDJPY,2025.03.31 14:30:00,0,
2025.03.31 15:04:59,scan_executed_new_execution_bar,USDJPY,2025.03.31 14:45:00,0,
2025.03.31 15:09:59,scan_skipped_same_execution_bar,USDJPY,2025.03.31 14:45:00,0,
2025.03.31 15:19:59,scan_executed_new_execution_bar,USDJPY,2025.03.31 15:00:00,0,
2025.03.31 15:24:59,scan_skipped_same_execution_bar,USDJPY,2025.03.31 15:00:00,0,
2025.03.31 15:34:59,scan_executed_new_execution_bar,USDJPY,2025.03.31 15:15:00,15,
2025.03.31 15:39:59,scan_skipped_same_execution_bar,USDJPY,2025.03.31 15:15:00,0,
2025.03.31 15:49:59,scan_executed_new_execution_bar,USDJPY,2025.03.31 15:30:00,0,
2025.03.31 15:54:59,scan_skipped_same_execution_bar,USDJPY,2025.03.31 15:30:00,0,
2025.03.31 16:04:59,scan_executed_new_execution_bar,USDJPY,2025.03.31 15:45:00,0,
2025.03.31 16:09:59,scan_skipped_same_execution_bar,USDJPY,2025.03.31 15:45:00,0,
2025.03.31 16:19:59,scan_executed_new_execution_bar,USDJPY,2025.03.31 16:00:00,16,
2025.03.31 16:24:59,scan_skipped_same_execution_bar,USDJPY,2025.03.31 16:00:00,0,
2025.03.31 16:34:59,scan_executed_new_execution_bar,USDJPY,2025.03.31 16:15:00,16,
2025.03.31 16:39:59,scan_skipped_same_execution_bar,USDJPY,2025.03.31 16:15:00,0,
2025.03.31 16:49:59,scan_executed_new_execution_bar,USDJPY,2025.03.31 16:30:00,32,
2025.03.31 16:54:59,scan_skipped_same_execution_bar,USDJPY,2025.03.31 16:30:00,0,
2025.03.31 17:04:59,scan_executed_new_execution_bar,USDJPY,2025.03.31 16:45:00,0,
2025.03.31 17:09:59,scan_skipped_same_execution_bar,USDJPY,2025.03.31 16:45:00,0,
2025.03.31 17:19:59,scan_executed_new_execution_bar,USDJPY,2025.03.31 17:00:00,0,
2025.03.31 17:24:59,scan_skipped_same_execution_bar,USDJPY,2025.03.31 17:00:00,0,
2025.03.31 17:34:59,scan_executed_new_execution_bar,USDJPY,2025.03.31 17:15:00,47,
2025.03.31 17:39:59,scan_skipped_same_execution_bar,USDJPY,2025.03.31 17:15:00,0,
2025.03.31 17:49:59,scan_executed_new_execution_bar,USDJPY,2025.03.31 17:30:00,15,
2025.03.31 17:54:59,scan_skipped_same_execution_bar,USDJPY,2025.03.31 17:30:00,0,
2025.03.31 18:04:59,scan_executed_new_execution_bar,USDJPY,2025.03.31 17:45:00,63,
2025.03.31 18:09:59,scan_skipped_same_execution_bar,USDJPY,2025.03.31 17:45:00,0,
2025.03.31 18:19:59,scan_executed_new_execution_bar,USDJPY,2025.03.31 18:00:00,0,
2025.03.31 18:24:59,scan_skipped_same_execution_bar,USDJPY,2025.03.31 18:00:00,0,
2025.03.31 18:34:59,scan_executed_new_execution_bar,USDJPY,2025.03.31 18:15:00,32,
2025.03.31 18:39:59,scan_skipped_same_execution_bar,USDJPY,2025.03.31 18:15:00,0,
2025.03.31 18:49:59,scan_executed_new_execution_bar,USDJPY,2025.03.31 18:30:00,0,
2025.03.31 18:54:59,scan_skipped_same_execution_bar,USDJPY,2025.03.31 18:30:00,0,
2025.03.31 19:04:59,scan_executed_new_execution_bar,USDJPY,2025.03.31 18:45:00,0,
2025.03.31 19:09:59,scan_skipped_same_execution_bar,USDJPY,2025.03.31 18:45:00,0,
2025.03.31 19:19:59,scan_executed_new_execution_bar,USDJPY,2025.03.31 19:00:00,0,
2025.03.31 19:24:59,scan_skipped_same_execution_bar,USDJPY,2025.03.31 19:00:00,0,
2025.03.31 19:34:59,scan_executed_new_execution_bar,USDJPY,2025.03.31 19:15:00,0,
2025.03.31 19:39:59,scan_skipped_same_execution_bar,USDJPY,2025.03.31 19:15:00,0,
2025.03.31 19:49:59,scan_executed_new_execution_bar,USDJPY,2025.03.31 19:30:00,31,
2025.03.31 19:54:58,scan_skipped_same_execution_bar,USDJPY,2025.03.31 19:30:00,0,
2025.03.31 20:04:59,scan_executed_new_execution_bar,USDJPY,2025.03.31 19:45:00,0,
2025.03.31 20:09:59,scan_skipped_same_execution_bar,USDJPY,2025.03.31 19:45:00,0,
2025.03.31 20:19:59,scan_executed_new_execution_bar,USDJPY,2025.03.31 20:00:00,16,
2025.03.31 20:24:59,scan_skipped_same_execution_bar,USDJPY,2025.03.31 20:00:00,0,
2025.03.31 20:34:59,scan_executed_new_execution_bar,USDJPY,2025.03.31 20:15:00,0,
2025.03.31 20:39:59,scan_skipped_same_execution_bar,USDJPY,2025.03.31 20:15:00,0,
2025.03.31 20:49:59,scan_executed_new_execution_bar,USDJPY,2025.03.31 20:30:00,16,
2025.03.31 20:54:58,scan_skipped_same_execution_bar,USDJPY,2025.03.31 20:30:00,0,
2025.03.31 21:04:59,scan_executed_new_execution_bar,USDJPY,2025.03.31 20:45:00,0,
2025.03.31 21:09:59,scan_skipped_same_execution_bar,USDJPY,2025.03.31 20:45:00,0,
2025.03.31 21:19:59,scan_executed_new_execution_bar,USDJPY,2025.03.31 21:00:00,15,
2025.03.31 21:24:59,scan_skipped_same_execution_bar,USDJPY,2025.03.31 21:00:00,0,
2025.03.31 21:34:59,scan_executed_new_execution_bar,USDJPY,2025.03.31 21:15:00,0,
2025.03.31 21:39:59,scan_skipped_same_execution_bar,USDJPY,2025.03.31 21:15:00,0,
2025.03.31 21:49:59,scan_executed_new_execution_bar,USDJPY,2025.03.31 21:30:00,15,
2025.03.31 21:54:59,scan_skipped_same_execution_bar,USDJPY,2025.03.31 21:30:00,0,
2025.03.31 22:04:59,scan_executed_new_execution_bar,USDJPY,2025.03.31 21:45:00,0,
2025.03.31 22:09:59,scan_skipped_same_execution_bar,USDJPY,2025.03.31 21:45:00,0,
2025.03.31 22:19:59,scan_executed_new_execution_bar,USDJPY,2025.03.31 22:00:00,0,
2025.03.31 22:24:59,scan_skipped_same_execution_bar,USDJPY,2025.03.31 22:00:00,0,
2025.03.31 22:34:59,scan_executed_new_execution_bar,USDJPY,2025.03.31 22:15:00,16,
2025.03.31 22:39:59,scan_skipped_same_execution_bar,USDJPY,2025.03.31 22:15:00,0,
2025.03.31 22:49:59,scan_executed_new_execution_bar,USDJPY,2025.03.31 22:30:00,0,
2025.03.31 22:54:59,scan_skipped_same_execution_bar,USDJPY,2025.03.31 22:30:00,0,
2025.03.31 23:04:59,scan_executed_new_execution_bar,USDJPY,2025.03.31 22:45:00,15,
2025.03.31 23:09:59,scan_skipped_same_execution_bar,USDJPY,2025.03.31 22:45:00,0,
2025.03.31 23:19:58,scan_executed_new_execution_bar,USDJPY,2025.03.31 23:00:00,0,
2025.03.31 23:24:59,scan_skipped_same_execution_bar,USDJPY,2025.03.31 23:00:00,0,
2025.03.31 23:34:55,scan_executed_new_execution_bar,USDJPY,2025.03.31 23:15:00,0,
2025.03.31 23:39:58,scan_skipped_same_execution_bar,USDJPY,2025.03.31 23:15:00,0,
2025.03.31 23:49:59,scan_executed_new_execution_bar,USDJPY,2025.03.31 23:30:00,0,
2025.03.31 23:54:59,scan_skipped_same_execution_bar,USDJPY,2025.03.31 23:30:00,0,
2025.04.01 00:04:47,scan_executed_new_execution_bar,USDJPY,2025.03.31 23:45:00,0,
2025.04.01 00:09:58,scan_skipped_same_execution_bar,USDJPY,2025.03.31 23:45:00,0,
2025.04.01 00:19:59,scan_executed_new_execution_bar,USDJPY,2025.04.01 00:00:00,0,
2025.04.01 00:24:59,scan_skipped_same_execution_bar,USDJPY,2025.04.01 00:00:00,0,
2025.04.01 00:34:58,scan_executed_new_execution_bar,USDJPY,2025.04.01 00:15:00,0,
2025.04.01 00:39:53,scan_skipped_same_execution_bar,USDJPY,2025.04.01 00:15:00,0,
2025.04.01 00:49:54,scan_executed_new_execution_bar,USDJPY,2025.04.01 00:30:00,0,
2025.04.01 00:54:59,scan_skipped_same_execution_bar,USDJPY,2025.04.01 00:30:00,0,
2025.04.01 01:04:59,scan_executed_new_execution_bar,USDJPY,2025.04.01 00:45:00,0,
2025.04.01 01:09:59,scan_skipped_same_execution_bar,USDJPY,2025.04.01 00:45:00,0,
2025.04.01 01:19:59,scan_executed_new_execution_bar,USDJPY,2025.04.01 01:00:00,0,
2025.04.01 01:24:59,scan_skipped_same_execution_bar,USDJPY,2025.04.01 01:00:00,0,
2025.04.01 01:34:59,scan_executed_new_execution_bar,USDJPY,2025.04.01 01:15:00,0,
2025.04.01 01:39:59,scan_skipped_same_execution_bar,USDJPY,2025.04.01 01:15:00,0,
2025.04.01 01:50:00,scan_executed_new_execution_bar,USDJPY,2025.04.01 01:30:00,0,
2025.04.01 01:54:59,scan_skipped_same_execution_bar,USDJPY,2025.04.01 01:30:00,0,
2025.04.01 02:04:59,scan_executed_new_execution_bar,USDJPY,2025.04.01 01:45:00,0,
2025.04.01 02:09:59,scan_skipped_same_execution_bar,USDJPY,2025.04.01 01:45:00,0,
2025.04.01 02:19:59,scan_executed_new_execution_bar,USDJPY,2025.04.01 02:00:00,0,
2025.04.01 02:24:58,scan_skipped_same_execution_bar,USDJPY,2025.04.01 02:00:00,0,
2025.04.01 02:34:59,scan_executed_new_execution_bar,USDJPY,2025.04.01 02:15:00,0,
2025.04.01 02:39:59,scan_skipped_same_execution_bar,USDJPY,2025.04.01 02:15:00,0,
2025.04.01 02:49:57,scan_executed_new_execution_bar,USDJPY,2025.04.01 02:30:00,0,
2025.04.01 02:54:59,scan_skipped_same_execution_bar,USDJPY,2025.04.01 02:30:00,0,
2025.04.01 03:04:59,scan_executed_new_execution_bar,USDJPY,2025.04.01 02:45:00,0,
2025.04.01 03:09:59,scan_skipped_same_execution_bar,USDJPY,2025.04.01 02:45:00,0,
2025.04.01 03:19:59,scan_executed_new_execution_bar,USDJPY,2025.04.01 03:00:00,0,
2025.04.01 03:24:59,scan_skipped_same_execution_bar,USDJPY,2025.04.01 03:00:00,0,
2025.04.01 03:34:59,scan_executed_new_execution_bar,USDJPY,2025.04.01 03:15:00,0,
2025.04.01 03:39:59,scan_skipped_same_execution_bar,USDJPY,2025.04.01 03:15:00,0,
2025.04.01 03:49:59,scan_executed_new_execution_bar,USDJPY,2025.04.01 03:30:00,0,
2025.04.01 03:54:59,scan_skipped_same_execution_bar,USDJPY,2025.04.01 03:30:00,0,
2025.04.01 04:04:59,scan_executed_new_execution_bar,USDJPY,2025.04.01 03:45:00,0,
2025.04.01 04:09:59,scan_skipped_same_execution_bar,USDJPY,2025.04.01 03:45:00,0,
2025.04.01 04:19:59,scan_executed_new_execution_bar,USDJPY,2025.04.01 04:00:00,0,
2025.04.01 04:24:59,scan_skipped_same_execution_bar,USDJPY,2025.04.01 04:00:00,0,
2025.04.01 04:34:59,scan_executed_new_execution_bar,USDJPY,2025.04.01 04:15:00,0,
2025.04.01 04:39:58,scan_skipped_same_execution_bar,USDJPY,2025.04.01 04:15:00,0,
2025.04.01 04:49:59,scan_executed_new_execution_bar,USDJPY,2025.04.01 04:30:00,0,
2025.04.01 04:54:59,scan_skipped_same_execution_bar,USDJPY,2025.04.01 04:30:00,0,
2025.04.01 05:04:59,scan_executed_new_execution_bar,USDJPY,2025.04.01 04:45:00,0,
2025.04.01 05:09:59,scan_skipped_same_execution_bar,USDJPY,2025.04.01 04:45:00,0,
2025.04.01 05:19:59,scan_executed_new_execution_bar,USDJPY,2025.04.01 05:00:00,0,
2025.04.01 05:24:59,scan_skipped_same_execution_bar,USDJPY,2025.04.01 05:00:00,0,
2025.04.01 05:34:59,scan_executed_new_execution_bar,USDJPY,2025.04.01 05:15:00,0,
2025.04.01 05:39:59,scan_skipped_same_execution_bar,USDJPY,2025.04.01 05:15:00,0,
2025.04.01 05:49:59,scan_executed_new_execution_bar,USDJPY,2025.04.01 05:30:00,16,
2025.04.01 05:54:59,scan_skipped_same_execution_bar,USDJPY,2025.04.01 05:30:00,0,
2025.04.01 06:04:59,scan_executed_new_execution_bar,USDJPY,2025.04.01 05:45:00,0,
2025.04.01 06:09:59,scan_skipped_same_execution_bar,USDJPY,2025.04.01 05:45:00,0,
2025.04.01 06:19:59,scan_executed_new_execution_bar,USDJPY,2025.04.01 06:00:00,16,
2025.04.01 06:24:58,scan_skipped_same_execution_bar,USDJPY,2025.04.01 06:00:00,0,
2025.04.01 06:34:59,scan_executed_new_execution_bar,USDJPY,2025.04.01 06:15:00,0,
2025.04.01 06:39:59,scan_skipped_same_execution_bar,USDJPY,2025.04.01 06:15:00,0,
2025.04.01 06:49:59,scan_executed_new_execution_bar,USDJPY,2025.04.01 06:30:00,0,
2025.04.01 06:54:59,scan_skipped_same_execution_bar,USDJPY,2025.04.01 06:30:00,0,
2025.04.01 07:04:59,scan_executed_new_execution_bar,USDJPY,2025.04.01 06:45:00,0,
2025.04.01 07:09:59,scan_skipped_same_execution_bar,USDJPY,2025.04.01 06:45:00,0,
2025.04.01 07:19:59,scan_executed_new_execution_bar,USDJPY,2025.04.01 07:00:00,0,
2025.04.01 07:24:59,scan_skipped_same_execution_bar,USDJPY,2025.04.01 07:00:00,0,
2025.04.01 07:34:59,scan_executed_new_execution_bar,USDJPY,2025.04.01 07:15:00,15,
2025.04.01 07:39:59,scan_skipped_same_execution_bar,USDJPY,2025.04.01 07:15:00,0,
2025.04.01 07:49:59,scan_executed_new_execution_bar,USDJPY,2025.04.01 07:30:00,0,
2025.04.01 07:54:59,scan_skipped_same_execution_bar,USDJPY,2025.04.01 07:30:00,0,
2025.04.01 08:04:58,scan_executed_new_execution_bar,USDJPY,2025.04.01 07:45:00,0,
2025.04.01 08:09:59,scan_skipped_same_execution_bar,USDJPY,2025.04.01 07:45:00,0,
2025.04.01 08:19:59,scan_executed_new_execution_bar,USDJPY,2025.04.01 08:00:00,32,
2025.04.01 08:24:59,scan_skipped_same_execution_bar,USDJPY,2025.04.01 08:00:00,0,
2025.04.01 08:34:59,scan_executed_new_execution_bar,USDJPY,2025.04.01 08:15:00,15,
2025.04.01 08:39:59,scan_skipped_same_execution_bar,USDJPY,2025.04.01 08:15:00,0,
2025.04.01 08:49:58,scan_executed_new_execution_bar,USDJPY,2025.04.01 08:30:00,0,
2025.04.01 08:54:59,scan_skipped_same_execution_bar,USDJPY,2025.04.01 08:30:00,0,
2025.04.01 09:04:59,scan_executed_new_execution_bar,USDJPY,2025.04.01 08:45:00,0,
2025.04.01 09:09:59,scan_skipped_same_execution_bar,USDJPY,2025.04.01 08:45:00,0,
2025.04.01 09:19:59,scan_executed_new_execution_bar,USDJPY,2025.04.01 09:00:00,15,
2025.04.01 09:24:59,scan_skipped_same_execution_bar,USDJPY,2025.04.01 09:00:00,0,
2025.04.01 09:34:59,scan_executed_new_execution_bar,USDJPY,2025.04.01 09:15:00,16,
2025.04.01 09:39:59,scan_skipped_same_execution_bar,USDJPY,2025.04.01 09:15:00,0,
2025.04.01 09:49:59,scan_executed_new_execution_bar,USDJPY,2025.04.01 09:30:00,0,
2025.04.01 09:54:59,scan_skipped_same_execution_bar,USDJPY,2025.04.01 09:30:00,0,
2025.04.01 10:04:59,scan_executed_new_execution_bar,USDJPY,2025.04.01 09:45:00,0,
2025.04.01 10:09:59,scan_skipped_same_execution_bar,USDJPY,2025.04.01 09:45:00,0,
2025.04.01 10:19:59,scan_executed_new_execution_bar,USDJPY,2025.04.01 10:00:00,0,
2025.04.01 10:24:59,scan_skipped_same_execution_bar,USDJPY,2025.04.01 10:00:00,0,
2025.04.01 10:34:59,scan_executed_new_execution_bar,USDJPY,2025.04.01 10:15:00,0,
2025.04.01 10:39:59,scan_skipped_same_execution_bar,USDJPY,2025.04.01 10:15:00,0,
2025.04.01 10:49:59,scan_executed_new_execution_bar,USDJPY,2025.04.01 10:30:00,0,
2025.04.01 10:54:59,scan_skipped_same_execution_bar,USDJPY,2025.04.01 10:30:00,0,
2025.04.01 11:04:59,scan_executed_new_execution_bar,USDJPY,2025.04.01 10:45:00,0,
2025.04.01 11:09:59,scan_skipped_same_execution_bar,USDJPY,2025.04.01 10:45:00,0,
2025.04.01 11:19:59,scan_executed_new_execution_bar,USDJPY,2025.04.01 11:00:00,0,
2025.04.01 11:24:59,scan_skipped_same_execution_bar,USDJPY,2025.04.01 11:00:00,0,
2025.04.01 11:34:59,scan_executed_new_execution_bar,USDJPY,2025.04.01 11:15:00,16,
2025.04.01 11:39:59,scan_skipped_same_execution_bar,USDJPY,2025.04.01 11:15:00,0,
2025.04.01 11:49:59,scan_executed_new_execution_bar,USDJPY,2025.04.01 11:30:00,0,
2025.04.01 11:54:58,scan_skipped_same_execution_bar,USDJPY,2025.04.01 11:30:00,0,
2025.04.01 12:04:59,scan_executed_new_execution_bar,USDJPY,2025.04.01 11:45:00,16,
2025.04.01 12:09:59,scan_skipped_same_execution_bar,USDJPY,2025.04.01 11:45:00,0,
2025.04.01 12:19:59,scan_executed_new_execution_bar,USDJPY,2025.04.01 12:00:00,0,
2025.04.01 12:24:59,scan_skipped_same_execution_bar,USDJPY,2025.04.01 12:00:00,0,
2025.04.01 12:34:59,scan_executed_new_execution_bar,USDJPY,2025.04.01 12:15:00,16,
2025.04.01 12:39:59,scan_skipped_same_execution_bar,USDJPY,2025.04.01 12:15:00,0,
2025.04.01 12:45:00,scan_executed_new_execution_bar,USDJPY,2025.04.01 12:30:00,0,
2025.04.01 12:49:59,scan_skipped_same_execution_bar,USDJPY,2025.04.01 12:30:00,0,
2025.04.01 13:04:59,scan_executed_new_execution_bar,USDJPY,2025.04.01 12:45:00,0,
2025.04.01 13:09:59,scan_skipped_same_execution_bar,USDJPY,2025.04.01 12:45:00,0,
2025.04.01 13:19:59,scan_executed_new_execution_bar,USDJPY,2025.04.01 13:00:00,0,
2025.04.01 13:24:59,scan_skipped_same_execution_bar,USDJPY,2025.04.01 13:00:00,0,
2025.04.01 13:34:59,scan_executed_new_execution_bar,USDJPY,2025.04.01 13:15:00,32,
2025.04.01 13:39:59,scan_skipped_same_execution_bar,USDJPY,2025.04.01 13:15:00,0,
2025.04.01 13:49:59,scan_executed_new_execution_bar,USDJPY,2025.04.01 13:30:00,0,
2025.04.01 13:54:59,scan_skipped_same_execution_bar,USDJPY,2025.04.01 13:30:00,0,
2025.04.01 14:04:59,scan_executed_new_execution_bar,USDJPY,2025.04.01 13:45:00,0,
2025.04.01 14:09:59,scan_skipped_same_execution_bar,USDJPY,2025.04.01 13:45:00,0,
2025.04.01 14:20:00,scan_executed_new_execution_bar,USDJPY,2025.04.01 14:00:00,0,
2025.04.01 14:24:59,scan_skipped_same_execution_bar,USDJPY,2025.04.01 14:00:00,0,
2025.04.01 14:34:59,scan_executed_new_execution_bar,USDJPY,2025.04.01 14:15:00,0,
2025.04.01 14:39:59,scan_skipped_same_execution_bar,USDJPY,2025.04.01 14:15:00,0,
2025.04.01 14:49:59,scan_executed_new_execution_bar,USDJPY,2025.04.01 14:30:00,0,
2025.04.01 14:54:59,scan_skipped_same_execution_bar,USDJPY,2025.04.01 14:30:00,0,
2025.04.01 15:04:59,scan_executed_new_execution_bar,USDJPY,2025.04.01 14:45:00,16,
2025.04.01 15:09:59,scan_skipped_same_execution_bar,USDJPY,2025.04.01 14:45:00,0,
2025.04.01 15:19:59,scan_executed_new_execution_bar,USDJPY,2025.04.01 15:00:00,78,
2025.04.01 15:24:59,scan_skipped_same_execution_bar,USDJPY,2025.04.01 15:00:00,0,
2025.04.01 15:34:59,scan_executed_new_execution_bar,USDJPY,2025.04.01 15:15:00,0,
2025.04.01 15:39:59,scan_skipped_same_execution_bar,USDJPY,2025.04.01 15:15:00,0,
2025.04.01 15:49:59,scan_executed_new_execution_bar,USDJPY,2025.04.01 15:30:00,16,
2025.04.01 15:54:59,scan_skipped_same_execution_bar,USDJPY,2025.04.01 15:30:00,0,
2025.04.01 16:04:59,scan_executed_new_execution_bar,USDJPY,2025.04.01 15:45:00,15,
2025.04.01 16:09:59,scan_skipped_same_execution_bar,USDJPY,2025.04.01 15:45:00,0,
2025.04.01 16:19:59,scan_executed_new_execution_bar,USDJPY,2025.04.01 16:00:00,16,
2025.04.01 16:24:59,scan_skipped_same_execution_bar,USDJPY,2025.04.01 16:00:00,0,
2025.04.01 16:34:59,scan_executed_new_execution_bar,USDJPY,2025.04.01 16:15:00,31,
2025.04.01 16:39:59,scan_skipped_same_execution_bar,USDJPY,2025.04.01 16:15:00,0,
2025.04.01 16:49:59,scan_executed_new_execution_bar,USDJPY,2025.04.01 16:30:00,0,
2025.04.01 16:54:59,scan_skipped_same_execution_bar,USDJPY,2025.04.01 16:30:00,0,
2025.04.01 17:04:59,scan_executed_new_execution_bar,USDJPY,2025.04.01 16:45:00,0,
2025.04.01 17:09:59,scan_skipped_same_execution_bar,USDJPY,2025.04.01 16:45:00,0,
2025.04.01 17:19:59,scan_executed_new_execution_bar,USDJPY,2025.04.01 17:00:00,0,
2025.04.01 17:24:59,scan_skipped_same_execution_bar,USDJPY,2025.04.01 17:00:00,0,
2025.04.01 17:34:59,scan_executed_new_execution_bar,USDJPY,2025.04.01 17:15:00,16,
2025.04.01 17:39:59,scan_skipped_same_execution_bar,USDJPY,2025.04.01 17:15:00,0,
2025.04.01 17:49:59,scan_executed_new_execution_bar,USDJPY,2025.04.01 17:30:00,46,
2025.04.01 17:54:59,scan_skipped_same_execution_bar,USDJPY,2025.04.01 17:30:00,0,
2025.04.01 18:04:59,scan_executed_new_execution_bar,USDJPY,2025.04.01 17:45:00,0,
2025.04.01 18:09:59,scan_skipped_same_execution_bar,USDJPY,2025.04.01 17:45:00,0,
2025.04.01 18:19:59,scan_executed_new_execution_bar,USDJPY,2025.04.01 18:00:00,15,
2025.04.01 18:24:59,scan_skipped_same_execution_bar,USDJPY,2025.04.01 18:00:00,0,
2025.04.01 18:34:59,scan_executed_new_execution_bar,USDJPY,2025.04.01 18:15:00,16,
2025.04.01 18:39:59,scan_skipped_same_execution_bar,USDJPY,2025.04.01 18:15:00,0,
2025.04.01 18:49:59,scan_executed_new_execution_bar,USDJPY,2025.04.01 18:30:00,0,
2025.04.01 18:54:59,scan_skipped_same_execution_bar,USDJPY,2025.04.01 18:30:00,0,
2025.04.01 19:04:59,scan_executed_new_execution_bar,USDJPY,2025.04.01 18:45:00,15,
2025.04.01 19:09:59,scan_skipped_same_execution_bar,USDJPY,2025.04.01 18:45:00,0,
2025.04.01 19:19:59,scan_executed_new_execution_bar,USDJPY,2025.04.01 19:00:00,0,
2025.04.01 19:24:59,scan_skipped_same_execution_bar,USDJPY,2025.04.01 19:00:00,0,
2025.04.01 19:35:00,scan_executed_new_execution_bar,USDJPY,2025.04.01 19:15:00,62,
2025.04.01 19:39:59,scan_skipped_same_execution_bar,USDJPY,2025.04.01 19:15:00,0,
2025.04.01 19:49:59,scan_executed_new_execution_bar,USDJPY,2025.04.01 19:30:00,32,
2025.04.01 19:54:59,scan_skipped_same_execution_bar,USDJPY,2025.04.01 19:30:00,0,
2025.04.01 20:04:59,scan_executed_new_execution_bar,USDJPY,2025.04.01 19:45:00,0,
2025.04.01 20:09:59,scan_skipped_same_execution_bar,USDJPY,2025.04.01 19:45:00,0,
2025.04.01 20:19:59,scan_executed_new_execution_bar,USDJPY,2025.04.01 20:00:00,0,
2025.04.01 20:24:59,scan_skipped_same_execution_bar,USDJPY,2025.04.01 20:00:00,0,
2025.04.01 20:34:59,scan_executed_new_execution_bar,USDJPY,2025.04.01 20:15:00,16,
2025.04.01 20:39:59,scan_skipped_same_execution_bar,USDJPY,2025.04.01 20:15:00,0,
2025.04.01 20:49:59,scan_executed_new_execution_bar,USDJPY,2025.04.01 20:30:00,0,
2025.04.01 20:54:58,scan_skipped_same_execution_bar,USDJPY,2025.04.01 20:30:00,0,
2025.04.01 21:04:59,scan_executed_new_execution_bar,USDJPY,2025.04.01 20:45:00,0,
2025.04.01 21:09:59,scan_skipped_same_execution_bar,USDJPY,2025.04.01 20:45:00,0,
2025.04.01 21:19:59,scan_executed_new_execution_bar,USDJPY,2025.04.01 21:00:00,0,
2025.04.01 21:24:58,scan_skipped_same_execution_bar,USDJPY,2025.04.01 21:00:00,0,
2025.04.01 21:34:59,scan_executed_new_execution_bar,USDJPY,2025.04.01 21:15:00,0,
2025.04.01 21:39:58,scan_skipped_same_execution_bar,USDJPY,2025.04.01 21:15:00,0,
2025.04.01 21:49:59,scan_executed_new_execution_bar,USDJPY,2025.04.01 21:30:00,0,
2025.04.01 21:54:59,scan_skipped_same_execution_bar,USDJPY,2025.04.01 21:30:00,0,
2025.04.01 22:04:59,scan_executed_new_execution_bar,USDJPY,2025.04.01 21:45:00,0,
2025.04.01 22:09:59,scan_skipped_same_execution_bar,USDJPY,2025.04.01 21:45:00,0,
2025.04.01 22:19:59,scan_executed_new_execution_bar,USDJPY,2025.04.01 22:00:00,0,
2025.04.01 22:24:59,scan_skipped_same_execution_bar,USDJPY,2025.04.01 22:00:00,0,
2025.04.01 22:34:59,scan_executed_new_execution_bar,USDJPY,2025.04.01 22:15:00,0,
2025.04.01 22:39:58,scan_skipped_same_execution_bar,USDJPY,2025.04.01 22:15:00,0,
2025.04.01 22:49:59,scan_executed_new_execution_bar,USDJPY,2025.04.01 22:30:00,0,
2025.04.01 22:54:59,scan_skipped_same_execution_bar,USDJPY,2025.04.01 22:30:00,0,
2025.04.01 23:04:59,scan_executed_new_execution_bar,USDJPY,2025.04.01 22:45:00,0,
2025.04.01 23:09:59,scan_skipped_same_execution_bar,USDJPY,2025.04.01 22:45:00,0,
2025.04.01 23:19:59,scan_executed_new_execution_bar,USDJPY,2025.04.01 23:00:00,0,
2025.04.01 23:24:59,scan_skipped_same_execution_bar,USDJPY,2025.04.01 23:00:00,0,
2025.04.01 23:34:59,scan_executed_new_execution_bar,USDJPY,2025.04.01 23:15:00,15,
2025.04.01 23:39:59,scan_skipped_same_execution_bar,USDJPY,2025.04.01 23:15:00,0,
2025.04.01 23:49:59,scan_executed_new_execution_bar,USDJPY,2025.04.01 23:30:00,0,
2025.04.01 23:54:59,scan_skipped_same_execution_bar,USDJPY,2025.04.01 23:30:00,0,
2025.04.02 00:04:49,scan_executed_new_execution_bar,USDJPY,2025.04.01 23:45:00,0,
2025.04.02 00:10:00,scan_skipped_same_execution_bar,USDJPY,2025.04.01 23:45:00,0,
2025.04.02 00:19:57,scan_executed_new_execution_bar,USDJPY,2025.04.02 00:00:00,0,
2025.04.02 00:24:58,scan_skipped_same_execution_bar,USDJPY,2025.04.02 00:00:00,0,
2025.04.02 00:34:57,scan_executed_new_execution_bar,USDJPY,2025.04.02 00:15:00,0,
2025.04.02 00:39:54,scan_skipped_same_execution_bar,USDJPY,2025.04.02 00:15:00,0,
2025.04.02 00:49:59,scan_executed_new_execution_bar,USDJPY,2025.04.02 00:30:00,0,
2025.04.02 00:54:56,scan_skipped_same_execution_bar,USDJPY,2025.04.02 00:30:00,0,
2025.04.02 01:04:59,scan_executed_new_execution_bar,USDJPY,2025.04.02 00:45:00,0,
2025.04.02 01:09:59,scan_skipped_same_execution_bar,USDJPY,2025.04.02 00:45:00,0,
2025.04.02 01:19:59,scan_executed_new_execution_bar,USDJPY,2025.04.02 01:00:00,0,
2025.04.02 01:24:59,scan_skipped_same_execution_bar,USDJPY,2025.04.02 01:00:00,0,
2025.04.02 01:34:59,scan_executed_new_execution_bar,USDJPY,2025.04.02 01:15:00,0,
2025.04.02 01:39:59,scan_skipped_same_execution_bar,USDJPY,2025.04.02 01:15:00,0,
2025.04.02 01:49:58,scan_executed_new_execution_bar,USDJPY,2025.04.02 01:30:00,0,
2025.04.02 01:54:59,scan_skipped_same_execution_bar,USDJPY,2025.04.02 01:30:00,0,
2025.04.02 02:04:59,scan_executed_new_execution_bar,USDJPY,2025.04.02 01:45:00,0,
2025.04.02 02:09:59,scan_skipped_same_execution_bar,USDJPY,2025.04.02 01:45:00,0,
2025.04.02 02:19:58,scan_executed_new_execution_bar,USDJPY,2025.04.02 02:00:00,16,
2025.04.02 02:24:59,scan_skipped_same_execution_bar,USDJPY,2025.04.02 02:00:00,0,
2025.04.02 02:34:59,scan_executed_new_execution_bar,USDJPY,2025.04.02 02:15:00,0,
2025.04.02 02:39:59,scan_skipped_same_execution_bar,USDJPY,2025.04.02 02:15:00,0,
2025.04.02 02:49:59,scan_executed_new_execution_bar,USDJPY,2025.04.02 02:30:00,15,
2025.04.02 02:54:59,scan_skipped_same_execution_bar,USDJPY,2025.04.02 02:30:00,0,
2025.04.02 03:04:59,scan_executed_new_execution_bar,USDJPY,2025.04.02 02:45:00,31,
2025.04.02 03:09:59,scan_skipped_same_execution_bar,USDJPY,2025.04.02 02:45:00,0,
2025.04.02 03:19:59,scan_executed_new_execution_bar,USDJPY,2025.04.02 03:00:00,16,
2025.04.02 03:24:59,scan_skipped_same_execution_bar,USDJPY,2025.04.02 03:00:00,0,
2025.04.02 03:34:59,scan_executed_new_execution_bar,USDJPY,2025.04.02 03:15:00,0,
2025.04.02 03:39:59,scan_skipped_same_execution_bar,USDJPY,2025.04.02 03:15:00,0,
2025.04.02 03:49:59,scan_executed_new_execution_bar,USDJPY,2025.04.02 03:30:00,0,
2025.04.02 03:54:59,scan_skipped_same_execution_bar,USDJPY,2025.04.02 03:30:00,0,
2025.04.02 04:04:59,scan_executed_new_execution_bar,USDJPY,2025.04.02 03:45:00,15,
2025.04.02 04:09:59,scan_skipped_same_execution_bar,USDJPY,2025.04.02 03:45:00,0,
2025.04.02 04:19:59,scan_executed_new_execution_bar,USDJPY,2025.04.02 04:00:00,0,
2025.04.02 04:24:59,scan_skipped_same_execution_bar,USDJPY,2025.04.02 04:00:00,0,
2025.04.02 04:34:59,scan_executed_new_execution_bar,USDJPY,2025.04.02 04:15:00,16,
2025.04.02 04:39:59,scan_skipped_same_execution_bar,USDJPY,2025.04.02 04:15:00,0,
2025.04.02 04:49:59,scan_executed_new_execution_bar,USDJPY,2025.04.02 04:30:00,16,
2025.04.02 04:54:58,scan_skipped_same_execution_bar,USDJPY,2025.04.02 04:30:00,0,
2025.04.02 05:04:59,scan_executed_new_execution_bar,USDJPY,2025.04.02 04:45:00,0,
2025.04.02 05:09:59,scan_skipped_same_execution_bar,USDJPY,2025.04.02 04:45:00,0,
2025.04.02 05:19:59,scan_executed_new_execution_bar,USDJPY,2025.04.02 05:00:00,0,
2025.04.02 05:24:59,scan_skipped_same_execution_bar,USDJPY,2025.04.02 05:00:00,0,
2025.04.02 05:34:59,scan_executed_new_execution_bar,USDJPY,2025.04.02 05:15:00,0,
2025.04.02 05:39:59,scan_skipped_same_execution_bar,USDJPY,2025.04.02 05:15:00,0,
2025.04.02 05:49:59,scan_executed_new_execution_bar,USDJPY,2025.04.02 05:30:00,31,
2025.04.02 05:54:59,scan_skipped_same_execution_bar,USDJPY,2025.04.02 05:30:00,0,
2025.04.02 06:04:59,scan_executed_new_execution_bar,USDJPY,2025.04.02 05:45:00,0,
2025.04.02 06:09:59,scan_skipped_same_execution_bar,USDJPY,2025.04.02 05:45:00,0,
2025.04.02 06:19:59,scan_executed_new_execution_bar,USDJPY,2025.04.02 06:00:00,0,
2025.04.02 06:24:59,scan_skipped_same_execution_bar,USDJPY,2025.04.02 06:00:00,0,
2025.04.02 06:34:59,scan_executed_new_execution_bar,USDJPY,2025.04.02 06:15:00,0,
2025.04.02 06:39:59,scan_skipped_same_execution_bar,USDJPY,2025.04.02 06:15:00,0,
2025.04.02 06:49:59,scan_executed_new_execution_bar,USDJPY,2025.04.02 06:30:00,0,
2025.04.02 06:54:58,scan_skipped_same_execution_bar,USDJPY,2025.04.02 06:30:00,0,
2025.04.02 07:04:59,scan_executed_new_execution_bar,USDJPY,2025.04.02 06:45:00,0,
2025.04.02 07:09:59,scan_skipped_same_execution_bar,USDJPY,2025.04.02 06:45:00,0,
2025.04.02 07:19:59,scan_executed_new_execution_bar,USDJPY,2025.04.02 07:00:00,0,
2025.04.02 07:24:59,scan_skipped_same_execution_bar,USDJPY,2025.04.02 07:00:00,0,
2025.04.02 07:34:59,scan_executed_new_execution_bar,USDJPY,2025.04.02 07:15:00,0,
2025.04.02 07:39:59,scan_skipped_same_execution_bar,USDJPY,2025.04.02 07:15:00,0,
2025.04.02 07:49:59,scan_executed_new_execution_bar,USDJPY,2025.04.02 07:30:00,0,
2025.04.02 07:54:56,scan_skipped_same_execution_bar,USDJPY,2025.04.02 07:30:00,0,
2025.04.02 08:04:59,scan_executed_new_execution_bar,USDJPY,2025.04.02 07:45:00,0,
2025.04.02 08:09:59,scan_skipped_same_execution_bar,USDJPY,2025.04.02 07:45:00,0,
2025.04.02 08:19:59,scan_executed_new_execution_bar,USDJPY,2025.04.02 08:00:00,15,
2025.04.02 08:24:59,scan_skipped_same_execution_bar,USDJPY,2025.04.02 08:00:00,0,
2025.04.02 08:34:59,scan_executed_new_execution_bar,USDJPY,2025.04.02 08:15:00,0,
2025.04.02 08:39:59,scan_skipped_same_execution_bar,USDJPY,2025.04.02 08:15:00,0,
2025.04.02 08:49:58,scan_executed_new_execution_bar,USDJPY,2025.04.02 08:30:00,0,
2025.04.02 08:54:59,scan_skipped_same_execution_bar,USDJPY,2025.04.02 08:30:00,0,
2025.04.02 09:04:59,scan_executed_new_execution_bar,USDJPY,2025.04.02 08:45:00,0,
2025.04.02 09:09:59,scan_skipped_same_execution_bar,USDJPY,2025.04.02 08:45:00,0,
2025.04.02 09:19:59,scan_executed_new_execution_bar,USDJPY,2025.04.02 09:00:00,0,
2025.04.02 09:24:59,scan_skipped_same_execution_bar,USDJPY,2025.04.02 09:00:00,0,
2025.04.02 09:34:59,scan_executed_new_execution_bar,USDJPY,2025.04.02 09:15:00,0,
2025.04.02 09:39:59,scan_skipped_same_execution_bar,USDJPY,2025.04.02 09:15:00,0,
2025.04.02 09:49:59,scan_executed_new_execution_bar,USDJPY,2025.04.02 09:30:00,0,
2025.04.02 09:54:59,scan_skipped_same_execution_bar,USDJPY,2025.04.02 09:30:00,0,
2025.04.02 10:04:59,scan_executed_new_execution_bar,USDJPY,2025.04.02 09:45:00,0,
2025.04.02 10:09:59,scan_skipped_same_execution_bar,USDJPY,2025.04.02 09:45:00,0,
2025.04.02 10:19:59,scan_executed_new_execution_bar,USDJPY,2025.04.02 10:00:00,0,
2025.04.02 10:24:59,scan_skipped_same_execution_bar,USDJPY,2025.04.02 10:00:00,0,
2025.04.02 10:34:59,scan_executed_new_execution_bar,USDJPY,2025.04.02 10:15:00,0,
2025.04.02 10:39:59,scan_skipped_same_execution_bar,USDJPY,2025.04.02 10:15:00,0,
2025.04.02 10:49:59,scan_executed_new_execution_bar,USDJPY,2025.04.02 10:30:00,0,
2025.04.02 10:54:59,scan_skipped_same_execution_bar,USDJPY,2025.04.02 10:30:00,0,
2025.04.02 11:04:59,scan_executed_new_execution_bar,USDJPY,2025.04.02 10:45:00,0,
2025.04.02 11:09:59,scan_skipped_same_execution_bar,USDJPY,2025.04.02 10:45:00,0,
2025.04.02 11:19:59,scan_executed_new_execution_bar,USDJPY,2025.04.02 11:00:00,0,
2025.04.02 11:24:59,scan_skipped_same_execution_bar,USDJPY,2025.04.02 11:00:00,0,
2025.04.02 11:34:59,scan_executed_new_execution_bar,USDJPY,2025.04.02 11:15:00,0,
2025.04.02 11:39:58,scan_skipped_same_execution_bar,USDJPY,2025.04.02 11:15:00,0,
2025.04.02 11:49:59,scan_executed_new_execution_bar,USDJPY,2025.04.02 11:30:00,0,
2025.04.02 11:54:59,scan_skipped_same_execution_bar,USDJPY,2025.04.02 11:30:00,0,
2025.04.02 12:04:58,scan_executed_new_execution_bar,USDJPY,2025.04.02 11:45:00,0,
2025.04.02 12:09:59,scan_skipped_same_execution_bar,USDJPY,2025.04.02 11:45:00,0,
2025.04.02 12:19:59,scan_executed_new_execution_bar,USDJPY,2025.04.02 12:00:00,0,
2025.04.02 12:24:59,scan_skipped_same_execution_bar,USDJPY,2025.04.02 12:00:00,0,
2025.04.02 12:34:59,scan_executed_new_execution_bar,USDJPY,2025.04.02 12:15:00,0,
2025.04.02 12:39:59,scan_skipped_same_execution_bar,USDJPY,2025.04.02 12:15:00,0,
2025.04.02 12:49:59,scan_executed_new_execution_bar,USDJPY,2025.04.02 12:30:00,0,
2025.04.02 12:54:59,scan_skipped_same_execution_bar,USDJPY,2025.04.02 12:30:00,0,
2025.04.02 13:04:59,scan_executed_new_execution_bar,USDJPY,2025.04.02 12:45:00,0,
2025.04.02 13:09:59,scan_skipped_same_execution_bar,USDJPY,2025.04.02 12:45:00,0,
2025.04.02 13:19:59,scan_executed_new_execution_bar,USDJPY,2025.04.02 13:00:00,0,
2025.04.02 13:24:58,scan_skipped_same_execution_bar,USDJPY,2025.04.02 13:00:00,0,
2025.04.02 13:34:59,scan_executed_new_execution_bar,USDJPY,2025.04.02 13:15:00,0,
2025.04.02 13:39:59,scan_skipped_same_execution_bar,USDJPY,2025.04.02 13:15:00,0,
2025.04.02 13:49:59,scan_executed_new_execution_bar,USDJPY,2025.04.02 13:30:00,15,
2025.04.02 13:54:59,scan_skipped_same_execution_bar,USDJPY,2025.04.02 13:30:00,0,
2025.04.02 14:04:59,scan_executed_new_execution_bar,USDJPY,2025.04.02 13:45:00,0,
2025.04.02 14:09:58,scan_skipped_same_execution_bar,USDJPY,2025.04.02 13:45:00,0,
2025.04.02 14:19:59,scan_executed_new_execution_bar,USDJPY,2025.04.02 14:00:00,0,
2025.04.02 14:24:59,scan_skipped_same_execution_bar,USDJPY,2025.04.02 14:00:00,0,
2025.04.02 14:34:59,scan_executed_new_execution_bar,USDJPY,2025.04.02 14:15:00,0,
2025.04.02 14:39:59,scan_skipped_same_execution_bar,USDJPY,2025.04.02 14:15:00,0,
2025.04.02 14:49:59,scan_executed_new_execution_bar,USDJPY,2025.04.02 14:30:00,0,
2025.04.02 14:54:59,scan_skipped_same_execution_bar,USDJPY,2025.04.02 14:30:00,0,
2025.04.02 15:04:59,scan_executed_new_execution_bar,USDJPY,2025.04.02 14:45:00,15,
2025.04.02 15:09:59,scan_skipped_same_execution_bar,USDJPY,2025.04.02 14:45:00,0,
2025.04.02 15:19:59,scan_executed_new_execution_bar,USDJPY,2025.04.02 15:00:00,32,
2025.04.02 15:24:59,scan_skipped_same_execution_bar,USDJPY,2025.04.02 15:00:00,0,
2025.04.02 15:34:59,scan_executed_new_execution_bar,USDJPY,2025.04.02 15:15:00,0,
2025.04.02 15:39:59,scan_skipped_same_execution_bar,USDJPY,2025.04.02 15:15:00,0,
2025.04.02 15:49:59,scan_executed_new_execution_bar,USDJPY,2025.04.02 15:30:00,16,
2025.04.02 15:54:59,scan_skipped_same_execution_bar,USDJPY,2025.04.02 15:30:00,0,
2025.04.02 16:04:59,scan_executed_new_execution_bar,USDJPY,2025.04.02 15:45:00,16,
2025.04.02 16:09:59,scan_skipped_same_execution_bar,USDJPY,2025.04.02 15:45:00,0,
2025.04.02 16:19:59,scan_executed_new_execution_bar,USDJPY,2025.04.02 16:00:00,0,
2025.04.02 16:24:59,scan_skipped_same_execution_bar,USDJPY,2025.04.02 16:00:00,0,
2025.04.02 16:34:59,scan_executed_new_execution_bar,USDJPY,2025.04.02 16:15:00,0,
2025.04.02 16:39:59,scan_skipped_same_execution_bar,USDJPY,2025.04.02 16:15:00,0,
2025.04.02 16:49:59,scan_executed_new_execution_bar,USDJPY,2025.04.02 16:30:00,0,
2025.04.02 16:54:59,scan_skipped_same_execution_bar,USDJPY,2025.04.02 16:30:00,0,
2025.04.02 17:04:59,scan_executed_new_execution_bar,USDJPY,2025.04.02 16:45:00,0,
2025.04.02 17:09:59,scan_skipped_same_execution_bar,USDJPY,2025.04.02 16:45:00,0,
2025.04.02 17:19:59,scan_executed_new_execution_bar,USDJPY,2025.04.02 17:00:00,0,
2025.04.02 17:24:59,scan_skipped_same_execution_bar,USDJPY,2025.04.02 17:00:00,0,
2025.04.02 17:34:59,scan_executed_new_execution_bar,USDJPY,2025.04.02 17:15:00,0,
2025.04.02 17:39:59,scan_skipped_same_execution_bar,USDJPY,2025.04.02 17:15:00,0,
2025.04.02 17:49:59,scan_executed_new_execution_bar,USDJPY,2025.04.02 17:30:00,0,
2025.04.02 17:54:59,scan_skipped_same_execution_bar,USDJPY,2025.04.02 17:30:00,0,
2025.04.02 18:04:59,scan_executed_new_execution_bar,USDJPY,2025.04.02 17:45:00,0,
2025.04.02 18:09:59,scan_skipped_same_execution_bar,USDJPY,2025.04.02 17:45:00,0,
2025.04.02 18:19:59,scan_executed_new_execution_bar,USDJPY,2025.04.02 18:00:00,15,
2025.04.02 18:24:59,scan_skipped_same_execution_bar,USDJPY,2025.04.02 18:00:00,0,
2025.04.02 18:34:59,scan_executed_new_execution_bar,USDJPY,2025.04.02 18:15:00,0,
2025.04.02 18:39:59,scan_skipped_same_execution_bar,USDJPY,2025.04.02 18:15:00,0,
2025.04.02 18:49:59,scan_executed_new_execution_bar,USDJPY,2025.04.02 18:30:00,16,
2025.04.02 18:54:59,scan_skipped_same_execution_bar,USDJPY,2025.04.02 18:30:00,0,
2025.04.02 19:04:58,scan_executed_new_execution_bar,USDJPY,2025.04.02 18:45:00,0,
2025.04.02 19:09:59,scan_skipped_same_execution_bar,USDJPY,2025.04.02 18:45:00,0,
2025.04.02 19:19:59,scan_executed_new_execution_bar,USDJPY,2025.04.02 19:00:00,16,
2025.04.02 19:24:59,scan_skipped_same_execution_bar,USDJPY,2025.04.02 19:00:00,0,
2025.04.02 19:34:59,scan_executed_new_execution_bar,USDJPY,2025.04.02 19:15:00,0,
2025.04.02 19:39:59,scan_skipped_same_execution_bar,USDJPY,2025.04.02 19:15:00,0,
2025.04.02 19:49:59,scan_executed_new_execution_bar,USDJPY,2025.04.02 19:30:00,0,
2025.04.02 19:54:59,scan_skipped_same_execution_bar,USDJPY,2025.04.02 19:30:00,0,
2025.04.02 20:04:59,scan_executed_new_execution_bar,USDJPY,2025.04.02 19:45:00,0,
2025.04.02 20:09:59,scan_skipped_same_execution_bar,USDJPY,2025.04.02 19:45:00,0,
2025.04.02 20:19:59,scan_executed_new_execution_bar,USDJPY,2025.04.02 20:00:00,0,
2025.04.02 20:24:59,scan_skipped_same_execution_bar,USDJPY,2025.04.02 20:00:00,0,
2025.04.02 20:34:59,scan_executed_new_execution_bar,USDJPY,2025.04.02 20:15:00,0,
2025.04.02 20:39:59,scan_skipped_same_execution_bar,USDJPY,2025.04.02 20:15:00,0,
2025.04.02 20:49:59,scan_executed_new_execution_bar,USDJPY,2025.04.02 20:30:00,63,
2025.04.02 20:54:59,scan_skipped_same_execution_bar,USDJPY,2025.04.02 20:30:00,0,
2025.04.02 21:04:59,scan_executed_new_execution_bar,USDJPY,2025.04.02 20:45:00,31,
2025.04.02 21:10:00,scan_skipped_same_execution_bar,USDJPY,2025.04.02 20:45:00,0,
2025.04.02 21:19:59,scan_executed_new_execution_bar,USDJPY,2025.04.02 21:00:00,0,
2025.04.02 21:24:59,scan_skipped_same_execution_bar,USDJPY,2025.04.02 21:00:00,0,
2025.04.02 21:34:59,scan_executed_new_execution_bar,USDJPY,2025.04.02 21:15:00,31,
2025.04.02 21:39:59,scan_skipped_same_execution_bar,USDJPY,2025.04.02 21:15:00,0,
2025.04.02 21:49:59,scan_executed_new_execution_bar,USDJPY,2025.04.02 21:30:00,0,
2025.04.02 21:54:59,scan_skipped_same_execution_bar,USDJPY,2025.04.02 21:30:00,0,
2025.04.02 22:04:59,scan_executed_new_execution_bar,USDJPY,2025.04.02 21:45:00,0,
2025.04.02 22:09:59,scan_skipped_same_execution_bar,USDJPY,2025.04.02 21:45:00,0,
2025.04.02 22:19:59,scan_executed_new_execution_bar,USDJPY,2025.04.02 22:00:00,0,
2025.04.02 22:24:59,scan_skipped_same_execution_bar,USDJPY,2025.04.02 22:00:00,0,
2025.04.02 22:34:59,scan_executed_new_execution_bar,USDJPY,2025.04.02 22:15:00,0,
2025.04.02 22:39:59,scan_skipped_same_execution_bar,USDJPY,2025.04.02 22:15:00,0,
2025.04.02 22:49:59,scan_executed_new_execution_bar,USDJPY,2025.04.02 22:30:00,0,
2025.04.02 22:54:59,scan_skipped_same_execution_bar,USDJPY,2025.04.02 22:30:00,0,
2025.04.02 23:04:59,scan_executed_new_execution_bar,USDJPY,2025.04.02 22:45:00,16,
2025.04.02 23:09:58,scan_skipped_same_execution_bar,USDJPY,2025.04.02 22:45:00,0,
2025.04.02 23:19:59,scan_executed_new_execution_bar,USDJPY,2025.04.02 23:00:00,0,
2025.04.02 23:24:59,scan_skipped_same_execution_bar,USDJPY,2025.04.02 23:00:00,0,
2025.04.02 23:34:59,scan_executed_new_execution_bar,USDJPY,2025.04.02 23:15:00,63,
2025.04.02 23:39:59,scan_skipped_same_execution_bar,USDJPY,2025.04.02 23:15:00,0,
2025.04.02 23:49:59,scan_executed_new_execution_bar,USDJPY,2025.04.02 23:30:00,47,
2025.04.02 23:54:59,scan_skipped_same_execution_bar,USDJPY,2025.04.02 23:30:00,0,
2025.04.03 00:04:59,scan_executed_new_execution_bar,USDJPY,2025.04.02 23:45:00,0,
2025.04.03 00:09:59,scan_skipped_same_execution_bar,USDJPY,2025.04.02 23:45:00,0,
2025.04.03 00:19:59,scan_executed_new_execution_bar,USDJPY,2025.04.03 00:00:00,0,
2025.04.03 00:24:59,scan_skipped_same_execution_bar,USDJPY,2025.04.03 00:00:00,0,
2025.04.03 00:34:58,scan_executed_new_execution_bar,USDJPY,2025.04.03 00:15:00,0,
2025.04.03 00:39:59,scan_skipped_same_execution_bar,USDJPY,2025.04.03 00:15:00,0,
2025.04.03 00:49:59,scan_executed_new_execution_bar,USDJPY,2025.04.03 00:30:00,31,
2025.04.03 00:54:59,scan_skipped_same_execution_bar,USDJPY,2025.04.03 00:30:00,0,
2025.04.03 01:04:59,scan_executed_new_execution_bar,USDJPY,2025.04.03 00:45:00,0,
2025.04.03 01:09:59,scan_skipped_same_execution_bar,USDJPY,2025.04.03 00:45:00,0,
2025.04.03 01:19:59,scan_executed_new_execution_bar,USDJPY,2025.04.03 01:00:00,0,
2025.04.03 01:24:59,scan_skipped_same_execution_bar,USDJPY,2025.04.03 01:00:00,0,
2025.04.03 01:34:59,scan_executed_new_execution_bar,USDJPY,2025.04.03 01:15:00,16,
2025.04.03 01:39:59,scan_skipped_same_execution_bar,USDJPY,2025.04.03 01:15:00,0,
2025.04.03 01:49:59,scan_executed_new_execution_bar,USDJPY,2025.04.03 01:30:00,0,
2025.04.03 01:54:59,scan_skipped_same_execution_bar,USDJPY,2025.04.03 01:30:00,0,
2025.04.03 02:04:59,scan_executed_new_execution_bar,USDJPY,2025.04.03 01:45:00,63,
2025.04.03 02:09:59,scan_skipped_same_execution_bar,USDJPY,2025.04.03 01:45:00,0,
2025.04.03 02:19:59,scan_executed_new_execution_bar,USDJPY,2025.04.03 02:00:00,0,
2025.04.03 02:24:59,scan_skipped_same_execution_bar,USDJPY,2025.04.03 02:00:00,0,
2025.04.03 02:34:59,scan_executed_new_execution_bar,USDJPY,2025.04.03 02:15:00,31,
2025.04.03 02:39:59,scan_skipped_same_execution_bar,USDJPY,2025.04.03 02:15:00,0,
2025.04.03 02:49:59,scan_executed_new_execution_bar,USDJPY,2025.04.03 02:30:00,0,
2025.04.03 02:55:00,scan_skipped_same_execution_bar,USDJPY,2025.04.03 02:30:00,0,
2025.04.03 03:04:59,scan_executed_new_execution_bar,USDJPY,2025.04.03 02:45:00,15,
2025.04.03 03:09:59,scan_skipped_same_execution_bar,USDJPY,2025.04.03 02:45:00,0,
2025.04.03 03:19:59,scan_executed_new_execution_bar,USDJPY,2025.04.03 03:00:00,47,
2025.04.03 03:24:59,scan_skipped_same_execution_bar,USDJPY,2025.04.03 03:00:00,0,
2025.04.03 03:34:59,scan_executed_new_execution_bar,USDJPY,2025.04.03 03:15:00,62,
2025.04.03 03:39:59,scan_skipped_same_execution_bar,USDJPY,2025.04.03 03:15:00,0,
2025.04.03 03:49:59,scan_executed_new_execution_bar,USDJPY,2025.04.03 03:30:00,0,
2025.04.03 03:54:59,scan_skipped_same_execution_bar,USDJPY,2025.04.03 03:30:00,0,
2025.04.03 04:04:59,scan_executed_new_execution_bar,USDJPY,2025.04.03 03:45:00,47,
2025.04.03 04:09:59,scan_skipped_same_execution_bar,USDJPY,2025.04.03 03:45:00,0,
2025.04.03 04:19:59,scan_executed_new_execution_bar,USDJPY,2025.04.03 04:00:00,32,
2025.04.03 04:24:59,scan_skipped_same_execution_bar,USDJPY,2025.04.03 04:00:00,0,
2025.04.03 04:34:59,scan_executed_new_execution_bar,USDJPY,2025.04.03 04:15:00,0,
2025.04.03 04:39:59,scan_skipped_same_execution_bar,USDJPY,2025.04.03 04:15:00,0,
2025.04.03 04:49:59,scan_executed_new_execution_bar,USDJPY,2025.04.03 04:30:00,0,
2025.04.03 04:54:59,scan_skipped_same_execution_bar,USDJPY,2025.04.03 04:30:00,0,
2025.04.03 05:04:59,scan_executed_new_execution_bar,USDJPY,2025.04.03 04:45:00,46,
2025.04.03 05:09:59,scan_skipped_same_execution_bar,USDJPY,2025.04.03 04:45:00,0,
2025.04.03 05:19:59,scan_executed_new_execution_bar,USDJPY,2025.04.03 05:00:00,0,
2025.04.03 05:24:59,scan_skipped_same_execution_bar,USDJPY,2025.04.03 05:00:00,0,
2025.04.03 05:34:59,scan_executed_new_execution_bar,USDJPY,2025.04.03 05:15:00,15,
2025.04.03 05:39:59,scan_skipped_same_execution_bar,USDJPY,2025.04.03 05:15:00,0,
2025.04.03 05:49:59,scan_executed_new_execution_bar,USDJPY,2025.04.03 05:30:00,0,
2025.04.03 05:54:59,scan_skipped_same_execution_bar,USDJPY,2025.04.03 05:30:00,0,
2025.04.03 06:04:59,scan_executed_new_execution_bar,USDJPY,2025.04.03 05:45:00,46,
2025.04.03 06:09:59,scan_skipped_same_execution_bar,USDJPY,2025.04.03 05:45:00,0,
2025.04.03 06:19:59,scan_executed_new_execution_bar,USDJPY,2025.04.03 06:00:00,0,
2025.04.03 06:24:59,scan_skipped_same_execution_bar,USDJPY,2025.04.03 06:00:00,0,
2025.04.03 06:34:59,scan_executed_new_execution_bar,USDJPY,2025.04.03 06:15:00,0,
2025.04.03 06:39:59,scan_skipped_same_execution_bar,USDJPY,2025.04.03 06:15:00,0,
2025.04.03 06:49:59,scan_executed_new_execution_bar,USDJPY,2025.04.03 06:30:00,0,
2025.04.03 06:54:59,scan_skipped_same_execution_bar,USDJPY,2025.04.03 06:30:00,0,
2025.04.03 07:04:59,scan_executed_new_execution_bar,USDJPY,2025.04.03 06:45:00,0,
2025.04.03 07:09:59,scan_skipped_same_execution_bar,USDJPY,2025.04.03 06:45:00,0,
2025.04.03 07:19:59,scan_executed_new_execution_bar,USDJPY,2025.04.03 07:00:00,46,
2025.04.03 07:24:59,scan_skipped_same_execution_bar,USDJPY,2025.04.03 07:00:00,0,
2025.04.03 07:34:59,scan_executed_new_execution_bar,USDJPY,2025.04.03 07:15:00,0,
2025.04.03 07:39:59,scan_skipped_same_execution_bar,USDJPY,2025.04.03 07:15:00,0,
2025.04.03 07:49:58,scan_executed_new_execution_bar,USDJPY,2025.04.03 07:30:00,47,
2025.04.03 07:54:59,scan_skipped_same_execution_bar,USDJPY,2025.04.03 07:30:00,0,
2025.04.03 08:04:59,scan_executed_new_execution_bar,USDJPY,2025.04.03 07:45:00,31,
2025.04.03 08:09:59,scan_skipped_same_execution_bar,USDJPY,2025.04.03 07:45:00,0,
2025.04.03 08:19:59,scan_executed_new_execution_bar,USDJPY,2025.04.03 08:00:00,15,
2025.04.03 08:24:59,scan_skipped_same_execution_bar,USDJPY,2025.04.03 08:00:00,0,
2025.04.03 08:34:59,scan_executed_new_execution_bar,USDJPY,2025.04.03 08:15:00,0,
2025.04.03 08:39:59,scan_skipped_same_execution_bar,USDJPY,2025.04.03 08:15:00,0,
2025.04.03 08:49:59,scan_executed_new_execution_bar,USDJPY,2025.04.03 08:30:00,16,
2025.04.03 08:54:59,scan_skipped_same_execution_bar,USDJPY,2025.04.03 08:30:00,0,
2025.04.03 09:04:59,scan_executed_new_execution_bar,USDJPY,2025.04.03 08:45:00,16,
2025.04.03 09:09:59,scan_skipped_same_execution_bar,USDJPY,2025.04.03 08:45:00,0,
2025.04.03 09:19:59,scan_executed_new_execution_bar,USDJPY,2025.04.03 09:00:00,31,
2025.04.03 09:24:59,scan_skipped_same_execution_bar,USDJPY,2025.04.03 09:00:00,0,
2025.04.03 09:34:59,scan_executed_new_execution_bar,USDJPY,2025.04.03 09:15:00,0,
2025.04.03 09:39:59,scan_skipped_same_execution_bar,USDJPY,2025.04.03 09:15:00,0,
2025.04.03 09:49:59,scan_executed_new_execution_bar,USDJPY,2025.04.03 09:30:00,0,
2025.04.03 09:54:59,scan_skipped_same_execution_bar,USDJPY,2025.04.03 09:30:00,0,
2025.04.03 10:04:59,scan_executed_new_execution_bar,USDJPY,2025.04.03 09:45:00,0,
2025.04.03 10:09:59,scan_skipped_same_execution_bar,USDJPY,2025.04.03 09:45:00,0,
2025.04.03 10:19:59,scan_executed_new_execution_bar,USDJPY,2025.04.03 10:00:00,63,
2025.04.03 10:24:59,scan_skipped_same_execution_bar,USDJPY,2025.04.03 10:00:00,0,
2025.04.03 10:34:59,scan_executed_new_execution_bar,USDJPY,2025.04.03 10:15:00,0,
2025.04.03 10:39:59,scan_skipped_same_execution_bar,USDJPY,2025.04.03 10:15:00,0,
2025.04.03 10:49:59,scan_executed_new_execution_bar,USDJPY,2025.04.03 10:30:00,0,
2025.04.03 10:54:59,scan_skipped_same_execution_bar,USDJPY,2025.04.03 10:30:00,0,
2025.04.03 11:04:59,scan_executed_new_execution_bar,USDJPY,2025.04.03 10:45:00,16,
2025.04.03 11:09:59,scan_skipped_same_execution_bar,USDJPY,2025.04.03 10:45:00,0,
2025.04.03 11:19:59,scan_executed_new_execution_bar,USDJPY,2025.04.03 11:00:00,0,
2025.04.03 11:24:59,scan_skipped_same_execution_bar,USDJPY,2025.04.03 11:00:00,0,
2025.04.03 11:34:59,scan_executed_new_execution_bar,USDJPY,2025.04.03 11:15:00,0,
2025.04.03 11:39:59,scan_skipped_same_execution_bar,USDJPY,2025.04.03 11:15:00,0,
2025.04.03 11:49:59,scan_executed_new_execution_bar,USDJPY,2025.04.03 11:30:00,0,
2025.04.03 11:54:59,scan_skipped_same_execution_bar,USDJPY,2025.04.03 11:30:00,0,
2025.04.03 12:04:59,scan_executed_new_execution_bar,USDJPY,2025.04.03 11:45:00,16,
2025.04.03 12:09:59,scan_skipped_same_execution_bar,USDJPY,2025.04.03 11:45:00,0,
2025.04.03 12:19:59,scan_executed_new_execution_bar,USDJPY,2025.04.03 12:00:00,0,
2025.04.03 12:24:59,scan_skipped_same_execution_bar,USDJPY,2025.04.03 12:00:00,0,
2025.04.03 12:34:59,scan_executed_new_execution_bar,USDJPY,2025.04.03 12:15:00,0,
2025.04.03 12:39:59,scan_skipped_same_execution_bar,USDJPY,2025.04.03 12:15:00,0,
2025.04.03 12:49:59,scan_executed_new_execution_bar,USDJPY,2025.04.03 12:30:00,16,
2025.04.03 12:54:59,scan_skipped_same_execution_bar,USDJPY,2025.04.03 12:30:00,0,
2025.04.03 13:04:59,scan_executed_new_execution_bar,USDJPY,2025.04.03 12:45:00,0,
2025.04.03 13:09:59,scan_skipped_same_execution_bar,USDJPY,2025.04.03 12:45:00,0,
2025.04.03 13:19:59,scan_executed_new_execution_bar,USDJPY,2025.04.03 13:00:00,0,
2025.04.03 13:24:59,scan_skipped_same_execution_bar,USDJPY,2025.04.03 13:00:00,0,
2025.04.03 13:35:00,scan_executed_new_execution_bar,USDJPY,2025.04.03 13:15:00,62,
2025.04.03 13:39:59,scan_skipped_same_execution_bar,USDJPY,2025.04.03 13:15:00,0,
2025.04.03 13:49:59,scan_executed_new_execution_bar,USDJPY,2025.04.03 13:30:00,32,
2025.04.03 13:54:59,scan_skipped_same_execution_bar,USDJPY,2025.04.03 13:30:00,0,
2025.04.03 14:04:59,scan_executed_new_execution_bar,USDJPY,2025.04.03 13:45:00,0,
2025.04.03 14:09:59,scan_skipped_same_execution_bar,USDJPY,2025.04.03 13:45:00,0,
2025.04.03 14:19:59,scan_executed_new_execution_bar,USDJPY,2025.04.03 14:00:00,0,
2025.04.03 14:24:59,scan_skipped_same_execution_bar,USDJPY,2025.04.03 14:00:00,0,
2025.04.03 14:34:59,scan_executed_new_execution_bar,USDJPY,2025.04.03 14:15:00,15,
2025.04.03 14:39:59,scan_skipped_same_execution_bar,USDJPY,2025.04.03 14:15:00,0,
2025.04.03 14:49:59,scan_executed_new_execution_bar,USDJPY,2025.04.03 14:30:00,0,
2025.04.03 14:54:59,scan_skipped_same_execution_bar,USDJPY,2025.04.03 14:30:00,0,
2025.04.03 15:05:00,scan_executed_new_execution_bar,USDJPY,2025.04.03 14:45:00,15,
2025.04.03 15:09:59,scan_skipped_same_execution_bar,USDJPY,2025.04.03 14:45:00,0,
2025.04.03 15:19:59,scan_executed_new_execution_bar,USDJPY,2025.04.03 15:00:00,47,
2025.04.03 15:24:59,scan_skipped_same_execution_bar,USDJPY,2025.04.03 15:00:00,0,
2025.04.03 15:34:59,scan_executed_new_execution_bar,USDJPY,2025.04.03 15:15:00,0,
2025.04.03 15:39:59,scan_skipped_same_execution_bar,USDJPY,2025.04.03 15:15:00,0,
2025.04.03 15:49:59,scan_executed_new_execution_bar,USDJPY,2025.04.03 15:30:00,0,
2025.04.03 15:54:59,scan_skipped_same_execution_bar,USDJPY,2025.04.03 15:30:00,0,
2025.04.03 16:04:59,scan_executed_new_execution_bar,USDJPY,2025.04.03 15:45:00,0,
2025.04.03 16:09:59,scan_skipped_same_execution_bar,USDJPY,2025.04.03 15:45:00,0,
2025.04.03 16:19:59,scan_executed_new_execution_bar,USDJPY,2025.04.03 16:00:00,0,
2025.04.03 16:24:59,scan_skipped_same_execution_bar,USDJPY,2025.04.03 16:00:00,0,
2025.04.03 16:30:00,scan_executed_new_execution_bar,USDJPY,2025.04.03 16:15:00,16,
2025.04.03 16:35:00,scan_skipped_same_execution_bar,USDJPY,2025.04.03 16:15:00,0,
2025.04.03 16:49:59,scan_executed_new_execution_bar,USDJPY,2025.04.03 16:30:00,16,
2025.04.03 16:54:59,scan_skipped_same_execution_bar,USDJPY,2025.04.03 16:30:00,0,
2025.04.03 17:04:59,scan_executed_new_execution_bar,USDJPY,2025.04.03 16:45:00,0,
2025.04.03 17:09:59,scan_skipped_same_execution_bar,USDJPY,2025.04.03 16:45:00,0,
2025.04.03 17:19:59,scan_executed_new_execution_bar,USDJPY,2025.04.03 17:00:00,31,
2025.04.03 17:24:59,scan_skipped_same_execution_bar,USDJPY,2025.04.03 17:00:00,0,
2025.04.03 17:34:59,scan_executed_new_execution_bar,USDJPY,2025.04.03 17:15:00,32,
2025.04.03 17:39:59,scan_skipped_same_execution_bar,USDJPY,2025.04.03 17:15:00,0,
2025.04.03 17:49:59,scan_executed_new_execution_bar,USDJPY,2025.04.03 17:30:00,16,
2025.04.03 17:54:59,scan_skipped_same_execution_bar,USDJPY,2025.04.03 17:30:00,0,
2025.04.03 18:04:59,scan_executed_new_execution_bar,USDJPY,2025.04.03 17:45:00,15,
2025.04.03 18:09:59,scan_skipped_same_execution_bar,USDJPY,2025.04.03 17:45:00,0,
2025.04.03 18:19:59,scan_executed_new_execution_bar,USDJPY,2025.04.03 18:00:00,16,
2025.04.03 18:24:59,scan_skipped_same_execution_bar,USDJPY,2025.04.03 18:00:00,0,
2025.04.03 18:34:59,scan_executed_new_execution_bar,USDJPY,2025.04.03 18:15:00,0,
2025.04.03 18:39:59,scan_skipped_same_execution_bar,USDJPY,2025.04.03 18:15:00,0,
2025.04.03 18:49:59,scan_executed_new_execution_bar,USDJPY,2025.04.03 18:30:00,0,
2025.04.03 18:54:59,scan_skipped_same_execution_bar,USDJPY,2025.04.03 18:30:00,0,
2025.04.03 19:04:59,scan_executed_new_execution_bar,USDJPY,2025.04.03 18:45:00,0,
2025.04.03 19:09:59,scan_skipped_same_execution_bar,USDJPY,2025.04.03 18:45:00,0,
2025.04.03 19:19:59,scan_executed_new_execution_bar,USDJPY,2025.04.03 19:00:00,0,
2025.04.03 19:24:59,scan_skipped_same_execution_bar,USDJPY,2025.04.03 19:00:00,0,
2025.04.03 19:35:00,scan_executed_new_execution_bar,USDJPY,2025.04.03 19:15:00,16,
2025.04.03 19:39:59,scan_skipped_same_execution_bar,USDJPY,2025.04.03 19:15:00,0,
2025.04.03 19:49:59,scan_executed_new_execution_bar,USDJPY,2025.04.03 19:30:00,15,
2025.04.03 19:55:00,scan_skipped_same_execution_bar,USDJPY,2025.04.03 19:30:00,0,
2025.04.03 20:04:59,scan_executed_new_execution_bar,USDJPY,2025.04.03 19:45:00,0,
2025.04.03 20:09:59,scan_skipped_same_execution_bar,USDJPY,2025.04.03 19:45:00,0,
2025.04.03 20:19:59,scan_executed_new_execution_bar,USDJPY,2025.04.03 20:00:00,0,
2025.04.03 20:25:00,scan_skipped_same_execution_bar,USDJPY,2025.04.03 20:00:00,0,
2025.04.03 20:34:59,scan_executed_new_execution_bar,USDJPY,2025.04.03 20:15:00,16,
2025.04.03 20:39:59,scan_skipped_same_execution_bar,USDJPY,2025.04.03 20:15:00,0,
2025.04.03 20:49:59,scan_executed_new_execution_bar,USDJPY,2025.04.03 20:30:00,0,
2025.04.03 20:54:59,scan_skipped_same_execution_bar,USDJPY,2025.04.03 20:30:00,0,
2025.04.03 21:04:59,scan_executed_new_execution_bar,USDJPY,2025.04.03 20:45:00,0,
2025.04.03 21:10:00,scan_skipped_same_execution_bar,USDJPY,2025.04.03 20:45:00,0,
2025.04.03 21:19:59,scan_executed_new_execution_bar,USDJPY,2025.04.03 21:00:00,0,
2025.04.03 21:24:59,scan_skipped_same_execution_bar,USDJPY,2025.04.03 21:00:00,0,
2025.04.03 21:34:59,scan_executed_new_execution_bar,USDJPY,2025.04.03 21:15:00,16,
2025.04.03 21:39:59,scan_skipped_same_execution_bar,USDJPY,2025.04.03 21:15:00,0,
2025.04.03 21:49:59,scan_executed_new_execution_bar,USDJPY,2025.04.03 21:30:00,32,
2025.04.03 21:54:59,scan_skipped_same_execution_bar,USDJPY,2025.04.03 21:30:00,0,
2025.04.03 22:04:59,scan_executed_new_execution_bar,USDJPY,2025.04.03 21:45:00,15,
2025.04.03 22:09:59,scan_skipped_same_execution_bar,USDJPY,2025.04.03 21:45:00,0,
2025.04.03 22:19:59,scan_executed_new_execution_bar,USDJPY,2025.04.03 22:00:00,0,
2025.04.03 22:24:59,scan_skipped_same_execution_bar,USDJPY,2025.04.03 22:00:00,0,
2025.04.03 22:34:59,scan_executed_new_execution_bar,USDJPY,2025.04.03 22:15:00,0,
2025.04.03 22:39:59,scan_skipped_same_execution_bar,USDJPY,2025.04.03 22:15:00,0,
2025.04.03 22:49:59,scan_executed_new_execution_bar,USDJPY,2025.04.03 22:30:00,0,
2025.04.03 22:54:59,scan_skipped_same_execution_bar,USDJPY,2025.04.03 22:30:00,0,
2025.04.03 23:04:59,scan_executed_new_execution_bar,USDJPY,2025.04.03 22:45:00,0,
2025.04.03 23:09:59,scan_skipped_same_execution_bar,USDJPY,2025.04.03 22:45:00,0,
2025.04.03 23:19:58,scan_executed_new_execution_bar,USDJPY,2025.04.03 23:00:00,32,
2025.04.03 23:24:59,scan_skipped_same_execution_bar,USDJPY,2025.04.03 23:00:00,0,
2025.04.03 23:34:59,scan_executed_new_execution_bar,USDJPY,2025.04.03 23:15:00,0,
2025.04.03 23:39:59,scan_skipped_same_execution_bar,USDJPY,2025.04.03 23:15:00,0,
2025.04.03 23:49:59,scan_executed_new_execution_bar,USDJPY,2025.04.03 23:30:00,16,
2025.04.03 23:54:59,scan_skipped_same_execution_bar,USDJPY,2025.04.03 23:30:00,0,
2025.04.04 00:04:50,scan_executed_new_execution_bar,USDJPY,2025.04.03 23:45:00,0,
2025.04.04 00:09:54,scan_skipped_same_execution_bar,USDJPY,2025.04.03 23:45:00,0,
2025.04.04 00:19:59,scan_executed_new_execution_bar,USDJPY,2025.04.04 00:00:00,0,
2025.04.04 00:24:59,scan_skipped_same_execution_bar,USDJPY,2025.04.04 00:00:00,0,
2025.04.04 00:34:59,scan_executed_new_execution_bar,USDJPY,2025.04.04 00:15:00,0,
2025.04.04 00:39:57,scan_skipped_same_execution_bar,USDJPY,2025.04.04 00:15:00,0,
2025.04.04 00:49:57,scan_executed_new_execution_bar,USDJPY,2025.04.04 00:30:00,0,
2025.04.04 00:54:59,scan_skipped_same_execution_bar,USDJPY,2025.04.04 00:30:00,0,
2025.04.04 01:04:59,scan_executed_new_execution_bar,USDJPY,2025.04.04 00:45:00,16,
2025.04.04 01:09:59,scan_skipped_same_execution_bar,USDJPY,2025.04.04 00:45:00,0,
2025.04.04 01:19:59,scan_executed_new_execution_bar,USDJPY,2025.04.04 01:00:00,0,
2025.04.04 01:24:59,scan_skipped_same_execution_bar,USDJPY,2025.04.04 01:00:00,0,
2025.04.04 01:34:59,scan_executed_new_execution_bar,USDJPY,2025.04.04 01:15:00,0,
2025.04.04 01:39:59,scan_skipped_same_execution_bar,USDJPY,2025.04.04 01:15:00,0,
2025.04.04 01:49:59,scan_executed_new_execution_bar,USDJPY,2025.04.04 01:30:00,15,
2025.04.04 01:54:59,scan_skipped_same_execution_bar,USDJPY,2025.04.04 01:30:00,0,
2025.04.04 02:04:59,scan_executed_new_execution_bar,USDJPY,2025.04.04 01:45:00,0,
2025.04.04 02:09:59,scan_skipped_same_execution_bar,USDJPY,2025.04.04 01:45:00,0,
2025.04.04 02:19:59,scan_executed_new_execution_bar,USDJPY,2025.04.04 02:00:00,0,
2025.04.04 02:24:59,scan_skipped_same_execution_bar,USDJPY,2025.04.04 02:00:00,0,
2025.04.04 02:34:59,scan_executed_new_execution_bar,USDJPY,2025.04.04 02:15:00,16,
2025.04.04 02:39:59,scan_skipped_same_execution_bar,USDJPY,2025.04.04 02:15:00,0,
2025.04.04 02:49:59,scan_executed_new_execution_bar,USDJPY,2025.04.04 02:30:00,16,
2025.04.04 02:54:59,scan_skipped_same_execution_bar,USDJPY,2025.04.04 02:30:00,0,
2025.04.04 03:04:59,scan_executed_new_execution_bar,USDJPY,2025.04.04 02:45:00,0,
2025.04.04 03:09:59,scan_skipped_same_execution_bar,USDJPY,2025.04.04 02:45:00,0,
2025.04.04 03:19:59,scan_executed_new_execution_bar,USDJPY,2025.04.04 03:00:00,16,
2025.04.04 03:24:59,scan_skipped_same_execution_bar,USDJPY,2025.04.04 03:00:00,0,
2025.04.04 03:35:00,scan_executed_new_execution_bar,USDJPY,2025.04.04 03:15:00,16,
2025.04.04 03:39:59,scan_skipped_same_execution_bar,USDJPY,2025.04.04 03:15:00,0,
2025.04.04 03:49:59,scan_executed_new_execution_bar,USDJPY,2025.04.04 03:30:00,0,
2025.04.04 03:54:59,scan_skipped_same_execution_bar,USDJPY,2025.04.04 03:30:00,0,
2025.04.04 04:04:59,scan_executed_new_execution_bar,USDJPY,2025.04.04 03:45:00,0,
2025.04.04 04:09:59,scan_skipped_same_execution_bar,USDJPY,2025.04.04 03:45:00,0,
2025.04.04 04:19:59,scan_executed_new_execution_bar,USDJPY,2025.04.04 04:00:00,15,
2025.04.04 04:24:59,scan_skipped_same_execution_bar,USDJPY,2025.04.04 04:00:00,0,
2025.04.04 04:34:59,scan_executed_new_execution_bar,USDJPY,2025.04.04 04:15:00,0,
2025.04.04 04:39:59,scan_skipped_same_execution_bar,USDJPY,2025.04.04 04:15:00,0,
2025.04.04 04:49:59,scan_executed_new_execution_bar,USDJPY,2025.04.04 04:30:00,0,
2025.04.04 04:54:59,scan_skipped_same_execution_bar,USDJPY,2025.04.04 04:30:00,0,
2025.04.04 05:04:59,scan_executed_new_execution_bar,USDJPY,2025.04.04 04:45:00,0,
2025.04.04 05:09:59,scan_skipped_same_execution_bar,USDJPY,2025.04.04 04:45:00,0,
2025.04.04 05:20:00,scan_executed_new_execution_bar,USDJPY,2025.04.04 05:00:00,16,
2025.04.04 05:24:59,scan_skipped_same_execution_bar,USDJPY,2025.04.04 05:00:00,0,
2025.04.04 05:34:59,scan_executed_new_execution_bar,USDJPY,2025.04.04 05:15:00,15,
2025.04.04 05:39:59,scan_skipped_same_execution_bar,USDJPY,2025.04.04 05:15:00,0,
2025.04.04 05:49:59,scan_executed_new_execution_bar,USDJPY,2025.04.04 05:30:00,0,
2025.04.04 05:54:59,scan_skipped_same_execution_bar,USDJPY,2025.04.04 05:30:00,0,
2025.04.04 06:04:59,scan_executed_new_execution_bar,USDJPY,2025.04.04 05:45:00,16,
2025.04.04 06:10:00,scan_skipped_same_execution_bar,USDJPY,2025.04.04 05:45:00,0,
2025.04.04 06:19:59,scan_executed_new_execution_bar,USDJPY,2025.04.04 06:00:00,0,
2025.04.04 06:24:59,scan_skipped_same_execution_bar,USDJPY,2025.04.04 06:00:00,0,
2025.04.04 06:34:59,scan_executed_new_execution_bar,USDJPY,2025.04.04 06:15:00,0,
2025.04.04 06:39:59,scan_skipped_same_execution_bar,USDJPY,2025.04.04 06:15:00,0,
2025.04.04 06:49:59,scan_executed_new_execution_bar,USDJPY,2025.04.04 06:30:00,0,
2025.04.04 06:54:59,scan_skipped_same_execution_bar,USDJPY,2025.04.04 06:30:00,0,
2025.04.04 07:04:59,scan_executed_new_execution_bar,USDJPY,2025.04.04 06:45:00,0,
2025.04.04 07:09:59,scan_skipped_same_execution_bar,USDJPY,2025.04.04 06:45:00,0,
2025.04.04 07:19:59,scan_executed_new_execution_bar,USDJPY,2025.04.04 07:00:00,31,
2025.04.04 07:24:59,scan_skipped_same_execution_bar,USDJPY,2025.04.04 07:00:00,0,
2025.04.04 07:34:59,scan_executed_new_execution_bar,USDJPY,2025.04.04 07:15:00,0,
2025.04.04 07:39:59,scan_skipped_same_execution_bar,USDJPY,2025.04.04 07:15:00,0,
2025.04.04 07:49:59,scan_executed_new_execution_bar,USDJPY,2025.04.04 07:30:00,0,
2025.04.04 07:54:59,scan_skipped_same_execution_bar,USDJPY,2025.04.04 07:30:00,0,
2025.04.04 08:04:59,scan_executed_new_execution_bar,USDJPY,2025.04.04 07:45:00,0,
2025.04.04 08:09:59,scan_skipped_same_execution_bar,USDJPY,2025.04.04 07:45:00,0,
2025.04.04 08:19:59,scan_executed_new_execution_bar,USDJPY,2025.04.04 08:00:00,31,
2025.04.04 08:24:59,scan_skipped_same_execution_bar,USDJPY,2025.04.04 08:00:00,0,
2025.04.04 08:34:59,scan_executed_new_execution_bar,USDJPY,2025.04.04 08:15:00,16,
2025.04.04 08:39:59,scan_skipped_same_execution_bar,USDJPY,2025.04.04 08:15:00,0,
2025.04.04 08:49:59,scan_executed_new_execution_bar,USDJPY,2025.04.04 08:30:00,32,
2025.04.04 08:54:59,scan_skipped_same_execution_bar,USDJPY,2025.04.04 08:30:00,0,
2025.04.04 09:04:59,scan_executed_new_execution_bar,USDJPY,2025.04.04 08:45:00,31,
2025.04.04 09:09:59,scan_skipped_same_execution_bar,USDJPY,2025.04.04 08:45:00,0,
2025.04.04 09:19:59,scan_executed_new_execution_bar,USDJPY,2025.04.04 09:00:00,16,
2025.04.04 09:24:59,scan_skipped_same_execution_bar,USDJPY,2025.04.04 09:00:00,0,
2025.04.04 09:34:59,scan_executed_new_execution_bar,USDJPY,2025.04.04 09:15:00,16,
2025.04.04 09:39:59,scan_skipped_same_execution_bar,USDJPY,2025.04.04 09:15:00,0,
2025.04.04 09:49:59,scan_executed_new_execution_bar,USDJPY,2025.04.04 09:30:00,0,
2025.04.04 09:54:59,scan_skipped_same_execution_bar,USDJPY,2025.04.04 09:30:00,0,
2025.04.04 10:04:59,scan_executed_new_execution_bar,USDJPY,2025.04.04 09:45:00,0,
2025.04.04 10:09:59,scan_skipped_same_execution_bar,USDJPY,2025.04.04 09:45:00,0,
2025.04.04 10:19:59,scan_executed_new_execution_bar,USDJPY,2025.04.04 10:00:00,0,
2025.04.04 10:24:59,scan_skipped_same_execution_bar,USDJPY,2025.04.04 10:00:00,0,
2025.04.04 10:34:59,scan_executed_new_execution_bar,USDJPY,2025.04.04 10:15:00,16,
2025.04.04 10:39:59,scan_skipped_same_execution_bar,USDJPY,2025.04.04 10:15:00,0,
2025.04.04 10:49:59,scan_executed_new_execution_bar,USDJPY,2025.04.04 10:30:00,0,
2025.04.04 10:54:59,scan_skipped_same_execution_bar,USDJPY,2025.04.04 10:30:00,0,
2025.04.04 11:04:59,scan_executed_new_execution_bar,USDJPY,2025.04.04 10:45:00,0,
2025.04.04 11:09:59,scan_skipped_same_execution_bar,USDJPY,2025.04.04 10:45:00,0,
2025.04.04 11:19:59,scan_executed_new_execution_bar,USDJPY,2025.04.04 11:00:00,16,
2025.04.04 11:24:59,scan_skipped_same_execution_bar,USDJPY,2025.04.04 11:00:00,0,
2025.04.04 11:34:59,scan_executed_new_execution_bar,USDJPY,2025.04.04 11:15:00,0,
2025.04.04 11:39:59,scan_skipped_same_execution_bar,USDJPY,2025.04.04 11:15:00,0,
2025.04.04 11:49:59,scan_executed_new_execution_bar,USDJPY,2025.04.04 11:30:00,0,
2025.04.04 11:54:59,scan_skipped_same_execution_bar,USDJPY,2025.04.04 11:30:00,0,
2025.04.04 12:04:59,scan_executed_new_execution_bar,USDJPY,2025.04.04 11:45:00,0,
2025.04.04 12:09:59,scan_skipped_same_execution_bar,USDJPY,2025.04.04 11:45:00,0,
2025.04.04 12:19:59,scan_executed_new_execution_bar,USDJPY,2025.04.04 12:00:00,0,
2025.04.04 12:24:59,scan_skipped_same_execution_bar,USDJPY,2025.04.04 12:00:00,0,
2025.04.04 12:34:59,scan_executed_new_execution_bar,USDJPY,2025.04.04 12:15:00,0,
2025.04.04 12:39:59,scan_skipped_same_execution_bar,USDJPY,2025.04.04 12:15:00,0,
2025.04.04 12:49:59,scan_executed_new_execution_bar,USDJPY,2025.04.04 12:30:00,31,
2025.04.04 12:54:59,scan_skipped_same_execution_bar,USDJPY,2025.04.04 12:30:00,0,
2025.04.04 13:04:59,scan_executed_new_execution_bar,USDJPY,2025.04.04 12:45:00,15,
2025.04.04 13:09:59,scan_skipped_same_execution_bar,USDJPY,2025.04.04 12:45:00,0,
2025.04.04 13:19:59,scan_executed_new_execution_bar,USDJPY,2025.04.04 13:00:00,0,
2025.04.04 13:24:59,scan_skipped_same_execution_bar,USDJPY,2025.04.04 13:00:00,0,
2025.04.04 13:34:59,scan_executed_new_execution_bar,USDJPY,2025.04.04 13:15:00,31,
2025.04.04 13:39:59,scan_skipped_same_execution_bar,USDJPY,2025.04.04 13:15:00,0,
2025.04.04 13:49:59,scan_executed_new_execution_bar,USDJPY,2025.04.04 13:30:00,0,
2025.04.04 13:54:59,scan_skipped_same_execution_bar,USDJPY,2025.04.04 13:30:00,0,
2025.04.04 14:04:59,scan_executed_new_execution_bar,USDJPY,2025.04.04 13:45:00,0,
2025.04.04 14:09:59,scan_skipped_same_execution_bar,USDJPY,2025.04.04 13:45:00,0,
2025.04.04 14:19:59,scan_executed_new_execution_bar,USDJPY,2025.04.04 14:00:00,0,
2025.04.04 14:24:59,scan_skipped_same_execution_bar,USDJPY,2025.04.04 14:00:00,0,
2025.04.04 14:34:59,scan_executed_new_execution_bar,USDJPY,2025.04.04 14:15:00,15,
2025.04.04 14:39:59,scan_skipped_same_execution_bar,USDJPY,2025.04.04 14:15:00,0,
2025.04.04 14:49:59,scan_executed_new_execution_bar,USDJPY,2025.04.04 14:30:00,32,
2025.04.04 14:54:59,scan_skipped_same_execution_bar,USDJPY,2025.04.04 14:30:00,0,
2025.04.04 15:04:59,scan_executed_new_execution_bar,USDJPY,2025.04.04 14:45:00,47,
2025.04.04 15:09:59,scan_skipped_same_execution_bar,USDJPY,2025.04.04 14:45:00,0,
2025.04.04 15:19:59,scan_executed_new_execution_bar,USDJPY,2025.04.04 15:00:00,0,
2025.04.04 15:24:59,scan_skipped_same_execution_bar,USDJPY,2025.04.04 15:00:00,0,
2025.04.04 15:34:59,scan_executed_new_execution_bar,USDJPY,2025.04.04 15:15:00,0,
2025.04.04 15:39:59,scan_skipped_same_execution_bar,USDJPY,2025.04.04 15:15:00,0,
2025.04.04 15:49:59,scan_executed_new_execution_bar,USDJPY,2025.04.04 15:30:00,0,
2025.04.04 15:55:00,scan_skipped_same_execution_bar,USDJPY,2025.04.04 15:30:00,0,
2025.04.04 16:04:59,scan_executed_new_execution_bar,USDJPY,2025.04.04 15:45:00,0,
2025.04.04 16:09:59,scan_skipped_same_execution_bar,USDJPY,2025.04.04 15:45:00,0,
2025.04.04 16:19:59,scan_executed_new_execution_bar,USDJPY,2025.04.04 16:00:00,0,
2025.04.04 16:24:59,scan_skipped_same_execution_bar,USDJPY,2025.04.04 16:00:00,0,
2025.04.04 16:34:59,scan_executed_new_execution_bar,USDJPY,2025.04.04 16:15:00,0,
2025.04.04 16:39:59,scan_skipped_same_execution_bar,USDJPY,2025.04.04 16:15:00,0,
2025.04.04 16:49:59,scan_executed_new_execution_bar,USDJPY,2025.04.04 16:30:00,0,
2025.04.04 16:54:59,scan_skipped_same_execution_bar,USDJPY,2025.04.04 16:30:00,0,
2025.04.04 17:04:59,scan_executed_new_execution_bar,USDJPY,2025.04.04 16:45:00,47,
2025.04.04 17:09:59,scan_skipped_same_execution_bar,USDJPY,2025.04.04 16:45:00,0,
2025.04.04 17:19:59,scan_executed_new_execution_bar,USDJPY,2025.04.04 17:00:00,0,
2025.04.04 17:24:59,scan_skipped_same_execution_bar,USDJPY,2025.04.04 17:00:00,0,
2025.04.04 17:34:59,scan_executed_new_execution_bar,USDJPY,2025.04.04 17:15:00,0,
2025.04.04 17:39:59,scan_skipped_same_execution_bar,USDJPY,2025.04.04 17:15:00,0,
2025.04.04 17:49:59,scan_executed_new_execution_bar,USDJPY,2025.04.04 17:30:00,0,
2025.04.04 17:54:59,scan_skipped_same_execution_bar,USDJPY,2025.04.04 17:30:00,0,
2025.04.04 18:04:59,scan_executed_new_execution_bar,USDJPY,2025.04.04 17:45:00,78,
2025.04.04 18:09:59,scan_skipped_same_execution_bar,USDJPY,2025.04.04 17:45:00,0,
2025.04.04 18:19:59,scan_executed_new_execution_bar,USDJPY,2025.04.04 18:00:00,47,
2025.04.04 18:24:59,scan_skipped_same_execution_bar,USDJPY,2025.04.04 18:00:00,0,
2025.04.04 18:34:59,scan_executed_new_execution_bar,USDJPY,2025.04.04 18:15:00,15,
2025.04.04 18:40:00,scan_skipped_same_execution_bar,USDJPY,2025.04.04 18:15:00,0,
2025.04.04 18:49:59,scan_executed_new_execution_bar,USDJPY,2025.04.04 18:30:00,47,
2025.04.04 18:54:59,scan_skipped_same_execution_bar,USDJPY,2025.04.04 18:30:00,0,
2025.04.04 19:04:59,scan_executed_new_execution_bar,USDJPY,2025.04.04 18:45:00,31,
2025.04.04 19:09:59,scan_skipped_same_execution_bar,USDJPY,2025.04.04 18:45:00,0,
2025.04.04 19:19:59,scan_executed_new_execution_bar,USDJPY,2025.04.04 19:00:00,31,
2025.04.04 19:24:59,scan_skipped_same_execution_bar,USDJPY,2025.04.04 19:00:00,0,
2025.04.04 19:34:59,scan_executed_new_execution_bar,USDJPY,2025.04.04 19:15:00,31,
2025.04.04 19:39:59,scan_skipped_same_execution_bar,USDJPY,2025.04.04 19:15:00,0,
2025.04.04 19:49:59,scan_executed_new_execution_bar,USDJPY,2025.04.04 19:30:00,0,
2025.04.04 19:54:59,scan_skipped_same_execution_bar,USDJPY,2025.04.04 19:30:00,0,
2025.04.04 20:04:59,scan_executed_new_execution_bar,USDJPY,2025.04.04 19:45:00,0,
2025.04.04 20:09:59,scan_skipped_same_execution_bar,USDJPY,2025.04.04 19:45:00,0,
2025.04.04 20:19:59,scan_executed_new_execution_bar,USDJPY,2025.04.04 20:00:00,0,
2025.04.04 20:24:59,scan_skipped_same_execution_bar,USDJPY,2025.04.04 20:00:00,0,
2025.04.04 20:34:59,scan_executed_new_execution_bar,USDJPY,2025.04.04 20:15:00,31,
2025.04.04 20:39:59,scan_skipped_same_execution_bar,USDJPY,2025.04.04 20:15:00,0,
2025.04.04 20:49:59,scan_executed_new_execution_bar,USDJPY,2025.04.04 20:30:00,31,
2025.04.04 20:54:59,scan_skipped_same_execution_bar,USDJPY,2025.04.04 20:30:00,0,
2025.04.04 21:04:59,scan_executed_new_execution_bar,USDJPY,2025.04.04 20:45:00,0,
2025.04.04 21:09:59,scan_skipped_same_execution_bar,USDJPY,2025.04.04 20:45:00,0,
2025.04.04 21:19:59,scan_executed_new_execution_bar,USDJPY,2025.04.04 21:00:00,31,
2025.04.04 21:24:59,scan_skipped_same_execution_bar,USDJPY,2025.04.04 21:00:00,0,
2025.04.04 21:34:59,scan_executed_new_execution_bar,USDJPY,2025.04.04 21:15:00,15,
2025.04.04 21:39:59,scan_skipped_same_execution_bar,USDJPY,2025.04.04 21:15:00,0,
2025.04.04 21:49:59,scan_executed_new_execution_bar,USDJPY,2025.04.04 21:30:00,32,
2025.04.04 21:54:59,scan_skipped_same_execution_bar,USDJPY,2025.04.04 21:30:00,0,
2025.04.04 22:04:59,scan_executed_new_execution_bar,USDJPY,2025.04.04 21:45:00,0,
2025.04.04 22:09:59,scan_skipped_same_execution_bar,USDJPY,2025.04.04 21:45:00,0,
2025.04.04 22:19:59,scan_executed_new_execution_bar,USDJPY,2025.04.04 22:00:00,0,
2025.04.04 22:24:59,scan_skipped_same_execution_bar,USDJPY,2025.04.04 22:00:00,0,
2025.04.04 22:34:59,scan_executed_new_execution_bar,USDJPY,2025.04.04 22:15:00,15,
2025.04.04 22:39:59,scan_skipped_same_execution_bar,USDJPY,2025.04.04 22:15:00,0,
2025.04.04 22:49:59,scan_executed_new_execution_bar,USDJPY,2025.04.04 22:30:00,15,
2025.04.04 22:54:59,scan_skipped_same_execution_bar,USDJPY,2025.04.04 22:30:00,0,
2025.04.04 23:04:59,scan_executed_new_execution_bar,USDJPY,2025.04.04 22:45:00,16,
2025.04.04 23:09:59,scan_skipped_same_execution_bar,USDJPY,2025.04.04 22:45:00,0,
2025.04.04 23:19:59,scan_executed_new_execution_bar,USDJPY,2025.04.04 23:00:00,0,
2025.04.04 23:24:59,scan_skipped_same_execution_bar,USDJPY,2025.04.04 23:00:00,0,
2025.04.04 23:34:59,scan_executed_new_execution_bar,USDJPY,2025.04.04 23:15:00,0,
2025.04.04 23:39:59,scan_skipped_same_execution_bar,USDJPY,2025.04.04 23:15:00,0,
2025.04.04 23:49:59,scan_executed_new_execution_bar,USDJPY,2025.04.04 23:30:00,31,
2025.04.04 23:54:59,scan_skipped_same_execution_bar,USDJPY,2025.04.04 23:30:00,0,
2025.04.07 00:04:59,scan_executed_new_execution_bar,USDJPY,2025.04.04 23:45:00,0,
2025.04.07 00:09:59,scan_skipped_same_execution_bar,USDJPY,2025.04.04 23:45:00,0,
2025.04.07 00:19:59,scan_executed_new_execution_bar,USDJPY,2025.04.07 00:00:00,0,
2025.04.07 00:24:58,scan_skipped_same_execution_bar,USDJPY,2025.04.07 00:00:00,0,
2025.04.07 00:34:59,scan_executed_new_execution_bar,USDJPY,2025.04.07 00:15:00,16,
2025.04.07 00:39:59,scan_skipped_same_execution_bar,USDJPY,2025.04.07 00:15:00,0,
2025.04.07 00:49:59,scan_executed_new_execution_bar,USDJPY,2025.04.07 00:30:00,0,
2025.04.07 00:54:59,scan_skipped_same_execution_bar,USDJPY,2025.04.07 00:30:00,0,
2025.04.07 01:04:59,scan_executed_new_execution_bar,USDJPY,2025.04.07 00:45:00,0,
2025.04.07 01:09:59,scan_skipped_same_execution_bar,USDJPY,2025.04.07 00:45:00,0,
2025.04.07 01:19:59,scan_executed_new_execution_bar,USDJPY,2025.04.07 01:00:00,46,
2025.04.07 01:24:59,scan_skipped_same_execution_bar,USDJPY,2025.04.07 01:00:00,0,
2025.04.07 01:35:00,scan_executed_new_execution_bar,USDJPY,2025.04.07 01:15:00,47,
2025.04.07 01:39:59,scan_skipped_same_execution_bar,USDJPY,2025.04.07 01:15:00,0,
2025.04.07 01:49:59,scan_executed_new_execution_bar,USDJPY,2025.04.07 01:30:00,0,
2025.04.07 01:54:59,scan_skipped_same_execution_bar,USDJPY,2025.04.07 01:30:00,0,
2025.04.07 02:04:59,scan_executed_new_execution_bar,USDJPY,2025.04.07 01:45:00,31,
2025.04.07 02:09:59,scan_skipped_same_execution_bar,USDJPY,2025.04.07 01:45:00,0,
2025.04.07 02:19:59,scan_executed_new_execution_bar,USDJPY,2025.04.07 02:00:00,16,
2025.04.07 02:24:59,scan_skipped_same_execution_bar,USDJPY,2025.04.07 02:00:00,0,
2025.04.07 02:35:00,scan_executed_new_execution_bar,USDJPY,2025.04.07 02:15:00,63,
2025.04.07 02:39:59,scan_skipped_same_execution_bar,USDJPY,2025.04.07 02:15:00,0,
2025.04.07 02:49:59,scan_executed_new_execution_bar,USDJPY,2025.04.07 02:30:00,0,
2025.04.07 02:54:59,scan_skipped_same_execution_bar,USDJPY,2025.04.07 02:30:00,0,
2025.04.07 03:04:59,scan_executed_new_execution_bar,USDJPY,2025.04.07 02:45:00,47,
2025.04.07 03:09:59,scan_skipped_same_execution_bar,USDJPY,2025.04.07 02:45:00,0,
2025.04.07 03:20:00,scan_executed_new_execution_bar,USDJPY,2025.04.07 03:00:00,0,
2025.04.07 03:24:59,scan_skipped_same_execution_bar,USDJPY,2025.04.07 03:00:00,0,
2025.04.07 03:34:59,scan_executed_new_execution_bar,USDJPY,2025.04.07 03:15:00,0,
2025.04.07 03:39:59,scan_skipped_same_execution_bar,USDJPY,2025.04.07 03:15:00,0,
2025.04.07 03:49:59,scan_executed_new_execution_bar,USDJPY,2025.04.07 03:30:00,0,
2025.04.07 03:54:59,scan_skipped_same_execution_bar,USDJPY,2025.04.07 03:30:00,0,
2025.04.07 04:04:59,scan_executed_new_execution_bar,USDJPY,2025.04.07 03:45:00,16,
2025.04.07 04:09:59,scan_skipped_same_execution_bar,USDJPY,2025.04.07 03:45:00,0,
2025.04.07 04:19:59,scan_executed_new_execution_bar,USDJPY,2025.04.07 04:00:00,0,
2025.04.07 04:24:59,scan_skipped_same_execution_bar,USDJPY,2025.04.07 04:00:00,0,
2025.04.07 04:34:59,scan_executed_new_execution_bar,USDJPY,2025.04.07 04:15:00,0,
2025.04.07 04:39:59,scan_skipped_same_execution_bar,USDJPY,2025.04.07 04:15:00,0,
2025.04.07 04:49:59,scan_executed_new_execution_bar,USDJPY,2025.04.07 04:30:00,0,
2025.04.07 04:54:59,scan_skipped_same_execution_bar,USDJPY,2025.04.07 04:30:00,0,
2025.04.07 05:04:59,scan_executed_new_execution_bar,USDJPY,2025.04.07 04:45:00,0,
2025.04.07 05:09:59,scan_skipped_same_execution_bar,USDJPY,2025.04.07 04:45:00,0,
2025.04.07 05:19:59,scan_executed_new_execution_bar,USDJPY,2025.04.07 05:00:00,0,
2025.04.07 05:24:59,scan_skipped_same_execution_bar,USDJPY,2025.04.07 05:00:00,0,
2025.04.07 05:34:59,scan_executed_new_execution_bar,USDJPY,2025.04.07 05:15:00,0,
2025.04.07 05:39:59,scan_skipped_same_execution_bar,USDJPY,2025.04.07 05:15:00,0,
2025.04.07 05:49:59,scan_executed_new_execution_bar,USDJPY,2025.04.07 05:30:00,0,
2025.04.07 05:55:00,scan_skipped_same_execution_bar,USDJPY,2025.04.07 05:30:00,0,
2025.04.07 06:04:59,scan_executed_new_execution_bar,USDJPY,2025.04.07 05:45:00,0,
2025.04.07 06:09:59,scan_skipped_same_execution_bar,USDJPY,2025.04.07 05:45:00,0,
2025.04.07 06:19:59,scan_executed_new_execution_bar,USDJPY,2025.04.07 06:00:00,0,
2025.04.07 06:24:59,scan_skipped_same_execution_bar,USDJPY,2025.04.07 06:00:00,0,
2025.04.07 06:34:59,scan_executed_new_execution_bar,USDJPY,2025.04.07 06:15:00,0,
2025.04.07 06:39:59,scan_skipped_same_execution_bar,USDJPY,2025.04.07 06:15:00,0,
2025.04.07 06:49:59,scan_executed_new_execution_bar,USDJPY,2025.04.07 06:30:00,0,
2025.04.07 06:54:59,scan_skipped_same_execution_bar,USDJPY,2025.04.07 06:30:00,0,
2025.04.07 07:04:59,scan_executed_new_execution_bar,USDJPY,2025.04.07 06:45:00,0,
2025.04.07 07:09:59,scan_skipped_same_execution_bar,USDJPY,2025.04.07 06:45:00,0,
2025.04.07 07:19:59,scan_executed_new_execution_bar,USDJPY,2025.04.07 07:00:00,16,
2025.04.07 07:24:59,scan_skipped_same_execution_bar,USDJPY,2025.04.07 07:00:00,0,
2025.04.07 07:34:59,scan_executed_new_execution_bar,USDJPY,2025.04.07 07:15:00,0,
2025.04.07 07:39:59,scan_skipped_same_execution_bar,USDJPY,2025.04.07 07:15:00,0,
2025.04.07 07:49:59,scan_executed_new_execution_bar,USDJPY,2025.04.07 07:30:00,16,
2025.04.07 07:54:59,scan_skipped_same_execution_bar,USDJPY,2025.04.07 07:30:00,0,
2025.04.07 08:04:59,scan_executed_new_execution_bar,USDJPY,2025.04.07 07:45:00,0,
2025.04.07 08:09:59,scan_skipped_same_execution_bar,USDJPY,2025.04.07 07:45:00,0,
2025.04.07 08:19:59,scan_executed_new_execution_bar,USDJPY,2025.04.07 08:00:00,0,
2025.04.07 08:24:59,scan_skipped_same_execution_bar,USDJPY,2025.04.07 08:00:00,0,
2025.04.07 08:34:59,scan_executed_new_execution_bar,USDJPY,2025.04.07 08:15:00,0,
2025.04.07 08:39:59,scan_skipped_same_execution_bar,USDJPY,2025.04.07 08:15:00,0,
2025.04.07 08:49:59,scan_executed_new_execution_bar,USDJPY,2025.04.07 08:30:00,16,
2025.04.07 08:54:59,scan_skipped_same_execution_bar,USDJPY,2025.04.07 08:30:00,0,
2025.04.07 09:04:59,scan_executed_new_execution_bar,USDJPY,2025.04.07 08:45:00,0,
2025.04.07 09:09:59,scan_skipped_same_execution_bar,USDJPY,2025.04.07 08:45:00,0,
2025.04.07 09:19:59,scan_executed_new_execution_bar,USDJPY,2025.04.07 09:00:00,47,
2025.04.07 09:24:59,scan_skipped_same_execution_bar,USDJPY,2025.04.07 09:00:00,0,
2025.04.07 09:34:59,scan_executed_new_execution_bar,USDJPY,2025.04.07 09:15:00,15,
2025.04.07 09:39:59,scan_skipped_same_execution_bar,USDJPY,2025.04.07 09:15:00,0,
2025.04.07 09:49:59,scan_executed_new_execution_bar,USDJPY,2025.04.07 09:30:00,0,
2025.04.07 09:54:59,scan_skipped_same_execution_bar,USDJPY,2025.04.07 09:30:00,0,
2025.04.07 10:04:59,scan_executed_new_execution_bar,USDJPY,2025.04.07 09:45:00,16,
2025.04.07 10:09:59,scan_skipped_same_execution_bar,USDJPY,2025.04.07 09:45:00,0,
2025.04.07 10:19:59,scan_executed_new_execution_bar,USDJPY,2025.04.07 10:00:00,0,
2025.04.07 10:24:59,scan_skipped_same_execution_bar,USDJPY,2025.04.07 10:00:00,0,
2025.04.07 10:34:59,scan_executed_new_execution_bar,USDJPY,2025.04.07 10:15:00,16,
2025.04.07 10:39:59,scan_skipped_same_execution_bar,USDJPY,2025.04.07 10:15:00,0,
2025.04.07 10:49:59,scan_executed_new_execution_bar,USDJPY,2025.04.07 10:30:00,16,
2025.04.07 10:54:59,scan_skipped_same_execution_bar,USDJPY,2025.04.07 10:30:00,0,
2025.04.07 11:04:59,scan_executed_new_execution_bar,USDJPY,2025.04.07 10:45:00,16,
2025.04.07 11:09:59,scan_skipped_same_execution_bar,USDJPY,2025.04.07 10:45:00,0,
2025.04.07 11:19:59,scan_executed_new_execution_bar,USDJPY,2025.04.07 11:00:00,0,
2025.04.07 11:24:59,scan_skipped_same_execution_bar,USDJPY,2025.04.07 11:00:00,0,
2025.04.07 11:34:59,scan_executed_new_execution_bar,USDJPY,2025.04.07 11:15:00,47,
2025.04.07 11:40:00,scan_skipped_same_execution_bar,USDJPY,2025.04.07 11:15:00,0,
2025.04.07 11:49:59,scan_executed_new_execution_bar,USDJPY,2025.04.07 11:30:00,0,
2025.04.07 11:55:00,scan_skipped_same_execution_bar,USDJPY,2025.04.07 11:30:00,0,
2025.04.07 12:04:59,scan_executed_new_execution_bar,USDJPY,2025.04.07 11:45:00,0,
2025.04.07 12:09:59,scan_skipped_same_execution_bar,USDJPY,2025.04.07 11:45:00,0,
2025.04.07 12:19:59,scan_executed_new_execution_bar,USDJPY,2025.04.07 12:00:00,31,
2025.04.07 12:24:59,scan_skipped_same_execution_bar,USDJPY,2025.04.07 12:00:00,0,
2025.04.07 12:34:59,scan_executed_new_execution_bar,USDJPY,2025.04.07 12:15:00,32,
2025.04.07 12:39:59,scan_skipped_same_execution_bar,USDJPY,2025.04.07 12:15:00,0,
2025.04.07 12:49:59,scan_executed_new_execution_bar,USDJPY,2025.04.07 12:30:00,16,
2025.04.07 12:54:59,scan_skipped_same_execution_bar,USDJPY,2025.04.07 12:30:00,0,
2025.04.07 13:04:59,scan_executed_new_execution_bar,USDJPY,2025.04.07 12:45:00,16,
2025.04.07 13:09:59,scan_skipped_same_execution_bar,USDJPY,2025.04.07 12:45:00,0,
2025.04.07 13:19:59,scan_executed_new_execution_bar,USDJPY,2025.04.07 13:00:00,0,
2025.04.07 13:25:00,scan_skipped_same_execution_bar,USDJPY,2025.04.07 13:00:00,0,
2025.04.07 13:34:59,scan_executed_new_execution_bar,USDJPY,2025.04.07 13:15:00,0,
2025.04.07 13:39:59,scan_skipped_same_execution_bar,USDJPY,2025.04.07 13:15:00,0,
2025.04.07 13:49:59,scan_executed_new_execution_bar,USDJPY,2025.04.07 13:30:00,0,
2025.04.07 13:54:59,scan_skipped_same_execution_bar,USDJPY,2025.04.07 13:30:00,0,
2025.04.07 14:04:59,scan_executed_new_execution_bar,USDJPY,2025.04.07 13:45:00,31,
2025.04.07 14:09:59,scan_skipped_same_execution_bar,USDJPY,2025.04.07 13:45:00,0,
2025.04.07 14:19:59,scan_executed_new_execution_bar,USDJPY,2025.04.07 14:00:00,0,
2025.04.07 14:24:59,scan_skipped_same_execution_bar,USDJPY,2025.04.07 14:00:00,0,
2025.04.07 14:34:59,scan_executed_new_execution_bar,USDJPY,2025.04.07 14:15:00,0,
2025.04.07 14:39:59,scan_skipped_same_execution_bar,USDJPY,2025.04.07 14:15:00,0,
2025.04.07 14:49:59,scan_executed_new_execution_bar,USDJPY,2025.04.07 14:30:00,0,
2025.04.07 14:54:59,scan_skipped_same_execution_bar,USDJPY,2025.04.07 14:30:00,0,
2025.04.07 15:04:59,scan_executed_new_execution_bar,USDJPY,2025.04.07 14:45:00,32,
2025.04.07 15:09:59,scan_skipped_same_execution_bar,USDJPY,2025.04.07 14:45:00,0,
2025.04.07 15:19:59,scan_executed_new_execution_bar,USDJPY,2025.04.07 15:00:00,16,
2025.04.07 15:24:59,scan_skipped_same_execution_bar,USDJPY,2025.04.07 15:00:00,0,
2025.04.07 15:34:59,scan_executed_new_execution_bar,USDJPY,2025.04.07 15:15:00,0,
2025.04.07 15:39:59,scan_skipped_same_execution_bar,USDJPY,2025.04.07 15:15:00,0,
2025.04.07 15:49:59,scan_executed_new_execution_bar,USDJPY,2025.04.07 15:30:00,0,
2025.04.07 15:54:59,scan_skipped_same_execution_bar,USDJPY,2025.04.07 15:30:00,0,
2025.04.07 16:04:59,scan_executed_new_execution_bar,USDJPY,2025.04.07 15:45:00,0,
2025.04.07 16:09:59,scan_skipped_same_execution_bar,USDJPY,2025.04.07 15:45:00,0,
2025.04.07 16:19:59,scan_executed_new_execution_bar,USDJPY,2025.04.07 16:00:00,47,
2025.04.07 16:24:59,scan_skipped_same_execution_bar,USDJPY,2025.04.07 16:00:00,0,
2025.04.07 16:34:59,scan_executed_new_execution_bar,USDJPY,2025.04.07 16:15:00,0,
2025.04.07 16:39:59,scan_skipped_same_execution_bar,USDJPY,2025.04.07 16:15:00,0,
2025.04.07 16:49:59,scan_executed_new_execution_bar,USDJPY,2025.04.07 16:30:00,16,
2025.04.07 16:54:59,scan_skipped_same_execution_bar,USDJPY,2025.04.07 16:30:00,0,
2025.04.07 17:04:59,scan_executed_new_execution_bar,USDJPY,2025.04.07 16:45:00,15,
2025.04.07 17:09:59,scan_skipped_same_execution_bar,USDJPY,2025.04.07 16:45:00,0,
2025.04.07 17:19:59,scan_executed_new_execution_bar,USDJPY,2025.04.07 17:00:00,32,
2025.04.07 17:24:59,scan_skipped_same_execution_bar,USDJPY,2025.04.07 17:00:00,0,
2025.04.07 17:34:59,scan_executed_new_execution_bar,USDJPY,2025.04.07 17:15:00,31,
2025.04.07 17:39:59,scan_skipped_same_execution_bar,USDJPY,2025.04.07 17:15:00,0,
2025.04.07 17:49:59,scan_executed_new_execution_bar,USDJPY,2025.04.07 17:30:00,0,
2025.04.07 17:54:59,scan_skipped_same_execution_bar,USDJPY,2025.04.07 17:30:00,0,
2025.04.07 18:04:59,scan_executed_new_execution_bar,USDJPY,2025.04.07 17:45:00,0,
2025.04.07 18:09:59,scan_skipped_same_execution_bar,USDJPY,2025.04.07 17:45:00,0,
2025.04.07 18:19:59,scan_executed_new_execution_bar,USDJPY,2025.04.07 18:00:00,0,
2025.04.07 18:25:00,scan_skipped_same_execution_bar,USDJPY,2025.04.07 18:00:00,0,
2025.04.07 18:34:59,scan_executed_new_execution_bar,USDJPY,2025.04.07 18:15:00,16,
2025.04.07 18:39:59,scan_skipped_same_execution_bar,USDJPY,2025.04.07 18:15:00,0,
2025.04.07 18:49:59,scan_executed_new_execution_bar,USDJPY,2025.04.07 18:30:00,0,
2025.04.07 18:54:59,scan_skipped_same_execution_bar,USDJPY,2025.04.07 18:30:00,0,
2025.04.07 19:04:59,scan_executed_new_execution_bar,USDJPY,2025.04.07 18:45:00,15,
2025.04.07 19:09:59,scan_skipped_same_execution_bar,USDJPY,2025.04.07 18:45:00,0,
2025.04.07 19:19:59,scan_executed_new_execution_bar,USDJPY,2025.04.07 19:00:00,16,
2025.04.07 19:24:59,scan_skipped_same_execution_bar,USDJPY,2025.04.07 19:00:00,0,
2025.04.07 19:34:59,scan_executed_new_execution_bar,USDJPY,2025.04.07 19:15:00,47,
2025.04.07 19:39:59,scan_skipped_same_execution_bar,USDJPY,2025.04.07 19:15:00,0,
2025.04.07 19:49:59,scan_executed_new_execution_bar,USDJPY,2025.04.07 19:30:00,0,
2025.04.07 19:54:59,scan_skipped_same_execution_bar,USDJPY,2025.04.07 19:30:00,0,
2025.04.07 20:04:59,scan_executed_new_execution_bar,USDJPY,2025.04.07 19:45:00,15,
2025.04.07 20:09:59,scan_skipped_same_execution_bar,USDJPY,2025.04.07 19:45:00,0,
2025.04.07 20:19:59,scan_executed_new_execution_bar,USDJPY,2025.04.07 20:00:00,0,
2025.04.07 20:24:59,scan_skipped_same_execution_bar,USDJPY,2025.04.07 20:00:00,0,
2025.04.07 20:34:59,scan_executed_new_execution_bar,USDJPY,2025.04.07 20:15:00,0,
2025.04.07 20:39:59,scan_skipped_same_execution_bar,USDJPY,2025.04.07 20:15:00,0,
2025.04.07 20:49:59,scan_executed_new_execution_bar,USDJPY,2025.04.07 20:30:00,16,
2025.04.07 20:54:59,scan_skipped_same_execution_bar,USDJPY,2025.04.07 20:30:00,0,
2025.04.07 21:04:59,scan_executed_new_execution_bar,USDJPY,2025.04.07 20:45:00,15,
2025.04.07 21:10:00,scan_skipped_same_execution_bar,USDJPY,2025.04.07 20:45:00,0,
2025.04.07 21:19:59,scan_executed_new_execution_bar,USDJPY,2025.04.07 21:00:00,16,
2025.04.07 21:24:59,scan_skipped_same_execution_bar,USDJPY,2025.04.07 21:00:00,0,
2025.04.07 21:34:59,scan_executed_new_execution_bar,USDJPY,2025.04.07 21:15:00,0,
2025.04.07 21:39:59,scan_skipped_same_execution_bar,USDJPY,2025.04.07 21:15:00,0,
2025.04.07 21:50:00,scan_executed_new_execution_bar,USDJPY,2025.04.07 21:30:00,0,
2025.04.07 21:54:59,scan_skipped_same_execution_bar,USDJPY,2025.04.07 21:30:00,0,
2025.04.07 22:04:59,scan_executed_new_execution_bar,USDJPY,2025.04.07 21:45:00,0,
2025.04.07 22:09:59,scan_skipped_same_execution_bar,USDJPY,2025.04.07 21:45:00,0,
2025.04.07 22:19:59,scan_executed_new_execution_bar,USDJPY,2025.04.07 22:00:00,0,
2025.04.07 22:24:59,scan_skipped_same_execution_bar,USDJPY,2025.04.07 22:00:00,0,
2025.04.07 22:34:59,scan_executed_new_execution_bar,USDJPY,2025.04.07 22:15:00,0,
2025.04.07 22:39:59,scan_skipped_same_execution_bar,USDJPY,2025.04.07 22:15:00,0,
2025.04.07 22:49:59,scan_executed_new_execution_bar,USDJPY,2025.04.07 22:30:00,0,
2025.04.07 22:54:59,scan_skipped_same_execution_bar,USDJPY,2025.04.07 22:30:00,0,
2025.04.07 23:04:59,scan_executed_new_execution_bar,USDJPY,2025.04.07 22:45:00,0,
2025.04.07 23:09:59,scan_skipped_same_execution_bar,USDJPY,2025.04.07 22:45:00,0,
2025.04.07 23:19:59,scan_executed_new_execution_bar,USDJPY,2025.04.07 23:00:00,0,
2025.04.07 23:24:59,scan_skipped_same_execution_bar,USDJPY,2025.04.07 23:00:00,0,
2025.04.07 23:34:59,scan_executed_new_execution_bar,USDJPY,2025.04.07 23:15:00,0,
2025.04.07 23:39:59,scan_skipped_same_execution_bar,USDJPY,2025.04.07 23:15:00,0,
2025.04.07 23:49:59,scan_executed_new_execution_bar,USDJPY,2025.04.07 23:30:00,0,
2025.04.07 23:54:59,scan_skipped_same_execution_bar,USDJPY,2025.04.07 23:30:00,0,
2025.04.08 00:04:58,scan_executed_new_execution_bar,USDJPY,2025.04.07 23:45:00,0,
2025.04.08 00:09:59,scan_skipped_same_execution_bar,USDJPY,2025.04.07 23:45:00,0,
2025.04.08 00:19:58,scan_executed_new_execution_bar,USDJPY,2025.04.08 00:00:00,0,
2025.04.08 00:24:59,scan_skipped_same_execution_bar,USDJPY,2025.04.08 00:00:00,0,
2025.04.08 00:34:59,scan_executed_new_execution_bar,USDJPY,2025.04.08 00:15:00,0,
2025.04.08 00:39:58,scan_skipped_same_execution_bar,USDJPY,2025.04.08 00:15:00,0,
2025.04.08 00:49:58,scan_executed_new_execution_bar,USDJPY,2025.04.08 00:30:00,16,
2025.04.08 00:54:59,scan_skipped_same_execution_bar,USDJPY,2025.04.08 00:30:00,0,
2025.04.08 01:04:59,scan_executed_new_execution_bar,USDJPY,2025.04.08 00:45:00,31,
2025.04.08 01:09:59,scan_skipped_same_execution_bar,USDJPY,2025.04.08 00:45:00,0,
2025.04.08 01:19:59,scan_executed_new_execution_bar,USDJPY,2025.04.08 01:00:00,47,
2025.04.08 01:24:59,scan_skipped_same_execution_bar,USDJPY,2025.04.08 01:00:00,0,
2025.04.08 01:34:59,scan_executed_new_execution_bar,USDJPY,2025.04.08 01:15:00,0,
2025.04.08 01:39:59,scan_skipped_same_execution_bar,USDJPY,2025.04.08 01:15:00,0,
2025.04.08 01:49:58,scan_executed_new_execution_bar,USDJPY,2025.04.08 01:30:00,16,
2025.04.08 01:54:59,scan_skipped_same_execution_bar,USDJPY,2025.04.08 01:30:00,0,
2025.04.08 02:04:59,scan_executed_new_execution_bar,USDJPY,2025.04.08 01:45:00,0,
2025.04.08 02:09:59,scan_skipped_same_execution_bar,USDJPY,2025.04.08 01:45:00,0,
2025.04.08 02:20:00,scan_executed_new_execution_bar,USDJPY,2025.04.08 02:00:00,0,
2025.04.08 02:24:58,scan_skipped_same_execution_bar,USDJPY,2025.04.08 02:00:00,0,
2025.04.08 02:34:59,scan_executed_new_execution_bar,USDJPY,2025.04.08 02:15:00,16,
2025.04.08 02:39:59,scan_skipped_same_execution_bar,USDJPY,2025.04.08 02:15:00,0,
2025.04.08 02:49:59,scan_executed_new_execution_bar,USDJPY,2025.04.08 02:30:00,0,
2025.04.08 02:54:59,scan_skipped_same_execution_bar,USDJPY,2025.04.08 02:30:00,0,
2025.04.08 03:04:59,scan_executed_new_execution_bar,USDJPY,2025.04.08 02:45:00,16,
2025.04.08 03:09:59,scan_skipped_same_execution_bar,USDJPY,2025.04.08 02:45:00,0,
2025.04.08 03:19:59,scan_executed_new_execution_bar,USDJPY,2025.04.08 03:00:00,0,
2025.04.08 03:24:59,scan_skipped_same_execution_bar,USDJPY,2025.04.08 03:00:00,0,
2025.04.08 03:34:59,scan_executed_new_execution_bar,USDJPY,2025.04.08 03:15:00,16,
2025.04.08 03:39:59,scan_skipped_same_execution_bar,USDJPY,2025.04.08 03:15:00,0,
2025.04.08 03:49:59,scan_executed_new_execution_bar,USDJPY,2025.04.08 03:30:00,15,
2025.04.08 03:54:59,scan_skipped_same_execution_bar,USDJPY,2025.04.08 03:30:00,0,
2025.04.08 04:04:59,scan_executed_new_execution_bar,USDJPY,2025.04.08 03:45:00,31,
2025.04.08 04:09:59,scan_skipped_same_execution_bar,USDJPY,2025.04.08 03:45:00,0,
2025.04.08 04:19:59,scan_executed_new_execution_bar,USDJPY,2025.04.08 04:00:00,0,
2025.04.08 04:24:59,scan_skipped_same_execution_bar,USDJPY,2025.04.08 04:00:00,0,
2025.04.08 04:34:59,scan_executed_new_execution_bar,USDJPY,2025.04.08 04:15:00,31,
2025.04.08 04:39:59,scan_skipped_same_execution_bar,USDJPY,2025.04.08 04:15:00,0,
2025.04.08 04:49:59,scan_executed_new_execution_bar,USDJPY,2025.04.08 04:30:00,0,
2025.04.08 04:54:59,scan_skipped_same_execution_bar,USDJPY,2025.04.08 04:30:00,0,
2025.04.08 05:04:59,scan_executed_new_execution_bar,USDJPY,2025.04.08 04:45:00,0,
2025.04.08 05:09:59,scan_skipped_same_execution_bar,USDJPY,2025.04.08 04:45:00,0,
2025.04.08 05:19:59,scan_executed_new_execution_bar,USDJPY,2025.04.08 05:00:00,0,
2025.04.08 05:24:59,scan_skipped_same_execution_bar,USDJPY,2025.04.08 05:00:00,0,
2025.04.08 05:34:59,scan_executed_new_execution_bar,USDJPY,2025.04.08 05:15:00,31,
2025.04.08 05:39:59,scan_skipped_same_execution_bar,USDJPY,2025.04.08 05:15:00,0,
2025.04.08 05:49:59,scan_executed_new_execution_bar,USDJPY,2025.04.08 05:30:00,0,
2025.04.08 05:54:59,scan_skipped_same_execution_bar,USDJPY,2025.04.08 05:30:00,0,
2025.04.08 06:04:59,scan_executed_new_execution_bar,USDJPY,2025.04.08 05:45:00,78,
2025.04.08 06:09:59,scan_skipped_same_execution_bar,USDJPY,2025.04.08 05:45:00,0,
2025.04.08 06:19:59,scan_executed_new_execution_bar,USDJPY,2025.04.08 06:00:00,15,
2025.04.08 06:24:59,scan_skipped_same_execution_bar,USDJPY,2025.04.08 06:00:00,0,
2025.04.08 06:34:59,scan_executed_new_execution_bar,USDJPY,2025.04.08 06:15:00,16,
2025.04.08 06:39:59,scan_skipped_same_execution_bar,USDJPY,2025.04.08 06:15:00,0,
2025.04.08 06:49:59,scan_executed_new_execution_bar,USDJPY,2025.04.08 06:30:00,0,
2025.04.08 06:54:59,scan_skipped_same_execution_bar,USDJPY,2025.04.08 06:30:00,0,
2025.04.08 07:04:59,scan_executed_new_execution_bar,USDJPY,2025.04.08 06:45:00,16,
2025.04.08 07:09:59,scan_skipped_same_execution_bar,USDJPY,2025.04.08 06:45:00,0,
2025.04.08 07:19:59,scan_executed_new_execution_bar,USDJPY,2025.04.08 07:00:00,0,
2025.04.08 07:24:59,scan_skipped_same_execution_bar,USDJPY,2025.04.08 07:00:00,0,
2025.04.08 07:34:59,scan_executed_new_execution_bar,USDJPY,2025.04.08 07:15:00,0,
2025.04.08 07:39:59,scan_skipped_same_execution_bar,USDJPY,2025.04.08 07:15:00,0,
2025.04.08 07:49:59,scan_executed_new_execution_bar,USDJPY,2025.04.08 07:30:00,31,
2025.04.08 07:54:59,scan_skipped_same_execution_bar,USDJPY,2025.04.08 07:30:00,0,
2025.04.08 08:04:59,scan_executed_new_execution_bar,USDJPY,2025.04.08 07:45:00,0,
2025.04.08 08:09:59,scan_skipped_same_execution_bar,USDJPY,2025.04.08 07:45:00,0,
2025.04.08 08:19:59,scan_executed_new_execution_bar,USDJPY,2025.04.08 08:00:00,62,
2025.04.08 08:24:59,scan_skipped_same_execution_bar,USDJPY,2025.04.08 08:00:00,0,
2025.04.08 08:34:59,scan_executed_new_execution_bar,USDJPY,2025.04.08 08:15:00,16,
2025.04.08 08:39:59,scan_skipped_same_execution_bar,USDJPY,2025.04.08 08:15:00,0,
2025.04.08 08:49:59,scan_executed_new_execution_bar,USDJPY,2025.04.08 08:30:00,15,
2025.04.08 08:54:59,scan_skipped_same_execution_bar,USDJPY,2025.04.08 08:30:00,0,
2025.04.08 09:04:59,scan_executed_new_execution_bar,USDJPY,2025.04.08 08:45:00,0,
2025.04.08 09:09:59,scan_skipped_same_execution_bar,USDJPY,2025.04.08 08:45:00,0,
2025.04.08 09:19:59,scan_executed_new_execution_bar,USDJPY,2025.04.08 09:00:00,15,
2025.04.08 09:24:59,scan_skipped_same_execution_bar,USDJPY,2025.04.08 09:00:00,0,
2025.04.08 09:34:59,scan_executed_new_execution_bar,USDJPY,2025.04.08 09:15:00,0,
2025.04.08 09:39:59,scan_skipped_same_execution_bar,USDJPY,2025.04.08 09:15:00,0,
2025.04.08 09:49:59,scan_executed_new_execution_bar,USDJPY,2025.04.08 09:30:00,0,
2025.04.08 09:54:59,scan_skipped_same_execution_bar,USDJPY,2025.04.08 09:30:00,0,
2025.04.08 10:04:59,scan_executed_new_execution_bar,USDJPY,2025.04.08 09:45:00,47,
2025.04.08 10:09:59,scan_skipped_same_execution_bar,USDJPY,2025.04.08 09:45:00,0,
2025.04.08 10:19:59,scan_executed_new_execution_bar,USDJPY,2025.04.08 10:00:00,16,
2025.04.08 10:24:59,scan_skipped_same_execution_bar,USDJPY,2025.04.08 10:00:00,0,
2025.04.08 10:34:59,scan_executed_new_execution_bar,USDJPY,2025.04.08 10:15:00,15,
2025.04.08 10:39:59,scan_skipped_same_execution_bar,USDJPY,2025.04.08 10:15:00,0,
2025.04.08 10:49:59,scan_executed_new_execution_bar,USDJPY,2025.04.08 10:30:00,0,
2025.04.08 10:54:59,scan_skipped_same_execution_bar,USDJPY,2025.04.08 10:30:00,0,
2025.04.08 11:04:59,scan_executed_new_execution_bar,USDJPY,2025.04.08 10:45:00,0,
2025.04.08 11:09:59,scan_skipped_same_execution_bar,USDJPY,2025.04.08 10:45:00,0,
2025.04.08 11:19:59,scan_executed_new_execution_bar,USDJPY,2025.04.08 11:00:00,0,
2025.04.08 11:24:59,scan_skipped_same_execution_bar,USDJPY,2025.04.08 11:00:00,0,
2025.04.08 11:34:59,scan_executed_new_execution_bar,USDJPY,2025.04.08 11:15:00,0,
2025.04.08 11:39:59,scan_skipped_same_execution_bar,USDJPY,2025.04.08 11:15:00,0,
2025.04.08 11:49:59,scan_executed_new_execution_bar,USDJPY,2025.04.08 11:30:00,0,
2025.04.08 11:54:59,scan_skipped_same_execution_bar,USDJPY,2025.04.08 11:30:00,0,
2025.04.08 12:04:59,scan_executed_new_execution_bar,USDJPY,2025.04.08 11:45:00,16,
2025.04.08 12:09:59,scan_skipped_same_execution_bar,USDJPY,2025.04.08 11:45:00,0,
2025.04.08 12:19:59,scan_executed_new_execution_bar,USDJPY,2025.04.08 12:00:00,0,
2025.04.08 12:24:59,scan_skipped_same_execution_bar,USDJPY,2025.04.08 12:00:00,0,
2025.04.08 12:34:59,scan_executed_new_execution_bar,USDJPY,2025.04.08 12:15:00,0,
2025.04.08 12:39:59,scan_skipped_same_execution_bar,USDJPY,2025.04.08 12:15:00,0,
2025.04.08 12:49:59,scan_executed_new_execution_bar,USDJPY,2025.04.08 12:30:00,31,
2025.04.08 12:54:59,scan_skipped_same_execution_bar,USDJPY,2025.04.08 12:30:00,0,
2025.04.08 13:04:59,scan_executed_new_execution_bar,USDJPY,2025.04.08 12:45:00,0,
2025.04.08 13:09:59,scan_skipped_same_execution_bar,USDJPY,2025.04.08 12:45:00,0,
2025.04.08 13:19:59,scan_executed_new_execution_bar,USDJPY,2025.04.08 13:00:00,0,
2025.04.08 13:24:59,scan_skipped_same_execution_bar,USDJPY,2025.04.08 13:00:00,0,
2025.04.08 13:34:59,scan_executed_new_execution_bar,USDJPY,2025.04.08 13:15:00,0,
2025.04.08 13:39:59,scan_skipped_same_execution_bar,USDJPY,2025.04.08 13:15:00,0,
2025.04.08 13:49:59,scan_executed_new_execution_bar,USDJPY,2025.04.08 13:30:00,16,
2025.04.08 13:54:59,scan_skipped_same_execution_bar,USDJPY,2025.04.08 13:30:00,0,
2025.04.08 14:04:59,scan_executed_new_execution_bar,USDJPY,2025.04.08 13:45:00,0,
2025.04.08 14:09:59,scan_skipped_same_execution_bar,USDJPY,2025.04.08 13:45:00,0,
2025.04.08 14:19:59,scan_executed_new_execution_bar,USDJPY,2025.04.08 14:00:00,31,
2025.04.08 14:24:59,scan_skipped_same_execution_bar,USDJPY,2025.04.08 14:00:00,0,
2025.04.08 14:34:59,scan_executed_new_execution_bar,USDJPY,2025.04.08 14:15:00,16,
2025.04.08 14:39:59,scan_skipped_same_execution_bar,USDJPY,2025.04.08 14:15:00,0,
2025.04.08 14:49:59,scan_executed_new_execution_bar,USDJPY,2025.04.08 14:30:00,0,
2025.04.08 14:54:59,scan_skipped_same_execution_bar,USDJPY,2025.04.08 14:30:00,0,
2025.04.08 15:04:59,scan_executed_new_execution_bar,USDJPY,2025.04.08 14:45:00,0,
2025.04.08 15:09:59,scan_skipped_same_execution_bar,USDJPY,2025.04.08 14:45:00,0,
2025.04.08 15:19:59,scan_executed_new_execution_bar,USDJPY,2025.04.08 15:00:00,0,
2025.04.08 15:24:59,scan_skipped_same_execution_bar,USDJPY,2025.04.08 15:00:00,0,
2025.04.08 15:35:00,scan_executed_new_execution_bar,USDJPY,2025.04.08 15:15:00,46,
2025.04.08 15:39:59,scan_skipped_same_execution_bar,USDJPY,2025.04.08 15:15:00,0,
2025.04.08 15:50:00,scan_executed_new_execution_bar,USDJPY,2025.04.08 15:30:00,32,
2025.04.08 15:54:59,scan_skipped_same_execution_bar,USDJPY,2025.04.08 15:30:00,0,
2025.04.08 16:04:59,scan_executed_new_execution_bar,USDJPY,2025.04.08 15:45:00,0,
2025.04.08 16:09:59,scan_skipped_same_execution_bar,USDJPY,2025.04.08 15:45:00,0,
2025.04.08 16:19:59,scan_executed_new_execution_bar,USDJPY,2025.04.08 16:00:00,31,
2025.04.08 16:24:59,scan_skipped_same_execution_bar,USDJPY,2025.04.08 16:00:00,0,
2025.04.08 16:34:59,scan_executed_new_execution_bar,USDJPY,2025.04.08 16:15:00,15,
2025.04.08 16:39:59,scan_skipped_same_execution_bar,USDJPY,2025.04.08 16:15:00,0,
2025.04.08 16:49:59,scan_executed_new_execution_bar,USDJPY,2025.04.08 16:30:00,31,
2025.04.08 16:54:59,scan_skipped_same_execution_bar,USDJPY,2025.04.08 16:30:00,0,
2025.04.08 17:04:59,scan_executed_new_execution_bar,USDJPY,2025.04.08 16:45:00,0,
2025.04.08 17:09:59,scan_skipped_same_execution_bar,USDJPY,2025.04.08 16:45:00,0,
2025.04.08 17:19:59,scan_executed_new_execution_bar,USDJPY,2025.04.08 17:00:00,0,
2025.04.08 17:24:59,scan_skipped_same_execution_bar,USDJPY,2025.04.08 17:00:00,0,
2025.04.08 17:34:59,scan_executed_new_execution_bar,USDJPY,2025.04.08 17:15:00,47,
2025.04.08 17:39:59,scan_skipped_same_execution_bar,USDJPY,2025.04.08 17:15:00,0,
2025.04.08 17:49:59,scan_executed_new_execution_bar,USDJPY,2025.04.08 17:30:00,0,
2025.04.08 17:54:59,scan_skipped_same_execution_bar,USDJPY,2025.04.08 17:30:00,0,
2025.04.08 18:04:59,scan_executed_new_execution_bar,USDJPY,2025.04.08 17:45:00,31,
2025.04.08 18:09:59,scan_skipped_same_execution_bar,USDJPY,2025.04.08 17:45:00,0,
2025.04.08 18:19:59,scan_executed_new_execution_bar,USDJPY,2025.04.08 18:00:00,15,
2025.04.08 18:24:59,scan_skipped_same_execution_bar,USDJPY,2025.04.08 18:00:00,0,
2025.04.08 18:34:59,scan_executed_new_execution_bar,USDJPY,2025.04.08 18:15:00,16,
2025.04.08 18:39:59,scan_skipped_same_execution_bar,USDJPY,2025.04.08 18:15:00,0,
2025.04.08 18:49:59,scan_executed_new_execution_bar,USDJPY,2025.04.08 18:30:00,0,
2025.04.08 18:55:00,scan_skipped_same_execution_bar,USDJPY,2025.04.08 18:30:00,0,
2025.04.08 19:04:59,scan_executed_new_execution_bar,USDJPY,2025.04.08 18:45:00,0,
2025.04.08 19:09:59,scan_skipped_same_execution_bar,USDJPY,2025.04.08 18:45:00,0,
2025.04.08 19:19:59,scan_executed_new_execution_bar,USDJPY,2025.04.08 19:00:00,0,
2025.04.08 19:24:59,scan_skipped_same_execution_bar,USDJPY,2025.04.08 19:00:00,0,
2025.04.08 19:34:59,scan_executed_new_execution_bar,USDJPY,2025.04.08 19:15:00,16,
2025.04.08 19:39:59,scan_skipped_same_execution_bar,USDJPY,2025.04.08 19:15:00,0,
2025.04.08 19:49:59,scan_executed_new_execution_bar,USDJPY,2025.04.08 19:30:00,0,
2025.04.08 19:54:59,scan_skipped_same_execution_bar,USDJPY,2025.04.08 19:30:00,0,
2025.04.08 20:04:59,scan_executed_new_execution_bar,USDJPY,2025.04.08 19:45:00,0,
2025.04.08 20:09:59,scan_skipped_same_execution_bar,USDJPY,2025.04.08 19:45:00,0,
2025.04.08 20:19:59,scan_executed_new_execution_bar,USDJPY,2025.04.08 20:00:00,0,
2025.04.08 20:24:59,scan_skipped_same_execution_bar,USDJPY,2025.04.08 20:00:00,0,
2025.04.08 20:34:59,scan_executed_new_execution_bar,USDJPY,2025.04.08 20:15:00,0,
2025.04.08 20:39:59,scan_skipped_same_execution_bar,USDJPY,2025.04.08 20:15:00,0,
2025.04.08 20:49:59,scan_executed_new_execution_bar,USDJPY,2025.04.08 20:30:00,31,
2025.04.08 20:55:00,scan_skipped_same_execution_bar,USDJPY,2025.04.08 20:30:00,0,
2025.04.08 21:04:59,scan_executed_new_execution_bar,USDJPY,2025.04.08 20:45:00,0,
2025.04.08 21:09:59,scan_skipped_same_execution_bar,USDJPY,2025.04.08 20:45:00,0,
2025.04.08 21:19:59,scan_executed_new_execution_bar,USDJPY,2025.04.08 21:00:00,0,
2025.04.08 21:24:59,scan_skipped_same_execution_bar,USDJPY,2025.04.08 21:00:00,0,
2025.04.08 21:35:00,scan_executed_new_execution_bar,USDJPY,2025.04.08 21:15:00,0,
2025.04.08 21:39:59,scan_skipped_same_execution_bar,USDJPY,2025.04.08 21:15:00,0,
2025.04.08 21:49:59,scan_executed_new_execution_bar,USDJPY,2025.04.08 21:30:00,0,
2025.04.08 21:54:59,scan_skipped_same_execution_bar,USDJPY,2025.04.08 21:30:00,0,
2025.04.08 22:04:59,scan_executed_new_execution_bar,USDJPY,2025.04.08 21:45:00,0,
2025.04.08 22:09:59,scan_skipped_same_execution_bar,USDJPY,2025.04.08 21:45:00,0,
2025.04.08 22:19:59,scan_executed_new_execution_bar,USDJPY,2025.04.08 22:00:00,0,
2025.04.08 22:24:59,scan_skipped_same_execution_bar,USDJPY,2025.04.08 22:00:00,0,
2025.04.08 22:34:59,scan_executed_new_execution_bar,USDJPY,2025.04.08 22:15:00,0,
2025.04.08 22:39:59,scan_skipped_same_execution_bar,USDJPY,2025.04.08 22:15:00,0,
2025.04.08 22:49:59,scan_executed_new_execution_bar,USDJPY,2025.04.08 22:30:00,32,
2025.04.08 22:54:59,scan_skipped_same_execution_bar,USDJPY,2025.04.08 22:30:00,0,
2025.04.08 23:04:59,scan_executed_new_execution_bar,USDJPY,2025.04.08 22:45:00,78,
2025.04.08 23:09:59,scan_skipped_same_execution_bar,USDJPY,2025.04.08 22:45:00,0,
2025.04.08 23:19:59,scan_executed_new_execution_bar,USDJPY,2025.04.08 23:00:00,0,
2025.04.08 23:24:59,scan_skipped_same_execution_bar,USDJPY,2025.04.08 23:00:00,0,
2025.04.08 23:34:59,scan_executed_new_execution_bar,USDJPY,2025.04.08 23:15:00,15,
2025.04.08 23:39:59,scan_skipped_same_execution_bar,USDJPY,2025.04.08 23:15:00,0,
2025.04.08 23:49:59,scan_executed_new_execution_bar,USDJPY,2025.04.08 23:30:00,0,
2025.04.08 23:54:59,scan_skipped_same_execution_bar,USDJPY,2025.04.08 23:30:00,0,
2025.04.09 00:04:57,scan_executed_new_execution_bar,USDJPY,2025.04.08 23:45:00,0,
2025.04.09 00:09:56,scan_skipped_same_execution_bar,USDJPY,2025.04.08 23:45:00,0,
2025.04.09 00:19:59,scan_executed_new_execution_bar,USDJPY,2025.04.09 00:00:00,0,
2025.04.09 00:24:35,scan_skipped_same_execution_bar,USDJPY,2025.04.09 00:00:00,0,
2025.04.09 00:34:59,scan_executed_new_execution_bar,USDJPY,2025.04.09 00:15:00,0,
2025.04.09 00:39:59,scan_skipped_same_execution_bar,USDJPY,2025.04.09 00:15:00,0,
2025.04.09 00:49:59,scan_executed_new_execution_bar,USDJPY,2025.04.09 00:30:00,0,
2025.04.09 00:54:57,scan_skipped_same_execution_bar,USDJPY,2025.04.09 00:30:00,0,
2025.04.09 01:04:59,scan_executed_new_execution_bar,USDJPY,2025.04.09 00:45:00,0,
2025.04.09 01:09:59,scan_skipped_same_execution_bar,USDJPY,2025.04.09 00:45:00,0,
2025.04.09 01:19:59,scan_executed_new_execution_bar,USDJPY,2025.04.09 01:00:00,0,
2025.04.09 01:24:59,scan_skipped_same_execution_bar,USDJPY,2025.04.09 01:00:00,0,
2025.04.09 01:34:59,scan_executed_new_execution_bar,USDJPY,2025.04.09 01:15:00,62,
2025.04.09 01:39:59,scan_skipped_same_execution_bar,USDJPY,2025.04.09 01:15:00,0,
2025.04.09 01:49:59,scan_executed_new_execution_bar,USDJPY,2025.04.09 01:30:00,0,
2025.04.09 01:54:59,scan_skipped_same_execution_bar,USDJPY,2025.04.09 01:30:00,0,
2025.04.09 02:04:59,scan_executed_new_execution_bar,USDJPY,2025.04.09 01:45:00,0,
2025.04.09 02:09:59,scan_skipped_same_execution_bar,USDJPY,2025.04.09 01:45:00,0,
2025.04.09 02:19:59,scan_executed_new_execution_bar,USDJPY,2025.04.09 02:00:00,0,
2025.04.09 02:24:59,scan_skipped_same_execution_bar,USDJPY,2025.04.09 02:00:00,0,
2025.04.09 02:34:59,scan_executed_new_execution_bar,USDJPY,2025.04.09 02:15:00,0,
2025.04.09 02:39:59,scan_skipped_same_execution_bar,USDJPY,2025.04.09 02:15:00,0,
2025.04.09 02:49:59,scan_executed_new_execution_bar,USDJPY,2025.04.09 02:30:00,0,
2025.04.09 02:54:59,scan_skipped_same_execution_bar,USDJPY,2025.04.09 02:30:00,0,
2025.04.09 03:04:59,scan_executed_new_execution_bar,USDJPY,2025.04.09 02:45:00,79,
2025.04.09 03:09:59,scan_skipped_same_execution_bar,USDJPY,2025.04.09 02:45:00,0,
2025.04.09 03:19:59,scan_executed_new_execution_bar,USDJPY,2025.04.09 03:00:00,0,
2025.04.09 03:24:59,scan_skipped_same_execution_bar,USDJPY,2025.04.09 03:00:00,0,
2025.04.09 03:34:59,scan_executed_new_execution_bar,USDJPY,2025.04.09 03:15:00,16,
2025.04.09 03:39:59,scan_skipped_same_execution_bar,USDJPY,2025.04.09 03:15:00,0,
2025.04.09 03:49:59,scan_executed_new_execution_bar,USDJPY,2025.04.09 03:30:00,15,
2025.04.09 03:54:59,scan_skipped_same_execution_bar,USDJPY,2025.04.09 03:30:00,0,
2025.04.09 04:04:59,scan_executed_new_execution_bar,USDJPY,2025.04.09 03:45:00,47,
2025.04.09 04:09:59,scan_skipped_same_execution_bar,USDJPY,2025.04.09 03:45:00,0,
2025.04.09 04:19:59,scan_executed_new_execution_bar,USDJPY,2025.04.09 04:00:00,0,
2025.04.09 04:24:59,scan_skipped_same_execution_bar,USDJPY,2025.04.09 04:00:00,0,
2025.04.09 04:34:59,scan_executed_new_execution_bar,USDJPY,2025.04.09 04:15:00,31,
2025.04.09 04:39:59,scan_skipped_same_execution_bar,USDJPY,2025.04.09 04:15:00,0,
2025.04.09 04:49:59,scan_executed_new_execution_bar,USDJPY,2025.04.09 04:30:00,16,
2025.04.09 04:54:59,scan_skipped_same_execution_bar,USDJPY,2025.04.09 04:30:00,0,
2025.04.09 05:04:59,scan_executed_new_execution_bar,USDJPY,2025.04.09 04:45:00,31,
2025.04.09 05:09:59,scan_skipped_same_execution_bar,USDJPY,2025.04.09 04:45:00,0,
2025.04.09 05:19:59,scan_executed_new_execution_bar,USDJPY,2025.04.09 05:00:00,0,
2025.04.09 05:24:59,scan_skipped_same_execution_bar,USDJPY,2025.04.09 05:00:00,0,
2025.04.09 05:30:00,scan_executed_new_execution_bar,USDJPY,2025.04.09 05:15:00,0,
2025.04.09 05:34:59,scan_skipped_same_execution_bar,USDJPY,2025.04.09 05:15:00,0,
2025.04.09 05:49:59,scan_executed_new_execution_bar,USDJPY,2025.04.09 05:30:00,62,
2025.04.09 05:54:59,scan_skipped_same_execution_bar,USDJPY,2025.04.09 05:30:00,0,
2025.04.09 06:04:59,scan_executed_new_execution_bar,USDJPY,2025.04.09 05:45:00,16,
2025.04.09 06:09:59,scan_skipped_same_execution_bar,USDJPY,2025.04.09 05:45:00,0,
2025.04.09 06:19:59,scan_executed_new_execution_bar,USDJPY,2025.04.09 06:00:00,0,
2025.04.09 06:24:59,scan_skipped_same_execution_bar,USDJPY,2025.04.09 06:00:00,0,
2025.04.09 06:34:59,scan_executed_new_execution_bar,USDJPY,2025.04.09 06:15:00,15,
2025.04.09 06:39:59,scan_skipped_same_execution_bar,USDJPY,2025.04.09 06:15:00,0,
2025.04.09 06:49:59,scan_executed_new_execution_bar,USDJPY,2025.04.09 06:30:00,47,
2025.04.09 06:54:59,scan_skipped_same_execution_bar,USDJPY,2025.04.09 06:30:00,0,
2025.04.09 07:04:59,scan_executed_new_execution_bar,USDJPY,2025.04.09 06:45:00,0,
2025.04.09 07:09:59,scan_skipped_same_execution_bar,USDJPY,2025.04.09 06:45:00,0,
2025.04.09 07:19:59,scan_executed_new_execution_bar,USDJPY,2025.04.09 07:00:00,0,
2025.04.09 07:24:59,scan_skipped_same_execution_bar,USDJPY,2025.04.09 07:00:00,0,
2025.04.09 07:34:59,scan_executed_new_execution_bar,USDJPY,2025.04.09 07:15:00,0,
2025.04.09 07:39:59,scan_skipped_same_execution_bar,USDJPY,2025.04.09 07:15:00,0,
2025.04.09 07:49:59,scan_executed_new_execution_bar,USDJPY,2025.04.09 07:30:00,47,
2025.04.09 07:54:59,scan_skipped_same_execution_bar,USDJPY,2025.04.09 07:30:00,0,
2025.04.09 08:04:59,scan_executed_new_execution_bar,USDJPY,2025.04.09 07:45:00,0,
2025.04.09 08:09:59,scan_skipped_same_execution_bar,USDJPY,2025.04.09 07:45:00,0,
2025.04.09 08:19:59,scan_executed_new_execution_bar,USDJPY,2025.04.09 08:00:00,63,
2025.04.09 08:24:59,scan_skipped_same_execution_bar,USDJPY,2025.04.09 08:00:00,0,
2025.04.09 08:34:59,scan_executed_new_execution_bar,USDJPY,2025.04.09 08:15:00,15,
2025.04.09 08:39:59,scan_skipped_same_execution_bar,USDJPY,2025.04.09 08:15:00,0,
2025.04.09 08:49:59,scan_executed_new_execution_bar,USDJPY,2025.04.09 08:30:00,0,
2025.04.09 08:54:59,scan_skipped_same_execution_bar,USDJPY,2025.04.09 08:30:00,0,
2025.04.09 09:04:59,scan_executed_new_execution_bar,USDJPY,2025.04.09 08:45:00,0,
2025.04.09 09:09:59,scan_skipped_same_execution_bar,USDJPY,2025.04.09 08:45:00,0,
2025.04.09 09:19:59,scan_executed_new_execution_bar,USDJPY,2025.04.09 09:00:00,47,
2025.04.09 09:24:59,scan_skipped_same_execution_bar,USDJPY,2025.04.09 09:00:00,0,
2025.04.09 09:30:00,scan_executed_new_execution_bar,USDJPY,2025.04.09 09:15:00,15,
2025.04.09 09:34:59,scan_skipped_same_execution_bar,USDJPY,2025.04.09 09:15:00,0,
2025.04.09 09:49:59,scan_executed_new_execution_bar,USDJPY,2025.04.09 09:30:00,16,
2025.04.09 09:54:59,scan_skipped_same_execution_bar,USDJPY,2025.04.09 09:30:00,0,
2025.04.09 10:04:59,scan_executed_new_execution_bar,USDJPY,2025.04.09 09:45:00,0,
2025.04.09 10:09:59,scan_skipped_same_execution_bar,USDJPY,2025.04.09 09:45:00,0,
2025.04.09 10:19:59,scan_executed_new_execution_bar,USDJPY,2025.04.09 10:00:00,63,
2025.04.09 10:24:59,scan_skipped_same_execution_bar,USDJPY,2025.04.09 10:00:00,0,
2025.04.09 10:34:59,scan_executed_new_execution_bar,USDJPY,2025.04.09 10:15:00,32,
2025.04.09 10:39:59,scan_skipped_same_execution_bar,USDJPY,2025.04.09 10:15:00,0,
2025.04.09 10:49:59,scan_executed_new_execution_bar,USDJPY,2025.04.09 10:30:00,31,
2025.04.09 10:54:59,scan_skipped_same_execution_bar,USDJPY,2025.04.09 10:30:00,0,
2025.04.09 11:04:59,scan_executed_new_execution_bar,USDJPY,2025.04.09 10:45:00,16,
2025.04.09 11:09:59,scan_skipped_same_execution_bar,USDJPY,2025.04.09 10:45:00,0,
2025.04.09 11:19:59,scan_executed_new_execution_bar,USDJPY,2025.04.09 11:00:00,32,
2025.04.09 11:24:59,scan_skipped_same_execution_bar,USDJPY,2025.04.09 11:00:00,0,
2025.04.09 11:34:59,scan_executed_new_execution_bar,USDJPY,2025.04.09 11:15:00,0,
2025.04.09 11:39:59,scan_skipped_same_execution_bar,USDJPY,2025.04.09 11:15:00,0,
2025.04.09 11:49:59,scan_executed_new_execution_bar,USDJPY,2025.04.09 11:30:00,15,
2025.04.09 11:54:59,scan_skipped_same_execution_bar,USDJPY,2025.04.09 11:30:00,0,
2025.04.09 12:04:59,scan_executed_new_execution_bar,USDJPY,2025.04.09 11:45:00,16,
2025.04.09 12:09:59,scan_skipped_same_execution_bar,USDJPY,2025.04.09 11:45:00,0,
2025.04.09 12:19:59,scan_executed_new_execution_bar,USDJPY,2025.04.09 12:00:00,15,
2025.04.09 12:24:59,scan_skipped_same_execution_bar,USDJPY,2025.04.09 12:00:00,0,
2025.04.09 12:34:59,scan_executed_new_execution_bar,USDJPY,2025.04.09 12:15:00,47,
2025.04.09 12:39:59,scan_skipped_same_execution_bar,USDJPY,2025.04.09 12:15:00,0,
2025.04.09 12:49:59,scan_executed_new_execution_bar,USDJPY,2025.04.09 12:30:00,16,
2025.04.09 12:55:00,scan_skipped_same_execution_bar,USDJPY,2025.04.09 12:30:00,0,
2025.04.09 13:04:59,scan_executed_new_execution_bar,USDJPY,2025.04.09 12:45:00,31,
2025.04.09 13:09:59,scan_skipped_same_execution_bar,USDJPY,2025.04.09 12:45:00,0,
2025.04.09 13:19:59,scan_executed_new_execution_bar,USDJPY,2025.04.09 13:00:00,0,
2025.04.09 13:24:59,scan_skipped_same_execution_bar,USDJPY,2025.04.09 13:00:00,0,
2025.04.09 13:34:59,scan_executed_new_execution_bar,USDJPY,2025.04.09 13:15:00,0,
2025.04.09 13:39:59,scan_skipped_same_execution_bar,USDJPY,2025.04.09 13:15:00,0,
2025.04.09 13:49:59,scan_executed_new_execution_bar,USDJPY,2025.04.09 13:30:00,15,
2025.04.09 13:54:59,scan_skipped_same_execution_bar,USDJPY,2025.04.09 13:30:00,0,
2025.04.09 14:04:59,scan_executed_new_execution_bar,USDJPY,2025.04.09 13:45:00,0,
2025.04.09 14:09:59,scan_skipped_same_execution_bar,USDJPY,2025.04.09 13:45:00,0,
2025.04.09 14:19:59,scan_executed_new_execution_bar,USDJPY,2025.04.09 14:00:00,31,
2025.04.09 14:24:59,scan_skipped_same_execution_bar,USDJPY,2025.04.09 14:00:00,0,
2025.04.09 14:34:59,scan_executed_new_execution_bar,USDJPY,2025.04.09 14:15:00,0,
2025.04.09 14:39:59,scan_skipped_same_execution_bar,USDJPY,2025.04.09 14:15:00,0,
2025.04.09 14:49:59,scan_executed_new_execution_bar,USDJPY,2025.04.09 14:30:00,0,
2025.04.09 14:54:59,scan_skipped_same_execution_bar,USDJPY,2025.04.09 14:30:00,0,
2025.04.09 15:04:59,scan_executed_new_execution_bar,USDJPY,2025.04.09 14:45:00,0,
2025.04.09 15:09:59,scan_skipped_same_execution_bar,USDJPY,2025.04.09 14:45:00,0,
2025.04.09 15:19:59,scan_executed_new_execution_bar,USDJPY,2025.04.09 15:00:00,0,
2025.04.09 15:24:59,scan_skipped_same_execution_bar,USDJPY,2025.04.09 15:00:00,0,
2025.04.09 15:34:59,scan_executed_new_execution_bar,USDJPY,2025.04.09 15:15:00,47,
2025.04.09 15:39:59,scan_skipped_same_execution_bar,USDJPY,2025.04.09 15:15:00,0,
2025.04.09 15:49:59,scan_executed_new_execution_bar,USDJPY,2025.04.09 15:30:00,0,
2025.04.09 15:54:59,scan_skipped_same_execution_bar,USDJPY,2025.04.09 15:30:00,0,
2025.04.09 16:04:59,scan_executed_new_execution_bar,USDJPY,2025.04.09 15:45:00,0,
2025.04.09 16:09:59,scan_skipped_same_execution_bar,USDJPY,2025.04.09 15:45:00,0,
2025.04.09 16:19:59,scan_executed_new_execution_bar,USDJPY,2025.04.09 16:00:00,31,
2025.04.09 16:24:59,scan_skipped_same_execution_bar,USDJPY,2025.04.09 16:00:00,0,
2025.04.09 16:34:59,scan_executed_new_execution_bar,USDJPY,2025.04.09 16:15:00,31,
2025.04.09 16:39:59,scan_skipped_same_execution_bar,USDJPY,2025.04.09 16:15:00,0,
2025.04.09 16:49:59,scan_executed_new_execution_bar,USDJPY,2025.04.09 16:30:00,47,
2025.04.09 16:54:59,scan_skipped_same_execution_bar,USDJPY,2025.04.09 16:30:00,0,
2025.04.09 17:04:59,scan_executed_new_execution_bar,USDJPY,2025.04.09 16:45:00,0,
2025.04.09 17:09:59,scan_skipped_same_execution_bar,USDJPY,2025.04.09 16:45:00,0,
2025.04.09 17:19:59,scan_executed_new_execution_bar,USDJPY,2025.04.09 17:00:00,16,
2025.04.09 17:24:59,scan_skipped_same_execution_bar,USDJPY,2025.04.09 17:00:00,0,
2025.04.09 17:34:59,scan_executed_new_execution_bar,USDJPY,2025.04.09 17:15:00,31,
2025.04.09 17:39:59,scan_skipped_same_execution_bar,USDJPY,2025.04.09 17:15:00,0,
2025.04.09 17:49:59,scan_executed_new_execution_bar,USDJPY,2025.04.09 17:30:00,0,
2025.04.09 17:54:59,scan_skipped_same_execution_bar,USDJPY,2025.04.09 17:30:00,0,
2025.04.09 18:04:59,scan_executed_new_execution_bar,USDJPY,2025.04.09 17:45:00,0,
2025.04.09 18:09:59,scan_skipped_same_execution_bar,USDJPY,2025.04.09 17:45:00,0,
2025.04.09 18:19:59,scan_executed_new_execution_bar,USDJPY,2025.04.09 18:00:00,0,
2025.04.09 18:24:59,scan_skipped_same_execution_bar,USDJPY,2025.04.09 18:00:00,0,
2025.04.09 18:34:59,scan_executed_new_execution_bar,USDJPY,2025.04.09 18:15:00,32,
2025.04.09 18:39:59,scan_skipped_same_execution_bar,USDJPY,2025.04.09 18:15:00,0,
2025.04.09 18:49:59,scan_executed_new_execution_bar,USDJPY,2025.04.09 18:30:00,47,
2025.04.09 18:54:59,scan_skipped_same_execution_bar,USDJPY,2025.04.09 18:30:00,0,
2025.04.09 19:04:59,scan_executed_new_execution_bar,USDJPY,2025.04.09 18:45:00,16,
2025.04.09 19:09:59,scan_skipped_same_execution_bar,USDJPY,2025.04.09 18:45:00,0,
2025.04.09 19:19:59,scan_executed_new_execution_bar,USDJPY,2025.04.09 19:00:00,0,
2025.04.09 19:24:59,scan_skipped_same_execution_bar,USDJPY,2025.04.09 19:00:00,0,
2025.04.09 19:34:59,scan_executed_new_execution_bar,USDJPY,2025.04.09 19:15:00,0,
2025.04.09 19:39:59,scan_skipped_same_execution_bar,USDJPY,2025.04.09 19:15:00,0,
2025.04.09 19:49:59,scan_executed_new_execution_bar,USDJPY,2025.04.09 19:30:00,0,
2025.04.09 19:54:59,scan_skipped_same_execution_bar,USDJPY,2025.04.09 19:30:00,0,
2025.04.09 20:04:59,scan_executed_new_execution_bar,USDJPY,2025.04.09 19:45:00,0,
2025.04.09 20:09:59,scan_skipped_same_execution_bar,USDJPY,2025.04.09 19:45:00,0,
2025.04.09 20:19:59,scan_executed_new_execution_bar,USDJPY,2025.04.09 20:00:00,0,
2025.04.09 20:24:59,scan_skipped_same_execution_bar,USDJPY,2025.04.09 20:00:00,0,
2025.04.09 20:34:59,scan_executed_new_execution_bar,USDJPY,2025.04.09 20:15:00,0,
2025.04.09 20:39:59,scan_skipped_same_execution_bar,USDJPY,2025.04.09 20:15:00,0,
2025.04.09 20:49:59,scan_executed_new_execution_bar,USDJPY,2025.04.09 20:30:00,0,
2025.04.09 20:54:59,scan_skipped_same_execution_bar,USDJPY,2025.04.09 20:30:00,0,
2025.04.09 21:04:59,scan_executed_new_execution_bar,USDJPY,2025.04.09 20:45:00,0,
2025.04.09 21:09:59,scan_skipped_same_execution_bar,USDJPY,2025.04.09 20:45:00,0,
2025.04.09 21:19:59,scan_executed_new_execution_bar,USDJPY,2025.04.09 21:00:00,0,
2025.04.09 21:24:59,scan_skipped_same_execution_bar,USDJPY,2025.04.09 21:00:00,0,
2025.04.09 21:34:59,scan_executed_new_execution_bar,USDJPY,2025.04.09 21:15:00,0,
2025.04.09 21:39:59,scan_skipped_same_execution_bar,USDJPY,2025.04.09 21:15:00,0,
2025.04.09 21:49:59,scan_executed_new_execution_bar,USDJPY,2025.04.09 21:30:00,93,
2025.04.09 21:54:59,scan_skipped_same_execution_bar,USDJPY,2025.04.09 21:30:00,0,
2025.04.09 22:04:59,scan_executed_new_execution_bar,USDJPY,2025.04.09 21:45:00,16,
2025.04.09 22:09:59,scan_skipped_same_execution_bar,USDJPY,2025.04.09 21:45:00,0,
2025.04.09 22:19:59,scan_executed_new_execution_bar,USDJPY,2025.04.09 22:00:00,0,
2025.04.09 22:24:59,scan_skipped_same_execution_bar,USDJPY,2025.04.09 22:00:00,0,
2025.04.09 22:34:59,scan_executed_new_execution_bar,USDJPY,2025.04.09 22:15:00,0,
2025.04.09 22:39:59,scan_skipped_same_execution_bar,USDJPY,2025.04.09 22:15:00,0,
2025.04.09 22:49:59,scan_executed_new_execution_bar,USDJPY,2025.04.09 22:30:00,15,
2025.04.09 22:54:59,scan_skipped_same_execution_bar,USDJPY,2025.04.09 22:30:00,0,
2025.04.09 23:05:00,scan_executed_new_execution_bar,USDJPY,2025.04.09 22:45:00,47,
2025.04.09 23:09:59,scan_skipped_same_execution_bar,USDJPY,2025.04.09 22:45:00,0,
2025.04.09 23:19:59,scan_executed_new_execution_bar,USDJPY,2025.04.09 23:00:00,47,
2025.04.09 23:24:59,scan_skipped_same_execution_bar,USDJPY,2025.04.09 23:00:00,0,
2025.04.09 23:34:59,scan_executed_new_execution_bar,USDJPY,2025.04.09 23:15:00,0,
2025.04.09 23:39:59,scan_skipped_same_execution_bar,USDJPY,2025.04.09 23:15:00,0,
2025.04.09 23:49:59,scan_executed_new_execution_bar,USDJPY,2025.04.09 23:30:00,47,
2025.04.09 23:54:59,scan_skipped_same_execution_bar,USDJPY,2025.04.09 23:30:00,0,
2025.04.10 00:24:57,scan_executed_new_execution_bar,USDJPY,2025.04.09 23:45:00,16,
2025.04.10 00:29:59,scan_skipped_same_execution_bar,USDJPY,2025.04.09 23:45:00,0,
2025.04.10 00:34:59,scan_executed_new_execution_bar,USDJPY,2025.04.10 00:15:00,0,
2025.04.10 00:39:59,scan_skipped_same_execution_bar,USDJPY,2025.04.10 00:15:00,0,
2025.04.10 00:50:00,scan_executed_new_execution_bar,USDJPY,2025.04.10 00:30:00,0,
2025.04.10 00:55:00,scan_skipped_same_execution_bar,USDJPY,2025.04.10 00:30:00,0,
2025.04.10 01:04:59,scan_executed_new_execution_bar,USDJPY,2025.04.10 00:45:00,0,
2025.04.10 01:09:59,scan_skipped_same_execution_bar,USDJPY,2025.04.10 00:45:00,0,
2025.04.10 01:19:59,scan_executed_new_execution_bar,USDJPY,2025.04.10 01:00:00,0,
2025.04.10 01:24:59,scan_skipped_same_execution_bar,USDJPY,2025.04.10 01:00:00,0,
2025.04.10 01:34:59,scan_executed_new_execution_bar,USDJPY,2025.04.10 01:15:00,0,
2025.04.10 01:39:59,scan_skipped_same_execution_bar,USDJPY,2025.04.10 01:15:00,0,
2025.04.10 01:49:59,scan_executed_new_execution_bar,USDJPY,2025.04.10 01:30:00,16,
2025.04.10 01:54:59,scan_skipped_same_execution_bar,USDJPY,2025.04.10 01:30:00,0,
2025.04.10 02:04:59,scan_executed_new_execution_bar,USDJPY,2025.04.10 01:45:00,0,
2025.04.10 02:09:59,scan_skipped_same_execution_bar,USDJPY,2025.04.10 01:45:00,0,
2025.04.10 02:19:59,scan_executed_new_execution_bar,USDJPY,2025.04.10 02:00:00,16,
2025.04.10 02:24:59,scan_skipped_same_execution_bar,USDJPY,2025.04.10 02:00:00,0,
2025.04.10 02:34:59,scan_executed_new_execution_bar,USDJPY,2025.04.10 02:15:00,0,
2025.04.10 02:39:59,scan_skipped_same_execution_bar,USDJPY,2025.04.10 02:15:00,0,
2025.04.10 02:49:59,scan_executed_new_execution_bar,USDJPY,2025.04.10 02:30:00,0,
2025.04.10 02:54:59,scan_skipped_same_execution_bar,USDJPY,2025.04.10 02:30:00,0,
2025.04.10 03:04:59,scan_executed_new_execution_bar,USDJPY,2025.04.10 02:45:00,0,
2025.04.10 03:09:59,scan_skipped_same_execution_bar,USDJPY,2025.04.10 02:45:00,0,
2025.04.10 03:19:59,scan_executed_new_execution_bar,USDJPY,2025.04.10 03:00:00,0,
2025.04.10 03:24:59,scan_skipped_same_execution_bar,USDJPY,2025.04.10 03:00:00,0,
2025.04.10 03:34:59,scan_executed_new_execution_bar,USDJPY,2025.04.10 03:15:00,0,
2025.04.10 03:39:59,scan_skipped_same_execution_bar,USDJPY,2025.04.10 03:15:00,0,
2025.04.10 03:49:59,scan_executed_new_execution_bar,USDJPY,2025.04.10 03:30:00,0,
2025.04.10 03:54:59,scan_skipped_same_execution_bar,USDJPY,2025.04.10 03:30:00,0,
2025.04.10 04:04:59,scan_executed_new_execution_bar,USDJPY,2025.04.10 03:45:00,0,
2025.04.10 04:09:59,scan_skipped_same_execution_bar,USDJPY,2025.04.10 03:45:00,0,
2025.04.10 04:19:59,scan_executed_new_execution_bar,USDJPY,2025.04.10 04:00:00,16,
2025.04.10 04:24:59,scan_skipped_same_execution_bar,USDJPY,2025.04.10 04:00:00,0,
2025.04.10 04:34:59,scan_executed_new_execution_bar,USDJPY,2025.04.10 04:15:00,0,
2025.04.10 04:40:00,scan_skipped_same_execution_bar,USDJPY,2025.04.10 04:15:00,0,
2025.04.10 04:49:59,scan_executed_new_execution_bar,USDJPY,2025.04.10 04:30:00,15,
2025.04.10 04:54:59,scan_skipped_same_execution_bar,USDJPY,2025.04.10 04:30:00,0,
2025.04.10 05:04:59,scan_executed_new_execution_bar,USDJPY,2025.04.10 04:45:00,16,
2025.04.10 05:09:59,scan_skipped_same_execution_bar,USDJPY,2025.04.10 04:45:00,0,
2025.04.10 05:19:59,scan_executed_new_execution_bar,USDJPY,2025.04.10 05:00:00,0,
2025.04.10 05:24:59,scan_skipped_same_execution_bar,USDJPY,2025.04.10 05:00:00,0,
2025.04.10 05:34:59,scan_executed_new_execution_bar,USDJPY,2025.04.10 05:15:00,0,
2025.04.10 05:39:59,scan_skipped_same_execution_bar,USDJPY,2025.04.10 05:15:00,0,
2025.04.10 05:49:59,scan_executed_new_execution_bar,USDJPY,2025.04.10 05:30:00,0,
2025.04.10 05:55:00,scan_skipped_same_execution_bar,USDJPY,2025.04.10 05:30:00,0,
2025.04.10 06:04:59,scan_executed_new_execution_bar,USDJPY,2025.04.10 05:45:00,15,
2025.04.10 06:09:59,scan_skipped_same_execution_bar,USDJPY,2025.04.10 05:45:00,0,
2025.04.10 06:19:59,scan_executed_new_execution_bar,USDJPY,2025.04.10 06:00:00,0,
2025.04.10 06:24:59,scan_skipped_same_execution_bar,USDJPY,2025.04.10 06:00:00,0,
2025.04.10 06:34:59,scan_executed_new_execution_bar,USDJPY,2025.04.10 06:15:00,0,
2025.04.10 06:39:59,scan_skipped_same_execution_bar,USDJPY,2025.04.10 06:15:00,0,
2025.04.10 06:49:59,scan_executed_new_execution_bar,USDJPY,2025.04.10 06:30:00,0,
2025.04.10 06:54:59,scan_skipped_same_execution_bar,USDJPY,2025.04.10 06:30:00,0,
2025.04.10 07:04:59,scan_executed_new_execution_bar,USDJPY,2025.04.10 06:45:00,15,
2025.04.10 07:09:59,scan_skipped_same_execution_bar,USDJPY,2025.04.10 06:45:00,0,
2025.04.10 07:19:59,scan_executed_new_execution_bar,USDJPY,2025.04.10 07:00:00,0,
2025.04.10 07:24:59,scan_skipped_same_execution_bar,USDJPY,2025.04.10 07:00:00,0,
2025.04.10 07:34:59,scan_executed_new_execution_bar,USDJPY,2025.04.10 07:15:00,15,
2025.04.10 07:39:59,scan_skipped_same_execution_bar,USDJPY,2025.04.10 07:15:00,0,
2025.04.10 07:49:59,scan_executed_new_execution_bar,USDJPY,2025.04.10 07:30:00,32,
2025.04.10 07:54:59,scan_skipped_same_execution_bar,USDJPY,2025.04.10 07:30:00,0,
2025.04.10 08:04:59,scan_executed_new_execution_bar,USDJPY,2025.04.10 07:45:00,0,
2025.04.10 08:09:59,scan_skipped_same_execution_bar,USDJPY,2025.04.10 07:45:00,0,
2025.04.10 08:19:59,scan_executed_new_execution_bar,USDJPY,2025.04.10 08:00:00,16,
2025.04.10 08:24:59,scan_skipped_same_execution_bar,USDJPY,2025.04.10 08:00:00,0,
2025.04.10 08:34:59,scan_executed_new_execution_bar,USDJPY,2025.04.10 08:15:00,15,
2025.04.10 08:39:59,scan_skipped_same_execution_bar,USDJPY,2025.04.10 08:15:00,0,
2025.04.10 08:49:59,scan_executed_new_execution_bar,USDJPY,2025.04.10 08:30:00,32,
2025.04.10 08:54:59,scan_skipped_same_execution_bar,USDJPY,2025.04.10 08:30:00,0,
2025.04.10 09:04:59,scan_executed_new_execution_bar,USDJPY,2025.04.10 08:45:00,0,
2025.04.10 09:09:59,scan_skipped_same_execution_bar,USDJPY,2025.04.10 08:45:00,0,
2025.04.10 09:19:59,scan_executed_new_execution_bar,USDJPY,2025.04.10 09:00:00,0,
2025.04.10 09:24:59,scan_skipped_same_execution_bar,USDJPY,2025.04.10 09:00:00,0,
2025.04.10 09:34:59,scan_executed_new_execution_bar,USDJPY,2025.04.10 09:15:00,0,
2025.04.10 09:39:59,scan_skipped_same_execution_bar,USDJPY,2025.04.10 09:15:00,0,
2025.04.10 09:49:59,scan_executed_new_execution_bar,USDJPY,2025.04.10 09:30:00,0,
2025.04.10 09:54:59,scan_skipped_same_execution_bar,USDJPY,2025.04.10 09:30:00,0,
2025.04.10 10:04:59,scan_executed_new_execution_bar,USDJPY,2025.04.10 09:45:00,0,
2025.04.10 10:09:59,scan_skipped_same_execution_bar,USDJPY,2025.04.10 09:45:00,0,
2025.04.10 10:19:59,scan_executed_new_execution_bar,USDJPY,2025.04.10 10:00:00,16,
2025.04.10 10:24:59,scan_skipped_same_execution_bar,USDJPY,2025.04.10 10:00:00,0,
2025.04.10 10:34:59,scan_executed_new_execution_bar,USDJPY,2025.04.10 10:15:00,0,
2025.04.10 10:39:59,scan_skipped_same_execution_bar,USDJPY,2025.04.10 10:15:00,0,
2025.04.10 10:49:59,scan_executed_new_execution_bar,USDJPY,2025.04.10 10:30:00,0,
2025.04.10 10:54:59,scan_skipped_same_execution_bar,USDJPY,2025.04.10 10:30:00,0,
2025.04.10 11:04:59,scan_executed_new_execution_bar,USDJPY,2025.04.10 10:45:00,16,
2025.04.10 11:09:59,scan_skipped_same_execution_bar,USDJPY,2025.04.10 10:45:00,0,
2025.04.10 11:19:59,scan_executed_new_execution_bar,USDJPY,2025.04.10 11:00:00,0,
2025.04.10 11:24:59,scan_skipped_same_execution_bar,USDJPY,2025.04.10 11:00:00,0,
2025.04.10 11:34:59,scan_executed_new_execution_bar,USDJPY,2025.04.10 11:15:00,0,
2025.04.10 11:39:59,scan_skipped_same_execution_bar,USDJPY,2025.04.10 11:15:00,0,
2025.04.10 11:49:59,scan_executed_new_execution_bar,USDJPY,2025.04.10 11:30:00,31,
2025.04.10 11:54:59,scan_skipped_same_execution_bar,USDJPY,2025.04.10 11:30:00,0,
2025.04.10 12:04:59,scan_executed_new_execution_bar,USDJPY,2025.04.10 11:45:00,0,
2025.04.10 12:09:59,scan_skipped_same_execution_bar,USDJPY,2025.04.10 11:45:00,0,
2025.04.10 12:19:59,scan_executed_new_execution_bar,USDJPY,2025.04.10 12:00:00,0,
2025.04.10 12:24:59,scan_skipped_same_execution_bar,USDJPY,2025.04.10 12:00:00,0,
2025.04.10 12:34:59,scan_executed_new_execution_bar,USDJPY,2025.04.10 12:15:00,16,
2025.04.10 12:39:59,scan_skipped_same_execution_bar,USDJPY,2025.04.10 12:15:00,0,
2025.04.10 12:49:59,scan_executed_new_execution_bar,USDJPY,2025.04.10 12:30:00,0,
2025.04.10 12:54:59,scan_skipped_same_execution_bar,USDJPY,2025.04.10 12:30:00,0,
2025.04.10 13:04:59,scan_executed_new_execution_bar,USDJPY,2025.04.10 12:45:00,0,
2025.04.10 13:09:59,scan_skipped_same_execution_bar,USDJPY,2025.04.10 12:45:00,0,
2025.04.10 13:19:59,scan_executed_new_execution_bar,USDJPY,2025.04.10 13:00:00,16,
2025.04.10 13:24:59,scan_skipped_same_execution_bar,USDJPY,2025.04.10 13:00:00,0,
2025.04.10 13:34:59,scan_executed_new_execution_bar,USDJPY,2025.04.10 13:15:00,31,
2025.04.10 13:39:59,scan_skipped_same_execution_bar,USDJPY,2025.04.10 13:15:00,0,
2025.04.10 13:49:59,scan_executed_new_execution_bar,USDJPY,2025.04.10 13:30:00,15,
2025.04.10 13:54:59,scan_skipped_same_execution_bar,USDJPY,2025.04.10 13:30:00,0,
2025.04.10 14:04:59,scan_executed_new_execution_bar,USDJPY,2025.04.10 13:45:00,0,
2025.04.10 14:09:59,scan_skipped_same_execution_bar,USDJPY,2025.04.10 13:45:00,0,
2025.04.10 14:19:59,scan_executed_new_execution_bar,USDJPY,2025.04.10 14:00:00,31,
2025.04.10 14:24:59,scan_skipped_same_execution_bar,USDJPY,2025.04.10 14:00:00,0,
2025.04.10 14:34:59,scan_executed_new_execution_bar,USDJPY,2025.04.10 14:15:00,0,
2025.04.10 14:39:59,scan_skipped_same_execution_bar,USDJPY,2025.04.10 14:15:00,0,
2025.04.10 14:49:59,scan_executed_new_execution_bar,USDJPY,2025.04.10 14:30:00,31,
2025.04.10 14:54:59,scan_skipped_same_execution_bar,USDJPY,2025.04.10 14:30:00,0,
2025.04.10 15:04:59,scan_executed_new_execution_bar,USDJPY,2025.04.10 14:45:00,31,
2025.04.10 15:09:59,scan_skipped_same_execution_bar,USDJPY,2025.04.10 14:45:00,0,
2025.04.10 15:19:59,scan_executed_new_execution_bar,USDJPY,2025.04.10 15:00:00,15,
2025.04.10 15:24:59,scan_skipped_same_execution_bar,USDJPY,2025.04.10 15:00:00,0,
2025.04.10 15:34:59,scan_executed_new_execution_bar,USDJPY,2025.04.10 15:15:00,0,
2025.04.10 15:39:59,scan_skipped_same_execution_bar,USDJPY,2025.04.10 15:15:00,0,
2025.04.10 15:49:59,scan_executed_new_execution_bar,USDJPY,2025.04.10 15:30:00,0,
2025.04.10 15:54:59,scan_skipped_same_execution_bar,USDJPY,2025.04.10 15:30:00,0,
2025.04.10 16:04:59,scan_executed_new_execution_bar,USDJPY,2025.04.10 15:45:00,78,
2025.04.10 16:09:59,scan_skipped_same_execution_bar,USDJPY,2025.04.10 15:45:00,0,
2025.04.10 16:19:59,scan_executed_new_execution_bar,USDJPY,2025.04.10 16:00:00,0,
2025.04.10 16:24:59,scan_skipped_same_execution_bar,USDJPY,2025.04.10 16:00:00,0,
2025.04.10 16:34:59,scan_executed_new_execution_bar,USDJPY,2025.04.10 16:15:00,0,
2025.04.10 16:39:59,scan_skipped_same_execution_bar,USDJPY,2025.04.10 16:15:00,0,
2025.04.10 16:49:59,scan_executed_new_execution_bar,USDJPY,2025.04.10 16:30:00,0,
2025.04.10 16:54:59,scan_skipped_same_execution_bar,USDJPY,2025.04.10 16:30:00,0,
2025.04.10 17:04:59,scan_executed_new_execution_bar,USDJPY,2025.04.10 16:45:00,0,
2025.04.10 17:09:59,scan_skipped_same_execution_bar,USDJPY,2025.04.10 16:45:00,0,
2025.04.10 17:19:59,scan_executed_new_execution_bar,USDJPY,2025.04.10 17:00:00,0,
2025.04.10 17:24:59,scan_skipped_same_execution_bar,USDJPY,2025.04.10 17:00:00,0,
2025.04.10 17:34:59,scan_executed_new_execution_bar,USDJPY,2025.04.10 17:15:00,32,
2025.04.10 17:39:59,scan_skipped_same_execution_bar,USDJPY,2025.04.10 17:15:00,0,
2025.04.10 17:49:59,scan_executed_new_execution_bar,USDJPY,2025.04.10 17:30:00,15,
2025.04.10 17:54:59,scan_skipped_same_execution_bar,USDJPY,2025.04.10 17:30:00,0,
2025.04.10 18:04:59,scan_executed_new_execution_bar,USDJPY,2025.04.10 17:45:00,15,
2025.04.10 18:09:59,scan_skipped_same_execution_bar,USDJPY,2025.04.10 17:45:00,0,
2025.04.10 18:19:59,scan_executed_new_execution_bar,USDJPY,2025.04.10 18:00:00,47,
2025.04.10 18:24:59,scan_skipped_same_execution_bar,USDJPY,2025.04.10 18:00:00,0,
2025.04.10 18:34:59,scan_executed_new_execution_bar,USDJPY,2025.04.10 18:15:00,0,
2025.04.10 18:39:59,scan_skipped_same_execution_bar,USDJPY,2025.04.10 18:15:00,0,
2025.04.10 18:49:59,scan_executed_new_execution_bar,USDJPY,2025.04.10 18:30:00,0,
2025.04.10 18:54:59,scan_skipped_same_execution_bar,USDJPY,2025.04.10 18:30:00,0,
2025.04.10 19:04:59,scan_executed_new_execution_bar,USDJPY,2025.04.10 18:45:00,47,
2025.04.10 19:09:59,scan_skipped_same_execution_bar,USDJPY,2025.04.10 18:45:00,0,
2025.04.10 19:19:59,scan_executed_new_execution_bar,USDJPY,2025.04.10 19:00:00,32,
2025.04.10 19:24:59,scan_skipped_same_execution_bar,USDJPY,2025.04.10 19:00:00,0,
2025.04.10 19:34:59,scan_executed_new_execution_bar,USDJPY,2025.04.10 19:15:00,0,
2025.04.10 19:39:59,scan_skipped_same_execution_bar,USDJPY,2025.04.10 19:15:00,0,
2025.04.10 19:49:59,scan_executed_new_execution_bar,USDJPY,2025.04.10 19:30:00,31,
2025.04.10 19:54:59,scan_skipped_same_execution_bar,USDJPY,2025.04.10 19:30:00,0,
2025.04.10 20:04:59,scan_executed_new_execution_bar,USDJPY,2025.04.10 19:45:00,0,
2025.04.10 20:09:59,scan_skipped_same_execution_bar,USDJPY,2025.04.10 19:45:00,0,
2025.04.10 20:19:59,scan_executed_new_execution_bar,USDJPY,2025.04.10 20:00:00,15,
2025.04.10 20:24:59,scan_skipped_same_execution_bar,USDJPY,2025.04.10 20:00:00,0,
2025.04.10 20:34:59,scan_executed_new_execution_bar,USDJPY,2025.04.10 20:15:00,16,
2025.04.10 20:39:59,scan_skipped_same_execution_bar,USDJPY,2025.04.10 20:15:00,0,
2025.04.10 20:49:59,scan_executed_new_execution_bar,USDJPY,2025.04.10 20:30:00,15,
2025.04.10 20:54:59,scan_skipped_same_execution_bar,USDJPY,2025.04.10 20:30:00,0,
2025.04.10 21:04:59,scan_executed_new_execution_bar,USDJPY,2025.04.10 20:45:00,0,
2025.04.10 21:09:59,scan_skipped_same_execution_bar,USDJPY,2025.04.10 20:45:00,0,
2025.04.10 21:19:59,scan_executed_new_execution_bar,USDJPY,2025.04.10 21:00:00,0,
2025.04.10 21:24:59,scan_skipped_same_execution_bar,USDJPY,2025.04.10 21:00:00,0,
2025.04.10 21:34:59,scan_executed_new_execution_bar,USDJPY,2025.04.10 21:15:00,31,
2025.04.10 21:39:59,scan_skipped_same_execution_bar,USDJPY,2025.04.10 21:15:00,0,
2025.04.10 21:49:59,scan_executed_new_execution_bar,USDJPY,2025.04.10 21:30:00,0,
2025.04.10 21:54:59,scan_skipped_same_execution_bar,USDJPY,2025.04.10 21:30:00,0,
2025.04.10 22:04:59,scan_executed_new_execution_bar,USDJPY,2025.04.10 21:45:00,31,
2025.04.10 22:09:59,scan_skipped_same_execution_bar,USDJPY,2025.04.10 21:45:00,0,
2025.04.10 22:19:59,scan_executed_new_execution_bar,USDJPY,2025.04.10 22:00:00,0,
2025.04.10 22:24:59,scan_skipped_same_execution_bar,USDJPY,2025.04.10 22:00:00,0,
2025.04.10 22:34:59,scan_executed_new_execution_bar,USDJPY,2025.04.10 22:15:00,32,
2025.04.10 22:39:59,scan_skipped_same_execution_bar,USDJPY,2025.04.10 22:15:00,0,
2025.04.10 22:49:59,scan_executed_new_execution_bar,USDJPY,2025.04.10 22:30:00,15,
2025.04.10 22:54:59,scan_skipped_same_execution_bar,USDJPY,2025.04.10 22:30:00,0,
2025.04.10 23:04:59,scan_executed_new_execution_bar,USDJPY,2025.04.10 22:45:00,0,
2025.04.10 23:09:59,scan_skipped_same_execution_bar,USDJPY,2025.04.10 22:45:00,0,
2025.04.10 23:19:59,scan_executed_new_execution_bar,USDJPY,2025.04.10 23:00:00,31,
2025.04.10 23:24:59,scan_skipped_same_execution_bar,USDJPY,2025.04.10 23:00:00,0,
2025.04.10 23:34:59,scan_executed_new_execution_bar,USDJPY,2025.04.10 23:15:00,15,
2025.04.10 23:39:59,scan_skipped_same_execution_bar,USDJPY,2025.04.10 23:15:00,0,
2025.04.10 23:49:58,scan_executed_new_execution_bar,USDJPY,2025.04.10 23:30:00,0,
2025.04.10 23:54:59,scan_skipped_same_execution_bar,USDJPY,2025.04.10 23:30:00,0,
2025.04.11 00:04:57,scan_executed_new_execution_bar,USDJPY,2025.04.10 23:45:00,0,
2025.04.11 00:10:00,scan_skipped_same_execution_bar,USDJPY,2025.04.10 23:45:00,0,
2025.04.11 00:19:59,scan_executed_new_execution_bar,USDJPY,2025.04.11 00:00:00,0,
2025.04.11 00:24:58,scan_skipped_same_execution_bar,USDJPY,2025.04.11 00:00:00,0,
2025.04.11 00:34:59,scan_executed_new_execution_bar,USDJPY,2025.04.11 00:15:00,0,
2025.04.11 00:39:58,scan_skipped_same_execution_bar,USDJPY,2025.04.11 00:15:00,0,
2025.04.11 00:49:57,scan_executed_new_execution_bar,USDJPY,2025.04.11 00:30:00,0,
2025.04.11 00:54:59,scan_skipped_same_execution_bar,USDJPY,2025.04.11 00:30:00,0,
2025.04.11 01:04:59,scan_executed_new_execution_bar,USDJPY,2025.04.11 00:45:00,31,
2025.04.11 01:09:58,scan_skipped_same_execution_bar,USDJPY,2025.04.11 00:45:00,0,
2025.04.11 01:19:59,scan_executed_new_execution_bar,USDJPY,2025.04.11 01:00:00,0,
2025.04.11 01:24:59,scan_skipped_same_execution_bar,USDJPY,2025.04.11 01:00:00,0,
2025.04.11 01:34:59,scan_executed_new_execution_bar,USDJPY,2025.04.11 01:15:00,47,
2025.04.11 01:39:59,scan_skipped_same_execution_bar,USDJPY,2025.04.11 01:15:00,0,
2025.04.11 01:49:59,scan_executed_new_execution_bar,USDJPY,2025.04.11 01:30:00,0,
2025.04.11 01:54:59,scan_skipped_same_execution_bar,USDJPY,2025.04.11 01:30:00,0,
2025.04.11 02:04:59,scan_executed_new_execution_bar,USDJPY,2025.04.11 01:45:00,0,
2025.04.11 02:09:59,scan_skipped_same_execution_bar,USDJPY,2025.04.11 01:45:00,0,
2025.04.11 02:19:59,scan_executed_new_execution_bar,USDJPY,2025.04.11 02:00:00,16,
2025.04.11 02:24:59,scan_skipped_same_execution_bar,USDJPY,2025.04.11 02:00:00,0,
2025.04.11 02:34:59,scan_executed_new_execution_bar,USDJPY,2025.04.11 02:15:00,0,
2025.04.11 02:39:59,scan_skipped_same_execution_bar,USDJPY,2025.04.11 02:15:00,0,
2025.04.11 02:49:59,scan_executed_new_execution_bar,USDJPY,2025.04.11 02:30:00,32,
2025.04.11 02:54:59,scan_skipped_same_execution_bar,USDJPY,2025.04.11 02:30:00,0,
2025.04.11 03:04:59,scan_executed_new_execution_bar,USDJPY,2025.04.11 02:45:00,0,
2025.04.11 03:09:59,scan_skipped_same_execution_bar,USDJPY,2025.04.11 02:45:00,0,
2025.04.11 03:19:59,scan_executed_new_execution_bar,USDJPY,2025.04.11 03:00:00,0,
2025.04.11 03:24:59,scan_skipped_same_execution_bar,USDJPY,2025.04.11 03:00:00,0,
2025.04.11 03:34:59,scan_executed_new_execution_bar,USDJPY,2025.04.11 03:15:00,0,
2025.04.11 03:39:59,scan_skipped_same_execution_bar,USDJPY,2025.04.11 03:15:00,0,
2025.04.11 03:49:59,scan_executed_new_execution_bar,USDJPY,2025.04.11 03:30:00,62,
2025.04.11 03:54:59,scan_skipped_same_execution_bar,USDJPY,2025.04.11 03:30:00,0,
2025.04.11 04:04:59,scan_executed_new_execution_bar,USDJPY,2025.04.11 03:45:00,0,
2025.04.11 04:09:59,scan_skipped_same_execution_bar,USDJPY,2025.04.11 03:45:00,0,
2025.04.11 04:19:59,scan_executed_new_execution_bar,USDJPY,2025.04.11 04:00:00,15,
2025.04.11 04:24:59,scan_skipped_same_execution_bar,USDJPY,2025.04.11 04:00:00,0,
2025.04.11 04:34:59,scan_executed_new_execution_bar,USDJPY,2025.04.11 04:15:00,0,
2025.04.11 04:39:59,scan_skipped_same_execution_bar,USDJPY,2025.04.11 04:15:00,0,
2025.04.11 04:49:59,scan_executed_new_execution_bar,USDJPY,2025.04.11 04:30:00,16,
2025.04.11 04:54:59,scan_skipped_same_execution_bar,USDJPY,2025.04.11 04:30:00,0,
2025.04.11 05:04:59,scan_executed_new_execution_bar,USDJPY,2025.04.11 04:45:00,0,
2025.04.11 05:09:59,scan_skipped_same_execution_bar,USDJPY,2025.04.11 04:45:00,0,
2025.04.11 05:19:59,scan_executed_new_execution_bar,USDJPY,2025.04.11 05:00:00,0,
2025.04.11 05:24:59,scan_skipped_same_execution_bar,USDJPY,2025.04.11 05:00:00,0,
2025.04.11 05:34:59,scan_executed_new_execution_bar,USDJPY,2025.04.11 05:15:00,31,
2025.04.11 05:39:59,scan_skipped_same_execution_bar,USDJPY,2025.04.11 05:15:00,0,
2025.04.11 05:50:00,scan_executed_new_execution_bar,USDJPY,2025.04.11 05:30:00,0,
2025.04.11 05:54:59,scan_skipped_same_execution_bar,USDJPY,2025.04.11 05:30:00,0,
2025.04.11 06:04:59,scan_executed_new_execution_bar,USDJPY,2025.04.11 05:45:00,15,
2025.04.11 06:09:59,scan_skipped_same_execution_bar,USDJPY,2025.04.11 05:45:00,0,
2025.04.11 06:19:59,scan_executed_new_execution_bar,USDJPY,2025.04.11 06:00:00,0,
2025.04.11 06:24:59,scan_skipped_same_execution_bar,USDJPY,2025.04.11 06:00:00,0,
2025.04.11 06:34:59,scan_executed_new_execution_bar,USDJPY,2025.04.11 06:15:00,0,
2025.04.11 06:39:59,scan_skipped_same_execution_bar,USDJPY,2025.04.11 06:15:00,0,
2025.04.11 06:49:59,scan_executed_new_execution_bar,USDJPY,2025.04.11 06:30:00,0,
2025.04.11 06:54:59,scan_skipped_same_execution_bar,USDJPY,2025.04.11 06:30:00,0,
2025.04.11 07:04:59,scan_executed_new_execution_bar,USDJPY,2025.04.11 06:45:00,31,
2025.04.11 07:09:59,scan_skipped_same_execution_bar,USDJPY,2025.04.11 06:45:00,0,
2025.04.11 07:19:59,scan_executed_new_execution_bar,USDJPY,2025.04.11 07:00:00,15,
2025.04.11 07:24:59,scan_skipped_same_execution_bar,USDJPY,2025.04.11 07:00:00,0,
2025.04.11 07:35:00,scan_executed_new_execution_bar,USDJPY,2025.04.11 07:15:00,16,
2025.04.11 07:39:59,scan_skipped_same_execution_bar,USDJPY,2025.04.11 07:15:00,0,
2025.04.11 07:49:59,scan_executed_new_execution_bar,USDJPY,2025.04.11 07:30:00,0,
2025.04.11 07:54:59,scan_skipped_same_execution_bar,USDJPY,2025.04.11 07:30:00,0,
2025.04.11 08:04:59,scan_executed_new_execution_bar,USDJPY,2025.04.11 07:45:00,0,
2025.04.11 08:09:59,scan_skipped_same_execution_bar,USDJPY,2025.04.11 07:45:00,0,
2025.04.11 08:19:59,scan_executed_new_execution_bar,USDJPY,2025.04.11 08:00:00,47,
2025.04.11 08:24:59,scan_skipped_same_execution_bar,USDJPY,2025.04.11 08:00:00,0,
2025.04.11 08:35:00,scan_executed_new_execution_bar,USDJPY,2025.04.11 08:15:00,0,
2025.04.11 08:39:59,scan_skipped_same_execution_bar,USDJPY,2025.04.11 08:15:00,0,
2025.04.11 08:49:59,scan_executed_new_execution_bar,USDJPY,2025.04.11 08:30:00,15,
2025.04.11 08:54:59,scan_skipped_same_execution_bar,USDJPY,2025.04.11 08:30:00,0,
2025.04.11 09:04:59,scan_executed_new_execution_bar,USDJPY,2025.04.11 08:45:00,0,
2025.04.11 09:09:59,scan_skipped_same_execution_bar,USDJPY,2025.04.11 08:45:00,0,
2025.04.11 09:19:59,scan_executed_new_execution_bar,USDJPY,2025.04.11 09:00:00,15,
2025.04.11 09:24:59,scan_skipped_same_execution_bar,USDJPY,2025.04.11 09:00:00,0,
2025.04.11 09:34:59,scan_executed_new_execution_bar,USDJPY,2025.04.11 09:15:00,0,
2025.04.11 09:39:59,scan_skipped_same_execution_bar,USDJPY,2025.04.11 09:15:00,0,
2025.04.11 09:49:59,scan_executed_new_execution_bar,USDJPY,2025.04.11 09:30:00,0,
2025.04.11 09:54:59,scan_skipped_same_execution_bar,USDJPY,2025.04.11 09:30:00,0,
2025.04.11 10:04:59,scan_executed_new_execution_bar,USDJPY,2025.04.11 09:45:00,0,
2025.04.11 10:09:59,scan_skipped_same_execution_bar,USDJPY,2025.04.11 09:45:00,0,
2025.04.11 10:19:59,scan_executed_new_execution_bar,USDJPY,2025.04.11 10:00:00,32,
2025.04.11 10:24:59,scan_skipped_same_execution_bar,USDJPY,2025.04.11 10:00:00,0,
2025.04.11 10:34:59,scan_executed_new_execution_bar,USDJPY,2025.04.11 10:15:00,31,
2025.04.11 10:39:59,scan_skipped_same_execution_bar,USDJPY,2025.04.11 10:15:00,0,
2025.04.11 10:49:59,scan_executed_new_execution_bar,USDJPY,2025.04.11 10:30:00,16,
2025.04.11 10:54:59,scan_skipped_same_execution_bar,USDJPY,2025.04.11 10:30:00,0,
2025.04.11 11:04:59,scan_executed_new_execution_bar,USDJPY,2025.04.11 10:45:00,15,
2025.04.11 11:09:59,scan_skipped_same_execution_bar,USDJPY,2025.04.11 10:45:00,0,
2025.04.11 11:19:59,scan_executed_new_execution_bar,USDJPY,2025.04.11 11:00:00,0,
2025.04.11 11:24:59,scan_skipped_same_execution_bar,USDJPY,2025.04.11 11:00:00,0,
2025.04.11 11:34:59,scan_executed_new_execution_bar,USDJPY,2025.04.11 11:15:00,0,
2025.04.11 11:39:59,scan_skipped_same_execution_bar,USDJPY,2025.04.11 11:15:00,0,
2025.04.11 11:49:59,scan_executed_new_execution_bar,USDJPY,2025.04.11 11:30:00,0,
2025.04.11 11:54:59,scan_skipped_same_execution_bar,USDJPY,2025.04.11 11:30:00,0,
2025.04.11 12:04:59,scan_executed_new_execution_bar,USDJPY,2025.04.11 11:45:00,47,
2025.04.11 12:10:00,scan_skipped_same_execution_bar,USDJPY,2025.04.11 11:45:00,0,
2025.04.11 12:19:59,scan_executed_new_execution_bar,USDJPY,2025.04.11 12:00:00,47,
2025.04.11 12:24:59,scan_skipped_same_execution_bar,USDJPY,2025.04.11 12:00:00,0,
2025.04.11 12:34:59,scan_executed_new_execution_bar,USDJPY,2025.04.11 12:15:00,31,
2025.04.11 12:39:59,scan_skipped_same_execution_bar,USDJPY,2025.04.11 12:15:00,0,
2025.04.11 12:49:59,scan_executed_new_execution_bar,USDJPY,2025.04.11 12:30:00,0,
2025.04.11 12:54:59,scan_skipped_same_execution_bar,USDJPY,2025.04.11 12:30:00,0,
2025.04.11 13:04:59,scan_executed_new_execution_bar,USDJPY,2025.04.11 12:45:00,47,
2025.04.11 13:09:59,scan_skipped_same_execution_bar,USDJPY,2025.04.11 12:45:00,0,
2025.04.11 13:19:59,scan_executed_new_execution_bar,USDJPY,2025.04.11 13:00:00,31,
2025.04.11 13:24:59,scan_skipped_same_execution_bar,USDJPY,2025.04.11 13:00:00,0,
2025.04.11 13:34:59,scan_executed_new_execution_bar,USDJPY,2025.04.11 13:15:00,16,
2025.04.11 13:39:59,scan_skipped_same_execution_bar,USDJPY,2025.04.11 13:15:00,0,
2025.04.11 13:49:59,scan_executed_new_execution_bar,USDJPY,2025.04.11 13:30:00,31,
2025.04.11 13:54:59,scan_skipped_same_execution_bar,USDJPY,2025.04.11 13:30:00,0,
2025.04.11 14:04:59,scan_executed_new_execution_bar,USDJPY,2025.04.11 13:45:00,0,
2025.04.11 14:09:59,scan_skipped_same_execution_bar,USDJPY,2025.04.11 13:45:00,0,
2025.04.11 14:19:59,scan_executed_new_execution_bar,USDJPY,2025.04.11 14:00:00,0,
2025.04.11 14:24:59,scan_skipped_same_execution_bar,USDJPY,2025.04.11 14:00:00,0,
2025.04.11 14:34:59,scan_executed_new_execution_bar,USDJPY,2025.04.11 14:15:00,15,
2025.04.11 14:39:59,scan_skipped_same_execution_bar,USDJPY,2025.04.11 14:15:00,0,
2025.04.11 14:49:59,scan_executed_new_execution_bar,USDJPY,2025.04.11 14:30:00,32,
2025.04.11 14:54:59,scan_skipped_same_execution_bar,USDJPY,2025.04.11 14:30:00,0,
2025.04.11 15:04:59,scan_executed_new_execution_bar,USDJPY,2025.04.11 14:45:00,16,
2025.04.11 15:09:59,scan_skipped_same_execution_bar,USDJPY,2025.04.11 14:45:00,0,
2025.04.11 15:19:59,scan_executed_new_execution_bar,USDJPY,2025.04.11 15:00:00,15,
2025.04.11 15:24:59,scan_skipped_same_execution_bar,USDJPY,2025.04.11 15:00:00,0,
2025.04.11 15:34:59,scan_executed_new_execution_bar,USDJPY,2025.04.11 15:15:00,15,
2025.04.11 15:39:59,scan_skipped_same_execution_bar,USDJPY,2025.04.11 15:15:00,0,
2025.04.11 15:49:59,scan_executed_new_execution_bar,USDJPY,2025.04.11 15:30:00,31,
2025.04.11 15:54:59,scan_skipped_same_execution_bar,USDJPY,2025.04.11 15:30:00,0,
2025.04.11 16:04:59,scan_executed_new_execution_bar,USDJPY,2025.04.11 15:45:00,47,
2025.04.11 16:09:59,scan_skipped_same_execution_bar,USDJPY,2025.04.11 15:45:00,0,
2025.04.11 16:19:59,scan_executed_new_execution_bar,USDJPY,2025.04.11 16:00:00,31,
2025.04.11 16:24:59,scan_skipped_same_execution_bar,USDJPY,2025.04.11 16:00:00,0,
2025.04.11 16:34:59,scan_executed_new_execution_bar,USDJPY,2025.04.11 16:15:00,15,
2025.04.11 16:39:59,scan_skipped_same_execution_bar,USDJPY,2025.04.11 16:15:00,0,
2025.04.11 16:49:59,scan_executed_new_execution_bar,USDJPY,2025.04.11 16:30:00,0,
2025.04.11 16:54:59,scan_skipped_same_execution_bar,USDJPY,2025.04.11 16:30:00,0,
2025.04.11 17:04:59,scan_executed_new_execution_bar,USDJPY,2025.04.11 16:45:00,15,
2025.04.11 17:09:59,scan_skipped_same_execution_bar,USDJPY,2025.04.11 16:45:00,0,
2025.04.11 17:19:59,scan_executed_new_execution_bar,USDJPY,2025.04.11 17:00:00,63,
2025.04.11 17:24:59,scan_skipped_same_execution_bar,USDJPY,2025.04.11 17:00:00,0,
2025.04.11 17:34:59,scan_executed_new_execution_bar,USDJPY,2025.04.11 17:15:00,0,
2025.04.11 17:39:59,scan_skipped_same_execution_bar,USDJPY,2025.04.11 17:15:00,0,
2025.04.11 17:49:59,scan_executed_new_execution_bar,USDJPY,2025.04.11 17:30:00,0,
2025.04.11 17:54:59,scan_skipped_same_execution_bar,USDJPY,2025.04.11 17:30:00,0,
2025.04.11 18:05:00,scan_executed_new_execution_bar,USDJPY,2025.04.11 17:45:00,0,
2025.04.11 18:09:59,scan_skipped_same_execution_bar,USDJPY,2025.04.11 17:45:00,0,
2025.04.11 18:19:59,scan_executed_new_execution_bar,USDJPY,2025.04.11 18:00:00,0,
2025.04.11 18:24:59,scan_skipped_same_execution_bar,USDJPY,2025.04.11 18:00:00,0,
2025.04.11 18:34:59,scan_executed_new_execution_bar,USDJPY,2025.04.11 18:15:00,0,
2025.04.11 18:39:59,scan_skipped_same_execution_bar,USDJPY,2025.04.11 18:15:00,0,
2025.04.11 18:49:59,scan_executed_new_execution_bar,USDJPY,2025.04.11 18:30:00,47,
2025.04.11 18:54:59,scan_skipped_same_execution_bar,USDJPY,2025.04.11 18:30:00,0,
2025.04.11 19:04:59,scan_executed_new_execution_bar,USDJPY,2025.04.11 18:45:00,0,
2025.04.11 19:09:59,scan_skipped_same_execution_bar,USDJPY,2025.04.11 18:45:00,0,
2025.04.11 19:19:59,scan_executed_new_execution_bar,USDJPY,2025.04.11 19:00:00,0,
2025.04.11 19:24:59,scan_skipped_same_execution_bar,USDJPY,2025.04.11 19:00:00,0,
2025.04.11 19:34:59,scan_executed_new_execution_bar,USDJPY,2025.04.11 19:15:00,0,
2025.04.11 19:39:59,scan_skipped_same_execution_bar,USDJPY,2025.04.11 19:15:00,0,
2025.04.11 19:49:59,scan_executed_new_execution_bar,USDJPY,2025.04.11 19:30:00,16,
2025.04.11 19:54:59,scan_skipped_same_execution_bar,USDJPY,2025.04.11 19:30:00,0,
2025.04.11 20:04:59,scan_executed_new_execution_bar,USDJPY,2025.04.11 19:45:00,15,
2025.04.11 20:09:59,scan_skipped_same_execution_bar,USDJPY,2025.04.11 19:45:00,0,
2025.04.11 20:19:59,scan_executed_new_execution_bar,USDJPY,2025.04.11 20:00:00,16,
2025.04.11 20:24:59,scan_skipped_same_execution_bar,USDJPY,2025.04.11 20:00:00,0,
2025.04.11 20:34:59,scan_executed_new_execution_bar,USDJPY,2025.04.11 20:15:00,0,
2025.04.11 20:39:59,scan_skipped_same_execution_bar,USDJPY,2025.04.11 20:15:00,0,
2025.04.11 20:49:59,scan_executed_new_execution_bar,USDJPY,2025.04.11 20:30:00,0,
2025.04.11 20:54:59,scan_skipped_same_execution_bar,USDJPY,2025.04.11 20:30:00,0,
2025.04.11 21:04:59,scan_executed_new_execution_bar,USDJPY,2025.04.11 20:45:00,0,
2025.04.11 21:09:59,scan_skipped_same_execution_bar,USDJPY,2025.04.11 20:45:00,0,
2025.04.11 21:19:59,scan_executed_new_execution_bar,USDJPY,2025.04.11 21:00:00,47,
2025.04.11 21:24:59,scan_skipped_same_execution_bar,USDJPY,2025.04.11 21:00:00,0,
2025.04.11 21:34:59,scan_executed_new_execution_bar,USDJPY,2025.04.11 21:15:00,0,
2025.04.11 21:39:59,scan_skipped_same_execution_bar,USDJPY,2025.04.11 21:15:00,0,
2025.04.11 21:49:59,scan_executed_new_execution_bar,USDJPY,2025.04.11 21:30:00,46,
2025.04.11 21:54:59,scan_skipped_same_execution_bar,USDJPY,2025.04.11 21:30:00,0,
2025.04.11 22:04:59,scan_executed_new_execution_bar,USDJPY,2025.04.11 21:45:00,63,
2025.04.11 22:09:59,scan_skipped_same_execution_bar,USDJPY,2025.04.11 21:45:00,0,
2025.04.11 22:19:59,scan_executed_new_execution_bar,USDJPY,2025.04.11 22:00:00,0,
2025.04.11 22:24:59,scan_skipped_same_execution_bar,USDJPY,2025.04.11 22:00:00,0,
2025.04.11 22:34:59,scan_executed_new_execution_bar,USDJPY,2025.04.11 22:15:00,0,
2025.04.11 22:39:59,scan_skipped_same_execution_bar,USDJPY,2025.04.11 22:15:00,0,
2025.04.11 22:49:59,scan_executed_new_execution_bar,USDJPY,2025.04.11 22:30:00,0,
2025.04.11 22:54:59,scan_skipped_same_execution_bar,USDJPY,2025.04.11 22:30:00,0,
2025.04.11 23:04:59,scan_executed_new_execution_bar,USDJPY,2025.04.11 22:45:00,0,
2025.04.11 23:09:57,scan_skipped_same_execution_bar,USDJPY,2025.04.11 22:45:00,0,
2025.04.11 23:19:59,scan_executed_new_execution_bar,USDJPY,2025.04.11 23:00:00,0,
2025.04.11 23:24:59,scan_skipped_same_execution_bar,USDJPY,2025.04.11 23:00:00,0,
2025.04.11 23:34:59,scan_executed_new_execution_bar,USDJPY,2025.04.11 23:15:00,0,
2025.04.11 23:39:59,scan_skipped_same_execution_bar,USDJPY,2025.04.11 23:15:00,0,
2025.04.11 23:49:59,scan_executed_new_execution_bar,USDJPY,2025.04.11 23:30:00,0,
2025.04.11 23:54:59,scan_skipped_same_execution_bar,USDJPY,2025.04.11 23:30:00,0,
2025.04.14 00:04:59,scan_executed_new_execution_bar,USDJPY,2025.04.11 23:45:00,0,
2025.04.14 00:09:59,scan_skipped_same_execution_bar,USDJPY,2025.04.11 23:45:00,0,
2025.04.14 00:19:59,scan_executed_new_execution_bar,USDJPY,2025.04.14 00:00:00,0,
2025.04.14 00:24:59,scan_skipped_same_execution_bar,USDJPY,2025.04.14 00:00:00,0,
2025.04.14 00:34:59,scan_executed_new_execution_bar,USDJPY,2025.04.14 00:15:00,0,
2025.04.14 00:39:59,scan_skipped_same_execution_bar,USDJPY,2025.04.14 00:15:00,0,
2025.04.14 00:49:59,scan_executed_new_execution_bar,USDJPY,2025.04.14 00:30:00,0,
2025.04.14 00:54:57,scan_skipped_same_execution_bar,USDJPY,2025.04.14 00:30:00,0,
2025.04.14 01:04:59,scan_executed_new_execution_bar,USDJPY,2025.04.14 00:45:00,16,
2025.04.14 01:09:59,scan_skipped_same_execution_bar,USDJPY,2025.04.14 00:45:00,0,
2025.04.14 01:19:59,scan_executed_new_execution_bar,USDJPY,2025.04.14 01:00:00,0,
2025.04.14 01:24:59,scan_skipped_same_execution_bar,USDJPY,2025.04.14 01:00:00,0,
2025.04.14 01:34:59,scan_executed_new_execution_bar,USDJPY,2025.04.14 01:15:00,31,
2025.04.14 01:39:59,scan_skipped_same_execution_bar,USDJPY,2025.04.14 01:15:00,0,
2025.04.14 01:45:00,scan_executed_new_execution_bar,USDJPY,2025.04.14 01:30:00,0,
2025.04.14 01:49:59,scan_skipped_same_execution_bar,USDJPY,2025.04.14 01:30:00,0,
2025.04.14 02:04:59,scan_executed_new_execution_bar,USDJPY,2025.04.14 01:45:00,16,
2025.04.14 02:09:59,scan_skipped_same_execution_bar,USDJPY,2025.04.14 01:45:00,0,
2025.04.14 02:19:59,scan_executed_new_execution_bar,USDJPY,2025.04.14 02:00:00,15,
2025.04.14 02:24:59,scan_skipped_same_execution_bar,USDJPY,2025.04.14 02:00:00,0,
2025.04.14 02:34:59,scan_executed_new_execution_bar,USDJPY,2025.04.14 02:15:00,16,
2025.04.14 02:39:59,scan_skipped_same_execution_bar,USDJPY,2025.04.14 02:15:00,0,
2025.04.14 02:50:00,scan_executed_new_execution_bar,USDJPY,2025.04.14 02:30:00,0,
2025.04.14 02:54:59,scan_skipped_same_execution_bar,USDJPY,2025.04.14 02:30:00,0,
2025.04.14 03:04:59,scan_executed_new_execution_bar,USDJPY,2025.04.14 02:45:00,31,
2025.04.14 03:09:59,scan_skipped_same_execution_bar,USDJPY,2025.04.14 02:45:00,0,
2025.04.14 03:19:59,scan_executed_new_execution_bar,USDJPY,2025.04.14 03:00:00,16,
2025.04.14 03:24:59,scan_skipped_same_execution_bar,USDJPY,2025.04.14 03:00:00,0,
2025.04.14 03:34:59,scan_executed_new_execution_bar,USDJPY,2025.04.14 03:15:00,47,
2025.04.14 03:39:59,scan_skipped_same_execution_bar,USDJPY,2025.04.14 03:15:00,0,
2025.04.14 03:49:59,scan_executed_new_execution_bar,USDJPY,2025.04.14 03:30:00,16,
2025.04.14 03:54:59,scan_skipped_same_execution_bar,USDJPY,2025.04.14 03:30:00,0,
2025.04.14 04:04:59,scan_executed_new_execution_bar,USDJPY,2025.04.14 03:45:00,0,
2025.04.14 04:09:59,scan_skipped_same_execution_bar,USDJPY,2025.04.14 03:45:00,0,
2025.04.14 04:19:59,scan_executed_new_execution_bar,USDJPY,2025.04.14 04:00:00,0,
2025.04.14 04:24:59,scan_skipped_same_execution_bar,USDJPY,2025.04.14 04:00:00,0,
2025.04.14 04:34:59,scan_executed_new_execution_bar,USDJPY,2025.04.14 04:15:00,0,
2025.04.14 04:39:59,scan_skipped_same_execution_bar,USDJPY,2025.04.14 04:15:00,0,
2025.04.14 04:49:59,scan_executed_new_execution_bar,USDJPY,2025.04.14 04:30:00,62,
2025.04.14 04:54:59,scan_skipped_same_execution_bar,USDJPY,2025.04.14 04:30:00,0,
2025.04.14 05:04:59,scan_executed_new_execution_bar,USDJPY,2025.04.14 04:45:00,0,
2025.04.14 05:09:59,scan_skipped_same_execution_bar,USDJPY,2025.04.14 04:45:00,0,
2025.04.14 05:19:58,scan_executed_new_execution_bar,USDJPY,2025.04.14 05:00:00,0,
2025.04.14 05:24:59,scan_skipped_same_execution_bar,USDJPY,2025.04.14 05:00:00,0,
2025.04.14 05:34:59,scan_executed_new_execution_bar,USDJPY,2025.04.14 05:15:00,16,
2025.04.14 05:39:59,scan_skipped_same_execution_bar,USDJPY,2025.04.14 05:15:00,0,
2025.04.14 05:49:59,scan_executed_new_execution_bar,USDJPY,2025.04.14 05:30:00,16,
2025.04.14 05:54:59,scan_skipped_same_execution_bar,USDJPY,2025.04.14 05:30:00,0,
2025.04.14 06:04:59,scan_executed_new_execution_bar,USDJPY,2025.04.14 05:45:00,15,
2025.04.14 06:09:59,scan_skipped_same_execution_bar,USDJPY,2025.04.14 05:45:00,0,
2025.04.14 06:19:59,scan_executed_new_execution_bar,USDJPY,2025.04.14 06:00:00,0,
2025.04.14 06:24:59,scan_skipped_same_execution_bar,USDJPY,2025.04.14 06:00:00,0,
2025.04.14 06:34:59,scan_executed_new_execution_bar,USDJPY,2025.04.14 06:15:00,0,
2025.04.14 06:39:59,scan_skipped_same_execution_bar,USDJPY,2025.04.14 06:15:00,0,
2025.04.14 06:49:59,scan_executed_new_execution_bar,USDJPY,2025.04.14 06:30:00,0,
2025.04.14 06:54:59,scan_skipped_same_execution_bar,USDJPY,2025.04.14 06:30:00,0,
2025.04.14 07:04:59,scan_executed_new_execution_bar,USDJPY,2025.04.14 06:45:00,0,
2025.04.14 07:09:59,scan_skipped_same_execution_bar,USDJPY,2025.04.14 06:45:00,0,
2025.04.14 07:19:59,scan_executed_new_execution_bar,USDJPY,2025.04.14 07:00:00,0,
2025.04.14 07:24:59,scan_skipped_same_execution_bar,USDJPY,2025.04.14 07:00:00,0,
2025.04.14 07:34:58,scan_executed_new_execution_bar,USDJPY,2025.04.14 07:15:00,0,
2025.04.14 07:39:59,scan_skipped_same_execution_bar,USDJPY,2025.04.14 07:15:00,0,
2025.04.14 07:49:59,scan_executed_new_execution_bar,USDJPY,2025.04.14 07:30:00,16,
2025.04.14 07:54:59,scan_skipped_same_execution_bar,USDJPY,2025.04.14 07:30:00,0,
2025.04.14 08:04:59,scan_executed_new_execution_bar,USDJPY,2025.04.14 07:45:00,15,
2025.04.14 08:09:59,scan_skipped_same_execution_bar,USDJPY,2025.04.14 07:45:00,0,
2025.04.14 08:19:59,scan_executed_new_execution_bar,USDJPY,2025.04.14 08:00:00,0,
2025.04.14 08:24:59,scan_skipped_same_execution_bar,USDJPY,2025.04.14 08:00:00,0,
2025.04.14 08:34:59,scan_executed_new_execution_bar,USDJPY,2025.04.14 08:15:00,0,
2025.04.14 08:39:59,scan_skipped_same_execution_bar,USDJPY,2025.04.14 08:15:00,0,
2025.04.14 08:49:59,scan_executed_new_execution_bar,USDJPY,2025.04.14 08:30:00,0,
2025.04.14 08:54:59,scan_skipped_same_execution_bar,USDJPY,2025.04.14 08:30:00,0,
2025.04.14 09:04:59,scan_executed_new_execution_bar,USDJPY,2025.04.14 08:45:00,0,
2025.04.14 09:09:59,scan_skipped_same_execution_bar,USDJPY,2025.04.14 08:45:00,0,
2025.04.14 09:19:59,scan_executed_new_execution_bar,USDJPY,2025.04.14 09:00:00,0,
2025.04.14 09:24:59,scan_skipped_same_execution_bar,USDJPY,2025.04.14 09:00:00,0,
2025.04.14 09:34:59,scan_executed_new_execution_bar,USDJPY,2025.04.14 09:15:00,0,
2025.04.14 09:39:59,scan_skipped_same_execution_bar,USDJPY,2025.04.14 09:15:00,0,
2025.04.14 09:49:59,scan_executed_new_execution_bar,USDJPY,2025.04.14 09:30:00,0,
2025.04.14 09:54:59,scan_skipped_same_execution_bar,USDJPY,2025.04.14 09:30:00,0,
2025.04.14 10:04:59,scan_executed_new_execution_bar,USDJPY,2025.04.14 09:45:00,0,
2025.04.14 10:09:59,scan_skipped_same_execution_bar,USDJPY,2025.04.14 09:45:00,0,
2025.04.14 10:19:59,scan_executed_new_execution_bar,USDJPY,2025.04.14 10:00:00,32,
2025.04.14 10:24:59,scan_skipped_same_execution_bar,USDJPY,2025.04.14 10:00:00,0,
2025.04.14 10:34:59,scan_executed_new_execution_bar,USDJPY,2025.04.14 10:15:00,46,
2025.04.14 10:39:59,scan_skipped_same_execution_bar,USDJPY,2025.04.14 10:15:00,0,
2025.04.14 10:49:59,scan_executed_new_execution_bar,USDJPY,2025.04.14 10:30:00,16,
2025.04.14 10:54:59,scan_skipped_same_execution_bar,USDJPY,2025.04.14 10:30:00,0,
2025.04.14 11:04:59,scan_executed_new_execution_bar,USDJPY,2025.04.14 10:45:00,0,
2025.04.14 11:09:59,scan_skipped_same_execution_bar,USDJPY,2025.04.14 10:45:00,0,
2025.04.14 11:19:59,scan_executed_new_execution_bar,USDJPY,2025.04.14 11:00:00,0,
2025.04.14 11:24:59,scan_skipped_same_execution_bar,USDJPY,2025.04.14 11:00:00,0,
2025.04.14 11:34:59,scan_executed_new_execution_bar,USDJPY,2025.04.14 11:15:00,16,
2025.04.14 11:39:59,scan_skipped_same_execution_bar,USDJPY,2025.04.14 11:15:00,0,
2025.04.14 11:49:59,scan_executed_new_execution_bar,USDJPY,2025.04.14 11:30:00,93,
2025.04.14 11:54:59,scan_skipped_same_execution_bar,USDJPY,2025.04.14 11:30:00,0,
2025.04.14 12:04:59,scan_executed_new_execution_bar,USDJPY,2025.04.14 11:45:00,0,
2025.04.14 12:09:59,scan_skipped_same_execution_bar,USDJPY,2025.04.14 11:45:00,0,
2025.04.14 12:19:59,scan_executed_new_execution_bar,USDJPY,2025.04.14 12:00:00,0,
2025.04.14 12:24:59,scan_skipped_same_execution_bar,USDJPY,2025.04.14 12:00:00,0,
2025.04.14 12:34:59,scan_executed_new_execution_bar,USDJPY,2025.04.14 12:15:00,31,
2025.04.14 12:39:59,scan_skipped_same_execution_bar,USDJPY,2025.04.14 12:15:00,0,
2025.04.14 12:49:59,scan_executed_new_execution_bar,USDJPY,2025.04.14 12:30:00,63,
2025.04.14 12:54:59,scan_skipped_same_execution_bar,USDJPY,2025.04.14 12:30:00,0,
2025.04.14 13:04:59,scan_executed_new_execution_bar,USDJPY,2025.04.14 12:45:00,0,
2025.04.14 13:09:59,scan_skipped_same_execution_bar,USDJPY,2025.04.14 12:45:00,0,
2025.04.14 13:19:59,scan_executed_new_execution_bar,USDJPY,2025.04.14 13:00:00,31,
2025.04.14 13:24:59,scan_skipped_same_execution_bar,USDJPY,2025.04.14 13:00:00,0,
2025.04.14 13:34:59,scan_executed_new_execution_bar,USDJPY,2025.04.14 13:15:00,0,
2025.04.14 13:39:59,scan_skipped_same_execution_bar,USDJPY,2025.04.14 13:15:00,0,
2025.04.14 13:49:59,scan_executed_new_execution_bar,USDJPY,2025.04.14 13:30:00,16,
2025.04.14 13:54:59,scan_skipped_same_execution_bar,USDJPY,2025.04.14 13:30:00,0,
2025.04.14 14:04:58,scan_executed_new_execution_bar,USDJPY,2025.04.14 13:45:00,31,
2025.04.14 14:09:59,scan_skipped_same_execution_bar,USDJPY,2025.04.14 13:45:00,0,
2025.04.14 14:19:59,scan_executed_new_execution_bar,USDJPY,2025.04.14 14:00:00,0,
2025.04.14 14:25:00,scan_skipped_same_execution_bar,USDJPY,2025.04.14 14:00:00,0,
2025.04.14 14:34:59,scan_executed_new_execution_bar,USDJPY,2025.04.14 14:15:00,0,
2025.04.14 14:39:59,scan_skipped_same_execution_bar,USDJPY,2025.04.14 14:15:00,0,
2025.04.14 14:49:59,scan_executed_new_execution_bar,USDJPY,2025.04.14 14:30:00,31,
2025.04.14 14:54:59,scan_skipped_same_execution_bar,USDJPY,2025.04.14 14:30:00,0,
2025.04.14 15:04:59,scan_executed_new_execution_bar,USDJPY,2025.04.14 14:45:00,16,
2025.04.14 15:09:59,scan_skipped_same_execution_bar,USDJPY,2025.04.14 14:45:00,0,
2025.04.14 15:19:59,scan_executed_new_execution_bar,USDJPY,2025.04.14 15:00:00,16,
2025.04.14 15:24:59,scan_skipped_same_execution_bar,USDJPY,2025.04.14 15:00:00,0,
2025.04.14 15:34:59,scan_executed_new_execution_bar,USDJPY,2025.04.14 15:15:00,0,
2025.04.14 15:39:59,scan_skipped_same_execution_bar,USDJPY,2025.04.14 15:15:00,0,
2025.04.14 15:49:59,scan_executed_new_execution_bar,USDJPY,2025.04.14 15:30:00,0,
2025.04.14 15:54:59,scan_skipped_same_execution_bar,USDJPY,2025.04.14 15:30:00,0,
2025.04.14 16:04:59,scan_executed_new_execution_bar,USDJPY,2025.04.14 15:45:00,0,
2025.04.14 16:09:59,scan_skipped_same_execution_bar,USDJPY,2025.04.14 15:45:00,0,
2025.04.14 16:19:59,scan_executed_new_execution_bar,USDJPY,2025.04.14 16:00:00,16,
2025.04.14 16:24:59,scan_skipped_same_execution_bar,USDJPY,2025.04.14 16:00:00,0,
2025.04.14 16:34:59,scan_executed_new_execution_bar,USDJPY,2025.04.14 16:15:00,0,
2025.04.14 16:39:59,scan_skipped_same_execution_bar,USDJPY,2025.04.14 16:15:00,0,
2025.04.14 16:49:59,scan_executed_new_execution_bar,USDJPY,2025.04.14 16:30:00,15,
2025.04.14 16:54:59,scan_skipped_same_execution_bar,USDJPY,2025.04.14 16:30:00,0,
2025.04.14 17:00:00,scan_executed_new_execution_bar,USDJPY,2025.04.14 16:45:00,16,
2025.04.14 17:04:59,scan_skipped_same_execution_bar,USDJPY,2025.04.14 16:45:00,0,
2025.04.14 17:19:59,scan_executed_new_execution_bar,USDJPY,2025.04.14 17:00:00,0,
2025.04.14 17:24:59,scan_skipped_same_execution_bar,USDJPY,2025.04.14 17:00:00,0,
2025.04.14 17:34:59,scan_executed_new_execution_bar,USDJPY,2025.04.14 17:15:00,0,
2025.04.14 17:39:59,scan_skipped_same_execution_bar,USDJPY,2025.04.14 17:15:00,0,
2025.04.14 17:49:59,scan_executed_new_execution_bar,USDJPY,2025.04.14 17:30:00,15,
2025.04.14 17:54:59,scan_skipped_same_execution_bar,USDJPY,2025.04.14 17:30:00,0,
2025.04.14 18:04:59,scan_executed_new_execution_bar,USDJPY,2025.04.14 17:45:00,16,
2025.04.14 18:09:59,scan_skipped_same_execution_bar,USDJPY,2025.04.14 17:45:00,0,
2025.04.14 18:19:59,scan_executed_new_execution_bar,USDJPY,2025.04.14 18:00:00,47,
2025.04.14 18:24:59,scan_skipped_same_execution_bar,USDJPY,2025.04.14 18:00:00,0,
2025.04.14 18:34:59,scan_executed_new_execution_bar,USDJPY,2025.04.14 18:15:00,47,
2025.04.14 18:39:59,scan_skipped_same_execution_bar,USDJPY,2025.04.14 18:15:00,0,
2025.04.14 18:49:59,scan_executed_new_execution_bar,USDJPY,2025.04.14 18:30:00,15,
2025.04.14 18:54:59,scan_skipped_same_execution_bar,USDJPY,2025.04.14 18:30:00,0,
2025.04.14 19:04:59,scan_executed_new_execution_bar,USDJPY,2025.04.14 18:45:00,16,
2025.04.14 19:09:59,scan_skipped_same_execution_bar,USDJPY,2025.04.14 18:45:00,0,
2025.04.14 19:20:00,scan_executed_new_execution_bar,USDJPY,2025.04.14 19:00:00,0,
2025.04.14 19:24:59,scan_skipped_same_execution_bar,USDJPY,2025.04.14 19:00:00,0,
2025.04.14 19:34:59,scan_executed_new_execution_bar,USDJPY,2025.04.14 19:15:00,15,
2025.04.14 19:39:59,scan_skipped_same_execution_bar,USDJPY,2025.04.14 19:15:00,0,
2025.04.14 19:49:59,scan_executed_new_execution_bar,USDJPY,2025.04.14 19:30:00,0,
2025.04.14 19:54:59,scan_skipped_same_execution_bar,USDJPY,2025.04.14 19:30:00,0,
2025.04.14 20:04:59,scan_executed_new_execution_bar,USDJPY,2025.04.14 19:45:00,16,
2025.04.14 20:09:59,scan_skipped_same_execution_bar,USDJPY,2025.04.14 19:45:00,0,
2025.04.14 20:19:58,scan_executed_new_execution_bar,USDJPY,2025.04.14 20:00:00,0,
2025.04.14 20:24:59,scan_skipped_same_execution_bar,USDJPY,2025.04.14 20:00:00,0,
2025.04.14 20:34:59,scan_executed_new_execution_bar,USDJPY,2025.04.14 20:15:00,16,
2025.04.14 20:39:59,scan_skipped_same_execution_bar,USDJPY,2025.04.14 20:15:00,0,
2025.04.14 20:49:59,scan_executed_new_execution_bar,USDJPY,2025.04.14 20:30:00,0,
2025.04.14 20:54:58,scan_skipped_same_execution_bar,USDJPY,2025.04.14 20:30:00,0,
2025.04.14 21:05:00,scan_executed_new_execution_bar,USDJPY,2025.04.14 20:45:00,15,
2025.04.14 21:09:59,scan_skipped_same_execution_bar,USDJPY,2025.04.14 20:45:00,0,
2025.04.14 21:19:59,scan_executed_new_execution_bar,USDJPY,2025.04.14 21:00:00,0,
2025.04.14 21:24:59,scan_skipped_same_execution_bar,USDJPY,2025.04.14 21:00:00,0,
2025.04.14 21:34:59,scan_executed_new_execution_bar,USDJPY,2025.04.14 21:15:00,0,
2025.04.14 21:39:59,scan_skipped_same_execution_bar,USDJPY,2025.04.14 21:15:00,0,
2025.04.14 21:49:59,scan_executed_new_execution_bar,USDJPY,2025.04.14 21:30:00,0,
2025.04.14 21:54:59,scan_skipped_same_execution_bar,USDJPY,2025.04.14 21:30:00,0,
2025.04.14 22:04:59,scan_executed_new_execution_bar,USDJPY,2025.04.14 21:45:00,0,
2025.04.14 22:09:59,scan_skipped_same_execution_bar,USDJPY,2025.04.14 21:45:00,0,
2025.04.14 22:19:58,scan_executed_new_execution_bar,USDJPY,2025.04.14 22:00:00,16,
2025.04.14 22:24:59,scan_skipped_same_execution_bar,USDJPY,2025.04.14 22:00:00,0,
2025.04.14 22:34:59,scan_executed_new_execution_bar,USDJPY,2025.04.14 22:15:00,0,
2025.04.14 22:39:59,scan_skipped_same_execution_bar,USDJPY,2025.04.14 22:15:00,0,
2025.04.14 22:49:59,scan_executed_new_execution_bar,USDJPY,2025.04.14 22:30:00,31,
2025.04.14 22:54:59,scan_skipped_same_execution_bar,USDJPY,2025.04.14 22:30:00,0,
2025.04.14 23:04:59,scan_executed_new_execution_bar,USDJPY,2025.04.14 22:45:00,16,
2025.04.14 23:09:58,scan_skipped_same_execution_bar,USDJPY,2025.04.14 22:45:00,0,
2025.04.14 23:19:59,scan_executed_new_execution_bar,USDJPY,2025.04.14 23:00:00,16,
2025.04.14 23:24:59,scan_skipped_same_execution_bar,USDJPY,2025.04.14 23:00:00,0,
2025.04.14 23:34:59,scan_executed_new_execution_bar,USDJPY,2025.04.14 23:15:00,0,
2025.04.14 23:39:59,scan_skipped_same_execution_bar,USDJPY,2025.04.14 23:15:00,0,
2025.04.14 23:49:58,scan_executed_new_execution_bar,USDJPY,2025.04.14 23:30:00,0,
2025.04.14 23:54:59,scan_skipped_same_execution_bar,USDJPY,2025.04.14 23:30:00,0,
2025.04.15 00:04:59,scan_executed_new_execution_bar,USDJPY,2025.04.14 23:45:00,0,
2025.04.15 00:09:59,scan_skipped_same_execution_bar,USDJPY,2025.04.14 23:45:00,0,
2025.04.15 00:19:56,scan_executed_new_execution_bar,USDJPY,2025.04.15 00:00:00,0,
2025.04.15 00:24:56,scan_skipped_same_execution_bar,USDJPY,2025.04.15 00:00:00,0,
2025.04.15 00:34:59,scan_executed_new_execution_bar,USDJPY,2025.04.15 00:15:00,0,
2025.04.15 00:39:58,scan_skipped_same_execution_bar,USDJPY,2025.04.15 00:15:00,0,
2025.04.15 00:49:59,scan_executed_new_execution_bar,USDJPY,2025.04.15 00:30:00,0,
2025.04.15 00:54:57,scan_skipped_same_execution_bar,USDJPY,2025.04.15 00:30:00,0,
2025.04.15 01:04:59,scan_executed_new_execution_bar,USDJPY,2025.04.15 00:45:00,16,
2025.04.15 01:09:59,scan_skipped_same_execution_bar,USDJPY,2025.04.15 00:45:00,0,
2025.04.15 01:19:59,scan_executed_new_execution_bar,USDJPY,2025.04.15 01:00:00,16,
2025.04.15 01:24:59,scan_skipped_same_execution_bar,USDJPY,2025.04.15 01:00:00,0,
2025.04.15 01:34:58,scan_executed_new_execution_bar,USDJPY,2025.04.15 01:15:00,0,
2025.04.15 01:39:58,scan_skipped_same_execution_bar,USDJPY,2025.04.15 01:15:00,0,
2025.04.15 01:49:59,scan_executed_new_execution_bar,USDJPY,2025.04.15 01:30:00,0,
2025.04.15 01:54:59,scan_skipped_same_execution_bar,USDJPY,2025.04.15 01:30:00,0,
2025.04.15 02:04:59,scan_executed_new_execution_bar,USDJPY,2025.04.15 01:45:00,0,
2025.04.15 02:09:59,scan_skipped_same_execution_bar,USDJPY,2025.04.15 01:45:00,0,
2025.04.15 02:19:59,scan_executed_new_execution_bar,USDJPY,2025.04.15 02:00:00,0,
2025.04.15 02:25:00,scan_skipped_same_execution_bar,USDJPY,2025.04.15 02:00:00,0,
2025.04.15 02:34:59,scan_executed_new_execution_bar,USDJPY,2025.04.15 02:15:00,0,
2025.04.15 02:39:59,scan_skipped_same_execution_bar,USDJPY,2025.04.15 02:15:00,0,
2025.04.15 02:49:59,scan_executed_new_execution_bar,USDJPY,2025.04.15 02:30:00,0,
2025.04.15 02:54:59,scan_skipped_same_execution_bar,USDJPY,2025.04.15 02:30:00,0,
2025.04.15 03:04:59,scan_executed_new_execution_bar,USDJPY,2025.04.15 02:45:00,0,
2025.04.15 03:09:59,scan_skipped_same_execution_bar,USDJPY,2025.04.15 02:45:00,0,
2025.04.15 03:19:59,scan_executed_new_execution_bar,USDJPY,2025.04.15 03:00:00,0,
2025.04.15 03:25:00,scan_skipped_same_execution_bar,USDJPY,2025.04.15 03:00:00,0,
2025.04.15 03:34:59,scan_executed_new_execution_bar,USDJPY,2025.04.15 03:15:00,0,
2025.04.15 03:39:59,scan_skipped_same_execution_bar,USDJPY,2025.04.15 03:15:00,0,
2025.04.15 03:49:59,scan_executed_new_execution_bar,USDJPY,2025.04.15 03:30:00,0,
2025.04.15 03:54:59,scan_skipped_same_execution_bar,USDJPY,2025.04.15 03:30:00,0,
2025.04.15 04:04:59,scan_executed_new_execution_bar,USDJPY,2025.04.15 03:45:00,0,
2025.04.15 04:09:58,scan_skipped_same_execution_bar,USDJPY,2025.04.15 03:45:00,0,
2025.04.15 04:19:59,scan_executed_new_execution_bar,USDJPY,2025.04.15 04:00:00,0,
2025.04.15 04:24:59,scan_skipped_same_execution_bar,USDJPY,2025.04.15 04:00:00,0,
2025.04.15 04:34:59,scan_executed_new_execution_bar,USDJPY,2025.04.15 04:15:00,16,
2025.04.15 04:39:59,scan_skipped_same_execution_bar,USDJPY,2025.04.15 04:15:00,0,
2025.04.15 04:49:59,scan_executed_new_execution_bar,USDJPY,2025.04.15 04:30:00,0,
2025.04.15 04:54:59,scan_skipped_same_execution_bar,USDJPY,2025.04.15 04:30:00,0,
2025.04.15 05:04:59,scan_executed_new_execution_bar,USDJPY,2025.04.15 04:45:00,47,
2025.04.15 05:09:59,scan_skipped_same_execution_bar,USDJPY,2025.04.15 04:45:00,0,
2025.04.15 05:19:59,scan_executed_new_execution_bar,USDJPY,2025.04.15 05:00:00,16,
2025.04.15 05:24:59,scan_skipped_same_execution_bar,USDJPY,2025.04.15 05:00:00,0,
2025.04.15 05:34:59,scan_executed_new_execution_bar,USDJPY,2025.04.15 05:15:00,0,
2025.04.15 05:39:59,scan_skipped_same_execution_bar,USDJPY,2025.04.15 05:15:00,0,
2025.04.15 05:49:59,scan_executed_new_execution_bar,USDJPY,2025.04.15 05:30:00,0,
2025.04.15 05:54:58,scan_skipped_same_execution_bar,USDJPY,2025.04.15 05:30:00,0,
2025.04.15 06:04:59,scan_executed_new_execution_bar,USDJPY,2025.04.15 05:45:00,0,
2025.04.15 06:09:59,scan_skipped_same_execution_bar,USDJPY,2025.04.15 05:45:00,0,
2025.04.15 06:19:59,scan_executed_new_execution_bar,USDJPY,2025.04.15 06:00:00,16,
2025.04.15 06:24:59,scan_skipped_same_execution_bar,USDJPY,2025.04.15 06:00:00,0,
2025.04.15 06:34:59,scan_executed_new_execution_bar,USDJPY,2025.04.15 06:15:00,0,
2025.04.15 06:39:59,scan_skipped_same_execution_bar,USDJPY,2025.04.15 06:15:00,0,
2025.04.15 06:49:59,scan_executed_new_execution_bar,USDJPY,2025.04.15 06:30:00,0,
2025.04.15 06:54:59,scan_skipped_same_execution_bar,USDJPY,2025.04.15 06:30:00,0,
2025.04.15 07:04:59,scan_executed_new_execution_bar,USDJPY,2025.04.15 06:45:00,0,
2025.04.15 07:09:59,scan_skipped_same_execution_bar,USDJPY,2025.04.15 06:45:00,0,
2025.04.15 07:20:00,scan_executed_new_execution_bar,USDJPY,2025.04.15 07:00:00,0,
2025.04.15 07:24:59,scan_skipped_same_execution_bar,USDJPY,2025.04.15 07:00:00,0,
2025.04.15 07:34:59,scan_executed_new_execution_bar,USDJPY,2025.04.15 07:15:00,0,
2025.04.15 07:39:59,scan_skipped_same_execution_bar,USDJPY,2025.04.15 07:15:00,0,
2025.04.15 07:49:59,scan_executed_new_execution_bar,USDJPY,2025.04.15 07:30:00,16,
2025.04.15 07:54:59,scan_skipped_same_execution_bar,USDJPY,2025.04.15 07:30:00,0,
2025.04.15 08:04:59,scan_executed_new_execution_bar,USDJPY,2025.04.15 07:45:00,16,
2025.04.15 08:09:59,scan_skipped_same_execution_bar,USDJPY,2025.04.15 07:45:00,0,
2025.04.15 08:19:59,scan_executed_new_execution_bar,USDJPY,2025.04.15 08:00:00,0,
2025.04.15 08:24:59,scan_skipped_same_execution_bar,USDJPY,2025.04.15 08:00:00,0,
2025.04.15 08:34:59,scan_executed_new_execution_bar,USDJPY,2025.04.15 08:15:00,16,
2025.04.15 08:39:59,scan_skipped_same_execution_bar,USDJPY,2025.04.15 08:15:00,0,
2025.04.15 08:49:59,scan_executed_new_execution_bar,USDJPY,2025.04.15 08:30:00,0,
2025.04.15 08:54:59,scan_skipped_same_execution_bar,USDJPY,2025.04.15 08:30:00,0,
2025.04.15 09:04:59,scan_executed_new_execution_bar,USDJPY,2025.04.15 08:45:00,0,
2025.04.15 09:09:59,scan_skipped_same_execution_bar,USDJPY,2025.04.15 08:45:00,0,
2025.04.15 09:19:59,scan_executed_new_execution_bar,USDJPY,2025.04.15 09:00:00,0,
2025.04.15 09:24:59,scan_skipped_same_execution_bar,USDJPY,2025.04.15 09:00:00,0,
2025.04.15 09:34:59,scan_executed_new_execution_bar,USDJPY,2025.04.15 09:15:00,16,
2025.04.15 09:39:59,scan_skipped_same_execution_bar,USDJPY,2025.04.15 09:15:00,0,
2025.04.15 09:49:59,scan_executed_new_execution_bar,USDJPY,2025.04.15 09:30:00,0,
2025.04.15 09:54:59,scan_skipped_same_execution_bar,USDJPY,2025.04.15 09:30:00,0,
2025.04.15 10:04:59,scan_executed_new_execution_bar,USDJPY,2025.04.15 09:45:00,16,
2025.04.15 10:09:59,scan_skipped_same_execution_bar,USDJPY,2025.04.15 09:45:00,0,
2025.04.15 10:19:59,scan_executed_new_execution_bar,USDJPY,2025.04.15 10:00:00,0,
2025.04.15 10:24:59,scan_skipped_same_execution_bar,USDJPY,2025.04.15 10:00:00,0,
2025.04.15 10:34:59,scan_executed_new_execution_bar,USDJPY,2025.04.15 10:15:00,0,
2025.04.15 10:39:59,scan_skipped_same_execution_bar,USDJPY,2025.04.15 10:15:00,0,
2025.04.15 10:49:59,scan_executed_new_execution_bar,USDJPY,2025.04.15 10:30:00,0,
2025.04.15 10:54:59,scan_skipped_same_execution_bar,USDJPY,2025.04.15 10:30:00,0,
2025.04.15 11:04:59,scan_executed_new_execution_bar,USDJPY,2025.04.15 10:45:00,0,
2025.04.15 11:09:59,scan_skipped_same_execution_bar,USDJPY,2025.04.15 10:45:00,0,
2025.04.15 11:19:59,scan_executed_new_execution_bar,USDJPY,2025.04.15 11:00:00,15,
2025.04.15 11:24:59,scan_skipped_same_execution_bar,USDJPY,2025.04.15 11:00:00,0,
2025.04.15 11:34:59,scan_executed_new_execution_bar,USDJPY,2025.04.15 11:15:00,78,
2025.04.15 11:39:59,scan_skipped_same_execution_bar,USDJPY,2025.04.15 11:15:00,0,
2025.04.15 11:49:59,scan_executed_new_execution_bar,USDJPY,2025.04.15 11:30:00,32,
2025.04.15 11:54:59,scan_skipped_same_execution_bar,USDJPY,2025.04.15 11:30:00,0,
2025.04.15 12:04:59,scan_executed_new_execution_bar,USDJPY,2025.04.15 11:45:00,16,
2025.04.15 12:09:59,scan_skipped_same_execution_bar,USDJPY,2025.04.15 11:45:00,0,
2025.04.15 12:19:59,scan_executed_new_execution_bar,USDJPY,2025.04.15 12:00:00,0,
2025.04.15 12:24:59,scan_skipped_same_execution_bar,USDJPY,2025.04.15 12:00:00,0,
2025.04.15 12:34:59,scan_executed_new_execution_bar,USDJPY,2025.04.15 12:15:00,31,
2025.04.15 12:39:59,scan_skipped_same_execution_bar,USDJPY,2025.04.15 12:15:00,0,
2025.04.15 12:49:59,scan_executed_new_execution_bar,USDJPY,2025.04.15 12:30:00,32,
2025.04.15 12:54:59,scan_skipped_same_execution_bar,USDJPY,2025.04.15 12:30:00,0,
2025.04.15 13:04:59,scan_executed_new_execution_bar,USDJPY,2025.04.15 12:45:00,0,
2025.04.15 13:09:59,scan_skipped_same_execution_bar,USDJPY,2025.04.15 12:45:00,0,
2025.04.15 13:19:59,scan_executed_new_execution_bar,USDJPY,2025.04.15 13:00:00,16,
2025.04.15 13:24:59,scan_skipped_same_execution_bar,USDJPY,2025.04.15 13:00:00,0,
2025.04.15 13:34:59,scan_executed_new_execution_bar,USDJPY,2025.04.15 13:15:00,0,
2025.04.15 13:39:59,scan_skipped_same_execution_bar,USDJPY,2025.04.15 13:15:00,0,
2025.04.15 13:50:00,scan_executed_new_execution_bar,USDJPY,2025.04.15 13:30:00,16,
2025.04.15 13:55:00,scan_skipped_same_execution_bar,USDJPY,2025.04.15 13:30:00,0,
2025.04.15 14:04:58,scan_executed_new_execution_bar,USDJPY,2025.04.15 13:45:00,16,
2025.04.15 14:09:59,scan_skipped_same_execution_bar,USDJPY,2025.04.15 13:45:00,0,
2025.04.15 14:19:59,scan_executed_new_execution_bar,USDJPY,2025.04.15 14:00:00,31,
2025.04.15 14:25:00,scan_skipped_same_execution_bar,USDJPY,2025.04.15 14:00:00,0,
2025.04.15 14:34:59,scan_executed_new_execution_bar,USDJPY,2025.04.15 14:15:00,31,
2025.04.15 14:39:59,scan_skipped_same_execution_bar,USDJPY,2025.04.15 14:15:00,0,
2025.04.15 14:49:59,scan_executed_new_execution_bar,USDJPY,2025.04.15 14:30:00,0,
2025.04.15 14:54:59,scan_skipped_same_execution_bar,USDJPY,2025.04.15 14:30:00,0,
2025.04.15 15:04:59,scan_executed_new_execution_bar,USDJPY,2025.04.15 14:45:00,15,
2025.04.15 15:09:59,scan_skipped_same_execution_bar,USDJPY,2025.04.15 14:45:00,0,
2025.04.15 15:19:59,scan_executed_new_execution_bar,USDJPY,2025.04.15 15:00:00,31,
2025.04.15 15:24:59,scan_skipped_same_execution_bar,USDJPY,2025.04.15 15:00:00,0,
2025.04.15 15:34:59,scan_executed_new_execution_bar,USDJPY,2025.04.15 15:15:00,16,
2025.04.15 15:39:59,scan_skipped_same_execution_bar,USDJPY,2025.04.15 15:15:00,0,
2025.04.15 15:49:59,scan_executed_new_execution_bar,USDJPY,2025.04.15 15:30:00,15,
2025.04.15 15:55:00,scan_skipped_same_execution_bar,USDJPY,2025.04.15 15:30:00,0,
2025.04.15 16:04:59,scan_executed_new_execution_bar,USDJPY,2025.04.15 15:45:00,0,
2025.04.15 16:09:59,scan_skipped_same_execution_bar,USDJPY,2025.04.15 15:45:00,0,
2025.04.15 16:19:59,scan_executed_new_execution_bar,USDJPY,2025.04.15 16:00:00,0,
2025.04.15 16:24:59,scan_skipped_same_execution_bar,USDJPY,2025.04.15 16:00:00,0,
2025.04.15 16:34:59,scan_executed_new_execution_bar,USDJPY,2025.04.15 16:15:00,16,
2025.04.15 16:39:59,scan_skipped_same_execution_bar,USDJPY,2025.04.15 16:15:00,0,
2025.04.15 16:49:59,scan_executed_new_execution_bar,USDJPY,2025.04.15 16:30:00,15,
2025.04.15 16:54:59,scan_skipped_same_execution_bar,USDJPY,2025.04.15 16:30:00,0,
2025.04.15 17:04:59,scan_executed_new_execution_bar,USDJPY,2025.04.15 16:45:00,0,
2025.04.15 17:09:59,scan_skipped_same_execution_bar,USDJPY,2025.04.15 16:45:00,0,
2025.04.15 17:19:59,scan_executed_new_execution_bar,USDJPY,2025.04.15 17:00:00,0,
2025.04.15 17:24:59,scan_skipped_same_execution_bar,USDJPY,2025.04.15 17:00:00,0,
2025.04.15 17:34:59,scan_executed_new_execution_bar,USDJPY,2025.04.15 17:15:00,0,
2025.04.15 17:39:59,scan_skipped_same_execution_bar,USDJPY,2025.04.15 17:15:00,0,
2025.04.15 17:49:59,scan_executed_new_execution_bar,USDJPY,2025.04.15 17:30:00,15,
2025.04.15 17:54:59,scan_skipped_same_execution_bar,USDJPY,2025.04.15 17:30:00,0,
2025.04.15 18:04:59,scan_executed_new_execution_bar,USDJPY,2025.04.15 17:45:00,32,
2025.04.15 18:09:59,scan_skipped_same_execution_bar,USDJPY,2025.04.15 17:45:00,0,
2025.04.15 18:19:59,scan_executed_new_execution_bar,USDJPY,2025.04.15 18:00:00,16,
2025.04.15 18:24:59,scan_skipped_same_execution_bar,USDJPY,2025.04.15 18:00:00,0,
2025.04.15 18:34:59,scan_executed_new_execution_bar,USDJPY,2025.04.15 18:15:00,15,
2025.04.15 18:39:59,scan_skipped_same_execution_bar,USDJPY,2025.04.15 18:15:00,0,
2025.04.15 18:49:59,scan_executed_new_execution_bar,USDJPY,2025.04.15 18:30:00,31,
2025.04.15 18:54:59,scan_skipped_same_execution_bar,USDJPY,2025.04.15 18:30:00,0,
2025.04.15 19:04:59,scan_executed_new_execution_bar,USDJPY,2025.04.15 18:45:00,32,
2025.04.15 19:09:59,scan_skipped_same_execution_bar,USDJPY,2025.04.15 18:45:00,0,
2025.04.15 19:19:59,scan_executed_new_execution_bar,USDJPY,2025.04.15 19:00:00,0,
2025.04.15 19:24:59,scan_skipped_same_execution_bar,USDJPY,2025.04.15 19:00:00,0,
2025.04.15 19:35:00,scan_executed_new_execution_bar,USDJPY,2025.04.15 19:15:00,0,
2025.04.15 19:39:59,scan_skipped_same_execution_bar,USDJPY,2025.04.15 19:15:00,0,
2025.04.15 19:49:59,scan_executed_new_execution_bar,USDJPY,2025.04.15 19:30:00,0,
2025.04.15 19:54:59,scan_skipped_same_execution_bar,USDJPY,2025.04.15 19:30:00,0,
2025.04.15 20:04:59,scan_executed_new_execution_bar,USDJPY,2025.04.15 19:45:00,0,
2025.04.15 20:09:59,scan_skipped_same_execution_bar,USDJPY,2025.04.15 19:45:00,0,
2025.04.15 20:19:59,scan_executed_new_execution_bar,USDJPY,2025.04.15 20:00:00,31,
2025.04.15 20:24:59,scan_skipped_same_execution_bar,USDJPY,2025.04.15 20:00:00,0,
2025.04.15 20:34:59,scan_executed_new_execution_bar,USDJPY,2025.04.15 20:15:00,31,
2025.04.15 20:39:58,scan_skipped_same_execution_bar,USDJPY,2025.04.15 20:15:00,0,
2025.04.15 20:49:59,scan_executed_new_execution_bar,USDJPY,2025.04.15 20:30:00,0,
2025.04.15 20:54:59,scan_skipped_same_execution_bar,USDJPY,2025.04.15 20:30:00,0,
2025.04.15 21:04:59,scan_executed_new_execution_bar,USDJPY,2025.04.15 20:45:00,16,
2025.04.15 21:09:59,scan_skipped_same_execution_bar,USDJPY,2025.04.15 20:45:00,0,
2025.04.15 21:19:59,scan_executed_new_execution_bar,USDJPY,2025.04.15 21:00:00,0,
2025.04.15 21:24:59,scan_skipped_same_execution_bar,USDJPY,2025.04.15 21:00:00,0,
2025.04.15 21:34:59,scan_executed_new_execution_bar,USDJPY,2025.04.15 21:15:00,47,
2025.04.15 21:39:59,scan_skipped_same_execution_bar,USDJPY,2025.04.15 21:15:00,0,
2025.04.15 21:49:59,scan_executed_new_execution_bar,USDJPY,2025.04.15 21:30:00,0,
2025.04.15 21:54:59,scan_skipped_same_execution_bar,USDJPY,2025.04.15 21:30:00,0,
2025.04.15 22:04:58,scan_executed_new_execution_bar,USDJPY,2025.04.15 21:45:00,31,
2025.04.15 22:09:59,scan_skipped_same_execution_bar,USDJPY,2025.04.15 21:45:00,0,
2025.04.15 22:19:59,scan_executed_new_execution_bar,USDJPY,2025.04.15 22:00:00,0,
2025.04.15 22:24:58,scan_skipped_same_execution_bar,USDJPY,2025.04.15 22:00:00,0,
2025.04.15 22:34:57,scan_executed_new_execution_bar,USDJPY,2025.04.15 22:15:00,0,
2025.04.15 22:39:59,scan_skipped_same_execution_bar,USDJPY,2025.04.15 22:15:00,0,
2025.04.15 22:49:59,scan_executed_new_execution_bar,USDJPY,2025.04.15 22:30:00,0,
2025.04.15 22:54:57,scan_skipped_same_execution_bar,USDJPY,2025.04.15 22:30:00,0,
2025.04.15 23:04:59,scan_executed_new_execution_bar,USDJPY,2025.04.15 22:45:00,0,
2025.04.15 23:09:58,scan_skipped_same_execution_bar,USDJPY,2025.04.15 22:45:00,0,
2025.04.15 23:19:57,scan_executed_new_execution_bar,USDJPY,2025.04.15 23:00:00,0,
2025.04.15 23:24:59,scan_skipped_same_execution_bar,USDJPY,2025.04.15 23:00:00,0,
2025.04.15 23:34:59,scan_executed_new_execution_bar,USDJPY,2025.04.15 23:15:00,15,
2025.04.15 23:39:59,scan_skipped_same_execution_bar,USDJPY,2025.04.15 23:15:00,0,
2025.04.15 23:49:59,scan_executed_new_execution_bar,USDJPY,2025.04.15 23:30:00,0,
2025.04.15 23:54:59,scan_skipped_same_execution_bar,USDJPY,2025.04.15 23:30:00,0,
2025.04.16 00:04:27,scan_executed_new_execution_bar,USDJPY,2025.04.15 23:45:00,0,
2025.04.16 00:09:59,scan_skipped_same_execution_bar,USDJPY,2025.04.15 23:45:00,0,
2025.04.16 00:19:59,scan_executed_new_execution_bar,USDJPY,2025.04.16 00:00:00,0,
2025.04.16 00:24:58,scan_skipped_same_execution_bar,USDJPY,2025.04.16 00:00:00,0,
2025.04.16 00:34:59,scan_executed_new_execution_bar,USDJPY,2025.04.16 00:15:00,0,
2025.04.16 00:39:51,scan_skipped_same_execution_bar,USDJPY,2025.04.16 00:15:00,0,
2025.04.16 00:49:56,scan_executed_new_execution_bar,USDJPY,2025.04.16 00:30:00,0,
2025.04.16 00:54:59,scan_skipped_same_execution_bar,USDJPY,2025.04.16 00:30:00,0,
2025.04.16 01:04:58,scan_executed_new_execution_bar,USDJPY,2025.04.16 00:45:00,16,
2025.04.16 01:09:58,scan_skipped_same_execution_bar,USDJPY,2025.04.16 00:45:00,0,
2025.04.16 01:19:59,scan_executed_new_execution_bar,USDJPY,2025.04.16 01:00:00,16,
2025.04.16 01:24:56,scan_skipped_same_execution_bar,USDJPY,2025.04.16 01:00:00,0,
2025.04.16 01:34:59,scan_executed_new_execution_bar,USDJPY,2025.04.16 01:15:00,0,
2025.04.16 01:39:59,scan_skipped_same_execution_bar,USDJPY,2025.04.16 01:15:00,0,
2025.04.16 01:49:59,scan_executed_new_execution_bar,USDJPY,2025.04.16 01:30:00,0,
2025.04.16 01:54:59,scan_skipped_same_execution_bar,USDJPY,2025.04.16 01:30:00,0,
2025.04.16 02:04:59,scan_executed_new_execution_bar,USDJPY,2025.04.16 01:45:00,0,
2025.04.16 02:09:59,scan_skipped_same_execution_bar,USDJPY,2025.04.16 01:45:00,0,
2025.04.16 02:19:59,scan_executed_new_execution_bar,USDJPY,2025.04.16 02:00:00,0,
2025.04.16 02:24:57,scan_skipped_same_execution_bar,USDJPY,2025.04.16 02:00:00,0,
2025.04.16 02:34:59,scan_executed_new_execution_bar,USDJPY,2025.04.16 02:15:00,16,
2025.04.16 02:39:59,scan_skipped_same_execution_bar,USDJPY,2025.04.16 02:15:00,0,
2025.04.16 02:49:59,scan_executed_new_execution_bar,USDJPY,2025.04.16 02:30:00,15,
2025.04.16 02:54:59,scan_skipped_same_execution_bar,USDJPY,2025.04.16 02:30:00,0,
2025.04.16 03:04:59,scan_executed_new_execution_bar,USDJPY,2025.04.16 02:45:00,16,
2025.04.16 03:09:59,scan_skipped_same_execution_bar,USDJPY,2025.04.16 02:45:00,0,
2025.04.16 03:19:59,scan_executed_new_execution_bar,USDJPY,2025.04.16 03:00:00,0,
2025.04.16 03:24:59,scan_skipped_same_execution_bar,USDJPY,2025.04.16 03:00:00,0,
2025.04.16 03:34:59,scan_executed_new_execution_bar,USDJPY,2025.04.16 03:15:00,0,
2025.04.16 03:39:59,scan_skipped_same_execution_bar,USDJPY,2025.04.16 03:15:00,0,
2025.04.16 03:49:59,scan_executed_new_execution_bar,USDJPY,2025.04.16 03:30:00,16,
2025.04.16 03:54:59,scan_skipped_same_execution_bar,USDJPY,2025.04.16 03:30:00,0,
2025.04.16 04:04:59,scan_executed_new_execution_bar,USDJPY,2025.04.16 03:45:00,15,
2025.04.16 04:09:59,scan_skipped_same_execution_bar,USDJPY,2025.04.16 03:45:00,0,
2025.04.16 04:19:59,scan_executed_new_execution_bar,USDJPY,2025.04.16 04:00:00,0,
2025.04.16 04:25:00,scan_skipped_same_execution_bar,USDJPY,2025.04.16 04:00:00,0,
2025.04.16 04:34:59,scan_executed_new_execution_bar,USDJPY,2025.04.16 04:15:00,0,
2025.04.16 04:39:59,scan_skipped_same_execution_bar,USDJPY,2025.04.16 04:15:00,0,
2025.04.16 04:49:59,scan_executed_new_execution_bar,USDJPY,2025.04.16 04:30:00,0,
2025.04.16 04:54:59,scan_skipped_same_execution_bar,USDJPY,2025.04.16 04:30:00,0,
2025.04.16 05:04:59,scan_executed_new_execution_bar,USDJPY,2025.04.16 04:45:00,16,
2025.04.16 05:09:59,scan_skipped_same_execution_bar,USDJPY,2025.04.16 04:45:00,0,
2025.04.16 05:20:00,scan_executed_new_execution_bar,USDJPY,2025.04.16 05:00:00,15,
2025.04.16 05:24:59,scan_skipped_same_execution_bar,USDJPY,2025.04.16 05:00:00,0,
2025.04.16 05:34:58,scan_executed_new_execution_bar,USDJPY,2025.04.16 05:15:00,0,
2025.04.16 05:39:59,scan_skipped_same_execution_bar,USDJPY,2025.04.16 05:15:00,0,
2025.04.16 05:49:59,scan_executed_new_execution_bar,USDJPY,2025.04.16 05:30:00,15,
2025.04.16 05:54:58,scan_skipped_same_execution_bar,USDJPY,2025.04.16 05:30:00,0,
2025.04.16 06:04:59,scan_executed_new_execution_bar,USDJPY,2025.04.16 05:45:00,0,
2025.04.16 06:10:00,scan_skipped_same_execution_bar,USDJPY,2025.04.16 05:45:00,0,
2025.04.16 06:19:59,scan_executed_new_execution_bar,USDJPY,2025.04.16 06:00:00,0,
2025.04.16 06:24:59,scan_skipped_same_execution_bar,USDJPY,2025.04.16 06:00:00,0,
2025.04.16 06:34:59,scan_executed_new_execution_bar,USDJPY,2025.04.16 06:15:00,0,
2025.04.16 06:39:59,scan_skipped_same_execution_bar,USDJPY,2025.04.16 06:15:00,0,
2025.04.16 06:49:59,scan_executed_new_execution_bar,USDJPY,2025.04.16 06:30:00,0,
2025.04.16 06:54:59,scan_skipped_same_execution_bar,USDJPY,2025.04.16 06:30:00,0,
2025.04.16 07:04:59,scan_executed_new_execution_bar,USDJPY,2025.04.16 06:45:00,16,
2025.04.16 07:09:59,scan_skipped_same_execution_bar,USDJPY,2025.04.16 06:45:00,0,
2025.04.16 07:19:59,scan_executed_new_execution_bar,USDJPY,2025.04.16 07:00:00,15,
2025.04.16 07:24:59,scan_skipped_same_execution_bar,USDJPY,2025.04.16 07:00:00,0,
2025.04.16 07:34:59,scan_executed_new_execution_bar,USDJPY,2025.04.16 07:15:00,16,
2025.04.16 07:39:59,scan_skipped_same_execution_bar,USDJPY,2025.04.16 07:15:00,0,
2025.04.16 07:49:59,scan_executed_new_execution_bar,USDJPY,2025.04.16 07:30:00,0,
2025.04.16 07:54:59,scan_skipped_same_execution_bar,USDJPY,2025.04.16 07:30:00,0,
2025.04.16 08:04:59,scan_executed_new_execution_bar,USDJPY,2025.04.16 07:45:00,0,
2025.04.16 08:09:59,scan_skipped_same_execution_bar,USDJPY,2025.04.16 07:45:00,0,
2025.04.16 08:19:59,scan_executed_new_execution_bar,USDJPY,2025.04.16 08:00:00,0,
2025.04.16 08:24:59,scan_skipped_same_execution_bar,USDJPY,2025.04.16 08:00:00,0,
2025.04.16 08:34:59,scan_executed_new_execution_bar,USDJPY,2025.04.16 08:15:00,0,
2025.04.16 08:39:59,scan_skipped_same_execution_bar,USDJPY,2025.04.16 08:15:00,0,
2025.04.16 08:49:59,scan_executed_new_execution_bar,USDJPY,2025.04.16 08:30:00,0,
2025.04.16 08:54:59,scan_skipped_same_execution_bar,USDJPY,2025.04.16 08:30:00,0,
2025.04.16 09:04:59,scan_executed_new_execution_bar,USDJPY,2025.04.16 08:45:00,0,
2025.04.16 09:09:59,scan_skipped_same_execution_bar,USDJPY,2025.04.16 08:45:00,0,
2025.04.16 09:19:59,scan_executed_new_execution_bar,USDJPY,2025.04.16 09:00:00,16,
2025.04.16 09:24:59,scan_skipped_same_execution_bar,USDJPY,2025.04.16 09:00:00,0,
2025.04.16 09:34:59,scan_executed_new_execution_bar,USDJPY,2025.04.16 09:15:00,0,
2025.04.16 09:39:59,scan_skipped_same_execution_bar,USDJPY,2025.04.16 09:15:00,0,
2025.04.16 09:49:59,scan_executed_new_execution_bar,USDJPY,2025.04.16 09:30:00,16,
2025.04.16 09:54:59,scan_skipped_same_execution_bar,USDJPY,2025.04.16 09:30:00,0,
2025.04.16 10:04:59,scan_executed_new_execution_bar,USDJPY,2025.04.16 09:45:00,31,
2025.04.16 10:09:59,scan_skipped_same_execution_bar,USDJPY,2025.04.16 09:45:00,0,
2025.04.16 10:19:59,scan_executed_new_execution_bar,USDJPY,2025.04.16 10:00:00,0,
2025.04.16 10:24:59,scan_skipped_same_execution_bar,USDJPY,2025.04.16 10:00:00,0,
2025.04.16 10:34:59,scan_executed_new_execution_bar,USDJPY,2025.04.16 10:15:00,0,
2025.04.16 10:39:59,scan_skipped_same_execution_bar,USDJPY,2025.04.16 10:15:00,0,
2025.04.16 10:49:59,scan_executed_new_execution_bar,USDJPY,2025.04.16 10:30:00,63,
2025.04.16 10:54:59,scan_skipped_same_execution_bar,USDJPY,2025.04.16 10:30:00,0,
2025.04.16 11:04:59,scan_executed_new_execution_bar,USDJPY,2025.04.16 10:45:00,0,
2025.04.16 11:09:59,scan_skipped_same_execution_bar,USDJPY,2025.04.16 10:45:00,0,
2025.04.16 11:19:59,scan_executed_new_execution_bar,USDJPY,2025.04.16 11:00:00,32,
2025.04.16 11:24:59,scan_skipped_same_execution_bar,USDJPY,2025.04.16 11:00:00,0,
2025.04.16 11:34:59,scan_executed_new_execution_bar,USDJPY,2025.04.16 11:15:00,15,
2025.04.16 11:39:59,scan_skipped_same_execution_bar,USDJPY,2025.04.16 11:15:00,0,
2025.04.16 11:49:59,scan_executed_new_execution_bar,USDJPY,2025.04.16 11:30:00,62,
2025.04.16 11:54:59,scan_skipped_same_execution_bar,USDJPY,2025.04.16 11:30:00,0,
2025.04.16 12:04:59,scan_executed_new_execution_bar,USDJPY,2025.04.16 11:45:00,0,
2025.04.16 12:09:59,scan_skipped_same_execution_bar,USDJPY,2025.04.16 11:45:00,0,
2025.04.16 12:19:59,scan_executed_new_execution_bar,USDJPY,2025.04.16 12:00:00,78,
2025.04.16 12:24:59,scan_skipped_same_execution_bar,USDJPY,2025.04.16 12:00:00,0,
2025.04.16 12:34:59,scan_executed_new_execution_bar,USDJPY,2025.04.16 12:15:00,0,
2025.04.16 12:39:59,scan_skipped_same_execution_bar,USDJPY,2025.04.16 12:15:00,0,
2025.04.16 12:50:00,scan_executed_new_execution_bar,USDJPY,2025.04.16 12:30:00,47,
2025.04.16 12:54:59,scan_skipped_same_execution_bar,USDJPY,2025.04.16 12:30:00,0,
2025.04.16 13:04:59,scan_executed_new_execution_bar,USDJPY,2025.04.16 12:45:00,0,
2025.04.16 13:09:59,scan_skipped_same_execution_bar,USDJPY,2025.04.16 12:45:00,0,
2025.04.16 13:19:59,scan_executed_new_execution_bar,USDJPY,2025.04.16 13:00:00,16,
2025.04.16 13:24:59,scan_skipped_same_execution_bar,USDJPY,2025.04.16 13:00:00,0,
2025.04.16 13:34:59,scan_executed_new_execution_bar,USDJPY,2025.04.16 13:15:00,47,
2025.04.16 13:39:59,scan_skipped_same_execution_bar,USDJPY,2025.04.16 13:15:00,0,
2025.04.16 13:49:59,scan_executed_new_execution_bar,USDJPY,2025.04.16 13:30:00,32,
2025.04.16 13:54:59,scan_skipped_same_execution_bar,USDJPY,2025.04.16 13:30:00,0,
2025.04.16 14:04:59,scan_executed_new_execution_bar,USDJPY,2025.04.16 13:45:00,15,
2025.04.16 14:09:59,scan_skipped_same_execution_bar,USDJPY,2025.04.16 13:45:00,0,
2025.04.16 14:19:59,scan_executed_new_execution_bar,USDJPY,2025.04.16 14:00:00,0,
2025.04.16 14:24:59,scan_skipped_same_execution_bar,USDJPY,2025.04.16 14:00:00,0,
2025.04.16 14:34:59,scan_executed_new_execution_bar,USDJPY,2025.04.16 14:15:00,62,
2025.04.16 14:39:59,scan_skipped_same_execution_bar,USDJPY,2025.04.16 14:15:00,0,
2025.04.16 14:49:59,scan_executed_new_execution_bar,USDJPY,2025.04.16 14:30:00,16,
2025.04.16 14:54:59,scan_skipped_same_execution_bar,USDJPY,2025.04.16 14:30:00,0,
2025.04.16 15:04:59,scan_executed_new_execution_bar,USDJPY,2025.04.16 14:45:00,31,
2025.04.16 15:09:59,scan_skipped_same_execution_bar,USDJPY,2025.04.16 14:45:00,0,
2025.04.16 15:19:59,scan_executed_new_execution_bar,USDJPY,2025.04.16 15:00:00,0,
2025.04.16 15:24:59,scan_skipped_same_execution_bar,USDJPY,2025.04.16 15:00:00,0,
2025.04.16 15:34:59,scan_executed_new_execution_bar,USDJPY,2025.04.16 15:15:00,0,
2025.04.16 15:39:59,scan_skipped_same_execution_bar,USDJPY,2025.04.16 15:15:00,0,
2025.04.16 15:49:59,scan_executed_new_execution_bar,USDJPY,2025.04.16 15:30:00,0,
2025.04.16 15:55:00,scan_skipped_same_execution_bar,USDJPY,2025.04.16 15:30:00,0,
2025.04.16 16:04:59,scan_executed_new_execution_bar,USDJPY,2025.04.16 15:45:00,0,
2025.04.16 16:09:59,scan_skipped_same_execution_bar,USDJPY,2025.04.16 15:45:00,0,
2025.04.16 16:19:59,scan_executed_new_execution_bar,USDJPY,2025.04.16 16:00:00,0,
2025.04.16 16:24:59,scan_skipped_same_execution_bar,USDJPY,2025.04.16 16:00:00,0,
2025.04.16 16:34:59,scan_executed_new_execution_bar,USDJPY,2025.04.16 16:15:00,15,
2025.04.16 16:39:59,scan_skipped_same_execution_bar,USDJPY,2025.04.16 16:15:00,0,
2025.04.16 16:49:59,scan_executed_new_execution_bar,USDJPY,2025.04.16 16:30:00,0,
2025.04.16 16:54:59,scan_skipped_same_execution_bar,USDJPY,2025.04.16 16:30:00,0,
2025.04.16 17:04:59,scan_executed_new_execution_bar,USDJPY,2025.04.16 16:45:00,0,
2025.04.16 17:09:59,scan_skipped_same_execution_bar,USDJPY,2025.04.16 16:45:00,0,
2025.04.16 17:19:59,scan_executed_new_execution_bar,USDJPY,2025.04.16 17:00:00,0,
2025.04.16 17:24:59,scan_skipped_same_execution_bar,USDJPY,2025.04.16 17:00:00,0,
2025.04.16 17:34:59,scan_executed_new_execution_bar,USDJPY,2025.04.16 17:15:00,0,
2025.04.16 17:39:59,scan_skipped_same_execution_bar,USDJPY,2025.04.16 17:15:00,0,
2025.04.16 17:49:59,scan_executed_new_execution_bar,USDJPY,2025.04.16 17:30:00,16,
2025.04.16 17:54:59,scan_skipped_same_execution_bar,USDJPY,2025.04.16 17:30:00,0,
2025.04.16 18:04:59,scan_executed_new_execution_bar,USDJPY,2025.04.16 17:45:00,0,
2025.04.16 18:09:59,scan_skipped_same_execution_bar,USDJPY,2025.04.16 17:45:00,0,
2025.04.16 18:19:59,scan_executed_new_execution_bar,USDJPY,2025.04.16 18:00:00,15,
2025.04.16 18:24:59,scan_skipped_same_execution_bar,USDJPY,2025.04.16 18:00:00,0,
2025.04.16 18:34:59,scan_executed_new_execution_bar,USDJPY,2025.04.16 18:15:00,15,
2025.04.16 18:39:59,scan_skipped_same_execution_bar,USDJPY,2025.04.16 18:15:00,0,
2025.04.16 18:49:59,scan_executed_new_execution_bar,USDJPY,2025.04.16 18:30:00,0,
2025.04.16 18:54:59,scan_skipped_same_execution_bar,USDJPY,2025.04.16 18:30:00,0,
2025.04.16 19:04:59,scan_executed_new_execution_bar,USDJPY,2025.04.16 18:45:00,0,
2025.04.16 19:09:59,scan_skipped_same_execution_bar,USDJPY,2025.04.16 18:45:00,0,
2025.04.16 19:19:59,scan_executed_new_execution_bar,USDJPY,2025.04.16 19:00:00,0,
2025.04.16 19:24:58,scan_skipped_same_execution_bar,USDJPY,2025.04.16 19:00:00,0,
2025.04.16 19:34:59,scan_executed_new_execution_bar,USDJPY,2025.04.16 19:15:00,31,
2025.04.16 19:39:59,scan_skipped_same_execution_bar,USDJPY,2025.04.16 19:15:00,0,
2025.04.16 19:49:59,scan_executed_new_execution_bar,USDJPY,2025.04.16 19:30:00,0,
2025.04.16 19:54:59,scan_skipped_same_execution_bar,USDJPY,2025.04.16 19:30:00,0,
2025.04.16 20:04:59,scan_executed_new_execution_bar,USDJPY,2025.04.16 19:45:00,31,
2025.04.16 20:09:59,scan_skipped_same_execution_bar,USDJPY,2025.04.16 19:45:00,0,
2025.04.16 20:19:59,scan_executed_new_execution_bar,USDJPY,2025.04.16 20:00:00,16,
2025.04.16 20:24:59,scan_skipped_same_execution_bar,USDJPY,2025.04.16 20:00:00,0,
2025.04.16 20:34:59,scan_executed_new_execution_bar,USDJPY,2025.04.16 20:15:00,0,
2025.04.16 20:39:59,scan_skipped_same_execution_bar,USDJPY,2025.04.16 20:15:00,0,
2025.04.16 20:49:59,scan_executed_new_execution_bar,USDJPY,2025.04.16 20:30:00,0,
2025.04.16 20:54:59,scan_skipped_same_execution_bar,USDJPY,2025.04.16 20:30:00,0,
2025.04.16 21:04:59,scan_executed_new_execution_bar,USDJPY,2025.04.16 20:45:00,0,
2025.04.16 21:09:59,scan_skipped_same_execution_bar,USDJPY,2025.04.16 20:45:00,0,
2025.04.16 21:19:59,scan_executed_new_execution_bar,USDJPY,2025.04.16 21:00:00,16,
2025.04.16 21:24:59,scan_skipped_same_execution_bar,USDJPY,2025.04.16 21:00:00,0,
2025.04.16 21:34:59,scan_executed_new_execution_bar,USDJPY,2025.04.16 21:15:00,0,
2025.04.16 21:39:59,scan_skipped_same_execution_bar,USDJPY,2025.04.16 21:15:00,0,
2025.04.16 21:49:59,scan_executed_new_execution_bar,USDJPY,2025.04.16 21:30:00,0,
2025.04.16 21:54:59,scan_skipped_same_execution_bar,USDJPY,2025.04.16 21:30:00,0,
2025.04.16 22:04:59,scan_executed_new_execution_bar,USDJPY,2025.04.16 21:45:00,0,
2025.04.16 22:09:59,scan_skipped_same_execution_bar,USDJPY,2025.04.16 21:45:00,0,
2025.04.16 22:19:59,scan_executed_new_execution_bar,USDJPY,2025.04.16 22:00:00,0,
2025.04.16 22:24:59,scan_skipped_same_execution_bar,USDJPY,2025.04.16 22:00:00,0,
2025.04.16 22:34:59,scan_executed_new_execution_bar,USDJPY,2025.04.16 22:15:00,0,
2025.04.16 22:39:59,scan_skipped_same_execution_bar,USDJPY,2025.04.16 22:15:00,0,
2025.04.16 22:49:58,scan_executed_new_execution_bar,USDJPY,2025.04.16 22:30:00,78,
2025.04.16 22:54:59,scan_skipped_same_execution_bar,USDJPY,2025.04.16 22:30:00,0,
2025.04.16 23:04:59,scan_executed_new_execution_bar,USDJPY,2025.04.16 22:45:00,31,
2025.04.16 23:09:59,scan_skipped_same_execution_bar,USDJPY,2025.04.16 22:45:00,0,
2025.04.16 23:20:00,scan_executed_new_execution_bar,USDJPY,2025.04.16 23:00:00,0,
2025.04.16 23:24:59,scan_skipped_same_execution_bar,USDJPY,2025.04.16 23:00:00,0,
2025.04.16 23:34:59,scan_executed_new_execution_bar,USDJPY,2025.04.16 23:15:00,0,
2025.04.16 23:39:58,scan_skipped_same_execution_bar,USDJPY,2025.04.16 23:15:00,0,
2025.04.16 23:49:59,scan_executed_new_execution_bar,USDJPY,2025.04.16 23:30:00,0,
2025.04.16 23:54:59,scan_skipped_same_execution_bar,USDJPY,2025.04.16 23:30:00,0,
2025.04.17 00:04:51,scan_executed_new_execution_bar,USDJPY,2025.04.16 23:45:00,0,
2025.04.17 00:10:00,scan_skipped_same_execution_bar,USDJPY,2025.04.16 23:45:00,0,
2025.04.17 00:19:58,scan_executed_new_execution_bar,USDJPY,2025.04.17 00:00:00,0,
2025.04.17 00:24:59,scan_skipped_same_execution_bar,USDJPY,2025.04.17 00:00:00,0,
2025.04.17 00:34:58,scan_executed_new_execution_bar,USDJPY,2025.04.17 00:15:00,0,
2025.04.17 00:40:00,scan_skipped_same_execution_bar,USDJPY,2025.04.17 00:15:00,0,
2025.04.17 00:49:59,scan_executed_new_execution_bar,USDJPY,2025.04.17 00:30:00,0,
2025.04.17 00:54:59,scan_skipped_same_execution_bar,USDJPY,2025.04.17 00:30:00,0,
2025.04.17 01:04:58,scan_executed_new_execution_bar,USDJPY,2025.04.17 00:45:00,16,
2025.04.17 01:09:59,scan_skipped_same_execution_bar,USDJPY,2025.04.17 00:45:00,0,
2025.04.17 01:19:59,scan_executed_new_execution_bar,USDJPY,2025.04.17 01:00:00,46,
2025.04.17 01:24:59,scan_skipped_same_execution_bar,USDJPY,2025.04.17 01:00:00,0,
2025.04.17 01:34:59,scan_executed_new_execution_bar,USDJPY,2025.04.17 01:15:00,0,
2025.04.17 01:39:59,scan_skipped_same_execution_bar,USDJPY,2025.04.17 01:15:00,0,
2025.04.17 01:49:59,scan_executed_new_execution_bar,USDJPY,2025.04.17 01:30:00,0,
2025.04.17 01:54:59,scan_skipped_same_execution_bar,USDJPY,2025.04.17 01:30:00,0,
2025.04.17 02:05:00,scan_executed_new_execution_bar,USDJPY,2025.04.17 01:45:00,0,
2025.04.17 02:09:59,scan_skipped_same_execution_bar,USDJPY,2025.04.17 01:45:00,0,
2025.04.17 02:19:56,scan_executed_new_execution_bar,USDJPY,2025.04.17 02:00:00,0,
2025.04.17 02:24:58,scan_skipped_same_execution_bar,USDJPY,2025.04.17 02:00:00,0,
2025.04.17 02:34:59,scan_executed_new_execution_bar,USDJPY,2025.04.17 02:15:00,0,
2025.04.17 02:39:59,scan_skipped_same_execution_bar,USDJPY,2025.04.17 02:15:00,0,
2025.04.17 02:49:59,scan_executed_new_execution_bar,USDJPY,2025.04.17 02:30:00,0,
2025.04.17 02:54:59,scan_skipped_same_execution_bar,USDJPY,2025.04.17 02:30:00,0,
2025.04.17 03:04:59,scan_executed_new_execution_bar,USDJPY,2025.04.17 02:45:00,0,
2025.04.17 03:09:59,scan_skipped_same_execution_bar,USDJPY,2025.04.17 02:45:00,0,
2025.04.17 03:19:59,scan_executed_new_execution_bar,USDJPY,2025.04.17 03:00:00,0,
2025.04.17 03:24:59,scan_skipped_same_execution_bar,USDJPY,2025.04.17 03:00:00,0,
2025.04.17 03:34:59,scan_executed_new_execution_bar,USDJPY,2025.04.17 03:15:00,0,
2025.04.17 03:40:00,scan_skipped_same_execution_bar,USDJPY,2025.04.17 03:15:00,0,
2025.04.17 03:49:59,scan_executed_new_execution_bar,USDJPY,2025.04.17 03:30:00,0,
2025.04.17 03:54:59,scan_skipped_same_execution_bar,USDJPY,2025.04.17 03:30:00,0,
2025.04.17 04:04:59,scan_executed_new_execution_bar,USDJPY,2025.04.17 03:45:00,0,
2025.04.17 04:09:59,scan_skipped_same_execution_bar,USDJPY,2025.04.17 03:45:00,0,
2025.04.17 04:19:59,scan_executed_new_execution_bar,USDJPY,2025.04.17 04:00:00,0,
2025.04.17 04:24:59,scan_skipped_same_execution_bar,USDJPY,2025.04.17 04:00:00,0,
2025.04.17 04:34:59,scan_executed_new_execution_bar,USDJPY,2025.04.17 04:15:00,0,
2025.04.17 04:39:59,scan_skipped_same_execution_bar,USDJPY,2025.04.17 04:15:00,0,
2025.04.17 04:49:59,scan_executed_new_execution_bar,USDJPY,2025.04.17 04:30:00,0,
2025.04.17 04:54:59,scan_skipped_same_execution_bar,USDJPY,2025.04.17 04:30:00,0,
2025.04.17 05:04:59,scan_executed_new_execution_bar,USDJPY,2025.04.17 04:45:00,15,
2025.04.17 05:09:59,scan_skipped_same_execution_bar,USDJPY,2025.04.17 04:45:00,0,
2025.04.17 05:19:59,scan_executed_new_execution_bar,USDJPY,2025.04.17 05:00:00,0,
2025.04.17 05:24:59,scan_skipped_same_execution_bar,USDJPY,2025.04.17 05:00:00,0,
2025.04.17 05:34:58,scan_executed_new_execution_bar,USDJPY,2025.04.17 05:15:00,16,
2025.04.17 05:39:59,scan_skipped_same_execution_bar,USDJPY,2025.04.17 05:15:00,0,
2025.04.17 05:49:59,scan_executed_new_execution_bar,USDJPY,2025.04.17 05:30:00,0,
2025.04.17 05:54:59,scan_skipped_same_execution_bar,USDJPY,2025.04.17 05:30:00,0,
2025.04.17 06:04:59,scan_executed_new_execution_bar,USDJPY,2025.04.17 05:45:00,0,
2025.04.17 06:09:59,scan_skipped_same_execution_bar,USDJPY,2025.04.17 05:45:00,0,
2025.04.17 06:19:59,scan_executed_new_execution_bar,USDJPY,2025.04.17 06:00:00,31,
2025.04.17 06:24:58,scan_skipped_same_execution_bar,USDJPY,2025.04.17 06:00:00,0,
2025.04.17 06:34:59,scan_executed_new_execution_bar,USDJPY,2025.04.17 06:15:00,0,
2025.04.17 06:39:59,scan_skipped_same_execution_bar,USDJPY,2025.04.17 06:15:00,0,
2025.04.17 06:49:59,scan_executed_new_execution_bar,USDJPY,2025.04.17 06:30:00,0,
2025.04.17 06:54:59,scan_skipped_same_execution_bar,USDJPY,2025.04.17 06:30:00,0,
2025.04.17 07:04:59,scan_executed_new_execution_bar,USDJPY,2025.04.17 06:45:00,0,
2025.04.17 07:09:59,scan_skipped_same_execution_bar,USDJPY,2025.04.17 06:45:00,0,
2025.04.17 07:19:59,scan_executed_new_execution_bar,USDJPY,2025.04.17 07:00:00,0,
2025.04.17 07:24:59,scan_skipped_same_execution_bar,USDJPY,2025.04.17 07:00:00,0,
2025.04.17 07:34:59,scan_executed_new_execution_bar,USDJPY,2025.04.17 07:15:00,0,
2025.04.17 07:39:59,scan_skipped_same_execution_bar,USDJPY,2025.04.17 07:15:00,0,
2025.04.17 07:49:58,scan_executed_new_execution_bar,USDJPY,2025.04.17 07:30:00,0,
2025.04.17 07:54:59,scan_skipped_same_execution_bar,USDJPY,2025.04.17 07:30:00,0,
2025.04.17 08:04:59,scan_executed_new_execution_bar,USDJPY,2025.04.17 07:45:00,0,
2025.04.17 08:09:59,scan_skipped_same_execution_bar,USDJPY,2025.04.17 07:45:00,0,
2025.04.17 08:19:59,scan_executed_new_execution_bar,USDJPY,2025.04.17 08:00:00,0,
2025.04.17 08:24:59,scan_skipped_same_execution_bar,USDJPY,2025.04.17 08:00:00,0,
2025.04.17 08:34:59,scan_executed_new_execution_bar,USDJPY,2025.04.17 08:15:00,0,
2025.04.17 08:39:59,scan_skipped_same_execution_bar,USDJPY,2025.04.17 08:15:00,0,
2025.04.17 08:49:59,scan_executed_new_execution_bar,USDJPY,2025.04.17 08:30:00,0,
2025.04.17 08:54:59,scan_skipped_same_execution_bar,USDJPY,2025.04.17 08:30:00,0,
2025.04.17 09:04:59,scan_executed_new_execution_bar,USDJPY,2025.04.17 08:45:00,16,
2025.04.17 09:09:59,scan_skipped_same_execution_bar,USDJPY,2025.04.17 08:45:00,0,
2025.04.17 09:19:59,scan_executed_new_execution_bar,USDJPY,2025.04.17 09:00:00,0,
2025.04.17 09:24:59,scan_skipped_same_execution_bar,USDJPY,2025.04.17 09:00:00,0,
2025.04.17 09:34:59,scan_executed_new_execution_bar,USDJPY,2025.04.17 09:15:00,0,
2025.04.17 09:39:59,scan_skipped_same_execution_bar,USDJPY,2025.04.17 09:15:00,0,
2025.04.17 09:49:59,scan_executed_new_execution_bar,USDJPY,2025.04.17 09:30:00,16,
2025.04.17 09:54:59,scan_skipped_same_execution_bar,USDJPY,2025.04.17 09:30:00,0,
2025.04.17 10:04:59,scan_executed_new_execution_bar,USDJPY,2025.04.17 09:45:00,0,
2025.04.17 10:09:59,scan_skipped_same_execution_bar,USDJPY,2025.04.17 09:45:00,0,
2025.04.17 10:19:59,scan_executed_new_execution_bar,USDJPY,2025.04.17 10:00:00,16,
2025.04.17 10:24:59,scan_skipped_same_execution_bar,USDJPY,2025.04.17 10:00:00,0,
2025.04.17 10:34:59,scan_executed_new_execution_bar,USDJPY,2025.04.17 10:15:00,0,
2025.04.17 10:39:59,scan_skipped_same_execution_bar,USDJPY,2025.04.17 10:15:00,0,
2025.04.17 10:49:59,scan_executed_new_execution_bar,USDJPY,2025.04.17 10:30:00,16,
2025.04.17 10:54:59,scan_skipped_same_execution_bar,USDJPY,2025.04.17 10:30:00,0,
2025.04.17 11:04:59,scan_executed_new_execution_bar,USDJPY,2025.04.17 10:45:00,0,
2025.04.17 11:09:59,scan_skipped_same_execution_bar,USDJPY,2025.04.17 10:45:00,0,
2025.04.17 11:19:59,scan_executed_new_execution_bar,USDJPY,2025.04.17 11:00:00,0,
2025.04.17 11:24:59,scan_skipped_same_execution_bar,USDJPY,2025.04.17 11:00:00,0,
2025.04.17 11:34:59,scan_executed_new_execution_bar,USDJPY,2025.04.17 11:15:00,0,
2025.04.17 11:39:59,scan_skipped_same_execution_bar,USDJPY,2025.04.17 11:15:00,0,
2025.04.17 11:49:59,scan_executed_new_execution_bar,USDJPY,2025.04.17 11:30:00,15,
2025.04.17 11:54:59,scan_skipped_same_execution_bar,USDJPY,2025.04.17 11:30:00,0,
2025.04.17 12:04:59,scan_executed_new_execution_bar,USDJPY,2025.04.17 11:45:00,16,
2025.04.17 12:09:59,scan_skipped_same_execution_bar,USDJPY,2025.04.17 11:45:00,0,
2025.04.17 12:19:59,scan_executed_new_execution_bar,USDJPY,2025.04.17 12:00:00,0,
2025.04.17 12:24:59,scan_skipped_same_execution_bar,USDJPY,2025.04.17 12:00:00,0,
2025.04.17 12:34:59,scan_executed_new_execution_bar,USDJPY,2025.04.17 12:15:00,0,
2025.04.17 12:39:58,scan_skipped_same_execution_bar,USDJPY,2025.04.17 12:15:00,0,
2025.04.17 12:49:59,scan_executed_new_execution_bar,USDJPY,2025.04.17 12:30:00,15,
2025.04.17 12:54:59,scan_skipped_same_execution_bar,USDJPY,2025.04.17 12:30:00,0,
2025.04.17 13:04:59,scan_executed_new_execution_bar,USDJPY,2025.04.17 12:45:00,16,
2025.04.17 13:09:59,scan_skipped_same_execution_bar,USDJPY,2025.04.17 12:45:00,0,
2025.04.17 13:19:59,scan_executed_new_execution_bar,USDJPY,2025.04.17 13:00:00,15,
2025.04.17 13:24:59,scan_skipped_same_execution_bar,USDJPY,2025.04.17 13:00:00,0,
2025.04.17 13:34:59,scan_executed_new_execution_bar,USDJPY,2025.04.17 13:15:00,0,
2025.04.17 13:39:59,scan_skipped_same_execution_bar,USDJPY,2025.04.17 13:15:00,0,
2025.04.17 13:49:59,scan_executed_new_execution_bar,USDJPY,2025.04.17 13:30:00,32,
2025.04.17 13:54:59,scan_skipped_same_execution_bar,USDJPY,2025.04.17 13:30:00,0,
2025.04.17 14:04:59,scan_executed_new_execution_bar,USDJPY,2025.04.17 13:45:00,0,
2025.04.17 14:09:59,scan_skipped_same_execution_bar,USDJPY,2025.04.17 13:45:00,0,
2025.04.17 14:19:59,scan_executed_new_execution_bar,USDJPY,2025.04.17 14:00:00,0,
2025.04.17 14:24:59,scan_skipped_same_execution_bar,USDJPY,2025.04.17 14:00:00,0,
2025.04.17 14:34:59,scan_executed_new_execution_bar,USDJPY,2025.04.17 14:15:00,31,
2025.04.17 14:39:59,scan_skipped_same_execution_bar,USDJPY,2025.04.17 14:15:00,0,
2025.04.17 14:49:59,scan_executed_new_execution_bar,USDJPY,2025.04.17 14:30:00,0,
2025.04.17 14:54:59,scan_skipped_same_execution_bar,USDJPY,2025.04.17 14:30:00,0,
2025.04.17 15:04:59,scan_executed_new_execution_bar,USDJPY,2025.04.17 14:45:00,0,
2025.04.17 15:09:59,scan_skipped_same_execution_bar,USDJPY,2025.04.17 14:45:00,0,
2025.04.17 15:19:59,scan_executed_new_execution_bar,USDJPY,2025.04.17 15:00:00,0,
2025.04.17 15:24:59,scan_skipped_same_execution_bar,USDJPY,2025.04.17 15:00:00,0,
2025.04.17 15:34:59,scan_executed_new_execution_bar,USDJPY,2025.04.17 15:15:00,0,
2025.04.17 15:39:59,scan_skipped_same_execution_bar,USDJPY,2025.04.17 15:15:00,0,
2025.04.17 15:49:59,scan_executed_new_execution_bar,USDJPY,2025.04.17 15:30:00,47,
2025.04.17 15:54:59,scan_skipped_same_execution_bar,USDJPY,2025.04.17 15:30:00,0,
2025.04.17 16:04:59,scan_executed_new_execution_bar,USDJPY,2025.04.17 15:45:00,0,
2025.04.17 16:09:59,scan_skipped_same_execution_bar,USDJPY,2025.04.17 15:45:00,0,
2025.04.17 16:19:59,scan_executed_new_execution_bar,USDJPY,2025.04.17 16:00:00,0,
2025.04.17 16:24:59,scan_skipped_same_execution_bar,USDJPY,2025.04.17 16:00:00,0,
2025.04.17 16:34:59,scan_executed_new_execution_bar,USDJPY,2025.04.17 16:15:00,31,
2025.04.17 16:39:59,scan_skipped_same_execution_bar,USDJPY,2025.04.17 16:15:00,0,
2025.04.17 16:49:59,scan_executed_new_execution_bar,USDJPY,2025.04.17 16:30:00,0,
2025.04.17 16:55:00,scan_skipped_same_execution_bar,USDJPY,2025.04.17 16:30:00,0,
2025.04.17 17:04:59,scan_executed_new_execution_bar,USDJPY,2025.04.17 16:45:00,0,
2025.04.17 17:09:59,scan_skipped_same_execution_bar,USDJPY,2025.04.17 16:45:00,0,
2025.04.17 17:19:59,scan_executed_new_execution_bar,USDJPY,2025.04.17 17:00:00,16,
2025.04.17 17:24:59,scan_skipped_same_execution_bar,USDJPY,2025.04.17 17:00:00,0,
2025.04.17 17:34:59,scan_executed_new_execution_bar,USDJPY,2025.04.17 17:15:00,16,
2025.04.17 17:39:59,scan_skipped_same_execution_bar,USDJPY,2025.04.17 17:15:00,0,
2025.04.17 17:49:59,scan_executed_new_execution_bar,USDJPY,2025.04.17 17:30:00,16,
2025.04.17 17:54:59,scan_skipped_same_execution_bar,USDJPY,2025.04.17 17:30:00,0,
2025.04.17 18:04:59,scan_executed_new_execution_bar,USDJPY,2025.04.17 17:45:00,47,
2025.04.17 18:09:59,scan_skipped_same_execution_bar,USDJPY,2025.04.17 17:45:00,0,
2025.04.17 18:19:59,scan_executed_new_execution_bar,USDJPY,2025.04.17 18:00:00,62,
2025.04.17 18:24:59,scan_skipped_same_execution_bar,USDJPY,2025.04.17 18:00:00,0,
2025.04.17 18:34:59,scan_executed_new_execution_bar,USDJPY,2025.04.17 18:15:00,31,
2025.04.17 18:39:59,scan_skipped_same_execution_bar,USDJPY,2025.04.17 18:15:00,0,
2025.04.17 18:49:59,scan_executed_new_execution_bar,USDJPY,2025.04.17 18:30:00,31,
2025.04.17 18:54:59,scan_skipped_same_execution_bar,USDJPY,2025.04.17 18:30:00,0,
2025.04.17 19:04:59,scan_executed_new_execution_bar,USDJPY,2025.04.17 18:45:00,31,
2025.04.17 19:09:59,scan_skipped_same_execution_bar,USDJPY,2025.04.17 18:45:00,0,
2025.04.17 19:19:59,scan_executed_new_execution_bar,USDJPY,2025.04.17 19:00:00,16,
2025.04.17 19:24:59,scan_skipped_same_execution_bar,USDJPY,2025.04.17 19:00:00,0,
2025.04.17 19:34:59,scan_executed_new_execution_bar,USDJPY,2025.04.17 19:15:00,0,
2025.04.17 19:39:59,scan_skipped_same_execution_bar,USDJPY,2025.04.17 19:15:00,0,
2025.04.17 19:49:59,scan_executed_new_execution_bar,USDJPY,2025.04.17 19:30:00,31,
2025.04.17 19:54:59,scan_skipped_same_execution_bar,USDJPY,2025.04.17 19:30:00,0,
2025.04.17 20:04:59,scan_executed_new_execution_bar,USDJPY,2025.04.17 19:45:00,16,
2025.04.17 20:09:59,scan_skipped_same_execution_bar,USDJPY,2025.04.17 19:45:00,0,
2025.04.17 20:19:59,scan_executed_new_execution_bar,USDJPY,2025.04.17 20:00:00,16,
2025.04.17 20:24:59,scan_skipped_same_execution_bar,USDJPY,2025.04.17 20:00:00,0,
2025.04.17 20:34:59,scan_executed_new_execution_bar,USDJPY,2025.04.17 20:15:00,15,
2025.04.17 20:39:59,scan_skipped_same_execution_bar,USDJPY,2025.04.17 20:15:00,0,
2025.04.17 20:50:00,scan_executed_new_execution_bar,USDJPY,2025.04.17 20:30:00,0,
2025.04.17 20:54:59,scan_skipped_same_execution_bar,USDJPY,2025.04.17 20:30:00,0,
2025.04.17 21:04:59,scan_executed_new_execution_bar,USDJPY,2025.04.17 20:45:00,0,
2025.04.17 21:09:59,scan_skipped_same_execution_bar,USDJPY,2025.04.17 20:45:00,0,
2025.04.17 21:19:59,scan_executed_new_execution_bar,USDJPY,2025.04.17 21:00:00,15,
2025.04.17 21:24:59,scan_skipped_same_execution_bar,USDJPY,2025.04.17 21:00:00,0,
2025.04.17 21:34:59,scan_executed_new_execution_bar,USDJPY,2025.04.17 21:15:00,15,
2025.04.17 21:39:59,scan_skipped_same_execution_bar,USDJPY,2025.04.17 21:15:00,0,
2025.04.17 21:49:59,scan_executed_new_execution_bar,USDJPY,2025.04.17 21:30:00,0,
2025.04.17 21:54:59,scan_skipped_same_execution_bar,USDJPY,2025.04.17 21:30:00,0,
2025.04.17 22:04:59,scan_executed_new_execution_bar,USDJPY,2025.04.17 21:45:00,16,
2025.04.17 22:09:59,scan_skipped_same_execution_bar,USDJPY,2025.04.17 21:45:00,0,
2025.04.17 22:19:59,scan_executed_new_execution_bar,USDJPY,2025.04.17 22:00:00,47,
2025.04.17 22:24:59,scan_skipped_same_execution_bar,USDJPY,2025.04.17 22:00:00,0,
2025.04.17 22:34:59,scan_executed_new_execution_bar,USDJPY,2025.04.17 22:15:00,0,
2025.04.17 22:39:59,scan_skipped_same_execution_bar,USDJPY,2025.04.17 22:15:00,0,
2025.04.17 22:49:59,scan_executed_new_execution_bar,USDJPY,2025.04.17 22:30:00,0,
2025.04.17 22:54:59,scan_skipped_same_execution_bar,USDJPY,2025.04.17 22:30:00,0,
2025.04.17 23:04:59,scan_executed_new_execution_bar,USDJPY,2025.04.17 22:45:00,0,
2025.04.17 23:09:59,scan_skipped_same_execution_bar,USDJPY,2025.04.17 22:45:00,0,
2025.04.17 23:19:54,scan_executed_new_execution_bar,USDJPY,2025.04.17 23:00:00,0,
2025.04.17 23:24:59,scan_skipped_same_execution_bar,USDJPY,2025.04.17 23:00:00,0,
2025.04.17 23:35:00,scan_executed_new_execution_bar,USDJPY,2025.04.17 23:15:00,0,
2025.04.17 23:39:58,scan_skipped_same_execution_bar,USDJPY,2025.04.17 23:15:00,0,
2025.04.17 23:49:59,scan_executed_new_execution_bar,USDJPY,2025.04.17 23:30:00,0,
2025.04.17 23:54:59,scan_skipped_same_execution_bar,USDJPY,2025.04.17 23:30:00,0,
2025.04.18 00:04:58,scan_executed_new_execution_bar,USDJPY,2025.04.17 23:45:00,0,
2025.04.18 00:09:51,scan_skipped_same_execution_bar,USDJPY,2025.04.17 23:45:00,0,
2025.04.18 00:19:59,scan_executed_new_execution_bar,USDJPY,2025.04.18 00:00:00,0,
2025.04.18 00:24:58,scan_skipped_same_execution_bar,USDJPY,2025.04.18 00:00:00,0,
2025.04.18 00:34:59,scan_executed_new_execution_bar,USDJPY,2025.04.18 00:15:00,0,
2025.04.18 00:39:59,scan_skipped_same_execution_bar,USDJPY,2025.04.18 00:15:00,0,
2025.04.18 00:49:59,scan_executed_new_execution_bar,USDJPY,2025.04.18 00:30:00,0,
2025.04.18 00:54:58,scan_skipped_same_execution_bar,USDJPY,2025.04.18 00:30:00,0,
2025.04.18 01:04:59,scan_executed_new_execution_bar,USDJPY,2025.04.18 00:45:00,0,
2025.04.18 01:09:59,scan_skipped_same_execution_bar,USDJPY,2025.04.18 00:45:00,0,
2025.04.18 01:19:59,scan_executed_new_execution_bar,USDJPY,2025.04.18 01:00:00,0,
2025.04.18 01:24:59,scan_skipped_same_execution_bar,USDJPY,2025.04.18 01:00:00,0,
2025.04.18 01:34:59,scan_executed_new_execution_bar,USDJPY,2025.04.18 01:15:00,0,
2025.04.18 01:39:56,scan_skipped_same_execution_bar,USDJPY,2025.04.18 01:15:00,0,
2025.04.18 01:49:58,scan_executed_new_execution_bar,USDJPY,2025.04.18 01:30:00,0,
2025.04.18 01:54:59,scan_skipped_same_execution_bar,USDJPY,2025.04.18 01:30:00,0,
2025.04.18 02:04:59,scan_executed_new_execution_bar,USDJPY,2025.04.18 01:45:00,0,
2025.04.18 02:09:58,scan_skipped_same_execution_bar,USDJPY,2025.04.18 01:45:00,0,
2025.04.18 02:19:59,scan_executed_new_execution_bar,USDJPY,2025.04.18 02:00:00,0,
2025.04.18 02:24:59,scan_skipped_same_execution_bar,USDJPY,2025.04.18 02:00:00,0,
2025.04.18 02:34:57,scan_executed_new_execution_bar,USDJPY,2025.04.18 02:15:00,0,
2025.04.18 02:39:59,scan_skipped_same_execution_bar,USDJPY,2025.04.18 02:15:00,0,
2025.04.18 02:49:59,scan_executed_new_execution_bar,USDJPY,2025.04.18 02:30:00,0,
2025.04.18 02:54:59,scan_skipped_same_execution_bar,USDJPY,2025.04.18 02:30:00,0,
2025.04.18 03:04:59,scan_executed_new_execution_bar,USDJPY,2025.04.18 02:45:00,0,
2025.04.18 03:09:59,scan_skipped_same_execution_bar,USDJPY,2025.04.18 02:45:00,0,
2025.04.18 03:19:59,scan_executed_new_execution_bar,USDJPY,2025.04.18 03:00:00,0,
2025.04.18 03:25:00,scan_skipped_same_execution_bar,USDJPY,2025.04.18 03:00:00,0,
2025.04.18 03:34:59,scan_executed_new_execution_bar,USDJPY,2025.04.18 03:15:00,0,
2025.04.18 03:39:59,scan_skipped_same_execution_bar,USDJPY,2025.04.18 03:15:00,0,
2025.04.18 03:49:59,scan_executed_new_execution_bar,USDJPY,2025.04.18 03:30:00,0,
2025.04.18 03:54:59,scan_skipped_same_execution_bar,USDJPY,2025.04.18 03:30:00,0,
2025.04.18 04:04:59,scan_executed_new_execution_bar,USDJPY,2025.04.18 03:45:00,16,
2025.04.18 04:09:59,scan_skipped_same_execution_bar,USDJPY,2025.04.18 03:45:00,0,
2025.04.18 04:19:59,scan_executed_new_execution_bar,USDJPY,2025.04.18 04:00:00,16,
2025.04.18 04:24:59,scan_skipped_same_execution_bar,USDJPY,2025.04.18 04:00:00,0,
2025.04.18 04:34:59,scan_executed_new_execution_bar,USDJPY,2025.04.18 04:15:00,0,
2025.04.18 04:39:59,scan_skipped_same_execution_bar,USDJPY,2025.04.18 04:15:00,0,
2025.04.18 04:49:59,scan_executed_new_execution_bar,USDJPY,2025.04.18 04:30:00,0,
2025.04.18 04:54:59,scan_skipped_same_execution_bar,USDJPY,2025.04.18 04:30:00,0,
2025.04.18 05:04:59,scan_executed_new_execution_bar,USDJPY,2025.04.18 04:45:00,0,
2025.04.18 05:09:59,scan_skipped_same_execution_bar,USDJPY,2025.04.18 04:45:00,0,
2025.04.18 05:19:59,scan_executed_new_execution_bar,USDJPY,2025.04.18 05:00:00,0,
2025.04.18 05:24:59,scan_skipped_same_execution_bar,USDJPY,2025.04.18 05:00:00,0,
2025.04.18 05:34:59,scan_executed_new_execution_bar,USDJPY,2025.04.18 05:15:00,0,
2025.04.18 05:39:59,scan_skipped_same_execution_bar,USDJPY,2025.04.18 05:15:00,0,
2025.04.18 05:49:59,scan_executed_new_execution_bar,USDJPY,2025.04.18 05:30:00,0,
2025.04.18 05:54:59,scan_skipped_same_execution_bar,USDJPY,2025.04.18 05:30:00,0,
2025.04.18 06:05:00,scan_executed_new_execution_bar,USDJPY,2025.04.18 05:45:00,0,
2025.04.18 06:09:59,scan_skipped_same_execution_bar,USDJPY,2025.04.18 05:45:00,0,
2025.04.18 06:19:59,scan_executed_new_execution_bar,USDJPY,2025.04.18 06:00:00,0,
2025.04.18 06:24:59,scan_skipped_same_execution_bar,USDJPY,2025.04.18 06:00:00,0,
2025.04.18 06:34:59,scan_executed_new_execution_bar,USDJPY,2025.04.18 06:15:00,0,
2025.04.18 06:39:59,scan_skipped_same_execution_bar,USDJPY,2025.04.18 06:15:00,0,
2025.04.18 06:49:59,scan_executed_new_execution_bar,USDJPY,2025.04.18 06:30:00,0,
2025.04.18 06:54:59,scan_skipped_same_execution_bar,USDJPY,2025.04.18 06:30:00,0,
2025.04.18 07:04:59,scan_executed_new_execution_bar,USDJPY,2025.04.18 06:45:00,0,
2025.04.18 07:09:59,scan_skipped_same_execution_bar,USDJPY,2025.04.18 06:45:00,0,
2025.04.18 07:19:59,scan_executed_new_execution_bar,USDJPY,2025.04.18 07:00:00,0,
2025.04.18 07:24:59,scan_skipped_same_execution_bar,USDJPY,2025.04.18 07:00:00,0,
2025.04.18 07:34:59,scan_executed_new_execution_bar,USDJPY,2025.04.18 07:15:00,0,
2025.04.18 07:39:59,scan_skipped_same_execution_bar,USDJPY,2025.04.18 07:15:00,0,
2025.04.18 07:50:00,scan_executed_new_execution_bar,USDJPY,2025.04.18 07:30:00,0,
2025.04.18 07:54:59,scan_skipped_same_execution_bar,USDJPY,2025.04.18 07:30:00,0,
2025.04.18 08:04:59,scan_executed_new_execution_bar,USDJPY,2025.04.18 07:45:00,0,
2025.04.18 08:09:59,scan_skipped_same_execution_bar,USDJPY,2025.04.18 07:45:00,0,
2025.04.18 08:19:59,scan_executed_new_execution_bar,USDJPY,2025.04.18 08:00:00,0,
2025.04.18 08:24:59,scan_skipped_same_execution_bar,USDJPY,2025.04.18 08:00:00,0,
2025.04.18 08:34:59,scan_executed_new_execution_bar,USDJPY,2025.04.18 08:15:00,0,
2025.04.18 08:39:59,scan_skipped_same_execution_bar,USDJPY,2025.04.18 08:15:00,0,
2025.04.18 08:49:59,scan_executed_new_execution_bar,USDJPY,2025.04.18 08:30:00,0,
2025.04.18 08:54:59,scan_skipped_same_execution_bar,USDJPY,2025.04.18 08:30:00,0,
2025.04.18 09:04:59,scan_executed_new_execution_bar,USDJPY,2025.04.18 08:45:00,0,
2025.04.18 09:09:59,scan_skipped_same_execution_bar,USDJPY,2025.04.18 08:45:00,0,
2025.04.18 09:19:59,scan_executed_new_execution_bar,USDJPY,2025.04.18 09:00:00,0,
2025.04.18 09:24:59,scan_skipped_same_execution_bar,USDJPY,2025.04.18 09:00:00,0,
2025.04.18 09:34:59,scan_executed_new_execution_bar,USDJPY,2025.04.18 09:15:00,0,
2025.04.18 09:40:00,scan_skipped_same_execution_bar,USDJPY,2025.04.18 09:15:00,0,
2025.04.18 09:49:59,scan_executed_new_execution_bar,USDJPY,2025.04.18 09:30:00,0,
2025.04.18 09:55:00,scan_skipped_same_execution_bar,USDJPY,2025.04.18 09:30:00,0,
2025.04.18 10:04:59,scan_executed_new_execution_bar,USDJPY,2025.04.18 09:45:00,0,
2025.04.18 10:09:59,scan_skipped_same_execution_bar,USDJPY,2025.04.18 09:45:00,0,
2025.04.18 10:19:59,scan_executed_new_execution_bar,USDJPY,2025.04.18 10:00:00,0,
2025.04.18 10:24:59,scan_skipped_same_execution_bar,USDJPY,2025.04.18 10:00:00,0,
2025.04.18 10:34:59,scan_executed_new_execution_bar,USDJPY,2025.04.18 10:15:00,0,
2025.04.18 10:39:59,scan_skipped_same_execution_bar,USDJPY,2025.04.18 10:15:00,0,
2025.04.18 10:49:59,scan_executed_new_execution_bar,USDJPY,2025.04.18 10:30:00,0,
2025.04.18 10:54:59,scan_skipped_same_execution_bar,USDJPY,2025.04.18 10:30:00,0,
2025.04.18 11:04:59,scan_executed_new_execution_bar,USDJPY,2025.04.18 10:45:00,0,
2025.04.18 11:09:59,scan_skipped_same_execution_bar,USDJPY,2025.04.18 10:45:00,0,
2025.04.18 11:19:59,scan_executed_new_execution_bar,USDJPY,2025.04.18 11:00:00,0,
2025.04.18 11:24:59,scan_skipped_same_execution_bar,USDJPY,2025.04.18 11:00:00,0,
2025.04.18 11:34:59,scan_executed_new_execution_bar,USDJPY,2025.04.18 11:15:00,0,
2025.04.18 11:39:59,scan_skipped_same_execution_bar,USDJPY,2025.04.18 11:15:00,0,
2025.04.18 11:49:59,scan_executed_new_execution_bar,USDJPY,2025.04.18 11:30:00,16,
2025.04.18 11:54:59,scan_skipped_same_execution_bar,USDJPY,2025.04.18 11:30:00,0,
2025.04.18 12:04:59,scan_executed_new_execution_bar,USDJPY,2025.04.18 11:45:00,0,
2025.04.18 12:09:59,scan_skipped_same_execution_bar,USDJPY,2025.04.18 11:45:00,0,
2025.04.18 12:19:59,scan_executed_new_execution_bar,USDJPY,2025.04.18 12:00:00,0,
2025.04.18 12:24:59,scan_skipped_same_execution_bar,USDJPY,2025.04.18 12:00:00,0,
2025.04.18 12:34:59,scan_executed_new_execution_bar,USDJPY,2025.04.18 12:15:00,0,
2025.04.18 12:39:59,scan_skipped_same_execution_bar,USDJPY,2025.04.18 12:15:00,0,
2025.04.18 12:49:59,scan_executed_new_execution_bar,USDJPY,2025.04.18 12:30:00,0,
2025.04.18 12:54:59,scan_skipped_same_execution_bar,USDJPY,2025.04.18 12:30:00,0,
2025.04.18 13:04:59,scan_executed_new_execution_bar,USDJPY,2025.04.18 12:45:00,0,
2025.04.18 13:09:59,scan_skipped_same_execution_bar,USDJPY,2025.04.18 12:45:00,0,
2025.04.18 13:19:59,scan_executed_new_execution_bar,USDJPY,2025.04.18 13:00:00,0,
2025.04.18 13:24:59,scan_skipped_same_execution_bar,USDJPY,2025.04.18 13:00:00,0,
2025.04.18 13:34:59,scan_executed_new_execution_bar,USDJPY,2025.04.18 13:15:00,16,
2025.04.18 13:39:59,scan_skipped_same_execution_bar,USDJPY,2025.04.18 13:15:00,0,
2025.04.18 13:49:59,scan_executed_new_execution_bar,USDJPY,2025.04.18 13:30:00,0,
2025.04.18 13:54:59,scan_skipped_same_execution_bar,USDJPY,2025.04.18 13:30:00,0,
2025.04.18 14:04:59,scan_executed_new_execution_bar,USDJPY,2025.04.18 13:45:00,0,
2025.04.18 14:09:59,scan_skipped_same_execution_bar,USDJPY,2025.04.18 13:45:00,0,
2025.04.18 14:19:59,scan_executed_new_execution_bar,USDJPY,2025.04.18 14:00:00,16,
2025.04.18 14:24:59,scan_skipped_same_execution_bar,USDJPY,2025.04.18 14:00:00,0,
2025.04.18 14:34:59,scan_executed_new_execution_bar,USDJPY,2025.04.18 14:15:00,0,
2025.04.18 14:39:59,scan_skipped_same_execution_bar,USDJPY,2025.04.18 14:15:00,0,
2025.04.18 14:49:59,scan_executed_new_execution_bar,USDJPY,2025.04.18 14:30:00,0,
2025.04.18 14:54:59,scan_skipped_same_execution_bar,USDJPY,2025.04.18 14:30:00,0,
2025.04.18 15:04:59,scan_executed_new_execution_bar,USDJPY,2025.04.18 14:45:00,0,
2025.04.18 15:09:59,scan_skipped_same_execution_bar,USDJPY,2025.04.18 14:45:00,0,
2025.04.18 15:19:59,scan_executed_new_execution_bar,USDJPY,2025.04.18 15:00:00,0,
2025.04.18 15:25:00,scan_skipped_same_execution_bar,USDJPY,2025.04.18 15:00:00,0,
2025.04.18 15:34:59,scan_executed_new_execution_bar,USDJPY,2025.04.18 15:15:00,0,
2025.04.18 15:39:59,scan_skipped_same_execution_bar,USDJPY,2025.04.18 15:15:00,0,
2025.04.18 15:49:59,scan_executed_new_execution_bar,USDJPY,2025.04.18 15:30:00,32,
2025.04.18 15:54:59,scan_skipped_same_execution_bar,USDJPY,2025.04.18 15:30:00,0,
2025.04.18 16:04:59,scan_executed_new_execution_bar,USDJPY,2025.04.18 15:45:00,0,
2025.04.18 16:09:59,scan_skipped_same_execution_bar,USDJPY,2025.04.18 15:45:00,0,
2025.04.18 16:19:59,scan_executed_new_execution_bar,USDJPY,2025.04.18 16:00:00,16,
2025.04.18 16:24:59,scan_skipped_same_execution_bar,USDJPY,2025.04.18 16:00:00,0,
2025.04.18 16:34:59,scan_executed_new_execution_bar,USDJPY,2025.04.18 16:15:00,0,
2025.04.18 16:39:59,scan_skipped_same_execution_bar,USDJPY,2025.04.18 16:15:00,0,
2025.04.18 16:49:59,scan_executed_new_execution_bar,USDJPY,2025.04.18 16:30:00,0,
2025.04.18 16:54:59,scan_skipped_same_execution_bar,USDJPY,2025.04.18 16:30:00,0,
2025.04.18 17:04:59,scan_executed_new_execution_bar,USDJPY,2025.04.18 16:45:00,16,
2025.04.18 17:09:59,scan_skipped_same_execution_bar,USDJPY,2025.04.18 16:45:00,0,
2025.04.18 17:19:59,scan_executed_new_execution_bar,USDJPY,2025.04.18 17:00:00,0,
2025.04.18 17:24:59,scan_skipped_same_execution_bar,USDJPY,2025.04.18 17:00:00,0,
2025.04.18 17:34:59,scan_executed_new_execution_bar,USDJPY,2025.04.18 17:15:00,16,
2025.04.18 17:39:59,scan_skipped_same_execution_bar,USDJPY,2025.04.18 17:15:00,0,
2025.04.18 17:49:59,scan_executed_new_execution_bar,USDJPY,2025.04.18 17:30:00,15,
2025.04.18 17:54:59,scan_skipped_same_execution_bar,USDJPY,2025.04.18 17:30:00,0,
2025.04.18 18:04:59,scan_executed_new_execution_bar,USDJPY,2025.04.18 17:45:00,0,
2025.04.18 18:10:00,scan_skipped_same_execution_bar,USDJPY,2025.04.18 17:45:00,0,
2025.04.18 18:19:59,scan_executed_new_execution_bar,USDJPY,2025.04.18 18:00:00,16,
2025.04.18 18:24:59,scan_skipped_same_execution_bar,USDJPY,2025.04.18 18:00:00,0,
2025.04.18 18:34:59,scan_executed_new_execution_bar,USDJPY,2025.04.18 18:15:00,16,
2025.04.18 18:39:59,scan_skipped_same_execution_bar,USDJPY,2025.04.18 18:15:00,0,
2025.04.18 18:49:59,scan_executed_new_execution_bar,USDJPY,2025.04.18 18:30:00,0,
2025.04.18 18:54:59,scan_skipped_same_execution_bar,USDJPY,2025.04.18 18:30:00,0,
2025.04.18 19:04:59,scan_executed_new_execution_bar,USDJPY,2025.04.18 18:45:00,0,
2025.04.18 19:09:59,scan_skipped_same_execution_bar,USDJPY,2025.04.18 18:45:00,0,
2025.04.18 19:19:59,scan_executed_new_execution_bar,USDJPY,2025.04.18 19:00:00,0,
2025.04.18 19:24:59,scan_skipped_same_execution_bar,USDJPY,2025.04.18 19:00:00,0,
2025.04.18 19:34:59,scan_executed_new_execution_bar,USDJPY,2025.04.18 19:15:00,0,
2025.04.18 19:40:00,scan_skipped_same_execution_bar,USDJPY,2025.04.18 19:15:00,0,
2025.04.18 19:49:59,scan_executed_new_execution_bar,USDJPY,2025.04.18 19:30:00,31,
2025.04.18 19:54:59,scan_skipped_same_execution_bar,USDJPY,2025.04.18 19:30:00,0,
2025.04.18 20:04:59,scan_executed_new_execution_bar,USDJPY,2025.04.18 19:45:00,0,
2025.04.18 20:09:59,scan_skipped_same_execution_bar,USDJPY,2025.04.18 19:45:00,0,
2025.04.18 20:19:59,scan_executed_new_execution_bar,USDJPY,2025.04.18 20:00:00,16,
2025.04.18 20:24:59,scan_skipped_same_execution_bar,USDJPY,2025.04.18 20:00:00,0,
2025.04.18 20:34:59,scan_executed_new_execution_bar,USDJPY,2025.04.18 20:15:00,0,
2025.04.18 20:39:59,scan_skipped_same_execution_bar,USDJPY,2025.04.18 20:15:00,0,
2025.04.18 20:49:59,scan_executed_new_execution_bar,USDJPY,2025.04.18 20:30:00,0,
2025.04.18 20:54:59,scan_skipped_same_execution_bar,USDJPY,2025.04.18 20:30:00,0,
2025.04.18 21:04:59,scan_executed_new_execution_bar,USDJPY,2025.04.18 20:45:00,0,
2025.04.18 21:09:59,scan_skipped_same_execution_bar,USDJPY,2025.04.18 20:45:00,0,
2025.04.18 21:19:59,scan_executed_new_execution_bar,USDJPY,2025.04.18 21:00:00,0,
2025.04.18 21:24:59,scan_skipped_same_execution_bar,USDJPY,2025.04.18 21:00:00,0,
2025.04.18 21:34:59,scan_executed_new_execution_bar,USDJPY,2025.04.18 21:15:00,0,
2025.04.18 21:39:59,scan_skipped_same_execution_bar,USDJPY,2025.04.18 21:15:00,0,
2025.04.18 21:49:59,scan_executed_new_execution_bar,USDJPY,2025.04.18 21:30:00,0,
2025.04.18 21:54:59,scan_skipped_same_execution_bar,USDJPY,2025.04.18 21:30:00,0,
2025.04.18 22:04:59,scan_executed_new_execution_bar,USDJPY,2025.04.18 21:45:00,0,
2025.04.18 22:09:59,scan_skipped_same_execution_bar,USDJPY,2025.04.18 21:45:00,0,
2025.04.18 22:19:59,scan_executed_new_execution_bar,USDJPY,2025.04.18 22:00:00,0,
2025.04.18 22:24:59,scan_skipped_same_execution_bar,USDJPY,2025.04.18 22:00:00,0,
2025.04.18 22:34:59,scan_executed_new_execution_bar,USDJPY,2025.04.18 22:15:00,0,
2025.04.18 22:39:59,scan_skipped_same_execution_bar,USDJPY,2025.04.18 22:15:00,0,
2025.04.18 22:49:59,scan_executed_new_execution_bar,USDJPY,2025.04.18 22:30:00,0,
2025.04.18 22:54:59,scan_skipped_same_execution_bar,USDJPY,2025.04.18 22:30:00,0,
2025.04.18 23:04:59,scan_executed_new_execution_bar,USDJPY,2025.04.18 22:45:00,0,
2025.04.18 23:09:59,scan_skipped_same_execution_bar,USDJPY,2025.04.18 22:45:00,0,
2025.04.18 23:19:59,scan_executed_new_execution_bar,USDJPY,2025.04.18 23:00:00,0,
2025.04.18 23:24:59,scan_skipped_same_execution_bar,USDJPY,2025.04.18 23:00:00,0,
2025.04.18 23:34:59,scan_executed_new_execution_bar,USDJPY,2025.04.18 23:15:00,0,
2025.04.18 23:39:59,scan_skipped_same_execution_bar,USDJPY,2025.04.18 23:15:00,0,
2025.04.18 23:49:59,scan_executed_new_execution_bar,USDJPY,2025.04.18 23:30:00,0,
2025.04.18 23:54:59,scan_skipped_same_execution_bar,USDJPY,2025.04.18 23:30:00,0,
2025.04.21 00:04:59,scan_executed_new_execution_bar,USDJPY,2025.04.18 23:45:00,0,
2025.04.21 00:09:59,scan_skipped_same_execution_bar,USDJPY,2025.04.18 23:45:00,0,
2025.04.21 00:19:59,scan_executed_new_execution_bar,USDJPY,2025.04.21 00:00:00,0,
2025.04.21 00:24:59,scan_skipped_same_execution_bar,USDJPY,2025.04.21 00:00:00,0,
2025.04.21 00:34:58,scan_executed_new_execution_bar,USDJPY,2025.04.21 00:15:00,0,
2025.04.21 00:40:00,scan_skipped_same_execution_bar,USDJPY,2025.04.21 00:15:00,0,
2025.04.21 00:49:59,scan_executed_new_execution_bar,USDJPY,2025.04.21 00:30:00,0,
2025.04.21 00:54:57,scan_skipped_same_execution_bar,USDJPY,2025.04.21 00:30:00,0,
2025.04.21 01:04:59,scan_executed_new_execution_bar,USDJPY,2025.04.21 00:45:00,0,
2025.04.21 01:09:59,scan_skipped_same_execution_bar,USDJPY,2025.04.21 00:45:00,0,
2025.04.21 01:19:59,scan_executed_new_execution_bar,USDJPY,2025.04.21 01:00:00,0,
2025.04.21 01:24:59,scan_skipped_same_execution_bar,USDJPY,2025.04.21 01:00:00,0,
2025.04.21 01:34:59,scan_executed_new_execution_bar,USDJPY,2025.04.21 01:15:00,0,
2025.04.21 01:39:59,scan_skipped_same_execution_bar,USDJPY,2025.04.21 01:15:00,0,
2025.04.21 01:49:59,scan_executed_new_execution_bar,USDJPY,2025.04.21 01:30:00,0,
2025.04.21 01:54:59,scan_skipped_same_execution_bar,USDJPY,2025.04.21 01:30:00,0,
2025.04.21 02:04:59,scan_executed_new_execution_bar,USDJPY,2025.04.21 01:45:00,0,
2025.04.21 02:09:58,scan_skipped_same_execution_bar,USDJPY,2025.04.21 01:45:00,0,
2025.04.21 02:20:00,scan_executed_new_execution_bar,USDJPY,2025.04.21 02:00:00,0,
2025.04.21 02:24:59,scan_skipped_same_execution_bar,USDJPY,2025.04.21 02:00:00,0,
2025.04.21 02:34:59,scan_executed_new_execution_bar,USDJPY,2025.04.21 02:15:00,0,
2025.04.21 02:40:00,scan_skipped_same_execution_bar,USDJPY,2025.04.21 02:15:00,0,
2025.04.21 02:49:59,scan_executed_new_execution_bar,USDJPY,2025.04.21 02:30:00,31,
2025.04.21 02:54:59,scan_skipped_same_execution_bar,USDJPY,2025.04.21 02:30:00,0,
2025.04.21 03:04:59,scan_executed_new_execution_bar,USDJPY,2025.04.21 02:45:00,0,
2025.04.21 03:09:59,scan_skipped_same_execution_bar,USDJPY,2025.04.21 02:45:00,0,
2025.04.21 03:19:59,scan_executed_new_execution_bar,USDJPY,2025.04.21 03:00:00,0,
2025.04.21 03:24:59,scan_skipped_same_execution_bar,USDJPY,2025.04.21 03:00:00,0,
2025.04.21 03:34:59,scan_executed_new_execution_bar,USDJPY,2025.04.21 03:15:00,16,
2025.04.21 03:39:59,scan_skipped_same_execution_bar,USDJPY,2025.04.21 03:15:00,0,
2025.04.21 03:49:59,scan_executed_new_execution_bar,USDJPY,2025.04.21 03:30:00,32,
2025.04.21 03:54:59,scan_skipped_same_execution_bar,USDJPY,2025.04.21 03:30:00,0,
2025.04.21 04:04:59,scan_executed_new_execution_bar,USDJPY,2025.04.21 03:45:00,15,
2025.04.21 04:09:59,scan_skipped_same_execution_bar,USDJPY,2025.04.21 03:45:00,0,
2025.04.21 04:19:59,scan_executed_new_execution_bar,USDJPY,2025.04.21 04:00:00,0,
2025.04.21 04:24:59,scan_skipped_same_execution_bar,USDJPY,2025.04.21 04:00:00,0,
2025.04.21 04:34:59,scan_executed_new_execution_bar,USDJPY,2025.04.21 04:15:00,0,
2025.04.21 04:39:59,scan_skipped_same_execution_bar,USDJPY,2025.04.21 04:15:00,0,
2025.04.21 04:49:59,scan_executed_new_execution_bar,USDJPY,2025.04.21 04:30:00,16,
2025.04.21 04:55:00,scan_skipped_same_execution_bar,USDJPY,2025.04.21 04:30:00,0,
2025.04.21 05:04:59,scan_executed_new_execution_bar,USDJPY,2025.04.21 04:45:00,0,
2025.04.21 05:09:59,scan_skipped_same_execution_bar,USDJPY,2025.04.21 04:45:00,0,
2025.04.21 05:19:59,scan_executed_new_execution_bar,USDJPY,2025.04.21 05:00:00,0,
2025.04.21 05:24:59,scan_skipped_same_execution_bar,USDJPY,2025.04.21 05:00:00,0,
2025.04.21 05:34:59,scan_executed_new_execution_bar,USDJPY,2025.04.21 05:15:00,0,
2025.04.21 05:39:59,scan_skipped_same_execution_bar,USDJPY,2025.04.21 05:15:00,0,
2025.04.21 05:49:59,scan_executed_new_execution_bar,USDJPY,2025.04.21 05:30:00,32,
2025.04.21 05:54:58,scan_skipped_same_execution_bar,USDJPY,2025.04.21 05:30:00,0,
2025.04.21 06:04:59,scan_executed_new_execution_bar,USDJPY,2025.04.21 05:45:00,46,
2025.04.21 06:09:59,scan_skipped_same_execution_bar,USDJPY,2025.04.21 05:45:00,0,
2025.04.21 06:19:59,scan_executed_new_execution_bar,USDJPY,2025.04.21 06:00:00,16,
2025.04.21 06:24:59,scan_skipped_same_execution_bar,USDJPY,2025.04.21 06:00:00,0,
2025.04.21 06:34:59,scan_executed_new_execution_bar,USDJPY,2025.04.21 06:15:00,15,
2025.04.21 06:39:59,scan_skipped_same_execution_bar,USDJPY,2025.04.21 06:15:00,0,
2025.04.21 06:49:59,scan_executed_new_execution_bar,USDJPY,2025.04.21 06:30:00,0,
2025.04.21 06:54:59,scan_skipped_same_execution_bar,USDJPY,2025.04.21 06:30:00,0,
2025.04.21 07:04:59,scan_executed_new_execution_bar,USDJPY,2025.04.21 06:45:00,47,
2025.04.21 07:09:59,scan_skipped_same_execution_bar,USDJPY,2025.04.21 06:45:00,0,
2025.04.21 07:19:59,scan_executed_new_execution_bar,USDJPY,2025.04.21 07:00:00,47,
2025.04.21 07:24:59,scan_skipped_same_execution_bar,USDJPY,2025.04.21 07:00:00,0,
2025.04.21 07:34:59,scan_executed_new_execution_bar,USDJPY,2025.04.21 07:15:00,0,
2025.04.21 07:39:59,scan_skipped_same_execution_bar,USDJPY,2025.04.21 07:15:00,0,
2025.04.21 07:49:59,scan_executed_new_execution_bar,USDJPY,2025.04.21 07:30:00,31,
2025.04.21 07:54:59,scan_skipped_same_execution_bar,USDJPY,2025.04.21 07:30:00,0,
2025.04.21 08:04:59,scan_executed_new_execution_bar,USDJPY,2025.04.21 07:45:00,0,
2025.04.21 08:09:59,scan_skipped_same_execution_bar,USDJPY,2025.04.21 07:45:00,0,
2025.04.21 08:19:59,scan_executed_new_execution_bar,USDJPY,2025.04.21 08:00:00,0,
2025.04.21 08:24:59,scan_skipped_same_execution_bar,USDJPY,2025.04.21 08:00:00,0,
2025.04.21 08:34:59,scan_executed_new_execution_bar,USDJPY,2025.04.21 08:15:00,0,
2025.04.21 08:39:59,scan_skipped_same_execution_bar,USDJPY,2025.04.21 08:15:00,0,
2025.04.21 08:49:59,scan_executed_new_execution_bar,USDJPY,2025.04.21 08:30:00,16,
2025.04.21 08:54:59,scan_skipped_same_execution_bar,USDJPY,2025.04.21 08:30:00,0,
2025.04.21 09:04:59,scan_executed_new_execution_bar,USDJPY,2025.04.21 08:45:00,15,
2025.04.21 09:09:59,scan_skipped_same_execution_bar,USDJPY,2025.04.21 08:45:00,0,
2025.04.21 09:19:59,scan_executed_new_execution_bar,USDJPY,2025.04.21 09:00:00,47,
2025.04.21 09:24:58,scan_skipped_same_execution_bar,USDJPY,2025.04.21 09:00:00,0,
2025.04.21 09:34:59,scan_executed_new_execution_bar,USDJPY,2025.04.21 09:15:00,15,
2025.04.21 09:39:59,scan_skipped_same_execution_bar,USDJPY,2025.04.21 09:15:00,0,
2025.04.21 09:49:59,scan_executed_new_execution_bar,USDJPY,2025.04.21 09:30:00,0,
2025.04.21 09:54:59,scan_skipped_same_execution_bar,USDJPY,2025.04.21 09:30:00,0,
2025.04.21 10:04:59,scan_executed_new_execution_bar,USDJPY,2025.04.21 09:45:00,0,
2025.04.21 10:09:59,scan_skipped_same_execution_bar,USDJPY,2025.04.21 09:45:00,0,
2025.04.21 10:19:59,scan_executed_new_execution_bar,USDJPY,2025.04.21 10:00:00,0,
2025.04.21 10:24:59,scan_skipped_same_execution_bar,USDJPY,2025.04.21 10:00:00,0,
2025.04.21 10:34:59,scan_executed_new_execution_bar,USDJPY,2025.04.21 10:15:00,0,
2025.04.21 10:39:59,scan_skipped_same_execution_bar,USDJPY,2025.04.21 10:15:00,0,
2025.04.21 10:49:59,scan_executed_new_execution_bar,USDJPY,2025.04.21 10:30:00,0,
2025.04.21 10:55:00,scan_skipped_same_execution_bar,USDJPY,2025.04.21 10:30:00,0,
2025.04.21 11:04:59,scan_executed_new_execution_bar,USDJPY,2025.04.21 10:45:00,0,
2025.04.21 11:09:59,scan_skipped_same_execution_bar,USDJPY,2025.04.21 10:45:00,0,
2025.04.21 11:19:59,scan_executed_new_execution_bar,USDJPY,2025.04.21 11:00:00,63,
2025.04.21 11:24:59,scan_skipped_same_execution_bar,USDJPY,2025.04.21 11:00:00,0,
2025.04.21 11:34:59,scan_executed_new_execution_bar,USDJPY,2025.04.21 11:15:00,0,
2025.04.21 11:39:59,scan_skipped_same_execution_bar,USDJPY,2025.04.21 11:15:00,0,
2025.04.21 11:49:59,scan_executed_new_execution_bar,USDJPY,2025.04.21 11:30:00,0,
2025.04.21 11:54:59,scan_skipped_same_execution_bar,USDJPY,2025.04.21 11:30:00,0,
2025.04.21 12:04:59,scan_executed_new_execution_bar,USDJPY,2025.04.21 11:45:00,0,
2025.04.21 12:09:59,scan_skipped_same_execution_bar,USDJPY,2025.04.21 11:45:00,0,
2025.04.21 12:19:59,scan_executed_new_execution_bar,USDJPY,2025.04.21 12:00:00,0,
2025.04.21 12:24:59,scan_skipped_same_execution_bar,USDJPY,2025.04.21 12:00:00,0,
2025.04.21 12:34:59,scan_executed_new_execution_bar,USDJPY,2025.04.21 12:15:00,15,
2025.04.21 12:39:59,scan_skipped_same_execution_bar,USDJPY,2025.04.21 12:15:00,0,
2025.04.21 12:49:59,scan_executed_new_execution_bar,USDJPY,2025.04.21 12:30:00,0,
2025.04.21 12:54:59,scan_skipped_same_execution_bar,USDJPY,2025.04.21 12:30:00,0,
2025.04.21 13:04:59,scan_executed_new_execution_bar,USDJPY,2025.04.21 12:45:00,62,
2025.04.21 13:09:59,scan_skipped_same_execution_bar,USDJPY,2025.04.21 12:45:00,0,
2025.04.21 13:19:59,scan_executed_new_execution_bar,USDJPY,2025.04.21 13:00:00,31,
2025.04.21 13:24:58,scan_skipped_same_execution_bar,USDJPY,2025.04.21 13:00:00,0,
2025.04.21 13:34:59,scan_executed_new_execution_bar,USDJPY,2025.04.21 13:15:00,31,
2025.04.21 13:39:59,scan_skipped_same_execution_bar,USDJPY,2025.04.21 13:15:00,0,
2025.04.21 13:49:59,scan_executed_new_execution_bar,USDJPY,2025.04.21 13:30:00,0,
2025.04.21 13:54:59,scan_skipped_same_execution_bar,USDJPY,2025.04.21 13:30:00,0,
2025.04.21 14:04:59,scan_executed_new_execution_bar,USDJPY,2025.04.21 13:45:00,0,
2025.04.21 14:09:59,scan_skipped_same_execution_bar,USDJPY,2025.04.21 13:45:00,0,
2025.04.21 14:19:59,scan_executed_new_execution_bar,USDJPY,2025.04.21 14:00:00,31,
2025.04.21 14:24:59,scan_skipped_same_execution_bar,USDJPY,2025.04.21 14:00:00,0,
2025.04.21 14:34:59,scan_executed_new_execution_bar,USDJPY,2025.04.21 14:15:00,0,
2025.04.21 14:39:59,scan_skipped_same_execution_bar,USDJPY,2025.04.21 14:15:00,0,
2025.04.21 14:49:59,scan_executed_new_execution_bar,USDJPY,2025.04.21 14:30:00,0,
2025.04.21 14:54:59,scan_skipped_same_execution_bar,USDJPY,2025.04.21 14:30:00,0,
2025.04.21 15:04:59,scan_executed_new_execution_bar,USDJPY,2025.04.21 14:45:00,15,
2025.04.21 15:09:59,scan_skipped_same_execution_bar,USDJPY,2025.04.21 14:45:00,0,
2025.04.21 15:19:59,scan_executed_new_execution_bar,USDJPY,2025.04.21 15:00:00,0,
2025.04.21 15:24:59,scan_skipped_same_execution_bar,USDJPY,2025.04.21 15:00:00,0,
2025.04.21 15:34:59,scan_executed_new_execution_bar,USDJPY,2025.04.21 15:15:00,0,
2025.04.21 15:39:59,scan_skipped_same_execution_bar,USDJPY,2025.04.21 15:15:00,0,
2025.04.21 15:49:59,scan_executed_new_execution_bar,USDJPY,2025.04.21 15:30:00,0,
2025.04.21 15:54:59,scan_skipped_same_execution_bar,USDJPY,2025.04.21 15:30:00,0,
2025.04.21 16:04:59,scan_executed_new_execution_bar,USDJPY,2025.04.21 15:45:00,0,
2025.04.21 16:09:59,scan_skipped_same_execution_bar,USDJPY,2025.04.21 15:45:00,0,
2025.04.21 16:19:59,scan_executed_new_execution_bar,USDJPY,2025.04.21 16:00:00,0,
2025.04.21 16:24:59,scan_skipped_same_execution_bar,USDJPY,2025.04.21 16:00:00,0,
2025.04.21 16:34:59,scan_executed_new_execution_bar,USDJPY,2025.04.21 16:15:00,0,
2025.04.21 16:39:59,scan_skipped_same_execution_bar,USDJPY,2025.04.21 16:15:00,0,
2025.04.21 16:49:59,scan_executed_new_execution_bar,USDJPY,2025.04.21 16:30:00,0,
2025.04.21 16:54:59,scan_skipped_same_execution_bar,USDJPY,2025.04.21 16:30:00,0,
2025.04.21 17:04:59,scan_executed_new_execution_bar,USDJPY,2025.04.21 16:45:00,0,
2025.04.21 17:10:00,scan_skipped_same_execution_bar,USDJPY,2025.04.21 16:45:00,0,
2025.04.21 17:19:59,scan_executed_new_execution_bar,USDJPY,2025.04.21 17:00:00,16,
2025.04.21 17:24:59,scan_skipped_same_execution_bar,USDJPY,2025.04.21 17:00:00,0,
2025.04.21 17:34:59,scan_executed_new_execution_bar,USDJPY,2025.04.21 17:15:00,15,
2025.04.21 17:39:59,scan_skipped_same_execution_bar,USDJPY,2025.04.21 17:15:00,0,
2025.04.21 17:49:59,scan_executed_new_execution_bar,USDJPY,2025.04.21 17:30:00,0,
2025.04.21 17:54:59,scan_skipped_same_execution_bar,USDJPY,2025.04.21 17:30:00,0,
2025.04.21 18:04:59,scan_executed_new_execution_bar,USDJPY,2025.04.21 17:45:00,0,
2025.04.21 18:09:59,scan_skipped_same_execution_bar,USDJPY,2025.04.21 17:45:00,0,
2025.04.21 18:19:59,scan_executed_new_execution_bar,USDJPY,2025.04.21 18:00:00,0,
2025.04.21 18:24:59,scan_skipped_same_execution_bar,USDJPY,2025.04.21 18:00:00,0,
2025.04.21 18:34:59,scan_executed_new_execution_bar,USDJPY,2025.04.21 18:15:00,0,
2025.04.21 18:39:59,scan_skipped_same_execution_bar,USDJPY,2025.04.21 18:15:00,0,
2025.04.21 18:49:59,scan_executed_new_execution_bar,USDJPY,2025.04.21 18:30:00,0,
2025.04.21 18:54:59,scan_skipped_same_execution_bar,USDJPY,2025.04.21 18:30:00,0,
2025.04.21 19:04:59,scan_executed_new_execution_bar,USDJPY,2025.04.21 18:45:00,32,
2025.04.21 19:09:59,scan_skipped_same_execution_bar,USDJPY,2025.04.21 18:45:00,0,
2025.04.21 19:19:59,scan_executed_new_execution_bar,USDJPY,2025.04.21 19:00:00,0,
2025.04.21 19:25:00,scan_skipped_same_execution_bar,USDJPY,2025.04.21 19:00:00,0,
2025.04.21 19:34:59,scan_executed_new_execution_bar,USDJPY,2025.04.21 19:15:00,16,
2025.04.21 19:39:59,scan_skipped_same_execution_bar,USDJPY,2025.04.21 19:15:00,0,
2025.04.21 19:49:59,scan_executed_new_execution_bar,USDJPY,2025.04.21 19:30:00,0,
2025.04.21 19:54:59,scan_skipped_same_execution_bar,USDJPY,2025.04.21 19:30:00,0,
2025.04.21 20:04:59,scan_executed_new_execution_bar,USDJPY,2025.04.21 19:45:00,16,
2025.04.21 20:09:59,scan_skipped_same_execution_bar,USDJPY,2025.04.21 19:45:00,0,
2025.04.21 20:19:59,scan_executed_new_execution_bar,USDJPY,2025.04.21 20:00:00,0,
2025.04.21 20:24:59,scan_skipped_same_execution_bar,USDJPY,2025.04.21 20:00:00,0,
2025.04.21 20:34:59,scan_executed_new_execution_bar,USDJPY,2025.04.21 20:15:00,16,
2025.04.21 20:40:00,scan_skipped_same_execution_bar,USDJPY,2025.04.21 20:15:00,0,
2025.04.21 20:49:59,scan_executed_new_execution_bar,USDJPY,2025.04.21 20:30:00,0,
2025.04.21 20:54:59,scan_skipped_same_execution_bar,USDJPY,2025.04.21 20:30:00,0,
2025.04.21 21:04:59,scan_executed_new_execution_bar,USDJPY,2025.04.21 20:45:00,0,
2025.04.21 21:09:59,scan_skipped_same_execution_bar,USDJPY,2025.04.21 20:45:00,0,
2025.04.21 21:19:59,scan_executed_new_execution_bar,USDJPY,2025.04.21 21:00:00,0,
2025.04.21 21:24:59,scan_skipped_same_execution_bar,USDJPY,2025.04.21 21:00:00,0,
2025.04.21 21:34:59,scan_executed_new_execution_bar,USDJPY,2025.04.21 21:15:00,0,
2025.04.21 21:39:59,scan_skipped_same_execution_bar,USDJPY,2025.04.21 21:15:00,0,
2025.04.21 21:49:59,scan_executed_new_execution_bar,USDJPY,2025.04.21 21:30:00,0,
2025.04.21 21:54:59,scan_skipped_same_execution_bar,USDJPY,2025.04.21 21:30:00,0,
2025.04.21 22:04:59,scan_executed_new_execution_bar,USDJPY,2025.04.21 21:45:00,0,
2025.04.21 22:09:59,scan_skipped_same_execution_bar,USDJPY,2025.04.21 21:45:00,0,
2025.04.21 22:19:59,scan_executed_new_execution_bar,USDJPY,2025.04.21 22:00:00,16,
2025.04.21 22:24:59,scan_skipped_same_execution_bar,USDJPY,2025.04.21 22:00:00,0,
2025.04.21 22:34:59,scan_executed_new_execution_bar,USDJPY,2025.04.21 22:15:00,15,
2025.04.21 22:39:59,scan_skipped_same_execution_bar,USDJPY,2025.04.21 22:15:00,0,
2025.04.21 22:49:59,scan_executed_new_execution_bar,USDJPY,2025.04.21 22:30:00,16,
2025.04.21 22:54:59,scan_skipped_same_execution_bar,USDJPY,2025.04.21 22:30:00,0,
2025.04.21 23:04:59,scan_executed_new_execution_bar,USDJPY,2025.04.21 22:45:00,15,
2025.04.21 23:09:59,scan_skipped_same_execution_bar,USDJPY,2025.04.21 22:45:00,0,
2025.04.21 23:19:59,scan_executed_new_execution_bar,USDJPY,2025.04.21 23:00:00,0,
2025.04.21 23:24:59,scan_skipped_same_execution_bar,USDJPY,2025.04.21 23:00:00,0,
2025.04.21 23:34:59,scan_executed_new_execution_bar,USDJPY,2025.04.21 23:15:00,0,
2025.04.21 23:39:59,scan_skipped_same_execution_bar,USDJPY,2025.04.21 23:15:00,0,
2025.04.21 23:49:59,scan_executed_new_execution_bar,USDJPY,2025.04.21 23:30:00,0,
2025.04.21 23:54:58,scan_skipped_same_execution_bar,USDJPY,2025.04.21 23:30:00,0,
2025.04.22 00:04:57,scan_executed_new_execution_bar,USDJPY,2025.04.21 23:45:00,0,
2025.04.22 00:09:59,scan_skipped_same_execution_bar,USDJPY,2025.04.21 23:45:00,0,
2025.04.22 00:19:58,scan_executed_new_execution_bar,USDJPY,2025.04.22 00:00:00,0,
2025.04.22 00:24:56,scan_skipped_same_execution_bar,USDJPY,2025.04.22 00:00:00,0,
2025.04.22 00:34:59,scan_executed_new_execution_bar,USDJPY,2025.04.22 00:15:00,0,
2025.04.22 00:39:52,scan_skipped_same_execution_bar,USDJPY,2025.04.22 00:15:00,0,
2025.04.22 00:49:57,scan_executed_new_execution_bar,USDJPY,2025.04.22 00:30:00,0,
2025.04.22 00:54:58,scan_skipped_same_execution_bar,USDJPY,2025.04.22 00:30:00,0,
2025.04.22 01:04:58,scan_executed_new_execution_bar,USDJPY,2025.04.22 00:45:00,0,
2025.04.22 01:09:59,scan_skipped_same_execution_bar,USDJPY,2025.04.22 00:45:00,0,
2025.04.22 01:19:59,scan_executed_new_execution_bar,USDJPY,2025.04.22 01:00:00,0,
2025.04.22 01:24:59,scan_skipped_same_execution_bar,USDJPY,2025.04.22 01:00:00,0,
2025.04.22 01:34:59,scan_executed_new_execution_bar,USDJPY,2025.04.22 01:15:00,0,
2025.04.22 01:40:00,scan_skipped_same_execution_bar,USDJPY,2025.04.22 01:15:00,0,
2025.04.22 01:49:59,scan_executed_new_execution_bar,USDJPY,2025.04.22 01:30:00,0,
2025.04.22 01:54:59,scan_skipped_same_execution_bar,USDJPY,2025.04.22 01:30:00,0,
2025.04.22 02:04:59,scan_executed_new_execution_bar,USDJPY,2025.04.22 01:45:00,0,
2025.04.22 02:09:59,scan_skipped_same_execution_bar,USDJPY,2025.04.22 01:45:00,0,
2025.04.22 02:19:59,scan_executed_new_execution_bar,USDJPY,2025.04.22 02:00:00,0,
2025.04.22 02:24:55,scan_skipped_same_execution_bar,USDJPY,2025.04.22 02:00:00,0,
2025.04.22 02:34:59,scan_executed_new_execution_bar,USDJPY,2025.04.22 02:15:00,0,
2025.04.22 02:39:59,scan_skipped_same_execution_bar,USDJPY,2025.04.22 02:15:00,0,
2025.04.22 02:49:59,scan_executed_new_execution_bar,USDJPY,2025.04.22 02:30:00,0,
2025.04.22 02:54:59,scan_skipped_same_execution_bar,USDJPY,2025.04.22 02:30:00,0,
2025.04.22 03:04:59,scan_executed_new_execution_bar,USDJPY,2025.04.22 02:45:00,0,
2025.04.22 03:09:59,scan_skipped_same_execution_bar,USDJPY,2025.04.22 02:45:00,0,
2025.04.22 03:19:59,scan_executed_new_execution_bar,USDJPY,2025.04.22 03:00:00,0,
2025.04.22 03:24:59,scan_skipped_same_execution_bar,USDJPY,2025.04.22 03:00:00,0,
2025.04.22 03:34:59,scan_executed_new_execution_bar,USDJPY,2025.04.22 03:15:00,16,
2025.04.22 03:39:59,scan_skipped_same_execution_bar,USDJPY,2025.04.22 03:15:00,0,
2025.04.22 03:49:59,scan_executed_new_execution_bar,USDJPY,2025.04.22 03:30:00,0,
2025.04.22 03:54:59,scan_skipped_same_execution_bar,USDJPY,2025.04.22 03:30:00,0,
2025.04.22 04:04:59,scan_executed_new_execution_bar,USDJPY,2025.04.22 03:45:00,32,
2025.04.22 04:09:59,scan_skipped_same_execution_bar,USDJPY,2025.04.22 03:45:00,0,
2025.04.22 04:19:59,scan_executed_new_execution_bar,USDJPY,2025.04.22 04:00:00,16,
2025.04.22 04:24:59,scan_skipped_same_execution_bar,USDJPY,2025.04.22 04:00:00,0,
2025.04.22 04:34:59,scan_executed_new_execution_bar,USDJPY,2025.04.22 04:15:00,0,
2025.04.22 04:39:59,scan_skipped_same_execution_bar,USDJPY,2025.04.22 04:15:00,0,
2025.04.22 04:49:59,scan_executed_new_execution_bar,USDJPY,2025.04.22 04:30:00,0,
2025.04.22 04:54:59,scan_skipped_same_execution_bar,USDJPY,2025.04.22 04:30:00,0,
2025.04.22 05:04:59,scan_executed_new_execution_bar,USDJPY,2025.04.22 04:45:00,16,
2025.04.22 05:09:59,scan_skipped_same_execution_bar,USDJPY,2025.04.22 04:45:00,0,
2025.04.22 05:19:59,scan_executed_new_execution_bar,USDJPY,2025.04.22 05:00:00,16,
2025.04.22 05:24:59,scan_skipped_same_execution_bar,USDJPY,2025.04.22 05:00:00,0,
2025.04.22 05:34:59,scan_executed_new_execution_bar,USDJPY,2025.04.22 05:15:00,31,
2025.04.22 05:39:59,scan_skipped_same_execution_bar,USDJPY,2025.04.22 05:15:00,0,
2025.04.22 05:49:59,scan_executed_new_execution_bar,USDJPY,2025.04.22 05:30:00,16,
2025.04.22 05:54:59,scan_skipped_same_execution_bar,USDJPY,2025.04.22 05:30:00,0,
2025.04.22 06:04:59,scan_executed_new_execution_bar,USDJPY,2025.04.22 05:45:00,0,
2025.04.22 06:09:59,scan_skipped_same_execution_bar,USDJPY,2025.04.22 05:45:00,0,
2025.04.22 06:19:59,scan_executed_new_execution_bar,USDJPY,2025.04.22 06:00:00,0,
2025.04.22 06:24:59,scan_skipped_same_execution_bar,USDJPY,2025.04.22 06:00:00,0,
2025.04.22 06:34:59,scan_executed_new_execution_bar,USDJPY,2025.04.22 06:15:00,0,
2025.04.22 06:39:59,scan_skipped_same_execution_bar,USDJPY,2025.04.22 06:15:00,0,
2025.04.22 06:49:59,scan_executed_new_execution_bar,USDJPY,2025.04.22 06:30:00,15,
2025.04.22 06:54:59,scan_skipped_same_execution_bar,USDJPY,2025.04.22 06:30:00,0,
2025.04.22 07:04:59,scan_executed_new_execution_bar,USDJPY,2025.04.22 06:45:00,47,
2025.04.22 07:09:59,scan_skipped_same_execution_bar,USDJPY,2025.04.22 06:45:00,0,
2025.04.22 07:19:59,scan_executed_new_execution_bar,USDJPY,2025.04.22 07:00:00,0,
2025.04.22 07:24:58,scan_skipped_same_execution_bar,USDJPY,2025.04.22 07:00:00,0,
2025.04.22 07:34:59,scan_executed_new_execution_bar,USDJPY,2025.04.22 07:15:00,15,
2025.04.22 07:39:59,scan_skipped_same_execution_bar,USDJPY,2025.04.22 07:15:00,0,
2025.04.22 07:49:58,scan_executed_new_execution_bar,USDJPY,2025.04.22 07:30:00,16,
2025.04.22 07:54:59,scan_skipped_same_execution_bar,USDJPY,2025.04.22 07:30:00,0,
2025.04.22 08:04:59,scan_executed_new_execution_bar,USDJPY,2025.04.22 07:45:00,15,
2025.04.22 08:09:59,scan_skipped_same_execution_bar,USDJPY,2025.04.22 07:45:00,0,
2025.04.22 08:19:59,scan_executed_new_execution_bar,USDJPY,2025.04.22 08:00:00,0,
2025.04.22 08:24:59,scan_skipped_same_execution_bar,USDJPY,2025.04.22 08:00:00,0,
2025.04.22 08:34:59,scan_executed_new_execution_bar,USDJPY,2025.04.22 08:15:00,0,
2025.04.22 08:39:58,scan_skipped_same_execution_bar,USDJPY,2025.04.22 08:15:00,0,
2025.04.22 08:49:59,scan_executed_new_execution_bar,USDJPY,2025.04.22 08:30:00,0,
2025.04.22 08:55:00,scan_skipped_same_execution_bar,USDJPY,2025.04.22 08:30:00,0,
2025.04.22 09:04:59,scan_executed_new_execution_bar,USDJPY,2025.04.22 08:45:00,0,
2025.04.22 09:09:59,scan_skipped_same_execution_bar,USDJPY,2025.04.22 08:45:00,0,
2025.04.22 09:19:59,scan_executed_new_execution_bar,USDJPY,2025.04.22 09:00:00,32,
2025.04.22 09:24:59,scan_skipped_same_execution_bar,USDJPY,2025.04.22 09:00:00,0,
2025.04.22 09:34:59,scan_executed_new_execution_bar,USDJPY,2025.04.22 09:15:00,16,
2025.04.22 09:39:59,scan_skipped_same_execution_bar,USDJPY,2025.04.22 09:15:00,0,
2025.04.22 09:49:59,scan_executed_new_execution_bar,USDJPY,2025.04.22 09:30:00,16,
2025.04.22 09:54:59,scan_skipped_same_execution_bar,USDJPY,2025.04.22 09:30:00,0,
2025.04.22 10:04:59,scan_executed_new_execution_bar,USDJPY,2025.04.22 09:45:00,0,
2025.04.22 10:09:59,scan_skipped_same_execution_bar,USDJPY,2025.04.22 09:45:00,0,
2025.04.22 10:19:59,scan_executed_new_execution_bar,USDJPY,2025.04.22 10:00:00,0,
2025.04.22 10:24:59,scan_skipped_same_execution_bar,USDJPY,2025.04.22 10:00:00,0,
2025.04.22 10:34:59,scan_executed_new_execution_bar,USDJPY,2025.04.22 10:15:00,16,
2025.04.22 10:39:59,scan_skipped_same_execution_bar,USDJPY,2025.04.22 10:15:00,0,
2025.04.22 10:49:59,scan_executed_new_execution_bar,USDJPY,2025.04.22 10:30:00,0,
2025.04.22 10:54:59,scan_skipped_same_execution_bar,USDJPY,2025.04.22 10:30:00,0,
2025.04.22 11:04:59,scan_executed_new_execution_bar,USDJPY,2025.04.22 10:45:00,32,
2025.04.22 11:09:59,scan_skipped_same_execution_bar,USDJPY,2025.04.22 10:45:00,0,
2025.04.22 11:19:59,scan_executed_new_execution_bar,USDJPY,2025.04.22 11:00:00,46,
2025.04.22 11:24:59,scan_skipped_same_execution_bar,USDJPY,2025.04.22 11:00:00,0,
2025.04.22 11:34:59,scan_executed_new_execution_bar,USDJPY,2025.04.22 11:15:00,0,
2025.04.22 11:39:59,scan_skipped_same_execution_bar,USDJPY,2025.04.22 11:15:00,0,
2025.04.22 11:49:59,scan_executed_new_execution_bar,USDJPY,2025.04.22 11:30:00,0,
2025.04.22 11:54:59,scan_skipped_same_execution_bar,USDJPY,2025.04.22 11:30:00,0,
2025.04.22 12:04:59,scan_executed_new_execution_bar,USDJPY,2025.04.22 11:45:00,0,
2025.04.22 12:09:59,scan_skipped_same_execution_bar,USDJPY,2025.04.22 11:45:00,0,
2025.04.22 12:19:59,scan_executed_new_execution_bar,USDJPY,2025.04.22 12:00:00,47,
2025.04.22 12:24:59,scan_skipped_same_execution_bar,USDJPY,2025.04.22 12:00:00,0,
2025.04.22 12:34:59,scan_executed_new_execution_bar,USDJPY,2025.04.22 12:15:00,0,
2025.04.22 12:39:59,scan_skipped_same_execution_bar,USDJPY,2025.04.22 12:15:00,0,
2025.04.22 12:49:59,scan_executed_new_execution_bar,USDJPY,2025.04.22 12:30:00,47,
2025.04.22 12:54:59,scan_skipped_same_execution_bar,USDJPY,2025.04.22 12:30:00,0,
2025.04.22 13:04:59,scan_executed_new_execution_bar,USDJPY,2025.04.22 12:45:00,16,
2025.04.22 13:09:59,scan_skipped_same_execution_bar,USDJPY,2025.04.22 12:45:00,0,
2025.04.22 13:19:59,scan_executed_new_execution_bar,USDJPY,2025.04.22 13:00:00,47,
2025.04.22 13:24:59,scan_skipped_same_execution_bar,USDJPY,2025.04.22 13:00:00,0,
2025.04.22 13:34:59,scan_executed_new_execution_bar,USDJPY,2025.04.22 13:15:00,0,
2025.04.22 13:39:59,scan_skipped_same_execution_bar,USDJPY,2025.04.22 13:15:00,0,
2025.04.22 13:49:59,scan_executed_new_execution_bar,USDJPY,2025.04.22 13:30:00,32,
2025.04.22 13:54:59,scan_skipped_same_execution_bar,USDJPY,2025.04.22 13:30:00,0,
2025.04.22 14:00:00,scan_executed_new_execution_bar,USDJPY,2025.04.22 13:45:00,32,
2025.04.22 14:04:59,scan_skipped_same_execution_bar,USDJPY,2025.04.22 13:45:00,0,
2025.04.22 14:19:59,scan_executed_new_execution_bar,USDJPY,2025.04.22 14:00:00,0,
2025.04.22 14:24:59,scan_skipped_same_execution_bar,USDJPY,2025.04.22 14:00:00,0,
2025.04.22 14:34:59,scan_executed_new_execution_bar,USDJPY,2025.04.22 14:15:00,0,
2025.04.22 14:39:59,scan_skipped_same_execution_bar,USDJPY,2025.04.22 14:15:00,0,
2025.04.22 14:49:59,scan_executed_new_execution_bar,USDJPY,2025.04.22 14:30:00,16,
2025.04.22 14:54:58,scan_skipped_same_execution_bar,USDJPY,2025.04.22 14:30:00,0,
2025.04.22 15:04:59,scan_executed_new_execution_bar,USDJPY,2025.04.22 14:45:00,0,
2025.04.22 15:09:59,scan_skipped_same_execution_bar,USDJPY,2025.04.22 14:45:00,0,
2025.04.22 15:19:59,scan_executed_new_execution_bar,USDJPY,2025.04.22 15:00:00,16,
2025.04.22 15:24:59,scan_skipped_same_execution_bar,USDJPY,2025.04.22 15:00:00,0,
2025.04.22 15:34:59,scan_executed_new_execution_bar,USDJPY,2025.04.22 15:15:00,16,
2025.04.22 15:39:59,scan_skipped_same_execution_bar,USDJPY,2025.04.22 15:15:00,0,
2025.04.22 15:49:59,scan_executed_new_execution_bar,USDJPY,2025.04.22 15:30:00,0,
2025.04.22 15:54:59,scan_skipped_same_execution_bar,USDJPY,2025.04.22 15:30:00,0,
2025.04.22 16:04:59,scan_executed_new_execution_bar,USDJPY,2025.04.22 15:45:00,31,
2025.04.22 16:09:59,scan_skipped_same_execution_bar,USDJPY,2025.04.22 15:45:00,0,
2025.04.22 16:19:59,scan_executed_new_execution_bar,USDJPY,2025.04.22 16:00:00,0,
2025.04.22 16:24:59,scan_skipped_same_execution_bar,USDJPY,2025.04.22 16:00:00,0,
2025.04.22 16:34:59,scan_executed_new_execution_bar,USDJPY,2025.04.22 16:15:00,16,
2025.04.22 16:39:59,scan_skipped_same_execution_bar,USDJPY,2025.04.22 16:15:00,0,
2025.04.22 16:49:59,scan_executed_new_execution_bar,USDJPY,2025.04.22 16:30:00,0,
2025.04.22 16:54:59,scan_skipped_same_execution_bar,USDJPY,2025.04.22 16:30:00,0,
2025.04.22 17:04:59,scan_executed_new_execution_bar,USDJPY,2025.04.22 16:45:00,47,
2025.04.22 17:09:59,scan_skipped_same_execution_bar,USDJPY,2025.04.22 16:45:00,0,
2025.04.22 17:19:59,scan_executed_new_execution_bar,USDJPY,2025.04.22 17:00:00,0,
2025.04.22 17:24:59,scan_skipped_same_execution_bar,USDJPY,2025.04.22 17:00:00,0,
2025.04.22 17:34:59,scan_executed_new_execution_bar,USDJPY,2025.04.22 17:15:00,0,
2025.04.22 17:39:59,scan_skipped_same_execution_bar,USDJPY,2025.04.22 17:15:00,0,
2025.04.22 17:49:59,scan_executed_new_execution_bar,USDJPY,2025.04.22 17:30:00,0,
2025.04.22 17:55:00,scan_skipped_same_execution_bar,USDJPY,2025.04.22 17:30:00,0,
2025.04.22 18:04:59,scan_executed_new_execution_bar,USDJPY,2025.04.22 17:45:00,0,
2025.04.22 18:09:59,scan_skipped_same_execution_bar,USDJPY,2025.04.22 17:45:00,0,
2025.04.22 18:19:59,scan_executed_new_execution_bar,USDJPY,2025.04.22 18:00:00,0,
2025.04.22 18:24:59,scan_skipped_same_execution_bar,USDJPY,2025.04.22 18:00:00,0,
2025.04.22 18:34:58,scan_executed_new_execution_bar,USDJPY,2025.04.22 18:15:00,0,
2025.04.22 18:39:59,scan_skipped_same_execution_bar,USDJPY,2025.04.22 18:15:00,0,
2025.04.22 18:49:59,scan_executed_new_execution_bar,USDJPY,2025.04.22 18:30:00,31,
2025.04.22 18:54:59,scan_skipped_same_execution_bar,USDJPY,2025.04.22 18:30:00,0,
2025.04.22 19:04:59,scan_executed_new_execution_bar,USDJPY,2025.04.22 18:45:00,16,
2025.04.22 19:09:59,scan_skipped_same_execution_bar,USDJPY,2025.04.22 18:45:00,0,
2025.04.22 19:19:59,scan_executed_new_execution_bar,USDJPY,2025.04.22 19:00:00,0,
2025.04.22 19:24:59,scan_skipped_same_execution_bar,USDJPY,2025.04.22 19:00:00,0,
2025.04.22 19:34:59,scan_executed_new_execution_bar,USDJPY,2025.04.22 19:15:00,0,
2025.04.22 19:39:59,scan_skipped_same_execution_bar,USDJPY,2025.04.22 19:15:00,0,
2025.04.22 19:49:59,scan_executed_new_execution_bar,USDJPY,2025.04.22 19:30:00,0,
2025.04.22 19:54:59,scan_skipped_same_execution_bar,USDJPY,2025.04.22 19:30:00,0,
2025.04.22 20:04:59,scan_executed_new_execution_bar,USDJPY,2025.04.22 19:45:00,15,
2025.04.22 20:09:59,scan_skipped_same_execution_bar,USDJPY,2025.04.22 19:45:00,0,
2025.04.22 20:19:59,scan_executed_new_execution_bar,USDJPY,2025.04.22 20:00:00,47,
2025.04.22 20:24:59,scan_skipped_same_execution_bar,USDJPY,2025.04.22 20:00:00,0,
2025.04.22 20:34:59,scan_executed_new_execution_bar,USDJPY,2025.04.22 20:15:00,78,
2025.04.22 20:39:59,scan_skipped_same_execution_bar,USDJPY,2025.04.22 20:15:00,0,
2025.04.22 20:49:59,scan_executed_new_execution_bar,USDJPY,2025.04.22 20:30:00,0,
2025.04.22 20:55:00,scan_skipped_same_execution_bar,USDJPY,2025.04.22 20:30:00,0,
2025.04.22 21:04:59,scan_executed_new_execution_bar,USDJPY,2025.04.22 20:45:00,47,
2025.04.22 21:09:59,scan_skipped_same_execution_bar,USDJPY,2025.04.22 20:45:00,0,
2025.04.22 21:19:59,scan_executed_new_execution_bar,USDJPY,2025.04.22 21:00:00,0,
2025.04.22 21:24:59,scan_skipped_same_execution_bar,USDJPY,2025.04.22 21:00:00,0,
2025.04.22 21:34:59,scan_executed_new_execution_bar,USDJPY,2025.04.22 21:15:00,0,
2025.04.22 21:39:59,scan_skipped_same_execution_bar,USDJPY,2025.04.22 21:15:00,0,
2025.04.22 21:49:59,scan_executed_new_execution_bar,USDJPY,2025.04.22 21:30:00,0,
2025.04.22 21:54:59,scan_skipped_same_execution_bar,USDJPY,2025.04.22 21:30:00,0,
2025.04.22 22:04:59,scan_executed_new_execution_bar,USDJPY,2025.04.22 21:45:00,0,
2025.04.22 22:09:58,scan_skipped_same_execution_bar,USDJPY,2025.04.22 21:45:00,0,
2025.04.22 22:19:57,scan_executed_new_execution_bar,USDJPY,2025.04.22 22:00:00,0,
2025.04.22 22:24:59,scan_skipped_same_execution_bar,USDJPY,2025.04.22 22:00:00,0,
2025.04.22 22:34:59,scan_executed_new_execution_bar,USDJPY,2025.04.22 22:15:00,32,
2025.04.22 22:39:58,scan_skipped_same_execution_bar,USDJPY,2025.04.22 22:15:00,0,
2025.04.22 22:49:59,scan_executed_new_execution_bar,USDJPY,2025.04.22 22:30:00,0,
2025.04.22 22:54:59,scan_skipped_same_execution_bar,USDJPY,2025.04.22 22:30:00,0,
2025.04.22 23:04:59,scan_executed_new_execution_bar,USDJPY,2025.04.22 22:45:00,0,
2025.04.22 23:09:59,scan_skipped_same_execution_bar,USDJPY,2025.04.22 22:45:00,0,
2025.04.22 23:19:59,scan_executed_new_execution_bar,USDJPY,2025.04.22 23:00:00,32,
2025.04.22 23:24:58,scan_skipped_same_execution_bar,USDJPY,2025.04.22 23:00:00,0,
2025.04.22 23:34:57,scan_executed_new_execution_bar,USDJPY,2025.04.22 23:15:00,0,
2025.04.22 23:40:00,scan_skipped_same_execution_bar,USDJPY,2025.04.22 23:15:00,0,
2025.04.22 23:49:59,scan_executed_new_execution_bar,USDJPY,2025.04.22 23:30:00,0,
2025.04.22 23:54:59,scan_skipped_same_execution_bar,USDJPY,2025.04.22 23:30:00,0,
2025.04.23 00:04:53,scan_executed_new_execution_bar,USDJPY,2025.04.22 23:45:00,0,
2025.04.23 00:09:59,scan_skipped_same_execution_bar,USDJPY,2025.04.22 23:45:00,0,
2025.04.23 00:19:59,scan_executed_new_execution_bar,USDJPY,2025.04.23 00:00:00,0,
2025.04.23 00:24:59,scan_skipped_same_execution_bar,USDJPY,2025.04.23 00:00:00,0,
2025.04.23 00:34:59,scan_executed_new_execution_bar,USDJPY,2025.04.23 00:15:00,0,
2025.04.23 00:39:59,scan_skipped_same_execution_bar,USDJPY,2025.04.23 00:15:00,0,
2025.04.23 00:49:58,scan_executed_new_execution_bar,USDJPY,2025.04.23 00:30:00,0,
2025.04.23 00:54:59,scan_skipped_same_execution_bar,USDJPY,2025.04.23 00:30:00,0,
2025.04.23 01:04:59,scan_executed_new_execution_bar,USDJPY,2025.04.23 00:45:00,0,
2025.04.23 01:09:59,scan_skipped_same_execution_bar,USDJPY,2025.04.23 00:45:00,0,
2025.04.23 01:19:59,scan_executed_new_execution_bar,USDJPY,2025.04.23 01:00:00,0,
2025.04.23 01:24:59,scan_skipped_same_execution_bar,USDJPY,2025.04.23 01:00:00,0,
2025.04.23 01:34:59,scan_executed_new_execution_bar,USDJPY,2025.04.23 01:15:00,0,
2025.04.23 01:39:59,scan_skipped_same_execution_bar,USDJPY,2025.04.23 01:15:00,0,
2025.04.23 01:49:59,scan_executed_new_execution_bar,USDJPY,2025.04.23 01:30:00,31,
2025.04.23 01:54:59,scan_skipped_same_execution_bar,USDJPY,2025.04.23 01:30:00,0,
2025.04.23 02:05:00,scan_executed_new_execution_bar,USDJPY,2025.04.23 01:45:00,0,
2025.04.23 02:09:59,scan_skipped_same_execution_bar,USDJPY,2025.04.23 01:45:00,0,
2025.04.23 02:19:58,scan_executed_new_execution_bar,USDJPY,2025.04.23 02:00:00,15,
2025.04.23 02:24:59,scan_skipped_same_execution_bar,USDJPY,2025.04.23 02:00:00,0,
2025.04.23 02:34:59,scan_executed_new_execution_bar,USDJPY,2025.04.23 02:15:00,0,
2025.04.23 02:39:59,scan_skipped_same_execution_bar,USDJPY,2025.04.23 02:15:00,0,
2025.04.23 02:49:59,scan_executed_new_execution_bar,USDJPY,2025.04.23 02:30:00,47,
2025.04.23 02:54:59,scan_skipped_same_execution_bar,USDJPY,2025.04.23 02:30:00,0,
2025.04.23 03:04:59,scan_executed_new_execution_bar,USDJPY,2025.04.23 02:45:00,0,
2025.04.23 03:09:59,scan_skipped_same_execution_bar,USDJPY,2025.04.23 02:45:00,0,
2025.04.23 03:19:59,scan_executed_new_execution_bar,USDJPY,2025.04.23 03:00:00,16,
2025.04.23 03:24:59,scan_skipped_same_execution_bar,USDJPY,2025.04.23 03:00:00,0,
2025.04.23 03:34:59,scan_executed_new_execution_bar,USDJPY,2025.04.23 03:15:00,31,
2025.04.23 03:39:59,scan_skipped_same_execution_bar,USDJPY,2025.04.23 03:15:00,0,
2025.04.23 03:49:59,scan_executed_new_execution_bar,USDJPY,2025.04.23 03:30:00,16,
2025.04.23 03:54:59,scan_skipped_same_execution_bar,USDJPY,2025.04.23 03:30:00,0,
2025.04.23 04:04:59,scan_executed_new_execution_bar,USDJPY,2025.04.23 03:45:00,0,
2025.04.23 04:09:59,scan_skipped_same_execution_bar,USDJPY,2025.04.23 03:45:00,0,
2025.04.23 04:19:59,scan_executed_new_execution_bar,USDJPY,2025.04.23 04:00:00,0,
2025.04.23 04:24:59,scan_skipped_same_execution_bar,USDJPY,2025.04.23 04:00:00,0,
2025.04.23 04:34:59,scan_executed_new_execution_bar,USDJPY,2025.04.23 04:15:00,0,
2025.04.23 04:39:59,scan_skipped_same_execution_bar,USDJPY,2025.04.23 04:15:00,0,
2025.04.23 04:49:59,scan_executed_new_execution_bar,USDJPY,2025.04.23 04:30:00,0,
2025.04.23 04:54:59,scan_skipped_same_execution_bar,USDJPY,2025.04.23 04:30:00,0,
2025.04.23 05:04:59,scan_executed_new_execution_bar,USDJPY,2025.04.23 04:45:00,0,
2025.04.23 05:09:59,scan_skipped_same_execution_bar,USDJPY,2025.04.23 04:45:00,0,
2025.04.23 05:19:59,scan_executed_new_execution_bar,USDJPY,2025.04.23 05:00:00,31,
2025.04.23 05:24:59,scan_skipped_same_execution_bar,USDJPY,2025.04.23 05:00:00,0,
2025.04.23 05:34:57,scan_executed_new_execution_bar,USDJPY,2025.04.23 05:15:00,0,
2025.04.23 05:39:58,scan_skipped_same_execution_bar,USDJPY,2025.04.23 05:15:00,0,
2025.04.23 05:49:59,scan_executed_new_execution_bar,USDJPY,2025.04.23 05:30:00,0,
2025.04.23 05:54:59,scan_skipped_same_execution_bar,USDJPY,2025.04.23 05:30:00,0,
2025.04.23 06:04:59,scan_executed_new_execution_bar,USDJPY,2025.04.23 05:45:00,0,
2025.04.23 06:09:59,scan_skipped_same_execution_bar,USDJPY,2025.04.23 05:45:00,0,
2025.04.23 06:19:59,scan_executed_new_execution_bar,USDJPY,2025.04.23 06:00:00,16,
2025.04.23 06:24:59,scan_skipped_same_execution_bar,USDJPY,2025.04.23 06:00:00,0,
2025.04.23 06:34:59,scan_executed_new_execution_bar,USDJPY,2025.04.23 06:15:00,0,
2025.04.23 06:39:59,scan_skipped_same_execution_bar,USDJPY,2025.04.23 06:15:00,0,
2025.04.23 06:49:59,scan_executed_new_execution_bar,USDJPY,2025.04.23 06:30:00,0,
2025.04.23 06:54:59,scan_skipped_same_execution_bar,USDJPY,2025.04.23 06:30:00,0,
2025.04.23 07:04:59,scan_executed_new_execution_bar,USDJPY,2025.04.23 06:45:00,0,
2025.04.23 07:09:59,scan_skipped_same_execution_bar,USDJPY,2025.04.23 06:45:00,0,
2025.04.23 07:19:59,scan_executed_new_execution_bar,USDJPY,2025.04.23 07:00:00,0,
2025.04.23 07:24:59,scan_skipped_same_execution_bar,USDJPY,2025.04.23 07:00:00,0,
2025.04.23 07:34:59,scan_executed_new_execution_bar,USDJPY,2025.04.23 07:15:00,0,
2025.04.23 07:39:59,scan_skipped_same_execution_bar,USDJPY,2025.04.23 07:15:00,0,
2025.04.23 07:49:58,scan_executed_new_execution_bar,USDJPY,2025.04.23 07:30:00,0,
2025.04.23 07:54:59,scan_skipped_same_execution_bar,USDJPY,2025.04.23 07:30:00,0,
2025.04.23 08:04:59,scan_executed_new_execution_bar,USDJPY,2025.04.23 07:45:00,16,
2025.04.23 08:09:59,scan_skipped_same_execution_bar,USDJPY,2025.04.23 07:45:00,0,
2025.04.23 08:19:59,scan_executed_new_execution_bar,USDJPY,2025.04.23 08:00:00,0,
2025.04.23 08:24:59,scan_skipped_same_execution_bar,USDJPY,2025.04.23 08:00:00,0,
2025.04.23 08:34:59,scan_executed_new_execution_bar,USDJPY,2025.04.23 08:15:00,16,
2025.04.23 08:39:59,scan_skipped_same_execution_bar,USDJPY,2025.04.23 08:15:00,0,
2025.04.23 08:49:59,scan_executed_new_execution_bar,USDJPY,2025.04.23 08:30:00,0,
2025.04.23 08:54:59,scan_skipped_same_execution_bar,USDJPY,2025.04.23 08:30:00,0,
2025.04.23 09:04:59,scan_executed_new_execution_bar,USDJPY,2025.04.23 08:45:00,0,
2025.04.23 09:09:59,scan_skipped_same_execution_bar,USDJPY,2025.04.23 08:45:00,0,
2025.04.23 09:19:59,scan_executed_new_execution_bar,USDJPY,2025.04.23 09:00:00,0,
2025.04.23 09:24:59,scan_skipped_same_execution_bar,USDJPY,2025.04.23 09:00:00,0,
2025.04.23 09:34:59,scan_executed_new_execution_bar,USDJPY,2025.04.23 09:15:00,0,
2025.04.23 09:39:59,scan_skipped_same_execution_bar,USDJPY,2025.04.23 09:15:00,0,
2025.04.23 09:49:59,scan_executed_new_execution_bar,USDJPY,2025.04.23 09:30:00,0,
2025.04.23 09:54:59,scan_skipped_same_execution_bar,USDJPY,2025.04.23 09:30:00,0,
2025.04.23 10:04:59,scan_executed_new_execution_bar,USDJPY,2025.04.23 09:45:00,16,
2025.04.23 10:09:59,scan_skipped_same_execution_bar,USDJPY,2025.04.23 09:45:00,0,
2025.04.23 10:19:59,scan_executed_new_execution_bar,USDJPY,2025.04.23 10:00:00,0,
2025.04.23 10:25:00,scan_skipped_same_execution_bar,USDJPY,2025.04.23 10:00:00,0,
2025.04.23 10:34:59,scan_executed_new_execution_bar,USDJPY,2025.04.23 10:15:00,16,
2025.04.23 10:39:59,scan_skipped_same_execution_bar,USDJPY,2025.04.23 10:15:00,0,
2025.04.23 10:49:59,scan_executed_new_execution_bar,USDJPY,2025.04.23 10:30:00,63,
2025.04.23 10:54:59,scan_skipped_same_execution_bar,USDJPY,2025.04.23 10:30:00,0,
2025.04.23 11:04:59,scan_executed_new_execution_bar,USDJPY,2025.04.23 10:45:00,0,
2025.04.23 11:09:59,scan_skipped_same_execution_bar,USDJPY,2025.04.23 10:45:00,0,
2025.04.23 11:19:59,scan_executed_new_execution_bar,USDJPY,2025.04.23 11:00:00,16,
2025.04.23 11:24:59,scan_skipped_same_execution_bar,USDJPY,2025.04.23 11:00:00,0,
2025.04.23 11:34:58,scan_executed_new_execution_bar,USDJPY,2025.04.23 11:15:00,0,
2025.04.23 11:39:59,scan_skipped_same_execution_bar,USDJPY,2025.04.23 11:15:00,0,
2025.04.23 11:49:59,scan_executed_new_execution_bar,USDJPY,2025.04.23 11:30:00,47,
2025.04.23 11:55:00,scan_skipped_same_execution_bar,USDJPY,2025.04.23 11:30:00,0,
2025.04.23 12:04:59,scan_executed_new_execution_bar,USDJPY,2025.04.23 11:45:00,0,
2025.04.23 12:09:59,scan_skipped_same_execution_bar,USDJPY,2025.04.23 11:45:00,0,
2025.04.23 12:19:59,scan_executed_new_execution_bar,USDJPY,2025.04.23 12:00:00,0,
2025.04.23 12:24:59,scan_skipped_same_execution_bar,USDJPY,2025.04.23 12:00:00,0,
2025.04.23 12:34:59,scan_executed_new_execution_bar,USDJPY,2025.04.23 12:15:00,15,
2025.04.23 12:39:59,scan_skipped_same_execution_bar,USDJPY,2025.04.23 12:15:00,0,
2025.04.23 12:49:59,scan_executed_new_execution_bar,USDJPY,2025.04.23 12:30:00,0,
2025.04.23 12:54:59,scan_skipped_same_execution_bar,USDJPY,2025.04.23 12:30:00,0,
2025.04.23 13:04:58,scan_executed_new_execution_bar,USDJPY,2025.04.23 12:45:00,62,
2025.04.23 13:09:59,scan_skipped_same_execution_bar,USDJPY,2025.04.23 12:45:00,0,
2025.04.23 13:19:59,scan_executed_new_execution_bar,USDJPY,2025.04.23 13:00:00,0,
2025.04.23 13:24:59,scan_skipped_same_execution_bar,USDJPY,2025.04.23 13:00:00,0,
2025.04.23 13:34:59,scan_executed_new_execution_bar,USDJPY,2025.04.23 13:15:00,47,
2025.04.23 13:39:59,scan_skipped_same_execution_bar,USDJPY,2025.04.23 13:15:00,0,
2025.04.23 13:49:59,scan_executed_new_execution_bar,USDJPY,2025.04.23 13:30:00,0,
2025.04.23 13:54:59,scan_skipped_same_execution_bar,USDJPY,2025.04.23 13:30:00,0,
2025.04.23 14:04:59,scan_executed_new_execution_bar,USDJPY,2025.04.23 13:45:00,0,
2025.04.23 14:09:59,scan_skipped_same_execution_bar,USDJPY,2025.04.23 13:45:00,0,
2025.04.23 14:19:59,scan_executed_new_execution_bar,USDJPY,2025.04.23 14:00:00,0,
2025.04.23 14:24:59,scan_skipped_same_execution_bar,USDJPY,2025.04.23 14:00:00,0,
2025.04.23 14:34:59,scan_executed_new_execution_bar,USDJPY,2025.04.23 14:15:00,15,
2025.04.23 14:39:59,scan_skipped_same_execution_bar,USDJPY,2025.04.23 14:15:00,0,
2025.04.23 14:49:59,scan_executed_new_execution_bar,USDJPY,2025.04.23 14:30:00,0,
2025.04.23 14:54:59,scan_skipped_same_execution_bar,USDJPY,2025.04.23 14:30:00,0,
2025.04.23 15:04:59,scan_executed_new_execution_bar,USDJPY,2025.04.23 14:45:00,0,
2025.04.23 15:09:59,scan_skipped_same_execution_bar,USDJPY,2025.04.23 14:45:00,0,
2025.04.23 15:19:59,scan_executed_new_execution_bar,USDJPY,2025.04.23 15:00:00,15,
2025.04.23 15:24:59,scan_skipped_same_execution_bar,USDJPY,2025.04.23 15:00:00,0,
2025.04.23 15:34:59,scan_executed_new_execution_bar,USDJPY,2025.04.23 15:15:00,0,
2025.04.23 15:39:59,scan_skipped_same_execution_bar,USDJPY,2025.04.23 15:15:00,0,
2025.04.23 15:49:59,scan_executed_new_execution_bar,USDJPY,2025.04.23 15:30:00,0,
2025.04.23 15:54:59,scan_skipped_same_execution_bar,USDJPY,2025.04.23 15:30:00,0,
2025.04.23 16:04:59,scan_executed_new_execution_bar,USDJPY,2025.04.23 15:45:00,0,
2025.04.23 16:09:59,scan_skipped_same_execution_bar,USDJPY,2025.04.23 15:45:00,0,
2025.04.23 16:19:59,scan_executed_new_execution_bar,USDJPY,2025.04.23 16:00:00,0,
2025.04.23 16:24:59,scan_skipped_same_execution_bar,USDJPY,2025.04.23 16:00:00,0,
2025.04.23 16:34:59,scan_executed_new_execution_bar,USDJPY,2025.04.23 16:15:00,0,
2025.04.23 16:39:59,scan_skipped_same_execution_bar,USDJPY,2025.04.23 16:15:00,0,
2025.04.23 16:49:59,scan_executed_new_execution_bar,USDJPY,2025.04.23 16:30:00,0,
2025.04.23 16:54:59,scan_skipped_same_execution_bar,USDJPY,2025.04.23 16:30:00,0,
2025.04.23 17:04:59,scan_executed_new_execution_bar,USDJPY,2025.04.23 16:45:00,0,
2025.04.23 17:09:59,scan_skipped_same_execution_bar,USDJPY,2025.04.23 16:45:00,0,
2025.04.23 17:19:59,scan_executed_new_execution_bar,USDJPY,2025.04.23 17:00:00,93,
2025.04.23 17:24:59,scan_skipped_same_execution_bar,USDJPY,2025.04.23 17:00:00,0,
2025.04.23 17:34:59,scan_executed_new_execution_bar,USDJPY,2025.04.23 17:15:00,0,
2025.04.23 17:39:59,scan_skipped_same_execution_bar,USDJPY,2025.04.23 17:15:00,0,
2025.04.23 17:49:59,scan_executed_new_execution_bar,USDJPY,2025.04.23 17:30:00,15,
2025.04.23 17:54:59,scan_skipped_same_execution_bar,USDJPY,2025.04.23 17:30:00,0,
2025.04.23 18:04:59,scan_executed_new_execution_bar,USDJPY,2025.04.23 17:45:00,32,
2025.04.23 18:09:59,scan_skipped_same_execution_bar,USDJPY,2025.04.23 17:45:00,0,
2025.04.23 18:19:59,scan_executed_new_execution_bar,USDJPY,2025.04.23 18:00:00,0,
2025.04.23 18:24:59,scan_skipped_same_execution_bar,USDJPY,2025.04.23 18:00:00,0,
2025.04.23 18:34:59,scan_executed_new_execution_bar,USDJPY,2025.04.23 18:15:00,47,
2025.04.23 18:39:59,scan_skipped_same_execution_bar,USDJPY,2025.04.23 18:15:00,0,
2025.04.23 18:49:59,scan_executed_new_execution_bar,USDJPY,2025.04.23 18:30:00,0,
2025.04.23 18:54:59,scan_skipped_same_execution_bar,USDJPY,2025.04.23 18:30:00,0,
2025.04.23 19:04:59,scan_executed_new_execution_bar,USDJPY,2025.04.23 18:45:00,0,
2025.04.23 19:09:59,scan_skipped_same_execution_bar,USDJPY,2025.04.23 18:45:00,0,
2025.04.23 19:19:59,scan_executed_new_execution_bar,USDJPY,2025.04.23 19:00:00,46,
2025.04.23 19:24:59,scan_skipped_same_execution_bar,USDJPY,2025.04.23 19:00:00,0,
2025.04.23 19:34:59,scan_executed_new_execution_bar,USDJPY,2025.04.23 19:15:00,16,
2025.04.23 19:39:59,scan_skipped_same_execution_bar,USDJPY,2025.04.23 19:15:00,0,
2025.04.23 19:49:59,scan_executed_new_execution_bar,USDJPY,2025.04.23 19:30:00,15,
2025.04.23 19:54:59,scan_skipped_same_execution_bar,USDJPY,2025.04.23 19:30:00,0,
2025.04.23 20:04:59,scan_executed_new_execution_bar,USDJPY,2025.04.23 19:45:00,0,
2025.04.23 20:09:59,scan_skipped_same_execution_bar,USDJPY,2025.04.23 19:45:00,0,
2025.04.23 20:19:59,scan_executed_new_execution_bar,USDJPY,2025.04.23 20:00:00,15,
2025.04.23 20:24:59,scan_skipped_same_execution_bar,USDJPY,2025.04.23 20:00:00,0,
2025.04.23 20:34:59,scan_executed_new_execution_bar,USDJPY,2025.04.23 20:15:00,0,
2025.04.23 20:39:59,scan_skipped_same_execution_bar,USDJPY,2025.04.23 20:15:00,0,
2025.04.23 20:49:59,scan_executed_new_execution_bar,USDJPY,2025.04.23 20:30:00,0,
2025.04.23 20:54:59,scan_skipped_same_execution_bar,USDJPY,2025.04.23 20:30:00,0,
2025.04.23 21:05:00,scan_executed_new_execution_bar,USDJPY,2025.04.23 20:45:00,0,
2025.04.23 21:09:59,scan_skipped_same_execution_bar,USDJPY,2025.04.23 20:45:00,0,
2025.04.23 21:19:59,scan_executed_new_execution_bar,USDJPY,2025.04.23 21:00:00,0,
2025.04.23 21:24:59,scan_skipped_same_execution_bar,USDJPY,2025.04.23 21:00:00,0,
2025.04.23 21:34:59,scan_executed_new_execution_bar,USDJPY,2025.04.23 21:15:00,0,
2025.04.23 21:40:00,scan_skipped_same_execution_bar,USDJPY,2025.04.23 21:15:00,0,
2025.04.23 21:49:59,scan_executed_new_execution_bar,USDJPY,2025.04.23 21:30:00,0,
2025.04.23 21:54:59,scan_skipped_same_execution_bar,USDJPY,2025.04.23 21:30:00,0,
2025.04.23 22:04:59,scan_executed_new_execution_bar,USDJPY,2025.04.23 21:45:00,15,
2025.04.23 22:09:59,scan_skipped_same_execution_bar,USDJPY,2025.04.23 21:45:00,0,
2025.04.23 22:19:59,scan_executed_new_execution_bar,USDJPY,2025.04.23 22:00:00,31,
2025.04.23 22:24:59,scan_skipped_same_execution_bar,USDJPY,2025.04.23 22:00:00,0,
2025.04.23 22:34:59,scan_executed_new_execution_bar,USDJPY,2025.04.23 22:15:00,63,
2025.04.23 22:39:59,scan_skipped_same_execution_bar,USDJPY,2025.04.23 22:15:00,0,
2025.04.23 22:50:00,scan_executed_new_execution_bar,USDJPY,2025.04.23 22:30:00,0,
2025.04.23 22:54:59,scan_skipped_same_execution_bar,USDJPY,2025.04.23 22:30:00,0,
2025.04.23 23:04:57,scan_executed_new_execution_bar,USDJPY,2025.04.23 22:45:00,15,
2025.04.23 23:09:59,scan_skipped_same_execution_bar,USDJPY,2025.04.23 22:45:00,0,
2025.04.23 23:19:59,scan_executed_new_execution_bar,USDJPY,2025.04.23 23:00:00,0,
2025.04.23 23:24:59,scan_skipped_same_execution_bar,USDJPY,2025.04.23 23:00:00,0,
2025.04.23 23:34:59,scan_executed_new_execution_bar,USDJPY,2025.04.23 23:15:00,0,
2025.04.23 23:39:59,scan_skipped_same_execution_bar,USDJPY,2025.04.23 23:15:00,0,
2025.04.23 23:50:00,scan_executed_new_execution_bar,USDJPY,2025.04.23 23:30:00,0,
2025.04.23 23:54:59,scan_skipped_same_execution_bar,USDJPY,2025.04.23 23:30:00,0,
2025.04.24 00:04:55,scan_executed_new_execution_bar,USDJPY,2025.04.23 23:45:00,0,
2025.04.24 00:09:56,scan_skipped_same_execution_bar,USDJPY,2025.04.23 23:45:00,0,
2025.04.24 00:19:59,scan_executed_new_execution_bar,USDJPY,2025.04.24 00:00:00,0,
2025.04.24 00:24:57,scan_skipped_same_execution_bar,USDJPY,2025.04.24 00:00:00,0,
2025.04.24 00:34:59,scan_executed_new_execution_bar,USDJPY,2025.04.24 00:15:00,0,
2025.04.24 00:39:56,scan_skipped_same_execution_bar,USDJPY,2025.04.24 00:15:00,0,
2025.04.24 00:49:59,scan_executed_new_execution_bar,USDJPY,2025.04.24 00:30:00,0,
2025.04.24 00:54:59,scan_skipped_same_execution_bar,USDJPY,2025.04.24 00:30:00,0,
2025.04.24 01:04:59,scan_executed_new_execution_bar,USDJPY,2025.04.24 00:45:00,0,
2025.04.24 01:09:59,scan_skipped_same_execution_bar,USDJPY,2025.04.24 00:45:00,0,
2025.04.24 01:19:59,scan_executed_new_execution_bar,USDJPY,2025.04.24 01:00:00,16,
2025.04.24 01:24:58,scan_skipped_same_execution_bar,USDJPY,2025.04.24 01:00:00,0,
2025.04.24 01:34:59,scan_executed_new_execution_bar,USDJPY,2025.04.24 01:15:00,0,
2025.04.24 01:39:59,scan_skipped_same_execution_bar,USDJPY,2025.04.24 01:15:00,0,
2025.04.24 01:49:59,scan_executed_new_execution_bar,USDJPY,2025.04.24 01:30:00,0,
2025.04.24 01:54:59,scan_skipped_same_execution_bar,USDJPY,2025.04.24 01:30:00,0,
2025.04.24 02:04:59,scan_executed_new_execution_bar,USDJPY,2025.04.24 01:45:00,0,
2025.04.24 02:09:59,scan_skipped_same_execution_bar,USDJPY,2025.04.24 01:45:00,0,
2025.04.24 02:19:59,scan_executed_new_execution_bar,USDJPY,2025.04.24 02:00:00,0,
2025.04.24 02:24:59,scan_skipped_same_execution_bar,USDJPY,2025.04.24 02:00:00,0,
2025.04.24 02:34:59,scan_executed_new_execution_bar,USDJPY,2025.04.24 02:15:00,0,
2025.04.24 02:39:59,scan_skipped_same_execution_bar,USDJPY,2025.04.24 02:15:00,0,
2025.04.24 02:49:59,scan_executed_new_execution_bar,USDJPY,2025.04.24 02:30:00,0,
2025.04.24 02:54:56,scan_skipped_same_execution_bar,USDJPY,2025.04.24 02:30:00,0,
2025.04.24 03:04:59,scan_executed_new_execution_bar,USDJPY,2025.04.24 02:45:00,0,
2025.04.24 03:09:59,scan_skipped_same_execution_bar,USDJPY,2025.04.24 02:45:00,0,
2025.04.24 03:20:00,scan_executed_new_execution_bar,USDJPY,2025.04.24 03:00:00,0,
2025.04.24 03:24:59,scan_skipped_same_execution_bar,USDJPY,2025.04.24 03:00:00,0,
2025.04.24 03:34:59,scan_executed_new_execution_bar,USDJPY,2025.04.24 03:15:00,0,
2025.04.24 03:39:59,scan_skipped_same_execution_bar,USDJPY,2025.04.24 03:15:00,0,
2025.04.24 03:49:58,scan_executed_new_execution_bar,USDJPY,2025.04.24 03:30:00,0,
2025.04.24 03:54:59,scan_skipped_same_execution_bar,USDJPY,2025.04.24 03:30:00,0,
2025.04.24 04:04:59,scan_executed_new_execution_bar,USDJPY,2025.04.24 03:45:00,0,
2025.04.24 04:09:58,scan_skipped_same_execution_bar,USDJPY,2025.04.24 03:45:00,0,
2025.04.24 04:19:59,scan_executed_new_execution_bar,USDJPY,2025.04.24 04:00:00,0,
2025.04.24 04:24:59,scan_skipped_same_execution_bar,USDJPY,2025.04.24 04:00:00,0,
2025.04.24 04:34:59,scan_executed_new_execution_bar,USDJPY,2025.04.24 04:15:00,0,
2025.04.24 04:39:59,scan_skipped_same_execution_bar,USDJPY,2025.04.24 04:15:00,0,
2025.04.24 04:49:59,scan_executed_new_execution_bar,USDJPY,2025.04.24 04:30:00,0,
2025.04.24 04:54:59,scan_skipped_same_execution_bar,USDJPY,2025.04.24 04:30:00,0,
2025.04.24 05:04:59,scan_executed_new_execution_bar,USDJPY,2025.04.24 04:45:00,0,
2025.04.24 05:09:59,scan_skipped_same_execution_bar,USDJPY,2025.04.24 04:45:00,0,
2025.04.24 05:19:59,scan_executed_new_execution_bar,USDJPY,2025.04.24 05:00:00,0,
2025.04.24 05:24:59,scan_skipped_same_execution_bar,USDJPY,2025.04.24 05:00:00,0,
2025.04.24 05:34:59,scan_executed_new_execution_bar,USDJPY,2025.04.24 05:15:00,16,
2025.04.24 05:39:59,scan_skipped_same_execution_bar,USDJPY,2025.04.24 05:15:00,0,
2025.04.24 05:49:59,scan_executed_new_execution_bar,USDJPY,2025.04.24 05:30:00,0,
2025.04.24 05:54:59,scan_skipped_same_execution_bar,USDJPY,2025.04.24 05:30:00,0,
2025.04.24 06:04:59,scan_executed_new_execution_bar,USDJPY,2025.04.24 05:45:00,15,
2025.04.24 06:09:59,scan_skipped_same_execution_bar,USDJPY,2025.04.24 05:45:00,0,
2025.04.24 06:19:59,scan_executed_new_execution_bar,USDJPY,2025.04.24 06:00:00,0,
2025.04.24 06:24:59,scan_skipped_same_execution_bar,USDJPY,2025.04.24 06:00:00,0,
2025.04.24 06:34:59,scan_executed_new_execution_bar,USDJPY,2025.04.24 06:15:00,0,
2025.04.24 06:39:59,scan_skipped_same_execution_bar,USDJPY,2025.04.24 06:15:00,0,
2025.04.24 06:49:59,scan_executed_new_execution_bar,USDJPY,2025.04.24 06:30:00,31,
2025.04.24 06:54:59,scan_skipped_same_execution_bar,USDJPY,2025.04.24 06:30:00,0,
2025.04.24 07:04:59,scan_executed_new_execution_bar,USDJPY,2025.04.24 06:45:00,0,
2025.04.24 07:09:59,scan_skipped_same_execution_bar,USDJPY,2025.04.24 06:45:00,0,
2025.04.24 07:19:59,scan_executed_new_execution_bar,USDJPY,2025.04.24 07:00:00,0,
2025.04.24 07:24:59,scan_skipped_same_execution_bar,USDJPY,2025.04.24 07:00:00,0,
2025.04.24 07:34:58,scan_executed_new_execution_bar,USDJPY,2025.04.24 07:15:00,0,
2025.04.24 07:39:59,scan_skipped_same_execution_bar,USDJPY,2025.04.24 07:15:00,0,
2025.04.24 07:49:59,scan_executed_new_execution_bar,USDJPY,2025.04.24 07:30:00,0,
2025.04.24 07:54:59,scan_skipped_same_execution_bar,USDJPY,2025.04.24 07:30:00,0,
2025.04.24 08:04:59,scan_executed_new_execution_bar,USDJPY,2025.04.24 07:45:00,0,
2025.04.24 08:09:59,scan_skipped_same_execution_bar,USDJPY,2025.04.24 07:45:00,0,
2025.04.24 08:20:00,scan_executed_new_execution_bar,USDJPY,2025.04.24 08:00:00,0,
2025.04.24 08:24:59,scan_skipped_same_execution_bar,USDJPY,2025.04.24 08:00:00,0,
2025.04.24 08:34:58,scan_executed_new_execution_bar,USDJPY,2025.04.24 08:15:00,0,
2025.04.24 08:39:59,scan_skipped_same_execution_bar,USDJPY,2025.04.24 08:15:00,0,
2025.04.24 08:49:59,scan_executed_new_execution_bar,USDJPY,2025.04.24 08:30:00,31,
2025.04.24 08:54:59,scan_skipped_same_execution_bar,USDJPY,2025.04.24 08:30:00,0,
2025.04.24 09:04:59,scan_executed_new_execution_bar,USDJPY,2025.04.24 08:45:00,0,
2025.04.24 09:09:59,scan_skipped_same_execution_bar,USDJPY,2025.04.24 08:45:00,0,
2025.04.24 09:19:59,scan_executed_new_execution_bar,USDJPY,2025.04.24 09:00:00,15,
2025.04.24 09:24:59,scan_skipped_same_execution_bar,USDJPY,2025.04.24 09:00:00,0,
2025.04.24 09:34:59,scan_executed_new_execution_bar,USDJPY,2025.04.24 09:15:00,0,
2025.04.24 09:39:59,scan_skipped_same_execution_bar,USDJPY,2025.04.24 09:15:00,0,
2025.04.24 09:49:59,scan_executed_new_execution_bar,USDJPY,2025.04.24 09:30:00,0,
2025.04.24 09:54:59,scan_skipped_same_execution_bar,USDJPY,2025.04.24 09:30:00,0,
2025.04.24 10:04:59,scan_executed_new_execution_bar,USDJPY,2025.04.24 09:45:00,0,
2025.04.24 10:09:59,scan_skipped_same_execution_bar,USDJPY,2025.04.24 09:45:00,0,
2025.04.24 10:19:59,scan_executed_new_execution_bar,USDJPY,2025.04.24 10:00:00,0,
2025.04.24 10:24:59,scan_skipped_same_execution_bar,USDJPY,2025.04.24 10:00:00,0,
2025.04.24 10:34:59,scan_executed_new_execution_bar,USDJPY,2025.04.24 10:15:00,0,
2025.04.24 10:39:59,scan_skipped_same_execution_bar,USDJPY,2025.04.24 10:15:00,0,
2025.04.24 10:49:59,scan_executed_new_execution_bar,USDJPY,2025.04.24 10:30:00,16,
2025.04.24 10:54:59,scan_skipped_same_execution_bar,USDJPY,2025.04.24 10:30:00,0,
2025.04.24 11:04:59,scan_executed_new_execution_bar,USDJPY,2025.04.24 10:45:00,0,
2025.04.24 11:09:59,scan_skipped_same_execution_bar,USDJPY,2025.04.24 10:45:00,0,
2025.04.24 11:19:59,scan_executed_new_execution_bar,USDJPY,2025.04.24 11:00:00,0,
2025.04.24 11:24:59,scan_skipped_same_execution_bar,USDJPY,2025.04.24 11:00:00,0,
2025.04.24 11:34:59,scan_executed_new_execution_bar,USDJPY,2025.04.24 11:15:00,16,
2025.04.24 11:39:59,scan_skipped_same_execution_bar,USDJPY,2025.04.24 11:15:00,0,
2025.04.24 11:49:59,scan_executed_new_execution_bar,USDJPY,2025.04.24 11:30:00,0,
2025.04.24 11:54:59,scan_skipped_same_execution_bar,USDJPY,2025.04.24 11:30:00,0,
2025.04.24 12:04:59,scan_executed_new_execution_bar,USDJPY,2025.04.24 11:45:00,0,
2025.04.24 12:09:59,scan_skipped_same_execution_bar,USDJPY,2025.04.24 11:45:00,0,
2025.04.24 12:19:59,scan_executed_new_execution_bar,USDJPY,2025.04.24 12:00:00,0,
2025.04.24 12:24:59,scan_skipped_same_execution_bar,USDJPY,2025.04.24 12:00:00,0,
2025.04.24 12:34:59,scan_executed_new_execution_bar,USDJPY,2025.04.24 12:15:00,32,
2025.04.24 12:39:59,scan_skipped_same_execution_bar,USDJPY,2025.04.24 12:15:00,0,
2025.04.24 12:49:59,scan_executed_new_execution_bar,USDJPY,2025.04.24 12:30:00,32,
2025.04.24 12:54:59,scan_skipped_same_execution_bar,USDJPY,2025.04.24 12:30:00,0,
2025.04.24 13:04:59,scan_executed_new_execution_bar,USDJPY,2025.04.24 12:45:00,15,
2025.04.24 13:09:59,scan_skipped_same_execution_bar,USDJPY,2025.04.24 12:45:00,0,
2025.04.24 13:19:59,scan_executed_new_execution_bar,USDJPY,2025.04.24 13:00:00,0,
2025.04.24 13:24:59,scan_skipped_same_execution_bar,USDJPY,2025.04.24 13:00:00,0,
2025.04.24 13:34:59,scan_executed_new_execution_bar,USDJPY,2025.04.24 13:15:00,0,
2025.04.24 13:39:59,scan_skipped_same_execution_bar,USDJPY,2025.04.24 13:15:00,0,
2025.04.24 13:49:59,scan_executed_new_execution_bar,USDJPY,2025.04.24 13:30:00,16,
2025.04.24 13:54:59,scan_skipped_same_execution_bar,USDJPY,2025.04.24 13:30:00,0,
2025.04.24 14:05:00,scan_executed_new_execution_bar,USDJPY,2025.04.24 13:45:00,0,
2025.04.24 14:09:59,scan_skipped_same_execution_bar,USDJPY,2025.04.24 13:45:00,0,
2025.04.24 14:19:59,scan_executed_new_execution_bar,USDJPY,2025.04.24 14:00:00,0,
2025.04.24 14:24:59,scan_skipped_same_execution_bar,USDJPY,2025.04.24 14:00:00,0,
2025.04.24 14:34:59,scan_executed_new_execution_bar,USDJPY,2025.04.24 14:15:00,0,
2025.04.24 14:39:59,scan_skipped_same_execution_bar,USDJPY,2025.04.24 14:15:00,0,
2025.04.24 14:49:59,scan_executed_new_execution_bar,USDJPY,2025.04.24 14:30:00,15,
2025.04.24 14:54:59,scan_skipped_same_execution_bar,USDJPY,2025.04.24 14:30:00,0,
2025.04.24 15:04:59,scan_executed_new_execution_bar,USDJPY,2025.04.24 14:45:00,47,
2025.04.24 15:09:59,scan_skipped_same_execution_bar,USDJPY,2025.04.24 14:45:00,0,
2025.04.24 15:19:59,scan_executed_new_execution_bar,USDJPY,2025.04.24 15:00:00,0,
2025.04.24 15:24:59,scan_skipped_same_execution_bar,USDJPY,2025.04.24 15:00:00,0,
2025.04.24 15:34:59,scan_executed_new_execution_bar,USDJPY,2025.04.24 15:15:00,16,
2025.04.24 15:39:59,scan_skipped_same_execution_bar,USDJPY,2025.04.24 15:15:00,0,
2025.04.24 15:49:59,scan_executed_new_execution_bar,USDJPY,2025.04.24 15:30:00,0,
2025.04.24 15:54:59,scan_skipped_same_execution_bar,USDJPY,2025.04.24 15:30:00,0,
2025.04.24 16:04:59,scan_executed_new_execution_bar,USDJPY,2025.04.24 15:45:00,16,
2025.04.24 16:09:59,scan_skipped_same_execution_bar,USDJPY,2025.04.24 15:45:00,0,
2025.04.24 16:19:59,scan_executed_new_execution_bar,USDJPY,2025.04.24 16:00:00,0,
2025.04.24 16:24:59,scan_skipped_same_execution_bar,USDJPY,2025.04.24 16:00:00,0,
2025.04.24 16:34:59,scan_executed_new_execution_bar,USDJPY,2025.04.24 16:15:00,16,
2025.04.24 16:39:59,scan_skipped_same_execution_bar,USDJPY,2025.04.24 16:15:00,0,
2025.04.24 16:49:59,scan_executed_new_execution_bar,USDJPY,2025.04.24 16:30:00,15,
2025.04.24 16:54:59,scan_skipped_same_execution_bar,USDJPY,2025.04.24 16:30:00,0,
2025.04.24 17:04:59,scan_executed_new_execution_bar,USDJPY,2025.04.24 16:45:00,0,
2025.04.24 17:09:59,scan_skipped_same_execution_bar,USDJPY,2025.04.24 16:45:00,0,
2025.04.24 17:19:59,scan_executed_new_execution_bar,USDJPY,2025.04.24 17:00:00,0,
2025.04.24 17:24:59,scan_skipped_same_execution_bar,USDJPY,2025.04.24 17:00:00,0,
2025.04.24 17:34:59,scan_executed_new_execution_bar,USDJPY,2025.04.24 17:15:00,15,
2025.04.24 17:39:59,scan_skipped_same_execution_bar,USDJPY,2025.04.24 17:15:00,0,
2025.04.24 17:49:59,scan_executed_new_execution_bar,USDJPY,2025.04.24 17:30:00,0,
2025.04.24 17:54:59,scan_skipped_same_execution_bar,USDJPY,2025.04.24 17:30:00,0,
2025.04.24 18:04:59,scan_executed_new_execution_bar,USDJPY,2025.04.24 17:45:00,47,
2025.04.24 18:10:00,scan_skipped_same_execution_bar,USDJPY,2025.04.24 17:45:00,0,
2025.04.24 18:19:59,scan_executed_new_execution_bar,USDJPY,2025.04.24 18:00:00,16,
2025.04.24 18:24:59,scan_skipped_same_execution_bar,USDJPY,2025.04.24 18:00:00,0,
2025.04.24 18:34:59,scan_executed_new_execution_bar,USDJPY,2025.04.24 18:15:00,31,
2025.04.24 18:39:59,scan_skipped_same_execution_bar,USDJPY,2025.04.24 18:15:00,0,
2025.04.24 18:49:59,scan_executed_new_execution_bar,USDJPY,2025.04.24 18:30:00,47,
2025.04.24 18:54:59,scan_skipped_same_execution_bar,USDJPY,2025.04.24 18:30:00,0,
2025.04.24 19:04:58,scan_executed_new_execution_bar,USDJPY,2025.04.24 18:45:00,62,
2025.04.24 19:09:59,scan_skipped_same_execution_bar,USDJPY,2025.04.24 18:45:00,0,
2025.04.24 19:19:59,scan_executed_new_execution_bar,USDJPY,2025.04.24 19:00:00,0,
2025.04.24 19:24:59,scan_skipped_same_execution_bar,USDJPY,2025.04.24 19:00:00,0,
2025.04.24 19:34:59,scan_executed_new_execution_bar,USDJPY,2025.04.24 19:15:00,16,
2025.04.24 19:39:59,scan_skipped_same_execution_bar,USDJPY,2025.04.24 19:15:00,0,
2025.04.24 19:49:59,scan_executed_new_execution_bar,USDJPY,2025.04.24 19:30:00,0,
2025.04.24 19:54:59,scan_skipped_same_execution_bar,USDJPY,2025.04.24 19:30:00,0,
2025.04.24 20:04:59,scan_executed_new_execution_bar,USDJPY,2025.04.24 19:45:00,32,
2025.04.24 20:09:59,scan_skipped_same_execution_bar,USDJPY,2025.04.24 19:45:00,0,
2025.04.24 20:19:59,scan_executed_new_execution_bar,USDJPY,2025.04.24 20:00:00,46,
2025.04.24 20:24:59,scan_skipped_same_execution_bar,USDJPY,2025.04.24 20:00:00,0,
2025.04.24 20:34:58,scan_executed_new_execution_bar,USDJPY,2025.04.24 20:15:00,0,
2025.04.24 20:39:59,scan_skipped_same_execution_bar,USDJPY,2025.04.24 20:15:00,0,
2025.04.24 20:49:59,scan_executed_new_execution_bar,USDJPY,2025.04.24 20:30:00,31,
2025.04.24 20:54:59,scan_skipped_same_execution_bar,USDJPY,2025.04.24 20:30:00,0,
2025.04.24 21:04:59,scan_executed_new_execution_bar,USDJPY,2025.04.24 20:45:00,0,
2025.04.24 21:09:59,scan_skipped_same_execution_bar,USDJPY,2025.04.24 20:45:00,0,
2025.04.24 21:19:59,scan_executed_new_execution_bar,USDJPY,2025.04.24 21:00:00,31,
2025.04.24 21:24:59,scan_skipped_same_execution_bar,USDJPY,2025.04.24 21:00:00,0,
2025.04.24 21:34:59,scan_executed_new_execution_bar,USDJPY,2025.04.24 21:15:00,31,
2025.04.24 21:39:59,scan_skipped_same_execution_bar,USDJPY,2025.04.24 21:15:00,0,
2025.04.24 21:49:59,scan_executed_new_execution_bar,USDJPY,2025.04.24 21:30:00,0,
2025.04.24 21:54:59,scan_skipped_same_execution_bar,USDJPY,2025.04.24 21:30:00,0,
2025.04.24 22:04:59,scan_executed_new_execution_bar,USDJPY,2025.04.24 21:45:00,0,
2025.04.24 22:09:59,scan_skipped_same_execution_bar,USDJPY,2025.04.24 21:45:00,0,
2025.04.24 22:19:59,scan_executed_new_execution_bar,USDJPY,2025.04.24 22:00:00,0,
2025.04.24 22:24:59,scan_skipped_same_execution_bar,USDJPY,2025.04.24 22:00:00,0,
2025.04.24 22:34:59,scan_executed_new_execution_bar,USDJPY,2025.04.24 22:15:00,0,
2025.04.24 22:39:59,scan_skipped_same_execution_bar,USDJPY,2025.04.24 22:15:00,0,
2025.04.24 22:49:59,scan_executed_new_execution_bar,USDJPY,2025.04.24 22:30:00,0,
2025.04.24 22:54:58,scan_skipped_same_execution_bar,USDJPY,2025.04.24 22:30:00,0,
2025.04.24 23:04:59,scan_executed_new_execution_bar,USDJPY,2025.04.24 22:45:00,0,
2025.04.24 23:09:59,scan_skipped_same_execution_bar,USDJPY,2025.04.24 22:45:00,0,
2025.04.24 23:19:54,scan_executed_new_execution_bar,USDJPY,2025.04.24 23:00:00,0,
2025.04.24 23:24:59,scan_skipped_same_execution_bar,USDJPY,2025.04.24 23:00:00,0,
2025.04.24 23:34:59,scan_executed_new_execution_bar,USDJPY,2025.04.24 23:15:00,0,
2025.04.24 23:40:00,scan_skipped_same_execution_bar,USDJPY,2025.04.24 23:15:00,0,
2025.04.24 23:49:59,scan_executed_new_execution_bar,USDJPY,2025.04.24 23:30:00,0,
2025.04.24 23:54:59,scan_skipped_same_execution_bar,USDJPY,2025.04.24 23:30:00,0,
2025.04.25 00:04:52,scan_executed_new_execution_bar,USDJPY,2025.04.24 23:45:00,0,
2025.04.25 00:09:59,scan_skipped_same_execution_bar,USDJPY,2025.04.24 23:45:00,0,
2025.04.25 00:19:59,scan_executed_new_execution_bar,USDJPY,2025.04.25 00:00:00,0,
2025.04.25 00:24:59,scan_skipped_same_execution_bar,USDJPY,2025.04.25 00:00:00,0,
2025.04.25 00:34:59,scan_executed_new_execution_bar,USDJPY,2025.04.25 00:15:00,0,
2025.04.25 00:39:56,scan_skipped_same_execution_bar,USDJPY,2025.04.25 00:15:00,0,
2025.04.25 00:49:58,scan_executed_new_execution_bar,USDJPY,2025.04.25 00:30:00,0,
2025.04.25 00:54:59,scan_skipped_same_execution_bar,USDJPY,2025.04.25 00:30:00,0,
2025.04.25 01:04:59,scan_executed_new_execution_bar,USDJPY,2025.04.25 00:45:00,0,
2025.04.25 01:09:59,scan_skipped_same_execution_bar,USDJPY,2025.04.25 00:45:00,0,
2025.04.25 01:19:59,scan_executed_new_execution_bar,USDJPY,2025.04.25 01:00:00,0,
2025.04.25 01:24:59,scan_skipped_same_execution_bar,USDJPY,2025.04.25 01:00:00,0,
2025.04.25 01:34:59,scan_executed_new_execution_bar,USDJPY,2025.04.25 01:15:00,16,
2025.04.25 01:39:59,scan_skipped_same_execution_bar,USDJPY,2025.04.25 01:15:00,0,
2025.04.25 01:49:59,scan_executed_new_execution_bar,USDJPY,2025.04.25 01:30:00,0,
2025.04.25 01:54:59,scan_skipped_same_execution_bar,USDJPY,2025.04.25 01:30:00,0,
2025.04.25 02:04:59,scan_executed_new_execution_bar,USDJPY,2025.04.25 01:45:00,16,
2025.04.25 02:09:59,scan_skipped_same_execution_bar,USDJPY,2025.04.25 01:45:00,0,
2025.04.25 02:19:58,scan_executed_new_execution_bar,USDJPY,2025.04.25 02:00:00,0,
2025.04.25 02:24:59,scan_skipped_same_execution_bar,USDJPY,2025.04.25 02:00:00,0,
2025.04.25 02:34:59,scan_executed_new_execution_bar,USDJPY,2025.04.25 02:15:00,15,
2025.04.25 02:39:59,scan_skipped_same_execution_bar,USDJPY,2025.04.25 02:15:00,0,
2025.04.25 02:49:59,scan_executed_new_execution_bar,USDJPY,2025.04.25 02:30:00,0,
2025.04.25 02:54:59,scan_skipped_same_execution_bar,USDJPY,2025.04.25 02:30:00,0,
2025.04.25 03:04:59,scan_executed_new_execution_bar,USDJPY,2025.04.25 02:45:00,16,
2025.04.25 03:09:59,scan_skipped_same_execution_bar,USDJPY,2025.04.25 02:45:00,0,
2025.04.25 03:19:59,scan_executed_new_execution_bar,USDJPY,2025.04.25 03:00:00,0,
2025.04.25 03:24:58,scan_skipped_same_execution_bar,USDJPY,2025.04.25 03:00:00,0,
2025.04.25 03:34:59,scan_executed_new_execution_bar,USDJPY,2025.04.25 03:15:00,0,
2025.04.25 03:39:59,scan_skipped_same_execution_bar,USDJPY,2025.04.25 03:15:00,0,
2025.04.25 03:49:59,scan_executed_new_execution_bar,USDJPY,2025.04.25 03:30:00,0,
2025.04.25 03:54:59,scan_skipped_same_execution_bar,USDJPY,2025.04.25 03:30:00,0,
2025.04.25 04:04:59,scan_executed_new_execution_bar,USDJPY,2025.04.25 03:45:00,0,
2025.04.25 04:09:59,scan_skipped_same_execution_bar,USDJPY,2025.04.25 03:45:00,0,
2025.04.25 04:19:59,scan_executed_new_execution_bar,USDJPY,2025.04.25 04:00:00,0,
2025.04.25 04:24:59,scan_skipped_same_execution_bar,USDJPY,2025.04.25 04:00:00,0,
2025.04.25 04:34:59,scan_executed_new_execution_bar,USDJPY,2025.04.25 04:15:00,31,
2025.04.25 04:39:59,scan_skipped_same_execution_bar,USDJPY,2025.04.25 04:15:00,0,
2025.04.25 04:49:59,scan_executed_new_execution_bar,USDJPY,2025.04.25 04:30:00,0,
2025.04.25 04:54:59,scan_skipped_same_execution_bar,USDJPY,2025.04.25 04:30:00,0,
2025.04.25 05:04:59,scan_executed_new_execution_bar,USDJPY,2025.04.25 04:45:00,16,
2025.04.25 05:09:59,scan_skipped_same_execution_bar,USDJPY,2025.04.25 04:45:00,0,
2025.04.25 05:19:59,scan_executed_new_execution_bar,USDJPY,2025.04.25 05:00:00,16,
2025.04.25 05:24:59,scan_skipped_same_execution_bar,USDJPY,2025.04.25 05:00:00,0,
2025.04.25 05:34:59,scan_executed_new_execution_bar,USDJPY,2025.04.25 05:15:00,0,
2025.04.25 05:39:59,scan_skipped_same_execution_bar,USDJPY,2025.04.25 05:15:00,0,
2025.04.25 05:49:59,scan_executed_new_execution_bar,USDJPY,2025.04.25 05:30:00,0,
2025.04.25 05:54:59,scan_skipped_same_execution_bar,USDJPY,2025.04.25 05:30:00,0,
2025.04.25 06:04:59,scan_executed_new_execution_bar,USDJPY,2025.04.25 05:45:00,0,
2025.04.25 06:09:59,scan_skipped_same_execution_bar,USDJPY,2025.04.25 05:45:00,0,
2025.04.25 06:19:59,scan_executed_new_execution_bar,USDJPY,2025.04.25 06:00:00,0,
2025.04.25 06:24:59,scan_skipped_same_execution_bar,USDJPY,2025.04.25 06:00:00,0,
2025.04.25 06:34:59,scan_executed_new_execution_bar,USDJPY,2025.04.25 06:15:00,0,
2025.04.25 06:39:59,scan_skipped_same_execution_bar,USDJPY,2025.04.25 06:15:00,0,
2025.04.25 06:49:59,scan_executed_new_execution_bar,USDJPY,2025.04.25 06:30:00,0,
2025.04.25 06:54:59,scan_skipped_same_execution_bar,USDJPY,2025.04.25 06:30:00,0,
2025.04.25 07:04:59,scan_executed_new_execution_bar,USDJPY,2025.04.25 06:45:00,0,
2025.04.25 07:09:59,scan_skipped_same_execution_bar,USDJPY,2025.04.25 06:45:00,0,
2025.04.25 07:19:59,scan_executed_new_execution_bar,USDJPY,2025.04.25 07:00:00,32,
2025.04.25 07:25:00,scan_skipped_same_execution_bar,USDJPY,2025.04.25 07:00:00,0,
2025.04.25 07:34:59,scan_executed_new_execution_bar,USDJPY,2025.04.25 07:15:00,46,
2025.04.25 07:39:59,scan_skipped_same_execution_bar,USDJPY,2025.04.25 07:15:00,0,
2025.04.25 07:49:59,scan_executed_new_execution_bar,USDJPY,2025.04.25 07:30:00,0,
2025.04.25 07:54:59,scan_skipped_same_execution_bar,USDJPY,2025.04.25 07:30:00,0,
2025.04.25 08:04:59,scan_executed_new_execution_bar,USDJPY,2025.04.25 07:45:00,31,
2025.04.25 08:09:59,scan_skipped_same_execution_bar,USDJPY,2025.04.25 07:45:00,0,
2025.04.25 08:19:59,scan_executed_new_execution_bar,USDJPY,2025.04.25 08:00:00,16,
2025.04.25 08:24:59,scan_skipped_same_execution_bar,USDJPY,2025.04.25 08:00:00,0,
2025.04.25 08:34:59,scan_executed_new_execution_bar,USDJPY,2025.04.25 08:15:00,47,
2025.04.25 08:39:59,scan_skipped_same_execution_bar,USDJPY,2025.04.25 08:15:00,0,
2025.04.25 08:49:59,scan_executed_new_execution_bar,USDJPY,2025.04.25 08:30:00,0,
2025.04.25 08:54:59,scan_skipped_same_execution_bar,USDJPY,2025.04.25 08:30:00,0,
2025.04.25 09:04:57,scan_executed_new_execution_bar,USDJPY,2025.04.25 08:45:00,31,
2025.04.25 09:09:59,scan_skipped_same_execution_bar,USDJPY,2025.04.25 08:45:00,0,
2025.04.25 09:19:59,scan_executed_new_execution_bar,USDJPY,2025.04.25 09:00:00,0,
2025.04.25 09:24:59,scan_skipped_same_execution_bar,USDJPY,2025.04.25 09:00:00,0,
2025.04.25 09:34:59,scan_executed_new_execution_bar,USDJPY,2025.04.25 09:15:00,15,
2025.04.25 09:39:59,scan_skipped_same_execution_bar,USDJPY,2025.04.25 09:15:00,0,
2025.04.25 09:49:59,scan_executed_new_execution_bar,USDJPY,2025.04.25 09:30:00,47,
2025.04.25 09:54:59,scan_skipped_same_execution_bar,USDJPY,2025.04.25 09:30:00,0,
2025.04.25 10:04:59,scan_executed_new_execution_bar,USDJPY,2025.04.25 09:45:00,0,
2025.04.25 10:09:59,scan_skipped_same_execution_bar,USDJPY,2025.04.25 09:45:00,0,
2025.04.25 10:19:59,scan_executed_new_execution_bar,USDJPY,2025.04.25 10:00:00,0,
2025.04.25 10:24:59,scan_skipped_same_execution_bar,USDJPY,2025.04.25 10:00:00,0,
2025.04.25 10:34:59,scan_executed_new_execution_bar,USDJPY,2025.04.25 10:15:00,0,
2025.04.25 10:39:59,scan_skipped_same_execution_bar,USDJPY,2025.04.25 10:15:00,0,
2025.04.25 10:49:59,scan_executed_new_execution_bar,USDJPY,2025.04.25 10:30:00,0,
2025.04.25 10:54:59,scan_skipped_same_execution_bar,USDJPY,2025.04.25 10:30:00,0,
2025.04.25 11:04:59,scan_executed_new_execution_bar,USDJPY,2025.04.25 10:45:00,31,
2025.04.25 11:09:59,scan_skipped_same_execution_bar,USDJPY,2025.04.25 10:45:00,0,
2025.04.25 11:19:59,scan_executed_new_execution_bar,USDJPY,2025.04.25 11:00:00,16,
2025.04.25 11:24:59,scan_skipped_same_execution_bar,USDJPY,2025.04.25 11:00:00,0,
2025.04.25 11:34:59,scan_executed_new_execution_bar,USDJPY,2025.04.25 11:15:00,31,
2025.04.25 11:39:59,scan_skipped_same_execution_bar,USDJPY,2025.04.25 11:15:00,0,
2025.04.25 11:49:59,scan_executed_new_execution_bar,USDJPY,2025.04.25 11:30:00,0,
2025.04.25 11:54:59,scan_skipped_same_execution_bar,USDJPY,2025.04.25 11:30:00,0,
2025.04.25 12:04:59,scan_executed_new_execution_bar,USDJPY,2025.04.25 11:45:00,0,
2025.04.25 12:09:59,scan_skipped_same_execution_bar,USDJPY,2025.04.25 11:45:00,0,
2025.04.25 12:19:58,scan_executed_new_execution_bar,USDJPY,2025.04.25 12:00:00,0,
2025.04.25 12:24:59,scan_skipped_same_execution_bar,USDJPY,2025.04.25 12:00:00,0,
2025.04.25 12:34:59,scan_executed_new_execution_bar,USDJPY,2025.04.25 12:15:00,31,
2025.04.25 12:39:59,scan_skipped_same_execution_bar,USDJPY,2025.04.25 12:15:00,0,
2025.04.25 12:49:59,scan_executed_new_execution_bar,USDJPY,2025.04.25 12:30:00,0,
2025.04.25 12:54:59,scan_skipped_same_execution_bar,USDJPY,2025.04.25 12:30:00,0,
2025.04.25 13:04:59,scan_executed_new_execution_bar,USDJPY,2025.04.25 12:45:00,47,
2025.04.25 13:09:59,scan_skipped_same_execution_bar,USDJPY,2025.04.25 12:45:00,0,
2025.04.25 13:19:59,scan_executed_new_execution_bar,USDJPY,2025.04.25 13:00:00,46,
2025.04.25 13:24:59,scan_skipped_same_execution_bar,USDJPY,2025.04.25 13:00:00,0,
2025.04.25 13:34:59,scan_executed_new_execution_bar,USDJPY,2025.04.25 13:15:00,16,
2025.04.25 13:39:59,scan_skipped_same_execution_bar,USDJPY,2025.04.25 13:15:00,0,
2025.04.25 13:49:59,scan_executed_new_execution_bar,USDJPY,2025.04.25 13:30:00,0,
2025.04.25 13:54:59,scan_skipped_same_execution_bar,USDJPY,2025.04.25 13:30:00,0,
2025.04.25 14:04:59,scan_executed_new_execution_bar,USDJPY,2025.04.25 13:45:00,0,
2025.04.25 14:09:59,scan_skipped_same_execution_bar,USDJPY,2025.04.25 13:45:00,0,
2025.04.25 14:19:59,scan_executed_new_execution_bar,USDJPY,2025.04.25 14:00:00,0,
2025.04.25 14:24:59,scan_skipped_same_execution_bar,USDJPY,2025.04.25 14:00:00,0,
2025.04.25 14:34:59,scan_executed_new_execution_bar,USDJPY,2025.04.25 14:15:00,15,
2025.04.25 14:39:59,scan_skipped_same_execution_bar,USDJPY,2025.04.25 14:15:00,0,
2025.04.25 14:49:59,scan_executed_new_execution_bar,USDJPY,2025.04.25 14:30:00,0,
2025.04.25 14:54:59,scan_skipped_same_execution_bar,USDJPY,2025.04.25 14:30:00,0,
2025.04.25 15:04:58,scan_executed_new_execution_bar,USDJPY,2025.04.25 14:45:00,32,
2025.04.25 15:09:59,scan_skipped_same_execution_bar,USDJPY,2025.04.25 14:45:00,0,
2025.04.25 15:19:59,scan_executed_new_execution_bar,USDJPY,2025.04.25 15:00:00,15,
2025.04.25 15:24:59,scan_skipped_same_execution_bar,USDJPY,2025.04.25 15:00:00,0,
2025.04.25 15:34:59,scan_executed_new_execution_bar,USDJPY,2025.04.25 15:15:00,32,
2025.04.25 15:39:59,scan_skipped_same_execution_bar,USDJPY,2025.04.25 15:15:00,0,
2025.04.25 15:49:59,scan_executed_new_execution_bar,USDJPY,2025.04.25 15:30:00,16,
2025.04.25 15:54:59,scan_skipped_same_execution_bar,USDJPY,2025.04.25 15:30:00,0,
2025.04.25 16:04:59,scan_executed_new_execution_bar,USDJPY,2025.04.25 15:45:00,15,
2025.04.25 16:09:59,scan_skipped_same_execution_bar,USDJPY,2025.04.25 15:45:00,0,
2025.04.25 16:19:59,scan_executed_new_execution_bar,USDJPY,2025.04.25 16:00:00,16,
2025.04.25 16:24:59,scan_skipped_same_execution_bar,USDJPY,2025.04.25 16:00:00,0,
2025.04.25 16:34:59,scan_executed_new_execution_bar,USDJPY,2025.04.25 16:15:00,0,
2025.04.25 16:39:59,scan_skipped_same_execution_bar,USDJPY,2025.04.25 16:15:00,0,
2025.04.25 16:49:59,scan_executed_new_execution_bar,USDJPY,2025.04.25 16:30:00,16,
2025.04.25 16:54:59,scan_skipped_same_execution_bar,USDJPY,2025.04.25 16:30:00,0,
2025.04.25 17:04:59,scan_executed_new_execution_bar,USDJPY,2025.04.25 16:45:00,0,
2025.04.25 17:09:59,scan_skipped_same_execution_bar,USDJPY,2025.04.25 16:45:00,0,
2025.04.25 17:19:59,scan_executed_new_execution_bar,USDJPY,2025.04.25 17:00:00,0,
2025.04.25 17:24:59,scan_skipped_same_execution_bar,USDJPY,2025.04.25 17:00:00,0,
2025.04.25 17:34:59,scan_executed_new_execution_bar,USDJPY,2025.04.25 17:15:00,0,
2025.04.25 17:39:59,scan_skipped_same_execution_bar,USDJPY,2025.04.25 17:15:00,0,
2025.04.25 17:49:59,scan_executed_new_execution_bar,USDJPY,2025.04.25 17:30:00,0,
2025.04.25 17:54:59,scan_skipped_same_execution_bar,USDJPY,2025.04.25 17:30:00,0,
2025.04.25 18:04:59,scan_executed_new_execution_bar,USDJPY,2025.04.25 17:45:00,0,
2025.04.25 18:09:59,scan_skipped_same_execution_bar,USDJPY,2025.04.25 17:45:00,0,
2025.04.25 18:19:59,scan_executed_new_execution_bar,USDJPY,2025.04.25 18:00:00,16,
2025.04.25 18:24:59,scan_skipped_same_execution_bar,USDJPY,2025.04.25 18:00:00,0,
2025.04.25 18:34:59,scan_executed_new_execution_bar,USDJPY,2025.04.25 18:15:00,0,
2025.04.25 18:39:59,scan_skipped_same_execution_bar,USDJPY,2025.04.25 18:15:00,0,
2025.04.25 18:49:59,scan_executed_new_execution_bar,USDJPY,2025.04.25 18:30:00,47,
2025.04.25 18:54:59,scan_skipped_same_execution_bar,USDJPY,2025.04.25 18:30:00,0,
2025.04.25 19:04:59,scan_executed_new_execution_bar,USDJPY,2025.04.25 18:45:00,0,
2025.04.25 19:09:59,scan_skipped_same_execution_bar,USDJPY,2025.04.25 18:45:00,0,
2025.04.25 19:19:58,scan_executed_new_execution_bar,USDJPY,2025.04.25 19:00:00,0,
2025.04.25 19:24:58,scan_skipped_same_execution_bar,USDJPY,2025.04.25 19:00:00,0,
2025.04.25 19:34:59,scan_executed_new_execution_bar,USDJPY,2025.04.25 19:15:00,0,
2025.04.25 19:39:59,scan_skipped_same_execution_bar,USDJPY,2025.04.25 19:15:00,0,
2025.04.25 19:49:58,scan_executed_new_execution_bar,USDJPY,2025.04.25 19:30:00,32,
2025.04.25 19:54:56,scan_skipped_same_execution_bar,USDJPY,2025.04.25 19:30:00,0,
2025.04.25 20:04:59,scan_executed_new_execution_bar,USDJPY,2025.04.25 19:45:00,63,
2025.04.25 20:09:58,scan_skipped_same_execution_bar,USDJPY,2025.04.25 19:45:00,0,
2025.04.25 20:19:59,scan_executed_new_execution_bar,USDJPY,2025.04.25 20:00:00,0,
2025.04.25 20:24:59,scan_skipped_same_execution_bar,USDJPY,2025.04.25 20:00:00,0,
2025.04.25 20:34:59,scan_executed_new_execution_bar,USDJPY,2025.04.25 20:15:00,0,
2025.04.25 20:39:59,scan_skipped_same_execution_bar,USDJPY,2025.04.25 20:15:00,0,
2025.04.25 20:49:59,scan_executed_new_execution_bar,USDJPY,2025.04.25 20:30:00,16,
2025.04.25 20:54:59,scan_skipped_same_execution_bar,USDJPY,2025.04.25 20:30:00,0,
2025.04.25 21:04:59,scan_executed_new_execution_bar,USDJPY,2025.04.25 20:45:00,0,
2025.04.25 21:09:59,scan_skipped_same_execution_bar,USDJPY,2025.04.25 20:45:00,0,
2025.04.25 21:19:59,scan_executed_new_execution_bar,USDJPY,2025.04.25 21:00:00,0,
2025.04.25 21:24:59,scan_skipped_same_execution_bar,USDJPY,2025.04.25 21:00:00,0,
2025.04.25 21:34:59,scan_executed_new_execution_bar,USDJPY,2025.04.25 21:15:00,0,
2025.04.25 21:39:59,scan_skipped_same_execution_bar,USDJPY,2025.04.25 21:15:00,0,
2025.04.25 21:49:59,scan_executed_new_execution_bar,USDJPY,2025.04.25 21:30:00,0,
2025.04.25 21:54:59,scan_skipped_same_execution_bar,USDJPY,2025.04.25 21:30:00,0,
2025.04.25 22:04:59,scan_executed_new_execution_bar,USDJPY,2025.04.25 21:45:00,0,
2025.04.25 22:09:59,scan_skipped_same_execution_bar,USDJPY,2025.04.25 21:45:00,0,
2025.04.25 22:19:59,scan_executed_new_execution_bar,USDJPY,2025.04.25 22:00:00,0,
2025.04.25 22:24:58,scan_skipped_same_execution_bar,USDJPY,2025.04.25 22:00:00,0,
2025.04.25 22:34:59,scan_executed_new_execution_bar,USDJPY,2025.04.25 22:15:00,0,
2025.04.25 22:40:00,scan_skipped_same_execution_bar,USDJPY,2025.04.25 22:15:00,0,
2025.04.25 22:49:59,scan_executed_new_execution_bar,USDJPY,2025.04.25 22:30:00,0,
2025.04.25 22:54:59,scan_skipped_same_execution_bar,USDJPY,2025.04.25 22:30:00,0,
2025.04.25 23:04:59,scan_executed_new_execution_bar,USDJPY,2025.04.25 22:45:00,0,
2025.04.25 23:09:59,scan_skipped_same_execution_bar,USDJPY,2025.04.25 22:45:00,0,
2025.04.25 23:19:58,scan_executed_new_execution_bar,USDJPY,2025.04.25 23:00:00,0,
2025.04.25 23:24:59,scan_skipped_same_execution_bar,USDJPY,2025.04.25 23:00:00,0,
2025.04.25 23:34:58,scan_executed_new_execution_bar,USDJPY,2025.04.25 23:15:00,0,
2025.04.25 23:39:59,scan_skipped_same_execution_bar,USDJPY,2025.04.25 23:15:00,0,
2025.04.25 23:49:59,scan_executed_new_execution_bar,USDJPY,2025.04.25 23:30:00,0,
2025.04.25 23:54:59,scan_skipped_same_execution_bar,USDJPY,2025.04.25 23:30:00,0,
2025.04.28 00:04:49,scan_executed_new_execution_bar,USDJPY,2025.04.25 23:45:00,0,
2025.04.28 00:09:59,scan_skipped_same_execution_bar,USDJPY,2025.04.25 23:45:00,0,
2025.04.28 00:19:59,scan_executed_new_execution_bar,USDJPY,2025.04.28 00:00:00,0,
2025.04.28 00:24:55,scan_skipped_same_execution_bar,USDJPY,2025.04.28 00:00:00,0,
2025.04.28 00:34:59,scan_executed_new_execution_bar,USDJPY,2025.04.28 00:15:00,0,
2025.04.28 00:39:46,scan_skipped_same_execution_bar,USDJPY,2025.04.28 00:15:00,0,
2025.04.28 00:49:59,scan_executed_new_execution_bar,USDJPY,2025.04.28 00:30:00,0,
2025.04.28 00:54:57,scan_skipped_same_execution_bar,USDJPY,2025.04.28 00:30:00,0,
2025.04.28 01:04:59,scan_executed_new_execution_bar,USDJPY,2025.04.28 00:45:00,0,
2025.04.28 01:09:59,scan_skipped_same_execution_bar,USDJPY,2025.04.28 00:45:00,0,
2025.04.28 01:19:59,scan_executed_new_execution_bar,USDJPY,2025.04.28 01:00:00,15,
2025.04.28 01:24:59,scan_skipped_same_execution_bar,USDJPY,2025.04.28 01:00:00,0,
2025.04.28 01:34:58,scan_executed_new_execution_bar,USDJPY,2025.04.28 01:15:00,0,
2025.04.28 01:39:58,scan_skipped_same_execution_bar,USDJPY,2025.04.28 01:15:00,0,
2025.04.28 01:49:59,scan_executed_new_execution_bar,USDJPY,2025.04.28 01:30:00,0,
2025.04.28 01:54:58,scan_skipped_same_execution_bar,USDJPY,2025.04.28 01:30:00,0,
2025.04.28 02:04:59,scan_executed_new_execution_bar,USDJPY,2025.04.28 01:45:00,0,
2025.04.28 02:09:58,scan_skipped_same_execution_bar,USDJPY,2025.04.28 01:45:00,0,
2025.04.28 02:19:57,scan_executed_new_execution_bar,USDJPY,2025.04.28 02:00:00,0,
2025.04.28 02:24:58,scan_skipped_same_execution_bar,USDJPY,2025.04.28 02:00:00,0,
2025.04.28 02:34:59,scan_executed_new_execution_bar,USDJPY,2025.04.28 02:15:00,0,
2025.04.28 02:39:59,scan_skipped_same_execution_bar,USDJPY,2025.04.28 02:15:00,0,
2025.04.28 02:49:59,scan_executed_new_execution_bar,USDJPY,2025.04.28 02:30:00,0,
2025.04.28 02:54:59,scan_skipped_same_execution_bar,USDJPY,2025.04.28 02:30:00,0,
2025.04.28 03:05:00,scan_executed_new_execution_bar,USDJPY,2025.04.28 02:45:00,0,
2025.04.28 03:09:59,scan_skipped_same_execution_bar,USDJPY,2025.04.28 02:45:00,0,
2025.04.28 03:19:58,scan_executed_new_execution_bar,USDJPY,2025.04.28 03:00:00,0,
2025.04.28 03:24:59,scan_skipped_same_execution_bar,USDJPY,2025.04.28 03:00:00,0,
2025.04.28 03:34:59,scan_executed_new_execution_bar,USDJPY,2025.04.28 03:15:00,15,
2025.04.28 03:39:59,scan_skipped_same_execution_bar,USDJPY,2025.04.28 03:15:00,0,
2025.04.28 03:49:58,scan_executed_new_execution_bar,USDJPY,2025.04.28 03:30:00,0,
2025.04.28 03:54:59,scan_skipped_same_execution_bar,USDJPY,2025.04.28 03:30:00,0,
2025.04.28 04:04:59,scan_executed_new_execution_bar,USDJPY,2025.04.28 03:45:00,0,
2025.04.28 04:09:59,scan_skipped_same_execution_bar,USDJPY,2025.04.28 03:45:00,0,
2025.04.28 04:19:59,scan_executed_new_execution_bar,USDJPY,2025.04.28 04:00:00,0,
2025.04.28 04:24:59,scan_skipped_same_execution_bar,USDJPY,2025.04.28 04:00:00,0,
2025.04.28 04:34:59,scan_executed_new_execution_bar,USDJPY,2025.04.28 04:15:00,32,
2025.04.28 04:39:59,scan_skipped_same_execution_bar,USDJPY,2025.04.28 04:15:00,0,
2025.04.28 04:49:59,scan_executed_new_execution_bar,USDJPY,2025.04.28 04:30:00,0,
2025.04.28 04:54:59,scan_skipped_same_execution_bar,USDJPY,2025.04.28 04:30:00,0,
2025.04.28 05:04:59,scan_executed_new_execution_bar,USDJPY,2025.04.28 04:45:00,15,
2025.04.28 05:09:59,scan_skipped_same_execution_bar,USDJPY,2025.04.28 04:45:00,0,
2025.04.28 05:19:59,scan_executed_new_execution_bar,USDJPY,2025.04.28 05:00:00,0,
2025.04.28 05:24:59,scan_skipped_same_execution_bar,USDJPY,2025.04.28 05:00:00,0,
2025.04.28 05:34:59,scan_executed_new_execution_bar,USDJPY,2025.04.28 05:15:00,0,
2025.04.28 05:39:59,scan_skipped_same_execution_bar,USDJPY,2025.04.28 05:15:00,0,
2025.04.28 05:49:59,scan_executed_new_execution_bar,USDJPY,2025.04.28 05:30:00,0,
2025.04.28 05:54:59,scan_skipped_same_execution_bar,USDJPY,2025.04.28 05:30:00,0,
2025.04.28 06:04:59,scan_executed_new_execution_bar,USDJPY,2025.04.28 05:45:00,0,
2025.04.28 06:09:59,scan_skipped_same_execution_bar,USDJPY,2025.04.28 05:45:00,0,
2025.04.28 06:19:59,scan_executed_new_execution_bar,USDJPY,2025.04.28 06:00:00,0,
2025.04.28 06:24:59,scan_skipped_same_execution_bar,USDJPY,2025.04.28 06:00:00,0,
2025.04.28 06:34:59,scan_executed_new_execution_bar,USDJPY,2025.04.28 06:15:00,0,
2025.04.28 06:39:59,scan_skipped_same_execution_bar,USDJPY,2025.04.28 06:15:00,0,
2025.04.28 06:49:58,scan_executed_new_execution_bar,USDJPY,2025.04.28 06:30:00,16,
2025.04.28 06:54:59,scan_skipped_same_execution_bar,USDJPY,2025.04.28 06:30:00,0,
2025.04.28 07:04:59,scan_executed_new_execution_bar,USDJPY,2025.04.28 06:45:00,0,
2025.04.28 07:09:59,scan_skipped_same_execution_bar,USDJPY,2025.04.28 06:45:00,0,
2025.04.28 07:19:59,scan_executed_new_execution_bar,USDJPY,2025.04.28 07:00:00,0,
2025.04.28 07:24:59,scan_skipped_same_execution_bar,USDJPY,2025.04.28 07:00:00,0,
2025.04.28 07:34:59,scan_executed_new_execution_bar,USDJPY,2025.04.28 07:15:00,0,
2025.04.28 07:39:59,scan_skipped_same_execution_bar,USDJPY,2025.04.28 07:15:00,0,
2025.04.28 07:49:59,scan_executed_new_execution_bar,USDJPY,2025.04.28 07:30:00,0,
2025.04.28 07:54:55,scan_skipped_same_execution_bar,USDJPY,2025.04.28 07:30:00,0,
2025.04.28 08:04:59,scan_executed_new_execution_bar,USDJPY,2025.04.28 07:45:00,0,
2025.04.28 08:09:59,scan_skipped_same_execution_bar,USDJPY,2025.04.28 07:45:00,0,
2025.04.28 08:19:59,scan_executed_new_execution_bar,USDJPY,2025.04.28 08:00:00,0,
2025.04.28 08:24:59,scan_skipped_same_execution_bar,USDJPY,2025.04.28 08:00:00,0,
2025.04.28 08:34:59,scan_executed_new_execution_bar,USDJPY,2025.04.28 08:15:00,0,
2025.04.28 08:39:59,scan_skipped_same_execution_bar,USDJPY,2025.04.28 08:15:00,0,
2025.04.28 08:45:00,scan_executed_new_execution_bar,USDJPY,2025.04.28 08:30:00,0,
2025.04.28 08:49:59,scan_skipped_same_execution_bar,USDJPY,2025.04.28 08:30:00,0,
2025.04.28 09:04:59,scan_executed_new_execution_bar,USDJPY,2025.04.28 08:45:00,0,
2025.04.28 09:09:59,scan_skipped_same_execution_bar,USDJPY,2025.04.28 08:45:00,0,
2025.04.28 09:19:59,scan_executed_new_execution_bar,USDJPY,2025.04.28 09:00:00,0,
2025.04.28 09:24:59,scan_skipped_same_execution_bar,USDJPY,2025.04.28 09:00:00,0,
2025.04.28 09:34:59,scan_executed_new_execution_bar,USDJPY,2025.04.28 09:15:00,0,
2025.04.28 09:39:59,scan_skipped_same_execution_bar,USDJPY,2025.04.28 09:15:00,0,
2025.04.28 09:49:59,scan_executed_new_execution_bar,USDJPY,2025.04.28 09:30:00,0,
2025.04.28 09:54:59,scan_skipped_same_execution_bar,USDJPY,2025.04.28 09:30:00,0,
2025.04.28 10:04:59,scan_executed_new_execution_bar,USDJPY,2025.04.28 09:45:00,0,
2025.04.28 10:09:59,scan_skipped_same_execution_bar,USDJPY,2025.04.28 09:45:00,0,
2025.04.28 10:19:59,scan_executed_new_execution_bar,USDJPY,2025.04.28 10:00:00,16,
2025.04.28 10:24:59,scan_skipped_same_execution_bar,USDJPY,2025.04.28 10:00:00,0,
2025.04.28 10:34:59,scan_executed_new_execution_bar,USDJPY,2025.04.28 10:15:00,31,
2025.04.28 10:39:59,scan_skipped_same_execution_bar,USDJPY,2025.04.28 10:15:00,0,
2025.04.28 10:49:59,scan_executed_new_execution_bar,USDJPY,2025.04.28 10:30:00,31,
2025.04.28 10:54:59,scan_skipped_same_execution_bar,USDJPY,2025.04.28 10:30:00,0,
2025.04.28 11:04:59,scan_executed_new_execution_bar,USDJPY,2025.04.28 10:45:00,15,
2025.04.28 11:09:59,scan_skipped_same_execution_bar,USDJPY,2025.04.28 10:45:00,0,
2025.04.28 11:19:59,scan_executed_new_execution_bar,USDJPY,2025.04.28 11:00:00,16,
2025.04.28 11:24:59,scan_skipped_same_execution_bar,USDJPY,2025.04.28 11:00:00,0,
2025.04.28 11:34:59,scan_executed_new_execution_bar,USDJPY,2025.04.28 11:15:00,0,
2025.04.28 11:39:59,scan_skipped_same_execution_bar,USDJPY,2025.04.28 11:15:00,0,
2025.04.28 11:49:59,scan_executed_new_execution_bar,USDJPY,2025.04.28 11:30:00,31,
2025.04.28 11:55:00,scan_skipped_same_execution_bar,USDJPY,2025.04.28 11:30:00,0,
2025.04.28 12:04:59,scan_executed_new_execution_bar,USDJPY,2025.04.28 11:45:00,0,
2025.04.28 12:09:59,scan_skipped_same_execution_bar,USDJPY,2025.04.28 11:45:00,0,
2025.04.28 12:19:59,scan_executed_new_execution_bar,USDJPY,2025.04.28 12:00:00,0,
2025.04.28 12:24:59,scan_skipped_same_execution_bar,USDJPY,2025.04.28 12:00:00,0,
2025.04.28 12:34:59,scan_executed_new_execution_bar,USDJPY,2025.04.28 12:15:00,16,
2025.04.28 12:39:59,scan_skipped_same_execution_bar,USDJPY,2025.04.28 12:15:00,0,
2025.04.28 12:50:00,scan_executed_new_execution_bar,USDJPY,2025.04.28 12:30:00,15,
2025.04.28 12:54:59,scan_skipped_same_execution_bar,USDJPY,2025.04.28 12:30:00,0,
2025.04.28 13:04:59,scan_executed_new_execution_bar,USDJPY,2025.04.28 12:45:00,15,
2025.04.28 13:09:59,scan_skipped_same_execution_bar,USDJPY,2025.04.28 12:45:00,0,
2025.04.28 13:19:59,scan_executed_new_execution_bar,USDJPY,2025.04.28 13:00:00,16,
2025.04.28 13:24:58,scan_skipped_same_execution_bar,USDJPY,2025.04.28 13:00:00,0,
2025.04.28 13:34:59,scan_executed_new_execution_bar,USDJPY,2025.04.28 13:15:00,0,
2025.04.28 13:39:59,scan_skipped_same_execution_bar,USDJPY,2025.04.28 13:15:00,0,
2025.04.28 13:49:59,scan_executed_new_execution_bar,USDJPY,2025.04.28 13:30:00,15,
2025.04.28 13:54:59,scan_skipped_same_execution_bar,USDJPY,2025.04.28 13:30:00,0,
2025.04.28 14:04:59,scan_executed_new_execution_bar,USDJPY,2025.04.28 13:45:00,16,
2025.04.28 14:09:59,scan_skipped_same_execution_bar,USDJPY,2025.04.28 13:45:00,0,
2025.04.28 14:19:59,scan_executed_new_execution_bar,USDJPY,2025.04.28 14:00:00,16,
2025.04.28 14:24:59,scan_skipped_same_execution_bar,USDJPY,2025.04.28 14:00:00,0,
2025.04.28 14:34:59,scan_executed_new_execution_bar,USDJPY,2025.04.28 14:15:00,0,
2025.04.28 14:39:59,scan_skipped_same_execution_bar,USDJPY,2025.04.28 14:15:00,0,
2025.04.28 14:49:59,scan_executed_new_execution_bar,USDJPY,2025.04.28 14:30:00,0,
2025.04.28 14:54:59,scan_skipped_same_execution_bar,USDJPY,2025.04.28 14:30:00,0,
2025.04.28 15:04:59,scan_executed_new_execution_bar,USDJPY,2025.04.28 14:45:00,0,
2025.04.28 15:09:59,scan_skipped_same_execution_bar,USDJPY,2025.04.28 14:45:00,0,
2025.04.28 15:19:59,scan_executed_new_execution_bar,USDJPY,2025.04.28 15:00:00,0,
2025.04.28 15:24:59,scan_skipped_same_execution_bar,USDJPY,2025.04.28 15:00:00,0,
2025.04.28 15:34:59,scan_executed_new_execution_bar,USDJPY,2025.04.28 15:15:00,0,
2025.04.28 15:39:59,scan_skipped_same_execution_bar,USDJPY,2025.04.28 15:15:00,0,
2025.04.28 15:49:59,scan_executed_new_execution_bar,USDJPY,2025.04.28 15:30:00,15,
2025.04.28 15:54:59,scan_skipped_same_execution_bar,USDJPY,2025.04.28 15:30:00,0,
2025.04.28 16:04:59,scan_executed_new_execution_bar,USDJPY,2025.04.28 15:45:00,0,
2025.04.28 16:09:59,scan_skipped_same_execution_bar,USDJPY,2025.04.28 15:45:00,0,
2025.04.28 16:19:59,scan_executed_new_execution_bar,USDJPY,2025.04.28 16:00:00,15,
2025.04.28 16:24:59,scan_skipped_same_execution_bar,USDJPY,2025.04.28 16:00:00,0,
2025.04.28 16:34:59,scan_executed_new_execution_bar,USDJPY,2025.04.28 16:15:00,0,
2025.04.28 16:39:59,scan_skipped_same_execution_bar,USDJPY,2025.04.28 16:15:00,0,
2025.04.28 16:49:59,scan_executed_new_execution_bar,USDJPY,2025.04.28 16:30:00,0,
2025.04.28 16:54:59,scan_skipped_same_execution_bar,USDJPY,2025.04.28 16:30:00,0,
2025.04.28 17:04:59,scan_executed_new_execution_bar,USDJPY,2025.04.28 16:45:00,0,
2025.04.28 17:09:59,scan_skipped_same_execution_bar,USDJPY,2025.04.28 16:45:00,0,
2025.04.28 17:19:59,scan_executed_new_execution_bar,USDJPY,2025.04.28 17:00:00,16,
2025.04.28 17:25:00,scan_skipped_same_execution_bar,USDJPY,2025.04.28 17:00:00,0,
2025.04.28 17:34:59,scan_executed_new_execution_bar,USDJPY,2025.04.28 17:15:00,16,
2025.04.28 17:39:59,scan_skipped_same_execution_bar,USDJPY,2025.04.28 17:15:00,0,
2025.04.28 17:49:59,scan_executed_new_execution_bar,USDJPY,2025.04.28 17:30:00,15,
2025.04.28 17:54:59,scan_skipped_same_execution_bar,USDJPY,2025.04.28 17:30:00,0,
2025.04.28 18:04:59,scan_executed_new_execution_bar,USDJPY,2025.04.28 17:45:00,47,
2025.04.28 18:09:59,scan_skipped_same_execution_bar,USDJPY,2025.04.28 17:45:00,0,
2025.04.28 18:19:59,scan_executed_new_execution_bar,USDJPY,2025.04.28 18:00:00,0,
2025.04.28 18:24:59,scan_skipped_same_execution_bar,USDJPY,2025.04.28 18:00:00,0,
2025.04.28 18:34:59,scan_executed_new_execution_bar,USDJPY,2025.04.28 18:15:00,0,
2025.04.28 18:40:00,scan_skipped_same_execution_bar,USDJPY,2025.04.28 18:15:00,0,
2025.04.28 18:49:59,scan_executed_new_execution_bar,USDJPY,2025.04.28 18:30:00,0,
2025.04.28 18:54:59,scan_skipped_same_execution_bar,USDJPY,2025.04.28 18:30:00,0,
2025.04.28 19:04:59,scan_executed_new_execution_bar,USDJPY,2025.04.28 18:45:00,0,
2025.04.28 19:09:59,scan_skipped_same_execution_bar,USDJPY,2025.04.28 18:45:00,0,
2025.04.28 19:19:59,scan_executed_new_execution_bar,USDJPY,2025.04.28 19:00:00,0,
2025.04.28 19:24:59,scan_skipped_same_execution_bar,USDJPY,2025.04.28 19:00:00,0,
2025.04.28 19:34:59,scan_executed_new_execution_bar,USDJPY,2025.04.28 19:15:00,0,
2025.04.28 19:39:59,scan_skipped_same_execution_bar,USDJPY,2025.04.28 19:15:00,0,
2025.04.28 19:49:59,scan_executed_new_execution_bar,USDJPY,2025.04.28 19:30:00,0,
2025.04.28 19:54:59,scan_skipped_same_execution_bar,USDJPY,2025.04.28 19:30:00,0,
2025.04.28 20:04:59,scan_executed_new_execution_bar,USDJPY,2025.04.28 19:45:00,0,
2025.04.28 20:10:00,scan_skipped_same_execution_bar,USDJPY,2025.04.28 19:45:00,0,
2025.04.28 20:19:59,scan_executed_new_execution_bar,USDJPY,2025.04.28 20:00:00,0,
2025.04.28 20:24:59,scan_skipped_same_execution_bar,USDJPY,2025.04.28 20:00:00,0,
2025.04.28 20:35:00,scan_executed_new_execution_bar,USDJPY,2025.04.28 20:15:00,0,
2025.04.28 20:39:59,scan_skipped_same_execution_bar,USDJPY,2025.04.28 20:15:00,0,
2025.04.28 20:49:59,scan_executed_new_execution_bar,USDJPY,2025.04.28 20:30:00,62,
2025.04.28 20:54:58,scan_skipped_same_execution_bar,USDJPY,2025.04.28 20:30:00,0,
2025.04.28 21:04:59,scan_executed_new_execution_bar,USDJPY,2025.04.28 20:45:00,16,
2025.04.28 21:09:59,scan_skipped_same_execution_bar,USDJPY,2025.04.28 20:45:00,0,
2025.04.28 21:19:59,scan_executed_new_execution_bar,USDJPY,2025.04.28 21:00:00,15,
2025.04.28 21:24:59,scan_skipped_same_execution_bar,USDJPY,2025.04.28 21:00:00,0,
2025.04.28 21:34:59,scan_executed_new_execution_bar,USDJPY,2025.04.28 21:15:00,0,
2025.04.28 21:39:59,scan_skipped_same_execution_bar,USDJPY,2025.04.28 21:15:00,0,
2025.04.28 21:49:59,scan_executed_new_execution_bar,USDJPY,2025.04.28 21:30:00,0,
2025.04.28 21:54:59,scan_skipped_same_execution_bar,USDJPY,2025.04.28 21:30:00,0,
2025.04.28 22:04:59,scan_executed_new_execution_bar,USDJPY,2025.04.28 21:45:00,0,
2025.04.28 22:09:59,scan_skipped_same_execution_bar,USDJPY,2025.04.28 21:45:00,0,
2025.04.28 22:19:59,scan_executed_new_execution_bar,USDJPY,2025.04.28 22:00:00,0,
2025.04.28 22:24:59,scan_skipped_same_execution_bar,USDJPY,2025.04.28 22:00:00,0,
2025.04.28 22:34:59,scan_executed_new_execution_bar,USDJPY,2025.04.28 22:15:00,15,
2025.04.28 22:39:59,scan_skipped_same_execution_bar,USDJPY,2025.04.28 22:15:00,0,
2025.04.28 22:49:59,scan_executed_new_execution_bar,USDJPY,2025.04.28 22:30:00,0,
2025.04.28 22:54:59,scan_skipped_same_execution_bar,USDJPY,2025.04.28 22:30:00,0,
2025.04.28 23:04:55,scan_executed_new_execution_bar,USDJPY,2025.04.28 22:45:00,0,
2025.04.28 23:09:59,scan_skipped_same_execution_bar,USDJPY,2025.04.28 22:45:00,0,
2025.04.28 23:19:55,scan_executed_new_execution_bar,USDJPY,2025.04.28 23:00:00,0,
2025.04.28 23:24:58,scan_skipped_same_execution_bar,USDJPY,2025.04.28 23:00:00,0,
2025.04.28 23:34:59,scan_executed_new_execution_bar,USDJPY,2025.04.28 23:15:00,0,
2025.04.28 23:39:56,scan_skipped_same_execution_bar,USDJPY,2025.04.28 23:15:00,0,
2025.04.28 23:49:59,scan_executed_new_execution_bar,USDJPY,2025.04.28 23:30:00,0,
2025.04.28 23:54:59,scan_skipped_same_execution_bar,USDJPY,2025.04.28 23:30:00,0,
2025.04.29 00:04:51,scan_executed_new_execution_bar,USDJPY,2025.04.28 23:45:00,0,
2025.04.29 00:09:56,scan_skipped_same_execution_bar,USDJPY,2025.04.28 23:45:00,0,
2025.04.29 00:19:59,scan_executed_new_execution_bar,USDJPY,2025.04.29 00:00:00,0,
2025.04.29 00:24:58,scan_skipped_same_execution_bar,USDJPY,2025.04.29 00:00:00,0,
2025.04.29 00:34:58,scan_executed_new_execution_bar,USDJPY,2025.04.29 00:15:00,0,
2025.04.29 00:39:59,scan_skipped_same_execution_bar,USDJPY,2025.04.29 00:15:00,0,
2025.04.29 00:49:55,scan_executed_new_execution_bar,USDJPY,2025.04.29 00:30:00,0,
2025.04.29 00:54:57,scan_skipped_same_execution_bar,USDJPY,2025.04.29 00:30:00,0,
2025.04.29 01:04:59,scan_executed_new_execution_bar,USDJPY,2025.04.29 00:45:00,0,
2025.04.29 01:09:53,scan_skipped_same_execution_bar,USDJPY,2025.04.29 00:45:00,0,
2025.04.29 01:19:59,scan_executed_new_execution_bar,USDJPY,2025.04.29 01:00:00,0,
2025.04.29 01:24:59,scan_skipped_same_execution_bar,USDJPY,2025.04.29 01:00:00,0,
2025.04.29 01:34:59,scan_executed_new_execution_bar,USDJPY,2025.04.29 01:15:00,16,
2025.04.29 01:39:59,scan_skipped_same_execution_bar,USDJPY,2025.04.29 01:15:00,0,
2025.04.29 01:49:59,scan_executed_new_execution_bar,USDJPY,2025.04.29 01:30:00,0,
2025.04.29 01:54:59,scan_skipped_same_execution_bar,USDJPY,2025.04.29 01:30:00,0,
2025.04.29 02:04:59,scan_executed_new_execution_bar,USDJPY,2025.04.29 01:45:00,0,
2025.04.29 02:09:59,scan_skipped_same_execution_bar,USDJPY,2025.04.29 01:45:00,0,
2025.04.29 02:19:59,scan_executed_new_execution_bar,USDJPY,2025.04.29 02:00:00,0,
2025.04.29 02:24:59,scan_skipped_same_execution_bar,USDJPY,2025.04.29 02:00:00,0,
2025.04.29 02:34:59,scan_executed_new_execution_bar,USDJPY,2025.04.29 02:15:00,0,
2025.04.29 02:39:59,scan_skipped_same_execution_bar,USDJPY,2025.04.29 02:15:00,0,
2025.04.29 02:49:58,scan_executed_new_execution_bar,USDJPY,2025.04.29 02:30:00,0,
2025.04.29 02:54:59,scan_skipped_same_execution_bar,USDJPY,2025.04.29 02:30:00,0,
2025.04.29 03:04:59,scan_executed_new_execution_bar,USDJPY,2025.04.29 02:45:00,0,
2025.04.29 03:09:59,scan_skipped_same_execution_bar,USDJPY,2025.04.29 02:45:00,0,
2025.04.29 03:19:59,scan_executed_new_execution_bar,USDJPY,2025.04.29 03:00:00,0,
2025.04.29 03:24:59,scan_skipped_same_execution_bar,USDJPY,2025.04.29 03:00:00,0,
2025.04.29 03:34:59,scan_executed_new_execution_bar,USDJPY,2025.04.29 03:15:00,0,
2025.04.29 03:39:59,scan_skipped_same_execution_bar,USDJPY,2025.04.29 03:15:00,0,
2025.04.29 03:49:59,scan_executed_new_execution_bar,USDJPY,2025.04.29 03:30:00,0,
2025.04.29 03:54:59,scan_skipped_same_execution_bar,USDJPY,2025.04.29 03:30:00,0,
2025.04.29 04:04:59,scan_executed_new_execution_bar,USDJPY,2025.04.29 03:45:00,0,
2025.04.29 04:09:59,scan_skipped_same_execution_bar,USDJPY,2025.04.29 03:45:00,0,
2025.04.29 04:19:59,scan_executed_new_execution_bar,USDJPY,2025.04.29 04:00:00,0,
2025.04.29 04:24:58,scan_skipped_same_execution_bar,USDJPY,2025.04.29 04:00:00,0,
2025.04.29 04:34:59,scan_executed_new_execution_bar,USDJPY,2025.04.29 04:15:00,0,
2025.04.29 04:39:59,scan_skipped_same_execution_bar,USDJPY,2025.04.29 04:15:00,0,
2025.04.29 04:49:59,scan_executed_new_execution_bar,USDJPY,2025.04.29 04:30:00,0,
2025.04.29 04:54:59,scan_skipped_same_execution_bar,USDJPY,2025.04.29 04:30:00,0,
2025.04.29 05:04:59,scan_executed_new_execution_bar,USDJPY,2025.04.29 04:45:00,0,
2025.04.29 05:09:59,scan_skipped_same_execution_bar,USDJPY,2025.04.29 04:45:00,0,
2025.04.29 05:19:59,scan_executed_new_execution_bar,USDJPY,2025.04.29 05:00:00,0,
2025.04.29 05:24:59,scan_skipped_same_execution_bar,USDJPY,2025.04.29 05:00:00,0,
2025.04.29 05:34:59,scan_executed_new_execution_bar,USDJPY,2025.04.29 05:15:00,15,
2025.04.29 05:40:00,scan_skipped_same_execution_bar,USDJPY,2025.04.29 05:15:00,0,
2025.04.29 05:50:00,scan_executed_new_execution_bar,USDJPY,2025.04.29 05:30:00,0,
2025.04.29 05:54:59,scan_skipped_same_execution_bar,USDJPY,2025.04.29 05:30:00,0,
2025.04.29 06:05:00,scan_executed_new_execution_bar,USDJPY,2025.04.29 05:45:00,0,
2025.04.29 06:09:59,scan_skipped_same_execution_bar,USDJPY,2025.04.29 05:45:00,0,
2025.04.29 06:19:59,scan_executed_new_execution_bar,USDJPY,2025.04.29 06:00:00,0,
2025.04.29 06:24:59,scan_skipped_same_execution_bar,USDJPY,2025.04.29 06:00:00,0,
2025.04.29 06:34:59,scan_executed_new_execution_bar,USDJPY,2025.04.29 06:15:00,0,
2025.04.29 06:39:59,scan_skipped_same_execution_bar,USDJPY,2025.04.29 06:15:00,0,
2025.04.29 06:49:59,scan_executed_new_execution_bar,USDJPY,2025.04.29 06:30:00,0,
2025.04.29 06:54:59,scan_skipped_same_execution_bar,USDJPY,2025.04.29 06:30:00,0,
2025.04.29 07:04:59,scan_executed_new_execution_bar,USDJPY,2025.04.29 06:45:00,0,
2025.04.29 07:09:59,scan_skipped_same_execution_bar,USDJPY,2025.04.29 06:45:00,0,
2025.04.29 07:19:58,scan_executed_new_execution_bar,USDJPY,2025.04.29 07:00:00,0,
2025.04.29 07:24:59,scan_skipped_same_execution_bar,USDJPY,2025.04.29 07:00:00,0,
2025.04.29 07:34:59,scan_executed_new_execution_bar,USDJPY,2025.04.29 07:15:00,0,
2025.04.29 07:39:59,scan_skipped_same_execution_bar,USDJPY,2025.04.29 07:15:00,0,
2025.04.29 07:49:59,scan_executed_new_execution_bar,USDJPY,2025.04.29 07:30:00,0,
2025.04.29 07:54:59,scan_skipped_same_execution_bar,USDJPY,2025.04.29 07:30:00,0,
2025.04.29 08:04:59,scan_executed_new_execution_bar,USDJPY,2025.04.29 07:45:00,0,
2025.04.29 08:09:59,scan_skipped_same_execution_bar,USDJPY,2025.04.29 07:45:00,0,
2025.04.29 08:19:59,scan_executed_new_execution_bar,USDJPY,2025.04.29 08:00:00,0,
2025.04.29 08:24:59,scan_skipped_same_execution_bar,USDJPY,2025.04.29 08:00:00,0,
2025.04.29 08:34:59,scan_executed_new_execution_bar,USDJPY,2025.04.29 08:15:00,0,
2025.04.29 08:39:59,scan_skipped_same_execution_bar,USDJPY,2025.04.29 08:15:00,0,
2025.04.29 08:49:59,scan_executed_new_execution_bar,USDJPY,2025.04.29 08:30:00,0,
2025.04.29 08:54:59,scan_skipped_same_execution_bar,USDJPY,2025.04.29 08:30:00,0,
2025.04.29 09:04:59,scan_executed_new_execution_bar,USDJPY,2025.04.29 08:45:00,0,
2025.04.29 09:10:00,scan_skipped_same_execution_bar,USDJPY,2025.04.29 08:45:00,0,
2025.04.29 09:19:59,scan_executed_new_execution_bar,USDJPY,2025.04.29 09:00:00,0,
2025.04.29 09:24:58,scan_skipped_same_execution_bar,USDJPY,2025.04.29 09:00:00,0,
2025.04.29 09:34:59,scan_executed_new_execution_bar,USDJPY,2025.04.29 09:15:00,0,
2025.04.29 09:39:59,scan_skipped_same_execution_bar,USDJPY,2025.04.29 09:15:00,0,
2025.04.29 09:49:59,scan_executed_new_execution_bar,USDJPY,2025.04.29 09:30:00,0,
2025.04.29 09:55:00,scan_skipped_same_execution_bar,USDJPY,2025.04.29 09:30:00,0,
2025.04.29 10:04:59,scan_executed_new_execution_bar,USDJPY,2025.04.29 09:45:00,0,
2025.04.29 10:09:59,scan_skipped_same_execution_bar,USDJPY,2025.04.29 09:45:00,0,
2025.04.29 10:19:59,scan_executed_new_execution_bar,USDJPY,2025.04.29 10:00:00,0,
2025.04.29 10:24:59,scan_skipped_same_execution_bar,USDJPY,2025.04.29 10:00:00,0,
2025.04.29 10:34:59,scan_executed_new_execution_bar,USDJPY,2025.04.29 10:15:00,0,
2025.04.29 10:39:59,scan_skipped_same_execution_bar,USDJPY,2025.04.29 10:15:00,0,
2025.04.29 10:49:59,scan_executed_new_execution_bar,USDJPY,2025.04.29 10:30:00,0,
2025.04.29 10:54:59,scan_skipped_same_execution_bar,USDJPY,2025.04.29 10:30:00,0,
2025.04.29 11:04:59,scan_executed_new_execution_bar,USDJPY,2025.04.29 10:45:00,16,
2025.04.29 11:09:59,scan_skipped_same_execution_bar,USDJPY,2025.04.29 10:45:00,0,
2025.04.29 11:19:59,scan_executed_new_execution_bar,USDJPY,2025.04.29 11:00:00,16,
2025.04.29 11:25:00,scan_skipped_same_execution_bar,USDJPY,2025.04.29 11:00:00,0,
2025.04.29 11:34:59,scan_executed_new_execution_bar,USDJPY,2025.04.29 11:15:00,0,
2025.04.29 11:39:59,scan_skipped_same_execution_bar,USDJPY,2025.04.29 11:15:00,0,
2025.04.29 11:49:59,scan_executed_new_execution_bar,USDJPY,2025.04.29 11:30:00,0,
2025.04.29 11:54:59,scan_skipped_same_execution_bar,USDJPY,2025.04.29 11:30:00,0,
2025.04.29 12:04:59,scan_executed_new_execution_bar,USDJPY,2025.04.29 11:45:00,0,
2025.04.29 12:10:00,scan_skipped_same_execution_bar,USDJPY,2025.04.29 11:45:00,0,
2025.04.29 12:19:59,scan_executed_new_execution_bar,USDJPY,2025.04.29 12:00:00,0,
2025.04.29 12:24:59,scan_skipped_same_execution_bar,USDJPY,2025.04.29 12:00:00,0,
2025.04.29 12:34:59,scan_executed_new_execution_bar,USDJPY,2025.04.29 12:15:00,0,
2025.04.29 12:39:59,scan_skipped_same_execution_bar,USDJPY,2025.04.29 12:15:00,0,
2025.04.29 12:49:59,scan_executed_new_execution_bar,USDJPY,2025.04.29 12:30:00,0,
2025.04.29 12:54:59,scan_skipped_same_execution_bar,USDJPY,2025.04.29 12:30:00,0,
2025.04.29 13:04:59,scan_executed_new_execution_bar,USDJPY,2025.04.29 12:45:00,16,
2025.04.29 13:10:00,scan_skipped_same_execution_bar,USDJPY,2025.04.29 12:45:00,0,
2025.04.29 13:19:59,scan_executed_new_execution_bar,USDJPY,2025.04.29 13:00:00,16,
2025.04.29 13:24:59,scan_skipped_same_execution_bar,USDJPY,2025.04.29 13:00:00,0,
2025.04.29 13:34:59,scan_executed_new_execution_bar,USDJPY,2025.04.29 13:15:00,0,
2025.04.29 13:39:59,scan_skipped_same_execution_bar,USDJPY,2025.04.29 13:15:00,0,
2025.04.29 13:49:59,scan_executed_new_execution_bar,USDJPY,2025.04.29 13:30:00,16,
2025.04.29 13:54:59,scan_skipped_same_execution_bar,USDJPY,2025.04.29 13:30:00,0,
2025.04.29 14:04:59,scan_executed_new_execution_bar,USDJPY,2025.04.29 13:45:00,31,
2025.04.29 14:09:59,scan_skipped_same_execution_bar,USDJPY,2025.04.29 13:45:00,0,
2025.04.29 14:19:59,scan_executed_new_execution_bar,USDJPY,2025.04.29 14:00:00,31,
2025.04.29 14:24:59,scan_skipped_same_execution_bar,USDJPY,2025.04.29 14:00:00,0,
2025.04.29 14:34:59,scan_executed_new_execution_bar,USDJPY,2025.04.29 14:15:00,0,
2025.04.29 14:39:59,scan_skipped_same_execution_bar,USDJPY,2025.04.29 14:15:00,0,
2025.04.29 14:49:59,scan_executed_new_execution_bar,USDJPY,2025.04.29 14:30:00,0,
2025.04.29 14:54:59,scan_skipped_same_execution_bar,USDJPY,2025.04.29 14:30:00,0,
2025.04.29 15:04:59,scan_executed_new_execution_bar,USDJPY,2025.04.29 14:45:00,0,
2025.04.29 15:09:59,scan_skipped_same_execution_bar,USDJPY,2025.04.29 14:45:00,0,
2025.04.29 15:19:59,scan_executed_new_execution_bar,USDJPY,2025.04.29 15:00:00,16,
2025.04.29 15:24:59,scan_skipped_same_execution_bar,USDJPY,2025.04.29 15:00:00,0,
2025.04.29 15:34:59,scan_executed_new_execution_bar,USDJPY,2025.04.29 15:15:00,15,
2025.04.29 15:39:59,scan_skipped_same_execution_bar,USDJPY,2025.04.29 15:15:00,0,
2025.04.29 15:49:59,scan_executed_new_execution_bar,USDJPY,2025.04.29 15:30:00,16,
2025.04.29 15:54:59,scan_skipped_same_execution_bar,USDJPY,2025.04.29 15:30:00,0,
2025.04.29 16:04:59,scan_executed_new_execution_bar,USDJPY,2025.04.29 15:45:00,0,
2025.04.29 16:09:59,scan_skipped_same_execution_bar,USDJPY,2025.04.29 15:45:00,0,
2025.04.29 16:19:59,scan_executed_new_execution_bar,USDJPY,2025.04.29 16:00:00,0,
2025.04.29 16:24:59,scan_skipped_same_execution_bar,USDJPY,2025.04.29 16:00:00,0,
2025.04.29 16:34:59,scan_executed_new_execution_bar,USDJPY,2025.04.29 16:15:00,0,
2025.04.29 16:39:59,scan_skipped_same_execution_bar,USDJPY,2025.04.29 16:15:00,0,
2025.04.29 16:49:59,scan_executed_new_execution_bar,USDJPY,2025.04.29 16:30:00,0,
2025.04.29 16:54:59,scan_skipped_same_execution_bar,USDJPY,2025.04.29 16:30:00,0,
2025.04.29 17:04:59,scan_executed_new_execution_bar,USDJPY,2025.04.29 16:45:00,0,
2025.04.29 17:09:59,scan_skipped_same_execution_bar,USDJPY,2025.04.29 16:45:00,0,
2025.04.29 17:19:59,scan_executed_new_execution_bar,USDJPY,2025.04.29 17:00:00,0,
2025.04.29 17:24:59,scan_skipped_same_execution_bar,USDJPY,2025.04.29 17:00:00,0,
2025.04.29 17:34:59,scan_executed_new_execution_bar,USDJPY,2025.04.29 17:15:00,0,
2025.04.29 17:39:59,scan_skipped_same_execution_bar,USDJPY,2025.04.29 17:15:00,0,
2025.04.29 17:49:59,scan_executed_new_execution_bar,USDJPY,2025.04.29 17:30:00,63,
2025.04.29 17:54:59,scan_skipped_same_execution_bar,USDJPY,2025.04.29 17:30:00,0,
2025.04.29 18:05:00,scan_executed_new_execution_bar,USDJPY,2025.04.29 17:45:00,32,
2025.04.29 18:09:59,scan_skipped_same_execution_bar,USDJPY,2025.04.29 17:45:00,0,
2025.04.29 18:19:59,scan_executed_new_execution_bar,USDJPY,2025.04.29 18:00:00,16,
2025.04.29 18:24:59,scan_skipped_same_execution_bar,USDJPY,2025.04.29 18:00:00,0,
2025.04.29 18:34:59,scan_executed_new_execution_bar,USDJPY,2025.04.29 18:15:00,47,
2025.04.29 18:39:59,scan_skipped_same_execution_bar,USDJPY,2025.04.29 18:15:00,0,
2025.04.29 18:49:59,scan_executed_new_execution_bar,USDJPY,2025.04.29 18:30:00,47,
2025.04.29 18:55:00,scan_skipped_same_execution_bar,USDJPY,2025.04.29 18:30:00,0,
2025.04.29 19:05:00,scan_executed_new_execution_bar,USDJPY,2025.04.29 18:45:00,0,
2025.04.29 19:09:59,scan_skipped_same_execution_bar,USDJPY,2025.04.29 18:45:00,0,
2025.04.29 19:19:59,scan_executed_new_execution_bar,USDJPY,2025.04.29 19:00:00,31,
2025.04.29 19:24:59,scan_skipped_same_execution_bar,USDJPY,2025.04.29 19:00:00,0,
2025.04.29 19:34:59,scan_executed_new_execution_bar,USDJPY,2025.04.29 19:15:00,0,
2025.04.29 19:39:59,scan_skipped_same_execution_bar,USDJPY,2025.04.29 19:15:00,0,
2025.04.29 19:49:59,scan_executed_new_execution_bar,USDJPY,2025.04.29 19:30:00,31,
2025.04.29 19:54:59,scan_skipped_same_execution_bar,USDJPY,2025.04.29 19:30:00,0,
2025.04.29 20:04:59,scan_executed_new_execution_bar,USDJPY,2025.04.29 19:45:00,0,
2025.04.29 20:10:00,scan_skipped_same_execution_bar,USDJPY,2025.04.29 19:45:00,0,
2025.04.29 20:19:59,scan_executed_new_execution_bar,USDJPY,2025.04.29 20:00:00,62,
2025.04.29 20:24:59,scan_skipped_same_execution_bar,USDJPY,2025.04.29 20:00:00,0,
2025.04.29 20:34:59,scan_executed_new_execution_bar,USDJPY,2025.04.29 20:15:00,31,
2025.04.29 20:39:59,scan_skipped_same_execution_bar,USDJPY,2025.04.29 20:15:00,0,
2025.04.29 20:49:59,scan_executed_new_execution_bar,USDJPY,2025.04.29 20:30:00,31,
2025.04.29 20:54:59,scan_skipped_same_execution_bar,USDJPY,2025.04.29 20:30:00,0,
2025.04.29 21:04:59,scan_executed_new_execution_bar,USDJPY,2025.04.29 20:45:00,0,
2025.04.29 21:09:59,scan_skipped_same_execution_bar,USDJPY,2025.04.29 20:45:00,0,
2025.04.29 21:19:59,scan_executed_new_execution_bar,USDJPY,2025.04.29 21:00:00,0,
2025.04.29 21:24:59,scan_skipped_same_execution_bar,USDJPY,2025.04.29 21:00:00,0,
2025.04.29 21:34:59,scan_executed_new_execution_bar,USDJPY,2025.04.29 21:15:00,0,
2025.04.29 21:39:59,scan_skipped_same_execution_bar,USDJPY,2025.04.29 21:15:00,0,
2025.04.29 21:49:59,scan_executed_new_execution_bar,USDJPY,2025.04.29 21:30:00,0,
2025.04.29 21:54:59,scan_skipped_same_execution_bar,USDJPY,2025.04.29 21:30:00,0,
2025.04.29 22:04:59,scan_executed_new_execution_bar,USDJPY,2025.04.29 21:45:00,0,
2025.04.29 22:09:59,scan_skipped_same_execution_bar,USDJPY,2025.04.29 21:45:00,0,
2025.04.29 22:19:58,scan_executed_new_execution_bar,USDJPY,2025.04.29 22:00:00,0,
2025.04.29 22:24:59,scan_skipped_same_execution_bar,USDJPY,2025.04.29 22:00:00,0,
2025.04.29 22:34:59,scan_executed_new_execution_bar,USDJPY,2025.04.29 22:15:00,0,
2025.04.29 22:39:58,scan_skipped_same_execution_bar,USDJPY,2025.04.29 22:15:00,0,
2025.04.29 22:49:59,scan_executed_new_execution_bar,USDJPY,2025.04.29 22:30:00,0,
2025.04.29 22:54:59,scan_skipped_same_execution_bar,USDJPY,2025.04.29 22:30:00,0,
2025.04.29 23:04:59,scan_executed_new_execution_bar,USDJPY,2025.04.29 22:45:00,16,
2025.04.29 23:09:57,scan_skipped_same_execution_bar,USDJPY,2025.04.29 22:45:00,0,
2025.04.29 23:19:57,scan_executed_new_execution_bar,USDJPY,2025.04.29 23:00:00,0,
2025.04.29 23:24:57,scan_skipped_same_execution_bar,USDJPY,2025.04.29 23:00:00,0,
2025.04.29 23:34:59,scan_executed_new_execution_bar,USDJPY,2025.04.29 23:15:00,0,
2025.04.29 23:39:59,scan_skipped_same_execution_bar,USDJPY,2025.04.29 23:15:00,0,
2025.04.29 23:49:58,scan_executed_new_execution_bar,USDJPY,2025.04.29 23:30:00,0,
2025.04.29 23:54:59,scan_skipped_same_execution_bar,USDJPY,2025.04.29 23:30:00,0,
2025.04.30 00:04:50,scan_executed_new_execution_bar,USDJPY,2025.04.29 23:45:00,0,
2025.04.30 00:09:58,scan_skipped_same_execution_bar,USDJPY,2025.04.29 23:45:00,0,
2025.04.30 00:19:58,scan_executed_new_execution_bar,USDJPY,2025.04.30 00:00:00,0,
2025.04.30 00:24:59,scan_skipped_same_execution_bar,USDJPY,2025.04.30 00:00:00,0,
2025.04.30 00:34:59,scan_executed_new_execution_bar,USDJPY,2025.04.30 00:15:00,0,
2025.04.30 00:39:59,scan_skipped_same_execution_bar,USDJPY,2025.04.30 00:15:00,0,
2025.04.30 00:49:57,scan_executed_new_execution_bar,USDJPY,2025.04.30 00:30:00,0,
2025.04.30 00:54:56,scan_skipped_same_execution_bar,USDJPY,2025.04.30 00:30:00,0,
2025.04.30 01:04:58,scan_executed_new_execution_bar,USDJPY,2025.04.30 00:45:00,0,
2025.04.30 01:09:58,scan_skipped_same_execution_bar,USDJPY,2025.04.30 00:45:00,0,
2025.04.30 01:19:59,scan_executed_new_execution_bar,USDJPY,2025.04.30 01:00:00,0,
2025.04.30 01:24:59,scan_skipped_same_execution_bar,USDJPY,2025.04.30 01:00:00,0,
2025.04.30 01:34:59,scan_executed_new_execution_bar,USDJPY,2025.04.30 01:15:00,0,
2025.04.30 01:39:58,scan_skipped_same_execution_bar,USDJPY,2025.04.30 01:15:00,0,
2025.04.30 01:49:59,scan_executed_new_execution_bar,USDJPY,2025.04.30 01:30:00,16,
2025.04.30 01:54:59,scan_skipped_same_execution_bar,USDJPY,2025.04.30 01:30:00,0,
2025.04.30 02:04:59,scan_executed_new_execution_bar,USDJPY,2025.04.30 01:45:00,15,
2025.04.30 02:09:59,scan_skipped_same_execution_bar,USDJPY,2025.04.30 01:45:00,0,
2025.04.30 02:19:58,scan_executed_new_execution_bar,USDJPY,2025.04.30 02:00:00,0,
2025.04.30 02:24:59,scan_skipped_same_execution_bar,USDJPY,2025.04.30 02:00:00,0,
2025.04.30 02:34:59,scan_executed_new_execution_bar,USDJPY,2025.04.30 02:15:00,0,
2025.04.30 02:39:59,scan_skipped_same_execution_bar,USDJPY,2025.04.30 02:15:00,0,
2025.04.30 02:49:59,scan_executed_new_execution_bar,USDJPY,2025.04.30 02:30:00,0,
2025.04.30 02:54:59,scan_skipped_same_execution_bar,USDJPY,2025.04.30 02:30:00,0,
2025.04.30 03:04:59,scan_executed_new_execution_bar,USDJPY,2025.04.30 02:45:00,0,
2025.04.30 03:09:59,scan_skipped_same_execution_bar,USDJPY,2025.04.30 02:45:00,0,
2025.04.30 03:19:59,scan_executed_new_execution_bar,USDJPY,2025.04.30 03:00:00,15,
2025.04.30 03:24:59,scan_skipped_same_execution_bar,USDJPY,2025.04.30 03:00:00,0,
2025.04.30 03:34:57,scan_executed_new_execution_bar,USDJPY,2025.04.30 03:15:00,0,
2025.04.30 03:39:59,scan_skipped_same_execution_bar,USDJPY,2025.04.30 03:15:00,0,
2025.04.30 03:49:59,scan_executed_new_execution_bar,USDJPY,2025.04.30 03:30:00,0,
2025.04.30 03:54:59,scan_skipped_same_execution_bar,USDJPY,2025.04.30 03:30:00,0,
2025.04.30 04:04:59,scan_executed_new_execution_bar,USDJPY,2025.04.30 03:45:00,0,
2025.04.30 04:09:59,scan_skipped_same_execution_bar,USDJPY,2025.04.30 03:45:00,0,
2025.04.30 04:19:59,scan_executed_new_execution_bar,USDJPY,2025.04.30 04:00:00,32,
2025.04.30 04:24:59,scan_skipped_same_execution_bar,USDJPY,2025.04.30 04:00:00,0,
2025.04.30 04:34:59,scan_executed_new_execution_bar,USDJPY,2025.04.30 04:15:00,0,
2025.04.30 04:39:59,scan_skipped_same_execution_bar,USDJPY,2025.04.30 04:15:00,0,
2025.04.30 04:49:59,scan_executed_new_execution_bar,USDJPY,2025.04.30 04:30:00,16,
2025.04.30 04:54:59,scan_skipped_same_execution_bar,USDJPY,2025.04.30 04:30:00,0,
2025.04.30 05:04:59,scan_executed_new_execution_bar,USDJPY,2025.04.30 04:45:00,0,
2025.04.30 05:09:59,scan_skipped_same_execution_bar,USDJPY,2025.04.30 04:45:00,0,
2025.04.30 05:19:59,scan_executed_new_execution_bar,USDJPY,2025.04.30 05:00:00,0,
2025.04.30 05:24:59,scan_skipped_same_execution_bar,USDJPY,2025.04.30 05:00:00,0,
2025.04.30 05:34:59,scan_executed_new_execution_bar,USDJPY,2025.04.30 05:15:00,0,
2025.04.30 05:39:58,scan_skipped_same_execution_bar,USDJPY,2025.04.30 05:15:00,0,
2025.04.30 05:49:59,scan_executed_new_execution_bar,USDJPY,2025.04.30 05:30:00,0,
2025.04.30 05:54:59,scan_skipped_same_execution_bar,USDJPY,2025.04.30 05:30:00,0,
2025.04.30 06:04:59,scan_executed_new_execution_bar,USDJPY,2025.04.30 05:45:00,0,
2025.04.30 06:10:00,scan_skipped_same_execution_bar,USDJPY,2025.04.30 05:45:00,0,
2025.04.30 06:19:59,scan_executed_new_execution_bar,USDJPY,2025.04.30 06:00:00,15,
2025.04.30 06:24:59,scan_skipped_same_execution_bar,USDJPY,2025.04.30 06:00:00,0,
2025.04.30 06:34:59,scan_executed_new_execution_bar,USDJPY,2025.04.30 06:15:00,0,
2025.04.30 06:39:59,scan_skipped_same_execution_bar,USDJPY,2025.04.30 06:15:00,0,
2025.04.30 06:49:59,scan_executed_new_execution_bar,USDJPY,2025.04.30 06:30:00,0,
2025.04.30 06:54:59,scan_skipped_same_execution_bar,USDJPY,2025.04.30 06:30:00,0,
2025.04.30 07:04:58,scan_executed_new_execution_bar,USDJPY,2025.04.30 06:45:00,0,
2025.04.30 07:09:59,scan_skipped_same_execution_bar,USDJPY,2025.04.30 06:45:00,0,
2025.04.30 07:19:59,scan_executed_new_execution_bar,USDJPY,2025.04.30 07:00:00,0,
2025.04.30 07:24:59,scan_skipped_same_execution_bar,USDJPY,2025.04.30 07:00:00,0,
2025.04.30 07:34:59,scan_executed_new_execution_bar,USDJPY,2025.04.30 07:15:00,0,
2025.04.30 07:39:59,scan_skipped_same_execution_bar,USDJPY,2025.04.30 07:15:00,0,
2025.04.30 07:49:59,scan_executed_new_execution_bar,USDJPY,2025.04.30 07:30:00,0,
2025.04.30 07:54:59,scan_skipped_same_execution_bar,USDJPY,2025.04.30 07:30:00,0,
2025.04.30 08:04:59,scan_executed_new_execution_bar,USDJPY,2025.04.30 07:45:00,0,
2025.04.30 08:09:59,scan_skipped_same_execution_bar,USDJPY,2025.04.30 07:45:00,0,
2025.04.30 08:19:59,scan_executed_new_execution_bar,USDJPY,2025.04.30 08:00:00,0,
2025.04.30 08:24:59,scan_skipped_same_execution_bar,USDJPY,2025.04.30 08:00:00,0,
2025.04.30 08:34:59,scan_executed_new_execution_bar,USDJPY,2025.04.30 08:15:00,0,
2025.04.30 08:39:59,scan_skipped_same_execution_bar,USDJPY,2025.04.30 08:15:00,0,
2025.04.30 08:49:59,scan_executed_new_execution_bar,USDJPY,2025.04.30 08:30:00,0,
2025.04.30 08:54:59,scan_skipped_same_execution_bar,USDJPY,2025.04.30 08:30:00,0,
2025.04.30 09:04:59,scan_executed_new_execution_bar,USDJPY,2025.04.30 08:45:00,0,
2025.04.30 09:09:59,scan_skipped_same_execution_bar,USDJPY,2025.04.30 08:45:00,0,
2025.04.30 09:19:59,scan_executed_new_execution_bar,USDJPY,2025.04.30 09:00:00,0,
2025.04.30 09:24:59,scan_skipped_same_execution_bar,USDJPY,2025.04.30 09:00:00,0,
2025.04.30 09:34:59,scan_executed_new_execution_bar,USDJPY,2025.04.30 09:15:00,16,
2025.04.30 09:39:59,scan_skipped_same_execution_bar,USDJPY,2025.04.30 09:15:00,0,
2025.04.30 09:49:59,scan_executed_new_execution_bar,USDJPY,2025.04.30 09:30:00,0,
2025.04.30 09:54:59,scan_skipped_same_execution_bar,USDJPY,2025.04.30 09:30:00,0,
2025.04.30 10:04:59,scan_executed_new_execution_bar,USDJPY,2025.04.30 09:45:00,0,
2025.04.30 10:09:58,scan_skipped_same_execution_bar,USDJPY,2025.04.30 09:45:00,0,
2025.04.30 10:19:59,scan_executed_new_execution_bar,USDJPY,2025.04.30 10:00:00,0,
2025.04.30 10:24:59,scan_skipped_same_execution_bar,USDJPY,2025.04.30 10:00:00,0,
2025.04.30 10:34:59,scan_executed_new_execution_bar,USDJPY,2025.04.30 10:15:00,0,
2025.04.30 10:39:59,scan_skipped_same_execution_bar,USDJPY,2025.04.30 10:15:00,0,
2025.04.30 10:49:59,scan_executed_new_execution_bar,USDJPY,2025.04.30 10:30:00,0,
2025.04.30 10:54:59,scan_skipped_same_execution_bar,USDJPY,2025.04.30 10:30:00,0,
2025.04.30 11:04:59,scan_executed_new_execution_bar,USDJPY,2025.04.30 10:45:00,0,
2025.04.30 11:09:59,scan_skipped_same_execution_bar,USDJPY,2025.04.30 10:45:00,0,
2025.04.30 11:19:59,scan_executed_new_execution_bar,USDJPY,2025.04.30 11:00:00,0,
2025.04.30 11:24:59,scan_skipped_same_execution_bar,USDJPY,2025.04.30 11:00:00,0,
2025.04.30 11:34:59,scan_executed_new_execution_bar,USDJPY,2025.04.30 11:15:00,0,
2025.04.30 11:39:59,scan_skipped_same_execution_bar,USDJPY,2025.04.30 11:15:00,0,
2025.04.30 11:49:59,scan_executed_new_execution_bar,USDJPY,2025.04.30 11:30:00,0,
2025.04.30 11:54:59,scan_skipped_same_execution_bar,USDJPY,2025.04.30 11:30:00,0,
2025.04.30 12:04:59,scan_executed_new_execution_bar,USDJPY,2025.04.30 11:45:00,0,
2025.04.30 12:09:59,scan_skipped_same_execution_bar,USDJPY,2025.04.30 11:45:00,0,
2025.04.30 12:19:58,scan_executed_new_execution_bar,USDJPY,2025.04.30 12:00:00,15,
2025.04.30 12:24:59,scan_skipped_same_execution_bar,USDJPY,2025.04.30 12:00:00,0,
2025.04.30 12:34:59,scan_executed_new_execution_bar,USDJPY,2025.04.30 12:15:00,0,
2025.04.30 12:39:59,scan_skipped_same_execution_bar,USDJPY,2025.04.30 12:15:00,0,
2025.04.30 12:49:59,scan_executed_new_execution_bar,USDJPY,2025.04.30 12:30:00,0,
2025.04.30 12:54:59,scan_skipped_same_execution_bar,USDJPY,2025.04.30 12:30:00,0,
2025.04.30 13:04:59,scan_executed_new_execution_bar,USDJPY,2025.04.30 12:45:00,16,
2025.04.30 13:09:59,scan_skipped_same_execution_bar,USDJPY,2025.04.30 12:45:00,0,
2025.04.30 13:19:59,scan_executed_new_execution_bar,USDJPY,2025.04.30 13:00:00,47,
2025.04.30 13:24:59,scan_skipped_same_execution_bar,USDJPY,2025.04.30 13:00:00,0,
2025.04.30 13:34:59,scan_executed_new_execution_bar,USDJPY,2025.04.30 13:15:00,16,
2025.04.30 13:39:59,scan_skipped_same_execution_bar,USDJPY,2025.04.30 13:15:00,0,
2025.04.30 13:49:59,scan_executed_new_execution_bar,USDJPY,2025.04.30 13:30:00,15,
2025.04.30 13:54:59,scan_skipped_same_execution_bar,USDJPY,2025.04.30 13:30:00,0,
2025.04.30 14:04:59,scan_executed_new_execution_bar,USDJPY,2025.04.30 13:45:00,0,
2025.04.30 14:09:59,scan_skipped_same_execution_bar,USDJPY,2025.04.30 13:45:00,0,
2025.04.30 14:19:59,scan_executed_new_execution_bar,USDJPY,2025.04.30 14:00:00,16,
2025.04.30 14:24:59,scan_skipped_same_execution_bar,USDJPY,2025.04.30 14:00:00,0,
2025.04.30 14:34:59,scan_executed_new_execution_bar,USDJPY,2025.04.30 14:15:00,15,
2025.04.30 14:39:59,scan_skipped_same_execution_bar,USDJPY,2025.04.30 14:15:00,0,
2025.04.30 14:49:59,scan_executed_new_execution_bar,USDJPY,2025.04.30 14:30:00,16,
2025.04.30 14:54:59,scan_skipped_same_execution_bar,USDJPY,2025.04.30 14:30:00,0,
2025.04.30 15:04:59,scan_executed_new_execution_bar,USDJPY,2025.04.30 14:45:00,0,
2025.04.30 15:09:59,scan_skipped_same_execution_bar,USDJPY,2025.04.30 14:45:00,0,
2025.04.30 15:19:59,scan_executed_new_execution_bar,USDJPY,2025.04.30 15:00:00,0,
2025.04.30 15:24:59,scan_skipped_same_execution_bar,USDJPY,2025.04.30 15:00:00,0,
2025.04.30 15:34:59,scan_executed_new_execution_bar,USDJPY,2025.04.30 15:15:00,0,
2025.04.30 15:39:59,scan_skipped_same_execution_bar,USDJPY,2025.04.30 15:15:00,0,
2025.04.30 15:49:59,scan_executed_new_execution_bar,USDJPY,2025.04.30 15:30:00,0,
2025.04.30 15:54:59,scan_skipped_same_execution_bar,USDJPY,2025.04.30 15:30:00,0,
2025.04.30 16:04:59,scan_executed_new_execution_bar,USDJPY,2025.04.30 15:45:00,0,
2025.04.30 16:09:59,scan_skipped_same_execution_bar,USDJPY,2025.04.30 15:45:00,0,
2025.04.30 16:19:59,scan_executed_new_execution_bar,USDJPY,2025.04.30 16:00:00,0,
2025.04.30 16:24:59,scan_skipped_same_execution_bar,USDJPY,2025.04.30 16:00:00,0,
2025.04.30 16:34:59,scan_executed_new_execution_bar,USDJPY,2025.04.30 16:15:00,0,
2025.04.30 16:39:59,scan_skipped_same_execution_bar,USDJPY,2025.04.30 16:15:00,0,
2025.04.30 16:49:59,scan_executed_new_execution_bar,USDJPY,2025.04.30 16:30:00,0,
2025.04.30 16:54:59,scan_skipped_same_execution_bar,USDJPY,2025.04.30 16:30:00,0,
2025.04.30 17:04:59,scan_executed_new_execution_bar,USDJPY,2025.04.30 16:45:00,0,
2025.04.30 17:09:59,scan_skipped_same_execution_bar,USDJPY,2025.04.30 16:45:00,0,
2025.04.30 17:19:59,scan_executed_new_execution_bar,USDJPY,2025.04.30 17:00:00,0,
2025.04.30 17:24:59,scan_skipped_same_execution_bar,USDJPY,2025.04.30 17:00:00,0,
2025.04.30 17:34:59,scan_executed_new_execution_bar,USDJPY,2025.04.30 17:15:00,15,
2025.04.30 17:39:59,scan_skipped_same_execution_bar,USDJPY,2025.04.30 17:15:00,0,
2025.04.30 17:50:00,scan_executed_new_execution_bar,USDJPY,2025.04.30 17:30:00,16,
2025.04.30 17:54:59,scan_skipped_same_execution_bar,USDJPY,2025.04.30 17:30:00,0,
2025.04.30 18:04:59,scan_executed_new_execution_bar,USDJPY,2025.04.30 17:45:00,16,
2025.04.30 18:09:59,scan_skipped_same_execution_bar,USDJPY,2025.04.30 17:45:00,0,
2025.04.30 18:19:59,scan_executed_new_execution_bar,USDJPY,2025.04.30 18:00:00,15,
2025.04.30 18:24:59,scan_skipped_same_execution_bar,USDJPY,2025.04.30 18:00:00,0,
2025.04.30 18:34:59,scan_executed_new_execution_bar,USDJPY,2025.04.30 18:15:00,16,
2025.04.30 18:39:59,scan_skipped_same_execution_bar,USDJPY,2025.04.30 18:15:00,0,
2025.04.30 18:49:59,scan_executed_new_execution_bar,USDJPY,2025.04.30 18:30:00,31,
2025.04.30 18:54:59,scan_skipped_same_execution_bar,USDJPY,2025.04.30 18:30:00,0,
2025.04.30 19:04:59,scan_executed_new_execution_bar,USDJPY,2025.04.30 18:45:00,78,
2025.04.30 19:09:59,scan_skipped_same_execution_bar,USDJPY,2025.04.30 18:45:00,0,
2025.04.30 19:19:58,scan_executed_new_execution_bar,USDJPY,2025.04.30 19:00:00,47,
2025.04.30 19:24:59,scan_skipped_same_execution_bar,USDJPY,2025.04.30 19:00:00,0,
2025.04.30 19:34:59,scan_executed_new_execution_bar,USDJPY,2025.04.30 19:15:00,15,
2025.04.30 19:39:59,scan_skipped_same_execution_bar,USDJPY,2025.04.30 19:15:00,0,
2025.04.30 19:49:59,scan_executed_new_execution_bar,USDJPY,2025.04.30 19:30:00,16,
2025.04.30 19:54:59,scan_skipped_same_execution_bar,USDJPY,2025.04.30 19:30:00,0,
2025.04.30 20:04:59,scan_executed_new_execution_bar,USDJPY,2025.04.30 19:45:00,16,
2025.04.30 20:09:59,scan_skipped_same_execution_bar,USDJPY,2025.04.30 19:45:00,0,
2025.04.30 20:19:59,scan_executed_new_execution_bar,USDJPY,2025.04.30 20:00:00,0,
2025.04.30 20:24:59,scan_skipped_same_execution_bar,USDJPY,2025.04.30 20:00:00,0,
2025.04.30 20:34:59,scan_executed_new_execution_bar,USDJPY,2025.04.30 20:15:00,0,
2025.04.30 20:39:58,scan_skipped_same_execution_bar,USDJPY,2025.04.30 20:15:00,0,
2025.04.30 20:49:59,scan_executed_new_execution_bar,USDJPY,2025.04.30 20:30:00,0,
2025.04.30 20:54:59,scan_skipped_same_execution_bar,USDJPY,2025.04.30 20:30:00,0,
2025.04.30 21:04:59,scan_executed_new_execution_bar,USDJPY,2025.04.30 20:45:00,16,
2025.04.30 21:09:59,scan_skipped_same_execution_bar,USDJPY,2025.04.30 20:45:00,0,
2025.04.30 21:19:59,scan_executed_new_execution_bar,USDJPY,2025.04.30 21:00:00,0,
2025.04.30 21:24:59,scan_skipped_same_execution_bar,USDJPY,2025.04.30 21:00:00,0,
2025.04.30 21:34:59,scan_executed_new_execution_bar,USDJPY,2025.04.30 21:15:00,0,
2025.04.30 21:39:59,scan_skipped_same_execution_bar,USDJPY,2025.04.30 21:15:00,0,
2025.04.30 21:49:59,scan_executed_new_execution_bar,USDJPY,2025.04.30 21:30:00,0,
2025.04.30 21:54:59,scan_skipped_same_execution_bar,USDJPY,2025.04.30 21:30:00,0,
2025.04.30 22:04:59,scan_executed_new_execution_bar,USDJPY,2025.04.30 21:45:00,0,
2025.04.30 22:09:59,scan_skipped_same_execution_bar,USDJPY,2025.04.30 21:45:00,0,
2025.04.30 22:19:59,scan_executed_new_execution_bar,USDJPY,2025.04.30 22:00:00,0,
2025.04.30 22:24:59,scan_skipped_same_execution_bar,USDJPY,2025.04.30 22:00:00,0,
2025.04.30 22:34:59,scan_executed_new_execution_bar,USDJPY,2025.04.30 22:15:00,0,
2025.04.30 22:39:59,scan_skipped_same_execution_bar,USDJPY,2025.04.30 22:15:00,0,
2025.04.30 22:49:59,scan_executed_new_execution_bar,USDJPY,2025.04.30 22:30:00,0,
2025.04.30 22:54:59,scan_skipped_same_execution_bar,USDJPY,2025.04.30 22:30:00,0,
2025.04.30 23:04:59,scan_executed_new_execution_bar,USDJPY,2025.04.30 22:45:00,0,
2025.04.30 23:09:59,scan_skipped_same_execution_bar,USDJPY,2025.04.30 22:45:00,0,
2025.04.30 23:19:59,scan_executed_new_execution_bar,USDJPY,2025.04.30 23:00:00,0,
2025.04.30 23:24:59,scan_skipped_same_execution_bar,USDJPY,2025.04.30 23:00:00,0,
2025.04.30 23:34:59,scan_executed_new_execution_bar,USDJPY,2025.04.30 23:15:00,0,
2025.04.30 23:39:59,scan_skipped_same_execution_bar,USDJPY,2025.04.30 23:15:00,0,
2025.04.30 23:49:59,scan_executed_new_execution_bar,USDJPY,2025.04.30 23:30:00,0,
2025.04.30 23:54:59,scan_skipped_same_execution_bar,USDJPY,2025.04.30 23:30:00,0,
2025.05.01 00:04:54,scan_executed_new_execution_bar,USDJPY,2025.04.30 23:45:00,0,
2025.05.01 00:10:00,scan_skipped_same_execution_bar,USDJPY,2025.04.30 23:45:00,0,
2025.05.01 00:19:54,scan_executed_new_execution_bar,USDJPY,2025.05.01 00:00:00,0,
2025.05.01 00:24:56,scan_skipped_same_execution_bar,USDJPY,2025.05.01 00:00:00,0,
2025.05.01 00:34:58,scan_executed_new_execution_bar,USDJPY,2025.05.01 00:15:00,0,
2025.05.01 00:39:57,scan_skipped_same_execution_bar,USDJPY,2025.05.01 00:15:00,0,
2025.05.01 00:49:51,scan_executed_new_execution_bar,USDJPY,2025.05.01 00:30:00,0,
2025.05.01 00:54:59,scan_skipped_same_execution_bar,USDJPY,2025.05.01 00:30:00,0,
2025.05.01 01:04:55,scan_executed_new_execution_bar,USDJPY,2025.05.01 00:45:00,0,
2025.05.01 01:09:59,scan_skipped_same_execution_bar,USDJPY,2025.05.01 00:45:00,0,
2025.05.01 01:19:59,scan_executed_new_execution_bar,USDJPY,2025.05.01 01:00:00,16,
2025.05.01 01:24:59,scan_skipped_same_execution_bar,USDJPY,2025.05.01 01:00:00,0,
2025.05.01 01:34:59,scan_executed_new_execution_bar,USDJPY,2025.05.01 01:15:00,15,
2025.05.01 01:39:58,scan_skipped_same_execution_bar,USDJPY,2025.05.01 01:15:00,0,
2025.05.01 01:49:59,scan_executed_new_execution_bar,USDJPY,2025.05.01 01:30:00,0,
2025.05.01 01:54:59,scan_skipped_same_execution_bar,USDJPY,2025.05.01 01:30:00,0,
2025.05.01 02:04:59,scan_executed_new_execution_bar,USDJPY,2025.05.01 01:45:00,0,
2025.05.01 02:09:59,scan_skipped_same_execution_bar,USDJPY,2025.05.01 01:45:00,0,
2025.05.01 02:19:59,scan_executed_new_execution_bar,USDJPY,2025.05.01 02:00:00,0,
2025.05.01 02:24:55,scan_skipped_same_execution_bar,USDJPY,2025.05.01 02:00:00,0,
2025.05.01 02:34:58,scan_executed_new_execution_bar,USDJPY,2025.05.01 02:15:00,0,
2025.05.01 02:39:59,scan_skipped_same_execution_bar,USDJPY,2025.05.01 02:15:00,0,
2025.05.01 02:50:00,scan_executed_new_execution_bar,USDJPY,2025.05.01 02:30:00,15,
2025.05.01 02:54:59,scan_skipped_same_execution_bar,USDJPY,2025.05.01 02:30:00,0,
2025.05.01 03:05:00,scan_executed_new_execution_bar,USDJPY,2025.05.01 02:45:00,0,
2025.05.01 03:09:59,scan_skipped_same_execution_bar,USDJPY,2025.05.01 02:45:00,0,
2025.05.01 03:19:59,scan_executed_new_execution_bar,USDJPY,2025.05.01 03:00:00,0,
2025.05.01 03:24:59,scan_skipped_same_execution_bar,USDJPY,2025.05.01 03:00:00,0,
2025.05.01 03:34:59,scan_executed_new_execution_bar,USDJPY,2025.05.01 03:15:00,15,
2025.05.01 03:39:59,scan_skipped_same_execution_bar,USDJPY,2025.05.01 03:15:00,0,
2025.05.01 03:49:59,scan_executed_new_execution_bar,USDJPY,2025.05.01 03:30:00,0,
2025.05.01 03:54:59,scan_skipped_same_execution_bar,USDJPY,2025.05.01 03:30:00,0,
2025.05.01 04:04:59,scan_executed_new_execution_bar,USDJPY,2025.05.01 03:45:00,16,
2025.05.01 04:09:59,scan_skipped_same_execution_bar,USDJPY,2025.05.01 03:45:00,0,
2025.05.01 04:19:59,scan_executed_new_execution_bar,USDJPY,2025.05.01 04:00:00,0,
2025.05.01 04:24:59,scan_skipped_same_execution_bar,USDJPY,2025.05.01 04:00:00,0,
2025.05.01 04:34:59,scan_executed_new_execution_bar,USDJPY,2025.05.01 04:15:00,0,
2025.05.01 04:39:59,scan_skipped_same_execution_bar,USDJPY,2025.05.01 04:15:00,0,
2025.05.01 04:49:59,scan_executed_new_execution_bar,USDJPY,2025.05.01 04:30:00,15,
2025.05.01 04:54:59,scan_skipped_same_execution_bar,USDJPY,2025.05.01 04:30:00,0,
2025.05.01 05:04:59,scan_executed_new_execution_bar,USDJPY,2025.05.01 04:45:00,0,
2025.05.01 05:09:59,scan_skipped_same_execution_bar,USDJPY,2025.05.01 04:45:00,0,
2025.05.01 05:19:58,scan_executed_new_execution_bar,USDJPY,2025.05.01 05:00:00,0,
2025.05.01 05:24:59,scan_skipped_same_execution_bar,USDJPY,2025.05.01 05:00:00,0,
2025.05.01 05:34:59,scan_executed_new_execution_bar,USDJPY,2025.05.01 05:15:00,15,
2025.05.01 05:39:59,scan_skipped_same_execution_bar,USDJPY,2025.05.01 05:15:00,0,
2025.05.01 05:49:59,scan_executed_new_execution_bar,USDJPY,2025.05.01 05:30:00,0,
2025.05.01 05:54:59,scan_skipped_same_execution_bar,USDJPY,2025.05.01 05:30:00,0,
2025.05.01 06:04:59,scan_executed_new_execution_bar,USDJPY,2025.05.01 05:45:00,0,
2025.05.01 06:09:59,scan_skipped_same_execution_bar,USDJPY,2025.05.01 05:45:00,0,
2025.05.01 06:19:59,scan_executed_new_execution_bar,USDJPY,2025.05.01 06:00:00,0,
2025.05.01 06:24:59,scan_skipped_same_execution_bar,USDJPY,2025.05.01 06:00:00,0,
2025.05.01 06:34:59,scan_executed_new_execution_bar,USDJPY,2025.05.01 06:15:00,0,
2025.05.01 06:39:59,scan_skipped_same_execution_bar,USDJPY,2025.05.01 06:15:00,0,
2025.05.01 06:49:59,scan_executed_new_execution_bar,USDJPY,2025.05.01 06:30:00,0,
2025.05.01 06:55:00,scan_skipped_same_execution_bar,USDJPY,2025.05.01 06:30:00,0,
2025.05.01 07:04:56,scan_executed_new_execution_bar,USDJPY,2025.05.01 06:45:00,16,
2025.05.01 07:09:59,scan_skipped_same_execution_bar,USDJPY,2025.05.01 06:45:00,0,
2025.05.01 07:19:59,scan_executed_new_execution_bar,USDJPY,2025.05.01 07:00:00,0,
2025.05.01 07:24:59,scan_skipped_same_execution_bar,USDJPY,2025.05.01 07:00:00,0,
2025.05.01 07:34:59,scan_executed_new_execution_bar,USDJPY,2025.05.01 07:15:00,0,
2025.05.01 07:39:59,scan_skipped_same_execution_bar,USDJPY,2025.05.01 07:15:00,0,
2025.05.01 07:49:59,scan_executed_new_execution_bar,USDJPY,2025.05.01 07:30:00,0,
2025.05.01 07:54:59,scan_skipped_same_execution_bar,USDJPY,2025.05.01 07:30:00,0,
2025.05.01 08:04:59,scan_executed_new_execution_bar,USDJPY,2025.05.01 07:45:00,0,
2025.05.01 08:09:59,scan_skipped_same_execution_bar,USDJPY,2025.05.01 07:45:00,0,
2025.05.01 08:19:59,scan_executed_new_execution_bar,USDJPY,2025.05.01 08:00:00,0,
2025.05.01 08:24:59,scan_skipped_same_execution_bar,USDJPY,2025.05.01 08:00:00,0,
2025.05.01 08:34:59,scan_executed_new_execution_bar,USDJPY,2025.05.01 08:15:00,0,
2025.05.01 08:39:59,scan_skipped_same_execution_bar,USDJPY,2025.05.01 08:15:00,0,
2025.05.01 08:49:58,scan_executed_new_execution_bar,USDJPY,2025.05.01 08:30:00,15,
2025.05.01 08:54:59,scan_skipped_same_execution_bar,USDJPY,2025.05.01 08:30:00,0,
2025.05.01 09:04:59,scan_executed_new_execution_bar,USDJPY,2025.05.01 08:45:00,0,
2025.05.01 09:09:59,scan_skipped_same_execution_bar,USDJPY,2025.05.01 08:45:00,0,
2025.05.01 09:19:59,scan_executed_new_execution_bar,USDJPY,2025.05.01 09:00:00,0,
2025.05.01 09:24:59,scan_skipped_same_execution_bar,USDJPY,2025.05.01 09:00:00,0,
2025.05.01 09:34:59,scan_executed_new_execution_bar,USDJPY,2025.05.01 09:15:00,0,
2025.05.01 09:39:59,scan_skipped_same_execution_bar,USDJPY,2025.05.01 09:15:00,0,
2025.05.01 09:49:59,scan_executed_new_execution_bar,USDJPY,2025.05.01 09:30:00,0,
2025.05.01 09:54:59,scan_skipped_same_execution_bar,USDJPY,2025.05.01 09:30:00,0,
2025.05.01 10:04:59,scan_executed_new_execution_bar,USDJPY,2025.05.01 09:45:00,0,
2025.05.01 10:09:59,scan_skipped_same_execution_bar,USDJPY,2025.05.01 09:45:00,0,
2025.05.01 10:19:59,scan_executed_new_execution_bar,USDJPY,2025.05.01 10:00:00,0,
2025.05.01 10:24:59,scan_skipped_same_execution_bar,USDJPY,2025.05.01 10:00:00,0,
2025.05.01 10:34:59,scan_executed_new_execution_bar,USDJPY,2025.05.01 10:15:00,15,
2025.05.01 10:39:59,scan_skipped_same_execution_bar,USDJPY,2025.05.01 10:15:00,0,
2025.05.01 10:49:59,scan_executed_new_execution_bar,USDJPY,2025.05.01 10:30:00,0,
2025.05.01 10:54:59,scan_skipped_same_execution_bar,USDJPY,2025.05.01 10:30:00,0,
2025.05.01 11:04:59,scan_executed_new_execution_bar,USDJPY,2025.05.01 10:45:00,0,
2025.05.01 11:09:59,scan_skipped_same_execution_bar,USDJPY,2025.05.01 10:45:00,0,
2025.05.01 11:19:59,scan_executed_new_execution_bar,USDJPY,2025.05.01 11:00:00,16,
2025.05.01 11:24:59,scan_skipped_same_execution_bar,USDJPY,2025.05.01 11:00:00,0,
2025.05.01 11:34:59,scan_executed_new_execution_bar,USDJPY,2025.05.01 11:15:00,62,
2025.05.01 11:39:58,scan_skipped_same_execution_bar,USDJPY,2025.05.01 11:15:00,0,
2025.05.01 11:49:59,scan_executed_new_execution_bar,USDJPY,2025.05.01 11:30:00,0,
2025.05.01 11:54:59,scan_skipped_same_execution_bar,USDJPY,2025.05.01 11:30:00,0,
2025.05.01 12:04:59,scan_executed_new_execution_bar,USDJPY,2025.05.01 11:45:00,0,
2025.05.01 12:09:59,scan_skipped_same_execution_bar,USDJPY,2025.05.01 11:45:00,0,
2025.05.01 12:19:59,scan_executed_new_execution_bar,USDJPY,2025.05.01 12:00:00,0,
2025.05.01 12:24:58,scan_skipped_same_execution_bar,USDJPY,2025.05.01 12:00:00,0,
2025.05.01 12:34:59,scan_executed_new_execution_bar,USDJPY,2025.05.01 12:15:00,0,
2025.05.01 12:39:59,scan_skipped_same_execution_bar,USDJPY,2025.05.01 12:15:00,0,
2025.05.01 12:49:59,scan_executed_new_execution_bar,USDJPY,2025.05.01 12:30:00,0,
2025.05.01 12:54:59,scan_skipped_same_execution_bar,USDJPY,2025.05.01 12:30:00,0,
2025.05.01 13:04:59,scan_executed_new_execution_bar,USDJPY,2025.05.01 12:45:00,0,
2025.05.01 13:09:59,scan_skipped_same_execution_bar,USDJPY,2025.05.01 12:45:00,0,
2025.05.01 13:19:59,scan_executed_new_execution_bar,USDJPY,2025.05.01 13:00:00,0,
2025.05.01 13:24:59,scan_skipped_same_execution_bar,USDJPY,2025.05.01 13:00:00,0,
2025.05.01 13:34:59,scan_executed_new_execution_bar,USDJPY,2025.05.01 13:15:00,0,
2025.05.01 13:39:59,scan_skipped_same_execution_bar,USDJPY,2025.05.01 13:15:00,0,
2025.05.01 13:49:59,scan_executed_new_execution_bar,USDJPY,2025.05.01 13:30:00,0,
2025.05.01 13:54:59,scan_skipped_same_execution_bar,USDJPY,2025.05.01 13:30:00,0,
2025.05.01 14:04:59,scan_executed_new_execution_bar,USDJPY,2025.05.01 13:45:00,0,
2025.05.01 14:10:00,scan_skipped_same_execution_bar,USDJPY,2025.05.01 13:45:00,0,
2025.05.01 14:19:59,scan_executed_new_execution_bar,USDJPY,2025.05.01 14:00:00,0,
2025.05.01 14:24:59,scan_skipped_same_execution_bar,USDJPY,2025.05.01 14:00:00,0,
2025.05.01 14:35:00,scan_executed_new_execution_bar,USDJPY,2025.05.01 14:15:00,0,
2025.05.01 14:39:59,scan_skipped_same_execution_bar,USDJPY,2025.05.01 14:15:00,0,
2025.05.01 14:49:59,scan_executed_new_execution_bar,USDJPY,2025.05.01 14:30:00,0,
2025.05.01 14:54:59,scan_skipped_same_execution_bar,USDJPY,2025.05.01 14:30:00,0,
2025.05.01 15:04:59,scan_executed_new_execution_bar,USDJPY,2025.05.01 14:45:00,0,
2025.05.01 15:09:59,scan_skipped_same_execution_bar,USDJPY,2025.05.01 14:45:00,0,
2025.05.01 15:20:00,scan_executed_new_execution_bar,USDJPY,2025.05.01 15:00:00,0,
2025.05.01 15:24:59,scan_skipped_same_execution_bar,USDJPY,2025.05.01 15:00:00,0,
2025.05.01 15:34:59,scan_executed_new_execution_bar,USDJPY,2025.05.01 15:15:00,16,
2025.05.01 15:39:59,scan_skipped_same_execution_bar,USDJPY,2025.05.01 15:15:00,0,
2025.05.01 15:49:59,scan_executed_new_execution_bar,USDJPY,2025.05.01 15:30:00,0,
2025.05.01 15:54:59,scan_skipped_same_execution_bar,USDJPY,2025.05.01 15:30:00,0,
2025.05.01 16:04:59,scan_executed_new_execution_bar,USDJPY,2025.05.01 15:45:00,15,
2025.05.01 16:09:59,scan_skipped_same_execution_bar,USDJPY,2025.05.01 15:45:00,0,
2025.05.01 16:19:59,scan_executed_new_execution_bar,USDJPY,2025.05.01 16:00:00,16,
2025.05.01 16:24:59,scan_skipped_same_execution_bar,USDJPY,2025.05.01 16:00:00,0,
2025.05.01 16:34:59,scan_executed_new_execution_bar,USDJPY,2025.05.01 16:15:00,0,
2025.05.01 16:39:59,scan_skipped_same_execution_bar,USDJPY,2025.05.01 16:15:00,0,
2025.05.01 16:49:59,scan_executed_new_execution_bar,USDJPY,2025.05.01 16:30:00,0,
2025.05.01 16:54:59,scan_skipped_same_execution_bar,USDJPY,2025.05.01 16:30:00,0,
2025.05.01 17:04:59,scan_executed_new_execution_bar,USDJPY,2025.05.01 16:45:00,0,
2025.05.01 17:09:59,scan_skipped_same_execution_bar,USDJPY,2025.05.01 16:45:00,0,
2025.05.01 17:19:59,scan_executed_new_execution_bar,USDJPY,2025.05.01 17:00:00,0,
2025.05.01 17:24:59,scan_skipped_same_execution_bar,USDJPY,2025.05.01 17:00:00,0,
2025.05.01 17:34:59,scan_executed_new_execution_bar,USDJPY,2025.05.01 17:15:00,0,
2025.05.01 17:39:59,scan_skipped_same_execution_bar,USDJPY,2025.05.01 17:15:00,0,
2025.05.01 17:49:59,scan_executed_new_execution_bar,USDJPY,2025.05.01 17:30:00,0,
2025.05.01 17:54:59,scan_skipped_same_execution_bar,USDJPY,2025.05.01 17:30:00,0,
2025.05.01 18:04:59,scan_executed_new_execution_bar,USDJPY,2025.05.01 17:45:00,15,
2025.05.01 18:09:59,scan_skipped_same_execution_bar,USDJPY,2025.05.01 17:45:00,0,
2025.05.01 18:19:59,scan_executed_new_execution_bar,USDJPY,2025.05.01 18:00:00,0,
2025.05.01 18:24:59,scan_skipped_same_execution_bar,USDJPY,2025.05.01 18:00:00,0,
2025.05.01 18:34:59,scan_executed_new_execution_bar,USDJPY,2025.05.01 18:15:00,0,
2025.05.01 18:39:59,scan_skipped_same_execution_bar,USDJPY,2025.05.01 18:15:00,0,
2025.05.01 18:49:59,scan_executed_new_execution_bar,USDJPY,2025.05.01 18:30:00,0,
2025.05.01 18:54:59,scan_skipped_same_execution_bar,USDJPY,2025.05.01 18:30:00,0,
2025.05.01 19:04:59,scan_executed_new_execution_bar,USDJPY,2025.05.01 18:45:00,78,
2025.05.01 19:09:59,scan_skipped_same_execution_bar,USDJPY,2025.05.01 18:45:00,0,
2025.05.01 19:19:59,scan_executed_new_execution_bar,USDJPY,2025.05.01 19:00:00,47,
2025.05.01 19:24:59,scan_skipped_same_execution_bar,USDJPY,2025.05.01 19:00:00,0,
2025.05.01 19:34:59,scan_executed_new_execution_bar,USDJPY,2025.05.01 19:15:00,15,
2025.05.01 19:39:59,scan_skipped_same_execution_bar,USDJPY,2025.05.01 19:15:00,0,
2025.05.01 19:49:59,scan_executed_new_execution_bar,USDJPY,2025.05.01 19:30:00,0,
2025.05.01 19:54:59,scan_skipped_same_execution_bar,USDJPY,2025.05.01 19:30:00,0,
2025.05.01 20:04:59,scan_executed_new_execution_bar,USDJPY,2025.05.01 19:45:00,31,
2025.05.01 20:09:59,scan_skipped_same_execution_bar,USDJPY,2025.05.01 19:45:00,0,
2025.05.01 20:19:59,scan_executed_new_execution_bar,USDJPY,2025.05.01 20:00:00,0,
2025.05.01 20:24:59,scan_skipped_same_execution_bar,USDJPY,2025.05.01 20:00:00,0,
2025.05.01 20:34:59,scan_executed_new_execution_bar,USDJPY,2025.05.01 20:15:00,0,
2025.05.01 20:39:58,scan_skipped_same_execution_bar,USDJPY,2025.05.01 20:15:00,0,
2025.05.01 20:49:59,scan_executed_new_execution_bar,USDJPY,2025.05.01 20:30:00,15,
2025.05.01 20:54:56,scan_skipped_same_execution_bar,USDJPY,2025.05.01 20:30:00,0,
2025.05.01 21:04:59,scan_executed_new_execution_bar,USDJPY,2025.05.01 20:45:00,16,
2025.05.01 21:09:59,scan_skipped_same_execution_bar,USDJPY,2025.05.01 20:45:00,0,
2025.05.01 21:19:59,scan_executed_new_execution_bar,USDJPY,2025.05.01 21:00:00,32,
2025.05.01 21:24:59,scan_skipped_same_execution_bar,USDJPY,2025.05.01 21:00:00,0,
2025.05.01 21:34:59,scan_executed_new_execution_bar,USDJPY,2025.05.01 21:15:00,0,
2025.05.01 21:39:59,scan_skipped_same_execution_bar,USDJPY,2025.05.01 21:15:00,0,
2025.05.01 21:49:59,scan_executed_new_execution_bar,USDJPY,2025.05.01 21:30:00,32,
2025.05.01 21:54:59,scan_skipped_same_execution_bar,USDJPY,2025.05.01 21:30:00,0,
2025.05.01 22:04:59,scan_executed_new_execution_bar,USDJPY,2025.05.01 21:45:00,0,
2025.05.01 22:09:59,scan_skipped_same_execution_bar,USDJPY,2025.05.01 21:45:00,0,
2025.05.01 22:19:59,scan_executed_new_execution_bar,USDJPY,2025.05.01 22:00:00,31,
2025.05.01 22:24:59,scan_skipped_same_execution_bar,USDJPY,2025.05.01 22:00:00,0,
2025.05.01 22:34:59,scan_executed_new_execution_bar,USDJPY,2025.05.01 22:15:00,0,
2025.05.01 22:39:59,scan_skipped_same_execution_bar,USDJPY,2025.05.01 22:15:00,0,
2025.05.01 22:49:59,scan_executed_new_execution_bar,USDJPY,2025.05.01 22:30:00,0,
2025.05.01 22:54:59,scan_skipped_same_execution_bar,USDJPY,2025.05.01 22:30:00,0,
2025.05.01 23:04:59,scan_executed_new_execution_bar,USDJPY,2025.05.01 22:45:00,0,
2025.05.01 23:09:59,scan_skipped_same_execution_bar,USDJPY,2025.05.01 22:45:00,0,
2025.05.01 23:19:58,scan_executed_new_execution_bar,USDJPY,2025.05.01 23:00:00,31,
2025.05.01 23:24:59,scan_skipped_same_execution_bar,USDJPY,2025.05.01 23:00:00,0,
2025.05.01 23:34:59,scan_executed_new_execution_bar,USDJPY,2025.05.01 23:15:00,0,
2025.05.01 23:39:59,scan_skipped_same_execution_bar,USDJPY,2025.05.01 23:15:00,0,
2025.05.01 23:49:57,scan_executed_new_execution_bar,USDJPY,2025.05.01 23:30:00,15,
2025.05.01 23:54:59,scan_skipped_same_execution_bar,USDJPY,2025.05.01 23:30:00,0,
2025.05.02 00:04:57,scan_executed_new_execution_bar,USDJPY,2025.05.01 23:45:00,0,
2025.05.02 00:09:57,scan_skipped_same_execution_bar,USDJPY,2025.05.01 23:45:00,0,
2025.05.02 00:19:42,scan_executed_new_execution_bar,USDJPY,2025.05.02 00:00:00,0,
2025.05.02 00:24:59,scan_skipped_same_execution_bar,USDJPY,2025.05.02 00:00:00,0,
2025.05.02 00:34:57,scan_executed_new_execution_bar,USDJPY,2025.05.02 00:15:00,0,
2025.05.02 00:39:59,scan_skipped_same_execution_bar,USDJPY,2025.05.02 00:15:00,0,
2025.05.02 00:49:59,scan_executed_new_execution_bar,USDJPY,2025.05.02 00:30:00,0,
2025.05.02 00:54:57,scan_skipped_same_execution_bar,USDJPY,2025.05.02 00:30:00,0,
2025.05.02 01:04:58,scan_executed_new_execution_bar,USDJPY,2025.05.02 00:45:00,0,
2025.05.02 01:09:59,scan_skipped_same_execution_bar,USDJPY,2025.05.02 00:45:00,0,
2025.05.02 01:19:59,scan_executed_new_execution_bar,USDJPY,2025.05.02 01:00:00,0,
2025.05.02 01:24:59,scan_skipped_same_execution_bar,USDJPY,2025.05.02 01:00:00,0,
2025.05.02 01:34:59,scan_executed_new_execution_bar,USDJPY,2025.05.02 01:15:00,0,
2025.05.02 01:39:59,scan_skipped_same_execution_bar,USDJPY,2025.05.02 01:15:00,0,
2025.05.02 01:49:59,scan_executed_new_execution_bar,USDJPY,2025.05.02 01:30:00,0,
2025.05.02 01:54:59,scan_skipped_same_execution_bar,USDJPY,2025.05.02 01:30:00,0,
2025.05.02 02:04:59,scan_executed_new_execution_bar,USDJPY,2025.05.02 01:45:00,0,
2025.05.02 02:09:58,scan_skipped_same_execution_bar,USDJPY,2025.05.02 01:45:00,0,
2025.05.02 02:19:59,scan_executed_new_execution_bar,USDJPY,2025.05.02 02:00:00,0,
2025.05.02 02:24:59,scan_skipped_same_execution_bar,USDJPY,2025.05.02 02:00:00,0,
2025.05.02 02:34:59,scan_executed_new_execution_bar,USDJPY,2025.05.02 02:15:00,0,
2025.05.02 02:39:59,scan_skipped_same_execution_bar,USDJPY,2025.05.02 02:15:00,0,
2025.05.02 02:49:59,scan_executed_new_execution_bar,USDJPY,2025.05.02 02:30:00,0,
2025.05.02 02:54:59,scan_skipped_same_execution_bar,USDJPY,2025.05.02 02:30:00,0,
2025.05.02 03:04:59,scan_executed_new_execution_bar,USDJPY,2025.05.02 02:45:00,32,
2025.05.02 03:09:59,scan_skipped_same_execution_bar,USDJPY,2025.05.02 02:45:00,0,
2025.05.02 03:19:59,scan_executed_new_execution_bar,USDJPY,2025.05.02 03:00:00,0,
2025.05.02 03:24:59,scan_skipped_same_execution_bar,USDJPY,2025.05.02 03:00:00,0,
2025.05.02 03:34:59,scan_executed_new_execution_bar,USDJPY,2025.05.02 03:15:00,0,
2025.05.02 03:39:59,scan_skipped_same_execution_bar,USDJPY,2025.05.02 03:15:00,0,
2025.05.02 03:49:59,scan_executed_new_execution_bar,USDJPY,2025.05.02 03:30:00,0,
2025.05.02 03:54:59,scan_skipped_same_execution_bar,USDJPY,2025.05.02 03:30:00,0,
2025.05.02 04:04:59,scan_executed_new_execution_bar,USDJPY,2025.05.02 03:45:00,0,
2025.05.02 04:09:59,scan_skipped_same_execution_bar,USDJPY,2025.05.02 03:45:00,0,
2025.05.02 04:19:59,scan_executed_new_execution_bar,USDJPY,2025.05.02 04:00:00,31,
2025.05.02 04:24:59,scan_skipped_same_execution_bar,USDJPY,2025.05.02 04:00:00,0,
2025.05.02 04:34:59,scan_executed_new_execution_bar,USDJPY,2025.05.02 04:15:00,0,
2025.05.02 04:39:59,scan_skipped_same_execution_bar,USDJPY,2025.05.02 04:15:00,0,
2025.05.02 04:49:59,scan_executed_new_execution_bar,USDJPY,2025.05.02 04:30:00,16,
2025.05.02 04:54:59,scan_skipped_same_execution_bar,USDJPY,2025.05.02 04:30:00,0,
2025.05.02 05:04:59,scan_executed_new_execution_bar,USDJPY,2025.05.02 04:45:00,0,
2025.05.02 05:09:59,scan_skipped_same_execution_bar,USDJPY,2025.05.02 04:45:00,0,
2025.05.02 05:19:59,scan_executed_new_execution_bar,USDJPY,2025.05.02 05:00:00,16,
2025.05.02 05:24:59,scan_skipped_same_execution_bar,USDJPY,2025.05.02 05:00:00,0,
2025.05.02 05:34:59,scan_executed_new_execution_bar,USDJPY,2025.05.02 05:15:00,0,
2025.05.02 05:39:59,scan_skipped_same_execution_bar,USDJPY,2025.05.02 05:15:00,0,
2025.05.02 05:49:58,scan_executed_new_execution_bar,USDJPY,2025.05.02 05:30:00,0,
2025.05.02 05:54:59,scan_skipped_same_execution_bar,USDJPY,2025.05.02 05:30:00,0,
2025.05.02 06:04:59,scan_executed_new_execution_bar,USDJPY,2025.05.02 05:45:00,0,
2025.05.02 06:09:59,scan_skipped_same_execution_bar,USDJPY,2025.05.02 05:45:00,0,
2025.05.02 06:19:59,scan_executed_new_execution_bar,USDJPY,2025.05.02 06:00:00,0,
2025.05.02 06:24:59,scan_skipped_same_execution_bar,USDJPY,2025.05.02 06:00:00,0,
2025.05.02 06:34:59,scan_executed_new_execution_bar,USDJPY,2025.05.02 06:15:00,0,
2025.05.02 06:39:59,scan_skipped_same_execution_bar,USDJPY,2025.05.02 06:15:00,0,
2025.05.02 06:49:59,scan_executed_new_execution_bar,USDJPY,2025.05.02 06:30:00,0,
2025.05.02 06:54:59,scan_skipped_same_execution_bar,USDJPY,2025.05.02 06:30:00,0,
2025.05.02 07:04:59,scan_executed_new_execution_bar,USDJPY,2025.05.02 06:45:00,0,
2025.05.02 07:09:59,scan_skipped_same_execution_bar,USDJPY,2025.05.02 06:45:00,0,
2025.05.02 07:19:58,scan_executed_new_execution_bar,USDJPY,2025.05.02 07:00:00,16,
2025.05.02 07:24:59,scan_skipped_same_execution_bar,USDJPY,2025.05.02 07:00:00,0,
2025.05.02 07:34:59,scan_executed_new_execution_bar,USDJPY,2025.05.02 07:15:00,0,
2025.05.02 07:39:59,scan_skipped_same_execution_bar,USDJPY,2025.05.02 07:15:00,0,
2025.05.02 07:49:59,scan_executed_new_execution_bar,USDJPY,2025.05.02 07:30:00,15,
2025.05.02 07:54:59,scan_skipped_same_execution_bar,USDJPY,2025.05.02 07:30:00,0,
2025.05.02 08:04:59,scan_executed_new_execution_bar,USDJPY,2025.05.02 07:45:00,0,
2025.05.02 08:09:59,scan_skipped_same_execution_bar,USDJPY,2025.05.02 07:45:00,0,
2025.05.02 08:19:56,scan_executed_new_execution_bar,USDJPY,2025.05.02 08:00:00,0,
2025.05.02 08:24:59,scan_skipped_same_execution_bar,USDJPY,2025.05.02 08:00:00,0,
2025.05.02 08:34:59,scan_executed_new_execution_bar,USDJPY,2025.05.02 08:15:00,0,
2025.05.02 08:39:59,scan_skipped_same_execution_bar,USDJPY,2025.05.02 08:15:00,0,
2025.05.02 08:49:59,scan_executed_new_execution_bar,USDJPY,2025.05.02 08:30:00,0,
2025.05.02 08:54:59,scan_skipped_same_execution_bar,USDJPY,2025.05.02 08:30:00,0,
2025.05.02 09:04:59,scan_executed_new_execution_bar,USDJPY,2025.05.02 08:45:00,0,
2025.05.02 09:09:59,scan_skipped_same_execution_bar,USDJPY,2025.05.02 08:45:00,0,
2025.05.02 09:20:00,scan_executed_new_execution_bar,USDJPY,2025.05.02 09:00:00,0,
2025.05.02 09:24:59,scan_skipped_same_execution_bar,USDJPY,2025.05.02 09:00:00,0,
2025.05.02 09:34:59,scan_executed_new_execution_bar,USDJPY,2025.05.02 09:15:00,0,
2025.05.02 09:39:59,scan_skipped_same_execution_bar,USDJPY,2025.05.02 09:15:00,0,
2025.05.02 09:49:59,scan_executed_new_execution_bar,USDJPY,2025.05.02 09:30:00,15,
2025.05.02 09:54:59,scan_skipped_same_execution_bar,USDJPY,2025.05.02 09:30:00,0,
2025.05.02 10:04:59,scan_executed_new_execution_bar,USDJPY,2025.05.02 09:45:00,0,
2025.05.02 10:09:59,scan_skipped_same_execution_bar,USDJPY,2025.05.02 09:45:00,0,
2025.05.02 10:19:59,scan_executed_new_execution_bar,USDJPY,2025.05.02 10:00:00,0,
2025.05.02 10:24:59,scan_skipped_same_execution_bar,USDJPY,2025.05.02 10:00:00,0,
2025.05.02 10:34:59,scan_executed_new_execution_bar,USDJPY,2025.05.02 10:15:00,15,
2025.05.02 10:40:00,scan_skipped_same_execution_bar,USDJPY,2025.05.02 10:15:00,0,
2025.05.02 10:49:59,scan_executed_new_execution_bar,USDJPY,2025.05.02 10:30:00,0,
2025.05.02 10:54:59,scan_skipped_same_execution_bar,USDJPY,2025.05.02 10:30:00,0,
2025.05.02 11:04:59,scan_executed_new_execution_bar,USDJPY,2025.05.02 10:45:00,0,
2025.05.02 11:09:59,scan_skipped_same_execution_bar,USDJPY,2025.05.02 10:45:00,0,
2025.05.02 11:19:59,scan_executed_new_execution_bar,USDJPY,2025.05.02 11:00:00,0,
2025.05.02 11:24:59,scan_skipped_same_execution_bar,USDJPY,2025.05.02 11:00:00,0,
2025.05.02 11:34:59,scan_executed_new_execution_bar,USDJPY,2025.05.02 11:15:00,0,
2025.05.02 11:39:59,scan_skipped_same_execution_bar,USDJPY,2025.05.02 11:15:00,0,
2025.05.02 11:49:59,scan_executed_new_execution_bar,USDJPY,2025.05.02 11:30:00,0,
2025.05.02 11:55:00,scan_skipped_same_execution_bar,USDJPY,2025.05.02 11:30:00,0,
2025.05.02 12:04:59,scan_executed_new_execution_bar,USDJPY,2025.05.02 11:45:00,0,
2025.05.02 12:09:59,scan_skipped_same_execution_bar,USDJPY,2025.05.02 11:45:00,0,
2025.05.02 12:19:59,scan_executed_new_execution_bar,USDJPY,2025.05.02 12:00:00,0,
2025.05.02 12:24:59,scan_skipped_same_execution_bar,USDJPY,2025.05.02 12:00:00,0,
2025.05.02 12:34:59,scan_executed_new_execution_bar,USDJPY,2025.05.02 12:15:00,0,
2025.05.02 12:39:59,scan_skipped_same_execution_bar,USDJPY,2025.05.02 12:15:00,0,
2025.05.02 12:49:59,scan_executed_new_execution_bar,USDJPY,2025.05.02 12:30:00,0,
2025.05.02 12:54:59,scan_skipped_same_execution_bar,USDJPY,2025.05.02 12:30:00,0,
2025.05.02 13:05:00,scan_executed_new_execution_bar,USDJPY,2025.05.02 12:45:00,0,
2025.05.02 13:09:59,scan_skipped_same_execution_bar,USDJPY,2025.05.02 12:45:00,0,
2025.05.02 13:19:59,scan_executed_new_execution_bar,USDJPY,2025.05.02 13:00:00,31,
2025.05.02 13:24:59,scan_skipped_same_execution_bar,USDJPY,2025.05.02 13:00:00,0,
2025.05.02 13:34:59,scan_executed_new_execution_bar,USDJPY,2025.05.02 13:15:00,32,
2025.05.02 13:39:59,scan_skipped_same_execution_bar,USDJPY,2025.05.02 13:15:00,0,
2025.05.02 13:49:59,scan_executed_new_execution_bar,USDJPY,2025.05.02 13:30:00,0,
2025.05.02 13:54:59,scan_skipped_same_execution_bar,USDJPY,2025.05.02 13:30:00,0,
2025.05.02 14:04:59,scan_executed_new_execution_bar,USDJPY,2025.05.02 13:45:00,0,
2025.05.02 14:09:59,scan_skipped_same_execution_bar,USDJPY,2025.05.02 13:45:00,0,
2025.05.02 14:19:59,scan_executed_new_execution_bar,USDJPY,2025.05.02 14:00:00,15,
2025.05.02 14:24:59,scan_skipped_same_execution_bar,USDJPY,2025.05.02 14:00:00,0,
2025.05.02 14:34:59,scan_executed_new_execution_bar,USDJPY,2025.05.02 14:15:00,0,
2025.05.02 14:39:59,scan_skipped_same_execution_bar,USDJPY,2025.05.02 14:15:00,0,
2025.05.02 14:49:59,scan_executed_new_execution_bar,USDJPY,2025.05.02 14:30:00,0,
2025.05.02 14:54:59,scan_skipped_same_execution_bar,USDJPY,2025.05.02 14:30:00,0,
2025.05.02 15:04:59,scan_executed_new_execution_bar,USDJPY,2025.05.02 14:45:00,16,
2025.05.02 15:09:59,scan_skipped_same_execution_bar,USDJPY,2025.05.02 14:45:00,0,
2025.05.02 15:19:59,scan_executed_new_execution_bar,USDJPY,2025.05.02 15:00:00,0,
2025.05.02 15:24:59,scan_skipped_same_execution_bar,USDJPY,2025.05.02 15:00:00,0,
2025.05.02 15:34:59,scan_executed_new_execution_bar,USDJPY,2025.05.02 15:15:00,0,
2025.05.02 15:39:59,scan_skipped_same_execution_bar,USDJPY,2025.05.02 15:15:00,0,
2025.05.02 15:49:59,scan_executed_new_execution_bar,USDJPY,2025.05.02 15:30:00,0,
2025.05.02 15:54:59,scan_skipped_same_execution_bar,USDJPY,2025.05.02 15:30:00,0,
2025.05.02 16:04:59,scan_executed_new_execution_bar,USDJPY,2025.05.02 15:45:00,32,
2025.05.02 16:09:59,scan_skipped_same_execution_bar,USDJPY,2025.05.02 15:45:00,0,
2025.05.02 16:19:59,scan_executed_new_execution_bar,USDJPY,2025.05.02 16:00:00,0,
2025.05.02 16:24:59,scan_skipped_same_execution_bar,USDJPY,2025.05.02 16:00:00,0,
2025.05.02 16:34:59,scan_executed_new_execution_bar,USDJPY,2025.05.02 16:15:00,0,
2025.05.02 16:39:59,scan_skipped_same_execution_bar,USDJPY,2025.05.02 16:15:00,0,
2025.05.02 16:49:59,scan_executed_new_execution_bar,USDJPY,2025.05.02 16:30:00,0,
2025.05.02 16:54:59,scan_skipped_same_execution_bar,USDJPY,2025.05.02 16:30:00,0,
2025.05.02 17:05:00,scan_executed_new_execution_bar,USDJPY,2025.05.02 16:45:00,47,
2025.05.02 17:09:59,scan_skipped_same_execution_bar,USDJPY,2025.05.02 16:45:00,0,
2025.05.02 17:19:59,scan_executed_new_execution_bar,USDJPY,2025.05.02 17:00:00,47,
2025.05.02 17:24:59,scan_skipped_same_execution_bar,USDJPY,2025.05.02 17:00:00,0,
2025.05.02 17:34:59,scan_executed_new_execution_bar,USDJPY,2025.05.02 17:15:00,15,
2025.05.02 17:39:59,scan_skipped_same_execution_bar,USDJPY,2025.05.02 17:15:00,0,
2025.05.02 17:49:59,scan_executed_new_execution_bar,USDJPY,2025.05.02 17:30:00,16,
2025.05.02 17:54:59,scan_skipped_same_execution_bar,USDJPY,2025.05.02 17:30:00,0,
2025.05.02 18:04:59,scan_executed_new_execution_bar,USDJPY,2025.05.02 17:45:00,0,
2025.05.02 18:09:59,scan_skipped_same_execution_bar,USDJPY,2025.05.02 17:45:00,0,
2025.05.02 18:19:59,scan_executed_new_execution_bar,USDJPY,2025.05.02 18:00:00,0,
2025.05.02 18:24:59,scan_skipped_same_execution_bar,USDJPY,2025.05.02 18:00:00,0,
2025.05.02 18:34:59,scan_executed_new_execution_bar,USDJPY,2025.05.02 18:15:00,31,
2025.05.02 18:39:59,scan_skipped_same_execution_bar,USDJPY,2025.05.02 18:15:00,0,
2025.05.02 18:49:59,scan_executed_new_execution_bar,USDJPY,2025.05.02 18:30:00,31,
2025.05.02 18:54:59,scan_skipped_same_execution_bar,USDJPY,2025.05.02 18:30:00,0,
2025.05.02 19:04:59,scan_executed_new_execution_bar,USDJPY,2025.05.02 18:45:00,15,
2025.05.02 19:09:59,scan_skipped_same_execution_bar,USDJPY,2025.05.02 18:45:00,0,
2025.05.02 19:19:59,scan_executed_new_execution_bar,USDJPY,2025.05.02 19:00:00,32,
2025.05.02 19:24:59,scan_skipped_same_execution_bar,USDJPY,2025.05.02 19:00:00,0,
2025.05.02 19:34:59,scan_executed_new_execution_bar,USDJPY,2025.05.02 19:15:00,0,
2025.05.02 19:39:59,scan_skipped_same_execution_bar,USDJPY,2025.05.02 19:15:00,0,
2025.05.02 19:49:59,scan_executed_new_execution_bar,USDJPY,2025.05.02 19:30:00,0,
2025.05.02 19:54:59,scan_skipped_same_execution_bar,USDJPY,2025.05.02 19:30:00,0,
2025.05.02 20:04:59,scan_executed_new_execution_bar,USDJPY,2025.05.02 19:45:00,0,
2025.05.02 20:09:59,scan_skipped_same_execution_bar,USDJPY,2025.05.02 19:45:00,0,
2025.05.02 20:19:59,scan_executed_new_execution_bar,USDJPY,2025.05.02 20:00:00,0,
2025.05.02 20:24:59,scan_skipped_same_execution_bar,USDJPY,2025.05.02 20:00:00,0,
2025.05.02 20:34:59,scan_executed_new_execution_bar,USDJPY,2025.05.02 20:15:00,15,
2025.05.02 20:39:59,scan_skipped_same_execution_bar,USDJPY,2025.05.02 20:15:00,0,
2025.05.02 20:49:59,scan_executed_new_execution_bar,USDJPY,2025.05.02 20:30:00,0,
2025.05.02 20:54:59,scan_skipped_same_execution_bar,USDJPY,2025.05.02 20:30:00,0,
2025.05.02 21:04:59,scan_executed_new_execution_bar,USDJPY,2025.05.02 20:45:00,0,
2025.05.02 21:09:59,scan_skipped_same_execution_bar,USDJPY,2025.05.02 20:45:00,0,
2025.05.02 21:19:59,scan_executed_new_execution_bar,USDJPY,2025.05.02 21:00:00,0,
2025.05.02 21:24:59,scan_skipped_same_execution_bar,USDJPY,2025.05.02 21:00:00,0,
2025.05.02 21:34:58,scan_executed_new_execution_bar,USDJPY,2025.05.02 21:15:00,16,
2025.05.02 21:39:59,scan_skipped_same_execution_bar,USDJPY,2025.05.02 21:15:00,0,
2025.05.02 21:49:59,scan_executed_new_execution_bar,USDJPY,2025.05.02 21:30:00,0,
2025.05.02 21:54:59,scan_skipped_same_execution_bar,USDJPY,2025.05.02 21:30:00,0,
2025.05.02 22:04:59,scan_executed_new_execution_bar,USDJPY,2025.05.02 21:45:00,31,
2025.05.02 22:09:59,scan_skipped_same_execution_bar,USDJPY,2025.05.02 21:45:00,0,
2025.05.02 22:19:59,scan_executed_new_execution_bar,USDJPY,2025.05.02 22:00:00,0,
2025.05.02 22:24:59,scan_skipped_same_execution_bar,USDJPY,2025.05.02 22:00:00,0,
2025.05.02 22:34:59,scan_executed_new_execution_bar,USDJPY,2025.05.02 22:15:00,0,
2025.05.02 22:39:58,scan_skipped_same_execution_bar,USDJPY,2025.05.02 22:15:00,0,
2025.05.02 22:49:59,scan_executed_new_execution_bar,USDJPY,2025.05.02 22:30:00,0,
2025.05.02 22:54:59,scan_skipped_same_execution_bar,USDJPY,2025.05.02 22:30:00,0,
2025.05.02 23:04:57,scan_executed_new_execution_bar,USDJPY,2025.05.02 22:45:00,0,
2025.05.02 23:09:59,scan_skipped_same_execution_bar,USDJPY,2025.05.02 22:45:00,0,
2025.05.02 23:19:59,scan_executed_new_execution_bar,USDJPY,2025.05.02 23:00:00,0,
2025.05.02 23:24:59,scan_skipped_same_execution_bar,USDJPY,2025.05.02 23:00:00,0,
2025.05.02 23:34:57,scan_executed_new_execution_bar,USDJPY,2025.05.02 23:15:00,0,
2025.05.02 23:39:59,scan_skipped_same_execution_bar,USDJPY,2025.05.02 23:15:00,0,
2025.05.02 23:49:57,scan_executed_new_execution_bar,USDJPY,2025.05.02 23:30:00,0,
2025.05.02 23:54:59,scan_skipped_same_execution_bar,USDJPY,2025.05.02 23:30:00,0,
2025.05.05 00:04:54,scan_executed_new_execution_bar,USDJPY,2025.05.02 23:45:00,0,
2025.05.05 00:09:59,scan_skipped_same_execution_bar,USDJPY,2025.05.02 23:45:00,0,
2025.05.05 00:19:59,scan_executed_new_execution_bar,USDJPY,2025.05.05 00:00:00,0,
2025.05.05 00:24:56,scan_skipped_same_execution_bar,USDJPY,2025.05.05 00:00:00,0,
2025.05.05 00:34:55,scan_executed_new_execution_bar,USDJPY,2025.05.05 00:15:00,0,
2025.05.05 00:39:59,scan_skipped_same_execution_bar,USDJPY,2025.05.05 00:15:00,0,
2025.05.05 00:49:57,scan_executed_new_execution_bar,USDJPY,2025.05.05 00:30:00,0,
2025.05.05 00:54:58,scan_skipped_same_execution_bar,USDJPY,2025.05.05 00:30:00,0,
2025.05.05 01:04:59,scan_executed_new_execution_bar,USDJPY,2025.05.05 00:45:00,0,
2025.05.05 01:09:58,scan_skipped_same_execution_bar,USDJPY,2025.05.05 00:45:00,0,
2025.05.05 01:19:59,scan_executed_new_execution_bar,USDJPY,2025.05.05 01:00:00,0,
2025.05.05 01:24:57,scan_skipped_same_execution_bar,USDJPY,2025.05.05 01:00:00,0,
2025.05.05 01:30:00,scan_executed_new_execution_bar,USDJPY,2025.05.05 01:15:00,16,
2025.05.05 01:34:59,scan_skipped_same_execution_bar,USDJPY,2025.05.05 01:15:00,0,
2025.05.05 01:49:59,scan_executed_new_execution_bar,USDJPY,2025.05.05 01:30:00,0,
2025.05.05 01:54:58,scan_skipped_same_execution_bar,USDJPY,2025.05.05 01:30:00,0,
2025.05.05 02:04:59,scan_executed_new_execution_bar,USDJPY,2025.05.05 01:45:00,0,
2025.05.05 02:09:59,scan_skipped_same_execution_bar,USDJPY,2025.05.05 01:45:00,0,
2025.05.05 02:19:59,scan_executed_new_execution_bar,USDJPY,2025.05.05 02:00:00,0,
2025.05.05 02:24:59,scan_skipped_same_execution_bar,USDJPY,2025.05.05 02:00:00,0,
2025.05.05 02:34:59,scan_executed_new_execution_bar,USDJPY,2025.05.05 02:15:00,16,
2025.05.05 02:39:59,scan_skipped_same_execution_bar,USDJPY,2025.05.05 02:15:00,0,
2025.05.05 02:49:58,scan_executed_new_execution_bar,USDJPY,2025.05.05 02:30:00,0,
2025.05.05 02:55:00,scan_skipped_same_execution_bar,USDJPY,2025.05.05 02:30:00,0,
2025.05.05 03:05:00,scan_executed_new_execution_bar,USDJPY,2025.05.05 02:45:00,15,
2025.05.05 03:09:59,scan_skipped_same_execution_bar,USDJPY,2025.05.05 02:45:00,0,
2025.05.05 03:19:59,scan_executed_new_execution_bar,USDJPY,2025.05.05 03:00:00,16,
2025.05.05 03:24:56,scan_skipped_same_execution_bar,USDJPY,2025.05.05 03:00:00,0,
2025.05.05 03:34:58,scan_executed_new_execution_bar,USDJPY,2025.05.05 03:15:00,0,
2025.05.05 03:39:59,scan_skipped_same_execution_bar,USDJPY,2025.05.05 03:15:00,0,
2025.05.05 03:49:59,scan_executed_new_execution_bar,USDJPY,2025.05.05 03:30:00,0,
2025.05.05 03:54:59,scan_skipped_same_execution_bar,USDJPY,2025.05.05 03:30:00,0,
2025.05.05 04:04:59,scan_executed_new_execution_bar,USDJPY,2025.05.05 03:45:00,0,
2025.05.05 04:09:59,scan_skipped_same_execution_bar,USDJPY,2025.05.05 03:45:00,0,
2025.05.05 04:19:59,scan_executed_new_execution_bar,USDJPY,2025.05.05 04:00:00,0,
2025.05.05 04:24:59,scan_skipped_same_execution_bar,USDJPY,2025.05.05 04:00:00,0,
2025.05.05 04:34:59,scan_executed_new_execution_bar,USDJPY,2025.05.05 04:15:00,0,
2025.05.05 04:39:59,scan_skipped_same_execution_bar,USDJPY,2025.05.05 04:15:00,0,
2025.05.05 04:49:59,scan_executed_new_execution_bar,USDJPY,2025.05.05 04:30:00,0,
2025.05.05 04:54:58,scan_skipped_same_execution_bar,USDJPY,2025.05.05 04:30:00,0,
2025.05.05 05:04:59,scan_executed_new_execution_bar,USDJPY,2025.05.05 04:45:00,0,
2025.05.05 05:09:59,scan_skipped_same_execution_bar,USDJPY,2025.05.05 04:45:00,0,
2025.05.05 05:19:59,scan_executed_new_execution_bar,USDJPY,2025.05.05 05:00:00,0,
2025.05.05 05:24:59,scan_skipped_same_execution_bar,USDJPY,2025.05.05 05:00:00,0,
2025.05.05 05:34:59,scan_executed_new_execution_bar,USDJPY,2025.05.05 05:15:00,0,
2025.05.05 05:39:59,scan_skipped_same_execution_bar,USDJPY,2025.05.05 05:15:00,0,
2025.05.05 05:49:58,scan_executed_new_execution_bar,USDJPY,2025.05.05 05:30:00,0,
2025.05.05 05:54:59,scan_skipped_same_execution_bar,USDJPY,2025.05.05 05:30:00,0,
2025.05.05 06:04:59,scan_executed_new_execution_bar,USDJPY,2025.05.05 05:45:00,16,
2025.05.05 06:09:59,scan_skipped_same_execution_bar,USDJPY,2025.05.05 05:45:00,0,
2025.05.05 06:19:59,scan_executed_new_execution_bar,USDJPY,2025.05.05 06:00:00,0,
2025.05.05 06:24:59,scan_skipped_same_execution_bar,USDJPY,2025.05.05 06:00:00,0,
2025.05.05 06:34:55,scan_executed_new_execution_bar,USDJPY,2025.05.05 06:15:00,0,
2025.05.05 06:39:59,scan_skipped_same_execution_bar,USDJPY,2025.05.05 06:15:00,0,
2025.05.05 06:49:55,scan_executed_new_execution_bar,USDJPY,2025.05.05 06:30:00,0,
2025.05.05 06:54:59,scan_skipped_same_execution_bar,USDJPY,2025.05.05 06:30:00,0,
2025.05.05 07:04:59,scan_executed_new_execution_bar,USDJPY,2025.05.05 06:45:00,0,
2025.05.05 07:09:58,scan_skipped_same_execution_bar,USDJPY,2025.05.05 06:45:00,0,
2025.05.05 07:19:59,scan_executed_new_execution_bar,USDJPY,2025.05.05 07:00:00,0,
2025.05.05 07:24:59,scan_skipped_same_execution_bar,USDJPY,2025.05.05 07:00:00,0,
2025.05.05 07:34:59,scan_executed_new_execution_bar,USDJPY,2025.05.05 07:15:00,16,
2025.05.05 07:39:59,scan_skipped_same_execution_bar,USDJPY,2025.05.05 07:15:00,0,
2025.05.05 07:49:59,scan_executed_new_execution_bar,USDJPY,2025.05.05 07:30:00,0,
2025.05.05 07:54:59,scan_skipped_same_execution_bar,USDJPY,2025.05.05 07:30:00,0,
2025.05.05 08:04:59,scan_executed_new_execution_bar,USDJPY,2025.05.05 07:45:00,0,
2025.05.05 08:09:59,scan_skipped_same_execution_bar,USDJPY,2025.05.05 07:45:00,0,
2025.05.05 08:19:57,scan_executed_new_execution_bar,USDJPY,2025.05.05 08:00:00,0,
2025.05.05 08:24:56,scan_skipped_same_execution_bar,USDJPY,2025.05.05 08:00:00,0,
2025.05.05 08:34:59,scan_executed_new_execution_bar,USDJPY,2025.05.05 08:15:00,16,
2025.05.05 08:39:59,scan_skipped_same_execution_bar,USDJPY,2025.05.05 08:15:00,0,
2025.05.05 08:49:59,scan_executed_new_execution_bar,USDJPY,2025.05.05 08:30:00,0,
2025.05.05 08:54:59,scan_skipped_same_execution_bar,USDJPY,2025.05.05 08:30:00,0,
2025.05.05 09:04:59,scan_executed_new_execution_bar,USDJPY,2025.05.05 08:45:00,15,
2025.05.05 09:09:59,scan_skipped_same_execution_bar,USDJPY,2025.05.05 08:45:00,0,
2025.05.05 09:19:59,scan_executed_new_execution_bar,USDJPY,2025.05.05 09:00:00,16,
2025.05.05 09:24:59,scan_skipped_same_execution_bar,USDJPY,2025.05.05 09:00:00,0,
2025.05.05 09:34:59,scan_executed_new_execution_bar,USDJPY,2025.05.05 09:15:00,0,
2025.05.05 09:39:58,scan_skipped_same_execution_bar,USDJPY,2025.05.05 09:15:00,0,
2025.05.05 09:49:59,scan_executed_new_execution_bar,USDJPY,2025.05.05 09:30:00,0,
2025.05.05 09:54:59,scan_skipped_same_execution_bar,USDJPY,2025.05.05 09:30:00,0,
2025.05.05 10:04:59,scan_executed_new_execution_bar,USDJPY,2025.05.05 09:45:00,0,
2025.05.05 10:09:59,scan_skipped_same_execution_bar,USDJPY,2025.05.05 09:45:00,0,
2025.05.05 10:19:59,scan_executed_new_execution_bar,USDJPY,2025.05.05 10:00:00,0,
2025.05.05 10:24:59,scan_skipped_same_execution_bar,USDJPY,2025.05.05 10:00:00,0,
2025.05.05 10:34:59,scan_executed_new_execution_bar,USDJPY,2025.05.05 10:15:00,0,
2025.05.05 10:39:59,scan_skipped_same_execution_bar,USDJPY,2025.05.05 10:15:00,0,
2025.05.05 10:50:00,scan_executed_new_execution_bar,USDJPY,2025.05.05 10:30:00,0,
2025.05.05 10:54:59,scan_skipped_same_execution_bar,USDJPY,2025.05.05 10:30:00,0,
2025.05.05 11:04:59,scan_executed_new_execution_bar,USDJPY,2025.05.05 10:45:00,0,
2025.05.05 11:09:59,scan_skipped_same_execution_bar,USDJPY,2025.05.05 10:45:00,0,
2025.05.05 11:19:59,scan_executed_new_execution_bar,USDJPY,2025.05.05 11:00:00,0,
2025.05.05 11:24:59,scan_skipped_same_execution_bar,USDJPY,2025.05.05 11:00:00,0,
2025.05.05 11:34:59,scan_executed_new_execution_bar,USDJPY,2025.05.05 11:15:00,0,
2025.05.05 11:39:59,scan_skipped_same_execution_bar,USDJPY,2025.05.05 11:15:00,0,
2025.05.05 11:49:59,scan_executed_new_execution_bar,USDJPY,2025.05.05 11:30:00,0,
2025.05.05 11:54:59,scan_skipped_same_execution_bar,USDJPY,2025.05.05 11:30:00,0,
2025.05.05 12:04:59,scan_executed_new_execution_bar,USDJPY,2025.05.05 11:45:00,0,
2025.05.05 12:09:59,scan_skipped_same_execution_bar,USDJPY,2025.05.05 11:45:00,0,
2025.05.05 12:19:59,scan_executed_new_execution_bar,USDJPY,2025.05.05 12:00:00,0,
2025.05.05 12:24:59,scan_skipped_same_execution_bar,USDJPY,2025.05.05 12:00:00,0,
2025.05.05 12:34:59,scan_executed_new_execution_bar,USDJPY,2025.05.05 12:15:00,0,
2025.05.05 12:39:59,scan_skipped_same_execution_bar,USDJPY,2025.05.05 12:15:00,0,
2025.05.05 12:49:59,scan_executed_new_execution_bar,USDJPY,2025.05.05 12:30:00,0,
2025.05.05 12:54:59,scan_skipped_same_execution_bar,USDJPY,2025.05.05 12:30:00,0,
2025.05.05 13:04:59,scan_executed_new_execution_bar,USDJPY,2025.05.05 12:45:00,0,
2025.05.05 13:09:57,scan_skipped_same_execution_bar,USDJPY,2025.05.05 12:45:00,0,
2025.05.05 13:19:59,scan_executed_new_execution_bar,USDJPY,2025.05.05 13:00:00,31,
2025.05.05 13:24:59,scan_skipped_same_execution_bar,USDJPY,2025.05.05 13:00:00,0,
2025.05.05 13:34:59,scan_executed_new_execution_bar,USDJPY,2025.05.05 13:15:00,16,
2025.05.05 13:39:59,scan_skipped_same_execution_bar,USDJPY,2025.05.05 13:15:00,0,
2025.05.05 13:49:59,scan_executed_new_execution_bar,USDJPY,2025.05.05 13:30:00,0,
2025.05.05 13:54:59,scan_skipped_same_execution_bar,USDJPY,2025.05.05 13:30:00,0,
2025.05.05 14:04:59,scan_executed_new_execution_bar,USDJPY,2025.05.05 13:45:00,16,
2025.05.05 14:09:59,scan_skipped_same_execution_bar,USDJPY,2025.05.05 13:45:00,0,
2025.05.05 14:19:59,scan_executed_new_execution_bar,USDJPY,2025.05.05 14:00:00,0,
2025.05.05 14:24:59,scan_skipped_same_execution_bar,USDJPY,2025.05.05 14:00:00,0,
2025.05.05 14:34:59,scan_executed_new_execution_bar,USDJPY,2025.05.05 14:15:00,32,
2025.05.05 14:39:59,scan_skipped_same_execution_bar,USDJPY,2025.05.05 14:15:00,0,
2025.05.05 14:45:00,scan_executed_new_execution_bar,USDJPY,2025.05.05 14:30:00,46,
2025.05.05 14:49:59,scan_skipped_same_execution_bar,USDJPY,2025.05.05 14:30:00,0,
2025.05.05 15:04:59,scan_executed_new_execution_bar,USDJPY,2025.05.05 14:45:00,0,
2025.05.05 15:09:59,scan_skipped_same_execution_bar,USDJPY,2025.05.05 14:45:00,0,
2025.05.05 15:19:59,scan_executed_new_execution_bar,USDJPY,2025.05.05 15:00:00,0,
2025.05.05 15:24:59,scan_skipped_same_execution_bar,USDJPY,2025.05.05 15:00:00,0,
2025.05.05 15:34:59,scan_executed_new_execution_bar,USDJPY,2025.05.05 15:15:00,0,
2025.05.05 15:39:59,scan_skipped_same_execution_bar,USDJPY,2025.05.05 15:15:00,0,
2025.05.05 15:49:59,scan_executed_new_execution_bar,USDJPY,2025.05.05 15:30:00,16,
2025.05.05 15:54:59,scan_skipped_same_execution_bar,USDJPY,2025.05.05 15:30:00,0,
2025.05.05 16:04:59,scan_executed_new_execution_bar,USDJPY,2025.05.05 15:45:00,0,
2025.05.05 16:09:59,scan_skipped_same_execution_bar,USDJPY,2025.05.05 15:45:00,0,
2025.05.05 16:19:59,scan_executed_new_execution_bar,USDJPY,2025.05.05 16:00:00,0,
2025.05.05 16:24:59,scan_skipped_same_execution_bar,USDJPY,2025.05.05 16:00:00,0,
2025.05.05 16:34:59,scan_executed_new_execution_bar,USDJPY,2025.05.05 16:15:00,47,
2025.05.05 16:39:59,scan_skipped_same_execution_bar,USDJPY,2025.05.05 16:15:00,0,
2025.05.05 16:49:59,scan_executed_new_execution_bar,USDJPY,2025.05.05 16:30:00,0,
2025.05.05 16:54:59,scan_skipped_same_execution_bar,USDJPY,2025.05.05 16:30:00,0,
2025.05.05 17:04:59,scan_executed_new_execution_bar,USDJPY,2025.05.05 16:45:00,0,
2025.05.05 17:09:59,scan_skipped_same_execution_bar,USDJPY,2025.05.05 16:45:00,0,
2025.05.05 17:19:59,scan_executed_new_execution_bar,USDJPY,2025.05.05 17:00:00,16,
2025.05.05 17:24:59,scan_skipped_same_execution_bar,USDJPY,2025.05.05 17:00:00,0,
2025.05.05 17:34:59,scan_executed_new_execution_bar,USDJPY,2025.05.05 17:15:00,0,
2025.05.05 17:39:59,scan_skipped_same_execution_bar,USDJPY,2025.05.05 17:15:00,0,
2025.05.05 17:49:59,scan_executed_new_execution_bar,USDJPY,2025.05.05 17:30:00,0,
2025.05.05 17:54:59,scan_skipped_same_execution_bar,USDJPY,2025.05.05 17:30:00,0,
2025.05.05 18:04:59,scan_executed_new_execution_bar,USDJPY,2025.05.05 17:45:00,0,
2025.05.05 18:09:59,scan_skipped_same_execution_bar,USDJPY,2025.05.05 17:45:00,0,
2025.05.05 18:19:59,scan_executed_new_execution_bar,USDJPY,2025.05.05 18:00:00,0,
2025.05.05 18:24:59,scan_skipped_same_execution_bar,USDJPY,2025.05.05 18:00:00,0,
2025.05.05 18:34:59,scan_executed_new_execution_bar,USDJPY,2025.05.05 18:15:00,31,
2025.05.05 18:39:59,scan_skipped_same_execution_bar,USDJPY,2025.05.05 18:15:00,0,
2025.05.05 18:49:59,scan_executed_new_execution_bar,USDJPY,2025.05.05 18:30:00,31,
2025.05.05 18:54:59,scan_skipped_same_execution_bar,USDJPY,2025.05.05 18:30:00,0,
2025.05.05 19:04:59,scan_executed_new_execution_bar,USDJPY,2025.05.05 18:45:00,0,
2025.05.05 19:09:59,scan_skipped_same_execution_bar,USDJPY,2025.05.05 18:45:00,0,
2025.05.05 19:19:57,scan_executed_new_execution_bar,USDJPY,2025.05.05 19:00:00,0,
2025.05.05 19:24:59,scan_skipped_same_execution_bar,USDJPY,2025.05.05 19:00:00,0,
2025.05.05 19:34:59,scan_executed_new_execution_bar,USDJPY,2025.05.05 19:15:00,16,
2025.05.05 19:39:59,scan_skipped_same_execution_bar,USDJPY,2025.05.05 19:15:00,0,
2025.05.05 19:49:59,scan_executed_new_execution_bar,USDJPY,2025.05.05 19:30:00,47,
2025.05.05 19:54:59,scan_skipped_same_execution_bar,USDJPY,2025.05.05 19:30:00,0,
2025.05.05 20:04:59,scan_executed_new_execution_bar,USDJPY,2025.05.05 19:45:00,0,
2025.05.05 20:09:59,scan_skipped_same_execution_bar,USDJPY,2025.05.05 19:45:00,0,
2025.05.05 20:19:59,scan_executed_new_execution_bar,USDJPY,2025.05.05 20:00:00,15,
2025.05.05 20:24:59,scan_skipped_same_execution_bar,USDJPY,2025.05.05 20:00:00,0,
2025.05.05 20:34:59,scan_executed_new_execution_bar,USDJPY,2025.05.05 20:15:00,0,
2025.05.05 20:39:59,scan_skipped_same_execution_bar,USDJPY,2025.05.05 20:15:00,0,
2025.05.05 20:49:57,scan_executed_new_execution_bar,USDJPY,2025.05.05 20:30:00,0,
2025.05.05 20:54:58,scan_skipped_same_execution_bar,USDJPY,2025.05.05 20:30:00,0,
2025.05.05 21:04:59,scan_executed_new_execution_bar,USDJPY,2025.05.05 20:45:00,0,
2025.05.05 21:09:59,scan_skipped_same_execution_bar,USDJPY,2025.05.05 20:45:00,0,
2025.05.05 21:19:58,scan_executed_new_execution_bar,USDJPY,2025.05.05 21:00:00,0,
2025.05.05 21:24:59,scan_skipped_same_execution_bar,USDJPY,2025.05.05 21:00:00,0,
2025.05.05 21:34:59,scan_executed_new_execution_bar,USDJPY,2025.05.05 21:15:00,0,
2025.05.05 21:39:58,scan_skipped_same_execution_bar,USDJPY,2025.05.05 21:15:00,0,
2025.05.05 21:49:59,scan_executed_new_execution_bar,USDJPY,2025.05.05 21:30:00,0,
2025.05.05 21:54:59,scan_skipped_same_execution_bar,USDJPY,2025.05.05 21:30:00,0,
2025.05.05 22:04:59,scan_executed_new_execution_bar,USDJPY,2025.05.05 21:45:00,0,
2025.05.05 22:09:59,scan_skipped_same_execution_bar,USDJPY,2025.05.05 21:45:00,0,
2025.05.05 22:19:59,scan_executed_new_execution_bar,USDJPY,2025.05.05 22:00:00,0,
2025.05.05 22:24:59,scan_skipped_same_execution_bar,USDJPY,2025.05.05 22:00:00,0,
2025.05.05 22:34:59,scan_executed_new_execution_bar,USDJPY,2025.05.05 22:15:00,16,
2025.05.05 22:39:59,scan_skipped_same_execution_bar,USDJPY,2025.05.05 22:15:00,0,
2025.05.05 22:49:59,scan_executed_new_execution_bar,USDJPY,2025.05.05 22:30:00,0,
2025.05.05 22:54:59,scan_skipped_same_execution_bar,USDJPY,2025.05.05 22:30:00,0,
2025.05.05 23:05:00,scan_executed_new_execution_bar,USDJPY,2025.05.05 22:45:00,0,
2025.05.05 23:09:58,scan_skipped_same_execution_bar,USDJPY,2025.05.05 22:45:00,0,
2025.05.05 23:19:59,scan_executed_new_execution_bar,USDJPY,2025.05.05 23:00:00,0,
2025.05.05 23:24:59,scan_skipped_same_execution_bar,USDJPY,2025.05.05 23:00:00,0,
2025.05.05 23:34:59,scan_executed_new_execution_bar,USDJPY,2025.05.05 23:15:00,0,
2025.05.05 23:39:59,scan_skipped_same_execution_bar,USDJPY,2025.05.05 23:15:00,0,
2025.05.05 23:49:59,scan_executed_new_execution_bar,USDJPY,2025.05.05 23:30:00,15,
2025.05.05 23:54:59,scan_skipped_same_execution_bar,USDJPY,2025.05.05 23:30:00,0,
2025.05.06 00:04:18,scan_executed_new_execution_bar,USDJPY,2025.05.05 23:45:00,0,
2025.05.06 00:09:52,scan_skipped_same_execution_bar,USDJPY,2025.05.05 23:45:00,0,
2025.05.06 00:19:59,scan_executed_new_execution_bar,USDJPY,2025.05.06 00:00:00,0,
2025.05.06 00:24:56,scan_skipped_same_execution_bar,USDJPY,2025.05.06 00:00:00,0,
2025.05.06 00:34:57,scan_executed_new_execution_bar,USDJPY,2025.05.06 00:15:00,0,
2025.05.06 00:39:58,scan_skipped_same_execution_bar,USDJPY,2025.05.06 00:15:00,0,
2025.05.06 00:50:00,scan_executed_new_execution_bar,USDJPY,2025.05.06 00:30:00,0,
2025.05.06 00:54:59,scan_skipped_same_execution_bar,USDJPY,2025.05.06 00:30:00,0,
2025.05.06 01:04:59,scan_executed_new_execution_bar,USDJPY,2025.05.06 00:45:00,0,
2025.05.06 01:09:59,scan_skipped_same_execution_bar,USDJPY,2025.05.06 00:45:00,0,
2025.05.06 01:19:56,scan_executed_new_execution_bar,USDJPY,2025.05.06 01:00:00,0,
2025.05.06 01:24:59,scan_skipped_same_execution_bar,USDJPY,2025.05.06 01:00:00,0,
2025.05.06 01:34:55,scan_executed_new_execution_bar,USDJPY,2025.05.06 01:15:00,16,
2025.05.06 01:39:58,scan_skipped_same_execution_bar,USDJPY,2025.05.06 01:15:00,0,
2025.05.06 01:49:59,scan_executed_new_execution_bar,USDJPY,2025.05.06 01:30:00,15,
2025.05.06 01:54:56,scan_skipped_same_execution_bar,USDJPY,2025.05.06 01:30:00,0,
2025.05.06 02:04:59,scan_executed_new_execution_bar,USDJPY,2025.05.06 01:45:00,0,
2025.05.06 02:09:59,scan_skipped_same_execution_bar,USDJPY,2025.05.06 01:45:00,0,
2025.05.06 02:19:59,scan_executed_new_execution_bar,USDJPY,2025.05.06 02:00:00,0,
2025.05.06 02:24:56,scan_skipped_same_execution_bar,USDJPY,2025.05.06 02:00:00,0,
2025.05.06 02:34:58,scan_executed_new_execution_bar,USDJPY,2025.05.06 02:15:00,0,
2025.05.06 02:39:59,scan_skipped_same_execution_bar,USDJPY,2025.05.06 02:15:00,0,
2025.05.06 02:49:59,scan_executed_new_execution_bar,USDJPY,2025.05.06 02:30:00,0,
2025.05.06 02:54:59,scan_skipped_same_execution_bar,USDJPY,2025.05.06 02:30:00,0,
2025.05.06 03:04:59,scan_executed_new_execution_bar,USDJPY,2025.05.06 02:45:00,0,
2025.05.06 03:09:59,scan_skipped_same_execution_bar,USDJPY,2025.05.06 02:45:00,0,
2025.05.06 03:19:59,scan_executed_new_execution_bar,USDJPY,2025.05.06 03:00:00,0,
2025.05.06 03:24:59,scan_skipped_same_execution_bar,USDJPY,2025.05.06 03:00:00,0,
2025.05.06 03:34:59,scan_executed_new_execution_bar,USDJPY,2025.05.06 03:15:00,0,
2025.05.06 03:39:59,scan_skipped_same_execution_bar,USDJPY,2025.05.06 03:15:00,0,
2025.05.06 03:49:59,scan_executed_new_execution_bar,USDJPY,2025.05.06 03:30:00,0,
2025.05.06 03:54:59,scan_skipped_same_execution_bar,USDJPY,2025.05.06 03:30:00,0,
2025.05.06 04:04:59,scan_executed_new_execution_bar,USDJPY,2025.05.06 03:45:00,0,
2025.05.06 04:09:59,scan_skipped_same_execution_bar,USDJPY,2025.05.06 03:45:00,0,
2025.05.06 04:19:59,scan_executed_new_execution_bar,USDJPY,2025.05.06 04:00:00,31,
2025.05.06 04:24:59,scan_skipped_same_execution_bar,USDJPY,2025.05.06 04:00:00,0,
2025.05.06 04:34:59,scan_executed_new_execution_bar,USDJPY,2025.05.06 04:15:00,0,
2025.05.06 04:39:59,scan_skipped_same_execution_bar,USDJPY,2025.05.06 04:15:00,0,
2025.05.06 04:49:59,scan_executed_new_execution_bar,USDJPY,2025.05.06 04:30:00,15,
2025.05.06 04:54:59,scan_skipped_same_execution_bar,USDJPY,2025.05.06 04:30:00,0,
2025.05.06 05:04:59,scan_executed_new_execution_bar,USDJPY,2025.05.06 04:45:00,0,
2025.05.06 05:09:59,scan_skipped_same_execution_bar,USDJPY,2025.05.06 04:45:00,0,
2025.05.06 05:19:59,scan_executed_new_execution_bar,USDJPY,2025.05.06 05:00:00,15,
2025.05.06 05:24:59,scan_skipped_same_execution_bar,USDJPY,2025.05.06 05:00:00,0,
2025.05.06 05:34:59,scan_executed_new_execution_bar,USDJPY,2025.05.06 05:15:00,31,
2025.05.06 05:39:59,scan_skipped_same_execution_bar,USDJPY,2025.05.06 05:15:00,0,
2025.05.06 05:49:59,scan_executed_new_execution_bar,USDJPY,2025.05.06 05:30:00,0,
2025.05.06 05:54:59,scan_skipped_same_execution_bar,USDJPY,2025.05.06 05:30:00,0,
2025.05.06 06:04:59,scan_executed_new_execution_bar,USDJPY,2025.05.06 05:45:00,0,
2025.05.06 06:09:59,scan_skipped_same_execution_bar,USDJPY,2025.05.06 05:45:00,0,
2025.05.06 06:19:59,scan_executed_new_execution_bar,USDJPY,2025.05.06 06:00:00,0,
2025.05.06 06:24:59,scan_skipped_same_execution_bar,USDJPY,2025.05.06 06:00:00,0,
2025.05.06 06:34:59,scan_executed_new_execution_bar,USDJPY,2025.05.06 06:15:00,16,
2025.05.06 06:39:59,scan_skipped_same_execution_bar,USDJPY,2025.05.06 06:15:00,0,
2025.05.06 06:49:58,scan_executed_new_execution_bar,USDJPY,2025.05.06 06:30:00,0,
2025.05.06 06:55:00,scan_skipped_same_execution_bar,USDJPY,2025.05.06 06:30:00,0,
2025.05.06 07:04:59,scan_executed_new_execution_bar,USDJPY,2025.05.06 06:45:00,0,
2025.05.06 07:10:00,scan_skipped_same_execution_bar,USDJPY,2025.05.06 06:45:00,0,
2025.05.06 07:19:59,scan_executed_new_execution_bar,USDJPY,2025.05.06 07:00:00,0,
2025.05.06 07:24:59,scan_skipped_same_execution_bar,USDJPY,2025.05.06 07:00:00,0,
2025.05.06 07:34:59,scan_executed_new_execution_bar,USDJPY,2025.05.06 07:15:00,0,
2025.05.06 07:39:59,scan_skipped_same_execution_bar,USDJPY,2025.05.06 07:15:00,0,
2025.05.06 07:49:59,scan_executed_new_execution_bar,USDJPY,2025.05.06 07:30:00,0,
2025.05.06 07:54:59,scan_skipped_same_execution_bar,USDJPY,2025.05.06 07:30:00,0,
2025.05.06 08:04:59,scan_executed_new_execution_bar,USDJPY,2025.05.06 07:45:00,15,
2025.05.06 08:09:59,scan_skipped_same_execution_bar,USDJPY,2025.05.06 07:45:00,0,
2025.05.06 08:19:59,scan_executed_new_execution_bar,USDJPY,2025.05.06 08:00:00,0,
2025.05.06 08:24:59,scan_skipped_same_execution_bar,USDJPY,2025.05.06 08:00:00,0,
2025.05.06 08:34:59,scan_executed_new_execution_bar,USDJPY,2025.05.06 08:15:00,16,
2025.05.06 08:39:59,scan_skipped_same_execution_bar,USDJPY,2025.05.06 08:15:00,0,
2025.05.06 08:49:59,scan_executed_new_execution_bar,USDJPY,2025.05.06 08:30:00,0,
2025.05.06 08:54:58,scan_skipped_same_execution_bar,USDJPY,2025.05.06 08:30:00,0,
2025.05.06 09:04:59,scan_executed_new_execution_bar,USDJPY,2025.05.06 08:45:00,0,
2025.05.06 09:09:59,scan_skipped_same_execution_bar,USDJPY,2025.05.06 08:45:00,0,
2025.05.06 09:19:59,scan_executed_new_execution_bar,USDJPY,2025.05.06 09:00:00,0,
2025.05.06 09:24:59,scan_skipped_same_execution_bar,USDJPY,2025.05.06 09:00:00,0,
2025.05.06 09:34:59,scan_executed_new_execution_bar,USDJPY,2025.05.06 09:15:00,0,
2025.05.06 09:39:59,scan_skipped_same_execution_bar,USDJPY,2025.05.06 09:15:00,0,
2025.05.06 09:49:59,scan_executed_new_execution_bar,USDJPY,2025.05.06 09:30:00,0,
2025.05.06 09:54:59,scan_skipped_same_execution_bar,USDJPY,2025.05.06 09:30:00,0,
2025.05.06 10:04:59,scan_executed_new_execution_bar,USDJPY,2025.05.06 09:45:00,15,
2025.05.06 10:09:59,scan_skipped_same_execution_bar,USDJPY,2025.05.06 09:45:00,0,
2025.05.06 10:19:59,scan_executed_new_execution_bar,USDJPY,2025.05.06 10:00:00,16,
2025.05.06 10:24:59,scan_skipped_same_execution_bar,USDJPY,2025.05.06 10:00:00,0,
2025.05.06 10:34:59,scan_executed_new_execution_bar,USDJPY,2025.05.06 10:15:00,0,
2025.05.06 10:39:59,scan_skipped_same_execution_bar,USDJPY,2025.05.06 10:15:00,0,
2025.05.06 10:49:59,scan_executed_new_execution_bar,USDJPY,2025.05.06 10:30:00,0,
2025.05.06 10:54:59,scan_skipped_same_execution_bar,USDJPY,2025.05.06 10:30:00,0,
2025.05.06 11:04:59,scan_executed_new_execution_bar,USDJPY,2025.05.06 10:45:00,47,
2025.05.06 11:09:59,scan_skipped_same_execution_bar,USDJPY,2025.05.06 10:45:00,0,
2025.05.06 11:19:59,scan_executed_new_execution_bar,USDJPY,2025.05.06 11:00:00,0,
2025.05.06 11:24:59,scan_skipped_same_execution_bar,USDJPY,2025.05.06 11:00:00,0,
2025.05.06 11:34:59,scan_executed_new_execution_bar,USDJPY,2025.05.06 11:15:00,15,
2025.05.06 11:39:59,scan_skipped_same_execution_bar,USDJPY,2025.05.06 11:15:00,0,
2025.05.06 11:50:00,scan_executed_new_execution_bar,USDJPY,2025.05.06 11:30:00,47,
2025.05.06 11:54:59,scan_skipped_same_execution_bar,USDJPY,2025.05.06 11:30:00,0,
2025.05.06 12:04:59,scan_executed_new_execution_bar,USDJPY,2025.05.06 11:45:00,47,
2025.05.06 12:09:59,scan_skipped_same_execution_bar,USDJPY,2025.05.06 11:45:00,0,
2025.05.06 12:19:59,scan_executed_new_execution_bar,USDJPY,2025.05.06 12:00:00,0,
2025.05.06 12:24:59,scan_skipped_same_execution_bar,USDJPY,2025.05.06 12:00:00,0,
2025.05.06 12:35:00,scan_executed_new_execution_bar,USDJPY,2025.05.06 12:15:00,0,
2025.05.06 12:39:58,scan_skipped_same_execution_bar,USDJPY,2025.05.06 12:15:00,0,
2025.05.06 12:49:59,scan_executed_new_execution_bar,USDJPY,2025.05.06 12:30:00,0,
2025.05.06 12:54:59,scan_skipped_same_execution_bar,USDJPY,2025.05.06 12:30:00,0,
2025.05.06 13:04:59,scan_executed_new_execution_bar,USDJPY,2025.05.06 12:45:00,15,
2025.05.06 13:09:59,scan_skipped_same_execution_bar,USDJPY,2025.05.06 12:45:00,0,
2025.05.06 13:19:59,scan_executed_new_execution_bar,USDJPY,2025.05.06 13:00:00,16,
2025.05.06 13:24:59,scan_skipped_same_execution_bar,USDJPY,2025.05.06 13:00:00,0,
2025.05.06 13:34:59,scan_executed_new_execution_bar,USDJPY,2025.05.06 13:15:00,0,
2025.05.06 13:39:59,scan_skipped_same_execution_bar,USDJPY,2025.05.06 13:15:00,0,
2025.05.06 13:49:59,scan_executed_new_execution_bar,USDJPY,2025.05.06 13:30:00,16,
2025.05.06 13:54:59,scan_skipped_same_execution_bar,USDJPY,2025.05.06 13:30:00,0,
2025.05.06 14:04:59,scan_executed_new_execution_bar,USDJPY,2025.05.06 13:45:00,0,
2025.05.06 14:09:59,scan_skipped_same_execution_bar,USDJPY,2025.05.06 13:45:00,0,
2025.05.06 14:19:59,scan_executed_new_execution_bar,USDJPY,2025.05.06 14:00:00,0,
2025.05.06 14:24:59,scan_skipped_same_execution_bar,USDJPY,2025.05.06 14:00:00,0,
2025.05.06 14:34:59,scan_executed_new_execution_bar,USDJPY,2025.05.06 14:15:00,0,
2025.05.06 14:39:59,scan_skipped_same_execution_bar,USDJPY,2025.05.06 14:15:00,0,
2025.05.06 14:49:59,scan_executed_new_execution_bar,USDJPY,2025.05.06 14:30:00,0,
2025.05.06 14:54:59,scan_skipped_same_execution_bar,USDJPY,2025.05.06 14:30:00,0,
2025.05.06 15:04:59,scan_executed_new_execution_bar,USDJPY,2025.05.06 14:45:00,0,
2025.05.06 15:09:59,scan_skipped_same_execution_bar,USDJPY,2025.05.06 14:45:00,0,
2025.05.06 15:19:59,scan_executed_new_execution_bar,USDJPY,2025.05.06 15:00:00,16,
2025.05.06 15:24:59,scan_skipped_same_execution_bar,USDJPY,2025.05.06 15:00:00,0,
2025.05.06 15:34:59,scan_executed_new_execution_bar,USDJPY,2025.05.06 15:15:00,0,
2025.05.06 15:39:59,scan_skipped_same_execution_bar,USDJPY,2025.05.06 15:15:00,0,
2025.05.06 15:49:59,scan_executed_new_execution_bar,USDJPY,2025.05.06 15:30:00,0,
2025.05.06 15:54:59,scan_skipped_same_execution_bar,USDJPY,2025.05.06 15:30:00,0,
2025.05.06 16:04:59,scan_executed_new_execution_bar,USDJPY,2025.05.06 15:45:00,0,
2025.05.06 16:09:59,scan_skipped_same_execution_bar,USDJPY,2025.05.06 15:45:00,0,
2025.05.06 16:19:59,scan_executed_new_execution_bar,USDJPY,2025.05.06 16:00:00,31,
2025.05.06 16:24:59,scan_skipped_same_execution_bar,USDJPY,2025.05.06 16:00:00,0,
2025.05.06 16:34:59,scan_executed_new_execution_bar,USDJPY,2025.05.06 16:15:00,0,
2025.05.06 16:39:59,scan_skipped_same_execution_bar,USDJPY,2025.05.06 16:15:00,0,
2025.05.06 16:49:59,scan_executed_new_execution_bar,USDJPY,2025.05.06 16:30:00,16,
2025.05.06 16:54:59,scan_skipped_same_execution_bar,USDJPY,2025.05.06 16:30:00,0,
2025.05.06 17:04:59,scan_executed_new_execution_bar,USDJPY,2025.05.06 16:45:00,0,
2025.05.06 17:09:58,scan_skipped_same_execution_bar,USDJPY,2025.05.06 16:45:00,0,
2025.05.06 17:19:59,scan_executed_new_execution_bar,USDJPY,2025.05.06 17:00:00,0,
2025.05.06 17:24:59,scan_skipped_same_execution_bar,USDJPY,2025.05.06 17:00:00,0,
2025.05.06 17:34:59,scan_executed_new_execution_bar,USDJPY,2025.05.06 17:15:00,0,
2025.05.06 17:39:59,scan_skipped_same_execution_bar,USDJPY,2025.05.06 17:15:00,0,
2025.05.06 17:49:59,scan_executed_new_execution_bar,USDJPY,2025.05.06 17:30:00,0,
2025.05.06 17:54:59,scan_skipped_same_execution_bar,USDJPY,2025.05.06 17:30:00,0,
2025.05.06 18:04:59,scan_executed_new_execution_bar,USDJPY,2025.05.06 17:45:00,16,
2025.05.06 18:09:59,scan_skipped_same_execution_bar,USDJPY,2025.05.06 17:45:00,0,
2025.05.06 18:19:59,scan_executed_new_execution_bar,USDJPY,2025.05.06 18:00:00,16,
2025.05.06 18:24:59,scan_skipped_same_execution_bar,USDJPY,2025.05.06 18:00:00,0,
2025.05.06 18:34:59,scan_executed_new_execution_bar,USDJPY,2025.05.06 18:15:00,0,
2025.05.06 18:39:59,scan_skipped_same_execution_bar,USDJPY,2025.05.06 18:15:00,0,
2025.05.06 18:49:59,scan_executed_new_execution_bar,USDJPY,2025.05.06 18:30:00,16,
2025.05.06 18:54:59,scan_skipped_same_execution_bar,USDJPY,2025.05.06 18:30:00,0,
2025.05.06 19:04:59,scan_executed_new_execution_bar,USDJPY,2025.05.06 18:45:00,0,
2025.05.06 19:09:59,scan_skipped_same_execution_bar,USDJPY,2025.05.06 18:45:00,0,
2025.05.06 19:19:59,scan_executed_new_execution_bar,USDJPY,2025.05.06 19:00:00,16,
2025.05.06 19:24:59,scan_skipped_same_execution_bar,USDJPY,2025.05.06 19:00:00,0,
2025.05.06 19:34:59,scan_executed_new_execution_bar,USDJPY,2025.05.06 19:15:00,0,
2025.05.06 19:39:59,scan_skipped_same_execution_bar,USDJPY,2025.05.06 19:15:00,0,
2025.05.06 19:49:59,scan_executed_new_execution_bar,USDJPY,2025.05.06 19:30:00,0,
2025.05.06 19:54:59,scan_skipped_same_execution_bar,USDJPY,2025.05.06 19:30:00,0,
2025.05.06 20:04:59,scan_executed_new_execution_bar,USDJPY,2025.05.06 19:45:00,0,
2025.05.06 20:09:59,scan_skipped_same_execution_bar,USDJPY,2025.05.06 19:45:00,0,
2025.05.06 20:19:59,scan_executed_new_execution_bar,USDJPY,2025.05.06 20:00:00,0,
2025.05.06 20:24:58,scan_skipped_same_execution_bar,USDJPY,2025.05.06 20:00:00,0,
2025.05.06 20:34:59,scan_executed_new_execution_bar,USDJPY,2025.05.06 20:15:00,16,
2025.05.06 20:39:59,scan_skipped_same_execution_bar,USDJPY,2025.05.06 20:15:00,0,
2025.05.06 20:49:59,scan_executed_new_execution_bar,USDJPY,2025.05.06 20:30:00,0,
2025.05.06 20:54:59,scan_skipped_same_execution_bar,USDJPY,2025.05.06 20:30:00,0,
2025.05.06 21:04:59,scan_executed_new_execution_bar,USDJPY,2025.05.06 20:45:00,0,
2025.05.06 21:09:59,scan_skipped_same_execution_bar,USDJPY,2025.05.06 20:45:00,0,
2025.05.06 21:19:59,scan_executed_new_execution_bar,USDJPY,2025.05.06 21:00:00,0,
2025.05.06 21:25:00,scan_skipped_same_execution_bar,USDJPY,2025.05.06 21:00:00,0,
2025.05.06 21:34:59,scan_executed_new_execution_bar,USDJPY,2025.05.06 21:15:00,0,
2025.05.06 21:39:59,scan_skipped_same_execution_bar,USDJPY,2025.05.06 21:15:00,0,
2025.05.06 21:50:00,scan_executed_new_execution_bar,USDJPY,2025.05.06 21:30:00,0,
2025.05.06 21:54:59,scan_skipped_same_execution_bar,USDJPY,2025.05.06 21:30:00,0,
2025.05.06 22:04:59,scan_executed_new_execution_bar,USDJPY,2025.05.06 21:45:00,0,
2025.05.06 22:09:59,scan_skipped_same_execution_bar,USDJPY,2025.05.06 21:45:00,0,
2025.05.06 22:19:59,scan_executed_new_execution_bar,USDJPY,2025.05.06 22:00:00,0,
2025.05.06 22:24:59,scan_skipped_same_execution_bar,USDJPY,2025.05.06 22:00:00,0,
2025.05.06 22:34:59,scan_executed_new_execution_bar,USDJPY,2025.05.06 22:15:00,0,
2025.05.06 22:39:59,scan_skipped_same_execution_bar,USDJPY,2025.05.06 22:15:00,0,
2025.05.06 22:49:59,scan_executed_new_execution_bar,USDJPY,2025.05.06 22:30:00,0,
2025.05.06 22:54:59,scan_skipped_same_execution_bar,USDJPY,2025.05.06 22:30:00,0,
2025.05.06 23:04:59,scan_executed_new_execution_bar,USDJPY,2025.05.06 22:45:00,0,
2025.05.06 23:09:59,scan_skipped_same_execution_bar,USDJPY,2025.05.06 22:45:00,0,
2025.05.06 23:19:59,scan_executed_new_execution_bar,USDJPY,2025.05.06 23:00:00,0,
2025.05.06 23:24:59,scan_skipped_same_execution_bar,USDJPY,2025.05.06 23:00:00,0,
2025.05.06 23:34:59,scan_executed_new_execution_bar,USDJPY,2025.05.06 23:15:00,0,
2025.05.06 23:39:57,scan_skipped_same_execution_bar,USDJPY,2025.05.06 23:15:00,0,
2025.05.06 23:49:59,scan_executed_new_execution_bar,USDJPY,2025.05.06 23:30:00,16,
2025.05.06 23:54:59,scan_skipped_same_execution_bar,USDJPY,2025.05.06 23:30:00,0,
2025.05.07 00:04:58,scan_executed_new_execution_bar,USDJPY,2025.05.06 23:45:00,0,
2025.05.07 00:09:59,scan_skipped_same_execution_bar,USDJPY,2025.05.06 23:45:00,0,
2025.05.07 00:19:54,scan_executed_new_execution_bar,USDJPY,2025.05.07 00:00:00,0,
2025.05.07 00:24:59,scan_skipped_same_execution_bar,USDJPY,2025.05.07 00:00:00,0,
2025.05.07 00:34:58,scan_executed_new_execution_bar,USDJPY,2025.05.07 00:15:00,0,
2025.05.07 00:39:59,scan_skipped_same_execution_bar,USDJPY,2025.05.07 00:15:00,0,
2025.05.07 00:49:59,scan_executed_new_execution_bar,USDJPY,2025.05.07 00:30:00,0,
2025.05.07 00:54:51,scan_skipped_same_execution_bar,USDJPY,2025.05.07 00:30:00,0,
2025.05.07 01:04:59,scan_executed_new_execution_bar,USDJPY,2025.05.07 00:45:00,0,
2025.05.07 01:09:59,scan_skipped_same_execution_bar,USDJPY,2025.05.07 00:45:00,0,
2025.05.07 01:19:59,scan_executed_new_execution_bar,USDJPY,2025.05.07 01:00:00,0,
2025.05.07 01:24:59,scan_skipped_same_execution_bar,USDJPY,2025.05.07 01:00:00,0,
2025.05.07 01:34:59,scan_executed_new_execution_bar,USDJPY,2025.05.07 01:15:00,0,
2025.05.07 01:39:59,scan_skipped_same_execution_bar,USDJPY,2025.05.07 01:15:00,0,
2025.05.07 01:49:59,scan_executed_new_execution_bar,USDJPY,2025.05.07 01:30:00,0,
2025.05.07 01:54:59,scan_skipped_same_execution_bar,USDJPY,2025.05.07 01:30:00,0,
2025.05.07 02:04:59,scan_executed_new_execution_bar,USDJPY,2025.05.07 01:45:00,0,
2025.05.07 02:09:59,scan_skipped_same_execution_bar,USDJPY,2025.05.07 01:45:00,0,
2025.05.07 02:19:59,scan_executed_new_execution_bar,USDJPY,2025.05.07 02:00:00,0,
2025.05.07 02:24:59,scan_skipped_same_execution_bar,USDJPY,2025.05.07 02:00:00,0,
2025.05.07 02:34:59,scan_executed_new_execution_bar,USDJPY,2025.05.07 02:15:00,47,
2025.05.07 02:39:59,scan_skipped_same_execution_bar,USDJPY,2025.05.07 02:15:00,0,
2025.05.07 02:49:59,scan_executed_new_execution_bar,USDJPY,2025.05.07 02:30:00,31,
2025.05.07 02:54:59,scan_skipped_same_execution_bar,USDJPY,2025.05.07 02:30:00,0,
2025.05.07 03:04:59,scan_executed_new_execution_bar,USDJPY,2025.05.07 02:45:00,32,
2025.05.07 03:09:59,scan_skipped_same_execution_bar,USDJPY,2025.05.07 02:45:00,0,
2025.05.07 03:19:59,scan_executed_new_execution_bar,USDJPY,2025.05.07 03:00:00,62,
2025.05.07 03:24:59,scan_skipped_same_execution_bar,USDJPY,2025.05.07 03:00:00,0,
2025.05.07 03:34:59,scan_executed_new_execution_bar,USDJPY,2025.05.07 03:15:00,0,
2025.05.07 03:39:59,scan_skipped_same_execution_bar,USDJPY,2025.05.07 03:15:00,0,
2025.05.07 03:49:59,scan_executed_new_execution_bar,USDJPY,2025.05.07 03:30:00,32,
2025.05.07 03:54:59,scan_skipped_same_execution_bar,USDJPY,2025.05.07 03:30:00,0,
2025.05.07 04:04:59,scan_executed_new_execution_bar,USDJPY,2025.05.07 03:45:00,47,
2025.05.07 04:09:59,scan_skipped_same_execution_bar,USDJPY,2025.05.07 03:45:00,0,
2025.05.07 04:19:59,scan_executed_new_execution_bar,USDJPY,2025.05.07 04:00:00,31,
2025.05.07 04:24:59,scan_skipped_same_execution_bar,USDJPY,2025.05.07 04:00:00,0,
2025.05.07 04:34:59,scan_executed_new_execution_bar,USDJPY,2025.05.07 04:15:00,0,
2025.05.07 04:39:58,scan_skipped_same_execution_bar,USDJPY,2025.05.07 04:15:00,0,
2025.05.07 04:49:59,scan_executed_new_execution_bar,USDJPY,2025.05.07 04:30:00,31,
2025.05.07 04:54:59,scan_skipped_same_execution_bar,USDJPY,2025.05.07 04:30:00,0,
2025.05.07 05:05:00,scan_executed_new_execution_bar,USDJPY,2025.05.07 04:45:00,0,
2025.05.07 05:09:59,scan_skipped_same_execution_bar,USDJPY,2025.05.07 04:45:00,0,
2025.05.07 05:19:59,scan_executed_new_execution_bar,USDJPY,2025.05.07 05:00:00,0,
2025.05.07 05:24:59,scan_skipped_same_execution_bar,USDJPY,2025.05.07 05:00:00,0,
2025.05.07 05:34:59,scan_executed_new_execution_bar,USDJPY,2025.05.07 05:15:00,16,
2025.05.07 05:39:59,scan_skipped_same_execution_bar,USDJPY,2025.05.07 05:15:00,0,
2025.05.07 05:49:59,scan_executed_new_execution_bar,USDJPY,2025.05.07 05:30:00,31,
2025.05.07 05:54:59,scan_skipped_same_execution_bar,USDJPY,2025.05.07 05:30:00,0,
2025.05.07 06:04:58,scan_executed_new_execution_bar,USDJPY,2025.05.07 05:45:00,0,
2025.05.07 06:09:59,scan_skipped_same_execution_bar,USDJPY,2025.05.07 05:45:00,0,
2025.05.07 06:19:58,scan_executed_new_execution_bar,USDJPY,2025.05.07 06:00:00,0,
2025.05.07 06:24:59,scan_skipped_same_execution_bar,USDJPY,2025.05.07 06:00:00,0,
2025.05.07 06:34:59,scan_executed_new_execution_bar,USDJPY,2025.05.07 06:15:00,0,
2025.05.07 06:39:59,scan_skipped_same_execution_bar,USDJPY,2025.05.07 06:15:00,0,
2025.05.07 06:49:59,scan_executed_new_execution_bar,USDJPY,2025.05.07 06:30:00,0,
2025.05.07 06:54:58,scan_skipped_same_execution_bar,USDJPY,2025.05.07 06:30:00,0,
2025.05.07 07:04:59,scan_executed_new_execution_bar,USDJPY,2025.05.07 06:45:00,31,
2025.05.07 07:09:59,scan_skipped_same_execution_bar,USDJPY,2025.05.07 06:45:00,0,
2025.05.07 07:19:59,scan_executed_new_execution_bar,USDJPY,2025.05.07 07:00:00,0,
2025.05.07 07:24:59,scan_skipped_same_execution_bar,USDJPY,2025.05.07 07:00:00,0,
2025.05.07 07:34:59,scan_executed_new_execution_bar,USDJPY,2025.05.07 07:15:00,0,
2025.05.07 07:39:59,scan_skipped_same_execution_bar,USDJPY,2025.05.07 07:15:00,0,
2025.05.07 07:49:59,scan_executed_new_execution_bar,USDJPY,2025.05.07 07:30:00,0,
2025.05.07 07:54:59,scan_skipped_same_execution_bar,USDJPY,2025.05.07 07:30:00,0,
2025.05.07 08:04:59,scan_executed_new_execution_bar,USDJPY,2025.05.07 07:45:00,0,
2025.05.07 08:09:58,scan_skipped_same_execution_bar,USDJPY,2025.05.07 07:45:00,0,
2025.05.07 08:19:59,scan_executed_new_execution_bar,USDJPY,2025.05.07 08:00:00,0,
2025.05.07 08:24:59,scan_skipped_same_execution_bar,USDJPY,2025.05.07 08:00:00,0,
2025.05.07 08:34:59,scan_executed_new_execution_bar,USDJPY,2025.05.07 08:15:00,31,
2025.05.07 08:39:59,scan_skipped_same_execution_bar,USDJPY,2025.05.07 08:15:00,0,
2025.05.07 08:49:59,scan_executed_new_execution_bar,USDJPY,2025.05.07 08:30:00,0,
2025.05.07 08:54:59,scan_skipped_same_execution_bar,USDJPY,2025.05.07 08:30:00,0,
2025.05.07 09:04:59,scan_executed_new_execution_bar,USDJPY,2025.05.07 08:45:00,0,
2025.05.07 09:09:59,scan_skipped_same_execution_bar,USDJPY,2025.05.07 08:45:00,0,
2025.05.07 09:19:59,scan_executed_new_execution_bar,USDJPY,2025.05.07 09:00:00,0,
2025.05.07 09:24:59,scan_skipped_same_execution_bar,USDJPY,2025.05.07 09:00:00,0,
2025.05.07 09:34:59,scan_executed_new_execution_bar,USDJPY,2025.05.07 09:15:00,0,
2025.05.07 09:39:58,scan_skipped_same_execution_bar,USDJPY,2025.05.07 09:15:00,0,
2025.05.07 09:49:58,scan_executed_new_execution_bar,USDJPY,2025.05.07 09:30:00,0,
2025.05.07 09:55:00,scan_skipped_same_execution_bar,USDJPY,2025.05.07 09:30:00,0,
2025.05.07 10:04:59,scan_executed_new_execution_bar,USDJPY,2025.05.07 09:45:00,0,
2025.05.07 10:09:59,scan_skipped_same_execution_bar,USDJPY,2025.05.07 09:45:00,0,
2025.05.07 10:19:59,scan_executed_new_execution_bar,USDJPY,2025.05.07 10:00:00,0,
2025.05.07 10:24:59,scan_skipped_same_execution_bar,USDJPY,2025.05.07 10:00:00,0,
2025.05.07 10:34:59,scan_executed_new_execution_bar,USDJPY,2025.05.07 10:15:00,0,
2025.05.07 10:39:59,scan_skipped_same_execution_bar,USDJPY,2025.05.07 10:15:00,0,
2025.05.07 10:49:58,scan_executed_new_execution_bar,USDJPY,2025.05.07 10:30:00,0,
2025.05.07 10:54:59,scan_skipped_same_execution_bar,USDJPY,2025.05.07 10:30:00,0,
2025.05.07 11:04:59,scan_executed_new_execution_bar,USDJPY,2025.05.07 10:45:00,0,
2025.05.07 11:09:58,scan_skipped_same_execution_bar,USDJPY,2025.05.07 10:45:00,0,
2025.05.07 11:19:59,scan_executed_new_execution_bar,USDJPY,2025.05.07 11:00:00,0,
2025.05.07 11:24:59,scan_skipped_same_execution_bar,USDJPY,2025.05.07 11:00:00,0,
2025.05.07 11:34:59,scan_executed_new_execution_bar,USDJPY,2025.05.07 11:15:00,0,
2025.05.07 11:39:59,scan_skipped_same_execution_bar,USDJPY,2025.05.07 11:15:00,0,
2025.05.07 11:49:59,scan_executed_new_execution_bar,USDJPY,2025.05.07 11:30:00,0,
2025.05.07 11:54:59,scan_skipped_same_execution_bar,USDJPY,2025.05.07 11:30:00,0,
2025.05.07 12:04:59,scan_executed_new_execution_bar,USDJPY,2025.05.07 11:45:00,16,
2025.05.07 12:09:59,scan_skipped_same_execution_bar,USDJPY,2025.05.07 11:45:00,0,
2025.05.07 12:19:59,scan_executed_new_execution_bar,USDJPY,2025.05.07 12:00:00,0,
2025.05.07 12:24:59,scan_skipped_same_execution_bar,USDJPY,2025.05.07 12:00:00,0,
2025.05.07 12:34:59,scan_executed_new_execution_bar,USDJPY,2025.05.07 12:15:00,0,
2025.05.07 12:39:59,scan_skipped_same_execution_bar,USDJPY,2025.05.07 12:15:00,0,
2025.05.07 12:49:59,scan_executed_new_execution_bar,USDJPY,2025.05.07 12:30:00,0,
2025.05.07 12:54:59,scan_skipped_same_execution_bar,USDJPY,2025.05.07 12:30:00,0,
2025.05.07 13:04:59,scan_executed_new_execution_bar,USDJPY,2025.05.07 12:45:00,0,
2025.05.07 13:09:59,scan_skipped_same_execution_bar,USDJPY,2025.05.07 12:45:00,0,
2025.05.07 13:19:58,scan_executed_new_execution_bar,USDJPY,2025.05.07 13:00:00,31,
2025.05.07 13:24:59,scan_skipped_same_execution_bar,USDJPY,2025.05.07 13:00:00,0,
2025.05.07 13:34:59,scan_executed_new_execution_bar,USDJPY,2025.05.07 13:15:00,0,
2025.05.07 13:39:59,scan_skipped_same_execution_bar,USDJPY,2025.05.07 13:15:00,0,
2025.05.07 13:49:59,scan_executed_new_execution_bar,USDJPY,2025.05.07 13:30:00,0,
2025.05.07 13:54:59,scan_skipped_same_execution_bar,USDJPY,2025.05.07 13:30:00,0,
2025.05.07 14:04:59,scan_executed_new_execution_bar,USDJPY,2025.05.07 13:45:00,16,
2025.05.07 14:09:59,scan_skipped_same_execution_bar,USDJPY,2025.05.07 13:45:00,0,
2025.05.07 14:19:59,scan_executed_new_execution_bar,USDJPY,2025.05.07 14:00:00,0,
2025.05.07 14:24:59,scan_skipped_same_execution_bar,USDJPY,2025.05.07 14:00:00,0,
2025.05.07 14:34:59,scan_executed_new_execution_bar,USDJPY,2025.05.07 14:15:00,16,
2025.05.07 14:39:58,scan_skipped_same_execution_bar,USDJPY,2025.05.07 14:15:00,0,
2025.05.07 14:49:59,scan_executed_new_execution_bar,USDJPY,2025.05.07 14:30:00,16,
2025.05.07 14:54:59,scan_skipped_same_execution_bar,USDJPY,2025.05.07 14:30:00,0,
2025.05.07 15:04:59,scan_executed_new_execution_bar,USDJPY,2025.05.07 14:45:00,31,
2025.05.07 15:09:59,scan_skipped_same_execution_bar,USDJPY,2025.05.07 14:45:00,0,
2025.05.07 15:19:59,scan_executed_new_execution_bar,USDJPY,2025.05.07 15:00:00,0,
2025.05.07 15:24:59,scan_skipped_same_execution_bar,USDJPY,2025.05.07 15:00:00,0,
2025.05.07 15:34:59,scan_executed_new_execution_bar,USDJPY,2025.05.07 15:15:00,0,
2025.05.07 15:39:59,scan_skipped_same_execution_bar,USDJPY,2025.05.07 15:15:00,0,
2025.05.07 15:49:59,scan_executed_new_execution_bar,USDJPY,2025.05.07 15:30:00,0,
2025.05.07 15:54:59,scan_skipped_same_execution_bar,USDJPY,2025.05.07 15:30:00,0,
2025.05.07 16:04:59,scan_executed_new_execution_bar,USDJPY,2025.05.07 15:45:00,0,
2025.05.07 16:09:58,scan_skipped_same_execution_bar,USDJPY,2025.05.07 15:45:00,0,
2025.05.07 16:19:59,scan_executed_new_execution_bar,USDJPY,2025.05.07 16:00:00,16,
2025.05.07 16:24:59,scan_skipped_same_execution_bar,USDJPY,2025.05.07 16:00:00,0,
2025.05.07 16:34:59,scan_executed_new_execution_bar,USDJPY,2025.05.07 16:15:00,0,
2025.05.07 16:39:59,scan_skipped_same_execution_bar,USDJPY,2025.05.07 16:15:00,0,
2025.05.07 16:49:59,scan_executed_new_execution_bar,USDJPY,2025.05.07 16:30:00,15,
2025.05.07 16:54:59,scan_skipped_same_execution_bar,USDJPY,2025.05.07 16:30:00,0,
2025.05.07 17:04:59,scan_executed_new_execution_bar,USDJPY,2025.05.07 16:45:00,16,
2025.05.07 17:09:59,scan_skipped_same_execution_bar,USDJPY,2025.05.07 16:45:00,0,
2025.05.07 17:19:59,scan_executed_new_execution_bar,USDJPY,2025.05.07 17:00:00,15,
2025.05.07 17:25:00,scan_skipped_same_execution_bar,USDJPY,2025.05.07 17:00:00,0,
2025.05.07 17:34:59,scan_executed_new_execution_bar,USDJPY,2025.05.07 17:15:00,16,
2025.05.07 17:39:59,scan_skipped_same_execution_bar,USDJPY,2025.05.07 17:15:00,0,
2025.05.07 17:49:59,scan_executed_new_execution_bar,USDJPY,2025.05.07 17:30:00,16,
2025.05.07 17:54:59,scan_skipped_same_execution_bar,USDJPY,2025.05.07 17:30:00,0,
2025.05.07 18:04:59,scan_executed_new_execution_bar,USDJPY,2025.05.07 17:45:00,15,
2025.05.07 18:09:59,scan_skipped_same_execution_bar,USDJPY,2025.05.07 17:45:00,0,
2025.05.07 18:20:00,scan_executed_new_execution_bar,USDJPY,2025.05.07 18:00:00,31,
2025.05.07 18:24:59,scan_skipped_same_execution_bar,USDJPY,2025.05.07 18:00:00,0,
2025.05.07 18:34:59,scan_executed_new_execution_bar,USDJPY,2025.05.07 18:15:00,0,
2025.05.07 18:39:59,scan_skipped_same_execution_bar,USDJPY,2025.05.07 18:15:00,0,
2025.05.07 18:49:59,scan_executed_new_execution_bar,USDJPY,2025.05.07 18:30:00,0,
2025.05.07 18:54:59,scan_skipped_same_execution_bar,USDJPY,2025.05.07 18:30:00,0,
2025.05.07 19:04:59,scan_executed_new_execution_bar,USDJPY,2025.05.07 18:45:00,0,
2025.05.07 19:09:59,scan_skipped_same_execution_bar,USDJPY,2025.05.07 18:45:00,0,
2025.05.07 19:19:59,scan_executed_new_execution_bar,USDJPY,2025.05.07 19:00:00,0,
2025.05.07 19:24:59,scan_skipped_same_execution_bar,USDJPY,2025.05.07 19:00:00,0,
2025.05.07 19:34:59,scan_executed_new_execution_bar,USDJPY,2025.05.07 19:15:00,31,
2025.05.07 19:39:59,scan_skipped_same_execution_bar,USDJPY,2025.05.07 19:15:00,0,
2025.05.07 19:49:57,scan_executed_new_execution_bar,USDJPY,2025.05.07 19:30:00,0,
2025.05.07 19:54:59,scan_skipped_same_execution_bar,USDJPY,2025.05.07 19:30:00,0,
2025.05.07 20:04:59,scan_executed_new_execution_bar,USDJPY,2025.05.07 19:45:00,0,
2025.05.07 20:09:59,scan_skipped_same_execution_bar,USDJPY,2025.05.07 19:45:00,0,
2025.05.07 20:19:59,scan_executed_new_execution_bar,USDJPY,2025.05.07 20:00:00,0,
2025.05.07 20:24:59,scan_skipped_same_execution_bar,USDJPY,2025.05.07 20:00:00,0,
2025.05.07 20:34:59,scan_executed_new_execution_bar,USDJPY,2025.05.07 20:15:00,0,
2025.05.07 20:39:59,scan_skipped_same_execution_bar,USDJPY,2025.05.07 20:15:00,0,
2025.05.07 20:49:59,scan_executed_new_execution_bar,USDJPY,2025.05.07 20:30:00,0,
2025.05.07 20:54:59,scan_skipped_same_execution_bar,USDJPY,2025.05.07 20:30:00,0,
2025.05.07 21:04:59,scan_executed_new_execution_bar,USDJPY,2025.05.07 20:45:00,0,
2025.05.07 21:09:59,scan_skipped_same_execution_bar,USDJPY,2025.05.07 20:45:00,0,
2025.05.07 21:19:59,scan_executed_new_execution_bar,USDJPY,2025.05.07 21:00:00,0,
2025.05.07 21:24:59,scan_skipped_same_execution_bar,USDJPY,2025.05.07 21:00:00,0,
2025.05.07 21:34:59,scan_executed_new_execution_bar,USDJPY,2025.05.07 21:15:00,16,
2025.05.07 21:39:59,scan_skipped_same_execution_bar,USDJPY,2025.05.07 21:15:00,0,
2025.05.07 21:49:59,scan_executed_new_execution_bar,USDJPY,2025.05.07 21:30:00,0,
2025.05.07 21:54:59,scan_skipped_same_execution_bar,USDJPY,2025.05.07 21:30:00,0,
2025.05.07 22:04:59,scan_executed_new_execution_bar,USDJPY,2025.05.07 21:45:00,0,
2025.05.07 22:09:59,scan_skipped_same_execution_bar,USDJPY,2025.05.07 21:45:00,0,
2025.05.07 22:19:59,scan_executed_new_execution_bar,USDJPY,2025.05.07 22:00:00,0,
2025.05.07 22:24:59,scan_skipped_same_execution_bar,USDJPY,2025.05.07 22:00:00,0,
2025.05.07 22:34:59,scan_executed_new_execution_bar,USDJPY,2025.05.07 22:15:00,47,
2025.05.07 22:39:59,scan_skipped_same_execution_bar,USDJPY,2025.05.07 22:15:00,0,
2025.05.07 22:49:59,scan_executed_new_execution_bar,USDJPY,2025.05.07 22:30:00,47,
2025.05.07 22:54:59,scan_skipped_same_execution_bar,USDJPY,2025.05.07 22:30:00,0,
2025.05.07 23:04:59,scan_executed_new_execution_bar,USDJPY,2025.05.07 22:45:00,0,
2025.05.07 23:09:59,scan_skipped_same_execution_bar,USDJPY,2025.05.07 22:45:00,0,
2025.05.07 23:19:59,scan_executed_new_execution_bar,USDJPY,2025.05.07 23:00:00,32,
2025.05.07 23:24:59,scan_skipped_same_execution_bar,USDJPY,2025.05.07 23:00:00,0,
2025.05.07 23:34:58,scan_executed_new_execution_bar,USDJPY,2025.05.07 23:15:00,62,
2025.05.07 23:39:58,scan_skipped_same_execution_bar,USDJPY,2025.05.07 23:15:00,0,
2025.05.07 23:49:59,scan_executed_new_execution_bar,USDJPY,2025.05.07 23:30:00,16,
2025.05.07 23:54:59,scan_skipped_same_execution_bar,USDJPY,2025.05.07 23:30:00,0,
2025.05.08 00:04:59,scan_executed_new_execution_bar,USDJPY,2025.05.07 23:45:00,0,
2025.05.08 00:09:56,scan_skipped_same_execution_bar,USDJPY,2025.05.07 23:45:00,0,
2025.05.08 00:19:59,scan_executed_new_execution_bar,USDJPY,2025.05.08 00:00:00,16,
2025.05.08 00:24:58,scan_skipped_same_execution_bar,USDJPY,2025.05.08 00:00:00,0,
2025.05.08 00:34:59,scan_executed_new_execution_bar,USDJPY,2025.05.08 00:15:00,15,
2025.05.08 00:39:58,scan_skipped_same_execution_bar,USDJPY,2025.05.08 00:15:00,0,
2025.05.08 00:50:00,scan_executed_new_execution_bar,USDJPY,2025.05.08 00:30:00,0,
2025.05.08 00:54:56,scan_skipped_same_execution_bar,USDJPY,2025.05.08 00:30:00,0,
2025.05.08 01:04:59,scan_executed_new_execution_bar,USDJPY,2025.05.08 00:45:00,15,
2025.05.08 01:09:59,scan_skipped_same_execution_bar,USDJPY,2025.05.08 00:45:00,0,
2025.05.08 01:19:59,scan_executed_new_execution_bar,USDJPY,2025.05.08 01:00:00,0,
2025.05.08 01:24:59,scan_skipped_same_execution_bar,USDJPY,2025.05.08 01:00:00,0,
2025.05.08 01:34:59,scan_executed_new_execution_bar,USDJPY,2025.05.08 01:15:00,0,
2025.05.08 01:39:56,scan_skipped_same_execution_bar,USDJPY,2025.05.08 01:15:00,0,
2025.05.08 01:49:59,scan_executed_new_execution_bar,USDJPY,2025.05.08 01:30:00,32,
2025.05.08 01:54:58,scan_skipped_same_execution_bar,USDJPY,2025.05.08 01:30:00,0,
2025.05.08 02:04:59,scan_executed_new_execution_bar,USDJPY,2025.05.08 01:45:00,0,
2025.05.08 02:09:59,scan_skipped_same_execution_bar,USDJPY,2025.05.08 01:45:00,0,
2025.05.08 02:19:59,scan_executed_new_execution_bar,USDJPY,2025.05.08 02:00:00,0,
2025.05.08 02:24:59,scan_skipped_same_execution_bar,USDJPY,2025.05.08 02:00:00,0,
2025.05.08 02:34:59,scan_executed_new_execution_bar,USDJPY,2025.05.08 02:15:00,0,
2025.05.08 02:39:58,scan_skipped_same_execution_bar,USDJPY,2025.05.08 02:15:00,0,
2025.05.08 02:49:59,scan_executed_new_execution_bar,USDJPY,2025.05.08 02:30:00,0,
2025.05.08 02:54:59,scan_skipped_same_execution_bar,USDJPY,2025.05.08 02:30:00,0,
2025.05.08 03:04:59,scan_executed_new_execution_bar,USDJPY,2025.05.08 02:45:00,0,
2025.05.08 03:09:59,scan_skipped_same_execution_bar,USDJPY,2025.05.08 02:45:00,0,
2025.05.08 03:19:59,scan_executed_new_execution_bar,USDJPY,2025.05.08 03:00:00,0,
2025.05.08 03:24:59,scan_skipped_same_execution_bar,USDJPY,2025.05.08 03:00:00,0,
2025.05.08 03:34:59,scan_executed_new_execution_bar,USDJPY,2025.05.08 03:15:00,0,
2025.05.08 03:39:59,scan_skipped_same_execution_bar,USDJPY,2025.05.08 03:15:00,0,
2025.05.08 03:49:59,scan_executed_new_execution_bar,USDJPY,2025.05.08 03:30:00,0,
2025.05.08 03:54:59,scan_skipped_same_execution_bar,USDJPY,2025.05.08 03:30:00,0,
2025.05.08 04:04:59,scan_executed_new_execution_bar,USDJPY,2025.05.08 03:45:00,0,
2025.05.08 04:09:59,scan_skipped_same_execution_bar,USDJPY,2025.05.08 03:45:00,0,
2025.05.08 04:20:00,scan_executed_new_execution_bar,USDJPY,2025.05.08 04:00:00,0,
2025.05.08 04:24:59,scan_skipped_same_execution_bar,USDJPY,2025.05.08 04:00:00,0,
2025.05.08 04:34:59,scan_executed_new_execution_bar,USDJPY,2025.05.08 04:15:00,0,
2025.05.08 04:39:59,scan_skipped_same_execution_bar,USDJPY,2025.05.08 04:15:00,0,
2025.05.08 04:49:59,scan_executed_new_execution_bar,USDJPY,2025.05.08 04:30:00,0,
2025.05.08 04:54:59,scan_skipped_same_execution_bar,USDJPY,2025.05.08 04:30:00,0,
2025.05.08 05:04:59,scan_executed_new_execution_bar,USDJPY,2025.05.08 04:45:00,0,
2025.05.08 05:09:59,scan_skipped_same_execution_bar,USDJPY,2025.05.08 04:45:00,0,
2025.05.08 05:19:59,scan_executed_new_execution_bar,USDJPY,2025.05.08 05:00:00,16,
2025.05.08 05:24:59,scan_skipped_same_execution_bar,USDJPY,2025.05.08 05:00:00,0,
2025.05.08 05:34:59,scan_executed_new_execution_bar,USDJPY,2025.05.08 05:15:00,0,
2025.05.08 05:39:59,scan_skipped_same_execution_bar,USDJPY,2025.05.08 05:15:00,0,
2025.05.08 05:49:59,scan_executed_new_execution_bar,USDJPY,2025.05.08 05:30:00,0,
2025.05.08 05:54:59,scan_skipped_same_execution_bar,USDJPY,2025.05.08 05:30:00,0,
2025.05.08 06:04:59,scan_executed_new_execution_bar,USDJPY,2025.05.08 05:45:00,0,
2025.05.08 06:09:59,scan_skipped_same_execution_bar,USDJPY,2025.05.08 05:45:00,0,
2025.05.08 06:19:59,scan_executed_new_execution_bar,USDJPY,2025.05.08 06:00:00,0,
2025.05.08 06:24:59,scan_skipped_same_execution_bar,USDJPY,2025.05.08 06:00:00,0,
2025.05.08 06:34:59,scan_executed_new_execution_bar,USDJPY,2025.05.08 06:15:00,16,
2025.05.08 06:39:59,scan_skipped_same_execution_bar,USDJPY,2025.05.08 06:15:00,0,
2025.05.08 06:49:59,scan_executed_new_execution_bar,USDJPY,2025.05.08 06:30:00,0,
2025.05.08 06:54:59,scan_skipped_same_execution_bar,USDJPY,2025.05.08 06:30:00,0,
2025.05.08 07:04:59,scan_executed_new_execution_bar,USDJPY,2025.05.08 06:45:00,46,
2025.05.08 07:09:59,scan_skipped_same_execution_bar,USDJPY,2025.05.08 06:45:00,0,
2025.05.08 07:19:59,scan_executed_new_execution_bar,USDJPY,2025.05.08 07:00:00,0,
2025.05.08 07:25:00,scan_skipped_same_execution_bar,USDJPY,2025.05.08 07:00:00,0,
2025.05.08 07:34:59,scan_executed_new_execution_bar,USDJPY,2025.05.08 07:15:00,16,
2025.05.08 07:39:59,scan_skipped_same_execution_bar,USDJPY,2025.05.08 07:15:00,0,
2025.05.08 07:49:59,scan_executed_new_execution_bar,USDJPY,2025.05.08 07:30:00,15,
2025.05.08 07:54:59,scan_skipped_same_execution_bar,USDJPY,2025.05.08 07:30:00,0,
2025.05.08 08:04:59,scan_executed_new_execution_bar,USDJPY,2025.05.08 07:45:00,0,
2025.05.08 08:10:00,scan_skipped_same_execution_bar,USDJPY,2025.05.08 07:45:00,0,
2025.05.08 08:19:59,scan_executed_new_execution_bar,USDJPY,2025.05.08 08:00:00,0,
2025.05.08 08:24:59,scan_skipped_same_execution_bar,USDJPY,2025.05.08 08:00:00,0,
2025.05.08 08:34:59,scan_executed_new_execution_bar,USDJPY,2025.05.08 08:15:00,16,
2025.05.08 08:39:59,scan_skipped_same_execution_bar,USDJPY,2025.05.08 08:15:00,0,
2025.05.08 08:49:59,scan_executed_new_execution_bar,USDJPY,2025.05.08 08:30:00,15,
2025.05.08 08:54:59,scan_skipped_same_execution_bar,USDJPY,2025.05.08 08:30:00,0,
2025.05.08 09:04:59,scan_executed_new_execution_bar,USDJPY,2025.05.08 08:45:00,16,
2025.05.08 09:09:59,scan_skipped_same_execution_bar,USDJPY,2025.05.08 08:45:00,0,
2025.05.08 09:19:59,scan_executed_new_execution_bar,USDJPY,2025.05.08 09:00:00,16,
2025.05.08 09:24:59,scan_skipped_same_execution_bar,USDJPY,2025.05.08 09:00:00,0,
2025.05.08 09:34:59,scan_executed_new_execution_bar,USDJPY,2025.05.08 09:15:00,0,
2025.05.08 09:39:59,scan_skipped_same_execution_bar,USDJPY,2025.05.08 09:15:00,0,
2025.05.08 09:49:59,scan_executed_new_execution_bar,USDJPY,2025.05.08 09:30:00,0,
2025.05.08 09:54:59,scan_skipped_same_execution_bar,USDJPY,2025.05.08 09:30:00,0,
2025.05.08 10:04:59,scan_executed_new_execution_bar,USDJPY,2025.05.08 09:45:00,0,
2025.05.08 10:09:59,scan_skipped_same_execution_bar,USDJPY,2025.05.08 09:45:00,0,
2025.05.08 10:19:59,scan_executed_new_execution_bar,USDJPY,2025.05.08 10:00:00,15,
2025.05.08 10:24:59,scan_skipped_same_execution_bar,USDJPY,2025.05.08 10:00:00,0,
2025.05.08 10:34:57,scan_executed_new_execution_bar,USDJPY,2025.05.08 10:15:00,16,
2025.05.08 10:39:59,scan_skipped_same_execution_bar,USDJPY,2025.05.08 10:15:00,0,
2025.05.08 10:49:59,scan_executed_new_execution_bar,USDJPY,2025.05.08 10:30:00,0,
2025.05.08 10:54:59,scan_skipped_same_execution_bar,USDJPY,2025.05.08 10:30:00,0,
2025.05.08 11:04:59,scan_executed_new_execution_bar,USDJPY,2025.05.08 10:45:00,47,
2025.05.08 11:09:59,scan_skipped_same_execution_bar,USDJPY,2025.05.08 10:45:00,0,
2025.05.08 11:19:59,scan_executed_new_execution_bar,USDJPY,2025.05.08 11:00:00,0,
2025.05.08 11:24:59,scan_skipped_same_execution_bar,USDJPY,2025.05.08 11:00:00,0,
2025.05.08 11:34:59,scan_executed_new_execution_bar,USDJPY,2025.05.08 11:15:00,0,
2025.05.08 11:39:59,scan_skipped_same_execution_bar,USDJPY,2025.05.08 11:15:00,0,
2025.05.08 11:49:59,scan_executed_new_execution_bar,USDJPY,2025.05.08 11:30:00,0,
2025.05.08 11:54:59,scan_skipped_same_execution_bar,USDJPY,2025.05.08 11:30:00,0,
2025.05.08 12:04:59,scan_executed_new_execution_bar,USDJPY,2025.05.08 11:45:00,0,
2025.05.08 12:09:59,scan_skipped_same_execution_bar,USDJPY,2025.05.08 11:45:00,0,
2025.05.08 12:19:59,scan_executed_new_execution_bar,USDJPY,2025.05.08 12:00:00,0,
2025.05.08 12:24:57,scan_skipped_same_execution_bar,USDJPY,2025.05.08 12:00:00,0,
2025.05.08 12:34:59,scan_executed_new_execution_bar,USDJPY,2025.05.08 12:15:00,0,
2025.05.08 12:39:59,scan_skipped_same_execution_bar,USDJPY,2025.05.08 12:15:00,0,
2025.05.08 12:49:59,scan_executed_new_execution_bar,USDJPY,2025.05.08 12:30:00,0,
2025.05.08 12:54:59,scan_skipped_same_execution_bar,USDJPY,2025.05.08 12:30:00,0,
2025.05.08 13:04:59,scan_executed_new_execution_bar,USDJPY,2025.05.08 12:45:00,31,
2025.05.08 13:09:59,scan_skipped_same_execution_bar,USDJPY,2025.05.08 12:45:00,0,
2025.05.08 13:19:59,scan_executed_new_execution_bar,USDJPY,2025.05.08 13:00:00,0,
2025.05.08 13:24:59,scan_skipped_same_execution_bar,USDJPY,2025.05.08 13:00:00,0,
2025.05.08 13:34:59,scan_executed_new_execution_bar,USDJPY,2025.05.08 13:15:00,31,
2025.05.08 13:39:59,scan_skipped_same_execution_bar,USDJPY,2025.05.08 13:15:00,0,
2025.05.08 13:49:59,scan_executed_new_execution_bar,USDJPY,2025.05.08 13:30:00,31,
2025.05.08 13:54:59,scan_skipped_same_execution_bar,USDJPY,2025.05.08 13:30:00,0,
2025.05.08 14:04:59,scan_executed_new_execution_bar,USDJPY,2025.05.08 13:45:00,16,
2025.05.08 14:09:59,scan_skipped_same_execution_bar,USDJPY,2025.05.08 13:45:00,0,
2025.05.08 14:19:59,scan_executed_new_execution_bar,USDJPY,2025.05.08 14:00:00,0,
2025.05.08 14:24:59,scan_skipped_same_execution_bar,USDJPY,2025.05.08 14:00:00,0,
2025.05.08 14:34:59,scan_executed_new_execution_bar,USDJPY,2025.05.08 14:15:00,16,
2025.05.08 14:39:59,scan_skipped_same_execution_bar,USDJPY,2025.05.08 14:15:00,0,
2025.05.08 14:49:59,scan_executed_new_execution_bar,USDJPY,2025.05.08 14:30:00,15,
2025.05.08 14:54:59,scan_skipped_same_execution_bar,USDJPY,2025.05.08 14:30:00,0,
2025.05.08 15:04:59,scan_executed_new_execution_bar,USDJPY,2025.05.08 14:45:00,0,
2025.05.08 15:09:59,scan_skipped_same_execution_bar,USDJPY,2025.05.08 14:45:00,0,
2025.05.08 15:19:59,scan_executed_new_execution_bar,USDJPY,2025.05.08 15:00:00,15,
2025.05.08 15:24:59,scan_skipped_same_execution_bar,USDJPY,2025.05.08 15:00:00,0,
2025.05.08 15:34:59,scan_executed_new_execution_bar,USDJPY,2025.05.08 15:15:00,0,
2025.05.08 15:39:59,scan_skipped_same_execution_bar,USDJPY,2025.05.08 15:15:00,0,
2025.05.08 15:49:59,scan_executed_new_execution_bar,USDJPY,2025.05.08 15:30:00,15,
2025.05.08 15:54:59,scan_skipped_same_execution_bar,USDJPY,2025.05.08 15:30:00,0,
2025.05.08 16:04:59,scan_executed_new_execution_bar,USDJPY,2025.05.08 15:45:00,31,
2025.05.08 16:09:59,scan_skipped_same_execution_bar,USDJPY,2025.05.08 15:45:00,0,
2025.05.08 16:19:59,scan_executed_new_execution_bar,USDJPY,2025.05.08 16:00:00,0,
2025.05.08 16:24:59,scan_skipped_same_execution_bar,USDJPY,2025.05.08 16:00:00,0,
2025.05.08 16:34:59,scan_executed_new_execution_bar,USDJPY,2025.05.08 16:15:00,15,
2025.05.08 16:39:59,scan_skipped_same_execution_bar,USDJPY,2025.05.08 16:15:00,0,
2025.05.08 16:49:59,scan_executed_new_execution_bar,USDJPY,2025.05.08 16:30:00,0,
2025.05.08 16:54:59,scan_skipped_same_execution_bar,USDJPY,2025.05.08 16:30:00,0,
2025.05.08 17:04:59,scan_executed_new_execution_bar,USDJPY,2025.05.08 16:45:00,0,
2025.05.08 17:09:59,scan_skipped_same_execution_bar,USDJPY,2025.05.08 16:45:00,0,
2025.05.08 17:19:59,scan_executed_new_execution_bar,USDJPY,2025.05.08 17:00:00,0,
2025.05.08 17:24:59,scan_skipped_same_execution_bar,USDJPY,2025.05.08 17:00:00,0,
2025.05.08 17:34:59,scan_executed_new_execution_bar,USDJPY,2025.05.08 17:15:00,16,
2025.05.08 17:39:59,scan_skipped_same_execution_bar,USDJPY,2025.05.08 17:15:00,0,
2025.05.08 17:49:59,scan_executed_new_execution_bar,USDJPY,2025.05.08 17:30:00,31,
2025.05.08 17:54:59,scan_skipped_same_execution_bar,USDJPY,2025.05.08 17:30:00,0,
2025.05.08 18:04:59,scan_executed_new_execution_bar,USDJPY,2025.05.08 17:45:00,0,
2025.05.08 18:09:59,scan_skipped_same_execution_bar,USDJPY,2025.05.08 17:45:00,0,
2025.05.08 18:19:59,scan_executed_new_execution_bar,USDJPY,2025.05.08 18:00:00,0,
2025.05.08 18:24:59,scan_skipped_same_execution_bar,USDJPY,2025.05.08 18:00:00,0,
2025.05.08 18:34:59,scan_executed_new_execution_bar,USDJPY,2025.05.08 18:15:00,0,
2025.05.08 18:39:59,scan_skipped_same_execution_bar,USDJPY,2025.05.08 18:15:00,0,
2025.05.08 18:49:59,scan_executed_new_execution_bar,USDJPY,2025.05.08 18:30:00,0,
2025.05.08 18:54:59,scan_skipped_same_execution_bar,USDJPY,2025.05.08 18:30:00,0,
2025.05.08 19:05:00,scan_executed_new_execution_bar,USDJPY,2025.05.08 18:45:00,0,
2025.05.08 19:09:59,scan_skipped_same_execution_bar,USDJPY,2025.05.08 18:45:00,0,
2025.05.08 19:19:59,scan_executed_new_execution_bar,USDJPY,2025.05.08 19:00:00,0,
2025.05.08 19:24:59,scan_skipped_same_execution_bar,USDJPY,2025.05.08 19:00:00,0,
2025.05.08 19:34:59,scan_executed_new_execution_bar,USDJPY,2025.05.08 19:15:00,0,
2025.05.08 19:39:59,scan_skipped_same_execution_bar,USDJPY,2025.05.08 19:15:00,0,
2025.05.08 19:49:59,scan_executed_new_execution_bar,USDJPY,2025.05.08 19:30:00,0,
2025.05.08 19:54:59,scan_skipped_same_execution_bar,USDJPY,2025.05.08 19:30:00,0,
2025.05.08 20:04:59,scan_executed_new_execution_bar,USDJPY,2025.05.08 19:45:00,0,
2025.05.08 20:09:59,scan_skipped_same_execution_bar,USDJPY,2025.05.08 19:45:00,0,
2025.05.08 20:19:58,scan_executed_new_execution_bar,USDJPY,2025.05.08 20:00:00,0,
2025.05.08 20:24:59,scan_skipped_same_execution_bar,USDJPY,2025.05.08 20:00:00,0,
2025.05.08 20:34:59,scan_executed_new_execution_bar,USDJPY,2025.05.08 20:15:00,0,
2025.05.08 20:39:58,scan_skipped_same_execution_bar,USDJPY,2025.05.08 20:15:00,0,
2025.05.08 20:49:59,scan_executed_new_execution_bar,USDJPY,2025.05.08 20:30:00,0,
2025.05.08 20:54:59,scan_skipped_same_execution_bar,USDJPY,2025.05.08 20:30:00,0,
2025.05.08 21:04:59,scan_executed_new_execution_bar,USDJPY,2025.05.08 20:45:00,63,
2025.05.08 21:09:56,scan_skipped_same_execution_bar,USDJPY,2025.05.08 20:45:00,0,
2025.05.08 21:19:59,scan_executed_new_execution_bar,USDJPY,2025.05.08 21:00:00,16,
2025.05.08 21:24:59,scan_skipped_same_execution_bar,USDJPY,2025.05.08 21:00:00,0,
2025.05.08 21:34:59,scan_executed_new_execution_bar,USDJPY,2025.05.08 21:15:00,0,
2025.05.08 21:39:59,scan_skipped_same_execution_bar,USDJPY,2025.05.08 21:15:00,0,
2025.05.08 21:49:59,scan_executed_new_execution_bar,USDJPY,2025.05.08 21:30:00,0,
2025.05.08 21:54:59,scan_skipped_same_execution_bar,USDJPY,2025.05.08 21:30:00,0,
2025.05.08 22:04:59,scan_executed_new_execution_bar,USDJPY,2025.05.08 21:45:00,15,
2025.05.08 22:09:59,scan_skipped_same_execution_bar,USDJPY,2025.05.08 21:45:00,0,
2025.05.08 22:19:59,scan_executed_new_execution_bar,USDJPY,2025.05.08 22:00:00,0,
2025.05.08 22:24:59,scan_skipped_same_execution_bar,USDJPY,2025.05.08 22:00:00,0,
2025.05.08 22:34:59,scan_executed_new_execution_bar,USDJPY,2025.05.08 22:15:00,0,
2025.05.08 22:39:59,scan_skipped_same_execution_bar,USDJPY,2025.05.08 22:15:00,0,
2025.05.08 22:49:59,scan_executed_new_execution_bar,USDJPY,2025.05.08 22:30:00,47,
2025.05.08 22:54:59,scan_skipped_same_execution_bar,USDJPY,2025.05.08 22:30:00,0,
2025.05.08 23:04:57,scan_executed_new_execution_bar,USDJPY,2025.05.08 22:45:00,15,
2025.05.08 23:09:59,scan_skipped_same_execution_bar,USDJPY,2025.05.08 22:45:00,0,
2025.05.08 23:19:58,scan_executed_new_execution_bar,USDJPY,2025.05.08 23:00:00,16,
2025.05.08 23:24:58,scan_skipped_same_execution_bar,USDJPY,2025.05.08 23:00:00,0,
2025.05.08 23:34:58,scan_executed_new_execution_bar,USDJPY,2025.05.08 23:15:00,31,
2025.05.08 23:39:58,scan_skipped_same_execution_bar,USDJPY,2025.05.08 23:15:00,0,
2025.05.08 23:49:59,scan_executed_new_execution_bar,USDJPY,2025.05.08 23:30:00,0,
2025.05.08 23:54:59,scan_skipped_same_execution_bar,USDJPY,2025.05.08 23:30:00,0,
2025.05.09 00:04:52,scan_executed_new_execution_bar,USDJPY,2025.05.08 23:45:00,0,
2025.05.09 00:09:56,scan_skipped_same_execution_bar,USDJPY,2025.05.08 23:45:00,0,
2025.05.09 00:19:59,scan_executed_new_execution_bar,USDJPY,2025.05.09 00:00:00,0,
2025.05.09 00:24:59,scan_skipped_same_execution_bar,USDJPY,2025.05.09 00:00:00,0,
2025.05.09 00:34:59,scan_executed_new_execution_bar,USDJPY,2025.05.09 00:15:00,0,
2025.05.09 00:39:58,scan_skipped_same_execution_bar,USDJPY,2025.05.09 00:15:00,0,
2025.05.09 00:49:59,scan_executed_new_execution_bar,USDJPY,2025.05.09 00:30:00,0,
2025.05.09 00:54:59,scan_skipped_same_execution_bar,USDJPY,2025.05.09 00:30:00,0,
2025.05.09 01:04:59,scan_executed_new_execution_bar,USDJPY,2025.05.09 00:45:00,0,
2025.05.09 01:09:58,scan_skipped_same_execution_bar,USDJPY,2025.05.09 00:45:00,0,
2025.05.09 01:19:59,scan_executed_new_execution_bar,USDJPY,2025.05.09 01:00:00,0,
2025.05.09 01:24:59,scan_skipped_same_execution_bar,USDJPY,2025.05.09 01:00:00,0,
2025.05.09 01:34:59,scan_executed_new_execution_bar,USDJPY,2025.05.09 01:15:00,0,
2025.05.09 01:39:59,scan_skipped_same_execution_bar,USDJPY,2025.05.09 01:15:00,0,
2025.05.09 01:49:59,scan_executed_new_execution_bar,USDJPY,2025.05.09 01:30:00,0,
2025.05.09 01:54:59,scan_skipped_same_execution_bar,USDJPY,2025.05.09 01:30:00,0,
2025.05.09 02:04:59,scan_executed_new_execution_bar,USDJPY,2025.05.09 01:45:00,0,
2025.05.09 02:09:58,scan_skipped_same_execution_bar,USDJPY,2025.05.09 01:45:00,0,
2025.05.09 02:19:59,scan_executed_new_execution_bar,USDJPY,2025.05.09 02:00:00,0,
2025.05.09 02:24:59,scan_skipped_same_execution_bar,USDJPY,2025.05.09 02:00:00,0,
2025.05.09 02:34:59,scan_executed_new_execution_bar,USDJPY,2025.05.09 02:15:00,0,
2025.05.09 02:39:59,scan_skipped_same_execution_bar,USDJPY,2025.05.09 02:15:00,0,
2025.05.09 02:49:59,scan_executed_new_execution_bar,USDJPY,2025.05.09 02:30:00,0,
2025.05.09 02:54:59,scan_skipped_same_execution_bar,USDJPY,2025.05.09 02:30:00,0,
2025.05.09 03:05:00,scan_executed_new_execution_bar,USDJPY,2025.05.09 02:45:00,0,
2025.05.09 03:09:59,scan_skipped_same_execution_bar,USDJPY,2025.05.09 02:45:00,0,
2025.05.09 03:19:59,scan_executed_new_execution_bar,USDJPY,2025.05.09 03:00:00,0,
2025.05.09 03:24:59,scan_skipped_same_execution_bar,USDJPY,2025.05.09 03:00:00,0,
2025.05.09 03:34:59,scan_executed_new_execution_bar,USDJPY,2025.05.09 03:15:00,0,
2025.05.09 03:39:59,scan_skipped_same_execution_bar,USDJPY,2025.05.09 03:15:00,0,
2025.05.09 03:49:59,scan_executed_new_execution_bar,USDJPY,2025.05.09 03:30:00,0,
2025.05.09 03:54:59,scan_skipped_same_execution_bar,USDJPY,2025.05.09 03:30:00,0,
2025.05.09 04:04:59,scan_executed_new_execution_bar,USDJPY,2025.05.09 03:45:00,0,
2025.05.09 04:09:59,scan_skipped_same_execution_bar,USDJPY,2025.05.09 03:45:00,0,
2025.05.09 04:19:59,scan_executed_new_execution_bar,USDJPY,2025.05.09 04:00:00,0,
2025.05.09 04:24:59,scan_skipped_same_execution_bar,USDJPY,2025.05.09 04:00:00,0,
2025.05.09 04:34:59,scan_executed_new_execution_bar,USDJPY,2025.05.09 04:15:00,0,
2025.05.09 04:39:59,scan_skipped_same_execution_bar,USDJPY,2025.05.09 04:15:00,0,
2025.05.09 04:49:59,scan_executed_new_execution_bar,USDJPY,2025.05.09 04:30:00,0,
2025.05.09 04:54:59,scan_skipped_same_execution_bar,USDJPY,2025.05.09 04:30:00,0,
2025.05.09 05:05:00,scan_executed_new_execution_bar,USDJPY,2025.05.09 04:45:00,0,
2025.05.09 05:09:59,scan_skipped_same_execution_bar,USDJPY,2025.05.09 04:45:00,0,
2025.05.09 05:19:59,scan_executed_new_execution_bar,USDJPY,2025.05.09 05:00:00,15,
2025.05.09 05:24:59,scan_skipped_same_execution_bar,USDJPY,2025.05.09 05:00:00,0,
2025.05.09 05:34:59,scan_executed_new_execution_bar,USDJPY,2025.05.09 05:15:00,31,
2025.05.09 05:39:59,scan_skipped_same_execution_bar,USDJPY,2025.05.09 05:15:00,0,
2025.05.09 05:49:59,scan_executed_new_execution_bar,USDJPY,2025.05.09 05:30:00,0,
2025.05.09 05:54:59,scan_skipped_same_execution_bar,USDJPY,2025.05.09 05:30:00,0,
2025.05.09 06:04:59,scan_executed_new_execution_bar,USDJPY,2025.05.09 05:45:00,16,
2025.05.09 06:09:59,scan_skipped_same_execution_bar,USDJPY,2025.05.09 05:45:00,0,
2025.05.09 06:19:59,scan_executed_new_execution_bar,USDJPY,2025.05.09 06:00:00,0,
2025.05.09 06:24:59,scan_skipped_same_execution_bar,USDJPY,2025.05.09 06:00:00,0,
2025.05.09 06:34:59,scan_executed_new_execution_bar,USDJPY,2025.05.09 06:15:00,31,
2025.05.09 06:39:59,scan_skipped_same_execution_bar,USDJPY,2025.05.09 06:15:00,0,
2025.05.09 06:49:59,scan_executed_new_execution_bar,USDJPY,2025.05.09 06:30:00,0,
2025.05.09 06:54:59,scan_skipped_same_execution_bar,USDJPY,2025.05.09 06:30:00,0,
2025.05.09 07:04:59,scan_executed_new_execution_bar,USDJPY,2025.05.09 06:45:00,0,
2025.05.09 07:09:59,scan_skipped_same_execution_bar,USDJPY,2025.05.09 06:45:00,0,
2025.05.09 07:19:59,scan_executed_new_execution_bar,USDJPY,2025.05.09 07:00:00,0,
2025.05.09 07:24:59,scan_skipped_same_execution_bar,USDJPY,2025.05.09 07:00:00,0,
2025.05.09 07:34:59,scan_executed_new_execution_bar,USDJPY,2025.05.09 07:15:00,0,
2025.05.09 07:39:59,scan_skipped_same_execution_bar,USDJPY,2025.05.09 07:15:00,0,
2025.05.09 07:49:59,scan_executed_new_execution_bar,USDJPY,2025.05.09 07:30:00,0,
2025.05.09 07:54:59,scan_skipped_same_execution_bar,USDJPY,2025.05.09 07:30:00,0,
2025.05.09 08:04:59,scan_executed_new_execution_bar,USDJPY,2025.05.09 07:45:00,0,
2025.05.09 08:09:59,scan_skipped_same_execution_bar,USDJPY,2025.05.09 07:45:00,0,
2025.05.09 08:19:59,scan_executed_new_execution_bar,USDJPY,2025.05.09 08:00:00,0,
2025.05.09 08:24:59,scan_skipped_same_execution_bar,USDJPY,2025.05.09 08:00:00,0,
2025.05.09 08:34:58,scan_executed_new_execution_bar,USDJPY,2025.05.09 08:15:00,16,
2025.05.09 08:39:59,scan_skipped_same_execution_bar,USDJPY,2025.05.09 08:15:00,0,
2025.05.09 08:49:59,scan_executed_new_execution_bar,USDJPY,2025.05.09 08:30:00,0,
2025.05.09 08:54:59,scan_skipped_same_execution_bar,USDJPY,2025.05.09 08:30:00,0,
2025.05.09 09:05:00,scan_executed_new_execution_bar,USDJPY,2025.05.09 08:45:00,0,
2025.05.09 09:09:59,scan_skipped_same_execution_bar,USDJPY,2025.05.09 08:45:00,0,
2025.05.09 09:19:59,scan_executed_new_execution_bar,USDJPY,2025.05.09 09:00:00,0,
2025.05.09 09:24:59,scan_skipped_same_execution_bar,USDJPY,2025.05.09 09:00:00,0,
2025.05.09 09:34:59,scan_executed_new_execution_bar,USDJPY,2025.05.09 09:15:00,31,
2025.05.09 09:39:59,scan_skipped_same_execution_bar,USDJPY,2025.05.09 09:15:00,0,
2025.05.09 09:49:59,scan_executed_new_execution_bar,USDJPY,2025.05.09 09:30:00,0,
2025.05.09 09:54:59,scan_skipped_same_execution_bar,USDJPY,2025.05.09 09:30:00,0,
2025.05.09 10:04:59,scan_executed_new_execution_bar,USDJPY,2025.05.09 09:45:00,0,
2025.05.09 10:09:59,scan_skipped_same_execution_bar,USDJPY,2025.05.09 09:45:00,0,
2025.05.09 10:19:59,scan_executed_new_execution_bar,USDJPY,2025.05.09 10:00:00,0,
2025.05.09 10:24:59,scan_skipped_same_execution_bar,USDJPY,2025.05.09 10:00:00,0,
2025.05.09 10:34:59,scan_executed_new_execution_bar,USDJPY,2025.05.09 10:15:00,16,
2025.05.09 10:39:59,scan_skipped_same_execution_bar,USDJPY,2025.05.09 10:15:00,0,
2025.05.09 10:49:59,scan_executed_new_execution_bar,USDJPY,2025.05.09 10:30:00,0,
2025.05.09 10:54:59,scan_skipped_same_execution_bar,USDJPY,2025.05.09 10:30:00,0,
2025.05.09 11:04:59,scan_executed_new_execution_bar,USDJPY,2025.05.09 10:45:00,0,
2025.05.09 11:09:59,scan_skipped_same_execution_bar,USDJPY,2025.05.09 10:45:00,0,
2025.05.09 11:19:59,scan_executed_new_execution_bar,USDJPY,2025.05.09 11:00:00,0,
2025.05.09 11:24:59,scan_skipped_same_execution_bar,USDJPY,2025.05.09 11:00:00,0,
2025.05.09 11:34:58,scan_executed_new_execution_bar,USDJPY,2025.05.09 11:15:00,31,
2025.05.09 11:39:59,scan_skipped_same_execution_bar,USDJPY,2025.05.09 11:15:00,0,
2025.05.09 11:49:58,scan_executed_new_execution_bar,USDJPY,2025.05.09 11:30:00,0,
2025.05.09 11:54:59,scan_skipped_same_execution_bar,USDJPY,2025.05.09 11:30:00,0,
2025.05.09 12:04:59,scan_executed_new_execution_bar,USDJPY,2025.05.09 11:45:00,0,
2025.05.09 12:09:59,scan_skipped_same_execution_bar,USDJPY,2025.05.09 11:45:00,0,
2025.05.09 12:19:59,scan_executed_new_execution_bar,USDJPY,2025.05.09 12:00:00,15,
2025.05.09 12:24:59,scan_skipped_same_execution_bar,USDJPY,2025.05.09 12:00:00,0,
2025.05.09 12:34:59,scan_executed_new_execution_bar,USDJPY,2025.05.09 12:15:00,0,
2025.05.09 12:39:59,scan_skipped_same_execution_bar,USDJPY,2025.05.09 12:15:00,0,
2025.05.09 12:49:59,scan_executed_new_execution_bar,USDJPY,2025.05.09 12:30:00,0,
2025.05.09 12:54:59,scan_skipped_same_execution_bar,USDJPY,2025.05.09 12:30:00,0,
2025.05.09 13:04:59,scan_executed_new_execution_bar,USDJPY,2025.05.09 12:45:00,0,
2025.05.09 13:09:59,scan_skipped_same_execution_bar,USDJPY,2025.05.09 12:45:00,0,
2025.05.09 13:19:59,scan_executed_new_execution_bar,USDJPY,2025.05.09 13:00:00,0,
2025.05.09 13:24:59,scan_skipped_same_execution_bar,USDJPY,2025.05.09 13:00:00,0,
2025.05.09 13:34:59,scan_executed_new_execution_bar,USDJPY,2025.05.09 13:15:00,16,
2025.05.09 13:39:59,scan_skipped_same_execution_bar,USDJPY,2025.05.09 13:15:00,0,
2025.05.09 13:49:59,scan_executed_new_execution_bar,USDJPY,2025.05.09 13:30:00,0,
2025.05.09 13:54:59,scan_skipped_same_execution_bar,USDJPY,2025.05.09 13:30:00,0,
2025.05.09 14:04:59,scan_executed_new_execution_bar,USDJPY,2025.05.09 13:45:00,32,
2025.05.09 14:09:59,scan_skipped_same_execution_bar,USDJPY,2025.05.09 13:45:00,0,
2025.05.09 14:19:59,scan_executed_new_execution_bar,USDJPY,2025.05.09 14:00:00,0,
2025.05.09 14:24:59,scan_skipped_same_execution_bar,USDJPY,2025.05.09 14:00:00,0,
2025.05.09 14:34:59,scan_executed_new_execution_bar,USDJPY,2025.05.09 14:15:00,16,
2025.05.09 14:39:59,scan_skipped_same_execution_bar,USDJPY,2025.05.09 14:15:00,0,
2025.05.09 14:49:59,scan_executed_new_execution_bar,USDJPY,2025.05.09 14:30:00,0,
2025.05.09 14:54:59,scan_skipped_same_execution_bar,USDJPY,2025.05.09 14:30:00,0,
2025.05.09 15:04:59,scan_executed_new_execution_bar,USDJPY,2025.05.09 14:45:00,0,
2025.05.09 15:09:58,scan_skipped_same_execution_bar,USDJPY,2025.05.09 14:45:00,0,
2025.05.09 15:19:59,scan_executed_new_execution_bar,USDJPY,2025.05.09 15:00:00,0,
2025.05.09 15:24:59,scan_skipped_same_execution_bar,USDJPY,2025.05.09 15:00:00,0,
2025.05.09 15:34:59,scan_executed_new_execution_bar,USDJPY,2025.05.09 15:15:00,15,
2025.05.09 15:39:59,scan_skipped_same_execution_bar,USDJPY,2025.05.09 15:15:00,0,
2025.05.09 15:49:58,scan_executed_new_execution_bar,USDJPY,2025.05.09 15:30:00,31,
2025.05.09 15:54:58,scan_skipped_same_execution_bar,USDJPY,2025.05.09 15:30:00,0,
2025.05.09 16:05:00,scan_executed_new_execution_bar,USDJPY,2025.05.09 15:45:00,16,
2025.05.09 16:10:00,scan_skipped_same_execution_bar,USDJPY,2025.05.09 15:45:00,0,
2025.05.09 16:19:59,scan_executed_new_execution_bar,USDJPY,2025.05.09 16:00:00,15,
2025.05.09 16:24:59,scan_skipped_same_execution_bar,USDJPY,2025.05.09 16:00:00,0,
2025.05.09 16:35:00,scan_executed_new_execution_bar,USDJPY,2025.05.09 16:15:00,0,
2025.05.09 16:39:59,scan_skipped_same_execution_bar,USDJPY,2025.05.09 16:15:00,0,
2025.05.09 16:49:59,scan_executed_new_execution_bar,USDJPY,2025.05.09 16:30:00,16,
2025.05.09 16:54:58,scan_skipped_same_execution_bar,USDJPY,2025.05.09 16:30:00,0,
2025.05.09 17:04:59,scan_executed_new_execution_bar,USDJPY,2025.05.09 16:45:00,0,
2025.05.09 17:09:59,scan_skipped_same_execution_bar,USDJPY,2025.05.09 16:45:00,0,
2025.05.09 17:19:59,scan_executed_new_execution_bar,USDJPY,2025.05.09 17:00:00,0,
2025.05.09 17:24:59,scan_skipped_same_execution_bar,USDJPY,2025.05.09 17:00:00,0,
2025.05.09 17:34:59,scan_executed_new_execution_bar,USDJPY,2025.05.09 17:15:00,0,
2025.05.09 17:39:59,scan_skipped_same_execution_bar,USDJPY,2025.05.09 17:15:00,0,
2025.05.09 17:50:00,scan_executed_new_execution_bar,USDJPY,2025.05.09 17:30:00,31,
2025.05.09 17:54:59,scan_skipped_same_execution_bar,USDJPY,2025.05.09 17:30:00,0,
2025.05.09 18:04:59,scan_executed_new_execution_bar,USDJPY,2025.05.09 17:45:00,16,
2025.05.09 18:09:59,scan_skipped_same_execution_bar,USDJPY,2025.05.09 17:45:00,0,
2025.05.09 18:19:59,scan_executed_new_execution_bar,USDJPY,2025.05.09 18:00:00,16,
2025.05.09 18:24:59,scan_skipped_same_execution_bar,USDJPY,2025.05.09 18:00:00,0,
2025.05.09 18:34:59,scan_executed_new_execution_bar,USDJPY,2025.05.09 18:15:00,15,
2025.05.09 18:39:59,scan_skipped_same_execution_bar,USDJPY,2025.05.09 18:15:00,0,
2025.05.09 18:50:00,scan_executed_new_execution_bar,USDJPY,2025.05.09 18:30:00,0,
2025.05.09 18:54:59,scan_skipped_same_execution_bar,USDJPY,2025.05.09 18:30:00,0,
2025.05.09 19:04:59,scan_executed_new_execution_bar,USDJPY,2025.05.09 18:45:00,16,
2025.05.09 19:09:59,scan_skipped_same_execution_bar,USDJPY,2025.05.09 18:45:00,0,
2025.05.09 19:19:59,scan_executed_new_execution_bar,USDJPY,2025.05.09 19:00:00,0,
2025.05.09 19:24:59,scan_skipped_same_execution_bar,USDJPY,2025.05.09 19:00:00,0,
2025.05.09 19:34:59,scan_executed_new_execution_bar,USDJPY,2025.05.09 19:15:00,47,
2025.05.09 19:39:59,scan_skipped_same_execution_bar,USDJPY,2025.05.09 19:15:00,0,
2025.05.09 19:49:59,scan_executed_new_execution_bar,USDJPY,2025.05.09 19:30:00,0,
2025.05.09 19:54:59,scan_skipped_same_execution_bar,USDJPY,2025.05.09 19:30:00,0,
2025.05.09 20:04:59,scan_executed_new_execution_bar,USDJPY,2025.05.09 19:45:00,31,
2025.05.09 20:09:59,scan_skipped_same_execution_bar,USDJPY,2025.05.09 19:45:00,0,
2025.05.09 20:19:59,scan_executed_new_execution_bar,USDJPY,2025.05.09 20:00:00,16,
2025.05.09 20:24:59,scan_skipped_same_execution_bar,USDJPY,2025.05.09 20:00:00,0,
2025.05.09 20:35:00,scan_executed_new_execution_bar,USDJPY,2025.05.09 20:15:00,0,
2025.05.09 20:39:59,scan_skipped_same_execution_bar,USDJPY,2025.05.09 20:15:00,0,
2025.05.09 20:49:58,scan_executed_new_execution_bar,USDJPY,2025.05.09 20:30:00,0,
2025.05.09 20:54:59,scan_skipped_same_execution_bar,USDJPY,2025.05.09 20:30:00,0,
2025.05.09 21:04:59,scan_executed_new_execution_bar,USDJPY,2025.05.09 20:45:00,0,
2025.05.09 21:09:59,scan_skipped_same_execution_bar,USDJPY,2025.05.09 20:45:00,0,
2025.05.09 21:19:59,scan_executed_new_execution_bar,USDJPY,2025.05.09 21:00:00,0,
2025.05.09 21:24:59,scan_skipped_same_execution_bar,USDJPY,2025.05.09 21:00:00,0,
2025.05.09 21:34:59,scan_executed_new_execution_bar,USDJPY,2025.05.09 21:15:00,0,
2025.05.09 21:39:59,scan_skipped_same_execution_bar,USDJPY,2025.05.09 21:15:00,0,
2025.05.09 21:49:59,scan_executed_new_execution_bar,USDJPY,2025.05.09 21:30:00,0,
2025.05.09 21:54:58,scan_skipped_same_execution_bar,USDJPY,2025.05.09 21:30:00,0,
2025.05.09 22:04:59,scan_executed_new_execution_bar,USDJPY,2025.05.09 21:45:00,0,
2025.05.09 22:09:59,scan_skipped_same_execution_bar,USDJPY,2025.05.09 21:45:00,0,
2025.05.09 22:19:59,scan_executed_new_execution_bar,USDJPY,2025.05.09 22:00:00,0,
2025.05.09 22:24:59,scan_skipped_same_execution_bar,USDJPY,2025.05.09 22:00:00,0,
2025.05.09 22:34:59,scan_executed_new_execution_bar,USDJPY,2025.05.09 22:15:00,15,
2025.05.09 22:39:58,scan_skipped_same_execution_bar,USDJPY,2025.05.09 22:15:00,0,
2025.05.09 22:50:00,scan_executed_new_execution_bar,USDJPY,2025.05.09 22:30:00,0,
2025.05.09 22:54:57,scan_skipped_same_execution_bar,USDJPY,2025.05.09 22:30:00,0,
2025.05.09 23:04:58,scan_executed_new_execution_bar,USDJPY,2025.05.09 22:45:00,0,
2025.05.09 23:09:59,scan_skipped_same_execution_bar,USDJPY,2025.05.09 22:45:00,0,
2025.05.09 23:19:56,scan_executed_new_execution_bar,USDJPY,2025.05.09 23:00:00,16,
2025.05.09 23:24:59,scan_skipped_same_execution_bar,USDJPY,2025.05.09 23:00:00,0,
2025.05.09 23:34:58,scan_executed_new_execution_bar,USDJPY,2025.05.09 23:15:00,0,
2025.05.09 23:39:54,scan_skipped_same_execution_bar,USDJPY,2025.05.09 23:15:00,0,
2025.05.09 23:49:59,scan_executed_new_execution_bar,USDJPY,2025.05.09 23:30:00,0,
2025.05.09 23:54:59,scan_skipped_same_execution_bar,USDJPY,2025.05.09 23:30:00,0,
2025.05.12 00:04:59,scan_executed_new_execution_bar,USDJPY,2025.05.09 23:45:00,0,
2025.05.12 00:09:58,scan_skipped_same_execution_bar,USDJPY,2025.05.09 23:45:00,0,
2025.05.12 00:19:59,scan_executed_new_execution_bar,USDJPY,2025.05.12 00:00:00,0,
2025.05.12 00:24:59,scan_skipped_same_execution_bar,USDJPY,2025.05.12 00:00:00,0,
2025.05.12 00:34:56,scan_executed_new_execution_bar,USDJPY,2025.05.12 00:15:00,0,
2025.05.12 00:39:53,scan_skipped_same_execution_bar,USDJPY,2025.05.12 00:15:00,0,
2025.05.12 00:49:55,scan_executed_new_execution_bar,USDJPY,2025.05.12 00:30:00,0,
2025.05.12 00:54:59,scan_skipped_same_execution_bar,USDJPY,2025.05.12 00:30:00,0,
2025.05.12 01:04:59,scan_executed_new_execution_bar,USDJPY,2025.05.12 00:45:00,0,
2025.05.12 01:09:59,scan_skipped_same_execution_bar,USDJPY,2025.05.12 00:45:00,0,
2025.05.12 01:19:59,scan_executed_new_execution_bar,USDJPY,2025.05.12 01:00:00,16,
2025.05.12 01:24:59,scan_skipped_same_execution_bar,USDJPY,2025.05.12 01:00:00,0,
2025.05.12 01:34:59,scan_executed_new_execution_bar,USDJPY,2025.05.12 01:15:00,0,
2025.05.12 01:39:59,scan_skipped_same_execution_bar,USDJPY,2025.05.12 01:15:00,0,
2025.05.12 01:49:59,scan_executed_new_execution_bar,USDJPY,2025.05.12 01:30:00,0,
2025.05.12 01:54:59,scan_skipped_same_execution_bar,USDJPY,2025.05.12 01:30:00,0,
2025.05.12 02:04:59,scan_executed_new_execution_bar,USDJPY,2025.05.12 01:45:00,0,
2025.05.12 02:09:59,scan_skipped_same_execution_bar,USDJPY,2025.05.12 01:45:00,0,
2025.05.12 02:19:59,scan_executed_new_execution_bar,USDJPY,2025.05.12 02:00:00,16,
2025.05.12 02:24:59,scan_skipped_same_execution_bar,USDJPY,2025.05.12 02:00:00,0,
2025.05.12 02:34:59,scan_executed_new_execution_bar,USDJPY,2025.05.12 02:15:00,0,
2025.05.12 02:39:59,scan_skipped_same_execution_bar,USDJPY,2025.05.12 02:15:00,0,
2025.05.12 02:49:59,scan_executed_new_execution_bar,USDJPY,2025.05.12 02:30:00,0,
2025.05.12 02:54:59,scan_skipped_same_execution_bar,USDJPY,2025.05.12 02:30:00,0,
2025.05.12 03:04:59,scan_executed_new_execution_bar,USDJPY,2025.05.12 02:45:00,0,
2025.05.12 03:09:59,scan_skipped_same_execution_bar,USDJPY,2025.05.12 02:45:00,0,
2025.05.12 03:19:59,scan_executed_new_execution_bar,USDJPY,2025.05.12 03:00:00,16,
2025.05.12 03:24:59,scan_skipped_same_execution_bar,USDJPY,2025.05.12 03:00:00,0,
2025.05.12 03:34:59,scan_executed_new_execution_bar,USDJPY,2025.05.12 03:15:00,16,
2025.05.12 03:39:59,scan_skipped_same_execution_bar,USDJPY,2025.05.12 03:15:00,0,
2025.05.12 03:50:00,scan_executed_new_execution_bar,USDJPY,2025.05.12 03:30:00,0,
2025.05.12 03:54:59,scan_skipped_same_execution_bar,USDJPY,2025.05.12 03:30:00,0,
2025.05.12 04:04:59,scan_executed_new_execution_bar,USDJPY,2025.05.12 03:45:00,0,
2025.05.12 04:09:59,scan_skipped_same_execution_bar,USDJPY,2025.05.12 03:45:00,0,
2025.05.12 04:19:59,scan_executed_new_execution_bar,USDJPY,2025.05.12 04:00:00,0,
2025.05.12 04:24:59,scan_skipped_same_execution_bar,USDJPY,2025.05.12 04:00:00,0,
2025.05.12 04:34:59,scan_executed_new_execution_bar,USDJPY,2025.05.12 04:15:00,0,
2025.05.12 04:39:59,scan_skipped_same_execution_bar,USDJPY,2025.05.12 04:15:00,0,
2025.05.12 04:49:59,scan_executed_new_execution_bar,USDJPY,2025.05.12 04:30:00,16,
2025.05.12 04:54:59,scan_skipped_same_execution_bar,USDJPY,2025.05.12 04:30:00,0,
2025.05.12 05:04:59,scan_executed_new_execution_bar,USDJPY,2025.05.12 04:45:00,0,
2025.05.12 05:09:59,scan_skipped_same_execution_bar,USDJPY,2025.05.12 04:45:00,0,
2025.05.12 05:19:59,scan_executed_new_execution_bar,USDJPY,2025.05.12 05:00:00,16,
2025.05.12 05:24:59,scan_skipped_same_execution_bar,USDJPY,2025.05.12 05:00:00,0,
2025.05.12 05:34:58,scan_executed_new_execution_bar,USDJPY,2025.05.12 05:15:00,0,
2025.05.12 05:39:59,scan_skipped_same_execution_bar,USDJPY,2025.05.12 05:15:00,0,
2025.05.12 05:49:59,scan_executed_new_execution_bar,USDJPY,2025.05.12 05:30:00,16,
2025.05.12 05:54:59,scan_skipped_same_execution_bar,USDJPY,2025.05.12 05:30:00,0,
2025.05.12 06:04:59,scan_executed_new_execution_bar,USDJPY,2025.05.12 05:45:00,0,
2025.05.12 06:10:00,scan_skipped_same_execution_bar,USDJPY,2025.05.12 05:45:00,0,
2025.05.12 06:19:59,scan_executed_new_execution_bar,USDJPY,2025.05.12 06:00:00,16,
2025.05.12 06:24:59,scan_skipped_same_execution_bar,USDJPY,2025.05.12 06:00:00,0,
2025.05.12 06:34:59,scan_executed_new_execution_bar,USDJPY,2025.05.12 06:15:00,0,
2025.05.12 06:39:59,scan_skipped_same_execution_bar,USDJPY,2025.05.12 06:15:00,0,
2025.05.12 06:49:59,scan_executed_new_execution_bar,USDJPY,2025.05.12 06:30:00,16,
2025.05.12 06:54:59,scan_skipped_same_execution_bar,USDJPY,2025.05.12 06:30:00,0,
2025.05.12 07:05:00,scan_executed_new_execution_bar,USDJPY,2025.05.12 06:45:00,0,
2025.05.12 07:09:59,scan_skipped_same_execution_bar,USDJPY,2025.05.12 06:45:00,0,
2025.05.12 07:19:59,scan_executed_new_execution_bar,USDJPY,2025.05.12 07:00:00,15,
2025.05.12 07:24:59,scan_skipped_same_execution_bar,USDJPY,2025.05.12 07:00:00,0,
2025.05.12 07:34:58,scan_executed_new_execution_bar,USDJPY,2025.05.12 07:15:00,16,
2025.05.12 07:39:59,scan_skipped_same_execution_bar,USDJPY,2025.05.12 07:15:00,0,
2025.05.12 07:49:59,scan_executed_new_execution_bar,USDJPY,2025.05.12 07:30:00,15,
2025.05.12 07:54:59,scan_skipped_same_execution_bar,USDJPY,2025.05.12 07:30:00,0,
2025.05.12 08:04:57,scan_executed_new_execution_bar,USDJPY,2025.05.12 07:45:00,0,
2025.05.12 08:09:59,scan_skipped_same_execution_bar,USDJPY,2025.05.12 07:45:00,0,
2025.05.12 08:19:59,scan_executed_new_execution_bar,USDJPY,2025.05.12 08:00:00,0,
2025.05.12 08:24:58,scan_skipped_same_execution_bar,USDJPY,2025.05.12 08:00:00,0,
2025.05.12 08:34:59,scan_executed_new_execution_bar,USDJPY,2025.05.12 08:15:00,0,
2025.05.12 08:39:59,scan_skipped_same_execution_bar,USDJPY,2025.05.12 08:15:00,0,
2025.05.12 08:50:00,scan_executed_new_execution_bar,USDJPY,2025.05.12 08:30:00,0,
2025.05.12 08:54:59,scan_skipped_same_execution_bar,USDJPY,2025.05.12 08:30:00,0,
2025.05.12 09:04:58,scan_executed_new_execution_bar,USDJPY,2025.05.12 08:45:00,0,
2025.05.12 09:09:59,scan_skipped_same_execution_bar,USDJPY,2025.05.12 08:45:00,0,
2025.05.12 09:19:59,scan_executed_new_execution_bar,USDJPY,2025.05.12 09:00:00,0,
2025.05.12 09:24:59,scan_skipped_same_execution_bar,USDJPY,2025.05.12 09:00:00,0,
2025.05.12 09:34:59,scan_executed_new_execution_bar,USDJPY,2025.05.12 09:15:00,0,
2025.05.12 09:39:59,scan_skipped_same_execution_bar,USDJPY,2025.05.12 09:15:00,0,
2025.05.12 09:49:59,scan_executed_new_execution_bar,USDJPY,2025.05.12 09:30:00,0,
2025.05.12 09:54:59,scan_skipped_same_execution_bar,USDJPY,2025.05.12 09:30:00,0,
2025.05.12 10:04:59,scan_executed_new_execution_bar,USDJPY,2025.05.12 09:45:00,0,
2025.05.12 10:09:59,scan_skipped_same_execution_bar,USDJPY,2025.05.12 09:45:00,0,
2025.05.12 10:19:59,scan_executed_new_execution_bar,USDJPY,2025.05.12 10:00:00,0,
2025.05.12 10:24:59,scan_skipped_same_execution_bar,USDJPY,2025.05.12 10:00:00,0,
2025.05.12 10:34:59,scan_executed_new_execution_bar,USDJPY,2025.05.12 10:15:00,0,
2025.05.12 10:39:59,scan_skipped_same_execution_bar,USDJPY,2025.05.12 10:15:00,0,
2025.05.12 10:49:59,scan_executed_new_execution_bar,USDJPY,2025.05.12 10:30:00,0,
2025.05.12 10:54:59,scan_skipped_same_execution_bar,USDJPY,2025.05.12 10:30:00,0,
2025.05.12 11:04:59,scan_executed_new_execution_bar,USDJPY,2025.05.12 10:45:00,0,
2025.05.12 11:09:59,scan_skipped_same_execution_bar,USDJPY,2025.05.12 10:45:00,0,
2025.05.12 11:19:59,scan_executed_new_execution_bar,USDJPY,2025.05.12 11:00:00,0,
2025.05.12 11:24:59,scan_skipped_same_execution_bar,USDJPY,2025.05.12 11:00:00,0,
2025.05.12 11:34:59,scan_executed_new_execution_bar,USDJPY,2025.05.12 11:15:00,62,
2025.05.12 11:39:59,scan_skipped_same_execution_bar,USDJPY,2025.05.12 11:15:00,0,
2025.05.12 11:49:59,scan_executed_new_execution_bar,USDJPY,2025.05.12 11:30:00,15,
2025.05.12 11:54:59,scan_skipped_same_execution_bar,USDJPY,2025.05.12 11:30:00,0,
2025.05.12 12:04:59,scan_executed_new_execution_bar,USDJPY,2025.05.12 11:45:00,16,
2025.05.12 12:09:59,scan_skipped_same_execution_bar,USDJPY,2025.05.12 11:45:00,0,
2025.05.12 12:19:59,scan_executed_new_execution_bar,USDJPY,2025.05.12 12:00:00,16,
2025.05.12 12:24:59,scan_skipped_same_execution_bar,USDJPY,2025.05.12 12:00:00,0,
2025.05.12 12:34:59,scan_executed_new_execution_bar,USDJPY,2025.05.12 12:15:00,47,
2025.05.12 12:39:59,scan_skipped_same_execution_bar,USDJPY,2025.05.12 12:15:00,0,
2025.05.12 12:49:59,scan_executed_new_execution_bar,USDJPY,2025.05.12 12:30:00,0,
2025.05.12 12:54:59,scan_skipped_same_execution_bar,USDJPY,2025.05.12 12:30:00,0,
2025.05.12 13:04:59,scan_executed_new_execution_bar,USDJPY,2025.05.12 12:45:00,0,
2025.05.12 13:09:59,scan_skipped_same_execution_bar,USDJPY,2025.05.12 12:45:00,0,
2025.05.12 13:19:59,scan_executed_new_execution_bar,USDJPY,2025.05.12 13:00:00,0,
2025.05.12 13:24:59,scan_skipped_same_execution_bar,USDJPY,2025.05.12 13:00:00,0,
2025.05.12 13:34:59,scan_executed_new_execution_bar,USDJPY,2025.05.12 13:15:00,0,
2025.05.12 13:39:59,scan_skipped_same_execution_bar,USDJPY,2025.05.12 13:15:00,0,
2025.05.12 13:49:59,scan_executed_new_execution_bar,USDJPY,2025.05.12 13:30:00,0,
2025.05.12 13:54:59,scan_skipped_same_execution_bar,USDJPY,2025.05.12 13:30:00,0,
2025.05.12 14:04:59,scan_executed_new_execution_bar,USDJPY,2025.05.12 13:45:00,47,
2025.05.12 14:09:59,scan_skipped_same_execution_bar,USDJPY,2025.05.12 13:45:00,0,
2025.05.12 14:19:59,scan_executed_new_execution_bar,USDJPY,2025.05.12 14:00:00,93,
2025.05.12 14:24:59,scan_skipped_same_execution_bar,USDJPY,2025.05.12 14:00:00,0,
2025.05.12 14:34:59,scan_executed_new_execution_bar,USDJPY,2025.05.12 14:15:00,47,
2025.05.12 14:39:59,scan_skipped_same_execution_bar,USDJPY,2025.05.12 14:15:00,0,
2025.05.12 14:49:59,scan_executed_new_execution_bar,USDJPY,2025.05.12 14:30:00,16,
2025.05.12 14:54:59,scan_skipped_same_execution_bar,USDJPY,2025.05.12 14:30:00,0,
2025.05.12 15:04:59,scan_executed_new_execution_bar,USDJPY,2025.05.12 14:45:00,16,
2025.05.12 15:09:59,scan_skipped_same_execution_bar,USDJPY,2025.05.12 14:45:00,0,
2025.05.12 15:19:59,scan_executed_new_execution_bar,USDJPY,2025.05.12 15:00:00,0,
2025.05.12 15:24:59,scan_skipped_same_execution_bar,USDJPY,2025.05.12 15:00:00,0,
2025.05.12 15:34:59,scan_executed_new_execution_bar,USDJPY,2025.05.12 15:15:00,0,
2025.05.12 15:39:59,scan_skipped_same_execution_bar,USDJPY,2025.05.12 15:15:00,0,
2025.05.12 15:49:59,scan_executed_new_execution_bar,USDJPY,2025.05.12 15:30:00,0,
2025.05.12 15:54:59,scan_skipped_same_execution_bar,USDJPY,2025.05.12 15:30:00,0,
2025.05.12 16:04:58,scan_executed_new_execution_bar,USDJPY,2025.05.12 15:45:00,0,
2025.05.12 16:09:58,scan_skipped_same_execution_bar,USDJPY,2025.05.12 15:45:00,0,
2025.05.12 16:19:59,scan_executed_new_execution_bar,USDJPY,2025.05.12 16:00:00,16,
2025.05.12 16:24:59,scan_skipped_same_execution_bar,USDJPY,2025.05.12 16:00:00,0,
2025.05.12 16:34:59,scan_executed_new_execution_bar,USDJPY,2025.05.12 16:15:00,0,
2025.05.12 16:39:59,scan_skipped_same_execution_bar,USDJPY,2025.05.12 16:15:00,0,
2025.05.12 16:49:59,scan_executed_new_execution_bar,USDJPY,2025.05.12 16:30:00,0,
2025.05.12 16:54:59,scan_skipped_same_execution_bar,USDJPY,2025.05.12 16:30:00,0,
2025.05.12 17:04:59,scan_executed_new_execution_bar,USDJPY,2025.05.12 16:45:00,0,
2025.05.12 17:09:59,scan_skipped_same_execution_bar,USDJPY,2025.05.12 16:45:00,0,
2025.05.12 17:19:59,scan_executed_new_execution_bar,USDJPY,2025.05.12 17:00:00,0,
2025.05.12 17:24:59,scan_skipped_same_execution_bar,USDJPY,2025.05.12 17:00:00,0,
2025.05.12 17:34:59,scan_executed_new_execution_bar,USDJPY,2025.05.12 17:15:00,32,
2025.05.12 17:39:59,scan_skipped_same_execution_bar,USDJPY,2025.05.12 17:15:00,0,
2025.05.12 17:49:59,scan_executed_new_execution_bar,USDJPY,2025.05.12 17:30:00,0,
2025.05.12 17:54:59,scan_skipped_same_execution_bar,USDJPY,2025.05.12 17:30:00,0,
2025.05.12 18:04:59,scan_executed_new_execution_bar,USDJPY,2025.05.12 17:45:00,0,
2025.05.12 18:09:59,scan_skipped_same_execution_bar,USDJPY,2025.05.12 17:45:00,0,
2025.05.12 18:19:59,scan_executed_new_execution_bar,USDJPY,2025.05.12 18:00:00,15,
2025.05.12 18:24:59,scan_skipped_same_execution_bar,USDJPY,2025.05.12 18:00:00,0,
2025.05.12 18:34:59,scan_executed_new_execution_bar,USDJPY,2025.05.12 18:15:00,0,
2025.05.12 18:40:00,scan_skipped_same_execution_bar,USDJPY,2025.05.12 18:15:00,0,
2025.05.12 18:49:59,scan_executed_new_execution_bar,USDJPY,2025.05.12 18:30:00,16,
2025.05.12 18:54:59,scan_skipped_same_execution_bar,USDJPY,2025.05.12 18:30:00,0,
2025.05.12 19:04:59,scan_executed_new_execution_bar,USDJPY,2025.05.12 18:45:00,31,
2025.05.12 19:09:59,scan_skipped_same_execution_bar,USDJPY,2025.05.12 18:45:00,0,
2025.05.12 19:19:59,scan_executed_new_execution_bar,USDJPY,2025.05.12 19:00:00,0,
2025.05.12 19:24:59,scan_skipped_same_execution_bar,USDJPY,2025.05.12 19:00:00,0,
2025.05.12 19:34:59,scan_executed_new_execution_bar,USDJPY,2025.05.12 19:15:00,16,
2025.05.12 19:40:00,scan_skipped_same_execution_bar,USDJPY,2025.05.12 19:15:00,0,
2025.05.12 19:50:00,scan_executed_new_execution_bar,USDJPY,2025.05.12 19:30:00,0,
2025.05.12 19:54:59,scan_skipped_same_execution_bar,USDJPY,2025.05.12 19:30:00,0,
2025.05.12 20:04:59,scan_executed_new_execution_bar,USDJPY,2025.05.12 19:45:00,15,
2025.05.12 20:09:59,scan_skipped_same_execution_bar,USDJPY,2025.05.12 19:45:00,0,
2025.05.12 20:19:59,scan_executed_new_execution_bar,USDJPY,2025.05.12 20:00:00,0,
2025.05.12 20:24:59,scan_skipped_same_execution_bar,USDJPY,2025.05.12 20:00:00,0,
2025.05.12 20:34:59,scan_executed_new_execution_bar,USDJPY,2025.05.12 20:15:00,0,
2025.05.12 20:39:59,scan_skipped_same_execution_bar,USDJPY,2025.05.12 20:15:00,0,
2025.05.12 20:49:59,scan_executed_new_execution_bar,USDJPY,2025.05.12 20:30:00,0,
2025.05.12 20:54:59,scan_skipped_same_execution_bar,USDJPY,2025.05.12 20:30:00,0,
2025.05.12 21:04:59,scan_executed_new_execution_bar,USDJPY,2025.05.12 20:45:00,0,
2025.05.12 21:09:59,scan_skipped_same_execution_bar,USDJPY,2025.05.12 20:45:00,0,
2025.05.12 21:19:59,scan_executed_new_execution_bar,USDJPY,2025.05.12 21:00:00,0,
2025.05.12 21:24:59,scan_skipped_same_execution_bar,USDJPY,2025.05.12 21:00:00,0,
2025.05.12 21:34:59,scan_executed_new_execution_bar,USDJPY,2025.05.12 21:15:00,0,
2025.05.12 21:39:59,scan_skipped_same_execution_bar,USDJPY,2025.05.12 21:15:00,0,
2025.05.12 21:50:00,scan_executed_new_execution_bar,USDJPY,2025.05.12 21:30:00,31,
2025.05.12 21:54:59,scan_skipped_same_execution_bar,USDJPY,2025.05.12 21:30:00,0,
2025.05.12 22:04:59,scan_executed_new_execution_bar,USDJPY,2025.05.12 21:45:00,15,
2025.05.12 22:09:59,scan_skipped_same_execution_bar,USDJPY,2025.05.12 21:45:00,0,
2025.05.12 22:19:59,scan_executed_new_execution_bar,USDJPY,2025.05.12 22:00:00,0,
2025.05.12 22:25:00,scan_skipped_same_execution_bar,USDJPY,2025.05.12 22:00:00,0,
2025.05.12 22:34:59,scan_executed_new_execution_bar,USDJPY,2025.05.12 22:15:00,0,
2025.05.12 22:39:59,scan_skipped_same_execution_bar,USDJPY,2025.05.12 22:15:00,0,
2025.05.12 22:49:59,scan_executed_new_execution_bar,USDJPY,2025.05.12 22:30:00,0,
2025.05.12 22:54:59,scan_skipped_same_execution_bar,USDJPY,2025.05.12 22:30:00,0,
2025.05.12 23:04:57,scan_executed_new_execution_bar,USDJPY,2025.05.12 22:45:00,0,
2025.05.12 23:09:59,scan_skipped_same_execution_bar,USDJPY,2025.05.12 22:45:00,0,
2025.05.12 23:19:58,scan_executed_new_execution_bar,USDJPY,2025.05.12 23:00:00,0,
2025.05.12 23:24:59,scan_skipped_same_execution_bar,USDJPY,2025.05.12 23:00:00,0,
2025.05.12 23:34:59,scan_executed_new_execution_bar,USDJPY,2025.05.12 23:15:00,0,
2025.05.12 23:39:59,scan_skipped_same_execution_bar,USDJPY,2025.05.12 23:15:00,0,
2025.05.12 23:49:57,scan_executed_new_execution_bar,USDJPY,2025.05.12 23:30:00,0,
2025.05.12 23:54:59,scan_skipped_same_execution_bar,USDJPY,2025.05.12 23:30:00,0,
2025.05.13 00:04:53,scan_executed_new_execution_bar,USDJPY,2025.05.12 23:45:00,0,
2025.05.13 00:09:59,scan_skipped_same_execution_bar,USDJPY,2025.05.12 23:45:00,0,
2025.05.13 00:19:56,scan_executed_new_execution_bar,USDJPY,2025.05.13 00:00:00,0,
2025.05.13 00:24:59,scan_skipped_same_execution_bar,USDJPY,2025.05.13 00:00:00,0,
2025.05.13 00:34:57,scan_executed_new_execution_bar,USDJPY,2025.05.13 00:15:00,0,
2025.05.13 00:39:59,scan_skipped_same_execution_bar,USDJPY,2025.05.13 00:15:00,0,
2025.05.13 00:49:59,scan_executed_new_execution_bar,USDJPY,2025.05.13 00:30:00,0,
2025.05.13 00:54:59,scan_skipped_same_execution_bar,USDJPY,2025.05.13 00:30:00,0,
2025.05.13 01:04:59,scan_executed_new_execution_bar,USDJPY,2025.05.13 00:45:00,0,
2025.05.13 01:09:59,scan_skipped_same_execution_bar,USDJPY,2025.05.13 00:45:00,0,
2025.05.13 01:19:59,scan_executed_new_execution_bar,USDJPY,2025.05.13 01:00:00,0,
2025.05.13 01:24:57,scan_skipped_same_execution_bar,USDJPY,2025.05.13 01:00:00,0,
2025.05.13 01:34:57,scan_executed_new_execution_bar,USDJPY,2025.05.13 01:15:00,0,
2025.05.13 01:39:59,scan_skipped_same_execution_bar,USDJPY,2025.05.13 01:15:00,0,
2025.05.13 01:49:59,scan_executed_new_execution_bar,USDJPY,2025.05.13 01:30:00,15,
2025.05.13 01:54:52,scan_skipped_same_execution_bar,USDJPY,2025.05.13 01:30:00,0,
2025.05.13 02:04:59,scan_executed_new_execution_bar,USDJPY,2025.05.13 01:45:00,0,
2025.05.13 02:09:59,scan_skipped_same_execution_bar,USDJPY,2025.05.13 01:45:00,0,
2025.05.13 02:19:59,scan_executed_new_execution_bar,USDJPY,2025.05.13 02:00:00,0,
2025.05.13 02:24:58,scan_skipped_same_execution_bar,USDJPY,2025.05.13 02:00:00,0,
2025.05.13 02:34:59,scan_executed_new_execution_bar,USDJPY,2025.05.13 02:15:00,0,
2025.05.13 02:39:52,scan_skipped_same_execution_bar,USDJPY,2025.05.13 02:15:00,0,
2025.05.13 02:49:59,scan_executed_new_execution_bar,USDJPY,2025.05.13 02:30:00,16,
2025.05.13 02:54:58,scan_skipped_same_execution_bar,USDJPY,2025.05.13 02:30:00,0,
2025.05.13 03:04:59,scan_executed_new_execution_bar,USDJPY,2025.05.13 02:45:00,0,
2025.05.13 03:09:59,scan_skipped_same_execution_bar,USDJPY,2025.05.13 02:45:00,0,
2025.05.13 03:19:59,scan_executed_new_execution_bar,USDJPY,2025.05.13 03:00:00,0,
2025.05.13 03:24:59,scan_skipped_same_execution_bar,USDJPY,2025.05.13 03:00:00,0,
2025.05.13 03:34:59,scan_executed_new_execution_bar,USDJPY,2025.05.13 03:15:00,16,
2025.05.13 03:39:59,scan_skipped_same_execution_bar,USDJPY,2025.05.13 03:15:00,0,
2025.05.13 03:49:59,scan_executed_new_execution_bar,USDJPY,2025.05.13 03:30:00,0,
2025.05.13 03:54:59,scan_skipped_same_execution_bar,USDJPY,2025.05.13 03:30:00,0,
2025.05.13 04:04:59,scan_executed_new_execution_bar,USDJPY,2025.05.13 03:45:00,0,
2025.05.13 04:09:59,scan_skipped_same_execution_bar,USDJPY,2025.05.13 03:45:00,0,
2025.05.13 04:19:59,scan_executed_new_execution_bar,USDJPY,2025.05.13 04:00:00,0,
2025.05.13 04:24:59,scan_skipped_same_execution_bar,USDJPY,2025.05.13 04:00:00,0,
2025.05.13 04:34:58,scan_executed_new_execution_bar,USDJPY,2025.05.13 04:15:00,0,
2025.05.13 04:39:59,scan_skipped_same_execution_bar,USDJPY,2025.05.13 04:15:00,0,
2025.05.13 04:49:59,scan_executed_new_execution_bar,USDJPY,2025.05.13 04:30:00,0,
2025.05.13 04:54:59,scan_skipped_same_execution_bar,USDJPY,2025.05.13 04:30:00,0,
2025.05.13 05:04:59,scan_executed_new_execution_bar,USDJPY,2025.05.13 04:45:00,0,
2025.05.13 05:09:58,scan_skipped_same_execution_bar,USDJPY,2025.05.13 04:45:00,0,
2025.05.13 05:19:59,scan_executed_new_execution_bar,USDJPY,2025.05.13 05:00:00,47,
2025.05.13 05:25:00,scan_skipped_same_execution_bar,USDJPY,2025.05.13 05:00:00,0,
2025.05.13 05:34:59,scan_executed_new_execution_bar,USDJPY,2025.05.13 05:15:00,32,
2025.05.13 05:39:58,scan_skipped_same_execution_bar,USDJPY,2025.05.13 05:15:00,0,
2025.05.13 05:49:58,scan_executed_new_execution_bar,USDJPY,2025.05.13 05:30:00,0,
2025.05.13 05:54:59,scan_skipped_same_execution_bar,USDJPY,2025.05.13 05:30:00,0,
2025.05.13 06:04:59,scan_executed_new_execution_bar,USDJPY,2025.05.13 05:45:00,15,
2025.05.13 06:09:59,scan_skipped_same_execution_bar,USDJPY,2025.05.13 05:45:00,0,
2025.05.13 06:19:59,scan_executed_new_execution_bar,USDJPY,2025.05.13 06:00:00,0,
2025.05.13 06:24:59,scan_skipped_same_execution_bar,USDJPY,2025.05.13 06:00:00,0,
2025.05.13 06:34:59,scan_executed_new_execution_bar,USDJPY,2025.05.13 06:15:00,0,
2025.05.13 06:39:59,scan_skipped_same_execution_bar,USDJPY,2025.05.13 06:15:00,0,
2025.05.13 06:49:59,scan_executed_new_execution_bar,USDJPY,2025.05.13 06:30:00,0,
2025.05.13 06:54:59,scan_skipped_same_execution_bar,USDJPY,2025.05.13 06:30:00,0,
2025.05.13 07:04:59,scan_executed_new_execution_bar,USDJPY,2025.05.13 06:45:00,0,
2025.05.13 07:09:59,scan_skipped_same_execution_bar,USDJPY,2025.05.13 06:45:00,0,
2025.05.13 07:19:58,scan_executed_new_execution_bar,USDJPY,2025.05.13 07:00:00,15,
2025.05.13 07:25:00,scan_skipped_same_execution_bar,USDJPY,2025.05.13 07:00:00,0,
2025.05.13 07:34:59,scan_executed_new_execution_bar,USDJPY,2025.05.13 07:15:00,0,
2025.05.13 07:39:59,scan_skipped_same_execution_bar,USDJPY,2025.05.13 07:15:00,0,
2025.05.13 07:49:59,scan_executed_new_execution_bar,USDJPY,2025.05.13 07:30:00,0,
2025.05.13 07:54:59,scan_skipped_same_execution_bar,USDJPY,2025.05.13 07:30:00,0,
2025.05.13 08:04:59,scan_executed_new_execution_bar,USDJPY,2025.05.13 07:45:00,0,
2025.05.13 08:09:59,scan_skipped_same_execution_bar,USDJPY,2025.05.13 07:45:00,0,
2025.05.13 08:19:59,scan_executed_new_execution_bar,USDJPY,2025.05.13 08:00:00,0,
2025.05.13 08:24:59,scan_skipped_same_execution_bar,USDJPY,2025.05.13 08:00:00,0,
2025.05.13 08:34:59,scan_executed_new_execution_bar,USDJPY,2025.05.13 08:15:00,31,
2025.05.13 08:39:59,scan_skipped_same_execution_bar,USDJPY,2025.05.13 08:15:00,0,
2025.05.13 08:49:59,scan_executed_new_execution_bar,USDJPY,2025.05.13 08:30:00,0,
2025.05.13 08:54:59,scan_skipped_same_execution_bar,USDJPY,2025.05.13 08:30:00,0,
2025.05.13 09:04:59,scan_executed_new_execution_bar,USDJPY,2025.05.13 08:45:00,0,
2025.05.13 09:09:59,scan_skipped_same_execution_bar,USDJPY,2025.05.13 08:45:00,0,
2025.05.13 09:19:59,scan_executed_new_execution_bar,USDJPY,2025.05.13 09:00:00,16,
2025.05.13 09:24:59,scan_skipped_same_execution_bar,USDJPY,2025.05.13 09:00:00,0,
2025.05.13 09:34:59,scan_executed_new_execution_bar,USDJPY,2025.05.13 09:15:00,0,
2025.05.13 09:39:59,scan_skipped_same_execution_bar,USDJPY,2025.05.13 09:15:00,0,
2025.05.13 09:49:59,scan_executed_new_execution_bar,USDJPY,2025.05.13 09:30:00,0,
2025.05.13 09:54:59,scan_skipped_same_execution_bar,USDJPY,2025.05.13 09:30:00,0,
2025.05.13 10:04:59,scan_executed_new_execution_bar,USDJPY,2025.05.13 09:45:00,16,
2025.05.13 10:09:59,scan_skipped_same_execution_bar,USDJPY,2025.05.13 09:45:00,0,
2025.05.13 10:19:59,scan_executed_new_execution_bar,USDJPY,2025.05.13 10:00:00,0,
2025.05.13 10:24:59,scan_skipped_same_execution_bar,USDJPY,2025.05.13 10:00:00,0,
2025.05.13 10:34:59,scan_executed_new_execution_bar,USDJPY,2025.05.13 10:15:00,0,
2025.05.13 10:39:59,scan_skipped_same_execution_bar,USDJPY,2025.05.13 10:15:00,0,
2025.05.13 10:49:59,scan_executed_new_execution_bar,USDJPY,2025.05.13 10:30:00,0,
2025.05.13 10:54:59,scan_skipped_same_execution_bar,USDJPY,2025.05.13 10:30:00,0,
2025.05.13 11:04:59,scan_executed_new_execution_bar,USDJPY,2025.05.13 10:45:00,31,
2025.05.13 11:09:59,scan_skipped_same_execution_bar,USDJPY,2025.05.13 10:45:00,0,
2025.05.13 11:19:59,scan_executed_new_execution_bar,USDJPY,2025.05.13 11:00:00,16,
2025.05.13 11:24:59,scan_skipped_same_execution_bar,USDJPY,2025.05.13 11:00:00,0,
2025.05.13 11:34:59,scan_executed_new_execution_bar,USDJPY,2025.05.13 11:15:00,47,
2025.05.13 11:39:59,scan_skipped_same_execution_bar,USDJPY,2025.05.13 11:15:00,0,
2025.05.13 11:49:59,scan_executed_new_execution_bar,USDJPY,2025.05.13 11:30:00,15,
2025.05.13 11:54:59,scan_skipped_same_execution_bar,USDJPY,2025.05.13 11:30:00,0,
2025.05.13 12:04:59,scan_executed_new_execution_bar,USDJPY,2025.05.13 11:45:00,0,
2025.05.13 12:09:59,scan_skipped_same_execution_bar,USDJPY,2025.05.13 11:45:00,0,
2025.05.13 12:19:59,scan_executed_new_execution_bar,USDJPY,2025.05.13 12:00:00,0,
2025.05.13 12:24:59,scan_skipped_same_execution_bar,USDJPY,2025.05.13 12:00:00,0,
2025.05.13 12:34:59,scan_executed_new_execution_bar,USDJPY,2025.05.13 12:15:00,0,
2025.05.13 12:39:59,scan_skipped_same_execution_bar,USDJPY,2025.05.13 12:15:00,0,
2025.05.13 12:49:59,scan_executed_new_execution_bar,USDJPY,2025.05.13 12:30:00,15,
2025.05.13 12:54:59,scan_skipped_same_execution_bar,USDJPY,2025.05.13 12:30:00,0,
2025.05.13 13:04:59,scan_executed_new_execution_bar,USDJPY,2025.05.13 12:45:00,0,
2025.05.13 13:09:59,scan_skipped_same_execution_bar,USDJPY,2025.05.13 12:45:00,0,
2025.05.13 13:19:59,scan_executed_new_execution_bar,USDJPY,2025.05.13 13:00:00,15,
2025.05.13 13:24:59,scan_skipped_same_execution_bar,USDJPY,2025.05.13 13:00:00,0,
2025.05.13 13:34:59,scan_executed_new_execution_bar,USDJPY,2025.05.13 13:15:00,16,
2025.05.13 13:39:59,scan_skipped_same_execution_bar,USDJPY,2025.05.13 13:15:00,0,
2025.05.13 13:49:59,scan_executed_new_execution_bar,USDJPY,2025.05.13 13:30:00,0,
2025.05.13 13:54:59,scan_skipped_same_execution_bar,USDJPY,2025.05.13 13:30:00,0,
2025.05.13 14:04:59,scan_executed_new_execution_bar,USDJPY,2025.05.13 13:45:00,16,
2025.05.13 14:09:59,scan_skipped_same_execution_bar,USDJPY,2025.05.13 13:45:00,0,
2025.05.13 14:19:59,scan_executed_new_execution_bar,USDJPY,2025.05.13 14:00:00,0,
2025.05.13 14:24:59,scan_skipped_same_execution_bar,USDJPY,2025.05.13 14:00:00,0,
2025.05.13 14:34:59,scan_executed_new_execution_bar,USDJPY,2025.05.13 14:15:00,0,
2025.05.13 14:39:59,scan_skipped_same_execution_bar,USDJPY,2025.05.13 14:15:00,0,
2025.05.13 14:49:59,scan_executed_new_execution_bar,USDJPY,2025.05.13 14:30:00,0,
2025.05.13 14:55:00,scan_skipped_same_execution_bar,USDJPY,2025.05.13 14:30:00,0,
2025.05.13 15:04:59,scan_executed_new_execution_bar,USDJPY,2025.05.13 14:45:00,0,
2025.05.13 15:09:59,scan_skipped_same_execution_bar,USDJPY,2025.05.13 14:45:00,0,
2025.05.13 15:19:59,scan_executed_new_execution_bar,USDJPY,2025.05.13 15:00:00,0,
2025.05.13 15:24:59,scan_skipped_same_execution_bar,USDJPY,2025.05.13 15:00:00,0,
2025.05.13 15:34:59,scan_executed_new_execution_bar,USDJPY,2025.05.13 15:15:00,0,
2025.05.13 15:39:59,scan_skipped_same_execution_bar,USDJPY,2025.05.13 15:15:00,0,
2025.05.13 15:49:59,scan_executed_new_execution_bar,USDJPY,2025.05.13 15:30:00,0,
2025.05.13 15:54:59,scan_skipped_same_execution_bar,USDJPY,2025.05.13 15:30:00,0,
2025.05.13 16:04:59,scan_executed_new_execution_bar,USDJPY,2025.05.13 15:45:00,0,
2025.05.13 16:09:59,scan_skipped_same_execution_bar,USDJPY,2025.05.13 15:45:00,0,
2025.05.13 16:19:59,scan_executed_new_execution_bar,USDJPY,2025.05.13 16:00:00,15,
2025.05.13 16:24:59,scan_skipped_same_execution_bar,USDJPY,2025.05.13 16:00:00,0,
2025.05.13 16:34:59,scan_executed_new_execution_bar,USDJPY,2025.05.13 16:15:00,0,
2025.05.13 16:39:59,scan_skipped_same_execution_bar,USDJPY,2025.05.13 16:15:00,0,
2025.05.13 16:49:59,scan_executed_new_execution_bar,USDJPY,2025.05.13 16:30:00,0,
2025.05.13 16:54:59,scan_skipped_same_execution_bar,USDJPY,2025.05.13 16:30:00,0,
2025.05.13 17:04:59,scan_executed_new_execution_bar,USDJPY,2025.05.13 16:45:00,46,
2025.05.13 17:09:59,scan_skipped_same_execution_bar,USDJPY,2025.05.13 16:45:00,0,
2025.05.13 17:20:00,scan_executed_new_execution_bar,USDJPY,2025.05.13 17:00:00,16,
2025.05.13 17:24:59,scan_skipped_same_execution_bar,USDJPY,2025.05.13 17:00:00,0,
2025.05.13 17:34:59,scan_executed_new_execution_bar,USDJPY,2025.05.13 17:15:00,0,
2025.05.13 17:39:59,scan_skipped_same_execution_bar,USDJPY,2025.05.13 17:15:00,0,
2025.05.13 17:49:59,scan_executed_new_execution_bar,USDJPY,2025.05.13 17:30:00,0,
2025.05.13 17:54:59,scan_skipped_same_execution_bar,USDJPY,2025.05.13 17:30:00,0,
2025.05.13 18:04:59,scan_executed_new_execution_bar,USDJPY,2025.05.13 17:45:00,0,
2025.05.13 18:10:00,scan_skipped_same_execution_bar,USDJPY,2025.05.13 17:45:00,0,
2025.05.13 18:19:59,scan_executed_new_execution_bar,USDJPY,2025.05.13 18:00:00,0,
2025.05.13 18:24:59,scan_skipped_same_execution_bar,USDJPY,2025.05.13 18:00:00,0,
2025.05.13 18:34:59,scan_executed_new_execution_bar,USDJPY,2025.05.13 18:15:00,0,
2025.05.13 18:39:59,scan_skipped_same_execution_bar,USDJPY,2025.05.13 18:15:00,0,
2025.05.13 18:49:59,scan_executed_new_execution_bar,USDJPY,2025.05.13 18:30:00,32,
2025.05.13 18:54:59,scan_skipped_same_execution_bar,USDJPY,2025.05.13 18:30:00,0,
2025.05.13 19:04:59,scan_executed_new_execution_bar,USDJPY,2025.05.13 18:45:00,0,
2025.05.13 19:09:59,scan_skipped_same_execution_bar,USDJPY,2025.05.13 18:45:00,0,
2025.05.13 19:19:59,scan_executed_new_execution_bar,USDJPY,2025.05.13 19:00:00,32,
2025.05.13 19:24:59,scan_skipped_same_execution_bar,USDJPY,2025.05.13 19:00:00,0,
2025.05.13 19:34:59,scan_executed_new_execution_bar,USDJPY,2025.05.13 19:15:00,0,
2025.05.13 19:39:59,scan_skipped_same_execution_bar,USDJPY,2025.05.13 19:15:00,0,
2025.05.13 19:49:59,scan_executed_new_execution_bar,USDJPY,2025.05.13 19:30:00,16,
2025.05.13 19:54:59,scan_skipped_same_execution_bar,USDJPY,2025.05.13 19:30:00,0,
2025.05.13 20:04:59,scan_executed_new_execution_bar,USDJPY,2025.05.13 19:45:00,0,
2025.05.13 20:09:59,scan_skipped_same_execution_bar,USDJPY,2025.05.13 19:45:00,0,
2025.05.13 20:19:59,scan_executed_new_execution_bar,USDJPY,2025.05.13 20:00:00,0,
2025.05.13 20:24:58,scan_skipped_same_execution_bar,USDJPY,2025.05.13 20:00:00,0,
2025.05.13 20:34:59,scan_executed_new_execution_bar,USDJPY,2025.05.13 20:15:00,15,
2025.05.13 20:39:59,scan_skipped_same_execution_bar,USDJPY,2025.05.13 20:15:00,0,
2025.05.13 20:49:58,scan_executed_new_execution_bar,USDJPY,2025.05.13 20:30:00,0,
2025.05.13 20:54:58,scan_skipped_same_execution_bar,USDJPY,2025.05.13 20:30:00,0,
2025.05.13 21:04:59,scan_executed_new_execution_bar,USDJPY,2025.05.13 20:45:00,0,
2025.05.13 21:09:59,scan_skipped_same_execution_bar,USDJPY,2025.05.13 20:45:00,0,
2025.05.13 21:19:59,scan_executed_new_execution_bar,USDJPY,2025.05.13 21:00:00,15,
2025.05.13 21:24:57,scan_skipped_same_execution_bar,USDJPY,2025.05.13 21:00:00,0,
2025.05.13 21:34:59,scan_executed_new_execution_bar,USDJPY,2025.05.13 21:15:00,0,
2025.05.13 21:39:59,scan_skipped_same_execution_bar,USDJPY,2025.05.13 21:15:00,0,
2025.05.13 21:49:59,scan_executed_new_execution_bar,USDJPY,2025.05.13 21:30:00,0,
2025.05.13 21:54:59,scan_skipped_same_execution_bar,USDJPY,2025.05.13 21:30:00,0,
2025.05.13 22:04:59,scan_executed_new_execution_bar,USDJPY,2025.05.13 21:45:00,0,
2025.05.13 22:09:59,scan_skipped_same_execution_bar,USDJPY,2025.05.13 21:45:00,0,
2025.05.13 22:19:59,scan_executed_new_execution_bar,USDJPY,2025.05.13 22:00:00,0,
2025.05.13 22:24:59,scan_skipped_same_execution_bar,USDJPY,2025.05.13 22:00:00,0,
2025.05.13 22:34:59,scan_executed_new_execution_bar,USDJPY,2025.05.13 22:15:00,0,
2025.05.13 22:39:59,scan_skipped_same_execution_bar,USDJPY,2025.05.13 22:15:00,0,
2025.05.13 22:49:58,scan_executed_new_execution_bar,USDJPY,2025.05.13 22:30:00,0,
2025.05.13 22:54:59,scan_skipped_same_execution_bar,USDJPY,2025.05.13 22:30:00,0,
2025.05.13 23:04:59,scan_executed_new_execution_bar,USDJPY,2025.05.13 22:45:00,0,
2025.05.13 23:09:59,scan_skipped_same_execution_bar,USDJPY,2025.05.13 22:45:00,0,
2025.05.13 23:19:59,scan_executed_new_execution_bar,USDJPY,2025.05.13 23:00:00,0,
2025.05.13 23:24:59,scan_skipped_same_execution_bar,USDJPY,2025.05.13 23:00:00,0,
2025.05.13 23:34:58,scan_executed_new_execution_bar,USDJPY,2025.05.13 23:15:00,0,
2025.05.13 23:39:58,scan_skipped_same_execution_bar,USDJPY,2025.05.13 23:15:00,0,
2025.05.13 23:49:59,scan_executed_new_execution_bar,USDJPY,2025.05.13 23:30:00,0,
2025.05.13 23:54:59,scan_skipped_same_execution_bar,USDJPY,2025.05.13 23:30:00,0,
2025.05.14 00:04:59,scan_executed_new_execution_bar,USDJPY,2025.05.13 23:45:00,0,
2025.05.14 00:09:59,scan_skipped_same_execution_bar,USDJPY,2025.05.13 23:45:00,0,
2025.05.14 00:19:56,scan_executed_new_execution_bar,USDJPY,2025.05.14 00:00:00,0,
2025.05.14 00:24:59,scan_skipped_same_execution_bar,USDJPY,2025.05.14 00:00:00,0,
2025.05.14 00:34:56,scan_executed_new_execution_bar,USDJPY,2025.05.14 00:15:00,0,
2025.05.14 00:40:00,scan_skipped_same_execution_bar,USDJPY,2025.05.14 00:15:00,0,
2025.05.14 00:49:52,scan_executed_new_execution_bar,USDJPY,2025.05.14 00:30:00,0,
2025.05.14 00:54:59,scan_skipped_same_execution_bar,USDJPY,2025.05.14 00:30:00,0,
2025.05.14 01:04:59,scan_executed_new_execution_bar,USDJPY,2025.05.14 00:45:00,0,
2025.05.14 01:09:58,scan_skipped_same_execution_bar,USDJPY,2025.05.14 00:45:00,0,
2025.05.14 01:19:59,scan_executed_new_execution_bar,USDJPY,2025.05.14 01:00:00,0,
2025.05.14 01:24:57,scan_skipped_same_execution_bar,USDJPY,2025.05.14 01:00:00,0,
2025.05.14 01:34:59,scan_executed_new_execution_bar,USDJPY,2025.05.14 01:15:00,16,
2025.05.14 01:39:59,scan_skipped_same_execution_bar,USDJPY,2025.05.14 01:15:00,0,
2025.05.14 01:49:58,scan_executed_new_execution_bar,USDJPY,2025.05.14 01:30:00,0,
2025.05.14 01:54:59,scan_skipped_same_execution_bar,USDJPY,2025.05.14 01:30:00,0,
2025.05.14 02:04:58,scan_executed_new_execution_bar,USDJPY,2025.05.14 01:45:00,0,
2025.05.14 02:09:59,scan_skipped_same_execution_bar,USDJPY,2025.05.14 01:45:00,0,
2025.05.14 02:19:59,scan_executed_new_execution_bar,USDJPY,2025.05.14 02:00:00,16,
2025.05.14 02:24:59,scan_skipped_same_execution_bar,USDJPY,2025.05.14 02:00:00,0,
2025.05.14 02:34:59,scan_executed_new_execution_bar,USDJPY,2025.05.14 02:15:00,0,
2025.05.14 02:39:59,scan_skipped_same_execution_bar,USDJPY,2025.05.14 02:15:00,0,
2025.05.14 02:49:59,scan_executed_new_execution_bar,USDJPY,2025.05.14 02:30:00,0,
2025.05.14 02:54:58,scan_skipped_same_execution_bar,USDJPY,2025.05.14 02:30:00,0,
2025.05.14 03:04:59,scan_executed_new_execution_bar,USDJPY,2025.05.14 02:45:00,0,
2025.05.14 03:09:59,scan_skipped_same_execution_bar,USDJPY,2025.05.14 02:45:00,0,
2025.05.14 03:19:59,scan_executed_new_execution_bar,USDJPY,2025.05.14 03:00:00,0,
2025.05.14 03:24:59,scan_skipped_same_execution_bar,USDJPY,2025.05.14 03:00:00,0,
2025.05.14 03:34:59,scan_executed_new_execution_bar,USDJPY,2025.05.14 03:15:00,16,
2025.05.14 03:39:59,scan_skipped_same_execution_bar,USDJPY,2025.05.14 03:15:00,0,
2025.05.14 03:49:59,scan_executed_new_execution_bar,USDJPY,2025.05.14 03:30:00,31,
2025.05.14 03:54:59,scan_skipped_same_execution_bar,USDJPY,2025.05.14 03:30:00,0,
2025.05.14 04:04:59,scan_executed_new_execution_bar,USDJPY,2025.05.14 03:45:00,0,
2025.05.14 04:09:59,scan_skipped_same_execution_bar,USDJPY,2025.05.14 03:45:00,0,
2025.05.14 04:19:59,scan_executed_new_execution_bar,USDJPY,2025.05.14 04:00:00,0,
2025.05.14 04:24:59,scan_skipped_same_execution_bar,USDJPY,2025.05.14 04:00:00,0,
2025.05.14 04:34:59,scan_executed_new_execution_bar,USDJPY,2025.05.14 04:15:00,0,
2025.05.14 04:39:59,scan_skipped_same_execution_bar,USDJPY,2025.05.14 04:15:00,0,
2025.05.14 04:49:59,scan_executed_new_execution_bar,USDJPY,2025.05.14 04:30:00,31,
2025.05.14 04:54:59,scan_skipped_same_execution_bar,USDJPY,2025.05.14 04:30:00,0,
2025.05.14 05:04:59,scan_executed_new_execution_bar,USDJPY,2025.05.14 04:45:00,0,
2025.05.14 05:09:59,scan_skipped_same_execution_bar,USDJPY,2025.05.14 04:45:00,0,
2025.05.14 05:19:59,scan_executed_new_execution_bar,USDJPY,2025.05.14 05:00:00,0,
2025.05.14 05:24:59,scan_skipped_same_execution_bar,USDJPY,2025.05.14 05:00:00,0,
2025.05.14 05:34:59,scan_executed_new_execution_bar,USDJPY,2025.05.14 05:15:00,47,
2025.05.14 05:39:59,scan_skipped_same_execution_bar,USDJPY,2025.05.14 05:15:00,0,
2025.05.14 05:49:59,scan_executed_new_execution_bar,USDJPY,2025.05.14 05:30:00,16,
2025.05.14 05:54:59,scan_skipped_same_execution_bar,USDJPY,2025.05.14 05:30:00,0,
2025.05.14 06:04:59,scan_executed_new_execution_bar,USDJPY,2025.05.14 05:45:00,0,
2025.05.14 06:09:58,scan_skipped_same_execution_bar,USDJPY,2025.05.14 05:45:00,0,
2025.05.14 06:19:59,scan_executed_new_execution_bar,USDJPY,2025.05.14 06:00:00,0,
2025.05.14 06:24:59,scan_skipped_same_execution_bar,USDJPY,2025.05.14 06:00:00,0,
2025.05.14 06:34:59,scan_executed_new_execution_bar,USDJPY,2025.05.14 06:15:00,0,
2025.05.14 06:39:59,scan_skipped_same_execution_bar,USDJPY,2025.05.14 06:15:00,0,
2025.05.14 06:49:59,scan_executed_new_execution_bar,USDJPY,2025.05.14 06:30:00,32,
2025.05.14 06:54:59,scan_skipped_same_execution_bar,USDJPY,2025.05.14 06:30:00,0,
2025.05.14 07:04:59,scan_executed_new_execution_bar,USDJPY,2025.05.14 06:45:00,15,
2025.05.14 07:09:59,scan_skipped_same_execution_bar,USDJPY,2025.05.14 06:45:00,0,
2025.05.14 07:19:59,scan_executed_new_execution_bar,USDJPY,2025.05.14 07:00:00,0,
2025.05.14 07:24:59,scan_skipped_same_execution_bar,USDJPY,2025.05.14 07:00:00,0,
2025.05.14 07:34:59,scan_executed_new_execution_bar,USDJPY,2025.05.14 07:15:00,0,
2025.05.14 07:39:59,scan_skipped_same_execution_bar,USDJPY,2025.05.14 07:15:00,0,
2025.05.14 07:49:59,scan_executed_new_execution_bar,USDJPY,2025.05.14 07:30:00,0,
2025.05.14 07:54:59,scan_skipped_same_execution_bar,USDJPY,2025.05.14 07:30:00,0,
2025.05.14 08:04:58,scan_executed_new_execution_bar,USDJPY,2025.05.14 07:45:00,0,
2025.05.14 08:09:59,scan_skipped_same_execution_bar,USDJPY,2025.05.14 07:45:00,0,
2025.05.14 08:19:59,scan_executed_new_execution_bar,USDJPY,2025.05.14 08:00:00,15,
2025.05.14 08:24:59,scan_skipped_same_execution_bar,USDJPY,2025.05.14 08:00:00,0,
2025.05.14 08:34:59,scan_executed_new_execution_bar,USDJPY,2025.05.14 08:15:00,32,
2025.05.14 08:39:59,scan_skipped_same_execution_bar,USDJPY,2025.05.14 08:15:00,0,
2025.05.14 08:49:59,scan_executed_new_execution_bar,USDJPY,2025.05.14 08:30:00,15,
2025.05.14 08:54:59,scan_skipped_same_execution_bar,USDJPY,2025.05.14 08:30:00,0,
2025.05.14 09:04:59,scan_executed_new_execution_bar,USDJPY,2025.05.14 08:45:00,16,
2025.05.14 09:09:59,scan_skipped_same_execution_bar,USDJPY,2025.05.14 08:45:00,0,
2025.05.14 09:19:59,scan_executed_new_execution_bar,USDJPY,2025.05.14 09:00:00,0,
2025.05.14 09:24:59,scan_skipped_same_execution_bar,USDJPY,2025.05.14 09:00:00,0,
2025.05.14 09:34:59,scan_executed_new_execution_bar,USDJPY,2025.05.14 09:15:00,15,
2025.05.14 09:39:59,scan_skipped_same_execution_bar,USDJPY,2025.05.14 09:15:00,0,
2025.05.14 09:49:59,scan_executed_new_execution_bar,USDJPY,2025.05.14 09:30:00,16,
2025.05.14 09:54:59,scan_skipped_same_execution_bar,USDJPY,2025.05.14 09:30:00,0,
2025.05.14 10:05:00,scan_executed_new_execution_bar,USDJPY,2025.05.14 09:45:00,0,
2025.05.14 10:09:59,scan_skipped_same_execution_bar,USDJPY,2025.05.14 09:45:00,0,
2025.05.14 10:19:59,scan_executed_new_execution_bar,USDJPY,2025.05.14 10:00:00,0,
2025.05.14 10:24:59,scan_skipped_same_execution_bar,USDJPY,2025.05.14 10:00:00,0,
2025.05.14 10:34:59,scan_executed_new_execution_bar,USDJPY,2025.05.14 10:15:00,0,
2025.05.14 10:39:59,scan_skipped_same_execution_bar,USDJPY,2025.05.14 10:15:00,0,
2025.05.14 10:49:59,scan_executed_new_execution_bar,USDJPY,2025.05.14 10:30:00,0,
2025.05.14 10:54:59,scan_skipped_same_execution_bar,USDJPY,2025.05.14 10:30:00,0,
2025.05.14 11:04:59,scan_executed_new_execution_bar,USDJPY,2025.05.14 10:45:00,0,
2025.05.14 11:09:59,scan_skipped_same_execution_bar,USDJPY,2025.05.14 10:45:00,0,
2025.05.14 11:19:59,scan_executed_new_execution_bar,USDJPY,2025.05.14 11:00:00,0,
2025.05.14 11:24:59,scan_skipped_same_execution_bar,USDJPY,2025.05.14 11:00:00,0,
2025.05.14 11:35:00,scan_executed_new_execution_bar,USDJPY,2025.05.14 11:15:00,0,
2025.05.14 11:39:59,scan_skipped_same_execution_bar,USDJPY,2025.05.14 11:15:00,0,
2025.05.14 11:49:59,scan_executed_new_execution_bar,USDJPY,2025.05.14 11:30:00,47,
2025.05.14 11:54:59,scan_skipped_same_execution_bar,USDJPY,2025.05.14 11:30:00,0,
2025.05.14 12:04:59,scan_executed_new_execution_bar,USDJPY,2025.05.14 11:45:00,0,
2025.05.14 12:09:59,scan_skipped_same_execution_bar,USDJPY,2025.05.14 11:45:00,0,
2025.05.14 12:19:59,scan_executed_new_execution_bar,USDJPY,2025.05.14 12:00:00,0,
2025.05.14 12:24:59,scan_skipped_same_execution_bar,USDJPY,2025.05.14 12:00:00,0,
2025.05.14 12:34:59,scan_executed_new_execution_bar,USDJPY,2025.05.14 12:15:00,0,
2025.05.14 12:39:59,scan_skipped_same_execution_bar,USDJPY,2025.05.14 12:15:00,0,
2025.05.14 12:49:59,scan_executed_new_execution_bar,USDJPY,2025.05.14 12:30:00,0,
2025.05.14 12:54:59,scan_skipped_same_execution_bar,USDJPY,2025.05.14 12:30:00,0,
2025.05.14 13:04:59,scan_executed_new_execution_bar,USDJPY,2025.05.14 12:45:00,78,
2025.05.14 13:09:59,scan_skipped_same_execution_bar,USDJPY,2025.05.14 12:45:00,0,
2025.05.14 13:19:59,scan_executed_new_execution_bar,USDJPY,2025.05.14 13:00:00,31,
2025.05.14 13:24:59,scan_skipped_same_execution_bar,USDJPY,2025.05.14 13:00:00,0,
2025.05.14 13:34:59,scan_executed_new_execution_bar,USDJPY,2025.05.14 13:15:00,47,
2025.05.14 13:39:59,scan_skipped_same_execution_bar,USDJPY,2025.05.14 13:15:00,0,
2025.05.14 13:49:59,scan_executed_new_execution_bar,USDJPY,2025.05.14 13:30:00,0,
2025.05.14 13:54:59,scan_skipped_same_execution_bar,USDJPY,2025.05.14 13:30:00,0,
2025.05.14 14:04:59,scan_executed_new_execution_bar,USDJPY,2025.05.14 13:45:00,47,
2025.05.14 14:09:59,scan_skipped_same_execution_bar,USDJPY,2025.05.14 13:45:00,0,
2025.05.14 14:19:59,scan_executed_new_execution_bar,USDJPY,2025.05.14 14:00:00,31,
2025.05.14 14:25:00,scan_skipped_same_execution_bar,USDJPY,2025.05.14 14:00:00,0,
2025.05.14 14:34:59,scan_executed_new_execution_bar,USDJPY,2025.05.14 14:15:00,16,
2025.05.14 14:39:59,scan_skipped_same_execution_bar,USDJPY,2025.05.14 14:15:00,0,
2025.05.14 14:49:59,scan_executed_new_execution_bar,USDJPY,2025.05.14 14:30:00,0,
2025.05.14 14:54:59,scan_skipped_same_execution_bar,USDJPY,2025.05.14 14:30:00,0,
2025.05.14 15:04:59,scan_executed_new_execution_bar,USDJPY,2025.05.14 14:45:00,16,
2025.05.14 15:09:59,scan_skipped_same_execution_bar,USDJPY,2025.05.14 14:45:00,0,
2025.05.14 15:19:59,scan_executed_new_execution_bar,USDJPY,2025.05.14 15:00:00,0,
2025.05.14 15:24:59,scan_skipped_same_execution_bar,USDJPY,2025.05.14 15:00:00,0,
2025.05.14 15:34:59,scan_executed_new_execution_bar,USDJPY,2025.05.14 15:15:00,0,
2025.05.14 15:39:58,scan_skipped_same_execution_bar,USDJPY,2025.05.14 15:15:00,0,
2025.05.14 15:49:59,scan_executed_new_execution_bar,USDJPY,2025.05.14 15:30:00,0,
2025.05.14 15:54:59,scan_skipped_same_execution_bar,USDJPY,2025.05.14 15:30:00,0,
2025.05.14 16:04:59,scan_executed_new_execution_bar,USDJPY,2025.05.14 15:45:00,0,
2025.05.14 16:09:59,scan_skipped_same_execution_bar,USDJPY,2025.05.14 15:45:00,0,
2025.05.14 16:19:59,scan_executed_new_execution_bar,USDJPY,2025.05.14 16:00:00,0,
2025.05.14 16:24:59,scan_skipped_same_execution_bar,USDJPY,2025.05.14 16:00:00,0,
2025.05.14 16:34:59,scan_executed_new_execution_bar,USDJPY,2025.05.14 16:15:00,0,
2025.05.14 16:39:59,scan_skipped_same_execution_bar,USDJPY,2025.05.14 16:15:00,0,
2025.05.14 16:49:59,scan_executed_new_execution_bar,USDJPY,2025.05.14 16:30:00,0,
2025.05.14 16:54:59,scan_skipped_same_execution_bar,USDJPY,2025.05.14 16:30:00,0,
2025.05.14 17:04:59,scan_executed_new_execution_bar,USDJPY,2025.05.14 16:45:00,0,
2025.05.14 17:09:59,scan_skipped_same_execution_bar,USDJPY,2025.05.14 16:45:00,0,
2025.05.14 17:19:59,scan_executed_new_execution_bar,USDJPY,2025.05.14 17:00:00,0,
2025.05.14 17:24:59,scan_skipped_same_execution_bar,USDJPY,2025.05.14 17:00:00,0,
2025.05.14 17:34:59,scan_executed_new_execution_bar,USDJPY,2025.05.14 17:15:00,0,
2025.05.14 17:39:59,scan_skipped_same_execution_bar,USDJPY,2025.05.14 17:15:00,0,
2025.05.14 17:49:59,scan_executed_new_execution_bar,USDJPY,2025.05.14 17:30:00,0,
2025.05.14 17:54:59,scan_skipped_same_execution_bar,USDJPY,2025.05.14 17:30:00,0,
2025.05.14 18:04:59,scan_executed_new_execution_bar,USDJPY,2025.05.14 17:45:00,47,
2025.05.14 18:09:59,scan_skipped_same_execution_bar,USDJPY,2025.05.14 17:45:00,0,
2025.05.14 18:19:59,scan_executed_new_execution_bar,USDJPY,2025.05.14 18:00:00,0,
2025.05.14 18:24:59,scan_skipped_same_execution_bar,USDJPY,2025.05.14 18:00:00,0,
2025.05.14 18:34:59,scan_executed_new_execution_bar,USDJPY,2025.05.14 18:15:00,15,
2025.05.14 18:39:59,scan_skipped_same_execution_bar,USDJPY,2025.05.14 18:15:00,0,
2025.05.14 18:49:59,scan_executed_new_execution_bar,USDJPY,2025.05.14 18:30:00,0,
2025.05.14 18:54:59,scan_skipped_same_execution_bar,USDJPY,2025.05.14 18:30:00,0,
2025.05.14 19:04:59,scan_executed_new_execution_bar,USDJPY,2025.05.14 18:45:00,0,
2025.05.14 19:09:59,scan_skipped_same_execution_bar,USDJPY,2025.05.14 18:45:00,0,
2025.05.14 19:19:59,scan_executed_new_execution_bar,USDJPY,2025.05.14 19:00:00,16,
2025.05.14 19:24:59,scan_skipped_same_execution_bar,USDJPY,2025.05.14 19:00:00,0,
2025.05.14 19:34:58,scan_executed_new_execution_bar,USDJPY,2025.05.14 19:15:00,15,
2025.05.14 19:39:59,scan_skipped_same_execution_bar,USDJPY,2025.05.14 19:15:00,0,
2025.05.14 19:49:59,scan_executed_new_execution_bar,USDJPY,2025.05.14 19:30:00,0,
2025.05.14 19:54:59,scan_skipped_same_execution_bar,USDJPY,2025.05.14 19:30:00,0,
2025.05.14 20:04:59,scan_executed_new_execution_bar,USDJPY,2025.05.14 19:45:00,31,
2025.05.14 20:09:59,scan_skipped_same_execution_bar,USDJPY,2025.05.14 19:45:00,0,
2025.05.14 20:19:59,scan_executed_new_execution_bar,USDJPY,2025.05.14 20:00:00,15,
2025.05.14 20:24:59,scan_skipped_same_execution_bar,USDJPY,2025.05.14 20:00:00,0,
2025.05.14 20:34:59,scan_executed_new_execution_bar,USDJPY,2025.05.14 20:15:00,16,
2025.05.14 20:39:59,scan_skipped_same_execution_bar,USDJPY,2025.05.14 20:15:00,0,
2025.05.14 20:49:59,scan_executed_new_execution_bar,USDJPY,2025.05.14 20:30:00,0,
2025.05.14 20:54:59,scan_skipped_same_execution_bar,USDJPY,2025.05.14 20:30:00,0,
2025.05.14 21:04:59,scan_executed_new_execution_bar,USDJPY,2025.05.14 20:45:00,0,
2025.05.14 21:09:59,scan_skipped_same_execution_bar,USDJPY,2025.05.14 20:45:00,0,
2025.05.14 21:19:59,scan_executed_new_execution_bar,USDJPY,2025.05.14 21:00:00,0,
2025.05.14 21:24:59,scan_skipped_same_execution_bar,USDJPY,2025.05.14 21:00:00,0,
2025.05.14 21:34:59,scan_executed_new_execution_bar,USDJPY,2025.05.14 21:15:00,0,
2025.05.14 21:39:58,scan_skipped_same_execution_bar,USDJPY,2025.05.14 21:15:00,0,
2025.05.14 21:49:59,scan_executed_new_execution_bar,USDJPY,2025.05.14 21:30:00,16,
2025.05.14 21:54:59,scan_skipped_same_execution_bar,USDJPY,2025.05.14 21:30:00,0,
2025.05.14 22:05:00,scan_executed_new_execution_bar,USDJPY,2025.05.14 21:45:00,0,
2025.05.14 22:09:59,scan_skipped_same_execution_bar,USDJPY,2025.05.14 21:45:00,0,
2025.05.14 22:20:00,scan_executed_new_execution_bar,USDJPY,2025.05.14 22:00:00,0,
2025.05.14 22:24:59,scan_skipped_same_execution_bar,USDJPY,2025.05.14 22:00:00,0,
2025.05.14 22:34:59,scan_executed_new_execution_bar,USDJPY,2025.05.14 22:15:00,16,
2025.05.14 22:39:57,scan_skipped_same_execution_bar,USDJPY,2025.05.14 22:15:00,0,
2025.05.14 22:49:59,scan_executed_new_execution_bar,USDJPY,2025.05.14 22:30:00,0,
2025.05.14 22:55:00,scan_skipped_same_execution_bar,USDJPY,2025.05.14 22:30:00,0,
2025.05.14 23:05:00,scan_executed_new_execution_bar,USDJPY,2025.05.14 22:45:00,0,
2025.05.14 23:09:59,scan_skipped_same_execution_bar,USDJPY,2025.05.14 22:45:00,0,
2025.05.14 23:19:59,scan_executed_new_execution_bar,USDJPY,2025.05.14 23:00:00,0,
2025.05.14 23:24:57,scan_skipped_same_execution_bar,USDJPY,2025.05.14 23:00:00,0,
2025.05.14 23:34:59,scan_executed_new_execution_bar,USDJPY,2025.05.14 23:15:00,0,
2025.05.14 23:39:59,scan_skipped_same_execution_bar,USDJPY,2025.05.14 23:15:00,0,
2025.05.14 23:49:58,scan_executed_new_execution_bar,USDJPY,2025.05.14 23:30:00,0,
2025.05.14 23:54:59,scan_skipped_same_execution_bar,USDJPY,2025.05.14 23:30:00,0,
2025.05.15 00:04:53,scan_executed_new_execution_bar,USDJPY,2025.05.14 23:45:00,0,
2025.05.15 00:09:59,scan_skipped_same_execution_bar,USDJPY,2025.05.14 23:45:00,0,
2025.05.15 00:19:59,scan_executed_new_execution_bar,USDJPY,2025.05.15 00:00:00,0,
2025.05.15 00:24:58,scan_skipped_same_execution_bar,USDJPY,2025.05.15 00:00:00,0,
2025.05.15 00:34:57,scan_executed_new_execution_bar,USDJPY,2025.05.15 00:15:00,0,
2025.05.15 00:39:59,scan_skipped_same_execution_bar,USDJPY,2025.05.15 00:15:00,0,
2025.05.15 00:49:59,scan_executed_new_execution_bar,USDJPY,2025.05.15 00:30:00,0,
2025.05.15 00:54:58,scan_skipped_same_execution_bar,USDJPY,2025.05.15 00:30:00,0,
2025.05.15 01:04:59,scan_executed_new_execution_bar,USDJPY,2025.05.15 00:45:00,0,
2025.05.15 01:09:59,scan_skipped_same_execution_bar,USDJPY,2025.05.15 00:45:00,0,
2025.05.15 01:19:59,scan_executed_new_execution_bar,USDJPY,2025.05.15 01:00:00,16,
2025.05.15 01:24:59,scan_skipped_same_execution_bar,USDJPY,2025.05.15 01:00:00,0,
2025.05.15 01:34:55,scan_executed_new_execution_bar,USDJPY,2025.05.15 01:15:00,15,
2025.05.15 01:39:59,scan_skipped_same_execution_bar,USDJPY,2025.05.15 01:15:00,0,
2025.05.15 01:49:59,scan_executed_new_execution_bar,USDJPY,2025.05.15 01:30:00,0,
2025.05.15 01:54:58,scan_skipped_same_execution_bar,USDJPY,2025.05.15 01:30:00,0,
2025.05.15 02:04:59,scan_executed_new_execution_bar,USDJPY,2025.05.15 01:45:00,0,
2025.05.15 02:09:59,scan_skipped_same_execution_bar,USDJPY,2025.05.15 01:45:00,0,
2025.05.15 02:19:59,scan_executed_new_execution_bar,USDJPY,2025.05.15 02:00:00,0,
2025.05.15 02:24:59,scan_skipped_same_execution_bar,USDJPY,2025.05.15 02:00:00,0,
2025.05.15 02:34:58,scan_executed_new_execution_bar,USDJPY,2025.05.15 02:15:00,0,
2025.05.15 02:39:59,scan_skipped_same_execution_bar,USDJPY,2025.05.15 02:15:00,0,
2025.05.15 02:49:59,scan_executed_new_execution_bar,USDJPY,2025.05.15 02:30:00,15,
2025.05.15 02:54:59,scan_skipped_same_execution_bar,USDJPY,2025.05.15 02:30:00,0,
2025.05.15 03:04:59,scan_executed_new_execution_bar,USDJPY,2025.05.15 02:45:00,16,
2025.05.15 03:09:59,scan_skipped_same_execution_bar,USDJPY,2025.05.15 02:45:00,0,
2025.05.15 03:20:00,scan_executed_new_execution_bar,USDJPY,2025.05.15 03:00:00,0,
2025.05.15 03:24:59,scan_skipped_same_execution_bar,USDJPY,2025.05.15 03:00:00,0,
2025.05.15 03:35:00,scan_executed_new_execution_bar,USDJPY,2025.05.15 03:15:00,0,
2025.05.15 03:39:59,scan_skipped_same_execution_bar,USDJPY,2025.05.15 03:15:00,0,
2025.05.15 03:49:59,scan_executed_new_execution_bar,USDJPY,2025.05.15 03:30:00,0,
2025.05.15 03:54:59,scan_skipped_same_execution_bar,USDJPY,2025.05.15 03:30:00,0,
2025.05.15 04:04:59,scan_executed_new_execution_bar,USDJPY,2025.05.15 03:45:00,0,
2025.05.15 04:09:59,scan_skipped_same_execution_bar,USDJPY,2025.05.15 03:45:00,0,
2025.05.15 04:19:59,scan_executed_new_execution_bar,USDJPY,2025.05.15 04:00:00,0,
2025.05.15 04:24:59,scan_skipped_same_execution_bar,USDJPY,2025.05.15 04:00:00,0,
2025.05.15 04:34:59,scan_executed_new_execution_bar,USDJPY,2025.05.15 04:15:00,0,
2025.05.15 04:39:59,scan_skipped_same_execution_bar,USDJPY,2025.05.15 04:15:00,0,
2025.05.15 04:49:59,scan_executed_new_execution_bar,USDJPY,2025.05.15 04:30:00,0,
2025.05.15 04:54:59,scan_skipped_same_execution_bar,USDJPY,2025.05.15 04:30:00,0,
2025.05.15 05:04:59,scan_executed_new_execution_bar,USDJPY,2025.05.15 04:45:00,0,
2025.05.15 05:09:59,scan_skipped_same_execution_bar,USDJPY,2025.05.15 04:45:00,0,
2025.05.15 05:19:59,scan_executed_new_execution_bar,USDJPY,2025.05.15 05:00:00,15,
2025.05.15 05:24:59,scan_skipped_same_execution_bar,USDJPY,2025.05.15 05:00:00,0,
2025.05.15 05:34:59,scan_executed_new_execution_bar,USDJPY,2025.05.15 05:15:00,0,
2025.05.15 05:39:59,scan_skipped_same_execution_bar,USDJPY,2025.05.15 05:15:00,0,
2025.05.15 05:49:58,scan_executed_new_execution_bar,USDJPY,2025.05.15 05:30:00,0,
2025.05.15 05:54:59,scan_skipped_same_execution_bar,USDJPY,2025.05.15 05:30:00,0,
2025.05.15 06:04:59,scan_executed_new_execution_bar,USDJPY,2025.05.15 05:45:00,0,
2025.05.15 06:09:59,scan_skipped_same_execution_bar,USDJPY,2025.05.15 05:45:00,0,
2025.05.15 06:19:59,scan_executed_new_execution_bar,USDJPY,2025.05.15 06:00:00,16,
2025.05.15 06:24:59,scan_skipped_same_execution_bar,USDJPY,2025.05.15 06:00:00,0,
2025.05.15 06:34:59,scan_executed_new_execution_bar,USDJPY,2025.05.15 06:15:00,0,
2025.05.15 06:39:59,scan_skipped_same_execution_bar,USDJPY,2025.05.15 06:15:00,0,
2025.05.15 06:49:59,scan_executed_new_execution_bar,USDJPY,2025.05.15 06:30:00,0,
2025.05.15 06:54:59,scan_skipped_same_execution_bar,USDJPY,2025.05.15 06:30:00,0,
2025.05.15 07:04:59,scan_executed_new_execution_bar,USDJPY,2025.05.15 06:45:00,16,
2025.05.15 07:09:59,scan_skipped_same_execution_bar,USDJPY,2025.05.15 06:45:00,0,
2025.05.15 07:19:59,scan_executed_new_execution_bar,USDJPY,2025.05.15 07:00:00,0,
2025.05.15 07:24:59,scan_skipped_same_execution_bar,USDJPY,2025.05.15 07:00:00,0,
2025.05.15 07:34:59,scan_executed_new_execution_bar,USDJPY,2025.05.15 07:15:00,0,
2025.05.15 07:39:59,scan_skipped_same_execution_bar,USDJPY,2025.05.15 07:15:00,0,
2025.05.15 07:49:59,scan_executed_new_execution_bar,USDJPY,2025.05.15 07:30:00,0,
2025.05.15 07:54:59,scan_skipped_same_execution_bar,USDJPY,2025.05.15 07:30:00,0,
2025.05.15 08:04:59,scan_executed_new_execution_bar,USDJPY,2025.05.15 07:45:00,0,
2025.05.15 08:09:58,scan_skipped_same_execution_bar,USDJPY,2025.05.15 07:45:00,0,
2025.05.15 08:20:00,scan_executed_new_execution_bar,USDJPY,2025.05.15 08:00:00,0,
2025.05.15 08:24:59,scan_skipped_same_execution_bar,USDJPY,2025.05.15 08:00:00,0,
2025.05.15 08:34:59,scan_executed_new_execution_bar,USDJPY,2025.05.15 08:15:00,16,
2025.05.15 08:39:59,scan_skipped_same_execution_bar,USDJPY,2025.05.15 08:15:00,0,
2025.05.15 08:49:59,scan_executed_new_execution_bar,USDJPY,2025.05.15 08:30:00,0,
2025.05.15 08:54:59,scan_skipped_same_execution_bar,USDJPY,2025.05.15 08:30:00,0,
2025.05.15 09:04:59,scan_executed_new_execution_bar,USDJPY,2025.05.15 08:45:00,0,
2025.05.15 09:09:59,scan_skipped_same_execution_bar,USDJPY,2025.05.15 08:45:00,0,
2025.05.15 09:19:59,scan_executed_new_execution_bar,USDJPY,2025.05.15 09:00:00,16,
2025.05.15 09:24:59,scan_skipped_same_execution_bar,USDJPY,2025.05.15 09:00:00,0,
2025.05.15 09:34:59,scan_executed_new_execution_bar,USDJPY,2025.05.15 09:15:00,0,
2025.05.15 09:39:59,scan_skipped_same_execution_bar,USDJPY,2025.05.15 09:15:00,0,
2025.05.15 09:49:59,scan_executed_new_execution_bar,USDJPY,2025.05.15 09:30:00,0,
2025.05.15 09:54:59,scan_skipped_same_execution_bar,USDJPY,2025.05.15 09:30:00,0,
2025.05.15 10:04:59,scan_executed_new_execution_bar,USDJPY,2025.05.15 09:45:00,0,
2025.05.15 10:09:59,scan_skipped_same_execution_bar,USDJPY,2025.05.15 09:45:00,0,
2025.05.15 10:19:59,scan_executed_new_execution_bar,USDJPY,2025.05.15 10:00:00,15,
2025.05.15 10:24:59,scan_skipped_same_execution_bar,USDJPY,2025.05.15 10:00:00,0,
2025.05.15 10:34:59,scan_executed_new_execution_bar,USDJPY,2025.05.15 10:15:00,16,
2025.05.15 10:39:59,scan_skipped_same_execution_bar,USDJPY,2025.05.15 10:15:00,0,
2025.05.15 10:49:59,scan_executed_new_execution_bar,USDJPY,2025.05.15 10:30:00,62,
2025.05.15 10:54:59,scan_skipped_same_execution_bar,USDJPY,2025.05.15 10:30:00,0,
2025.05.15 11:04:59,scan_executed_new_execution_bar,USDJPY,2025.05.15 10:45:00,47,
2025.05.15 11:09:59,scan_skipped_same_execution_bar,USDJPY,2025.05.15 10:45:00,0,
2025.05.15 11:19:59,scan_executed_new_execution_bar,USDJPY,2025.05.15 11:00:00,16,
2025.05.15 11:24:59,scan_skipped_same_execution_bar,USDJPY,2025.05.15 11:00:00,0,
2025.05.15 11:34:59,scan_executed_new_execution_bar,USDJPY,2025.05.15 11:15:00,0,
2025.05.15 11:39:59,scan_skipped_same_execution_bar,USDJPY,2025.05.15 11:15:00,0,
2025.05.15 11:49:59,scan_executed_new_execution_bar,USDJPY,2025.05.15 11:30:00,16,
2025.05.15 11:54:59,scan_skipped_same_execution_bar,USDJPY,2025.05.15 11:30:00,0,
2025.05.15 12:04:59,scan_executed_new_execution_bar,USDJPY,2025.05.15 11:45:00,0,
2025.05.15 12:09:59,scan_skipped_same_execution_bar,USDJPY,2025.05.15 11:45:00,0,
2025.05.15 12:19:59,scan_executed_new_execution_bar,USDJPY,2025.05.15 12:00:00,31,
2025.05.15 12:24:59,scan_skipped_same_execution_bar,USDJPY,2025.05.15 12:00:00,0,
2025.05.15 12:34:59,scan_executed_new_execution_bar,USDJPY,2025.05.15 12:15:00,16,
2025.05.15 12:39:59,scan_skipped_same_execution_bar,USDJPY,2025.05.15 12:15:00,0,
2025.05.15 12:49:59,scan_executed_new_execution_bar,USDJPY,2025.05.15 12:30:00,15,
2025.05.15 12:54:59,scan_skipped_same_execution_bar,USDJPY,2025.05.15 12:30:00,0,
2025.05.15 13:04:59,scan_executed_new_execution_bar,USDJPY,2025.05.15 12:45:00,16,
2025.05.15 13:09:59,scan_skipped_same_execution_bar,USDJPY,2025.05.15 12:45:00,0,
2025.05.15 13:19:59,scan_executed_new_execution_bar,USDJPY,2025.05.15 13:00:00,0,
2025.05.15 13:24:59,scan_skipped_same_execution_bar,USDJPY,2025.05.15 13:00:00,0,
2025.05.15 13:34:58,scan_executed_new_execution_bar,USDJPY,2025.05.15 13:15:00,16,
2025.05.15 13:39:59,scan_skipped_same_execution_bar,USDJPY,2025.05.15 13:15:00,0,
2025.05.15 13:49:59,scan_executed_new_execution_bar,USDJPY,2025.05.15 13:30:00,0,
2025.05.15 13:54:59,scan_skipped_same_execution_bar,USDJPY,2025.05.15 13:30:00,0,
2025.05.15 14:04:59,scan_executed_new_execution_bar,USDJPY,2025.05.15 13:45:00,15,
2025.05.15 14:10:00,scan_skipped_same_execution_bar,USDJPY,2025.05.15 13:45:00,0,
2025.05.15 14:19:59,scan_executed_new_execution_bar,USDJPY,2025.05.15 14:00:00,0,
2025.05.15 14:24:59,scan_skipped_same_execution_bar,USDJPY,2025.05.15 14:00:00,0,
2025.05.15 14:34:59,scan_executed_new_execution_bar,USDJPY,2025.05.15 14:15:00,0,
2025.05.15 14:39:59,scan_skipped_same_execution_bar,USDJPY,2025.05.15 14:15:00,0,
2025.05.15 14:49:59,scan_executed_new_execution_bar,USDJPY,2025.05.15 14:30:00,0,
2025.05.15 14:54:59,scan_skipped_same_execution_bar,USDJPY,2025.05.15 14:30:00,0,
2025.05.15 15:04:59,scan_executed_new_execution_bar,USDJPY,2025.05.15 14:45:00,0,
2025.05.15 15:09:59,scan_skipped_same_execution_bar,USDJPY,2025.05.15 14:45:00,0,
2025.05.15 15:19:59,scan_executed_new_execution_bar,USDJPY,2025.05.15 15:00:00,0,
2025.05.15 15:24:59,scan_skipped_same_execution_bar,USDJPY,2025.05.15 15:00:00,0,
2025.05.15 15:34:59,scan_executed_new_execution_bar,USDJPY,2025.05.15 15:15:00,0,
2025.05.15 15:39:59,scan_skipped_same_execution_bar,USDJPY,2025.05.15 15:15:00,0,
2025.05.15 15:49:59,scan_executed_new_execution_bar,USDJPY,2025.05.15 15:30:00,16,
2025.05.15 15:54:59,scan_skipped_same_execution_bar,USDJPY,2025.05.15 15:30:00,0,
2025.05.15 16:04:59,scan_executed_new_execution_bar,USDJPY,2025.05.15 15:45:00,0,
2025.05.15 16:09:59,scan_skipped_same_execution_bar,USDJPY,2025.05.15 15:45:00,0,
2025.05.15 16:20:00,scan_executed_new_execution_bar,USDJPY,2025.05.15 16:00:00,16,
2025.05.15 16:24:59,scan_skipped_same_execution_bar,USDJPY,2025.05.15 16:00:00,0,
2025.05.15 16:34:59,scan_executed_new_execution_bar,USDJPY,2025.05.15 16:15:00,16,
2025.05.15 16:39:59,scan_skipped_same_execution_bar,USDJPY,2025.05.15 16:15:00,0,
2025.05.15 16:49:59,scan_executed_new_execution_bar,USDJPY,2025.05.15 16:30:00,0,
2025.05.15 16:54:59,scan_skipped_same_execution_bar,USDJPY,2025.05.15 16:30:00,0,
2025.05.15 17:00:00,scan_executed_new_execution_bar,USDJPY,2025.05.15 16:45:00,0,
2025.05.15 17:04:59,scan_skipped_same_execution_bar,USDJPY,2025.05.15 16:45:00,0,
2025.05.15 17:19:59,scan_executed_new_execution_bar,USDJPY,2025.05.15 17:00:00,0,
2025.05.15 17:24:59,scan_skipped_same_execution_bar,USDJPY,2025.05.15 17:00:00,0,
2025.05.15 17:34:59,scan_executed_new_execution_bar,USDJPY,2025.05.15 17:15:00,0,
2025.05.15 17:39:59,scan_skipped_same_execution_bar,USDJPY,2025.05.15 17:15:00,0,
2025.05.15 17:49:59,scan_executed_new_execution_bar,USDJPY,2025.05.15 17:30:00,15,
2025.05.15 17:54:59,scan_skipped_same_execution_bar,USDJPY,2025.05.15 17:30:00,0,
2025.05.15 18:04:59,scan_executed_new_execution_bar,USDJPY,2025.05.15 17:45:00,16,
2025.05.15 18:09:59,scan_skipped_same_execution_bar,USDJPY,2025.05.15 17:45:00,0,
2025.05.15 18:19:59,scan_executed_new_execution_bar,USDJPY,2025.05.15 18:00:00,31,
2025.05.15 18:24:59,scan_skipped_same_execution_bar,USDJPY,2025.05.15 18:00:00,0,
2025.05.15 18:34:59,scan_executed_new_execution_bar,USDJPY,2025.05.15 18:15:00,32,
2025.05.15 18:39:59,scan_skipped_same_execution_bar,USDJPY,2025.05.15 18:15:00,0,
2025.05.15 18:49:59,scan_executed_new_execution_bar,USDJPY,2025.05.15 18:30:00,31,
2025.05.15 18:54:59,scan_skipped_same_execution_bar,USDJPY,2025.05.15 18:30:00,0,
2025.05.15 19:04:59,scan_executed_new_execution_bar,USDJPY,2025.05.15 18:45:00,15,
2025.05.15 19:09:59,scan_skipped_same_execution_bar,USDJPY,2025.05.15 18:45:00,0,
2025.05.15 19:19:59,scan_executed_new_execution_bar,USDJPY,2025.05.15 19:00:00,0,
2025.05.15 19:24:59,scan_skipped_same_execution_bar,USDJPY,2025.05.15 19:00:00,0,
2025.05.15 19:34:59,scan_executed_new_execution_bar,USDJPY,2025.05.15 19:15:00,0,
2025.05.15 19:39:59,scan_skipped_same_execution_bar,USDJPY,2025.05.15 19:15:00,0,
2025.05.15 19:49:59,scan_executed_new_execution_bar,USDJPY,2025.05.15 19:30:00,16,
2025.05.15 19:54:59,scan_skipped_same_execution_bar,USDJPY,2025.05.15 19:30:00,0,
2025.05.15 20:04:59,scan_executed_new_execution_bar,USDJPY,2025.05.15 19:45:00,16,
2025.05.15 20:09:59,scan_skipped_same_execution_bar,USDJPY,2025.05.15 19:45:00,0,
2025.05.15 20:19:59,scan_executed_new_execution_bar,USDJPY,2025.05.15 20:00:00,16,
2025.05.15 20:24:59,scan_skipped_same_execution_bar,USDJPY,2025.05.15 20:00:00,0,
2025.05.15 20:34:59,scan_executed_new_execution_bar,USDJPY,2025.05.15 20:15:00,0,
2025.05.15 20:39:59,scan_skipped_same_execution_bar,USDJPY,2025.05.15 20:15:00,0,
2025.05.15 20:49:59,scan_executed_new_execution_bar,USDJPY,2025.05.15 20:30:00,0,
2025.05.15 20:54:59,scan_skipped_same_execution_bar,USDJPY,2025.05.15 20:30:00,0,
2025.05.15 21:04:59,scan_executed_new_execution_bar,USDJPY,2025.05.15 20:45:00,0,
2025.05.15 21:09:59,scan_skipped_same_execution_bar,USDJPY,2025.05.15 20:45:00,0,
2025.05.15 21:19:59,scan_executed_new_execution_bar,USDJPY,2025.05.15 21:00:00,16,
2025.05.15 21:24:59,scan_skipped_same_execution_bar,USDJPY,2025.05.15 21:00:00,0,
2025.05.15 21:34:59,scan_executed_new_execution_bar,USDJPY,2025.05.15 21:15:00,0,
2025.05.15 21:39:59,scan_skipped_same_execution_bar,USDJPY,2025.05.15 21:15:00,0,
2025.05.15 21:49:59,scan_executed_new_execution_bar,USDJPY,2025.05.15 21:30:00,15,
2025.05.15 21:54:56,scan_skipped_same_execution_bar,USDJPY,2025.05.15 21:30:00,0,
2025.05.15 22:04:59,scan_executed_new_execution_bar,USDJPY,2025.05.15 21:45:00,0,
2025.05.15 22:09:51,scan_skipped_same_execution_bar,USDJPY,2025.05.15 21:45:00,0,
2025.05.15 22:19:56,scan_executed_new_execution_bar,USDJPY,2025.05.15 22:00:00,0,
2025.05.15 22:24:59,scan_skipped_same_execution_bar,USDJPY,2025.05.15 22:00:00,0,
2025.05.15 22:34:59,scan_executed_new_execution_bar,USDJPY,2025.05.15 22:15:00,0,
2025.05.15 22:39:59,scan_skipped_same_execution_bar,USDJPY,2025.05.15 22:15:00,0,
2025.05.15 22:49:59,scan_executed_new_execution_bar,USDJPY,2025.05.15 22:30:00,0,
2025.05.15 22:54:59,scan_skipped_same_execution_bar,USDJPY,2025.05.15 22:30:00,0,
2025.05.15 23:04:59,scan_executed_new_execution_bar,USDJPY,2025.05.15 22:45:00,0,
2025.05.15 23:09:59,scan_skipped_same_execution_bar,USDJPY,2025.05.15 22:45:00,0,
2025.05.15 23:19:59,scan_executed_new_execution_bar,USDJPY,2025.05.15 23:00:00,0,
2025.05.15 23:24:59,scan_skipped_same_execution_bar,USDJPY,2025.05.15 23:00:00,0,
2025.05.15 23:34:59,scan_executed_new_execution_bar,USDJPY,2025.05.15 23:15:00,0,
2025.05.15 23:39:59,scan_skipped_same_execution_bar,USDJPY,2025.05.15 23:15:00,0,
2025.05.15 23:49:59,scan_executed_new_execution_bar,USDJPY,2025.05.15 23:30:00,0,
2025.05.15 23:54:57,scan_skipped_same_execution_bar,USDJPY,2025.05.15 23:30:00,0,
2025.05.16 00:04:51,scan_executed_new_execution_bar,USDJPY,2025.05.15 23:45:00,0,
2025.05.16 00:09:59,scan_skipped_same_execution_bar,USDJPY,2025.05.15 23:45:00,0,
2025.05.16 00:19:56,scan_executed_new_execution_bar,USDJPY,2025.05.16 00:00:00,0,
2025.05.16 00:24:56,scan_skipped_same_execution_bar,USDJPY,2025.05.16 00:00:00,0,
2025.05.16 00:34:59,scan_executed_new_execution_bar,USDJPY,2025.05.16 00:15:00,0,
2025.05.16 00:39:59,scan_skipped_same_execution_bar,USDJPY,2025.05.16 00:15:00,0,
2025.05.16 00:49:58,scan_executed_new_execution_bar,USDJPY,2025.05.16 00:30:00,0,
2025.05.16 00:54:59,scan_skipped_same_execution_bar,USDJPY,2025.05.16 00:30:00,0,
2025.05.16 01:04:59,scan_executed_new_execution_bar,USDJPY,2025.05.16 00:45:00,0,
2025.05.16 01:09:59,scan_skipped_same_execution_bar,USDJPY,2025.05.16 00:45:00,0,
2025.05.16 01:19:59,scan_executed_new_execution_bar,USDJPY,2025.05.16 01:00:00,0,
2025.05.16 01:24:59,scan_skipped_same_execution_bar,USDJPY,2025.05.16 01:00:00,0,
2025.05.16 01:34:59,scan_executed_new_execution_bar,USDJPY,2025.05.16 01:15:00,0,
2025.05.16 01:39:59,scan_skipped_same_execution_bar,USDJPY,2025.05.16 01:15:00,0,
2025.05.16 01:49:59,scan_executed_new_execution_bar,USDJPY,2025.05.16 01:30:00,0,
2025.05.16 01:54:59,scan_skipped_same_execution_bar,USDJPY,2025.05.16 01:30:00,0,
2025.05.16 02:04:59,scan_executed_new_execution_bar,USDJPY,2025.05.16 01:45:00,0,
2025.05.16 02:09:57,scan_skipped_same_execution_bar,USDJPY,2025.05.16 01:45:00,0,
2025.05.16 02:19:59,scan_executed_new_execution_bar,USDJPY,2025.05.16 02:00:00,16,
2025.05.16 02:24:59,scan_skipped_same_execution_bar,USDJPY,2025.05.16 02:00:00,0,
2025.05.16 02:35:00,scan_executed_new_execution_bar,USDJPY,2025.05.16 02:15:00,15,
2025.05.16 02:39:59,scan_skipped_same_execution_bar,USDJPY,2025.05.16 02:15:00,0,
2025.05.16 02:49:59,scan_executed_new_execution_bar,USDJPY,2025.05.16 02:30:00,0,
2025.05.16 02:54:59,scan_skipped_same_execution_bar,USDJPY,2025.05.16 02:30:00,0,
2025.05.16 03:04:59,scan_executed_new_execution_bar,USDJPY,2025.05.16 02:45:00,0,
2025.05.16 03:09:59,scan_skipped_same_execution_bar,USDJPY,2025.05.16 02:45:00,0,
2025.05.16 03:19:59,scan_executed_new_execution_bar,USDJPY,2025.05.16 03:00:00,0,
2025.05.16 03:24:59,scan_skipped_same_execution_bar,USDJPY,2025.05.16 03:00:00,0,
2025.05.16 03:34:59,scan_executed_new_execution_bar,USDJPY,2025.05.16 03:15:00,0,
2025.05.16 03:39:59,scan_skipped_same_execution_bar,USDJPY,2025.05.16 03:15:00,0,
2025.05.16 03:49:59,scan_executed_new_execution_bar,USDJPY,2025.05.16 03:30:00,0,
2025.05.16 03:54:59,scan_skipped_same_execution_bar,USDJPY,2025.05.16 03:30:00,0,
2025.05.16 04:04:59,scan_executed_new_execution_bar,USDJPY,2025.05.16 03:45:00,0,
2025.05.16 04:09:59,scan_skipped_same_execution_bar,USDJPY,2025.05.16 03:45:00,0,
2025.05.16 04:19:59,scan_executed_new_execution_bar,USDJPY,2025.05.16 04:00:00,0,
2025.05.16 04:24:59,scan_skipped_same_execution_bar,USDJPY,2025.05.16 04:00:00,0,
2025.05.16 04:34:59,scan_executed_new_execution_bar,USDJPY,2025.05.16 04:15:00,31,
2025.05.16 04:39:59,scan_skipped_same_execution_bar,USDJPY,2025.05.16 04:15:00,0,
2025.05.16 04:49:59,scan_executed_new_execution_bar,USDJPY,2025.05.16 04:30:00,0,
2025.05.16 04:54:59,scan_skipped_same_execution_bar,USDJPY,2025.05.16 04:30:00,0,
2025.05.16 05:04:59,scan_executed_new_execution_bar,USDJPY,2025.05.16 04:45:00,16,
2025.05.16 05:09:59,scan_skipped_same_execution_bar,USDJPY,2025.05.16 04:45:00,0,
2025.05.16 05:19:59,scan_executed_new_execution_bar,USDJPY,2025.05.16 05:00:00,0,
2025.05.16 05:24:57,scan_skipped_same_execution_bar,USDJPY,2025.05.16 05:00:00,0,
2025.05.16 05:34:59,scan_executed_new_execution_bar,USDJPY,2025.05.16 05:15:00,15,
2025.05.16 05:39:59,scan_skipped_same_execution_bar,USDJPY,2025.05.16 05:15:00,0,
2025.05.16 05:49:59,scan_executed_new_execution_bar,USDJPY,2025.05.16 05:30:00,16,
2025.05.16 05:54:59,scan_skipped_same_execution_bar,USDJPY,2025.05.16 05:30:00,0,
2025.05.16 06:04:59,scan_executed_new_execution_bar,USDJPY,2025.05.16 05:45:00,15,
2025.05.16 06:09:59,scan_skipped_same_execution_bar,USDJPY,2025.05.16 05:45:00,0,
2025.05.16 06:19:59,scan_executed_new_execution_bar,USDJPY,2025.05.16 06:00:00,0,
2025.05.16 06:24:59,scan_skipped_same_execution_bar,USDJPY,2025.05.16 06:00:00,0,
2025.05.16 06:34:58,scan_executed_new_execution_bar,USDJPY,2025.05.16 06:15:00,0,
2025.05.16 06:39:59,scan_skipped_same_execution_bar,USDJPY,2025.05.16 06:15:00,0,
2025.05.16 06:49:59,scan_executed_new_execution_bar,USDJPY,2025.05.16 06:30:00,0,
2025.05.16 06:54:59,scan_skipped_same_execution_bar,USDJPY,2025.05.16 06:30:00,0,
2025.05.16 07:04:59,scan_executed_new_execution_bar,USDJPY,2025.05.16 06:45:00,16,
2025.05.16 07:09:59,scan_skipped_same_execution_bar,USDJPY,2025.05.16 06:45:00,0,
2025.05.16 07:19:59,scan_executed_new_execution_bar,USDJPY,2025.05.16 07:00:00,0,
2025.05.16 07:24:58,scan_skipped_same_execution_bar,USDJPY,2025.05.16 07:00:00,0,
2025.05.16 07:34:59,scan_executed_new_execution_bar,USDJPY,2025.05.16 07:15:00,0,
2025.05.16 07:39:59,scan_skipped_same_execution_bar,USDJPY,2025.05.16 07:15:00,0,
2025.05.16 07:49:59,scan_executed_new_execution_bar,USDJPY,2025.05.16 07:30:00,0,
2025.05.16 07:54:59,scan_skipped_same_execution_bar,USDJPY,2025.05.16 07:30:00,0,
2025.05.16 08:04:59,scan_executed_new_execution_bar,USDJPY,2025.05.16 07:45:00,0,
2025.05.16 08:09:59,scan_skipped_same_execution_bar,USDJPY,2025.05.16 07:45:00,0,
2025.05.16 08:19:59,scan_executed_new_execution_bar,USDJPY,2025.05.16 08:00:00,0,
2025.05.16 08:24:59,scan_skipped_same_execution_bar,USDJPY,2025.05.16 08:00:00,0,
2025.05.16 08:34:59,scan_executed_new_execution_bar,USDJPY,2025.05.16 08:15:00,0,
2025.05.16 08:39:59,scan_skipped_same_execution_bar,USDJPY,2025.05.16 08:15:00,0,
2025.05.16 08:49:59,scan_executed_new_execution_bar,USDJPY,2025.05.16 08:30:00,0,
2025.05.16 08:54:59,scan_skipped_same_execution_bar,USDJPY,2025.05.16 08:30:00,0,
2025.05.16 09:04:59,scan_executed_new_execution_bar,USDJPY,2025.05.16 08:45:00,0,
2025.05.16 09:09:59,scan_skipped_same_execution_bar,USDJPY,2025.05.16 08:45:00,0,
2025.05.16 09:19:59,scan_executed_new_execution_bar,USDJPY,2025.05.16 09:00:00,0,
2025.05.16 09:24:59,scan_skipped_same_execution_bar,USDJPY,2025.05.16 09:00:00,0,
2025.05.16 09:34:59,scan_executed_new_execution_bar,USDJPY,2025.05.16 09:15:00,0,
2025.05.16 09:39:59,scan_skipped_same_execution_bar,USDJPY,2025.05.16 09:15:00,0,
2025.05.16 09:49:59,scan_executed_new_execution_bar,USDJPY,2025.05.16 09:30:00,0,
2025.05.16 09:54:59,scan_skipped_same_execution_bar,USDJPY,2025.05.16 09:30:00,0,
2025.05.16 10:04:59,scan_executed_new_execution_bar,USDJPY,2025.05.16 09:45:00,0,
2025.05.16 10:09:59,scan_skipped_same_execution_bar,USDJPY,2025.05.16 09:45:00,0,
2025.05.16 10:19:59,scan_executed_new_execution_bar,USDJPY,2025.05.16 10:00:00,0,
2025.05.16 10:24:59,scan_skipped_same_execution_bar,USDJPY,2025.05.16 10:00:00,0,
2025.05.16 10:34:59,scan_executed_new_execution_bar,USDJPY,2025.05.16 10:15:00,15,
2025.05.16 10:39:59,scan_skipped_same_execution_bar,USDJPY,2025.05.16 10:15:00,0,
2025.05.16 10:49:59,scan_executed_new_execution_bar,USDJPY,2025.05.16 10:30:00,32,
2025.05.16 10:54:59,scan_skipped_same_execution_bar,USDJPY,2025.05.16 10:30:00,0,
2025.05.16 11:04:59,scan_executed_new_execution_bar,USDJPY,2025.05.16 10:45:00,15,
2025.05.16 11:09:59,scan_skipped_same_execution_bar,USDJPY,2025.05.16 10:45:00,0,
2025.05.16 11:19:59,scan_executed_new_execution_bar,USDJPY,2025.05.16 11:00:00,0,
2025.05.16 11:24:58,scan_skipped_same_execution_bar,USDJPY,2025.05.16 11:00:00,0,
2025.05.16 11:34:59,scan_executed_new_execution_bar,USDJPY,2025.05.16 11:15:00,0,
2025.05.16 11:39:59,scan_skipped_same_execution_bar,USDJPY,2025.05.16 11:15:00,0,
2025.05.16 11:45:00,scan_executed_new_execution_bar,USDJPY,2025.05.16 11:30:00,0,
2025.05.16 11:49:59,scan_skipped_same_execution_bar,USDJPY,2025.05.16 11:30:00,0,
2025.05.16 12:05:00,scan_executed_new_execution_bar,USDJPY,2025.05.16 11:45:00,0,
2025.05.16 12:09:59,scan_skipped_same_execution_bar,USDJPY,2025.05.16 11:45:00,0,
2025.05.16 12:19:59,scan_executed_new_execution_bar,USDJPY,2025.05.16 12:00:00,16,
2025.05.16 12:24:59,scan_skipped_same_execution_bar,USDJPY,2025.05.16 12:00:00,0,
2025.05.16 12:34:59,scan_executed_new_execution_bar,USDJPY,2025.05.16 12:15:00,0,
2025.05.16 12:40:00,scan_skipped_same_execution_bar,USDJPY,2025.05.16 12:15:00,0,
2025.05.16 12:49:59,scan_executed_new_execution_bar,USDJPY,2025.05.16 12:30:00,0,
2025.05.16 12:54:59,scan_skipped_same_execution_bar,USDJPY,2025.05.16 12:30:00,0,
2025.05.16 13:04:59,scan_executed_new_execution_bar,USDJPY,2025.05.16 12:45:00,0,
2025.05.16 13:09:59,scan_skipped_same_execution_bar,USDJPY,2025.05.16 12:45:00,0,
2025.05.16 13:19:59,scan_executed_new_execution_bar,USDJPY,2025.05.16 13:00:00,31,
2025.05.16 13:24:59,scan_skipped_same_execution_bar,USDJPY,2025.05.16 13:00:00,0,
2025.05.16 13:34:59,scan_executed_new_execution_bar,USDJPY,2025.05.16 13:15:00,0,
2025.05.16 13:39:59,scan_skipped_same_execution_bar,USDJPY,2025.05.16 13:15:00,0,
2025.05.16 13:49:59,scan_executed_new_execution_bar,USDJPY,2025.05.16 13:30:00,0,
2025.05.16 13:54:59,scan_skipped_same_execution_bar,USDJPY,2025.05.16 13:30:00,0,
2025.05.16 14:04:59,scan_executed_new_execution_bar,USDJPY,2025.05.16 13:45:00,0,
2025.05.16 14:09:59,scan_skipped_same_execution_bar,USDJPY,2025.05.16 13:45:00,0,
2025.05.16 14:19:59,scan_executed_new_execution_bar,USDJPY,2025.05.16 14:00:00,16,
2025.05.16 14:24:59,scan_skipped_same_execution_bar,USDJPY,2025.05.16 14:00:00,0,
2025.05.16 14:34:59,scan_executed_new_execution_bar,USDJPY,2025.05.16 14:15:00,0,
2025.05.16 14:39:59,scan_skipped_same_execution_bar,USDJPY,2025.05.16 14:15:00,0,
2025.05.16 14:49:57,scan_executed_new_execution_bar,USDJPY,2025.05.16 14:30:00,16,
2025.05.16 14:54:59,scan_skipped_same_execution_bar,USDJPY,2025.05.16 14:30:00,0,
2025.05.16 15:04:59,scan_executed_new_execution_bar,USDJPY,2025.05.16 14:45:00,0,
2025.05.16 15:09:59,scan_skipped_same_execution_bar,USDJPY,2025.05.16 14:45:00,0,
2025.05.16 15:19:59,scan_executed_new_execution_bar,USDJPY,2025.05.16 15:00:00,0,
2025.05.16 15:24:59,scan_skipped_same_execution_bar,USDJPY,2025.05.16 15:00:00,0,
2025.05.16 15:34:59,scan_executed_new_execution_bar,USDJPY,2025.05.16 15:15:00,16,
2025.05.16 15:39:59,scan_skipped_same_execution_bar,USDJPY,2025.05.16 15:15:00,0,
2025.05.16 15:49:58,scan_executed_new_execution_bar,USDJPY,2025.05.16 15:30:00,0,
2025.05.16 15:54:59,scan_skipped_same_execution_bar,USDJPY,2025.05.16 15:30:00,0,
2025.05.16 16:04:59,scan_executed_new_execution_bar,USDJPY,2025.05.16 15:45:00,16,
2025.05.16 16:09:58,scan_skipped_same_execution_bar,USDJPY,2025.05.16 15:45:00,0,
2025.05.16 16:19:59,scan_executed_new_execution_bar,USDJPY,2025.05.16 16:00:00,16,
2025.05.16 16:24:59,scan_skipped_same_execution_bar,USDJPY,2025.05.16 16:00:00,0,
2025.05.16 16:34:59,scan_executed_new_execution_bar,USDJPY,2025.05.16 16:15:00,0,
2025.05.16 16:39:59,scan_skipped_same_execution_bar,USDJPY,2025.05.16 16:15:00,0,
2025.05.16 16:49:59,scan_executed_new_execution_bar,USDJPY,2025.05.16 16:30:00,16,
2025.05.16 16:54:59,scan_skipped_same_execution_bar,USDJPY,2025.05.16 16:30:00,0,
2025.05.16 17:04:59,scan_executed_new_execution_bar,USDJPY,2025.05.16 16:45:00,0,
2025.05.16 17:09:59,scan_skipped_same_execution_bar,USDJPY,2025.05.16 16:45:00,0,
2025.05.16 17:20:00,scan_executed_new_execution_bar,USDJPY,2025.05.16 17:00:00,0,
2025.05.16 17:25:00,scan_skipped_same_execution_bar,USDJPY,2025.05.16 17:00:00,0,
2025.05.16 17:34:59,scan_executed_new_execution_bar,USDJPY,2025.05.16 17:15:00,0,
2025.05.16 17:39:59,scan_skipped_same_execution_bar,USDJPY,2025.05.16 17:15:00,0,
2025.05.16 17:49:59,scan_executed_new_execution_bar,USDJPY,2025.05.16 17:30:00,15,
2025.05.16 17:54:59,scan_skipped_same_execution_bar,USDJPY,2025.05.16 17:30:00,0,
2025.05.16 18:04:59,scan_executed_new_execution_bar,USDJPY,2025.05.16 17:45:00,0,
2025.05.16 18:09:59,scan_skipped_same_execution_bar,USDJPY,2025.05.16 17:45:00,0,
2025.05.16 18:19:59,scan_executed_new_execution_bar,USDJPY,2025.05.16 18:00:00,0,
2025.05.16 18:24:59,scan_skipped_same_execution_bar,USDJPY,2025.05.16 18:00:00,0,
2025.05.16 18:34:59,scan_executed_new_execution_bar,USDJPY,2025.05.16 18:15:00,0,
2025.05.16 18:39:59,scan_skipped_same_execution_bar,USDJPY,2025.05.16 18:15:00,0,
2025.05.16 18:49:59,scan_executed_new_execution_bar,USDJPY,2025.05.16 18:30:00,31,
2025.05.16 18:54:59,scan_skipped_same_execution_bar,USDJPY,2025.05.16 18:30:00,0,
2025.05.16 19:04:59,scan_executed_new_execution_bar,USDJPY,2025.05.16 18:45:00,0,
2025.05.16 19:09:58,scan_skipped_same_execution_bar,USDJPY,2025.05.16 18:45:00,0,
2025.05.16 19:19:59,scan_executed_new_execution_bar,USDJPY,2025.05.16 19:00:00,0,
2025.05.16 19:24:59,scan_skipped_same_execution_bar,USDJPY,2025.05.16 19:00:00,0,
2025.05.16 19:34:58,scan_executed_new_execution_bar,USDJPY,2025.05.16 19:15:00,31,
2025.05.16 19:39:59,scan_skipped_same_execution_bar,USDJPY,2025.05.16 19:15:00,0,
2025.05.16 19:49:59,scan_executed_new_execution_bar,USDJPY,2025.05.16 19:30:00,46,
2025.05.16 19:54:59,scan_skipped_same_execution_bar,USDJPY,2025.05.16 19:30:00,0,
2025.05.16 20:04:59,scan_executed_new_execution_bar,USDJPY,2025.05.16 19:45:00,16,
2025.05.16 20:10:00,scan_skipped_same_execution_bar,USDJPY,2025.05.16 19:45:00,0,
2025.05.16 20:19:59,scan_executed_new_execution_bar,USDJPY,2025.05.16 20:00:00,16,
2025.05.16 20:24:59,scan_skipped_same_execution_bar,USDJPY,2025.05.16 20:00:00,0,
2025.05.16 20:34:59,scan_executed_new_execution_bar,USDJPY,2025.05.16 20:15:00,15,
2025.05.16 20:39:59,scan_skipped_same_execution_bar,USDJPY,2025.05.16 20:15:00,0,
2025.05.16 20:49:59,scan_executed_new_execution_bar,USDJPY,2025.05.16 20:30:00,0,
2025.05.16 20:54:58,scan_skipped_same_execution_bar,USDJPY,2025.05.16 20:30:00,0,
2025.05.16 21:04:59,scan_executed_new_execution_bar,USDJPY,2025.05.16 20:45:00,16,
2025.05.16 21:09:59,scan_skipped_same_execution_bar,USDJPY,2025.05.16 20:45:00,0,
2025.05.16 21:19:59,scan_executed_new_execution_bar,USDJPY,2025.05.16 21:00:00,0,
2025.05.16 21:24:59,scan_skipped_same_execution_bar,USDJPY,2025.05.16 21:00:00,0,
2025.05.16 21:34:59,scan_executed_new_execution_bar,USDJPY,2025.05.16 21:15:00,0,
2025.05.16 21:39:59,scan_skipped_same_execution_bar,USDJPY,2025.05.16 21:15:00,0,
2025.05.16 21:49:59,scan_executed_new_execution_bar,USDJPY,2025.05.16 21:30:00,0,
2025.05.16 21:54:58,scan_skipped_same_execution_bar,USDJPY,2025.05.16 21:30:00,0,
2025.05.16 22:04:59,scan_executed_new_execution_bar,USDJPY,2025.05.16 21:45:00,0,
2025.05.16 22:09:59,scan_skipped_same_execution_bar,USDJPY,2025.05.16 21:45:00,0,
2025.05.16 22:19:59,scan_executed_new_execution_bar,USDJPY,2025.05.16 22:00:00,0,
2025.05.16 22:24:59,scan_skipped_same_execution_bar,USDJPY,2025.05.16 22:00:00,0,
2025.05.16 22:34:59,scan_executed_new_execution_bar,USDJPY,2025.05.16 22:15:00,0,
2025.05.16 22:39:59,scan_skipped_same_execution_bar,USDJPY,2025.05.16 22:15:00,0,
2025.05.16 22:49:58,scan_executed_new_execution_bar,USDJPY,2025.05.16 22:30:00,0,
2025.05.16 22:54:59,scan_skipped_same_execution_bar,USDJPY,2025.05.16 22:30:00,0,
2025.05.16 23:04:59,scan_executed_new_execution_bar,USDJPY,2025.05.16 22:45:00,0,
2025.05.16 23:09:58,scan_skipped_same_execution_bar,USDJPY,2025.05.16 22:45:00,0,
2025.05.16 23:20:00,scan_executed_new_execution_bar,USDJPY,2025.05.16 23:00:00,0,
2025.05.16 23:24:59,scan_skipped_same_execution_bar,USDJPY,2025.05.16 23:00:00,0,
2025.05.16 23:34:59,scan_executed_new_execution_bar,USDJPY,2025.05.16 23:15:00,0,
2025.05.16 23:39:59,scan_skipped_same_execution_bar,USDJPY,2025.05.16 23:15:00,0,
2025.05.16 23:49:58,scan_executed_new_execution_bar,USDJPY,2025.05.16 23:30:00,0,
2025.05.16 23:54:59,scan_skipped_same_execution_bar,USDJPY,2025.05.16 23:30:00,0,
2025.05.19 00:04:54,scan_executed_new_execution_bar,USDJPY,2025.05.16 23:45:00,0,
2025.05.19 00:09:58,scan_skipped_same_execution_bar,USDJPY,2025.05.16 23:45:00,0,
2025.05.19 00:19:59,scan_executed_new_execution_bar,USDJPY,2025.05.19 00:00:00,0,
2025.05.19 00:24:57,scan_skipped_same_execution_bar,USDJPY,2025.05.19 00:00:00,0,
2025.05.19 00:34:50,scan_executed_new_execution_bar,USDJPY,2025.05.19 00:15:00,16,
2025.05.19 00:39:58,scan_skipped_same_execution_bar,USDJPY,2025.05.19 00:15:00,0,
2025.05.19 00:49:59,scan_executed_new_execution_bar,USDJPY,2025.05.19 00:30:00,0,
2025.05.19 00:54:59,scan_skipped_same_execution_bar,USDJPY,2025.05.19 00:30:00,0,
2025.05.19 01:04:59,scan_executed_new_execution_bar,USDJPY,2025.05.19 00:45:00,16,
2025.05.19 01:09:59,scan_skipped_same_execution_bar,USDJPY,2025.05.19 00:45:00,0,
2025.05.19 01:19:59,scan_executed_new_execution_bar,USDJPY,2025.05.19 01:00:00,0,
2025.05.19 01:24:59,scan_skipped_same_execution_bar,USDJPY,2025.05.19 01:00:00,0,
2025.05.19 01:34:59,scan_executed_new_execution_bar,USDJPY,2025.05.19 01:15:00,0,
2025.05.19 01:39:59,scan_skipped_same_execution_bar,USDJPY,2025.05.19 01:15:00,0,
2025.05.19 01:49:59,scan_executed_new_execution_bar,USDJPY,2025.05.19 01:30:00,16,
2025.05.19 01:54:59,scan_skipped_same_execution_bar,USDJPY,2025.05.19 01:30:00,0,
2025.05.19 02:04:58,scan_executed_new_execution_bar,USDJPY,2025.05.19 01:45:00,0,
2025.05.19 02:09:56,scan_skipped_same_execution_bar,USDJPY,2025.05.19 01:45:00,0,
2025.05.19 02:19:59,scan_executed_new_execution_bar,USDJPY,2025.05.19 02:00:00,15,
2025.05.19 02:24:59,scan_skipped_same_execution_bar,USDJPY,2025.05.19 02:00:00,0,
2025.05.19 02:34:59,scan_executed_new_execution_bar,USDJPY,2025.05.19 02:15:00,0,
2025.05.19 02:39:59,scan_skipped_same_execution_bar,USDJPY,2025.05.19 02:15:00,0,
2025.05.19 02:49:59,scan_executed_new_execution_bar,USDJPY,2025.05.19 02:30:00,16,
2025.05.19 02:54:59,scan_skipped_same_execution_bar,USDJPY,2025.05.19 02:30:00,0,
2025.05.19 03:04:59,scan_executed_new_execution_bar,USDJPY,2025.05.19 02:45:00,0,
2025.05.19 03:09:59,scan_skipped_same_execution_bar,USDJPY,2025.05.19 02:45:00,0,
2025.05.19 03:19:59,scan_executed_new_execution_bar,USDJPY,2025.05.19 03:00:00,0,
2025.05.19 03:24:59,scan_skipped_same_execution_bar,USDJPY,2025.05.19 03:00:00,0,
2025.05.19 03:34:59,scan_executed_new_execution_bar,USDJPY,2025.05.19 03:15:00,0,
2025.05.19 03:39:59,scan_skipped_same_execution_bar,USDJPY,2025.05.19 03:15:00,0,
2025.05.19 03:49:58,scan_executed_new_execution_bar,USDJPY,2025.05.19 03:30:00,0,
2025.05.19 03:54:59,scan_skipped_same_execution_bar,USDJPY,2025.05.19 03:30:00,0,
2025.05.19 04:04:59,scan_executed_new_execution_bar,USDJPY,2025.05.19 03:45:00,0,
2025.05.19 04:09:59,scan_skipped_same_execution_bar,USDJPY,2025.05.19 03:45:00,0,
2025.05.19 04:19:59,scan_executed_new_execution_bar,USDJPY,2025.05.19 04:00:00,31,
2025.05.19 04:24:59,scan_skipped_same_execution_bar,USDJPY,2025.05.19 04:00:00,0,
2025.05.19 04:34:59,scan_executed_new_execution_bar,USDJPY,2025.05.19 04:15:00,0,
2025.05.19 04:39:59,scan_skipped_same_execution_bar,USDJPY,2025.05.19 04:15:00,0,
2025.05.19 04:49:59,scan_executed_new_execution_bar,USDJPY,2025.05.19 04:30:00,0,
2025.05.19 04:54:59,scan_skipped_same_execution_bar,USDJPY,2025.05.19 04:30:00,0,
2025.05.19 05:04:59,scan_executed_new_execution_bar,USDJPY,2025.05.19 04:45:00,16,
2025.05.19 05:09:59,scan_skipped_same_execution_bar,USDJPY,2025.05.19 04:45:00,0,
2025.05.19 05:19:59,scan_executed_new_execution_bar,USDJPY,2025.05.19 05:00:00,0,
2025.05.19 05:24:59,scan_skipped_same_execution_bar,USDJPY,2025.05.19 05:00:00,0,
2025.05.19 05:34:58,scan_executed_new_execution_bar,USDJPY,2025.05.19 05:15:00,0,
2025.05.19 05:39:59,scan_skipped_same_execution_bar,USDJPY,2025.05.19 05:15:00,0,
2025.05.19 05:49:59,scan_executed_new_execution_bar,USDJPY,2025.05.19 05:30:00,0,
2025.05.19 05:54:59,scan_skipped_same_execution_bar,USDJPY,2025.05.19 05:30:00,0,
2025.05.19 06:04:59,scan_executed_new_execution_bar,USDJPY,2025.05.19 05:45:00,15,
2025.05.19 06:09:59,scan_skipped_same_execution_bar,USDJPY,2025.05.19 05:45:00,0,
2025.05.19 06:19:59,scan_executed_new_execution_bar,USDJPY,2025.05.19 06:00:00,16,
2025.05.19 06:24:59,scan_skipped_same_execution_bar,USDJPY,2025.05.19 06:00:00,0,
2025.05.19 06:34:58,scan_executed_new_execution_bar,USDJPY,2025.05.19 06:15:00,31,
2025.05.19 06:39:58,scan_skipped_same_execution_bar,USDJPY,2025.05.19 06:15:00,0,
2025.05.19 06:49:59,scan_executed_new_execution_bar,USDJPY,2025.05.19 06:30:00,16,
2025.05.19 06:54:59,scan_skipped_same_execution_bar,USDJPY,2025.05.19 06:30:00,0,
2025.05.19 07:04:59,scan_executed_new_execution_bar,USDJPY,2025.05.19 06:45:00,0,
2025.05.19 07:09:59,scan_skipped_same_execution_bar,USDJPY,2025.05.19 06:45:00,0,
2025.05.19 07:19:59,scan_executed_new_execution_bar,USDJPY,2025.05.19 07:00:00,0,
2025.05.19 07:24:59,scan_skipped_same_execution_bar,USDJPY,2025.05.19 07:00:00,0,
2025.05.19 07:34:59,scan_executed_new_execution_bar,USDJPY,2025.05.19 07:15:00,0,
2025.05.19 07:39:59,scan_skipped_same_execution_bar,USDJPY,2025.05.19 07:15:00,0,
2025.05.19 07:49:59,scan_executed_new_execution_bar,USDJPY,2025.05.19 07:30:00,0,
2025.05.19 07:54:58,scan_skipped_same_execution_bar,USDJPY,2025.05.19 07:30:00,0,
2025.05.19 08:04:59,scan_executed_new_execution_bar,USDJPY,2025.05.19 07:45:00,0,
2025.05.19 08:09:59,scan_skipped_same_execution_bar,USDJPY,2025.05.19 07:45:00,0,
2025.05.19 08:19:59,scan_executed_new_execution_bar,USDJPY,2025.05.19 08:00:00,0,
2025.05.19 08:24:59,scan_skipped_same_execution_bar,USDJPY,2025.05.19 08:00:00,0,
2025.05.19 08:34:59,scan_executed_new_execution_bar,USDJPY,2025.05.19 08:15:00,0,
2025.05.19 08:39:59,scan_skipped_same_execution_bar,USDJPY,2025.05.19 08:15:00,0,
2025.05.19 08:49:59,scan_executed_new_execution_bar,USDJPY,2025.05.19 08:30:00,0,
2025.05.19 08:54:59,scan_skipped_same_execution_bar,USDJPY,2025.05.19 08:30:00,0,
2025.05.19 09:00:00,scan_executed_new_execution_bar,USDJPY,2025.05.19 08:45:00,0,
2025.05.19 09:04:59,scan_skipped_same_execution_bar,USDJPY,2025.05.19 08:45:00,0,
2025.05.19 09:19:58,scan_executed_new_execution_bar,USDJPY,2025.05.19 09:00:00,0,
2025.05.19 09:24:59,scan_skipped_same_execution_bar,USDJPY,2025.05.19 09:00:00,0,
2025.05.19 09:34:59,scan_executed_new_execution_bar,USDJPY,2025.05.19 09:15:00,0,
2025.05.19 09:40:00,scan_skipped_same_execution_bar,USDJPY,2025.05.19 09:15:00,0,
2025.05.19 09:49:59,scan_executed_new_execution_bar,USDJPY,2025.05.19 09:30:00,0,
2025.05.19 09:54:58,scan_skipped_same_execution_bar,USDJPY,2025.05.19 09:30:00,0,
2025.05.19 10:04:59,scan_executed_new_execution_bar,USDJPY,2025.05.19 09:45:00,16,
2025.05.19 10:09:59,scan_skipped_same_execution_bar,USDJPY,2025.05.19 09:45:00,0,
2025.05.19 10:19:59,scan_executed_new_execution_bar,USDJPY,2025.05.19 10:00:00,0,
2025.05.19 10:24:59,scan_skipped_same_execution_bar,USDJPY,2025.05.19 10:00:00,0,
2025.05.19 10:34:59,scan_executed_new_execution_bar,USDJPY,2025.05.19 10:15:00,0,
2025.05.19 10:39:59,scan_skipped_same_execution_bar,USDJPY,2025.05.19 10:15:00,0,
2025.05.19 10:49:59,scan_executed_new_execution_bar,USDJPY,2025.05.19 10:30:00,0,
2025.05.19 10:54:59,scan_skipped_same_execution_bar,USDJPY,2025.05.19 10:30:00,0,
2025.05.19 11:04:59,scan_executed_new_execution_bar,USDJPY,2025.05.19 10:45:00,15,
2025.05.19 11:09:59,scan_skipped_same_execution_bar,USDJPY,2025.05.19 10:45:00,0,
2025.05.19 11:19:59,scan_executed_new_execution_bar,USDJPY,2025.05.19 11:00:00,0,
2025.05.19 11:24:59,scan_skipped_same_execution_bar,USDJPY,2025.05.19 11:00:00,0,
2025.05.19 11:34:59,scan_executed_new_execution_bar,USDJPY,2025.05.19 11:15:00,31,
2025.05.19 11:39:59,scan_skipped_same_execution_bar,USDJPY,2025.05.19 11:15:00,0,
2025.05.19 11:49:59,scan_executed_new_execution_bar,USDJPY,2025.05.19 11:30:00,15,
2025.05.19 11:54:59,scan_skipped_same_execution_bar,USDJPY,2025.05.19 11:30:00,0,
2025.05.19 12:04:59,scan_executed_new_execution_bar,USDJPY,2025.05.19 11:45:00,0,
2025.05.19 12:09:59,scan_skipped_same_execution_bar,USDJPY,2025.05.19 11:45:00,0,
2025.05.19 12:19:59,scan_executed_new_execution_bar,USDJPY,2025.05.19 12:00:00,0,
2025.05.19 12:24:59,scan_skipped_same_execution_bar,USDJPY,2025.05.19 12:00:00,0,
2025.05.19 12:34:59,scan_executed_new_execution_bar,USDJPY,2025.05.19 12:15:00,15,
2025.05.19 12:39:59,scan_skipped_same_execution_bar,USDJPY,2025.05.19 12:15:00,0,
2025.05.19 12:49:59,scan_executed_new_execution_bar,USDJPY,2025.05.19 12:30:00,0,
2025.05.19 12:54:59,scan_skipped_same_execution_bar,USDJPY,2025.05.19 12:30:00,0,
2025.05.19 13:04:59,scan_executed_new_execution_bar,USDJPY,2025.05.19 12:45:00,0,
2025.05.19 13:09:59,scan_skipped_same_execution_bar,USDJPY,2025.05.19 12:45:00,0,
2025.05.19 13:19:59,scan_executed_new_execution_bar,USDJPY,2025.05.19 13:00:00,16,
2025.05.19 13:24:59,scan_skipped_same_execution_bar,USDJPY,2025.05.19 13:00:00,0,
2025.05.19 13:34:59,scan_executed_new_execution_bar,USDJPY,2025.05.19 13:15:00,0,
2025.05.19 13:40:00,scan_skipped_same_execution_bar,USDJPY,2025.05.19 13:15:00,0,
2025.05.19 13:49:59,scan_executed_new_execution_bar,USDJPY,2025.05.19 13:30:00,15,
2025.05.19 13:54:59,scan_skipped_same_execution_bar,USDJPY,2025.05.19 13:30:00,0,
2025.05.19 14:04:59,scan_executed_new_execution_bar,USDJPY,2025.05.19 13:45:00,16,
2025.05.19 14:09:59,scan_skipped_same_execution_bar,USDJPY,2025.05.19 13:45:00,0,
2025.05.19 14:19:59,scan_executed_new_execution_bar,USDJPY,2025.05.19 14:00:00,31,
2025.05.19 14:24:59,scan_skipped_same_execution_bar,USDJPY,2025.05.19 14:00:00,0,
2025.05.19 14:34:59,scan_executed_new_execution_bar,USDJPY,2025.05.19 14:15:00,15,
2025.05.19 14:39:59,scan_skipped_same_execution_bar,USDJPY,2025.05.19 14:15:00,0,
2025.05.19 14:49:59,scan_executed_new_execution_bar,USDJPY,2025.05.19 14:30:00,16,
2025.05.19 14:54:59,scan_skipped_same_execution_bar,USDJPY,2025.05.19 14:30:00,0,
2025.05.19 15:05:00,scan_executed_new_execution_bar,USDJPY,2025.05.19 14:45:00,0,
2025.05.19 15:09:59,scan_skipped_same_execution_bar,USDJPY,2025.05.19 14:45:00,0,
2025.05.19 15:19:59,scan_executed_new_execution_bar,USDJPY,2025.05.19 15:00:00,16,
2025.05.19 15:24:59,scan_skipped_same_execution_bar,USDJPY,2025.05.19 15:00:00,0,
2025.05.19 15:34:59,scan_executed_new_execution_bar,USDJPY,2025.05.19 15:15:00,15,
2025.05.19 15:39:59,scan_skipped_same_execution_bar,USDJPY,2025.05.19 15:15:00,0,
2025.05.19 15:49:59,scan_executed_new_execution_bar,USDJPY,2025.05.19 15:30:00,0,
2025.05.19 15:54:59,scan_skipped_same_execution_bar,USDJPY,2025.05.19 15:30:00,0,
2025.05.19 16:04:59,scan_executed_new_execution_bar,USDJPY,2025.05.19 15:45:00,0,
2025.05.19 16:09:59,scan_skipped_same_execution_bar,USDJPY,2025.05.19 15:45:00,0,
2025.05.19 16:19:59,scan_executed_new_execution_bar,USDJPY,2025.05.19 16:00:00,0,
2025.05.19 16:24:59,scan_skipped_same_execution_bar,USDJPY,2025.05.19 16:00:00,0,
2025.05.19 16:34:59,scan_executed_new_execution_bar,USDJPY,2025.05.19 16:15:00,0,
2025.05.19 16:39:59,scan_skipped_same_execution_bar,USDJPY,2025.05.19 16:15:00,0,
2025.05.19 16:49:59,scan_executed_new_execution_bar,USDJPY,2025.05.19 16:30:00,0,
2025.05.19 16:54:59,scan_skipped_same_execution_bar,USDJPY,2025.05.19 16:30:00,0,
2025.05.19 17:04:59,scan_executed_new_execution_bar,USDJPY,2025.05.19 16:45:00,16,
2025.05.19 17:09:59,scan_skipped_same_execution_bar,USDJPY,2025.05.19 16:45:00,0,
2025.05.19 17:20:00,scan_executed_new_execution_bar,USDJPY,2025.05.19 17:00:00,0,
2025.05.19 17:24:59,scan_skipped_same_execution_bar,USDJPY,2025.05.19 17:00:00,0,
2025.05.19 17:34:59,scan_executed_new_execution_bar,USDJPY,2025.05.19 17:15:00,0,
2025.05.19 17:39:59,scan_skipped_same_execution_bar,USDJPY,2025.05.19 17:15:00,0,
2025.05.19 17:49:59,scan_executed_new_execution_bar,USDJPY,2025.05.19 17:30:00,0,
2025.05.19 17:55:00,scan_skipped_same_execution_bar,USDJPY,2025.05.19 17:30:00,0,
2025.05.19 18:04:59,scan_executed_new_execution_bar,USDJPY,2025.05.19 17:45:00,0,
2025.05.19 18:09:59,scan_skipped_same_execution_bar,USDJPY,2025.05.19 17:45:00,0,
2025.05.19 18:19:59,scan_executed_new_execution_bar,USDJPY,2025.05.19 18:00:00,0,
2025.05.19 18:24:59,scan_skipped_same_execution_bar,USDJPY,2025.05.19 18:00:00,0,
2025.05.19 18:34:58,scan_executed_new_execution_bar,USDJPY,2025.05.19 18:15:00,0,
2025.05.19 18:39:59,scan_skipped_same_execution_bar,USDJPY,2025.05.19 18:15:00,0,
2025.05.19 18:49:59,scan_executed_new_execution_bar,USDJPY,2025.05.19 18:30:00,0,
2025.05.19 18:54:59,scan_skipped_same_execution_bar,USDJPY,2025.05.19 18:30:00,0,
2025.05.19 19:04:59,scan_executed_new_execution_bar,USDJPY,2025.05.19 18:45:00,0,
2025.05.19 19:09:59,scan_skipped_same_execution_bar,USDJPY,2025.05.19 18:45:00,0,
2025.05.19 19:19:59,scan_executed_new_execution_bar,USDJPY,2025.05.19 19:00:00,0,
2025.05.19 19:24:59,scan_skipped_same_execution_bar,USDJPY,2025.05.19 19:00:00,0,
2025.05.19 19:34:59,scan_executed_new_execution_bar,USDJPY,2025.05.19 19:15:00,0,
2025.05.19 19:39:58,scan_skipped_same_execution_bar,USDJPY,2025.05.19 19:15:00,0,
2025.05.19 19:49:59,scan_executed_new_execution_bar,USDJPY,2025.05.19 19:30:00,0,
2025.05.19 19:54:59,scan_skipped_same_execution_bar,USDJPY,2025.05.19 19:30:00,0,
2025.05.19 20:04:59,scan_executed_new_execution_bar,USDJPY,2025.05.19 19:45:00,0,
2025.05.19 20:09:59,scan_skipped_same_execution_bar,USDJPY,2025.05.19 19:45:00,0,
2025.05.19 20:19:56,scan_executed_new_execution_bar,USDJPY,2025.05.19 20:00:00,0,
2025.05.19 20:25:00,scan_skipped_same_execution_bar,USDJPY,2025.05.19 20:00:00,0,
2025.05.19 20:34:59,scan_executed_new_execution_bar,USDJPY,2025.05.19 20:15:00,0,
2025.05.19 20:39:59,scan_skipped_same_execution_bar,USDJPY,2025.05.19 20:15:00,0,
2025.05.19 20:49:59,scan_executed_new_execution_bar,USDJPY,2025.05.19 20:30:00,0,
2025.05.19 20:54:59,scan_skipped_same_execution_bar,USDJPY,2025.05.19 20:30:00,0,
2025.05.19 21:05:00,scan_executed_new_execution_bar,USDJPY,2025.05.19 20:45:00,0,
2025.05.19 21:09:59,scan_skipped_same_execution_bar,USDJPY,2025.05.19 20:45:00,0,
2025.05.19 21:15:00,scan_executed_new_execution_bar,USDJPY,2025.05.19 21:00:00,0,
2025.05.19 21:19:59,scan_skipped_same_execution_bar,USDJPY,2025.05.19 21:00:00,0,
2025.05.19 21:34:59,scan_executed_new_execution_bar,USDJPY,2025.05.19 21:15:00,0,
2025.05.19 21:39:59,scan_skipped_same_execution_bar,USDJPY,2025.05.19 21:15:00,0,
2025.05.19 21:49:59,scan_executed_new_execution_bar,USDJPY,2025.05.19 21:30:00,0,
2025.05.19 21:54:59,scan_skipped_same_execution_bar,USDJPY,2025.05.19 21:30:00,0,
2025.05.19 22:04:59,scan_executed_new_execution_bar,USDJPY,2025.05.19 21:45:00,0,
2025.05.19 22:09:58,scan_skipped_same_execution_bar,USDJPY,2025.05.19 21:45:00,0,
2025.05.19 22:19:59,scan_executed_new_execution_bar,USDJPY,2025.05.19 22:00:00,0,
2025.05.19 22:24:59,scan_skipped_same_execution_bar,USDJPY,2025.05.19 22:00:00,0,
2025.05.19 22:34:59,scan_executed_new_execution_bar,USDJPY,2025.05.19 22:15:00,0,
2025.05.19 22:39:59,scan_skipped_same_execution_bar,USDJPY,2025.05.19 22:15:00,0,
2025.05.19 22:49:59,scan_executed_new_execution_bar,USDJPY,2025.05.19 22:30:00,0,
2025.05.19 22:54:59,scan_skipped_same_execution_bar,USDJPY,2025.05.19 22:30:00,0,
2025.05.19 23:04:59,scan_executed_new_execution_bar,USDJPY,2025.05.19 22:45:00,0,
2025.05.19 23:09:59,scan_skipped_same_execution_bar,USDJPY,2025.05.19 22:45:00,0,
2025.05.19 23:19:59,scan_executed_new_execution_bar,USDJPY,2025.05.19 23:00:00,0,
2025.05.19 23:24:58,scan_skipped_same_execution_bar,USDJPY,2025.05.19 23:00:00,0,
2025.05.19 23:34:59,scan_executed_new_execution_bar,USDJPY,2025.05.19 23:15:00,0,
2025.05.19 23:39:59,scan_skipped_same_execution_bar,USDJPY,2025.05.19 23:15:00,0,
2025.05.19 23:49:59,scan_executed_new_execution_bar,USDJPY,2025.05.19 23:30:00,0,
2025.05.19 23:54:59,scan_skipped_same_execution_bar,USDJPY,2025.05.19 23:30:00,0,
2025.05.20 00:04:53,scan_executed_new_execution_bar,USDJPY,2025.05.19 23:45:00,0,
2025.05.20 00:09:51,scan_skipped_same_execution_bar,USDJPY,2025.05.19 23:45:00,0,
2025.05.20 00:20:00,scan_executed_new_execution_bar,USDJPY,2025.05.20 00:00:00,0,
2025.05.20 00:24:59,scan_skipped_same_execution_bar,USDJPY,2025.05.20 00:00:00,0,
2025.05.20 00:34:55,scan_executed_new_execution_bar,USDJPY,2025.05.20 00:15:00,0,
2025.05.20 00:39:53,scan_skipped_same_execution_bar,USDJPY,2025.05.20 00:15:00,0,
2025.05.20 00:49:57,scan_executed_new_execution_bar,USDJPY,2025.05.20 00:30:00,0,
2025.05.20 00:54:52,scan_skipped_same_execution_bar,USDJPY,2025.05.20 00:30:00,0,
2025.05.20 01:04:59,scan_executed_new_execution_bar,USDJPY,2025.05.20 00:45:00,0,
2025.05.20 01:09:59,scan_skipped_same_execution_bar,USDJPY,2025.05.20 00:45:00,0,
2025.05.20 01:19:59,scan_executed_new_execution_bar,USDJPY,2025.05.20 01:00:00,0,
2025.05.20 01:24:59,scan_skipped_same_execution_bar,USDJPY,2025.05.20 01:00:00,0,
2025.05.20 01:34:58,scan_executed_new_execution_bar,USDJPY,2025.05.20 01:15:00,0,
2025.05.20 01:39:52,scan_skipped_same_execution_bar,USDJPY,2025.05.20 01:15:00,0,
2025.05.20 01:49:58,scan_executed_new_execution_bar,USDJPY,2025.05.20 01:30:00,0,
2025.05.20 01:54:59,scan_skipped_same_execution_bar,USDJPY,2025.05.20 01:30:00,0,
2025.05.20 02:04:59,scan_executed_new_execution_bar,USDJPY,2025.05.20 01:45:00,0,
2025.05.20 02:09:59,scan_skipped_same_execution_bar,USDJPY,2025.05.20 01:45:00,0,
2025.05.20 02:19:57,scan_executed_new_execution_bar,USDJPY,2025.05.20 02:00:00,0,
2025.05.20 02:24:59,scan_skipped_same_execution_bar,USDJPY,2025.05.20 02:00:00,0,
2025.05.20 02:34:59,scan_executed_new_execution_bar,USDJPY,2025.05.20 02:15:00,0,
2025.05.20 02:39:59,scan_skipped_same_execution_bar,USDJPY,2025.05.20 02:15:00,0,
2025.05.20 02:49:58,scan_executed_new_execution_bar,USDJPY,2025.05.20 02:30:00,0,
2025.05.20 02:54:59,scan_skipped_same_execution_bar,USDJPY,2025.05.20 02:30:00,0,
2025.05.20 03:04:59,scan_executed_new_execution_bar,USDJPY,2025.05.20 02:45:00,0,
2025.05.20 03:09:58,scan_skipped_same_execution_bar,USDJPY,2025.05.20 02:45:00,0,
2025.05.20 03:19:59,scan_executed_new_execution_bar,USDJPY,2025.05.20 03:00:00,0,
2025.05.20 03:24:59,scan_skipped_same_execution_bar,USDJPY,2025.05.20 03:00:00,0,
2025.05.20 03:34:59,scan_executed_new_execution_bar,USDJPY,2025.05.20 03:15:00,0,
2025.05.20 03:39:59,scan_skipped_same_execution_bar,USDJPY,2025.05.20 03:15:00,0,
2025.05.20 03:49:59,scan_executed_new_execution_bar,USDJPY,2025.05.20 03:30:00,31,
2025.05.20 03:54:59,scan_skipped_same_execution_bar,USDJPY,2025.05.20 03:30:00,0,
2025.05.20 04:04:59,scan_executed_new_execution_bar,USDJPY,2025.05.20 03:45:00,0,
2025.05.20 04:09:59,scan_skipped_same_execution_bar,USDJPY,2025.05.20 03:45:00,0,
2025.05.20 04:19:59,scan_executed_new_execution_bar,USDJPY,2025.05.20 04:00:00,0,
2025.05.20 04:24:59,scan_skipped_same_execution_bar,USDJPY,2025.05.20 04:00:00,0,
2025.05.20 04:34:59,scan_executed_new_execution_bar,USDJPY,2025.05.20 04:15:00,0,
2025.05.20 04:39:59,scan_skipped_same_execution_bar,USDJPY,2025.05.20 04:15:00,0,
2025.05.20 04:49:59,scan_executed_new_execution_bar,USDJPY,2025.05.20 04:30:00,0,
2025.05.20 04:54:59,scan_skipped_same_execution_bar,USDJPY,2025.05.20 04:30:00,0,
2025.05.20 05:04:59,scan_executed_new_execution_bar,USDJPY,2025.05.20 04:45:00,0,
2025.05.20 05:09:59,scan_skipped_same_execution_bar,USDJPY,2025.05.20 04:45:00,0,
2025.05.20 05:19:59,scan_executed_new_execution_bar,USDJPY,2025.05.20 05:00:00,15,
2025.05.20 05:24:59,scan_skipped_same_execution_bar,USDJPY,2025.05.20 05:00:00,0,
2025.05.20 05:34:59,scan_executed_new_execution_bar,USDJPY,2025.05.20 05:15:00,0,
2025.05.20 05:39:59,scan_skipped_same_execution_bar,USDJPY,2025.05.20 05:15:00,0,
2025.05.20 05:49:59,scan_executed_new_execution_bar,USDJPY,2025.05.20 05:30:00,0,
2025.05.20 05:54:59,scan_skipped_same_execution_bar,USDJPY,2025.05.20 05:30:00,0,
2025.05.20 06:04:59,scan_executed_new_execution_bar,USDJPY,2025.05.20 05:45:00,32,
2025.05.20 06:09:56,scan_skipped_same_execution_bar,USDJPY,2025.05.20 05:45:00,0,
2025.05.20 06:19:56,scan_executed_new_execution_bar,USDJPY,2025.05.20 06:00:00,0,
2025.05.20 06:24:59,scan_skipped_same_execution_bar,USDJPY,2025.05.20 06:00:00,0,
2025.05.20 06:34:59,scan_executed_new_execution_bar,USDJPY,2025.05.20 06:15:00,0,
2025.05.20 06:39:58,scan_skipped_same_execution_bar,USDJPY,2025.05.20 06:15:00,0,
2025.05.20 06:49:57,scan_executed_new_execution_bar,USDJPY,2025.05.20 06:30:00,0,
2025.05.20 06:54:59,scan_skipped_same_execution_bar,USDJPY,2025.05.20 06:30:00,0,
2025.05.20 07:04:59,scan_executed_new_execution_bar,USDJPY,2025.05.20 06:45:00,0,
2025.05.20 07:09:59,scan_skipped_same_execution_bar,USDJPY,2025.05.20 06:45:00,0,
2025.05.20 07:19:59,scan_executed_new_execution_bar,USDJPY,2025.05.20 07:00:00,0,
2025.05.20 07:24:58,scan_skipped_same_execution_bar,USDJPY,2025.05.20 07:00:00,0,
2025.05.20 07:34:59,scan_executed_new_execution_bar,USDJPY,2025.05.20 07:15:00,0,
2025.05.20 07:39:59,scan_skipped_same_execution_bar,USDJPY,2025.05.20 07:15:00,0,
2025.05.20 07:49:59,scan_executed_new_execution_bar,USDJPY,2025.05.20 07:30:00,0,
2025.05.20 07:55:00,scan_skipped_same_execution_bar,USDJPY,2025.05.20 07:30:00,0,
2025.05.20 08:04:59,scan_executed_new_execution_bar,USDJPY,2025.05.20 07:45:00,16,
2025.05.20 08:09:59,scan_skipped_same_execution_bar,USDJPY,2025.05.20 07:45:00,0,
2025.05.20 08:19:59,scan_executed_new_execution_bar,USDJPY,2025.05.20 08:00:00,15,
2025.05.20 08:24:59,scan_skipped_same_execution_bar,USDJPY,2025.05.20 08:00:00,0,
2025.05.20 08:34:59,scan_executed_new_execution_bar,USDJPY,2025.05.20 08:15:00,0,
2025.05.20 08:39:59,scan_skipped_same_execution_bar,USDJPY,2025.05.20 08:15:00,0,
2025.05.20 08:49:59,scan_executed_new_execution_bar,USDJPY,2025.05.20 08:30:00,0,
2025.05.20 08:54:59,scan_skipped_same_execution_bar,USDJPY,2025.05.20 08:30:00,0,
2025.05.20 09:04:59,scan_executed_new_execution_bar,USDJPY,2025.05.20 08:45:00,0,
2025.05.20 09:09:59,scan_skipped_same_execution_bar,USDJPY,2025.05.20 08:45:00,0,
2025.05.20 09:19:59,scan_executed_new_execution_bar,USDJPY,2025.05.20 09:00:00,16,
2025.05.20 09:24:58,scan_skipped_same_execution_bar,USDJPY,2025.05.20 09:00:00,0,
2025.05.20 09:34:59,scan_executed_new_execution_bar,USDJPY,2025.05.20 09:15:00,32,
2025.05.20 09:39:59,scan_skipped_same_execution_bar,USDJPY,2025.05.20 09:15:00,0,
2025.05.20 09:49:59,scan_executed_new_execution_bar,USDJPY,2025.05.20 09:30:00,0,
2025.05.20 09:54:59,scan_skipped_same_execution_bar,USDJPY,2025.05.20 09:30:00,0,
2025.05.20 10:04:59,scan_executed_new_execution_bar,USDJPY,2025.05.20 09:45:00,16,
2025.05.20 10:09:59,scan_skipped_same_execution_bar,USDJPY,2025.05.20 09:45:00,0,
2025.05.20 10:19:59,scan_executed_new_execution_bar,USDJPY,2025.05.20 10:00:00,0,
2025.05.20 10:24:59,scan_skipped_same_execution_bar,USDJPY,2025.05.20 10:00:00,0,
2025.05.20 10:34:59,scan_executed_new_execution_bar,USDJPY,2025.05.20 10:15:00,0,
2025.05.20 10:39:59,scan_skipped_same_execution_bar,USDJPY,2025.05.20 10:15:00,0,
2025.05.20 10:49:59,scan_executed_new_execution_bar,USDJPY,2025.05.20 10:30:00,0,
2025.05.20 10:54:59,scan_skipped_same_execution_bar,USDJPY,2025.05.20 10:30:00,0,
2025.05.20 11:04:59,scan_executed_new_execution_bar,USDJPY,2025.05.20 10:45:00,0,
2025.05.20 11:09:59,scan_skipped_same_execution_bar,USDJPY,2025.05.20 10:45:00,0,
2025.05.20 11:19:59,scan_executed_new_execution_bar,USDJPY,2025.05.20 11:00:00,31,
2025.05.20 11:24:59,scan_skipped_same_execution_bar,USDJPY,2025.05.20 11:00:00,0,
2025.05.20 11:34:59,scan_executed_new_execution_bar,USDJPY,2025.05.20 11:15:00,47,
2025.05.20 11:39:59,scan_skipped_same_execution_bar,USDJPY,2025.05.20 11:15:00,0,
2025.05.20 11:49:59,scan_executed_new_execution_bar,USDJPY,2025.05.20 11:30:00,15,
2025.05.20 11:54:59,scan_skipped_same_execution_bar,USDJPY,2025.05.20 11:30:00,0,
2025.05.20 12:05:00,scan_executed_new_execution_bar,USDJPY,2025.05.20 11:45:00,16,
2025.05.20 12:09:59,scan_skipped_same_execution_bar,USDJPY,2025.05.20 11:45:00,0,
2025.05.20 12:19:59,scan_executed_new_execution_bar,USDJPY,2025.05.20 12:00:00,0,
2025.05.20 12:24:59,scan_skipped_same_execution_bar,USDJPY,2025.05.20 12:00:00,0,
2025.05.20 12:34:59,scan_executed_new_execution_bar,USDJPY,2025.05.20 12:15:00,16,
2025.05.20 12:39:59,scan_skipped_same_execution_bar,USDJPY,2025.05.20 12:15:00,0,
2025.05.20 12:49:59,scan_executed_new_execution_bar,USDJPY,2025.05.20 12:30:00,0,
2025.05.20 12:54:59,scan_skipped_same_execution_bar,USDJPY,2025.05.20 12:30:00,0,
2025.05.20 13:04:59,scan_executed_new_execution_bar,USDJPY,2025.05.20 12:45:00,0,
2025.05.20 13:09:59,scan_skipped_same_execution_bar,USDJPY,2025.05.20 12:45:00,0,
2025.05.20 13:19:58,scan_executed_new_execution_bar,USDJPY,2025.05.20 13:00:00,0,
2025.05.20 13:24:58,scan_skipped_same_execution_bar,USDJPY,2025.05.20 13:00:00,0,
2025.05.20 13:34:59,scan_executed_new_execution_bar,USDJPY,2025.05.20 13:15:00,0,
2025.05.20 13:39:59,scan_skipped_same_execution_bar,USDJPY,2025.05.20 13:15:00,0,
2025.05.20 13:49:59,scan_executed_new_execution_bar,USDJPY,2025.05.20 13:30:00,0,
2025.05.20 13:54:59,scan_skipped_same_execution_bar,USDJPY,2025.05.20 13:30:00,0,
2025.05.20 14:04:59,scan_executed_new_execution_bar,USDJPY,2025.05.20 13:45:00,0,
2025.05.20 14:09:59,scan_skipped_same_execution_bar,USDJPY,2025.05.20 13:45:00,0,
2025.05.20 14:19:59,scan_executed_new_execution_bar,USDJPY,2025.05.20 14:00:00,0,
2025.05.20 14:24:59,scan_skipped_same_execution_bar,USDJPY,2025.05.20 14:00:00,0,
2025.05.20 14:34:59,scan_executed_new_execution_bar,USDJPY,2025.05.20 14:15:00,0,
2025.05.20 14:39:59,scan_skipped_same_execution_bar,USDJPY,2025.05.20 14:15:00,0,
2025.05.20 14:49:59,scan_executed_new_execution_bar,USDJPY,2025.05.20 14:30:00,0,
2025.05.20 14:54:59,scan_skipped_same_execution_bar,USDJPY,2025.05.20 14:30:00,0,
2025.05.20 15:04:59,scan_executed_new_execution_bar,USDJPY,2025.05.20 14:45:00,16,
2025.05.20 15:09:59,scan_skipped_same_execution_bar,USDJPY,2025.05.20 14:45:00,0,
2025.05.20 15:19:59,scan_executed_new_execution_bar,USDJPY,2025.05.20 15:00:00,0,
2025.05.20 15:24:59,scan_skipped_same_execution_bar,USDJPY,2025.05.20 15:00:00,0,
2025.05.20 15:34:59,scan_executed_new_execution_bar,USDJPY,2025.05.20 15:15:00,0,
2025.05.20 15:39:59,scan_skipped_same_execution_bar,USDJPY,2025.05.20 15:15:00,0,
2025.05.20 15:49:59,scan_executed_new_execution_bar,USDJPY,2025.05.20 15:30:00,0,
2025.05.20 15:54:59,scan_skipped_same_execution_bar,USDJPY,2025.05.20 15:30:00,0,
2025.05.20 16:05:00,scan_executed_new_execution_bar,USDJPY,2025.05.20 15:45:00,15,
2025.05.20 16:09:59,scan_skipped_same_execution_bar,USDJPY,2025.05.20 15:45:00,0,
2025.05.20 16:19:59,scan_executed_new_execution_bar,USDJPY,2025.05.20 16:00:00,0,
2025.05.20 16:24:59,scan_skipped_same_execution_bar,USDJPY,2025.05.20 16:00:00,0,
2025.05.20 16:34:59,scan_executed_new_execution_bar,USDJPY,2025.05.20 16:15:00,0,
2025.05.20 16:39:59,scan_skipped_same_execution_bar,USDJPY,2025.05.20 16:15:00,0,
2025.05.20 16:49:59,scan_executed_new_execution_bar,USDJPY,2025.05.20 16:30:00,0,
2025.05.20 16:55:00,scan_skipped_same_execution_bar,USDJPY,2025.05.20 16:30:00,0,
2025.05.20 17:04:59,scan_executed_new_execution_bar,USDJPY,2025.05.20 16:45:00,16,
2025.05.20 17:09:59,scan_skipped_same_execution_bar,USDJPY,2025.05.20 16:45:00,0,
2025.05.20 17:19:59,scan_executed_new_execution_bar,USDJPY,2025.05.20 17:00:00,0,
2025.05.20 17:24:59,scan_skipped_same_execution_bar,USDJPY,2025.05.20 17:00:00,0,
2025.05.20 17:34:59,scan_executed_new_execution_bar,USDJPY,2025.05.20 17:15:00,0,
2025.05.20 17:39:59,scan_skipped_same_execution_bar,USDJPY,2025.05.20 17:15:00,0,
2025.05.20 17:49:59,scan_executed_new_execution_bar,USDJPY,2025.05.20 17:30:00,0,
2025.05.20 17:54:59,scan_skipped_same_execution_bar,USDJPY,2025.05.20 17:30:00,0,
2025.05.20 18:04:59,scan_executed_new_execution_bar,USDJPY,2025.05.20 17:45:00,0,
2025.05.20 18:09:59,scan_skipped_same_execution_bar,USDJPY,2025.05.20 17:45:00,0,
2025.05.20 18:19:59,scan_executed_new_execution_bar,USDJPY,2025.05.20 18:00:00,16,
2025.05.20 18:24:59,scan_skipped_same_execution_bar,USDJPY,2025.05.20 18:00:00,0,
2025.05.20 18:34:59,scan_executed_new_execution_bar,USDJPY,2025.05.20 18:15:00,16,
2025.05.20 18:39:59,scan_skipped_same_execution_bar,USDJPY,2025.05.20 18:15:00,0,
2025.05.20 18:49:59,scan_executed_new_execution_bar,USDJPY,2025.05.20 18:30:00,0,
2025.05.20 18:54:59,scan_skipped_same_execution_bar,USDJPY,2025.05.20 18:30:00,0,
2025.05.20 19:04:59,scan_executed_new_execution_bar,USDJPY,2025.05.20 18:45:00,0,
2025.05.20 19:09:59,scan_skipped_same_execution_bar,USDJPY,2025.05.20 18:45:00,0,
2025.05.20 19:19:59,scan_executed_new_execution_bar,USDJPY,2025.05.20 19:00:00,0,
2025.05.20 19:24:59,scan_skipped_same_execution_bar,USDJPY,2025.05.20 19:00:00,0,
2025.05.20 19:34:59,scan_executed_new_execution_bar,USDJPY,2025.05.20 19:15:00,0,
2025.05.20 19:39:59,scan_skipped_same_execution_bar,USDJPY,2025.05.20 19:15:00,0,
2025.05.20 19:49:59,scan_executed_new_execution_bar,USDJPY,2025.05.20 19:30:00,0,
2025.05.20 19:54:58,scan_skipped_same_execution_bar,USDJPY,2025.05.20 19:30:00,0,
2025.05.20 20:04:59,scan_executed_new_execution_bar,USDJPY,2025.05.20 19:45:00,16,
2025.05.20 20:09:59,scan_skipped_same_execution_bar,USDJPY,2025.05.20 19:45:00,0,
2025.05.20 20:19:59,scan_executed_new_execution_bar,USDJPY,2025.05.20 20:00:00,31,
2025.05.20 20:24:59,scan_skipped_same_execution_bar,USDJPY,2025.05.20 20:00:00,0,
2025.05.20 20:34:59,scan_executed_new_execution_bar,USDJPY,2025.05.20 20:15:00,15,
2025.05.20 20:39:59,scan_skipped_same_execution_bar,USDJPY,2025.05.20 20:15:00,0,
2025.05.20 20:49:59,scan_executed_new_execution_bar,USDJPY,2025.05.20 20:30:00,0,
2025.05.20 20:54:59,scan_skipped_same_execution_bar,USDJPY,2025.05.20 20:30:00,0,
2025.05.20 21:04:59,scan_executed_new_execution_bar,USDJPY,2025.05.20 20:45:00,0,
2025.05.20 21:09:59,scan_skipped_same_execution_bar,USDJPY,2025.05.20 20:45:00,0,
2025.05.20 21:20:00,scan_executed_new_execution_bar,USDJPY,2025.05.20 21:00:00,0,
2025.05.20 21:24:59,scan_skipped_same_execution_bar,USDJPY,2025.05.20 21:00:00,0,
2025.05.20 21:34:59,scan_executed_new_execution_bar,USDJPY,2025.05.20 21:15:00,0,
2025.05.20 21:39:59,scan_skipped_same_execution_bar,USDJPY,2025.05.20 21:15:00,0,
2025.05.20 21:49:59,scan_executed_new_execution_bar,USDJPY,2025.05.20 21:30:00,0,
2025.05.20 21:54:59,scan_skipped_same_execution_bar,USDJPY,2025.05.20 21:30:00,0,
2025.05.20 22:04:59,scan_executed_new_execution_bar,USDJPY,2025.05.20 21:45:00,16,
2025.05.20 22:09:59,scan_skipped_same_execution_bar,USDJPY,2025.05.20 21:45:00,0,
2025.05.20 22:19:59,scan_executed_new_execution_bar,USDJPY,2025.05.20 22:00:00,0,
2025.05.20 22:24:59,scan_skipped_same_execution_bar,USDJPY,2025.05.20 22:00:00,0,
2025.05.20 22:34:58,scan_executed_new_execution_bar,USDJPY,2025.05.20 22:15:00,0,
2025.05.20 22:39:59,scan_skipped_same_execution_bar,USDJPY,2025.05.20 22:15:00,0,
2025.05.20 22:49:58,scan_executed_new_execution_bar,USDJPY,2025.05.20 22:30:00,0,
2025.05.20 22:54:59,scan_skipped_same_execution_bar,USDJPY,2025.05.20 22:30:00,0,
2025.05.20 23:04:59,scan_executed_new_execution_bar,USDJPY,2025.05.20 22:45:00,0,
2025.05.20 23:09:58,scan_skipped_same_execution_bar,USDJPY,2025.05.20 22:45:00,0,
2025.05.20 23:19:58,scan_executed_new_execution_bar,USDJPY,2025.05.20 23:00:00,0,
2025.05.20 23:24:59,scan_skipped_same_execution_bar,USDJPY,2025.05.20 23:00:00,0,
2025.05.20 23:34:59,scan_executed_new_execution_bar,USDJPY,2025.05.20 23:15:00,0,
2025.05.20 23:39:58,scan_skipped_same_execution_bar,USDJPY,2025.05.20 23:15:00,0,
2025.05.20 23:49:59,scan_executed_new_execution_bar,USDJPY,2025.05.20 23:30:00,0,
2025.05.20 23:54:59,scan_skipped_same_execution_bar,USDJPY,2025.05.20 23:30:00,0,
2025.05.21 00:04:59,scan_executed_new_execution_bar,USDJPY,2025.05.20 23:45:00,0,
2025.05.21 00:09:59,scan_skipped_same_execution_bar,USDJPY,2025.05.20 23:45:00,0,
2025.05.21 00:19:53,scan_executed_new_execution_bar,USDJPY,2025.05.21 00:00:00,0,
2025.05.21 00:24:59,scan_skipped_same_execution_bar,USDJPY,2025.05.21 00:00:00,0,
2025.05.21 00:34:55,scan_executed_new_execution_bar,USDJPY,2025.05.21 00:15:00,0,
2025.05.21 00:39:57,scan_skipped_same_execution_bar,USDJPY,2025.05.21 00:15:00,0,
2025.05.21 00:49:56,scan_executed_new_execution_bar,USDJPY,2025.05.21 00:30:00,0,
2025.05.21 00:54:58,scan_skipped_same_execution_bar,USDJPY,2025.05.21 00:30:00,0,
2025.05.21 01:04:59,scan_executed_new_execution_bar,USDJPY,2025.05.21 00:45:00,0,
2025.05.21 01:09:59,scan_skipped_same_execution_bar,USDJPY,2025.05.21 00:45:00,0,
2025.05.21 01:19:59,scan_executed_new_execution_bar,USDJPY,2025.05.21 01:00:00,0,
2025.05.21 01:24:58,scan_skipped_same_execution_bar,USDJPY,2025.05.21 01:00:00,0,
2025.05.21 01:34:59,scan_executed_new_execution_bar,USDJPY,2025.05.21 01:15:00,16,
2025.05.21 01:39:59,scan_skipped_same_execution_bar,USDJPY,2025.05.21 01:15:00,0,
2025.05.21 01:49:59,scan_executed_new_execution_bar,USDJPY,2025.05.21 01:30:00,0,
2025.05.21 01:54:59,scan_skipped_same_execution_bar,USDJPY,2025.05.21 01:30:00,0,
2025.05.21 02:04:59,scan_executed_new_execution_bar,USDJPY,2025.05.21 01:45:00,0,
2025.05.21 02:09:58,scan_skipped_same_execution_bar,USDJPY,2025.05.21 01:45:00,0,
2025.05.21 02:19:59,scan_executed_new_execution_bar,USDJPY,2025.05.21 02:00:00,0,
2025.05.21 02:24:59,scan_skipped_same_execution_bar,USDJPY,2025.05.21 02:00:00,0,
2025.05.21 02:34:59,scan_executed_new_execution_bar,USDJPY,2025.05.21 02:15:00,0,
2025.05.21 02:39:59,scan_skipped_same_execution_bar,USDJPY,2025.05.21 02:15:00,0,
2025.05.21 02:49:59,scan_executed_new_execution_bar,USDJPY,2025.05.21 02:30:00,16,
2025.05.21 02:54:59,scan_skipped_same_execution_bar,USDJPY,2025.05.21 02:30:00,0,
2025.05.21 03:04:59,scan_executed_new_execution_bar,USDJPY,2025.05.21 02:45:00,0,
2025.05.21 03:09:59,scan_skipped_same_execution_bar,USDJPY,2025.05.21 02:45:00,0,
2025.05.21 03:19:59,scan_executed_new_execution_bar,USDJPY,2025.05.21 03:00:00,0,
2025.05.21 03:24:59,scan_skipped_same_execution_bar,USDJPY,2025.05.21 03:00:00,0,
2025.05.21 03:34:59,scan_executed_new_execution_bar,USDJPY,2025.05.21 03:15:00,0,
2025.05.21 03:39:59,scan_skipped_same_execution_bar,USDJPY,2025.05.21 03:15:00,0,
2025.05.21 03:49:59,scan_executed_new_execution_bar,USDJPY,2025.05.21 03:30:00,31,
2025.05.21 03:54:59,scan_skipped_same_execution_bar,USDJPY,2025.05.21 03:30:00,0,
2025.05.21 04:04:59,scan_executed_new_execution_bar,USDJPY,2025.05.21 03:45:00,0,
2025.05.21 04:09:59,scan_skipped_same_execution_bar,USDJPY,2025.05.21 03:45:00,0,
2025.05.21 04:19:59,scan_executed_new_execution_bar,USDJPY,2025.05.21 04:00:00,0,
2025.05.21 04:24:59,scan_skipped_same_execution_bar,USDJPY,2025.05.21 04:00:00,0,
2025.05.21 04:34:59,scan_executed_new_execution_bar,USDJPY,2025.05.21 04:15:00,31,
2025.05.21 04:39:59,scan_skipped_same_execution_bar,USDJPY,2025.05.21 04:15:00,0,
2025.05.21 04:49:59,scan_executed_new_execution_bar,USDJPY,2025.05.21 04:30:00,0,
2025.05.21 04:54:59,scan_skipped_same_execution_bar,USDJPY,2025.05.21 04:30:00,0,
2025.05.21 05:04:59,scan_executed_new_execution_bar,USDJPY,2025.05.21 04:45:00,0,
2025.05.21 05:09:59,scan_skipped_same_execution_bar,USDJPY,2025.05.21 04:45:00,0,
2025.05.21 05:19:59,scan_executed_new_execution_bar,USDJPY,2025.05.21 05:00:00,0,
2025.05.21 05:24:59,scan_skipped_same_execution_bar,USDJPY,2025.05.21 05:00:00,0,
2025.05.21 05:34:59,scan_executed_new_execution_bar,USDJPY,2025.05.21 05:15:00,0,
2025.05.21 05:39:59,scan_skipped_same_execution_bar,USDJPY,2025.05.21 05:15:00,0,
2025.05.21 05:49:59,scan_executed_new_execution_bar,USDJPY,2025.05.21 05:30:00,0,
2025.05.21 05:54:59,scan_skipped_same_execution_bar,USDJPY,2025.05.21 05:30:00,0,
2025.05.21 06:04:58,scan_executed_new_execution_bar,USDJPY,2025.05.21 05:45:00,0,
2025.05.21 06:09:59,scan_skipped_same_execution_bar,USDJPY,2025.05.21 05:45:00,0,
2025.05.21 06:19:59,scan_executed_new_execution_bar,USDJPY,2025.05.21 06:00:00,16,
2025.05.21 06:24:59,scan_skipped_same_execution_bar,USDJPY,2025.05.21 06:00:00,0,
2025.05.21 06:34:59,scan_executed_new_execution_bar,USDJPY,2025.05.21 06:15:00,0,
2025.05.21 06:39:59,scan_skipped_same_execution_bar,USDJPY,2025.05.21 06:15:00,0,
2025.05.21 06:49:59,scan_executed_new_execution_bar,USDJPY,2025.05.21 06:30:00,16,
2025.05.21 06:54:59,scan_skipped_same_execution_bar,USDJPY,2025.05.21 06:30:00,0,
2025.05.21 07:04:59,scan_executed_new_execution_bar,USDJPY,2025.05.21 06:45:00,0,
2025.05.21 07:09:58,scan_skipped_same_execution_bar,USDJPY,2025.05.21 06:45:00,0,
2025.05.21 07:19:59,scan_executed_new_execution_bar,USDJPY,2025.05.21 07:00:00,31,
2025.05.21 07:24:59,scan_skipped_same_execution_bar,USDJPY,2025.05.21 07:00:00,0,
2025.05.21 07:34:59,scan_executed_new_execution_bar,USDJPY,2025.05.21 07:15:00,15,
2025.05.21 07:39:58,scan_skipped_same_execution_bar,USDJPY,2025.05.21 07:15:00,0,
2025.05.21 07:49:59,scan_executed_new_execution_bar,USDJPY,2025.05.21 07:30:00,0,
2025.05.21 07:54:59,scan_skipped_same_execution_bar,USDJPY,2025.05.21 07:30:00,0,
2025.05.21 08:04:59,scan_executed_new_execution_bar,USDJPY,2025.05.21 07:45:00,16,
2025.05.21 08:09:59,scan_skipped_same_execution_bar,USDJPY,2025.05.21 07:45:00,0,
2025.05.21 08:19:58,scan_executed_new_execution_bar,USDJPY,2025.05.21 08:00:00,15,
2025.05.21 08:24:59,scan_skipped_same_execution_bar,USDJPY,2025.05.21 08:00:00,0,
2025.05.21 08:34:59,scan_executed_new_execution_bar,USDJPY,2025.05.21 08:15:00,0,
2025.05.21 08:39:59,scan_skipped_same_execution_bar,USDJPY,2025.05.21 08:15:00,0,
2025.05.21 08:49:59,scan_executed_new_execution_bar,USDJPY,2025.05.21 08:30:00,0,
2025.05.21 08:54:59,scan_skipped_same_execution_bar,USDJPY,2025.05.21 08:30:00,0,
2025.05.21 09:04:59,scan_executed_new_execution_bar,USDJPY,2025.05.21 08:45:00,0,
2025.05.21 09:09:59,scan_skipped_same_execution_bar,USDJPY,2025.05.21 08:45:00,0,
2025.05.21 09:19:59,scan_executed_new_execution_bar,USDJPY,2025.05.21 09:00:00,16,
2025.05.21 09:24:59,scan_skipped_same_execution_bar,USDJPY,2025.05.21 09:00:00,0,
2025.05.21 09:34:59,scan_executed_new_execution_bar,USDJPY,2025.05.21 09:15:00,0,
2025.05.21 09:39:59,scan_skipped_same_execution_bar,USDJPY,2025.05.21 09:15:00,0,
2025.05.21 09:49:59,scan_executed_new_execution_bar,USDJPY,2025.05.21 09:30:00,16,
2025.05.21 09:54:59,scan_skipped_same_execution_bar,USDJPY,2025.05.21 09:30:00,0,
2025.05.21 10:04:59,scan_executed_new_execution_bar,USDJPY,2025.05.21 09:45:00,31,
2025.05.21 10:09:59,scan_skipped_same_execution_bar,USDJPY,2025.05.21 09:45:00,0,
2025.05.21 10:19:59,scan_executed_new_execution_bar,USDJPY,2025.05.21 10:00:00,16,
2025.05.21 10:24:59,scan_skipped_same_execution_bar,USDJPY,2025.05.21 10:00:00,0,
2025.05.21 10:34:59,scan_executed_new_execution_bar,USDJPY,2025.05.21 10:15:00,0,
2025.05.21 10:39:59,scan_skipped_same_execution_bar,USDJPY,2025.05.21 10:15:00,0,
2025.05.21 10:49:59,scan_executed_new_execution_bar,USDJPY,2025.05.21 10:30:00,0,
2025.05.21 10:54:59,scan_skipped_same_execution_bar,USDJPY,2025.05.21 10:30:00,0,
2025.05.21 11:04:59,scan_executed_new_execution_bar,USDJPY,2025.05.21 10:45:00,15,
2025.05.21 11:09:59,scan_skipped_same_execution_bar,USDJPY,2025.05.21 10:45:00,0,
2025.05.21 11:19:59,scan_executed_new_execution_bar,USDJPY,2025.05.21 11:00:00,0,
2025.05.21 11:24:59,scan_skipped_same_execution_bar,USDJPY,2025.05.21 11:00:00,0,
2025.05.21 11:34:59,scan_executed_new_execution_bar,USDJPY,2025.05.21 11:15:00,31,
2025.05.21 11:39:59,scan_skipped_same_execution_bar,USDJPY,2025.05.21 11:15:00,0,
2025.05.21 11:49:59,scan_executed_new_execution_bar,USDJPY,2025.05.21 11:30:00,31,
2025.05.21 11:55:00,scan_skipped_same_execution_bar,USDJPY,2025.05.21 11:30:00,0,
2025.05.21 12:04:59,scan_executed_new_execution_bar,USDJPY,2025.05.21 11:45:00,0,
2025.05.21 12:09:59,scan_skipped_same_execution_bar,USDJPY,2025.05.21 11:45:00,0,
2025.05.21 12:19:59,scan_executed_new_execution_bar,USDJPY,2025.05.21 12:00:00,0,
2025.05.21 12:24:59,scan_skipped_same_execution_bar,USDJPY,2025.05.21 12:00:00,0,
2025.05.21 12:34:59,scan_executed_new_execution_bar,USDJPY,2025.05.21 12:15:00,16,
2025.05.21 12:39:59,scan_skipped_same_execution_bar,USDJPY,2025.05.21 12:15:00,0,
2025.05.21 12:49:59,scan_executed_new_execution_bar,USDJPY,2025.05.21 12:30:00,16,
2025.05.21 12:54:59,scan_skipped_same_execution_bar,USDJPY,2025.05.21 12:30:00,0,
2025.05.21 13:04:59,scan_executed_new_execution_bar,USDJPY,2025.05.21 12:45:00,0,
2025.05.21 13:09:59,scan_skipped_same_execution_bar,USDJPY,2025.05.21 12:45:00,0,
2025.05.21 13:19:59,scan_executed_new_execution_bar,USDJPY,2025.05.21 13:00:00,0,
2025.05.21 13:24:59,scan_skipped_same_execution_bar,USDJPY,2025.05.21 13:00:00,0,
2025.05.21 13:34:59,scan_executed_new_execution_bar,USDJPY,2025.05.21 13:15:00,0,
2025.05.21 13:39:59,scan_skipped_same_execution_bar,USDJPY,2025.05.21 13:15:00,0,
2025.05.21 13:49:59,scan_executed_new_execution_bar,USDJPY,2025.05.21 13:30:00,15,
2025.05.21 13:54:59,scan_skipped_same_execution_bar,USDJPY,2025.05.21 13:30:00,0,
2025.05.21 14:04:59,scan_executed_new_execution_bar,USDJPY,2025.05.21 13:45:00,15,
2025.05.21 14:09:59,scan_skipped_same_execution_bar,USDJPY,2025.05.21 13:45:00,0,
2025.05.21 14:19:59,scan_executed_new_execution_bar,USDJPY,2025.05.21 14:00:00,16,
2025.05.21 14:24:58,scan_skipped_same_execution_bar,USDJPY,2025.05.21 14:00:00,0,
2025.05.21 14:34:59,scan_executed_new_execution_bar,USDJPY,2025.05.21 14:15:00,0,
2025.05.21 14:39:59,scan_skipped_same_execution_bar,USDJPY,2025.05.21 14:15:00,0,
2025.05.21 14:49:59,scan_executed_new_execution_bar,USDJPY,2025.05.21 14:30:00,0,
2025.05.21 14:54:59,scan_skipped_same_execution_bar,USDJPY,2025.05.21 14:30:00,0,
2025.05.21 15:04:59,scan_executed_new_execution_bar,USDJPY,2025.05.21 14:45:00,16,
2025.05.21 15:09:59,scan_skipped_same_execution_bar,USDJPY,2025.05.21 14:45:00,0,
2025.05.21 15:19:59,scan_executed_new_execution_bar,USDJPY,2025.05.21 15:00:00,0,
2025.05.21 15:24:59,scan_skipped_same_execution_bar,USDJPY,2025.05.21 15:00:00,0,
2025.05.21 15:34:59,scan_executed_new_execution_bar,USDJPY,2025.05.21 15:15:00,16,
2025.05.21 15:39:59,scan_skipped_same_execution_bar,USDJPY,2025.05.21 15:15:00,0,
2025.05.21 15:49:58,scan_executed_new_execution_bar,USDJPY,2025.05.21 15:30:00,0,
2025.05.21 15:54:59,scan_skipped_same_execution_bar,USDJPY,2025.05.21 15:30:00,0,
2025.05.21 16:04:59,scan_executed_new_execution_bar,USDJPY,2025.05.21 15:45:00,0,
2025.05.21 16:09:59,scan_skipped_same_execution_bar,USDJPY,2025.05.21 15:45:00,0,
2025.05.21 16:19:59,scan_executed_new_execution_bar,USDJPY,2025.05.21 16:00:00,47,
2025.05.21 16:24:59,scan_skipped_same_execution_bar,USDJPY,2025.05.21 16:00:00,0,
2025.05.21 16:34:59,scan_executed_new_execution_bar,USDJPY,2025.05.21 16:15:00,0,
2025.05.21 16:40:00,scan_skipped_same_execution_bar,USDJPY,2025.05.21 16:15:00,0,
2025.05.21 16:49:59,scan_executed_new_execution_bar,USDJPY,2025.05.21 16:30:00,16,
2025.05.21 16:54:59,scan_skipped_same_execution_bar,USDJPY,2025.05.21 16:30:00,0,
2025.05.21 17:04:59,scan_executed_new_execution_bar,USDJPY,2025.05.21 16:45:00,0,
2025.05.21 17:09:59,scan_skipped_same_execution_bar,USDJPY,2025.05.21 16:45:00,0,
2025.05.21 17:19:59,scan_executed_new_execution_bar,USDJPY,2025.05.21 17:00:00,0,
2025.05.21 17:24:59,scan_skipped_same_execution_bar,USDJPY,2025.05.21 17:00:00,0,
2025.05.21 17:34:59,scan_executed_new_execution_bar,USDJPY,2025.05.21 17:15:00,31,
2025.05.21 17:39:59,scan_skipped_same_execution_bar,USDJPY,2025.05.21 17:15:00,0,
2025.05.21 17:49:59,scan_executed_new_execution_bar,USDJPY,2025.05.21 17:30:00,0,
2025.05.21 17:54:59,scan_skipped_same_execution_bar,USDJPY,2025.05.21 17:30:00,0,
2025.05.21 18:04:59,scan_executed_new_execution_bar,USDJPY,2025.05.21 17:45:00,15,
2025.05.21 18:09:59,scan_skipped_same_execution_bar,USDJPY,2025.05.21 17:45:00,0,
2025.05.21 18:19:59,scan_executed_new_execution_bar,USDJPY,2025.05.21 18:00:00,0,
2025.05.21 18:24:59,scan_skipped_same_execution_bar,USDJPY,2025.05.21 18:00:00,0,
2025.05.21 18:34:59,scan_executed_new_execution_bar,USDJPY,2025.05.21 18:15:00,31,
2025.05.21 18:39:59,scan_skipped_same_execution_bar,USDJPY,2025.05.21 18:15:00,0,
2025.05.21 18:49:59,scan_executed_new_execution_bar,USDJPY,2025.05.21 18:30:00,16,
2025.05.21 18:54:59,scan_skipped_same_execution_bar,USDJPY,2025.05.21 18:30:00,0,
2025.05.21 19:04:59,scan_executed_new_execution_bar,USDJPY,2025.05.21 18:45:00,15,
2025.05.21 19:09:59,scan_skipped_same_execution_bar,USDJPY,2025.05.21 18:45:00,0,
2025.05.21 19:19:59,scan_executed_new_execution_bar,USDJPY,2025.05.21 19:00:00,0,
2025.05.21 19:24:59,scan_skipped_same_execution_bar,USDJPY,2025.05.21 19:00:00,0,
2025.05.21 19:34:59,scan_executed_new_execution_bar,USDJPY,2025.05.21 19:15:00,15,
2025.05.21 19:39:59,scan_skipped_same_execution_bar,USDJPY,2025.05.21 19:15:00,0,
2025.05.21 19:49:58,scan_executed_new_execution_bar,USDJPY,2025.05.21 19:30:00,0,
2025.05.21 19:54:59,scan_skipped_same_execution_bar,USDJPY,2025.05.21 19:30:00,0,
2025.05.21 20:04:59,scan_executed_new_execution_bar,USDJPY,2025.05.21 19:45:00,31,
2025.05.21 20:09:59,scan_skipped_same_execution_bar,USDJPY,2025.05.21 19:45:00,0,
2025.05.21 20:19:58,scan_executed_new_execution_bar,USDJPY,2025.05.21 20:00:00,0,
2025.05.21 20:24:59,scan_skipped_same_execution_bar,USDJPY,2025.05.21 20:00:00,0,
2025.05.21 20:34:59,scan_executed_new_execution_bar,USDJPY,2025.05.21 20:15:00,0,
2025.05.21 20:39:59,scan_skipped_same_execution_bar,USDJPY,2025.05.21 20:15:00,0,
2025.05.21 20:49:59,scan_executed_new_execution_bar,USDJPY,2025.05.21 20:30:00,16,
2025.05.21 20:54:59,scan_skipped_same_execution_bar,USDJPY,2025.05.21 20:30:00,0,
2025.05.21 21:04:59,scan_executed_new_execution_bar,USDJPY,2025.05.21 20:45:00,0,
2025.05.21 21:09:58,scan_skipped_same_execution_bar,USDJPY,2025.05.21 20:45:00,0,
2025.05.21 21:19:59,scan_executed_new_execution_bar,USDJPY,2025.05.21 21:00:00,47,
2025.05.21 21:24:59,scan_skipped_same_execution_bar,USDJPY,2025.05.21 21:00:00,0,
2025.05.21 21:34:59,scan_executed_new_execution_bar,USDJPY,2025.05.21 21:15:00,0,
2025.05.21 21:40:00,scan_skipped_same_execution_bar,USDJPY,2025.05.21 21:15:00,0,
2025.05.21 21:49:59,scan_executed_new_execution_bar,USDJPY,2025.05.21 21:30:00,0,
2025.05.21 21:54:59,scan_skipped_same_execution_bar,USDJPY,2025.05.21 21:30:00,0,
2025.05.21 22:04:59,scan_executed_new_execution_bar,USDJPY,2025.05.21 21:45:00,16,
2025.05.21 22:09:59,scan_skipped_same_execution_bar,USDJPY,2025.05.21 21:45:00,0,
2025.05.21 22:19:59,scan_executed_new_execution_bar,USDJPY,2025.05.21 22:00:00,0,
2025.05.21 22:24:59,scan_skipped_same_execution_bar,USDJPY,2025.05.21 22:00:00,0,
2025.05.21 22:34:59,scan_executed_new_execution_bar,USDJPY,2025.05.21 22:15:00,0,
2025.05.21 22:39:59,scan_skipped_same_execution_bar,USDJPY,2025.05.21 22:15:00,0,
2025.05.21 22:49:59,scan_executed_new_execution_bar,USDJPY,2025.05.21 22:30:00,16,
2025.05.21 22:54:59,scan_skipped_same_execution_bar,USDJPY,2025.05.21 22:30:00,0,
2025.05.21 23:04:58,scan_executed_new_execution_bar,USDJPY,2025.05.21 22:45:00,0,
2025.05.21 23:09:58,scan_skipped_same_execution_bar,USDJPY,2025.05.21 22:45:00,0,
2025.05.21 23:19:59,scan_executed_new_execution_bar,USDJPY,2025.05.21 23:00:00,16,
2025.05.21 23:24:59,scan_skipped_same_execution_bar,USDJPY,2025.05.21 23:00:00,0,
2025.05.21 23:34:59,scan_executed_new_execution_bar,USDJPY,2025.05.21 23:15:00,16,
2025.05.21 23:39:59,scan_skipped_same_execution_bar,USDJPY,2025.05.21 23:15:00,0,
2025.05.21 23:49:59,scan_executed_new_execution_bar,USDJPY,2025.05.21 23:30:00,31,
2025.05.21 23:54:59,scan_skipped_same_execution_bar,USDJPY,2025.05.21 23:30:00,0,
2025.05.22 00:04:55,scan_executed_new_execution_bar,USDJPY,2025.05.21 23:45:00,0,
2025.05.22 00:09:59,scan_skipped_same_execution_bar,USDJPY,2025.05.21 23:45:00,0,
2025.05.22 00:19:59,scan_executed_new_execution_bar,USDJPY,2025.05.22 00:00:00,0,
2025.05.22 00:24:56,scan_skipped_same_execution_bar,USDJPY,2025.05.22 00:00:00,0,
2025.05.22 00:34:58,scan_executed_new_execution_bar,USDJPY,2025.05.22 00:15:00,0,
2025.05.22 00:39:57,scan_skipped_same_execution_bar,USDJPY,2025.05.22 00:15:00,0,
2025.05.22 00:49:56,scan_executed_new_execution_bar,USDJPY,2025.05.22 00:30:00,0,
2025.05.22 00:54:59,scan_skipped_same_execution_bar,USDJPY,2025.05.22 00:30:00,0,
2025.05.22 01:04:59,scan_executed_new_execution_bar,USDJPY,2025.05.22 00:45:00,0,
2025.05.22 01:09:59,scan_skipped_same_execution_bar,USDJPY,2025.05.22 00:45:00,0,
2025.05.22 01:19:59,scan_executed_new_execution_bar,USDJPY,2025.05.22 01:00:00,0,
2025.05.22 01:24:59,scan_skipped_same_execution_bar,USDJPY,2025.05.22 01:00:00,0,
2025.05.22 01:34:59,scan_executed_new_execution_bar,USDJPY,2025.05.22 01:15:00,0,
2025.05.22 01:39:59,scan_skipped_same_execution_bar,USDJPY,2025.05.22 01:15:00,0,
2025.05.22 01:49:59,scan_executed_new_execution_bar,USDJPY,2025.05.22 01:30:00,0,
2025.05.22 01:54:59,scan_skipped_same_execution_bar,USDJPY,2025.05.22 01:30:00,0,
2025.05.22 02:04:59,scan_executed_new_execution_bar,USDJPY,2025.05.22 01:45:00,0,
2025.05.22 02:09:59,scan_skipped_same_execution_bar,USDJPY,2025.05.22 01:45:00,0,
2025.05.22 02:19:59,scan_executed_new_execution_bar,USDJPY,2025.05.22 02:00:00,15,
2025.05.22 02:24:59,scan_skipped_same_execution_bar,USDJPY,2025.05.22 02:00:00,0,
2025.05.22 02:35:00,scan_executed_new_execution_bar,USDJPY,2025.05.22 02:15:00,16,
2025.05.22 02:39:59,scan_skipped_same_execution_bar,USDJPY,2025.05.22 02:15:00,0,
2025.05.22 02:50:00,scan_executed_new_execution_bar,USDJPY,2025.05.22 02:30:00,47,
2025.05.22 02:54:59,scan_skipped_same_execution_bar,USDJPY,2025.05.22 02:30:00,0,
2025.05.22 03:04:59,scan_executed_new_execution_bar,USDJPY,2025.05.22 02:45:00,0,
2025.05.22 03:09:59,scan_skipped_same_execution_bar,USDJPY,2025.05.22 02:45:00,0,
2025.05.22 03:19:59,scan_executed_new_execution_bar,USDJPY,2025.05.22 03:00:00,0,
2025.05.22 03:24:59,scan_skipped_same_execution_bar,USDJPY,2025.05.22 03:00:00,0,
2025.05.22 03:34:59,scan_executed_new_execution_bar,USDJPY,2025.05.22 03:15:00,0,
2025.05.22 03:39:59,scan_skipped_same_execution_bar,USDJPY,2025.05.22 03:15:00,0,
2025.05.22 03:49:59,scan_executed_new_execution_bar,USDJPY,2025.05.22 03:30:00,0,
2025.05.22 03:54:59,scan_skipped_same_execution_bar,USDJPY,2025.05.22 03:30:00,0,
2025.05.22 04:05:00,scan_executed_new_execution_bar,USDJPY,2025.05.22 03:45:00,16,
2025.05.22 04:09:59,scan_skipped_same_execution_bar,USDJPY,2025.05.22 03:45:00,0,
2025.05.22 04:20:00,scan_executed_new_execution_bar,USDJPY,2025.05.22 04:00:00,15,
2025.05.22 04:24:59,scan_skipped_same_execution_bar,USDJPY,2025.05.22 04:00:00,0,
2025.05.22 04:34:59,scan_executed_new_execution_bar,USDJPY,2025.05.22 04:15:00,0,
2025.05.22 04:39:59,scan_skipped_same_execution_bar,USDJPY,2025.05.22 04:15:00,0,
2025.05.22 04:49:59,scan_executed_new_execution_bar,USDJPY,2025.05.22 04:30:00,0,
2025.05.22 04:54:59,scan_skipped_same_execution_bar,USDJPY,2025.05.22 04:30:00,0,
2025.05.22 05:04:59,scan_executed_new_execution_bar,USDJPY,2025.05.22 04:45:00,16,
2025.05.22 05:09:59,scan_skipped_same_execution_bar,USDJPY,2025.05.22 04:45:00,0,
2025.05.22 05:19:59,scan_executed_new_execution_bar,USDJPY,2025.05.22 05:00:00,0,
2025.05.22 05:24:59,scan_skipped_same_execution_bar,USDJPY,2025.05.22 05:00:00,0,
2025.05.22 05:34:59,scan_executed_new_execution_bar,USDJPY,2025.05.22 05:15:00,32,
2025.05.22 05:39:59,scan_skipped_same_execution_bar,USDJPY,2025.05.22 05:15:00,0,
2025.05.22 05:49:59,scan_executed_new_execution_bar,USDJPY,2025.05.22 05:30:00,0,
2025.05.22 05:54:59,scan_skipped_same_execution_bar,USDJPY,2025.05.22 05:30:00,0,
2025.05.22 06:04:59,scan_executed_new_execution_bar,USDJPY,2025.05.22 05:45:00,0,
2025.05.22 06:09:59,scan_skipped_same_execution_bar,USDJPY,2025.05.22 05:45:00,0,
2025.05.22 06:19:59,scan_executed_new_execution_bar,USDJPY,2025.05.22 06:00:00,47,
2025.05.22 06:24:57,scan_skipped_same_execution_bar,USDJPY,2025.05.22 06:00:00,0,
2025.05.22 06:34:59,scan_executed_new_execution_bar,USDJPY,2025.05.22 06:15:00,0,
2025.05.22 06:39:59,scan_skipped_same_execution_bar,USDJPY,2025.05.22 06:15:00,0,
2025.05.22 06:49:58,scan_executed_new_execution_bar,USDJPY,2025.05.22 06:30:00,16,
2025.05.22 06:54:59,scan_skipped_same_execution_bar,USDJPY,2025.05.22 06:30:00,0,
2025.05.22 07:04:59,scan_executed_new_execution_bar,USDJPY,2025.05.22 06:45:00,31,
2025.05.22 07:09:59,scan_skipped_same_execution_bar,USDJPY,2025.05.22 06:45:00,0,
2025.05.22 07:19:59,scan_executed_new_execution_bar,USDJPY,2025.05.22 07:00:00,0,
2025.05.22 07:24:59,scan_skipped_same_execution_bar,USDJPY,2025.05.22 07:00:00,0,
2025.05.22 07:34:59,scan_executed_new_execution_bar,USDJPY,2025.05.22 07:15:00,0,
2025.05.22 07:39:59,scan_skipped_same_execution_bar,USDJPY,2025.05.22 07:15:00,0,
2025.05.22 07:49:59,scan_executed_new_execution_bar,USDJPY,2025.05.22 07:30:00,16,
2025.05.22 07:54:59,scan_skipped_same_execution_bar,USDJPY,2025.05.22 07:30:00,0,
2025.05.22 08:04:59,scan_executed_new_execution_bar,USDJPY,2025.05.22 07:45:00,0,
2025.05.22 08:09:59,scan_skipped_same_execution_bar,USDJPY,2025.05.22 07:45:00,0,
2025.05.22 08:20:00,scan_executed_new_execution_bar,USDJPY,2025.05.22 08:00:00,0,
2025.05.22 08:24:59,scan_skipped_same_execution_bar,USDJPY,2025.05.22 08:00:00,0,
2025.05.22 08:35:00,scan_executed_new_execution_bar,USDJPY,2025.05.22 08:15:00,16,
2025.05.22 08:39:59,scan_skipped_same_execution_bar,USDJPY,2025.05.22 08:15:00,0,
2025.05.22 08:49:59,scan_executed_new_execution_bar,USDJPY,2025.05.22 08:30:00,15,
2025.05.22 08:54:59,scan_skipped_same_execution_bar,USDJPY,2025.05.22 08:30:00,0,
2025.05.22 09:04:59,scan_executed_new_execution_bar,USDJPY,2025.05.22 08:45:00,16,
2025.05.22 09:09:59,scan_skipped_same_execution_bar,USDJPY,2025.05.22 08:45:00,0,
2025.05.22 09:19:59,scan_executed_new_execution_bar,USDJPY,2025.05.22 09:00:00,0,
2025.05.22 09:24:59,scan_skipped_same_execution_bar,USDJPY,2025.05.22 09:00:00,0,
2025.05.22 09:34:59,scan_executed_new_execution_bar,USDJPY,2025.05.22 09:15:00,0,
2025.05.22 09:39:59,scan_skipped_same_execution_bar,USDJPY,2025.05.22 09:15:00,0,
2025.05.22 09:49:59,scan_executed_new_execution_bar,USDJPY,2025.05.22 09:30:00,0,
2025.05.22 09:54:59,scan_skipped_same_execution_bar,USDJPY,2025.05.22 09:30:00,0,
2025.05.22 10:04:59,scan_executed_new_execution_bar,USDJPY,2025.05.22 09:45:00,0,
2025.05.22 10:09:59,scan_skipped_same_execution_bar,USDJPY,2025.05.22 09:45:00,0,
2025.05.22 10:19:59,scan_executed_new_execution_bar,USDJPY,2025.05.22 10:00:00,0,
2025.05.22 10:24:59,scan_skipped_same_execution_bar,USDJPY,2025.05.22 10:00:00,0,
2025.05.22 10:34:59,scan_executed_new_execution_bar,USDJPY,2025.05.22 10:15:00,0,
2025.05.22 10:39:59,scan_skipped_same_execution_bar,USDJPY,2025.05.22 10:15:00,0,
2025.05.22 10:49:59,scan_executed_new_execution_bar,USDJPY,2025.05.22 10:30:00,0,
2025.05.22 10:54:59,scan_skipped_same_execution_bar,USDJPY,2025.05.22 10:30:00,0,
2025.05.22 11:04:59,scan_executed_new_execution_bar,USDJPY,2025.05.22 10:45:00,16,
2025.05.22 11:09:59,scan_skipped_same_execution_bar,USDJPY,2025.05.22 10:45:00,0,
2025.05.22 11:20:00,scan_executed_new_execution_bar,USDJPY,2025.05.22 11:00:00,0,
2025.05.22 11:24:59,scan_skipped_same_execution_bar,USDJPY,2025.05.22 11:00:00,0,
2025.05.22 11:34:59,scan_executed_new_execution_bar,USDJPY,2025.05.22 11:15:00,47,
2025.05.22 11:39:59,scan_skipped_same_execution_bar,USDJPY,2025.05.22 11:15:00,0,
2025.05.22 11:49:59,scan_executed_new_execution_bar,USDJPY,2025.05.22 11:30:00,15,
2025.05.22 11:54:59,scan_skipped_same_execution_bar,USDJPY,2025.05.22 11:30:00,0,
2025.05.22 12:04:59,scan_executed_new_execution_bar,USDJPY,2025.05.22 11:45:00,0,
2025.05.22 12:09:59,scan_skipped_same_execution_bar,USDJPY,2025.05.22 11:45:00,0,
2025.05.22 12:19:59,scan_executed_new_execution_bar,USDJPY,2025.05.22 12:00:00,32,
2025.05.22 12:25:00,scan_skipped_same_execution_bar,USDJPY,2025.05.22 12:00:00,0,
2025.05.22 12:34:59,scan_executed_new_execution_bar,USDJPY,2025.05.22 12:15:00,47,
2025.05.22 12:39:59,scan_skipped_same_execution_bar,USDJPY,2025.05.22 12:15:00,0,
2025.05.22 12:50:00,scan_executed_new_execution_bar,USDJPY,2025.05.22 12:30:00,16,
2025.05.22 12:54:59,scan_skipped_same_execution_bar,USDJPY,2025.05.22 12:30:00,0,
2025.05.22 13:04:59,scan_executed_new_execution_bar,USDJPY,2025.05.22 12:45:00,31,
2025.05.22 13:09:59,scan_skipped_same_execution_bar,USDJPY,2025.05.22 12:45:00,0,
2025.05.22 13:19:59,scan_executed_new_execution_bar,USDJPY,2025.05.22 13:00:00,31,
2025.05.22 13:24:58,scan_skipped_same_execution_bar,USDJPY,2025.05.22 13:00:00,0,
2025.05.22 13:34:59,scan_executed_new_execution_bar,USDJPY,2025.05.22 13:15:00,16,
2025.05.22 13:39:59,scan_skipped_same_execution_bar,USDJPY,2025.05.22 13:15:00,0,
2025.05.22 13:49:59,scan_executed_new_execution_bar,USDJPY,2025.05.22 13:30:00,15,
2025.05.22 13:54:59,scan_skipped_same_execution_bar,USDJPY,2025.05.22 13:30:00,0,
2025.05.22 14:04:59,scan_executed_new_execution_bar,USDJPY,2025.05.22 13:45:00,0,
2025.05.22 14:09:59,scan_skipped_same_execution_bar,USDJPY,2025.05.22 13:45:00,0,
2025.05.22 14:19:58,scan_executed_new_execution_bar,USDJPY,2025.05.22 14:00:00,31,
2025.05.22 14:24:59,scan_skipped_same_execution_bar,USDJPY,2025.05.22 14:00:00,0,
2025.05.22 14:34:59,scan_executed_new_execution_bar,USDJPY,2025.05.22 14:15:00,31,
2025.05.22 14:39:59,scan_skipped_same_execution_bar,USDJPY,2025.05.22 14:15:00,0,
2025.05.22 14:49:59,scan_executed_new_execution_bar,USDJPY,2025.05.22 14:30:00,31,
2025.05.22 14:54:59,scan_skipped_same_execution_bar,USDJPY,2025.05.22 14:30:00,0,
2025.05.22 15:04:59,scan_executed_new_execution_bar,USDJPY,2025.05.22 14:45:00,0,
2025.05.22 15:09:59,scan_skipped_same_execution_bar,USDJPY,2025.05.22 14:45:00,0,
2025.05.22 15:19:59,scan_executed_new_execution_bar,USDJPY,2025.05.22 15:00:00,31,
2025.05.22 15:24:59,scan_skipped_same_execution_bar,USDJPY,2025.05.22 15:00:00,0,
2025.05.22 15:34:59,scan_executed_new_execution_bar,USDJPY,2025.05.22 15:15:00,0,
2025.05.22 15:39:59,scan_skipped_same_execution_bar,USDJPY,2025.05.22 15:15:00,0,
2025.05.22 15:49:59,scan_executed_new_execution_bar,USDJPY,2025.05.22 15:30:00,0,
2025.05.22 15:54:59,scan_skipped_same_execution_bar,USDJPY,2025.05.22 15:30:00,0,
2025.05.22 16:04:59,scan_executed_new_execution_bar,USDJPY,2025.05.22 15:45:00,16,
2025.05.22 16:09:59,scan_skipped_same_execution_bar,USDJPY,2025.05.22 15:45:00,0,
2025.05.22 16:19:59,scan_executed_new_execution_bar,USDJPY,2025.05.22 16:00:00,15,
2025.05.22 16:24:59,scan_skipped_same_execution_bar,USDJPY,2025.05.22 16:00:00,0,
2025.05.22 16:34:59,scan_executed_new_execution_bar,USDJPY,2025.05.22 16:15:00,0,
2025.05.22 16:39:59,scan_skipped_same_execution_bar,USDJPY,2025.05.22 16:15:00,0,
2025.05.22 16:49:59,scan_executed_new_execution_bar,USDJPY,2025.05.22 16:30:00,15,
2025.05.22 16:54:59,scan_skipped_same_execution_bar,USDJPY,2025.05.22 16:30:00,0,
2025.05.22 17:04:59,scan_executed_new_execution_bar,USDJPY,2025.05.22 16:45:00,0,
2025.05.22 17:09:59,scan_skipped_same_execution_bar,USDJPY,2025.05.22 16:45:00,0,
2025.05.22 17:19:59,scan_executed_new_execution_bar,USDJPY,2025.05.22 17:00:00,0,
2025.05.22 17:25:00,scan_skipped_same_execution_bar,USDJPY,2025.05.22 17:00:00,0,
2025.05.22 17:34:59,scan_executed_new_execution_bar,USDJPY,2025.05.22 17:15:00,0,
2025.05.22 17:39:59,scan_skipped_same_execution_bar,USDJPY,2025.05.22 17:15:00,0,
2025.05.22 17:49:59,scan_executed_new_execution_bar,USDJPY,2025.05.22 17:30:00,31,
2025.05.22 17:54:59,scan_skipped_same_execution_bar,USDJPY,2025.05.22 17:30:00,0,
2025.05.22 18:04:59,scan_executed_new_execution_bar,USDJPY,2025.05.22 17:45:00,0,
2025.05.22 18:09:59,scan_skipped_same_execution_bar,USDJPY,2025.05.22 17:45:00,0,
2025.05.22 18:19:59,scan_executed_new_execution_bar,USDJPY,2025.05.22 18:00:00,15,
2025.05.22 18:24:59,scan_skipped_same_execution_bar,USDJPY,2025.05.22 18:00:00,0,
2025.05.22 18:34:59,scan_executed_new_execution_bar,USDJPY,2025.05.22 18:15:00,63,
2025.05.22 18:39:59,scan_skipped_same_execution_bar,USDJPY,2025.05.22 18:15:00,0,
2025.05.22 18:49:59,scan_executed_new_execution_bar,USDJPY,2025.05.22 18:30:00,0,
2025.05.22 18:54:59,scan_skipped_same_execution_bar,USDJPY,2025.05.22 18:30:00,0,
2025.05.22 19:04:59,scan_executed_new_execution_bar,USDJPY,2025.05.22 18:45:00,0,
2025.05.22 19:09:59,scan_skipped_same_execution_bar,USDJPY,2025.05.22 18:45:00,0,
2025.05.22 19:19:59,scan_executed_new_execution_bar,USDJPY,2025.05.22 19:00:00,16,
2025.05.22 19:24:59,scan_skipped_same_execution_bar,USDJPY,2025.05.22 19:00:00,0,
2025.05.22 19:34:59,scan_executed_new_execution_bar,USDJPY,2025.05.22 19:15:00,0,
2025.05.22 19:39:59,scan_skipped_same_execution_bar,USDJPY,2025.05.22 19:15:00,0,
2025.05.22 19:50:00,scan_executed_new_execution_bar,USDJPY,2025.05.22 19:30:00,16,
2025.05.22 19:54:59,scan_skipped_same_execution_bar,USDJPY,2025.05.22 19:30:00,0,
2025.05.22 20:04:59,scan_executed_new_execution_bar,USDJPY,2025.05.22 19:45:00,15,
2025.05.22 20:09:59,scan_skipped_same_execution_bar,USDJPY,2025.05.22 19:45:00,0,
2025.05.22 20:19:59,scan_executed_new_execution_bar,USDJPY,2025.05.22 20:00:00,0,
2025.05.22 20:24:59,scan_skipped_same_execution_bar,USDJPY,2025.05.22 20:00:00,0,
2025.05.22 20:34:58,scan_executed_new_execution_bar,USDJPY,2025.05.22 20:15:00,0,
2025.05.22 20:39:59,scan_skipped_same_execution_bar,USDJPY,2025.05.22 20:15:00,0,
2025.05.22 20:49:59,scan_executed_new_execution_bar,USDJPY,2025.05.22 20:30:00,15,
2025.05.22 20:54:58,scan_skipped_same_execution_bar,USDJPY,2025.05.22 20:30:00,0,
2025.05.22 21:04:59,scan_executed_new_execution_bar,USDJPY,2025.05.22 20:45:00,31,
2025.05.22 21:09:58,scan_skipped_same_execution_bar,USDJPY,2025.05.22 20:45:00,0,
2025.05.22 21:19:58,scan_executed_new_execution_bar,USDJPY,2025.05.22 21:00:00,16,
2025.05.22 21:24:59,scan_skipped_same_execution_bar,USDJPY,2025.05.22 21:00:00,0,
2025.05.22 21:34:59,scan_executed_new_execution_bar,USDJPY,2025.05.22 21:15:00,0,
2025.05.22 21:39:59,scan_skipped_same_execution_bar,USDJPY,2025.05.22 21:15:00,0,
2025.05.22 21:50:00,scan_executed_new_execution_bar,USDJPY,2025.05.22 21:30:00,16,
2025.05.22 21:54:59,scan_skipped_same_execution_bar,USDJPY,2025.05.22 21:30:00,0,
2025.05.22 22:04:59,scan_executed_new_execution_bar,USDJPY,2025.05.22 21:45:00,16,
2025.05.22 22:09:59,scan_skipped_same_execution_bar,USDJPY,2025.05.22 21:45:00,0,
2025.05.22 22:19:59,scan_executed_new_execution_bar,USDJPY,2025.05.22 22:00:00,0,
2025.05.22 22:24:59,scan_skipped_same_execution_bar,USDJPY,2025.05.22 22:00:00,0,
2025.05.22 22:34:59,scan_executed_new_execution_bar,USDJPY,2025.05.22 22:15:00,0,
2025.05.22 22:39:59,scan_skipped_same_execution_bar,USDJPY,2025.05.22 22:15:00,0,
2025.05.22 22:49:59,scan_executed_new_execution_bar,USDJPY,2025.05.22 22:30:00,16,
2025.05.22 22:54:59,scan_skipped_same_execution_bar,USDJPY,2025.05.22 22:30:00,0,
2025.05.22 23:04:59,scan_executed_new_execution_bar,USDJPY,2025.05.22 22:45:00,15,
2025.05.22 23:09:58,scan_skipped_same_execution_bar,USDJPY,2025.05.22 22:45:00,0,
2025.05.22 23:19:59,scan_executed_new_execution_bar,USDJPY,2025.05.22 23:00:00,0,
2025.05.22 23:24:53,scan_skipped_same_execution_bar,USDJPY,2025.05.22 23:00:00,0,
2025.05.22 23:34:59,scan_executed_new_execution_bar,USDJPY,2025.05.22 23:15:00,16,
2025.05.22 23:39:59,scan_skipped_same_execution_bar,USDJPY,2025.05.22 23:15:00,0,
2025.05.22 23:49:57,scan_executed_new_execution_bar,USDJPY,2025.05.22 23:30:00,0,
2025.05.22 23:54:59,scan_skipped_same_execution_bar,USDJPY,2025.05.22 23:30:00,0,
2025.05.23 00:04:56,scan_executed_new_execution_bar,USDJPY,2025.05.22 23:45:00,0,
2025.05.23 00:09:59,scan_skipped_same_execution_bar,USDJPY,2025.05.22 23:45:00,0,
2025.05.23 00:19:58,scan_executed_new_execution_bar,USDJPY,2025.05.23 00:00:00,0,
2025.05.23 00:24:52,scan_skipped_same_execution_bar,USDJPY,2025.05.23 00:00:00,0,
2025.05.23 00:34:59,scan_executed_new_execution_bar,USDJPY,2025.05.23 00:15:00,0,
2025.05.23 00:39:51,scan_skipped_same_execution_bar,USDJPY,2025.05.23 00:15:00,0,
2025.05.23 00:49:58,scan_executed_new_execution_bar,USDJPY,2025.05.23 00:30:00,0,
2025.05.23 00:54:50,scan_skipped_same_execution_bar,USDJPY,2025.05.23 00:30:00,0,
2025.05.23 01:04:59,scan_executed_new_execution_bar,USDJPY,2025.05.23 00:45:00,0,
2025.05.23 01:10:00,scan_skipped_same_execution_bar,USDJPY,2025.05.23 00:45:00,0,
2025.05.23 01:19:58,scan_executed_new_execution_bar,USDJPY,2025.05.23 01:00:00,0,
2025.05.23 01:24:57,scan_skipped_same_execution_bar,USDJPY,2025.05.23 01:00:00,0,
2025.05.23 01:34:58,scan_executed_new_execution_bar,USDJPY,2025.05.23 01:15:00,15,
2025.05.23 01:39:59,scan_skipped_same_execution_bar,USDJPY,2025.05.23 01:15:00,0,
2025.05.23 01:49:59,scan_executed_new_execution_bar,USDJPY,2025.05.23 01:30:00,0,
2025.05.23 01:54:55,scan_skipped_same_execution_bar,USDJPY,2025.05.23 01:30:00,0,
2025.05.23 02:04:59,scan_executed_new_execution_bar,USDJPY,2025.05.23 01:45:00,0,
2025.05.23 02:09:59,scan_skipped_same_execution_bar,USDJPY,2025.05.23 01:45:00,0,
2025.05.23 02:19:59,scan_executed_new_execution_bar,USDJPY,2025.05.23 02:00:00,0,
2025.05.23 02:24:59,scan_skipped_same_execution_bar,USDJPY,2025.05.23 02:00:00,0,
2025.05.23 02:34:59,scan_executed_new_execution_bar,USDJPY,2025.05.23 02:15:00,0,
2025.05.23 02:39:59,scan_skipped_same_execution_bar,USDJPY,2025.05.23 02:15:00,0,
2025.05.23 02:49:59,scan_executed_new_execution_bar,USDJPY,2025.05.23 02:30:00,0,
2025.05.23 02:54:59,scan_skipped_same_execution_bar,USDJPY,2025.05.23 02:30:00,0,
2025.05.23 03:04:59,scan_executed_new_execution_bar,USDJPY,2025.05.23 02:45:00,0,
2025.05.23 03:09:59,scan_skipped_same_execution_bar,USDJPY,2025.05.23 02:45:00,0,
2025.05.23 03:19:59,scan_executed_new_execution_bar,USDJPY,2025.05.23 03:00:00,0,
2025.05.23 03:24:59,scan_skipped_same_execution_bar,USDJPY,2025.05.23 03:00:00,0,
2025.05.23 03:34:59,scan_executed_new_execution_bar,USDJPY,2025.05.23 03:15:00,0,
2025.05.23 03:39:59,scan_skipped_same_execution_bar,USDJPY,2025.05.23 03:15:00,0,
2025.05.23 03:49:59,scan_executed_new_execution_bar,USDJPY,2025.05.23 03:30:00,0,
2025.05.23 03:54:59,scan_skipped_same_execution_bar,USDJPY,2025.05.23 03:30:00,0,
2025.05.23 04:04:59,scan_executed_new_execution_bar,USDJPY,2025.05.23 03:45:00,0,
2025.05.23 04:09:59,scan_skipped_same_execution_bar,USDJPY,2025.05.23 03:45:00,0,
2025.05.23 04:19:59,scan_executed_new_execution_bar,USDJPY,2025.05.23 04:00:00,0,
2025.05.23 04:24:58,scan_skipped_same_execution_bar,USDJPY,2025.05.23 04:00:00,0,
2025.05.23 04:34:59,scan_executed_new_execution_bar,USDJPY,2025.05.23 04:15:00,0,
2025.05.23 04:39:58,scan_skipped_same_execution_bar,USDJPY,2025.05.23 04:15:00,0,
2025.05.23 04:49:59,scan_executed_new_execution_bar,USDJPY,2025.05.23 04:30:00,0,
2025.05.23 04:54:58,scan_skipped_same_execution_bar,USDJPY,2025.05.23 04:30:00,0,
2025.05.23 05:04:59,scan_executed_new_execution_bar,USDJPY,2025.05.23 04:45:00,0,
2025.05.23 05:09:59,scan_skipped_same_execution_bar,USDJPY,2025.05.23 04:45:00,0,
2025.05.23 05:19:59,scan_executed_new_execution_bar,USDJPY,2025.05.23 05:00:00,0,
2025.05.23 05:24:59,scan_skipped_same_execution_bar,USDJPY,2025.05.23 05:00:00,0,
2025.05.23 05:34:59,scan_executed_new_execution_bar,USDJPY,2025.05.23 05:15:00,16,
2025.05.23 05:39:58,scan_skipped_same_execution_bar,USDJPY,2025.05.23 05:15:00,0,
2025.05.23 05:49:59,scan_executed_new_execution_bar,USDJPY,2025.05.23 05:30:00,0,
2025.05.23 05:54:59,scan_skipped_same_execution_bar,USDJPY,2025.05.23 05:30:00,0,
2025.05.23 06:04:59,scan_executed_new_execution_bar,USDJPY,2025.05.23 05:45:00,0,
2025.05.23 06:09:57,scan_skipped_same_execution_bar,USDJPY,2025.05.23 05:45:00,0,
2025.05.23 06:19:59,scan_executed_new_execution_bar,USDJPY,2025.05.23 06:00:00,0,
2025.05.23 06:24:59,scan_skipped_same_execution_bar,USDJPY,2025.05.23 06:00:00,0,
2025.05.23 06:34:59,scan_executed_new_execution_bar,USDJPY,2025.05.23 06:15:00,0,
2025.05.23 06:39:57,scan_skipped_same_execution_bar,USDJPY,2025.05.23 06:15:00,0,
2025.05.23 06:49:59,scan_executed_new_execution_bar,USDJPY,2025.05.23 06:30:00,0,
2025.05.23 06:54:59,scan_skipped_same_execution_bar,USDJPY,2025.05.23 06:30:00,0,
2025.05.23 07:04:58,scan_executed_new_execution_bar,USDJPY,2025.05.23 06:45:00,0,
2025.05.23 07:09:59,scan_skipped_same_execution_bar,USDJPY,2025.05.23 06:45:00,0,
2025.05.23 07:19:59,scan_executed_new_execution_bar,USDJPY,2025.05.23 07:00:00,16,
2025.05.23 07:24:58,scan_skipped_same_execution_bar,USDJPY,2025.05.23 07:00:00,0,
2025.05.23 07:34:59,scan_executed_new_execution_bar,USDJPY,2025.05.23 07:15:00,0,
2025.05.23 07:39:59,scan_skipped_same_execution_bar,USDJPY,2025.05.23 07:15:00,0,
2025.05.23 07:49:58,scan_executed_new_execution_bar,USDJPY,2025.05.23 07:30:00,16,
2025.05.23 07:54:59,scan_skipped_same_execution_bar,USDJPY,2025.05.23 07:30:00,0,
2025.05.23 08:04:57,scan_executed_new_execution_bar,USDJPY,2025.05.23 07:45:00,15,
2025.05.23 08:09:54,scan_skipped_same_execution_bar,USDJPY,2025.05.23 07:45:00,0,
2025.05.23 08:19:59,scan_executed_new_execution_bar,USDJPY,2025.05.23 08:00:00,0,
2025.05.23 08:24:58,scan_skipped_same_execution_bar,USDJPY,2025.05.23 08:00:00,0,
2025.05.23 08:34:59,scan_executed_new_execution_bar,USDJPY,2025.05.23 08:15:00,0,
2025.05.23 08:39:59,scan_skipped_same_execution_bar,USDJPY,2025.05.23 08:15:00,0,
2025.05.23 08:49:58,scan_executed_new_execution_bar,USDJPY,2025.05.23 08:30:00,15,
2025.05.23 08:54:59,scan_skipped_same_execution_bar,USDJPY,2025.05.23 08:30:00,0,
2025.05.23 09:04:59,scan_executed_new_execution_bar,USDJPY,2025.05.23 08:45:00,0,
2025.05.23 09:09:59,scan_skipped_same_execution_bar,USDJPY,2025.05.23 08:45:00,0,
2025.05.23 09:19:59,scan_executed_new_execution_bar,USDJPY,2025.05.23 09:00:00,0,
2025.05.23 09:24:59,scan_skipped_same_execution_bar,USDJPY,2025.05.23 09:00:00,0,
2025.05.23 09:34:59,scan_executed_new_execution_bar,USDJPY,2025.05.23 09:15:00,0,
2025.05.23 09:39:59,scan_skipped_same_execution_bar,USDJPY,2025.05.23 09:15:00,0,
2025.05.23 09:49:59,scan_executed_new_execution_bar,USDJPY,2025.05.23 09:30:00,16,
2025.05.23 09:54:59,scan_skipped_same_execution_bar,USDJPY,2025.05.23 09:30:00,0,
2025.05.23 10:04:59,scan_executed_new_execution_bar,USDJPY,2025.05.23 09:45:00,0,
2025.05.23 10:09:59,scan_skipped_same_execution_bar,USDJPY,2025.05.23 09:45:00,0,
2025.05.23 10:19:59,scan_executed_new_execution_bar,USDJPY,2025.05.23 10:00:00,16,
2025.05.23 10:24:59,scan_skipped_same_execution_bar,USDJPY,2025.05.23 10:00:00,0,
2025.05.23 10:34:59,scan_executed_new_execution_bar,USDJPY,2025.05.23 10:15:00,0,
2025.05.23 10:39:59,scan_skipped_same_execution_bar,USDJPY,2025.05.23 10:15:00,0,
2025.05.23 10:49:59,scan_executed_new_execution_bar,USDJPY,2025.05.23 10:30:00,0,
2025.05.23 10:54:59,scan_skipped_same_execution_bar,USDJPY,2025.05.23 10:30:00,0,
2025.05.23 11:04:59,scan_executed_new_execution_bar,USDJPY,2025.05.23 10:45:00,0,
2025.05.23 11:09:58,scan_skipped_same_execution_bar,USDJPY,2025.05.23 10:45:00,0,
2025.05.23 11:19:59,scan_executed_new_execution_bar,USDJPY,2025.05.23 11:00:00,0,
2025.05.23 11:24:59,scan_skipped_same_execution_bar,USDJPY,2025.05.23 11:00:00,0,
2025.05.23 11:34:59,scan_executed_new_execution_bar,USDJPY,2025.05.23 11:15:00,31,
2025.05.23 11:39:59,scan_skipped_same_execution_bar,USDJPY,2025.05.23 11:15:00,0,
2025.05.23 11:49:59,scan_executed_new_execution_bar,USDJPY,2025.05.23 11:30:00,0,
2025.05.23 11:54:59,scan_skipped_same_execution_bar,USDJPY,2025.05.23 11:30:00,0,
2025.05.23 12:05:00,scan_executed_new_execution_bar,USDJPY,2025.05.23 11:45:00,0,
2025.05.23 12:09:59,scan_skipped_same_execution_bar,USDJPY,2025.05.23 11:45:00,0,
2025.05.23 12:19:59,scan_executed_new_execution_bar,USDJPY,2025.05.23 12:00:00,0,
2025.05.23 12:24:59,scan_skipped_same_execution_bar,USDJPY,2025.05.23 12:00:00,0,
2025.05.23 12:34:59,scan_executed_new_execution_bar,USDJPY,2025.05.23 12:15:00,16,
2025.05.23 12:39:59,scan_skipped_same_execution_bar,USDJPY,2025.05.23 12:15:00,0,
2025.05.23 12:49:59,scan_executed_new_execution_bar,USDJPY,2025.05.23 12:30:00,16,
2025.05.23 12:54:59,scan_skipped_same_execution_bar,USDJPY,2025.05.23 12:30:00,0,
2025.05.23 13:04:59,scan_executed_new_execution_bar,USDJPY,2025.05.23 12:45:00,15,
2025.05.23 13:09:59,scan_skipped_same_execution_bar,USDJPY,2025.05.23 12:45:00,0,
2025.05.23 13:19:59,scan_executed_new_execution_bar,USDJPY,2025.05.23 13:00:00,16,
2025.05.23 13:24:59,scan_skipped_same_execution_bar,USDJPY,2025.05.23 13:00:00,0,
2025.05.23 13:34:59,scan_executed_new_execution_bar,USDJPY,2025.05.23 13:15:00,62,
2025.05.23 13:39:59,scan_skipped_same_execution_bar,USDJPY,2025.05.23 13:15:00,0,
2025.05.23 13:49:59,scan_executed_new_execution_bar,USDJPY,2025.05.23 13:30:00,0,
2025.05.23 13:54:59,scan_skipped_same_execution_bar,USDJPY,2025.05.23 13:30:00,0,
2025.05.23 14:04:59,scan_executed_new_execution_bar,USDJPY,2025.05.23 13:45:00,16,
2025.05.23 14:09:59,scan_skipped_same_execution_bar,USDJPY,2025.05.23 13:45:00,0,
2025.05.23 14:19:59,scan_executed_new_execution_bar,USDJPY,2025.05.23 14:00:00,31,
2025.05.23 14:24:59,scan_skipped_same_execution_bar,USDJPY,2025.05.23 14:00:00,0,
2025.05.23 14:34:59,scan_executed_new_execution_bar,USDJPY,2025.05.23 14:15:00,15,
2025.05.23 14:39:59,scan_skipped_same_execution_bar,USDJPY,2025.05.23 14:15:00,0,
2025.05.23 14:49:59,scan_executed_new_execution_bar,USDJPY,2025.05.23 14:30:00,0,
2025.05.23 14:54:59,scan_skipped_same_execution_bar,USDJPY,2025.05.23 14:30:00,0,
2025.05.23 15:04:59,scan_executed_new_execution_bar,USDJPY,2025.05.23 14:45:00,16,
2025.05.23 15:09:59,scan_skipped_same_execution_bar,USDJPY,2025.05.23 14:45:00,0,
2025.05.23 15:19:59,scan_executed_new_execution_bar,USDJPY,2025.05.23 15:00:00,31,
2025.05.23 15:24:59,scan_skipped_same_execution_bar,USDJPY,2025.05.23 15:00:00,0,
2025.05.23 15:34:59,scan_executed_new_execution_bar,USDJPY,2025.05.23 15:15:00,0,
2025.05.23 15:39:59,scan_skipped_same_execution_bar,USDJPY,2025.05.23 15:15:00,0,
2025.05.23 15:49:59,scan_executed_new_execution_bar,USDJPY,2025.05.23 15:30:00,16,
2025.05.23 15:54:59,scan_skipped_same_execution_bar,USDJPY,2025.05.23 15:30:00,0,
2025.05.23 16:04:59,scan_executed_new_execution_bar,USDJPY,2025.05.23 15:45:00,78,
2025.05.23 16:09:59,scan_skipped_same_execution_bar,USDJPY,2025.05.23 15:45:00,0,
2025.05.23 16:19:59,scan_executed_new_execution_bar,USDJPY,2025.05.23 16:00:00,31,
2025.05.23 16:24:59,scan_skipped_same_execution_bar,USDJPY,2025.05.23 16:00:00,0,
2025.05.23 16:34:59,scan_executed_new_execution_bar,USDJPY,2025.05.23 16:15:00,15,
2025.05.23 16:39:59,scan_skipped_same_execution_bar,USDJPY,2025.05.23 16:15:00,0,
2025.05.23 16:49:59,scan_executed_new_execution_bar,USDJPY,2025.05.23 16:30:00,0,
2025.05.23 16:54:59,scan_skipped_same_execution_bar,USDJPY,2025.05.23 16:30:00,0,
2025.05.23 17:04:59,scan_executed_new_execution_bar,USDJPY,2025.05.23 16:45:00,0,
2025.05.23 17:09:59,scan_skipped_same_execution_bar,USDJPY,2025.05.23 16:45:00,0,
2025.05.23 17:19:59,scan_executed_new_execution_bar,USDJPY,2025.05.23 17:00:00,47,
2025.05.23 17:24:59,scan_skipped_same_execution_bar,USDJPY,2025.05.23 17:00:00,0,
2025.05.23 17:34:59,scan_executed_new_execution_bar,USDJPY,2025.05.23 17:15:00,31,
2025.05.23 17:39:59,scan_skipped_same_execution_bar,USDJPY,2025.05.23 17:15:00,0,
2025.05.23 17:49:59,scan_executed_new_execution_bar,USDJPY,2025.05.23 17:30:00,47,
2025.05.23 17:54:59,scan_skipped_same_execution_bar,USDJPY,2025.05.23 17:30:00,0,
2025.05.23 18:04:59,scan_executed_new_execution_bar,USDJPY,2025.05.23 17:45:00,31,
2025.05.23 18:09:59,scan_skipped_same_execution_bar,USDJPY,2025.05.23 17:45:00,0,
2025.05.23 18:19:59,scan_executed_new_execution_bar,USDJPY,2025.05.23 18:00:00,32,
2025.05.23 18:24:59,scan_skipped_same_execution_bar,USDJPY,2025.05.23 18:00:00,0,
2025.05.23 18:34:59,scan_executed_new_execution_bar,USDJPY,2025.05.23 18:15:00,15,
2025.05.23 18:39:59,scan_skipped_same_execution_bar,USDJPY,2025.05.23 18:15:00,0,
2025.05.23 18:49:59,scan_executed_new_execution_bar,USDJPY,2025.05.23 18:30:00,0,
2025.05.23 18:54:59,scan_skipped_same_execution_bar,USDJPY,2025.05.23 18:30:00,0,
2025.05.23 19:04:59,scan_executed_new_execution_bar,USDJPY,2025.05.23 18:45:00,0,
2025.05.23 19:10:00,scan_skipped_same_execution_bar,USDJPY,2025.05.23 18:45:00,0,
2025.05.23 19:19:58,scan_executed_new_execution_bar,USDJPY,2025.05.23 19:00:00,0,
2025.05.23 19:24:59,scan_skipped_same_execution_bar,USDJPY,2025.05.23 19:00:00,0,
2025.05.23 19:34:59,scan_executed_new_execution_bar,USDJPY,2025.05.23 19:15:00,15,
2025.05.23 19:39:59,scan_skipped_same_execution_bar,USDJPY,2025.05.23 19:15:00,0,
2025.05.23 19:49:59,scan_executed_new_execution_bar,USDJPY,2025.05.23 19:30:00,0,
2025.05.23 19:54:59,scan_skipped_same_execution_bar,USDJPY,2025.05.23 19:30:00,0,
2025.05.23 20:04:59,scan_executed_new_execution_bar,USDJPY,2025.05.23 19:45:00,0,
2025.05.23 20:09:59,scan_skipped_same_execution_bar,USDJPY,2025.05.23 19:45:00,0,
2025.05.23 20:20:00,scan_executed_new_execution_bar,USDJPY,2025.05.23 20:00:00,31,
2025.05.23 20:24:59,scan_skipped_same_execution_bar,USDJPY,2025.05.23 20:00:00,0,
2025.05.23 20:34:57,scan_executed_new_execution_bar,USDJPY,2025.05.23 20:15:00,16,
2025.05.23 20:39:59,scan_skipped_same_execution_bar,USDJPY,2025.05.23 20:15:00,0,
2025.05.23 20:49:59,scan_executed_new_execution_bar,USDJPY,2025.05.23 20:30:00,0,
2025.05.23 20:54:59,scan_skipped_same_execution_bar,USDJPY,2025.05.23 20:30:00,0,
2025.05.23 21:04:57,scan_executed_new_execution_bar,USDJPY,2025.05.23 20:45:00,16,
2025.05.23 21:09:59,scan_skipped_same_execution_bar,USDJPY,2025.05.23 20:45:00,0,
2025.05.23 21:19:59,scan_executed_new_execution_bar,USDJPY,2025.05.23 21:00:00,0,
2025.05.23 21:24:59,scan_skipped_same_execution_bar,USDJPY,2025.05.23 21:00:00,0,
2025.05.23 21:34:59,scan_executed_new_execution_bar,USDJPY,2025.05.23 21:15:00,16,
2025.05.23 21:39:59,scan_skipped_same_execution_bar,USDJPY,2025.05.23 21:15:00,0,
2025.05.23 21:49:59,scan_executed_new_execution_bar,USDJPY,2025.05.23 21:30:00,31,
2025.05.23 21:54:59,scan_skipped_same_execution_bar,USDJPY,2025.05.23 21:30:00,0,
2025.05.23 22:04:58,scan_executed_new_execution_bar,USDJPY,2025.05.23 21:45:00,0,
2025.05.23 22:09:59,scan_skipped_same_execution_bar,USDJPY,2025.05.23 21:45:00,0,
2025.05.23 22:19:59,scan_executed_new_execution_bar,USDJPY,2025.05.23 22:00:00,15,
2025.05.23 22:24:58,scan_skipped_same_execution_bar,USDJPY,2025.05.23 22:00:00,0,
2025.05.23 22:34:59,scan_executed_new_execution_bar,USDJPY,2025.05.23 22:15:00,0,
2025.05.23 22:39:59,scan_skipped_same_execution_bar,USDJPY,2025.05.23 22:15:00,0,
2025.05.23 22:49:59,scan_executed_new_execution_bar,USDJPY,2025.05.23 22:30:00,15,
2025.05.23 22:54:59,scan_skipped_same_execution_bar,USDJPY,2025.05.23 22:30:00,0,
2025.05.23 23:04:59,scan_executed_new_execution_bar,USDJPY,2025.05.23 22:45:00,0,
2025.05.23 23:09:59,scan_skipped_same_execution_bar,USDJPY,2025.05.23 22:45:00,0,
2025.05.23 23:19:56,scan_executed_new_execution_bar,USDJPY,2025.05.23 23:00:00,15,
2025.05.23 23:24:58,scan_skipped_same_execution_bar,USDJPY,2025.05.23 23:00:00,0,
2025.05.23 23:34:55,scan_executed_new_execution_bar,USDJPY,2025.05.23 23:15:00,0,
2025.05.23 23:39:58,scan_skipped_same_execution_bar,USDJPY,2025.05.23 23:15:00,0,
2025.05.23 23:49:58,scan_executed_new_execution_bar,USDJPY,2025.05.23 23:30:00,16,
2025.05.23 23:54:59,scan_skipped_same_execution_bar,USDJPY,2025.05.23 23:30:00,0,
2025.05.26 00:04:51,scan_executed_new_execution_bar,USDJPY,2025.05.23 23:45:00,0,
2025.05.26 00:09:49,scan_skipped_same_execution_bar,USDJPY,2025.05.23 23:45:00,0,
2025.05.26 00:19:56,scan_executed_new_execution_bar,USDJPY,2025.05.26 00:00:00,0,
2025.05.26 00:24:57,scan_skipped_same_execution_bar,USDJPY,2025.05.26 00:00:00,0,
2025.05.26 00:34:59,scan_executed_new_execution_bar,USDJPY,2025.05.26 00:15:00,0,
2025.05.26 00:39:50,scan_skipped_same_execution_bar,USDJPY,2025.05.26 00:15:00,0,
2025.05.26 00:49:54,scan_executed_new_execution_bar,USDJPY,2025.05.26 00:30:00,0,
2025.05.26 00:54:56,scan_skipped_same_execution_bar,USDJPY,2025.05.26 00:30:00,0,
2025.05.26 01:04:59,scan_executed_new_execution_bar,USDJPY,2025.05.26 00:45:00,0,
2025.05.26 01:09:59,scan_skipped_same_execution_bar,USDJPY,2025.05.26 00:45:00,0,
2025.05.26 01:19:59,scan_executed_new_execution_bar,USDJPY,2025.05.26 01:00:00,0,
2025.05.26 01:24:59,scan_skipped_same_execution_bar,USDJPY,2025.05.26 01:00:00,0,
2025.05.26 01:34:55,scan_executed_new_execution_bar,USDJPY,2025.05.26 01:15:00,0,
2025.05.26 01:39:59,scan_skipped_same_execution_bar,USDJPY,2025.05.26 01:15:00,0,
2025.05.26 01:49:59,scan_executed_new_execution_bar,USDJPY,2025.05.26 01:30:00,0,
2025.05.26 01:54:58,scan_skipped_same_execution_bar,USDJPY,2025.05.26 01:30:00,0,
2025.05.26 02:04:59,scan_executed_new_execution_bar,USDJPY,2025.05.26 01:45:00,0,
2025.05.26 02:09:58,scan_skipped_same_execution_bar,USDJPY,2025.05.26 01:45:00,0,
2025.05.26 02:19:57,scan_executed_new_execution_bar,USDJPY,2025.05.26 02:00:00,0,
2025.05.26 02:24:59,scan_skipped_same_execution_bar,USDJPY,2025.05.26 02:00:00,0,
2025.05.26 02:34:59,scan_executed_new_execution_bar,USDJPY,2025.05.26 02:15:00,47,
2025.05.26 02:39:58,scan_skipped_same_execution_bar,USDJPY,2025.05.26 02:15:00,0,
2025.05.26 02:49:58,scan_executed_new_execution_bar,USDJPY,2025.05.26 02:30:00,16,
2025.05.26 02:54:59,scan_skipped_same_execution_bar,USDJPY,2025.05.26 02:30:00,0,
2025.05.26 03:04:59,scan_executed_new_execution_bar,USDJPY,2025.05.26 02:45:00,31,
2025.05.26 03:09:59,scan_skipped_same_execution_bar,USDJPY,2025.05.26 02:45:00,0,
2025.05.26 03:19:59,scan_executed_new_execution_bar,USDJPY,2025.05.26 03:00:00,0,
2025.05.26 03:24:59,scan_skipped_same_execution_bar,USDJPY,2025.05.26 03:00:00,0,
2025.05.26 03:34:59,scan_executed_new_execution_bar,USDJPY,2025.05.26 03:15:00,0,
2025.05.26 03:39:59,scan_skipped_same_execution_bar,USDJPY,2025.05.26 03:15:00,0,
2025.05.26 03:49:59,scan_executed_new_execution_bar,USDJPY,2025.05.26 03:30:00,0,
2025.05.26 03:54:59,scan_skipped_same_execution_bar,USDJPY,2025.05.26 03:30:00,0,
2025.05.26 04:04:59,scan_executed_new_execution_bar,USDJPY,2025.05.26 03:45:00,32,
2025.05.26 04:09:59,scan_skipped_same_execution_bar,USDJPY,2025.05.26 03:45:00,0,
2025.05.26 04:19:59,scan_executed_new_execution_bar,USDJPY,2025.05.26 04:00:00,0,
2025.05.26 04:24:59,scan_skipped_same_execution_bar,USDJPY,2025.05.26 04:00:00,0,
2025.05.26 04:34:59,scan_executed_new_execution_bar,USDJPY,2025.05.26 04:15:00,0,
2025.05.26 04:39:59,scan_skipped_same_execution_bar,USDJPY,2025.05.26 04:15:00,0,
2025.05.26 04:49:59,scan_executed_new_execution_bar,USDJPY,2025.05.26 04:30:00,0,
2025.05.26 04:54:59,scan_skipped_same_execution_bar,USDJPY,2025.05.26 04:30:00,0,
2025.05.26 05:04:59,scan_executed_new_execution_bar,USDJPY,2025.05.26 04:45:00,0,
2025.05.26 05:09:59,scan_skipped_same_execution_bar,USDJPY,2025.05.26 04:45:00,0,
2025.05.26 05:19:59,scan_executed_new_execution_bar,USDJPY,2025.05.26 05:00:00,0,
2025.05.26 05:24:59,scan_skipped_same_execution_bar,USDJPY,2025.05.26 05:00:00,0,
2025.05.26 05:34:59,scan_executed_new_execution_bar,USDJPY,2025.05.26 05:15:00,15,
2025.05.26 05:39:59,scan_skipped_same_execution_bar,USDJPY,2025.05.26 05:15:00,0,
2025.05.26 05:49:59,scan_executed_new_execution_bar,USDJPY,2025.05.26 05:30:00,0,
2025.05.26 05:54:59,scan_skipped_same_execution_bar,USDJPY,2025.05.26 05:30:00,0,
2025.05.26 06:04:57,scan_executed_new_execution_bar,USDJPY,2025.05.26 05:45:00,0,
2025.05.26 06:09:59,scan_skipped_same_execution_bar,USDJPY,2025.05.26 05:45:00,0,
2025.05.26 06:19:58,scan_executed_new_execution_bar,USDJPY,2025.05.26 06:00:00,31,
2025.05.26 06:24:58,scan_skipped_same_execution_bar,USDJPY,2025.05.26 06:00:00,0,
2025.05.26 06:34:58,scan_executed_new_execution_bar,USDJPY,2025.05.26 06:15:00,31,
2025.05.26 06:39:59,scan_skipped_same_execution_bar,USDJPY,2025.05.26 06:15:00,0,
2025.05.26 06:50:00,scan_executed_new_execution_bar,USDJPY,2025.05.26 06:30:00,15,
2025.05.26 06:54:59,scan_skipped_same_execution_bar,USDJPY,2025.05.26 06:30:00,0,
2025.05.26 07:04:59,scan_executed_new_execution_bar,USDJPY,2025.05.26 06:45:00,0,
2025.05.26 07:09:59,scan_skipped_same_execution_bar,USDJPY,2025.05.26 06:45:00,0,
2025.05.26 07:19:58,scan_executed_new_execution_bar,USDJPY,2025.05.26 07:00:00,0,
2025.05.26 07:24:59,scan_skipped_same_execution_bar,USDJPY,2025.05.26 07:00:00,0,
2025.05.26 07:34:59,scan_executed_new_execution_bar,USDJPY,2025.05.26 07:15:00,0,
2025.05.26 07:39:59,scan_skipped_same_execution_bar,USDJPY,2025.05.26 07:15:00,0,
2025.05.26 07:49:59,scan_executed_new_execution_bar,USDJPY,2025.05.26 07:30:00,0,
2025.05.26 07:54:59,scan_skipped_same_execution_bar,USDJPY,2025.05.26 07:30:00,0,
2025.05.26 08:04:59,scan_executed_new_execution_bar,USDJPY,2025.05.26 07:45:00,0,
2025.05.26 08:09:59,scan_skipped_same_execution_bar,USDJPY,2025.05.26 07:45:00,0,
2025.05.26 08:19:59,scan_executed_new_execution_bar,USDJPY,2025.05.26 08:00:00,0,
2025.05.26 08:24:58,scan_skipped_same_execution_bar,USDJPY,2025.05.26 08:00:00,0,
2025.05.26 08:34:59,scan_executed_new_execution_bar,USDJPY,2025.05.26 08:15:00,0,
2025.05.26 08:39:59,scan_skipped_same_execution_bar,USDJPY,2025.05.26 08:15:00,0,
2025.05.26 08:49:59,scan_executed_new_execution_bar,USDJPY,2025.05.26 08:30:00,0,
2025.05.26 08:54:59,scan_skipped_same_execution_bar,USDJPY,2025.05.26 08:30:00,0,
2025.05.26 09:04:59,scan_executed_new_execution_bar,USDJPY,2025.05.26 08:45:00,0,
2025.05.26 09:09:59,scan_skipped_same_execution_bar,USDJPY,2025.05.26 08:45:00,0,
2025.05.26 09:19:59,scan_executed_new_execution_bar,USDJPY,2025.05.26 09:00:00,0,
2025.05.26 09:24:59,scan_skipped_same_execution_bar,USDJPY,2025.05.26 09:00:00,0,
2025.05.26 09:34:59,scan_executed_new_execution_bar,USDJPY,2025.05.26 09:15:00,0,
2025.05.26 09:39:59,scan_skipped_same_execution_bar,USDJPY,2025.05.26 09:15:00,0,
2025.05.26 09:49:59,scan_executed_new_execution_bar,USDJPY,2025.05.26 09:30:00,16,
2025.05.26 09:54:58,scan_skipped_same_execution_bar,USDJPY,2025.05.26 09:30:00,0,
2025.05.26 10:04:59,scan_executed_new_execution_bar,USDJPY,2025.05.26 09:45:00,0,
2025.05.26 10:09:59,scan_skipped_same_execution_bar,USDJPY,2025.05.26 09:45:00,0,
2025.05.26 10:15:00,scan_executed_new_execution_bar,USDJPY,2025.05.26 10:00:00,0,
2025.05.26 10:19:59,scan_skipped_same_execution_bar,USDJPY,2025.05.26 10:00:00,0,
2025.05.26 10:34:59,scan_executed_new_execution_bar,USDJPY,2025.05.26 10:15:00,0,
2025.05.26 10:39:59,scan_skipped_same_execution_bar,USDJPY,2025.05.26 10:15:00,0,
2025.05.26 10:49:59,scan_executed_new_execution_bar,USDJPY,2025.05.26 10:30:00,0,
2025.05.26 10:54:59,scan_skipped_same_execution_bar,USDJPY,2025.05.26 10:30:00,0,
2025.05.26 11:04:59,scan_executed_new_execution_bar,USDJPY,2025.05.26 10:45:00,0,
2025.05.26 11:09:59,scan_skipped_same_execution_bar,USDJPY,2025.05.26 10:45:00,0,
2025.05.26 11:19:59,scan_executed_new_execution_bar,USDJPY,2025.05.26 11:00:00,0,
2025.05.26 11:24:59,scan_skipped_same_execution_bar,USDJPY,2025.05.26 11:00:00,0,
2025.05.26 11:34:59,scan_executed_new_execution_bar,USDJPY,2025.05.26 11:15:00,0,
2025.05.26 11:39:59,scan_skipped_same_execution_bar,USDJPY,2025.05.26 11:15:00,0,
2025.05.26 11:49:59,scan_executed_new_execution_bar,USDJPY,2025.05.26 11:30:00,0,
2025.05.26 11:54:58,scan_skipped_same_execution_bar,USDJPY,2025.05.26 11:30:00,0,
2025.05.26 12:04:59,scan_executed_new_execution_bar,USDJPY,2025.05.26 11:45:00,0,
2025.05.26 12:09:59,scan_skipped_same_execution_bar,USDJPY,2025.05.26 11:45:00,0,
2025.05.26 12:19:56,scan_executed_new_execution_bar,USDJPY,2025.05.26 12:00:00,0,
2025.05.26 12:24:59,scan_skipped_same_execution_bar,USDJPY,2025.05.26 12:00:00,0,
2025.05.26 12:34:59,scan_executed_new_execution_bar,USDJPY,2025.05.26 12:15:00,0,
2025.05.26 12:39:59,scan_skipped_same_execution_bar,USDJPY,2025.05.26 12:15:00,0,
2025.05.26 12:50:00,scan_executed_new_execution_bar,USDJPY,2025.05.26 12:30:00,0,
2025.05.26 12:54:59,scan_skipped_same_execution_bar,USDJPY,2025.05.26 12:30:00,0,
2025.05.26 13:04:59,scan_executed_new_execution_bar,USDJPY,2025.05.26 12:45:00,0,
2025.05.26 13:09:58,scan_skipped_same_execution_bar,USDJPY,2025.05.26 12:45:00,0,
2025.05.26 13:19:57,scan_executed_new_execution_bar,USDJPY,2025.05.26 13:00:00,0,
2025.05.26 13:24:59,scan_skipped_same_execution_bar,USDJPY,2025.05.26 13:00:00,0,
2025.05.26 13:34:59,scan_executed_new_execution_bar,USDJPY,2025.05.26 13:15:00,0,
2025.05.26 13:39:59,scan_skipped_same_execution_bar,USDJPY,2025.05.26 13:15:00,0,
2025.05.26 13:49:59,scan_executed_new_execution_bar,USDJPY,2025.05.26 13:30:00,0,
2025.05.26 13:54:58,scan_skipped_same_execution_bar,USDJPY,2025.05.26 13:30:00,0,
2025.05.26 14:04:59,scan_executed_new_execution_bar,USDJPY,2025.05.26 13:45:00,0,
2025.05.26 14:10:00,scan_skipped_same_execution_bar,USDJPY,2025.05.26 13:45:00,0,
2025.05.26 14:19:59,scan_executed_new_execution_bar,USDJPY,2025.05.26 14:00:00,0,
2025.05.26 14:24:59,scan_skipped_same_execution_bar,USDJPY,2025.05.26 14:00:00,0,
2025.05.26 14:30:00,scan_executed_new_execution_bar,USDJPY,2025.05.26 14:15:00,0,
2025.05.26 14:34:59,scan_skipped_same_execution_bar,USDJPY,2025.05.26 14:15:00,0,
2025.05.26 14:49:59,scan_executed_new_execution_bar,USDJPY,2025.05.26 14:30:00,0,
2025.05.26 14:54:59,scan_skipped_same_execution_bar,USDJPY,2025.05.26 14:30:00,0,
2025.05.26 15:04:59,scan_executed_new_execution_bar,USDJPY,2025.05.26 14:45:00,0,
2025.05.26 15:09:55,scan_skipped_same_execution_bar,USDJPY,2025.05.26 14:45:00,0,
2025.05.26 15:19:59,scan_executed_new_execution_bar,USDJPY,2025.05.26 15:00:00,0,
2025.05.26 15:24:59,scan_skipped_same_execution_bar,USDJPY,2025.05.26 15:00:00,0,
2025.05.26 15:34:59,scan_executed_new_execution_bar,USDJPY,2025.05.26 15:15:00,0,
2025.05.26 15:39:59,scan_skipped_same_execution_bar,USDJPY,2025.05.26 15:15:00,0,
2025.05.26 15:49:59,scan_executed_new_execution_bar,USDJPY,2025.05.26 15:30:00,0,
2025.05.26 15:54:59,scan_skipped_same_execution_bar,USDJPY,2025.05.26 15:30:00,0,
2025.05.26 16:04:59,scan_executed_new_execution_bar,USDJPY,2025.05.26 15:45:00,0,
2025.05.26 16:09:58,scan_skipped_same_execution_bar,USDJPY,2025.05.26 15:45:00,0,
2025.05.26 16:19:59,scan_executed_new_execution_bar,USDJPY,2025.05.26 16:00:00,0,
2025.05.26 16:24:59,scan_skipped_same_execution_bar,USDJPY,2025.05.26 16:00:00,0,
2025.05.26 16:34:59,scan_executed_new_execution_bar,USDJPY,2025.05.26 16:15:00,0,
2025.05.26 16:39:59,scan_skipped_same_execution_bar,USDJPY,2025.05.26 16:15:00,0,
2025.05.26 16:49:59,scan_executed_new_execution_bar,USDJPY,2025.05.26 16:30:00,0,
2025.05.26 16:54:59,scan_skipped_same_execution_bar,USDJPY,2025.05.26 16:30:00,0,
2025.05.26 17:04:58,scan_executed_new_execution_bar,USDJPY,2025.05.26 16:45:00,0,
2025.05.26 17:09:59,scan_skipped_same_execution_bar,USDJPY,2025.05.26 16:45:00,0,
2025.05.26 17:19:59,scan_executed_new_execution_bar,USDJPY,2025.05.26 17:00:00,0,
2025.05.26 17:24:59,scan_skipped_same_execution_bar,USDJPY,2025.05.26 17:00:00,0,
2025.05.26 17:34:59,scan_executed_new_execution_bar,USDJPY,2025.05.26 17:15:00,0,
2025.05.26 17:39:59,scan_skipped_same_execution_bar,USDJPY,2025.05.26 17:15:00,0,
2025.05.26 17:49:59,scan_executed_new_execution_bar,USDJPY,2025.05.26 17:30:00,0,
2025.05.26 17:54:58,scan_skipped_same_execution_bar,USDJPY,2025.05.26 17:30:00,0,
2025.05.26 18:04:58,scan_executed_new_execution_bar,USDJPY,2025.05.26 17:45:00,0,
2025.05.26 18:09:59,scan_skipped_same_execution_bar,USDJPY,2025.05.26 17:45:00,0,
2025.05.26 18:19:59,scan_executed_new_execution_bar,USDJPY,2025.05.26 18:00:00,16,
2025.05.26 18:24:59,scan_skipped_same_execution_bar,USDJPY,2025.05.26 18:00:00,0,
2025.05.26 18:34:59,scan_executed_new_execution_bar,USDJPY,2025.05.26 18:15:00,0,
2025.05.26 18:39:59,scan_skipped_same_execution_bar,USDJPY,2025.05.26 18:15:00,0,
2025.05.26 18:49:55,scan_executed_new_execution_bar,USDJPY,2025.05.26 18:30:00,15,
2025.05.26 18:54:58,scan_skipped_same_execution_bar,USDJPY,2025.05.26 18:30:00,0,
2025.05.26 19:04:59,scan_executed_new_execution_bar,USDJPY,2025.05.26 18:45:00,16,
2025.05.26 19:09:59,scan_skipped_same_execution_bar,USDJPY,2025.05.26 18:45:00,0,
2025.05.26 19:19:59,scan_executed_new_execution_bar,USDJPY,2025.05.26 19:00:00,0,
2025.05.26 19:24:57,scan_skipped_same_execution_bar,USDJPY,2025.05.26 19:00:00,0,
2025.05.26 19:34:59,scan_executed_new_execution_bar,USDJPY,2025.05.26 19:15:00,0,
2025.05.26 19:39:56,scan_skipped_same_execution_bar,USDJPY,2025.05.26 19:15:00,0,
2025.05.26 19:49:59,scan_executed_new_execution_bar,USDJPY,2025.05.26 19:30:00,0,
2025.05.26 19:54:59,scan_skipped_same_execution_bar,USDJPY,2025.05.26 19:30:00,0,
2025.05.26 20:04:58,scan_executed_new_execution_bar,USDJPY,2025.05.26 19:45:00,0,
2025.05.26 20:09:59,scan_skipped_same_execution_bar,USDJPY,2025.05.26 19:45:00,0,
2025.05.26 20:19:58,scan_executed_new_execution_bar,USDJPY,2025.05.26 20:00:00,0,
2025.05.26 20:24:59,scan_skipped_same_execution_bar,USDJPY,2025.05.26 20:00:00,0,
2025.05.26 20:34:57,scan_executed_new_execution_bar,USDJPY,2025.05.26 20:15:00,0,
2025.05.26 20:39:59,scan_skipped_same_execution_bar,USDJPY,2025.05.26 20:15:00,0,
2025.05.26 20:49:58,scan_executed_new_execution_bar,USDJPY,2025.05.26 20:30:00,0,
2025.05.26 20:54:56,scan_skipped_same_execution_bar,USDJPY,2025.05.26 20:30:00,0,
2025.05.26 21:04:55,scan_executed_new_execution_bar,USDJPY,2025.05.26 20:45:00,16,
2025.05.26 21:09:57,scan_skipped_same_execution_bar,USDJPY,2025.05.26 20:45:00,0,
2025.05.26 21:19:59,scan_executed_new_execution_bar,USDJPY,2025.05.26 21:00:00,0,
2025.05.26 21:24:59,scan_skipped_same_execution_bar,USDJPY,2025.05.26 21:00:00,0,
2025.05.26 21:34:59,scan_executed_new_execution_bar,USDJPY,2025.05.26 21:15:00,0,
2025.05.26 21:39:59,scan_skipped_same_execution_bar,USDJPY,2025.05.26 21:15:00,0,
2025.05.26 21:49:59,scan_executed_new_execution_bar,USDJPY,2025.05.26 21:30:00,0,
2025.05.26 21:54:57,scan_skipped_same_execution_bar,USDJPY,2025.05.26 21:30:00,0,
2025.05.26 22:04:59,scan_executed_new_execution_bar,USDJPY,2025.05.26 21:45:00,0,
2025.05.26 22:10:00,scan_skipped_same_execution_bar,USDJPY,2025.05.26 21:45:00,0,
2025.05.26 22:19:50,scan_executed_new_execution_bar,USDJPY,2025.05.26 22:00:00,0,
2025.05.26 22:24:54,scan_skipped_same_execution_bar,USDJPY,2025.05.26 22:00:00,0,
2025.05.26 22:34:53,scan_executed_new_execution_bar,USDJPY,2025.05.26 22:15:00,0,
2025.05.26 22:39:54,scan_skipped_same_execution_bar,USDJPY,2025.05.26 22:15:00,0,
2025.05.26 22:49:59,scan_executed_new_execution_bar,USDJPY,2025.05.26 22:30:00,0,
2025.05.26 22:54:59,scan_skipped_same_execution_bar,USDJPY,2025.05.26 22:30:00,0,
2025.05.26 23:04:59,scan_executed_new_execution_bar,USDJPY,2025.05.26 22:45:00,0,
2025.05.26 23:09:56,scan_skipped_same_execution_bar,USDJPY,2025.05.26 22:45:00,0,
2025.05.26 23:19:55,scan_executed_new_execution_bar,USDJPY,2025.05.26 23:00:00,0,
2025.05.26 23:24:55,scan_skipped_same_execution_bar,USDJPY,2025.05.26 23:00:00,0,
2025.05.26 23:34:59,scan_executed_new_execution_bar,USDJPY,2025.05.26 23:15:00,0,
2025.05.26 23:39:49,scan_skipped_same_execution_bar,USDJPY,2025.05.26 23:15:00,0,
2025.05.26 23:49:58,scan_executed_new_execution_bar,USDJPY,2025.05.26 23:30:00,0,
2025.05.26 23:54:59,scan_skipped_same_execution_bar,USDJPY,2025.05.26 23:30:00,0,
2025.05.27 00:04:48,scan_executed_new_execution_bar,USDJPY,2025.05.26 23:45:00,0,
2025.05.27 00:09:56,scan_skipped_same_execution_bar,USDJPY,2025.05.26 23:45:00,0,
2025.05.27 00:19:57,scan_executed_new_execution_bar,USDJPY,2025.05.27 00:00:00,0,
2025.05.27 00:24:59,scan_skipped_same_execution_bar,USDJPY,2025.05.27 00:00:00,0,
2025.05.27 00:34:59,scan_executed_new_execution_bar,USDJPY,2025.05.27 00:15:00,0,
2025.05.27 00:39:59,scan_skipped_same_execution_bar,USDJPY,2025.05.27 00:15:00,0,
2025.05.27 00:49:56,scan_executed_new_execution_bar,USDJPY,2025.05.27 00:30:00,0,
2025.05.27 00:54:54,scan_skipped_same_execution_bar,USDJPY,2025.05.27 00:30:00,0,
2025.05.27 01:04:59,scan_executed_new_execution_bar,USDJPY,2025.05.27 00:45:00,0,
2025.05.27 01:09:59,scan_skipped_same_execution_bar,USDJPY,2025.05.27 00:45:00,0,
2025.05.27 01:19:54,scan_executed_new_execution_bar,USDJPY,2025.05.27 01:00:00,0,
2025.05.27 01:24:59,scan_skipped_same_execution_bar,USDJPY,2025.05.27 01:00:00,0,
2025.05.27 01:34:58,scan_executed_new_execution_bar,USDJPY,2025.05.27 01:15:00,0,
2025.05.27 01:39:56,scan_skipped_same_execution_bar,USDJPY,2025.05.27 01:15:00,0,
2025.05.27 01:49:56,scan_executed_new_execution_bar,USDJPY,2025.05.27 01:30:00,0,
2025.05.27 01:55:00,scan_skipped_same_execution_bar,USDJPY,2025.05.27 01:30:00,0,
2025.05.27 02:04:57,scan_executed_new_execution_bar,USDJPY,2025.05.27 01:45:00,31,
2025.05.27 02:09:56,scan_skipped_same_execution_bar,USDJPY,2025.05.27 01:45:00,0,
2025.05.27 02:19:59,scan_executed_new_execution_bar,USDJPY,2025.05.27 02:00:00,0,
2025.05.27 02:24:59,scan_skipped_same_execution_bar,USDJPY,2025.05.27 02:00:00,0,
2025.05.27 02:34:59,scan_executed_new_execution_bar,USDJPY,2025.05.27 02:15:00,31,
2025.05.27 02:39:59,scan_skipped_same_execution_bar,USDJPY,2025.05.27 02:15:00,0,
2025.05.27 02:49:59,scan_executed_new_execution_bar,USDJPY,2025.05.27 02:30:00,0,
2025.05.27 02:55:00,scan_skipped_same_execution_bar,USDJPY,2025.05.27 02:30:00,0,
2025.05.27 03:04:59,scan_executed_new_execution_bar,USDJPY,2025.05.27 02:45:00,0,
2025.05.27 03:09:59,scan_skipped_same_execution_bar,USDJPY,2025.05.27 02:45:00,0,
2025.05.27 03:19:59,scan_executed_new_execution_bar,USDJPY,2025.05.27 03:00:00,0,
2025.05.27 03:24:58,scan_skipped_same_execution_bar,USDJPY,2025.05.27 03:00:00,0,
2025.05.27 03:34:59,scan_executed_new_execution_bar,USDJPY,2025.05.27 03:15:00,0,
2025.05.27 03:39:58,scan_skipped_same_execution_bar,USDJPY,2025.05.27 03:15:00,0,
2025.05.27 03:49:59,scan_executed_new_execution_bar,USDJPY,2025.05.27 03:30:00,0,
2025.05.27 03:54:59,scan_skipped_same_execution_bar,USDJPY,2025.05.27 03:30:00,0,
2025.05.27 04:04:59,scan_executed_new_execution_bar,USDJPY,2025.05.27 03:45:00,0,
2025.05.27 04:09:59,scan_skipped_same_execution_bar,USDJPY,2025.05.27 03:45:00,0,
2025.05.27 04:20:00,scan_executed_new_execution_bar,USDJPY,2025.05.27 04:00:00,0,
2025.05.27 04:25:00,scan_skipped_same_execution_bar,USDJPY,2025.05.27 04:00:00,0,
2025.05.27 04:34:59,scan_executed_new_execution_bar,USDJPY,2025.05.27 04:15:00,0,
2025.05.27 04:39:59,scan_skipped_same_execution_bar,USDJPY,2025.05.27 04:15:00,0,
2025.05.27 04:49:59,scan_executed_new_execution_bar,USDJPY,2025.05.27 04:30:00,0,
2025.05.27 04:54:59,scan_skipped_same_execution_bar,USDJPY,2025.05.27 04:30:00,0,
2025.05.27 05:04:59,scan_executed_new_execution_bar,USDJPY,2025.05.27 04:45:00,0,
2025.05.27 05:09:59,scan_skipped_same_execution_bar,USDJPY,2025.05.27 04:45:00,0,
2025.05.27 05:19:59,scan_executed_new_execution_bar,USDJPY,2025.05.27 05:00:00,0,
2025.05.27 05:24:59,scan_skipped_same_execution_bar,USDJPY,2025.05.27 05:00:00,0,
2025.05.27 05:35:00,scan_executed_new_execution_bar,USDJPY,2025.05.27 05:15:00,16,
2025.05.27 05:39:59,scan_skipped_same_execution_bar,USDJPY,2025.05.27 05:15:00,0,
2025.05.27 05:49:59,scan_executed_new_execution_bar,USDJPY,2025.05.27 05:30:00,0,
2025.05.27 05:54:59,scan_skipped_same_execution_bar,USDJPY,2025.05.27 05:30:00,0,
2025.05.27 06:04:59,scan_executed_new_execution_bar,USDJPY,2025.05.27 05:45:00,0,
2025.05.27 06:09:59,scan_skipped_same_execution_bar,USDJPY,2025.05.27 05:45:00,0,
2025.05.27 06:19:59,scan_executed_new_execution_bar,USDJPY,2025.05.27 06:00:00,0,
2025.05.27 06:24:59,scan_skipped_same_execution_bar,USDJPY,2025.05.27 06:00:00,0,
2025.05.27 06:34:58,scan_executed_new_execution_bar,USDJPY,2025.05.27 06:15:00,0,
2025.05.27 06:39:59,scan_skipped_same_execution_bar,USDJPY,2025.05.27 06:15:00,0,
2025.05.27 06:49:59,scan_executed_new_execution_bar,USDJPY,2025.05.27 06:30:00,0,
2025.05.27 06:54:59,scan_skipped_same_execution_bar,USDJPY,2025.05.27 06:30:00,0,
2025.05.27 07:04:59,scan_executed_new_execution_bar,USDJPY,2025.05.27 06:45:00,0,
2025.05.27 07:09:58,scan_skipped_same_execution_bar,USDJPY,2025.05.27 06:45:00,0,
2025.05.27 07:19:55,scan_executed_new_execution_bar,USDJPY,2025.05.27 07:00:00,0,
2025.05.27 07:24:58,scan_skipped_same_execution_bar,USDJPY,2025.05.27 07:00:00,0,
2025.05.27 07:35:00,scan_executed_new_execution_bar,USDJPY,2025.05.27 07:15:00,0,
2025.05.27 07:39:59,scan_skipped_same_execution_bar,USDJPY,2025.05.27 07:15:00,0,
2025.05.27 07:49:59,scan_executed_new_execution_bar,USDJPY,2025.05.27 07:30:00,0,
2025.05.27 07:54:59,scan_skipped_same_execution_bar,USDJPY,2025.05.27 07:30:00,0,
2025.05.27 08:04:59,scan_executed_new_execution_bar,USDJPY,2025.05.27 07:45:00,0,
2025.05.27 08:09:59,scan_skipped_same_execution_bar,USDJPY,2025.05.27 07:45:00,0,
2025.05.27 08:19:59,scan_executed_new_execution_bar,USDJPY,2025.05.27 08:00:00,0,
2025.05.27 08:24:59,scan_skipped_same_execution_bar,USDJPY,2025.05.27 08:00:00,0,
2025.05.27 08:34:59,scan_executed_new_execution_bar,USDJPY,2025.05.27 08:15:00,0,
2025.05.27 08:39:59,scan_skipped_same_execution_bar,USDJPY,2025.05.27 08:15:00,0,
2025.05.27 08:49:59,scan_executed_new_execution_bar,USDJPY,2025.05.27 08:30:00,0,
2025.05.27 08:54:58,scan_skipped_same_execution_bar,USDJPY,2025.05.27 08:30:00,0,
2025.05.27 09:04:59,scan_executed_new_execution_bar,USDJPY,2025.05.27 08:45:00,0,
2025.05.27 09:09:58,scan_skipped_same_execution_bar,USDJPY,2025.05.27 08:45:00,0,
2025.05.27 09:19:59,scan_executed_new_execution_bar,USDJPY,2025.05.27 09:00:00,0,
2025.05.27 09:24:59,scan_skipped_same_execution_bar,USDJPY,2025.05.27 09:00:00,0,
2025.05.27 09:34:59,scan_executed_new_execution_bar,USDJPY,2025.05.27 09:15:00,0,
2025.05.27 09:39:59,scan_skipped_same_execution_bar,USDJPY,2025.05.27 09:15:00,0,
2025.05.27 09:49:59,scan_executed_new_execution_bar,USDJPY,2025.05.27 09:30:00,0,
2025.05.27 09:54:59,scan_skipped_same_execution_bar,USDJPY,2025.05.27 09:30:00,0,
2025.05.27 10:04:59,scan_executed_new_execution_bar,USDJPY,2025.05.27 09:45:00,0,
2025.05.27 10:09:59,scan_skipped_same_execution_bar,USDJPY,2025.05.27 09:45:00,0,
2025.05.27 10:19:59,scan_executed_new_execution_bar,USDJPY,2025.05.27 10:00:00,31,
2025.05.27 10:24:59,scan_skipped_same_execution_bar,USDJPY,2025.05.27 10:00:00,0,
2025.05.27 10:34:59,scan_executed_new_execution_bar,USDJPY,2025.05.27 10:15:00,16,
2025.05.27 10:39:59,scan_skipped_same_execution_bar,USDJPY,2025.05.27 10:15:00,0,
2025.05.27 10:49:59,scan_executed_new_execution_bar,USDJPY,2025.05.27 10:30:00,0,
2025.05.27 10:54:59,scan_skipped_same_execution_bar,USDJPY,2025.05.27 10:30:00,0,
2025.05.27 11:04:59,scan_executed_new_execution_bar,USDJPY,2025.05.27 10:45:00,47,
2025.05.27 11:09:59,scan_skipped_same_execution_bar,USDJPY,2025.05.27 10:45:00,0,
2025.05.27 11:19:59,scan_executed_new_execution_bar,USDJPY,2025.05.27 11:00:00,31,
2025.05.27 11:24:59,scan_skipped_same_execution_bar,USDJPY,2025.05.27 11:00:00,0,
2025.05.27 11:34:59,scan_executed_new_execution_bar,USDJPY,2025.05.27 11:15:00,16,
2025.05.27 11:39:59,scan_skipped_same_execution_bar,USDJPY,2025.05.27 11:15:00,0,
2025.05.27 11:49:59,scan_executed_new_execution_bar,USDJPY,2025.05.27 11:30:00,31,
2025.05.27 11:54:59,scan_skipped_same_execution_bar,USDJPY,2025.05.27 11:30:00,0,
2025.05.27 12:04:59,scan_executed_new_execution_bar,USDJPY,2025.05.27 11:45:00,0,
2025.05.27 12:09:59,scan_skipped_same_execution_bar,USDJPY,2025.05.27 11:45:00,0,
2025.05.27 12:19:59,scan_executed_new_execution_bar,USDJPY,2025.05.27 12:00:00,32,
2025.05.27 12:24:59,scan_skipped_same_execution_bar,USDJPY,2025.05.27 12:00:00,0,
2025.05.27 12:34:59,scan_executed_new_execution_bar,USDJPY,2025.05.27 12:15:00,15,
2025.05.27 12:39:59,scan_skipped_same_execution_bar,USDJPY,2025.05.27 12:15:00,0,
2025.05.27 12:49:59,scan_executed_new_execution_bar,USDJPY,2025.05.27 12:30:00,0,
2025.05.27 12:54:59,scan_skipped_same_execution_bar,USDJPY,2025.05.27 12:30:00,0,
2025.05.27 13:04:59,scan_executed_new_execution_bar,USDJPY,2025.05.27 12:45:00,15,
2025.05.27 13:09:59,scan_skipped_same_execution_bar,USDJPY,2025.05.27 12:45:00,0,
2025.05.27 13:19:59,scan_executed_new_execution_bar,USDJPY,2025.05.27 13:00:00,0,
2025.05.27 13:24:59,scan_skipped_same_execution_bar,USDJPY,2025.05.27 13:00:00,0,
2025.05.27 13:34:59,scan_executed_new_execution_bar,USDJPY,2025.05.27 13:15:00,0,
2025.05.27 13:39:59,scan_skipped_same_execution_bar,USDJPY,2025.05.27 13:15:00,0,
2025.05.27 13:49:59,scan_executed_new_execution_bar,USDJPY,2025.05.27 13:30:00,0,
2025.05.27 13:54:59,scan_skipped_same_execution_bar,USDJPY,2025.05.27 13:30:00,0,
2025.05.27 14:04:59,scan_executed_new_execution_bar,USDJPY,2025.05.27 13:45:00,0,
2025.05.27 14:09:59,scan_skipped_same_execution_bar,USDJPY,2025.05.27 13:45:00,0,
2025.05.27 14:19:59,scan_executed_new_execution_bar,USDJPY,2025.05.27 14:00:00,16,
2025.05.27 14:24:59,scan_skipped_same_execution_bar,USDJPY,2025.05.27 14:00:00,0,
2025.05.27 14:34:59,scan_executed_new_execution_bar,USDJPY,2025.05.27 14:15:00,0,
2025.05.27 14:39:59,scan_skipped_same_execution_bar,USDJPY,2025.05.27 14:15:00,0,
2025.05.27 14:49:59,scan_executed_new_execution_bar,USDJPY,2025.05.27 14:30:00,0,
2025.05.27 14:54:59,scan_skipped_same_execution_bar,USDJPY,2025.05.27 14:30:00,0,
2025.05.27 15:04:59,scan_executed_new_execution_bar,USDJPY,2025.05.27 14:45:00,0,
2025.05.27 15:09:59,scan_skipped_same_execution_bar,USDJPY,2025.05.27 14:45:00,0,
2025.05.27 15:19:59,scan_executed_new_execution_bar,USDJPY,2025.05.27 15:00:00,0,
2025.05.27 15:24:59,scan_skipped_same_execution_bar,USDJPY,2025.05.27 15:00:00,0,
2025.05.27 15:34:59,scan_executed_new_execution_bar,USDJPY,2025.05.27 15:15:00,16,
2025.05.27 15:39:59,scan_skipped_same_execution_bar,USDJPY,2025.05.27 15:15:00,0,
2025.05.27 15:49:59,scan_executed_new_execution_bar,USDJPY,2025.05.27 15:30:00,0,
2025.05.27 15:54:59,scan_skipped_same_execution_bar,USDJPY,2025.05.27 15:30:00,0,
2025.05.27 16:04:59,scan_executed_new_execution_bar,USDJPY,2025.05.27 15:45:00,15,
2025.05.27 16:09:59,scan_skipped_same_execution_bar,USDJPY,2025.05.27 15:45:00,0,
2025.05.27 16:19:59,scan_executed_new_execution_bar,USDJPY,2025.05.27 16:00:00,32,
2025.05.27 16:24:59,scan_skipped_same_execution_bar,USDJPY,2025.05.27 16:00:00,0,
2025.05.27 16:34:59,scan_executed_new_execution_bar,USDJPY,2025.05.27 16:15:00,15,
2025.05.27 16:39:59,scan_skipped_same_execution_bar,USDJPY,2025.05.27 16:15:00,0,
2025.05.27 16:49:59,scan_executed_new_execution_bar,USDJPY,2025.05.27 16:30:00,0,
2025.05.27 16:54:59,scan_skipped_same_execution_bar,USDJPY,2025.05.27 16:30:00,0,
2025.05.27 17:04:59,scan_executed_new_execution_bar,USDJPY,2025.05.27 16:45:00,0,
2025.05.27 17:09:59,scan_skipped_same_execution_bar,USDJPY,2025.05.27 16:45:00,0,
2025.05.27 17:19:59,scan_executed_new_execution_bar,USDJPY,2025.05.27 17:00:00,0,
2025.05.27 17:24:59,scan_skipped_same_execution_bar,USDJPY,2025.05.27 17:00:00,0,
2025.05.27 17:34:59,scan_executed_new_execution_bar,USDJPY,2025.05.27 17:15:00,16,
2025.05.27 17:39:59,scan_skipped_same_execution_bar,USDJPY,2025.05.27 17:15:00,0,
2025.05.27 17:49:59,scan_executed_new_execution_bar,USDJPY,2025.05.27 17:30:00,0,
2025.05.27 17:54:59,scan_skipped_same_execution_bar,USDJPY,2025.05.27 17:30:00,0,
2025.05.27 18:04:59,scan_executed_new_execution_bar,USDJPY,2025.05.27 17:45:00,0,
2025.05.27 18:09:59,scan_skipped_same_execution_bar,USDJPY,2025.05.27 17:45:00,0,
2025.05.27 18:19:59,scan_executed_new_execution_bar,USDJPY,2025.05.27 18:00:00,0,
2025.05.27 18:24:59,scan_skipped_same_execution_bar,USDJPY,2025.05.27 18:00:00,0,
2025.05.27 18:34:59,scan_executed_new_execution_bar,USDJPY,2025.05.27 18:15:00,15,
2025.05.27 18:39:59,scan_skipped_same_execution_bar,USDJPY,2025.05.27 18:15:00,0,
2025.05.27 18:49:59,scan_executed_new_execution_bar,USDJPY,2025.05.27 18:30:00,0,
2025.05.27 18:54:59,scan_skipped_same_execution_bar,USDJPY,2025.05.27 18:30:00,0,
2025.05.27 19:04:59,scan_executed_new_execution_bar,USDJPY,2025.05.27 18:45:00,0,
2025.05.27 19:10:00,scan_skipped_same_execution_bar,USDJPY,2025.05.27 18:45:00,0,
2025.05.27 19:19:59,scan_executed_new_execution_bar,USDJPY,2025.05.27 19:00:00,0,
2025.05.27 19:24:59,scan_skipped_same_execution_bar,USDJPY,2025.05.27 19:00:00,0,
2025.05.27 19:34:59,scan_executed_new_execution_bar,USDJPY,2025.05.27 19:15:00,16,
2025.05.27 19:39:59,scan_skipped_same_execution_bar,USDJPY,2025.05.27 19:15:00,0,
2025.05.27 19:49:59,scan_executed_new_execution_bar,USDJPY,2025.05.27 19:30:00,0,
2025.05.27 19:54:58,scan_skipped_same_execution_bar,USDJPY,2025.05.27 19:30:00,0,
2025.05.27 20:04:59,scan_executed_new_execution_bar,USDJPY,2025.05.27 19:45:00,0,
2025.05.27 20:09:59,scan_skipped_same_execution_bar,USDJPY,2025.05.27 19:45:00,0,
2025.05.27 20:19:59,scan_executed_new_execution_bar,USDJPY,2025.05.27 20:00:00,31,
2025.05.27 20:24:59,scan_skipped_same_execution_bar,USDJPY,2025.05.27 20:00:00,0,
2025.05.27 20:34:59,scan_executed_new_execution_bar,USDJPY,2025.05.27 20:15:00,0,
2025.05.27 20:39:59,scan_skipped_same_execution_bar,USDJPY,2025.05.27 20:15:00,0,
2025.05.27 20:49:59,scan_executed_new_execution_bar,USDJPY,2025.05.27 20:30:00,16,
2025.05.27 20:54:59,scan_skipped_same_execution_bar,USDJPY,2025.05.27 20:30:00,0,
2025.05.27 21:04:59,scan_executed_new_execution_bar,USDJPY,2025.05.27 20:45:00,0,
2025.05.27 21:09:59,scan_skipped_same_execution_bar,USDJPY,2025.05.27 20:45:00,0,
2025.05.27 21:19:59,scan_executed_new_execution_bar,USDJPY,2025.05.27 21:00:00,31,
2025.05.27 21:24:59,scan_skipped_same_execution_bar,USDJPY,2025.05.27 21:00:00,0,
2025.05.27 21:34:59,scan_executed_new_execution_bar,USDJPY,2025.05.27 21:15:00,0,
2025.05.27 21:39:59,scan_skipped_same_execution_bar,USDJPY,2025.05.27 21:15:00,0,
2025.05.27 21:49:59,scan_executed_new_execution_bar,USDJPY,2025.05.27 21:30:00,0,
2025.05.27 21:54:59,scan_skipped_same_execution_bar,USDJPY,2025.05.27 21:30:00,0,
2025.05.27 22:04:59,scan_executed_new_execution_bar,USDJPY,2025.05.27 21:45:00,0,
2025.05.27 22:09:59,scan_skipped_same_execution_bar,USDJPY,2025.05.27 21:45:00,0,
2025.05.27 22:19:57,scan_executed_new_execution_bar,USDJPY,2025.05.27 22:00:00,0,
2025.05.27 22:24:58,scan_skipped_same_execution_bar,USDJPY,2025.05.27 22:00:00,0,
2025.05.27 22:34:59,scan_executed_new_execution_bar,USDJPY,2025.05.27 22:15:00,0,
2025.05.27 22:39:59,scan_skipped_same_execution_bar,USDJPY,2025.05.27 22:15:00,0,
2025.05.27 22:49:58,scan_executed_new_execution_bar,USDJPY,2025.05.27 22:30:00,0,
2025.05.27 22:54:59,scan_skipped_same_execution_bar,USDJPY,2025.05.27 22:30:00,0,
2025.05.27 23:04:58,scan_executed_new_execution_bar,USDJPY,2025.05.27 22:45:00,0,
2025.05.27 23:09:59,scan_skipped_same_execution_bar,USDJPY,2025.05.27 22:45:00,0,
2025.05.27 23:19:58,scan_executed_new_execution_bar,USDJPY,2025.05.27 23:00:00,0,
2025.05.27 23:24:58,scan_skipped_same_execution_bar,USDJPY,2025.05.27 23:00:00,0,
2025.05.27 23:34:58,scan_executed_new_execution_bar,USDJPY,2025.05.27 23:15:00,0,
2025.05.27 23:39:58,scan_skipped_same_execution_bar,USDJPY,2025.05.27 23:15:00,0,
2025.05.27 23:49:58,scan_executed_new_execution_bar,USDJPY,2025.05.27 23:30:00,0,
2025.05.27 23:54:59,scan_skipped_same_execution_bar,USDJPY,2025.05.27 23:30:00,0,
2025.05.28 00:04:50,scan_executed_new_execution_bar,USDJPY,2025.05.27 23:45:00,0,
2025.05.28 00:09:56,scan_skipped_same_execution_bar,USDJPY,2025.05.27 23:45:00,0,
2025.05.28 00:19:57,scan_executed_new_execution_bar,USDJPY,2025.05.28 00:00:00,0,
2025.05.28 00:24:58,scan_skipped_same_execution_bar,USDJPY,2025.05.28 00:00:00,0,
2025.05.28 00:34:59,scan_executed_new_execution_bar,USDJPY,2025.05.28 00:15:00,0,
2025.05.28 00:39:57,scan_skipped_same_execution_bar,USDJPY,2025.05.28 00:15:00,0,
2025.05.28 00:49:59,scan_executed_new_execution_bar,USDJPY,2025.05.28 00:30:00,0,
2025.05.28 00:54:52,scan_skipped_same_execution_bar,USDJPY,2025.05.28 00:30:00,0,
2025.05.28 01:04:59,scan_executed_new_execution_bar,USDJPY,2025.05.28 00:45:00,0,
2025.05.28 01:09:59,scan_skipped_same_execution_bar,USDJPY,2025.05.28 00:45:00,0,
2025.05.28 01:19:59,scan_executed_new_execution_bar,USDJPY,2025.05.28 01:00:00,0,
2025.05.28 01:24:53,scan_skipped_same_execution_bar,USDJPY,2025.05.28 01:00:00,0,
2025.05.28 01:34:52,scan_executed_new_execution_bar,USDJPY,2025.05.28 01:15:00,0,
2025.05.28 01:39:58,scan_skipped_same_execution_bar,USDJPY,2025.05.28 01:15:00,0,
2025.05.28 01:49:59,scan_executed_new_execution_bar,USDJPY,2025.05.28 01:30:00,0,
2025.05.28 01:54:56,scan_skipped_same_execution_bar,USDJPY,2025.05.28 01:30:00,0,
2025.05.28 02:04:59,scan_executed_new_execution_bar,USDJPY,2025.05.28 01:45:00,0,
2025.05.28 02:09:59,scan_skipped_same_execution_bar,USDJPY,2025.05.28 01:45:00,0,
2025.05.28 02:19:59,scan_executed_new_execution_bar,USDJPY,2025.05.28 02:00:00,0,
2025.05.28 02:24:59,scan_skipped_same_execution_bar,USDJPY,2025.05.28 02:00:00,0,
2025.05.28 02:34:59,scan_executed_new_execution_bar,USDJPY,2025.05.28 02:15:00,0,
2025.05.28 02:39:58,scan_skipped_same_execution_bar,USDJPY,2025.05.28 02:15:00,0,
2025.05.28 02:49:59,scan_executed_new_execution_bar,USDJPY,2025.05.28 02:30:00,0,
2025.05.28 02:54:59,scan_skipped_same_execution_bar,USDJPY,2025.05.28 02:30:00,0,
2025.05.28 03:04:59,scan_executed_new_execution_bar,USDJPY,2025.05.28 02:45:00,0,
2025.05.28 03:09:59,scan_skipped_same_execution_bar,USDJPY,2025.05.28 02:45:00,0,
2025.05.28 03:19:59,scan_executed_new_execution_bar,USDJPY,2025.05.28 03:00:00,0,
2025.05.28 03:25:00,scan_skipped_same_execution_bar,USDJPY,2025.05.28 03:00:00,0,
2025.05.28 03:34:59,scan_executed_new_execution_bar,USDJPY,2025.05.28 03:15:00,0,
2025.05.28 03:39:59,scan_skipped_same_execution_bar,USDJPY,2025.05.28 03:15:00,0,
2025.05.28 03:49:59,scan_executed_new_execution_bar,USDJPY,2025.05.28 03:30:00,0,
2025.05.28 03:54:59,scan_skipped_same_execution_bar,USDJPY,2025.05.28 03:30:00,0,
2025.05.28 04:04:59,scan_executed_new_execution_bar,USDJPY,2025.05.28 03:45:00,16,
2025.05.28 04:09:59,scan_skipped_same_execution_bar,USDJPY,2025.05.28 03:45:00,0,
2025.05.28 04:19:59,scan_executed_new_execution_bar,USDJPY,2025.05.28 04:00:00,15,
2025.05.28 04:24:59,scan_skipped_same_execution_bar,USDJPY,2025.05.28 04:00:00,0,
2025.05.28 04:34:59,scan_executed_new_execution_bar,USDJPY,2025.05.28 04:15:00,0,
2025.05.28 04:39:59,scan_skipped_same_execution_bar,USDJPY,2025.05.28 04:15:00,0,
2025.05.28 04:49:59,scan_executed_new_execution_bar,USDJPY,2025.05.28 04:30:00,0,
2025.05.28 04:54:59,scan_skipped_same_execution_bar,USDJPY,2025.05.28 04:30:00,0,
2025.05.28 05:04:59,scan_executed_new_execution_bar,USDJPY,2025.05.28 04:45:00,16,
2025.05.28 05:09:59,scan_skipped_same_execution_bar,USDJPY,2025.05.28 04:45:00,0,
2025.05.28 05:19:59,scan_executed_new_execution_bar,USDJPY,2025.05.28 05:00:00,16,
2025.05.28 05:24:57,scan_skipped_same_execution_bar,USDJPY,2025.05.28 05:00:00,0,
2025.05.28 05:34:59,scan_executed_new_execution_bar,USDJPY,2025.05.28 05:15:00,16,
2025.05.28 05:39:59,scan_skipped_same_execution_bar,USDJPY,2025.05.28 05:15:00,0,
2025.05.28 05:50:00,scan_executed_new_execution_bar,USDJPY,2025.05.28 05:30:00,15,
2025.05.28 05:54:59,scan_skipped_same_execution_bar,USDJPY,2025.05.28 05:30:00,0,
2025.05.28 06:04:59,scan_executed_new_execution_bar,USDJPY,2025.05.28 05:45:00,16,
2025.05.28 06:09:59,scan_skipped_same_execution_bar,USDJPY,2025.05.28 05:45:00,0,
2025.05.28 06:19:59,scan_executed_new_execution_bar,USDJPY,2025.05.28 06:00:00,0,
2025.05.28 06:24:59,scan_skipped_same_execution_bar,USDJPY,2025.05.28 06:00:00,0,
2025.05.28 06:35:00,scan_executed_new_execution_bar,USDJPY,2025.05.28 06:15:00,0,
2025.05.28 06:39:59,scan_skipped_same_execution_bar,USDJPY,2025.05.28 06:15:00,0,
2025.05.28 06:49:59,scan_executed_new_execution_bar,USDJPY,2025.05.28 06:30:00,62,
2025.05.28 06:54:59,scan_skipped_same_execution_bar,USDJPY,2025.05.28 06:30:00,0,
2025.05.28 07:04:59,scan_executed_new_execution_bar,USDJPY,2025.05.28 06:45:00,0,
2025.05.28 07:09:59,scan_skipped_same_execution_bar,USDJPY,2025.05.28 06:45:00,0,
2025.05.28 07:19:59,scan_executed_new_execution_bar,USDJPY,2025.05.28 07:00:00,16,
2025.05.28 07:24:59,scan_skipped_same_execution_bar,USDJPY,2025.05.28 07:00:00,0,
2025.05.28 07:34:59,scan_executed_new_execution_bar,USDJPY,2025.05.28 07:15:00,0,
2025.05.28 07:39:59,scan_skipped_same_execution_bar,USDJPY,2025.05.28 07:15:00,0,
2025.05.28 07:50:00,scan_executed_new_execution_bar,USDJPY,2025.05.28 07:30:00,16,
2025.05.28 07:55:00,scan_skipped_same_execution_bar,USDJPY,2025.05.28 07:30:00,0,
2025.05.28 08:04:59,scan_executed_new_execution_bar,USDJPY,2025.05.28 07:45:00,16,
2025.05.28 08:09:59,scan_skipped_same_execution_bar,USDJPY,2025.05.28 07:45:00,0,
2025.05.28 08:19:59,scan_executed_new_execution_bar,USDJPY,2025.05.28 08:00:00,0,
2025.05.28 08:24:59,scan_skipped_same_execution_bar,USDJPY,2025.05.28 08:00:00,0,
2025.05.28 08:34:59,scan_executed_new_execution_bar,USDJPY,2025.05.28 08:15:00,15,
2025.05.28 08:39:59,scan_skipped_same_execution_bar,USDJPY,2025.05.28 08:15:00,0,
2025.05.28 08:49:59,scan_executed_new_execution_bar,USDJPY,2025.05.28 08:30:00,16,
2025.05.28 08:54:59,scan_skipped_same_execution_bar,USDJPY,2025.05.28 08:30:00,0,
2025.05.28 09:04:59,scan_executed_new_execution_bar,USDJPY,2025.05.28 08:45:00,16,
2025.05.28 09:09:59,scan_skipped_same_execution_bar,USDJPY,2025.05.28 08:45:00,0,
2025.05.28 09:19:59,scan_executed_new_execution_bar,USDJPY,2025.05.28 09:00:00,15,
2025.05.28 09:25:00,scan_skipped_same_execution_bar,USDJPY,2025.05.28 09:00:00,0,
2025.05.28 09:34:59,scan_executed_new_execution_bar,USDJPY,2025.05.28 09:15:00,32,
2025.05.28 09:39:59,scan_skipped_same_execution_bar,USDJPY,2025.05.28 09:15:00,0,
2025.05.28 09:49:59,scan_executed_new_execution_bar,USDJPY,2025.05.28 09:30:00,0,
2025.05.28 09:54:59,scan_skipped_same_execution_bar,USDJPY,2025.05.28 09:30:00,0,
2025.05.28 10:04:59,scan_executed_new_execution_bar,USDJPY,2025.05.28 09:45:00,31,
2025.05.28 10:09:59,scan_skipped_same_execution_bar,USDJPY,2025.05.28 09:45:00,0,
2025.05.28 10:19:59,scan_executed_new_execution_bar,USDJPY,2025.05.28 10:00:00,0,
2025.05.28 10:24:59,scan_skipped_same_execution_bar,USDJPY,2025.05.28 10:00:00,0,
2025.05.28 10:34:59,scan_executed_new_execution_bar,USDJPY,2025.05.28 10:15:00,0,
2025.05.28 10:39:59,scan_skipped_same_execution_bar,USDJPY,2025.05.28 10:15:00,0,
2025.05.28 10:49:59,scan_executed_new_execution_bar,USDJPY,2025.05.28 10:30:00,16,
2025.05.28 10:54:59,scan_skipped_same_execution_bar,USDJPY,2025.05.28 10:30:00,0,
2025.05.28 11:04:59,scan_executed_new_execution_bar,USDJPY,2025.05.28 10:45:00,31,
2025.05.28 11:09:59,scan_skipped_same_execution_bar,USDJPY,2025.05.28 10:45:00,0,
2025.05.28 11:19:59,scan_executed_new_execution_bar,USDJPY,2025.05.28 11:00:00,0,
2025.05.28 11:24:58,scan_skipped_same_execution_bar,USDJPY,2025.05.28 11:00:00,0,
2025.05.28 11:34:59,scan_executed_new_execution_bar,USDJPY,2025.05.28 11:15:00,0,
2025.05.28 11:39:59,scan_skipped_same_execution_bar,USDJPY,2025.05.28 11:15:00,0,
2025.05.28 11:49:59,scan_executed_new_execution_bar,USDJPY,2025.05.28 11:30:00,31,
2025.05.28 11:54:59,scan_skipped_same_execution_bar,USDJPY,2025.05.28 11:30:00,0,
2025.05.28 12:04:59,scan_executed_new_execution_bar,USDJPY,2025.05.28 11:45:00,0,
2025.05.28 12:09:58,scan_skipped_same_execution_bar,USDJPY,2025.05.28 11:45:00,0,
2025.05.28 12:19:59,scan_executed_new_execution_bar,USDJPY,2025.05.28 12:00:00,31,
2025.05.28 12:24:59,scan_skipped_same_execution_bar,USDJPY,2025.05.28 12:00:00,0,
2025.05.28 12:34:59,scan_executed_new_execution_bar,USDJPY,2025.05.28 12:15:00,31,
2025.05.28 12:39:59,scan_skipped_same_execution_bar,USDJPY,2025.05.28 12:15:00,0,
2025.05.28 12:49:59,scan_executed_new_execution_bar,USDJPY,2025.05.28 12:30:00,0,
2025.05.28 12:54:58,scan_skipped_same_execution_bar,USDJPY,2025.05.28 12:30:00,0,
2025.05.28 13:04:59,scan_executed_new_execution_bar,USDJPY,2025.05.28 12:45:00,16,
2025.05.28 13:09:59,scan_skipped_same_execution_bar,USDJPY,2025.05.28 12:45:00,0,
2025.05.28 13:19:58,scan_executed_new_execution_bar,USDJPY,2025.05.28 13:00:00,0,
2025.05.28 13:24:59,scan_skipped_same_execution_bar,USDJPY,2025.05.28 13:00:00,0,
2025.05.28 13:34:59,scan_executed_new_execution_bar,USDJPY,2025.05.28 13:15:00,0,
2025.05.28 13:39:59,scan_skipped_same_execution_bar,USDJPY,2025.05.28 13:15:00,0,
2025.05.28 13:49:59,scan_executed_new_execution_bar,USDJPY,2025.05.28 13:30:00,0,
2025.05.28 13:54:59,scan_skipped_same_execution_bar,USDJPY,2025.05.28 13:30:00,0,
2025.05.28 14:04:59,scan_executed_new_execution_bar,USDJPY,2025.05.28 13:45:00,0,
2025.05.28 14:09:55,scan_skipped_same_execution_bar,USDJPY,2025.05.28 13:45:00,0,
2025.05.28 14:19:59,scan_executed_new_execution_bar,USDJPY,2025.05.28 14:00:00,0,
2025.05.28 14:24:59,scan_skipped_same_execution_bar,USDJPY,2025.05.28 14:00:00,0,
2025.05.28 14:34:59,scan_executed_new_execution_bar,USDJPY,2025.05.28 14:15:00,0,
2025.05.28 14:39:59,scan_skipped_same_execution_bar,USDJPY,2025.05.28 14:15:00,0,
2025.05.28 14:49:59,scan_executed_new_execution_bar,USDJPY,2025.05.28 14:30:00,0,
2025.05.28 14:54:59,scan_skipped_same_execution_bar,USDJPY,2025.05.28 14:30:00,0,
2025.05.28 15:04:59,scan_executed_new_execution_bar,USDJPY,2025.05.28 14:45:00,0,
2025.05.28 15:09:59,scan_skipped_same_execution_bar,USDJPY,2025.05.28 14:45:00,0,
2025.05.28 15:19:59,scan_executed_new_execution_bar,USDJPY,2025.05.28 15:00:00,0,
2025.05.28 15:24:59,scan_skipped_same_execution_bar,USDJPY,2025.05.28 15:00:00,0,
2025.05.28 15:34:59,scan_executed_new_execution_bar,USDJPY,2025.05.28 15:15:00,0,
2025.05.28 15:39:59,scan_skipped_same_execution_bar,USDJPY,2025.05.28 15:15:00,0,
2025.05.28 15:49:57,scan_executed_new_execution_bar,USDJPY,2025.05.28 15:30:00,0,
2025.05.28 15:54:58,scan_skipped_same_execution_bar,USDJPY,2025.05.28 15:30:00,0,
2025.05.28 16:04:59,scan_executed_new_execution_bar,USDJPY,2025.05.28 15:45:00,0,
2025.05.28 16:09:59,scan_skipped_same_execution_bar,USDJPY,2025.05.28 15:45:00,0,
2025.05.28 16:19:59,scan_executed_new_execution_bar,USDJPY,2025.05.28 16:00:00,0,
2025.05.28 16:24:59,scan_skipped_same_execution_bar,USDJPY,2025.05.28 16:00:00,0,
2025.05.28 16:34:59,scan_executed_new_execution_bar,USDJPY,2025.05.28 16:15:00,0,
2025.05.28 16:39:59,scan_skipped_same_execution_bar,USDJPY,2025.05.28 16:15:00,0,
2025.05.28 16:49:59,scan_executed_new_execution_bar,USDJPY,2025.05.28 16:30:00,16,
2025.05.28 16:54:59,scan_skipped_same_execution_bar,USDJPY,2025.05.28 16:30:00,0,
2025.05.28 17:04:59,scan_executed_new_execution_bar,USDJPY,2025.05.28 16:45:00,0,
2025.05.28 17:09:59,scan_skipped_same_execution_bar,USDJPY,2025.05.28 16:45:00,0,
2025.05.28 17:19:59,scan_executed_new_execution_bar,USDJPY,2025.05.28 17:00:00,31,
2025.05.28 17:24:59,scan_skipped_same_execution_bar,USDJPY,2025.05.28 17:00:00,0,
2025.05.28 17:34:59,scan_executed_new_execution_bar,USDJPY,2025.05.28 17:15:00,0,
2025.05.28 17:39:59,scan_skipped_same_execution_bar,USDJPY,2025.05.28 17:15:00,0,
2025.05.28 17:49:59,scan_executed_new_execution_bar,USDJPY,2025.05.28 17:30:00,31,
2025.05.28 17:54:59,scan_skipped_same_execution_bar,USDJPY,2025.05.28 17:30:00,0,
2025.05.28 18:04:59,scan_executed_new_execution_bar,USDJPY,2025.05.28 17:45:00,0,
2025.05.28 18:09:59,scan_skipped_same_execution_bar,USDJPY,2025.05.28 17:45:00,0,
2025.05.28 18:19:59,scan_executed_new_execution_bar,USDJPY,2025.05.28 18:00:00,0,
2025.05.28 18:24:59,scan_skipped_same_execution_bar,USDJPY,2025.05.28 18:00:00,0,
2025.05.28 18:34:59,scan_executed_new_execution_bar,USDJPY,2025.05.28 18:15:00,0,
2025.05.28 18:39:59,scan_skipped_same_execution_bar,USDJPY,2025.05.28 18:15:00,0,
2025.05.28 18:49:59,scan_executed_new_execution_bar,USDJPY,2025.05.28 18:30:00,0,
2025.05.28 18:54:59,scan_skipped_same_execution_bar,USDJPY,2025.05.28 18:30:00,0,
2025.05.28 19:04:59,scan_executed_new_execution_bar,USDJPY,2025.05.28 18:45:00,0,
2025.05.28 19:09:59,scan_skipped_same_execution_bar,USDJPY,2025.05.28 18:45:00,0,
2025.05.28 19:19:59,scan_executed_new_execution_bar,USDJPY,2025.05.28 19:00:00,16,
2025.05.28 19:24:59,scan_skipped_same_execution_bar,USDJPY,2025.05.28 19:00:00,0,
2025.05.28 19:34:59,scan_executed_new_execution_bar,USDJPY,2025.05.28 19:15:00,0,
2025.05.28 19:39:59,scan_skipped_same_execution_bar,USDJPY,2025.05.28 19:15:00,0,
2025.05.28 19:49:59,scan_executed_new_execution_bar,USDJPY,2025.05.28 19:30:00,0,
2025.05.28 19:54:58,scan_skipped_same_execution_bar,USDJPY,2025.05.28 19:30:00,0,
2025.05.28 20:04:59,scan_executed_new_execution_bar,USDJPY,2025.05.28 19:45:00,31,
2025.05.28 20:09:58,scan_skipped_same_execution_bar,USDJPY,2025.05.28 19:45:00,0,
2025.05.28 20:19:59,scan_executed_new_execution_bar,USDJPY,2025.05.28 20:00:00,16,
2025.05.28 20:24:57,scan_skipped_same_execution_bar,USDJPY,2025.05.28 20:00:00,0,
2025.05.28 20:34:58,scan_executed_new_execution_bar,USDJPY,2025.05.28 20:15:00,31,
2025.05.28 20:40:00,scan_skipped_same_execution_bar,USDJPY,2025.05.28 20:15:00,0,
2025.05.28 20:49:59,scan_executed_new_execution_bar,USDJPY,2025.05.28 20:30:00,0,
2025.05.28 20:54:59,scan_skipped_same_execution_bar,USDJPY,2025.05.28 20:30:00,0,
2025.05.28 21:04:59,scan_executed_new_execution_bar,USDJPY,2025.05.28 20:45:00,15,
2025.05.28 21:09:59,scan_skipped_same_execution_bar,USDJPY,2025.05.28 20:45:00,0,
2025.05.28 21:19:59,scan_executed_new_execution_bar,USDJPY,2025.05.28 21:00:00,0,
2025.05.28 21:24:58,scan_skipped_same_execution_bar,USDJPY,2025.05.28 21:00:00,0,
2025.05.28 21:35:00,scan_executed_new_execution_bar,USDJPY,2025.05.28 21:15:00,0,
2025.05.28 21:39:55,scan_skipped_same_execution_bar,USDJPY,2025.05.28 21:15:00,0,
2025.05.28 21:49:57,scan_executed_new_execution_bar,USDJPY,2025.05.28 21:30:00,31,
2025.05.28 21:54:59,scan_skipped_same_execution_bar,USDJPY,2025.05.28 21:30:00,0,
2025.05.28 22:04:59,scan_executed_new_execution_bar,USDJPY,2025.05.28 21:45:00,15,
2025.05.28 22:09:59,scan_skipped_same_execution_bar,USDJPY,2025.05.28 21:45:00,0,
2025.05.28 22:19:57,scan_executed_new_execution_bar,USDJPY,2025.05.28 22:00:00,0,
2025.05.28 22:24:59,scan_skipped_same_execution_bar,USDJPY,2025.05.28 22:00:00,0,
2025.05.28 22:34:59,scan_executed_new_execution_bar,USDJPY,2025.05.28 22:15:00,0,
2025.05.28 22:39:59,scan_skipped_same_execution_bar,USDJPY,2025.05.28 22:15:00,0,
2025.05.28 22:49:59,scan_executed_new_execution_bar,USDJPY,2025.05.28 22:30:00,15,
2025.05.28 22:54:59,scan_skipped_same_execution_bar,USDJPY,2025.05.28 22:30:00,0,
2025.05.28 23:04:58,scan_executed_new_execution_bar,USDJPY,2025.05.28 22:45:00,0,
2025.05.28 23:09:58,scan_skipped_same_execution_bar,USDJPY,2025.05.28 22:45:00,0,
2025.05.28 23:19:59,scan_executed_new_execution_bar,USDJPY,2025.05.28 23:00:00,16,
2025.05.28 23:24:59,scan_skipped_same_execution_bar,USDJPY,2025.05.28 23:00:00,0,
2025.05.28 23:34:59,scan_executed_new_execution_bar,USDJPY,2025.05.28 23:15:00,0,
2025.05.28 23:39:59,scan_skipped_same_execution_bar,USDJPY,2025.05.28 23:15:00,0,
2025.05.28 23:49:59,scan_executed_new_execution_bar,USDJPY,2025.05.28 23:30:00,0,
2025.05.28 23:54:59,scan_skipped_same_execution_bar,USDJPY,2025.05.28 23:30:00,0,
2025.05.29 00:04:59,scan_executed_new_execution_bar,USDJPY,2025.05.28 23:45:00,0,
2025.05.29 00:09:52,scan_skipped_same_execution_bar,USDJPY,2025.05.28 23:45:00,0,
2025.05.29 00:19:55,scan_executed_new_execution_bar,USDJPY,2025.05.29 00:00:00,0,
2025.05.29 00:24:59,scan_skipped_same_execution_bar,USDJPY,2025.05.29 00:00:00,0,
2025.05.29 00:34:55,scan_executed_new_execution_bar,USDJPY,2025.05.29 00:15:00,0,
2025.05.29 00:40:00,scan_skipped_same_execution_bar,USDJPY,2025.05.29 00:15:00,0,
2025.05.29 00:49:55,scan_executed_new_execution_bar,USDJPY,2025.05.29 00:30:00,0,
2025.05.29 00:54:59,scan_skipped_same_execution_bar,USDJPY,2025.05.29 00:30:00,0,
2025.05.29 01:04:59,scan_executed_new_execution_bar,USDJPY,2025.05.29 00:45:00,16,
2025.05.29 01:09:57,scan_skipped_same_execution_bar,USDJPY,2025.05.29 00:45:00,0,
2025.05.29 01:19:59,scan_executed_new_execution_bar,USDJPY,2025.05.29 01:00:00,31,
2025.05.29 01:24:57,scan_skipped_same_execution_bar,USDJPY,2025.05.29 01:00:00,0,
2025.05.29 01:34:55,scan_executed_new_execution_bar,USDJPY,2025.05.29 01:15:00,0,
2025.05.29 01:39:59,scan_skipped_same_execution_bar,USDJPY,2025.05.29 01:15:00,0,
2025.05.29 01:49:59,scan_executed_new_execution_bar,USDJPY,2025.05.29 01:30:00,0,
2025.05.29 01:54:59,scan_skipped_same_execution_bar,USDJPY,2025.05.29 01:30:00,0,
2025.05.29 02:04:59,scan_executed_new_execution_bar,USDJPY,2025.05.29 01:45:00,0,
2025.05.29 02:09:59,scan_skipped_same_execution_bar,USDJPY,2025.05.29 01:45:00,0,
2025.05.29 02:19:59,scan_executed_new_execution_bar,USDJPY,2025.05.29 02:00:00,0,
2025.05.29 02:24:59,scan_skipped_same_execution_bar,USDJPY,2025.05.29 02:00:00,0,
2025.05.29 02:34:59,scan_executed_new_execution_bar,USDJPY,2025.05.29 02:15:00,0,
2025.05.29 02:39:59,scan_skipped_same_execution_bar,USDJPY,2025.05.29 02:15:00,0,
2025.05.29 02:49:59,scan_executed_new_execution_bar,USDJPY,2025.05.29 02:30:00,0,
2025.05.29 02:54:59,scan_skipped_same_execution_bar,USDJPY,2025.05.29 02:30:00,0,
2025.05.29 03:04:59,scan_executed_new_execution_bar,USDJPY,2025.05.29 02:45:00,16,
2025.05.29 03:09:59,scan_skipped_same_execution_bar,USDJPY,2025.05.29 02:45:00,0,
2025.05.29 03:19:59,scan_executed_new_execution_bar,USDJPY,2025.05.29 03:00:00,0,
2025.05.29 03:24:59,scan_skipped_same_execution_bar,USDJPY,2025.05.29 03:00:00,0,
2025.05.29 03:34:59,scan_executed_new_execution_bar,USDJPY,2025.05.29 03:15:00,0,
2025.05.29 03:39:59,scan_skipped_same_execution_bar,USDJPY,2025.05.29 03:15:00,0,
2025.05.29 03:49:59,scan_executed_new_execution_bar,USDJPY,2025.05.29 03:30:00,0,
2025.05.29 03:54:59,scan_skipped_same_execution_bar,USDJPY,2025.05.29 03:30:00,0,
2025.05.29 04:04:59,scan_executed_new_execution_bar,USDJPY,2025.05.29 03:45:00,0,
2025.05.29 04:09:59,scan_skipped_same_execution_bar,USDJPY,2025.05.29 03:45:00,0,
2025.05.29 04:19:59,scan_executed_new_execution_bar,USDJPY,2025.05.29 04:00:00,78,
2025.05.29 04:24:59,scan_skipped_same_execution_bar,USDJPY,2025.05.29 04:00:00,0,
2025.05.29 04:34:59,scan_executed_new_execution_bar,USDJPY,2025.05.29 04:15:00,32,
2025.05.29 04:39:59,scan_skipped_same_execution_bar,USDJPY,2025.05.29 04:15:00,0,
2025.05.29 04:49:59,scan_executed_new_execution_bar,USDJPY,2025.05.29 04:30:00,16,
2025.05.29 04:54:59,scan_skipped_same_execution_bar,USDJPY,2025.05.29 04:30:00,0,
2025.05.29 05:04:59,scan_executed_new_execution_bar,USDJPY,2025.05.29 04:45:00,46,
2025.05.29 05:10:00,scan_skipped_same_execution_bar,USDJPY,2025.05.29 04:45:00,0,
2025.05.29 05:19:59,scan_executed_new_execution_bar,USDJPY,2025.05.29 05:00:00,0,
2025.05.29 05:24:59,scan_skipped_same_execution_bar,USDJPY,2025.05.29 05:00:00,0,
2025.05.29 05:34:59,scan_executed_new_execution_bar,USDJPY,2025.05.29 05:15:00,0,
2025.05.29 05:39:59,scan_skipped_same_execution_bar,USDJPY,2025.05.29 05:15:00,0,
2025.05.29 05:49:59,scan_executed_new_execution_bar,USDJPY,2025.05.29 05:30:00,0,
2025.05.29 05:54:59,scan_skipped_same_execution_bar,USDJPY,2025.05.29 05:30:00,0,
2025.05.29 06:04:59,scan_executed_new_execution_bar,USDJPY,2025.05.29 05:45:00,0,
2025.05.29 06:09:59,scan_skipped_same_execution_bar,USDJPY,2025.05.29 05:45:00,0,
2025.05.29 06:19:59,scan_executed_new_execution_bar,USDJPY,2025.05.29 06:00:00,0,
2025.05.29 06:24:59,scan_skipped_same_execution_bar,USDJPY,2025.05.29 06:00:00,0,
2025.05.29 06:34:59,scan_executed_new_execution_bar,USDJPY,2025.05.29 06:15:00,0,
2025.05.29 06:39:59,scan_skipped_same_execution_bar,USDJPY,2025.05.29 06:15:00,0,
2025.05.29 06:49:59,scan_executed_new_execution_bar,USDJPY,2025.05.29 06:30:00,0,
2025.05.29 06:54:59,scan_skipped_same_execution_bar,USDJPY,2025.05.29 06:30:00,0,
2025.05.29 07:04:59,scan_executed_new_execution_bar,USDJPY,2025.05.29 06:45:00,0,
2025.05.29 07:09:59,scan_skipped_same_execution_bar,USDJPY,2025.05.29 06:45:00,0,
2025.05.29 07:19:59,scan_executed_new_execution_bar,USDJPY,2025.05.29 07:00:00,0,
2025.05.29 07:24:58,scan_skipped_same_execution_bar,USDJPY,2025.05.29 07:00:00,0,
2025.05.29 07:34:59,scan_executed_new_execution_bar,USDJPY,2025.05.29 07:15:00,0,
2025.05.29 07:39:58,scan_skipped_same_execution_bar,USDJPY,2025.05.29 07:15:00,0,
2025.05.29 07:49:59,scan_executed_new_execution_bar,USDJPY,2025.05.29 07:30:00,0,
2025.05.29 07:54:59,scan_skipped_same_execution_bar,USDJPY,2025.05.29 07:30:00,0,
2025.05.29 08:04:59,scan_executed_new_execution_bar,USDJPY,2025.05.29 07:45:00,16,
2025.05.29 08:09:59,scan_skipped_same_execution_bar,USDJPY,2025.05.29 07:45:00,0,
2025.05.29 08:19:59,scan_executed_new_execution_bar,USDJPY,2025.05.29 08:00:00,0,
2025.05.29 08:24:56,scan_skipped_same_execution_bar,USDJPY,2025.05.29 08:00:00,0,
2025.05.29 08:34:59,scan_executed_new_execution_bar,USDJPY,2025.05.29 08:15:00,0,
2025.05.29 08:39:59,scan_skipped_same_execution_bar,USDJPY,2025.05.29 08:15:00,0,
2025.05.29 08:49:59,scan_executed_new_execution_bar,USDJPY,2025.05.29 08:30:00,0,
2025.05.29 08:54:59,scan_skipped_same_execution_bar,USDJPY,2025.05.29 08:30:00,0,
2025.05.29 09:04:59,scan_executed_new_execution_bar,USDJPY,2025.05.29 08:45:00,0,
2025.05.29 09:09:59,scan_skipped_same_execution_bar,USDJPY,2025.05.29 08:45:00,0,
2025.05.29 09:19:59,scan_executed_new_execution_bar,USDJPY,2025.05.29 09:00:00,0,
2025.05.29 09:24:59,scan_skipped_same_execution_bar,USDJPY,2025.05.29 09:00:00,0,
2025.05.29 09:34:59,scan_executed_new_execution_bar,USDJPY,2025.05.29 09:15:00,0,
2025.05.29 09:39:59,scan_skipped_same_execution_bar,USDJPY,2025.05.29 09:15:00,0,
2025.05.29 09:49:59,scan_executed_new_execution_bar,USDJPY,2025.05.29 09:30:00,0,
2025.05.29 09:54:59,scan_skipped_same_execution_bar,USDJPY,2025.05.29 09:30:00,0,
2025.05.29 10:04:59,scan_executed_new_execution_bar,USDJPY,2025.05.29 09:45:00,0,
2025.05.29 10:09:59,scan_skipped_same_execution_bar,USDJPY,2025.05.29 09:45:00,0,
2025.05.29 10:19:59,scan_executed_new_execution_bar,USDJPY,2025.05.29 10:00:00,0,
2025.05.29 10:24:59,scan_skipped_same_execution_bar,USDJPY,2025.05.29 10:00:00,0,
2025.05.29 10:34:59,scan_executed_new_execution_bar,USDJPY,2025.05.29 10:15:00,0,
2025.05.29 10:39:59,scan_skipped_same_execution_bar,USDJPY,2025.05.29 10:15:00,0,
2025.05.29 10:49:59,scan_executed_new_execution_bar,USDJPY,2025.05.29 10:30:00,0,
2025.05.29 10:54:59,scan_skipped_same_execution_bar,USDJPY,2025.05.29 10:30:00,0,
2025.05.29 11:04:59,scan_executed_new_execution_bar,USDJPY,2025.05.29 10:45:00,16,
2025.05.29 11:09:59,scan_skipped_same_execution_bar,USDJPY,2025.05.29 10:45:00,0,
2025.05.29 11:19:59,scan_executed_new_execution_bar,USDJPY,2025.05.29 11:00:00,0,
2025.05.29 11:24:59,scan_skipped_same_execution_bar,USDJPY,2025.05.29 11:00:00,0,
2025.05.29 11:34:59,scan_executed_new_execution_bar,USDJPY,2025.05.29 11:15:00,47,
2025.05.29 11:39:59,scan_skipped_same_execution_bar,USDJPY,2025.05.29 11:15:00,0,
2025.05.29 11:49:59,scan_executed_new_execution_bar,USDJPY,2025.05.29 11:30:00,0,
2025.05.29 11:54:59,scan_skipped_same_execution_bar,USDJPY,2025.05.29 11:30:00,0,
2025.05.29 12:04:59,scan_executed_new_execution_bar,USDJPY,2025.05.29 11:45:00,0,
2025.05.29 12:09:59,scan_skipped_same_execution_bar,USDJPY,2025.05.29 11:45:00,0,
2025.05.29 12:19:59,scan_executed_new_execution_bar,USDJPY,2025.05.29 12:00:00,0,
2025.05.29 12:24:59,scan_skipped_same_execution_bar,USDJPY,2025.05.29 12:00:00,0,
2025.05.29 12:34:59,scan_executed_new_execution_bar,USDJPY,2025.05.29 12:15:00,0,
2025.05.29 12:39:56,scan_skipped_same_execution_bar,USDJPY,2025.05.29 12:15:00,0,
2025.05.29 12:49:59,scan_executed_new_execution_bar,USDJPY,2025.05.29 12:30:00,16,
2025.05.29 12:54:59,scan_skipped_same_execution_bar,USDJPY,2025.05.29 12:30:00,0,
2025.05.29 13:04:59,scan_executed_new_execution_bar,USDJPY,2025.05.29 12:45:00,31,
2025.05.29 13:09:59,scan_skipped_same_execution_bar,USDJPY,2025.05.29 12:45:00,0,
2025.05.29 13:19:57,scan_executed_new_execution_bar,USDJPY,2025.05.29 13:00:00,0,
2025.05.29 13:24:59,scan_skipped_same_execution_bar,USDJPY,2025.05.29 13:00:00,0,
2025.05.29 13:34:59,scan_executed_new_execution_bar,USDJPY,2025.05.29 13:15:00,0,
2025.05.29 13:39:59,scan_skipped_same_execution_bar,USDJPY,2025.05.29 13:15:00,0,
2025.05.29 13:49:59,scan_executed_new_execution_bar,USDJPY,2025.05.29 13:30:00,0,
2025.05.29 13:54:59,scan_skipped_same_execution_bar,USDJPY,2025.05.29 13:30:00,0,
2025.05.29 14:04:59,scan_executed_new_execution_bar,USDJPY,2025.05.29 13:45:00,32,
2025.05.29 14:09:59,scan_skipped_same_execution_bar,USDJPY,2025.05.29 13:45:00,0,
2025.05.29 14:19:59,scan_executed_new_execution_bar,USDJPY,2025.05.29 14:00:00,0,
2025.05.29 14:24:59,scan_skipped_same_execution_bar,USDJPY,2025.05.29 14:00:00,0,
2025.05.29 14:34:59,scan_executed_new_execution_bar,USDJPY,2025.05.29 14:15:00,16,
2025.05.29 14:39:59,scan_skipped_same_execution_bar,USDJPY,2025.05.29 14:15:00,0,
2025.05.29 14:49:59,scan_executed_new_execution_bar,USDJPY,2025.05.29 14:30:00,15,
2025.05.29 14:54:59,scan_skipped_same_execution_bar,USDJPY,2025.05.29 14:30:00,0,
2025.05.29 15:04:59,scan_executed_new_execution_bar,USDJPY,2025.05.29 14:45:00,31,
2025.05.29 15:09:59,scan_skipped_same_execution_bar,USDJPY,2025.05.29 14:45:00,0,
2025.05.29 15:19:59,scan_executed_new_execution_bar,USDJPY,2025.05.29 15:00:00,0,
2025.05.29 15:24:59,scan_skipped_same_execution_bar,USDJPY,2025.05.29 15:00:00,0,
2025.05.29 15:34:59,scan_executed_new_execution_bar,USDJPY,2025.05.29 15:15:00,0,
2025.05.29 15:39:59,scan_skipped_same_execution_bar,USDJPY,2025.05.29 15:15:00,0,
2025.05.29 15:49:59,scan_executed_new_execution_bar,USDJPY,2025.05.29 15:30:00,0,
2025.05.29 15:54:59,scan_skipped_same_execution_bar,USDJPY,2025.05.29 15:30:00,0,
2025.05.29 16:04:59,scan_executed_new_execution_bar,USDJPY,2025.05.29 15:45:00,0,
2025.05.29 16:09:59,scan_skipped_same_execution_bar,USDJPY,2025.05.29 15:45:00,0,
2025.05.29 16:20:00,scan_executed_new_execution_bar,USDJPY,2025.05.29 16:00:00,16,
2025.05.29 16:24:59,scan_skipped_same_execution_bar,USDJPY,2025.05.29 16:00:00,0,
2025.05.29 16:34:59,scan_executed_new_execution_bar,USDJPY,2025.05.29 16:15:00,0,
2025.05.29 16:39:59,scan_skipped_same_execution_bar,USDJPY,2025.05.29 16:15:00,0,
2025.05.29 16:49:59,scan_executed_new_execution_bar,USDJPY,2025.05.29 16:30:00,62,
2025.05.29 16:54:59,scan_skipped_same_execution_bar,USDJPY,2025.05.29 16:30:00,0,
2025.05.29 17:04:59,scan_executed_new_execution_bar,USDJPY,2025.05.29 16:45:00,0,
2025.05.29 17:09:59,scan_skipped_same_execution_bar,USDJPY,2025.05.29 16:45:00,0,
2025.05.29 17:19:59,scan_executed_new_execution_bar,USDJPY,2025.05.29 17:00:00,15,
2025.05.29 17:24:59,scan_skipped_same_execution_bar,USDJPY,2025.05.29 17:00:00,0,
2025.05.29 17:34:58,scan_executed_new_execution_bar,USDJPY,2025.05.29 17:15:00,16,
2025.05.29 17:39:59,scan_skipped_same_execution_bar,USDJPY,2025.05.29 17:15:00,0,
2025.05.29 17:49:59,scan_executed_new_execution_bar,USDJPY,2025.05.29 17:30:00,0,
2025.05.29 17:54:59,scan_skipped_same_execution_bar,USDJPY,2025.05.29 17:30:00,0,
2025.05.29 18:04:59,scan_executed_new_execution_bar,USDJPY,2025.05.29 17:45:00,32,
2025.05.29 18:09:59,scan_skipped_same_execution_bar,USDJPY,2025.05.29 17:45:00,0,
2025.05.29 18:19:59,scan_executed_new_execution_bar,USDJPY,2025.05.29 18:00:00,0,
2025.05.29 18:24:59,scan_skipped_same_execution_bar,USDJPY,2025.05.29 18:00:00,0,
2025.05.29 18:34:59,scan_executed_new_execution_bar,USDJPY,2025.05.29 18:15:00,0,
2025.05.29 18:39:59,scan_skipped_same_execution_bar,USDJPY,2025.05.29 18:15:00,0,
2025.05.29 18:49:59,scan_executed_new_execution_bar,USDJPY,2025.05.29 18:30:00,0,
2025.05.29 18:55:00,scan_skipped_same_execution_bar,USDJPY,2025.05.29 18:30:00,0,
2025.05.29 19:04:59,scan_executed_new_execution_bar,USDJPY,2025.05.29 18:45:00,0,
2025.05.29 19:09:59,scan_skipped_same_execution_bar,USDJPY,2025.05.29 18:45:00,0,
2025.05.29 19:19:59,scan_executed_new_execution_bar,USDJPY,2025.05.29 19:00:00,0,
2025.05.29 19:24:59,scan_skipped_same_execution_bar,USDJPY,2025.05.29 19:00:00,0,
2025.05.29 19:34:58,scan_executed_new_execution_bar,USDJPY,2025.05.29 19:15:00,0,
2025.05.29 19:39:59,scan_skipped_same_execution_bar,USDJPY,2025.05.29 19:15:00,0,
2025.05.29 19:49:59,scan_executed_new_execution_bar,USDJPY,2025.05.29 19:30:00,0,
2025.05.29 19:54:58,scan_skipped_same_execution_bar,USDJPY,2025.05.29 19:30:00,0,
2025.05.29 20:04:59,scan_executed_new_execution_bar,USDJPY,2025.05.29 19:45:00,46,
2025.05.29 20:10:00,scan_skipped_same_execution_bar,USDJPY,2025.05.29 19:45:00,0,
2025.05.29 20:19:59,scan_executed_new_execution_bar,USDJPY,2025.05.29 20:00:00,63,
2025.05.29 20:24:58,scan_skipped_same_execution_bar,USDJPY,2025.05.29 20:00:00,0,
2025.05.29 20:34:58,scan_executed_new_execution_bar,USDJPY,2025.05.29 20:15:00,31,
2025.05.29 20:39:59,scan_skipped_same_execution_bar,USDJPY,2025.05.29 20:15:00,0,
2025.05.29 20:49:59,scan_executed_new_execution_bar,USDJPY,2025.05.29 20:30:00,0,
2025.05.29 20:54:58,scan_skipped_same_execution_bar,USDJPY,2025.05.29 20:30:00,0,
2025.05.29 21:04:59,scan_executed_new_execution_bar,USDJPY,2025.05.29 20:45:00,15,
2025.05.29 21:09:59,scan_skipped_same_execution_bar,USDJPY,2025.05.29 20:45:00,0,
2025.05.29 21:19:59,scan_executed_new_execution_bar,USDJPY,2025.05.29 21:00:00,0,
2025.05.29 21:24:59,scan_skipped_same_execution_bar,USDJPY,2025.05.29 21:00:00,0,
2025.05.29 21:34:59,scan_executed_new_execution_bar,USDJPY,2025.05.29 21:15:00,31,
2025.05.29 21:39:59,scan_skipped_same_execution_bar,USDJPY,2025.05.29 21:15:00,0,
2025.05.29 21:49:59,scan_executed_new_execution_bar,USDJPY,2025.05.29 21:30:00,0,
2025.05.29 21:54:54,scan_skipped_same_execution_bar,USDJPY,2025.05.29 21:30:00,0,
2025.05.29 22:04:59,scan_executed_new_execution_bar,USDJPY,2025.05.29 21:45:00,16,
2025.05.29 22:09:59,scan_skipped_same_execution_bar,USDJPY,2025.05.29 21:45:00,0,
2025.05.29 22:19:59,scan_executed_new_execution_bar,USDJPY,2025.05.29 22:00:00,15,
2025.05.29 22:24:59,scan_skipped_same_execution_bar,USDJPY,2025.05.29 22:00:00,0,
2025.05.29 22:34:59,scan_executed_new_execution_bar,USDJPY,2025.05.29 22:15:00,0,
2025.05.29 22:39:59,scan_skipped_same_execution_bar,USDJPY,2025.05.29 22:15:00,0,
2025.05.29 22:49:59,scan_executed_new_execution_bar,USDJPY,2025.05.29 22:30:00,16,
2025.05.29 22:54:59,scan_skipped_same_execution_bar,USDJPY,2025.05.29 22:30:00,0,
2025.05.29 23:04:59,scan_executed_new_execution_bar,USDJPY,2025.05.29 22:45:00,0,
2025.05.29 23:09:57,scan_skipped_same_execution_bar,USDJPY,2025.05.29 22:45:00,0,
2025.05.29 23:19:57,scan_executed_new_execution_bar,USDJPY,2025.05.29 23:00:00,0,
2025.05.29 23:24:59,scan_skipped_same_execution_bar,USDJPY,2025.05.29 23:00:00,0,
2025.05.29 23:34:59,scan_executed_new_execution_bar,USDJPY,2025.05.29 23:15:00,0,
2025.05.29 23:39:59,scan_skipped_same_execution_bar,USDJPY,2025.05.29 23:15:00,0,
2025.05.29 23:49:57,scan_executed_new_execution_bar,USDJPY,2025.05.29 23:30:00,0,
2025.05.29 23:54:59,scan_skipped_same_execution_bar,USDJPY,2025.05.29 23:30:00,0,
2025.05.30 00:04:49,scan_executed_new_execution_bar,USDJPY,2025.05.29 23:45:00,0,
2025.05.30 00:09:58,scan_skipped_same_execution_bar,USDJPY,2025.05.29 23:45:00,0,
2025.05.30 00:19:59,scan_executed_new_execution_bar,USDJPY,2025.05.30 00:00:00,0,
2025.05.30 00:24:58,scan_skipped_same_execution_bar,USDJPY,2025.05.30 00:00:00,0,
2025.05.30 00:34:57,scan_executed_new_execution_bar,USDJPY,2025.05.30 00:15:00,0,
2025.05.30 00:39:58,scan_skipped_same_execution_bar,USDJPY,2025.05.30 00:15:00,0,
2025.05.30 00:49:57,scan_executed_new_execution_bar,USDJPY,2025.05.30 00:30:00,0,
2025.05.30 00:54:59,scan_skipped_same_execution_bar,USDJPY,2025.05.30 00:30:00,0,
2025.05.30 01:04:59,scan_executed_new_execution_bar,USDJPY,2025.05.30 00:45:00,0,
2025.05.30 01:09:59,scan_skipped_same_execution_bar,USDJPY,2025.05.30 00:45:00,0,
2025.05.30 01:19:58,scan_executed_new_execution_bar,USDJPY,2025.05.30 01:00:00,0,
2025.05.30 01:24:59,scan_skipped_same_execution_bar,USDJPY,2025.05.30 01:00:00,0,
2025.05.30 01:34:59,scan_executed_new_execution_bar,USDJPY,2025.05.30 01:15:00,0,
2025.05.30 01:39:58,scan_skipped_same_execution_bar,USDJPY,2025.05.30 01:15:00,0,
2025.05.30 01:49:59,scan_executed_new_execution_bar,USDJPY,2025.05.30 01:30:00,0,
2025.05.30 01:54:59,scan_skipped_same_execution_bar,USDJPY,2025.05.30 01:30:00,0,
2025.05.30 02:04:59,scan_executed_new_execution_bar,USDJPY,2025.05.30 01:45:00,0,
2025.05.30 02:09:59,scan_skipped_same_execution_bar,USDJPY,2025.05.30 01:45:00,0,
2025.05.30 02:19:59,scan_executed_new_execution_bar,USDJPY,2025.05.30 02:00:00,16,
2025.05.30 02:24:58,scan_skipped_same_execution_bar,USDJPY,2025.05.30 02:00:00,0,
2025.05.30 02:34:59,scan_executed_new_execution_bar,USDJPY,2025.05.30 02:15:00,0,
2025.05.30 02:39:59,scan_skipped_same_execution_bar,USDJPY,2025.05.30 02:15:00,0,
2025.05.30 02:49:59,scan_executed_new_execution_bar,USDJPY,2025.05.30 02:30:00,0,
2025.05.30 02:54:59,scan_skipped_same_execution_bar,USDJPY,2025.05.30 02:30:00,0,
2025.05.30 03:04:59,scan_executed_new_execution_bar,USDJPY,2025.05.30 02:45:00,0,
2025.05.30 03:09:59,scan_skipped_same_execution_bar,USDJPY,2025.05.30 02:45:00,0,
2025.05.30 03:19:59,scan_executed_new_execution_bar,USDJPY,2025.05.30 03:00:00,0,
2025.05.30 03:24:59,scan_skipped_same_execution_bar,USDJPY,2025.05.30 03:00:00,0,
2025.05.30 03:34:59,scan_executed_new_execution_bar,USDJPY,2025.05.30 03:15:00,0,
2025.05.30 03:39:59,scan_skipped_same_execution_bar,USDJPY,2025.05.30 03:15:00,0,
2025.05.30 03:49:59,scan_executed_new_execution_bar,USDJPY,2025.05.30 03:30:00,0,
2025.05.30 03:54:59,scan_skipped_same_execution_bar,USDJPY,2025.05.30 03:30:00,0,
2025.05.30 04:04:59,scan_executed_new_execution_bar,USDJPY,2025.05.30 03:45:00,0,
2025.05.30 04:09:59,scan_skipped_same_execution_bar,USDJPY,2025.05.30 03:45:00,0,
2025.05.30 04:19:59,scan_executed_new_execution_bar,USDJPY,2025.05.30 04:00:00,0,
2025.05.30 04:24:59,scan_skipped_same_execution_bar,USDJPY,2025.05.30 04:00:00,0,
2025.05.30 04:34:59,scan_executed_new_execution_bar,USDJPY,2025.05.30 04:15:00,63,
2025.05.30 04:39:59,scan_skipped_same_execution_bar,USDJPY,2025.05.30 04:15:00,0,
2025.05.30 04:49:59,scan_executed_new_execution_bar,USDJPY,2025.05.30 04:30:00,16,
2025.05.30 04:54:59,scan_skipped_same_execution_bar,USDJPY,2025.05.30 04:30:00,0,
2025.05.30 05:04:59,scan_executed_new_execution_bar,USDJPY,2025.05.30 04:45:00,0,
2025.05.30 05:09:59,scan_skipped_same_execution_bar,USDJPY,2025.05.30 04:45:00,0,
2025.05.30 05:19:59,scan_executed_new_execution_bar,USDJPY,2025.05.30 05:00:00,31,
2025.05.30 05:24:59,scan_skipped_same_execution_bar,USDJPY,2025.05.30 05:00:00,0,
2025.05.30 05:34:59,scan_executed_new_execution_bar,USDJPY,2025.05.30 05:15:00,0,
2025.05.30 05:39:59,scan_skipped_same_execution_bar,USDJPY,2025.05.30 05:15:00,0,
2025.05.30 05:49:59,scan_executed_new_execution_bar,USDJPY,2025.05.30 05:30:00,0,
2025.05.30 05:54:59,scan_skipped_same_execution_bar,USDJPY,2025.05.30 05:30:00,0,
2025.05.30 06:04:59,scan_executed_new_execution_bar,USDJPY,2025.05.30 05:45:00,32,
2025.05.30 06:09:59,scan_skipped_same_execution_bar,USDJPY,2025.05.30 05:45:00,0,
2025.05.30 06:19:59,scan_executed_new_execution_bar,USDJPY,2025.05.30 06:00:00,46,
2025.05.30 06:24:59,scan_skipped_same_execution_bar,USDJPY,2025.05.30 06:00:00,0,
2025.05.30 06:34:59,scan_executed_new_execution_bar,USDJPY,2025.05.30 06:15:00,0,
2025.05.30 06:39:59,scan_skipped_same_execution_bar,USDJPY,2025.05.30 06:15:00,0,
2025.05.30 06:49:58,scan_executed_new_execution_bar,USDJPY,2025.05.30 06:30:00,0,
2025.05.30 06:54:59,scan_skipped_same_execution_bar,USDJPY,2025.05.30 06:30:00,0,
2025.05.30 07:04:59,scan_executed_new_execution_bar,USDJPY,2025.05.30 06:45:00,0,
2025.05.30 07:09:59,scan_skipped_same_execution_bar,USDJPY,2025.05.30 06:45:00,0,
2025.05.30 07:19:59,scan_executed_new_execution_bar,USDJPY,2025.05.30 07:00:00,0,
2025.05.30 07:24:59,scan_skipped_same_execution_bar,USDJPY,2025.05.30 07:00:00,0,
2025.05.30 07:34:59,scan_executed_new_execution_bar,USDJPY,2025.05.30 07:15:00,0,
2025.05.30 07:39:59,scan_skipped_same_execution_bar,USDJPY,2025.05.30 07:15:00,0,
2025.05.30 07:49:59,scan_executed_new_execution_bar,USDJPY,2025.05.30 07:30:00,0,
2025.05.30 07:54:59,scan_skipped_same_execution_bar,USDJPY,2025.05.30 07:30:00,0,
2025.05.30 08:04:58,scan_executed_new_execution_bar,USDJPY,2025.05.30 07:45:00,0,
2025.05.30 08:09:58,scan_skipped_same_execution_bar,USDJPY,2025.05.30 07:45:00,0,
2025.05.30 08:19:58,scan_executed_new_execution_bar,USDJPY,2025.05.30 08:00:00,15,
2025.05.30 08:24:59,scan_skipped_same_execution_bar,USDJPY,2025.05.30 08:00:00,0,
2025.05.30 08:34:59,scan_executed_new_execution_bar,USDJPY,2025.05.30 08:15:00,0,
2025.05.30 08:39:58,scan_skipped_same_execution_bar,USDJPY,2025.05.30 08:15:00,0,
2025.05.30 08:49:59,scan_executed_new_execution_bar,USDJPY,2025.05.30 08:30:00,16,
2025.05.30 08:55:00,scan_skipped_same_execution_bar,USDJPY,2025.05.30 08:30:00,0,
2025.05.30 09:04:59,scan_executed_new_execution_bar,USDJPY,2025.05.30 08:45:00,15,
2025.05.30 09:09:59,scan_skipped_same_execution_bar,USDJPY,2025.05.30 08:45:00,0,
2025.05.30 09:19:59,scan_executed_new_execution_bar,USDJPY,2025.05.30 09:00:00,16,
2025.05.30 09:24:59,scan_skipped_same_execution_bar,USDJPY,2025.05.30 09:00:00,0,
2025.05.30 09:34:59,scan_executed_new_execution_bar,USDJPY,2025.05.30 09:15:00,16,
2025.05.30 09:39:59,scan_skipped_same_execution_bar,USDJPY,2025.05.30 09:15:00,0,
2025.05.30 09:49:59,scan_executed_new_execution_bar,USDJPY,2025.05.30 09:30:00,0,
2025.05.30 09:54:59,scan_skipped_same_execution_bar,USDJPY,2025.05.30 09:30:00,0,
2025.05.30 10:04:59,scan_executed_new_execution_bar,USDJPY,2025.05.30 09:45:00,15,
2025.05.30 10:09:59,scan_skipped_same_execution_bar,USDJPY,2025.05.30 09:45:00,0,
2025.05.30 10:19:59,scan_executed_new_execution_bar,USDJPY,2025.05.30 10:00:00,0,
2025.05.30 10:24:59,scan_skipped_same_execution_bar,USDJPY,2025.05.30 10:00:00,0,
2025.05.30 10:34:59,scan_executed_new_execution_bar,USDJPY,2025.05.30 10:15:00,16,
2025.05.30 10:39:59,scan_skipped_same_execution_bar,USDJPY,2025.05.30 10:15:00,0,
2025.05.30 10:49:59,scan_executed_new_execution_bar,USDJPY,2025.05.30 10:30:00,16,
2025.05.30 10:54:59,scan_skipped_same_execution_bar,USDJPY,2025.05.30 10:30:00,0,
2025.05.30 11:04:59,scan_executed_new_execution_bar,USDJPY,2025.05.30 10:45:00,0,
2025.05.30 11:09:59,scan_skipped_same_execution_bar,USDJPY,2025.05.30 10:45:00,0,
2025.05.30 11:19:59,scan_executed_new_execution_bar,USDJPY,2025.05.30 11:00:00,0,
2025.05.30 11:24:59,scan_skipped_same_execution_bar,USDJPY,2025.05.30 11:00:00,0,
2025.05.30 11:34:59,scan_executed_new_execution_bar,USDJPY,2025.05.30 11:15:00,63,
2025.05.30 11:39:58,scan_skipped_same_execution_bar,USDJPY,2025.05.30 11:15:00,0,
2025.05.30 11:49:59,scan_executed_new_execution_bar,USDJPY,2025.05.30 11:30:00,0,
2025.05.30 11:54:59,scan_skipped_same_execution_bar,USDJPY,2025.05.30 11:30:00,0,
2025.05.30 12:04:59,scan_executed_new_execution_bar,USDJPY,2025.05.30 11:45:00,0,
2025.05.30 12:10:00,scan_skipped_same_execution_bar,USDJPY,2025.05.30 11:45:00,0,
2025.05.30 12:19:59,scan_executed_new_execution_bar,USDJPY,2025.05.30 12:00:00,15,
2025.05.30 12:24:59,scan_skipped_same_execution_bar,USDJPY,2025.05.30 12:00:00,0,
2025.05.30 12:34:57,scan_executed_new_execution_bar,USDJPY,2025.05.30 12:15:00,0,
2025.05.30 12:39:59,scan_skipped_same_execution_bar,USDJPY,2025.05.30 12:15:00,0,
2025.05.30 12:49:59,scan_executed_new_execution_bar,USDJPY,2025.05.30 12:30:00,32,
2025.05.30 12:54:59,scan_skipped_same_execution_bar,USDJPY,2025.05.30 12:30:00,0,
2025.05.30 13:04:59,scan_executed_new_execution_bar,USDJPY,2025.05.30 12:45:00,0,
2025.05.30 13:09:59,scan_skipped_same_execution_bar,USDJPY,2025.05.30 12:45:00,0,
2025.05.30 13:19:59,scan_executed_new_execution_bar,USDJPY,2025.05.30 13:00:00,16,
2025.05.30 13:24:59,scan_skipped_same_execution_bar,USDJPY,2025.05.30 13:00:00,0,
2025.05.30 13:34:59,scan_executed_new_execution_bar,USDJPY,2025.05.30 13:15:00,0,
2025.05.30 13:39:59,scan_skipped_same_execution_bar,USDJPY,2025.05.30 13:15:00,0,
2025.05.30 13:49:59,scan_executed_new_execution_bar,USDJPY,2025.05.30 13:30:00,16,
2025.05.30 13:54:59,scan_skipped_same_execution_bar,USDJPY,2025.05.30 13:30:00,0,
2025.05.30 14:04:59,scan_executed_new_execution_bar,USDJPY,2025.05.30 13:45:00,0,
2025.05.30 14:09:59,scan_skipped_same_execution_bar,USDJPY,2025.05.30 13:45:00,0,
2025.05.30 14:19:59,scan_executed_new_execution_bar,USDJPY,2025.05.30 14:00:00,0,
2025.05.30 14:24:59,scan_skipped_same_execution_bar,USDJPY,2025.05.30 14:00:00,0,
2025.05.30 14:34:58,scan_executed_new_execution_bar,USDJPY,2025.05.30 14:15:00,15,
2025.05.30 14:39:59,scan_skipped_same_execution_bar,USDJPY,2025.05.30 14:15:00,0,
2025.05.30 14:49:59,scan_executed_new_execution_bar,USDJPY,2025.05.30 14:30:00,16,
2025.05.30 14:54:59,scan_skipped_same_execution_bar,USDJPY,2025.05.30 14:30:00,0,
2025.05.30 15:04:59,scan_executed_new_execution_bar,USDJPY,2025.05.30 14:45:00,0,
2025.05.30 15:09:59,scan_skipped_same_execution_bar,USDJPY,2025.05.30 14:45:00,0,
2025.05.30 15:19:59,scan_executed_new_execution_bar,USDJPY,2025.05.30 15:00:00,0,
2025.05.30 15:24:59,scan_skipped_same_execution_bar,USDJPY,2025.05.30 15:00:00,0,
2025.05.30 15:34:59,scan_executed_new_execution_bar,USDJPY,2025.05.30 15:15:00,0,
2025.05.30 15:39:59,scan_skipped_same_execution_bar,USDJPY,2025.05.30 15:15:00,0,
2025.05.30 15:49:59,scan_executed_new_execution_bar,USDJPY,2025.05.30 15:30:00,16,
2025.05.30 15:54:59,scan_skipped_same_execution_bar,USDJPY,2025.05.30 15:30:00,0,
2025.05.30 16:04:59,scan_executed_new_execution_bar,USDJPY,2025.05.30 15:45:00,15,
2025.05.30 16:09:59,scan_skipped_same_execution_bar,USDJPY,2025.05.30 15:45:00,0,
2025.05.30 16:19:59,scan_executed_new_execution_bar,USDJPY,2025.05.30 16:00:00,16,
2025.05.30 16:24:59,scan_skipped_same_execution_bar,USDJPY,2025.05.30 16:00:00,0,
2025.05.30 16:34:59,scan_executed_new_execution_bar,USDJPY,2025.05.30 16:15:00,46,
2025.05.30 16:39:59,scan_skipped_same_execution_bar,USDJPY,2025.05.30 16:15:00,0,
2025.05.30 16:49:59,scan_executed_new_execution_bar,USDJPY,2025.05.30 16:30:00,0,
2025.05.30 16:54:59,scan_skipped_same_execution_bar,USDJPY,2025.05.30 16:30:00,0,
2025.05.30 17:04:59,scan_executed_new_execution_bar,USDJPY,2025.05.30 16:45:00,0,
2025.05.30 17:09:59,scan_skipped_same_execution_bar,USDJPY,2025.05.30 16:45:00,0,
2025.05.30 17:19:59,scan_executed_new_execution_bar,USDJPY,2025.05.30 17:00:00,47,
2025.05.30 17:24:59,scan_skipped_same_execution_bar,USDJPY,2025.05.30 17:00:00,0,
2025.05.30 17:34:59,scan_executed_new_execution_bar,USDJPY,2025.05.30 17:15:00,15,
2025.05.30 17:39:59,scan_skipped_same_execution_bar,USDJPY,2025.05.30 17:15:00,0,
2025.05.30 17:49:59,scan_executed_new_execution_bar,USDJPY,2025.05.30 17:30:00,32,
2025.05.30 17:54:59,scan_skipped_same_execution_bar,USDJPY,2025.05.30 17:30:00,0,
2025.05.30 18:04:59,scan_executed_new_execution_bar,USDJPY,2025.05.30 17:45:00,0,
2025.05.30 18:09:59,scan_skipped_same_execution_bar,USDJPY,2025.05.30 17:45:00,0,
2025.05.30 18:19:59,scan_executed_new_execution_bar,USDJPY,2025.05.30 18:00:00,125,
2025.05.30 18:24:59,scan_skipped_same_execution_bar,USDJPY,2025.05.30 18:00:00,0,
2025.05.30 18:34:59,scan_executed_new_execution_bar,USDJPY,2025.05.30 18:15:00,16,
2025.05.30 18:39:59,scan_skipped_same_execution_bar,USDJPY,2025.05.30 18:15:00,0,
2025.05.30 18:49:59,scan_executed_new_execution_bar,USDJPY,2025.05.30 18:30:00,47,
2025.05.30 18:54:59,scan_skipped_same_execution_bar,USDJPY,2025.05.30 18:30:00,0,
2025.05.30 19:04:59,scan_executed_new_execution_bar,USDJPY,2025.05.30 18:45:00,31,
2025.05.30 19:09:56,scan_skipped_same_execution_bar,USDJPY,2025.05.30 18:45:00,0,
2025.05.30 19:19:59,scan_executed_new_execution_bar,USDJPY,2025.05.30 19:00:00,31,
2025.05.30 19:24:59,scan_skipped_same_execution_bar,USDJPY,2025.05.30 19:00:00,0,
2025.05.30 19:34:59,scan_executed_new_execution_bar,USDJPY,2025.05.30 19:15:00,31,
2025.05.30 19:39:59,scan_skipped_same_execution_bar,USDJPY,2025.05.30 19:15:00,0,
2025.05.30 19:49:59,scan_executed_new_execution_bar,USDJPY,2025.05.30 19:30:00,15,
2025.05.30 19:54:59,scan_skipped_same_execution_bar,USDJPY,2025.05.30 19:30:00,0,
2025.05.30 20:04:59,scan_executed_new_execution_bar,USDJPY,2025.05.30 19:45:00,0,
2025.05.30 20:09:59,scan_skipped_same_execution_bar,USDJPY,2025.05.30 19:45:00,0,
2025.05.30 20:19:59,scan_executed_new_execution_bar,USDJPY,2025.05.30 20:00:00,0,
2025.05.30 20:24:59,scan_skipped_same_execution_bar,USDJPY,2025.05.30 20:00:00,0,
2025.05.30 20:34:59,scan_executed_new_execution_bar,USDJPY,2025.05.30 20:15:00,0,
2025.05.30 20:39:59,scan_skipped_same_execution_bar,USDJPY,2025.05.30 20:15:00,0,
2025.05.30 20:49:59,scan_executed_new_execution_bar,USDJPY,2025.05.30 20:30:00,0,
2025.05.30 20:54:58,scan_skipped_same_execution_bar,USDJPY,2025.05.30 20:30:00,0,
2025.05.30 21:04:59,scan_executed_new_execution_bar,USDJPY,2025.05.30 20:45:00,0,
2025.05.30 21:09:59,scan_skipped_same_execution_bar,USDJPY,2025.05.30 20:45:00,0,
2025.05.30 21:19:59,scan_executed_new_execution_bar,USDJPY,2025.05.30 21:00:00,0,
2025.05.30 21:24:59,scan_skipped_same_execution_bar,USDJPY,2025.05.30 21:00:00,0,
2025.05.30 21:34:59,scan_executed_new_execution_bar,USDJPY,2025.05.30 21:15:00,0,
2025.05.30 21:39:59,scan_skipped_same_execution_bar,USDJPY,2025.05.30 21:15:00,0,
2025.05.30 21:49:59,scan_executed_new_execution_bar,USDJPY,2025.05.30 21:30:00,0,
2025.05.30 21:54:59,scan_skipped_same_execution_bar,USDJPY,2025.05.30 21:30:00,0,
2025.05.30 22:04:58,scan_executed_new_execution_bar,USDJPY,2025.05.30 21:45:00,0,
2025.05.30 22:09:59,scan_skipped_same_execution_bar,USDJPY,2025.05.30 21:45:00,0,
2025.05.30 22:19:59,scan_executed_new_execution_bar,USDJPY,2025.05.30 22:00:00,0,
2025.05.30 22:24:59,scan_skipped_same_execution_bar,USDJPY,2025.05.30 22:00:00,0,
2025.05.30 22:34:59,scan_executed_new_execution_bar,USDJPY,2025.05.30 22:15:00,0,
2025.05.30 22:39:59,scan_skipped_same_execution_bar,USDJPY,2025.05.30 22:15:00,0,
2025.05.30 22:49:59,scan_executed_new_execution_bar,USDJPY,2025.05.30 22:30:00,16,
2025.05.30 22:54:59,scan_skipped_same_execution_bar,USDJPY,2025.05.30 22:30:00,0,
2025.05.30 23:04:59,scan_executed_new_execution_bar,USDJPY,2025.05.30 22:45:00,0,
2025.05.30 23:09:58,scan_skipped_same_execution_bar,USDJPY,2025.05.30 22:45:00,0,
2025.05.30 23:19:47,scan_executed_new_execution_bar,USDJPY,2025.05.30 23:00:00,16,
2025.05.30 23:24:58,scan_skipped_same_execution_bar,USDJPY,2025.05.30 23:00:00,0,
2025.05.30 23:34:59,scan_executed_new_execution_bar,USDJPY,2025.05.30 23:15:00,0,
2025.05.30 23:39:56,scan_skipped_same_execution_bar,USDJPY,2025.05.30 23:15:00,0,
2025.05.30 23:49:59,scan_executed_new_execution_bar,USDJPY,2025.05.30 23:30:00,0,
2025.05.30 23:54:59,scan_skipped_same_execution_bar,USDJPY,2025.05.30 23:30:00,0,
2025.06.02 00:04:58,scan_executed_new_execution_bar,USDJPY,2025.05.30 23:45:00,0,
2025.06.02 00:09:59,scan_skipped_same_execution_bar,USDJPY,2025.05.30 23:45:00,0,
2025.06.02 00:19:44,scan_executed_new_execution_bar,USDJPY,2025.06.02 00:00:00,0,
2025.06.02 00:24:49,scan_skipped_same_execution_bar,USDJPY,2025.06.02 00:00:00,0,
2025.06.02 00:35:00,scan_executed_new_execution_bar,USDJPY,2025.06.02 00:15:00,0,
2025.06.02 00:39:59,scan_skipped_same_execution_bar,USDJPY,2025.06.02 00:15:00,0,
2025.06.02 00:49:58,scan_executed_new_execution_bar,USDJPY,2025.06.02 00:30:00,0,
2025.06.02 00:54:59,scan_skipped_same_execution_bar,USDJPY,2025.06.02 00:30:00,0,
2025.06.02 01:05:00,scan_executed_new_execution_bar,USDJPY,2025.06.02 00:45:00,0,
2025.06.02 01:09:59,scan_skipped_same_execution_bar,USDJPY,2025.06.02 00:45:00,0,
2025.06.02 01:19:59,scan_executed_new_execution_bar,USDJPY,2025.06.02 01:00:00,16,
2025.06.02 01:25:00,scan_skipped_same_execution_bar,USDJPY,2025.06.02 01:00:00,0,
2025.06.02 01:34:56,scan_executed_new_execution_bar,USDJPY,2025.06.02 01:15:00,0,
2025.06.02 01:39:52,scan_skipped_same_execution_bar,USDJPY,2025.06.02 01:15:00,0,
2025.06.02 01:49:57,scan_executed_new_execution_bar,USDJPY,2025.06.02 01:30:00,0,
2025.06.02 01:54:59,scan_skipped_same_execution_bar,USDJPY,2025.06.02 01:30:00,0,
2025.06.02 02:04:59,scan_executed_new_execution_bar,USDJPY,2025.06.02 01:45:00,0,
2025.06.02 02:09:58,scan_skipped_same_execution_bar,USDJPY,2025.06.02 01:45:00,0,
2025.06.02 02:19:59,scan_executed_new_execution_bar,USDJPY,2025.06.02 02:00:00,0,
2025.06.02 02:24:58,scan_skipped_same_execution_bar,USDJPY,2025.06.02 02:00:00,0,
2025.06.02 02:34:59,scan_executed_new_execution_bar,USDJPY,2025.06.02 02:15:00,0,
2025.06.02 02:39:57,scan_skipped_same_execution_bar,USDJPY,2025.06.02 02:15:00,0,
2025.06.02 02:49:59,scan_executed_new_execution_bar,USDJPY,2025.06.02 02:30:00,0,
2025.06.02 02:54:59,scan_skipped_same_execution_bar,USDJPY,2025.06.02 02:30:00,0,
2025.06.02 03:04:59,scan_executed_new_execution_bar,USDJPY,2025.06.02 02:45:00,0,
2025.06.02 03:09:59,scan_skipped_same_execution_bar,USDJPY,2025.06.02 02:45:00,0,
2025.06.02 03:19:59,scan_executed_new_execution_bar,USDJPY,2025.06.02 03:00:00,0,
2025.06.02 03:24:59,scan_skipped_same_execution_bar,USDJPY,2025.06.02 03:00:00,0,
2025.06.02 03:34:59,scan_executed_new_execution_bar,USDJPY,2025.06.02 03:15:00,16,
2025.06.02 03:39:59,scan_skipped_same_execution_bar,USDJPY,2025.06.02 03:15:00,0,
2025.06.02 03:49:59,scan_executed_new_execution_bar,USDJPY,2025.06.02 03:30:00,0,
2025.06.02 03:54:59,scan_skipped_same_execution_bar,USDJPY,2025.06.02 03:30:00,0,
2025.06.02 04:04:59,scan_executed_new_execution_bar,USDJPY,2025.06.02 03:45:00,0,
2025.06.02 04:09:59,scan_skipped_same_execution_bar,USDJPY,2025.06.02 03:45:00,0,
2025.06.02 04:19:58,scan_executed_new_execution_bar,USDJPY,2025.06.02 04:00:00,0,
2025.06.02 04:24:59,scan_skipped_same_execution_bar,USDJPY,2025.06.02 04:00:00,0,
2025.06.02 04:34:59,scan_executed_new_execution_bar,USDJPY,2025.06.02 04:15:00,0,
2025.06.02 04:39:59,scan_skipped_same_execution_bar,USDJPY,2025.06.02 04:15:00,0,
2025.06.02 04:49:59,scan_executed_new_execution_bar,USDJPY,2025.06.02 04:30:00,0,
2025.06.02 04:54:59,scan_skipped_same_execution_bar,USDJPY,2025.06.02 04:30:00,0,
2025.06.02 05:04:59,scan_executed_new_execution_bar,USDJPY,2025.06.02 04:45:00,31,
2025.06.02 05:09:59,scan_skipped_same_execution_bar,USDJPY,2025.06.02 04:45:00,0,
2025.06.02 05:19:57,scan_executed_new_execution_bar,USDJPY,2025.06.02 05:00:00,16,
2025.06.02 05:24:59,scan_skipped_same_execution_bar,USDJPY,2025.06.02 05:00:00,0,
2025.06.02 05:34:59,scan_executed_new_execution_bar,USDJPY,2025.06.02 05:15:00,16,
2025.06.02 05:39:59,scan_skipped_same_execution_bar,USDJPY,2025.06.02 05:15:00,0,
2025.06.02 05:49:58,scan_executed_new_execution_bar,USDJPY,2025.06.02 05:30:00,0,
2025.06.02 05:54:59,scan_skipped_same_execution_bar,USDJPY,2025.06.02 05:30:00,0,
2025.06.02 06:04:59,scan_executed_new_execution_bar,USDJPY,2025.06.02 05:45:00,15,
2025.06.02 06:10:00,scan_skipped_same_execution_bar,USDJPY,2025.06.02 05:45:00,0,
2025.06.02 06:19:59,scan_executed_new_execution_bar,USDJPY,2025.06.02 06:00:00,31,
2025.06.02 06:24:59,scan_skipped_same_execution_bar,USDJPY,2025.06.02 06:00:00,0,
2025.06.02 06:34:59,scan_executed_new_execution_bar,USDJPY,2025.06.02 06:15:00,0,
2025.06.02 06:39:59,scan_skipped_same_execution_bar,USDJPY,2025.06.02 06:15:00,0,
2025.06.02 06:49:59,scan_executed_new_execution_bar,USDJPY,2025.06.02 06:30:00,0,
2025.06.02 06:54:59,scan_skipped_same_execution_bar,USDJPY,2025.06.02 06:30:00,0,
2025.06.02 07:04:59,scan_executed_new_execution_bar,USDJPY,2025.06.02 06:45:00,0,
2025.06.02 07:09:59,scan_skipped_same_execution_bar,USDJPY,2025.06.02 06:45:00,0,
2025.06.02 07:19:59,scan_executed_new_execution_bar,USDJPY,2025.06.02 07:00:00,0,
2025.06.02 07:24:59,scan_skipped_same_execution_bar,USDJPY,2025.06.02 07:00:00,0,
2025.06.02 07:34:59,scan_executed_new_execution_bar,USDJPY,2025.06.02 07:15:00,0,
2025.06.02 07:39:56,scan_skipped_same_execution_bar,USDJPY,2025.06.02 07:15:00,0,
2025.06.02 07:49:59,scan_executed_new_execution_bar,USDJPY,2025.06.02 07:30:00,0,
2025.06.02 07:54:59,scan_skipped_same_execution_bar,USDJPY,2025.06.02 07:30:00,0,
2025.06.02 08:04:59,scan_executed_new_execution_bar,USDJPY,2025.06.02 07:45:00,0,
2025.06.02 08:09:59,scan_skipped_same_execution_bar,USDJPY,2025.06.02 07:45:00,0,
2025.06.02 08:19:59,scan_executed_new_execution_bar,USDJPY,2025.06.02 08:00:00,0,
2025.06.02 08:24:59,scan_skipped_same_execution_bar,USDJPY,2025.06.02 08:00:00,0,
2025.06.02 08:35:00,scan_executed_new_execution_bar,USDJPY,2025.06.02 08:15:00,0,
2025.06.02 08:39:59,scan_skipped_same_execution_bar,USDJPY,2025.06.02 08:15:00,0,
2025.06.02 08:50:00,scan_executed_new_execution_bar,USDJPY,2025.06.02 08:30:00,0,
2025.06.02 08:54:59,scan_skipped_same_execution_bar,USDJPY,2025.06.02 08:30:00,0,
2025.06.02 09:04:59,scan_executed_new_execution_bar,USDJPY,2025.06.02 08:45:00,0,
2025.06.02 09:09:59,scan_skipped_same_execution_bar,USDJPY,2025.06.02 08:45:00,0,
2025.06.02 09:19:59,scan_executed_new_execution_bar,USDJPY,2025.06.02 09:00:00,0,
2025.06.02 09:24:59,scan_skipped_same_execution_bar,USDJPY,2025.06.02 09:00:00,0,
2025.06.02 09:34:59,scan_executed_new_execution_bar,USDJPY,2025.06.02 09:15:00,0,
2025.06.02 09:39:59,scan_skipped_same_execution_bar,USDJPY,2025.06.02 09:15:00,0,
2025.06.02 09:49:59,scan_executed_new_execution_bar,USDJPY,2025.06.02 09:30:00,0,
2025.06.02 09:54:59,scan_skipped_same_execution_bar,USDJPY,2025.06.02 09:30:00,0,
2025.06.02 10:04:59,scan_executed_new_execution_bar,USDJPY,2025.06.02 09:45:00,0,
2025.06.02 10:09:59,scan_skipped_same_execution_bar,USDJPY,2025.06.02 09:45:00,0,
2025.06.02 10:19:59,scan_executed_new_execution_bar,USDJPY,2025.06.02 10:00:00,0,
2025.06.02 10:24:59,scan_skipped_same_execution_bar,USDJPY,2025.06.02 10:00:00,0,
2025.06.02 10:34:59,scan_executed_new_execution_bar,USDJPY,2025.06.02 10:15:00,0,
2025.06.02 10:39:59,scan_skipped_same_execution_bar,USDJPY,2025.06.02 10:15:00,0,
2025.06.02 10:49:59,scan_executed_new_execution_bar,USDJPY,2025.06.02 10:30:00,0,
2025.06.02 10:54:59,scan_skipped_same_execution_bar,USDJPY,2025.06.02 10:30:00,0,
2025.06.02 11:04:59,scan_executed_new_execution_bar,USDJPY,2025.06.02 10:45:00,0,
2025.06.02 11:09:59,scan_skipped_same_execution_bar,USDJPY,2025.06.02 10:45:00,0,
2025.06.02 11:19:59,scan_executed_new_execution_bar,USDJPY,2025.06.02 11:00:00,0,
2025.06.02 11:24:59,scan_skipped_same_execution_bar,USDJPY,2025.06.02 11:00:00,0,
2025.06.02 11:34:59,scan_executed_new_execution_bar,USDJPY,2025.06.02 11:15:00,31,
2025.06.02 11:39:59,scan_skipped_same_execution_bar,USDJPY,2025.06.02 11:15:00,0,
2025.06.02 11:49:59,scan_executed_new_execution_bar,USDJPY,2025.06.02 11:30:00,16,
2025.06.02 11:54:59,scan_skipped_same_execution_bar,USDJPY,2025.06.02 11:30:00,0,
2025.06.02 12:04:59,scan_executed_new_execution_bar,USDJPY,2025.06.02 11:45:00,16,
2025.06.02 12:09:59,scan_skipped_same_execution_bar,USDJPY,2025.06.02 11:45:00,0,
2025.06.02 12:19:59,scan_executed_new_execution_bar,USDJPY,2025.06.02 12:00:00,0,
2025.06.02 12:24:59,scan_skipped_same_execution_bar,USDJPY,2025.06.02 12:00:00,0,
2025.06.02 12:34:59,scan_executed_new_execution_bar,USDJPY,2025.06.02 12:15:00,32,
2025.06.02 12:39:59,scan_skipped_same_execution_bar,USDJPY,2025.06.02 12:15:00,0,
2025.06.02 12:49:59,scan_executed_new_execution_bar,USDJPY,2025.06.02 12:30:00,15,
2025.06.02 12:54:58,scan_skipped_same_execution_bar,USDJPY,2025.06.02 12:30:00,0,
2025.06.02 13:04:59,scan_executed_new_execution_bar,USDJPY,2025.06.02 12:45:00,31,
2025.06.02 13:09:59,scan_skipped_same_execution_bar,USDJPY,2025.06.02 12:45:00,0,
2025.06.02 13:19:58,scan_executed_new_execution_bar,USDJPY,2025.06.02 13:00:00,15,
2025.06.02 13:24:59,scan_skipped_same_execution_bar,USDJPY,2025.06.02 13:00:00,0,
2025.06.02 13:34:59,scan_executed_new_execution_bar,USDJPY,2025.06.02 13:15:00,0,
2025.06.02 13:39:59,scan_skipped_same_execution_bar,USDJPY,2025.06.02 13:15:00,0,
2025.06.02 13:49:59,scan_executed_new_execution_bar,USDJPY,2025.06.02 13:30:00,0,
2025.06.02 13:54:59,scan_skipped_same_execution_bar,USDJPY,2025.06.02 13:30:00,0,
2025.06.02 14:04:59,scan_executed_new_execution_bar,USDJPY,2025.06.02 13:45:00,0,
2025.06.02 14:09:59,scan_skipped_same_execution_bar,USDJPY,2025.06.02 13:45:00,0,
2025.06.02 14:20:00,scan_executed_new_execution_bar,USDJPY,2025.06.02 14:00:00,0,
2025.06.02 14:24:59,scan_skipped_same_execution_bar,USDJPY,2025.06.02 14:00:00,0,
2025.06.02 14:34:59,scan_executed_new_execution_bar,USDJPY,2025.06.02 14:15:00,0,
2025.06.02 14:39:59,scan_skipped_same_execution_bar,USDJPY,2025.06.02 14:15:00,0,
2025.06.02 14:49:59,scan_executed_new_execution_bar,USDJPY,2025.06.02 14:30:00,0,
2025.06.02 14:54:59,scan_skipped_same_execution_bar,USDJPY,2025.06.02 14:30:00,0,
2025.06.02 15:04:59,scan_executed_new_execution_bar,USDJPY,2025.06.02 14:45:00,15,
2025.06.02 15:09:59,scan_skipped_same_execution_bar,USDJPY,2025.06.02 14:45:00,0,
2025.06.02 15:19:59,scan_executed_new_execution_bar,USDJPY,2025.06.02 15:00:00,32,
2025.06.02 15:24:59,scan_skipped_same_execution_bar,USDJPY,2025.06.02 15:00:00,0,
2025.06.02 15:34:59,scan_executed_new_execution_bar,USDJPY,2025.06.02 15:15:00,31,
2025.06.02 15:39:59,scan_skipped_same_execution_bar,USDJPY,2025.06.02 15:15:00,0,
2025.06.02 15:49:59,scan_executed_new_execution_bar,USDJPY,2025.06.02 15:30:00,0,
2025.06.02 15:54:59,scan_skipped_same_execution_bar,USDJPY,2025.06.02 15:30:00,0,
2025.06.02 16:04:59,scan_executed_new_execution_bar,USDJPY,2025.06.02 15:45:00,0,
2025.06.02 16:09:59,scan_skipped_same_execution_bar,USDJPY,2025.06.02 15:45:00,0,
2025.06.02 16:19:59,scan_executed_new_execution_bar,USDJPY,2025.06.02 16:00:00,0,
2025.06.02 16:24:59,scan_skipped_same_execution_bar,USDJPY,2025.06.02 16:00:00,0,
2025.06.02 16:34:59,scan_executed_new_execution_bar,USDJPY,2025.06.02 16:15:00,0,
2025.06.02 16:39:59,scan_skipped_same_execution_bar,USDJPY,2025.06.02 16:15:00,0,
2025.06.02 16:49:59,scan_executed_new_execution_bar,USDJPY,2025.06.02 16:30:00,0,
2025.06.02 16:54:59,scan_skipped_same_execution_bar,USDJPY,2025.06.02 16:30:00,0,
2025.06.02 17:04:59,scan_executed_new_execution_bar,USDJPY,2025.06.02 16:45:00,0,
2025.06.02 17:09:59,scan_skipped_same_execution_bar,USDJPY,2025.06.02 16:45:00,0,
2025.06.02 17:19:59,scan_executed_new_execution_bar,USDJPY,2025.06.02 17:00:00,0,
2025.06.02 17:24:59,scan_skipped_same_execution_bar,USDJPY,2025.06.02 17:00:00,0,
2025.06.02 17:34:59,scan_executed_new_execution_bar,USDJPY,2025.06.02 17:15:00,0,
2025.06.02 17:39:59,scan_skipped_same_execution_bar,USDJPY,2025.06.02 17:15:00,0,
2025.06.02 17:49:59,scan_executed_new_execution_bar,USDJPY,2025.06.02 17:30:00,15,
2025.06.02 17:54:59,scan_skipped_same_execution_bar,USDJPY,2025.06.02 17:30:00,0,
2025.06.02 18:04:59,scan_executed_new_execution_bar,USDJPY,2025.06.02 17:45:00,31,
2025.06.02 18:09:59,scan_skipped_same_execution_bar,USDJPY,2025.06.02 17:45:00,0,
2025.06.02 18:19:59,scan_executed_new_execution_bar,USDJPY,2025.06.02 18:00:00,0,
2025.06.02 18:24:59,scan_skipped_same_execution_bar,USDJPY,2025.06.02 18:00:00,0,
2025.06.02 18:34:59,scan_executed_new_execution_bar,USDJPY,2025.06.02 18:15:00,0,
2025.06.02 18:39:59,scan_skipped_same_execution_bar,USDJPY,2025.06.02 18:15:00,0,
2025.06.02 18:49:59,scan_executed_new_execution_bar,USDJPY,2025.06.02 18:30:00,0,
2025.06.02 18:54:59,scan_skipped_same_execution_bar,USDJPY,2025.06.02 18:30:00,0,
2025.06.02 19:04:59,scan_executed_new_execution_bar,USDJPY,2025.06.02 18:45:00,31,
2025.06.02 19:09:59,scan_skipped_same_execution_bar,USDJPY,2025.06.02 18:45:00,0,
2025.06.02 19:19:59,scan_executed_new_execution_bar,USDJPY,2025.06.02 19:00:00,0,
2025.06.02 19:24:59,scan_skipped_same_execution_bar,USDJPY,2025.06.02 19:00:00,0,
2025.06.02 19:34:59,scan_executed_new_execution_bar,USDJPY,2025.06.02 19:15:00,32,
2025.06.02 19:39:59,scan_skipped_same_execution_bar,USDJPY,2025.06.02 19:15:00,0,
2025.06.02 19:49:59,scan_executed_new_execution_bar,USDJPY,2025.06.02 19:30:00,16,
2025.06.02 19:54:59,scan_skipped_same_execution_bar,USDJPY,2025.06.02 19:30:00,0,
2025.06.02 20:04:59,scan_executed_new_execution_bar,USDJPY,2025.06.02 19:45:00,0,
2025.06.02 20:09:59,scan_skipped_same_execution_bar,USDJPY,2025.06.02 19:45:00,0,
2025.06.02 20:19:59,scan_executed_new_execution_bar,USDJPY,2025.06.02 20:00:00,16,
2025.06.02 20:24:59,scan_skipped_same_execution_bar,USDJPY,2025.06.02 20:00:00,0,
2025.06.02 20:34:57,scan_executed_new_execution_bar,USDJPY,2025.06.02 20:15:00,0,
2025.06.02 20:39:59,scan_skipped_same_execution_bar,USDJPY,2025.06.02 20:15:00,0,
2025.06.02 20:49:59,scan_executed_new_execution_bar,USDJPY,2025.06.02 20:30:00,0,
2025.06.02 20:55:00,scan_skipped_same_execution_bar,USDJPY,2025.06.02 20:30:00,0,
2025.06.02 21:04:59,scan_executed_new_execution_bar,USDJPY,2025.06.02 20:45:00,0,
2025.06.02 21:10:00,scan_skipped_same_execution_bar,USDJPY,2025.06.02 20:45:00,0,
2025.06.02 21:19:59,scan_executed_new_execution_bar,USDJPY,2025.06.02 21:00:00,16,
2025.06.02 21:24:58,scan_skipped_same_execution_bar,USDJPY,2025.06.02 21:00:00,0,
2025.06.02 21:34:59,scan_executed_new_execution_bar,USDJPY,2025.06.02 21:15:00,0,
2025.06.02 21:39:59,scan_skipped_same_execution_bar,USDJPY,2025.06.02 21:15:00,0,
2025.06.02 21:49:59,scan_executed_new_execution_bar,USDJPY,2025.06.02 21:30:00,0,
2025.06.02 21:54:59,scan_skipped_same_execution_bar,USDJPY,2025.06.02 21:30:00,0,
2025.06.02 22:04:59,scan_executed_new_execution_bar,USDJPY,2025.06.02 21:45:00,0,
2025.06.02 22:09:59,scan_skipped_same_execution_bar,USDJPY,2025.06.02 21:45:00,0,
2025.06.02 22:19:59,scan_executed_new_execution_bar,USDJPY,2025.06.02 22:00:00,0,
2025.06.02 22:24:59,scan_skipped_same_execution_bar,USDJPY,2025.06.02 22:00:00,0,
2025.06.02 22:34:58,scan_executed_new_execution_bar,USDJPY,2025.06.02 22:15:00,0,
2025.06.02 22:39:59,scan_skipped_same_execution_bar,USDJPY,2025.06.02 22:15:00,0,
2025.06.02 22:49:59,scan_executed_new_execution_bar,USDJPY,2025.06.02 22:30:00,0,
2025.06.02 22:54:59,scan_skipped_same_execution_bar,USDJPY,2025.06.02 22:30:00,0,
2025.06.02 23:04:59,scan_executed_new_execution_bar,USDJPY,2025.06.02 22:45:00,0,
2025.06.02 23:09:56,scan_skipped_same_execution_bar,USDJPY,2025.06.02 22:45:00,0,
2025.06.02 23:19:59,scan_executed_new_execution_bar,USDJPY,2025.06.02 23:00:00,0,
2025.06.02 23:24:58,scan_skipped_same_execution_bar,USDJPY,2025.06.02 23:00:00,0,
2025.06.02 23:34:58,scan_executed_new_execution_bar,USDJPY,2025.06.02 23:15:00,0,
2025.06.02 23:39:59,scan_skipped_same_execution_bar,USDJPY,2025.06.02 23:15:00,0,
2025.06.02 23:49:58,scan_executed_new_execution_bar,USDJPY,2025.06.02 23:30:00,16,
2025.06.02 23:54:59,scan_skipped_same_execution_bar,USDJPY,2025.06.02 23:30:00,0,
2025.06.03 00:04:56,scan_executed_new_execution_bar,USDJPY,2025.06.02 23:45:00,0,
2025.06.03 00:09:59,scan_skipped_same_execution_bar,USDJPY,2025.06.02 23:45:00,0,
2025.06.03 00:19:59,scan_executed_new_execution_bar,USDJPY,2025.06.03 00:00:00,0,
2025.06.03 00:24:59,scan_skipped_same_execution_bar,USDJPY,2025.06.03 00:00:00,0,
2025.06.03 00:34:57,scan_executed_new_execution_bar,USDJPY,2025.06.03 00:15:00,0,
2025.06.03 00:39:59,scan_skipped_same_execution_bar,USDJPY,2025.06.03 00:15:00,0,
2025.06.03 00:49:59,scan_executed_new_execution_bar,USDJPY,2025.06.03 00:30:00,0,
2025.06.03 00:54:59,scan_skipped_same_execution_bar,USDJPY,2025.06.03 00:30:00,0,
2025.06.03 01:04:57,scan_executed_new_execution_bar,USDJPY,2025.06.03 00:45:00,0,
2025.06.03 01:09:57,scan_skipped_same_execution_bar,USDJPY,2025.06.03 00:45:00,0,
2025.06.03 01:19:59,scan_executed_new_execution_bar,USDJPY,2025.06.03 01:00:00,16,
2025.06.03 01:24:59,scan_skipped_same_execution_bar,USDJPY,2025.06.03 01:00:00,0,
2025.06.03 01:34:59,scan_executed_new_execution_bar,USDJPY,2025.06.03 01:15:00,0,
2025.06.03 01:39:57,scan_skipped_same_execution_bar,USDJPY,2025.06.03 01:15:00,0,
2025.06.03 01:49:59,scan_executed_new_execution_bar,USDJPY,2025.06.03 01:30:00,0,
2025.06.03 01:54:59,scan_skipped_same_execution_bar,USDJPY,2025.06.03 01:30:00,0,
2025.06.03 02:04:58,scan_executed_new_execution_bar,USDJPY,2025.06.03 01:45:00,0,
2025.06.03 02:09:59,scan_skipped_same_execution_bar,USDJPY,2025.06.03 01:45:00,0,
2025.06.03 02:20:00,scan_executed_new_execution_bar,USDJPY,2025.06.03 02:00:00,0,
2025.06.03 02:24:58,scan_skipped_same_execution_bar,USDJPY,2025.06.03 02:00:00,0,
2025.06.03 02:34:59,scan_executed_new_execution_bar,USDJPY,2025.06.03 02:15:00,0,
2025.06.03 02:39:59,scan_skipped_same_execution_bar,USDJPY,2025.06.03 02:15:00,0,
2025.06.03 02:49:58,scan_executed_new_execution_bar,USDJPY,2025.06.03 02:30:00,0,
2025.06.03 02:54:56,scan_skipped_same_execution_bar,USDJPY,2025.06.03 02:30:00,0,
2025.06.03 03:04:59,scan_executed_new_execution_bar,USDJPY,2025.06.03 02:45:00,0,
2025.06.03 03:09:59,scan_skipped_same_execution_bar,USDJPY,2025.06.03 02:45:00,0,
2025.06.03 03:19:58,scan_executed_new_execution_bar,USDJPY,2025.06.03 03:00:00,15,
2025.06.03 03:24:59,scan_skipped_same_execution_bar,USDJPY,2025.06.03 03:00:00,0,
2025.06.03 03:34:59,scan_executed_new_execution_bar,USDJPY,2025.06.03 03:15:00,0,
2025.06.03 03:39:59,scan_skipped_same_execution_bar,USDJPY,2025.06.03 03:15:00,0,
2025.06.03 03:49:59,scan_executed_new_execution_bar,USDJPY,2025.06.03 03:30:00,0,
2025.06.03 03:54:59,scan_skipped_same_execution_bar,USDJPY,2025.06.03 03:30:00,0,
2025.06.03 04:04:59,scan_executed_new_execution_bar,USDJPY,2025.06.03 03:45:00,16,
2025.06.03 04:09:59,scan_skipped_same_execution_bar,USDJPY,2025.06.03 03:45:00,0,
2025.06.03 04:19:59,scan_executed_new_execution_bar,USDJPY,2025.06.03 04:00:00,0,
2025.06.03 04:24:59,scan_skipped_same_execution_bar,USDJPY,2025.06.03 04:00:00,0,
2025.06.03 04:34:58,scan_executed_new_execution_bar,USDJPY,2025.06.03 04:15:00,0,
2025.06.03 04:39:59,scan_skipped_same_execution_bar,USDJPY,2025.06.03 04:15:00,0,
2025.06.03 04:49:58,scan_executed_new_execution_bar,USDJPY,2025.06.03 04:30:00,0,
2025.06.03 04:54:59,scan_skipped_same_execution_bar,USDJPY,2025.06.03 04:30:00,0,
2025.06.03 05:04:59,scan_executed_new_execution_bar,USDJPY,2025.06.03 04:45:00,15,
2025.06.03 05:09:57,scan_skipped_same_execution_bar,USDJPY,2025.06.03 04:45:00,0,
2025.06.03 05:19:59,scan_executed_new_execution_bar,USDJPY,2025.06.03 05:00:00,0,
2025.06.03 05:24:59,scan_skipped_same_execution_bar,USDJPY,2025.06.03 05:00:00,0,
2025.06.03 05:34:58,scan_executed_new_execution_bar,USDJPY,2025.06.03 05:15:00,0,
2025.06.03 05:39:59,scan_skipped_same_execution_bar,USDJPY,2025.06.03 05:15:00,0,
2025.06.03 05:49:59,scan_executed_new_execution_bar,USDJPY,2025.06.03 05:30:00,0,
2025.06.03 05:54:59,scan_skipped_same_execution_bar,USDJPY,2025.06.03 05:30:00,0,
2025.06.03 06:04:59,scan_executed_new_execution_bar,USDJPY,2025.06.03 05:45:00,15,
2025.06.03 06:09:59,scan_skipped_same_execution_bar,USDJPY,2025.06.03 05:45:00,0,
2025.06.03 06:19:58,scan_executed_new_execution_bar,USDJPY,2025.06.03 06:00:00,16,
2025.06.03 06:24:58,scan_skipped_same_execution_bar,USDJPY,2025.06.03 06:00:00,0,
2025.06.03 06:34:58,scan_executed_new_execution_bar,USDJPY,2025.06.03 06:15:00,0,
2025.06.03 06:39:59,scan_skipped_same_execution_bar,USDJPY,2025.06.03 06:15:00,0,
2025.06.03 06:49:59,scan_executed_new_execution_bar,USDJPY,2025.06.03 06:30:00,0,
2025.06.03 06:54:59,scan_skipped_same_execution_bar,USDJPY,2025.06.03 06:30:00,0,
2025.06.03 07:04:58,scan_executed_new_execution_bar,USDJPY,2025.06.03 06:45:00,47,
2025.06.03 07:09:59,scan_skipped_same_execution_bar,USDJPY,2025.06.03 06:45:00,0,
2025.06.03 07:19:59,scan_executed_new_execution_bar,USDJPY,2025.06.03 07:00:00,0,
2025.06.03 07:25:00,scan_skipped_same_execution_bar,USDJPY,2025.06.03 07:00:00,0,
2025.06.03 07:34:59,scan_executed_new_execution_bar,USDJPY,2025.06.03 07:15:00,16,
2025.06.03 07:39:58,scan_skipped_same_execution_bar,USDJPY,2025.06.03 07:15:00,0,
2025.06.03 07:49:58,scan_executed_new_execution_bar,USDJPY,2025.06.03 07:30:00,0,
2025.06.03 07:54:59,scan_skipped_same_execution_bar,USDJPY,2025.06.03 07:30:00,0,
2025.06.03 08:04:59,scan_executed_new_execution_bar,USDJPY,2025.06.03 07:45:00,15,
2025.06.03 08:09:59,scan_skipped_same_execution_bar,USDJPY,2025.06.03 07:45:00,0,
2025.06.03 08:19:59,scan_executed_new_execution_bar,USDJPY,2025.06.03 08:00:00,0,
2025.06.03 08:24:59,scan_skipped_same_execution_bar,USDJPY,2025.06.03 08:00:00,0,
2025.06.03 08:34:59,scan_executed_new_execution_bar,USDJPY,2025.06.03 08:15:00,0,
2025.06.03 08:39:59,scan_skipped_same_execution_bar,USDJPY,2025.06.03 08:15:00,0,
2025.06.03 08:49:59,scan_executed_new_execution_bar,USDJPY,2025.06.03 08:30:00,0,
2025.06.03 08:54:59,scan_skipped_same_execution_bar,USDJPY,2025.06.03 08:30:00,0,
2025.06.03 09:04:59,scan_executed_new_execution_bar,USDJPY,2025.06.03 08:45:00,0,
2025.06.03 09:09:59,scan_skipped_same_execution_bar,USDJPY,2025.06.03 08:45:00,0,
2025.06.03 09:19:59,scan_executed_new_execution_bar,USDJPY,2025.06.03 09:00:00,0,
2025.06.03 09:24:59,scan_skipped_same_execution_bar,USDJPY,2025.06.03 09:00:00,0,
2025.06.03 09:34:59,scan_executed_new_execution_bar,USDJPY,2025.06.03 09:15:00,0,
2025.06.03 09:39:59,scan_skipped_same_execution_bar,USDJPY,2025.06.03 09:15:00,0,
2025.06.03 09:49:59,scan_executed_new_execution_bar,USDJPY,2025.06.03 09:30:00,0,
2025.06.03 09:54:59,scan_skipped_same_execution_bar,USDJPY,2025.06.03 09:30:00,0,
2025.06.03 10:04:59,scan_executed_new_execution_bar,USDJPY,2025.06.03 09:45:00,15,
2025.06.03 10:09:59,scan_skipped_same_execution_bar,USDJPY,2025.06.03 09:45:00,0,
2025.06.03 10:19:59,scan_executed_new_execution_bar,USDJPY,2025.06.03 10:00:00,0,
2025.06.03 10:24:59,scan_skipped_same_execution_bar,USDJPY,2025.06.03 10:00:00,0,
2025.06.03 10:34:59,scan_executed_new_execution_bar,USDJPY,2025.06.03 10:15:00,15,
2025.06.03 10:39:59,scan_skipped_same_execution_bar,USDJPY,2025.06.03 10:15:00,0,
2025.06.03 10:49:59,scan_executed_new_execution_bar,USDJPY,2025.06.03 10:30:00,0,
2025.06.03 10:54:59,scan_skipped_same_execution_bar,USDJPY,2025.06.03 10:30:00,0,
2025.06.03 11:04:59,scan_executed_new_execution_bar,USDJPY,2025.06.03 10:45:00,16,
2025.06.03 11:09:59,scan_skipped_same_execution_bar,USDJPY,2025.06.03 10:45:00,0,
2025.06.03 11:19:59,scan_executed_new_execution_bar,USDJPY,2025.06.03 11:00:00,0,
2025.06.03 11:24:59,scan_skipped_same_execution_bar,USDJPY,2025.06.03 11:00:00,0,
2025.06.03 11:34:59,scan_executed_new_execution_bar,USDJPY,2025.06.03 11:15:00,0,
2025.06.03 11:39:59,scan_skipped_same_execution_bar,USDJPY,2025.06.03 11:15:00,0,
2025.06.03 11:49:58,scan_executed_new_execution_bar,USDJPY,2025.06.03 11:30:00,16,
2025.06.03 11:54:59,scan_skipped_same_execution_bar,USDJPY,2025.06.03 11:30:00,0,
2025.06.03 12:04:59,scan_executed_new_execution_bar,USDJPY,2025.06.03 11:45:00,0,
2025.06.03 12:09:59,scan_skipped_same_execution_bar,USDJPY,2025.06.03 11:45:00,0,
2025.06.03 12:19:59,scan_executed_new_execution_bar,USDJPY,2025.06.03 12:00:00,16,
2025.06.03 12:24:59,scan_skipped_same_execution_bar,USDJPY,2025.06.03 12:00:00,0,
2025.06.03 12:34:59,scan_executed_new_execution_bar,USDJPY,2025.06.03 12:15:00,16,
2025.06.03 12:39:59,scan_skipped_same_execution_bar,USDJPY,2025.06.03 12:15:00,0,
2025.06.03 12:49:59,scan_executed_new_execution_bar,USDJPY,2025.06.03 12:30:00,0,
2025.06.03 12:54:59,scan_skipped_same_execution_bar,USDJPY,2025.06.03 12:30:00,0,
2025.06.03 13:04:59,scan_executed_new_execution_bar,USDJPY,2025.06.03 12:45:00,0,
2025.06.03 13:09:59,scan_skipped_same_execution_bar,USDJPY,2025.06.03 12:45:00,0,
2025.06.03 13:19:59,scan_executed_new_execution_bar,USDJPY,2025.06.03 13:00:00,0,
2025.06.03 13:24:57,scan_skipped_same_execution_bar,USDJPY,2025.06.03 13:00:00,0,
2025.06.03 13:34:59,scan_executed_new_execution_bar,USDJPY,2025.06.03 13:15:00,16,
2025.06.03 13:39:59,scan_skipped_same_execution_bar,USDJPY,2025.06.03 13:15:00,0,
2025.06.03 13:49:59,scan_executed_new_execution_bar,USDJPY,2025.06.03 13:30:00,15,
2025.06.03 13:54:59,scan_skipped_same_execution_bar,USDJPY,2025.06.03 13:30:00,0,
2025.06.03 14:04:59,scan_executed_new_execution_bar,USDJPY,2025.06.03 13:45:00,0,
2025.06.03 14:09:59,scan_skipped_same_execution_bar,USDJPY,2025.06.03 13:45:00,0,
2025.06.03 14:19:59,scan_executed_new_execution_bar,USDJPY,2025.06.03 14:00:00,0,
2025.06.03 14:24:59,scan_skipped_same_execution_bar,USDJPY,2025.06.03 14:00:00,0,
2025.06.03 14:34:59,scan_executed_new_execution_bar,USDJPY,2025.06.03 14:15:00,0,
2025.06.03 14:39:59,scan_skipped_same_execution_bar,USDJPY,2025.06.03 14:15:00,0,
2025.06.03 14:49:59,scan_executed_new_execution_bar,USDJPY,2025.06.03 14:30:00,16,
2025.06.03 14:54:59,scan_skipped_same_execution_bar,USDJPY,2025.06.03 14:30:00,0,
2025.06.03 15:04:59,scan_executed_new_execution_bar,USDJPY,2025.06.03 14:45:00,0,
2025.06.03 15:09:59,scan_skipped_same_execution_bar,USDJPY,2025.06.03 14:45:00,0,
2025.06.03 15:19:59,scan_executed_new_execution_bar,USDJPY,2025.06.03 15:00:00,0,
2025.06.03 15:24:59,scan_skipped_same_execution_bar,USDJPY,2025.06.03 15:00:00,0,
2025.06.03 15:34:59,scan_executed_new_execution_bar,USDJPY,2025.06.03 15:15:00,0,
2025.06.03 15:39:59,scan_skipped_same_execution_bar,USDJPY,2025.06.03 15:15:00,0,
2025.06.03 15:49:59,scan_executed_new_execution_bar,USDJPY,2025.06.03 15:30:00,0,
2025.06.03 15:54:59,scan_skipped_same_execution_bar,USDJPY,2025.06.03 15:30:00,0,
2025.06.03 16:04:59,scan_executed_new_execution_bar,USDJPY,2025.06.03 15:45:00,16,
2025.06.03 16:09:59,scan_skipped_same_execution_bar,USDJPY,2025.06.03 15:45:00,0,
2025.06.03 16:19:59,scan_executed_new_execution_bar,USDJPY,2025.06.03 16:00:00,15,
2025.06.03 16:24:59,scan_skipped_same_execution_bar,USDJPY,2025.06.03 16:00:00,0,
2025.06.03 16:34:59,scan_executed_new_execution_bar,USDJPY,2025.06.03 16:15:00,0,
2025.06.03 16:39:59,scan_skipped_same_execution_bar,USDJPY,2025.06.03 16:15:00,0,
2025.06.03 16:49:59,scan_executed_new_execution_bar,USDJPY,2025.06.03 16:30:00,15,
2025.06.03 16:54:59,scan_skipped_same_execution_bar,USDJPY,2025.06.03 16:30:00,0,
2025.06.03 17:04:59,scan_executed_new_execution_bar,USDJPY,2025.06.03 16:45:00,0,
2025.06.03 17:09:59,scan_skipped_same_execution_bar,USDJPY,2025.06.03 16:45:00,0,
2025.06.03 17:19:59,scan_executed_new_execution_bar,USDJPY,2025.06.03 17:00:00,0,
2025.06.03 17:24:59,scan_skipped_same_execution_bar,USDJPY,2025.06.03 17:00:00,0,
2025.06.03 17:34:59,scan_executed_new_execution_bar,USDJPY,2025.06.03 17:15:00,15,
2025.06.03 17:39:59,scan_skipped_same_execution_bar,USDJPY,2025.06.03 17:15:00,0,
2025.06.03 17:49:59,scan_executed_new_execution_bar,USDJPY,2025.06.03 17:30:00,47,
2025.06.03 17:54:59,scan_skipped_same_execution_bar,USDJPY,2025.06.03 17:30:00,0,
2025.06.03 18:04:59,scan_executed_new_execution_bar,USDJPY,2025.06.03 17:45:00,0,
2025.06.03 18:09:59,scan_skipped_same_execution_bar,USDJPY,2025.06.03 17:45:00,0,
2025.06.03 18:19:59,scan_executed_new_execution_bar,USDJPY,2025.06.03 18:00:00,0,
2025.06.03 18:24:59,scan_skipped_same_execution_bar,USDJPY,2025.06.03 18:00:00,0,
2025.06.03 18:34:59,scan_executed_new_execution_bar,USDJPY,2025.06.03 18:15:00,16,
2025.06.03 18:39:59,scan_skipped_same_execution_bar,USDJPY,2025.06.03 18:15:00,0,
2025.06.03 18:49:59,scan_executed_new_execution_bar,USDJPY,2025.06.03 18:30:00,0,
2025.06.03 18:54:59,scan_skipped_same_execution_bar,USDJPY,2025.06.03 18:30:00,0,
2025.06.03 19:04:59,scan_executed_new_execution_bar,USDJPY,2025.06.03 18:45:00,0,
2025.06.03 19:09:59,scan_skipped_same_execution_bar,USDJPY,2025.06.03 18:45:00,0,
2025.06.03 19:19:59,scan_executed_new_execution_bar,USDJPY,2025.06.03 19:00:00,0,
2025.06.03 19:24:59,scan_skipped_same_execution_bar,USDJPY,2025.06.03 19:00:00,0,
2025.06.03 19:34:59,scan_executed_new_execution_bar,USDJPY,2025.06.03 19:15:00,0,
2025.06.03 19:39:59,scan_skipped_same_execution_bar,USDJPY,2025.06.03 19:15:00,0,
2025.06.03 19:49:59,scan_executed_new_execution_bar,USDJPY,2025.06.03 19:30:00,16,
2025.06.03 19:54:58,scan_skipped_same_execution_bar,USDJPY,2025.06.03 19:30:00,0,
2025.06.03 20:04:59,scan_executed_new_execution_bar,USDJPY,2025.06.03 19:45:00,31,
2025.06.03 20:09:58,scan_skipped_same_execution_bar,USDJPY,2025.06.03 19:45:00,0,
2025.06.03 20:19:59,scan_executed_new_execution_bar,USDJPY,2025.06.03 20:00:00,0,
2025.06.03 20:24:58,scan_skipped_same_execution_bar,USDJPY,2025.06.03 20:00:00,0,
2025.06.03 20:34:59,scan_executed_new_execution_bar,USDJPY,2025.06.03 20:15:00,16,
2025.06.03 20:39:59,scan_skipped_same_execution_bar,USDJPY,2025.06.03 20:15:00,0,
2025.06.03 20:49:59,scan_executed_new_execution_bar,USDJPY,2025.06.03 20:30:00,0,
2025.06.03 20:54:59,scan_skipped_same_execution_bar,USDJPY,2025.06.03 20:30:00,0,
2025.06.03 21:04:59,scan_executed_new_execution_bar,USDJPY,2025.06.03 20:45:00,16,
2025.06.03 21:09:59,scan_skipped_same_execution_bar,USDJPY,2025.06.03 20:45:00,0,
2025.06.03 21:19:59,scan_executed_new_execution_bar,USDJPY,2025.06.03 21:00:00,16,
2025.06.03 21:24:57,scan_skipped_same_execution_bar,USDJPY,2025.06.03 21:00:00,0,
2025.06.03 21:34:59,scan_executed_new_execution_bar,USDJPY,2025.06.03 21:15:00,0,
2025.06.03 21:39:59,scan_skipped_same_execution_bar,USDJPY,2025.06.03 21:15:00,0,
2025.06.03 21:49:59,scan_executed_new_execution_bar,USDJPY,2025.06.03 21:30:00,15,
2025.06.03 21:54:59,scan_skipped_same_execution_bar,USDJPY,2025.06.03 21:30:00,0,
2025.06.03 22:04:59,scan_executed_new_execution_bar,USDJPY,2025.06.03 21:45:00,0,
2025.06.03 22:09:59,scan_skipped_same_execution_bar,USDJPY,2025.06.03 21:45:00,0,
2025.06.03 22:19:59,scan_executed_new_execution_bar,USDJPY,2025.06.03 22:00:00,0,
2025.06.03 22:24:59,scan_skipped_same_execution_bar,USDJPY,2025.06.03 22:00:00,0,
2025.06.03 22:34:57,scan_executed_new_execution_bar,USDJPY,2025.06.03 22:15:00,0,
2025.06.03 22:39:58,scan_skipped_same_execution_bar,USDJPY,2025.06.03 22:15:00,0,
2025.06.03 22:49:59,scan_executed_new_execution_bar,USDJPY,2025.06.03 22:30:00,16,
2025.06.03 22:54:59,scan_skipped_same_execution_bar,USDJPY,2025.06.03 22:30:00,0,
2025.06.03 23:04:59,scan_executed_new_execution_bar,USDJPY,2025.06.03 22:45:00,0,
2025.06.03 23:09:58,scan_skipped_same_execution_bar,USDJPY,2025.06.03 22:45:00,0,
2025.06.03 23:19:59,scan_executed_new_execution_bar,USDJPY,2025.06.03 23:00:00,0,
2025.06.03 23:24:59,scan_skipped_same_execution_bar,USDJPY,2025.06.03 23:00:00,0,
2025.06.03 23:34:58,scan_executed_new_execution_bar,USDJPY,2025.06.03 23:15:00,0,
2025.06.03 23:39:59,scan_skipped_same_execution_bar,USDJPY,2025.06.03 23:15:00,0,
2025.06.03 23:49:57,scan_executed_new_execution_bar,USDJPY,2025.06.03 23:30:00,0,
2025.06.03 23:54:59,scan_skipped_same_execution_bar,USDJPY,2025.06.03 23:30:00,0,
2025.06.04 00:04:49,scan_executed_new_execution_bar,USDJPY,2025.06.03 23:45:00,0,
2025.06.04 00:09:58,scan_skipped_same_execution_bar,USDJPY,2025.06.03 23:45:00,0,
2025.06.04 00:19:52,scan_executed_new_execution_bar,USDJPY,2025.06.04 00:00:00,0,
2025.06.04 00:24:59,scan_skipped_same_execution_bar,USDJPY,2025.06.04 00:00:00,0,
2025.06.04 00:34:55,scan_executed_new_execution_bar,USDJPY,2025.06.04 00:15:00,0,
2025.06.04 00:39:59,scan_skipped_same_execution_bar,USDJPY,2025.06.04 00:15:00,0,
2025.06.04 00:49:58,scan_executed_new_execution_bar,USDJPY,2025.06.04 00:30:00,0,
2025.06.04 00:54:59,scan_skipped_same_execution_bar,USDJPY,2025.06.04 00:30:00,0,
2025.06.04 01:04:56,scan_executed_new_execution_bar,USDJPY,2025.06.04 00:45:00,15,
2025.06.04 01:09:59,scan_skipped_same_execution_bar,USDJPY,2025.06.04 00:45:00,0,
2025.06.04 01:19:55,scan_executed_new_execution_bar,USDJPY,2025.06.04 01:00:00,16,
2025.06.04 01:24:59,scan_skipped_same_execution_bar,USDJPY,2025.06.04 01:00:00,0,
2025.06.04 01:34:55,scan_executed_new_execution_bar,USDJPY,2025.06.04 01:15:00,0,
2025.06.04 01:40:00,scan_skipped_same_execution_bar,USDJPY,2025.06.04 01:15:00,0,
2025.06.04 01:49:59,scan_executed_new_execution_bar,USDJPY,2025.06.04 01:30:00,15,
2025.06.04 01:54:59,scan_skipped_same_execution_bar,USDJPY,2025.06.04 01:30:00,0,
2025.06.04 02:04:58,scan_executed_new_execution_bar,USDJPY,2025.06.04 01:45:00,0,
2025.06.04 02:09:58,scan_skipped_same_execution_bar,USDJPY,2025.06.04 01:45:00,0,
2025.06.04 02:19:59,scan_executed_new_execution_bar,USDJPY,2025.06.04 02:00:00,15,
2025.06.04 02:24:59,scan_skipped_same_execution_bar,USDJPY,2025.06.04 02:00:00,0,
2025.06.04 02:34:59,scan_executed_new_execution_bar,USDJPY,2025.06.04 02:15:00,16,
2025.06.04 02:39:59,scan_skipped_same_execution_bar,USDJPY,2025.06.04 02:15:00,0,
2025.06.04 02:49:58,scan_executed_new_execution_bar,USDJPY,2025.06.04 02:30:00,0,
2025.06.04 02:54:59,scan_skipped_same_execution_bar,USDJPY,2025.06.04 02:30:00,0,
2025.06.04 03:04:59,scan_executed_new_execution_bar,USDJPY,2025.06.04 02:45:00,15,
2025.06.04 03:09:59,scan_skipped_same_execution_bar,USDJPY,2025.06.04 02:45:00,0,
2025.06.04 03:19:59,scan_executed_new_execution_bar,USDJPY,2025.06.04 03:00:00,0,
2025.06.04 03:24:59,scan_skipped_same_execution_bar,USDJPY,2025.06.04 03:00:00,0,
2025.06.04 03:34:59,scan_executed_new_execution_bar,USDJPY,2025.06.04 03:15:00,0,
2025.06.04 03:39:59,scan_skipped_same_execution_bar,USDJPY,2025.06.04 03:15:00,0,
2025.06.04 03:49:58,scan_executed_new_execution_bar,USDJPY,2025.06.04 03:30:00,0,
2025.06.04 03:54:59,scan_skipped_same_execution_bar,USDJPY,2025.06.04 03:30:00,0,
2025.06.04 04:04:59,scan_executed_new_execution_bar,USDJPY,2025.06.04 03:45:00,0,
2025.06.04 04:09:59,scan_skipped_same_execution_bar,USDJPY,2025.06.04 03:45:00,0,
2025.06.04 04:19:59,scan_executed_new_execution_bar,USDJPY,2025.06.04 04:00:00,31,
2025.06.04 04:24:59,scan_skipped_same_execution_bar,USDJPY,2025.06.04 04:00:00,0,
2025.06.04 04:34:59,scan_executed_new_execution_bar,USDJPY,2025.06.04 04:15:00,0,
2025.06.04 04:39:59,scan_skipped_same_execution_bar,USDJPY,2025.06.04 04:15:00,0,
2025.06.04 04:49:59,scan_executed_new_execution_bar,USDJPY,2025.06.04 04:30:00,15,
2025.06.04 04:54:59,scan_skipped_same_execution_bar,USDJPY,2025.06.04 04:30:00,0,
2025.06.04 05:04:59,scan_executed_new_execution_bar,USDJPY,2025.06.04 04:45:00,0,
2025.06.04 05:09:59,scan_skipped_same_execution_bar,USDJPY,2025.06.04 04:45:00,0,
2025.06.04 05:19:59,scan_executed_new_execution_bar,USDJPY,2025.06.04 05:00:00,0,
2025.06.04 05:24:59,scan_skipped_same_execution_bar,USDJPY,2025.06.04 05:00:00,0,
2025.06.04 05:34:59,scan_executed_new_execution_bar,USDJPY,2025.06.04 05:15:00,31,
2025.06.04 05:39:59,scan_skipped_same_execution_bar,USDJPY,2025.06.04 05:15:00,0,
2025.06.04 05:49:59,scan_executed_new_execution_bar,USDJPY,2025.06.04 05:30:00,16,
2025.06.04 05:54:59,scan_skipped_same_execution_bar,USDJPY,2025.06.04 05:30:00,0,
2025.06.04 06:04:59,scan_executed_new_execution_bar,USDJPY,2025.06.04 05:45:00,0,
2025.06.04 06:09:59,scan_skipped_same_execution_bar,USDJPY,2025.06.04 05:45:00,0,
2025.06.04 06:19:59,scan_executed_new_execution_bar,USDJPY,2025.06.04 06:00:00,16,
2025.06.04 06:24:59,scan_skipped_same_execution_bar,USDJPY,2025.06.04 06:00:00,0,
2025.06.04 06:34:59,scan_executed_new_execution_bar,USDJPY,2025.06.04 06:15:00,16,
2025.06.04 06:39:55,scan_skipped_same_execution_bar,USDJPY,2025.06.04 06:15:00,0,
2025.06.04 06:49:59,scan_executed_new_execution_bar,USDJPY,2025.06.04 06:30:00,0,
2025.06.04 06:54:59,scan_skipped_same_execution_bar,USDJPY,2025.06.04 06:30:00,0,
2025.06.04 07:00:00,scan_executed_new_execution_bar,USDJPY,2025.06.04 06:45:00,16,
2025.06.04 07:04:59,scan_skipped_same_execution_bar,USDJPY,2025.06.04 06:45:00,0,
2025.06.04 07:19:59,scan_executed_new_execution_bar,USDJPY,2025.06.04 07:00:00,15,
2025.06.04 07:24:59,scan_skipped_same_execution_bar,USDJPY,2025.06.04 07:00:00,0,
2025.06.04 07:34:59,scan_executed_new_execution_bar,USDJPY,2025.06.04 07:15:00,0,
2025.06.04 07:39:53,scan_skipped_same_execution_bar,USDJPY,2025.06.04 07:15:00,0,
2025.06.04 07:49:59,scan_executed_new_execution_bar,USDJPY,2025.06.04 07:30:00,0,
2025.06.04 07:54:59,scan_skipped_same_execution_bar,USDJPY,2025.06.04 07:30:00,0,
2025.06.04 08:04:59,scan_executed_new_execution_bar,USDJPY,2025.06.04 07:45:00,15,
2025.06.04 08:09:59,scan_skipped_same_execution_bar,USDJPY,2025.06.04 07:45:00,0,
2025.06.04 08:19:59,scan_executed_new_execution_bar,USDJPY,2025.06.04 08:00:00,0,
2025.06.04 08:24:59,scan_skipped_same_execution_bar,USDJPY,2025.06.04 08:00:00,0,
2025.06.04 08:34:59,scan_executed_new_execution_bar,USDJPY,2025.06.04 08:15:00,16,
2025.06.04 08:39:59,scan_skipped_same_execution_bar,USDJPY,2025.06.04 08:15:00,0,
2025.06.04 08:49:58,scan_executed_new_execution_bar,USDJPY,2025.06.04 08:30:00,0,
2025.06.04 08:54:59,scan_skipped_same_execution_bar,USDJPY,2025.06.04 08:30:00,0,
2025.06.04 09:04:59,scan_executed_new_execution_bar,USDJPY,2025.06.04 08:45:00,0,
2025.06.04 09:09:59,scan_skipped_same_execution_bar,USDJPY,2025.06.04 08:45:00,0,
2025.06.04 09:19:59,scan_executed_new_execution_bar,USDJPY,2025.06.04 09:00:00,0,
2025.06.04 09:24:59,scan_skipped_same_execution_bar,USDJPY,2025.06.04 09:00:00,0,
2025.06.04 09:34:59,scan_executed_new_execution_bar,USDJPY,2025.06.04 09:15:00,0,
2025.06.04 09:39:59,scan_skipped_same_execution_bar,USDJPY,2025.06.04 09:15:00,0,
2025.06.04 09:49:58,scan_executed_new_execution_bar,USDJPY,2025.06.04 09:30:00,0,
2025.06.04 09:54:59,scan_skipped_same_execution_bar,USDJPY,2025.06.04 09:30:00,0,
2025.06.04 10:04:59,scan_executed_new_execution_bar,USDJPY,2025.06.04 09:45:00,16,
2025.06.04 10:09:59,scan_skipped_same_execution_bar,USDJPY,2025.06.04 09:45:00,0,
2025.06.04 10:19:58,scan_executed_new_execution_bar,USDJPY,2025.06.04 10:00:00,0,
2025.06.04 10:24:59,scan_skipped_same_execution_bar,USDJPY,2025.06.04 10:00:00,0,
2025.06.04 10:34:59,scan_executed_new_execution_bar,USDJPY,2025.06.04 10:15:00,15,
2025.06.04 10:39:59,scan_skipped_same_execution_bar,USDJPY,2025.06.04 10:15:00,0,
2025.06.04 10:49:59,scan_executed_new_execution_bar,USDJPY,2025.06.04 10:30:00,0,
2025.06.04 10:54:59,scan_skipped_same_execution_bar,USDJPY,2025.06.04 10:30:00,0,
2025.06.04 11:04:59,scan_executed_new_execution_bar,USDJPY,2025.06.04 10:45:00,0,
2025.06.04 11:09:59,scan_skipped_same_execution_bar,USDJPY,2025.06.04 10:45:00,0,
2025.06.04 11:19:59,scan_executed_new_execution_bar,USDJPY,2025.06.04 11:00:00,16,
2025.06.04 11:24:59,scan_skipped_same_execution_bar,USDJPY,2025.06.04 11:00:00,0,
2025.06.04 11:34:59,scan_executed_new_execution_bar,USDJPY,2025.06.04 11:15:00,0,
2025.06.04 11:39:59,scan_skipped_same_execution_bar,USDJPY,2025.06.04 11:15:00,0,
2025.06.04 11:49:59,scan_executed_new_execution_bar,USDJPY,2025.06.04 11:30:00,0,
2025.06.04 11:54:59,scan_skipped_same_execution_bar,USDJPY,2025.06.04 11:30:00,0,
2025.06.04 12:04:59,scan_executed_new_execution_bar,USDJPY,2025.06.04 11:45:00,16,
2025.06.04 12:09:59,scan_skipped_same_execution_bar,USDJPY,2025.06.04 11:45:00,0,
2025.06.04 12:19:59,scan_executed_new_execution_bar,USDJPY,2025.06.04 12:00:00,47,
2025.06.04 12:24:59,scan_skipped_same_execution_bar,USDJPY,2025.06.04 12:00:00,0,
2025.06.04 12:34:59,scan_executed_new_execution_bar,USDJPY,2025.06.04 12:15:00,0,
2025.06.04 12:39:57,scan_skipped_same_execution_bar,USDJPY,2025.06.04 12:15:00,0,
2025.06.04 12:49:59,scan_executed_new_execution_bar,USDJPY,2025.06.04 12:30:00,0,
2025.06.04 12:54:59,scan_skipped_same_execution_bar,USDJPY,2025.06.04 12:30:00,0,
2025.06.04 13:04:59,scan_executed_new_execution_bar,USDJPY,2025.06.04 12:45:00,0,
2025.06.04 13:09:59,scan_skipped_same_execution_bar,USDJPY,2025.06.04 12:45:00,0,
2025.06.04 13:19:59,scan_executed_new_execution_bar,USDJPY,2025.06.04 13:00:00,0,
2025.06.04 13:24:59,scan_skipped_same_execution_bar,USDJPY,2025.06.04 13:00:00,0,
2025.06.04 13:34:59,scan_executed_new_execution_bar,USDJPY,2025.06.04 13:15:00,16,
2025.06.04 13:39:59,scan_skipped_same_execution_bar,USDJPY,2025.06.04 13:15:00,0,
2025.06.04 13:49:59,scan_executed_new_execution_bar,USDJPY,2025.06.04 13:30:00,0,
2025.06.04 13:54:59,scan_skipped_same_execution_bar,USDJPY,2025.06.04 13:30:00,0,
2025.06.04 14:04:59,scan_executed_new_execution_bar,USDJPY,2025.06.04 13:45:00,0,
2025.06.04 14:09:59,scan_skipped_same_execution_bar,USDJPY,2025.06.04 13:45:00,0,
2025.06.04 14:20:00,scan_executed_new_execution_bar,USDJPY,2025.06.04 14:00:00,16,
2025.06.04 14:24:59,scan_skipped_same_execution_bar,USDJPY,2025.06.04 14:00:00,0,
2025.06.04 14:34:59,scan_executed_new_execution_bar,USDJPY,2025.06.04 14:15:00,0,
2025.06.04 14:39:59,scan_skipped_same_execution_bar,USDJPY,2025.06.04 14:15:00,0,
2025.06.04 14:49:59,scan_executed_new_execution_bar,USDJPY,2025.06.04 14:30:00,0,
2025.06.04 14:54:59,scan_skipped_same_execution_bar,USDJPY,2025.06.04 14:30:00,0,
2025.06.04 15:04:59,scan_executed_new_execution_bar,USDJPY,2025.06.04 14:45:00,16,
2025.06.04 15:09:59,scan_skipped_same_execution_bar,USDJPY,2025.06.04 14:45:00,0,
2025.06.04 15:19:59,scan_executed_new_execution_bar,USDJPY,2025.06.04 15:00:00,0,
2025.06.04 15:24:59,scan_skipped_same_execution_bar,USDJPY,2025.06.04 15:00:00,0,
2025.06.04 15:34:59,scan_executed_new_execution_bar,USDJPY,2025.06.04 15:15:00,0,
2025.06.04 15:39:59,scan_skipped_same_execution_bar,USDJPY,2025.06.04 15:15:00,0,
2025.06.04 15:49:59,scan_executed_new_execution_bar,USDJPY,2025.06.04 15:30:00,0,
2025.06.04 15:54:59,scan_skipped_same_execution_bar,USDJPY,2025.06.04 15:30:00,0,
2025.06.04 16:04:59,scan_executed_new_execution_bar,USDJPY,2025.06.04 15:45:00,15,
2025.06.04 16:09:59,scan_skipped_same_execution_bar,USDJPY,2025.06.04 15:45:00,0,
2025.06.04 16:19:59,scan_executed_new_execution_bar,USDJPY,2025.06.04 16:00:00,15,
2025.06.04 16:24:59,scan_skipped_same_execution_bar,USDJPY,2025.06.04 16:00:00,0,
2025.06.04 16:34:59,scan_executed_new_execution_bar,USDJPY,2025.06.04 16:15:00,16,
2025.06.04 16:39:59,scan_skipped_same_execution_bar,USDJPY,2025.06.04 16:15:00,0,
2025.06.04 16:49:59,scan_executed_new_execution_bar,USDJPY,2025.06.04 16:30:00,16,
2025.06.04 16:54:59,scan_skipped_same_execution_bar,USDJPY,2025.06.04 16:30:00,0,
2025.06.04 17:04:59,scan_executed_new_execution_bar,USDJPY,2025.06.04 16:45:00,0,
2025.06.04 17:09:59,scan_skipped_same_execution_bar,USDJPY,2025.06.04 16:45:00,0,
2025.06.04 17:19:59,scan_executed_new_execution_bar,USDJPY,2025.06.04 17:00:00,0,
2025.06.04 17:24:59,scan_skipped_same_execution_bar,USDJPY,2025.06.04 17:00:00,0,
2025.06.04 17:34:59,scan_executed_new_execution_bar,USDJPY,2025.06.04 17:15:00,16,
2025.06.04 17:39:59,scan_skipped_same_execution_bar,USDJPY,2025.06.04 17:15:00,0,
2025.06.04 17:49:59,scan_executed_new_execution_bar,USDJPY,2025.06.04 17:30:00,0,
2025.06.04 17:54:59,scan_skipped_same_execution_bar,USDJPY,2025.06.04 17:30:00,0,
2025.06.04 18:04:59,scan_executed_new_execution_bar,USDJPY,2025.06.04 17:45:00,63,
2025.06.04 18:09:59,scan_skipped_same_execution_bar,USDJPY,2025.06.04 17:45:00,0,
2025.06.04 18:19:58,scan_executed_new_execution_bar,USDJPY,2025.06.04 18:00:00,32,
2025.06.04 18:24:59,scan_skipped_same_execution_bar,USDJPY,2025.06.04 18:00:00,0,
2025.06.04 18:34:59,scan_executed_new_execution_bar,USDJPY,2025.06.04 18:15:00,0,
2025.06.04 18:39:59,scan_skipped_same_execution_bar,USDJPY,2025.06.04 18:15:00,0,
2025.06.04 18:49:59,scan_executed_new_execution_bar,USDJPY,2025.06.04 18:30:00,15,
2025.06.04 18:54:59,scan_skipped_same_execution_bar,USDJPY,2025.06.04 18:30:00,0,
2025.06.04 19:04:59,scan_executed_new_execution_bar,USDJPY,2025.06.04 18:45:00,0,
2025.06.04 19:09:59,scan_skipped_same_execution_bar,USDJPY,2025.06.04 18:45:00,0,
2025.06.04 19:20:00,scan_executed_new_execution_bar,USDJPY,2025.06.04 19:00:00,0,
2025.06.04 19:24:59,scan_skipped_same_execution_bar,USDJPY,2025.06.04 19:00:00,0,
2025.06.04 19:34:59,scan_executed_new_execution_bar,USDJPY,2025.06.04 19:15:00,0,
2025.06.04 19:39:59,scan_skipped_same_execution_bar,USDJPY,2025.06.04 19:15:00,0,
2025.06.04 19:49:59,scan_executed_new_execution_bar,USDJPY,2025.06.04 19:30:00,16,
2025.06.04 19:54:59,scan_skipped_same_execution_bar,USDJPY,2025.06.04 19:30:00,0,
2025.06.04 20:04:58,scan_executed_new_execution_bar,USDJPY,2025.06.04 19:45:00,16,
2025.06.04 20:09:59,scan_skipped_same_execution_bar,USDJPY,2025.06.04 19:45:00,0,
2025.06.04 20:19:58,scan_executed_new_execution_bar,USDJPY,2025.06.04 20:00:00,47,
2025.06.04 20:24:59,scan_skipped_same_execution_bar,USDJPY,2025.06.04 20:00:00,0,
2025.06.04 20:34:59,scan_executed_new_execution_bar,USDJPY,2025.06.04 20:15:00,31,
2025.06.04 20:39:59,scan_skipped_same_execution_bar,USDJPY,2025.06.04 20:15:00,0,
2025.06.04 20:49:59,scan_executed_new_execution_bar,USDJPY,2025.06.04 20:30:00,16,
2025.06.04 20:54:59,scan_skipped_same_execution_bar,USDJPY,2025.06.04 20:30:00,0,
2025.06.04 21:04:59,scan_executed_new_execution_bar,USDJPY,2025.06.04 20:45:00,47,
2025.06.04 21:09:58,scan_skipped_same_execution_bar,USDJPY,2025.06.04 20:45:00,0,
2025.06.04 21:19:59,scan_executed_new_execution_bar,USDJPY,2025.06.04 21:00:00,0,
2025.06.04 21:24:59,scan_skipped_same_execution_bar,USDJPY,2025.06.04 21:00:00,0,
2025.06.04 21:34:57,scan_executed_new_execution_bar,USDJPY,2025.06.04 21:15:00,31,
2025.06.04 21:39:59,scan_skipped_same_execution_bar,USDJPY,2025.06.04 21:15:00,0,
2025.06.04 21:49:59,scan_executed_new_execution_bar,USDJPY,2025.06.04 21:30:00,0,
2025.06.04 21:54:59,scan_skipped_same_execution_bar,USDJPY,2025.06.04 21:30:00,0,
2025.06.04 22:04:58,scan_executed_new_execution_bar,USDJPY,2025.06.04 21:45:00,0,
2025.06.04 22:09:59,scan_skipped_same_execution_bar,USDJPY,2025.06.04 21:45:00,0,
2025.06.04 22:19:58,scan_executed_new_execution_bar,USDJPY,2025.06.04 22:00:00,0,
2025.06.04 22:24:59,scan_skipped_same_execution_bar,USDJPY,2025.06.04 22:00:00,0,
2025.06.04 22:34:59,scan_executed_new_execution_bar,USDJPY,2025.06.04 22:15:00,0,
2025.06.04 22:39:59,scan_skipped_same_execution_bar,USDJPY,2025.06.04 22:15:00,0,
2025.06.04 22:49:58,scan_executed_new_execution_bar,USDJPY,2025.06.04 22:30:00,0,
2025.06.04 22:54:58,scan_skipped_same_execution_bar,USDJPY,2025.06.04 22:30:00,0,
2025.06.04 23:04:59,scan_executed_new_execution_bar,USDJPY,2025.06.04 22:45:00,0,
2025.06.04 23:09:59,scan_skipped_same_execution_bar,USDJPY,2025.06.04 22:45:00,0,
2025.06.04 23:19:59,scan_executed_new_execution_bar,USDJPY,2025.06.04 23:00:00,0,
2025.06.04 23:24:59,scan_skipped_same_execution_bar,USDJPY,2025.06.04 23:00:00,0,
2025.06.04 23:34:59,scan_executed_new_execution_bar,USDJPY,2025.06.04 23:15:00,16,
2025.06.04 23:39:59,scan_skipped_same_execution_bar,USDJPY,2025.06.04 23:15:00,0,
2025.06.04 23:49:59,scan_executed_new_execution_bar,USDJPY,2025.06.04 23:30:00,0,
2025.06.04 23:54:59,scan_skipped_same_execution_bar,USDJPY,2025.06.04 23:30:00,0,
2025.06.05 00:04:59,scan_executed_new_execution_bar,USDJPY,2025.06.04 23:45:00,0,
2025.06.05 00:09:58,scan_skipped_same_execution_bar,USDJPY,2025.06.04 23:45:00,0,
2025.06.05 00:19:54,scan_executed_new_execution_bar,USDJPY,2025.06.05 00:00:00,0,
2025.06.05 00:24:59,scan_skipped_same_execution_bar,USDJPY,2025.06.05 00:00:00,0,
2025.06.05 00:34:59,scan_executed_new_execution_bar,USDJPY,2025.06.05 00:15:00,15,
2025.06.05 00:39:59,scan_skipped_same_execution_bar,USDJPY,2025.06.05 00:15:00,0,
2025.06.05 00:49:59,scan_executed_new_execution_bar,USDJPY,2025.06.05 00:30:00,0,
2025.06.05 00:54:58,scan_skipped_same_execution_bar,USDJPY,2025.06.05 00:30:00,0,
2025.06.05 01:05:00,scan_executed_new_execution_bar,USDJPY,2025.06.05 00:45:00,0,
2025.06.05 01:09:54,scan_skipped_same_execution_bar,USDJPY,2025.06.05 00:45:00,0,
2025.06.05 01:19:59,scan_executed_new_execution_bar,USDJPY,2025.06.05 01:00:00,15,
2025.06.05 01:24:57,scan_skipped_same_execution_bar,USDJPY,2025.06.05 01:00:00,0,
2025.06.05 01:34:59,scan_executed_new_execution_bar,USDJPY,2025.06.05 01:15:00,0,
2025.06.05 01:39:59,scan_skipped_same_execution_bar,USDJPY,2025.06.05 01:15:00,0,
2025.06.05 01:49:53,scan_executed_new_execution_bar,USDJPY,2025.06.05 01:30:00,0,
2025.06.05 01:54:59,scan_skipped_same_execution_bar,USDJPY,2025.06.05 01:30:00,0,
2025.06.05 02:05:00,scan_executed_new_execution_bar,USDJPY,2025.06.05 01:45:00,0,
2025.06.05 02:09:59,scan_skipped_same_execution_bar,USDJPY,2025.06.05 01:45:00,0,
2025.06.05 02:19:59,scan_executed_new_execution_bar,USDJPY,2025.06.05 02:00:00,0,
2025.06.05 02:24:57,scan_skipped_same_execution_bar,USDJPY,2025.06.05 02:00:00,0,
2025.06.05 02:34:59,scan_executed_new_execution_bar,USDJPY,2025.06.05 02:15:00,0,
2025.06.05 02:39:59,scan_skipped_same_execution_bar,USDJPY,2025.06.05 02:15:00,0,
2025.06.05 02:49:59,scan_executed_new_execution_bar,USDJPY,2025.06.05 02:30:00,0,
2025.06.05 02:54:59,scan_skipped_same_execution_bar,USDJPY,2025.06.05 02:30:00,0,
2025.06.05 03:04:59,scan_executed_new_execution_bar,USDJPY,2025.06.05 02:45:00,0,
2025.06.05 03:09:58,scan_skipped_same_execution_bar,USDJPY,2025.06.05 02:45:00,0,
2025.06.05 03:19:58,scan_executed_new_execution_bar,USDJPY,2025.06.05 03:00:00,0,
2025.06.05 03:24:59,scan_skipped_same_execution_bar,USDJPY,2025.06.05 03:00:00,0,
2025.06.05 03:34:59,scan_executed_new_execution_bar,USDJPY,2025.06.05 03:15:00,0,
2025.06.05 03:39:59,scan_skipped_same_execution_bar,USDJPY,2025.06.05 03:15:00,0,
2025.06.05 03:49:59,scan_executed_new_execution_bar,USDJPY,2025.06.05 03:30:00,16,
2025.06.05 03:54:59,scan_skipped_same_execution_bar,USDJPY,2025.06.05 03:30:00,0,
2025.06.05 04:04:59,scan_executed_new_execution_bar,USDJPY,2025.06.05 03:45:00,0,
2025.06.05 04:09:58,scan_skipped_same_execution_bar,USDJPY,2025.06.05 03:45:00,0,
2025.06.05 04:19:59,scan_executed_new_execution_bar,USDJPY,2025.06.05 04:00:00,15,
2025.06.05 04:24:59,scan_skipped_same_execution_bar,USDJPY,2025.06.05 04:00:00,0,
2025.06.05 04:34:59,scan_executed_new_execution_bar,USDJPY,2025.06.05 04:15:00,0,
2025.06.05 04:39:59,scan_skipped_same_execution_bar,USDJPY,2025.06.05 04:15:00,0,
2025.06.05 04:49:59,scan_executed_new_execution_bar,USDJPY,2025.06.05 04:30:00,0,
2025.06.05 04:54:59,scan_skipped_same_execution_bar,USDJPY,2025.06.05 04:30:00,0,
2025.06.05 05:04:59,scan_executed_new_execution_bar,USDJPY,2025.06.05 04:45:00,0,
2025.06.05 05:09:59,scan_skipped_same_execution_bar,USDJPY,2025.06.05 04:45:00,0,
2025.06.05 05:19:59,scan_executed_new_execution_bar,USDJPY,2025.06.05 05:00:00,0,
2025.06.05 05:24:59,scan_skipped_same_execution_bar,USDJPY,2025.06.05 05:00:00,0,
2025.06.05 05:34:59,scan_executed_new_execution_bar,USDJPY,2025.06.05 05:15:00,0,
2025.06.05 05:39:59,scan_skipped_same_execution_bar,USDJPY,2025.06.05 05:15:00,0,
2025.06.05 05:50:00,scan_executed_new_execution_bar,USDJPY,2025.06.05 05:30:00,0,
2025.06.05 05:55:00,scan_skipped_same_execution_bar,USDJPY,2025.06.05 05:30:00,0,
2025.06.05 06:04:59,scan_executed_new_execution_bar,USDJPY,2025.06.05 05:45:00,16,
2025.06.05 06:09:59,scan_skipped_same_execution_bar,USDJPY,2025.06.05 05:45:00,0,
2025.06.05 06:19:59,scan_executed_new_execution_bar,USDJPY,2025.06.05 06:00:00,0,
2025.06.05 06:24:59,scan_skipped_same_execution_bar,USDJPY,2025.06.05 06:00:00,0,
2025.06.05 06:34:58,scan_executed_new_execution_bar,USDJPY,2025.06.05 06:15:00,16,
2025.06.05 06:39:59,scan_skipped_same_execution_bar,USDJPY,2025.06.05 06:15:00,0,
2025.06.05 06:49:59,scan_executed_new_execution_bar,USDJPY,2025.06.05 06:30:00,16,
2025.06.05 06:54:59,scan_skipped_same_execution_bar,USDJPY,2025.06.05 06:30:00,0,
2025.06.05 07:04:59,scan_executed_new_execution_bar,USDJPY,2025.06.05 06:45:00,0,
2025.06.05 07:09:59,scan_skipped_same_execution_bar,USDJPY,2025.06.05 06:45:00,0,
2025.06.05 07:19:59,scan_executed_new_execution_bar,USDJPY,2025.06.05 07:00:00,15,
2025.06.05 07:24:59,scan_skipped_same_execution_bar,USDJPY,2025.06.05 07:00:00,0,
2025.06.05 07:34:56,scan_executed_new_execution_bar,USDJPY,2025.06.05 07:15:00,0,
2025.06.05 07:39:59,scan_skipped_same_execution_bar,USDJPY,2025.06.05 07:15:00,0,
2025.06.05 07:49:59,scan_executed_new_execution_bar,USDJPY,2025.06.05 07:30:00,0,
2025.06.05 07:54:59,scan_skipped_same_execution_bar,USDJPY,2025.06.05 07:30:00,0,
2025.06.05 08:04:59,scan_executed_new_execution_bar,USDJPY,2025.06.05 07:45:00,0,
2025.06.05 08:09:59,scan_skipped_same_execution_bar,USDJPY,2025.06.05 07:45:00,0,
2025.06.05 08:20:00,scan_executed_new_execution_bar,USDJPY,2025.06.05 08:00:00,0,
2025.06.05 08:24:58,scan_skipped_same_execution_bar,USDJPY,2025.06.05 08:00:00,0,
2025.06.05 08:34:59,scan_executed_new_execution_bar,USDJPY,2025.06.05 08:15:00,0,
2025.06.05 08:39:59,scan_skipped_same_execution_bar,USDJPY,2025.06.05 08:15:00,0,
2025.06.05 08:49:59,scan_executed_new_execution_bar,USDJPY,2025.06.05 08:30:00,0,
2025.06.05 08:54:59,scan_skipped_same_execution_bar,USDJPY,2025.06.05 08:30:00,0,
2025.06.05 09:04:59,scan_executed_new_execution_bar,USDJPY,2025.06.05 08:45:00,16,
2025.06.05 09:09:59,scan_skipped_same_execution_bar,USDJPY,2025.06.05 08:45:00,0,
2025.06.05 09:19:59,scan_executed_new_execution_bar,USDJPY,2025.06.05 09:00:00,15,
2025.06.05 09:24:59,scan_skipped_same_execution_bar,USDJPY,2025.06.05 09:00:00,0,
2025.06.05 09:34:59,scan_executed_new_execution_bar,USDJPY,2025.06.05 09:15:00,0,
2025.06.05 09:39:59,scan_skipped_same_execution_bar,USDJPY,2025.06.05 09:15:00,0,
2025.06.05 09:49:59,scan_executed_new_execution_bar,USDJPY,2025.06.05 09:30:00,0,
2025.06.05 09:54:59,scan_skipped_same_execution_bar,USDJPY,2025.06.05 09:30:00,0,
2025.06.05 10:04:59,scan_executed_new_execution_bar,USDJPY,2025.06.05 09:45:00,0,
2025.06.05 10:09:59,scan_skipped_same_execution_bar,USDJPY,2025.06.05 09:45:00,0,
2025.06.05 10:19:58,scan_executed_new_execution_bar,USDJPY,2025.06.05 10:00:00,0,
2025.06.05 10:24:59,scan_skipped_same_execution_bar,USDJPY,2025.06.05 10:00:00,0,
2025.06.05 10:34:59,scan_executed_new_execution_bar,USDJPY,2025.06.05 10:15:00,0,
2025.06.05 10:39:58,scan_skipped_same_execution_bar,USDJPY,2025.06.05 10:15:00,0,
2025.06.05 10:49:59,scan_executed_new_execution_bar,USDJPY,2025.06.05 10:30:00,0,
2025.06.05 10:54:58,scan_skipped_same_execution_bar,USDJPY,2025.06.05 10:30:00,0,
2025.06.05 11:04:59,scan_executed_new_execution_bar,USDJPY,2025.06.05 10:45:00,0,
2025.06.05 11:09:59,scan_skipped_same_execution_bar,USDJPY,2025.06.05 10:45:00,0,
2025.06.05 11:19:58,scan_executed_new_execution_bar,USDJPY,2025.06.05 11:00:00,0,
2025.06.05 11:24:59,scan_skipped_same_execution_bar,USDJPY,2025.06.05 11:00:00,0,
2025.06.05 11:34:59,scan_executed_new_execution_bar,USDJPY,2025.06.05 11:15:00,0,
2025.06.05 11:39:59,scan_skipped_same_execution_bar,USDJPY,2025.06.05 11:15:00,0,
2025.06.05 11:49:59,scan_executed_new_execution_bar,USDJPY,2025.06.05 11:30:00,0,
2025.06.05 11:54:59,scan_skipped_same_execution_bar,USDJPY,2025.06.05 11:30:00,0,
2025.06.05 12:04:59,scan_executed_new_execution_bar,USDJPY,2025.06.05 11:45:00,0,
2025.06.05 12:09:59,scan_skipped_same_execution_bar,USDJPY,2025.06.05 11:45:00,0,
2025.06.05 12:19:59,scan_executed_new_execution_bar,USDJPY,2025.06.05 12:00:00,0,
2025.06.05 12:24:59,scan_skipped_same_execution_bar,USDJPY,2025.06.05 12:00:00,0,
2025.06.05 12:34:59,scan_executed_new_execution_bar,USDJPY,2025.06.05 12:15:00,0,
2025.06.05 12:39:59,scan_skipped_same_execution_bar,USDJPY,2025.06.05 12:15:00,0,
2025.06.05 12:49:58,scan_executed_new_execution_bar,USDJPY,2025.06.05 12:30:00,0,
2025.06.05 12:54:59,scan_skipped_same_execution_bar,USDJPY,2025.06.05 12:30:00,0,
2025.06.05 13:00:00,scan_executed_new_execution_bar,USDJPY,2025.06.05 12:45:00,0,
2025.06.05 13:04:59,scan_skipped_same_execution_bar,USDJPY,2025.06.05 12:45:00,0,
2025.06.05 13:19:59,scan_executed_new_execution_bar,USDJPY,2025.06.05 13:00:00,0,
2025.06.05 13:24:59,scan_skipped_same_execution_bar,USDJPY,2025.06.05 13:00:00,0,
2025.06.05 13:34:59,scan_executed_new_execution_bar,USDJPY,2025.06.05 13:15:00,0,
2025.06.05 13:39:59,scan_skipped_same_execution_bar,USDJPY,2025.06.05 13:15:00,0,
2025.06.05 13:49:59,scan_executed_new_execution_bar,USDJPY,2025.06.05 13:30:00,0,
2025.06.05 13:55:00,scan_skipped_same_execution_bar,USDJPY,2025.06.05 13:30:00,0,
2025.06.05 14:04:59,scan_executed_new_execution_bar,USDJPY,2025.06.05 13:45:00,0,
2025.06.05 14:09:59,scan_skipped_same_execution_bar,USDJPY,2025.06.05 13:45:00,0,
2025.06.05 14:20:00,scan_executed_new_execution_bar,USDJPY,2025.06.05 14:00:00,0,
2025.06.05 14:24:59,scan_skipped_same_execution_bar,USDJPY,2025.06.05 14:00:00,0,
2025.06.05 14:35:00,scan_executed_new_execution_bar,USDJPY,2025.06.05 14:15:00,0,
2025.06.05 14:39:59,scan_skipped_same_execution_bar,USDJPY,2025.06.05 14:15:00,0,
2025.06.05 14:49:59,scan_executed_new_execution_bar,USDJPY,2025.06.05 14:30:00,0,
2025.06.05 14:54:59,scan_skipped_same_execution_bar,USDJPY,2025.06.05 14:30:00,0,
2025.06.05 15:04:59,scan_executed_new_execution_bar,USDJPY,2025.06.05 14:45:00,15,
2025.06.05 15:09:59,scan_skipped_same_execution_bar,USDJPY,2025.06.05 14:45:00,0,
2025.06.05 15:19:59,scan_executed_new_execution_bar,USDJPY,2025.06.05 15:00:00,0,
2025.06.05 15:24:59,scan_skipped_same_execution_bar,USDJPY,2025.06.05 15:00:00,0,
2025.06.05 15:34:59,scan_executed_new_execution_bar,USDJPY,2025.06.05 15:15:00,0,
2025.06.05 15:39:59,scan_skipped_same_execution_bar,USDJPY,2025.06.05 15:15:00,0,
2025.06.05 15:49:59,scan_executed_new_execution_bar,USDJPY,2025.06.05 15:30:00,0,
2025.06.05 15:54:59,scan_skipped_same_execution_bar,USDJPY,2025.06.05 15:30:00,0,
2025.06.05 16:04:59,scan_executed_new_execution_bar,USDJPY,2025.06.05 15:45:00,0,
2025.06.05 16:09:59,scan_skipped_same_execution_bar,USDJPY,2025.06.05 15:45:00,0,
2025.06.05 16:19:59,scan_executed_new_execution_bar,USDJPY,2025.06.05 16:00:00,0,
2025.06.05 16:24:59,scan_skipped_same_execution_bar,USDJPY,2025.06.05 16:00:00,0,
2025.06.05 16:34:59,scan_executed_new_execution_bar,USDJPY,2025.06.05 16:15:00,0,
2025.06.05 16:39:59,scan_skipped_same_execution_bar,USDJPY,2025.06.05 16:15:00,0,
2025.06.05 16:49:59,scan_executed_new_execution_bar,USDJPY,2025.06.05 16:30:00,31,
2025.06.05 16:54:59,scan_skipped_same_execution_bar,USDJPY,2025.06.05 16:30:00,0,
2025.06.05 17:04:59,scan_executed_new_execution_bar,USDJPY,2025.06.05 16:45:00,0,
2025.06.05 17:09:59,scan_skipped_same_execution_bar,USDJPY,2025.06.05 16:45:00,0,
2025.06.05 17:19:59,scan_executed_new_execution_bar,USDJPY,2025.06.05 17:00:00,0,
2025.06.05 17:24:59,scan_skipped_same_execution_bar,USDJPY,2025.06.05 17:00:00,0,
2025.06.05 17:34:59,scan_executed_new_execution_bar,USDJPY,2025.06.05 17:15:00,0,
2025.06.05 17:39:59,scan_skipped_same_execution_bar,USDJPY,2025.06.05 17:15:00,0,
2025.06.05 17:49:59,scan_executed_new_execution_bar,USDJPY,2025.06.05 17:30:00,16,
2025.06.05 17:54:59,scan_skipped_same_execution_bar,USDJPY,2025.06.05 17:30:00,0,
2025.06.05 18:04:59,scan_executed_new_execution_bar,USDJPY,2025.06.05 17:45:00,15,
2025.06.05 18:09:59,scan_skipped_same_execution_bar,USDJPY,2025.06.05 17:45:00,0,
2025.06.05 18:19:59,scan_executed_new_execution_bar,USDJPY,2025.06.05 18:00:00,0,
2025.06.05 18:24:59,scan_skipped_same_execution_bar,USDJPY,2025.06.05 18:00:00,0,
2025.06.05 18:35:00,scan_executed_new_execution_bar,USDJPY,2025.06.05 18:15:00,0,
2025.06.05 18:39:59,scan_skipped_same_execution_bar,USDJPY,2025.06.05 18:15:00,0,
2025.06.05 18:49:59,scan_executed_new_execution_bar,USDJPY,2025.06.05 18:30:00,0,
2025.06.05 18:54:59,scan_skipped_same_execution_bar,USDJPY,2025.06.05 18:30:00,0,
2025.06.05 19:04:59,scan_executed_new_execution_bar,USDJPY,2025.06.05 18:45:00,0,
2025.06.05 19:09:59,scan_skipped_same_execution_bar,USDJPY,2025.06.05 18:45:00,0,
2025.06.05 19:19:59,scan_executed_new_execution_bar,USDJPY,2025.06.05 19:00:00,0,
2025.06.05 19:24:59,scan_skipped_same_execution_bar,USDJPY,2025.06.05 19:00:00,0,
2025.06.05 19:34:59,scan_executed_new_execution_bar,USDJPY,2025.06.05 19:15:00,63,
2025.06.05 19:39:59,scan_skipped_same_execution_bar,USDJPY,2025.06.05 19:15:00,0,
2025.06.05 19:49:59,scan_executed_new_execution_bar,USDJPY,2025.06.05 19:30:00,31,
2025.06.05 19:54:59,scan_skipped_same_execution_bar,USDJPY,2025.06.05 19:30:00,0,
2025.06.05 20:04:59,scan_executed_new_execution_bar,USDJPY,2025.06.05 19:45:00,31,
2025.06.05 20:09:59,scan_skipped_same_execution_bar,USDJPY,2025.06.05 19:45:00,0,
2025.06.05 20:19:59,scan_executed_new_execution_bar,USDJPY,2025.06.05 20:00:00,0,
2025.06.05 20:24:59,scan_skipped_same_execution_bar,USDJPY,2025.06.05 20:00:00,0,
2025.06.05 20:34:59,scan_executed_new_execution_bar,USDJPY,2025.06.05 20:15:00,0,
2025.06.05 20:39:59,scan_skipped_same_execution_bar,USDJPY,2025.06.05 20:15:00,0,
2025.06.05 20:49:58,scan_executed_new_execution_bar,USDJPY,2025.06.05 20:30:00,0,
2025.06.05 20:54:59,scan_skipped_same_execution_bar,USDJPY,2025.06.05 20:30:00,0,
2025.06.05 21:04:59,scan_executed_new_execution_bar,USDJPY,2025.06.05 20:45:00,16,
2025.06.05 21:09:59,scan_skipped_same_execution_bar,USDJPY,2025.06.05 20:45:00,0,
2025.06.05 21:19:59,scan_executed_new_execution_bar,USDJPY,2025.06.05 21:00:00,0,
2025.06.05 21:24:58,scan_skipped_same_execution_bar,USDJPY,2025.06.05 21:00:00,0,
2025.06.05 21:34:59,scan_executed_new_execution_bar,USDJPY,2025.06.05 21:15:00,0,
2025.06.05 21:39:59,scan_skipped_same_execution_bar,USDJPY,2025.06.05 21:15:00,0,
2025.06.05 21:49:58,scan_executed_new_execution_bar,USDJPY,2025.06.05 21:30:00,0,
2025.06.05 21:54:58,scan_skipped_same_execution_bar,USDJPY,2025.06.05 21:30:00,0,
2025.06.05 22:04:59,scan_executed_new_execution_bar,USDJPY,2025.06.05 21:45:00,0,
2025.06.05 22:09:59,scan_skipped_same_execution_bar,USDJPY,2025.06.05 21:45:00,0,
2025.06.05 22:19:59,scan_executed_new_execution_bar,USDJPY,2025.06.05 22:00:00,0,
2025.06.05 22:24:59,scan_skipped_same_execution_bar,USDJPY,2025.06.05 22:00:00,0,
2025.06.05 22:34:59,scan_executed_new_execution_bar,USDJPY,2025.06.05 22:15:00,0,
2025.06.05 22:39:59,scan_skipped_same_execution_bar,USDJPY,2025.06.05 22:15:00,0,
2025.06.05 22:49:59,scan_executed_new_execution_bar,USDJPY,2025.06.05 22:30:00,0,
2025.06.05 22:54:59,scan_skipped_same_execution_bar,USDJPY,2025.06.05 22:30:00,0,
2025.06.05 23:04:59,scan_executed_new_execution_bar,USDJPY,2025.06.05 22:45:00,0,
2025.06.05 23:09:59,scan_skipped_same_execution_bar,USDJPY,2025.06.05 22:45:00,0,
2025.06.05 23:19:59,scan_executed_new_execution_bar,USDJPY,2025.06.05 23:00:00,0,
2025.06.05 23:25:00,scan_skipped_same_execution_bar,USDJPY,2025.06.05 23:00:00,0,
2025.06.05 23:34:59,scan_executed_new_execution_bar,USDJPY,2025.06.05 23:15:00,0,
2025.06.05 23:39:59,scan_skipped_same_execution_bar,USDJPY,2025.06.05 23:15:00,0,
2025.06.05 23:49:59,scan_executed_new_execution_bar,USDJPY,2025.06.05 23:30:00,0,
2025.06.05 23:54:59,scan_skipped_same_execution_bar,USDJPY,2025.06.05 23:30:00,0,
2025.06.06 00:04:52,scan_executed_new_execution_bar,USDJPY,2025.06.05 23:45:00,0,
2025.06.06 00:09:58,scan_skipped_same_execution_bar,USDJPY,2025.06.05 23:45:00,0,
2025.06.06 00:19:56,scan_executed_new_execution_bar,USDJPY,2025.06.06 00:00:00,0,
2025.06.06 00:24:59,scan_skipped_same_execution_bar,USDJPY,2025.06.06 00:00:00,0,
2025.06.06 00:34:59,scan_executed_new_execution_bar,USDJPY,2025.06.06 00:15:00,15,
2025.06.06 00:39:58,scan_skipped_same_execution_bar,USDJPY,2025.06.06 00:15:00,0,
2025.06.06 00:49:59,scan_executed_new_execution_bar,USDJPY,2025.06.06 00:30:00,0,
2025.06.06 00:54:59,scan_skipped_same_execution_bar,USDJPY,2025.06.06 00:30:00,0,
2025.06.06 01:04:59,scan_executed_new_execution_bar,USDJPY,2025.06.06 00:45:00,0,
2025.06.06 01:09:59,scan_skipped_same_execution_bar,USDJPY,2025.06.06 00:45:00,0,
2025.06.06 01:19:59,scan_executed_new_execution_bar,USDJPY,2025.06.06 01:00:00,0,
2025.06.06 01:24:59,scan_skipped_same_execution_bar,USDJPY,2025.06.06 01:00:00,0,
2025.06.06 01:34:59,scan_executed_new_execution_bar,USDJPY,2025.06.06 01:15:00,0,
2025.06.06 01:39:59,scan_skipped_same_execution_bar,USDJPY,2025.06.06 01:15:00,0,
2025.06.06 01:49:57,scan_executed_new_execution_bar,USDJPY,2025.06.06 01:30:00,0,
2025.06.06 01:54:55,scan_skipped_same_execution_bar,USDJPY,2025.06.06 01:30:00,0,
2025.06.06 02:04:58,scan_executed_new_execution_bar,USDJPY,2025.06.06 01:45:00,0,
2025.06.06 02:09:58,scan_skipped_same_execution_bar,USDJPY,2025.06.06 01:45:00,0,
2025.06.06 02:19:59,scan_executed_new_execution_bar,USDJPY,2025.06.06 02:00:00,0,
2025.06.06 02:24:57,scan_skipped_same_execution_bar,USDJPY,2025.06.06 02:00:00,0,
2025.06.06 02:34:57,scan_executed_new_execution_bar,USDJPY,2025.06.06 02:15:00,0,
2025.06.06 02:39:54,scan_skipped_same_execution_bar,USDJPY,2025.06.06 02:15:00,0,
2025.06.06 02:49:59,scan_executed_new_execution_bar,USDJPY,2025.06.06 02:30:00,0,
2025.06.06 02:54:59,scan_skipped_same_execution_bar,USDJPY,2025.06.06 02:30:00,0,
2025.06.06 03:04:59,scan_executed_new_execution_bar,USDJPY,2025.06.06 02:45:00,0,
2025.06.06 03:09:59,scan_skipped_same_execution_bar,USDJPY,2025.06.06 02:45:00,0,
2025.06.06 03:19:59,scan_executed_new_execution_bar,USDJPY,2025.06.06 03:00:00,0,
2025.06.06 03:24:59,scan_skipped_same_execution_bar,USDJPY,2025.06.06 03:00:00,0,
2025.06.06 03:34:58,scan_executed_new_execution_bar,USDJPY,2025.06.06 03:15:00,0,
2025.06.06 03:39:59,scan_skipped_same_execution_bar,USDJPY,2025.06.06 03:15:00,0,
2025.06.06 03:49:59,scan_executed_new_execution_bar,USDJPY,2025.06.06 03:30:00,0,
2025.06.06 03:54:59,scan_skipped_same_execution_bar,USDJPY,2025.06.06 03:30:00,0,
2025.06.06 04:04:59,scan_executed_new_execution_bar,USDJPY,2025.06.06 03:45:00,0,
2025.06.06 04:09:59,scan_skipped_same_execution_bar,USDJPY,2025.06.06 03:45:00,0,
2025.06.06 04:19:59,scan_executed_new_execution_bar,USDJPY,2025.06.06 04:00:00,16,
2025.06.06 04:24:59,scan_skipped_same_execution_bar,USDJPY,2025.06.06 04:00:00,0,
2025.06.06 04:34:59,scan_executed_new_execution_bar,USDJPY,2025.06.06 04:15:00,0,
2025.06.06 04:39:59,scan_skipped_same_execution_bar,USDJPY,2025.06.06 04:15:00,0,
2025.06.06 04:49:59,scan_executed_new_execution_bar,USDJPY,2025.06.06 04:30:00,0,
2025.06.06 04:54:59,scan_skipped_same_execution_bar,USDJPY,2025.06.06 04:30:00,0,
2025.06.06 05:04:59,scan_executed_new_execution_bar,USDJPY,2025.06.06 04:45:00,0,
2025.06.06 05:09:59,scan_skipped_same_execution_bar,USDJPY,2025.06.06 04:45:00,0,
2025.06.06 05:19:59,scan_executed_new_execution_bar,USDJPY,2025.06.06 05:00:00,0,
2025.06.06 05:24:58,scan_skipped_same_execution_bar,USDJPY,2025.06.06 05:00:00,0,
2025.06.06 05:34:59,scan_executed_new_execution_bar,USDJPY,2025.06.06 05:15:00,0,
2025.06.06 05:39:59,scan_skipped_same_execution_bar,USDJPY,2025.06.06 05:15:00,0,
2025.06.06 05:49:59,scan_executed_new_execution_bar,USDJPY,2025.06.06 05:30:00,0,
2025.06.06 05:54:59,scan_skipped_same_execution_bar,USDJPY,2025.06.06 05:30:00,0,
2025.06.06 06:04:59,scan_executed_new_execution_bar,USDJPY,2025.06.06 05:45:00,0,
2025.06.06 06:09:59,scan_skipped_same_execution_bar,USDJPY,2025.06.06 05:45:00,0,
2025.06.06 06:19:59,scan_executed_new_execution_bar,USDJPY,2025.06.06 06:00:00,16,
2025.06.06 06:24:59,scan_skipped_same_execution_bar,USDJPY,2025.06.06 06:00:00,0,
2025.06.06 06:34:59,scan_executed_new_execution_bar,USDJPY,2025.06.06 06:15:00,0,
2025.06.06 06:39:59,scan_skipped_same_execution_bar,USDJPY,2025.06.06 06:15:00,0,
2025.06.06 06:49:59,scan_executed_new_execution_bar,USDJPY,2025.06.06 06:30:00,0,
2025.06.06 06:54:59,scan_skipped_same_execution_bar,USDJPY,2025.06.06 06:30:00,0,
2025.06.06 07:04:58,scan_executed_new_execution_bar,USDJPY,2025.06.06 06:45:00,16,
2025.06.06 07:09:59,scan_skipped_same_execution_bar,USDJPY,2025.06.06 06:45:00,0,
2025.06.06 07:19:59,scan_executed_new_execution_bar,USDJPY,2025.06.06 07:00:00,0,
2025.06.06 07:24:57,scan_skipped_same_execution_bar,USDJPY,2025.06.06 07:00:00,0,
2025.06.06 07:34:59,scan_executed_new_execution_bar,USDJPY,2025.06.06 07:15:00,31,
2025.06.06 07:39:59,scan_skipped_same_execution_bar,USDJPY,2025.06.06 07:15:00,0,
2025.06.06 07:49:59,scan_executed_new_execution_bar,USDJPY,2025.06.06 07:30:00,0,
2025.06.06 07:54:59,scan_skipped_same_execution_bar,USDJPY,2025.06.06 07:30:00,0,
2025.06.06 08:04:59,scan_executed_new_execution_bar,USDJPY,2025.06.06 07:45:00,0,
2025.06.06 08:09:59,scan_skipped_same_execution_bar,USDJPY,2025.06.06 07:45:00,0,
2025.06.06 08:19:58,scan_executed_new_execution_bar,USDJPY,2025.06.06 08:00:00,0,
2025.06.06 08:24:59,scan_skipped_same_execution_bar,USDJPY,2025.06.06 08:00:00,0,
2025.06.06 08:34:59,scan_executed_new_execution_bar,USDJPY,2025.06.06 08:15:00,0,
2025.06.06 08:39:59,scan_skipped_same_execution_bar,USDJPY,2025.06.06 08:15:00,0,
2025.06.06 08:49:59,scan_executed_new_execution_bar,USDJPY,2025.06.06 08:30:00,0,
2025.06.06 08:54:59,scan_skipped_same_execution_bar,USDJPY,2025.06.06 08:30:00,0,
2025.06.06 09:04:59,scan_executed_new_execution_bar,USDJPY,2025.06.06 08:45:00,31,
2025.06.06 09:09:59,scan_skipped_same_execution_bar,USDJPY,2025.06.06 08:45:00,0,
2025.06.06 09:19:59,scan_executed_new_execution_bar,USDJPY,2025.06.06 09:00:00,0,
2025.06.06 09:24:59,scan_skipped_same_execution_bar,USDJPY,2025.06.06 09:00:00,0,
2025.06.06 09:34:59,scan_executed_new_execution_bar,USDJPY,2025.06.06 09:15:00,0,
2025.06.06 09:39:59,scan_skipped_same_execution_bar,USDJPY,2025.06.06 09:15:00,0,
2025.06.06 09:49:59,scan_executed_new_execution_bar,USDJPY,2025.06.06 09:30:00,0,
2025.06.06 09:54:59,scan_skipped_same_execution_bar,USDJPY,2025.06.06 09:30:00,0,
2025.06.06 10:04:58,scan_executed_new_execution_bar,USDJPY,2025.06.06 09:45:00,16,
2025.06.06 10:09:59,scan_skipped_same_execution_bar,USDJPY,2025.06.06 09:45:00,0,
2025.06.06 10:19:59,scan_executed_new_execution_bar,USDJPY,2025.06.06 10:00:00,0,
2025.06.06 10:24:59,scan_skipped_same_execution_bar,USDJPY,2025.06.06 10:00:00,0,
2025.06.06 10:34:59,scan_executed_new_execution_bar,USDJPY,2025.06.06 10:15:00,16,
2025.06.06 10:39:59,scan_skipped_same_execution_bar,USDJPY,2025.06.06 10:15:00,0,
2025.06.06 10:49:59,scan_executed_new_execution_bar,USDJPY,2025.06.06 10:30:00,15,
2025.06.06 10:54:59,scan_skipped_same_execution_bar,USDJPY,2025.06.06 10:30:00,0,
2025.06.06 11:04:59,scan_executed_new_execution_bar,USDJPY,2025.06.06 10:45:00,0,
2025.06.06 11:09:58,scan_skipped_same_execution_bar,USDJPY,2025.06.06 10:45:00,0,
2025.06.06 11:19:59,scan_executed_new_execution_bar,USDJPY,2025.06.06 11:00:00,0,
2025.06.06 11:24:59,scan_skipped_same_execution_bar,USDJPY,2025.06.06 11:00:00,0,
2025.06.06 11:34:59,scan_executed_new_execution_bar,USDJPY,2025.06.06 11:15:00,0,
2025.06.06 11:39:59,scan_skipped_same_execution_bar,USDJPY,2025.06.06 11:15:00,0,
2025.06.06 11:49:59,scan_executed_new_execution_bar,USDJPY,2025.06.06 11:30:00,0,
2025.06.06 11:54:59,scan_skipped_same_execution_bar,USDJPY,2025.06.06 11:30:00,0,
2025.06.06 12:04:59,scan_executed_new_execution_bar,USDJPY,2025.06.06 11:45:00,0,
2025.06.06 12:09:59,scan_skipped_same_execution_bar,USDJPY,2025.06.06 11:45:00,0,
2025.06.06 12:19:59,scan_executed_new_execution_bar,USDJPY,2025.06.06 12:00:00,0,
2025.06.06 12:24:59,scan_skipped_same_execution_bar,USDJPY,2025.06.06 12:00:00,0,
2025.06.06 12:34:59,scan_executed_new_execution_bar,USDJPY,2025.06.06 12:15:00,16,
2025.06.06 12:39:59,scan_skipped_same_execution_bar,USDJPY,2025.06.06 12:15:00,0,
2025.06.06 12:49:59,scan_executed_new_execution_bar,USDJPY,2025.06.06 12:30:00,15,
2025.06.06 12:54:59,scan_skipped_same_execution_bar,USDJPY,2025.06.06 12:30:00,0,
2025.06.06 13:04:59,scan_executed_new_execution_bar,USDJPY,2025.06.06 12:45:00,0,
2025.06.06 13:09:59,scan_skipped_same_execution_bar,USDJPY,2025.06.06 12:45:00,0,
2025.06.06 13:19:59,scan_executed_new_execution_bar,USDJPY,2025.06.06 13:00:00,16,
2025.06.06 13:24:59,scan_skipped_same_execution_bar,USDJPY,2025.06.06 13:00:00,0,
2025.06.06 13:34:59,scan_executed_new_execution_bar,USDJPY,2025.06.06 13:15:00,0,
2025.06.06 13:39:59,scan_skipped_same_execution_bar,USDJPY,2025.06.06 13:15:00,0,
2025.06.06 13:49:59,scan_executed_new_execution_bar,USDJPY,2025.06.06 13:30:00,0,
2025.06.06 13:54:56,scan_skipped_same_execution_bar,USDJPY,2025.06.06 13:30:00,0,
2025.06.06 14:04:59,scan_executed_new_execution_bar,USDJPY,2025.06.06 13:45:00,0,
2025.06.06 14:09:58,scan_skipped_same_execution_bar,USDJPY,2025.06.06 13:45:00,0,
2025.06.06 14:19:58,scan_executed_new_execution_bar,USDJPY,2025.06.06 14:00:00,0,
2025.06.06 14:24:59,scan_skipped_same_execution_bar,USDJPY,2025.06.06 14:00:00,0,
2025.06.06 14:34:59,scan_executed_new_execution_bar,USDJPY,2025.06.06 14:15:00,0,
2025.06.06 14:39:59,scan_skipped_same_execution_bar,USDJPY,2025.06.06 14:15:00,0,
2025.06.06 14:49:59,scan_executed_new_execution_bar,USDJPY,2025.06.06 14:30:00,0,
2025.06.06 14:54:59,scan_skipped_same_execution_bar,USDJPY,2025.06.06 14:30:00,0,
2025.06.06 15:04:59,scan_executed_new_execution_bar,USDJPY,2025.06.06 14:45:00,0,
2025.06.06 15:09:59,scan_skipped_same_execution_bar,USDJPY,2025.06.06 14:45:00,0,
2025.06.06 15:19:59,scan_executed_new_execution_bar,USDJPY,2025.06.06 15:00:00,0,
2025.06.06 15:24:59,scan_skipped_same_execution_bar,USDJPY,2025.06.06 15:00:00,0,
2025.06.06 15:34:59,scan_executed_new_execution_bar,USDJPY,2025.06.06 15:15:00,0,
2025.06.06 15:39:59,scan_skipped_same_execution_bar,USDJPY,2025.06.06 15:15:00,0,
2025.06.06 15:50:00,scan_executed_new_execution_bar,USDJPY,2025.06.06 15:30:00,0,
2025.06.06 15:54:59,scan_skipped_same_execution_bar,USDJPY,2025.06.06 15:30:00,0,
2025.06.06 16:04:59,scan_executed_new_execution_bar,USDJPY,2025.06.06 15:45:00,0,
2025.06.06 16:09:59,scan_skipped_same_execution_bar,USDJPY,2025.06.06 15:45:00,0,
2025.06.06 16:19:59,scan_executed_new_execution_bar,USDJPY,2025.06.06 16:00:00,0,
2025.06.06 16:24:59,scan_skipped_same_execution_bar,USDJPY,2025.06.06 16:00:00,0,
2025.06.06 16:34:59,scan_executed_new_execution_bar,USDJPY,2025.06.06 16:15:00,0,
2025.06.06 16:39:59,scan_skipped_same_execution_bar,USDJPY,2025.06.06 16:15:00,0,
2025.06.06 16:50:00,scan_executed_new_execution_bar,USDJPY,2025.06.06 16:30:00,31,
2025.06.06 16:54:59,scan_skipped_same_execution_bar,USDJPY,2025.06.06 16:30:00,0,
2025.06.06 17:04:59,scan_executed_new_execution_bar,USDJPY,2025.06.06 16:45:00,0,
2025.06.06 17:09:59,scan_skipped_same_execution_bar,USDJPY,2025.06.06 16:45:00,0,
2025.06.06 17:19:59,scan_executed_new_execution_bar,USDJPY,2025.06.06 17:00:00,0,
2025.06.06 17:24:59,scan_skipped_same_execution_bar,USDJPY,2025.06.06 17:00:00,0,
2025.06.06 17:34:59,scan_executed_new_execution_bar,USDJPY,2025.06.06 17:15:00,78,
2025.06.06 17:39:59,scan_skipped_same_execution_bar,USDJPY,2025.06.06 17:15:00,0,
2025.06.06 17:49:59,scan_executed_new_execution_bar,USDJPY,2025.06.06 17:30:00,0,
2025.06.06 17:54:59,scan_skipped_same_execution_bar,USDJPY,2025.06.06 17:30:00,0,
2025.06.06 18:04:59,scan_executed_new_execution_bar,USDJPY,2025.06.06 17:45:00,16,
2025.06.06 18:09:59,scan_skipped_same_execution_bar,USDJPY,2025.06.06 17:45:00,0,
2025.06.06 18:19:59,scan_executed_new_execution_bar,USDJPY,2025.06.06 18:00:00,0,
2025.06.06 18:24:59,scan_skipped_same_execution_bar,USDJPY,2025.06.06 18:00:00,0,
2025.06.06 18:34:59,scan_executed_new_execution_bar,USDJPY,2025.06.06 18:15:00,78,
2025.06.06 18:39:59,scan_skipped_same_execution_bar,USDJPY,2025.06.06 18:15:00,0,
2025.06.06 18:49:59,scan_executed_new_execution_bar,USDJPY,2025.06.06 18:30:00,15,
2025.06.06 18:54:59,scan_skipped_same_execution_bar,USDJPY,2025.06.06 18:30:00,0,
2025.06.06 19:04:59,scan_executed_new_execution_bar,USDJPY,2025.06.06 18:45:00,0,
2025.06.06 19:09:59,scan_skipped_same_execution_bar,USDJPY,2025.06.06 18:45:00,0,
2025.06.06 19:19:59,scan_executed_new_execution_bar,USDJPY,2025.06.06 19:00:00,0,
2025.06.06 19:24:59,scan_skipped_same_execution_bar,USDJPY,2025.06.06 19:00:00,0,
2025.06.06 19:34:58,scan_executed_new_execution_bar,USDJPY,2025.06.06 19:15:00,0,
2025.06.06 19:39:59,scan_skipped_same_execution_bar,USDJPY,2025.06.06 19:15:00,0,
2025.06.06 19:49:59,scan_executed_new_execution_bar,USDJPY,2025.06.06 19:30:00,31,
2025.06.06 19:54:59,scan_skipped_same_execution_bar,USDJPY,2025.06.06 19:30:00,0,
2025.06.06 20:04:59,scan_executed_new_execution_bar,USDJPY,2025.06.06 19:45:00,0,
2025.06.06 20:09:59,scan_skipped_same_execution_bar,USDJPY,2025.06.06 19:45:00,0,
2025.06.06 20:19:59,scan_executed_new_execution_bar,USDJPY,2025.06.06 20:00:00,32,
2025.06.06 20:24:59,scan_skipped_same_execution_bar,USDJPY,2025.06.06 20:00:00,0,
2025.06.06 20:34:59,scan_executed_new_execution_bar,USDJPY,2025.06.06 20:15:00,0,
2025.06.06 20:39:59,scan_skipped_same_execution_bar,USDJPY,2025.06.06 20:15:00,0,
2025.06.06 20:49:59,scan_executed_new_execution_bar,USDJPY,2025.06.06 20:30:00,0,
2025.06.06 20:54:59,scan_skipped_same_execution_bar,USDJPY,2025.06.06 20:30:00,0,
2025.06.06 21:04:59,scan_executed_new_execution_bar,USDJPY,2025.06.06 20:45:00,15,
2025.06.06 21:09:59,scan_skipped_same_execution_bar,USDJPY,2025.06.06 20:45:00,0,
2025.06.06 21:19:59,scan_executed_new_execution_bar,USDJPY,2025.06.06 21:00:00,0,
2025.06.06 21:24:59,scan_skipped_same_execution_bar,USDJPY,2025.06.06 21:00:00,0,
2025.06.06 21:34:59,scan_executed_new_execution_bar,USDJPY,2025.06.06 21:15:00,0,
2025.06.06 21:39:59,scan_skipped_same_execution_bar,USDJPY,2025.06.06 21:15:00,0,
2025.06.06 21:49:59,scan_executed_new_execution_bar,USDJPY,2025.06.06 21:30:00,0,
2025.06.06 21:54:59,scan_skipped_same_execution_bar,USDJPY,2025.06.06 21:30:00,0,
2025.06.06 22:04:58,scan_executed_new_execution_bar,USDJPY,2025.06.06 21:45:00,0,
2025.06.06 22:09:59,scan_skipped_same_execution_bar,USDJPY,2025.06.06 21:45:00,0,
2025.06.06 22:19:59,scan_executed_new_execution_bar,USDJPY,2025.06.06 22:00:00,0,
2025.06.06 22:24:57,scan_skipped_same_execution_bar,USDJPY,2025.06.06 22:00:00,0,
2025.06.06 22:34:58,scan_executed_new_execution_bar,USDJPY,2025.06.06 22:15:00,0,
2025.06.06 22:39:59,scan_skipped_same_execution_bar,USDJPY,2025.06.06 22:15:00,0,
2025.06.06 22:49:59,scan_executed_new_execution_bar,USDJPY,2025.06.06 22:30:00,0,
2025.06.06 22:54:58,scan_skipped_same_execution_bar,USDJPY,2025.06.06 22:30:00,0,
2025.06.06 23:04:54,scan_executed_new_execution_bar,USDJPY,2025.06.06 22:45:00,0,
2025.06.06 23:09:59,scan_skipped_same_execution_bar,USDJPY,2025.06.06 22:45:00,0,
2025.06.06 23:19:58,scan_executed_new_execution_bar,USDJPY,2025.06.06 23:00:00,0,
2025.06.06 23:24:59,scan_skipped_same_execution_bar,USDJPY,2025.06.06 23:00:00,0,
2025.06.06 23:34:53,scan_executed_new_execution_bar,USDJPY,2025.06.06 23:15:00,0,
2025.06.06 23:39:58,scan_skipped_same_execution_bar,USDJPY,2025.06.06 23:15:00,0,
2025.06.06 23:49:59,scan_executed_new_execution_bar,USDJPY,2025.06.06 23:30:00,0,
2025.06.06 23:54:59,scan_skipped_same_execution_bar,USDJPY,2025.06.06 23:30:00,0,
2025.06.09 00:04:58,scan_executed_new_execution_bar,USDJPY,2025.06.06 23:45:00,0,
2025.06.09 00:09:52,scan_skipped_same_execution_bar,USDJPY,2025.06.06 23:45:00,0,
2025.06.09 00:19:59,scan_executed_new_execution_bar,USDJPY,2025.06.09 00:00:00,0,
2025.06.09 00:24:51,scan_skipped_same_execution_bar,USDJPY,2025.06.09 00:00:00,0,
2025.06.09 00:34:51,scan_executed_new_execution_bar,USDJPY,2025.06.09 00:15:00,0,
2025.06.09 00:39:58,scan_skipped_same_execution_bar,USDJPY,2025.06.09 00:15:00,0,
2025.06.09 00:49:59,scan_executed_new_execution_bar,USDJPY,2025.06.09 00:30:00,0,
2025.06.09 00:54:57,scan_skipped_same_execution_bar,USDJPY,2025.06.09 00:30:00,0,
2025.06.09 01:04:59,scan_executed_new_execution_bar,USDJPY,2025.06.09 00:45:00,0,
2025.06.09 01:09:59,scan_skipped_same_execution_bar,USDJPY,2025.06.09 00:45:00,0,
2025.06.09 01:15:00,scan_executed_new_execution_bar,USDJPY,2025.06.09 01:00:00,0,
2025.06.09 01:19:59,scan_skipped_same_execution_bar,USDJPY,2025.06.09 01:00:00,0,
2025.06.09 01:34:57,scan_executed_new_execution_bar,USDJPY,2025.06.09 01:15:00,0,
2025.06.09 01:39:59,scan_skipped_same_execution_bar,USDJPY,2025.06.09 01:15:00,0,
2025.06.09 01:49:55,scan_executed_new_execution_bar,USDJPY,2025.06.09 01:30:00,0,
2025.06.09 01:54:56,scan_skipped_same_execution_bar,USDJPY,2025.06.09 01:30:00,0,
2025.06.09 02:04:56,scan_executed_new_execution_bar,USDJPY,2025.06.09 01:45:00,0,
2025.06.09 02:09:55,scan_skipped_same_execution_bar,USDJPY,2025.06.09 01:45:00,0,
2025.06.09 02:19:59,scan_executed_new_execution_bar,USDJPY,2025.06.09 02:00:00,0,
2025.06.09 02:24:59,scan_skipped_same_execution_bar,USDJPY,2025.06.09 02:00:00,0,
2025.06.09 02:34:59,scan_executed_new_execution_bar,USDJPY,2025.06.09 02:15:00,0,
2025.06.09 02:39:59,scan_skipped_same_execution_bar,USDJPY,2025.06.09 02:15:00,0,
2025.06.09 02:49:57,scan_executed_new_execution_bar,USDJPY,2025.06.09 02:30:00,15,
2025.06.09 02:54:59,scan_skipped_same_execution_bar,USDJPY,2025.06.09 02:30:00,0,
2025.06.09 03:05:00,scan_executed_new_execution_bar,USDJPY,2025.06.09 02:45:00,0,
2025.06.09 03:09:59,scan_skipped_same_execution_bar,USDJPY,2025.06.09 02:45:00,0,
2025.06.09 03:19:59,scan_executed_new_execution_bar,USDJPY,2025.06.09 03:00:00,16,
2025.06.09 03:24:59,scan_skipped_same_execution_bar,USDJPY,2025.06.09 03:00:00,0,
2025.06.09 03:34:55,scan_executed_new_execution_bar,USDJPY,2025.06.09 03:15:00,16,
2025.06.09 03:39:59,scan_skipped_same_execution_bar,USDJPY,2025.06.09 03:15:00,0,
2025.06.09 03:49:59,scan_executed_new_execution_bar,USDJPY,2025.06.09 03:30:00,0,
2025.06.09 03:54:59,scan_skipped_same_execution_bar,USDJPY,2025.06.09 03:30:00,0,
2025.06.09 04:04:59,scan_executed_new_execution_bar,USDJPY,2025.06.09 03:45:00,16,
2025.06.09 04:09:59,scan_skipped_same_execution_bar,USDJPY,2025.06.09 03:45:00,0,
2025.06.09 04:19:59,scan_executed_new_execution_bar,USDJPY,2025.06.09 04:00:00,16,
2025.06.09 04:24:59,scan_skipped_same_execution_bar,USDJPY,2025.06.09 04:00:00,0,
2025.06.09 04:34:59,scan_executed_new_execution_bar,USDJPY,2025.06.09 04:15:00,0,
2025.06.09 04:39:59,scan_skipped_same_execution_bar,USDJPY,2025.06.09 04:15:00,0,
2025.06.09 04:49:59,scan_executed_new_execution_bar,USDJPY,2025.06.09 04:30:00,0,
2025.06.09 04:54:59,scan_skipped_same_execution_bar,USDJPY,2025.06.09 04:30:00,0,
2025.06.09 05:04:59,scan_executed_new_execution_bar,USDJPY,2025.06.09 04:45:00,0,
2025.06.09 05:09:59,scan_skipped_same_execution_bar,USDJPY,2025.06.09 04:45:00,0,
2025.06.09 05:19:59,scan_executed_new_execution_bar,USDJPY,2025.06.09 05:00:00,0,
2025.06.09 05:24:59,scan_skipped_same_execution_bar,USDJPY,2025.06.09 05:00:00,0,
2025.06.09 05:34:58,scan_executed_new_execution_bar,USDJPY,2025.06.09 05:15:00,0,
2025.06.09 05:39:59,scan_skipped_same_execution_bar,USDJPY,2025.06.09 05:15:00,0,
2025.06.09 05:49:59,scan_executed_new_execution_bar,USDJPY,2025.06.09 05:30:00,16,
2025.06.09 05:54:59,scan_skipped_same_execution_bar,USDJPY,2025.06.09 05:30:00,0,
2025.06.09 06:04:58,scan_executed_new_execution_bar,USDJPY,2025.06.09 05:45:00,16,
2025.06.09 06:09:59,scan_skipped_same_execution_bar,USDJPY,2025.06.09 05:45:00,0,
2025.06.09 06:20:00,scan_executed_new_execution_bar,USDJPY,2025.06.09 06:00:00,0,
2025.06.09 06:24:57,scan_skipped_same_execution_bar,USDJPY,2025.06.09 06:00:00,0,
2025.06.09 06:34:57,scan_executed_new_execution_bar,USDJPY,2025.06.09 06:15:00,15,
2025.06.09 06:39:59,scan_skipped_same_execution_bar,USDJPY,2025.06.09 06:15:00,0,
2025.06.09 06:49:59,scan_executed_new_execution_bar,USDJPY,2025.06.09 06:30:00,16,
2025.06.09 06:54:59,scan_skipped_same_execution_bar,USDJPY,2025.06.09 06:30:00,0,
2025.06.09 07:04:59,scan_executed_new_execution_bar,USDJPY,2025.06.09 06:45:00,16,
2025.06.09 07:09:41,scan_skipped_same_execution_bar,USDJPY,2025.06.09 06:45:00,0,
2025.06.09 07:20:00,scan_executed_new_execution_bar,USDJPY,2025.06.09 07:00:00,0,
2025.06.09 07:25:00,scan_skipped_same_execution_bar,USDJPY,2025.06.09 07:00:00,0,
2025.06.09 07:34:59,scan_executed_new_execution_bar,USDJPY,2025.06.09 07:15:00,0,
2025.06.09 07:40:00,scan_skipped_same_execution_bar,USDJPY,2025.06.09 07:15:00,0,
2025.06.09 07:49:59,scan_executed_new_execution_bar,USDJPY,2025.06.09 07:30:00,0,
2025.06.09 07:54:56,scan_skipped_same_execution_bar,USDJPY,2025.06.09 07:30:00,0,
2025.06.09 08:04:58,scan_executed_new_execution_bar,USDJPY,2025.06.09 07:45:00,0,
2025.06.09 08:09:59,scan_skipped_same_execution_bar,USDJPY,2025.06.09 07:45:00,0,
2025.06.09 08:19:58,scan_executed_new_execution_bar,USDJPY,2025.06.09 08:00:00,0,
2025.06.09 08:24:58,scan_skipped_same_execution_bar,USDJPY,2025.06.09 08:00:00,0,
2025.06.09 08:34:59,scan_executed_new_execution_bar,USDJPY,2025.06.09 08:15:00,0,
2025.06.09 08:39:58,scan_skipped_same_execution_bar,USDJPY,2025.06.09 08:15:00,0,
2025.06.09 08:49:59,scan_executed_new_execution_bar,USDJPY,2025.06.09 08:30:00,0,
2025.06.09 08:54:59,scan_skipped_same_execution_bar,USDJPY,2025.06.09 08:30:00,0,
2025.06.09 09:04:59,scan_executed_new_execution_bar,USDJPY,2025.06.09 08:45:00,16,
2025.06.09 09:09:59,scan_skipped_same_execution_bar,USDJPY,2025.06.09 08:45:00,0,
2025.06.09 09:19:59,scan_executed_new_execution_bar,USDJPY,2025.06.09 09:00:00,0,
2025.06.09 09:24:59,scan_skipped_same_execution_bar,USDJPY,2025.06.09 09:00:00,0,
2025.06.09 09:35:00,scan_executed_new_execution_bar,USDJPY,2025.06.09 09:15:00,0,
2025.06.09 09:39:59,scan_skipped_same_execution_bar,USDJPY,2025.06.09 09:15:00,0,
2025.06.09 09:49:58,scan_executed_new_execution_bar,USDJPY,2025.06.09 09:30:00,16,
2025.06.09 09:54:59,scan_skipped_same_execution_bar,USDJPY,2025.06.09 09:30:00,0,
2025.06.09 10:04:59,scan_executed_new_execution_bar,USDJPY,2025.06.09 09:45:00,0,
2025.06.09 10:09:59,scan_skipped_same_execution_bar,USDJPY,2025.06.09 09:45:00,0,
2025.06.09 10:19:59,scan_executed_new_execution_bar,USDJPY,2025.06.09 10:00:00,0,
2025.06.09 10:24:59,scan_skipped_same_execution_bar,USDJPY,2025.06.09 10:00:00,0,
2025.06.09 10:34:59,scan_executed_new_execution_bar,USDJPY,2025.06.09 10:15:00,0,
2025.06.09 10:40:00,scan_skipped_same_execution_bar,USDJPY,2025.06.09 10:15:00,0,
2025.06.09 10:49:59,scan_executed_new_execution_bar,USDJPY,2025.06.09 10:30:00,0,
2025.06.09 10:54:59,scan_skipped_same_execution_bar,USDJPY,2025.06.09 10:30:00,0,
2025.06.09 11:04:59,scan_executed_new_execution_bar,USDJPY,2025.06.09 10:45:00,0,
2025.06.09 11:09:59,scan_skipped_same_execution_bar,USDJPY,2025.06.09 10:45:00,0,
2025.06.09 11:19:59,scan_executed_new_execution_bar,USDJPY,2025.06.09 11:00:00,0,
2025.06.09 11:24:59,scan_skipped_same_execution_bar,USDJPY,2025.06.09 11:00:00,0,
2025.06.09 11:34:59,scan_executed_new_execution_bar,USDJPY,2025.06.09 11:15:00,16,
2025.06.09 11:39:59,scan_skipped_same_execution_bar,USDJPY,2025.06.09 11:15:00,0,
2025.06.09 11:49:59,scan_executed_new_execution_bar,USDJPY,2025.06.09 11:30:00,0,
2025.06.09 11:54:59,scan_skipped_same_execution_bar,USDJPY,2025.06.09 11:30:00,0,
2025.06.09 12:04:59,scan_executed_new_execution_bar,USDJPY,2025.06.09 11:45:00,16,
2025.06.09 12:09:59,scan_skipped_same_execution_bar,USDJPY,2025.06.09 11:45:00,0,
2025.06.09 12:19:59,scan_executed_new_execution_bar,USDJPY,2025.06.09 12:00:00,0,
2025.06.09 12:24:59,scan_skipped_same_execution_bar,USDJPY,2025.06.09 12:00:00,0,
2025.06.09 12:35:00,scan_executed_new_execution_bar,USDJPY,2025.06.09 12:15:00,16,
2025.06.09 12:39:59,scan_skipped_same_execution_bar,USDJPY,2025.06.09 12:15:00,0,
2025.06.09 12:49:59,scan_executed_new_execution_bar,USDJPY,2025.06.09 12:30:00,0,
2025.06.09 12:54:59,scan_skipped_same_execution_bar,USDJPY,2025.06.09 12:30:00,0,
2025.06.09 13:04:59,scan_executed_new_execution_bar,USDJPY,2025.06.09 12:45:00,16,
2025.06.09 13:09:59,scan_skipped_same_execution_bar,USDJPY,2025.06.09 12:45:00,0,
2025.06.09 13:19:59,scan_executed_new_execution_bar,USDJPY,2025.06.09 13:00:00,0,
2025.06.09 13:24:59,scan_skipped_same_execution_bar,USDJPY,2025.06.09 13:00:00,0,
2025.06.09 13:34:59,scan_executed_new_execution_bar,USDJPY,2025.06.09 13:15:00,15,
2025.06.09 13:39:59,scan_skipped_same_execution_bar,USDJPY,2025.06.09 13:15:00,0,
2025.06.09 13:49:59,scan_executed_new_execution_bar,USDJPY,2025.06.09 13:30:00,16,
2025.06.09 13:54:59,scan_skipped_same_execution_bar,USDJPY,2025.06.09 13:30:00,0,
2025.06.09 14:04:59,scan_executed_new_execution_bar,USDJPY,2025.06.09 13:45:00,15,
2025.06.09 14:09:59,scan_skipped_same_execution_bar,USDJPY,2025.06.09 13:45:00,0,
2025.06.09 14:19:59,scan_executed_new_execution_bar,USDJPY,2025.06.09 14:00:00,16,
2025.06.09 14:24:59,scan_skipped_same_execution_bar,USDJPY,2025.06.09 14:00:00,0,
2025.06.09 14:34:59,scan_executed_new_execution_bar,USDJPY,2025.06.09 14:15:00,0,
2025.06.09 14:39:59,scan_skipped_same_execution_bar,USDJPY,2025.06.09 14:15:00,0,
2025.06.09 14:49:59,scan_executed_new_execution_bar,USDJPY,2025.06.09 14:30:00,16,
2025.06.09 14:54:59,scan_skipped_same_execution_bar,USDJPY,2025.06.09 14:30:00,0,
2025.06.09 15:04:59,scan_executed_new_execution_bar,USDJPY,2025.06.09 14:45:00,0,
2025.06.09 15:09:59,scan_skipped_same_execution_bar,USDJPY,2025.06.09 14:45:00,0,
2025.06.09 15:19:59,scan_executed_new_execution_bar,USDJPY,2025.06.09 15:00:00,0,
2025.06.09 15:24:59,scan_skipped_same_execution_bar,USDJPY,2025.06.09 15:00:00,0,
2025.06.09 15:34:59,scan_executed_new_execution_bar,USDJPY,2025.06.09 15:15:00,0,
2025.06.09 15:39:59,scan_skipped_same_execution_bar,USDJPY,2025.06.09 15:15:00,0,
2025.06.09 15:49:59,scan_executed_new_execution_bar,USDJPY,2025.06.09 15:30:00,0,
2025.06.09 15:54:59,scan_skipped_same_execution_bar,USDJPY,2025.06.09 15:30:00,0,
2025.06.09 16:04:59,scan_executed_new_execution_bar,USDJPY,2025.06.09 15:45:00,0,
2025.06.09 16:09:59,scan_skipped_same_execution_bar,USDJPY,2025.06.09 15:45:00,0,
2025.06.09 16:19:59,scan_executed_new_execution_bar,USDJPY,2025.06.09 16:00:00,0,
2025.06.09 16:24:59,scan_skipped_same_execution_bar,USDJPY,2025.06.09 16:00:00,0,
2025.06.09 16:34:59,scan_executed_new_execution_bar,USDJPY,2025.06.09 16:15:00,0,
2025.06.09 16:39:59,scan_skipped_same_execution_bar,USDJPY,2025.06.09 16:15:00,0,
2025.06.09 16:49:58,scan_executed_new_execution_bar,USDJPY,2025.06.09 16:30:00,0,
2025.06.09 16:54:59,scan_skipped_same_execution_bar,USDJPY,2025.06.09 16:30:00,0,
2025.06.09 17:04:59,scan_executed_new_execution_bar,USDJPY,2025.06.09 16:45:00,0,
2025.06.09 17:09:59,scan_skipped_same_execution_bar,USDJPY,2025.06.09 16:45:00,0,
2025.06.09 17:19:59,scan_executed_new_execution_bar,USDJPY,2025.06.09 17:00:00,0,
2025.06.09 17:24:59,scan_skipped_same_execution_bar,USDJPY,2025.06.09 17:00:00,0,
2025.06.09 17:34:59,scan_executed_new_execution_bar,USDJPY,2025.06.09 17:15:00,0,
2025.06.09 17:39:59,scan_skipped_same_execution_bar,USDJPY,2025.06.09 17:15:00,0,
2025.06.09 17:49:59,scan_executed_new_execution_bar,USDJPY,2025.06.09 17:30:00,0,
2025.06.09 17:54:59,scan_skipped_same_execution_bar,USDJPY,2025.06.09 17:30:00,0,
2025.06.09 18:04:59,scan_executed_new_execution_bar,USDJPY,2025.06.09 17:45:00,16,
2025.06.09 18:09:59,scan_skipped_same_execution_bar,USDJPY,2025.06.09 17:45:00,0,
2025.06.09 18:19:59,scan_executed_new_execution_bar,USDJPY,2025.06.09 18:00:00,15,
2025.06.09 18:24:59,scan_skipped_same_execution_bar,USDJPY,2025.06.09 18:00:00,0,
2025.06.09 18:34:59,scan_executed_new_execution_bar,USDJPY,2025.06.09 18:15:00,16,
2025.06.09 18:39:59,scan_skipped_same_execution_bar,USDJPY,2025.06.09 18:15:00,0,
2025.06.09 18:49:59,scan_executed_new_execution_bar,USDJPY,2025.06.09 18:30:00,0,
2025.06.09 18:54:59,scan_skipped_same_execution_bar,USDJPY,2025.06.09 18:30:00,0,
2025.06.09 19:04:59,scan_executed_new_execution_bar,USDJPY,2025.06.09 18:45:00,0,
2025.06.09 19:09:59,scan_skipped_same_execution_bar,USDJPY,2025.06.09 18:45:00,0,
2025.06.09 19:19:59,scan_executed_new_execution_bar,USDJPY,2025.06.09 19:00:00,0,
2025.06.09 19:24:58,scan_skipped_same_execution_bar,USDJPY,2025.06.09 19:00:00,0,
2025.06.09 19:34:59,scan_executed_new_execution_bar,USDJPY,2025.06.09 19:15:00,0,
2025.06.09 19:39:59,scan_skipped_same_execution_bar,USDJPY,2025.06.09 19:15:00,0,
2025.06.09 19:49:59,scan_executed_new_execution_bar,USDJPY,2025.06.09 19:30:00,0,
2025.06.09 19:54:59,scan_skipped_same_execution_bar,USDJPY,2025.06.09 19:30:00,0,
2025.06.09 20:04:59,scan_executed_new_execution_bar,USDJPY,2025.06.09 19:45:00,0,
2025.06.09 20:09:59,scan_skipped_same_execution_bar,USDJPY,2025.06.09 19:45:00,0,
2025.06.09 20:19:59,scan_executed_new_execution_bar,USDJPY,2025.06.09 20:00:00,0,
2025.06.09 20:24:58,scan_skipped_same_execution_bar,USDJPY,2025.06.09 20:00:00,0,
2025.06.09 20:34:58,scan_executed_new_execution_bar,USDJPY,2025.06.09 20:15:00,0,
2025.06.09 20:39:59,scan_skipped_same_execution_bar,USDJPY,2025.06.09 20:15:00,0,
2025.06.09 20:49:59,scan_executed_new_execution_bar,USDJPY,2025.06.09 20:30:00,0,
2025.06.09 20:54:59,scan_skipped_same_execution_bar,USDJPY,2025.06.09 20:30:00,0,
2025.06.09 21:04:59,scan_executed_new_execution_bar,USDJPY,2025.06.09 20:45:00,0,
2025.06.09 21:09:59,scan_skipped_same_execution_bar,USDJPY,2025.06.09 20:45:00,0,
2025.06.09 21:19:59,scan_executed_new_execution_bar,USDJPY,2025.06.09 21:00:00,0,
2025.06.09 21:24:59,scan_skipped_same_execution_bar,USDJPY,2025.06.09 21:00:00,0,
2025.06.09 21:34:59,scan_executed_new_execution_bar,USDJPY,2025.06.09 21:15:00,0,
2025.06.09 21:39:59,scan_skipped_same_execution_bar,USDJPY,2025.06.09 21:15:00,0,
2025.06.09 21:49:58,scan_executed_new_execution_bar,USDJPY,2025.06.09 21:30:00,0,
2025.06.09 21:54:59,scan_skipped_same_execution_bar,USDJPY,2025.06.09 21:30:00,0,
2025.06.09 22:04:57,scan_executed_new_execution_bar,USDJPY,2025.06.09 21:45:00,0,
2025.06.09 22:09:59,scan_skipped_same_execution_bar,USDJPY,2025.06.09 21:45:00,0,
2025.06.09 22:19:59,scan_executed_new_execution_bar,USDJPY,2025.06.09 22:00:00,16,
2025.06.09 22:24:59,scan_skipped_same_execution_bar,USDJPY,2025.06.09 22:00:00,0,
2025.06.09 22:34:59,scan_executed_new_execution_bar,USDJPY,2025.06.09 22:15:00,16,
2025.06.09 22:39:59,scan_skipped_same_execution_bar,USDJPY,2025.06.09 22:15:00,0,
2025.06.09 22:49:57,scan_executed_new_execution_bar,USDJPY,2025.06.09 22:30:00,31,
2025.06.09 22:54:58,scan_skipped_same_execution_bar,USDJPY,2025.06.09 22:30:00,0,
2025.06.09 23:04:57,scan_executed_new_execution_bar,USDJPY,2025.06.09 22:45:00,0,
2025.06.09 23:09:59,scan_skipped_same_execution_bar,USDJPY,2025.06.09 22:45:00,0,
2025.06.09 23:19:56,scan_executed_new_execution_bar,USDJPY,2025.06.09 23:00:00,0,
2025.06.09 23:24:59,scan_skipped_same_execution_bar,USDJPY,2025.06.09 23:00:00,0,
2025.06.09 23:34:58,scan_executed_new_execution_bar,USDJPY,2025.06.09 23:15:00,16,
2025.06.09 23:39:58,scan_skipped_same_execution_bar,USDJPY,2025.06.09 23:15:00,0,
2025.06.09 23:49:58,scan_executed_new_execution_bar,USDJPY,2025.06.09 23:30:00,0,
2025.06.09 23:54:59,scan_skipped_same_execution_bar,USDJPY,2025.06.09 23:30:00,0,
2025.06.10 00:04:52,scan_executed_new_execution_bar,USDJPY,2025.06.09 23:45:00,0,
2025.06.10 00:09:54,scan_skipped_same_execution_bar,USDJPY,2025.06.09 23:45:00,0,
2025.06.10 00:19:59,scan_executed_new_execution_bar,USDJPY,2025.06.10 00:00:00,0,
2025.06.10 00:24:59,scan_skipped_same_execution_bar,USDJPY,2025.06.10 00:00:00,0,
2025.06.10 00:34:59,scan_executed_new_execution_bar,USDJPY,2025.06.10 00:15:00,0,
2025.06.10 00:39:57,scan_skipped_same_execution_bar,USDJPY,2025.06.10 00:15:00,0,
2025.06.10 00:49:59,scan_executed_new_execution_bar,USDJPY,2025.06.10 00:30:00,0,
2025.06.10 00:54:59,scan_skipped_same_execution_bar,USDJPY,2025.06.10 00:30:00,0,
2025.06.10 01:04:59,scan_executed_new_execution_bar,USDJPY,2025.06.10 00:45:00,0,
2025.06.10 01:09:59,scan_skipped_same_execution_bar,USDJPY,2025.06.10 00:45:00,0,
2025.06.10 01:19:56,scan_executed_new_execution_bar,USDJPY,2025.06.10 01:00:00,0,
2025.06.10 01:24:58,scan_skipped_same_execution_bar,USDJPY,2025.06.10 01:00:00,0,
2025.06.10 01:34:59,scan_executed_new_execution_bar,USDJPY,2025.06.10 01:15:00,0,
2025.06.10 01:39:59,scan_skipped_same_execution_bar,USDJPY,2025.06.10 01:15:00,0,
2025.06.10 01:49:57,scan_executed_new_execution_bar,USDJPY,2025.06.10 01:30:00,0,
2025.06.10 01:54:56,scan_skipped_same_execution_bar,USDJPY,2025.06.10 01:30:00,0,
2025.06.10 02:04:58,scan_executed_new_execution_bar,USDJPY,2025.06.10 01:45:00,16,
2025.06.10 02:10:00,scan_skipped_same_execution_bar,USDJPY,2025.06.10 01:45:00,0,
2025.06.10 02:19:59,scan_executed_new_execution_bar,USDJPY,2025.06.10 02:00:00,0,
2025.06.10 02:24:59,scan_skipped_same_execution_bar,USDJPY,2025.06.10 02:00:00,0,
2025.06.10 02:34:45,scan_executed_new_execution_bar,USDJPY,2025.06.10 02:15:00,0,
2025.06.10 02:39:59,scan_skipped_same_execution_bar,USDJPY,2025.06.10 02:15:00,0,
2025.06.10 02:49:59,scan_executed_new_execution_bar,USDJPY,2025.06.10 02:30:00,0,
2025.06.10 02:54:59,scan_skipped_same_execution_bar,USDJPY,2025.06.10 02:30:00,0,
2025.06.10 03:04:59,scan_executed_new_execution_bar,USDJPY,2025.06.10 02:45:00,0,
2025.06.10 03:09:59,scan_skipped_same_execution_bar,USDJPY,2025.06.10 02:45:00,0,
2025.06.10 03:19:58,scan_executed_new_execution_bar,USDJPY,2025.06.10 03:00:00,0,
2025.06.10 03:24:59,scan_skipped_same_execution_bar,USDJPY,2025.06.10 03:00:00,0,
2025.06.10 03:34:59,scan_executed_new_execution_bar,USDJPY,2025.06.10 03:15:00,0,
2025.06.10 03:39:59,scan_skipped_same_execution_bar,USDJPY,2025.06.10 03:15:00,0,
2025.06.10 03:49:59,scan_executed_new_execution_bar,USDJPY,2025.06.10 03:30:00,15,
2025.06.10 03:54:59,scan_skipped_same_execution_bar,USDJPY,2025.06.10 03:30:00,0,
2025.06.10 04:04:59,scan_executed_new_execution_bar,USDJPY,2025.06.10 03:45:00,0,
2025.06.10 04:09:59,scan_skipped_same_execution_bar,USDJPY,2025.06.10 03:45:00,0,
2025.06.10 04:19:59,scan_executed_new_execution_bar,USDJPY,2025.06.10 04:00:00,0,
2025.06.10 04:24:59,scan_skipped_same_execution_bar,USDJPY,2025.06.10 04:00:00,0,
2025.06.10 04:34:58,scan_executed_new_execution_bar,USDJPY,2025.06.10 04:15:00,0,
2025.06.10 04:39:58,scan_skipped_same_execution_bar,USDJPY,2025.06.10 04:15:00,0,
2025.06.10 04:49:59,scan_executed_new_execution_bar,USDJPY,2025.06.10 04:30:00,0,
2025.06.10 04:54:59,scan_skipped_same_execution_bar,USDJPY,2025.06.10 04:30:00,0,
2025.06.10 05:04:59,scan_executed_new_execution_bar,USDJPY,2025.06.10 04:45:00,0,
2025.06.10 05:09:59,scan_skipped_same_execution_bar,USDJPY,2025.06.10 04:45:00,0,
2025.06.10 05:19:59,scan_executed_new_execution_bar,USDJPY,2025.06.10 05:00:00,0,
2025.06.10 05:24:59,scan_skipped_same_execution_bar,USDJPY,2025.06.10 05:00:00,0,
2025.06.10 05:34:59,scan_executed_new_execution_bar,USDJPY,2025.06.10 05:15:00,0,
2025.06.10 05:39:59,scan_skipped_same_execution_bar,USDJPY,2025.06.10 05:15:00,0,
2025.06.10 05:50:00,scan_executed_new_execution_bar,USDJPY,2025.06.10 05:30:00,16,
2025.06.10 05:54:59,scan_skipped_same_execution_bar,USDJPY,2025.06.10 05:30:00,0,
2025.06.10 06:04:59,scan_executed_new_execution_bar,USDJPY,2025.06.10 05:45:00,31,
2025.06.10 06:09:59,scan_skipped_same_execution_bar,USDJPY,2025.06.10 05:45:00,0,
2025.06.10 06:19:59,scan_executed_new_execution_bar,USDJPY,2025.06.10 06:00:00,15,
2025.06.10 06:24:59,scan_skipped_same_execution_bar,USDJPY,2025.06.10 06:00:00,0,
2025.06.10 06:34:59,scan_executed_new_execution_bar,USDJPY,2025.06.10 06:15:00,16,
2025.06.10 06:39:59,scan_skipped_same_execution_bar,USDJPY,2025.06.10 06:15:00,0,
2025.06.10 06:50:00,scan_executed_new_execution_bar,USDJPY,2025.06.10 06:30:00,0,
2025.06.10 06:54:59,scan_skipped_same_execution_bar,USDJPY,2025.06.10 06:30:00,0,
2025.06.10 07:04:59,scan_executed_new_execution_bar,USDJPY,2025.06.10 06:45:00,0,
2025.06.10 07:09:57,scan_skipped_same_execution_bar,USDJPY,2025.06.10 06:45:00,0,
2025.06.10 07:19:59,scan_executed_new_execution_bar,USDJPY,2025.06.10 07:00:00,0,
2025.06.10 07:24:59,scan_skipped_same_execution_bar,USDJPY,2025.06.10 07:00:00,0,
2025.06.10 07:34:59,scan_executed_new_execution_bar,USDJPY,2025.06.10 07:15:00,16,
2025.06.10 07:39:57,scan_skipped_same_execution_bar,USDJPY,2025.06.10 07:15:00,0,
2025.06.10 07:49:59,scan_executed_new_execution_bar,USDJPY,2025.06.10 07:30:00,0,
2025.06.10 07:54:58,scan_skipped_same_execution_bar,USDJPY,2025.06.10 07:30:00,0,
2025.06.10 08:04:59,scan_executed_new_execution_bar,USDJPY,2025.06.10 07:45:00,0,
2025.06.10 08:09:57,scan_skipped_same_execution_bar,USDJPY,2025.06.10 07:45:00,0,
2025.06.10 08:19:59,scan_executed_new_execution_bar,USDJPY,2025.06.10 08:00:00,0,
2025.06.10 08:24:59,scan_skipped_same_execution_bar,USDJPY,2025.06.10 08:00:00,0,
2025.06.10 08:34:59,scan_executed_new_execution_bar,USDJPY,2025.06.10 08:15:00,0,
2025.06.10 08:39:59,scan_skipped_same_execution_bar,USDJPY,2025.06.10 08:15:00,0,
2025.06.10 08:49:59,scan_executed_new_execution_bar,USDJPY,2025.06.10 08:30:00,0,
2025.06.10 08:55:00,scan_skipped_same_execution_bar,USDJPY,2025.06.10 08:30:00,0,
2025.06.10 09:04:59,scan_executed_new_execution_bar,USDJPY,2025.06.10 08:45:00,0,
2025.06.10 09:09:59,scan_skipped_same_execution_bar,USDJPY,2025.06.10 08:45:00,0,
2025.06.10 09:19:59,scan_executed_new_execution_bar,USDJPY,2025.06.10 09:00:00,0,
2025.06.10 09:24:59,scan_skipped_same_execution_bar,USDJPY,2025.06.10 09:00:00,0,
2025.06.10 09:34:58,scan_executed_new_execution_bar,USDJPY,2025.06.10 09:15:00,15,
2025.06.10 09:39:59,scan_skipped_same_execution_bar,USDJPY,2025.06.10 09:15:00,0,
2025.06.10 09:49:59,scan_executed_new_execution_bar,USDJPY,2025.06.10 09:30:00,0,
2025.06.10 09:54:59,scan_skipped_same_execution_bar,USDJPY,2025.06.10 09:30:00,0,
2025.06.10 10:04:59,scan_executed_new_execution_bar,USDJPY,2025.06.10 09:45:00,15,
2025.06.10 10:09:59,scan_skipped_same_execution_bar,USDJPY,2025.06.10 09:45:00,0,
2025.06.10 10:19:59,scan_executed_new_execution_bar,USDJPY,2025.06.10 10:00:00,0,
2025.06.10 10:24:59,scan_skipped_same_execution_bar,USDJPY,2025.06.10 10:00:00,0,
2025.06.10 10:34:59,scan_executed_new_execution_bar,USDJPY,2025.06.10 10:15:00,16,
2025.06.10 10:39:59,scan_skipped_same_execution_bar,USDJPY,2025.06.10 10:15:00,0,
2025.06.10 10:49:59,scan_executed_new_execution_bar,USDJPY,2025.06.10 10:30:00,15,
2025.06.10 10:54:59,scan_skipped_same_execution_bar,USDJPY,2025.06.10 10:30:00,0,
2025.06.10 11:04:59,scan_executed_new_execution_bar,USDJPY,2025.06.10 10:45:00,32,
2025.06.10 11:09:59,scan_skipped_same_execution_bar,USDJPY,2025.06.10 10:45:00,0,
2025.06.10 11:19:59,scan_executed_new_execution_bar,USDJPY,2025.06.10 11:00:00,31,
2025.06.10 11:24:57,scan_skipped_same_execution_bar,USDJPY,2025.06.10 11:00:00,0,
2025.06.10 11:34:59,scan_executed_new_execution_bar,USDJPY,2025.06.10 11:15:00,32,
2025.06.10 11:39:59,scan_skipped_same_execution_bar,USDJPY,2025.06.10 11:15:00,0,
2025.06.10 11:49:59,scan_executed_new_execution_bar,USDJPY,2025.06.10 11:30:00,47,
2025.06.10 11:54:59,scan_skipped_same_execution_bar,USDJPY,2025.06.10 11:30:00,0,
2025.06.10 12:04:59,scan_executed_new_execution_bar,USDJPY,2025.06.10 11:45:00,0,
2025.06.10 12:09:59,scan_skipped_same_execution_bar,USDJPY,2025.06.10 11:45:00,0,
2025.06.10 12:19:59,scan_executed_new_execution_bar,USDJPY,2025.06.10 12:00:00,0,
2025.06.10 12:24:59,scan_skipped_same_execution_bar,USDJPY,2025.06.10 12:00:00,0,
2025.06.10 12:34:59,scan_executed_new_execution_bar,USDJPY,2025.06.10 12:15:00,15,
2025.06.10 12:39:59,scan_skipped_same_execution_bar,USDJPY,2025.06.10 12:15:00,0,
2025.06.10 12:49:59,scan_executed_new_execution_bar,USDJPY,2025.06.10 12:30:00,0,
2025.06.10 12:54:59,scan_skipped_same_execution_bar,USDJPY,2025.06.10 12:30:00,0,
2025.06.10 13:04:59,scan_executed_new_execution_bar,USDJPY,2025.06.10 12:45:00,0,
2025.06.10 13:09:57,scan_skipped_same_execution_bar,USDJPY,2025.06.10 12:45:00,0,
2025.06.10 13:19:59,scan_executed_new_execution_bar,USDJPY,2025.06.10 13:00:00,0,
2025.06.10 13:24:58,scan_skipped_same_execution_bar,USDJPY,2025.06.10 13:00:00,0,
2025.06.10 13:34:59,scan_executed_new_execution_bar,USDJPY,2025.06.10 13:15:00,0,
2025.06.10 13:39:59,scan_skipped_same_execution_bar,USDJPY,2025.06.10 13:15:00,0,
2025.06.10 13:49:59,scan_executed_new_execution_bar,USDJPY,2025.06.10 13:30:00,0,
2025.06.10 13:54:59,scan_skipped_same_execution_bar,USDJPY,2025.06.10 13:30:00,0,
2025.06.10 14:04:59,scan_executed_new_execution_bar,USDJPY,2025.06.10 13:45:00,0,
2025.06.10 14:09:59,scan_skipped_same_execution_bar,USDJPY,2025.06.10 13:45:00,0,
2025.06.10 14:19:59,scan_executed_new_execution_bar,USDJPY,2025.06.10 14:00:00,0,
2025.06.10 14:24:59,scan_skipped_same_execution_bar,USDJPY,2025.06.10 14:00:00,0,
2025.06.10 14:34:59,scan_executed_new_execution_bar,USDJPY,2025.06.10 14:15:00,0,
2025.06.10 14:39:59,scan_skipped_same_execution_bar,USDJPY,2025.06.10 14:15:00,0,
2025.06.10 14:49:59,scan_executed_new_execution_bar,USDJPY,2025.06.10 14:30:00,16,
2025.06.10 14:54:59,scan_skipped_same_execution_bar,USDJPY,2025.06.10 14:30:00,0,
2025.06.10 15:04:59,scan_executed_new_execution_bar,USDJPY,2025.06.10 14:45:00,16,
2025.06.10 15:09:59,scan_skipped_same_execution_bar,USDJPY,2025.06.10 14:45:00,0,
2025.06.10 15:19:59,scan_executed_new_execution_bar,USDJPY,2025.06.10 15:00:00,15,
2025.06.10 15:24:59,scan_skipped_same_execution_bar,USDJPY,2025.06.10 15:00:00,0,
2025.06.10 15:34:59,scan_executed_new_execution_bar,USDJPY,2025.06.10 15:15:00,0,
2025.06.10 15:39:59,scan_skipped_same_execution_bar,USDJPY,2025.06.10 15:15:00,0,
2025.06.10 15:49:59,scan_executed_new_execution_bar,USDJPY,2025.06.10 15:30:00,0,
2025.06.10 15:54:59,scan_skipped_same_execution_bar,USDJPY,2025.06.10 15:30:00,0,
2025.06.10 16:04:59,scan_executed_new_execution_bar,USDJPY,2025.06.10 15:45:00,0,
2025.06.10 16:09:59,scan_skipped_same_execution_bar,USDJPY,2025.06.10 15:45:00,0,
2025.06.10 16:19:59,scan_executed_new_execution_bar,USDJPY,2025.06.10 16:00:00,0,
2025.06.10 16:24:59,scan_skipped_same_execution_bar,USDJPY,2025.06.10 16:00:00,0,
2025.06.10 16:34:59,scan_executed_new_execution_bar,USDJPY,2025.06.10 16:15:00,0,
2025.06.10 16:39:59,scan_skipped_same_execution_bar,USDJPY,2025.06.10 16:15:00,0,
2025.06.10 16:49:59,scan_executed_new_execution_bar,USDJPY,2025.06.10 16:30:00,0,
2025.06.10 16:54:59,scan_skipped_same_execution_bar,USDJPY,2025.06.10 16:30:00,0,
2025.06.10 17:04:59,scan_executed_new_execution_bar,USDJPY,2025.06.10 16:45:00,0,
2025.06.10 17:09:59,scan_skipped_same_execution_bar,USDJPY,2025.06.10 16:45:00,0,
2025.06.10 17:19:59,scan_executed_new_execution_bar,USDJPY,2025.06.10 17:00:00,0,
2025.06.10 17:24:59,scan_skipped_same_execution_bar,USDJPY,2025.06.10 17:00:00,0,
2025.06.10 17:34:59,scan_executed_new_execution_bar,USDJPY,2025.06.10 17:15:00,0,
2025.06.10 17:39:59,scan_skipped_same_execution_bar,USDJPY,2025.06.10 17:15:00,0,
2025.06.10 17:49:59,scan_executed_new_execution_bar,USDJPY,2025.06.10 17:30:00,0,
2025.06.10 17:54:58,scan_skipped_same_execution_bar,USDJPY,2025.06.10 17:30:00,0,
2025.06.10 18:04:59,scan_executed_new_execution_bar,USDJPY,2025.06.10 17:45:00,0,
2025.06.10 18:09:59,scan_skipped_same_execution_bar,USDJPY,2025.06.10 17:45:00,0,
2025.06.10 18:19:59,scan_executed_new_execution_bar,USDJPY,2025.06.10 18:00:00,0,
2025.06.10 18:24:59,scan_skipped_same_execution_bar,USDJPY,2025.06.10 18:00:00,0,
2025.06.10 18:34:59,scan_executed_new_execution_bar,USDJPY,2025.06.10 18:15:00,0,
2025.06.10 18:39:58,scan_skipped_same_execution_bar,USDJPY,2025.06.10 18:15:00,0,
2025.06.10 18:49:59,scan_executed_new_execution_bar,USDJPY,2025.06.10 18:30:00,16,
2025.06.10 18:54:59,scan_skipped_same_execution_bar,USDJPY,2025.06.10 18:30:00,0,
2025.06.10 19:04:59,scan_executed_new_execution_bar,USDJPY,2025.06.10 18:45:00,0,
2025.06.10 19:09:59,scan_skipped_same_execution_bar,USDJPY,2025.06.10 18:45:00,0,
2025.06.10 19:19:59,scan_executed_new_execution_bar,USDJPY,2025.06.10 19:00:00,0,
2025.06.10 19:24:59,scan_skipped_same_execution_bar,USDJPY,2025.06.10 19:00:00,0,
2025.06.10 19:34:59,scan_executed_new_execution_bar,USDJPY,2025.06.10 19:15:00,0,
2025.06.10 19:39:59,scan_skipped_same_execution_bar,USDJPY,2025.06.10 19:15:00,0,
2025.06.10 19:49:59,scan_executed_new_execution_bar,USDJPY,2025.06.10 19:30:00,0,
2025.06.10 19:54:59,scan_skipped_same_execution_bar,USDJPY,2025.06.10 19:30:00,0,
2025.06.10 20:04:59,scan_executed_new_execution_bar,USDJPY,2025.06.10 19:45:00,0,
2025.06.10 20:09:57,scan_skipped_same_execution_bar,USDJPY,2025.06.10 19:45:00,0,
2025.06.10 20:19:59,scan_executed_new_execution_bar,USDJPY,2025.06.10 20:00:00,0,
2025.06.10 20:24:59,scan_skipped_same_execution_bar,USDJPY,2025.06.10 20:00:00,0,
2025.06.10 20:34:58,scan_executed_new_execution_bar,USDJPY,2025.06.10 20:15:00,0,
2025.06.10 20:39:59,scan_skipped_same_execution_bar,USDJPY,2025.06.10 20:15:00,0,
2025.06.10 20:49:59,scan_executed_new_execution_bar,USDJPY,2025.06.10 20:30:00,0,
2025.06.10 20:54:59,scan_skipped_same_execution_bar,USDJPY,2025.06.10 20:30:00,0,
2025.06.10 21:04:59,scan_executed_new_execution_bar,USDJPY,2025.06.10 20:45:00,0,
2025.06.10 21:09:58,scan_skipped_same_execution_bar,USDJPY,2025.06.10 20:45:00,0,
2025.06.10 21:19:59,scan_executed_new_execution_bar,USDJPY,2025.06.10 21:00:00,0,
2025.06.10 21:25:00,scan_skipped_same_execution_bar,USDJPY,2025.06.10 21:00:00,0,
2025.06.10 21:34:59,scan_executed_new_execution_bar,USDJPY,2025.06.10 21:15:00,0,
2025.06.10 21:39:59,scan_skipped_same_execution_bar,USDJPY,2025.06.10 21:15:00,0,
2025.06.10 21:49:59,scan_executed_new_execution_bar,USDJPY,2025.06.10 21:30:00,0,
2025.06.10 21:54:58,scan_skipped_same_execution_bar,USDJPY,2025.06.10 21:30:00,0,
2025.06.10 22:04:59,scan_executed_new_execution_bar,USDJPY,2025.06.10 21:45:00,0,
2025.06.10 22:09:59,scan_skipped_same_execution_bar,USDJPY,2025.06.10 21:45:00,0,
2025.06.10 22:19:58,scan_executed_new_execution_bar,USDJPY,2025.06.10 22:00:00,0,
2025.06.10 22:24:59,scan_skipped_same_execution_bar,USDJPY,2025.06.10 22:00:00,0,
2025.06.10 22:34:58,scan_executed_new_execution_bar,USDJPY,2025.06.10 22:15:00,0,
2025.06.10 22:39:59,scan_skipped_same_execution_bar,USDJPY,2025.06.10 22:15:00,0,
2025.06.10 22:49:59,scan_executed_new_execution_bar,USDJPY,2025.06.10 22:30:00,0,
2025.06.10 22:54:59,scan_skipped_same_execution_bar,USDJPY,2025.06.10 22:30:00,0,
2025.06.10 23:04:56,scan_executed_new_execution_bar,USDJPY,2025.06.10 22:45:00,0,
2025.06.10 23:09:59,scan_skipped_same_execution_bar,USDJPY,2025.06.10 22:45:00,0,
2025.06.10 23:19:59,scan_executed_new_execution_bar,USDJPY,2025.06.10 23:00:00,0,
2025.06.10 23:24:59,scan_skipped_same_execution_bar,USDJPY,2025.06.10 23:00:00,0,
2025.06.10 23:34:56,scan_executed_new_execution_bar,USDJPY,2025.06.10 23:15:00,0,
2025.06.10 23:39:58,scan_skipped_same_execution_bar,USDJPY,2025.06.10 23:15:00,0,
2025.06.10 23:49:58,scan_executed_new_execution_bar,USDJPY,2025.06.10 23:30:00,0,
2025.06.10 23:54:59,scan_skipped_same_execution_bar,USDJPY,2025.06.10 23:30:00,0,
2025.06.11 00:04:31,scan_executed_new_execution_bar,USDJPY,2025.06.10 23:45:00,0,
2025.06.11 00:10:00,scan_skipped_same_execution_bar,USDJPY,2025.06.10 23:45:00,0,
2025.06.11 00:19:59,scan_executed_new_execution_bar,USDJPY,2025.06.11 00:00:00,0,
2025.06.11 00:25:00,scan_skipped_same_execution_bar,USDJPY,2025.06.11 00:00:00,0,
2025.06.11 00:34:59,scan_executed_new_execution_bar,USDJPY,2025.06.11 00:15:00,0,
2025.06.11 00:39:59,scan_skipped_same_execution_bar,USDJPY,2025.06.11 00:15:00,0,
2025.06.11 00:49:58,scan_executed_new_execution_bar,USDJPY,2025.06.11 00:30:00,0,
2025.06.11 00:54:59,scan_skipped_same_execution_bar,USDJPY,2025.06.11 00:30:00,0,
2025.06.11 01:04:59,scan_executed_new_execution_bar,USDJPY,2025.06.11 00:45:00,0,
2025.06.11 01:09:59,scan_skipped_same_execution_bar,USDJPY,2025.06.11 00:45:00,0,
2025.06.11 01:19:59,scan_executed_new_execution_bar,USDJPY,2025.06.11 01:00:00,0,
2025.06.11 01:24:56,scan_skipped_same_execution_bar,USDJPY,2025.06.11 01:00:00,0,
2025.06.11 01:34:58,scan_executed_new_execution_bar,USDJPY,2025.06.11 01:15:00,0,
2025.06.11 01:39:59,scan_skipped_same_execution_bar,USDJPY,2025.06.11 01:15:00,0,
2025.06.11 01:49:59,scan_executed_new_execution_bar,USDJPY,2025.06.11 01:30:00,0,
2025.06.11 01:54:59,scan_skipped_same_execution_bar,USDJPY,2025.06.11 01:30:00,0,
2025.06.11 02:04:59,scan_executed_new_execution_bar,USDJPY,2025.06.11 01:45:00,0,
2025.06.11 02:09:59,scan_skipped_same_execution_bar,USDJPY,2025.06.11 01:45:00,0,
2025.06.11 02:19:59,scan_executed_new_execution_bar,USDJPY,2025.06.11 02:00:00,0,
2025.06.11 02:25:00,scan_skipped_same_execution_bar,USDJPY,2025.06.11 02:00:00,0,
2025.06.11 02:34:59,scan_executed_new_execution_bar,USDJPY,2025.06.11 02:15:00,0,
2025.06.11 02:39:59,scan_skipped_same_execution_bar,USDJPY,2025.06.11 02:15:00,0,
2025.06.11 02:49:59,scan_executed_new_execution_bar,USDJPY,2025.06.11 02:30:00,16,
2025.06.11 02:54:58,scan_skipped_same_execution_bar,USDJPY,2025.06.11 02:30:00,0,
2025.06.11 03:05:00,scan_executed_new_execution_bar,USDJPY,2025.06.11 02:45:00,16,
2025.06.11 03:09:59,scan_skipped_same_execution_bar,USDJPY,2025.06.11 02:45:00,0,
2025.06.11 03:20:00,scan_executed_new_execution_bar,USDJPY,2025.06.11 03:00:00,16,
2025.06.11 03:24:59,scan_skipped_same_execution_bar,USDJPY,2025.06.11 03:00:00,0,
2025.06.11 03:34:59,scan_executed_new_execution_bar,USDJPY,2025.06.11 03:15:00,16,
2025.06.11 03:39:59,scan_skipped_same_execution_bar,USDJPY,2025.06.11 03:15:00,0,
2025.06.11 03:49:59,scan_executed_new_execution_bar,USDJPY,2025.06.11 03:30:00,0,
2025.06.11 03:54:59,scan_skipped_same_execution_bar,USDJPY,2025.06.11 03:30:00,0,
2025.06.11 04:04:59,scan_executed_new_execution_bar,USDJPY,2025.06.11 03:45:00,31,
2025.06.11 04:09:59,scan_skipped_same_execution_bar,USDJPY,2025.06.11 03:45:00,0,
2025.06.11 04:19:59,scan_executed_new_execution_bar,USDJPY,2025.06.11 04:00:00,16,
2025.06.11 04:24:59,scan_skipped_same_execution_bar,USDJPY,2025.06.11 04:00:00,0,
2025.06.11 04:34:59,scan_executed_new_execution_bar,USDJPY,2025.06.11 04:15:00,16,
2025.06.11 04:39:59,scan_skipped_same_execution_bar,USDJPY,2025.06.11 04:15:00,0,
2025.06.11 04:50:00,scan_executed_new_execution_bar,USDJPY,2025.06.11 04:30:00,0,
2025.06.11 04:54:59,scan_skipped_same_execution_bar,USDJPY,2025.06.11 04:30:00,0,
2025.06.11 05:04:59,scan_executed_new_execution_bar,USDJPY,2025.06.11 04:45:00,0,
2025.06.11 05:09:59,scan_skipped_same_execution_bar,USDJPY,2025.06.11 04:45:00,0,
2025.06.11 05:19:56,scan_executed_new_execution_bar,USDJPY,2025.06.11 05:00:00,15,
2025.06.11 05:24:59,scan_skipped_same_execution_bar,USDJPY,2025.06.11 05:00:00,0,
2025.06.11 05:30:00,scan_executed_new_execution_bar,USDJPY,2025.06.11 05:15:00,31,
2025.06.11 05:34:59,scan_skipped_same_execution_bar,USDJPY,2025.06.11 05:15:00,0,
2025.06.11 05:49:59,scan_executed_new_execution_bar,USDJPY,2025.06.11 05:30:00,16,
2025.06.11 05:54:59,scan_skipped_same_execution_bar,USDJPY,2025.06.11 05:30:00,0,
2025.06.11 06:04:59,scan_executed_new_execution_bar,USDJPY,2025.06.11 05:45:00,0,
2025.06.11 06:09:58,scan_skipped_same_execution_bar,USDJPY,2025.06.11 05:45:00,0,
2025.06.11 06:19:59,scan_executed_new_execution_bar,USDJPY,2025.06.11 06:00:00,0,
2025.06.11 06:24:57,scan_skipped_same_execution_bar,USDJPY,2025.06.11 06:00:00,0,
2025.06.11 06:34:59,scan_executed_new_execution_bar,USDJPY,2025.06.11 06:15:00,16,
2025.06.11 06:39:59,scan_skipped_same_execution_bar,USDJPY,2025.06.11 06:15:00,0,
2025.06.11 06:49:58,scan_executed_new_execution_bar,USDJPY,2025.06.11 06:30:00,31,
2025.06.11 06:54:59,scan_skipped_same_execution_bar,USDJPY,2025.06.11 06:30:00,0,
2025.06.11 07:04:58,scan_executed_new_execution_bar,USDJPY,2025.06.11 06:45:00,16,
2025.06.11 07:09:59,scan_skipped_same_execution_bar,USDJPY,2025.06.11 06:45:00,0,
2025.06.11 07:19:59,scan_executed_new_execution_bar,USDJPY,2025.06.11 07:00:00,15,
2025.06.11 07:24:58,scan_skipped_same_execution_bar,USDJPY,2025.06.11 07:00:00,0,
2025.06.11 07:35:00,scan_executed_new_execution_bar,USDJPY,2025.06.11 07:15:00,0,
2025.06.11 07:39:59,scan_skipped_same_execution_bar,USDJPY,2025.06.11 07:15:00,0,
2025.06.11 07:49:59,scan_executed_new_execution_bar,USDJPY,2025.06.11 07:30:00,15,
2025.06.11 07:54:59,scan_skipped_same_execution_bar,USDJPY,2025.06.11 07:30:00,0,
2025.06.11 08:04:59,scan_executed_new_execution_bar,USDJPY,2025.06.11 07:45:00,0,
2025.06.11 08:09:56,scan_skipped_same_execution_bar,USDJPY,2025.06.11 07:45:00,0,
2025.06.11 08:19:59,scan_executed_new_execution_bar,USDJPY,2025.06.11 08:00:00,0,
2025.06.11 08:24:59,scan_skipped_same_execution_bar,USDJPY,2025.06.11 08:00:00,0,
2025.06.11 08:35:00,scan_executed_new_execution_bar,USDJPY,2025.06.11 08:15:00,15,
2025.06.11 08:39:59,scan_skipped_same_execution_bar,USDJPY,2025.06.11 08:15:00,0,
2025.06.11 08:49:59,scan_executed_new_execution_bar,USDJPY,2025.06.11 08:30:00,0,
2025.06.11 08:54:58,scan_skipped_same_execution_bar,USDJPY,2025.06.11 08:30:00,0,
2025.06.11 09:04:59,scan_executed_new_execution_bar,USDJPY,2025.06.11 08:45:00,16,
2025.06.11 09:09:59,scan_skipped_same_execution_bar,USDJPY,2025.06.11 08:45:00,0,
2025.06.11 09:19:59,scan_executed_new_execution_bar,USDJPY,2025.06.11 09:00:00,0,
2025.06.11 09:24:59,scan_skipped_same_execution_bar,USDJPY,2025.06.11 09:00:00,0,
2025.06.11 09:34:59,scan_executed_new_execution_bar,USDJPY,2025.06.11 09:15:00,0,
2025.06.11 09:39:59,scan_skipped_same_execution_bar,USDJPY,2025.06.11 09:15:00,0,
2025.06.11 09:49:59,scan_executed_new_execution_bar,USDJPY,2025.06.11 09:30:00,31,
2025.06.11 09:54:59,scan_skipped_same_execution_bar,USDJPY,2025.06.11 09:30:00,0,
2025.06.11 10:04:59,scan_executed_new_execution_bar,USDJPY,2025.06.11 09:45:00,0,
2025.06.11 10:10:00,scan_skipped_same_execution_bar,USDJPY,2025.06.11 09:45:00,0,
2025.06.11 10:19:59,scan_executed_new_execution_bar,USDJPY,2025.06.11 10:00:00,0,
2025.06.11 10:24:59,scan_skipped_same_execution_bar,USDJPY,2025.06.11 10:00:00,0,
2025.06.11 10:34:59,scan_executed_new_execution_bar,USDJPY,2025.06.11 10:15:00,16,
2025.06.11 10:39:59,scan_skipped_same_execution_bar,USDJPY,2025.06.11 10:15:00,0,
2025.06.11 10:49:59,scan_executed_new_execution_bar,USDJPY,2025.06.11 10:30:00,0,
2025.06.11 10:54:59,scan_skipped_same_execution_bar,USDJPY,2025.06.11 10:30:00,0,
2025.06.11 11:04:59,scan_executed_new_execution_bar,USDJPY,2025.06.11 10:45:00,0,
2025.06.11 11:09:59,scan_skipped_same_execution_bar,USDJPY,2025.06.11 10:45:00,0,
2025.06.11 11:19:59,scan_executed_new_execution_bar,USDJPY,2025.06.11 11:00:00,16,
2025.06.11 11:24:58,scan_skipped_same_execution_bar,USDJPY,2025.06.11 11:00:00,0,
2025.06.11 11:34:59,scan_executed_new_execution_bar,USDJPY,2025.06.11 11:15:00,0,
2025.06.11 11:39:59,scan_skipped_same_execution_bar,USDJPY,2025.06.11 11:15:00,0,
2025.06.11 11:49:59,scan_executed_new_execution_bar,USDJPY,2025.06.11 11:30:00,15,
2025.06.11 11:54:59,scan_skipped_same_execution_bar,USDJPY,2025.06.11 11:30:00,0,
2025.06.11 12:04:59,scan_executed_new_execution_bar,USDJPY,2025.06.11 11:45:00,0,
2025.06.11 12:09:59,scan_skipped_same_execution_bar,USDJPY,2025.06.11 11:45:00,0,
2025.06.11 12:19:59,scan_executed_new_execution_bar,USDJPY,2025.06.11 12:00:00,0,
2025.06.11 12:24:59,scan_skipped_same_execution_bar,USDJPY,2025.06.11 12:00:00,0,
2025.06.11 12:34:59,scan_executed_new_execution_bar,USDJPY,2025.06.11 12:15:00,0,
2025.06.11 12:39:59,scan_skipped_same_execution_bar,USDJPY,2025.06.11 12:15:00,0,
2025.06.11 12:49:58,scan_executed_new_execution_bar,USDJPY,2025.06.11 12:30:00,0,
2025.06.11 12:54:59,scan_skipped_same_execution_bar,USDJPY,2025.06.11 12:30:00,0,
2025.06.11 13:04:59,scan_executed_new_execution_bar,USDJPY,2025.06.11 12:45:00,0,
2025.06.11 13:09:59,scan_skipped_same_execution_bar,USDJPY,2025.06.11 12:45:00,0,
2025.06.11 13:19:59,scan_executed_new_execution_bar,USDJPY,2025.06.11 13:00:00,0,
2025.06.11 13:24:59,scan_skipped_same_execution_bar,USDJPY,2025.06.11 13:00:00,0,
2025.06.11 13:34:58,scan_executed_new_execution_bar,USDJPY,2025.06.11 13:15:00,0,
2025.06.11 13:39:57,scan_skipped_same_execution_bar,USDJPY,2025.06.11 13:15:00,0,
2025.06.11 13:49:59,scan_executed_new_execution_bar,USDJPY,2025.06.11 13:30:00,0,
2025.06.11 13:54:59,scan_skipped_same_execution_bar,USDJPY,2025.06.11 13:30:00,0,
2025.06.11 14:04:59,scan_executed_new_execution_bar,USDJPY,2025.06.11 13:45:00,0,
2025.06.11 14:09:59,scan_skipped_same_execution_bar,USDJPY,2025.06.11 13:45:00,0,
2025.06.11 14:19:59,scan_executed_new_execution_bar,USDJPY,2025.06.11 14:00:00,0,
2025.06.11 14:24:59,scan_skipped_same_execution_bar,USDJPY,2025.06.11 14:00:00,0,
2025.06.11 14:34:59,scan_executed_new_execution_bar,USDJPY,2025.06.11 14:15:00,0,
2025.06.11 14:39:59,scan_skipped_same_execution_bar,USDJPY,2025.06.11 14:15:00,0,
2025.06.11 14:49:59,scan_executed_new_execution_bar,USDJPY,2025.06.11 14:30:00,0,
2025.06.11 14:54:59,scan_skipped_same_execution_bar,USDJPY,2025.06.11 14:30:00,0,
2025.06.11 15:04:59,scan_executed_new_execution_bar,USDJPY,2025.06.11 14:45:00,0,
2025.06.11 15:09:59,scan_skipped_same_execution_bar,USDJPY,2025.06.11 14:45:00,0,
2025.06.11 15:19:59,scan_executed_new_execution_bar,USDJPY,2025.06.11 15:00:00,0,
2025.06.11 15:24:59,scan_skipped_same_execution_bar,USDJPY,2025.06.11 15:00:00,0,
2025.06.11 15:34:59,scan_executed_new_execution_bar,USDJPY,2025.06.11 15:15:00,0,
2025.06.11 15:39:59,scan_skipped_same_execution_bar,USDJPY,2025.06.11 15:15:00,0,
2025.06.11 15:49:59,scan_executed_new_execution_bar,USDJPY,2025.06.11 15:30:00,0,
2025.06.11 15:54:59,scan_skipped_same_execution_bar,USDJPY,2025.06.11 15:30:00,0,
2025.06.11 16:04:59,scan_executed_new_execution_bar,USDJPY,2025.06.11 15:45:00,0,
2025.06.11 16:09:59,scan_skipped_same_execution_bar,USDJPY,2025.06.11 15:45:00,0,
2025.06.11 16:19:59,scan_executed_new_execution_bar,USDJPY,2025.06.11 16:00:00,0,
2025.06.11 16:24:59,scan_skipped_same_execution_bar,USDJPY,2025.06.11 16:00:00,0,
2025.06.11 16:34:59,scan_executed_new_execution_bar,USDJPY,2025.06.11 16:15:00,0,
2025.06.11 16:39:59,scan_skipped_same_execution_bar,USDJPY,2025.06.11 16:15:00,0,
2025.06.11 16:49:59,scan_executed_new_execution_bar,USDJPY,2025.06.11 16:30:00,0,
2025.06.11 16:54:59,scan_skipped_same_execution_bar,USDJPY,2025.06.11 16:30:00,0,
2025.06.11 17:04:59,scan_executed_new_execution_bar,USDJPY,2025.06.11 16:45:00,0,
2025.06.11 17:09:59,scan_skipped_same_execution_bar,USDJPY,2025.06.11 16:45:00,0,
2025.06.11 17:19:59,scan_executed_new_execution_bar,USDJPY,2025.06.11 17:00:00,0,
2025.06.11 17:24:59,scan_skipped_same_execution_bar,USDJPY,2025.06.11 17:00:00,0,
2025.06.11 17:34:59,scan_executed_new_execution_bar,USDJPY,2025.06.11 17:15:00,78,
2025.06.11 17:39:59,scan_skipped_same_execution_bar,USDJPY,2025.06.11 17:15:00,0,
2025.06.11 17:49:59,scan_executed_new_execution_bar,USDJPY,2025.06.11 17:30:00,16,
2025.06.11 17:54:59,scan_skipped_same_execution_bar,USDJPY,2025.06.11 17:30:00,0,
2025.06.11 18:04:59,scan_executed_new_execution_bar,USDJPY,2025.06.11 17:45:00,31,
2025.06.11 18:09:59,scan_skipped_same_execution_bar,USDJPY,2025.06.11 17:45:00,0,
2025.06.11 18:19:59,scan_executed_new_execution_bar,USDJPY,2025.06.11 18:00:00,32,
2025.06.11 18:24:59,scan_skipped_same_execution_bar,USDJPY,2025.06.11 18:00:00,0,
2025.06.11 18:34:59,scan_executed_new_execution_bar,USDJPY,2025.06.11 18:15:00,0,
2025.06.11 18:39:59,scan_skipped_same_execution_bar,USDJPY,2025.06.11 18:15:00,0,
2025.06.11 18:49:59,scan_executed_new_execution_bar,USDJPY,2025.06.11 18:30:00,0,
2025.06.11 18:54:59,scan_skipped_same_execution_bar,USDJPY,2025.06.11 18:30:00,0,
2025.06.11 19:04:59,scan_executed_new_execution_bar,USDJPY,2025.06.11 18:45:00,32,
2025.06.11 19:09:59,scan_skipped_same_execution_bar,USDJPY,2025.06.11 18:45:00,0,
2025.06.11 19:19:59,scan_executed_new_execution_bar,USDJPY,2025.06.11 19:00:00,31,
2025.06.11 19:24:57,scan_skipped_same_execution_bar,USDJPY,2025.06.11 19:00:00,0,
2025.06.11 19:34:59,scan_executed_new_execution_bar,USDJPY,2025.06.11 19:15:00,0,
2025.06.11 19:39:59,scan_skipped_same_execution_bar,USDJPY,2025.06.11 19:15:00,0,
2025.06.11 19:49:59,scan_executed_new_execution_bar,USDJPY,2025.06.11 19:30:00,16,
2025.06.11 19:54:59,scan_skipped_same_execution_bar,USDJPY,2025.06.11 19:30:00,0,
2025.06.11 20:04:59,scan_executed_new_execution_bar,USDJPY,2025.06.11 19:45:00,15,
2025.06.11 20:09:59,scan_skipped_same_execution_bar,USDJPY,2025.06.11 19:45:00,0,
2025.06.11 20:19:59,scan_executed_new_execution_bar,USDJPY,2025.06.11 20:00:00,16,
2025.06.11 20:24:58,scan_skipped_same_execution_bar,USDJPY,2025.06.11 20:00:00,0,
2025.06.11 20:34:59,scan_executed_new_execution_bar,USDJPY,2025.06.11 20:15:00,16,
2025.06.11 20:39:59,scan_skipped_same_execution_bar,USDJPY,2025.06.11 20:15:00,0,
2025.06.11 20:49:59,scan_executed_new_execution_bar,USDJPY,2025.06.11 20:30:00,0,
2025.06.11 20:54:59,scan_skipped_same_execution_bar,USDJPY,2025.06.11 20:30:00,0,
2025.06.11 21:04:59,scan_executed_new_execution_bar,USDJPY,2025.06.11 20:45:00,0,
2025.06.11 21:09:59,scan_skipped_same_execution_bar,USDJPY,2025.06.11 20:45:00,0,
2025.06.11 21:19:59,scan_executed_new_execution_bar,USDJPY,2025.06.11 21:00:00,0,
2025.06.11 21:24:59,scan_skipped_same_execution_bar,USDJPY,2025.06.11 21:00:00,0,
2025.06.11 21:34:59,scan_executed_new_execution_bar,USDJPY,2025.06.11 21:15:00,16,
2025.06.11 21:39:59,scan_skipped_same_execution_bar,USDJPY,2025.06.11 21:15:00,0,
2025.06.11 21:49:59,scan_executed_new_execution_bar,USDJPY,2025.06.11 21:30:00,16,
2025.06.11 21:54:59,scan_skipped_same_execution_bar,USDJPY,2025.06.11 21:30:00,0,
2025.06.11 22:05:00,scan_executed_new_execution_bar,USDJPY,2025.06.11 21:45:00,16,
2025.06.11 22:09:59,scan_skipped_same_execution_bar,USDJPY,2025.06.11 21:45:00,0,
2025.06.11 22:19:59,scan_executed_new_execution_bar,USDJPY,2025.06.11 22:00:00,15,
2025.06.11 22:24:59,scan_skipped_same_execution_bar,USDJPY,2025.06.11 22:00:00,0,
2025.06.11 22:34:59,scan_executed_new_execution_bar,USDJPY,2025.06.11 22:15:00,0,
2025.06.11 22:39:59,scan_skipped_same_execution_bar,USDJPY,2025.06.11 22:15:00,0,
2025.06.11 22:49:59,scan_executed_new_execution_bar,USDJPY,2025.06.11 22:30:00,0,
2025.06.11 22:54:59,scan_skipped_same_execution_bar,USDJPY,2025.06.11 22:30:00,0,
2025.06.11 23:04:59,scan_executed_new_execution_bar,USDJPY,2025.06.11 22:45:00,16,
2025.06.11 23:09:59,scan_skipped_same_execution_bar,USDJPY,2025.06.11 22:45:00,0,
2025.06.11 23:19:59,scan_executed_new_execution_bar,USDJPY,2025.06.11 23:00:00,0,
2025.06.11 23:24:57,scan_skipped_same_execution_bar,USDJPY,2025.06.11 23:00:00,0,
2025.06.11 23:34:59,scan_executed_new_execution_bar,USDJPY,2025.06.11 23:15:00,0,
2025.06.11 23:39:59,scan_skipped_same_execution_bar,USDJPY,2025.06.11 23:15:00,0,
2025.06.11 23:49:58,scan_executed_new_execution_bar,USDJPY,2025.06.11 23:30:00,0,
2025.06.11 23:54:59,scan_skipped_same_execution_bar,USDJPY,2025.06.11 23:30:00,0,
2025.06.12 00:04:49,scan_executed_new_execution_bar,USDJPY,2025.06.11 23:45:00,0,
2025.06.12 00:10:00,scan_skipped_same_execution_bar,USDJPY,2025.06.11 23:45:00,0,
2025.06.12 00:19:59,scan_executed_new_execution_bar,USDJPY,2025.06.12 00:00:00,0,
2025.06.12 00:24:59,scan_skipped_same_execution_bar,USDJPY,2025.06.12 00:00:00,0,
2025.06.12 00:34:57,scan_executed_new_execution_bar,USDJPY,2025.06.12 00:15:00,0,
2025.06.12 00:39:59,scan_skipped_same_execution_bar,USDJPY,2025.06.12 00:15:00,0,
2025.06.12 00:49:59,scan_executed_new_execution_bar,USDJPY,2025.06.12 00:30:00,0,
2025.06.12 00:54:59,scan_skipped_same_execution_bar,USDJPY,2025.06.12 00:30:00,0,
2025.06.12 01:04:58,scan_executed_new_execution_bar,USDJPY,2025.06.12 00:45:00,0,
2025.06.12 01:09:59,scan_skipped_same_execution_bar,USDJPY,2025.06.12 00:45:00,0,
2025.06.12 01:19:57,scan_executed_new_execution_bar,USDJPY,2025.06.12 01:00:00,0,
2025.06.12 01:24:58,scan_skipped_same_execution_bar,USDJPY,2025.06.12 01:00:00,0,
2025.06.12 01:34:59,scan_executed_new_execution_bar,USDJPY,2025.06.12 01:15:00,0,
2025.06.12 01:39:59,scan_skipped_same_execution_bar,USDJPY,2025.06.12 01:15:00,0,
2025.06.12 01:49:59,scan_executed_new_execution_bar,USDJPY,2025.06.12 01:30:00,16,
2025.06.12 01:54:58,scan_skipped_same_execution_bar,USDJPY,2025.06.12 01:30:00,0,
2025.06.12 02:04:59,scan_executed_new_execution_bar,USDJPY,2025.06.12 01:45:00,0,
2025.06.12 02:09:59,scan_skipped_same_execution_bar,USDJPY,2025.06.12 01:45:00,0,
2025.06.12 02:20:00,scan_executed_new_execution_bar,USDJPY,2025.06.12 02:00:00,0,
2025.06.12 02:24:59,scan_skipped_same_execution_bar,USDJPY,2025.06.12 02:00:00,0,
2025.06.12 02:34:59,scan_executed_new_execution_bar,USDJPY,2025.06.12 02:15:00,16,
2025.06.12 02:39:59,scan_skipped_same_execution_bar,USDJPY,2025.06.12 02:15:00,0,
2025.06.12 02:49:59,scan_executed_new_execution_bar,USDJPY,2025.06.12 02:30:00,0,
2025.06.12 02:54:59,scan_skipped_same_execution_bar,USDJPY,2025.06.12 02:30:00,0,
2025.06.12 03:04:59,scan_executed_new_execution_bar,USDJPY,2025.06.12 02:45:00,0,
2025.06.12 03:09:59,scan_skipped_same_execution_bar,USDJPY,2025.06.12 02:45:00,0,
2025.06.12 03:19:58,scan_executed_new_execution_bar,USDJPY,2025.06.12 03:00:00,47,
2025.06.12 03:24:59,scan_skipped_same_execution_bar,USDJPY,2025.06.12 03:00:00,0,
2025.06.12 03:34:59,scan_executed_new_execution_bar,USDJPY,2025.06.12 03:15:00,0,
2025.06.12 03:39:59,scan_skipped_same_execution_bar,USDJPY,2025.06.12 03:15:00,0,
2025.06.12 03:49:59,scan_executed_new_execution_bar,USDJPY,2025.06.12 03:30:00,0,
2025.06.12 03:54:59,scan_skipped_same_execution_bar,USDJPY,2025.06.12 03:30:00,0,
2025.06.12 04:04:59,scan_executed_new_execution_bar,USDJPY,2025.06.12 03:45:00,0,
2025.06.12 04:09:59,scan_skipped_same_execution_bar,USDJPY,2025.06.12 03:45:00,0,
2025.06.12 04:19:59,scan_executed_new_execution_bar,USDJPY,2025.06.12 04:00:00,0,
2025.06.12 04:24:59,scan_skipped_same_execution_bar,USDJPY,2025.06.12 04:00:00,0,
2025.06.12 04:34:59,scan_executed_new_execution_bar,USDJPY,2025.06.12 04:15:00,0,
2025.06.12 04:39:59,scan_skipped_same_execution_bar,USDJPY,2025.06.12 04:15:00,0,
2025.06.12 04:49:58,scan_executed_new_execution_bar,USDJPY,2025.06.12 04:30:00,16,
2025.06.12 04:54:59,scan_skipped_same_execution_bar,USDJPY,2025.06.12 04:30:00,0,
2025.06.12 05:04:59,scan_executed_new_execution_bar,USDJPY,2025.06.12 04:45:00,16,
2025.06.12 05:09:59,scan_skipped_same_execution_bar,USDJPY,2025.06.12 04:45:00,0,
2025.06.12 05:19:59,scan_executed_new_execution_bar,USDJPY,2025.06.12 05:00:00,16,
2025.06.12 05:24:59,scan_skipped_same_execution_bar,USDJPY,2025.06.12 05:00:00,0,
2025.06.12 05:34:59,scan_executed_new_execution_bar,USDJPY,2025.06.12 05:15:00,0,
2025.06.12 05:39:59,scan_skipped_same_execution_bar,USDJPY,2025.06.12 05:15:00,0,
2025.06.12 05:45:00,scan_executed_new_execution_bar,USDJPY,2025.06.12 05:30:00,0,
2025.06.12 05:49:59,scan_skipped_same_execution_bar,USDJPY,2025.06.12 05:30:00,0,
2025.06.12 06:04:58,scan_executed_new_execution_bar,USDJPY,2025.06.12 05:45:00,0,
2025.06.12 06:09:59,scan_skipped_same_execution_bar,USDJPY,2025.06.12 05:45:00,0,
2025.06.12 06:19:58,scan_executed_new_execution_bar,USDJPY,2025.06.12 06:00:00,0,
2025.06.12 06:24:59,scan_skipped_same_execution_bar,USDJPY,2025.06.12 06:00:00,0,
2025.06.12 06:34:59,scan_executed_new_execution_bar,USDJPY,2025.06.12 06:15:00,0,
2025.06.12 06:39:59,scan_skipped_same_execution_bar,USDJPY,2025.06.12 06:15:00,0,
2025.06.12 06:49:59,scan_executed_new_execution_bar,USDJPY,2025.06.12 06:30:00,0,
2025.06.12 06:54:59,scan_skipped_same_execution_bar,USDJPY,2025.06.12 06:30:00,0,
2025.06.12 07:04:59,scan_executed_new_execution_bar,USDJPY,2025.06.12 06:45:00,0,
2025.06.12 07:09:57,scan_skipped_same_execution_bar,USDJPY,2025.06.12 06:45:00,0,
2025.06.12 07:19:58,scan_executed_new_execution_bar,USDJPY,2025.06.12 07:00:00,0,
2025.06.12 07:24:59,scan_skipped_same_execution_bar,USDJPY,2025.06.12 07:00:00,0,
2025.06.12 07:34:56,scan_executed_new_execution_bar,USDJPY,2025.06.12 07:15:00,0,
2025.06.12 07:39:57,scan_skipped_same_execution_bar,USDJPY,2025.06.12 07:15:00,0,
2025.06.12 07:49:57,scan_executed_new_execution_bar,USDJPY,2025.06.12 07:30:00,0,
2025.06.12 07:54:59,scan_skipped_same_execution_bar,USDJPY,2025.06.12 07:30:00,0,
2025.06.12 08:04:59,scan_executed_new_execution_bar,USDJPY,2025.06.12 07:45:00,0,
2025.06.12 08:09:59,scan_skipped_same_execution_bar,USDJPY,2025.06.12 07:45:00,0,
2025.06.12 08:19:59,scan_executed_new_execution_bar,USDJPY,2025.06.12 08:00:00,16,
2025.06.12 08:24:59,scan_skipped_same_execution_bar,USDJPY,2025.06.12 08:00:00,0,
2025.06.12 08:34:59,scan_executed_new_execution_bar,USDJPY,2025.06.12 08:15:00,0,
2025.06.12 08:39:58,scan_skipped_same_execution_bar,USDJPY,2025.06.12 08:15:00,0,
2025.06.12 08:49:59,scan_executed_new_execution_bar,USDJPY,2025.06.12 08:30:00,0,
2025.06.12 08:54:59,scan_skipped_same_execution_bar,USDJPY,2025.06.12 08:30:00,0,
2025.06.12 09:04:59,scan_executed_new_execution_bar,USDJPY,2025.06.12 08:45:00,0,
2025.06.12 09:09:59,scan_skipped_same_execution_bar,USDJPY,2025.06.12 08:45:00,0,
2025.06.12 09:19:59,scan_executed_new_execution_bar,USDJPY,2025.06.12 09:00:00,0,
2025.06.12 09:24:59,scan_skipped_same_execution_bar,USDJPY,2025.06.12 09:00:00,0,
2025.06.12 09:34:59,scan_executed_new_execution_bar,USDJPY,2025.06.12 09:15:00,0,
2025.06.12 09:39:59,scan_skipped_same_execution_bar,USDJPY,2025.06.12 09:15:00,0,
2025.06.12 09:49:59,scan_executed_new_execution_bar,USDJPY,2025.06.12 09:30:00,16,
2025.06.12 09:54:59,scan_skipped_same_execution_bar,USDJPY,2025.06.12 09:30:00,0,
2025.06.12 10:04:59,scan_executed_new_execution_bar,USDJPY,2025.06.12 09:45:00,0,
2025.06.12 10:09:59,scan_skipped_same_execution_bar,USDJPY,2025.06.12 09:45:00,0,
2025.06.12 10:19:59,scan_executed_new_execution_bar,USDJPY,2025.06.12 10:00:00,0,
2025.06.12 10:24:59,scan_skipped_same_execution_bar,USDJPY,2025.06.12 10:00:00,0,
2025.06.12 10:34:59,scan_executed_new_execution_bar,USDJPY,2025.06.12 10:15:00,31,
2025.06.12 10:39:59,scan_skipped_same_execution_bar,USDJPY,2025.06.12 10:15:00,0,
2025.06.12 10:49:59,scan_executed_new_execution_bar,USDJPY,2025.06.12 10:30:00,0,
2025.06.12 10:54:59,scan_skipped_same_execution_bar,USDJPY,2025.06.12 10:30:00,0,
2025.06.12 11:04:59,scan_executed_new_execution_bar,USDJPY,2025.06.12 10:45:00,16,
2025.06.12 11:09:59,scan_skipped_same_execution_bar,USDJPY,2025.06.12 10:45:00,0,
2025.06.12 11:19:59,scan_executed_new_execution_bar,USDJPY,2025.06.12 11:00:00,16,
2025.06.12 11:24:59,scan_skipped_same_execution_bar,USDJPY,2025.06.12 11:00:00,0,
2025.06.12 11:34:59,scan_executed_new_execution_bar,USDJPY,2025.06.12 11:15:00,0,
2025.06.12 11:39:59,scan_skipped_same_execution_bar,USDJPY,2025.06.12 11:15:00,0,
2025.06.12 11:49:59,scan_executed_new_execution_bar,USDJPY,2025.06.12 11:30:00,0,
2025.06.12 11:54:59,scan_skipped_same_execution_bar,USDJPY,2025.06.12 11:30:00,0,
2025.06.12 12:04:59,scan_executed_new_execution_bar,USDJPY,2025.06.12 11:45:00,15,
2025.06.12 12:09:59,scan_skipped_same_execution_bar,USDJPY,2025.06.12 11:45:00,0,
2025.06.12 12:19:59,scan_executed_new_execution_bar,USDJPY,2025.06.12 12:00:00,0,
2025.06.12 12:24:59,scan_skipped_same_execution_bar,USDJPY,2025.06.12 12:00:00,0,
2025.06.12 12:34:59,scan_executed_new_execution_bar,USDJPY,2025.06.12 12:15:00,16,
2025.06.12 12:39:59,scan_skipped_same_execution_bar,USDJPY,2025.06.12 12:15:00,0,
2025.06.12 12:49:59,scan_executed_new_execution_bar,USDJPY,2025.06.12 12:30:00,0,
2025.06.12 12:54:59,scan_skipped_same_execution_bar,USDJPY,2025.06.12 12:30:00,0,
2025.06.12 13:04:59,scan_executed_new_execution_bar,USDJPY,2025.06.12 12:45:00,0,
2025.06.12 13:10:00,scan_skipped_same_execution_bar,USDJPY,2025.06.12 12:45:00,0,
2025.06.12 13:20:00,scan_executed_new_execution_bar,USDJPY,2025.06.12 13:00:00,0,
2025.06.12 13:24:59,scan_skipped_same_execution_bar,USDJPY,2025.06.12 13:00:00,0,
2025.06.12 13:34:59,scan_executed_new_execution_bar,USDJPY,2025.06.12 13:15:00,0,
2025.06.12 13:39:59,scan_skipped_same_execution_bar,USDJPY,2025.06.12 13:15:00,0,
2025.06.12 13:49:59,scan_executed_new_execution_bar,USDJPY,2025.06.12 13:30:00,0,
2025.06.12 13:54:59,scan_skipped_same_execution_bar,USDJPY,2025.06.12 13:30:00,0,
2025.06.12 14:04:59,scan_executed_new_execution_bar,USDJPY,2025.06.12 13:45:00,0,
2025.06.12 14:09:59,scan_skipped_same_execution_bar,USDJPY,2025.06.12 13:45:00,0,
2025.06.12 14:19:59,scan_executed_new_execution_bar,USDJPY,2025.06.12 14:00:00,16,
2025.06.12 14:24:59,scan_skipped_same_execution_bar,USDJPY,2025.06.12 14:00:00,0,
2025.06.12 14:34:59,scan_executed_new_execution_bar,USDJPY,2025.06.12 14:15:00,16,
2025.06.12 14:39:59,scan_skipped_same_execution_bar,USDJPY,2025.06.12 14:15:00,0,
2025.06.12 14:49:59,scan_executed_new_execution_bar,USDJPY,2025.06.12 14:30:00,15,
2025.06.12 14:54:59,scan_skipped_same_execution_bar,USDJPY,2025.06.12 14:30:00,0,
2025.06.12 15:04:59,scan_executed_new_execution_bar,USDJPY,2025.06.12 14:45:00,0,
2025.06.12 15:09:58,scan_skipped_same_execution_bar,USDJPY,2025.06.12 14:45:00,0,
2025.06.12 15:20:00,scan_executed_new_execution_bar,USDJPY,2025.06.12 15:00:00,16,
2025.06.12 15:24:59,scan_skipped_same_execution_bar,USDJPY,2025.06.12 15:00:00,0,
2025.06.12 15:34:59,scan_executed_new_execution_bar,USDJPY,2025.06.12 15:15:00,15,
2025.06.12 15:39:59,scan_skipped_same_execution_bar,USDJPY,2025.06.12 15:15:00,0,
2025.06.12 15:49:59,scan_executed_new_execution_bar,USDJPY,2025.06.12 15:30:00,0,
2025.06.12 15:54:59,scan_skipped_same_execution_bar,USDJPY,2025.06.12 15:30:00,0,
2025.06.12 16:04:59,scan_executed_new_execution_bar,USDJPY,2025.06.12 15:45:00,31,
2025.06.12 16:09:59,scan_skipped_same_execution_bar,USDJPY,2025.06.12 15:45:00,0,
2025.06.12 16:19:59,scan_executed_new_execution_bar,USDJPY,2025.06.12 16:00:00,0,
2025.06.12 16:24:59,scan_skipped_same_execution_bar,USDJPY,2025.06.12 16:00:00,0,
2025.06.12 16:34:59,scan_executed_new_execution_bar,USDJPY,2025.06.12 16:15:00,0,
2025.06.12 16:39:59,scan_skipped_same_execution_bar,USDJPY,2025.06.12 16:15:00,0,
2025.06.12 16:49:59,scan_executed_new_execution_bar,USDJPY,2025.06.12 16:30:00,0,
2025.06.12 16:55:00,scan_skipped_same_execution_bar,USDJPY,2025.06.12 16:30:00,0,
2025.06.12 17:04:59,scan_executed_new_execution_bar,USDJPY,2025.06.12 16:45:00,0,
2025.06.12 17:09:59,scan_skipped_same_execution_bar,USDJPY,2025.06.12 16:45:00,0,
2025.06.12 17:19:59,scan_executed_new_execution_bar,USDJPY,2025.06.12 17:00:00,0,
2025.06.12 17:24:59,scan_skipped_same_execution_bar,USDJPY,2025.06.12 17:00:00,0,
2025.06.12 17:34:59,scan_executed_new_execution_bar,USDJPY,2025.06.12 17:15:00,0,
2025.06.12 17:39:59,scan_skipped_same_execution_bar,USDJPY,2025.06.12 17:15:00,0,
2025.06.12 17:49:59,scan_executed_new_execution_bar,USDJPY,2025.06.12 17:30:00,0,
2025.06.12 17:54:59,scan_skipped_same_execution_bar,USDJPY,2025.06.12 17:30:00,0,
2025.06.12 18:04:59,scan_executed_new_execution_bar,USDJPY,2025.06.12 17:45:00,0,
2025.06.12 18:09:59,scan_skipped_same_execution_bar,USDJPY,2025.06.12 17:45:00,0,
2025.06.12 18:19:59,scan_executed_new_execution_bar,USDJPY,2025.06.12 18:00:00,0,
2025.06.12 18:24:59,scan_skipped_same_execution_bar,USDJPY,2025.06.12 18:00:00,0,
2025.06.12 18:34:59,scan_executed_new_execution_bar,USDJPY,2025.06.12 18:15:00,0,
2025.06.12 18:39:59,scan_skipped_same_execution_bar,USDJPY,2025.06.12 18:15:00,0,
2025.06.12 18:49:59,scan_executed_new_execution_bar,USDJPY,2025.06.12 18:30:00,0,
2025.06.12 18:54:58,scan_skipped_same_execution_bar,USDJPY,2025.06.12 18:30:00,0,
2025.06.12 19:04:59,scan_executed_new_execution_bar,USDJPY,2025.06.12 18:45:00,0,
2025.06.12 19:09:59,scan_skipped_same_execution_bar,USDJPY,2025.06.12 18:45:00,0,
2025.06.12 19:19:59,scan_executed_new_execution_bar,USDJPY,2025.06.12 19:00:00,0,
2025.06.12 19:24:59,scan_skipped_same_execution_bar,USDJPY,2025.06.12 19:00:00,0,
2025.06.12 19:34:59,scan_executed_new_execution_bar,USDJPY,2025.06.12 19:15:00,0,
2025.06.12 19:39:59,scan_skipped_same_execution_bar,USDJPY,2025.06.12 19:15:00,0,
2025.06.12 19:49:59,scan_executed_new_execution_bar,USDJPY,2025.06.12 19:30:00,0,
2025.06.12 19:54:59,scan_skipped_same_execution_bar,USDJPY,2025.06.12 19:30:00,0,
2025.06.12 20:04:59,scan_executed_new_execution_bar,USDJPY,2025.06.12 19:45:00,0,
2025.06.12 20:09:59,scan_skipped_same_execution_bar,USDJPY,2025.06.12 19:45:00,0,
2025.06.12 20:19:58,scan_executed_new_execution_bar,USDJPY,2025.06.12 20:00:00,16,
2025.06.12 20:24:59,scan_skipped_same_execution_bar,USDJPY,2025.06.12 20:00:00,0,
2025.06.12 20:34:59,scan_executed_new_execution_bar,USDJPY,2025.06.12 20:15:00,15,
2025.06.12 20:39:59,scan_skipped_same_execution_bar,USDJPY,2025.06.12 20:15:00,0,
2025.06.12 20:49:59,scan_executed_new_execution_bar,USDJPY,2025.06.12 20:30:00,0,
2025.06.12 20:54:58,scan_skipped_same_execution_bar,USDJPY,2025.06.12 20:30:00,0,
2025.06.12 21:04:59,scan_executed_new_execution_bar,USDJPY,2025.06.12 20:45:00,0,
2025.06.12 21:09:59,scan_skipped_same_execution_bar,USDJPY,2025.06.12 20:45:00,0,
2025.06.12 21:19:58,scan_executed_new_execution_bar,USDJPY,2025.06.12 21:00:00,0,
2025.06.12 21:24:59,scan_skipped_same_execution_bar,USDJPY,2025.06.12 21:00:00,0,
2025.06.12 21:34:58,scan_executed_new_execution_bar,USDJPY,2025.06.12 21:15:00,0,
2025.06.12 21:39:59,scan_skipped_same_execution_bar,USDJPY,2025.06.12 21:15:00,0,
2025.06.12 21:49:59,scan_executed_new_execution_bar,USDJPY,2025.06.12 21:30:00,0,
2025.06.12 21:54:59,scan_skipped_same_execution_bar,USDJPY,2025.06.12 21:30:00,0,
2025.06.12 22:04:59,scan_executed_new_execution_bar,USDJPY,2025.06.12 21:45:00,0,
2025.06.12 22:09:59,scan_skipped_same_execution_bar,USDJPY,2025.06.12 21:45:00,0,
2025.06.12 22:19:59,scan_executed_new_execution_bar,USDJPY,2025.06.12 22:00:00,0,
2025.06.12 22:24:59,scan_skipped_same_execution_bar,USDJPY,2025.06.12 22:00:00,0,
2025.06.12 22:34:59,scan_executed_new_execution_bar,USDJPY,2025.06.12 22:15:00,0,
2025.06.12 22:39:56,scan_skipped_same_execution_bar,USDJPY,2025.06.12 22:15:00,0,
2025.06.12 22:49:59,scan_executed_new_execution_bar,USDJPY,2025.06.12 22:30:00,0,
2025.06.12 22:54:59,scan_skipped_same_execution_bar,USDJPY,2025.06.12 22:30:00,0,
2025.06.12 23:04:56,scan_executed_new_execution_bar,USDJPY,2025.06.12 22:45:00,0,
2025.06.12 23:09:59,scan_skipped_same_execution_bar,USDJPY,2025.06.12 22:45:00,0,
2025.06.12 23:19:58,scan_executed_new_execution_bar,USDJPY,2025.06.12 23:00:00,0,
2025.06.12 23:24:58,scan_skipped_same_execution_bar,USDJPY,2025.06.12 23:00:00,0,
2025.06.12 23:34:59,scan_executed_new_execution_bar,USDJPY,2025.06.12 23:15:00,0,
2025.06.12 23:39:59,scan_skipped_same_execution_bar,USDJPY,2025.06.12 23:15:00,0,
2025.06.12 23:49:59,scan_executed_new_execution_bar,USDJPY,2025.06.12 23:30:00,0,
2025.06.12 23:54:59,scan_skipped_same_execution_bar,USDJPY,2025.06.12 23:30:00,0,
2025.06.13 00:04:55,scan_executed_new_execution_bar,USDJPY,2025.06.12 23:45:00,0,
2025.06.13 00:10:00,scan_skipped_same_execution_bar,USDJPY,2025.06.12 23:45:00,0,
2025.06.13 00:19:59,scan_executed_new_execution_bar,USDJPY,2025.06.13 00:00:00,0,
2025.06.13 00:24:59,scan_skipped_same_execution_bar,USDJPY,2025.06.13 00:00:00,0,
2025.06.13 00:34:57,scan_executed_new_execution_bar,USDJPY,2025.06.13 00:15:00,0,
2025.06.13 00:39:57,scan_skipped_same_execution_bar,USDJPY,2025.06.13 00:15:00,0,
2025.06.13 00:49:58,scan_executed_new_execution_bar,USDJPY,2025.06.13 00:30:00,0,
2025.06.13 00:54:58,scan_skipped_same_execution_bar,USDJPY,2025.06.13 00:30:00,0,
2025.06.13 01:05:00,scan_executed_new_execution_bar,USDJPY,2025.06.13 00:45:00,16,
2025.06.13 01:09:58,scan_skipped_same_execution_bar,USDJPY,2025.06.13 00:45:00,0,
2025.06.13 01:19:59,scan_executed_new_execution_bar,USDJPY,2025.06.13 01:00:00,0,
2025.06.13 01:24:59,scan_skipped_same_execution_bar,USDJPY,2025.06.13 01:00:00,0,
2025.06.13 01:34:59,scan_executed_new_execution_bar,USDJPY,2025.06.13 01:15:00,15,
2025.06.13 01:39:59,scan_skipped_same_execution_bar,USDJPY,2025.06.13 01:15:00,0,
2025.06.13 01:49:57,scan_executed_new_execution_bar,USDJPY,2025.06.13 01:30:00,16,
2025.06.13 01:54:56,scan_skipped_same_execution_bar,USDJPY,2025.06.13 01:30:00,0,
2025.06.13 02:04:58,scan_executed_new_execution_bar,USDJPY,2025.06.13 01:45:00,0,
2025.06.13 02:09:58,scan_skipped_same_execution_bar,USDJPY,2025.06.13 01:45:00,0,
2025.06.13 02:19:59,scan_executed_new_execution_bar,USDJPY,2025.06.13 02:00:00,0,
2025.06.13 02:24:58,scan_skipped_same_execution_bar,USDJPY,2025.06.13 02:00:00,0,
2025.06.13 02:34:59,scan_executed_new_execution_bar,USDJPY,2025.06.13 02:15:00,16,
2025.06.13 02:39:59,scan_skipped_same_execution_bar,USDJPY,2025.06.13 02:15:00,0,
2025.06.13 02:49:59,scan_executed_new_execution_bar,USDJPY,2025.06.13 02:30:00,0,
2025.06.13 02:54:59,scan_skipped_same_execution_bar,USDJPY,2025.06.13 02:30:00,0,
2025.06.13 03:04:59,scan_executed_new_execution_bar,USDJPY,2025.06.13 02:45:00,0,
2025.06.13 03:09:59,scan_skipped_same_execution_bar,USDJPY,2025.06.13 02:45:00,0,
2025.06.13 03:19:59,scan_executed_new_execution_bar,USDJPY,2025.06.13 03:00:00,0,
2025.06.13 03:24:59,scan_skipped_same_execution_bar,USDJPY,2025.06.13 03:00:00,0,
2025.06.13 03:34:59,scan_executed_new_execution_bar,USDJPY,2025.06.13 03:15:00,0,
2025.06.13 03:39:59,scan_skipped_same_execution_bar,USDJPY,2025.06.13 03:15:00,0,
2025.06.13 03:49:59,scan_executed_new_execution_bar,USDJPY,2025.06.13 03:30:00,0,
2025.06.13 03:54:59,scan_skipped_same_execution_bar,USDJPY,2025.06.13 03:30:00,0,
2025.06.13 04:04:59,scan_executed_new_execution_bar,USDJPY,2025.06.13 03:45:00,15,
2025.06.13 04:09:59,scan_skipped_same_execution_bar,USDJPY,2025.06.13 03:45:00,0,
2025.06.13 04:19:59,scan_executed_new_execution_bar,USDJPY,2025.06.13 04:00:00,0,
2025.06.13 04:24:59,scan_skipped_same_execution_bar,USDJPY,2025.06.13 04:00:00,0,
2025.06.13 04:34:59,scan_executed_new_execution_bar,USDJPY,2025.06.13 04:15:00,16,
2025.06.13 04:39:59,scan_skipped_same_execution_bar,USDJPY,2025.06.13 04:15:00,0,
2025.06.13 04:49:59,scan_executed_new_execution_bar,USDJPY,2025.06.13 04:30:00,31,
2025.06.13 04:54:59,scan_skipped_same_execution_bar,USDJPY,2025.06.13 04:30:00,0,
2025.06.13 05:04:59,scan_executed_new_execution_bar,USDJPY,2025.06.13 04:45:00,15,
2025.06.13 05:09:59,scan_skipped_same_execution_bar,USDJPY,2025.06.13 04:45:00,0,
2025.06.13 05:19:59,scan_executed_new_execution_bar,USDJPY,2025.06.13 05:00:00,0,
2025.06.13 05:24:59,scan_skipped_same_execution_bar,USDJPY,2025.06.13 05:00:00,0,
2025.06.13 05:34:59,scan_executed_new_execution_bar,USDJPY,2025.06.13 05:15:00,0,
2025.06.13 05:39:59,scan_skipped_same_execution_bar,USDJPY,2025.06.13 05:15:00,0,
2025.06.13 05:49:59,scan_executed_new_execution_bar,USDJPY,2025.06.13 05:30:00,0,
2025.06.13 05:54:59,scan_skipped_same_execution_bar,USDJPY,2025.06.13 05:30:00,0,
2025.06.13 06:04:59,scan_executed_new_execution_bar,USDJPY,2025.06.13 05:45:00,47,
2025.06.13 06:09:59,scan_skipped_same_execution_bar,USDJPY,2025.06.13 05:45:00,0,
2025.06.13 06:19:59,scan_executed_new_execution_bar,USDJPY,2025.06.13 06:00:00,31,
2025.06.13 06:24:59,scan_skipped_same_execution_bar,USDJPY,2025.06.13 06:00:00,0,
2025.06.13 06:34:59,scan_executed_new_execution_bar,USDJPY,2025.06.13 06:15:00,0,
2025.06.13 06:39:59,scan_skipped_same_execution_bar,USDJPY,2025.06.13 06:15:00,0,
2025.06.13 06:50:00,scan_executed_new_execution_bar,USDJPY,2025.06.13 06:30:00,0,
2025.06.13 06:54:59,scan_skipped_same_execution_bar,USDJPY,2025.06.13 06:30:00,0,
2025.06.13 07:04:59,scan_executed_new_execution_bar,USDJPY,2025.06.13 06:45:00,31,
2025.06.13 07:09:59,scan_skipped_same_execution_bar,USDJPY,2025.06.13 06:45:00,0,
2025.06.13 07:19:59,scan_executed_new_execution_bar,USDJPY,2025.06.13 07:00:00,0,
2025.06.13 07:24:59,scan_skipped_same_execution_bar,USDJPY,2025.06.13 07:00:00,0,
2025.06.13 07:34:59,scan_executed_new_execution_bar,USDJPY,2025.06.13 07:15:00,0,
2025.06.13 07:39:59,scan_skipped_same_execution_bar,USDJPY,2025.06.13 07:15:00,0,
2025.06.13 07:49:58,scan_executed_new_execution_bar,USDJPY,2025.06.13 07:30:00,31,
2025.06.13 07:54:59,scan_skipped_same_execution_bar,USDJPY,2025.06.13 07:30:00,0,
2025.06.13 08:04:59,scan_executed_new_execution_bar,USDJPY,2025.06.13 07:45:00,0,
2025.06.13 08:09:59,scan_skipped_same_execution_bar,USDJPY,2025.06.13 07:45:00,0,
2025.06.13 08:19:59,scan_executed_new_execution_bar,USDJPY,2025.06.13 08:00:00,47,
2025.06.13 08:24:59,scan_skipped_same_execution_bar,USDJPY,2025.06.13 08:00:00,0,
2025.06.13 08:34:59,scan_executed_new_execution_bar,USDJPY,2025.06.13 08:15:00,0,
2025.06.13 08:39:57,scan_skipped_same_execution_bar,USDJPY,2025.06.13 08:15:00,0,
2025.06.13 08:49:59,scan_executed_new_execution_bar,USDJPY,2025.06.13 08:30:00,16,
2025.06.13 08:54:59,scan_skipped_same_execution_bar,USDJPY,2025.06.13 08:30:00,0,
2025.06.13 09:04:59,scan_executed_new_execution_bar,USDJPY,2025.06.13 08:45:00,62,
2025.06.13 09:09:59,scan_skipped_same_execution_bar,USDJPY,2025.06.13 08:45:00,0,
2025.06.13 09:19:59,scan_executed_new_execution_bar,USDJPY,2025.06.13 09:00:00,0,
2025.06.13 09:24:59,scan_skipped_same_execution_bar,USDJPY,2025.06.13 09:00:00,0,
2025.06.13 09:34:59,scan_executed_new_execution_bar,USDJPY,2025.06.13 09:15:00,0,
2025.06.13 09:39:59,scan_skipped_same_execution_bar,USDJPY,2025.06.13 09:15:00,0,
2025.06.13 09:49:59,scan_executed_new_execution_bar,USDJPY,2025.06.13 09:30:00,0,
2025.06.13 09:54:59,scan_skipped_same_execution_bar,USDJPY,2025.06.13 09:30:00,0,
2025.06.13 10:04:59,scan_executed_new_execution_bar,USDJPY,2025.06.13 09:45:00,0,
2025.06.13 10:09:59,scan_skipped_same_execution_bar,USDJPY,2025.06.13 09:45:00,0,
2025.06.13 10:19:58,scan_executed_new_execution_bar,USDJPY,2025.06.13 10:00:00,0,
2025.06.13 10:25:00,scan_skipped_same_execution_bar,USDJPY,2025.06.13 10:00:00,0,
2025.06.13 10:34:59,scan_executed_new_execution_bar,USDJPY,2025.06.13 10:15:00,0,
2025.06.13 10:39:59,scan_skipped_same_execution_bar,USDJPY,2025.06.13 10:15:00,0,
2025.06.13 10:49:59,scan_executed_new_execution_bar,USDJPY,2025.06.13 10:30:00,0,
2025.06.13 10:54:59,scan_skipped_same_execution_bar,USDJPY,2025.06.13 10:30:00,0,
2025.06.13 11:04:59,scan_executed_new_execution_bar,USDJPY,2025.06.13 10:45:00,15,
2025.06.13 11:09:59,scan_skipped_same_execution_bar,USDJPY,2025.06.13 10:45:00,0,
2025.06.13 11:19:59,scan_executed_new_execution_bar,USDJPY,2025.06.13 11:00:00,16,
2025.06.13 11:24:59,scan_skipped_same_execution_bar,USDJPY,2025.06.13 11:00:00,0,
2025.06.13 11:34:58,scan_executed_new_execution_bar,USDJPY,2025.06.13 11:15:00,31,
2025.06.13 11:39:59,scan_skipped_same_execution_bar,USDJPY,2025.06.13 11:15:00,0,
2025.06.13 11:50:00,scan_executed_new_execution_bar,USDJPY,2025.06.13 11:30:00,31,
2025.06.13 11:54:59,scan_skipped_same_execution_bar,USDJPY,2025.06.13 11:30:00,0,
2025.06.13 12:04:59,scan_executed_new_execution_bar,USDJPY,2025.06.13 11:45:00,0,
2025.06.13 12:09:59,scan_skipped_same_execution_bar,USDJPY,2025.06.13 11:45:00,0,
2025.06.13 12:19:59,scan_executed_new_execution_bar,USDJPY,2025.06.13 12:00:00,0,
2025.06.13 12:24:59,scan_skipped_same_execution_bar,USDJPY,2025.06.13 12:00:00,0,
2025.06.13 12:34:59,scan_executed_new_execution_bar,USDJPY,2025.06.13 12:15:00,0,
2025.06.13 12:39:59,scan_skipped_same_execution_bar,USDJPY,2025.06.13 12:15:00,0,
2025.06.13 12:49:59,scan_executed_new_execution_bar,USDJPY,2025.06.13 12:30:00,0,
2025.06.13 12:54:59,scan_skipped_same_execution_bar,USDJPY,2025.06.13 12:30:00,0,
2025.06.13 13:04:59,scan_executed_new_execution_bar,USDJPY,2025.06.13 12:45:00,0,
2025.06.13 13:09:59,scan_skipped_same_execution_bar,USDJPY,2025.06.13 12:45:00,0,
2025.06.13 13:19:59,scan_executed_new_execution_bar,USDJPY,2025.06.13 13:00:00,15,
2025.06.13 13:24:59,scan_skipped_same_execution_bar,USDJPY,2025.06.13 13:00:00,0,
2025.06.13 13:34:59,scan_executed_new_execution_bar,USDJPY,2025.06.13 13:15:00,16,
2025.06.13 13:39:59,scan_skipped_same_execution_bar,USDJPY,2025.06.13 13:15:00,0,
2025.06.13 13:49:59,scan_executed_new_execution_bar,USDJPY,2025.06.13 13:30:00,0,
2025.06.13 13:54:59,scan_skipped_same_execution_bar,USDJPY,2025.06.13 13:30:00,0,
2025.06.13 14:04:59,scan_executed_new_execution_bar,USDJPY,2025.06.13 13:45:00,0,
2025.06.13 14:09:59,scan_skipped_same_execution_bar,USDJPY,2025.06.13 13:45:00,0,
2025.06.13 14:19:59,scan_executed_new_execution_bar,USDJPY,2025.06.13 14:00:00,16,
2025.06.13 14:24:59,scan_skipped_same_execution_bar,USDJPY,2025.06.13 14:00:00,0,
2025.06.13 14:34:59,scan_executed_new_execution_bar,USDJPY,2025.06.13 14:15:00,62,
2025.06.13 14:39:59,scan_skipped_same_execution_bar,USDJPY,2025.06.13 14:15:00,0,
2025.06.13 14:49:59,scan_executed_new_execution_bar,USDJPY,2025.06.13 14:30:00,47,
2025.06.13 14:54:58,scan_skipped_same_execution_bar,USDJPY,2025.06.13 14:30:00,0,
2025.06.13 15:04:59,scan_executed_new_execution_bar,USDJPY,2025.06.13 14:45:00,31,
2025.06.13 15:09:59,scan_skipped_same_execution_bar,USDJPY,2025.06.13 14:45:00,0,
2025.06.13 15:19:59,scan_executed_new_execution_bar,USDJPY,2025.06.13 15:00:00,0,
2025.06.13 15:24:59,scan_skipped_same_execution_bar,USDJPY,2025.06.13 15:00:00,0,
2025.06.13 15:34:59,scan_executed_new_execution_bar,USDJPY,2025.06.13 15:15:00,0,
2025.06.13 15:39:59,scan_skipped_same_execution_bar,USDJPY,2025.06.13 15:15:00,0,
2025.06.13 15:49:59,scan_executed_new_execution_bar,USDJPY,2025.06.13 15:30:00,31,
2025.06.13 15:54:59,scan_skipped_same_execution_bar,USDJPY,2025.06.13 15:30:00,0,
2025.06.13 16:04:59,scan_executed_new_execution_bar,USDJPY,2025.06.13 15:45:00,0,
2025.06.13 16:09:59,scan_skipped_same_execution_bar,USDJPY,2025.06.13 15:45:00,0,
2025.06.13 16:20:00,scan_executed_new_execution_bar,USDJPY,2025.06.13 16:00:00,0,
2025.06.13 16:24:59,scan_skipped_same_execution_bar,USDJPY,2025.06.13 16:00:00,0,
2025.06.13 16:34:59,scan_executed_new_execution_bar,USDJPY,2025.06.13 16:15:00,16,
2025.06.13 16:39:59,scan_skipped_same_execution_bar,USDJPY,2025.06.13 16:15:00,0,
2025.06.13 16:49:59,scan_executed_new_execution_bar,USDJPY,2025.06.13 16:30:00,31,
2025.06.13 16:54:59,scan_skipped_same_execution_bar,USDJPY,2025.06.13 16:30:00,0,
2025.06.13 17:04:59,scan_executed_new_execution_bar,USDJPY,2025.06.13 16:45:00,31,
2025.06.13 17:09:59,scan_skipped_same_execution_bar,USDJPY,2025.06.13 16:45:00,0,
2025.06.13 17:19:59,scan_executed_new_execution_bar,USDJPY,2025.06.13 17:00:00,0,
2025.06.13 17:24:59,scan_skipped_same_execution_bar,USDJPY,2025.06.13 17:00:00,0,
2025.06.13 17:34:59,scan_executed_new_execution_bar,USDJPY,2025.06.13 17:15:00,0,
2025.06.13 17:39:59,scan_skipped_same_execution_bar,USDJPY,2025.06.13 17:15:00,0,
2025.06.13 17:49:59,scan_executed_new_execution_bar,USDJPY,2025.06.13 17:30:00,0,
2025.06.13 17:54:59,scan_skipped_same_execution_bar,USDJPY,2025.06.13 17:30:00,0,
2025.06.13 18:04:59,scan_executed_new_execution_bar,USDJPY,2025.06.13 17:45:00,0,
2025.06.13 18:09:59,scan_skipped_same_execution_bar,USDJPY,2025.06.13 17:45:00,0,
2025.06.13 18:19:59,scan_executed_new_execution_bar,USDJPY,2025.06.13 18:00:00,0,
2025.06.13 18:24:59,scan_skipped_same_execution_bar,USDJPY,2025.06.13 18:00:00,0,
2025.06.13 18:34:59,scan_executed_new_execution_bar,USDJPY,2025.06.13 18:15:00,0,
2025.06.13 18:39:59,scan_skipped_same_execution_bar,USDJPY,2025.06.13 18:15:00,0,
2025.06.13 18:49:59,scan_executed_new_execution_bar,USDJPY,2025.06.13 18:30:00,0,
2025.06.13 18:54:59,scan_skipped_same_execution_bar,USDJPY,2025.06.13 18:30:00,0,
2025.06.13 19:04:59,scan_executed_new_execution_bar,USDJPY,2025.06.13 18:45:00,47,
2025.06.13 19:09:59,scan_skipped_same_execution_bar,USDJPY,2025.06.13 18:45:00,0,
2025.06.13 19:19:59,scan_executed_new_execution_bar,USDJPY,2025.06.13 19:00:00,0,
2025.06.13 19:24:59,scan_skipped_same_execution_bar,USDJPY,2025.06.13 19:00:00,0,
2025.06.13 19:34:59,scan_executed_new_execution_bar,USDJPY,2025.06.13 19:15:00,0,
2025.06.13 19:39:59,scan_skipped_same_execution_bar,USDJPY,2025.06.13 19:15:00,0,
2025.06.13 19:49:59,scan_executed_new_execution_bar,USDJPY,2025.06.13 19:30:00,0,
2025.06.13 19:54:58,scan_skipped_same_execution_bar,USDJPY,2025.06.13 19:30:00,0,
2025.06.13 20:04:58,scan_executed_new_execution_bar,USDJPY,2025.06.13 19:45:00,15,
2025.06.13 20:09:59,scan_skipped_same_execution_bar,USDJPY,2025.06.13 19:45:00,0,
2025.06.13 20:19:59,scan_executed_new_execution_bar,USDJPY,2025.06.13 20:00:00,47,
2025.06.13 20:24:59,scan_skipped_same_execution_bar,USDJPY,2025.06.13 20:00:00,0,
2025.06.13 20:34:59,scan_executed_new_execution_bar,USDJPY,2025.06.13 20:15:00,16,
2025.06.13 20:39:59,scan_skipped_same_execution_bar,USDJPY,2025.06.13 20:15:00,0,
2025.06.13 20:49:59,scan_executed_new_execution_bar,USDJPY,2025.06.13 20:30:00,0,
2025.06.13 20:54:59,scan_skipped_same_execution_bar,USDJPY,2025.06.13 20:30:00,0,
2025.06.13 21:04:59,scan_executed_new_execution_bar,USDJPY,2025.06.13 20:45:00,0,
2025.06.13 21:09:59,scan_skipped_same_execution_bar,USDJPY,2025.06.13 20:45:00,0,
2025.06.13 21:19:58,scan_executed_new_execution_bar,USDJPY,2025.06.13 21:00:00,16,
2025.06.13 21:24:59,scan_skipped_same_execution_bar,USDJPY,2025.06.13 21:00:00,0,
2025.06.13 21:34:59,scan_executed_new_execution_bar,USDJPY,2025.06.13 21:15:00,15,
2025.06.13 21:39:58,scan_skipped_same_execution_bar,USDJPY,2025.06.13 21:15:00,0,
2025.06.13 21:49:59,scan_executed_new_execution_bar,USDJPY,2025.06.13 21:30:00,0,
2025.06.13 21:54:59,scan_skipped_same_execution_bar,USDJPY,2025.06.13 21:30:00,0,
2025.06.13 22:04:59,scan_executed_new_execution_bar,USDJPY,2025.06.13 21:45:00,0,
2025.06.13 22:09:59,scan_skipped_same_execution_bar,USDJPY,2025.06.13 21:45:00,0,
2025.06.13 22:19:59,scan_executed_new_execution_bar,USDJPY,2025.06.13 22:00:00,0,
2025.06.13 22:24:59,scan_skipped_same_execution_bar,USDJPY,2025.06.13 22:00:00,0,
2025.06.13 22:34:59,scan_executed_new_execution_bar,USDJPY,2025.06.13 22:15:00,0,
2025.06.13 22:39:58,scan_skipped_same_execution_bar,USDJPY,2025.06.13 22:15:00,0,
2025.06.13 22:49:59,scan_executed_new_execution_bar,USDJPY,2025.06.13 22:30:00,0,
2025.06.13 22:54:59,scan_skipped_same_execution_bar,USDJPY,2025.06.13 22:30:00,0,
2025.06.13 23:04:59,scan_executed_new_execution_bar,USDJPY,2025.06.13 22:45:00,15,
2025.06.13 23:09:59,scan_skipped_same_execution_bar,USDJPY,2025.06.13 22:45:00,0,
2025.06.13 23:19:59,scan_executed_new_execution_bar,USDJPY,2025.06.13 23:00:00,16,
2025.06.13 23:24:59,scan_skipped_same_execution_bar,USDJPY,2025.06.13 23:00:00,0,
2025.06.13 23:35:00,scan_executed_new_execution_bar,USDJPY,2025.06.13 23:15:00,0,
2025.06.13 23:39:58,scan_skipped_same_execution_bar,USDJPY,2025.06.13 23:15:00,0,
2025.06.13 23:49:59,scan_executed_new_execution_bar,USDJPY,2025.06.13 23:30:00,0,
2025.06.13 23:54:20,scan_skipped_same_execution_bar,USDJPY,2025.06.13 23:30:00,0,
2025.06.16 00:04:55,scan_executed_new_execution_bar,USDJPY,2025.06.13 23:45:00,0,
2025.06.16 00:09:59,scan_skipped_same_execution_bar,USDJPY,2025.06.13 23:45:00,0,
2025.06.16 00:19:59,scan_executed_new_execution_bar,USDJPY,2025.06.16 00:00:00,0,
2025.06.16 00:24:59,scan_skipped_same_execution_bar,USDJPY,2025.06.16 00:00:00,0,
2025.06.16 00:34:59,scan_executed_new_execution_bar,USDJPY,2025.06.16 00:15:00,0,
2025.06.16 00:39:59,scan_skipped_same_execution_bar,USDJPY,2025.06.16 00:15:00,0,
2025.06.16 00:49:58,scan_executed_new_execution_bar,USDJPY,2025.06.16 00:30:00,0,
2025.06.16 00:54:59,scan_skipped_same_execution_bar,USDJPY,2025.06.16 00:30:00,0,
2025.06.16 01:04:59,scan_executed_new_execution_bar,USDJPY,2025.06.16 00:45:00,0,
2025.06.16 01:10:00,scan_skipped_same_execution_bar,USDJPY,2025.06.16 00:45:00,0,
2025.06.16 01:19:59,scan_executed_new_execution_bar,USDJPY,2025.06.16 01:00:00,0,
2025.06.16 01:24:59,scan_skipped_same_execution_bar,USDJPY,2025.06.16 01:00:00,0,
2025.06.16 01:34:59,scan_executed_new_execution_bar,USDJPY,2025.06.16 01:15:00,0,
2025.06.16 01:39:59,scan_skipped_same_execution_bar,USDJPY,2025.06.16 01:15:00,0,
2025.06.16 01:49:59,scan_executed_new_execution_bar,USDJPY,2025.06.16 01:30:00,0,
2025.06.16 01:54:59,scan_skipped_same_execution_bar,USDJPY,2025.06.16 01:30:00,0,
2025.06.16 02:04:59,scan_executed_new_execution_bar,USDJPY,2025.06.16 01:45:00,16,
2025.06.16 02:09:59,scan_skipped_same_execution_bar,USDJPY,2025.06.16 01:45:00,0,
2025.06.16 02:19:59,scan_executed_new_execution_bar,USDJPY,2025.06.16 02:00:00,0,
2025.06.16 02:24:59,scan_skipped_same_execution_bar,USDJPY,2025.06.16 02:00:00,0,
2025.06.16 02:34:58,scan_executed_new_execution_bar,USDJPY,2025.06.16 02:15:00,94,
2025.06.16 02:39:58,scan_skipped_same_execution_bar,USDJPY,2025.06.16 02:15:00,0,
2025.06.16 02:49:57,scan_executed_new_execution_bar,USDJPY,2025.06.16 02:30:00,15,
2025.06.16 02:54:59,scan_skipped_same_execution_bar,USDJPY,2025.06.16 02:30:00,0,
2025.06.16 03:04:59,scan_executed_new_execution_bar,USDJPY,2025.06.16 02:45:00,0,
2025.06.16 03:09:59,scan_skipped_same_execution_bar,USDJPY,2025.06.16 02:45:00,0,
2025.06.16 03:19:59,scan_executed_new_execution_bar,USDJPY,2025.06.16 03:00:00,78,
2025.06.16 03:24:59,scan_skipped_same_execution_bar,USDJPY,2025.06.16 03:00:00,0,
2025.06.16 03:34:59,scan_executed_new_execution_bar,USDJPY,2025.06.16 03:15:00,0,
2025.06.16 03:39:59,scan_skipped_same_execution_bar,USDJPY,2025.06.16 03:15:00,0,
2025.06.16 03:49:59,scan_executed_new_execution_bar,USDJPY,2025.06.16 03:30:00,32,
2025.06.16 03:54:59,scan_skipped_same_execution_bar,USDJPY,2025.06.16 03:30:00,0,
2025.06.16 04:04:59,scan_executed_new_execution_bar,USDJPY,2025.06.16 03:45:00,31,
2025.06.16 04:09:59,scan_skipped_same_execution_bar,USDJPY,2025.06.16 03:45:00,0,
2025.06.16 04:19:59,scan_executed_new_execution_bar,USDJPY,2025.06.16 04:00:00,0,
2025.06.16 04:24:59,scan_skipped_same_execution_bar,USDJPY,2025.06.16 04:00:00,0,
2025.06.16 04:34:59,scan_executed_new_execution_bar,USDJPY,2025.06.16 04:15:00,0,
2025.06.16 04:39:59,scan_skipped_same_execution_bar,USDJPY,2025.06.16 04:15:00,0,
2025.06.16 04:49:59,scan_executed_new_execution_bar,USDJPY,2025.06.16 04:30:00,0,
2025.06.16 04:54:59,scan_skipped_same_execution_bar,USDJPY,2025.06.16 04:30:00,0,
2025.06.16 05:04:59,scan_executed_new_execution_bar,USDJPY,2025.06.16 04:45:00,0,
2025.06.16 05:09:59,scan_skipped_same_execution_bar,USDJPY,2025.06.16 04:45:00,0,
2025.06.16 05:19:59,scan_executed_new_execution_bar,USDJPY,2025.06.16 05:00:00,0,
2025.06.16 05:24:59,scan_skipped_same_execution_bar,USDJPY,2025.06.16 05:00:00,0,
2025.06.16 05:34:57,scan_executed_new_execution_bar,USDJPY,2025.06.16 05:15:00,0,
2025.06.16 05:39:59,scan_skipped_same_execution_bar,USDJPY,2025.06.16 05:15:00,0,
2025.06.16 05:49:59,scan_executed_new_execution_bar,USDJPY,2025.06.16 05:30:00,0,
2025.06.16 05:54:59,scan_skipped_same_execution_bar,USDJPY,2025.06.16 05:30:00,0,
2025.06.16 06:04:59,scan_executed_new_execution_bar,USDJPY,2025.06.16 05:45:00,0,
2025.06.16 06:09:59,scan_skipped_same_execution_bar,USDJPY,2025.06.16 05:45:00,0,
2025.06.16 06:19:59,scan_executed_new_execution_bar,USDJPY,2025.06.16 06:00:00,0,
2025.06.16 06:24:59,scan_skipped_same_execution_bar,USDJPY,2025.06.16 06:00:00,0,
2025.06.16 06:34:58,scan_executed_new_execution_bar,USDJPY,2025.06.16 06:15:00,16,
2025.06.16 06:39:59,scan_skipped_same_execution_bar,USDJPY,2025.06.16 06:15:00,0,
2025.06.16 06:49:59,scan_executed_new_execution_bar,USDJPY,2025.06.16 06:30:00,0,
2025.06.16 06:54:59,scan_skipped_same_execution_bar,USDJPY,2025.06.16 06:30:00,0,
2025.06.16 07:04:59,scan_executed_new_execution_bar,USDJPY,2025.06.16 06:45:00,0,
2025.06.16 07:09:59,scan_skipped_same_execution_bar,USDJPY,2025.06.16 06:45:00,0,
2025.06.16 07:19:59,scan_executed_new_execution_bar,USDJPY,2025.06.16 07:00:00,16,
2025.06.16 07:24:59,scan_skipped_same_execution_bar,USDJPY,2025.06.16 07:00:00,0,
2025.06.16 07:34:59,scan_executed_new_execution_bar,USDJPY,2025.06.16 07:15:00,0,
2025.06.16 07:39:59,scan_skipped_same_execution_bar,USDJPY,2025.06.16 07:15:00,0,
2025.06.16 07:49:59,scan_executed_new_execution_bar,USDJPY,2025.06.16 07:30:00,0,
2025.06.16 07:54:56,scan_skipped_same_execution_bar,USDJPY,2025.06.16 07:30:00,0,
2025.06.16 08:04:59,scan_executed_new_execution_bar,USDJPY,2025.06.16 07:45:00,0,
2025.06.16 08:09:59,scan_skipped_same_execution_bar,USDJPY,2025.06.16 07:45:00,0,
2025.06.16 08:19:59,scan_executed_new_execution_bar,USDJPY,2025.06.16 08:00:00,0,
2025.06.16 08:24:59,scan_skipped_same_execution_bar,USDJPY,2025.06.16 08:00:00,0,
2025.06.16 08:34:57,scan_executed_new_execution_bar,USDJPY,2025.06.16 08:15:00,0,
2025.06.16 08:39:59,scan_skipped_same_execution_bar,USDJPY,2025.06.16 08:15:00,0,
2025.06.16 08:49:59,scan_executed_new_execution_bar,USDJPY,2025.06.16 08:30:00,0,
2025.06.16 08:54:59,scan_skipped_same_execution_bar,USDJPY,2025.06.16 08:30:00,0,
2025.06.16 09:04:59,scan_executed_new_execution_bar,USDJPY,2025.06.16 08:45:00,15,
2025.06.16 09:09:58,scan_skipped_same_execution_bar,USDJPY,2025.06.16 08:45:00,0,
2025.06.16 09:19:59,scan_executed_new_execution_bar,USDJPY,2025.06.16 09:00:00,0,
2025.06.16 09:24:59,scan_skipped_same_execution_bar,USDJPY,2025.06.16 09:00:00,0,
2025.06.16 09:34:59,scan_executed_new_execution_bar,USDJPY,2025.06.16 09:15:00,0,
2025.06.16 09:39:59,scan_skipped_same_execution_bar,USDJPY,2025.06.16 09:15:00,0,
2025.06.16 09:49:59,scan_executed_new_execution_bar,USDJPY,2025.06.16 09:30:00,0,
2025.06.16 09:54:59,scan_skipped_same_execution_bar,USDJPY,2025.06.16 09:30:00,0,
2025.06.16 10:04:59,scan_executed_new_execution_bar,USDJPY,2025.06.16 09:45:00,0,
2025.06.16 10:09:59,scan_skipped_same_execution_bar,USDJPY,2025.06.16 09:45:00,0,
2025.06.16 10:19:59,scan_executed_new_execution_bar,USDJPY,2025.06.16 10:00:00,16,
2025.06.16 10:24:59,scan_skipped_same_execution_bar,USDJPY,2025.06.16 10:00:00,0,
2025.06.16 10:34:59,scan_executed_new_execution_bar,USDJPY,2025.06.16 10:15:00,16,
2025.06.16 10:39:59,scan_skipped_same_execution_bar,USDJPY,2025.06.16 10:15:00,0,
2025.06.16 10:49:59,scan_executed_new_execution_bar,USDJPY,2025.06.16 10:30:00,15,
2025.06.16 10:54:58,scan_skipped_same_execution_bar,USDJPY,2025.06.16 10:30:00,0,
2025.06.16 11:04:59,scan_executed_new_execution_bar,USDJPY,2025.06.16 10:45:00,16,
2025.06.16 11:09:59,scan_skipped_same_execution_bar,USDJPY,2025.06.16 10:45:00,0,
2025.06.16 11:19:59,scan_executed_new_execution_bar,USDJPY,2025.06.16 11:00:00,16,
2025.06.16 11:25:00,scan_skipped_same_execution_bar,USDJPY,2025.06.16 11:00:00,0,
2025.06.16 11:34:59,scan_executed_new_execution_bar,USDJPY,2025.06.16 11:15:00,0,
2025.06.16 11:39:58,scan_skipped_same_execution_bar,USDJPY,2025.06.16 11:15:00,0,
2025.06.16 11:49:59,scan_executed_new_execution_bar,USDJPY,2025.06.16 11:30:00,47,
2025.06.16 11:54:59,scan_skipped_same_execution_bar,USDJPY,2025.06.16 11:30:00,0,
2025.06.16 12:04:59,scan_executed_new_execution_bar,USDJPY,2025.06.16 11:45:00,16,
2025.06.16 12:09:59,scan_skipped_same_execution_bar,USDJPY,2025.06.16 11:45:00,0,
2025.06.16 12:19:59,scan_executed_new_execution_bar,USDJPY,2025.06.16 12:00:00,31,
2025.06.16 12:24:59,scan_skipped_same_execution_bar,USDJPY,2025.06.16 12:00:00,0,
2025.06.16 12:34:59,scan_executed_new_execution_bar,USDJPY,2025.06.16 12:15:00,0,
2025.06.16 12:39:59,scan_skipped_same_execution_bar,USDJPY,2025.06.16 12:15:00,0,
2025.06.16 12:49:59,scan_executed_new_execution_bar,USDJPY,2025.06.16 12:30:00,31,
2025.06.16 12:54:59,scan_skipped_same_execution_bar,USDJPY,2025.06.16 12:30:00,0,
2025.06.16 13:04:59,scan_executed_new_execution_bar,USDJPY,2025.06.16 12:45:00,0,
2025.06.16 13:09:59,scan_skipped_same_execution_bar,USDJPY,2025.06.16 12:45:00,0,
2025.06.16 13:19:59,scan_executed_new_execution_bar,USDJPY,2025.06.16 13:00:00,15,
2025.06.16 13:24:59,scan_skipped_same_execution_bar,USDJPY,2025.06.16 13:00:00,0,
2025.06.16 13:34:59,scan_executed_new_execution_bar,USDJPY,2025.06.16 13:15:00,0,
2025.06.16 13:39:59,scan_skipped_same_execution_bar,USDJPY,2025.06.16 13:15:00,0,
2025.06.16 13:49:59,scan_executed_new_execution_bar,USDJPY,2025.06.16 13:30:00,0,
2025.06.16 13:54:59,scan_skipped_same_execution_bar,USDJPY,2025.06.16 13:30:00,0,
2025.06.16 14:04:59,scan_executed_new_execution_bar,USDJPY,2025.06.16 13:45:00,16,
2025.06.16 14:09:59,scan_skipped_same_execution_bar,USDJPY,2025.06.16 13:45:00,0,
2025.06.16 14:19:59,scan_executed_new_execution_bar,USDJPY,2025.06.16 14:00:00,0,
2025.06.16 14:24:59,scan_skipped_same_execution_bar,USDJPY,2025.06.16 14:00:00,0,
2025.06.16 14:34:59,scan_executed_new_execution_bar,USDJPY,2025.06.16 14:15:00,16,
2025.06.16 14:39:59,scan_skipped_same_execution_bar,USDJPY,2025.06.16 14:15:00,0,
2025.06.16 14:49:59,scan_executed_new_execution_bar,USDJPY,2025.06.16 14:30:00,16,
2025.06.16 14:54:59,scan_skipped_same_execution_bar,USDJPY,2025.06.16 14:30:00,0,
2025.06.16 15:04:59,scan_executed_new_execution_bar,USDJPY,2025.06.16 14:45:00,0,
2025.06.16 15:09:59,scan_skipped_same_execution_bar,USDJPY,2025.06.16 14:45:00,0,
2025.06.16 15:19:59,scan_executed_new_execution_bar,USDJPY,2025.06.16 15:00:00,0,
2025.06.16 15:24:59,scan_skipped_same_execution_bar,USDJPY,2025.06.16 15:00:00,0,
2025.06.16 15:34:59,scan_executed_new_execution_bar,USDJPY,2025.06.16 15:15:00,16,
2025.06.16 15:39:59,scan_skipped_same_execution_bar,USDJPY,2025.06.16 15:15:00,0,
2025.06.16 15:49:59,scan_executed_new_execution_bar,USDJPY,2025.06.16 15:30:00,0,
2025.06.16 15:54:59,scan_skipped_same_execution_bar,USDJPY,2025.06.16 15:30:00,0,
2025.06.16 16:04:59,scan_executed_new_execution_bar,USDJPY,2025.06.16 15:45:00,0,
2025.06.16 16:09:59,scan_skipped_same_execution_bar,USDJPY,2025.06.16 15:45:00,0,
2025.06.16 16:19:58,scan_executed_new_execution_bar,USDJPY,2025.06.16 16:00:00,0,
2025.06.16 16:24:59,scan_skipped_same_execution_bar,USDJPY,2025.06.16 16:00:00,0,
2025.06.16 16:34:59,scan_executed_new_execution_bar,USDJPY,2025.06.16 16:15:00,0,
2025.06.16 16:39:59,scan_skipped_same_execution_bar,USDJPY,2025.06.16 16:15:00,0,
2025.06.16 16:49:59,scan_executed_new_execution_bar,USDJPY,2025.06.16 16:30:00,16,
2025.06.16 16:54:59,scan_skipped_same_execution_bar,USDJPY,2025.06.16 16:30:00,0,
2025.06.16 17:04:59,scan_executed_new_execution_bar,USDJPY,2025.06.16 16:45:00,0,
2025.06.16 17:09:59,scan_skipped_same_execution_bar,USDJPY,2025.06.16 16:45:00,0,
2025.06.16 17:19:59,scan_executed_new_execution_bar,USDJPY,2025.06.16 17:00:00,0,
2025.06.16 17:24:59,scan_skipped_same_execution_bar,USDJPY,2025.06.16 17:00:00,0,
2025.06.16 17:34:59,scan_executed_new_execution_bar,USDJPY,2025.06.16 17:15:00,16,
2025.06.16 17:39:59,scan_skipped_same_execution_bar,USDJPY,2025.06.16 17:15:00,0,
2025.06.16 17:49:59,scan_executed_new_execution_bar,USDJPY,2025.06.16 17:30:00,16,
2025.06.16 17:54:59,scan_skipped_same_execution_bar,USDJPY,2025.06.16 17:30:00,0,
2025.06.16 18:04:59,scan_executed_new_execution_bar,USDJPY,2025.06.16 17:45:00,0,
2025.06.16 18:09:59,scan_skipped_same_execution_bar,USDJPY,2025.06.16 17:45:00,0,
2025.06.16 18:19:59,scan_executed_new_execution_bar,USDJPY,2025.06.16 18:00:00,15,
2025.06.16 18:24:59,scan_skipped_same_execution_bar,USDJPY,2025.06.16 18:00:00,0,
2025.06.16 18:34:59,scan_executed_new_execution_bar,USDJPY,2025.06.16 18:15:00,16,
2025.06.16 18:39:59,scan_skipped_same_execution_bar,USDJPY,2025.06.16 18:15:00,0,
2025.06.16 18:49:58,scan_executed_new_execution_bar,USDJPY,2025.06.16 18:30:00,15,
2025.06.16 18:54:59,scan_skipped_same_execution_bar,USDJPY,2025.06.16 18:30:00,0,
2025.06.16 19:05:00,scan_executed_new_execution_bar,USDJPY,2025.06.16 18:45:00,16,
2025.06.16 19:09:59,scan_skipped_same_execution_bar,USDJPY,2025.06.16 18:45:00,0,
2025.06.16 19:19:58,scan_executed_new_execution_bar,USDJPY,2025.06.16 19:00:00,15,
2025.06.16 19:24:59,scan_skipped_same_execution_bar,USDJPY,2025.06.16 19:00:00,0,
2025.06.16 19:34:59,scan_executed_new_execution_bar,USDJPY,2025.06.16 19:15:00,0,
2025.06.16 19:39:59,scan_skipped_same_execution_bar,USDJPY,2025.06.16 19:15:00,0,
2025.06.16 19:49:59,scan_executed_new_execution_bar,USDJPY,2025.06.16 19:30:00,47,
2025.06.16 19:54:59,scan_skipped_same_execution_bar,USDJPY,2025.06.16 19:30:00,0,
2025.06.16 20:04:59,scan_executed_new_execution_bar,USDJPY,2025.06.16 19:45:00,0,
2025.06.16 20:09:59,scan_skipped_same_execution_bar,USDJPY,2025.06.16 19:45:00,0,
2025.06.16 20:19:59,scan_executed_new_execution_bar,USDJPY,2025.06.16 20:00:00,0,
2025.06.16 20:24:59,scan_skipped_same_execution_bar,USDJPY,2025.06.16 20:00:00,0,
2025.06.16 20:34:59,scan_executed_new_execution_bar,USDJPY,2025.06.16 20:15:00,0,
2025.06.16 20:39:59,scan_skipped_same_execution_bar,USDJPY,2025.06.16 20:15:00,0,
2025.06.16 20:49:58,scan_executed_new_execution_bar,USDJPY,2025.06.16 20:30:00,0,
2025.06.16 20:54:57,scan_skipped_same_execution_bar,USDJPY,2025.06.16 20:30:00,0,
2025.06.16 21:04:59,scan_executed_new_execution_bar,USDJPY,2025.06.16 20:45:00,0,
2025.06.16 21:09:59,scan_skipped_same_execution_bar,USDJPY,2025.06.16 20:45:00,0,
2025.06.16 21:19:59,scan_executed_new_execution_bar,USDJPY,2025.06.16 21:00:00,0,
2025.06.16 21:24:59,scan_skipped_same_execution_bar,USDJPY,2025.06.16 21:00:00,0,
2025.06.16 21:34:59,scan_executed_new_execution_bar,USDJPY,2025.06.16 21:15:00,0,
2025.06.16 21:39:59,scan_skipped_same_execution_bar,USDJPY,2025.06.16 21:15:00,0,
2025.06.16 21:49:58,scan_executed_new_execution_bar,USDJPY,2025.06.16 21:30:00,0,
2025.06.16 21:54:59,scan_skipped_same_execution_bar,USDJPY,2025.06.16 21:30:00,0,
2025.06.16 22:04:59,scan_executed_new_execution_bar,USDJPY,2025.06.16 21:45:00,0,
2025.06.16 22:09:59,scan_skipped_same_execution_bar,USDJPY,2025.06.16 21:45:00,0,
2025.06.16 22:19:59,scan_executed_new_execution_bar,USDJPY,2025.06.16 22:00:00,0,
2025.06.16 22:24:59,scan_skipped_same_execution_bar,USDJPY,2025.06.16 22:00:00,0,
2025.06.16 22:34:59,scan_executed_new_execution_bar,USDJPY,2025.06.16 22:15:00,15,
2025.06.16 22:39:59,scan_skipped_same_execution_bar,USDJPY,2025.06.16 22:15:00,0,
2025.06.16 22:49:59,scan_executed_new_execution_bar,USDJPY,2025.06.16 22:30:00,0,
2025.06.16 22:54:58,scan_skipped_same_execution_bar,USDJPY,2025.06.16 22:30:00,0,
2025.06.16 23:04:59,scan_executed_new_execution_bar,USDJPY,2025.06.16 22:45:00,0,
2025.06.16 23:09:57,scan_skipped_same_execution_bar,USDJPY,2025.06.16 22:45:00,0,
2025.06.16 23:19:59,scan_executed_new_execution_bar,USDJPY,2025.06.16 23:00:00,32,
2025.06.16 23:24:59,scan_skipped_same_execution_bar,USDJPY,2025.06.16 23:00:00,0,
2025.06.16 23:34:59,scan_executed_new_execution_bar,USDJPY,2025.06.16 23:15:00,0,
2025.06.16 23:39:59,scan_skipped_same_execution_bar,USDJPY,2025.06.16 23:15:00,0,
2025.06.16 23:49:59,scan_executed_new_execution_bar,USDJPY,2025.06.16 23:30:00,0,
2025.06.16 23:54:59,scan_skipped_same_execution_bar,USDJPY,2025.06.16 23:30:00,0,
2025.06.17 00:04:57,scan_executed_new_execution_bar,USDJPY,2025.06.16 23:45:00,0,
2025.06.17 00:09:58,scan_skipped_same_execution_bar,USDJPY,2025.06.16 23:45:00,0,
2025.06.17 00:19:56,scan_executed_new_execution_bar,USDJPY,2025.06.17 00:00:00,0,
2025.06.17 00:24:59,scan_skipped_same_execution_bar,USDJPY,2025.06.17 00:00:00,0,
2025.06.17 00:34:59,scan_executed_new_execution_bar,USDJPY,2025.06.17 00:15:00,0,
2025.06.17 00:39:59,scan_skipped_same_execution_bar,USDJPY,2025.06.17 00:15:00,0,
2025.06.17 00:49:59,scan_executed_new_execution_bar,USDJPY,2025.06.17 00:30:00,15,
2025.06.17 00:54:59,scan_skipped_same_execution_bar,USDJPY,2025.06.17 00:30:00,0,
2025.06.17 01:04:57,scan_executed_new_execution_bar,USDJPY,2025.06.17 00:45:00,0,
2025.06.17 01:09:59,scan_skipped_same_execution_bar,USDJPY,2025.06.17 00:45:00,0,
2025.06.17 01:19:59,scan_executed_new_execution_bar,USDJPY,2025.06.17 01:00:00,16,
2025.06.17 01:24:59,scan_skipped_same_execution_bar,USDJPY,2025.06.17 01:00:00,0,
2025.06.17 01:34:59,scan_executed_new_execution_bar,USDJPY,2025.06.17 01:15:00,0,
2025.06.17 01:39:59,scan_skipped_same_execution_bar,USDJPY,2025.06.17 01:15:00,0,
2025.06.17 01:49:58,scan_executed_new_execution_bar,USDJPY,2025.06.17 01:30:00,0,
2025.06.17 01:54:57,scan_skipped_same_execution_bar,USDJPY,2025.06.17 01:30:00,0,
2025.06.17 02:04:59,scan_executed_new_execution_bar,USDJPY,2025.06.17 01:45:00,0,
2025.06.17 02:09:59,scan_skipped_same_execution_bar,USDJPY,2025.06.17 01:45:00,0,
2025.06.17 02:19:59,scan_executed_new_execution_bar,USDJPY,2025.06.17 02:00:00,0,
2025.06.17 02:24:59,scan_skipped_same_execution_bar,USDJPY,2025.06.17 02:00:00,0,
2025.06.17 02:34:57,scan_executed_new_execution_bar,USDJPY,2025.06.17 02:15:00,0,
2025.06.17 02:40:00,scan_skipped_same_execution_bar,USDJPY,2025.06.17 02:15:00,0,
2025.06.17 02:49:59,scan_executed_new_execution_bar,USDJPY,2025.06.17 02:30:00,0,
2025.06.17 02:54:59,scan_skipped_same_execution_bar,USDJPY,2025.06.17 02:30:00,0,
2025.06.17 03:04:59,scan_executed_new_execution_bar,USDJPY,2025.06.17 02:45:00,15,
2025.06.17 03:09:59,scan_skipped_same_execution_bar,USDJPY,2025.06.17 02:45:00,0,
2025.06.17 03:19:59,scan_executed_new_execution_bar,USDJPY,2025.06.17 03:00:00,0,
2025.06.17 03:25:00,scan_skipped_same_execution_bar,USDJPY,2025.06.17 03:00:00,0,
2025.06.17 03:34:59,scan_executed_new_execution_bar,USDJPY,2025.06.17 03:15:00,0,
2025.06.17 03:39:59,scan_skipped_same_execution_bar,USDJPY,2025.06.17 03:15:00,0,
2025.06.17 03:49:59,scan_executed_new_execution_bar,USDJPY,2025.06.17 03:30:00,0,
2025.06.17 03:54:59,scan_skipped_same_execution_bar,USDJPY,2025.06.17 03:30:00,0,
2025.06.17 04:04:59,scan_executed_new_execution_bar,USDJPY,2025.06.17 03:45:00,0,
2025.06.17 04:09:59,scan_skipped_same_execution_bar,USDJPY,2025.06.17 03:45:00,0,
2025.06.17 04:19:58,scan_executed_new_execution_bar,USDJPY,2025.06.17 04:00:00,31,
2025.06.17 04:24:59,scan_skipped_same_execution_bar,USDJPY,2025.06.17 04:00:00,0,
2025.06.17 04:34:59,scan_executed_new_execution_bar,USDJPY,2025.06.17 04:15:00,0,
2025.06.17 04:39:59,scan_skipped_same_execution_bar,USDJPY,2025.06.17 04:15:00,0,
2025.06.17 04:49:59,scan_executed_new_execution_bar,USDJPY,2025.06.17 04:30:00,15,
2025.06.17 04:54:59,scan_skipped_same_execution_bar,USDJPY,2025.06.17 04:30:00,0,
2025.06.17 05:04:59,scan_executed_new_execution_bar,USDJPY,2025.06.17 04:45:00,0,
2025.06.17 05:09:59,scan_skipped_same_execution_bar,USDJPY,2025.06.17 04:45:00,0,
2025.06.17 05:19:58,scan_executed_new_execution_bar,USDJPY,2025.06.17 05:00:00,0,
2025.06.17 05:24:59,scan_skipped_same_execution_bar,USDJPY,2025.06.17 05:00:00,0,
2025.06.17 05:34:59,scan_executed_new_execution_bar,USDJPY,2025.06.17 05:15:00,0,
2025.06.17 05:39:58,scan_skipped_same_execution_bar,USDJPY,2025.06.17 05:15:00,0,
2025.06.17 05:49:59,scan_executed_new_execution_bar,USDJPY,2025.06.17 05:30:00,0,
2025.06.17 05:54:59,scan_skipped_same_execution_bar,USDJPY,2025.06.17 05:30:00,0,
2025.06.17 06:04:59,scan_executed_new_execution_bar,USDJPY,2025.06.17 05:45:00,15,
2025.06.17 06:09:58,scan_skipped_same_execution_bar,USDJPY,2025.06.17 05:45:00,0,
2025.06.17 06:19:59,scan_executed_new_execution_bar,USDJPY,2025.06.17 06:00:00,32,
2025.06.17 06:24:59,scan_skipped_same_execution_bar,USDJPY,2025.06.17 06:00:00,0,
2025.06.17 06:34:59,scan_executed_new_execution_bar,USDJPY,2025.06.17 06:15:00,0,
2025.06.17 06:39:59,scan_skipped_same_execution_bar,USDJPY,2025.06.17 06:15:00,0,
2025.06.17 06:49:59,scan_executed_new_execution_bar,USDJPY,2025.06.17 06:30:00,0,
2025.06.17 06:54:59,scan_skipped_same_execution_bar,USDJPY,2025.06.17 06:30:00,0,
2025.06.17 07:04:59,scan_executed_new_execution_bar,USDJPY,2025.06.17 06:45:00,0,
2025.06.17 07:09:59,scan_skipped_same_execution_bar,USDJPY,2025.06.17 06:45:00,0,
2025.06.17 07:19:59,scan_executed_new_execution_bar,USDJPY,2025.06.17 07:00:00,0,
2025.06.17 07:24:58,scan_skipped_same_execution_bar,USDJPY,2025.06.17 07:00:00,0,
2025.06.17 07:34:57,scan_executed_new_execution_bar,USDJPY,2025.06.17 07:15:00,0,
2025.06.17 07:39:59,scan_skipped_same_execution_bar,USDJPY,2025.06.17 07:15:00,0,
2025.06.17 07:49:59,scan_executed_new_execution_bar,USDJPY,2025.06.17 07:30:00,0,
2025.06.17 07:54:57,scan_skipped_same_execution_bar,USDJPY,2025.06.17 07:30:00,0,
2025.06.17 08:04:59,scan_executed_new_execution_bar,USDJPY,2025.06.17 07:45:00,0,
2025.06.17 08:09:59,scan_skipped_same_execution_bar,USDJPY,2025.06.17 07:45:00,0,
2025.06.17 08:19:59,scan_executed_new_execution_bar,USDJPY,2025.06.17 08:00:00,0,
2025.06.17 08:24:59,scan_skipped_same_execution_bar,USDJPY,2025.06.17 08:00:00,0,
2025.06.17 08:34:59,scan_executed_new_execution_bar,USDJPY,2025.06.17 08:15:00,0,
2025.06.17 08:39:59,scan_skipped_same_execution_bar,USDJPY,2025.06.17 08:15:00,0,
2025.06.17 08:49:59,scan_executed_new_execution_bar,USDJPY,2025.06.17 08:30:00,16,
2025.06.17 08:54:59,scan_skipped_same_execution_bar,USDJPY,2025.06.17 08:30:00,0,
2025.06.17 09:04:59,scan_executed_new_execution_bar,USDJPY,2025.06.17 08:45:00,0,
2025.06.17 09:09:59,scan_skipped_same_execution_bar,USDJPY,2025.06.17 08:45:00,0,
2025.06.17 09:19:59,scan_executed_new_execution_bar,USDJPY,2025.06.17 09:00:00,15,
2025.06.17 09:24:59,scan_skipped_same_execution_bar,USDJPY,2025.06.17 09:00:00,0,
2025.06.17 09:34:59,scan_executed_new_execution_bar,USDJPY,2025.06.17 09:15:00,0,
2025.06.17 09:39:59,scan_skipped_same_execution_bar,USDJPY,2025.06.17 09:15:00,0,
2025.06.17 09:49:59,scan_executed_new_execution_bar,USDJPY,2025.06.17 09:30:00,16,
2025.06.17 09:54:59,scan_skipped_same_execution_bar,USDJPY,2025.06.17 09:30:00,0,
2025.06.17 10:04:59,scan_executed_new_execution_bar,USDJPY,2025.06.17 09:45:00,0,
2025.06.17 10:09:59,scan_skipped_same_execution_bar,USDJPY,2025.06.17 09:45:00,0,
2025.06.17 10:19:59,scan_executed_new_execution_bar,USDJPY,2025.06.17 10:00:00,15,
2025.06.17 10:24:59,scan_skipped_same_execution_bar,USDJPY,2025.06.17 10:00:00,0,
2025.06.17 10:34:59,scan_executed_new_execution_bar,USDJPY,2025.06.17 10:15:00,0,
2025.06.17 10:39:59,scan_skipped_same_execution_bar,USDJPY,2025.06.17 10:15:00,0,
2025.06.17 10:49:59,scan_executed_new_execution_bar,USDJPY,2025.06.17 10:30:00,0,
2025.06.17 10:54:58,scan_skipped_same_execution_bar,USDJPY,2025.06.17 10:30:00,0,
2025.06.17 11:04:59,scan_executed_new_execution_bar,USDJPY,2025.06.17 10:45:00,0,
2025.06.17 11:09:59,scan_skipped_same_execution_bar,USDJPY,2025.06.17 10:45:00,0,
2025.06.17 11:19:59,scan_executed_new_execution_bar,USDJPY,2025.06.17 11:00:00,47,
2025.06.17 11:24:59,scan_skipped_same_execution_bar,USDJPY,2025.06.17 11:00:00,0,
2025.06.17 11:34:59,scan_executed_new_execution_bar,USDJPY,2025.06.17 11:15:00,0,
2025.06.17 11:39:59,scan_skipped_same_execution_bar,USDJPY,2025.06.17 11:15:00,0,
2025.06.17 11:49:59,scan_executed_new_execution_bar,USDJPY,2025.06.17 11:30:00,0,
2025.06.17 11:54:59,scan_skipped_same_execution_bar,USDJPY,2025.06.17 11:30:00,0,
2025.06.17 12:04:59,scan_executed_new_execution_bar,USDJPY,2025.06.17 11:45:00,0,
2025.06.17 12:09:59,scan_skipped_same_execution_bar,USDJPY,2025.06.17 11:45:00,0,
2025.06.17 12:19:59,scan_executed_new_execution_bar,USDJPY,2025.06.17 12:00:00,15,
2025.06.17 12:24:59,scan_skipped_same_execution_bar,USDJPY,2025.06.17 12:00:00,0,
2025.06.17 12:34:59,scan_executed_new_execution_bar,USDJPY,2025.06.17 12:15:00,47,
2025.06.17 12:39:59,scan_skipped_same_execution_bar,USDJPY,2025.06.17 12:15:00,0,
2025.06.17 12:49:59,scan_executed_new_execution_bar,USDJPY,2025.06.17 12:30:00,16,
2025.06.17 12:54:59,scan_skipped_same_execution_bar,USDJPY,2025.06.17 12:30:00,0,
2025.06.17 13:04:59,scan_executed_new_execution_bar,USDJPY,2025.06.17 12:45:00,31,
2025.06.17 13:09:59,scan_skipped_same_execution_bar,USDJPY,2025.06.17 12:45:00,0,
2025.06.17 13:19:56,scan_executed_new_execution_bar,USDJPY,2025.06.17 13:00:00,31,
2025.06.17 13:24:59,scan_skipped_same_execution_bar,USDJPY,2025.06.17 13:00:00,0,
2025.06.17 13:34:59,scan_executed_new_execution_bar,USDJPY,2025.06.17 13:15:00,0,
2025.06.17 13:39:59,scan_skipped_same_execution_bar,USDJPY,2025.06.17 13:15:00,0,
2025.06.17 13:49:59,scan_executed_new_execution_bar,USDJPY,2025.06.17 13:30:00,16,
2025.06.17 13:54:58,scan_skipped_same_execution_bar,USDJPY,2025.06.17 13:30:00,0,
2025.06.17 14:04:59,scan_executed_new_execution_bar,USDJPY,2025.06.17 13:45:00,0,
2025.06.17 14:09:59,scan_skipped_same_execution_bar,USDJPY,2025.06.17 13:45:00,0,
2025.06.17 14:19:59,scan_executed_new_execution_bar,USDJPY,2025.06.17 14:00:00,0,
2025.06.17 14:24:59,scan_skipped_same_execution_bar,USDJPY,2025.06.17 14:00:00,0,
2025.06.17 14:34:59,scan_executed_new_execution_bar,USDJPY,2025.06.17 14:15:00,0,
2025.06.17 14:39:59,scan_skipped_same_execution_bar,USDJPY,2025.06.17 14:15:00,0,
2025.06.17 14:49:58,scan_executed_new_execution_bar,USDJPY,2025.06.17 14:30:00,15,
2025.06.17 14:54:59,scan_skipped_same_execution_bar,USDJPY,2025.06.17 14:30:00,0,
2025.06.17 15:04:59,scan_executed_new_execution_bar,USDJPY,2025.06.17 14:45:00,0,
2025.06.17 15:09:59,scan_skipped_same_execution_bar,USDJPY,2025.06.17 14:45:00,0,
2025.06.17 15:19:59,scan_executed_new_execution_bar,USDJPY,2025.06.17 15:00:00,0,
2025.06.17 15:24:59,scan_skipped_same_execution_bar,USDJPY,2025.06.17 15:00:00,0,
2025.06.17 15:34:59,scan_executed_new_execution_bar,USDJPY,2025.06.17 15:15:00,0,
2025.06.17 15:39:59,scan_skipped_same_execution_bar,USDJPY,2025.06.17 15:15:00,0,
2025.06.17 15:49:59,scan_executed_new_execution_bar,USDJPY,2025.06.17 15:30:00,0,
2025.06.17 15:54:59,scan_skipped_same_execution_bar,USDJPY,2025.06.17 15:30:00,0,
2025.06.17 16:04:59,scan_executed_new_execution_bar,USDJPY,2025.06.17 15:45:00,15,
2025.06.17 16:09:59,scan_skipped_same_execution_bar,USDJPY,2025.06.17 15:45:00,0,
2025.06.17 16:19:59,scan_executed_new_execution_bar,USDJPY,2025.06.17 16:00:00,16,
2025.06.17 16:24:59,scan_skipped_same_execution_bar,USDJPY,2025.06.17 16:00:00,0,
2025.06.17 16:34:59,scan_executed_new_execution_bar,USDJPY,2025.06.17 16:15:00,0,
2025.06.17 16:39:59,scan_skipped_same_execution_bar,USDJPY,2025.06.17 16:15:00,0,
2025.06.17 16:49:59,scan_executed_new_execution_bar,USDJPY,2025.06.17 16:30:00,0,
2025.06.17 16:54:59,scan_skipped_same_execution_bar,USDJPY,2025.06.17 16:30:00,0,
2025.06.17 17:04:59,scan_executed_new_execution_bar,USDJPY,2025.06.17 16:45:00,31,
2025.06.17 17:09:59,scan_skipped_same_execution_bar,USDJPY,2025.06.17 16:45:00,0,
2025.06.17 17:19:59,scan_executed_new_execution_bar,USDJPY,2025.06.17 17:00:00,0,
2025.06.17 17:24:59,scan_skipped_same_execution_bar,USDJPY,2025.06.17 17:00:00,0,
2025.06.17 17:34:59,scan_executed_new_execution_bar,USDJPY,2025.06.17 17:15:00,0,
2025.06.17 17:39:59,scan_skipped_same_execution_bar,USDJPY,2025.06.17 17:15:00,0,
2025.06.17 17:49:59,scan_executed_new_execution_bar,USDJPY,2025.06.17 17:30:00,0,
2025.06.17 17:54:59,scan_skipped_same_execution_bar,USDJPY,2025.06.17 17:30:00,0,
2025.06.17 18:04:59,scan_executed_new_execution_bar,USDJPY,2025.06.17 17:45:00,78,
2025.06.17 18:09:59,scan_skipped_same_execution_bar,USDJPY,2025.06.17 17:45:00,0,
2025.06.17 18:19:59,scan_executed_new_execution_bar,USDJPY,2025.06.17 18:00:00,16,
2025.06.17 18:24:59,scan_skipped_same_execution_bar,USDJPY,2025.06.17 18:00:00,0,
2025.06.17 18:34:59,scan_executed_new_execution_bar,USDJPY,2025.06.17 18:15:00,0,
2025.06.17 18:39:59,scan_skipped_same_execution_bar,USDJPY,2025.06.17 18:15:00,0,
2025.06.17 18:49:59,scan_executed_new_execution_bar,USDJPY,2025.06.17 18:30:00,78,
2025.06.17 18:54:59,scan_skipped_same_execution_bar,USDJPY,2025.06.17 18:30:00,0,
2025.06.17 19:04:59,scan_executed_new_execution_bar,USDJPY,2025.06.17 18:45:00,47,
2025.06.17 19:09:59,scan_skipped_same_execution_bar,USDJPY,2025.06.17 18:45:00,0,
2025.06.17 19:19:59,scan_executed_new_execution_bar,USDJPY,2025.06.17 19:00:00,0,
2025.06.17 19:24:59,scan_skipped_same_execution_bar,USDJPY,2025.06.17 19:00:00,0,
2025.06.17 19:34:59,scan_executed_new_execution_bar,USDJPY,2025.06.17 19:15:00,0,
2025.06.17 19:40:00,scan_skipped_same_execution_bar,USDJPY,2025.06.17 19:15:00,0,
2025.06.17 19:49:59,scan_executed_new_execution_bar,USDJPY,2025.06.17 19:30:00,0,
2025.06.17 19:54:59,scan_skipped_same_execution_bar,USDJPY,2025.06.17 19:30:00,0,
2025.06.17 20:04:59,scan_executed_new_execution_bar,USDJPY,2025.06.17 19:45:00,0,
2025.06.17 20:09:59,scan_skipped_same_execution_bar,USDJPY,2025.06.17 19:45:00,0,
2025.06.17 20:19:59,scan_executed_new_execution_bar,USDJPY,2025.06.17 20:00:00,0,
2025.06.17 20:24:59,scan_skipped_same_execution_bar,USDJPY,2025.06.17 20:00:00,0,
2025.06.17 20:34:59,scan_executed_new_execution_bar,USDJPY,2025.06.17 20:15:00,15,
2025.06.17 20:39:59,scan_skipped_same_execution_bar,USDJPY,2025.06.17 20:15:00,0,
2025.06.17 20:49:59,scan_executed_new_execution_bar,USDJPY,2025.06.17 20:30:00,0,
2025.06.17 20:54:59,scan_skipped_same_execution_bar,USDJPY,2025.06.17 20:30:00,0,
2025.06.17 21:04:58,scan_executed_new_execution_bar,USDJPY,2025.06.17 20:45:00,0,
2025.06.17 21:09:59,scan_skipped_same_execution_bar,USDJPY,2025.06.17 20:45:00,0,
2025.06.17 21:19:59,scan_executed_new_execution_bar,USDJPY,2025.06.17 21:00:00,0,
2025.06.17 21:24:59,scan_skipped_same_execution_bar,USDJPY,2025.06.17 21:00:00,0,
2025.06.17 21:34:59,scan_executed_new_execution_bar,USDJPY,2025.06.17 21:15:00,0,
2025.06.17 21:39:59,scan_skipped_same_execution_bar,USDJPY,2025.06.17 21:15:00,0,
2025.06.17 21:49:59,scan_executed_new_execution_bar,USDJPY,2025.06.17 21:30:00,0,
2025.06.17 21:54:59,scan_skipped_same_execution_bar,USDJPY,2025.06.17 21:30:00,0,
2025.06.17 22:05:00,scan_executed_new_execution_bar,USDJPY,2025.06.17 21:45:00,0,
2025.06.17 22:09:59,scan_skipped_same_execution_bar,USDJPY,2025.06.17 21:45:00,0,
2025.06.17 22:19:58,scan_executed_new_execution_bar,USDJPY,2025.06.17 22:00:00,16,
2025.06.17 22:24:59,scan_skipped_same_execution_bar,USDJPY,2025.06.17 22:00:00,0,
2025.06.17 22:34:59,scan_executed_new_execution_bar,USDJPY,2025.06.17 22:15:00,47,
2025.06.17 22:39:59,scan_skipped_same_execution_bar,USDJPY,2025.06.17 22:15:00,0,
2025.06.17 22:49:59,scan_executed_new_execution_bar,USDJPY,2025.06.17 22:30:00,0,
2025.06.17 22:54:59,scan_skipped_same_execution_bar,USDJPY,2025.06.17 22:30:00,0,
2025.06.17 23:04:59,scan_executed_new_execution_bar,USDJPY,2025.06.17 22:45:00,0,
2025.06.17 23:09:59,scan_skipped_same_execution_bar,USDJPY,2025.06.17 22:45:00,0,
2025.06.17 23:19:59,scan_executed_new_execution_bar,USDJPY,2025.06.17 23:00:00,0,
2025.06.17 23:24:59,scan_skipped_same_execution_bar,USDJPY,2025.06.17 23:00:00,0,
2025.06.17 23:34:59,scan_executed_new_execution_bar,USDJPY,2025.06.17 23:15:00,31,
2025.06.17 23:39:59,scan_skipped_same_execution_bar,USDJPY,2025.06.17 23:15:00,0,
2025.06.17 23:49:59,scan_executed_new_execution_bar,USDJPY,2025.06.17 23:30:00,0,
2025.06.17 23:54:58,scan_skipped_same_execution_bar,USDJPY,2025.06.17 23:30:00,0,
2025.06.18 00:04:36,scan_executed_new_execution_bar,USDJPY,2025.06.17 23:45:00,0,
2025.06.18 00:09:59,scan_skipped_same_execution_bar,USDJPY,2025.06.17 23:45:00,0,
2025.06.18 00:19:59,scan_executed_new_execution_bar,USDJPY,2025.06.18 00:00:00,0,
2025.06.18 00:24:52,scan_skipped_same_execution_bar,USDJPY,2025.06.18 00:00:00,0,
2025.06.18 00:34:58,scan_executed_new_execution_bar,USDJPY,2025.06.18 00:15:00,0,
2025.06.18 00:39:59,scan_skipped_same_execution_bar,USDJPY,2025.06.18 00:15:00,0,
2025.06.18 00:49:59,scan_executed_new_execution_bar,USDJPY,2025.06.18 00:30:00,0,
2025.06.18 00:54:59,scan_skipped_same_execution_bar,USDJPY,2025.06.18 00:30:00,0,
2025.06.18 01:04:59,scan_executed_new_execution_bar,USDJPY,2025.06.18 00:45:00,0,
2025.06.18 01:09:59,scan_skipped_same_execution_bar,USDJPY,2025.06.18 00:45:00,0,
2025.06.18 01:19:58,scan_executed_new_execution_bar,USDJPY,2025.06.18 01:00:00,15,
2025.06.18 01:24:59,scan_skipped_same_execution_bar,USDJPY,2025.06.18 01:00:00,0,
2025.06.18 01:34:59,scan_executed_new_execution_bar,USDJPY,2025.06.18 01:15:00,0,
2025.06.18 01:39:59,scan_skipped_same_execution_bar,USDJPY,2025.06.18 01:15:00,0,
2025.06.18 01:49:59,scan_executed_new_execution_bar,USDJPY,2025.06.18 01:30:00,0,
2025.06.18 01:54:58,scan_skipped_same_execution_bar,USDJPY,2025.06.18 01:30:00,0,
2025.06.18 02:04:59,scan_executed_new_execution_bar,USDJPY,2025.06.18 01:45:00,0,
2025.06.18 02:09:59,scan_skipped_same_execution_bar,USDJPY,2025.06.18 01:45:00,0,
2025.06.18 02:19:59,scan_executed_new_execution_bar,USDJPY,2025.06.18 02:00:00,16,
2025.06.18 02:24:58,scan_skipped_same_execution_bar,USDJPY,2025.06.18 02:00:00,0,
2025.06.18 02:34:59,scan_executed_new_execution_bar,USDJPY,2025.06.18 02:15:00,0,
2025.06.18 02:39:57,scan_skipped_same_execution_bar,USDJPY,2025.06.18 02:15:00,0,
2025.06.18 02:49:59,scan_executed_new_execution_bar,USDJPY,2025.06.18 02:30:00,0,
2025.06.18 02:54:59,scan_skipped_same_execution_bar,USDJPY,2025.06.18 02:30:00,0,
2025.06.18 03:04:59,scan_executed_new_execution_bar,USDJPY,2025.06.18 02:45:00,0,
2025.06.18 03:09:59,scan_skipped_same_execution_bar,USDJPY,2025.06.18 02:45:00,0,
2025.06.18 03:19:59,scan_executed_new_execution_bar,USDJPY,2025.06.18 03:00:00,0,
2025.06.18 03:24:59,scan_skipped_same_execution_bar,USDJPY,2025.06.18 03:00:00,0,
2025.06.18 03:34:59,scan_executed_new_execution_bar,USDJPY,2025.06.18 03:15:00,16,
2025.06.18 03:39:59,scan_skipped_same_execution_bar,USDJPY,2025.06.18 03:15:00,0,
2025.06.18 03:49:59,scan_executed_new_execution_bar,USDJPY,2025.06.18 03:30:00,0,
2025.06.18 03:54:59,scan_skipped_same_execution_bar,USDJPY,2025.06.18 03:30:00,0,
2025.06.18 04:04:59,scan_executed_new_execution_bar,USDJPY,2025.06.18 03:45:00,15,
2025.06.18 04:09:59,scan_skipped_same_execution_bar,USDJPY,2025.06.18 03:45:00,0,
2025.06.18 04:19:59,scan_executed_new_execution_bar,USDJPY,2025.06.18 04:00:00,0,
2025.06.18 04:24:59,scan_skipped_same_execution_bar,USDJPY,2025.06.18 04:00:00,0,
2025.06.18 04:34:59,scan_executed_new_execution_bar,USDJPY,2025.06.18 04:15:00,15,
2025.06.18 04:39:59,scan_skipped_same_execution_bar,USDJPY,2025.06.18 04:15:00,0,
2025.06.18 04:49:59,scan_executed_new_execution_bar,USDJPY,2025.06.18 04:30:00,0,
2025.06.18 04:54:59,scan_skipped_same_execution_bar,USDJPY,2025.06.18 04:30:00,0,
2025.06.18 05:04:59,scan_executed_new_execution_bar,USDJPY,2025.06.18 04:45:00,0,
2025.06.18 05:09:59,scan_skipped_same_execution_bar,USDJPY,2025.06.18 04:45:00,0,
2025.06.18 05:19:59,scan_executed_new_execution_bar,USDJPY,2025.06.18 05:00:00,0,
2025.06.18 05:24:59,scan_skipped_same_execution_bar,USDJPY,2025.06.18 05:00:00,0,
2025.06.18 05:34:59,scan_executed_new_execution_bar,USDJPY,2025.06.18 05:15:00,0,
2025.06.18 05:39:59,scan_skipped_same_execution_bar,USDJPY,2025.06.18 05:15:00,0,
2025.06.18 05:49:59,scan_executed_new_execution_bar,USDJPY,2025.06.18 05:30:00,0,
2025.06.18 05:54:59,scan_skipped_same_execution_bar,USDJPY,2025.06.18 05:30:00,0,
2025.06.18 06:04:59,scan_executed_new_execution_bar,USDJPY,2025.06.18 05:45:00,0,
2025.06.18 06:09:59,scan_skipped_same_execution_bar,USDJPY,2025.06.18 05:45:00,0,
2025.06.18 06:19:58,scan_executed_new_execution_bar,USDJPY,2025.06.18 06:00:00,0,
2025.06.18 06:24:59,scan_skipped_same_execution_bar,USDJPY,2025.06.18 06:00:00,0,
2025.06.18 06:34:59,scan_executed_new_execution_bar,USDJPY,2025.06.18 06:15:00,0,
2025.06.18 06:39:59,scan_skipped_same_execution_bar,USDJPY,2025.06.18 06:15:00,0,
2025.06.18 06:49:59,scan_executed_new_execution_bar,USDJPY,2025.06.18 06:30:00,0,
2025.06.18 06:54:59,scan_skipped_same_execution_bar,USDJPY,2025.06.18 06:30:00,0,
2025.06.18 07:04:59,scan_executed_new_execution_bar,USDJPY,2025.06.18 06:45:00,0,
2025.06.18 07:09:59,scan_skipped_same_execution_bar,USDJPY,2025.06.18 06:45:00,0,
2025.06.18 07:19:59,scan_executed_new_execution_bar,USDJPY,2025.06.18 07:00:00,0,
2025.06.18 07:24:59,scan_skipped_same_execution_bar,USDJPY,2025.06.18 07:00:00,0,
2025.06.18 07:34:59,scan_executed_new_execution_bar,USDJPY,2025.06.18 07:15:00,0,
2025.06.18 07:39:59,scan_skipped_same_execution_bar,USDJPY,2025.06.18 07:15:00,0,
2025.06.18 07:49:59,scan_executed_new_execution_bar,USDJPY,2025.06.18 07:30:00,0,
2025.06.18 07:54:59,scan_skipped_same_execution_bar,USDJPY,2025.06.18 07:30:00,0,
2025.06.18 08:04:57,scan_executed_new_execution_bar,USDJPY,2025.06.18 07:45:00,0,
2025.06.18 08:09:59,scan_skipped_same_execution_bar,USDJPY,2025.06.18 07:45:00,0,
2025.06.18 08:19:58,scan_executed_new_execution_bar,USDJPY,2025.06.18 08:00:00,0,
2025.06.18 08:24:59,scan_skipped_same_execution_bar,USDJPY,2025.06.18 08:00:00,0,
2025.06.18 08:34:59,scan_executed_new_execution_bar,USDJPY,2025.06.18 08:15:00,0,
2025.06.18 08:39:59,scan_skipped_same_execution_bar,USDJPY,2025.06.18 08:15:00,0,
2025.06.18 08:49:58,scan_executed_new_execution_bar,USDJPY,2025.06.18 08:30:00,0,
2025.06.18 08:54:57,scan_skipped_same_execution_bar,USDJPY,2025.06.18 08:30:00,0,
2025.06.18 09:04:59,scan_executed_new_execution_bar,USDJPY,2025.06.18 08:45:00,0,
2025.06.18 09:09:59,scan_skipped_same_execution_bar,USDJPY,2025.06.18 08:45:00,0,
2025.06.18 09:19:59,scan_executed_new_execution_bar,USDJPY,2025.06.18 09:00:00,0,
2025.06.18 09:24:59,scan_skipped_same_execution_bar,USDJPY,2025.06.18 09:00:00,0,
2025.06.18 09:35:00,scan_executed_new_execution_bar,USDJPY,2025.06.18 09:15:00,0,
2025.06.18 09:39:59,scan_skipped_same_execution_bar,USDJPY,2025.06.18 09:15:00,0,
2025.06.18 09:49:59,scan_executed_new_execution_bar,USDJPY,2025.06.18 09:30:00,0,
2025.06.18 09:54:59,scan_skipped_same_execution_bar,USDJPY,2025.06.18 09:30:00,0,
2025.06.18 10:04:59,scan_executed_new_execution_bar,USDJPY,2025.06.18 09:45:00,0,
2025.06.18 10:09:59,scan_skipped_same_execution_bar,USDJPY,2025.06.18 09:45:00,0,
2025.06.18 10:20:00,scan_executed_new_execution_bar,USDJPY,2025.06.18 10:00:00,0,
2025.06.18 10:24:59,scan_skipped_same_execution_bar,USDJPY,2025.06.18 10:00:00,0,
2025.06.18 10:34:59,scan_executed_new_execution_bar,USDJPY,2025.06.18 10:15:00,0,
2025.06.18 10:39:59,scan_skipped_same_execution_bar,USDJPY,2025.06.18 10:15:00,0,
2025.06.18 10:49:59,scan_executed_new_execution_bar,USDJPY,2025.06.18 10:30:00,16,
2025.06.18 10:54:59,scan_skipped_same_execution_bar,USDJPY,2025.06.18 10:30:00,0,
2025.06.18 11:04:59,scan_executed_new_execution_bar,USDJPY,2025.06.18 10:45:00,15,
2025.06.18 11:09:59,scan_skipped_same_execution_bar,USDJPY,2025.06.18 10:45:00,0,
2025.06.18 11:19:59,scan_executed_new_execution_bar,USDJPY,2025.06.18 11:00:00,0,
2025.06.18 11:24:59,scan_skipped_same_execution_bar,USDJPY,2025.06.18 11:00:00,0,
2025.06.18 11:34:59,scan_executed_new_execution_bar,USDJPY,2025.06.18 11:15:00,16,
2025.06.18 11:39:59,scan_skipped_same_execution_bar,USDJPY,2025.06.18 11:15:00,0,
2025.06.18 11:49:59,scan_executed_new_execution_bar,USDJPY,2025.06.18 11:30:00,0,
2025.06.18 11:54:59,scan_skipped_same_execution_bar,USDJPY,2025.06.18 11:30:00,0,
2025.06.18 12:04:59,scan_executed_new_execution_bar,USDJPY,2025.06.18 11:45:00,0,
2025.06.18 12:09:59,scan_skipped_same_execution_bar,USDJPY,2025.06.18 11:45:00,0,
2025.06.18 12:19:59,scan_executed_new_execution_bar,USDJPY,2025.06.18 12:00:00,0,
2025.06.18 12:24:59,scan_skipped_same_execution_bar,USDJPY,2025.06.18 12:00:00,0,
2025.06.18 12:34:59,scan_executed_new_execution_bar,USDJPY,2025.06.18 12:15:00,0,
2025.06.18 12:39:59,scan_skipped_same_execution_bar,USDJPY,2025.06.18 12:15:00,0,
2025.06.18 12:49:59,scan_executed_new_execution_bar,USDJPY,2025.06.18 12:30:00,0,
2025.06.18 12:54:59,scan_skipped_same_execution_bar,USDJPY,2025.06.18 12:30:00,0,
2025.06.18 13:04:59,scan_executed_new_execution_bar,USDJPY,2025.06.18 12:45:00,0,
2025.06.18 13:09:59,scan_skipped_same_execution_bar,USDJPY,2025.06.18 12:45:00,0,
2025.06.18 13:19:56,scan_executed_new_execution_bar,USDJPY,2025.06.18 13:00:00,16,
2025.06.18 13:24:59,scan_skipped_same_execution_bar,USDJPY,2025.06.18 13:00:00,0,
2025.06.18 13:34:59,scan_executed_new_execution_bar,USDJPY,2025.06.18 13:15:00,0,
2025.06.18 13:39:59,scan_skipped_same_execution_bar,USDJPY,2025.06.18 13:15:00,0,
2025.06.18 13:49:59,scan_executed_new_execution_bar,USDJPY,2025.06.18 13:30:00,0,
2025.06.18 13:54:59,scan_skipped_same_execution_bar,USDJPY,2025.06.18 13:30:00,0,
2025.06.18 14:05:00,scan_executed_new_execution_bar,USDJPY,2025.06.18 13:45:00,0,
2025.06.18 14:09:59,scan_skipped_same_execution_bar,USDJPY,2025.06.18 13:45:00,0,
2025.06.18 14:19:59,scan_executed_new_execution_bar,USDJPY,2025.06.18 14:00:00,16,
2025.06.18 14:24:59,scan_skipped_same_execution_bar,USDJPY,2025.06.18 14:00:00,0,
2025.06.18 14:34:59,scan_executed_new_execution_bar,USDJPY,2025.06.18 14:15:00,0,
2025.06.18 14:39:59,scan_skipped_same_execution_bar,USDJPY,2025.06.18 14:15:00,0,
2025.06.18 14:49:59,scan_executed_new_execution_bar,USDJPY,2025.06.18 14:30:00,15,
2025.06.18 14:54:59,scan_skipped_same_execution_bar,USDJPY,2025.06.18 14:30:00,0,
2025.06.18 15:04:59,scan_executed_new_execution_bar,USDJPY,2025.06.18 14:45:00,0,
2025.06.18 15:09:59,scan_skipped_same_execution_bar,USDJPY,2025.06.18 14:45:00,0,
2025.06.18 15:19:59,scan_executed_new_execution_bar,USDJPY,2025.06.18 15:00:00,0,
2025.06.18 15:24:59,scan_skipped_same_execution_bar,USDJPY,2025.06.18 15:00:00,0,
2025.06.18 15:34:59,scan_executed_new_execution_bar,USDJPY,2025.06.18 15:15:00,0,
2025.06.18 15:39:59,scan_skipped_same_execution_bar,USDJPY,2025.06.18 15:15:00,0,
2025.06.18 15:49:59,scan_executed_new_execution_bar,USDJPY,2025.06.18 15:30:00,31,
2025.06.18 15:54:59,scan_skipped_same_execution_bar,USDJPY,2025.06.18 15:30:00,0,
2025.06.18 16:04:59,scan_executed_new_execution_bar,USDJPY,2025.06.18 15:45:00,0,
2025.06.18 16:09:59,scan_skipped_same_execution_bar,USDJPY,2025.06.18 15:45:00,0,
2025.06.18 16:19:59,scan_executed_new_execution_bar,USDJPY,2025.06.18 16:00:00,0,
2025.06.18 16:24:59,scan_skipped_same_execution_bar,USDJPY,2025.06.18 16:00:00,0,
2025.06.18 16:34:59,scan_executed_new_execution_bar,USDJPY,2025.06.18 16:15:00,0,
2025.06.18 16:39:59,scan_skipped_same_execution_bar,USDJPY,2025.06.18 16:15:00,0,
2025.06.18 16:49:58,scan_executed_new_execution_bar,USDJPY,2025.06.18 16:30:00,0,
2025.06.18 16:54:59,scan_skipped_same_execution_bar,USDJPY,2025.06.18 16:30:00,0,
2025.06.18 17:04:59,scan_executed_new_execution_bar,USDJPY,2025.06.18 16:45:00,0,
2025.06.18 17:09:59,scan_skipped_same_execution_bar,USDJPY,2025.06.18 16:45:00,0,
2025.06.18 17:19:59,scan_executed_new_execution_bar,USDJPY,2025.06.18 17:00:00,15,
2025.06.18 17:24:59,scan_skipped_same_execution_bar,USDJPY,2025.06.18 17:00:00,0,
2025.06.18 17:34:59,scan_executed_new_execution_bar,USDJPY,2025.06.18 17:15:00,0,
2025.06.18 17:39:59,scan_skipped_same_execution_bar,USDJPY,2025.06.18 17:15:00,0,
2025.06.18 17:49:59,scan_executed_new_execution_bar,USDJPY,2025.06.18 17:30:00,16,
2025.06.18 17:54:59,scan_skipped_same_execution_bar,USDJPY,2025.06.18 17:30:00,0,
2025.06.18 18:04:59,scan_executed_new_execution_bar,USDJPY,2025.06.18 17:45:00,47,
2025.06.18 18:09:59,scan_skipped_same_execution_bar,USDJPY,2025.06.18 17:45:00,0,
2025.06.18 18:19:59,scan_executed_new_execution_bar,USDJPY,2025.06.18 18:00:00,16,
2025.06.18 18:24:59,scan_skipped_same_execution_bar,USDJPY,2025.06.18 18:00:00,0,
2025.06.18 18:34:59,scan_executed_new_execution_bar,USDJPY,2025.06.18 18:15:00,0,
2025.06.18 18:40:00,scan_skipped_same_execution_bar,USDJPY,2025.06.18 18:15:00,0,
2025.06.18 18:49:59,scan_executed_new_execution_bar,USDJPY,2025.06.18 18:30:00,0,
2025.06.18 18:54:59,scan_skipped_same_execution_bar,USDJPY,2025.06.18 18:30:00,0,
2025.06.18 19:04:59,scan_executed_new_execution_bar,USDJPY,2025.06.18 18:45:00,0,
2025.06.18 19:09:58,scan_skipped_same_execution_bar,USDJPY,2025.06.18 18:45:00,0,
2025.06.18 19:19:59,scan_executed_new_execution_bar,USDJPY,2025.06.18 19:00:00,0,
2025.06.18 19:24:58,scan_skipped_same_execution_bar,USDJPY,2025.06.18 19:00:00,0,
2025.06.18 19:34:59,scan_executed_new_execution_bar,USDJPY,2025.06.18 19:15:00,47,
2025.06.18 19:40:00,scan_skipped_same_execution_bar,USDJPY,2025.06.18 19:15:00,0,
2025.06.18 19:49:59,scan_executed_new_execution_bar,USDJPY,2025.06.18 19:30:00,31,
2025.06.18 19:54:59,scan_skipped_same_execution_bar,USDJPY,2025.06.18 19:30:00,0,
2025.06.18 20:04:59,scan_executed_new_execution_bar,USDJPY,2025.06.18 19:45:00,62,
2025.06.18 20:09:59,scan_skipped_same_execution_bar,USDJPY,2025.06.18 19:45:00,0,
2025.06.18 20:19:59,scan_executed_new_execution_bar,USDJPY,2025.06.18 20:00:00,16,
2025.06.18 20:24:58,scan_skipped_same_execution_bar,USDJPY,2025.06.18 20:00:00,0,
2025.06.18 20:34:59,scan_executed_new_execution_bar,USDJPY,2025.06.18 20:15:00,0,
2025.06.18 20:39:59,scan_skipped_same_execution_bar,USDJPY,2025.06.18 20:15:00,0,
2025.06.18 20:49:59,scan_executed_new_execution_bar,USDJPY,2025.06.18 20:30:00,0,
2025.06.18 20:54:59,scan_skipped_same_execution_bar,USDJPY,2025.06.18 20:30:00,0,
2025.06.18 21:04:59,scan_executed_new_execution_bar,USDJPY,2025.06.18 20:45:00,0,
2025.06.18 21:09:59,scan_skipped_same_execution_bar,USDJPY,2025.06.18 20:45:00,0,
2025.06.18 21:20:00,scan_executed_new_execution_bar,USDJPY,2025.06.18 21:00:00,16,
2025.06.18 21:24:59,scan_skipped_same_execution_bar,USDJPY,2025.06.18 21:00:00,0,
2025.06.18 21:34:59,scan_executed_new_execution_bar,USDJPY,2025.06.18 21:15:00,0,
2025.06.18 21:39:59,scan_skipped_same_execution_bar,USDJPY,2025.06.18 21:15:00,0,
2025.06.18 21:49:59,scan_executed_new_execution_bar,USDJPY,2025.06.18 21:30:00,16,
2025.06.18 21:54:59,scan_skipped_same_execution_bar,USDJPY,2025.06.18 21:30:00,0,
2025.06.18 22:04:59,scan_executed_new_execution_bar,USDJPY,2025.06.18 21:45:00,0,
2025.06.18 22:09:59,scan_skipped_same_execution_bar,USDJPY,2025.06.18 21:45:00,0,
2025.06.18 22:19:59,scan_executed_new_execution_bar,USDJPY,2025.06.18 22:00:00,0,
2025.06.18 22:24:59,scan_skipped_same_execution_bar,USDJPY,2025.06.18 22:00:00,0,
2025.06.18 22:34:59,scan_executed_new_execution_bar,USDJPY,2025.06.18 22:15:00,0,
2025.06.18 22:39:59,scan_skipped_same_execution_bar,USDJPY,2025.06.18 22:15:00,0,
2025.06.18 22:49:59,scan_executed_new_execution_bar,USDJPY,2025.06.18 22:30:00,0,
2025.06.18 22:54:59,scan_skipped_same_execution_bar,USDJPY,2025.06.18 22:30:00,0,
2025.06.18 23:04:59,scan_executed_new_execution_bar,USDJPY,2025.06.18 22:45:00,15,
2025.06.18 23:09:59,scan_skipped_same_execution_bar,USDJPY,2025.06.18 22:45:00,0,
2025.06.18 23:19:59,scan_executed_new_execution_bar,USDJPY,2025.06.18 23:00:00,31,
2025.06.18 23:24:59,scan_skipped_same_execution_bar,USDJPY,2025.06.18 23:00:00,0,
2025.06.18 23:34:59,scan_executed_new_execution_bar,USDJPY,2025.06.18 23:15:00,31,
2025.06.18 23:39:59,scan_skipped_same_execution_bar,USDJPY,2025.06.18 23:15:00,0,
2025.06.18 23:49:59,scan_executed_new_execution_bar,USDJPY,2025.06.18 23:30:00,15,
2025.06.18 23:54:59,scan_skipped_same_execution_bar,USDJPY,2025.06.18 23:30:00,0,
2025.06.19 00:04:58,scan_executed_new_execution_bar,USDJPY,2025.06.18 23:45:00,0,
2025.06.19 00:09:58,scan_skipped_same_execution_bar,USDJPY,2025.06.18 23:45:00,0,
2025.06.19 00:19:59,scan_executed_new_execution_bar,USDJPY,2025.06.19 00:00:00,0,
2025.06.19 00:24:59,scan_skipped_same_execution_bar,USDJPY,2025.06.19 00:00:00,0,
2025.06.19 00:34:58,scan_executed_new_execution_bar,USDJPY,2025.06.19 00:15:00,0,
2025.06.19 00:39:59,scan_skipped_same_execution_bar,USDJPY,2025.06.19 00:15:00,0,
2025.06.19 00:49:57,scan_executed_new_execution_bar,USDJPY,2025.06.19 00:30:00,0,
2025.06.19 00:54:59,scan_skipped_same_execution_bar,USDJPY,2025.06.19 00:30:00,0,
2025.06.19 01:04:59,scan_executed_new_execution_bar,USDJPY,2025.06.19 00:45:00,31,
2025.06.19 01:09:59,scan_skipped_same_execution_bar,USDJPY,2025.06.19 00:45:00,0,
2025.06.19 01:19:59,scan_executed_new_execution_bar,USDJPY,2025.06.19 01:00:00,0,
2025.06.19 01:24:59,scan_skipped_same_execution_bar,USDJPY,2025.06.19 01:00:00,0,
2025.06.19 01:34:58,scan_executed_new_execution_bar,USDJPY,2025.06.19 01:15:00,0,
2025.06.19 01:39:59,scan_skipped_same_execution_bar,USDJPY,2025.06.19 01:15:00,0,
2025.06.19 01:49:59,scan_executed_new_execution_bar,USDJPY,2025.06.19 01:30:00,0,
2025.06.19 01:54:59,scan_skipped_same_execution_bar,USDJPY,2025.06.19 01:30:00,0,
2025.06.19 02:04:59,scan_executed_new_execution_bar,USDJPY,2025.06.19 01:45:00,0,
2025.06.19 02:09:59,scan_skipped_same_execution_bar,USDJPY,2025.06.19 01:45:00,0,
2025.06.19 02:19:58,scan_executed_new_execution_bar,USDJPY,2025.06.19 02:00:00,0,
2025.06.19 02:24:59,scan_skipped_same_execution_bar,USDJPY,2025.06.19 02:00:00,0,
2025.06.19 02:34:59,scan_executed_new_execution_bar,USDJPY,2025.06.19 02:15:00,0,
2025.06.19 02:39:59,scan_skipped_same_execution_bar,USDJPY,2025.06.19 02:15:00,0,
2025.06.19 02:49:59,scan_executed_new_execution_bar,USDJPY,2025.06.19 02:30:00,0,
2025.06.19 02:54:58,scan_skipped_same_execution_bar,USDJPY,2025.06.19 02:30:00,0,
2025.06.19 03:04:59,scan_executed_new_execution_bar,USDJPY,2025.06.19 02:45:00,0,
2025.06.19 03:09:59,scan_skipped_same_execution_bar,USDJPY,2025.06.19 02:45:00,0,
2025.06.19 03:19:59,scan_executed_new_execution_bar,USDJPY,2025.06.19 03:00:00,0,
2025.06.19 03:24:59,scan_skipped_same_execution_bar,USDJPY,2025.06.19 03:00:00,0,
2025.06.19 03:34:59,scan_executed_new_execution_bar,USDJPY,2025.06.19 03:15:00,16,
2025.06.19 03:39:59,scan_skipped_same_execution_bar,USDJPY,2025.06.19 03:15:00,0,
2025.06.19 03:49:59,scan_executed_new_execution_bar,USDJPY,2025.06.19 03:30:00,0,
2025.06.19 03:54:59,scan_skipped_same_execution_bar,USDJPY,2025.06.19 03:30:00,0,
2025.06.19 04:04:59,scan_executed_new_execution_bar,USDJPY,2025.06.19 03:45:00,0,
2025.06.19 04:09:59,scan_skipped_same_execution_bar,USDJPY,2025.06.19 03:45:00,0,
2025.06.19 04:19:59,scan_executed_new_execution_bar,USDJPY,2025.06.19 04:00:00,0,
2025.06.19 04:24:59,scan_skipped_same_execution_bar,USDJPY,2025.06.19 04:00:00,0,
2025.06.19 04:34:59,scan_executed_new_execution_bar,USDJPY,2025.06.19 04:15:00,0,
2025.06.19 04:39:59,scan_skipped_same_execution_bar,USDJPY,2025.06.19 04:15:00,0,
2025.06.19 04:49:59,scan_executed_new_execution_bar,USDJPY,2025.06.19 04:30:00,16,
2025.06.19 04:54:59,scan_skipped_same_execution_bar,USDJPY,2025.06.19 04:30:00,0,
2025.06.19 05:04:59,scan_executed_new_execution_bar,USDJPY,2025.06.19 04:45:00,0,
2025.06.19 05:09:59,scan_skipped_same_execution_bar,USDJPY,2025.06.19 04:45:00,0,
2025.06.19 05:20:00,scan_executed_new_execution_bar,USDJPY,2025.06.19 05:00:00,16,
2025.06.19 05:24:59,scan_skipped_same_execution_bar,USDJPY,2025.06.19 05:00:00,0,
2025.06.19 05:34:59,scan_executed_new_execution_bar,USDJPY,2025.06.19 05:15:00,0,
2025.06.19 05:39:59,scan_skipped_same_execution_bar,USDJPY,2025.06.19 05:15:00,0,
2025.06.19 05:49:59,scan_executed_new_execution_bar,USDJPY,2025.06.19 05:30:00,15,
2025.06.19 05:54:58,scan_skipped_same_execution_bar,USDJPY,2025.06.19 05:30:00,0,
2025.06.19 06:04:59,scan_executed_new_execution_bar,USDJPY,2025.06.19 05:45:00,0,
2025.06.19 06:09:58,scan_skipped_same_execution_bar,USDJPY,2025.06.19 05:45:00,0,
2025.06.19 06:19:57,scan_executed_new_execution_bar,USDJPY,2025.06.19 06:00:00,31,
2025.06.19 06:24:59,scan_skipped_same_execution_bar,USDJPY,2025.06.19 06:00:00,0,
2025.06.19 06:34:59,scan_executed_new_execution_bar,USDJPY,2025.06.19 06:15:00,31,
2025.06.19 06:39:59,scan_skipped_same_execution_bar,USDJPY,2025.06.19 06:15:00,0,
2025.06.19 06:49:59,scan_executed_new_execution_bar,USDJPY,2025.06.19 06:30:00,32,
2025.06.19 06:54:59,scan_skipped_same_execution_bar,USDJPY,2025.06.19 06:30:00,0,
2025.06.19 07:04:59,scan_executed_new_execution_bar,USDJPY,2025.06.19 06:45:00,15,
2025.06.19 07:09:59,scan_skipped_same_execution_bar,USDJPY,2025.06.19 06:45:00,0,
2025.06.19 07:19:59,scan_executed_new_execution_bar,USDJPY,2025.06.19 07:00:00,16,
2025.06.19 07:24:59,scan_skipped_same_execution_bar,USDJPY,2025.06.19 07:00:00,0,
2025.06.19 07:34:59,scan_executed_new_execution_bar,USDJPY,2025.06.19 07:15:00,0,
2025.06.19 07:39:58,scan_skipped_same_execution_bar,USDJPY,2025.06.19 07:15:00,0,
2025.06.19 07:49:59,scan_executed_new_execution_bar,USDJPY,2025.06.19 07:30:00,0,
2025.06.19 07:54:59,scan_skipped_same_execution_bar,USDJPY,2025.06.19 07:30:00,0,
2025.06.19 08:04:59,scan_executed_new_execution_bar,USDJPY,2025.06.19 07:45:00,16,
2025.06.19 08:09:59,scan_skipped_same_execution_bar,USDJPY,2025.06.19 07:45:00,0,
2025.06.19 08:19:59,scan_executed_new_execution_bar,USDJPY,2025.06.19 08:00:00,0,
2025.06.19 08:24:59,scan_skipped_same_execution_bar,USDJPY,2025.06.19 08:00:00,0,
2025.06.19 08:34:59,scan_executed_new_execution_bar,USDJPY,2025.06.19 08:15:00,0,
2025.06.19 08:39:59,scan_skipped_same_execution_bar,USDJPY,2025.06.19 08:15:00,0,
2025.06.19 08:49:59,scan_executed_new_execution_bar,USDJPY,2025.06.19 08:30:00,0,
2025.06.19 08:54:59,scan_skipped_same_execution_bar,USDJPY,2025.06.19 08:30:00,0,
2025.06.19 09:04:59,scan_executed_new_execution_bar,USDJPY,2025.06.19 08:45:00,0,
2025.06.19 09:09:59,scan_skipped_same_execution_bar,USDJPY,2025.06.19 08:45:00,0,
2025.06.19 09:19:59,scan_executed_new_execution_bar,USDJPY,2025.06.19 09:00:00,0,
2025.06.19 09:24:59,scan_skipped_same_execution_bar,USDJPY,2025.06.19 09:00:00,0,
2025.06.19 09:34:59,scan_executed_new_execution_bar,USDJPY,2025.06.19 09:15:00,0,
2025.06.19 09:39:59,scan_skipped_same_execution_bar,USDJPY,2025.06.19 09:15:00,0,
2025.06.19 09:49:59,scan_executed_new_execution_bar,USDJPY,2025.06.19 09:30:00,0,
2025.06.19 09:54:59,scan_skipped_same_execution_bar,USDJPY,2025.06.19 09:30:00,0,
2025.06.19 10:04:59,scan_executed_new_execution_bar,USDJPY,2025.06.19 09:45:00,0,
2025.06.19 10:09:58,scan_skipped_same_execution_bar,USDJPY,2025.06.19 09:45:00,0,
2025.06.19 10:20:00,scan_executed_new_execution_bar,USDJPY,2025.06.19 10:00:00,0,
2025.06.19 10:24:59,scan_skipped_same_execution_bar,USDJPY,2025.06.19 10:00:00,0,
2025.06.19 10:34:58,scan_executed_new_execution_bar,USDJPY,2025.06.19 10:15:00,0,
2025.06.19 10:39:59,scan_skipped_same_execution_bar,USDJPY,2025.06.19 10:15:00,0,
2025.06.19 10:49:59,scan_executed_new_execution_bar,USDJPY,2025.06.19 10:30:00,0,
2025.06.19 10:54:59,scan_skipped_same_execution_bar,USDJPY,2025.06.19 10:30:00,0,
2025.06.19 11:04:59,scan_executed_new_execution_bar,USDJPY,2025.06.19 10:45:00,0,
2025.06.19 11:09:59,scan_skipped_same_execution_bar,USDJPY,2025.06.19 10:45:00,0,
2025.06.19 11:19:59,scan_executed_new_execution_bar,USDJPY,2025.06.19 11:00:00,0,
2025.06.19 11:24:58,scan_skipped_same_execution_bar,USDJPY,2025.06.19 11:00:00,0,
2025.06.19 11:34:59,scan_executed_new_execution_bar,USDJPY,2025.06.19 11:15:00,0,
2025.06.19 11:39:59,scan_skipped_same_execution_bar,USDJPY,2025.06.19 11:15:00,0,
2025.06.19 11:49:59,scan_executed_new_execution_bar,USDJPY,2025.06.19 11:30:00,0,
2025.06.19 11:54:59,scan_skipped_same_execution_bar,USDJPY,2025.06.19 11:30:00,0,
2025.06.19 12:04:59,scan_executed_new_execution_bar,USDJPY,2025.06.19 11:45:00,0,
2025.06.19 12:09:59,scan_skipped_same_execution_bar,USDJPY,2025.06.19 11:45:00,0,
2025.06.19 12:19:59,scan_executed_new_execution_bar,USDJPY,2025.06.19 12:00:00,0,
2025.06.19 12:24:59,scan_skipped_same_execution_bar,USDJPY,2025.06.19 12:00:00,0,
2025.06.19 12:34:59,scan_executed_new_execution_bar,USDJPY,2025.06.19 12:15:00,0,
2025.06.19 12:39:59,scan_skipped_same_execution_bar,USDJPY,2025.06.19 12:15:00,0,
2025.06.19 12:49:59,scan_executed_new_execution_bar,USDJPY,2025.06.19 12:30:00,0,
2025.06.19 12:54:59,scan_skipped_same_execution_bar,USDJPY,2025.06.19 12:30:00,0,
2025.06.19 13:04:59,scan_executed_new_execution_bar,USDJPY,2025.06.19 12:45:00,0,
2025.06.19 13:09:59,scan_skipped_same_execution_bar,USDJPY,2025.06.19 12:45:00,0,
2025.06.19 13:19:59,scan_executed_new_execution_bar,USDJPY,2025.06.19 13:00:00,0,
2025.06.19 13:24:59,scan_skipped_same_execution_bar,USDJPY,2025.06.19 13:00:00,0,
2025.06.19 13:34:59,scan_executed_new_execution_bar,USDJPY,2025.06.19 13:15:00,0,
2025.06.19 13:39:59,scan_skipped_same_execution_bar,USDJPY,2025.06.19 13:15:00,0,
2025.06.19 13:49:59,scan_executed_new_execution_bar,USDJPY,2025.06.19 13:30:00,0,
2025.06.19 13:54:59,scan_skipped_same_execution_bar,USDJPY,2025.06.19 13:30:00,0,
2025.06.19 14:04:59,scan_executed_new_execution_bar,USDJPY,2025.06.19 13:45:00,16,
2025.06.19 14:09:59,scan_skipped_same_execution_bar,USDJPY,2025.06.19 13:45:00,0,
2025.06.19 14:19:59,scan_executed_new_execution_bar,USDJPY,2025.06.19 14:00:00,31,
2025.06.19 14:24:59,scan_skipped_same_execution_bar,USDJPY,2025.06.19 14:00:00,0,
2025.06.19 14:34:59,scan_executed_new_execution_bar,USDJPY,2025.06.19 14:15:00,0,
2025.06.19 14:39:59,scan_skipped_same_execution_bar,USDJPY,2025.06.19 14:15:00,0,
2025.06.19 14:49:59,scan_executed_new_execution_bar,USDJPY,2025.06.19 14:30:00,0,
2025.06.19 14:54:59,scan_skipped_same_execution_bar,USDJPY,2025.06.19 14:30:00,0,
2025.06.19 15:05:00,scan_executed_new_execution_bar,USDJPY,2025.06.19 14:45:00,0,
2025.06.19 15:09:59,scan_skipped_same_execution_bar,USDJPY,2025.06.19 14:45:00,0,
2025.06.19 15:19:58,scan_executed_new_execution_bar,USDJPY,2025.06.19 15:00:00,16,
2025.06.19 15:24:59,scan_skipped_same_execution_bar,USDJPY,2025.06.19 15:00:00,0,
2025.06.19 15:34:59,scan_executed_new_execution_bar,USDJPY,2025.06.19 15:15:00,31,
2025.06.19 15:39:59,scan_skipped_same_execution_bar,USDJPY,2025.06.19 15:15:00,0,
2025.06.19 15:49:59,scan_executed_new_execution_bar,USDJPY,2025.06.19 15:30:00,0,
2025.06.19 15:54:59,scan_skipped_same_execution_bar,USDJPY,2025.06.19 15:30:00,0,
2025.06.19 16:04:59,scan_executed_new_execution_bar,USDJPY,2025.06.19 15:45:00,0,
2025.06.19 16:09:59,scan_skipped_same_execution_bar,USDJPY,2025.06.19 15:45:00,0,
2025.06.19 16:19:58,scan_executed_new_execution_bar,USDJPY,2025.06.19 16:00:00,0,
2025.06.19 16:24:58,scan_skipped_same_execution_bar,USDJPY,2025.06.19 16:00:00,0,
2025.06.19 16:34:59,scan_executed_new_execution_bar,USDJPY,2025.06.19 16:15:00,16,
2025.06.19 16:39:59,scan_skipped_same_execution_bar,USDJPY,2025.06.19 16:15:00,0,
2025.06.19 16:49:59,scan_executed_new_execution_bar,USDJPY,2025.06.19 16:30:00,16,
2025.06.19 16:54:59,scan_skipped_same_execution_bar,USDJPY,2025.06.19 16:30:00,0,
2025.06.19 17:04:59,scan_executed_new_execution_bar,USDJPY,2025.06.19 16:45:00,0,
2025.06.19 17:10:00,scan_skipped_same_execution_bar,USDJPY,2025.06.19 16:45:00,0,
2025.06.19 17:19:59,scan_executed_new_execution_bar,USDJPY,2025.06.19 17:00:00,0,
2025.06.19 17:24:59,scan_skipped_same_execution_bar,USDJPY,2025.06.19 17:00:00,0,
2025.06.19 17:34:59,scan_executed_new_execution_bar,USDJPY,2025.06.19 17:15:00,16,
2025.06.19 17:39:58,scan_skipped_same_execution_bar,USDJPY,2025.06.19 17:15:00,0,
2025.06.19 17:49:59,scan_executed_new_execution_bar,USDJPY,2025.06.19 17:30:00,15,
2025.06.19 17:54:59,scan_skipped_same_execution_bar,USDJPY,2025.06.19 17:30:00,0,
2025.06.19 18:04:59,scan_executed_new_execution_bar,USDJPY,2025.06.19 17:45:00,0,
2025.06.19 18:09:59,scan_skipped_same_execution_bar,USDJPY,2025.06.19 17:45:00,0,
2025.06.19 18:19:59,scan_executed_new_execution_bar,USDJPY,2025.06.19 18:00:00,16,
2025.06.19 18:24:59,scan_skipped_same_execution_bar,USDJPY,2025.06.19 18:00:00,0,
2025.06.19 18:34:59,scan_executed_new_execution_bar,USDJPY,2025.06.19 18:15:00,15,
2025.06.19 18:39:58,scan_skipped_same_execution_bar,USDJPY,2025.06.19 18:15:00,0,
2025.06.19 18:49:56,scan_executed_new_execution_bar,USDJPY,2025.06.19 18:30:00,16,
2025.06.19 18:54:59,scan_skipped_same_execution_bar,USDJPY,2025.06.19 18:30:00,0,
2025.06.19 19:04:59,scan_executed_new_execution_bar,USDJPY,2025.06.19 18:45:00,0,
2025.06.19 19:09:59,scan_skipped_same_execution_bar,USDJPY,2025.06.19 18:45:00,0,
2025.06.19 19:19:59,scan_executed_new_execution_bar,USDJPY,2025.06.19 19:00:00,0,
2025.06.19 19:24:58,scan_skipped_same_execution_bar,USDJPY,2025.06.19 19:00:00,0,
2025.06.19 19:34:59,scan_executed_new_execution_bar,USDJPY,2025.06.19 19:15:00,0,
2025.06.19 19:39:58,scan_skipped_same_execution_bar,USDJPY,2025.06.19 19:15:00,0,
2025.06.19 19:49:56,scan_executed_new_execution_bar,USDJPY,2025.06.19 19:30:00,0,
2025.06.19 19:54:59,scan_skipped_same_execution_bar,USDJPY,2025.06.19 19:30:00,0,
2025.06.19 20:04:56,scan_executed_new_execution_bar,USDJPY,2025.06.19 19:45:00,0,
2025.06.19 20:09:58,scan_skipped_same_execution_bar,USDJPY,2025.06.19 19:45:00,0,
2025.06.19 20:19:57,scan_executed_new_execution_bar,USDJPY,2025.06.19 20:00:00,15,
2025.06.19 20:24:59,scan_skipped_same_execution_bar,USDJPY,2025.06.19 20:00:00,0,
2025.06.19 20:34:59,scan_executed_new_execution_bar,USDJPY,2025.06.19 20:15:00,0,
2025.06.19 20:39:59,scan_skipped_same_execution_bar,USDJPY,2025.06.19 20:15:00,0,
2025.06.19 20:49:59,scan_executed_new_execution_bar,USDJPY,2025.06.19 20:30:00,0,
2025.06.19 20:54:59,scan_skipped_same_execution_bar,USDJPY,2025.06.19 20:30:00,0,
2025.06.19 21:04:57,scan_executed_new_execution_bar,USDJPY,2025.06.19 20:45:00,0,
2025.06.19 21:09:59,scan_skipped_same_execution_bar,USDJPY,2025.06.19 20:45:00,0,
2025.06.19 21:19:58,scan_executed_new_execution_bar,USDJPY,2025.06.19 21:00:00,0,
2025.06.19 21:24:41,scan_skipped_same_execution_bar,USDJPY,2025.06.19 21:00:00,0,
2025.06.19 21:34:58,scan_executed_new_execution_bar,USDJPY,2025.06.19 21:15:00,0,
2025.06.19 21:39:58,scan_skipped_same_execution_bar,USDJPY,2025.06.19 21:15:00,0,
2025.06.19 21:49:55,scan_executed_new_execution_bar,USDJPY,2025.06.19 21:30:00,0,
2025.06.19 21:54:59,scan_skipped_same_execution_bar,USDJPY,2025.06.19 21:30:00,0,
2025.06.19 22:04:58,scan_executed_new_execution_bar,USDJPY,2025.06.19 21:45:00,0,
2025.06.19 22:09:59,scan_skipped_same_execution_bar,USDJPY,2025.06.19 21:45:00,0,
2025.06.19 22:19:59,scan_executed_new_execution_bar,USDJPY,2025.06.19 22:00:00,0,
2025.06.19 22:24:57,scan_skipped_same_execution_bar,USDJPY,2025.06.19 22:00:00,0,
2025.06.19 22:34:59,scan_executed_new_execution_bar,USDJPY,2025.06.19 22:15:00,0,
2025.06.19 22:39:55,scan_skipped_same_execution_bar,USDJPY,2025.06.19 22:15:00,0,
2025.06.19 22:49:58,scan_executed_new_execution_bar,USDJPY,2025.06.19 22:30:00,0,
2025.06.19 22:55:00,scan_skipped_same_execution_bar,USDJPY,2025.06.19 22:30:00,0,
2025.06.19 23:04:59,scan_executed_new_execution_bar,USDJPY,2025.06.19 22:45:00,0,
2025.06.19 23:09:57,scan_skipped_same_execution_bar,USDJPY,2025.06.19 22:45:00,0,
2025.06.19 23:19:59,scan_executed_new_execution_bar,USDJPY,2025.06.19 23:00:00,0,
2025.06.19 23:24:59,scan_skipped_same_execution_bar,USDJPY,2025.06.19 23:00:00,0,
2025.06.19 23:34:58,scan_executed_new_execution_bar,USDJPY,2025.06.19 23:15:00,0,
2025.06.19 23:39:59,scan_skipped_same_execution_bar,USDJPY,2025.06.19 23:15:00,0,
2025.06.19 23:49:59,scan_executed_new_execution_bar,USDJPY,2025.06.19 23:30:00,0,
2025.06.19 23:54:59,scan_skipped_same_execution_bar,USDJPY,2025.06.19 23:30:00,0,
2025.06.20 00:04:58,scan_executed_new_execution_bar,USDJPY,2025.06.19 23:45:00,0,
2025.06.20 00:09:58,scan_skipped_same_execution_bar,USDJPY,2025.06.19 23:45:00,0,
2025.06.20 00:20:00,scan_executed_new_execution_bar,USDJPY,2025.06.20 00:00:00,0,
2025.06.20 00:24:59,scan_skipped_same_execution_bar,USDJPY,2025.06.20 00:00:00,0,
2025.06.20 00:34:57,scan_executed_new_execution_bar,USDJPY,2025.06.20 00:15:00,0,
2025.06.20 00:39:59,scan_skipped_same_execution_bar,USDJPY,2025.06.20 00:15:00,0,
2025.06.20 00:49:59,scan_executed_new_execution_bar,USDJPY,2025.06.20 00:30:00,0,
2025.06.20 00:54:59,scan_skipped_same_execution_bar,USDJPY,2025.06.20 00:30:00,0,
2025.06.20 01:04:59,scan_executed_new_execution_bar,USDJPY,2025.06.20 00:45:00,0,
2025.06.20 01:09:59,scan_skipped_same_execution_bar,USDJPY,2025.06.20 00:45:00,0,
2025.06.20 01:19:59,scan_executed_new_execution_bar,USDJPY,2025.06.20 01:00:00,0,
2025.06.20 01:24:59,scan_skipped_same_execution_bar,USDJPY,2025.06.20 01:00:00,0,
2025.06.20 01:34:59,scan_executed_new_execution_bar,USDJPY,2025.06.20 01:15:00,31,
2025.06.20 01:39:59,scan_skipped_same_execution_bar,USDJPY,2025.06.20 01:15:00,0,
2025.06.20 01:49:58,scan_executed_new_execution_bar,USDJPY,2025.06.20 01:30:00,0,
2025.06.20 01:54:59,scan_skipped_same_execution_bar,USDJPY,2025.06.20 01:30:00,0,
2025.06.20 02:04:57,scan_executed_new_execution_bar,USDJPY,2025.06.20 01:45:00,0,
2025.06.20 02:09:59,scan_skipped_same_execution_bar,USDJPY,2025.06.20 01:45:00,0,
2025.06.20 02:19:59,scan_executed_new_execution_bar,USDJPY,2025.06.20 02:00:00,16,
2025.06.20 02:24:59,scan_skipped_same_execution_bar,USDJPY,2025.06.20 02:00:00,0,
2025.06.20 02:34:59,scan_executed_new_execution_bar,USDJPY,2025.06.20 02:15:00,15,
2025.06.20 02:39:59,scan_skipped_same_execution_bar,USDJPY,2025.06.20 02:15:00,0,
2025.06.20 02:49:58,scan_executed_new_execution_bar,USDJPY,2025.06.20 02:30:00,0,
2025.06.20 02:54:59,scan_skipped_same_execution_bar,USDJPY,2025.06.20 02:30:00,0,
2025.06.20 03:04:59,scan_executed_new_execution_bar,USDJPY,2025.06.20 02:45:00,0,
2025.06.20 03:09:59,scan_skipped_same_execution_bar,USDJPY,2025.06.20 02:45:00,0,
2025.06.20 03:19:59,scan_executed_new_execution_bar,USDJPY,2025.06.20 03:00:00,0,
2025.06.20 03:24:59,scan_skipped_same_execution_bar,USDJPY,2025.06.20 03:00:00,0,
2025.06.20 03:34:59,scan_executed_new_execution_bar,USDJPY,2025.06.20 03:15:00,31,
2025.06.20 03:39:59,scan_skipped_same_execution_bar,USDJPY,2025.06.20 03:15:00,0,
2025.06.20 03:49:59,scan_executed_new_execution_bar,USDJPY,2025.06.20 03:30:00,0,
2025.06.20 03:54:59,scan_skipped_same_execution_bar,USDJPY,2025.06.20 03:30:00,0,
2025.06.20 04:04:59,scan_executed_new_execution_bar,USDJPY,2025.06.20 03:45:00,0,
2025.06.20 04:09:59,scan_skipped_same_execution_bar,USDJPY,2025.06.20 03:45:00,0,
2025.06.20 04:19:59,scan_executed_new_execution_bar,USDJPY,2025.06.20 04:00:00,47,
2025.06.20 04:24:59,scan_skipped_same_execution_bar,USDJPY,2025.06.20 04:00:00,0,
2025.06.20 04:34:59,scan_executed_new_execution_bar,USDJPY,2025.06.20 04:15:00,0,
2025.06.20 04:39:59,scan_skipped_same_execution_bar,USDJPY,2025.06.20 04:15:00,0,
2025.06.20 04:49:59,scan_executed_new_execution_bar,USDJPY,2025.06.20 04:30:00,16,
2025.06.20 04:54:59,scan_skipped_same_execution_bar,USDJPY,2025.06.20 04:30:00,0,
2025.06.20 05:04:59,scan_executed_new_execution_bar,USDJPY,2025.06.20 04:45:00,16,
2025.06.20 05:09:59,scan_skipped_same_execution_bar,USDJPY,2025.06.20 04:45:00,0,
2025.06.20 05:19:59,scan_executed_new_execution_bar,USDJPY,2025.06.20 05:00:00,0,
2025.06.20 05:24:57,scan_skipped_same_execution_bar,USDJPY,2025.06.20 05:00:00,0,
2025.06.20 05:34:59,scan_executed_new_execution_bar,USDJPY,2025.06.20 05:15:00,0,
2025.06.20 05:39:59,scan_skipped_same_execution_bar,USDJPY,2025.06.20 05:15:00,0,
2025.06.20 05:49:59,scan_executed_new_execution_bar,USDJPY,2025.06.20 05:30:00,0,
2025.06.20 05:54:59,scan_skipped_same_execution_bar,USDJPY,2025.06.20 05:30:00,0,
2025.06.20 06:04:59,scan_executed_new_execution_bar,USDJPY,2025.06.20 05:45:00,0,
2025.06.20 06:09:59,scan_skipped_same_execution_bar,USDJPY,2025.06.20 05:45:00,0,
2025.06.20 06:19:59,scan_executed_new_execution_bar,USDJPY,2025.06.20 06:00:00,0,
2025.06.20 06:24:59,scan_skipped_same_execution_bar,USDJPY,2025.06.20 06:00:00,0,
2025.06.20 06:34:59,scan_executed_new_execution_bar,USDJPY,2025.06.20 06:15:00,0,
2025.06.20 06:39:59,scan_skipped_same_execution_bar,USDJPY,2025.06.20 06:15:00,0,
2025.06.20 06:49:59,scan_executed_new_execution_bar,USDJPY,2025.06.20 06:30:00,0,
2025.06.20 06:54:59,scan_skipped_same_execution_bar,USDJPY,2025.06.20 06:30:00,0,
2025.06.20 07:04:59,scan_executed_new_execution_bar,USDJPY,2025.06.20 06:45:00,0,
2025.06.20 07:09:59,scan_skipped_same_execution_bar,USDJPY,2025.06.20 06:45:00,0,
2025.06.20 07:19:58,scan_executed_new_execution_bar,USDJPY,2025.06.20 07:00:00,0,
2025.06.20 07:24:59,scan_skipped_same_execution_bar,USDJPY,2025.06.20 07:00:00,0,
2025.06.20 07:34:58,scan_executed_new_execution_bar,USDJPY,2025.06.20 07:15:00,16,
2025.06.20 07:39:59,scan_skipped_same_execution_bar,USDJPY,2025.06.20 07:15:00,0,
2025.06.20 07:49:59,scan_executed_new_execution_bar,USDJPY,2025.06.20 07:30:00,0,
2025.06.20 07:54:59,scan_skipped_same_execution_bar,USDJPY,2025.06.20 07:30:00,0,
2025.06.20 08:04:59,scan_executed_new_execution_bar,USDJPY,2025.06.20 07:45:00,15,
2025.06.20 08:09:59,scan_skipped_same_execution_bar,USDJPY,2025.06.20 07:45:00,0,
2025.06.20 08:19:59,scan_executed_new_execution_bar,USDJPY,2025.06.20 08:00:00,0,
2025.06.20 08:24:59,scan_skipped_same_execution_bar,USDJPY,2025.06.20 08:00:00,0,
2025.06.20 08:34:59,scan_executed_new_execution_bar,USDJPY,2025.06.20 08:15:00,0,
2025.06.20 08:39:59,scan_skipped_same_execution_bar,USDJPY,2025.06.20 08:15:00,0,
2025.06.20 08:49:59,scan_executed_new_execution_bar,USDJPY,2025.06.20 08:30:00,0,
2025.06.20 08:54:59,scan_skipped_same_execution_bar,USDJPY,2025.06.20 08:30:00,0,
2025.06.20 09:04:59,scan_executed_new_execution_bar,USDJPY,2025.06.20 08:45:00,0,
2025.06.20 09:09:59,scan_skipped_same_execution_bar,USDJPY,2025.06.20 08:45:00,0,
2025.06.20 09:19:59,scan_executed_new_execution_bar,USDJPY,2025.06.20 09:00:00,16,
2025.06.20 09:24:59,scan_skipped_same_execution_bar,USDJPY,2025.06.20 09:00:00,0,
2025.06.20 09:34:59,scan_executed_new_execution_bar,USDJPY,2025.06.20 09:15:00,0,
2025.06.20 09:39:59,scan_skipped_same_execution_bar,USDJPY,2025.06.20 09:15:00,0,
2025.06.20 09:49:59,scan_executed_new_execution_bar,USDJPY,2025.06.20 09:30:00,0,
2025.06.20 09:54:59,scan_skipped_same_execution_bar,USDJPY,2025.06.20 09:30:00,0,
2025.06.20 10:04:59,scan_executed_new_execution_bar,USDJPY,2025.06.20 09:45:00,0,
2025.06.20 10:09:59,scan_skipped_same_execution_bar,USDJPY,2025.06.20 09:45:00,0,
2025.06.20 10:19:59,scan_executed_new_execution_bar,USDJPY,2025.06.20 10:00:00,0,
2025.06.20 10:24:59,scan_skipped_same_execution_bar,USDJPY,2025.06.20 10:00:00,0,
2025.06.20 10:34:59,scan_executed_new_execution_bar,USDJPY,2025.06.20 10:15:00,0,
2025.06.20 10:39:59,scan_skipped_same_execution_bar,USDJPY,2025.06.20 10:15:00,0,
2025.06.20 10:49:59,scan_executed_new_execution_bar,USDJPY,2025.06.20 10:30:00,0,
2025.06.20 10:54:59,scan_skipped_same_execution_bar,USDJPY,2025.06.20 10:30:00,0,
2025.06.20 11:04:59,scan_executed_new_execution_bar,USDJPY,2025.06.20 10:45:00,0,
2025.06.20 11:09:59,scan_skipped_same_execution_bar,USDJPY,2025.06.20 10:45:00,0,
2025.06.20 11:19:59,scan_executed_new_execution_bar,USDJPY,2025.06.20 11:00:00,0,
2025.06.20 11:24:59,scan_skipped_same_execution_bar,USDJPY,2025.06.20 11:00:00,0,
2025.06.20 11:34:57,scan_executed_new_execution_bar,USDJPY,2025.06.20 11:15:00,0,
2025.06.20 11:39:59,scan_skipped_same_execution_bar,USDJPY,2025.06.20 11:15:00,0,
2025.06.20 11:49:59,scan_executed_new_execution_bar,USDJPY,2025.06.20 11:30:00,0,
2025.06.20 11:54:59,scan_skipped_same_execution_bar,USDJPY,2025.06.20 11:30:00,0,
2025.06.20 12:04:59,scan_executed_new_execution_bar,USDJPY,2025.06.20 11:45:00,0,
2025.06.20 12:09:59,scan_skipped_same_execution_bar,USDJPY,2025.06.20 11:45:00,0,
2025.06.20 12:19:59,scan_executed_new_execution_bar,USDJPY,2025.06.20 12:00:00,0,
2025.06.20 12:24:59,scan_skipped_same_execution_bar,USDJPY,2025.06.20 12:00:00,0,
2025.06.20 12:34:59,scan_executed_new_execution_bar,USDJPY,2025.06.20 12:15:00,16,
2025.06.20 12:39:59,scan_skipped_same_execution_bar,USDJPY,2025.06.20 12:15:00,0,
2025.06.20 12:49:59,scan_executed_new_execution_bar,USDJPY,2025.06.20 12:30:00,15,
2025.06.20 12:54:59,scan_skipped_same_execution_bar,USDJPY,2025.06.20 12:30:00,0,
2025.06.20 13:04:59,scan_executed_new_execution_bar,USDJPY,2025.06.20 12:45:00,0,
2025.06.20 13:09:58,scan_skipped_same_execution_bar,USDJPY,2025.06.20 12:45:00,0,
2025.06.20 13:19:56,scan_executed_new_execution_bar,USDJPY,2025.06.20 13:00:00,0,
2025.06.20 13:25:00,scan_skipped_same_execution_bar,USDJPY,2025.06.20 13:00:00,0,
2025.06.20 13:35:00,scan_executed_new_execution_bar,USDJPY,2025.06.20 13:15:00,15,
2025.06.20 13:39:59,scan_skipped_same_execution_bar,USDJPY,2025.06.20 13:15:00,0,
2025.06.20 13:49:59,scan_executed_new_execution_bar,USDJPY,2025.06.20 13:30:00,0,
2025.06.20 13:54:59,scan_skipped_same_execution_bar,USDJPY,2025.06.20 13:30:00,0,
2025.06.20 14:04:59,scan_executed_new_execution_bar,USDJPY,2025.06.20 13:45:00,0,
2025.06.20 14:09:59,scan_skipped_same_execution_bar,USDJPY,2025.06.20 13:45:00,0,
2025.06.20 14:19:59,scan_executed_new_execution_bar,USDJPY,2025.06.20 14:00:00,0,
2025.06.20 14:24:59,scan_skipped_same_execution_bar,USDJPY,2025.06.20 14:00:00,0,
2025.06.20 14:34:59,scan_executed_new_execution_bar,USDJPY,2025.06.20 14:15:00,0,
2025.06.20 14:40:00,scan_skipped_same_execution_bar,USDJPY,2025.06.20 14:15:00,0,
2025.06.20 14:49:59,scan_executed_new_execution_bar,USDJPY,2025.06.20 14:30:00,0,
2025.06.20 14:54:59,scan_skipped_same_execution_bar,USDJPY,2025.06.20 14:30:00,0,
2025.06.20 15:04:59,scan_executed_new_execution_bar,USDJPY,2025.06.20 14:45:00,0,
2025.06.20 15:09:59,scan_skipped_same_execution_bar,USDJPY,2025.06.20 14:45:00,0,
2025.06.20 15:20:00,scan_executed_new_execution_bar,USDJPY,2025.06.20 15:00:00,0,
2025.06.20 15:24:59,scan_skipped_same_execution_bar,USDJPY,2025.06.20 15:00:00,0,
2025.06.20 15:34:59,scan_executed_new_execution_bar,USDJPY,2025.06.20 15:15:00,0,
2025.06.20 15:39:59,scan_skipped_same_execution_bar,USDJPY,2025.06.20 15:15:00,0,
2025.06.20 15:49:59,scan_executed_new_execution_bar,USDJPY,2025.06.20 15:30:00,32,
2025.06.20 15:54:59,scan_skipped_same_execution_bar,USDJPY,2025.06.20 15:30:00,0,
2025.06.20 16:04:59,scan_executed_new_execution_bar,USDJPY,2025.06.20 15:45:00,15,
2025.06.20 16:09:59,scan_skipped_same_execution_bar,USDJPY,2025.06.20 15:45:00,0,
2025.06.20 16:19:59,scan_executed_new_execution_bar,USDJPY,2025.06.20 16:00:00,0,
2025.06.20 16:24:59,scan_skipped_same_execution_bar,USDJPY,2025.06.20 16:00:00,0,
2025.06.20 16:34:59,scan_executed_new_execution_bar,USDJPY,2025.06.20 16:15:00,0,
2025.06.20 16:39:59,scan_skipped_same_execution_bar,USDJPY,2025.06.20 16:15:00,0,
2025.06.20 16:49:59,scan_executed_new_execution_bar,USDJPY,2025.06.20 16:30:00,16,
2025.06.20 16:54:59,scan_skipped_same_execution_bar,USDJPY,2025.06.20 16:30:00,0,
2025.06.20 17:04:59,scan_executed_new_execution_bar,USDJPY,2025.06.20 16:45:00,0,
2025.06.20 17:09:59,scan_skipped_same_execution_bar,USDJPY,2025.06.20 16:45:00,0,
2025.06.20 17:19:59,scan_executed_new_execution_bar,USDJPY,2025.06.20 17:00:00,0,
2025.06.20 17:24:59,scan_skipped_same_execution_bar,USDJPY,2025.06.20 17:00:00,0,
2025.06.20 17:30:00,scan_executed_new_execution_bar,USDJPY,2025.06.20 17:15:00,0,
2025.06.20 17:34:59,scan_skipped_same_execution_bar,USDJPY,2025.06.20 17:15:00,0,
2025.06.20 17:49:59,scan_executed_new_execution_bar,USDJPY,2025.06.20 17:30:00,15,
2025.06.20 17:54:59,scan_skipped_same_execution_bar,USDJPY,2025.06.20 17:30:00,0,
2025.06.20 18:04:59,scan_executed_new_execution_bar,USDJPY,2025.06.20 17:45:00,16,
2025.06.20 18:09:59,scan_skipped_same_execution_bar,USDJPY,2025.06.20 17:45:00,0,
2025.06.20 18:19:59,scan_executed_new_execution_bar,USDJPY,2025.06.20 18:00:00,31,
2025.06.20 18:24:59,scan_skipped_same_execution_bar,USDJPY,2025.06.20 18:00:00,0,
2025.06.20 18:34:59,scan_executed_new_execution_bar,USDJPY,2025.06.20 18:15:00,0,
2025.06.20 18:39:59,scan_skipped_same_execution_bar,USDJPY,2025.06.20 18:15:00,0,
2025.06.20 18:49:59,scan_executed_new_execution_bar,USDJPY,2025.06.20 18:30:00,0,
2025.06.20 18:54:59,scan_skipped_same_execution_bar,USDJPY,2025.06.20 18:30:00,0,
2025.06.20 19:04:59,scan_executed_new_execution_bar,USDJPY,2025.06.20 18:45:00,0,
2025.06.20 19:09:57,scan_skipped_same_execution_bar,USDJPY,2025.06.20 18:45:00,0,
2025.06.20 19:19:59,scan_executed_new_execution_bar,USDJPY,2025.06.20 19:00:00,16,
2025.06.20 19:24:58,scan_skipped_same_execution_bar,USDJPY,2025.06.20 19:00:00,0,
2025.06.20 19:34:59,scan_executed_new_execution_bar,USDJPY,2025.06.20 19:15:00,31,
2025.06.20 19:39:59,scan_skipped_same_execution_bar,USDJPY,2025.06.20 19:15:00,0,
2025.06.20 19:49:59,scan_executed_new_execution_bar,USDJPY,2025.06.20 19:30:00,31,
2025.06.20 19:54:59,scan_skipped_same_execution_bar,USDJPY,2025.06.20 19:30:00,0,
2025.06.20 20:04:58,scan_executed_new_execution_bar,USDJPY,2025.06.20 19:45:00,16,
2025.06.20 20:09:58,scan_skipped_same_execution_bar,USDJPY,2025.06.20 19:45:00,0,
2025.06.20 20:19:59,scan_executed_new_execution_bar,USDJPY,2025.06.20 20:00:00,15,
2025.06.20 20:24:59,scan_skipped_same_execution_bar,USDJPY,2025.06.20 20:00:00,0,
2025.06.20 20:34:59,scan_executed_new_execution_bar,USDJPY,2025.06.20 20:15:00,0,
2025.06.20 20:39:59,scan_skipped_same_execution_bar,USDJPY,2025.06.20 20:15:00,0,
2025.06.20 20:49:59,scan_executed_new_execution_bar,USDJPY,2025.06.20 20:30:00,15,
2025.06.20 20:54:59,scan_skipped_same_execution_bar,USDJPY,2025.06.20 20:30:00,0,
2025.06.20 21:04:59,scan_executed_new_execution_bar,USDJPY,2025.06.20 20:45:00,16,
2025.06.20 21:09:59,scan_skipped_same_execution_bar,USDJPY,2025.06.20 20:45:00,0,
2025.06.20 21:19:59,scan_executed_new_execution_bar,USDJPY,2025.06.20 21:00:00,15,
2025.06.20 21:24:59,scan_skipped_same_execution_bar,USDJPY,2025.06.20 21:00:00,0,
2025.06.20 21:34:59,scan_executed_new_execution_bar,USDJPY,2025.06.20 21:15:00,0,
2025.06.20 21:39:58,scan_skipped_same_execution_bar,USDJPY,2025.06.20 21:15:00,0,
2025.06.20 21:49:59,scan_executed_new_execution_bar,USDJPY,2025.06.20 21:30:00,0,
2025.06.20 21:54:59,scan_skipped_same_execution_bar,USDJPY,2025.06.20 21:30:00,0,
2025.06.20 22:04:59,scan_executed_new_execution_bar,USDJPY,2025.06.20 21:45:00,0,
2025.06.20 22:09:59,scan_skipped_same_execution_bar,USDJPY,2025.06.20 21:45:00,0,
2025.06.20 22:19:59,scan_executed_new_execution_bar,USDJPY,2025.06.20 22:00:00,0,
2025.06.20 22:24:59,scan_skipped_same_execution_bar,USDJPY,2025.06.20 22:00:00,0,
2025.06.20 22:34:58,scan_executed_new_execution_bar,USDJPY,2025.06.20 22:15:00,16,
2025.06.20 22:39:59,scan_skipped_same_execution_bar,USDJPY,2025.06.20 22:15:00,0,
2025.06.20 22:49:59,scan_executed_new_execution_bar,USDJPY,2025.06.20 22:30:00,0,
2025.06.20 22:54:59,scan_skipped_same_execution_bar,USDJPY,2025.06.20 22:30:00,0,
2025.06.20 23:04:58,scan_executed_new_execution_bar,USDJPY,2025.06.20 22:45:00,16,
2025.06.20 23:09:59,scan_skipped_same_execution_bar,USDJPY,2025.06.20 22:45:00,0,
2025.06.20 23:19:59,scan_executed_new_execution_bar,USDJPY,2025.06.20 23:00:00,15,
2025.06.20 23:24:59,scan_skipped_same_execution_bar,USDJPY,2025.06.20 23:00:00,0,
2025.06.20 23:34:58,scan_executed_new_execution_bar,USDJPY,2025.06.20 23:15:00,0,
2025.06.20 23:39:59,scan_skipped_same_execution_bar,USDJPY,2025.06.20 23:15:00,0,
2025.06.20 23:49:59,scan_executed_new_execution_bar,USDJPY,2025.06.20 23:30:00,0,
2025.06.20 23:54:59,scan_skipped_same_execution_bar,USDJPY,2025.06.20 23:30:00,0,
2025.06.23 00:04:56,scan_executed_new_execution_bar,USDJPY,2025.06.20 23:45:00,0,
2025.06.23 00:09:57,scan_skipped_same_execution_bar,USDJPY,2025.06.20 23:45:00,0,
2025.06.23 00:19:58,scan_executed_new_execution_bar,USDJPY,2025.06.23 00:00:00,0,
2025.06.23 00:24:59,scan_skipped_same_execution_bar,USDJPY,2025.06.23 00:00:00,0,
2025.06.23 00:34:59,scan_executed_new_execution_bar,USDJPY,2025.06.23 00:15:00,0,
2025.06.23 00:39:59,scan_skipped_same_execution_bar,USDJPY,2025.06.23 00:15:00,0,
2025.06.23 00:49:51,scan_executed_new_execution_bar,USDJPY,2025.06.23 00:30:00,0,
2025.06.23 00:54:58,scan_skipped_same_execution_bar,USDJPY,2025.06.23 00:30:00,0,
2025.06.23 01:04:59,scan_executed_new_execution_bar,USDJPY,2025.06.23 00:45:00,0,
2025.06.23 01:09:59,scan_skipped_same_execution_bar,USDJPY,2025.06.23 00:45:00,0,
2025.06.23 01:19:59,scan_executed_new_execution_bar,USDJPY,2025.06.23 01:00:00,0,
2025.06.23 01:24:59,scan_skipped_same_execution_bar,USDJPY,2025.06.23 01:00:00,0,
2025.06.23 01:34:59,scan_executed_new_execution_bar,USDJPY,2025.06.23 01:15:00,16,
2025.06.23 01:39:59,scan_skipped_same_execution_bar,USDJPY,2025.06.23 01:15:00,0,
2025.06.23 01:49:57,scan_executed_new_execution_bar,USDJPY,2025.06.23 01:30:00,0,
2025.06.23 01:54:59,scan_skipped_same_execution_bar,USDJPY,2025.06.23 01:30:00,0,
2025.06.23 02:04:59,scan_executed_new_execution_bar,USDJPY,2025.06.23 01:45:00,0,
2025.06.23 02:09:59,scan_skipped_same_execution_bar,USDJPY,2025.06.23 01:45:00,0,
2025.06.23 02:19:58,scan_executed_new_execution_bar,USDJPY,2025.06.23 02:00:00,0,
2025.06.23 02:24:59,scan_skipped_same_execution_bar,USDJPY,2025.06.23 02:00:00,0,
2025.06.23 02:34:59,scan_executed_new_execution_bar,USDJPY,2025.06.23 02:15:00,0,
2025.06.23 02:39:57,scan_skipped_same_execution_bar,USDJPY,2025.06.23 02:15:00,0,
2025.06.23 02:49:59,scan_executed_new_execution_bar,USDJPY,2025.06.23 02:30:00,0,
2025.06.23 02:54:59,scan_skipped_same_execution_bar,USDJPY,2025.06.23 02:30:00,0,
2025.06.23 03:04:59,scan_executed_new_execution_bar,USDJPY,2025.06.23 02:45:00,0,
2025.06.23 03:09:59,scan_skipped_same_execution_bar,USDJPY,2025.06.23 02:45:00,0,
2025.06.23 03:19:59,scan_executed_new_execution_bar,USDJPY,2025.06.23 03:00:00,0,
2025.06.23 03:24:59,scan_skipped_same_execution_bar,USDJPY,2025.06.23 03:00:00,0,
2025.06.23 03:34:59,scan_executed_new_execution_bar,USDJPY,2025.06.23 03:15:00,0,
2025.06.23 03:39:59,scan_skipped_same_execution_bar,USDJPY,2025.06.23 03:15:00,0,
2025.06.23 03:49:59,scan_executed_new_execution_bar,USDJPY,2025.06.23 03:30:00,15,
2025.06.23 03:55:00,scan_skipped_same_execution_bar,USDJPY,2025.06.23 03:30:00,0,
2025.06.23 04:04:59,scan_executed_new_execution_bar,USDJPY,2025.06.23 03:45:00,0,
2025.06.23 04:09:59,scan_skipped_same_execution_bar,USDJPY,2025.06.23 03:45:00,0,
2025.06.23 04:19:59,scan_executed_new_execution_bar,USDJPY,2025.06.23 04:00:00,0,
2025.06.23 04:25:00,scan_skipped_same_execution_bar,USDJPY,2025.06.23 04:00:00,0,
2025.06.23 04:34:59,scan_executed_new_execution_bar,USDJPY,2025.06.23 04:15:00,0,
2025.06.23 04:39:59,scan_skipped_same_execution_bar,USDJPY,2025.06.23 04:15:00,0,
2025.06.23 04:49:59,scan_executed_new_execution_bar,USDJPY,2025.06.23 04:30:00,0,
2025.06.23 04:54:59,scan_skipped_same_execution_bar,USDJPY,2025.06.23 04:30:00,0,
2025.06.23 05:04:59,scan_executed_new_execution_bar,USDJPY,2025.06.23 04:45:00,0,
2025.06.23 05:09:59,scan_skipped_same_execution_bar,USDJPY,2025.06.23 04:45:00,0,
2025.06.23 05:19:59,scan_executed_new_execution_bar,USDJPY,2025.06.23 05:00:00,16,
2025.06.23 05:24:59,scan_skipped_same_execution_bar,USDJPY,2025.06.23 05:00:00,0,
2025.06.23 05:34:59,scan_executed_new_execution_bar,USDJPY,2025.06.23 05:15:00,15,
2025.06.23 05:39:59,scan_skipped_same_execution_bar,USDJPY,2025.06.23 05:15:00,0,
2025.06.23 05:49:59,scan_executed_new_execution_bar,USDJPY,2025.06.23 05:30:00,0,
2025.06.23 05:54:59,scan_skipped_same_execution_bar,USDJPY,2025.06.23 05:30:00,0,
2025.06.23 06:04:58,scan_executed_new_execution_bar,USDJPY,2025.06.23 05:45:00,15,
2025.06.23 06:09:59,scan_skipped_same_execution_bar,USDJPY,2025.06.23 05:45:00,0,
2025.06.23 06:19:59,scan_executed_new_execution_bar,USDJPY,2025.06.23 06:00:00,0,
2025.06.23 06:24:59,scan_skipped_same_execution_bar,USDJPY,2025.06.23 06:00:00,0,
2025.06.23 06:34:59,scan_executed_new_execution_bar,USDJPY,2025.06.23 06:15:00,16,
2025.06.23 06:39:58,scan_skipped_same_execution_bar,USDJPY,2025.06.23 06:15:00,0,
2025.06.23 06:49:59,scan_executed_new_execution_bar,USDJPY,2025.06.23 06:30:00,0,
2025.06.23 06:54:59,scan_skipped_same_execution_bar,USDJPY,2025.06.23 06:30:00,0,
2025.06.23 07:04:59,scan_executed_new_execution_bar,USDJPY,2025.06.23 06:45:00,0,
2025.06.23 07:09:59,scan_skipped_same_execution_bar,USDJPY,2025.06.23 06:45:00,0,
2025.06.23 07:19:59,scan_executed_new_execution_bar,USDJPY,2025.06.23 07:00:00,0,
2025.06.23 07:24:59,scan_skipped_same_execution_bar,USDJPY,2025.06.23 07:00:00,0,
2025.06.23 07:34:59,scan_executed_new_execution_bar,USDJPY,2025.06.23 07:15:00,0,
2025.06.23 07:39:59,scan_skipped_same_execution_bar,USDJPY,2025.06.23 07:15:00,0,
2025.06.23 07:49:59,scan_executed_new_execution_bar,USDJPY,2025.06.23 07:30:00,0,
2025.06.23 07:54:59,scan_skipped_same_execution_bar,USDJPY,2025.06.23 07:30:00,0,
2025.06.23 08:04:59,scan_executed_new_execution_bar,USDJPY,2025.06.23 07:45:00,0,
2025.06.23 08:09:59,scan_skipped_same_execution_bar,USDJPY,2025.06.23 07:45:00,0,
2025.06.23 08:19:59,scan_executed_new_execution_bar,USDJPY,2025.06.23 08:00:00,0,
2025.06.23 08:24:59,scan_skipped_same_execution_bar,USDJPY,2025.06.23 08:00:00,0,
2025.06.23 08:34:59,scan_executed_new_execution_bar,USDJPY,2025.06.23 08:15:00,0,
2025.06.23 08:39:59,scan_skipped_same_execution_bar,USDJPY,2025.06.23 08:15:00,0,
2025.06.23 08:49:59,scan_executed_new_execution_bar,USDJPY,2025.06.23 08:30:00,0,
2025.06.23 08:54:59,scan_skipped_same_execution_bar,USDJPY,2025.06.23 08:30:00,0,
2025.06.23 09:04:59,scan_executed_new_execution_bar,USDJPY,2025.06.23 08:45:00,0,
2025.06.23 09:09:59,scan_skipped_same_execution_bar,USDJPY,2025.06.23 08:45:00,0,
2025.06.23 09:19:59,scan_executed_new_execution_bar,USDJPY,2025.06.23 09:00:00,0,
2025.06.23 09:24:59,scan_skipped_same_execution_bar,USDJPY,2025.06.23 09:00:00,0,
2025.06.23 09:34:59,scan_executed_new_execution_bar,USDJPY,2025.06.23 09:15:00,0,
2025.06.23 09:39:59,scan_skipped_same_execution_bar,USDJPY,2025.06.23 09:15:00,0,
2025.06.23 09:49:59,scan_executed_new_execution_bar,USDJPY,2025.06.23 09:30:00,46,
2025.06.23 09:54:59,scan_skipped_same_execution_bar,USDJPY,2025.06.23 09:30:00,0,
2025.06.23 10:04:59,scan_executed_new_execution_bar,USDJPY,2025.06.23 09:45:00,0,
2025.06.23 10:09:59,scan_skipped_same_execution_bar,USDJPY,2025.06.23 09:45:00,0,
2025.06.23 10:19:59,scan_executed_new_execution_bar,USDJPY,2025.06.23 10:00:00,0,
2025.06.23 10:24:58,scan_skipped_same_execution_bar,USDJPY,2025.06.23 10:00:00,0,
2025.06.23 10:34:59,scan_executed_new_execution_bar,USDJPY,2025.06.23 10:15:00,0,
2025.06.23 10:39:59,scan_skipped_same_execution_bar,USDJPY,2025.06.23 10:15:00,0,
2025.06.23 10:49:59,scan_executed_new_execution_bar,USDJPY,2025.06.23 10:30:00,0,
2025.06.23 10:54:59,scan_skipped_same_execution_bar,USDJPY,2025.06.23 10:30:00,0,
2025.06.23 11:04:59,scan_executed_new_execution_bar,USDJPY,2025.06.23 10:45:00,0,
2025.06.23 11:09:59,scan_skipped_same_execution_bar,USDJPY,2025.06.23 10:45:00,0,
2025.06.23 11:19:59,scan_executed_new_execution_bar,USDJPY,2025.06.23 11:00:00,16,
2025.06.23 11:24:59,scan_skipped_same_execution_bar,USDJPY,2025.06.23 11:00:00,0,
2025.06.23 11:34:59,scan_executed_new_execution_bar,USDJPY,2025.06.23 11:15:00,62,
2025.06.23 11:40:00,scan_skipped_same_execution_bar,USDJPY,2025.06.23 11:15:00,0,
2025.06.23 11:49:59,scan_executed_new_execution_bar,USDJPY,2025.06.23 11:30:00,0,
2025.06.23 11:54:59,scan_skipped_same_execution_bar,USDJPY,2025.06.23 11:30:00,0,
2025.06.23 12:04:59,scan_executed_new_execution_bar,USDJPY,2025.06.23 11:45:00,16,
2025.06.23 12:09:59,scan_skipped_same_execution_bar,USDJPY,2025.06.23 11:45:00,0,
2025.06.23 12:19:59,scan_executed_new_execution_bar,USDJPY,2025.06.23 12:00:00,0,
2025.06.23 12:24:59,scan_skipped_same_execution_bar,USDJPY,2025.06.23 12:00:00,0,
2025.06.23 12:34:59,scan_executed_new_execution_bar,USDJPY,2025.06.23 12:15:00,0,
2025.06.23 12:39:59,scan_skipped_same_execution_bar,USDJPY,2025.06.23 12:15:00,0,
2025.06.23 12:49:59,scan_executed_new_execution_bar,USDJPY,2025.06.23 12:30:00,32,
2025.06.23 12:54:59,scan_skipped_same_execution_bar,USDJPY,2025.06.23 12:30:00,0,
2025.06.23 13:04:59,scan_executed_new_execution_bar,USDJPY,2025.06.23 12:45:00,0,
2025.06.23 13:09:59,scan_skipped_same_execution_bar,USDJPY,2025.06.23 12:45:00,0,
2025.06.23 13:19:59,scan_executed_new_execution_bar,USDJPY,2025.06.23 13:00:00,16,
2025.06.23 13:24:59,scan_skipped_same_execution_bar,USDJPY,2025.06.23 13:00:00,0,
2025.06.23 13:34:59,scan_executed_new_execution_bar,USDJPY,2025.06.23 13:15:00,0,
2025.06.23 13:39:59,scan_skipped_same_execution_bar,USDJPY,2025.06.23 13:15:00,0,
2025.06.23 13:49:59,scan_executed_new_execution_bar,USDJPY,2025.06.23 13:30:00,0,
2025.06.23 13:54:59,scan_skipped_same_execution_bar,USDJPY,2025.06.23 13:30:00,0,
2025.06.23 14:04:59,scan_executed_new_execution_bar,USDJPY,2025.06.23 13:45:00,0,
2025.06.23 14:09:59,scan_skipped_same_execution_bar,USDJPY,2025.06.23 13:45:00,0,
2025.06.23 14:19:59,scan_executed_new_execution_bar,USDJPY,2025.06.23 14:00:00,47,
2025.06.23 14:24:59,scan_skipped_same_execution_bar,USDJPY,2025.06.23 14:00:00,0,
2025.06.23 14:34:59,scan_executed_new_execution_bar,USDJPY,2025.06.23 14:15:00,0,
2025.06.23 14:39:59,scan_skipped_same_execution_bar,USDJPY,2025.06.23 14:15:00,0,
2025.06.23 14:49:59,scan_executed_new_execution_bar,USDJPY,2025.06.23 14:30:00,16,
2025.06.23 14:54:59,scan_skipped_same_execution_bar,USDJPY,2025.06.23 14:30:00,0,
2025.06.23 15:04:59,scan_executed_new_execution_bar,USDJPY,2025.06.23 14:45:00,16,
2025.06.23 15:09:59,scan_skipped_same_execution_bar,USDJPY,2025.06.23 14:45:00,0,
2025.06.23 15:19:59,scan_executed_new_execution_bar,USDJPY,2025.06.23 15:00:00,0,
2025.06.23 15:24:58,scan_skipped_same_execution_bar,USDJPY,2025.06.23 15:00:00,0,
2025.06.23 15:34:59,scan_executed_new_execution_bar,USDJPY,2025.06.23 15:15:00,0,
2025.06.23 15:39:59,scan_skipped_same_execution_bar,USDJPY,2025.06.23 15:15:00,0,
2025.06.23 15:49:59,scan_executed_new_execution_bar,USDJPY,2025.06.23 15:30:00,16,
2025.06.23 15:54:59,scan_skipped_same_execution_bar,USDJPY,2025.06.23 15:30:00,0,
2025.06.23 16:04:59,scan_executed_new_execution_bar,USDJPY,2025.06.23 15:45:00,0,
2025.06.23 16:10:00,scan_skipped_same_execution_bar,USDJPY,2025.06.23 15:45:00,0,
2025.06.23 16:19:59,scan_executed_new_execution_bar,USDJPY,2025.06.23 16:00:00,15,
2025.06.23 16:24:59,scan_skipped_same_execution_bar,USDJPY,2025.06.23 16:00:00,0,
2025.06.23 16:34:59,scan_executed_new_execution_bar,USDJPY,2025.06.23 16:15:00,0,
2025.06.23 16:39:59,scan_skipped_same_execution_bar,USDJPY,2025.06.23 16:15:00,0,
2025.06.23 16:49:59,scan_executed_new_execution_bar,USDJPY,2025.06.23 16:30:00,0,
2025.06.23 16:54:59,scan_skipped_same_execution_bar,USDJPY,2025.06.23 16:30:00,0,
2025.06.23 17:04:59,scan_executed_new_execution_bar,USDJPY,2025.06.23 16:45:00,0,
2025.06.23 17:09:59,scan_skipped_same_execution_bar,USDJPY,2025.06.23 16:45:00,0,
2025.06.23 17:19:59,scan_executed_new_execution_bar,USDJPY,2025.06.23 17:00:00,0,
2025.06.23 17:24:59,scan_skipped_same_execution_bar,USDJPY,2025.06.23 17:00:00,0,
2025.06.23 17:34:59,scan_executed_new_execution_bar,USDJPY,2025.06.23 17:15:00,0,
2025.06.23 17:39:59,scan_skipped_same_execution_bar,USDJPY,2025.06.23 17:15:00,0,
2025.06.23 17:49:59,scan_executed_new_execution_bar,USDJPY,2025.06.23 17:30:00,0,
2025.06.23 17:54:59,scan_skipped_same_execution_bar,USDJPY,2025.06.23 17:30:00,0,
2025.06.23 18:04:59,scan_executed_new_execution_bar,USDJPY,2025.06.23 17:45:00,0,
2025.06.23 18:09:59,scan_skipped_same_execution_bar,USDJPY,2025.06.23 17:45:00,0,
2025.06.23 18:19:59,scan_executed_new_execution_bar,USDJPY,2025.06.23 18:00:00,0,
2025.06.23 18:24:59,scan_skipped_same_execution_bar,USDJPY,2025.06.23 18:00:00,0,
2025.06.23 18:34:59,scan_executed_new_execution_bar,USDJPY,2025.06.23 18:15:00,16,
2025.06.23 18:39:59,scan_skipped_same_execution_bar,USDJPY,2025.06.23 18:15:00,0,
2025.06.23 18:49:59,scan_executed_new_execution_bar,USDJPY,2025.06.23 18:30:00,63,
2025.06.23 18:54:59,scan_skipped_same_execution_bar,USDJPY,2025.06.23 18:30:00,0,
2025.06.23 19:04:59,scan_executed_new_execution_bar,USDJPY,2025.06.23 18:45:00,46,
2025.06.23 19:09:59,scan_skipped_same_execution_bar,USDJPY,2025.06.23 18:45:00,0,
2025.06.23 19:19:59,scan_executed_new_execution_bar,USDJPY,2025.06.23 19:00:00,47,
2025.06.23 19:24:59,scan_skipped_same_execution_bar,USDJPY,2025.06.23 19:00:00,0,
2025.06.23 19:34:59,scan_executed_new_execution_bar,USDJPY,2025.06.23 19:15:00,0,
2025.06.23 19:39:59,scan_skipped_same_execution_bar,USDJPY,2025.06.23 19:15:00,0,
2025.06.23 19:49:59,scan_executed_new_execution_bar,USDJPY,2025.06.23 19:30:00,31,
2025.06.23 19:54:59,scan_skipped_same_execution_bar,USDJPY,2025.06.23 19:30:00,0,
2025.06.23 20:04:59,scan_executed_new_execution_bar,USDJPY,2025.06.23 19:45:00,31,
2025.06.23 20:09:59,scan_skipped_same_execution_bar,USDJPY,2025.06.23 19:45:00,0,
2025.06.23 20:19:59,scan_executed_new_execution_bar,USDJPY,2025.06.23 20:00:00,31,
2025.06.23 20:24:59,scan_skipped_same_execution_bar,USDJPY,2025.06.23 20:00:00,0,
2025.06.23 20:34:59,scan_executed_new_execution_bar,USDJPY,2025.06.23 20:15:00,15,
2025.06.23 20:39:59,scan_skipped_same_execution_bar,USDJPY,2025.06.23 20:15:00,0,
2025.06.23 20:49:59,scan_executed_new_execution_bar,USDJPY,2025.06.23 20:30:00,0,
2025.06.23 20:54:59,scan_skipped_same_execution_bar,USDJPY,2025.06.23 20:30:00,0,
2025.06.23 21:04:59,scan_executed_new_execution_bar,USDJPY,2025.06.23 20:45:00,0,
2025.06.23 21:09:59,scan_skipped_same_execution_bar,USDJPY,2025.06.23 20:45:00,0,
2025.06.23 21:19:58,scan_executed_new_execution_bar,USDJPY,2025.06.23 21:00:00,16,
2025.06.23 21:24:59,scan_skipped_same_execution_bar,USDJPY,2025.06.23 21:00:00,0,
2025.06.23 21:34:59,scan_executed_new_execution_bar,USDJPY,2025.06.23 21:15:00,47,
2025.06.23 21:39:59,scan_skipped_same_execution_bar,USDJPY,2025.06.23 21:15:00,0,
2025.06.23 21:49:59,scan_executed_new_execution_bar,USDJPY,2025.06.23 21:30:00,0,
2025.06.23 21:54:59,scan_skipped_same_execution_bar,USDJPY,2025.06.23 21:30:00,0,
2025.06.23 22:04:59,scan_executed_new_execution_bar,USDJPY,2025.06.23 21:45:00,31,
2025.06.23 22:09:59,scan_skipped_same_execution_bar,USDJPY,2025.06.23 21:45:00,0,
2025.06.23 22:19:59,scan_executed_new_execution_bar,USDJPY,2025.06.23 22:00:00,0,
2025.06.23 22:24:59,scan_skipped_same_execution_bar,USDJPY,2025.06.23 22:00:00,0,
2025.06.23 22:34:59,scan_executed_new_execution_bar,USDJPY,2025.06.23 22:15:00,0,
2025.06.23 22:39:59,scan_skipped_same_execution_bar,USDJPY,2025.06.23 22:15:00,0,
2025.06.23 22:49:59,scan_executed_new_execution_bar,USDJPY,2025.06.23 22:30:00,0,
2025.06.23 22:54:59,scan_skipped_same_execution_bar,USDJPY,2025.06.23 22:30:00,0,
2025.06.23 23:04:52,scan_executed_new_execution_bar,USDJPY,2025.06.23 22:45:00,0,
2025.06.23 23:09:59,scan_skipped_same_execution_bar,USDJPY,2025.06.23 22:45:00,0,
2025.06.23 23:19:59,scan_executed_new_execution_bar,USDJPY,2025.06.23 23:00:00,0,
2025.06.23 23:24:59,scan_skipped_same_execution_bar,USDJPY,2025.06.23 23:00:00,0,
2025.06.23 23:34:56,scan_executed_new_execution_bar,USDJPY,2025.06.23 23:15:00,0,
2025.06.23 23:39:59,scan_skipped_same_execution_bar,USDJPY,2025.06.23 23:15:00,0,
2025.06.23 23:49:59,scan_executed_new_execution_bar,USDJPY,2025.06.23 23:30:00,0,
2025.06.23 23:54:59,scan_skipped_same_execution_bar,USDJPY,2025.06.23 23:30:00,0,
2025.06.24 00:04:55,scan_executed_new_execution_bar,USDJPY,2025.06.23 23:45:00,0,
2025.06.24 00:09:56,scan_skipped_same_execution_bar,USDJPY,2025.06.23 23:45:00,0,
2025.06.24 00:20:00,scan_executed_new_execution_bar,USDJPY,2025.06.24 00:00:00,0,
2025.06.24 00:25:00,scan_skipped_same_execution_bar,USDJPY,2025.06.24 00:00:00,0,
2025.06.24 00:34:56,scan_executed_new_execution_bar,USDJPY,2025.06.24 00:15:00,0,
2025.06.24 00:39:59,scan_skipped_same_execution_bar,USDJPY,2025.06.24 00:15:00,0,
2025.06.24 00:50:00,scan_executed_new_execution_bar,USDJPY,2025.06.24 00:30:00,0,
2025.06.24 00:55:00,scan_skipped_same_execution_bar,USDJPY,2025.06.24 00:30:00,0,
2025.06.24 01:05:00,scan_executed_new_execution_bar,USDJPY,2025.06.24 00:45:00,0,
2025.06.24 01:10:00,scan_skipped_same_execution_bar,USDJPY,2025.06.24 00:45:00,0,
2025.06.24 01:20:00,scan_executed_new_execution_bar,USDJPY,2025.06.24 01:00:00,0,
2025.06.24 01:25:00,scan_skipped_same_execution_bar,USDJPY,2025.06.24 01:00:00,0,
2025.06.24 01:35:00,scan_executed_new_execution_bar,USDJPY,2025.06.24 01:15:00,0,
2025.06.24 01:40:00,scan_skipped_same_execution_bar,USDJPY,2025.06.24 01:15:00,0,
2025.06.24 01:49:59,scan_executed_new_execution_bar,USDJPY,2025.06.24 01:30:00,16,
2025.06.24 01:55:00,scan_skipped_same_execution_bar,USDJPY,2025.06.24 01:30:00,0,
2025.06.24 02:04:58,scan_executed_new_execution_bar,USDJPY,2025.06.24 01:45:00,0,
2025.06.24 02:09:59,scan_skipped_same_execution_bar,USDJPY,2025.06.24 01:45:00,0,
2025.06.24 02:19:59,scan_executed_new_execution_bar,USDJPY,2025.06.24 02:00:00,0,
2025.06.24 02:24:59,scan_skipped_same_execution_bar,USDJPY,2025.06.24 02:00:00,0,
2025.06.24 02:35:00,scan_executed_new_execution_bar,USDJPY,2025.06.24 02:15:00,0,
2025.06.24 02:40:00,scan_skipped_same_execution_bar,USDJPY,2025.06.24 02:15:00,0,
2025.06.24 02:49:59,scan_executed_new_execution_bar,USDJPY,2025.06.24 02:30:00,0,
2025.06.24 02:55:00,scan_skipped_same_execution_bar,USDJPY,2025.06.24 02:30:00,0,
2025.06.24 03:05:00,scan_executed_new_execution_bar,USDJPY,2025.06.24 02:45:00,47,
2025.06.24 03:10:00,scan_skipped_same_execution_bar,USDJPY,2025.06.24 02:45:00,0,
2025.06.24 03:20:00,scan_executed_new_execution_bar,USDJPY,2025.06.24 03:00:00,0,
2025.06.24 03:25:00,scan_skipped_same_execution_bar,USDJPY,2025.06.24 03:00:00,0,
2025.06.24 03:35:00,scan_executed_new_execution_bar,USDJPY,2025.06.24 03:15:00,16,
2025.06.24 03:39:59,scan_skipped_same_execution_bar,USDJPY,2025.06.24 03:15:00,0,
2025.06.24 03:49:59,scan_executed_new_execution_bar,USDJPY,2025.06.24 03:30:00,0,
2025.06.24 03:55:00,scan_skipped_same_execution_bar,USDJPY,2025.06.24 03:30:00,0,
2025.06.24 04:05:00,scan_executed_new_execution_bar,USDJPY,2025.06.24 03:45:00,0,
2025.06.24 04:09:59,scan_skipped_same_execution_bar,USDJPY,2025.06.24 03:45:00,0,
2025.06.24 04:20:00,scan_executed_new_execution_bar,USDJPY,2025.06.24 04:00:00,0,
2025.06.24 04:24:59,scan_skipped_same_execution_bar,USDJPY,2025.06.24 04:00:00,0,
2025.06.24 04:35:00,scan_executed_new_execution_bar,USDJPY,2025.06.24 04:15:00,46,
2025.06.24 04:40:00,scan_skipped_same_execution_bar,USDJPY,2025.06.24 04:15:00,0,
2025.06.24 04:50:00,scan_executed_new_execution_bar,USDJPY,2025.06.24 04:30:00,47,
2025.06.24 04:55:00,scan_skipped_same_execution_bar,USDJPY,2025.06.24 04:30:00,0,
2025.06.24 05:04:59,scan_executed_new_execution_bar,USDJPY,2025.06.24 04:45:00,0,
2025.06.24 05:09:59,scan_skipped_same_execution_bar,USDJPY,2025.06.24 04:45:00,0,
2025.06.24 05:20:00,scan_executed_new_execution_bar,USDJPY,2025.06.24 05:00:00,0,
2025.06.24 05:24:59,scan_skipped_same_execution_bar,USDJPY,2025.06.24 05:00:00,0,
2025.06.24 05:34:59,scan_executed_new_execution_bar,USDJPY,2025.06.24 05:15:00,0,
2025.06.24 05:40:00,scan_skipped_same_execution_bar,USDJPY,2025.06.24 05:15:00,0,
2025.06.24 05:49:59,scan_executed_new_execution_bar,USDJPY,2025.06.24 05:30:00,0,
2025.06.24 05:55:00,scan_skipped_same_execution_bar,USDJPY,2025.06.24 05:30:00,0,
2025.06.24 06:05:00,scan_executed_new_execution_bar,USDJPY,2025.06.24 05:45:00,0,
2025.06.24 06:10:00,scan_skipped_same_execution_bar,USDJPY,2025.06.24 05:45:00,0,
2025.06.24 06:20:00,scan_executed_new_execution_bar,USDJPY,2025.06.24 06:00:00,0,
2025.06.24 06:25:00,scan_skipped_same_execution_bar,USDJPY,2025.06.24 06:00:00,0,
2025.06.24 06:34:59,scan_executed_new_execution_bar,USDJPY,2025.06.24 06:15:00,0,
2025.06.24 06:40:00,scan_skipped_same_execution_bar,USDJPY,2025.06.24 06:15:00,0,
2025.06.24 06:50:00,scan_executed_new_execution_bar,USDJPY,2025.06.24 06:30:00,0,
2025.06.24 06:55:00,scan_skipped_same_execution_bar,USDJPY,2025.06.24 06:30:00,0,
2025.06.24 07:04:59,scan_executed_new_execution_bar,USDJPY,2025.06.24 06:45:00,32,
2025.06.24 07:10:00,scan_skipped_same_execution_bar,USDJPY,2025.06.24 06:45:00,0,
2025.06.24 07:20:00,scan_executed_new_execution_bar,USDJPY,2025.06.24 07:00:00,16,
2025.06.24 07:24:59,scan_skipped_same_execution_bar,USDJPY,2025.06.24 07:00:00,0,
2025.06.24 07:34:59,scan_executed_new_execution_bar,USDJPY,2025.06.24 07:15:00,0,
2025.06.24 07:39:59,scan_skipped_same_execution_bar,USDJPY,2025.06.24 07:15:00,0,
2025.06.24 07:49:58,scan_executed_new_execution_bar,USDJPY,2025.06.24 07:30:00,0,
2025.06.24 07:55:00,scan_skipped_same_execution_bar,USDJPY,2025.06.24 07:30:00,0,
2025.06.24 08:04:59,scan_executed_new_execution_bar,USDJPY,2025.06.24 07:45:00,0,
2025.06.24 08:09:59,scan_skipped_same_execution_bar,USDJPY,2025.06.24 07:45:00,0,
2025.06.24 08:19:59,scan_executed_new_execution_bar,USDJPY,2025.06.24 08:00:00,32,
2025.06.24 08:24:59,scan_skipped_same_execution_bar,USDJPY,2025.06.24 08:00:00,0,
2025.06.24 08:34:59,scan_executed_new_execution_bar,USDJPY,2025.06.24 08:15:00,0,
2025.06.24 08:39:59,scan_skipped_same_execution_bar,USDJPY,2025.06.24 08:15:00,0,
2025.06.24 08:49:59,scan_executed_new_execution_bar,USDJPY,2025.06.24 08:30:00,0,
2025.06.24 08:55:00,scan_skipped_same_execution_bar,USDJPY,2025.06.24 08:30:00,0,
2025.06.24 09:04:59,scan_executed_new_execution_bar,USDJPY,2025.06.24 08:45:00,0,
2025.06.24 09:09:59,scan_skipped_same_execution_bar,USDJPY,2025.06.24 08:45:00,0,
2025.06.24 09:19:59,scan_executed_new_execution_bar,USDJPY,2025.06.24 09:00:00,0,
2025.06.24 09:24:59,scan_skipped_same_execution_bar,USDJPY,2025.06.24 09:00:00,0,
2025.06.24 09:34:59,scan_executed_new_execution_bar,USDJPY,2025.06.24 09:15:00,0,
2025.06.24 09:39:59,scan_skipped_same_execution_bar,USDJPY,2025.06.24 09:15:00,0,
2025.06.24 09:49:58,scan_executed_new_execution_bar,USDJPY,2025.06.24 09:30:00,0,
2025.06.24 09:54:59,scan_skipped_same_execution_bar,USDJPY,2025.06.24 09:30:00,0,
2025.06.24 10:04:59,scan_executed_new_execution_bar,USDJPY,2025.06.24 09:45:00,16,
2025.06.24 10:10:00,scan_skipped_same_execution_bar,USDJPY,2025.06.24 09:45:00,0,
2025.06.24 10:19:59,scan_executed_new_execution_bar,USDJPY,2025.06.24 10:00:00,0,
2025.06.24 10:24:59,scan_skipped_same_execution_bar,USDJPY,2025.06.24 10:00:00,0,
2025.06.24 10:34:59,scan_executed_new_execution_bar,USDJPY,2025.06.24 10:15:00,16,
2025.06.24 10:39:59,scan_skipped_same_execution_bar,USDJPY,2025.06.24 10:15:00,0,
2025.06.24 10:49:59,scan_executed_new_execution_bar,USDJPY,2025.06.24 10:30:00,16,
2025.06.24 10:54:59,scan_skipped_same_execution_bar,USDJPY,2025.06.24 10:30:00,0,
2025.06.24 11:04:59,scan_executed_new_execution_bar,USDJPY,2025.06.24 10:45:00,15,
2025.06.24 11:09:59,scan_skipped_same_execution_bar,USDJPY,2025.06.24 10:45:00,0,
2025.06.24 11:19:59,scan_executed_new_execution_bar,USDJPY,2025.06.24 11:00:00,0,
2025.06.24 11:24:59,scan_skipped_same_execution_bar,USDJPY,2025.06.24 11:00:00,0,
2025.06.24 11:34:59,scan_executed_new_execution_bar,USDJPY,2025.06.24 11:15:00,15,
2025.06.24 11:39:59,scan_skipped_same_execution_bar,USDJPY,2025.06.24 11:15:00,0,
2025.06.24 11:49:59,scan_executed_new_execution_bar,USDJPY,2025.06.24 11:30:00,0,
2025.06.24 11:54:59,scan_skipped_same_execution_bar,USDJPY,2025.06.24 11:30:00,0,
2025.06.24 12:04:59,scan_executed_new_execution_bar,USDJPY,2025.06.24 11:45:00,47,
2025.06.24 12:09:59,scan_skipped_same_execution_bar,USDJPY,2025.06.24 11:45:00,0,
2025.06.24 12:19:59,scan_executed_new_execution_bar,USDJPY,2025.06.24 12:00:00,0,
2025.06.24 12:24:59,scan_skipped_same_execution_bar,USDJPY,2025.06.24 12:00:00,0,
2025.06.24 12:34:59,scan_executed_new_execution_bar,USDJPY,2025.06.24 12:15:00,0,
2025.06.24 12:39:59,scan_skipped_same_execution_bar,USDJPY,2025.06.24 12:15:00,0,
2025.06.24 12:49:59,scan_executed_new_execution_bar,USDJPY,2025.06.24 12:30:00,0,
2025.06.24 12:54:59,scan_skipped_same_execution_bar,USDJPY,2025.06.24 12:30:00,0,
2025.06.24 13:04:59,scan_executed_new_execution_bar,USDJPY,2025.06.24 12:45:00,31,
2025.06.24 13:09:59,scan_skipped_same_execution_bar,USDJPY,2025.06.24 12:45:00,0,
2025.06.24 13:19:59,scan_executed_new_execution_bar,USDJPY,2025.06.24 13:00:00,0,
2025.06.24 13:24:59,scan_skipped_same_execution_bar,USDJPY,2025.06.24 13:00:00,0,
2025.06.24 13:34:59,scan_executed_new_execution_bar,USDJPY,2025.06.24 13:15:00,0,
2025.06.24 13:39:59,scan_skipped_same_execution_bar,USDJPY,2025.06.24 13:15:00,0,
2025.06.24 13:49:59,scan_executed_new_execution_bar,USDJPY,2025.06.24 13:30:00,15,
2025.06.24 13:54:59,scan_skipped_same_execution_bar,USDJPY,2025.06.24 13:30:00,0,
2025.06.24 14:04:59,scan_executed_new_execution_bar,USDJPY,2025.06.24 13:45:00,32,
2025.06.24 14:09:57,scan_skipped_same_execution_bar,USDJPY,2025.06.24 13:45:00,0,
2025.06.24 14:19:59,scan_executed_new_execution_bar,USDJPY,2025.06.24 14:00:00,15,
2025.06.24 14:24:59,scan_skipped_same_execution_bar,USDJPY,2025.06.24 14:00:00,0,
2025.06.24 14:35:00,scan_executed_new_execution_bar,USDJPY,2025.06.24 14:15:00,0,
2025.06.24 14:39:59,scan_skipped_same_execution_bar,USDJPY,2025.06.24 14:15:00,0,
2025.06.24 14:49:59,scan_executed_new_execution_bar,USDJPY,2025.06.24 14:30:00,0,
2025.06.24 14:54:59,scan_skipped_same_execution_bar,USDJPY,2025.06.24 14:30:00,0,
2025.06.24 15:04:59,scan_executed_new_execution_bar,USDJPY,2025.06.24 14:45:00,16,
2025.06.24 15:10:00,scan_skipped_same_execution_bar,USDJPY,2025.06.24 14:45:00,0,
2025.06.24 15:19:59,scan_executed_new_execution_bar,USDJPY,2025.06.24 15:00:00,16,
2025.06.24 15:24:59,scan_skipped_same_execution_bar,USDJPY,2025.06.24 15:00:00,0,
2025.06.24 15:34:59,scan_executed_new_execution_bar,USDJPY,2025.06.24 15:15:00,16,
2025.06.24 15:39:59,scan_skipped_same_execution_bar,USDJPY,2025.06.24 15:15:00,0,
2025.06.24 15:49:59,scan_executed_new_execution_bar,USDJPY,2025.06.24 15:30:00,0,
2025.06.24 15:54:59,scan_skipped_same_execution_bar,USDJPY,2025.06.24 15:30:00,0,
2025.06.24 16:04:59,scan_executed_new_execution_bar,USDJPY,2025.06.24 15:45:00,0,
2025.06.24 16:09:59,scan_skipped_same_execution_bar,USDJPY,2025.06.24 15:45:00,0,
2025.06.24 16:19:59,scan_executed_new_execution_bar,USDJPY,2025.06.24 16:00:00,16,
2025.06.24 16:24:59,scan_skipped_same_execution_bar,USDJPY,2025.06.24 16:00:00,0,
2025.06.24 16:34:59,scan_executed_new_execution_bar,USDJPY,2025.06.24 16:15:00,0,
2025.06.24 16:39:59,scan_skipped_same_execution_bar,USDJPY,2025.06.24 16:15:00,0,
2025.06.24 16:49:59,scan_executed_new_execution_bar,USDJPY,2025.06.24 16:30:00,0,
2025.06.24 16:54:59,scan_skipped_same_execution_bar,USDJPY,2025.06.24 16:30:00,0,
2025.06.24 17:04:59,scan_executed_new_execution_bar,USDJPY,2025.06.24 16:45:00,0,
2025.06.24 17:09:59,scan_skipped_same_execution_bar,USDJPY,2025.06.24 16:45:00,0,
2025.06.24 17:19:59,scan_executed_new_execution_bar,USDJPY,2025.06.24 17:00:00,0,
2025.06.24 17:24:59,scan_skipped_same_execution_bar,USDJPY,2025.06.24 17:00:00,0,
2025.06.24 17:34:59,scan_executed_new_execution_bar,USDJPY,2025.06.24 17:15:00,0,
2025.06.24 17:39:59,scan_skipped_same_execution_bar,USDJPY,2025.06.24 17:15:00,0,
2025.06.24 17:49:59,scan_executed_new_execution_bar,USDJPY,2025.06.24 17:30:00,0,
2025.06.24 17:54:59,scan_skipped_same_execution_bar,USDJPY,2025.06.24 17:30:00,0,
2025.06.24 18:04:59,scan_executed_new_execution_bar,USDJPY,2025.06.24 17:45:00,47,
2025.06.24 18:09:59,scan_skipped_same_execution_bar,USDJPY,2025.06.24 17:45:00,0,
2025.06.24 18:19:59,scan_executed_new_execution_bar,USDJPY,2025.06.24 18:00:00,0,
2025.06.24 18:24:59,scan_skipped_same_execution_bar,USDJPY,2025.06.24 18:00:00,0,
2025.06.24 18:34:59,scan_executed_new_execution_bar,USDJPY,2025.06.24 18:15:00,16,
2025.06.24 18:39:59,scan_skipped_same_execution_bar,USDJPY,2025.06.24 18:15:00,0,
2025.06.24 18:49:59,scan_executed_new_execution_bar,USDJPY,2025.06.24 18:30:00,31,
2025.06.24 18:54:59,scan_skipped_same_execution_bar,USDJPY,2025.06.24 18:30:00,0,
2025.06.24 19:04:59,scan_executed_new_execution_bar,USDJPY,2025.06.24 18:45:00,31,
2025.06.24 19:09:59,scan_skipped_same_execution_bar,USDJPY,2025.06.24 18:45:00,0,
2025.06.24 19:19:59,scan_executed_new_execution_bar,USDJPY,2025.06.24 19:00:00,0,
2025.06.24 19:24:59,scan_skipped_same_execution_bar,USDJPY,2025.06.24 19:00:00,0,
2025.06.24 19:34:59,scan_executed_new_execution_bar,USDJPY,2025.06.24 19:15:00,16,
2025.06.24 19:39:59,scan_skipped_same_execution_bar,USDJPY,2025.06.24 19:15:00,0,
2025.06.24 19:49:59,scan_executed_new_execution_bar,USDJPY,2025.06.24 19:30:00,0,
2025.06.24 19:54:59,scan_skipped_same_execution_bar,USDJPY,2025.06.24 19:30:00,0,
2025.06.24 20:04:59,scan_executed_new_execution_bar,USDJPY,2025.06.24 19:45:00,0,
2025.06.24 20:09:59,scan_skipped_same_execution_bar,USDJPY,2025.06.24 19:45:00,0,
2025.06.24 20:19:59,scan_executed_new_execution_bar,USDJPY,2025.06.24 20:00:00,16,
2025.06.24 20:24:59,scan_skipped_same_execution_bar,USDJPY,2025.06.24 20:00:00,0,
2025.06.24 20:34:59,scan_executed_new_execution_bar,USDJPY,2025.06.24 20:15:00,0,
2025.06.24 20:39:49,scan_skipped_same_execution_bar,USDJPY,2025.06.24 20:15:00,0,
2025.06.24 20:49:59,scan_executed_new_execution_bar,USDJPY,2025.06.24 20:30:00,16,
2025.06.24 20:54:59,scan_skipped_same_execution_bar,USDJPY,2025.06.24 20:30:00,0,
2025.06.24 21:04:59,scan_executed_new_execution_bar,USDJPY,2025.06.24 20:45:00,16,
2025.06.24 21:09:59,scan_skipped_same_execution_bar,USDJPY,2025.06.24 20:45:00,0,
2025.06.24 21:19:59,scan_executed_new_execution_bar,USDJPY,2025.06.24 21:00:00,0,
2025.06.24 21:24:59,scan_skipped_same_execution_bar,USDJPY,2025.06.24 21:00:00,0,
2025.06.24 21:34:59,scan_executed_new_execution_bar,USDJPY,2025.06.24 21:15:00,16,
2025.06.24 21:39:59,scan_skipped_same_execution_bar,USDJPY,2025.06.24 21:15:00,0,
2025.06.24 21:49:59,scan_executed_new_execution_bar,USDJPY,2025.06.24 21:30:00,0,
2025.06.24 21:54:59,scan_skipped_same_execution_bar,USDJPY,2025.06.24 21:30:00,0,
2025.06.24 22:04:59,scan_executed_new_execution_bar,USDJPY,2025.06.24 21:45:00,31,
2025.06.24 22:10:00,scan_skipped_same_execution_bar,USDJPY,2025.06.24 21:45:00,0,
2025.06.24 22:19:59,scan_executed_new_execution_bar,USDJPY,2025.06.24 22:00:00,0,
2025.06.24 22:24:59,scan_skipped_same_execution_bar,USDJPY,2025.06.24 22:00:00,0,
2025.06.24 22:34:59,scan_executed_new_execution_bar,USDJPY,2025.06.24 22:15:00,0,
2025.06.24 22:39:59,scan_skipped_same_execution_bar,USDJPY,2025.06.24 22:15:00,0,
2025.06.24 22:49:59,scan_executed_new_execution_bar,USDJPY,2025.06.24 22:30:00,0,
2025.06.24 22:54:59,scan_skipped_same_execution_bar,USDJPY,2025.06.24 22:30:00,0,
2025.06.24 23:04:59,scan_executed_new_execution_bar,USDJPY,2025.06.24 22:45:00,0,
2025.06.24 23:09:59,scan_skipped_same_execution_bar,USDJPY,2025.06.24 22:45:00,0,
2025.06.24 23:19:59,scan_executed_new_execution_bar,USDJPY,2025.06.24 23:00:00,0,
2025.06.24 23:24:59,scan_skipped_same_execution_bar,USDJPY,2025.06.24 23:00:00,0,
2025.06.24 23:34:59,scan_executed_new_execution_bar,USDJPY,2025.06.24 23:15:00,0,
2025.06.24 23:40:00,scan_skipped_same_execution_bar,USDJPY,2025.06.24 23:15:00,0,
2025.06.24 23:50:00,scan_executed_new_execution_bar,USDJPY,2025.06.24 23:30:00,0,
2025.06.24 23:55:00,scan_skipped_same_execution_bar,USDJPY,2025.06.24 23:30:00,0,
2025.06.25 00:04:57,scan_executed_new_execution_bar,USDJPY,2025.06.24 23:45:00,0,
2025.06.25 00:09:57,scan_skipped_same_execution_bar,USDJPY,2025.06.24 23:45:00,0,
2025.06.25 00:19:49,scan_executed_new_execution_bar,USDJPY,2025.06.25 00:00:00,0,
2025.06.25 00:24:52,scan_skipped_same_execution_bar,USDJPY,2025.06.25 00:00:00,0,
2025.06.25 00:34:58,scan_executed_new_execution_bar,USDJPY,2025.06.25 00:15:00,0,
2025.06.25 00:39:58,scan_skipped_same_execution_bar,USDJPY,2025.06.25 00:15:00,0,
2025.06.25 00:49:52,scan_executed_new_execution_bar,USDJPY,2025.06.25 00:30:00,0,
2025.06.25 00:54:55,scan_skipped_same_execution_bar,USDJPY,2025.06.25 00:30:00,0,
2025.06.25 01:04:59,scan_executed_new_execution_bar,USDJPY,2025.06.25 00:45:00,16,
2025.06.25 01:09:59,scan_skipped_same_execution_bar,USDJPY,2025.06.25 00:45:00,0,
2025.06.25 01:19:59,scan_executed_new_execution_bar,USDJPY,2025.06.25 01:00:00,0,
2025.06.25 01:24:59,scan_skipped_same_execution_bar,USDJPY,2025.06.25 01:00:00,0,
2025.06.25 01:34:59,scan_executed_new_execution_bar,USDJPY,2025.06.25 01:15:00,0,
2025.06.25 01:39:59,scan_skipped_same_execution_bar,USDJPY,2025.06.25 01:15:00,0,
2025.06.25 01:50:00,scan_executed_new_execution_bar,USDJPY,2025.06.25 01:30:00,0,
2025.06.25 01:54:59,scan_skipped_same_execution_bar,USDJPY,2025.06.25 01:30:00,0,
2025.06.25 02:04:59,scan_executed_new_execution_bar,USDJPY,2025.06.25 01:45:00,0,
2025.06.25 02:09:58,scan_skipped_same_execution_bar,USDJPY,2025.06.25 01:45:00,0,
2025.06.25 02:19:58,scan_executed_new_execution_bar,USDJPY,2025.06.25 02:00:00,0,
2025.06.25 02:24:59,scan_skipped_same_execution_bar,USDJPY,2025.06.25 02:00:00,0,
2025.06.25 02:34:59,scan_executed_new_execution_bar,USDJPY,2025.06.25 02:15:00,0,
2025.06.25 02:39:59,scan_skipped_same_execution_bar,USDJPY,2025.06.25 02:15:00,0,
2025.06.25 02:49:53,scan_executed_new_execution_bar,USDJPY,2025.06.25 02:30:00,0,
2025.06.25 02:54:59,scan_skipped_same_execution_bar,USDJPY,2025.06.25 02:30:00,0,
2025.06.25 03:04:59,scan_executed_new_execution_bar,USDJPY,2025.06.25 02:45:00,0,
2025.06.25 03:09:59,scan_skipped_same_execution_bar,USDJPY,2025.06.25 02:45:00,0,
2025.06.25 03:19:59,scan_executed_new_execution_bar,USDJPY,2025.06.25 03:00:00,0,
2025.06.25 03:24:59,scan_skipped_same_execution_bar,USDJPY,2025.06.25 03:00:00,0,
2025.06.25 03:34:58,scan_executed_new_execution_bar,USDJPY,2025.06.25 03:15:00,0,
2025.06.25 03:39:59,scan_skipped_same_execution_bar,USDJPY,2025.06.25 03:15:00,0,
2025.06.25 03:49:59,scan_executed_new_execution_bar,USDJPY,2025.06.25 03:30:00,0,
2025.06.25 03:54:59,scan_skipped_same_execution_bar,USDJPY,2025.06.25 03:30:00,0,
2025.06.25 04:04:57,scan_executed_new_execution_bar,USDJPY,2025.06.25 03:45:00,16,
2025.06.25 04:09:59,scan_skipped_same_execution_bar,USDJPY,2025.06.25 03:45:00,0,
2025.06.25 04:19:59,scan_executed_new_execution_bar,USDJPY,2025.06.25 04:00:00,15,
2025.06.25 04:24:59,scan_skipped_same_execution_bar,USDJPY,2025.06.25 04:00:00,0,
2025.06.25 04:34:59,scan_executed_new_execution_bar,USDJPY,2025.06.25 04:15:00,0,
2025.06.25 04:39:58,scan_skipped_same_execution_bar,USDJPY,2025.06.25 04:15:00,0,
2025.06.25 04:49:59,scan_executed_new_execution_bar,USDJPY,2025.06.25 04:30:00,15,
2025.06.25 04:54:59,scan_skipped_same_execution_bar,USDJPY,2025.06.25 04:30:00,0,
2025.06.25 05:04:59,scan_executed_new_execution_bar,USDJPY,2025.06.25 04:45:00,0,
2025.06.25 05:09:59,scan_skipped_same_execution_bar,USDJPY,2025.06.25 04:45:00,0,
2025.06.25 05:19:58,scan_executed_new_execution_bar,USDJPY,2025.06.25 05:00:00,16,
2025.06.25 05:24:59,scan_skipped_same_execution_bar,USDJPY,2025.06.25 05:00:00,0,
2025.06.25 05:34:59,scan_executed_new_execution_bar,USDJPY,2025.06.25 05:15:00,15,
2025.06.25 05:39:59,scan_skipped_same_execution_bar,USDJPY,2025.06.25 05:15:00,0,
2025.06.25 05:49:59,scan_executed_new_execution_bar,USDJPY,2025.06.25 05:30:00,16,
2025.06.25 05:54:59,scan_skipped_same_execution_bar,USDJPY,2025.06.25 05:30:00,0,
2025.06.25 06:04:59,scan_executed_new_execution_bar,USDJPY,2025.06.25 05:45:00,0,
2025.06.25 06:09:59,scan_skipped_same_execution_bar,USDJPY,2025.06.25 05:45:00,0,
2025.06.25 06:15:00,scan_executed_new_execution_bar,USDJPY,2025.06.25 06:00:00,0,
2025.06.25 06:19:57,scan_skipped_same_execution_bar,USDJPY,2025.06.25 06:00:00,0,
2025.06.25 06:34:59,scan_executed_new_execution_bar,USDJPY,2025.06.25 06:15:00,0,
2025.06.25 06:40:00,scan_skipped_same_execution_bar,USDJPY,2025.06.25 06:15:00,0,
2025.06.25 06:49:59,scan_executed_new_execution_bar,USDJPY,2025.06.25 06:30:00,0,
2025.06.25 06:54:59,scan_skipped_same_execution_bar,USDJPY,2025.06.25 06:30:00,0,
2025.06.25 07:04:59,scan_executed_new_execution_bar,USDJPY,2025.06.25 06:45:00,0,
2025.06.25 07:09:59,scan_skipped_same_execution_bar,USDJPY,2025.06.25 06:45:00,0,
2025.06.25 07:19:59,scan_executed_new_execution_bar,USDJPY,2025.06.25 07:00:00,15,
2025.06.25 07:24:59,scan_skipped_same_execution_bar,USDJPY,2025.06.25 07:00:00,0,
2025.06.25 07:34:59,scan_executed_new_execution_bar,USDJPY,2025.06.25 07:15:00,0,
2025.06.25 07:39:59,scan_skipped_same_execution_bar,USDJPY,2025.06.25 07:15:00,0,
2025.06.25 07:49:59,scan_executed_new_execution_bar,USDJPY,2025.06.25 07:30:00,0,
2025.06.25 07:54:59,scan_skipped_same_execution_bar,USDJPY,2025.06.25 07:30:00,0,
2025.06.25 08:04:59,scan_executed_new_execution_bar,USDJPY,2025.06.25 07:45:00,0,
2025.06.25 08:09:59,scan_skipped_same_execution_bar,USDJPY,2025.06.25 07:45:00,0,
2025.06.25 08:19:59,scan_executed_new_execution_bar,USDJPY,2025.06.25 08:00:00,0,
2025.06.25 08:24:59,scan_skipped_same_execution_bar,USDJPY,2025.06.25 08:00:00,0,
2025.06.25 08:34:58,scan_executed_new_execution_bar,USDJPY,2025.06.25 08:15:00,0,
2025.06.25 08:39:59,scan_skipped_same_execution_bar,USDJPY,2025.06.25 08:15:00,0,
2025.06.25 08:49:59,scan_executed_new_execution_bar,USDJPY,2025.06.25 08:30:00,16,
2025.06.25 08:54:58,scan_skipped_same_execution_bar,USDJPY,2025.06.25 08:30:00,0,
2025.06.25 09:05:00,scan_executed_new_execution_bar,USDJPY,2025.06.25 08:45:00,0,
2025.06.25 09:09:59,scan_skipped_same_execution_bar,USDJPY,2025.06.25 08:45:00,0,
2025.06.25 09:19:59,scan_executed_new_execution_bar,USDJPY,2025.06.25 09:00:00,0,
2025.06.25 09:24:59,scan_skipped_same_execution_bar,USDJPY,2025.06.25 09:00:00,0,
2025.06.25 09:34:59,scan_executed_new_execution_bar,USDJPY,2025.06.25 09:15:00,0,
2025.06.25 09:39:59,scan_skipped_same_execution_bar,USDJPY,2025.06.25 09:15:00,0,
2025.06.25 09:45:00,scan_executed_new_execution_bar,USDJPY,2025.06.25 09:30:00,0,
2025.06.25 09:49:59,scan_skipped_same_execution_bar,USDJPY,2025.06.25 09:30:00,0,
2025.06.25 10:04:59,scan_executed_new_execution_bar,USDJPY,2025.06.25 09:45:00,0,
2025.06.25 10:09:59,scan_skipped_same_execution_bar,USDJPY,2025.06.25 09:45:00,0,
2025.06.25 10:19:59,scan_executed_new_execution_bar,USDJPY,2025.06.25 10:00:00,0,
2025.06.25 10:24:59,scan_skipped_same_execution_bar,USDJPY,2025.06.25 10:00:00,0,
2025.06.25 10:34:59,scan_executed_new_execution_bar,USDJPY,2025.06.25 10:15:00,15,
2025.06.25 10:39:59,scan_skipped_same_execution_bar,USDJPY,2025.06.25 10:15:00,0,
2025.06.25 10:49:59,scan_executed_new_execution_bar,USDJPY,2025.06.25 10:30:00,0,
2025.06.25 10:54:59,scan_skipped_same_execution_bar,USDJPY,2025.06.25 10:30:00,0,
2025.06.25 11:04:59,scan_executed_new_execution_bar,USDJPY,2025.06.25 10:45:00,15,
2025.06.25 11:10:00,scan_skipped_same_execution_bar,USDJPY,2025.06.25 10:45:00,0,
2025.06.25 11:19:59,scan_executed_new_execution_bar,USDJPY,2025.06.25 11:00:00,16,
2025.06.25 11:24:59,scan_skipped_same_execution_bar,USDJPY,2025.06.25 11:00:00,0,
2025.06.25 11:34:59,scan_executed_new_execution_bar,USDJPY,2025.06.25 11:15:00,0,
2025.06.25 11:40:00,scan_skipped_same_execution_bar,USDJPY,2025.06.25 11:15:00,0,
2025.06.25 11:49:59,scan_executed_new_execution_bar,USDJPY,2025.06.25 11:30:00,15,
2025.06.25 11:54:59,scan_skipped_same_execution_bar,USDJPY,2025.06.25 11:30:00,0,
2025.06.25 12:04:58,scan_executed_new_execution_bar,USDJPY,2025.06.25 11:45:00,16,
2025.06.25 12:09:59,scan_skipped_same_execution_bar,USDJPY,2025.06.25 11:45:00,0,
2025.06.25 12:19:59,scan_executed_new_execution_bar,USDJPY,2025.06.25 12:00:00,15,
2025.06.25 12:24:59,scan_skipped_same_execution_bar,USDJPY,2025.06.25 12:00:00,0,
2025.06.25 12:34:59,scan_executed_new_execution_bar,USDJPY,2025.06.25 12:15:00,0,
2025.06.25 12:39:59,scan_skipped_same_execution_bar,USDJPY,2025.06.25 12:15:00,0,
2025.06.25 12:49:59,scan_executed_new_execution_bar,USDJPY,2025.06.25 12:30:00,0,
2025.06.25 12:54:59,scan_skipped_same_execution_bar,USDJPY,2025.06.25 12:30:00,0,
2025.06.25 13:04:59,scan_executed_new_execution_bar,USDJPY,2025.06.25 12:45:00,47,
2025.06.25 13:09:59,scan_skipped_same_execution_bar,USDJPY,2025.06.25 12:45:00,0,
2025.06.25 13:19:59,scan_executed_new_execution_bar,USDJPY,2025.06.25 13:00:00,0,
2025.06.25 13:25:00,scan_skipped_same_execution_bar,USDJPY,2025.06.25 13:00:00,0,
2025.06.25 13:34:59,scan_executed_new_execution_bar,USDJPY,2025.06.25 13:15:00,0,
2025.06.25 13:39:59,scan_skipped_same_execution_bar,USDJPY,2025.06.25 13:15:00,0,
2025.06.25 13:49:59,scan_executed_new_execution_bar,USDJPY,2025.06.25 13:30:00,0,
2025.06.25 13:54:58,scan_skipped_same_execution_bar,USDJPY,2025.06.25 13:30:00,0,
2025.06.25 14:04:59,scan_executed_new_execution_bar,USDJPY,2025.06.25 13:45:00,0,
2025.06.25 14:09:59,scan_skipped_same_execution_bar,USDJPY,2025.06.25 13:45:00,0,
2025.06.25 14:19:59,scan_executed_new_execution_bar,USDJPY,2025.06.25 14:00:00,0,
2025.06.25 14:24:58,scan_skipped_same_execution_bar,USDJPY,2025.06.25 14:00:00,0,
2025.06.25 14:34:59,scan_executed_new_execution_bar,USDJPY,2025.06.25 14:15:00,0,
2025.06.25 14:39:59,scan_skipped_same_execution_bar,USDJPY,2025.06.25 14:15:00,0,
2025.06.25 14:49:59,scan_executed_new_execution_bar,USDJPY,2025.06.25 14:30:00,0,
2025.06.25 14:54:59,scan_skipped_same_execution_bar,USDJPY,2025.06.25 14:30:00,0,
2025.06.25 15:04:59,scan_executed_new_execution_bar,USDJPY,2025.06.25 14:45:00,0,
2025.06.25 15:09:58,scan_skipped_same_execution_bar,USDJPY,2025.06.25 14:45:00,0,
2025.06.25 15:19:59,scan_executed_new_execution_bar,USDJPY,2025.06.25 15:00:00,16,
2025.06.25 15:24:59,scan_skipped_same_execution_bar,USDJPY,2025.06.25 15:00:00,0,
2025.06.25 15:34:59,scan_executed_new_execution_bar,USDJPY,2025.06.25 15:15:00,0,
2025.06.25 15:39:59,scan_skipped_same_execution_bar,USDJPY,2025.06.25 15:15:00,0,
2025.06.25 15:49:59,scan_executed_new_execution_bar,USDJPY,2025.06.25 15:30:00,0,
2025.06.25 15:54:59,scan_skipped_same_execution_bar,USDJPY,2025.06.25 15:30:00,0,
2025.06.25 16:04:59,scan_executed_new_execution_bar,USDJPY,2025.06.25 15:45:00,0,
2025.06.25 16:09:59,scan_skipped_same_execution_bar,USDJPY,2025.06.25 15:45:00,0,
2025.06.25 16:19:59,scan_executed_new_execution_bar,USDJPY,2025.06.25 16:00:00,0,
2025.06.25 16:24:59,scan_skipped_same_execution_bar,USDJPY,2025.06.25 16:00:00,0,
2025.06.25 16:34:59,scan_executed_new_execution_bar,USDJPY,2025.06.25 16:15:00,15,
2025.06.25 16:39:59,scan_skipped_same_execution_bar,USDJPY,2025.06.25 16:15:00,0,
2025.06.25 16:49:59,scan_executed_new_execution_bar,USDJPY,2025.06.25 16:30:00,15,
2025.06.25 16:54:59,scan_skipped_same_execution_bar,USDJPY,2025.06.25 16:30:00,0,
2025.06.25 17:04:59,scan_executed_new_execution_bar,USDJPY,2025.06.25 16:45:00,16,
2025.06.25 17:09:59,scan_skipped_same_execution_bar,USDJPY,2025.06.25 16:45:00,0,
2025.06.25 17:19:59,scan_executed_new_execution_bar,USDJPY,2025.06.25 17:00:00,15,
2025.06.25 17:24:59,scan_skipped_same_execution_bar,USDJPY,2025.06.25 17:00:00,0,
2025.06.25 17:34:59,scan_executed_new_execution_bar,USDJPY,2025.06.25 17:15:00,0,
2025.06.25 17:39:59,scan_skipped_same_execution_bar,USDJPY,2025.06.25 17:15:00,0,
2025.06.25 17:49:59,scan_executed_new_execution_bar,USDJPY,2025.06.25 17:30:00,0,
2025.06.25 17:54:59,scan_skipped_same_execution_bar,USDJPY,2025.06.25 17:30:00,0,
2025.06.25 18:04:59,scan_executed_new_execution_bar,USDJPY,2025.06.25 17:45:00,0,
2025.06.25 18:09:59,scan_skipped_same_execution_bar,USDJPY,2025.06.25 17:45:00,0,
2025.06.25 18:19:59,scan_executed_new_execution_bar,USDJPY,2025.06.25 18:00:00,0,
2025.06.25 18:24:59,scan_skipped_same_execution_bar,USDJPY,2025.06.25 18:00:00,0,
2025.06.25 18:34:59,scan_executed_new_execution_bar,USDJPY,2025.06.25 18:15:00,0,
2025.06.25 18:40:00,scan_skipped_same_execution_bar,USDJPY,2025.06.25 18:15:00,0,
2025.06.25 18:49:59,scan_executed_new_execution_bar,USDJPY,2025.06.25 18:30:00,0,
2025.06.25 18:54:59,scan_skipped_same_execution_bar,USDJPY,2025.06.25 18:30:00,0,
2025.06.25 19:04:59,scan_executed_new_execution_bar,USDJPY,2025.06.25 18:45:00,0,
2025.06.25 19:09:59,scan_skipped_same_execution_bar,USDJPY,2025.06.25 18:45:00,0,
2025.06.25 19:19:59,scan_executed_new_execution_bar,USDJPY,2025.06.25 19:00:00,0,
2025.06.25 19:24:59,scan_skipped_same_execution_bar,USDJPY,2025.06.25 19:00:00,0,
2025.06.25 19:34:57,scan_executed_new_execution_bar,USDJPY,2025.06.25 19:15:00,0,
2025.06.25 19:39:59,scan_skipped_same_execution_bar,USDJPY,2025.06.25 19:15:00,0,
2025.06.25 19:49:59,scan_executed_new_execution_bar,USDJPY,2025.06.25 19:30:00,16,
2025.06.25 19:54:58,scan_skipped_same_execution_bar,USDJPY,2025.06.25 19:30:00,0,
2025.06.25 20:04:59,scan_executed_new_execution_bar,USDJPY,2025.06.25 19:45:00,0,
2025.06.25 20:09:59,scan_skipped_same_execution_bar,USDJPY,2025.06.25 19:45:00,0,
2025.06.25 20:19:59,scan_executed_new_execution_bar,USDJPY,2025.06.25 20:00:00,0,
2025.06.25 20:24:59,scan_skipped_same_execution_bar,USDJPY,2025.06.25 20:00:00,0,
2025.06.25 20:34:59,scan_executed_new_execution_bar,USDJPY,2025.06.25 20:15:00,0,
2025.06.25 20:39:59,scan_skipped_same_execution_bar,USDJPY,2025.06.25 20:15:00,0,
2025.06.25 20:49:59,scan_executed_new_execution_bar,USDJPY,2025.06.25 20:30:00,0,
2025.06.25 20:54:59,scan_skipped_same_execution_bar,USDJPY,2025.06.25 20:30:00,0,
2025.06.25 21:04:59,scan_executed_new_execution_bar,USDJPY,2025.06.25 20:45:00,0,
2025.06.25 21:09:59,scan_skipped_same_execution_bar,USDJPY,2025.06.25 20:45:00,0,
2025.06.25 21:19:59,scan_executed_new_execution_bar,USDJPY,2025.06.25 21:00:00,0,
2025.06.25 21:24:59,scan_skipped_same_execution_bar,USDJPY,2025.06.25 21:00:00,0,
2025.06.25 21:34:59,scan_executed_new_execution_bar,USDJPY,2025.06.25 21:15:00,0,
2025.06.25 21:39:59,scan_skipped_same_execution_bar,USDJPY,2025.06.25 21:15:00,0,
2025.06.25 21:49:59,scan_executed_new_execution_bar,USDJPY,2025.06.25 21:30:00,0,
2025.06.25 21:54:59,scan_skipped_same_execution_bar,USDJPY,2025.06.25 21:30:00,0,
2025.06.25 22:04:56,scan_executed_new_execution_bar,USDJPY,2025.06.25 21:45:00,0,
2025.06.25 22:09:59,scan_skipped_same_execution_bar,USDJPY,2025.06.25 21:45:00,0,
2025.06.25 22:19:59,scan_executed_new_execution_bar,USDJPY,2025.06.25 22:00:00,0,
2025.06.25 22:24:59,scan_skipped_same_execution_bar,USDJPY,2025.06.25 22:00:00,0,
2025.06.25 22:35:00,scan_executed_new_execution_bar,USDJPY,2025.06.25 22:15:00,15,
2025.06.25 22:39:59,scan_skipped_same_execution_bar,USDJPY,2025.06.25 22:15:00,0,
2025.06.25 22:49:59,scan_executed_new_execution_bar,USDJPY,2025.06.25 22:30:00,0,
2025.06.25 22:54:59,scan_skipped_same_execution_bar,USDJPY,2025.06.25 22:30:00,0,
2025.06.25 23:04:59,scan_executed_new_execution_bar,USDJPY,2025.06.25 22:45:00,0,
2025.06.25 23:09:58,scan_skipped_same_execution_bar,USDJPY,2025.06.25 22:45:00,0,
2025.06.25 23:19:59,scan_executed_new_execution_bar,USDJPY,2025.06.25 23:00:00,15,
2025.06.25 23:24:58,scan_skipped_same_execution_bar,USDJPY,2025.06.25 23:00:00,0,
2025.06.25 23:34:59,scan_executed_new_execution_bar,USDJPY,2025.06.25 23:15:00,16,
2025.06.25 23:39:59,scan_skipped_same_execution_bar,USDJPY,2025.06.25 23:15:00,0,
2025.06.25 23:49:59,scan_executed_new_execution_bar,USDJPY,2025.06.25 23:30:00,0,
2025.06.25 23:54:59,scan_skipped_same_execution_bar,USDJPY,2025.06.25 23:30:00,0,
2025.06.26 00:04:40,scan_executed_new_execution_bar,USDJPY,2025.06.25 23:45:00,0,
2025.06.26 00:09:54,scan_skipped_same_execution_bar,USDJPY,2025.06.25 23:45:00,0,
2025.06.26 00:19:59,scan_executed_new_execution_bar,USDJPY,2025.06.26 00:00:00,0,
2025.06.26 00:24:58,scan_skipped_same_execution_bar,USDJPY,2025.06.26 00:00:00,0,
2025.06.26 00:34:59,scan_executed_new_execution_bar,USDJPY,2025.06.26 00:15:00,0,
2025.06.26 00:39:59,scan_skipped_same_execution_bar,USDJPY,2025.06.26 00:15:00,0,
2025.06.26 00:49:57,scan_executed_new_execution_bar,USDJPY,2025.06.26 00:30:00,0,
2025.06.26 00:54:59,scan_skipped_same_execution_bar,USDJPY,2025.06.26 00:30:00,0,
2025.06.26 01:04:59,scan_executed_new_execution_bar,USDJPY,2025.06.26 00:45:00,0,
2025.06.26 01:09:55,scan_skipped_same_execution_bar,USDJPY,2025.06.26 00:45:00,0,
2025.06.26 01:19:59,scan_executed_new_execution_bar,USDJPY,2025.06.26 01:00:00,0,
2025.06.26 01:24:59,scan_skipped_same_execution_bar,USDJPY,2025.06.26 01:00:00,0,
2025.06.26 01:34:59,scan_executed_new_execution_bar,USDJPY,2025.06.26 01:15:00,0,
2025.06.26 01:39:59,scan_skipped_same_execution_bar,USDJPY,2025.06.26 01:15:00,0,
2025.06.26 01:49:58,scan_executed_new_execution_bar,USDJPY,2025.06.26 01:30:00,0,
2025.06.26 01:54:58,scan_skipped_same_execution_bar,USDJPY,2025.06.26 01:30:00,0,
2025.06.26 02:04:59,scan_executed_new_execution_bar,USDJPY,2025.06.26 01:45:00,0,
2025.06.26 02:09:59,scan_skipped_same_execution_bar,USDJPY,2025.06.26 01:45:00,0,
2025.06.26 02:19:59,scan_executed_new_execution_bar,USDJPY,2025.06.26 02:00:00,0,
2025.06.26 02:24:59,scan_skipped_same_execution_bar,USDJPY,2025.06.26 02:00:00,0,
2025.06.26 02:34:59,scan_executed_new_execution_bar,USDJPY,2025.06.26 02:15:00,0,
2025.06.26 02:39:59,scan_skipped_same_execution_bar,USDJPY,2025.06.26 02:15:00,0,
2025.06.26 02:49:59,scan_executed_new_execution_bar,USDJPY,2025.06.26 02:30:00,0,
2025.06.26 02:54:59,scan_skipped_same_execution_bar,USDJPY,2025.06.26 02:30:00,0,
2025.06.26 03:04:59,scan_executed_new_execution_bar,USDJPY,2025.06.26 02:45:00,0,
2025.06.26 03:09:59,scan_skipped_same_execution_bar,USDJPY,2025.06.26 02:45:00,0,
2025.06.26 03:19:59,scan_executed_new_execution_bar,USDJPY,2025.06.26 03:00:00,0,
2025.06.26 03:24:59,scan_skipped_same_execution_bar,USDJPY,2025.06.26 03:00:00,0,
2025.06.26 03:34:59,scan_executed_new_execution_bar,USDJPY,2025.06.26 03:15:00,15,
2025.06.26 03:39:59,scan_skipped_same_execution_bar,USDJPY,2025.06.26 03:15:00,0,
2025.06.26 03:49:59,scan_executed_new_execution_bar,USDJPY,2025.06.26 03:30:00,0,
2025.06.26 03:54:59,scan_skipped_same_execution_bar,USDJPY,2025.06.26 03:30:00,0,
2025.06.26 04:04:59,scan_executed_new_execution_bar,USDJPY,2025.06.26 03:45:00,0,
2025.06.26 04:09:59,scan_skipped_same_execution_bar,USDJPY,2025.06.26 03:45:00,0,
2025.06.26 04:19:59,scan_executed_new_execution_bar,USDJPY,2025.06.26 04:00:00,15,
2025.06.26 04:24:59,scan_skipped_same_execution_bar,USDJPY,2025.06.26 04:00:00,0,
2025.06.26 04:34:59,scan_executed_new_execution_bar,USDJPY,2025.06.26 04:15:00,0,
2025.06.26 04:39:59,scan_skipped_same_execution_bar,USDJPY,2025.06.26 04:15:00,0,
2025.06.26 04:49:59,scan_executed_new_execution_bar,USDJPY,2025.06.26 04:30:00,0,
2025.06.26 04:54:59,scan_skipped_same_execution_bar,USDJPY,2025.06.26 04:30:00,0,
2025.06.26 05:04:59,scan_executed_new_execution_bar,USDJPY,2025.06.26 04:45:00,0,
2025.06.26 05:09:59,scan_skipped_same_execution_bar,USDJPY,2025.06.26 04:45:00,0,
2025.06.26 05:19:59,scan_executed_new_execution_bar,USDJPY,2025.06.26 05:00:00,31,
2025.06.26 05:24:59,scan_skipped_same_execution_bar,USDJPY,2025.06.26 05:00:00,0,
2025.06.26 05:34:59,scan_executed_new_execution_bar,USDJPY,2025.06.26 05:15:00,0,
2025.06.26 05:39:59,scan_skipped_same_execution_bar,USDJPY,2025.06.26 05:15:00,0,
2025.06.26 05:49:59,scan_executed_new_execution_bar,USDJPY,2025.06.26 05:30:00,0,
2025.06.26 05:54:59,scan_skipped_same_execution_bar,USDJPY,2025.06.26 05:30:00,0,
2025.06.26 06:04:59,scan_executed_new_execution_bar,USDJPY,2025.06.26 05:45:00,0,
2025.06.26 06:09:58,scan_skipped_same_execution_bar,USDJPY,2025.06.26 05:45:00,0,
2025.06.26 06:19:59,scan_executed_new_execution_bar,USDJPY,2025.06.26 06:00:00,16,
2025.06.26 06:24:58,scan_skipped_same_execution_bar,USDJPY,2025.06.26 06:00:00,0,
2025.06.26 06:34:58,scan_executed_new_execution_bar,USDJPY,2025.06.26 06:15:00,16,
2025.06.26 06:39:59,scan_skipped_same_execution_bar,USDJPY,2025.06.26 06:15:00,0,
2025.06.26 06:50:00,scan_executed_new_execution_bar,USDJPY,2025.06.26 06:30:00,15,
2025.06.26 06:54:59,scan_skipped_same_execution_bar,USDJPY,2025.06.26 06:30:00,0,
2025.06.26 07:04:59,scan_executed_new_execution_bar,USDJPY,2025.06.26 06:45:00,0,
2025.06.26 07:09:59,scan_skipped_same_execution_bar,USDJPY,2025.06.26 06:45:00,0,
2025.06.26 07:19:59,scan_executed_new_execution_bar,USDJPY,2025.06.26 07:00:00,0,
2025.06.26 07:24:59,scan_skipped_same_execution_bar,USDJPY,2025.06.26 07:00:00,0,
2025.06.26 07:34:57,scan_executed_new_execution_bar,USDJPY,2025.06.26 07:15:00,0,
2025.06.26 07:39:54,scan_skipped_same_execution_bar,USDJPY,2025.06.26 07:15:00,0,
2025.06.26 07:49:59,scan_executed_new_execution_bar,USDJPY,2025.06.26 07:30:00,0,
2025.06.26 07:54:59,scan_skipped_same_execution_bar,USDJPY,2025.06.26 07:30:00,0,
2025.06.26 08:04:59,scan_executed_new_execution_bar,USDJPY,2025.06.26 07:45:00,0,
2025.06.26 08:09:59,scan_skipped_same_execution_bar,USDJPY,2025.06.26 07:45:00,0,
2025.06.26 08:19:58,scan_executed_new_execution_bar,USDJPY,2025.06.26 08:00:00,0,
2025.06.26 08:24:59,scan_skipped_same_execution_bar,USDJPY,2025.06.26 08:00:00,0,
2025.06.26 08:34:59,scan_executed_new_execution_bar,USDJPY,2025.06.26 08:15:00,0,
2025.06.26 08:39:59,scan_skipped_same_execution_bar,USDJPY,2025.06.26 08:15:00,0,
2025.06.26 08:49:59,scan_executed_new_execution_bar,USDJPY,2025.06.26 08:30:00,0,
2025.06.26 08:54:59,scan_skipped_same_execution_bar,USDJPY,2025.06.26 08:30:00,0,
2025.06.26 09:04:59,scan_executed_new_execution_bar,USDJPY,2025.06.26 08:45:00,0,
2025.06.26 09:09:59,scan_skipped_same_execution_bar,USDJPY,2025.06.26 08:45:00,0,
2025.06.26 09:19:56,scan_executed_new_execution_bar,USDJPY,2025.06.26 09:00:00,0,
2025.06.26 09:24:59,scan_skipped_same_execution_bar,USDJPY,2025.06.26 09:00:00,0,
2025.06.26 09:34:59,scan_executed_new_execution_bar,USDJPY,2025.06.26 09:15:00,31,
2025.06.26 09:39:59,scan_skipped_same_execution_bar,USDJPY,2025.06.26 09:15:00,0,
2025.06.26 09:49:59,scan_executed_new_execution_bar,USDJPY,2025.06.26 09:30:00,0,
2025.06.26 09:54:59,scan_skipped_same_execution_bar,USDJPY,2025.06.26 09:30:00,0,
2025.06.26 10:04:59,scan_executed_new_execution_bar,USDJPY,2025.06.26 09:45:00,16,
2025.06.26 10:09:59,scan_skipped_same_execution_bar,USDJPY,2025.06.26 09:45:00,0,
2025.06.26 10:19:59,scan_executed_new_execution_bar,USDJPY,2025.06.26 10:00:00,0,
2025.06.26 10:24:59,scan_skipped_same_execution_bar,USDJPY,2025.06.26 10:00:00,0,
2025.06.26 10:34:59,scan_executed_new_execution_bar,USDJPY,2025.06.26 10:15:00,0,
2025.06.26 10:39:58,scan_skipped_same_execution_bar,USDJPY,2025.06.26 10:15:00,0,
2025.06.26 10:49:59,scan_executed_new_execution_bar,USDJPY,2025.06.26 10:30:00,0,
2025.06.26 10:54:59,scan_skipped_same_execution_bar,USDJPY,2025.06.26 10:30:00,0,
2025.06.26 11:04:58,scan_executed_new_execution_bar,USDJPY,2025.06.26 10:45:00,0,
2025.06.26 11:09:59,scan_skipped_same_execution_bar,USDJPY,2025.06.26 10:45:00,0,
2025.06.26 11:19:59,scan_executed_new_execution_bar,USDJPY,2025.06.26 11:00:00,0,
2025.06.26 11:24:59,scan_skipped_same_execution_bar,USDJPY,2025.06.26 11:00:00,0,
2025.06.26 11:34:59,scan_executed_new_execution_bar,USDJPY,2025.06.26 11:15:00,0,
2025.06.26 11:39:59,scan_skipped_same_execution_bar,USDJPY,2025.06.26 11:15:00,0,
2025.06.26 11:49:59,scan_executed_new_execution_bar,USDJPY,2025.06.26 11:30:00,32,
2025.06.26 11:55:00,scan_skipped_same_execution_bar,USDJPY,2025.06.26 11:30:00,0,
2025.06.26 12:04:59,scan_executed_new_execution_bar,USDJPY,2025.06.26 11:45:00,31,
2025.06.26 12:09:59,scan_skipped_same_execution_bar,USDJPY,2025.06.26 11:45:00,0,
2025.06.26 12:19:59,scan_executed_new_execution_bar,USDJPY,2025.06.26 12:00:00,46,
2025.06.26 12:25:00,scan_skipped_same_execution_bar,USDJPY,2025.06.26 12:00:00,0,
2025.06.26 12:34:59,scan_executed_new_execution_bar,USDJPY,2025.06.26 12:15:00,16,
2025.06.26 12:39:59,scan_skipped_same_execution_bar,USDJPY,2025.06.26 12:15:00,0,
2025.06.26 12:49:59,scan_executed_new_execution_bar,USDJPY,2025.06.26 12:30:00,16,
2025.06.26 12:54:59,scan_skipped_same_execution_bar,USDJPY,2025.06.26 12:30:00,0,
2025.06.26 13:04:59,scan_executed_new_execution_bar,USDJPY,2025.06.26 12:45:00,31,
2025.06.26 13:09:59,scan_skipped_same_execution_bar,USDJPY,2025.06.26 12:45:00,0,
2025.06.26 13:19:59,scan_executed_new_execution_bar,USDJPY,2025.06.26 13:00:00,0,
2025.06.26 13:24:59,scan_skipped_same_execution_bar,USDJPY,2025.06.26 13:00:00,0,
2025.06.26 13:34:59,scan_executed_new_execution_bar,USDJPY,2025.06.26 13:15:00,0,
2025.06.26 13:39:59,scan_skipped_same_execution_bar,USDJPY,2025.06.26 13:15:00,0,
2025.06.26 13:49:59,scan_executed_new_execution_bar,USDJPY,2025.06.26 13:30:00,0,
2025.06.26 13:54:59,scan_skipped_same_execution_bar,USDJPY,2025.06.26 13:30:00,0,
2025.06.26 14:05:00,scan_executed_new_execution_bar,USDJPY,2025.06.26 13:45:00,0,
2025.06.26 14:09:59,scan_skipped_same_execution_bar,USDJPY,2025.06.26 13:45:00,0,
2025.06.26 14:15:00,scan_executed_new_execution_bar,USDJPY,2025.06.26 14:00:00,0,
2025.06.26 14:19:59,scan_skipped_same_execution_bar,USDJPY,2025.06.26 14:00:00,0,
2025.06.26 14:34:59,scan_executed_new_execution_bar,USDJPY,2025.06.26 14:15:00,0,
2025.06.26 14:39:59,scan_skipped_same_execution_bar,USDJPY,2025.06.26 14:15:00,0,
2025.06.26 14:49:59,scan_executed_new_execution_bar,USDJPY,2025.06.26 14:30:00,0,
2025.06.26 14:54:59,scan_skipped_same_execution_bar,USDJPY,2025.06.26 14:30:00,0,
2025.06.26 15:04:59,scan_executed_new_execution_bar,USDJPY,2025.06.26 14:45:00,16,
2025.06.26 15:09:59,scan_skipped_same_execution_bar,USDJPY,2025.06.26 14:45:00,0,
2025.06.26 15:19:59,scan_executed_new_execution_bar,USDJPY,2025.06.26 15:00:00,0,
2025.06.26 15:24:59,scan_skipped_same_execution_bar,USDJPY,2025.06.26 15:00:00,0,
2025.06.26 15:34:59,scan_executed_new_execution_bar,USDJPY,2025.06.26 15:15:00,0,
2025.06.26 15:39:59,scan_skipped_same_execution_bar,USDJPY,2025.06.26 15:15:00,0,
2025.06.26 15:49:59,scan_executed_new_execution_bar,USDJPY,2025.06.26 15:30:00,0,
2025.06.26 15:54:59,scan_skipped_same_execution_bar,USDJPY,2025.06.26 15:30:00,0,
2025.06.26 16:04:59,scan_executed_new_execution_bar,USDJPY,2025.06.26 15:45:00,0,
2025.06.26 16:09:59,scan_skipped_same_execution_bar,USDJPY,2025.06.26 15:45:00,0,
2025.06.26 16:19:59,scan_executed_new_execution_bar,USDJPY,2025.06.26 16:00:00,0,
2025.06.26 16:24:59,scan_skipped_same_execution_bar,USDJPY,2025.06.26 16:00:00,0,
2025.06.26 16:34:59,scan_executed_new_execution_bar,USDJPY,2025.06.26 16:15:00,0,
2025.06.26 16:39:59,scan_skipped_same_execution_bar,USDJPY,2025.06.26 16:15:00,0,
2025.06.26 16:49:59,scan_executed_new_execution_bar,USDJPY,2025.06.26 16:30:00,0,
2025.06.26 16:54:59,scan_skipped_same_execution_bar,USDJPY,2025.06.26 16:30:00,0,
2025.06.26 17:04:59,scan_executed_new_execution_bar,USDJPY,2025.06.26 16:45:00,0,
2025.06.26 17:09:59,scan_skipped_same_execution_bar,USDJPY,2025.06.26 16:45:00,0,
2025.06.26 17:19:59,scan_executed_new_execution_bar,USDJPY,2025.06.26 17:00:00,0,
2025.06.26 17:24:59,scan_skipped_same_execution_bar,USDJPY,2025.06.26 17:00:00,0,
2025.06.26 17:34:59,scan_executed_new_execution_bar,USDJPY,2025.06.26 17:15:00,16,
2025.06.26 17:39:59,scan_skipped_same_execution_bar,USDJPY,2025.06.26 17:15:00,0,
2025.06.26 17:49:59,scan_executed_new_execution_bar,USDJPY,2025.06.26 17:30:00,16,
2025.06.26 17:54:59,scan_skipped_same_execution_bar,USDJPY,2025.06.26 17:30:00,0,
2025.06.26 18:04:59,scan_executed_new_execution_bar,USDJPY,2025.06.26 17:45:00,16,
2025.06.26 18:10:00,scan_skipped_same_execution_bar,USDJPY,2025.06.26 17:45:00,0,
2025.06.26 18:19:59,scan_executed_new_execution_bar,USDJPY,2025.06.26 18:00:00,0,
2025.06.26 18:24:59,scan_skipped_same_execution_bar,USDJPY,2025.06.26 18:00:00,0,
2025.06.26 18:34:59,scan_executed_new_execution_bar,USDJPY,2025.06.26 18:15:00,0,
2025.06.26 18:39:59,scan_skipped_same_execution_bar,USDJPY,2025.06.26 18:15:00,0,
2025.06.26 18:49:59,scan_executed_new_execution_bar,USDJPY,2025.06.26 18:30:00,16,
2025.06.26 18:54:59,scan_skipped_same_execution_bar,USDJPY,2025.06.26 18:30:00,0,
2025.06.26 19:04:59,scan_executed_new_execution_bar,USDJPY,2025.06.26 18:45:00,0,
2025.06.26 19:09:59,scan_skipped_same_execution_bar,USDJPY,2025.06.26 18:45:00,0,
2025.06.26 19:19:59,scan_executed_new_execution_bar,USDJPY,2025.06.26 19:00:00,47,
2025.06.26 19:24:59,scan_skipped_same_execution_bar,USDJPY,2025.06.26 19:00:00,0,
2025.06.26 19:34:59,scan_executed_new_execution_bar,USDJPY,2025.06.26 19:15:00,31,
2025.06.26 19:39:59,scan_skipped_same_execution_bar,USDJPY,2025.06.26 19:15:00,0,
2025.06.26 19:49:59,scan_executed_new_execution_bar,USDJPY,2025.06.26 19:30:00,0,
2025.06.26 19:54:59,scan_skipped_same_execution_bar,USDJPY,2025.06.26 19:30:00,0,
2025.06.26 20:04:59,scan_executed_new_execution_bar,USDJPY,2025.06.26 19:45:00,15,
2025.06.26 20:09:59,scan_skipped_same_execution_bar,USDJPY,2025.06.26 19:45:00,0,
2025.06.26 20:19:59,scan_executed_new_execution_bar,USDJPY,2025.06.26 20:00:00,16,
2025.06.26 20:24:59,scan_skipped_same_execution_bar,USDJPY,2025.06.26 20:00:00,0,
2025.06.26 20:34:59,scan_executed_new_execution_bar,USDJPY,2025.06.26 20:15:00,0,
2025.06.26 20:39:59,scan_skipped_same_execution_bar,USDJPY,2025.06.26 20:15:00,0,
2025.06.26 20:49:59,scan_executed_new_execution_bar,USDJPY,2025.06.26 20:30:00,0,
2025.06.26 20:54:59,scan_skipped_same_execution_bar,USDJPY,2025.06.26 20:30:00,0,
2025.06.26 21:04:59,scan_executed_new_execution_bar,USDJPY,2025.06.26 20:45:00,32,
2025.06.26 21:09:59,scan_skipped_same_execution_bar,USDJPY,2025.06.26 20:45:00,0,
2025.06.26 21:19:59,scan_executed_new_execution_bar,USDJPY,2025.06.26 21:00:00,15,
2025.06.26 21:24:59,scan_skipped_same_execution_bar,USDJPY,2025.06.26 21:00:00,0,
2025.06.26 21:34:59,scan_executed_new_execution_bar,USDJPY,2025.06.26 21:15:00,16,
2025.06.26 21:39:57,scan_skipped_same_execution_bar,USDJPY,2025.06.26 21:15:00,0,
2025.06.26 21:49:59,scan_executed_new_execution_bar,USDJPY,2025.06.26 21:30:00,15,
2025.06.26 21:54:59,scan_skipped_same_execution_bar,USDJPY,2025.06.26 21:30:00,0,
2025.06.26 22:04:59,scan_executed_new_execution_bar,USDJPY,2025.06.26 21:45:00,0,
2025.06.26 22:09:59,scan_skipped_same_execution_bar,USDJPY,2025.06.26 21:45:00,0,
2025.06.26 22:19:59,scan_executed_new_execution_bar,USDJPY,2025.06.26 22:00:00,0,
2025.06.26 22:24:58,scan_skipped_same_execution_bar,USDJPY,2025.06.26 22:00:00,0,
2025.06.26 22:34:59,scan_executed_new_execution_bar,USDJPY,2025.06.26 22:15:00,0,
2025.06.26 22:39:59,scan_skipped_same_execution_bar,USDJPY,2025.06.26 22:15:00,0,
2025.06.26 22:49:59,scan_executed_new_execution_bar,USDJPY,2025.06.26 22:30:00,16,
2025.06.26 22:54:59,scan_skipped_same_execution_bar,USDJPY,2025.06.26 22:30:00,0,
2025.06.26 23:04:59,scan_executed_new_execution_bar,USDJPY,2025.06.26 22:45:00,0,
2025.06.26 23:09:59,scan_skipped_same_execution_bar,USDJPY,2025.06.26 22:45:00,0,
2025.06.26 23:19:58,scan_executed_new_execution_bar,USDJPY,2025.06.26 23:00:00,0,
2025.06.26 23:24:59,scan_skipped_same_execution_bar,USDJPY,2025.06.26 23:00:00,0,
2025.06.26 23:34:58,scan_executed_new_execution_bar,USDJPY,2025.06.26 23:15:00,0,
2025.06.26 23:39:59,scan_skipped_same_execution_bar,USDJPY,2025.06.26 23:15:00,0,
2025.06.26 23:49:59,scan_executed_new_execution_bar,USDJPY,2025.06.26 23:30:00,15,
2025.06.26 23:54:59,scan_skipped_same_execution_bar,USDJPY,2025.06.26 23:30:00,0,
2025.06.27 00:04:39,scan_executed_new_execution_bar,USDJPY,2025.06.26 23:45:00,0,
2025.06.27 00:09:57,scan_skipped_same_execution_bar,USDJPY,2025.06.26 23:45:00,0,
2025.06.27 00:19:58,scan_executed_new_execution_bar,USDJPY,2025.06.27 00:00:00,0,
2025.06.27 00:24:58,scan_skipped_same_execution_bar,USDJPY,2025.06.27 00:00:00,0,
2025.06.27 00:34:57,scan_executed_new_execution_bar,USDJPY,2025.06.27 00:15:00,0,
2025.06.27 00:39:59,scan_skipped_same_execution_bar,USDJPY,2025.06.27 00:15:00,0,
2025.06.27 00:49:59,scan_executed_new_execution_bar,USDJPY,2025.06.27 00:30:00,0,
2025.06.27 00:54:55,scan_skipped_same_execution_bar,USDJPY,2025.06.27 00:30:00,0,
2025.06.27 01:04:59,scan_executed_new_execution_bar,USDJPY,2025.06.27 00:45:00,0,
2025.06.27 01:09:58,scan_skipped_same_execution_bar,USDJPY,2025.06.27 00:45:00,0,
2025.06.27 01:19:59,scan_executed_new_execution_bar,USDJPY,2025.06.27 01:00:00,0,
2025.06.27 01:24:59,scan_skipped_same_execution_bar,USDJPY,2025.06.27 01:00:00,0,
2025.06.27 01:34:59,scan_executed_new_execution_bar,USDJPY,2025.06.27 01:15:00,0,
2025.06.27 01:39:59,scan_skipped_same_execution_bar,USDJPY,2025.06.27 01:15:00,0,
2025.06.27 01:49:58,scan_executed_new_execution_bar,USDJPY,2025.06.27 01:30:00,0,
2025.06.27 01:54:54,scan_skipped_same_execution_bar,USDJPY,2025.06.27 01:30:00,0,
2025.06.27 02:04:59,scan_executed_new_execution_bar,USDJPY,2025.06.27 01:45:00,0,
2025.06.27 02:09:59,scan_skipped_same_execution_bar,USDJPY,2025.06.27 01:45:00,0,
2025.06.27 02:19:59,scan_executed_new_execution_bar,USDJPY,2025.06.27 02:00:00,16,
2025.06.27 02:24:59,scan_skipped_same_execution_bar,USDJPY,2025.06.27 02:00:00,0,
2025.06.27 02:34:59,scan_executed_new_execution_bar,USDJPY,2025.06.27 02:15:00,31,
2025.06.27 02:39:59,scan_skipped_same_execution_bar,USDJPY,2025.06.27 02:15:00,0,
2025.06.27 02:49:59,scan_executed_new_execution_bar,USDJPY,2025.06.27 02:30:00,0,
2025.06.27 02:54:59,scan_skipped_same_execution_bar,USDJPY,2025.06.27 02:30:00,0,
2025.06.27 03:04:59,scan_executed_new_execution_bar,USDJPY,2025.06.27 02:45:00,0,
2025.06.27 03:09:59,scan_skipped_same_execution_bar,USDJPY,2025.06.27 02:45:00,0,
2025.06.27 03:19:59,scan_executed_new_execution_bar,USDJPY,2025.06.27 03:00:00,0,
2025.06.27 03:24:58,scan_skipped_same_execution_bar,USDJPY,2025.06.27 03:00:00,0,
2025.06.27 03:34:59,scan_executed_new_execution_bar,USDJPY,2025.06.27 03:15:00,0,
2025.06.27 03:39:56,scan_skipped_same_execution_bar,USDJPY,2025.06.27 03:15:00,0,
2025.06.27 03:49:59,scan_executed_new_execution_bar,USDJPY,2025.06.27 03:30:00,0,
2025.06.27 03:54:59,scan_skipped_same_execution_bar,USDJPY,2025.06.27 03:30:00,0,
2025.06.27 04:04:59,scan_executed_new_execution_bar,USDJPY,2025.06.27 03:45:00,0,
2025.06.27 04:09:59,scan_skipped_same_execution_bar,USDJPY,2025.06.27 03:45:00,0,
2025.06.27 04:19:59,scan_executed_new_execution_bar,USDJPY,2025.06.27 04:00:00,0,
2025.06.27 04:24:59,scan_skipped_same_execution_bar,USDJPY,2025.06.27 04:00:00,0,
2025.06.27 04:34:59,scan_executed_new_execution_bar,USDJPY,2025.06.27 04:15:00,16,
2025.06.27 04:39:59,scan_skipped_same_execution_bar,USDJPY,2025.06.27 04:15:00,0,
2025.06.27 04:49:58,scan_executed_new_execution_bar,USDJPY,2025.06.27 04:30:00,31,
2025.06.27 04:54:59,scan_skipped_same_execution_bar,USDJPY,2025.06.27 04:30:00,0,
2025.06.27 05:04:59,scan_executed_new_execution_bar,USDJPY,2025.06.27 04:45:00,31,
2025.06.27 05:09:58,scan_skipped_same_execution_bar,USDJPY,2025.06.27 04:45:00,0,
2025.06.27 05:19:59,scan_executed_new_execution_bar,USDJPY,2025.06.27 05:00:00,16,
2025.06.27 05:25:00,scan_skipped_same_execution_bar,USDJPY,2025.06.27 05:00:00,0,
2025.06.27 05:35:00,scan_executed_new_execution_bar,USDJPY,2025.06.27 05:15:00,0,
2025.06.27 05:39:59,scan_skipped_same_execution_bar,USDJPY,2025.06.27 05:15:00,0,
2025.06.27 05:49:59,scan_executed_new_execution_bar,USDJPY,2025.06.27 05:30:00,0,
2025.06.27 05:54:59,scan_skipped_same_execution_bar,USDJPY,2025.06.27 05:30:00,0,
2025.06.27 06:04:59,scan_executed_new_execution_bar,USDJPY,2025.06.27 05:45:00,16,
2025.06.27 06:09:59,scan_skipped_same_execution_bar,USDJPY,2025.06.27 05:45:00,0,
2025.06.27 06:19:59,scan_executed_new_execution_bar,USDJPY,2025.06.27 06:00:00,0,
2025.06.27 06:24:59,scan_skipped_same_execution_bar,USDJPY,2025.06.27 06:00:00,0,
2025.06.27 06:34:59,scan_executed_new_execution_bar,USDJPY,2025.06.27 06:15:00,0,
2025.06.27 06:40:00,scan_skipped_same_execution_bar,USDJPY,2025.06.27 06:15:00,0,
2025.06.27 06:49:59,scan_executed_new_execution_bar,USDJPY,2025.06.27 06:30:00,0,
2025.06.27 06:54:59,scan_skipped_same_execution_bar,USDJPY,2025.06.27 06:30:00,0,
2025.06.27 07:04:59,scan_executed_new_execution_bar,USDJPY,2025.06.27 06:45:00,0,
2025.06.27 07:09:59,scan_skipped_same_execution_bar,USDJPY,2025.06.27 06:45:00,0,
2025.06.27 07:19:59,scan_executed_new_execution_bar,USDJPY,2025.06.27 07:00:00,0,
2025.06.27 07:24:59,scan_skipped_same_execution_bar,USDJPY,2025.06.27 07:00:00,0,
2025.06.27 07:34:59,scan_executed_new_execution_bar,USDJPY,2025.06.27 07:15:00,0,
2025.06.27 07:39:59,scan_skipped_same_execution_bar,USDJPY,2025.06.27 07:15:00,0,
2025.06.27 07:49:59,scan_executed_new_execution_bar,USDJPY,2025.06.27 07:30:00,0,
2025.06.27 07:54:59,scan_skipped_same_execution_bar,USDJPY,2025.06.27 07:30:00,0,
2025.06.27 08:04:59,scan_executed_new_execution_bar,USDJPY,2025.06.27 07:45:00,0,
2025.06.27 08:09:59,scan_skipped_same_execution_bar,USDJPY,2025.06.27 07:45:00,0,
2025.06.27 08:19:59,scan_executed_new_execution_bar,USDJPY,2025.06.27 08:00:00,0,
2025.06.27 08:24:59,scan_skipped_same_execution_bar,USDJPY,2025.06.27 08:00:00,0,
2025.06.27 08:34:58,scan_executed_new_execution_bar,USDJPY,2025.06.27 08:15:00,0,
2025.06.27 08:39:59,scan_skipped_same_execution_bar,USDJPY,2025.06.27 08:15:00,0,
2025.06.27 08:49:59,scan_executed_new_execution_bar,USDJPY,2025.06.27 08:30:00,0,
2025.06.27 08:54:59,scan_skipped_same_execution_bar,USDJPY,2025.06.27 08:30:00,0,
2025.06.27 09:04:59,scan_executed_new_execution_bar,USDJPY,2025.06.27 08:45:00,0,
2025.06.27 09:09:59,scan_skipped_same_execution_bar,USDJPY,2025.06.27 08:45:00,0,
2025.06.27 09:19:59,scan_executed_new_execution_bar,USDJPY,2025.06.27 09:00:00,0,
2025.06.27 09:24:59,scan_skipped_same_execution_bar,USDJPY,2025.06.27 09:00:00,0,
2025.06.27 09:34:59,scan_executed_new_execution_bar,USDJPY,2025.06.27 09:15:00,0,
2025.06.27 09:39:59,scan_skipped_same_execution_bar,USDJPY,2025.06.27 09:15:00,0,
2025.06.27 09:49:59,scan_executed_new_execution_bar,USDJPY,2025.06.27 09:30:00,0,
2025.06.27 09:54:59,scan_skipped_same_execution_bar,USDJPY,2025.06.27 09:30:00,0,
2025.06.27 10:04:59,scan_executed_new_execution_bar,USDJPY,2025.06.27 09:45:00,0,
2025.06.27 10:09:59,scan_skipped_same_execution_bar,USDJPY,2025.06.27 09:45:00,0,
2025.06.27 10:19:59,scan_executed_new_execution_bar,USDJPY,2025.06.27 10:00:00,0,
2025.06.27 10:24:58,scan_skipped_same_execution_bar,USDJPY,2025.06.27 10:00:00,0,
2025.06.27 10:34:59,scan_executed_new_execution_bar,USDJPY,2025.06.27 10:15:00,0,
2025.06.27 10:39:59,scan_skipped_same_execution_bar,USDJPY,2025.06.27 10:15:00,0,
2025.06.27 10:49:58,scan_executed_new_execution_bar,USDJPY,2025.06.27 10:30:00,0,
2025.06.27 10:54:59,scan_skipped_same_execution_bar,USDJPY,2025.06.27 10:30:00,0,
2025.06.27 11:04:59,scan_executed_new_execution_bar,USDJPY,2025.06.27 10:45:00,0,
2025.06.27 11:09:59,scan_skipped_same_execution_bar,USDJPY,2025.06.27 10:45:00,0,
2025.06.27 11:19:59,scan_executed_new_execution_bar,USDJPY,2025.06.27 11:00:00,0,
2025.06.27 11:24:59,scan_skipped_same_execution_bar,USDJPY,2025.06.27 11:00:00,0,
2025.06.27 11:34:58,scan_executed_new_execution_bar,USDJPY,2025.06.27 11:15:00,16,
2025.06.27 11:39:59,scan_skipped_same_execution_bar,USDJPY,2025.06.27 11:15:00,0,
2025.06.27 11:49:59,scan_executed_new_execution_bar,USDJPY,2025.06.27 11:30:00,0,
2025.06.27 11:54:59,scan_skipped_same_execution_bar,USDJPY,2025.06.27 11:30:00,0,
2025.06.27 12:04:59,scan_executed_new_execution_bar,USDJPY,2025.06.27 11:45:00,31,
2025.06.27 12:09:59,scan_skipped_same_execution_bar,USDJPY,2025.06.27 11:45:00,0,
2025.06.27 12:19:59,scan_executed_new_execution_bar,USDJPY,2025.06.27 12:00:00,16,
2025.06.27 12:24:59,scan_skipped_same_execution_bar,USDJPY,2025.06.27 12:00:00,0,
2025.06.27 12:34:59,scan_executed_new_execution_bar,USDJPY,2025.06.27 12:15:00,0,
2025.06.27 12:39:59,scan_skipped_same_execution_bar,USDJPY,2025.06.27 12:15:00,0,
2025.06.27 12:49:59,scan_executed_new_execution_bar,USDJPY,2025.06.27 12:30:00,16,
2025.06.27 12:54:58,scan_skipped_same_execution_bar,USDJPY,2025.06.27 12:30:00,0,
2025.06.27 13:04:59,scan_executed_new_execution_bar,USDJPY,2025.06.27 12:45:00,0,
2025.06.27 13:09:59,scan_skipped_same_execution_bar,USDJPY,2025.06.27 12:45:00,0,
2025.06.27 13:19:59,scan_executed_new_execution_bar,USDJPY,2025.06.27 13:00:00,0,
2025.06.27 13:24:59,scan_skipped_same_execution_bar,USDJPY,2025.06.27 13:00:00,0,
2025.06.27 13:34:59,scan_executed_new_execution_bar,USDJPY,2025.06.27 13:15:00,0,
2025.06.27 13:39:59,scan_skipped_same_execution_bar,USDJPY,2025.06.27 13:15:00,0,
2025.06.27 13:49:59,scan_executed_new_execution_bar,USDJPY,2025.06.27 13:30:00,0,
2025.06.27 13:54:59,scan_skipped_same_execution_bar,USDJPY,2025.06.27 13:30:00,0,
2025.06.27 14:04:59,scan_executed_new_execution_bar,USDJPY,2025.06.27 13:45:00,16,
2025.06.27 14:09:59,scan_skipped_same_execution_bar,USDJPY,2025.06.27 13:45:00,0,
2025.06.27 14:19:59,scan_executed_new_execution_bar,USDJPY,2025.06.27 14:00:00,15,
2025.06.27 14:25:00,scan_skipped_same_execution_bar,USDJPY,2025.06.27 14:00:00,0,
2025.06.27 14:34:58,scan_executed_new_execution_bar,USDJPY,2025.06.27 14:15:00,16,
2025.06.27 14:39:59,scan_skipped_same_execution_bar,USDJPY,2025.06.27 14:15:00,0,
2025.06.27 14:49:59,scan_executed_new_execution_bar,USDJPY,2025.06.27 14:30:00,16,
2025.06.27 14:54:59,scan_skipped_same_execution_bar,USDJPY,2025.06.27 14:30:00,0,
2025.06.27 15:04:59,scan_executed_new_execution_bar,USDJPY,2025.06.27 14:45:00,16,
2025.06.27 15:09:59,scan_skipped_same_execution_bar,USDJPY,2025.06.27 14:45:00,0,
2025.06.27 15:20:00,scan_executed_new_execution_bar,USDJPY,2025.06.27 15:00:00,0,
2025.06.27 15:24:59,scan_skipped_same_execution_bar,USDJPY,2025.06.27 15:00:00,0,
2025.06.27 15:34:59,scan_executed_new_execution_bar,USDJPY,2025.06.27 15:15:00,0,
2025.06.27 15:39:59,scan_skipped_same_execution_bar,USDJPY,2025.06.27 15:15:00,0,
2025.06.27 15:49:59,scan_executed_new_execution_bar,USDJPY,2025.06.27 15:30:00,0,
2025.06.27 15:54:59,scan_skipped_same_execution_bar,USDJPY,2025.06.27 15:30:00,0,
2025.06.27 16:04:59,scan_executed_new_execution_bar,USDJPY,2025.06.27 15:45:00,15,
2025.06.27 16:09:59,scan_skipped_same_execution_bar,USDJPY,2025.06.27 15:45:00,0,
2025.06.27 16:19:59,scan_executed_new_execution_bar,USDJPY,2025.06.27 16:00:00,16,
2025.06.27 16:24:59,scan_skipped_same_execution_bar,USDJPY,2025.06.27 16:00:00,0,
2025.06.27 16:34:59,scan_executed_new_execution_bar,USDJPY,2025.06.27 16:15:00,16,
2025.06.27 16:39:59,scan_skipped_same_execution_bar,USDJPY,2025.06.27 16:15:00,0,
2025.06.27 16:49:59,scan_executed_new_execution_bar,USDJPY,2025.06.27 16:30:00,0,
2025.06.27 16:54:59,scan_skipped_same_execution_bar,USDJPY,2025.06.27 16:30:00,0,
2025.06.27 17:04:59,scan_executed_new_execution_bar,USDJPY,2025.06.27 16:45:00,16,
2025.06.27 17:09:59,scan_skipped_same_execution_bar,USDJPY,2025.06.27 16:45:00,0,
2025.06.27 17:19:59,scan_executed_new_execution_bar,USDJPY,2025.06.27 17:00:00,15,
2025.06.27 17:24:59,scan_skipped_same_execution_bar,USDJPY,2025.06.27 17:00:00,0,
2025.06.27 17:34:59,scan_executed_new_execution_bar,USDJPY,2025.06.27 17:15:00,32,
2025.06.27 17:39:59,scan_skipped_same_execution_bar,USDJPY,2025.06.27 17:15:00,0,
2025.06.27 17:49:59,scan_executed_new_execution_bar,USDJPY,2025.06.27 17:30:00,16,
2025.06.27 17:54:59,scan_skipped_same_execution_bar,USDJPY,2025.06.27 17:30:00,0,
2025.06.27 18:04:59,scan_executed_new_execution_bar,USDJPY,2025.06.27 17:45:00,0,
2025.06.27 18:09:59,scan_skipped_same_execution_bar,USDJPY,2025.06.27 17:45:00,0,
2025.06.27 18:19:59,scan_executed_new_execution_bar,USDJPY,2025.06.27 18:00:00,47,
2025.06.27 18:24:59,scan_skipped_same_execution_bar,USDJPY,2025.06.27 18:00:00,0,
2025.06.27 18:34:59,scan_executed_new_execution_bar,USDJPY,2025.06.27 18:15:00,0,
2025.06.27 18:39:59,scan_skipped_same_execution_bar,USDJPY,2025.06.27 18:15:00,0,
2025.06.27 18:49:59,scan_executed_new_execution_bar,USDJPY,2025.06.27 18:30:00,0,
2025.06.27 18:54:59,scan_skipped_same_execution_bar,USDJPY,2025.06.27 18:30:00,0,
2025.06.27 19:04:59,scan_executed_new_execution_bar,USDJPY,2025.06.27 18:45:00,0,
2025.06.27 19:09:59,scan_skipped_same_execution_bar,USDJPY,2025.06.27 18:45:00,0,
2025.06.27 19:19:59,scan_executed_new_execution_bar,USDJPY,2025.06.27 19:00:00,15,
2025.06.27 19:24:59,scan_skipped_same_execution_bar,USDJPY,2025.06.27 19:00:00,0,
2025.06.27 19:34:59,scan_executed_new_execution_bar,USDJPY,2025.06.27 19:15:00,16,
2025.06.27 19:39:59,scan_skipped_same_execution_bar,USDJPY,2025.06.27 19:15:00,0,
2025.06.27 19:49:59,scan_executed_new_execution_bar,USDJPY,2025.06.27 19:30:00,16,
2025.06.27 19:54:59,scan_skipped_same_execution_bar,USDJPY,2025.06.27 19:30:00,0,
2025.06.27 20:04:58,scan_executed_new_execution_bar,USDJPY,2025.06.27 19:45:00,16,
2025.06.27 20:09:59,scan_skipped_same_execution_bar,USDJPY,2025.06.27 19:45:00,0,
2025.06.27 20:19:59,scan_executed_new_execution_bar,USDJPY,2025.06.27 20:00:00,0,
2025.06.27 20:24:59,scan_skipped_same_execution_bar,USDJPY,2025.06.27 20:00:00,0,
2025.06.27 20:34:59,scan_executed_new_execution_bar,USDJPY,2025.06.27 20:15:00,0,
2025.06.27 20:39:59,scan_skipped_same_execution_bar,USDJPY,2025.06.27 20:15:00,0,
2025.06.27 20:49:59,scan_executed_new_execution_bar,USDJPY,2025.06.27 20:30:00,0,
2025.06.27 20:54:59,scan_skipped_same_execution_bar,USDJPY,2025.06.27 20:30:00,0,
2025.06.27 21:04:59,scan_executed_new_execution_bar,USDJPY,2025.06.27 20:45:00,31,
2025.06.27 21:09:59,scan_skipped_same_execution_bar,USDJPY,2025.06.27 20:45:00,0,
2025.06.27 21:19:59,scan_executed_new_execution_bar,USDJPY,2025.06.27 21:00:00,0,
2025.06.27 21:24:59,scan_skipped_same_execution_bar,USDJPY,2025.06.27 21:00:00,0,
2025.06.27 21:34:59,scan_executed_new_execution_bar,USDJPY,2025.06.27 21:15:00,0,
2025.06.27 21:39:59,scan_skipped_same_execution_bar,USDJPY,2025.06.27 21:15:00,0,
2025.06.27 21:49:59,scan_executed_new_execution_bar,USDJPY,2025.06.27 21:30:00,0,
2025.06.27 21:54:59,scan_skipped_same_execution_bar,USDJPY,2025.06.27 21:30:00,0,
2025.06.27 22:04:59,scan_executed_new_execution_bar,USDJPY,2025.06.27 21:45:00,0,
2025.06.27 22:09:59,scan_skipped_same_execution_bar,USDJPY,2025.06.27 21:45:00,0,
2025.06.27 22:19:59,scan_executed_new_execution_bar,USDJPY,2025.06.27 22:00:00,31,
2025.06.27 22:24:58,scan_skipped_same_execution_bar,USDJPY,2025.06.27 22:00:00,0,
2025.06.27 22:34:55,scan_executed_new_execution_bar,USDJPY,2025.06.27 22:15:00,0,
2025.06.27 22:39:59,scan_skipped_same_execution_bar,USDJPY,2025.06.27 22:15:00,0,
2025.06.27 22:49:59,scan_executed_new_execution_bar,USDJPY,2025.06.27 22:30:00,0,
2025.06.27 22:55:00,scan_skipped_same_execution_bar,USDJPY,2025.06.27 22:30:00,0,
2025.06.27 23:04:59,scan_executed_new_execution_bar,USDJPY,2025.06.27 22:45:00,16,
2025.06.27 23:09:59,scan_skipped_same_execution_bar,USDJPY,2025.06.27 22:45:00,0,
2025.06.27 23:19:56,scan_executed_new_execution_bar,USDJPY,2025.06.27 23:00:00,0,
2025.06.27 23:24:59,scan_skipped_same_execution_bar,USDJPY,2025.06.27 23:00:00,0,
2025.06.27 23:34:58,scan_executed_new_execution_bar,USDJPY,2025.06.27 23:15:00,16,
2025.06.27 23:39:58,scan_skipped_same_execution_bar,USDJPY,2025.06.27 23:15:00,0,
2025.06.27 23:49:59,scan_executed_new_execution_bar,USDJPY,2025.06.27 23:30:00,0,
2025.06.27 23:54:59,scan_skipped_same_execution_bar,USDJPY,2025.06.27 23:30:00,0,
2025.06.30 00:04:53,scan_executed_new_execution_bar,USDJPY,2025.06.27 23:45:00,0,
2025.06.30 00:09:59,scan_skipped_same_execution_bar,USDJPY,2025.06.27 23:45:00,0,
2025.06.30 00:19:58,scan_executed_new_execution_bar,USDJPY,2025.06.30 00:00:00,0,
2025.06.30 00:24:57,scan_skipped_same_execution_bar,USDJPY,2025.06.30 00:00:00,0,
2025.06.30 00:34:54,scan_executed_new_execution_bar,USDJPY,2025.06.30 00:15:00,0,
2025.06.30 00:39:59,scan_skipped_same_execution_bar,USDJPY,2025.06.30 00:15:00,0,
2025.06.30 00:49:57,scan_executed_new_execution_bar,USDJPY,2025.06.30 00:30:00,0,
2025.06.30 00:54:59,scan_skipped_same_execution_bar,USDJPY,2025.06.30 00:30:00,0,
2025.06.30 01:04:59,scan_executed_new_execution_bar,USDJPY,2025.06.30 00:45:00,0,
2025.06.30 01:09:59,scan_skipped_same_execution_bar,USDJPY,2025.06.30 00:45:00,0,
2025.06.30 01:19:59,scan_executed_new_execution_bar,USDJPY,2025.06.30 01:00:00,0,
2025.06.30 01:24:59,scan_skipped_same_execution_bar,USDJPY,2025.06.30 01:00:00,0,
2025.06.30 01:34:59,scan_executed_new_execution_bar,USDJPY,2025.06.30 01:15:00,0,
2025.06.30 01:39:59,scan_skipped_same_execution_bar,USDJPY,2025.06.30 01:15:00,0,
2025.06.30 01:49:59,scan_executed_new_execution_bar,USDJPY,2025.06.30 01:30:00,0,
2025.06.30 01:54:59,scan_skipped_same_execution_bar,USDJPY,2025.06.30 01:30:00,0,
2025.06.30 02:04:58,scan_executed_new_execution_bar,USDJPY,2025.06.30 01:45:00,0,
2025.06.30 02:09:59,scan_skipped_same_execution_bar,USDJPY,2025.06.30 01:45:00,0,
2025.06.30 02:19:59,scan_executed_new_execution_bar,USDJPY,2025.06.30 02:00:00,0,
2025.06.30 02:24:59,scan_skipped_same_execution_bar,USDJPY,2025.06.30 02:00:00,0,
2025.06.30 02:34:53,scan_executed_new_execution_bar,USDJPY,2025.06.30 02:15:00,16,
2025.06.30 02:39:56,scan_skipped_same_execution_bar,USDJPY,2025.06.30 02:15:00,0,
2025.06.30 02:49:59,scan_executed_new_execution_bar,USDJPY,2025.06.30 02:30:00,0,
2025.06.30 02:54:59,scan_skipped_same_execution_bar,USDJPY,2025.06.30 02:30:00,0,
2025.06.30 03:04:59,scan_executed_new_execution_bar,USDJPY,2025.06.30 02:45:00,0,
2025.06.30 03:09:59,scan_skipped_same_execution_bar,USDJPY,2025.06.30 02:45:00,0,
2025.06.30 03:19:59,scan_executed_new_execution_bar,USDJPY,2025.06.30 03:00:00,0,
2025.06.30 03:24:59,scan_skipped_same_execution_bar,USDJPY,2025.06.30 03:00:00,0,
2025.06.30 03:34:59,scan_executed_new_execution_bar,USDJPY,2025.06.30 03:15:00,0,
2025.06.30 03:40:00,scan_skipped_same_execution_bar,USDJPY,2025.06.30 03:15:00,0,
2025.06.30 03:49:59,scan_executed_new_execution_bar,USDJPY,2025.06.30 03:30:00,0,
2025.06.30 03:54:59,scan_skipped_same_execution_bar,USDJPY,2025.06.30 03:30:00,0,
2025.06.30 04:04:59,scan_executed_new_execution_bar,USDJPY,2025.06.30 03:45:00,0,
2025.06.30 04:09:59,scan_skipped_same_execution_bar,USDJPY,2025.06.30 03:45:00,0,
2025.06.30 04:19:59,scan_executed_new_execution_bar,USDJPY,2025.06.30 04:00:00,0,
2025.06.30 04:24:59,scan_skipped_same_execution_bar,USDJPY,2025.06.30 04:00:00,0,
2025.06.30 04:34:59,scan_executed_new_execution_bar,USDJPY,2025.06.30 04:15:00,0,
2025.06.30 04:39:59,scan_skipped_same_execution_bar,USDJPY,2025.06.30 04:15:00,0,
2025.06.30 04:49:59,scan_executed_new_execution_bar,USDJPY,2025.06.30 04:30:00,0,
2025.06.30 04:54:59,scan_skipped_same_execution_bar,USDJPY,2025.06.30 04:30:00,0,
2025.06.30 05:04:59,scan_executed_new_execution_bar,USDJPY,2025.06.30 04:45:00,0,
2025.06.30 05:09:59,scan_skipped_same_execution_bar,USDJPY,2025.06.30 04:45:00,0,
2025.06.30 05:19:59,scan_executed_new_execution_bar,USDJPY,2025.06.30 05:00:00,0,
2025.06.30 05:24:59,scan_skipped_same_execution_bar,USDJPY,2025.06.30 05:00:00,0,
2025.06.30 05:34:58,scan_executed_new_execution_bar,USDJPY,2025.06.30 05:15:00,0,
2025.06.30 05:39:59,scan_skipped_same_execution_bar,USDJPY,2025.06.30 05:15:00,0,
2025.06.30 05:49:59,scan_executed_new_execution_bar,USDJPY,2025.06.30 05:30:00,31,
2025.06.30 05:54:59,scan_skipped_same_execution_bar,USDJPY,2025.06.30 05:30:00,0,
2025.06.30 06:04:59,scan_executed_new_execution_bar,USDJPY,2025.06.30 05:45:00,0,
2025.06.30 06:09:59,scan_skipped_same_execution_bar,USDJPY,2025.06.30 05:45:00,0,
2025.06.30 06:19:59,scan_executed_new_execution_bar,USDJPY,2025.06.30 06:00:00,0,
2025.06.30 06:24:59,scan_skipped_same_execution_bar,USDJPY,2025.06.30 06:00:00,0,
2025.06.30 06:34:59,scan_executed_new_execution_bar,USDJPY,2025.06.30 06:15:00,0,
2025.06.30 06:39:59,scan_skipped_same_execution_bar,USDJPY,2025.06.30 06:15:00,0,
2025.06.30 06:49:59,scan_executed_new_execution_bar,USDJPY,2025.06.30 06:30:00,31,
2025.06.30 06:54:59,scan_skipped_same_execution_bar,USDJPY,2025.06.30 06:30:00,0,
2025.06.30 07:04:59,scan_executed_new_execution_bar,USDJPY,2025.06.30 06:45:00,0,
2025.06.30 07:09:59,scan_skipped_same_execution_bar,USDJPY,2025.06.30 06:45:00,0,
2025.06.30 07:19:59,scan_executed_new_execution_bar,USDJPY,2025.06.30 07:00:00,0,
2025.06.30 07:24:59,scan_skipped_same_execution_bar,USDJPY,2025.06.30 07:00:00,0,
2025.06.30 07:34:59,scan_executed_new_execution_bar,USDJPY,2025.06.30 07:15:00,16,
2025.06.30 07:39:59,scan_skipped_same_execution_bar,USDJPY,2025.06.30 07:15:00,0,
2025.06.30 07:49:59,scan_executed_new_execution_bar,USDJPY,2025.06.30 07:30:00,0,
2025.06.30 07:55:00,scan_skipped_same_execution_bar,USDJPY,2025.06.30 07:30:00,0,
2025.06.30 08:04:59,scan_executed_new_execution_bar,USDJPY,2025.06.30 07:45:00,0,
2025.06.30 08:09:59,scan_skipped_same_execution_bar,USDJPY,2025.06.30 07:45:00,0,
2025.06.30 08:19:59,scan_executed_new_execution_bar,USDJPY,2025.06.30 08:00:00,16,
2025.06.30 08:24:59,scan_skipped_same_execution_bar,USDJPY,2025.06.30 08:00:00,0,
2025.06.30 08:34:59,scan_executed_new_execution_bar,USDJPY,2025.06.30 08:15:00,0,
2025.06.30 08:39:59,scan_skipped_same_execution_bar,USDJPY,2025.06.30 08:15:00,0,
2025.06.30 08:49:59,scan_executed_new_execution_bar,USDJPY,2025.06.30 08:30:00,31,
2025.06.30 08:54:59,scan_skipped_same_execution_bar,USDJPY,2025.06.30 08:30:00,0,
2025.06.30 09:04:59,scan_executed_new_execution_bar,USDJPY,2025.06.30 08:45:00,0,
2025.06.30 09:09:59,scan_skipped_same_execution_bar,USDJPY,2025.06.30 08:45:00,0,
2025.06.30 09:19:59,scan_executed_new_execution_bar,USDJPY,2025.06.30 09:00:00,0,
2025.06.30 09:24:59,scan_skipped_same_execution_bar,USDJPY,2025.06.30 09:00:00,0,
2025.06.30 09:34:59,scan_executed_new_execution_bar,USDJPY,2025.06.30 09:15:00,0,
2025.06.30 09:39:59,scan_skipped_same_execution_bar,USDJPY,2025.06.30 09:15:00,0,
2025.06.30 09:49:59,scan_executed_new_execution_bar,USDJPY,2025.06.30 09:30:00,0,
2025.06.30 09:54:59,scan_skipped_same_execution_bar,USDJPY,2025.06.30 09:30:00,0,
2025.06.30 10:00:00,scan_executed_new_execution_bar,USDJPY,2025.06.30 09:45:00,0,
2025.06.30 10:04:59,scan_skipped_same_execution_bar,USDJPY,2025.06.30 09:45:00,0,
2025.06.30 10:19:59,scan_executed_new_execution_bar,USDJPY,2025.06.30 10:00:00,0,
2025.06.30 10:24:59,scan_skipped_same_execution_bar,USDJPY,2025.06.30 10:00:00,0,
2025.06.30 10:34:59,scan_executed_new_execution_bar,USDJPY,2025.06.30 10:15:00,62,
2025.06.30 10:39:59,scan_skipped_same_execution_bar,USDJPY,2025.06.30 10:15:00,0,
2025.06.30 10:49:58,scan_executed_new_execution_bar,USDJPY,2025.06.30 10:30:00,0,
2025.06.30 10:54:59,scan_skipped_same_execution_bar,USDJPY,2025.06.30 10:30:00,0,
2025.06.30 11:05:00,scan_executed_new_execution_bar,USDJPY,2025.06.30 10:45:00,16,
2025.06.30 11:09:59,scan_skipped_same_execution_bar,USDJPY,2025.06.30 10:45:00,0,
2025.06.30 11:19:59,scan_executed_new_execution_bar,USDJPY,2025.06.30 11:00:00,0,
2025.06.30 11:24:59,scan_skipped_same_execution_bar,USDJPY,2025.06.30 11:00:00,0,
2025.06.30 11:34:59,scan_executed_new_execution_bar,USDJPY,2025.06.30 11:15:00,0,
2025.06.30 11:39:59,scan_skipped_same_execution_bar,USDJPY,2025.06.30 11:15:00,0,
2025.06.30 11:49:59,scan_executed_new_execution_bar,USDJPY,2025.06.30 11:30:00,0,
2025.06.30 11:54:59,scan_skipped_same_execution_bar,USDJPY,2025.06.30 11:30:00,0,
2025.06.30 12:00:00,scan_executed_new_execution_bar,USDJPY,2025.06.30 11:45:00,0,
2025.06.30 12:04:59,scan_skipped_same_execution_bar,USDJPY,2025.06.30 11:45:00,0,
2025.06.30 12:19:59,scan_executed_new_execution_bar,USDJPY,2025.06.30 12:00:00,0,
2025.06.30 12:24:59,scan_skipped_same_execution_bar,USDJPY,2025.06.30 12:00:00,0,
2025.06.30 12:34:59,scan_executed_new_execution_bar,USDJPY,2025.06.30 12:15:00,0,
2025.06.30 12:39:59,scan_skipped_same_execution_bar,USDJPY,2025.06.30 12:15:00,0,
2025.06.30 12:49:59,scan_executed_new_execution_bar,USDJPY,2025.06.30 12:30:00,0,
2025.06.30 12:54:59,scan_skipped_same_execution_bar,USDJPY,2025.06.30 12:30:00,0,
2025.06.30 13:04:59,scan_executed_new_execution_bar,USDJPY,2025.06.30 12:45:00,0,
2025.06.30 13:09:57,scan_skipped_same_execution_bar,USDJPY,2025.06.30 12:45:00,0,
2025.06.30 13:19:59,scan_executed_new_execution_bar,USDJPY,2025.06.30 13:00:00,16,
2025.06.30 13:24:59,scan_skipped_same_execution_bar,USDJPY,2025.06.30 13:00:00,0,
2025.06.30 13:34:58,scan_executed_new_execution_bar,USDJPY,2025.06.30 13:15:00,0,
2025.06.30 13:39:59,scan_skipped_same_execution_bar,USDJPY,2025.06.30 13:15:00,0,
2025.06.30 13:49:59,scan_executed_new_execution_bar,USDJPY,2025.06.30 13:30:00,0,
2025.06.30 13:54:59,scan_skipped_same_execution_bar,USDJPY,2025.06.30 13:30:00,0,
2025.06.30 14:04:59,scan_executed_new_execution_bar,USDJPY,2025.06.30 13:45:00,16,
2025.06.30 14:09:59,scan_skipped_same_execution_bar,USDJPY,2025.06.30 13:45:00,0,
2025.06.30 14:19:59,scan_executed_new_execution_bar,USDJPY,2025.06.30 14:00:00,15,
2025.06.30 14:24:59,scan_skipped_same_execution_bar,USDJPY,2025.06.30 14:00:00,0,
2025.06.30 14:34:59,scan_executed_new_execution_bar,USDJPY,2025.06.30 14:15:00,0,
2025.06.30 14:39:59,scan_skipped_same_execution_bar,USDJPY,2025.06.30 14:15:00,0,
2025.06.30 14:49:59,scan_executed_new_execution_bar,USDJPY,2025.06.30 14:30:00,0,
2025.06.30 14:54:59,scan_skipped_same_execution_bar,USDJPY,2025.06.30 14:30:00,0,
2025.06.30 15:04:59,scan_executed_new_execution_bar,USDJPY,2025.06.30 14:45:00,0,
2025.06.30 15:09:59,scan_skipped_same_execution_bar,USDJPY,2025.06.30 14:45:00,0,
2025.06.30 15:19:59,scan_executed_new_execution_bar,USDJPY,2025.06.30 15:00:00,0,
2025.06.30 15:24:59,scan_skipped_same_execution_bar,USDJPY,2025.06.30 15:00:00,0,
2025.06.30 15:34:59,scan_executed_new_execution_bar,USDJPY,2025.06.30 15:15:00,0,
2025.06.30 15:39:59,scan_skipped_same_execution_bar,USDJPY,2025.06.30 15:15:00,0,
2025.06.30 15:49:59,scan_executed_new_execution_bar,USDJPY,2025.06.30 15:30:00,0,
2025.06.30 15:54:59,scan_skipped_same_execution_bar,USDJPY,2025.06.30 15:30:00,0,
2025.06.30 16:04:59,scan_executed_new_execution_bar,USDJPY,2025.06.30 15:45:00,0,
2025.06.30 16:09:59,scan_skipped_same_execution_bar,USDJPY,2025.06.30 15:45:00,0,
2025.06.30 16:19:59,scan_executed_new_execution_bar,USDJPY,2025.06.30 16:00:00,0,
2025.06.30 16:24:59,scan_skipped_same_execution_bar,USDJPY,2025.06.30 16:00:00,0,
2025.06.30 16:34:59,scan_executed_new_execution_bar,USDJPY,2025.06.30 16:15:00,0,
2025.06.30 16:39:59,scan_skipped_same_execution_bar,USDJPY,2025.06.30 16:15:00,0,
2025.06.30 16:49:59,scan_executed_new_execution_bar,USDJPY,2025.06.30 16:30:00,0,
2025.06.30 16:54:59,scan_skipped_same_execution_bar,USDJPY,2025.06.30 16:30:00,0,
2025.06.30 17:04:59,scan_executed_new_execution_bar,USDJPY,2025.06.30 16:45:00,0,
2025.06.30 17:09:59,scan_skipped_same_execution_bar,USDJPY,2025.06.30 16:45:00,0,
2025.06.30 17:19:59,scan_executed_new_execution_bar,USDJPY,2025.06.30 17:00:00,0,
2025.06.30 17:24:59,scan_skipped_same_execution_bar,USDJPY,2025.06.30 17:00:00,0,
2025.06.30 17:34:59,scan_executed_new_execution_bar,USDJPY,2025.06.30 17:15:00,0,
2025.06.30 17:40:00,scan_skipped_same_execution_bar,USDJPY,2025.06.30 17:15:00,0,
2025.06.30 17:49:59,scan_executed_new_execution_bar,USDJPY,2025.06.30 17:30:00,0,
2025.06.30 17:54:59,scan_skipped_same_execution_bar,USDJPY,2025.06.30 17:30:00,0,
2025.06.30 18:04:59,scan_executed_new_execution_bar,USDJPY,2025.06.30 17:45:00,16,
2025.06.30 18:09:59,scan_skipped_same_execution_bar,USDJPY,2025.06.30 17:45:00,0,
2025.06.30 18:19:59,scan_executed_new_execution_bar,USDJPY,2025.06.30 18:00:00,15,
2025.06.30 18:24:59,scan_skipped_same_execution_bar,USDJPY,2025.06.30 18:00:00,0,
2025.06.30 18:34:59,scan_executed_new_execution_bar,USDJPY,2025.06.30 18:15:00,0,
2025.06.30 18:39:59,scan_skipped_same_execution_bar,USDJPY,2025.06.30 18:15:00,0,
2025.06.30 18:49:59,scan_executed_new_execution_bar,USDJPY,2025.06.30 18:30:00,0,
2025.06.30 18:54:59,scan_skipped_same_execution_bar,USDJPY,2025.06.30 18:30:00,0,
2025.06.30 19:04:59,scan_executed_new_execution_bar,USDJPY,2025.06.30 18:45:00,16,
2025.06.30 19:09:59,scan_skipped_same_execution_bar,USDJPY,2025.06.30 18:45:00,0,
2025.06.30 19:19:59,scan_executed_new_execution_bar,USDJPY,2025.06.30 19:00:00,16,
2025.06.30 19:24:59,scan_skipped_same_execution_bar,USDJPY,2025.06.30 19:00:00,0,
2025.06.30 19:34:59,scan_executed_new_execution_bar,USDJPY,2025.06.30 19:15:00,15,
2025.06.30 19:39:59,scan_skipped_same_execution_bar,USDJPY,2025.06.30 19:15:00,0,
2025.06.30 19:49:59,scan_executed_new_execution_bar,USDJPY,2025.06.30 19:30:00,31,
2025.06.30 19:54:59,scan_skipped_same_execution_bar,USDJPY,2025.06.30 19:30:00,0,
2025.06.30 20:00:00,scan_executed_new_execution_bar,USDJPY,2025.06.30 19:45:00,16,
2025.06.30 20:04:59,scan_skipped_same_execution_bar,USDJPY,2025.06.30 19:45:00,0,
2025.06.30 20:19:59,scan_executed_new_execution_bar,USDJPY,2025.06.30 20:00:00,15,
2025.06.30 20:25:00,scan_skipped_same_execution_bar,USDJPY,2025.06.30 20:00:00,0,
2025.06.30 20:35:00,scan_executed_new_execution_bar,USDJPY,2025.06.30 20:15:00,16,
2025.06.30 20:39:59,scan_skipped_same_execution_bar,USDJPY,2025.06.30 20:15:00,0,
2025.06.30 20:49:59,scan_executed_new_execution_bar,USDJPY,2025.06.30 20:30:00,31,
2025.06.30 20:54:59,scan_skipped_same_execution_bar,USDJPY,2025.06.30 20:30:00,0,
2025.06.30 21:04:59,scan_executed_new_execution_bar,USDJPY,2025.06.30 20:45:00,0,
2025.06.30 21:09:59,scan_skipped_same_execution_bar,USDJPY,2025.06.30 20:45:00,0,
2025.06.30 21:19:59,scan_executed_new_execution_bar,USDJPY,2025.06.30 21:00:00,0,
2025.06.30 21:24:59,scan_skipped_same_execution_bar,USDJPY,2025.06.30 21:00:00,0,
2025.06.30 21:34:57,scan_executed_new_execution_bar,USDJPY,2025.06.30 21:15:00,0,
2025.06.30 21:39:58,scan_skipped_same_execution_bar,USDJPY,2025.06.30 21:15:00,0,
2025.06.30 21:49:59,scan_executed_new_execution_bar,USDJPY,2025.06.30 21:30:00,31,
2025.06.30 21:54:59,scan_skipped_same_execution_bar,USDJPY,2025.06.30 21:30:00,0,
2025.06.30 22:04:59,scan_executed_new_execution_bar,USDJPY,2025.06.30 21:45:00,0,
2025.06.30 22:09:59,scan_skipped_same_execution_bar,USDJPY,2025.06.30 21:45:00,0,
2025.06.30 22:19:59,scan_executed_new_execution_bar,USDJPY,2025.06.30 22:00:00,0,
2025.06.30 22:24:58,scan_skipped_same_execution_bar,USDJPY,2025.06.30 22:00:00,0,
2025.06.30 22:35:00,scan_executed_new_execution_bar,USDJPY,2025.06.30 22:15:00,0,
2025.06.30 22:39:59,scan_skipped_same_execution_bar,USDJPY,2025.06.30 22:15:00,0,
2025.06.30 22:49:59,scan_executed_new_execution_bar,USDJPY,2025.06.30 22:30:00,0,
2025.06.30 22:54:59,scan_skipped_same_execution_bar,USDJPY,2025.06.30 22:30:00,0,
2025.06.30 23:04:59,scan_executed_new_execution_bar,USDJPY,2025.06.30 22:45:00,0,
2025.06.30 23:09:59,scan_skipped_same_execution_bar,USDJPY,2025.06.30 22:45:00,0,
2025.06.30 23:19:59,scan_executed_new_execution_bar,USDJPY,2025.06.30 23:00:00,0,
2025.06.30 23:24:59,scan_skipped_same_execution_bar,USDJPY,2025.06.30 23:00:00,0,
2025.06.30 23:34:59,scan_executed_new_execution_bar,USDJPY,2025.06.30 23:15:00,0,
2025.06.30 23:39:56,scan_skipped_same_execution_bar,USDJPY,2025.06.30 23:15:00,0,
2025.06.30 23:49:56,scan_executed_new_execution_bar,USDJPY,2025.06.30 23:30:00,0,
2025.06.30 23:54:59,scan_skipped_same_execution_bar,USDJPY,2025.06.30 23:30:00,0,
2025.07.01 00:04:48,scan_executed_new_execution_bar,USDJPY,2025.06.30 23:45:00,0,
2025.07.01 00:09:57,scan_skipped_same_execution_bar,USDJPY,2025.06.30 23:45:00,0,
2025.07.01 00:19:55,scan_executed_new_execution_bar,USDJPY,2025.07.01 00:00:00,0,
2025.07.01 00:24:58,scan_skipped_same_execution_bar,USDJPY,2025.07.01 00:00:00,0,
2025.07.01 00:34:57,scan_executed_new_execution_bar,USDJPY,2025.07.01 00:15:00,0,
2025.07.01 00:39:59,scan_skipped_same_execution_bar,USDJPY,2025.07.01 00:15:00,0,
2025.07.01 00:49:59,scan_executed_new_execution_bar,USDJPY,2025.07.01 00:30:00,0,
2025.07.01 00:54:58,scan_skipped_same_execution_bar,USDJPY,2025.07.01 00:30:00,0,
2025.07.01 01:04:59,scan_executed_new_execution_bar,USDJPY,2025.07.01 00:45:00,0,
2025.07.01 01:09:59,scan_skipped_same_execution_bar,USDJPY,2025.07.01 00:45:00,0,
2025.07.01 01:19:59,scan_executed_new_execution_bar,USDJPY,2025.07.01 01:00:00,0,
2025.07.01 01:24:57,scan_skipped_same_execution_bar,USDJPY,2025.07.01 01:00:00,0,
2025.07.01 01:34:59,scan_executed_new_execution_bar,USDJPY,2025.07.01 01:15:00,0,
2025.07.01 01:39:59,scan_skipped_same_execution_bar,USDJPY,2025.07.01 01:15:00,0,
2025.07.01 01:49:58,scan_executed_new_execution_bar,USDJPY,2025.07.01 01:30:00,0,
2025.07.01 01:54:59,scan_skipped_same_execution_bar,USDJPY,2025.07.01 01:30:00,0,
2025.07.01 02:04:44,scan_executed_new_execution_bar,USDJPY,2025.07.01 01:45:00,0,
2025.07.01 02:09:59,scan_skipped_same_execution_bar,USDJPY,2025.07.01 01:45:00,0,
2025.07.01 02:19:59,scan_executed_new_execution_bar,USDJPY,2025.07.01 02:00:00,0,
2025.07.01 02:24:58,scan_skipped_same_execution_bar,USDJPY,2025.07.01 02:00:00,0,
2025.07.01 02:34:58,scan_executed_new_execution_bar,USDJPY,2025.07.01 02:15:00,0,
2025.07.01 02:39:50,scan_skipped_same_execution_bar,USDJPY,2025.07.01 02:15:00,0,
2025.07.01 02:49:58,scan_executed_new_execution_bar,USDJPY,2025.07.01 02:30:00,0,
2025.07.01 02:54:59,scan_skipped_same_execution_bar,USDJPY,2025.07.01 02:30:00,0,
2025.07.01 03:04:59,scan_executed_new_execution_bar,USDJPY,2025.07.01 02:45:00,0,
2025.07.01 03:09:59,scan_skipped_same_execution_bar,USDJPY,2025.07.01 02:45:00,0,
2025.07.01 03:19:59,scan_executed_new_execution_bar,USDJPY,2025.07.01 03:00:00,0,
2025.07.01 03:24:59,scan_skipped_same_execution_bar,USDJPY,2025.07.01 03:00:00,0,
2025.07.01 03:34:59,scan_executed_new_execution_bar,USDJPY,2025.07.01 03:15:00,0,
2025.07.01 03:39:59,scan_skipped_same_execution_bar,USDJPY,2025.07.01 03:15:00,0,
2025.07.01 03:49:59,scan_executed_new_execution_bar,USDJPY,2025.07.01 03:30:00,0,
2025.07.01 03:54:59,scan_skipped_same_execution_bar,USDJPY,2025.07.01 03:30:00,0,
2025.07.01 04:04:58,scan_executed_new_execution_bar,USDJPY,2025.07.01 03:45:00,0,
2025.07.01 04:09:59,scan_skipped_same_execution_bar,USDJPY,2025.07.01 03:45:00,0,
2025.07.01 04:19:59,scan_executed_new_execution_bar,USDJPY,2025.07.01 04:00:00,0,
2025.07.01 04:24:59,scan_skipped_same_execution_bar,USDJPY,2025.07.01 04:00:00,0,
2025.07.01 04:34:59,scan_executed_new_execution_bar,USDJPY,2025.07.01 04:15:00,16,
2025.07.01 04:39:59,scan_skipped_same_execution_bar,USDJPY,2025.07.01 04:15:00,0,
2025.07.01 04:49:58,scan_executed_new_execution_bar,USDJPY,2025.07.01 04:30:00,0,
2025.07.01 04:54:59,scan_skipped_same_execution_bar,USDJPY,2025.07.01 04:30:00,0,
2025.07.01 05:04:59,scan_executed_new_execution_bar,USDJPY,2025.07.01 04:45:00,0,
2025.07.01 05:09:58,scan_skipped_same_execution_bar,USDJPY,2025.07.01 04:45:00,0,
2025.07.01 05:19:59,scan_executed_new_execution_bar,USDJPY,2025.07.01 05:00:00,0,
2025.07.01 05:24:59,scan_skipped_same_execution_bar,USDJPY,2025.07.01 05:00:00,0,
2025.07.01 05:34:59,scan_executed_new_execution_bar,USDJPY,2025.07.01 05:15:00,0,
2025.07.01 05:39:59,scan_skipped_same_execution_bar,USDJPY,2025.07.01 05:15:00,0,
2025.07.01 05:49:59,scan_executed_new_execution_bar,USDJPY,2025.07.01 05:30:00,0,
2025.07.01 05:54:55,scan_skipped_same_execution_bar,USDJPY,2025.07.01 05:30:00,0,
2025.07.01 06:04:59,scan_executed_new_execution_bar,USDJPY,2025.07.01 05:45:00,0,
2025.07.01 06:09:59,scan_skipped_same_execution_bar,USDJPY,2025.07.01 05:45:00,0,
2025.07.01 06:19:59,scan_executed_new_execution_bar,USDJPY,2025.07.01 06:00:00,0,
2025.07.01 06:24:59,scan_skipped_same_execution_bar,USDJPY,2025.07.01 06:00:00,0,
2025.07.01 06:34:59,scan_executed_new_execution_bar,USDJPY,2025.07.01 06:15:00,16,
2025.07.01 06:39:59,scan_skipped_same_execution_bar,USDJPY,2025.07.01 06:15:00,0,
2025.07.01 06:49:59,scan_executed_new_execution_bar,USDJPY,2025.07.01 06:30:00,0,
2025.07.01 06:54:59,scan_skipped_same_execution_bar,USDJPY,2025.07.01 06:30:00,0,
2025.07.01 07:04:58,scan_executed_new_execution_bar,USDJPY,2025.07.01 06:45:00,0,
2025.07.01 07:09:59,scan_skipped_same_execution_bar,USDJPY,2025.07.01 06:45:00,0,
2025.07.01 07:19:59,scan_executed_new_execution_bar,USDJPY,2025.07.01 07:00:00,0,
2025.07.01 07:24:59,scan_skipped_same_execution_bar,USDJPY,2025.07.01 07:00:00,0,
2025.07.01 07:34:59,scan_executed_new_execution_bar,USDJPY,2025.07.01 07:15:00,0,
2025.07.01 07:39:59,scan_skipped_same_execution_bar,USDJPY,2025.07.01 07:15:00,0,
2025.07.01 07:49:59,scan_executed_new_execution_bar,USDJPY,2025.07.01 07:30:00,0,
2025.07.01 07:54:59,scan_skipped_same_execution_bar,USDJPY,2025.07.01 07:30:00,0,
2025.07.01 08:04:59,scan_executed_new_execution_bar,USDJPY,2025.07.01 07:45:00,0,
2025.07.01 08:09:59,scan_skipped_same_execution_bar,USDJPY,2025.07.01 07:45:00,0,
2025.07.01 08:19:59,scan_executed_new_execution_bar,USDJPY,2025.07.01 08:00:00,0,
2025.07.01 08:24:59,scan_skipped_same_execution_bar,USDJPY,2025.07.01 08:00:00,0,
2025.07.01 08:34:59,scan_executed_new_execution_bar,USDJPY,2025.07.01 08:15:00,0,
2025.07.01 08:39:58,scan_skipped_same_execution_bar,USDJPY,2025.07.01 08:15:00,0,
2025.07.01 08:49:59,scan_executed_new_execution_bar,USDJPY,2025.07.01 08:30:00,0,
2025.07.01 08:54:59,scan_skipped_same_execution_bar,USDJPY,2025.07.01 08:30:00,0,
2025.07.01 09:04:59,scan_executed_new_execution_bar,USDJPY,2025.07.01 08:45:00,0,
2025.07.01 09:09:59,scan_skipped_same_execution_bar,USDJPY,2025.07.01 08:45:00,0,
2025.07.01 09:19:59,scan_executed_new_execution_bar,USDJPY,2025.07.01 09:00:00,0,
2025.07.01 09:24:59,scan_skipped_same_execution_bar,USDJPY,2025.07.01 09:00:00,0,
2025.07.01 09:34:59,scan_executed_new_execution_bar,USDJPY,2025.07.01 09:15:00,0,
2025.07.01 09:39:59,scan_skipped_same_execution_bar,USDJPY,2025.07.01 09:15:00,0,
2025.07.01 09:49:59,scan_executed_new_execution_bar,USDJPY,2025.07.01 09:30:00,0,
2025.07.01 09:54:59,scan_skipped_same_execution_bar,USDJPY,2025.07.01 09:30:00,0,
2025.07.01 10:04:59,scan_executed_new_execution_bar,USDJPY,2025.07.01 09:45:00,0,
2025.07.01 10:09:59,scan_skipped_same_execution_bar,USDJPY,2025.07.01 09:45:00,0,
2025.07.01 10:19:59,scan_executed_new_execution_bar,USDJPY,2025.07.01 10:00:00,0,
2025.07.01 10:24:59,scan_skipped_same_execution_bar,USDJPY,2025.07.01 10:00:00,0,
2025.07.01 10:34:59,scan_executed_new_execution_bar,USDJPY,2025.07.01 10:15:00,0,
2025.07.01 10:39:59,scan_skipped_same_execution_bar,USDJPY,2025.07.01 10:15:00,0,
2025.07.01 10:49:59,scan_executed_new_execution_bar,USDJPY,2025.07.01 10:30:00,0,
2025.07.01 10:54:59,scan_skipped_same_execution_bar,USDJPY,2025.07.01 10:30:00,0,
2025.07.01 11:04:59,scan_executed_new_execution_bar,USDJPY,2025.07.01 10:45:00,0,
2025.07.01 11:09:59,scan_skipped_same_execution_bar,USDJPY,2025.07.01 10:45:00,0,
2025.07.01 11:19:59,scan_executed_new_execution_bar,USDJPY,2025.07.01 11:00:00,0,
2025.07.01 11:24:59,scan_skipped_same_execution_bar,USDJPY,2025.07.01 11:00:00,0,
2025.07.01 11:34:59,scan_executed_new_execution_bar,USDJPY,2025.07.01 11:15:00,0,
2025.07.01 11:39:59,scan_skipped_same_execution_bar,USDJPY,2025.07.01 11:15:00,0,
2025.07.01 11:49:59,scan_executed_new_execution_bar,USDJPY,2025.07.01 11:30:00,0,
2025.07.01 11:54:59,scan_skipped_same_execution_bar,USDJPY,2025.07.01 11:30:00,0,
2025.07.01 12:04:59,scan_executed_new_execution_bar,USDJPY,2025.07.01 11:45:00,16,
2025.07.01 12:09:59,scan_skipped_same_execution_bar,USDJPY,2025.07.01 11:45:00,0,
2025.07.01 12:20:00,scan_executed_new_execution_bar,USDJPY,2025.07.01 12:00:00,0,
2025.07.01 12:24:59,scan_skipped_same_execution_bar,USDJPY,2025.07.01 12:00:00,0,
2025.07.01 12:34:59,scan_executed_new_execution_bar,USDJPY,2025.07.01 12:15:00,0,
2025.07.01 12:39:59,scan_skipped_same_execution_bar,USDJPY,2025.07.01 12:15:00,0,
2025.07.01 12:49:59,scan_executed_new_execution_bar,USDJPY,2025.07.01 12:30:00,0,
2025.07.01 12:54:59,scan_skipped_same_execution_bar,USDJPY,2025.07.01 12:30:00,0,
2025.07.01 13:04:59,scan_executed_new_execution_bar,USDJPY,2025.07.01 12:45:00,16,
2025.07.01 13:09:59,scan_skipped_same_execution_bar,USDJPY,2025.07.01 12:45:00,0,
2025.07.01 13:19:59,scan_executed_new_execution_bar,USDJPY,2025.07.01 13:00:00,0,
2025.07.01 13:24:59,scan_skipped_same_execution_bar,USDJPY,2025.07.01 13:00:00,0,
2025.07.01 13:34:59,scan_executed_new_execution_bar,USDJPY,2025.07.01 13:15:00,47,
2025.07.01 13:39:59,scan_skipped_same_execution_bar,USDJPY,2025.07.01 13:15:00,0,
2025.07.01 13:49:59,scan_executed_new_execution_bar,USDJPY,2025.07.01 13:30:00,0,
2025.07.01 13:54:59,scan_skipped_same_execution_bar,USDJPY,2025.07.01 13:30:00,0,
2025.07.01 14:04:59,scan_executed_new_execution_bar,USDJPY,2025.07.01 13:45:00,46,
2025.07.01 14:10:00,scan_skipped_same_execution_bar,USDJPY,2025.07.01 13:45:00,0,
2025.07.01 14:19:59,scan_executed_new_execution_bar,USDJPY,2025.07.01 14:00:00,32,
2025.07.01 14:24:59,scan_skipped_same_execution_bar,USDJPY,2025.07.01 14:00:00,0,
2025.07.01 14:34:59,scan_executed_new_execution_bar,USDJPY,2025.07.01 14:15:00,31,
2025.07.01 14:39:59,scan_skipped_same_execution_bar,USDJPY,2025.07.01 14:15:00,0,
2025.07.01 14:49:59,scan_executed_new_execution_bar,USDJPY,2025.07.01 14:30:00,16,
2025.07.01 14:54:59,scan_skipped_same_execution_bar,USDJPY,2025.07.01 14:30:00,0,
2025.07.01 15:04:59,scan_executed_new_execution_bar,USDJPY,2025.07.01 14:45:00,15,
2025.07.01 15:09:59,scan_skipped_same_execution_bar,USDJPY,2025.07.01 14:45:00,0,
2025.07.01 15:19:59,scan_executed_new_execution_bar,USDJPY,2025.07.01 15:00:00,15,
2025.07.01 15:24:59,scan_skipped_same_execution_bar,USDJPY,2025.07.01 15:00:00,0,
2025.07.01 15:34:59,scan_executed_new_execution_bar,USDJPY,2025.07.01 15:15:00,0,
2025.07.01 15:39:59,scan_skipped_same_execution_bar,USDJPY,2025.07.01 15:15:00,0,
2025.07.01 15:49:59,scan_executed_new_execution_bar,USDJPY,2025.07.01 15:30:00,0,
2025.07.01 15:54:59,scan_skipped_same_execution_bar,USDJPY,2025.07.01 15:30:00,0,
2025.07.01 16:04:59,scan_executed_new_execution_bar,USDJPY,2025.07.01 15:45:00,0,
2025.07.01 16:09:59,scan_skipped_same_execution_bar,USDJPY,2025.07.01 15:45:00,0,
2025.07.01 16:19:59,scan_executed_new_execution_bar,USDJPY,2025.07.01 16:00:00,0,
2025.07.01 16:24:59,scan_skipped_same_execution_bar,USDJPY,2025.07.01 16:00:00,0,
2025.07.01 16:34:59,scan_executed_new_execution_bar,USDJPY,2025.07.01 16:15:00,0,
2025.07.01 16:39:59,scan_skipped_same_execution_bar,USDJPY,2025.07.01 16:15:00,0,
2025.07.01 16:49:59,scan_executed_new_execution_bar,USDJPY,2025.07.01 16:30:00,0,
2025.07.01 16:54:59,scan_skipped_same_execution_bar,USDJPY,2025.07.01 16:30:00,0,
2025.07.01 17:04:59,scan_executed_new_execution_bar,USDJPY,2025.07.01 16:45:00,0,
2025.07.01 17:09:59,scan_skipped_same_execution_bar,USDJPY,2025.07.01 16:45:00,0,
2025.07.01 17:19:59,scan_executed_new_execution_bar,USDJPY,2025.07.01 17:00:00,0,
2025.07.01 17:24:59,scan_skipped_same_execution_bar,USDJPY,2025.07.01 17:00:00,0,
2025.07.01 17:34:59,scan_executed_new_execution_bar,USDJPY,2025.07.01 17:15:00,0,
2025.07.01 17:39:59,scan_skipped_same_execution_bar,USDJPY,2025.07.01 17:15:00,0,
2025.07.01 17:49:59,scan_executed_new_execution_bar,USDJPY,2025.07.01 17:30:00,0,
2025.07.01 17:54:59,scan_skipped_same_execution_bar,USDJPY,2025.07.01 17:30:00,0,
2025.07.01 18:04:59,scan_executed_new_execution_bar,USDJPY,2025.07.01 17:45:00,0,
2025.07.01 18:09:59,scan_skipped_same_execution_bar,USDJPY,2025.07.01 17:45:00,0,
2025.07.01 18:19:59,scan_executed_new_execution_bar,USDJPY,2025.07.01 18:00:00,0,
2025.07.01 18:24:59,scan_skipped_same_execution_bar,USDJPY,2025.07.01 18:00:00,0,
2025.07.01 18:34:59,scan_executed_new_execution_bar,USDJPY,2025.07.01 18:15:00,0,
2025.07.01 18:39:59,scan_skipped_same_execution_bar,USDJPY,2025.07.01 18:15:00,0,
2025.07.01 18:49:59,scan_executed_new_execution_bar,USDJPY,2025.07.01 18:30:00,16,
2025.07.01 18:54:59,scan_skipped_same_execution_bar,USDJPY,2025.07.01 18:30:00,0,
2025.07.01 19:05:00,scan_executed_new_execution_bar,USDJPY,2025.07.01 18:45:00,16,
2025.07.01 19:09:59,scan_skipped_same_execution_bar,USDJPY,2025.07.01 18:45:00,0,
2025.07.01 19:19:59,scan_executed_new_execution_bar,USDJPY,2025.07.01 19:00:00,0,
2025.07.01 19:24:59,scan_skipped_same_execution_bar,USDJPY,2025.07.01 19:00:00,0,
2025.07.01 19:34:59,scan_executed_new_execution_bar,USDJPY,2025.07.01 19:15:00,16,
2025.07.01 19:40:00,scan_skipped_same_execution_bar,USDJPY,2025.07.01 19:15:00,0,
2025.07.01 19:49:59,scan_executed_new_execution_bar,USDJPY,2025.07.01 19:30:00,15,
2025.07.01 19:54:56,scan_skipped_same_execution_bar,USDJPY,2025.07.01 19:30:00,0,
2025.07.01 20:04:59,scan_executed_new_execution_bar,USDJPY,2025.07.01 19:45:00,16,
2025.07.01 20:09:59,scan_skipped_same_execution_bar,USDJPY,2025.07.01 19:45:00,0,
2025.07.01 20:19:59,scan_executed_new_execution_bar,USDJPY,2025.07.01 20:00:00,15,
2025.07.01 20:24:59,scan_skipped_same_execution_bar,USDJPY,2025.07.01 20:00:00,0,
2025.07.01 20:34:59,scan_executed_new_execution_bar,USDJPY,2025.07.01 20:15:00,31,
2025.07.01 20:39:59,scan_skipped_same_execution_bar,USDJPY,2025.07.01 20:15:00,0,
2025.07.01 20:49:59,scan_executed_new_execution_bar,USDJPY,2025.07.01 20:30:00,0,
2025.07.01 20:54:59,scan_skipped_same_execution_bar,USDJPY,2025.07.01 20:30:00,0,
2025.07.01 21:04:57,scan_executed_new_execution_bar,USDJPY,2025.07.01 20:45:00,16,
2025.07.01 21:09:59,scan_skipped_same_execution_bar,USDJPY,2025.07.01 20:45:00,0,
2025.07.01 21:20:00,scan_executed_new_execution_bar,USDJPY,2025.07.01 21:00:00,0,
2025.07.01 21:24:59,scan_skipped_same_execution_bar,USDJPY,2025.07.01 21:00:00,0,
2025.07.01 21:34:59,scan_executed_new_execution_bar,USDJPY,2025.07.01 21:15:00,0,
2025.07.01 21:39:59,scan_skipped_same_execution_bar,USDJPY,2025.07.01 21:15:00,0,
2025.07.01 21:49:59,scan_executed_new_execution_bar,USDJPY,2025.07.01 21:30:00,0,
2025.07.01 21:54:59,scan_skipped_same_execution_bar,USDJPY,2025.07.01 21:30:00,0,
2025.07.01 22:04:59,scan_executed_new_execution_bar,USDJPY,2025.07.01 21:45:00,0,
2025.07.01 22:09:59,scan_skipped_same_execution_bar,USDJPY,2025.07.01 21:45:00,0,
2025.07.01 22:19:59,scan_executed_new_execution_bar,USDJPY,2025.07.01 22:00:00,0,
2025.07.01 22:24:59,scan_skipped_same_execution_bar,USDJPY,2025.07.01 22:00:00,0,
2025.07.01 22:34:59,scan_executed_new_execution_bar,USDJPY,2025.07.01 22:15:00,0,
2025.07.01 22:39:58,scan_skipped_same_execution_bar,USDJPY,2025.07.01 22:15:00,0,
2025.07.01 22:50:00,scan_executed_new_execution_bar,USDJPY,2025.07.01 22:30:00,0,
2025.07.01 22:54:59,scan_skipped_same_execution_bar,USDJPY,2025.07.01 22:30:00,0,
2025.07.01 23:04:57,scan_executed_new_execution_bar,USDJPY,2025.07.01 22:45:00,0,
2025.07.01 23:09:59,scan_skipped_same_execution_bar,USDJPY,2025.07.01 22:45:00,0,
2025.07.01 23:19:59,scan_executed_new_execution_bar,USDJPY,2025.07.01 23:00:00,0,
2025.07.01 23:24:57,scan_skipped_same_execution_bar,USDJPY,2025.07.01 23:00:00,0,
2025.07.01 23:34:59,scan_executed_new_execution_bar,USDJPY,2025.07.01 23:15:00,0,
2025.07.01 23:39:57,scan_skipped_same_execution_bar,USDJPY,2025.07.01 23:15:00,0,
2025.07.01 23:49:59,scan_executed_new_execution_bar,USDJPY,2025.07.01 23:30:00,0,
2025.07.01 23:54:59,scan_skipped_same_execution_bar,USDJPY,2025.07.01 23:30:00,0,
2025.07.02 00:04:50,scan_executed_new_execution_bar,USDJPY,2025.07.01 23:45:00,0,
2025.07.02 00:09:59,scan_skipped_same_execution_bar,USDJPY,2025.07.01 23:45:00,0,
2025.07.02 00:19:59,scan_executed_new_execution_bar,USDJPY,2025.07.02 00:00:00,0,
2025.07.02 00:24:59,scan_skipped_same_execution_bar,USDJPY,2025.07.02 00:00:00,0,
2025.07.02 00:34:58,scan_executed_new_execution_bar,USDJPY,2025.07.02 00:15:00,0,
2025.07.02 00:39:59,scan_skipped_same_execution_bar,USDJPY,2025.07.02 00:15:00,0,
2025.07.02 00:49:57,scan_executed_new_execution_bar,USDJPY,2025.07.02 00:30:00,0,
2025.07.02 00:54:59,scan_skipped_same_execution_bar,USDJPY,2025.07.02 00:30:00,0,
2025.07.02 01:04:59,scan_executed_new_execution_bar,USDJPY,2025.07.02 00:45:00,0,
2025.07.02 01:09:59,scan_skipped_same_execution_bar,USDJPY,2025.07.02 00:45:00,0,
2025.07.02 01:19:59,scan_executed_new_execution_bar,USDJPY,2025.07.02 01:00:00,0,
2025.07.02 01:24:58,scan_skipped_same_execution_bar,USDJPY,2025.07.02 01:00:00,0,
2025.07.02 01:30:00,scan_executed_new_execution_bar,USDJPY,2025.07.02 01:15:00,0,
2025.07.02 01:34:58,scan_skipped_same_execution_bar,USDJPY,2025.07.02 01:15:00,0,
2025.07.02 01:49:59,scan_executed_new_execution_bar,USDJPY,2025.07.02 01:30:00,0,
2025.07.02 01:54:59,scan_skipped_same_execution_bar,USDJPY,2025.07.02 01:30:00,0,
2025.07.02 02:04:59,scan_executed_new_execution_bar,USDJPY,2025.07.02 01:45:00,0,
2025.07.02 02:09:58,scan_skipped_same_execution_bar,USDJPY,2025.07.02 01:45:00,0,
2025.07.02 02:19:57,scan_executed_new_execution_bar,USDJPY,2025.07.02 02:00:00,0,
2025.07.02 02:24:57,scan_skipped_same_execution_bar,USDJPY,2025.07.02 02:00:00,0,
2025.07.02 02:34:59,scan_executed_new_execution_bar,USDJPY,2025.07.02 02:15:00,0,
2025.07.02 02:39:59,scan_skipped_same_execution_bar,USDJPY,2025.07.02 02:15:00,0,
2025.07.02 02:49:58,scan_executed_new_execution_bar,USDJPY,2025.07.02 02:30:00,0,
2025.07.02 02:54:58,scan_skipped_same_execution_bar,USDJPY,2025.07.02 02:30:00,0,
2025.07.02 03:04:59,scan_executed_new_execution_bar,USDJPY,2025.07.02 02:45:00,0,
2025.07.02 03:09:59,scan_skipped_same_execution_bar,USDJPY,2025.07.02 02:45:00,0,
2025.07.02 03:19:59,scan_executed_new_execution_bar,USDJPY,2025.07.02 03:00:00,0,
2025.07.02 03:24:59,scan_skipped_same_execution_bar,USDJPY,2025.07.02 03:00:00,0,
2025.07.02 03:34:59,scan_executed_new_execution_bar,USDJPY,2025.07.02 03:15:00,0,
2025.07.02 03:39:59,scan_skipped_same_execution_bar,USDJPY,2025.07.02 03:15:00,0,
2025.07.02 03:49:58,scan_executed_new_execution_bar,USDJPY,2025.07.02 03:30:00,0,
2025.07.02 03:54:59,scan_skipped_same_execution_bar,USDJPY,2025.07.02 03:30:00,0,
2025.07.02 04:04:59,scan_executed_new_execution_bar,USDJPY,2025.07.02 03:45:00,16,
2025.07.02 04:09:59,scan_skipped_same_execution_bar,USDJPY,2025.07.02 03:45:00,0,
2025.07.02 04:19:59,scan_executed_new_execution_bar,USDJPY,2025.07.02 04:00:00,0,
2025.07.02 04:24:59,scan_skipped_same_execution_bar,USDJPY,2025.07.02 04:00:00,0,
2025.07.02 04:34:59,scan_executed_new_execution_bar,USDJPY,2025.07.02 04:15:00,15,
2025.07.02 04:39:59,scan_skipped_same_execution_bar,USDJPY,2025.07.02 04:15:00,0,
2025.07.02 04:49:59,scan_executed_new_execution_bar,USDJPY,2025.07.02 04:30:00,0,
2025.07.02 04:54:59,scan_skipped_same_execution_bar,USDJPY,2025.07.02 04:30:00,0,
2025.07.02 05:04:59,scan_executed_new_execution_bar,USDJPY,2025.07.02 04:45:00,0,
2025.07.02 05:09:59,scan_skipped_same_execution_bar,USDJPY,2025.07.02 04:45:00,0,
2025.07.02 05:19:59,scan_executed_new_execution_bar,USDJPY,2025.07.02 05:00:00,16,
2025.07.02 05:24:58,scan_skipped_same_execution_bar,USDJPY,2025.07.02 05:00:00,0,
2025.07.02 05:34:59,scan_executed_new_execution_bar,USDJPY,2025.07.02 05:15:00,0,
2025.07.02 05:39:59,scan_skipped_same_execution_bar,USDJPY,2025.07.02 05:15:00,0,
2025.07.02 05:49:58,scan_executed_new_execution_bar,USDJPY,2025.07.02 05:30:00,0,
2025.07.02 05:54:56,scan_skipped_same_execution_bar,USDJPY,2025.07.02 05:30:00,0,
2025.07.02 06:04:59,scan_executed_new_execution_bar,USDJPY,2025.07.02 05:45:00,0,
2025.07.02 06:09:59,scan_skipped_same_execution_bar,USDJPY,2025.07.02 05:45:00,0,
2025.07.02 06:19:59,scan_executed_new_execution_bar,USDJPY,2025.07.02 06:00:00,0,
2025.07.02 06:24:59,scan_skipped_same_execution_bar,USDJPY,2025.07.02 06:00:00,0,
2025.07.02 06:34:57,scan_executed_new_execution_bar,USDJPY,2025.07.02 06:15:00,16,
2025.07.02 06:39:59,scan_skipped_same_execution_bar,USDJPY,2025.07.02 06:15:00,0,
2025.07.02 06:50:00,scan_executed_new_execution_bar,USDJPY,2025.07.02 06:30:00,0,
2025.07.02 06:54:58,scan_skipped_same_execution_bar,USDJPY,2025.07.02 06:30:00,0,
2025.07.02 07:04:59,scan_executed_new_execution_bar,USDJPY,2025.07.02 06:45:00,0,
2025.07.02 07:09:59,scan_skipped_same_execution_bar,USDJPY,2025.07.02 06:45:00,0,
2025.07.02 07:19:59,scan_executed_new_execution_bar,USDJPY,2025.07.02 07:00:00,0,
2025.07.02 07:24:59,scan_skipped_same_execution_bar,USDJPY,2025.07.02 07:00:00,0,
2025.07.02 07:34:59,scan_executed_new_execution_bar,USDJPY,2025.07.02 07:15:00,0,
2025.07.02 07:39:59,scan_skipped_same_execution_bar,USDJPY,2025.07.02 07:15:00,0,
2025.07.02 07:49:59,scan_executed_new_execution_bar,USDJPY,2025.07.02 07:30:00,0,
2025.07.02 07:55:00,scan_skipped_same_execution_bar,USDJPY,2025.07.02 07:30:00,0,
2025.07.02 08:04:59,scan_executed_new_execution_bar,USDJPY,2025.07.02 07:45:00,31,
2025.07.02 08:09:59,scan_skipped_same_execution_bar,USDJPY,2025.07.02 07:45:00,0,
2025.07.02 08:19:59,scan_executed_new_execution_bar,USDJPY,2025.07.02 08:00:00,0,
2025.07.02 08:24:59,scan_skipped_same_execution_bar,USDJPY,2025.07.02 08:00:00,0,
2025.07.02 08:34:59,scan_executed_new_execution_bar,USDJPY,2025.07.02 08:15:00,0,
2025.07.02 08:39:59,scan_skipped_same_execution_bar,USDJPY,2025.07.02 08:15:00,0,
2025.07.02 08:49:59,scan_executed_new_execution_bar,USDJPY,2025.07.02 08:30:00,0,
2025.07.02 08:54:59,scan_skipped_same_execution_bar,USDJPY,2025.07.02 08:30:00,0,
2025.07.02 09:04:59,scan_executed_new_execution_bar,USDJPY,2025.07.02 08:45:00,0,
2025.07.02 09:09:57,scan_skipped_same_execution_bar,USDJPY,2025.07.02 08:45:00,0,
2025.07.02 09:19:58,scan_executed_new_execution_bar,USDJPY,2025.07.02 09:00:00,0,
2025.07.02 09:24:59,scan_skipped_same_execution_bar,USDJPY,2025.07.02 09:00:00,0,
2025.07.02 09:34:59,scan_executed_new_execution_bar,USDJPY,2025.07.02 09:15:00,16,
2025.07.02 09:39:59,scan_skipped_same_execution_bar,USDJPY,2025.07.02 09:15:00,0,
2025.07.02 09:49:59,scan_executed_new_execution_bar,USDJPY,2025.07.02 09:30:00,0,
2025.07.02 09:54:59,scan_skipped_same_execution_bar,USDJPY,2025.07.02 09:30:00,0,
2025.07.02 10:04:59,scan_executed_new_execution_bar,USDJPY,2025.07.02 09:45:00,15,
2025.07.02 10:09:59,scan_skipped_same_execution_bar,USDJPY,2025.07.02 09:45:00,0,
2025.07.02 10:19:59,scan_executed_new_execution_bar,USDJPY,2025.07.02 10:00:00,0,
2025.07.02 10:24:59,scan_skipped_same_execution_bar,USDJPY,2025.07.02 10:00:00,0,
2025.07.02 10:34:59,scan_executed_new_execution_bar,USDJPY,2025.07.02 10:15:00,0,
2025.07.02 10:39:59,scan_skipped_same_execution_bar,USDJPY,2025.07.02 10:15:00,0,
2025.07.02 10:49:59,scan_executed_new_execution_bar,USDJPY,2025.07.02 10:30:00,32,
2025.07.02 10:54:59,scan_skipped_same_execution_bar,USDJPY,2025.07.02 10:30:00,0,
2025.07.02 11:05:00,scan_executed_new_execution_bar,USDJPY,2025.07.02 10:45:00,0,
2025.07.02 11:09:59,scan_skipped_same_execution_bar,USDJPY,2025.07.02 10:45:00,0,
2025.07.02 11:19:59,scan_executed_new_execution_bar,USDJPY,2025.07.02 11:00:00,31,
2025.07.02 11:24:59,scan_skipped_same_execution_bar,USDJPY,2025.07.02 11:00:00,0,
2025.07.02 11:34:59,scan_executed_new_execution_bar,USDJPY,2025.07.02 11:15:00,0,
2025.07.02 11:39:59,scan_skipped_same_execution_bar,USDJPY,2025.07.02 11:15:00,0,
2025.07.02 11:49:59,scan_executed_new_execution_bar,USDJPY,2025.07.02 11:30:00,15,
2025.07.02 11:54:59,scan_skipped_same_execution_bar,USDJPY,2025.07.02 11:30:00,0,
2025.07.02 12:04:59,scan_executed_new_execution_bar,USDJPY,2025.07.02 11:45:00,0,
2025.07.02 12:09:59,scan_skipped_same_execution_bar,USDJPY,2025.07.02 11:45:00,0,
2025.07.02 12:19:59,scan_executed_new_execution_bar,USDJPY,2025.07.02 12:00:00,0,
2025.07.02 12:24:59,scan_skipped_same_execution_bar,USDJPY,2025.07.02 12:00:00,0,
2025.07.02 12:34:59,scan_executed_new_execution_bar,USDJPY,2025.07.02 12:15:00,0,
2025.07.02 12:39:59,scan_skipped_same_execution_bar,USDJPY,2025.07.02 12:15:00,0,
2025.07.02 12:49:59,scan_executed_new_execution_bar,USDJPY,2025.07.02 12:30:00,16,
2025.07.02 12:54:59,scan_skipped_same_execution_bar,USDJPY,2025.07.02 12:30:00,0,
2025.07.02 13:04:59,scan_executed_new_execution_bar,USDJPY,2025.07.02 12:45:00,31,
2025.07.02 13:09:58,scan_skipped_same_execution_bar,USDJPY,2025.07.02 12:45:00,0,
2025.07.02 13:19:59,scan_executed_new_execution_bar,USDJPY,2025.07.02 13:00:00,32,
2025.07.02 13:24:59,scan_skipped_same_execution_bar,USDJPY,2025.07.02 13:00:00,0,
2025.07.02 13:34:59,scan_executed_new_execution_bar,USDJPY,2025.07.02 13:15:00,16,
2025.07.02 13:39:59,scan_skipped_same_execution_bar,USDJPY,2025.07.02 13:15:00,0,
2025.07.02 13:49:59,scan_executed_new_execution_bar,USDJPY,2025.07.02 13:30:00,15,
2025.07.02 13:54:59,scan_skipped_same_execution_bar,USDJPY,2025.07.02 13:30:00,0,
2025.07.02 14:04:59,scan_executed_new_execution_bar,USDJPY,2025.07.02 13:45:00,16,
2025.07.02 14:09:58,scan_skipped_same_execution_bar,USDJPY,2025.07.02 13:45:00,0,
2025.07.02 14:19:59,scan_executed_new_execution_bar,USDJPY,2025.07.02 14:00:00,0,
2025.07.02 14:24:59,scan_skipped_same_execution_bar,USDJPY,2025.07.02 14:00:00,0,
2025.07.02 14:34:59,scan_executed_new_execution_bar,USDJPY,2025.07.02 14:15:00,0,
2025.07.02 14:39:59,scan_skipped_same_execution_bar,USDJPY,2025.07.02 14:15:00,0,
2025.07.02 14:49:59,scan_executed_new_execution_bar,USDJPY,2025.07.02 14:30:00,0,
2025.07.02 14:54:59,scan_skipped_same_execution_bar,USDJPY,2025.07.02 14:30:00,0,
2025.07.02 15:04:59,scan_executed_new_execution_bar,USDJPY,2025.07.02 14:45:00,0,
2025.07.02 15:09:59,scan_skipped_same_execution_bar,USDJPY,2025.07.02 14:45:00,0,
2025.07.02 15:19:59,scan_executed_new_execution_bar,USDJPY,2025.07.02 15:00:00,0,
2025.07.02 15:24:59,scan_skipped_same_execution_bar,USDJPY,2025.07.02 15:00:00,0,
2025.07.02 15:34:59,scan_executed_new_execution_bar,USDJPY,2025.07.02 15:15:00,0,
2025.07.02 15:39:59,scan_skipped_same_execution_bar,USDJPY,2025.07.02 15:15:00,0,
2025.07.02 15:49:59,scan_executed_new_execution_bar,USDJPY,2025.07.02 15:30:00,0,
2025.07.02 15:54:59,scan_skipped_same_execution_bar,USDJPY,2025.07.02 15:30:00,0,
2025.07.02 16:04:59,scan_executed_new_execution_bar,USDJPY,2025.07.02 15:45:00,15,
2025.07.02 16:09:59,scan_skipped_same_execution_bar,USDJPY,2025.07.02 15:45:00,0,
2025.07.02 16:19:59,scan_executed_new_execution_bar,USDJPY,2025.07.02 16:00:00,47,
2025.07.02 16:24:59,scan_skipped_same_execution_bar,USDJPY,2025.07.02 16:00:00,0,
2025.07.02 16:34:59,scan_executed_new_execution_bar,USDJPY,2025.07.02 16:15:00,16,
2025.07.02 16:39:59,scan_skipped_same_execution_bar,USDJPY,2025.07.02 16:15:00,0,
2025.07.02 16:49:58,scan_executed_new_execution_bar,USDJPY,2025.07.02 16:30:00,46,
2025.07.02 16:54:59,scan_skipped_same_execution_bar,USDJPY,2025.07.02 16:30:00,0,
2025.07.02 17:04:59,scan_executed_new_execution_bar,USDJPY,2025.07.02 16:45:00,0,
2025.07.02 17:09:59,scan_skipped_same_execution_bar,USDJPY,2025.07.02 16:45:00,0,
2025.07.02 17:19:59,scan_executed_new_execution_bar,USDJPY,2025.07.02 17:00:00,0,
2025.07.02 17:24:59,scan_skipped_same_execution_bar,USDJPY,2025.07.02 17:00:00,0,
2025.07.02 17:34:59,scan_executed_new_execution_bar,USDJPY,2025.07.02 17:15:00,0,
2025.07.02 17:39:59,scan_skipped_same_execution_bar,USDJPY,2025.07.02 17:15:00,0,
2025.07.02 17:49:59,scan_executed_new_execution_bar,USDJPY,2025.07.02 17:30:00,31,
2025.07.02 17:54:58,scan_skipped_same_execution_bar,USDJPY,2025.07.02 17:30:00,0,
2025.07.02 18:04:59,scan_executed_new_execution_bar,USDJPY,2025.07.02 17:45:00,31,
2025.07.02 18:09:59,scan_skipped_same_execution_bar,USDJPY,2025.07.02 17:45:00,0,
2025.07.02 18:19:59,scan_executed_new_execution_bar,USDJPY,2025.07.02 18:00:00,47,
2025.07.02 18:24:59,scan_skipped_same_execution_bar,USDJPY,2025.07.02 18:00:00,0,
2025.07.02 18:34:59,scan_executed_new_execution_bar,USDJPY,2025.07.02 18:15:00,47,
2025.07.02 18:39:59,scan_skipped_same_execution_bar,USDJPY,2025.07.02 18:15:00,0,
2025.07.02 18:49:59,scan_executed_new_execution_bar,USDJPY,2025.07.02 18:30:00,15,
2025.07.02 18:54:59,scan_skipped_same_execution_bar,USDJPY,2025.07.02 18:30:00,0,
2025.07.02 19:04:59,scan_executed_new_execution_bar,USDJPY,2025.07.02 18:45:00,0,
2025.07.02 19:09:59,scan_skipped_same_execution_bar,USDJPY,2025.07.02 18:45:00,0,
2025.07.02 19:19:59,scan_executed_new_execution_bar,USDJPY,2025.07.02 19:00:00,0,
2025.07.02 19:24:58,scan_skipped_same_execution_bar,USDJPY,2025.07.02 19:00:00,0,
2025.07.02 19:34:59,scan_executed_new_execution_bar,USDJPY,2025.07.02 19:15:00,0,
2025.07.02 19:39:59,scan_skipped_same_execution_bar,USDJPY,2025.07.02 19:15:00,0,
2025.07.02 19:49:59,scan_executed_new_execution_bar,USDJPY,2025.07.02 19:30:00,16,
2025.07.02 19:54:59,scan_skipped_same_execution_bar,USDJPY,2025.07.02 19:30:00,0,
2025.07.02 20:04:59,scan_executed_new_execution_bar,USDJPY,2025.07.02 19:45:00,0,
2025.07.02 20:09:59,scan_skipped_same_execution_bar,USDJPY,2025.07.02 19:45:00,0,
2025.07.02 20:19:59,scan_executed_new_execution_bar,USDJPY,2025.07.02 20:00:00,0,
2025.07.02 20:24:59,scan_skipped_same_execution_bar,USDJPY,2025.07.02 20:00:00,0,
2025.07.02 20:34:59,scan_executed_new_execution_bar,USDJPY,2025.07.02 20:15:00,15,
2025.07.02 20:39:59,scan_skipped_same_execution_bar,USDJPY,2025.07.02 20:15:00,0,
2025.07.02 20:49:59,scan_executed_new_execution_bar,USDJPY,2025.07.02 20:30:00,0,
2025.07.02 20:54:59,scan_skipped_same_execution_bar,USDJPY,2025.07.02 20:30:00,0,
2025.07.02 21:04:59,scan_executed_new_execution_bar,USDJPY,2025.07.02 20:45:00,16,
2025.07.02 21:09:59,scan_skipped_same_execution_bar,USDJPY,2025.07.02 20:45:00,0,
2025.07.02 21:19:59,scan_executed_new_execution_bar,USDJPY,2025.07.02 21:00:00,0,
2025.07.02 21:24:59,scan_skipped_same_execution_bar,USDJPY,2025.07.02 21:00:00,0,
2025.07.02 21:34:58,scan_executed_new_execution_bar,USDJPY,2025.07.02 21:15:00,0,
2025.07.02 21:39:59,scan_skipped_same_execution_bar,USDJPY,2025.07.02 21:15:00,0,
2025.07.02 21:50:00,scan_executed_new_execution_bar,USDJPY,2025.07.02 21:30:00,0,
2025.07.02 21:54:59,scan_skipped_same_execution_bar,USDJPY,2025.07.02 21:30:00,0,
2025.07.02 22:04:59,scan_executed_new_execution_bar,USDJPY,2025.07.02 21:45:00,0,
2025.07.02 22:09:59,scan_skipped_same_execution_bar,USDJPY,2025.07.02 21:45:00,0,
2025.07.02 22:19:59,scan_executed_new_execution_bar,USDJPY,2025.07.02 22:00:00,31,
2025.07.02 22:24:58,scan_skipped_same_execution_bar,USDJPY,2025.07.02 22:00:00,0,
2025.07.02 22:34:59,scan_executed_new_execution_bar,USDJPY,2025.07.02 22:15:00,0,
2025.07.02 22:39:59,scan_skipped_same_execution_bar,USDJPY,2025.07.02 22:15:00,0,
2025.07.02 22:49:59,scan_executed_new_execution_bar,USDJPY,2025.07.02 22:30:00,0,
2025.07.02 22:54:59,scan_skipped_same_execution_bar,USDJPY,2025.07.02 22:30:00,0,
2025.07.02 23:04:57,scan_executed_new_execution_bar,USDJPY,2025.07.02 22:45:00,0,
2025.07.02 23:09:59,scan_skipped_same_execution_bar,USDJPY,2025.07.02 22:45:00,0,
2025.07.02 23:19:54,scan_executed_new_execution_bar,USDJPY,2025.07.02 23:00:00,16,
2025.07.02 23:24:59,scan_skipped_same_execution_bar,USDJPY,2025.07.02 23:00:00,0,
2025.07.02 23:34:59,scan_executed_new_execution_bar,USDJPY,2025.07.02 23:15:00,0,
2025.07.02 23:39:59,scan_skipped_same_execution_bar,USDJPY,2025.07.02 23:15:00,0,
2025.07.02 23:50:00,scan_executed_new_execution_bar,USDJPY,2025.07.02 23:30:00,0,
2025.07.02 23:54:59,scan_skipped_same_execution_bar,USDJPY,2025.07.02 23:30:00,0,
2025.07.03 00:04:27,scan_executed_new_execution_bar,USDJPY,2025.07.02 23:45:00,0,
2025.07.03 00:09:57,scan_skipped_same_execution_bar,USDJPY,2025.07.02 23:45:00,0,
2025.07.03 00:19:59,scan_executed_new_execution_bar,USDJPY,2025.07.03 00:00:00,0,
2025.07.03 00:24:58,scan_skipped_same_execution_bar,USDJPY,2025.07.03 00:00:00,0,
2025.07.03 00:34:59,scan_executed_new_execution_bar,USDJPY,2025.07.03 00:15:00,0,
2025.07.03 00:39:59,scan_skipped_same_execution_bar,USDJPY,2025.07.03 00:15:00,0,
2025.07.03 00:49:59,scan_executed_new_execution_bar,USDJPY,2025.07.03 00:30:00,0,
2025.07.03 00:54:59,scan_skipped_same_execution_bar,USDJPY,2025.07.03 00:30:00,0,
2025.07.03 01:04:59,scan_executed_new_execution_bar,USDJPY,2025.07.03 00:45:00,0,
2025.07.03 01:09:53,scan_skipped_same_execution_bar,USDJPY,2025.07.03 00:45:00,0,
2025.07.03 01:19:59,scan_executed_new_execution_bar,USDJPY,2025.07.03 01:00:00,0,
2025.07.03 01:24:58,scan_skipped_same_execution_bar,USDJPY,2025.07.03 01:00:00,0,
2025.07.03 01:34:59,scan_executed_new_execution_bar,USDJPY,2025.07.03 01:15:00,0,
2025.07.03 01:39:58,scan_skipped_same_execution_bar,USDJPY,2025.07.03 01:15:00,0,
2025.07.03 01:49:59,scan_executed_new_execution_bar,USDJPY,2025.07.03 01:30:00,15,
2025.07.03 01:54:58,scan_skipped_same_execution_bar,USDJPY,2025.07.03 01:30:00,0,
2025.07.03 02:04:57,scan_executed_new_execution_bar,USDJPY,2025.07.03 01:45:00,0,
2025.07.03 02:09:59,scan_skipped_same_execution_bar,USDJPY,2025.07.03 01:45:00,0,
2025.07.03 02:19:55,scan_executed_new_execution_bar,USDJPY,2025.07.03 02:00:00,15,
2025.07.03 02:24:59,scan_skipped_same_execution_bar,USDJPY,2025.07.03 02:00:00,0,
2025.07.03 02:35:00,scan_executed_new_execution_bar,USDJPY,2025.07.03 02:15:00,0,
2025.07.03 02:39:59,scan_skipped_same_execution_bar,USDJPY,2025.07.03 02:15:00,0,
2025.07.03 02:49:58,scan_executed_new_execution_bar,USDJPY,2025.07.03 02:30:00,0,
2025.07.03 02:54:59,scan_skipped_same_execution_bar,USDJPY,2025.07.03 02:30:00,0,
2025.07.03 03:04:59,scan_executed_new_execution_bar,USDJPY,2025.07.03 02:45:00,15,
2025.07.03 03:09:59,scan_skipped_same_execution_bar,USDJPY,2025.07.03 02:45:00,0,
2025.07.03 03:19:59,scan_executed_new_execution_bar,USDJPY,2025.07.03 03:00:00,0,
2025.07.03 03:24:59,scan_skipped_same_execution_bar,USDJPY,2025.07.03 03:00:00,0,
2025.07.03 03:34:59,scan_executed_new_execution_bar,USDJPY,2025.07.03 03:15:00,0,
2025.07.03 03:39:59,scan_skipped_same_execution_bar,USDJPY,2025.07.03 03:15:00,0,
2025.07.03 03:49:59,scan_executed_new_execution_bar,USDJPY,2025.07.03 03:30:00,15,
2025.07.03 03:54:59,scan_skipped_same_execution_bar,USDJPY,2025.07.03 03:30:00,0,
2025.07.03 04:04:59,scan_executed_new_execution_bar,USDJPY,2025.07.03 03:45:00,15,
2025.07.03 04:09:59,scan_skipped_same_execution_bar,USDJPY,2025.07.03 03:45:00,0,
2025.07.03 04:19:59,scan_executed_new_execution_bar,USDJPY,2025.07.03 04:00:00,0,
2025.07.03 04:24:59,scan_skipped_same_execution_bar,USDJPY,2025.07.03 04:00:00,0,
2025.07.03 04:34:59,scan_executed_new_execution_bar,USDJPY,2025.07.03 04:15:00,16,
2025.07.03 04:39:59,scan_skipped_same_execution_bar,USDJPY,2025.07.03 04:15:00,0,
2025.07.03 04:49:59,scan_executed_new_execution_bar,USDJPY,2025.07.03 04:30:00,0,
2025.07.03 04:54:59,scan_skipped_same_execution_bar,USDJPY,2025.07.03 04:30:00,0,
2025.07.03 05:04:59,scan_executed_new_execution_bar,USDJPY,2025.07.03 04:45:00,0,
2025.07.03 05:09:59,scan_skipped_same_execution_bar,USDJPY,2025.07.03 04:45:00,0,
2025.07.03 05:19:59,scan_executed_new_execution_bar,USDJPY,2025.07.03 05:00:00,15,
2025.07.03 05:24:59,scan_skipped_same_execution_bar,USDJPY,2025.07.03 05:00:00,0,
2025.07.03 05:34:59,scan_executed_new_execution_bar,USDJPY,2025.07.03 05:15:00,16,
2025.07.03 05:39:57,scan_skipped_same_execution_bar,USDJPY,2025.07.03 05:15:00,0,
2025.07.03 05:49:59,scan_executed_new_execution_bar,USDJPY,2025.07.03 05:30:00,0,
2025.07.03 05:54:57,scan_skipped_same_execution_bar,USDJPY,2025.07.03 05:30:00,0,
2025.07.03 06:04:59,scan_executed_new_execution_bar,USDJPY,2025.07.03 05:45:00,0,
2025.07.03 06:09:59,scan_skipped_same_execution_bar,USDJPY,2025.07.03 05:45:00,0,
2025.07.03 06:19:59,scan_executed_new_execution_bar,USDJPY,2025.07.03 06:00:00,0,
2025.07.03 06:24:58,scan_skipped_same_execution_bar,USDJPY,2025.07.03 06:00:00,0,
2025.07.03 06:34:59,scan_executed_new_execution_bar,USDJPY,2025.07.03 06:15:00,0,
2025.07.03 06:39:59,scan_skipped_same_execution_bar,USDJPY,2025.07.03 06:15:00,0,
2025.07.03 06:49:59,scan_executed_new_execution_bar,USDJPY,2025.07.03 06:30:00,0,
2025.07.03 06:55:00,scan_skipped_same_execution_bar,USDJPY,2025.07.03 06:30:00,0,
2025.07.03 07:04:59,scan_executed_new_execution_bar,USDJPY,2025.07.03 06:45:00,0,
2025.07.03 07:09:59,scan_skipped_same_execution_bar,USDJPY,2025.07.03 06:45:00,0,
2025.07.03 07:19:59,scan_executed_new_execution_bar,USDJPY,2025.07.03 07:00:00,0,
2025.07.03 07:24:59,scan_skipped_same_execution_bar,USDJPY,2025.07.03 07:00:00,0,
2025.07.03 07:35:00,scan_executed_new_execution_bar,USDJPY,2025.07.03 07:15:00,0,
2025.07.03 07:39:59,scan_skipped_same_execution_bar,USDJPY,2025.07.03 07:15:00,0,
2025.07.03 07:49:59,scan_executed_new_execution_bar,USDJPY,2025.07.03 07:30:00,0,
2025.07.03 07:54:55,scan_skipped_same_execution_bar,USDJPY,2025.07.03 07:30:00,0,
2025.07.03 08:04:59,scan_executed_new_execution_bar,USDJPY,2025.07.03 07:45:00,0,
2025.07.03 08:09:59,scan_skipped_same_execution_bar,USDJPY,2025.07.03 07:45:00,0,
2025.07.03 08:19:59,scan_executed_new_execution_bar,USDJPY,2025.07.03 08:00:00,0,
2025.07.03 08:24:59,scan_skipped_same_execution_bar,USDJPY,2025.07.03 08:00:00,0,
2025.07.03 08:34:59,scan_executed_new_execution_bar,USDJPY,2025.07.03 08:15:00,15,
2025.07.03 08:39:59,scan_skipped_same_execution_bar,USDJPY,2025.07.03 08:15:00,0,
2025.07.03 08:49:59,scan_executed_new_execution_bar,USDJPY,2025.07.03 08:30:00,0,
2025.07.03 08:54:59,scan_skipped_same_execution_bar,USDJPY,2025.07.03 08:30:00,0,
2025.07.03 09:04:59,scan_executed_new_execution_bar,USDJPY,2025.07.03 08:45:00,0,
2025.07.03 09:09:59,scan_skipped_same_execution_bar,USDJPY,2025.07.03 08:45:00,0,
2025.07.03 09:19:59,scan_executed_new_execution_bar,USDJPY,2025.07.03 09:00:00,0,
2025.07.03 09:24:59,scan_skipped_same_execution_bar,USDJPY,2025.07.03 09:00:00,0,
2025.07.03 09:34:59,scan_executed_new_execution_bar,USDJPY,2025.07.03 09:15:00,0,
2025.07.03 09:39:59,scan_skipped_same_execution_bar,USDJPY,2025.07.03 09:15:00,0,
2025.07.03 09:49:59,scan_executed_new_execution_bar,USDJPY,2025.07.03 09:30:00,0,
2025.07.03 09:54:59,scan_skipped_same_execution_bar,USDJPY,2025.07.03 09:30:00,0,
2025.07.03 10:04:59,scan_executed_new_execution_bar,USDJPY,2025.07.03 09:45:00,0,
2025.07.03 10:09:59,scan_skipped_same_execution_bar,USDJPY,2025.07.03 09:45:00,0,
2025.07.03 10:19:59,scan_executed_new_execution_bar,USDJPY,2025.07.03 10:00:00,0,
2025.07.03 10:24:59,scan_skipped_same_execution_bar,USDJPY,2025.07.03 10:00:00,0,
2025.07.03 10:34:59,scan_executed_new_execution_bar,USDJPY,2025.07.03 10:15:00,0,
2025.07.03 10:39:59,scan_skipped_same_execution_bar,USDJPY,2025.07.03 10:15:00,0,
2025.07.03 10:49:59,scan_executed_new_execution_bar,USDJPY,2025.07.03 10:30:00,0,
2025.07.03 10:54:59,scan_skipped_same_execution_bar,USDJPY,2025.07.03 10:30:00,0,
2025.07.03 11:04:59,scan_executed_new_execution_bar,USDJPY,2025.07.03 10:45:00,0,
2025.07.03 11:09:59,scan_skipped_same_execution_bar,USDJPY,2025.07.03 10:45:00,0,
2025.07.03 11:19:59,scan_executed_new_execution_bar,USDJPY,2025.07.03 11:00:00,0,
2025.07.03 11:24:59,scan_skipped_same_execution_bar,USDJPY,2025.07.03 11:00:00,0,
2025.07.03 11:34:59,scan_executed_new_execution_bar,USDJPY,2025.07.03 11:15:00,16,
2025.07.03 11:39:59,scan_skipped_same_execution_bar,USDJPY,2025.07.03 11:15:00,0,
2025.07.03 11:49:59,scan_executed_new_execution_bar,USDJPY,2025.07.03 11:30:00,31,
2025.07.03 11:54:59,scan_skipped_same_execution_bar,USDJPY,2025.07.03 11:30:00,0,
2025.07.03 12:04:59,scan_executed_new_execution_bar,USDJPY,2025.07.03 11:45:00,0,
2025.07.03 12:09:59,scan_skipped_same_execution_bar,USDJPY,2025.07.03 11:45:00,0,
2025.07.03 12:19:59,scan_executed_new_execution_bar,USDJPY,2025.07.03 12:00:00,15,
2025.07.03 12:24:59,scan_skipped_same_execution_bar,USDJPY,2025.07.03 12:00:00,0,
2025.07.03 12:34:59,scan_executed_new_execution_bar,USDJPY,2025.07.03 12:15:00,16,
2025.07.03 12:39:59,scan_skipped_same_execution_bar,USDJPY,2025.07.03 12:15:00,0,
2025.07.03 12:49:59,scan_executed_new_execution_bar,USDJPY,2025.07.03 12:30:00,0,
2025.07.03 12:54:59,scan_skipped_same_execution_bar,USDJPY,2025.07.03 12:30:00,0,
2025.07.03 13:04:59,scan_executed_new_execution_bar,USDJPY,2025.07.03 12:45:00,0,
2025.07.03 13:09:59,scan_skipped_same_execution_bar,USDJPY,2025.07.03 12:45:00,0,
2025.07.03 13:19:59,scan_executed_new_execution_bar,USDJPY,2025.07.03 13:00:00,16,
2025.07.03 13:24:59,scan_skipped_same_execution_bar,USDJPY,2025.07.03 13:00:00,0,
2025.07.03 13:34:59,scan_executed_new_execution_bar,USDJPY,2025.07.03 13:15:00,0,
2025.07.03 13:39:59,scan_skipped_same_execution_bar,USDJPY,2025.07.03 13:15:00,0,
2025.07.03 13:49:59,scan_executed_new_execution_bar,USDJPY,2025.07.03 13:30:00,0,
2025.07.03 13:54:59,scan_skipped_same_execution_bar,USDJPY,2025.07.03 13:30:00,0,
2025.07.03 14:04:59,scan_executed_new_execution_bar,USDJPY,2025.07.03 13:45:00,15,
2025.07.03 14:09:59,scan_skipped_same_execution_bar,USDJPY,2025.07.03 13:45:00,0,
2025.07.03 14:19:59,scan_executed_new_execution_bar,USDJPY,2025.07.03 14:00:00,0,
2025.07.03 14:24:59,scan_skipped_same_execution_bar,USDJPY,2025.07.03 14:00:00,0,
2025.07.03 14:34:59,scan_executed_new_execution_bar,USDJPY,2025.07.03 14:15:00,0,
2025.07.03 14:40:00,scan_skipped_same_execution_bar,USDJPY,2025.07.03 14:15:00,0,
2025.07.03 14:49:59,scan_executed_new_execution_bar,USDJPY,2025.07.03 14:30:00,0,
2025.07.03 14:54:59,scan_skipped_same_execution_bar,USDJPY,2025.07.03 14:30:00,0,
2025.07.03 15:04:59,scan_executed_new_execution_bar,USDJPY,2025.07.03 14:45:00,0,
2025.07.03 15:09:59,scan_skipped_same_execution_bar,USDJPY,2025.07.03 14:45:00,0,
2025.07.03 15:19:59,scan_executed_new_execution_bar,USDJPY,2025.07.03 15:00:00,0,
2025.07.03 15:24:59,scan_skipped_same_execution_bar,USDJPY,2025.07.03 15:00:00,0,
2025.07.03 15:34:59,scan_executed_new_execution_bar,USDJPY,2025.07.03 15:15:00,0,
2025.07.03 15:39:59,scan_skipped_same_execution_bar,USDJPY,2025.07.03 15:15:00,0,
2025.07.03 15:49:59,scan_executed_new_execution_bar,USDJPY,2025.07.03 15:30:00,0,
2025.07.03 15:54:59,scan_skipped_same_execution_bar,USDJPY,2025.07.03 15:30:00,0,
2025.07.03 16:04:59,scan_executed_new_execution_bar,USDJPY,2025.07.03 15:45:00,0,
2025.07.03 16:09:59,scan_skipped_same_execution_bar,USDJPY,2025.07.03 15:45:00,0,
2025.07.03 16:19:59,scan_executed_new_execution_bar,USDJPY,2025.07.03 16:00:00,0,
2025.07.03 16:24:59,scan_skipped_same_execution_bar,USDJPY,2025.07.03 16:00:00,0,
2025.07.03 16:34:59,scan_executed_new_execution_bar,USDJPY,2025.07.03 16:15:00,31,
2025.07.03 16:39:59,scan_skipped_same_execution_bar,USDJPY,2025.07.03 16:15:00,0,
2025.07.03 16:49:59,scan_executed_new_execution_bar,USDJPY,2025.07.03 16:30:00,15,
2025.07.03 16:54:59,scan_skipped_same_execution_bar,USDJPY,2025.07.03 16:30:00,0,
2025.07.03 17:04:59,scan_executed_new_execution_bar,USDJPY,2025.07.03 16:45:00,0,
2025.07.03 17:09:59,scan_skipped_same_execution_bar,USDJPY,2025.07.03 16:45:00,0,
2025.07.03 17:19:59,scan_executed_new_execution_bar,USDJPY,2025.07.03 17:00:00,0,
2025.07.03 17:24:58,scan_skipped_same_execution_bar,USDJPY,2025.07.03 17:00:00,0,
2025.07.03 17:34:59,scan_executed_new_execution_bar,USDJPY,2025.07.03 17:15:00,15,
2025.07.03 17:39:59,scan_skipped_same_execution_bar,USDJPY,2025.07.03 17:15:00,0,
2025.07.03 17:49:59,scan_executed_new_execution_bar,USDJPY,2025.07.03 17:30:00,0,
2025.07.03 17:54:59,scan_skipped_same_execution_bar,USDJPY,2025.07.03 17:30:00,0,
2025.07.03 18:05:00,scan_executed_new_execution_bar,USDJPY,2025.07.03 17:45:00,0,
2025.07.03 18:09:59,scan_skipped_same_execution_bar,USDJPY,2025.07.03 17:45:00,0,
2025.07.03 18:19:59,scan_executed_new_execution_bar,USDJPY,2025.07.03 18:00:00,62,
2025.07.03 18:24:59,scan_skipped_same_execution_bar,USDJPY,2025.07.03 18:00:00,0,
2025.07.03 18:34:59,scan_executed_new_execution_bar,USDJPY,2025.07.03 18:15:00,63,
2025.07.03 18:39:59,scan_skipped_same_execution_bar,USDJPY,2025.07.03 18:15:00,0,
2025.07.03 18:49:59,scan_executed_new_execution_bar,USDJPY,2025.07.03 18:30:00,0,
2025.07.03 18:54:59,scan_skipped_same_execution_bar,USDJPY,2025.07.03 18:30:00,0,
2025.07.03 19:04:59,scan_executed_new_execution_bar,USDJPY,2025.07.03 18:45:00,16,
2025.07.03 19:09:59,scan_skipped_same_execution_bar,USDJPY,2025.07.03 18:45:00,0,
2025.07.03 19:19:59,scan_executed_new_execution_bar,USDJPY,2025.07.03 19:00:00,0,
2025.07.03 19:24:59,scan_skipped_same_execution_bar,USDJPY,2025.07.03 19:00:00,0,
2025.07.03 19:34:59,scan_executed_new_execution_bar,USDJPY,2025.07.03 19:15:00,0,
2025.07.03 19:39:58,scan_skipped_same_execution_bar,USDJPY,2025.07.03 19:15:00,0,
2025.07.03 19:49:59,scan_executed_new_execution_bar,USDJPY,2025.07.03 19:30:00,0,
2025.07.03 19:54:59,scan_skipped_same_execution_bar,USDJPY,2025.07.03 19:30:00,0,
2025.07.03 20:04:59,scan_executed_new_execution_bar,USDJPY,2025.07.03 19:45:00,15,
2025.07.03 20:10:00,scan_skipped_same_execution_bar,USDJPY,2025.07.03 19:45:00,0,
2025.07.03 20:19:59,scan_executed_new_execution_bar,USDJPY,2025.07.03 20:00:00,0,
2025.07.03 20:24:59,scan_skipped_same_execution_bar,USDJPY,2025.07.03 20:00:00,0,
2025.07.03 20:34:59,scan_executed_new_execution_bar,USDJPY,2025.07.03 20:15:00,15,
2025.07.03 20:39:59,scan_skipped_same_execution_bar,USDJPY,2025.07.03 20:15:00,0,
2025.07.03 20:49:59,scan_executed_new_execution_bar,USDJPY,2025.07.03 20:30:00,0,
2025.07.03 20:54:59,scan_skipped_same_execution_bar,USDJPY,2025.07.03 20:30:00,0,
2025.07.03 21:04:59,scan_executed_new_execution_bar,USDJPY,2025.07.03 20:45:00,0,
2025.07.03 21:09:59,scan_skipped_same_execution_bar,USDJPY,2025.07.03 20:45:00,0,
2025.07.03 21:19:59,scan_executed_new_execution_bar,USDJPY,2025.07.03 21:00:00,31,
2025.07.03 21:24:58,scan_skipped_same_execution_bar,USDJPY,2025.07.03 21:00:00,0,
2025.07.03 21:34:59,scan_executed_new_execution_bar,USDJPY,2025.07.03 21:15:00,16,
2025.07.03 21:39:52,scan_skipped_same_execution_bar,USDJPY,2025.07.03 21:15:00,0,
2025.07.03 21:49:59,scan_executed_new_execution_bar,USDJPY,2025.07.03 21:30:00,0,
2025.07.03 21:54:57,scan_skipped_same_execution_bar,USDJPY,2025.07.03 21:30:00,0,
2025.07.03 22:04:57,scan_executed_new_execution_bar,USDJPY,2025.07.03 21:45:00,0,
2025.07.03 22:09:59,scan_skipped_same_execution_bar,USDJPY,2025.07.03 21:45:00,0,
2025.07.03 22:19:59,scan_executed_new_execution_bar,USDJPY,2025.07.03 22:00:00,0,
2025.07.03 22:24:59,scan_skipped_same_execution_bar,USDJPY,2025.07.03 22:00:00,0,
2025.07.03 22:34:54,scan_executed_new_execution_bar,USDJPY,2025.07.03 22:15:00,0,
2025.07.03 22:39:59,scan_skipped_same_execution_bar,USDJPY,2025.07.03 22:15:00,0,
2025.07.03 22:49:57,scan_executed_new_execution_bar,USDJPY,2025.07.03 22:30:00,0,
2025.07.03 22:54:58,scan_skipped_same_execution_bar,USDJPY,2025.07.03 22:30:00,0,
2025.07.03 23:04:59,scan_executed_new_execution_bar,USDJPY,2025.07.03 22:45:00,0,
2025.07.03 23:10:00,scan_skipped_same_execution_bar,USDJPY,2025.07.03 22:45:00,0,
2025.07.03 23:19:59,scan_executed_new_execution_bar,USDJPY,2025.07.03 23:00:00,0,
2025.07.03 23:24:59,scan_skipped_same_execution_bar,USDJPY,2025.07.03 23:00:00,0,
2025.07.03 23:34:59,scan_executed_new_execution_bar,USDJPY,2025.07.03 23:15:00,0,
2025.07.03 23:39:59,scan_skipped_same_execution_bar,USDJPY,2025.07.03 23:15:00,0,
2025.07.03 23:49:59,scan_executed_new_execution_bar,USDJPY,2025.07.03 23:30:00,0,
2025.07.03 23:54:59,scan_skipped_same_execution_bar,USDJPY,2025.07.03 23:30:00,0,
2025.07.04 00:04:54,scan_executed_new_execution_bar,USDJPY,2025.07.03 23:45:00,0,
2025.07.04 00:09:59,scan_skipped_same_execution_bar,USDJPY,2025.07.03 23:45:00,0,
2025.07.04 00:19:59,scan_executed_new_execution_bar,USDJPY,2025.07.04 00:00:00,0,
2025.07.04 00:24:59,scan_skipped_same_execution_bar,USDJPY,2025.07.04 00:00:00,0,
2025.07.04 00:34:59,scan_executed_new_execution_bar,USDJPY,2025.07.04 00:15:00,0,
2025.07.04 00:39:58,scan_skipped_same_execution_bar,USDJPY,2025.07.04 00:15:00,0,
2025.07.04 00:49:56,scan_executed_new_execution_bar,USDJPY,2025.07.04 00:30:00,0,
2025.07.04 00:54:54,scan_skipped_same_execution_bar,USDJPY,2025.07.04 00:30:00,0,
2025.07.04 01:04:59,scan_executed_new_execution_bar,USDJPY,2025.07.04 00:45:00,0,
2025.07.04 01:09:58,scan_skipped_same_execution_bar,USDJPY,2025.07.04 00:45:00,0,
2025.07.04 01:19:58,scan_executed_new_execution_bar,USDJPY,2025.07.04 01:00:00,0,
2025.07.04 01:24:59,scan_skipped_same_execution_bar,USDJPY,2025.07.04 01:00:00,0,
2025.07.04 01:34:59,scan_executed_new_execution_bar,USDJPY,2025.07.04 01:15:00,0,
2025.07.04 01:39:54,scan_skipped_same_execution_bar,USDJPY,2025.07.04 01:15:00,0,
2025.07.04 01:49:59,scan_executed_new_execution_bar,USDJPY,2025.07.04 01:30:00,0,
2025.07.04 01:54:59,scan_skipped_same_execution_bar,USDJPY,2025.07.04 01:30:00,0,
2025.07.04 02:04:55,scan_executed_new_execution_bar,USDJPY,2025.07.04 01:45:00,0,
2025.07.04 02:09:59,scan_skipped_same_execution_bar,USDJPY,2025.07.04 01:45:00,0,
2025.07.04 02:19:58,scan_executed_new_execution_bar,USDJPY,2025.07.04 02:00:00,0,
2025.07.04 02:24:56,scan_skipped_same_execution_bar,USDJPY,2025.07.04 02:00:00,0,
2025.07.04 02:34:59,scan_executed_new_execution_bar,USDJPY,2025.07.04 02:15:00,0,
2025.07.04 02:39:58,scan_skipped_same_execution_bar,USDJPY,2025.07.04 02:15:00,0,
2025.07.04 02:49:59,scan_executed_new_execution_bar,USDJPY,2025.07.04 02:30:00,0,
2025.07.04 02:54:59,scan_skipped_same_execution_bar,USDJPY,2025.07.04 02:30:00,0,
2025.07.04 03:04:59,scan_executed_new_execution_bar,USDJPY,2025.07.04 02:45:00,0,
2025.07.04 03:09:59,scan_skipped_same_execution_bar,USDJPY,2025.07.04 02:45:00,0,
2025.07.04 03:19:59,scan_executed_new_execution_bar,USDJPY,2025.07.04 03:00:00,0,
2025.07.04 03:24:59,scan_skipped_same_execution_bar,USDJPY,2025.07.04 03:00:00,0,
2025.07.04 03:34:59,scan_executed_new_execution_bar,USDJPY,2025.07.04 03:15:00,0,
2025.07.04 03:39:59,scan_skipped_same_execution_bar,USDJPY,2025.07.04 03:15:00,0,
2025.07.04 03:49:59,scan_executed_new_execution_bar,USDJPY,2025.07.04 03:30:00,0,
2025.07.04 03:54:59,scan_skipped_same_execution_bar,USDJPY,2025.07.04 03:30:00,0,
2025.07.04 04:04:59,scan_executed_new_execution_bar,USDJPY,2025.07.04 03:45:00,0,
2025.07.04 04:09:59,scan_skipped_same_execution_bar,USDJPY,2025.07.04 03:45:00,0,
2025.07.04 04:19:59,scan_executed_new_execution_bar,USDJPY,2025.07.04 04:00:00,0,
2025.07.04 04:24:59,scan_skipped_same_execution_bar,USDJPY,2025.07.04 04:00:00,0,
2025.07.04 04:34:59,scan_executed_new_execution_bar,USDJPY,2025.07.04 04:15:00,0,
2025.07.04 04:39:58,scan_skipped_same_execution_bar,USDJPY,2025.07.04 04:15:00,0,
2025.07.04 04:50:00,scan_executed_new_execution_bar,USDJPY,2025.07.04 04:30:00,16,
2025.07.04 04:54:59,scan_skipped_same_execution_bar,USDJPY,2025.07.04 04:30:00,0,
2025.07.04 05:04:59,scan_executed_new_execution_bar,USDJPY,2025.07.04 04:45:00,0,
2025.07.04 05:09:59,scan_skipped_same_execution_bar,USDJPY,2025.07.04 04:45:00,0,
2025.07.04 05:19:59,scan_executed_new_execution_bar,USDJPY,2025.07.04 05:00:00,0,
2025.07.04 05:24:59,scan_skipped_same_execution_bar,USDJPY,2025.07.04 05:00:00,0,
2025.07.04 05:35:00,scan_executed_new_execution_bar,USDJPY,2025.07.04 05:15:00,0,
2025.07.04 05:39:55,scan_skipped_same_execution_bar,USDJPY,2025.07.04 05:15:00,0,
2025.07.04 05:49:59,scan_executed_new_execution_bar,USDJPY,2025.07.04 05:30:00,0,
2025.07.04 05:54:59,scan_skipped_same_execution_bar,USDJPY,2025.07.04 05:30:00,0,
2025.07.04 06:04:59,scan_executed_new_execution_bar,USDJPY,2025.07.04 05:45:00,32,
2025.07.04 06:09:59,scan_skipped_same_execution_bar,USDJPY,2025.07.04 05:45:00,0,
2025.07.04 06:19:59,scan_executed_new_execution_bar,USDJPY,2025.07.04 06:00:00,0,
2025.07.04 06:24:58,scan_skipped_same_execution_bar,USDJPY,2025.07.04 06:00:00,0,
2025.07.04 06:34:57,scan_executed_new_execution_bar,USDJPY,2025.07.04 06:15:00,0,
2025.07.04 06:39:57,scan_skipped_same_execution_bar,USDJPY,2025.07.04 06:15:00,0,
2025.07.04 06:49:59,scan_executed_new_execution_bar,USDJPY,2025.07.04 06:30:00,0,
2025.07.04 06:54:57,scan_skipped_same_execution_bar,USDJPY,2025.07.04 06:30:00,0,
2025.07.04 07:04:59,scan_executed_new_execution_bar,USDJPY,2025.07.04 06:45:00,32,
2025.07.04 07:09:59,scan_skipped_same_execution_bar,USDJPY,2025.07.04 06:45:00,0,
2025.07.04 07:19:59,scan_executed_new_execution_bar,USDJPY,2025.07.04 07:00:00,0,
2025.07.04 07:24:59,scan_skipped_same_execution_bar,USDJPY,2025.07.04 07:00:00,0,
2025.07.04 07:34:57,scan_executed_new_execution_bar,USDJPY,2025.07.04 07:15:00,0,
2025.07.04 07:39:59,scan_skipped_same_execution_bar,USDJPY,2025.07.04 07:15:00,0,
2025.07.04 07:49:59,scan_executed_new_execution_bar,USDJPY,2025.07.04 07:30:00,0,
2025.07.04 07:54:59,scan_skipped_same_execution_bar,USDJPY,2025.07.04 07:30:00,0,
2025.07.04 08:04:59,scan_executed_new_execution_bar,USDJPY,2025.07.04 07:45:00,0,
2025.07.04 08:09:59,scan_skipped_same_execution_bar,USDJPY,2025.07.04 07:45:00,0,
2025.07.04 08:19:59,scan_executed_new_execution_bar,USDJPY,2025.07.04 08:00:00,0,
2025.07.04 08:24:59,scan_skipped_same_execution_bar,USDJPY,2025.07.04 08:00:00,0,
2025.07.04 08:34:59,scan_executed_new_execution_bar,USDJPY,2025.07.04 08:15:00,0,
2025.07.04 08:39:59,scan_skipped_same_execution_bar,USDJPY,2025.07.04 08:15:00,0,
2025.07.04 08:49:59,scan_executed_new_execution_bar,USDJPY,2025.07.04 08:30:00,0,
2025.07.04 08:54:59,scan_skipped_same_execution_bar,USDJPY,2025.07.04 08:30:00,0,
2025.07.04 09:04:59,scan_executed_new_execution_bar,USDJPY,2025.07.04 08:45:00,0,
2025.07.04 09:10:00,scan_skipped_same_execution_bar,USDJPY,2025.07.04 08:45:00,0,
2025.07.04 09:19:59,scan_executed_new_execution_bar,USDJPY,2025.07.04 09:00:00,0,
2025.07.04 09:24:59,scan_skipped_same_execution_bar,USDJPY,2025.07.04 09:00:00,0,
2025.07.04 09:34:59,scan_executed_new_execution_bar,USDJPY,2025.07.04 09:15:00,16,
2025.07.04 09:39:59,scan_skipped_same_execution_bar,USDJPY,2025.07.04 09:15:00,0,
2025.07.04 09:49:59,scan_executed_new_execution_bar,USDJPY,2025.07.04 09:30:00,0,
2025.07.04 09:54:59,scan_skipped_same_execution_bar,USDJPY,2025.07.04 09:30:00,0,
2025.07.04 10:04:59,scan_executed_new_execution_bar,USDJPY,2025.07.04 09:45:00,0,
2025.07.04 10:09:59,scan_skipped_same_execution_bar,USDJPY,2025.07.04 09:45:00,0,
2025.07.04 10:19:59,scan_executed_new_execution_bar,USDJPY,2025.07.04 10:00:00,15,
2025.07.04 10:24:59,scan_skipped_same_execution_bar,USDJPY,2025.07.04 10:00:00,0,
2025.07.04 10:34:59,scan_executed_new_execution_bar,USDJPY,2025.07.04 10:15:00,0,
2025.07.04 10:39:59,scan_skipped_same_execution_bar,USDJPY,2025.07.04 10:15:00,0,
2025.07.04 10:49:58,scan_executed_new_execution_bar,USDJPY,2025.07.04 10:30:00,31,
2025.07.04 10:54:59,scan_skipped_same_execution_bar,USDJPY,2025.07.04 10:30:00,0,
2025.07.04 11:04:58,scan_executed_new_execution_bar,USDJPY,2025.07.04 10:45:00,0,
2025.07.04 11:09:59,scan_skipped_same_execution_bar,USDJPY,2025.07.04 10:45:00,0,
2025.07.04 11:19:58,scan_executed_new_execution_bar,USDJPY,2025.07.04 11:00:00,0,
2025.07.04 11:24:59,scan_skipped_same_execution_bar,USDJPY,2025.07.04 11:00:00,0,
2025.07.04 11:34:59,scan_executed_new_execution_bar,USDJPY,2025.07.04 11:15:00,31,
2025.07.04 11:39:59,scan_skipped_same_execution_bar,USDJPY,2025.07.04 11:15:00,0,
2025.07.04 11:49:59,scan_executed_new_execution_bar,USDJPY,2025.07.04 11:30:00,0,
2025.07.04 11:54:59,scan_skipped_same_execution_bar,USDJPY,2025.07.04 11:30:00,0,
2025.07.04 12:04:59,scan_executed_new_execution_bar,USDJPY,2025.07.04 11:45:00,0,
2025.07.04 12:09:59,scan_skipped_same_execution_bar,USDJPY,2025.07.04 11:45:00,0,
2025.07.04 12:19:59,scan_executed_new_execution_bar,USDJPY,2025.07.04 12:00:00,0,
2025.07.04 12:24:59,scan_skipped_same_execution_bar,USDJPY,2025.07.04 12:00:00,0,
2025.07.04 12:34:59,scan_executed_new_execution_bar,USDJPY,2025.07.04 12:15:00,0,
2025.07.04 12:39:59,scan_skipped_same_execution_bar,USDJPY,2025.07.04 12:15:00,0,
2025.07.04 12:49:59,scan_executed_new_execution_bar,USDJPY,2025.07.04 12:30:00,31,
2025.07.04 12:54:59,scan_skipped_same_execution_bar,USDJPY,2025.07.04 12:30:00,0,
2025.07.04 13:04:59,scan_executed_new_execution_bar,USDJPY,2025.07.04 12:45:00,0,
2025.07.04 13:09:59,scan_skipped_same_execution_bar,USDJPY,2025.07.04 12:45:00,0,
2025.07.04 13:19:59,scan_executed_new_execution_bar,USDJPY,2025.07.04 13:00:00,0,
2025.07.04 13:24:59,scan_skipped_same_execution_bar,USDJPY,2025.07.04 13:00:00,0,
2025.07.04 13:34:59,scan_executed_new_execution_bar,USDJPY,2025.07.04 13:15:00,0,
2025.07.04 13:39:59,scan_skipped_same_execution_bar,USDJPY,2025.07.04 13:15:00,0,
2025.07.04 13:49:59,scan_executed_new_execution_bar,USDJPY,2025.07.04 13:30:00,0,
2025.07.04 13:54:59,scan_skipped_same_execution_bar,USDJPY,2025.07.04 13:30:00,0,
2025.07.04 14:04:59,scan_executed_new_execution_bar,USDJPY,2025.07.04 13:45:00,0,
2025.07.04 14:09:59,scan_skipped_same_execution_bar,USDJPY,2025.07.04 13:45:00,0,
2025.07.04 14:19:59,scan_executed_new_execution_bar,USDJPY,2025.07.04 14:00:00,0,
2025.07.04 14:24:59,scan_skipped_same_execution_bar,USDJPY,2025.07.04 14:00:00,0,
2025.07.04 14:34:59,scan_executed_new_execution_bar,USDJPY,2025.07.04 14:15:00,0,
2025.07.04 14:39:59,scan_skipped_same_execution_bar,USDJPY,2025.07.04 14:15:00,0,
2025.07.04 14:49:59,scan_executed_new_execution_bar,USDJPY,2025.07.04 14:30:00,0,
2025.07.04 14:54:59,scan_skipped_same_execution_bar,USDJPY,2025.07.04 14:30:00,0,
2025.07.04 15:04:59,scan_executed_new_execution_bar,USDJPY,2025.07.04 14:45:00,0,
2025.07.04 15:09:59,scan_skipped_same_execution_bar,USDJPY,2025.07.04 14:45:00,0,
2025.07.04 15:19:55,scan_executed_new_execution_bar,USDJPY,2025.07.04 15:00:00,0,
2025.07.04 15:24:59,scan_skipped_same_execution_bar,USDJPY,2025.07.04 15:00:00,0,
2025.07.04 15:34:59,scan_executed_new_execution_bar,USDJPY,2025.07.04 15:15:00,16,
2025.07.04 15:39:59,scan_skipped_same_execution_bar,USDJPY,2025.07.04 15:15:00,0,
2025.07.04 15:49:59,scan_executed_new_execution_bar,USDJPY,2025.07.04 15:30:00,0,
2025.07.04 15:54:59,scan_skipped_same_execution_bar,USDJPY,2025.07.04 15:30:00,0,
2025.07.04 16:04:59,scan_executed_new_execution_bar,USDJPY,2025.07.04 15:45:00,0,
2025.07.04 16:09:59,scan_skipped_same_execution_bar,USDJPY,2025.07.04 15:45:00,0,
2025.07.04 16:19:58,scan_executed_new_execution_bar,USDJPY,2025.07.04 16:00:00,0,
2025.07.04 16:24:59,scan_skipped_same_execution_bar,USDJPY,2025.07.04 16:00:00,0,
2025.07.04 16:34:59,scan_executed_new_execution_bar,USDJPY,2025.07.04 16:15:00,0,
2025.07.04 16:39:58,scan_skipped_same_execution_bar,USDJPY,2025.07.04 16:15:00,0,
2025.07.04 16:49:59,scan_executed_new_execution_bar,USDJPY,2025.07.04 16:30:00,0,
2025.07.04 16:54:59,scan_skipped_same_execution_bar,USDJPY,2025.07.04 16:30:00,0,
2025.07.04 17:04:59,scan_executed_new_execution_bar,USDJPY,2025.07.04 16:45:00,0,
2025.07.04 17:09:59,scan_skipped_same_execution_bar,USDJPY,2025.07.04 16:45:00,0,
2025.07.04 17:19:59,scan_executed_new_execution_bar,USDJPY,2025.07.04 17:00:00,0,
2025.07.04 17:24:59,scan_skipped_same_execution_bar,USDJPY,2025.07.04 17:00:00,0,
2025.07.04 17:34:59,scan_executed_new_execution_bar,USDJPY,2025.07.04 17:15:00,0,
2025.07.04 17:39:59,scan_skipped_same_execution_bar,USDJPY,2025.07.04 17:15:00,0,
2025.07.04 17:49:59,scan_executed_new_execution_bar,USDJPY,2025.07.04 17:30:00,0,
2025.07.04 17:54:59,scan_skipped_same_execution_bar,USDJPY,2025.07.04 17:30:00,0,
2025.07.04 18:04:59,scan_executed_new_execution_bar,USDJPY,2025.07.04 17:45:00,0,
2025.07.04 18:09:59,scan_skipped_same_execution_bar,USDJPY,2025.07.04 17:45:00,0,
2025.07.04 18:19:59,scan_executed_new_execution_bar,USDJPY,2025.07.04 18:00:00,15,
2025.07.04 18:24:59,scan_skipped_same_execution_bar,USDJPY,2025.07.04 18:00:00,0,
2025.07.04 18:34:58,scan_executed_new_execution_bar,USDJPY,2025.07.04 18:15:00,16,
2025.07.04 18:39:59,scan_skipped_same_execution_bar,USDJPY,2025.07.04 18:15:00,0,
2025.07.04 18:49:59,scan_executed_new_execution_bar,USDJPY,2025.07.04 18:30:00,0,
2025.07.04 18:54:58,scan_skipped_same_execution_bar,USDJPY,2025.07.04 18:30:00,0,
2025.07.04 19:04:58,scan_executed_new_execution_bar,USDJPY,2025.07.04 18:45:00,0,
2025.07.04 19:09:58,scan_skipped_same_execution_bar,USDJPY,2025.07.04 18:45:00,0,
2025.07.04 19:19:59,scan_executed_new_execution_bar,USDJPY,2025.07.04 19:00:00,0,
2025.07.04 19:24:58,scan_skipped_same_execution_bar,USDJPY,2025.07.04 19:00:00,0,
2025.07.04 19:34:59,scan_executed_new_execution_bar,USDJPY,2025.07.04 19:15:00,0,
2025.07.04 19:39:59,scan_skipped_same_execution_bar,USDJPY,2025.07.04 19:15:00,0,
2025.07.04 19:49:59,scan_executed_new_execution_bar,USDJPY,2025.07.04 19:30:00,0,
2025.07.04 19:54:59,scan_skipped_same_execution_bar,USDJPY,2025.07.04 19:30:00,0,
2025.07.04 20:04:59,scan_executed_new_execution_bar,USDJPY,2025.07.04 19:45:00,0,
2025.07.04 20:09:59,scan_skipped_same_execution_bar,USDJPY,2025.07.04 19:45:00,0,
2025.07.04 20:19:59,scan_executed_new_execution_bar,USDJPY,2025.07.04 20:00:00,0,
2025.07.04 20:24:59,scan_skipped_same_execution_bar,USDJPY,2025.07.04 20:00:00,0,
2025.07.04 20:34:59,scan_executed_new_execution_bar,USDJPY,2025.07.04 20:15:00,0,
2025.07.04 20:39:59,scan_skipped_same_execution_bar,USDJPY,2025.07.04 20:15:00,0,
2025.07.04 20:49:59,scan_executed_new_execution_bar,USDJPY,2025.07.04 20:30:00,0,
2025.07.04 20:54:59,scan_skipped_same_execution_bar,USDJPY,2025.07.04 20:30:00,0,
2025.07.04 21:04:59,scan_executed_new_execution_bar,USDJPY,2025.07.04 20:45:00,0,
2025.07.04 21:09:59,scan_skipped_same_execution_bar,USDJPY,2025.07.04 20:45:00,0,
2025.07.04 21:19:59,scan_executed_new_execution_bar,USDJPY,2025.07.04 21:00:00,0,
2025.07.04 21:24:59,scan_skipped_same_execution_bar,USDJPY,2025.07.04 21:00:00,0,
2025.07.04 21:34:59,scan_executed_new_execution_bar,USDJPY,2025.07.04 21:15:00,0,
2025.07.04 21:39:59,scan_skipped_same_execution_bar,USDJPY,2025.07.04 21:15:00,0,
2025.07.04 21:49:59,scan_executed_new_execution_bar,USDJPY,2025.07.04 21:30:00,0,
2025.07.04 21:54:59,scan_skipped_same_execution_bar,USDJPY,2025.07.04 21:30:00,0,
2025.07.04 22:04:59,scan_executed_new_execution_bar,USDJPY,2025.07.04 21:45:00,0,
2025.07.04 22:09:59,scan_skipped_same_execution_bar,USDJPY,2025.07.04 21:45:00,0,
2025.07.04 22:19:59,scan_executed_new_execution_bar,USDJPY,2025.07.04 22:00:00,0,
2025.07.04 22:24:59,scan_skipped_same_execution_bar,USDJPY,2025.07.04 22:00:00,0,
2025.07.04 22:34:59,scan_executed_new_execution_bar,USDJPY,2025.07.04 22:15:00,0,
2025.07.04 22:39:59,scan_skipped_same_execution_bar,USDJPY,2025.07.04 22:15:00,0,
2025.07.04 22:49:59,scan_executed_new_execution_bar,USDJPY,2025.07.04 22:30:00,0,
2025.07.04 22:55:00,scan_skipped_same_execution_bar,USDJPY,2025.07.04 22:30:00,0,
2025.07.04 23:04:59,scan_executed_new_execution_bar,USDJPY,2025.07.04 22:45:00,0,
2025.07.04 23:09:59,scan_skipped_same_execution_bar,USDJPY,2025.07.04 22:45:00,0,
2025.07.04 23:19:59,scan_executed_new_execution_bar,USDJPY,2025.07.04 23:00:00,0,
2025.07.04 23:24:59,scan_skipped_same_execution_bar,USDJPY,2025.07.04 23:00:00,0,
2025.07.04 23:34:59,scan_executed_new_execution_bar,USDJPY,2025.07.04 23:15:00,0,
2025.07.04 23:39:59,scan_skipped_same_execution_bar,USDJPY,2025.07.04 23:15:00,0,
2025.07.04 23:49:59,scan_executed_new_execution_bar,USDJPY,2025.07.04 23:30:00,0,
2025.07.04 23:54:59,scan_skipped_same_execution_bar,USDJPY,2025.07.04 23:30:00,0,
2025.07.07 00:04:54,scan_executed_new_execution_bar,USDJPY,2025.07.04 23:45:00,0,
2025.07.07 00:09:58,scan_skipped_same_execution_bar,USDJPY,2025.07.04 23:45:00,0,
2025.07.07 00:19:54,scan_executed_new_execution_bar,USDJPY,2025.07.07 00:00:00,0,
2025.07.07 00:24:59,scan_skipped_same_execution_bar,USDJPY,2025.07.07 00:00:00,0,
2025.07.07 00:34:55,scan_executed_new_execution_bar,USDJPY,2025.07.07 00:15:00,0,
2025.07.07 00:39:59,scan_skipped_same_execution_bar,USDJPY,2025.07.07 00:15:00,0,
2025.07.07 00:49:59,scan_executed_new_execution_bar,USDJPY,2025.07.07 00:30:00,0,
2025.07.07 00:54:57,scan_skipped_same_execution_bar,USDJPY,2025.07.07 00:30:00,0,
2025.07.07 01:04:59,scan_executed_new_execution_bar,USDJPY,2025.07.07 00:45:00,0,
2025.07.07 01:09:58,scan_skipped_same_execution_bar,USDJPY,2025.07.07 00:45:00,0,
2025.07.07 01:19:57,scan_executed_new_execution_bar,USDJPY,2025.07.07 01:00:00,0,
2025.07.07 01:24:59,scan_skipped_same_execution_bar,USDJPY,2025.07.07 01:00:00,0,
2025.07.07 01:34:59,scan_executed_new_execution_bar,USDJPY,2025.07.07 01:15:00,47,
2025.07.07 01:39:59,scan_skipped_same_execution_bar,USDJPY,2025.07.07 01:15:00,0,
2025.07.07 01:49:39,scan_executed_new_execution_bar,USDJPY,2025.07.07 01:30:00,15,
2025.07.07 01:54:59,scan_skipped_same_execution_bar,USDJPY,2025.07.07 01:30:00,0,
2025.07.07 02:04:59,scan_executed_new_execution_bar,USDJPY,2025.07.07 01:45:00,0,
2025.07.07 02:09:59,scan_skipped_same_execution_bar,USDJPY,2025.07.07 01:45:00,0,
2025.07.07 02:19:52,scan_executed_new_execution_bar,USDJPY,2025.07.07 02:00:00,0,
2025.07.07 02:24:55,scan_skipped_same_execution_bar,USDJPY,2025.07.07 02:00:00,0,
2025.07.07 02:34:58,scan_executed_new_execution_bar,USDJPY,2025.07.07 02:15:00,0,
2025.07.07 02:39:59,scan_skipped_same_execution_bar,USDJPY,2025.07.07 02:15:00,0,
2025.07.07 02:49:59,scan_executed_new_execution_bar,USDJPY,2025.07.07 02:30:00,16,
2025.07.07 02:54:59,scan_skipped_same_execution_bar,USDJPY,2025.07.07 02:30:00,0,
2025.07.07 03:04:59,scan_executed_new_execution_bar,USDJPY,2025.07.07 02:45:00,0,
2025.07.07 03:09:59,scan_skipped_same_execution_bar,USDJPY,2025.07.07 02:45:00,0,
2025.07.07 03:19:59,scan_executed_new_execution_bar,USDJPY,2025.07.07 03:00:00,0,
2025.07.07 03:24:59,scan_skipped_same_execution_bar,USDJPY,2025.07.07 03:00:00,0,
2025.07.07 03:34:59,scan_executed_new_execution_bar,USDJPY,2025.07.07 03:15:00,16,
2025.07.07 03:39:59,scan_skipped_same_execution_bar,USDJPY,2025.07.07 03:15:00,0,
2025.07.07 03:49:59,scan_executed_new_execution_bar,USDJPY,2025.07.07 03:30:00,0,
2025.07.07 03:54:59,scan_skipped_same_execution_bar,USDJPY,2025.07.07 03:30:00,0,
2025.07.07 04:04:59,scan_executed_new_execution_bar,USDJPY,2025.07.07 03:45:00,0,
2025.07.07 04:09:59,scan_skipped_same_execution_bar,USDJPY,2025.07.07 03:45:00,0,
2025.07.07 04:19:59,scan_executed_new_execution_bar,USDJPY,2025.07.07 04:00:00,0,
2025.07.07 04:24:59,scan_skipped_same_execution_bar,USDJPY,2025.07.07 04:00:00,0,
2025.07.07 04:34:59,scan_executed_new_execution_bar,USDJPY,2025.07.07 04:15:00,15,
2025.07.07 04:39:59,scan_skipped_same_execution_bar,USDJPY,2025.07.07 04:15:00,0,
2025.07.07 04:49:59,scan_executed_new_execution_bar,USDJPY,2025.07.07 04:30:00,16,
2025.07.07 04:54:59,scan_skipped_same_execution_bar,USDJPY,2025.07.07 04:30:00,0,
2025.07.07 05:04:59,scan_executed_new_execution_bar,USDJPY,2025.07.07 04:45:00,16,
2025.07.07 05:09:59,scan_skipped_same_execution_bar,USDJPY,2025.07.07 04:45:00,0,
2025.07.07 05:19:59,scan_executed_new_execution_bar,USDJPY,2025.07.07 05:00:00,0,
2025.07.07 05:24:59,scan_skipped_same_execution_bar,USDJPY,2025.07.07 05:00:00,0,
2025.07.07 05:34:59,scan_executed_new_execution_bar,USDJPY,2025.07.07 05:15:00,0,
2025.07.07 05:39:59,scan_skipped_same_execution_bar,USDJPY,2025.07.07 05:15:00,0,
2025.07.07 05:50:00,scan_executed_new_execution_bar,USDJPY,2025.07.07 05:30:00,0,
2025.07.07 05:54:57,scan_skipped_same_execution_bar,USDJPY,2025.07.07 05:30:00,0,
2025.07.07 06:04:59,scan_executed_new_execution_bar,USDJPY,2025.07.07 05:45:00,0,
2025.07.07 06:09:59,scan_skipped_same_execution_bar,USDJPY,2025.07.07 05:45:00,0,
2025.07.07 06:19:59,scan_executed_new_execution_bar,USDJPY,2025.07.07 06:00:00,31,
2025.07.07 06:24:59,scan_skipped_same_execution_bar,USDJPY,2025.07.07 06:00:00,0,
2025.07.07 06:34:59,scan_executed_new_execution_bar,USDJPY,2025.07.07 06:15:00,0,
2025.07.07 06:39:59,scan_skipped_same_execution_bar,USDJPY,2025.07.07 06:15:00,0,
2025.07.07 06:49:59,scan_executed_new_execution_bar,USDJPY,2025.07.07 06:30:00,0,
2025.07.07 06:54:58,scan_skipped_same_execution_bar,USDJPY,2025.07.07 06:30:00,0,
2025.07.07 07:04:58,scan_executed_new_execution_bar,USDJPY,2025.07.07 06:45:00,0,
2025.07.07 07:09:58,scan_skipped_same_execution_bar,USDJPY,2025.07.07 06:45:00,0,
2025.07.07 07:19:58,scan_executed_new_execution_bar,USDJPY,2025.07.07 07:00:00,0,
2025.07.07 07:24:59,scan_skipped_same_execution_bar,USDJPY,2025.07.07 07:00:00,0,
2025.07.07 07:34:58,scan_executed_new_execution_bar,USDJPY,2025.07.07 07:15:00,0,
2025.07.07 07:39:59,scan_skipped_same_execution_bar,USDJPY,2025.07.07 07:15:00,0,
2025.07.07 07:49:59,scan_executed_new_execution_bar,USDJPY,2025.07.07 07:30:00,0,
2025.07.07 07:54:59,scan_skipped_same_execution_bar,USDJPY,2025.07.07 07:30:00,0,
2025.07.07 08:04:59,scan_executed_new_execution_bar,USDJPY,2025.07.07 07:45:00,0,
2025.07.07 08:09:59,scan_skipped_same_execution_bar,USDJPY,2025.07.07 07:45:00,0,
2025.07.07 08:19:59,scan_executed_new_execution_bar,USDJPY,2025.07.07 08:00:00,0,
2025.07.07 08:24:59,scan_skipped_same_execution_bar,USDJPY,2025.07.07 08:00:00,0,
2025.07.07 08:34:59,scan_executed_new_execution_bar,USDJPY,2025.07.07 08:15:00,0,
2025.07.07 08:39:59,scan_skipped_same_execution_bar,USDJPY,2025.07.07 08:15:00,0,
2025.07.07 08:49:59,scan_executed_new_execution_bar,USDJPY,2025.07.07 08:30:00,0,
2025.07.07 08:54:59,scan_skipped_same_execution_bar,USDJPY,2025.07.07 08:30:00,0,
2025.07.07 09:04:59,scan_executed_new_execution_bar,USDJPY,2025.07.07 08:45:00,32,
2025.07.07 09:09:59,scan_skipped_same_execution_bar,USDJPY,2025.07.07 08:45:00,0,
2025.07.07 09:19:59,scan_executed_new_execution_bar,USDJPY,2025.07.07 09:00:00,0,
2025.07.07 09:24:59,scan_skipped_same_execution_bar,USDJPY,2025.07.07 09:00:00,0,
2025.07.07 09:34:59,scan_executed_new_execution_bar,USDJPY,2025.07.07 09:15:00,16,
2025.07.07 09:39:59,scan_skipped_same_execution_bar,USDJPY,2025.07.07 09:15:00,0,
2025.07.07 09:49:59,scan_executed_new_execution_bar,USDJPY,2025.07.07 09:30:00,0,
2025.07.07 09:54:59,scan_skipped_same_execution_bar,USDJPY,2025.07.07 09:30:00,0,
2025.07.07 10:04:59,scan_executed_new_execution_bar,USDJPY,2025.07.07 09:45:00,15,
2025.07.07 10:09:59,scan_skipped_same_execution_bar,USDJPY,2025.07.07 09:45:00,0,
2025.07.07 10:19:59,scan_executed_new_execution_bar,USDJPY,2025.07.07 10:00:00,0,
2025.07.07 10:24:59,scan_skipped_same_execution_bar,USDJPY,2025.07.07 10:00:00,0,
2025.07.07 10:34:59,scan_executed_new_execution_bar,USDJPY,2025.07.07 10:15:00,0,
2025.07.07 10:39:59,scan_skipped_same_execution_bar,USDJPY,2025.07.07 10:15:00,0,
2025.07.07 10:49:59,scan_executed_new_execution_bar,USDJPY,2025.07.07 10:30:00,0,
2025.07.07 10:54:59,scan_skipped_same_execution_bar,USDJPY,2025.07.07 10:30:00,0,
2025.07.07 11:04:59,scan_executed_new_execution_bar,USDJPY,2025.07.07 10:45:00,0,
2025.07.07 11:09:59,scan_skipped_same_execution_bar,USDJPY,2025.07.07 10:45:00,0,
2025.07.07 11:19:59,scan_executed_new_execution_bar,USDJPY,2025.07.07 11:00:00,15,
2025.07.07 11:24:59,scan_skipped_same_execution_bar,USDJPY,2025.07.07 11:00:00,0,
2025.07.07 11:34:59,scan_executed_new_execution_bar,USDJPY,2025.07.07 11:15:00,16,
2025.07.07 11:40:00,scan_skipped_same_execution_bar,USDJPY,2025.07.07 11:15:00,0,
2025.07.07 11:49:59,scan_executed_new_execution_bar,USDJPY,2025.07.07 11:30:00,0,
2025.07.07 11:54:59,scan_skipped_same_execution_bar,USDJPY,2025.07.07 11:30:00,0,
2025.07.07 12:04:59,scan_executed_new_execution_bar,USDJPY,2025.07.07 11:45:00,0,
2025.07.07 12:09:59,scan_skipped_same_execution_bar,USDJPY,2025.07.07 11:45:00,0,
2025.07.07 12:19:59,scan_executed_new_execution_bar,USDJPY,2025.07.07 12:00:00,0,
2025.07.07 12:24:59,scan_skipped_same_execution_bar,USDJPY,2025.07.07 12:00:00,0,
2025.07.07 12:34:59,scan_executed_new_execution_bar,USDJPY,2025.07.07 12:15:00,0,
2025.07.07 12:39:59,scan_skipped_same_execution_bar,USDJPY,2025.07.07 12:15:00,0,
2025.07.07 12:49:59,scan_executed_new_execution_bar,USDJPY,2025.07.07 12:30:00,0,
2025.07.07 12:54:59,scan_skipped_same_execution_bar,USDJPY,2025.07.07 12:30:00,0,
2025.07.07 13:04:59,scan_executed_new_execution_bar,USDJPY,2025.07.07 12:45:00,0,
2025.07.07 13:09:59,scan_skipped_same_execution_bar,USDJPY,2025.07.07 12:45:00,0,
2025.07.07 13:19:59,scan_executed_new_execution_bar,USDJPY,2025.07.07 13:00:00,0,
2025.07.07 13:24:59,scan_skipped_same_execution_bar,USDJPY,2025.07.07 13:00:00,0,
2025.07.07 13:34:58,scan_executed_new_execution_bar,USDJPY,2025.07.07 13:15:00,0,
2025.07.07 13:39:59,scan_skipped_same_execution_bar,USDJPY,2025.07.07 13:15:00,0,
2025.07.07 13:49:58,scan_executed_new_execution_bar,USDJPY,2025.07.07 13:30:00,16,
2025.07.07 13:54:59,scan_skipped_same_execution_bar,USDJPY,2025.07.07 13:30:00,0,
2025.07.07 14:04:59,scan_executed_new_execution_bar,USDJPY,2025.07.07 13:45:00,16,
2025.07.07 14:09:59,scan_skipped_same_execution_bar,USDJPY,2025.07.07 13:45:00,0,
2025.07.07 14:19:59,scan_executed_new_execution_bar,USDJPY,2025.07.07 14:00:00,15,
2025.07.07 14:24:59,scan_skipped_same_execution_bar,USDJPY,2025.07.07 14:00:00,0,
2025.07.07 14:34:59,scan_executed_new_execution_bar,USDJPY,2025.07.07 14:15:00,0,
2025.07.07 14:39:59,scan_skipped_same_execution_bar,USDJPY,2025.07.07 14:15:00,0,
2025.07.07 14:49:59,scan_executed_new_execution_bar,USDJPY,2025.07.07 14:30:00,0,
2025.07.07 14:54:59,scan_skipped_same_execution_bar,USDJPY,2025.07.07 14:30:00,0,
2025.07.07 15:04:59,scan_executed_new_execution_bar,USDJPY,2025.07.07 14:45:00,0,
2025.07.07 15:09:59,scan_skipped_same_execution_bar,USDJPY,2025.07.07 14:45:00,0,
2025.07.07 15:19:59,scan_executed_new_execution_bar,USDJPY,2025.07.07 15:00:00,0,
2025.07.07 15:25:00,scan_skipped_same_execution_bar,USDJPY,2025.07.07 15:00:00,0,
2025.07.07 15:34:59,scan_executed_new_execution_bar,USDJPY,2025.07.07 15:15:00,0,
2025.07.07 15:39:59,scan_skipped_same_execution_bar,USDJPY,2025.07.07 15:15:00,0,
2025.07.07 15:49:59,scan_executed_new_execution_bar,USDJPY,2025.07.07 15:30:00,0,
2025.07.07 15:54:59,scan_skipped_same_execution_bar,USDJPY,2025.07.07 15:30:00,0,
2025.07.07 16:04:59,scan_executed_new_execution_bar,USDJPY,2025.07.07 15:45:00,0,
2025.07.07 16:09:59,scan_skipped_same_execution_bar,USDJPY,2025.07.07 15:45:00,0,
2025.07.07 16:19:59,scan_executed_new_execution_bar,USDJPY,2025.07.07 16:00:00,0,
2025.07.07 16:24:59,scan_skipped_same_execution_bar,USDJPY,2025.07.07 16:00:00,0,
2025.07.07 16:34:59,scan_executed_new_execution_bar,USDJPY,2025.07.07 16:15:00,0,
2025.07.07 16:39:59,scan_skipped_same_execution_bar,USDJPY,2025.07.07 16:15:00,0,
2025.07.07 16:49:59,scan_executed_new_execution_bar,USDJPY,2025.07.07 16:30:00,0,
2025.07.07 16:54:59,scan_skipped_same_execution_bar,USDJPY,2025.07.07 16:30:00,0,
2025.07.07 17:04:59,scan_executed_new_execution_bar,USDJPY,2025.07.07 16:45:00,15,
2025.07.07 17:09:58,scan_skipped_same_execution_bar,USDJPY,2025.07.07 16:45:00,0,
2025.07.07 17:19:59,scan_executed_new_execution_bar,USDJPY,2025.07.07 17:00:00,16,
2025.07.07 17:24:59,scan_skipped_same_execution_bar,USDJPY,2025.07.07 17:00:00,0,
2025.07.07 17:34:59,scan_executed_new_execution_bar,USDJPY,2025.07.07 17:15:00,0,
2025.07.07 17:39:59,scan_skipped_same_execution_bar,USDJPY,2025.07.07 17:15:00,0,
2025.07.07 17:49:59,scan_executed_new_execution_bar,USDJPY,2025.07.07 17:30:00,0,
2025.07.07 17:54:59,scan_skipped_same_execution_bar,USDJPY,2025.07.07 17:30:00,0,
2025.07.07 18:04:59,scan_executed_new_execution_bar,USDJPY,2025.07.07 17:45:00,0,
2025.07.07 18:09:59,scan_skipped_same_execution_bar,USDJPY,2025.07.07 17:45:00,0,
2025.07.07 18:19:59,scan_executed_new_execution_bar,USDJPY,2025.07.07 18:00:00,0,
2025.07.07 18:24:59,scan_skipped_same_execution_bar,USDJPY,2025.07.07 18:00:00,0,
2025.07.07 18:34:59,scan_executed_new_execution_bar,USDJPY,2025.07.07 18:15:00,0,
2025.07.07 18:39:59,scan_skipped_same_execution_bar,USDJPY,2025.07.07 18:15:00,0,
2025.07.07 18:49:59,scan_executed_new_execution_bar,USDJPY,2025.07.07 18:30:00,16,
2025.07.07 18:54:59,scan_skipped_same_execution_bar,USDJPY,2025.07.07 18:30:00,0,
2025.07.07 19:04:59,scan_executed_new_execution_bar,USDJPY,2025.07.07 18:45:00,0,
2025.07.07 19:09:59,scan_skipped_same_execution_bar,USDJPY,2025.07.07 18:45:00,0,
2025.07.07 19:19:59,scan_executed_new_execution_bar,USDJPY,2025.07.07 19:00:00,0,
2025.07.07 19:24:59,scan_skipped_same_execution_bar,USDJPY,2025.07.07 19:00:00,0,
2025.07.07 19:34:59,scan_executed_new_execution_bar,USDJPY,2025.07.07 19:15:00,16,
2025.07.07 19:40:00,scan_skipped_same_execution_bar,USDJPY,2025.07.07 19:15:00,0,
2025.07.07 19:49:59,scan_executed_new_execution_bar,USDJPY,2025.07.07 19:30:00,0,
2025.07.07 19:54:59,scan_skipped_same_execution_bar,USDJPY,2025.07.07 19:30:00,0,
2025.07.07 20:04:59,scan_executed_new_execution_bar,USDJPY,2025.07.07 19:45:00,0,
2025.07.07 20:09:59,scan_skipped_same_execution_bar,USDJPY,2025.07.07 19:45:00,0,
2025.07.07 20:19:58,scan_executed_new_execution_bar,USDJPY,2025.07.07 20:00:00,15,
2025.07.07 20:24:59,scan_skipped_same_execution_bar,USDJPY,2025.07.07 20:00:00,0,
2025.07.07 20:34:59,scan_executed_new_execution_bar,USDJPY,2025.07.07 20:15:00,0,
2025.07.07 20:39:59,scan_skipped_same_execution_bar,USDJPY,2025.07.07 20:15:00,0,
2025.07.07 20:49:59,scan_executed_new_execution_bar,USDJPY,2025.07.07 20:30:00,0,
2025.07.07 20:54:59,scan_skipped_same_execution_bar,USDJPY,2025.07.07 20:30:00,0,
2025.07.07 21:04:59,scan_executed_new_execution_bar,USDJPY,2025.07.07 20:45:00,16,
2025.07.07 21:09:59,scan_skipped_same_execution_bar,USDJPY,2025.07.07 20:45:00,0,
2025.07.07 21:19:59,scan_executed_new_execution_bar,USDJPY,2025.07.07 21:00:00,16,
2025.07.07 21:24:59,scan_skipped_same_execution_bar,USDJPY,2025.07.07 21:00:00,0,
2025.07.07 21:34:58,scan_executed_new_execution_bar,USDJPY,2025.07.07 21:15:00,15,
2025.07.07 21:39:59,scan_skipped_same_execution_bar,USDJPY,2025.07.07 21:15:00,0,
2025.07.07 21:49:59,scan_executed_new_execution_bar,USDJPY,2025.07.07 21:30:00,0,
2025.07.07 21:54:59,scan_skipped_same_execution_bar,USDJPY,2025.07.07 21:30:00,0,
2025.07.07 22:04:59,scan_executed_new_execution_bar,USDJPY,2025.07.07 21:45:00,15,
2025.07.07 22:09:59,scan_skipped_same_execution_bar,USDJPY,2025.07.07 21:45:00,0,
2025.07.07 22:19:59,scan_executed_new_execution_bar,USDJPY,2025.07.07 22:00:00,47,
2025.07.07 22:24:59,scan_skipped_same_execution_bar,USDJPY,2025.07.07 22:00:00,0,
2025.07.07 22:34:59,scan_executed_new_execution_bar,USDJPY,2025.07.07 22:15:00,0,
2025.07.07 22:39:59,scan_skipped_same_execution_bar,USDJPY,2025.07.07 22:15:00,0,
2025.07.07 22:49:59,scan_executed_new_execution_bar,USDJPY,2025.07.07 22:30:00,47,
2025.07.07 22:54:59,scan_skipped_same_execution_bar,USDJPY,2025.07.07 22:30:00,0,
2025.07.07 23:04:59,scan_executed_new_execution_bar,USDJPY,2025.07.07 22:45:00,15,
2025.07.07 23:09:59,scan_skipped_same_execution_bar,USDJPY,2025.07.07 22:45:00,0,
2025.07.07 23:19:59,scan_executed_new_execution_bar,USDJPY,2025.07.07 23:00:00,0,
2025.07.07 23:24:59,scan_skipped_same_execution_bar,USDJPY,2025.07.07 23:00:00,0,
2025.07.07 23:34:58,scan_executed_new_execution_bar,USDJPY,2025.07.07 23:15:00,0,
2025.07.07 23:39:59,scan_skipped_same_execution_bar,USDJPY,2025.07.07 23:15:00,0,
2025.07.07 23:49:59,scan_executed_new_execution_bar,USDJPY,2025.07.07 23:30:00,0,
2025.07.07 23:54:58,scan_skipped_same_execution_bar,USDJPY,2025.07.07 23:30:00,0,
2025.07.08 00:04:37,scan_executed_new_execution_bar,USDJPY,2025.07.07 23:45:00,0,
2025.07.08 00:09:59,scan_skipped_same_execution_bar,USDJPY,2025.07.07 23:45:00,0,
2025.07.08 00:19:57,scan_executed_new_execution_bar,USDJPY,2025.07.08 00:00:00,0,
2025.07.08 00:24:59,scan_skipped_same_execution_bar,USDJPY,2025.07.08 00:00:00,0,
2025.07.08 00:34:56,scan_executed_new_execution_bar,USDJPY,2025.07.08 00:15:00,0,
2025.07.08 00:39:58,scan_skipped_same_execution_bar,USDJPY,2025.07.08 00:15:00,0,
2025.07.08 00:49:56,scan_executed_new_execution_bar,USDJPY,2025.07.08 00:30:00,0,
2025.07.08 00:54:57,scan_skipped_same_execution_bar,USDJPY,2025.07.08 00:30:00,0,
2025.07.08 01:04:58,scan_executed_new_execution_bar,USDJPY,2025.07.08 00:45:00,0,
2025.07.08 01:09:59,scan_skipped_same_execution_bar,USDJPY,2025.07.08 00:45:00,0,
2025.07.08 01:19:59,scan_executed_new_execution_bar,USDJPY,2025.07.08 01:00:00,0,
2025.07.08 01:24:59,scan_skipped_same_execution_bar,USDJPY,2025.07.08 01:00:00,0,
2025.07.08 01:34:59,scan_executed_new_execution_bar,USDJPY,2025.07.08 01:15:00,0,
2025.07.08 01:39:59,scan_skipped_same_execution_bar,USDJPY,2025.07.08 01:15:00,0,
2025.07.08 01:49:59,scan_executed_new_execution_bar,USDJPY,2025.07.08 01:30:00,0,
2025.07.08 01:54:59,scan_skipped_same_execution_bar,USDJPY,2025.07.08 01:30:00,0,
2025.07.08 02:04:59,scan_executed_new_execution_bar,USDJPY,2025.07.08 01:45:00,0,
2025.07.08 02:09:58,scan_skipped_same_execution_bar,USDJPY,2025.07.08 01:45:00,0,
2025.07.08 02:19:59,scan_executed_new_execution_bar,USDJPY,2025.07.08 02:00:00,0,
2025.07.08 02:24:59,scan_skipped_same_execution_bar,USDJPY,2025.07.08 02:00:00,0,
2025.07.08 02:34:59,scan_executed_new_execution_bar,USDJPY,2025.07.08 02:15:00,0,
2025.07.08 02:39:58,scan_skipped_same_execution_bar,USDJPY,2025.07.08 02:15:00,0,
2025.07.08 02:49:59,scan_executed_new_execution_bar,USDJPY,2025.07.08 02:30:00,16,
2025.07.08 02:54:59,scan_skipped_same_execution_bar,USDJPY,2025.07.08 02:30:00,0,
2025.07.08 03:04:59,scan_executed_new_execution_bar,USDJPY,2025.07.08 02:45:00,0,
2025.07.08 03:09:59,scan_skipped_same_execution_bar,USDJPY,2025.07.08 02:45:00,0,
2025.07.08 03:19:59,scan_executed_new_execution_bar,USDJPY,2025.07.08 03:00:00,0,
2025.07.08 03:24:59,scan_skipped_same_execution_bar,USDJPY,2025.07.08 03:00:00,0,
2025.07.08 03:34:59,scan_executed_new_execution_bar,USDJPY,2025.07.08 03:15:00,0,
2025.07.08 03:39:59,scan_skipped_same_execution_bar,USDJPY,2025.07.08 03:15:00,0,
2025.07.08 03:49:59,scan_executed_new_execution_bar,USDJPY,2025.07.08 03:30:00,0,
2025.07.08 03:54:59,scan_skipped_same_execution_bar,USDJPY,2025.07.08 03:30:00,0,
2025.07.08 04:04:59,scan_executed_new_execution_bar,USDJPY,2025.07.08 03:45:00,0,
2025.07.08 04:09:59,scan_skipped_same_execution_bar,USDJPY,2025.07.08 03:45:00,0,
2025.07.08 04:19:59,scan_executed_new_execution_bar,USDJPY,2025.07.08 04:00:00,0,
2025.07.08 04:24:59,scan_skipped_same_execution_bar,USDJPY,2025.07.08 04:00:00,0,
2025.07.08 04:35:00,scan_executed_new_execution_bar,USDJPY,2025.07.08 04:15:00,15,
2025.07.08 04:39:59,scan_skipped_same_execution_bar,USDJPY,2025.07.08 04:15:00,0,
2025.07.08 04:49:58,scan_executed_new_execution_bar,USDJPY,2025.07.08 04:30:00,0,
2025.07.08 04:54:59,scan_skipped_same_execution_bar,USDJPY,2025.07.08 04:30:00,0,
2025.07.08 05:04:59,scan_executed_new_execution_bar,USDJPY,2025.07.08 04:45:00,0,
2025.07.08 05:09:59,scan_skipped_same_execution_bar,USDJPY,2025.07.08 04:45:00,0,
2025.07.08 05:19:59,scan_executed_new_execution_bar,USDJPY,2025.07.08 05:00:00,0,
2025.07.08 05:24:59,scan_skipped_same_execution_bar,USDJPY,2025.07.08 05:00:00,0,
2025.07.08 05:35:00,scan_executed_new_execution_bar,USDJPY,2025.07.08 05:15:00,16,
2025.07.08 05:39:59,scan_skipped_same_execution_bar,USDJPY,2025.07.08 05:15:00,0,
2025.07.08 05:49:59,scan_executed_new_execution_bar,USDJPY,2025.07.08 05:30:00,31,
2025.07.08 05:54:59,scan_skipped_same_execution_bar,USDJPY,2025.07.08 05:30:00,0,
2025.07.08 06:04:59,scan_executed_new_execution_bar,USDJPY,2025.07.08 05:45:00,31,
2025.07.08 06:09:59,scan_skipped_same_execution_bar,USDJPY,2025.07.08 05:45:00,0,
2025.07.08 06:19:59,scan_executed_new_execution_bar,USDJPY,2025.07.08 06:00:00,0,
2025.07.08 06:24:58,scan_skipped_same_execution_bar,USDJPY,2025.07.08 06:00:00,0,
2025.07.08 06:34:59,scan_executed_new_execution_bar,USDJPY,2025.07.08 06:15:00,0,
2025.07.08 06:39:59,scan_skipped_same_execution_bar,USDJPY,2025.07.08 06:15:00,0,
2025.07.08 06:49:59,scan_executed_new_execution_bar,USDJPY,2025.07.08 06:30:00,16,
2025.07.08 06:54:58,scan_skipped_same_execution_bar,USDJPY,2025.07.08 06:30:00,0,
2025.07.08 07:04:59,scan_executed_new_execution_bar,USDJPY,2025.07.08 06:45:00,16,
2025.07.08 07:09:59,scan_skipped_same_execution_bar,USDJPY,2025.07.08 06:45:00,0,
2025.07.08 07:19:59,scan_executed_new_execution_bar,USDJPY,2025.07.08 07:00:00,0,
2025.07.08 07:24:59,scan_skipped_same_execution_bar,USDJPY,2025.07.08 07:00:00,0,
2025.07.08 07:34:59,scan_executed_new_execution_bar,USDJPY,2025.07.08 07:15:00,0,
2025.07.08 07:39:59,scan_skipped_same_execution_bar,USDJPY,2025.07.08 07:15:00,0,
2025.07.08 07:49:59,scan_executed_new_execution_bar,USDJPY,2025.07.08 07:30:00,16,
2025.07.08 07:54:59,scan_skipped_same_execution_bar,USDJPY,2025.07.08 07:30:00,0,
2025.07.08 08:04:58,scan_executed_new_execution_bar,USDJPY,2025.07.08 07:45:00,15,
2025.07.08 08:09:59,scan_skipped_same_execution_bar,USDJPY,2025.07.08 07:45:00,0,
2025.07.08 08:19:59,scan_executed_new_execution_bar,USDJPY,2025.07.08 08:00:00,0,
2025.07.08 08:24:59,scan_skipped_same_execution_bar,USDJPY,2025.07.08 08:00:00,0,
2025.07.08 08:34:59,scan_executed_new_execution_bar,USDJPY,2025.07.08 08:15:00,0,
2025.07.08 08:39:59,scan_skipped_same_execution_bar,USDJPY,2025.07.08 08:15:00,0,
2025.07.08 08:49:59,scan_executed_new_execution_bar,USDJPY,2025.07.08 08:30:00,0,
2025.07.08 08:54:59,scan_skipped_same_execution_bar,USDJPY,2025.07.08 08:30:00,0,
2025.07.08 09:05:00,scan_executed_new_execution_bar,USDJPY,2025.07.08 08:45:00,0,
2025.07.08 09:09:59,scan_skipped_same_execution_bar,USDJPY,2025.07.08 08:45:00,0,
2025.07.08 09:19:58,scan_executed_new_execution_bar,USDJPY,2025.07.08 09:00:00,15,
2025.07.08 09:24:59,scan_skipped_same_execution_bar,USDJPY,2025.07.08 09:00:00,0,
2025.07.08 09:34:59,scan_executed_new_execution_bar,USDJPY,2025.07.08 09:15:00,16,
2025.07.08 09:39:59,scan_skipped_same_execution_bar,USDJPY,2025.07.08 09:15:00,0,
2025.07.08 09:49:59,scan_executed_new_execution_bar,USDJPY,2025.07.08 09:30:00,16,
2025.07.08 09:54:59,scan_skipped_same_execution_bar,USDJPY,2025.07.08 09:30:00,0,
2025.07.08 10:04:59,scan_executed_new_execution_bar,USDJPY,2025.07.08 09:45:00,0,
2025.07.08 10:09:59,scan_skipped_same_execution_bar,USDJPY,2025.07.08 09:45:00,0,
2025.07.08 10:19:59,scan_executed_new_execution_bar,USDJPY,2025.07.08 10:00:00,15,
2025.07.08 10:24:59,scan_skipped_same_execution_bar,USDJPY,2025.07.08 10:00:00,0,
2025.07.08 10:34:59,scan_executed_new_execution_bar,USDJPY,2025.07.08 10:15:00,0,
2025.07.08 10:39:59,scan_skipped_same_execution_bar,USDJPY,2025.07.08 10:15:00,0,
2025.07.08 10:49:59,scan_executed_new_execution_bar,USDJPY,2025.07.08 10:30:00,0,
2025.07.08 10:54:59,scan_skipped_same_execution_bar,USDJPY,2025.07.08 10:30:00,0,
2025.07.08 11:04:59,scan_executed_new_execution_bar,USDJPY,2025.07.08 10:45:00,0,
2025.07.08 11:09:59,scan_skipped_same_execution_bar,USDJPY,2025.07.08 10:45:00,0,
2025.07.08 11:20:00,scan_executed_new_execution_bar,USDJPY,2025.07.08 11:00:00,0,
2025.07.08 11:24:59,scan_skipped_same_execution_bar,USDJPY,2025.07.08 11:00:00,0,
2025.07.08 11:34:59,scan_executed_new_execution_bar,USDJPY,2025.07.08 11:15:00,0,
2025.07.08 11:39:59,scan_skipped_same_execution_bar,USDJPY,2025.07.08 11:15:00,0,
2025.07.08 11:49:59,scan_executed_new_execution_bar,USDJPY,2025.07.08 11:30:00,0,
2025.07.08 11:54:59,scan_skipped_same_execution_bar,USDJPY,2025.07.08 11:30:00,0,
2025.07.08 12:04:59,scan_executed_new_execution_bar,USDJPY,2025.07.08 11:45:00,0,
2025.07.08 12:09:59,scan_skipped_same_execution_bar,USDJPY,2025.07.08 11:45:00,0,
2025.07.08 12:19:59,scan_executed_new_execution_bar,USDJPY,2025.07.08 12:00:00,0,
2025.07.08 12:24:59,scan_skipped_same_execution_bar,USDJPY,2025.07.08 12:00:00,0,
2025.07.08 12:34:59,scan_executed_new_execution_bar,USDJPY,2025.07.08 12:15:00,0,
2025.07.08 12:39:59,scan_skipped_same_execution_bar,USDJPY,2025.07.08 12:15:00,0,
2025.07.08 12:50:00,scan_executed_new_execution_bar,USDJPY,2025.07.08 12:30:00,0,
2025.07.08 12:54:59,scan_skipped_same_execution_bar,USDJPY,2025.07.08 12:30:00,0,
2025.07.08 13:04:59,scan_executed_new_execution_bar,USDJPY,2025.07.08 12:45:00,0,
2025.07.08 13:09:59,scan_skipped_same_execution_bar,USDJPY,2025.07.08 12:45:00,0,
2025.07.08 13:19:59,scan_executed_new_execution_bar,USDJPY,2025.07.08 13:00:00,0,
2025.07.08 13:24:59,scan_skipped_same_execution_bar,USDJPY,2025.07.08 13:00:00,0,
2025.07.08 13:34:59,scan_executed_new_execution_bar,USDJPY,2025.07.08 13:15:00,0,
2025.07.08 13:39:57,scan_skipped_same_execution_bar,USDJPY,2025.07.08 13:15:00,0,
2025.07.08 13:49:59,scan_executed_new_execution_bar,USDJPY,2025.07.08 13:30:00,0,
2025.07.08 13:54:59,scan_skipped_same_execution_bar,USDJPY,2025.07.08 13:30:00,0,
2025.07.08 14:04:59,scan_executed_new_execution_bar,USDJPY,2025.07.08 13:45:00,0,
2025.07.08 14:09:59,scan_skipped_same_execution_bar,USDJPY,2025.07.08 13:45:00,0,
2025.07.08 14:19:59,scan_executed_new_execution_bar,USDJPY,2025.07.08 14:00:00,0,
2025.07.08 14:24:59,scan_skipped_same_execution_bar,USDJPY,2025.07.08 14:00:00,0,
2025.07.08 14:34:59,scan_executed_new_execution_bar,USDJPY,2025.07.08 14:15:00,0,
2025.07.08 14:39:59,scan_skipped_same_execution_bar,USDJPY,2025.07.08 14:15:00,0,
2025.07.08 14:49:59,scan_executed_new_execution_bar,USDJPY,2025.07.08 14:30:00,0,
2025.07.08 14:54:59,scan_skipped_same_execution_bar,USDJPY,2025.07.08 14:30:00,0,
2025.07.08 15:04:59,scan_executed_new_execution_bar,USDJPY,2025.07.08 14:45:00,16,
2025.07.08 15:09:59,scan_skipped_same_execution_bar,USDJPY,2025.07.08 14:45:00,0,
2025.07.08 15:19:59,scan_executed_new_execution_bar,USDJPY,2025.07.08 15:00:00,15,
2025.07.08 15:24:59,scan_skipped_same_execution_bar,USDJPY,2025.07.08 15:00:00,0,
2025.07.08 15:34:59,scan_executed_new_execution_bar,USDJPY,2025.07.08 15:15:00,16,
2025.07.08 15:39:59,scan_skipped_same_execution_bar,USDJPY,2025.07.08 15:15:00,0,
2025.07.08 15:49:59,scan_executed_new_execution_bar,USDJPY,2025.07.08 15:30:00,0,
2025.07.08 15:54:59,scan_skipped_same_execution_bar,USDJPY,2025.07.08 15:30:00,0,
2025.07.08 16:04:59,scan_executed_new_execution_bar,USDJPY,2025.07.08 15:45:00,15,
2025.07.08 16:09:59,scan_skipped_same_execution_bar,USDJPY,2025.07.08 15:45:00,0,
2025.07.08 16:19:59,scan_executed_new_execution_bar,USDJPY,2025.07.08 16:00:00,0,
2025.07.08 16:24:59,scan_skipped_same_execution_bar,USDJPY,2025.07.08 16:00:00,0,
2025.07.08 16:34:59,scan_executed_new_execution_bar,USDJPY,2025.07.08 16:15:00,0,
2025.07.08 16:39:59,scan_skipped_same_execution_bar,USDJPY,2025.07.08 16:15:00,0,
2025.07.08 16:49:59,scan_executed_new_execution_bar,USDJPY,2025.07.08 16:30:00,16,
2025.07.08 16:54:59,scan_skipped_same_execution_bar,USDJPY,2025.07.08 16:30:00,0,
2025.07.08 17:04:59,scan_executed_new_execution_bar,USDJPY,2025.07.08 16:45:00,0,
2025.07.08 17:09:59,scan_skipped_same_execution_bar,USDJPY,2025.07.08 16:45:00,0,
2025.07.08 17:19:59,scan_executed_new_execution_bar,USDJPY,2025.07.08 17:00:00,0,
2025.07.08 17:24:59,scan_skipped_same_execution_bar,USDJPY,2025.07.08 17:00:00,0,
2025.07.08 17:34:59,scan_executed_new_execution_bar,USDJPY,2025.07.08 17:15:00,16,
2025.07.08 17:39:59,scan_skipped_same_execution_bar,USDJPY,2025.07.08 17:15:00,0,
2025.07.08 17:49:59,scan_executed_new_execution_bar,USDJPY,2025.07.08 17:30:00,0,
2025.07.08 17:54:59,scan_skipped_same_execution_bar,USDJPY,2025.07.08 17:30:00,0,
2025.07.08 18:04:59,scan_executed_new_execution_bar,USDJPY,2025.07.08 17:45:00,0,
2025.07.08 18:09:59,scan_skipped_same_execution_bar,USDJPY,2025.07.08 17:45:00,0,
2025.07.08 18:19:59,scan_executed_new_execution_bar,USDJPY,2025.07.08 18:00:00,0,
2025.07.08 18:24:59,scan_skipped_same_execution_bar,USDJPY,2025.07.08 18:00:00,0,
2025.07.08 18:34:59,scan_executed_new_execution_bar,USDJPY,2025.07.08 18:15:00,47,
2025.07.08 18:39:59,scan_skipped_same_execution_bar,USDJPY,2025.07.08 18:15:00,0,
2025.07.08 18:49:59,scan_executed_new_execution_bar,USDJPY,2025.07.08 18:30:00,0,
2025.07.08 18:54:59,scan_skipped_same_execution_bar,USDJPY,2025.07.08 18:30:00,0,
2025.07.08 19:04:59,scan_executed_new_execution_bar,USDJPY,2025.07.08 18:45:00,0,
2025.07.08 19:09:58,scan_skipped_same_execution_bar,USDJPY,2025.07.08 18:45:00,0,
2025.07.08 19:19:59,scan_executed_new_execution_bar,USDJPY,2025.07.08 19:00:00,15,
2025.07.08 19:24:59,scan_skipped_same_execution_bar,USDJPY,2025.07.08 19:00:00,0,
2025.07.08 19:34:59,scan_executed_new_execution_bar,USDJPY,2025.07.08 19:15:00,0,
2025.07.08 19:39:59,scan_skipped_same_execution_bar,USDJPY,2025.07.08 19:15:00,0,
2025.07.08 19:49:59,scan_executed_new_execution_bar,USDJPY,2025.07.08 19:30:00,0,
2025.07.08 19:54:59,scan_skipped_same_execution_bar,USDJPY,2025.07.08 19:30:00,0,
2025.07.08 20:04:59,scan_executed_new_execution_bar,USDJPY,2025.07.08 19:45:00,0,
2025.07.08 20:09:59,scan_skipped_same_execution_bar,USDJPY,2025.07.08 19:45:00,0,
2025.07.08 20:19:59,scan_executed_new_execution_bar,USDJPY,2025.07.08 20:00:00,0,
2025.07.08 20:24:59,scan_skipped_same_execution_bar,USDJPY,2025.07.08 20:00:00,0,
2025.07.08 20:34:59,scan_executed_new_execution_bar,USDJPY,2025.07.08 20:15:00,16,
2025.07.08 20:39:59,scan_skipped_same_execution_bar,USDJPY,2025.07.08 20:15:00,0,
2025.07.08 20:49:59,scan_executed_new_execution_bar,USDJPY,2025.07.08 20:30:00,0,
2025.07.08 20:54:59,scan_skipped_same_execution_bar,USDJPY,2025.07.08 20:30:00,0,
2025.07.08 21:04:59,scan_executed_new_execution_bar,USDJPY,2025.07.08 20:45:00,0,
2025.07.08 21:09:59,scan_skipped_same_execution_bar,USDJPY,2025.07.08 20:45:00,0,
2025.07.08 21:19:59,scan_executed_new_execution_bar,USDJPY,2025.07.08 21:00:00,0,
2025.07.08 21:24:59,scan_skipped_same_execution_bar,USDJPY,2025.07.08 21:00:00,0,
2025.07.08 21:34:59,scan_executed_new_execution_bar,USDJPY,2025.07.08 21:15:00,0,
2025.07.08 21:39:59,scan_skipped_same_execution_bar,USDJPY,2025.07.08 21:15:00,0,
2025.07.08 21:49:59,scan_executed_new_execution_bar,USDJPY,2025.07.08 21:30:00,0,
2025.07.08 21:54:59,scan_skipped_same_execution_bar,USDJPY,2025.07.08 21:30:00,0,
2025.07.08 22:04:59,scan_executed_new_execution_bar,USDJPY,2025.07.08 21:45:00,0,
2025.07.08 22:09:59,scan_skipped_same_execution_bar,USDJPY,2025.07.08 21:45:00,0,
2025.07.08 22:19:57,scan_executed_new_execution_bar,USDJPY,2025.07.08 22:00:00,0,
2025.07.08 22:24:59,scan_skipped_same_execution_bar,USDJPY,2025.07.08 22:00:00,0,
2025.07.08 22:34:58,scan_executed_new_execution_bar,USDJPY,2025.07.08 22:15:00,0,
2025.07.08 22:39:59,scan_skipped_same_execution_bar,USDJPY,2025.07.08 22:15:00,0,
2025.07.08 22:49:58,scan_executed_new_execution_bar,USDJPY,2025.07.08 22:30:00,0,
2025.07.08 22:54:59,scan_skipped_same_execution_bar,USDJPY,2025.07.08 22:30:00,0,
2025.07.08 23:04:59,scan_executed_new_execution_bar,USDJPY,2025.07.08 22:45:00,0,
2025.07.08 23:09:58,scan_skipped_same_execution_bar,USDJPY,2025.07.08 22:45:00,0,
2025.07.08 23:19:59,scan_executed_new_execution_bar,USDJPY,2025.07.08 23:00:00,0,
2025.07.08 23:24:59,scan_skipped_same_execution_bar,USDJPY,2025.07.08 23:00:00,0,
2025.07.08 23:34:59,scan_executed_new_execution_bar,USDJPY,2025.07.08 23:15:00,0,
2025.07.08 23:39:58,scan_skipped_same_execution_bar,USDJPY,2025.07.08 23:15:00,0,
2025.07.08 23:49:58,scan_executed_new_execution_bar,USDJPY,2025.07.08 23:30:00,0,
2025.07.08 23:54:55,scan_skipped_same_execution_bar,USDJPY,2025.07.08 23:30:00,0,
2025.07.09 00:04:48,scan_executed_new_execution_bar,USDJPY,2025.07.08 23:45:00,0,
2025.07.09 00:09:57,scan_skipped_same_execution_bar,USDJPY,2025.07.08 23:45:00,0,
2025.07.09 00:19:52,scan_executed_new_execution_bar,USDJPY,2025.07.09 00:00:00,0,
2025.07.09 00:24:59,scan_skipped_same_execution_bar,USDJPY,2025.07.09 00:00:00,0,
2025.07.09 00:34:58,scan_executed_new_execution_bar,USDJPY,2025.07.09 00:15:00,0,
2025.07.09 00:39:51,scan_skipped_same_execution_bar,USDJPY,2025.07.09 00:15:00,0,
2025.07.09 00:49:59,scan_executed_new_execution_bar,USDJPY,2025.07.09 00:30:00,0,
2025.07.09 00:54:59,scan_skipped_same_execution_bar,USDJPY,2025.07.09 00:30:00,0,
2025.07.09 01:04:57,scan_executed_new_execution_bar,USDJPY,2025.07.09 00:45:00,0,
2025.07.09 01:09:59,scan_skipped_same_execution_bar,USDJPY,2025.07.09 00:45:00,0,
2025.07.09 01:19:59,scan_executed_new_execution_bar,USDJPY,2025.07.09 01:00:00,0,
2025.07.09 01:24:59,scan_skipped_same_execution_bar,USDJPY,2025.07.09 01:00:00,0,
2025.07.09 01:34:59,scan_executed_new_execution_bar,USDJPY,2025.07.09 01:15:00,0,
2025.07.09 01:39:51,scan_skipped_same_execution_bar,USDJPY,2025.07.09 01:15:00,0,
2025.07.09 01:49:59,scan_executed_new_execution_bar,USDJPY,2025.07.09 01:30:00,0,
2025.07.09 01:54:59,scan_skipped_same_execution_bar,USDJPY,2025.07.09 01:30:00,0,
2025.07.09 02:04:59,scan_executed_new_execution_bar,USDJPY,2025.07.09 01:45:00,0,
2025.07.09 02:09:59,scan_skipped_same_execution_bar,USDJPY,2025.07.09 01:45:00,0,
2025.07.09 02:19:57,scan_executed_new_execution_bar,USDJPY,2025.07.09 02:00:00,0,
2025.07.09 02:24:59,scan_skipped_same_execution_bar,USDJPY,2025.07.09 02:00:00,0,
2025.07.09 02:34:59,scan_executed_new_execution_bar,USDJPY,2025.07.09 02:15:00,0,
2025.07.09 02:39:59,scan_skipped_same_execution_bar,USDJPY,2025.07.09 02:15:00,0,
2025.07.09 02:49:58,scan_executed_new_execution_bar,USDJPY,2025.07.09 02:30:00,0,
2025.07.09 02:54:59,scan_skipped_same_execution_bar,USDJPY,2025.07.09 02:30:00,0,
2025.07.09 03:04:59,scan_executed_new_execution_bar,USDJPY,2025.07.09 02:45:00,0,
2025.07.09 03:09:59,scan_skipped_same_execution_bar,USDJPY,2025.07.09 02:45:00,0,
2025.07.09 03:19:59,scan_executed_new_execution_bar,USDJPY,2025.07.09 03:00:00,16,
2025.07.09 03:24:59,scan_skipped_same_execution_bar,USDJPY,2025.07.09 03:00:00,0,
2025.07.09 03:34:59,scan_executed_new_execution_bar,USDJPY,2025.07.09 03:15:00,0,
2025.07.09 03:39:59,scan_skipped_same_execution_bar,USDJPY,2025.07.09 03:15:00,0,
2025.07.09 03:49:59,scan_executed_new_execution_bar,USDJPY,2025.07.09 03:30:00,0,
2025.07.09 03:54:59,scan_skipped_same_execution_bar,USDJPY,2025.07.09 03:30:00,0,
2025.07.09 04:04:59,scan_executed_new_execution_bar,USDJPY,2025.07.09 03:45:00,0,
2025.07.09 04:09:59,scan_skipped_same_execution_bar,USDJPY,2025.07.09 03:45:00,0,
2025.07.09 04:19:59,scan_executed_new_execution_bar,USDJPY,2025.07.09 04:00:00,0,
2025.07.09 04:24:59,scan_skipped_same_execution_bar,USDJPY,2025.07.09 04:00:00,0,
2025.07.09 04:34:59,scan_executed_new_execution_bar,USDJPY,2025.07.09 04:15:00,16,
2025.07.09 04:39:59,scan_skipped_same_execution_bar,USDJPY,2025.07.09 04:15:00,0,
2025.07.09 04:49:59,scan_executed_new_execution_bar,USDJPY,2025.07.09 04:30:00,0,
2025.07.09 04:54:59,scan_skipped_same_execution_bar,USDJPY,2025.07.09 04:30:00,0,
2025.07.09 05:05:00,scan_executed_new_execution_bar,USDJPY,2025.07.09 04:45:00,0,
2025.07.09 05:09:59,scan_skipped_same_execution_bar,USDJPY,2025.07.09 04:45:00,0,
2025.07.09 05:19:59,scan_executed_new_execution_bar,USDJPY,2025.07.09 05:00:00,0,
2025.07.09 05:24:59,scan_skipped_same_execution_bar,USDJPY,2025.07.09 05:00:00,0,
2025.07.09 05:34:59,scan_executed_new_execution_bar,USDJPY,2025.07.09 05:15:00,16,
2025.07.09 05:39:59,scan_skipped_same_execution_bar,USDJPY,2025.07.09 05:15:00,0,
2025.07.09 05:49:59,scan_executed_new_execution_bar,USDJPY,2025.07.09 05:30:00,0,
2025.07.09 05:54:59,scan_skipped_same_execution_bar,USDJPY,2025.07.09 05:30:00,0,
2025.07.09 06:04:59,scan_executed_new_execution_bar,USDJPY,2025.07.09 05:45:00,0,
2025.07.09 06:09:59,scan_skipped_same_execution_bar,USDJPY,2025.07.09 05:45:00,0,
2025.07.09 06:19:59,scan_executed_new_execution_bar,USDJPY,2025.07.09 06:00:00,0,
2025.07.09 06:24:59,scan_skipped_same_execution_bar,USDJPY,2025.07.09 06:00:00,0,
2025.07.09 06:34:59,scan_executed_new_execution_bar,USDJPY,2025.07.09 06:15:00,0,
2025.07.09 06:39:59,scan_skipped_same_execution_bar,USDJPY,2025.07.09 06:15:00,0,
2025.07.09 06:49:59,scan_executed_new_execution_bar,USDJPY,2025.07.09 06:30:00,0,
2025.07.09 06:54:59,scan_skipped_same_execution_bar,USDJPY,2025.07.09 06:30:00,0,
2025.07.09 07:04:58,scan_executed_new_execution_bar,USDJPY,2025.07.09 06:45:00,0,
2025.07.09 07:09:59,scan_skipped_same_execution_bar,USDJPY,2025.07.09 06:45:00,0,
2025.07.09 07:19:57,scan_executed_new_execution_bar,USDJPY,2025.07.09 07:00:00,0,
2025.07.09 07:24:59,scan_skipped_same_execution_bar,USDJPY,2025.07.09 07:00:00,0,
2025.07.09 07:34:59,scan_executed_new_execution_bar,USDJPY,2025.07.09 07:15:00,0,
2025.07.09 07:39:59,scan_skipped_same_execution_bar,USDJPY,2025.07.09 07:15:00,0,
2025.07.09 07:49:59,scan_executed_new_execution_bar,USDJPY,2025.07.09 07:30:00,15,
2025.07.09 07:54:59,scan_skipped_same_execution_bar,USDJPY,2025.07.09 07:30:00,0,
2025.07.09 08:04:59,scan_executed_new_execution_bar,USDJPY,2025.07.09 07:45:00,32,
2025.07.09 08:09:57,scan_skipped_same_execution_bar,USDJPY,2025.07.09 07:45:00,0,
2025.07.09 08:19:59,scan_executed_new_execution_bar,USDJPY,2025.07.09 08:00:00,0,
2025.07.09 08:24:59,scan_skipped_same_execution_bar,USDJPY,2025.07.09 08:00:00,0,
2025.07.09 08:34:59,scan_executed_new_execution_bar,USDJPY,2025.07.09 08:15:00,16,
2025.07.09 08:39:59,scan_skipped_same_execution_bar,USDJPY,2025.07.09 08:15:00,0,
2025.07.09 08:49:59,scan_executed_new_execution_bar,USDJPY,2025.07.09 08:30:00,0,
2025.07.09 08:54:59,scan_skipped_same_execution_bar,USDJPY,2025.07.09 08:30:00,0,
2025.07.09 09:04:59,scan_executed_new_execution_bar,USDJPY,2025.07.09 08:45:00,16,
2025.07.09 09:09:59,scan_skipped_same_execution_bar,USDJPY,2025.07.09 08:45:00,0,
2025.07.09 09:19:59,scan_executed_new_execution_bar,USDJPY,2025.07.09 09:00:00,0,
2025.07.09 09:24:59,scan_skipped_same_execution_bar,USDJPY,2025.07.09 09:00:00,0,
2025.07.09 09:34:59,scan_executed_new_execution_bar,USDJPY,2025.07.09 09:15:00,0,
2025.07.09 09:39:58,scan_skipped_same_execution_bar,USDJPY,2025.07.09 09:15:00,0,
2025.07.09 09:49:59,scan_executed_new_execution_bar,USDJPY,2025.07.09 09:30:00,0,
2025.07.09 09:54:59,scan_skipped_same_execution_bar,USDJPY,2025.07.09 09:30:00,0,
2025.07.09 10:04:59,scan_executed_new_execution_bar,USDJPY,2025.07.09 09:45:00,0,
2025.07.09 10:09:58,scan_skipped_same_execution_bar,USDJPY,2025.07.09 09:45:00,0,
2025.07.09 10:19:59,scan_executed_new_execution_bar,USDJPY,2025.07.09 10:00:00,0,
2025.07.09 10:24:59,scan_skipped_same_execution_bar,USDJPY,2025.07.09 10:00:00,0,
2025.07.09 10:34:59,scan_executed_new_execution_bar,USDJPY,2025.07.09 10:15:00,0,
2025.07.09 10:39:59,scan_skipped_same_execution_bar,USDJPY,2025.07.09 10:15:00,0,
2025.07.09 10:49:59,scan_executed_new_execution_bar,USDJPY,2025.07.09 10:30:00,0,
2025.07.09 10:54:59,scan_skipped_same_execution_bar,USDJPY,2025.07.09 10:30:00,0,
2025.07.09 11:04:59,scan_executed_new_execution_bar,USDJPY,2025.07.09 10:45:00,0,
2025.07.09 11:09:59,scan_skipped_same_execution_bar,USDJPY,2025.07.09 10:45:00,0,
2025.07.09 11:19:59,scan_executed_new_execution_bar,USDJPY,2025.07.09 11:00:00,0,
2025.07.09 11:24:59,scan_skipped_same_execution_bar,USDJPY,2025.07.09 11:00:00,0,
2025.07.09 11:35:00,scan_executed_new_execution_bar,USDJPY,2025.07.09 11:15:00,0,
2025.07.09 11:39:59,scan_skipped_same_execution_bar,USDJPY,2025.07.09 11:15:00,0,
2025.07.09 11:49:59,scan_executed_new_execution_bar,USDJPY,2025.07.09 11:30:00,0,
2025.07.09 11:54:59,scan_skipped_same_execution_bar,USDJPY,2025.07.09 11:30:00,0,
2025.07.09 12:04:59,scan_executed_new_execution_bar,USDJPY,2025.07.09 11:45:00,16,
2025.07.09 12:09:59,scan_skipped_same_execution_bar,USDJPY,2025.07.09 11:45:00,0,
2025.07.09 12:19:59,scan_executed_new_execution_bar,USDJPY,2025.07.09 12:00:00,0,
2025.07.09 12:24:59,scan_skipped_same_execution_bar,USDJPY,2025.07.09 12:00:00,0,
2025.07.09 12:34:59,scan_executed_new_execution_bar,USDJPY,2025.07.09 12:15:00,31,
2025.07.09 12:39:59,scan_skipped_same_execution_bar,USDJPY,2025.07.09 12:15:00,0,
2025.07.09 12:49:59,scan_executed_new_execution_bar,USDJPY,2025.07.09 12:30:00,16,
2025.07.09 12:54:59,scan_skipped_same_execution_bar,USDJPY,2025.07.09 12:30:00,0,
2025.07.09 13:04:59,scan_executed_new_execution_bar,USDJPY,2025.07.09 12:45:00,16,
2025.07.09 13:09:59,scan_skipped_same_execution_bar,USDJPY,2025.07.09 12:45:00,0,
2025.07.09 13:19:59,scan_executed_new_execution_bar,USDJPY,2025.07.09 13:00:00,0,
2025.07.09 13:24:59,scan_skipped_same_execution_bar,USDJPY,2025.07.09 13:00:00,0,
2025.07.09 13:34:59,scan_executed_new_execution_bar,USDJPY,2025.07.09 13:15:00,0,
2025.07.09 13:39:59,scan_skipped_same_execution_bar,USDJPY,2025.07.09 13:15:00,0,
2025.07.09 13:49:59,scan_executed_new_execution_bar,USDJPY,2025.07.09 13:30:00,0,
2025.07.09 13:54:59,scan_skipped_same_execution_bar,USDJPY,2025.07.09 13:30:00,0,
2025.07.09 14:04:59,scan_executed_new_execution_bar,USDJPY,2025.07.09 13:45:00,0,
2025.07.09 14:09:59,scan_skipped_same_execution_bar,USDJPY,2025.07.09 13:45:00,0,
2025.07.09 14:19:59,scan_executed_new_execution_bar,USDJPY,2025.07.09 14:00:00,0,
2025.07.09 14:24:59,scan_skipped_same_execution_bar,USDJPY,2025.07.09 14:00:00,0,
2025.07.09 14:34:59,scan_executed_new_execution_bar,USDJPY,2025.07.09 14:15:00,0,
2025.07.09 14:39:59,scan_skipped_same_execution_bar,USDJPY,2025.07.09 14:15:00,0,
2025.07.09 14:49:59,scan_executed_new_execution_bar,USDJPY,2025.07.09 14:30:00,0,
2025.07.09 14:54:59,scan_skipped_same_execution_bar,USDJPY,2025.07.09 14:30:00,0,
2025.07.09 15:04:59,scan_executed_new_execution_bar,USDJPY,2025.07.09 14:45:00,0,
2025.07.09 15:09:59,scan_skipped_same_execution_bar,USDJPY,2025.07.09 14:45:00,0,
2025.07.09 15:19:59,scan_executed_new_execution_bar,USDJPY,2025.07.09 15:00:00,0,
2025.07.09 15:24:59,scan_skipped_same_execution_bar,USDJPY,2025.07.09 15:00:00,0,
2025.07.09 15:34:59,scan_executed_new_execution_bar,USDJPY,2025.07.09 15:15:00,16,
2025.07.09 15:39:59,scan_skipped_same_execution_bar,USDJPY,2025.07.09 15:15:00,0,
2025.07.09 15:49:59,scan_executed_new_execution_bar,USDJPY,2025.07.09 15:30:00,0,
2025.07.09 15:54:59,scan_skipped_same_execution_bar,USDJPY,2025.07.09 15:30:00,0,
2025.07.09 16:04:59,scan_executed_new_execution_bar,USDJPY,2025.07.09 15:45:00,0,
2025.07.09 16:09:59,scan_skipped_same_execution_bar,USDJPY,2025.07.09 15:45:00,0,
2025.07.09 16:19:59,scan_executed_new_execution_bar,USDJPY,2025.07.09 16:00:00,0,
2025.07.09 16:24:59,scan_skipped_same_execution_bar,USDJPY,2025.07.09 16:00:00,0,
2025.07.09 16:34:59,scan_executed_new_execution_bar,USDJPY,2025.07.09 16:15:00,47,
2025.07.09 16:39:59,scan_skipped_same_execution_bar,USDJPY,2025.07.09 16:15:00,0,
2025.07.09 16:49:59,scan_executed_new_execution_bar,USDJPY,2025.07.09 16:30:00,16,
2025.07.09 16:54:59,scan_skipped_same_execution_bar,USDJPY,2025.07.09 16:30:00,0,
2025.07.09 17:04:59,scan_executed_new_execution_bar,USDJPY,2025.07.09 16:45:00,0,
2025.07.09 17:09:59,scan_skipped_same_execution_bar,USDJPY,2025.07.09 16:45:00,0,
2025.07.09 17:19:59,scan_executed_new_execution_bar,USDJPY,2025.07.09 17:00:00,16,
2025.07.09 17:24:59,scan_skipped_same_execution_bar,USDJPY,2025.07.09 17:00:00,0,
2025.07.09 17:34:59,scan_executed_new_execution_bar,USDJPY,2025.07.09 17:15:00,15,
2025.07.09 17:39:59,scan_skipped_same_execution_bar,USDJPY,2025.07.09 17:15:00,0,
2025.07.09 17:49:58,scan_executed_new_execution_bar,USDJPY,2025.07.09 17:30:00,0,
2025.07.09 17:54:59,scan_skipped_same_execution_bar,USDJPY,2025.07.09 17:30:00,0,
2025.07.09 18:04:59,scan_executed_new_execution_bar,USDJPY,2025.07.09 17:45:00,15,
2025.07.09 18:09:59,scan_skipped_same_execution_bar,USDJPY,2025.07.09 17:45:00,0,
2025.07.09 18:19:59,scan_executed_new_execution_bar,USDJPY,2025.07.09 18:00:00,16,
2025.07.09 18:24:59,scan_skipped_same_execution_bar,USDJPY,2025.07.09 18:00:00,0,
2025.07.09 18:34:59,scan_executed_new_execution_bar,USDJPY,2025.07.09 18:15:00,0,
2025.07.09 18:39:59,scan_skipped_same_execution_bar,USDJPY,2025.07.09 18:15:00,0,
2025.07.09 18:49:59,scan_executed_new_execution_bar,USDJPY,2025.07.09 18:30:00,0,
2025.07.09 18:54:59,scan_skipped_same_execution_bar,USDJPY,2025.07.09 18:30:00,0,
2025.07.09 19:04:58,scan_executed_new_execution_bar,USDJPY,2025.07.09 18:45:00,0,
2025.07.09 19:09:58,scan_skipped_same_execution_bar,USDJPY,2025.07.09 18:45:00,0,
2025.07.09 19:19:59,scan_executed_new_execution_bar,USDJPY,2025.07.09 19:00:00,0,
2025.07.09 19:24:59,scan_skipped_same_execution_bar,USDJPY,2025.07.09 19:00:00,0,
2025.07.09 19:34:59,scan_executed_new_execution_bar,USDJPY,2025.07.09 19:15:00,0,
2025.07.09 19:39:59,scan_skipped_same_execution_bar,USDJPY,2025.07.09 19:15:00,0,
2025.07.09 19:49:59,scan_executed_new_execution_bar,USDJPY,2025.07.09 19:30:00,0,
2025.07.09 19:54:59,scan_skipped_same_execution_bar,USDJPY,2025.07.09 19:30:00,0,
2025.07.09 20:04:59,scan_executed_new_execution_bar,USDJPY,2025.07.09 19:45:00,16,
2025.07.09 20:09:59,scan_skipped_same_execution_bar,USDJPY,2025.07.09 19:45:00,0,
2025.07.09 20:19:59,scan_executed_new_execution_bar,USDJPY,2025.07.09 20:00:00,0,
2025.07.09 20:24:57,scan_skipped_same_execution_bar,USDJPY,2025.07.09 20:00:00,0,
2025.07.09 20:34:59,scan_executed_new_execution_bar,USDJPY,2025.07.09 20:15:00,16,
2025.07.09 20:39:59,scan_skipped_same_execution_bar,USDJPY,2025.07.09 20:15:00,0,
2025.07.09 20:49:57,scan_executed_new_execution_bar,USDJPY,2025.07.09 20:30:00,0,
2025.07.09 20:54:59,scan_skipped_same_execution_bar,USDJPY,2025.07.09 20:30:00,0,
2025.07.09 21:04:59,scan_executed_new_execution_bar,USDJPY,2025.07.09 20:45:00,16,
2025.07.09 21:09:59,scan_skipped_same_execution_bar,USDJPY,2025.07.09 20:45:00,0,
2025.07.09 21:19:59,scan_executed_new_execution_bar,USDJPY,2025.07.09 21:00:00,0,
2025.07.09 21:24:59,scan_skipped_same_execution_bar,USDJPY,2025.07.09 21:00:00,0,
2025.07.09 21:34:56,scan_executed_new_execution_bar,USDJPY,2025.07.09 21:15:00,0,
2025.07.09 21:39:59,scan_skipped_same_execution_bar,USDJPY,2025.07.09 21:15:00,0,
2025.07.09 21:49:57,scan_executed_new_execution_bar,USDJPY,2025.07.09 21:30:00,0,
2025.07.09 21:54:58,scan_skipped_same_execution_bar,USDJPY,2025.07.09 21:30:00,0,
2025.07.09 22:04:59,scan_executed_new_execution_bar,USDJPY,2025.07.09 21:45:00,0,
2025.07.09 22:09:58,scan_skipped_same_execution_bar,USDJPY,2025.07.09 21:45:00,0,
2025.07.09 22:19:59,scan_executed_new_execution_bar,USDJPY,2025.07.09 22:00:00,0,
2025.07.09 22:24:57,scan_skipped_same_execution_bar,USDJPY,2025.07.09 22:00:00,0,
2025.07.09 22:34:59,scan_executed_new_execution_bar,USDJPY,2025.07.09 22:15:00,0,
2025.07.09 22:39:59,scan_skipped_same_execution_bar,USDJPY,2025.07.09 22:15:00,0,
2025.07.09 22:49:58,scan_executed_new_execution_bar,USDJPY,2025.07.09 22:30:00,0,
2025.07.09 22:54:58,scan_skipped_same_execution_bar,USDJPY,2025.07.09 22:30:00,0,
2025.07.09 23:04:50,scan_executed_new_execution_bar,USDJPY,2025.07.09 22:45:00,16,
2025.07.09 23:09:59,scan_skipped_same_execution_bar,USDJPY,2025.07.09 22:45:00,0,
2025.07.09 23:19:59,scan_executed_new_execution_bar,USDJPY,2025.07.09 23:00:00,0,
2025.07.09 23:24:58,scan_skipped_same_execution_bar,USDJPY,2025.07.09 23:00:00,0,
2025.07.09 23:34:59,scan_executed_new_execution_bar,USDJPY,2025.07.09 23:15:00,0,
2025.07.09 23:39:58,scan_skipped_same_execution_bar,USDJPY,2025.07.09 23:15:00,0,
2025.07.09 23:49:59,scan_executed_new_execution_bar,USDJPY,2025.07.09 23:30:00,0,
2025.07.09 23:54:59,scan_skipped_same_execution_bar,USDJPY,2025.07.09 23:30:00,0,
2025.07.10 00:04:36,scan_executed_new_execution_bar,USDJPY,2025.07.09 23:45:00,0,
2025.07.10 00:09:48,scan_skipped_same_execution_bar,USDJPY,2025.07.09 23:45:00,0,
2025.07.10 00:19:59,scan_executed_new_execution_bar,USDJPY,2025.07.10 00:00:00,0,
2025.07.10 00:24:54,scan_skipped_same_execution_bar,USDJPY,2025.07.10 00:00:00,0,
2025.07.10 00:34:59,scan_executed_new_execution_bar,USDJPY,2025.07.10 00:15:00,0,
2025.07.10 00:39:59,scan_skipped_same_execution_bar,USDJPY,2025.07.10 00:15:00,0,
2025.07.10 00:49:59,scan_executed_new_execution_bar,USDJPY,2025.07.10 00:30:00,0,
2025.07.10 00:54:59,scan_skipped_same_execution_bar,USDJPY,2025.07.10 00:30:00,0,
2025.07.10 01:04:58,scan_executed_new_execution_bar,USDJPY,2025.07.10 00:45:00,0,
2025.07.10 01:09:59,scan_skipped_same_execution_bar,USDJPY,2025.07.10 00:45:00,0,
2025.07.10 01:19:59,scan_executed_new_execution_bar,USDJPY,2025.07.10 01:00:00,15,
2025.07.10 01:24:57,scan_skipped_same_execution_bar,USDJPY,2025.07.10 01:00:00,0,
2025.07.10 01:34:59,scan_executed_new_execution_bar,USDJPY,2025.07.10 01:15:00,16,
2025.07.10 01:39:58,scan_skipped_same_execution_bar,USDJPY,2025.07.10 01:15:00,0,
2025.07.10 01:49:57,scan_executed_new_execution_bar,USDJPY,2025.07.10 01:30:00,0,
2025.07.10 01:54:58,scan_skipped_same_execution_bar,USDJPY,2025.07.10 01:30:00,0,
2025.07.10 02:04:59,scan_executed_new_execution_bar,USDJPY,2025.07.10 01:45:00,0,
2025.07.10 02:09:52,scan_skipped_same_execution_bar,USDJPY,2025.07.10 01:45:00,0,
2025.07.10 02:19:59,scan_executed_new_execution_bar,USDJPY,2025.07.10 02:00:00,0,
2025.07.10 02:24:59,scan_skipped_same_execution_bar,USDJPY,2025.07.10 02:00:00,0,
2025.07.10 02:34:56,scan_executed_new_execution_bar,USDJPY,2025.07.10 02:15:00,0,
2025.07.10 02:39:59,scan_skipped_same_execution_bar,USDJPY,2025.07.10 02:15:00,0,
2025.07.10 02:49:59,scan_executed_new_execution_bar,USDJPY,2025.07.10 02:30:00,16,
2025.07.10 02:54:59,scan_skipped_same_execution_bar,USDJPY,2025.07.10 02:30:00,0,
2025.07.10 03:04:59,scan_executed_new_execution_bar,USDJPY,2025.07.10 02:45:00,0,
2025.07.10 03:09:59,scan_skipped_same_execution_bar,USDJPY,2025.07.10 02:45:00,0,
2025.07.10 03:19:59,scan_executed_new_execution_bar,USDJPY,2025.07.10 03:00:00,0,
2025.07.10 03:24:59,scan_skipped_same_execution_bar,USDJPY,2025.07.10 03:00:00,0,
2025.07.10 03:34:59,scan_executed_new_execution_bar,USDJPY,2025.07.10 03:15:00,0,
2025.07.10 03:39:59,scan_skipped_same_execution_bar,USDJPY,2025.07.10 03:15:00,0,
2025.07.10 03:49:59,scan_executed_new_execution_bar,USDJPY,2025.07.10 03:30:00,16,
2025.07.10 03:54:59,scan_skipped_same_execution_bar,USDJPY,2025.07.10 03:30:00,0,
2025.07.10 04:04:59,scan_executed_new_execution_bar,USDJPY,2025.07.10 03:45:00,0,
2025.07.10 04:09:59,scan_skipped_same_execution_bar,USDJPY,2025.07.10 03:45:00,0,
2025.07.10 04:20:00,scan_executed_new_execution_bar,USDJPY,2025.07.10 04:00:00,15,
2025.07.10 04:24:59,scan_skipped_same_execution_bar,USDJPY,2025.07.10 04:00:00,0,
2025.07.10 04:34:58,scan_executed_new_execution_bar,USDJPY,2025.07.10 04:15:00,0,
2025.07.10 04:39:58,scan_skipped_same_execution_bar,USDJPY,2025.07.10 04:15:00,0,
2025.07.10 04:49:59,scan_executed_new_execution_bar,USDJPY,2025.07.10 04:30:00,0,
2025.07.10 04:54:59,scan_skipped_same_execution_bar,USDJPY,2025.07.10 04:30:00,0,
2025.07.10 05:04:59,scan_executed_new_execution_bar,USDJPY,2025.07.10 04:45:00,0,
2025.07.10 05:09:59,scan_skipped_same_execution_bar,USDJPY,2025.07.10 04:45:00,0,
2025.07.10 05:19:59,scan_executed_new_execution_bar,USDJPY,2025.07.10 05:00:00,0,
2025.07.10 05:24:59,scan_skipped_same_execution_bar,USDJPY,2025.07.10 05:00:00,0,
2025.07.10 05:34:59,scan_executed_new_execution_bar,USDJPY,2025.07.10 05:15:00,15,
2025.07.10 05:39:59,scan_skipped_same_execution_bar,USDJPY,2025.07.10 05:15:00,0,
2025.07.10 05:49:59,scan_executed_new_execution_bar,USDJPY,2025.07.10 05:30:00,0,
2025.07.10 05:54:59,scan_skipped_same_execution_bar,USDJPY,2025.07.10 05:30:00,0,
2025.07.10 06:04:59,scan_executed_new_execution_bar,USDJPY,2025.07.10 05:45:00,0,
2025.07.10 06:09:59,scan_skipped_same_execution_bar,USDJPY,2025.07.10 05:45:00,0,
2025.07.10 06:19:59,scan_executed_new_execution_bar,USDJPY,2025.07.10 06:00:00,0,
2025.07.10 06:24:59,scan_skipped_same_execution_bar,USDJPY,2025.07.10 06:00:00,0,
2025.07.10 06:34:58,scan_executed_new_execution_bar,USDJPY,2025.07.10 06:15:00,0,
2025.07.10 06:39:59,scan_skipped_same_execution_bar,USDJPY,2025.07.10 06:15:00,0,
2025.07.10 06:49:59,scan_executed_new_execution_bar,USDJPY,2025.07.10 06:30:00,0,
2025.07.10 06:54:59,scan_skipped_same_execution_bar,USDJPY,2025.07.10 06:30:00,0,
2025.07.10 07:04:59,scan_executed_new_execution_bar,USDJPY,2025.07.10 06:45:00,0,
2025.07.10 07:09:59,scan_skipped_same_execution_bar,USDJPY,2025.07.10 06:45:00,0,
2025.07.10 07:19:58,scan_executed_new_execution_bar,USDJPY,2025.07.10 07:00:00,0,
2025.07.10 07:24:59,scan_skipped_same_execution_bar,USDJPY,2025.07.10 07:00:00,0,
2025.07.10 07:34:59,scan_executed_new_execution_bar,USDJPY,2025.07.10 07:15:00,0,
2025.07.10 07:39:59,scan_skipped_same_execution_bar,USDJPY,2025.07.10 07:15:00,0,
2025.07.10 07:49:59,scan_executed_new_execution_bar,USDJPY,2025.07.10 07:30:00,16,
2025.07.10 07:54:58,scan_skipped_same_execution_bar,USDJPY,2025.07.10 07:30:00,0,
2025.07.10 08:04:59,scan_executed_new_execution_bar,USDJPY,2025.07.10 07:45:00,15,
2025.07.10 08:09:59,scan_skipped_same_execution_bar,USDJPY,2025.07.10 07:45:00,0,
2025.07.10 08:19:59,scan_executed_new_execution_bar,USDJPY,2025.07.10 08:00:00,0,
2025.07.10 08:24:59,scan_skipped_same_execution_bar,USDJPY,2025.07.10 08:00:00,0,
2025.07.10 08:34:59,scan_executed_new_execution_bar,USDJPY,2025.07.10 08:15:00,0,
2025.07.10 08:39:59,scan_skipped_same_execution_bar,USDJPY,2025.07.10 08:15:00,0,
2025.07.10 08:49:59,scan_executed_new_execution_bar,USDJPY,2025.07.10 08:30:00,0,
2025.07.10 08:54:59,scan_skipped_same_execution_bar,USDJPY,2025.07.10 08:30:00,0,
2025.07.10 09:04:59,scan_executed_new_execution_bar,USDJPY,2025.07.10 08:45:00,0,
2025.07.10 09:09:59,scan_skipped_same_execution_bar,USDJPY,2025.07.10 08:45:00,0,
2025.07.10 09:19:59,scan_executed_new_execution_bar,USDJPY,2025.07.10 09:00:00,0,
2025.07.10 09:24:59,scan_skipped_same_execution_bar,USDJPY,2025.07.10 09:00:00,0,
2025.07.10 09:34:59,scan_executed_new_execution_bar,USDJPY,2025.07.10 09:15:00,0,
2025.07.10 09:39:58,scan_skipped_same_execution_bar,USDJPY,2025.07.10 09:15:00,0,
2025.07.10 09:49:59,scan_executed_new_execution_bar,USDJPY,2025.07.10 09:30:00,0,
2025.07.10 09:54:59,scan_skipped_same_execution_bar,USDJPY,2025.07.10 09:30:00,0,
2025.07.10 10:04:59,scan_executed_new_execution_bar,USDJPY,2025.07.10 09:45:00,0,
2025.07.10 10:09:59,scan_skipped_same_execution_bar,USDJPY,2025.07.10 09:45:00,0,
2025.07.10 10:19:59,scan_executed_new_execution_bar,USDJPY,2025.07.10 10:00:00,0,
2025.07.10 10:24:59,scan_skipped_same_execution_bar,USDJPY,2025.07.10 10:00:00,0,
2025.07.10 10:34:59,scan_executed_new_execution_bar,USDJPY,2025.07.10 10:15:00,16,
2025.07.10 10:39:59,scan_skipped_same_execution_bar,USDJPY,2025.07.10 10:15:00,0,
2025.07.10 10:49:59,scan_executed_new_execution_bar,USDJPY,2025.07.10 10:30:00,15,
2025.07.10 10:54:59,scan_skipped_same_execution_bar,USDJPY,2025.07.10 10:30:00,0,
2025.07.10 11:04:59,scan_executed_new_execution_bar,USDJPY,2025.07.10 10:45:00,16,
2025.07.10 11:09:59,scan_skipped_same_execution_bar,USDJPY,2025.07.10 10:45:00,0,
2025.07.10 11:19:58,scan_executed_new_execution_bar,USDJPY,2025.07.10 11:00:00,15,
2025.07.10 11:24:59,scan_skipped_same_execution_bar,USDJPY,2025.07.10 11:00:00,0,
2025.07.10 11:34:58,scan_executed_new_execution_bar,USDJPY,2025.07.10 11:15:00,0,
2025.07.10 11:39:59,scan_skipped_same_execution_bar,USDJPY,2025.07.10 11:15:00,0,
2025.07.10 11:49:58,scan_executed_new_execution_bar,USDJPY,2025.07.10 11:30:00,0,
2025.07.10 11:55:00,scan_skipped_same_execution_bar,USDJPY,2025.07.10 11:30:00,0,
2025.07.10 12:04:59,scan_executed_new_execution_bar,USDJPY,2025.07.10 11:45:00,16,
2025.07.10 12:09:57,scan_skipped_same_execution_bar,USDJPY,2025.07.10 11:45:00,0,
2025.07.10 12:19:59,scan_executed_new_execution_bar,USDJPY,2025.07.10 12:00:00,0,
2025.07.10 12:24:59,scan_skipped_same_execution_bar,USDJPY,2025.07.10 12:00:00,0,
2025.07.10 12:34:59,scan_executed_new_execution_bar,USDJPY,2025.07.10 12:15:00,31,
2025.07.10 12:39:59,scan_skipped_same_execution_bar,USDJPY,2025.07.10 12:15:00,0,
2025.07.10 12:49:59,scan_executed_new_execution_bar,USDJPY,2025.07.10 12:30:00,31,
2025.07.10 12:54:59,scan_skipped_same_execution_bar,USDJPY,2025.07.10 12:30:00,0,
2025.07.10 13:04:59,scan_executed_new_execution_bar,USDJPY,2025.07.10 12:45:00,15,
2025.07.10 13:09:59,scan_skipped_same_execution_bar,USDJPY,2025.07.10 12:45:00,0,
2025.07.10 13:19:59,scan_executed_new_execution_bar,USDJPY,2025.07.10 13:00:00,32,
2025.07.10 13:24:59,scan_skipped_same_execution_bar,USDJPY,2025.07.10 13:00:00,0,
2025.07.10 13:34:59,scan_executed_new_execution_bar,USDJPY,2025.07.10 13:15:00,15,
2025.07.10 13:39:59,scan_skipped_same_execution_bar,USDJPY,2025.07.10 13:15:00,0,
2025.07.10 13:49:58,scan_executed_new_execution_bar,USDJPY,2025.07.10 13:30:00,0,
2025.07.10 13:54:59,scan_skipped_same_execution_bar,USDJPY,2025.07.10 13:30:00,0,
2025.07.10 14:04:59,scan_executed_new_execution_bar,USDJPY,2025.07.10 13:45:00,16,
2025.07.10 14:09:59,scan_skipped_same_execution_bar,USDJPY,2025.07.10 13:45:00,0,
2025.07.10 14:19:59,scan_executed_new_execution_bar,USDJPY,2025.07.10 14:00:00,15,
2025.07.10 14:24:59,scan_skipped_same_execution_bar,USDJPY,2025.07.10 14:00:00,0,
2025.07.10 14:34:59,scan_executed_new_execution_bar,USDJPY,2025.07.10 14:15:00,0,
2025.07.10 14:39:59,scan_skipped_same_execution_bar,USDJPY,2025.07.10 14:15:00,0,
2025.07.10 14:49:59,scan_executed_new_execution_bar,USDJPY,2025.07.10 14:30:00,0,
2025.07.10 14:54:59,scan_skipped_same_execution_bar,USDJPY,2025.07.10 14:30:00,0,
2025.07.10 15:04:59,scan_executed_new_execution_bar,USDJPY,2025.07.10 14:45:00,0,
2025.07.10 15:09:59,scan_skipped_same_execution_bar,USDJPY,2025.07.10 14:45:00,0,
2025.07.10 15:19:59,scan_executed_new_execution_bar,USDJPY,2025.07.10 15:00:00,0,
2025.07.10 15:24:59,scan_skipped_same_execution_bar,USDJPY,2025.07.10 15:00:00,0,
2025.07.10 15:34:59,scan_executed_new_execution_bar,USDJPY,2025.07.10 15:15:00,0,
2025.07.10 15:39:59,scan_skipped_same_execution_bar,USDJPY,2025.07.10 15:15:00,0,
2025.07.10 15:49:59,scan_executed_new_execution_bar,USDJPY,2025.07.10 15:30:00,0,
2025.07.10 15:54:59,scan_skipped_same_execution_bar,USDJPY,2025.07.10 15:30:00,0,
2025.07.10 16:04:59,scan_executed_new_execution_bar,USDJPY,2025.07.10 15:45:00,0,
2025.07.10 16:09:59,scan_skipped_same_execution_bar,USDJPY,2025.07.10 15:45:00,0,
2025.07.10 16:19:59,scan_executed_new_execution_bar,USDJPY,2025.07.10 16:00:00,0,
2025.07.10 16:24:59,scan_skipped_same_execution_bar,USDJPY,2025.07.10 16:00:00,0,
2025.07.10 16:34:59,scan_executed_new_execution_bar,USDJPY,2025.07.10 16:15:00,0,
2025.07.10 16:39:59,scan_skipped_same_execution_bar,USDJPY,2025.07.10 16:15:00,0,
2025.07.10 16:49:59,scan_executed_new_execution_bar,USDJPY,2025.07.10 16:30:00,0,
2025.07.10 16:54:59,scan_skipped_same_execution_bar,USDJPY,2025.07.10 16:30:00,0,
2025.07.10 17:04:59,scan_executed_new_execution_bar,USDJPY,2025.07.10 16:45:00,0,
2025.07.10 17:09:59,scan_skipped_same_execution_bar,USDJPY,2025.07.10 16:45:00,0,
2025.07.10 17:19:59,scan_executed_new_execution_bar,USDJPY,2025.07.10 17:00:00,0,
2025.07.10 17:24:59,scan_skipped_same_execution_bar,USDJPY,2025.07.10 17:00:00,0,
2025.07.10 17:35:00,scan_executed_new_execution_bar,USDJPY,2025.07.10 17:15:00,0,
2025.07.10 17:39:59,scan_skipped_same_execution_bar,USDJPY,2025.07.10 17:15:00,0,
2025.07.10 17:49:59,scan_executed_new_execution_bar,USDJPY,2025.07.10 17:30:00,16,
2025.07.10 17:54:59,scan_skipped_same_execution_bar,USDJPY,2025.07.10 17:30:00,0,
2025.07.10 18:05:00,scan_executed_new_execution_bar,USDJPY,2025.07.10 17:45:00,0,
2025.07.10 18:09:59,scan_skipped_same_execution_bar,USDJPY,2025.07.10 17:45:00,0,
2025.07.10 18:19:59,scan_executed_new_execution_bar,USDJPY,2025.07.10 18:00:00,0,
2025.07.10 18:24:59,scan_skipped_same_execution_bar,USDJPY,2025.07.10 18:00:00,0,
2025.07.10 18:34:59,scan_executed_new_execution_bar,USDJPY,2025.07.10 18:15:00,0,
2025.07.10 18:39:59,scan_skipped_same_execution_bar,USDJPY,2025.07.10 18:15:00,0,
2025.07.10 18:49:59,scan_executed_new_execution_bar,USDJPY,2025.07.10 18:30:00,0,
2025.07.10 18:54:58,scan_skipped_same_execution_bar,USDJPY,2025.07.10 18:30:00,0,
2025.07.10 19:04:59,scan_executed_new_execution_bar,USDJPY,2025.07.10 18:45:00,0,
2025.07.10 19:09:59,scan_skipped_same_execution_bar,USDJPY,2025.07.10 18:45:00,0,
2025.07.10 19:19:59,scan_executed_new_execution_bar,USDJPY,2025.07.10 19:00:00,0,
2025.07.10 19:24:59,scan_skipped_same_execution_bar,USDJPY,2025.07.10 19:00:00,0,
2025.07.10 19:34:59,scan_executed_new_execution_bar,USDJPY,2025.07.10 19:15:00,0,
2025.07.10 19:39:58,scan_skipped_same_execution_bar,USDJPY,2025.07.10 19:15:00,0,
2025.07.10 19:49:59,scan_executed_new_execution_bar,USDJPY,2025.07.10 19:30:00,0,
2025.07.10 19:54:59,scan_skipped_same_execution_bar,USDJPY,2025.07.10 19:30:00,0,
2025.07.10 20:04:59,scan_executed_new_execution_bar,USDJPY,2025.07.10 19:45:00,0,
2025.07.10 20:09:57,scan_skipped_same_execution_bar,USDJPY,2025.07.10 19:45:00,0,
2025.07.10 20:19:59,scan_executed_new_execution_bar,USDJPY,2025.07.10 20:00:00,0,
2025.07.10 20:24:59,scan_skipped_same_execution_bar,USDJPY,2025.07.10 20:00:00,0,
2025.07.10 20:34:59,scan_executed_new_execution_bar,USDJPY,2025.07.10 20:15:00,0,
2025.07.10 20:39:59,scan_skipped_same_execution_bar,USDJPY,2025.07.10 20:15:00,0,
2025.07.10 20:49:57,scan_executed_new_execution_bar,USDJPY,2025.07.10 20:30:00,0,
2025.07.10 20:54:59,scan_skipped_same_execution_bar,USDJPY,2025.07.10 20:30:00,0,
2025.07.10 21:05:00,scan_executed_new_execution_bar,USDJPY,2025.07.10 20:45:00,0,
2025.07.10 21:09:59,scan_skipped_same_execution_bar,USDJPY,2025.07.10 20:45:00,0,
2025.07.10 21:19:59,scan_executed_new_execution_bar,USDJPY,2025.07.10 21:00:00,0,
2025.07.10 21:24:59,scan_skipped_same_execution_bar,USDJPY,2025.07.10 21:00:00,0,
2025.07.10 21:34:58,scan_executed_new_execution_bar,USDJPY,2025.07.10 21:15:00,0,
2025.07.10 21:39:59,scan_skipped_same_execution_bar,USDJPY,2025.07.10 21:15:00,0,
2025.07.10 21:49:57,scan_executed_new_execution_bar,USDJPY,2025.07.10 21:30:00,0,
2025.07.10 21:54:59,scan_skipped_same_execution_bar,USDJPY,2025.07.10 21:30:00,0,
2025.07.10 22:04:58,scan_executed_new_execution_bar,USDJPY,2025.07.10 21:45:00,0,
2025.07.10 22:09:58,scan_skipped_same_execution_bar,USDJPY,2025.07.10 21:45:00,0,
2025.07.10 22:19:59,scan_executed_new_execution_bar,USDJPY,2025.07.10 22:00:00,0,
2025.07.10 22:24:59,scan_skipped_same_execution_bar,USDJPY,2025.07.10 22:00:00,0,
2025.07.10 22:34:59,scan_executed_new_execution_bar,USDJPY,2025.07.10 22:15:00,0,
2025.07.10 22:39:59,scan_skipped_same_execution_bar,USDJPY,2025.07.10 22:15:00,0,
2025.07.10 22:50:00,scan_executed_new_execution_bar,USDJPY,2025.07.10 22:30:00,0,
2025.07.10 22:54:59,scan_skipped_same_execution_bar,USDJPY,2025.07.10 22:30:00,0,
2025.07.10 23:04:59,scan_executed_new_execution_bar,USDJPY,2025.07.10 22:45:00,0,
2025.07.10 23:09:57,scan_skipped_same_execution_bar,USDJPY,2025.07.10 22:45:00,0,
2025.07.10 23:19:59,scan_executed_new_execution_bar,USDJPY,2025.07.10 23:00:00,0,
2025.07.10 23:24:59,scan_skipped_same_execution_bar,USDJPY,2025.07.10 23:00:00,0,
2025.07.10 23:34:59,scan_executed_new_execution_bar,USDJPY,2025.07.10 23:15:00,0,
2025.07.10 23:39:59,scan_skipped_same_execution_bar,USDJPY,2025.07.10 23:15:00,0,
2025.07.10 23:49:58,scan_executed_new_execution_bar,USDJPY,2025.07.10 23:30:00,0,
2025.07.10 23:54:59,scan_skipped_same_execution_bar,USDJPY,2025.07.10 23:30:00,0,
2025.07.11 00:04:42,scan_executed_new_execution_bar,USDJPY,2025.07.10 23:45:00,0,
2025.07.11 00:09:59,scan_skipped_same_execution_bar,USDJPY,2025.07.10 23:45:00,0,
2025.07.11 00:19:56,scan_executed_new_execution_bar,USDJPY,2025.07.11 00:00:00,0,
2025.07.11 00:24:57,scan_skipped_same_execution_bar,USDJPY,2025.07.11 00:00:00,0,
2025.07.11 00:34:59,scan_executed_new_execution_bar,USDJPY,2025.07.11 00:15:00,0,
2025.07.11 00:39:59,scan_skipped_same_execution_bar,USDJPY,2025.07.11 00:15:00,0,
2025.07.11 00:49:59,scan_executed_new_execution_bar,USDJPY,2025.07.11 00:30:00,0,
2025.07.11 00:54:58,scan_skipped_same_execution_bar,USDJPY,2025.07.11 00:30:00,0,
2025.07.11 01:04:54,scan_executed_new_execution_bar,USDJPY,2025.07.11 00:45:00,16,
2025.07.11 01:09:56,scan_skipped_same_execution_bar,USDJPY,2025.07.11 00:45:00,0,
2025.07.11 01:19:57,scan_executed_new_execution_bar,USDJPY,2025.07.11 01:00:00,0,
2025.07.11 01:24:59,scan_skipped_same_execution_bar,USDJPY,2025.07.11 01:00:00,0,
2025.07.11 01:34:59,scan_executed_new_execution_bar,USDJPY,2025.07.11 01:15:00,0,
2025.07.11 01:39:59,scan_skipped_same_execution_bar,USDJPY,2025.07.11 01:15:00,0,
2025.07.11 01:49:59,scan_executed_new_execution_bar,USDJPY,2025.07.11 01:30:00,0,
2025.07.11 01:54:59,scan_skipped_same_execution_bar,USDJPY,2025.07.11 01:30:00,0,
2025.07.11 02:04:59,scan_executed_new_execution_bar,USDJPY,2025.07.11 01:45:00,0,
2025.07.11 02:09:58,scan_skipped_same_execution_bar,USDJPY,2025.07.11 01:45:00,0,
2025.07.11 02:19:59,scan_executed_new_execution_bar,USDJPY,2025.07.11 02:00:00,0,
2025.07.11 02:24:58,scan_skipped_same_execution_bar,USDJPY,2025.07.11 02:00:00,0,
2025.07.11 02:34:58,scan_executed_new_execution_bar,USDJPY,2025.07.11 02:15:00,0,
2025.07.11 02:39:59,scan_skipped_same_execution_bar,USDJPY,2025.07.11 02:15:00,0,
2025.07.11 02:49:59,scan_executed_new_execution_bar,USDJPY,2025.07.11 02:30:00,0,
2025.07.11 02:54:55,scan_skipped_same_execution_bar,USDJPY,2025.07.11 02:30:00,0,
2025.07.11 03:04:59,scan_executed_new_execution_bar,USDJPY,2025.07.11 02:45:00,0,
2025.07.11 03:09:59,scan_skipped_same_execution_bar,USDJPY,2025.07.11 02:45:00,0,
2025.07.11 03:19:59,scan_executed_new_execution_bar,USDJPY,2025.07.11 03:00:00,0,
2025.07.11 03:24:59,scan_skipped_same_execution_bar,USDJPY,2025.07.11 03:00:00,0,
2025.07.11 03:34:59,scan_executed_new_execution_bar,USDJPY,2025.07.11 03:15:00,0,
2025.07.11 03:39:59,scan_skipped_same_execution_bar,USDJPY,2025.07.11 03:15:00,0,
2025.07.11 03:49:59,scan_executed_new_execution_bar,USDJPY,2025.07.11 03:30:00,0,
2025.07.11 03:54:59,scan_skipped_same_execution_bar,USDJPY,2025.07.11 03:30:00,0,
2025.07.11 04:04:59,scan_executed_new_execution_bar,USDJPY,2025.07.11 03:45:00,0,
2025.07.11 04:09:59,scan_skipped_same_execution_bar,USDJPY,2025.07.11 03:45:00,0,
2025.07.11 04:19:59,scan_executed_new_execution_bar,USDJPY,2025.07.11 04:00:00,0,
2025.07.11 04:24:59,scan_skipped_same_execution_bar,USDJPY,2025.07.11 04:00:00,0,
2025.07.11 04:34:59,scan_executed_new_execution_bar,USDJPY,2025.07.11 04:15:00,0,
2025.07.11 04:39:59,scan_skipped_same_execution_bar,USDJPY,2025.07.11 04:15:00,0,
2025.07.11 04:49:59,scan_executed_new_execution_bar,USDJPY,2025.07.11 04:30:00,15,
2025.07.11 04:54:59,scan_skipped_same_execution_bar,USDJPY,2025.07.11 04:30:00,0,
2025.07.11 05:00:00,scan_executed_new_execution_bar,USDJPY,2025.07.11 04:45:00,0,
2025.07.11 05:04:59,scan_skipped_same_execution_bar,USDJPY,2025.07.11 04:45:00,0,
2025.07.11 05:19:59,scan_executed_new_execution_bar,USDJPY,2025.07.11 05:00:00,0,
2025.07.11 05:25:00,scan_skipped_same_execution_bar,USDJPY,2025.07.11 05:00:00,0,
2025.07.11 05:34:59,scan_executed_new_execution_bar,USDJPY,2025.07.11 05:15:00,15,
2025.07.11 05:39:59,scan_skipped_same_execution_bar,USDJPY,2025.07.11 05:15:00,0,
2025.07.11 05:49:59,scan_executed_new_execution_bar,USDJPY,2025.07.11 05:30:00,0,
2025.07.11 05:54:59,scan_skipped_same_execution_bar,USDJPY,2025.07.11 05:30:00,0,
2025.07.11 06:04:59,scan_executed_new_execution_bar,USDJPY,2025.07.11 05:45:00,31,
2025.07.11 06:09:59,scan_skipped_same_execution_bar,USDJPY,2025.07.11 05:45:00,0,
2025.07.11 06:19:59,scan_executed_new_execution_bar,USDJPY,2025.07.11 06:00:00,15,
2025.07.11 06:24:59,scan_skipped_same_execution_bar,USDJPY,2025.07.11 06:00:00,0,
2025.07.11 06:34:59,scan_executed_new_execution_bar,USDJPY,2025.07.11 06:15:00,16,
2025.07.11 06:39:59,scan_skipped_same_execution_bar,USDJPY,2025.07.11 06:15:00,0,
2025.07.11 06:49:59,scan_executed_new_execution_bar,USDJPY,2025.07.11 06:30:00,0,
2025.07.11 06:54:59,scan_skipped_same_execution_bar,USDJPY,2025.07.11 06:30:00,0,
2025.07.11 07:04:59,scan_executed_new_execution_bar,USDJPY,2025.07.11 06:45:00,0,
2025.07.11 07:10:00,scan_skipped_same_execution_bar,USDJPY,2025.07.11 06:45:00,0,
2025.07.11 07:19:59,scan_executed_new_execution_bar,USDJPY,2025.07.11 07:00:00,0,
2025.07.11 07:24:59,scan_skipped_same_execution_bar,USDJPY,2025.07.11 07:00:00,0,
2025.07.11 07:34:59,scan_executed_new_execution_bar,USDJPY,2025.07.11 07:15:00,0,
2025.07.11 07:39:59,scan_skipped_same_execution_bar,USDJPY,2025.07.11 07:15:00,0,
2025.07.11 07:49:59,scan_executed_new_execution_bar,USDJPY,2025.07.11 07:30:00,15,
2025.07.11 07:54:59,scan_skipped_same_execution_bar,USDJPY,2025.07.11 07:30:00,0,
2025.07.11 08:04:59,scan_executed_new_execution_bar,USDJPY,2025.07.11 07:45:00,0,
2025.07.11 08:09:59,scan_skipped_same_execution_bar,USDJPY,2025.07.11 07:45:00,0,
2025.07.11 08:19:59,scan_executed_new_execution_bar,USDJPY,2025.07.11 08:00:00,16,
2025.07.11 08:24:59,scan_skipped_same_execution_bar,USDJPY,2025.07.11 08:00:00,0,
2025.07.11 08:34:59,scan_executed_new_execution_bar,USDJPY,2025.07.11 08:15:00,16,
2025.07.11 08:39:59,scan_skipped_same_execution_bar,USDJPY,2025.07.11 08:15:00,0,
2025.07.11 08:49:59,scan_executed_new_execution_bar,USDJPY,2025.07.11 08:30:00,0,
2025.07.11 08:54:59,scan_skipped_same_execution_bar,USDJPY,2025.07.11 08:30:00,0,
2025.07.11 09:04:59,scan_executed_new_execution_bar,USDJPY,2025.07.11 08:45:00,0,
2025.07.11 09:09:59,scan_skipped_same_execution_bar,USDJPY,2025.07.11 08:45:00,0,
2025.07.11 09:19:59,scan_executed_new_execution_bar,USDJPY,2025.07.11 09:00:00,0,
2025.07.11 09:24:59,scan_skipped_same_execution_bar,USDJPY,2025.07.11 09:00:00,0,
2025.07.11 09:34:59,scan_executed_new_execution_bar,USDJPY,2025.07.11 09:15:00,0,
2025.07.11 09:39:59,scan_skipped_same_execution_bar,USDJPY,2025.07.11 09:15:00,0,
2025.07.11 09:49:59,scan_executed_new_execution_bar,USDJPY,2025.07.11 09:30:00,0,
2025.07.11 09:54:59,scan_skipped_same_execution_bar,USDJPY,2025.07.11 09:30:00,0,
2025.07.11 10:04:59,scan_executed_new_execution_bar,USDJPY,2025.07.11 09:45:00,0,
2025.07.11 10:09:59,scan_skipped_same_execution_bar,USDJPY,2025.07.11 09:45:00,0,
2025.07.11 10:19:59,scan_executed_new_execution_bar,USDJPY,2025.07.11 10:00:00,0,
2025.07.11 10:24:59,scan_skipped_same_execution_bar,USDJPY,2025.07.11 10:00:00,0,
2025.07.11 10:34:59,scan_executed_new_execution_bar,USDJPY,2025.07.11 10:15:00,0,
2025.07.11 10:40:00,scan_skipped_same_execution_bar,USDJPY,2025.07.11 10:15:00,0,
2025.07.11 10:49:59,scan_executed_new_execution_bar,USDJPY,2025.07.11 10:30:00,0,
2025.07.11 10:54:59,scan_skipped_same_execution_bar,USDJPY,2025.07.11 10:30:00,0,
2025.07.11 11:04:59,scan_executed_new_execution_bar,USDJPY,2025.07.11 10:45:00,0,
2025.07.11 11:09:59,scan_skipped_same_execution_bar,USDJPY,2025.07.11 10:45:00,0,
2025.07.11 11:19:59,scan_executed_new_execution_bar,USDJPY,2025.07.11 11:00:00,0,
2025.07.11 11:24:59,scan_skipped_same_execution_bar,USDJPY,2025.07.11 11:00:00,0,
2025.07.11 11:34:59,scan_executed_new_execution_bar,USDJPY,2025.07.11 11:15:00,0,
2025.07.11 11:39:59,scan_skipped_same_execution_bar,USDJPY,2025.07.11 11:15:00,0,
2025.07.11 11:49:59,scan_executed_new_execution_bar,USDJPY,2025.07.11 11:30:00,0,
2025.07.11 11:54:59,scan_skipped_same_execution_bar,USDJPY,2025.07.11 11:30:00,0,
2025.07.11 12:04:59,scan_executed_new_execution_bar,USDJPY,2025.07.11 11:45:00,15,
2025.07.11 12:09:59,scan_skipped_same_execution_bar,USDJPY,2025.07.11 11:45:00,0,
2025.07.11 12:19:59,scan_executed_new_execution_bar,USDJPY,2025.07.11 12:00:00,16,
2025.07.11 12:24:59,scan_skipped_same_execution_bar,USDJPY,2025.07.11 12:00:00,0,
2025.07.11 12:34:59,scan_executed_new_execution_bar,USDJPY,2025.07.11 12:15:00,16,
2025.07.11 12:39:59,scan_skipped_same_execution_bar,USDJPY,2025.07.11 12:15:00,0,
2025.07.11 12:49:59,scan_executed_new_execution_bar,USDJPY,2025.07.11 12:30:00,15,
2025.07.11 12:54:59,scan_skipped_same_execution_bar,USDJPY,2025.07.11 12:30:00,0,
2025.07.11 13:04:59,scan_executed_new_execution_bar,USDJPY,2025.07.11 12:45:00,0,
2025.07.11 13:09:59,scan_skipped_same_execution_bar,USDJPY,2025.07.11 12:45:00,0,
2025.07.11 13:19:59,scan_executed_new_execution_bar,USDJPY,2025.07.11 13:00:00,0,
2025.07.11 13:24:59,scan_skipped_same_execution_bar,USDJPY,2025.07.11 13:00:00,0,
2025.07.11 13:34:59,scan_executed_new_execution_bar,USDJPY,2025.07.11 13:15:00,15,
2025.07.11 13:39:59,scan_skipped_same_execution_bar,USDJPY,2025.07.11 13:15:00,0,
2025.07.11 13:49:59,scan_executed_new_execution_bar,USDJPY,2025.07.11 13:30:00,0,
2025.07.11 13:54:59,scan_skipped_same_execution_bar,USDJPY,2025.07.11 13:30:00,0,
2025.07.11 14:04:59,scan_executed_new_execution_bar,USDJPY,2025.07.11 13:45:00,15,
2025.07.11 14:09:59,scan_skipped_same_execution_bar,USDJPY,2025.07.11 13:45:00,0,
2025.07.11 14:19:59,scan_executed_new_execution_bar,USDJPY,2025.07.11 14:00:00,16,
2025.07.11 14:24:59,scan_skipped_same_execution_bar,USDJPY,2025.07.11 14:00:00,0,
2025.07.11 14:34:59,scan_executed_new_execution_bar,USDJPY,2025.07.11 14:15:00,0,
2025.07.11 14:39:59,scan_skipped_same_execution_bar,USDJPY,2025.07.11 14:15:00,0,
2025.07.11 14:50:00,scan_executed_new_execution_bar,USDJPY,2025.07.11 14:30:00,0,
2025.07.11 14:54:59,scan_skipped_same_execution_bar,USDJPY,2025.07.11 14:30:00,0,
2025.07.11 15:04:59,scan_executed_new_execution_bar,USDJPY,2025.07.11 14:45:00,0,
2025.07.11 15:09:59,scan_skipped_same_execution_bar,USDJPY,2025.07.11 14:45:00,0,
2025.07.11 15:19:59,scan_executed_new_execution_bar,USDJPY,2025.07.11 15:00:00,31,
2025.07.11 15:24:59,scan_skipped_same_execution_bar,USDJPY,2025.07.11 15:00:00,0,
2025.07.11 15:34:59,scan_executed_new_execution_bar,USDJPY,2025.07.11 15:15:00,0,
2025.07.11 15:39:59,scan_skipped_same_execution_bar,USDJPY,2025.07.11 15:15:00,0,
2025.07.11 15:49:59,scan_executed_new_execution_bar,USDJPY,2025.07.11 15:30:00,15,
2025.07.11 15:54:59,scan_skipped_same_execution_bar,USDJPY,2025.07.11 15:30:00,0,
2025.07.11 16:04:59,scan_executed_new_execution_bar,USDJPY,2025.07.11 15:45:00,0,
2025.07.11 16:09:59,scan_skipped_same_execution_bar,USDJPY,2025.07.11 15:45:00,0,
2025.07.11 16:19:59,scan_executed_new_execution_bar,USDJPY,2025.07.11 16:00:00,15,
2025.07.11 16:24:59,scan_skipped_same_execution_bar,USDJPY,2025.07.11 16:00:00,0,
2025.07.11 16:34:59,scan_executed_new_execution_bar,USDJPY,2025.07.11 16:15:00,32,
2025.07.11 16:39:59,scan_skipped_same_execution_bar,USDJPY,2025.07.11 16:15:00,0,
2025.07.11 16:49:59,scan_executed_new_execution_bar,USDJPY,2025.07.11 16:30:00,0,
2025.07.11 16:54:59,scan_skipped_same_execution_bar,USDJPY,2025.07.11 16:30:00,0,
2025.07.11 17:04:59,scan_executed_new_execution_bar,USDJPY,2025.07.11 16:45:00,16,
2025.07.11 17:09:59,scan_skipped_same_execution_bar,USDJPY,2025.07.11 16:45:00,0,
2025.07.11 17:19:59,scan_executed_new_execution_bar,USDJPY,2025.07.11 17:00:00,16,
2025.07.11 17:24:59,scan_skipped_same_execution_bar,USDJPY,2025.07.11 17:00:00,0,
2025.07.11 17:34:59,scan_executed_new_execution_bar,USDJPY,2025.07.11 17:15:00,31,
2025.07.11 17:39:59,scan_skipped_same_execution_bar,USDJPY,2025.07.11 17:15:00,0,
2025.07.11 17:49:59,scan_executed_new_execution_bar,USDJPY,2025.07.11 17:30:00,31,
2025.07.11 17:54:59,scan_skipped_same_execution_bar,USDJPY,2025.07.11 17:30:00,0,
2025.07.11 18:04:59,scan_executed_new_execution_bar,USDJPY,2025.07.11 17:45:00,0,
2025.07.11 18:09:59,scan_skipped_same_execution_bar,USDJPY,2025.07.11 17:45:00,0,
2025.07.11 18:19:59,scan_executed_new_execution_bar,USDJPY,2025.07.11 18:00:00,0,
2025.07.11 18:24:59,scan_skipped_same_execution_bar,USDJPY,2025.07.11 18:00:00,0,
2025.07.11 18:34:59,scan_executed_new_execution_bar,USDJPY,2025.07.11 18:15:00,32,
2025.07.11 18:39:59,scan_skipped_same_execution_bar,USDJPY,2025.07.11 18:15:00,0,
2025.07.11 18:49:59,scan_executed_new_execution_bar,USDJPY,2025.07.11 18:30:00,31,
2025.07.11 18:54:59,scan_skipped_same_execution_bar,USDJPY,2025.07.11 18:30:00,0,
2025.07.11 19:04:59,scan_executed_new_execution_bar,USDJPY,2025.07.11 18:45:00,31,
2025.07.11 19:09:59,scan_skipped_same_execution_bar,USDJPY,2025.07.11 18:45:00,0,
2025.07.11 19:19:59,scan_executed_new_execution_bar,USDJPY,2025.07.11 19:00:00,0,
2025.07.11 19:24:59,scan_skipped_same_execution_bar,USDJPY,2025.07.11 19:00:00,0,
2025.07.11 19:34:59,scan_executed_new_execution_bar,USDJPY,2025.07.11 19:15:00,0,
2025.07.11 19:39:59,scan_skipped_same_execution_bar,USDJPY,2025.07.11 19:15:00,0,
2025.07.11 19:49:59,scan_executed_new_execution_bar,USDJPY,2025.07.11 19:30:00,16,
2025.07.11 19:54:59,scan_skipped_same_execution_bar,USDJPY,2025.07.11 19:30:00,0,
2025.07.11 20:04:59,scan_executed_new_execution_bar,USDJPY,2025.07.11 19:45:00,0,
2025.07.11 20:09:59,scan_skipped_same_execution_bar,USDJPY,2025.07.11 19:45:00,0,
2025.07.11 20:19:59,scan_executed_new_execution_bar,USDJPY,2025.07.11 20:00:00,16,
2025.07.11 20:24:59,scan_skipped_same_execution_bar,USDJPY,2025.07.11 20:00:00,0,
2025.07.11 20:34:59,scan_executed_new_execution_bar,USDJPY,2025.07.11 20:15:00,0,
2025.07.11 20:39:59,scan_skipped_same_execution_bar,USDJPY,2025.07.11 20:15:00,0,
2025.07.11 20:49:58,scan_executed_new_execution_bar,USDJPY,2025.07.11 20:30:00,0,
2025.07.11 20:54:59,scan_skipped_same_execution_bar,USDJPY,2025.07.11 20:30:00,0,
2025.07.11 21:04:59,scan_executed_new_execution_bar,USDJPY,2025.07.11 20:45:00,0,
2025.07.11 21:09:59,scan_skipped_same_execution_bar,USDJPY,2025.07.11 20:45:00,0,
2025.07.11 21:19:59,scan_executed_new_execution_bar,USDJPY,2025.07.11 21:00:00,0,
2025.07.11 21:24:58,scan_skipped_same_execution_bar,USDJPY,2025.07.11 21:00:00,0,
2025.07.11 21:34:59,scan_executed_new_execution_bar,USDJPY,2025.07.11 21:15:00,0,
2025.07.11 21:39:59,scan_skipped_same_execution_bar,USDJPY,2025.07.11 21:15:00,0,
2025.07.11 21:49:59,scan_executed_new_execution_bar,USDJPY,2025.07.11 21:30:00,0,
2025.07.11 21:54:59,scan_skipped_same_execution_bar,USDJPY,2025.07.11 21:30:00,0,
2025.07.11 22:04:59,scan_executed_new_execution_bar,USDJPY,2025.07.11 21:45:00,15,
2025.07.11 22:09:57,scan_skipped_same_execution_bar,USDJPY,2025.07.11 21:45:00,0,
2025.07.11 22:19:58,scan_executed_new_execution_bar,USDJPY,2025.07.11 22:00:00,16,
2025.07.11 22:24:59,scan_skipped_same_execution_bar,USDJPY,2025.07.11 22:00:00,0,
2025.07.11 22:34:59,scan_executed_new_execution_bar,USDJPY,2025.07.11 22:15:00,0,
2025.07.11 22:39:59,scan_skipped_same_execution_bar,USDJPY,2025.07.11 22:15:00,0,
2025.07.11 22:49:56,scan_executed_new_execution_bar,USDJPY,2025.07.11 22:30:00,0,
2025.07.11 22:54:59,scan_skipped_same_execution_bar,USDJPY,2025.07.11 22:30:00,0,
2025.07.11 23:04:59,scan_executed_new_execution_bar,USDJPY,2025.07.11 22:45:00,0,
2025.07.11 23:09:58,scan_skipped_same_execution_bar,USDJPY,2025.07.11 22:45:00,0,
2025.07.11 23:19:59,scan_executed_new_execution_bar,USDJPY,2025.07.11 23:00:00,0,
2025.07.11 23:24:58,scan_skipped_same_execution_bar,USDJPY,2025.07.11 23:00:00,0,
2025.07.11 23:34:59,scan_executed_new_execution_bar,USDJPY,2025.07.11 23:15:00,0,
2025.07.11 23:39:59,scan_skipped_same_execution_bar,USDJPY,2025.07.11 23:15:00,0,
2025.07.11 23:49:59,scan_executed_new_execution_bar,USDJPY,2025.07.11 23:30:00,0,
2025.07.11 23:54:59,scan_skipped_same_execution_bar,USDJPY,2025.07.11 23:30:00,0,
2025.07.14 00:04:55,scan_executed_new_execution_bar,USDJPY,2025.07.11 23:45:00,0,
2025.07.14 00:09:57,scan_skipped_same_execution_bar,USDJPY,2025.07.11 23:45:00,0,
2025.07.14 00:19:57,scan_executed_new_execution_bar,USDJPY,2025.07.14 00:00:00,0,
2025.07.14 00:24:58,scan_skipped_same_execution_bar,USDJPY,2025.07.14 00:00:00,0,
2025.07.14 00:34:57,scan_executed_new_execution_bar,USDJPY,2025.07.14 00:15:00,0,
2025.07.14 00:39:57,scan_skipped_same_execution_bar,USDJPY,2025.07.14 00:15:00,0,
2025.07.14 00:49:55,scan_executed_new_execution_bar,USDJPY,2025.07.14 00:30:00,0,
2025.07.14 00:54:58,scan_skipped_same_execution_bar,USDJPY,2025.07.14 00:30:00,0,
2025.07.14 01:04:59,scan_executed_new_execution_bar,USDJPY,2025.07.14 00:45:00,0,
2025.07.14 01:09:59,scan_skipped_same_execution_bar,USDJPY,2025.07.14 00:45:00,0,
2025.07.14 01:19:59,scan_executed_new_execution_bar,USDJPY,2025.07.14 01:00:00,15,
2025.07.14 01:24:59,scan_skipped_same_execution_bar,USDJPY,2025.07.14 01:00:00,0,
2025.07.14 01:34:55,scan_executed_new_execution_bar,USDJPY,2025.07.14 01:15:00,0,
2025.07.14 01:39:59,scan_skipped_same_execution_bar,USDJPY,2025.07.14 01:15:00,0,
2025.07.14 01:49:59,scan_executed_new_execution_bar,USDJPY,2025.07.14 01:30:00,15,
2025.07.14 01:54:59,scan_skipped_same_execution_bar,USDJPY,2025.07.14 01:30:00,0,
2025.07.14 02:04:59,scan_executed_new_execution_bar,USDJPY,2025.07.14 01:45:00,0,
2025.07.14 02:10:00,scan_skipped_same_execution_bar,USDJPY,2025.07.14 01:45:00,0,
2025.07.14 02:19:59,scan_executed_new_execution_bar,USDJPY,2025.07.14 02:00:00,31,
2025.07.14 02:24:59,scan_skipped_same_execution_bar,USDJPY,2025.07.14 02:00:00,0,
2025.07.14 02:34:59,scan_executed_new_execution_bar,USDJPY,2025.07.14 02:15:00,16,
2025.07.14 02:39:59,scan_skipped_same_execution_bar,USDJPY,2025.07.14 02:15:00,0,
2025.07.14 02:49:59,scan_executed_new_execution_bar,USDJPY,2025.07.14 02:30:00,0,
2025.07.14 02:54:56,scan_skipped_same_execution_bar,USDJPY,2025.07.14 02:30:00,0,
2025.07.14 03:04:59,scan_executed_new_execution_bar,USDJPY,2025.07.14 02:45:00,16,
2025.07.14 03:09:59,scan_skipped_same_execution_bar,USDJPY,2025.07.14 02:45:00,0,
2025.07.14 03:19:59,scan_executed_new_execution_bar,USDJPY,2025.07.14 03:00:00,0,
2025.07.14 03:24:59,scan_skipped_same_execution_bar,USDJPY,2025.07.14 03:00:00,0,
2025.07.14 03:34:59,scan_executed_new_execution_bar,USDJPY,2025.07.14 03:15:00,0,
2025.07.14 03:39:59,scan_skipped_same_execution_bar,USDJPY,2025.07.14 03:15:00,0,
2025.07.14 03:49:58,scan_executed_new_execution_bar,USDJPY,2025.07.14 03:30:00,0,
2025.07.14 03:55:00,scan_skipped_same_execution_bar,USDJPY,2025.07.14 03:30:00,0,
2025.07.14 04:04:59,scan_executed_new_execution_bar,USDJPY,2025.07.14 03:45:00,0,
2025.07.14 04:10:00,scan_skipped_same_execution_bar,USDJPY,2025.07.14 03:45:00,0,
2025.07.14 04:20:00,scan_executed_new_execution_bar,USDJPY,2025.07.14 04:00:00,0,
2025.07.14 04:24:59,scan_skipped_same_execution_bar,USDJPY,2025.07.14 04:00:00,0,
2025.07.14 04:34:59,scan_executed_new_execution_bar,USDJPY,2025.07.14 04:15:00,0,
2025.07.14 04:39:59,scan_skipped_same_execution_bar,USDJPY,2025.07.14 04:15:00,0,
2025.07.14 04:49:59,scan_executed_new_execution_bar,USDJPY,2025.07.14 04:30:00,15,
2025.07.14 04:54:58,scan_skipped_same_execution_bar,USDJPY,2025.07.14 04:30:00,0,
2025.07.14 05:04:59,scan_executed_new_execution_bar,USDJPY,2025.07.14 04:45:00,0,
2025.07.14 05:09:58,scan_skipped_same_execution_bar,USDJPY,2025.07.14 04:45:00,0,
2025.07.14 05:19:59,scan_executed_new_execution_bar,USDJPY,2025.07.14 05:00:00,0,
2025.07.14 05:24:59,scan_skipped_same_execution_bar,USDJPY,2025.07.14 05:00:00,0,
2025.07.14 05:34:59,scan_executed_new_execution_bar,USDJPY,2025.07.14 05:15:00,16,
2025.07.14 05:39:59,scan_skipped_same_execution_bar,USDJPY,2025.07.14 05:15:00,0,
2025.07.14 05:49:59,scan_executed_new_execution_bar,USDJPY,2025.07.14 05:30:00,15,
2025.07.14 05:54:59,scan_skipped_same_execution_bar,USDJPY,2025.07.14 05:30:00,0,
2025.07.14 06:04:59,scan_executed_new_execution_bar,USDJPY,2025.07.14 05:45:00,0,
2025.07.14 06:09:58,scan_skipped_same_execution_bar,USDJPY,2025.07.14 05:45:00,0,
2025.07.14 06:19:58,scan_executed_new_execution_bar,USDJPY,2025.07.14 06:00:00,0,
2025.07.14 06:24:59,scan_skipped_same_execution_bar,USDJPY,2025.07.14 06:00:00,0,
2025.07.14 06:34:59,scan_executed_new_execution_bar,USDJPY,2025.07.14 06:15:00,16,
2025.07.14 06:39:59,scan_skipped_same_execution_bar,USDJPY,2025.07.14 06:15:00,0,
2025.07.14 06:49:59,scan_executed_new_execution_bar,USDJPY,2025.07.14 06:30:00,0,
2025.07.14 06:54:59,scan_skipped_same_execution_bar,USDJPY,2025.07.14 06:30:00,0,
2025.07.14 07:04:59,scan_executed_new_execution_bar,USDJPY,2025.07.14 06:45:00,0,
2025.07.14 07:09:59,scan_skipped_same_execution_bar,USDJPY,2025.07.14 06:45:00,0,
2025.07.14 07:19:59,scan_executed_new_execution_bar,USDJPY,2025.07.14 07:00:00,0,
2025.07.14 07:24:59,scan_skipped_same_execution_bar,USDJPY,2025.07.14 07:00:00,0,
2025.07.14 07:34:59,scan_executed_new_execution_bar,USDJPY,2025.07.14 07:15:00,15,
2025.07.14 07:39:59,scan_skipped_same_execution_bar,USDJPY,2025.07.14 07:15:00,0,
2025.07.14 07:49:59,scan_executed_new_execution_bar,USDJPY,2025.07.14 07:30:00,0,
2025.07.14 07:54:59,scan_skipped_same_execution_bar,USDJPY,2025.07.14 07:30:00,0,
2025.07.14 08:04:59,scan_executed_new_execution_bar,USDJPY,2025.07.14 07:45:00,0,
2025.07.14 08:09:59,scan_skipped_same_execution_bar,USDJPY,2025.07.14 07:45:00,0,
2025.07.14 08:19:57,scan_executed_new_execution_bar,USDJPY,2025.07.14 08:00:00,31,
2025.07.14 08:24:59,scan_skipped_same_execution_bar,USDJPY,2025.07.14 08:00:00,0,
2025.07.14 08:34:59,scan_executed_new_execution_bar,USDJPY,2025.07.14 08:15:00,0,
2025.07.14 08:39:59,scan_skipped_same_execution_bar,USDJPY,2025.07.14 08:15:00,0,
2025.07.14 08:49:59,scan_executed_new_execution_bar,USDJPY,2025.07.14 08:30:00,0,
2025.07.14 08:54:59,scan_skipped_same_execution_bar,USDJPY,2025.07.14 08:30:00,0,
2025.07.14 09:04:59,scan_executed_new_execution_bar,USDJPY,2025.07.14 08:45:00,15,
2025.07.14 09:09:59,scan_skipped_same_execution_bar,USDJPY,2025.07.14 08:45:00,0,
2025.07.14 09:19:59,scan_executed_new_execution_bar,USDJPY,2025.07.14 09:00:00,16,
2025.07.14 09:24:59,scan_skipped_same_execution_bar,USDJPY,2025.07.14 09:00:00,0,
2025.07.14 09:34:58,scan_executed_new_execution_bar,USDJPY,2025.07.14 09:15:00,0,
2025.07.14 09:39:59,scan_skipped_same_execution_bar,USDJPY,2025.07.14 09:15:00,0,
2025.07.14 09:49:59,scan_executed_new_execution_bar,USDJPY,2025.07.14 09:30:00,0,
2025.07.14 09:54:59,scan_skipped_same_execution_bar,USDJPY,2025.07.14 09:30:00,0,
2025.07.14 10:04:59,scan_executed_new_execution_bar,USDJPY,2025.07.14 09:45:00,0,
2025.07.14 10:09:59,scan_skipped_same_execution_bar,USDJPY,2025.07.14 09:45:00,0,
2025.07.14 10:19:59,scan_executed_new_execution_bar,USDJPY,2025.07.14 10:00:00,16,
2025.07.14 10:24:59,scan_skipped_same_execution_bar,USDJPY,2025.07.14 10:00:00,0,
2025.07.14 10:34:59,scan_executed_new_execution_bar,USDJPY,2025.07.14 10:15:00,15,
2025.07.14 10:39:59,scan_skipped_same_execution_bar,USDJPY,2025.07.14 10:15:00,0,
2025.07.14 10:49:59,scan_executed_new_execution_bar,USDJPY,2025.07.14 10:30:00,16,
2025.07.14 10:54:59,scan_skipped_same_execution_bar,USDJPY,2025.07.14 10:30:00,0,
2025.07.14 11:04:59,scan_executed_new_execution_bar,USDJPY,2025.07.14 10:45:00,0,
2025.07.14 11:09:59,scan_skipped_same_execution_bar,USDJPY,2025.07.14 10:45:00,0,
2025.07.14 11:19:59,scan_executed_new_execution_bar,USDJPY,2025.07.14 11:00:00,47,
2025.07.14 11:24:59,scan_skipped_same_execution_bar,USDJPY,2025.07.14 11:00:00,0,
2025.07.14 11:35:00,scan_executed_new_execution_bar,USDJPY,2025.07.14 11:15:00,0,
2025.07.14 11:39:59,scan_skipped_same_execution_bar,USDJPY,2025.07.14 11:15:00,0,
2025.07.14 11:49:59,scan_executed_new_execution_bar,USDJPY,2025.07.14 11:30:00,0,
2025.07.14 11:54:59,scan_skipped_same_execution_bar,USDJPY,2025.07.14 11:30:00,0,
2025.07.14 12:04:58,scan_executed_new_execution_bar,USDJPY,2025.07.14 11:45:00,0,
2025.07.14 12:09:59,scan_skipped_same_execution_bar,USDJPY,2025.07.14 11:45:00,0,
2025.07.14 12:19:59,scan_executed_new_execution_bar,USDJPY,2025.07.14 12:00:00,0,
2025.07.14 12:24:59,scan_skipped_same_execution_bar,USDJPY,2025.07.14 12:00:00,0,
2025.07.14 12:34:59,scan_executed_new_execution_bar,USDJPY,2025.07.14 12:15:00,0,
2025.07.14 12:39:59,scan_skipped_same_execution_bar,USDJPY,2025.07.14 12:15:00,0,
2025.07.14 12:49:59,scan_executed_new_execution_bar,USDJPY,2025.07.14 12:30:00,0,
2025.07.14 12:54:59,scan_skipped_same_execution_bar,USDJPY,2025.07.14 12:30:00,0,
2025.07.14 13:04:57,scan_executed_new_execution_bar,USDJPY,2025.07.14 12:45:00,0,
2025.07.14 13:09:59,scan_skipped_same_execution_bar,USDJPY,2025.07.14 12:45:00,0,
2025.07.14 13:19:59,scan_executed_new_execution_bar,USDJPY,2025.07.14 13:00:00,0,
2025.07.14 13:24:59,scan_skipped_same_execution_bar,USDJPY,2025.07.14 13:00:00,0,
2025.07.14 13:34:59,scan_executed_new_execution_bar,USDJPY,2025.07.14 13:15:00,0,
2025.07.14 13:39:59,scan_skipped_same_execution_bar,USDJPY,2025.07.14 13:15:00,0,
2025.07.14 13:49:59,scan_executed_new_execution_bar,USDJPY,2025.07.14 13:30:00,0,
2025.07.14 13:54:59,scan_skipped_same_execution_bar,USDJPY,2025.07.14 13:30:00,0,
2025.07.14 14:04:59,scan_executed_new_execution_bar,USDJPY,2025.07.14 13:45:00,0,
2025.07.14 14:09:59,scan_skipped_same_execution_bar,USDJPY,2025.07.14 13:45:00,0,
2025.07.14 14:19:59,scan_executed_new_execution_bar,USDJPY,2025.07.14 14:00:00,0,
2025.07.14 14:24:59,scan_skipped_same_execution_bar,USDJPY,2025.07.14 14:00:00,0,
2025.07.14 14:34:59,scan_executed_new_execution_bar,USDJPY,2025.07.14 14:15:00,0,
2025.07.14 14:39:58,scan_skipped_same_execution_bar,USDJPY,2025.07.14 14:15:00,0,
2025.07.14 14:49:59,scan_executed_new_execution_bar,USDJPY,2025.07.14 14:30:00,0,
2025.07.14 14:54:59,scan_skipped_same_execution_bar,USDJPY,2025.07.14 14:30:00,0,
2025.07.14 15:04:59,scan_executed_new_execution_bar,USDJPY,2025.07.14 14:45:00,0,
2025.07.14 15:09:59,scan_skipped_same_execution_bar,USDJPY,2025.07.14 14:45:00,0,
2025.07.14 15:19:59,scan_executed_new_execution_bar,USDJPY,2025.07.14 15:00:00,0,
2025.07.14 15:24:59,scan_skipped_same_execution_bar,USDJPY,2025.07.14 15:00:00,0,
2025.07.14 15:34:59,scan_executed_new_execution_bar,USDJPY,2025.07.14 15:15:00,0,
2025.07.14 15:39:59,scan_skipped_same_execution_bar,USDJPY,2025.07.14 15:15:00,0,
2025.07.14 15:49:59,scan_executed_new_execution_bar,USDJPY,2025.07.14 15:30:00,0,
2025.07.14 15:54:59,scan_skipped_same_execution_bar,USDJPY,2025.07.14 15:30:00,0,
2025.07.14 16:04:59,scan_executed_new_execution_bar,USDJPY,2025.07.14 15:45:00,0,
2025.07.14 16:09:59,scan_skipped_same_execution_bar,USDJPY,2025.07.14 15:45:00,0,
2025.07.14 16:19:59,scan_executed_new_execution_bar,USDJPY,2025.07.14 16:00:00,0,
2025.07.14 16:24:59,scan_skipped_same_execution_bar,USDJPY,2025.07.14 16:00:00,0,
2025.07.14 16:34:59,scan_executed_new_execution_bar,USDJPY,2025.07.14 16:15:00,16,
2025.07.14 16:39:59,scan_skipped_same_execution_bar,USDJPY,2025.07.14 16:15:00,0,
2025.07.14 16:49:58,scan_executed_new_execution_bar,USDJPY,2025.07.14 16:30:00,15,
2025.07.14 16:54:59,scan_skipped_same_execution_bar,USDJPY,2025.07.14 16:30:00,0,
2025.07.14 17:04:59,scan_executed_new_execution_bar,USDJPY,2025.07.14 16:45:00,0,
2025.07.14 17:09:59,scan_skipped_same_execution_bar,USDJPY,2025.07.14 16:45:00,0,
2025.07.14 17:19:59,scan_executed_new_execution_bar,USDJPY,2025.07.14 17:00:00,0,
2025.07.14 17:24:59,scan_skipped_same_execution_bar,USDJPY,2025.07.14 17:00:00,0,
2025.07.14 17:34:59,scan_executed_new_execution_bar,USDJPY,2025.07.14 17:15:00,0,
2025.07.14 17:39:59,scan_skipped_same_execution_bar,USDJPY,2025.07.14 17:15:00,0,
2025.07.14 17:49:59,scan_executed_new_execution_bar,USDJPY,2025.07.14 17:30:00,0,
2025.07.14 17:54:59,scan_skipped_same_execution_bar,USDJPY,2025.07.14 17:30:00,0,
2025.07.14 18:04:59,scan_executed_new_execution_bar,USDJPY,2025.07.14 17:45:00,0,
2025.07.14 18:09:59,scan_skipped_same_execution_bar,USDJPY,2025.07.14 17:45:00,0,
2025.07.14 18:19:59,scan_executed_new_execution_bar,USDJPY,2025.07.14 18:00:00,0,
2025.07.14 18:24:59,scan_skipped_same_execution_bar,USDJPY,2025.07.14 18:00:00,0,
2025.07.14 18:34:59,scan_executed_new_execution_bar,USDJPY,2025.07.14 18:15:00,0,
2025.07.14 18:39:59,scan_skipped_same_execution_bar,USDJPY,2025.07.14 18:15:00,0,
2025.07.14 18:49:59,scan_executed_new_execution_bar,USDJPY,2025.07.14 18:30:00,0,
2025.07.14 18:54:59,scan_skipped_same_execution_bar,USDJPY,2025.07.14 18:30:00,0,
2025.07.14 19:04:59,scan_executed_new_execution_bar,USDJPY,2025.07.14 18:45:00,0,
2025.07.14 19:09:59,scan_skipped_same_execution_bar,USDJPY,2025.07.14 18:45:00,0,
2025.07.14 19:19:59,scan_executed_new_execution_bar,USDJPY,2025.07.14 19:00:00,16,
2025.07.14 19:24:59,scan_skipped_same_execution_bar,USDJPY,2025.07.14 19:00:00,0,
2025.07.14 19:34:58,scan_executed_new_execution_bar,USDJPY,2025.07.14 19:15:00,0,
2025.07.14 19:39:59,scan_skipped_same_execution_bar,USDJPY,2025.07.14 19:15:00,0,
2025.07.14 19:49:57,scan_executed_new_execution_bar,USDJPY,2025.07.14 19:30:00,16,
2025.07.14 19:54:59,scan_skipped_same_execution_bar,USDJPY,2025.07.14 19:30:00,0,
2025.07.14 20:04:59,scan_executed_new_execution_bar,USDJPY,2025.07.14 19:45:00,0,
2025.07.14 20:09:59,scan_skipped_same_execution_bar,USDJPY,2025.07.14 19:45:00,0,
2025.07.14 20:19:59,scan_executed_new_execution_bar,USDJPY,2025.07.14 20:00:00,0,
2025.07.14 20:24:59,scan_skipped_same_execution_bar,USDJPY,2025.07.14 20:00:00,0,
2025.07.14 20:34:58,scan_executed_new_execution_bar,USDJPY,2025.07.14 20:15:00,16,
2025.07.14 20:39:59,scan_skipped_same_execution_bar,USDJPY,2025.07.14 20:15:00,0,
2025.07.14 20:49:59,scan_executed_new_execution_bar,USDJPY,2025.07.14 20:30:00,16,
2025.07.14 20:54:59,scan_skipped_same_execution_bar,USDJPY,2025.07.14 20:30:00,0,
2025.07.14 21:04:58,scan_executed_new_execution_bar,USDJPY,2025.07.14 20:45:00,31,
2025.07.14 21:09:59,scan_skipped_same_execution_bar,USDJPY,2025.07.14 20:45:00,0,
2025.07.14 21:19:57,scan_executed_new_execution_bar,USDJPY,2025.07.14 21:00:00,0,
2025.07.14 21:24:59,scan_skipped_same_execution_bar,USDJPY,2025.07.14 21:00:00,0,
2025.07.14 21:34:59,scan_executed_new_execution_bar,USDJPY,2025.07.14 21:15:00,0,
2025.07.14 21:39:59,scan_skipped_same_execution_bar,USDJPY,2025.07.14 21:15:00,0,
2025.07.14 21:49:58,scan_executed_new_execution_bar,USDJPY,2025.07.14 21:30:00,15,
2025.07.14 21:54:59,scan_skipped_same_execution_bar,USDJPY,2025.07.14 21:30:00,0,
2025.07.14 22:04:56,scan_executed_new_execution_bar,USDJPY,2025.07.14 21:45:00,0,
2025.07.14 22:09:59,scan_skipped_same_execution_bar,USDJPY,2025.07.14 21:45:00,0,
2025.07.14 22:19:58,scan_executed_new_execution_bar,USDJPY,2025.07.14 22:00:00,15,
2025.07.14 22:24:59,scan_skipped_same_execution_bar,USDJPY,2025.07.14 22:00:00,0,
2025.07.14 22:34:59,scan_executed_new_execution_bar,USDJPY,2025.07.14 22:15:00,16,
2025.07.14 22:39:58,scan_skipped_same_execution_bar,USDJPY,2025.07.14 22:15:00,0,
2025.07.14 22:49:59,scan_executed_new_execution_bar,USDJPY,2025.07.14 22:30:00,16,
2025.07.14 22:54:59,scan_skipped_same_execution_bar,USDJPY,2025.07.14 22:30:00,0,
2025.07.14 23:04:57,scan_executed_new_execution_bar,USDJPY,2025.07.14 22:45:00,15,
2025.07.14 23:09:59,scan_skipped_same_execution_bar,USDJPY,2025.07.14 22:45:00,0,
2025.07.14 23:19:59,scan_executed_new_execution_bar,USDJPY,2025.07.14 23:00:00,16,
2025.07.14 23:24:59,scan_skipped_same_execution_bar,USDJPY,2025.07.14 23:00:00,0,
2025.07.14 23:34:59,scan_executed_new_execution_bar,USDJPY,2025.07.14 23:15:00,0,
2025.07.14 23:39:59,scan_skipped_same_execution_bar,USDJPY,2025.07.14 23:15:00,0,
2025.07.14 23:49:58,scan_executed_new_execution_bar,USDJPY,2025.07.14 23:30:00,0,
2025.07.14 23:54:59,scan_skipped_same_execution_bar,USDJPY,2025.07.14 23:30:00,0,
2025.07.15 00:04:45,scan_executed_new_execution_bar,USDJPY,2025.07.14 23:45:00,0,
2025.07.15 00:09:56,scan_skipped_same_execution_bar,USDJPY,2025.07.14 23:45:00,0,
2025.07.15 00:19:58,scan_executed_new_execution_bar,USDJPY,2025.07.15 00:00:00,0,
2025.07.15 00:24:59,scan_skipped_same_execution_bar,USDJPY,2025.07.15 00:00:00,0,
2025.07.15 00:34:56,scan_executed_new_execution_bar,USDJPY,2025.07.15 00:15:00,0,
2025.07.15 00:39:58,scan_skipped_same_execution_bar,USDJPY,2025.07.15 00:15:00,0,
2025.07.15 00:49:59,scan_executed_new_execution_bar,USDJPY,2025.07.15 00:30:00,0,
2025.07.15 00:54:57,scan_skipped_same_execution_bar,USDJPY,2025.07.15 00:30:00,0,
2025.07.15 01:04:59,scan_executed_new_execution_bar,USDJPY,2025.07.15 00:45:00,0,
2025.07.15 01:09:59,scan_skipped_same_execution_bar,USDJPY,2025.07.15 00:45:00,0,
2025.07.15 01:19:59,scan_executed_new_execution_bar,USDJPY,2025.07.15 01:00:00,0,
2025.07.15 01:24:58,scan_skipped_same_execution_bar,USDJPY,2025.07.15 01:00:00,0,
2025.07.15 01:34:54,scan_executed_new_execution_bar,USDJPY,2025.07.15 01:15:00,0,
2025.07.15 01:39:56,scan_skipped_same_execution_bar,USDJPY,2025.07.15 01:15:00,0,
2025.07.15 01:49:59,scan_executed_new_execution_bar,USDJPY,2025.07.15 01:30:00,0,
2025.07.15 01:54:59,scan_skipped_same_execution_bar,USDJPY,2025.07.15 01:30:00,0,
2025.07.15 02:04:58,scan_executed_new_execution_bar,USDJPY,2025.07.15 01:45:00,0,
2025.07.15 02:09:59,scan_skipped_same_execution_bar,USDJPY,2025.07.15 01:45:00,0,
2025.07.15 02:19:59,scan_executed_new_execution_bar,USDJPY,2025.07.15 02:00:00,0,
2025.07.15 02:24:59,scan_skipped_same_execution_bar,USDJPY,2025.07.15 02:00:00,0,
2025.07.15 02:34:57,scan_executed_new_execution_bar,USDJPY,2025.07.15 02:15:00,15,
2025.07.15 02:39:59,scan_skipped_same_execution_bar,USDJPY,2025.07.15 02:15:00,0,
2025.07.15 02:49:59,scan_executed_new_execution_bar,USDJPY,2025.07.15 02:30:00,0,
2025.07.15 02:54:59,scan_skipped_same_execution_bar,USDJPY,2025.07.15 02:30:00,0,
2025.07.15 03:04:59,scan_executed_new_execution_bar,USDJPY,2025.07.15 02:45:00,0,
2025.07.15 03:09:57,scan_skipped_same_execution_bar,USDJPY,2025.07.15 02:45:00,0,
2025.07.15 03:19:59,scan_executed_new_execution_bar,USDJPY,2025.07.15 03:00:00,0,
2025.07.15 03:24:59,scan_skipped_same_execution_bar,USDJPY,2025.07.15 03:00:00,0,
2025.07.15 03:34:59,scan_executed_new_execution_bar,USDJPY,2025.07.15 03:15:00,0,
2025.07.15 03:39:56,scan_skipped_same_execution_bar,USDJPY,2025.07.15 03:15:00,0,
2025.07.15 03:49:58,scan_executed_new_execution_bar,USDJPY,2025.07.15 03:30:00,0,
2025.07.15 03:54:59,scan_skipped_same_execution_bar,USDJPY,2025.07.15 03:30:00,0,
2025.07.15 04:04:59,scan_executed_new_execution_bar,USDJPY,2025.07.15 03:45:00,0,
2025.07.15 04:09:59,scan_skipped_same_execution_bar,USDJPY,2025.07.15 03:45:00,0,
2025.07.15 04:19:59,scan_executed_new_execution_bar,USDJPY,2025.07.15 04:00:00,0,
2025.07.15 04:24:59,scan_skipped_same_execution_bar,USDJPY,2025.07.15 04:00:00,0,
2025.07.15 04:34:59,scan_executed_new_execution_bar,USDJPY,2025.07.15 04:15:00,0,
2025.07.15 04:39:59,scan_skipped_same_execution_bar,USDJPY,2025.07.15 04:15:00,0,
2025.07.15 04:49:59,scan_executed_new_execution_bar,USDJPY,2025.07.15 04:30:00,0,
2025.07.15 04:54:59,scan_skipped_same_execution_bar,USDJPY,2025.07.15 04:30:00,0,
2025.07.15 05:05:00,scan_executed_new_execution_bar,USDJPY,2025.07.15 04:45:00,0,
2025.07.15 05:09:59,scan_skipped_same_execution_bar,USDJPY,2025.07.15 04:45:00,0,
2025.07.15 05:19:59,scan_executed_new_execution_bar,USDJPY,2025.07.15 05:00:00,0,
2025.07.15 05:24:59,scan_skipped_same_execution_bar,USDJPY,2025.07.15 05:00:00,0,
2025.07.15 05:34:59,scan_executed_new_execution_bar,USDJPY,2025.07.15 05:15:00,0,
2025.07.15 05:39:59,scan_skipped_same_execution_bar,USDJPY,2025.07.15 05:15:00,0,
2025.07.15 05:49:59,scan_executed_new_execution_bar,USDJPY,2025.07.15 05:30:00,0,
2025.07.15 05:54:59,scan_skipped_same_execution_bar,USDJPY,2025.07.15 05:30:00,0,
2025.07.15 06:04:59,scan_executed_new_execution_bar,USDJPY,2025.07.15 05:45:00,0,
2025.07.15 06:09:55,scan_skipped_same_execution_bar,USDJPY,2025.07.15 05:45:00,0,
2025.07.15 06:19:59,scan_executed_new_execution_bar,USDJPY,2025.07.15 06:00:00,15,
2025.07.15 06:24:59,scan_skipped_same_execution_bar,USDJPY,2025.07.15 06:00:00,0,
2025.07.15 06:34:59,scan_executed_new_execution_bar,USDJPY,2025.07.15 06:15:00,15,
2025.07.15 06:39:59,scan_skipped_same_execution_bar,USDJPY,2025.07.15 06:15:00,0,
2025.07.15 06:49:57,scan_executed_new_execution_bar,USDJPY,2025.07.15 06:30:00,0,
2025.07.15 06:54:59,scan_skipped_same_execution_bar,USDJPY,2025.07.15 06:30:00,0,
2025.07.15 07:04:59,scan_executed_new_execution_bar,USDJPY,2025.07.15 06:45:00,0,
2025.07.15 07:09:59,scan_skipped_same_execution_bar,USDJPY,2025.07.15 06:45:00,0,
2025.07.15 07:19:59,scan_executed_new_execution_bar,USDJPY,2025.07.15 07:00:00,0,
2025.07.15 07:24:59,scan_skipped_same_execution_bar,USDJPY,2025.07.15 07:00:00,0,
2025.07.15 07:34:59,scan_executed_new_execution_bar,USDJPY,2025.07.15 07:15:00,16,
2025.07.15 07:39:59,scan_skipped_same_execution_bar,USDJPY,2025.07.15 07:15:00,0,
2025.07.15 07:49:59,scan_executed_new_execution_bar,USDJPY,2025.07.15 07:30:00,0,
2025.07.15 07:54:57,scan_skipped_same_execution_bar,USDJPY,2025.07.15 07:30:00,0,
2025.07.15 08:04:59,scan_executed_new_execution_bar,USDJPY,2025.07.15 07:45:00,0,
2025.07.15 08:09:59,scan_skipped_same_execution_bar,USDJPY,2025.07.15 07:45:00,0,
2025.07.15 08:19:59,scan_executed_new_execution_bar,USDJPY,2025.07.15 08:00:00,0,
2025.07.15 08:24:59,scan_skipped_same_execution_bar,USDJPY,2025.07.15 08:00:00,0,
2025.07.15 08:34:59,scan_executed_new_execution_bar,USDJPY,2025.07.15 08:15:00,0,
2025.07.15 08:40:00,scan_skipped_same_execution_bar,USDJPY,2025.07.15 08:15:00,0,
2025.07.15 08:49:59,scan_executed_new_execution_bar,USDJPY,2025.07.15 08:30:00,0,
2025.07.15 08:54:59,scan_skipped_same_execution_bar,USDJPY,2025.07.15 08:30:00,0,
2025.07.15 09:04:59,scan_executed_new_execution_bar,USDJPY,2025.07.15 08:45:00,0,
2025.07.15 09:09:59,scan_skipped_same_execution_bar,USDJPY,2025.07.15 08:45:00,0,
2025.07.15 09:19:59,scan_executed_new_execution_bar,USDJPY,2025.07.15 09:00:00,0,
2025.07.15 09:24:59,scan_skipped_same_execution_bar,USDJPY,2025.07.15 09:00:00,0,
2025.07.15 09:34:59,scan_executed_new_execution_bar,USDJPY,2025.07.15 09:15:00,0,
2025.07.15 09:39:59,scan_skipped_same_execution_bar,USDJPY,2025.07.15 09:15:00,0,
2025.07.15 09:49:59,scan_executed_new_execution_bar,USDJPY,2025.07.15 09:30:00,0,
2025.07.15 09:54:59,scan_skipped_same_execution_bar,USDJPY,2025.07.15 09:30:00,0,
2025.07.15 10:04:59,scan_executed_new_execution_bar,USDJPY,2025.07.15 09:45:00,31,
2025.07.15 10:09:59,scan_skipped_same_execution_bar,USDJPY,2025.07.15 09:45:00,0,
2025.07.15 10:19:59,scan_executed_new_execution_bar,USDJPY,2025.07.15 10:00:00,0,
2025.07.15 10:24:59,scan_skipped_same_execution_bar,USDJPY,2025.07.15 10:00:00,0,
2025.07.15 10:34:59,scan_executed_new_execution_bar,USDJPY,2025.07.15 10:15:00,0,
2025.07.15 10:39:59,scan_skipped_same_execution_bar,USDJPY,2025.07.15 10:15:00,0,
2025.07.15 10:49:59,scan_executed_new_execution_bar,USDJPY,2025.07.15 10:30:00,0,
2025.07.15 10:54:59,scan_skipped_same_execution_bar,USDJPY,2025.07.15 10:30:00,0,
2025.07.15 11:04:59,scan_executed_new_execution_bar,USDJPY,2025.07.15 10:45:00,0,
2025.07.15 11:09:59,scan_skipped_same_execution_bar,USDJPY,2025.07.15 10:45:00,0,
2025.07.15 11:19:59,scan_executed_new_execution_bar,USDJPY,2025.07.15 11:00:00,15,
2025.07.15 11:24:59,scan_skipped_same_execution_bar,USDJPY,2025.07.15 11:00:00,0,
2025.07.15 11:34:59,scan_executed_new_execution_bar,USDJPY,2025.07.15 11:15:00,0,
2025.07.15 11:39:59,scan_skipped_same_execution_bar,USDJPY,2025.07.15 11:15:00,0,
2025.07.15 11:49:59,scan_executed_new_execution_bar,USDJPY,2025.07.15 11:30:00,15,
2025.07.15 11:54:59,scan_skipped_same_execution_bar,USDJPY,2025.07.15 11:30:00,0,
2025.07.15 12:04:59,scan_executed_new_execution_bar,USDJPY,2025.07.15 11:45:00,0,
2025.07.15 12:09:59,scan_skipped_same_execution_bar,USDJPY,2025.07.15 11:45:00,0,
2025.07.15 12:19:58,scan_executed_new_execution_bar,USDJPY,2025.07.15 12:00:00,0,
2025.07.15 12:24:59,scan_skipped_same_execution_bar,USDJPY,2025.07.15 12:00:00,0,
2025.07.15 12:34:59,scan_executed_new_execution_bar,USDJPY,2025.07.15 12:15:00,0,
2025.07.15 12:39:59,scan_skipped_same_execution_bar,USDJPY,2025.07.15 12:15:00,0,
2025.07.15 12:49:59,scan_executed_new_execution_bar,USDJPY,2025.07.15 12:30:00,0,
2025.07.15 12:54:59,scan_skipped_same_execution_bar,USDJPY,2025.07.15 12:30:00,0,
2025.07.15 13:04:59,scan_executed_new_execution_bar,USDJPY,2025.07.15 12:45:00,0,
2025.07.15 13:09:59,scan_skipped_same_execution_bar,USDJPY,2025.07.15 12:45:00,0,
2025.07.15 13:19:56,scan_executed_new_execution_bar,USDJPY,2025.07.15 13:00:00,0,
2025.07.15 13:24:59,scan_skipped_same_execution_bar,USDJPY,2025.07.15 13:00:00,0,
2025.07.15 13:34:59,scan_executed_new_execution_bar,USDJPY,2025.07.15 13:15:00,0,
2025.07.15 13:39:59,scan_skipped_same_execution_bar,USDJPY,2025.07.15 13:15:00,0,
2025.07.15 13:49:58,scan_executed_new_execution_bar,USDJPY,2025.07.15 13:30:00,0,
2025.07.15 13:54:59,scan_skipped_same_execution_bar,USDJPY,2025.07.15 13:30:00,0,
2025.07.15 14:04:59,scan_executed_new_execution_bar,USDJPY,2025.07.15 13:45:00,0,
2025.07.15 14:09:59,scan_skipped_same_execution_bar,USDJPY,2025.07.15 13:45:00,0,
2025.07.15 14:19:59,scan_executed_new_execution_bar,USDJPY,2025.07.15 14:00:00,0,
2025.07.15 14:24:59,scan_skipped_same_execution_bar,USDJPY,2025.07.15 14:00:00,0,
2025.07.15 14:34:59,scan_executed_new_execution_bar,USDJPY,2025.07.15 14:15:00,0,
2025.07.15 14:39:59,scan_skipped_same_execution_bar,USDJPY,2025.07.15 14:15:00,0,
2025.07.15 14:49:59,scan_executed_new_execution_bar,USDJPY,2025.07.15 14:30:00,0,
2025.07.15 14:54:59,scan_skipped_same_execution_bar,USDJPY,2025.07.15 14:30:00,0,
2025.07.15 15:04:59,scan_executed_new_execution_bar,USDJPY,2025.07.15 14:45:00,0,
2025.07.15 15:09:59,scan_skipped_same_execution_bar,USDJPY,2025.07.15 14:45:00,0,
2025.07.15 15:19:59,scan_executed_new_execution_bar,USDJPY,2025.07.15 15:00:00,0,
2025.07.15 15:24:59,scan_skipped_same_execution_bar,USDJPY,2025.07.15 15:00:00,0,
2025.07.15 15:34:59,scan_executed_new_execution_bar,USDJPY,2025.07.15 15:15:00,0,
2025.07.15 15:39:59,scan_skipped_same_execution_bar,USDJPY,2025.07.15 15:15:00,0,
2025.07.15 15:49:59,scan_executed_new_execution_bar,USDJPY,2025.07.15 15:30:00,0,
2025.07.15 15:54:59,scan_skipped_same_execution_bar,USDJPY,2025.07.15 15:30:00,0,
2025.07.15 16:04:59,scan_executed_new_execution_bar,USDJPY,2025.07.15 15:45:00,47,
2025.07.15 16:10:00,scan_skipped_same_execution_bar,USDJPY,2025.07.15 15:45:00,0,
2025.07.15 16:19:59,scan_executed_new_execution_bar,USDJPY,2025.07.15 16:00:00,16,
2025.07.15 16:24:59,scan_skipped_same_execution_bar,USDJPY,2025.07.15 16:00:00,0,
2025.07.15 16:34:59,scan_executed_new_execution_bar,USDJPY,2025.07.15 16:15:00,0,
2025.07.15 16:39:59,scan_skipped_same_execution_bar,USDJPY,2025.07.15 16:15:00,0,
2025.07.15 16:49:59,scan_executed_new_execution_bar,USDJPY,2025.07.15 16:30:00,0,
2025.07.15 16:54:59,scan_skipped_same_execution_bar,USDJPY,2025.07.15 16:30:00,0,
2025.07.15 17:04:59,scan_executed_new_execution_bar,USDJPY,2025.07.15 16:45:00,0,
2025.07.15 17:09:59,scan_skipped_same_execution_bar,USDJPY,2025.07.15 16:45:00,0,
2025.07.15 17:19:59,scan_executed_new_execution_bar,USDJPY,2025.07.15 17:00:00,0,
2025.07.15 17:24:59,scan_skipped_same_execution_bar,USDJPY,2025.07.15 17:00:00,0,
2025.07.15 17:34:59,scan_executed_new_execution_bar,USDJPY,2025.07.15 17:15:00,0,
2025.07.15 17:39:59,scan_skipped_same_execution_bar,USDJPY,2025.07.15 17:15:00,0,
2025.07.15 17:49:59,scan_executed_new_execution_bar,USDJPY,2025.07.15 17:30:00,0,
2025.07.15 17:54:59,scan_skipped_same_execution_bar,USDJPY,2025.07.15 17:30:00,0,
2025.07.15 18:05:00,scan_executed_new_execution_bar,USDJPY,2025.07.15 17:45:00,16,
2025.07.15 18:09:59,scan_skipped_same_execution_bar,USDJPY,2025.07.15 17:45:00,0,
2025.07.15 18:19:59,scan_executed_new_execution_bar,USDJPY,2025.07.15 18:00:00,31,
2025.07.15 18:24:59,scan_skipped_same_execution_bar,USDJPY,2025.07.15 18:00:00,0,
2025.07.15 18:34:59,scan_executed_new_execution_bar,USDJPY,2025.07.15 18:15:00,0,
2025.07.15 18:39:59,scan_skipped_same_execution_bar,USDJPY,2025.07.15 18:15:00,0,
2025.07.15 18:49:59,scan_executed_new_execution_bar,USDJPY,2025.07.15 18:30:00,0,
2025.07.15 18:54:59,scan_skipped_same_execution_bar,USDJPY,2025.07.15 18:30:00,0,
2025.07.15 19:04:59,scan_executed_new_execution_bar,USDJPY,2025.07.15 18:45:00,62,
2025.07.15 19:09:59,scan_skipped_same_execution_bar,USDJPY,2025.07.15 18:45:00,0,
2025.07.15 19:19:59,scan_executed_new_execution_bar,USDJPY,2025.07.15 19:00:00,0,
2025.07.15 19:24:59,scan_skipped_same_execution_bar,USDJPY,2025.07.15 19:00:00,0,
2025.07.15 19:34:59,scan_executed_new_execution_bar,USDJPY,2025.07.15 19:15:00,0,
2025.07.15 19:39:59,scan_skipped_same_execution_bar,USDJPY,2025.07.15 19:15:00,0,
2025.07.15 19:45:00,scan_executed_new_execution_bar,USDJPY,2025.07.15 19:30:00,0,
2025.07.15 19:49:59,scan_skipped_same_execution_bar,USDJPY,2025.07.15 19:30:00,0,
2025.07.15 20:04:59,scan_executed_new_execution_bar,USDJPY,2025.07.15 19:45:00,0,
2025.07.15 20:09:59,scan_skipped_same_execution_bar,USDJPY,2025.07.15 19:45:00,0,
2025.07.15 20:19:59,scan_executed_new_execution_bar,USDJPY,2025.07.15 20:00:00,16,
2025.07.15 20:24:59,scan_skipped_same_execution_bar,USDJPY,2025.07.15 20:00:00,0,
2025.07.15 20:34:59,scan_executed_new_execution_bar,USDJPY,2025.07.15 20:15:00,0,
2025.07.15 20:39:59,scan_skipped_same_execution_bar,USDJPY,2025.07.15 20:15:00,0,
2025.07.15 20:49:59,scan_executed_new_execution_bar,USDJPY,2025.07.15 20:30:00,31,
2025.07.15 20:54:59,scan_skipped_same_execution_bar,USDJPY,2025.07.15 20:30:00,0,
2025.07.15 21:04:59,scan_executed_new_execution_bar,USDJPY,2025.07.15 20:45:00,0,
2025.07.15 21:09:59,scan_skipped_same_execution_bar,USDJPY,2025.07.15 20:45:00,0,
2025.07.15 21:19:59,scan_executed_new_execution_bar,USDJPY,2025.07.15 21:00:00,32,
2025.07.15 21:24:59,scan_skipped_same_execution_bar,USDJPY,2025.07.15 21:00:00,0,
2025.07.15 21:34:59,scan_executed_new_execution_bar,USDJPY,2025.07.15 21:15:00,0,
2025.07.15 21:39:59,scan_skipped_same_execution_bar,USDJPY,2025.07.15 21:15:00,0,
2025.07.15 21:49:59,scan_executed_new_execution_bar,USDJPY,2025.07.15 21:30:00,32,
2025.07.15 21:54:59,scan_skipped_same_execution_bar,USDJPY,2025.07.15 21:30:00,0,
2025.07.15 22:04:59,scan_executed_new_execution_bar,USDJPY,2025.07.15 21:45:00,15,
2025.07.15 22:09:59,scan_skipped_same_execution_bar,USDJPY,2025.07.15 21:45:00,0,
2025.07.15 22:19:59,scan_executed_new_execution_bar,USDJPY,2025.07.15 22:00:00,0,
2025.07.15 22:24:59,scan_skipped_same_execution_bar,USDJPY,2025.07.15 22:00:00,0,
2025.07.15 22:35:00,scan_executed_new_execution_bar,USDJPY,2025.07.15 22:15:00,0,
2025.07.15 22:39:59,scan_skipped_same_execution_bar,USDJPY,2025.07.15 22:15:00,0,
2025.07.15 22:49:59,scan_executed_new_execution_bar,USDJPY,2025.07.15 22:30:00,0,
2025.07.15 22:54:59,scan_skipped_same_execution_bar,USDJPY,2025.07.15 22:30:00,0,
2025.07.15 23:04:59,scan_executed_new_execution_bar,USDJPY,2025.07.15 22:45:00,0,
2025.07.15 23:09:58,scan_skipped_same_execution_bar,USDJPY,2025.07.15 22:45:00,0,
2025.07.15 23:19:57,scan_executed_new_execution_bar,USDJPY,2025.07.15 23:00:00,0,
2025.07.15 23:24:58,scan_skipped_same_execution_bar,USDJPY,2025.07.15 23:00:00,0,
2025.07.15 23:34:59,scan_executed_new_execution_bar,USDJPY,2025.07.15 23:15:00,0,
2025.07.15 23:39:59,scan_skipped_same_execution_bar,USDJPY,2025.07.15 23:15:00,0,
2025.07.15 23:49:59,scan_executed_new_execution_bar,USDJPY,2025.07.15 23:30:00,0,
2025.07.15 23:54:59,scan_skipped_same_execution_bar,USDJPY,2025.07.15 23:30:00,0,
2025.07.16 00:05:00,scan_executed_new_execution_bar,USDJPY,2025.07.15 23:45:00,0,
2025.07.16 00:09:53,scan_skipped_same_execution_bar,USDJPY,2025.07.15 23:45:00,0,
2025.07.16 00:19:44,scan_executed_new_execution_bar,USDJPY,2025.07.16 00:00:00,0,
2025.07.16 00:25:00,scan_skipped_same_execution_bar,USDJPY,2025.07.16 00:00:00,0,
2025.07.16 00:35:00,scan_executed_new_execution_bar,USDJPY,2025.07.16 00:15:00,0,
2025.07.16 00:39:59,scan_skipped_same_execution_bar,USDJPY,2025.07.16 00:15:00,0,
2025.07.16 00:49:59,scan_executed_new_execution_bar,USDJPY,2025.07.16 00:30:00,0,
2025.07.16 00:54:56,scan_skipped_same_execution_bar,USDJPY,2025.07.16 00:30:00,0,
2025.07.16 01:04:54,scan_executed_new_execution_bar,USDJPY,2025.07.16 00:45:00,0,
2025.07.16 01:09:59,scan_skipped_same_execution_bar,USDJPY,2025.07.16 00:45:00,0,
2025.07.16 01:19:58,scan_executed_new_execution_bar,USDJPY,2025.07.16 01:00:00,0,
2025.07.16 01:24:59,scan_skipped_same_execution_bar,USDJPY,2025.07.16 01:00:00,0,
2025.07.16 01:34:59,scan_executed_new_execution_bar,USDJPY,2025.07.16 01:15:00,0,
2025.07.16 01:39:59,scan_skipped_same_execution_bar,USDJPY,2025.07.16 01:15:00,0,
2025.07.16 01:49:58,scan_executed_new_execution_bar,USDJPY,2025.07.16 01:30:00,0,
2025.07.16 01:54:59,scan_skipped_same_execution_bar,USDJPY,2025.07.16 01:30:00,0,
2025.07.16 02:04:59,scan_executed_new_execution_bar,USDJPY,2025.07.16 01:45:00,0,
2025.07.16 02:09:59,scan_skipped_same_execution_bar,USDJPY,2025.07.16 01:45:00,0,
2025.07.16 02:19:59,scan_executed_new_execution_bar,USDJPY,2025.07.16 02:00:00,0,
2025.07.16 02:24:59,scan_skipped_same_execution_bar,USDJPY,2025.07.16 02:00:00,0,
2025.07.16 02:34:57,scan_executed_new_execution_bar,USDJPY,2025.07.16 02:15:00,0,
2025.07.16 02:39:59,scan_skipped_same_execution_bar,USDJPY,2025.07.16 02:15:00,0,
2025.07.16 02:49:59,scan_executed_new_execution_bar,USDJPY,2025.07.16 02:30:00,0,
2025.07.16 02:54:58,scan_skipped_same_execution_bar,USDJPY,2025.07.16 02:30:00,0,
2025.07.16 03:04:59,scan_executed_new_execution_bar,USDJPY,2025.07.16 02:45:00,0,
2025.07.16 03:09:59,scan_skipped_same_execution_bar,USDJPY,2025.07.16 02:45:00,0,
2025.07.16 03:19:59,scan_executed_new_execution_bar,USDJPY,2025.07.16 03:00:00,0,
2025.07.16 03:24:59,scan_skipped_same_execution_bar,USDJPY,2025.07.16 03:00:00,0,
2025.07.16 03:34:59,scan_executed_new_execution_bar,USDJPY,2025.07.16 03:15:00,0,
2025.07.16 03:39:59,scan_skipped_same_execution_bar,USDJPY,2025.07.16 03:15:00,0,
2025.07.16 03:49:59,scan_executed_new_execution_bar,USDJPY,2025.07.16 03:30:00,16,
2025.07.16 03:54:59,scan_skipped_same_execution_bar,USDJPY,2025.07.16 03:30:00,0,
2025.07.16 04:04:59,scan_executed_new_execution_bar,USDJPY,2025.07.16 03:45:00,0,
2025.07.16 04:09:59,scan_skipped_same_execution_bar,USDJPY,2025.07.16 03:45:00,0,
2025.07.16 04:19:59,scan_executed_new_execution_bar,USDJPY,2025.07.16 04:00:00,31,
2025.07.16 04:24:59,scan_skipped_same_execution_bar,USDJPY,2025.07.16 04:00:00,0,
2025.07.16 04:34:59,scan_executed_new_execution_bar,USDJPY,2025.07.16 04:15:00,16,
2025.07.16 04:39:59,scan_skipped_same_execution_bar,USDJPY,2025.07.16 04:15:00,0,
2025.07.16 04:49:59,scan_executed_new_execution_bar,USDJPY,2025.07.16 04:30:00,0,
2025.07.16 04:55:00,scan_skipped_same_execution_bar,USDJPY,2025.07.16 04:30:00,0,
2025.07.16 05:04:59,scan_executed_new_execution_bar,USDJPY,2025.07.16 04:45:00,0,
2025.07.16 05:09:59,scan_skipped_same_execution_bar,USDJPY,2025.07.16 04:45:00,0,
2025.07.16 05:19:59,scan_executed_new_execution_bar,USDJPY,2025.07.16 05:00:00,0,
2025.07.16 05:24:58,scan_skipped_same_execution_bar,USDJPY,2025.07.16 05:00:00,0,
2025.07.16 05:34:59,scan_executed_new_execution_bar,USDJPY,2025.07.16 05:15:00,0,
2025.07.16 05:39:59,scan_skipped_same_execution_bar,USDJPY,2025.07.16 05:15:00,0,
2025.07.16 05:49:59,scan_executed_new_execution_bar,USDJPY,2025.07.16 05:30:00,31,
2025.07.16 05:54:59,scan_skipped_same_execution_bar,USDJPY,2025.07.16 05:30:00,0,
2025.07.16 06:04:59,scan_executed_new_execution_bar,USDJPY,2025.07.16 05:45:00,0,
2025.07.16 06:09:58,scan_skipped_same_execution_bar,USDJPY,2025.07.16 05:45:00,0,
2025.07.16 06:19:59,scan_executed_new_execution_bar,USDJPY,2025.07.16 06:00:00,0,
2025.07.16 06:24:58,scan_skipped_same_execution_bar,USDJPY,2025.07.16 06:00:00,0,
2025.07.16 06:34:59,scan_executed_new_execution_bar,USDJPY,2025.07.16 06:15:00,31,
2025.07.16 06:39:59,scan_skipped_same_execution_bar,USDJPY,2025.07.16 06:15:00,0,
2025.07.16 06:49:59,scan_executed_new_execution_bar,USDJPY,2025.07.16 06:30:00,0,
2025.07.16 06:54:59,scan_skipped_same_execution_bar,USDJPY,2025.07.16 06:30:00,0,
2025.07.16 07:05:00,scan_executed_new_execution_bar,USDJPY,2025.07.16 06:45:00,0,
2025.07.16 07:09:59,scan_skipped_same_execution_bar,USDJPY,2025.07.16 06:45:00,0,
2025.07.16 07:19:59,scan_executed_new_execution_bar,USDJPY,2025.07.16 07:00:00,0,
2025.07.16 07:24:59,scan_skipped_same_execution_bar,USDJPY,2025.07.16 07:00:00,0,
2025.07.16 07:34:59,scan_executed_new_execution_bar,USDJPY,2025.07.16 07:15:00,0,
2025.07.16 07:39:59,scan_skipped_same_execution_bar,USDJPY,2025.07.16 07:15:00,0,
2025.07.16 07:49:59,scan_executed_new_execution_bar,USDJPY,2025.07.16 07:30:00,15,
2025.07.16 07:54:59,scan_skipped_same_execution_bar,USDJPY,2025.07.16 07:30:00,0,
2025.07.16 08:04:59,scan_executed_new_execution_bar,USDJPY,2025.07.16 07:45:00,16,
2025.07.16 08:09:59,scan_skipped_same_execution_bar,USDJPY,2025.07.16 07:45:00,0,
2025.07.16 08:19:57,scan_executed_new_execution_bar,USDJPY,2025.07.16 08:00:00,16,
2025.07.16 08:24:59,scan_skipped_same_execution_bar,USDJPY,2025.07.16 08:00:00,0,
2025.07.16 08:34:56,scan_executed_new_execution_bar,USDJPY,2025.07.16 08:15:00,0,
2025.07.16 08:39:59,scan_skipped_same_execution_bar,USDJPY,2025.07.16 08:15:00,0,
2025.07.16 08:49:59,scan_executed_new_execution_bar,USDJPY,2025.07.16 08:30:00,0,
2025.07.16 08:54:59,scan_skipped_same_execution_bar,USDJPY,2025.07.16 08:30:00,0,
2025.07.16 09:04:59,scan_executed_new_execution_bar,USDJPY,2025.07.16 08:45:00,0,
2025.07.16 09:09:59,scan_skipped_same_execution_bar,USDJPY,2025.07.16 08:45:00,0,
2025.07.16 09:19:59,scan_executed_new_execution_bar,USDJPY,2025.07.16 09:00:00,0,
2025.07.16 09:24:57,scan_skipped_same_execution_bar,USDJPY,2025.07.16 09:00:00,0,
2025.07.16 09:34:59,scan_executed_new_execution_bar,USDJPY,2025.07.16 09:15:00,0,
2025.07.16 09:39:59,scan_skipped_same_execution_bar,USDJPY,2025.07.16 09:15:00,0,
2025.07.16 09:49:59,scan_executed_new_execution_bar,USDJPY,2025.07.16 09:30:00,0,
2025.07.16 09:54:58,scan_skipped_same_execution_bar,USDJPY,2025.07.16 09:30:00,0,
2025.07.16 10:04:59,scan_executed_new_execution_bar,USDJPY,2025.07.16 09:45:00,0,
2025.07.16 10:09:59,scan_skipped_same_execution_bar,USDJPY,2025.07.16 09:45:00,0,
2025.07.16 10:19:59,scan_executed_new_execution_bar,USDJPY,2025.07.16 10:00:00,15,
2025.07.16 10:24:59,scan_skipped_same_execution_bar,USDJPY,2025.07.16 10:00:00,0,
2025.07.16 10:34:59,scan_executed_new_execution_bar,USDJPY,2025.07.16 10:15:00,16,
2025.07.16 10:39:59,scan_skipped_same_execution_bar,USDJPY,2025.07.16 10:15:00,0,
2025.07.16 10:49:59,scan_executed_new_execution_bar,USDJPY,2025.07.16 10:30:00,15,
2025.07.16 10:54:58,scan_skipped_same_execution_bar,USDJPY,2025.07.16 10:30:00,0,
2025.07.16 11:04:59,scan_executed_new_execution_bar,USDJPY,2025.07.16 10:45:00,0,
2025.07.16 11:09:59,scan_skipped_same_execution_bar,USDJPY,2025.07.16 10:45:00,0,
2025.07.16 11:19:59,scan_executed_new_execution_bar,USDJPY,2025.07.16 11:00:00,0,
2025.07.16 11:24:59,scan_skipped_same_execution_bar,USDJPY,2025.07.16 11:00:00,0,
2025.07.16 11:34:56,scan_executed_new_execution_bar,USDJPY,2025.07.16 11:15:00,16,
2025.07.16 11:39:59,scan_skipped_same_execution_bar,USDJPY,2025.07.16 11:15:00,0,
2025.07.16 11:49:59,scan_executed_new_execution_bar,USDJPY,2025.07.16 11:30:00,0,
2025.07.16 11:54:59,scan_skipped_same_execution_bar,USDJPY,2025.07.16 11:30:00,0,
2025.07.16 12:04:59,scan_executed_new_execution_bar,USDJPY,2025.07.16 11:45:00,0,
2025.07.16 12:10:00,scan_skipped_same_execution_bar,USDJPY,2025.07.16 11:45:00,0,
2025.07.16 12:19:59,scan_executed_new_execution_bar,USDJPY,2025.07.16 12:00:00,0,
2025.07.16 12:24:59,scan_skipped_same_execution_bar,USDJPY,2025.07.16 12:00:00,0,
2025.07.16 12:34:58,scan_executed_new_execution_bar,USDJPY,2025.07.16 12:15:00,0,
2025.07.16 12:39:59,scan_skipped_same_execution_bar,USDJPY,2025.07.16 12:15:00,0,
2025.07.16 12:49:59,scan_executed_new_execution_bar,USDJPY,2025.07.16 12:30:00,0,
2025.07.16 12:54:59,scan_skipped_same_execution_bar,USDJPY,2025.07.16 12:30:00,0,
2025.07.16 13:04:59,scan_executed_new_execution_bar,USDJPY,2025.07.16 12:45:00,31,
2025.07.16 13:09:59,scan_skipped_same_execution_bar,USDJPY,2025.07.16 12:45:00,0,
2025.07.16 13:19:58,scan_executed_new_execution_bar,USDJPY,2025.07.16 13:00:00,0,
2025.07.16 13:24:59,scan_skipped_same_execution_bar,USDJPY,2025.07.16 13:00:00,0,
2025.07.16 13:34:59,scan_executed_new_execution_bar,USDJPY,2025.07.16 13:15:00,0,
2025.07.16 13:39:59,scan_skipped_same_execution_bar,USDJPY,2025.07.16 13:15:00,0,
2025.07.16 13:49:59,scan_executed_new_execution_bar,USDJPY,2025.07.16 13:30:00,0,
2025.07.16 13:54:59,scan_skipped_same_execution_bar,USDJPY,2025.07.16 13:30:00,0,
2025.07.16 14:04:59,scan_executed_new_execution_bar,USDJPY,2025.07.16 13:45:00,16,
2025.07.16 14:09:59,scan_skipped_same_execution_bar,USDJPY,2025.07.16 13:45:00,0,
2025.07.16 14:19:59,scan_executed_new_execution_bar,USDJPY,2025.07.16 14:00:00,0,
2025.07.16 14:24:59,scan_skipped_same_execution_bar,USDJPY,2025.07.16 14:00:00,0,
2025.07.16 14:34:59,scan_executed_new_execution_bar,USDJPY,2025.07.16 14:15:00,31,
2025.07.16 14:39:59,scan_skipped_same_execution_bar,USDJPY,2025.07.16 14:15:00,0,
2025.07.16 14:49:58,scan_executed_new_execution_bar,USDJPY,2025.07.16 14:30:00,0,
2025.07.16 14:54:59,scan_skipped_same_execution_bar,USDJPY,2025.07.16 14:30:00,0,
2025.07.16 15:04:59,scan_executed_new_execution_bar,USDJPY,2025.07.16 14:45:00,16,
2025.07.16 15:09:59,scan_skipped_same_execution_bar,USDJPY,2025.07.16 14:45:00,0,
2025.07.16 15:19:59,scan_executed_new_execution_bar,USDJPY,2025.07.16 15:00:00,0,
2025.07.16 15:24:59,scan_skipped_same_execution_bar,USDJPY,2025.07.16 15:00:00,0,
2025.07.16 15:34:59,scan_executed_new_execution_bar,USDJPY,2025.07.16 15:15:00,0,
2025.07.16 15:39:59,scan_skipped_same_execution_bar,USDJPY,2025.07.16 15:15:00,0,
2025.07.16 15:49:59,scan_executed_new_execution_bar,USDJPY,2025.07.16 15:30:00,16,
2025.07.16 15:54:59,scan_skipped_same_execution_bar,USDJPY,2025.07.16 15:30:00,0,
2025.07.16 16:04:59,scan_executed_new_execution_bar,USDJPY,2025.07.16 15:45:00,0,
2025.07.16 16:09:59,scan_skipped_same_execution_bar,USDJPY,2025.07.16 15:45:00,0,
2025.07.16 16:19:59,scan_executed_new_execution_bar,USDJPY,2025.07.16 16:00:00,15,
2025.07.16 16:24:59,scan_skipped_same_execution_bar,USDJPY,2025.07.16 16:00:00,0,
2025.07.16 16:34:59,scan_executed_new_execution_bar,USDJPY,2025.07.16 16:15:00,32,
2025.07.16 16:39:59,scan_skipped_same_execution_bar,USDJPY,2025.07.16 16:15:00,0,
2025.07.16 16:49:59,scan_executed_new_execution_bar,USDJPY,2025.07.16 16:30:00,0,
2025.07.16 16:54:59,scan_skipped_same_execution_bar,USDJPY,2025.07.16 16:30:00,0,
2025.07.16 17:04:59,scan_executed_new_execution_bar,USDJPY,2025.07.16 16:45:00,16,
2025.07.16 17:09:59,scan_skipped_same_execution_bar,USDJPY,2025.07.16 16:45:00,0,
2025.07.16 17:19:59,scan_executed_new_execution_bar,USDJPY,2025.07.16 17:00:00,16,
2025.07.16 17:24:59,scan_skipped_same_execution_bar,USDJPY,2025.07.16 17:00:00,0,
2025.07.16 17:34:59,scan_executed_new_execution_bar,USDJPY,2025.07.16 17:15:00,15,
2025.07.16 17:39:59,scan_skipped_same_execution_bar,USDJPY,2025.07.16 17:15:00,0,
2025.07.16 17:49:59,scan_executed_new_execution_bar,USDJPY,2025.07.16 17:30:00,0,
2025.07.16 17:54:59,scan_skipped_same_execution_bar,USDJPY,2025.07.16 17:30:00,0,
2025.07.16 18:04:59,scan_executed_new_execution_bar,USDJPY,2025.07.16 17:45:00,0,
2025.07.16 18:09:59,scan_skipped_same_execution_bar,USDJPY,2025.07.16 17:45:00,0,
2025.07.16 18:19:59,scan_executed_new_execution_bar,USDJPY,2025.07.16 18:00:00,0,
2025.07.16 18:24:59,scan_skipped_same_execution_bar,USDJPY,2025.07.16 18:00:00,0,
2025.07.16 18:34:59,scan_executed_new_execution_bar,USDJPY,2025.07.16 18:15:00,0,
2025.07.16 18:39:59,scan_skipped_same_execution_bar,USDJPY,2025.07.16 18:15:00,0,
2025.07.16 18:49:59,scan_executed_new_execution_bar,USDJPY,2025.07.16 18:30:00,0,
2025.07.16 18:54:59,scan_skipped_same_execution_bar,USDJPY,2025.07.16 18:30:00,0,
2025.07.16 19:04:59,scan_executed_new_execution_bar,USDJPY,2025.07.16 18:45:00,16,
2025.07.16 19:09:59,scan_skipped_same_execution_bar,USDJPY,2025.07.16 18:45:00,0,
2025.07.16 19:19:59,scan_executed_new_execution_bar,USDJPY,2025.07.16 19:00:00,15,
2025.07.16 19:24:59,scan_skipped_same_execution_bar,USDJPY,2025.07.16 19:00:00,0,
2025.07.16 19:34:59,scan_executed_new_execution_bar,USDJPY,2025.07.16 19:15:00,16,
2025.07.16 19:39:59,scan_skipped_same_execution_bar,USDJPY,2025.07.16 19:15:00,0,
2025.07.16 19:49:59,scan_executed_new_execution_bar,USDJPY,2025.07.16 19:30:00,15,
2025.07.16 19:54:59,scan_skipped_same_execution_bar,USDJPY,2025.07.16 19:30:00,0,
2025.07.16 20:04:59,scan_executed_new_execution_bar,USDJPY,2025.07.16 19:45:00,0,
2025.07.16 20:09:59,scan_skipped_same_execution_bar,USDJPY,2025.07.16 19:45:00,0,
2025.07.16 20:19:59,scan_executed_new_execution_bar,USDJPY,2025.07.16 20:00:00,0,
2025.07.16 20:24:59,scan_skipped_same_execution_bar,USDJPY,2025.07.16 20:00:00,0,
2025.07.16 20:34:59,scan_executed_new_execution_bar,USDJPY,2025.07.16 20:15:00,0,
2025.07.16 20:39:59,scan_skipped_same_execution_bar,USDJPY,2025.07.16 20:15:00,0,
2025.07.16 20:49:59,scan_executed_new_execution_bar,USDJPY,2025.07.16 20:30:00,0,
2025.07.16 20:54:59,scan_skipped_same_execution_bar,USDJPY,2025.07.16 20:30:00,0,
2025.07.16 21:04:59,scan_executed_new_execution_bar,USDJPY,2025.07.16 20:45:00,0,
2025.07.16 21:09:59,scan_skipped_same_execution_bar,USDJPY,2025.07.16 20:45:00,0,
2025.07.16 21:19:59,scan_executed_new_execution_bar,USDJPY,2025.07.16 21:00:00,0,
2025.07.16 21:24:59,scan_skipped_same_execution_bar,USDJPY,2025.07.16 21:00:00,0,
2025.07.16 21:34:59,scan_executed_new_execution_bar,USDJPY,2025.07.16 21:15:00,31,
2025.07.16 21:39:58,scan_skipped_same_execution_bar,USDJPY,2025.07.16 21:15:00,0,
2025.07.16 21:50:00,scan_executed_new_execution_bar,USDJPY,2025.07.16 21:30:00,0,
2025.07.16 21:54:59,scan_skipped_same_execution_bar,USDJPY,2025.07.16 21:30:00,0,
2025.07.16 22:04:59,scan_executed_new_execution_bar,USDJPY,2025.07.16 21:45:00,0,
2025.07.16 22:09:59,scan_skipped_same_execution_bar,USDJPY,2025.07.16 21:45:00,0,
2025.07.16 22:19:58,scan_executed_new_execution_bar,USDJPY,2025.07.16 22:00:00,0,
2025.07.16 22:24:59,scan_skipped_same_execution_bar,USDJPY,2025.07.16 22:00:00,0,
2025.07.16 22:34:59,scan_executed_new_execution_bar,USDJPY,2025.07.16 22:15:00,0,
2025.07.16 22:39:59,scan_skipped_same_execution_bar,USDJPY,2025.07.16 22:15:00,0,
2025.07.16 22:49:59,scan_executed_new_execution_bar,USDJPY,2025.07.16 22:30:00,0,
2025.07.16 22:54:59,scan_skipped_same_execution_bar,USDJPY,2025.07.16 22:30:00,0,
2025.07.16 23:04:59,scan_executed_new_execution_bar,USDJPY,2025.07.16 22:45:00,0,
2025.07.16 23:09:59,scan_skipped_same_execution_bar,USDJPY,2025.07.16 22:45:00,0,
2025.07.16 23:20:00,scan_executed_new_execution_bar,USDJPY,2025.07.16 23:00:00,0,
2025.07.16 23:24:59,scan_skipped_same_execution_bar,USDJPY,2025.07.16 23:00:00,0,
2025.07.16 23:34:59,scan_executed_new_execution_bar,USDJPY,2025.07.16 23:15:00,0,
2025.07.16 23:39:59,scan_skipped_same_execution_bar,USDJPY,2025.07.16 23:15:00,0,
2025.07.16 23:49:59,scan_executed_new_execution_bar,USDJPY,2025.07.16 23:30:00,0,
2025.07.16 23:54:59,scan_skipped_same_execution_bar,USDJPY,2025.07.16 23:30:00,0,
2025.07.17 00:05:00,scan_executed_new_execution_bar,USDJPY,2025.07.16 23:45:00,0,
2025.07.17 00:09:59,scan_skipped_same_execution_bar,USDJPY,2025.07.16 23:45:00,0,
2025.07.17 00:19:58,scan_executed_new_execution_bar,USDJPY,2025.07.17 00:00:00,0,
2025.07.17 00:24:58,scan_skipped_same_execution_bar,USDJPY,2025.07.17 00:00:00,0,
2025.07.17 00:34:59,scan_executed_new_execution_bar,USDJPY,2025.07.17 00:15:00,0,
2025.07.17 00:39:59,scan_skipped_same_execution_bar,USDJPY,2025.07.17 00:15:00,0,
2025.07.17 00:49:59,scan_executed_new_execution_bar,USDJPY,2025.07.17 00:30:00,0,
2025.07.17 00:54:59,scan_skipped_same_execution_bar,USDJPY,2025.07.17 00:30:00,0,
2025.07.17 01:04:59,scan_executed_new_execution_bar,USDJPY,2025.07.17 00:45:00,0,
2025.07.17 01:09:58,scan_skipped_same_execution_bar,USDJPY,2025.07.17 00:45:00,0,
2025.07.17 01:19:59,scan_executed_new_execution_bar,USDJPY,2025.07.17 01:00:00,0,
2025.07.17 01:24:59,scan_skipped_same_execution_bar,USDJPY,2025.07.17 01:00:00,0,
2025.07.17 01:35:00,scan_executed_new_execution_bar,USDJPY,2025.07.17 01:15:00,0,
2025.07.17 01:39:58,scan_skipped_same_execution_bar,USDJPY,2025.07.17 01:15:00,0,
2025.07.17 01:49:58,scan_executed_new_execution_bar,USDJPY,2025.07.17 01:30:00,0,
2025.07.17 01:54:59,scan_skipped_same_execution_bar,USDJPY,2025.07.17 01:30:00,0,
2025.07.17 02:04:59,scan_executed_new_execution_bar,USDJPY,2025.07.17 01:45:00,0,
2025.07.17 02:09:57,scan_skipped_same_execution_bar,USDJPY,2025.07.17 01:45:00,0,
2025.07.17 02:19:54,scan_executed_new_execution_bar,USDJPY,2025.07.17 02:00:00,0,
2025.07.17 02:24:58,scan_skipped_same_execution_bar,USDJPY,2025.07.17 02:00:00,0,
2025.07.17 02:34:59,scan_executed_new_execution_bar,USDJPY,2025.07.17 02:15:00,15,
2025.07.17 02:39:58,scan_skipped_same_execution_bar,USDJPY,2025.07.17 02:15:00,0,
2025.07.17 02:49:59,scan_executed_new_execution_bar,USDJPY,2025.07.17 02:30:00,0,
2025.07.17 02:54:59,scan_skipped_same_execution_bar,USDJPY,2025.07.17 02:30:00,0,
2025.07.17 03:04:58,scan_executed_new_execution_bar,USDJPY,2025.07.17 02:45:00,0,
2025.07.17 03:09:59,scan_skipped_same_execution_bar,USDJPY,2025.07.17 02:45:00,0,
2025.07.17 03:19:59,scan_executed_new_execution_bar,USDJPY,2025.07.17 03:00:00,0,
2025.07.17 03:24:59,scan_skipped_same_execution_bar,USDJPY,2025.07.17 03:00:00,0,
2025.07.17 03:35:00,scan_executed_new_execution_bar,USDJPY,2025.07.17 03:15:00,0,
2025.07.17 03:39:59,scan_skipped_same_execution_bar,USDJPY,2025.07.17 03:15:00,0,
2025.07.17 03:49:59,scan_executed_new_execution_bar,USDJPY,2025.07.17 03:30:00,0,
2025.07.17 03:54:59,scan_skipped_same_execution_bar,USDJPY,2025.07.17 03:30:00,0,
2025.07.17 04:04:59,scan_executed_new_execution_bar,USDJPY,2025.07.17 03:45:00,0,
2025.07.17 04:09:59,scan_skipped_same_execution_bar,USDJPY,2025.07.17 03:45:00,0,
2025.07.17 04:19:58,scan_executed_new_execution_bar,USDJPY,2025.07.17 04:00:00,0,
2025.07.17 04:24:59,scan_skipped_same_execution_bar,USDJPY,2025.07.17 04:00:00,0,
2025.07.17 04:34:59,scan_executed_new_execution_bar,USDJPY,2025.07.17 04:15:00,0,
2025.07.17 04:39:59,scan_skipped_same_execution_bar,USDJPY,2025.07.17 04:15:00,0,
2025.07.17 04:49:59,scan_executed_new_execution_bar,USDJPY,2025.07.17 04:30:00,0,
2025.07.17 04:54:59,scan_skipped_same_execution_bar,USDJPY,2025.07.17 04:30:00,0,
2025.07.17 05:04:59,scan_executed_new_execution_bar,USDJPY,2025.07.17 04:45:00,0,
2025.07.17 05:09:59,scan_skipped_same_execution_bar,USDJPY,2025.07.17 04:45:00,0,
2025.07.17 05:19:59,scan_executed_new_execution_bar,USDJPY,2025.07.17 05:00:00,0,
2025.07.17 05:24:59,scan_skipped_same_execution_bar,USDJPY,2025.07.17 05:00:00,0,
2025.07.17 05:34:59,scan_executed_new_execution_bar,USDJPY,2025.07.17 05:15:00,16,
2025.07.17 05:39:59,scan_skipped_same_execution_bar,USDJPY,2025.07.17 05:15:00,0,
2025.07.17 05:49:59,scan_executed_new_execution_bar,USDJPY,2025.07.17 05:30:00,0,
2025.07.17 05:54:59,scan_skipped_same_execution_bar,USDJPY,2025.07.17 05:30:00,0,
2025.07.17 06:04:59,scan_executed_new_execution_bar,USDJPY,2025.07.17 05:45:00,0,
2025.07.17 06:09:59,scan_skipped_same_execution_bar,USDJPY,2025.07.17 05:45:00,0,
2025.07.17 06:19:59,scan_executed_new_execution_bar,USDJPY,2025.07.17 06:00:00,0,
2025.07.17 06:24:58,scan_skipped_same_execution_bar,USDJPY,2025.07.17 06:00:00,0,
2025.07.17 06:34:57,scan_executed_new_execution_bar,USDJPY,2025.07.17 06:15:00,15,
2025.07.17 06:39:59,scan_skipped_same_execution_bar,USDJPY,2025.07.17 06:15:00,0,
2025.07.17 06:49:59,scan_executed_new_execution_bar,USDJPY,2025.07.17 06:30:00,0,
2025.07.17 06:54:59,scan_skipped_same_execution_bar,USDJPY,2025.07.17 06:30:00,0,
2025.07.17 07:04:57,scan_executed_new_execution_bar,USDJPY,2025.07.17 06:45:00,15,
2025.07.17 07:09:59,scan_skipped_same_execution_bar,USDJPY,2025.07.17 06:45:00,0,
2025.07.17 07:20:00,scan_executed_new_execution_bar,USDJPY,2025.07.17 07:00:00,0,
2025.07.17 07:24:56,scan_skipped_same_execution_bar,USDJPY,2025.07.17 07:00:00,0,
2025.07.17 07:34:59,scan_executed_new_execution_bar,USDJPY,2025.07.17 07:15:00,15,
2025.07.17 07:39:59,scan_skipped_same_execution_bar,USDJPY,2025.07.17 07:15:00,0,
2025.07.17 07:49:59,scan_executed_new_execution_bar,USDJPY,2025.07.17 07:30:00,16,
2025.07.17 07:54:59,scan_skipped_same_execution_bar,USDJPY,2025.07.17 07:30:00,0,
2025.07.17 08:04:59,scan_executed_new_execution_bar,USDJPY,2025.07.17 07:45:00,15,
2025.07.17 08:09:59,scan_skipped_same_execution_bar,USDJPY,2025.07.17 07:45:00,0,
2025.07.17 08:19:59,scan_executed_new_execution_bar,USDJPY,2025.07.17 08:00:00,0,
2025.07.17 08:24:59,scan_skipped_same_execution_bar,USDJPY,2025.07.17 08:00:00,0,
2025.07.17 08:34:59,scan_executed_new_execution_bar,USDJPY,2025.07.17 08:15:00,0,
2025.07.17 08:39:59,scan_skipped_same_execution_bar,USDJPY,2025.07.17 08:15:00,0,
2025.07.17 08:49:59,scan_executed_new_execution_bar,USDJPY,2025.07.17 08:30:00,0,
2025.07.17 08:55:00,scan_skipped_same_execution_bar,USDJPY,2025.07.17 08:30:00,0,
2025.07.17 09:04:59,scan_executed_new_execution_bar,USDJPY,2025.07.17 08:45:00,0,
2025.07.17 09:09:59,scan_skipped_same_execution_bar,USDJPY,2025.07.17 08:45:00,0,
2025.07.17 09:19:59,scan_executed_new_execution_bar,USDJPY,2025.07.17 09:00:00,0,
2025.07.17 09:25:00,scan_skipped_same_execution_bar,USDJPY,2025.07.17 09:00:00,0,
2025.07.17 09:34:59,scan_executed_new_execution_bar,USDJPY,2025.07.17 09:15:00,0,
2025.07.17 09:39:59,scan_skipped_same_execution_bar,USDJPY,2025.07.17 09:15:00,0,
2025.07.17 09:50:00,scan_executed_new_execution_bar,USDJPY,2025.07.17 09:30:00,0,
2025.07.17 09:54:59,scan_skipped_same_execution_bar,USDJPY,2025.07.17 09:30:00,0,
2025.07.17 10:05:00,scan_executed_new_execution_bar,USDJPY,2025.07.17 09:45:00,31,
2025.07.17 10:09:59,scan_skipped_same_execution_bar,USDJPY,2025.07.17 09:45:00,0,
2025.07.17 10:19:59,scan_executed_new_execution_bar,USDJPY,2025.07.17 10:00:00,0,
2025.07.17 10:24:59,scan_skipped_same_execution_bar,USDJPY,2025.07.17 10:00:00,0,
2025.07.17 10:34:59,scan_executed_new_execution_bar,USDJPY,2025.07.17 10:15:00,0,
2025.07.17 10:39:59,scan_skipped_same_execution_bar,USDJPY,2025.07.17 10:15:00,0,
2025.07.17 10:49:59,scan_executed_new_execution_bar,USDJPY,2025.07.17 10:30:00,0,
2025.07.17 10:54:59,scan_skipped_same_execution_bar,USDJPY,2025.07.17 10:30:00,0,
2025.07.17 11:04:59,scan_executed_new_execution_bar,USDJPY,2025.07.17 10:45:00,0,
2025.07.17 11:09:59,scan_skipped_same_execution_bar,USDJPY,2025.07.17 10:45:00,0,
2025.07.17 11:19:59,scan_executed_new_execution_bar,USDJPY,2025.07.17 11:00:00,16,
2025.07.17 11:24:59,scan_skipped_same_execution_bar,USDJPY,2025.07.17 11:00:00,0,
2025.07.17 11:34:59,scan_executed_new_execution_bar,USDJPY,2025.07.17 11:15:00,16,
2025.07.17 11:39:59,scan_skipped_same_execution_bar,USDJPY,2025.07.17 11:15:00,0,
2025.07.17 11:49:59,scan_executed_new_execution_bar,USDJPY,2025.07.17 11:30:00,15,
2025.07.17 11:54:59,scan_skipped_same_execution_bar,USDJPY,2025.07.17 11:30:00,0,
2025.07.17 12:04:59,scan_executed_new_execution_bar,USDJPY,2025.07.17 11:45:00,16,
2025.07.17 12:09:59,scan_skipped_same_execution_bar,USDJPY,2025.07.17 11:45:00,0,
2025.07.17 12:19:59,scan_executed_new_execution_bar,USDJPY,2025.07.17 12:00:00,0,
2025.07.17 12:24:59,scan_skipped_same_execution_bar,USDJPY,2025.07.17 12:00:00,0,
2025.07.17 12:34:59,scan_executed_new_execution_bar,USDJPY,2025.07.17 12:15:00,0,
2025.07.17 12:39:59,scan_skipped_same_execution_bar,USDJPY,2025.07.17 12:15:00,0,
2025.07.17 12:49:59,scan_executed_new_execution_bar,USDJPY,2025.07.17 12:30:00,16,
2025.07.17 12:54:59,scan_skipped_same_execution_bar,USDJPY,2025.07.17 12:30:00,0,
2025.07.17 13:04:59,scan_executed_new_execution_bar,USDJPY,2025.07.17 12:45:00,0,
2025.07.17 13:09:59,scan_skipped_same_execution_bar,USDJPY,2025.07.17 12:45:00,0,
2025.07.17 13:19:59,scan_executed_new_execution_bar,USDJPY,2025.07.17 13:00:00,0,
2025.07.17 13:24:59,scan_skipped_same_execution_bar,USDJPY,2025.07.17 13:00:00,0,
2025.07.17 13:34:58,scan_executed_new_execution_bar,USDJPY,2025.07.17 13:15:00,15,
2025.07.17 13:39:59,scan_skipped_same_execution_bar,USDJPY,2025.07.17 13:15:00,0,
2025.07.17 13:49:59,scan_executed_new_execution_bar,USDJPY,2025.07.17 13:30:00,16,
2025.07.17 13:54:59,scan_skipped_same_execution_bar,USDJPY,2025.07.17 13:30:00,0,
2025.07.17 14:04:59,scan_executed_new_execution_bar,USDJPY,2025.07.17 13:45:00,16,
2025.07.17 14:09:59,scan_skipped_same_execution_bar,USDJPY,2025.07.17 13:45:00,0,
2025.07.17 14:19:59,scan_executed_new_execution_bar,USDJPY,2025.07.17 14:00:00,15,
2025.07.17 14:24:59,scan_skipped_same_execution_bar,USDJPY,2025.07.17 14:00:00,0,
2025.07.17 14:34:58,scan_executed_new_execution_bar,USDJPY,2025.07.17 14:15:00,16,
2025.07.17 14:39:59,scan_skipped_same_execution_bar,USDJPY,2025.07.17 14:15:00,0,
2025.07.17 14:49:58,scan_executed_new_execution_bar,USDJPY,2025.07.17 14:30:00,0,
2025.07.17 14:54:59,scan_skipped_same_execution_bar,USDJPY,2025.07.17 14:30:00,0,
2025.07.17 15:04:58,scan_executed_new_execution_bar,USDJPY,2025.07.17 14:45:00,0,
2025.07.17 15:09:59,scan_skipped_same_execution_bar,USDJPY,2025.07.17 14:45:00,0,
2025.07.17 15:19:59,scan_executed_new_execution_bar,USDJPY,2025.07.17 15:00:00,0,
2025.07.17 15:24:59,scan_skipped_same_execution_bar,USDJPY,2025.07.17 15:00:00,0,
2025.07.17 15:34:59,scan_executed_new_execution_bar,USDJPY,2025.07.17 15:15:00,0,
2025.07.17 15:39:59,scan_skipped_same_execution_bar,USDJPY,2025.07.17 15:15:00,0,
2025.07.17 15:49:59,scan_executed_new_execution_bar,USDJPY,2025.07.17 15:30:00,0,
2025.07.17 15:54:59,scan_skipped_same_execution_bar,USDJPY,2025.07.17 15:30:00,0,
2025.07.17 16:05:00,scan_executed_new_execution_bar,USDJPY,2025.07.17 15:45:00,31,
2025.07.17 16:09:59,scan_skipped_same_execution_bar,USDJPY,2025.07.17 15:45:00,0,
2025.07.17 16:19:59,scan_executed_new_execution_bar,USDJPY,2025.07.17 16:00:00,15,
2025.07.17 16:24:57,scan_skipped_same_execution_bar,USDJPY,2025.07.17 16:00:00,0,
2025.07.17 16:34:59,scan_executed_new_execution_bar,USDJPY,2025.07.17 16:15:00,0,
2025.07.17 16:39:59,scan_skipped_same_execution_bar,USDJPY,2025.07.17 16:15:00,0,
2025.07.17 16:49:59,scan_executed_new_execution_bar,USDJPY,2025.07.17 16:30:00,15,
2025.07.17 16:54:59,scan_skipped_same_execution_bar,USDJPY,2025.07.17 16:30:00,0,
2025.07.17 17:04:59,scan_executed_new_execution_bar,USDJPY,2025.07.17 16:45:00,0,
2025.07.17 17:09:59,scan_skipped_same_execution_bar,USDJPY,2025.07.17 16:45:00,0,
2025.07.17 17:19:59,scan_executed_new_execution_bar,USDJPY,2025.07.17 17:00:00,0,
2025.07.17 17:24:59,scan_skipped_same_execution_bar,USDJPY,2025.07.17 17:00:00,0,
2025.07.17 17:34:59,scan_executed_new_execution_bar,USDJPY,2025.07.17 17:15:00,31,
2025.07.17 17:39:59,scan_skipped_same_execution_bar,USDJPY,2025.07.17 17:15:00,0,
2025.07.17 17:50:00,scan_executed_new_execution_bar,USDJPY,2025.07.17 17:30:00,31,
2025.07.17 17:54:59,scan_skipped_same_execution_bar,USDJPY,2025.07.17 17:30:00,0,
2025.07.17 18:04:59,scan_executed_new_execution_bar,USDJPY,2025.07.17 17:45:00,16,
2025.07.17 18:09:59,scan_skipped_same_execution_bar,USDJPY,2025.07.17 17:45:00,0,
2025.07.17 18:19:58,scan_executed_new_execution_bar,USDJPY,2025.07.17 18:00:00,0,
2025.07.17 18:24:59,scan_skipped_same_execution_bar,USDJPY,2025.07.17 18:00:00,0,
2025.07.17 18:34:59,scan_executed_new_execution_bar,USDJPY,2025.07.17 18:15:00,0,
2025.07.17 18:39:59,scan_skipped_same_execution_bar,USDJPY,2025.07.17 18:15:00,0,
2025.07.17 18:49:59,scan_executed_new_execution_bar,USDJPY,2025.07.17 18:30:00,0,
2025.07.17 18:55:00,scan_skipped_same_execution_bar,USDJPY,2025.07.17 18:30:00,0,
2025.07.17 19:04:59,scan_executed_new_execution_bar,USDJPY,2025.07.17 18:45:00,0,
2025.07.17 19:09:59,scan_skipped_same_execution_bar,USDJPY,2025.07.17 18:45:00,0,
2025.07.17 19:19:59,scan_executed_new_execution_bar,USDJPY,2025.07.17 19:00:00,0,
2025.07.17 19:24:59,scan_skipped_same_execution_bar,USDJPY,2025.07.17 19:00:00,0,
2025.07.17 19:34:59,scan_executed_new_execution_bar,USDJPY,2025.07.17 19:15:00,0,
2025.07.17 19:39:59,scan_skipped_same_execution_bar,USDJPY,2025.07.17 19:15:00,0,
2025.07.17 19:49:59,scan_executed_new_execution_bar,USDJPY,2025.07.17 19:30:00,16,
2025.07.17 19:54:59,scan_skipped_same_execution_bar,USDJPY,2025.07.17 19:30:00,0,
2025.07.17 20:04:59,scan_executed_new_execution_bar,USDJPY,2025.07.17 19:45:00,0,
2025.07.17 20:09:59,scan_skipped_same_execution_bar,USDJPY,2025.07.17 19:45:00,0,
2025.07.17 20:19:59,scan_executed_new_execution_bar,USDJPY,2025.07.17 20:00:00,0,
2025.07.17 20:24:59,scan_skipped_same_execution_bar,USDJPY,2025.07.17 20:00:00,0,
2025.07.17 20:34:59,scan_executed_new_execution_bar,USDJPY,2025.07.17 20:15:00,0,
2025.07.17 20:39:59,scan_skipped_same_execution_bar,USDJPY,2025.07.17 20:15:00,0,
2025.07.17 20:49:55,scan_executed_new_execution_bar,USDJPY,2025.07.17 20:30:00,0,
2025.07.17 20:54:59,scan_skipped_same_execution_bar,USDJPY,2025.07.17 20:30:00,0,
2025.07.17 21:04:59,scan_executed_new_execution_bar,USDJPY,2025.07.17 20:45:00,0,
2025.07.17 21:09:59,scan_skipped_same_execution_bar,USDJPY,2025.07.17 20:45:00,0,
2025.07.17 21:19:59,scan_executed_new_execution_bar,USDJPY,2025.07.17 21:00:00,0,
2025.07.17 21:24:59,scan_skipped_same_execution_bar,USDJPY,2025.07.17 21:00:00,0,
2025.07.17 21:34:58,scan_executed_new_execution_bar,USDJPY,2025.07.17 21:15:00,0,
2025.07.17 21:39:59,scan_skipped_same_execution_bar,USDJPY,2025.07.17 21:15:00,0,
2025.07.17 21:49:59,scan_executed_new_execution_bar,USDJPY,2025.07.17 21:30:00,0,
2025.07.17 21:54:59,scan_skipped_same_execution_bar,USDJPY,2025.07.17 21:30:00,0,
2025.07.17 22:04:59,scan_executed_new_execution_bar,USDJPY,2025.07.17 21:45:00,0,
2025.07.17 22:09:58,scan_skipped_same_execution_bar,USDJPY,2025.07.17 21:45:00,0,
2025.07.17 22:19:59,scan_executed_new_execution_bar,USDJPY,2025.07.17 22:00:00,0,
2025.07.17 22:24:59,scan_skipped_same_execution_bar,USDJPY,2025.07.17 22:00:00,0,
2025.07.17 22:34:57,scan_executed_new_execution_bar,USDJPY,2025.07.17 22:15:00,0,
2025.07.17 22:39:59,scan_skipped_same_execution_bar,USDJPY,2025.07.17 22:15:00,0,
2025.07.17 22:49:59,scan_executed_new_execution_bar,USDJPY,2025.07.17 22:30:00,0,
2025.07.17 22:54:59,scan_skipped_same_execution_bar,USDJPY,2025.07.17 22:30:00,0,
2025.07.17 23:04:59,scan_executed_new_execution_bar,USDJPY,2025.07.17 22:45:00,0,
2025.07.17 23:09:57,scan_skipped_same_execution_bar,USDJPY,2025.07.17 22:45:00,0,
2025.07.17 23:19:59,scan_executed_new_execution_bar,USDJPY,2025.07.17 23:00:00,0,
2025.07.17 23:24:58,scan_skipped_same_execution_bar,USDJPY,2025.07.17 23:00:00,0,
2025.07.17 23:34:59,scan_executed_new_execution_bar,USDJPY,2025.07.17 23:15:00,0,
2025.07.17 23:39:58,scan_skipped_same_execution_bar,USDJPY,2025.07.17 23:15:00,0,
2025.07.17 23:49:59,scan_executed_new_execution_bar,USDJPY,2025.07.17 23:30:00,0,
2025.07.17 23:54:59,scan_skipped_same_execution_bar,USDJPY,2025.07.17 23:30:00,0,
2025.07.18 00:04:45,scan_executed_new_execution_bar,USDJPY,2025.07.17 23:45:00,0,
2025.07.18 00:09:54,scan_skipped_same_execution_bar,USDJPY,2025.07.17 23:45:00,0,
2025.07.18 00:19:59,scan_executed_new_execution_bar,USDJPY,2025.07.18 00:00:00,0,
2025.07.18 00:24:59,scan_skipped_same_execution_bar,USDJPY,2025.07.18 00:00:00,0,
2025.07.18 00:34:59,scan_executed_new_execution_bar,USDJPY,2025.07.18 00:15:00,0,
2025.07.18 00:40:00,scan_skipped_same_execution_bar,USDJPY,2025.07.18 00:15:00,0,
2025.07.18 00:49:54,scan_executed_new_execution_bar,USDJPY,2025.07.18 00:30:00,0,
2025.07.18 00:54:59,scan_skipped_same_execution_bar,USDJPY,2025.07.18 00:30:00,0,
2025.07.18 01:04:59,scan_executed_new_execution_bar,USDJPY,2025.07.18 00:45:00,0,
2025.07.18 01:09:58,scan_skipped_same_execution_bar,USDJPY,2025.07.18 00:45:00,0,
2025.07.18 01:19:59,scan_executed_new_execution_bar,USDJPY,2025.07.18 01:00:00,0,
2025.07.18 01:24:59,scan_skipped_same_execution_bar,USDJPY,2025.07.18 01:00:00,0,
2025.07.18 01:34:58,scan_executed_new_execution_bar,USDJPY,2025.07.18 01:15:00,0,
2025.07.18 01:39:59,scan_skipped_same_execution_bar,USDJPY,2025.07.18 01:15:00,0,
2025.07.18 01:49:59,scan_executed_new_execution_bar,USDJPY,2025.07.18 01:30:00,0,
2025.07.18 01:54:59,scan_skipped_same_execution_bar,USDJPY,2025.07.18 01:30:00,0,
2025.07.18 02:04:59,scan_executed_new_execution_bar,USDJPY,2025.07.18 01:45:00,0,
2025.07.18 02:09:58,scan_skipped_same_execution_bar,USDJPY,2025.07.18 01:45:00,0,
2025.07.18 02:19:57,scan_executed_new_execution_bar,USDJPY,2025.07.18 02:00:00,0,
2025.07.18 02:24:59,scan_skipped_same_execution_bar,USDJPY,2025.07.18 02:00:00,0,
2025.07.18 02:34:59,scan_executed_new_execution_bar,USDJPY,2025.07.18 02:15:00,0,
2025.07.18 02:39:58,scan_skipped_same_execution_bar,USDJPY,2025.07.18 02:15:00,0,
2025.07.18 02:49:57,scan_executed_new_execution_bar,USDJPY,2025.07.18 02:30:00,0,
2025.07.18 02:54:57,scan_skipped_same_execution_bar,USDJPY,2025.07.18 02:30:00,0,
2025.07.18 03:04:59,scan_executed_new_execution_bar,USDJPY,2025.07.18 02:45:00,0,
2025.07.18 03:09:59,scan_skipped_same_execution_bar,USDJPY,2025.07.18 02:45:00,0,
2025.07.18 03:19:59,scan_executed_new_execution_bar,USDJPY,2025.07.18 03:00:00,0,
2025.07.18 03:24:59,scan_skipped_same_execution_bar,USDJPY,2025.07.18 03:00:00,0,
2025.07.18 03:34:59,scan_executed_new_execution_bar,USDJPY,2025.07.18 03:15:00,0,
2025.07.18 03:39:59,scan_skipped_same_execution_bar,USDJPY,2025.07.18 03:15:00,0,
2025.07.18 03:49:59,scan_executed_new_execution_bar,USDJPY,2025.07.18 03:30:00,0,
2025.07.18 03:54:59,scan_skipped_same_execution_bar,USDJPY,2025.07.18 03:30:00,0,
2025.07.18 04:04:59,scan_executed_new_execution_bar,USDJPY,2025.07.18 03:45:00,16,
2025.07.18 04:09:59,scan_skipped_same_execution_bar,USDJPY,2025.07.18 03:45:00,0,
2025.07.18 04:19:59,scan_executed_new_execution_bar,USDJPY,2025.07.18 04:00:00,15,
2025.07.18 04:24:59,scan_skipped_same_execution_bar,USDJPY,2025.07.18 04:00:00,0,
2025.07.18 04:34:59,scan_executed_new_execution_bar,USDJPY,2025.07.18 04:15:00,0,
2025.07.18 04:39:59,scan_skipped_same_execution_bar,USDJPY,2025.07.18 04:15:00,0,
2025.07.18 04:49:59,scan_executed_new_execution_bar,USDJPY,2025.07.18 04:30:00,0,
2025.07.18 04:54:59,scan_skipped_same_execution_bar,USDJPY,2025.07.18 04:30:00,0,
2025.07.18 05:04:59,scan_executed_new_execution_bar,USDJPY,2025.07.18 04:45:00,0,
2025.07.18 05:09:59,scan_skipped_same_execution_bar,USDJPY,2025.07.18 04:45:00,0,
2025.07.18 05:19:59,scan_executed_new_execution_bar,USDJPY,2025.07.18 05:00:00,0,
2025.07.18 05:24:59,scan_skipped_same_execution_bar,USDJPY,2025.07.18 05:00:00,0,
2025.07.18 05:34:59,scan_executed_new_execution_bar,USDJPY,2025.07.18 05:15:00,0,
2025.07.18 05:39:59,scan_skipped_same_execution_bar,USDJPY,2025.07.18 05:15:00,0,
2025.07.18 05:49:59,scan_executed_new_execution_bar,USDJPY,2025.07.18 05:30:00,16,
2025.07.18 05:54:59,scan_skipped_same_execution_bar,USDJPY,2025.07.18 05:30:00,0,
2025.07.18 06:04:59,scan_executed_new_execution_bar,USDJPY,2025.07.18 05:45:00,0,
2025.07.18 06:09:59,scan_skipped_same_execution_bar,USDJPY,2025.07.18 05:45:00,0,
2025.07.18 06:19:59,scan_executed_new_execution_bar,USDJPY,2025.07.18 06:00:00,16,
2025.07.18 06:24:59,scan_skipped_same_execution_bar,USDJPY,2025.07.18 06:00:00,0,
2025.07.18 06:34:59,scan_executed_new_execution_bar,USDJPY,2025.07.18 06:15:00,15,
2025.07.18 06:39:59,scan_skipped_same_execution_bar,USDJPY,2025.07.18 06:15:00,0,
2025.07.18 06:49:59,scan_executed_new_execution_bar,USDJPY,2025.07.18 06:30:00,0,
2025.07.18 06:54:59,scan_skipped_same_execution_bar,USDJPY,2025.07.18 06:30:00,0,
2025.07.18 07:04:59,scan_executed_new_execution_bar,USDJPY,2025.07.18 06:45:00,0,
2025.07.18 07:09:59,scan_skipped_same_execution_bar,USDJPY,2025.07.18 06:45:00,0,
2025.07.18 07:19:59,scan_executed_new_execution_bar,USDJPY,2025.07.18 07:00:00,16,
2025.07.18 07:24:58,scan_skipped_same_execution_bar,USDJPY,2025.07.18 07:00:00,0,
2025.07.18 07:34:59,scan_executed_new_execution_bar,USDJPY,2025.07.18 07:15:00,0,
2025.07.18 07:39:58,scan_skipped_same_execution_bar,USDJPY,2025.07.18 07:15:00,0,
2025.07.18 07:49:59,scan_executed_new_execution_bar,USDJPY,2025.07.18 07:30:00,15,
2025.07.18 07:54:58,scan_skipped_same_execution_bar,USDJPY,2025.07.18 07:30:00,0,
2025.07.18 08:04:59,scan_executed_new_execution_bar,USDJPY,2025.07.18 07:45:00,16,
2025.07.18 08:09:59,scan_skipped_same_execution_bar,USDJPY,2025.07.18 07:45:00,0,
2025.07.18 08:19:59,scan_executed_new_execution_bar,USDJPY,2025.07.18 08:00:00,0,
2025.07.18 08:24:59,scan_skipped_same_execution_bar,USDJPY,2025.07.18 08:00:00,0,
2025.07.18 08:34:59,scan_executed_new_execution_bar,USDJPY,2025.07.18 08:15:00,0,
2025.07.18 08:39:59,scan_skipped_same_execution_bar,USDJPY,2025.07.18 08:15:00,0,
2025.07.18 08:49:59,scan_executed_new_execution_bar,USDJPY,2025.07.18 08:30:00,0,
2025.07.18 08:54:59,scan_skipped_same_execution_bar,USDJPY,2025.07.18 08:30:00,0,
2025.07.18 09:04:58,scan_executed_new_execution_bar,USDJPY,2025.07.18 08:45:00,0,
2025.07.18 09:09:59,scan_skipped_same_execution_bar,USDJPY,2025.07.18 08:45:00,0,
2025.07.18 09:19:58,scan_executed_new_execution_bar,USDJPY,2025.07.18 09:00:00,0,
2025.07.18 09:24:59,scan_skipped_same_execution_bar,USDJPY,2025.07.18 09:00:00,0,
2025.07.18 09:34:59,scan_executed_new_execution_bar,USDJPY,2025.07.18 09:15:00,0,
2025.07.18 09:39:58,scan_skipped_same_execution_bar,USDJPY,2025.07.18 09:15:00,0,
2025.07.18 09:49:59,scan_executed_new_execution_bar,USDJPY,2025.07.18 09:30:00,0,
2025.07.18 09:54:59,scan_skipped_same_execution_bar,USDJPY,2025.07.18 09:30:00,0,
2025.07.18 10:04:59,scan_executed_new_execution_bar,USDJPY,2025.07.18 09:45:00,0,
2025.07.18 10:09:59,scan_skipped_same_execution_bar,USDJPY,2025.07.18 09:45:00,0,
2025.07.18 10:19:59,scan_executed_new_execution_bar,USDJPY,2025.07.18 10:00:00,0,
2025.07.18 10:24:59,scan_skipped_same_execution_bar,USDJPY,2025.07.18 10:00:00,0,
2025.07.18 10:34:59,scan_executed_new_execution_bar,USDJPY,2025.07.18 10:15:00,0,
2025.07.18 10:39:59,scan_skipped_same_execution_bar,USDJPY,2025.07.18 10:15:00,0,
2025.07.18 10:49:59,scan_executed_new_execution_bar,USDJPY,2025.07.18 10:30:00,0,
2025.07.18 10:54:59,scan_skipped_same_execution_bar,USDJPY,2025.07.18 10:30:00,0,
2025.07.18 11:04:59,scan_executed_new_execution_bar,USDJPY,2025.07.18 10:45:00,0,
2025.07.18 11:09:59,scan_skipped_same_execution_bar,USDJPY,2025.07.18 10:45:00,0,
2025.07.18 11:19:59,scan_executed_new_execution_bar,USDJPY,2025.07.18 11:00:00,0,
2025.07.18 11:24:59,scan_skipped_same_execution_bar,USDJPY,2025.07.18 11:00:00,0,
2025.07.18 11:34:58,scan_executed_new_execution_bar,USDJPY,2025.07.18 11:15:00,0,
2025.07.18 11:39:59,scan_skipped_same_execution_bar,USDJPY,2025.07.18 11:15:00,0,
2025.07.18 11:49:59,scan_executed_new_execution_bar,USDJPY,2025.07.18 11:30:00,15,
2025.07.18 11:54:58,scan_skipped_same_execution_bar,USDJPY,2025.07.18 11:30:00,0,
2025.07.18 12:04:59,scan_executed_new_execution_bar,USDJPY,2025.07.18 11:45:00,16,
2025.07.18 12:09:59,scan_skipped_same_execution_bar,USDJPY,2025.07.18 11:45:00,0,
2025.07.18 12:19:59,scan_executed_new_execution_bar,USDJPY,2025.07.18 12:00:00,0,
2025.07.18 12:24:59,scan_skipped_same_execution_bar,USDJPY,2025.07.18 12:00:00,0,
2025.07.18 12:34:59,scan_executed_new_execution_bar,USDJPY,2025.07.18 12:15:00,15,
2025.07.18 12:39:59,scan_skipped_same_execution_bar,USDJPY,2025.07.18 12:15:00,0,
2025.07.18 12:49:59,scan_executed_new_execution_bar,USDJPY,2025.07.18 12:30:00,31,
2025.07.18 12:54:59,scan_skipped_same_execution_bar,USDJPY,2025.07.18 12:30:00,0,
2025.07.18 13:04:59,scan_executed_new_execution_bar,USDJPY,2025.07.18 12:45:00,47,
2025.07.18 13:09:59,scan_skipped_same_execution_bar,USDJPY,2025.07.18 12:45:00,0,
2025.07.18 13:19:59,scan_executed_new_execution_bar,USDJPY,2025.07.18 13:00:00,0,
2025.07.18 13:24:59,scan_skipped_same_execution_bar,USDJPY,2025.07.18 13:00:00,0,
2025.07.18 13:35:00,scan_executed_new_execution_bar,USDJPY,2025.07.18 13:15:00,0,
2025.07.18 13:40:00,scan_skipped_same_execution_bar,USDJPY,2025.07.18 13:15:00,0,
2025.07.18 13:49:59,scan_executed_new_execution_bar,USDJPY,2025.07.18 13:30:00,0,
2025.07.18 13:54:59,scan_skipped_same_execution_bar,USDJPY,2025.07.18 13:30:00,0,
2025.07.18 14:00:00,scan_executed_new_execution_bar,USDJPY,2025.07.18 13:45:00,0,
2025.07.18 14:04:59,scan_skipped_same_execution_bar,USDJPY,2025.07.18 13:45:00,0,
2025.07.18 14:19:58,scan_executed_new_execution_bar,USDJPY,2025.07.18 14:00:00,0,
2025.07.18 14:24:59,scan_skipped_same_execution_bar,USDJPY,2025.07.18 14:00:00,0,
2025.07.18 14:34:59,scan_executed_new_execution_bar,USDJPY,2025.07.18 14:15:00,0,
2025.07.18 14:39:59,scan_skipped_same_execution_bar,USDJPY,2025.07.18 14:15:00,0,
2025.07.18 14:49:59,scan_executed_new_execution_bar,USDJPY,2025.07.18 14:30:00,0,
2025.07.18 14:54:59,scan_skipped_same_execution_bar,USDJPY,2025.07.18 14:30:00,0,
2025.07.18 15:04:59,scan_executed_new_execution_bar,USDJPY,2025.07.18 14:45:00,0,
2025.07.18 15:09:59,scan_skipped_same_execution_bar,USDJPY,2025.07.18 14:45:00,0,
2025.07.18 15:19:59,scan_executed_new_execution_bar,USDJPY,2025.07.18 15:00:00,0,
2025.07.18 15:24:59,scan_skipped_same_execution_bar,USDJPY,2025.07.18 15:00:00,0,
2025.07.18 15:34:59,scan_executed_new_execution_bar,USDJPY,2025.07.18 15:15:00,16,
2025.07.18 15:39:59,scan_skipped_same_execution_bar,USDJPY,2025.07.18 15:15:00,0,
2025.07.18 15:49:59,scan_executed_new_execution_bar,USDJPY,2025.07.18 15:30:00,0,
2025.07.18 15:54:59,scan_skipped_same_execution_bar,USDJPY,2025.07.18 15:30:00,0,
2025.07.18 16:04:59,scan_executed_new_execution_bar,USDJPY,2025.07.18 15:45:00,0,
2025.07.18 16:09:59,scan_skipped_same_execution_bar,USDJPY,2025.07.18 15:45:00,0,
2025.07.18 16:19:59,scan_executed_new_execution_bar,USDJPY,2025.07.18 16:00:00,0,
2025.07.18 16:24:59,scan_skipped_same_execution_bar,USDJPY,2025.07.18 16:00:00,0,
2025.07.18 16:34:59,scan_executed_new_execution_bar,USDJPY,2025.07.18 16:15:00,0,
2025.07.18 16:39:59,scan_skipped_same_execution_bar,USDJPY,2025.07.18 16:15:00,0,
2025.07.18 16:49:59,scan_executed_new_execution_bar,USDJPY,2025.07.18 16:30:00,16,
2025.07.18 16:54:59,scan_skipped_same_execution_bar,USDJPY,2025.07.18 16:30:00,0,
2025.07.18 17:04:59,scan_executed_new_execution_bar,USDJPY,2025.07.18 16:45:00,15,
2025.07.18 17:09:59,scan_skipped_same_execution_bar,USDJPY,2025.07.18 16:45:00,0,
2025.07.18 17:19:59,scan_executed_new_execution_bar,USDJPY,2025.07.18 17:00:00,31,
2025.07.18 17:24:59,scan_skipped_same_execution_bar,USDJPY,2025.07.18 17:00:00,0,
2025.07.18 17:34:59,scan_executed_new_execution_bar,USDJPY,2025.07.18 17:15:00,16,
2025.07.18 17:39:59,scan_skipped_same_execution_bar,USDJPY,2025.07.18 17:15:00,0,
2025.07.18 17:49:59,scan_executed_new_execution_bar,USDJPY,2025.07.18 17:30:00,0,
2025.07.18 17:54:59,scan_skipped_same_execution_bar,USDJPY,2025.07.18 17:30:00,0,
2025.07.18 18:04:59,scan_executed_new_execution_bar,USDJPY,2025.07.18 17:45:00,0,
2025.07.18 18:09:59,scan_skipped_same_execution_bar,USDJPY,2025.07.18 17:45:00,0,
2025.07.18 18:15:00,scan_executed_new_execution_bar,USDJPY,2025.07.18 18:00:00,0,
2025.07.18 18:19:59,scan_skipped_same_execution_bar,USDJPY,2025.07.18 18:00:00,0,
2025.07.18 18:34:58,scan_executed_new_execution_bar,USDJPY,2025.07.18 18:15:00,15,
2025.07.18 18:39:59,scan_skipped_same_execution_bar,USDJPY,2025.07.18 18:15:00,0,
2025.07.18 18:49:59,scan_executed_new_execution_bar,USDJPY,2025.07.18 18:30:00,16,
2025.07.18 18:54:59,scan_skipped_same_execution_bar,USDJPY,2025.07.18 18:30:00,0,
2025.07.18 19:04:59,scan_executed_new_execution_bar,USDJPY,2025.07.18 18:45:00,0,
2025.07.18 19:09:59,scan_skipped_same_execution_bar,USDJPY,2025.07.18 18:45:00,0,
2025.07.18 19:19:59,scan_executed_new_execution_bar,USDJPY,2025.07.18 19:00:00,0,
2025.07.18 19:24:59,scan_skipped_same_execution_bar,USDJPY,2025.07.18 19:00:00,0,
2025.07.18 19:34:59,scan_executed_new_execution_bar,USDJPY,2025.07.18 19:15:00,16,
2025.07.18 19:40:00,scan_skipped_same_execution_bar,USDJPY,2025.07.18 19:15:00,0,
2025.07.18 19:49:59,scan_executed_new_execution_bar,USDJPY,2025.07.18 19:30:00,0,
2025.07.18 19:54:59,scan_skipped_same_execution_bar,USDJPY,2025.07.18 19:30:00,0,
2025.07.18 20:05:00,scan_executed_new_execution_bar,USDJPY,2025.07.18 19:45:00,0,
2025.07.18 20:09:58,scan_skipped_same_execution_bar,USDJPY,2025.07.18 19:45:00,0,
2025.07.18 20:19:59,scan_executed_new_execution_bar,USDJPY,2025.07.18 20:00:00,16,
2025.07.18 20:24:59,scan_skipped_same_execution_bar,USDJPY,2025.07.18 20:00:00,0,
2025.07.18 20:34:59,scan_executed_new_execution_bar,USDJPY,2025.07.18 20:15:00,0,
2025.07.18 20:39:59,scan_skipped_same_execution_bar,USDJPY,2025.07.18 20:15:00,0,
2025.07.18 20:49:59,scan_executed_new_execution_bar,USDJPY,2025.07.18 20:30:00,15,
2025.07.18 20:54:58,scan_skipped_same_execution_bar,USDJPY,2025.07.18 20:30:00,0,
2025.07.18 21:04:59,scan_executed_new_execution_bar,USDJPY,2025.07.18 20:45:00,16,
2025.07.18 21:09:59,scan_skipped_same_execution_bar,USDJPY,2025.07.18 20:45:00,0,
2025.07.18 21:19:59,scan_executed_new_execution_bar,USDJPY,2025.07.18 21:00:00,0,
2025.07.18 21:24:59,scan_skipped_same_execution_bar,USDJPY,2025.07.18 21:00:00,0,
2025.07.18 21:34:59,scan_executed_new_execution_bar,USDJPY,2025.07.18 21:15:00,16,
2025.07.18 21:39:59,scan_skipped_same_execution_bar,USDJPY,2025.07.18 21:15:00,0,
2025.07.18 21:49:59,scan_executed_new_execution_bar,USDJPY,2025.07.18 21:30:00,0,
2025.07.18 21:54:59,scan_skipped_same_execution_bar,USDJPY,2025.07.18 21:30:00,0,
2025.07.18 22:04:57,scan_executed_new_execution_bar,USDJPY,2025.07.18 21:45:00,0,
2025.07.18 22:09:59,scan_skipped_same_execution_bar,USDJPY,2025.07.18 21:45:00,0,
2025.07.18 22:19:59,scan_executed_new_execution_bar,USDJPY,2025.07.18 22:00:00,0,
2025.07.18 22:24:59,scan_skipped_same_execution_bar,USDJPY,2025.07.18 22:00:00,0,
2025.07.18 22:34:58,scan_executed_new_execution_bar,USDJPY,2025.07.18 22:15:00,16,
2025.07.18 22:39:59,scan_skipped_same_execution_bar,USDJPY,2025.07.18 22:15:00,0,
2025.07.18 22:49:59,scan_executed_new_execution_bar,USDJPY,2025.07.18 22:30:00,0,
2025.07.18 22:54:59,scan_skipped_same_execution_bar,USDJPY,2025.07.18 22:30:00,0,
2025.07.18 23:04:59,scan_executed_new_execution_bar,USDJPY,2025.07.18 22:45:00,16,
2025.07.18 23:09:59,scan_skipped_same_execution_bar,USDJPY,2025.07.18 22:45:00,0,
2025.07.18 23:19:59,scan_executed_new_execution_bar,USDJPY,2025.07.18 23:00:00,0,
2025.07.18 23:24:59,scan_skipped_same_execution_bar,USDJPY,2025.07.18 23:00:00,0,
2025.07.18 23:34:58,scan_executed_new_execution_bar,USDJPY,2025.07.18 23:15:00,0,
2025.07.18 23:40:00,scan_skipped_same_execution_bar,USDJPY,2025.07.18 23:15:00,0,
2025.07.18 23:49:59,scan_executed_new_execution_bar,USDJPY,2025.07.18 23:30:00,16,
2025.07.18 23:54:59,scan_skipped_same_execution_bar,USDJPY,2025.07.18 23:30:00,0,
2025.07.21 00:04:58,scan_executed_new_execution_bar,USDJPY,2025.07.18 23:45:00,0,
2025.07.21 00:09:55,scan_skipped_same_execution_bar,USDJPY,2025.07.18 23:45:00,0,
2025.07.21 00:19:51,scan_executed_new_execution_bar,USDJPY,2025.07.21 00:00:00,0,
2025.07.21 00:24:59,scan_skipped_same_execution_bar,USDJPY,2025.07.21 00:00:00,0,
2025.07.21 00:34:58,scan_executed_new_execution_bar,USDJPY,2025.07.21 00:15:00,0,
2025.07.21 00:39:59,scan_skipped_same_execution_bar,USDJPY,2025.07.21 00:15:00,0,
2025.07.21 00:49:59,scan_executed_new_execution_bar,USDJPY,2025.07.21 00:30:00,0,
2025.07.21 00:54:59,scan_skipped_same_execution_bar,USDJPY,2025.07.21 00:30:00,0,
2025.07.21 01:04:59,scan_executed_new_execution_bar,USDJPY,2025.07.21 00:45:00,0,
2025.07.21 01:09:59,scan_skipped_same_execution_bar,USDJPY,2025.07.21 00:45:00,0,
2025.07.21 01:19:59,scan_executed_new_execution_bar,USDJPY,2025.07.21 01:00:00,0,
2025.07.21 01:24:59,scan_skipped_same_execution_bar,USDJPY,2025.07.21 01:00:00,0,
2025.07.21 01:34:59,scan_executed_new_execution_bar,USDJPY,2025.07.21 01:15:00,0,
2025.07.21 01:39:59,scan_skipped_same_execution_bar,USDJPY,2025.07.21 01:15:00,0,
2025.07.21 01:49:59,scan_executed_new_execution_bar,USDJPY,2025.07.21 01:30:00,0,
2025.07.21 01:54:58,scan_skipped_same_execution_bar,USDJPY,2025.07.21 01:30:00,0,
2025.07.21 02:04:59,scan_executed_new_execution_bar,USDJPY,2025.07.21 01:45:00,0,
2025.07.21 02:09:59,scan_skipped_same_execution_bar,USDJPY,2025.07.21 01:45:00,0,
2025.07.21 02:19:59,scan_executed_new_execution_bar,USDJPY,2025.07.21 02:00:00,0,
2025.07.21 02:24:59,scan_skipped_same_execution_bar,USDJPY,2025.07.21 02:00:00,0,
2025.07.21 02:34:59,scan_executed_new_execution_bar,USDJPY,2025.07.21 02:15:00,0,
2025.07.21 02:39:57,scan_skipped_same_execution_bar,USDJPY,2025.07.21 02:15:00,0,
2025.07.21 02:49:58,scan_executed_new_execution_bar,USDJPY,2025.07.21 02:30:00,0,
2025.07.21 02:54:59,scan_skipped_same_execution_bar,USDJPY,2025.07.21 02:30:00,0,
2025.07.21 03:04:59,scan_executed_new_execution_bar,USDJPY,2025.07.21 02:45:00,0,
2025.07.21 03:09:59,scan_skipped_same_execution_bar,USDJPY,2025.07.21 02:45:00,0,
2025.07.21 03:19:59,scan_executed_new_execution_bar,USDJPY,2025.07.21 03:00:00,0,
2025.07.21 03:24:59,scan_skipped_same_execution_bar,USDJPY,2025.07.21 03:00:00,0,
2025.07.21 03:34:59,scan_executed_new_execution_bar,USDJPY,2025.07.21 03:15:00,0,
2025.07.21 03:39:59,scan_skipped_same_execution_bar,USDJPY,2025.07.21 03:15:00,0,
2025.07.21 03:49:59,scan_executed_new_execution_bar,USDJPY,2025.07.21 03:30:00,0,
2025.07.21 03:54:59,scan_skipped_same_execution_bar,USDJPY,2025.07.21 03:30:00,0,
2025.07.21 04:04:59,scan_executed_new_execution_bar,USDJPY,2025.07.21 03:45:00,0,
2025.07.21 04:09:59,scan_skipped_same_execution_bar,USDJPY,2025.07.21 03:45:00,0,
2025.07.21 04:19:59,scan_executed_new_execution_bar,USDJPY,2025.07.21 04:00:00,15,
2025.07.21 04:24:59,scan_skipped_same_execution_bar,USDJPY,2025.07.21 04:00:00,0,
2025.07.21 04:34:58,scan_executed_new_execution_bar,USDJPY,2025.07.21 04:15:00,16,
2025.07.21 04:39:59,scan_skipped_same_execution_bar,USDJPY,2025.07.21 04:15:00,0,
2025.07.21 04:49:59,scan_executed_new_execution_bar,USDJPY,2025.07.21 04:30:00,0,
2025.07.21 04:54:59,scan_skipped_same_execution_bar,USDJPY,2025.07.21 04:30:00,0,
2025.07.21 05:04:59,scan_executed_new_execution_bar,USDJPY,2025.07.21 04:45:00,0,
2025.07.21 05:09:59,scan_skipped_same_execution_bar,USDJPY,2025.07.21 04:45:00,0,
2025.07.21 05:19:59,scan_executed_new_execution_bar,USDJPY,2025.07.21 05:00:00,0,
2025.07.21 05:24:59,scan_skipped_same_execution_bar,USDJPY,2025.07.21 05:00:00,0,
2025.07.21 05:34:59,scan_executed_new_execution_bar,USDJPY,2025.07.21 05:15:00,0,
2025.07.21 05:39:59,scan_skipped_same_execution_bar,USDJPY,2025.07.21 05:15:00,0,
2025.07.21 05:50:00,scan_executed_new_execution_bar,USDJPY,2025.07.21 05:30:00,0,
2025.07.21 05:54:59,scan_skipped_same_execution_bar,USDJPY,2025.07.21 05:30:00,0,
2025.07.21 06:04:59,scan_executed_new_execution_bar,USDJPY,2025.07.21 05:45:00,16,
2025.07.21 06:09:59,scan_skipped_same_execution_bar,USDJPY,2025.07.21 05:45:00,0,
2025.07.21 06:19:58,scan_executed_new_execution_bar,USDJPY,2025.07.21 06:00:00,0,
2025.07.21 06:24:59,scan_skipped_same_execution_bar,USDJPY,2025.07.21 06:00:00,0,
2025.07.21 06:34:59,scan_executed_new_execution_bar,USDJPY,2025.07.21 06:15:00,16,
2025.07.21 06:39:58,scan_skipped_same_execution_bar,USDJPY,2025.07.21 06:15:00,0,
2025.07.21 06:49:59,scan_executed_new_execution_bar,USDJPY,2025.07.21 06:30:00,16,
2025.07.21 06:54:59,scan_skipped_same_execution_bar,USDJPY,2025.07.21 06:30:00,0,
2025.07.21 07:04:59,scan_executed_new_execution_bar,USDJPY,2025.07.21 06:45:00,0,
2025.07.21 07:09:56,scan_skipped_same_execution_bar,USDJPY,2025.07.21 06:45:00,0,
2025.07.21 07:19:59,scan_executed_new_execution_bar,USDJPY,2025.07.21 07:00:00,0,
2025.07.21 07:24:58,scan_skipped_same_execution_bar,USDJPY,2025.07.21 07:00:00,0,
2025.07.21 07:34:59,scan_executed_new_execution_bar,USDJPY,2025.07.21 07:15:00,0,
2025.07.21 07:39:59,scan_skipped_same_execution_bar,USDJPY,2025.07.21 07:15:00,0,
2025.07.21 07:49:58,scan_executed_new_execution_bar,USDJPY,2025.07.21 07:30:00,0,
2025.07.21 07:54:57,scan_skipped_same_execution_bar,USDJPY,2025.07.21 07:30:00,0,
2025.07.21 08:04:59,scan_executed_new_execution_bar,USDJPY,2025.07.21 07:45:00,0,
2025.07.21 08:09:59,scan_skipped_same_execution_bar,USDJPY,2025.07.21 07:45:00,0,
2025.07.21 08:19:58,scan_executed_new_execution_bar,USDJPY,2025.07.21 08:00:00,0,
2025.07.21 08:24:58,scan_skipped_same_execution_bar,USDJPY,2025.07.21 08:00:00,0,
2025.07.21 08:34:59,scan_executed_new_execution_bar,USDJPY,2025.07.21 08:15:00,0,
2025.07.21 08:39:59,scan_skipped_same_execution_bar,USDJPY,2025.07.21 08:15:00,0,
2025.07.21 08:49:59,scan_executed_new_execution_bar,USDJPY,2025.07.21 08:30:00,0,
2025.07.21 08:54:59,scan_skipped_same_execution_bar,USDJPY,2025.07.21 08:30:00,0,
2025.07.21 09:04:59,scan_executed_new_execution_bar,USDJPY,2025.07.21 08:45:00,0,
2025.07.21 09:09:59,scan_skipped_same_execution_bar,USDJPY,2025.07.21 08:45:00,0,
2025.07.21 09:19:59,scan_executed_new_execution_bar,USDJPY,2025.07.21 09:00:00,0,
2025.07.21 09:24:59,scan_skipped_same_execution_bar,USDJPY,2025.07.21 09:00:00,0,
2025.07.21 09:34:59,scan_executed_new_execution_bar,USDJPY,2025.07.21 09:15:00,0,
2025.07.21 09:39:59,scan_skipped_same_execution_bar,USDJPY,2025.07.21 09:15:00,0,
2025.07.21 09:49:59,scan_executed_new_execution_bar,USDJPY,2025.07.21 09:30:00,0,
2025.07.21 09:54:59,scan_skipped_same_execution_bar,USDJPY,2025.07.21 09:30:00,0,
2025.07.21 10:04:59,scan_executed_new_execution_bar,USDJPY,2025.07.21 09:45:00,16,
2025.07.21 10:09:59,scan_skipped_same_execution_bar,USDJPY,2025.07.21 09:45:00,0,
2025.07.21 10:19:59,scan_executed_new_execution_bar,USDJPY,2025.07.21 10:00:00,0,
2025.07.21 10:24:59,scan_skipped_same_execution_bar,USDJPY,2025.07.21 10:00:00,0,
2025.07.21 10:34:59,scan_executed_new_execution_bar,USDJPY,2025.07.21 10:15:00,0,
2025.07.21 10:39:59,scan_skipped_same_execution_bar,USDJPY,2025.07.21 10:15:00,0,
2025.07.21 10:49:59,scan_executed_new_execution_bar,USDJPY,2025.07.21 10:30:00,0,
2025.07.21 10:54:59,scan_skipped_same_execution_bar,USDJPY,2025.07.21 10:30:00,0,
2025.07.21 11:04:59,scan_executed_new_execution_bar,USDJPY,2025.07.21 10:45:00,0,
2025.07.21 11:09:59,scan_skipped_same_execution_bar,USDJPY,2025.07.21 10:45:00,0,
2025.07.21 11:19:59,scan_executed_new_execution_bar,USDJPY,2025.07.21 11:00:00,0,
2025.07.21 11:24:59,scan_skipped_same_execution_bar,USDJPY,2025.07.21 11:00:00,0,
2025.07.21 11:34:59,scan_executed_new_execution_bar,USDJPY,2025.07.21 11:15:00,0,
2025.07.21 11:39:59,scan_skipped_same_execution_bar,USDJPY,2025.07.21 11:15:00,0,
2025.07.21 11:49:59,scan_executed_new_execution_bar,USDJPY,2025.07.21 11:30:00,0,
2025.07.21 11:54:59,scan_skipped_same_execution_bar,USDJPY,2025.07.21 11:30:00,0,
2025.07.21 12:05:00,scan_executed_new_execution_bar,USDJPY,2025.07.21 11:45:00,32,
2025.07.21 12:09:59,scan_skipped_same_execution_bar,USDJPY,2025.07.21 11:45:00,0,
2025.07.21 12:19:58,scan_executed_new_execution_bar,USDJPY,2025.07.21 12:00:00,0,
2025.07.21 12:24:59,scan_skipped_same_execution_bar,USDJPY,2025.07.21 12:00:00,0,
2025.07.21 12:34:59,scan_executed_new_execution_bar,USDJPY,2025.07.21 12:15:00,0,
2025.07.21 12:39:59,scan_skipped_same_execution_bar,USDJPY,2025.07.21 12:15:00,0,
2025.07.21 12:49:59,scan_executed_new_execution_bar,USDJPY,2025.07.21 12:30:00,0,
2025.07.21 12:54:59,scan_skipped_same_execution_bar,USDJPY,2025.07.21 12:30:00,0,
2025.07.21 13:04:59,scan_executed_new_execution_bar,USDJPY,2025.07.21 12:45:00,15,
2025.07.21 13:09:59,scan_skipped_same_execution_bar,USDJPY,2025.07.21 12:45:00,0,
2025.07.21 13:19:59,scan_executed_new_execution_bar,USDJPY,2025.07.21 13:00:00,0,
2025.07.21 13:24:59,scan_skipped_same_execution_bar,USDJPY,2025.07.21 13:00:00,0,
2025.07.21 13:34:59,scan_executed_new_execution_bar,USDJPY,2025.07.21 13:15:00,0,
2025.07.21 13:39:59,scan_skipped_same_execution_bar,USDJPY,2025.07.21 13:15:00,0,
2025.07.21 13:49:59,scan_executed_new_execution_bar,USDJPY,2025.07.21 13:30:00,0,
2025.07.21 13:54:59,scan_skipped_same_execution_bar,USDJPY,2025.07.21 13:30:00,0,
2025.07.21 14:04:59,scan_executed_new_execution_bar,USDJPY,2025.07.21 13:45:00,0,
2025.07.21 14:09:59,scan_skipped_same_execution_bar,USDJPY,2025.07.21 13:45:00,0,
2025.07.21 14:19:59,scan_executed_new_execution_bar,USDJPY,2025.07.21 14:00:00,15,
2025.07.21 14:24:59,scan_skipped_same_execution_bar,USDJPY,2025.07.21 14:00:00,0,
2025.07.21 14:34:59,scan_executed_new_execution_bar,USDJPY,2025.07.21 14:15:00,16,
2025.07.21 14:39:59,scan_skipped_same_execution_bar,USDJPY,2025.07.21 14:15:00,0,
2025.07.21 14:49:59,scan_executed_new_execution_bar,USDJPY,2025.07.21 14:30:00,0,
2025.07.21 14:54:58,scan_skipped_same_execution_bar,USDJPY,2025.07.21 14:30:00,0,
2025.07.21 15:04:59,scan_executed_new_execution_bar,USDJPY,2025.07.21 14:45:00,15,
2025.07.21 15:09:59,scan_skipped_same_execution_bar,USDJPY,2025.07.21 14:45:00,0,
2025.07.21 15:19:59,scan_executed_new_execution_bar,USDJPY,2025.07.21 15:00:00,0,
2025.07.21 15:24:59,scan_skipped_same_execution_bar,USDJPY,2025.07.21 15:00:00,0,
2025.07.21 15:34:58,scan_executed_new_execution_bar,USDJPY,2025.07.21 15:15:00,15,
2025.07.21 15:40:00,scan_skipped_same_execution_bar,USDJPY,2025.07.21 15:15:00,0,
2025.07.21 15:49:59,scan_executed_new_execution_bar,USDJPY,2025.07.21 15:30:00,32,
2025.07.21 15:54:59,scan_skipped_same_execution_bar,USDJPY,2025.07.21 15:30:00,0,
2025.07.21 16:04:59,scan_executed_new_execution_bar,USDJPY,2025.07.21 15:45:00,0,
2025.07.21 16:09:58,scan_skipped_same_execution_bar,USDJPY,2025.07.21 15:45:00,0,
2025.07.21 16:19:59,scan_executed_new_execution_bar,USDJPY,2025.07.21 16:00:00,16,
2025.07.21 16:24:59,scan_skipped_same_execution_bar,USDJPY,2025.07.21 16:00:00,0,
2025.07.21 16:34:59,scan_executed_new_execution_bar,USDJPY,2025.07.21 16:15:00,0,
2025.07.21 16:39:59,scan_skipped_same_execution_bar,USDJPY,2025.07.21 16:15:00,0,
2025.07.21 16:49:59,scan_executed_new_execution_bar,USDJPY,2025.07.21 16:30:00,0,
2025.07.21 16:54:59,scan_skipped_same_execution_bar,USDJPY,2025.07.21 16:30:00,0,
2025.07.21 17:04:59,scan_executed_new_execution_bar,USDJPY,2025.07.21 16:45:00,0,
2025.07.21 17:09:59,scan_skipped_same_execution_bar,USDJPY,2025.07.21 16:45:00,0,
2025.07.21 17:19:59,scan_executed_new_execution_bar,USDJPY,2025.07.21 17:00:00,0,
2025.07.21 17:24:59,scan_skipped_same_execution_bar,USDJPY,2025.07.21 17:00:00,0,
2025.07.21 17:34:59,scan_executed_new_execution_bar,USDJPY,2025.07.21 17:15:00,16,
2025.07.21 17:39:59,scan_skipped_same_execution_bar,USDJPY,2025.07.21 17:15:00,0,
2025.07.21 17:49:59,scan_executed_new_execution_bar,USDJPY,2025.07.21 17:30:00,0,
2025.07.21 17:54:59,scan_skipped_same_execution_bar,USDJPY,2025.07.21 17:30:00,0,
2025.07.21 18:04:59,scan_executed_new_execution_bar,USDJPY,2025.07.21 17:45:00,0,
2025.07.21 18:09:59,scan_skipped_same_execution_bar,USDJPY,2025.07.21 17:45:00,0,
2025.07.21 18:20:00,scan_executed_new_execution_bar,USDJPY,2025.07.21 18:00:00,0,
2025.07.21 18:24:59,scan_skipped_same_execution_bar,USDJPY,2025.07.21 18:00:00,0,
2025.07.21 18:34:59,scan_executed_new_execution_bar,USDJPY,2025.07.21 18:15:00,0,
2025.07.21 18:39:59,scan_skipped_same_execution_bar,USDJPY,2025.07.21 18:15:00,0,
2025.07.21 18:49:59,scan_executed_new_execution_bar,USDJPY,2025.07.21 18:30:00,16,
2025.07.21 18:54:59,scan_skipped_same_execution_bar,USDJPY,2025.07.21 18:30:00,0,
2025.07.21 19:04:58,scan_executed_new_execution_bar,USDJPY,2025.07.21 18:45:00,0,
2025.07.21 19:09:59,scan_skipped_same_execution_bar,USDJPY,2025.07.21 18:45:00,0,
2025.07.21 19:19:59,scan_executed_new_execution_bar,USDJPY,2025.07.21 19:00:00,0,
2025.07.21 19:24:59,scan_skipped_same_execution_bar,USDJPY,2025.07.21 19:00:00,0,
2025.07.21 19:34:59,scan_executed_new_execution_bar,USDJPY,2025.07.21 19:15:00,0,
2025.07.21 19:39:59,scan_skipped_same_execution_bar,USDJPY,2025.07.21 19:15:00,0,
2025.07.21 19:49:59,scan_executed_new_execution_bar,USDJPY,2025.07.21 19:30:00,0,
2025.07.21 19:54:59,scan_skipped_same_execution_bar,USDJPY,2025.07.21 19:30:00,0,
2025.07.21 20:04:59,scan_executed_new_execution_bar,USDJPY,2025.07.21 19:45:00,0,
2025.07.21 20:09:59,scan_skipped_same_execution_bar,USDJPY,2025.07.21 19:45:00,0,
2025.07.21 20:19:57,scan_executed_new_execution_bar,USDJPY,2025.07.21 20:00:00,16,
2025.07.21 20:24:59,scan_skipped_same_execution_bar,USDJPY,2025.07.21 20:00:00,0,
2025.07.21 20:34:57,scan_executed_new_execution_bar,USDJPY,2025.07.21 20:15:00,0,
2025.07.21 20:39:59,scan_skipped_same_execution_bar,USDJPY,2025.07.21 20:15:00,0,
2025.07.21 20:49:59,scan_executed_new_execution_bar,USDJPY,2025.07.21 20:30:00,0,
2025.07.21 20:54:59,scan_skipped_same_execution_bar,USDJPY,2025.07.21 20:30:00,0,
2025.07.21 21:04:59,scan_executed_new_execution_bar,USDJPY,2025.07.21 20:45:00,0,
2025.07.21 21:09:59,scan_skipped_same_execution_bar,USDJPY,2025.07.21 20:45:00,0,
2025.07.21 21:19:59,scan_executed_new_execution_bar,USDJPY,2025.07.21 21:00:00,0,
2025.07.21 21:24:58,scan_skipped_same_execution_bar,USDJPY,2025.07.21 21:00:00,0,
2025.07.21 21:34:59,scan_executed_new_execution_bar,USDJPY,2025.07.21 21:15:00,0,
2025.07.21 21:39:59,scan_skipped_same_execution_bar,USDJPY,2025.07.21 21:15:00,0,
2025.07.21 21:49:59,scan_executed_new_execution_bar,USDJPY,2025.07.21 21:30:00,0,
2025.07.21 21:54:59,scan_skipped_same_execution_bar,USDJPY,2025.07.21 21:30:00,0,
2025.07.21 22:04:59,scan_executed_new_execution_bar,USDJPY,2025.07.21 21:45:00,0,
2025.07.21 22:09:59,scan_skipped_same_execution_bar,USDJPY,2025.07.21 21:45:00,0,
2025.07.21 22:19:59,scan_executed_new_execution_bar,USDJPY,2025.07.21 22:00:00,0,
2025.07.21 22:24:59,scan_skipped_same_execution_bar,USDJPY,2025.07.21 22:00:00,0,
2025.07.21 22:34:59,scan_executed_new_execution_bar,USDJPY,2025.07.21 22:15:00,0,
2025.07.21 22:39:57,scan_skipped_same_execution_bar,USDJPY,2025.07.21 22:15:00,0,
2025.07.21 22:49:58,scan_executed_new_execution_bar,USDJPY,2025.07.21 22:30:00,0,
2025.07.21 22:55:00,scan_skipped_same_execution_bar,USDJPY,2025.07.21 22:30:00,0,
2025.07.21 23:04:59,scan_executed_new_execution_bar,USDJPY,2025.07.21 22:45:00,0,
2025.07.21 23:09:59,scan_skipped_same_execution_bar,USDJPY,2025.07.21 22:45:00,0,
2025.07.21 23:19:59,scan_executed_new_execution_bar,USDJPY,2025.07.21 23:00:00,0,
2025.07.21 23:24:58,scan_skipped_same_execution_bar,USDJPY,2025.07.21 23:00:00,0,
2025.07.21 23:34:59,scan_executed_new_execution_bar,USDJPY,2025.07.21 23:15:00,0,
2025.07.21 23:39:59,scan_skipped_same_execution_bar,USDJPY,2025.07.21 23:15:00,0,
2025.07.21 23:49:59,scan_executed_new_execution_bar,USDJPY,2025.07.21 23:30:00,0,
2025.07.21 23:54:58,scan_skipped_same_execution_bar,USDJPY,2025.07.21 23:30:00,0,
2025.07.22 00:04:20,scan_executed_new_execution_bar,USDJPY,2025.07.21 23:45:00,0,
2025.07.22 00:09:55,scan_skipped_same_execution_bar,USDJPY,2025.07.21 23:45:00,0,
2025.07.22 00:19:55,scan_executed_new_execution_bar,USDJPY,2025.07.22 00:00:00,0,
2025.07.22 00:24:57,scan_skipped_same_execution_bar,USDJPY,2025.07.22 00:00:00,0,
2025.07.22 00:34:59,scan_executed_new_execution_bar,USDJPY,2025.07.22 00:15:00,0,
2025.07.22 00:39:56,scan_skipped_same_execution_bar,USDJPY,2025.07.22 00:15:00,0,
2025.07.22 00:50:00,scan_executed_new_execution_bar,USDJPY,2025.07.22 00:30:00,0,
2025.07.22 00:54:57,scan_skipped_same_execution_bar,USDJPY,2025.07.22 00:30:00,0,
2025.07.22 01:04:59,scan_executed_new_execution_bar,USDJPY,2025.07.22 00:45:00,0,
2025.07.22 01:09:58,scan_skipped_same_execution_bar,USDJPY,2025.07.22 00:45:00,0,
2025.07.22 01:19:57,scan_executed_new_execution_bar,USDJPY,2025.07.22 01:00:00,0,
2025.07.22 01:24:59,scan_skipped_same_execution_bar,USDJPY,2025.07.22 01:00:00,0,
2025.07.22 01:34:59,scan_executed_new_execution_bar,USDJPY,2025.07.22 01:15:00,0,
2025.07.22 01:39:59,scan_skipped_same_execution_bar,USDJPY,2025.07.22 01:15:00,0,
2025.07.22 01:49:59,scan_executed_new_execution_bar,USDJPY,2025.07.22 01:30:00,0,
2025.07.22 01:54:59,scan_skipped_same_execution_bar,USDJPY,2025.07.22 01:30:00,0,
2025.07.22 02:04:57,scan_executed_new_execution_bar,USDJPY,2025.07.22 01:45:00,0,
2025.07.22 02:09:59,scan_skipped_same_execution_bar,USDJPY,2025.07.22 01:45:00,0,
2025.07.22 02:19:57,scan_executed_new_execution_bar,USDJPY,2025.07.22 02:00:00,15,
2025.07.22 02:24:56,scan_skipped_same_execution_bar,USDJPY,2025.07.22 02:00:00,0,
2025.07.22 02:34:57,scan_executed_new_execution_bar,USDJPY,2025.07.22 02:15:00,0,
2025.07.22 02:40:00,scan_skipped_same_execution_bar,USDJPY,2025.07.22 02:15:00,0,
2025.07.22 02:49:59,scan_executed_new_execution_bar,USDJPY,2025.07.22 02:30:00,0,
2025.07.22 02:54:57,scan_skipped_same_execution_bar,USDJPY,2025.07.22 02:30:00,0,
2025.07.22 03:04:59,scan_executed_new_execution_bar,USDJPY,2025.07.22 02:45:00,0,
2025.07.22 03:09:59,scan_skipped_same_execution_bar,USDJPY,2025.07.22 02:45:00,0,
2025.07.22 03:19:59,scan_executed_new_execution_bar,USDJPY,2025.07.22 03:00:00,0,
2025.07.22 03:24:59,scan_skipped_same_execution_bar,USDJPY,2025.07.22 03:00:00,0,
2025.07.22 03:34:57,scan_executed_new_execution_bar,USDJPY,2025.07.22 03:15:00,15,
2025.07.22 03:39:59,scan_skipped_same_execution_bar,USDJPY,2025.07.22 03:15:00,0,
2025.07.22 03:49:59,scan_executed_new_execution_bar,USDJPY,2025.07.22 03:30:00,16,
2025.07.22 03:54:59,scan_skipped_same_execution_bar,USDJPY,2025.07.22 03:30:00,0,
2025.07.22 04:04:59,scan_executed_new_execution_bar,USDJPY,2025.07.22 03:45:00,0,
2025.07.22 04:09:59,scan_skipped_same_execution_bar,USDJPY,2025.07.22 03:45:00,0,
2025.07.22 04:19:59,scan_executed_new_execution_bar,USDJPY,2025.07.22 04:00:00,0,
2025.07.22 04:24:59,scan_skipped_same_execution_bar,USDJPY,2025.07.22 04:00:00,0,
2025.07.22 04:34:59,scan_executed_new_execution_bar,USDJPY,2025.07.22 04:15:00,0,
2025.07.22 04:39:59,scan_skipped_same_execution_bar,USDJPY,2025.07.22 04:15:00,0,
2025.07.22 04:49:59,scan_executed_new_execution_bar,USDJPY,2025.07.22 04:30:00,0,
2025.07.22 04:54:59,scan_skipped_same_execution_bar,USDJPY,2025.07.22 04:30:00,0,
2025.07.22 05:05:00,scan_executed_new_execution_bar,USDJPY,2025.07.22 04:45:00,0,
2025.07.22 05:09:59,scan_skipped_same_execution_bar,USDJPY,2025.07.22 04:45:00,0,
2025.07.22 05:19:59,scan_executed_new_execution_bar,USDJPY,2025.07.22 05:00:00,0,
2025.07.22 05:24:59,scan_skipped_same_execution_bar,USDJPY,2025.07.22 05:00:00,0,
2025.07.22 05:34:59,scan_executed_new_execution_bar,USDJPY,2025.07.22 05:15:00,0,
2025.07.22 05:39:58,scan_skipped_same_execution_bar,USDJPY,2025.07.22 05:15:00,0,
2025.07.22 05:49:59,scan_executed_new_execution_bar,USDJPY,2025.07.22 05:30:00,0,
2025.07.22 05:54:58,scan_skipped_same_execution_bar,USDJPY,2025.07.22 05:30:00,0,
2025.07.22 06:04:59,scan_executed_new_execution_bar,USDJPY,2025.07.22 05:45:00,0,
2025.07.22 06:09:59,scan_skipped_same_execution_bar,USDJPY,2025.07.22 05:45:00,0,
2025.07.22 06:19:58,scan_executed_new_execution_bar,USDJPY,2025.07.22 06:00:00,0,
2025.07.22 06:24:59,scan_skipped_same_execution_bar,USDJPY,2025.07.22 06:00:00,0,
2025.07.22 06:34:59,scan_executed_new_execution_bar,USDJPY,2025.07.22 06:15:00,15,
2025.07.22 06:39:58,scan_skipped_same_execution_bar,USDJPY,2025.07.22 06:15:00,0,
2025.07.22 06:49:59,scan_executed_new_execution_bar,USDJPY,2025.07.22 06:30:00,0,
2025.07.22 06:54:59,scan_skipped_same_execution_bar,USDJPY,2025.07.22 06:30:00,0,
2025.07.22 07:04:59,scan_executed_new_execution_bar,USDJPY,2025.07.22 06:45:00,0,
2025.07.22 07:09:59,scan_skipped_same_execution_bar,USDJPY,2025.07.22 06:45:00,0,
2025.07.22 07:19:59,scan_executed_new_execution_bar,USDJPY,2025.07.22 07:00:00,0,
2025.07.22 07:24:58,scan_skipped_same_execution_bar,USDJPY,2025.07.22 07:00:00,0,
2025.07.22 07:34:58,scan_executed_new_execution_bar,USDJPY,2025.07.22 07:15:00,0,
2025.07.22 07:39:59,scan_skipped_same_execution_bar,USDJPY,2025.07.22 07:15:00,0,
2025.07.22 07:49:59,scan_executed_new_execution_bar,USDJPY,2025.07.22 07:30:00,0,
2025.07.22 07:54:59,scan_skipped_same_execution_bar,USDJPY,2025.07.22 07:30:00,0,
2025.07.22 08:04:59,scan_executed_new_execution_bar,USDJPY,2025.07.22 07:45:00,16,
2025.07.22 08:09:57,scan_skipped_same_execution_bar,USDJPY,2025.07.22 07:45:00,0,
2025.07.22 08:19:59,scan_executed_new_execution_bar,USDJPY,2025.07.22 08:00:00,0,
2025.07.22 08:24:59,scan_skipped_same_execution_bar,USDJPY,2025.07.22 08:00:00,0,
2025.07.22 08:34:59,scan_executed_new_execution_bar,USDJPY,2025.07.22 08:15:00,0,
2025.07.22 08:39:58,scan_skipped_same_execution_bar,USDJPY,2025.07.22 08:15:00,0,
2025.07.22 08:49:59,scan_executed_new_execution_bar,USDJPY,2025.07.22 08:30:00,0,
2025.07.22 08:54:59,scan_skipped_same_execution_bar,USDJPY,2025.07.22 08:30:00,0,
2025.07.22 09:04:59,scan_executed_new_execution_bar,USDJPY,2025.07.22 08:45:00,16,
2025.07.22 09:09:59,scan_skipped_same_execution_bar,USDJPY,2025.07.22 08:45:00,0,
2025.07.22 09:19:59,scan_executed_new_execution_bar,USDJPY,2025.07.22 09:00:00,0,
2025.07.22 09:24:59,scan_skipped_same_execution_bar,USDJPY,2025.07.22 09:00:00,0,
2025.07.22 09:34:59,scan_executed_new_execution_bar,USDJPY,2025.07.22 09:15:00,0,
2025.07.22 09:39:59,scan_skipped_same_execution_bar,USDJPY,2025.07.22 09:15:00,0,
2025.07.22 09:50:00,scan_executed_new_execution_bar,USDJPY,2025.07.22 09:30:00,0,
2025.07.22 09:54:59,scan_skipped_same_execution_bar,USDJPY,2025.07.22 09:30:00,0,
2025.07.22 10:04:59,scan_executed_new_execution_bar,USDJPY,2025.07.22 09:45:00,0,
2025.07.22 10:10:00,scan_skipped_same_execution_bar,USDJPY,2025.07.22 09:45:00,0,
2025.07.22 10:19:59,scan_executed_new_execution_bar,USDJPY,2025.07.22 10:00:00,0,
2025.07.22 10:24:59,scan_skipped_same_execution_bar,USDJPY,2025.07.22 10:00:00,0,
2025.07.22 10:34:58,scan_executed_new_execution_bar,USDJPY,2025.07.22 10:15:00,15,
2025.07.22 10:39:59,scan_skipped_same_execution_bar,USDJPY,2025.07.22 10:15:00,0,
2025.07.22 10:49:59,scan_executed_new_execution_bar,USDJPY,2025.07.22 10:30:00,0,
2025.07.22 10:55:00,scan_skipped_same_execution_bar,USDJPY,2025.07.22 10:30:00,0,
2025.07.22 11:04:59,scan_executed_new_execution_bar,USDJPY,2025.07.22 10:45:00,15,
2025.07.22 11:09:59,scan_skipped_same_execution_bar,USDJPY,2025.07.22 10:45:00,0,
2025.07.22 11:19:59,scan_executed_new_execution_bar,USDJPY,2025.07.22 11:00:00,0,
2025.07.22 11:24:59,scan_skipped_same_execution_bar,USDJPY,2025.07.22 11:00:00,0,
2025.07.22 11:34:59,scan_executed_new_execution_bar,USDJPY,2025.07.22 11:15:00,0,
2025.07.22 11:39:59,scan_skipped_same_execution_bar,USDJPY,2025.07.22 11:15:00,0,
2025.07.22 11:49:58,scan_executed_new_execution_bar,USDJPY,2025.07.22 11:30:00,0,
2025.07.22 11:54:59,scan_skipped_same_execution_bar,USDJPY,2025.07.22 11:30:00,0,
2025.07.22 12:04:59,scan_executed_new_execution_bar,USDJPY,2025.07.22 11:45:00,0,
2025.07.22 12:09:59,scan_skipped_same_execution_bar,USDJPY,2025.07.22 11:45:00,0,
2025.07.22 12:19:58,scan_executed_new_execution_bar,USDJPY,2025.07.22 12:00:00,0,
2025.07.22 12:24:59,scan_skipped_same_execution_bar,USDJPY,2025.07.22 12:00:00,0,
2025.07.22 12:34:59,scan_executed_new_execution_bar,USDJPY,2025.07.22 12:15:00,0,
2025.07.22 12:39:59,scan_skipped_same_execution_bar,USDJPY,2025.07.22 12:15:00,0,
2025.07.22 12:49:59,scan_executed_new_execution_bar,USDJPY,2025.07.22 12:30:00,0,
2025.07.22 12:55:00,scan_skipped_same_execution_bar,USDJPY,2025.07.22 12:30:00,0,
2025.07.22 13:04:59,scan_executed_new_execution_bar,USDJPY,2025.07.22 12:45:00,0,
2025.07.22 13:09:59,scan_skipped_same_execution_bar,USDJPY,2025.07.22 12:45:00,0,
2025.07.22 13:19:59,scan_executed_new_execution_bar,USDJPY,2025.07.22 13:00:00,0,
2025.07.22 13:24:59,scan_skipped_same_execution_bar,USDJPY,2025.07.22 13:00:00,0,
2025.07.22 13:34:56,scan_executed_new_execution_bar,USDJPY,2025.07.22 13:15:00,0,
2025.07.22 13:39:59,scan_skipped_same_execution_bar,USDJPY,2025.07.22 13:15:00,0,
2025.07.22 13:49:59,scan_executed_new_execution_bar,USDJPY,2025.07.22 13:30:00,0,
2025.07.22 13:54:59,scan_skipped_same_execution_bar,USDJPY,2025.07.22 13:30:00,0,
2025.07.22 14:04:59,scan_executed_new_execution_bar,USDJPY,2025.07.22 13:45:00,15,
2025.07.22 14:09:59,scan_skipped_same_execution_bar,USDJPY,2025.07.22 13:45:00,0,
2025.07.22 14:19:59,scan_executed_new_execution_bar,USDJPY,2025.07.22 14:00:00,0,
2025.07.22 14:24:59,scan_skipped_same_execution_bar,USDJPY,2025.07.22 14:00:00,0,
2025.07.22 14:34:58,scan_executed_new_execution_bar,USDJPY,2025.07.22 14:15:00,16,
2025.07.22 14:39:59,scan_skipped_same_execution_bar,USDJPY,2025.07.22 14:15:00,0,
2025.07.22 14:49:59,scan_executed_new_execution_bar,USDJPY,2025.07.22 14:30:00,0,
2025.07.22 14:54:59,scan_skipped_same_execution_bar,USDJPY,2025.07.22 14:30:00,0,
2025.07.22 15:04:59,scan_executed_new_execution_bar,USDJPY,2025.07.22 14:45:00,0,
2025.07.22 15:09:59,scan_skipped_same_execution_bar,USDJPY,2025.07.22 14:45:00,0,
2025.07.22 15:20:00,scan_executed_new_execution_bar,USDJPY,2025.07.22 15:00:00,0,
2025.07.22 15:24:59,scan_skipped_same_execution_bar,USDJPY,2025.07.22 15:00:00,0,
2025.07.22 15:34:56,scan_executed_new_execution_bar,USDJPY,2025.07.22 15:15:00,0,
2025.07.22 15:39:59,scan_skipped_same_execution_bar,USDJPY,2025.07.22 15:15:00,0,
2025.07.22 15:49:59,scan_executed_new_execution_bar,USDJPY,2025.07.22 15:30:00,0,
2025.07.22 15:54:59,scan_skipped_same_execution_bar,USDJPY,2025.07.22 15:30:00,0,
2025.07.22 16:04:59,scan_executed_new_execution_bar,USDJPY,2025.07.22 15:45:00,0,
2025.07.22 16:09:59,scan_skipped_same_execution_bar,USDJPY,2025.07.22 15:45:00,0,
2025.07.22 16:19:59,scan_executed_new_execution_bar,USDJPY,2025.07.22 16:00:00,0,
2025.07.22 16:24:59,scan_skipped_same_execution_bar,USDJPY,2025.07.22 16:00:00,0,
2025.07.22 16:34:59,scan_executed_new_execution_bar,USDJPY,2025.07.22 16:15:00,0,
2025.07.22 16:39:59,scan_skipped_same_execution_bar,USDJPY,2025.07.22 16:15:00,0,
2025.07.22 16:49:59,scan_executed_new_execution_bar,USDJPY,2025.07.22 16:30:00,0,
2025.07.22 16:54:59,scan_skipped_same_execution_bar,USDJPY,2025.07.22 16:30:00,0,
2025.07.22 17:04:59,scan_executed_new_execution_bar,USDJPY,2025.07.22 16:45:00,0,
2025.07.22 17:09:59,scan_skipped_same_execution_bar,USDJPY,2025.07.22 16:45:00,0,
2025.07.22 17:19:59,scan_executed_new_execution_bar,USDJPY,2025.07.22 17:00:00,0,
2025.07.22 17:24:59,scan_skipped_same_execution_bar,USDJPY,2025.07.22 17:00:00,0,
2025.07.22 17:34:59,scan_executed_new_execution_bar,USDJPY,2025.07.22 17:15:00,63,
2025.07.22 17:39:59,scan_skipped_same_execution_bar,USDJPY,2025.07.22 17:15:00,0,
2025.07.22 17:49:59,scan_executed_new_execution_bar,USDJPY,2025.07.22 17:30:00,0,
2025.07.22 17:54:59,scan_skipped_same_execution_bar,USDJPY,2025.07.22 17:30:00,0,
2025.07.22 18:04:59,scan_executed_new_execution_bar,USDJPY,2025.07.22 17:45:00,31,
2025.07.22 18:09:59,scan_skipped_same_execution_bar,USDJPY,2025.07.22 17:45:00,0,
2025.07.22 18:19:59,scan_executed_new_execution_bar,USDJPY,2025.07.22 18:00:00,0,
2025.07.22 18:24:59,scan_skipped_same_execution_bar,USDJPY,2025.07.22 18:00:00,0,
2025.07.22 18:34:59,scan_executed_new_execution_bar,USDJPY,2025.07.22 18:15:00,16,
2025.07.22 18:39:59,scan_skipped_same_execution_bar,USDJPY,2025.07.22 18:15:00,0,
2025.07.22 18:49:59,scan_executed_new_execution_bar,USDJPY,2025.07.22 18:30:00,0,
2025.07.22 18:54:59,scan_skipped_same_execution_bar,USDJPY,2025.07.22 18:30:00,0,
2025.07.22 19:04:57,scan_executed_new_execution_bar,USDJPY,2025.07.22 18:45:00,0,
2025.07.22 19:09:59,scan_skipped_same_execution_bar,USDJPY,2025.07.22 18:45:00,0,
2025.07.22 19:19:59,scan_executed_new_execution_bar,USDJPY,2025.07.22 19:00:00,16,
2025.07.22 19:24:59,scan_skipped_same_execution_bar,USDJPY,2025.07.22 19:00:00,0,
2025.07.22 19:34:59,scan_executed_new_execution_bar,USDJPY,2025.07.22 19:15:00,0,
2025.07.22 19:39:59,scan_skipped_same_execution_bar,USDJPY,2025.07.22 19:15:00,0,
2025.07.22 19:49:59,scan_executed_new_execution_bar,USDJPY,2025.07.22 19:30:00,0,
2025.07.22 19:54:59,scan_skipped_same_execution_bar,USDJPY,2025.07.22 19:30:00,0,
2025.07.22 20:04:59,scan_executed_new_execution_bar,USDJPY,2025.07.22 19:45:00,16,
2025.07.22 20:09:59,scan_skipped_same_execution_bar,USDJPY,2025.07.22 19:45:00,0,
2025.07.22 20:19:59,scan_executed_new_execution_bar,USDJPY,2025.07.22 20:00:00,31,
2025.07.22 20:24:59,scan_skipped_same_execution_bar,USDJPY,2025.07.22 20:00:00,0,
2025.07.22 20:34:59,scan_executed_new_execution_bar,USDJPY,2025.07.22 20:15:00,47,
2025.07.22 20:40:00,scan_skipped_same_execution_bar,USDJPY,2025.07.22 20:15:00,0,
2025.07.22 20:49:59,scan_executed_new_execution_bar,USDJPY,2025.07.22 20:30:00,31,
2025.07.22 20:54:59,scan_skipped_same_execution_bar,USDJPY,2025.07.22 20:30:00,0,
2025.07.22 21:04:59,scan_executed_new_execution_bar,USDJPY,2025.07.22 20:45:00,0,
2025.07.22 21:09:59,scan_skipped_same_execution_bar,USDJPY,2025.07.22 20:45:00,0,
2025.07.22 21:20:00,scan_executed_new_execution_bar,USDJPY,2025.07.22 21:00:00,16,
2025.07.22 21:24:59,scan_skipped_same_execution_bar,USDJPY,2025.07.22 21:00:00,0,
2025.07.22 21:35:00,scan_executed_new_execution_bar,USDJPY,2025.07.22 21:15:00,0,
2025.07.22 21:39:59,scan_skipped_same_execution_bar,USDJPY,2025.07.22 21:15:00,0,
2025.07.22 21:49:59,scan_executed_new_execution_bar,USDJPY,2025.07.22 21:30:00,0,
2025.07.22 21:54:59,scan_skipped_same_execution_bar,USDJPY,2025.07.22 21:30:00,0,
2025.07.22 22:04:59,scan_executed_new_execution_bar,USDJPY,2025.07.22 21:45:00,0,
2025.07.22 22:09:59,scan_skipped_same_execution_bar,USDJPY,2025.07.22 21:45:00,0,
2025.07.22 22:19:58,scan_executed_new_execution_bar,USDJPY,2025.07.22 22:00:00,0,
2025.07.22 22:24:59,scan_skipped_same_execution_bar,USDJPY,2025.07.22 22:00:00,0,
2025.07.22 22:34:59,scan_executed_new_execution_bar,USDJPY,2025.07.22 22:15:00,0,
2025.07.22 22:40:00,scan_skipped_same_execution_bar,USDJPY,2025.07.22 22:15:00,0,
2025.07.22 22:49:59,scan_executed_new_execution_bar,USDJPY,2025.07.22 22:30:00,0,
2025.07.22 22:54:59,scan_skipped_same_execution_bar,USDJPY,2025.07.22 22:30:00,0,
2025.07.22 23:04:56,scan_executed_new_execution_bar,USDJPY,2025.07.22 22:45:00,0,
2025.07.22 23:09:59,scan_skipped_same_execution_bar,USDJPY,2025.07.22 22:45:00,0,
2025.07.22 23:19:58,scan_executed_new_execution_bar,USDJPY,2025.07.22 23:00:00,0,
2025.07.22 23:25:00,scan_skipped_same_execution_bar,USDJPY,2025.07.22 23:00:00,0,
2025.07.22 23:34:59,scan_executed_new_execution_bar,USDJPY,2025.07.22 23:15:00,0,
2025.07.22 23:39:58,scan_skipped_same_execution_bar,USDJPY,2025.07.22 23:15:00,0,
2025.07.22 23:49:59,scan_executed_new_execution_bar,USDJPY,2025.07.22 23:30:00,0,
2025.07.22 23:54:59,scan_skipped_same_execution_bar,USDJPY,2025.07.22 23:30:00,0,
2025.07.23 00:04:37,scan_executed_new_execution_bar,USDJPY,2025.07.22 23:45:00,0,
2025.07.23 00:09:59,scan_skipped_same_execution_bar,USDJPY,2025.07.22 23:45:00,0,
2025.07.23 00:19:51,scan_executed_new_execution_bar,USDJPY,2025.07.23 00:00:00,0,
2025.07.23 00:24:57,scan_skipped_same_execution_bar,USDJPY,2025.07.23 00:00:00,0,
2025.07.23 00:34:59,scan_executed_new_execution_bar,USDJPY,2025.07.23 00:15:00,0,
2025.07.23 00:39:53,scan_skipped_same_execution_bar,USDJPY,2025.07.23 00:15:00,0,
2025.07.23 00:49:59,scan_executed_new_execution_bar,USDJPY,2025.07.23 00:30:00,0,
2025.07.23 00:54:59,scan_skipped_same_execution_bar,USDJPY,2025.07.23 00:30:00,0,
2025.07.23 01:04:58,scan_executed_new_execution_bar,USDJPY,2025.07.23 00:45:00,0,
2025.07.23 01:09:59,scan_skipped_same_execution_bar,USDJPY,2025.07.23 00:45:00,0,
2025.07.23 01:19:55,scan_executed_new_execution_bar,USDJPY,2025.07.23 01:00:00,0,
2025.07.23 01:24:59,scan_skipped_same_execution_bar,USDJPY,2025.07.23 01:00:00,0,
2025.07.23 01:34:58,scan_executed_new_execution_bar,USDJPY,2025.07.23 01:15:00,0,
2025.07.23 01:39:58,scan_skipped_same_execution_bar,USDJPY,2025.07.23 01:15:00,0,
2025.07.23 01:49:59,scan_executed_new_execution_bar,USDJPY,2025.07.23 01:30:00,0,
2025.07.23 01:54:59,scan_skipped_same_execution_bar,USDJPY,2025.07.23 01:30:00,0,
2025.07.23 02:04:59,scan_executed_new_execution_bar,USDJPY,2025.07.23 01:45:00,0,
2025.07.23 02:09:59,scan_skipped_same_execution_bar,USDJPY,2025.07.23 01:45:00,0,
2025.07.23 02:19:59,scan_executed_new_execution_bar,USDJPY,2025.07.23 02:00:00,0,
2025.07.23 02:24:59,scan_skipped_same_execution_bar,USDJPY,2025.07.23 02:00:00,0,
2025.07.23 02:34:59,scan_executed_new_execution_bar,USDJPY,2025.07.23 02:15:00,0,
2025.07.23 02:39:59,scan_skipped_same_execution_bar,USDJPY,2025.07.23 02:15:00,0,
2025.07.23 02:49:59,scan_executed_new_execution_bar,USDJPY,2025.07.23 02:30:00,0,
2025.07.23 02:54:59,scan_skipped_same_execution_bar,USDJPY,2025.07.23 02:30:00,0,
2025.07.23 03:04:59,scan_executed_new_execution_bar,USDJPY,2025.07.23 02:45:00,0,
2025.07.23 03:09:59,scan_skipped_same_execution_bar,USDJPY,2025.07.23 02:45:00,0,
2025.07.23 03:19:59,scan_executed_new_execution_bar,USDJPY,2025.07.23 03:00:00,16,
2025.07.23 03:24:59,scan_skipped_same_execution_bar,USDJPY,2025.07.23 03:00:00,0,
2025.07.23 03:34:59,scan_executed_new_execution_bar,USDJPY,2025.07.23 03:15:00,16,
2025.07.23 03:39:59,scan_skipped_same_execution_bar,USDJPY,2025.07.23 03:15:00,0,
2025.07.23 03:49:59,scan_executed_new_execution_bar,USDJPY,2025.07.23 03:30:00,15,
2025.07.23 03:54:59,scan_skipped_same_execution_bar,USDJPY,2025.07.23 03:30:00,0,
2025.07.23 04:04:59,scan_executed_new_execution_bar,USDJPY,2025.07.23 03:45:00,0,
2025.07.23 04:09:59,scan_skipped_same_execution_bar,USDJPY,2025.07.23 03:45:00,0,
2025.07.23 04:19:59,scan_executed_new_execution_bar,USDJPY,2025.07.23 04:00:00,0,
2025.07.23 04:24:58,scan_skipped_same_execution_bar,USDJPY,2025.07.23 04:00:00,0,
2025.07.23 04:34:59,scan_executed_new_execution_bar,USDJPY,2025.07.23 04:15:00,15,
2025.07.23 04:39:59,scan_skipped_same_execution_bar,USDJPY,2025.07.23 04:15:00,0,
2025.07.23 04:49:59,scan_executed_new_execution_bar,USDJPY,2025.07.23 04:30:00,0,
2025.07.23 04:54:59,scan_skipped_same_execution_bar,USDJPY,2025.07.23 04:30:00,0,
2025.07.23 05:04:59,scan_executed_new_execution_bar,USDJPY,2025.07.23 04:45:00,0,
2025.07.23 05:09:59,scan_skipped_same_execution_bar,USDJPY,2025.07.23 04:45:00,0,
2025.07.23 05:19:59,scan_executed_new_execution_bar,USDJPY,2025.07.23 05:00:00,0,
2025.07.23 05:24:59,scan_skipped_same_execution_bar,USDJPY,2025.07.23 05:00:00,0,
2025.07.23 05:34:59,scan_executed_new_execution_bar,USDJPY,2025.07.23 05:15:00,0,
2025.07.23 05:39:59,scan_skipped_same_execution_bar,USDJPY,2025.07.23 05:15:00,0,
2025.07.23 05:49:59,scan_executed_new_execution_bar,USDJPY,2025.07.23 05:30:00,47,
2025.07.23 05:54:59,scan_skipped_same_execution_bar,USDJPY,2025.07.23 05:30:00,0,
2025.07.23 06:04:59,scan_executed_new_execution_bar,USDJPY,2025.07.23 05:45:00,0,
2025.07.23 06:09:59,scan_skipped_same_execution_bar,USDJPY,2025.07.23 05:45:00,0,
2025.07.23 06:19:59,scan_executed_new_execution_bar,USDJPY,2025.07.23 06:00:00,16,
2025.07.23 06:24:59,scan_skipped_same_execution_bar,USDJPY,2025.07.23 06:00:00,0,
2025.07.23 06:34:59,scan_executed_new_execution_bar,USDJPY,2025.07.23 06:15:00,0,
2025.07.23 06:39:59,scan_skipped_same_execution_bar,USDJPY,2025.07.23 06:15:00,0,
2025.07.23 06:49:59,scan_executed_new_execution_bar,USDJPY,2025.07.23 06:30:00,16,
2025.07.23 06:54:59,scan_skipped_same_execution_bar,USDJPY,2025.07.23 06:30:00,0,
2025.07.23 07:05:00,scan_executed_new_execution_bar,USDJPY,2025.07.23 06:45:00,0,
2025.07.23 07:09:59,scan_skipped_same_execution_bar,USDJPY,2025.07.23 06:45:00,0,
2025.07.23 07:19:59,scan_executed_new_execution_bar,USDJPY,2025.07.23 07:00:00,0,
2025.07.23 07:24:59,scan_skipped_same_execution_bar,USDJPY,2025.07.23 07:00:00,0,
2025.07.23 07:34:57,scan_executed_new_execution_bar,USDJPY,2025.07.23 07:15:00,47,
2025.07.23 07:39:59,scan_skipped_same_execution_bar,USDJPY,2025.07.23 07:15:00,0,
2025.07.23 07:49:59,scan_executed_new_execution_bar,USDJPY,2025.07.23 07:30:00,16,
2025.07.23 07:54:59,scan_skipped_same_execution_bar,USDJPY,2025.07.23 07:30:00,0,
2025.07.23 08:04:59,scan_executed_new_execution_bar,USDJPY,2025.07.23 07:45:00,31,
2025.07.23 08:09:59,scan_skipped_same_execution_bar,USDJPY,2025.07.23 07:45:00,0,
2025.07.23 08:19:59,scan_executed_new_execution_bar,USDJPY,2025.07.23 08:00:00,0,
2025.07.23 08:24:59,scan_skipped_same_execution_bar,USDJPY,2025.07.23 08:00:00,0,
2025.07.23 08:34:59,scan_executed_new_execution_bar,USDJPY,2025.07.23 08:15:00,0,
2025.07.23 08:39:59,scan_skipped_same_execution_bar,USDJPY,2025.07.23 08:15:00,0,
2025.07.23 08:49:59,scan_executed_new_execution_bar,USDJPY,2025.07.23 08:30:00,0,
2025.07.23 08:54:59,scan_skipped_same_execution_bar,USDJPY,2025.07.23 08:30:00,0,
2025.07.23 09:04:59,scan_executed_new_execution_bar,USDJPY,2025.07.23 08:45:00,0,
2025.07.23 09:09:59,scan_skipped_same_execution_bar,USDJPY,2025.07.23 08:45:00,0,
2025.07.23 09:19:59,scan_executed_new_execution_bar,USDJPY,2025.07.23 09:00:00,16,
2025.07.23 09:24:59,scan_skipped_same_execution_bar,USDJPY,2025.07.23 09:00:00,0,
2025.07.23 09:34:59,scan_executed_new_execution_bar,USDJPY,2025.07.23 09:15:00,15,
2025.07.23 09:39:59,scan_skipped_same_execution_bar,USDJPY,2025.07.23 09:15:00,0,
2025.07.23 09:49:58,scan_executed_new_execution_bar,USDJPY,2025.07.23 09:30:00,0,
2025.07.23 09:54:59,scan_skipped_same_execution_bar,USDJPY,2025.07.23 09:30:00,0,
2025.07.23 10:04:59,scan_executed_new_execution_bar,USDJPY,2025.07.23 09:45:00,0,
2025.07.23 10:09:59,scan_skipped_same_execution_bar,USDJPY,2025.07.23 09:45:00,0,
2025.07.23 10:19:59,scan_executed_new_execution_bar,USDJPY,2025.07.23 10:00:00,0,
2025.07.23 10:24:59,scan_skipped_same_execution_bar,USDJPY,2025.07.23 10:00:00,0,
2025.07.23 10:34:59,scan_executed_new_execution_bar,USDJPY,2025.07.23 10:15:00,0,
2025.07.23 10:39:59,scan_skipped_same_execution_bar,USDJPY,2025.07.23 10:15:00,0,
2025.07.23 10:49:59,scan_executed_new_execution_bar,USDJPY,2025.07.23 10:30:00,0,
2025.07.23 10:54:59,scan_skipped_same_execution_bar,USDJPY,2025.07.23 10:30:00,0,
2025.07.23 11:04:59,scan_executed_new_execution_bar,USDJPY,2025.07.23 10:45:00,0,
2025.07.23 11:09:59,scan_skipped_same_execution_bar,USDJPY,2025.07.23 10:45:00,0,
2025.07.23 11:19:59,scan_executed_new_execution_bar,USDJPY,2025.07.23 11:00:00,0,
2025.07.23 11:24:59,scan_skipped_same_execution_bar,USDJPY,2025.07.23 11:00:00,0,
2025.07.23 11:34:59,scan_executed_new_execution_bar,USDJPY,2025.07.23 11:15:00,0,
2025.07.23 11:39:59,scan_skipped_same_execution_bar,USDJPY,2025.07.23 11:15:00,0,
2025.07.23 11:49:59,scan_executed_new_execution_bar,USDJPY,2025.07.23 11:30:00,0,
2025.07.23 11:54:59,scan_skipped_same_execution_bar,USDJPY,2025.07.23 11:30:00,0,
2025.07.23 12:04:59,scan_executed_new_execution_bar,USDJPY,2025.07.23 11:45:00,0,
2025.07.23 12:09:59,scan_skipped_same_execution_bar,USDJPY,2025.07.23 11:45:00,0,
2025.07.23 12:19:59,scan_executed_new_execution_bar,USDJPY,2025.07.23 12:00:00,0,
2025.07.23 12:24:59,scan_skipped_same_execution_bar,USDJPY,2025.07.23 12:00:00,0,
2025.07.23 12:34:59,scan_executed_new_execution_bar,USDJPY,2025.07.23 12:15:00,0,
2025.07.23 12:39:59,scan_skipped_same_execution_bar,USDJPY,2025.07.23 12:15:00,0,
2025.07.23 12:49:59,scan_executed_new_execution_bar,USDJPY,2025.07.23 12:30:00,0,
2025.07.23 12:54:59,scan_skipped_same_execution_bar,USDJPY,2025.07.23 12:30:00,0,
2025.07.23 13:04:59,scan_executed_new_execution_bar,USDJPY,2025.07.23 12:45:00,0,
2025.07.23 13:09:59,scan_skipped_same_execution_bar,USDJPY,2025.07.23 12:45:00,0,
2025.07.23 13:19:59,scan_executed_new_execution_bar,USDJPY,2025.07.23 13:00:00,0,
2025.07.23 13:24:59,scan_skipped_same_execution_bar,USDJPY,2025.07.23 13:00:00,0,
2025.07.23 13:34:59,scan_executed_new_execution_bar,USDJPY,2025.07.23 13:15:00,0,
2025.07.23 13:39:58,scan_skipped_same_execution_bar,USDJPY,2025.07.23 13:15:00,0,
2025.07.23 13:49:59,scan_executed_new_execution_bar,USDJPY,2025.07.23 13:30:00,16,
2025.07.23 13:54:59,scan_skipped_same_execution_bar,USDJPY,2025.07.23 13:30:00,0,
2025.07.23 14:04:59,scan_executed_new_execution_bar,USDJPY,2025.07.23 13:45:00,0,
2025.07.23 14:09:59,scan_skipped_same_execution_bar,USDJPY,2025.07.23 13:45:00,0,
2025.07.23 14:19:59,scan_executed_new_execution_bar,USDJPY,2025.07.23 14:00:00,0,
2025.07.23 14:24:59,scan_skipped_same_execution_bar,USDJPY,2025.07.23 14:00:00,0,
2025.07.23 14:34:59,scan_executed_new_execution_bar,USDJPY,2025.07.23 14:15:00,31,
2025.07.23 14:39:59,scan_skipped_same_execution_bar,USDJPY,2025.07.23 14:15:00,0,
2025.07.23 14:49:59,scan_executed_new_execution_bar,USDJPY,2025.07.23 14:30:00,0,
2025.07.23 14:54:59,scan_skipped_same_execution_bar,USDJPY,2025.07.23 14:30:00,0,
2025.07.23 15:04:59,scan_executed_new_execution_bar,USDJPY,2025.07.23 14:45:00,15,
2025.07.23 15:09:59,scan_skipped_same_execution_bar,USDJPY,2025.07.23 14:45:00,0,
2025.07.23 15:19:59,scan_executed_new_execution_bar,USDJPY,2025.07.23 15:00:00,47,
2025.07.23 15:24:59,scan_skipped_same_execution_bar,USDJPY,2025.07.23 15:00:00,0,
2025.07.23 15:34:59,scan_executed_new_execution_bar,USDJPY,2025.07.23 15:15:00,0,
2025.07.23 15:39:59,scan_skipped_same_execution_bar,USDJPY,2025.07.23 15:15:00,0,
2025.07.23 15:49:59,scan_executed_new_execution_bar,USDJPY,2025.07.23 15:30:00,0,
2025.07.23 15:54:59,scan_skipped_same_execution_bar,USDJPY,2025.07.23 15:30:00,0,
2025.07.23 16:04:59,scan_executed_new_execution_bar,USDJPY,2025.07.23 15:45:00,0,
2025.07.23 16:09:59,scan_skipped_same_execution_bar,USDJPY,2025.07.23 15:45:00,0,
2025.07.23 16:19:59,scan_executed_new_execution_bar,USDJPY,2025.07.23 16:00:00,0,
2025.07.23 16:24:59,scan_skipped_same_execution_bar,USDJPY,2025.07.23 16:00:00,0,
2025.07.23 16:34:59,scan_executed_new_execution_bar,USDJPY,2025.07.23 16:15:00,0,
2025.07.23 16:39:59,scan_skipped_same_execution_bar,USDJPY,2025.07.23 16:15:00,0,
2025.07.23 16:50:00,scan_executed_new_execution_bar,USDJPY,2025.07.23 16:30:00,0,
2025.07.23 16:54:59,scan_skipped_same_execution_bar,USDJPY,2025.07.23 16:30:00,0,
2025.07.23 17:04:59,scan_executed_new_execution_bar,USDJPY,2025.07.23 16:45:00,0,
2025.07.23 17:09:59,scan_skipped_same_execution_bar,USDJPY,2025.07.23 16:45:00,0,
2025.07.23 17:19:59,scan_executed_new_execution_bar,USDJPY,2025.07.23 17:00:00,0,
2025.07.23 17:24:59,scan_skipped_same_execution_bar,USDJPY,2025.07.23 17:00:00,0,
2025.07.23 17:34:59,scan_executed_new_execution_bar,USDJPY,2025.07.23 17:15:00,0,
2025.07.23 17:39:59,scan_skipped_same_execution_bar,USDJPY,2025.07.23 17:15:00,0,
2025.07.23 17:49:59,scan_executed_new_execution_bar,USDJPY,2025.07.23 17:30:00,0,
2025.07.23 17:54:59,scan_skipped_same_execution_bar,USDJPY,2025.07.23 17:30:00,0,
2025.07.23 18:04:59,scan_executed_new_execution_bar,USDJPY,2025.07.23 17:45:00,16,
2025.07.23 18:09:59,scan_skipped_same_execution_bar,USDJPY,2025.07.23 17:45:00,0,
2025.07.23 18:19:59,scan_executed_new_execution_bar,USDJPY,2025.07.23 18:00:00,0,
2025.07.23 18:24:59,scan_skipped_same_execution_bar,USDJPY,2025.07.23 18:00:00,0,
2025.07.23 18:34:59,scan_executed_new_execution_bar,USDJPY,2025.07.23 18:15:00,32,
2025.07.23 18:39:59,scan_skipped_same_execution_bar,USDJPY,2025.07.23 18:15:00,0,
2025.07.23 18:49:59,scan_executed_new_execution_bar,USDJPY,2025.07.23 18:30:00,31,
2025.07.23 18:54:59,scan_skipped_same_execution_bar,USDJPY,2025.07.23 18:30:00,0,
2025.07.23 19:04:59,scan_executed_new_execution_bar,USDJPY,2025.07.23 18:45:00,0,
2025.07.23 19:09:59,scan_skipped_same_execution_bar,USDJPY,2025.07.23 18:45:00,0,
2025.07.23 19:19:59,scan_executed_new_execution_bar,USDJPY,2025.07.23 19:00:00,47,
2025.07.23 19:24:59,scan_skipped_same_execution_bar,USDJPY,2025.07.23 19:00:00,0,
2025.07.23 19:34:59,scan_executed_new_execution_bar,USDJPY,2025.07.23 19:15:00,0,
2025.07.23 19:39:59,scan_skipped_same_execution_bar,USDJPY,2025.07.23 19:15:00,0,
2025.07.23 19:49:59,scan_executed_new_execution_bar,USDJPY,2025.07.23 19:30:00,16,
2025.07.23 19:54:59,scan_skipped_same_execution_bar,USDJPY,2025.07.23 19:30:00,0,
2025.07.23 20:04:59,scan_executed_new_execution_bar,USDJPY,2025.07.23 19:45:00,0,
2025.07.23 20:09:59,scan_skipped_same_execution_bar,USDJPY,2025.07.23 19:45:00,0,
2025.07.23 20:19:59,scan_executed_new_execution_bar,USDJPY,2025.07.23 20:00:00,47,
2025.07.23 20:24:57,scan_skipped_same_execution_bar,USDJPY,2025.07.23 20:00:00,0,
2025.07.23 20:34:59,scan_executed_new_execution_bar,USDJPY,2025.07.23 20:15:00,16,
2025.07.23 20:39:59,scan_skipped_same_execution_bar,USDJPY,2025.07.23 20:15:00,0,
2025.07.23 20:49:59,scan_executed_new_execution_bar,USDJPY,2025.07.23 20:30:00,0,
2025.07.23 20:54:59,scan_skipped_same_execution_bar,USDJPY,2025.07.23 20:30:00,0,
2025.07.23 21:04:59,scan_executed_new_execution_bar,USDJPY,2025.07.23 20:45:00,0,
2025.07.23 21:09:59,scan_skipped_same_execution_bar,USDJPY,2025.07.23 20:45:00,0,
2025.07.23 21:19:59,scan_executed_new_execution_bar,USDJPY,2025.07.23 21:00:00,0,
2025.07.23 21:24:59,scan_skipped_same_execution_bar,USDJPY,2025.07.23 21:00:00,0,
2025.07.23 21:34:59,scan_executed_new_execution_bar,USDJPY,2025.07.23 21:15:00,0,
2025.07.23 21:39:59,scan_skipped_same_execution_bar,USDJPY,2025.07.23 21:15:00,0,
2025.07.23 21:49:59,scan_executed_new_execution_bar,USDJPY,2025.07.23 21:30:00,16,
2025.07.23 21:54:59,scan_skipped_same_execution_bar,USDJPY,2025.07.23 21:30:00,0,
2025.07.23 22:04:59,scan_executed_new_execution_bar,USDJPY,2025.07.23 21:45:00,0,
2025.07.23 22:09:59,scan_skipped_same_execution_bar,USDJPY,2025.07.23 21:45:00,0,
2025.07.23 22:19:59,scan_executed_new_execution_bar,USDJPY,2025.07.23 22:00:00,0,
2025.07.23 22:24:59,scan_skipped_same_execution_bar,USDJPY,2025.07.23 22:00:00,0,
2025.07.23 22:34:59,scan_executed_new_execution_bar,USDJPY,2025.07.23 22:15:00,0,
2025.07.23 22:39:58,scan_skipped_same_execution_bar,USDJPY,2025.07.23 22:15:00,0,
2025.07.23 22:49:59,scan_executed_new_execution_bar,USDJPY,2025.07.23 22:30:00,0,
2025.07.23 22:54:59,scan_skipped_same_execution_bar,USDJPY,2025.07.23 22:30:00,0,
2025.07.23 23:04:59,scan_executed_new_execution_bar,USDJPY,2025.07.23 22:45:00,0,
2025.07.23 23:09:59,scan_skipped_same_execution_bar,USDJPY,2025.07.23 22:45:00,0,
2025.07.23 23:19:59,scan_executed_new_execution_bar,USDJPY,2025.07.23 23:00:00,0,
2025.07.23 23:24:59,scan_skipped_same_execution_bar,USDJPY,2025.07.23 23:00:00,0,
2025.07.23 23:34:59,scan_executed_new_execution_bar,USDJPY,2025.07.23 23:15:00,15,
2025.07.23 23:39:59,scan_skipped_same_execution_bar,USDJPY,2025.07.23 23:15:00,0,
2025.07.23 23:49:59,scan_executed_new_execution_bar,USDJPY,2025.07.23 23:30:00,0,
2025.07.23 23:54:59,scan_skipped_same_execution_bar,USDJPY,2025.07.23 23:30:00,0,
2025.07.24 00:05:00,scan_executed_new_execution_bar,USDJPY,2025.07.23 23:45:00,0,
2025.07.24 00:10:00,scan_skipped_same_execution_bar,USDJPY,2025.07.23 23:45:00,0,
2025.07.24 00:20:00,scan_executed_new_execution_bar,USDJPY,2025.07.24 00:00:00,0,
2025.07.24 00:25:00,scan_skipped_same_execution_bar,USDJPY,2025.07.24 00:00:00,0,
2025.07.24 00:35:00,scan_executed_new_execution_bar,USDJPY,2025.07.24 00:15:00,0,
2025.07.24 00:40:00,scan_skipped_same_execution_bar,USDJPY,2025.07.24 00:15:00,0,
2025.07.24 00:50:00,scan_executed_new_execution_bar,USDJPY,2025.07.24 00:30:00,0,
2025.07.24 00:55:00,scan_skipped_same_execution_bar,USDJPY,2025.07.24 00:30:00,0,
2025.07.24 01:00:00,scan_executed_new_execution_bar,USDJPY,2025.07.24 00:45:00,0,
2025.07.24 01:05:00,scan_skipped_same_execution_bar,USDJPY,2025.07.24 00:45:00,0,
2025.07.24 01:20:00,scan_executed_new_execution_bar,USDJPY,2025.07.24 01:00:00,16,
2025.07.24 01:25:00,scan_skipped_same_execution_bar,USDJPY,2025.07.24 01:00:00,0,
2025.07.24 01:35:00,scan_executed_new_execution_bar,USDJPY,2025.07.24 01:15:00,15,
2025.07.24 01:40:00,scan_skipped_same_execution_bar,USDJPY,2025.07.24 01:15:00,0,
2025.07.24 01:50:00,scan_executed_new_execution_bar,USDJPY,2025.07.24 01:30:00,15,
2025.07.24 01:55:00,scan_skipped_same_execution_bar,USDJPY,2025.07.24 01:30:00,0,
2025.07.24 02:00:00,scan_executed_new_execution_bar,USDJPY,2025.07.24 01:45:00,16,
2025.07.24 02:05:00,scan_skipped_same_execution_bar,USDJPY,2025.07.24 01:45:00,0,
2025.07.24 02:15:00,scan_executed_new_execution_bar,USDJPY,2025.07.24 02:00:00,0,
2025.07.24 02:20:00,scan_skipped_same_execution_bar,USDJPY,2025.07.24 02:00:00,0,
2025.07.24 02:30:00,scan_executed_new_execution_bar,USDJPY,2025.07.24 02:15:00,0,
2025.07.24 02:35:00,scan_skipped_same_execution_bar,USDJPY,2025.07.24 02:15:00,0,
2025.07.24 02:45:00,scan_executed_new_execution_bar,USDJPY,2025.07.24 02:30:00,16,
2025.07.24 02:50:00,scan_skipped_same_execution_bar,USDJPY,2025.07.24 02:30:00,0,
2025.07.24 03:00:00,scan_executed_new_execution_bar,USDJPY,2025.07.24 02:45:00,0,
2025.07.24 03:05:00,scan_skipped_same_execution_bar,USDJPY,2025.07.24 02:45:00,0,
2025.07.24 03:20:00,scan_executed_new_execution_bar,USDJPY,2025.07.24 03:00:00,0,
2025.07.24 03:25:00,scan_skipped_same_execution_bar,USDJPY,2025.07.24 03:00:00,0,
2025.07.24 03:30:00,scan_executed_new_execution_bar,USDJPY,2025.07.24 03:15:00,0,
2025.07.24 03:35:00,scan_skipped_same_execution_bar,USDJPY,2025.07.24 03:15:00,0,
2025.07.24 03:50:00,scan_executed_new_execution_bar,USDJPY,2025.07.24 03:30:00,16,
2025.07.24 03:55:00,scan_skipped_same_execution_bar,USDJPY,2025.07.24 03:30:00,0,
2025.07.24 04:05:00,scan_executed_new_execution_bar,USDJPY,2025.07.24 03:45:00,0,
2025.07.24 04:10:00,scan_skipped_same_execution_bar,USDJPY,2025.07.24 03:45:00,0,
2025.07.24 04:15:00,scan_executed_new_execution_bar,USDJPY,2025.07.24 04:00:00,0,
2025.07.24 04:20:00,scan_skipped_same_execution_bar,USDJPY,2025.07.24 04:00:00,0,
2025.07.24 04:35:00,scan_executed_new_execution_bar,USDJPY,2025.07.24 04:15:00,0,
2025.07.24 04:39:59,scan_skipped_same_execution_bar,USDJPY,2025.07.24 04:15:00,0,
2025.07.24 04:45:00,scan_executed_new_execution_bar,USDJPY,2025.07.24 04:30:00,0,
2025.07.24 04:50:00,scan_skipped_same_execution_bar,USDJPY,2025.07.24 04:30:00,0,
2025.07.24 05:05:00,scan_executed_new_execution_bar,USDJPY,2025.07.24 04:45:00,16,
2025.07.24 05:10:00,scan_skipped_same_execution_bar,USDJPY,2025.07.24 04:45:00,0,
2025.07.24 05:15:00,scan_executed_new_execution_bar,USDJPY,2025.07.24 05:00:00,0,
2025.07.24 05:19:59,scan_skipped_same_execution_bar,USDJPY,2025.07.24 05:00:00,0,
2025.07.24 05:30:00,scan_executed_new_execution_bar,USDJPY,2025.07.24 05:15:00,0,
2025.07.24 05:35:00,scan_skipped_same_execution_bar,USDJPY,2025.07.24 05:15:00,0,
2025.07.24 05:50:00,scan_executed_new_execution_bar,USDJPY,2025.07.24 05:30:00,15,
2025.07.24 05:55:00,scan_skipped_same_execution_bar,USDJPY,2025.07.24 05:30:00,0,
2025.07.24 06:00:00,scan_executed_new_execution_bar,USDJPY,2025.07.24 05:45:00,0,
2025.07.24 06:05:00,scan_skipped_same_execution_bar,USDJPY,2025.07.24 05:45:00,0,
2025.07.24 06:15:00,scan_executed_new_execution_bar,USDJPY,2025.07.24 06:00:00,0,
2025.07.24 06:20:00,scan_skipped_same_execution_bar,USDJPY,2025.07.24 06:00:00,0,
2025.07.24 06:35:00,scan_executed_new_execution_bar,USDJPY,2025.07.24 06:15:00,31,
2025.07.24 06:40:00,scan_skipped_same_execution_bar,USDJPY,2025.07.24 06:15:00,0,
2025.07.24 06:45:00,scan_executed_new_execution_bar,USDJPY,2025.07.24 06:30:00,0,
2025.07.24 06:50:00,scan_skipped_same_execution_bar,USDJPY,2025.07.24 06:30:00,0,
2025.07.24 07:00:00,scan_executed_new_execution_bar,USDJPY,2025.07.24 06:45:00,31,
2025.07.24 07:05:00,scan_skipped_same_execution_bar,USDJPY,2025.07.24 06:45:00,0,
2025.07.24 07:19:59,scan_executed_new_execution_bar,USDJPY,2025.07.24 07:00:00,0,
2025.07.24 07:25:00,scan_skipped_same_execution_bar,USDJPY,2025.07.24 07:00:00,0,
2025.07.24 07:30:00,scan_executed_new_execution_bar,USDJPY,2025.07.24 07:15:00,0,
2025.07.24 07:35:00,scan_skipped_same_execution_bar,USDJPY,2025.07.24 07:15:00,0,
2025.07.24 07:49:59,scan_executed_new_execution_bar,USDJPY,2025.07.24 07:30:00,15,
2025.07.24 07:55:00,scan_skipped_same_execution_bar,USDJPY,2025.07.24 07:30:00,0,
2025.07.24 08:00:00,scan_executed_new_execution_bar,USDJPY,2025.07.24 07:45:00,0,
2025.07.24 08:05:00,scan_skipped_same_execution_bar,USDJPY,2025.07.24 07:45:00,0,
2025.07.24 08:15:00,scan_executed_new_execution_bar,USDJPY,2025.07.24 08:00:00,0,
2025.07.24 08:20:00,scan_skipped_same_execution_bar,USDJPY,2025.07.24 08:00:00,0,
2025.07.24 08:30:00,scan_executed_new_execution_bar,USDJPY,2025.07.24 08:15:00,0,
2025.07.24 08:35:00,scan_skipped_same_execution_bar,USDJPY,2025.07.24 08:15:00,0,
2025.07.24 08:45:00,scan_executed_new_execution_bar,USDJPY,2025.07.24 08:30:00,0,
2025.07.24 08:50:00,scan_skipped_same_execution_bar,USDJPY,2025.07.24 08:30:00,0,
2025.07.24 09:00:00,scan_executed_new_execution_bar,USDJPY,2025.07.24 08:45:00,0,
2025.07.24 09:05:00,scan_skipped_same_execution_bar,USDJPY,2025.07.24 08:45:00,0,
2025.07.24 09:15:00,scan_executed_new_execution_bar,USDJPY,2025.07.24 09:00:00,0,
2025.07.24 09:20:00,scan_skipped_same_execution_bar,USDJPY,2025.07.24 09:00:00,0,
2025.07.24 09:30:00,scan_executed_new_execution_bar,USDJPY,2025.07.24 09:15:00,0,
2025.07.24 09:35:00,scan_skipped_same_execution_bar,USDJPY,2025.07.24 09:15:00,0,
2025.07.24 09:50:00,scan_executed_new_execution_bar,USDJPY,2025.07.24 09:30:00,0,
2025.07.24 09:55:00,scan_skipped_same_execution_bar,USDJPY,2025.07.24 09:30:00,0,
2025.07.24 10:00:00,scan_executed_new_execution_bar,USDJPY,2025.07.24 09:45:00,0,
2025.07.24 10:05:00,scan_skipped_same_execution_bar,USDJPY,2025.07.24 09:45:00,0,
2025.07.24 10:15:00,scan_executed_new_execution_bar,USDJPY,2025.07.24 10:00:00,0,
2025.07.24 10:20:00,scan_skipped_same_execution_bar,USDJPY,2025.07.24 10:00:00,0,
2025.07.24 10:30:00,scan_executed_new_execution_bar,USDJPY,2025.07.24 10:15:00,16,
2025.07.24 10:35:00,scan_skipped_same_execution_bar,USDJPY,2025.07.24 10:15:00,0,
2025.07.24 10:45:00,scan_executed_new_execution_bar,USDJPY,2025.07.24 10:30:00,0,
2025.07.24 10:50:00,scan_skipped_same_execution_bar,USDJPY,2025.07.24 10:30:00,0,
2025.07.24 11:00:00,scan_executed_new_execution_bar,USDJPY,2025.07.24 10:45:00,0,
2025.07.24 11:05:00,scan_skipped_same_execution_bar,USDJPY,2025.07.24 10:45:00,0,
2025.07.24 11:15:00,scan_executed_new_execution_bar,USDJPY,2025.07.24 11:00:00,16,
2025.07.24 11:20:00,scan_skipped_same_execution_bar,USDJPY,2025.07.24 11:00:00,0,
2025.07.24 11:30:00,scan_executed_new_execution_bar,USDJPY,2025.07.24 11:15:00,0,
2025.07.24 11:35:00,scan_skipped_same_execution_bar,USDJPY,2025.07.24 11:15:00,0,
2025.07.24 11:45:00,scan_executed_new_execution_bar,USDJPY,2025.07.24 11:30:00,16,
2025.07.24 11:50:00,scan_skipped_same_execution_bar,USDJPY,2025.07.24 11:30:00,0,
2025.07.24 12:00:00,scan_executed_new_execution_bar,USDJPY,2025.07.24 11:45:00,0,
2025.07.24 12:05:00,scan_skipped_same_execution_bar,USDJPY,2025.07.24 11:45:00,0,
2025.07.24 12:15:00,scan_executed_new_execution_bar,USDJPY,2025.07.24 12:00:00,0,
2025.07.24 12:20:00,scan_skipped_same_execution_bar,USDJPY,2025.07.24 12:00:00,0,
2025.07.24 12:30:00,scan_executed_new_execution_bar,USDJPY,2025.07.24 12:15:00,16,
2025.07.24 12:35:00,scan_skipped_same_execution_bar,USDJPY,2025.07.24 12:15:00,0,
2025.07.24 12:45:00,scan_executed_new_execution_bar,USDJPY,2025.07.24 12:30:00,0,
2025.07.24 12:50:00,scan_skipped_same_execution_bar,USDJPY,2025.07.24 12:30:00,0,
2025.07.24 13:00:00,scan_executed_new_execution_bar,USDJPY,2025.07.24 12:45:00,0,
2025.07.24 13:05:00,scan_skipped_same_execution_bar,USDJPY,2025.07.24 12:45:00,0,
2025.07.24 13:15:00,scan_executed_new_execution_bar,USDJPY,2025.07.24 13:00:00,0,
2025.07.24 13:20:00,scan_skipped_same_execution_bar,USDJPY,2025.07.24 13:00:00,0,
2025.07.24 13:30:00,scan_executed_new_execution_bar,USDJPY,2025.07.24 13:15:00,15,
2025.07.24 13:35:00,scan_skipped_same_execution_bar,USDJPY,2025.07.24 13:15:00,0,
2025.07.24 13:45:00,scan_executed_new_execution_bar,USDJPY,2025.07.24 13:30:00,0,
2025.07.24 13:50:00,scan_skipped_same_execution_bar,USDJPY,2025.07.24 13:30:00,0,
2025.07.24 14:00:00,scan_executed_new_execution_bar,USDJPY,2025.07.24 13:45:00,0,
2025.07.24 14:04:58,scan_skipped_same_execution_bar,USDJPY,2025.07.24 13:45:00,0,
2025.07.24 14:20:00,scan_executed_new_execution_bar,USDJPY,2025.07.24 14:00:00,0,
2025.07.24 14:24:59,scan_skipped_same_execution_bar,USDJPY,2025.07.24 14:00:00,0,
2025.07.24 14:34:59,scan_executed_new_execution_bar,USDJPY,2025.07.24 14:15:00,0,
2025.07.24 14:39:59,scan_skipped_same_execution_bar,USDJPY,2025.07.24 14:15:00,0,
2025.07.24 14:45:00,scan_executed_new_execution_bar,USDJPY,2025.07.24 14:30:00,0,
2025.07.24 14:50:00,scan_skipped_same_execution_bar,USDJPY,2025.07.24 14:30:00,0,
2025.07.24 15:05:00,scan_executed_new_execution_bar,USDJPY,2025.07.24 14:45:00,15,
2025.07.24 15:09:59,scan_skipped_same_execution_bar,USDJPY,2025.07.24 14:45:00,0,
2025.07.24 15:20:00,scan_executed_new_execution_bar,USDJPY,2025.07.24 15:00:00,0,
2025.07.24 15:25:00,scan_skipped_same_execution_bar,USDJPY,2025.07.24 15:00:00,0,
2025.07.24 15:30:00,scan_executed_new_execution_bar,USDJPY,2025.07.24 15:15:00,0,
2025.07.24 15:35:00,scan_skipped_same_execution_bar,USDJPY,2025.07.24 15:15:00,0,
2025.07.24 15:49:59,scan_executed_new_execution_bar,USDJPY,2025.07.24 15:30:00,0,
2025.07.24 15:54:59,scan_skipped_same_execution_bar,USDJPY,2025.07.24 15:30:00,0,
2025.07.24 16:00:00,scan_executed_new_execution_bar,USDJPY,2025.07.24 15:45:00,0,
2025.07.24 16:05:00,scan_skipped_same_execution_bar,USDJPY,2025.07.24 15:45:00,0,
2025.07.24 16:19:59,scan_executed_new_execution_bar,USDJPY,2025.07.24 16:00:00,0,
2025.07.24 16:24:59,scan_skipped_same_execution_bar,USDJPY,2025.07.24 16:00:00,0,
2025.07.24 16:30:00,scan_executed_new_execution_bar,USDJPY,2025.07.24 16:15:00,16,
2025.07.24 16:35:00,scan_skipped_same_execution_bar,USDJPY,2025.07.24 16:15:00,0,
2025.07.24 16:45:00,scan_executed_new_execution_bar,USDJPY,2025.07.24 16:30:00,16,
2025.07.24 16:50:00,scan_skipped_same_execution_bar,USDJPY,2025.07.24 16:30:00,0,
2025.07.24 17:05:00,scan_executed_new_execution_bar,USDJPY,2025.07.24 16:45:00,16,
2025.07.24 17:09:59,scan_skipped_same_execution_bar,USDJPY,2025.07.24 16:45:00,0,
2025.07.24 17:19:59,scan_executed_new_execution_bar,USDJPY,2025.07.24 17:00:00,31,
2025.07.24 17:24:59,scan_skipped_same_execution_bar,USDJPY,2025.07.24 17:00:00,0,
2025.07.24 17:34:59,scan_executed_new_execution_bar,USDJPY,2025.07.24 17:15:00,0,
2025.07.24 17:39:59,scan_skipped_same_execution_bar,USDJPY,2025.07.24 17:15:00,0,
2025.07.24 17:50:00,scan_executed_new_execution_bar,USDJPY,2025.07.24 17:30:00,0,
2025.07.24 17:55:00,scan_skipped_same_execution_bar,USDJPY,2025.07.24 17:30:00,0,
2025.07.24 18:00:00,scan_executed_new_execution_bar,USDJPY,2025.07.24 17:45:00,16,
2025.07.24 18:05:00,scan_skipped_same_execution_bar,USDJPY,2025.07.24 17:45:00,0,
2025.07.24 18:19:59,scan_executed_new_execution_bar,USDJPY,2025.07.24 18:00:00,31,
2025.07.24 18:24:59,scan_skipped_same_execution_bar,USDJPY,2025.07.24 18:00:00,0,
2025.07.24 18:34:59,scan_executed_new_execution_bar,USDJPY,2025.07.24 18:15:00,47,
2025.07.24 18:39:59,scan_skipped_same_execution_bar,USDJPY,2025.07.24 18:15:00,0,
2025.07.24 18:49:58,scan_executed_new_execution_bar,USDJPY,2025.07.24 18:30:00,16,
2025.07.24 18:54:59,scan_skipped_same_execution_bar,USDJPY,2025.07.24 18:30:00,0,
2025.07.24 19:00:00,scan_executed_new_execution_bar,USDJPY,2025.07.24 18:45:00,15,
2025.07.24 19:04:59,scan_skipped_same_execution_bar,USDJPY,2025.07.24 18:45:00,0,
2025.07.24 19:19:59,scan_executed_new_execution_bar,USDJPY,2025.07.24 19:00:00,0,
2025.07.24 19:25:00,scan_skipped_same_execution_bar,USDJPY,2025.07.24 19:00:00,0,
2025.07.24 19:30:00,scan_executed_new_execution_bar,USDJPY,2025.07.24 19:15:00,0,
2025.07.24 19:35:00,scan_skipped_same_execution_bar,USDJPY,2025.07.24 19:15:00,0,
2025.07.24 19:45:00,scan_executed_new_execution_bar,USDJPY,2025.07.24 19:30:00,32,
2025.07.24 19:50:00,scan_skipped_same_execution_bar,USDJPY,2025.07.24 19:30:00,0,
2025.07.24 20:00:00,scan_executed_new_execution_bar,USDJPY,2025.07.24 19:45:00,16,
2025.07.24 20:04:59,scan_skipped_same_execution_bar,USDJPY,2025.07.24 19:45:00,0,
2025.07.24 20:19:59,scan_executed_new_execution_bar,USDJPY,2025.07.24 20:00:00,32,
2025.07.24 20:24:59,scan_skipped_same_execution_bar,USDJPY,2025.07.24 20:00:00,0,
2025.07.24 20:34:59,scan_executed_new_execution_bar,USDJPY,2025.07.24 20:15:00,0,
2025.07.24 20:39:59,scan_skipped_same_execution_bar,USDJPY,2025.07.24 20:15:00,0,
2025.07.24 20:49:59,scan_executed_new_execution_bar,USDJPY,2025.07.24 20:30:00,16,
2025.07.24 20:55:00,scan_skipped_same_execution_bar,USDJPY,2025.07.24 20:30:00,0,
2025.07.24 21:05:00,scan_executed_new_execution_bar,USDJPY,2025.07.24 20:45:00,15,
2025.07.24 21:09:59,scan_skipped_same_execution_bar,USDJPY,2025.07.24 20:45:00,0,
2025.07.24 21:15:00,scan_executed_new_execution_bar,USDJPY,2025.07.24 21:00:00,0,
2025.07.24 21:19:59,scan_skipped_same_execution_bar,USDJPY,2025.07.24 21:00:00,0,
2025.07.24 21:30:00,scan_executed_new_execution_bar,USDJPY,2025.07.24 21:15:00,0,
2025.07.24 21:34:59,scan_skipped_same_execution_bar,USDJPY,2025.07.24 21:15:00,0,
2025.07.24 21:45:00,scan_executed_new_execution_bar,USDJPY,2025.07.24 21:30:00,16,
2025.07.24 21:50:00,scan_skipped_same_execution_bar,USDJPY,2025.07.24 21:30:00,0,
2025.07.24 22:00:00,scan_executed_new_execution_bar,USDJPY,2025.07.24 21:45:00,0,
2025.07.24 22:05:00,scan_skipped_same_execution_bar,USDJPY,2025.07.24 21:45:00,0,
2025.07.24 22:20:00,scan_executed_new_execution_bar,USDJPY,2025.07.24 22:00:00,0,
2025.07.24 22:25:00,scan_skipped_same_execution_bar,USDJPY,2025.07.24 22:00:00,0,
2025.07.24 22:30:00,scan_executed_new_execution_bar,USDJPY,2025.07.24 22:15:00,0,
2025.07.24 22:35:00,scan_skipped_same_execution_bar,USDJPY,2025.07.24 22:15:00,0,
2025.07.24 22:50:00,scan_executed_new_execution_bar,USDJPY,2025.07.24 22:30:00,0,
2025.07.24 22:55:00,scan_skipped_same_execution_bar,USDJPY,2025.07.24 22:30:00,0,
2025.07.24 23:00:00,scan_executed_new_execution_bar,USDJPY,2025.07.24 22:45:00,0,
2025.07.24 23:05:00,scan_skipped_same_execution_bar,USDJPY,2025.07.24 22:45:00,0,
2025.07.24 23:15:00,scan_executed_new_execution_bar,USDJPY,2025.07.24 23:00:00,0,
2025.07.24 23:19:59,scan_skipped_same_execution_bar,USDJPY,2025.07.24 23:00:00,0,
2025.07.24 23:30:00,scan_executed_new_execution_bar,USDJPY,2025.07.24 23:15:00,0,
2025.07.24 23:35:00,scan_skipped_same_execution_bar,USDJPY,2025.07.24 23:15:00,0,
2025.07.24 23:45:00,scan_executed_new_execution_bar,USDJPY,2025.07.24 23:30:00,0,
2025.07.24 23:50:00,scan_skipped_same_execution_bar,USDJPY,2025.07.24 23:30:00,0,
2025.07.25 00:04:56,scan_executed_new_execution_bar,USDJPY,2025.07.24 23:45:00,0,
2025.07.25 00:09:57,scan_skipped_same_execution_bar,USDJPY,2025.07.24 23:45:00,0,
2025.07.25 00:19:56,scan_executed_new_execution_bar,USDJPY,2025.07.25 00:00:00,0,
2025.07.25 00:24:47,scan_skipped_same_execution_bar,USDJPY,2025.07.25 00:00:00,0,
2025.07.25 00:34:49,scan_executed_new_execution_bar,USDJPY,2025.07.25 00:15:00,0,
2025.07.25 00:39:58,scan_skipped_same_execution_bar,USDJPY,2025.07.25 00:15:00,0,
2025.07.25 00:49:59,scan_executed_new_execution_bar,USDJPY,2025.07.25 00:30:00,0,
2025.07.25 00:54:59,scan_skipped_same_execution_bar,USDJPY,2025.07.25 00:30:00,0,
2025.07.25 01:04:59,scan_executed_new_execution_bar,USDJPY,2025.07.25 00:45:00,0,
2025.07.25 01:09:59,scan_skipped_same_execution_bar,USDJPY,2025.07.25 00:45:00,0,
2025.07.25 01:19:59,scan_executed_new_execution_bar,USDJPY,2025.07.25 01:00:00,0,
2025.07.25 01:24:57,scan_skipped_same_execution_bar,USDJPY,2025.07.25 01:00:00,0,
2025.07.25 01:34:59,scan_executed_new_execution_bar,USDJPY,2025.07.25 01:15:00,15,
2025.07.25 01:39:59,scan_skipped_same_execution_bar,USDJPY,2025.07.25 01:15:00,0,
2025.07.25 01:49:59,scan_executed_new_execution_bar,USDJPY,2025.07.25 01:30:00,0,
2025.07.25 01:54:59,scan_skipped_same_execution_bar,USDJPY,2025.07.25 01:30:00,0,
2025.07.25 02:04:57,scan_executed_new_execution_bar,USDJPY,2025.07.25 01:45:00,16,
2025.07.25 02:09:58,scan_skipped_same_execution_bar,USDJPY,2025.07.25 01:45:00,0,
2025.07.25 02:19:59,scan_executed_new_execution_bar,USDJPY,2025.07.25 02:00:00,0,
2025.07.25 02:24:59,scan_skipped_same_execution_bar,USDJPY,2025.07.25 02:00:00,0,
2025.07.25 02:34:59,scan_executed_new_execution_bar,USDJPY,2025.07.25 02:15:00,0,
2025.07.25 02:39:59,scan_skipped_same_execution_bar,USDJPY,2025.07.25 02:15:00,0,
2025.07.25 02:49:59,scan_executed_new_execution_bar,USDJPY,2025.07.25 02:30:00,15,
2025.07.25 02:54:59,scan_skipped_same_execution_bar,USDJPY,2025.07.25 02:30:00,0,
2025.07.25 03:04:59,scan_executed_new_execution_bar,USDJPY,2025.07.25 02:45:00,0,
2025.07.25 03:09:59,scan_skipped_same_execution_bar,USDJPY,2025.07.25 02:45:00,0,
2025.07.25 03:19:58,scan_executed_new_execution_bar,USDJPY,2025.07.25 03:00:00,0,
2025.07.25 03:24:59,scan_skipped_same_execution_bar,USDJPY,2025.07.25 03:00:00,0,
2025.07.25 03:34:59,scan_executed_new_execution_bar,USDJPY,2025.07.25 03:15:00,32,
2025.07.25 03:40:00,scan_skipped_same_execution_bar,USDJPY,2025.07.25 03:15:00,0,
2025.07.25 03:49:59,scan_executed_new_execution_bar,USDJPY,2025.07.25 03:30:00,0,
2025.07.25 03:54:59,scan_skipped_same_execution_bar,USDJPY,2025.07.25 03:30:00,0,
2025.07.25 04:04:59,scan_executed_new_execution_bar,USDJPY,2025.07.25 03:45:00,0,
2025.07.25 04:09:59,scan_skipped_same_execution_bar,USDJPY,2025.07.25 03:45:00,0,
2025.07.25 04:19:59,scan_executed_new_execution_bar,USDJPY,2025.07.25 04:00:00,0,
2025.07.25 04:24:59,scan_skipped_same_execution_bar,USDJPY,2025.07.25 04:00:00,0,
2025.07.25 04:34:59,scan_executed_new_execution_bar,USDJPY,2025.07.25 04:15:00,0,
2025.07.25 04:39:59,scan_skipped_same_execution_bar,USDJPY,2025.07.25 04:15:00,0,
2025.07.25 04:49:59,scan_executed_new_execution_bar,USDJPY,2025.07.25 04:30:00,0,
2025.07.25 04:54:59,scan_skipped_same_execution_bar,USDJPY,2025.07.25 04:30:00,0,
2025.07.25 05:04:59,scan_executed_new_execution_bar,USDJPY,2025.07.25 04:45:00,31,
2025.07.25 05:09:59,scan_skipped_same_execution_bar,USDJPY,2025.07.25 04:45:00,0,
2025.07.25 05:19:59,scan_executed_new_execution_bar,USDJPY,2025.07.25 05:00:00,0,
2025.07.25 05:24:59,scan_skipped_same_execution_bar,USDJPY,2025.07.25 05:00:00,0,
2025.07.25 05:34:59,scan_executed_new_execution_bar,USDJPY,2025.07.25 05:15:00,0,
2025.07.25 05:39:59,scan_skipped_same_execution_bar,USDJPY,2025.07.25 05:15:00,0,
2025.07.25 05:49:59,scan_executed_new_execution_bar,USDJPY,2025.07.25 05:30:00,0,
2025.07.25 05:54:59,scan_skipped_same_execution_bar,USDJPY,2025.07.25 05:30:00,0,
2025.07.25 06:04:59,scan_executed_new_execution_bar,USDJPY,2025.07.25 05:45:00,15,
2025.07.25 06:09:58,scan_skipped_same_execution_bar,USDJPY,2025.07.25 05:45:00,0,
2025.07.25 06:20:00,scan_executed_new_execution_bar,USDJPY,2025.07.25 06:00:00,16,
2025.07.25 06:24:58,scan_skipped_same_execution_bar,USDJPY,2025.07.25 06:00:00,0,
2025.07.25 06:34:59,scan_executed_new_execution_bar,USDJPY,2025.07.25 06:15:00,0,
2025.07.25 06:39:59,scan_skipped_same_execution_bar,USDJPY,2025.07.25 06:15:00,0,
2025.07.25 06:49:59,scan_executed_new_execution_bar,USDJPY,2025.07.25 06:30:00,16,
2025.07.25 06:54:59,scan_skipped_same_execution_bar,USDJPY,2025.07.25 06:30:00,0,
2025.07.25 07:04:59,scan_executed_new_execution_bar,USDJPY,2025.07.25 06:45:00,0,
2025.07.25 07:09:59,scan_skipped_same_execution_bar,USDJPY,2025.07.25 06:45:00,0,
2025.07.25 07:19:59,scan_executed_new_execution_bar,USDJPY,2025.07.25 07:00:00,16,
2025.07.25 07:24:59,scan_skipped_same_execution_bar,USDJPY,2025.07.25 07:00:00,0,
2025.07.25 07:34:58,scan_executed_new_execution_bar,USDJPY,2025.07.25 07:15:00,0,
2025.07.25 07:39:59,scan_skipped_same_execution_bar,USDJPY,2025.07.25 07:15:00,0,
2025.07.25 07:49:59,scan_executed_new_execution_bar,USDJPY,2025.07.25 07:30:00,0,
2025.07.25 07:54:59,scan_skipped_same_execution_bar,USDJPY,2025.07.25 07:30:00,0,
2025.07.25 08:04:59,scan_executed_new_execution_bar,USDJPY,2025.07.25 07:45:00,0,
2025.07.25 08:10:00,scan_skipped_same_execution_bar,USDJPY,2025.07.25 07:45:00,0,
2025.07.25 08:19:59,scan_executed_new_execution_bar,USDJPY,2025.07.25 08:00:00,0,
2025.07.25 08:24:59,scan_skipped_same_execution_bar,USDJPY,2025.07.25 08:00:00,0,
2025.07.25 08:34:57,scan_executed_new_execution_bar,USDJPY,2025.07.25 08:15:00,0,
2025.07.25 08:39:59,scan_skipped_same_execution_bar,USDJPY,2025.07.25 08:15:00,0,
2025.07.25 08:49:58,scan_executed_new_execution_bar,USDJPY,2025.07.25 08:30:00,0,
2025.07.25 08:54:59,scan_skipped_same_execution_bar,USDJPY,2025.07.25 08:30:00,0,
2025.07.25 09:04:59,scan_executed_new_execution_bar,USDJPY,2025.07.25 08:45:00,0,
2025.07.25 09:09:59,scan_skipped_same_execution_bar,USDJPY,2025.07.25 08:45:00,0,
2025.07.25 09:19:56,scan_executed_new_execution_bar,USDJPY,2025.07.25 09:00:00,0,
2025.07.25 09:25:00,scan_skipped_same_execution_bar,USDJPY,2025.07.25 09:00:00,0,
2025.07.25 09:34:59,scan_executed_new_execution_bar,USDJPY,2025.07.25 09:15:00,0,
2025.07.25 09:39:59,scan_skipped_same_execution_bar,USDJPY,2025.07.25 09:15:00,0,
2025.07.25 09:49:59,scan_executed_new_execution_bar,USDJPY,2025.07.25 09:30:00,0,
2025.07.25 09:54:59,scan_skipped_same_execution_bar,USDJPY,2025.07.25 09:30:00,0,
2025.07.25 10:04:59,scan_executed_new_execution_bar,USDJPY,2025.07.25 09:45:00,0,
2025.07.25 10:09:59,scan_skipped_same_execution_bar,USDJPY,2025.07.25 09:45:00,0,
2025.07.25 10:19:59,scan_executed_new_execution_bar,USDJPY,2025.07.25 10:00:00,0,
2025.07.25 10:24:59,scan_skipped_same_execution_bar,USDJPY,2025.07.25 10:00:00,0,
2025.07.25 10:34:59,scan_executed_new_execution_bar,USDJPY,2025.07.25 10:15:00,0,
2025.07.25 10:39:59,scan_skipped_same_execution_bar,USDJPY,2025.07.25 10:15:00,0,
2025.07.25 10:49:59,scan_executed_new_execution_bar,USDJPY,2025.07.25 10:30:00,0,
2025.07.25 10:54:59,scan_skipped_same_execution_bar,USDJPY,2025.07.25 10:30:00,0,
2025.07.25 11:04:59,scan_executed_new_execution_bar,USDJPY,2025.07.25 10:45:00,0,
2025.07.25 11:09:59,scan_skipped_same_execution_bar,USDJPY,2025.07.25 10:45:00,0,
2025.07.25 11:19:59,scan_executed_new_execution_bar,USDJPY,2025.07.25 11:00:00,0,
2025.07.25 11:24:59,scan_skipped_same_execution_bar,USDJPY,2025.07.25 11:00:00,0,
2025.07.25 11:34:59,scan_executed_new_execution_bar,USDJPY,2025.07.25 11:15:00,0,
2025.07.25 11:39:59,scan_skipped_same_execution_bar,USDJPY,2025.07.25 11:15:00,0,
2025.07.25 11:49:59,scan_executed_new_execution_bar,USDJPY,2025.07.25 11:30:00,0,
2025.07.25 11:54:59,scan_skipped_same_execution_bar,USDJPY,2025.07.25 11:30:00,0,
2025.07.25 12:04:58,scan_executed_new_execution_bar,USDJPY,2025.07.25 11:45:00,0,
2025.07.25 12:09:59,scan_skipped_same_execution_bar,USDJPY,2025.07.25 11:45:00,0,
2025.07.25 12:20:00,scan_executed_new_execution_bar,USDJPY,2025.07.25 12:00:00,0,
2025.07.25 12:24:59,scan_skipped_same_execution_bar,USDJPY,2025.07.25 12:00:00,0,
2025.07.25 12:34:59,scan_executed_new_execution_bar,USDJPY,2025.07.25 12:15:00,16,
2025.07.25 12:39:59,scan_skipped_same_execution_bar,USDJPY,2025.07.25 12:15:00,0,
2025.07.25 12:49:59,scan_executed_new_execution_bar,USDJPY,2025.07.25 12:30:00,0,
2025.07.25 12:54:59,scan_skipped_same_execution_bar,USDJPY,2025.07.25 12:30:00,0,
2025.07.25 13:05:00,scan_executed_new_execution_bar,USDJPY,2025.07.25 12:45:00,0,
2025.07.25 13:09:59,scan_skipped_same_execution_bar,USDJPY,2025.07.25 12:45:00,0,
2025.07.25 13:19:59,scan_executed_new_execution_bar,USDJPY,2025.07.25 13:00:00,0,
2025.07.25 13:24:59,scan_skipped_same_execution_bar,USDJPY,2025.07.25 13:00:00,0,
2025.07.25 13:34:59,scan_executed_new_execution_bar,USDJPY,2025.07.25 13:15:00,31,
2025.07.25 13:39:59,scan_skipped_same_execution_bar,USDJPY,2025.07.25 13:15:00,0,
2025.07.25 13:49:59,scan_executed_new_execution_bar,USDJPY,2025.07.25 13:30:00,0,
2025.07.25 13:54:56,scan_skipped_same_execution_bar,USDJPY,2025.07.25 13:30:00,0,
2025.07.25 14:04:58,scan_executed_new_execution_bar,USDJPY,2025.07.25 13:45:00,16,
2025.07.25 14:09:59,scan_skipped_same_execution_bar,USDJPY,2025.07.25 13:45:00,0,
2025.07.25 14:19:59,scan_executed_new_execution_bar,USDJPY,2025.07.25 14:00:00,0,
2025.07.25 14:24:59,scan_skipped_same_execution_bar,USDJPY,2025.07.25 14:00:00,0,
2025.07.25 14:34:59,scan_executed_new_execution_bar,USDJPY,2025.07.25 14:15:00,0,
2025.07.25 14:39:59,scan_skipped_same_execution_bar,USDJPY,2025.07.25 14:15:00,0,
2025.07.25 14:49:59,scan_executed_new_execution_bar,USDJPY,2025.07.25 14:30:00,15,
2025.07.25 14:54:59,scan_skipped_same_execution_bar,USDJPY,2025.07.25 14:30:00,0,
2025.07.25 15:04:59,scan_executed_new_execution_bar,USDJPY,2025.07.25 14:45:00,0,
2025.07.25 15:09:59,scan_skipped_same_execution_bar,USDJPY,2025.07.25 14:45:00,0,
2025.07.25 15:19:59,scan_executed_new_execution_bar,USDJPY,2025.07.25 15:00:00,0,
2025.07.25 15:24:59,scan_skipped_same_execution_bar,USDJPY,2025.07.25 15:00:00,0,
2025.07.25 15:34:59,scan_executed_new_execution_bar,USDJPY,2025.07.25 15:15:00,0,
2025.07.25 15:39:59,scan_skipped_same_execution_bar,USDJPY,2025.07.25 15:15:00,0,
2025.07.25 15:49:59,scan_executed_new_execution_bar,USDJPY,2025.07.25 15:30:00,0,
2025.07.25 15:54:58,scan_skipped_same_execution_bar,USDJPY,2025.07.25 15:30:00,0,
2025.07.25 16:04:59,scan_executed_new_execution_bar,USDJPY,2025.07.25 15:45:00,0,
2025.07.25 16:09:59,scan_skipped_same_execution_bar,USDJPY,2025.07.25 15:45:00,0,
2025.07.25 16:19:59,scan_executed_new_execution_bar,USDJPY,2025.07.25 16:00:00,0,
2025.07.25 16:24:59,scan_skipped_same_execution_bar,USDJPY,2025.07.25 16:00:00,0,
2025.07.25 16:34:59,scan_executed_new_execution_bar,USDJPY,2025.07.25 16:15:00,31,
2025.07.25 16:39:59,scan_skipped_same_execution_bar,USDJPY,2025.07.25 16:15:00,0,
2025.07.25 16:49:59,scan_executed_new_execution_bar,USDJPY,2025.07.25 16:30:00,0,
2025.07.25 16:54:59,scan_skipped_same_execution_bar,USDJPY,2025.07.25 16:30:00,0,
2025.07.25 17:04:59,scan_executed_new_execution_bar,USDJPY,2025.07.25 16:45:00,32,
2025.07.25 17:09:59,scan_skipped_same_execution_bar,USDJPY,2025.07.25 16:45:00,0,
2025.07.25 17:19:59,scan_executed_new_execution_bar,USDJPY,2025.07.25 17:00:00,0,
2025.07.25 17:24:59,scan_skipped_same_execution_bar,USDJPY,2025.07.25 17:00:00,0,
2025.07.25 17:34:59,scan_executed_new_execution_bar,USDJPY,2025.07.25 17:15:00,16,
2025.07.25 17:39:59,scan_skipped_same_execution_bar,USDJPY,2025.07.25 17:15:00,0,
2025.07.25 17:49:59,scan_executed_new_execution_bar,USDJPY,2025.07.25 17:30:00,15,
2025.07.25 17:54:59,scan_skipped_same_execution_bar,USDJPY,2025.07.25 17:30:00,0,
2025.07.25 18:04:59,scan_executed_new_execution_bar,USDJPY,2025.07.25 17:45:00,0,
2025.07.25 18:09:59,scan_skipped_same_execution_bar,USDJPY,2025.07.25 17:45:00,0,
2025.07.25 18:19:59,scan_executed_new_execution_bar,USDJPY,2025.07.25 18:00:00,15,
2025.07.25 18:24:59,scan_skipped_same_execution_bar,USDJPY,2025.07.25 18:00:00,0,
2025.07.25 18:34:59,scan_executed_new_execution_bar,USDJPY,2025.07.25 18:15:00,16,
2025.07.25 18:39:59,scan_skipped_same_execution_bar,USDJPY,2025.07.25 18:15:00,0,
2025.07.25 18:49:59,scan_executed_new_execution_bar,USDJPY,2025.07.25 18:30:00,0,
2025.07.25 18:54:58,scan_skipped_same_execution_bar,USDJPY,2025.07.25 18:30:00,0,
2025.07.25 19:04:59,scan_executed_new_execution_bar,USDJPY,2025.07.25 18:45:00,15,
2025.07.25 19:09:59,scan_skipped_same_execution_bar,USDJPY,2025.07.25 18:45:00,0,
2025.07.25 19:19:59,scan_executed_new_execution_bar,USDJPY,2025.07.25 19:00:00,0,
2025.07.25 19:24:59,scan_skipped_same_execution_bar,USDJPY,2025.07.25 19:00:00,0,
2025.07.25 19:34:59,scan_executed_new_execution_bar,USDJPY,2025.07.25 19:15:00,31,
2025.07.25 19:39:59,scan_skipped_same_execution_bar,USDJPY,2025.07.25 19:15:00,0,
2025.07.25 19:49:59,scan_executed_new_execution_bar,USDJPY,2025.07.25 19:30:00,0,
2025.07.25 19:54:59,scan_skipped_same_execution_bar,USDJPY,2025.07.25 19:30:00,0,
2025.07.25 20:04:59,scan_executed_new_execution_bar,USDJPY,2025.07.25 19:45:00,15,
2025.07.25 20:09:58,scan_skipped_same_execution_bar,USDJPY,2025.07.25 19:45:00,0,
2025.07.25 20:19:59,scan_executed_new_execution_bar,USDJPY,2025.07.25 20:00:00,0,
2025.07.25 20:24:59,scan_skipped_same_execution_bar,USDJPY,2025.07.25 20:00:00,0,
2025.07.25 20:34:58,scan_executed_new_execution_bar,USDJPY,2025.07.25 20:15:00,0,
2025.07.25 20:39:59,scan_skipped_same_execution_bar,USDJPY,2025.07.25 20:15:00,0,
2025.07.25 20:49:59,scan_executed_new_execution_bar,USDJPY,2025.07.25 20:30:00,15,
2025.07.25 20:54:58,scan_skipped_same_execution_bar,USDJPY,2025.07.25 20:30:00,0,
2025.07.25 21:04:59,scan_executed_new_execution_bar,USDJPY,2025.07.25 20:45:00,0,
2025.07.25 21:09:59,scan_skipped_same_execution_bar,USDJPY,2025.07.25 20:45:00,0,
2025.07.25 21:19:59,scan_executed_new_execution_bar,USDJPY,2025.07.25 21:00:00,0,
2025.07.25 21:25:00,scan_skipped_same_execution_bar,USDJPY,2025.07.25 21:00:00,0,
2025.07.25 21:34:59,scan_executed_new_execution_bar,USDJPY,2025.07.25 21:15:00,0,
2025.07.25 21:39:59,scan_skipped_same_execution_bar,USDJPY,2025.07.25 21:15:00,0,
2025.07.25 21:49:59,scan_executed_new_execution_bar,USDJPY,2025.07.25 21:30:00,0,
2025.07.25 21:54:59,scan_skipped_same_execution_bar,USDJPY,2025.07.25 21:30:00,0,
2025.07.25 22:05:00,scan_executed_new_execution_bar,USDJPY,2025.07.25 21:45:00,0,
2025.07.25 22:09:59,scan_skipped_same_execution_bar,USDJPY,2025.07.25 21:45:00,0,
2025.07.25 22:19:59,scan_executed_new_execution_bar,USDJPY,2025.07.25 22:00:00,0,
2025.07.25 22:24:59,scan_skipped_same_execution_bar,USDJPY,2025.07.25 22:00:00,0,
2025.07.25 22:34:54,scan_executed_new_execution_bar,USDJPY,2025.07.25 22:15:00,16,
2025.07.25 22:40:00,scan_skipped_same_execution_bar,USDJPY,2025.07.25 22:15:00,0,
2025.07.25 22:49:58,scan_executed_new_execution_bar,USDJPY,2025.07.25 22:30:00,15,
2025.07.25 22:54:59,scan_skipped_same_execution_bar,USDJPY,2025.07.25 22:30:00,0,
2025.07.25 23:04:59,scan_executed_new_execution_bar,USDJPY,2025.07.25 22:45:00,0,
2025.07.25 23:09:59,scan_skipped_same_execution_bar,USDJPY,2025.07.25 22:45:00,0,
2025.07.25 23:19:57,scan_executed_new_execution_bar,USDJPY,2025.07.25 23:00:00,0,
2025.07.25 23:24:59,scan_skipped_same_execution_bar,USDJPY,2025.07.25 23:00:00,0,
2025.07.25 23:34:59,scan_executed_new_execution_bar,USDJPY,2025.07.25 23:15:00,0,
2025.07.25 23:39:59,scan_skipped_same_execution_bar,USDJPY,2025.07.25 23:15:00,0,
2025.07.25 23:49:59,scan_executed_new_execution_bar,USDJPY,2025.07.25 23:30:00,0,
2025.07.25 23:54:59,scan_skipped_same_execution_bar,USDJPY,2025.07.25 23:30:00,0,
2025.07.28 00:04:57,scan_executed_new_execution_bar,USDJPY,2025.07.25 23:45:00,0,
2025.07.28 00:09:59,scan_skipped_same_execution_bar,USDJPY,2025.07.25 23:45:00,0,
2025.07.28 00:19:57,scan_executed_new_execution_bar,USDJPY,2025.07.28 00:00:00,0,
2025.07.28 00:24:59,scan_skipped_same_execution_bar,USDJPY,2025.07.28 00:00:00,0,
2025.07.28 00:34:59,scan_executed_new_execution_bar,USDJPY,2025.07.28 00:15:00,0,
2025.07.28 00:39:59,scan_skipped_same_execution_bar,USDJPY,2025.07.28 00:15:00,0,
2025.07.28 00:49:59,scan_executed_new_execution_bar,USDJPY,2025.07.28 00:30:00,0,
2025.07.28 00:54:58,scan_skipped_same_execution_bar,USDJPY,2025.07.28 00:30:00,0,
2025.07.28 01:04:59,scan_executed_new_execution_bar,USDJPY,2025.07.28 00:45:00,0,
2025.07.28 01:09:58,scan_skipped_same_execution_bar,USDJPY,2025.07.28 00:45:00,0,
2025.07.28 01:19:57,scan_executed_new_execution_bar,USDJPY,2025.07.28 01:00:00,0,
2025.07.28 01:24:59,scan_skipped_same_execution_bar,USDJPY,2025.07.28 01:00:00,0,
2025.07.28 01:34:59,scan_executed_new_execution_bar,USDJPY,2025.07.28 01:15:00,0,
2025.07.28 01:39:59,scan_skipped_same_execution_bar,USDJPY,2025.07.28 01:15:00,0,
2025.07.28 01:49:59,scan_executed_new_execution_bar,USDJPY,2025.07.28 01:30:00,0,
2025.07.28 01:54:59,scan_skipped_same_execution_bar,USDJPY,2025.07.28 01:30:00,0,
2025.07.28 02:04:59,scan_executed_new_execution_bar,USDJPY,2025.07.28 01:45:00,0,
2025.07.28 02:09:58,scan_skipped_same_execution_bar,USDJPY,2025.07.28 01:45:00,0,
2025.07.28 02:19:56,scan_executed_new_execution_bar,USDJPY,2025.07.28 02:00:00,0,
2025.07.28 02:24:59,scan_skipped_same_execution_bar,USDJPY,2025.07.28 02:00:00,0,
2025.07.28 02:34:59,scan_executed_new_execution_bar,USDJPY,2025.07.28 02:15:00,0,
2025.07.28 02:39:58,scan_skipped_same_execution_bar,USDJPY,2025.07.28 02:15:00,0,
2025.07.28 02:49:59,scan_executed_new_execution_bar,USDJPY,2025.07.28 02:30:00,0,
2025.07.28 02:54:59,scan_skipped_same_execution_bar,USDJPY,2025.07.28 02:30:00,0,
2025.07.28 03:04:59,scan_executed_new_execution_bar,USDJPY,2025.07.28 02:45:00,15,
2025.07.28 03:09:59,scan_skipped_same_execution_bar,USDJPY,2025.07.28 02:45:00,0,
2025.07.28 03:19:59,scan_executed_new_execution_bar,USDJPY,2025.07.28 03:00:00,0,
2025.07.28 03:24:59,scan_skipped_same_execution_bar,USDJPY,2025.07.28 03:00:00,0,
2025.07.28 03:34:59,scan_executed_new_execution_bar,USDJPY,2025.07.28 03:15:00,0,
2025.07.28 03:39:59,scan_skipped_same_execution_bar,USDJPY,2025.07.28 03:15:00,0,
2025.07.28 03:49:59,scan_executed_new_execution_bar,USDJPY,2025.07.28 03:30:00,0,
2025.07.28 03:54:59,scan_skipped_same_execution_bar,USDJPY,2025.07.28 03:30:00,0,
2025.07.28 04:04:59,scan_executed_new_execution_bar,USDJPY,2025.07.28 03:45:00,0,
2025.07.28 04:09:59,scan_skipped_same_execution_bar,USDJPY,2025.07.28 03:45:00,0,
2025.07.28 04:19:59,scan_executed_new_execution_bar,USDJPY,2025.07.28 04:00:00,0,
2025.07.28 04:24:59,scan_skipped_same_execution_bar,USDJPY,2025.07.28 04:00:00,0,
2025.07.28 04:34:59,scan_executed_new_execution_bar,USDJPY,2025.07.28 04:15:00,0,
2025.07.28 04:39:59,scan_skipped_same_execution_bar,USDJPY,2025.07.28 04:15:00,0,
2025.07.28 04:49:59,scan_executed_new_execution_bar,USDJPY,2025.07.28 04:30:00,0,
2025.07.28 04:54:59,scan_skipped_same_execution_bar,USDJPY,2025.07.28 04:30:00,0,
2025.07.28 05:04:59,scan_executed_new_execution_bar,USDJPY,2025.07.28 04:45:00,0,
2025.07.28 05:09:59,scan_skipped_same_execution_bar,USDJPY,2025.07.28 04:45:00,0,
2025.07.28 05:19:59,scan_executed_new_execution_bar,USDJPY,2025.07.28 05:00:00,0,
2025.07.28 05:24:59,scan_skipped_same_execution_bar,USDJPY,2025.07.28 05:00:00,0,
2025.07.28 05:34:59,scan_executed_new_execution_bar,USDJPY,2025.07.28 05:15:00,0,
2025.07.28 05:39:59,scan_skipped_same_execution_bar,USDJPY,2025.07.28 05:15:00,0,
2025.07.28 05:49:59,scan_executed_new_execution_bar,USDJPY,2025.07.28 05:30:00,0,
2025.07.28 05:54:59,scan_skipped_same_execution_bar,USDJPY,2025.07.28 05:30:00,0,
2025.07.28 06:04:59,scan_executed_new_execution_bar,USDJPY,2025.07.28 05:45:00,16,
2025.07.28 06:09:59,scan_skipped_same_execution_bar,USDJPY,2025.07.28 05:45:00,0,
2025.07.28 06:19:58,scan_executed_new_execution_bar,USDJPY,2025.07.28 06:00:00,15,
2025.07.28 06:24:59,scan_skipped_same_execution_bar,USDJPY,2025.07.28 06:00:00,0,
2025.07.28 06:34:58,scan_executed_new_execution_bar,USDJPY,2025.07.28 06:15:00,0,
2025.07.28 06:39:58,scan_skipped_same_execution_bar,USDJPY,2025.07.28 06:15:00,0,
2025.07.28 06:49:59,scan_executed_new_execution_bar,USDJPY,2025.07.28 06:30:00,31,
2025.07.28 06:54:59,scan_skipped_same_execution_bar,USDJPY,2025.07.28 06:30:00,0,
2025.07.28 07:04:59,scan_executed_new_execution_bar,USDJPY,2025.07.28 06:45:00,0,
2025.07.28 07:09:59,scan_skipped_same_execution_bar,USDJPY,2025.07.28 06:45:00,0,
2025.07.28 07:19:59,scan_executed_new_execution_bar,USDJPY,2025.07.28 07:00:00,0,
2025.07.28 07:24:59,scan_skipped_same_execution_bar,USDJPY,2025.07.28 07:00:00,0,
2025.07.28 07:34:59,scan_executed_new_execution_bar,USDJPY,2025.07.28 07:15:00,15,
2025.07.28 07:39:59,scan_skipped_same_execution_bar,USDJPY,2025.07.28 07:15:00,0,
2025.07.28 07:49:59,scan_executed_new_execution_bar,USDJPY,2025.07.28 07:30:00,0,
2025.07.28 07:54:59,scan_skipped_same_execution_bar,USDJPY,2025.07.28 07:30:00,0,
2025.07.28 08:04:59,scan_executed_new_execution_bar,USDJPY,2025.07.28 07:45:00,0,
2025.07.28 08:09:59,scan_skipped_same_execution_bar,USDJPY,2025.07.28 07:45:00,0,
2025.07.28 08:19:56,scan_executed_new_execution_bar,USDJPY,2025.07.28 08:00:00,0,
2025.07.28 08:25:00,scan_skipped_same_execution_bar,USDJPY,2025.07.28 08:00:00,0,
2025.07.28 08:34:59,scan_executed_new_execution_bar,USDJPY,2025.07.28 08:15:00,0,
2025.07.28 08:39:59,scan_skipped_same_execution_bar,USDJPY,2025.07.28 08:15:00,0,
2025.07.28 08:49:58,scan_executed_new_execution_bar,USDJPY,2025.07.28 08:30:00,0,
2025.07.28 08:54:59,scan_skipped_same_execution_bar,USDJPY,2025.07.28 08:30:00,0,
2025.07.28 09:04:59,scan_executed_new_execution_bar,USDJPY,2025.07.28 08:45:00,0,
2025.07.28 09:09:59,scan_skipped_same_execution_bar,USDJPY,2025.07.28 08:45:00,0,
2025.07.28 09:19:59,scan_executed_new_execution_bar,USDJPY,2025.07.28 09:00:00,0,
2025.07.28 09:25:00,scan_skipped_same_execution_bar,USDJPY,2025.07.28 09:00:00,0,
2025.07.28 09:34:59,scan_executed_new_execution_bar,USDJPY,2025.07.28 09:15:00,0,
2025.07.28 09:39:59,scan_skipped_same_execution_bar,USDJPY,2025.07.28 09:15:00,0,
2025.07.28 09:49:59,scan_executed_new_execution_bar,USDJPY,2025.07.28 09:30:00,0,
2025.07.28 09:54:59,scan_skipped_same_execution_bar,USDJPY,2025.07.28 09:30:00,0,
2025.07.28 10:04:59,scan_executed_new_execution_bar,USDJPY,2025.07.28 09:45:00,0,
2025.07.28 10:09:59,scan_skipped_same_execution_bar,USDJPY,2025.07.28 09:45:00,0,
2025.07.28 10:19:59,scan_executed_new_execution_bar,USDJPY,2025.07.28 10:00:00,0,
2025.07.28 10:24:59,scan_skipped_same_execution_bar,USDJPY,2025.07.28 10:00:00,0,
2025.07.28 10:34:59,scan_executed_new_execution_bar,USDJPY,2025.07.28 10:15:00,0,
2025.07.28 10:39:59,scan_skipped_same_execution_bar,USDJPY,2025.07.28 10:15:00,0,
2025.07.28 10:49:59,scan_executed_new_execution_bar,USDJPY,2025.07.28 10:30:00,16,
2025.07.28 10:54:59,scan_skipped_same_execution_bar,USDJPY,2025.07.28 10:30:00,0,
2025.07.28 11:04:59,scan_executed_new_execution_bar,USDJPY,2025.07.28 10:45:00,0,
2025.07.28 11:09:59,scan_skipped_same_execution_bar,USDJPY,2025.07.28 10:45:00,0,
2025.07.28 11:19:59,scan_executed_new_execution_bar,USDJPY,2025.07.28 11:00:00,16,
2025.07.28 11:24:59,scan_skipped_same_execution_bar,USDJPY,2025.07.28 11:00:00,0,
2025.07.28 11:34:59,scan_executed_new_execution_bar,USDJPY,2025.07.28 11:15:00,15,
2025.07.28 11:39:59,scan_skipped_same_execution_bar,USDJPY,2025.07.28 11:15:00,0,
2025.07.28 11:49:59,scan_executed_new_execution_bar,USDJPY,2025.07.28 11:30:00,0,
2025.07.28 11:54:59,scan_skipped_same_execution_bar,USDJPY,2025.07.28 11:30:00,0,
2025.07.28 12:04:59,scan_executed_new_execution_bar,USDJPY,2025.07.28 11:45:00,16,
2025.07.28 12:09:59,scan_skipped_same_execution_bar,USDJPY,2025.07.28 11:45:00,0,
2025.07.28 12:19:59,scan_executed_new_execution_bar,USDJPY,2025.07.28 12:00:00,0,
2025.07.28 12:24:59,scan_skipped_same_execution_bar,USDJPY,2025.07.28 12:00:00,0,
2025.07.28 12:34:59,scan_executed_new_execution_bar,USDJPY,2025.07.28 12:15:00,0,
2025.07.28 12:39:59,scan_skipped_same_execution_bar,USDJPY,2025.07.28 12:15:00,0,
2025.07.28 12:49:59,scan_executed_new_execution_bar,USDJPY,2025.07.28 12:30:00,0,
2025.07.28 12:54:59,scan_skipped_same_execution_bar,USDJPY,2025.07.28 12:30:00,0,
2025.07.28 13:04:59,scan_executed_new_execution_bar,USDJPY,2025.07.28 12:45:00,0,
2025.07.28 13:09:59,scan_skipped_same_execution_bar,USDJPY,2025.07.28 12:45:00,0,
2025.07.28 13:19:59,scan_executed_new_execution_bar,USDJPY,2025.07.28 13:00:00,31,
2025.07.28 13:24:59,scan_skipped_same_execution_bar,USDJPY,2025.07.28 13:00:00,0,
2025.07.28 13:34:59,scan_executed_new_execution_bar,USDJPY,2025.07.28 13:15:00,0,
2025.07.28 13:39:59,scan_skipped_same_execution_bar,USDJPY,2025.07.28 13:15:00,0,
2025.07.28 13:49:59,scan_executed_new_execution_bar,USDJPY,2025.07.28 13:30:00,32,
2025.07.28 13:54:58,scan_skipped_same_execution_bar,USDJPY,2025.07.28 13:30:00,0,
2025.07.28 14:04:59,scan_executed_new_execution_bar,USDJPY,2025.07.28 13:45:00,0,
2025.07.28 14:09:59,scan_skipped_same_execution_bar,USDJPY,2025.07.28 13:45:00,0,
2025.07.28 14:19:59,scan_executed_new_execution_bar,USDJPY,2025.07.28 14:00:00,0,
2025.07.28 14:24:59,scan_skipped_same_execution_bar,USDJPY,2025.07.28 14:00:00,0,
2025.07.28 14:34:59,scan_executed_new_execution_bar,USDJPY,2025.07.28 14:15:00,0,
2025.07.28 14:39:59,scan_skipped_same_execution_bar,USDJPY,2025.07.28 14:15:00,0,
2025.07.28 14:49:59,scan_executed_new_execution_bar,USDJPY,2025.07.28 14:30:00,31,
2025.07.28 14:54:59,scan_skipped_same_execution_bar,USDJPY,2025.07.28 14:30:00,0,
2025.07.28 15:04:59,scan_executed_new_execution_bar,USDJPY,2025.07.28 14:45:00,15,
2025.07.28 15:09:59,scan_skipped_same_execution_bar,USDJPY,2025.07.28 14:45:00,0,
2025.07.28 15:19:59,scan_executed_new_execution_bar,USDJPY,2025.07.28 15:00:00,0,
2025.07.28 15:24:59,scan_skipped_same_execution_bar,USDJPY,2025.07.28 15:00:00,0,
2025.07.28 15:34:59,scan_executed_new_execution_bar,USDJPY,2025.07.28 15:15:00,31,
2025.07.28 15:39:59,scan_skipped_same_execution_bar,USDJPY,2025.07.28 15:15:00,0,
2025.07.28 15:49:59,scan_executed_new_execution_bar,USDJPY,2025.07.28 15:30:00,0,
2025.07.28 15:54:59,scan_skipped_same_execution_bar,USDJPY,2025.07.28 15:30:00,0,
2025.07.28 16:04:59,scan_executed_new_execution_bar,USDJPY,2025.07.28 15:45:00,0,
2025.07.28 16:10:00,scan_skipped_same_execution_bar,USDJPY,2025.07.28 15:45:00,0,
2025.07.28 16:19:59,scan_executed_new_execution_bar,USDJPY,2025.07.28 16:00:00,0,
2025.07.28 16:24:59,scan_skipped_same_execution_bar,USDJPY,2025.07.28 16:00:00,0,
2025.07.28 16:34:59,scan_executed_new_execution_bar,USDJPY,2025.07.28 16:15:00,0,
2025.07.28 16:39:59,scan_skipped_same_execution_bar,USDJPY,2025.07.28 16:15:00,0,
2025.07.28 16:49:59,scan_executed_new_execution_bar,USDJPY,2025.07.28 16:30:00,0,
2025.07.28 16:54:59,scan_skipped_same_execution_bar,USDJPY,2025.07.28 16:30:00,0,
2025.07.28 17:04:59,scan_executed_new_execution_bar,USDJPY,2025.07.28 16:45:00,0,
2025.07.28 17:09:59,scan_skipped_same_execution_bar,USDJPY,2025.07.28 16:45:00,0,
2025.07.28 17:19:59,scan_executed_new_execution_bar,USDJPY,2025.07.28 17:00:00,16,
2025.07.28 17:24:59,scan_skipped_same_execution_bar,USDJPY,2025.07.28 17:00:00,0,
2025.07.28 17:34:59,scan_executed_new_execution_bar,USDJPY,2025.07.28 17:15:00,0,
2025.07.28 17:39:59,scan_skipped_same_execution_bar,USDJPY,2025.07.28 17:15:00,0,
2025.07.28 17:49:59,scan_executed_new_execution_bar,USDJPY,2025.07.28 17:30:00,0,
2025.07.28 17:54:59,scan_skipped_same_execution_bar,USDJPY,2025.07.28 17:30:00,0,
2025.07.28 18:04:59,scan_executed_new_execution_bar,USDJPY,2025.07.28 17:45:00,0,
2025.07.28 18:09:59,scan_skipped_same_execution_bar,USDJPY,2025.07.28 17:45:00,0,
2025.07.28 18:19:58,scan_executed_new_execution_bar,USDJPY,2025.07.28 18:00:00,0,
2025.07.28 18:24:59,scan_skipped_same_execution_bar,USDJPY,2025.07.28 18:00:00,0,
2025.07.28 18:34:59,scan_executed_new_execution_bar,USDJPY,2025.07.28 18:15:00,0,
2025.07.28 18:39:59,scan_skipped_same_execution_bar,USDJPY,2025.07.28 18:15:00,0,
2025.07.28 18:49:59,scan_executed_new_execution_bar,USDJPY,2025.07.28 18:30:00,0,
2025.07.28 18:54:59,scan_skipped_same_execution_bar,USDJPY,2025.07.28 18:30:00,0,
2025.07.28 19:04:59,scan_executed_new_execution_bar,USDJPY,2025.07.28 18:45:00,0,
2025.07.28 19:09:59,scan_skipped_same_execution_bar,USDJPY,2025.07.28 18:45:00,0,
2025.07.28 19:19:59,scan_executed_new_execution_bar,USDJPY,2025.07.28 19:00:00,0,
2025.07.28 19:24:59,scan_skipped_same_execution_bar,USDJPY,2025.07.28 19:00:00,0,
2025.07.28 19:34:59,scan_executed_new_execution_bar,USDJPY,2025.07.28 19:15:00,0,
2025.07.28 19:39:59,scan_skipped_same_execution_bar,USDJPY,2025.07.28 19:15:00,0,
2025.07.28 19:49:59,scan_executed_new_execution_bar,USDJPY,2025.07.28 19:30:00,0,
2025.07.28 19:54:59,scan_skipped_same_execution_bar,USDJPY,2025.07.28 19:30:00,0,
2025.07.28 20:04:59,scan_executed_new_execution_bar,USDJPY,2025.07.28 19:45:00,0,
2025.07.28 20:09:59,scan_skipped_same_execution_bar,USDJPY,2025.07.28 19:45:00,0,
2025.07.28 20:19:59,scan_executed_new_execution_bar,USDJPY,2025.07.28 20:00:00,0,
2025.07.28 20:24:59,scan_skipped_same_execution_bar,USDJPY,2025.07.28 20:00:00,0,
2025.07.28 20:34:59,scan_executed_new_execution_bar,USDJPY,2025.07.28 20:15:00,0,
2025.07.28 20:39:59,scan_skipped_same_execution_bar,USDJPY,2025.07.28 20:15:00,0,
2025.07.28 20:49:59,scan_executed_new_execution_bar,USDJPY,2025.07.28 20:30:00,0,
2025.07.28 20:55:00,scan_skipped_same_execution_bar,USDJPY,2025.07.28 20:30:00,0,
2025.07.28 21:04:59,scan_executed_new_execution_bar,USDJPY,2025.07.28 20:45:00,0,
2025.07.28 21:09:59,scan_skipped_same_execution_bar,USDJPY,2025.07.28 20:45:00,0,
2025.07.28 21:19:59,scan_executed_new_execution_bar,USDJPY,2025.07.28 21:00:00,0,
2025.07.28 21:24:59,scan_skipped_same_execution_bar,USDJPY,2025.07.28 21:00:00,0,
2025.07.28 21:34:59,scan_executed_new_execution_bar,USDJPY,2025.07.28 21:15:00,15,
2025.07.28 21:39:59,scan_skipped_same_execution_bar,USDJPY,2025.07.28 21:15:00,0,
2025.07.28 21:50:00,scan_executed_new_execution_bar,USDJPY,2025.07.28 21:30:00,0,
2025.07.28 21:54:59,scan_skipped_same_execution_bar,USDJPY,2025.07.28 21:30:00,0,
2025.07.28 22:04:59,scan_executed_new_execution_bar,USDJPY,2025.07.28 21:45:00,16,
2025.07.28 22:09:59,scan_skipped_same_execution_bar,USDJPY,2025.07.28 21:45:00,0,
2025.07.28 22:19:58,scan_executed_new_execution_bar,USDJPY,2025.07.28 22:00:00,0,
2025.07.28 22:24:59,scan_skipped_same_execution_bar,USDJPY,2025.07.28 22:00:00,0,
2025.07.28 22:34:56,scan_executed_new_execution_bar,USDJPY,2025.07.28 22:15:00,0,
2025.07.28 22:39:59,scan_skipped_same_execution_bar,USDJPY,2025.07.28 22:15:00,0,
2025.07.28 22:49:59,scan_executed_new_execution_bar,USDJPY,2025.07.28 22:30:00,0,
2025.07.28 22:54:59,scan_skipped_same_execution_bar,USDJPY,2025.07.28 22:30:00,0,
2025.07.28 23:04:59,scan_executed_new_execution_bar,USDJPY,2025.07.28 22:45:00,16,
2025.07.28 23:09:59,scan_skipped_same_execution_bar,USDJPY,2025.07.28 22:45:00,0,
2025.07.28 23:19:59,scan_executed_new_execution_bar,USDJPY,2025.07.28 23:00:00,0,
2025.07.28 23:24:57,scan_skipped_same_execution_bar,USDJPY,2025.07.28 23:00:00,0,
2025.07.28 23:34:59,scan_executed_new_execution_bar,USDJPY,2025.07.28 23:15:00,15,
2025.07.28 23:39:56,scan_skipped_same_execution_bar,USDJPY,2025.07.28 23:15:00,0,
2025.07.28 23:49:59,scan_executed_new_execution_bar,USDJPY,2025.07.28 23:30:00,0,
2025.07.28 23:54:59,scan_skipped_same_execution_bar,USDJPY,2025.07.28 23:30:00,0,
2025.07.29 00:04:52,scan_executed_new_execution_bar,USDJPY,2025.07.28 23:45:00,0,
2025.07.29 00:09:57,scan_skipped_same_execution_bar,USDJPY,2025.07.28 23:45:00,0,
2025.07.29 00:19:59,scan_executed_new_execution_bar,USDJPY,2025.07.29 00:00:00,0,
2025.07.29 00:24:59,scan_skipped_same_execution_bar,USDJPY,2025.07.29 00:00:00,0,
2025.07.29 00:34:59,scan_executed_new_execution_bar,USDJPY,2025.07.29 00:15:00,0,
2025.07.29 00:39:58,scan_skipped_same_execution_bar,USDJPY,2025.07.29 00:15:00,0,
2025.07.29 00:49:58,scan_executed_new_execution_bar,USDJPY,2025.07.29 00:30:00,0,
2025.07.29 00:54:59,scan_skipped_same_execution_bar,USDJPY,2025.07.29 00:30:00,0,
2025.07.29 01:04:59,scan_executed_new_execution_bar,USDJPY,2025.07.29 00:45:00,16,
2025.07.29 01:09:59,scan_skipped_same_execution_bar,USDJPY,2025.07.29 00:45:00,0,
2025.07.29 01:19:59,scan_executed_new_execution_bar,USDJPY,2025.07.29 01:00:00,0,
2025.07.29 01:24:57,scan_skipped_same_execution_bar,USDJPY,2025.07.29 01:00:00,0,
2025.07.29 01:34:59,scan_executed_new_execution_bar,USDJPY,2025.07.29 01:15:00,0,
2025.07.29 01:39:54,scan_skipped_same_execution_bar,USDJPY,2025.07.29 01:15:00,0,
2025.07.29 01:49:54,scan_executed_new_execution_bar,USDJPY,2025.07.29 01:30:00,0,
2025.07.29 01:55:00,scan_skipped_same_execution_bar,USDJPY,2025.07.29 01:30:00,0,
2025.07.29 02:04:59,scan_executed_new_execution_bar,USDJPY,2025.07.29 01:45:00,0,
2025.07.29 02:09:59,scan_skipped_same_execution_bar,USDJPY,2025.07.29 01:45:00,0,
2025.07.29 02:19:59,scan_executed_new_execution_bar,USDJPY,2025.07.29 02:00:00,0,
2025.07.29 02:24:59,scan_skipped_same_execution_bar,USDJPY,2025.07.29 02:00:00,0,
2025.07.29 02:34:58,scan_executed_new_execution_bar,USDJPY,2025.07.29 02:15:00,0,
2025.07.29 02:39:59,scan_skipped_same_execution_bar,USDJPY,2025.07.29 02:15:00,0,
2025.07.29 02:49:59,scan_executed_new_execution_bar,USDJPY,2025.07.29 02:30:00,0,
2025.07.29 02:54:53,scan_skipped_same_execution_bar,USDJPY,2025.07.29 02:30:00,0,
2025.07.29 03:04:59,scan_executed_new_execution_bar,USDJPY,2025.07.29 02:45:00,0,
2025.07.29 03:09:57,scan_skipped_same_execution_bar,USDJPY,2025.07.29 02:45:00,0,
2025.07.29 03:19:59,scan_executed_new_execution_bar,USDJPY,2025.07.29 03:00:00,0,
2025.07.29 03:24:59,scan_skipped_same_execution_bar,USDJPY,2025.07.29 03:00:00,0,
2025.07.29 03:34:59,scan_executed_new_execution_bar,USDJPY,2025.07.29 03:15:00,0,
2025.07.29 03:39:58,scan_skipped_same_execution_bar,USDJPY,2025.07.29 03:15:00,0,
2025.07.29 03:49:59,scan_executed_new_execution_bar,USDJPY,2025.07.29 03:30:00,16,
2025.07.29 03:54:59,scan_skipped_same_execution_bar,USDJPY,2025.07.29 03:30:00,0,
2025.07.29 04:04:59,scan_executed_new_execution_bar,USDJPY,2025.07.29 03:45:00,0,
2025.07.29 04:09:59,scan_skipped_same_execution_bar,USDJPY,2025.07.29 03:45:00,0,
2025.07.29 04:19:59,scan_executed_new_execution_bar,USDJPY,2025.07.29 04:00:00,31,
2025.07.29 04:24:59,scan_skipped_same_execution_bar,USDJPY,2025.07.29 04:00:00,0,
2025.07.29 04:34:59,scan_executed_new_execution_bar,USDJPY,2025.07.29 04:15:00,0,
2025.07.29 04:39:59,scan_skipped_same_execution_bar,USDJPY,2025.07.29 04:15:00,0,
2025.07.29 04:49:59,scan_executed_new_execution_bar,USDJPY,2025.07.29 04:30:00,16,
2025.07.29 04:54:59,scan_skipped_same_execution_bar,USDJPY,2025.07.29 04:30:00,0,
2025.07.29 05:04:59,scan_executed_new_execution_bar,USDJPY,2025.07.29 04:45:00,0,
2025.07.29 05:09:59,scan_skipped_same_execution_bar,USDJPY,2025.07.29 04:45:00,0,
2025.07.29 05:19:59,scan_executed_new_execution_bar,USDJPY,2025.07.29 05:00:00,32,
2025.07.29 05:24:59,scan_skipped_same_execution_bar,USDJPY,2025.07.29 05:00:00,0,
2025.07.29 05:34:59,scan_executed_new_execution_bar,USDJPY,2025.07.29 05:15:00,15,
2025.07.29 05:39:54,scan_skipped_same_execution_bar,USDJPY,2025.07.29 05:15:00,0,
2025.07.29 05:49:57,scan_executed_new_execution_bar,USDJPY,2025.07.29 05:30:00,15,
2025.07.29 05:54:59,scan_skipped_same_execution_bar,USDJPY,2025.07.29 05:30:00,0,
2025.07.29 06:04:59,scan_executed_new_execution_bar,USDJPY,2025.07.29 05:45:00,0,
2025.07.29 06:09:59,scan_skipped_same_execution_bar,USDJPY,2025.07.29 05:45:00,0,
2025.07.29 06:19:58,scan_executed_new_execution_bar,USDJPY,2025.07.29 06:00:00,16,
2025.07.29 06:24:59,scan_skipped_same_execution_bar,USDJPY,2025.07.29 06:00:00,0,
2025.07.29 06:34:59,scan_executed_new_execution_bar,USDJPY,2025.07.29 06:15:00,0,
2025.07.29 06:40:00,scan_skipped_same_execution_bar,USDJPY,2025.07.29 06:15:00,0,
2025.07.29 06:49:59,scan_executed_new_execution_bar,USDJPY,2025.07.29 06:30:00,0,
2025.07.29 06:54:59,scan_skipped_same_execution_bar,USDJPY,2025.07.29 06:30:00,0,
2025.07.29 07:04:59,scan_executed_new_execution_bar,USDJPY,2025.07.29 06:45:00,0,
2025.07.29 07:09:59,scan_skipped_same_execution_bar,USDJPY,2025.07.29 06:45:00,0,
2025.07.29 07:19:59,scan_executed_new_execution_bar,USDJPY,2025.07.29 07:00:00,31,
2025.07.29 07:24:59,scan_skipped_same_execution_bar,USDJPY,2025.07.29 07:00:00,0,
2025.07.29 07:34:59,scan_executed_new_execution_bar,USDJPY,2025.07.29 07:15:00,0,
2025.07.29 07:39:59,scan_skipped_same_execution_bar,USDJPY,2025.07.29 07:15:00,0,
2025.07.29 07:49:59,scan_executed_new_execution_bar,USDJPY,2025.07.29 07:30:00,32,
2025.07.29 07:54:57,scan_skipped_same_execution_bar,USDJPY,2025.07.29 07:30:00,0,
2025.07.29 08:04:59,scan_executed_new_execution_bar,USDJPY,2025.07.29 07:45:00,16,
2025.07.29 08:09:59,scan_skipped_same_execution_bar,USDJPY,2025.07.29 07:45:00,0,
2025.07.29 08:19:59,scan_executed_new_execution_bar,USDJPY,2025.07.29 08:00:00,0,
2025.07.29 08:24:59,scan_skipped_same_execution_bar,USDJPY,2025.07.29 08:00:00,0,
2025.07.29 08:34:59,scan_executed_new_execution_bar,USDJPY,2025.07.29 08:15:00,0,
2025.07.29 08:39:59,scan_skipped_same_execution_bar,USDJPY,2025.07.29 08:15:00,0,
2025.07.29 08:49:59,scan_executed_new_execution_bar,USDJPY,2025.07.29 08:30:00,16,
2025.07.29 08:54:59,scan_skipped_same_execution_bar,USDJPY,2025.07.29 08:30:00,0,
2025.07.29 09:04:59,scan_executed_new_execution_bar,USDJPY,2025.07.29 08:45:00,0,
2025.07.29 09:09:59,scan_skipped_same_execution_bar,USDJPY,2025.07.29 08:45:00,0,
2025.07.29 09:19:59,scan_executed_new_execution_bar,USDJPY,2025.07.29 09:00:00,16,
2025.07.29 09:24:59,scan_skipped_same_execution_bar,USDJPY,2025.07.29 09:00:00,0,
2025.07.29 09:34:59,scan_executed_new_execution_bar,USDJPY,2025.07.29 09:15:00,16,
2025.07.29 09:39:59,scan_skipped_same_execution_bar,USDJPY,2025.07.29 09:15:00,0,
2025.07.29 09:49:59,scan_executed_new_execution_bar,USDJPY,2025.07.29 09:30:00,31,
2025.07.29 09:55:00,scan_skipped_same_execution_bar,USDJPY,2025.07.29 09:30:00,0,
2025.07.29 10:04:59,scan_executed_new_execution_bar,USDJPY,2025.07.29 09:45:00,0,
2025.07.29 10:09:59,scan_skipped_same_execution_bar,USDJPY,2025.07.29 09:45:00,0,
2025.07.29 10:19:59,scan_executed_new_execution_bar,USDJPY,2025.07.29 10:00:00,0,
2025.07.29 10:25:00,scan_skipped_same_execution_bar,USDJPY,2025.07.29 10:00:00,0,
2025.07.29 10:34:59,scan_executed_new_execution_bar,USDJPY,2025.07.29 10:15:00,0,
2025.07.29 10:39:59,scan_skipped_same_execution_bar,USDJPY,2025.07.29 10:15:00,0,
2025.07.29 10:49:59,scan_executed_new_execution_bar,USDJPY,2025.07.29 10:30:00,15,
2025.07.29 10:54:59,scan_skipped_same_execution_bar,USDJPY,2025.07.29 10:30:00,0,
2025.07.29 11:04:59,scan_executed_new_execution_bar,USDJPY,2025.07.29 10:45:00,16,
2025.07.29 11:10:00,scan_skipped_same_execution_bar,USDJPY,2025.07.29 10:45:00,0,
2025.07.29 11:19:59,scan_executed_new_execution_bar,USDJPY,2025.07.29 11:00:00,16,
2025.07.29 11:24:59,scan_skipped_same_execution_bar,USDJPY,2025.07.29 11:00:00,0,
2025.07.29 11:34:59,scan_executed_new_execution_bar,USDJPY,2025.07.29 11:15:00,15,
2025.07.29 11:39:59,scan_skipped_same_execution_bar,USDJPY,2025.07.29 11:15:00,0,
2025.07.29 11:49:59,scan_executed_new_execution_bar,USDJPY,2025.07.29 11:30:00,0,
2025.07.29 11:54:59,scan_skipped_same_execution_bar,USDJPY,2025.07.29 11:30:00,0,
2025.07.29 12:04:59,scan_executed_new_execution_bar,USDJPY,2025.07.29 11:45:00,0,
2025.07.29 12:09:59,scan_skipped_same_execution_bar,USDJPY,2025.07.29 11:45:00,0,
2025.07.29 12:19:59,scan_executed_new_execution_bar,USDJPY,2025.07.29 12:00:00,0,
2025.07.29 12:24:59,scan_skipped_same_execution_bar,USDJPY,2025.07.29 12:00:00,0,
2025.07.29 12:34:59,scan_executed_new_execution_bar,USDJPY,2025.07.29 12:15:00,31,
2025.07.29 12:39:59,scan_skipped_same_execution_bar,USDJPY,2025.07.29 12:15:00,0,
2025.07.29 12:49:59,scan_executed_new_execution_bar,USDJPY,2025.07.29 12:30:00,32,
2025.07.29 12:54:59,scan_skipped_same_execution_bar,USDJPY,2025.07.29 12:30:00,0,
2025.07.29 13:04:59,scan_executed_new_execution_bar,USDJPY,2025.07.29 12:45:00,15,
2025.07.29 13:09:58,scan_skipped_same_execution_bar,USDJPY,2025.07.29 12:45:00,0,
2025.07.29 13:19:59,scan_executed_new_execution_bar,USDJPY,2025.07.29 13:00:00,0,
2025.07.29 13:24:56,scan_skipped_same_execution_bar,USDJPY,2025.07.29 13:00:00,0,
2025.07.29 13:34:59,scan_executed_new_execution_bar,USDJPY,2025.07.29 13:15:00,0,
2025.07.29 13:39:59,scan_skipped_same_execution_bar,USDJPY,2025.07.29 13:15:00,0,
2025.07.29 13:49:59,scan_executed_new_execution_bar,USDJPY,2025.07.29 13:30:00,0,
2025.07.29 13:55:00,scan_skipped_same_execution_bar,USDJPY,2025.07.29 13:30:00,0,
2025.07.29 14:04:59,scan_executed_new_execution_bar,USDJPY,2025.07.29 13:45:00,16,
2025.07.29 14:09:58,scan_skipped_same_execution_bar,USDJPY,2025.07.29 13:45:00,0,
2025.07.29 14:19:59,scan_executed_new_execution_bar,USDJPY,2025.07.29 14:00:00,0,
2025.07.29 14:24:59,scan_skipped_same_execution_bar,USDJPY,2025.07.29 14:00:00,0,
2025.07.29 14:34:59,scan_executed_new_execution_bar,USDJPY,2025.07.29 14:15:00,0,
2025.07.29 14:39:59,scan_skipped_same_execution_bar,USDJPY,2025.07.29 14:15:00,0,
2025.07.29 14:49:59,scan_executed_new_execution_bar,USDJPY,2025.07.29 14:30:00,0,
2025.07.29 14:54:59,scan_skipped_same_execution_bar,USDJPY,2025.07.29 14:30:00,0,
2025.07.29 15:04:59,scan_executed_new_execution_bar,USDJPY,2025.07.29 14:45:00,0,
2025.07.29 15:09:59,scan_skipped_same_execution_bar,USDJPY,2025.07.29 14:45:00,0,
2025.07.29 15:19:59,scan_executed_new_execution_bar,USDJPY,2025.07.29 15:00:00,0,
2025.07.29 15:24:59,scan_skipped_same_execution_bar,USDJPY,2025.07.29 15:00:00,0,
2025.07.29 15:34:59,scan_executed_new_execution_bar,USDJPY,2025.07.29 15:15:00,0,
2025.07.29 15:39:58,scan_skipped_same_execution_bar,USDJPY,2025.07.29 15:15:00,0,
2025.07.29 15:49:59,scan_executed_new_execution_bar,USDJPY,2025.07.29 15:30:00,15,
2025.07.29 15:54:58,scan_skipped_same_execution_bar,USDJPY,2025.07.29 15:30:00,0,
2025.07.29 16:04:59,scan_executed_new_execution_bar,USDJPY,2025.07.29 15:45:00,0,
2025.07.29 16:09:59,scan_skipped_same_execution_bar,USDJPY,2025.07.29 15:45:00,0,
2025.07.29 16:19:59,scan_executed_new_execution_bar,USDJPY,2025.07.29 16:00:00,0,
2025.07.29 16:24:59,scan_skipped_same_execution_bar,USDJPY,2025.07.29 16:00:00,0,
2025.07.29 16:34:59,scan_executed_new_execution_bar,USDJPY,2025.07.29 16:15:00,47,
2025.07.29 16:39:59,scan_skipped_same_execution_bar,USDJPY,2025.07.29 16:15:00,0,
2025.07.29 16:49:59,scan_executed_new_execution_bar,USDJPY,2025.07.29 16:30:00,0,
2025.07.29 16:54:59,scan_skipped_same_execution_bar,USDJPY,2025.07.29 16:30:00,0,
2025.07.29 17:04:59,scan_executed_new_execution_bar,USDJPY,2025.07.29 16:45:00,31,
2025.07.29 17:09:59,scan_skipped_same_execution_bar,USDJPY,2025.07.29 16:45:00,0,
2025.07.29 17:19:59,scan_executed_new_execution_bar,USDJPY,2025.07.29 17:00:00,0,
2025.07.29 17:24:59,scan_skipped_same_execution_bar,USDJPY,2025.07.29 17:00:00,0,
2025.07.29 17:34:59,scan_executed_new_execution_bar,USDJPY,2025.07.29 17:15:00,47,
2025.07.29 17:39:59,scan_skipped_same_execution_bar,USDJPY,2025.07.29 17:15:00,0,
2025.07.29 17:49:59,scan_executed_new_execution_bar,USDJPY,2025.07.29 17:30:00,0,
2025.07.29 17:54:59,scan_skipped_same_execution_bar,USDJPY,2025.07.29 17:30:00,0,
2025.07.29 18:04:59,scan_executed_new_execution_bar,USDJPY,2025.07.29 17:45:00,0,
2025.07.29 18:09:59,scan_skipped_same_execution_bar,USDJPY,2025.07.29 17:45:00,0,
2025.07.29 18:19:59,scan_executed_new_execution_bar,USDJPY,2025.07.29 18:00:00,15,
2025.07.29 18:24:59,scan_skipped_same_execution_bar,USDJPY,2025.07.29 18:00:00,0,
2025.07.29 18:34:59,scan_executed_new_execution_bar,USDJPY,2025.07.29 18:15:00,31,
2025.07.29 18:39:59,scan_skipped_same_execution_bar,USDJPY,2025.07.29 18:15:00,0,
2025.07.29 18:49:59,scan_executed_new_execution_bar,USDJPY,2025.07.29 18:30:00,16,
2025.07.29 18:54:59,scan_skipped_same_execution_bar,USDJPY,2025.07.29 18:30:00,0,
2025.07.29 19:04:59,scan_executed_new_execution_bar,USDJPY,2025.07.29 18:45:00,15,
2025.07.29 19:09:59,scan_skipped_same_execution_bar,USDJPY,2025.07.29 18:45:00,0,
2025.07.29 19:19:59,scan_executed_new_execution_bar,USDJPY,2025.07.29 19:00:00,31,
2025.07.29 19:24:59,scan_skipped_same_execution_bar,USDJPY,2025.07.29 19:00:00,0,
2025.07.29 19:34:59,scan_executed_new_execution_bar,USDJPY,2025.07.29 19:15:00,31,
2025.07.29 19:39:59,scan_skipped_same_execution_bar,USDJPY,2025.07.29 19:15:00,0,
2025.07.29 19:49:59,scan_executed_new_execution_bar,USDJPY,2025.07.29 19:30:00,0,
2025.07.29 19:54:59,scan_skipped_same_execution_bar,USDJPY,2025.07.29 19:30:00,0,
2025.07.29 20:04:59,scan_executed_new_execution_bar,USDJPY,2025.07.29 19:45:00,31,
2025.07.29 20:09:59,scan_skipped_same_execution_bar,USDJPY,2025.07.29 19:45:00,0,
2025.07.29 20:19:59,scan_executed_new_execution_bar,USDJPY,2025.07.29 20:00:00,0,
2025.07.29 20:24:59,scan_skipped_same_execution_bar,USDJPY,2025.07.29 20:00:00,0,
2025.07.29 20:34:59,scan_executed_new_execution_bar,USDJPY,2025.07.29 20:15:00,0,
2025.07.29 20:39:59,scan_skipped_same_execution_bar,USDJPY,2025.07.29 20:15:00,0,
2025.07.29 20:49:59,scan_executed_new_execution_bar,USDJPY,2025.07.29 20:30:00,0,
2025.07.29 20:54:59,scan_skipped_same_execution_bar,USDJPY,2025.07.29 20:30:00,0,
2025.07.29 21:04:59,scan_executed_new_execution_bar,USDJPY,2025.07.29 20:45:00,16,
2025.07.29 21:09:59,scan_skipped_same_execution_bar,USDJPY,2025.07.29 20:45:00,0,
2025.07.29 21:19:59,scan_executed_new_execution_bar,USDJPY,2025.07.29 21:00:00,0,
2025.07.29 21:24:59,scan_skipped_same_execution_bar,USDJPY,2025.07.29 21:00:00,0,
2025.07.29 21:34:59,scan_executed_new_execution_bar,USDJPY,2025.07.29 21:15:00,0,
2025.07.29 21:39:59,scan_skipped_same_execution_bar,USDJPY,2025.07.29 21:15:00,0,
2025.07.29 21:49:59,scan_executed_new_execution_bar,USDJPY,2025.07.29 21:30:00,0,
2025.07.29 21:54:58,scan_skipped_same_execution_bar,USDJPY,2025.07.29 21:30:00,0,
2025.07.29 22:04:59,scan_executed_new_execution_bar,USDJPY,2025.07.29 21:45:00,0,
2025.07.29 22:09:59,scan_skipped_same_execution_bar,USDJPY,2025.07.29 21:45:00,0,
2025.07.29 22:19:58,scan_executed_new_execution_bar,USDJPY,2025.07.29 22:00:00,0,
2025.07.29 22:24:58,scan_skipped_same_execution_bar,USDJPY,2025.07.29 22:00:00,0,
2025.07.29 22:34:59,scan_executed_new_execution_bar,USDJPY,2025.07.29 22:15:00,15,
2025.07.29 22:40:00,scan_skipped_same_execution_bar,USDJPY,2025.07.29 22:15:00,0,
2025.07.29 22:49:59,scan_executed_new_execution_bar,USDJPY,2025.07.29 22:30:00,16,
2025.07.29 22:54:59,scan_skipped_same_execution_bar,USDJPY,2025.07.29 22:30:00,0,
2025.07.29 23:04:57,scan_executed_new_execution_bar,USDJPY,2025.07.29 22:45:00,15,
2025.07.29 23:09:59,scan_skipped_same_execution_bar,USDJPY,2025.07.29 22:45:00,0,
2025.07.29 23:19:53,scan_executed_new_execution_bar,USDJPY,2025.07.29 23:00:00,0,
2025.07.29 23:24:55,scan_skipped_same_execution_bar,USDJPY,2025.07.29 23:00:00,0,
2025.07.29 23:34:59,scan_executed_new_execution_bar,USDJPY,2025.07.29 23:15:00,0,
2025.07.29 23:39:54,scan_skipped_same_execution_bar,USDJPY,2025.07.29 23:15:00,0,
2025.07.29 23:49:58,scan_executed_new_execution_bar,USDJPY,2025.07.29 23:30:00,0,
2025.07.29 23:54:59,scan_skipped_same_execution_bar,USDJPY,2025.07.29 23:30:00,0,
2025.07.30 00:04:57,scan_executed_new_execution_bar,USDJPY,2025.07.29 23:45:00,0,
2025.07.30 00:09:59,scan_skipped_same_execution_bar,USDJPY,2025.07.29 23:45:00,0,
2025.07.30 00:19:59,scan_executed_new_execution_bar,USDJPY,2025.07.30 00:00:00,0,
2025.07.30 00:24:58,scan_skipped_same_execution_bar,USDJPY,2025.07.30 00:00:00,0,
2025.07.30 00:34:57,scan_executed_new_execution_bar,USDJPY,2025.07.30 00:15:00,0,
2025.07.30 00:39:59,scan_skipped_same_execution_bar,USDJPY,2025.07.30 00:15:00,0,
2025.07.30 00:49:59,scan_executed_new_execution_bar,USDJPY,2025.07.30 00:30:00,0,
2025.07.30 00:54:59,scan_skipped_same_execution_bar,USDJPY,2025.07.30 00:30:00,0,
2025.07.30 01:04:59,scan_executed_new_execution_bar,USDJPY,2025.07.30 00:45:00,0,
2025.07.30 01:10:00,scan_skipped_same_execution_bar,USDJPY,2025.07.30 00:45:00,0,
2025.07.30 01:19:52,scan_executed_new_execution_bar,USDJPY,2025.07.30 01:00:00,0,
2025.07.30 01:24:59,scan_skipped_same_execution_bar,USDJPY,2025.07.30 01:00:00,0,
2025.07.30 01:34:59,scan_executed_new_execution_bar,USDJPY,2025.07.30 01:15:00,0,
2025.07.30 01:40:00,scan_skipped_same_execution_bar,USDJPY,2025.07.30 01:15:00,0,
2025.07.30 01:50:00,scan_executed_new_execution_bar,USDJPY,2025.07.30 01:30:00,0,
2025.07.30 01:54:57,scan_skipped_same_execution_bar,USDJPY,2025.07.30 01:30:00,0,
2025.07.30 02:04:59,scan_executed_new_execution_bar,USDJPY,2025.07.30 01:45:00,0,
2025.07.30 02:09:59,scan_skipped_same_execution_bar,USDJPY,2025.07.30 01:45:00,0,
2025.07.30 02:19:59,scan_executed_new_execution_bar,USDJPY,2025.07.30 02:00:00,0,
2025.07.30 02:24:58,scan_skipped_same_execution_bar,USDJPY,2025.07.30 02:00:00,0,
2025.07.30 02:34:59,scan_executed_new_execution_bar,USDJPY,2025.07.30 02:15:00,16,
2025.07.30 02:39:59,scan_skipped_same_execution_bar,USDJPY,2025.07.30 02:15:00,0,
2025.07.30 02:49:59,scan_executed_new_execution_bar,USDJPY,2025.07.30 02:30:00,0,
2025.07.30 02:54:59,scan_skipped_same_execution_bar,USDJPY,2025.07.30 02:30:00,0,
2025.07.30 03:04:59,scan_executed_new_execution_bar,USDJPY,2025.07.30 02:45:00,0,
2025.07.30 03:09:59,scan_skipped_same_execution_bar,USDJPY,2025.07.30 02:45:00,0,
2025.07.30 03:19:59,scan_executed_new_execution_bar,USDJPY,2025.07.30 03:00:00,0,
2025.07.30 03:24:59,scan_skipped_same_execution_bar,USDJPY,2025.07.30 03:00:00,0,
2025.07.30 03:34:59,scan_executed_new_execution_bar,USDJPY,2025.07.30 03:15:00,0,
2025.07.30 03:39:59,scan_skipped_same_execution_bar,USDJPY,2025.07.30 03:15:00,0,
2025.07.30 03:49:59,scan_executed_new_execution_bar,USDJPY,2025.07.30 03:30:00,0,
2025.07.30 03:54:59,scan_skipped_same_execution_bar,USDJPY,2025.07.30 03:30:00,0,
2025.07.30 04:04:59,scan_executed_new_execution_bar,USDJPY,2025.07.30 03:45:00,0,
2025.07.30 04:09:59,scan_skipped_same_execution_bar,USDJPY,2025.07.30 03:45:00,0,
2025.07.30 04:19:59,scan_executed_new_execution_bar,USDJPY,2025.07.30 04:00:00,0,
2025.07.30 04:24:59,scan_skipped_same_execution_bar,USDJPY,2025.07.30 04:00:00,0,
2025.07.30 04:34:59,scan_executed_new_execution_bar,USDJPY,2025.07.30 04:15:00,32,
2025.07.30 04:39:59,scan_skipped_same_execution_bar,USDJPY,2025.07.30 04:15:00,0,
2025.07.30 04:49:59,scan_executed_new_execution_bar,USDJPY,2025.07.30 04:30:00,0,
2025.07.30 04:54:59,scan_skipped_same_execution_bar,USDJPY,2025.07.30 04:30:00,0,
2025.07.30 05:04:59,scan_executed_new_execution_bar,USDJPY,2025.07.30 04:45:00,32,
2025.07.30 05:09:57,scan_skipped_same_execution_bar,USDJPY,2025.07.30 04:45:00,0,
2025.07.30 05:19:59,scan_executed_new_execution_bar,USDJPY,2025.07.30 05:00:00,0,
2025.07.30 05:24:59,scan_skipped_same_execution_bar,USDJPY,2025.07.30 05:00:00,0,
2025.07.30 05:34:59,scan_executed_new_execution_bar,USDJPY,2025.07.30 05:15:00,15,
2025.07.30 05:39:59,scan_skipped_same_execution_bar,USDJPY,2025.07.30 05:15:00,0,
2025.07.30 05:49:59,scan_executed_new_execution_bar,USDJPY,2025.07.30 05:30:00,32,
2025.07.30 05:54:59,scan_skipped_same_execution_bar,USDJPY,2025.07.30 05:30:00,0,
2025.07.30 06:04:59,scan_executed_new_execution_bar,USDJPY,2025.07.30 05:45:00,0,
2025.07.30 06:09:59,scan_skipped_same_execution_bar,USDJPY,2025.07.30 05:45:00,0,
2025.07.30 06:19:57,scan_executed_new_execution_bar,USDJPY,2025.07.30 06:00:00,0,
2025.07.30 06:24:59,scan_skipped_same_execution_bar,USDJPY,2025.07.30 06:00:00,0,
2025.07.30 06:34:59,scan_executed_new_execution_bar,USDJPY,2025.07.30 06:15:00,16,
2025.07.30 06:39:59,scan_skipped_same_execution_bar,USDJPY,2025.07.30 06:15:00,0,
2025.07.30 06:49:59,scan_executed_new_execution_bar,USDJPY,2025.07.30 06:30:00,31,
2025.07.30 06:54:59,scan_skipped_same_execution_bar,USDJPY,2025.07.30 06:30:00,0,
2025.07.30 07:04:59,scan_executed_new_execution_bar,USDJPY,2025.07.30 06:45:00,0,
2025.07.30 07:09:58,scan_skipped_same_execution_bar,USDJPY,2025.07.30 06:45:00,0,
2025.07.30 07:19:59,scan_executed_new_execution_bar,USDJPY,2025.07.30 07:00:00,0,
2025.07.30 07:24:59,scan_skipped_same_execution_bar,USDJPY,2025.07.30 07:00:00,0,
2025.07.30 07:34:59,scan_executed_new_execution_bar,USDJPY,2025.07.30 07:15:00,16,
2025.07.30 07:39:59,scan_skipped_same_execution_bar,USDJPY,2025.07.30 07:15:00,0,
2025.07.30 07:45:00,scan_executed_new_execution_bar,USDJPY,2025.07.30 07:30:00,0,
2025.07.30 07:49:59,scan_skipped_same_execution_bar,USDJPY,2025.07.30 07:30:00,0,
2025.07.30 08:04:59,scan_executed_new_execution_bar,USDJPY,2025.07.30 07:45:00,0,
2025.07.30 08:09:59,scan_skipped_same_execution_bar,USDJPY,2025.07.30 07:45:00,0,
2025.07.30 08:19:59,scan_executed_new_execution_bar,USDJPY,2025.07.30 08:00:00,0,
2025.07.30 08:24:59,scan_skipped_same_execution_bar,USDJPY,2025.07.30 08:00:00,0,
2025.07.30 08:34:59,scan_executed_new_execution_bar,USDJPY,2025.07.30 08:15:00,0,
2025.07.30 08:39:59,scan_skipped_same_execution_bar,USDJPY,2025.07.30 08:15:00,0,
2025.07.30 08:49:59,scan_executed_new_execution_bar,USDJPY,2025.07.30 08:30:00,0,
2025.07.30 08:54:59,scan_skipped_same_execution_bar,USDJPY,2025.07.30 08:30:00,0,
2025.07.30 09:04:59,scan_executed_new_execution_bar,USDJPY,2025.07.30 08:45:00,0,
2025.07.30 09:09:58,scan_skipped_same_execution_bar,USDJPY,2025.07.30 08:45:00,0,
2025.07.30 09:19:59,scan_executed_new_execution_bar,USDJPY,2025.07.30 09:00:00,0,
2025.07.30 09:24:59,scan_skipped_same_execution_bar,USDJPY,2025.07.30 09:00:00,0,
2025.07.30 09:34:59,scan_executed_new_execution_bar,USDJPY,2025.07.30 09:15:00,0,
2025.07.30 09:39:59,scan_skipped_same_execution_bar,USDJPY,2025.07.30 09:15:00,0,
2025.07.30 09:49:59,scan_executed_new_execution_bar,USDJPY,2025.07.30 09:30:00,0,
2025.07.30 09:54:59,scan_skipped_same_execution_bar,USDJPY,2025.07.30 09:30:00,0,
2025.07.30 10:04:59,scan_executed_new_execution_bar,USDJPY,2025.07.30 09:45:00,0,
2025.07.30 10:09:59,scan_skipped_same_execution_bar,USDJPY,2025.07.30 09:45:00,0,
2025.07.30 10:19:59,scan_executed_new_execution_bar,USDJPY,2025.07.30 10:00:00,31,
2025.07.30 10:24:59,scan_skipped_same_execution_bar,USDJPY,2025.07.30 10:00:00,0,
2025.07.30 10:34:59,scan_executed_new_execution_bar,USDJPY,2025.07.30 10:15:00,16,
2025.07.30 10:39:59,scan_skipped_same_execution_bar,USDJPY,2025.07.30 10:15:00,0,
2025.07.30 10:49:59,scan_executed_new_execution_bar,USDJPY,2025.07.30 10:30:00,0,
2025.07.30 10:54:59,scan_skipped_same_execution_bar,USDJPY,2025.07.30 10:30:00,0,
2025.07.30 11:04:59,scan_executed_new_execution_bar,USDJPY,2025.07.30 10:45:00,16,
2025.07.30 11:09:59,scan_skipped_same_execution_bar,USDJPY,2025.07.30 10:45:00,0,
2025.07.30 11:19:59,scan_executed_new_execution_bar,USDJPY,2025.07.30 11:00:00,15,
2025.07.30 11:24:59,scan_skipped_same_execution_bar,USDJPY,2025.07.30 11:00:00,0,
2025.07.30 11:34:59,scan_executed_new_execution_bar,USDJPY,2025.07.30 11:15:00,16,
2025.07.30 11:39:59,scan_skipped_same_execution_bar,USDJPY,2025.07.30 11:15:00,0,
2025.07.30 11:49:59,scan_executed_new_execution_bar,USDJPY,2025.07.30 11:30:00,31,
2025.07.30 11:54:59,scan_skipped_same_execution_bar,USDJPY,2025.07.30 11:30:00,0,
2025.07.30 12:04:59,scan_executed_new_execution_bar,USDJPY,2025.07.30 11:45:00,0,
2025.07.30 12:09:58,scan_skipped_same_execution_bar,USDJPY,2025.07.30 11:45:00,0,
2025.07.30 12:15:00,scan_executed_new_execution_bar,USDJPY,2025.07.30 12:00:00,0,
2025.07.30 12:19:59,scan_skipped_same_execution_bar,USDJPY,2025.07.30 12:00:00,0,
2025.07.30 12:34:59,scan_executed_new_execution_bar,USDJPY,2025.07.30 12:15:00,31,
2025.07.30 12:39:59,scan_skipped_same_execution_bar,USDJPY,2025.07.30 12:15:00,0,
2025.07.30 12:49:59,scan_executed_new_execution_bar,USDJPY,2025.07.30 12:30:00,16,
2025.07.30 12:54:59,scan_skipped_same_execution_bar,USDJPY,2025.07.30 12:30:00,0,
2025.07.30 13:04:59,scan_executed_new_execution_bar,USDJPY,2025.07.30 12:45:00,15,
2025.07.30 13:09:59,scan_skipped_same_execution_bar,USDJPY,2025.07.30 12:45:00,0,
2025.07.30 13:19:59,scan_executed_new_execution_bar,USDJPY,2025.07.30 13:00:00,0,
2025.07.30 13:24:59,scan_skipped_same_execution_bar,USDJPY,2025.07.30 13:00:00,0,
2025.07.30 13:34:59,scan_executed_new_execution_bar,USDJPY,2025.07.30 13:15:00,0,
2025.07.30 13:40:00,scan_skipped_same_execution_bar,USDJPY,2025.07.30 13:15:00,0,
2025.07.30 13:49:59,scan_executed_new_execution_bar,USDJPY,2025.07.30 13:30:00,16,
2025.07.30 13:54:59,scan_skipped_same_execution_bar,USDJPY,2025.07.30 13:30:00,0,
2025.07.30 14:04:59,scan_executed_new_execution_bar,USDJPY,2025.07.30 13:45:00,0,
2025.07.30 14:09:59,scan_skipped_same_execution_bar,USDJPY,2025.07.30 13:45:00,0,
2025.07.30 14:19:59,scan_executed_new_execution_bar,USDJPY,2025.07.30 14:00:00,0,
2025.07.30 14:24:59,scan_skipped_same_execution_bar,USDJPY,2025.07.30 14:00:00,0,
2025.07.30 14:34:59,scan_executed_new_execution_bar,USDJPY,2025.07.30 14:15:00,0,
2025.07.30 14:39:59,scan_skipped_same_execution_bar,USDJPY,2025.07.30 14:15:00,0,
2025.07.30 14:49:59,scan_executed_new_execution_bar,USDJPY,2025.07.30 14:30:00,0,
2025.07.30 14:54:59,scan_skipped_same_execution_bar,USDJPY,2025.07.30 14:30:00,0,
2025.07.30 15:04:59,scan_executed_new_execution_bar,USDJPY,2025.07.30 14:45:00,15,
2025.07.30 15:09:59,scan_skipped_same_execution_bar,USDJPY,2025.07.30 14:45:00,0,
2025.07.30 15:19:59,scan_executed_new_execution_bar,USDJPY,2025.07.30 15:00:00,16,
2025.07.30 15:24:59,scan_skipped_same_execution_bar,USDJPY,2025.07.30 15:00:00,0,
2025.07.30 15:34:59,scan_executed_new_execution_bar,USDJPY,2025.07.30 15:15:00,0,
2025.07.30 15:39:59,scan_skipped_same_execution_bar,USDJPY,2025.07.30 15:15:00,0,
2025.07.30 15:49:59,scan_executed_new_execution_bar,USDJPY,2025.07.30 15:30:00,0,
2025.07.30 15:54:59,scan_skipped_same_execution_bar,USDJPY,2025.07.30 15:30:00,0,
2025.07.30 16:04:59,scan_executed_new_execution_bar,USDJPY,2025.07.30 15:45:00,0,
2025.07.30 16:09:59,scan_skipped_same_execution_bar,USDJPY,2025.07.30 15:45:00,0,
2025.07.30 16:19:59,scan_executed_new_execution_bar,USDJPY,2025.07.30 16:00:00,0,
2025.07.30 16:24:59,scan_skipped_same_execution_bar,USDJPY,2025.07.30 16:00:00,0,
2025.07.30 16:34:59,scan_executed_new_execution_bar,USDJPY,2025.07.30 16:15:00,0,
2025.07.30 16:39:59,scan_skipped_same_execution_bar,USDJPY,2025.07.30 16:15:00,0,
2025.07.30 16:49:59,scan_executed_new_execution_bar,USDJPY,2025.07.30 16:30:00,16,
2025.07.30 16:54:59,scan_skipped_same_execution_bar,USDJPY,2025.07.30 16:30:00,0,
2025.07.30 17:04:59,scan_executed_new_execution_bar,USDJPY,2025.07.30 16:45:00,0,
2025.07.30 17:09:59,scan_skipped_same_execution_bar,USDJPY,2025.07.30 16:45:00,0,
2025.07.30 17:19:59,scan_executed_new_execution_bar,USDJPY,2025.07.30 17:00:00,47,
2025.07.30 17:24:59,scan_skipped_same_execution_bar,USDJPY,2025.07.30 17:00:00,0,
2025.07.30 17:34:59,scan_executed_new_execution_bar,USDJPY,2025.07.30 17:15:00,16,
2025.07.30 17:39:59,scan_skipped_same_execution_bar,USDJPY,2025.07.30 17:15:00,0,
2025.07.30 17:49:59,scan_executed_new_execution_bar,USDJPY,2025.07.30 17:30:00,15,
2025.07.30 17:54:59,scan_skipped_same_execution_bar,USDJPY,2025.07.30 17:30:00,0,
2025.07.30 18:04:59,scan_executed_new_execution_bar,USDJPY,2025.07.30 17:45:00,47,
2025.07.30 18:09:59,scan_skipped_same_execution_bar,USDJPY,2025.07.30 17:45:00,0,
2025.07.30 18:19:59,scan_executed_new_execution_bar,USDJPY,2025.07.30 18:00:00,31,
2025.07.30 18:24:59,scan_skipped_same_execution_bar,USDJPY,2025.07.30 18:00:00,0,
2025.07.30 18:34:59,scan_executed_new_execution_bar,USDJPY,2025.07.30 18:15:00,0,
2025.07.30 18:39:59,scan_skipped_same_execution_bar,USDJPY,2025.07.30 18:15:00,0,
2025.07.30 18:49:59,scan_executed_new_execution_bar,USDJPY,2025.07.30 18:30:00,0,
2025.07.30 18:54:59,scan_skipped_same_execution_bar,USDJPY,2025.07.30 18:30:00,0,
2025.07.30 19:04:57,scan_executed_new_execution_bar,USDJPY,2025.07.30 18:45:00,0,
2025.07.30 19:09:59,scan_skipped_same_execution_bar,USDJPY,2025.07.30 18:45:00,0,
2025.07.30 19:19:59,scan_executed_new_execution_bar,USDJPY,2025.07.30 19:00:00,16,
2025.07.30 19:24:59,scan_skipped_same_execution_bar,USDJPY,2025.07.30 19:00:00,0,
2025.07.30 19:34:59,scan_executed_new_execution_bar,USDJPY,2025.07.30 19:15:00,0,
2025.07.30 19:39:59,scan_skipped_same_execution_bar,USDJPY,2025.07.30 19:15:00,0,
2025.07.30 19:49:59,scan_executed_new_execution_bar,USDJPY,2025.07.30 19:30:00,0,
2025.07.30 19:54:59,scan_skipped_same_execution_bar,USDJPY,2025.07.30 19:30:00,0,
2025.07.30 20:04:59,scan_executed_new_execution_bar,USDJPY,2025.07.30 19:45:00,0,
2025.07.30 20:09:59,scan_skipped_same_execution_bar,USDJPY,2025.07.30 19:45:00,0,
2025.07.30 20:19:59,scan_executed_new_execution_bar,USDJPY,2025.07.30 20:00:00,0,
2025.07.30 20:24:58,scan_skipped_same_execution_bar,USDJPY,2025.07.30 20:00:00,0,
2025.07.30 20:34:59,scan_executed_new_execution_bar,USDJPY,2025.07.30 20:15:00,0,
2025.07.30 20:39:59,scan_skipped_same_execution_bar,USDJPY,2025.07.30 20:15:00,0,
2025.07.30 20:49:59,scan_executed_new_execution_bar,USDJPY,2025.07.30 20:30:00,0,
2025.07.30 20:54:59,scan_skipped_same_execution_bar,USDJPY,2025.07.30 20:30:00,0,
2025.07.30 21:04:59,scan_executed_new_execution_bar,USDJPY,2025.07.30 20:45:00,0,
2025.07.30 21:10:00,scan_skipped_same_execution_bar,USDJPY,2025.07.30 20:45:00,0,
2025.07.30 21:19:59,scan_executed_new_execution_bar,USDJPY,2025.07.30 21:00:00,0,
2025.07.30 21:24:59,scan_skipped_same_execution_bar,USDJPY,2025.07.30 21:00:00,0,
2025.07.30 21:35:00,scan_executed_new_execution_bar,USDJPY,2025.07.30 21:15:00,0,
2025.07.30 21:39:59,scan_skipped_same_execution_bar,USDJPY,2025.07.30 21:15:00,0,
2025.07.30 21:49:59,scan_executed_new_execution_bar,USDJPY,2025.07.30 21:30:00,0,
2025.07.30 21:54:59,scan_skipped_same_execution_bar,USDJPY,2025.07.30 21:30:00,0,
2025.07.30 22:04:59,scan_executed_new_execution_bar,USDJPY,2025.07.30 21:45:00,0,
2025.07.30 22:09:59,scan_skipped_same_execution_bar,USDJPY,2025.07.30 21:45:00,0,
2025.07.30 22:19:59,scan_executed_new_execution_bar,USDJPY,2025.07.30 22:00:00,0,
2025.07.30 22:24:59,scan_skipped_same_execution_bar,USDJPY,2025.07.30 22:00:00,0,
2025.07.30 22:34:59,scan_executed_new_execution_bar,USDJPY,2025.07.30 22:15:00,0,
2025.07.30 22:39:59,scan_skipped_same_execution_bar,USDJPY,2025.07.30 22:15:00,0,
2025.07.30 22:49:59,scan_executed_new_execution_bar,USDJPY,2025.07.30 22:30:00,32,
2025.07.30 22:54:59,scan_skipped_same_execution_bar,USDJPY,2025.07.30 22:30:00,0,
2025.07.30 23:04:59,scan_executed_new_execution_bar,USDJPY,2025.07.30 22:45:00,0,
2025.07.30 23:09:59,scan_skipped_same_execution_bar,USDJPY,2025.07.30 22:45:00,0,
2025.07.30 23:19:59,scan_executed_new_execution_bar,USDJPY,2025.07.30 23:00:00,0,
2025.07.30 23:24:59,scan_skipped_same_execution_bar,USDJPY,2025.07.30 23:00:00,0,
2025.07.30 23:34:59,scan_executed_new_execution_bar,USDJPY,2025.07.30 23:15:00,0,
2025.07.30 23:40:00,scan_skipped_same_execution_bar,USDJPY,2025.07.30 23:15:00,0,
2025.07.30 23:49:59,scan_executed_new_execution_bar,USDJPY,2025.07.30 23:30:00,0,
2025.07.30 23:54:59,scan_skipped_same_execution_bar,USDJPY,2025.07.30 23:30:00,0,
2025.07.31 00:04:58,scan_executed_new_execution_bar,USDJPY,2025.07.30 23:45:00,0,
2025.07.31 00:09:59,scan_skipped_same_execution_bar,USDJPY,2025.07.30 23:45:00,0,
2025.07.31 00:19:52,scan_executed_new_execution_bar,USDJPY,2025.07.31 00:00:00,0,
2025.07.31 00:24:59,scan_skipped_same_execution_bar,USDJPY,2025.07.31 00:00:00,0,
2025.07.31 00:34:57,scan_executed_new_execution_bar,USDJPY,2025.07.31 00:15:00,0,
2025.07.31 00:39:59,scan_skipped_same_execution_bar,USDJPY,2025.07.31 00:15:00,0,
2025.07.31 00:49:59,scan_executed_new_execution_bar,USDJPY,2025.07.31 00:30:00,0,
2025.07.31 00:54:59,scan_skipped_same_execution_bar,USDJPY,2025.07.31 00:30:00,0,
2025.07.31 01:04:59,scan_executed_new_execution_bar,USDJPY,2025.07.31 00:45:00,31,
2025.07.31 01:09:59,scan_skipped_same_execution_bar,USDJPY,2025.07.31 00:45:00,0,
2025.07.31 01:19:59,scan_executed_new_execution_bar,USDJPY,2025.07.31 01:00:00,62,
2025.07.31 01:24:58,scan_skipped_same_execution_bar,USDJPY,2025.07.31 01:00:00,0,
2025.07.31 01:34:59,scan_executed_new_execution_bar,USDJPY,2025.07.31 01:15:00,0,
2025.07.31 01:39:59,scan_skipped_same_execution_bar,USDJPY,2025.07.31 01:15:00,0,
2025.07.31 01:49:59,scan_executed_new_execution_bar,USDJPY,2025.07.31 01:30:00,0,
2025.07.31 01:54:59,scan_skipped_same_execution_bar,USDJPY,2025.07.31 01:30:00,0,
2025.07.31 02:04:59,scan_executed_new_execution_bar,USDJPY,2025.07.31 01:45:00,0,
2025.07.31 02:09:59,scan_skipped_same_execution_bar,USDJPY,2025.07.31 01:45:00,0,
2025.07.31 02:19:55,scan_executed_new_execution_bar,USDJPY,2025.07.31 02:00:00,0,
2025.07.31 02:24:59,scan_skipped_same_execution_bar,USDJPY,2025.07.31 02:00:00,0,
2025.07.31 02:34:59,scan_executed_new_execution_bar,USDJPY,2025.07.31 02:15:00,0,
2025.07.31 02:39:59,scan_skipped_same_execution_bar,USDJPY,2025.07.31 02:15:00,0,
2025.07.31 02:49:59,scan_executed_new_execution_bar,USDJPY,2025.07.31 02:30:00,0,
2025.07.31 02:54:57,scan_skipped_same_execution_bar,USDJPY,2025.07.31 02:30:00,0,
2025.07.31 03:04:58,scan_executed_new_execution_bar,USDJPY,2025.07.31 02:45:00,0,
2025.07.31 03:09:59,scan_skipped_same_execution_bar,USDJPY,2025.07.31 02:45:00,0,
2025.07.31 03:19:59,scan_executed_new_execution_bar,USDJPY,2025.07.31 03:00:00,0,
2025.07.31 03:24:59,scan_skipped_same_execution_bar,USDJPY,2025.07.31 03:00:00,0,
2025.07.31 03:34:59,scan_executed_new_execution_bar,USDJPY,2025.07.31 03:15:00,0,
2025.07.31 03:39:59,scan_skipped_same_execution_bar,USDJPY,2025.07.31 03:15:00,0,
2025.07.31 03:49:59,scan_executed_new_execution_bar,USDJPY,2025.07.31 03:30:00,0,
2025.07.31 03:54:59,scan_skipped_same_execution_bar,USDJPY,2025.07.31 03:30:00,0,
2025.07.31 04:04:59,scan_executed_new_execution_bar,USDJPY,2025.07.31 03:45:00,0,
2025.07.31 04:09:59,scan_skipped_same_execution_bar,USDJPY,2025.07.31 03:45:00,0,
2025.07.31 04:19:59,scan_executed_new_execution_bar,USDJPY,2025.07.31 04:00:00,0,
2025.07.31 04:24:59,scan_skipped_same_execution_bar,USDJPY,2025.07.31 04:00:00,0,
2025.07.31 04:34:59,scan_executed_new_execution_bar,USDJPY,2025.07.31 04:15:00,0,
2025.07.31 04:39:59,scan_skipped_same_execution_bar,USDJPY,2025.07.31 04:15:00,0,
2025.07.31 04:49:59,scan_executed_new_execution_bar,USDJPY,2025.07.31 04:30:00,0,
2025.07.31 04:54:59,scan_skipped_same_execution_bar,USDJPY,2025.07.31 04:30:00,0,
2025.07.31 05:04:59,scan_executed_new_execution_bar,USDJPY,2025.07.31 04:45:00,0,
2025.07.31 05:09:59,scan_skipped_same_execution_bar,USDJPY,2025.07.31 04:45:00,0,
2025.07.31 05:19:59,scan_executed_new_execution_bar,USDJPY,2025.07.31 05:00:00,0,
2025.07.31 05:24:59,scan_skipped_same_execution_bar,USDJPY,2025.07.31 05:00:00,0,
2025.07.31 05:34:59,scan_executed_new_execution_bar,USDJPY,2025.07.31 05:15:00,0,
2025.07.31 05:39:59,scan_skipped_same_execution_bar,USDJPY,2025.07.31 05:15:00,0,
2025.07.31 05:49:59,scan_executed_new_execution_bar,USDJPY,2025.07.31 05:30:00,0,
2025.07.31 05:54:58,scan_skipped_same_execution_bar,USDJPY,2025.07.31 05:30:00,0,
2025.07.31 06:04:59,scan_executed_new_execution_bar,USDJPY,2025.07.31 05:45:00,0,
2025.07.31 06:09:59,scan_skipped_same_execution_bar,USDJPY,2025.07.31 05:45:00,0,
2025.07.31 06:19:58,scan_executed_new_execution_bar,USDJPY,2025.07.31 06:00:00,0,
2025.07.31 06:24:59,scan_skipped_same_execution_bar,USDJPY,2025.07.31 06:00:00,0,
2025.07.31 06:34:59,scan_executed_new_execution_bar,USDJPY,2025.07.31 06:15:00,0,
2025.07.31 06:39:59,scan_skipped_same_execution_bar,USDJPY,2025.07.31 06:15:00,0,
2025.07.31 06:50:00,scan_executed_new_execution_bar,USDJPY,2025.07.31 06:30:00,0,
2025.07.31 06:54:59,scan_skipped_same_execution_bar,USDJPY,2025.07.31 06:30:00,0,
2025.07.31 07:05:00,scan_executed_new_execution_bar,USDJPY,2025.07.31 06:45:00,31,
2025.07.31 07:09:59,scan_skipped_same_execution_bar,USDJPY,2025.07.31 06:45:00,0,
2025.07.31 07:19:59,scan_executed_new_execution_bar,USDJPY,2025.07.31 07:00:00,31,
2025.07.31 07:24:58,scan_skipped_same_execution_bar,USDJPY,2025.07.31 07:00:00,0,
2025.07.31 07:34:59,scan_executed_new_execution_bar,USDJPY,2025.07.31 07:15:00,0,
2025.07.31 07:39:58,scan_skipped_same_execution_bar,USDJPY,2025.07.31 07:15:00,0,
2025.07.31 07:49:59,scan_executed_new_execution_bar,USDJPY,2025.07.31 07:30:00,0,
2025.07.31 07:54:59,scan_skipped_same_execution_bar,USDJPY,2025.07.31 07:30:00,0,
2025.07.31 08:04:58,scan_executed_new_execution_bar,USDJPY,2025.07.31 07:45:00,0,
2025.07.31 08:09:59,scan_skipped_same_execution_bar,USDJPY,2025.07.31 07:45:00,0,
2025.07.31 08:19:59,scan_executed_new_execution_bar,USDJPY,2025.07.31 08:00:00,0,
2025.07.31 08:24:59,scan_skipped_same_execution_bar,USDJPY,2025.07.31 08:00:00,0,
2025.07.31 08:34:59,scan_executed_new_execution_bar,USDJPY,2025.07.31 08:15:00,0,
2025.07.31 08:40:00,scan_skipped_same_execution_bar,USDJPY,2025.07.31 08:15:00,0,
2025.07.31 08:49:59,scan_executed_new_execution_bar,USDJPY,2025.07.31 08:30:00,16,
2025.07.31 08:54:57,scan_skipped_same_execution_bar,USDJPY,2025.07.31 08:30:00,0,
2025.07.31 09:04:59,scan_executed_new_execution_bar,USDJPY,2025.07.31 08:45:00,0,
2025.07.31 09:09:59,scan_skipped_same_execution_bar,USDJPY,2025.07.31 08:45:00,0,
2025.07.31 09:19:59,scan_executed_new_execution_bar,USDJPY,2025.07.31 09:00:00,16,
2025.07.31 09:24:59,scan_skipped_same_execution_bar,USDJPY,2025.07.31 09:00:00,0,
2025.07.31 09:34:59,scan_executed_new_execution_bar,USDJPY,2025.07.31 09:15:00,15,
2025.07.31 09:39:59,scan_skipped_same_execution_bar,USDJPY,2025.07.31 09:15:00,0,
2025.07.31 09:49:59,scan_executed_new_execution_bar,USDJPY,2025.07.31 09:30:00,0,
2025.07.31 09:54:59,scan_skipped_same_execution_bar,USDJPY,2025.07.31 09:30:00,0,
2025.07.31 10:04:59,scan_executed_new_execution_bar,USDJPY,2025.07.31 09:45:00,0,
2025.07.31 10:09:59,scan_skipped_same_execution_bar,USDJPY,2025.07.31 09:45:00,0,
2025.07.31 10:19:59,scan_executed_new_execution_bar,USDJPY,2025.07.31 10:00:00,0,
2025.07.31 10:24:59,scan_skipped_same_execution_bar,USDJPY,2025.07.31 10:00:00,0,
2025.07.31 10:34:59,scan_executed_new_execution_bar,USDJPY,2025.07.31 10:15:00,0,
2025.07.31 10:39:59,scan_skipped_same_execution_bar,USDJPY,2025.07.31 10:15:00,0,
2025.07.31 10:49:59,scan_executed_new_execution_bar,USDJPY,2025.07.31 10:30:00,0,
2025.07.31 10:54:59,scan_skipped_same_execution_bar,USDJPY,2025.07.31 10:30:00,0,
2025.07.31 11:04:59,scan_executed_new_execution_bar,USDJPY,2025.07.31 10:45:00,63,
2025.07.31 11:09:59,scan_skipped_same_execution_bar,USDJPY,2025.07.31 10:45:00,0,
2025.07.31 11:19:59,scan_executed_new_execution_bar,USDJPY,2025.07.31 11:00:00,0,
2025.07.31 11:24:59,scan_skipped_same_execution_bar,USDJPY,2025.07.31 11:00:00,0,
2025.07.31 11:34:59,scan_executed_new_execution_bar,USDJPY,2025.07.31 11:15:00,0,
2025.07.31 11:39:59,scan_skipped_same_execution_bar,USDJPY,2025.07.31 11:15:00,0,
2025.07.31 11:49:59,scan_executed_new_execution_bar,USDJPY,2025.07.31 11:30:00,0,
2025.07.31 11:54:59,scan_skipped_same_execution_bar,USDJPY,2025.07.31 11:30:00,0,
2025.07.31 12:04:59,scan_executed_new_execution_bar,USDJPY,2025.07.31 11:45:00,0,
2025.07.31 12:09:59,scan_skipped_same_execution_bar,USDJPY,2025.07.31 11:45:00,0,
2025.07.31 12:19:59,scan_executed_new_execution_bar,USDJPY,2025.07.31 12:00:00,0,
2025.07.31 12:24:59,scan_skipped_same_execution_bar,USDJPY,2025.07.31 12:00:00,0,
2025.07.31 12:34:59,scan_executed_new_execution_bar,USDJPY,2025.07.31 12:15:00,0,
2025.07.31 12:39:59,scan_skipped_same_execution_bar,USDJPY,2025.07.31 12:15:00,0,
2025.07.31 12:49:59,scan_executed_new_execution_bar,USDJPY,2025.07.31 12:30:00,0,
2025.07.31 12:54:59,scan_skipped_same_execution_bar,USDJPY,2025.07.31 12:30:00,0,
2025.07.31 13:04:59,scan_executed_new_execution_bar,USDJPY,2025.07.31 12:45:00,0,
2025.07.31 13:09:59,scan_skipped_same_execution_bar,USDJPY,2025.07.31 12:45:00,0,
2025.07.31 13:19:59,scan_executed_new_execution_bar,USDJPY,2025.07.31 13:00:00,16,
2025.07.31 13:24:59,scan_skipped_same_execution_bar,USDJPY,2025.07.31 13:00:00,0,
2025.07.31 13:34:59,scan_executed_new_execution_bar,USDJPY,2025.07.31 13:15:00,31,
2025.07.31 13:39:58,scan_skipped_same_execution_bar,USDJPY,2025.07.31 13:15:00,0,
2025.07.31 13:49:59,scan_executed_new_execution_bar,USDJPY,2025.07.31 13:30:00,15,
2025.07.31 13:54:59,scan_skipped_same_execution_bar,USDJPY,2025.07.31 13:30:00,0,
2025.07.31 14:04:59,scan_executed_new_execution_bar,USDJPY,2025.07.31 13:45:00,16,
2025.07.31 14:09:59,scan_skipped_same_execution_bar,USDJPY,2025.07.31 13:45:00,0,
2025.07.31 14:19:59,scan_executed_new_execution_bar,USDJPY,2025.07.31 14:00:00,16,
2025.07.31 14:24:59,scan_skipped_same_execution_bar,USDJPY,2025.07.31 14:00:00,0,
2025.07.31 14:34:59,scan_executed_new_execution_bar,USDJPY,2025.07.31 14:15:00,15,
2025.07.31 14:39:58,scan_skipped_same_execution_bar,USDJPY,2025.07.31 14:15:00,0,
2025.07.31 14:50:00,scan_executed_new_execution_bar,USDJPY,2025.07.31 14:30:00,16,
2025.07.31 14:54:59,scan_skipped_same_execution_bar,USDJPY,2025.07.31 14:30:00,0,
2025.07.31 15:04:59,scan_executed_new_execution_bar,USDJPY,2025.07.31 14:45:00,0,
2025.07.31 15:09:59,scan_skipped_same_execution_bar,USDJPY,2025.07.31 14:45:00,0,
2025.07.31 15:19:59,scan_executed_new_execution_bar,USDJPY,2025.07.31 15:00:00,16,
2025.07.31 15:24:59,scan_skipped_same_execution_bar,USDJPY,2025.07.31 15:00:00,0,
2025.07.31 15:34:59,scan_executed_new_execution_bar,USDJPY,2025.07.31 15:15:00,15,
2025.07.31 15:39:59,scan_skipped_same_execution_bar,USDJPY,2025.07.31 15:15:00,0,
2025.07.31 15:49:59,scan_executed_new_execution_bar,USDJPY,2025.07.31 15:30:00,0,
2025.07.31 15:54:59,scan_skipped_same_execution_bar,USDJPY,2025.07.31 15:30:00,0,
2025.07.31 16:04:59,scan_executed_new_execution_bar,USDJPY,2025.07.31 15:45:00,0,
2025.07.31 16:09:59,scan_skipped_same_execution_bar,USDJPY,2025.07.31 15:45:00,0,
2025.07.31 16:19:59,scan_executed_new_execution_bar,USDJPY,2025.07.31 16:00:00,0,
2025.07.31 16:24:59,scan_skipped_same_execution_bar,USDJPY,2025.07.31 16:00:00,0,
2025.07.31 16:34:59,scan_executed_new_execution_bar,USDJPY,2025.07.31 16:15:00,16,
2025.07.31 16:39:59,scan_skipped_same_execution_bar,USDJPY,2025.07.31 16:15:00,0,
2025.07.31 16:49:59,scan_executed_new_execution_bar,USDJPY,2025.07.31 16:30:00,0,
2025.07.31 16:54:59,scan_skipped_same_execution_bar,USDJPY,2025.07.31 16:30:00,0,
2025.07.31 17:04:59,scan_executed_new_execution_bar,USDJPY,2025.07.31 16:45:00,0,
2025.07.31 17:09:59,scan_skipped_same_execution_bar,USDJPY,2025.07.31 16:45:00,0,
2025.07.31 17:19:59,scan_executed_new_execution_bar,USDJPY,2025.07.31 17:00:00,31,
2025.07.31 17:24:59,scan_skipped_same_execution_bar,USDJPY,2025.07.31 17:00:00,0,
2025.07.31 17:34:59,scan_executed_new_execution_bar,USDJPY,2025.07.31 17:15:00,16,
2025.07.31 17:39:59,scan_skipped_same_execution_bar,USDJPY,2025.07.31 17:15:00,0,
2025.07.31 17:49:59,scan_executed_new_execution_bar,USDJPY,2025.07.31 17:30:00,32,
2025.07.31 17:54:59,scan_skipped_same_execution_bar,USDJPY,2025.07.31 17:30:00,0,
2025.07.31 18:04:59,scan_executed_new_execution_bar,USDJPY,2025.07.31 17:45:00,0,
2025.07.31 18:09:59,scan_skipped_same_execution_bar,USDJPY,2025.07.31 17:45:00,0,
2025.07.31 18:19:59,scan_executed_new_execution_bar,USDJPY,2025.07.31 18:00:00,47,
2025.07.31 18:24:59,scan_skipped_same_execution_bar,USDJPY,2025.07.31 18:00:00,0,
2025.07.31 18:34:59,scan_executed_new_execution_bar,USDJPY,2025.07.31 18:15:00,15,
2025.07.31 18:40:00,scan_skipped_same_execution_bar,USDJPY,2025.07.31 18:15:00,0,
2025.07.31 18:49:59,scan_executed_new_execution_bar,USDJPY,2025.07.31 18:30:00,0,
2025.07.31 18:54:59,scan_skipped_same_execution_bar,USDJPY,2025.07.31 18:30:00,0,
2025.07.31 19:04:59,scan_executed_new_execution_bar,USDJPY,2025.07.31 18:45:00,0,
2025.07.31 19:09:59,scan_skipped_same_execution_bar,USDJPY,2025.07.31 18:45:00,0,
2025.07.31 19:19:59,scan_executed_new_execution_bar,USDJPY,2025.07.31 19:00:00,0,
2025.07.31 19:24:59,scan_skipped_same_execution_bar,USDJPY,2025.07.31 19:00:00,0,
2025.07.31 19:34:59,scan_executed_new_execution_bar,USDJPY,2025.07.31 19:15:00,16,
2025.07.31 19:39:59,scan_skipped_same_execution_bar,USDJPY,2025.07.31 19:15:00,0,
2025.07.31 19:49:59,scan_executed_new_execution_bar,USDJPY,2025.07.31 19:30:00,0,
2025.07.31 19:54:59,scan_skipped_same_execution_bar,USDJPY,2025.07.31 19:30:00,0,
2025.07.31 20:04:59,scan_executed_new_execution_bar,USDJPY,2025.07.31 19:45:00,31,
2025.07.31 20:09:59,scan_skipped_same_execution_bar,USDJPY,2025.07.31 19:45:00,0,
2025.07.31 20:19:59,scan_executed_new_execution_bar,USDJPY,2025.07.31 20:00:00,16,
2025.07.31 20:24:59,scan_skipped_same_execution_bar,USDJPY,2025.07.31 20:00:00,0,
2025.07.31 20:34:59,scan_executed_new_execution_bar,USDJPY,2025.07.31 20:15:00,31,
2025.07.31 20:39:59,scan_skipped_same_execution_bar,USDJPY,2025.07.31 20:15:00,0,
2025.07.31 20:49:59,scan_executed_new_execution_bar,USDJPY,2025.07.31 20:30:00,0,
2025.07.31 20:54:59,scan_skipped_same_execution_bar,USDJPY,2025.07.31 20:30:00,0,
2025.07.31 21:04:59,scan_executed_new_execution_bar,USDJPY,2025.07.31 20:45:00,0,
2025.07.31 21:09:58,scan_skipped_same_execution_bar,USDJPY,2025.07.31 20:45:00,0,
2025.07.31 21:19:59,scan_executed_new_execution_bar,USDJPY,2025.07.31 21:00:00,0,
2025.07.31 21:24:59,scan_skipped_same_execution_bar,USDJPY,2025.07.31 21:00:00,0,
2025.07.31 21:34:59,scan_executed_new_execution_bar,USDJPY,2025.07.31 21:15:00,0,
2025.07.31 21:39:59,scan_skipped_same_execution_bar,USDJPY,2025.07.31 21:15:00,0,
2025.07.31 21:49:59,scan_executed_new_execution_bar,USDJPY,2025.07.31 21:30:00,0,
2025.07.31 21:54:59,scan_skipped_same_execution_bar,USDJPY,2025.07.31 21:30:00,0,
2025.07.31 22:04:59,scan_executed_new_execution_bar,USDJPY,2025.07.31 21:45:00,0,
2025.07.31 22:09:59,scan_skipped_same_execution_bar,USDJPY,2025.07.31 21:45:00,0,
2025.07.31 22:19:58,scan_executed_new_execution_bar,USDJPY,2025.07.31 22:00:00,0,
2025.07.31 22:24:59,scan_skipped_same_execution_bar,USDJPY,2025.07.31 22:00:00,0,
2025.07.31 22:34:59,scan_executed_new_execution_bar,USDJPY,2025.07.31 22:15:00,16,
2025.07.31 22:39:59,scan_skipped_same_execution_bar,USDJPY,2025.07.31 22:15:00,0,
2025.07.31 22:49:59,scan_executed_new_execution_bar,USDJPY,2025.07.31 22:30:00,0,
2025.07.31 22:54:59,scan_skipped_same_execution_bar,USDJPY,2025.07.31 22:30:00,0,
2025.07.31 23:04:59,scan_executed_new_execution_bar,USDJPY,2025.07.31 22:45:00,0,
2025.07.31 23:09:59,scan_skipped_same_execution_bar,USDJPY,2025.07.31 22:45:00,0,
2025.07.31 23:19:59,scan_executed_new_execution_bar,USDJPY,2025.07.31 23:00:00,16,
2025.07.31 23:24:59,scan_skipped_same_execution_bar,USDJPY,2025.07.31 23:00:00,0,
2025.07.31 23:34:57,scan_executed_new_execution_bar,USDJPY,2025.07.31 23:15:00,0,
2025.07.31 23:39:59,scan_skipped_same_execution_bar,USDJPY,2025.07.31 23:15:00,0,
2025.07.31 23:49:58,scan_executed_new_execution_bar,USDJPY,2025.07.31 23:30:00,0,
2025.07.31 23:54:59,scan_skipped_same_execution_bar,USDJPY,2025.07.31 23:30:00,0,
2025.08.01 00:04:43,scan_executed_new_execution_bar,USDJPY,2025.07.31 23:45:00,0,
2025.08.01 00:09:57,scan_skipped_same_execution_bar,USDJPY,2025.07.31 23:45:00,0,
2025.08.01 00:19:59,scan_executed_new_execution_bar,USDJPY,2025.08.01 00:00:00,0,
2025.08.01 00:24:58,scan_skipped_same_execution_bar,USDJPY,2025.08.01 00:00:00,0,
2025.08.01 00:34:58,scan_executed_new_execution_bar,USDJPY,2025.08.01 00:15:00,0,
2025.08.01 00:39:56,scan_skipped_same_execution_bar,USDJPY,2025.08.01 00:15:00,0,
2025.08.01 00:49:59,scan_executed_new_execution_bar,USDJPY,2025.08.01 00:30:00,0,
2025.08.01 00:54:59,scan_skipped_same_execution_bar,USDJPY,2025.08.01 00:30:00,0,
2025.08.01 01:04:58,scan_executed_new_execution_bar,USDJPY,2025.08.01 00:45:00,0,
2025.08.01 01:09:59,scan_skipped_same_execution_bar,USDJPY,2025.08.01 00:45:00,0,
2025.08.01 01:19:57,scan_executed_new_execution_bar,USDJPY,2025.08.01 01:00:00,0,
2025.08.01 01:24:58,scan_skipped_same_execution_bar,USDJPY,2025.08.01 01:00:00,0,
2025.08.01 01:34:59,scan_executed_new_execution_bar,USDJPY,2025.08.01 01:15:00,0,
2025.08.01 01:39:58,scan_skipped_same_execution_bar,USDJPY,2025.08.01 01:15:00,0,
2025.08.01 01:49:59,scan_executed_new_execution_bar,USDJPY,2025.08.01 01:30:00,16,
2025.08.01 01:54:59,scan_skipped_same_execution_bar,USDJPY,2025.08.01 01:30:00,0,
2025.08.01 02:04:57,scan_executed_new_execution_bar,USDJPY,2025.08.01 01:45:00,0,
2025.08.01 02:10:00,scan_skipped_same_execution_bar,USDJPY,2025.08.01 01:45:00,0,
2025.08.01 02:19:59,scan_executed_new_execution_bar,USDJPY,2025.08.01 02:00:00,15,
2025.08.01 02:24:59,scan_skipped_same_execution_bar,USDJPY,2025.08.01 02:00:00,0,
2025.08.01 02:34:59,scan_executed_new_execution_bar,USDJPY,2025.08.01 02:15:00,0,
2025.08.01 02:39:59,scan_skipped_same_execution_bar,USDJPY,2025.08.01 02:15:00,0,
2025.08.01 02:49:59,scan_executed_new_execution_bar,USDJPY,2025.08.01 02:30:00,0,
2025.08.01 02:55:00,scan_skipped_same_execution_bar,USDJPY,2025.08.01 02:30:00,0,
2025.08.01 03:04:59,scan_executed_new_execution_bar,USDJPY,2025.08.01 02:45:00,0,
2025.08.01 03:10:00,scan_skipped_same_execution_bar,USDJPY,2025.08.01 02:45:00,0,
2025.08.01 03:19:59,scan_executed_new_execution_bar,USDJPY,2025.08.01 03:00:00,16,
2025.08.01 03:24:59,scan_skipped_same_execution_bar,USDJPY,2025.08.01 03:00:00,0,
2025.08.01 03:34:59,scan_executed_new_execution_bar,USDJPY,2025.08.01 03:15:00,16,
2025.08.01 03:39:59,scan_skipped_same_execution_bar,USDJPY,2025.08.01 03:15:00,0,
2025.08.01 03:49:59,scan_executed_new_execution_bar,USDJPY,2025.08.01 03:30:00,0,
2025.08.01 03:54:59,scan_skipped_same_execution_bar,USDJPY,2025.08.01 03:30:00,0,
2025.08.01 04:04:59,scan_executed_new_execution_bar,USDJPY,2025.08.01 03:45:00,0,
2025.08.01 04:09:59,scan_skipped_same_execution_bar,USDJPY,2025.08.01 03:45:00,0,
2025.08.01 04:19:59,scan_executed_new_execution_bar,USDJPY,2025.08.01 04:00:00,15,
2025.08.01 04:24:59,scan_skipped_same_execution_bar,USDJPY,2025.08.01 04:00:00,0,
2025.08.01 04:34:59,scan_executed_new_execution_bar,USDJPY,2025.08.01 04:15:00,16,
2025.08.01 04:39:58,scan_skipped_same_execution_bar,USDJPY,2025.08.01 04:15:00,0,
2025.08.01 04:50:00,scan_executed_new_execution_bar,USDJPY,2025.08.01 04:30:00,0,
2025.08.01 04:54:59,scan_skipped_same_execution_bar,USDJPY,2025.08.01 04:30:00,0,
2025.08.01 05:04:59,scan_executed_new_execution_bar,USDJPY,2025.08.01 04:45:00,0,
2025.08.01 05:10:00,scan_skipped_same_execution_bar,USDJPY,2025.08.01 04:45:00,0,
2025.08.01 05:19:59,scan_executed_new_execution_bar,USDJPY,2025.08.01 05:00:00,16,
2025.08.01 05:24:59,scan_skipped_same_execution_bar,USDJPY,2025.08.01 05:00:00,0,
2025.08.01 05:34:59,scan_executed_new_execution_bar,USDJPY,2025.08.01 05:15:00,0,
2025.08.01 05:39:59,scan_skipped_same_execution_bar,USDJPY,2025.08.01 05:15:00,0,
2025.08.01 05:49:59,scan_executed_new_execution_bar,USDJPY,2025.08.01 05:30:00,16,
2025.08.01 05:54:59,scan_skipped_same_execution_bar,USDJPY,2025.08.01 05:30:00,0,
2025.08.01 06:04:59,scan_executed_new_execution_bar,USDJPY,2025.08.01 05:45:00,16,
2025.08.01 06:09:59,scan_skipped_same_execution_bar,USDJPY,2025.08.01 05:45:00,0,
2025.08.01 06:19:59,scan_executed_new_execution_bar,USDJPY,2025.08.01 06:00:00,15,
2025.08.01 06:24:59,scan_skipped_same_execution_bar,USDJPY,2025.08.01 06:00:00,0,
2025.08.01 06:34:58,scan_executed_new_execution_bar,USDJPY,2025.08.01 06:15:00,0,
2025.08.01 06:39:59,scan_skipped_same_execution_bar,USDJPY,2025.08.01 06:15:00,0,
2025.08.01 06:49:59,scan_executed_new_execution_bar,USDJPY,2025.08.01 06:30:00,0,
2025.08.01 06:54:59,scan_skipped_same_execution_bar,USDJPY,2025.08.01 06:30:00,0,
2025.08.01 07:04:59,scan_executed_new_execution_bar,USDJPY,2025.08.01 06:45:00,0,
2025.08.01 07:09:59,scan_skipped_same_execution_bar,USDJPY,2025.08.01 06:45:00,0,
2025.08.01 07:19:59,scan_executed_new_execution_bar,USDJPY,2025.08.01 07:00:00,15,
2025.08.01 07:24:59,scan_skipped_same_execution_bar,USDJPY,2025.08.01 07:00:00,0,
2025.08.01 07:34:59,scan_executed_new_execution_bar,USDJPY,2025.08.01 07:15:00,0,
2025.08.01 07:39:59,scan_skipped_same_execution_bar,USDJPY,2025.08.01 07:15:00,0,
2025.08.01 07:49:59,scan_executed_new_execution_bar,USDJPY,2025.08.01 07:30:00,0,
2025.08.01 07:54:59,scan_skipped_same_execution_bar,USDJPY,2025.08.01 07:30:00,0,
2025.08.01 08:04:59,scan_executed_new_execution_bar,USDJPY,2025.08.01 07:45:00,0,
2025.08.01 08:09:58,scan_skipped_same_execution_bar,USDJPY,2025.08.01 07:45:00,0,
2025.08.01 08:19:59,scan_executed_new_execution_bar,USDJPY,2025.08.01 08:00:00,0,
2025.08.01 08:24:59,scan_skipped_same_execution_bar,USDJPY,2025.08.01 08:00:00,0,
2025.08.01 08:34:59,scan_executed_new_execution_bar,USDJPY,2025.08.01 08:15:00,0,
2025.08.01 08:39:59,scan_skipped_same_execution_bar,USDJPY,2025.08.01 08:15:00,0,
2025.08.01 08:49:59,scan_executed_new_execution_bar,USDJPY,2025.08.01 08:30:00,0,
2025.08.01 08:54:58,scan_skipped_same_execution_bar,USDJPY,2025.08.01 08:30:00,0,
2025.08.01 09:04:59,scan_executed_new_execution_bar,USDJPY,2025.08.01 08:45:00,16,
2025.08.01 09:09:59,scan_skipped_same_execution_bar,USDJPY,2025.08.01 08:45:00,0,
2025.08.01 09:19:59,scan_executed_new_execution_bar,USDJPY,2025.08.01 09:00:00,0,
2025.08.01 09:25:00,scan_skipped_same_execution_bar,USDJPY,2025.08.01 09:00:00,0,
2025.08.01 09:34:59,scan_executed_new_execution_bar,USDJPY,2025.08.01 09:15:00,0,
2025.08.01 09:39:58,scan_skipped_same_execution_bar,USDJPY,2025.08.01 09:15:00,0,
2025.08.01 09:49:59,scan_executed_new_execution_bar,USDJPY,2025.08.01 09:30:00,16,
2025.08.01 09:54:59,scan_skipped_same_execution_bar,USDJPY,2025.08.01 09:30:00,0,
2025.08.01 10:04:59,scan_executed_new_execution_bar,USDJPY,2025.08.01 09:45:00,0,
2025.08.01 10:09:59,scan_skipped_same_execution_bar,USDJPY,2025.08.01 09:45:00,0,
2025.08.01 10:19:59,scan_executed_new_execution_bar,USDJPY,2025.08.01 10:00:00,16,
2025.08.01 10:24:59,scan_skipped_same_execution_bar,USDJPY,2025.08.01 10:00:00,0,
2025.08.01 10:34:59,scan_executed_new_execution_bar,USDJPY,2025.08.01 10:15:00,0,
2025.08.01 10:39:59,scan_skipped_same_execution_bar,USDJPY,2025.08.01 10:15:00,0,
2025.08.01 10:49:59,scan_executed_new_execution_bar,USDJPY,2025.08.01 10:30:00,15,
2025.08.01 10:54:59,scan_skipped_same_execution_bar,USDJPY,2025.08.01 10:30:00,0,
2025.08.01 11:04:59,scan_executed_new_execution_bar,USDJPY,2025.08.01 10:45:00,16,
2025.08.01 11:09:58,scan_skipped_same_execution_bar,USDJPY,2025.08.01 10:45:00,0,
2025.08.01 11:19:59,scan_executed_new_execution_bar,USDJPY,2025.08.01 11:00:00,0,
2025.08.01 11:24:59,scan_skipped_same_execution_bar,USDJPY,2025.08.01 11:00:00,0,
2025.08.01 11:34:59,scan_executed_new_execution_bar,USDJPY,2025.08.01 11:15:00,16,
2025.08.01 11:39:59,scan_skipped_same_execution_bar,USDJPY,2025.08.01 11:15:00,0,
2025.08.01 11:50:00,scan_executed_new_execution_bar,USDJPY,2025.08.01 11:30:00,16,
2025.08.01 11:54:59,scan_skipped_same_execution_bar,USDJPY,2025.08.01 11:30:00,0,
2025.08.01 12:04:59,scan_executed_new_execution_bar,USDJPY,2025.08.01 11:45:00,15,
2025.08.01 12:09:59,scan_skipped_same_execution_bar,USDJPY,2025.08.01 11:45:00,0,
2025.08.01 12:19:59,scan_executed_new_execution_bar,USDJPY,2025.08.01 12:00:00,0,
2025.08.01 12:24:59,scan_skipped_same_execution_bar,USDJPY,2025.08.01 12:00:00,0,
2025.08.01 12:34:59,scan_executed_new_execution_bar,USDJPY,2025.08.01 12:15:00,0,
2025.08.01 12:39:59,scan_skipped_same_execution_bar,USDJPY,2025.08.01 12:15:00,0,
2025.08.01 12:49:59,scan_executed_new_execution_bar,USDJPY,2025.08.01 12:30:00,31,
2025.08.01 12:55:00,scan_skipped_same_execution_bar,USDJPY,2025.08.01 12:30:00,0,
2025.08.01 13:04:59,scan_executed_new_execution_bar,USDJPY,2025.08.01 12:45:00,0,
2025.08.01 13:09:59,scan_skipped_same_execution_bar,USDJPY,2025.08.01 12:45:00,0,
2025.08.01 13:19:59,scan_executed_new_execution_bar,USDJPY,2025.08.01 13:00:00,32,
2025.08.01 13:24:59,scan_skipped_same_execution_bar,USDJPY,2025.08.01 13:00:00,0,
2025.08.01 13:34:59,scan_executed_new_execution_bar,USDJPY,2025.08.01 13:15:00,0,
2025.08.01 13:39:59,scan_skipped_same_execution_bar,USDJPY,2025.08.01 13:15:00,0,
2025.08.01 13:49:58,scan_executed_new_execution_bar,USDJPY,2025.08.01 13:30:00,0,
2025.08.01 13:54:59,scan_skipped_same_execution_bar,USDJPY,2025.08.01 13:30:00,0,
2025.08.01 14:04:59,scan_executed_new_execution_bar,USDJPY,2025.08.01 13:45:00,15,
2025.08.01 14:09:59,scan_skipped_same_execution_bar,USDJPY,2025.08.01 13:45:00,0,
2025.08.01 14:19:59,scan_executed_new_execution_bar,USDJPY,2025.08.01 14:00:00,16,
2025.08.01 14:24:59,scan_skipped_same_execution_bar,USDJPY,2025.08.01 14:00:00,0,
2025.08.01 14:34:59,scan_executed_new_execution_bar,USDJPY,2025.08.01 14:15:00,0,
2025.08.01 14:39:59,scan_skipped_same_execution_bar,USDJPY,2025.08.01 14:15:00,0,
2025.08.01 14:49:59,scan_executed_new_execution_bar,USDJPY,2025.08.01 14:30:00,16,
2025.08.01 14:54:59,scan_skipped_same_execution_bar,USDJPY,2025.08.01 14:30:00,0,
2025.08.01 15:04:59,scan_executed_new_execution_bar,USDJPY,2025.08.01 14:45:00,31,
2025.08.01 15:09:59,scan_skipped_same_execution_bar,USDJPY,2025.08.01 14:45:00,0,
2025.08.01 15:19:59,scan_executed_new_execution_bar,USDJPY,2025.08.01 15:00:00,16,
2025.08.01 15:24:59,scan_skipped_same_execution_bar,USDJPY,2025.08.01 15:00:00,0,
2025.08.01 15:34:59,scan_executed_new_execution_bar,USDJPY,2025.08.01 15:15:00,0,
2025.08.01 15:39:59,scan_skipped_same_execution_bar,USDJPY,2025.08.01 15:15:00,0,
2025.08.01 15:49:59,scan_executed_new_execution_bar,USDJPY,2025.08.01 15:30:00,0,
2025.08.01 15:54:59,scan_skipped_same_execution_bar,USDJPY,2025.08.01 15:30:00,0,
2025.08.01 16:04:59,scan_executed_new_execution_bar,USDJPY,2025.08.01 15:45:00,0,
2025.08.01 16:09:59,scan_skipped_same_execution_bar,USDJPY,2025.08.01 15:45:00,0,
2025.08.01 16:19:59,scan_executed_new_execution_bar,USDJPY,2025.08.01 16:00:00,0,
2025.08.01 16:24:59,scan_skipped_same_execution_bar,USDJPY,2025.08.01 16:00:00,0,
2025.08.01 16:34:59,scan_executed_new_execution_bar,USDJPY,2025.08.01 16:15:00,0,
2025.08.01 16:39:59,scan_skipped_same_execution_bar,USDJPY,2025.08.01 16:15:00,0,
2025.08.01 16:45:00,scan_executed_new_execution_bar,USDJPY,2025.08.01 16:30:00,0,
2025.08.01 16:49:59,scan_skipped_same_execution_bar,USDJPY,2025.08.01 16:30:00,0,
2025.08.01 17:04:59,scan_executed_new_execution_bar,USDJPY,2025.08.01 16:45:00,16,
2025.08.01 17:09:59,scan_skipped_same_execution_bar,USDJPY,2025.08.01 16:45:00,0,
2025.08.01 17:19:59,scan_executed_new_execution_bar,USDJPY,2025.08.01 17:00:00,31,
2025.08.01 17:24:59,scan_skipped_same_execution_bar,USDJPY,2025.08.01 17:00:00,0,
2025.08.01 17:34:59,scan_executed_new_execution_bar,USDJPY,2025.08.01 17:15:00,31,
2025.08.01 17:39:59,scan_skipped_same_execution_bar,USDJPY,2025.08.01 17:15:00,0,
2025.08.01 17:49:59,scan_executed_new_execution_bar,USDJPY,2025.08.01 17:30:00,0,
2025.08.01 17:54:59,scan_skipped_same_execution_bar,USDJPY,2025.08.01 17:30:00,0,
2025.08.01 18:04:59,scan_executed_new_execution_bar,USDJPY,2025.08.01 17:45:00,15,
2025.08.01 18:09:59,scan_skipped_same_execution_bar,USDJPY,2025.08.01 17:45:00,0,
2025.08.01 18:19:59,scan_executed_new_execution_bar,USDJPY,2025.08.01 18:00:00,0,
2025.08.01 18:25:00,scan_skipped_same_execution_bar,USDJPY,2025.08.01 18:00:00,0,
2025.08.01 18:34:59,scan_executed_new_execution_bar,USDJPY,2025.08.01 18:15:00,31,
2025.08.01 18:39:59,scan_skipped_same_execution_bar,USDJPY,2025.08.01 18:15:00,0,
2025.08.01 18:49:59,scan_executed_new_execution_bar,USDJPY,2025.08.01 18:30:00,47,
2025.08.01 18:54:59,scan_skipped_same_execution_bar,USDJPY,2025.08.01 18:30:00,0,
2025.08.01 19:04:59,scan_executed_new_execution_bar,USDJPY,2025.08.01 18:45:00,31,
2025.08.01 19:09:59,scan_skipped_same_execution_bar,USDJPY,2025.08.01 18:45:00,0,
2025.08.01 19:19:59,scan_executed_new_execution_bar,USDJPY,2025.08.01 19:00:00,0,
2025.08.01 19:24:59,scan_skipped_same_execution_bar,USDJPY,2025.08.01 19:00:00,0,
2025.08.01 19:34:59,scan_executed_new_execution_bar,USDJPY,2025.08.01 19:15:00,16,
2025.08.01 19:39:59,scan_skipped_same_execution_bar,USDJPY,2025.08.01 19:15:00,0,
2025.08.01 19:49:59,scan_executed_new_execution_bar,USDJPY,2025.08.01 19:30:00,0,
2025.08.01 19:54:59,scan_skipped_same_execution_bar,USDJPY,2025.08.01 19:30:00,0,
2025.08.01 20:04:59,scan_executed_new_execution_bar,USDJPY,2025.08.01 19:45:00,0,
2025.08.01 20:09:59,scan_skipped_same_execution_bar,USDJPY,2025.08.01 19:45:00,0,
2025.08.01 20:19:59,scan_executed_new_execution_bar,USDJPY,2025.08.01 20:00:00,0,
2025.08.01 20:24:59,scan_skipped_same_execution_bar,USDJPY,2025.08.01 20:00:00,0,
2025.08.01 20:34:59,scan_executed_new_execution_bar,USDJPY,2025.08.01 20:15:00,46,
2025.08.01 20:39:59,scan_skipped_same_execution_bar,USDJPY,2025.08.01 20:15:00,0,
2025.08.01 20:49:59,scan_executed_new_execution_bar,USDJPY,2025.08.01 20:30:00,0,
2025.08.01 20:54:59,scan_skipped_same_execution_bar,USDJPY,2025.08.01 20:30:00,0,
2025.08.01 21:04:59,scan_executed_new_execution_bar,USDJPY,2025.08.01 20:45:00,0,
2025.08.01 21:09:59,scan_skipped_same_execution_bar,USDJPY,2025.08.01 20:45:00,0,
2025.08.01 21:19:59,scan_executed_new_execution_bar,USDJPY,2025.08.01 21:00:00,0,
2025.08.01 21:24:59,scan_skipped_same_execution_bar,USDJPY,2025.08.01 21:00:00,0,
2025.08.01 21:34:59,scan_executed_new_execution_bar,USDJPY,2025.08.01 21:15:00,16,
2025.08.01 21:39:59,scan_skipped_same_execution_bar,USDJPY,2025.08.01 21:15:00,0,
2025.08.01 21:49:59,scan_executed_new_execution_bar,USDJPY,2025.08.01 21:30:00,31,
2025.08.01 21:54:59,scan_skipped_same_execution_bar,USDJPY,2025.08.01 21:30:00,0,
2025.08.01 22:04:59,scan_executed_new_execution_bar,USDJPY,2025.08.01 21:45:00,0,
2025.08.01 22:09:59,scan_skipped_same_execution_bar,USDJPY,2025.08.01 21:45:00,0,
2025.08.01 22:19:59,scan_executed_new_execution_bar,USDJPY,2025.08.01 22:00:00,16,
2025.08.01 22:24:59,scan_skipped_same_execution_bar,USDJPY,2025.08.01 22:00:00,0,
2025.08.01 22:35:00,scan_executed_new_execution_bar,USDJPY,2025.08.01 22:15:00,0,
2025.08.01 22:39:59,scan_skipped_same_execution_bar,USDJPY,2025.08.01 22:15:00,0,
2025.08.01 22:49:59,scan_executed_new_execution_bar,USDJPY,2025.08.01 22:30:00,0,
2025.08.01 22:54:59,scan_skipped_same_execution_bar,USDJPY,2025.08.01 22:30:00,0,
2025.08.01 23:04:59,scan_executed_new_execution_bar,USDJPY,2025.08.01 22:45:00,16,
2025.08.01 23:09:59,scan_skipped_same_execution_bar,USDJPY,2025.08.01 22:45:00,0,
2025.08.01 23:19:59,scan_executed_new_execution_bar,USDJPY,2025.08.01 23:00:00,15,
2025.08.01 23:24:59,scan_skipped_same_execution_bar,USDJPY,2025.08.01 23:00:00,0,
2025.08.01 23:34:59,scan_executed_new_execution_bar,USDJPY,2025.08.01 23:15:00,0,
2025.08.01 23:39:59,scan_skipped_same_execution_bar,USDJPY,2025.08.01 23:15:00,0,
2025.08.01 23:49:59,scan_executed_new_execution_bar,USDJPY,2025.08.01 23:30:00,15,
2025.08.01 23:54:59,scan_skipped_same_execution_bar,USDJPY,2025.08.01 23:30:00,0,
2025.08.04 00:04:46,scan_executed_new_execution_bar,USDJPY,2025.08.01 23:45:00,0,
2025.08.04 00:09:59,scan_skipped_same_execution_bar,USDJPY,2025.08.01 23:45:00,0,
2025.08.04 00:19:56,scan_executed_new_execution_bar,USDJPY,2025.08.04 00:00:00,0,
2025.08.04 00:24:58,scan_skipped_same_execution_bar,USDJPY,2025.08.04 00:00:00,0,
2025.08.04 00:34:58,scan_executed_new_execution_bar,USDJPY,2025.08.04 00:15:00,0,
2025.08.04 00:39:56,scan_skipped_same_execution_bar,USDJPY,2025.08.04 00:15:00,0,
2025.08.04 00:49:59,scan_executed_new_execution_bar,USDJPY,2025.08.04 00:30:00,0,
2025.08.04 00:55:00,scan_skipped_same_execution_bar,USDJPY,2025.08.04 00:30:00,0,
2025.08.04 01:04:59,scan_executed_new_execution_bar,USDJPY,2025.08.04 00:45:00,0,
2025.08.04 01:09:59,scan_skipped_same_execution_bar,USDJPY,2025.08.04 00:45:00,0,
2025.08.04 01:19:59,scan_executed_new_execution_bar,USDJPY,2025.08.04 01:00:00,16,
2025.08.04 01:24:54,scan_skipped_same_execution_bar,USDJPY,2025.08.04 01:00:00,0,
2025.08.04 01:34:59,scan_executed_new_execution_bar,USDJPY,2025.08.04 01:15:00,0,
2025.08.04 01:39:59,scan_skipped_same_execution_bar,USDJPY,2025.08.04 01:15:00,0,
2025.08.04 01:49:59,scan_executed_new_execution_bar,USDJPY,2025.08.04 01:30:00,0,
2025.08.04 01:54:59,scan_skipped_same_execution_bar,USDJPY,2025.08.04 01:30:00,0,
2025.08.04 02:04:59,scan_executed_new_execution_bar,USDJPY,2025.08.04 01:45:00,16,
2025.08.04 02:09:59,scan_skipped_same_execution_bar,USDJPY,2025.08.04 01:45:00,0,
2025.08.04 02:19:59,scan_executed_new_execution_bar,USDJPY,2025.08.04 02:00:00,0,
2025.08.04 02:24:59,scan_skipped_same_execution_bar,USDJPY,2025.08.04 02:00:00,0,
2025.08.04 02:34:59,scan_executed_new_execution_bar,USDJPY,2025.08.04 02:15:00,0,
2025.08.04 02:39:59,scan_skipped_same_execution_bar,USDJPY,2025.08.04 02:15:00,0,
2025.08.04 02:49:59,scan_executed_new_execution_bar,USDJPY,2025.08.04 02:30:00,0,
2025.08.04 02:54:59,scan_skipped_same_execution_bar,USDJPY,2025.08.04 02:30:00,0,
2025.08.04 03:04:59,scan_executed_new_execution_bar,USDJPY,2025.08.04 02:45:00,0,
2025.08.04 03:09:59,scan_skipped_same_execution_bar,USDJPY,2025.08.04 02:45:00,0,
2025.08.04 03:19:59,scan_executed_new_execution_bar,USDJPY,2025.08.04 03:00:00,0,
2025.08.04 03:24:59,scan_skipped_same_execution_bar,USDJPY,2025.08.04 03:00:00,0,
2025.08.04 03:34:59,scan_executed_new_execution_bar,USDJPY,2025.08.04 03:15:00,15,
2025.08.04 03:39:59,scan_skipped_same_execution_bar,USDJPY,2025.08.04 03:15:00,0,
2025.08.04 03:49:59,scan_executed_new_execution_bar,USDJPY,2025.08.04 03:30:00,0,
2025.08.04 03:54:59,scan_skipped_same_execution_bar,USDJPY,2025.08.04 03:30:00,0,
2025.08.04 04:04:59,scan_executed_new_execution_bar,USDJPY,2025.08.04 03:45:00,0,
2025.08.04 04:09:59,scan_skipped_same_execution_bar,USDJPY,2025.08.04 03:45:00,0,
2025.08.04 04:19:59,scan_executed_new_execution_bar,USDJPY,2025.08.04 04:00:00,0,
2025.08.04 04:24:59,scan_skipped_same_execution_bar,USDJPY,2025.08.04 04:00:00,0,
2025.08.04 04:34:59,scan_executed_new_execution_bar,USDJPY,2025.08.04 04:15:00,0,
2025.08.04 04:39:59,scan_skipped_same_execution_bar,USDJPY,2025.08.04 04:15:00,0,
2025.08.04 04:49:59,scan_executed_new_execution_bar,USDJPY,2025.08.04 04:30:00,0,
2025.08.04 04:54:59,scan_skipped_same_execution_bar,USDJPY,2025.08.04 04:30:00,0,
2025.08.04 05:04:59,scan_executed_new_execution_bar,USDJPY,2025.08.04 04:45:00,0,
2025.08.04 05:09:59,scan_skipped_same_execution_bar,USDJPY,2025.08.04 04:45:00,0,
2025.08.04 05:19:59,scan_executed_new_execution_bar,USDJPY,2025.08.04 05:00:00,0,
2025.08.04 05:24:59,scan_skipped_same_execution_bar,USDJPY,2025.08.04 05:00:00,0,
2025.08.04 05:34:59,scan_executed_new_execution_bar,USDJPY,2025.08.04 05:15:00,0,
2025.08.04 05:39:59,scan_skipped_same_execution_bar,USDJPY,2025.08.04 05:15:00,0,
2025.08.04 05:49:59,scan_executed_new_execution_bar,USDJPY,2025.08.04 05:30:00,0,
2025.08.04 05:54:59,scan_skipped_same_execution_bar,USDJPY,2025.08.04 05:30:00,0,
2025.08.04 06:04:59,scan_executed_new_execution_bar,USDJPY,2025.08.04 05:45:00,0,
2025.08.04 06:09:57,scan_skipped_same_execution_bar,USDJPY,2025.08.04 05:45:00,0,
2025.08.04 06:19:59,scan_executed_new_execution_bar,USDJPY,2025.08.04 06:00:00,16,
2025.08.04 06:24:59,scan_skipped_same_execution_bar,USDJPY,2025.08.04 06:00:00,0,
2025.08.04 06:34:59,scan_executed_new_execution_bar,USDJPY,2025.08.04 06:15:00,16,
2025.08.04 06:39:59,scan_skipped_same_execution_bar,USDJPY,2025.08.04 06:15:00,0,
2025.08.04 06:49:59,scan_executed_new_execution_bar,USDJPY,2025.08.04 06:30:00,0,
2025.08.04 06:54:59,scan_skipped_same_execution_bar,USDJPY,2025.08.04 06:30:00,0,
2025.08.04 07:04:59,scan_executed_new_execution_bar,USDJPY,2025.08.04 06:45:00,0,
2025.08.04 07:09:59,scan_skipped_same_execution_bar,USDJPY,2025.08.04 06:45:00,0,
2025.08.04 07:19:59,scan_executed_new_execution_bar,USDJPY,2025.08.04 07:00:00,15,
2025.08.04 07:24:59,scan_skipped_same_execution_bar,USDJPY,2025.08.04 07:00:00,0,
2025.08.04 07:30:00,scan_executed_new_execution_bar,USDJPY,2025.08.04 07:15:00,16,
2025.08.04 07:34:58,scan_skipped_same_execution_bar,USDJPY,2025.08.04 07:15:00,0,
2025.08.04 07:49:59,scan_executed_new_execution_bar,USDJPY,2025.08.04 07:30:00,0,
2025.08.04 07:54:59,scan_skipped_same_execution_bar,USDJPY,2025.08.04 07:30:00,0,
2025.08.04 08:04:59,scan_executed_new_execution_bar,USDJPY,2025.08.04 07:45:00,15,
2025.08.04 08:09:59,scan_skipped_same_execution_bar,USDJPY,2025.08.04 07:45:00,0,
2025.08.04 08:19:59,scan_executed_new_execution_bar,USDJPY,2025.08.04 08:00:00,0,
2025.08.04 08:24:59,scan_skipped_same_execution_bar,USDJPY,2025.08.04 08:00:00,0,
2025.08.04 08:34:59,scan_executed_new_execution_bar,USDJPY,2025.08.04 08:15:00,0,
2025.08.04 08:39:59,scan_skipped_same_execution_bar,USDJPY,2025.08.04 08:15:00,0,
2025.08.04 08:49:59,scan_executed_new_execution_bar,USDJPY,2025.08.04 08:30:00,0,
2025.08.04 08:54:59,scan_skipped_same_execution_bar,USDJPY,2025.08.04 08:30:00,0,
2025.08.04 09:04:59,scan_executed_new_execution_bar,USDJPY,2025.08.04 08:45:00,31,
2025.08.04 09:09:59,scan_skipped_same_execution_bar,USDJPY,2025.08.04 08:45:00,0,
2025.08.04 09:19:59,scan_executed_new_execution_bar,USDJPY,2025.08.04 09:00:00,0,
2025.08.04 09:24:59,scan_skipped_same_execution_bar,USDJPY,2025.08.04 09:00:00,0,
2025.08.04 09:34:59,scan_executed_new_execution_bar,USDJPY,2025.08.04 09:15:00,0,
2025.08.04 09:39:59,scan_skipped_same_execution_bar,USDJPY,2025.08.04 09:15:00,0,
2025.08.04 09:49:59,scan_executed_new_execution_bar,USDJPY,2025.08.04 09:30:00,0,
2025.08.04 09:54:59,scan_skipped_same_execution_bar,USDJPY,2025.08.04 09:30:00,0,
2025.08.04 10:04:59,scan_executed_new_execution_bar,USDJPY,2025.08.04 09:45:00,0,
2025.08.04 10:09:59,scan_skipped_same_execution_bar,USDJPY,2025.08.04 09:45:00,0,
2025.08.04 10:19:59,scan_executed_new_execution_bar,USDJPY,2025.08.04 10:00:00,0,
2025.08.04 10:24:59,scan_skipped_same_execution_bar,USDJPY,2025.08.04 10:00:00,0,
2025.08.04 10:34:59,scan_executed_new_execution_bar,USDJPY,2025.08.04 10:15:00,0,
2025.08.04 10:39:59,scan_skipped_same_execution_bar,USDJPY,2025.08.04 10:15:00,0,
2025.08.04 10:49:59,scan_executed_new_execution_bar,USDJPY,2025.08.04 10:30:00,0,
2025.08.04 10:54:59,scan_skipped_same_execution_bar,USDJPY,2025.08.04 10:30:00,0,
2025.08.04 11:04:59,scan_executed_new_execution_bar,USDJPY,2025.08.04 10:45:00,32,
2025.08.04 11:09:59,scan_skipped_same_execution_bar,USDJPY,2025.08.04 10:45:00,0,
2025.08.04 11:19:59,scan_executed_new_execution_bar,USDJPY,2025.08.04 11:00:00,0,
2025.08.04 11:24:59,scan_skipped_same_execution_bar,USDJPY,2025.08.04 11:00:00,0,
2025.08.04 11:34:59,scan_executed_new_execution_bar,USDJPY,2025.08.04 11:15:00,0,
2025.08.04 11:39:59,scan_skipped_same_execution_bar,USDJPY,2025.08.04 11:15:00,0,
2025.08.04 11:49:59,scan_executed_new_execution_bar,USDJPY,2025.08.04 11:30:00,15,
2025.08.04 11:54:59,scan_skipped_same_execution_bar,USDJPY,2025.08.04 11:30:00,0,
2025.08.04 12:04:59,scan_executed_new_execution_bar,USDJPY,2025.08.04 11:45:00,31,
2025.08.04 12:09:59,scan_skipped_same_execution_bar,USDJPY,2025.08.04 11:45:00,0,
2025.08.04 12:19:59,scan_executed_new_execution_bar,USDJPY,2025.08.04 12:00:00,16,
2025.08.04 12:24:59,scan_skipped_same_execution_bar,USDJPY,2025.08.04 12:00:00,0,
2025.08.04 12:34:59,scan_executed_new_execution_bar,USDJPY,2025.08.04 12:15:00,31,
2025.08.04 12:39:59,scan_skipped_same_execution_bar,USDJPY,2025.08.04 12:15:00,0,
2025.08.04 12:49:59,scan_executed_new_execution_bar,USDJPY,2025.08.04 12:30:00,15,
2025.08.04 12:54:59,scan_skipped_same_execution_bar,USDJPY,2025.08.04 12:30:00,0,
2025.08.04 13:04:59,scan_executed_new_execution_bar,USDJPY,2025.08.04 12:45:00,16,
2025.08.04 13:09:59,scan_skipped_same_execution_bar,USDJPY,2025.08.04 12:45:00,0,
2025.08.04 13:19:59,scan_executed_new_execution_bar,USDJPY,2025.08.04 13:00:00,31,
2025.08.04 13:24:59,scan_skipped_same_execution_bar,USDJPY,2025.08.04 13:00:00,0,
2025.08.04 13:34:59,scan_executed_new_execution_bar,USDJPY,2025.08.04 13:15:00,15,
2025.08.04 13:39:59,scan_skipped_same_execution_bar,USDJPY,2025.08.04 13:15:00,0,
2025.08.04 13:49:59,scan_executed_new_execution_bar,USDJPY,2025.08.04 13:30:00,16,
2025.08.04 13:54:59,scan_skipped_same_execution_bar,USDJPY,2025.08.04 13:30:00,0,
2025.08.04 14:04:59,scan_executed_new_execution_bar,USDJPY,2025.08.04 13:45:00,0,
2025.08.04 14:09:59,scan_skipped_same_execution_bar,USDJPY,2025.08.04 13:45:00,0,
2025.08.04 14:19:59,scan_executed_new_execution_bar,USDJPY,2025.08.04 14:00:00,0,
2025.08.04 14:24:59,scan_skipped_same_execution_bar,USDJPY,2025.08.04 14:00:00,0,
2025.08.04 14:34:59,scan_executed_new_execution_bar,USDJPY,2025.08.04 14:15:00,15,
2025.08.04 14:39:59,scan_skipped_same_execution_bar,USDJPY,2025.08.04 14:15:00,0,
2025.08.04 14:49:59,scan_executed_new_execution_bar,USDJPY,2025.08.04 14:30:00,16,
2025.08.04 14:54:59,scan_skipped_same_execution_bar,USDJPY,2025.08.04 14:30:00,0,
2025.08.04 15:05:00,scan_executed_new_execution_bar,USDJPY,2025.08.04 14:45:00,0,
2025.08.04 15:09:59,scan_skipped_same_execution_bar,USDJPY,2025.08.04 14:45:00,0,
2025.08.04 15:19:59,scan_executed_new_execution_bar,USDJPY,2025.08.04 15:00:00,16,
2025.08.04 15:24:59,scan_skipped_same_execution_bar,USDJPY,2025.08.04 15:00:00,0,
2025.08.04 15:34:59,scan_executed_new_execution_bar,USDJPY,2025.08.04 15:15:00,0,
2025.08.04 15:39:59,scan_skipped_same_execution_bar,USDJPY,2025.08.04 15:15:00,0,
2025.08.04 15:49:59,scan_executed_new_execution_bar,USDJPY,2025.08.04 15:30:00,0,
2025.08.04 15:54:59,scan_skipped_same_execution_bar,USDJPY,2025.08.04 15:30:00,0,
2025.08.04 16:04:59,scan_executed_new_execution_bar,USDJPY,2025.08.04 15:45:00,0,
2025.08.04 16:09:59,scan_skipped_same_execution_bar,USDJPY,2025.08.04 15:45:00,0,
2025.08.04 16:19:59,scan_executed_new_execution_bar,USDJPY,2025.08.04 16:00:00,0,
2025.08.04 16:24:59,scan_skipped_same_execution_bar,USDJPY,2025.08.04 16:00:00,0,
2025.08.04 16:34:59,scan_executed_new_execution_bar,USDJPY,2025.08.04 16:15:00,0,
2025.08.04 16:39:59,scan_skipped_same_execution_bar,USDJPY,2025.08.04 16:15:00,0,
2025.08.04 16:49:59,scan_executed_new_execution_bar,USDJPY,2025.08.04 16:30:00,0,
2025.08.04 16:54:59,scan_skipped_same_execution_bar,USDJPY,2025.08.04 16:30:00,0,
2025.08.04 17:04:59,scan_executed_new_execution_bar,USDJPY,2025.08.04 16:45:00,16,
2025.08.04 17:09:59,scan_skipped_same_execution_bar,USDJPY,2025.08.04 16:45:00,0,
2025.08.04 17:19:59,scan_executed_new_execution_bar,USDJPY,2025.08.04 17:00:00,15,
2025.08.04 17:24:59,scan_skipped_same_execution_bar,USDJPY,2025.08.04 17:00:00,0,
2025.08.04 17:34:59,scan_executed_new_execution_bar,USDJPY,2025.08.04 17:15:00,0,
2025.08.04 17:39:59,scan_skipped_same_execution_bar,USDJPY,2025.08.04 17:15:00,0,
2025.08.04 17:49:59,scan_executed_new_execution_bar,USDJPY,2025.08.04 17:30:00,79,
2025.08.04 17:54:59,scan_skipped_same_execution_bar,USDJPY,2025.08.04 17:30:00,0,
2025.08.04 18:04:59,scan_executed_new_execution_bar,USDJPY,2025.08.04 17:45:00,46,
2025.08.04 18:09:59,scan_skipped_same_execution_bar,USDJPY,2025.08.04 17:45:00,0,
2025.08.04 18:19:59,scan_executed_new_execution_bar,USDJPY,2025.08.04 18:00:00,47,
2025.08.04 18:24:59,scan_skipped_same_execution_bar,USDJPY,2025.08.04 18:00:00,0,
2025.08.04 18:34:59,scan_executed_new_execution_bar,USDJPY,2025.08.04 18:15:00,15,
2025.08.04 18:39:59,scan_skipped_same_execution_bar,USDJPY,2025.08.04 18:15:00,0,
2025.08.04 18:49:59,scan_executed_new_execution_bar,USDJPY,2025.08.04 18:30:00,31,
2025.08.04 18:54:59,scan_skipped_same_execution_bar,USDJPY,2025.08.04 18:30:00,0,
2025.08.04 19:04:59,scan_executed_new_execution_bar,USDJPY,2025.08.04 18:45:00,16,
2025.08.04 19:09:59,scan_skipped_same_execution_bar,USDJPY,2025.08.04 18:45:00,0,
2025.08.04 19:19:59,scan_executed_new_execution_bar,USDJPY,2025.08.04 19:00:00,15,
2025.08.04 19:24:59,scan_skipped_same_execution_bar,USDJPY,2025.08.04 19:00:00,0,
2025.08.04 19:34:59,scan_executed_new_execution_bar,USDJPY,2025.08.04 19:15:00,47,
2025.08.04 19:39:59,scan_skipped_same_execution_bar,USDJPY,2025.08.04 19:15:00,0,
2025.08.04 19:49:59,scan_executed_new_execution_bar,USDJPY,2025.08.04 19:30:00,0,
2025.08.04 19:54:58,scan_skipped_same_execution_bar,USDJPY,2025.08.04 19:30:00,0,
2025.08.04 20:04:59,scan_executed_new_execution_bar,USDJPY,2025.08.04 19:45:00,0,
2025.08.04 20:09:59,scan_skipped_same_execution_bar,USDJPY,2025.08.04 19:45:00,0,
2025.08.04 20:19:59,scan_executed_new_execution_bar,USDJPY,2025.08.04 20:00:00,15,
2025.08.04 20:24:59,scan_skipped_same_execution_bar,USDJPY,2025.08.04 20:00:00,0,
2025.08.04 20:34:59,scan_executed_new_execution_bar,USDJPY,2025.08.04 20:15:00,0,
2025.08.04 20:39:59,scan_skipped_same_execution_bar,USDJPY,2025.08.04 20:15:00,0,
2025.08.04 20:49:59,scan_executed_new_execution_bar,USDJPY,2025.08.04 20:30:00,16,
2025.08.04 20:54:59,scan_skipped_same_execution_bar,USDJPY,2025.08.04 20:30:00,0,
2025.08.04 21:04:59,scan_executed_new_execution_bar,USDJPY,2025.08.04 20:45:00,15,
2025.08.04 21:09:59,scan_skipped_same_execution_bar,USDJPY,2025.08.04 20:45:00,0,
2025.08.04 21:19:59,scan_executed_new_execution_bar,USDJPY,2025.08.04 21:00:00,15,
2025.08.04 21:24:59,scan_skipped_same_execution_bar,USDJPY,2025.08.04 21:00:00,0,
2025.08.04 21:34:59,scan_executed_new_execution_bar,USDJPY,2025.08.04 21:15:00,0,
2025.08.04 21:39:57,scan_skipped_same_execution_bar,USDJPY,2025.08.04 21:15:00,0,
2025.08.04 21:49:59,scan_executed_new_execution_bar,USDJPY,2025.08.04 21:30:00,0,
2025.08.04 21:54:59,scan_skipped_same_execution_bar,USDJPY,2025.08.04 21:30:00,0,
2025.08.04 22:04:59,scan_executed_new_execution_bar,USDJPY,2025.08.04 21:45:00,0,
2025.08.04 22:09:59,scan_skipped_same_execution_bar,USDJPY,2025.08.04 21:45:00,0,
2025.08.04 22:19:59,scan_executed_new_execution_bar,USDJPY,2025.08.04 22:00:00,0,
2025.08.04 22:24:59,scan_skipped_same_execution_bar,USDJPY,2025.08.04 22:00:00,0,
2025.08.04 22:34:59,scan_executed_new_execution_bar,USDJPY,2025.08.04 22:15:00,0,
2025.08.04 22:39:59,scan_skipped_same_execution_bar,USDJPY,2025.08.04 22:15:00,0,
2025.08.04 22:49:59,scan_executed_new_execution_bar,USDJPY,2025.08.04 22:30:00,0,
2025.08.04 22:54:59,scan_skipped_same_execution_bar,USDJPY,2025.08.04 22:30:00,0,
2025.08.04 23:04:59,scan_executed_new_execution_bar,USDJPY,2025.08.04 22:45:00,0,
2025.08.04 23:09:59,scan_skipped_same_execution_bar,USDJPY,2025.08.04 22:45:00,0,
2025.08.04 23:19:59,scan_executed_new_execution_bar,USDJPY,2025.08.04 23:00:00,0,
2025.08.04 23:24:59,scan_skipped_same_execution_bar,USDJPY,2025.08.04 23:00:00,0,
2025.08.04 23:34:58,scan_executed_new_execution_bar,USDJPY,2025.08.04 23:15:00,0,
2025.08.04 23:39:59,scan_skipped_same_execution_bar,USDJPY,2025.08.04 23:15:00,0,
2025.08.04 23:49:59,scan_executed_new_execution_bar,USDJPY,2025.08.04 23:30:00,0,
2025.08.04 23:54:59,scan_skipped_same_execution_bar,USDJPY,2025.08.04 23:30:00,0,
2025.08.05 00:04:43,scan_executed_new_execution_bar,USDJPY,2025.08.04 23:45:00,0,
2025.08.05 00:09:59,scan_skipped_same_execution_bar,USDJPY,2025.08.04 23:45:00,0,
2025.08.05 00:19:55,scan_executed_new_execution_bar,USDJPY,2025.08.05 00:00:00,0,
2025.08.05 00:24:58,scan_skipped_same_execution_bar,USDJPY,2025.08.05 00:00:00,0,
2025.08.05 00:34:59,scan_executed_new_execution_bar,USDJPY,2025.08.05 00:15:00,0,
2025.08.05 00:39:59,scan_skipped_same_execution_bar,USDJPY,2025.08.05 00:15:00,0,
2025.08.05 00:49:59,scan_executed_new_execution_bar,USDJPY,2025.08.05 00:30:00,0,
2025.08.05 00:54:58,scan_skipped_same_execution_bar,USDJPY,2025.08.05 00:30:00,0,
2025.08.05 01:04:59,scan_executed_new_execution_bar,USDJPY,2025.08.05 00:45:00,0,
2025.08.05 01:09:59,scan_skipped_same_execution_bar,USDJPY,2025.08.05 00:45:00,0,
2025.08.05 01:19:56,scan_executed_new_execution_bar,USDJPY,2025.08.05 01:00:00,0,
2025.08.05 01:24:59,scan_skipped_same_execution_bar,USDJPY,2025.08.05 01:00:00,0,
2025.08.05 01:34:59,scan_executed_new_execution_bar,USDJPY,2025.08.05 01:15:00,0,
2025.08.05 01:39:59,scan_skipped_same_execution_bar,USDJPY,2025.08.05 01:15:00,0,
2025.08.05 01:49:58,scan_executed_new_execution_bar,USDJPY,2025.08.05 01:30:00,0,
2025.08.05 01:54:59,scan_skipped_same_execution_bar,USDJPY,2025.08.05 01:30:00,0,
2025.08.05 02:04:55,scan_executed_new_execution_bar,USDJPY,2025.08.05 01:45:00,0,
2025.08.05 02:09:58,scan_skipped_same_execution_bar,USDJPY,2025.08.05 01:45:00,0,
2025.08.05 02:19:59,scan_executed_new_execution_bar,USDJPY,2025.08.05 02:00:00,0,
2025.08.05 02:24:59,scan_skipped_same_execution_bar,USDJPY,2025.08.05 02:00:00,0,
2025.08.05 02:34:54,scan_executed_new_execution_bar,USDJPY,2025.08.05 02:15:00,16,
2025.08.05 02:39:58,scan_skipped_same_execution_bar,USDJPY,2025.08.05 02:15:00,0,
2025.08.05 02:49:57,scan_executed_new_execution_bar,USDJPY,2025.08.05 02:30:00,16,
2025.08.05 02:54:58,scan_skipped_same_execution_bar,USDJPY,2025.08.05 02:30:00,0,
2025.08.05 03:04:59,scan_executed_new_execution_bar,USDJPY,2025.08.05 02:45:00,15,
2025.08.05 03:09:59,scan_skipped_same_execution_bar,USDJPY,2025.08.05 02:45:00,0,
2025.08.05 03:19:58,scan_executed_new_execution_bar,USDJPY,2025.08.05 03:00:00,0,
2025.08.05 03:24:59,scan_skipped_same_execution_bar,USDJPY,2025.08.05 03:00:00,0,
2025.08.05 03:34:59,scan_executed_new_execution_bar,USDJPY,2025.08.05 03:15:00,0,
2025.08.05 03:39:56,scan_skipped_same_execution_bar,USDJPY,2025.08.05 03:15:00,0,
2025.08.05 03:49:59,scan_executed_new_execution_bar,USDJPY,2025.08.05 03:30:00,16,
2025.08.05 03:54:59,scan_skipped_same_execution_bar,USDJPY,2025.08.05 03:30:00,0,
2025.08.05 04:04:59,scan_executed_new_execution_bar,USDJPY,2025.08.05 03:45:00,0,
2025.08.05 04:09:58,scan_skipped_same_execution_bar,USDJPY,2025.08.05 03:45:00,0,
2025.08.05 04:19:58,scan_executed_new_execution_bar,USDJPY,2025.08.05 04:00:00,0,
2025.08.05 04:24:59,scan_skipped_same_execution_bar,USDJPY,2025.08.05 04:00:00,0,
2025.08.05 04:34:59,scan_executed_new_execution_bar,USDJPY,2025.08.05 04:15:00,0,
2025.08.05 04:39:55,scan_skipped_same_execution_bar,USDJPY,2025.08.05 04:15:00,0,
2025.08.05 04:49:59,scan_executed_new_execution_bar,USDJPY,2025.08.05 04:30:00,0,
2025.08.05 04:54:59,scan_skipped_same_execution_bar,USDJPY,2025.08.05 04:30:00,0,
2025.08.05 05:04:59,scan_executed_new_execution_bar,USDJPY,2025.08.05 04:45:00,0,
2025.08.05 05:09:59,scan_skipped_same_execution_bar,USDJPY,2025.08.05 04:45:00,0,
2025.08.05 05:19:59,scan_executed_new_execution_bar,USDJPY,2025.08.05 05:00:00,0,
2025.08.05 05:24:58,scan_skipped_same_execution_bar,USDJPY,2025.08.05 05:00:00,0,
2025.08.05 05:34:59,scan_executed_new_execution_bar,USDJPY,2025.08.05 05:15:00,0,
2025.08.05 05:39:59,scan_skipped_same_execution_bar,USDJPY,2025.08.05 05:15:00,0,
2025.08.05 05:49:59,scan_executed_new_execution_bar,USDJPY,2025.08.05 05:30:00,31,
2025.08.05 05:54:59,scan_skipped_same_execution_bar,USDJPY,2025.08.05 05:30:00,0,
2025.08.05 06:04:59,scan_executed_new_execution_bar,USDJPY,2025.08.05 05:45:00,32,
2025.08.05 06:09:59,scan_skipped_same_execution_bar,USDJPY,2025.08.05 05:45:00,0,
2025.08.05 06:19:57,scan_executed_new_execution_bar,USDJPY,2025.08.05 06:00:00,0,
2025.08.05 06:24:59,scan_skipped_same_execution_bar,USDJPY,2025.08.05 06:00:00,0,
2025.08.05 06:34:58,scan_executed_new_execution_bar,USDJPY,2025.08.05 06:15:00,0,
2025.08.05 06:39:59,scan_skipped_same_execution_bar,USDJPY,2025.08.05 06:15:00,0,
2025.08.05 06:49:59,scan_executed_new_execution_bar,USDJPY,2025.08.05 06:30:00,62,
2025.08.05 06:55:00,scan_skipped_same_execution_bar,USDJPY,2025.08.05 06:30:00,0,
2025.08.05 07:04:58,scan_executed_new_execution_bar,USDJPY,2025.08.05 06:45:00,16,
2025.08.05 07:09:59,scan_skipped_same_execution_bar,USDJPY,2025.08.05 06:45:00,0,
2025.08.05 07:19:59,scan_executed_new_execution_bar,USDJPY,2025.08.05 07:00:00,47,
2025.08.05 07:24:59,scan_skipped_same_execution_bar,USDJPY,2025.08.05 07:00:00,0,
2025.08.05 07:34:59,scan_executed_new_execution_bar,USDJPY,2025.08.05 07:15:00,0,
2025.08.05 07:39:59,scan_skipped_same_execution_bar,USDJPY,2025.08.05 07:15:00,0,
2025.08.05 07:49:59,scan_executed_new_execution_bar,USDJPY,2025.08.05 07:30:00,32,
2025.08.05 07:54:59,scan_skipped_same_execution_bar,USDJPY,2025.08.05 07:30:00,0,
2025.08.05 08:04:59,scan_executed_new_execution_bar,USDJPY,2025.08.05 07:45:00,0,
2025.08.05 08:09:59,scan_skipped_same_execution_bar,USDJPY,2025.08.05 07:45:00,0,
2025.08.05 08:19:59,scan_executed_new_execution_bar,USDJPY,2025.08.05 08:00:00,0,
2025.08.05 08:24:57,scan_skipped_same_execution_bar,USDJPY,2025.08.05 08:00:00,0,
2025.08.05 08:34:59,scan_executed_new_execution_bar,USDJPY,2025.08.05 08:15:00,0,
2025.08.05 08:39:59,scan_skipped_same_execution_bar,USDJPY,2025.08.05 08:15:00,0,
2025.08.05 08:49:59,scan_executed_new_execution_bar,USDJPY,2025.08.05 08:30:00,0,
2025.08.05 08:54:59,scan_skipped_same_execution_bar,USDJPY,2025.08.05 08:30:00,0,
2025.08.05 09:04:59,scan_executed_new_execution_bar,USDJPY,2025.08.05 08:45:00,0,
2025.08.05 09:09:59,scan_skipped_same_execution_bar,USDJPY,2025.08.05 08:45:00,0,
2025.08.05 09:19:59,scan_executed_new_execution_bar,USDJPY,2025.08.05 09:00:00,16,
2025.08.05 09:24:59,scan_skipped_same_execution_bar,USDJPY,2025.08.05 09:00:00,0,
2025.08.05 09:34:59,scan_executed_new_execution_bar,USDJPY,2025.08.05 09:15:00,16,
2025.08.05 09:39:59,scan_skipped_same_execution_bar,USDJPY,2025.08.05 09:15:00,0,
2025.08.05 09:49:59,scan_executed_new_execution_bar,USDJPY,2025.08.05 09:30:00,0,
2025.08.05 09:54:58,scan_skipped_same_execution_bar,USDJPY,2025.08.05 09:30:00,0,
2025.08.05 10:04:59,scan_executed_new_execution_bar,USDJPY,2025.08.05 09:45:00,16,
2025.08.05 10:09:59,scan_skipped_same_execution_bar,USDJPY,2025.08.05 09:45:00,0,
2025.08.05 10:19:59,scan_executed_new_execution_bar,USDJPY,2025.08.05 10:00:00,15,
2025.08.05 10:24:59,scan_skipped_same_execution_bar,USDJPY,2025.08.05 10:00:00,0,
2025.08.05 10:34:59,scan_executed_new_execution_bar,USDJPY,2025.08.05 10:15:00,0,
2025.08.05 10:39:59,scan_skipped_same_execution_bar,USDJPY,2025.08.05 10:15:00,0,
2025.08.05 10:49:59,scan_executed_new_execution_bar,USDJPY,2025.08.05 10:30:00,0,
2025.08.05 10:54:59,scan_skipped_same_execution_bar,USDJPY,2025.08.05 10:30:00,0,
2025.08.05 11:04:59,scan_executed_new_execution_bar,USDJPY,2025.08.05 10:45:00,0,
2025.08.05 11:09:59,scan_skipped_same_execution_bar,USDJPY,2025.08.05 10:45:00,0,
2025.08.05 11:19:59,scan_executed_new_execution_bar,USDJPY,2025.08.05 11:00:00,0,
2025.08.05 11:24:59,scan_skipped_same_execution_bar,USDJPY,2025.08.05 11:00:00,0,
2025.08.05 11:34:59,scan_executed_new_execution_bar,USDJPY,2025.08.05 11:15:00,15,
2025.08.05 11:39:59,scan_skipped_same_execution_bar,USDJPY,2025.08.05 11:15:00,0,
2025.08.05 11:49:59,scan_executed_new_execution_bar,USDJPY,2025.08.05 11:30:00,0,
2025.08.05 11:54:59,scan_skipped_same_execution_bar,USDJPY,2025.08.05 11:30:00,0,
2025.08.05 12:04:59,scan_executed_new_execution_bar,USDJPY,2025.08.05 11:45:00,16,
2025.08.05 12:09:59,scan_skipped_same_execution_bar,USDJPY,2025.08.05 11:45:00,0,
2025.08.05 12:19:59,scan_executed_new_execution_bar,USDJPY,2025.08.05 12:00:00,31,
2025.08.05 12:24:59,scan_skipped_same_execution_bar,USDJPY,2025.08.05 12:00:00,0,
2025.08.05 12:34:59,scan_executed_new_execution_bar,USDJPY,2025.08.05 12:15:00,47,
2025.08.05 12:39:59,scan_skipped_same_execution_bar,USDJPY,2025.08.05 12:15:00,0,
2025.08.05 12:49:59,scan_executed_new_execution_bar,USDJPY,2025.08.05 12:30:00,0,
2025.08.05 12:54:59,scan_skipped_same_execution_bar,USDJPY,2025.08.05 12:30:00,0,
2025.08.05 13:04:59,scan_executed_new_execution_bar,USDJPY,2025.08.05 12:45:00,0,
2025.08.05 13:09:59,scan_skipped_same_execution_bar,USDJPY,2025.08.05 12:45:00,0,
2025.08.05 13:19:59,scan_executed_new_execution_bar,USDJPY,2025.08.05 13:00:00,0,
2025.08.05 13:24:59,scan_skipped_same_execution_bar,USDJPY,2025.08.05 13:00:00,0,
2025.08.05 13:34:59,scan_executed_new_execution_bar,USDJPY,2025.08.05 13:15:00,31,
2025.08.05 13:39:59,scan_skipped_same_execution_bar,USDJPY,2025.08.05 13:15:00,0,
2025.08.05 13:49:59,scan_executed_new_execution_bar,USDJPY,2025.08.05 13:30:00,32,
2025.08.05 13:54:59,scan_skipped_same_execution_bar,USDJPY,2025.08.05 13:30:00,0,
2025.08.05 14:04:59,scan_executed_new_execution_bar,USDJPY,2025.08.05 13:45:00,31,
2025.08.05 14:09:59,scan_skipped_same_execution_bar,USDJPY,2025.08.05 13:45:00,0,
2025.08.05 14:19:59,scan_executed_new_execution_bar,USDJPY,2025.08.05 14:00:00,31,
2025.08.05 14:24:59,scan_skipped_same_execution_bar,USDJPY,2025.08.05 14:00:00,0,
2025.08.05 14:34:59,scan_executed_new_execution_bar,USDJPY,2025.08.05 14:15:00,31,
2025.08.05 14:39:59,scan_skipped_same_execution_bar,USDJPY,2025.08.05 14:15:00,0,
2025.08.05 14:49:59,scan_executed_new_execution_bar,USDJPY,2025.08.05 14:30:00,16,
2025.08.05 14:54:59,scan_skipped_same_execution_bar,USDJPY,2025.08.05 14:30:00,0,
2025.08.05 15:04:59,scan_executed_new_execution_bar,USDJPY,2025.08.05 14:45:00,15,
2025.08.05 15:09:59,scan_skipped_same_execution_bar,USDJPY,2025.08.05 14:45:00,0,
2025.08.05 15:19:59,scan_executed_new_execution_bar,USDJPY,2025.08.05 15:00:00,0,
2025.08.05 15:24:59,scan_skipped_same_execution_bar,USDJPY,2025.08.05 15:00:00,0,
2025.08.05 15:34:59,scan_executed_new_execution_bar,USDJPY,2025.08.05 15:15:00,0,
2025.08.05 15:39:59,scan_skipped_same_execution_bar,USDJPY,2025.08.05 15:15:00,0,
2025.08.05 15:49:59,scan_executed_new_execution_bar,USDJPY,2025.08.05 15:30:00,0,
2025.08.05 15:54:59,scan_skipped_same_execution_bar,USDJPY,2025.08.05 15:30:00,0,
2025.08.05 16:04:59,scan_executed_new_execution_bar,USDJPY,2025.08.05 15:45:00,31,
2025.08.05 16:09:59,scan_skipped_same_execution_bar,USDJPY,2025.08.05 15:45:00,0,
2025.08.05 16:19:59,scan_executed_new_execution_bar,USDJPY,2025.08.05 16:00:00,15,
2025.08.05 16:24:59,scan_skipped_same_execution_bar,USDJPY,2025.08.05 16:00:00,0,
2025.08.05 16:34:59,scan_executed_new_execution_bar,USDJPY,2025.08.05 16:15:00,0,
2025.08.05 16:39:59,scan_skipped_same_execution_bar,USDJPY,2025.08.05 16:15:00,0,
2025.08.05 16:49:59,scan_executed_new_execution_bar,USDJPY,2025.08.05 16:30:00,46,
2025.08.05 16:54:59,scan_skipped_same_execution_bar,USDJPY,2025.08.05 16:30:00,0,
2025.08.05 17:04:59,scan_executed_new_execution_bar,USDJPY,2025.08.05 16:45:00,32,
2025.08.05 17:09:59,scan_skipped_same_execution_bar,USDJPY,2025.08.05 16:45:00,0,
2025.08.05 17:19:59,scan_executed_new_execution_bar,USDJPY,2025.08.05 17:00:00,16,
2025.08.05 17:24:59,scan_skipped_same_execution_bar,USDJPY,2025.08.05 17:00:00,0,
2025.08.05 17:34:59,scan_executed_new_execution_bar,USDJPY,2025.08.05 17:15:00,15,
2025.08.05 17:39:59,scan_skipped_same_execution_bar,USDJPY,2025.08.05 17:15:00,0,
2025.08.05 17:49:59,scan_executed_new_execution_bar,USDJPY,2025.08.05 17:30:00,15,
2025.08.05 17:54:59,scan_skipped_same_execution_bar,USDJPY,2025.08.05 17:30:00,0,
2025.08.05 18:04:59,scan_executed_new_execution_bar,USDJPY,2025.08.05 17:45:00,0,
2025.08.05 18:09:59,scan_skipped_same_execution_bar,USDJPY,2025.08.05 17:45:00,0,
2025.08.05 18:19:59,scan_executed_new_execution_bar,USDJPY,2025.08.05 18:00:00,0,
2025.08.05 18:24:59,scan_skipped_same_execution_bar,USDJPY,2025.08.05 18:00:00,0,
2025.08.05 18:34:59,scan_executed_new_execution_bar,USDJPY,2025.08.05 18:15:00,0,
2025.08.05 18:39:59,scan_skipped_same_execution_bar,USDJPY,2025.08.05 18:15:00,0,
2025.08.05 18:49:59,scan_executed_new_execution_bar,USDJPY,2025.08.05 18:30:00,0,
2025.08.05 18:54:58,scan_skipped_same_execution_bar,USDJPY,2025.08.05 18:30:00,0,
2025.08.05 19:00:00,scan_executed_new_execution_bar,USDJPY,2025.08.05 18:45:00,0,
2025.08.05 19:04:59,scan_skipped_same_execution_bar,USDJPY,2025.08.05 18:45:00,0,
2025.08.05 19:19:59,scan_executed_new_execution_bar,USDJPY,2025.08.05 19:00:00,15,
2025.08.05 19:24:59,scan_skipped_same_execution_bar,USDJPY,2025.08.05 19:00:00,0,
2025.08.05 19:34:59,scan_executed_new_execution_bar,USDJPY,2025.08.05 19:15:00,0,
2025.08.05 19:39:59,scan_skipped_same_execution_bar,USDJPY,2025.08.05 19:15:00,0,
2025.08.05 19:49:59,scan_executed_new_execution_bar,USDJPY,2025.08.05 19:30:00,15,
2025.08.05 19:55:00,scan_skipped_same_execution_bar,USDJPY,2025.08.05 19:30:00,0,
2025.08.05 20:04:59,scan_executed_new_execution_bar,USDJPY,2025.08.05 19:45:00,0,
2025.08.05 20:09:59,scan_skipped_same_execution_bar,USDJPY,2025.08.05 19:45:00,0,
2025.08.05 20:19:59,scan_executed_new_execution_bar,USDJPY,2025.08.05 20:00:00,0,
2025.08.05 20:24:59,scan_skipped_same_execution_bar,USDJPY,2025.08.05 20:00:00,0,
2025.08.05 20:34:59,scan_executed_new_execution_bar,USDJPY,2025.08.05 20:15:00,0,
2025.08.05 20:39:59,scan_skipped_same_execution_bar,USDJPY,2025.08.05 20:15:00,0,
2025.08.05 20:49:59,scan_executed_new_execution_bar,USDJPY,2025.08.05 20:30:00,0,
2025.08.05 20:54:59,scan_skipped_same_execution_bar,USDJPY,2025.08.05 20:30:00,0,
2025.08.05 21:04:59,scan_executed_new_execution_bar,USDJPY,2025.08.05 20:45:00,15,
2025.08.05 21:09:59,scan_skipped_same_execution_bar,USDJPY,2025.08.05 20:45:00,0,
2025.08.05 21:19:59,scan_executed_new_execution_bar,USDJPY,2025.08.05 21:00:00,16,
2025.08.05 21:24:59,scan_skipped_same_execution_bar,USDJPY,2025.08.05 21:00:00,0,
2025.08.05 21:34:59,scan_executed_new_execution_bar,USDJPY,2025.08.05 21:15:00,0,
2025.08.05 21:39:59,scan_skipped_same_execution_bar,USDJPY,2025.08.05 21:15:00,0,
2025.08.05 21:49:59,scan_executed_new_execution_bar,USDJPY,2025.08.05 21:30:00,16,
2025.08.05 21:54:58,scan_skipped_same_execution_bar,USDJPY,2025.08.05 21:30:00,0,
2025.08.05 22:04:59,scan_executed_new_execution_bar,USDJPY,2025.08.05 21:45:00,15,
2025.08.05 22:09:59,scan_skipped_same_execution_bar,USDJPY,2025.08.05 21:45:00,0,
2025.08.05 22:19:58,scan_executed_new_execution_bar,USDJPY,2025.08.05 22:00:00,0,
2025.08.05 22:24:59,scan_skipped_same_execution_bar,USDJPY,2025.08.05 22:00:00,0,
2025.08.05 22:34:59,scan_executed_new_execution_bar,USDJPY,2025.08.05 22:15:00,0,
2025.08.05 22:39:56,scan_skipped_same_execution_bar,USDJPY,2025.08.05 22:15:00,0,
2025.08.05 22:49:59,scan_executed_new_execution_bar,USDJPY,2025.08.05 22:30:00,0,
2025.08.05 22:54:59,scan_skipped_same_execution_bar,USDJPY,2025.08.05 22:30:00,0,
2025.08.05 23:04:59,scan_executed_new_execution_bar,USDJPY,2025.08.05 22:45:00,0,
2025.08.05 23:09:59,scan_skipped_same_execution_bar,USDJPY,2025.08.05 22:45:00,0,
2025.08.05 23:19:59,scan_executed_new_execution_bar,USDJPY,2025.08.05 23:00:00,0,
2025.08.05 23:24:59,scan_skipped_same_execution_bar,USDJPY,2025.08.05 23:00:00,0,
2025.08.05 23:34:59,scan_executed_new_execution_bar,USDJPY,2025.08.05 23:15:00,0,
2025.08.05 23:39:59,scan_skipped_same_execution_bar,USDJPY,2025.08.05 23:15:00,0,
2025.08.05 23:49:59,scan_executed_new_execution_bar,USDJPY,2025.08.05 23:30:00,0,
2025.08.05 23:54:59,scan_skipped_same_execution_bar,USDJPY,2025.08.05 23:30:00,0,
2025.08.06 00:04:57,scan_executed_new_execution_bar,USDJPY,2025.08.05 23:45:00,0,
2025.08.06 00:09:47,scan_skipped_same_execution_bar,USDJPY,2025.08.05 23:45:00,0,
2025.08.06 00:19:59,scan_executed_new_execution_bar,USDJPY,2025.08.06 00:00:00,0,
2025.08.06 00:24:59,scan_skipped_same_execution_bar,USDJPY,2025.08.06 00:00:00,0,
2025.08.06 00:34:58,scan_executed_new_execution_bar,USDJPY,2025.08.06 00:15:00,0,
2025.08.06 00:39:59,scan_skipped_same_execution_bar,USDJPY,2025.08.06 00:15:00,0,
2025.08.06 00:49:59,scan_executed_new_execution_bar,USDJPY,2025.08.06 00:30:00,0,
2025.08.06 00:54:59,scan_skipped_same_execution_bar,USDJPY,2025.08.06 00:30:00,0,
2025.08.06 01:04:58,scan_executed_new_execution_bar,USDJPY,2025.08.06 00:45:00,0,
2025.08.06 01:09:59,scan_skipped_same_execution_bar,USDJPY,2025.08.06 00:45:00,0,
2025.08.06 01:19:59,scan_executed_new_execution_bar,USDJPY,2025.08.06 01:00:00,0,
2025.08.06 01:24:57,scan_skipped_same_execution_bar,USDJPY,2025.08.06 01:00:00,0,
2025.08.06 01:34:59,scan_executed_new_execution_bar,USDJPY,2025.08.06 01:15:00,0,
2025.08.06 01:39:58,scan_skipped_same_execution_bar,USDJPY,2025.08.06 01:15:00,0,
2025.08.06 01:49:58,scan_executed_new_execution_bar,USDJPY,2025.08.06 01:30:00,0,
2025.08.06 01:54:59,scan_skipped_same_execution_bar,USDJPY,2025.08.06 01:30:00,0,
2025.08.06 02:04:59,scan_executed_new_execution_bar,USDJPY,2025.08.06 01:45:00,0,
2025.08.06 02:09:59,scan_skipped_same_execution_bar,USDJPY,2025.08.06 01:45:00,0,
2025.08.06 02:19:59,scan_executed_new_execution_bar,USDJPY,2025.08.06 02:00:00,0,
2025.08.06 02:24:59,scan_skipped_same_execution_bar,USDJPY,2025.08.06 02:00:00,0,
2025.08.06 02:34:58,scan_executed_new_execution_bar,USDJPY,2025.08.06 02:15:00,0,
2025.08.06 02:39:59,scan_skipped_same_execution_bar,USDJPY,2025.08.06 02:15:00,0,
2025.08.06 02:49:58,scan_executed_new_execution_bar,USDJPY,2025.08.06 02:30:00,0,
2025.08.06 02:54:59,scan_skipped_same_execution_bar,USDJPY,2025.08.06 02:30:00,0,
2025.08.06 03:04:59,scan_executed_new_execution_bar,USDJPY,2025.08.06 02:45:00,0,
2025.08.06 03:09:59,scan_skipped_same_execution_bar,USDJPY,2025.08.06 02:45:00,0,
2025.08.06 03:20:00,scan_executed_new_execution_bar,USDJPY,2025.08.06 03:00:00,0,
2025.08.06 03:25:00,scan_skipped_same_execution_bar,USDJPY,2025.08.06 03:00:00,0,
2025.08.06 03:34:59,scan_executed_new_execution_bar,USDJPY,2025.08.06 03:15:00,0,
2025.08.06 03:39:59,scan_skipped_same_execution_bar,USDJPY,2025.08.06 03:15:00,0,
2025.08.06 03:49:59,scan_executed_new_execution_bar,USDJPY,2025.08.06 03:30:00,16,
2025.08.06 03:54:59,scan_skipped_same_execution_bar,USDJPY,2025.08.06 03:30:00,0,
2025.08.06 04:04:59,scan_executed_new_execution_bar,USDJPY,2025.08.06 03:45:00,0,
2025.08.06 04:09:59,scan_skipped_same_execution_bar,USDJPY,2025.08.06 03:45:00,0,
2025.08.06 04:19:59,scan_executed_new_execution_bar,USDJPY,2025.08.06 04:00:00,0,
2025.08.06 04:24:59,scan_skipped_same_execution_bar,USDJPY,2025.08.06 04:00:00,0,
2025.08.06 04:34:59,scan_executed_new_execution_bar,USDJPY,2025.08.06 04:15:00,0,
2025.08.06 04:39:59,scan_skipped_same_execution_bar,USDJPY,2025.08.06 04:15:00,0,
2025.08.06 04:49:59,scan_executed_new_execution_bar,USDJPY,2025.08.06 04:30:00,0,
2025.08.06 04:54:59,scan_skipped_same_execution_bar,USDJPY,2025.08.06 04:30:00,0,
2025.08.06 05:04:59,scan_executed_new_execution_bar,USDJPY,2025.08.06 04:45:00,0,
2025.08.06 05:09:59,scan_skipped_same_execution_bar,USDJPY,2025.08.06 04:45:00,0,
2025.08.06 05:19:58,scan_executed_new_execution_bar,USDJPY,2025.08.06 05:00:00,0,
2025.08.06 05:24:57,scan_skipped_same_execution_bar,USDJPY,2025.08.06 05:00:00,0,
2025.08.06 05:34:59,scan_executed_new_execution_bar,USDJPY,2025.08.06 05:15:00,0,
2025.08.06 05:39:59,scan_skipped_same_execution_bar,USDJPY,2025.08.06 05:15:00,0,
2025.08.06 05:49:59,scan_executed_new_execution_bar,USDJPY,2025.08.06 05:30:00,0,
2025.08.06 05:54:59,scan_skipped_same_execution_bar,USDJPY,2025.08.06 05:30:00,0,
2025.08.06 06:04:59,scan_executed_new_execution_bar,USDJPY,2025.08.06 05:45:00,31,
2025.08.06 06:09:59,scan_skipped_same_execution_bar,USDJPY,2025.08.06 05:45:00,0,
2025.08.06 06:19:59,scan_executed_new_execution_bar,USDJPY,2025.08.06 06:00:00,0,
2025.08.06 06:24:59,scan_skipped_same_execution_bar,USDJPY,2025.08.06 06:00:00,0,
2025.08.06 06:34:59,scan_executed_new_execution_bar,USDJPY,2025.08.06 06:15:00,0,
2025.08.06 06:39:57,scan_skipped_same_execution_bar,USDJPY,2025.08.06 06:15:00,0,
2025.08.06 06:49:59,scan_executed_new_execution_bar,USDJPY,2025.08.06 06:30:00,0,
2025.08.06 06:54:59,scan_skipped_same_execution_bar,USDJPY,2025.08.06 06:30:00,0,
2025.08.06 07:04:59,scan_executed_new_execution_bar,USDJPY,2025.08.06 06:45:00,0,
2025.08.06 07:09:59,scan_skipped_same_execution_bar,USDJPY,2025.08.06 06:45:00,0,
2025.08.06 07:19:59,scan_executed_new_execution_bar,USDJPY,2025.08.06 07:00:00,0,
2025.08.06 07:24:59,scan_skipped_same_execution_bar,USDJPY,2025.08.06 07:00:00,0,
2025.08.06 07:34:59,scan_executed_new_execution_bar,USDJPY,2025.08.06 07:15:00,0,
2025.08.06 07:39:59,scan_skipped_same_execution_bar,USDJPY,2025.08.06 07:15:00,0,
2025.08.06 07:49:59,scan_executed_new_execution_bar,USDJPY,2025.08.06 07:30:00,16,
2025.08.06 07:54:59,scan_skipped_same_execution_bar,USDJPY,2025.08.06 07:30:00,0,
2025.08.06 08:04:59,scan_executed_new_execution_bar,USDJPY,2025.08.06 07:45:00,15,
2025.08.06 08:09:59,scan_skipped_same_execution_bar,USDJPY,2025.08.06 07:45:00,0,
2025.08.06 08:19:59,scan_executed_new_execution_bar,USDJPY,2025.08.06 08:00:00,0,
2025.08.06 08:24:59,scan_skipped_same_execution_bar,USDJPY,2025.08.06 08:00:00,0,
2025.08.06 08:34:58,scan_executed_new_execution_bar,USDJPY,2025.08.06 08:15:00,0,
2025.08.06 08:40:00,scan_skipped_same_execution_bar,USDJPY,2025.08.06 08:15:00,0,
2025.08.06 08:49:59,scan_executed_new_execution_bar,USDJPY,2025.08.06 08:30:00,16,
2025.08.06 08:55:00,scan_skipped_same_execution_bar,USDJPY,2025.08.06 08:30:00,0,
2025.08.06 09:04:59,scan_executed_new_execution_bar,USDJPY,2025.08.06 08:45:00,0,
2025.08.06 09:09:58,scan_skipped_same_execution_bar,USDJPY,2025.08.06 08:45:00,0,
2025.08.06 09:19:59,scan_executed_new_execution_bar,USDJPY,2025.08.06 09:00:00,0,
2025.08.06 09:24:59,scan_skipped_same_execution_bar,USDJPY,2025.08.06 09:00:00,0,
2025.08.06 09:34:59,scan_executed_new_execution_bar,USDJPY,2025.08.06 09:15:00,16,
2025.08.06 09:40:00,scan_skipped_same_execution_bar,USDJPY,2025.08.06 09:15:00,0,
2025.08.06 09:49:59,scan_executed_new_execution_bar,USDJPY,2025.08.06 09:30:00,0,
2025.08.06 09:54:59,scan_skipped_same_execution_bar,USDJPY,2025.08.06 09:30:00,0,
2025.08.06 10:04:59,scan_executed_new_execution_bar,USDJPY,2025.08.06 09:45:00,0,
2025.08.06 10:09:59,scan_skipped_same_execution_bar,USDJPY,2025.08.06 09:45:00,0,
2025.08.06 10:19:59,scan_executed_new_execution_bar,USDJPY,2025.08.06 10:00:00,0,
2025.08.06 10:24:59,scan_skipped_same_execution_bar,USDJPY,2025.08.06 10:00:00,0,
2025.08.06 10:34:59,scan_executed_new_execution_bar,USDJPY,2025.08.06 10:15:00,0,
2025.08.06 10:40:00,scan_skipped_same_execution_bar,USDJPY,2025.08.06 10:15:00,0,
2025.08.06 10:49:59,scan_executed_new_execution_bar,USDJPY,2025.08.06 10:30:00,0,
2025.08.06 10:54:59,scan_skipped_same_execution_bar,USDJPY,2025.08.06 10:30:00,0,
2025.08.06 11:04:59,scan_executed_new_execution_bar,USDJPY,2025.08.06 10:45:00,0,
2025.08.06 11:09:59,scan_skipped_same_execution_bar,USDJPY,2025.08.06 10:45:00,0,
2025.08.06 11:19:59,scan_executed_new_execution_bar,USDJPY,2025.08.06 11:00:00,0,
2025.08.06 11:24:59,scan_skipped_same_execution_bar,USDJPY,2025.08.06 11:00:00,0,
2025.08.06 11:34:59,scan_executed_new_execution_bar,USDJPY,2025.08.06 11:15:00,0,
2025.08.06 11:39:59,scan_skipped_same_execution_bar,USDJPY,2025.08.06 11:15:00,0,
2025.08.06 11:49:59,scan_executed_new_execution_bar,USDJPY,2025.08.06 11:30:00,0,
2025.08.06 11:55:00,scan_skipped_same_execution_bar,USDJPY,2025.08.06 11:30:00,0,
2025.08.06 12:05:00,scan_executed_new_execution_bar,USDJPY,2025.08.06 11:45:00,0,
2025.08.06 12:10:00,scan_skipped_same_execution_bar,USDJPY,2025.08.06 11:45:00,0,
2025.08.06 12:19:59,scan_executed_new_execution_bar,USDJPY,2025.08.06 12:00:00,0,
2025.08.06 12:24:59,scan_skipped_same_execution_bar,USDJPY,2025.08.06 12:00:00,0,
2025.08.06 12:34:59,scan_executed_new_execution_bar,USDJPY,2025.08.06 12:15:00,0,
2025.08.06 12:39:59,scan_skipped_same_execution_bar,USDJPY,2025.08.06 12:15:00,0,
2025.08.06 12:49:59,scan_executed_new_execution_bar,USDJPY,2025.08.06 12:30:00,16,
2025.08.06 12:54:59,scan_skipped_same_execution_bar,USDJPY,2025.08.06 12:30:00,0,
2025.08.06 13:04:59,scan_executed_new_execution_bar,USDJPY,2025.08.06 12:45:00,0,
2025.08.06 13:09:59,scan_skipped_same_execution_bar,USDJPY,2025.08.06 12:45:00,0,
2025.08.06 13:19:59,scan_executed_new_execution_bar,USDJPY,2025.08.06 13:00:00,16,
2025.08.06 13:24:59,scan_skipped_same_execution_bar,USDJPY,2025.08.06 13:00:00,0,
2025.08.06 13:34:59,scan_executed_new_execution_bar,USDJPY,2025.08.06 13:15:00,15,
2025.08.06 13:39:59,scan_skipped_same_execution_bar,USDJPY,2025.08.06 13:15:00,0,
2025.08.06 13:49:59,scan_executed_new_execution_bar,USDJPY,2025.08.06 13:30:00,32,
2025.08.06 13:54:59,scan_skipped_same_execution_bar,USDJPY,2025.08.06 13:30:00,0,
2025.08.06 14:04:59,scan_executed_new_execution_bar,USDJPY,2025.08.06 13:45:00,15,
2025.08.06 14:09:59,scan_skipped_same_execution_bar,USDJPY,2025.08.06 13:45:00,0,
2025.08.06 14:19:59,scan_executed_new_execution_bar,USDJPY,2025.08.06 14:00:00,0,
2025.08.06 14:24:59,scan_skipped_same_execution_bar,USDJPY,2025.08.06 14:00:00,0,
2025.08.06 14:34:59,scan_executed_new_execution_bar,USDJPY,2025.08.06 14:15:00,0,
2025.08.06 14:39:59,scan_skipped_same_execution_bar,USDJPY,2025.08.06 14:15:00,0,
2025.08.06 14:49:59,scan_executed_new_execution_bar,USDJPY,2025.08.06 14:30:00,16,
2025.08.06 14:54:59,scan_skipped_same_execution_bar,USDJPY,2025.08.06 14:30:00,0,
2025.08.06 15:04:59,scan_executed_new_execution_bar,USDJPY,2025.08.06 14:45:00,16,
2025.08.06 15:09:59,scan_skipped_same_execution_bar,USDJPY,2025.08.06 14:45:00,0,
2025.08.06 15:19:59,scan_executed_new_execution_bar,USDJPY,2025.08.06 15:00:00,16,
2025.08.06 15:24:59,scan_skipped_same_execution_bar,USDJPY,2025.08.06 15:00:00,0,
2025.08.06 15:34:59,scan_executed_new_execution_bar,USDJPY,2025.08.06 15:15:00,0,
2025.08.06 15:39:59,scan_skipped_same_execution_bar,USDJPY,2025.08.06 15:15:00,0,
2025.08.06 15:49:59,scan_executed_new_execution_bar,USDJPY,2025.08.06 15:30:00,15,
2025.08.06 15:54:59,scan_skipped_same_execution_bar,USDJPY,2025.08.06 15:30:00,0,
2025.08.06 16:04:59,scan_executed_new_execution_bar,USDJPY,2025.08.06 15:45:00,0,
2025.08.06 16:09:59,scan_skipped_same_execution_bar,USDJPY,2025.08.06 15:45:00,0,
2025.08.06 16:19:59,scan_executed_new_execution_bar,USDJPY,2025.08.06 16:00:00,0,
2025.08.06 16:24:59,scan_skipped_same_execution_bar,USDJPY,2025.08.06 16:00:00,0,
2025.08.06 16:34:59,scan_executed_new_execution_bar,USDJPY,2025.08.06 16:15:00,47,
2025.08.06 16:39:59,scan_skipped_same_execution_bar,USDJPY,2025.08.06 16:15:00,0,
2025.08.06 16:49:59,scan_executed_new_execution_bar,USDJPY,2025.08.06 16:30:00,0,
2025.08.06 16:54:59,scan_skipped_same_execution_bar,USDJPY,2025.08.06 16:30:00,0,
2025.08.06 17:04:59,scan_executed_new_execution_bar,USDJPY,2025.08.06 16:45:00,0,
2025.08.06 17:09:59,scan_skipped_same_execution_bar,USDJPY,2025.08.06 16:45:00,0,
2025.08.06 17:19:59,scan_executed_new_execution_bar,USDJPY,2025.08.06 17:00:00,31,
2025.08.06 17:24:59,scan_skipped_same_execution_bar,USDJPY,2025.08.06 17:00:00,0,
2025.08.06 17:34:59,scan_executed_new_execution_bar,USDJPY,2025.08.06 17:15:00,0,
2025.08.06 17:39:59,scan_skipped_same_execution_bar,USDJPY,2025.08.06 17:15:00,0,
2025.08.06 17:49:59,scan_executed_new_execution_bar,USDJPY,2025.08.06 17:30:00,31,
2025.08.06 17:54:59,scan_skipped_same_execution_bar,USDJPY,2025.08.06 17:30:00,0,
2025.08.06 18:05:00,scan_executed_new_execution_bar,USDJPY,2025.08.06 17:45:00,0,
2025.08.06 18:09:59,scan_skipped_same_execution_bar,USDJPY,2025.08.06 17:45:00,0,
2025.08.06 18:19:59,scan_executed_new_execution_bar,USDJPY,2025.08.06 18:00:00,0,
2025.08.06 18:24:59,scan_skipped_same_execution_bar,USDJPY,2025.08.06 18:00:00,0,
2025.08.06 18:34:59,scan_executed_new_execution_bar,USDJPY,2025.08.06 18:15:00,0,
2025.08.06 18:39:59,scan_skipped_same_execution_bar,USDJPY,2025.08.06 18:15:00,0,
2025.08.06 18:49:59,scan_executed_new_execution_bar,USDJPY,2025.08.06 18:30:00,0,
2025.08.06 18:54:59,scan_skipped_same_execution_bar,USDJPY,2025.08.06 18:30:00,0,
2025.08.06 19:04:59,scan_executed_new_execution_bar,USDJPY,2025.08.06 18:45:00,0,
2025.08.06 19:09:59,scan_skipped_same_execution_bar,USDJPY,2025.08.06 18:45:00,0,
2025.08.06 19:19:59,scan_executed_new_execution_bar,USDJPY,2025.08.06 19:00:00,16,
2025.08.06 19:24:59,scan_skipped_same_execution_bar,USDJPY,2025.08.06 19:00:00,0,
2025.08.06 19:35:00,scan_executed_new_execution_bar,USDJPY,2025.08.06 19:15:00,15,
2025.08.06 19:39:59,scan_skipped_same_execution_bar,USDJPY,2025.08.06 19:15:00,0,
2025.08.06 19:49:59,scan_executed_new_execution_bar,USDJPY,2025.08.06 19:30:00,47,
2025.08.06 19:54:59,scan_skipped_same_execution_bar,USDJPY,2025.08.06 19:30:00,0,
2025.08.06 20:04:59,scan_executed_new_execution_bar,USDJPY,2025.08.06 19:45:00,0,
2025.08.06 20:09:59,scan_skipped_same_execution_bar,USDJPY,2025.08.06 19:45:00,0,
2025.08.06 20:19:59,scan_executed_new_execution_bar,USDJPY,2025.08.06 20:00:00,0,
2025.08.06 20:24:59,scan_skipped_same_execution_bar,USDJPY,2025.08.06 20:00:00,0,
2025.08.06 20:34:59,scan_executed_new_execution_bar,USDJPY,2025.08.06 20:15:00,0,
2025.08.06 20:39:59,scan_skipped_same_execution_bar,USDJPY,2025.08.06 20:15:00,0,
2025.08.06 20:49:59,scan_executed_new_execution_bar,USDJPY,2025.08.06 20:30:00,0,
2025.08.06 20:54:59,scan_skipped_same_execution_bar,USDJPY,2025.08.06 20:30:00,0,
2025.08.06 21:04:59,scan_executed_new_execution_bar,USDJPY,2025.08.06 20:45:00,16,
2025.08.06 21:09:59,scan_skipped_same_execution_bar,USDJPY,2025.08.06 20:45:00,0,
2025.08.06 21:19:59,scan_executed_new_execution_bar,USDJPY,2025.08.06 21:00:00,0,
2025.08.06 21:24:59,scan_skipped_same_execution_bar,USDJPY,2025.08.06 21:00:00,0,
2025.08.06 21:34:59,scan_executed_new_execution_bar,USDJPY,2025.08.06 21:15:00,0,
2025.08.06 21:39:59,scan_skipped_same_execution_bar,USDJPY,2025.08.06 21:15:00,0,
2025.08.06 21:49:59,scan_executed_new_execution_bar,USDJPY,2025.08.06 21:30:00,0,
2025.08.06 21:54:59,scan_skipped_same_execution_bar,USDJPY,2025.08.06 21:30:00,0,
2025.08.06 22:04:59,scan_executed_new_execution_bar,USDJPY,2025.08.06 21:45:00,31,
2025.08.06 22:09:59,scan_skipped_same_execution_bar,USDJPY,2025.08.06 21:45:00,0,
2025.08.06 22:19:59,scan_executed_new_execution_bar,USDJPY,2025.08.06 22:00:00,0,
2025.08.06 22:24:59,scan_skipped_same_execution_bar,USDJPY,2025.08.06 22:00:00,0,
2025.08.06 22:34:59,scan_executed_new_execution_bar,USDJPY,2025.08.06 22:15:00,0,
2025.08.06 22:39:59,scan_skipped_same_execution_bar,USDJPY,2025.08.06 22:15:00,0,
2025.08.06 22:49:59,scan_executed_new_execution_bar,USDJPY,2025.08.06 22:30:00,0,
2025.08.06 22:54:59,scan_skipped_same_execution_bar,USDJPY,2025.08.06 22:30:00,0,
2025.08.06 23:04:59,scan_executed_new_execution_bar,USDJPY,2025.08.06 22:45:00,0,
2025.08.06 23:09:59,scan_skipped_same_execution_bar,USDJPY,2025.08.06 22:45:00,0,
2025.08.06 23:19:59,scan_executed_new_execution_bar,USDJPY,2025.08.06 23:00:00,0,
2025.08.06 23:25:00,scan_skipped_same_execution_bar,USDJPY,2025.08.06 23:00:00,0,
2025.08.06 23:34:59,scan_executed_new_execution_bar,USDJPY,2025.08.06 23:15:00,0,
2025.08.06 23:39:59,scan_skipped_same_execution_bar,USDJPY,2025.08.06 23:15:00,0,
2025.08.06 23:49:59,scan_executed_new_execution_bar,USDJPY,2025.08.06 23:30:00,0,
2025.08.06 23:54:59,scan_skipped_same_execution_bar,USDJPY,2025.08.06 23:30:00,0,
2025.08.07 00:04:30,scan_executed_new_execution_bar,USDJPY,2025.08.06 23:45:00,0,
2025.08.07 00:09:59,scan_skipped_same_execution_bar,USDJPY,2025.08.06 23:45:00,0,
2025.08.07 00:19:58,scan_executed_new_execution_bar,USDJPY,2025.08.07 00:00:00,0,
2025.08.07 00:24:59,scan_skipped_same_execution_bar,USDJPY,2025.08.07 00:00:00,0,
2025.08.07 00:34:58,scan_executed_new_execution_bar,USDJPY,2025.08.07 00:15:00,0,
2025.08.07 00:39:57,scan_skipped_same_execution_bar,USDJPY,2025.08.07 00:15:00,0,
2025.08.07 00:49:59,scan_executed_new_execution_bar,USDJPY,2025.08.07 00:30:00,0,
2025.08.07 00:54:58,scan_skipped_same_execution_bar,USDJPY,2025.08.07 00:30:00,0,
2025.08.07 01:05:00,scan_executed_new_execution_bar,USDJPY,2025.08.07 00:45:00,0,
2025.08.07 01:09:59,scan_skipped_same_execution_bar,USDJPY,2025.08.07 00:45:00,0,
2025.08.07 01:19:59,scan_executed_new_execution_bar,USDJPY,2025.08.07 01:00:00,0,
2025.08.07 01:24:59,scan_skipped_same_execution_bar,USDJPY,2025.08.07 01:00:00,0,
2025.08.07 01:34:55,scan_executed_new_execution_bar,USDJPY,2025.08.07 01:15:00,0,
2025.08.07 01:39:55,scan_skipped_same_execution_bar,USDJPY,2025.08.07 01:15:00,0,
2025.08.07 01:49:58,scan_executed_new_execution_bar,USDJPY,2025.08.07 01:30:00,0,
2025.08.07 01:54:49,scan_skipped_same_execution_bar,USDJPY,2025.08.07 01:30:00,0,
2025.08.07 02:04:59,scan_executed_new_execution_bar,USDJPY,2025.08.07 01:45:00,0,
2025.08.07 02:09:59,scan_skipped_same_execution_bar,USDJPY,2025.08.07 01:45:00,0,
2025.08.07 02:19:59,scan_executed_new_execution_bar,USDJPY,2025.08.07 02:00:00,0,
2025.08.07 02:24:59,scan_skipped_same_execution_bar,USDJPY,2025.08.07 02:00:00,0,
2025.08.07 02:34:59,scan_executed_new_execution_bar,USDJPY,2025.08.07 02:15:00,0,
2025.08.07 02:39:59,scan_skipped_same_execution_bar,USDJPY,2025.08.07 02:15:00,0,
2025.08.07 02:49:59,scan_executed_new_execution_bar,USDJPY,2025.08.07 02:30:00,0,
2025.08.07 02:54:59,scan_skipped_same_execution_bar,USDJPY,2025.08.07 02:30:00,0,
2025.08.07 03:05:00,scan_executed_new_execution_bar,USDJPY,2025.08.07 02:45:00,0,
2025.08.07 03:09:59,scan_skipped_same_execution_bar,USDJPY,2025.08.07 02:45:00,0,
2025.08.07 03:19:59,scan_executed_new_execution_bar,USDJPY,2025.08.07 03:00:00,0,
2025.08.07 03:24:59,scan_skipped_same_execution_bar,USDJPY,2025.08.07 03:00:00,0,
2025.08.07 03:34:59,scan_executed_new_execution_bar,USDJPY,2025.08.07 03:15:00,0,
2025.08.07 03:39:59,scan_skipped_same_execution_bar,USDJPY,2025.08.07 03:15:00,0,
2025.08.07 03:49:59,scan_executed_new_execution_bar,USDJPY,2025.08.07 03:30:00,0,
2025.08.07 03:54:59,scan_skipped_same_execution_bar,USDJPY,2025.08.07 03:30:00,0,
2025.08.07 04:00:00,scan_executed_new_execution_bar,USDJPY,2025.08.07 03:45:00,0,
2025.08.07 04:05:00,scan_skipped_same_execution_bar,USDJPY,2025.08.07 03:45:00,0,
2025.08.07 04:20:00,scan_executed_new_execution_bar,USDJPY,2025.08.07 04:00:00,15,
2025.08.07 04:24:59,scan_skipped_same_execution_bar,USDJPY,2025.08.07 04:00:00,0,
2025.08.07 04:34:59,scan_executed_new_execution_bar,USDJPY,2025.08.07 04:15:00,0,
2025.08.07 04:39:58,scan_skipped_same_execution_bar,USDJPY,2025.08.07 04:15:00,0,
2025.08.07 04:49:59,scan_executed_new_execution_bar,USDJPY,2025.08.07 04:30:00,0,
2025.08.07 04:54:59,scan_skipped_same_execution_bar,USDJPY,2025.08.07 04:30:00,0,
2025.08.07 05:04:59,scan_executed_new_execution_bar,USDJPY,2025.08.07 04:45:00,31,
2025.08.07 05:09:59,scan_skipped_same_execution_bar,USDJPY,2025.08.07 04:45:00,0,
2025.08.07 05:19:59,scan_executed_new_execution_bar,USDJPY,2025.08.07 05:00:00,16,
2025.08.07 05:24:59,scan_skipped_same_execution_bar,USDJPY,2025.08.07 05:00:00,0,
2025.08.07 05:34:59,scan_executed_new_execution_bar,USDJPY,2025.08.07 05:15:00,16,
2025.08.07 05:39:59,scan_skipped_same_execution_bar,USDJPY,2025.08.07 05:15:00,0,
2025.08.07 05:49:59,scan_executed_new_execution_bar,USDJPY,2025.08.07 05:30:00,0,
2025.08.07 05:54:59,scan_skipped_same_execution_bar,USDJPY,2025.08.07 05:30:00,0,
2025.08.07 06:05:00,scan_executed_new_execution_bar,USDJPY,2025.08.07 05:45:00,0,
2025.08.07 06:09:59,scan_skipped_same_execution_bar,USDJPY,2025.08.07 05:45:00,0,
2025.08.07 06:19:59,scan_executed_new_execution_bar,USDJPY,2025.08.07 06:00:00,0,
2025.08.07 06:24:59,scan_skipped_same_execution_bar,USDJPY,2025.08.07 06:00:00,0,
2025.08.07 06:34:59,scan_executed_new_execution_bar,USDJPY,2025.08.07 06:15:00,31,
2025.08.07 06:39:59,scan_skipped_same_execution_bar,USDJPY,2025.08.07 06:15:00,0,
2025.08.07 06:49:59,scan_executed_new_execution_bar,USDJPY,2025.08.07 06:30:00,0,
2025.08.07 06:54:59,scan_skipped_same_execution_bar,USDJPY,2025.08.07 06:30:00,0,
2025.08.07 07:04:59,scan_executed_new_execution_bar,USDJPY,2025.08.07 06:45:00,16,
2025.08.07 07:09:59,scan_skipped_same_execution_bar,USDJPY,2025.08.07 06:45:00,0,
2025.08.07 07:19:59,scan_executed_new_execution_bar,USDJPY,2025.08.07 07:00:00,15,
2025.08.07 07:24:59,scan_skipped_same_execution_bar,USDJPY,2025.08.07 07:00:00,0,
2025.08.07 07:34:59,scan_executed_new_execution_bar,USDJPY,2025.08.07 07:15:00,0,
2025.08.07 07:40:00,scan_skipped_same_execution_bar,USDJPY,2025.08.07 07:15:00,0,
2025.08.07 07:49:59,scan_executed_new_execution_bar,USDJPY,2025.08.07 07:30:00,16,
2025.08.07 07:54:59,scan_skipped_same_execution_bar,USDJPY,2025.08.07 07:30:00,0,
2025.08.07 08:04:59,scan_executed_new_execution_bar,USDJPY,2025.08.07 07:45:00,0,
2025.08.07 08:10:00,scan_skipped_same_execution_bar,USDJPY,2025.08.07 07:45:00,0,
2025.08.07 08:19:59,scan_executed_new_execution_bar,USDJPY,2025.08.07 08:00:00,0,
2025.08.07 08:24:59,scan_skipped_same_execution_bar,USDJPY,2025.08.07 08:00:00,0,
2025.08.07 08:34:59,scan_executed_new_execution_bar,USDJPY,2025.08.07 08:15:00,0,
2025.08.07 08:39:59,scan_skipped_same_execution_bar,USDJPY,2025.08.07 08:15:00,0,
2025.08.07 08:49:59,scan_executed_new_execution_bar,USDJPY,2025.08.07 08:30:00,16,
2025.08.07 08:54:59,scan_skipped_same_execution_bar,USDJPY,2025.08.07 08:30:00,0,
2025.08.07 09:04:59,scan_executed_new_execution_bar,USDJPY,2025.08.07 08:45:00,0,
2025.08.07 09:09:59,scan_skipped_same_execution_bar,USDJPY,2025.08.07 08:45:00,0,
2025.08.07 09:19:59,scan_executed_new_execution_bar,USDJPY,2025.08.07 09:00:00,16,
2025.08.07 09:24:59,scan_skipped_same_execution_bar,USDJPY,2025.08.07 09:00:00,0,
2025.08.07 09:34:59,scan_executed_new_execution_bar,USDJPY,2025.08.07 09:15:00,0,
2025.08.07 09:39:59,scan_skipped_same_execution_bar,USDJPY,2025.08.07 09:15:00,0,
2025.08.07 09:49:59,scan_executed_new_execution_bar,USDJPY,2025.08.07 09:30:00,0,
2025.08.07 09:54:59,scan_skipped_same_execution_bar,USDJPY,2025.08.07 09:30:00,0,
2025.08.07 10:04:59,scan_executed_new_execution_bar,USDJPY,2025.08.07 09:45:00,0,
2025.08.07 10:09:59,scan_skipped_same_execution_bar,USDJPY,2025.08.07 09:45:00,0,
2025.08.07 10:19:59,scan_executed_new_execution_bar,USDJPY,2025.08.07 10:00:00,47,
2025.08.07 10:24:59,scan_skipped_same_execution_bar,USDJPY,2025.08.07 10:00:00,0,
2025.08.07 10:34:59,scan_executed_new_execution_bar,USDJPY,2025.08.07 10:15:00,0,
2025.08.07 10:39:59,scan_skipped_same_execution_bar,USDJPY,2025.08.07 10:15:00,0,
2025.08.07 10:49:59,scan_executed_new_execution_bar,USDJPY,2025.08.07 10:30:00,0,
2025.08.07 10:54:59,scan_skipped_same_execution_bar,USDJPY,2025.08.07 10:30:00,0,
2025.08.07 11:04:59,scan_executed_new_execution_bar,USDJPY,2025.08.07 10:45:00,0,
2025.08.07 11:09:59,scan_skipped_same_execution_bar,USDJPY,2025.08.07 10:45:00,0,
2025.08.07 11:19:59,scan_executed_new_execution_bar,USDJPY,2025.08.07 11:00:00,15,
2025.08.07 11:24:59,scan_skipped_same_execution_bar,USDJPY,2025.08.07 11:00:00,0,
2025.08.07 11:34:59,scan_executed_new_execution_bar,USDJPY,2025.08.07 11:15:00,0,
2025.08.07 11:39:59,scan_skipped_same_execution_bar,USDJPY,2025.08.07 11:15:00,0,
2025.08.07 11:49:59,scan_executed_new_execution_bar,USDJPY,2025.08.07 11:30:00,0,
2025.08.07 11:54:59,scan_skipped_same_execution_bar,USDJPY,2025.08.07 11:30:00,0,
2025.08.07 12:04:59,scan_executed_new_execution_bar,USDJPY,2025.08.07 11:45:00,0,
2025.08.07 12:09:59,scan_skipped_same_execution_bar,USDJPY,2025.08.07 11:45:00,0,
2025.08.07 12:19:59,scan_executed_new_execution_bar,USDJPY,2025.08.07 12:00:00,16,
2025.08.07 12:24:59,scan_skipped_same_execution_bar,USDJPY,2025.08.07 12:00:00,0,
2025.08.07 12:34:59,scan_executed_new_execution_bar,USDJPY,2025.08.07 12:15:00,0,
2025.08.07 12:39:59,scan_skipped_same_execution_bar,USDJPY,2025.08.07 12:15:00,0,
2025.08.07 12:49:59,scan_executed_new_execution_bar,USDJPY,2025.08.07 12:30:00,0,
2025.08.07 12:54:59,scan_skipped_same_execution_bar,USDJPY,2025.08.07 12:30:00,0,
2025.08.07 13:04:59,scan_executed_new_execution_bar,USDJPY,2025.08.07 12:45:00,0,
2025.08.07 13:09:59,scan_skipped_same_execution_bar,USDJPY,2025.08.07 12:45:00,0,
2025.08.07 13:19:59,scan_executed_new_execution_bar,USDJPY,2025.08.07 13:00:00,0,
2025.08.07 13:24:59,scan_skipped_same_execution_bar,USDJPY,2025.08.07 13:00:00,0,
2025.08.07 13:34:59,scan_executed_new_execution_bar,USDJPY,2025.08.07 13:15:00,16,
2025.08.07 13:39:59,scan_skipped_same_execution_bar,USDJPY,2025.08.07 13:15:00,0,
2025.08.07 13:49:59,scan_executed_new_execution_bar,USDJPY,2025.08.07 13:30:00,0,
2025.08.07 13:54:59,scan_skipped_same_execution_bar,USDJPY,2025.08.07 13:30:00,0,
2025.08.07 14:04:59,scan_executed_new_execution_bar,USDJPY,2025.08.07 13:45:00,0,
2025.08.07 14:09:59,scan_skipped_same_execution_bar,USDJPY,2025.08.07 13:45:00,0,
2025.08.07 14:19:59,scan_executed_new_execution_bar,USDJPY,2025.08.07 14:00:00,0,
2025.08.07 14:24:59,scan_skipped_same_execution_bar,USDJPY,2025.08.07 14:00:00,0,
2025.08.07 14:34:59,scan_executed_new_execution_bar,USDJPY,2025.08.07 14:15:00,32,
2025.08.07 14:39:59,scan_skipped_same_execution_bar,USDJPY,2025.08.07 14:15:00,0,
2025.08.07 14:49:59,scan_executed_new_execution_bar,USDJPY,2025.08.07 14:30:00,0,
2025.08.07 14:54:59,scan_skipped_same_execution_bar,USDJPY,2025.08.07 14:30:00,0,
2025.08.07 15:04:59,scan_executed_new_execution_bar,USDJPY,2025.08.07 14:45:00,15,
2025.08.07 15:09:59,scan_skipped_same_execution_bar,USDJPY,2025.08.07 14:45:00,0,
2025.08.07 15:19:59,scan_executed_new_execution_bar,USDJPY,2025.08.07 15:00:00,0,
2025.08.07 15:24:59,scan_skipped_same_execution_bar,USDJPY,2025.08.07 15:00:00,0,
2025.08.07 15:34:59,scan_executed_new_execution_bar,USDJPY,2025.08.07 15:15:00,16,
2025.08.07 15:39:59,scan_skipped_same_execution_bar,USDJPY,2025.08.07 15:15:00,0,
2025.08.07 15:49:59,scan_executed_new_execution_bar,USDJPY,2025.08.07 15:30:00,16,
2025.08.07 15:54:59,scan_skipped_same_execution_bar,USDJPY,2025.08.07 15:30:00,0,
2025.08.07 16:04:59,scan_executed_new_execution_bar,USDJPY,2025.08.07 15:45:00,15,
2025.08.07 16:09:59,scan_skipped_same_execution_bar,USDJPY,2025.08.07 15:45:00,0,
2025.08.07 16:19:59,scan_executed_new_execution_bar,USDJPY,2025.08.07 16:00:00,0,
2025.08.07 16:24:59,scan_skipped_same_execution_bar,USDJPY,2025.08.07 16:00:00,0,
2025.08.07 16:34:59,scan_executed_new_execution_bar,USDJPY,2025.08.07 16:15:00,15,
2025.08.07 16:39:59,scan_skipped_same_execution_bar,USDJPY,2025.08.07 16:15:00,0,
2025.08.07 16:49:59,scan_executed_new_execution_bar,USDJPY,2025.08.07 16:30:00,16,
2025.08.07 16:54:59,scan_skipped_same_execution_bar,USDJPY,2025.08.07 16:30:00,0,
2025.08.07 17:04:59,scan_executed_new_execution_bar,USDJPY,2025.08.07 16:45:00,0,
2025.08.07 17:09:59,scan_skipped_same_execution_bar,USDJPY,2025.08.07 16:45:00,0,
2025.08.07 17:19:59,scan_executed_new_execution_bar,USDJPY,2025.08.07 17:00:00,16,
2025.08.07 17:24:59,scan_skipped_same_execution_bar,USDJPY,2025.08.07 17:00:00,0,
2025.08.07 17:34:58,scan_executed_new_execution_bar,USDJPY,2025.08.07 17:15:00,0,
2025.08.07 17:39:59,scan_skipped_same_execution_bar,USDJPY,2025.08.07 17:15:00,0,
2025.08.07 17:49:59,scan_executed_new_execution_bar,USDJPY,2025.08.07 17:30:00,0,
2025.08.07 17:54:59,scan_skipped_same_execution_bar,USDJPY,2025.08.07 17:30:00,0,
2025.08.07 18:04:59,scan_executed_new_execution_bar,USDJPY,2025.08.07 17:45:00,0,
2025.08.07 18:09:59,scan_skipped_same_execution_bar,USDJPY,2025.08.07 17:45:00,0,
2025.08.07 18:19:59,scan_executed_new_execution_bar,USDJPY,2025.08.07 18:00:00,0,
2025.08.07 18:24:59,scan_skipped_same_execution_bar,USDJPY,2025.08.07 18:00:00,0,
2025.08.07 18:34:59,scan_executed_new_execution_bar,USDJPY,2025.08.07 18:15:00,0,
2025.08.07 18:39:59,scan_skipped_same_execution_bar,USDJPY,2025.08.07 18:15:00,0,
2025.08.07 18:49:59,scan_executed_new_execution_bar,USDJPY,2025.08.07 18:30:00,32,
2025.08.07 18:54:59,scan_skipped_same_execution_bar,USDJPY,2025.08.07 18:30:00,0,
2025.08.07 19:04:59,scan_executed_new_execution_bar,USDJPY,2025.08.07 18:45:00,16,
2025.08.07 19:09:59,scan_skipped_same_execution_bar,USDJPY,2025.08.07 18:45:00,0,
2025.08.07 19:19:59,scan_executed_new_execution_bar,USDJPY,2025.08.07 19:00:00,31,
2025.08.07 19:24:59,scan_skipped_same_execution_bar,USDJPY,2025.08.07 19:00:00,0,
2025.08.07 19:34:59,scan_executed_new_execution_bar,USDJPY,2025.08.07 19:15:00,31,
2025.08.07 19:39:59,scan_skipped_same_execution_bar,USDJPY,2025.08.07 19:15:00,0,
2025.08.07 19:50:00,scan_executed_new_execution_bar,USDJPY,2025.08.07 19:30:00,16,
2025.08.07 19:54:59,scan_skipped_same_execution_bar,USDJPY,2025.08.07 19:30:00,0,
2025.08.07 20:04:59,scan_executed_new_execution_bar,USDJPY,2025.08.07 19:45:00,0,
2025.08.07 20:09:59,scan_skipped_same_execution_bar,USDJPY,2025.08.07 19:45:00,0,
2025.08.07 20:20:00,scan_executed_new_execution_bar,USDJPY,2025.08.07 20:00:00,15,
2025.08.07 20:24:59,scan_skipped_same_execution_bar,USDJPY,2025.08.07 20:00:00,0,
2025.08.07 20:34:59,scan_executed_new_execution_bar,USDJPY,2025.08.07 20:15:00,31,
2025.08.07 20:39:59,scan_skipped_same_execution_bar,USDJPY,2025.08.07 20:15:00,0,
2025.08.07 20:49:59,scan_executed_new_execution_bar,USDJPY,2025.08.07 20:30:00,32,
2025.08.07 20:54:59,scan_skipped_same_execution_bar,USDJPY,2025.08.07 20:30:00,0,
2025.08.07 21:04:59,scan_executed_new_execution_bar,USDJPY,2025.08.07 20:45:00,0,
2025.08.07 21:09:59,scan_skipped_same_execution_bar,USDJPY,2025.08.07 20:45:00,0,
2025.08.07 21:19:59,scan_executed_new_execution_bar,USDJPY,2025.08.07 21:00:00,16,
2025.08.07 21:24:59,scan_skipped_same_execution_bar,USDJPY,2025.08.07 21:00:00,0,
2025.08.07 21:35:00,scan_executed_new_execution_bar,USDJPY,2025.08.07 21:15:00,0,
2025.08.07 21:39:59,scan_skipped_same_execution_bar,USDJPY,2025.08.07 21:15:00,0,
2025.08.07 21:49:59,scan_executed_new_execution_bar,USDJPY,2025.08.07 21:30:00,0,
2025.08.07 21:54:59,scan_skipped_same_execution_bar,USDJPY,2025.08.07 21:30:00,0,
2025.08.07 22:04:59,scan_executed_new_execution_bar,USDJPY,2025.08.07 21:45:00,0,
2025.08.07 22:09:59,scan_skipped_same_execution_bar,USDJPY,2025.08.07 21:45:00,0,
2025.08.07 22:19:59,scan_executed_new_execution_bar,USDJPY,2025.08.07 22:00:00,16,
2025.08.07 22:25:00,scan_skipped_same_execution_bar,USDJPY,2025.08.07 22:00:00,0,
2025.08.07 22:34:59,scan_executed_new_execution_bar,USDJPY,2025.08.07 22:15:00,0,
2025.08.07 22:39:59,scan_skipped_same_execution_bar,USDJPY,2025.08.07 22:15:00,0,
2025.08.07 22:49:59,scan_executed_new_execution_bar,USDJPY,2025.08.07 22:30:00,0,
2025.08.07 22:54:59,scan_skipped_same_execution_bar,USDJPY,2025.08.07 22:30:00,0,
2025.08.07 23:05:00,scan_executed_new_execution_bar,USDJPY,2025.08.07 22:45:00,0,
2025.08.07 23:09:59,scan_skipped_same_execution_bar,USDJPY,2025.08.07 22:45:00,0,
2025.08.07 23:19:59,scan_executed_new_execution_bar,USDJPY,2025.08.07 23:00:00,0,
2025.08.07 23:24:59,scan_skipped_same_execution_bar,USDJPY,2025.08.07 23:00:00,0,
2025.08.07 23:34:59,scan_executed_new_execution_bar,USDJPY,2025.08.07 23:15:00,0,
2025.08.07 23:39:59,scan_skipped_same_execution_bar,USDJPY,2025.08.07 23:15:00,0,
2025.08.07 23:49:59,scan_executed_new_execution_bar,USDJPY,2025.08.07 23:30:00,0,
2025.08.07 23:54:59,scan_skipped_same_execution_bar,USDJPY,2025.08.07 23:30:00,0,
2025.08.08 00:04:56,scan_executed_new_execution_bar,USDJPY,2025.08.07 23:45:00,0,
2025.08.08 00:09:58,scan_skipped_same_execution_bar,USDJPY,2025.08.07 23:45:00,0,
2025.08.08 00:19:58,scan_executed_new_execution_bar,USDJPY,2025.08.08 00:00:00,0,
2025.08.08 00:24:57,scan_skipped_same_execution_bar,USDJPY,2025.08.08 00:00:00,0,
2025.08.08 00:34:59,scan_executed_new_execution_bar,USDJPY,2025.08.08 00:15:00,0,
2025.08.08 00:39:59,scan_skipped_same_execution_bar,USDJPY,2025.08.08 00:15:00,0,
2025.08.08 00:49:58,scan_executed_new_execution_bar,USDJPY,2025.08.08 00:30:00,0,
2025.08.08 00:54:58,scan_skipped_same_execution_bar,USDJPY,2025.08.08 00:30:00,0,
2025.08.08 01:04:58,scan_executed_new_execution_bar,USDJPY,2025.08.08 00:45:00,0,
2025.08.08 01:09:59,scan_skipped_same_execution_bar,USDJPY,2025.08.08 00:45:00,0,
2025.08.08 01:19:59,scan_executed_new_execution_bar,USDJPY,2025.08.08 01:00:00,16,
2025.08.08 01:24:58,scan_skipped_same_execution_bar,USDJPY,2025.08.08 01:00:00,0,
2025.08.08 01:34:59,scan_executed_new_execution_bar,USDJPY,2025.08.08 01:15:00,15,
2025.08.08 01:39:59,scan_skipped_same_execution_bar,USDJPY,2025.08.08 01:15:00,0,
2025.08.08 01:49:59,scan_executed_new_execution_bar,USDJPY,2025.08.08 01:30:00,0,
2025.08.08 01:54:58,scan_skipped_same_execution_bar,USDJPY,2025.08.08 01:30:00,0,
2025.08.08 02:04:57,scan_executed_new_execution_bar,USDJPY,2025.08.08 01:45:00,31,
2025.08.08 02:09:59,scan_skipped_same_execution_bar,USDJPY,2025.08.08 01:45:00,0,
2025.08.08 02:19:59,scan_executed_new_execution_bar,USDJPY,2025.08.08 02:00:00,0,
2025.08.08 02:24:59,scan_skipped_same_execution_bar,USDJPY,2025.08.08 02:00:00,0,
2025.08.08 02:34:59,scan_executed_new_execution_bar,USDJPY,2025.08.08 02:15:00,0,
2025.08.08 02:39:58,scan_skipped_same_execution_bar,USDJPY,2025.08.08 02:15:00,0,
2025.08.08 02:49:59,scan_executed_new_execution_bar,USDJPY,2025.08.08 02:30:00,32,
2025.08.08 02:54:59,scan_skipped_same_execution_bar,USDJPY,2025.08.08 02:30:00,0,
2025.08.08 03:04:59,scan_executed_new_execution_bar,USDJPY,2025.08.08 02:45:00,0,
2025.08.08 03:10:00,scan_skipped_same_execution_bar,USDJPY,2025.08.08 02:45:00,0,
2025.08.08 03:19:59,scan_executed_new_execution_bar,USDJPY,2025.08.08 03:00:00,16,
2025.08.08 03:24:59,scan_skipped_same_execution_bar,USDJPY,2025.08.08 03:00:00,0,
2025.08.08 03:34:59,scan_executed_new_execution_bar,USDJPY,2025.08.08 03:15:00,0,
2025.08.08 03:39:59,scan_skipped_same_execution_bar,USDJPY,2025.08.08 03:15:00,0,
2025.08.08 03:49:59,scan_executed_new_execution_bar,USDJPY,2025.08.08 03:30:00,0,
2025.08.08 03:54:59,scan_skipped_same_execution_bar,USDJPY,2025.08.08 03:30:00,0,
2025.08.08 04:04:59,scan_executed_new_execution_bar,USDJPY,2025.08.08 03:45:00,0,
2025.08.08 04:09:59,scan_skipped_same_execution_bar,USDJPY,2025.08.08 03:45:00,0,
2025.08.08 04:19:59,scan_executed_new_execution_bar,USDJPY,2025.08.08 04:00:00,0,
2025.08.08 04:24:59,scan_skipped_same_execution_bar,USDJPY,2025.08.08 04:00:00,0,
2025.08.08 04:34:59,scan_executed_new_execution_bar,USDJPY,2025.08.08 04:15:00,0,
2025.08.08 04:39:59,scan_skipped_same_execution_bar,USDJPY,2025.08.08 04:15:00,0,
2025.08.08 04:49:59,scan_executed_new_execution_bar,USDJPY,2025.08.08 04:30:00,0,
2025.08.08 04:54:59,scan_skipped_same_execution_bar,USDJPY,2025.08.08 04:30:00,0,
2025.08.08 05:04:59,scan_executed_new_execution_bar,USDJPY,2025.08.08 04:45:00,0,
2025.08.08 05:09:59,scan_skipped_same_execution_bar,USDJPY,2025.08.08 04:45:00,0,
2025.08.08 05:20:00,scan_executed_new_execution_bar,USDJPY,2025.08.08 05:00:00,0,
2025.08.08 05:24:59,scan_skipped_same_execution_bar,USDJPY,2025.08.08 05:00:00,0,
2025.08.08 05:34:59,scan_executed_new_execution_bar,USDJPY,2025.08.08 05:15:00,0,
2025.08.08 05:39:59,scan_skipped_same_execution_bar,USDJPY,2025.08.08 05:15:00,0,
2025.08.08 05:49:56,scan_executed_new_execution_bar,USDJPY,2025.08.08 05:30:00,0,
2025.08.08 05:54:59,scan_skipped_same_execution_bar,USDJPY,2025.08.08 05:30:00,0,
2025.08.08 06:04:59,scan_executed_new_execution_bar,USDJPY,2025.08.08 05:45:00,0,
2025.08.08 06:09:57,scan_skipped_same_execution_bar,USDJPY,2025.08.08 05:45:00,0,
2025.08.08 06:19:57,scan_executed_new_execution_bar,USDJPY,2025.08.08 06:00:00,15,
2025.08.08 06:24:59,scan_skipped_same_execution_bar,USDJPY,2025.08.08 06:00:00,0,
2025.08.08 06:34:59,scan_executed_new_execution_bar,USDJPY,2025.08.08 06:15:00,0,
2025.08.08 06:39:59,scan_skipped_same_execution_bar,USDJPY,2025.08.08 06:15:00,0,
2025.08.08 06:49:59,scan_executed_new_execution_bar,USDJPY,2025.08.08 06:30:00,16,
2025.08.08 06:54:59,scan_skipped_same_execution_bar,USDJPY,2025.08.08 06:30:00,0,
2025.08.08 07:04:59,scan_executed_new_execution_bar,USDJPY,2025.08.08 06:45:00,0,
2025.08.08 07:09:59,scan_skipped_same_execution_bar,USDJPY,2025.08.08 06:45:00,0,
2025.08.08 07:19:57,scan_executed_new_execution_bar,USDJPY,2025.08.08 07:00:00,0,
2025.08.08 07:24:59,scan_skipped_same_execution_bar,USDJPY,2025.08.08 07:00:00,0,
2025.08.08 07:34:59,scan_executed_new_execution_bar,USDJPY,2025.08.08 07:15:00,0,
2025.08.08 07:39:59,scan_skipped_same_execution_bar,USDJPY,2025.08.08 07:15:00,0,
2025.08.08 07:49:59,scan_executed_new_execution_bar,USDJPY,2025.08.08 07:30:00,0,
2025.08.08 07:54:56,scan_skipped_same_execution_bar,USDJPY,2025.08.08 07:30:00,0,
2025.08.08 08:04:59,scan_executed_new_execution_bar,USDJPY,2025.08.08 07:45:00,0,
2025.08.08 08:09:58,scan_skipped_same_execution_bar,USDJPY,2025.08.08 07:45:00,0,
2025.08.08 08:19:59,scan_executed_new_execution_bar,USDJPY,2025.08.08 08:00:00,0,
2025.08.08 08:24:59,scan_skipped_same_execution_bar,USDJPY,2025.08.08 08:00:00,0,
2025.08.08 08:34:59,scan_executed_new_execution_bar,USDJPY,2025.08.08 08:15:00,0,
2025.08.08 08:39:59,scan_skipped_same_execution_bar,USDJPY,2025.08.08 08:15:00,0,
2025.08.08 08:49:59,scan_executed_new_execution_bar,USDJPY,2025.08.08 08:30:00,0,
2025.08.08 08:54:59,scan_skipped_same_execution_bar,USDJPY,2025.08.08 08:30:00,0,
2025.08.08 09:04:59,scan_executed_new_execution_bar,USDJPY,2025.08.08 08:45:00,0,
2025.08.08 09:09:59,scan_skipped_same_execution_bar,USDJPY,2025.08.08 08:45:00,0,
2025.08.08 09:19:59,scan_executed_new_execution_bar,USDJPY,2025.08.08 09:00:00,0,
2025.08.08 09:24:59,scan_skipped_same_execution_bar,USDJPY,2025.08.08 09:00:00,0,
2025.08.08 09:34:59,scan_executed_new_execution_bar,USDJPY,2025.08.08 09:15:00,0,
2025.08.08 09:39:59,scan_skipped_same_execution_bar,USDJPY,2025.08.08 09:15:00,0,
2025.08.08 09:49:59,scan_executed_new_execution_bar,USDJPY,2025.08.08 09:30:00,0,
2025.08.08 09:54:59,scan_skipped_same_execution_bar,USDJPY,2025.08.08 09:30:00,0,
2025.08.08 10:04:59,scan_executed_new_execution_bar,USDJPY,2025.08.08 09:45:00,16,
2025.08.08 10:09:59,scan_skipped_same_execution_bar,USDJPY,2025.08.08 09:45:00,0,
2025.08.08 10:20:00,scan_executed_new_execution_bar,USDJPY,2025.08.08 10:00:00,0,
2025.08.08 10:24:59,scan_skipped_same_execution_bar,USDJPY,2025.08.08 10:00:00,0,
2025.08.08 10:34:59,scan_executed_new_execution_bar,USDJPY,2025.08.08 10:15:00,0,
2025.08.08 10:39:59,scan_skipped_same_execution_bar,USDJPY,2025.08.08 10:15:00,0,
2025.08.08 10:49:59,scan_executed_new_execution_bar,USDJPY,2025.08.08 10:30:00,0,
2025.08.08 10:54:59,scan_skipped_same_execution_bar,USDJPY,2025.08.08 10:30:00,0,
2025.08.08 11:04:59,scan_executed_new_execution_bar,USDJPY,2025.08.08 10:45:00,16,
2025.08.08 11:09:59,scan_skipped_same_execution_bar,USDJPY,2025.08.08 10:45:00,0,
2025.08.08 11:19:59,scan_executed_new_execution_bar,USDJPY,2025.08.08 11:00:00,15,
2025.08.08 11:24:59,scan_skipped_same_execution_bar,USDJPY,2025.08.08 11:00:00,0,
2025.08.08 11:34:59,scan_executed_new_execution_bar,USDJPY,2025.08.08 11:15:00,0,
2025.08.08 11:39:59,scan_skipped_same_execution_bar,USDJPY,2025.08.08 11:15:00,0,
2025.08.08 11:49:59,scan_executed_new_execution_bar,USDJPY,2025.08.08 11:30:00,0,
2025.08.08 11:54:59,scan_skipped_same_execution_bar,USDJPY,2025.08.08 11:30:00,0,
2025.08.08 12:04:59,scan_executed_new_execution_bar,USDJPY,2025.08.08 11:45:00,0,
2025.08.08 12:09:59,scan_skipped_same_execution_bar,USDJPY,2025.08.08 11:45:00,0,
2025.08.08 12:19:59,scan_executed_new_execution_bar,USDJPY,2025.08.08 12:00:00,0,
2025.08.08 12:24:59,scan_skipped_same_execution_bar,USDJPY,2025.08.08 12:00:00,0,
2025.08.08 12:34:59,scan_executed_new_execution_bar,USDJPY,2025.08.08 12:15:00,0,
2025.08.08 12:39:59,scan_skipped_same_execution_bar,USDJPY,2025.08.08 12:15:00,0,
2025.08.08 12:49:59,scan_executed_new_execution_bar,USDJPY,2025.08.08 12:30:00,0,
2025.08.08 12:55:00,scan_skipped_same_execution_bar,USDJPY,2025.08.08 12:30:00,0,
2025.08.08 13:00:00,scan_executed_new_execution_bar,USDJPY,2025.08.08 12:45:00,0,
2025.08.08 13:04:59,scan_skipped_same_execution_bar,USDJPY,2025.08.08 12:45:00,0,
2025.08.08 13:19:58,scan_executed_new_execution_bar,USDJPY,2025.08.08 13:00:00,0,
2025.08.08 13:24:59,scan_skipped_same_execution_bar,USDJPY,2025.08.08 13:00:00,0,
2025.08.08 13:34:59,scan_executed_new_execution_bar,USDJPY,2025.08.08 13:15:00,0,
2025.08.08 13:39:59,scan_skipped_same_execution_bar,USDJPY,2025.08.08 13:15:00,0,
2025.08.08 13:49:59,scan_executed_new_execution_bar,USDJPY,2025.08.08 13:30:00,0,
2025.08.08 13:54:59,scan_skipped_same_execution_bar,USDJPY,2025.08.08 13:30:00,0,
2025.08.08 14:04:59,scan_executed_new_execution_bar,USDJPY,2025.08.08 13:45:00,0,
2025.08.08 14:09:59,scan_skipped_same_execution_bar,USDJPY,2025.08.08 13:45:00,0,
2025.08.08 14:19:59,scan_executed_new_execution_bar,USDJPY,2025.08.08 14:00:00,0,
2025.08.08 14:24:59,scan_skipped_same_execution_bar,USDJPY,2025.08.08 14:00:00,0,
2025.08.08 14:34:59,scan_executed_new_execution_bar,USDJPY,2025.08.08 14:15:00,31,
2025.08.08 14:39:59,scan_skipped_same_execution_bar,USDJPY,2025.08.08 14:15:00,0,
2025.08.08 14:49:59,scan_executed_new_execution_bar,USDJPY,2025.08.08 14:30:00,16,
2025.08.08 14:54:59,scan_skipped_same_execution_bar,USDJPY,2025.08.08 14:30:00,0,
2025.08.08 15:04:59,scan_executed_new_execution_bar,USDJPY,2025.08.08 14:45:00,0,
2025.08.08 15:09:59,scan_skipped_same_execution_bar,USDJPY,2025.08.08 14:45:00,0,
2025.08.08 15:19:59,scan_executed_new_execution_bar,USDJPY,2025.08.08 15:00:00,0,
2025.08.08 15:24:59,scan_skipped_same_execution_bar,USDJPY,2025.08.08 15:00:00,0,
2025.08.08 15:34:59,scan_executed_new_execution_bar,USDJPY,2025.08.08 15:15:00,0,
2025.08.08 15:39:59,scan_skipped_same_execution_bar,USDJPY,2025.08.08 15:15:00,0,
2025.08.08 15:49:59,scan_executed_new_execution_bar,USDJPY,2025.08.08 15:30:00,0,
2025.08.08 15:54:59,scan_skipped_same_execution_bar,USDJPY,2025.08.08 15:30:00,0,
2025.08.08 16:04:59,scan_executed_new_execution_bar,USDJPY,2025.08.08 15:45:00,0,
2025.08.08 16:09:59,scan_skipped_same_execution_bar,USDJPY,2025.08.08 15:45:00,0,
2025.08.08 16:19:59,scan_executed_new_execution_bar,USDJPY,2025.08.08 16:00:00,31,
2025.08.08 16:24:58,scan_skipped_same_execution_bar,USDJPY,2025.08.08 16:00:00,0,
2025.08.08 16:34:59,scan_executed_new_execution_bar,USDJPY,2025.08.08 16:15:00,0,
2025.08.08 16:39:59,scan_skipped_same_execution_bar,USDJPY,2025.08.08 16:15:00,0,
2025.08.08 16:49:59,scan_executed_new_execution_bar,USDJPY,2025.08.08 16:30:00,0,
2025.08.08 16:54:59,scan_skipped_same_execution_bar,USDJPY,2025.08.08 16:30:00,0,
2025.08.08 17:04:59,scan_executed_new_execution_bar,USDJPY,2025.08.08 16:45:00,0,
2025.08.08 17:09:59,scan_skipped_same_execution_bar,USDJPY,2025.08.08 16:45:00,0,
2025.08.08 17:19:59,scan_executed_new_execution_bar,USDJPY,2025.08.08 17:00:00,31,
2025.08.08 17:24:59,scan_skipped_same_execution_bar,USDJPY,2025.08.08 17:00:00,0,
2025.08.08 17:34:59,scan_executed_new_execution_bar,USDJPY,2025.08.08 17:15:00,16,
2025.08.08 17:39:59,scan_skipped_same_execution_bar,USDJPY,2025.08.08 17:15:00,0,
2025.08.08 17:49:59,scan_executed_new_execution_bar,USDJPY,2025.08.08 17:30:00,16,
2025.08.08 17:54:59,scan_skipped_same_execution_bar,USDJPY,2025.08.08 17:30:00,0,
2025.08.08 18:04:59,scan_executed_new_execution_bar,USDJPY,2025.08.08 17:45:00,0,
2025.08.08 18:09:59,scan_skipped_same_execution_bar,USDJPY,2025.08.08 17:45:00,0,
2025.08.08 18:19:59,scan_executed_new_execution_bar,USDJPY,2025.08.08 18:00:00,16,
2025.08.08 18:24:59,scan_skipped_same_execution_bar,USDJPY,2025.08.08 18:00:00,0,
2025.08.08 18:34:59,scan_executed_new_execution_bar,USDJPY,2025.08.08 18:15:00,0,
2025.08.08 18:39:59,scan_skipped_same_execution_bar,USDJPY,2025.08.08 18:15:00,0,
2025.08.08 18:49:59,scan_executed_new_execution_bar,USDJPY,2025.08.08 18:30:00,16,
2025.08.08 18:54:59,scan_skipped_same_execution_bar,USDJPY,2025.08.08 18:30:00,0,
2025.08.08 19:04:59,scan_executed_new_execution_bar,USDJPY,2025.08.08 18:45:00,16,
2025.08.08 19:09:59,scan_skipped_same_execution_bar,USDJPY,2025.08.08 18:45:00,0,
2025.08.08 19:19:59,scan_executed_new_execution_bar,USDJPY,2025.08.08 19:00:00,16,
2025.08.08 19:25:00,scan_skipped_same_execution_bar,USDJPY,2025.08.08 19:00:00,0,
2025.08.08 19:34:59,scan_executed_new_execution_bar,USDJPY,2025.08.08 19:15:00,16,
2025.08.08 19:39:59,scan_skipped_same_execution_bar,USDJPY,2025.08.08 19:15:00,0,
2025.08.08 19:50:00,scan_executed_new_execution_bar,USDJPY,2025.08.08 19:30:00,0,
2025.08.08 19:54:59,scan_skipped_same_execution_bar,USDJPY,2025.08.08 19:30:00,0,
2025.08.08 20:04:59,scan_executed_new_execution_bar,USDJPY,2025.08.08 19:45:00,15,
2025.08.08 20:09:58,scan_skipped_same_execution_bar,USDJPY,2025.08.08 19:45:00,0,
2025.08.08 20:19:59,scan_executed_new_execution_bar,USDJPY,2025.08.08 20:00:00,0,
2025.08.08 20:24:59,scan_skipped_same_execution_bar,USDJPY,2025.08.08 20:00:00,0,
2025.08.08 20:34:59,scan_executed_new_execution_bar,USDJPY,2025.08.08 20:15:00,15,
2025.08.08 20:39:59,scan_skipped_same_execution_bar,USDJPY,2025.08.08 20:15:00,0,
2025.08.08 20:49:59,scan_executed_new_execution_bar,USDJPY,2025.08.08 20:30:00,0,
2025.08.08 20:54:59,scan_skipped_same_execution_bar,USDJPY,2025.08.08 20:30:00,0,
2025.08.08 21:04:59,scan_executed_new_execution_bar,USDJPY,2025.08.08 20:45:00,16,
2025.08.08 21:09:59,scan_skipped_same_execution_bar,USDJPY,2025.08.08 20:45:00,0,
2025.08.08 21:20:00,scan_executed_new_execution_bar,USDJPY,2025.08.08 21:00:00,0,
2025.08.08 21:24:59,scan_skipped_same_execution_bar,USDJPY,2025.08.08 21:00:00,0,
2025.08.08 21:34:59,scan_executed_new_execution_bar,USDJPY,2025.08.08 21:15:00,0,
2025.08.08 21:39:59,scan_skipped_same_execution_bar,USDJPY,2025.08.08 21:15:00,0,
2025.08.08 21:49:58,scan_executed_new_execution_bar,USDJPY,2025.08.08 21:30:00,0,
2025.08.08 21:54:59,scan_skipped_same_execution_bar,USDJPY,2025.08.08 21:30:00,0,
2025.08.08 22:04:59,scan_executed_new_execution_bar,USDJPY,2025.08.08 21:45:00,0,
2025.08.08 22:09:59,scan_skipped_same_execution_bar,USDJPY,2025.08.08 21:45:00,0,
2025.08.08 22:19:59,scan_executed_new_execution_bar,USDJPY,2025.08.08 22:00:00,15,
2025.08.08 22:24:59,scan_skipped_same_execution_bar,USDJPY,2025.08.08 22:00:00,0,
2025.08.08 22:34:59,scan_executed_new_execution_bar,USDJPY,2025.08.08 22:15:00,16,
2025.08.08 22:39:59,scan_skipped_same_execution_bar,USDJPY,2025.08.08 22:15:00,0,
2025.08.08 22:49:59,scan_executed_new_execution_bar,USDJPY,2025.08.08 22:30:00,16,
2025.08.08 22:54:59,scan_skipped_same_execution_bar,USDJPY,2025.08.08 22:30:00,0,
2025.08.08 23:04:59,scan_executed_new_execution_bar,USDJPY,2025.08.08 22:45:00,15,
2025.08.08 23:09:59,scan_skipped_same_execution_bar,USDJPY,2025.08.08 22:45:00,0,
2025.08.08 23:19:59,scan_executed_new_execution_bar,USDJPY,2025.08.08 23:00:00,0,
2025.08.08 23:24:59,scan_skipped_same_execution_bar,USDJPY,2025.08.08 23:00:00,0,
2025.08.08 23:34:59,scan_executed_new_execution_bar,USDJPY,2025.08.08 23:15:00,0,
2025.08.08 23:39:59,scan_skipped_same_execution_bar,USDJPY,2025.08.08 23:15:00,0,
2025.08.08 23:49:59,scan_executed_new_execution_bar,USDJPY,2025.08.08 23:30:00,0,
2025.08.08 23:54:59,scan_skipped_same_execution_bar,USDJPY,2025.08.08 23:30:00,0,
2025.08.11 00:04:49,scan_executed_new_execution_bar,USDJPY,2025.08.08 23:45:00,0,
2025.08.11 00:09:57,scan_skipped_same_execution_bar,USDJPY,2025.08.08 23:45:00,0,
2025.08.11 00:19:59,scan_executed_new_execution_bar,USDJPY,2025.08.11 00:00:00,0,
2025.08.11 00:24:58,scan_skipped_same_execution_bar,USDJPY,2025.08.11 00:00:00,0,
2025.08.11 00:34:59,scan_executed_new_execution_bar,USDJPY,2025.08.11 00:15:00,0,
2025.08.11 00:39:59,scan_skipped_same_execution_bar,USDJPY,2025.08.11 00:15:00,0,
2025.08.11 00:49:59,scan_executed_new_execution_bar,USDJPY,2025.08.11 00:30:00,0,
2025.08.11 00:54:59,scan_skipped_same_execution_bar,USDJPY,2025.08.11 00:30:00,0,
2025.08.11 01:04:57,scan_executed_new_execution_bar,USDJPY,2025.08.11 00:45:00,0,
2025.08.11 01:09:56,scan_skipped_same_execution_bar,USDJPY,2025.08.11 00:45:00,0,
2025.08.11 01:19:59,scan_executed_new_execution_bar,USDJPY,2025.08.11 01:00:00,32,
2025.08.11 01:24:59,scan_skipped_same_execution_bar,USDJPY,2025.08.11 01:00:00,0,
2025.08.11 01:34:58,scan_executed_new_execution_bar,USDJPY,2025.08.11 01:15:00,15,
2025.08.11 01:39:58,scan_skipped_same_execution_bar,USDJPY,2025.08.11 01:15:00,0,
2025.08.11 01:49:52,scan_executed_new_execution_bar,USDJPY,2025.08.11 01:30:00,15,
2025.08.11 01:55:00,scan_skipped_same_execution_bar,USDJPY,2025.08.11 01:30:00,0,
2025.08.11 02:04:59,scan_executed_new_execution_bar,USDJPY,2025.08.11 01:45:00,16,
2025.08.11 02:09:59,scan_skipped_same_execution_bar,USDJPY,2025.08.11 01:45:00,0,
2025.08.11 02:19:59,scan_executed_new_execution_bar,USDJPY,2025.08.11 02:00:00,0,
2025.08.11 02:24:59,scan_skipped_same_execution_bar,USDJPY,2025.08.11 02:00:00,0,
2025.08.11 02:34:59,scan_executed_new_execution_bar,USDJPY,2025.08.11 02:15:00,0,
2025.08.11 02:39:57,scan_skipped_same_execution_bar,USDJPY,2025.08.11 02:15:00,0,
2025.08.11 02:49:59,scan_executed_new_execution_bar,USDJPY,2025.08.11 02:30:00,0,
2025.08.11 02:54:57,scan_skipped_same_execution_bar,USDJPY,2025.08.11 02:30:00,0,
2025.08.11 03:04:59,scan_executed_new_execution_bar,USDJPY,2025.08.11 02:45:00,0,
2025.08.11 03:09:59,scan_skipped_same_execution_bar,USDJPY,2025.08.11 02:45:00,0,
2025.08.11 03:19:59,scan_executed_new_execution_bar,USDJPY,2025.08.11 03:00:00,0,
2025.08.11 03:24:59,scan_skipped_same_execution_bar,USDJPY,2025.08.11 03:00:00,0,
2025.08.11 03:34:59,scan_executed_new_execution_bar,USDJPY,2025.08.11 03:15:00,0,
2025.08.11 03:39:58,scan_skipped_same_execution_bar,USDJPY,2025.08.11 03:15:00,0,
2025.08.11 03:49:59,scan_executed_new_execution_bar,USDJPY,2025.08.11 03:30:00,0,
2025.08.11 03:54:59,scan_skipped_same_execution_bar,USDJPY,2025.08.11 03:30:00,0,
2025.08.11 04:04:59,scan_executed_new_execution_bar,USDJPY,2025.08.11 03:45:00,0,
2025.08.11 04:09:59,scan_skipped_same_execution_bar,USDJPY,2025.08.11 03:45:00,0,
2025.08.11 04:19:59,scan_executed_new_execution_bar,USDJPY,2025.08.11 04:00:00,0,
2025.08.11 04:24:59,scan_skipped_same_execution_bar,USDJPY,2025.08.11 04:00:00,0,
2025.08.11 04:34:59,scan_executed_new_execution_bar,USDJPY,2025.08.11 04:15:00,0,
2025.08.11 04:39:58,scan_skipped_same_execution_bar,USDJPY,2025.08.11 04:15:00,0,
2025.08.11 04:49:59,scan_executed_new_execution_bar,USDJPY,2025.08.11 04:30:00,0,
2025.08.11 04:54:59,scan_skipped_same_execution_bar,USDJPY,2025.08.11 04:30:00,0,
2025.08.11 05:04:59,scan_executed_new_execution_bar,USDJPY,2025.08.11 04:45:00,0,
2025.08.11 05:09:59,scan_skipped_same_execution_bar,USDJPY,2025.08.11 04:45:00,0,
2025.08.11 05:19:59,scan_executed_new_execution_bar,USDJPY,2025.08.11 05:00:00,0,
2025.08.11 05:24:59,scan_skipped_same_execution_bar,USDJPY,2025.08.11 05:00:00,0,
2025.08.11 05:34:58,scan_executed_new_execution_bar,USDJPY,2025.08.11 05:15:00,0,
2025.08.11 05:39:58,scan_skipped_same_execution_bar,USDJPY,2025.08.11 05:15:00,0,
2025.08.11 05:49:56,scan_executed_new_execution_bar,USDJPY,2025.08.11 05:30:00,0,
2025.08.11 05:54:59,scan_skipped_same_execution_bar,USDJPY,2025.08.11 05:30:00,0,
2025.08.11 06:04:59,scan_executed_new_execution_bar,USDJPY,2025.08.11 05:45:00,0,
2025.08.11 06:09:59,scan_skipped_same_execution_bar,USDJPY,2025.08.11 05:45:00,0,
2025.08.11 06:19:59,scan_executed_new_execution_bar,USDJPY,2025.08.11 06:00:00,0,
2025.08.11 06:24:59,scan_skipped_same_execution_bar,USDJPY,2025.08.11 06:00:00,0,
2025.08.11 06:34:59,scan_executed_new_execution_bar,USDJPY,2025.08.11 06:15:00,16,
2025.08.11 06:39:59,scan_skipped_same_execution_bar,USDJPY,2025.08.11 06:15:00,0,
2025.08.11 06:49:59,scan_executed_new_execution_bar,USDJPY,2025.08.11 06:30:00,0,
2025.08.11 06:54:59,scan_skipped_same_execution_bar,USDJPY,2025.08.11 06:30:00,0,
2025.08.11 07:04:59,scan_executed_new_execution_bar,USDJPY,2025.08.11 06:45:00,16,
2025.08.11 07:09:59,scan_skipped_same_execution_bar,USDJPY,2025.08.11 06:45:00,0,
2025.08.11 07:19:55,scan_executed_new_execution_bar,USDJPY,2025.08.11 07:00:00,0,
2025.08.11 07:24:59,scan_skipped_same_execution_bar,USDJPY,2025.08.11 07:00:00,0,
2025.08.11 07:34:59,scan_executed_new_execution_bar,USDJPY,2025.08.11 07:15:00,0,
2025.08.11 07:39:58,scan_skipped_same_execution_bar,USDJPY,2025.08.11 07:15:00,0,
2025.08.11 07:49:59,scan_executed_new_execution_bar,USDJPY,2025.08.11 07:30:00,0,
2025.08.11 07:54:59,scan_skipped_same_execution_bar,USDJPY,2025.08.11 07:30:00,0,
2025.08.11 08:04:59,scan_executed_new_execution_bar,USDJPY,2025.08.11 07:45:00,0,
2025.08.11 08:09:59,scan_skipped_same_execution_bar,USDJPY,2025.08.11 07:45:00,0,
2025.08.11 08:19:59,scan_executed_new_execution_bar,USDJPY,2025.08.11 08:00:00,16,
2025.08.11 08:24:57,scan_skipped_same_execution_bar,USDJPY,2025.08.11 08:00:00,0,
2025.08.11 08:34:59,scan_executed_new_execution_bar,USDJPY,2025.08.11 08:15:00,0,
2025.08.11 08:39:59,scan_skipped_same_execution_bar,USDJPY,2025.08.11 08:15:00,0,
2025.08.11 08:49:58,scan_executed_new_execution_bar,USDJPY,2025.08.11 08:30:00,0,
2025.08.11 08:54:59,scan_skipped_same_execution_bar,USDJPY,2025.08.11 08:30:00,0,
2025.08.11 09:04:59,scan_executed_new_execution_bar,USDJPY,2025.08.11 08:45:00,0,
2025.08.11 09:09:59,scan_skipped_same_execution_bar,USDJPY,2025.08.11 08:45:00,0,
2025.08.11 09:19:59,scan_executed_new_execution_bar,USDJPY,2025.08.11 09:00:00,0,
2025.08.11 09:24:59,scan_skipped_same_execution_bar,USDJPY,2025.08.11 09:00:00,0,
2025.08.11 09:34:59,scan_executed_new_execution_bar,USDJPY,2025.08.11 09:15:00,0,
2025.08.11 09:39:59,scan_skipped_same_execution_bar,USDJPY,2025.08.11 09:15:00,0,
2025.08.11 09:49:59,scan_executed_new_execution_bar,USDJPY,2025.08.11 09:30:00,0,
2025.08.11 09:54:59,scan_skipped_same_execution_bar,USDJPY,2025.08.11 09:30:00,0,
2025.08.11 10:04:58,scan_executed_new_execution_bar,USDJPY,2025.08.11 09:45:00,0,
2025.08.11 10:09:59,scan_skipped_same_execution_bar,USDJPY,2025.08.11 09:45:00,0,
2025.08.11 10:19:59,scan_executed_new_execution_bar,USDJPY,2025.08.11 10:00:00,0,
2025.08.11 10:24:59,scan_skipped_same_execution_bar,USDJPY,2025.08.11 10:00:00,0,
2025.08.11 10:34:59,scan_executed_new_execution_bar,USDJPY,2025.08.11 10:15:00,0,
2025.08.11 10:39:59,scan_skipped_same_execution_bar,USDJPY,2025.08.11 10:15:00,0,
2025.08.11 10:49:59,scan_executed_new_execution_bar,USDJPY,2025.08.11 10:30:00,0,
2025.08.11 10:54:59,scan_skipped_same_execution_bar,USDJPY,2025.08.11 10:30:00,0,
2025.08.11 11:04:59,scan_executed_new_execution_bar,USDJPY,2025.08.11 10:45:00,0,
2025.08.11 11:09:59,scan_skipped_same_execution_bar,USDJPY,2025.08.11 10:45:00,0,
2025.08.11 11:19:59,scan_executed_new_execution_bar,USDJPY,2025.08.11 11:00:00,0,
2025.08.11 11:24:59,scan_skipped_same_execution_bar,USDJPY,2025.08.11 11:00:00,0,
2025.08.11 11:34:59,scan_executed_new_execution_bar,USDJPY,2025.08.11 11:15:00,0,
2025.08.11 11:39:59,scan_skipped_same_execution_bar,USDJPY,2025.08.11 11:15:00,0,
2025.08.11 11:49:59,scan_executed_new_execution_bar,USDJPY,2025.08.11 11:30:00,16,
2025.08.11 11:54:59,scan_skipped_same_execution_bar,USDJPY,2025.08.11 11:30:00,0,
2025.08.11 12:00:00,scan_executed_new_execution_bar,USDJPY,2025.08.11 11:45:00,16,
2025.08.11 12:04:59,scan_skipped_same_execution_bar,USDJPY,2025.08.11 11:45:00,0,
2025.08.11 12:19:59,scan_executed_new_execution_bar,USDJPY,2025.08.11 12:00:00,0,
2025.08.11 12:24:59,scan_skipped_same_execution_bar,USDJPY,2025.08.11 12:00:00,0,
2025.08.11 12:34:59,scan_executed_new_execution_bar,USDJPY,2025.08.11 12:15:00,0,
2025.08.11 12:39:59,scan_skipped_same_execution_bar,USDJPY,2025.08.11 12:15:00,0,
2025.08.11 12:49:59,scan_executed_new_execution_bar,USDJPY,2025.08.11 12:30:00,16,
2025.08.11 12:54:58,scan_skipped_same_execution_bar,USDJPY,2025.08.11 12:30:00,0,
2025.08.11 13:04:59,scan_executed_new_execution_bar,USDJPY,2025.08.11 12:45:00,0,
2025.08.11 13:09:59,scan_skipped_same_execution_bar,USDJPY,2025.08.11 12:45:00,0,
2025.08.11 13:19:59,scan_executed_new_execution_bar,USDJPY,2025.08.11 13:00:00,0,
2025.08.11 13:24:59,scan_skipped_same_execution_bar,USDJPY,2025.08.11 13:00:00,0,
2025.08.11 13:34:58,scan_executed_new_execution_bar,USDJPY,2025.08.11 13:15:00,0,
2025.08.11 13:39:59,scan_skipped_same_execution_bar,USDJPY,2025.08.11 13:15:00,0,
2025.08.11 13:49:59,scan_executed_new_execution_bar,USDJPY,2025.08.11 13:30:00,0,
2025.08.11 13:54:59,scan_skipped_same_execution_bar,USDJPY,2025.08.11 13:30:00,0,
2025.08.11 14:04:59,scan_executed_new_execution_bar,USDJPY,2025.08.11 13:45:00,16,
2025.08.11 14:09:59,scan_skipped_same_execution_bar,USDJPY,2025.08.11 13:45:00,0,
2025.08.11 14:19:59,scan_executed_new_execution_bar,USDJPY,2025.08.11 14:00:00,0,
2025.08.11 14:24:59,scan_skipped_same_execution_bar,USDJPY,2025.08.11 14:00:00,0,
2025.08.11 14:34:59,scan_executed_new_execution_bar,USDJPY,2025.08.11 14:15:00,0,
2025.08.11 14:39:59,scan_skipped_same_execution_bar,USDJPY,2025.08.11 14:15:00,0,
2025.08.11 14:49:59,scan_executed_new_execution_bar,USDJPY,2025.08.11 14:30:00,0,
2025.08.11 14:54:59,scan_skipped_same_execution_bar,USDJPY,2025.08.11 14:30:00,0,
2025.08.11 15:04:59,scan_executed_new_execution_bar,USDJPY,2025.08.11 14:45:00,0,
2025.08.11 15:09:59,scan_skipped_same_execution_bar,USDJPY,2025.08.11 14:45:00,0,
2025.08.11 15:19:59,scan_executed_new_execution_bar,USDJPY,2025.08.11 15:00:00,0,
2025.08.11 15:24:59,scan_skipped_same_execution_bar,USDJPY,2025.08.11 15:00:00,0,
2025.08.11 15:34:59,scan_executed_new_execution_bar,USDJPY,2025.08.11 15:15:00,0,
2025.08.11 15:39:59,scan_skipped_same_execution_bar,USDJPY,2025.08.11 15:15:00,0,
2025.08.11 15:49:59,scan_executed_new_execution_bar,USDJPY,2025.08.11 15:30:00,0,
2025.08.11 15:54:59,scan_skipped_same_execution_bar,USDJPY,2025.08.11 15:30:00,0,
2025.08.11 16:04:59,scan_executed_new_execution_bar,USDJPY,2025.08.11 15:45:00,16,
2025.08.11 16:09:59,scan_skipped_same_execution_bar,USDJPY,2025.08.11 15:45:00,0,
2025.08.11 16:19:59,scan_executed_new_execution_bar,USDJPY,2025.08.11 16:00:00,0,
2025.08.11 16:24:59,scan_skipped_same_execution_bar,USDJPY,2025.08.11 16:00:00,0,
2025.08.11 16:34:59,scan_executed_new_execution_bar,USDJPY,2025.08.11 16:15:00,16,
2025.08.11 16:39:59,scan_skipped_same_execution_bar,USDJPY,2025.08.11 16:15:00,0,
2025.08.11 16:49:59,scan_executed_new_execution_bar,USDJPY,2025.08.11 16:30:00,0,
2025.08.11 16:55:00,scan_skipped_same_execution_bar,USDJPY,2025.08.11 16:30:00,0,
2025.08.11 17:04:59,scan_executed_new_execution_bar,USDJPY,2025.08.11 16:45:00,0,
2025.08.11 17:09:59,scan_skipped_same_execution_bar,USDJPY,2025.08.11 16:45:00,0,
2025.08.11 17:19:59,scan_executed_new_execution_bar,USDJPY,2025.08.11 17:00:00,0,
2025.08.11 17:24:59,scan_skipped_same_execution_bar,USDJPY,2025.08.11 17:00:00,0,
2025.08.11 17:34:59,scan_executed_new_execution_bar,USDJPY,2025.08.11 17:15:00,0,
2025.08.11 17:39:59,scan_skipped_same_execution_bar,USDJPY,2025.08.11 17:15:00,0,
2025.08.11 17:49:59,scan_executed_new_execution_bar,USDJPY,2025.08.11 17:30:00,0,
2025.08.11 17:55:00,scan_skipped_same_execution_bar,USDJPY,2025.08.11 17:30:00,0,
2025.08.11 18:04:59,scan_executed_new_execution_bar,USDJPY,2025.08.11 17:45:00,16,
2025.08.11 18:09:59,scan_skipped_same_execution_bar,USDJPY,2025.08.11 17:45:00,0,
2025.08.11 18:19:59,scan_executed_new_execution_bar,USDJPY,2025.08.11 18:00:00,0,
2025.08.11 18:24:59,scan_skipped_same_execution_bar,USDJPY,2025.08.11 18:00:00,0,
2025.08.11 18:34:59,scan_executed_new_execution_bar,USDJPY,2025.08.11 18:15:00,47,
2025.08.11 18:39:59,scan_skipped_same_execution_bar,USDJPY,2025.08.11 18:15:00,0,
2025.08.11 18:49:58,scan_executed_new_execution_bar,USDJPY,2025.08.11 18:30:00,31,
2025.08.11 18:54:59,scan_skipped_same_execution_bar,USDJPY,2025.08.11 18:30:00,0,
2025.08.11 19:04:59,scan_executed_new_execution_bar,USDJPY,2025.08.11 18:45:00,16,
2025.08.11 19:09:59,scan_skipped_same_execution_bar,USDJPY,2025.08.11 18:45:00,0,
2025.08.11 19:19:59,scan_executed_new_execution_bar,USDJPY,2025.08.11 19:00:00,15,
2025.08.11 19:24:59,scan_skipped_same_execution_bar,USDJPY,2025.08.11 19:00:00,0,
2025.08.11 19:34:59,scan_executed_new_execution_bar,USDJPY,2025.08.11 19:15:00,0,
2025.08.11 19:39:59,scan_skipped_same_execution_bar,USDJPY,2025.08.11 19:15:00,0,
2025.08.11 19:49:59,scan_executed_new_execution_bar,USDJPY,2025.08.11 19:30:00,0,
2025.08.11 19:54:59,scan_skipped_same_execution_bar,USDJPY,2025.08.11 19:30:00,0,
2025.08.11 20:04:59,scan_executed_new_execution_bar,USDJPY,2025.08.11 19:45:00,0,
2025.08.11 20:09:59,scan_skipped_same_execution_bar,USDJPY,2025.08.11 19:45:00,0,
2025.08.11 20:19:59,scan_executed_new_execution_bar,USDJPY,2025.08.11 20:00:00,16,
2025.08.11 20:24:59,scan_skipped_same_execution_bar,USDJPY,2025.08.11 20:00:00,0,
2025.08.11 20:34:59,scan_executed_new_execution_bar,USDJPY,2025.08.11 20:15:00,0,
2025.08.11 20:39:58,scan_skipped_same_execution_bar,USDJPY,2025.08.11 20:15:00,0,
2025.08.11 20:49:59,scan_executed_new_execution_bar,USDJPY,2025.08.11 20:30:00,16,
2025.08.11 20:54:59,scan_skipped_same_execution_bar,USDJPY,2025.08.11 20:30:00,0,
2025.08.11 21:04:59,scan_executed_new_execution_bar,USDJPY,2025.08.11 20:45:00,0,
2025.08.11 21:09:59,scan_skipped_same_execution_bar,USDJPY,2025.08.11 20:45:00,0,
2025.08.11 21:19:59,scan_executed_new_execution_bar,USDJPY,2025.08.11 21:00:00,0,
2025.08.11 21:24:59,scan_skipped_same_execution_bar,USDJPY,2025.08.11 21:00:00,0,
2025.08.11 21:34:59,scan_executed_new_execution_bar,USDJPY,2025.08.11 21:15:00,0,
2025.08.11 21:39:59,scan_skipped_same_execution_bar,USDJPY,2025.08.11 21:15:00,0,
2025.08.11 21:49:59,scan_executed_new_execution_bar,USDJPY,2025.08.11 21:30:00,0,
2025.08.11 21:54:58,scan_skipped_same_execution_bar,USDJPY,2025.08.11 21:30:00,0,
2025.08.11 22:04:59,scan_executed_new_execution_bar,USDJPY,2025.08.11 21:45:00,0,
2025.08.11 22:09:59,scan_skipped_same_execution_bar,USDJPY,2025.08.11 21:45:00,0,
2025.08.11 22:19:59,scan_executed_new_execution_bar,USDJPY,2025.08.11 22:00:00,15,
2025.08.11 22:24:58,scan_skipped_same_execution_bar,USDJPY,2025.08.11 22:00:00,0,
2025.08.11 22:34:59,scan_executed_new_execution_bar,USDJPY,2025.08.11 22:15:00,0,
2025.08.11 22:39:59,scan_skipped_same_execution_bar,USDJPY,2025.08.11 22:15:00,0,
2025.08.11 22:49:58,scan_executed_new_execution_bar,USDJPY,2025.08.11 22:30:00,0,
2025.08.11 22:54:59,scan_skipped_same_execution_bar,USDJPY,2025.08.11 22:30:00,0,
2025.08.11 23:04:59,scan_executed_new_execution_bar,USDJPY,2025.08.11 22:45:00,0,
2025.08.11 23:09:59,scan_skipped_same_execution_bar,USDJPY,2025.08.11 22:45:00,0,
2025.08.11 23:19:59,scan_executed_new_execution_bar,USDJPY,2025.08.11 23:00:00,16,
2025.08.11 23:24:59,scan_skipped_same_execution_bar,USDJPY,2025.08.11 23:00:00,0,
2025.08.11 23:34:59,scan_executed_new_execution_bar,USDJPY,2025.08.11 23:15:00,16,
2025.08.11 23:39:58,scan_skipped_same_execution_bar,USDJPY,2025.08.11 23:15:00,0,
2025.08.11 23:49:59,scan_executed_new_execution_bar,USDJPY,2025.08.11 23:30:00,0,
2025.08.11 23:54:59,scan_skipped_same_execution_bar,USDJPY,2025.08.11 23:30:00,0,
2025.08.12 00:04:54,scan_executed_new_execution_bar,USDJPY,2025.08.11 23:45:00,0,
2025.08.12 00:09:59,scan_skipped_same_execution_bar,USDJPY,2025.08.11 23:45:00,0,
2025.08.12 00:19:54,scan_executed_new_execution_bar,USDJPY,2025.08.12 00:00:00,0,
2025.08.12 00:24:54,scan_skipped_same_execution_bar,USDJPY,2025.08.12 00:00:00,0,
2025.08.12 00:34:59,scan_executed_new_execution_bar,USDJPY,2025.08.12 00:15:00,0,
2025.08.12 00:39:54,scan_skipped_same_execution_bar,USDJPY,2025.08.12 00:15:00,0,
2025.08.12 00:49:57,scan_executed_new_execution_bar,USDJPY,2025.08.12 00:30:00,0,
2025.08.12 00:55:00,scan_skipped_same_execution_bar,USDJPY,2025.08.12 00:30:00,0,
2025.08.12 01:04:59,scan_executed_new_execution_bar,USDJPY,2025.08.12 00:45:00,0,
2025.08.12 01:09:59,scan_skipped_same_execution_bar,USDJPY,2025.08.12 00:45:00,0,
2025.08.12 01:19:59,scan_executed_new_execution_bar,USDJPY,2025.08.12 01:00:00,0,
2025.08.12 01:24:56,scan_skipped_same_execution_bar,USDJPY,2025.08.12 01:00:00,0,
2025.08.12 01:34:59,scan_executed_new_execution_bar,USDJPY,2025.08.12 01:15:00,16,
2025.08.12 01:39:59,scan_skipped_same_execution_bar,USDJPY,2025.08.12 01:15:00,0,
2025.08.12 01:50:00,scan_executed_new_execution_bar,USDJPY,2025.08.12 01:30:00,0,
2025.08.12 01:54:59,scan_skipped_same_execution_bar,USDJPY,2025.08.12 01:30:00,0,
2025.08.12 02:04:59,scan_executed_new_execution_bar,USDJPY,2025.08.12 01:45:00,0,
2025.08.12 02:09:59,scan_skipped_same_execution_bar,USDJPY,2025.08.12 01:45:00,0,
2025.08.12 02:19:59,scan_executed_new_execution_bar,USDJPY,2025.08.12 02:00:00,0,
2025.08.12 02:24:58,scan_skipped_same_execution_bar,USDJPY,2025.08.12 02:00:00,0,
2025.08.12 02:34:59,scan_executed_new_execution_bar,USDJPY,2025.08.12 02:15:00,16,
2025.08.12 02:39:53,scan_skipped_same_execution_bar,USDJPY,2025.08.12 02:15:00,0,
2025.08.12 02:49:55,scan_executed_new_execution_bar,USDJPY,2025.08.12 02:30:00,0,
2025.08.12 02:54:59,scan_skipped_same_execution_bar,USDJPY,2025.08.12 02:30:00,0,
2025.08.12 03:04:59,scan_executed_new_execution_bar,USDJPY,2025.08.12 02:45:00,0,
2025.08.12 03:09:59,scan_skipped_same_execution_bar,USDJPY,2025.08.12 02:45:00,0,
2025.08.12 03:19:59,scan_executed_new_execution_bar,USDJPY,2025.08.12 03:00:00,0,
2025.08.12 03:24:59,scan_skipped_same_execution_bar,USDJPY,2025.08.12 03:00:00,0,
2025.08.12 03:34:59,scan_executed_new_execution_bar,USDJPY,2025.08.12 03:15:00,0,
2025.08.12 03:39:59,scan_skipped_same_execution_bar,USDJPY,2025.08.12 03:15:00,0,
2025.08.12 03:49:59,scan_executed_new_execution_bar,USDJPY,2025.08.12 03:30:00,0,
2025.08.12 03:54:59,scan_skipped_same_execution_bar,USDJPY,2025.08.12 03:30:00,0,
2025.08.12 04:05:00,scan_executed_new_execution_bar,USDJPY,2025.08.12 03:45:00,0,
2025.08.12 04:09:59,scan_skipped_same_execution_bar,USDJPY,2025.08.12 03:45:00,0,
2025.08.12 04:19:59,scan_executed_new_execution_bar,USDJPY,2025.08.12 04:00:00,15,
2025.08.12 04:24:59,scan_skipped_same_execution_bar,USDJPY,2025.08.12 04:00:00,0,
2025.08.12 04:34:59,scan_executed_new_execution_bar,USDJPY,2025.08.12 04:15:00,16,
2025.08.12 04:39:59,scan_skipped_same_execution_bar,USDJPY,2025.08.12 04:15:00,0,
2025.08.12 04:49:59,scan_executed_new_execution_bar,USDJPY,2025.08.12 04:30:00,16,
2025.08.12 04:54:59,scan_skipped_same_execution_bar,USDJPY,2025.08.12 04:30:00,0,
2025.08.12 05:04:59,scan_executed_new_execution_bar,USDJPY,2025.08.12 04:45:00,15,
2025.08.12 05:09:59,scan_skipped_same_execution_bar,USDJPY,2025.08.12 04:45:00,0,
2025.08.12 05:19:59,scan_executed_new_execution_bar,USDJPY,2025.08.12 05:00:00,0,
2025.08.12 05:24:59,scan_skipped_same_execution_bar,USDJPY,2025.08.12 05:00:00,0,
2025.08.12 05:34:59,scan_executed_new_execution_bar,USDJPY,2025.08.12 05:15:00,16,
2025.08.12 05:39:59,scan_skipped_same_execution_bar,USDJPY,2025.08.12 05:15:00,0,
2025.08.12 05:49:59,scan_executed_new_execution_bar,USDJPY,2025.08.12 05:30:00,0,
2025.08.12 05:54:59,scan_skipped_same_execution_bar,USDJPY,2025.08.12 05:30:00,0,
2025.08.12 06:04:59,scan_executed_new_execution_bar,USDJPY,2025.08.12 05:45:00,16,
2025.08.12 06:09:59,scan_skipped_same_execution_bar,USDJPY,2025.08.12 05:45:00,0,
2025.08.12 06:19:59,scan_executed_new_execution_bar,USDJPY,2025.08.12 06:00:00,0,
2025.08.12 06:24:59,scan_skipped_same_execution_bar,USDJPY,2025.08.12 06:00:00,0,
2025.08.12 06:34:59,scan_executed_new_execution_bar,USDJPY,2025.08.12 06:15:00,16,
2025.08.12 06:39:59,scan_skipped_same_execution_bar,USDJPY,2025.08.12 06:15:00,0,
2025.08.12 06:49:59,scan_executed_new_execution_bar,USDJPY,2025.08.12 06:30:00,0,
2025.08.12 06:54:59,scan_skipped_same_execution_bar,USDJPY,2025.08.12 06:30:00,0,
2025.08.12 07:04:59,scan_executed_new_execution_bar,USDJPY,2025.08.12 06:45:00,0,
2025.08.12 07:09:59,scan_skipped_same_execution_bar,USDJPY,2025.08.12 06:45:00,0,
2025.08.12 07:19:59,scan_executed_new_execution_bar,USDJPY,2025.08.12 07:00:00,0,
2025.08.12 07:24:59,scan_skipped_same_execution_bar,USDJPY,2025.08.12 07:00:00,0,
2025.08.12 07:34:59,scan_executed_new_execution_bar,USDJPY,2025.08.12 07:15:00,0,
2025.08.12 07:40:00,scan_skipped_same_execution_bar,USDJPY,2025.08.12 07:15:00,0,
2025.08.12 07:49:57,scan_executed_new_execution_bar,USDJPY,2025.08.12 07:30:00,0,
2025.08.12 07:54:59,scan_skipped_same_execution_bar,USDJPY,2025.08.12 07:30:00,0,
2025.08.12 08:04:59,scan_executed_new_execution_bar,USDJPY,2025.08.12 07:45:00,0,
2025.08.12 08:09:59,scan_skipped_same_execution_bar,USDJPY,2025.08.12 07:45:00,0,
2025.08.12 08:19:59,scan_executed_new_execution_bar,USDJPY,2025.08.12 08:00:00,0,
2025.08.12 08:24:59,scan_skipped_same_execution_bar,USDJPY,2025.08.12 08:00:00,0,
2025.08.12 08:34:59,scan_executed_new_execution_bar,USDJPY,2025.08.12 08:15:00,0,
2025.08.12 08:39:59,scan_skipped_same_execution_bar,USDJPY,2025.08.12 08:15:00,0,
2025.08.12 08:49:59,scan_executed_new_execution_bar,USDJPY,2025.08.12 08:30:00,0,
2025.08.12 08:54:59,scan_skipped_same_execution_bar,USDJPY,2025.08.12 08:30:00,0,
2025.08.12 09:04:59,scan_executed_new_execution_bar,USDJPY,2025.08.12 08:45:00,0,
2025.08.12 09:09:59,scan_skipped_same_execution_bar,USDJPY,2025.08.12 08:45:00,0,
2025.08.12 09:19:59,scan_executed_new_execution_bar,USDJPY,2025.08.12 09:00:00,0,
2025.08.12 09:24:59,scan_skipped_same_execution_bar,USDJPY,2025.08.12 09:00:00,0,
2025.08.12 09:34:59,scan_executed_new_execution_bar,USDJPY,2025.08.12 09:15:00,0,
2025.08.12 09:39:59,scan_skipped_same_execution_bar,USDJPY,2025.08.12 09:15:00,0,
2025.08.12 09:49:59,scan_executed_new_execution_bar,USDJPY,2025.08.12 09:30:00,0,
2025.08.12 09:54:59,scan_skipped_same_execution_bar,USDJPY,2025.08.12 09:30:00,0,
2025.08.12 10:04:59,scan_executed_new_execution_bar,USDJPY,2025.08.12 09:45:00,0,
2025.08.12 10:09:59,scan_skipped_same_execution_bar,USDJPY,2025.08.12 09:45:00,0,
2025.08.12 10:19:58,scan_executed_new_execution_bar,USDJPY,2025.08.12 10:00:00,0,
2025.08.12 10:24:59,scan_skipped_same_execution_bar,USDJPY,2025.08.12 10:00:00,0,
2025.08.12 10:34:59,scan_executed_new_execution_bar,USDJPY,2025.08.12 10:15:00,0,
2025.08.12 10:39:59,scan_skipped_same_execution_bar,USDJPY,2025.08.12 10:15:00,0,
2025.08.12 10:49:59,scan_executed_new_execution_bar,USDJPY,2025.08.12 10:30:00,0,
2025.08.12 10:54:59,scan_skipped_same_execution_bar,USDJPY,2025.08.12 10:30:00,0,
2025.08.12 11:04:59,scan_executed_new_execution_bar,USDJPY,2025.08.12 10:45:00,0,
2025.08.12 11:09:59,scan_skipped_same_execution_bar,USDJPY,2025.08.12 10:45:00,0,
2025.08.12 11:19:59,scan_executed_new_execution_bar,USDJPY,2025.08.12 11:00:00,0,
2025.08.12 11:24:59,scan_skipped_same_execution_bar,USDJPY,2025.08.12 11:00:00,0,
2025.08.12 11:34:59,scan_executed_new_execution_bar,USDJPY,2025.08.12 11:15:00,0,
2025.08.12 11:39:59,scan_skipped_same_execution_bar,USDJPY,2025.08.12 11:15:00,0,
2025.08.12 11:49:59,scan_executed_new_execution_bar,USDJPY,2025.08.12 11:30:00,0,
2025.08.12 11:54:59,scan_skipped_same_execution_bar,USDJPY,2025.08.12 11:30:00,0,
2025.08.12 12:04:59,scan_executed_new_execution_bar,USDJPY,2025.08.12 11:45:00,0,
2025.08.12 12:09:59,scan_skipped_same_execution_bar,USDJPY,2025.08.12 11:45:00,0,
2025.08.12 12:19:59,scan_executed_new_execution_bar,USDJPY,2025.08.12 12:00:00,31,
2025.08.12 12:24:59,scan_skipped_same_execution_bar,USDJPY,2025.08.12 12:00:00,0,
2025.08.12 12:34:59,scan_executed_new_execution_bar,USDJPY,2025.08.12 12:15:00,16,
2025.08.12 12:39:58,scan_skipped_same_execution_bar,USDJPY,2025.08.12 12:15:00,0,
2025.08.12 12:49:59,scan_executed_new_execution_bar,USDJPY,2025.08.12 12:30:00,0,
2025.08.12 12:54:59,scan_skipped_same_execution_bar,USDJPY,2025.08.12 12:30:00,0,
2025.08.12 13:04:59,scan_executed_new_execution_bar,USDJPY,2025.08.12 12:45:00,0,
2025.08.12 13:09:59,scan_skipped_same_execution_bar,USDJPY,2025.08.12 12:45:00,0,
2025.08.12 13:20:00,scan_executed_new_execution_bar,USDJPY,2025.08.12 13:00:00,16,
2025.08.12 13:24:59,scan_skipped_same_execution_bar,USDJPY,2025.08.12 13:00:00,0,
2025.08.12 13:34:59,scan_executed_new_execution_bar,USDJPY,2025.08.12 13:15:00,0,
2025.08.12 13:39:59,scan_skipped_same_execution_bar,USDJPY,2025.08.12 13:15:00,0,
2025.08.12 13:49:59,scan_executed_new_execution_bar,USDJPY,2025.08.12 13:30:00,0,
2025.08.12 13:54:59,scan_skipped_same_execution_bar,USDJPY,2025.08.12 13:30:00,0,
2025.08.12 14:04:59,scan_executed_new_execution_bar,USDJPY,2025.08.12 13:45:00,15,
2025.08.12 14:09:59,scan_skipped_same_execution_bar,USDJPY,2025.08.12 13:45:00,0,
2025.08.12 14:19:59,scan_executed_new_execution_bar,USDJPY,2025.08.12 14:00:00,0,
2025.08.12 14:24:59,scan_skipped_same_execution_bar,USDJPY,2025.08.12 14:00:00,0,
2025.08.12 14:34:59,scan_executed_new_execution_bar,USDJPY,2025.08.12 14:15:00,0,
2025.08.12 14:39:59,scan_skipped_same_execution_bar,USDJPY,2025.08.12 14:15:00,0,
2025.08.12 14:49:59,scan_executed_new_execution_bar,USDJPY,2025.08.12 14:30:00,0,
2025.08.12 14:54:59,scan_skipped_same_execution_bar,USDJPY,2025.08.12 14:30:00,0,
2025.08.12 15:04:59,scan_executed_new_execution_bar,USDJPY,2025.08.12 14:45:00,0,
2025.08.12 15:09:59,scan_skipped_same_execution_bar,USDJPY,2025.08.12 14:45:00,0,
2025.08.12 15:19:59,scan_executed_new_execution_bar,USDJPY,2025.08.12 15:00:00,0,
2025.08.12 15:24:59,scan_skipped_same_execution_bar,USDJPY,2025.08.12 15:00:00,0,
2025.08.12 15:34:59,scan_executed_new_execution_bar,USDJPY,2025.08.12 15:15:00,15,
2025.08.12 15:39:59,scan_skipped_same_execution_bar,USDJPY,2025.08.12 15:15:00,0,
2025.08.12 15:49:59,scan_executed_new_execution_bar,USDJPY,2025.08.12 15:30:00,0,
2025.08.12 15:54:59,scan_skipped_same_execution_bar,USDJPY,2025.08.12 15:30:00,0,
2025.08.12 16:04:59,scan_executed_new_execution_bar,USDJPY,2025.08.12 15:45:00,0,
2025.08.12 16:09:59,scan_skipped_same_execution_bar,USDJPY,2025.08.12 15:45:00,0,
2025.08.12 16:19:59,scan_executed_new_execution_bar,USDJPY,2025.08.12 16:00:00,0,
2025.08.12 16:24:59,scan_skipped_same_execution_bar,USDJPY,2025.08.12 16:00:00,0,
2025.08.12 16:35:00,scan_executed_new_execution_bar,USDJPY,2025.08.12 16:15:00,16,
2025.08.12 16:39:59,scan_skipped_same_execution_bar,USDJPY,2025.08.12 16:15:00,0,
2025.08.12 16:49:59,scan_executed_new_execution_bar,USDJPY,2025.08.12 16:30:00,31,
2025.08.12 16:54:59,scan_skipped_same_execution_bar,USDJPY,2025.08.12 16:30:00,0,
2025.08.12 17:04:59,scan_executed_new_execution_bar,USDJPY,2025.08.12 16:45:00,31,
2025.08.12 17:09:59,scan_skipped_same_execution_bar,USDJPY,2025.08.12 16:45:00,0,
2025.08.12 17:19:59,scan_executed_new_execution_bar,USDJPY,2025.08.12 17:00:00,15,
2025.08.12 17:24:59,scan_skipped_same_execution_bar,USDJPY,2025.08.12 17:00:00,0,
2025.08.12 17:34:59,scan_executed_new_execution_bar,USDJPY,2025.08.12 17:15:00,0,
2025.08.12 17:39:59,scan_skipped_same_execution_bar,USDJPY,2025.08.12 17:15:00,0,
2025.08.12 17:49:59,scan_executed_new_execution_bar,USDJPY,2025.08.12 17:30:00,15,
2025.08.12 17:54:59,scan_skipped_same_execution_bar,USDJPY,2025.08.12 17:30:00,0,
2025.08.12 18:04:59,scan_executed_new_execution_bar,USDJPY,2025.08.12 17:45:00,0,
2025.08.12 18:09:59,scan_skipped_same_execution_bar,USDJPY,2025.08.12 17:45:00,0,
2025.08.12 18:19:59,scan_executed_new_execution_bar,USDJPY,2025.08.12 18:00:00,0,
2025.08.12 18:24:59,scan_skipped_same_execution_bar,USDJPY,2025.08.12 18:00:00,0,
2025.08.12 18:34:59,scan_executed_new_execution_bar,USDJPY,2025.08.12 18:15:00,31,
2025.08.12 18:39:59,scan_skipped_same_execution_bar,USDJPY,2025.08.12 18:15:00,0,
2025.08.12 18:49:59,scan_executed_new_execution_bar,USDJPY,2025.08.12 18:30:00,32,
2025.08.12 18:54:59,scan_skipped_same_execution_bar,USDJPY,2025.08.12 18:30:00,0,
2025.08.12 19:04:59,scan_executed_new_execution_bar,USDJPY,2025.08.12 18:45:00,31,
2025.08.12 19:09:59,scan_skipped_same_execution_bar,USDJPY,2025.08.12 18:45:00,0,
2025.08.12 19:19:59,scan_executed_new_execution_bar,USDJPY,2025.08.12 19:00:00,15,
2025.08.12 19:24:57,scan_skipped_same_execution_bar,USDJPY,2025.08.12 19:00:00,0,
2025.08.12 19:34:59,scan_executed_new_execution_bar,USDJPY,2025.08.12 19:15:00,0,
2025.08.12 19:39:59,scan_skipped_same_execution_bar,USDJPY,2025.08.12 19:15:00,0,
2025.08.12 19:49:59,scan_executed_new_execution_bar,USDJPY,2025.08.12 19:30:00,32,
2025.08.12 19:54:59,scan_skipped_same_execution_bar,USDJPY,2025.08.12 19:30:00,0,
2025.08.12 20:04:59,scan_executed_new_execution_bar,USDJPY,2025.08.12 19:45:00,0,
2025.08.12 20:09:59,scan_skipped_same_execution_bar,USDJPY,2025.08.12 19:45:00,0,
2025.08.12 20:19:59,scan_executed_new_execution_bar,USDJPY,2025.08.12 20:00:00,32,
2025.08.12 20:24:59,scan_skipped_same_execution_bar,USDJPY,2025.08.12 20:00:00,0,
2025.08.12 20:34:59,scan_executed_new_execution_bar,USDJPY,2025.08.12 20:15:00,0,
2025.08.12 20:40:00,scan_skipped_same_execution_bar,USDJPY,2025.08.12 20:15:00,0,
2025.08.12 20:49:59,scan_executed_new_execution_bar,USDJPY,2025.08.12 20:30:00,0,
2025.08.12 20:54:59,scan_skipped_same_execution_bar,USDJPY,2025.08.12 20:30:00,0,
2025.08.12 21:04:59,scan_executed_new_execution_bar,USDJPY,2025.08.12 20:45:00,47,
2025.08.12 21:09:59,scan_skipped_same_execution_bar,USDJPY,2025.08.12 20:45:00,0,
2025.08.12 21:19:59,scan_executed_new_execution_bar,USDJPY,2025.08.12 21:00:00,0,
2025.08.12 21:24:59,scan_skipped_same_execution_bar,USDJPY,2025.08.12 21:00:00,0,
2025.08.12 21:34:59,scan_executed_new_execution_bar,USDJPY,2025.08.12 21:15:00,16,
2025.08.12 21:39:59,scan_skipped_same_execution_bar,USDJPY,2025.08.12 21:15:00,0,
2025.08.12 21:50:00,scan_executed_new_execution_bar,USDJPY,2025.08.12 21:30:00,0,
2025.08.12 21:54:59,scan_skipped_same_execution_bar,USDJPY,2025.08.12 21:30:00,0,
2025.08.12 22:04:59,scan_executed_new_execution_bar,USDJPY,2025.08.12 21:45:00,0,
2025.08.12 22:10:00,scan_skipped_same_execution_bar,USDJPY,2025.08.12 21:45:00,0,
2025.08.12 22:19:59,scan_executed_new_execution_bar,USDJPY,2025.08.12 22:00:00,0,
2025.08.12 22:24:59,scan_skipped_same_execution_bar,USDJPY,2025.08.12 22:00:00,0,
2025.08.12 22:34:59,scan_executed_new_execution_bar,USDJPY,2025.08.12 22:15:00,0,
2025.08.12 22:39:59,scan_skipped_same_execution_bar,USDJPY,2025.08.12 22:15:00,0,
2025.08.12 22:49:59,scan_executed_new_execution_bar,USDJPY,2025.08.12 22:30:00,16,
2025.08.12 22:54:59,scan_skipped_same_execution_bar,USDJPY,2025.08.12 22:30:00,0,
2025.08.12 23:04:57,scan_executed_new_execution_bar,USDJPY,2025.08.12 22:45:00,0,
2025.08.12 23:09:59,scan_skipped_same_execution_bar,USDJPY,2025.08.12 22:45:00,0,
2025.08.12 23:19:59,scan_executed_new_execution_bar,USDJPY,2025.08.12 23:00:00,0,
2025.08.12 23:24:55,scan_skipped_same_execution_bar,USDJPY,2025.08.12 23:00:00,0,
2025.08.12 23:34:57,scan_executed_new_execution_bar,USDJPY,2025.08.12 23:15:00,0,
2025.08.12 23:39:59,scan_skipped_same_execution_bar,USDJPY,2025.08.12 23:15:00,0,
2025.08.12 23:49:59,scan_executed_new_execution_bar,USDJPY,2025.08.12 23:30:00,0,
2025.08.12 23:54:59,scan_skipped_same_execution_bar,USDJPY,2025.08.12 23:30:00,0,
2025.08.13 00:04:20,scan_executed_new_execution_bar,USDJPY,2025.08.12 23:45:00,0,
2025.08.13 00:09:55,scan_skipped_same_execution_bar,USDJPY,2025.08.12 23:45:00,0,
2025.08.13 00:19:58,scan_executed_new_execution_bar,USDJPY,2025.08.13 00:00:00,0,
2025.08.13 00:24:59,scan_skipped_same_execution_bar,USDJPY,2025.08.13 00:00:00,0,
2025.08.13 00:34:59,scan_executed_new_execution_bar,USDJPY,2025.08.13 00:15:00,0,
2025.08.13 00:39:59,scan_skipped_same_execution_bar,USDJPY,2025.08.13 00:15:00,0,
2025.08.13 00:49:57,scan_executed_new_execution_bar,USDJPY,2025.08.13 00:30:00,0,
2025.08.13 00:54:59,scan_skipped_same_execution_bar,USDJPY,2025.08.13 00:30:00,0,
2025.08.13 01:04:58,scan_executed_new_execution_bar,USDJPY,2025.08.13 00:45:00,0,
2025.08.13 01:09:59,scan_skipped_same_execution_bar,USDJPY,2025.08.13 00:45:00,0,
2025.08.13 01:19:59,scan_executed_new_execution_bar,USDJPY,2025.08.13 01:00:00,0,
2025.08.13 01:24:58,scan_skipped_same_execution_bar,USDJPY,2025.08.13 01:00:00,0,
2025.08.13 01:34:59,scan_executed_new_execution_bar,USDJPY,2025.08.13 01:15:00,0,
2025.08.13 01:39:56,scan_skipped_same_execution_bar,USDJPY,2025.08.13 01:15:00,0,
2025.08.13 01:49:59,scan_executed_new_execution_bar,USDJPY,2025.08.13 01:30:00,0,
2025.08.13 01:55:00,scan_skipped_same_execution_bar,USDJPY,2025.08.13 01:30:00,0,
2025.08.13 02:04:58,scan_executed_new_execution_bar,USDJPY,2025.08.13 01:45:00,0,
2025.08.13 02:09:58,scan_skipped_same_execution_bar,USDJPY,2025.08.13 01:45:00,0,
2025.08.13 02:19:58,scan_executed_new_execution_bar,USDJPY,2025.08.13 02:00:00,0,
2025.08.13 02:24:58,scan_skipped_same_execution_bar,USDJPY,2025.08.13 02:00:00,0,
2025.08.13 02:34:42,scan_executed_new_execution_bar,USDJPY,2025.08.13 02:15:00,0,
2025.08.13 02:39:59,scan_skipped_same_execution_bar,USDJPY,2025.08.13 02:15:00,0,
2025.08.13 02:49:59,scan_executed_new_execution_bar,USDJPY,2025.08.13 02:30:00,15,
2025.08.13 02:54:54,scan_skipped_same_execution_bar,USDJPY,2025.08.13 02:30:00,0,
2025.08.13 03:04:59,scan_executed_new_execution_bar,USDJPY,2025.08.13 02:45:00,0,
2025.08.13 03:09:59,scan_skipped_same_execution_bar,USDJPY,2025.08.13 02:45:00,0,
2025.08.13 03:19:59,scan_executed_new_execution_bar,USDJPY,2025.08.13 03:00:00,0,
2025.08.13 03:24:59,scan_skipped_same_execution_bar,USDJPY,2025.08.13 03:00:00,0,
2025.08.13 03:34:59,scan_executed_new_execution_bar,USDJPY,2025.08.13 03:15:00,0,
2025.08.13 03:39:59,scan_skipped_same_execution_bar,USDJPY,2025.08.13 03:15:00,0,
2025.08.13 03:49:59,scan_executed_new_execution_bar,USDJPY,2025.08.13 03:30:00,0,
2025.08.13 03:54:59,scan_skipped_same_execution_bar,USDJPY,2025.08.13 03:30:00,0,
2025.08.13 04:04:59,scan_executed_new_execution_bar,USDJPY,2025.08.13 03:45:00,0,
2025.08.13 04:09:59,scan_skipped_same_execution_bar,USDJPY,2025.08.13 03:45:00,0,
2025.08.13 04:19:59,scan_executed_new_execution_bar,USDJPY,2025.08.13 04:00:00,0,
2025.08.13 04:24:59,scan_skipped_same_execution_bar,USDJPY,2025.08.13 04:00:00,0,
2025.08.13 04:34:59,scan_executed_new_execution_bar,USDJPY,2025.08.13 04:15:00,0,
2025.08.13 04:39:59,scan_skipped_same_execution_bar,USDJPY,2025.08.13 04:15:00,0,
2025.08.13 04:49:59,scan_executed_new_execution_bar,USDJPY,2025.08.13 04:30:00,0,
2025.08.13 04:54:59,scan_skipped_same_execution_bar,USDJPY,2025.08.13 04:30:00,0,
2025.08.13 05:04:59,scan_executed_new_execution_bar,USDJPY,2025.08.13 04:45:00,0,
2025.08.13 05:09:59,scan_skipped_same_execution_bar,USDJPY,2025.08.13 04:45:00,0,
2025.08.13 05:20:00,scan_executed_new_execution_bar,USDJPY,2025.08.13 05:00:00,0,
2025.08.13 05:24:59,scan_skipped_same_execution_bar,USDJPY,2025.08.13 05:00:00,0,
2025.08.13 05:34:59,scan_executed_new_execution_bar,USDJPY,2025.08.13 05:15:00,0,
2025.08.13 05:39:59,scan_skipped_same_execution_bar,USDJPY,2025.08.13 05:15:00,0,
2025.08.13 05:49:58,scan_executed_new_execution_bar,USDJPY,2025.08.13 05:30:00,0,
2025.08.13 05:54:59,scan_skipped_same_execution_bar,USDJPY,2025.08.13 05:30:00,0,
2025.08.13 06:04:58,scan_executed_new_execution_bar,USDJPY,2025.08.13 05:45:00,0,
2025.08.13 06:09:59,scan_skipped_same_execution_bar,USDJPY,2025.08.13 05:45:00,0,
2025.08.13 06:19:59,scan_executed_new_execution_bar,USDJPY,2025.08.13 06:00:00,0,
2025.08.13 06:24:59,scan_skipped_same_execution_bar,USDJPY,2025.08.13 06:00:00,0,
2025.08.13 06:34:59,scan_executed_new_execution_bar,USDJPY,2025.08.13 06:15:00,0,
2025.08.13 06:39:59,scan_skipped_same_execution_bar,USDJPY,2025.08.13 06:15:00,0,
2025.08.13 06:49:59,scan_executed_new_execution_bar,USDJPY,2025.08.13 06:30:00,15,
2025.08.13 06:54:59,scan_skipped_same_execution_bar,USDJPY,2025.08.13 06:30:00,0,
2025.08.13 07:04:59,scan_executed_new_execution_bar,USDJPY,2025.08.13 06:45:00,0,
2025.08.13 07:09:59,scan_skipped_same_execution_bar,USDJPY,2025.08.13 06:45:00,0,
2025.08.13 07:19:59,scan_executed_new_execution_bar,USDJPY,2025.08.13 07:00:00,0,
2025.08.13 07:24:58,scan_skipped_same_execution_bar,USDJPY,2025.08.13 07:00:00,0,
2025.08.13 07:34:59,scan_executed_new_execution_bar,USDJPY,2025.08.13 07:15:00,0,
2025.08.13 07:39:59,scan_skipped_same_execution_bar,USDJPY,2025.08.13 07:15:00,0,
2025.08.13 07:49:59,scan_executed_new_execution_bar,USDJPY,2025.08.13 07:30:00,16,
2025.08.13 07:54:59,scan_skipped_same_execution_bar,USDJPY,2025.08.13 07:30:00,0,
2025.08.13 08:04:59,scan_executed_new_execution_bar,USDJPY,2025.08.13 07:45:00,0,
2025.08.13 08:09:59,scan_skipped_same_execution_bar,USDJPY,2025.08.13 07:45:00,0,
2025.08.13 08:19:59,scan_executed_new_execution_bar,USDJPY,2025.08.13 08:00:00,0,
2025.08.13 08:24:59,scan_skipped_same_execution_bar,USDJPY,2025.08.13 08:00:00,0,
2025.08.13 08:34:59,scan_executed_new_execution_bar,USDJPY,2025.08.13 08:15:00,0,
2025.08.13 08:39:58,scan_skipped_same_execution_bar,USDJPY,2025.08.13 08:15:00,0,
2025.08.13 08:49:59,scan_executed_new_execution_bar,USDJPY,2025.08.13 08:30:00,0,
2025.08.13 08:54:59,scan_skipped_same_execution_bar,USDJPY,2025.08.13 08:30:00,0,
2025.08.13 09:04:59,scan_executed_new_execution_bar,USDJPY,2025.08.13 08:45:00,0,
2025.08.13 09:09:59,scan_skipped_same_execution_bar,USDJPY,2025.08.13 08:45:00,0,
2025.08.13 09:19:59,scan_executed_new_execution_bar,USDJPY,2025.08.13 09:00:00,0,
2025.08.13 09:24:59,scan_skipped_same_execution_bar,USDJPY,2025.08.13 09:00:00,0,
2025.08.13 09:34:59,scan_executed_new_execution_bar,USDJPY,2025.08.13 09:15:00,0,
2025.08.13 09:39:59,scan_skipped_same_execution_bar,USDJPY,2025.08.13 09:15:00,0,
2025.08.13 09:49:59,scan_executed_new_execution_bar,USDJPY,2025.08.13 09:30:00,0,
2025.08.13 09:54:59,scan_skipped_same_execution_bar,USDJPY,2025.08.13 09:30:00,0,
2025.08.13 10:04:59,scan_executed_new_execution_bar,USDJPY,2025.08.13 09:45:00,0,
2025.08.13 10:09:59,scan_skipped_same_execution_bar,USDJPY,2025.08.13 09:45:00,0,
2025.08.13 10:19:59,scan_executed_new_execution_bar,USDJPY,2025.08.13 10:00:00,0,
2025.08.13 10:24:59,scan_skipped_same_execution_bar,USDJPY,2025.08.13 10:00:00,0,
2025.08.13 10:34:59,scan_executed_new_execution_bar,USDJPY,2025.08.13 10:15:00,0,
2025.08.13 10:39:59,scan_skipped_same_execution_bar,USDJPY,2025.08.13 10:15:00,0,
2025.08.13 10:49:59,scan_executed_new_execution_bar,USDJPY,2025.08.13 10:30:00,0,
2025.08.13 10:54:58,scan_skipped_same_execution_bar,USDJPY,2025.08.13 10:30:00,0,
2025.08.13 11:04:59,scan_executed_new_execution_bar,USDJPY,2025.08.13 10:45:00,0,
2025.08.13 11:09:59,scan_skipped_same_execution_bar,USDJPY,2025.08.13 10:45:00,0,
2025.08.13 11:19:59,scan_executed_new_execution_bar,USDJPY,2025.08.13 11:00:00,0,
2025.08.13 11:24:59,scan_skipped_same_execution_bar,USDJPY,2025.08.13 11:00:00,0,
2025.08.13 11:34:59,scan_executed_new_execution_bar,USDJPY,2025.08.13 11:15:00,0,
2025.08.13 11:39:59,scan_skipped_same_execution_bar,USDJPY,2025.08.13 11:15:00,0,
2025.08.13 11:49:59,scan_executed_new_execution_bar,USDJPY,2025.08.13 11:30:00,15,
2025.08.13 11:54:59,scan_skipped_same_execution_bar,USDJPY,2025.08.13 11:30:00,0,
2025.08.13 12:04:59,scan_executed_new_execution_bar,USDJPY,2025.08.13 11:45:00,0,
2025.08.13 12:09:59,scan_skipped_same_execution_bar,USDJPY,2025.08.13 11:45:00,0,
2025.08.13 12:19:59,scan_executed_new_execution_bar,USDJPY,2025.08.13 12:00:00,0,
2025.08.13 12:24:59,scan_skipped_same_execution_bar,USDJPY,2025.08.13 12:00:00,0,
2025.08.13 12:34:59,scan_executed_new_execution_bar,USDJPY,2025.08.13 12:15:00,16,
2025.08.13 12:39:59,scan_skipped_same_execution_bar,USDJPY,2025.08.13 12:15:00,0,
2025.08.13 12:50:00,scan_executed_new_execution_bar,USDJPY,2025.08.13 12:30:00,0,
2025.08.13 12:54:59,scan_skipped_same_execution_bar,USDJPY,2025.08.13 12:30:00,0,
2025.08.13 13:04:59,scan_executed_new_execution_bar,USDJPY,2025.08.13 12:45:00,0,
2025.08.13 13:09:59,scan_skipped_same_execution_bar,USDJPY,2025.08.13 12:45:00,0,
2025.08.13 13:19:59,scan_executed_new_execution_bar,USDJPY,2025.08.13 13:00:00,16,
2025.08.13 13:24:59,scan_skipped_same_execution_bar,USDJPY,2025.08.13 13:00:00,0,
2025.08.13 13:34:59,scan_executed_new_execution_bar,USDJPY,2025.08.13 13:15:00,31,
2025.08.13 13:39:59,scan_skipped_same_execution_bar,USDJPY,2025.08.13 13:15:00,0,
2025.08.13 13:49:59,scan_executed_new_execution_bar,USDJPY,2025.08.13 13:30:00,16,
2025.08.13 13:54:59,scan_skipped_same_execution_bar,USDJPY,2025.08.13 13:30:00,0,
2025.08.13 14:04:58,scan_executed_new_execution_bar,USDJPY,2025.08.13 13:45:00,0,
2025.08.13 14:09:59,scan_skipped_same_execution_bar,USDJPY,2025.08.13 13:45:00,0,
2025.08.13 14:19:58,scan_executed_new_execution_bar,USDJPY,2025.08.13 14:00:00,0,
2025.08.13 14:24:59,scan_skipped_same_execution_bar,USDJPY,2025.08.13 14:00:00,0,
2025.08.13 14:34:59,scan_executed_new_execution_bar,USDJPY,2025.08.13 14:15:00,0,
2025.08.13 14:39:59,scan_skipped_same_execution_bar,USDJPY,2025.08.13 14:15:00,0,
2025.08.13 14:45:00,scan_executed_new_execution_bar,USDJPY,2025.08.13 14:30:00,0,
2025.08.13 14:49:59,scan_skipped_same_execution_bar,USDJPY,2025.08.13 14:30:00,0,
2025.08.13 15:04:59,scan_executed_new_execution_bar,USDJPY,2025.08.13 14:45:00,0,
2025.08.13 15:09:59,scan_skipped_same_execution_bar,USDJPY,2025.08.13 14:45:00,0,
2025.08.13 15:19:59,scan_executed_new_execution_bar,USDJPY,2025.08.13 15:00:00,0,
2025.08.13 15:24:59,scan_skipped_same_execution_bar,USDJPY,2025.08.13 15:00:00,0,
2025.08.13 15:34:59,scan_executed_new_execution_bar,USDJPY,2025.08.13 15:15:00,15,
2025.08.13 15:39:59,scan_skipped_same_execution_bar,USDJPY,2025.08.13 15:15:00,0,
2025.08.13 15:49:59,scan_executed_new_execution_bar,USDJPY,2025.08.13 15:30:00,0,
2025.08.13 15:54:59,scan_skipped_same_execution_bar,USDJPY,2025.08.13 15:30:00,0,
2025.08.13 16:05:00,scan_executed_new_execution_bar,USDJPY,2025.08.13 15:45:00,0,
2025.08.13 16:09:59,scan_skipped_same_execution_bar,USDJPY,2025.08.13 15:45:00,0,
2025.08.13 16:19:59,scan_executed_new_execution_bar,USDJPY,2025.08.13 16:00:00,0,
2025.08.13 16:24:59,scan_skipped_same_execution_bar,USDJPY,2025.08.13 16:00:00,0,
2025.08.13 16:34:59,scan_executed_new_execution_bar,USDJPY,2025.08.13 16:15:00,0,
2025.08.13 16:39:59,scan_skipped_same_execution_bar,USDJPY,2025.08.13 16:15:00,0,
2025.08.13 16:49:59,scan_executed_new_execution_bar,USDJPY,2025.08.13 16:30:00,0,
2025.08.13 16:54:59,scan_skipped_same_execution_bar,USDJPY,2025.08.13 16:30:00,0,
2025.08.13 17:04:59,scan_executed_new_execution_bar,USDJPY,2025.08.13 16:45:00,0,
2025.08.13 17:09:59,scan_skipped_same_execution_bar,USDJPY,2025.08.13 16:45:00,0,
2025.08.13 17:19:59,scan_executed_new_execution_bar,USDJPY,2025.08.13 17:00:00,0,
2025.08.13 17:24:59,scan_skipped_same_execution_bar,USDJPY,2025.08.13 17:00:00,0,
2025.08.13 17:34:59,scan_executed_new_execution_bar,USDJPY,2025.08.13 17:15:00,15,
2025.08.13 17:39:59,scan_skipped_same_execution_bar,USDJPY,2025.08.13 17:15:00,0,
2025.08.13 17:49:59,scan_executed_new_execution_bar,USDJPY,2025.08.13 17:30:00,16,
2025.08.13 17:54:59,scan_skipped_same_execution_bar,USDJPY,2025.08.13 17:30:00,0,
2025.08.13 18:05:00,scan_executed_new_execution_bar,USDJPY,2025.08.13 17:45:00,0,
2025.08.13 18:09:59,scan_skipped_same_execution_bar,USDJPY,2025.08.13 17:45:00,0,
2025.08.13 18:19:59,scan_executed_new_execution_bar,USDJPY,2025.08.13 18:00:00,16,
2025.08.13 18:24:59,scan_skipped_same_execution_bar,USDJPY,2025.08.13 18:00:00,0,
2025.08.13 18:34:59,scan_executed_new_execution_bar,USDJPY,2025.08.13 18:15:00,15,
2025.08.13 18:39:59,scan_skipped_same_execution_bar,USDJPY,2025.08.13 18:15:00,0,
2025.08.13 18:49:59,scan_executed_new_execution_bar,USDJPY,2025.08.13 18:30:00,0,
2025.08.13 18:54:59,scan_skipped_same_execution_bar,USDJPY,2025.08.13 18:30:00,0,
2025.08.13 19:04:59,scan_executed_new_execution_bar,USDJPY,2025.08.13 18:45:00,0,
2025.08.13 19:09:59,scan_skipped_same_execution_bar,USDJPY,2025.08.13 18:45:00,0,
2025.08.13 19:19:59,scan_executed_new_execution_bar,USDJPY,2025.08.13 19:00:00,0,
2025.08.13 19:24:59,scan_skipped_same_execution_bar,USDJPY,2025.08.13 19:00:00,0,
2025.08.13 19:34:59,scan_executed_new_execution_bar,USDJPY,2025.08.13 19:15:00,0,
2025.08.13 19:39:59,scan_skipped_same_execution_bar,USDJPY,2025.08.13 19:15:00,0,
2025.08.13 19:49:59,scan_executed_new_execution_bar,USDJPY,2025.08.13 19:30:00,0,
2025.08.13 19:54:59,scan_skipped_same_execution_bar,USDJPY,2025.08.13 19:30:00,0,
2025.08.13 20:04:59,scan_executed_new_execution_bar,USDJPY,2025.08.13 19:45:00,16,
2025.08.13 20:09:59,scan_skipped_same_execution_bar,USDJPY,2025.08.13 19:45:00,0,
2025.08.13 20:19:59,scan_executed_new_execution_bar,USDJPY,2025.08.13 20:00:00,0,
2025.08.13 20:24:59,scan_skipped_same_execution_bar,USDJPY,2025.08.13 20:00:00,0,
2025.08.13 20:34:59,scan_executed_new_execution_bar,USDJPY,2025.08.13 20:15:00,0,
2025.08.13 20:39:59,scan_skipped_same_execution_bar,USDJPY,2025.08.13 20:15:00,0,
2025.08.13 20:49:59,scan_executed_new_execution_bar,USDJPY,2025.08.13 20:30:00,0,
2025.08.13 20:54:59,scan_skipped_same_execution_bar,USDJPY,2025.08.13 20:30:00,0,
2025.08.13 21:04:59,scan_executed_new_execution_bar,USDJPY,2025.08.13 20:45:00,0,
2025.08.13 21:09:59,scan_skipped_same_execution_bar,USDJPY,2025.08.13 20:45:00,0,
2025.08.13 21:19:59,scan_executed_new_execution_bar,USDJPY,2025.08.13 21:00:00,0,
2025.08.13 21:24:59,scan_skipped_same_execution_bar,USDJPY,2025.08.13 21:00:00,0,
2025.08.13 21:34:58,scan_executed_new_execution_bar,USDJPY,2025.08.13 21:15:00,0,
2025.08.13 21:39:59,scan_skipped_same_execution_bar,USDJPY,2025.08.13 21:15:00,0,
2025.08.13 21:49:59,scan_executed_new_execution_bar,USDJPY,2025.08.13 21:30:00,0,
2025.08.13 21:54:59,scan_skipped_same_execution_bar,USDJPY,2025.08.13 21:30:00,0,
2025.08.13 22:04:59,scan_executed_new_execution_bar,USDJPY,2025.08.13 21:45:00,0,
2025.08.13 22:09:59,scan_skipped_same_execution_bar,USDJPY,2025.08.13 21:45:00,0,
2025.08.13 22:19:59,scan_executed_new_execution_bar,USDJPY,2025.08.13 22:00:00,0,
2025.08.13 22:24:59,scan_skipped_same_execution_bar,USDJPY,2025.08.13 22:00:00,0,
2025.08.13 22:34:59,scan_executed_new_execution_bar,USDJPY,2025.08.13 22:15:00,0,
2025.08.13 22:39:59,scan_skipped_same_execution_bar,USDJPY,2025.08.13 22:15:00,0,
2025.08.13 22:49:59,scan_executed_new_execution_bar,USDJPY,2025.08.13 22:30:00,0,
2025.08.13 22:54:59,scan_skipped_same_execution_bar,USDJPY,2025.08.13 22:30:00,0,
2025.08.13 23:04:58,scan_executed_new_execution_bar,USDJPY,2025.08.13 22:45:00,0,
2025.08.13 23:09:59,scan_skipped_same_execution_bar,USDJPY,2025.08.13 22:45:00,0,
2025.08.13 23:19:56,scan_executed_new_execution_bar,USDJPY,2025.08.13 23:00:00,0,
2025.08.13 23:25:00,scan_skipped_same_execution_bar,USDJPY,2025.08.13 23:00:00,0,
2025.08.13 23:34:59,scan_executed_new_execution_bar,USDJPY,2025.08.13 23:15:00,0,
2025.08.13 23:39:59,scan_skipped_same_execution_bar,USDJPY,2025.08.13 23:15:00,0,
2025.08.13 23:49:59,scan_executed_new_execution_bar,USDJPY,2025.08.13 23:30:00,0,
2025.08.13 23:54:59,scan_skipped_same_execution_bar,USDJPY,2025.08.13 23:30:00,0,
2025.08.14 00:04:44,scan_executed_new_execution_bar,USDJPY,2025.08.13 23:45:00,0,
2025.08.14 00:09:59,scan_skipped_same_execution_bar,USDJPY,2025.08.13 23:45:00,0,
2025.08.14 00:19:59,scan_executed_new_execution_bar,USDJPY,2025.08.14 00:00:00,0,
2025.08.14 00:24:57,scan_skipped_same_execution_bar,USDJPY,2025.08.14 00:00:00,0,
2025.08.14 00:34:59,scan_executed_new_execution_bar,USDJPY,2025.08.14 00:15:00,0,
2025.08.14 00:39:57,scan_skipped_same_execution_bar,USDJPY,2025.08.14 00:15:00,0,
2025.08.14 00:49:59,scan_executed_new_execution_bar,USDJPY,2025.08.14 00:30:00,0,
2025.08.14 00:54:58,scan_skipped_same_execution_bar,USDJPY,2025.08.14 00:30:00,0,
2025.08.14 01:05:00,scan_executed_new_execution_bar,USDJPY,2025.08.14 00:45:00,0,
2025.08.14 01:09:55,scan_skipped_same_execution_bar,USDJPY,2025.08.14 00:45:00,0,
2025.08.14 01:19:59,scan_executed_new_execution_bar,USDJPY,2025.08.14 01:00:00,0,
2025.08.14 01:24:59,scan_skipped_same_execution_bar,USDJPY,2025.08.14 01:00:00,0,
2025.08.14 01:34:57,scan_executed_new_execution_bar,USDJPY,2025.08.14 01:15:00,0,
2025.08.14 01:39:58,scan_skipped_same_execution_bar,USDJPY,2025.08.14 01:15:00,0,
2025.08.14 01:49:58,scan_executed_new_execution_bar,USDJPY,2025.08.14 01:30:00,0,
2025.08.14 01:54:50,scan_skipped_same_execution_bar,USDJPY,2025.08.14 01:30:00,0,
2025.08.14 02:04:59,scan_executed_new_execution_bar,USDJPY,2025.08.14 01:45:00,0,
2025.08.14 02:09:59,scan_skipped_same_execution_bar,USDJPY,2025.08.14 01:45:00,0,
2025.08.14 02:19:59,scan_executed_new_execution_bar,USDJPY,2025.08.14 02:00:00,0,
2025.08.14 02:24:59,scan_skipped_same_execution_bar,USDJPY,2025.08.14 02:00:00,0,
2025.08.14 02:34:58,scan_executed_new_execution_bar,USDJPY,2025.08.14 02:15:00,0,
2025.08.14 02:39:59,scan_skipped_same_execution_bar,USDJPY,2025.08.14 02:15:00,0,
2025.08.14 02:49:59,scan_executed_new_execution_bar,USDJPY,2025.08.14 02:30:00,0,
2025.08.14 02:54:59,scan_skipped_same_execution_bar,USDJPY,2025.08.14 02:30:00,0,
2025.08.14 03:04:59,scan_executed_new_execution_bar,USDJPY,2025.08.14 02:45:00,0,
2025.08.14 03:09:59,scan_skipped_same_execution_bar,USDJPY,2025.08.14 02:45:00,0,
2025.08.14 03:19:59,scan_executed_new_execution_bar,USDJPY,2025.08.14 03:00:00,0,
2025.08.14 03:24:59,scan_skipped_same_execution_bar,USDJPY,2025.08.14 03:00:00,0,
2025.08.14 03:34:59,scan_executed_new_execution_bar,USDJPY,2025.08.14 03:15:00,0,
2025.08.14 03:39:59,scan_skipped_same_execution_bar,USDJPY,2025.08.14 03:15:00,0,
2025.08.14 03:49:59,scan_executed_new_execution_bar,USDJPY,2025.08.14 03:30:00,0,
2025.08.14 03:54:59,scan_skipped_same_execution_bar,USDJPY,2025.08.14 03:30:00,0,
2025.08.14 04:04:58,scan_executed_new_execution_bar,USDJPY,2025.08.14 03:45:00,0,
2025.08.14 04:09:59,scan_skipped_same_execution_bar,USDJPY,2025.08.14 03:45:00,0,
2025.08.14 04:19:59,scan_executed_new_execution_bar,USDJPY,2025.08.14 04:00:00,0,
2025.08.14 04:24:59,scan_skipped_same_execution_bar,USDJPY,2025.08.14 04:00:00,0,
2025.08.14 04:34:59,scan_executed_new_execution_bar,USDJPY,2025.08.14 04:15:00,16,
2025.08.14 04:39:59,scan_skipped_same_execution_bar,USDJPY,2025.08.14 04:15:00,0,
2025.08.14 04:49:59,scan_executed_new_execution_bar,USDJPY,2025.08.14 04:30:00,0,
2025.08.14 04:54:59,scan_skipped_same_execution_bar,USDJPY,2025.08.14 04:30:00,0,
2025.08.14 05:04:59,scan_executed_new_execution_bar,USDJPY,2025.08.14 04:45:00,0,
2025.08.14 05:09:58,scan_skipped_same_execution_bar,USDJPY,2025.08.14 04:45:00,0,
2025.08.14 05:19:59,scan_executed_new_execution_bar,USDJPY,2025.08.14 05:00:00,0,
2025.08.14 05:24:59,scan_skipped_same_execution_bar,USDJPY,2025.08.14 05:00:00,0,
2025.08.14 05:34:59,scan_executed_new_execution_bar,USDJPY,2025.08.14 05:15:00,16,
2025.08.14 05:39:59,scan_skipped_same_execution_bar,USDJPY,2025.08.14 05:15:00,0,
2025.08.14 05:49:59,scan_executed_new_execution_bar,USDJPY,2025.08.14 05:30:00,0,
2025.08.14 05:54:59,scan_skipped_same_execution_bar,USDJPY,2025.08.14 05:30:00,0,
2025.08.14 06:04:58,scan_executed_new_execution_bar,USDJPY,2025.08.14 05:45:00,16,
2025.08.14 06:09:59,scan_skipped_same_execution_bar,USDJPY,2025.08.14 05:45:00,0,
2025.08.14 06:19:59,scan_executed_new_execution_bar,USDJPY,2025.08.14 06:00:00,0,
2025.08.14 06:24:59,scan_skipped_same_execution_bar,USDJPY,2025.08.14 06:00:00,0,
2025.08.14 06:34:58,scan_executed_new_execution_bar,USDJPY,2025.08.14 06:15:00,0,
2025.08.14 06:39:59,scan_skipped_same_execution_bar,USDJPY,2025.08.14 06:15:00,0,
2025.08.14 06:49:59,scan_executed_new_execution_bar,USDJPY,2025.08.14 06:30:00,0,
2025.08.14 06:54:59,scan_skipped_same_execution_bar,USDJPY,2025.08.14 06:30:00,0,
2025.08.14 07:04:59,scan_executed_new_execution_bar,USDJPY,2025.08.14 06:45:00,0,
2025.08.14 07:09:59,scan_skipped_same_execution_bar,USDJPY,2025.08.14 06:45:00,0,
2025.08.14 07:19:59,scan_executed_new_execution_bar,USDJPY,2025.08.14 07:00:00,0,
2025.08.14 07:24:58,scan_skipped_same_execution_bar,USDJPY,2025.08.14 07:00:00,0,
2025.08.14 07:34:59,scan_executed_new_execution_bar,USDJPY,2025.08.14 07:15:00,0,
2025.08.14 07:39:59,scan_skipped_same_execution_bar,USDJPY,2025.08.14 07:15:00,0,
2025.08.14 07:49:59,scan_executed_new_execution_bar,USDJPY,2025.08.14 07:30:00,0,
2025.08.14 07:54:59,scan_skipped_same_execution_bar,USDJPY,2025.08.14 07:30:00,0,
2025.08.14 08:04:59,scan_executed_new_execution_bar,USDJPY,2025.08.14 07:45:00,0,
2025.08.14 08:09:59,scan_skipped_same_execution_bar,USDJPY,2025.08.14 07:45:00,0,
2025.08.14 08:19:59,scan_executed_new_execution_bar,USDJPY,2025.08.14 08:00:00,31,
2025.08.14 08:24:59,scan_skipped_same_execution_bar,USDJPY,2025.08.14 08:00:00,0,
2025.08.14 08:34:59,scan_executed_new_execution_bar,USDJPY,2025.08.14 08:15:00,0,
2025.08.14 08:39:59,scan_skipped_same_execution_bar,USDJPY,2025.08.14 08:15:00,0,
2025.08.14 08:49:59,scan_executed_new_execution_bar,USDJPY,2025.08.14 08:30:00,0,
2025.08.14 08:54:59,scan_skipped_same_execution_bar,USDJPY,2025.08.14 08:30:00,0,
2025.08.14 09:04:59,scan_executed_new_execution_bar,USDJPY,2025.08.14 08:45:00,15,
2025.08.14 09:09:59,scan_skipped_same_execution_bar,USDJPY,2025.08.14 08:45:00,0,
2025.08.14 09:19:59,scan_executed_new_execution_bar,USDJPY,2025.08.14 09:00:00,0,
2025.08.14 09:24:59,scan_skipped_same_execution_bar,USDJPY,2025.08.14 09:00:00,0,
2025.08.14 09:34:59,scan_executed_new_execution_bar,USDJPY,2025.08.14 09:15:00,0,
2025.08.14 09:39:59,scan_skipped_same_execution_bar,USDJPY,2025.08.14 09:15:00,0,
2025.08.14 09:49:59,scan_executed_new_execution_bar,USDJPY,2025.08.14 09:30:00,0,
2025.08.14 09:54:59,scan_skipped_same_execution_bar,USDJPY,2025.08.14 09:30:00,0,
2025.08.14 10:04:59,scan_executed_new_execution_bar,USDJPY,2025.08.14 09:45:00,0,
2025.08.14 10:09:59,scan_skipped_same_execution_bar,USDJPY,2025.08.14 09:45:00,0,
2025.08.14 10:19:59,scan_executed_new_execution_bar,USDJPY,2025.08.14 10:00:00,0,
2025.08.14 10:24:59,scan_skipped_same_execution_bar,USDJPY,2025.08.14 10:00:00,0,
2025.08.14 10:34:59,scan_executed_new_execution_bar,USDJPY,2025.08.14 10:15:00,16,
2025.08.14 10:39:59,scan_skipped_same_execution_bar,USDJPY,2025.08.14 10:15:00,0,
2025.08.14 10:49:59,scan_executed_new_execution_bar,USDJPY,2025.08.14 10:30:00,0,
2025.08.14 10:54:59,scan_skipped_same_execution_bar,USDJPY,2025.08.14 10:30:00,0,
2025.08.14 11:04:59,scan_executed_new_execution_bar,USDJPY,2025.08.14 10:45:00,32,
2025.08.14 11:09:59,scan_skipped_same_execution_bar,USDJPY,2025.08.14 10:45:00,0,
2025.08.14 11:19:59,scan_executed_new_execution_bar,USDJPY,2025.08.14 11:00:00,15,
2025.08.14 11:24:59,scan_skipped_same_execution_bar,USDJPY,2025.08.14 11:00:00,0,
2025.08.14 11:34:59,scan_executed_new_execution_bar,USDJPY,2025.08.14 11:15:00,0,
2025.08.14 11:39:59,scan_skipped_same_execution_bar,USDJPY,2025.08.14 11:15:00,0,
2025.08.14 11:49:59,scan_executed_new_execution_bar,USDJPY,2025.08.14 11:30:00,31,
2025.08.14 11:54:59,scan_skipped_same_execution_bar,USDJPY,2025.08.14 11:30:00,0,
2025.08.14 12:04:59,scan_executed_new_execution_bar,USDJPY,2025.08.14 11:45:00,0,
2025.08.14 12:09:59,scan_skipped_same_execution_bar,USDJPY,2025.08.14 11:45:00,0,
2025.08.14 12:19:59,scan_executed_new_execution_bar,USDJPY,2025.08.14 12:00:00,31,
2025.08.14 12:24:59,scan_skipped_same_execution_bar,USDJPY,2025.08.14 12:00:00,0,
2025.08.14 12:34:59,scan_executed_new_execution_bar,USDJPY,2025.08.14 12:15:00,16,
2025.08.14 12:39:59,scan_skipped_same_execution_bar,USDJPY,2025.08.14 12:15:00,0,
2025.08.14 12:49:59,scan_executed_new_execution_bar,USDJPY,2025.08.14 12:30:00,16,
2025.08.14 12:54:59,scan_skipped_same_execution_bar,USDJPY,2025.08.14 12:30:00,0,
2025.08.14 13:04:59,scan_executed_new_execution_bar,USDJPY,2025.08.14 12:45:00,16,
2025.08.14 13:09:59,scan_skipped_same_execution_bar,USDJPY,2025.08.14 12:45:00,0,
2025.08.14 13:19:59,scan_executed_new_execution_bar,USDJPY,2025.08.14 13:00:00,15,
2025.08.14 13:24:59,scan_skipped_same_execution_bar,USDJPY,2025.08.14 13:00:00,0,
2025.08.14 13:34:59,scan_executed_new_execution_bar,USDJPY,2025.08.14 13:15:00,0,
2025.08.14 13:39:59,scan_skipped_same_execution_bar,USDJPY,2025.08.14 13:15:00,0,
2025.08.14 13:49:59,scan_executed_new_execution_bar,USDJPY,2025.08.14 13:30:00,15,
2025.08.14 13:54:59,scan_skipped_same_execution_bar,USDJPY,2025.08.14 13:30:00,0,
2025.08.14 14:04:59,scan_executed_new_execution_bar,USDJPY,2025.08.14 13:45:00,0,
2025.08.14 14:09:59,scan_skipped_same_execution_bar,USDJPY,2025.08.14 13:45:00,0,
2025.08.14 14:19:57,scan_executed_new_execution_bar,USDJPY,2025.08.14 14:00:00,0,
2025.08.14 14:24:59,scan_skipped_same_execution_bar,USDJPY,2025.08.14 14:00:00,0,
2025.08.14 14:34:59,scan_executed_new_execution_bar,USDJPY,2025.08.14 14:15:00,0,
2025.08.14 14:39:59,scan_skipped_same_execution_bar,USDJPY,2025.08.14 14:15:00,0,
2025.08.14 14:49:59,scan_executed_new_execution_bar,USDJPY,2025.08.14 14:30:00,0,
2025.08.14 14:54:59,scan_skipped_same_execution_bar,USDJPY,2025.08.14 14:30:00,0,
2025.08.14 15:04:59,scan_executed_new_execution_bar,USDJPY,2025.08.14 14:45:00,0,
2025.08.14 15:09:59,scan_skipped_same_execution_bar,USDJPY,2025.08.14 14:45:00,0,
2025.08.14 15:19:59,scan_executed_new_execution_bar,USDJPY,2025.08.14 15:00:00,0,
2025.08.14 15:24:59,scan_skipped_same_execution_bar,USDJPY,2025.08.14 15:00:00,0,
2025.08.14 15:34:59,scan_executed_new_execution_bar,USDJPY,2025.08.14 15:15:00,0,
2025.08.14 15:39:59,scan_skipped_same_execution_bar,USDJPY,2025.08.14 15:15:00,0,
2025.08.14 15:49:59,scan_executed_new_execution_bar,USDJPY,2025.08.14 15:30:00,0,
2025.08.14 15:54:59,scan_skipped_same_execution_bar,USDJPY,2025.08.14 15:30:00,0,
2025.08.14 16:04:59,scan_executed_new_execution_bar,USDJPY,2025.08.14 15:45:00,0,
2025.08.14 16:09:59,scan_skipped_same_execution_bar,USDJPY,2025.08.14 15:45:00,0,
2025.08.14 16:19:59,scan_executed_new_execution_bar,USDJPY,2025.08.14 16:00:00,0,
2025.08.14 16:24:59,scan_skipped_same_execution_bar,USDJPY,2025.08.14 16:00:00,0,
2025.08.14 16:34:59,scan_executed_new_execution_bar,USDJPY,2025.08.14 16:15:00,0,
2025.08.14 16:39:59,scan_skipped_same_execution_bar,USDJPY,2025.08.14 16:15:00,0,
2025.08.14 16:49:59,scan_executed_new_execution_bar,USDJPY,2025.08.14 16:30:00,0,
2025.08.14 16:54:59,scan_skipped_same_execution_bar,USDJPY,2025.08.14 16:30:00,0,
2025.08.14 17:04:59,scan_executed_new_execution_bar,USDJPY,2025.08.14 16:45:00,0,
2025.08.14 17:09:59,scan_skipped_same_execution_bar,USDJPY,2025.08.14 16:45:00,0,
2025.08.14 17:19:59,scan_executed_new_execution_bar,USDJPY,2025.08.14 17:00:00,31,
2025.08.14 17:24:59,scan_skipped_same_execution_bar,USDJPY,2025.08.14 17:00:00,0,
2025.08.14 17:34:59,scan_executed_new_execution_bar,USDJPY,2025.08.14 17:15:00,16,
2025.08.14 17:39:59,scan_skipped_same_execution_bar,USDJPY,2025.08.14 17:15:00,0,
2025.08.14 17:49:59,scan_executed_new_execution_bar,USDJPY,2025.08.14 17:30:00,0,
2025.08.14 17:54:59,scan_skipped_same_execution_bar,USDJPY,2025.08.14 17:30:00,0,
2025.08.14 18:04:59,scan_executed_new_execution_bar,USDJPY,2025.08.14 17:45:00,0,
2025.08.14 18:09:59,scan_skipped_same_execution_bar,USDJPY,2025.08.14 17:45:00,0,
2025.08.14 18:19:59,scan_executed_new_execution_bar,USDJPY,2025.08.14 18:00:00,0,
2025.08.14 18:24:59,scan_skipped_same_execution_bar,USDJPY,2025.08.14 18:00:00,0,
2025.08.14 18:34:59,scan_executed_new_execution_bar,USDJPY,2025.08.14 18:15:00,0,
2025.08.14 18:39:59,scan_skipped_same_execution_bar,USDJPY,2025.08.14 18:15:00,0,
2025.08.14 18:49:59,scan_executed_new_execution_bar,USDJPY,2025.08.14 18:30:00,15,
2025.08.14 18:54:59,scan_skipped_same_execution_bar,USDJPY,2025.08.14 18:30:00,0,
2025.08.14 19:04:59,scan_executed_new_execution_bar,USDJPY,2025.08.14 18:45:00,16,
2025.08.14 19:09:59,scan_skipped_same_execution_bar,USDJPY,2025.08.14 18:45:00,0,
2025.08.14 19:19:59,scan_executed_new_execution_bar,USDJPY,2025.08.14 19:00:00,0,
2025.08.14 19:24:59,scan_skipped_same_execution_bar,USDJPY,2025.08.14 19:00:00,0,
2025.08.14 19:34:59,scan_executed_new_execution_bar,USDJPY,2025.08.14 19:15:00,31,
2025.08.14 19:39:59,scan_skipped_same_execution_bar,USDJPY,2025.08.14 19:15:00,0,
2025.08.14 19:49:59,scan_executed_new_execution_bar,USDJPY,2025.08.14 19:30:00,0,
2025.08.14 19:54:59,scan_skipped_same_execution_bar,USDJPY,2025.08.14 19:30:00,0,
2025.08.14 20:04:59,scan_executed_new_execution_bar,USDJPY,2025.08.14 19:45:00,0,
2025.08.14 20:09:59,scan_skipped_same_execution_bar,USDJPY,2025.08.14 19:45:00,0,
2025.08.14 20:19:59,scan_executed_new_execution_bar,USDJPY,2025.08.14 20:00:00,31,
2025.08.14 20:24:59,scan_skipped_same_execution_bar,USDJPY,2025.08.14 20:00:00,0,
2025.08.14 20:34:59,scan_executed_new_execution_bar,USDJPY,2025.08.14 20:15:00,0,
2025.08.14 20:39:59,scan_skipped_same_execution_bar,USDJPY,2025.08.14 20:15:00,0,
2025.08.14 20:49:59,scan_executed_new_execution_bar,USDJPY,2025.08.14 20:30:00,0,
2025.08.14 20:54:59,scan_skipped_same_execution_bar,USDJPY,2025.08.14 20:30:00,0,
2025.08.14 21:04:59,scan_executed_new_execution_bar,USDJPY,2025.08.14 20:45:00,0,
2025.08.14 21:09:59,scan_skipped_same_execution_bar,USDJPY,2025.08.14 20:45:00,0,
2025.08.14 21:19:59,scan_executed_new_execution_bar,USDJPY,2025.08.14 21:00:00,0,
2025.08.14 21:24:59,scan_skipped_same_execution_bar,USDJPY,2025.08.14 21:00:00,0,
2025.08.14 21:34:59,scan_executed_new_execution_bar,USDJPY,2025.08.14 21:15:00,31,
2025.08.14 21:39:59,scan_skipped_same_execution_bar,USDJPY,2025.08.14 21:15:00,0,
2025.08.14 21:49:59,scan_executed_new_execution_bar,USDJPY,2025.08.14 21:30:00,0,
2025.08.14 21:54:59,scan_skipped_same_execution_bar,USDJPY,2025.08.14 21:30:00,0,
2025.08.14 22:04:58,scan_executed_new_execution_bar,USDJPY,2025.08.14 21:45:00,0,
2025.08.14 22:09:58,scan_skipped_same_execution_bar,USDJPY,2025.08.14 21:45:00,0,
2025.08.14 22:19:59,scan_executed_new_execution_bar,USDJPY,2025.08.14 22:00:00,15,
2025.08.14 22:24:59,scan_skipped_same_execution_bar,USDJPY,2025.08.14 22:00:00,0,
2025.08.14 22:34:58,scan_executed_new_execution_bar,USDJPY,2025.08.14 22:15:00,0,
2025.08.14 22:39:59,scan_skipped_same_execution_bar,USDJPY,2025.08.14 22:15:00,0,
2025.08.14 22:49:59,scan_executed_new_execution_bar,USDJPY,2025.08.14 22:30:00,0,
2025.08.14 22:54:59,scan_skipped_same_execution_bar,USDJPY,2025.08.14 22:30:00,0,
2025.08.14 23:05:00,scan_executed_new_execution_bar,USDJPY,2025.08.14 22:45:00,0,
2025.08.14 23:09:59,scan_skipped_same_execution_bar,USDJPY,2025.08.14 22:45:00,0,
2025.08.14 23:19:58,scan_executed_new_execution_bar,USDJPY,2025.08.14 23:00:00,0,
2025.08.14 23:24:59,scan_skipped_same_execution_bar,USDJPY,2025.08.14 23:00:00,0,
2025.08.14 23:34:59,scan_executed_new_execution_bar,USDJPY,2025.08.14 23:15:00,0,
2025.08.14 23:39:59,scan_skipped_same_execution_bar,USDJPY,2025.08.14 23:15:00,0,
2025.08.14 23:49:59,scan_executed_new_execution_bar,USDJPY,2025.08.14 23:30:00,0,
2025.08.14 23:54:59,scan_skipped_same_execution_bar,USDJPY,2025.08.14 23:30:00,0,
2025.08.15 00:04:56,scan_executed_new_execution_bar,USDJPY,2025.08.14 23:45:00,0,
2025.08.15 00:09:53,scan_skipped_same_execution_bar,USDJPY,2025.08.14 23:45:00,0,
2025.08.15 00:19:59,scan_executed_new_execution_bar,USDJPY,2025.08.15 00:00:00,0,
2025.08.15 00:24:53,scan_skipped_same_execution_bar,USDJPY,2025.08.15 00:00:00,0,
2025.08.15 00:34:59,scan_executed_new_execution_bar,USDJPY,2025.08.15 00:15:00,0,
2025.08.15 00:39:58,scan_skipped_same_execution_bar,USDJPY,2025.08.15 00:15:00,0,
2025.08.15 00:49:59,scan_executed_new_execution_bar,USDJPY,2025.08.15 00:30:00,0,
2025.08.15 00:54:59,scan_skipped_same_execution_bar,USDJPY,2025.08.15 00:30:00,0,
2025.08.15 01:04:59,scan_executed_new_execution_bar,USDJPY,2025.08.15 00:45:00,0,
2025.08.15 01:09:59,scan_skipped_same_execution_bar,USDJPY,2025.08.15 00:45:00,0,
2025.08.15 01:19:59,scan_executed_new_execution_bar,USDJPY,2025.08.15 01:00:00,0,
2025.08.15 01:24:59,scan_skipped_same_execution_bar,USDJPY,2025.08.15 01:00:00,0,
2025.08.15 01:34:59,scan_executed_new_execution_bar,USDJPY,2025.08.15 01:15:00,0,
2025.08.15 01:39:56,scan_skipped_same_execution_bar,USDJPY,2025.08.15 01:15:00,0,
2025.08.15 01:49:58,scan_executed_new_execution_bar,USDJPY,2025.08.15 01:30:00,0,
2025.08.15 01:54:59,scan_skipped_same_execution_bar,USDJPY,2025.08.15 01:30:00,0,
2025.08.15 02:04:59,scan_executed_new_execution_bar,USDJPY,2025.08.15 01:45:00,0,
2025.08.15 02:09:53,scan_skipped_same_execution_bar,USDJPY,2025.08.15 01:45:00,0,
2025.08.15 02:19:55,scan_executed_new_execution_bar,USDJPY,2025.08.15 02:00:00,0,
2025.08.15 02:24:55,scan_skipped_same_execution_bar,USDJPY,2025.08.15 02:00:00,0,
2025.08.15 02:34:59,scan_executed_new_execution_bar,USDJPY,2025.08.15 02:15:00,0,
2025.08.15 02:39:56,scan_skipped_same_execution_bar,USDJPY,2025.08.15 02:15:00,0,
2025.08.15 02:49:59,scan_executed_new_execution_bar,USDJPY,2025.08.15 02:30:00,0,
2025.08.15 02:54:59,scan_skipped_same_execution_bar,USDJPY,2025.08.15 02:30:00,0,
2025.08.15 03:04:59,scan_executed_new_execution_bar,USDJPY,2025.08.15 02:45:00,0,
2025.08.15 03:09:59,scan_skipped_same_execution_bar,USDJPY,2025.08.15 02:45:00,0,
2025.08.15 03:19:59,scan_executed_new_execution_bar,USDJPY,2025.08.15 03:00:00,0,
2025.08.15 03:24:59,scan_skipped_same_execution_bar,USDJPY,2025.08.15 03:00:00,0,
2025.08.15 03:34:59,scan_executed_new_execution_bar,USDJPY,2025.08.15 03:15:00,15,
2025.08.15 03:39:59,scan_skipped_same_execution_bar,USDJPY,2025.08.15 03:15:00,0,
2025.08.15 03:49:59,scan_executed_new_execution_bar,USDJPY,2025.08.15 03:30:00,0,
2025.08.15 03:54:59,scan_skipped_same_execution_bar,USDJPY,2025.08.15 03:30:00,0,
2025.08.15 04:04:59,scan_executed_new_execution_bar,USDJPY,2025.08.15 03:45:00,0,
2025.08.15 04:09:59,scan_skipped_same_execution_bar,USDJPY,2025.08.15 03:45:00,0,
2025.08.15 04:19:57,scan_executed_new_execution_bar,USDJPY,2025.08.15 04:00:00,15,
2025.08.15 04:24:59,scan_skipped_same_execution_bar,USDJPY,2025.08.15 04:00:00,0,
2025.08.15 04:34:59,scan_executed_new_execution_bar,USDJPY,2025.08.15 04:15:00,0,
2025.08.15 04:39:59,scan_skipped_same_execution_bar,USDJPY,2025.08.15 04:15:00,0,
2025.08.15 04:49:59,scan_executed_new_execution_bar,USDJPY,2025.08.15 04:30:00,0,
2025.08.15 04:54:59,scan_skipped_same_execution_bar,USDJPY,2025.08.15 04:30:00,0,
2025.08.15 05:04:57,scan_executed_new_execution_bar,USDJPY,2025.08.15 04:45:00,0,
2025.08.15 05:09:59,scan_skipped_same_execution_bar,USDJPY,2025.08.15 04:45:00,0,
2025.08.15 05:19:59,scan_executed_new_execution_bar,USDJPY,2025.08.15 05:00:00,0,
2025.08.15 05:24:59,scan_skipped_same_execution_bar,USDJPY,2025.08.15 05:00:00,0,
2025.08.15 05:34:58,scan_executed_new_execution_bar,USDJPY,2025.08.15 05:15:00,0,
2025.08.15 05:39:59,scan_skipped_same_execution_bar,USDJPY,2025.08.15 05:15:00,0,
2025.08.15 05:49:58,scan_executed_new_execution_bar,USDJPY,2025.08.15 05:30:00,0,
2025.08.15 05:54:59,scan_skipped_same_execution_bar,USDJPY,2025.08.15 05:30:00,0,
2025.08.15 06:04:58,scan_executed_new_execution_bar,USDJPY,2025.08.15 05:45:00,0,
2025.08.15 06:09:59,scan_skipped_same_execution_bar,USDJPY,2025.08.15 05:45:00,0,
2025.08.15 06:19:59,scan_executed_new_execution_bar,USDJPY,2025.08.15 06:00:00,0,
2025.08.15 06:24:59,scan_skipped_same_execution_bar,USDJPY,2025.08.15 06:00:00,0,
2025.08.15 06:35:00,scan_executed_new_execution_bar,USDJPY,2025.08.15 06:15:00,0,
2025.08.15 06:39:58,scan_skipped_same_execution_bar,USDJPY,2025.08.15 06:15:00,0,
2025.08.15 06:49:59,scan_executed_new_execution_bar,USDJPY,2025.08.15 06:30:00,0,
2025.08.15 06:54:59,scan_skipped_same_execution_bar,USDJPY,2025.08.15 06:30:00,0,
2025.08.15 07:05:00,scan_executed_new_execution_bar,USDJPY,2025.08.15 06:45:00,0,
2025.08.15 07:09:59,scan_skipped_same_execution_bar,USDJPY,2025.08.15 06:45:00,0,
2025.08.15 07:19:59,scan_executed_new_execution_bar,USDJPY,2025.08.15 07:00:00,0,
2025.08.15 07:24:59,scan_skipped_same_execution_bar,USDJPY,2025.08.15 07:00:00,0,
2025.08.15 07:34:58,scan_executed_new_execution_bar,USDJPY,2025.08.15 07:15:00,0,
2025.08.15 07:39:59,scan_skipped_same_execution_bar,USDJPY,2025.08.15 07:15:00,0,
2025.08.15 07:49:56,scan_executed_new_execution_bar,USDJPY,2025.08.15 07:30:00,16,
2025.08.15 07:54:59,scan_skipped_same_execution_bar,USDJPY,2025.08.15 07:30:00,0,
2025.08.15 08:04:59,scan_executed_new_execution_bar,USDJPY,2025.08.15 07:45:00,0,
2025.08.15 08:09:59,scan_skipped_same_execution_bar,USDJPY,2025.08.15 07:45:00,0,
2025.08.15 08:19:59,scan_executed_new_execution_bar,USDJPY,2025.08.15 08:00:00,15,
2025.08.15 08:24:59,scan_skipped_same_execution_bar,USDJPY,2025.08.15 08:00:00,0,
2025.08.15 08:34:59,scan_executed_new_execution_bar,USDJPY,2025.08.15 08:15:00,0,
2025.08.15 08:39:59,scan_skipped_same_execution_bar,USDJPY,2025.08.15 08:15:00,0,
2025.08.15 08:49:59,scan_executed_new_execution_bar,USDJPY,2025.08.15 08:30:00,16,
2025.08.15 08:54:59,scan_skipped_same_execution_bar,USDJPY,2025.08.15 08:30:00,0,
2025.08.15 09:04:59,scan_executed_new_execution_bar,USDJPY,2025.08.15 08:45:00,0,
2025.08.15 09:09:59,scan_skipped_same_execution_bar,USDJPY,2025.08.15 08:45:00,0,
2025.08.15 09:19:59,scan_executed_new_execution_bar,USDJPY,2025.08.15 09:00:00,0,
2025.08.15 09:24:58,scan_skipped_same_execution_bar,USDJPY,2025.08.15 09:00:00,0,
2025.08.15 09:34:59,scan_executed_new_execution_bar,USDJPY,2025.08.15 09:15:00,0,
2025.08.15 09:39:59,scan_skipped_same_execution_bar,USDJPY,2025.08.15 09:15:00,0,
2025.08.15 09:49:59,scan_executed_new_execution_bar,USDJPY,2025.08.15 09:30:00,0,
2025.08.15 09:54:59,scan_skipped_same_execution_bar,USDJPY,2025.08.15 09:30:00,0,
2025.08.15 10:04:59,scan_executed_new_execution_bar,USDJPY,2025.08.15 09:45:00,0,
2025.08.15 10:09:59,scan_skipped_same_execution_bar,USDJPY,2025.08.15 09:45:00,0,
2025.08.15 10:19:59,scan_executed_new_execution_bar,USDJPY,2025.08.15 10:00:00,0,
2025.08.15 10:24:59,scan_skipped_same_execution_bar,USDJPY,2025.08.15 10:00:00,0,
2025.08.15 10:34:59,scan_executed_new_execution_bar,USDJPY,2025.08.15 10:15:00,0,
2025.08.15 10:39:59,scan_skipped_same_execution_bar,USDJPY,2025.08.15 10:15:00,0,
2025.08.15 10:49:58,scan_executed_new_execution_bar,USDJPY,2025.08.15 10:30:00,0,
2025.08.15 10:55:00,scan_skipped_same_execution_bar,USDJPY,2025.08.15 10:30:00,0,
2025.08.15 11:04:59,scan_executed_new_execution_bar,USDJPY,2025.08.15 10:45:00,0,
2025.08.15 11:09:59,scan_skipped_same_execution_bar,USDJPY,2025.08.15 10:45:00,0,
2025.08.15 11:19:59,scan_executed_new_execution_bar,USDJPY,2025.08.15 11:00:00,0,
2025.08.15 11:24:59,scan_skipped_same_execution_bar,USDJPY,2025.08.15 11:00:00,0,
2025.08.15 11:34:59,scan_executed_new_execution_bar,USDJPY,2025.08.15 11:15:00,15,
2025.08.15 11:39:59,scan_skipped_same_execution_bar,USDJPY,2025.08.15 11:15:00,0,
2025.08.15 11:49:59,scan_executed_new_execution_bar,USDJPY,2025.08.15 11:30:00,0,
2025.08.15 11:54:59,scan_skipped_same_execution_bar,USDJPY,2025.08.15 11:30:00,0,
2025.08.15 12:04:59,scan_executed_new_execution_bar,USDJPY,2025.08.15 11:45:00,16,
2025.08.15 12:09:59,scan_skipped_same_execution_bar,USDJPY,2025.08.15 11:45:00,0,
2025.08.15 12:19:58,scan_executed_new_execution_bar,USDJPY,2025.08.15 12:00:00,0,
2025.08.15 12:24:59,scan_skipped_same_execution_bar,USDJPY,2025.08.15 12:00:00,0,
2025.08.15 12:34:59,scan_executed_new_execution_bar,USDJPY,2025.08.15 12:15:00,0,
2025.08.15 12:39:59,scan_skipped_same_execution_bar,USDJPY,2025.08.15 12:15:00,0,
2025.08.15 12:49:59,scan_executed_new_execution_bar,USDJPY,2025.08.15 12:30:00,0,
2025.08.15 12:54:58,scan_skipped_same_execution_bar,USDJPY,2025.08.15 12:30:00,0,
2025.08.15 13:04:59,scan_executed_new_execution_bar,USDJPY,2025.08.15 12:45:00,15,
2025.08.15 13:09:59,scan_skipped_same_execution_bar,USDJPY,2025.08.15 12:45:00,0,
2025.08.15 13:20:00,scan_executed_new_execution_bar,USDJPY,2025.08.15 13:00:00,0,
2025.08.15 13:24:59,scan_skipped_same_execution_bar,USDJPY,2025.08.15 13:00:00,0,
2025.08.15 13:34:59,scan_executed_new_execution_bar,USDJPY,2025.08.15 13:15:00,0,
2025.08.15 13:39:58,scan_skipped_same_execution_bar,USDJPY,2025.08.15 13:15:00,0,
2025.08.15 13:49:58,scan_executed_new_execution_bar,USDJPY,2025.08.15 13:30:00,0,
2025.08.15 13:54:58,scan_skipped_same_execution_bar,USDJPY,2025.08.15 13:30:00,0,
2025.08.15 14:04:59,scan_executed_new_execution_bar,USDJPY,2025.08.15 13:45:00,0,
2025.08.15 14:09:59,scan_skipped_same_execution_bar,USDJPY,2025.08.15 13:45:00,0,
2025.08.15 14:19:59,scan_executed_new_execution_bar,USDJPY,2025.08.15 14:00:00,0,
2025.08.15 14:24:59,scan_skipped_same_execution_bar,USDJPY,2025.08.15 14:00:00,0,
2025.08.15 14:34:59,scan_executed_new_execution_bar,USDJPY,2025.08.15 14:15:00,0,
2025.08.15 14:39:59,scan_skipped_same_execution_bar,USDJPY,2025.08.15 14:15:00,0,
2025.08.15 14:49:59,scan_executed_new_execution_bar,USDJPY,2025.08.15 14:30:00,0,
2025.08.15 14:54:59,scan_skipped_same_execution_bar,USDJPY,2025.08.15 14:30:00,0,
2025.08.15 15:04:59,scan_executed_new_execution_bar,USDJPY,2025.08.15 14:45:00,0,
2025.08.15 15:09:59,scan_skipped_same_execution_bar,USDJPY,2025.08.15 14:45:00,0,
2025.08.15 15:19:59,scan_executed_new_execution_bar,USDJPY,2025.08.15 15:00:00,0,
2025.08.15 15:24:59,scan_skipped_same_execution_bar,USDJPY,2025.08.15 15:00:00,0,
2025.08.15 15:34:59,scan_executed_new_execution_bar,USDJPY,2025.08.15 15:15:00,0,
2025.08.15 15:39:59,scan_skipped_same_execution_bar,USDJPY,2025.08.15 15:15:00,0,
2025.08.15 15:49:59,scan_executed_new_execution_bar,USDJPY,2025.08.15 15:30:00,0,
2025.08.15 15:54:59,scan_skipped_same_execution_bar,USDJPY,2025.08.15 15:30:00,0,
2025.08.15 16:04:59,scan_executed_new_execution_bar,USDJPY,2025.08.15 15:45:00,0,
2025.08.15 16:09:59,scan_skipped_same_execution_bar,USDJPY,2025.08.15 15:45:00,0,
2025.08.15 16:19:59,scan_executed_new_execution_bar,USDJPY,2025.08.15 16:00:00,0,
2025.08.15 16:24:59,scan_skipped_same_execution_bar,USDJPY,2025.08.15 16:00:00,0,
2025.08.15 16:34:59,scan_executed_new_execution_bar,USDJPY,2025.08.15 16:15:00,0,
2025.08.15 16:39:59,scan_skipped_same_execution_bar,USDJPY,2025.08.15 16:15:00,0,
2025.08.15 16:49:59,scan_executed_new_execution_bar,USDJPY,2025.08.15 16:30:00,0,
2025.08.15 16:54:59,scan_skipped_same_execution_bar,USDJPY,2025.08.15 16:30:00,0,
2025.08.15 17:04:59,scan_executed_new_execution_bar,USDJPY,2025.08.15 16:45:00,0,
2025.08.15 17:09:59,scan_skipped_same_execution_bar,USDJPY,2025.08.15 16:45:00,0,
2025.08.15 17:19:59,scan_executed_new_execution_bar,USDJPY,2025.08.15 17:00:00,0,
2025.08.15 17:24:59,scan_skipped_same_execution_bar,USDJPY,2025.08.15 17:00:00,0,
2025.08.15 17:34:59,scan_executed_new_execution_bar,USDJPY,2025.08.15 17:15:00,32,
2025.08.15 17:39:59,scan_skipped_same_execution_bar,USDJPY,2025.08.15 17:15:00,0,
2025.08.15 17:49:59,scan_executed_new_execution_bar,USDJPY,2025.08.15 17:30:00,0,
2025.08.15 17:54:59,scan_skipped_same_execution_bar,USDJPY,2025.08.15 17:30:00,0,
2025.08.15 18:04:59,scan_executed_new_execution_bar,USDJPY,2025.08.15 17:45:00,32,
2025.08.15 18:09:59,scan_skipped_same_execution_bar,USDJPY,2025.08.15 17:45:00,0,
2025.08.15 18:19:59,scan_executed_new_execution_bar,USDJPY,2025.08.15 18:00:00,16,
2025.08.15 18:24:59,scan_skipped_same_execution_bar,USDJPY,2025.08.15 18:00:00,0,
2025.08.15 18:34:59,scan_executed_new_execution_bar,USDJPY,2025.08.15 18:15:00,0,
2025.08.15 18:39:59,scan_skipped_same_execution_bar,USDJPY,2025.08.15 18:15:00,0,
2025.08.15 18:49:59,scan_executed_new_execution_bar,USDJPY,2025.08.15 18:30:00,63,
2025.08.15 18:54:59,scan_skipped_same_execution_bar,USDJPY,2025.08.15 18:30:00,0,
2025.08.15 19:05:00,scan_executed_new_execution_bar,USDJPY,2025.08.15 18:45:00,15,
2025.08.15 19:09:59,scan_skipped_same_execution_bar,USDJPY,2025.08.15 18:45:00,0,
2025.08.15 19:19:59,scan_executed_new_execution_bar,USDJPY,2025.08.15 19:00:00,16,
2025.08.15 19:24:59,scan_skipped_same_execution_bar,USDJPY,2025.08.15 19:00:00,0,
2025.08.15 19:34:59,scan_executed_new_execution_bar,USDJPY,2025.08.15 19:15:00,31,
2025.08.15 19:39:58,scan_skipped_same_execution_bar,USDJPY,2025.08.15 19:15:00,0,
2025.08.15 19:49:59,scan_executed_new_execution_bar,USDJPY,2025.08.15 19:30:00,0,
2025.08.15 19:54:59,scan_skipped_same_execution_bar,USDJPY,2025.08.15 19:30:00,0,
2025.08.15 20:04:59,scan_executed_new_execution_bar,USDJPY,2025.08.15 19:45:00,0,
2025.08.15 20:09:59,scan_skipped_same_execution_bar,USDJPY,2025.08.15 19:45:00,0,
2025.08.15 20:19:59,scan_executed_new_execution_bar,USDJPY,2025.08.15 20:00:00,0,
2025.08.15 20:24:59,scan_skipped_same_execution_bar,USDJPY,2025.08.15 20:00:00,0,
2025.08.15 20:34:59,scan_executed_new_execution_bar,USDJPY,2025.08.15 20:15:00,0,
2025.08.15 20:39:59,scan_skipped_same_execution_bar,USDJPY,2025.08.15 20:15:00,0,
2025.08.15 20:49:59,scan_executed_new_execution_bar,USDJPY,2025.08.15 20:30:00,0,
2025.08.15 20:54:59,scan_skipped_same_execution_bar,USDJPY,2025.08.15 20:30:00,0,
2025.08.15 21:04:59,scan_executed_new_execution_bar,USDJPY,2025.08.15 20:45:00,16,
2025.08.15 21:09:59,scan_skipped_same_execution_bar,USDJPY,2025.08.15 20:45:00,0,
2025.08.15 21:19:59,scan_executed_new_execution_bar,USDJPY,2025.08.15 21:00:00,0,
2025.08.15 21:24:59,scan_skipped_same_execution_bar,USDJPY,2025.08.15 21:00:00,0,
2025.08.15 21:34:59,scan_executed_new_execution_bar,USDJPY,2025.08.15 21:15:00,0,
2025.08.15 21:39:59,scan_skipped_same_execution_bar,USDJPY,2025.08.15 21:15:00,0,
2025.08.15 21:49:59,scan_executed_new_execution_bar,USDJPY,2025.08.15 21:30:00,0,
2025.08.15 21:54:59,scan_skipped_same_execution_bar,USDJPY,2025.08.15 21:30:00,0,
2025.08.15 22:04:59,scan_executed_new_execution_bar,USDJPY,2025.08.15 21:45:00,16,
2025.08.15 22:10:00,scan_skipped_same_execution_bar,USDJPY,2025.08.15 21:45:00,0,
2025.08.15 22:19:59,scan_executed_new_execution_bar,USDJPY,2025.08.15 22:00:00,0,
2025.08.15 22:24:59,scan_skipped_same_execution_bar,USDJPY,2025.08.15 22:00:00,0,
2025.08.15 22:34:59,scan_executed_new_execution_bar,USDJPY,2025.08.15 22:15:00,15,
2025.08.15 22:39:59,scan_skipped_same_execution_bar,USDJPY,2025.08.15 22:15:00,0,
2025.08.15 22:49:59,scan_executed_new_execution_bar,USDJPY,2025.08.15 22:30:00,0,
2025.08.15 22:54:58,scan_skipped_same_execution_bar,USDJPY,2025.08.15 22:30:00,0,
2025.08.15 23:04:58,scan_executed_new_execution_bar,USDJPY,2025.08.15 22:45:00,0,
2025.08.15 23:10:00,scan_skipped_same_execution_bar,USDJPY,2025.08.15 22:45:00,0,
2025.08.15 23:19:59,scan_executed_new_execution_bar,USDJPY,2025.08.15 23:00:00,0,
2025.08.15 23:24:59,scan_skipped_same_execution_bar,USDJPY,2025.08.15 23:00:00,0,
2025.08.15 23:30:00,scan_executed_new_execution_bar,USDJPY,2025.08.15 23:15:00,0,
2025.08.15 23:34:59,scan_skipped_same_execution_bar,USDJPY,2025.08.15 23:15:00,0,
2025.08.15 23:49:59,scan_executed_new_execution_bar,USDJPY,2025.08.15 23:30:00,0,
2025.08.15 23:54:59,scan_skipped_same_execution_bar,USDJPY,2025.08.15 23:30:00,0,
2025.08.18 00:04:58,scan_executed_new_execution_bar,USDJPY,2025.08.15 23:45:00,0,
2025.08.18 00:09:53,scan_skipped_same_execution_bar,USDJPY,2025.08.15 23:45:00,0,
2025.08.18 00:19:58,scan_executed_new_execution_bar,USDJPY,2025.08.18 00:00:00,0,
2025.08.18 00:24:59,scan_skipped_same_execution_bar,USDJPY,2025.08.18 00:00:00,0,
2025.08.18 00:34:59,scan_executed_new_execution_bar,USDJPY,2025.08.18 00:15:00,0,
2025.08.18 00:39:59,scan_skipped_same_execution_bar,USDJPY,2025.08.18 00:15:00,0,
2025.08.18 00:49:58,scan_executed_new_execution_bar,USDJPY,2025.08.18 00:30:00,0,
2025.08.18 00:54:58,scan_skipped_same_execution_bar,USDJPY,2025.08.18 00:30:00,0,
2025.08.18 01:04:59,scan_executed_new_execution_bar,USDJPY,2025.08.18 00:45:00,0,
2025.08.18 01:09:58,scan_skipped_same_execution_bar,USDJPY,2025.08.18 00:45:00,0,
2025.08.18 01:19:59,scan_executed_new_execution_bar,USDJPY,2025.08.18 01:00:00,0,
2025.08.18 01:24:59,scan_skipped_same_execution_bar,USDJPY,2025.08.18 01:00:00,0,
2025.08.18 01:34:56,scan_executed_new_execution_bar,USDJPY,2025.08.18 01:15:00,0,
2025.08.18 01:39:59,scan_skipped_same_execution_bar,USDJPY,2025.08.18 01:15:00,0,
2025.08.18 01:49:54,scan_executed_new_execution_bar,USDJPY,2025.08.18 01:30:00,0,
2025.08.18 01:54:58,scan_skipped_same_execution_bar,USDJPY,2025.08.18 01:30:00,0,
2025.08.18 02:04:59,scan_executed_new_execution_bar,USDJPY,2025.08.18 01:45:00,0,
2025.08.18 02:09:59,scan_skipped_same_execution_bar,USDJPY,2025.08.18 01:45:00,0,
2025.08.18 02:19:59,scan_executed_new_execution_bar,USDJPY,2025.08.18 02:00:00,0,
2025.08.18 02:24:57,scan_skipped_same_execution_bar,USDJPY,2025.08.18 02:00:00,0,
2025.08.18 02:34:59,scan_executed_new_execution_bar,USDJPY,2025.08.18 02:15:00,16,
2025.08.18 02:39:59,scan_skipped_same_execution_bar,USDJPY,2025.08.18 02:15:00,0,
2025.08.18 02:49:59,scan_executed_new_execution_bar,USDJPY,2025.08.18 02:30:00,0,
2025.08.18 02:54:56,scan_skipped_same_execution_bar,USDJPY,2025.08.18 02:30:00,0,
2025.08.18 03:04:58,scan_executed_new_execution_bar,USDJPY,2025.08.18 02:45:00,0,
2025.08.18 03:09:59,scan_skipped_same_execution_bar,USDJPY,2025.08.18 02:45:00,0,
2025.08.18 03:19:59,scan_executed_new_execution_bar,USDJPY,2025.08.18 03:00:00,0,
2025.08.18 03:24:59,scan_skipped_same_execution_bar,USDJPY,2025.08.18 03:00:00,0,
2025.08.18 03:34:59,scan_executed_new_execution_bar,USDJPY,2025.08.18 03:15:00,32,
2025.08.18 03:39:59,scan_skipped_same_execution_bar,USDJPY,2025.08.18 03:15:00,0,
2025.08.18 03:49:59,scan_executed_new_execution_bar,USDJPY,2025.08.18 03:30:00,0,
2025.08.18 03:54:59,scan_skipped_same_execution_bar,USDJPY,2025.08.18 03:30:00,0,
2025.08.18 04:04:59,scan_executed_new_execution_bar,USDJPY,2025.08.18 03:45:00,0,
2025.08.18 04:09:59,scan_skipped_same_execution_bar,USDJPY,2025.08.18 03:45:00,0,
2025.08.18 04:19:58,scan_executed_new_execution_bar,USDJPY,2025.08.18 04:00:00,0,
2025.08.18 04:24:59,scan_skipped_same_execution_bar,USDJPY,2025.08.18 04:00:00,0,
2025.08.18 04:34:59,scan_executed_new_execution_bar,USDJPY,2025.08.18 04:15:00,0,
2025.08.18 04:39:59,scan_skipped_same_execution_bar,USDJPY,2025.08.18 04:15:00,0,
2025.08.18 04:49:59,scan_executed_new_execution_bar,USDJPY,2025.08.18 04:30:00,16,
2025.08.18 04:54:59,scan_skipped_same_execution_bar,USDJPY,2025.08.18 04:30:00,0,
2025.08.18 05:04:59,scan_executed_new_execution_bar,USDJPY,2025.08.18 04:45:00,32,
2025.08.18 05:09:59,scan_skipped_same_execution_bar,USDJPY,2025.08.18 04:45:00,0,
2025.08.18 05:19:59,scan_executed_new_execution_bar,USDJPY,2025.08.18 05:00:00,0,
2025.08.18 05:24:59,scan_skipped_same_execution_bar,USDJPY,2025.08.18 05:00:00,0,
2025.08.18 05:34:59,scan_executed_new_execution_bar,USDJPY,2025.08.18 05:15:00,0,
2025.08.18 05:39:59,scan_skipped_same_execution_bar,USDJPY,2025.08.18 05:15:00,0,
2025.08.18 05:49:58,scan_executed_new_execution_bar,USDJPY,2025.08.18 05:30:00,0,
2025.08.18 05:54:59,scan_skipped_same_execution_bar,USDJPY,2025.08.18 05:30:00,0,
2025.08.18 06:04:59,scan_executed_new_execution_bar,USDJPY,2025.08.18 05:45:00,31,
2025.08.18 06:09:59,scan_skipped_same_execution_bar,USDJPY,2025.08.18 05:45:00,0,
2025.08.18 06:19:58,scan_executed_new_execution_bar,USDJPY,2025.08.18 06:00:00,0,
2025.08.18 06:24:59,scan_skipped_same_execution_bar,USDJPY,2025.08.18 06:00:00,0,
2025.08.18 06:34:59,scan_executed_new_execution_bar,USDJPY,2025.08.18 06:15:00,16,
2025.08.18 06:39:58,scan_skipped_same_execution_bar,USDJPY,2025.08.18 06:15:00,0,
2025.08.18 06:49:59,scan_executed_new_execution_bar,USDJPY,2025.08.18 06:30:00,0,
2025.08.18 06:54:58,scan_skipped_same_execution_bar,USDJPY,2025.08.18 06:30:00,0,
2025.08.18 07:04:58,scan_executed_new_execution_bar,USDJPY,2025.08.18 06:45:00,0,
2025.08.18 07:09:59,scan_skipped_same_execution_bar,USDJPY,2025.08.18 06:45:00,0,
2025.08.18 07:19:59,scan_executed_new_execution_bar,USDJPY,2025.08.18 07:00:00,0,
2025.08.18 07:24:59,scan_skipped_same_execution_bar,USDJPY,2025.08.18 07:00:00,0,
2025.08.18 07:34:59,scan_executed_new_execution_bar,USDJPY,2025.08.18 07:15:00,16,
2025.08.18 07:39:59,scan_skipped_same_execution_bar,USDJPY,2025.08.18 07:15:00,0,
2025.08.18 07:49:59,scan_executed_new_execution_bar,USDJPY,2025.08.18 07:30:00,0,
2025.08.18 07:54:59,scan_skipped_same_execution_bar,USDJPY,2025.08.18 07:30:00,0,
2025.08.18 08:04:59,scan_executed_new_execution_bar,USDJPY,2025.08.18 07:45:00,16,
2025.08.18 08:09:59,scan_skipped_same_execution_bar,USDJPY,2025.08.18 07:45:00,0,
2025.08.18 08:19:59,scan_executed_new_execution_bar,USDJPY,2025.08.18 08:00:00,15,
2025.08.18 08:24:59,scan_skipped_same_execution_bar,USDJPY,2025.08.18 08:00:00,0,
2025.08.18 08:34:59,scan_executed_new_execution_bar,USDJPY,2025.08.18 08:15:00,0,
2025.08.18 08:39:59,scan_skipped_same_execution_bar,USDJPY,2025.08.18 08:15:00,0,
2025.08.18 08:49:59,scan_executed_new_execution_bar,USDJPY,2025.08.18 08:30:00,0,
2025.08.18 08:54:59,scan_skipped_same_execution_bar,USDJPY,2025.08.18 08:30:00,0,
2025.08.18 09:04:59,scan_executed_new_execution_bar,USDJPY,2025.08.18 08:45:00,0,
2025.08.18 09:09:59,scan_skipped_same_execution_bar,USDJPY,2025.08.18 08:45:00,0,
2025.08.18 09:19:59,scan_executed_new_execution_bar,USDJPY,2025.08.18 09:00:00,0,
2025.08.18 09:24:59,scan_skipped_same_execution_bar,USDJPY,2025.08.18 09:00:00,0,
2025.08.18 09:34:59,scan_executed_new_execution_bar,USDJPY,2025.08.18 09:15:00,0,
2025.08.18 09:39:59,scan_skipped_same_execution_bar,USDJPY,2025.08.18 09:15:00,0,
2025.08.18 09:49:59,scan_executed_new_execution_bar,USDJPY,2025.08.18 09:30:00,0,
2025.08.18 09:54:59,scan_skipped_same_execution_bar,USDJPY,2025.08.18 09:30:00,0,
2025.08.18 10:04:59,scan_executed_new_execution_bar,USDJPY,2025.08.18 09:45:00,0,
2025.08.18 10:09:59,scan_skipped_same_execution_bar,USDJPY,2025.08.18 09:45:00,0,
2025.08.18 10:19:59,scan_executed_new_execution_bar,USDJPY,2025.08.18 10:00:00,0,
2025.08.18 10:24:59,scan_skipped_same_execution_bar,USDJPY,2025.08.18 10:00:00,0,
2025.08.18 10:34:59,scan_executed_new_execution_bar,USDJPY,2025.08.18 10:15:00,16,
2025.08.18 10:40:00,scan_skipped_same_execution_bar,USDJPY,2025.08.18 10:15:00,0,
2025.08.18 10:49:59,scan_executed_new_execution_bar,USDJPY,2025.08.18 10:30:00,0,
2025.08.18 10:54:59,scan_skipped_same_execution_bar,USDJPY,2025.08.18 10:30:00,0,
2025.08.18 11:04:59,scan_executed_new_execution_bar,USDJPY,2025.08.18 10:45:00,0,
2025.08.18 11:09:59,scan_skipped_same_execution_bar,USDJPY,2025.08.18 10:45:00,0,
2025.08.18 11:19:59,scan_executed_new_execution_bar,USDJPY,2025.08.18 11:00:00,0,
2025.08.18 11:24:59,scan_skipped_same_execution_bar,USDJPY,2025.08.18 11:00:00,0,
2025.08.18 11:34:59,scan_executed_new_execution_bar,USDJPY,2025.08.18 11:15:00,0,
2025.08.18 11:39:59,scan_skipped_same_execution_bar,USDJPY,2025.08.18 11:15:00,0,
2025.08.18 11:49:59,scan_executed_new_execution_bar,USDJPY,2025.08.18 11:30:00,0,
2025.08.18 11:54:59,scan_skipped_same_execution_bar,USDJPY,2025.08.18 11:30:00,0,
2025.08.18 12:04:59,scan_executed_new_execution_bar,USDJPY,2025.08.18 11:45:00,0,
2025.08.18 12:09:59,scan_skipped_same_execution_bar,USDJPY,2025.08.18 11:45:00,0,
2025.08.18 12:19:59,scan_executed_new_execution_bar,USDJPY,2025.08.18 12:00:00,0,
2025.08.18 12:24:59,scan_skipped_same_execution_bar,USDJPY,2025.08.18 12:00:00,0,
2025.08.18 12:34:59,scan_executed_new_execution_bar,USDJPY,2025.08.18 12:15:00,0,
2025.08.18 12:39:59,scan_skipped_same_execution_bar,USDJPY,2025.08.18 12:15:00,0,
2025.08.18 12:49:59,scan_executed_new_execution_bar,USDJPY,2025.08.18 12:30:00,0,
2025.08.18 12:54:59,scan_skipped_same_execution_bar,USDJPY,2025.08.18 12:30:00,0,
2025.08.18 13:04:59,scan_executed_new_execution_bar,USDJPY,2025.08.18 12:45:00,16,
2025.08.18 13:09:59,scan_skipped_same_execution_bar,USDJPY,2025.08.18 12:45:00,0,
2025.08.18 13:19:59,scan_executed_new_execution_bar,USDJPY,2025.08.18 13:00:00,0,
2025.08.18 13:24:59,scan_skipped_same_execution_bar,USDJPY,2025.08.18 13:00:00,0,
2025.08.18 13:34:59,scan_executed_new_execution_bar,USDJPY,2025.08.18 13:15:00,0,
2025.08.18 13:39:59,scan_skipped_same_execution_bar,USDJPY,2025.08.18 13:15:00,0,
2025.08.18 13:49:59,scan_executed_new_execution_bar,USDJPY,2025.08.18 13:30:00,15,
2025.08.18 13:54:59,scan_skipped_same_execution_bar,USDJPY,2025.08.18 13:30:00,0,
2025.08.18 14:04:59,scan_executed_new_execution_bar,USDJPY,2025.08.18 13:45:00,0,
2025.08.18 14:09:57,scan_skipped_same_execution_bar,USDJPY,2025.08.18 13:45:00,0,
2025.08.18 14:19:59,scan_executed_new_execution_bar,USDJPY,2025.08.18 14:00:00,31,
2025.08.18 14:24:59,scan_skipped_same_execution_bar,USDJPY,2025.08.18 14:00:00,0,
2025.08.18 14:34:59,scan_executed_new_execution_bar,USDJPY,2025.08.18 14:15:00,0,
2025.08.18 14:39:59,scan_skipped_same_execution_bar,USDJPY,2025.08.18 14:15:00,0,
2025.08.18 14:49:59,scan_executed_new_execution_bar,USDJPY,2025.08.18 14:30:00,0,
2025.08.18 14:54:59,scan_skipped_same_execution_bar,USDJPY,2025.08.18 14:30:00,0,
2025.08.18 15:04:59,scan_executed_new_execution_bar,USDJPY,2025.08.18 14:45:00,0,
2025.08.18 15:09:59,scan_skipped_same_execution_bar,USDJPY,2025.08.18 14:45:00,0,
2025.08.18 15:19:59,scan_executed_new_execution_bar,USDJPY,2025.08.18 15:00:00,0,
2025.08.18 15:24:59,scan_skipped_same_execution_bar,USDJPY,2025.08.18 15:00:00,0,
2025.08.18 15:34:59,scan_executed_new_execution_bar,USDJPY,2025.08.18 15:15:00,0,
2025.08.18 15:39:59,scan_skipped_same_execution_bar,USDJPY,2025.08.18 15:15:00,0,
2025.08.18 15:49:59,scan_executed_new_execution_bar,USDJPY,2025.08.18 15:30:00,0,
2025.08.18 15:54:59,scan_skipped_same_execution_bar,USDJPY,2025.08.18 15:30:00,0,
2025.08.18 16:04:59,scan_executed_new_execution_bar,USDJPY,2025.08.18 15:45:00,0,
2025.08.18 16:09:59,scan_skipped_same_execution_bar,USDJPY,2025.08.18 15:45:00,0,
2025.08.18 16:19:59,scan_executed_new_execution_bar,USDJPY,2025.08.18 16:00:00,0,
2025.08.18 16:24:59,scan_skipped_same_execution_bar,USDJPY,2025.08.18 16:00:00,0,
2025.08.18 16:34:59,scan_executed_new_execution_bar,USDJPY,2025.08.18 16:15:00,0,
2025.08.18 16:39:59,scan_skipped_same_execution_bar,USDJPY,2025.08.18 16:15:00,0,
2025.08.18 16:49:59,scan_executed_new_execution_bar,USDJPY,2025.08.18 16:30:00,16,
2025.08.18 16:54:59,scan_skipped_same_execution_bar,USDJPY,2025.08.18 16:30:00,0,
2025.08.18 17:04:59,scan_executed_new_execution_bar,USDJPY,2025.08.18 16:45:00,0,
2025.08.18 17:09:59,scan_skipped_same_execution_bar,USDJPY,2025.08.18 16:45:00,0,
2025.08.18 17:19:59,scan_executed_new_execution_bar,USDJPY,2025.08.18 17:00:00,31,
2025.08.18 17:24:59,scan_skipped_same_execution_bar,USDJPY,2025.08.18 17:00:00,0,
2025.08.18 17:34:59,scan_executed_new_execution_bar,USDJPY,2025.08.18 17:15:00,0,
2025.08.18 17:39:59,scan_skipped_same_execution_bar,USDJPY,2025.08.18 17:15:00,0,
2025.08.18 17:49:59,scan_executed_new_execution_bar,USDJPY,2025.08.18 17:30:00,0,
2025.08.18 17:54:59,scan_skipped_same_execution_bar,USDJPY,2025.08.18 17:30:00,0,
2025.08.18 18:04:59,scan_executed_new_execution_bar,USDJPY,2025.08.18 17:45:00,0,
2025.08.18 18:09:59,scan_skipped_same_execution_bar,USDJPY,2025.08.18 17:45:00,0,
2025.08.18 18:19:59,scan_executed_new_execution_bar,USDJPY,2025.08.18 18:00:00,0,
2025.08.18 18:24:59,scan_skipped_same_execution_bar,USDJPY,2025.08.18 18:00:00,0,
2025.08.18 18:34:59,scan_executed_new_execution_bar,USDJPY,2025.08.18 18:15:00,16,
2025.08.18 18:39:58,scan_skipped_same_execution_bar,USDJPY,2025.08.18 18:15:00,0,
2025.08.18 18:49:59,scan_executed_new_execution_bar,USDJPY,2025.08.18 18:30:00,0,
2025.08.18 18:54:59,scan_skipped_same_execution_bar,USDJPY,2025.08.18 18:30:00,0,
2025.08.18 19:04:59,scan_executed_new_execution_bar,USDJPY,2025.08.18 18:45:00,16,
2025.08.18 19:09:59,scan_skipped_same_execution_bar,USDJPY,2025.08.18 18:45:00,0,
2025.08.18 19:19:59,scan_executed_new_execution_bar,USDJPY,2025.08.18 19:00:00,0,
2025.08.18 19:24:59,scan_skipped_same_execution_bar,USDJPY,2025.08.18 19:00:00,0,
2025.08.18 19:34:59,scan_executed_new_execution_bar,USDJPY,2025.08.18 19:15:00,0,
2025.08.18 19:40:00,scan_skipped_same_execution_bar,USDJPY,2025.08.18 19:15:00,0,
2025.08.18 19:49:59,scan_executed_new_execution_bar,USDJPY,2025.08.18 19:30:00,0,
2025.08.18 19:54:59,scan_skipped_same_execution_bar,USDJPY,2025.08.18 19:30:00,0,
2025.08.18 20:04:59,scan_executed_new_execution_bar,USDJPY,2025.08.18 19:45:00,0,
2025.08.18 20:09:59,scan_skipped_same_execution_bar,USDJPY,2025.08.18 19:45:00,0,
2025.08.18 20:19:59,scan_executed_new_execution_bar,USDJPY,2025.08.18 20:00:00,0,
2025.08.18 20:24:58,scan_skipped_same_execution_bar,USDJPY,2025.08.18 20:00:00,0,
2025.08.18 20:34:59,scan_executed_new_execution_bar,USDJPY,2025.08.18 20:15:00,0,
2025.08.18 20:39:59,scan_skipped_same_execution_bar,USDJPY,2025.08.18 20:15:00,0,
2025.08.18 20:49:59,scan_executed_new_execution_bar,USDJPY,2025.08.18 20:30:00,0,
2025.08.18 20:54:59,scan_skipped_same_execution_bar,USDJPY,2025.08.18 20:30:00,0,
2025.08.18 21:04:59,scan_executed_new_execution_bar,USDJPY,2025.08.18 20:45:00,0,
2025.08.18 21:09:59,scan_skipped_same_execution_bar,USDJPY,2025.08.18 20:45:00,0,
2025.08.18 21:19:59,scan_executed_new_execution_bar,USDJPY,2025.08.18 21:00:00,0,
2025.08.18 21:24:59,scan_skipped_same_execution_bar,USDJPY,2025.08.18 21:00:00,0,
2025.08.18 21:34:59,scan_executed_new_execution_bar,USDJPY,2025.08.18 21:15:00,0,
2025.08.18 21:39:59,scan_skipped_same_execution_bar,USDJPY,2025.08.18 21:15:00,0,
2025.08.18 21:49:59,scan_executed_new_execution_bar,USDJPY,2025.08.18 21:30:00,0,
2025.08.18 21:54:58,scan_skipped_same_execution_bar,USDJPY,2025.08.18 21:30:00,0,
2025.08.18 22:04:59,scan_executed_new_execution_bar,USDJPY,2025.08.18 21:45:00,0,
2025.08.18 22:09:59,scan_skipped_same_execution_bar,USDJPY,2025.08.18 21:45:00,0,
2025.08.18 22:19:59,scan_executed_new_execution_bar,USDJPY,2025.08.18 22:00:00,0,
2025.08.18 22:24:59,scan_skipped_same_execution_bar,USDJPY,2025.08.18 22:00:00,0,
2025.08.18 22:34:59,scan_executed_new_execution_bar,USDJPY,2025.08.18 22:15:00,0,
2025.08.18 22:39:59,scan_skipped_same_execution_bar,USDJPY,2025.08.18 22:15:00,0,
2025.08.18 22:49:59,scan_executed_new_execution_bar,USDJPY,2025.08.18 22:30:00,0,
2025.08.18 22:54:59,scan_skipped_same_execution_bar,USDJPY,2025.08.18 22:30:00,0,
2025.08.18 23:04:59,scan_executed_new_execution_bar,USDJPY,2025.08.18 22:45:00,0,
2025.08.18 23:09:59,scan_skipped_same_execution_bar,USDJPY,2025.08.18 22:45:00,0,
2025.08.18 23:19:59,scan_executed_new_execution_bar,USDJPY,2025.08.18 23:00:00,0,
2025.08.18 23:24:58,scan_skipped_same_execution_bar,USDJPY,2025.08.18 23:00:00,0,
2025.08.18 23:35:00,scan_executed_new_execution_bar,USDJPY,2025.08.18 23:15:00,0,
2025.08.18 23:39:57,scan_skipped_same_execution_bar,USDJPY,2025.08.18 23:15:00,0,
2025.08.18 23:49:59,scan_executed_new_execution_bar,USDJPY,2025.08.18 23:30:00,0,
2025.08.18 23:54:59,scan_skipped_same_execution_bar,USDJPY,2025.08.18 23:30:00,0,
2025.08.19 00:04:25,scan_executed_new_execution_bar,USDJPY,2025.08.18 23:45:00,0,
2025.08.19 00:09:58,scan_skipped_same_execution_bar,USDJPY,2025.08.18 23:45:00,0,
2025.08.19 00:19:57,scan_executed_new_execution_bar,USDJPY,2025.08.19 00:00:00,0,
2025.08.19 00:24:59,scan_skipped_same_execution_bar,USDJPY,2025.08.19 00:00:00,0,
2025.08.19 00:34:59,scan_executed_new_execution_bar,USDJPY,2025.08.19 00:15:00,0,
2025.08.19 00:39:59,scan_skipped_same_execution_bar,USDJPY,2025.08.19 00:15:00,0,
2025.08.19 00:49:59,scan_executed_new_execution_bar,USDJPY,2025.08.19 00:30:00,0,
2025.08.19 00:54:58,scan_skipped_same_execution_bar,USDJPY,2025.08.19 00:30:00,0,
2025.08.19 01:04:58,scan_executed_new_execution_bar,USDJPY,2025.08.19 00:45:00,0,
2025.08.19 01:09:59,scan_skipped_same_execution_bar,USDJPY,2025.08.19 00:45:00,0,
2025.08.19 01:19:59,scan_executed_new_execution_bar,USDJPY,2025.08.19 01:00:00,0,
2025.08.19 01:24:59,scan_skipped_same_execution_bar,USDJPY,2025.08.19 01:00:00,0,
2025.08.19 01:34:59,scan_executed_new_execution_bar,USDJPY,2025.08.19 01:15:00,0,
2025.08.19 01:39:59,scan_skipped_same_execution_bar,USDJPY,2025.08.19 01:15:00,0,
2025.08.19 01:49:59,scan_executed_new_execution_bar,USDJPY,2025.08.19 01:30:00,0,
2025.08.19 01:54:56,scan_skipped_same_execution_bar,USDJPY,2025.08.19 01:30:00,0,
2025.08.19 02:04:59,scan_executed_new_execution_bar,USDJPY,2025.08.19 01:45:00,0,
2025.08.19 02:09:59,scan_skipped_same_execution_bar,USDJPY,2025.08.19 01:45:00,0,
2025.08.19 02:19:59,scan_executed_new_execution_bar,USDJPY,2025.08.19 02:00:00,0,
2025.08.19 02:24:58,scan_skipped_same_execution_bar,USDJPY,2025.08.19 02:00:00,0,
2025.08.19 02:34:59,scan_executed_new_execution_bar,USDJPY,2025.08.19 02:15:00,15,
2025.08.19 02:39:59,scan_skipped_same_execution_bar,USDJPY,2025.08.19 02:15:00,0,
2025.08.19 02:49:59,scan_executed_new_execution_bar,USDJPY,2025.08.19 02:30:00,0,
2025.08.19 02:54:59,scan_skipped_same_execution_bar,USDJPY,2025.08.19 02:30:00,0,
2025.08.19 03:04:59,scan_executed_new_execution_bar,USDJPY,2025.08.19 02:45:00,0,
2025.08.19 03:09:59,scan_skipped_same_execution_bar,USDJPY,2025.08.19 02:45:00,0,
2025.08.19 03:19:59,scan_executed_new_execution_bar,USDJPY,2025.08.19 03:00:00,15,
2025.08.19 03:24:59,scan_skipped_same_execution_bar,USDJPY,2025.08.19 03:00:00,0,
2025.08.19 03:34:59,scan_executed_new_execution_bar,USDJPY,2025.08.19 03:15:00,16,
2025.08.19 03:39:59,scan_skipped_same_execution_bar,USDJPY,2025.08.19 03:15:00,0,
2025.08.19 03:49:59,scan_executed_new_execution_bar,USDJPY,2025.08.19 03:30:00,0,
2025.08.19 03:54:59,scan_skipped_same_execution_bar,USDJPY,2025.08.19 03:30:00,0,
2025.08.19 04:04:59,scan_executed_new_execution_bar,USDJPY,2025.08.19 03:45:00,0,
2025.08.19 04:09:59,scan_skipped_same_execution_bar,USDJPY,2025.08.19 03:45:00,0,
2025.08.19 04:19:59,scan_executed_new_execution_bar,USDJPY,2025.08.19 04:00:00,0,
2025.08.19 04:24:59,scan_skipped_same_execution_bar,USDJPY,2025.08.19 04:00:00,0,
2025.08.19 04:34:59,scan_executed_new_execution_bar,USDJPY,2025.08.19 04:15:00,0,
2025.08.19 04:39:59,scan_skipped_same_execution_bar,USDJPY,2025.08.19 04:15:00,0,
2025.08.19 04:49:59,scan_executed_new_execution_bar,USDJPY,2025.08.19 04:30:00,16,
2025.08.19 04:55:00,scan_skipped_same_execution_bar,USDJPY,2025.08.19 04:30:00,0,
2025.08.19 05:04:59,scan_executed_new_execution_bar,USDJPY,2025.08.19 04:45:00,0,
2025.08.19 05:09:59,scan_skipped_same_execution_bar,USDJPY,2025.08.19 04:45:00,0,
2025.08.19 05:19:59,scan_executed_new_execution_bar,USDJPY,2025.08.19 05:00:00,16,
2025.08.19 05:24:59,scan_skipped_same_execution_bar,USDJPY,2025.08.19 05:00:00,0,
2025.08.19 05:34:59,scan_executed_new_execution_bar,USDJPY,2025.08.19 05:15:00,15,
2025.08.19 05:39:59,scan_skipped_same_execution_bar,USDJPY,2025.08.19 05:15:00,0,
2025.08.19 05:49:59,scan_executed_new_execution_bar,USDJPY,2025.08.19 05:30:00,15,
2025.08.19 05:54:59,scan_skipped_same_execution_bar,USDJPY,2025.08.19 05:30:00,0,
2025.08.19 06:04:59,scan_executed_new_execution_bar,USDJPY,2025.08.19 05:45:00,16,
2025.08.19 06:09:59,scan_skipped_same_execution_bar,USDJPY,2025.08.19 05:45:00,0,
2025.08.19 06:19:59,scan_executed_new_execution_bar,USDJPY,2025.08.19 06:00:00,0,
2025.08.19 06:25:00,scan_skipped_same_execution_bar,USDJPY,2025.08.19 06:00:00,0,
2025.08.19 06:34:59,scan_executed_new_execution_bar,USDJPY,2025.08.19 06:15:00,31,
2025.08.19 06:39:59,scan_skipped_same_execution_bar,USDJPY,2025.08.19 06:15:00,0,
2025.08.19 06:49:59,scan_executed_new_execution_bar,USDJPY,2025.08.19 06:30:00,15,
2025.08.19 06:54:59,scan_skipped_same_execution_bar,USDJPY,2025.08.19 06:30:00,0,
2025.08.19 07:04:59,scan_executed_new_execution_bar,USDJPY,2025.08.19 06:45:00,0,
2025.08.19 07:09:59,scan_skipped_same_execution_bar,USDJPY,2025.08.19 06:45:00,0,
2025.08.19 07:19:59,scan_executed_new_execution_bar,USDJPY,2025.08.19 07:00:00,0,
2025.08.19 07:24:59,scan_skipped_same_execution_bar,USDJPY,2025.08.19 07:00:00,0,
2025.08.19 07:34:59,scan_executed_new_execution_bar,USDJPY,2025.08.19 07:15:00,0,
2025.08.19 07:39:59,scan_skipped_same_execution_bar,USDJPY,2025.08.19 07:15:00,0,
2025.08.19 07:49:58,scan_executed_new_execution_bar,USDJPY,2025.08.19 07:30:00,0,
2025.08.19 07:54:59,scan_skipped_same_execution_bar,USDJPY,2025.08.19 07:30:00,0,
2025.08.19 08:04:59,scan_executed_new_execution_bar,USDJPY,2025.08.19 07:45:00,0,
2025.08.19 08:10:00,scan_skipped_same_execution_bar,USDJPY,2025.08.19 07:45:00,0,
2025.08.19 08:20:00,scan_executed_new_execution_bar,USDJPY,2025.08.19 08:00:00,0,
2025.08.19 08:24:58,scan_skipped_same_execution_bar,USDJPY,2025.08.19 08:00:00,0,
2025.08.19 08:34:59,scan_executed_new_execution_bar,USDJPY,2025.08.19 08:15:00,0,
2025.08.19 08:39:59,scan_skipped_same_execution_bar,USDJPY,2025.08.19 08:15:00,0,
2025.08.19 08:49:59,scan_executed_new_execution_bar,USDJPY,2025.08.19 08:30:00,0,
2025.08.19 08:54:59,scan_skipped_same_execution_bar,USDJPY,2025.08.19 08:30:00,0,
2025.08.19 09:04:59,scan_executed_new_execution_bar,USDJPY,2025.08.19 08:45:00,0,
2025.08.19 09:09:59,scan_skipped_same_execution_bar,USDJPY,2025.08.19 08:45:00,0,
2025.08.19 09:19:59,scan_executed_new_execution_bar,USDJPY,2025.08.19 09:00:00,0,
2025.08.19 09:24:59,scan_skipped_same_execution_bar,USDJPY,2025.08.19 09:00:00,0,
2025.08.19 09:34:59,scan_executed_new_execution_bar,USDJPY,2025.08.19 09:15:00,0,
2025.08.19 09:39:59,scan_skipped_same_execution_bar,USDJPY,2025.08.19 09:15:00,0,
2025.08.19 09:49:59,scan_executed_new_execution_bar,USDJPY,2025.08.19 09:30:00,0,
2025.08.19 09:54:59,scan_skipped_same_execution_bar,USDJPY,2025.08.19 09:30:00,0,
2025.08.19 10:04:59,scan_executed_new_execution_bar,USDJPY,2025.08.19 09:45:00,16,
2025.08.19 10:09:59,scan_skipped_same_execution_bar,USDJPY,2025.08.19 09:45:00,0,
2025.08.19 10:19:59,scan_executed_new_execution_bar,USDJPY,2025.08.19 10:00:00,0,
2025.08.19 10:24:58,scan_skipped_same_execution_bar,USDJPY,2025.08.19 10:00:00,0,
2025.08.19 10:34:59,scan_executed_new_execution_bar,USDJPY,2025.08.19 10:15:00,0,
2025.08.19 10:39:59,scan_skipped_same_execution_bar,USDJPY,2025.08.19 10:15:00,0,
2025.08.19 10:49:59,scan_executed_new_execution_bar,USDJPY,2025.08.19 10:30:00,16,
2025.08.19 10:54:59,scan_skipped_same_execution_bar,USDJPY,2025.08.19 10:30:00,0,
2025.08.19 11:04:59,scan_executed_new_execution_bar,USDJPY,2025.08.19 10:45:00,15,
2025.08.19 11:09:59,scan_skipped_same_execution_bar,USDJPY,2025.08.19 10:45:00,0,
2025.08.19 11:19:59,scan_executed_new_execution_bar,USDJPY,2025.08.19 11:00:00,16,
2025.08.19 11:24:59,scan_skipped_same_execution_bar,USDJPY,2025.08.19 11:00:00,0,
2025.08.19 11:34:59,scan_executed_new_execution_bar,USDJPY,2025.08.19 11:15:00,0,
2025.08.19 11:39:59,scan_skipped_same_execution_bar,USDJPY,2025.08.19 11:15:00,0,
2025.08.19 11:49:59,scan_executed_new_execution_bar,USDJPY,2025.08.19 11:30:00,16,
2025.08.19 11:54:58,scan_skipped_same_execution_bar,USDJPY,2025.08.19 11:30:00,0,
2025.08.19 12:04:59,scan_executed_new_execution_bar,USDJPY,2025.08.19 11:45:00,0,
2025.08.19 12:09:59,scan_skipped_same_execution_bar,USDJPY,2025.08.19 11:45:00,0,
2025.08.19 12:19:59,scan_executed_new_execution_bar,USDJPY,2025.08.19 12:00:00,15,
2025.08.19 12:24:59,scan_skipped_same_execution_bar,USDJPY,2025.08.19 12:00:00,0,
2025.08.19 12:34:59,scan_executed_new_execution_bar,USDJPY,2025.08.19 12:15:00,0,
2025.08.19 12:39:59,scan_skipped_same_execution_bar,USDJPY,2025.08.19 12:15:00,0,
2025.08.19 12:49:58,scan_executed_new_execution_bar,USDJPY,2025.08.19 12:30:00,0,
2025.08.19 12:54:59,scan_skipped_same_execution_bar,USDJPY,2025.08.19 12:30:00,0,
2025.08.19 13:04:59,scan_executed_new_execution_bar,USDJPY,2025.08.19 12:45:00,0,
2025.08.19 13:09:59,scan_skipped_same_execution_bar,USDJPY,2025.08.19 12:45:00,0,
2025.08.19 13:19:59,scan_executed_new_execution_bar,USDJPY,2025.08.19 13:00:00,0,
2025.08.19 13:24:59,scan_skipped_same_execution_bar,USDJPY,2025.08.19 13:00:00,0,
2025.08.19 13:34:59,scan_executed_new_execution_bar,USDJPY,2025.08.19 13:15:00,0,
2025.08.19 13:39:59,scan_skipped_same_execution_bar,USDJPY,2025.08.19 13:15:00,0,
2025.08.19 13:49:59,scan_executed_new_execution_bar,USDJPY,2025.08.19 13:30:00,0,
2025.08.19 13:55:00,scan_skipped_same_execution_bar,USDJPY,2025.08.19 13:30:00,0,
2025.08.19 14:04:59,scan_executed_new_execution_bar,USDJPY,2025.08.19 13:45:00,0,
2025.08.19 14:09:59,scan_skipped_same_execution_bar,USDJPY,2025.08.19 13:45:00,0,
2025.08.19 14:19:59,scan_executed_new_execution_bar,USDJPY,2025.08.19 14:00:00,16,
2025.08.19 14:24:59,scan_skipped_same_execution_bar,USDJPY,2025.08.19 14:00:00,0,
2025.08.19 14:34:59,scan_executed_new_execution_bar,USDJPY,2025.08.19 14:15:00,0,
2025.08.19 14:40:00,scan_skipped_same_execution_bar,USDJPY,2025.08.19 14:15:00,0,
2025.08.19 14:49:59,scan_executed_new_execution_bar,USDJPY,2025.08.19 14:30:00,0,
2025.08.19 14:54:59,scan_skipped_same_execution_bar,USDJPY,2025.08.19 14:30:00,0,
2025.08.19 15:04:59,scan_executed_new_execution_bar,USDJPY,2025.08.19 14:45:00,0,
2025.08.19 15:09:59,scan_skipped_same_execution_bar,USDJPY,2025.08.19 14:45:00,0,
2025.08.19 15:19:59,scan_executed_new_execution_bar,USDJPY,2025.08.19 15:00:00,0,
2025.08.19 15:24:59,scan_skipped_same_execution_bar,USDJPY,2025.08.19 15:00:00,0,
2025.08.19 15:34:59,scan_executed_new_execution_bar,USDJPY,2025.08.19 15:15:00,16,
2025.08.19 15:39:59,scan_skipped_same_execution_bar,USDJPY,2025.08.19 15:15:00,0,
2025.08.19 15:49:59,scan_executed_new_execution_bar,USDJPY,2025.08.19 15:30:00,15,
2025.08.19 15:54:59,scan_skipped_same_execution_bar,USDJPY,2025.08.19 15:30:00,0,
2025.08.19 16:04:59,scan_executed_new_execution_bar,USDJPY,2025.08.19 15:45:00,0,
2025.08.19 16:09:59,scan_skipped_same_execution_bar,USDJPY,2025.08.19 15:45:00,0,
2025.08.19 16:19:59,scan_executed_new_execution_bar,USDJPY,2025.08.19 16:00:00,0,
2025.08.19 16:24:59,scan_skipped_same_execution_bar,USDJPY,2025.08.19 16:00:00,0,
2025.08.19 16:34:59,scan_executed_new_execution_bar,USDJPY,2025.08.19 16:15:00,0,
2025.08.19 16:39:59,scan_skipped_same_execution_bar,USDJPY,2025.08.19 16:15:00,0,
2025.08.19 16:49:58,scan_executed_new_execution_bar,USDJPY,2025.08.19 16:30:00,0,
2025.08.19 16:54:59,scan_skipped_same_execution_bar,USDJPY,2025.08.19 16:30:00,0,
2025.08.19 17:04:59,scan_executed_new_execution_bar,USDJPY,2025.08.19 16:45:00,0,
2025.08.19 17:09:59,scan_skipped_same_execution_bar,USDJPY,2025.08.19 16:45:00,0,
2025.08.19 17:19:59,scan_executed_new_execution_bar,USDJPY,2025.08.19 17:00:00,0,
2025.08.19 17:24:59,scan_skipped_same_execution_bar,USDJPY,2025.08.19 17:00:00,0,
2025.08.19 17:34:59,scan_executed_new_execution_bar,USDJPY,2025.08.19 17:15:00,16,
2025.08.19 17:39:59,scan_skipped_same_execution_bar,USDJPY,2025.08.19 17:15:00,0,
2025.08.19 17:49:59,scan_executed_new_execution_bar,USDJPY,2025.08.19 17:30:00,0,
2025.08.19 17:54:59,scan_skipped_same_execution_bar,USDJPY,2025.08.19 17:30:00,0,
2025.08.19 18:04:59,scan_executed_new_execution_bar,USDJPY,2025.08.19 17:45:00,0,
2025.08.19 18:09:59,scan_skipped_same_execution_bar,USDJPY,2025.08.19 17:45:00,0,
2025.08.19 18:19:59,scan_executed_new_execution_bar,USDJPY,2025.08.19 18:00:00,0,
2025.08.19 18:24:59,scan_skipped_same_execution_bar,USDJPY,2025.08.19 18:00:00,0,
2025.08.19 18:34:59,scan_executed_new_execution_bar,USDJPY,2025.08.19 18:15:00,16,
2025.08.19 18:39:59,scan_skipped_same_execution_bar,USDJPY,2025.08.19 18:15:00,0,
2025.08.19 18:49:59,scan_executed_new_execution_bar,USDJPY,2025.08.19 18:30:00,0,
2025.08.19 18:54:59,scan_skipped_same_execution_bar,USDJPY,2025.08.19 18:30:00,0,
2025.08.19 19:04:59,scan_executed_new_execution_bar,USDJPY,2025.08.19 18:45:00,0,
2025.08.19 19:09:59,scan_skipped_same_execution_bar,USDJPY,2025.08.19 18:45:00,0,
2025.08.19 19:19:59,scan_executed_new_execution_bar,USDJPY,2025.08.19 19:00:00,0,
2025.08.19 19:24:59,scan_skipped_same_execution_bar,USDJPY,2025.08.19 19:00:00,0,
2025.08.19 19:34:59,scan_executed_new_execution_bar,USDJPY,2025.08.19 19:15:00,15,
2025.08.19 19:39:59,scan_skipped_same_execution_bar,USDJPY,2025.08.19 19:15:00,0,
2025.08.19 19:49:59,scan_executed_new_execution_bar,USDJPY,2025.08.19 19:30:00,16,
2025.08.19 19:54:59,scan_skipped_same_execution_bar,USDJPY,2025.08.19 19:30:00,0,
2025.08.19 20:04:59,scan_executed_new_execution_bar,USDJPY,2025.08.19 19:45:00,0,
2025.08.19 20:09:59,scan_skipped_same_execution_bar,USDJPY,2025.08.19 19:45:00,0,
2025.08.19 20:19:59,scan_executed_new_execution_bar,USDJPY,2025.08.19 20:00:00,0,
2025.08.19 20:24:59,scan_skipped_same_execution_bar,USDJPY,2025.08.19 20:00:00,0,
2025.08.19 20:34:58,scan_executed_new_execution_bar,USDJPY,2025.08.19 20:15:00,31,
2025.08.19 20:39:59,scan_skipped_same_execution_bar,USDJPY,2025.08.19 20:15:00,0,
2025.08.19 20:49:59,scan_executed_new_execution_bar,USDJPY,2025.08.19 20:30:00,0,
2025.08.19 20:55:00,scan_skipped_same_execution_bar,USDJPY,2025.08.19 20:30:00,0,
2025.08.19 21:04:59,scan_executed_new_execution_bar,USDJPY,2025.08.19 20:45:00,0,
2025.08.19 21:09:59,scan_skipped_same_execution_bar,USDJPY,2025.08.19 20:45:00,0,
2025.08.19 21:19:59,scan_executed_new_execution_bar,USDJPY,2025.08.19 21:00:00,16,
2025.08.19 21:24:59,scan_skipped_same_execution_bar,USDJPY,2025.08.19 21:00:00,0,
2025.08.19 21:34:59,scan_executed_new_execution_bar,USDJPY,2025.08.19 21:15:00,15,
2025.08.19 21:39:59,scan_skipped_same_execution_bar,USDJPY,2025.08.19 21:15:00,0,
2025.08.19 21:49:59,scan_executed_new_execution_bar,USDJPY,2025.08.19 21:30:00,0,
2025.08.19 21:54:59,scan_skipped_same_execution_bar,USDJPY,2025.08.19 21:30:00,0,
2025.08.19 22:04:59,scan_executed_new_execution_bar,USDJPY,2025.08.19 21:45:00,31,
2025.08.19 22:09:55,scan_skipped_same_execution_bar,USDJPY,2025.08.19 21:45:00,0,
2025.08.19 22:19:59,scan_executed_new_execution_bar,USDJPY,2025.08.19 22:00:00,0,
2025.08.19 22:24:57,scan_skipped_same_execution_bar,USDJPY,2025.08.19 22:00:00,0,
2025.08.19 22:34:58,scan_executed_new_execution_bar,USDJPY,2025.08.19 22:15:00,31,
2025.08.19 22:39:59,scan_skipped_same_execution_bar,USDJPY,2025.08.19 22:15:00,0,
2025.08.19 22:49:58,scan_executed_new_execution_bar,USDJPY,2025.08.19 22:30:00,16,
2025.08.19 22:55:00,scan_skipped_same_execution_bar,USDJPY,2025.08.19 22:30:00,0,
2025.08.19 23:04:59,scan_executed_new_execution_bar,USDJPY,2025.08.19 22:45:00,0,
2025.08.19 23:09:59,scan_skipped_same_execution_bar,USDJPY,2025.08.19 22:45:00,0,
2025.08.19 23:19:59,scan_executed_new_execution_bar,USDJPY,2025.08.19 23:00:00,0,
2025.08.19 23:24:59,scan_skipped_same_execution_bar,USDJPY,2025.08.19 23:00:00,0,
2025.08.19 23:34:58,scan_executed_new_execution_bar,USDJPY,2025.08.19 23:15:00,0,
2025.08.19 23:39:59,scan_skipped_same_execution_bar,USDJPY,2025.08.19 23:15:00,0,
2025.08.19 23:49:58,scan_executed_new_execution_bar,USDJPY,2025.08.19 23:30:00,0,
2025.08.19 23:54:59,scan_skipped_same_execution_bar,USDJPY,2025.08.19 23:30:00,0,
2025.08.20 00:04:52,scan_executed_new_execution_bar,USDJPY,2025.08.19 23:45:00,0,
2025.08.20 00:09:56,scan_skipped_same_execution_bar,USDJPY,2025.08.19 23:45:00,0,
2025.08.20 00:19:59,scan_executed_new_execution_bar,USDJPY,2025.08.20 00:00:00,0,
2025.08.20 00:24:59,scan_skipped_same_execution_bar,USDJPY,2025.08.20 00:00:00,0,
2025.08.20 00:34:57,scan_executed_new_execution_bar,USDJPY,2025.08.20 00:15:00,0,
2025.08.20 00:39:57,scan_skipped_same_execution_bar,USDJPY,2025.08.20 00:15:00,0,
2025.08.20 00:49:59,scan_executed_new_execution_bar,USDJPY,2025.08.20 00:30:00,0,
2025.08.20 00:54:59,scan_skipped_same_execution_bar,USDJPY,2025.08.20 00:30:00,0,
2025.08.20 01:04:59,scan_executed_new_execution_bar,USDJPY,2025.08.20 00:45:00,0,
2025.08.20 01:09:59,scan_skipped_same_execution_bar,USDJPY,2025.08.20 00:45:00,0,
2025.08.20 01:19:58,scan_executed_new_execution_bar,USDJPY,2025.08.20 01:00:00,0,
2025.08.20 01:24:55,scan_skipped_same_execution_bar,USDJPY,2025.08.20 01:00:00,0,
2025.08.20 01:34:58,scan_executed_new_execution_bar,USDJPY,2025.08.20 01:15:00,0,
2025.08.20 01:39:59,scan_skipped_same_execution_bar,USDJPY,2025.08.20 01:15:00,0,
2025.08.20 01:49:57,scan_executed_new_execution_bar,USDJPY,2025.08.20 01:30:00,0,
2025.08.20 01:54:59,scan_skipped_same_execution_bar,USDJPY,2025.08.20 01:30:00,0,
2025.08.20 02:04:59,scan_executed_new_execution_bar,USDJPY,2025.08.20 01:45:00,0,
2025.08.20 02:09:58,scan_skipped_same_execution_bar,USDJPY,2025.08.20 01:45:00,0,
2025.08.20 02:19:58,scan_executed_new_execution_bar,USDJPY,2025.08.20 02:00:00,0,
2025.08.20 02:24:58,scan_skipped_same_execution_bar,USDJPY,2025.08.20 02:00:00,0,
2025.08.20 02:34:59,scan_executed_new_execution_bar,USDJPY,2025.08.20 02:15:00,0,
2025.08.20 02:39:58,scan_skipped_same_execution_bar,USDJPY,2025.08.20 02:15:00,0,
2025.08.20 02:49:56,scan_executed_new_execution_bar,USDJPY,2025.08.20 02:30:00,0,
2025.08.20 02:54:59,scan_skipped_same_execution_bar,USDJPY,2025.08.20 02:30:00,0,
2025.08.20 03:04:59,scan_executed_new_execution_bar,USDJPY,2025.08.20 02:45:00,0,
2025.08.20 03:09:59,scan_skipped_same_execution_bar,USDJPY,2025.08.20 02:45:00,0,
2025.08.20 03:19:59,scan_executed_new_execution_bar,USDJPY,2025.08.20 03:00:00,16,
2025.08.20 03:24:59,scan_skipped_same_execution_bar,USDJPY,2025.08.20 03:00:00,0,
2025.08.20 03:34:59,scan_executed_new_execution_bar,USDJPY,2025.08.20 03:15:00,0,
2025.08.20 03:39:59,scan_skipped_same_execution_bar,USDJPY,2025.08.20 03:15:00,0,
2025.08.20 03:49:59,scan_executed_new_execution_bar,USDJPY,2025.08.20 03:30:00,0,
2025.08.20 03:54:59,scan_skipped_same_execution_bar,USDJPY,2025.08.20 03:30:00,0,
2025.08.20 04:04:59,scan_executed_new_execution_bar,USDJPY,2025.08.20 03:45:00,16,
2025.08.20 04:09:59,scan_skipped_same_execution_bar,USDJPY,2025.08.20 03:45:00,0,
2025.08.20 04:19:59,scan_executed_new_execution_bar,USDJPY,2025.08.20 04:00:00,0,
2025.08.20 04:24:59,scan_skipped_same_execution_bar,USDJPY,2025.08.20 04:00:00,0,
2025.08.20 04:34:59,scan_executed_new_execution_bar,USDJPY,2025.08.20 04:15:00,0,
2025.08.20 04:39:59,scan_skipped_same_execution_bar,USDJPY,2025.08.20 04:15:00,0,
2025.08.20 04:49:59,scan_executed_new_execution_bar,USDJPY,2025.08.20 04:30:00,16,
2025.08.20 04:54:58,scan_skipped_same_execution_bar,USDJPY,2025.08.20 04:30:00,0,
2025.08.20 05:04:59,scan_executed_new_execution_bar,USDJPY,2025.08.20 04:45:00,16,
2025.08.20 05:09:59,scan_skipped_same_execution_bar,USDJPY,2025.08.20 04:45:00,0,
2025.08.20 05:19:59,scan_executed_new_execution_bar,USDJPY,2025.08.20 05:00:00,0,
2025.08.20 05:24:59,scan_skipped_same_execution_bar,USDJPY,2025.08.20 05:00:00,0,
2025.08.20 05:34:59,scan_executed_new_execution_bar,USDJPY,2025.08.20 05:15:00,16,
2025.08.20 05:39:59,scan_skipped_same_execution_bar,USDJPY,2025.08.20 05:15:00,0,
2025.08.20 05:49:59,scan_executed_new_execution_bar,USDJPY,2025.08.20 05:30:00,15,
2025.08.20 05:54:59,scan_skipped_same_execution_bar,USDJPY,2025.08.20 05:30:00,0,
2025.08.20 06:04:59,scan_executed_new_execution_bar,USDJPY,2025.08.20 05:45:00,16,
2025.08.20 06:09:59,scan_skipped_same_execution_bar,USDJPY,2025.08.20 05:45:00,0,
2025.08.20 06:19:59,scan_executed_new_execution_bar,USDJPY,2025.08.20 06:00:00,16,
2025.08.20 06:24:59,scan_skipped_same_execution_bar,USDJPY,2025.08.20 06:00:00,0,
2025.08.20 06:34:59,scan_executed_new_execution_bar,USDJPY,2025.08.20 06:15:00,31,
2025.08.20 06:39:59,scan_skipped_same_execution_bar,USDJPY,2025.08.20 06:15:00,0,
2025.08.20 06:49:58,scan_executed_new_execution_bar,USDJPY,2025.08.20 06:30:00,0,
2025.08.20 06:54:59,scan_skipped_same_execution_bar,USDJPY,2025.08.20 06:30:00,0,
2025.08.20 07:04:59,scan_executed_new_execution_bar,USDJPY,2025.08.20 06:45:00,0,
2025.08.20 07:09:59,scan_skipped_same_execution_bar,USDJPY,2025.08.20 06:45:00,0,
2025.08.20 07:19:58,scan_executed_new_execution_bar,USDJPY,2025.08.20 07:00:00,16,
2025.08.20 07:24:59,scan_skipped_same_execution_bar,USDJPY,2025.08.20 07:00:00,0,
2025.08.20 07:34:59,scan_executed_new_execution_bar,USDJPY,2025.08.20 07:15:00,31,
2025.08.20 07:39:59,scan_skipped_same_execution_bar,USDJPY,2025.08.20 07:15:00,0,
2025.08.20 07:49:59,scan_executed_new_execution_bar,USDJPY,2025.08.20 07:30:00,16,
2025.08.20 07:54:59,scan_skipped_same_execution_bar,USDJPY,2025.08.20 07:30:00,0,
2025.08.20 08:04:59,scan_executed_new_execution_bar,USDJPY,2025.08.20 07:45:00,0,
2025.08.20 08:09:59,scan_skipped_same_execution_bar,USDJPY,2025.08.20 07:45:00,0,
2025.08.20 08:19:58,scan_executed_new_execution_bar,USDJPY,2025.08.20 08:00:00,0,
2025.08.20 08:24:59,scan_skipped_same_execution_bar,USDJPY,2025.08.20 08:00:00,0,
2025.08.20 08:34:59,scan_executed_new_execution_bar,USDJPY,2025.08.20 08:15:00,0,
2025.08.20 08:39:59,scan_skipped_same_execution_bar,USDJPY,2025.08.20 08:15:00,0,
2025.08.20 08:49:59,scan_executed_new_execution_bar,USDJPY,2025.08.20 08:30:00,0,
2025.08.20 08:54:59,scan_skipped_same_execution_bar,USDJPY,2025.08.20 08:30:00,0,
2025.08.20 09:04:59,scan_executed_new_execution_bar,USDJPY,2025.08.20 08:45:00,15,
2025.08.20 09:09:59,scan_skipped_same_execution_bar,USDJPY,2025.08.20 08:45:00,0,
2025.08.20 09:19:59,scan_executed_new_execution_bar,USDJPY,2025.08.20 09:00:00,0,
2025.08.20 09:24:59,scan_skipped_same_execution_bar,USDJPY,2025.08.20 09:00:00,0,
2025.08.20 09:34:59,scan_executed_new_execution_bar,USDJPY,2025.08.20 09:15:00,0,
2025.08.20 09:39:59,scan_skipped_same_execution_bar,USDJPY,2025.08.20 09:15:00,0,
2025.08.20 09:49:59,scan_executed_new_execution_bar,USDJPY,2025.08.20 09:30:00,0,
2025.08.20 09:54:59,scan_skipped_same_execution_bar,USDJPY,2025.08.20 09:30:00,0,
2025.08.20 10:04:59,scan_executed_new_execution_bar,USDJPY,2025.08.20 09:45:00,16,
2025.08.20 10:09:59,scan_skipped_same_execution_bar,USDJPY,2025.08.20 09:45:00,0,
2025.08.20 10:19:59,scan_executed_new_execution_bar,USDJPY,2025.08.20 10:00:00,0,
2025.08.20 10:24:59,scan_skipped_same_execution_bar,USDJPY,2025.08.20 10:00:00,0,
2025.08.20 10:34:59,scan_executed_new_execution_bar,USDJPY,2025.08.20 10:15:00,16,
2025.08.20 10:39:59,scan_skipped_same_execution_bar,USDJPY,2025.08.20 10:15:00,0,
2025.08.20 10:49:59,scan_executed_new_execution_bar,USDJPY,2025.08.20 10:30:00,15,
2025.08.20 10:54:59,scan_skipped_same_execution_bar,USDJPY,2025.08.20 10:30:00,0,
2025.08.20 11:04:59,scan_executed_new_execution_bar,USDJPY,2025.08.20 10:45:00,16,
2025.08.20 11:09:59,scan_skipped_same_execution_bar,USDJPY,2025.08.20 10:45:00,0,
2025.08.20 11:19:59,scan_executed_new_execution_bar,USDJPY,2025.08.20 11:00:00,31,
2025.08.20 11:24:59,scan_skipped_same_execution_bar,USDJPY,2025.08.20 11:00:00,0,
2025.08.20 11:34:59,scan_executed_new_execution_bar,USDJPY,2025.08.20 11:15:00,47,
2025.08.20 11:39:59,scan_skipped_same_execution_bar,USDJPY,2025.08.20 11:15:00,0,
2025.08.20 11:49:59,scan_executed_new_execution_bar,USDJPY,2025.08.20 11:30:00,0,
2025.08.20 11:54:58,scan_skipped_same_execution_bar,USDJPY,2025.08.20 11:30:00,0,
2025.08.20 12:04:59,scan_executed_new_execution_bar,USDJPY,2025.08.20 11:45:00,0,
2025.08.20 12:09:59,scan_skipped_same_execution_bar,USDJPY,2025.08.20 11:45:00,0,
2025.08.20 12:19:59,scan_executed_new_execution_bar,USDJPY,2025.08.20 12:00:00,16,
2025.08.20 12:24:59,scan_skipped_same_execution_bar,USDJPY,2025.08.20 12:00:00,0,
2025.08.20 12:34:59,scan_executed_new_execution_bar,USDJPY,2025.08.20 12:15:00,0,
2025.08.20 12:39:59,scan_skipped_same_execution_bar,USDJPY,2025.08.20 12:15:00,0,
2025.08.20 12:49:59,scan_executed_new_execution_bar,USDJPY,2025.08.20 12:30:00,0,
2025.08.20 12:54:59,scan_skipped_same_execution_bar,USDJPY,2025.08.20 12:30:00,0,
2025.08.20 13:04:59,scan_executed_new_execution_bar,USDJPY,2025.08.20 12:45:00,0,
2025.08.20 13:09:59,scan_skipped_same_execution_bar,USDJPY,2025.08.20 12:45:00,0,
2025.08.20 13:19:59,scan_executed_new_execution_bar,USDJPY,2025.08.20 13:00:00,0,
2025.08.20 13:24:58,scan_skipped_same_execution_bar,USDJPY,2025.08.20 13:00:00,0,
2025.08.20 13:34:59,scan_executed_new_execution_bar,USDJPY,2025.08.20 13:15:00,0,
2025.08.20 13:39:59,scan_skipped_same_execution_bar,USDJPY,2025.08.20 13:15:00,0,
2025.08.20 13:49:59,scan_executed_new_execution_bar,USDJPY,2025.08.20 13:30:00,0,
2025.08.20 13:54:59,scan_skipped_same_execution_bar,USDJPY,2025.08.20 13:30:00,0,
2025.08.20 14:04:59,scan_executed_new_execution_bar,USDJPY,2025.08.20 13:45:00,0,
2025.08.20 14:09:59,scan_skipped_same_execution_bar,USDJPY,2025.08.20 13:45:00,0,
2025.08.20 14:19:59,scan_executed_new_execution_bar,USDJPY,2025.08.20 14:00:00,0,
2025.08.20 14:24:58,scan_skipped_same_execution_bar,USDJPY,2025.08.20 14:00:00,0,
2025.08.20 14:34:59,scan_executed_new_execution_bar,USDJPY,2025.08.20 14:15:00,0,
2025.08.20 14:39:59,scan_skipped_same_execution_bar,USDJPY,2025.08.20 14:15:00,0,
2025.08.20 14:49:59,scan_executed_new_execution_bar,USDJPY,2025.08.20 14:30:00,0,
2025.08.20 14:54:59,scan_skipped_same_execution_bar,USDJPY,2025.08.20 14:30:00,0,
2025.08.20 15:04:59,scan_executed_new_execution_bar,USDJPY,2025.08.20 14:45:00,0,
2025.08.20 15:09:59,scan_skipped_same_execution_bar,USDJPY,2025.08.20 14:45:00,0,
2025.08.20 15:19:59,scan_executed_new_execution_bar,USDJPY,2025.08.20 15:00:00,0,
2025.08.20 15:24:59,scan_skipped_same_execution_bar,USDJPY,2025.08.20 15:00:00,0,
2025.08.20 15:30:00,scan_executed_new_execution_bar,USDJPY,2025.08.20 15:15:00,0,
2025.08.20 15:34:59,scan_skipped_same_execution_bar,USDJPY,2025.08.20 15:15:00,0,
2025.08.20 15:49:59,scan_executed_new_execution_bar,USDJPY,2025.08.20 15:30:00,0,
2025.08.20 15:54:59,scan_skipped_same_execution_bar,USDJPY,2025.08.20 15:30:00,0,
2025.08.20 16:04:59,scan_executed_new_execution_bar,USDJPY,2025.08.20 15:45:00,0,
2025.08.20 16:09:59,scan_skipped_same_execution_bar,USDJPY,2025.08.20 15:45:00,0,
2025.08.20 16:19:59,scan_executed_new_execution_bar,USDJPY,2025.08.20 16:00:00,0,
2025.08.20 16:24:59,scan_skipped_same_execution_bar,USDJPY,2025.08.20 16:00:00,0,
2025.08.20 16:34:59,scan_executed_new_execution_bar,USDJPY,2025.08.20 16:15:00,0,
2025.08.20 16:39:59,scan_skipped_same_execution_bar,USDJPY,2025.08.20 16:15:00,0,
2025.08.20 16:49:59,scan_executed_new_execution_bar,USDJPY,2025.08.20 16:30:00,0,
2025.08.20 16:54:59,scan_skipped_same_execution_bar,USDJPY,2025.08.20 16:30:00,0,
2025.08.20 17:04:59,scan_executed_new_execution_bar,USDJPY,2025.08.20 16:45:00,0,
2025.08.20 17:09:59,scan_skipped_same_execution_bar,USDJPY,2025.08.20 16:45:00,0,
2025.08.20 17:19:59,scan_executed_new_execution_bar,USDJPY,2025.08.20 17:00:00,16,
2025.08.20 17:24:59,scan_skipped_same_execution_bar,USDJPY,2025.08.20 17:00:00,0,
2025.08.20 17:34:59,scan_executed_new_execution_bar,USDJPY,2025.08.20 17:15:00,0,
2025.08.20 17:39:59,scan_skipped_same_execution_bar,USDJPY,2025.08.20 17:15:00,0,
2025.08.20 17:50:00,scan_executed_new_execution_bar,USDJPY,2025.08.20 17:30:00,16,
2025.08.20 17:54:59,scan_skipped_same_execution_bar,USDJPY,2025.08.20 17:30:00,0,
2025.08.20 18:04:59,scan_executed_new_execution_bar,USDJPY,2025.08.20 17:45:00,0,
2025.08.20 18:09:59,scan_skipped_same_execution_bar,USDJPY,2025.08.20 17:45:00,0,
2025.08.20 18:19:59,scan_executed_new_execution_bar,USDJPY,2025.08.20 18:00:00,31,
2025.08.20 18:24:59,scan_skipped_same_execution_bar,USDJPY,2025.08.20 18:00:00,0,
2025.08.20 18:34:59,scan_executed_new_execution_bar,USDJPY,2025.08.20 18:15:00,0,
2025.08.20 18:39:59,scan_skipped_same_execution_bar,USDJPY,2025.08.20 18:15:00,0,
2025.08.20 18:50:00,scan_executed_new_execution_bar,USDJPY,2025.08.20 18:30:00,0,
2025.08.20 18:54:59,scan_skipped_same_execution_bar,USDJPY,2025.08.20 18:30:00,0,
2025.08.20 19:04:59,scan_executed_new_execution_bar,USDJPY,2025.08.20 18:45:00,15,
2025.08.20 19:09:59,scan_skipped_same_execution_bar,USDJPY,2025.08.20 18:45:00,0,
2025.08.20 19:19:59,scan_executed_new_execution_bar,USDJPY,2025.08.20 19:00:00,16,
2025.08.20 19:24:59,scan_skipped_same_execution_bar,USDJPY,2025.08.20 19:00:00,0,
2025.08.20 19:34:59,scan_executed_new_execution_bar,USDJPY,2025.08.20 19:15:00,31,
2025.08.20 19:39:59,scan_skipped_same_execution_bar,USDJPY,2025.08.20 19:15:00,0,
2025.08.20 19:49:58,scan_executed_new_execution_bar,USDJPY,2025.08.20 19:30:00,0,
2025.08.20 19:54:59,scan_skipped_same_execution_bar,USDJPY,2025.08.20 19:30:00,0,
2025.08.20 20:04:59,scan_executed_new_execution_bar,USDJPY,2025.08.20 19:45:00,0,
2025.08.20 20:09:59,scan_skipped_same_execution_bar,USDJPY,2025.08.20 19:45:00,0,
2025.08.20 20:19:58,scan_executed_new_execution_bar,USDJPY,2025.08.20 20:00:00,0,
2025.08.20 20:24:59,scan_skipped_same_execution_bar,USDJPY,2025.08.20 20:00:00,0,
2025.08.20 20:34:59,scan_executed_new_execution_bar,USDJPY,2025.08.20 20:15:00,16,
2025.08.20 20:39:59,scan_skipped_same_execution_bar,USDJPY,2025.08.20 20:15:00,0,
2025.08.20 20:49:59,scan_executed_new_execution_bar,USDJPY,2025.08.20 20:30:00,0,
2025.08.20 20:54:59,scan_skipped_same_execution_bar,USDJPY,2025.08.20 20:30:00,0,
2025.08.20 21:04:59,scan_executed_new_execution_bar,USDJPY,2025.08.20 20:45:00,0,
2025.08.20 21:09:59,scan_skipped_same_execution_bar,USDJPY,2025.08.20 20:45:00,0,
2025.08.20 21:19:58,scan_executed_new_execution_bar,USDJPY,2025.08.20 21:00:00,0,
2025.08.20 21:24:58,scan_skipped_same_execution_bar,USDJPY,2025.08.20 21:00:00,0,
2025.08.20 21:34:59,scan_executed_new_execution_bar,USDJPY,2025.08.20 21:15:00,0,
2025.08.20 21:39:59,scan_skipped_same_execution_bar,USDJPY,2025.08.20 21:15:00,0,
2025.08.20 21:49:59,scan_executed_new_execution_bar,USDJPY,2025.08.20 21:30:00,0,
2025.08.20 21:54:59,scan_skipped_same_execution_bar,USDJPY,2025.08.20 21:30:00,0,
2025.08.20 22:04:59,scan_executed_new_execution_bar,USDJPY,2025.08.20 21:45:00,0,
2025.08.20 22:09:58,scan_skipped_same_execution_bar,USDJPY,2025.08.20 21:45:00,0,
2025.08.20 22:19:59,scan_executed_new_execution_bar,USDJPY,2025.08.20 22:00:00,0,
2025.08.20 22:24:59,scan_skipped_same_execution_bar,USDJPY,2025.08.20 22:00:00,0,
2025.08.20 22:34:53,scan_executed_new_execution_bar,USDJPY,2025.08.20 22:15:00,0,
2025.08.20 22:39:59,scan_skipped_same_execution_bar,USDJPY,2025.08.20 22:15:00,0,
2025.08.20 22:49:59,scan_executed_new_execution_bar,USDJPY,2025.08.20 22:30:00,0,
2025.08.20 22:54:59,scan_skipped_same_execution_bar,USDJPY,2025.08.20 22:30:00,0,
2025.08.20 23:04:59,scan_executed_new_execution_bar,USDJPY,2025.08.20 22:45:00,0,
2025.08.20 23:09:58,scan_skipped_same_execution_bar,USDJPY,2025.08.20 22:45:00,0,
2025.08.20 23:19:59,scan_executed_new_execution_bar,USDJPY,2025.08.20 23:00:00,0,
2025.08.20 23:24:56,scan_skipped_same_execution_bar,USDJPY,2025.08.20 23:00:00,0,
2025.08.20 23:34:59,scan_executed_new_execution_bar,USDJPY,2025.08.20 23:15:00,0,
2025.08.20 23:39:59,scan_skipped_same_execution_bar,USDJPY,2025.08.20 23:15:00,0,
2025.08.20 23:49:59,scan_executed_new_execution_bar,USDJPY,2025.08.20 23:30:00,0,
2025.08.20 23:54:59,scan_skipped_same_execution_bar,USDJPY,2025.08.20 23:30:00,0,
2025.08.21 00:04:57,scan_executed_new_execution_bar,USDJPY,2025.08.20 23:45:00,0,
2025.08.21 00:09:59,scan_skipped_same_execution_bar,USDJPY,2025.08.20 23:45:00,0,
2025.08.21 00:19:58,scan_executed_new_execution_bar,USDJPY,2025.08.21 00:00:00,0,
2025.08.21 00:24:48,scan_skipped_same_execution_bar,USDJPY,2025.08.21 00:00:00,0,
2025.08.21 00:34:59,scan_executed_new_execution_bar,USDJPY,2025.08.21 00:15:00,0,
2025.08.21 00:39:59,scan_skipped_same_execution_bar,USDJPY,2025.08.21 00:15:00,0,
2025.08.21 00:49:59,scan_executed_new_execution_bar,USDJPY,2025.08.21 00:30:00,0,
2025.08.21 00:54:57,scan_skipped_same_execution_bar,USDJPY,2025.08.21 00:30:00,0,
2025.08.21 01:04:58,scan_executed_new_execution_bar,USDJPY,2025.08.21 00:45:00,0,
2025.08.21 01:09:58,scan_skipped_same_execution_bar,USDJPY,2025.08.21 00:45:00,0,
2025.08.21 01:19:57,scan_executed_new_execution_bar,USDJPY,2025.08.21 01:00:00,0,
2025.08.21 01:24:59,scan_skipped_same_execution_bar,USDJPY,2025.08.21 01:00:00,0,
2025.08.21 01:34:59,scan_executed_new_execution_bar,USDJPY,2025.08.21 01:15:00,0,
2025.08.21 01:40:00,scan_skipped_same_execution_bar,USDJPY,2025.08.21 01:15:00,0,
2025.08.21 01:49:58,scan_executed_new_execution_bar,USDJPY,2025.08.21 01:30:00,0,
2025.08.21 01:54:59,scan_skipped_same_execution_bar,USDJPY,2025.08.21 01:30:00,0,
2025.08.21 02:04:59,scan_executed_new_execution_bar,USDJPY,2025.08.21 01:45:00,0,
2025.08.21 02:09:58,scan_skipped_same_execution_bar,USDJPY,2025.08.21 01:45:00,0,
2025.08.21 02:19:59,scan_executed_new_execution_bar,USDJPY,2025.08.21 02:00:00,0,
2025.08.21 02:24:59,scan_skipped_same_execution_bar,USDJPY,2025.08.21 02:00:00,0,
2025.08.21 02:34:58,scan_executed_new_execution_bar,USDJPY,2025.08.21 02:15:00,0,
2025.08.21 02:39:59,scan_skipped_same_execution_bar,USDJPY,2025.08.21 02:15:00,0,
2025.08.21 02:49:57,scan_executed_new_execution_bar,USDJPY,2025.08.21 02:30:00,0,
2025.08.21 02:54:59,scan_skipped_same_execution_bar,USDJPY,2025.08.21 02:30:00,0,
2025.08.21 03:04:59,scan_executed_new_execution_bar,USDJPY,2025.08.21 02:45:00,16,
2025.08.21 03:09:59,scan_skipped_same_execution_bar,USDJPY,2025.08.21 02:45:00,0,
2025.08.21 03:19:59,scan_executed_new_execution_bar,USDJPY,2025.08.21 03:00:00,0,
2025.08.21 03:24:59,scan_skipped_same_execution_bar,USDJPY,2025.08.21 03:00:00,0,
2025.08.21 03:34:59,scan_executed_new_execution_bar,USDJPY,2025.08.21 03:15:00,0,
2025.08.21 03:39:59,scan_skipped_same_execution_bar,USDJPY,2025.08.21 03:15:00,0,
2025.08.21 03:49:59,scan_executed_new_execution_bar,USDJPY,2025.08.21 03:30:00,0,
2025.08.21 03:54:59,scan_skipped_same_execution_bar,USDJPY,2025.08.21 03:30:00,0,
2025.08.21 04:04:59,scan_executed_new_execution_bar,USDJPY,2025.08.21 03:45:00,31,
2025.08.21 04:10:00,scan_skipped_same_execution_bar,USDJPY,2025.08.21 03:45:00,0,
2025.08.21 04:19:59,scan_executed_new_execution_bar,USDJPY,2025.08.21 04:00:00,0,
2025.08.21 04:24:58,scan_skipped_same_execution_bar,USDJPY,2025.08.21 04:00:00,0,
2025.08.21 04:35:00,scan_executed_new_execution_bar,USDJPY,2025.08.21 04:15:00,0,
2025.08.21 04:39:58,scan_skipped_same_execution_bar,USDJPY,2025.08.21 04:15:00,0,
2025.08.21 04:49:59,scan_executed_new_execution_bar,USDJPY,2025.08.21 04:30:00,32,
2025.08.21 04:54:59,scan_skipped_same_execution_bar,USDJPY,2025.08.21 04:30:00,0,
2025.08.21 05:04:59,scan_executed_new_execution_bar,USDJPY,2025.08.21 04:45:00,0,
2025.08.21 05:09:59,scan_skipped_same_execution_bar,USDJPY,2025.08.21 04:45:00,0,
2025.08.21 05:19:59,scan_executed_new_execution_bar,USDJPY,2025.08.21 05:00:00,16,
2025.08.21 05:24:59,scan_skipped_same_execution_bar,USDJPY,2025.08.21 05:00:00,0,
2025.08.21 05:34:58,scan_executed_new_execution_bar,USDJPY,2025.08.21 05:15:00,0,
2025.08.21 05:39:59,scan_skipped_same_execution_bar,USDJPY,2025.08.21 05:15:00,0,
2025.08.21 05:49:59,scan_executed_new_execution_bar,USDJPY,2025.08.21 05:30:00,0,
2025.08.21 05:54:59,scan_skipped_same_execution_bar,USDJPY,2025.08.21 05:30:00,0,
2025.08.21 06:04:59,scan_executed_new_execution_bar,USDJPY,2025.08.21 05:45:00,16,
2025.08.21 06:09:59,scan_skipped_same_execution_bar,USDJPY,2025.08.21 05:45:00,0,
2025.08.21 06:19:59,scan_executed_new_execution_bar,USDJPY,2025.08.21 06:00:00,0,
2025.08.21 06:24:59,scan_skipped_same_execution_bar,USDJPY,2025.08.21 06:00:00,0,
2025.08.21 06:34:59,scan_executed_new_execution_bar,USDJPY,2025.08.21 06:15:00,0,
2025.08.21 06:39:59,scan_skipped_same_execution_bar,USDJPY,2025.08.21 06:15:00,0,
2025.08.21 06:49:59,scan_executed_new_execution_bar,USDJPY,2025.08.21 06:30:00,16,
2025.08.21 06:54:58,scan_skipped_same_execution_bar,USDJPY,2025.08.21 06:30:00,0,
2025.08.21 07:04:58,scan_executed_new_execution_bar,USDJPY,2025.08.21 06:45:00,15,
2025.08.21 07:09:58,scan_skipped_same_execution_bar,USDJPY,2025.08.21 06:45:00,0,
2025.08.21 07:19:59,scan_executed_new_execution_bar,USDJPY,2025.08.21 07:00:00,15,
2025.08.21 07:24:59,scan_skipped_same_execution_bar,USDJPY,2025.08.21 07:00:00,0,
2025.08.21 07:34:58,scan_executed_new_execution_bar,USDJPY,2025.08.21 07:15:00,0,
2025.08.21 07:39:59,scan_skipped_same_execution_bar,USDJPY,2025.08.21 07:15:00,0,
2025.08.21 07:49:58,scan_executed_new_execution_bar,USDJPY,2025.08.21 07:30:00,0,
2025.08.21 07:54:59,scan_skipped_same_execution_bar,USDJPY,2025.08.21 07:30:00,0,
2025.08.21 08:04:59,scan_executed_new_execution_bar,USDJPY,2025.08.21 07:45:00,0,
2025.08.21 08:09:59,scan_skipped_same_execution_bar,USDJPY,2025.08.21 07:45:00,0,
2025.08.21 08:19:59,scan_executed_new_execution_bar,USDJPY,2025.08.21 08:00:00,0,
2025.08.21 08:24:59,scan_skipped_same_execution_bar,USDJPY,2025.08.21 08:00:00,0,
2025.08.21 08:34:59,scan_executed_new_execution_bar,USDJPY,2025.08.21 08:15:00,0,
2025.08.21 08:39:59,scan_skipped_same_execution_bar,USDJPY,2025.08.21 08:15:00,0,
2025.08.21 08:49:59,scan_executed_new_execution_bar,USDJPY,2025.08.21 08:30:00,0,
2025.08.21 08:54:56,scan_skipped_same_execution_bar,USDJPY,2025.08.21 08:30:00,0,
2025.08.21 09:04:59,scan_executed_new_execution_bar,USDJPY,2025.08.21 08:45:00,0,
2025.08.21 09:09:59,scan_skipped_same_execution_bar,USDJPY,2025.08.21 08:45:00,0,
2025.08.21 09:19:59,scan_executed_new_execution_bar,USDJPY,2025.08.21 09:00:00,0,
2025.08.21 09:24:59,scan_skipped_same_execution_bar,USDJPY,2025.08.21 09:00:00,0,
2025.08.21 09:35:00,scan_executed_new_execution_bar,USDJPY,2025.08.21 09:15:00,0,
2025.08.21 09:39:59,scan_skipped_same_execution_bar,USDJPY,2025.08.21 09:15:00,0,
2025.08.21 09:49:59,scan_executed_new_execution_bar,USDJPY,2025.08.21 09:30:00,0,
2025.08.21 09:54:59,scan_skipped_same_execution_bar,USDJPY,2025.08.21 09:30:00,0,
2025.08.21 10:04:59,scan_executed_new_execution_bar,USDJPY,2025.08.21 09:45:00,0,
2025.08.21 10:09:59,scan_skipped_same_execution_bar,USDJPY,2025.08.21 09:45:00,0,
2025.08.21 10:19:59,scan_executed_new_execution_bar,USDJPY,2025.08.21 10:00:00,0,
2025.08.21 10:24:59,scan_skipped_same_execution_bar,USDJPY,2025.08.21 10:00:00,0,
2025.08.21 10:35:00,scan_executed_new_execution_bar,USDJPY,2025.08.21 10:15:00,0,
2025.08.21 10:39:59,scan_skipped_same_execution_bar,USDJPY,2025.08.21 10:15:00,0,
2025.08.21 10:49:59,scan_executed_new_execution_bar,USDJPY,2025.08.21 10:30:00,0,
2025.08.21 10:54:59,scan_skipped_same_execution_bar,USDJPY,2025.08.21 10:30:00,0,
2025.08.21 11:04:59,scan_executed_new_execution_bar,USDJPY,2025.08.21 10:45:00,0,
2025.08.21 11:09:59,scan_skipped_same_execution_bar,USDJPY,2025.08.21 10:45:00,0,
2025.08.21 11:19:59,scan_executed_new_execution_bar,USDJPY,2025.08.21 11:00:00,32,
2025.08.21 11:25:00,scan_skipped_same_execution_bar,USDJPY,2025.08.21 11:00:00,0,
2025.08.21 11:34:59,scan_executed_new_execution_bar,USDJPY,2025.08.21 11:15:00,0,
2025.08.21 11:39:59,scan_skipped_same_execution_bar,USDJPY,2025.08.21 11:15:00,0,
2025.08.21 11:49:59,scan_executed_new_execution_bar,USDJPY,2025.08.21 11:30:00,0,
2025.08.21 11:54:59,scan_skipped_same_execution_bar,USDJPY,2025.08.21 11:30:00,0,
2025.08.21 12:04:59,scan_executed_new_execution_bar,USDJPY,2025.08.21 11:45:00,0,
2025.08.21 12:09:59,scan_skipped_same_execution_bar,USDJPY,2025.08.21 11:45:00,0,
2025.08.21 12:19:59,scan_executed_new_execution_bar,USDJPY,2025.08.21 12:00:00,31,
2025.08.21 12:24:59,scan_skipped_same_execution_bar,USDJPY,2025.08.21 12:00:00,0,
2025.08.21 12:34:59,scan_executed_new_execution_bar,USDJPY,2025.08.21 12:15:00,0,
2025.08.21 12:39:59,scan_skipped_same_execution_bar,USDJPY,2025.08.21 12:15:00,0,
2025.08.21 12:49:59,scan_executed_new_execution_bar,USDJPY,2025.08.21 12:30:00,0,
2025.08.21 12:54:58,scan_skipped_same_execution_bar,USDJPY,2025.08.21 12:30:00,0,
2025.08.21 13:04:59,scan_executed_new_execution_bar,USDJPY,2025.08.21 12:45:00,15,
2025.08.21 13:09:59,scan_skipped_same_execution_bar,USDJPY,2025.08.21 12:45:00,0,
2025.08.21 13:19:59,scan_executed_new_execution_bar,USDJPY,2025.08.21 13:00:00,0,
2025.08.21 13:24:59,scan_skipped_same_execution_bar,USDJPY,2025.08.21 13:00:00,0,
2025.08.21 13:34:59,scan_executed_new_execution_bar,USDJPY,2025.08.21 13:15:00,0,
2025.08.21 13:39:59,scan_skipped_same_execution_bar,USDJPY,2025.08.21 13:15:00,0,
2025.08.21 13:49:59,scan_executed_new_execution_bar,USDJPY,2025.08.21 13:30:00,0,
2025.08.21 13:54:59,scan_skipped_same_execution_bar,USDJPY,2025.08.21 13:30:00,0,
2025.08.21 14:04:59,scan_executed_new_execution_bar,USDJPY,2025.08.21 13:45:00,0,
2025.08.21 14:09:59,scan_skipped_same_execution_bar,USDJPY,2025.08.21 13:45:00,0,
2025.08.21 14:19:59,scan_executed_new_execution_bar,USDJPY,2025.08.21 14:00:00,0,
2025.08.21 14:24:59,scan_skipped_same_execution_bar,USDJPY,2025.08.21 14:00:00,0,
2025.08.21 14:34:59,scan_executed_new_execution_bar,USDJPY,2025.08.21 14:15:00,16,
2025.08.21 14:39:59,scan_skipped_same_execution_bar,USDJPY,2025.08.21 14:15:00,0,
2025.08.21 14:49:59,scan_executed_new_execution_bar,USDJPY,2025.08.21 14:30:00,0,
2025.08.21 14:54:59,scan_skipped_same_execution_bar,USDJPY,2025.08.21 14:30:00,0,
2025.08.21 15:04:59,scan_executed_new_execution_bar,USDJPY,2025.08.21 14:45:00,0,
2025.08.21 15:09:59,scan_skipped_same_execution_bar,USDJPY,2025.08.21 14:45:00,0,
2025.08.21 15:19:59,scan_executed_new_execution_bar,USDJPY,2025.08.21 15:00:00,0,
2025.08.21 15:24:59,scan_skipped_same_execution_bar,USDJPY,2025.08.21 15:00:00,0,
2025.08.21 15:34:59,scan_executed_new_execution_bar,USDJPY,2025.08.21 15:15:00,0,
2025.08.21 15:39:59,scan_skipped_same_execution_bar,USDJPY,2025.08.21 15:15:00,0,
2025.08.21 15:49:59,scan_executed_new_execution_bar,USDJPY,2025.08.21 15:30:00,0,
2025.08.21 15:54:59,scan_skipped_same_execution_bar,USDJPY,2025.08.21 15:30:00,0,
2025.08.21 16:04:59,scan_executed_new_execution_bar,USDJPY,2025.08.21 15:45:00,0,
2025.08.21 16:09:59,scan_skipped_same_execution_bar,USDJPY,2025.08.21 15:45:00,0,
2025.08.21 16:19:59,scan_executed_new_execution_bar,USDJPY,2025.08.21 16:00:00,0,
2025.08.21 16:24:59,scan_skipped_same_execution_bar,USDJPY,2025.08.21 16:00:00,0,
2025.08.21 16:34:59,scan_executed_new_execution_bar,USDJPY,2025.08.21 16:15:00,0,
2025.08.21 16:39:59,scan_skipped_same_execution_bar,USDJPY,2025.08.21 16:15:00,0,
2025.08.21 16:49:59,scan_executed_new_execution_bar,USDJPY,2025.08.21 16:30:00,0,
2025.08.21 16:54:59,scan_skipped_same_execution_bar,USDJPY,2025.08.21 16:30:00,0,
2025.08.21 17:04:59,scan_executed_new_execution_bar,USDJPY,2025.08.21 16:45:00,0,
2025.08.21 17:09:59,scan_skipped_same_execution_bar,USDJPY,2025.08.21 16:45:00,0,
2025.08.21 17:19:59,scan_executed_new_execution_bar,USDJPY,2025.08.21 17:00:00,0,
2025.08.21 17:24:59,scan_skipped_same_execution_bar,USDJPY,2025.08.21 17:00:00,0,
2025.08.21 17:34:59,scan_executed_new_execution_bar,USDJPY,2025.08.21 17:15:00,0,
2025.08.21 17:39:59,scan_skipped_same_execution_bar,USDJPY,2025.08.21 17:15:00,0,
2025.08.21 17:49:59,scan_executed_new_execution_bar,USDJPY,2025.08.21 17:30:00,0,
2025.08.21 17:54:59,scan_skipped_same_execution_bar,USDJPY,2025.08.21 17:30:00,0,
2025.08.21 18:04:59,scan_executed_new_execution_bar,USDJPY,2025.08.21 17:45:00,0,
2025.08.21 18:09:59,scan_skipped_same_execution_bar,USDJPY,2025.08.21 17:45:00,0,
2025.08.21 18:19:59,scan_executed_new_execution_bar,USDJPY,2025.08.21 18:00:00,16,
2025.08.21 18:24:59,scan_skipped_same_execution_bar,USDJPY,2025.08.21 18:00:00,0,
2025.08.21 18:34:59,scan_executed_new_execution_bar,USDJPY,2025.08.21 18:15:00,62,
2025.08.21 18:39:59,scan_skipped_same_execution_bar,USDJPY,2025.08.21 18:15:00,0,
2025.08.21 18:49:59,scan_executed_new_execution_bar,USDJPY,2025.08.21 18:30:00,0,
2025.08.21 18:54:59,scan_skipped_same_execution_bar,USDJPY,2025.08.21 18:30:00,0,
2025.08.21 19:04:59,scan_executed_new_execution_bar,USDJPY,2025.08.21 18:45:00,15,
2025.08.21 19:09:59,scan_skipped_same_execution_bar,USDJPY,2025.08.21 18:45:00,0,
2025.08.21 19:19:59,scan_executed_new_execution_bar,USDJPY,2025.08.21 19:00:00,0,
2025.08.21 19:24:59,scan_skipped_same_execution_bar,USDJPY,2025.08.21 19:00:00,0,
2025.08.21 19:34:59,scan_executed_new_execution_bar,USDJPY,2025.08.21 19:15:00,31,
2025.08.21 19:39:59,scan_skipped_same_execution_bar,USDJPY,2025.08.21 19:15:00,0,
2025.08.21 19:49:59,scan_executed_new_execution_bar,USDJPY,2025.08.21 19:30:00,0,
2025.08.21 19:54:59,scan_skipped_same_execution_bar,USDJPY,2025.08.21 19:30:00,0,
2025.08.21 20:04:59,scan_executed_new_execution_bar,USDJPY,2025.08.21 19:45:00,47,
2025.08.21 20:09:59,scan_skipped_same_execution_bar,USDJPY,2025.08.21 19:45:00,0,
2025.08.21 20:19:59,scan_executed_new_execution_bar,USDJPY,2025.08.21 20:00:00,31,
2025.08.21 20:24:59,scan_skipped_same_execution_bar,USDJPY,2025.08.21 20:00:00,0,
2025.08.21 20:34:59,scan_executed_new_execution_bar,USDJPY,2025.08.21 20:15:00,0,
2025.08.21 20:39:59,scan_skipped_same_execution_bar,USDJPY,2025.08.21 20:15:00,0,
2025.08.21 20:49:59,scan_executed_new_execution_bar,USDJPY,2025.08.21 20:30:00,0,
2025.08.21 20:54:59,scan_skipped_same_execution_bar,USDJPY,2025.08.21 20:30:00,0,
2025.08.21 21:04:59,scan_executed_new_execution_bar,USDJPY,2025.08.21 20:45:00,15,
2025.08.21 21:09:59,scan_skipped_same_execution_bar,USDJPY,2025.08.21 20:45:00,0,
2025.08.21 21:19:59,scan_executed_new_execution_bar,USDJPY,2025.08.21 21:00:00,0,
2025.08.21 21:25:00,scan_skipped_same_execution_bar,USDJPY,2025.08.21 21:00:00,0,
2025.08.21 21:34:59,scan_executed_new_execution_bar,USDJPY,2025.08.21 21:15:00,0,
2025.08.21 21:39:59,scan_skipped_same_execution_bar,USDJPY,2025.08.21 21:15:00,0,
2025.08.21 21:45:00,scan_executed_new_execution_bar,USDJPY,2025.08.21 21:30:00,0,
2025.08.21 21:49:58,scan_skipped_same_execution_bar,USDJPY,2025.08.21 21:30:00,0,
2025.08.21 22:04:59,scan_executed_new_execution_bar,USDJPY,2025.08.21 21:45:00,0,
2025.08.21 22:09:59,scan_skipped_same_execution_bar,USDJPY,2025.08.21 21:45:00,0,
2025.08.21 22:19:58,scan_executed_new_execution_bar,USDJPY,2025.08.21 22:00:00,0,
2025.08.21 22:24:59,scan_skipped_same_execution_bar,USDJPY,2025.08.21 22:00:00,0,
2025.08.21 22:34:58,scan_executed_new_execution_bar,USDJPY,2025.08.21 22:15:00,0,
2025.08.21 22:39:59,scan_skipped_same_execution_bar,USDJPY,2025.08.21 22:15:00,0,
2025.08.21 22:49:55,scan_executed_new_execution_bar,USDJPY,2025.08.21 22:30:00,16,
2025.08.21 22:54:59,scan_skipped_same_execution_bar,USDJPY,2025.08.21 22:30:00,0,
2025.08.21 23:04:59,scan_executed_new_execution_bar,USDJPY,2025.08.21 22:45:00,15,
2025.08.21 23:09:59,scan_skipped_same_execution_bar,USDJPY,2025.08.21 22:45:00,0,
2025.08.21 23:19:58,scan_executed_new_execution_bar,USDJPY,2025.08.21 23:00:00,0,
2025.08.21 23:24:57,scan_skipped_same_execution_bar,USDJPY,2025.08.21 23:00:00,0,
2025.08.21 23:34:58,scan_executed_new_execution_bar,USDJPY,2025.08.21 23:15:00,16,
2025.08.21 23:39:57,scan_skipped_same_execution_bar,USDJPY,2025.08.21 23:15:00,0,
2025.08.21 23:49:59,scan_executed_new_execution_bar,USDJPY,2025.08.21 23:30:00,15,
2025.08.21 23:54:59,scan_skipped_same_execution_bar,USDJPY,2025.08.21 23:30:00,0,
2025.08.22 00:04:51,scan_executed_new_execution_bar,USDJPY,2025.08.21 23:45:00,0,
2025.08.22 00:09:59,scan_skipped_same_execution_bar,USDJPY,2025.08.21 23:45:00,0,
2025.08.22 00:19:59,scan_executed_new_execution_bar,USDJPY,2025.08.22 00:00:00,0,
2025.08.22 00:24:59,scan_skipped_same_execution_bar,USDJPY,2025.08.22 00:00:00,0,
2025.08.22 00:34:58,scan_executed_new_execution_bar,USDJPY,2025.08.22 00:15:00,0,
2025.08.22 00:39:59,scan_skipped_same_execution_bar,USDJPY,2025.08.22 00:15:00,0,
2025.08.22 00:49:59,scan_executed_new_execution_bar,USDJPY,2025.08.22 00:30:00,0,
2025.08.22 00:54:57,scan_skipped_same_execution_bar,USDJPY,2025.08.22 00:30:00,0,
2025.08.22 01:04:59,scan_executed_new_execution_bar,USDJPY,2025.08.22 00:45:00,15,
2025.08.22 01:09:54,scan_skipped_same_execution_bar,USDJPY,2025.08.22 00:45:00,0,
2025.08.22 01:19:57,scan_executed_new_execution_bar,USDJPY,2025.08.22 01:00:00,0,
2025.08.22 01:24:59,scan_skipped_same_execution_bar,USDJPY,2025.08.22 01:00:00,0,
2025.08.22 01:34:59,scan_executed_new_execution_bar,USDJPY,2025.08.22 01:15:00,0,
2025.08.22 01:39:56,scan_skipped_same_execution_bar,USDJPY,2025.08.22 01:15:00,0,
2025.08.22 01:49:59,scan_executed_new_execution_bar,USDJPY,2025.08.22 01:30:00,0,
2025.08.22 01:54:59,scan_skipped_same_execution_bar,USDJPY,2025.08.22 01:30:00,0,
2025.08.22 02:04:58,scan_executed_new_execution_bar,USDJPY,2025.08.22 01:45:00,16,
2025.08.22 02:09:59,scan_skipped_same_execution_bar,USDJPY,2025.08.22 01:45:00,0,
2025.08.22 02:19:58,scan_executed_new_execution_bar,USDJPY,2025.08.22 02:00:00,0,
2025.08.22 02:24:59,scan_skipped_same_execution_bar,USDJPY,2025.08.22 02:00:00,0,
2025.08.22 02:34:59,scan_executed_new_execution_bar,USDJPY,2025.08.22 02:15:00,0,
2025.08.22 02:39:59,scan_skipped_same_execution_bar,USDJPY,2025.08.22 02:15:00,0,
2025.08.22 02:49:58,scan_executed_new_execution_bar,USDJPY,2025.08.22 02:30:00,16,
2025.08.22 02:54:58,scan_skipped_same_execution_bar,USDJPY,2025.08.22 02:30:00,0,
2025.08.22 03:04:59,scan_executed_new_execution_bar,USDJPY,2025.08.22 02:45:00,0,
2025.08.22 03:09:59,scan_skipped_same_execution_bar,USDJPY,2025.08.22 02:45:00,0,
2025.08.22 03:19:59,scan_executed_new_execution_bar,USDJPY,2025.08.22 03:00:00,31,
2025.08.22 03:24:59,scan_skipped_same_execution_bar,USDJPY,2025.08.22 03:00:00,0,
2025.08.22 03:34:59,scan_executed_new_execution_bar,USDJPY,2025.08.22 03:15:00,0,
2025.08.22 03:39:59,scan_skipped_same_execution_bar,USDJPY,2025.08.22 03:15:00,0,
2025.08.22 03:49:59,scan_executed_new_execution_bar,USDJPY,2025.08.22 03:30:00,0,
2025.08.22 03:54:59,scan_skipped_same_execution_bar,USDJPY,2025.08.22 03:30:00,0,
2025.08.22 04:04:59,scan_executed_new_execution_bar,USDJPY,2025.08.22 03:45:00,0,
2025.08.22 04:10:00,scan_skipped_same_execution_bar,USDJPY,2025.08.22 03:45:00,0,
2025.08.22 04:19:59,scan_executed_new_execution_bar,USDJPY,2025.08.22 04:00:00,16,
2025.08.22 04:24:59,scan_skipped_same_execution_bar,USDJPY,2025.08.22 04:00:00,0,
2025.08.22 04:34:59,scan_executed_new_execution_bar,USDJPY,2025.08.22 04:15:00,0,
2025.08.22 04:39:59,scan_skipped_same_execution_bar,USDJPY,2025.08.22 04:15:00,0,
2025.08.22 04:49:59,scan_executed_new_execution_bar,USDJPY,2025.08.22 04:30:00,16,
2025.08.22 04:54:59,scan_skipped_same_execution_bar,USDJPY,2025.08.22 04:30:00,0,
2025.08.22 05:04:59,scan_executed_new_execution_bar,USDJPY,2025.08.22 04:45:00,0,
2025.08.22 05:09:59,scan_skipped_same_execution_bar,USDJPY,2025.08.22 04:45:00,0,
2025.08.22 05:19:59,scan_executed_new_execution_bar,USDJPY,2025.08.22 05:00:00,0,
2025.08.22 05:24:58,scan_skipped_same_execution_bar,USDJPY,2025.08.22 05:00:00,0,
2025.08.22 05:34:59,scan_executed_new_execution_bar,USDJPY,2025.08.22 05:15:00,0,
2025.08.22 05:39:59,scan_skipped_same_execution_bar,USDJPY,2025.08.22 05:15:00,0,
2025.08.22 05:49:59,scan_executed_new_execution_bar,USDJPY,2025.08.22 05:30:00,0,
2025.08.22 05:54:59,scan_skipped_same_execution_bar,USDJPY,2025.08.22 05:30:00,0,
2025.08.22 06:04:59,scan_executed_new_execution_bar,USDJPY,2025.08.22 05:45:00,15,
2025.08.22 06:09:59,scan_skipped_same_execution_bar,USDJPY,2025.08.22 05:45:00,0,
2025.08.22 06:19:59,scan_executed_new_execution_bar,USDJPY,2025.08.22 06:00:00,0,
2025.08.22 06:24:58,scan_skipped_same_execution_bar,USDJPY,2025.08.22 06:00:00,0,
2025.08.22 06:34:59,scan_executed_new_execution_bar,USDJPY,2025.08.22 06:15:00,15,
2025.08.22 06:39:59,scan_skipped_same_execution_bar,USDJPY,2025.08.22 06:15:00,0,
2025.08.22 06:49:59,scan_executed_new_execution_bar,USDJPY,2025.08.22 06:30:00,0,
2025.08.22 06:54:59,scan_skipped_same_execution_bar,USDJPY,2025.08.22 06:30:00,0,
2025.08.22 07:04:59,scan_executed_new_execution_bar,USDJPY,2025.08.22 06:45:00,0,
2025.08.22 07:09:59,scan_skipped_same_execution_bar,USDJPY,2025.08.22 06:45:00,0,
2025.08.22 07:19:59,scan_executed_new_execution_bar,USDJPY,2025.08.22 07:00:00,15,
2025.08.22 07:24:59,scan_skipped_same_execution_bar,USDJPY,2025.08.22 07:00:00,0,
2025.08.22 07:34:59,scan_executed_new_execution_bar,USDJPY,2025.08.22 07:15:00,16,
2025.08.22 07:39:59,scan_skipped_same_execution_bar,USDJPY,2025.08.22 07:15:00,0,
2025.08.22 07:49:59,scan_executed_new_execution_bar,USDJPY,2025.08.22 07:30:00,0,
2025.08.22 07:54:59,scan_skipped_same_execution_bar,USDJPY,2025.08.22 07:30:00,0,
2025.08.22 08:04:59,scan_executed_new_execution_bar,USDJPY,2025.08.22 07:45:00,15,
2025.08.22 08:09:58,scan_skipped_same_execution_bar,USDJPY,2025.08.22 07:45:00,0,
2025.08.22 08:19:59,scan_executed_new_execution_bar,USDJPY,2025.08.22 08:00:00,31,
2025.08.22 08:25:00,scan_skipped_same_execution_bar,USDJPY,2025.08.22 08:00:00,0,
2025.08.22 08:34:59,scan_executed_new_execution_bar,USDJPY,2025.08.22 08:15:00,0,
2025.08.22 08:39:59,scan_skipped_same_execution_bar,USDJPY,2025.08.22 08:15:00,0,
2025.08.22 08:49:59,scan_executed_new_execution_bar,USDJPY,2025.08.22 08:30:00,16,
2025.08.22 08:54:59,scan_skipped_same_execution_bar,USDJPY,2025.08.22 08:30:00,0,
2025.08.22 09:04:59,scan_executed_new_execution_bar,USDJPY,2025.08.22 08:45:00,0,
2025.08.22 09:09:59,scan_skipped_same_execution_bar,USDJPY,2025.08.22 08:45:00,0,
2025.08.22 09:19:59,scan_executed_new_execution_bar,USDJPY,2025.08.22 09:00:00,0,
2025.08.22 09:24:59,scan_skipped_same_execution_bar,USDJPY,2025.08.22 09:00:00,0,
2025.08.22 09:34:59,scan_executed_new_execution_bar,USDJPY,2025.08.22 09:15:00,0,
2025.08.22 09:39:59,scan_skipped_same_execution_bar,USDJPY,2025.08.22 09:15:00,0,
2025.08.22 09:49:59,scan_executed_new_execution_bar,USDJPY,2025.08.22 09:30:00,0,
2025.08.22 09:54:59,scan_skipped_same_execution_bar,USDJPY,2025.08.22 09:30:00,0,
2025.08.22 10:04:59,scan_executed_new_execution_bar,USDJPY,2025.08.22 09:45:00,0,
2025.08.22 10:09:59,scan_skipped_same_execution_bar,USDJPY,2025.08.22 09:45:00,0,
2025.08.22 10:19:59,scan_executed_new_execution_bar,USDJPY,2025.08.22 10:00:00,0,
2025.08.22 10:24:59,scan_skipped_same_execution_bar,USDJPY,2025.08.22 10:00:00,0,
2025.08.22 10:34:59,scan_executed_new_execution_bar,USDJPY,2025.08.22 10:15:00,0,
2025.08.22 10:39:59,scan_skipped_same_execution_bar,USDJPY,2025.08.22 10:15:00,0,
2025.08.22 10:49:59,scan_executed_new_execution_bar,USDJPY,2025.08.22 10:30:00,0,
2025.08.22 10:54:59,scan_skipped_same_execution_bar,USDJPY,2025.08.22 10:30:00,0,
2025.08.22 11:04:59,scan_executed_new_execution_bar,USDJPY,2025.08.22 10:45:00,0,
2025.08.22 11:09:58,scan_skipped_same_execution_bar,USDJPY,2025.08.22 10:45:00,0,
2025.08.22 11:19:59,scan_executed_new_execution_bar,USDJPY,2025.08.22 11:00:00,0,
2025.08.22 11:24:59,scan_skipped_same_execution_bar,USDJPY,2025.08.22 11:00:00,0,
2025.08.22 11:34:59,scan_executed_new_execution_bar,USDJPY,2025.08.22 11:15:00,0,
2025.08.22 11:39:59,scan_skipped_same_execution_bar,USDJPY,2025.08.22 11:15:00,0,
2025.08.22 11:49:59,scan_executed_new_execution_bar,USDJPY,2025.08.22 11:30:00,0,
2025.08.22 11:54:59,scan_skipped_same_execution_bar,USDJPY,2025.08.22 11:30:00,0,
2025.08.22 12:04:59,scan_executed_new_execution_bar,USDJPY,2025.08.22 11:45:00,0,
2025.08.22 12:09:59,scan_skipped_same_execution_bar,USDJPY,2025.08.22 11:45:00,0,
2025.08.22 12:19:59,scan_executed_new_execution_bar,USDJPY,2025.08.22 12:00:00,0,
2025.08.22 12:24:59,scan_skipped_same_execution_bar,USDJPY,2025.08.22 12:00:00,0,
2025.08.22 12:34:59,scan_executed_new_execution_bar,USDJPY,2025.08.22 12:15:00,0,
2025.08.22 12:39:59,scan_skipped_same_execution_bar,USDJPY,2025.08.22 12:15:00,0,
2025.08.22 12:49:59,scan_executed_new_execution_bar,USDJPY,2025.08.22 12:30:00,16,
2025.08.22 12:54:59,scan_skipped_same_execution_bar,USDJPY,2025.08.22 12:30:00,0,
2025.08.22 13:04:59,scan_executed_new_execution_bar,USDJPY,2025.08.22 12:45:00,0,
2025.08.22 13:09:58,scan_skipped_same_execution_bar,USDJPY,2025.08.22 12:45:00,0,
2025.08.22 13:19:59,scan_executed_new_execution_bar,USDJPY,2025.08.22 13:00:00,0,
2025.08.22 13:24:59,scan_skipped_same_execution_bar,USDJPY,2025.08.22 13:00:00,0,
2025.08.22 13:34:58,scan_executed_new_execution_bar,USDJPY,2025.08.22 13:15:00,0,
2025.08.22 13:39:59,scan_skipped_same_execution_bar,USDJPY,2025.08.22 13:15:00,0,
2025.08.22 13:49:59,scan_executed_new_execution_bar,USDJPY,2025.08.22 13:30:00,0,
2025.08.22 13:54:59,scan_skipped_same_execution_bar,USDJPY,2025.08.22 13:30:00,0,
2025.08.22 14:04:59,scan_executed_new_execution_bar,USDJPY,2025.08.22 13:45:00,0,
2025.08.22 14:09:58,scan_skipped_same_execution_bar,USDJPY,2025.08.22 13:45:00,0,
2025.08.22 14:19:59,scan_executed_new_execution_bar,USDJPY,2025.08.22 14:00:00,0,
2025.08.22 14:24:59,scan_skipped_same_execution_bar,USDJPY,2025.08.22 14:00:00,0,
2025.08.22 14:34:59,scan_executed_new_execution_bar,USDJPY,2025.08.22 14:15:00,0,
2025.08.22 14:39:59,scan_skipped_same_execution_bar,USDJPY,2025.08.22 14:15:00,0,
2025.08.22 14:49:59,scan_executed_new_execution_bar,USDJPY,2025.08.22 14:30:00,0,
2025.08.22 14:54:59,scan_skipped_same_execution_bar,USDJPY,2025.08.22 14:30:00,0,
2025.08.22 15:04:59,scan_executed_new_execution_bar,USDJPY,2025.08.22 14:45:00,0,
2025.08.22 15:09:59,scan_skipped_same_execution_bar,USDJPY,2025.08.22 14:45:00,0,
2025.08.22 15:19:59,scan_executed_new_execution_bar,USDJPY,2025.08.22 15:00:00,0,
2025.08.22 15:24:59,scan_skipped_same_execution_bar,USDJPY,2025.08.22 15:00:00,0,
2025.08.22 15:34:59,scan_executed_new_execution_bar,USDJPY,2025.08.22 15:15:00,0,
2025.08.22 15:39:59,scan_skipped_same_execution_bar,USDJPY,2025.08.22 15:15:00,0,
2025.08.22 15:49:59,scan_executed_new_execution_bar,USDJPY,2025.08.22 15:30:00,0,
2025.08.22 15:54:59,scan_skipped_same_execution_bar,USDJPY,2025.08.22 15:30:00,0,
2025.08.22 16:04:59,scan_executed_new_execution_bar,USDJPY,2025.08.22 15:45:00,0,
2025.08.22 16:09:59,scan_skipped_same_execution_bar,USDJPY,2025.08.22 15:45:00,0,
2025.08.22 16:19:59,scan_executed_new_execution_bar,USDJPY,2025.08.22 16:00:00,0,
2025.08.22 16:24:59,scan_skipped_same_execution_bar,USDJPY,2025.08.22 16:00:00,0,
2025.08.22 16:34:59,scan_executed_new_execution_bar,USDJPY,2025.08.22 16:15:00,0,
2025.08.22 16:40:00,scan_skipped_same_execution_bar,USDJPY,2025.08.22 16:15:00,0,
2025.08.22 16:49:59,scan_executed_new_execution_bar,USDJPY,2025.08.22 16:30:00,15,
2025.08.22 16:54:59,scan_skipped_same_execution_bar,USDJPY,2025.08.22 16:30:00,0,
2025.08.22 17:04:59,scan_executed_new_execution_bar,USDJPY,2025.08.22 16:45:00,0,
2025.08.22 17:09:59,scan_skipped_same_execution_bar,USDJPY,2025.08.22 16:45:00,0,
2025.08.22 17:19:59,scan_executed_new_execution_bar,USDJPY,2025.08.22 17:00:00,0,
2025.08.22 17:24:59,scan_skipped_same_execution_bar,USDJPY,2025.08.22 17:00:00,0,
2025.08.22 17:34:59,scan_executed_new_execution_bar,USDJPY,2025.08.22 17:15:00,0,
2025.08.22 17:39:59,scan_skipped_same_execution_bar,USDJPY,2025.08.22 17:15:00,0,
2025.08.22 17:49:59,scan_executed_new_execution_bar,USDJPY,2025.08.22 17:30:00,0,
2025.08.22 17:54:59,scan_skipped_same_execution_bar,USDJPY,2025.08.22 17:30:00,0,
2025.08.22 18:04:59,scan_executed_new_execution_bar,USDJPY,2025.08.22 17:45:00,31,
2025.08.22 18:09:59,scan_skipped_same_execution_bar,USDJPY,2025.08.22 17:45:00,0,
2025.08.22 18:19:59,scan_executed_new_execution_bar,USDJPY,2025.08.22 18:00:00,0,
2025.08.22 18:24:59,scan_skipped_same_execution_bar,USDJPY,2025.08.22 18:00:00,0,
2025.08.22 18:34:59,scan_executed_new_execution_bar,USDJPY,2025.08.22 18:15:00,16,
2025.08.22 18:39:59,scan_skipped_same_execution_bar,USDJPY,2025.08.22 18:15:00,0,
2025.08.22 18:49:59,scan_executed_new_execution_bar,USDJPY,2025.08.22 18:30:00,46,
2025.08.22 18:54:59,scan_skipped_same_execution_bar,USDJPY,2025.08.22 18:30:00,0,
2025.08.22 19:04:59,scan_executed_new_execution_bar,USDJPY,2025.08.22 18:45:00,47,
2025.08.22 19:09:59,scan_skipped_same_execution_bar,USDJPY,2025.08.22 18:45:00,0,
2025.08.22 19:19:59,scan_executed_new_execution_bar,USDJPY,2025.08.22 19:00:00,31,
2025.08.22 19:24:59,scan_skipped_same_execution_bar,USDJPY,2025.08.22 19:00:00,0,
2025.08.22 19:34:59,scan_executed_new_execution_bar,USDJPY,2025.08.22 19:15:00,15,
2025.08.22 19:39:59,scan_skipped_same_execution_bar,USDJPY,2025.08.22 19:15:00,0,
2025.08.22 19:49:59,scan_executed_new_execution_bar,USDJPY,2025.08.22 19:30:00,16,
2025.08.22 19:54:59,scan_skipped_same_execution_bar,USDJPY,2025.08.22 19:30:00,0,
2025.08.22 20:04:59,scan_executed_new_execution_bar,USDJPY,2025.08.22 19:45:00,16,
2025.08.22 20:09:59,scan_skipped_same_execution_bar,USDJPY,2025.08.22 19:45:00,0,
2025.08.22 20:19:59,scan_executed_new_execution_bar,USDJPY,2025.08.22 20:00:00,16,
2025.08.22 20:24:58,scan_skipped_same_execution_bar,USDJPY,2025.08.22 20:00:00,0,
2025.08.22 20:34:59,scan_executed_new_execution_bar,USDJPY,2025.08.22 20:15:00,31,
2025.08.22 20:39:59,scan_skipped_same_execution_bar,USDJPY,2025.08.22 20:15:00,0,
2025.08.22 20:50:00,scan_executed_new_execution_bar,USDJPY,2025.08.22 20:30:00,16,
2025.08.22 20:54:59,scan_skipped_same_execution_bar,USDJPY,2025.08.22 20:30:00,0,
2025.08.22 21:04:59,scan_executed_new_execution_bar,USDJPY,2025.08.22 20:45:00,31,
2025.08.22 21:09:59,scan_skipped_same_execution_bar,USDJPY,2025.08.22 20:45:00,0,
2025.08.22 21:19:59,scan_executed_new_execution_bar,USDJPY,2025.08.22 21:00:00,0,
2025.08.22 21:24:59,scan_skipped_same_execution_bar,USDJPY,2025.08.22 21:00:00,0,
2025.08.22 21:34:59,scan_executed_new_execution_bar,USDJPY,2025.08.22 21:15:00,32,
2025.08.22 21:39:59,scan_skipped_same_execution_bar,USDJPY,2025.08.22 21:15:00,0,
2025.08.22 21:49:58,scan_executed_new_execution_bar,USDJPY,2025.08.22 21:30:00,0,
2025.08.22 21:54:58,scan_skipped_same_execution_bar,USDJPY,2025.08.22 21:30:00,0,
2025.08.22 22:04:59,scan_executed_new_execution_bar,USDJPY,2025.08.22 21:45:00,0,
2025.08.22 22:09:59,scan_skipped_same_execution_bar,USDJPY,2025.08.22 21:45:00,0,
2025.08.22 22:19:59,scan_executed_new_execution_bar,USDJPY,2025.08.22 22:00:00,0,
2025.08.22 22:24:58,scan_skipped_same_execution_bar,USDJPY,2025.08.22 22:00:00,0,
2025.08.22 22:34:59,scan_executed_new_execution_bar,USDJPY,2025.08.22 22:15:00,0,
2025.08.22 22:39:59,scan_skipped_same_execution_bar,USDJPY,2025.08.22 22:15:00,0,
2025.08.22 22:49:59,scan_executed_new_execution_bar,USDJPY,2025.08.22 22:30:00,0,
2025.08.22 22:54:59,scan_skipped_same_execution_bar,USDJPY,2025.08.22 22:30:00,0,
2025.08.22 23:04:59,scan_executed_new_execution_bar,USDJPY,2025.08.22 22:45:00,0,
2025.08.22 23:09:57,scan_skipped_same_execution_bar,USDJPY,2025.08.22 22:45:00,0,
2025.08.22 23:19:59,scan_executed_new_execution_bar,USDJPY,2025.08.22 23:00:00,0,
2025.08.22 23:24:59,scan_skipped_same_execution_bar,USDJPY,2025.08.22 23:00:00,0,
2025.08.22 23:34:59,scan_executed_new_execution_bar,USDJPY,2025.08.22 23:15:00,0,
2025.08.22 23:39:59,scan_skipped_same_execution_bar,USDJPY,2025.08.22 23:15:00,0,
2025.08.22 23:49:59,scan_executed_new_execution_bar,USDJPY,2025.08.22 23:30:00,0,
2025.08.22 23:54:57,scan_skipped_same_execution_bar,USDJPY,2025.08.22 23:30:00,0,
2025.08.25 00:04:51,scan_executed_new_execution_bar,USDJPY,2025.08.22 23:45:00,0,
2025.08.25 00:09:55,scan_skipped_same_execution_bar,USDJPY,2025.08.22 23:45:00,0,
2025.08.25 00:19:59,scan_executed_new_execution_bar,USDJPY,2025.08.25 00:00:00,0,
2025.08.25 00:24:59,scan_skipped_same_execution_bar,USDJPY,2025.08.25 00:00:00,0,
2025.08.25 00:34:59,scan_executed_new_execution_bar,USDJPY,2025.08.25 00:15:00,0,
2025.08.25 00:39:59,scan_skipped_same_execution_bar,USDJPY,2025.08.25 00:15:00,0,
2025.08.25 00:49:59,scan_executed_new_execution_bar,USDJPY,2025.08.25 00:30:00,0,
2025.08.25 00:54:59,scan_skipped_same_execution_bar,USDJPY,2025.08.25 00:30:00,0,
2025.08.25 01:04:59,scan_executed_new_execution_bar,USDJPY,2025.08.25 00:45:00,0,
2025.08.25 01:09:59,scan_skipped_same_execution_bar,USDJPY,2025.08.25 00:45:00,0,
2025.08.25 01:19:59,scan_executed_new_execution_bar,USDJPY,2025.08.25 01:00:00,0,
2025.08.25 01:24:59,scan_skipped_same_execution_bar,USDJPY,2025.08.25 01:00:00,0,
2025.08.25 01:34:59,scan_executed_new_execution_bar,USDJPY,2025.08.25 01:15:00,0,
2025.08.25 01:39:59,scan_skipped_same_execution_bar,USDJPY,2025.08.25 01:15:00,0,
2025.08.25 01:49:59,scan_executed_new_execution_bar,USDJPY,2025.08.25 01:30:00,0,
2025.08.25 01:54:53,scan_skipped_same_execution_bar,USDJPY,2025.08.25 01:30:00,0,
2025.08.25 02:04:58,scan_executed_new_execution_bar,USDJPY,2025.08.25 01:45:00,0,
2025.08.25 02:09:59,scan_skipped_same_execution_bar,USDJPY,2025.08.25 01:45:00,0,
2025.08.25 02:19:59,scan_executed_new_execution_bar,USDJPY,2025.08.25 02:00:00,0,
2025.08.25 02:24:59,scan_skipped_same_execution_bar,USDJPY,2025.08.25 02:00:00,0,
2025.08.25 02:34:58,scan_executed_new_execution_bar,USDJPY,2025.08.25 02:15:00,0,
2025.08.25 02:40:00,scan_skipped_same_execution_bar,USDJPY,2025.08.25 02:15:00,0,
2025.08.25 02:49:57,scan_executed_new_execution_bar,USDJPY,2025.08.25 02:30:00,0,
2025.08.25 02:54:59,scan_skipped_same_execution_bar,USDJPY,2025.08.25 02:30:00,0,
2025.08.25 03:04:59,scan_executed_new_execution_bar,USDJPY,2025.08.25 02:45:00,0,
2025.08.25 03:09:59,scan_skipped_same_execution_bar,USDJPY,2025.08.25 02:45:00,0,
2025.08.25 03:19:59,scan_executed_new_execution_bar,USDJPY,2025.08.25 03:00:00,0,
2025.08.25 03:24:59,scan_skipped_same_execution_bar,USDJPY,2025.08.25 03:00:00,0,
2025.08.25 03:34:59,scan_executed_new_execution_bar,USDJPY,2025.08.25 03:15:00,0,
2025.08.25 03:39:58,scan_skipped_same_execution_bar,USDJPY,2025.08.25 03:15:00,0,
2025.08.25 03:49:59,scan_executed_new_execution_bar,USDJPY,2025.08.25 03:30:00,31,
2025.08.25 03:54:59,scan_skipped_same_execution_bar,USDJPY,2025.08.25 03:30:00,0,
2025.08.25 04:04:59,scan_executed_new_execution_bar,USDJPY,2025.08.25 03:45:00,0,
2025.08.25 04:09:59,scan_skipped_same_execution_bar,USDJPY,2025.08.25 03:45:00,0,
2025.08.25 04:19:59,scan_executed_new_execution_bar,USDJPY,2025.08.25 04:00:00,0,
2025.08.25 04:24:59,scan_skipped_same_execution_bar,USDJPY,2025.08.25 04:00:00,0,
2025.08.25 04:34:59,scan_executed_new_execution_bar,USDJPY,2025.08.25 04:15:00,0,
2025.08.25 04:39:59,scan_skipped_same_execution_bar,USDJPY,2025.08.25 04:15:00,0,
2025.08.25 04:49:59,scan_executed_new_execution_bar,USDJPY,2025.08.25 04:30:00,0,
2025.08.25 04:54:59,scan_skipped_same_execution_bar,USDJPY,2025.08.25 04:30:00,0,
2025.08.25 05:04:59,scan_executed_new_execution_bar,USDJPY,2025.08.25 04:45:00,31,
2025.08.25 05:09:59,scan_skipped_same_execution_bar,USDJPY,2025.08.25 04:45:00,0,
2025.08.25 05:19:59,scan_executed_new_execution_bar,USDJPY,2025.08.25 05:00:00,0,
2025.08.25 05:24:59,scan_skipped_same_execution_bar,USDJPY,2025.08.25 05:00:00,0,
2025.08.25 05:34:59,scan_executed_new_execution_bar,USDJPY,2025.08.25 05:15:00,0,
2025.08.25 05:39:58,scan_skipped_same_execution_bar,USDJPY,2025.08.25 05:15:00,0,
2025.08.25 05:49:59,scan_executed_new_execution_bar,USDJPY,2025.08.25 05:30:00,31,
2025.08.25 05:54:58,scan_skipped_same_execution_bar,USDJPY,2025.08.25 05:30:00,0,
2025.08.25 06:04:59,scan_executed_new_execution_bar,USDJPY,2025.08.25 05:45:00,0,
2025.08.25 06:09:59,scan_skipped_same_execution_bar,USDJPY,2025.08.25 05:45:00,0,
2025.08.25 06:19:59,scan_executed_new_execution_bar,USDJPY,2025.08.25 06:00:00,0,
2025.08.25 06:24:59,scan_skipped_same_execution_bar,USDJPY,2025.08.25 06:00:00,0,
2025.08.25 06:34:59,scan_executed_new_execution_bar,USDJPY,2025.08.25 06:15:00,0,
2025.08.25 06:39:59,scan_skipped_same_execution_bar,USDJPY,2025.08.25 06:15:00,0,
2025.08.25 06:49:55,scan_executed_new_execution_bar,USDJPY,2025.08.25 06:30:00,0,
2025.08.25 06:54:59,scan_skipped_same_execution_bar,USDJPY,2025.08.25 06:30:00,0,
2025.08.25 07:04:59,scan_executed_new_execution_bar,USDJPY,2025.08.25 06:45:00,0,
2025.08.25 07:09:59,scan_skipped_same_execution_bar,USDJPY,2025.08.25 06:45:00,0,
2025.08.25 07:19:59,scan_executed_new_execution_bar,USDJPY,2025.08.25 07:00:00,0,
2025.08.25 07:24:59,scan_skipped_same_execution_bar,USDJPY,2025.08.25 07:00:00,0,
2025.08.25 07:34:59,scan_executed_new_execution_bar,USDJPY,2025.08.25 07:15:00,0,
2025.08.25 07:39:59,scan_skipped_same_execution_bar,USDJPY,2025.08.25 07:15:00,0,
2025.08.25 07:49:59,scan_executed_new_execution_bar,USDJPY,2025.08.25 07:30:00,0,
2025.08.25 07:54:59,scan_skipped_same_execution_bar,USDJPY,2025.08.25 07:30:00,0,
2025.08.25 08:04:59,scan_executed_new_execution_bar,USDJPY,2025.08.25 07:45:00,0,
2025.08.25 08:09:59,scan_skipped_same_execution_bar,USDJPY,2025.08.25 07:45:00,0,
2025.08.25 08:20:00,scan_executed_new_execution_bar,USDJPY,2025.08.25 08:00:00,0,
2025.08.25 08:24:58,scan_skipped_same_execution_bar,USDJPY,2025.08.25 08:00:00,0,
2025.08.25 08:34:59,scan_executed_new_execution_bar,USDJPY,2025.08.25 08:15:00,0,
2025.08.25 08:39:59,scan_skipped_same_execution_bar,USDJPY,2025.08.25 08:15:00,0,
2025.08.25 08:49:57,scan_executed_new_execution_bar,USDJPY,2025.08.25 08:30:00,0,
2025.08.25 08:54:59,scan_skipped_same_execution_bar,USDJPY,2025.08.25 08:30:00,0,
2025.08.25 09:04:59,scan_executed_new_execution_bar,USDJPY,2025.08.25 08:45:00,0,
2025.08.25 09:09:59,scan_skipped_same_execution_bar,USDJPY,2025.08.25 08:45:00,0,
2025.08.25 09:19:59,scan_executed_new_execution_bar,USDJPY,2025.08.25 09:00:00,0,
2025.08.25 09:24:59,scan_skipped_same_execution_bar,USDJPY,2025.08.25 09:00:00,0,
2025.08.25 09:34:59,scan_executed_new_execution_bar,USDJPY,2025.08.25 09:15:00,0,
2025.08.25 09:39:59,scan_skipped_same_execution_bar,USDJPY,2025.08.25 09:15:00,0,
2025.08.25 09:49:59,scan_executed_new_execution_bar,USDJPY,2025.08.25 09:30:00,0,
2025.08.25 09:54:59,scan_skipped_same_execution_bar,USDJPY,2025.08.25 09:30:00,0,
2025.08.25 10:04:59,scan_executed_new_execution_bar,USDJPY,2025.08.25 09:45:00,0,
2025.08.25 10:09:59,scan_skipped_same_execution_bar,USDJPY,2025.08.25 09:45:00,0,
2025.08.25 10:19:59,scan_executed_new_execution_bar,USDJPY,2025.08.25 10:00:00,0,
2025.08.25 10:24:59,scan_skipped_same_execution_bar,USDJPY,2025.08.25 10:00:00,0,
2025.08.25 10:34:59,scan_executed_new_execution_bar,USDJPY,2025.08.25 10:15:00,0,
2025.08.25 10:39:59,scan_skipped_same_execution_bar,USDJPY,2025.08.25 10:15:00,0,
2025.08.25 10:49:59,scan_executed_new_execution_bar,USDJPY,2025.08.25 10:30:00,0,
2025.08.25 10:54:59,scan_skipped_same_execution_bar,USDJPY,2025.08.25 10:30:00,0,
2025.08.25 11:04:59,scan_executed_new_execution_bar,USDJPY,2025.08.25 10:45:00,0,
2025.08.25 11:09:59,scan_skipped_same_execution_bar,USDJPY,2025.08.25 10:45:00,0,
2025.08.25 11:19:58,scan_executed_new_execution_bar,USDJPY,2025.08.25 11:00:00,0,
2025.08.25 11:24:58,scan_skipped_same_execution_bar,USDJPY,2025.08.25 11:00:00,0,
2025.08.25 11:34:59,scan_executed_new_execution_bar,USDJPY,2025.08.25 11:15:00,0,
2025.08.25 11:39:59,scan_skipped_same_execution_bar,USDJPY,2025.08.25 11:15:00,0,
2025.08.25 11:49:59,scan_executed_new_execution_bar,USDJPY,2025.08.25 11:30:00,0,
2025.08.25 11:54:59,scan_skipped_same_execution_bar,USDJPY,2025.08.25 11:30:00,0,
2025.08.25 12:04:58,scan_executed_new_execution_bar,USDJPY,2025.08.25 11:45:00,0,
2025.08.25 12:09:59,scan_skipped_same_execution_bar,USDJPY,2025.08.25 11:45:00,0,
2025.08.25 12:19:59,scan_executed_new_execution_bar,USDJPY,2025.08.25 12:00:00,0,
2025.08.25 12:24:59,scan_skipped_same_execution_bar,USDJPY,2025.08.25 12:00:00,0,
2025.08.25 12:34:59,scan_executed_new_execution_bar,USDJPY,2025.08.25 12:15:00,0,
2025.08.25 12:39:59,scan_skipped_same_execution_bar,USDJPY,2025.08.25 12:15:00,0,
2025.08.25 12:49:59,scan_executed_new_execution_bar,USDJPY,2025.08.25 12:30:00,0,
2025.08.25 12:54:59,scan_skipped_same_execution_bar,USDJPY,2025.08.25 12:30:00,0,
2025.08.25 13:05:00,scan_executed_new_execution_bar,USDJPY,2025.08.25 12:45:00,0,
2025.08.25 13:09:59,scan_skipped_same_execution_bar,USDJPY,2025.08.25 12:45:00,0,
2025.08.25 13:19:59,scan_executed_new_execution_bar,USDJPY,2025.08.25 13:00:00,0,
2025.08.25 13:24:59,scan_skipped_same_execution_bar,USDJPY,2025.08.25 13:00:00,0,
2025.08.25 13:34:59,scan_executed_new_execution_bar,USDJPY,2025.08.25 13:15:00,0,
2025.08.25 13:39:59,scan_skipped_same_execution_bar,USDJPY,2025.08.25 13:15:00,0,
2025.08.25 13:49:59,scan_executed_new_execution_bar,USDJPY,2025.08.25 13:30:00,0,
2025.08.25 13:54:59,scan_skipped_same_execution_bar,USDJPY,2025.08.25 13:30:00,0,
2025.08.25 14:04:59,scan_executed_new_execution_bar,USDJPY,2025.08.25 13:45:00,0,
2025.08.25 14:09:58,scan_skipped_same_execution_bar,USDJPY,2025.08.25 13:45:00,0,
2025.08.25 14:19:59,scan_executed_new_execution_bar,USDJPY,2025.08.25 14:00:00,0,
2025.08.25 14:24:59,scan_skipped_same_execution_bar,USDJPY,2025.08.25 14:00:00,0,
2025.08.25 14:34:59,scan_executed_new_execution_bar,USDJPY,2025.08.25 14:15:00,0,
2025.08.25 14:39:59,scan_skipped_same_execution_bar,USDJPY,2025.08.25 14:15:00,0,
2025.08.25 14:49:58,scan_executed_new_execution_bar,USDJPY,2025.08.25 14:30:00,0,
2025.08.25 14:54:59,scan_skipped_same_execution_bar,USDJPY,2025.08.25 14:30:00,0,
2025.08.25 15:04:59,scan_executed_new_execution_bar,USDJPY,2025.08.25 14:45:00,15,
2025.08.25 15:09:58,scan_skipped_same_execution_bar,USDJPY,2025.08.25 14:45:00,0,
2025.08.25 15:19:59,scan_executed_new_execution_bar,USDJPY,2025.08.25 15:00:00,16,
2025.08.25 15:24:59,scan_skipped_same_execution_bar,USDJPY,2025.08.25 15:00:00,0,
2025.08.25 15:35:00,scan_executed_new_execution_bar,USDJPY,2025.08.25 15:15:00,0,
2025.08.25 15:39:59,scan_skipped_same_execution_bar,USDJPY,2025.08.25 15:15:00,0,
2025.08.25 15:49:59,scan_executed_new_execution_bar,USDJPY,2025.08.25 15:30:00,0,
2025.08.25 15:54:59,scan_skipped_same_execution_bar,USDJPY,2025.08.25 15:30:00,0,
2025.08.25 16:04:59,scan_executed_new_execution_bar,USDJPY,2025.08.25 15:45:00,16,
2025.08.25 16:09:59,scan_skipped_same_execution_bar,USDJPY,2025.08.25 15:45:00,0,
2025.08.25 16:19:59,scan_executed_new_execution_bar,USDJPY,2025.08.25 16:00:00,0,
2025.08.25 16:25:00,scan_skipped_same_execution_bar,USDJPY,2025.08.25 16:00:00,0,
2025.08.25 16:34:59,scan_executed_new_execution_bar,USDJPY,2025.08.25 16:15:00,0,
2025.08.25 16:39:59,scan_skipped_same_execution_bar,USDJPY,2025.08.25 16:15:00,0,
2025.08.25 16:49:59,scan_executed_new_execution_bar,USDJPY,2025.08.25 16:30:00,0,
2025.08.25 16:54:59,scan_skipped_same_execution_bar,USDJPY,2025.08.25 16:30:00,0,
2025.08.25 17:04:59,scan_executed_new_execution_bar,USDJPY,2025.08.25 16:45:00,15,
2025.08.25 17:09:59,scan_skipped_same_execution_bar,USDJPY,2025.08.25 16:45:00,0,
2025.08.25 17:19:59,scan_executed_new_execution_bar,USDJPY,2025.08.25 17:00:00,0,
2025.08.25 17:24:59,scan_skipped_same_execution_bar,USDJPY,2025.08.25 17:00:00,0,
2025.08.25 17:34:59,scan_executed_new_execution_bar,USDJPY,2025.08.25 17:15:00,0,
2025.08.25 17:39:59,scan_skipped_same_execution_bar,USDJPY,2025.08.25 17:15:00,0,
2025.08.25 17:49:59,scan_executed_new_execution_bar,USDJPY,2025.08.25 17:30:00,16,
2025.08.25 17:54:59,scan_skipped_same_execution_bar,USDJPY,2025.08.25 17:30:00,0,
2025.08.25 18:04:59,scan_executed_new_execution_bar,USDJPY,2025.08.25 17:45:00,0,
2025.08.25 18:09:59,scan_skipped_same_execution_bar,USDJPY,2025.08.25 17:45:00,0,
2025.08.25 18:19:59,scan_executed_new_execution_bar,USDJPY,2025.08.25 18:00:00,0,
2025.08.25 18:24:59,scan_skipped_same_execution_bar,USDJPY,2025.08.25 18:00:00,0,
2025.08.25 18:34:59,scan_executed_new_execution_bar,USDJPY,2025.08.25 18:15:00,0,
2025.08.25 18:39:59,scan_skipped_same_execution_bar,USDJPY,2025.08.25 18:15:00,0,
2025.08.25 18:50:00,scan_executed_new_execution_bar,USDJPY,2025.08.25 18:30:00,0,
2025.08.25 18:54:59,scan_skipped_same_execution_bar,USDJPY,2025.08.25 18:30:00,0,
2025.08.25 19:04:59,scan_executed_new_execution_bar,USDJPY,2025.08.25 18:45:00,0,
2025.08.25 19:09:59,scan_skipped_same_execution_bar,USDJPY,2025.08.25 18:45:00,0,
2025.08.25 19:19:59,scan_executed_new_execution_bar,USDJPY,2025.08.25 19:00:00,15,
2025.08.25 19:24:59,scan_skipped_same_execution_bar,USDJPY,2025.08.25 19:00:00,0,
2025.08.25 19:34:59,scan_executed_new_execution_bar,USDJPY,2025.08.25 19:15:00,0,
2025.08.25 19:39:59,scan_skipped_same_execution_bar,USDJPY,2025.08.25 19:15:00,0,
2025.08.25 19:49:59,scan_executed_new_execution_bar,USDJPY,2025.08.25 19:30:00,0,
2025.08.25 19:54:59,scan_skipped_same_execution_bar,USDJPY,2025.08.25 19:30:00,0,
2025.08.25 20:04:59,scan_executed_new_execution_bar,USDJPY,2025.08.25 19:45:00,0,
2025.08.25 20:09:59,scan_skipped_same_execution_bar,USDJPY,2025.08.25 19:45:00,0,
2025.08.25 20:19:59,scan_executed_new_execution_bar,USDJPY,2025.08.25 20:00:00,0,
2025.08.25 20:24:59,scan_skipped_same_execution_bar,USDJPY,2025.08.25 20:00:00,0,
2025.08.25 20:34:59,scan_executed_new_execution_bar,USDJPY,2025.08.25 20:15:00,0,
2025.08.25 20:39:59,scan_skipped_same_execution_bar,USDJPY,2025.08.25 20:15:00,0,
2025.08.25 20:49:59,scan_executed_new_execution_bar,USDJPY,2025.08.25 20:30:00,0,
2025.08.25 20:54:59,scan_skipped_same_execution_bar,USDJPY,2025.08.25 20:30:00,0,
2025.08.25 21:04:59,scan_executed_new_execution_bar,USDJPY,2025.08.25 20:45:00,0,
2025.08.25 21:09:59,scan_skipped_same_execution_bar,USDJPY,2025.08.25 20:45:00,0,
2025.08.25 21:19:59,scan_executed_new_execution_bar,USDJPY,2025.08.25 21:00:00,0,
2025.08.25 21:24:59,scan_skipped_same_execution_bar,USDJPY,2025.08.25 21:00:00,0,
2025.08.25 21:34:59,scan_executed_new_execution_bar,USDJPY,2025.08.25 21:15:00,0,
2025.08.25 21:39:59,scan_skipped_same_execution_bar,USDJPY,2025.08.25 21:15:00,0,
2025.08.25 21:49:59,scan_executed_new_execution_bar,USDJPY,2025.08.25 21:30:00,0,
2025.08.25 21:54:59,scan_skipped_same_execution_bar,USDJPY,2025.08.25 21:30:00,0,
2025.08.25 22:04:59,scan_executed_new_execution_bar,USDJPY,2025.08.25 21:45:00,0,
2025.08.25 22:09:59,scan_skipped_same_execution_bar,USDJPY,2025.08.25 21:45:00,0,
2025.08.25 22:19:59,scan_executed_new_execution_bar,USDJPY,2025.08.25 22:00:00,0,
2025.08.25 22:24:59,scan_skipped_same_execution_bar,USDJPY,2025.08.25 22:00:00,0,
2025.08.25 22:34:59,scan_executed_new_execution_bar,USDJPY,2025.08.25 22:15:00,0,
2025.08.25 22:39:59,scan_skipped_same_execution_bar,USDJPY,2025.08.25 22:15:00,0,
2025.08.25 22:49:59,scan_executed_new_execution_bar,USDJPY,2025.08.25 22:30:00,0,
2025.08.25 22:54:59,scan_skipped_same_execution_bar,USDJPY,2025.08.25 22:30:00,0,
2025.08.25 23:04:59,scan_executed_new_execution_bar,USDJPY,2025.08.25 22:45:00,0,
2025.08.25 23:10:00,scan_skipped_same_execution_bar,USDJPY,2025.08.25 22:45:00,0,
2025.08.25 23:19:56,scan_executed_new_execution_bar,USDJPY,2025.08.25 23:00:00,0,
2025.08.25 23:24:59,scan_skipped_same_execution_bar,USDJPY,2025.08.25 23:00:00,0,
2025.08.25 23:34:59,scan_executed_new_execution_bar,USDJPY,2025.08.25 23:15:00,0,
2025.08.25 23:39:59,scan_skipped_same_execution_bar,USDJPY,2025.08.25 23:15:00,0,
2025.08.25 23:49:59,scan_executed_new_execution_bar,USDJPY,2025.08.25 23:30:00,0,
2025.08.25 23:54:59,scan_skipped_same_execution_bar,USDJPY,2025.08.25 23:30:00,0,
2025.08.26 00:04:56,scan_executed_new_execution_bar,USDJPY,2025.08.25 23:45:00,0,
2025.08.26 00:09:30,scan_skipped_same_execution_bar,USDJPY,2025.08.25 23:45:00,0,
2025.08.26 00:19:56,scan_executed_new_execution_bar,USDJPY,2025.08.26 00:00:00,0,
2025.08.26 00:24:59,scan_skipped_same_execution_bar,USDJPY,2025.08.26 00:00:00,0,
2025.08.26 00:34:59,scan_executed_new_execution_bar,USDJPY,2025.08.26 00:15:00,0,
2025.08.26 00:39:59,scan_skipped_same_execution_bar,USDJPY,2025.08.26 00:15:00,0,
2025.08.26 00:49:59,scan_executed_new_execution_bar,USDJPY,2025.08.26 00:30:00,0,
2025.08.26 00:54:59,scan_skipped_same_execution_bar,USDJPY,2025.08.26 00:30:00,0,
2025.08.26 01:04:59,scan_executed_new_execution_bar,USDJPY,2025.08.26 00:45:00,0,
2025.08.26 01:09:53,scan_skipped_same_execution_bar,USDJPY,2025.08.26 00:45:00,0,
2025.08.26 01:19:59,scan_executed_new_execution_bar,USDJPY,2025.08.26 01:00:00,0,
2025.08.26 01:24:58,scan_skipped_same_execution_bar,USDJPY,2025.08.26 01:00:00,0,
2025.08.26 01:34:59,scan_executed_new_execution_bar,USDJPY,2025.08.26 01:15:00,0,
2025.08.26 01:40:00,scan_skipped_same_execution_bar,USDJPY,2025.08.26 01:15:00,0,
2025.08.26 01:49:58,scan_executed_new_execution_bar,USDJPY,2025.08.26 01:30:00,0,
2025.08.26 01:54:59,scan_skipped_same_execution_bar,USDJPY,2025.08.26 01:30:00,0,
2025.08.26 02:04:59,scan_executed_new_execution_bar,USDJPY,2025.08.26 01:45:00,15,
2025.08.26 02:09:58,scan_skipped_same_execution_bar,USDJPY,2025.08.26 01:45:00,0,
2025.08.26 02:15:00,scan_executed_new_execution_bar,USDJPY,2025.08.26 02:00:00,0,
2025.08.26 02:19:59,scan_skipped_same_execution_bar,USDJPY,2025.08.26 02:00:00,0,
2025.08.26 02:34:59,scan_executed_new_execution_bar,USDJPY,2025.08.26 02:15:00,0,
2025.08.26 02:39:58,scan_skipped_same_execution_bar,USDJPY,2025.08.26 02:15:00,0,
2025.08.26 02:49:59,scan_executed_new_execution_bar,USDJPY,2025.08.26 02:30:00,0,
2025.08.26 02:54:57,scan_skipped_same_execution_bar,USDJPY,2025.08.26 02:30:00,0,
2025.08.26 03:04:59,scan_executed_new_execution_bar,USDJPY,2025.08.26 02:45:00,0,
2025.08.26 03:09:59,scan_skipped_same_execution_bar,USDJPY,2025.08.26 02:45:00,0,
2025.08.26 03:19:59,scan_executed_new_execution_bar,USDJPY,2025.08.26 03:00:00,0,
2025.08.26 03:25:00,scan_skipped_same_execution_bar,USDJPY,2025.08.26 03:00:00,0,
2025.08.26 03:34:59,scan_executed_new_execution_bar,USDJPY,2025.08.26 03:15:00,0,
2025.08.26 03:39:59,scan_skipped_same_execution_bar,USDJPY,2025.08.26 03:15:00,0,
2025.08.26 03:50:00,scan_executed_new_execution_bar,USDJPY,2025.08.26 03:30:00,0,
2025.08.26 03:55:00,scan_skipped_same_execution_bar,USDJPY,2025.08.26 03:30:00,0,
2025.08.26 04:04:59,scan_executed_new_execution_bar,USDJPY,2025.08.26 03:45:00,15,
2025.08.26 04:09:59,scan_skipped_same_execution_bar,USDJPY,2025.08.26 03:45:00,0,
2025.08.26 04:19:59,scan_executed_new_execution_bar,USDJPY,2025.08.26 04:00:00,16,
2025.08.26 04:24:59,scan_skipped_same_execution_bar,USDJPY,2025.08.26 04:00:00,0,
2025.08.26 04:34:59,scan_executed_new_execution_bar,USDJPY,2025.08.26 04:15:00,0,
2025.08.26 04:39:58,scan_skipped_same_execution_bar,USDJPY,2025.08.26 04:15:00,0,
2025.08.26 04:49:59,scan_executed_new_execution_bar,USDJPY,2025.08.26 04:30:00,0,
2025.08.26 04:54:57,scan_skipped_same_execution_bar,USDJPY,2025.08.26 04:30:00,0,
2025.08.26 05:04:59,scan_executed_new_execution_bar,USDJPY,2025.08.26 04:45:00,0,
2025.08.26 05:09:59,scan_skipped_same_execution_bar,USDJPY,2025.08.26 04:45:00,0,
2025.08.26 05:19:59,scan_executed_new_execution_bar,USDJPY,2025.08.26 05:00:00,15,
2025.08.26 05:24:59,scan_skipped_same_execution_bar,USDJPY,2025.08.26 05:00:00,0,
2025.08.26 05:34:59,scan_executed_new_execution_bar,USDJPY,2025.08.26 05:15:00,16,
2025.08.26 05:39:59,scan_skipped_same_execution_bar,USDJPY,2025.08.26 05:15:00,0,
2025.08.26 05:49:59,scan_executed_new_execution_bar,USDJPY,2025.08.26 05:30:00,0,
2025.08.26 05:54:59,scan_skipped_same_execution_bar,USDJPY,2025.08.26 05:30:00,0,
2025.08.26 06:04:59,scan_executed_new_execution_bar,USDJPY,2025.08.26 05:45:00,0,
2025.08.26 06:09:58,scan_skipped_same_execution_bar,USDJPY,2025.08.26 05:45:00,0,
2025.08.26 06:19:59,scan_executed_new_execution_bar,USDJPY,2025.08.26 06:00:00,0,
2025.08.26 06:24:59,scan_skipped_same_execution_bar,USDJPY,2025.08.26 06:00:00,0,
2025.08.26 06:34:59,scan_executed_new_execution_bar,USDJPY,2025.08.26 06:15:00,0,
2025.08.26 06:39:58,scan_skipped_same_execution_bar,USDJPY,2025.08.26 06:15:00,0,
2025.08.26 06:49:58,scan_executed_new_execution_bar,USDJPY,2025.08.26 06:30:00,0,
2025.08.26 06:54:59,scan_skipped_same_execution_bar,USDJPY,2025.08.26 06:30:00,0,
2025.08.26 07:04:59,scan_executed_new_execution_bar,USDJPY,2025.08.26 06:45:00,0,
2025.08.26 07:09:59,scan_skipped_same_execution_bar,USDJPY,2025.08.26 06:45:00,0,
2025.08.26 07:19:59,scan_executed_new_execution_bar,USDJPY,2025.08.26 07:00:00,0,
2025.08.26 07:24:59,scan_skipped_same_execution_bar,USDJPY,2025.08.26 07:00:00,0,
2025.08.26 07:34:59,scan_executed_new_execution_bar,USDJPY,2025.08.26 07:15:00,16,
2025.08.26 07:39:59,scan_skipped_same_execution_bar,USDJPY,2025.08.26 07:15:00,0,
2025.08.26 07:49:59,scan_executed_new_execution_bar,USDJPY,2025.08.26 07:30:00,0,
2025.08.26 07:54:59,scan_skipped_same_execution_bar,USDJPY,2025.08.26 07:30:00,0,
2025.08.26 08:04:59,scan_executed_new_execution_bar,USDJPY,2025.08.26 07:45:00,15,
2025.08.26 08:09:59,scan_skipped_same_execution_bar,USDJPY,2025.08.26 07:45:00,0,
2025.08.26 08:19:58,scan_executed_new_execution_bar,USDJPY,2025.08.26 08:00:00,16,
2025.08.26 08:24:59,scan_skipped_same_execution_bar,USDJPY,2025.08.26 08:00:00,0,
2025.08.26 08:34:59,scan_executed_new_execution_bar,USDJPY,2025.08.26 08:15:00,16,
2025.08.26 08:39:59,scan_skipped_same_execution_bar,USDJPY,2025.08.26 08:15:00,0,
2025.08.26 08:49:59,scan_executed_new_execution_bar,USDJPY,2025.08.26 08:30:00,16,
2025.08.26 08:54:59,scan_skipped_same_execution_bar,USDJPY,2025.08.26 08:30:00,0,
2025.08.26 09:04:59,scan_executed_new_execution_bar,USDJPY,2025.08.26 08:45:00,0,
2025.08.26 09:09:59,scan_skipped_same_execution_bar,USDJPY,2025.08.26 08:45:00,0,
2025.08.26 09:19:59,scan_executed_new_execution_bar,USDJPY,2025.08.26 09:00:00,16,
2025.08.26 09:24:58,scan_skipped_same_execution_bar,USDJPY,2025.08.26 09:00:00,0,
2025.08.26 09:35:00,scan_executed_new_execution_bar,USDJPY,2025.08.26 09:15:00,0,
2025.08.26 09:40:00,scan_skipped_same_execution_bar,USDJPY,2025.08.26 09:15:00,0,
2025.08.26 09:49:59,scan_executed_new_execution_bar,USDJPY,2025.08.26 09:30:00,15,
2025.08.26 09:54:59,scan_skipped_same_execution_bar,USDJPY,2025.08.26 09:30:00,0,
2025.08.26 10:04:59,scan_executed_new_execution_bar,USDJPY,2025.08.26 09:45:00,0,
2025.08.26 10:09:59,scan_skipped_same_execution_bar,USDJPY,2025.08.26 09:45:00,0,
2025.08.26 10:19:59,scan_executed_new_execution_bar,USDJPY,2025.08.26 10:00:00,0,
2025.08.26 10:24:59,scan_skipped_same_execution_bar,USDJPY,2025.08.26 10:00:00,0,
2025.08.26 10:34:59,scan_executed_new_execution_bar,USDJPY,2025.08.26 10:15:00,31,
2025.08.26 10:39:59,scan_skipped_same_execution_bar,USDJPY,2025.08.26 10:15:00,0,
2025.08.26 10:49:59,scan_executed_new_execution_bar,USDJPY,2025.08.26 10:30:00,0,
2025.08.26 10:54:59,scan_skipped_same_execution_bar,USDJPY,2025.08.26 10:30:00,0,
2025.08.26 11:04:59,scan_executed_new_execution_bar,USDJPY,2025.08.26 10:45:00,31,
2025.08.26 11:09:59,scan_skipped_same_execution_bar,USDJPY,2025.08.26 10:45:00,0,
2025.08.26 11:19:59,scan_executed_new_execution_bar,USDJPY,2025.08.26 11:00:00,16,
2025.08.26 11:24:59,scan_skipped_same_execution_bar,USDJPY,2025.08.26 11:00:00,0,
2025.08.26 11:34:59,scan_executed_new_execution_bar,USDJPY,2025.08.26 11:15:00,0,
2025.08.26 11:39:59,scan_skipped_same_execution_bar,USDJPY,2025.08.26 11:15:00,0,
2025.08.26 11:49:59,scan_executed_new_execution_bar,USDJPY,2025.08.26 11:30:00,0,
2025.08.26 11:54:59,scan_skipped_same_execution_bar,USDJPY,2025.08.26 11:30:00,0,
2025.08.26 12:04:59,scan_executed_new_execution_bar,USDJPY,2025.08.26 11:45:00,15,
2025.08.26 12:09:59,scan_skipped_same_execution_bar,USDJPY,2025.08.26 11:45:00,0,
2025.08.26 12:19:59,scan_executed_new_execution_bar,USDJPY,2025.08.26 12:00:00,0,
2025.08.26 12:24:59,scan_skipped_same_execution_bar,USDJPY,2025.08.26 12:00:00,0,
2025.08.26 12:34:59,scan_executed_new_execution_bar,USDJPY,2025.08.26 12:15:00,0,
2025.08.26 12:39:59,scan_skipped_same_execution_bar,USDJPY,2025.08.26 12:15:00,0,
2025.08.26 12:49:59,scan_executed_new_execution_bar,USDJPY,2025.08.26 12:30:00,0,
2025.08.26 12:54:59,scan_skipped_same_execution_bar,USDJPY,2025.08.26 12:30:00,0,
2025.08.26 13:04:59,scan_executed_new_execution_bar,USDJPY,2025.08.26 12:45:00,0,
2025.08.26 13:09:59,scan_skipped_same_execution_bar,USDJPY,2025.08.26 12:45:00,0,
2025.08.26 13:19:59,scan_executed_new_execution_bar,USDJPY,2025.08.26 13:00:00,0,
2025.08.26 13:24:59,scan_skipped_same_execution_bar,USDJPY,2025.08.26 13:00:00,0,
2025.08.26 13:34:59,scan_executed_new_execution_bar,USDJPY,2025.08.26 13:15:00,16,
2025.08.26 13:39:59,scan_skipped_same_execution_bar,USDJPY,2025.08.26 13:15:00,0,
2025.08.26 13:49:59,scan_executed_new_execution_bar,USDJPY,2025.08.26 13:30:00,31,
2025.08.26 13:54:58,scan_skipped_same_execution_bar,USDJPY,2025.08.26 13:30:00,0,
2025.08.26 14:04:59,scan_executed_new_execution_bar,USDJPY,2025.08.26 13:45:00,0,
2025.08.26 14:09:59,scan_skipped_same_execution_bar,USDJPY,2025.08.26 13:45:00,0,
2025.08.26 14:19:59,scan_executed_new_execution_bar,USDJPY,2025.08.26 14:00:00,0,
2025.08.26 14:24:59,scan_skipped_same_execution_bar,USDJPY,2025.08.26 14:00:00,0,
2025.08.26 14:34:59,scan_executed_new_execution_bar,USDJPY,2025.08.26 14:15:00,0,
2025.08.26 14:39:59,scan_skipped_same_execution_bar,USDJPY,2025.08.26 14:15:00,0,
2025.08.26 14:49:59,scan_executed_new_execution_bar,USDJPY,2025.08.26 14:30:00,0,
2025.08.26 14:55:00,scan_skipped_same_execution_bar,USDJPY,2025.08.26 14:30:00,0,
2025.08.26 15:04:59,scan_executed_new_execution_bar,USDJPY,2025.08.26 14:45:00,0,
2025.08.26 15:10:00,scan_skipped_same_execution_bar,USDJPY,2025.08.26 14:45:00,0,
2025.08.26 15:19:59,scan_executed_new_execution_bar,USDJPY,2025.08.26 15:00:00,0,
2025.08.26 15:24:59,scan_skipped_same_execution_bar,USDJPY,2025.08.26 15:00:00,0,
2025.08.26 15:34:59,scan_executed_new_execution_bar,USDJPY,2025.08.26 15:15:00,0,
2025.08.26 15:39:59,scan_skipped_same_execution_bar,USDJPY,2025.08.26 15:15:00,0,
2025.08.26 15:49:59,scan_executed_new_execution_bar,USDJPY,2025.08.26 15:30:00,16,
2025.08.26 15:54:59,scan_skipped_same_execution_bar,USDJPY,2025.08.26 15:30:00,0,
2025.08.26 16:04:59,scan_executed_new_execution_bar,USDJPY,2025.08.26 15:45:00,0,
2025.08.26 16:09:59,scan_skipped_same_execution_bar,USDJPY,2025.08.26 15:45:00,0,
2025.08.26 16:19:59,scan_executed_new_execution_bar,USDJPY,2025.08.26 16:00:00,0,
2025.08.26 16:25:00,scan_skipped_same_execution_bar,USDJPY,2025.08.26 16:00:00,0,
2025.08.26 16:34:59,scan_executed_new_execution_bar,USDJPY,2025.08.26 16:15:00,16,
2025.08.26 16:39:59,scan_skipped_same_execution_bar,USDJPY,2025.08.26 16:15:00,0,
2025.08.26 16:49:59,scan_executed_new_execution_bar,USDJPY,2025.08.26 16:30:00,0,
2025.08.26 16:55:00,scan_skipped_same_execution_bar,USDJPY,2025.08.26 16:30:00,0,
2025.08.26 17:04:59,scan_executed_new_execution_bar,USDJPY,2025.08.26 16:45:00,0,
2025.08.26 17:09:59,scan_skipped_same_execution_bar,USDJPY,2025.08.26 16:45:00,0,
2025.08.26 17:19:59,scan_executed_new_execution_bar,USDJPY,2025.08.26 17:00:00,0,
2025.08.26 17:24:59,scan_skipped_same_execution_bar,USDJPY,2025.08.26 17:00:00,0,
2025.08.26 17:34:59,scan_executed_new_execution_bar,USDJPY,2025.08.26 17:15:00,0,
2025.08.26 17:39:59,scan_skipped_same_execution_bar,USDJPY,2025.08.26 17:15:00,0,
2025.08.26 17:49:59,scan_executed_new_execution_bar,USDJPY,2025.08.26 17:30:00,0,
2025.08.26 17:54:59,scan_skipped_same_execution_bar,USDJPY,2025.08.26 17:30:00,0,
2025.08.26 18:04:59,scan_executed_new_execution_bar,USDJPY,2025.08.26 17:45:00,16,
2025.08.26 18:09:59,scan_skipped_same_execution_bar,USDJPY,2025.08.26 17:45:00,0,
2025.08.26 18:19:59,scan_executed_new_execution_bar,USDJPY,2025.08.26 18:00:00,15,
2025.08.26 18:24:59,scan_skipped_same_execution_bar,USDJPY,2025.08.26 18:00:00,0,
2025.08.26 18:34:59,scan_executed_new_execution_bar,USDJPY,2025.08.26 18:15:00,15,
2025.08.26 18:39:59,scan_skipped_same_execution_bar,USDJPY,2025.08.26 18:15:00,0,
2025.08.26 18:49:59,scan_executed_new_execution_bar,USDJPY,2025.08.26 18:30:00,0,
2025.08.26 18:54:59,scan_skipped_same_execution_bar,USDJPY,2025.08.26 18:30:00,0,
2025.08.26 19:04:59,scan_executed_new_execution_bar,USDJPY,2025.08.26 18:45:00,0,
2025.08.26 19:09:59,scan_skipped_same_execution_bar,USDJPY,2025.08.26 18:45:00,0,
2025.08.26 19:19:59,scan_executed_new_execution_bar,USDJPY,2025.08.26 19:00:00,0,
2025.08.26 19:24:59,scan_skipped_same_execution_bar,USDJPY,2025.08.26 19:00:00,0,
2025.08.26 19:34:59,scan_executed_new_execution_bar,USDJPY,2025.08.26 19:15:00,0,
2025.08.26 19:39:59,scan_skipped_same_execution_bar,USDJPY,2025.08.26 19:15:00,0,
2025.08.26 19:49:59,scan_executed_new_execution_bar,USDJPY,2025.08.26 19:30:00,31,
2025.08.26 19:54:59,scan_skipped_same_execution_bar,USDJPY,2025.08.26 19:30:00,0,
2025.08.26 20:04:59,scan_executed_new_execution_bar,USDJPY,2025.08.26 19:45:00,15,
2025.08.26 20:09:59,scan_skipped_same_execution_bar,USDJPY,2025.08.26 19:45:00,0,
2025.08.26 20:19:59,scan_executed_new_execution_bar,USDJPY,2025.08.26 20:00:00,0,
2025.08.26 20:24:59,scan_skipped_same_execution_bar,USDJPY,2025.08.26 20:00:00,0,
2025.08.26 20:34:59,scan_executed_new_execution_bar,USDJPY,2025.08.26 20:15:00,0,
2025.08.26 20:39:59,scan_skipped_same_execution_bar,USDJPY,2025.08.26 20:15:00,0,
2025.08.26 20:49:59,scan_executed_new_execution_bar,USDJPY,2025.08.26 20:30:00,0,
2025.08.26 20:55:00,scan_skipped_same_execution_bar,USDJPY,2025.08.26 20:30:00,0,
2025.08.26 21:04:59,scan_executed_new_execution_bar,USDJPY,2025.08.26 20:45:00,0,
2025.08.26 21:09:59,scan_skipped_same_execution_bar,USDJPY,2025.08.26 20:45:00,0,
2025.08.26 21:19:59,scan_executed_new_execution_bar,USDJPY,2025.08.26 21:00:00,0,
2025.08.26 21:24:59,scan_skipped_same_execution_bar,USDJPY,2025.08.26 21:00:00,0,
2025.08.26 21:34:59,scan_executed_new_execution_bar,USDJPY,2025.08.26 21:15:00,0,
2025.08.26 21:39:59,scan_skipped_same_execution_bar,USDJPY,2025.08.26 21:15:00,0,
2025.08.26 21:49:59,scan_executed_new_execution_bar,USDJPY,2025.08.26 21:30:00,0,
2025.08.26 21:54:59,scan_skipped_same_execution_bar,USDJPY,2025.08.26 21:30:00,0,
2025.08.26 22:04:59,scan_executed_new_execution_bar,USDJPY,2025.08.26 21:45:00,0,
2025.08.26 22:09:59,scan_skipped_same_execution_bar,USDJPY,2025.08.26 21:45:00,0,
2025.08.26 22:19:58,scan_executed_new_execution_bar,USDJPY,2025.08.26 22:00:00,0,
2025.08.26 22:24:59,scan_skipped_same_execution_bar,USDJPY,2025.08.26 22:00:00,0,
2025.08.26 22:34:59,scan_executed_new_execution_bar,USDJPY,2025.08.26 22:15:00,0,
2025.08.26 22:39:59,scan_skipped_same_execution_bar,USDJPY,2025.08.26 22:15:00,0,
2025.08.26 22:49:59,scan_executed_new_execution_bar,USDJPY,2025.08.26 22:30:00,0,
2025.08.26 22:54:59,scan_skipped_same_execution_bar,USDJPY,2025.08.26 22:30:00,0,
2025.08.26 23:04:59,scan_executed_new_execution_bar,USDJPY,2025.08.26 22:45:00,0,
2025.08.26 23:09:59,scan_skipped_same_execution_bar,USDJPY,2025.08.26 22:45:00,0,
2025.08.26 23:19:59,scan_executed_new_execution_bar,USDJPY,2025.08.26 23:00:00,0,
2025.08.26 23:24:58,scan_skipped_same_execution_bar,USDJPY,2025.08.26 23:00:00,0,
2025.08.26 23:34:59,scan_executed_new_execution_bar,USDJPY,2025.08.26 23:15:00,0,
2025.08.26 23:39:57,scan_skipped_same_execution_bar,USDJPY,2025.08.26 23:15:00,0,
2025.08.26 23:49:59,scan_executed_new_execution_bar,USDJPY,2025.08.26 23:30:00,16,
2025.08.26 23:54:59,scan_skipped_same_execution_bar,USDJPY,2025.08.26 23:30:00,0,
2025.08.27 00:04:43,scan_executed_new_execution_bar,USDJPY,2025.08.26 23:45:00,0,
2025.08.27 00:09:58,scan_skipped_same_execution_bar,USDJPY,2025.08.26 23:45:00,0,
2025.08.27 00:19:59,scan_executed_new_execution_bar,USDJPY,2025.08.27 00:00:00,0,
2025.08.27 00:24:58,scan_skipped_same_execution_bar,USDJPY,2025.08.27 00:00:00,0,
2025.08.27 00:34:59,scan_executed_new_execution_bar,USDJPY,2025.08.27 00:15:00,0,
2025.08.27 00:39:59,scan_skipped_same_execution_bar,USDJPY,2025.08.27 00:15:00,0,
2025.08.27 00:50:00,scan_executed_new_execution_bar,USDJPY,2025.08.27 00:30:00,0,
2025.08.27 00:54:59,scan_skipped_same_execution_bar,USDJPY,2025.08.27 00:30:00,0,
2025.08.27 01:04:58,scan_executed_new_execution_bar,USDJPY,2025.08.27 00:45:00,0,
2025.08.27 01:09:59,scan_skipped_same_execution_bar,USDJPY,2025.08.27 00:45:00,0,
2025.08.27 01:19:59,scan_executed_new_execution_bar,USDJPY,2025.08.27 01:00:00,0,
2025.08.27 01:24:57,scan_skipped_same_execution_bar,USDJPY,2025.08.27 01:00:00,0,
2025.08.27 01:34:59,scan_executed_new_execution_bar,USDJPY,2025.08.27 01:15:00,0,
2025.08.27 01:39:59,scan_skipped_same_execution_bar,USDJPY,2025.08.27 01:15:00,0,
2025.08.27 01:49:58,scan_executed_new_execution_bar,USDJPY,2025.08.27 01:30:00,0,
2025.08.27 01:54:58,scan_skipped_same_execution_bar,USDJPY,2025.08.27 01:30:00,0,
2025.08.27 02:04:58,scan_executed_new_execution_bar,USDJPY,2025.08.27 01:45:00,0,
2025.08.27 02:09:59,scan_skipped_same_execution_bar,USDJPY,2025.08.27 01:45:00,0,
2025.08.27 02:19:59,scan_executed_new_execution_bar,USDJPY,2025.08.27 02:00:00,0,
2025.08.27 02:25:00,scan_skipped_same_execution_bar,USDJPY,2025.08.27 02:00:00,0,
2025.08.27 02:34:59,scan_executed_new_execution_bar,USDJPY,2025.08.27 02:15:00,16,
2025.08.27 02:39:59,scan_skipped_same_execution_bar,USDJPY,2025.08.27 02:15:00,0,
2025.08.27 02:49:59,scan_executed_new_execution_bar,USDJPY,2025.08.27 02:30:00,0,
2025.08.27 02:54:59,scan_skipped_same_execution_bar,USDJPY,2025.08.27 02:30:00,0,
2025.08.27 03:04:59,scan_executed_new_execution_bar,USDJPY,2025.08.27 02:45:00,0,
2025.08.27 03:09:59,scan_skipped_same_execution_bar,USDJPY,2025.08.27 02:45:00,0,
2025.08.27 03:19:59,scan_executed_new_execution_bar,USDJPY,2025.08.27 03:00:00,0,
2025.08.27 03:24:58,scan_skipped_same_execution_bar,USDJPY,2025.08.27 03:00:00,0,
2025.08.27 03:34:59,scan_executed_new_execution_bar,USDJPY,2025.08.27 03:15:00,31,
2025.08.27 03:39:59,scan_skipped_same_execution_bar,USDJPY,2025.08.27 03:15:00,0,
2025.08.27 03:49:57,scan_executed_new_execution_bar,USDJPY,2025.08.27 03:30:00,0,
2025.08.27 03:54:59,scan_skipped_same_execution_bar,USDJPY,2025.08.27 03:30:00,0,
2025.08.27 04:04:59,scan_executed_new_execution_bar,USDJPY,2025.08.27 03:45:00,0,
2025.08.27 04:09:59,scan_skipped_same_execution_bar,USDJPY,2025.08.27 03:45:00,0,
2025.08.27 04:19:59,scan_executed_new_execution_bar,USDJPY,2025.08.27 04:00:00,0,
2025.08.27 04:24:59,scan_skipped_same_execution_bar,USDJPY,2025.08.27 04:00:00,0,
2025.08.27 04:34:59,scan_executed_new_execution_bar,USDJPY,2025.08.27 04:15:00,0,
2025.08.27 04:39:59,scan_skipped_same_execution_bar,USDJPY,2025.08.27 04:15:00,0,
2025.08.27 04:49:59,scan_executed_new_execution_bar,USDJPY,2025.08.27 04:30:00,0,
2025.08.27 04:54:59,scan_skipped_same_execution_bar,USDJPY,2025.08.27 04:30:00,0,
2025.08.27 05:04:59,scan_executed_new_execution_bar,USDJPY,2025.08.27 04:45:00,0,
2025.08.27 05:09:59,scan_skipped_same_execution_bar,USDJPY,2025.08.27 04:45:00,0,
2025.08.27 05:19:59,scan_executed_new_execution_bar,USDJPY,2025.08.27 05:00:00,0,
2025.08.27 05:24:59,scan_skipped_same_execution_bar,USDJPY,2025.08.27 05:00:00,0,
2025.08.27 05:34:59,scan_executed_new_execution_bar,USDJPY,2025.08.27 05:15:00,0,
2025.08.27 05:39:59,scan_skipped_same_execution_bar,USDJPY,2025.08.27 05:15:00,0,
2025.08.27 05:49:59,scan_executed_new_execution_bar,USDJPY,2025.08.27 05:30:00,0,
2025.08.27 05:54:59,scan_skipped_same_execution_bar,USDJPY,2025.08.27 05:30:00,0,
2025.08.27 06:04:59,scan_executed_new_execution_bar,USDJPY,2025.08.27 05:45:00,0,
2025.08.27 06:09:59,scan_skipped_same_execution_bar,USDJPY,2025.08.27 05:45:00,0,
2025.08.27 06:19:59,scan_executed_new_execution_bar,USDJPY,2025.08.27 06:00:00,0,
2025.08.27 06:24:59,scan_skipped_same_execution_bar,USDJPY,2025.08.27 06:00:00,0,
2025.08.27 06:34:59,scan_executed_new_execution_bar,USDJPY,2025.08.27 06:15:00,0,
2025.08.27 06:39:59,scan_skipped_same_execution_bar,USDJPY,2025.08.27 06:15:00,0,
2025.08.27 06:49:55,scan_executed_new_execution_bar,USDJPY,2025.08.27 06:30:00,0,
2025.08.27 06:54:59,scan_skipped_same_execution_bar,USDJPY,2025.08.27 06:30:00,0,
2025.08.27 07:04:59,scan_executed_new_execution_bar,USDJPY,2025.08.27 06:45:00,0,
2025.08.27 07:09:59,scan_skipped_same_execution_bar,USDJPY,2025.08.27 06:45:00,0,
2025.08.27 07:19:59,scan_executed_new_execution_bar,USDJPY,2025.08.27 07:00:00,0,
2025.08.27 07:24:59,scan_skipped_same_execution_bar,USDJPY,2025.08.27 07:00:00,0,
2025.08.27 07:34:59,scan_executed_new_execution_bar,USDJPY,2025.08.27 07:15:00,0,
2025.08.27 07:39:59,scan_skipped_same_execution_bar,USDJPY,2025.08.27 07:15:00,0,
2025.08.27 07:49:59,scan_executed_new_execution_bar,USDJPY,2025.08.27 07:30:00,0,
2025.08.27 07:54:59,scan_skipped_same_execution_bar,USDJPY,2025.08.27 07:30:00,0,
2025.08.27 08:04:59,scan_executed_new_execution_bar,USDJPY,2025.08.27 07:45:00,16,
2025.08.27 08:09:59,scan_skipped_same_execution_bar,USDJPY,2025.08.27 07:45:00,0,
2025.08.27 08:19:59,scan_executed_new_execution_bar,USDJPY,2025.08.27 08:00:00,15,
2025.08.27 08:24:59,scan_skipped_same_execution_bar,USDJPY,2025.08.27 08:00:00,0,
2025.08.27 08:34:59,scan_executed_new_execution_bar,USDJPY,2025.08.27 08:15:00,16,
2025.08.27 08:39:59,scan_skipped_same_execution_bar,USDJPY,2025.08.27 08:15:00,0,
2025.08.27 08:49:59,scan_executed_new_execution_bar,USDJPY,2025.08.27 08:30:00,0,
2025.08.27 08:54:59,scan_skipped_same_execution_bar,USDJPY,2025.08.27 08:30:00,0,
2025.08.27 09:04:59,scan_executed_new_execution_bar,USDJPY,2025.08.27 08:45:00,0,
2025.08.27 09:09:59,scan_skipped_same_execution_bar,USDJPY,2025.08.27 08:45:00,0,
2025.08.27 09:19:59,scan_executed_new_execution_bar,USDJPY,2025.08.27 09:00:00,0,
2025.08.27 09:24:59,scan_skipped_same_execution_bar,USDJPY,2025.08.27 09:00:00,0,
2025.08.27 09:34:59,scan_executed_new_execution_bar,USDJPY,2025.08.27 09:15:00,0,
2025.08.27 09:39:59,scan_skipped_same_execution_bar,USDJPY,2025.08.27 09:15:00,0,
2025.08.27 09:49:59,scan_executed_new_execution_bar,USDJPY,2025.08.27 09:30:00,0,
2025.08.27 09:54:58,scan_skipped_same_execution_bar,USDJPY,2025.08.27 09:30:00,0,
2025.08.27 10:04:59,scan_executed_new_execution_bar,USDJPY,2025.08.27 09:45:00,0,
2025.08.27 10:09:59,scan_skipped_same_execution_bar,USDJPY,2025.08.27 09:45:00,0,
2025.08.27 10:19:59,scan_executed_new_execution_bar,USDJPY,2025.08.27 10:00:00,0,
2025.08.27 10:24:59,scan_skipped_same_execution_bar,USDJPY,2025.08.27 10:00:00,0,
2025.08.27 10:34:59,scan_executed_new_execution_bar,USDJPY,2025.08.27 10:15:00,0,
2025.08.27 10:39:59,scan_skipped_same_execution_bar,USDJPY,2025.08.27 10:15:00,0,
2025.08.27 10:49:59,scan_executed_new_execution_bar,USDJPY,2025.08.27 10:30:00,0,
2025.08.27 10:54:59,scan_skipped_same_execution_bar,USDJPY,2025.08.27 10:30:00,0,
2025.08.27 11:04:59,scan_executed_new_execution_bar,USDJPY,2025.08.27 10:45:00,0,
2025.08.27 11:09:59,scan_skipped_same_execution_bar,USDJPY,2025.08.27 10:45:00,0,
2025.08.27 11:19:59,scan_executed_new_execution_bar,USDJPY,2025.08.27 11:00:00,0,
2025.08.27 11:24:59,scan_skipped_same_execution_bar,USDJPY,2025.08.27 11:00:00,0,
2025.08.27 11:34:59,scan_executed_new_execution_bar,USDJPY,2025.08.27 11:15:00,0,
2025.08.27 11:39:59,scan_skipped_same_execution_bar,USDJPY,2025.08.27 11:15:00,0,
2025.08.27 11:49:59,scan_executed_new_execution_bar,USDJPY,2025.08.27 11:30:00,15,
2025.08.27 11:54:59,scan_skipped_same_execution_bar,USDJPY,2025.08.27 11:30:00,0,
2025.08.27 12:04:59,scan_executed_new_execution_bar,USDJPY,2025.08.27 11:45:00,0,
2025.08.27 12:09:59,scan_skipped_same_execution_bar,USDJPY,2025.08.27 11:45:00,0,
2025.08.27 12:19:59,scan_executed_new_execution_bar,USDJPY,2025.08.27 12:00:00,0,
2025.08.27 12:24:59,scan_skipped_same_execution_bar,USDJPY,2025.08.27 12:00:00,0,
2025.08.27 12:34:59,scan_executed_new_execution_bar,USDJPY,2025.08.27 12:15:00,16,
2025.08.27 12:39:58,scan_skipped_same_execution_bar,USDJPY,2025.08.27 12:15:00,0,
2025.08.27 12:49:59,scan_executed_new_execution_bar,USDJPY,2025.08.27 12:30:00,16,
2025.08.27 12:54:59,scan_skipped_same_execution_bar,USDJPY,2025.08.27 12:30:00,0,
2025.08.27 13:04:59,scan_executed_new_execution_bar,USDJPY,2025.08.27 12:45:00,0,
2025.08.27 13:09:59,scan_skipped_same_execution_bar,USDJPY,2025.08.27 12:45:00,0,
2025.08.27 13:19:58,scan_executed_new_execution_bar,USDJPY,2025.08.27 13:00:00,0,
2025.08.27 13:24:59,scan_skipped_same_execution_bar,USDJPY,2025.08.27 13:00:00,0,
2025.08.27 13:34:59,scan_executed_new_execution_bar,USDJPY,2025.08.27 13:15:00,16,
2025.08.27 13:39:58,scan_skipped_same_execution_bar,USDJPY,2025.08.27 13:15:00,0,
2025.08.27 13:49:59,scan_executed_new_execution_bar,USDJPY,2025.08.27 13:30:00,15,
2025.08.27 13:54:59,scan_skipped_same_execution_bar,USDJPY,2025.08.27 13:30:00,0,
2025.08.27 14:04:59,scan_executed_new_execution_bar,USDJPY,2025.08.27 13:45:00,16,
2025.08.27 14:09:59,scan_skipped_same_execution_bar,USDJPY,2025.08.27 13:45:00,0,
2025.08.27 14:19:59,scan_executed_new_execution_bar,USDJPY,2025.08.27 14:00:00,31,
2025.08.27 14:24:57,scan_skipped_same_execution_bar,USDJPY,2025.08.27 14:00:00,0,
2025.08.27 14:34:59,scan_executed_new_execution_bar,USDJPY,2025.08.27 14:15:00,0,
2025.08.27 14:39:59,scan_skipped_same_execution_bar,USDJPY,2025.08.27 14:15:00,0,
2025.08.27 14:49:58,scan_executed_new_execution_bar,USDJPY,2025.08.27 14:30:00,0,
2025.08.27 14:54:59,scan_skipped_same_execution_bar,USDJPY,2025.08.27 14:30:00,0,
2025.08.27 15:00:00,scan_executed_new_execution_bar,USDJPY,2025.08.27 14:45:00,0,
2025.08.27 15:04:59,scan_skipped_same_execution_bar,USDJPY,2025.08.27 14:45:00,0,
2025.08.27 15:19:59,scan_executed_new_execution_bar,USDJPY,2025.08.27 15:00:00,15,
2025.08.27 15:25:00,scan_skipped_same_execution_bar,USDJPY,2025.08.27 15:00:00,0,
2025.08.27 15:34:59,scan_executed_new_execution_bar,USDJPY,2025.08.27 15:15:00,0,
2025.08.27 15:39:59,scan_skipped_same_execution_bar,USDJPY,2025.08.27 15:15:00,0,
2025.08.27 15:49:59,scan_executed_new_execution_bar,USDJPY,2025.08.27 15:30:00,0,
2025.08.27 15:54:59,scan_skipped_same_execution_bar,USDJPY,2025.08.27 15:30:00,0,
2025.08.27 16:04:59,scan_executed_new_execution_bar,USDJPY,2025.08.27 15:45:00,0,
2025.08.27 16:09:59,scan_skipped_same_execution_bar,USDJPY,2025.08.27 15:45:00,0,
2025.08.27 16:19:59,scan_executed_new_execution_bar,USDJPY,2025.08.27 16:00:00,16,
2025.08.27 16:24:59,scan_skipped_same_execution_bar,USDJPY,2025.08.27 16:00:00,0,
2025.08.27 16:34:59,scan_executed_new_execution_bar,USDJPY,2025.08.27 16:15:00,0,
2025.08.27 16:39:59,scan_skipped_same_execution_bar,USDJPY,2025.08.27 16:15:00,0,
2025.08.27 16:49:59,scan_executed_new_execution_bar,USDJPY,2025.08.27 16:30:00,0,
2025.08.27 16:54:59,scan_skipped_same_execution_bar,USDJPY,2025.08.27 16:30:00,0,
2025.08.27 17:04:59,scan_executed_new_execution_bar,USDJPY,2025.08.27 16:45:00,0,
2025.08.27 17:09:59,scan_skipped_same_execution_bar,USDJPY,2025.08.27 16:45:00,0,
2025.08.27 17:19:59,scan_executed_new_execution_bar,USDJPY,2025.08.27 17:00:00,15,
2025.08.27 17:24:59,scan_skipped_same_execution_bar,USDJPY,2025.08.27 17:00:00,0,
2025.08.27 17:34:59,scan_executed_new_execution_bar,USDJPY,2025.08.27 17:15:00,0,
2025.08.27 17:39:59,scan_skipped_same_execution_bar,USDJPY,2025.08.27 17:15:00,0,
2025.08.27 17:50:00,scan_executed_new_execution_bar,USDJPY,2025.08.27 17:30:00,0,
2025.08.27 17:54:59,scan_skipped_same_execution_bar,USDJPY,2025.08.27 17:30:00,0,
2025.08.27 18:04:59,scan_executed_new_execution_bar,USDJPY,2025.08.27 17:45:00,0,
2025.08.27 18:09:59,scan_skipped_same_execution_bar,USDJPY,2025.08.27 17:45:00,0,
2025.08.27 18:19:59,scan_executed_new_execution_bar,USDJPY,2025.08.27 18:00:00,0,
2025.08.27 18:25:00,scan_skipped_same_execution_bar,USDJPY,2025.08.27 18:00:00,0,
2025.08.27 18:34:59,scan_executed_new_execution_bar,USDJPY,2025.08.27 18:15:00,0,
2025.08.27 18:39:59,scan_skipped_same_execution_bar,USDJPY,2025.08.27 18:15:00,0,
2025.08.27 18:49:59,scan_executed_new_execution_bar,USDJPY,2025.08.27 18:30:00,0,
2025.08.27 18:54:59,scan_skipped_same_execution_bar,USDJPY,2025.08.27 18:30:00,0,
2025.08.27 19:04:59,scan_executed_new_execution_bar,USDJPY,2025.08.27 18:45:00,0,
2025.08.27 19:09:59,scan_skipped_same_execution_bar,USDJPY,2025.08.27 18:45:00,0,
2025.08.27 19:15:00,scan_executed_new_execution_bar,USDJPY,2025.08.27 19:00:00,0,
2025.08.27 19:19:59,scan_skipped_same_execution_bar,USDJPY,2025.08.27 19:00:00,0,
2025.08.27 19:34:59,scan_executed_new_execution_bar,USDJPY,2025.08.27 19:15:00,0,
2025.08.27 19:39:58,scan_skipped_same_execution_bar,USDJPY,2025.08.27 19:15:00,0,
2025.08.27 19:49:59,scan_executed_new_execution_bar,USDJPY,2025.08.27 19:30:00,0,
2025.08.27 19:54:59,scan_skipped_same_execution_bar,USDJPY,2025.08.27 19:30:00,0,
2025.08.27 20:05:00,scan_executed_new_execution_bar,USDJPY,2025.08.27 19:45:00,0,
2025.08.27 20:09:59,scan_skipped_same_execution_bar,USDJPY,2025.08.27 19:45:00,0,
2025.08.27 20:19:59,scan_executed_new_execution_bar,USDJPY,2025.08.27 20:00:00,0,
2025.08.27 20:24:59,scan_skipped_same_execution_bar,USDJPY,2025.08.27 20:00:00,0,
2025.08.27 20:34:59,scan_executed_new_execution_bar,USDJPY,2025.08.27 20:15:00,16,
2025.08.27 20:39:59,scan_skipped_same_execution_bar,USDJPY,2025.08.27 20:15:00,0,
2025.08.27 20:49:59,scan_executed_new_execution_bar,USDJPY,2025.08.27 20:30:00,0,
2025.08.27 20:54:59,scan_skipped_same_execution_bar,USDJPY,2025.08.27 20:30:00,0,
2025.08.27 21:04:59,scan_executed_new_execution_bar,USDJPY,2025.08.27 20:45:00,0,
2025.08.27 21:10:00,scan_skipped_same_execution_bar,USDJPY,2025.08.27 20:45:00,0,
2025.08.27 21:19:59,scan_executed_new_execution_bar,USDJPY,2025.08.27 21:00:00,31,
2025.08.27 21:24:59,scan_skipped_same_execution_bar,USDJPY,2025.08.27 21:00:00,0,
2025.08.27 21:34:59,scan_executed_new_execution_bar,USDJPY,2025.08.27 21:15:00,0,
2025.08.27 21:39:59,scan_skipped_same_execution_bar,USDJPY,2025.08.27 21:15:00,0,
2025.08.27 21:49:59,scan_executed_new_execution_bar,USDJPY,2025.08.27 21:30:00,0,
2025.08.27 21:54:59,scan_skipped_same_execution_bar,USDJPY,2025.08.27 21:30:00,0,
2025.08.27 22:04:59,scan_executed_new_execution_bar,USDJPY,2025.08.27 21:45:00,16,
2025.08.27 22:09:53,scan_skipped_same_execution_bar,USDJPY,2025.08.27 21:45:00,0,
2025.08.27 22:19:59,scan_executed_new_execution_bar,USDJPY,2025.08.27 22:00:00,15,
2025.08.27 22:24:59,scan_skipped_same_execution_bar,USDJPY,2025.08.27 22:00:00,0,
2025.08.27 22:34:59,scan_executed_new_execution_bar,USDJPY,2025.08.27 22:15:00,0,
2025.08.27 22:39:55,scan_skipped_same_execution_bar,USDJPY,2025.08.27 22:15:00,0,
2025.08.27 22:50:00,scan_executed_new_execution_bar,USDJPY,2025.08.27 22:30:00,0,
2025.08.27 22:54:59,scan_skipped_same_execution_bar,USDJPY,2025.08.27 22:30:00,0,
2025.08.27 23:04:59,scan_executed_new_execution_bar,USDJPY,2025.08.27 22:45:00,0,
2025.08.27 23:09:58,scan_skipped_same_execution_bar,USDJPY,2025.08.27 22:45:00,0,
2025.08.27 23:19:59,scan_executed_new_execution_bar,USDJPY,2025.08.27 23:00:00,16,
2025.08.27 23:24:58,scan_skipped_same_execution_bar,USDJPY,2025.08.27 23:00:00,0,
2025.08.27 23:34:59,scan_executed_new_execution_bar,USDJPY,2025.08.27 23:15:00,0,
2025.08.27 23:39:59,scan_skipped_same_execution_bar,USDJPY,2025.08.27 23:15:00,0,
2025.08.27 23:49:59,scan_executed_new_execution_bar,USDJPY,2025.08.27 23:30:00,0,
2025.08.27 23:54:59,scan_skipped_same_execution_bar,USDJPY,2025.08.27 23:30:00,0,
2025.08.28 00:05:00,scan_executed_new_execution_bar,USDJPY,2025.08.27 23:45:00,0,
2025.08.28 00:09:53,scan_skipped_same_execution_bar,USDJPY,2025.08.27 23:45:00,0,
2025.08.28 00:19:58,scan_executed_new_execution_bar,USDJPY,2025.08.28 00:00:00,0,
2025.08.28 00:24:59,scan_skipped_same_execution_bar,USDJPY,2025.08.28 00:00:00,0,
2025.08.28 00:34:59,scan_executed_new_execution_bar,USDJPY,2025.08.28 00:15:00,0,
2025.08.28 00:39:59,scan_skipped_same_execution_bar,USDJPY,2025.08.28 00:15:00,0,
2025.08.28 00:49:59,scan_executed_new_execution_bar,USDJPY,2025.08.28 00:30:00,0,
2025.08.28 00:55:00,scan_skipped_same_execution_bar,USDJPY,2025.08.28 00:30:00,0,
2025.08.28 01:04:58,scan_executed_new_execution_bar,USDJPY,2025.08.28 00:45:00,0,
2025.08.28 01:09:58,scan_skipped_same_execution_bar,USDJPY,2025.08.28 00:45:00,0,
2025.08.28 01:19:59,scan_executed_new_execution_bar,USDJPY,2025.08.28 01:00:00,0,
2025.08.28 01:24:59,scan_skipped_same_execution_bar,USDJPY,2025.08.28 01:00:00,0,
2025.08.28 01:34:59,scan_executed_new_execution_bar,USDJPY,2025.08.28 01:15:00,0,
2025.08.28 01:39:59,scan_skipped_same_execution_bar,USDJPY,2025.08.28 01:15:00,0,
2025.08.28 01:49:59,scan_executed_new_execution_bar,USDJPY,2025.08.28 01:30:00,0,
2025.08.28 01:54:59,scan_skipped_same_execution_bar,USDJPY,2025.08.28 01:30:00,0,
2025.08.28 02:04:57,scan_executed_new_execution_bar,USDJPY,2025.08.28 01:45:00,16,
2025.08.28 02:09:59,scan_skipped_same_execution_bar,USDJPY,2025.08.28 01:45:00,0,
2025.08.28 02:19:56,scan_executed_new_execution_bar,USDJPY,2025.08.28 02:00:00,0,
2025.08.28 02:24:56,scan_skipped_same_execution_bar,USDJPY,2025.08.28 02:00:00,0,
2025.08.28 02:34:59,scan_executed_new_execution_bar,USDJPY,2025.08.28 02:15:00,31,
2025.08.28 02:39:59,scan_skipped_same_execution_bar,USDJPY,2025.08.28 02:15:00,0,
2025.08.28 02:49:59,scan_executed_new_execution_bar,USDJPY,2025.08.28 02:30:00,0,
2025.08.28 02:54:59,scan_skipped_same_execution_bar,USDJPY,2025.08.28 02:30:00,0,
2025.08.28 03:04:58,scan_executed_new_execution_bar,USDJPY,2025.08.28 02:45:00,16,
2025.08.28 03:09:59,scan_skipped_same_execution_bar,USDJPY,2025.08.28 02:45:00,0,
2025.08.28 03:19:59,scan_executed_new_execution_bar,USDJPY,2025.08.28 03:00:00,15,
2025.08.28 03:24:59,scan_skipped_same_execution_bar,USDJPY,2025.08.28 03:00:00,0,
2025.08.28 03:34:59,scan_executed_new_execution_bar,USDJPY,2025.08.28 03:15:00,0,
2025.08.28 03:39:59,scan_skipped_same_execution_bar,USDJPY,2025.08.28 03:15:00,0,
2025.08.28 03:49:59,scan_executed_new_execution_bar,USDJPY,2025.08.28 03:30:00,0,
2025.08.28 03:54:59,scan_skipped_same_execution_bar,USDJPY,2025.08.28 03:30:00,0,
2025.08.28 04:04:59,scan_executed_new_execution_bar,USDJPY,2025.08.28 03:45:00,16,
2025.08.28 04:09:59,scan_skipped_same_execution_bar,USDJPY,2025.08.28 03:45:00,0,
2025.08.28 04:19:59,scan_executed_new_execution_bar,USDJPY,2025.08.28 04:00:00,0,
2025.08.28 04:24:58,scan_skipped_same_execution_bar,USDJPY,2025.08.28 04:00:00,0,
2025.08.28 04:34:59,scan_executed_new_execution_bar,USDJPY,2025.08.28 04:15:00,16,
2025.08.28 04:39:59,scan_skipped_same_execution_bar,USDJPY,2025.08.28 04:15:00,0,
2025.08.28 04:49:59,scan_executed_new_execution_bar,USDJPY,2025.08.28 04:30:00,0,
2025.08.28 04:54:59,scan_skipped_same_execution_bar,USDJPY,2025.08.28 04:30:00,0,
2025.08.28 05:04:59,scan_executed_new_execution_bar,USDJPY,2025.08.28 04:45:00,16,
2025.08.28 05:09:59,scan_skipped_same_execution_bar,USDJPY,2025.08.28 04:45:00,0,
2025.08.28 05:19:58,scan_executed_new_execution_bar,USDJPY,2025.08.28 05:00:00,0,
2025.08.28 05:24:58,scan_skipped_same_execution_bar,USDJPY,2025.08.28 05:00:00,0,
2025.08.28 05:34:59,scan_executed_new_execution_bar,USDJPY,2025.08.28 05:15:00,0,
2025.08.28 05:39:59,scan_skipped_same_execution_bar,USDJPY,2025.08.28 05:15:00,0,
2025.08.28 05:49:59,scan_executed_new_execution_bar,USDJPY,2025.08.28 05:30:00,15,
2025.08.28 05:54:59,scan_skipped_same_execution_bar,USDJPY,2025.08.28 05:30:00,0,
2025.08.28 06:04:57,scan_executed_new_execution_bar,USDJPY,2025.08.28 05:45:00,0,
2025.08.28 06:09:58,scan_skipped_same_execution_bar,USDJPY,2025.08.28 05:45:00,0,
2025.08.28 06:19:59,scan_executed_new_execution_bar,USDJPY,2025.08.28 06:00:00,16,
2025.08.28 06:24:59,scan_skipped_same_execution_bar,USDJPY,2025.08.28 06:00:00,0,
2025.08.28 06:34:59,scan_executed_new_execution_bar,USDJPY,2025.08.28 06:15:00,31,
2025.08.28 06:39:59,scan_skipped_same_execution_bar,USDJPY,2025.08.28 06:15:00,0,
2025.08.28 06:50:00,scan_executed_new_execution_bar,USDJPY,2025.08.28 06:30:00,0,
2025.08.28 06:54:59,scan_skipped_same_execution_bar,USDJPY,2025.08.28 06:30:00,0,
2025.08.28 07:04:59,scan_executed_new_execution_bar,USDJPY,2025.08.28 06:45:00,15,
2025.08.28 07:09:59,scan_skipped_same_execution_bar,USDJPY,2025.08.28 06:45:00,0,
2025.08.28 07:19:59,scan_executed_new_execution_bar,USDJPY,2025.08.28 07:00:00,31,
2025.08.28 07:24:59,scan_skipped_same_execution_bar,USDJPY,2025.08.28 07:00:00,0,
2025.08.28 07:34:59,scan_executed_new_execution_bar,USDJPY,2025.08.28 07:15:00,0,
2025.08.28 07:39:59,scan_skipped_same_execution_bar,USDJPY,2025.08.28 07:15:00,0,
2025.08.28 07:49:59,scan_executed_new_execution_bar,USDJPY,2025.08.28 07:30:00,15,
2025.08.28 07:54:59,scan_skipped_same_execution_bar,USDJPY,2025.08.28 07:30:00,0,
2025.08.28 08:04:59,scan_executed_new_execution_bar,USDJPY,2025.08.28 07:45:00,0,
2025.08.28 08:09:59,scan_skipped_same_execution_bar,USDJPY,2025.08.28 07:45:00,0,
2025.08.28 08:19:58,scan_executed_new_execution_bar,USDJPY,2025.08.28 08:00:00,0,
2025.08.28 08:24:59,scan_skipped_same_execution_bar,USDJPY,2025.08.28 08:00:00,0,
2025.08.28 08:34:59,scan_executed_new_execution_bar,USDJPY,2025.08.28 08:15:00,0,
2025.08.28 08:39:57,scan_skipped_same_execution_bar,USDJPY,2025.08.28 08:15:00,0,
2025.08.28 08:49:59,scan_executed_new_execution_bar,USDJPY,2025.08.28 08:30:00,31,
2025.08.28 08:54:59,scan_skipped_same_execution_bar,USDJPY,2025.08.28 08:30:00,0,
2025.08.28 09:04:59,scan_executed_new_execution_bar,USDJPY,2025.08.28 08:45:00,0,
2025.08.28 09:09:59,scan_skipped_same_execution_bar,USDJPY,2025.08.28 08:45:00,0,
2025.08.28 09:19:57,scan_executed_new_execution_bar,USDJPY,2025.08.28 09:00:00,31,
2025.08.28 09:24:59,scan_skipped_same_execution_bar,USDJPY,2025.08.28 09:00:00,0,
2025.08.28 09:34:57,scan_executed_new_execution_bar,USDJPY,2025.08.28 09:15:00,0,
2025.08.28 09:39:59,scan_skipped_same_execution_bar,USDJPY,2025.08.28 09:15:00,0,
2025.08.28 09:49:59,scan_executed_new_execution_bar,USDJPY,2025.08.28 09:30:00,0,
2025.08.28 09:54:59,scan_skipped_same_execution_bar,USDJPY,2025.08.28 09:30:00,0,
2025.08.28 10:04:59,scan_executed_new_execution_bar,USDJPY,2025.08.28 09:45:00,0,
2025.08.28 10:09:59,scan_skipped_same_execution_bar,USDJPY,2025.08.28 09:45:00,0,
2025.08.28 10:19:58,scan_executed_new_execution_bar,USDJPY,2025.08.28 10:00:00,0,
2025.08.28 10:24:59,scan_skipped_same_execution_bar,USDJPY,2025.08.28 10:00:00,0,
2025.08.28 10:34:59,scan_executed_new_execution_bar,USDJPY,2025.08.28 10:15:00,0,
2025.08.28 10:39:59,scan_skipped_same_execution_bar,USDJPY,2025.08.28 10:15:00,0,
2025.08.28 10:49:59,scan_executed_new_execution_bar,USDJPY,2025.08.28 10:30:00,0,
2025.08.28 10:54:59,scan_skipped_same_execution_bar,USDJPY,2025.08.28 10:30:00,0,
2025.08.28 11:04:59,scan_executed_new_execution_bar,USDJPY,2025.08.28 10:45:00,0,
2025.08.28 11:09:59,scan_skipped_same_execution_bar,USDJPY,2025.08.28 10:45:00,0,
2025.08.28 11:19:59,scan_executed_new_execution_bar,USDJPY,2025.08.28 11:00:00,0,
2025.08.28 11:24:59,scan_skipped_same_execution_bar,USDJPY,2025.08.28 11:00:00,0,
2025.08.28 11:34:59,scan_executed_new_execution_bar,USDJPY,2025.08.28 11:15:00,0,
2025.08.28 11:39:59,scan_skipped_same_execution_bar,USDJPY,2025.08.28 11:15:00,0,
2025.08.28 11:49:59,scan_executed_new_execution_bar,USDJPY,2025.08.28 11:30:00,0,
2025.08.28 11:54:59,scan_skipped_same_execution_bar,USDJPY,2025.08.28 11:30:00,0,
2025.08.28 12:04:59,scan_executed_new_execution_bar,USDJPY,2025.08.28 11:45:00,0,
2025.08.28 12:09:59,scan_skipped_same_execution_bar,USDJPY,2025.08.28 11:45:00,0,
2025.08.28 12:19:59,scan_executed_new_execution_bar,USDJPY,2025.08.28 12:00:00,0,
2025.08.28 12:24:58,scan_skipped_same_execution_bar,USDJPY,2025.08.28 12:00:00,0,
2025.08.28 12:34:59,scan_executed_new_execution_bar,USDJPY,2025.08.28 12:15:00,0,
2025.08.28 12:39:59,scan_skipped_same_execution_bar,USDJPY,2025.08.28 12:15:00,0,
2025.08.28 12:49:59,scan_executed_new_execution_bar,USDJPY,2025.08.28 12:30:00,32,
2025.08.28 12:54:59,scan_skipped_same_execution_bar,USDJPY,2025.08.28 12:30:00,0,
2025.08.28 13:04:59,scan_executed_new_execution_bar,USDJPY,2025.08.28 12:45:00,0,
2025.08.28 13:09:59,scan_skipped_same_execution_bar,USDJPY,2025.08.28 12:45:00,0,
2025.08.28 13:19:59,scan_executed_new_execution_bar,USDJPY,2025.08.28 13:00:00,0,
2025.08.28 13:24:59,scan_skipped_same_execution_bar,USDJPY,2025.08.28 13:00:00,0,
2025.08.28 13:34:59,scan_executed_new_execution_bar,USDJPY,2025.08.28 13:15:00,0,
2025.08.28 13:39:59,scan_skipped_same_execution_bar,USDJPY,2025.08.28 13:15:00,0,
2025.08.28 13:49:59,scan_executed_new_execution_bar,USDJPY,2025.08.28 13:30:00,0,
2025.08.28 13:54:59,scan_skipped_same_execution_bar,USDJPY,2025.08.28 13:30:00,0,
2025.08.28 14:04:59,scan_executed_new_execution_bar,USDJPY,2025.08.28 13:45:00,0,
2025.08.28 14:09:59,scan_skipped_same_execution_bar,USDJPY,2025.08.28 13:45:00,0,
2025.08.28 14:19:57,scan_executed_new_execution_bar,USDJPY,2025.08.28 14:00:00,0,
2025.08.28 14:24:59,scan_skipped_same_execution_bar,USDJPY,2025.08.28 14:00:00,0,
2025.08.28 14:34:59,scan_executed_new_execution_bar,USDJPY,2025.08.28 14:15:00,0,
2025.08.28 14:39:59,scan_skipped_same_execution_bar,USDJPY,2025.08.28 14:15:00,0,
2025.08.28 14:49:59,scan_executed_new_execution_bar,USDJPY,2025.08.28 14:30:00,31,
2025.08.28 14:54:59,scan_skipped_same_execution_bar,USDJPY,2025.08.28 14:30:00,0,
2025.08.28 15:04:59,scan_executed_new_execution_bar,USDJPY,2025.08.28 14:45:00,0,
2025.08.28 15:09:59,scan_skipped_same_execution_bar,USDJPY,2025.08.28 14:45:00,0,
2025.08.28 15:19:59,scan_executed_new_execution_bar,USDJPY,2025.08.28 15:00:00,0,
2025.08.28 15:24:59,scan_skipped_same_execution_bar,USDJPY,2025.08.28 15:00:00,0,
2025.08.28 15:34:59,scan_executed_new_execution_bar,USDJPY,2025.08.28 15:15:00,0,
2025.08.28 15:39:59,scan_skipped_same_execution_bar,USDJPY,2025.08.28 15:15:00,0,
2025.08.28 15:49:59,scan_executed_new_execution_bar,USDJPY,2025.08.28 15:30:00,0,
2025.08.28 15:54:59,scan_skipped_same_execution_bar,USDJPY,2025.08.28 15:30:00,0,
2025.08.28 16:04:59,scan_executed_new_execution_bar,USDJPY,2025.08.28 15:45:00,32,
2025.08.28 16:09:59,scan_skipped_same_execution_bar,USDJPY,2025.08.28 15:45:00,0,
2025.08.28 16:19:59,scan_executed_new_execution_bar,USDJPY,2025.08.28 16:00:00,15,
2025.08.28 16:24:59,scan_skipped_same_execution_bar,USDJPY,2025.08.28 16:00:00,0,
2025.08.28 16:34:59,scan_executed_new_execution_bar,USDJPY,2025.08.28 16:15:00,0,
2025.08.28 16:39:58,scan_skipped_same_execution_bar,USDJPY,2025.08.28 16:15:00,0,
2025.08.28 16:49:59,scan_executed_new_execution_bar,USDJPY,2025.08.28 16:30:00,15,
2025.08.28 16:54:59,scan_skipped_same_execution_bar,USDJPY,2025.08.28 16:30:00,0,
2025.08.28 17:04:59,scan_executed_new_execution_bar,USDJPY,2025.08.28 16:45:00,0,
2025.08.28 17:09:59,scan_skipped_same_execution_bar,USDJPY,2025.08.28 16:45:00,0,
2025.08.28 17:19:59,scan_executed_new_execution_bar,USDJPY,2025.08.28 17:00:00,0,
2025.08.28 17:24:59,scan_skipped_same_execution_bar,USDJPY,2025.08.28 17:00:00,0,
2025.08.28 17:34:59,scan_executed_new_execution_bar,USDJPY,2025.08.28 17:15:00,16,
2025.08.28 17:39:59,scan_skipped_same_execution_bar,USDJPY,2025.08.28 17:15:00,0,
2025.08.28 17:50:00,scan_executed_new_execution_bar,USDJPY,2025.08.28 17:30:00,47,
2025.08.28 17:54:59,scan_skipped_same_execution_bar,USDJPY,2025.08.28 17:30:00,0,
2025.08.28 18:04:59,scan_executed_new_execution_bar,USDJPY,2025.08.28 17:45:00,16,
2025.08.28 18:09:59,scan_skipped_same_execution_bar,USDJPY,2025.08.28 17:45:00,0,
2025.08.28 18:19:59,scan_executed_new_execution_bar,USDJPY,2025.08.28 18:00:00,15,
2025.08.28 18:24:59,scan_skipped_same_execution_bar,USDJPY,2025.08.28 18:00:00,0,
2025.08.28 18:34:59,scan_executed_new_execution_bar,USDJPY,2025.08.28 18:15:00,32,
2025.08.28 18:39:59,scan_skipped_same_execution_bar,USDJPY,2025.08.28 18:15:00,0,
2025.08.28 18:45:00,scan_executed_new_execution_bar,USDJPY,2025.08.28 18:30:00,47,
2025.08.28 18:49:59,scan_skipped_same_execution_bar,USDJPY,2025.08.28 18:30:00,0,
2025.08.28 19:04:59,scan_executed_new_execution_bar,USDJPY,2025.08.28 18:45:00,15,
2025.08.28 19:09:59,scan_skipped_same_execution_bar,USDJPY,2025.08.28 18:45:00,0,
2025.08.28 19:19:59,scan_executed_new_execution_bar,USDJPY,2025.08.28 19:00:00,0,
2025.08.28 19:24:59,scan_skipped_same_execution_bar,USDJPY,2025.08.28 19:00:00,0,
2025.08.28 19:34:59,scan_executed_new_execution_bar,USDJPY,2025.08.28 19:15:00,16,
2025.08.28 19:39:59,scan_skipped_same_execution_bar,USDJPY,2025.08.28 19:15:00,0,
2025.08.28 19:49:59,scan_executed_new_execution_bar,USDJPY,2025.08.28 19:30:00,0,
2025.08.28 19:54:59,scan_skipped_same_execution_bar,USDJPY,2025.08.28 19:30:00,0,
2025.08.28 20:04:59,scan_executed_new_execution_bar,USDJPY,2025.08.28 19:45:00,0,
2025.08.28 20:09:59,scan_skipped_same_execution_bar,USDJPY,2025.08.28 19:45:00,0,
2025.08.28 20:19:59,scan_executed_new_execution_bar,USDJPY,2025.08.28 20:00:00,0,
2025.08.28 20:24:59,scan_skipped_same_execution_bar,USDJPY,2025.08.28 20:00:00,0,
2025.08.28 20:34:57,scan_executed_new_execution_bar,USDJPY,2025.08.28 20:15:00,16,
2025.08.28 20:39:59,scan_skipped_same_execution_bar,USDJPY,2025.08.28 20:15:00,0,
2025.08.28 20:49:59,scan_executed_new_execution_bar,USDJPY,2025.08.28 20:30:00,0,
2025.08.28 20:54:59,scan_skipped_same_execution_bar,USDJPY,2025.08.28 20:30:00,0,
2025.08.28 21:04:59,scan_executed_new_execution_bar,USDJPY,2025.08.28 20:45:00,0,
2025.08.28 21:09:59,scan_skipped_same_execution_bar,USDJPY,2025.08.28 20:45:00,0,
2025.08.28 21:19:59,scan_executed_new_execution_bar,USDJPY,2025.08.28 21:00:00,16,
2025.08.28 21:24:58,scan_skipped_same_execution_bar,USDJPY,2025.08.28 21:00:00,0,
2025.08.28 21:34:59,scan_executed_new_execution_bar,USDJPY,2025.08.28 21:15:00,0,
2025.08.28 21:39:59,scan_skipped_same_execution_bar,USDJPY,2025.08.28 21:15:00,0,
2025.08.28 21:49:59,scan_executed_new_execution_bar,USDJPY,2025.08.28 21:30:00,0,
2025.08.28 21:54:59,scan_skipped_same_execution_bar,USDJPY,2025.08.28 21:30:00,0,
2025.08.28 22:04:59,scan_executed_new_execution_bar,USDJPY,2025.08.28 21:45:00,0,
2025.08.28 22:09:59,scan_skipped_same_execution_bar,USDJPY,2025.08.28 21:45:00,0,
2025.08.28 22:19:59,scan_executed_new_execution_bar,USDJPY,2025.08.28 22:00:00,16,
2025.08.28 22:24:58,scan_skipped_same_execution_bar,USDJPY,2025.08.28 22:00:00,0,
2025.08.28 22:34:59,scan_executed_new_execution_bar,USDJPY,2025.08.28 22:15:00,15,
2025.08.28 22:39:59,scan_skipped_same_execution_bar,USDJPY,2025.08.28 22:15:00,0,
2025.08.28 22:49:59,scan_executed_new_execution_bar,USDJPY,2025.08.28 22:30:00,0,
2025.08.28 22:54:59,scan_skipped_same_execution_bar,USDJPY,2025.08.28 22:30:00,0,
2025.08.28 23:04:59,scan_executed_new_execution_bar,USDJPY,2025.08.28 22:45:00,0,
2025.08.28 23:09:59,scan_skipped_same_execution_bar,USDJPY,2025.08.28 22:45:00,0,
2025.08.28 23:19:59,scan_executed_new_execution_bar,USDJPY,2025.08.28 23:00:00,0,
2025.08.28 23:24:59,scan_skipped_same_execution_bar,USDJPY,2025.08.28 23:00:00,0,
2025.08.28 23:34:59,scan_executed_new_execution_bar,USDJPY,2025.08.28 23:15:00,0,
2025.08.28 23:40:00,scan_skipped_same_execution_bar,USDJPY,2025.08.28 23:15:00,0,
2025.08.28 23:49:57,scan_executed_new_execution_bar,USDJPY,2025.08.28 23:30:00,0,
2025.08.28 23:54:59,scan_skipped_same_execution_bar,USDJPY,2025.08.28 23:30:00,0,
2025.08.29 00:04:57,scan_executed_new_execution_bar,USDJPY,2025.08.28 23:45:00,0,
2025.08.29 00:09:49,scan_skipped_same_execution_bar,USDJPY,2025.08.28 23:45:00,0,
2025.08.29 00:19:58,scan_executed_new_execution_bar,USDJPY,2025.08.29 00:00:00,0,
2025.08.29 00:24:59,scan_skipped_same_execution_bar,USDJPY,2025.08.29 00:00:00,0,
2025.08.29 00:34:58,scan_executed_new_execution_bar,USDJPY,2025.08.29 00:15:00,0,
2025.08.29 00:39:59,scan_skipped_same_execution_bar,USDJPY,2025.08.29 00:15:00,0,
2025.08.29 00:49:59,scan_executed_new_execution_bar,USDJPY,2025.08.29 00:30:00,0,
2025.08.29 00:54:59,scan_skipped_same_execution_bar,USDJPY,2025.08.29 00:30:00,0,
2025.08.29 01:04:59,scan_executed_new_execution_bar,USDJPY,2025.08.29 00:45:00,0,
2025.08.29 01:09:59,scan_skipped_same_execution_bar,USDJPY,2025.08.29 00:45:00,0,
2025.08.29 01:19:59,scan_executed_new_execution_bar,USDJPY,2025.08.29 01:00:00,0,
2025.08.29 01:24:59,scan_skipped_same_execution_bar,USDJPY,2025.08.29 01:00:00,0,
2025.08.29 01:34:59,scan_executed_new_execution_bar,USDJPY,2025.08.29 01:15:00,0,
2025.08.29 01:39:59,scan_skipped_same_execution_bar,USDJPY,2025.08.29 01:15:00,0,
2025.08.29 01:49:58,scan_executed_new_execution_bar,USDJPY,2025.08.29 01:30:00,0,
2025.08.29 01:54:59,scan_skipped_same_execution_bar,USDJPY,2025.08.29 01:30:00,0,
2025.08.29 02:04:59,scan_executed_new_execution_bar,USDJPY,2025.08.29 01:45:00,0,
2025.08.29 02:09:57,scan_skipped_same_execution_bar,USDJPY,2025.08.29 01:45:00,0,
2025.08.29 02:19:58,scan_executed_new_execution_bar,USDJPY,2025.08.29 02:00:00,0,
2025.08.29 02:24:59,scan_skipped_same_execution_bar,USDJPY,2025.08.29 02:00:00,0,
2025.08.29 02:34:59,scan_executed_new_execution_bar,USDJPY,2025.08.29 02:15:00,0,
2025.08.29 02:39:59,scan_skipped_same_execution_bar,USDJPY,2025.08.29 02:15:00,0,
2025.08.29 02:49:59,scan_executed_new_execution_bar,USDJPY,2025.08.29 02:30:00,0,
2025.08.29 02:54:59,scan_skipped_same_execution_bar,USDJPY,2025.08.29 02:30:00,0,
2025.08.29 03:04:59,scan_executed_new_execution_bar,USDJPY,2025.08.29 02:45:00,0,
2025.08.29 03:09:59,scan_skipped_same_execution_bar,USDJPY,2025.08.29 02:45:00,0,
2025.08.29 03:19:59,scan_executed_new_execution_bar,USDJPY,2025.08.29 03:00:00,0,
2025.08.29 03:24:59,scan_skipped_same_execution_bar,USDJPY,2025.08.29 03:00:00,0,
2025.08.29 03:34:59,scan_executed_new_execution_bar,USDJPY,2025.08.29 03:15:00,16,
2025.08.29 03:39:58,scan_skipped_same_execution_bar,USDJPY,2025.08.29 03:15:00,0,
2025.08.29 03:49:59,scan_executed_new_execution_bar,USDJPY,2025.08.29 03:30:00,0,
2025.08.29 03:54:59,scan_skipped_same_execution_bar,USDJPY,2025.08.29 03:30:00,0,
2025.08.29 04:04:59,scan_executed_new_execution_bar,USDJPY,2025.08.29 03:45:00,0,
2025.08.29 04:09:59,scan_skipped_same_execution_bar,USDJPY,2025.08.29 03:45:00,0,
2025.08.29 04:19:59,scan_executed_new_execution_bar,USDJPY,2025.08.29 04:00:00,46,
2025.08.29 04:24:59,scan_skipped_same_execution_bar,USDJPY,2025.08.29 04:00:00,0,
2025.08.29 04:34:59,scan_executed_new_execution_bar,USDJPY,2025.08.29 04:15:00,0,
2025.08.29 04:39:59,scan_skipped_same_execution_bar,USDJPY,2025.08.29 04:15:00,0,
2025.08.29 04:49:59,scan_executed_new_execution_bar,USDJPY,2025.08.29 04:30:00,16,
2025.08.29 04:54:59,scan_skipped_same_execution_bar,USDJPY,2025.08.29 04:30:00,0,
2025.08.29 05:04:59,scan_executed_new_execution_bar,USDJPY,2025.08.29 04:45:00,0,
2025.08.29 05:10:00,scan_skipped_same_execution_bar,USDJPY,2025.08.29 04:45:00,0,
2025.08.29 05:19:59,scan_executed_new_execution_bar,USDJPY,2025.08.29 05:00:00,16,
2025.08.29 05:24:59,scan_skipped_same_execution_bar,USDJPY,2025.08.29 05:00:00,0,
2025.08.29 05:34:59,scan_executed_new_execution_bar,USDJPY,2025.08.29 05:15:00,16,
2025.08.29 05:39:59,scan_skipped_same_execution_bar,USDJPY,2025.08.29 05:15:00,0,
2025.08.29 05:49:58,scan_executed_new_execution_bar,USDJPY,2025.08.29 05:30:00,0,
2025.08.29 05:54:59,scan_skipped_same_execution_bar,USDJPY,2025.08.29 05:30:00,0,
2025.08.29 06:04:58,scan_executed_new_execution_bar,USDJPY,2025.08.29 05:45:00,31,
2025.08.29 06:09:59,scan_skipped_same_execution_bar,USDJPY,2025.08.29 05:45:00,0,
2025.08.29 06:19:59,scan_executed_new_execution_bar,USDJPY,2025.08.29 06:00:00,16,
2025.08.29 06:24:57,scan_skipped_same_execution_bar,USDJPY,2025.08.29 06:00:00,0,
2025.08.29 06:34:58,scan_executed_new_execution_bar,USDJPY,2025.08.29 06:15:00,0,
2025.08.29 06:39:59,scan_skipped_same_execution_bar,USDJPY,2025.08.29 06:15:00,0,
2025.08.29 06:49:59,scan_executed_new_execution_bar,USDJPY,2025.08.29 06:30:00,0,
2025.08.29 06:54:59,scan_skipped_same_execution_bar,USDJPY,2025.08.29 06:30:00,0,
2025.08.29 07:04:59,scan_executed_new_execution_bar,USDJPY,2025.08.29 06:45:00,0,
2025.08.29 07:09:59,scan_skipped_same_execution_bar,USDJPY,2025.08.29 06:45:00,0,
2025.08.29 07:19:59,scan_executed_new_execution_bar,USDJPY,2025.08.29 07:00:00,0,
2025.08.29 07:24:59,scan_skipped_same_execution_bar,USDJPY,2025.08.29 07:00:00,0,
2025.08.29 07:34:59,scan_executed_new_execution_bar,USDJPY,2025.08.29 07:15:00,16,
2025.08.29 07:39:59,scan_skipped_same_execution_bar,USDJPY,2025.08.29 07:15:00,0,
2025.08.29 07:49:59,scan_executed_new_execution_bar,USDJPY,2025.08.29 07:30:00,15,
2025.08.29 07:54:59,scan_skipped_same_execution_bar,USDJPY,2025.08.29 07:30:00,0,
2025.08.29 08:04:59,scan_executed_new_execution_bar,USDJPY,2025.08.29 07:45:00,0,
2025.08.29 08:09:59,scan_skipped_same_execution_bar,USDJPY,2025.08.29 07:45:00,0,
2025.08.29 08:19:59,scan_executed_new_execution_bar,USDJPY,2025.08.29 08:00:00,0,
2025.08.29 08:24:59,scan_skipped_same_execution_bar,USDJPY,2025.08.29 08:00:00,0,
2025.08.29 08:34:59,scan_executed_new_execution_bar,USDJPY,2025.08.29 08:15:00,0,
2025.08.29 08:39:59,scan_skipped_same_execution_bar,USDJPY,2025.08.29 08:15:00,0,
2025.08.29 08:49:57,scan_executed_new_execution_bar,USDJPY,2025.08.29 08:30:00,0,
2025.08.29 08:54:59,scan_skipped_same_execution_bar,USDJPY,2025.08.29 08:30:00,0,
2025.08.29 09:04:59,scan_executed_new_execution_bar,USDJPY,2025.08.29 08:45:00,0,
2025.08.29 09:09:59,scan_skipped_same_execution_bar,USDJPY,2025.08.29 08:45:00,0,
2025.08.29 09:19:58,scan_executed_new_execution_bar,USDJPY,2025.08.29 09:00:00,0,
2025.08.29 09:24:59,scan_skipped_same_execution_bar,USDJPY,2025.08.29 09:00:00,0,
2025.08.29 09:34:59,scan_executed_new_execution_bar,USDJPY,2025.08.29 09:15:00,0,
2025.08.29 09:39:58,scan_skipped_same_execution_bar,USDJPY,2025.08.29 09:15:00,0,
2025.08.29 09:49:59,scan_executed_new_execution_bar,USDJPY,2025.08.29 09:30:00,0,
2025.08.29 09:54:59,scan_skipped_same_execution_bar,USDJPY,2025.08.29 09:30:00,0,
2025.08.29 10:04:59,scan_executed_new_execution_bar,USDJPY,2025.08.29 09:45:00,0,
2025.08.29 10:09:59,scan_skipped_same_execution_bar,USDJPY,2025.08.29 09:45:00,0,
2025.08.29 10:19:59,scan_executed_new_execution_bar,USDJPY,2025.08.29 10:00:00,16,
2025.08.29 10:24:59,scan_skipped_same_execution_bar,USDJPY,2025.08.29 10:00:00,0,
2025.08.29 10:34:59,scan_executed_new_execution_bar,USDJPY,2025.08.29 10:15:00,15,
2025.08.29 10:39:59,scan_skipped_same_execution_bar,USDJPY,2025.08.29 10:15:00,0,
2025.08.29 10:49:59,scan_executed_new_execution_bar,USDJPY,2025.08.29 10:30:00,32,
2025.08.29 10:54:59,scan_skipped_same_execution_bar,USDJPY,2025.08.29 10:30:00,0,
2025.08.29 11:04:59,scan_executed_new_execution_bar,USDJPY,2025.08.29 10:45:00,15,
2025.08.29 11:09:59,scan_skipped_same_execution_bar,USDJPY,2025.08.29 10:45:00,0,
2025.08.29 11:19:58,scan_executed_new_execution_bar,USDJPY,2025.08.29 11:00:00,0,
2025.08.29 11:24:59,scan_skipped_same_execution_bar,USDJPY,2025.08.29 11:00:00,0,
2025.08.29 11:34:59,scan_executed_new_execution_bar,USDJPY,2025.08.29 11:15:00,0,
2025.08.29 11:39:59,scan_skipped_same_execution_bar,USDJPY,2025.08.29 11:15:00,0,
2025.08.29 11:49:58,scan_executed_new_execution_bar,USDJPY,2025.08.29 11:30:00,0,
2025.08.29 11:54:59,scan_skipped_same_execution_bar,USDJPY,2025.08.29 11:30:00,0,
2025.08.29 12:04:59,scan_executed_new_execution_bar,USDJPY,2025.08.29 11:45:00,0,
2025.08.29 12:09:59,scan_skipped_same_execution_bar,USDJPY,2025.08.29 11:45:00,0,
2025.08.29 12:19:59,scan_executed_new_execution_bar,USDJPY,2025.08.29 12:00:00,0,
2025.08.29 12:24:59,scan_skipped_same_execution_bar,USDJPY,2025.08.29 12:00:00,0,
2025.08.29 12:34:59,scan_executed_new_execution_bar,USDJPY,2025.08.29 12:15:00,0,
2025.08.29 12:39:59,scan_skipped_same_execution_bar,USDJPY,2025.08.29 12:15:00,0,
2025.08.29 12:49:59,scan_executed_new_execution_bar,USDJPY,2025.08.29 12:30:00,0,
2025.08.29 12:54:59,scan_skipped_same_execution_bar,USDJPY,2025.08.29 12:30:00,0,
2025.08.29 13:04:58,scan_executed_new_execution_bar,USDJPY,2025.08.29 12:45:00,0,
2025.08.29 13:09:59,scan_skipped_same_execution_bar,USDJPY,2025.08.29 12:45:00,0,
2025.08.29 13:19:59,scan_executed_new_execution_bar,USDJPY,2025.08.29 13:00:00,0,
2025.08.29 13:24:59,scan_skipped_same_execution_bar,USDJPY,2025.08.29 13:00:00,0,
2025.08.29 13:34:59,scan_executed_new_execution_bar,USDJPY,2025.08.29 13:15:00,0,
2025.08.29 13:39:59,scan_skipped_same_execution_bar,USDJPY,2025.08.29 13:15:00,0,
2025.08.29 13:49:59,scan_executed_new_execution_bar,USDJPY,2025.08.29 13:30:00,0,
2025.08.29 13:54:59,scan_skipped_same_execution_bar,USDJPY,2025.08.29 13:30:00,0,
2025.08.29 14:04:58,scan_executed_new_execution_bar,USDJPY,2025.08.29 13:45:00,0,
2025.08.29 14:09:59,scan_skipped_same_execution_bar,USDJPY,2025.08.29 13:45:00,0,
2025.08.29 14:19:59,scan_executed_new_execution_bar,USDJPY,2025.08.29 14:00:00,0,
2025.08.29 14:24:59,scan_skipped_same_execution_bar,USDJPY,2025.08.29 14:00:00,0,
2025.08.29 14:34:58,scan_executed_new_execution_bar,USDJPY,2025.08.29 14:15:00,0,
2025.08.29 14:39:59,scan_skipped_same_execution_bar,USDJPY,2025.08.29 14:15:00,0,
2025.08.29 14:49:59,scan_executed_new_execution_bar,USDJPY,2025.08.29 14:30:00,0,
2025.08.29 14:54:59,scan_skipped_same_execution_bar,USDJPY,2025.08.29 14:30:00,0,
2025.08.29 15:04:59,scan_executed_new_execution_bar,USDJPY,2025.08.29 14:45:00,0,
2025.08.29 15:09:59,scan_skipped_same_execution_bar,USDJPY,2025.08.29 14:45:00,0,
2025.08.29 15:19:59,scan_executed_new_execution_bar,USDJPY,2025.08.29 15:00:00,0,
2025.08.29 15:24:59,scan_skipped_same_execution_bar,USDJPY,2025.08.29 15:00:00,0,
2025.08.29 15:34:59,scan_executed_new_execution_bar,USDJPY,2025.08.29 15:15:00,0,
2025.08.29 15:39:59,scan_skipped_same_execution_bar,USDJPY,2025.08.29 15:15:00,0,
2025.08.29 15:49:59,scan_executed_new_execution_bar,USDJPY,2025.08.29 15:30:00,0,
2025.08.29 15:54:59,scan_skipped_same_execution_bar,USDJPY,2025.08.29 15:30:00,0,
2025.08.29 16:04:59,scan_executed_new_execution_bar,USDJPY,2025.08.29 15:45:00,0,
2025.08.29 16:09:59,scan_skipped_same_execution_bar,USDJPY,2025.08.29 15:45:00,0,
2025.08.29 16:19:59,scan_executed_new_execution_bar,USDJPY,2025.08.29 16:00:00,0,
2025.08.29 16:24:59,scan_skipped_same_execution_bar,USDJPY,2025.08.29 16:00:00,0,
2025.08.29 16:34:58,scan_executed_new_execution_bar,USDJPY,2025.08.29 16:15:00,0,
2025.08.29 16:39:59,scan_skipped_same_execution_bar,USDJPY,2025.08.29 16:15:00,0,
2025.08.29 16:49:59,scan_executed_new_execution_bar,USDJPY,2025.08.29 16:30:00,0,
2025.08.29 16:54:59,scan_skipped_same_execution_bar,USDJPY,2025.08.29 16:30:00,0,
2025.08.29 17:04:59,scan_executed_new_execution_bar,USDJPY,2025.08.29 16:45:00,16,
2025.08.29 17:09:59,scan_skipped_same_execution_bar,USDJPY,2025.08.29 16:45:00,0,
2025.08.29 17:19:59,scan_executed_new_execution_bar,USDJPY,2025.08.29 17:00:00,0,
2025.08.29 17:24:58,scan_skipped_same_execution_bar,USDJPY,2025.08.29 17:00:00,0,
2025.08.29 17:34:59,scan_executed_new_execution_bar,USDJPY,2025.08.29 17:15:00,0,
2025.08.29 17:39:59,scan_skipped_same_execution_bar,USDJPY,2025.08.29 17:15:00,0,
2025.08.29 17:49:59,scan_executed_new_execution_bar,USDJPY,2025.08.29 17:30:00,0,
2025.08.29 17:54:59,scan_skipped_same_execution_bar,USDJPY,2025.08.29 17:30:00,0,
2025.08.29 18:04:59,scan_executed_new_execution_bar,USDJPY,2025.08.29 17:45:00,0,
2025.08.29 18:09:59,scan_skipped_same_execution_bar,USDJPY,2025.08.29 17:45:00,0,
2025.08.29 18:19:59,scan_executed_new_execution_bar,USDJPY,2025.08.29 18:00:00,31,
2025.08.29 18:24:59,scan_skipped_same_execution_bar,USDJPY,2025.08.29 18:00:00,0,
2025.08.29 18:34:59,scan_executed_new_execution_bar,USDJPY,2025.08.29 18:15:00,0,
2025.08.29 18:39:59,scan_skipped_same_execution_bar,USDJPY,2025.08.29 18:15:00,0,
2025.08.29 18:49:59,scan_executed_new_execution_bar,USDJPY,2025.08.29 18:30:00,15,
2025.08.29 18:54:59,scan_skipped_same_execution_bar,USDJPY,2025.08.29 18:30:00,0,
2025.08.29 19:04:58,scan_executed_new_execution_bar,USDJPY,2025.08.29 18:45:00,32,
2025.08.29 19:09:59,scan_skipped_same_execution_bar,USDJPY,2025.08.29 18:45:00,0,
2025.08.29 19:19:59,scan_executed_new_execution_bar,USDJPY,2025.08.29 19:00:00,0,
2025.08.29 19:24:59,scan_skipped_same_execution_bar,USDJPY,2025.08.29 19:00:00,0,
2025.08.29 19:34:59,scan_executed_new_execution_bar,USDJPY,2025.08.29 19:15:00,31,
2025.08.29 19:39:59,scan_skipped_same_execution_bar,USDJPY,2025.08.29 19:15:00,0,
2025.08.29 19:49:59,scan_executed_new_execution_bar,USDJPY,2025.08.29 19:30:00,0,
2025.08.29 19:54:59,scan_skipped_same_execution_bar,USDJPY,2025.08.29 19:30:00,0,
2025.08.29 20:04:59,scan_executed_new_execution_bar,USDJPY,2025.08.29 19:45:00,0,
2025.08.29 20:09:59,scan_skipped_same_execution_bar,USDJPY,2025.08.29 19:45:00,0,
2025.08.29 20:19:59,scan_executed_new_execution_bar,USDJPY,2025.08.29 20:00:00,47,
2025.08.29 20:24:58,scan_skipped_same_execution_bar,USDJPY,2025.08.29 20:00:00,0,
2025.08.29 20:34:58,scan_executed_new_execution_bar,USDJPY,2025.08.29 20:15:00,16,
2025.08.29 20:39:59,scan_skipped_same_execution_bar,USDJPY,2025.08.29 20:15:00,0,
2025.08.29 20:49:59,scan_executed_new_execution_bar,USDJPY,2025.08.29 20:30:00,0,
2025.08.29 20:54:58,scan_skipped_same_execution_bar,USDJPY,2025.08.29 20:30:00,0,
2025.08.29 21:04:58,scan_executed_new_execution_bar,USDJPY,2025.08.29 20:45:00,16,
2025.08.29 21:09:59,scan_skipped_same_execution_bar,USDJPY,2025.08.29 20:45:00,0,
2025.08.29 21:19:59,scan_executed_new_execution_bar,USDJPY,2025.08.29 21:00:00,15,
2025.08.29 21:24:59,scan_skipped_same_execution_bar,USDJPY,2025.08.29 21:00:00,0,
2025.08.29 21:34:59,scan_executed_new_execution_bar,USDJPY,2025.08.29 21:15:00,16,
2025.08.29 21:39:59,scan_skipped_same_execution_bar,USDJPY,2025.08.29 21:15:00,0,
2025.08.29 21:49:59,scan_executed_new_execution_bar,USDJPY,2025.08.29 21:30:00,0,
2025.08.29 21:54:59,scan_skipped_same_execution_bar,USDJPY,2025.08.29 21:30:00,0,
2025.08.29 22:04:59,scan_executed_new_execution_bar,USDJPY,2025.08.29 21:45:00,0,
2025.08.29 22:09:59,scan_skipped_same_execution_bar,USDJPY,2025.08.29 21:45:00,0,
2025.08.29 22:19:55,scan_executed_new_execution_bar,USDJPY,2025.08.29 22:00:00,32,
2025.08.29 22:24:59,scan_skipped_same_execution_bar,USDJPY,2025.08.29 22:00:00,0,
2025.08.29 22:35:00,scan_executed_new_execution_bar,USDJPY,2025.08.29 22:15:00,0,
2025.08.29 22:39:58,scan_skipped_same_execution_bar,USDJPY,2025.08.29 22:15:00,0,
2025.08.29 22:49:59,scan_executed_new_execution_bar,USDJPY,2025.08.29 22:30:00,0,
2025.08.29 22:54:59,scan_skipped_same_execution_bar,USDJPY,2025.08.29 22:30:00,0,
2025.08.29 23:04:59,scan_executed_new_execution_bar,USDJPY,2025.08.29 22:45:00,15,
2025.08.29 23:09:50,scan_skipped_same_execution_bar,USDJPY,2025.08.29 22:45:00,0,
2025.08.29 23:19:58,scan_executed_new_execution_bar,USDJPY,2025.08.29 23:00:00,16,
2025.08.29 23:24:56,scan_skipped_same_execution_bar,USDJPY,2025.08.29 23:00:00,0,
2025.08.29 23:34:58,scan_executed_new_execution_bar,USDJPY,2025.08.29 23:15:00,0,
2025.08.29 23:39:55,scan_skipped_same_execution_bar,USDJPY,2025.08.29 23:15:00,0,
2025.08.29 23:49:59,scan_executed_new_execution_bar,USDJPY,2025.08.29 23:30:00,0,
2025.08.29 23:54:59,scan_skipped_same_execution_bar,USDJPY,2025.08.29 23:30:00,0,
2025.09.01 00:04:54,scan_executed_new_execution_bar,USDJPY,2025.08.29 23:45:00,0,
2025.09.01 00:09:58,scan_skipped_same_execution_bar,USDJPY,2025.08.29 23:45:00,0,
2025.09.01 00:19:57,scan_executed_new_execution_bar,USDJPY,2025.09.01 00:00:00,0,
2025.09.01 00:24:57,scan_skipped_same_execution_bar,USDJPY,2025.09.01 00:00:00,0,
2025.09.01 00:34:59,scan_executed_new_execution_bar,USDJPY,2025.09.01 00:15:00,0,
2025.09.01 00:39:57,scan_skipped_same_execution_bar,USDJPY,2025.09.01 00:15:00,0,
2025.09.01 00:49:59,scan_executed_new_execution_bar,USDJPY,2025.09.01 00:30:00,0,
2025.09.01 00:54:59,scan_skipped_same_execution_bar,USDJPY,2025.09.01 00:30:00,0,
2025.09.01 01:04:56,scan_executed_new_execution_bar,USDJPY,2025.09.01 00:45:00,0,
2025.09.01 01:09:48,scan_skipped_same_execution_bar,USDJPY,2025.09.01 00:45:00,0,
2025.09.01 01:19:59,scan_executed_new_execution_bar,USDJPY,2025.09.01 01:00:00,0,
2025.09.01 01:24:52,scan_skipped_same_execution_bar,USDJPY,2025.09.01 01:00:00,0,
2025.09.01 01:34:58,scan_executed_new_execution_bar,USDJPY,2025.09.01 01:15:00,0,
2025.09.01 01:39:54,scan_skipped_same_execution_bar,USDJPY,2025.09.01 01:15:00,0,
2025.09.01 01:49:58,scan_executed_new_execution_bar,USDJPY,2025.09.01 01:30:00,0,
2025.09.01 01:54:59,scan_skipped_same_execution_bar,USDJPY,2025.09.01 01:30:00,0,
2025.09.01 02:04:59,scan_executed_new_execution_bar,USDJPY,2025.09.01 01:45:00,0,
2025.09.01 02:09:59,scan_skipped_same_execution_bar,USDJPY,2025.09.01 01:45:00,0,
2025.09.01 02:19:59,scan_executed_new_execution_bar,USDJPY,2025.09.01 02:00:00,0,
2025.09.01 02:24:58,scan_skipped_same_execution_bar,USDJPY,2025.09.01 02:00:00,0,
2025.09.01 02:34:57,scan_executed_new_execution_bar,USDJPY,2025.09.01 02:15:00,0,
2025.09.01 02:39:58,scan_skipped_same_execution_bar,USDJPY,2025.09.01 02:15:00,0,
2025.09.01 02:49:59,scan_executed_new_execution_bar,USDJPY,2025.09.01 02:30:00,15,
2025.09.01 02:54:59,scan_skipped_same_execution_bar,USDJPY,2025.09.01 02:30:00,0,
2025.09.01 03:04:59,scan_executed_new_execution_bar,USDJPY,2025.09.01 02:45:00,0,
2025.09.01 03:09:59,scan_skipped_same_execution_bar,USDJPY,2025.09.01 02:45:00,0,
2025.09.01 03:19:59,scan_executed_new_execution_bar,USDJPY,2025.09.01 03:00:00,0,
2025.09.01 03:24:59,scan_skipped_same_execution_bar,USDJPY,2025.09.01 03:00:00,0,
2025.09.01 03:34:59,scan_executed_new_execution_bar,USDJPY,2025.09.01 03:15:00,0,
2025.09.01 03:39:59,scan_skipped_same_execution_bar,USDJPY,2025.09.01 03:15:00,0,
2025.09.01 03:49:59,scan_executed_new_execution_bar,USDJPY,2025.09.01 03:30:00,0,
2025.09.01 03:54:59,scan_skipped_same_execution_bar,USDJPY,2025.09.01 03:30:00,0,
2025.09.01 04:04:59,scan_executed_new_execution_bar,USDJPY,2025.09.01 03:45:00,0,
2025.09.01 04:09:58,scan_skipped_same_execution_bar,USDJPY,2025.09.01 03:45:00,0,
2025.09.01 04:19:59,scan_executed_new_execution_bar,USDJPY,2025.09.01 04:00:00,16,
2025.09.01 04:24:59,scan_skipped_same_execution_bar,USDJPY,2025.09.01 04:00:00,0,
2025.09.01 04:34:59,scan_executed_new_execution_bar,USDJPY,2025.09.01 04:15:00,0,
2025.09.01 04:39:59,scan_skipped_same_execution_bar,USDJPY,2025.09.01 04:15:00,0,
2025.09.01 04:49:59,scan_executed_new_execution_bar,USDJPY,2025.09.01 04:30:00,0,
2025.09.01 04:54:59,scan_skipped_same_execution_bar,USDJPY,2025.09.01 04:30:00,0,
2025.09.01 05:04:59,scan_executed_new_execution_bar,USDJPY,2025.09.01 04:45:00,16,
2025.09.01 05:09:59,scan_skipped_same_execution_bar,USDJPY,2025.09.01 04:45:00,0,
2025.09.01 05:19:59,scan_executed_new_execution_bar,USDJPY,2025.09.01 05:00:00,15,
2025.09.01 05:24:59,scan_skipped_same_execution_bar,USDJPY,2025.09.01 05:00:00,0,
2025.09.01 05:34:59,scan_executed_new_execution_bar,USDJPY,2025.09.01 05:15:00,0,
2025.09.01 05:40:00,scan_skipped_same_execution_bar,USDJPY,2025.09.01 05:15:00,0,
2025.09.01 05:49:59,scan_executed_new_execution_bar,USDJPY,2025.09.01 05:30:00,0,
2025.09.01 05:54:58,scan_skipped_same_execution_bar,USDJPY,2025.09.01 05:30:00,0,
2025.09.01 06:04:59,scan_executed_new_execution_bar,USDJPY,2025.09.01 05:45:00,0,
2025.09.01 06:09:53,scan_skipped_same_execution_bar,USDJPY,2025.09.01 05:45:00,0,
2025.09.01 06:19:59,scan_executed_new_execution_bar,USDJPY,2025.09.01 06:00:00,0,
2025.09.01 06:24:59,scan_skipped_same_execution_bar,USDJPY,2025.09.01 06:00:00,0,
2025.09.01 06:34:59,scan_executed_new_execution_bar,USDJPY,2025.09.01 06:15:00,16,
2025.09.01 06:39:55,scan_skipped_same_execution_bar,USDJPY,2025.09.01 06:15:00,0,
2025.09.01 06:49:58,scan_executed_new_execution_bar,USDJPY,2025.09.01 06:30:00,0,
2025.09.01 06:54:59,scan_skipped_same_execution_bar,USDJPY,2025.09.01 06:30:00,0,
2025.09.01 07:04:59,scan_executed_new_execution_bar,USDJPY,2025.09.01 06:45:00,0,
2025.09.01 07:09:59,scan_skipped_same_execution_bar,USDJPY,2025.09.01 06:45:00,0,
2025.09.01 07:19:59,scan_executed_new_execution_bar,USDJPY,2025.09.01 07:00:00,0,
2025.09.01 07:24:59,scan_skipped_same_execution_bar,USDJPY,2025.09.01 07:00:00,0,
2025.09.01 07:34:59,scan_executed_new_execution_bar,USDJPY,2025.09.01 07:15:00,0,
2025.09.01 07:39:58,scan_skipped_same_execution_bar,USDJPY,2025.09.01 07:15:00,0,
2025.09.01 07:49:59,scan_executed_new_execution_bar,USDJPY,2025.09.01 07:30:00,0,
2025.09.01 07:54:59,scan_skipped_same_execution_bar,USDJPY,2025.09.01 07:30:00,0,
2025.09.01 08:04:59,scan_executed_new_execution_bar,USDJPY,2025.09.01 07:45:00,15,
2025.09.01 08:09:59,scan_skipped_same_execution_bar,USDJPY,2025.09.01 07:45:00,0,
2025.09.01 08:19:59,scan_executed_new_execution_bar,USDJPY,2025.09.01 08:00:00,0,
2025.09.01 08:24:59,scan_skipped_same_execution_bar,USDJPY,2025.09.01 08:00:00,0,
2025.09.01 08:34:59,scan_executed_new_execution_bar,USDJPY,2025.09.01 08:15:00,0,
2025.09.01 08:39:59,scan_skipped_same_execution_bar,USDJPY,2025.09.01 08:15:00,0,
2025.09.01 08:49:59,scan_executed_new_execution_bar,USDJPY,2025.09.01 08:30:00,0,
2025.09.01 08:54:59,scan_skipped_same_execution_bar,USDJPY,2025.09.01 08:30:00,0,
2025.09.01 09:04:59,scan_executed_new_execution_bar,USDJPY,2025.09.01 08:45:00,0,
2025.09.01 09:09:59,scan_skipped_same_execution_bar,USDJPY,2025.09.01 08:45:00,0,
2025.09.01 09:20:00,scan_executed_new_execution_bar,USDJPY,2025.09.01 09:00:00,0,
2025.09.01 09:24:58,scan_skipped_same_execution_bar,USDJPY,2025.09.01 09:00:00,0,
2025.09.01 09:34:59,scan_executed_new_execution_bar,USDJPY,2025.09.01 09:15:00,0,
2025.09.01 09:39:59,scan_skipped_same_execution_bar,USDJPY,2025.09.01 09:15:00,0,
2025.09.01 09:49:59,scan_executed_new_execution_bar,USDJPY,2025.09.01 09:30:00,0,
2025.09.01 09:54:59,scan_skipped_same_execution_bar,USDJPY,2025.09.01 09:30:00,0,
2025.09.01 10:04:59,scan_executed_new_execution_bar,USDJPY,2025.09.01 09:45:00,15,
2025.09.01 10:09:59,scan_skipped_same_execution_bar,USDJPY,2025.09.01 09:45:00,0,
2025.09.01 10:19:59,scan_executed_new_execution_bar,USDJPY,2025.09.01 10:00:00,0,
2025.09.01 10:24:59,scan_skipped_same_execution_bar,USDJPY,2025.09.01 10:00:00,0,
2025.09.01 10:34:59,scan_executed_new_execution_bar,USDJPY,2025.09.01 10:15:00,0,
2025.09.01 10:39:59,scan_skipped_same_execution_bar,USDJPY,2025.09.01 10:15:00,0,
2025.09.01 10:49:59,scan_executed_new_execution_bar,USDJPY,2025.09.01 10:30:00,0,
2025.09.01 10:54:59,scan_skipped_same_execution_bar,USDJPY,2025.09.01 10:30:00,0,
2025.09.01 11:04:59,scan_executed_new_execution_bar,USDJPY,2025.09.01 10:45:00,0,
2025.09.01 11:09:59,scan_skipped_same_execution_bar,USDJPY,2025.09.01 10:45:00,0,
2025.09.01 11:19:59,scan_executed_new_execution_bar,USDJPY,2025.09.01 11:00:00,0,
2025.09.01 11:24:59,scan_skipped_same_execution_bar,USDJPY,2025.09.01 11:00:00,0,
2025.09.01 11:34:59,scan_executed_new_execution_bar,USDJPY,2025.09.01 11:15:00,0,
2025.09.01 11:39:59,scan_skipped_same_execution_bar,USDJPY,2025.09.01 11:15:00,0,
2025.09.01 11:49:59,scan_executed_new_execution_bar,USDJPY,2025.09.01 11:30:00,0,
2025.09.01 11:54:59,scan_skipped_same_execution_bar,USDJPY,2025.09.01 11:30:00,0,
2025.09.01 12:04:59,scan_executed_new_execution_bar,USDJPY,2025.09.01 11:45:00,0,
2025.09.01 12:09:59,scan_skipped_same_execution_bar,USDJPY,2025.09.01 11:45:00,0,
2025.09.01 12:19:59,scan_executed_new_execution_bar,USDJPY,2025.09.01 12:00:00,16,
2025.09.01 12:24:58,scan_skipped_same_execution_bar,USDJPY,2025.09.01 12:00:00,0,
2025.09.01 12:34:59,scan_executed_new_execution_bar,USDJPY,2025.09.01 12:15:00,15,
2025.09.01 12:39:59,scan_skipped_same_execution_bar,USDJPY,2025.09.01 12:15:00,0,
2025.09.01 12:49:59,scan_executed_new_execution_bar,USDJPY,2025.09.01 12:30:00,0,
2025.09.01 12:54:59,scan_skipped_same_execution_bar,USDJPY,2025.09.01 12:30:00,0,
2025.09.01 13:04:59,scan_executed_new_execution_bar,USDJPY,2025.09.01 12:45:00,15,
2025.09.01 13:09:59,scan_skipped_same_execution_bar,USDJPY,2025.09.01 12:45:00,0,
2025.09.01 13:19:59,scan_executed_new_execution_bar,USDJPY,2025.09.01 13:00:00,0,
2025.09.01 13:24:59,scan_skipped_same_execution_bar,USDJPY,2025.09.01 13:00:00,0,
2025.09.01 13:34:59,scan_executed_new_execution_bar,USDJPY,2025.09.01 13:15:00,0,
2025.09.01 13:39:59,scan_skipped_same_execution_bar,USDJPY,2025.09.01 13:15:00,0,
2025.09.01 13:49:59,scan_executed_new_execution_bar,USDJPY,2025.09.01 13:30:00,0,
2025.09.01 13:54:59,scan_skipped_same_execution_bar,USDJPY,2025.09.01 13:30:00,0,
2025.09.01 14:04:59,scan_executed_new_execution_bar,USDJPY,2025.09.01 13:45:00,16,
2025.09.01 14:09:56,scan_skipped_same_execution_bar,USDJPY,2025.09.01 13:45:00,0,
2025.09.01 14:19:59,scan_executed_new_execution_bar,USDJPY,2025.09.01 14:00:00,0,
2025.09.01 14:24:59,scan_skipped_same_execution_bar,USDJPY,2025.09.01 14:00:00,0,
2025.09.01 14:34:59,scan_executed_new_execution_bar,USDJPY,2025.09.01 14:15:00,0,
2025.09.01 14:39:59,scan_skipped_same_execution_bar,USDJPY,2025.09.01 14:15:00,0,
2025.09.01 14:49:59,scan_executed_new_execution_bar,USDJPY,2025.09.01 14:30:00,0,
2025.09.01 14:54:59,scan_skipped_same_execution_bar,USDJPY,2025.09.01 14:30:00,0,
2025.09.01 15:04:59,scan_executed_new_execution_bar,USDJPY,2025.09.01 14:45:00,0,
2025.09.01 15:09:59,scan_skipped_same_execution_bar,USDJPY,2025.09.01 14:45:00,0,
2025.09.01 15:19:59,scan_executed_new_execution_bar,USDJPY,2025.09.01 15:00:00,0,
2025.09.01 15:24:59,scan_skipped_same_execution_bar,USDJPY,2025.09.01 15:00:00,0,
2025.09.01 15:34:59,scan_executed_new_execution_bar,USDJPY,2025.09.01 15:15:00,0,
2025.09.01 15:39:59,scan_skipped_same_execution_bar,USDJPY,2025.09.01 15:15:00,0,
2025.09.01 15:49:59,scan_executed_new_execution_bar,USDJPY,2025.09.01 15:30:00,0,
2025.09.01 15:54:59,scan_skipped_same_execution_bar,USDJPY,2025.09.01 15:30:00,0,
2025.09.01 16:04:58,scan_executed_new_execution_bar,USDJPY,2025.09.01 15:45:00,0,
2025.09.01 16:09:59,scan_skipped_same_execution_bar,USDJPY,2025.09.01 15:45:00,0,
2025.09.01 16:19:59,scan_executed_new_execution_bar,USDJPY,2025.09.01 16:00:00,0,
2025.09.01 16:24:59,scan_skipped_same_execution_bar,USDJPY,2025.09.01 16:00:00,0,
2025.09.01 16:34:59,scan_executed_new_execution_bar,USDJPY,2025.09.01 16:15:00,15,
2025.09.01 16:39:59,scan_skipped_same_execution_bar,USDJPY,2025.09.01 16:15:00,0,
2025.09.01 16:49:59,scan_executed_new_execution_bar,USDJPY,2025.09.01 16:30:00,0,
2025.09.01 16:54:59,scan_skipped_same_execution_bar,USDJPY,2025.09.01 16:30:00,0,
2025.09.01 17:04:59,scan_executed_new_execution_bar,USDJPY,2025.09.01 16:45:00,0,
2025.09.01 17:09:59,scan_skipped_same_execution_bar,USDJPY,2025.09.01 16:45:00,0,
2025.09.01 17:19:58,scan_executed_new_execution_bar,USDJPY,2025.09.01 17:00:00,0,
2025.09.01 17:24:59,scan_skipped_same_execution_bar,USDJPY,2025.09.01 17:00:00,0,
2025.09.01 17:34:59,scan_executed_new_execution_bar,USDJPY,2025.09.01 17:15:00,0,
2025.09.01 17:39:59,scan_skipped_same_execution_bar,USDJPY,2025.09.01 17:15:00,0,
2025.09.01 17:49:59,scan_executed_new_execution_bar,USDJPY,2025.09.01 17:30:00,0,
2025.09.01 17:54:59,scan_skipped_same_execution_bar,USDJPY,2025.09.01 17:30:00,0,
2025.09.01 18:04:59,scan_executed_new_execution_bar,USDJPY,2025.09.01 17:45:00,0,
2025.09.01 18:09:59,scan_skipped_same_execution_bar,USDJPY,2025.09.01 17:45:00,0,
2025.09.01 18:19:59,scan_executed_new_execution_bar,USDJPY,2025.09.01 18:00:00,0,
2025.09.01 18:24:59,scan_skipped_same_execution_bar,USDJPY,2025.09.01 18:00:00,0,
2025.09.01 18:34:59,scan_executed_new_execution_bar,USDJPY,2025.09.01 18:15:00,0,
2025.09.01 18:39:59,scan_skipped_same_execution_bar,USDJPY,2025.09.01 18:15:00,0,
2025.09.01 18:49:59,scan_executed_new_execution_bar,USDJPY,2025.09.01 18:30:00,0,
2025.09.01 18:54:58,scan_skipped_same_execution_bar,USDJPY,2025.09.01 18:30:00,0,
2025.09.01 19:04:59,scan_executed_new_execution_bar,USDJPY,2025.09.01 18:45:00,0,
2025.09.01 19:09:58,scan_skipped_same_execution_bar,USDJPY,2025.09.01 18:45:00,0,
2025.09.01 19:19:59,scan_executed_new_execution_bar,USDJPY,2025.09.01 19:00:00,0,
2025.09.01 19:24:59,scan_skipped_same_execution_bar,USDJPY,2025.09.01 19:00:00,0,
2025.09.01 19:34:59,scan_executed_new_execution_bar,USDJPY,2025.09.01 19:15:00,0,
2025.09.01 19:39:59,scan_skipped_same_execution_bar,USDJPY,2025.09.01 19:15:00,0,
2025.09.01 19:49:59,scan_executed_new_execution_bar,USDJPY,2025.09.01 19:30:00,0,
2025.09.01 19:54:57,scan_skipped_same_execution_bar,USDJPY,2025.09.01 19:30:00,0,
2025.09.01 20:04:59,scan_executed_new_execution_bar,USDJPY,2025.09.01 19:45:00,0,
2025.09.01 20:09:59,scan_skipped_same_execution_bar,USDJPY,2025.09.01 19:45:00,0,
2025.09.01 20:19:59,scan_executed_new_execution_bar,USDJPY,2025.09.01 20:00:00,0,
2025.09.01 20:24:59,scan_skipped_same_execution_bar,USDJPY,2025.09.01 20:00:00,0,
2025.09.01 20:34:59,scan_executed_new_execution_bar,USDJPY,2025.09.01 20:15:00,0,
2025.09.01 20:39:59,scan_skipped_same_execution_bar,USDJPY,2025.09.01 20:15:00,0,
2025.09.01 20:49:54,scan_executed_new_execution_bar,USDJPY,2025.09.01 20:30:00,0,
2025.09.01 20:54:59,scan_skipped_same_execution_bar,USDJPY,2025.09.01 20:30:00,0,
2025.09.01 21:04:59,scan_executed_new_execution_bar,USDJPY,2025.09.01 20:45:00,0,
2025.09.01 21:09:59,scan_skipped_same_execution_bar,USDJPY,2025.09.01 20:45:00,0,
2025.09.01 21:19:58,scan_executed_new_execution_bar,USDJPY,2025.09.01 21:00:00,0,
2025.09.01 21:24:59,scan_skipped_same_execution_bar,USDJPY,2025.09.01 21:00:00,0,
2025.09.01 21:34:59,scan_executed_new_execution_bar,USDJPY,2025.09.01 21:15:00,0,
2025.09.01 21:39:59,scan_skipped_same_execution_bar,USDJPY,2025.09.01 21:15:00,0,
2025.09.01 21:49:59,scan_executed_new_execution_bar,USDJPY,2025.09.01 21:30:00,0,
2025.09.01 21:54:51,scan_skipped_same_execution_bar,USDJPY,2025.09.01 21:30:00,0,
2025.09.01 22:04:59,scan_executed_new_execution_bar,USDJPY,2025.09.01 21:45:00,0,
2025.09.01 22:09:59,scan_skipped_same_execution_bar,USDJPY,2025.09.01 21:45:00,0,
2025.09.01 22:19:58,scan_executed_new_execution_bar,USDJPY,2025.09.01 22:00:00,0,
2025.09.01 22:24:57,scan_skipped_same_execution_bar,USDJPY,2025.09.01 22:00:00,0,
2025.09.01 22:34:58,scan_executed_new_execution_bar,USDJPY,2025.09.01 22:15:00,0,
2025.09.01 22:39:59,scan_skipped_same_execution_bar,USDJPY,2025.09.01 22:15:00,0,
2025.09.01 22:49:59,scan_executed_new_execution_bar,USDJPY,2025.09.01 22:30:00,0,
2025.09.01 22:54:56,scan_skipped_same_execution_bar,USDJPY,2025.09.01 22:30:00,0,
2025.09.01 23:04:57,scan_executed_new_execution_bar,USDJPY,2025.09.01 22:45:00,0,
2025.09.01 23:09:59,scan_skipped_same_execution_bar,USDJPY,2025.09.01 22:45:00,0,
2025.09.01 23:19:56,scan_executed_new_execution_bar,USDJPY,2025.09.01 23:00:00,0,
2025.09.01 23:24:58,scan_skipped_same_execution_bar,USDJPY,2025.09.01 23:00:00,0,
2025.09.01 23:34:58,scan_executed_new_execution_bar,USDJPY,2025.09.01 23:15:00,0,
2025.09.01 23:39:58,scan_skipped_same_execution_bar,USDJPY,2025.09.01 23:15:00,0,
2025.09.01 23:49:57,scan_executed_new_execution_bar,USDJPY,2025.09.01 23:30:00,0,
2025.09.01 23:54:57,scan_skipped_same_execution_bar,USDJPY,2025.09.01 23:30:00,0,
2025.09.02 00:04:50,scan_executed_new_execution_bar,USDJPY,2025.09.01 23:45:00,0,
2025.09.02 00:09:58,scan_skipped_same_execution_bar,USDJPY,2025.09.01 23:45:00,0,
2025.09.02 00:19:57,scan_executed_new_execution_bar,USDJPY,2025.09.02 00:00:00,0,
2025.09.02 00:24:56,scan_skipped_same_execution_bar,USDJPY,2025.09.02 00:00:00,0,
2025.09.02 00:34:59,scan_executed_new_execution_bar,USDJPY,2025.09.02 00:15:00,0,
2025.09.02 00:39:59,scan_skipped_same_execution_bar,USDJPY,2025.09.02 00:15:00,0,
2025.09.02 00:49:59,scan_executed_new_execution_bar,USDJPY,2025.09.02 00:30:00,0,
2025.09.02 00:54:59,scan_skipped_same_execution_bar,USDJPY,2025.09.02 00:30:00,0,
2025.09.02 01:04:59,scan_executed_new_execution_bar,USDJPY,2025.09.02 00:45:00,0,
2025.09.02 01:09:59,scan_skipped_same_execution_bar,USDJPY,2025.09.02 00:45:00,0,
2025.09.02 01:19:59,scan_executed_new_execution_bar,USDJPY,2025.09.02 01:00:00,0,
2025.09.02 01:24:59,scan_skipped_same_execution_bar,USDJPY,2025.09.02 01:00:00,0,
2025.09.02 01:34:59,scan_executed_new_execution_bar,USDJPY,2025.09.02 01:15:00,0,
2025.09.02 01:39:59,scan_skipped_same_execution_bar,USDJPY,2025.09.02 01:15:00,0,
2025.09.02 01:49:59,scan_executed_new_execution_bar,USDJPY,2025.09.02 01:30:00,16,
2025.09.02 01:54:59,scan_skipped_same_execution_bar,USDJPY,2025.09.02 01:30:00,0,
2025.09.02 02:04:59,scan_executed_new_execution_bar,USDJPY,2025.09.02 01:45:00,16,
2025.09.02 02:09:59,scan_skipped_same_execution_bar,USDJPY,2025.09.02 01:45:00,0,
2025.09.02 02:19:59,scan_executed_new_execution_bar,USDJPY,2025.09.02 02:00:00,0,
2025.09.02 02:24:59,scan_skipped_same_execution_bar,USDJPY,2025.09.02 02:00:00,0,
2025.09.02 02:34:59,scan_executed_new_execution_bar,USDJPY,2025.09.02 02:15:00,0,
2025.09.02 02:39:59,scan_skipped_same_execution_bar,USDJPY,2025.09.02 02:15:00,0,
2025.09.02 02:49:58,scan_executed_new_execution_bar,USDJPY,2025.09.02 02:30:00,0,
2025.09.02 02:54:59,scan_skipped_same_execution_bar,USDJPY,2025.09.02 02:30:00,0,
2025.09.02 03:04:59,scan_executed_new_execution_bar,USDJPY,2025.09.02 02:45:00,15,
2025.09.02 03:09:59,scan_skipped_same_execution_bar,USDJPY,2025.09.02 02:45:00,0,
2025.09.02 03:19:59,scan_executed_new_execution_bar,USDJPY,2025.09.02 03:00:00,16,
2025.09.02 03:24:59,scan_skipped_same_execution_bar,USDJPY,2025.09.02 03:00:00,0,
2025.09.02 03:34:58,scan_executed_new_execution_bar,USDJPY,2025.09.02 03:15:00,0,
2025.09.02 03:39:57,scan_skipped_same_execution_bar,USDJPY,2025.09.02 03:15:00,0,
2025.09.02 03:49:59,scan_executed_new_execution_bar,USDJPY,2025.09.02 03:30:00,0,
2025.09.02 03:54:59,scan_skipped_same_execution_bar,USDJPY,2025.09.02 03:30:00,0,
2025.09.02 04:04:59,scan_executed_new_execution_bar,USDJPY,2025.09.02 03:45:00,0,
2025.09.02 04:09:59,scan_skipped_same_execution_bar,USDJPY,2025.09.02 03:45:00,0,
2025.09.02 04:19:59,scan_executed_new_execution_bar,USDJPY,2025.09.02 04:00:00,15,
2025.09.02 04:24:59,scan_skipped_same_execution_bar,USDJPY,2025.09.02 04:00:00,0,
2025.09.02 04:34:59,scan_executed_new_execution_bar,USDJPY,2025.09.02 04:15:00,0,
2025.09.02 04:39:59,scan_skipped_same_execution_bar,USDJPY,2025.09.02 04:15:00,0,
2025.09.02 04:49:59,scan_executed_new_execution_bar,USDJPY,2025.09.02 04:30:00,0,
2025.09.02 04:54:59,scan_skipped_same_execution_bar,USDJPY,2025.09.02 04:30:00,0,
2025.09.02 05:04:59,scan_executed_new_execution_bar,USDJPY,2025.09.02 04:45:00,0,
2025.09.02 05:09:59,scan_skipped_same_execution_bar,USDJPY,2025.09.02 04:45:00,0,
2025.09.02 05:19:59,scan_executed_new_execution_bar,USDJPY,2025.09.02 05:00:00,0,
2025.09.02 05:25:00,scan_skipped_same_execution_bar,USDJPY,2025.09.02 05:00:00,0,
2025.09.02 05:34:59,scan_executed_new_execution_bar,USDJPY,2025.09.02 05:15:00,15,
2025.09.02 05:39:59,scan_skipped_same_execution_bar,USDJPY,2025.09.02 05:15:00,0,
2025.09.02 05:49:59,scan_executed_new_execution_bar,USDJPY,2025.09.02 05:30:00,16,
2025.09.02 05:54:59,scan_skipped_same_execution_bar,USDJPY,2025.09.02 05:30:00,0,
2025.09.02 06:04:59,scan_executed_new_execution_bar,USDJPY,2025.09.02 05:45:00,0,
2025.09.02 06:09:59,scan_skipped_same_execution_bar,USDJPY,2025.09.02 05:45:00,0,
2025.09.02 06:19:59,scan_executed_new_execution_bar,USDJPY,2025.09.02 06:00:00,31,
2025.09.02 06:24:59,scan_skipped_same_execution_bar,USDJPY,2025.09.02 06:00:00,0,
2025.09.02 06:34:59,scan_executed_new_execution_bar,USDJPY,2025.09.02 06:15:00,15,
2025.09.02 06:39:59,scan_skipped_same_execution_bar,USDJPY,2025.09.02 06:15:00,0,
2025.09.02 06:49:59,scan_executed_new_execution_bar,USDJPY,2025.09.02 06:30:00,0,
2025.09.02 06:54:59,scan_skipped_same_execution_bar,USDJPY,2025.09.02 06:30:00,0,
2025.09.02 07:04:57,scan_executed_new_execution_bar,USDJPY,2025.09.02 06:45:00,15,
2025.09.02 07:09:55,scan_skipped_same_execution_bar,USDJPY,2025.09.02 06:45:00,0,
2025.09.02 07:19:58,scan_executed_new_execution_bar,USDJPY,2025.09.02 07:00:00,0,
2025.09.02 07:24:59,scan_skipped_same_execution_bar,USDJPY,2025.09.02 07:00:00,0,
2025.09.02 07:30:00,scan_executed_new_execution_bar,USDJPY,2025.09.02 07:15:00,0,
2025.09.02 07:34:59,scan_skipped_same_execution_bar,USDJPY,2025.09.02 07:15:00,0,
2025.09.02 07:49:59,scan_executed_new_execution_bar,USDJPY,2025.09.02 07:30:00,31,
2025.09.02 07:54:59,scan_skipped_same_execution_bar,USDJPY,2025.09.02 07:30:00,0,
2025.09.02 08:04:59,scan_executed_new_execution_bar,USDJPY,2025.09.02 07:45:00,16,
2025.09.02 08:09:59,scan_skipped_same_execution_bar,USDJPY,2025.09.02 07:45:00,0,
2025.09.02 08:19:59,scan_executed_new_execution_bar,USDJPY,2025.09.02 08:00:00,0,
2025.09.02 08:24:59,scan_skipped_same_execution_bar,USDJPY,2025.09.02 08:00:00,0,
2025.09.02 08:34:59,scan_executed_new_execution_bar,USDJPY,2025.09.02 08:15:00,0,
2025.09.02 08:39:59,scan_skipped_same_execution_bar,USDJPY,2025.09.02 08:15:00,0,
2025.09.02 08:49:59,scan_executed_new_execution_bar,USDJPY,2025.09.02 08:30:00,0,
2025.09.02 08:54:59,scan_skipped_same_execution_bar,USDJPY,2025.09.02 08:30:00,0,
2025.09.02 09:04:59,scan_executed_new_execution_bar,USDJPY,2025.09.02 08:45:00,0,
2025.09.02 09:09:59,scan_skipped_same_execution_bar,USDJPY,2025.09.02 08:45:00,0,
2025.09.02 09:19:59,scan_executed_new_execution_bar,USDJPY,2025.09.02 09:00:00,0,
2025.09.02 09:24:59,scan_skipped_same_execution_bar,USDJPY,2025.09.02 09:00:00,0,
2025.09.02 09:34:59,scan_executed_new_execution_bar,USDJPY,2025.09.02 09:15:00,0,
2025.09.02 09:39:59,scan_skipped_same_execution_bar,USDJPY,2025.09.02 09:15:00,0,
2025.09.02 09:49:59,scan_executed_new_execution_bar,USDJPY,2025.09.02 09:30:00,16,
2025.09.02 09:54:59,scan_skipped_same_execution_bar,USDJPY,2025.09.02 09:30:00,0,
2025.09.02 10:04:59,scan_executed_new_execution_bar,USDJPY,2025.09.02 09:45:00,16,
2025.09.02 10:09:59,scan_skipped_same_execution_bar,USDJPY,2025.09.02 09:45:00,0,
2025.09.02 10:19:59,scan_executed_new_execution_bar,USDJPY,2025.09.02 10:00:00,0,
2025.09.02 10:24:59,scan_skipped_same_execution_bar,USDJPY,2025.09.02 10:00:00,0,
2025.09.02 10:34:59,scan_executed_new_execution_bar,USDJPY,2025.09.02 10:15:00,0,
2025.09.02 10:39:59,scan_skipped_same_execution_bar,USDJPY,2025.09.02 10:15:00,0,
2025.09.02 10:49:59,scan_executed_new_execution_bar,USDJPY,2025.09.02 10:30:00,0,
2025.09.02 10:54:59,scan_skipped_same_execution_bar,USDJPY,2025.09.02 10:30:00,0,
2025.09.02 11:04:59,scan_executed_new_execution_bar,USDJPY,2025.09.02 10:45:00,0,
2025.09.02 11:09:59,scan_skipped_same_execution_bar,USDJPY,2025.09.02 10:45:00,0,
2025.09.02 11:19:59,scan_executed_new_execution_bar,USDJPY,2025.09.02 11:00:00,31,
2025.09.02 11:24:59,scan_skipped_same_execution_bar,USDJPY,2025.09.02 11:00:00,0,
2025.09.02 11:34:59,scan_executed_new_execution_bar,USDJPY,2025.09.02 11:15:00,16,
2025.09.02 11:39:59,scan_skipped_same_execution_bar,USDJPY,2025.09.02 11:15:00,0,
2025.09.02 11:49:59,scan_executed_new_execution_bar,USDJPY,2025.09.02 11:30:00,16,
2025.09.02 11:54:59,scan_skipped_same_execution_bar,USDJPY,2025.09.02 11:30:00,0,
2025.09.02 12:04:59,scan_executed_new_execution_bar,USDJPY,2025.09.02 11:45:00,0,
2025.09.02 12:09:59,scan_skipped_same_execution_bar,USDJPY,2025.09.02 11:45:00,0,
2025.09.02 12:19:59,scan_executed_new_execution_bar,USDJPY,2025.09.02 12:00:00,0,
2025.09.02 12:24:59,scan_skipped_same_execution_bar,USDJPY,2025.09.02 12:00:00,0,
2025.09.02 12:34:59,scan_executed_new_execution_bar,USDJPY,2025.09.02 12:15:00,31,
2025.09.02 12:39:59,scan_skipped_same_execution_bar,USDJPY,2025.09.02 12:15:00,0,
2025.09.02 12:49:59,scan_executed_new_execution_bar,USDJPY,2025.09.02 12:30:00,47,
2025.09.02 12:54:59,scan_skipped_same_execution_bar,USDJPY,2025.09.02 12:30:00,0,
2025.09.02 13:04:59,scan_executed_new_execution_bar,USDJPY,2025.09.02 12:45:00,15,
2025.09.02 13:09:59,scan_skipped_same_execution_bar,USDJPY,2025.09.02 12:45:00,0,
2025.09.02 13:19:58,scan_executed_new_execution_bar,USDJPY,2025.09.02 13:00:00,16,
2025.09.02 13:24:59,scan_skipped_same_execution_bar,USDJPY,2025.09.02 13:00:00,0,
2025.09.02 13:34:59,scan_executed_new_execution_bar,USDJPY,2025.09.02 13:15:00,0,
2025.09.02 13:40:00,scan_skipped_same_execution_bar,USDJPY,2025.09.02 13:15:00,0,
2025.09.02 13:49:59,scan_executed_new_execution_bar,USDJPY,2025.09.02 13:30:00,0,
2025.09.02 13:54:59,scan_skipped_same_execution_bar,USDJPY,2025.09.02 13:30:00,0,
2025.09.02 14:04:59,scan_executed_new_execution_bar,USDJPY,2025.09.02 13:45:00,0,
2025.09.02 14:09:59,scan_skipped_same_execution_bar,USDJPY,2025.09.02 13:45:00,0,
2025.09.02 14:19:59,scan_executed_new_execution_bar,USDJPY,2025.09.02 14:00:00,16,
2025.09.02 14:24:59,scan_skipped_same_execution_bar,USDJPY,2025.09.02 14:00:00,0,
2025.09.02 14:34:59,scan_executed_new_execution_bar,USDJPY,2025.09.02 14:15:00,15,
2025.09.02 14:39:59,scan_skipped_same_execution_bar,USDJPY,2025.09.02 14:15:00,0,
2025.09.02 14:49:59,scan_executed_new_execution_bar,USDJPY,2025.09.02 14:30:00,15,
2025.09.02 14:54:59,scan_skipped_same_execution_bar,USDJPY,2025.09.02 14:30:00,0,
2025.09.02 15:04:59,scan_executed_new_execution_bar,USDJPY,2025.09.02 14:45:00,16,
2025.09.02 15:09:59,scan_skipped_same_execution_bar,USDJPY,2025.09.02 14:45:00,0,
2025.09.02 15:19:59,scan_executed_new_execution_bar,USDJPY,2025.09.02 15:00:00,0,
2025.09.02 15:24:59,scan_skipped_same_execution_bar,USDJPY,2025.09.02 15:00:00,0,
2025.09.02 15:34:59,scan_executed_new_execution_bar,USDJPY,2025.09.02 15:15:00,0,
2025.09.02 15:39:59,scan_skipped_same_execution_bar,USDJPY,2025.09.02 15:15:00,0,
2025.09.02 15:49:59,scan_executed_new_execution_bar,USDJPY,2025.09.02 15:30:00,0,
2025.09.02 15:54:59,scan_skipped_same_execution_bar,USDJPY,2025.09.02 15:30:00,0,
2025.09.02 16:04:59,scan_executed_new_execution_bar,USDJPY,2025.09.02 15:45:00,31,
2025.09.02 16:09:59,scan_skipped_same_execution_bar,USDJPY,2025.09.02 15:45:00,0,
2025.09.02 16:19:59,scan_executed_new_execution_bar,USDJPY,2025.09.02 16:00:00,63,
2025.09.02 16:24:59,scan_skipped_same_execution_bar,USDJPY,2025.09.02 16:00:00,0,
2025.09.02 16:34:59,scan_executed_new_execution_bar,USDJPY,2025.09.02 16:15:00,16,
2025.09.02 16:39:59,scan_skipped_same_execution_bar,USDJPY,2025.09.02 16:15:00,0,
2025.09.02 16:49:59,scan_executed_new_execution_bar,USDJPY,2025.09.02 16:30:00,16,
2025.09.02 16:54:59,scan_skipped_same_execution_bar,USDJPY,2025.09.02 16:30:00,0,
2025.09.02 17:04:59,scan_executed_new_execution_bar,USDJPY,2025.09.02 16:45:00,16,
2025.09.02 17:09:59,scan_skipped_same_execution_bar,USDJPY,2025.09.02 16:45:00,0,
2025.09.02 17:19:59,scan_executed_new_execution_bar,USDJPY,2025.09.02 17:00:00,0,
2025.09.02 17:24:59,scan_skipped_same_execution_bar,USDJPY,2025.09.02 17:00:00,0,
2025.09.02 17:34:59,scan_executed_new_execution_bar,USDJPY,2025.09.02 17:15:00,0,
2025.09.02 17:40:00,scan_skipped_same_execution_bar,USDJPY,2025.09.02 17:15:00,0,
2025.09.02 17:49:59,scan_executed_new_execution_bar,USDJPY,2025.09.02 17:30:00,0,
2025.09.02 17:54:59,scan_skipped_same_execution_bar,USDJPY,2025.09.02 17:30:00,0,
2025.09.02 18:04:59,scan_executed_new_execution_bar,USDJPY,2025.09.02 17:45:00,0,
2025.09.02 18:09:59,scan_skipped_same_execution_bar,USDJPY,2025.09.02 17:45:00,0,
2025.09.02 18:19:59,scan_executed_new_execution_bar,USDJPY,2025.09.02 18:00:00,0,
2025.09.02 18:24:59,scan_skipped_same_execution_bar,USDJPY,2025.09.02 18:00:00,0,
2025.09.02 18:34:59,scan_executed_new_execution_bar,USDJPY,2025.09.02 18:15:00,31,
2025.09.02 18:39:59,scan_skipped_same_execution_bar,USDJPY,2025.09.02 18:15:00,0,
2025.09.02 18:49:59,scan_executed_new_execution_bar,USDJPY,2025.09.02 18:30:00,0,
2025.09.02 18:54:59,scan_skipped_same_execution_bar,USDJPY,2025.09.02 18:30:00,0,
2025.09.02 19:04:59,scan_executed_new_execution_bar,USDJPY,2025.09.02 18:45:00,0,
2025.09.02 19:09:59,scan_skipped_same_execution_bar,USDJPY,2025.09.02 18:45:00,0,
2025.09.02 19:19:59,scan_executed_new_execution_bar,USDJPY,2025.09.02 19:00:00,0,
2025.09.02 19:24:59,scan_skipped_same_execution_bar,USDJPY,2025.09.02 19:00:00,0,
2025.09.02 19:34:59,scan_executed_new_execution_bar,USDJPY,2025.09.02 19:15:00,16,
2025.09.02 19:39:57,scan_skipped_same_execution_bar,USDJPY,2025.09.02 19:15:00,0,
2025.09.02 19:49:59,scan_executed_new_execution_bar,USDJPY,2025.09.02 19:30:00,0,
2025.09.02 19:54:59,scan_skipped_same_execution_bar,USDJPY,2025.09.02 19:30:00,0,
2025.09.02 20:04:58,scan_executed_new_execution_bar,USDJPY,2025.09.02 19:45:00,0,
2025.09.02 20:09:59,scan_skipped_same_execution_bar,USDJPY,2025.09.02 19:45:00,0,
2025.09.02 20:19:59,scan_executed_new_execution_bar,USDJPY,2025.09.02 20:00:00,0,
2025.09.02 20:24:59,scan_skipped_same_execution_bar,USDJPY,2025.09.02 20:00:00,0,
2025.09.02 20:34:59,scan_executed_new_execution_bar,USDJPY,2025.09.02 20:15:00,0,
2025.09.02 20:39:59,scan_skipped_same_execution_bar,USDJPY,2025.09.02 20:15:00,0,
2025.09.02 20:49:59,scan_executed_new_execution_bar,USDJPY,2025.09.02 20:30:00,0,
2025.09.02 20:55:00,scan_skipped_same_execution_bar,USDJPY,2025.09.02 20:30:00,0,
2025.09.02 21:04:59,scan_executed_new_execution_bar,USDJPY,2025.09.02 20:45:00,0,
2025.09.02 21:09:59,scan_skipped_same_execution_bar,USDJPY,2025.09.02 20:45:00,0,
2025.09.02 21:19:59,scan_executed_new_execution_bar,USDJPY,2025.09.02 21:00:00,0,
2025.09.02 21:24:59,scan_skipped_same_execution_bar,USDJPY,2025.09.02 21:00:00,0,
2025.09.02 21:34:59,scan_executed_new_execution_bar,USDJPY,2025.09.02 21:15:00,0,
2025.09.02 21:39:59,scan_skipped_same_execution_bar,USDJPY,2025.09.02 21:15:00,0,
2025.09.02 21:49:59,scan_executed_new_execution_bar,USDJPY,2025.09.02 21:30:00,0,
2025.09.02 21:54:59,scan_skipped_same_execution_bar,USDJPY,2025.09.02 21:30:00,0,
2025.09.02 22:04:59,scan_executed_new_execution_bar,USDJPY,2025.09.02 21:45:00,0,
2025.09.02 22:09:59,scan_skipped_same_execution_bar,USDJPY,2025.09.02 21:45:00,0,
2025.09.02 22:19:59,scan_executed_new_execution_bar,USDJPY,2025.09.02 22:00:00,15,
2025.09.02 22:24:57,scan_skipped_same_execution_bar,USDJPY,2025.09.02 22:00:00,0,
2025.09.02 22:34:59,scan_executed_new_execution_bar,USDJPY,2025.09.02 22:15:00,0,
2025.09.02 22:39:59,scan_skipped_same_execution_bar,USDJPY,2025.09.02 22:15:00,0,
2025.09.02 22:49:59,scan_executed_new_execution_bar,USDJPY,2025.09.02 22:30:00,0,
2025.09.02 22:54:59,scan_skipped_same_execution_bar,USDJPY,2025.09.02 22:30:00,0,
2025.09.02 23:04:58,scan_executed_new_execution_bar,USDJPY,2025.09.02 22:45:00,0,
2025.09.02 23:09:59,scan_skipped_same_execution_bar,USDJPY,2025.09.02 22:45:00,0,
2025.09.02 23:19:59,scan_executed_new_execution_bar,USDJPY,2025.09.02 23:00:00,0,
2025.09.02 23:25:00,scan_skipped_same_execution_bar,USDJPY,2025.09.02 23:00:00,0,
2025.09.02 23:34:58,scan_executed_new_execution_bar,USDJPY,2025.09.02 23:15:00,0,
2025.09.02 23:39:59,scan_skipped_same_execution_bar,USDJPY,2025.09.02 23:15:00,0,
2025.09.02 23:49:59,scan_executed_new_execution_bar,USDJPY,2025.09.02 23:30:00,0,
2025.09.02 23:54:59,scan_skipped_same_execution_bar,USDJPY,2025.09.02 23:30:00,0,
2025.09.03 00:04:53,scan_executed_new_execution_bar,USDJPY,2025.09.02 23:45:00,0,
2025.09.03 00:09:58,scan_skipped_same_execution_bar,USDJPY,2025.09.02 23:45:00,0,
2025.09.03 00:19:59,scan_executed_new_execution_bar,USDJPY,2025.09.03 00:00:00,0,
2025.09.03 00:24:59,scan_skipped_same_execution_bar,USDJPY,2025.09.03 00:00:00,0,
2025.09.03 00:34:59,scan_executed_new_execution_bar,USDJPY,2025.09.03 00:15:00,0,
2025.09.03 00:39:58,scan_skipped_same_execution_bar,USDJPY,2025.09.03 00:15:00,0,
2025.09.03 00:49:59,scan_executed_new_execution_bar,USDJPY,2025.09.03 00:30:00,0,
2025.09.03 00:54:59,scan_skipped_same_execution_bar,USDJPY,2025.09.03 00:30:00,0,
2025.09.03 01:04:55,scan_executed_new_execution_bar,USDJPY,2025.09.03 00:45:00,0,
2025.09.03 01:09:58,scan_skipped_same_execution_bar,USDJPY,2025.09.03 00:45:00,0,
2025.09.03 01:19:58,scan_executed_new_execution_bar,USDJPY,2025.09.03 01:00:00,0,
2025.09.03 01:24:58,scan_skipped_same_execution_bar,USDJPY,2025.09.03 01:00:00,0,
2025.09.03 01:34:59,scan_executed_new_execution_bar,USDJPY,2025.09.03 01:15:00,0,
2025.09.03 01:39:58,scan_skipped_same_execution_bar,USDJPY,2025.09.03 01:15:00,0,
2025.09.03 01:49:59,scan_executed_new_execution_bar,USDJPY,2025.09.03 01:30:00,0,
2025.09.03 01:54:59,scan_skipped_same_execution_bar,USDJPY,2025.09.03 01:30:00,0,
2025.09.03 02:04:54,scan_executed_new_execution_bar,USDJPY,2025.09.03 01:45:00,0,
2025.09.03 02:09:53,scan_skipped_same_execution_bar,USDJPY,2025.09.03 01:45:00,0,
2025.09.03 02:19:57,scan_executed_new_execution_bar,USDJPY,2025.09.03 02:00:00,0,
2025.09.03 02:24:58,scan_skipped_same_execution_bar,USDJPY,2025.09.03 02:00:00,0,
2025.09.03 02:34:59,scan_executed_new_execution_bar,USDJPY,2025.09.03 02:15:00,0,
2025.09.03 02:39:59,scan_skipped_same_execution_bar,USDJPY,2025.09.03 02:15:00,0,
2025.09.03 02:49:59,scan_executed_new_execution_bar,USDJPY,2025.09.03 02:30:00,0,
2025.09.03 02:54:59,scan_skipped_same_execution_bar,USDJPY,2025.09.03 02:30:00,0,
2025.09.03 03:04:59,scan_executed_new_execution_bar,USDJPY,2025.09.03 02:45:00,0,
2025.09.03 03:09:59,scan_skipped_same_execution_bar,USDJPY,2025.09.03 02:45:00,0,
2025.09.03 03:19:59,scan_executed_new_execution_bar,USDJPY,2025.09.03 03:00:00,16,
2025.09.03 03:24:59,scan_skipped_same_execution_bar,USDJPY,2025.09.03 03:00:00,0,
2025.09.03 03:34:59,scan_executed_new_execution_bar,USDJPY,2025.09.03 03:15:00,0,
2025.09.03 03:39:59,scan_skipped_same_execution_bar,USDJPY,2025.09.03 03:15:00,0,
2025.09.03 03:49:59,scan_executed_new_execution_bar,USDJPY,2025.09.03 03:30:00,0,
2025.09.03 03:54:59,scan_skipped_same_execution_bar,USDJPY,2025.09.03 03:30:00,0,
2025.09.03 04:04:59,scan_executed_new_execution_bar,USDJPY,2025.09.03 03:45:00,0,
2025.09.03 04:09:59,scan_skipped_same_execution_bar,USDJPY,2025.09.03 03:45:00,0,
2025.09.03 04:19:59,scan_executed_new_execution_bar,USDJPY,2025.09.03 04:00:00,0,
2025.09.03 04:24:59,scan_skipped_same_execution_bar,USDJPY,2025.09.03 04:00:00,0,
2025.09.03 04:34:59,scan_executed_new_execution_bar,USDJPY,2025.09.03 04:15:00,0,
2025.09.03 04:39:59,scan_skipped_same_execution_bar,USDJPY,2025.09.03 04:15:00,0,
2025.09.03 04:49:59,scan_executed_new_execution_bar,USDJPY,2025.09.03 04:30:00,0,
2025.09.03 04:54:59,scan_skipped_same_execution_bar,USDJPY,2025.09.03 04:30:00,0,
2025.09.03 05:04:59,scan_executed_new_execution_bar,USDJPY,2025.09.03 04:45:00,0,
2025.09.03 05:09:59,scan_skipped_same_execution_bar,USDJPY,2025.09.03 04:45:00,0,
2025.09.03 05:19:59,scan_executed_new_execution_bar,USDJPY,2025.09.03 05:00:00,16,
2025.09.03 05:24:59,scan_skipped_same_execution_bar,USDJPY,2025.09.03 05:00:00,0,
2025.09.03 05:34:59,scan_executed_new_execution_bar,USDJPY,2025.09.03 05:15:00,0,
2025.09.03 05:39:59,scan_skipped_same_execution_bar,USDJPY,2025.09.03 05:15:00,0,
2025.09.03 05:49:59,scan_executed_new_execution_bar,USDJPY,2025.09.03 05:30:00,0,
2025.09.03 05:54:59,scan_skipped_same_execution_bar,USDJPY,2025.09.03 05:30:00,0,
2025.09.03 06:04:59,scan_executed_new_execution_bar,USDJPY,2025.09.03 05:45:00,0,
2025.09.03 06:09:59,scan_skipped_same_execution_bar,USDJPY,2025.09.03 05:45:00,0,
2025.09.03 06:19:58,scan_executed_new_execution_bar,USDJPY,2025.09.03 06:00:00,0,
2025.09.03 06:24:59,scan_skipped_same_execution_bar,USDJPY,2025.09.03 06:00:00,0,
2025.09.03 06:34:58,scan_executed_new_execution_bar,USDJPY,2025.09.03 06:15:00,15,
2025.09.03 06:39:59,scan_skipped_same_execution_bar,USDJPY,2025.09.03 06:15:00,0,
2025.09.03 06:49:59,scan_executed_new_execution_bar,USDJPY,2025.09.03 06:30:00,16,
2025.09.03 06:54:59,scan_skipped_same_execution_bar,USDJPY,2025.09.03 06:30:00,0,
2025.09.03 07:04:59,scan_executed_new_execution_bar,USDJPY,2025.09.03 06:45:00,15,
2025.09.03 07:09:59,scan_skipped_same_execution_bar,USDJPY,2025.09.03 06:45:00,0,
2025.09.03 07:19:59,scan_executed_new_execution_bar,USDJPY,2025.09.03 07:00:00,47,
2025.09.03 07:24:59,scan_skipped_same_execution_bar,USDJPY,2025.09.03 07:00:00,0,
2025.09.03 07:34:59,scan_executed_new_execution_bar,USDJPY,2025.09.03 07:15:00,0,
2025.09.03 07:39:59,scan_skipped_same_execution_bar,USDJPY,2025.09.03 07:15:00,0,
2025.09.03 07:49:59,scan_executed_new_execution_bar,USDJPY,2025.09.03 07:30:00,0,
2025.09.03 07:54:58,scan_skipped_same_execution_bar,USDJPY,2025.09.03 07:30:00,0,
2025.09.03 08:04:59,scan_executed_new_execution_bar,USDJPY,2025.09.03 07:45:00,0,
2025.09.03 08:09:59,scan_skipped_same_execution_bar,USDJPY,2025.09.03 07:45:00,0,
2025.09.03 08:19:59,scan_executed_new_execution_bar,USDJPY,2025.09.03 08:00:00,0,
2025.09.03 08:24:59,scan_skipped_same_execution_bar,USDJPY,2025.09.03 08:00:00,0,
2025.09.03 08:34:59,scan_executed_new_execution_bar,USDJPY,2025.09.03 08:15:00,15,
2025.09.03 08:39:59,scan_skipped_same_execution_bar,USDJPY,2025.09.03 08:15:00,0,
2025.09.03 08:49:59,scan_executed_new_execution_bar,USDJPY,2025.09.03 08:30:00,0,
2025.09.03 08:54:59,scan_skipped_same_execution_bar,USDJPY,2025.09.03 08:30:00,0,
2025.09.03 09:04:59,scan_executed_new_execution_bar,USDJPY,2025.09.03 08:45:00,0,
2025.09.03 09:09:59,scan_skipped_same_execution_bar,USDJPY,2025.09.03 08:45:00,0,
2025.09.03 09:19:59,scan_executed_new_execution_bar,USDJPY,2025.09.03 09:00:00,0,
2025.09.03 09:24:59,scan_skipped_same_execution_bar,USDJPY,2025.09.03 09:00:00,0,
2025.09.03 09:34:59,scan_executed_new_execution_bar,USDJPY,2025.09.03 09:15:00,0,
2025.09.03 09:40:00,scan_skipped_same_execution_bar,USDJPY,2025.09.03 09:15:00,0,
2025.09.03 09:49:58,scan_executed_new_execution_bar,USDJPY,2025.09.03 09:30:00,0,
2025.09.03 09:54:59,scan_skipped_same_execution_bar,USDJPY,2025.09.03 09:30:00,0,
2025.09.03 10:04:59,scan_executed_new_execution_bar,USDJPY,2025.09.03 09:45:00,0,
2025.09.03 10:09:59,scan_skipped_same_execution_bar,USDJPY,2025.09.03 09:45:00,0,
2025.09.03 10:19:59,scan_executed_new_execution_bar,USDJPY,2025.09.03 10:00:00,0,
2025.09.03 10:24:59,scan_skipped_same_execution_bar,USDJPY,2025.09.03 10:00:00,0,
2025.09.03 10:34:59,scan_executed_new_execution_bar,USDJPY,2025.09.03 10:15:00,0,
2025.09.03 10:39:59,scan_skipped_same_execution_bar,USDJPY,2025.09.03 10:15:00,0,
2025.09.03 10:49:59,scan_executed_new_execution_bar,USDJPY,2025.09.03 10:30:00,0,
2025.09.03 10:54:59,scan_skipped_same_execution_bar,USDJPY,2025.09.03 10:30:00,0,
2025.09.03 11:04:59,scan_executed_new_execution_bar,USDJPY,2025.09.03 10:45:00,31,
2025.09.03 11:09:59,scan_skipped_same_execution_bar,USDJPY,2025.09.03 10:45:00,0,
2025.09.03 11:19:59,scan_executed_new_execution_bar,USDJPY,2025.09.03 11:00:00,32,
2025.09.03 11:24:59,scan_skipped_same_execution_bar,USDJPY,2025.09.03 11:00:00,0,
2025.09.03 11:34:59,scan_executed_new_execution_bar,USDJPY,2025.09.03 11:15:00,15,
2025.09.03 11:39:59,scan_skipped_same_execution_bar,USDJPY,2025.09.03 11:15:00,0,
2025.09.03 11:49:59,scan_executed_new_execution_bar,USDJPY,2025.09.03 11:30:00,31,
2025.09.03 11:54:59,scan_skipped_same_execution_bar,USDJPY,2025.09.03 11:30:00,0,
2025.09.03 12:04:59,scan_executed_new_execution_bar,USDJPY,2025.09.03 11:45:00,0,
2025.09.03 12:09:59,scan_skipped_same_execution_bar,USDJPY,2025.09.03 11:45:00,0,
2025.09.03 12:19:59,scan_executed_new_execution_bar,USDJPY,2025.09.03 12:00:00,15,
2025.09.03 12:24:59,scan_skipped_same_execution_bar,USDJPY,2025.09.03 12:00:00,0,
2025.09.03 12:34:59,scan_executed_new_execution_bar,USDJPY,2025.09.03 12:15:00,0,
2025.09.03 12:39:59,scan_skipped_same_execution_bar,USDJPY,2025.09.03 12:15:00,0,
2025.09.03 12:50:00,scan_executed_new_execution_bar,USDJPY,2025.09.03 12:30:00,0,
2025.09.03 12:54:58,scan_skipped_same_execution_bar,USDJPY,2025.09.03 12:30:00,0,
2025.09.03 13:04:59,scan_executed_new_execution_bar,USDJPY,2025.09.03 12:45:00,46,
2025.09.03 13:09:59,scan_skipped_same_execution_bar,USDJPY,2025.09.03 12:45:00,0,
2025.09.03 13:19:58,scan_executed_new_execution_bar,USDJPY,2025.09.03 13:00:00,32,
2025.09.03 13:24:59,scan_skipped_same_execution_bar,USDJPY,2025.09.03 13:00:00,0,
2025.09.03 13:34:59,scan_executed_new_execution_bar,USDJPY,2025.09.03 13:15:00,31,
2025.09.03 13:39:59,scan_skipped_same_execution_bar,USDJPY,2025.09.03 13:15:00,0,
2025.09.03 13:49:59,scan_executed_new_execution_bar,USDJPY,2025.09.03 13:30:00,31,
2025.09.03 13:54:59,scan_skipped_same_execution_bar,USDJPY,2025.09.03 13:30:00,0,
2025.09.03 14:04:59,scan_executed_new_execution_bar,USDJPY,2025.09.03 13:45:00,0,
2025.09.03 14:09:59,scan_skipped_same_execution_bar,USDJPY,2025.09.03 13:45:00,0,
2025.09.03 14:19:59,scan_executed_new_execution_bar,USDJPY,2025.09.03 14:00:00,0,
2025.09.03 14:24:59,scan_skipped_same_execution_bar,USDJPY,2025.09.03 14:00:00,0,
2025.09.03 14:34:59,scan_executed_new_execution_bar,USDJPY,2025.09.03 14:15:00,0,
2025.09.03 14:39:59,scan_skipped_same_execution_bar,USDJPY,2025.09.03 14:15:00,0,
2025.09.03 14:49:59,scan_executed_new_execution_bar,USDJPY,2025.09.03 14:30:00,0,
2025.09.03 14:54:59,scan_skipped_same_execution_bar,USDJPY,2025.09.03 14:30:00,0,
2025.09.03 15:04:59,scan_executed_new_execution_bar,USDJPY,2025.09.03 14:45:00,0,
2025.09.03 15:09:59,scan_skipped_same_execution_bar,USDJPY,2025.09.03 14:45:00,0,
2025.09.03 15:19:59,scan_executed_new_execution_bar,USDJPY,2025.09.03 15:00:00,0,
2025.09.03 15:24:59,scan_skipped_same_execution_bar,USDJPY,2025.09.03 15:00:00,0,
2025.09.03 15:34:59,scan_executed_new_execution_bar,USDJPY,2025.09.03 15:15:00,0,
2025.09.03 15:39:59,scan_skipped_same_execution_bar,USDJPY,2025.09.03 15:15:00,0,
2025.09.03 15:49:59,scan_executed_new_execution_bar,USDJPY,2025.09.03 15:30:00,0,
2025.09.03 15:54:59,scan_skipped_same_execution_bar,USDJPY,2025.09.03 15:30:00,0,
2025.09.03 16:04:59,scan_executed_new_execution_bar,USDJPY,2025.09.03 15:45:00,0,
2025.09.03 16:09:59,scan_skipped_same_execution_bar,USDJPY,2025.09.03 15:45:00,0,
2025.09.03 16:19:59,scan_executed_new_execution_bar,USDJPY,2025.09.03 16:00:00,15,
2025.09.03 16:24:59,scan_skipped_same_execution_bar,USDJPY,2025.09.03 16:00:00,0,
2025.09.03 16:34:59,scan_executed_new_execution_bar,USDJPY,2025.09.03 16:15:00,0,
2025.09.03 16:39:59,scan_skipped_same_execution_bar,USDJPY,2025.09.03 16:15:00,0,
2025.09.03 16:49:58,scan_executed_new_execution_bar,USDJPY,2025.09.03 16:30:00,0,
2025.09.03 16:54:59,scan_skipped_same_execution_bar,USDJPY,2025.09.03 16:30:00,0,
2025.09.03 17:04:59,scan_executed_new_execution_bar,USDJPY,2025.09.03 16:45:00,15,
2025.09.03 17:09:59,scan_skipped_same_execution_bar,USDJPY,2025.09.03 16:45:00,0,
2025.09.03 17:20:00,scan_executed_new_execution_bar,USDJPY,2025.09.03 17:00:00,0,
2025.09.03 17:24:59,scan_skipped_same_execution_bar,USDJPY,2025.09.03 17:00:00,0,
2025.09.03 17:34:59,scan_executed_new_execution_bar,USDJPY,2025.09.03 17:15:00,0,
2025.09.03 17:39:59,scan_skipped_same_execution_bar,USDJPY,2025.09.03 17:15:00,0,
2025.09.03 17:49:59,scan_executed_new_execution_bar,USDJPY,2025.09.03 17:30:00,0,
2025.09.03 17:54:59,scan_skipped_same_execution_bar,USDJPY,2025.09.03 17:30:00,0,
2025.09.03 18:04:59,scan_executed_new_execution_bar,USDJPY,2025.09.03 17:45:00,16,
2025.09.03 18:09:59,scan_skipped_same_execution_bar,USDJPY,2025.09.03 17:45:00,0,
2025.09.03 18:19:59,scan_executed_new_execution_bar,USDJPY,2025.09.03 18:00:00,0,
2025.09.03 18:24:59,scan_skipped_same_execution_bar,USDJPY,2025.09.03 18:00:00,0,
2025.09.03 18:34:59,scan_executed_new_execution_bar,USDJPY,2025.09.03 18:15:00,0,
2025.09.03 18:39:59,scan_skipped_same_execution_bar,USDJPY,2025.09.03 18:15:00,0,
2025.09.03 18:50:00,scan_executed_new_execution_bar,USDJPY,2025.09.03 18:30:00,16,
2025.09.03 18:54:59,scan_skipped_same_execution_bar,USDJPY,2025.09.03 18:30:00,0,
2025.09.03 19:04:59,scan_executed_new_execution_bar,USDJPY,2025.09.03 18:45:00,0,
2025.09.03 19:09:59,scan_skipped_same_execution_bar,USDJPY,2025.09.03 18:45:00,0,
2025.09.03 19:19:59,scan_executed_new_execution_bar,USDJPY,2025.09.03 19:00:00,16,
2025.09.03 19:24:59,scan_skipped_same_execution_bar,USDJPY,2025.09.03 19:00:00,0,
2025.09.03 19:34:59,scan_executed_new_execution_bar,USDJPY,2025.09.03 19:15:00,0,
2025.09.03 19:39:59,scan_skipped_same_execution_bar,USDJPY,2025.09.03 19:15:00,0,
2025.09.03 19:49:58,scan_executed_new_execution_bar,USDJPY,2025.09.03 19:30:00,0,
2025.09.03 19:54:59,scan_skipped_same_execution_bar,USDJPY,2025.09.03 19:30:00,0,
2025.09.03 20:04:59,scan_executed_new_execution_bar,USDJPY,2025.09.03 19:45:00,0,
2025.09.03 20:09:59,scan_skipped_same_execution_bar,USDJPY,2025.09.03 19:45:00,0,
2025.09.03 20:19:59,scan_executed_new_execution_bar,USDJPY,2025.09.03 20:00:00,0,
2025.09.03 20:24:59,scan_skipped_same_execution_bar,USDJPY,2025.09.03 20:00:00,0,
2025.09.03 20:34:59,scan_executed_new_execution_bar,USDJPY,2025.09.03 20:15:00,0,
2025.09.03 20:39:59,scan_skipped_same_execution_bar,USDJPY,2025.09.03 20:15:00,0,
2025.09.03 20:49:59,scan_executed_new_execution_bar,USDJPY,2025.09.03 20:30:00,16,
2025.09.03 20:54:59,scan_skipped_same_execution_bar,USDJPY,2025.09.03 20:30:00,0,
2025.09.03 21:05:00,scan_executed_new_execution_bar,USDJPY,2025.09.03 20:45:00,16,
2025.09.03 21:09:59,scan_skipped_same_execution_bar,USDJPY,2025.09.03 20:45:00,0,
2025.09.03 21:19:59,scan_executed_new_execution_bar,USDJPY,2025.09.03 21:00:00,0,
2025.09.03 21:24:59,scan_skipped_same_execution_bar,USDJPY,2025.09.03 21:00:00,0,
2025.09.03 21:34:59,scan_executed_new_execution_bar,USDJPY,2025.09.03 21:15:00,0,
2025.09.03 21:39:59,scan_skipped_same_execution_bar,USDJPY,2025.09.03 21:15:00,0,
2025.09.03 21:49:59,scan_executed_new_execution_bar,USDJPY,2025.09.03 21:30:00,16,
2025.09.03 21:54:59,scan_skipped_same_execution_bar,USDJPY,2025.09.03 21:30:00,0,
2025.09.03 22:04:58,scan_executed_new_execution_bar,USDJPY,2025.09.03 21:45:00,0,
2025.09.03 22:09:59,scan_skipped_same_execution_bar,USDJPY,2025.09.03 21:45:00,0,
2025.09.03 22:15:00,scan_executed_new_execution_bar,USDJPY,2025.09.03 22:00:00,16,
2025.09.03 22:19:59,scan_skipped_same_execution_bar,USDJPY,2025.09.03 22:00:00,0,
2025.09.03 22:34:59,scan_executed_new_execution_bar,USDJPY,2025.09.03 22:15:00,0,
2025.09.03 22:39:59,scan_skipped_same_execution_bar,USDJPY,2025.09.03 22:15:00,0,
2025.09.03 22:49:59,scan_executed_new_execution_bar,USDJPY,2025.09.03 22:30:00,0,
2025.09.03 22:54:59,scan_skipped_same_execution_bar,USDJPY,2025.09.03 22:30:00,0,
2025.09.03 23:04:59,scan_executed_new_execution_bar,USDJPY,2025.09.03 22:45:00,0,
2025.09.03 23:09:59,scan_skipped_same_execution_bar,USDJPY,2025.09.03 22:45:00,0,
2025.09.03 23:19:59,scan_executed_new_execution_bar,USDJPY,2025.09.03 23:00:00,0,
2025.09.03 23:24:59,scan_skipped_same_execution_bar,USDJPY,2025.09.03 23:00:00,0,
2025.09.03 23:34:59,scan_executed_new_execution_bar,USDJPY,2025.09.03 23:15:00,0,
2025.09.03 23:39:59,scan_skipped_same_execution_bar,USDJPY,2025.09.03 23:15:00,0,
2025.09.03 23:49:59,scan_executed_new_execution_bar,USDJPY,2025.09.03 23:30:00,0,
2025.09.03 23:54:59,scan_skipped_same_execution_bar,USDJPY,2025.09.03 23:30:00,0,
2025.09.04 00:04:39,scan_executed_new_execution_bar,USDJPY,2025.09.03 23:45:00,0,
2025.09.04 00:09:59,scan_skipped_same_execution_bar,USDJPY,2025.09.03 23:45:00,0,
2025.09.04 00:15:00,scan_executed_new_execution_bar,USDJPY,2025.09.04 00:00:00,0,
2025.09.04 00:19:59,scan_skipped_same_execution_bar,USDJPY,2025.09.04 00:00:00,0,
2025.09.04 00:34:59,scan_executed_new_execution_bar,USDJPY,2025.09.04 00:15:00,0,
2025.09.04 00:39:59,scan_skipped_same_execution_bar,USDJPY,2025.09.04 00:15:00,0,
2025.09.04 00:49:59,scan_executed_new_execution_bar,USDJPY,2025.09.04 00:30:00,0,
2025.09.04 00:54:59,scan_skipped_same_execution_bar,USDJPY,2025.09.04 00:30:00,0,
2025.09.04 01:04:58,scan_executed_new_execution_bar,USDJPY,2025.09.04 00:45:00,0,
2025.09.04 01:09:59,scan_skipped_same_execution_bar,USDJPY,2025.09.04 00:45:00,0,
2025.09.04 01:19:59,scan_executed_new_execution_bar,USDJPY,2025.09.04 01:00:00,0,
2025.09.04 01:24:56,scan_skipped_same_execution_bar,USDJPY,2025.09.04 01:00:00,0,
2025.09.04 01:34:59,scan_executed_new_execution_bar,USDJPY,2025.09.04 01:15:00,0,
2025.09.04 01:39:58,scan_skipped_same_execution_bar,USDJPY,2025.09.04 01:15:00,0,
2025.09.04 01:49:59,scan_executed_new_execution_bar,USDJPY,2025.09.04 01:30:00,0,
2025.09.04 01:54:59,scan_skipped_same_execution_bar,USDJPY,2025.09.04 01:30:00,0,
2025.09.04 02:04:59,scan_executed_new_execution_bar,USDJPY,2025.09.04 01:45:00,0,
2025.09.04 02:09:59,scan_skipped_same_execution_bar,USDJPY,2025.09.04 01:45:00,0,
2025.09.04 02:19:58,scan_executed_new_execution_bar,USDJPY,2025.09.04 02:00:00,0,
2025.09.04 02:24:57,scan_skipped_same_execution_bar,USDJPY,2025.09.04 02:00:00,0,
2025.09.04 02:34:58,scan_executed_new_execution_bar,USDJPY,2025.09.04 02:15:00,0,
2025.09.04 02:39:57,scan_skipped_same_execution_bar,USDJPY,2025.09.04 02:15:00,0,
2025.09.04 02:49:59,scan_executed_new_execution_bar,USDJPY,2025.09.04 02:30:00,0,
2025.09.04 02:54:59,scan_skipped_same_execution_bar,USDJPY,2025.09.04 02:30:00,0,
2025.09.04 03:04:59,scan_executed_new_execution_bar,USDJPY,2025.09.04 02:45:00,0,
2025.09.04 03:09:59,scan_skipped_same_execution_bar,USDJPY,2025.09.04 02:45:00,0,
2025.09.04 03:19:59,scan_executed_new_execution_bar,USDJPY,2025.09.04 03:00:00,0,
2025.09.04 03:24:58,scan_skipped_same_execution_bar,USDJPY,2025.09.04 03:00:00,0,
2025.09.04 03:34:59,scan_executed_new_execution_bar,USDJPY,2025.09.04 03:15:00,0,
2025.09.04 03:39:59,scan_skipped_same_execution_bar,USDJPY,2025.09.04 03:15:00,0,
2025.09.04 03:49:58,scan_executed_new_execution_bar,USDJPY,2025.09.04 03:30:00,0,
2025.09.04 03:54:59,scan_skipped_same_execution_bar,USDJPY,2025.09.04 03:30:00,0,
2025.09.04 04:04:59,scan_executed_new_execution_bar,USDJPY,2025.09.04 03:45:00,16,
2025.09.04 04:09:59,scan_skipped_same_execution_bar,USDJPY,2025.09.04 03:45:00,0,
2025.09.04 04:19:59,scan_executed_new_execution_bar,USDJPY,2025.09.04 04:00:00,0,
2025.09.04 04:24:59,scan_skipped_same_execution_bar,USDJPY,2025.09.04 04:00:00,0,
2025.09.04 04:34:59,scan_executed_new_execution_bar,USDJPY,2025.09.04 04:15:00,16,
2025.09.04 04:39:59,scan_skipped_same_execution_bar,USDJPY,2025.09.04 04:15:00,0,
2025.09.04 04:49:59,scan_executed_new_execution_bar,USDJPY,2025.09.04 04:30:00,15,
2025.09.04 04:54:59,scan_skipped_same_execution_bar,USDJPY,2025.09.04 04:30:00,0,
2025.09.04 05:04:59,scan_executed_new_execution_bar,USDJPY,2025.09.04 04:45:00,16,
2025.09.04 05:09:59,scan_skipped_same_execution_bar,USDJPY,2025.09.04 04:45:00,0,
2025.09.04 05:19:59,scan_executed_new_execution_bar,USDJPY,2025.09.04 05:00:00,0,
2025.09.04 05:24:56,scan_skipped_same_execution_bar,USDJPY,2025.09.04 05:00:00,0,
2025.09.04 05:34:59,scan_executed_new_execution_bar,USDJPY,2025.09.04 05:15:00,16,
2025.09.04 05:39:59,scan_skipped_same_execution_bar,USDJPY,2025.09.04 05:15:00,0,
2025.09.04 05:49:59,scan_executed_new_execution_bar,USDJPY,2025.09.04 05:30:00,16,
2025.09.04 05:54:59,scan_skipped_same_execution_bar,USDJPY,2025.09.04 05:30:00,0,
2025.09.04 06:04:59,scan_executed_new_execution_bar,USDJPY,2025.09.04 05:45:00,0,
2025.09.04 06:09:59,scan_skipped_same_execution_bar,USDJPY,2025.09.04 05:45:00,0,
2025.09.04 06:19:59,scan_executed_new_execution_bar,USDJPY,2025.09.04 06:00:00,0,
2025.09.04 06:24:58,scan_skipped_same_execution_bar,USDJPY,2025.09.04 06:00:00,0,
2025.09.04 06:34:59,scan_executed_new_execution_bar,USDJPY,2025.09.04 06:15:00,0,
2025.09.04 06:39:59,scan_skipped_same_execution_bar,USDJPY,2025.09.04 06:15:00,0,
2025.09.04 06:50:00,scan_executed_new_execution_bar,USDJPY,2025.09.04 06:30:00,0,
2025.09.04 06:54:58,scan_skipped_same_execution_bar,USDJPY,2025.09.04 06:30:00,0,
2025.09.04 07:04:59,scan_executed_new_execution_bar,USDJPY,2025.09.04 06:45:00,0,
2025.09.04 07:09:59,scan_skipped_same_execution_bar,USDJPY,2025.09.04 06:45:00,0,
2025.09.04 07:19:58,scan_executed_new_execution_bar,USDJPY,2025.09.04 07:00:00,0,
2025.09.04 07:24:59,scan_skipped_same_execution_bar,USDJPY,2025.09.04 07:00:00,0,
2025.09.04 07:34:59,scan_executed_new_execution_bar,USDJPY,2025.09.04 07:15:00,15,
2025.09.04 07:39:59,scan_skipped_same_execution_bar,USDJPY,2025.09.04 07:15:00,0,
2025.09.04 07:49:59,scan_executed_new_execution_bar,USDJPY,2025.09.04 07:30:00,31,
2025.09.04 07:54:59,scan_skipped_same_execution_bar,USDJPY,2025.09.04 07:30:00,0,
2025.09.04 08:04:59,scan_executed_new_execution_bar,USDJPY,2025.09.04 07:45:00,0,
2025.09.04 08:09:59,scan_skipped_same_execution_bar,USDJPY,2025.09.04 07:45:00,0,
2025.09.04 08:19:59,scan_executed_new_execution_bar,USDJPY,2025.09.04 08:00:00,0,
2025.09.04 08:24:59,scan_skipped_same_execution_bar,USDJPY,2025.09.04 08:00:00,0,
2025.09.04 08:34:59,scan_executed_new_execution_bar,USDJPY,2025.09.04 08:15:00,31,
2025.09.04 08:39:59,scan_skipped_same_execution_bar,USDJPY,2025.09.04 08:15:00,0,
2025.09.04 08:49:58,scan_executed_new_execution_bar,USDJPY,2025.09.04 08:30:00,15,
2025.09.04 08:54:59,scan_skipped_same_execution_bar,USDJPY,2025.09.04 08:30:00,0,
2025.09.04 09:04:59,scan_executed_new_execution_bar,USDJPY,2025.09.04 08:45:00,16,
2025.09.04 09:09:59,scan_skipped_same_execution_bar,USDJPY,2025.09.04 08:45:00,0,
2025.09.04 09:20:00,scan_executed_new_execution_bar,USDJPY,2025.09.04 09:00:00,31,
2025.09.04 09:24:59,scan_skipped_same_execution_bar,USDJPY,2025.09.04 09:00:00,0,
2025.09.04 09:34:59,scan_executed_new_execution_bar,USDJPY,2025.09.04 09:15:00,0,
2025.09.04 09:39:59,scan_skipped_same_execution_bar,USDJPY,2025.09.04 09:15:00,0,
2025.09.04 09:49:59,scan_executed_new_execution_bar,USDJPY,2025.09.04 09:30:00,16,
2025.09.04 09:54:59,scan_skipped_same_execution_bar,USDJPY,2025.09.04 09:30:00,0,
2025.09.04 10:04:59,scan_executed_new_execution_bar,USDJPY,2025.09.04 09:45:00,15,
2025.09.04 10:09:59,scan_skipped_same_execution_bar,USDJPY,2025.09.04 09:45:00,0,
2025.09.04 10:19:59,scan_executed_new_execution_bar,USDJPY,2025.09.04 10:00:00,0,
2025.09.04 10:24:59,scan_skipped_same_execution_bar,USDJPY,2025.09.04 10:00:00,0,
2025.09.04 10:34:59,scan_executed_new_execution_bar,USDJPY,2025.09.04 10:15:00,0,
2025.09.04 10:39:59,scan_skipped_same_execution_bar,USDJPY,2025.09.04 10:15:00,0,
2025.09.04 10:49:59,scan_executed_new_execution_bar,USDJPY,2025.09.04 10:30:00,0,
2025.09.04 10:54:59,scan_skipped_same_execution_bar,USDJPY,2025.09.04 10:30:00,0,
2025.09.04 11:04:59,scan_executed_new_execution_bar,USDJPY,2025.09.04 10:45:00,0,
2025.09.04 11:09:59,scan_skipped_same_execution_bar,USDJPY,2025.09.04 10:45:00,0,
2025.09.04 11:19:59,scan_executed_new_execution_bar,USDJPY,2025.09.04 11:00:00,0,
2025.09.04 11:24:59,scan_skipped_same_execution_bar,USDJPY,2025.09.04 11:00:00,0,
2025.09.04 11:34:59,scan_executed_new_execution_bar,USDJPY,2025.09.04 11:15:00,0,
2025.09.04 11:40:00,scan_skipped_same_execution_bar,USDJPY,2025.09.04 11:15:00,0,
2025.09.04 11:49:59,scan_executed_new_execution_bar,USDJPY,2025.09.04 11:30:00,0,
2025.09.04 11:54:59,scan_skipped_same_execution_bar,USDJPY,2025.09.04 11:30:00,0,
2025.09.04 12:04:59,scan_executed_new_execution_bar,USDJPY,2025.09.04 11:45:00,16,
2025.09.04 12:09:59,scan_skipped_same_execution_bar,USDJPY,2025.09.04 11:45:00,0,
2025.09.04 12:20:00,scan_executed_new_execution_bar,USDJPY,2025.09.04 12:00:00,31,
2025.09.04 12:24:59,scan_skipped_same_execution_bar,USDJPY,2025.09.04 12:00:00,0,
2025.09.04 12:34:58,scan_executed_new_execution_bar,USDJPY,2025.09.04 12:15:00,31,
2025.09.04 12:39:59,scan_skipped_same_execution_bar,USDJPY,2025.09.04 12:15:00,0,
2025.09.04 12:49:59,scan_executed_new_execution_bar,USDJPY,2025.09.04 12:30:00,32,
2025.09.04 12:54:59,scan_skipped_same_execution_bar,USDJPY,2025.09.04 12:30:00,0,
2025.09.04 13:04:59,scan_executed_new_execution_bar,USDJPY,2025.09.04 12:45:00,0,
2025.09.04 13:09:59,scan_skipped_same_execution_bar,USDJPY,2025.09.04 12:45:00,0,
2025.09.04 13:19:59,scan_executed_new_execution_bar,USDJPY,2025.09.04 13:00:00,16,
2025.09.04 13:24:59,scan_skipped_same_execution_bar,USDJPY,2025.09.04 13:00:00,0,
2025.09.04 13:34:59,scan_executed_new_execution_bar,USDJPY,2025.09.04 13:15:00,16,
2025.09.04 13:39:59,scan_skipped_same_execution_bar,USDJPY,2025.09.04 13:15:00,0,
2025.09.04 13:49:59,scan_executed_new_execution_bar,USDJPY,2025.09.04 13:30:00,0,
2025.09.04 13:54:59,scan_skipped_same_execution_bar,USDJPY,2025.09.04 13:30:00,0,
2025.09.04 14:04:59,scan_executed_new_execution_bar,USDJPY,2025.09.04 13:45:00,31,
2025.09.04 14:09:59,scan_skipped_same_execution_bar,USDJPY,2025.09.04 13:45:00,0,
2025.09.04 14:19:59,scan_executed_new_execution_bar,USDJPY,2025.09.04 14:00:00,15,
2025.09.04 14:24:59,scan_skipped_same_execution_bar,USDJPY,2025.09.04 14:00:00,0,
2025.09.04 14:34:59,scan_executed_new_execution_bar,USDJPY,2025.09.04 14:15:00,15,
2025.09.04 14:39:59,scan_skipped_same_execution_bar,USDJPY,2025.09.04 14:15:00,0,
2025.09.04 14:49:59,scan_executed_new_execution_bar,USDJPY,2025.09.04 14:30:00,0,
2025.09.04 14:54:59,scan_skipped_same_execution_bar,USDJPY,2025.09.04 14:30:00,0,
2025.09.04 15:04:59,scan_executed_new_execution_bar,USDJPY,2025.09.04 14:45:00,0,
2025.09.04 15:09:59,scan_skipped_same_execution_bar,USDJPY,2025.09.04 14:45:00,0,
2025.09.04 15:19:59,scan_executed_new_execution_bar,USDJPY,2025.09.04 15:00:00,0,
2025.09.04 15:24:59,scan_skipped_same_execution_bar,USDJPY,2025.09.04 15:00:00,0,
2025.09.04 15:34:59,scan_executed_new_execution_bar,USDJPY,2025.09.04 15:15:00,0,
2025.09.04 15:39:59,scan_skipped_same_execution_bar,USDJPY,2025.09.04 15:15:00,0,
2025.09.04 15:49:59,scan_executed_new_execution_bar,USDJPY,2025.09.04 15:30:00,0,
2025.09.04 15:54:59,scan_skipped_same_execution_bar,USDJPY,2025.09.04 15:30:00,0,
2025.09.04 16:05:00,scan_executed_new_execution_bar,USDJPY,2025.09.04 15:45:00,31,
2025.09.04 16:09:59,scan_skipped_same_execution_bar,USDJPY,2025.09.04 15:45:00,0,
2025.09.04 16:19:59,scan_executed_new_execution_bar,USDJPY,2025.09.04 16:00:00,16,
2025.09.04 16:24:59,scan_skipped_same_execution_bar,USDJPY,2025.09.04 16:00:00,0,
2025.09.04 16:34:59,scan_executed_new_execution_bar,USDJPY,2025.09.04 16:15:00,0,
2025.09.04 16:39:59,scan_skipped_same_execution_bar,USDJPY,2025.09.04 16:15:00,0,
2025.09.04 16:49:59,scan_executed_new_execution_bar,USDJPY,2025.09.04 16:30:00,0,
2025.09.04 16:54:59,scan_skipped_same_execution_bar,USDJPY,2025.09.04 16:30:00,0,
2025.09.04 17:04:59,scan_executed_new_execution_bar,USDJPY,2025.09.04 16:45:00,31,
2025.09.04 17:09:59,scan_skipped_same_execution_bar,USDJPY,2025.09.04 16:45:00,0,
2025.09.04 17:19:59,scan_executed_new_execution_bar,USDJPY,2025.09.04 17:00:00,47,
2025.09.04 17:24:59,scan_skipped_same_execution_bar,USDJPY,2025.09.04 17:00:00,0,
2025.09.04 17:34:59,scan_executed_new_execution_bar,USDJPY,2025.09.04 17:15:00,16,
2025.09.04 17:39:59,scan_skipped_same_execution_bar,USDJPY,2025.09.04 17:15:00,0,
2025.09.04 17:49:59,scan_executed_new_execution_bar,USDJPY,2025.09.04 17:30:00,0,
2025.09.04 17:54:59,scan_skipped_same_execution_bar,USDJPY,2025.09.04 17:30:00,0,
2025.09.04 18:04:59,scan_executed_new_execution_bar,USDJPY,2025.09.04 17:45:00,15,
2025.09.04 18:09:59,scan_skipped_same_execution_bar,USDJPY,2025.09.04 17:45:00,0,
2025.09.04 18:19:59,scan_executed_new_execution_bar,USDJPY,2025.09.04 18:00:00,0,
2025.09.04 18:24:59,scan_skipped_same_execution_bar,USDJPY,2025.09.04 18:00:00,0,
2025.09.04 18:34:59,scan_executed_new_execution_bar,USDJPY,2025.09.04 18:15:00,47,
2025.09.04 18:39:59,scan_skipped_same_execution_bar,USDJPY,2025.09.04 18:15:00,0,
2025.09.04 18:49:59,scan_executed_new_execution_bar,USDJPY,2025.09.04 18:30:00,32,
2025.09.04 18:54:59,scan_skipped_same_execution_bar,USDJPY,2025.09.04 18:30:00,0,
2025.09.04 19:04:58,scan_executed_new_execution_bar,USDJPY,2025.09.04 18:45:00,62,
2025.09.04 19:09:59,scan_skipped_same_execution_bar,USDJPY,2025.09.04 18:45:00,0,
2025.09.04 19:19:59,scan_executed_new_execution_bar,USDJPY,2025.09.04 19:00:00,0,
2025.09.04 19:24:59,scan_skipped_same_execution_bar,USDJPY,2025.09.04 19:00:00,0,
2025.09.04 19:34:59,scan_executed_new_execution_bar,USDJPY,2025.09.04 19:15:00,32,
2025.09.04 19:39:59,scan_skipped_same_execution_bar,USDJPY,2025.09.04 19:15:00,0,
2025.09.04 19:49:59,scan_executed_new_execution_bar,USDJPY,2025.09.04 19:30:00,0,
2025.09.04 19:54:59,scan_skipped_same_execution_bar,USDJPY,2025.09.04 19:30:00,0,
2025.09.04 20:04:59,scan_executed_new_execution_bar,USDJPY,2025.09.04 19:45:00,0,
2025.09.04 20:09:58,scan_skipped_same_execution_bar,USDJPY,2025.09.04 19:45:00,0,
2025.09.04 20:19:59,scan_executed_new_execution_bar,USDJPY,2025.09.04 20:00:00,0,
2025.09.04 20:24:59,scan_skipped_same_execution_bar,USDJPY,2025.09.04 20:00:00,0,
2025.09.04 20:34:59,scan_executed_new_execution_bar,USDJPY,2025.09.04 20:15:00,0,
2025.09.04 20:39:59,scan_skipped_same_execution_bar,USDJPY,2025.09.04 20:15:00,0,
2025.09.04 20:49:59,scan_executed_new_execution_bar,USDJPY,2025.09.04 20:30:00,0,
2025.09.04 20:54:59,scan_skipped_same_execution_bar,USDJPY,2025.09.04 20:30:00,0,
2025.09.04 21:04:59,scan_executed_new_execution_bar,USDJPY,2025.09.04 20:45:00,0,
2025.09.04 21:09:59,scan_skipped_same_execution_bar,USDJPY,2025.09.04 20:45:00,0,
2025.09.04 21:19:59,scan_executed_new_execution_bar,USDJPY,2025.09.04 21:00:00,0,
2025.09.04 21:24:59,scan_skipped_same_execution_bar,USDJPY,2025.09.04 21:00:00,0,
2025.09.04 21:34:59,scan_executed_new_execution_bar,USDJPY,2025.09.04 21:15:00,0,
2025.09.04 21:39:59,scan_skipped_same_execution_bar,USDJPY,2025.09.04 21:15:00,0,
2025.09.04 21:49:59,scan_executed_new_execution_bar,USDJPY,2025.09.04 21:30:00,0,
2025.09.04 21:54:59,scan_skipped_same_execution_bar,USDJPY,2025.09.04 21:30:00,0,
2025.09.04 22:04:57,scan_executed_new_execution_bar,USDJPY,2025.09.04 21:45:00,0,
2025.09.04 22:09:59,scan_skipped_same_execution_bar,USDJPY,2025.09.04 21:45:00,0,
2025.09.04 22:19:59,scan_executed_new_execution_bar,USDJPY,2025.09.04 22:00:00,0,
2025.09.04 22:24:57,scan_skipped_same_execution_bar,USDJPY,2025.09.04 22:00:00,0,
2025.09.04 22:34:59,scan_executed_new_execution_bar,USDJPY,2025.09.04 22:15:00,0,
2025.09.04 22:39:59,scan_skipped_same_execution_bar,USDJPY,2025.09.04 22:15:00,0,
2025.09.04 22:49:59,scan_executed_new_execution_bar,USDJPY,2025.09.04 22:30:00,0,
2025.09.04 22:54:59,scan_skipped_same_execution_bar,USDJPY,2025.09.04 22:30:00,0,
2025.09.04 23:04:58,scan_executed_new_execution_bar,USDJPY,2025.09.04 22:45:00,0,
2025.09.04 23:09:59,scan_skipped_same_execution_bar,USDJPY,2025.09.04 22:45:00,0,
2025.09.04 23:19:59,scan_executed_new_execution_bar,USDJPY,2025.09.04 23:00:00,0,
2025.09.04 23:24:59,scan_skipped_same_execution_bar,USDJPY,2025.09.04 23:00:00,0,
2025.09.04 23:34:59,scan_executed_new_execution_bar,USDJPY,2025.09.04 23:15:00,0,
2025.09.04 23:39:59,scan_skipped_same_execution_bar,USDJPY,2025.09.04 23:15:00,0,
2025.09.04 23:49:59,scan_executed_new_execution_bar,USDJPY,2025.09.04 23:30:00,0,
2025.09.04 23:54:59,scan_skipped_same_execution_bar,USDJPY,2025.09.04 23:30:00,0,
2025.09.05 00:04:56,scan_executed_new_execution_bar,USDJPY,2025.09.04 23:45:00,0,
2025.09.05 00:09:59,scan_skipped_same_execution_bar,USDJPY,2025.09.04 23:45:00,0,
2025.09.05 00:19:58,scan_executed_new_execution_bar,USDJPY,2025.09.05 00:00:00,0,
2025.09.05 00:24:54,scan_skipped_same_execution_bar,USDJPY,2025.09.05 00:00:00,0,
2025.09.05 00:34:56,scan_executed_new_execution_bar,USDJPY,2025.09.05 00:15:00,0,
2025.09.05 00:39:59,scan_skipped_same_execution_bar,USDJPY,2025.09.05 00:15:00,0,
2025.09.05 00:49:59,scan_executed_new_execution_bar,USDJPY,2025.09.05 00:30:00,0,
2025.09.05 00:54:59,scan_skipped_same_execution_bar,USDJPY,2025.09.05 00:30:00,0,
2025.09.05 01:04:59,scan_executed_new_execution_bar,USDJPY,2025.09.05 00:45:00,0,
2025.09.05 01:09:58,scan_skipped_same_execution_bar,USDJPY,2025.09.05 00:45:00,0,
2025.09.05 01:19:59,scan_executed_new_execution_bar,USDJPY,2025.09.05 01:00:00,0,
2025.09.05 01:24:59,scan_skipped_same_execution_bar,USDJPY,2025.09.05 01:00:00,0,
2025.09.05 01:34:59,scan_executed_new_execution_bar,USDJPY,2025.09.05 01:15:00,0,
2025.09.05 01:39:59,scan_skipped_same_execution_bar,USDJPY,2025.09.05 01:15:00,0,
2025.09.05 01:49:59,scan_executed_new_execution_bar,USDJPY,2025.09.05 01:30:00,0,
2025.09.05 01:54:59,scan_skipped_same_execution_bar,USDJPY,2025.09.05 01:30:00,0,
2025.09.05 02:04:59,scan_executed_new_execution_bar,USDJPY,2025.09.05 01:45:00,0,
2025.09.05 02:09:58,scan_skipped_same_execution_bar,USDJPY,2025.09.05 01:45:00,0,
2025.09.05 02:19:59,scan_executed_new_execution_bar,USDJPY,2025.09.05 02:00:00,0,
2025.09.05 02:24:59,scan_skipped_same_execution_bar,USDJPY,2025.09.05 02:00:00,0,
2025.09.05 02:34:58,scan_executed_new_execution_bar,USDJPY,2025.09.05 02:15:00,0,
2025.09.05 02:39:58,scan_skipped_same_execution_bar,USDJPY,2025.09.05 02:15:00,0,
2025.09.05 02:49:59,scan_executed_new_execution_bar,USDJPY,2025.09.05 02:30:00,0,
2025.09.05 02:54:59,scan_skipped_same_execution_bar,USDJPY,2025.09.05 02:30:00,0,
2025.09.05 03:04:59,scan_executed_new_execution_bar,USDJPY,2025.09.05 02:45:00,0,
2025.09.05 03:10:00,scan_skipped_same_execution_bar,USDJPY,2025.09.05 02:45:00,0,
2025.09.05 03:19:59,scan_executed_new_execution_bar,USDJPY,2025.09.05 03:00:00,0,
2025.09.05 03:24:59,scan_skipped_same_execution_bar,USDJPY,2025.09.05 03:00:00,0,
2025.09.05 03:34:58,scan_executed_new_execution_bar,USDJPY,2025.09.05 03:15:00,0,
2025.09.05 03:39:59,scan_skipped_same_execution_bar,USDJPY,2025.09.05 03:15:00,0,
2025.09.05 03:49:59,scan_executed_new_execution_bar,USDJPY,2025.09.05 03:30:00,0,
2025.09.05 03:54:59,scan_skipped_same_execution_bar,USDJPY,2025.09.05 03:30:00,0,
2025.09.05 04:04:58,scan_executed_new_execution_bar,USDJPY,2025.09.05 03:45:00,0,
2025.09.05 04:09:59,scan_skipped_same_execution_bar,USDJPY,2025.09.05 03:45:00,0,
2025.09.05 04:19:59,scan_executed_new_execution_bar,USDJPY,2025.09.05 04:00:00,0,
2025.09.05 04:24:59,scan_skipped_same_execution_bar,USDJPY,2025.09.05 04:00:00,0,
2025.09.05 04:34:59,scan_executed_new_execution_bar,USDJPY,2025.09.05 04:15:00,0,
2025.09.05 04:39:59,scan_skipped_same_execution_bar,USDJPY,2025.09.05 04:15:00,0,
2025.09.05 04:49:59,scan_executed_new_execution_bar,USDJPY,2025.09.05 04:30:00,0,
2025.09.05 04:54:59,scan_skipped_same_execution_bar,USDJPY,2025.09.05 04:30:00,0,
2025.09.05 05:04:59,scan_executed_new_execution_bar,USDJPY,2025.09.05 04:45:00,0,
2025.09.05 05:09:59,scan_skipped_same_execution_bar,USDJPY,2025.09.05 04:45:00,0,
2025.09.05 05:19:59,scan_executed_new_execution_bar,USDJPY,2025.09.05 05:00:00,0,
2025.09.05 05:24:58,scan_skipped_same_execution_bar,USDJPY,2025.09.05 05:00:00,0,
2025.09.05 05:34:59,scan_executed_new_execution_bar,USDJPY,2025.09.05 05:15:00,0,
2025.09.05 05:39:58,scan_skipped_same_execution_bar,USDJPY,2025.09.05 05:15:00,0,
2025.09.05 05:49:59,scan_executed_new_execution_bar,USDJPY,2025.09.05 05:30:00,0,
2025.09.05 05:54:59,scan_skipped_same_execution_bar,USDJPY,2025.09.05 05:30:00,0,
2025.09.05 06:04:59,scan_executed_new_execution_bar,USDJPY,2025.09.05 05:45:00,0,
2025.09.05 06:09:59,scan_skipped_same_execution_bar,USDJPY,2025.09.05 05:45:00,0,
2025.09.05 06:19:59,scan_executed_new_execution_bar,USDJPY,2025.09.05 06:00:00,0,
2025.09.05 06:24:59,scan_skipped_same_execution_bar,USDJPY,2025.09.05 06:00:00,0,
2025.09.05 06:34:59,scan_executed_new_execution_bar,USDJPY,2025.09.05 06:15:00,0,
2025.09.05 06:39:59,scan_skipped_same_execution_bar,USDJPY,2025.09.05 06:15:00,0,
2025.09.05 06:49:59,scan_executed_new_execution_bar,USDJPY,2025.09.05 06:30:00,16,
2025.09.05 06:54:59,scan_skipped_same_execution_bar,USDJPY,2025.09.05 06:30:00,0,
2025.09.05 07:04:59,scan_executed_new_execution_bar,USDJPY,2025.09.05 06:45:00,0,
2025.09.05 07:09:59,scan_skipped_same_execution_bar,USDJPY,2025.09.05 06:45:00,0,
2025.09.05 07:19:59,scan_executed_new_execution_bar,USDJPY,2025.09.05 07:00:00,0,
2025.09.05 07:24:59,scan_skipped_same_execution_bar,USDJPY,2025.09.05 07:00:00,0,
2025.09.05 07:34:59,scan_executed_new_execution_bar,USDJPY,2025.09.05 07:15:00,0,
2025.09.05 07:39:59,scan_skipped_same_execution_bar,USDJPY,2025.09.05 07:15:00,0,
2025.09.05 07:49:58,scan_executed_new_execution_bar,USDJPY,2025.09.05 07:30:00,0,
2025.09.05 07:54:56,scan_skipped_same_execution_bar,USDJPY,2025.09.05 07:30:00,0,
2025.09.05 08:04:59,scan_executed_new_execution_bar,USDJPY,2025.09.05 07:45:00,0,
2025.09.05 08:09:59,scan_skipped_same_execution_bar,USDJPY,2025.09.05 07:45:00,0,
2025.09.05 08:19:59,scan_executed_new_execution_bar,USDJPY,2025.09.05 08:00:00,0,
2025.09.05 08:24:59,scan_skipped_same_execution_bar,USDJPY,2025.09.05 08:00:00,0,
2025.09.05 08:34:59,scan_executed_new_execution_bar,USDJPY,2025.09.05 08:15:00,0,
2025.09.05 08:39:57,scan_skipped_same_execution_bar,USDJPY,2025.09.05 08:15:00,0,
2025.09.05 08:49:59,scan_executed_new_execution_bar,USDJPY,2025.09.05 08:30:00,0,
2025.09.05 08:54:59,scan_skipped_same_execution_bar,USDJPY,2025.09.05 08:30:00,0,
2025.09.05 09:04:58,scan_executed_new_execution_bar,USDJPY,2025.09.05 08:45:00,0,
2025.09.05 09:09:59,scan_skipped_same_execution_bar,USDJPY,2025.09.05 08:45:00,0,
2025.09.05 09:19:59,scan_executed_new_execution_bar,USDJPY,2025.09.05 09:00:00,0,
2025.09.05 09:24:59,scan_skipped_same_execution_bar,USDJPY,2025.09.05 09:00:00,0,
2025.09.05 09:34:58,scan_executed_new_execution_bar,USDJPY,2025.09.05 09:15:00,0,
2025.09.05 09:39:59,scan_skipped_same_execution_bar,USDJPY,2025.09.05 09:15:00,0,
2025.09.05 09:49:59,scan_executed_new_execution_bar,USDJPY,2025.09.05 09:30:00,15,
2025.09.05 09:54:59,scan_skipped_same_execution_bar,USDJPY,2025.09.05 09:30:00,0,
2025.09.05 10:04:59,scan_executed_new_execution_bar,USDJPY,2025.09.05 09:45:00,16,
2025.09.05 10:09:59,scan_skipped_same_execution_bar,USDJPY,2025.09.05 09:45:00,0,
2025.09.05 10:19:59,scan_executed_new_execution_bar,USDJPY,2025.09.05 10:00:00,0,
2025.09.05 10:24:59,scan_skipped_same_execution_bar,USDJPY,2025.09.05 10:00:00,0,
2025.09.05 10:34:59,scan_executed_new_execution_bar,USDJPY,2025.09.05 10:15:00,0,
2025.09.05 10:39:59,scan_skipped_same_execution_bar,USDJPY,2025.09.05 10:15:00,0,
2025.09.05 10:49:59,scan_executed_new_execution_bar,USDJPY,2025.09.05 10:30:00,0,
2025.09.05 10:54:59,scan_skipped_same_execution_bar,USDJPY,2025.09.05 10:30:00,0,
2025.09.05 11:04:59,scan_executed_new_execution_bar,USDJPY,2025.09.05 10:45:00,0,
2025.09.05 11:09:59,scan_skipped_same_execution_bar,USDJPY,2025.09.05 10:45:00,0,
2025.09.05 11:19:59,scan_executed_new_execution_bar,USDJPY,2025.09.05 11:00:00,0,
2025.09.05 11:24:59,scan_skipped_same_execution_bar,USDJPY,2025.09.05 11:00:00,0,
2025.09.05 11:34:59,scan_executed_new_execution_bar,USDJPY,2025.09.05 11:15:00,0,
2025.09.05 11:39:59,scan_skipped_same_execution_bar,USDJPY,2025.09.05 11:15:00,0,
2025.09.05 11:49:59,scan_executed_new_execution_bar,USDJPY,2025.09.05 11:30:00,0,
2025.09.05 11:54:58,scan_skipped_same_execution_bar,USDJPY,2025.09.05 11:30:00,0,
2025.09.05 12:04:59,scan_executed_new_execution_bar,USDJPY,2025.09.05 11:45:00,0,
2025.09.05 12:09:59,scan_skipped_same_execution_bar,USDJPY,2025.09.05 11:45:00,0,
2025.09.05 12:19:59,scan_executed_new_execution_bar,USDJPY,2025.09.05 12:00:00,0,
2025.09.05 12:24:58,scan_skipped_same_execution_bar,USDJPY,2025.09.05 12:00:00,0,
2025.09.05 12:34:59,scan_executed_new_execution_bar,USDJPY,2025.09.05 12:15:00,0,
2025.09.05 12:39:59,scan_skipped_same_execution_bar,USDJPY,2025.09.05 12:15:00,0,
2025.09.05 12:49:58,scan_executed_new_execution_bar,USDJPY,2025.09.05 12:30:00,16,
2025.09.05 12:54:59,scan_skipped_same_execution_bar,USDJPY,2025.09.05 12:30:00,0,
2025.09.05 13:04:58,scan_executed_new_execution_bar,USDJPY,2025.09.05 12:45:00,0,
2025.09.05 13:09:59,scan_skipped_same_execution_bar,USDJPY,2025.09.05 12:45:00,0,
2025.09.05 13:19:59,scan_executed_new_execution_bar,USDJPY,2025.09.05 13:00:00,0,
2025.09.05 13:24:59,scan_skipped_same_execution_bar,USDJPY,2025.09.05 13:00:00,0,
2025.09.05 13:34:59,scan_executed_new_execution_bar,USDJPY,2025.09.05 13:15:00,0,
2025.09.05 13:39:59,scan_skipped_same_execution_bar,USDJPY,2025.09.05 13:15:00,0,
2025.09.05 13:49:59,scan_executed_new_execution_bar,USDJPY,2025.09.05 13:30:00,0,
2025.09.05 13:54:59,scan_skipped_same_execution_bar,USDJPY,2025.09.05 13:30:00,0,
2025.09.05 14:04:59,scan_executed_new_execution_bar,USDJPY,2025.09.05 13:45:00,31,
2025.09.05 14:09:59,scan_skipped_same_execution_bar,USDJPY,2025.09.05 13:45:00,0,
2025.09.05 14:19:59,scan_executed_new_execution_bar,USDJPY,2025.09.05 14:00:00,0,
2025.09.05 14:24:59,scan_skipped_same_execution_bar,USDJPY,2025.09.05 14:00:00,0,
2025.09.05 14:34:59,scan_executed_new_execution_bar,USDJPY,2025.09.05 14:15:00,0,
2025.09.05 14:39:59,scan_skipped_same_execution_bar,USDJPY,2025.09.05 14:15:00,0,
2025.09.05 14:49:59,scan_executed_new_execution_bar,USDJPY,2025.09.05 14:30:00,0,
2025.09.05 14:54:59,scan_skipped_same_execution_bar,USDJPY,2025.09.05 14:30:00,0,
2025.09.05 15:04:59,scan_executed_new_execution_bar,USDJPY,2025.09.05 14:45:00,0,
2025.09.05 15:09:59,scan_skipped_same_execution_bar,USDJPY,2025.09.05 14:45:00,0,
2025.09.05 15:19:59,scan_executed_new_execution_bar,USDJPY,2025.09.05 15:00:00,0,
2025.09.05 15:24:59,scan_skipped_same_execution_bar,USDJPY,2025.09.05 15:00:00,0,
2025.09.05 15:34:59,scan_executed_new_execution_bar,USDJPY,2025.09.05 15:15:00,0,
2025.09.05 15:39:59,scan_skipped_same_execution_bar,USDJPY,2025.09.05 15:15:00,0,
2025.09.05 15:49:59,scan_executed_new_execution_bar,USDJPY,2025.09.05 15:30:00,0,
2025.09.05 15:54:59,scan_skipped_same_execution_bar,USDJPY,2025.09.05 15:30:00,0,
2025.09.05 16:04:59,scan_executed_new_execution_bar,USDJPY,2025.09.05 15:45:00,0,
2025.09.05 16:09:59,scan_skipped_same_execution_bar,USDJPY,2025.09.05 15:45:00,0,
2025.09.05 16:19:59,scan_executed_new_execution_bar,USDJPY,2025.09.05 16:00:00,0,
2025.09.05 16:24:59,scan_skipped_same_execution_bar,USDJPY,2025.09.05 16:00:00,0,
2025.09.05 16:34:59,scan_executed_new_execution_bar,USDJPY,2025.09.05 16:15:00,32,
2025.09.05 16:39:59,scan_skipped_same_execution_bar,USDJPY,2025.09.05 16:15:00,0,
2025.09.05 16:49:59,scan_executed_new_execution_bar,USDJPY,2025.09.05 16:30:00,0,
2025.09.05 16:54:59,scan_skipped_same_execution_bar,USDJPY,2025.09.05 16:30:00,0,
2025.09.05 17:04:59,scan_executed_new_execution_bar,USDJPY,2025.09.05 16:45:00,0,
2025.09.05 17:09:59,scan_skipped_same_execution_bar,USDJPY,2025.09.05 16:45:00,0,
2025.09.05 17:19:59,scan_executed_new_execution_bar,USDJPY,2025.09.05 17:00:00,16,
2025.09.05 17:24:59,scan_skipped_same_execution_bar,USDJPY,2025.09.05 17:00:00,0,
2025.09.05 17:35:00,scan_executed_new_execution_bar,USDJPY,2025.09.05 17:15:00,31,
2025.09.05 17:39:59,scan_skipped_same_execution_bar,USDJPY,2025.09.05 17:15:00,0,
2025.09.05 17:49:59,scan_executed_new_execution_bar,USDJPY,2025.09.05 17:30:00,0,
2025.09.05 17:54:59,scan_skipped_same_execution_bar,USDJPY,2025.09.05 17:30:00,0,
2025.09.05 18:04:59,scan_executed_new_execution_bar,USDJPY,2025.09.05 17:45:00,47,
2025.09.05 18:09:59,scan_skipped_same_execution_bar,USDJPY,2025.09.05 17:45:00,0,
2025.09.05 18:19:59,scan_executed_new_execution_bar,USDJPY,2025.09.05 18:00:00,0,
2025.09.05 18:24:59,scan_skipped_same_execution_bar,USDJPY,2025.09.05 18:00:00,0,
2025.09.05 18:34:59,scan_executed_new_execution_bar,USDJPY,2025.09.05 18:15:00,62,
2025.09.05 18:39:59,scan_skipped_same_execution_bar,USDJPY,2025.09.05 18:15:00,0,
2025.09.05 18:49:59,scan_executed_new_execution_bar,USDJPY,2025.09.05 18:30:00,0,
2025.09.05 18:54:59,scan_skipped_same_execution_bar,USDJPY,2025.09.05 18:30:00,0,
2025.09.05 19:04:59,scan_executed_new_execution_bar,USDJPY,2025.09.05 18:45:00,16,
2025.09.05 19:09:59,scan_skipped_same_execution_bar,USDJPY,2025.09.05 18:45:00,0,
2025.09.05 19:19:59,scan_executed_new_execution_bar,USDJPY,2025.09.05 19:00:00,0,
2025.09.05 19:24:59,scan_skipped_same_execution_bar,USDJPY,2025.09.05 19:00:00,0,
2025.09.05 19:34:59,scan_executed_new_execution_bar,USDJPY,2025.09.05 19:15:00,63,
2025.09.05 19:39:59,scan_skipped_same_execution_bar,USDJPY,2025.09.05 19:15:00,0,
2025.09.05 19:49:59,scan_executed_new_execution_bar,USDJPY,2025.09.05 19:30:00,47,
2025.09.05 19:54:59,scan_skipped_same_execution_bar,USDJPY,2025.09.05 19:30:00,0,
2025.09.05 20:04:59,scan_executed_new_execution_bar,USDJPY,2025.09.05 19:45:00,0,
2025.09.05 20:09:59,scan_skipped_same_execution_bar,USDJPY,2025.09.05 19:45:00,0,
2025.09.05 20:19:59,scan_executed_new_execution_bar,USDJPY,2025.09.05 20:00:00,0,
2025.09.05 20:24:59,scan_skipped_same_execution_bar,USDJPY,2025.09.05 20:00:00,0,
2025.09.05 20:34:57,scan_executed_new_execution_bar,USDJPY,2025.09.05 20:15:00,0,
2025.09.05 20:39:59,scan_skipped_same_execution_bar,USDJPY,2025.09.05 20:15:00,0,
2025.09.05 20:49:59,scan_executed_new_execution_bar,USDJPY,2025.09.05 20:30:00,0,
2025.09.05 20:54:59,scan_skipped_same_execution_bar,USDJPY,2025.09.05 20:30:00,0,
2025.09.05 21:04:59,scan_executed_new_execution_bar,USDJPY,2025.09.05 20:45:00,0,
2025.09.05 21:09:59,scan_skipped_same_execution_bar,USDJPY,2025.09.05 20:45:00,0,
2025.09.05 21:19:58,scan_executed_new_execution_bar,USDJPY,2025.09.05 21:00:00,0,
2025.09.05 21:24:59,scan_skipped_same_execution_bar,USDJPY,2025.09.05 21:00:00,0,
2025.09.05 21:34:59,scan_executed_new_execution_bar,USDJPY,2025.09.05 21:15:00,0,
2025.09.05 21:39:59,scan_skipped_same_execution_bar,USDJPY,2025.09.05 21:15:00,0,
2025.09.05 21:49:59,scan_executed_new_execution_bar,USDJPY,2025.09.05 21:30:00,0,
2025.09.05 21:54:59,scan_skipped_same_execution_bar,USDJPY,2025.09.05 21:30:00,0,
2025.09.05 22:04:59,scan_executed_new_execution_bar,USDJPY,2025.09.05 21:45:00,0,
2025.09.05 22:09:59,scan_skipped_same_execution_bar,USDJPY,2025.09.05 21:45:00,0,
2025.09.05 22:19:59,scan_executed_new_execution_bar,USDJPY,2025.09.05 22:00:00,16,
2025.09.05 22:24:59,scan_skipped_same_execution_bar,USDJPY,2025.09.05 22:00:00,0,
2025.09.05 22:34:58,scan_executed_new_execution_bar,USDJPY,2025.09.05 22:15:00,0,
2025.09.05 22:39:59,scan_skipped_same_execution_bar,USDJPY,2025.09.05 22:15:00,0,
2025.09.05 22:49:59,scan_executed_new_execution_bar,USDJPY,2025.09.05 22:30:00,0,
2025.09.05 22:54:59,scan_skipped_same_execution_bar,USDJPY,2025.09.05 22:30:00,0,
2025.09.05 23:04:57,scan_executed_new_execution_bar,USDJPY,2025.09.05 22:45:00,0,
2025.09.05 23:09:56,scan_skipped_same_execution_bar,USDJPY,2025.09.05 22:45:00,0,
2025.09.05 23:19:59,scan_executed_new_execution_bar,USDJPY,2025.09.05 23:00:00,0,
2025.09.05 23:24:59,scan_skipped_same_execution_bar,USDJPY,2025.09.05 23:00:00,0,
2025.09.05 23:34:59,scan_executed_new_execution_bar,USDJPY,2025.09.05 23:15:00,0,
2025.09.05 23:40:00,scan_skipped_same_execution_bar,USDJPY,2025.09.05 23:15:00,0,
2025.09.05 23:49:59,scan_executed_new_execution_bar,USDJPY,2025.09.05 23:30:00,0,
2025.09.05 23:54:59,scan_skipped_same_execution_bar,USDJPY,2025.09.05 23:30:00,0,
2025.09.08 00:04:53,scan_executed_new_execution_bar,USDJPY,2025.09.05 23:45:00,0,
2025.09.08 00:09:59,scan_skipped_same_execution_bar,USDJPY,2025.09.05 23:45:00,0,
2025.09.08 00:19:59,scan_executed_new_execution_bar,USDJPY,2025.09.08 00:00:00,0,
2025.09.08 00:24:59,scan_skipped_same_execution_bar,USDJPY,2025.09.08 00:00:00,0,
2025.09.08 00:34:56,scan_executed_new_execution_bar,USDJPY,2025.09.08 00:15:00,0,
2025.09.08 00:39:56,scan_skipped_same_execution_bar,USDJPY,2025.09.08 00:15:00,0,
2025.09.08 00:49:59,scan_executed_new_execution_bar,USDJPY,2025.09.08 00:30:00,0,
2025.09.08 00:54:59,scan_skipped_same_execution_bar,USDJPY,2025.09.08 00:30:00,0,
2025.09.08 01:04:59,scan_executed_new_execution_bar,USDJPY,2025.09.08 00:45:00,15,
2025.09.08 01:09:59,scan_skipped_same_execution_bar,USDJPY,2025.09.08 00:45:00,0,
2025.09.08 01:19:59,scan_executed_new_execution_bar,USDJPY,2025.09.08 01:00:00,0,
2025.09.08 01:24:59,scan_skipped_same_execution_bar,USDJPY,2025.09.08 01:00:00,0,
2025.09.08 01:34:57,scan_executed_new_execution_bar,USDJPY,2025.09.08 01:15:00,31,
2025.09.08 01:39:59,scan_skipped_same_execution_bar,USDJPY,2025.09.08 01:15:00,0,
2025.09.08 01:49:59,scan_executed_new_execution_bar,USDJPY,2025.09.08 01:30:00,0,
2025.09.08 01:54:54,scan_skipped_same_execution_bar,USDJPY,2025.09.08 01:30:00,0,
2025.09.08 02:05:00,scan_executed_new_execution_bar,USDJPY,2025.09.08 01:45:00,0,
2025.09.08 02:09:59,scan_skipped_same_execution_bar,USDJPY,2025.09.08 01:45:00,0,
2025.09.08 02:19:59,scan_executed_new_execution_bar,USDJPY,2025.09.08 02:00:00,31,
2025.09.08 02:24:59,scan_skipped_same_execution_bar,USDJPY,2025.09.08 02:00:00,0,
2025.09.08 02:34:59,scan_executed_new_execution_bar,USDJPY,2025.09.08 02:15:00,0,
2025.09.08 02:39:56,scan_skipped_same_execution_bar,USDJPY,2025.09.08 02:15:00,0,
2025.09.08 02:49:59,scan_executed_new_execution_bar,USDJPY,2025.09.08 02:30:00,16,
2025.09.08 02:54:59,scan_skipped_same_execution_bar,USDJPY,2025.09.08 02:30:00,0,
2025.09.08 03:04:59,scan_executed_new_execution_bar,USDJPY,2025.09.08 02:45:00,0,
2025.09.08 03:09:59,scan_skipped_same_execution_bar,USDJPY,2025.09.08 02:45:00,0,
2025.09.08 03:19:59,scan_executed_new_execution_bar,USDJPY,2025.09.08 03:00:00,0,
2025.09.08 03:24:59,scan_skipped_same_execution_bar,USDJPY,2025.09.08 03:00:00,0,
2025.09.08 03:34:59,scan_executed_new_execution_bar,USDJPY,2025.09.08 03:15:00,0,
2025.09.08 03:39:58,scan_skipped_same_execution_bar,USDJPY,2025.09.08 03:15:00,0,
2025.09.08 03:49:59,scan_executed_new_execution_bar,USDJPY,2025.09.08 03:30:00,46,
2025.09.08 03:54:59,scan_skipped_same_execution_bar,USDJPY,2025.09.08 03:30:00,0,
2025.09.08 04:04:59,scan_executed_new_execution_bar,USDJPY,2025.09.08 03:45:00,16,
2025.09.08 04:09:59,scan_skipped_same_execution_bar,USDJPY,2025.09.08 03:45:00,0,
2025.09.08 04:19:59,scan_executed_new_execution_bar,USDJPY,2025.09.08 04:00:00,31,
2025.09.08 04:24:59,scan_skipped_same_execution_bar,USDJPY,2025.09.08 04:00:00,0,
2025.09.08 04:34:59,scan_executed_new_execution_bar,USDJPY,2025.09.08 04:15:00,16,
2025.09.08 04:39:59,scan_skipped_same_execution_bar,USDJPY,2025.09.08 04:15:00,0,
2025.09.08 04:49:59,scan_executed_new_execution_bar,USDJPY,2025.09.08 04:30:00,0,
2025.09.08 04:54:59,scan_skipped_same_execution_bar,USDJPY,2025.09.08 04:30:00,0,
2025.09.08 05:04:59,scan_executed_new_execution_bar,USDJPY,2025.09.08 04:45:00,15,
2025.09.08 05:09:59,scan_skipped_same_execution_bar,USDJPY,2025.09.08 04:45:00,0,
2025.09.08 05:19:59,scan_executed_new_execution_bar,USDJPY,2025.09.08 05:00:00,16,
2025.09.08 05:24:59,scan_skipped_same_execution_bar,USDJPY,2025.09.08 05:00:00,0,
2025.09.08 05:34:59,scan_executed_new_execution_bar,USDJPY,2025.09.08 05:15:00,0,
2025.09.08 05:39:59,scan_skipped_same_execution_bar,USDJPY,2025.09.08 05:15:00,0,
2025.09.08 05:50:00,scan_executed_new_execution_bar,USDJPY,2025.09.08 05:30:00,0,
2025.09.08 05:54:59,scan_skipped_same_execution_bar,USDJPY,2025.09.08 05:30:00,0,
2025.09.08 06:04:59,scan_executed_new_execution_bar,USDJPY,2025.09.08 05:45:00,0,
2025.09.08 06:09:58,scan_skipped_same_execution_bar,USDJPY,2025.09.08 05:45:00,0,
2025.09.08 06:19:59,scan_executed_new_execution_bar,USDJPY,2025.09.08 06:00:00,0,
2025.09.08 06:24:57,scan_skipped_same_execution_bar,USDJPY,2025.09.08 06:00:00,0,
2025.09.08 06:34:59,scan_executed_new_execution_bar,USDJPY,2025.09.08 06:15:00,0,
2025.09.08 06:39:59,scan_skipped_same_execution_bar,USDJPY,2025.09.08 06:15:00,0,
2025.09.08 06:49:57,scan_executed_new_execution_bar,USDJPY,2025.09.08 06:30:00,0,
2025.09.08 06:54:59,scan_skipped_same_execution_bar,USDJPY,2025.09.08 06:30:00,0,
2025.09.08 07:04:59,scan_executed_new_execution_bar,USDJPY,2025.09.08 06:45:00,0,
2025.09.08 07:09:59,scan_skipped_same_execution_bar,USDJPY,2025.09.08 06:45:00,0,
2025.09.08 07:19:59,scan_executed_new_execution_bar,USDJPY,2025.09.08 07:00:00,0,
2025.09.08 07:24:59,scan_skipped_same_execution_bar,USDJPY,2025.09.08 07:00:00,0,
2025.09.08 07:34:59,scan_executed_new_execution_bar,USDJPY,2025.09.08 07:15:00,0,
2025.09.08 07:40:00,scan_skipped_same_execution_bar,USDJPY,2025.09.08 07:15:00,0,
2025.09.08 07:49:59,scan_executed_new_execution_bar,USDJPY,2025.09.08 07:30:00,0,
2025.09.08 07:54:59,scan_skipped_same_execution_bar,USDJPY,2025.09.08 07:30:00,0,
2025.09.08 08:04:59,scan_executed_new_execution_bar,USDJPY,2025.09.08 07:45:00,16,
2025.09.08 08:09:59,scan_skipped_same_execution_bar,USDJPY,2025.09.08 07:45:00,0,
2025.09.08 08:19:59,scan_executed_new_execution_bar,USDJPY,2025.09.08 08:00:00,0,
2025.09.08 08:24:59,scan_skipped_same_execution_bar,USDJPY,2025.09.08 08:00:00,0,
2025.09.08 08:34:59,scan_executed_new_execution_bar,USDJPY,2025.09.08 08:15:00,0,
2025.09.08 08:39:59,scan_skipped_same_execution_bar,USDJPY,2025.09.08 08:15:00,0,
2025.09.08 08:49:59,scan_executed_new_execution_bar,USDJPY,2025.09.08 08:30:00,15,
2025.09.08 08:54:59,scan_skipped_same_execution_bar,USDJPY,2025.09.08 08:30:00,0,
2025.09.08 09:04:59,scan_executed_new_execution_bar,USDJPY,2025.09.08 08:45:00,15,
2025.09.08 09:09:59,scan_skipped_same_execution_bar,USDJPY,2025.09.08 08:45:00,0,
2025.09.08 09:19:59,scan_executed_new_execution_bar,USDJPY,2025.09.08 09:00:00,0,
2025.09.08 09:24:59,scan_skipped_same_execution_bar,USDJPY,2025.09.08 09:00:00,0,
2025.09.08 09:34:59,scan_executed_new_execution_bar,USDJPY,2025.09.08 09:15:00,0,
2025.09.08 09:40:00,scan_skipped_same_execution_bar,USDJPY,2025.09.08 09:15:00,0,
2025.09.08 09:49:59,scan_executed_new_execution_bar,USDJPY,2025.09.08 09:30:00,0,
2025.09.08 09:54:59,scan_skipped_same_execution_bar,USDJPY,2025.09.08 09:30:00,0,
2025.09.08 10:04:59,scan_executed_new_execution_bar,USDJPY,2025.09.08 09:45:00,0,
2025.09.08 10:09:59,scan_skipped_same_execution_bar,USDJPY,2025.09.08 09:45:00,0,
2025.09.08 10:19:59,scan_executed_new_execution_bar,USDJPY,2025.09.08 10:00:00,0,
2025.09.08 10:24:59,scan_skipped_same_execution_bar,USDJPY,2025.09.08 10:00:00,0,
2025.09.08 10:34:59,scan_executed_new_execution_bar,USDJPY,2025.09.08 10:15:00,0,
2025.09.08 10:39:59,scan_skipped_same_execution_bar,USDJPY,2025.09.08 10:15:00,0,
2025.09.08 10:49:59,scan_executed_new_execution_bar,USDJPY,2025.09.08 10:30:00,0,
2025.09.08 10:54:59,scan_skipped_same_execution_bar,USDJPY,2025.09.08 10:30:00,0,
2025.09.08 11:04:59,scan_executed_new_execution_bar,USDJPY,2025.09.08 10:45:00,0,
2025.09.08 11:09:59,scan_skipped_same_execution_bar,USDJPY,2025.09.08 10:45:00,0,
2025.09.08 11:19:59,scan_executed_new_execution_bar,USDJPY,2025.09.08 11:00:00,0,
2025.09.08 11:24:59,scan_skipped_same_execution_bar,USDJPY,2025.09.08 11:00:00,0,
2025.09.08 11:34:59,scan_executed_new_execution_bar,USDJPY,2025.09.08 11:15:00,15,
2025.09.08 11:39:59,scan_skipped_same_execution_bar,USDJPY,2025.09.08 11:15:00,0,
2025.09.08 11:49:59,scan_executed_new_execution_bar,USDJPY,2025.09.08 11:30:00,16,
2025.09.08 11:54:59,scan_skipped_same_execution_bar,USDJPY,2025.09.08 11:30:00,0,
2025.09.08 12:05:00,scan_executed_new_execution_bar,USDJPY,2025.09.08 11:45:00,0,
2025.09.08 12:09:59,scan_skipped_same_execution_bar,USDJPY,2025.09.08 11:45:00,0,
2025.09.08 12:19:59,scan_executed_new_execution_bar,USDJPY,2025.09.08 12:00:00,0,
2025.09.08 12:24:58,scan_skipped_same_execution_bar,USDJPY,2025.09.08 12:00:00,0,
2025.09.08 12:34:59,scan_executed_new_execution_bar,USDJPY,2025.09.08 12:15:00,0,
2025.09.08 12:39:59,scan_skipped_same_execution_bar,USDJPY,2025.09.08 12:15:00,0,
2025.09.08 12:49:59,scan_executed_new_execution_bar,USDJPY,2025.09.08 12:30:00,0,
2025.09.08 12:54:59,scan_skipped_same_execution_bar,USDJPY,2025.09.08 12:30:00,0,
2025.09.08 13:04:59,scan_executed_new_execution_bar,USDJPY,2025.09.08 12:45:00,0,
2025.09.08 13:09:59,scan_skipped_same_execution_bar,USDJPY,2025.09.08 12:45:00,0,
2025.09.08 13:20:00,scan_executed_new_execution_bar,USDJPY,2025.09.08 13:00:00,0,
2025.09.08 13:24:59,scan_skipped_same_execution_bar,USDJPY,2025.09.08 13:00:00,0,
2025.09.08 13:34:59,scan_executed_new_execution_bar,USDJPY,2025.09.08 13:15:00,0,
2025.09.08 13:39:59,scan_skipped_same_execution_bar,USDJPY,2025.09.08 13:15:00,0,
2025.09.08 13:49:59,scan_executed_new_execution_bar,USDJPY,2025.09.08 13:30:00,0,
2025.09.08 13:54:59,scan_skipped_same_execution_bar,USDJPY,2025.09.08 13:30:00,0,
2025.09.08 14:04:59,scan_executed_new_execution_bar,USDJPY,2025.09.08 13:45:00,0,
2025.09.08 14:09:59,scan_skipped_same_execution_bar,USDJPY,2025.09.08 13:45:00,0,
2025.09.08 14:19:59,scan_executed_new_execution_bar,USDJPY,2025.09.08 14:00:00,0,
2025.09.08 14:24:59,scan_skipped_same_execution_bar,USDJPY,2025.09.08 14:00:00,0,
2025.09.08 14:34:59,scan_executed_new_execution_bar,USDJPY,2025.09.08 14:15:00,0,
2025.09.08 14:39:59,scan_skipped_same_execution_bar,USDJPY,2025.09.08 14:15:00,0,
2025.09.08 14:49:59,scan_executed_new_execution_bar,USDJPY,2025.09.08 14:30:00,0,
2025.09.08 14:54:59,scan_skipped_same_execution_bar,USDJPY,2025.09.08 14:30:00,0,
2025.09.08 15:04:59,scan_executed_new_execution_bar,USDJPY,2025.09.08 14:45:00,0,
2025.09.08 15:09:59,scan_skipped_same_execution_bar,USDJPY,2025.09.08 14:45:00,0,
2025.09.08 15:19:59,scan_executed_new_execution_bar,USDJPY,2025.09.08 15:00:00,0,
2025.09.08 15:24:59,scan_skipped_same_execution_bar,USDJPY,2025.09.08 15:00:00,0,
2025.09.08 15:34:59,scan_executed_new_execution_bar,USDJPY,2025.09.08 15:15:00,0,
2025.09.08 15:39:59,scan_skipped_same_execution_bar,USDJPY,2025.09.08 15:15:00,0,
2025.09.08 15:49:59,scan_executed_new_execution_bar,USDJPY,2025.09.08 15:30:00,0,
2025.09.08 15:54:59,scan_skipped_same_execution_bar,USDJPY,2025.09.08 15:30:00,0,
2025.09.08 16:04:59,scan_executed_new_execution_bar,USDJPY,2025.09.08 15:45:00,0,
2025.09.08 16:09:59,scan_skipped_same_execution_bar,USDJPY,2025.09.08 15:45:00,0,
2025.09.08 16:19:59,scan_executed_new_execution_bar,USDJPY,2025.09.08 16:00:00,0,
2025.09.08 16:24:59,scan_skipped_same_execution_bar,USDJPY,2025.09.08 16:00:00,0,
2025.09.08 16:34:59,scan_executed_new_execution_bar,USDJPY,2025.09.08 16:15:00,0,
2025.09.08 16:39:59,scan_skipped_same_execution_bar,USDJPY,2025.09.08 16:15:00,0,
2025.09.08 16:49:59,scan_executed_new_execution_bar,USDJPY,2025.09.08 16:30:00,0,
2025.09.08 16:54:59,scan_skipped_same_execution_bar,USDJPY,2025.09.08 16:30:00,0,
2025.09.08 17:04:59,scan_executed_new_execution_bar,USDJPY,2025.09.08 16:45:00,0,
2025.09.08 17:09:59,scan_skipped_same_execution_bar,USDJPY,2025.09.08 16:45:00,0,
2025.09.08 17:20:00,scan_executed_new_execution_bar,USDJPY,2025.09.08 17:00:00,16,
2025.09.08 17:24:59,scan_skipped_same_execution_bar,USDJPY,2025.09.08 17:00:00,0,
2025.09.08 17:34:59,scan_executed_new_execution_bar,USDJPY,2025.09.08 17:15:00,0,
2025.09.08 17:39:59,scan_skipped_same_execution_bar,USDJPY,2025.09.08 17:15:00,0,
2025.09.08 17:49:59,scan_executed_new_execution_bar,USDJPY,2025.09.08 17:30:00,0,
2025.09.08 17:54:59,scan_skipped_same_execution_bar,USDJPY,2025.09.08 17:30:00,0,
2025.09.08 18:04:59,scan_executed_new_execution_bar,USDJPY,2025.09.08 17:45:00,16,
2025.09.08 18:09:59,scan_skipped_same_execution_bar,USDJPY,2025.09.08 17:45:00,0,
2025.09.08 18:19:59,scan_executed_new_execution_bar,USDJPY,2025.09.08 18:00:00,0,
2025.09.08 18:24:59,scan_skipped_same_execution_bar,USDJPY,2025.09.08 18:00:00,0,
2025.09.08 18:34:59,scan_executed_new_execution_bar,USDJPY,2025.09.08 18:15:00,16,
2025.09.08 18:39:59,scan_skipped_same_execution_bar,USDJPY,2025.09.08 18:15:00,0,
2025.09.08 18:49:58,scan_executed_new_execution_bar,USDJPY,2025.09.08 18:30:00,0,
2025.09.08 18:54:59,scan_skipped_same_execution_bar,USDJPY,2025.09.08 18:30:00,0,
2025.09.08 19:04:59,scan_executed_new_execution_bar,USDJPY,2025.09.08 18:45:00,0,
2025.09.08 19:09:58,scan_skipped_same_execution_bar,USDJPY,2025.09.08 18:45:00,0,
2025.09.08 19:19:59,scan_executed_new_execution_bar,USDJPY,2025.09.08 19:00:00,32,
2025.09.08 19:24:59,scan_skipped_same_execution_bar,USDJPY,2025.09.08 19:00:00,0,
2025.09.08 19:34:59,scan_executed_new_execution_bar,USDJPY,2025.09.08 19:15:00,0,
2025.09.08 19:39:59,scan_skipped_same_execution_bar,USDJPY,2025.09.08 19:15:00,0,
2025.09.08 19:49:57,scan_executed_new_execution_bar,USDJPY,2025.09.08 19:30:00,16,
2025.09.08 19:54:59,scan_skipped_same_execution_bar,USDJPY,2025.09.08 19:30:00,0,
2025.09.08 20:04:59,scan_executed_new_execution_bar,USDJPY,2025.09.08 19:45:00,0,
2025.09.08 20:09:59,scan_skipped_same_execution_bar,USDJPY,2025.09.08 19:45:00,0,
2025.09.08 20:19:59,scan_executed_new_execution_bar,USDJPY,2025.09.08 20:00:00,0,
2025.09.08 20:24:59,scan_skipped_same_execution_bar,USDJPY,2025.09.08 20:00:00,0,
2025.09.08 20:34:58,scan_executed_new_execution_bar,USDJPY,2025.09.08 20:15:00,0,
2025.09.08 20:39:59,scan_skipped_same_execution_bar,USDJPY,2025.09.08 20:15:00,0,
2025.09.08 20:49:59,scan_executed_new_execution_bar,USDJPY,2025.09.08 20:30:00,0,
2025.09.08 20:54:59,scan_skipped_same_execution_bar,USDJPY,2025.09.08 20:30:00,0,
2025.09.08 21:04:59,scan_executed_new_execution_bar,USDJPY,2025.09.08 20:45:00,0,
2025.09.08 21:09:59,scan_skipped_same_execution_bar,USDJPY,2025.09.08 20:45:00,0,
2025.09.08 21:19:58,scan_executed_new_execution_bar,USDJPY,2025.09.08 21:00:00,0,
2025.09.08 21:24:59,scan_skipped_same_execution_bar,USDJPY,2025.09.08 21:00:00,0,
2025.09.08 21:34:59,scan_executed_new_execution_bar,USDJPY,2025.09.08 21:15:00,0,
2025.09.08 21:40:00,scan_skipped_same_execution_bar,USDJPY,2025.09.08 21:15:00,0,
2025.09.08 21:49:59,scan_executed_new_execution_bar,USDJPY,2025.09.08 21:30:00,0,
2025.09.08 21:54:59,scan_skipped_same_execution_bar,USDJPY,2025.09.08 21:30:00,0,
2025.09.08 22:04:59,scan_executed_new_execution_bar,USDJPY,2025.09.08 21:45:00,0,
2025.09.08 22:09:59,scan_skipped_same_execution_bar,USDJPY,2025.09.08 21:45:00,0,
2025.09.08 22:19:59,scan_executed_new_execution_bar,USDJPY,2025.09.08 22:00:00,0,
2025.09.08 22:24:59,scan_skipped_same_execution_bar,USDJPY,2025.09.08 22:00:00,0,
2025.09.08 22:34:59,scan_executed_new_execution_bar,USDJPY,2025.09.08 22:15:00,0,
2025.09.08 22:39:59,scan_skipped_same_execution_bar,USDJPY,2025.09.08 22:15:00,0,
2025.09.08 22:49:59,scan_executed_new_execution_bar,USDJPY,2025.09.08 22:30:00,0,
2025.09.08 22:54:59,scan_skipped_same_execution_bar,USDJPY,2025.09.08 22:30:00,0,
2025.09.08 23:04:59,scan_executed_new_execution_bar,USDJPY,2025.09.08 22:45:00,31,
2025.09.08 23:09:59,scan_skipped_same_execution_bar,USDJPY,2025.09.08 22:45:00,0,
2025.09.08 23:19:59,scan_executed_new_execution_bar,USDJPY,2025.09.08 23:00:00,0,
2025.09.08 23:24:59,scan_skipped_same_execution_bar,USDJPY,2025.09.08 23:00:00,0,
2025.09.08 23:34:59,scan_executed_new_execution_bar,USDJPY,2025.09.08 23:15:00,15,
2025.09.08 23:39:59,scan_skipped_same_execution_bar,USDJPY,2025.09.08 23:15:00,0,
2025.09.08 23:49:59,scan_executed_new_execution_bar,USDJPY,2025.09.08 23:30:00,0,
2025.09.08 23:54:59,scan_skipped_same_execution_bar,USDJPY,2025.09.08 23:30:00,0,
2025.09.09 00:04:38,scan_executed_new_execution_bar,USDJPY,2025.09.08 23:45:00,0,
2025.09.09 00:09:56,scan_skipped_same_execution_bar,USDJPY,2025.09.08 23:45:00,0,
2025.09.09 00:19:59,scan_executed_new_execution_bar,USDJPY,2025.09.09 00:00:00,15,
2025.09.09 00:24:59,scan_skipped_same_execution_bar,USDJPY,2025.09.09 00:00:00,0,
2025.09.09 00:34:59,scan_executed_new_execution_bar,USDJPY,2025.09.09 00:15:00,0,
2025.09.09 00:39:59,scan_skipped_same_execution_bar,USDJPY,2025.09.09 00:15:00,0,
2025.09.09 00:49:59,scan_executed_new_execution_bar,USDJPY,2025.09.09 00:30:00,0,
2025.09.09 00:54:59,scan_skipped_same_execution_bar,USDJPY,2025.09.09 00:30:00,0,
2025.09.09 01:04:58,scan_executed_new_execution_bar,USDJPY,2025.09.09 00:45:00,0,
2025.09.09 01:09:58,scan_skipped_same_execution_bar,USDJPY,2025.09.09 00:45:00,0,
2025.09.09 01:19:59,scan_executed_new_execution_bar,USDJPY,2025.09.09 01:00:00,0,
2025.09.09 01:24:58,scan_skipped_same_execution_bar,USDJPY,2025.09.09 01:00:00,0,
2025.09.09 01:34:59,scan_executed_new_execution_bar,USDJPY,2025.09.09 01:15:00,0,
2025.09.09 01:39:59,scan_skipped_same_execution_bar,USDJPY,2025.09.09 01:15:00,0,
2025.09.09 01:49:59,scan_executed_new_execution_bar,USDJPY,2025.09.09 01:30:00,0,
2025.09.09 01:54:53,scan_skipped_same_execution_bar,USDJPY,2025.09.09 01:30:00,0,
2025.09.09 02:04:58,scan_executed_new_execution_bar,USDJPY,2025.09.09 01:45:00,0,
2025.09.09 02:09:56,scan_skipped_same_execution_bar,USDJPY,2025.09.09 01:45:00,0,
2025.09.09 02:19:59,scan_executed_new_execution_bar,USDJPY,2025.09.09 02:00:00,0,
2025.09.09 02:24:58,scan_skipped_same_execution_bar,USDJPY,2025.09.09 02:00:00,0,
2025.09.09 02:34:59,scan_executed_new_execution_bar,USDJPY,2025.09.09 02:15:00,0,
2025.09.09 02:39:59,scan_skipped_same_execution_bar,USDJPY,2025.09.09 02:15:00,0,
2025.09.09 02:49:59,scan_executed_new_execution_bar,USDJPY,2025.09.09 02:30:00,32,
2025.09.09 02:54:59,scan_skipped_same_execution_bar,USDJPY,2025.09.09 02:30:00,0,
2025.09.09 03:04:59,scan_executed_new_execution_bar,USDJPY,2025.09.09 02:45:00,15,
2025.09.09 03:09:59,scan_skipped_same_execution_bar,USDJPY,2025.09.09 02:45:00,0,
2025.09.09 03:19:59,scan_executed_new_execution_bar,USDJPY,2025.09.09 03:00:00,0,
2025.09.09 03:24:59,scan_skipped_same_execution_bar,USDJPY,2025.09.09 03:00:00,0,
2025.09.09 03:34:59,scan_executed_new_execution_bar,USDJPY,2025.09.09 03:15:00,0,
2025.09.09 03:39:59,scan_skipped_same_execution_bar,USDJPY,2025.09.09 03:15:00,0,
2025.09.09 03:49:59,scan_executed_new_execution_bar,USDJPY,2025.09.09 03:30:00,16,
2025.09.09 03:54:59,scan_skipped_same_execution_bar,USDJPY,2025.09.09 03:30:00,0,
2025.09.09 04:04:59,scan_executed_new_execution_bar,USDJPY,2025.09.09 03:45:00,0,
2025.09.09 04:09:59,scan_skipped_same_execution_bar,USDJPY,2025.09.09 03:45:00,0,
2025.09.09 04:19:59,scan_executed_new_execution_bar,USDJPY,2025.09.09 04:00:00,0,
2025.09.09 04:24:57,scan_skipped_same_execution_bar,USDJPY,2025.09.09 04:00:00,0,
2025.09.09 04:34:57,scan_executed_new_execution_bar,USDJPY,2025.09.09 04:15:00,32,
2025.09.09 04:39:59,scan_skipped_same_execution_bar,USDJPY,2025.09.09 04:15:00,0,
2025.09.09 04:49:59,scan_executed_new_execution_bar,USDJPY,2025.09.09 04:30:00,0,
2025.09.09 04:54:59,scan_skipped_same_execution_bar,USDJPY,2025.09.09 04:30:00,0,
2025.09.09 05:04:59,scan_executed_new_execution_bar,USDJPY,2025.09.09 04:45:00,0,
2025.09.09 05:09:58,scan_skipped_same_execution_bar,USDJPY,2025.09.09 04:45:00,0,
2025.09.09 05:19:59,scan_executed_new_execution_bar,USDJPY,2025.09.09 05:00:00,0,
2025.09.09 05:25:00,scan_skipped_same_execution_bar,USDJPY,2025.09.09 05:00:00,0,
2025.09.09 05:34:59,scan_executed_new_execution_bar,USDJPY,2025.09.09 05:15:00,32,
2025.09.09 05:39:59,scan_skipped_same_execution_bar,USDJPY,2025.09.09 05:15:00,0,
2025.09.09 05:49:59,scan_executed_new_execution_bar,USDJPY,2025.09.09 05:30:00,0,
2025.09.09 05:54:59,scan_skipped_same_execution_bar,USDJPY,2025.09.09 05:30:00,0,
2025.09.09 06:04:59,scan_executed_new_execution_bar,USDJPY,2025.09.09 05:45:00,16,
2025.09.09 06:09:59,scan_skipped_same_execution_bar,USDJPY,2025.09.09 05:45:00,0,
2025.09.09 06:19:59,scan_executed_new_execution_bar,USDJPY,2025.09.09 06:00:00,16,
2025.09.09 06:24:59,scan_skipped_same_execution_bar,USDJPY,2025.09.09 06:00:00,0,
2025.09.09 06:34:59,scan_executed_new_execution_bar,USDJPY,2025.09.09 06:15:00,16,
2025.09.09 06:39:59,scan_skipped_same_execution_bar,USDJPY,2025.09.09 06:15:00,0,
2025.09.09 06:49:58,scan_executed_new_execution_bar,USDJPY,2025.09.09 06:30:00,0,
2025.09.09 06:55:00,scan_skipped_same_execution_bar,USDJPY,2025.09.09 06:30:00,0,
2025.09.09 07:04:59,scan_executed_new_execution_bar,USDJPY,2025.09.09 06:45:00,0,
2025.09.09 07:09:59,scan_skipped_same_execution_bar,USDJPY,2025.09.09 06:45:00,0,
2025.09.09 07:19:59,scan_executed_new_execution_bar,USDJPY,2025.09.09 07:00:00,0,
2025.09.09 07:24:59,scan_skipped_same_execution_bar,USDJPY,2025.09.09 07:00:00,0,
2025.09.09 07:34:59,scan_executed_new_execution_bar,USDJPY,2025.09.09 07:15:00,0,
2025.09.09 07:39:59,scan_skipped_same_execution_bar,USDJPY,2025.09.09 07:15:00,0,
2025.09.09 07:50:00,scan_executed_new_execution_bar,USDJPY,2025.09.09 07:30:00,0,
2025.09.09 07:55:00,scan_skipped_same_execution_bar,USDJPY,2025.09.09 07:30:00,0,
2025.09.09 08:04:59,scan_executed_new_execution_bar,USDJPY,2025.09.09 07:45:00,0,
2025.09.09 08:09:59,scan_skipped_same_execution_bar,USDJPY,2025.09.09 07:45:00,0,
2025.09.09 08:19:59,scan_executed_new_execution_bar,USDJPY,2025.09.09 08:00:00,0,
2025.09.09 08:24:59,scan_skipped_same_execution_bar,USDJPY,2025.09.09 08:00:00,0,
2025.09.09 08:34:59,scan_executed_new_execution_bar,USDJPY,2025.09.09 08:15:00,0,
2025.09.09 08:39:59,scan_skipped_same_execution_bar,USDJPY,2025.09.09 08:15:00,0,
2025.09.09 08:49:59,scan_executed_new_execution_bar,USDJPY,2025.09.09 08:30:00,0,
2025.09.09 08:54:59,scan_skipped_same_execution_bar,USDJPY,2025.09.09 08:30:00,0,
2025.09.09 09:04:59,scan_executed_new_execution_bar,USDJPY,2025.09.09 08:45:00,15,
2025.09.09 09:09:59,scan_skipped_same_execution_bar,USDJPY,2025.09.09 08:45:00,0,
2025.09.09 09:19:58,scan_executed_new_execution_bar,USDJPY,2025.09.09 09:00:00,16,
2025.09.09 09:24:59,scan_skipped_same_execution_bar,USDJPY,2025.09.09 09:00:00,0,
2025.09.09 09:34:59,scan_executed_new_execution_bar,USDJPY,2025.09.09 09:15:00,0,
2025.09.09 09:39:59,scan_skipped_same_execution_bar,USDJPY,2025.09.09 09:15:00,0,
2025.09.09 09:49:59,scan_executed_new_execution_bar,USDJPY,2025.09.09 09:30:00,0,
2025.09.09 09:54:59,scan_skipped_same_execution_bar,USDJPY,2025.09.09 09:30:00,0,
2025.09.09 10:04:57,scan_executed_new_execution_bar,USDJPY,2025.09.09 09:45:00,0,
2025.09.09 10:10:00,scan_skipped_same_execution_bar,USDJPY,2025.09.09 09:45:00,0,
2025.09.09 10:19:59,scan_executed_new_execution_bar,USDJPY,2025.09.09 10:00:00,0,
2025.09.09 10:24:59,scan_skipped_same_execution_bar,USDJPY,2025.09.09 10:00:00,0,
2025.09.09 10:35:00,scan_executed_new_execution_bar,USDJPY,2025.09.09 10:15:00,0,
2025.09.09 10:39:59,scan_skipped_same_execution_bar,USDJPY,2025.09.09 10:15:00,0,
2025.09.09 10:49:59,scan_executed_new_execution_bar,USDJPY,2025.09.09 10:30:00,15,
2025.09.09 10:54:59,scan_skipped_same_execution_bar,USDJPY,2025.09.09 10:30:00,0,
2025.09.09 11:04:59,scan_executed_new_execution_bar,USDJPY,2025.09.09 10:45:00,0,
2025.09.09 11:09:59,scan_skipped_same_execution_bar,USDJPY,2025.09.09 10:45:00,0,
2025.09.09 11:19:59,scan_executed_new_execution_bar,USDJPY,2025.09.09 11:00:00,15,
2025.09.09 11:24:59,scan_skipped_same_execution_bar,USDJPY,2025.09.09 11:00:00,0,
2025.09.09 11:35:00,scan_executed_new_execution_bar,USDJPY,2025.09.09 11:15:00,0,
2025.09.09 11:39:59,scan_skipped_same_execution_bar,USDJPY,2025.09.09 11:15:00,0,
2025.09.09 11:49:59,scan_executed_new_execution_bar,USDJPY,2025.09.09 11:30:00,16,
2025.09.09 11:54:59,scan_skipped_same_execution_bar,USDJPY,2025.09.09 11:30:00,0,
2025.09.09 12:04:59,scan_executed_new_execution_bar,USDJPY,2025.09.09 11:45:00,0,
2025.09.09 12:09:59,scan_skipped_same_execution_bar,USDJPY,2025.09.09 11:45:00,0,
2025.09.09 12:19:59,scan_executed_new_execution_bar,USDJPY,2025.09.09 12:00:00,0,
2025.09.09 12:24:59,scan_skipped_same_execution_bar,USDJPY,2025.09.09 12:00:00,0,
2025.09.09 12:34:58,scan_executed_new_execution_bar,USDJPY,2025.09.09 12:15:00,0,
2025.09.09 12:39:59,scan_skipped_same_execution_bar,USDJPY,2025.09.09 12:15:00,0,
2025.09.09 12:49:59,scan_executed_new_execution_bar,USDJPY,2025.09.09 12:30:00,31,
2025.09.09 12:54:59,scan_skipped_same_execution_bar,USDJPY,2025.09.09 12:30:00,0,
2025.09.09 13:04:59,scan_executed_new_execution_bar,USDJPY,2025.09.09 12:45:00,0,
2025.09.09 13:09:59,scan_skipped_same_execution_bar,USDJPY,2025.09.09 12:45:00,0,
2025.09.09 13:19:59,scan_executed_new_execution_bar,USDJPY,2025.09.09 13:00:00,31,
2025.09.09 13:24:59,scan_skipped_same_execution_bar,USDJPY,2025.09.09 13:00:00,0,
2025.09.09 13:34:59,scan_executed_new_execution_bar,USDJPY,2025.09.09 13:15:00,0,
2025.09.09 13:39:59,scan_skipped_same_execution_bar,USDJPY,2025.09.09 13:15:00,0,
2025.09.09 13:49:59,scan_executed_new_execution_bar,USDJPY,2025.09.09 13:30:00,47,
2025.09.09 13:54:59,scan_skipped_same_execution_bar,USDJPY,2025.09.09 13:30:00,0,
2025.09.09 14:04:59,scan_executed_new_execution_bar,USDJPY,2025.09.09 13:45:00,0,
2025.09.09 14:09:59,scan_skipped_same_execution_bar,USDJPY,2025.09.09 13:45:00,0,
2025.09.09 14:19:59,scan_executed_new_execution_bar,USDJPY,2025.09.09 14:00:00,63,
2025.09.09 14:24:59,scan_skipped_same_execution_bar,USDJPY,2025.09.09 14:00:00,0,
2025.09.09 14:34:59,scan_executed_new_execution_bar,USDJPY,2025.09.09 14:15:00,15,
2025.09.09 14:39:59,scan_skipped_same_execution_bar,USDJPY,2025.09.09 14:15:00,0,
2025.09.09 14:49:59,scan_executed_new_execution_bar,USDJPY,2025.09.09 14:30:00,0,
2025.09.09 14:54:59,scan_skipped_same_execution_bar,USDJPY,2025.09.09 14:30:00,0,
2025.09.09 15:04:59,scan_executed_new_execution_bar,USDJPY,2025.09.09 14:45:00,0,
2025.09.09 15:09:59,scan_skipped_same_execution_bar,USDJPY,2025.09.09 14:45:00,0,
2025.09.09 15:19:59,scan_executed_new_execution_bar,USDJPY,2025.09.09 15:00:00,0,
2025.09.09 15:24:59,scan_skipped_same_execution_bar,USDJPY,2025.09.09 15:00:00,0,
2025.09.09 15:34:59,scan_executed_new_execution_bar,USDJPY,2025.09.09 15:15:00,0,
2025.09.09 15:39:59,scan_skipped_same_execution_bar,USDJPY,2025.09.09 15:15:00,0,
2025.09.09 15:49:59,scan_executed_new_execution_bar,USDJPY,2025.09.09 15:30:00,0,
2025.09.09 15:54:59,scan_skipped_same_execution_bar,USDJPY,2025.09.09 15:30:00,0,
2025.09.09 16:04:59,scan_executed_new_execution_bar,USDJPY,2025.09.09 15:45:00,15,
2025.09.09 16:09:59,scan_skipped_same_execution_bar,USDJPY,2025.09.09 15:45:00,0,
2025.09.09 16:19:59,scan_executed_new_execution_bar,USDJPY,2025.09.09 16:00:00,0,
2025.09.09 16:24:59,scan_skipped_same_execution_bar,USDJPY,2025.09.09 16:00:00,0,
2025.09.09 16:34:59,scan_executed_new_execution_bar,USDJPY,2025.09.09 16:15:00,15,
2025.09.09 16:39:59,scan_skipped_same_execution_bar,USDJPY,2025.09.09 16:15:00,0,
2025.09.09 16:49:59,scan_executed_new_execution_bar,USDJPY,2025.09.09 16:30:00,0,
2025.09.09 16:54:59,scan_skipped_same_execution_bar,USDJPY,2025.09.09 16:30:00,0,
2025.09.09 17:04:59,scan_executed_new_execution_bar,USDJPY,2025.09.09 16:45:00,0,
2025.09.09 17:09:59,scan_skipped_same_execution_bar,USDJPY,2025.09.09 16:45:00,0,
2025.09.09 17:19:59,scan_executed_new_execution_bar,USDJPY,2025.09.09 17:00:00,0,
2025.09.09 17:24:59,scan_skipped_same_execution_bar,USDJPY,2025.09.09 17:00:00,0,
2025.09.09 17:34:59,scan_executed_new_execution_bar,USDJPY,2025.09.09 17:15:00,16,
2025.09.09 17:39:59,scan_skipped_same_execution_bar,USDJPY,2025.09.09 17:15:00,0,
2025.09.09 17:49:59,scan_executed_new_execution_bar,USDJPY,2025.09.09 17:30:00,0,
2025.09.09 17:54:59,scan_skipped_same_execution_bar,USDJPY,2025.09.09 17:30:00,0,
2025.09.09 18:04:59,scan_executed_new_execution_bar,USDJPY,2025.09.09 17:45:00,0,
2025.09.09 18:09:59,scan_skipped_same_execution_bar,USDJPY,2025.09.09 17:45:00,0,
2025.09.09 18:19:59,scan_executed_new_execution_bar,USDJPY,2025.09.09 18:00:00,0,
2025.09.09 18:24:59,scan_skipped_same_execution_bar,USDJPY,2025.09.09 18:00:00,0,
2025.09.09 18:34:59,scan_executed_new_execution_bar,USDJPY,2025.09.09 18:15:00,47,
2025.09.09 18:39:59,scan_skipped_same_execution_bar,USDJPY,2025.09.09 18:15:00,0,
2025.09.09 18:49:59,scan_executed_new_execution_bar,USDJPY,2025.09.09 18:30:00,0,
2025.09.09 18:54:59,scan_skipped_same_execution_bar,USDJPY,2025.09.09 18:30:00,0,
2025.09.09 19:04:59,scan_executed_new_execution_bar,USDJPY,2025.09.09 18:45:00,0,
2025.09.09 19:09:58,scan_skipped_same_execution_bar,USDJPY,2025.09.09 18:45:00,0,
2025.09.09 19:19:59,scan_executed_new_execution_bar,USDJPY,2025.09.09 19:00:00,31,
2025.09.09 19:24:59,scan_skipped_same_execution_bar,USDJPY,2025.09.09 19:00:00,0,
2025.09.09 19:34:58,scan_executed_new_execution_bar,USDJPY,2025.09.09 19:15:00,16,
2025.09.09 19:39:59,scan_skipped_same_execution_bar,USDJPY,2025.09.09 19:15:00,0,
2025.09.09 19:49:58,scan_executed_new_execution_bar,USDJPY,2025.09.09 19:30:00,0,
2025.09.09 19:54:59,scan_skipped_same_execution_bar,USDJPY,2025.09.09 19:30:00,0,
2025.09.09 20:04:59,scan_executed_new_execution_bar,USDJPY,2025.09.09 19:45:00,0,
2025.09.09 20:09:59,scan_skipped_same_execution_bar,USDJPY,2025.09.09 19:45:00,0,
2025.09.09 20:19:59,scan_executed_new_execution_bar,USDJPY,2025.09.09 20:00:00,0,
2025.09.09 20:24:59,scan_skipped_same_execution_bar,USDJPY,2025.09.09 20:00:00,0,
2025.09.09 20:34:59,scan_executed_new_execution_bar,USDJPY,2025.09.09 20:15:00,0,
2025.09.09 20:39:59,scan_skipped_same_execution_bar,USDJPY,2025.09.09 20:15:00,0,
2025.09.09 20:49:59,scan_executed_new_execution_bar,USDJPY,2025.09.09 20:30:00,0,
2025.09.09 20:54:59,scan_skipped_same_execution_bar,USDJPY,2025.09.09 20:30:00,0,
2025.09.09 21:04:59,scan_executed_new_execution_bar,USDJPY,2025.09.09 20:45:00,16,
2025.09.09 21:09:58,scan_skipped_same_execution_bar,USDJPY,2025.09.09 20:45:00,0,
2025.09.09 21:19:58,scan_executed_new_execution_bar,USDJPY,2025.09.09 21:00:00,15,
2025.09.09 21:24:58,scan_skipped_same_execution_bar,USDJPY,2025.09.09 21:00:00,0,
2025.09.09 21:35:00,scan_executed_new_execution_bar,USDJPY,2025.09.09 21:15:00,0,
2025.09.09 21:39:59,scan_skipped_same_execution_bar,USDJPY,2025.09.09 21:15:00,0,
2025.09.09 21:49:59,scan_executed_new_execution_bar,USDJPY,2025.09.09 21:30:00,0,
2025.09.09 21:54:59,scan_skipped_same_execution_bar,USDJPY,2025.09.09 21:30:00,0,
2025.09.09 22:04:59,scan_executed_new_execution_bar,USDJPY,2025.09.09 21:45:00,16,
2025.09.09 22:09:59,scan_skipped_same_execution_bar,USDJPY,2025.09.09 21:45:00,0,
2025.09.09 22:19:59,scan_executed_new_execution_bar,USDJPY,2025.09.09 22:00:00,0,
2025.09.09 22:24:59,scan_skipped_same_execution_bar,USDJPY,2025.09.09 22:00:00,0,
2025.09.09 22:34:59,scan_executed_new_execution_bar,USDJPY,2025.09.09 22:15:00,15,
2025.09.09 22:39:59,scan_skipped_same_execution_bar,USDJPY,2025.09.09 22:15:00,0,
2025.09.09 22:49:59,scan_executed_new_execution_bar,USDJPY,2025.09.09 22:30:00,0,
2025.09.09 22:54:58,scan_skipped_same_execution_bar,USDJPY,2025.09.09 22:30:00,0,
2025.09.09 23:04:59,scan_executed_new_execution_bar,USDJPY,2025.09.09 22:45:00,15,
2025.09.09 23:09:59,scan_skipped_same_execution_bar,USDJPY,2025.09.09 22:45:00,0,
2025.09.09 23:19:59,scan_executed_new_execution_bar,USDJPY,2025.09.09 23:00:00,0,
2025.09.09 23:24:56,scan_skipped_same_execution_bar,USDJPY,2025.09.09 23:00:00,0,
2025.09.09 23:34:59,scan_executed_new_execution_bar,USDJPY,2025.09.09 23:15:00,15,
2025.09.09 23:39:59,scan_skipped_same_execution_bar,USDJPY,2025.09.09 23:15:00,0,
2025.09.09 23:49:57,scan_executed_new_execution_bar,USDJPY,2025.09.09 23:30:00,32,
2025.09.09 23:54:59,scan_skipped_same_execution_bar,USDJPY,2025.09.09 23:30:00,0,
2025.09.10 00:04:59,scan_executed_new_execution_bar,USDJPY,2025.09.09 23:45:00,0,
2025.09.10 00:09:59,scan_skipped_same_execution_bar,USDJPY,2025.09.09 23:45:00,0,
2025.09.10 00:19:56,scan_executed_new_execution_bar,USDJPY,2025.09.10 00:00:00,0,
2025.09.10 00:24:59,scan_skipped_same_execution_bar,USDJPY,2025.09.10 00:00:00,0,
2025.09.10 00:34:59,scan_executed_new_execution_bar,USDJPY,2025.09.10 00:15:00,0,
2025.09.10 00:39:59,scan_skipped_same_execution_bar,USDJPY,2025.09.10 00:15:00,0,
2025.09.10 00:49:59,scan_executed_new_execution_bar,USDJPY,2025.09.10 00:30:00,0,
2025.09.10 00:54:59,scan_skipped_same_execution_bar,USDJPY,2025.09.10 00:30:00,0,
2025.09.10 01:04:58,scan_executed_new_execution_bar,USDJPY,2025.09.10 00:45:00,0,
2025.09.10 01:09:59,scan_skipped_same_execution_bar,USDJPY,2025.09.10 00:45:00,0,
2025.09.10 01:19:59,scan_executed_new_execution_bar,USDJPY,2025.09.10 01:00:00,0,
2025.09.10 01:24:59,scan_skipped_same_execution_bar,USDJPY,2025.09.10 01:00:00,0,
2025.09.10 01:34:59,scan_executed_new_execution_bar,USDJPY,2025.09.10 01:15:00,0,
2025.09.10 01:39:59,scan_skipped_same_execution_bar,USDJPY,2025.09.10 01:15:00,0,
2025.09.10 01:49:59,scan_executed_new_execution_bar,USDJPY,2025.09.10 01:30:00,16,
2025.09.10 01:54:59,scan_skipped_same_execution_bar,USDJPY,2025.09.10 01:30:00,0,
2025.09.10 02:00:00,scan_executed_new_execution_bar,USDJPY,2025.09.10 01:45:00,0,
2025.09.10 02:04:58,scan_skipped_same_execution_bar,USDJPY,2025.09.10 01:45:00,0,
2025.09.10 02:19:59,scan_executed_new_execution_bar,USDJPY,2025.09.10 02:00:00,0,
2025.09.10 02:24:59,scan_skipped_same_execution_bar,USDJPY,2025.09.10 02:00:00,0,
2025.09.10 02:34:59,scan_executed_new_execution_bar,USDJPY,2025.09.10 02:15:00,0,
2025.09.10 02:39:59,scan_skipped_same_execution_bar,USDJPY,2025.09.10 02:15:00,0,
2025.09.10 02:49:56,scan_executed_new_execution_bar,USDJPY,2025.09.10 02:30:00,0,
2025.09.10 02:54:59,scan_skipped_same_execution_bar,USDJPY,2025.09.10 02:30:00,0,
2025.09.10 03:04:59,scan_executed_new_execution_bar,USDJPY,2025.09.10 02:45:00,15,
2025.09.10 03:10:00,scan_skipped_same_execution_bar,USDJPY,2025.09.10 02:45:00,0,
2025.09.10 03:19:59,scan_executed_new_execution_bar,USDJPY,2025.09.10 03:00:00,0,
2025.09.10 03:24:59,scan_skipped_same_execution_bar,USDJPY,2025.09.10 03:00:00,0,
2025.09.10 03:34:59,scan_executed_new_execution_bar,USDJPY,2025.09.10 03:15:00,0,
2025.09.10 03:39:59,scan_skipped_same_execution_bar,USDJPY,2025.09.10 03:15:00,0,
2025.09.10 03:49:59,scan_executed_new_execution_bar,USDJPY,2025.09.10 03:30:00,0,
2025.09.10 03:54:59,scan_skipped_same_execution_bar,USDJPY,2025.09.10 03:30:00,0,
2025.09.10 04:04:59,scan_executed_new_execution_bar,USDJPY,2025.09.10 03:45:00,0,
2025.09.10 04:09:59,scan_skipped_same_execution_bar,USDJPY,2025.09.10 03:45:00,0,
2025.09.10 04:19:59,scan_executed_new_execution_bar,USDJPY,2025.09.10 04:00:00,0,
2025.09.10 04:24:59,scan_skipped_same_execution_bar,USDJPY,2025.09.10 04:00:00,0,
2025.09.10 04:34:59,scan_executed_new_execution_bar,USDJPY,2025.09.10 04:15:00,0,
2025.09.10 04:39:58,scan_skipped_same_execution_bar,USDJPY,2025.09.10 04:15:00,0,
2025.09.10 04:49:59,scan_executed_new_execution_bar,USDJPY,2025.09.10 04:30:00,16,
2025.09.10 04:54:59,scan_skipped_same_execution_bar,USDJPY,2025.09.10 04:30:00,0,
2025.09.10 05:04:59,scan_executed_new_execution_bar,USDJPY,2025.09.10 04:45:00,0,
2025.09.10 05:09:59,scan_skipped_same_execution_bar,USDJPY,2025.09.10 04:45:00,0,
2025.09.10 05:19:59,scan_executed_new_execution_bar,USDJPY,2025.09.10 05:00:00,16,
2025.09.10 05:24:58,scan_skipped_same_execution_bar,USDJPY,2025.09.10 05:00:00,0,
2025.09.10 05:34:59,scan_executed_new_execution_bar,USDJPY,2025.09.10 05:15:00,0,
2025.09.10 05:39:59,scan_skipped_same_execution_bar,USDJPY,2025.09.10 05:15:00,0,
2025.09.10 05:49:59,scan_executed_new_execution_bar,USDJPY,2025.09.10 05:30:00,0,
2025.09.10 05:54:59,scan_skipped_same_execution_bar,USDJPY,2025.09.10 05:30:00,0,
2025.09.10 06:04:59,scan_executed_new_execution_bar,USDJPY,2025.09.10 05:45:00,0,
2025.09.10 06:09:59,scan_skipped_same_execution_bar,USDJPY,2025.09.10 05:45:00,0,
2025.09.10 06:19:59,scan_executed_new_execution_bar,USDJPY,2025.09.10 06:00:00,15,
2025.09.10 06:24:59,scan_skipped_same_execution_bar,USDJPY,2025.09.10 06:00:00,0,
2025.09.10 06:34:59,scan_executed_new_execution_bar,USDJPY,2025.09.10 06:15:00,0,
2025.09.10 06:39:59,scan_skipped_same_execution_bar,USDJPY,2025.09.10 06:15:00,0,
2025.09.10 06:49:58,scan_executed_new_execution_bar,USDJPY,2025.09.10 06:30:00,0,
2025.09.10 06:54:59,scan_skipped_same_execution_bar,USDJPY,2025.09.10 06:30:00,0,
2025.09.10 07:04:58,scan_executed_new_execution_bar,USDJPY,2025.09.10 06:45:00,15,
2025.09.10 07:09:59,scan_skipped_same_execution_bar,USDJPY,2025.09.10 06:45:00,0,
2025.09.10 07:19:59,scan_executed_new_execution_bar,USDJPY,2025.09.10 07:00:00,0,
2025.09.10 07:24:59,scan_skipped_same_execution_bar,USDJPY,2025.09.10 07:00:00,0,
2025.09.10 07:34:58,scan_executed_new_execution_bar,USDJPY,2025.09.10 07:15:00,16,
2025.09.10 07:39:58,scan_skipped_same_execution_bar,USDJPY,2025.09.10 07:15:00,0,
2025.09.10 07:49:59,scan_executed_new_execution_bar,USDJPY,2025.09.10 07:30:00,0,
2025.09.10 07:54:59,scan_skipped_same_execution_bar,USDJPY,2025.09.10 07:30:00,0,
2025.09.10 08:04:59,scan_executed_new_execution_bar,USDJPY,2025.09.10 07:45:00,0,
2025.09.10 08:09:59,scan_skipped_same_execution_bar,USDJPY,2025.09.10 07:45:00,0,
2025.09.10 08:19:58,scan_executed_new_execution_bar,USDJPY,2025.09.10 08:00:00,16,
2025.09.10 08:24:59,scan_skipped_same_execution_bar,USDJPY,2025.09.10 08:00:00,0,
2025.09.10 08:34:59,scan_executed_new_execution_bar,USDJPY,2025.09.10 08:15:00,0,
2025.09.10 08:39:59,scan_skipped_same_execution_bar,USDJPY,2025.09.10 08:15:00,0,
2025.09.10 08:49:59,scan_executed_new_execution_bar,USDJPY,2025.09.10 08:30:00,0,
2025.09.10 08:54:59,scan_skipped_same_execution_bar,USDJPY,2025.09.10 08:30:00,0,
2025.09.10 09:04:59,scan_executed_new_execution_bar,USDJPY,2025.09.10 08:45:00,0,
2025.09.10 09:09:59,scan_skipped_same_execution_bar,USDJPY,2025.09.10 08:45:00,0,
2025.09.10 09:19:59,scan_executed_new_execution_bar,USDJPY,2025.09.10 09:00:00,0,
2025.09.10 09:24:57,scan_skipped_same_execution_bar,USDJPY,2025.09.10 09:00:00,0,
2025.09.10 09:34:59,scan_executed_new_execution_bar,USDJPY,2025.09.10 09:15:00,0,
2025.09.10 09:39:59,scan_skipped_same_execution_bar,USDJPY,2025.09.10 09:15:00,0,
2025.09.10 09:49:59,scan_executed_new_execution_bar,USDJPY,2025.09.10 09:30:00,0,
2025.09.10 09:54:59,scan_skipped_same_execution_bar,USDJPY,2025.09.10 09:30:00,0,
2025.09.10 10:04:59,scan_executed_new_execution_bar,USDJPY,2025.09.10 09:45:00,0,
2025.09.10 10:09:59,scan_skipped_same_execution_bar,USDJPY,2025.09.10 09:45:00,0,
2025.09.10 10:19:59,scan_executed_new_execution_bar,USDJPY,2025.09.10 10:00:00,31,
2025.09.10 10:24:59,scan_skipped_same_execution_bar,USDJPY,2025.09.10 10:00:00,0,
2025.09.10 10:34:58,scan_executed_new_execution_bar,USDJPY,2025.09.10 10:15:00,0,
2025.09.10 10:39:59,scan_skipped_same_execution_bar,USDJPY,2025.09.10 10:15:00,0,
2025.09.10 10:49:59,scan_executed_new_execution_bar,USDJPY,2025.09.10 10:30:00,0,
2025.09.10 10:54:59,scan_skipped_same_execution_bar,USDJPY,2025.09.10 10:30:00,0,
2025.09.10 11:04:59,scan_executed_new_execution_bar,USDJPY,2025.09.10 10:45:00,0,
2025.09.10 11:09:58,scan_skipped_same_execution_bar,USDJPY,2025.09.10 10:45:00,0,
2025.09.10 11:19:59,scan_executed_new_execution_bar,USDJPY,2025.09.10 11:00:00,15,
2025.09.10 11:24:59,scan_skipped_same_execution_bar,USDJPY,2025.09.10 11:00:00,0,
2025.09.10 11:34:59,scan_executed_new_execution_bar,USDJPY,2025.09.10 11:15:00,0,
2025.09.10 11:40:00,scan_skipped_same_execution_bar,USDJPY,2025.09.10 11:15:00,0,
2025.09.10 11:49:59,scan_executed_new_execution_bar,USDJPY,2025.09.10 11:30:00,15,
2025.09.10 11:54:59,scan_skipped_same_execution_bar,USDJPY,2025.09.10 11:30:00,0,
2025.09.10 12:04:59,scan_executed_new_execution_bar,USDJPY,2025.09.10 11:45:00,31,
2025.09.10 12:09:59,scan_skipped_same_execution_bar,USDJPY,2025.09.10 11:45:00,0,
2025.09.10 12:19:59,scan_executed_new_execution_bar,USDJPY,2025.09.10 12:00:00,32,
2025.09.10 12:24:59,scan_skipped_same_execution_bar,USDJPY,2025.09.10 12:00:00,0,
2025.09.10 12:34:59,scan_executed_new_execution_bar,USDJPY,2025.09.10 12:15:00,0,
2025.09.10 12:39:59,scan_skipped_same_execution_bar,USDJPY,2025.09.10 12:15:00,0,
2025.09.10 12:49:59,scan_executed_new_execution_bar,USDJPY,2025.09.10 12:30:00,16,
2025.09.10 12:54:59,scan_skipped_same_execution_bar,USDJPY,2025.09.10 12:30:00,0,
2025.09.10 13:04:59,scan_executed_new_execution_bar,USDJPY,2025.09.10 12:45:00,0,
2025.09.10 13:09:59,scan_skipped_same_execution_bar,USDJPY,2025.09.10 12:45:00,0,
2025.09.10 13:19:59,scan_executed_new_execution_bar,USDJPY,2025.09.10 13:00:00,31,
2025.09.10 13:24:59,scan_skipped_same_execution_bar,USDJPY,2025.09.10 13:00:00,0,
2025.09.10 13:34:59,scan_executed_new_execution_bar,USDJPY,2025.09.10 13:15:00,15,
2025.09.10 13:39:59,scan_skipped_same_execution_bar,USDJPY,2025.09.10 13:15:00,0,
2025.09.10 13:49:59,scan_executed_new_execution_bar,USDJPY,2025.09.10 13:30:00,16,
2025.09.10 13:54:59,scan_skipped_same_execution_bar,USDJPY,2025.09.10 13:30:00,0,
2025.09.10 14:04:59,scan_executed_new_execution_bar,USDJPY,2025.09.10 13:45:00,0,
2025.09.10 14:09:59,scan_skipped_same_execution_bar,USDJPY,2025.09.10 13:45:00,0,
2025.09.10 14:19:58,scan_executed_new_execution_bar,USDJPY,2025.09.10 14:00:00,15,
2025.09.10 14:24:59,scan_skipped_same_execution_bar,USDJPY,2025.09.10 14:00:00,0,
2025.09.10 14:34:59,scan_executed_new_execution_bar,USDJPY,2025.09.10 14:15:00,16,
2025.09.10 14:39:59,scan_skipped_same_execution_bar,USDJPY,2025.09.10 14:15:00,0,
2025.09.10 14:49:59,scan_executed_new_execution_bar,USDJPY,2025.09.10 14:30:00,0,
2025.09.10 14:54:59,scan_skipped_same_execution_bar,USDJPY,2025.09.10 14:30:00,0,
2025.09.10 15:04:59,scan_executed_new_execution_bar,USDJPY,2025.09.10 14:45:00,0,
2025.09.10 15:09:58,scan_skipped_same_execution_bar,USDJPY,2025.09.10 14:45:00,0,
2025.09.10 15:19:59,scan_executed_new_execution_bar,USDJPY,2025.09.10 15:00:00,16,
2025.09.10 15:24:59,scan_skipped_same_execution_bar,USDJPY,2025.09.10 15:00:00,0,
2025.09.10 15:34:59,scan_executed_new_execution_bar,USDJPY,2025.09.10 15:15:00,0,
2025.09.10 15:39:59,scan_skipped_same_execution_bar,USDJPY,2025.09.10 15:15:00,0,
2025.09.10 15:49:59,scan_executed_new_execution_bar,USDJPY,2025.09.10 15:30:00,16,
2025.09.10 15:54:59,scan_skipped_same_execution_bar,USDJPY,2025.09.10 15:30:00,0,
2025.09.10 16:04:59,scan_executed_new_execution_bar,USDJPY,2025.09.10 15:45:00,15,
2025.09.10 16:09:59,scan_skipped_same_execution_bar,USDJPY,2025.09.10 15:45:00,0,
2025.09.10 16:19:59,scan_executed_new_execution_bar,USDJPY,2025.09.10 16:00:00,16,
2025.09.10 16:24:59,scan_skipped_same_execution_bar,USDJPY,2025.09.10 16:00:00,0,
2025.09.10 16:34:59,scan_executed_new_execution_bar,USDJPY,2025.09.10 16:15:00,0,
2025.09.10 16:39:59,scan_skipped_same_execution_bar,USDJPY,2025.09.10 16:15:00,0,
2025.09.10 16:49:59,scan_executed_new_execution_bar,USDJPY,2025.09.10 16:30:00,0,
2025.09.10 16:54:58,scan_skipped_same_execution_bar,USDJPY,2025.09.10 16:30:00,0,
2025.09.10 17:04:59,scan_executed_new_execution_bar,USDJPY,2025.09.10 16:45:00,15,
2025.09.10 17:09:59,scan_skipped_same_execution_bar,USDJPY,2025.09.10 16:45:00,0,
2025.09.10 17:19:59,scan_executed_new_execution_bar,USDJPY,2025.09.10 17:00:00,0,
2025.09.10 17:24:59,scan_skipped_same_execution_bar,USDJPY,2025.09.10 17:00:00,0,
2025.09.10 17:34:59,scan_executed_new_execution_bar,USDJPY,2025.09.10 17:15:00,0,
2025.09.10 17:39:59,scan_skipped_same_execution_bar,USDJPY,2025.09.10 17:15:00,0,
2025.09.10 17:49:59,scan_executed_new_execution_bar,USDJPY,2025.09.10 17:30:00,0,
2025.09.10 17:54:59,scan_skipped_same_execution_bar,USDJPY,2025.09.10 17:30:00,0,
2025.09.10 18:04:59,scan_executed_new_execution_bar,USDJPY,2025.09.10 17:45:00,16,
2025.09.10 18:09:59,scan_skipped_same_execution_bar,USDJPY,2025.09.10 17:45:00,0,
2025.09.10 18:19:59,scan_executed_new_execution_bar,USDJPY,2025.09.10 18:00:00,31,
2025.09.10 18:25:00,scan_skipped_same_execution_bar,USDJPY,2025.09.10 18:00:00,0,
2025.09.10 18:34:59,scan_executed_new_execution_bar,USDJPY,2025.09.10 18:15:00,31,
2025.09.10 18:39:59,scan_skipped_same_execution_bar,USDJPY,2025.09.10 18:15:00,0,
2025.09.10 18:49:59,scan_executed_new_execution_bar,USDJPY,2025.09.10 18:30:00,15,
2025.09.10 18:54:59,scan_skipped_same_execution_bar,USDJPY,2025.09.10 18:30:00,0,
2025.09.10 19:04:59,scan_executed_new_execution_bar,USDJPY,2025.09.10 18:45:00,16,
2025.09.10 19:09:59,scan_skipped_same_execution_bar,USDJPY,2025.09.10 18:45:00,0,
2025.09.10 19:19:58,scan_executed_new_execution_bar,USDJPY,2025.09.10 19:00:00,15,
2025.09.10 19:24:59,scan_skipped_same_execution_bar,USDJPY,2025.09.10 19:00:00,0,
2025.09.10 19:34:59,scan_executed_new_execution_bar,USDJPY,2025.09.10 19:15:00,0,
2025.09.10 19:39:59,scan_skipped_same_execution_bar,USDJPY,2025.09.10 19:15:00,0,
2025.09.10 19:49:59,scan_executed_new_execution_bar,USDJPY,2025.09.10 19:30:00,0,
2025.09.10 19:54:59,scan_skipped_same_execution_bar,USDJPY,2025.09.10 19:30:00,0,
2025.09.10 20:04:59,scan_executed_new_execution_bar,USDJPY,2025.09.10 19:45:00,16,
2025.09.10 20:09:59,scan_skipped_same_execution_bar,USDJPY,2025.09.10 19:45:00,0,
2025.09.10 20:19:59,scan_executed_new_execution_bar,USDJPY,2025.09.10 20:00:00,0,
2025.09.10 20:24:59,scan_skipped_same_execution_bar,USDJPY,2025.09.10 20:00:00,0,
2025.09.10 20:34:59,scan_executed_new_execution_bar,USDJPY,2025.09.10 20:15:00,0,
2025.09.10 20:39:59,scan_skipped_same_execution_bar,USDJPY,2025.09.10 20:15:00,0,
2025.09.10 20:49:59,scan_executed_new_execution_bar,USDJPY,2025.09.10 20:30:00,0,
2025.09.10 20:54:59,scan_skipped_same_execution_bar,USDJPY,2025.09.10 20:30:00,0,
2025.09.10 21:04:59,scan_executed_new_execution_bar,USDJPY,2025.09.10 20:45:00,16,
2025.09.10 21:09:59,scan_skipped_same_execution_bar,USDJPY,2025.09.10 20:45:00,0,
2025.09.10 21:19:59,scan_executed_new_execution_bar,USDJPY,2025.09.10 21:00:00,0,
2025.09.10 21:24:58,scan_skipped_same_execution_bar,USDJPY,2025.09.10 21:00:00,0,
2025.09.10 21:34:59,scan_executed_new_execution_bar,USDJPY,2025.09.10 21:15:00,16,
2025.09.10 21:39:59,scan_skipped_same_execution_bar,USDJPY,2025.09.10 21:15:00,0,
2025.09.10 21:49:59,scan_executed_new_execution_bar,USDJPY,2025.09.10 21:30:00,0,
2025.09.10 21:54:59,scan_skipped_same_execution_bar,USDJPY,2025.09.10 21:30:00,0,
2025.09.10 22:04:59,scan_executed_new_execution_bar,USDJPY,2025.09.10 21:45:00,0,
2025.09.10 22:09:59,scan_skipped_same_execution_bar,USDJPY,2025.09.10 21:45:00,0,
2025.09.10 22:19:58,scan_executed_new_execution_bar,USDJPY,2025.09.10 22:00:00,0,
2025.09.10 22:24:59,scan_skipped_same_execution_bar,USDJPY,2025.09.10 22:00:00,0,
2025.09.10 22:34:59,scan_executed_new_execution_bar,USDJPY,2025.09.10 22:15:00,0,
2025.09.10 22:39:58,scan_skipped_same_execution_bar,USDJPY,2025.09.10 22:15:00,0,
2025.09.10 22:49:59,scan_executed_new_execution_bar,USDJPY,2025.09.10 22:30:00,0,
2025.09.10 22:54:59,scan_skipped_same_execution_bar,USDJPY,2025.09.10 22:30:00,0,
2025.09.10 23:04:58,scan_executed_new_execution_bar,USDJPY,2025.09.10 22:45:00,0,
2025.09.10 23:09:59,scan_skipped_same_execution_bar,USDJPY,2025.09.10 22:45:00,0,
2025.09.10 23:19:58,scan_executed_new_execution_bar,USDJPY,2025.09.10 23:00:00,0,
2025.09.10 23:24:58,scan_skipped_same_execution_bar,USDJPY,2025.09.10 23:00:00,0,
2025.09.10 23:34:59,scan_executed_new_execution_bar,USDJPY,2025.09.10 23:15:00,0,
2025.09.10 23:39:59,scan_skipped_same_execution_bar,USDJPY,2025.09.10 23:15:00,0,
2025.09.10 23:49:41,scan_executed_new_execution_bar,USDJPY,2025.09.10 23:30:00,0,
2025.09.10 23:54:59,scan_skipped_same_execution_bar,USDJPY,2025.09.10 23:30:00,0,
2025.09.11 00:04:58,scan_executed_new_execution_bar,USDJPY,2025.09.10 23:45:00,0,
2025.09.11 00:09:59,scan_skipped_same_execution_bar,USDJPY,2025.09.10 23:45:00,0,
2025.09.11 00:19:56,scan_executed_new_execution_bar,USDJPY,2025.09.11 00:00:00,0,
2025.09.11 00:24:56,scan_skipped_same_execution_bar,USDJPY,2025.09.11 00:00:00,0,
2025.09.11 00:34:59,scan_executed_new_execution_bar,USDJPY,2025.09.11 00:15:00,0,
2025.09.11 00:39:59,scan_skipped_same_execution_bar,USDJPY,2025.09.11 00:15:00,0,
2025.09.11 00:49:59,scan_executed_new_execution_bar,USDJPY,2025.09.11 00:30:00,0,
2025.09.11 00:54:59,scan_skipped_same_execution_bar,USDJPY,2025.09.11 00:30:00,0,
2025.09.11 01:04:58,scan_executed_new_execution_bar,USDJPY,2025.09.11 00:45:00,0,
2025.09.11 01:09:59,scan_skipped_same_execution_bar,USDJPY,2025.09.11 00:45:00,0,
2025.09.11 01:19:59,scan_executed_new_execution_bar,USDJPY,2025.09.11 01:00:00,16,
2025.09.11 01:24:50,scan_skipped_same_execution_bar,USDJPY,2025.09.11 01:00:00,0,
2025.09.11 01:34:59,scan_executed_new_execution_bar,USDJPY,2025.09.11 01:15:00,0,
2025.09.11 01:39:59,scan_skipped_same_execution_bar,USDJPY,2025.09.11 01:15:00,0,
2025.09.11 01:49:59,scan_executed_new_execution_bar,USDJPY,2025.09.11 01:30:00,0,
2025.09.11 01:54:59,scan_skipped_same_execution_bar,USDJPY,2025.09.11 01:30:00,0,
2025.09.11 02:04:58,scan_executed_new_execution_bar,USDJPY,2025.09.11 01:45:00,0,
2025.09.11 02:09:59,scan_skipped_same_execution_bar,USDJPY,2025.09.11 01:45:00,0,
2025.09.11 02:20:00,scan_executed_new_execution_bar,USDJPY,2025.09.11 02:00:00,0,
2025.09.11 02:24:56,scan_skipped_same_execution_bar,USDJPY,2025.09.11 02:00:00,0,
2025.09.11 02:34:59,scan_executed_new_execution_bar,USDJPY,2025.09.11 02:15:00,0,
2025.09.11 02:39:59,scan_skipped_same_execution_bar,USDJPY,2025.09.11 02:15:00,0,
2025.09.11 02:49:59,scan_executed_new_execution_bar,USDJPY,2025.09.11 02:30:00,0,
2025.09.11 02:54:59,scan_skipped_same_execution_bar,USDJPY,2025.09.11 02:30:00,0,
2025.09.11 03:04:59,scan_executed_new_execution_bar,USDJPY,2025.09.11 02:45:00,0,
2025.09.11 03:09:59,scan_skipped_same_execution_bar,USDJPY,2025.09.11 02:45:00,0,
2025.09.11 03:19:59,scan_executed_new_execution_bar,USDJPY,2025.09.11 03:00:00,0,
2025.09.11 03:24:59,scan_skipped_same_execution_bar,USDJPY,2025.09.11 03:00:00,0,
2025.09.11 03:34:59,scan_executed_new_execution_bar,USDJPY,2025.09.11 03:15:00,0,
2025.09.11 03:39:59,scan_skipped_same_execution_bar,USDJPY,2025.09.11 03:15:00,0,
2025.09.11 03:49:59,scan_executed_new_execution_bar,USDJPY,2025.09.11 03:30:00,0,
2025.09.11 03:54:59,scan_skipped_same_execution_bar,USDJPY,2025.09.11 03:30:00,0,
2025.09.11 04:04:59,scan_executed_new_execution_bar,USDJPY,2025.09.11 03:45:00,0,
2025.09.11 04:09:59,scan_skipped_same_execution_bar,USDJPY,2025.09.11 03:45:00,0,
2025.09.11 04:19:59,scan_executed_new_execution_bar,USDJPY,2025.09.11 04:00:00,0,
2025.09.11 04:24:58,scan_skipped_same_execution_bar,USDJPY,2025.09.11 04:00:00,0,
2025.09.11 04:34:59,scan_executed_new_execution_bar,USDJPY,2025.09.11 04:15:00,16,
2025.09.11 04:39:59,scan_skipped_same_execution_bar,USDJPY,2025.09.11 04:15:00,0,
2025.09.11 04:49:59,scan_executed_new_execution_bar,USDJPY,2025.09.11 04:30:00,0,
2025.09.11 04:54:59,scan_skipped_same_execution_bar,USDJPY,2025.09.11 04:30:00,0,
2025.09.11 05:04:59,scan_executed_new_execution_bar,USDJPY,2025.09.11 04:45:00,0,
2025.09.11 05:09:59,scan_skipped_same_execution_bar,USDJPY,2025.09.11 04:45:00,0,
2025.09.11 05:19:59,scan_executed_new_execution_bar,USDJPY,2025.09.11 05:00:00,0,
2025.09.11 05:24:59,scan_skipped_same_execution_bar,USDJPY,2025.09.11 05:00:00,0,
2025.09.11 05:34:59,scan_executed_new_execution_bar,USDJPY,2025.09.11 05:15:00,0,
2025.09.11 05:39:59,scan_skipped_same_execution_bar,USDJPY,2025.09.11 05:15:00,0,
2025.09.11 05:49:59,scan_executed_new_execution_bar,USDJPY,2025.09.11 05:30:00,0,
2025.09.11 05:54:59,scan_skipped_same_execution_bar,USDJPY,2025.09.11 05:30:00,0,
2025.09.11 06:04:59,scan_executed_new_execution_bar,USDJPY,2025.09.11 05:45:00,0,
2025.09.11 06:09:59,scan_skipped_same_execution_bar,USDJPY,2025.09.11 05:45:00,0,
2025.09.11 06:19:59,scan_executed_new_execution_bar,USDJPY,2025.09.11 06:00:00,0,
2025.09.11 06:24:59,scan_skipped_same_execution_bar,USDJPY,2025.09.11 06:00:00,0,
2025.09.11 06:34:59,scan_executed_new_execution_bar,USDJPY,2025.09.11 06:15:00,0,
2025.09.11 06:39:59,scan_skipped_same_execution_bar,USDJPY,2025.09.11 06:15:00,0,
2025.09.11 06:49:59,scan_executed_new_execution_bar,USDJPY,2025.09.11 06:30:00,0,
2025.09.11 06:55:00,scan_skipped_same_execution_bar,USDJPY,2025.09.11 06:30:00,0,
2025.09.11 07:04:59,scan_executed_new_execution_bar,USDJPY,2025.09.11 06:45:00,15,
2025.09.11 07:09:59,scan_skipped_same_execution_bar,USDJPY,2025.09.11 06:45:00,0,
2025.09.11 07:19:58,scan_executed_new_execution_bar,USDJPY,2025.09.11 07:00:00,0,
2025.09.11 07:24:59,scan_skipped_same_execution_bar,USDJPY,2025.09.11 07:00:00,0,
2025.09.11 07:34:59,scan_executed_new_execution_bar,USDJPY,2025.09.11 07:15:00,0,
2025.09.11 07:40:00,scan_skipped_same_execution_bar,USDJPY,2025.09.11 07:15:00,0,
2025.09.11 07:49:59,scan_executed_new_execution_bar,USDJPY,2025.09.11 07:30:00,0,
2025.09.11 07:54:59,scan_skipped_same_execution_bar,USDJPY,2025.09.11 07:30:00,0,
2025.09.11 08:04:59,scan_executed_new_execution_bar,USDJPY,2025.09.11 07:45:00,0,
2025.09.11 08:09:59,scan_skipped_same_execution_bar,USDJPY,2025.09.11 07:45:00,0,
2025.09.11 08:19:58,scan_executed_new_execution_bar,USDJPY,2025.09.11 08:00:00,0,
2025.09.11 08:24:57,scan_skipped_same_execution_bar,USDJPY,2025.09.11 08:00:00,0,
2025.09.11 08:34:59,scan_executed_new_execution_bar,USDJPY,2025.09.11 08:15:00,0,
2025.09.11 08:39:59,scan_skipped_same_execution_bar,USDJPY,2025.09.11 08:15:00,0,
2025.09.11 08:49:59,scan_executed_new_execution_bar,USDJPY,2025.09.11 08:30:00,0,
2025.09.11 08:54:59,scan_skipped_same_execution_bar,USDJPY,2025.09.11 08:30:00,0,
2025.09.11 09:04:59,scan_executed_new_execution_bar,USDJPY,2025.09.11 08:45:00,0,
2025.09.11 09:09:59,scan_skipped_same_execution_bar,USDJPY,2025.09.11 08:45:00,0,
2025.09.11 09:19:59,scan_executed_new_execution_bar,USDJPY,2025.09.11 09:00:00,0,
2025.09.11 09:24:59,scan_skipped_same_execution_bar,USDJPY,2025.09.11 09:00:00,0,
2025.09.11 09:34:59,scan_executed_new_execution_bar,USDJPY,2025.09.11 09:15:00,0,
2025.09.11 09:39:59,scan_skipped_same_execution_bar,USDJPY,2025.09.11 09:15:00,0,
2025.09.11 09:49:59,scan_executed_new_execution_bar,USDJPY,2025.09.11 09:30:00,0,
2025.09.11 09:54:59,scan_skipped_same_execution_bar,USDJPY,2025.09.11 09:30:00,0,
2025.09.11 10:04:59,scan_executed_new_execution_bar,USDJPY,2025.09.11 09:45:00,0,
2025.09.11 10:09:59,scan_skipped_same_execution_bar,USDJPY,2025.09.11 09:45:00,0,
2025.09.11 10:19:59,scan_executed_new_execution_bar,USDJPY,2025.09.11 10:00:00,31,
2025.09.11 10:24:59,scan_skipped_same_execution_bar,USDJPY,2025.09.11 10:00:00,0,
2025.09.11 10:34:59,scan_executed_new_execution_bar,USDJPY,2025.09.11 10:15:00,0,
2025.09.11 10:39:59,scan_skipped_same_execution_bar,USDJPY,2025.09.11 10:15:00,0,
2025.09.11 10:49:59,scan_executed_new_execution_bar,USDJPY,2025.09.11 10:30:00,0,
2025.09.11 10:54:59,scan_skipped_same_execution_bar,USDJPY,2025.09.11 10:30:00,0,
2025.09.11 11:04:59,scan_executed_new_execution_bar,USDJPY,2025.09.11 10:45:00,0,
2025.09.11 11:09:59,scan_skipped_same_execution_bar,USDJPY,2025.09.11 10:45:00,0,
2025.09.11 11:19:59,scan_executed_new_execution_bar,USDJPY,2025.09.11 11:00:00,0,
2025.09.11 11:24:59,scan_skipped_same_execution_bar,USDJPY,2025.09.11 11:00:00,0,
2025.09.11 11:34:59,scan_executed_new_execution_bar,USDJPY,2025.09.11 11:15:00,0,
2025.09.11 11:39:59,scan_skipped_same_execution_bar,USDJPY,2025.09.11 11:15:00,0,
2025.09.11 11:49:59,scan_executed_new_execution_bar,USDJPY,2025.09.11 11:30:00,0,
2025.09.11 11:54:59,scan_skipped_same_execution_bar,USDJPY,2025.09.11 11:30:00,0,
2025.09.11 12:04:59,scan_executed_new_execution_bar,USDJPY,2025.09.11 11:45:00,0,
2025.09.11 12:09:59,scan_skipped_same_execution_bar,USDJPY,2025.09.11 11:45:00,0,
2025.09.11 12:19:59,scan_executed_new_execution_bar,USDJPY,2025.09.11 12:00:00,0,
2025.09.11 12:24:59,scan_skipped_same_execution_bar,USDJPY,2025.09.11 12:00:00,0,
2025.09.11 12:34:59,scan_executed_new_execution_bar,USDJPY,2025.09.11 12:15:00,0,
2025.09.11 12:39:59,scan_skipped_same_execution_bar,USDJPY,2025.09.11 12:15:00,0,
2025.09.11 12:49:59,scan_executed_new_execution_bar,USDJPY,2025.09.11 12:30:00,0,
2025.09.11 12:54:59,scan_skipped_same_execution_bar,USDJPY,2025.09.11 12:30:00,0,
2025.09.11 13:04:59,scan_executed_new_execution_bar,USDJPY,2025.09.11 12:45:00,0,
2025.09.11 13:09:59,scan_skipped_same_execution_bar,USDJPY,2025.09.11 12:45:00,0,
2025.09.11 13:19:59,scan_executed_new_execution_bar,USDJPY,2025.09.11 13:00:00,16,
2025.09.11 13:25:00,scan_skipped_same_execution_bar,USDJPY,2025.09.11 13:00:00,0,
2025.09.11 13:34:59,scan_executed_new_execution_bar,USDJPY,2025.09.11 13:15:00,0,
2025.09.11 13:39:59,scan_skipped_same_execution_bar,USDJPY,2025.09.11 13:15:00,0,
2025.09.11 13:50:00,scan_executed_new_execution_bar,USDJPY,2025.09.11 13:30:00,0,
2025.09.11 13:54:59,scan_skipped_same_execution_bar,USDJPY,2025.09.11 13:30:00,0,
2025.09.11 14:04:59,scan_executed_new_execution_bar,USDJPY,2025.09.11 13:45:00,0,
2025.09.11 14:09:59,scan_skipped_same_execution_bar,USDJPY,2025.09.11 13:45:00,0,
2025.09.11 14:19:59,scan_executed_new_execution_bar,USDJPY,2025.09.11 14:00:00,16,
2025.09.11 14:24:59,scan_skipped_same_execution_bar,USDJPY,2025.09.11 14:00:00,0,
2025.09.11 14:34:59,scan_executed_new_execution_bar,USDJPY,2025.09.11 14:15:00,0,
2025.09.11 14:39:58,scan_skipped_same_execution_bar,USDJPY,2025.09.11 14:15:00,0,
2025.09.11 14:49:59,scan_executed_new_execution_bar,USDJPY,2025.09.11 14:30:00,0,
2025.09.11 14:54:59,scan_skipped_same_execution_bar,USDJPY,2025.09.11 14:30:00,0,
2025.09.11 15:04:59,scan_executed_new_execution_bar,USDJPY,2025.09.11 14:45:00,0,
2025.09.11 15:09:59,scan_skipped_same_execution_bar,USDJPY,2025.09.11 14:45:00,0,
2025.09.11 15:19:59,scan_executed_new_execution_bar,USDJPY,2025.09.11 15:00:00,0,
2025.09.11 15:24:59,scan_skipped_same_execution_bar,USDJPY,2025.09.11 15:00:00,0,
2025.09.11 15:34:59,scan_executed_new_execution_bar,USDJPY,2025.09.11 15:15:00,0,
2025.09.11 15:39:59,scan_skipped_same_execution_bar,USDJPY,2025.09.11 15:15:00,0,
2025.09.11 15:49:59,scan_executed_new_execution_bar,USDJPY,2025.09.11 15:30:00,0,
2025.09.11 15:54:59,scan_skipped_same_execution_bar,USDJPY,2025.09.11 15:30:00,0,
2025.09.11 16:04:59,scan_executed_new_execution_bar,USDJPY,2025.09.11 15:45:00,0,
2025.09.11 16:09:59,scan_skipped_same_execution_bar,USDJPY,2025.09.11 15:45:00,0,
2025.09.11 16:19:59,scan_executed_new_execution_bar,USDJPY,2025.09.11 16:00:00,0,
2025.09.11 16:24:59,scan_skipped_same_execution_bar,USDJPY,2025.09.11 16:00:00,0,
2025.09.11 16:34:59,scan_executed_new_execution_bar,USDJPY,2025.09.11 16:15:00,15,
2025.09.11 16:39:59,scan_skipped_same_execution_bar,USDJPY,2025.09.11 16:15:00,0,
2025.09.11 16:49:59,scan_executed_new_execution_bar,USDJPY,2025.09.11 16:30:00,0,
2025.09.11 16:55:00,scan_skipped_same_execution_bar,USDJPY,2025.09.11 16:30:00,0,
2025.09.11 17:04:59,scan_executed_new_execution_bar,USDJPY,2025.09.11 16:45:00,0,
2025.09.11 17:09:59,scan_skipped_same_execution_bar,USDJPY,2025.09.11 16:45:00,0,
2025.09.11 17:19:59,scan_executed_new_execution_bar,USDJPY,2025.09.11 17:00:00,0,
2025.09.11 17:24:59,scan_skipped_same_execution_bar,USDJPY,2025.09.11 17:00:00,0,
2025.09.11 17:34:59,scan_executed_new_execution_bar,USDJPY,2025.09.11 17:15:00,0,
2025.09.11 17:39:59,scan_skipped_same_execution_bar,USDJPY,2025.09.11 17:15:00,0,
2025.09.11 17:49:59,scan_executed_new_execution_bar,USDJPY,2025.09.11 17:30:00,16,
2025.09.11 17:54:59,scan_skipped_same_execution_bar,USDJPY,2025.09.11 17:30:00,0,
2025.09.11 18:04:59,scan_executed_new_execution_bar,USDJPY,2025.09.11 17:45:00,47,
2025.09.11 18:09:59,scan_skipped_same_execution_bar,USDJPY,2025.09.11 17:45:00,0,
2025.09.11 18:19:59,scan_executed_new_execution_bar,USDJPY,2025.09.11 18:00:00,0,
2025.09.11 18:24:59,scan_skipped_same_execution_bar,USDJPY,2025.09.11 18:00:00,0,
2025.09.11 18:34:59,scan_executed_new_execution_bar,USDJPY,2025.09.11 18:15:00,31,
2025.09.11 18:39:59,scan_skipped_same_execution_bar,USDJPY,2025.09.11 18:15:00,0,
2025.09.11 18:49:59,scan_executed_new_execution_bar,USDJPY,2025.09.11 18:30:00,31,
2025.09.11 18:54:59,scan_skipped_same_execution_bar,USDJPY,2025.09.11 18:30:00,0,
2025.09.11 19:04:59,scan_executed_new_execution_bar,USDJPY,2025.09.11 18:45:00,16,
2025.09.11 19:09:59,scan_skipped_same_execution_bar,USDJPY,2025.09.11 18:45:00,0,
2025.09.11 19:19:59,scan_executed_new_execution_bar,USDJPY,2025.09.11 19:00:00,0,
2025.09.11 19:24:59,scan_skipped_same_execution_bar,USDJPY,2025.09.11 19:00:00,0,
2025.09.11 19:34:59,scan_executed_new_execution_bar,USDJPY,2025.09.11 19:15:00,16,
2025.09.11 19:40:00,scan_skipped_same_execution_bar,USDJPY,2025.09.11 19:15:00,0,
2025.09.11 19:49:59,scan_executed_new_execution_bar,USDJPY,2025.09.11 19:30:00,16,
2025.09.11 19:54:59,scan_skipped_same_execution_bar,USDJPY,2025.09.11 19:30:00,0,
2025.09.11 20:04:59,scan_executed_new_execution_bar,USDJPY,2025.09.11 19:45:00,0,
2025.09.11 20:09:59,scan_skipped_same_execution_bar,USDJPY,2025.09.11 19:45:00,0,
2025.09.11 20:19:59,scan_executed_new_execution_bar,USDJPY,2025.09.11 20:00:00,0,
2025.09.11 20:24:59,scan_skipped_same_execution_bar,USDJPY,2025.09.11 20:00:00,0,
2025.09.11 20:34:59,scan_executed_new_execution_bar,USDJPY,2025.09.11 20:15:00,31,
2025.09.11 20:39:59,scan_skipped_same_execution_bar,USDJPY,2025.09.11 20:15:00,0,
2025.09.11 20:49:59,scan_executed_new_execution_bar,USDJPY,2025.09.11 20:30:00,0,
2025.09.11 20:54:59,scan_skipped_same_execution_bar,USDJPY,2025.09.11 20:30:00,0,
2025.09.11 21:04:59,scan_executed_new_execution_bar,USDJPY,2025.09.11 20:45:00,0,
2025.09.11 21:09:59,scan_skipped_same_execution_bar,USDJPY,2025.09.11 20:45:00,0,
2025.09.11 21:19:59,scan_executed_new_execution_bar,USDJPY,2025.09.11 21:00:00,0,
2025.09.11 21:24:59,scan_skipped_same_execution_bar,USDJPY,2025.09.11 21:00:00,0,
2025.09.11 21:34:59,scan_executed_new_execution_bar,USDJPY,2025.09.11 21:15:00,0,
2025.09.11 21:39:59,scan_skipped_same_execution_bar,USDJPY,2025.09.11 21:15:00,0,
2025.09.11 21:49:59,scan_executed_new_execution_bar,USDJPY,2025.09.11 21:30:00,0,
2025.09.11 21:54:59,scan_skipped_same_execution_bar,USDJPY,2025.09.11 21:30:00,0,
2025.09.11 22:04:59,scan_executed_new_execution_bar,USDJPY,2025.09.11 21:45:00,0,
2025.09.11 22:09:59,scan_skipped_same_execution_bar,USDJPY,2025.09.11 21:45:00,0,
2025.09.11 22:19:59,scan_executed_new_execution_bar,USDJPY,2025.09.11 22:00:00,0,
2025.09.11 22:24:59,scan_skipped_same_execution_bar,USDJPY,2025.09.11 22:00:00,0,
2025.09.11 22:34:59,scan_executed_new_execution_bar,USDJPY,2025.09.11 22:15:00,0,
2025.09.11 22:39:59,scan_skipped_same_execution_bar,USDJPY,2025.09.11 22:15:00,0,
2025.09.11 22:49:59,scan_executed_new_execution_bar,USDJPY,2025.09.11 22:30:00,0,
2025.09.11 22:54:59,scan_skipped_same_execution_bar,USDJPY,2025.09.11 22:30:00,0,
2025.09.11 23:04:59,scan_executed_new_execution_bar,USDJPY,2025.09.11 22:45:00,0,
2025.09.11 23:09:59,scan_skipped_same_execution_bar,USDJPY,2025.09.11 22:45:00,0,
2025.09.11 23:20:00,scan_executed_new_execution_bar,USDJPY,2025.09.11 23:00:00,0,
2025.09.11 23:24:59,scan_skipped_same_execution_bar,USDJPY,2025.09.11 23:00:00,0,
2025.09.11 23:34:59,scan_executed_new_execution_bar,USDJPY,2025.09.11 23:15:00,0,
2025.09.11 23:39:57,scan_skipped_same_execution_bar,USDJPY,2025.09.11 23:15:00,0,
2025.09.11 23:49:57,scan_executed_new_execution_bar,USDJPY,2025.09.11 23:30:00,0,
2025.09.11 23:54:59,scan_skipped_same_execution_bar,USDJPY,2025.09.11 23:30:00,0,
2025.09.12 00:04:56,scan_executed_new_execution_bar,USDJPY,2025.09.11 23:45:00,0,
2025.09.12 00:09:55,scan_skipped_same_execution_bar,USDJPY,2025.09.11 23:45:00,0,
2025.09.12 00:19:59,scan_executed_new_execution_bar,USDJPY,2025.09.12 00:00:00,0,
2025.09.12 00:24:59,scan_skipped_same_execution_bar,USDJPY,2025.09.12 00:00:00,0,
2025.09.12 00:34:59,scan_executed_new_execution_bar,USDJPY,2025.09.12 00:15:00,0,
2025.09.12 00:39:59,scan_skipped_same_execution_bar,USDJPY,2025.09.12 00:15:00,0,
2025.09.12 00:49:59,scan_executed_new_execution_bar,USDJPY,2025.09.12 00:30:00,0,
2025.09.12 00:54:58,scan_skipped_same_execution_bar,USDJPY,2025.09.12 00:30:00,0,
2025.09.12 01:04:59,scan_executed_new_execution_bar,USDJPY,2025.09.12 00:45:00,16,
2025.09.12 01:09:59,scan_skipped_same_execution_bar,USDJPY,2025.09.12 00:45:00,0,
2025.09.12 01:19:59,scan_executed_new_execution_bar,USDJPY,2025.09.12 01:00:00,0,
2025.09.12 01:24:55,scan_skipped_same_execution_bar,USDJPY,2025.09.12 01:00:00,0,
2025.09.12 01:34:59,scan_executed_new_execution_bar,USDJPY,2025.09.12 01:15:00,0,
2025.09.12 01:39:59,scan_skipped_same_execution_bar,USDJPY,2025.09.12 01:15:00,0,
2025.09.12 01:49:59,scan_executed_new_execution_bar,USDJPY,2025.09.12 01:30:00,0,
2025.09.12 01:54:58,scan_skipped_same_execution_bar,USDJPY,2025.09.12 01:30:00,0,
2025.09.12 02:04:59,scan_executed_new_execution_bar,USDJPY,2025.09.12 01:45:00,0,
2025.09.12 02:09:59,scan_skipped_same_execution_bar,USDJPY,2025.09.12 01:45:00,0,
2025.09.12 02:19:59,scan_executed_new_execution_bar,USDJPY,2025.09.12 02:00:00,0,
2025.09.12 02:24:59,scan_skipped_same_execution_bar,USDJPY,2025.09.12 02:00:00,0,
2025.09.12 02:34:59,scan_executed_new_execution_bar,USDJPY,2025.09.12 02:15:00,0,
2025.09.12 02:39:54,scan_skipped_same_execution_bar,USDJPY,2025.09.12 02:15:00,0,
2025.09.12 02:49:59,scan_executed_new_execution_bar,USDJPY,2025.09.12 02:30:00,0,
2025.09.12 02:54:55,scan_skipped_same_execution_bar,USDJPY,2025.09.12 02:30:00,0,
2025.09.12 03:04:59,scan_executed_new_execution_bar,USDJPY,2025.09.12 02:45:00,0,
2025.09.12 03:09:59,scan_skipped_same_execution_bar,USDJPY,2025.09.12 02:45:00,0,
2025.09.12 03:19:59,scan_executed_new_execution_bar,USDJPY,2025.09.12 03:00:00,0,
2025.09.12 03:24:59,scan_skipped_same_execution_bar,USDJPY,2025.09.12 03:00:00,0,
2025.09.12 03:34:59,scan_executed_new_execution_bar,USDJPY,2025.09.12 03:15:00,0,
2025.09.12 03:39:59,scan_skipped_same_execution_bar,USDJPY,2025.09.12 03:15:00,0,
2025.09.12 03:49:59,scan_executed_new_execution_bar,USDJPY,2025.09.12 03:30:00,15,
2025.09.12 03:54:59,scan_skipped_same_execution_bar,USDJPY,2025.09.12 03:30:00,0,
2025.09.12 04:04:59,scan_executed_new_execution_bar,USDJPY,2025.09.12 03:45:00,16,
2025.09.12 04:09:59,scan_skipped_same_execution_bar,USDJPY,2025.09.12 03:45:00,0,
2025.09.12 04:19:59,scan_executed_new_execution_bar,USDJPY,2025.09.12 04:00:00,0,
2025.09.12 04:24:59,scan_skipped_same_execution_bar,USDJPY,2025.09.12 04:00:00,0,
2025.09.12 04:34:59,scan_executed_new_execution_bar,USDJPY,2025.09.12 04:15:00,16,
2025.09.12 04:39:59,scan_skipped_same_execution_bar,USDJPY,2025.09.12 04:15:00,0,
2025.09.12 04:49:59,scan_executed_new_execution_bar,USDJPY,2025.09.12 04:30:00,0,
2025.09.12 04:54:59,scan_skipped_same_execution_bar,USDJPY,2025.09.12 04:30:00,0,
2025.09.12 05:04:58,scan_executed_new_execution_bar,USDJPY,2025.09.12 04:45:00,15,
2025.09.12 05:09:59,scan_skipped_same_execution_bar,USDJPY,2025.09.12 04:45:00,0,
2025.09.12 05:19:59,scan_executed_new_execution_bar,USDJPY,2025.09.12 05:00:00,16,
2025.09.12 05:24:59,scan_skipped_same_execution_bar,USDJPY,2025.09.12 05:00:00,0,
2025.09.12 05:34:59,scan_executed_new_execution_bar,USDJPY,2025.09.12 05:15:00,0,
2025.09.12 05:39:59,scan_skipped_same_execution_bar,USDJPY,2025.09.12 05:15:00,0,
2025.09.12 05:49:59,scan_executed_new_execution_bar,USDJPY,2025.09.12 05:30:00,0,
2025.09.12 05:54:59,scan_skipped_same_execution_bar,USDJPY,2025.09.12 05:30:00,0,
2025.09.12 06:04:59,scan_executed_new_execution_bar,USDJPY,2025.09.12 05:45:00,16,
2025.09.12 06:09:59,scan_skipped_same_execution_bar,USDJPY,2025.09.12 05:45:00,0,
2025.09.12 06:19:59,scan_executed_new_execution_bar,USDJPY,2025.09.12 06:00:00,0,
2025.09.12 06:24:57,scan_skipped_same_execution_bar,USDJPY,2025.09.12 06:00:00,0,
2025.09.12 06:34:59,scan_executed_new_execution_bar,USDJPY,2025.09.12 06:15:00,0,
2025.09.12 06:39:59,scan_skipped_same_execution_bar,USDJPY,2025.09.12 06:15:00,0,
2025.09.12 06:49:59,scan_executed_new_execution_bar,USDJPY,2025.09.12 06:30:00,0,
2025.09.12 06:54:59,scan_skipped_same_execution_bar,USDJPY,2025.09.12 06:30:00,0,
2025.09.12 07:04:59,scan_executed_new_execution_bar,USDJPY,2025.09.12 06:45:00,0,
2025.09.12 07:09:59,scan_skipped_same_execution_bar,USDJPY,2025.09.12 06:45:00,0,
2025.09.12 07:19:59,scan_executed_new_execution_bar,USDJPY,2025.09.12 07:00:00,0,
2025.09.12 07:24:59,scan_skipped_same_execution_bar,USDJPY,2025.09.12 07:00:00,0,
2025.09.12 07:35:00,scan_executed_new_execution_bar,USDJPY,2025.09.12 07:15:00,15,
2025.09.12 07:39:59,scan_skipped_same_execution_bar,USDJPY,2025.09.12 07:15:00,0,
2025.09.12 07:49:59,scan_executed_new_execution_bar,USDJPY,2025.09.12 07:30:00,0,
2025.09.12 07:54:59,scan_skipped_same_execution_bar,USDJPY,2025.09.12 07:30:00,0,
2025.09.12 08:04:59,scan_executed_new_execution_bar,USDJPY,2025.09.12 07:45:00,0,
2025.09.12 08:09:59,scan_skipped_same_execution_bar,USDJPY,2025.09.12 07:45:00,0,
2025.09.12 08:19:59,scan_executed_new_execution_bar,USDJPY,2025.09.12 08:00:00,0,
2025.09.12 08:24:58,scan_skipped_same_execution_bar,USDJPY,2025.09.12 08:00:00,0,
2025.09.12 08:34:59,scan_executed_new_execution_bar,USDJPY,2025.09.12 08:15:00,31,
2025.09.12 08:39:59,scan_skipped_same_execution_bar,USDJPY,2025.09.12 08:15:00,0,
2025.09.12 08:49:59,scan_executed_new_execution_bar,USDJPY,2025.09.12 08:30:00,0,
2025.09.12 08:54:59,scan_skipped_same_execution_bar,USDJPY,2025.09.12 08:30:00,0,
2025.09.12 09:04:59,scan_executed_new_execution_bar,USDJPY,2025.09.12 08:45:00,16,
2025.09.12 09:09:59,scan_skipped_same_execution_bar,USDJPY,2025.09.12 08:45:00,0,
2025.09.12 09:19:59,scan_executed_new_execution_bar,USDJPY,2025.09.12 09:00:00,0,
2025.09.12 09:24:59,scan_skipped_same_execution_bar,USDJPY,2025.09.12 09:00:00,0,
2025.09.12 09:34:59,scan_executed_new_execution_bar,USDJPY,2025.09.12 09:15:00,0,
2025.09.12 09:39:59,scan_skipped_same_execution_bar,USDJPY,2025.09.12 09:15:00,0,
2025.09.12 09:49:59,scan_executed_new_execution_bar,USDJPY,2025.09.12 09:30:00,0,
2025.09.12 09:54:59,scan_skipped_same_execution_bar,USDJPY,2025.09.12 09:30:00,0,
2025.09.12 10:04:59,scan_executed_new_execution_bar,USDJPY,2025.09.12 09:45:00,0,
2025.09.12 10:09:59,scan_skipped_same_execution_bar,USDJPY,2025.09.12 09:45:00,0,
2025.09.12 10:19:59,scan_executed_new_execution_bar,USDJPY,2025.09.12 10:00:00,0,
2025.09.12 10:24:59,scan_skipped_same_execution_bar,USDJPY,2025.09.12 10:00:00,0,
2025.09.12 10:35:00,scan_executed_new_execution_bar,USDJPY,2025.09.12 10:15:00,0,
2025.09.12 10:39:58,scan_skipped_same_execution_bar,USDJPY,2025.09.12 10:15:00,0,
2025.09.12 10:49:59,scan_executed_new_execution_bar,USDJPY,2025.09.12 10:30:00,0,
2025.09.12 10:54:59,scan_skipped_same_execution_bar,USDJPY,2025.09.12 10:30:00,0,
2025.09.12 11:04:59,scan_executed_new_execution_bar,USDJPY,2025.09.12 10:45:00,0,
2025.09.12 11:09:59,scan_skipped_same_execution_bar,USDJPY,2025.09.12 10:45:00,0,
2025.09.12 11:19:59,scan_executed_new_execution_bar,USDJPY,2025.09.12 11:00:00,0,
2025.09.12 11:24:59,scan_skipped_same_execution_bar,USDJPY,2025.09.12 11:00:00,0,
2025.09.12 11:34:59,scan_executed_new_execution_bar,USDJPY,2025.09.12 11:15:00,0,
2025.09.12 11:39:59,scan_skipped_same_execution_bar,USDJPY,2025.09.12 11:15:00,0,
2025.09.12 11:49:59,scan_executed_new_execution_bar,USDJPY,2025.09.12 11:30:00,0,
2025.09.12 11:54:59,scan_skipped_same_execution_bar,USDJPY,2025.09.12 11:30:00,0,
2025.09.12 12:04:59,scan_executed_new_execution_bar,USDJPY,2025.09.12 11:45:00,15,
2025.09.12 12:09:59,scan_skipped_same_execution_bar,USDJPY,2025.09.12 11:45:00,0,
2025.09.12 12:19:59,scan_executed_new_execution_bar,USDJPY,2025.09.12 12:00:00,0,
2025.09.12 12:24:59,scan_skipped_same_execution_bar,USDJPY,2025.09.12 12:00:00,0,
2025.09.12 12:34:59,scan_executed_new_execution_bar,USDJPY,2025.09.12 12:15:00,16,
2025.09.12 12:39:59,scan_skipped_same_execution_bar,USDJPY,2025.09.12 12:15:00,0,
2025.09.12 12:49:59,scan_executed_new_execution_bar,USDJPY,2025.09.12 12:30:00,15,
2025.09.12 12:54:59,scan_skipped_same_execution_bar,USDJPY,2025.09.12 12:30:00,0,
2025.09.12 13:04:59,scan_executed_new_execution_bar,USDJPY,2025.09.12 12:45:00,16,
2025.09.12 13:09:59,scan_skipped_same_execution_bar,USDJPY,2025.09.12 12:45:00,0,
2025.09.12 13:19:59,scan_executed_new_execution_bar,USDJPY,2025.09.12 13:00:00,15,
2025.09.12 13:24:59,scan_skipped_same_execution_bar,USDJPY,2025.09.12 13:00:00,0,
2025.09.12 13:34:59,scan_executed_new_execution_bar,USDJPY,2025.09.12 13:15:00,31,
2025.09.12 13:39:59,scan_skipped_same_execution_bar,USDJPY,2025.09.12 13:15:00,0,
2025.09.12 13:49:59,scan_executed_new_execution_bar,USDJPY,2025.09.12 13:30:00,32,
2025.09.12 13:54:59,scan_skipped_same_execution_bar,USDJPY,2025.09.12 13:30:00,0,
2025.09.12 14:04:58,scan_executed_new_execution_bar,USDJPY,2025.09.12 13:45:00,16,
2025.09.12 14:09:59,scan_skipped_same_execution_bar,USDJPY,2025.09.12 13:45:00,0,
2025.09.12 14:19:59,scan_executed_new_execution_bar,USDJPY,2025.09.12 14:00:00,0,
2025.09.12 14:24:59,scan_skipped_same_execution_bar,USDJPY,2025.09.12 14:00:00,0,
2025.09.12 14:34:59,scan_executed_new_execution_bar,USDJPY,2025.09.12 14:15:00,0,
2025.09.12 14:39:59,scan_skipped_same_execution_bar,USDJPY,2025.09.12 14:15:00,0,
2025.09.12 14:49:59,scan_executed_new_execution_bar,USDJPY,2025.09.12 14:30:00,0,
2025.09.12 14:54:59,scan_skipped_same_execution_bar,USDJPY,2025.09.12 14:30:00,0,
2025.09.12 15:04:59,scan_executed_new_execution_bar,USDJPY,2025.09.12 14:45:00,0,
2025.09.12 15:09:59,scan_skipped_same_execution_bar,USDJPY,2025.09.12 14:45:00,0,
2025.09.12 15:19:59,scan_executed_new_execution_bar,USDJPY,2025.09.12 15:00:00,0,
2025.09.12 15:24:59,scan_skipped_same_execution_bar,USDJPY,2025.09.12 15:00:00,0,
2025.09.12 15:34:59,scan_executed_new_execution_bar,USDJPY,2025.09.12 15:15:00,0,
2025.09.12 15:39:59,scan_skipped_same_execution_bar,USDJPY,2025.09.12 15:15:00,0,
2025.09.12 15:49:59,scan_executed_new_execution_bar,USDJPY,2025.09.12 15:30:00,0,
2025.09.12 15:54:59,scan_skipped_same_execution_bar,USDJPY,2025.09.12 15:30:00,0,
2025.09.12 16:04:59,scan_executed_new_execution_bar,USDJPY,2025.09.12 15:45:00,16,
2025.09.12 16:09:59,scan_skipped_same_execution_bar,USDJPY,2025.09.12 15:45:00,0,
2025.09.12 16:19:59,scan_executed_new_execution_bar,USDJPY,2025.09.12 16:00:00,0,
2025.09.12 16:24:58,scan_skipped_same_execution_bar,USDJPY,2025.09.12 16:00:00,0,
2025.09.12 16:34:59,scan_executed_new_execution_bar,USDJPY,2025.09.12 16:15:00,0,
2025.09.12 16:39:59,scan_skipped_same_execution_bar,USDJPY,2025.09.12 16:15:00,0,
2025.09.12 16:49:59,scan_executed_new_execution_bar,USDJPY,2025.09.12 16:30:00,0,
2025.09.12 16:54:59,scan_skipped_same_execution_bar,USDJPY,2025.09.12 16:30:00,0,
2025.09.12 17:04:59,scan_executed_new_execution_bar,USDJPY,2025.09.12 16:45:00,0,
2025.09.12 17:09:59,scan_skipped_same_execution_bar,USDJPY,2025.09.12 16:45:00,0,
2025.09.12 17:19:59,scan_executed_new_execution_bar,USDJPY,2025.09.12 17:00:00,0,
2025.09.12 17:24:59,scan_skipped_same_execution_bar,USDJPY,2025.09.12 17:00:00,0,
2025.09.12 17:34:59,scan_executed_new_execution_bar,USDJPY,2025.09.12 17:15:00,0,
2025.09.12 17:39:59,scan_skipped_same_execution_bar,USDJPY,2025.09.12 17:15:00,0,
2025.09.12 17:49:59,scan_executed_new_execution_bar,USDJPY,2025.09.12 17:30:00,0,
2025.09.12 17:54:59,scan_skipped_same_execution_bar,USDJPY,2025.09.12 17:30:00,0,
2025.09.12 18:05:00,scan_executed_new_execution_bar,USDJPY,2025.09.12 17:45:00,0,
2025.09.12 18:09:59,scan_skipped_same_execution_bar,USDJPY,2025.09.12 17:45:00,0,
2025.09.12 18:19:59,scan_executed_new_execution_bar,USDJPY,2025.09.12 18:00:00,31,
2025.09.12 18:24:59,scan_skipped_same_execution_bar,USDJPY,2025.09.12 18:00:00,0,
2025.09.12 18:34:59,scan_executed_new_execution_bar,USDJPY,2025.09.12 18:15:00,31,
2025.09.12 18:39:59,scan_skipped_same_execution_bar,USDJPY,2025.09.12 18:15:00,0,
2025.09.12 18:49:59,scan_executed_new_execution_bar,USDJPY,2025.09.12 18:30:00,0,
2025.09.12 18:54:59,scan_skipped_same_execution_bar,USDJPY,2025.09.12 18:30:00,0,
2025.09.12 19:04:59,scan_executed_new_execution_bar,USDJPY,2025.09.12 18:45:00,16,
2025.09.12 19:09:59,scan_skipped_same_execution_bar,USDJPY,2025.09.12 18:45:00,0,
2025.09.12 19:19:58,scan_executed_new_execution_bar,USDJPY,2025.09.12 19:00:00,0,
2025.09.12 19:24:59,scan_skipped_same_execution_bar,USDJPY,2025.09.12 19:00:00,0,
2025.09.12 19:34:58,scan_executed_new_execution_bar,USDJPY,2025.09.12 19:15:00,15,
2025.09.12 19:39:59,scan_skipped_same_execution_bar,USDJPY,2025.09.12 19:15:00,0,
2025.09.12 19:49:59,scan_executed_new_execution_bar,USDJPY,2025.09.12 19:30:00,0,
2025.09.12 19:54:59,scan_skipped_same_execution_bar,USDJPY,2025.09.12 19:30:00,0,
2025.09.12 20:04:59,scan_executed_new_execution_bar,USDJPY,2025.09.12 19:45:00,47,
2025.09.12 20:09:59,scan_skipped_same_execution_bar,USDJPY,2025.09.12 19:45:00,0,
2025.09.12 20:19:59,scan_executed_new_execution_bar,USDJPY,2025.09.12 20:00:00,0,
2025.09.12 20:24:59,scan_skipped_same_execution_bar,USDJPY,2025.09.12 20:00:00,0,
2025.09.12 20:34:59,scan_executed_new_execution_bar,USDJPY,2025.09.12 20:15:00,0,
2025.09.12 20:39:59,scan_skipped_same_execution_bar,USDJPY,2025.09.12 20:15:00,0,
2025.09.12 20:49:58,scan_executed_new_execution_bar,USDJPY,2025.09.12 20:30:00,0,
2025.09.12 20:54:59,scan_skipped_same_execution_bar,USDJPY,2025.09.12 20:30:00,0,
2025.09.12 21:04:59,scan_executed_new_execution_bar,USDJPY,2025.09.12 20:45:00,15,
2025.09.12 21:09:59,scan_skipped_same_execution_bar,USDJPY,2025.09.12 20:45:00,0,
2025.09.12 21:19:59,scan_executed_new_execution_bar,USDJPY,2025.09.12 21:00:00,0,
2025.09.12 21:24:59,scan_skipped_same_execution_bar,USDJPY,2025.09.12 21:00:00,0,
2025.09.12 21:34:59,scan_executed_new_execution_bar,USDJPY,2025.09.12 21:15:00,0,
2025.09.12 21:39:58,scan_skipped_same_execution_bar,USDJPY,2025.09.12 21:15:00,0,
2025.09.12 21:49:59,scan_executed_new_execution_bar,USDJPY,2025.09.12 21:30:00,0,
2025.09.12 21:54:59,scan_skipped_same_execution_bar,USDJPY,2025.09.12 21:30:00,0,
2025.09.12 22:04:59,scan_executed_new_execution_bar,USDJPY,2025.09.12 21:45:00,0,
2025.09.12 22:09:59,scan_skipped_same_execution_bar,USDJPY,2025.09.12 21:45:00,0,
2025.09.12 22:19:59,scan_executed_new_execution_bar,USDJPY,2025.09.12 22:00:00,15,
2025.09.12 22:24:58,scan_skipped_same_execution_bar,USDJPY,2025.09.12 22:00:00,0,
2025.09.12 22:34:59,scan_executed_new_execution_bar,USDJPY,2025.09.12 22:15:00,0,
2025.09.12 22:39:59,scan_skipped_same_execution_bar,USDJPY,2025.09.12 22:15:00,0,
2025.09.12 22:49:59,scan_executed_new_execution_bar,USDJPY,2025.09.12 22:30:00,0,
2025.09.12 22:55:00,scan_skipped_same_execution_bar,USDJPY,2025.09.12 22:30:00,0,
2025.09.12 23:04:59,scan_executed_new_execution_bar,USDJPY,2025.09.12 22:45:00,0,
2025.09.12 23:09:58,scan_skipped_same_execution_bar,USDJPY,2025.09.12 22:45:00,0,
2025.09.12 23:19:58,scan_executed_new_execution_bar,USDJPY,2025.09.12 23:00:00,0,
2025.09.12 23:24:59,scan_skipped_same_execution_bar,USDJPY,2025.09.12 23:00:00,0,
2025.09.12 23:34:59,scan_executed_new_execution_bar,USDJPY,2025.09.12 23:15:00,0,
2025.09.12 23:39:59,scan_skipped_same_execution_bar,USDJPY,2025.09.12 23:15:00,0,
2025.09.12 23:49:57,scan_executed_new_execution_bar,USDJPY,2025.09.12 23:30:00,0,
2025.09.12 23:54:57,scan_skipped_same_execution_bar,USDJPY,2025.09.12 23:30:00,0,
2025.09.15 00:04:39,scan_executed_new_execution_bar,USDJPY,2025.09.12 23:45:00,0,
2025.09.15 00:09:59,scan_skipped_same_execution_bar,USDJPY,2025.09.12 23:45:00,0,
2025.09.15 00:19:57,scan_executed_new_execution_bar,USDJPY,2025.09.15 00:00:00,0,
2025.09.15 00:24:59,scan_skipped_same_execution_bar,USDJPY,2025.09.15 00:00:00,0,
2025.09.15 00:34:59,scan_executed_new_execution_bar,USDJPY,2025.09.15 00:15:00,0,
2025.09.15 00:39:59,scan_skipped_same_execution_bar,USDJPY,2025.09.15 00:15:00,0,
2025.09.15 00:49:59,scan_executed_new_execution_bar,USDJPY,2025.09.15 00:30:00,0,
2025.09.15 00:54:59,scan_skipped_same_execution_bar,USDJPY,2025.09.15 00:30:00,0,
2025.09.15 01:05:00,scan_executed_new_execution_bar,USDJPY,2025.09.15 00:45:00,0,
2025.09.15 01:09:59,scan_skipped_same_execution_bar,USDJPY,2025.09.15 00:45:00,0,
2025.09.15 01:19:58,scan_executed_new_execution_bar,USDJPY,2025.09.15 01:00:00,0,
2025.09.15 01:24:57,scan_skipped_same_execution_bar,USDJPY,2025.09.15 01:00:00,0,
2025.09.15 01:34:59,scan_executed_new_execution_bar,USDJPY,2025.09.15 01:15:00,0,
2025.09.15 01:39:59,scan_skipped_same_execution_bar,USDJPY,2025.09.15 01:15:00,0,
2025.09.15 01:49:59,scan_executed_new_execution_bar,USDJPY,2025.09.15 01:30:00,0,
2025.09.15 01:54:58,scan_skipped_same_execution_bar,USDJPY,2025.09.15 01:30:00,0,
2025.09.15 02:04:59,scan_executed_new_execution_bar,USDJPY,2025.09.15 01:45:00,0,
2025.09.15 02:09:59,scan_skipped_same_execution_bar,USDJPY,2025.09.15 01:45:00,0,
2025.09.15 02:19:59,scan_executed_new_execution_bar,USDJPY,2025.09.15 02:00:00,0,
2025.09.15 02:24:59,scan_skipped_same_execution_bar,USDJPY,2025.09.15 02:00:00,0,
2025.09.15 02:34:56,scan_executed_new_execution_bar,USDJPY,2025.09.15 02:15:00,0,
2025.09.15 02:39:59,scan_skipped_same_execution_bar,USDJPY,2025.09.15 02:15:00,0,
2025.09.15 02:49:59,scan_executed_new_execution_bar,USDJPY,2025.09.15 02:30:00,0,
2025.09.15 02:54:53,scan_skipped_same_execution_bar,USDJPY,2025.09.15 02:30:00,0,
2025.09.15 03:04:59,scan_executed_new_execution_bar,USDJPY,2025.09.15 02:45:00,0,
2025.09.15 03:09:59,scan_skipped_same_execution_bar,USDJPY,2025.09.15 02:45:00,0,
2025.09.15 03:19:59,scan_executed_new_execution_bar,USDJPY,2025.09.15 03:00:00,0,
2025.09.15 03:24:59,scan_skipped_same_execution_bar,USDJPY,2025.09.15 03:00:00,0,
2025.09.15 03:35:00,scan_executed_new_execution_bar,USDJPY,2025.09.15 03:15:00,0,
2025.09.15 03:39:59,scan_skipped_same_execution_bar,USDJPY,2025.09.15 03:15:00,0,
2025.09.15 03:49:57,scan_executed_new_execution_bar,USDJPY,2025.09.15 03:30:00,0,
2025.09.15 03:54:59,scan_skipped_same_execution_bar,USDJPY,2025.09.15 03:30:00,0,
2025.09.15 04:04:59,scan_executed_new_execution_bar,USDJPY,2025.09.15 03:45:00,0,
2025.09.15 04:09:59,scan_skipped_same_execution_bar,USDJPY,2025.09.15 03:45:00,0,
2025.09.15 04:19:59,scan_executed_new_execution_bar,USDJPY,2025.09.15 04:00:00,0,
2025.09.15 04:24:59,scan_skipped_same_execution_bar,USDJPY,2025.09.15 04:00:00,0,
2025.09.15 04:34:59,scan_executed_new_execution_bar,USDJPY,2025.09.15 04:15:00,0,
2025.09.15 04:39:59,scan_skipped_same_execution_bar,USDJPY,2025.09.15 04:15:00,0,
2025.09.15 04:49:59,scan_executed_new_execution_bar,USDJPY,2025.09.15 04:30:00,0,
2025.09.15 04:55:00,scan_skipped_same_execution_bar,USDJPY,2025.09.15 04:30:00,0,
2025.09.15 05:04:59,scan_executed_new_execution_bar,USDJPY,2025.09.15 04:45:00,0,
2025.09.15 05:09:58,scan_skipped_same_execution_bar,USDJPY,2025.09.15 04:45:00,0,
2025.09.15 05:19:59,scan_executed_new_execution_bar,USDJPY,2025.09.15 05:00:00,0,
2025.09.15 05:24:58,scan_skipped_same_execution_bar,USDJPY,2025.09.15 05:00:00,0,
2025.09.15 05:34:59,scan_executed_new_execution_bar,USDJPY,2025.09.15 05:15:00,0,
2025.09.15 05:39:59,scan_skipped_same_execution_bar,USDJPY,2025.09.15 05:15:00,0,
2025.09.15 05:49:59,scan_executed_new_execution_bar,USDJPY,2025.09.15 05:30:00,0,
2025.09.15 05:55:00,scan_skipped_same_execution_bar,USDJPY,2025.09.15 05:30:00,0,
2025.09.15 06:04:53,scan_executed_new_execution_bar,USDJPY,2025.09.15 05:45:00,0,
2025.09.15 06:09:59,scan_skipped_same_execution_bar,USDJPY,2025.09.15 05:45:00,0,
2025.09.15 06:19:59,scan_executed_new_execution_bar,USDJPY,2025.09.15 06:00:00,0,
2025.09.15 06:24:59,scan_skipped_same_execution_bar,USDJPY,2025.09.15 06:00:00,0,
2025.09.15 06:34:59,scan_executed_new_execution_bar,USDJPY,2025.09.15 06:15:00,0,
2025.09.15 06:39:59,scan_skipped_same_execution_bar,USDJPY,2025.09.15 06:15:00,0,
2025.09.15 06:49:59,scan_executed_new_execution_bar,USDJPY,2025.09.15 06:30:00,0,
2025.09.15 06:54:59,scan_skipped_same_execution_bar,USDJPY,2025.09.15 06:30:00,0,
2025.09.15 07:04:59,scan_executed_new_execution_bar,USDJPY,2025.09.15 06:45:00,0,
2025.09.15 07:09:58,scan_skipped_same_execution_bar,USDJPY,2025.09.15 06:45:00,0,
2025.09.15 07:19:59,scan_executed_new_execution_bar,USDJPY,2025.09.15 07:00:00,0,
2025.09.15 07:24:59,scan_skipped_same_execution_bar,USDJPY,2025.09.15 07:00:00,0,
2025.09.15 07:34:59,scan_executed_new_execution_bar,USDJPY,2025.09.15 07:15:00,0,
2025.09.15 07:40:00,scan_skipped_same_execution_bar,USDJPY,2025.09.15 07:15:00,0,
2025.09.15 07:49:59,scan_executed_new_execution_bar,USDJPY,2025.09.15 07:30:00,0,
2025.09.15 07:54:59,scan_skipped_same_execution_bar,USDJPY,2025.09.15 07:30:00,0,
2025.09.15 08:04:59,scan_executed_new_execution_bar,USDJPY,2025.09.15 07:45:00,0,
2025.09.15 08:09:59,scan_skipped_same_execution_bar,USDJPY,2025.09.15 07:45:00,0,
2025.09.15 08:19:58,scan_executed_new_execution_bar,USDJPY,2025.09.15 08:00:00,0,
2025.09.15 08:24:59,scan_skipped_same_execution_bar,USDJPY,2025.09.15 08:00:00,0,
2025.09.15 08:34:58,scan_executed_new_execution_bar,USDJPY,2025.09.15 08:15:00,0,
2025.09.15 08:39:59,scan_skipped_same_execution_bar,USDJPY,2025.09.15 08:15:00,0,
2025.09.15 08:49:59,scan_executed_new_execution_bar,USDJPY,2025.09.15 08:30:00,15,
2025.09.15 08:54:59,scan_skipped_same_execution_bar,USDJPY,2025.09.15 08:30:00,0,
2025.09.15 09:04:59,scan_executed_new_execution_bar,USDJPY,2025.09.15 08:45:00,16,
2025.09.15 09:09:59,scan_skipped_same_execution_bar,USDJPY,2025.09.15 08:45:00,0,
2025.09.15 09:19:59,scan_executed_new_execution_bar,USDJPY,2025.09.15 09:00:00,0,
2025.09.15 09:24:59,scan_skipped_same_execution_bar,USDJPY,2025.09.15 09:00:00,0,
2025.09.15 09:34:59,scan_executed_new_execution_bar,USDJPY,2025.09.15 09:15:00,0,
2025.09.15 09:39:59,scan_skipped_same_execution_bar,USDJPY,2025.09.15 09:15:00,0,
2025.09.15 09:49:59,scan_executed_new_execution_bar,USDJPY,2025.09.15 09:30:00,0,
2025.09.15 09:54:59,scan_skipped_same_execution_bar,USDJPY,2025.09.15 09:30:00,0,
2025.09.15 10:04:59,scan_executed_new_execution_bar,USDJPY,2025.09.15 09:45:00,0,
2025.09.15 10:09:59,scan_skipped_same_execution_bar,USDJPY,2025.09.15 09:45:00,0,
2025.09.15 10:19:59,scan_executed_new_execution_bar,USDJPY,2025.09.15 10:00:00,0,
2025.09.15 10:24:59,scan_skipped_same_execution_bar,USDJPY,2025.09.15 10:00:00,0,
2025.09.15 10:34:59,scan_executed_new_execution_bar,USDJPY,2025.09.15 10:15:00,0,
2025.09.15 10:39:59,scan_skipped_same_execution_bar,USDJPY,2025.09.15 10:15:00,0,
2025.09.15 10:49:59,scan_executed_new_execution_bar,USDJPY,2025.09.15 10:30:00,0,
2025.09.15 10:54:59,scan_skipped_same_execution_bar,USDJPY,2025.09.15 10:30:00,0,
2025.09.15 11:04:59,scan_executed_new_execution_bar,USDJPY,2025.09.15 10:45:00,0,
2025.09.15 11:09:59,scan_skipped_same_execution_bar,USDJPY,2025.09.15 10:45:00,0,
2025.09.15 11:19:59,scan_executed_new_execution_bar,USDJPY,2025.09.15 11:00:00,0,
2025.09.15 11:24:59,scan_skipped_same_execution_bar,USDJPY,2025.09.15 11:00:00,0,
2025.09.15 11:34:59,scan_executed_new_execution_bar,USDJPY,2025.09.15 11:15:00,0,
2025.09.15 11:39:59,scan_skipped_same_execution_bar,USDJPY,2025.09.15 11:15:00,0,
2025.09.15 11:49:59,scan_executed_new_execution_bar,USDJPY,2025.09.15 11:30:00,0,
2025.09.15 11:54:59,scan_skipped_same_execution_bar,USDJPY,2025.09.15 11:30:00,0,
2025.09.15 12:04:59,scan_executed_new_execution_bar,USDJPY,2025.09.15 11:45:00,0,
2025.09.15 12:09:59,scan_skipped_same_execution_bar,USDJPY,2025.09.15 11:45:00,0,
2025.09.15 12:19:59,scan_executed_new_execution_bar,USDJPY,2025.09.15 12:00:00,0,
2025.09.15 12:24:58,scan_skipped_same_execution_bar,USDJPY,2025.09.15 12:00:00,0,
2025.09.15 12:34:59,scan_executed_new_execution_bar,USDJPY,2025.09.15 12:15:00,0,
2025.09.15 12:39:59,scan_skipped_same_execution_bar,USDJPY,2025.09.15 12:15:00,0,
2025.09.15 12:49:59,scan_executed_new_execution_bar,USDJPY,2025.09.15 12:30:00,15,
2025.09.15 12:54:58,scan_skipped_same_execution_bar,USDJPY,2025.09.15 12:30:00,0,
2025.09.15 13:04:59,scan_executed_new_execution_bar,USDJPY,2025.09.15 12:45:00,0,
2025.09.15 13:09:59,scan_skipped_same_execution_bar,USDJPY,2025.09.15 12:45:00,0,
2025.09.15 13:19:59,scan_executed_new_execution_bar,USDJPY,2025.09.15 13:00:00,0,
2025.09.15 13:24:59,scan_skipped_same_execution_bar,USDJPY,2025.09.15 13:00:00,0,
2025.09.15 13:34:59,scan_executed_new_execution_bar,USDJPY,2025.09.15 13:15:00,0,
2025.09.15 13:39:56,scan_skipped_same_execution_bar,USDJPY,2025.09.15 13:15:00,0,
2025.09.15 13:49:59,scan_executed_new_execution_bar,USDJPY,2025.09.15 13:30:00,16,
2025.09.15 13:54:59,scan_skipped_same_execution_bar,USDJPY,2025.09.15 13:30:00,0,
2025.09.15 14:04:58,scan_executed_new_execution_bar,USDJPY,2025.09.15 13:45:00,15,
2025.09.15 14:09:59,scan_skipped_same_execution_bar,USDJPY,2025.09.15 13:45:00,0,
2025.09.15 14:19:59,scan_executed_new_execution_bar,USDJPY,2025.09.15 14:00:00,0,
2025.09.15 14:24:59,scan_skipped_same_execution_bar,USDJPY,2025.09.15 14:00:00,0,
2025.09.15 14:34:59,scan_executed_new_execution_bar,USDJPY,2025.09.15 14:15:00,0,
2025.09.15 14:39:59,scan_skipped_same_execution_bar,USDJPY,2025.09.15 14:15:00,0,
2025.09.15 14:45:00,scan_executed_new_execution_bar,USDJPY,2025.09.15 14:30:00,0,
2025.09.15 14:49:59,scan_skipped_same_execution_bar,USDJPY,2025.09.15 14:30:00,0,
2025.09.15 15:04:59,scan_executed_new_execution_bar,USDJPY,2025.09.15 14:45:00,0,
2025.09.15 15:09:59,scan_skipped_same_execution_bar,USDJPY,2025.09.15 14:45:00,0,
2025.09.15 15:19:59,scan_executed_new_execution_bar,USDJPY,2025.09.15 15:00:00,0,
2025.09.15 15:25:00,scan_skipped_same_execution_bar,USDJPY,2025.09.15 15:00:00,0,
2025.09.15 15:34:59,scan_executed_new_execution_bar,USDJPY,2025.09.15 15:15:00,15,
2025.09.15 15:39:59,scan_skipped_same_execution_bar,USDJPY,2025.09.15 15:15:00,0,
2025.09.15 15:49:59,scan_executed_new_execution_bar,USDJPY,2025.09.15 15:30:00,0,
2025.09.15 15:54:59,scan_skipped_same_execution_bar,USDJPY,2025.09.15 15:30:00,0,
2025.09.15 16:05:00,scan_executed_new_execution_bar,USDJPY,2025.09.15 15:45:00,0,
2025.09.15 16:09:59,scan_skipped_same_execution_bar,USDJPY,2025.09.15 15:45:00,0,
2025.09.15 16:19:59,scan_executed_new_execution_bar,USDJPY,2025.09.15 16:00:00,16,
2025.09.15 16:24:59,scan_skipped_same_execution_bar,USDJPY,2025.09.15 16:00:00,0,
2025.09.15 16:34:59,scan_executed_new_execution_bar,USDJPY,2025.09.15 16:15:00,15,
2025.09.15 16:39:59,scan_skipped_same_execution_bar,USDJPY,2025.09.15 16:15:00,0,
2025.09.15 16:49:59,scan_executed_new_execution_bar,USDJPY,2025.09.15 16:30:00,0,
2025.09.15 16:54:59,scan_skipped_same_execution_bar,USDJPY,2025.09.15 16:30:00,0,
2025.09.15 17:05:00,scan_executed_new_execution_bar,USDJPY,2025.09.15 16:45:00,0,
2025.09.15 17:09:59,scan_skipped_same_execution_bar,USDJPY,2025.09.15 16:45:00,0,
2025.09.15 17:19:59,scan_executed_new_execution_bar,USDJPY,2025.09.15 17:00:00,0,
2025.09.15 17:24:59,scan_skipped_same_execution_bar,USDJPY,2025.09.15 17:00:00,0,
2025.09.15 17:34:59,scan_executed_new_execution_bar,USDJPY,2025.09.15 17:15:00,0,
2025.09.15 17:39:59,scan_skipped_same_execution_bar,USDJPY,2025.09.15 17:15:00,0,
2025.09.15 17:49:59,scan_executed_new_execution_bar,USDJPY,2025.09.15 17:30:00,0,
2025.09.15 17:54:59,scan_skipped_same_execution_bar,USDJPY,2025.09.15 17:30:00,0,
2025.09.15 18:04:59,scan_executed_new_execution_bar,USDJPY,2025.09.15 17:45:00,0,
2025.09.15 18:09:59,scan_skipped_same_execution_bar,USDJPY,2025.09.15 17:45:00,0,
2025.09.15 18:19:59,scan_executed_new_execution_bar,USDJPY,2025.09.15 18:00:00,0,
2025.09.15 18:24:59,scan_skipped_same_execution_bar,USDJPY,2025.09.15 18:00:00,0,
2025.09.15 18:34:59,scan_executed_new_execution_bar,USDJPY,2025.09.15 18:15:00,0,
2025.09.15 18:39:59,scan_skipped_same_execution_bar,USDJPY,2025.09.15 18:15:00,0,
2025.09.15 18:49:59,scan_executed_new_execution_bar,USDJPY,2025.09.15 18:30:00,0,
2025.09.15 18:54:59,scan_skipped_same_execution_bar,USDJPY,2025.09.15 18:30:00,0,
2025.09.15 19:04:59,scan_executed_new_execution_bar,USDJPY,2025.09.15 18:45:00,0,
2025.09.15 19:09:59,scan_skipped_same_execution_bar,USDJPY,2025.09.15 18:45:00,0,
2025.09.15 19:19:59,scan_executed_new_execution_bar,USDJPY,2025.09.15 19:00:00,15,
2025.09.15 19:24:59,scan_skipped_same_execution_bar,USDJPY,2025.09.15 19:00:00,0,
2025.09.15 19:34:59,scan_executed_new_execution_bar,USDJPY,2025.09.15 19:15:00,16,
2025.09.15 19:39:59,scan_skipped_same_execution_bar,USDJPY,2025.09.15 19:15:00,0,
2025.09.15 19:49:59,scan_executed_new_execution_bar,USDJPY,2025.09.15 19:30:00,0,
2025.09.15 19:54:59,scan_skipped_same_execution_bar,USDJPY,2025.09.15 19:30:00,0,
2025.09.15 20:04:59,scan_executed_new_execution_bar,USDJPY,2025.09.15 19:45:00,0,
2025.09.15 20:09:59,scan_skipped_same_execution_bar,USDJPY,2025.09.15 19:45:00,0,
2025.09.15 20:19:57,scan_executed_new_execution_bar,USDJPY,2025.09.15 20:00:00,16,
2025.09.15 20:24:59,scan_skipped_same_execution_bar,USDJPY,2025.09.15 20:00:00,0,
2025.09.15 20:34:59,scan_executed_new_execution_bar,USDJPY,2025.09.15 20:15:00,0,
2025.09.15 20:39:59,scan_skipped_same_execution_bar,USDJPY,2025.09.15 20:15:00,0,
2025.09.15 20:49:59,scan_executed_new_execution_bar,USDJPY,2025.09.15 20:30:00,0,
2025.09.15 20:54:59,scan_skipped_same_execution_bar,USDJPY,2025.09.15 20:30:00,0,
2025.09.15 21:04:59,scan_executed_new_execution_bar,USDJPY,2025.09.15 20:45:00,0,
2025.09.15 21:09:59,scan_skipped_same_execution_bar,USDJPY,2025.09.15 20:45:00,0,
2025.09.15 21:19:59,scan_executed_new_execution_bar,USDJPY,2025.09.15 21:00:00,31,
2025.09.15 21:24:59,scan_skipped_same_execution_bar,USDJPY,2025.09.15 21:00:00,0,
2025.09.15 21:34:59,scan_executed_new_execution_bar,USDJPY,2025.09.15 21:15:00,0,
2025.09.15 21:40:00,scan_skipped_same_execution_bar,USDJPY,2025.09.15 21:15:00,0,
2025.09.15 21:49:59,scan_executed_new_execution_bar,USDJPY,2025.09.15 21:30:00,0,
2025.09.15 21:54:59,scan_skipped_same_execution_bar,USDJPY,2025.09.15 21:30:00,0,
2025.09.15 22:04:59,scan_executed_new_execution_bar,USDJPY,2025.09.15 21:45:00,0,
2025.09.15 22:09:58,scan_skipped_same_execution_bar,USDJPY,2025.09.15 21:45:00,0,
2025.09.15 22:19:59,scan_executed_new_execution_bar,USDJPY,2025.09.15 22:00:00,15,
2025.09.15 22:24:59,scan_skipped_same_execution_bar,USDJPY,2025.09.15 22:00:00,0,
2025.09.15 22:34:59,scan_executed_new_execution_bar,USDJPY,2025.09.15 22:15:00,0,
2025.09.15 22:39:59,scan_skipped_same_execution_bar,USDJPY,2025.09.15 22:15:00,0,
2025.09.15 22:49:59,scan_executed_new_execution_bar,USDJPY,2025.09.15 22:30:00,0,
2025.09.15 22:54:58,scan_skipped_same_execution_bar,USDJPY,2025.09.15 22:30:00,0,
2025.09.15 23:04:59,scan_executed_new_execution_bar,USDJPY,2025.09.15 22:45:00,0,
2025.09.15 23:09:59,scan_skipped_same_execution_bar,USDJPY,2025.09.15 22:45:00,0,
2025.09.15 23:19:59,scan_executed_new_execution_bar,USDJPY,2025.09.15 23:00:00,16,
2025.09.15 23:24:59,scan_skipped_same_execution_bar,USDJPY,2025.09.15 23:00:00,0,
2025.09.15 23:34:59,scan_executed_new_execution_bar,USDJPY,2025.09.15 23:15:00,15,
2025.09.15 23:39:59,scan_skipped_same_execution_bar,USDJPY,2025.09.15 23:15:00,0,
2025.09.15 23:49:59,scan_executed_new_execution_bar,USDJPY,2025.09.15 23:30:00,0,
2025.09.15 23:54:59,scan_skipped_same_execution_bar,USDJPY,2025.09.15 23:30:00,0,
2025.09.16 00:04:50,scan_executed_new_execution_bar,USDJPY,2025.09.15 23:45:00,0,
2025.09.16 00:09:57,scan_skipped_same_execution_bar,USDJPY,2025.09.15 23:45:00,0,
2025.09.16 00:19:59,scan_executed_new_execution_bar,USDJPY,2025.09.16 00:00:00,0,
2025.09.16 00:24:59,scan_skipped_same_execution_bar,USDJPY,2025.09.16 00:00:00,0,
2025.09.16 00:34:59,scan_executed_new_execution_bar,USDJPY,2025.09.16 00:15:00,0,
2025.09.16 00:39:59,scan_skipped_same_execution_bar,USDJPY,2025.09.16 00:15:00,0,
2025.09.16 00:49:59,scan_executed_new_execution_bar,USDJPY,2025.09.16 00:30:00,0,
2025.09.16 00:54:53,scan_skipped_same_execution_bar,USDJPY,2025.09.16 00:30:00,0,
2025.09.16 01:04:58,scan_executed_new_execution_bar,USDJPY,2025.09.16 00:45:00,0,
2025.09.16 01:09:58,scan_skipped_same_execution_bar,USDJPY,2025.09.16 00:45:00,0,
2025.09.16 01:19:58,scan_executed_new_execution_bar,USDJPY,2025.09.16 01:00:00,0,
2025.09.16 01:24:59,scan_skipped_same_execution_bar,USDJPY,2025.09.16 01:00:00,0,
2025.09.16 01:34:59,scan_executed_new_execution_bar,USDJPY,2025.09.16 01:15:00,0,
2025.09.16 01:39:59,scan_skipped_same_execution_bar,USDJPY,2025.09.16 01:15:00,0,
2025.09.16 01:49:59,scan_executed_new_execution_bar,USDJPY,2025.09.16 01:30:00,0,
2025.09.16 01:54:59,scan_skipped_same_execution_bar,USDJPY,2025.09.16 01:30:00,0,
2025.09.16 02:04:59,scan_executed_new_execution_bar,USDJPY,2025.09.16 01:45:00,0,
2025.09.16 02:09:59,scan_skipped_same_execution_bar,USDJPY,2025.09.16 01:45:00,0,
2025.09.16 02:19:59,scan_executed_new_execution_bar,USDJPY,2025.09.16 02:00:00,0,
2025.09.16 02:24:59,scan_skipped_same_execution_bar,USDJPY,2025.09.16 02:00:00,0,
2025.09.16 02:34:59,scan_executed_new_execution_bar,USDJPY,2025.09.16 02:15:00,0,
2025.09.16 02:40:00,scan_skipped_same_execution_bar,USDJPY,2025.09.16 02:15:00,0,
2025.09.16 02:49:57,scan_executed_new_execution_bar,USDJPY,2025.09.16 02:30:00,0,
2025.09.16 02:54:58,scan_skipped_same_execution_bar,USDJPY,2025.09.16 02:30:00,0,
2025.09.16 03:04:59,scan_executed_new_execution_bar,USDJPY,2025.09.16 02:45:00,0,
2025.09.16 03:09:59,scan_skipped_same_execution_bar,USDJPY,2025.09.16 02:45:00,0,
2025.09.16 03:19:59,scan_executed_new_execution_bar,USDJPY,2025.09.16 03:00:00,15,
2025.09.16 03:24:59,scan_skipped_same_execution_bar,USDJPY,2025.09.16 03:00:00,0,
2025.09.16 03:34:59,scan_executed_new_execution_bar,USDJPY,2025.09.16 03:15:00,0,
2025.09.16 03:39:59,scan_skipped_same_execution_bar,USDJPY,2025.09.16 03:15:00,0,
2025.09.16 03:49:59,scan_executed_new_execution_bar,USDJPY,2025.09.16 03:30:00,0,
2025.09.16 03:54:59,scan_skipped_same_execution_bar,USDJPY,2025.09.16 03:30:00,0,
2025.09.16 04:04:59,scan_executed_new_execution_bar,USDJPY,2025.09.16 03:45:00,0,
2025.09.16 04:09:59,scan_skipped_same_execution_bar,USDJPY,2025.09.16 03:45:00,0,
2025.09.16 04:19:59,scan_executed_new_execution_bar,USDJPY,2025.09.16 04:00:00,0,
2025.09.16 04:24:59,scan_skipped_same_execution_bar,USDJPY,2025.09.16 04:00:00,0,
2025.09.16 04:34:59,scan_executed_new_execution_bar,USDJPY,2025.09.16 04:15:00,0,
2025.09.16 04:39:59,scan_skipped_same_execution_bar,USDJPY,2025.09.16 04:15:00,0,
2025.09.16 04:49:58,scan_executed_new_execution_bar,USDJPY,2025.09.16 04:30:00,0,
2025.09.16 04:54:59,scan_skipped_same_execution_bar,USDJPY,2025.09.16 04:30:00,0,
2025.09.16 05:04:59,scan_executed_new_execution_bar,USDJPY,2025.09.16 04:45:00,0,
2025.09.16 05:09:59,scan_skipped_same_execution_bar,USDJPY,2025.09.16 04:45:00,0,
2025.09.16 05:19:59,scan_executed_new_execution_bar,USDJPY,2025.09.16 05:00:00,0,
2025.09.16 05:24:59,scan_skipped_same_execution_bar,USDJPY,2025.09.16 05:00:00,0,
2025.09.16 05:34:59,scan_executed_new_execution_bar,USDJPY,2025.09.16 05:15:00,0,
2025.09.16 05:39:59,scan_skipped_same_execution_bar,USDJPY,2025.09.16 05:15:00,0,
2025.09.16 05:49:59,scan_executed_new_execution_bar,USDJPY,2025.09.16 05:30:00,0,
2025.09.16 05:54:59,scan_skipped_same_execution_bar,USDJPY,2025.09.16 05:30:00,0,
2025.09.16 06:04:59,scan_executed_new_execution_bar,USDJPY,2025.09.16 05:45:00,0,
2025.09.16 06:09:59,scan_skipped_same_execution_bar,USDJPY,2025.09.16 05:45:00,0,
2025.09.16 06:19:59,scan_executed_new_execution_bar,USDJPY,2025.09.16 06:00:00,16,
2025.09.16 06:24:59,scan_skipped_same_execution_bar,USDJPY,2025.09.16 06:00:00,0,
2025.09.16 06:34:59,scan_executed_new_execution_bar,USDJPY,2025.09.16 06:15:00,0,
2025.09.16 06:39:59,scan_skipped_same_execution_bar,USDJPY,2025.09.16 06:15:00,0,
2025.09.16 06:49:59,scan_executed_new_execution_bar,USDJPY,2025.09.16 06:30:00,0,
2025.09.16 06:54:59,scan_skipped_same_execution_bar,USDJPY,2025.09.16 06:30:00,0,
2025.09.16 07:04:59,scan_executed_new_execution_bar,USDJPY,2025.09.16 06:45:00,16,
2025.09.16 07:09:59,scan_skipped_same_execution_bar,USDJPY,2025.09.16 06:45:00,0,
2025.09.16 07:19:59,scan_executed_new_execution_bar,USDJPY,2025.09.16 07:00:00,0,
2025.09.16 07:24:59,scan_skipped_same_execution_bar,USDJPY,2025.09.16 07:00:00,0,
2025.09.16 07:34:59,scan_executed_new_execution_bar,USDJPY,2025.09.16 07:15:00,0,
2025.09.16 07:39:59,scan_skipped_same_execution_bar,USDJPY,2025.09.16 07:15:00,0,
2025.09.16 07:49:59,scan_executed_new_execution_bar,USDJPY,2025.09.16 07:30:00,0,
2025.09.16 07:54:59,scan_skipped_same_execution_bar,USDJPY,2025.09.16 07:30:00,0,
2025.09.16 08:04:59,scan_executed_new_execution_bar,USDJPY,2025.09.16 07:45:00,0,
2025.09.16 08:09:59,scan_skipped_same_execution_bar,USDJPY,2025.09.16 07:45:00,0,
2025.09.16 08:19:59,scan_executed_new_execution_bar,USDJPY,2025.09.16 08:00:00,0,
2025.09.16 08:24:59,scan_skipped_same_execution_bar,USDJPY,2025.09.16 08:00:00,0,
2025.09.16 08:34:59,scan_executed_new_execution_bar,USDJPY,2025.09.16 08:15:00,15,
2025.09.16 08:39:59,scan_skipped_same_execution_bar,USDJPY,2025.09.16 08:15:00,0,
2025.09.16 08:50:00,scan_executed_new_execution_bar,USDJPY,2025.09.16 08:30:00,32,
2025.09.16 08:54:59,scan_skipped_same_execution_bar,USDJPY,2025.09.16 08:30:00,0,
2025.09.16 09:04:59,scan_executed_new_execution_bar,USDJPY,2025.09.16 08:45:00,0,
2025.09.16 09:09:59,scan_skipped_same_execution_bar,USDJPY,2025.09.16 08:45:00,0,
2025.09.16 09:19:59,scan_executed_new_execution_bar,USDJPY,2025.09.16 09:00:00,0,
2025.09.16 09:24:59,scan_skipped_same_execution_bar,USDJPY,2025.09.16 09:00:00,0,
2025.09.16 09:34:59,scan_executed_new_execution_bar,USDJPY,2025.09.16 09:15:00,0,
2025.09.16 09:39:59,scan_skipped_same_execution_bar,USDJPY,2025.09.16 09:15:00,0,
2025.09.16 09:49:59,scan_executed_new_execution_bar,USDJPY,2025.09.16 09:30:00,0,
2025.09.16 09:54:59,scan_skipped_same_execution_bar,USDJPY,2025.09.16 09:30:00,0,
2025.09.16 10:05:00,scan_executed_new_execution_bar,USDJPY,2025.09.16 09:45:00,16,
2025.09.16 10:09:59,scan_skipped_same_execution_bar,USDJPY,2025.09.16 09:45:00,0,
2025.09.16 10:19:59,scan_executed_new_execution_bar,USDJPY,2025.09.16 10:00:00,0,
2025.09.16 10:24:59,scan_skipped_same_execution_bar,USDJPY,2025.09.16 10:00:00,0,
2025.09.16 10:35:00,scan_executed_new_execution_bar,USDJPY,2025.09.16 10:15:00,16,
2025.09.16 10:39:59,scan_skipped_same_execution_bar,USDJPY,2025.09.16 10:15:00,0,
2025.09.16 10:49:59,scan_executed_new_execution_bar,USDJPY,2025.09.16 10:30:00,16,
2025.09.16 10:54:59,scan_skipped_same_execution_bar,USDJPY,2025.09.16 10:30:00,0,
2025.09.16 11:04:59,scan_executed_new_execution_bar,USDJPY,2025.09.16 10:45:00,15,
2025.09.16 11:09:59,scan_skipped_same_execution_bar,USDJPY,2025.09.16 10:45:00,0,
2025.09.16 11:19:59,scan_executed_new_execution_bar,USDJPY,2025.09.16 11:00:00,0,
2025.09.16 11:24:59,scan_skipped_same_execution_bar,USDJPY,2025.09.16 11:00:00,0,
2025.09.16 11:34:59,scan_executed_new_execution_bar,USDJPY,2025.09.16 11:15:00,16,
2025.09.16 11:40:00,scan_skipped_same_execution_bar,USDJPY,2025.09.16 11:15:00,0,
2025.09.16 11:49:59,scan_executed_new_execution_bar,USDJPY,2025.09.16 11:30:00,16,
2025.09.16 11:54:59,scan_skipped_same_execution_bar,USDJPY,2025.09.16 11:30:00,0,
2025.09.16 12:04:59,scan_executed_new_execution_bar,USDJPY,2025.09.16 11:45:00,0,
2025.09.16 12:09:59,scan_skipped_same_execution_bar,USDJPY,2025.09.16 11:45:00,0,
2025.09.16 12:19:59,scan_executed_new_execution_bar,USDJPY,2025.09.16 12:00:00,0,
2025.09.16 12:24:59,scan_skipped_same_execution_bar,USDJPY,2025.09.16 12:00:00,0,
2025.09.16 12:34:59,scan_executed_new_execution_bar,USDJPY,2025.09.16 12:15:00,0,
2025.09.16 12:39:59,scan_skipped_same_execution_bar,USDJPY,2025.09.16 12:15:00,0,
2025.09.16 12:49:59,scan_executed_new_execution_bar,USDJPY,2025.09.16 12:30:00,0,
2025.09.16 12:54:59,scan_skipped_same_execution_bar,USDJPY,2025.09.16 12:30:00,0,
2025.09.16 13:04:59,scan_executed_new_execution_bar,USDJPY,2025.09.16 12:45:00,0,
2025.09.16 13:09:59,scan_skipped_same_execution_bar,USDJPY,2025.09.16 12:45:00,0,
2025.09.16 13:19:59,scan_executed_new_execution_bar,USDJPY,2025.09.16 13:00:00,15,
2025.09.16 13:24:59,scan_skipped_same_execution_bar,USDJPY,2025.09.16 13:00:00,0,
2025.09.16 13:34:59,scan_executed_new_execution_bar,USDJPY,2025.09.16 13:15:00,0,
2025.09.16 13:39:59,scan_skipped_same_execution_bar,USDJPY,2025.09.16 13:15:00,0,
2025.09.16 13:49:59,scan_executed_new_execution_bar,USDJPY,2025.09.16 13:30:00,16,
2025.09.16 13:54:58,scan_skipped_same_execution_bar,USDJPY,2025.09.16 13:30:00,0,
2025.09.16 14:04:59,scan_executed_new_execution_bar,USDJPY,2025.09.16 13:45:00,0,
2025.09.16 14:09:59,scan_skipped_same_execution_bar,USDJPY,2025.09.16 13:45:00,0,
2025.09.16 14:19:59,scan_executed_new_execution_bar,USDJPY,2025.09.16 14:00:00,16,
2025.09.16 14:24:59,scan_skipped_same_execution_bar,USDJPY,2025.09.16 14:00:00,0,
2025.09.16 14:34:59,scan_executed_new_execution_bar,USDJPY,2025.09.16 14:15:00,0,
2025.09.16 14:39:59,scan_skipped_same_execution_bar,USDJPY,2025.09.16 14:15:00,0,
2025.09.16 14:50:00,scan_executed_new_execution_bar,USDJPY,2025.09.16 14:30:00,15,
2025.09.16 14:54:59,scan_skipped_same_execution_bar,USDJPY,2025.09.16 14:30:00,0,
2025.09.16 15:04:59,scan_executed_new_execution_bar,USDJPY,2025.09.16 14:45:00,0,
2025.09.16 15:09:59,scan_skipped_same_execution_bar,USDJPY,2025.09.16 14:45:00,0,
2025.09.16 15:19:59,scan_executed_new_execution_bar,USDJPY,2025.09.16 15:00:00,16,
2025.09.16 15:24:59,scan_skipped_same_execution_bar,USDJPY,2025.09.16 15:00:00,0,
2025.09.16 15:34:59,scan_executed_new_execution_bar,USDJPY,2025.09.16 15:15:00,0,
2025.09.16 15:39:59,scan_skipped_same_execution_bar,USDJPY,2025.09.16 15:15:00,0,
2025.09.16 15:49:59,scan_executed_new_execution_bar,USDJPY,2025.09.16 15:30:00,16,
2025.09.16 15:54:59,scan_skipped_same_execution_bar,USDJPY,2025.09.16 15:30:00,0,
2025.09.16 16:04:59,scan_executed_new_execution_bar,USDJPY,2025.09.16 15:45:00,0,
2025.09.16 16:09:59,scan_skipped_same_execution_bar,USDJPY,2025.09.16 15:45:00,0,
2025.09.16 16:19:59,scan_executed_new_execution_bar,USDJPY,2025.09.16 16:00:00,0,
2025.09.16 16:24:59,scan_skipped_same_execution_bar,USDJPY,2025.09.16 16:00:00,0,
2025.09.16 16:34:59,scan_executed_new_execution_bar,USDJPY,2025.09.16 16:15:00,16,
2025.09.16 16:39:57,scan_skipped_same_execution_bar,USDJPY,2025.09.16 16:15:00,0,
2025.09.16 16:49:59,scan_executed_new_execution_bar,USDJPY,2025.09.16 16:30:00,15,
2025.09.16 16:54:59,scan_skipped_same_execution_bar,USDJPY,2025.09.16 16:30:00,0,
2025.09.16 17:04:59,scan_executed_new_execution_bar,USDJPY,2025.09.16 16:45:00,16,
2025.09.16 17:09:59,scan_skipped_same_execution_bar,USDJPY,2025.09.16 16:45:00,0,
2025.09.16 17:19:59,scan_executed_new_execution_bar,USDJPY,2025.09.16 17:00:00,0,
2025.09.16 17:24:59,scan_skipped_same_execution_bar,USDJPY,2025.09.16 17:00:00,0,
2025.09.16 17:34:59,scan_executed_new_execution_bar,USDJPY,2025.09.16 17:15:00,0,
2025.09.16 17:39:59,scan_skipped_same_execution_bar,USDJPY,2025.09.16 17:15:00,0,
2025.09.16 17:49:59,scan_executed_new_execution_bar,USDJPY,2025.09.16 17:30:00,0,
2025.09.16 17:54:59,scan_skipped_same_execution_bar,USDJPY,2025.09.16 17:30:00,0,
2025.09.16 18:04:59,scan_executed_new_execution_bar,USDJPY,2025.09.16 17:45:00,0,
2025.09.16 18:10:00,scan_skipped_same_execution_bar,USDJPY,2025.09.16 17:45:00,0,
2025.09.16 18:20:00,scan_executed_new_execution_bar,USDJPY,2025.09.16 18:00:00,31,
2025.09.16 18:24:59,scan_skipped_same_execution_bar,USDJPY,2025.09.16 18:00:00,0,
2025.09.16 18:34:59,scan_executed_new_execution_bar,USDJPY,2025.09.16 18:15:00,16,
2025.09.16 18:39:59,scan_skipped_same_execution_bar,USDJPY,2025.09.16 18:15:00,0,
2025.09.16 18:49:59,scan_executed_new_execution_bar,USDJPY,2025.09.16 18:30:00,47,
2025.09.16 18:54:59,scan_skipped_same_execution_bar,USDJPY,2025.09.16 18:30:00,0,
2025.09.16 19:04:59,scan_executed_new_execution_bar,USDJPY,2025.09.16 18:45:00,0,
2025.09.16 19:09:59,scan_skipped_same_execution_bar,USDJPY,2025.09.16 18:45:00,0,
2025.09.16 19:19:59,scan_executed_new_execution_bar,USDJPY,2025.09.16 19:00:00,0,
2025.09.16 19:24:59,scan_skipped_same_execution_bar,USDJPY,2025.09.16 19:00:00,0,
2025.09.16 19:34:59,scan_executed_new_execution_bar,USDJPY,2025.09.16 19:15:00,15,
2025.09.16 19:39:59,scan_skipped_same_execution_bar,USDJPY,2025.09.16 19:15:00,0,
2025.09.16 19:49:59,scan_executed_new_execution_bar,USDJPY,2025.09.16 19:30:00,0,
2025.09.16 19:54:59,scan_skipped_same_execution_bar,USDJPY,2025.09.16 19:30:00,0,
2025.09.16 20:04:59,scan_executed_new_execution_bar,USDJPY,2025.09.16 19:45:00,31,
2025.09.16 20:09:59,scan_skipped_same_execution_bar,USDJPY,2025.09.16 19:45:00,0,
2025.09.16 20:19:58,scan_executed_new_execution_bar,USDJPY,2025.09.16 20:00:00,0,
2025.09.16 20:24:59,scan_skipped_same_execution_bar,USDJPY,2025.09.16 20:00:00,0,
2025.09.16 20:34:59,scan_executed_new_execution_bar,USDJPY,2025.09.16 20:15:00,47,
2025.09.16 20:40:00,scan_skipped_same_execution_bar,USDJPY,2025.09.16 20:15:00,0,
2025.09.16 20:49:59,scan_executed_new_execution_bar,USDJPY,2025.09.16 20:30:00,15,
2025.09.16 20:54:59,scan_skipped_same_execution_bar,USDJPY,2025.09.16 20:30:00,0,
2025.09.16 21:04:57,scan_executed_new_execution_bar,USDJPY,2025.09.16 20:45:00,16,
2025.09.16 21:09:59,scan_skipped_same_execution_bar,USDJPY,2025.09.16 20:45:00,0,
2025.09.16 21:19:59,scan_executed_new_execution_bar,USDJPY,2025.09.16 21:00:00,0,
2025.09.16 21:24:59,scan_skipped_same_execution_bar,USDJPY,2025.09.16 21:00:00,0,
2025.09.16 21:34:59,scan_executed_new_execution_bar,USDJPY,2025.09.16 21:15:00,16,
2025.09.16 21:39:59,scan_skipped_same_execution_bar,USDJPY,2025.09.16 21:15:00,0,
2025.09.16 21:49:57,scan_executed_new_execution_bar,USDJPY,2025.09.16 21:30:00,0,
2025.09.16 21:54:59,scan_skipped_same_execution_bar,USDJPY,2025.09.16 21:30:00,0,
2025.09.16 22:04:59,scan_executed_new_execution_bar,USDJPY,2025.09.16 21:45:00,0,
2025.09.16 22:09:59,scan_skipped_same_execution_bar,USDJPY,2025.09.16 21:45:00,0,
2025.09.16 22:19:59,scan_executed_new_execution_bar,USDJPY,2025.09.16 22:00:00,0,
2025.09.16 22:24:59,scan_skipped_same_execution_bar,USDJPY,2025.09.16 22:00:00,0,
2025.09.16 22:34:59,scan_executed_new_execution_bar,USDJPY,2025.09.16 22:15:00,0,
2025.09.16 22:39:57,scan_skipped_same_execution_bar,USDJPY,2025.09.16 22:15:00,0,
2025.09.16 22:49:59,scan_executed_new_execution_bar,USDJPY,2025.09.16 22:30:00,0,
2025.09.16 22:54:59,scan_skipped_same_execution_bar,USDJPY,2025.09.16 22:30:00,0,
2025.09.16 23:04:59,scan_executed_new_execution_bar,USDJPY,2025.09.16 22:45:00,0,
2025.09.16 23:09:59,scan_skipped_same_execution_bar,USDJPY,2025.09.16 22:45:00,0,
2025.09.16 23:19:59,scan_executed_new_execution_bar,USDJPY,2025.09.16 23:00:00,0,
2025.09.16 23:24:59,scan_skipped_same_execution_bar,USDJPY,2025.09.16 23:00:00,0,
2025.09.16 23:34:59,scan_executed_new_execution_bar,USDJPY,2025.09.16 23:15:00,0,
2025.09.16 23:39:59,scan_skipped_same_execution_bar,USDJPY,2025.09.16 23:15:00,0,
2025.09.16 23:49:59,scan_executed_new_execution_bar,USDJPY,2025.09.16 23:30:00,16,
2025.09.16 23:54:58,scan_skipped_same_execution_bar,USDJPY,2025.09.16 23:30:00,0,
2025.09.17 00:04:59,scan_executed_new_execution_bar,USDJPY,2025.09.16 23:45:00,0,
2025.09.17 00:09:59,scan_skipped_same_execution_bar,USDJPY,2025.09.16 23:45:00,0,
2025.09.17 00:19:58,scan_executed_new_execution_bar,USDJPY,2025.09.17 00:00:00,0,
2025.09.17 00:24:59,scan_skipped_same_execution_bar,USDJPY,2025.09.17 00:00:00,0,
2025.09.17 00:34:59,scan_executed_new_execution_bar,USDJPY,2025.09.17 00:15:00,0,
2025.09.17 00:39:57,scan_skipped_same_execution_bar,USDJPY,2025.09.17 00:15:00,0,
2025.09.17 00:49:59,scan_executed_new_execution_bar,USDJPY,2025.09.17 00:30:00,0,
2025.09.17 00:54:59,scan_skipped_same_execution_bar,USDJPY,2025.09.17 00:30:00,0,
2025.09.17 01:04:57,scan_executed_new_execution_bar,USDJPY,2025.09.17 00:45:00,0,
2025.09.17 01:09:59,scan_skipped_same_execution_bar,USDJPY,2025.09.17 00:45:00,0,
2025.09.17 01:19:52,scan_executed_new_execution_bar,USDJPY,2025.09.17 01:00:00,0,
2025.09.17 01:24:59,scan_skipped_same_execution_bar,USDJPY,2025.09.17 01:00:00,0,
2025.09.17 01:34:55,scan_executed_new_execution_bar,USDJPY,2025.09.17 01:15:00,0,
2025.09.17 01:39:58,scan_skipped_same_execution_bar,USDJPY,2025.09.17 01:15:00,0,
2025.09.17 01:49:59,scan_executed_new_execution_bar,USDJPY,2025.09.17 01:30:00,0,
2025.09.17 01:54:59,scan_skipped_same_execution_bar,USDJPY,2025.09.17 01:30:00,0,
2025.09.17 02:04:56,scan_executed_new_execution_bar,USDJPY,2025.09.17 01:45:00,0,
2025.09.17 02:09:57,scan_skipped_same_execution_bar,USDJPY,2025.09.17 01:45:00,0,
2025.09.17 02:19:59,scan_executed_new_execution_bar,USDJPY,2025.09.17 02:00:00,0,
2025.09.17 02:24:58,scan_skipped_same_execution_bar,USDJPY,2025.09.17 02:00:00,0,
2025.09.17 02:34:56,scan_executed_new_execution_bar,USDJPY,2025.09.17 02:15:00,16,
2025.09.17 02:39:59,scan_skipped_same_execution_bar,USDJPY,2025.09.17 02:15:00,0,
2025.09.17 02:49:59,scan_executed_new_execution_bar,USDJPY,2025.09.17 02:30:00,0,
2025.09.17 02:54:59,scan_skipped_same_execution_bar,USDJPY,2025.09.17 02:30:00,0,
2025.09.17 03:04:59,scan_executed_new_execution_bar,USDJPY,2025.09.17 02:45:00,16,
2025.09.17 03:09:59,scan_skipped_same_execution_bar,USDJPY,2025.09.17 02:45:00,0,
2025.09.17 03:19:58,scan_executed_new_execution_bar,USDJPY,2025.09.17 03:00:00,16,
2025.09.17 03:24:58,scan_skipped_same_execution_bar,USDJPY,2025.09.17 03:00:00,0,
2025.09.17 03:34:59,scan_executed_new_execution_bar,USDJPY,2025.09.17 03:15:00,0,
2025.09.17 03:39:59,scan_skipped_same_execution_bar,USDJPY,2025.09.17 03:15:00,0,
2025.09.17 03:49:59,scan_executed_new_execution_bar,USDJPY,2025.09.17 03:30:00,0,
2025.09.17 03:54:59,scan_skipped_same_execution_bar,USDJPY,2025.09.17 03:30:00,0,
2025.09.17 04:04:59,scan_executed_new_execution_bar,USDJPY,2025.09.17 03:45:00,0,
2025.09.17 04:09:59,scan_skipped_same_execution_bar,USDJPY,2025.09.17 03:45:00,0,
2025.09.17 04:19:59,scan_executed_new_execution_bar,USDJPY,2025.09.17 04:00:00,15,
2025.09.17 04:24:58,scan_skipped_same_execution_bar,USDJPY,2025.09.17 04:00:00,0,
2025.09.17 04:34:59,scan_executed_new_execution_bar,USDJPY,2025.09.17 04:15:00,0,
2025.09.17 04:39:59,scan_skipped_same_execution_bar,USDJPY,2025.09.17 04:15:00,0,
2025.09.17 04:49:59,scan_executed_new_execution_bar,USDJPY,2025.09.17 04:30:00,0,
2025.09.17 04:54:59,scan_skipped_same_execution_bar,USDJPY,2025.09.17 04:30:00,0,
2025.09.17 05:04:59,scan_executed_new_execution_bar,USDJPY,2025.09.17 04:45:00,0,
2025.09.17 05:09:59,scan_skipped_same_execution_bar,USDJPY,2025.09.17 04:45:00,0,
2025.09.17 05:19:59,scan_executed_new_execution_bar,USDJPY,2025.09.17 05:00:00,0,
2025.09.17 05:24:59,scan_skipped_same_execution_bar,USDJPY,2025.09.17 05:00:00,0,
2025.09.17 05:34:59,scan_executed_new_execution_bar,USDJPY,2025.09.17 05:15:00,0,
2025.09.17 05:39:58,scan_skipped_same_execution_bar,USDJPY,2025.09.17 05:15:00,0,
2025.09.17 05:49:59,scan_executed_new_execution_bar,USDJPY,2025.09.17 05:30:00,0,
2025.09.17 05:55:00,scan_skipped_same_execution_bar,USDJPY,2025.09.17 05:30:00,0,
2025.09.17 06:04:57,scan_executed_new_execution_bar,USDJPY,2025.09.17 05:45:00,0,
2025.09.17 06:09:59,scan_skipped_same_execution_bar,USDJPY,2025.09.17 05:45:00,0,
2025.09.17 06:19:54,scan_executed_new_execution_bar,USDJPY,2025.09.17 06:00:00,16,
2025.09.17 06:24:59,scan_skipped_same_execution_bar,USDJPY,2025.09.17 06:00:00,0,
2025.09.17 06:34:59,scan_executed_new_execution_bar,USDJPY,2025.09.17 06:15:00,0,
2025.09.17 06:39:59,scan_skipped_same_execution_bar,USDJPY,2025.09.17 06:15:00,0,
2025.09.17 06:49:59,scan_executed_new_execution_bar,USDJPY,2025.09.17 06:30:00,0,
2025.09.17 06:54:51,scan_skipped_same_execution_bar,USDJPY,2025.09.17 06:30:00,0,
2025.09.17 07:04:59,scan_executed_new_execution_bar,USDJPY,2025.09.17 06:45:00,0,
2025.09.17 07:09:59,scan_skipped_same_execution_bar,USDJPY,2025.09.17 06:45:00,0,
2025.09.17 07:19:59,scan_executed_new_execution_bar,USDJPY,2025.09.17 07:00:00,15,
2025.09.17 07:24:58,scan_skipped_same_execution_bar,USDJPY,2025.09.17 07:00:00,0,
2025.09.17 07:34:55,scan_executed_new_execution_bar,USDJPY,2025.09.17 07:15:00,0,
2025.09.17 07:39:59,scan_skipped_same_execution_bar,USDJPY,2025.09.17 07:15:00,0,
2025.09.17 07:49:59,scan_executed_new_execution_bar,USDJPY,2025.09.17 07:30:00,0,
2025.09.17 07:54:59,scan_skipped_same_execution_bar,USDJPY,2025.09.17 07:30:00,0,
2025.09.17 08:04:59,scan_executed_new_execution_bar,USDJPY,2025.09.17 07:45:00,0,
2025.09.17 08:09:58,scan_skipped_same_execution_bar,USDJPY,2025.09.17 07:45:00,0,
2025.09.17 08:19:59,scan_executed_new_execution_bar,USDJPY,2025.09.17 08:00:00,0,
2025.09.17 08:24:59,scan_skipped_same_execution_bar,USDJPY,2025.09.17 08:00:00,0,
2025.09.17 08:34:58,scan_executed_new_execution_bar,USDJPY,2025.09.17 08:15:00,0,
2025.09.17 08:39:59,scan_skipped_same_execution_bar,USDJPY,2025.09.17 08:15:00,0,
2025.09.17 08:49:59,scan_executed_new_execution_bar,USDJPY,2025.09.17 08:30:00,0,
2025.09.17 08:54:59,scan_skipped_same_execution_bar,USDJPY,2025.09.17 08:30:00,0,
2025.09.17 09:04:59,scan_executed_new_execution_bar,USDJPY,2025.09.17 08:45:00,0,
2025.09.17 09:09:59,scan_skipped_same_execution_bar,USDJPY,2025.09.17 08:45:00,0,
2025.09.17 09:19:59,scan_executed_new_execution_bar,USDJPY,2025.09.17 09:00:00,0,
2025.09.17 09:24:59,scan_skipped_same_execution_bar,USDJPY,2025.09.17 09:00:00,0,
2025.09.17 09:34:59,scan_executed_new_execution_bar,USDJPY,2025.09.17 09:15:00,0,
2025.09.17 09:39:59,scan_skipped_same_execution_bar,USDJPY,2025.09.17 09:15:00,0,
2025.09.17 09:49:59,scan_executed_new_execution_bar,USDJPY,2025.09.17 09:30:00,0,
2025.09.17 09:54:59,scan_skipped_same_execution_bar,USDJPY,2025.09.17 09:30:00,0,
2025.09.17 10:04:59,scan_executed_new_execution_bar,USDJPY,2025.09.17 09:45:00,15,
2025.09.17 10:09:57,scan_skipped_same_execution_bar,USDJPY,2025.09.17 09:45:00,0,
2025.09.17 10:19:59,scan_executed_new_execution_bar,USDJPY,2025.09.17 10:00:00,0,
2025.09.17 10:24:59,scan_skipped_same_execution_bar,USDJPY,2025.09.17 10:00:00,0,
2025.09.17 10:34:59,scan_executed_new_execution_bar,USDJPY,2025.09.17 10:15:00,0,
2025.09.17 10:40:00,scan_skipped_same_execution_bar,USDJPY,2025.09.17 10:15:00,0,
2025.09.17 10:49:59,scan_executed_new_execution_bar,USDJPY,2025.09.17 10:30:00,0,
2025.09.17 10:54:59,scan_skipped_same_execution_bar,USDJPY,2025.09.17 10:30:00,0,
2025.09.17 11:04:59,scan_executed_new_execution_bar,USDJPY,2025.09.17 10:45:00,0,
2025.09.17 11:09:59,scan_skipped_same_execution_bar,USDJPY,2025.09.17 10:45:00,0,
2025.09.17 11:19:58,scan_executed_new_execution_bar,USDJPY,2025.09.17 11:00:00,0,
2025.09.17 11:24:59,scan_skipped_same_execution_bar,USDJPY,2025.09.17 11:00:00,0,
2025.09.17 11:34:59,scan_executed_new_execution_bar,USDJPY,2025.09.17 11:15:00,16,
2025.09.17 11:39:59,scan_skipped_same_execution_bar,USDJPY,2025.09.17 11:15:00,0,
2025.09.17 11:49:59,scan_executed_new_execution_bar,USDJPY,2025.09.17 11:30:00,0,
2025.09.17 11:54:59,scan_skipped_same_execution_bar,USDJPY,2025.09.17 11:30:00,0,
2025.09.17 12:04:59,scan_executed_new_execution_bar,USDJPY,2025.09.17 11:45:00,0,
2025.09.17 12:09:59,scan_skipped_same_execution_bar,USDJPY,2025.09.17 11:45:00,0,
2025.09.17 12:19:59,scan_executed_new_execution_bar,USDJPY,2025.09.17 12:00:00,0,
2025.09.17 12:24:59,scan_skipped_same_execution_bar,USDJPY,2025.09.17 12:00:00,0,
2025.09.17 12:34:59,scan_executed_new_execution_bar,USDJPY,2025.09.17 12:15:00,0,
2025.09.17 12:39:59,scan_skipped_same_execution_bar,USDJPY,2025.09.17 12:15:00,0,
2025.09.17 12:49:59,scan_executed_new_execution_bar,USDJPY,2025.09.17 12:30:00,0,
2025.09.17 12:54:59,scan_skipped_same_execution_bar,USDJPY,2025.09.17 12:30:00,0,
2025.09.17 13:04:59,scan_executed_new_execution_bar,USDJPY,2025.09.17 12:45:00,0,
2025.09.17 13:09:59,scan_skipped_same_execution_bar,USDJPY,2025.09.17 12:45:00,0,
2025.09.17 13:19:59,scan_executed_new_execution_bar,USDJPY,2025.09.17 13:00:00,0,
2025.09.17 13:24:59,scan_skipped_same_execution_bar,USDJPY,2025.09.17 13:00:00,0,
2025.09.17 13:34:59,scan_executed_new_execution_bar,USDJPY,2025.09.17 13:15:00,0,
2025.09.17 13:39:59,scan_skipped_same_execution_bar,USDJPY,2025.09.17 13:15:00,0,
2025.09.17 13:49:59,scan_executed_new_execution_bar,USDJPY,2025.09.17 13:30:00,0,
2025.09.17 13:54:59,scan_skipped_same_execution_bar,USDJPY,2025.09.17 13:30:00,0,
2025.09.17 14:04:59,scan_executed_new_execution_bar,USDJPY,2025.09.17 13:45:00,16,
2025.09.17 14:09:59,scan_skipped_same_execution_bar,USDJPY,2025.09.17 13:45:00,0,
2025.09.17 14:20:00,scan_executed_new_execution_bar,USDJPY,2025.09.17 14:00:00,0,
2025.09.17 14:24:59,scan_skipped_same_execution_bar,USDJPY,2025.09.17 14:00:00,0,
2025.09.17 14:34:59,scan_executed_new_execution_bar,USDJPY,2025.09.17 14:15:00,16,
2025.09.17 14:39:58,scan_skipped_same_execution_bar,USDJPY,2025.09.17 14:15:00,0,
2025.09.17 14:49:59,scan_executed_new_execution_bar,USDJPY,2025.09.17 14:30:00,16,
2025.09.17 14:54:59,scan_skipped_same_execution_bar,USDJPY,2025.09.17 14:30:00,0,
2025.09.17 15:04:59,scan_executed_new_execution_bar,USDJPY,2025.09.17 14:45:00,0,
2025.09.17 15:09:59,scan_skipped_same_execution_bar,USDJPY,2025.09.17 14:45:00,0,
2025.09.17 15:19:59,scan_executed_new_execution_bar,USDJPY,2025.09.17 15:00:00,16,
2025.09.17 15:24:59,scan_skipped_same_execution_bar,USDJPY,2025.09.17 15:00:00,0,
2025.09.17 15:34:59,scan_executed_new_execution_bar,USDJPY,2025.09.17 15:15:00,16,
2025.09.17 15:39:59,scan_skipped_same_execution_bar,USDJPY,2025.09.17 15:15:00,0,
2025.09.17 15:49:59,scan_executed_new_execution_bar,USDJPY,2025.09.17 15:30:00,0,
2025.09.17 15:54:59,scan_skipped_same_execution_bar,USDJPY,2025.09.17 15:30:00,0,
2025.09.17 16:04:59,scan_executed_new_execution_bar,USDJPY,2025.09.17 15:45:00,0,
2025.09.17 16:09:59,scan_skipped_same_execution_bar,USDJPY,2025.09.17 15:45:00,0,
2025.09.17 16:19:57,scan_executed_new_execution_bar,USDJPY,2025.09.17 16:00:00,0,
2025.09.17 16:24:59,scan_skipped_same_execution_bar,USDJPY,2025.09.17 16:00:00,0,
2025.09.17 16:34:57,scan_executed_new_execution_bar,USDJPY,2025.09.17 16:15:00,0,
2025.09.17 16:39:59,scan_skipped_same_execution_bar,USDJPY,2025.09.17 16:15:00,0,
2025.09.17 16:49:59,scan_executed_new_execution_bar,USDJPY,2025.09.17 16:30:00,0,
2025.09.17 16:54:59,scan_skipped_same_execution_bar,USDJPY,2025.09.17 16:30:00,0,
2025.09.17 17:04:59,scan_executed_new_execution_bar,USDJPY,2025.09.17 16:45:00,16,
2025.09.17 17:09:59,scan_skipped_same_execution_bar,USDJPY,2025.09.17 16:45:00,0,
2025.09.17 17:19:59,scan_executed_new_execution_bar,USDJPY,2025.09.17 17:00:00,0,
2025.09.17 17:24:59,scan_skipped_same_execution_bar,USDJPY,2025.09.17 17:00:00,0,
2025.09.17 17:34:59,scan_executed_new_execution_bar,USDJPY,2025.09.17 17:15:00,0,
2025.09.17 17:39:59,scan_skipped_same_execution_bar,USDJPY,2025.09.17 17:15:00,0,
2025.09.17 17:49:59,scan_executed_new_execution_bar,USDJPY,2025.09.17 17:30:00,15,
2025.09.17 17:54:58,scan_skipped_same_execution_bar,USDJPY,2025.09.17 17:30:00,0,
2025.09.17 18:04:59,scan_executed_new_execution_bar,USDJPY,2025.09.17 17:45:00,0,
2025.09.17 18:09:58,scan_skipped_same_execution_bar,USDJPY,2025.09.17 17:45:00,0,
2025.09.17 18:19:59,scan_executed_new_execution_bar,USDJPY,2025.09.17 18:00:00,0,
2025.09.17 18:24:59,scan_skipped_same_execution_bar,USDJPY,2025.09.17 18:00:00,0,
2025.09.17 18:35:00,scan_executed_new_execution_bar,USDJPY,2025.09.17 18:15:00,0,
2025.09.17 18:39:59,scan_skipped_same_execution_bar,USDJPY,2025.09.17 18:15:00,0,
2025.09.17 18:49:57,scan_executed_new_execution_bar,USDJPY,2025.09.17 18:30:00,0,
2025.09.17 18:54:58,scan_skipped_same_execution_bar,USDJPY,2025.09.17 18:30:00,0,
2025.09.17 19:04:59,scan_executed_new_execution_bar,USDJPY,2025.09.17 18:45:00,0,
2025.09.17 19:09:59,scan_skipped_same_execution_bar,USDJPY,2025.09.17 18:45:00,0,
2025.09.17 19:19:59,scan_executed_new_execution_bar,USDJPY,2025.09.17 19:00:00,0,
2025.09.17 19:24:59,scan_skipped_same_execution_bar,USDJPY,2025.09.17 19:00:00,0,
2025.09.17 19:34:59,scan_executed_new_execution_bar,USDJPY,2025.09.17 19:15:00,0,
2025.09.17 19:40:00,scan_skipped_same_execution_bar,USDJPY,2025.09.17 19:15:00,0,
2025.09.17 19:49:58,scan_executed_new_execution_bar,USDJPY,2025.09.17 19:30:00,16,
2025.09.17 19:54:59,scan_skipped_same_execution_bar,USDJPY,2025.09.17 19:30:00,0,
2025.09.17 20:04:59,scan_executed_new_execution_bar,USDJPY,2025.09.17 19:45:00,0,
2025.09.17 20:09:59,scan_skipped_same_execution_bar,USDJPY,2025.09.17 19:45:00,0,
2025.09.17 20:19:59,scan_executed_new_execution_bar,USDJPY,2025.09.17 20:00:00,0,
2025.09.17 20:24:58,scan_skipped_same_execution_bar,USDJPY,2025.09.17 20:00:00,0,
2025.09.17 20:34:59,scan_executed_new_execution_bar,USDJPY,2025.09.17 20:15:00,0,
2025.09.17 20:39:59,scan_skipped_same_execution_bar,USDJPY,2025.09.17 20:15:00,0,
2025.09.17 20:49:59,scan_executed_new_execution_bar,USDJPY,2025.09.17 20:30:00,15,
2025.09.17 20:54:59,scan_skipped_same_execution_bar,USDJPY,2025.09.17 20:30:00,0,
2025.09.17 21:04:59,scan_executed_new_execution_bar,USDJPY,2025.09.17 20:45:00,16,
2025.09.17 21:09:59,scan_skipped_same_execution_bar,USDJPY,2025.09.17 20:45:00,0,
2025.09.17 21:19:59,scan_executed_new_execution_bar,USDJPY,2025.09.17 21:00:00,0,
2025.09.17 21:24:59,scan_skipped_same_execution_bar,USDJPY,2025.09.17 21:00:00,0,
2025.09.17 21:34:59,scan_executed_new_execution_bar,USDJPY,2025.09.17 21:15:00,0,
2025.09.17 21:39:59,scan_skipped_same_execution_bar,USDJPY,2025.09.17 21:15:00,0,
2025.09.17 21:49:59,scan_executed_new_execution_bar,USDJPY,2025.09.17 21:30:00,62,
2025.09.17 21:54:59,scan_skipped_same_execution_bar,USDJPY,2025.09.17 21:30:00,0,
2025.09.17 22:04:59,scan_executed_new_execution_bar,USDJPY,2025.09.17 21:45:00,31,
2025.09.17 22:09:59,scan_skipped_same_execution_bar,USDJPY,2025.09.17 21:45:00,0,
2025.09.17 22:19:59,scan_executed_new_execution_bar,USDJPY,2025.09.17 22:00:00,16,
2025.09.17 22:24:59,scan_skipped_same_execution_bar,USDJPY,2025.09.17 22:00:00,0,
2025.09.17 22:34:59,scan_executed_new_execution_bar,USDJPY,2025.09.17 22:15:00,47,
2025.09.17 22:39:59,scan_skipped_same_execution_bar,USDJPY,2025.09.17 22:15:00,0,
2025.09.17 22:49:59,scan_executed_new_execution_bar,USDJPY,2025.09.17 22:30:00,15,
2025.09.17 22:54:59,scan_skipped_same_execution_bar,USDJPY,2025.09.17 22:30:00,0,
2025.09.17 23:05:00,scan_executed_new_execution_bar,USDJPY,2025.09.17 22:45:00,32,
2025.09.17 23:09:59,scan_skipped_same_execution_bar,USDJPY,2025.09.17 22:45:00,0,
2025.09.17 23:19:59,scan_executed_new_execution_bar,USDJPY,2025.09.17 23:00:00,0,
2025.09.17 23:24:58,scan_skipped_same_execution_bar,USDJPY,2025.09.17 23:00:00,0,
2025.09.17 23:34:59,scan_executed_new_execution_bar,USDJPY,2025.09.17 23:15:00,0,
2025.09.17 23:39:59,scan_skipped_same_execution_bar,USDJPY,2025.09.17 23:15:00,0,
2025.09.17 23:49:56,scan_executed_new_execution_bar,USDJPY,2025.09.17 23:30:00,15,
2025.09.17 23:54:59,scan_skipped_same_execution_bar,USDJPY,2025.09.17 23:30:00,0,
2025.09.18 00:05:00,scan_executed_new_execution_bar,USDJPY,2025.09.17 23:45:00,0,
2025.09.18 00:09:56,scan_skipped_same_execution_bar,USDJPY,2025.09.17 23:45:00,0,
2025.09.18 00:20:00,scan_executed_new_execution_bar,USDJPY,2025.09.18 00:00:00,0,
2025.09.18 00:24:58,scan_skipped_same_execution_bar,USDJPY,2025.09.18 00:00:00,0,
2025.09.18 00:34:59,scan_executed_new_execution_bar,USDJPY,2025.09.18 00:15:00,0,
2025.09.18 00:39:58,scan_skipped_same_execution_bar,USDJPY,2025.09.18 00:15:00,0,
2025.09.18 00:49:59,scan_executed_new_execution_bar,USDJPY,2025.09.18 00:30:00,0,
2025.09.18 00:54:59,scan_skipped_same_execution_bar,USDJPY,2025.09.18 00:30:00,0,
2025.09.18 01:04:59,scan_executed_new_execution_bar,USDJPY,2025.09.18 00:45:00,0,
2025.09.18 01:09:58,scan_skipped_same_execution_bar,USDJPY,2025.09.18 00:45:00,0,
2025.09.18 01:19:59,scan_executed_new_execution_bar,USDJPY,2025.09.18 01:00:00,0,
2025.09.18 01:25:00,scan_skipped_same_execution_bar,USDJPY,2025.09.18 01:00:00,0,
2025.09.18 01:34:59,scan_executed_new_execution_bar,USDJPY,2025.09.18 01:15:00,31,
2025.09.18 01:39:59,scan_skipped_same_execution_bar,USDJPY,2025.09.18 01:15:00,0,
2025.09.18 01:49:59,scan_executed_new_execution_bar,USDJPY,2025.09.18 01:30:00,16,
2025.09.18 01:54:59,scan_skipped_same_execution_bar,USDJPY,2025.09.18 01:30:00,0,
2025.09.18 02:04:59,scan_executed_new_execution_bar,USDJPY,2025.09.18 01:45:00,0,
2025.09.18 02:09:59,scan_skipped_same_execution_bar,USDJPY,2025.09.18 01:45:00,0,
2025.09.18 02:19:59,scan_executed_new_execution_bar,USDJPY,2025.09.18 02:00:00,0,
2025.09.18 02:24:59,scan_skipped_same_execution_bar,USDJPY,2025.09.18 02:00:00,0,
2025.09.18 02:34:59,scan_executed_new_execution_bar,USDJPY,2025.09.18 02:15:00,0,
2025.09.18 02:39:59,scan_skipped_same_execution_bar,USDJPY,2025.09.18 02:15:00,0,
2025.09.18 02:49:59,scan_executed_new_execution_bar,USDJPY,2025.09.18 02:30:00,31,
2025.09.18 02:54:59,scan_skipped_same_execution_bar,USDJPY,2025.09.18 02:30:00,0,
2025.09.18 03:04:59,scan_executed_new_execution_bar,USDJPY,2025.09.18 02:45:00,0,
2025.09.18 03:09:59,scan_skipped_same_execution_bar,USDJPY,2025.09.18 02:45:00,0,
2025.09.18 03:19:59,scan_executed_new_execution_bar,USDJPY,2025.09.18 03:00:00,0,
2025.09.18 03:24:59,scan_skipped_same_execution_bar,USDJPY,2025.09.18 03:00:00,0,
2025.09.18 03:34:59,scan_executed_new_execution_bar,USDJPY,2025.09.18 03:15:00,0,
2025.09.18 03:39:59,scan_skipped_same_execution_bar,USDJPY,2025.09.18 03:15:00,0,
2025.09.18 03:49:59,scan_executed_new_execution_bar,USDJPY,2025.09.18 03:30:00,0,
2025.09.18 03:54:59,scan_skipped_same_execution_bar,USDJPY,2025.09.18 03:30:00,0,
2025.09.18 04:04:59,scan_executed_new_execution_bar,USDJPY,2025.09.18 03:45:00,0,
2025.09.18 04:09:59,scan_skipped_same_execution_bar,USDJPY,2025.09.18 03:45:00,0,
2025.09.18 04:20:00,scan_executed_new_execution_bar,USDJPY,2025.09.18 04:00:00,0,
2025.09.18 04:24:58,scan_skipped_same_execution_bar,USDJPY,2025.09.18 04:00:00,0,
2025.09.18 04:34:59,scan_executed_new_execution_bar,USDJPY,2025.09.18 04:15:00,0,
2025.09.18 04:39:59,scan_skipped_same_execution_bar,USDJPY,2025.09.18 04:15:00,0,
2025.09.18 04:49:59,scan_executed_new_execution_bar,USDJPY,2025.09.18 04:30:00,0,
2025.09.18 04:54:59,scan_skipped_same_execution_bar,USDJPY,2025.09.18 04:30:00,0,
2025.09.18 05:04:59,scan_executed_new_execution_bar,USDJPY,2025.09.18 04:45:00,31,
2025.09.18 05:09:59,scan_skipped_same_execution_bar,USDJPY,2025.09.18 04:45:00,0,
2025.09.18 05:19:59,scan_executed_new_execution_bar,USDJPY,2025.09.18 05:00:00,16,
2025.09.18 05:24:59,scan_skipped_same_execution_bar,USDJPY,2025.09.18 05:00:00,0,
2025.09.18 05:34:59,scan_executed_new_execution_bar,USDJPY,2025.09.18 05:15:00,16,
2025.09.18 05:39:59,scan_skipped_same_execution_bar,USDJPY,2025.09.18 05:15:00,0,
2025.09.18 05:49:59,scan_executed_new_execution_bar,USDJPY,2025.09.18 05:30:00,16,
2025.09.18 05:54:59,scan_skipped_same_execution_bar,USDJPY,2025.09.18 05:30:00,0,
2025.09.18 06:04:59,scan_executed_new_execution_bar,USDJPY,2025.09.18 05:45:00,15,
2025.09.18 06:09:59,scan_skipped_same_execution_bar,USDJPY,2025.09.18 05:45:00,0,
2025.09.18 06:19:59,scan_executed_new_execution_bar,USDJPY,2025.09.18 06:00:00,0,
2025.09.18 06:24:58,scan_skipped_same_execution_bar,USDJPY,2025.09.18 06:00:00,0,
2025.09.18 06:34:59,scan_executed_new_execution_bar,USDJPY,2025.09.18 06:15:00,0,
2025.09.18 06:39:59,scan_skipped_same_execution_bar,USDJPY,2025.09.18 06:15:00,0,
2025.09.18 06:49:59,scan_executed_new_execution_bar,USDJPY,2025.09.18 06:30:00,0,
2025.09.18 06:54:59,scan_skipped_same_execution_bar,USDJPY,2025.09.18 06:30:00,0,
2025.09.18 07:04:59,scan_executed_new_execution_bar,USDJPY,2025.09.18 06:45:00,0,
2025.09.18 07:09:59,scan_skipped_same_execution_bar,USDJPY,2025.09.18 06:45:00,0,
2025.09.18 07:19:59,scan_executed_new_execution_bar,USDJPY,2025.09.18 07:00:00,0,
2025.09.18 07:24:59,scan_skipped_same_execution_bar,USDJPY,2025.09.18 07:00:00,0,
2025.09.18 07:34:59,scan_executed_new_execution_bar,USDJPY,2025.09.18 07:15:00,0,
2025.09.18 07:39:59,scan_skipped_same_execution_bar,USDJPY,2025.09.18 07:15:00,0,
2025.09.18 07:49:59,scan_executed_new_execution_bar,USDJPY,2025.09.18 07:30:00,0,
2025.09.18 07:54:59,scan_skipped_same_execution_bar,USDJPY,2025.09.18 07:30:00,0,
2025.09.18 08:04:59,scan_executed_new_execution_bar,USDJPY,2025.09.18 07:45:00,0,
2025.09.18 08:09:57,scan_skipped_same_execution_bar,USDJPY,2025.09.18 07:45:00,0,
2025.09.18 08:19:59,scan_executed_new_execution_bar,USDJPY,2025.09.18 08:00:00,0,
2025.09.18 08:24:57,scan_skipped_same_execution_bar,USDJPY,2025.09.18 08:00:00,0,
2025.09.18 08:34:59,scan_executed_new_execution_bar,USDJPY,2025.09.18 08:15:00,16,
2025.09.18 08:39:59,scan_skipped_same_execution_bar,USDJPY,2025.09.18 08:15:00,0,
2025.09.18 08:49:59,scan_executed_new_execution_bar,USDJPY,2025.09.18 08:30:00,0,
2025.09.18 08:54:59,scan_skipped_same_execution_bar,USDJPY,2025.09.18 08:30:00,0,
2025.09.18 09:04:59,scan_executed_new_execution_bar,USDJPY,2025.09.18 08:45:00,0,
2025.09.18 09:09:58,scan_skipped_same_execution_bar,USDJPY,2025.09.18 08:45:00,0,
2025.09.18 09:19:59,scan_executed_new_execution_bar,USDJPY,2025.09.18 09:00:00,0,
2025.09.18 09:24:59,scan_skipped_same_execution_bar,USDJPY,2025.09.18 09:00:00,0,
2025.09.18 09:34:59,scan_executed_new_execution_bar,USDJPY,2025.09.18 09:15:00,16,
2025.09.18 09:39:59,scan_skipped_same_execution_bar,USDJPY,2025.09.18 09:15:00,0,
2025.09.18 09:49:59,scan_executed_new_execution_bar,USDJPY,2025.09.18 09:30:00,0,
2025.09.18 09:54:59,scan_skipped_same_execution_bar,USDJPY,2025.09.18 09:30:00,0,
2025.09.18 10:04:59,scan_executed_new_execution_bar,USDJPY,2025.09.18 09:45:00,0,
2025.09.18 10:09:59,scan_skipped_same_execution_bar,USDJPY,2025.09.18 09:45:00,0,
2025.09.18 10:19:59,scan_executed_new_execution_bar,USDJPY,2025.09.18 10:00:00,15,
2025.09.18 10:24:59,scan_skipped_same_execution_bar,USDJPY,2025.09.18 10:00:00,0,
2025.09.18 10:34:59,scan_executed_new_execution_bar,USDJPY,2025.09.18 10:15:00,32,
2025.09.18 10:39:59,scan_skipped_same_execution_bar,USDJPY,2025.09.18 10:15:00,0,
2025.09.18 10:49:59,scan_executed_new_execution_bar,USDJPY,2025.09.18 10:30:00,15,
2025.09.18 10:54:59,scan_skipped_same_execution_bar,USDJPY,2025.09.18 10:30:00,0,
2025.09.18 11:04:59,scan_executed_new_execution_bar,USDJPY,2025.09.18 10:45:00,0,
2025.09.18 11:09:59,scan_skipped_same_execution_bar,USDJPY,2025.09.18 10:45:00,0,
2025.09.18 11:19:59,scan_executed_new_execution_bar,USDJPY,2025.09.18 11:00:00,0,
2025.09.18 11:24:59,scan_skipped_same_execution_bar,USDJPY,2025.09.18 11:00:00,0,
2025.09.18 11:34:59,scan_executed_new_execution_bar,USDJPY,2025.09.18 11:15:00,0,
2025.09.18 11:39:59,scan_skipped_same_execution_bar,USDJPY,2025.09.18 11:15:00,0,
2025.09.18 11:49:59,scan_executed_new_execution_bar,USDJPY,2025.09.18 11:30:00,0,
2025.09.18 11:54:59,scan_skipped_same_execution_bar,USDJPY,2025.09.18 11:30:00,0,
2025.09.18 12:04:59,scan_executed_new_execution_bar,USDJPY,2025.09.18 11:45:00,0,
2025.09.18 12:09:59,scan_skipped_same_execution_bar,USDJPY,2025.09.18 11:45:00,0,
2025.09.18 12:19:59,scan_executed_new_execution_bar,USDJPY,2025.09.18 12:00:00,47,
2025.09.18 12:24:59,scan_skipped_same_execution_bar,USDJPY,2025.09.18 12:00:00,0,
2025.09.18 12:34:59,scan_executed_new_execution_bar,USDJPY,2025.09.18 12:15:00,0,
2025.09.18 12:39:59,scan_skipped_same_execution_bar,USDJPY,2025.09.18 12:15:00,0,
2025.09.18 12:49:59,scan_executed_new_execution_bar,USDJPY,2025.09.18 12:30:00,0,
2025.09.18 12:54:59,scan_skipped_same_execution_bar,USDJPY,2025.09.18 12:30:00,0,
2025.09.18 13:04:58,scan_executed_new_execution_bar,USDJPY,2025.09.18 12:45:00,31,
2025.09.18 13:09:59,scan_skipped_same_execution_bar,USDJPY,2025.09.18 12:45:00,0,
2025.09.18 13:19:59,scan_executed_new_execution_bar,USDJPY,2025.09.18 13:00:00,0,
2025.09.18 13:24:59,scan_skipped_same_execution_bar,USDJPY,2025.09.18 13:00:00,0,
2025.09.18 13:34:58,scan_executed_new_execution_bar,USDJPY,2025.09.18 13:15:00,32,
2025.09.18 13:39:59,scan_skipped_same_execution_bar,USDJPY,2025.09.18 13:15:00,0,
2025.09.18 13:49:59,scan_executed_new_execution_bar,USDJPY,2025.09.18 13:30:00,31,
2025.09.18 13:54:59,scan_skipped_same_execution_bar,USDJPY,2025.09.18 13:30:00,0,
2025.09.18 14:04:59,scan_executed_new_execution_bar,USDJPY,2025.09.18 13:45:00,0,
2025.09.18 14:09:59,scan_skipped_same_execution_bar,USDJPY,2025.09.18 13:45:00,0,
2025.09.18 14:19:59,scan_executed_new_execution_bar,USDJPY,2025.09.18 14:00:00,15,
2025.09.18 14:24:59,scan_skipped_same_execution_bar,USDJPY,2025.09.18 14:00:00,0,
2025.09.18 14:34:59,scan_executed_new_execution_bar,USDJPY,2025.09.18 14:15:00,31,
2025.09.18 14:39:59,scan_skipped_same_execution_bar,USDJPY,2025.09.18 14:15:00,0,
2025.09.18 14:49:59,scan_executed_new_execution_bar,USDJPY,2025.09.18 14:30:00,16,
2025.09.18 14:54:59,scan_skipped_same_execution_bar,USDJPY,2025.09.18 14:30:00,0,
2025.09.18 15:04:59,scan_executed_new_execution_bar,USDJPY,2025.09.18 14:45:00,0,
2025.09.18 15:09:59,scan_skipped_same_execution_bar,USDJPY,2025.09.18 14:45:00,0,
2025.09.18 15:19:59,scan_executed_new_execution_bar,USDJPY,2025.09.18 15:00:00,16,
2025.09.18 15:24:58,scan_skipped_same_execution_bar,USDJPY,2025.09.18 15:00:00,0,
2025.09.18 15:34:59,scan_executed_new_execution_bar,USDJPY,2025.09.18 15:15:00,15,
2025.09.18 15:39:59,scan_skipped_same_execution_bar,USDJPY,2025.09.18 15:15:00,0,
2025.09.18 15:49:59,scan_executed_new_execution_bar,USDJPY,2025.09.18 15:30:00,0,
2025.09.18 15:54:59,scan_skipped_same_execution_bar,USDJPY,2025.09.18 15:30:00,0,
2025.09.18 16:04:59,scan_executed_new_execution_bar,USDJPY,2025.09.18 15:45:00,0,
2025.09.18 16:09:59,scan_skipped_same_execution_bar,USDJPY,2025.09.18 15:45:00,0,
2025.09.18 16:19:59,scan_executed_new_execution_bar,USDJPY,2025.09.18 16:00:00,0,
2025.09.18 16:24:59,scan_skipped_same_execution_bar,USDJPY,2025.09.18 16:00:00,0,
2025.09.18 16:34:59,scan_executed_new_execution_bar,USDJPY,2025.09.18 16:15:00,0,
2025.09.18 16:39:59,scan_skipped_same_execution_bar,USDJPY,2025.09.18 16:15:00,0,
2025.09.18 16:49:59,scan_executed_new_execution_bar,USDJPY,2025.09.18 16:30:00,0,
2025.09.18 16:54:59,scan_skipped_same_execution_bar,USDJPY,2025.09.18 16:30:00,0,
2025.09.18 17:04:59,scan_executed_new_execution_bar,USDJPY,2025.09.18 16:45:00,63,
2025.09.18 17:09:59,scan_skipped_same_execution_bar,USDJPY,2025.09.18 16:45:00,0,
2025.09.18 17:19:59,scan_executed_new_execution_bar,USDJPY,2025.09.18 17:00:00,0,
2025.09.18 17:24:59,scan_skipped_same_execution_bar,USDJPY,2025.09.18 17:00:00,0,
2025.09.18 17:34:58,scan_executed_new_execution_bar,USDJPY,2025.09.18 17:15:00,16,
2025.09.18 17:39:59,scan_skipped_same_execution_bar,USDJPY,2025.09.18 17:15:00,0,
2025.09.18 17:49:59,scan_executed_new_execution_bar,USDJPY,2025.09.18 17:30:00,0,
2025.09.18 17:54:59,scan_skipped_same_execution_bar,USDJPY,2025.09.18 17:30:00,0,
2025.09.18 18:04:59,scan_executed_new_execution_bar,USDJPY,2025.09.18 17:45:00,16,
2025.09.18 18:09:59,scan_skipped_same_execution_bar,USDJPY,2025.09.18 17:45:00,0,
2025.09.18 18:19:59,scan_executed_new_execution_bar,USDJPY,2025.09.18 18:00:00,0,
2025.09.18 18:24:59,scan_skipped_same_execution_bar,USDJPY,2025.09.18 18:00:00,0,
2025.09.18 18:34:59,scan_executed_new_execution_bar,USDJPY,2025.09.18 18:15:00,31,
2025.09.18 18:39:59,scan_skipped_same_execution_bar,USDJPY,2025.09.18 18:15:00,0,
2025.09.18 18:49:59,scan_executed_new_execution_bar,USDJPY,2025.09.18 18:30:00,0,
2025.09.18 18:54:59,scan_skipped_same_execution_bar,USDJPY,2025.09.18 18:30:00,0,
2025.09.18 19:04:59,scan_executed_new_execution_bar,USDJPY,2025.09.18 18:45:00,31,
2025.09.18 19:09:59,scan_skipped_same_execution_bar,USDJPY,2025.09.18 18:45:00,0,
2025.09.18 19:19:59,scan_executed_new_execution_bar,USDJPY,2025.09.18 19:00:00,31,
2025.09.18 19:24:59,scan_skipped_same_execution_bar,USDJPY,2025.09.18 19:00:00,0,
2025.09.18 19:34:59,scan_executed_new_execution_bar,USDJPY,2025.09.18 19:15:00,16,
2025.09.18 19:39:59,scan_skipped_same_execution_bar,USDJPY,2025.09.18 19:15:00,0,
2025.09.18 19:49:59,scan_executed_new_execution_bar,USDJPY,2025.09.18 19:30:00,0,
2025.09.18 19:54:59,scan_skipped_same_execution_bar,USDJPY,2025.09.18 19:30:00,0,
2025.09.18 20:04:59,scan_executed_new_execution_bar,USDJPY,2025.09.18 19:45:00,16,
2025.09.18 20:09:59,scan_skipped_same_execution_bar,USDJPY,2025.09.18 19:45:00,0,
2025.09.18 20:19:59,scan_executed_new_execution_bar,USDJPY,2025.09.18 20:00:00,15,
2025.09.18 20:24:59,scan_skipped_same_execution_bar,USDJPY,2025.09.18 20:00:00,0,
2025.09.18 20:34:59,scan_executed_new_execution_bar,USDJPY,2025.09.18 20:15:00,0,
2025.09.18 20:39:59,scan_skipped_same_execution_bar,USDJPY,2025.09.18 20:15:00,0,
2025.09.18 20:49:59,scan_executed_new_execution_bar,USDJPY,2025.09.18 20:30:00,0,
2025.09.18 20:54:59,scan_skipped_same_execution_bar,USDJPY,2025.09.18 20:30:00,0,
2025.09.18 21:04:59,scan_executed_new_execution_bar,USDJPY,2025.09.18 20:45:00,0,
2025.09.18 21:10:00,scan_skipped_same_execution_bar,USDJPY,2025.09.18 20:45:00,0,
2025.09.18 21:19:59,scan_executed_new_execution_bar,USDJPY,2025.09.18 21:00:00,0,
2025.09.18 21:24:59,scan_skipped_same_execution_bar,USDJPY,2025.09.18 21:00:00,0,
2025.09.18 21:34:59,scan_executed_new_execution_bar,USDJPY,2025.09.18 21:15:00,0,
2025.09.18 21:39:59,scan_skipped_same_execution_bar,USDJPY,2025.09.18 21:15:00,0,
2025.09.18 21:49:59,scan_executed_new_execution_bar,USDJPY,2025.09.18 21:30:00,0,
2025.09.18 21:54:59,scan_skipped_same_execution_bar,USDJPY,2025.09.18 21:30:00,0,
2025.09.18 22:04:59,scan_executed_new_execution_bar,USDJPY,2025.09.18 21:45:00,0,
2025.09.18 22:09:57,scan_skipped_same_execution_bar,USDJPY,2025.09.18 21:45:00,0,
2025.09.18 22:19:57,scan_executed_new_execution_bar,USDJPY,2025.09.18 22:00:00,0,
2025.09.18 22:24:59,scan_skipped_same_execution_bar,USDJPY,2025.09.18 22:00:00,0,
2025.09.18 22:34:59,scan_executed_new_execution_bar,USDJPY,2025.09.18 22:15:00,0,
2025.09.18 22:39:59,scan_skipped_same_execution_bar,USDJPY,2025.09.18 22:15:00,0,
2025.09.18 22:50:00,scan_executed_new_execution_bar,USDJPY,2025.09.18 22:30:00,0,
2025.09.18 22:54:59,scan_skipped_same_execution_bar,USDJPY,2025.09.18 22:30:00,0,
2025.09.18 23:04:59,scan_executed_new_execution_bar,USDJPY,2025.09.18 22:45:00,0,
2025.09.18 23:09:59,scan_skipped_same_execution_bar,USDJPY,2025.09.18 22:45:00,0,
2025.09.18 23:19:59,scan_executed_new_execution_bar,USDJPY,2025.09.18 23:00:00,0,
2025.09.18 23:24:59,scan_skipped_same_execution_bar,USDJPY,2025.09.18 23:00:00,0,
2025.09.18 23:34:59,scan_executed_new_execution_bar,USDJPY,2025.09.18 23:15:00,0,
2025.09.18 23:39:59,scan_skipped_same_execution_bar,USDJPY,2025.09.18 23:15:00,0,
2025.09.18 23:49:59,scan_executed_new_execution_bar,USDJPY,2025.09.18 23:30:00,0,
2025.09.18 23:54:59,scan_skipped_same_execution_bar,USDJPY,2025.09.18 23:30:00,0,
2025.09.19 00:04:54,scan_executed_new_execution_bar,USDJPY,2025.09.18 23:45:00,0,
2025.09.19 00:09:53,scan_skipped_same_execution_bar,USDJPY,2025.09.18 23:45:00,0,
2025.09.19 00:19:59,scan_executed_new_execution_bar,USDJPY,2025.09.19 00:00:00,0,
2025.09.19 00:24:58,scan_skipped_same_execution_bar,USDJPY,2025.09.19 00:00:00,0,
2025.09.19 00:34:59,scan_executed_new_execution_bar,USDJPY,2025.09.19 00:15:00,0,
2025.09.19 00:39:59,scan_skipped_same_execution_bar,USDJPY,2025.09.19 00:15:00,0,
2025.09.19 00:49:59,scan_executed_new_execution_bar,USDJPY,2025.09.19 00:30:00,0,
2025.09.19 00:54:59,scan_skipped_same_execution_bar,USDJPY,2025.09.19 00:30:00,0,
2025.09.19 01:04:59,scan_executed_new_execution_bar,USDJPY,2025.09.19 00:45:00,0,
2025.09.19 01:09:59,scan_skipped_same_execution_bar,USDJPY,2025.09.19 00:45:00,0,
2025.09.19 01:19:59,scan_executed_new_execution_bar,USDJPY,2025.09.19 01:00:00,16,
2025.09.19 01:24:59,scan_skipped_same_execution_bar,USDJPY,2025.09.19 01:00:00,0,
2025.09.19 01:34:59,scan_executed_new_execution_bar,USDJPY,2025.09.19 01:15:00,0,
2025.09.19 01:39:58,scan_skipped_same_execution_bar,USDJPY,2025.09.19 01:15:00,0,
2025.09.19 01:49:59,scan_executed_new_execution_bar,USDJPY,2025.09.19 01:30:00,0,
2025.09.19 01:54:59,scan_skipped_same_execution_bar,USDJPY,2025.09.19 01:30:00,0,
2025.09.19 02:04:59,scan_executed_new_execution_bar,USDJPY,2025.09.19 01:45:00,0,
2025.09.19 02:09:52,scan_skipped_same_execution_bar,USDJPY,2025.09.19 01:45:00,0,
2025.09.19 02:19:58,scan_executed_new_execution_bar,USDJPY,2025.09.19 02:00:00,0,
2025.09.19 02:24:56,scan_skipped_same_execution_bar,USDJPY,2025.09.19 02:00:00,0,
2025.09.19 02:34:59,scan_executed_new_execution_bar,USDJPY,2025.09.19 02:15:00,0,
2025.09.19 02:39:59,scan_skipped_same_execution_bar,USDJPY,2025.09.19 02:15:00,0,
2025.09.19 02:49:59,scan_executed_new_execution_bar,USDJPY,2025.09.19 02:30:00,0,
2025.09.19 02:54:58,scan_skipped_same_execution_bar,USDJPY,2025.09.19 02:30:00,0,
2025.09.19 03:04:58,scan_executed_new_execution_bar,USDJPY,2025.09.19 02:45:00,15,
2025.09.19 03:09:59,scan_skipped_same_execution_bar,USDJPY,2025.09.19 02:45:00,0,
2025.09.19 03:19:59,scan_executed_new_execution_bar,USDJPY,2025.09.19 03:00:00,0,
2025.09.19 03:24:59,scan_skipped_same_execution_bar,USDJPY,2025.09.19 03:00:00,0,
2025.09.19 03:34:59,scan_executed_new_execution_bar,USDJPY,2025.09.19 03:15:00,0,
2025.09.19 03:39:59,scan_skipped_same_execution_bar,USDJPY,2025.09.19 03:15:00,0,
2025.09.19 03:49:59,scan_executed_new_execution_bar,USDJPY,2025.09.19 03:30:00,0,
2025.09.19 03:54:59,scan_skipped_same_execution_bar,USDJPY,2025.09.19 03:30:00,0,
2025.09.19 04:04:59,scan_executed_new_execution_bar,USDJPY,2025.09.19 03:45:00,16,
2025.09.19 04:09:59,scan_skipped_same_execution_bar,USDJPY,2025.09.19 03:45:00,0,
2025.09.19 04:19:59,scan_executed_new_execution_bar,USDJPY,2025.09.19 04:00:00,0,
2025.09.19 04:24:59,scan_skipped_same_execution_bar,USDJPY,2025.09.19 04:00:00,0,
2025.09.19 04:34:59,scan_executed_new_execution_bar,USDJPY,2025.09.19 04:15:00,16,
2025.09.19 04:39:59,scan_skipped_same_execution_bar,USDJPY,2025.09.19 04:15:00,0,
2025.09.19 04:49:59,scan_executed_new_execution_bar,USDJPY,2025.09.19 04:30:00,0,
2025.09.19 04:54:59,scan_skipped_same_execution_bar,USDJPY,2025.09.19 04:30:00,0,
2025.09.19 05:04:59,scan_executed_new_execution_bar,USDJPY,2025.09.19 04:45:00,0,
2025.09.19 05:09:58,scan_skipped_same_execution_bar,USDJPY,2025.09.19 04:45:00,0,
2025.09.19 05:19:59,scan_executed_new_execution_bar,USDJPY,2025.09.19 05:00:00,0,
2025.09.19 05:24:58,scan_skipped_same_execution_bar,USDJPY,2025.09.19 05:00:00,0,
2025.09.19 05:34:59,scan_executed_new_execution_bar,USDJPY,2025.09.19 05:15:00,0,
2025.09.19 05:39:59,scan_skipped_same_execution_bar,USDJPY,2025.09.19 05:15:00,0,
2025.09.19 05:49:59,scan_executed_new_execution_bar,USDJPY,2025.09.19 05:30:00,15,
2025.09.19 05:54:59,scan_skipped_same_execution_bar,USDJPY,2025.09.19 05:30:00,0,
2025.09.19 06:04:59,scan_executed_new_execution_bar,USDJPY,2025.09.19 05:45:00,0,
2025.09.19 06:09:58,scan_skipped_same_execution_bar,USDJPY,2025.09.19 05:45:00,0,
2025.09.19 06:19:59,scan_executed_new_execution_bar,USDJPY,2025.09.19 06:00:00,15,
2025.09.19 06:24:59,scan_skipped_same_execution_bar,USDJPY,2025.09.19 06:00:00,0,
2025.09.19 06:34:59,scan_executed_new_execution_bar,USDJPY,2025.09.19 06:15:00,0,
2025.09.19 06:39:59,scan_skipped_same_execution_bar,USDJPY,2025.09.19 06:15:00,0,
2025.09.19 06:49:59,scan_executed_new_execution_bar,USDJPY,2025.09.19 06:30:00,0,
2025.09.19 06:54:59,scan_skipped_same_execution_bar,USDJPY,2025.09.19 06:30:00,0,
2025.09.19 07:04:59,scan_executed_new_execution_bar,USDJPY,2025.09.19 06:45:00,0,
2025.09.19 07:09:59,scan_skipped_same_execution_bar,USDJPY,2025.09.19 06:45:00,0,
2025.09.19 07:19:59,scan_executed_new_execution_bar,USDJPY,2025.09.19 07:00:00,0,
2025.09.19 07:24:59,scan_skipped_same_execution_bar,USDJPY,2025.09.19 07:00:00,0,
2025.09.19 07:34:59,scan_executed_new_execution_bar,USDJPY,2025.09.19 07:15:00,16,
2025.09.19 07:39:59,scan_skipped_same_execution_bar,USDJPY,2025.09.19 07:15:00,0,
2025.09.19 07:49:59,scan_executed_new_execution_bar,USDJPY,2025.09.19 07:30:00,31,
2025.09.19 07:54:59,scan_skipped_same_execution_bar,USDJPY,2025.09.19 07:30:00,0,
2025.09.19 08:04:59,scan_executed_new_execution_bar,USDJPY,2025.09.19 07:45:00,47,
2025.09.19 08:09:59,scan_skipped_same_execution_bar,USDJPY,2025.09.19 07:45:00,0,
2025.09.19 08:19:59,scan_executed_new_execution_bar,USDJPY,2025.09.19 08:00:00,0,
2025.09.19 08:24:59,scan_skipped_same_execution_bar,USDJPY,2025.09.19 08:00:00,0,
2025.09.19 08:34:59,scan_executed_new_execution_bar,USDJPY,2025.09.19 08:15:00,0,
2025.09.19 08:39:59,scan_skipped_same_execution_bar,USDJPY,2025.09.19 08:15:00,0,
2025.09.19 08:49:59,scan_executed_new_execution_bar,USDJPY,2025.09.19 08:30:00,31,
2025.09.19 08:54:59,scan_skipped_same_execution_bar,USDJPY,2025.09.19 08:30:00,0,
2025.09.19 09:04:59,scan_executed_new_execution_bar,USDJPY,2025.09.19 08:45:00,0,
2025.09.19 09:09:59,scan_skipped_same_execution_bar,USDJPY,2025.09.19 08:45:00,0,
2025.09.19 09:19:59,scan_executed_new_execution_bar,USDJPY,2025.09.19 09:00:00,0,
2025.09.19 09:24:59,scan_skipped_same_execution_bar,USDJPY,2025.09.19 09:00:00,0,
2025.09.19 09:34:59,scan_executed_new_execution_bar,USDJPY,2025.09.19 09:15:00,15,
2025.09.19 09:39:59,scan_skipped_same_execution_bar,USDJPY,2025.09.19 09:15:00,0,
2025.09.19 09:49:59,scan_executed_new_execution_bar,USDJPY,2025.09.19 09:30:00,32,
2025.09.19 09:54:59,scan_skipped_same_execution_bar,USDJPY,2025.09.19 09:30:00,0,
2025.09.19 10:04:59,scan_executed_new_execution_bar,USDJPY,2025.09.19 09:45:00,0,
2025.09.19 10:09:59,scan_skipped_same_execution_bar,USDJPY,2025.09.19 09:45:00,0,
2025.09.19 10:19:59,scan_executed_new_execution_bar,USDJPY,2025.09.19 10:00:00,0,
2025.09.19 10:24:59,scan_skipped_same_execution_bar,USDJPY,2025.09.19 10:00:00,0,
2025.09.19 10:34:59,scan_executed_new_execution_bar,USDJPY,2025.09.19 10:15:00,16,
2025.09.19 10:39:59,scan_skipped_same_execution_bar,USDJPY,2025.09.19 10:15:00,0,
2025.09.19 10:49:59,scan_executed_new_execution_bar,USDJPY,2025.09.19 10:30:00,0,
2025.09.19 10:54:59,scan_skipped_same_execution_bar,USDJPY,2025.09.19 10:30:00,0,
2025.09.19 11:04:59,scan_executed_new_execution_bar,USDJPY,2025.09.19 10:45:00,0,
2025.09.19 11:09:59,scan_skipped_same_execution_bar,USDJPY,2025.09.19 10:45:00,0,
2025.09.19 11:19:59,scan_executed_new_execution_bar,USDJPY,2025.09.19 11:00:00,0,
2025.09.19 11:24:59,scan_skipped_same_execution_bar,USDJPY,2025.09.19 11:00:00,0,
2025.09.19 11:34:59,scan_executed_new_execution_bar,USDJPY,2025.09.19 11:15:00,0,
2025.09.19 11:39:59,scan_skipped_same_execution_bar,USDJPY,2025.09.19 11:15:00,0,
2025.09.19 11:49:59,scan_executed_new_execution_bar,USDJPY,2025.09.19 11:30:00,0,
2025.09.19 11:54:59,scan_skipped_same_execution_bar,USDJPY,2025.09.19 11:30:00,0,
2025.09.19 12:04:59,scan_executed_new_execution_bar,USDJPY,2025.09.19 11:45:00,31,
2025.09.19 12:09:59,scan_skipped_same_execution_bar,USDJPY,2025.09.19 11:45:00,0,
2025.09.19 12:19:59,scan_executed_new_execution_bar,USDJPY,2025.09.19 12:00:00,15,
2025.09.19 12:24:59,scan_skipped_same_execution_bar,USDJPY,2025.09.19 12:00:00,0,
2025.09.19 12:34:59,scan_executed_new_execution_bar,USDJPY,2025.09.19 12:15:00,16,
2025.09.19 12:39:59,scan_skipped_same_execution_bar,USDJPY,2025.09.19 12:15:00,0,
2025.09.19 12:49:59,scan_executed_new_execution_bar,USDJPY,2025.09.19 12:30:00,47,
2025.09.19 12:54:59,scan_skipped_same_execution_bar,USDJPY,2025.09.19 12:30:00,0,
2025.09.19 13:04:59,scan_executed_new_execution_bar,USDJPY,2025.09.19 12:45:00,0,
2025.09.19 13:09:59,scan_skipped_same_execution_bar,USDJPY,2025.09.19 12:45:00,0,
2025.09.19 13:19:59,scan_executed_new_execution_bar,USDJPY,2025.09.19 13:00:00,15,
2025.09.19 13:24:59,scan_skipped_same_execution_bar,USDJPY,2025.09.19 13:00:00,0,
2025.09.19 13:34:59,scan_executed_new_execution_bar,USDJPY,2025.09.19 13:15:00,0,
2025.09.19 13:39:59,scan_skipped_same_execution_bar,USDJPY,2025.09.19 13:15:00,0,
2025.09.19 13:49:59,scan_executed_new_execution_bar,USDJPY,2025.09.19 13:30:00,0,
2025.09.19 13:54:59,scan_skipped_same_execution_bar,USDJPY,2025.09.19 13:30:00,0,
2025.09.19 14:04:59,scan_executed_new_execution_bar,USDJPY,2025.09.19 13:45:00,0,
2025.09.19 14:09:59,scan_skipped_same_execution_bar,USDJPY,2025.09.19 13:45:00,0,
2025.09.19 14:19:59,scan_executed_new_execution_bar,USDJPY,2025.09.19 14:00:00,0,
2025.09.19 14:24:59,scan_skipped_same_execution_bar,USDJPY,2025.09.19 14:00:00,0,
2025.09.19 14:34:59,scan_executed_new_execution_bar,USDJPY,2025.09.19 14:15:00,15,
2025.09.19 14:39:59,scan_skipped_same_execution_bar,USDJPY,2025.09.19 14:15:00,0,
2025.09.19 14:49:59,scan_executed_new_execution_bar,USDJPY,2025.09.19 14:30:00,0,
2025.09.19 14:54:59,scan_skipped_same_execution_bar,USDJPY,2025.09.19 14:30:00,0,
2025.09.19 15:04:59,scan_executed_new_execution_bar,USDJPY,2025.09.19 14:45:00,0,
2025.09.19 15:09:59,scan_skipped_same_execution_bar,USDJPY,2025.09.19 14:45:00,0,
2025.09.19 15:19:59,scan_executed_new_execution_bar,USDJPY,2025.09.19 15:00:00,31,
2025.09.19 15:24:58,scan_skipped_same_execution_bar,USDJPY,2025.09.19 15:00:00,0,
2025.09.19 15:34:58,scan_executed_new_execution_bar,USDJPY,2025.09.19 15:15:00,0,
2025.09.19 15:39:59,scan_skipped_same_execution_bar,USDJPY,2025.09.19 15:15:00,0,
2025.09.19 15:49:59,scan_executed_new_execution_bar,USDJPY,2025.09.19 15:30:00,15,
2025.09.19 15:54:59,scan_skipped_same_execution_bar,USDJPY,2025.09.19 15:30:00,0,
2025.09.19 16:04:59,scan_executed_new_execution_bar,USDJPY,2025.09.19 15:45:00,16,
2025.09.19 16:09:59,scan_skipped_same_execution_bar,USDJPY,2025.09.19 15:45:00,0,
2025.09.19 16:19:59,scan_executed_new_execution_bar,USDJPY,2025.09.19 16:00:00,32,
2025.09.19 16:24:59,scan_skipped_same_execution_bar,USDJPY,2025.09.19 16:00:00,0,
2025.09.19 16:34:59,scan_executed_new_execution_bar,USDJPY,2025.09.19 16:15:00,15,
2025.09.19 16:39:59,scan_skipped_same_execution_bar,USDJPY,2025.09.19 16:15:00,0,
2025.09.19 16:49:59,scan_executed_new_execution_bar,USDJPY,2025.09.19 16:30:00,32,
2025.09.19 16:54:59,scan_skipped_same_execution_bar,USDJPY,2025.09.19 16:30:00,0,
2025.09.19 17:04:59,scan_executed_new_execution_bar,USDJPY,2025.09.19 16:45:00,16,
2025.09.19 17:09:59,scan_skipped_same_execution_bar,USDJPY,2025.09.19 16:45:00,0,
2025.09.19 17:19:59,scan_executed_new_execution_bar,USDJPY,2025.09.19 17:00:00,0,
2025.09.19 17:24:59,scan_skipped_same_execution_bar,USDJPY,2025.09.19 17:00:00,0,
2025.09.19 17:34:59,scan_executed_new_execution_bar,USDJPY,2025.09.19 17:15:00,0,
2025.09.19 17:39:59,scan_skipped_same_execution_bar,USDJPY,2025.09.19 17:15:00,0,
2025.09.19 17:49:59,scan_executed_new_execution_bar,USDJPY,2025.09.19 17:30:00,0,
2025.09.19 17:54:59,scan_skipped_same_execution_bar,USDJPY,2025.09.19 17:30:00,0,
2025.09.19 18:04:59,scan_executed_new_execution_bar,USDJPY,2025.09.19 17:45:00,0,
2025.09.19 18:09:59,scan_skipped_same_execution_bar,USDJPY,2025.09.19 17:45:00,0,
2025.09.19 18:19:59,scan_executed_new_execution_bar,USDJPY,2025.09.19 18:00:00,0,
2025.09.19 18:24:59,scan_skipped_same_execution_bar,USDJPY,2025.09.19 18:00:00,0,
2025.09.19 18:34:59,scan_executed_new_execution_bar,USDJPY,2025.09.19 18:15:00,0,
2025.09.19 18:39:59,scan_skipped_same_execution_bar,USDJPY,2025.09.19 18:15:00,0,
2025.09.19 18:49:59,scan_executed_new_execution_bar,USDJPY,2025.09.19 18:30:00,47,
2025.09.19 18:54:59,scan_skipped_same_execution_bar,USDJPY,2025.09.19 18:30:00,0,
2025.09.19 19:04:59,scan_executed_new_execution_bar,USDJPY,2025.09.19 18:45:00,0,
2025.09.19 19:09:59,scan_skipped_same_execution_bar,USDJPY,2025.09.19 18:45:00,0,
2025.09.19 19:19:58,scan_executed_new_execution_bar,USDJPY,2025.09.19 19:00:00,0,
2025.09.19 19:24:59,scan_skipped_same_execution_bar,USDJPY,2025.09.19 19:00:00,0,
2025.09.19 19:34:59,scan_executed_new_execution_bar,USDJPY,2025.09.19 19:15:00,0,
2025.09.19 19:39:59,scan_skipped_same_execution_bar,USDJPY,2025.09.19 19:15:00,0,
2025.09.19 19:49:59,scan_executed_new_execution_bar,USDJPY,2025.09.19 19:30:00,31,
2025.09.19 19:54:59,scan_skipped_same_execution_bar,USDJPY,2025.09.19 19:30:00,0,
2025.09.19 20:04:59,scan_executed_new_execution_bar,USDJPY,2025.09.19 19:45:00,0,
2025.09.19 20:09:59,scan_skipped_same_execution_bar,USDJPY,2025.09.19 19:45:00,0,
2025.09.19 20:19:57,scan_executed_new_execution_bar,USDJPY,2025.09.19 20:00:00,32,
2025.09.19 20:24:58,scan_skipped_same_execution_bar,USDJPY,2025.09.19 20:00:00,0,
2025.09.19 20:34:59,scan_executed_new_execution_bar,USDJPY,2025.09.19 20:15:00,0,
2025.09.19 20:39:59,scan_skipped_same_execution_bar,USDJPY,2025.09.19 20:15:00,0,
2025.09.19 20:49:59,scan_executed_new_execution_bar,USDJPY,2025.09.19 20:30:00,16,
2025.09.19 20:54:59,scan_skipped_same_execution_bar,USDJPY,2025.09.19 20:30:00,0,
2025.09.19 21:04:59,scan_executed_new_execution_bar,USDJPY,2025.09.19 20:45:00,0,
2025.09.19 21:09:59,scan_skipped_same_execution_bar,USDJPY,2025.09.19 20:45:00,0,
2025.09.19 21:19:59,scan_executed_new_execution_bar,USDJPY,2025.09.19 21:00:00,0,
2025.09.19 21:24:59,scan_skipped_same_execution_bar,USDJPY,2025.09.19 21:00:00,0,
2025.09.19 21:34:58,scan_executed_new_execution_bar,USDJPY,2025.09.19 21:15:00,0,
2025.09.19 21:39:59,scan_skipped_same_execution_bar,USDJPY,2025.09.19 21:15:00,0,
2025.09.19 21:49:59,scan_executed_new_execution_bar,USDJPY,2025.09.19 21:30:00,0,
2025.09.19 21:55:00,scan_skipped_same_execution_bar,USDJPY,2025.09.19 21:30:00,0,
2025.09.19 22:04:58,scan_executed_new_execution_bar,USDJPY,2025.09.19 21:45:00,0,
2025.09.19 22:09:59,scan_skipped_same_execution_bar,USDJPY,2025.09.19 21:45:00,0,
2025.09.19 22:19:58,scan_executed_new_execution_bar,USDJPY,2025.09.19 22:00:00,0,
2025.09.19 22:24:59,scan_skipped_same_execution_bar,USDJPY,2025.09.19 22:00:00,0,
2025.09.19 22:34:59,scan_executed_new_execution_bar,USDJPY,2025.09.19 22:15:00,0,
2025.09.19 22:39:59,scan_skipped_same_execution_bar,USDJPY,2025.09.19 22:15:00,0,
2025.09.19 22:49:59,scan_executed_new_execution_bar,USDJPY,2025.09.19 22:30:00,0,
2025.09.19 22:54:59,scan_skipped_same_execution_bar,USDJPY,2025.09.19 22:30:00,0,
2025.09.19 23:04:55,scan_executed_new_execution_bar,USDJPY,2025.09.19 22:45:00,0,
2025.09.19 23:09:59,scan_skipped_same_execution_bar,USDJPY,2025.09.19 22:45:00,0,
2025.09.19 23:19:59,scan_executed_new_execution_bar,USDJPY,2025.09.19 23:00:00,0,
2025.09.19 23:24:59,scan_skipped_same_execution_bar,USDJPY,2025.09.19 23:00:00,0,
2025.09.19 23:34:58,scan_executed_new_execution_bar,USDJPY,2025.09.19 23:15:00,0,
2025.09.19 23:39:59,scan_skipped_same_execution_bar,USDJPY,2025.09.19 23:15:00,0,
2025.09.19 23:49:59,scan_executed_new_execution_bar,USDJPY,2025.09.19 23:30:00,0,
2025.09.19 23:54:59,scan_skipped_same_execution_bar,USDJPY,2025.09.19 23:30:00,0,
2025.09.22 00:04:47,scan_executed_new_execution_bar,USDJPY,2025.09.19 23:45:00,0,
2025.09.22 00:09:59,scan_skipped_same_execution_bar,USDJPY,2025.09.19 23:45:00,0,
2025.09.22 00:19:59,scan_executed_new_execution_bar,USDJPY,2025.09.22 00:00:00,0,
2025.09.22 00:24:57,scan_skipped_same_execution_bar,USDJPY,2025.09.22 00:00:00,0,
2025.09.22 00:34:58,scan_executed_new_execution_bar,USDJPY,2025.09.22 00:15:00,0,
2025.09.22 00:39:59,scan_skipped_same_execution_bar,USDJPY,2025.09.22 00:15:00,0,
2025.09.22 00:49:59,scan_executed_new_execution_bar,USDJPY,2025.09.22 00:30:00,0,
2025.09.22 00:54:59,scan_skipped_same_execution_bar,USDJPY,2025.09.22 00:30:00,0,
2025.09.22 01:04:59,scan_executed_new_execution_bar,USDJPY,2025.09.22 00:45:00,0,
2025.09.22 01:09:59,scan_skipped_same_execution_bar,USDJPY,2025.09.22 00:45:00,0,
2025.09.22 01:19:59,scan_executed_new_execution_bar,USDJPY,2025.09.22 01:00:00,0,
2025.09.22 01:24:59,scan_skipped_same_execution_bar,USDJPY,2025.09.22 01:00:00,0,
2025.09.22 01:34:57,scan_executed_new_execution_bar,USDJPY,2025.09.22 01:15:00,0,
2025.09.22 01:39:59,scan_skipped_same_execution_bar,USDJPY,2025.09.22 01:15:00,0,
2025.09.22 01:49:59,scan_executed_new_execution_bar,USDJPY,2025.09.22 01:30:00,0,
2025.09.22 01:54:59,scan_skipped_same_execution_bar,USDJPY,2025.09.22 01:30:00,0,
2025.09.22 02:04:59,scan_executed_new_execution_bar,USDJPY,2025.09.22 01:45:00,0,
2025.09.22 02:09:58,scan_skipped_same_execution_bar,USDJPY,2025.09.22 01:45:00,0,
2025.09.22 02:19:56,scan_executed_new_execution_bar,USDJPY,2025.09.22 02:00:00,0,
2025.09.22 02:24:47,scan_skipped_same_execution_bar,USDJPY,2025.09.22 02:00:00,0,
2025.09.22 02:34:59,scan_executed_new_execution_bar,USDJPY,2025.09.22 02:15:00,0,
2025.09.22 02:39:59,scan_skipped_same_execution_bar,USDJPY,2025.09.22 02:15:00,0,
2025.09.22 02:49:58,scan_executed_new_execution_bar,USDJPY,2025.09.22 02:30:00,0,
2025.09.22 02:54:59,scan_skipped_same_execution_bar,USDJPY,2025.09.22 02:30:00,0,
2025.09.22 03:04:59,scan_executed_new_execution_bar,USDJPY,2025.09.22 02:45:00,0,
2025.09.22 03:09:59,scan_skipped_same_execution_bar,USDJPY,2025.09.22 02:45:00,0,
2025.09.22 03:19:59,scan_executed_new_execution_bar,USDJPY,2025.09.22 03:00:00,0,
2025.09.22 03:24:59,scan_skipped_same_execution_bar,USDJPY,2025.09.22 03:00:00,0,
2025.09.22 03:34:59,scan_executed_new_execution_bar,USDJPY,2025.09.22 03:15:00,0,
2025.09.22 03:39:59,scan_skipped_same_execution_bar,USDJPY,2025.09.22 03:15:00,0,
2025.09.22 03:49:59,scan_executed_new_execution_bar,USDJPY,2025.09.22 03:30:00,0,
2025.09.22 03:54:59,scan_skipped_same_execution_bar,USDJPY,2025.09.22 03:30:00,0,
2025.09.22 04:04:59,scan_executed_new_execution_bar,USDJPY,2025.09.22 03:45:00,16,
2025.09.22 04:09:59,scan_skipped_same_execution_bar,USDJPY,2025.09.22 03:45:00,0,
2025.09.22 04:19:59,scan_executed_new_execution_bar,USDJPY,2025.09.22 04:00:00,0,
2025.09.22 04:24:59,scan_skipped_same_execution_bar,USDJPY,2025.09.22 04:00:00,0,
2025.09.22 04:34:59,scan_executed_new_execution_bar,USDJPY,2025.09.22 04:15:00,0,
2025.09.22 04:39:59,scan_skipped_same_execution_bar,USDJPY,2025.09.22 04:15:00,0,
2025.09.22 04:49:59,scan_executed_new_execution_bar,USDJPY,2025.09.22 04:30:00,0,
2025.09.22 04:55:00,scan_skipped_same_execution_bar,USDJPY,2025.09.22 04:30:00,0,
2025.09.22 05:04:59,scan_executed_new_execution_bar,USDJPY,2025.09.22 04:45:00,0,
2025.09.22 05:09:59,scan_skipped_same_execution_bar,USDJPY,2025.09.22 04:45:00,0,
2025.09.22 05:19:59,scan_executed_new_execution_bar,USDJPY,2025.09.22 05:00:00,0,
2025.09.22 05:24:59,scan_skipped_same_execution_bar,USDJPY,2025.09.22 05:00:00,0,
2025.09.22 05:34:59,scan_executed_new_execution_bar,USDJPY,2025.09.22 05:15:00,0,
2025.09.22 05:39:57,scan_skipped_same_execution_bar,USDJPY,2025.09.22 05:15:00,0,
2025.09.22 05:49:59,scan_executed_new_execution_bar,USDJPY,2025.09.22 05:30:00,0,
2025.09.22 05:54:59,scan_skipped_same_execution_bar,USDJPY,2025.09.22 05:30:00,0,
2025.09.22 06:04:59,scan_executed_new_execution_bar,USDJPY,2025.09.22 05:45:00,0,
2025.09.22 06:09:59,scan_skipped_same_execution_bar,USDJPY,2025.09.22 05:45:00,0,
2025.09.22 06:19:59,scan_executed_new_execution_bar,USDJPY,2025.09.22 06:00:00,15,
2025.09.22 06:24:59,scan_skipped_same_execution_bar,USDJPY,2025.09.22 06:00:00,0,
2025.09.22 06:34:59,scan_executed_new_execution_bar,USDJPY,2025.09.22 06:15:00,16,
2025.09.22 06:39:58,scan_skipped_same_execution_bar,USDJPY,2025.09.22 06:15:00,0,
2025.09.22 06:49:59,scan_executed_new_execution_bar,USDJPY,2025.09.22 06:30:00,16,
2025.09.22 06:54:59,scan_skipped_same_execution_bar,USDJPY,2025.09.22 06:30:00,0,
2025.09.22 07:04:59,scan_executed_new_execution_bar,USDJPY,2025.09.22 06:45:00,0,
2025.09.22 07:09:59,scan_skipped_same_execution_bar,USDJPY,2025.09.22 06:45:00,0,
2025.09.22 07:19:59,scan_executed_new_execution_bar,USDJPY,2025.09.22 07:00:00,0,
2025.09.22 07:24:59,scan_skipped_same_execution_bar,USDJPY,2025.09.22 07:00:00,0,
2025.09.22 07:34:59,scan_executed_new_execution_bar,USDJPY,2025.09.22 07:15:00,0,
2025.09.22 07:39:59,scan_skipped_same_execution_bar,USDJPY,2025.09.22 07:15:00,0,
2025.09.22 07:49:59,scan_executed_new_execution_bar,USDJPY,2025.09.22 07:30:00,0,
2025.09.22 07:54:59,scan_skipped_same_execution_bar,USDJPY,2025.09.22 07:30:00,0,
2025.09.22 08:04:59,scan_executed_new_execution_bar,USDJPY,2025.09.22 07:45:00,15,
2025.09.22 08:09:59,scan_skipped_same_execution_bar,USDJPY,2025.09.22 07:45:00,0,
2025.09.22 08:19:59,scan_executed_new_execution_bar,USDJPY,2025.09.22 08:00:00,16,
2025.09.22 08:24:59,scan_skipped_same_execution_bar,USDJPY,2025.09.22 08:00:00,0,
2025.09.22 08:34:59,scan_executed_new_execution_bar,USDJPY,2025.09.22 08:15:00,0,
2025.09.22 08:39:59,scan_skipped_same_execution_bar,USDJPY,2025.09.22 08:15:00,0,
2025.09.22 08:49:59,scan_executed_new_execution_bar,USDJPY,2025.09.22 08:30:00,0,
2025.09.22 08:54:59,scan_skipped_same_execution_bar,USDJPY,2025.09.22 08:30:00,0,
2025.09.22 09:04:57,scan_executed_new_execution_bar,USDJPY,2025.09.22 08:45:00,0,
2025.09.22 09:09:59,scan_skipped_same_execution_bar,USDJPY,2025.09.22 08:45:00,0,
2025.09.22 09:19:59,scan_executed_new_execution_bar,USDJPY,2025.09.22 09:00:00,0,
2025.09.22 09:24:59,scan_skipped_same_execution_bar,USDJPY,2025.09.22 09:00:00,0,
2025.09.22 09:34:59,scan_executed_new_execution_bar,USDJPY,2025.09.22 09:15:00,0,
2025.09.22 09:39:59,scan_skipped_same_execution_bar,USDJPY,2025.09.22 09:15:00,0,
2025.09.22 09:49:59,scan_executed_new_execution_bar,USDJPY,2025.09.22 09:30:00,0,
2025.09.22 09:54:59,scan_skipped_same_execution_bar,USDJPY,2025.09.22 09:30:00,0,
2025.09.22 10:04:58,scan_executed_new_execution_bar,USDJPY,2025.09.22 09:45:00,0,
2025.09.22 10:09:59,scan_skipped_same_execution_bar,USDJPY,2025.09.22 09:45:00,0,
2025.09.22 10:19:59,scan_executed_new_execution_bar,USDJPY,2025.09.22 10:00:00,0,
2025.09.22 10:24:59,scan_skipped_same_execution_bar,USDJPY,2025.09.22 10:00:00,0,
2025.09.22 10:34:59,scan_executed_new_execution_bar,USDJPY,2025.09.22 10:15:00,0,
2025.09.22 10:39:59,scan_skipped_same_execution_bar,USDJPY,2025.09.22 10:15:00,0,
2025.09.22 10:49:59,scan_executed_new_execution_bar,USDJPY,2025.09.22 10:30:00,0,
2025.09.22 10:54:58,scan_skipped_same_execution_bar,USDJPY,2025.09.22 10:30:00,0,
2025.09.22 11:04:59,scan_executed_new_execution_bar,USDJPY,2025.09.22 10:45:00,16,
2025.09.22 11:09:59,scan_skipped_same_execution_bar,USDJPY,2025.09.22 10:45:00,0,
2025.09.22 11:20:00,scan_executed_new_execution_bar,USDJPY,2025.09.22 11:00:00,0,
2025.09.22 11:24:59,scan_skipped_same_execution_bar,USDJPY,2025.09.22 11:00:00,0,
2025.09.22 11:34:59,scan_executed_new_execution_bar,USDJPY,2025.09.22 11:15:00,0,
2025.09.22 11:39:59,scan_skipped_same_execution_bar,USDJPY,2025.09.22 11:15:00,0,
2025.09.22 11:49:59,scan_executed_new_execution_bar,USDJPY,2025.09.22 11:30:00,0,
2025.09.22 11:54:59,scan_skipped_same_execution_bar,USDJPY,2025.09.22 11:30:00,0,
2025.09.22 12:04:59,scan_executed_new_execution_bar,USDJPY,2025.09.22 11:45:00,15,
2025.09.22 12:09:59,scan_skipped_same_execution_bar,USDJPY,2025.09.22 11:45:00,0,
2025.09.22 12:20:00,scan_executed_new_execution_bar,USDJPY,2025.09.22 12:00:00,0,
2025.09.22 12:24:59,scan_skipped_same_execution_bar,USDJPY,2025.09.22 12:00:00,0,
2025.09.22 12:34:59,scan_executed_new_execution_bar,USDJPY,2025.09.22 12:15:00,31,
2025.09.22 12:39:59,scan_skipped_same_execution_bar,USDJPY,2025.09.22 12:15:00,0,
2025.09.22 12:49:59,scan_executed_new_execution_bar,USDJPY,2025.09.22 12:30:00,15,
2025.09.22 12:54:59,scan_skipped_same_execution_bar,USDJPY,2025.09.22 12:30:00,0,
2025.09.22 13:04:59,scan_executed_new_execution_bar,USDJPY,2025.09.22 12:45:00,0,
2025.09.22 13:09:59,scan_skipped_same_execution_bar,USDJPY,2025.09.22 12:45:00,0,
2025.09.22 13:19:59,scan_executed_new_execution_bar,USDJPY,2025.09.22 13:00:00,16,
2025.09.22 13:24:59,scan_skipped_same_execution_bar,USDJPY,2025.09.22 13:00:00,0,
2025.09.22 13:34:59,scan_executed_new_execution_bar,USDJPY,2025.09.22 13:15:00,15,
2025.09.22 13:39:59,scan_skipped_same_execution_bar,USDJPY,2025.09.22 13:15:00,0,
2025.09.22 13:49:59,scan_executed_new_execution_bar,USDJPY,2025.09.22 13:30:00,32,
2025.09.22 13:54:59,scan_skipped_same_execution_bar,USDJPY,2025.09.22 13:30:00,0,
2025.09.22 14:04:59,scan_executed_new_execution_bar,USDJPY,2025.09.22 13:45:00,0,
2025.09.22 14:09:59,scan_skipped_same_execution_bar,USDJPY,2025.09.22 13:45:00,0,
2025.09.22 14:19:59,scan_executed_new_execution_bar,USDJPY,2025.09.22 14:00:00,16,
2025.09.22 14:24:59,scan_skipped_same_execution_bar,USDJPY,2025.09.22 14:00:00,0,
2025.09.22 14:34:59,scan_executed_new_execution_bar,USDJPY,2025.09.22 14:15:00,0,
2025.09.22 14:40:00,scan_skipped_same_execution_bar,USDJPY,2025.09.22 14:15:00,0,
2025.09.22 14:49:59,scan_executed_new_execution_bar,USDJPY,2025.09.22 14:30:00,0,
2025.09.22 14:54:59,scan_skipped_same_execution_bar,USDJPY,2025.09.22 14:30:00,0,
2025.09.22 15:04:59,scan_executed_new_execution_bar,USDJPY,2025.09.22 14:45:00,0,
2025.09.22 15:09:59,scan_skipped_same_execution_bar,USDJPY,2025.09.22 14:45:00,0,
2025.09.22 15:19:59,scan_executed_new_execution_bar,USDJPY,2025.09.22 15:00:00,0,
2025.09.22 15:24:59,scan_skipped_same_execution_bar,USDJPY,2025.09.22 15:00:00,0,
2025.09.22 15:34:59,scan_executed_new_execution_bar,USDJPY,2025.09.22 15:15:00,32,
2025.09.22 15:39:59,scan_skipped_same_execution_bar,USDJPY,2025.09.22 15:15:00,0,
2025.09.22 15:49:59,scan_executed_new_execution_bar,USDJPY,2025.09.22 15:30:00,0,
2025.09.22 15:54:59,scan_skipped_same_execution_bar,USDJPY,2025.09.22 15:30:00,0,
2025.09.22 16:04:59,scan_executed_new_execution_bar,USDJPY,2025.09.22 15:45:00,0,
2025.09.22 16:09:59,scan_skipped_same_execution_bar,USDJPY,2025.09.22 15:45:00,0,
2025.09.22 16:19:59,scan_executed_new_execution_bar,USDJPY,2025.09.22 16:00:00,0,
2025.09.22 16:24:58,scan_skipped_same_execution_bar,USDJPY,2025.09.22 16:00:00,0,
2025.09.22 16:34:59,scan_executed_new_execution_bar,USDJPY,2025.09.22 16:15:00,0,
2025.09.22 16:39:59,scan_skipped_same_execution_bar,USDJPY,2025.09.22 16:15:00,0,
2025.09.22 16:49:59,scan_executed_new_execution_bar,USDJPY,2025.09.22 16:30:00,0,
2025.09.22 16:54:59,scan_skipped_same_execution_bar,USDJPY,2025.09.22 16:30:00,0,
2025.09.22 17:04:59,scan_executed_new_execution_bar,USDJPY,2025.09.22 16:45:00,0,
2025.09.22 17:09:59,scan_skipped_same_execution_bar,USDJPY,2025.09.22 16:45:00,0,
2025.09.22 17:19:59,scan_executed_new_execution_bar,USDJPY,2025.09.22 17:00:00,16,
2025.09.22 17:24:59,scan_skipped_same_execution_bar,USDJPY,2025.09.22 17:00:00,0,
2025.09.22 17:34:59,scan_executed_new_execution_bar,USDJPY,2025.09.22 17:15:00,15,
2025.09.22 17:39:59,scan_skipped_same_execution_bar,USDJPY,2025.09.22 17:15:00,0,
2025.09.22 17:49:59,scan_executed_new_execution_bar,USDJPY,2025.09.22 17:30:00,0,
2025.09.22 17:54:59,scan_skipped_same_execution_bar,USDJPY,2025.09.22 17:30:00,0,
2025.09.22 18:04:59,scan_executed_new_execution_bar,USDJPY,2025.09.22 17:45:00,15,
2025.09.22 18:09:59,scan_skipped_same_execution_bar,USDJPY,2025.09.22 17:45:00,0,
2025.09.22 18:19:59,scan_executed_new_execution_bar,USDJPY,2025.09.22 18:00:00,0,
2025.09.22 18:24:59,scan_skipped_same_execution_bar,USDJPY,2025.09.22 18:00:00,0,
2025.09.22 18:34:59,scan_executed_new_execution_bar,USDJPY,2025.09.22 18:15:00,16,
2025.09.22 18:39:59,scan_skipped_same_execution_bar,USDJPY,2025.09.22 18:15:00,0,
2025.09.22 18:49:59,scan_executed_new_execution_bar,USDJPY,2025.09.22 18:30:00,15,
2025.09.22 18:54:59,scan_skipped_same_execution_bar,USDJPY,2025.09.22 18:30:00,0,
2025.09.22 19:04:59,scan_executed_new_execution_bar,USDJPY,2025.09.22 18:45:00,0,
2025.09.22 19:09:59,scan_skipped_same_execution_bar,USDJPY,2025.09.22 18:45:00,0,
2025.09.22 19:20:00,scan_executed_new_execution_bar,USDJPY,2025.09.22 19:00:00,0,
2025.09.22 19:24:59,scan_skipped_same_execution_bar,USDJPY,2025.09.22 19:00:00,0,
2025.09.22 19:34:59,scan_executed_new_execution_bar,USDJPY,2025.09.22 19:15:00,0,
2025.09.22 19:39:59,scan_skipped_same_execution_bar,USDJPY,2025.09.22 19:15:00,0,
2025.09.22 19:49:59,scan_executed_new_execution_bar,USDJPY,2025.09.22 19:30:00,0,
2025.09.22 19:54:57,scan_skipped_same_execution_bar,USDJPY,2025.09.22 19:30:00,0,
2025.09.22 20:04:59,scan_executed_new_execution_bar,USDJPY,2025.09.22 19:45:00,0,
2025.09.22 20:09:59,scan_skipped_same_execution_bar,USDJPY,2025.09.22 19:45:00,0,
2025.09.22 20:19:58,scan_executed_new_execution_bar,USDJPY,2025.09.22 20:00:00,0,
2025.09.22 20:24:59,scan_skipped_same_execution_bar,USDJPY,2025.09.22 20:00:00,0,
2025.09.22 20:34:59,scan_executed_new_execution_bar,USDJPY,2025.09.22 20:15:00,0,
2025.09.22 20:39:59,scan_skipped_same_execution_bar,USDJPY,2025.09.22 20:15:00,0,
2025.09.22 20:49:58,scan_executed_new_execution_bar,USDJPY,2025.09.22 20:30:00,0,
2025.09.22 20:54:58,scan_skipped_same_execution_bar,USDJPY,2025.09.22 20:30:00,0,
2025.09.22 21:04:59,scan_executed_new_execution_bar,USDJPY,2025.09.22 20:45:00,0,
2025.09.22 21:09:59,scan_skipped_same_execution_bar,USDJPY,2025.09.22 20:45:00,0,
2025.09.22 21:19:59,scan_executed_new_execution_bar,USDJPY,2025.09.22 21:00:00,0,
2025.09.22 21:24:59,scan_skipped_same_execution_bar,USDJPY,2025.09.22 21:00:00,0,
2025.09.22 21:34:59,scan_executed_new_execution_bar,USDJPY,2025.09.22 21:15:00,0,
2025.09.22 21:39:59,scan_skipped_same_execution_bar,USDJPY,2025.09.22 21:15:00,0,
2025.09.22 21:49:58,scan_executed_new_execution_bar,USDJPY,2025.09.22 21:30:00,16,
2025.09.22 21:54:57,scan_skipped_same_execution_bar,USDJPY,2025.09.22 21:30:00,0,
2025.09.22 22:04:59,scan_executed_new_execution_bar,USDJPY,2025.09.22 21:45:00,0,
2025.09.22 22:09:59,scan_skipped_same_execution_bar,USDJPY,2025.09.22 21:45:00,0,
2025.09.22 22:19:59,scan_executed_new_execution_bar,USDJPY,2025.09.22 22:00:00,0,
2025.09.22 22:24:59,scan_skipped_same_execution_bar,USDJPY,2025.09.22 22:00:00,0,
2025.09.22 22:34:59,scan_executed_new_execution_bar,USDJPY,2025.09.22 22:15:00,0,
2025.09.22 22:39:59,scan_skipped_same_execution_bar,USDJPY,2025.09.22 22:15:00,0,
2025.09.22 22:49:59,scan_executed_new_execution_bar,USDJPY,2025.09.22 22:30:00,0,
2025.09.22 22:54:58,scan_skipped_same_execution_bar,USDJPY,2025.09.22 22:30:00,0,
2025.09.22 23:04:58,scan_executed_new_execution_bar,USDJPY,2025.09.22 22:45:00,0,
2025.09.22 23:09:59,scan_skipped_same_execution_bar,USDJPY,2025.09.22 22:45:00,0,
2025.09.22 23:19:59,scan_executed_new_execution_bar,USDJPY,2025.09.22 23:00:00,0,
2025.09.22 23:24:57,scan_skipped_same_execution_bar,USDJPY,2025.09.22 23:00:00,0,
2025.09.22 23:34:58,scan_executed_new_execution_bar,USDJPY,2025.09.22 23:15:00,0,
2025.09.22 23:39:58,scan_skipped_same_execution_bar,USDJPY,2025.09.22 23:15:00,0,
2025.09.22 23:49:59,scan_executed_new_execution_bar,USDJPY,2025.09.22 23:30:00,0,
2025.09.22 23:54:59,scan_skipped_same_execution_bar,USDJPY,2025.09.22 23:30:00,0,
2025.09.23 00:04:55,scan_executed_new_execution_bar,USDJPY,2025.09.22 23:45:00,0,
2025.09.23 00:09:57,scan_skipped_same_execution_bar,USDJPY,2025.09.22 23:45:00,0,
2025.09.23 00:19:59,scan_executed_new_execution_bar,USDJPY,2025.09.23 00:00:00,0,
2025.09.23 00:24:58,scan_skipped_same_execution_bar,USDJPY,2025.09.23 00:00:00,0,
2025.09.23 00:34:57,scan_executed_new_execution_bar,USDJPY,2025.09.23 00:15:00,0,
2025.09.23 00:39:58,scan_skipped_same_execution_bar,USDJPY,2025.09.23 00:15:00,0,
2025.09.23 00:49:59,scan_executed_new_execution_bar,USDJPY,2025.09.23 00:30:00,0,
2025.09.23 00:54:59,scan_skipped_same_execution_bar,USDJPY,2025.09.23 00:30:00,0,
2025.09.23 01:04:59,scan_executed_new_execution_bar,USDJPY,2025.09.23 00:45:00,0,
2025.09.23 01:09:59,scan_skipped_same_execution_bar,USDJPY,2025.09.23 00:45:00,0,
2025.09.23 01:19:59,scan_executed_new_execution_bar,USDJPY,2025.09.23 01:00:00,16,
2025.09.23 01:24:59,scan_skipped_same_execution_bar,USDJPY,2025.09.23 01:00:00,0,
2025.09.23 01:34:59,scan_executed_new_execution_bar,USDJPY,2025.09.23 01:15:00,0,
2025.09.23 01:39:59,scan_skipped_same_execution_bar,USDJPY,2025.09.23 01:15:00,0,
2025.09.23 01:49:59,scan_executed_new_execution_bar,USDJPY,2025.09.23 01:30:00,15,
2025.09.23 01:54:59,scan_skipped_same_execution_bar,USDJPY,2025.09.23 01:30:00,0,
2025.09.23 02:04:59,scan_executed_new_execution_bar,USDJPY,2025.09.23 01:45:00,0,
2025.09.23 02:09:59,scan_skipped_same_execution_bar,USDJPY,2025.09.23 01:45:00,0,
2025.09.23 02:19:59,scan_executed_new_execution_bar,USDJPY,2025.09.23 02:00:00,0,
2025.09.23 02:24:58,scan_skipped_same_execution_bar,USDJPY,2025.09.23 02:00:00,0,
2025.09.23 02:34:58,scan_executed_new_execution_bar,USDJPY,2025.09.23 02:15:00,0,
2025.09.23 02:39:59,scan_skipped_same_execution_bar,USDJPY,2025.09.23 02:15:00,0,
2025.09.23 02:49:59,scan_executed_new_execution_bar,USDJPY,2025.09.23 02:30:00,0,
2025.09.23 02:54:59,scan_skipped_same_execution_bar,USDJPY,2025.09.23 02:30:00,0,
2025.09.23 03:04:59,scan_executed_new_execution_bar,USDJPY,2025.09.23 02:45:00,15,
2025.09.23 03:09:59,scan_skipped_same_execution_bar,USDJPY,2025.09.23 02:45:00,0,
2025.09.23 03:19:59,scan_executed_new_execution_bar,USDJPY,2025.09.23 03:00:00,16,
2025.09.23 03:24:59,scan_skipped_same_execution_bar,USDJPY,2025.09.23 03:00:00,0,
2025.09.23 03:34:59,scan_executed_new_execution_bar,USDJPY,2025.09.23 03:15:00,0,
2025.09.23 03:39:59,scan_skipped_same_execution_bar,USDJPY,2025.09.23 03:15:00,0,
2025.09.23 03:49:59,scan_executed_new_execution_bar,USDJPY,2025.09.23 03:30:00,0,
2025.09.23 03:54:59,scan_skipped_same_execution_bar,USDJPY,2025.09.23 03:30:00,0,
2025.09.23 04:04:59,scan_executed_new_execution_bar,USDJPY,2025.09.23 03:45:00,16,
2025.09.23 04:09:59,scan_skipped_same_execution_bar,USDJPY,2025.09.23 03:45:00,0,
2025.09.23 04:19:59,scan_executed_new_execution_bar,USDJPY,2025.09.23 04:00:00,15,
2025.09.23 04:24:59,scan_skipped_same_execution_bar,USDJPY,2025.09.23 04:00:00,0,
2025.09.23 04:34:59,scan_executed_new_execution_bar,USDJPY,2025.09.23 04:15:00,0,
2025.09.23 04:39:59,scan_skipped_same_execution_bar,USDJPY,2025.09.23 04:15:00,0,
2025.09.23 04:49:59,scan_executed_new_execution_bar,USDJPY,2025.09.23 04:30:00,0,
2025.09.23 04:54:58,scan_skipped_same_execution_bar,USDJPY,2025.09.23 04:30:00,0,
2025.09.23 05:04:59,scan_executed_new_execution_bar,USDJPY,2025.09.23 04:45:00,31,
2025.09.23 05:09:59,scan_skipped_same_execution_bar,USDJPY,2025.09.23 04:45:00,0,
2025.09.23 05:19:59,scan_executed_new_execution_bar,USDJPY,2025.09.23 05:00:00,16,
2025.09.23 05:24:59,scan_skipped_same_execution_bar,USDJPY,2025.09.23 05:00:00,0,
2025.09.23 05:30:00,scan_executed_new_execution_bar,USDJPY,2025.09.23 05:15:00,0,
2025.09.23 05:34:59,scan_skipped_same_execution_bar,USDJPY,2025.09.23 05:15:00,0,
2025.09.23 05:49:59,scan_executed_new_execution_bar,USDJPY,2025.09.23 05:30:00,0,
2025.09.23 05:54:59,scan_skipped_same_execution_bar,USDJPY,2025.09.23 05:30:00,0,
2025.09.23 06:04:58,scan_executed_new_execution_bar,USDJPY,2025.09.23 05:45:00,0,
2025.09.23 06:09:59,scan_skipped_same_execution_bar,USDJPY,2025.09.23 05:45:00,0,
2025.09.23 06:19:59,scan_executed_new_execution_bar,USDJPY,2025.09.23 06:00:00,0,
2025.09.23 06:25:00,scan_skipped_same_execution_bar,USDJPY,2025.09.23 06:00:00,0,
2025.09.23 06:34:59,scan_executed_new_execution_bar,USDJPY,2025.09.23 06:15:00,0,
2025.09.23 06:39:59,scan_skipped_same_execution_bar,USDJPY,2025.09.23 06:15:00,0,
2025.09.23 06:49:59,scan_executed_new_execution_bar,USDJPY,2025.09.23 06:30:00,0,
2025.09.23 06:54:59,scan_skipped_same_execution_bar,USDJPY,2025.09.23 06:30:00,0,
2025.09.23 07:04:59,scan_executed_new_execution_bar,USDJPY,2025.09.23 06:45:00,0,
2025.09.23 07:09:59,scan_skipped_same_execution_bar,USDJPY,2025.09.23 06:45:00,0,
2025.09.23 07:19:58,scan_executed_new_execution_bar,USDJPY,2025.09.23 07:00:00,0,
2025.09.23 07:24:59,scan_skipped_same_execution_bar,USDJPY,2025.09.23 07:00:00,0,
2025.09.23 07:34:57,scan_executed_new_execution_bar,USDJPY,2025.09.23 07:15:00,0,
2025.09.23 07:39:59,scan_skipped_same_execution_bar,USDJPY,2025.09.23 07:15:00,0,
2025.09.23 07:49:59,scan_executed_new_execution_bar,USDJPY,2025.09.23 07:30:00,0,
2025.09.23 07:55:00,scan_skipped_same_execution_bar,USDJPY,2025.09.23 07:30:00,0,
2025.09.23 08:04:55,scan_executed_new_execution_bar,USDJPY,2025.09.23 07:45:00,0,
2025.09.23 08:09:59,scan_skipped_same_execution_bar,USDJPY,2025.09.23 07:45:00,0,
2025.09.23 08:19:59,scan_executed_new_execution_bar,USDJPY,2025.09.23 08:00:00,0,
2025.09.23 08:24:59,scan_skipped_same_execution_bar,USDJPY,2025.09.23 08:00:00,0,
2025.09.23 08:34:59,scan_executed_new_execution_bar,USDJPY,2025.09.23 08:15:00,0,
2025.09.23 08:39:59,scan_skipped_same_execution_bar,USDJPY,2025.09.23 08:15:00,0,
2025.09.23 08:49:59,scan_executed_new_execution_bar,USDJPY,2025.09.23 08:30:00,16,
2025.09.23 08:54:59,scan_skipped_same_execution_bar,USDJPY,2025.09.23 08:30:00,0,
2025.09.23 09:04:59,scan_executed_new_execution_bar,USDJPY,2025.09.23 08:45:00,15,
2025.09.23 09:09:59,scan_skipped_same_execution_bar,USDJPY,2025.09.23 08:45:00,0,
2025.09.23 09:19:59,scan_executed_new_execution_bar,USDJPY,2025.09.23 09:00:00,0,
2025.09.23 09:24:58,scan_skipped_same_execution_bar,USDJPY,2025.09.23 09:00:00,0,
2025.09.23 09:34:58,scan_executed_new_execution_bar,USDJPY,2025.09.23 09:15:00,16,
2025.09.23 09:39:59,scan_skipped_same_execution_bar,USDJPY,2025.09.23 09:15:00,0,
2025.09.23 09:49:59,scan_executed_new_execution_bar,USDJPY,2025.09.23 09:30:00,0,
2025.09.23 09:54:59,scan_skipped_same_execution_bar,USDJPY,2025.09.23 09:30:00,0,
2025.09.23 10:04:59,scan_executed_new_execution_bar,USDJPY,2025.09.23 09:45:00,0,
2025.09.23 10:09:59,scan_skipped_same_execution_bar,USDJPY,2025.09.23 09:45:00,0,
2025.09.23 10:19:59,scan_executed_new_execution_bar,USDJPY,2025.09.23 10:00:00,0,
2025.09.23 10:24:59,scan_skipped_same_execution_bar,USDJPY,2025.09.23 10:00:00,0,
2025.09.23 10:34:59,scan_executed_new_execution_bar,USDJPY,2025.09.23 10:15:00,0,
2025.09.23 10:40:00,scan_skipped_same_execution_bar,USDJPY,2025.09.23 10:15:00,0,
2025.09.23 10:49:59,scan_executed_new_execution_bar,USDJPY,2025.09.23 10:30:00,0,
2025.09.23 10:54:59,scan_skipped_same_execution_bar,USDJPY,2025.09.23 10:30:00,0,
2025.09.23 11:04:59,scan_executed_new_execution_bar,USDJPY,2025.09.23 10:45:00,0,
2025.09.23 11:09:59,scan_skipped_same_execution_bar,USDJPY,2025.09.23 10:45:00,0,
2025.09.23 11:19:59,scan_executed_new_execution_bar,USDJPY,2025.09.23 11:00:00,16,
2025.09.23 11:24:59,scan_skipped_same_execution_bar,USDJPY,2025.09.23 11:00:00,0,
2025.09.23 11:34:59,scan_executed_new_execution_bar,USDJPY,2025.09.23 11:15:00,15,
2025.09.23 11:39:59,scan_skipped_same_execution_bar,USDJPY,2025.09.23 11:15:00,0,
2025.09.23 11:49:59,scan_executed_new_execution_bar,USDJPY,2025.09.23 11:30:00,0,
2025.09.23 11:54:59,scan_skipped_same_execution_bar,USDJPY,2025.09.23 11:30:00,0,
2025.09.23 12:04:59,scan_executed_new_execution_bar,USDJPY,2025.09.23 11:45:00,0,
2025.09.23 12:09:59,scan_skipped_same_execution_bar,USDJPY,2025.09.23 11:45:00,0,
2025.09.23 12:19:59,scan_executed_new_execution_bar,USDJPY,2025.09.23 12:00:00,0,
2025.09.23 12:24:59,scan_skipped_same_execution_bar,USDJPY,2025.09.23 12:00:00,0,
2025.09.23 12:34:59,scan_executed_new_execution_bar,USDJPY,2025.09.23 12:15:00,0,
2025.09.23 12:39:59,scan_skipped_same_execution_bar,USDJPY,2025.09.23 12:15:00,0,
2025.09.23 12:49:59,scan_executed_new_execution_bar,USDJPY,2025.09.23 12:30:00,0,
2025.09.23 12:54:59,scan_skipped_same_execution_bar,USDJPY,2025.09.23 12:30:00,0,
2025.09.23 13:04:59,scan_executed_new_execution_bar,USDJPY,2025.09.23 12:45:00,0,
2025.09.23 13:09:59,scan_skipped_same_execution_bar,USDJPY,2025.09.23 12:45:00,0,
2025.09.23 13:19:59,scan_executed_new_execution_bar,USDJPY,2025.09.23 13:00:00,16,
2025.09.23 13:24:59,scan_skipped_same_execution_bar,USDJPY,2025.09.23 13:00:00,0,
2025.09.23 13:34:59,scan_executed_new_execution_bar,USDJPY,2025.09.23 13:15:00,0,
2025.09.23 13:39:59,scan_skipped_same_execution_bar,USDJPY,2025.09.23 13:15:00,0,
2025.09.23 13:49:59,scan_executed_new_execution_bar,USDJPY,2025.09.23 13:30:00,0,
2025.09.23 13:54:59,scan_skipped_same_execution_bar,USDJPY,2025.09.23 13:30:00,0,
2025.09.23 14:04:59,scan_executed_new_execution_bar,USDJPY,2025.09.23 13:45:00,16,
2025.09.23 14:09:59,scan_skipped_same_execution_bar,USDJPY,2025.09.23 13:45:00,0,
2025.09.23 14:19:58,scan_executed_new_execution_bar,USDJPY,2025.09.23 14:00:00,0,
2025.09.23 14:24:59,scan_skipped_same_execution_bar,USDJPY,2025.09.23 14:00:00,0,
2025.09.23 14:34:59,scan_executed_new_execution_bar,USDJPY,2025.09.23 14:15:00,0,
2025.09.23 14:39:59,scan_skipped_same_execution_bar,USDJPY,2025.09.23 14:15:00,0,
2025.09.23 14:49:59,scan_executed_new_execution_bar,USDJPY,2025.09.23 14:30:00,16,
2025.09.23 14:54:59,scan_skipped_same_execution_bar,USDJPY,2025.09.23 14:30:00,0,
2025.09.23 15:04:59,scan_executed_new_execution_bar,USDJPY,2025.09.23 14:45:00,0,
2025.09.23 15:09:59,scan_skipped_same_execution_bar,USDJPY,2025.09.23 14:45:00,0,
2025.09.23 15:19:59,scan_executed_new_execution_bar,USDJPY,2025.09.23 15:00:00,0,
2025.09.23 15:24:59,scan_skipped_same_execution_bar,USDJPY,2025.09.23 15:00:00,0,
2025.09.23 15:34:59,scan_executed_new_execution_bar,USDJPY,2025.09.23 15:15:00,0,
2025.09.23 15:39:59,scan_skipped_same_execution_bar,USDJPY,2025.09.23 15:15:00,0,
2025.09.23 15:49:59,scan_executed_new_execution_bar,USDJPY,2025.09.23 15:30:00,0,
2025.09.23 15:54:59,scan_skipped_same_execution_bar,USDJPY,2025.09.23 15:30:00,0,
2025.09.23 16:04:59,scan_executed_new_execution_bar,USDJPY,2025.09.23 15:45:00,0,
2025.09.23 16:09:59,scan_skipped_same_execution_bar,USDJPY,2025.09.23 15:45:00,0,
2025.09.23 16:19:59,scan_executed_new_execution_bar,USDJPY,2025.09.23 16:00:00,0,
2025.09.23 16:24:59,scan_skipped_same_execution_bar,USDJPY,2025.09.23 16:00:00,0,
2025.09.23 16:34:59,scan_executed_new_execution_bar,USDJPY,2025.09.23 16:15:00,0,
2025.09.23 16:39:59,scan_skipped_same_execution_bar,USDJPY,2025.09.23 16:15:00,0,
2025.09.23 16:50:00,scan_executed_new_execution_bar,USDJPY,2025.09.23 16:30:00,16,
2025.09.23 16:54:59,scan_skipped_same_execution_bar,USDJPY,2025.09.23 16:30:00,0,
2025.09.23 17:04:59,scan_executed_new_execution_bar,USDJPY,2025.09.23 16:45:00,15,
2025.09.23 17:09:59,scan_skipped_same_execution_bar,USDJPY,2025.09.23 16:45:00,0,
2025.09.23 17:19:59,scan_executed_new_execution_bar,USDJPY,2025.09.23 17:00:00,0,
2025.09.23 17:24:59,scan_skipped_same_execution_bar,USDJPY,2025.09.23 17:00:00,0,
2025.09.23 17:34:59,scan_executed_new_execution_bar,USDJPY,2025.09.23 17:15:00,0,
2025.09.23 17:39:59,scan_skipped_same_execution_bar,USDJPY,2025.09.23 17:15:00,0,
2025.09.23 17:49:59,scan_executed_new_execution_bar,USDJPY,2025.09.23 17:30:00,0,
2025.09.23 17:54:59,scan_skipped_same_execution_bar,USDJPY,2025.09.23 17:30:00,0,
2025.09.23 18:04:59,scan_executed_new_execution_bar,USDJPY,2025.09.23 17:45:00,0,
2025.09.23 18:09:59,scan_skipped_same_execution_bar,USDJPY,2025.09.23 17:45:00,0,
2025.09.23 18:19:59,scan_executed_new_execution_bar,USDJPY,2025.09.23 18:00:00,0,
2025.09.23 18:24:59,scan_skipped_same_execution_bar,USDJPY,2025.09.23 18:00:00,0,
2025.09.23 18:34:59,scan_executed_new_execution_bar,USDJPY,2025.09.23 18:15:00,0,
2025.09.23 18:39:59,scan_skipped_same_execution_bar,USDJPY,2025.09.23 18:15:00,0,
2025.09.23 18:49:59,scan_executed_new_execution_bar,USDJPY,2025.09.23 18:30:00,15,
2025.09.23 18:54:59,scan_skipped_same_execution_bar,USDJPY,2025.09.23 18:30:00,0,
2025.09.23 19:04:59,scan_executed_new_execution_bar,USDJPY,2025.09.23 18:45:00,0,
2025.09.23 19:09:59,scan_skipped_same_execution_bar,USDJPY,2025.09.23 18:45:00,0,
2025.09.23 19:20:00,scan_executed_new_execution_bar,USDJPY,2025.09.23 19:00:00,0,
2025.09.23 19:24:59,scan_skipped_same_execution_bar,USDJPY,2025.09.23 19:00:00,0,
2025.09.23 19:34:58,scan_executed_new_execution_bar,USDJPY,2025.09.23 19:15:00,16,
2025.09.23 19:39:59,scan_skipped_same_execution_bar,USDJPY,2025.09.23 19:15:00,0,
2025.09.23 19:50:00,scan_executed_new_execution_bar,USDJPY,2025.09.23 19:30:00,0,
2025.09.23 19:54:59,scan_skipped_same_execution_bar,USDJPY,2025.09.23 19:30:00,0,
2025.09.23 20:04:59,scan_executed_new_execution_bar,USDJPY,2025.09.23 19:45:00,16,
2025.09.23 20:09:59,scan_skipped_same_execution_bar,USDJPY,2025.09.23 19:45:00,0,
2025.09.23 20:19:59,scan_executed_new_execution_bar,USDJPY,2025.09.23 20:00:00,16,
2025.09.23 20:25:00,scan_skipped_same_execution_bar,USDJPY,2025.09.23 20:00:00,0,
2025.09.23 20:34:59,scan_executed_new_execution_bar,USDJPY,2025.09.23 20:15:00,16,
2025.09.23 20:39:59,scan_skipped_same_execution_bar,USDJPY,2025.09.23 20:15:00,0,
2025.09.23 20:49:59,scan_executed_new_execution_bar,USDJPY,2025.09.23 20:30:00,0,
2025.09.23 20:54:59,scan_skipped_same_execution_bar,USDJPY,2025.09.23 20:30:00,0,
2025.09.23 21:04:57,scan_executed_new_execution_bar,USDJPY,2025.09.23 20:45:00,16,
2025.09.23 21:09:59,scan_skipped_same_execution_bar,USDJPY,2025.09.23 20:45:00,0,
2025.09.23 21:19:59,scan_executed_new_execution_bar,USDJPY,2025.09.23 21:00:00,0,
2025.09.23 21:24:59,scan_skipped_same_execution_bar,USDJPY,2025.09.23 21:00:00,0,
2025.09.23 21:34:59,scan_executed_new_execution_bar,USDJPY,2025.09.23 21:15:00,0,
2025.09.23 21:40:00,scan_skipped_same_execution_bar,USDJPY,2025.09.23 21:15:00,0,
2025.09.23 21:49:58,scan_executed_new_execution_bar,USDJPY,2025.09.23 21:30:00,0,
2025.09.23 21:54:59,scan_skipped_same_execution_bar,USDJPY,2025.09.23 21:30:00,0,
2025.09.23 22:04:58,scan_executed_new_execution_bar,USDJPY,2025.09.23 21:45:00,0,
2025.09.23 22:09:59,scan_skipped_same_execution_bar,USDJPY,2025.09.23 21:45:00,0,
2025.09.23 22:19:59,scan_executed_new_execution_bar,USDJPY,2025.09.23 22:00:00,0,
2025.09.23 22:24:57,scan_skipped_same_execution_bar,USDJPY,2025.09.23 22:00:00,0,
2025.09.23 22:35:00,scan_executed_new_execution_bar,USDJPY,2025.09.23 22:15:00,0,
2025.09.23 22:39:59,scan_skipped_same_execution_bar,USDJPY,2025.09.23 22:15:00,0,
2025.09.23 22:50:00,scan_executed_new_execution_bar,USDJPY,2025.09.23 22:30:00,0,
2025.09.23 22:54:59,scan_skipped_same_execution_bar,USDJPY,2025.09.23 22:30:00,0,
2025.09.23 23:04:59,scan_executed_new_execution_bar,USDJPY,2025.09.23 22:45:00,16,
2025.09.23 23:10:00,scan_skipped_same_execution_bar,USDJPY,2025.09.23 22:45:00,0,
2025.09.23 23:19:59,scan_executed_new_execution_bar,USDJPY,2025.09.23 23:00:00,0,
2025.09.23 23:24:58,scan_skipped_same_execution_bar,USDJPY,2025.09.23 23:00:00,0,
2025.09.23 23:34:59,scan_executed_new_execution_bar,USDJPY,2025.09.23 23:15:00,0,
2025.09.23 23:39:57,scan_skipped_same_execution_bar,USDJPY,2025.09.23 23:15:00,0,
2025.09.23 23:49:59,scan_executed_new_execution_bar,USDJPY,2025.09.23 23:30:00,0,
2025.09.23 23:54:59,scan_skipped_same_execution_bar,USDJPY,2025.09.23 23:30:00,0,
2025.09.24 00:04:52,scan_executed_new_execution_bar,USDJPY,2025.09.23 23:45:00,0,
2025.09.24 00:09:58,scan_skipped_same_execution_bar,USDJPY,2025.09.23 23:45:00,0,
2025.09.24 00:19:54,scan_executed_new_execution_bar,USDJPY,2025.09.24 00:00:00,0,
2025.09.24 00:24:59,scan_skipped_same_execution_bar,USDJPY,2025.09.24 00:00:00,0,
2025.09.24 00:34:59,scan_executed_new_execution_bar,USDJPY,2025.09.24 00:15:00,0,
2025.09.24 00:39:59,scan_skipped_same_execution_bar,USDJPY,2025.09.24 00:15:00,0,
2025.09.24 00:49:59,scan_executed_new_execution_bar,USDJPY,2025.09.24 00:30:00,0,
2025.09.24 00:55:00,scan_skipped_same_execution_bar,USDJPY,2025.09.24 00:30:00,0,
2025.09.24 01:04:59,scan_executed_new_execution_bar,USDJPY,2025.09.24 00:45:00,16,
2025.09.24 01:09:59,scan_skipped_same_execution_bar,USDJPY,2025.09.24 00:45:00,0,
2025.09.24 01:19:59,scan_executed_new_execution_bar,USDJPY,2025.09.24 01:00:00,0,
2025.09.24 01:24:59,scan_skipped_same_execution_bar,USDJPY,2025.09.24 01:00:00,0,
2025.09.24 01:35:00,scan_executed_new_execution_bar,USDJPY,2025.09.24 01:15:00,0,
2025.09.24 01:39:59,scan_skipped_same_execution_bar,USDJPY,2025.09.24 01:15:00,0,
2025.09.24 01:49:59,scan_executed_new_execution_bar,USDJPY,2025.09.24 01:30:00,0,
2025.09.24 01:54:59,scan_skipped_same_execution_bar,USDJPY,2025.09.24 01:30:00,0,
2025.09.24 02:04:59,scan_executed_new_execution_bar,USDJPY,2025.09.24 01:45:00,0,
2025.09.24 02:09:59,scan_skipped_same_execution_bar,USDJPY,2025.09.24 01:45:00,0,
2025.09.24 02:19:59,scan_executed_new_execution_bar,USDJPY,2025.09.24 02:00:00,16,
2025.09.24 02:24:58,scan_skipped_same_execution_bar,USDJPY,2025.09.24 02:00:00,0,
2025.09.24 02:34:59,scan_executed_new_execution_bar,USDJPY,2025.09.24 02:15:00,15,
2025.09.24 02:39:59,scan_skipped_same_execution_bar,USDJPY,2025.09.24 02:15:00,0,
2025.09.24 02:49:57,scan_executed_new_execution_bar,USDJPY,2025.09.24 02:30:00,0,
2025.09.24 02:54:59,scan_skipped_same_execution_bar,USDJPY,2025.09.24 02:30:00,0,
2025.09.24 03:04:59,scan_executed_new_execution_bar,USDJPY,2025.09.24 02:45:00,16,
2025.09.24 03:09:59,scan_skipped_same_execution_bar,USDJPY,2025.09.24 02:45:00,0,
2025.09.24 03:19:59,scan_executed_new_execution_bar,USDJPY,2025.09.24 03:00:00,15,
2025.09.24 03:24:59,scan_skipped_same_execution_bar,USDJPY,2025.09.24 03:00:00,0,
2025.09.24 03:34:58,scan_executed_new_execution_bar,USDJPY,2025.09.24 03:15:00,0,
2025.09.24 03:39:59,scan_skipped_same_execution_bar,USDJPY,2025.09.24 03:15:00,0,
2025.09.24 03:49:59,scan_executed_new_execution_bar,USDJPY,2025.09.24 03:30:00,0,
2025.09.24 03:54:59,scan_skipped_same_execution_bar,USDJPY,2025.09.24 03:30:00,0,
2025.09.24 04:04:59,scan_executed_new_execution_bar,USDJPY,2025.09.24 03:45:00,15,
2025.09.24 04:09:59,scan_skipped_same_execution_bar,USDJPY,2025.09.24 03:45:00,0,
2025.09.24 04:19:59,scan_executed_new_execution_bar,USDJPY,2025.09.24 04:00:00,0,
2025.09.24 04:24:59,scan_skipped_same_execution_bar,USDJPY,2025.09.24 04:00:00,0,
2025.09.24 04:34:59,scan_executed_new_execution_bar,USDJPY,2025.09.24 04:15:00,15,
2025.09.24 04:39:59,scan_skipped_same_execution_bar,USDJPY,2025.09.24 04:15:00,0,
2025.09.24 04:49:59,scan_executed_new_execution_bar,USDJPY,2025.09.24 04:30:00,16,
2025.09.24 04:54:59,scan_skipped_same_execution_bar,USDJPY,2025.09.24 04:30:00,0,
2025.09.24 05:04:59,scan_executed_new_execution_bar,USDJPY,2025.09.24 04:45:00,0,
2025.09.24 05:09:55,scan_skipped_same_execution_bar,USDJPY,2025.09.24 04:45:00,0,
2025.09.24 05:19:59,scan_executed_new_execution_bar,USDJPY,2025.09.24 05:00:00,15,
2025.09.24 05:24:59,scan_skipped_same_execution_bar,USDJPY,2025.09.24 05:00:00,0,
2025.09.24 05:34:59,scan_executed_new_execution_bar,USDJPY,2025.09.24 05:15:00,0,
2025.09.24 05:39:59,scan_skipped_same_execution_bar,USDJPY,2025.09.24 05:15:00,0,
2025.09.24 05:49:59,scan_executed_new_execution_bar,USDJPY,2025.09.24 05:30:00,0,
2025.09.24 05:54:59,scan_skipped_same_execution_bar,USDJPY,2025.09.24 05:30:00,0,
2025.09.24 06:04:59,scan_executed_new_execution_bar,USDJPY,2025.09.24 05:45:00,0,
2025.09.24 06:10:00,scan_skipped_same_execution_bar,USDJPY,2025.09.24 05:45:00,0,
2025.09.24 06:19:59,scan_executed_new_execution_bar,USDJPY,2025.09.24 06:00:00,0,
2025.09.24 06:24:59,scan_skipped_same_execution_bar,USDJPY,2025.09.24 06:00:00,0,
2025.09.24 06:34:59,scan_executed_new_execution_bar,USDJPY,2025.09.24 06:15:00,0,
2025.09.24 06:39:59,scan_skipped_same_execution_bar,USDJPY,2025.09.24 06:15:00,0,
2025.09.24 06:49:59,scan_executed_new_execution_bar,USDJPY,2025.09.24 06:30:00,0,
2025.09.24 06:54:59,scan_skipped_same_execution_bar,USDJPY,2025.09.24 06:30:00,0,
2025.09.24 07:04:59,scan_executed_new_execution_bar,USDJPY,2025.09.24 06:45:00,0,
2025.09.24 07:09:59,scan_skipped_same_execution_bar,USDJPY,2025.09.24 06:45:00,0,
2025.09.24 07:19:57,scan_executed_new_execution_bar,USDJPY,2025.09.24 07:00:00,0,
2025.09.24 07:24:59,scan_skipped_same_execution_bar,USDJPY,2025.09.24 07:00:00,0,
2025.09.24 07:34:59,scan_executed_new_execution_bar,USDJPY,2025.09.24 07:15:00,0,
2025.09.24 07:39:59,scan_skipped_same_execution_bar,USDJPY,2025.09.24 07:15:00,0,
2025.09.24 07:49:58,scan_executed_new_execution_bar,USDJPY,2025.09.24 07:30:00,16,
2025.09.24 07:54:59,scan_skipped_same_execution_bar,USDJPY,2025.09.24 07:30:00,0,
2025.09.24 08:04:59,scan_executed_new_execution_bar,USDJPY,2025.09.24 07:45:00,31,
2025.09.24 08:09:59,scan_skipped_same_execution_bar,USDJPY,2025.09.24 07:45:00,0,
2025.09.24 08:19:59,scan_executed_new_execution_bar,USDJPY,2025.09.24 08:00:00,15,
2025.09.24 08:24:58,scan_skipped_same_execution_bar,USDJPY,2025.09.24 08:00:00,0,
2025.09.24 08:34:59,scan_executed_new_execution_bar,USDJPY,2025.09.24 08:15:00,32,
2025.09.24 08:39:59,scan_skipped_same_execution_bar,USDJPY,2025.09.24 08:15:00,0,
2025.09.24 08:49:59,scan_executed_new_execution_bar,USDJPY,2025.09.24 08:30:00,0,
2025.09.24 08:54:59,scan_skipped_same_execution_bar,USDJPY,2025.09.24 08:30:00,0,
2025.09.24 09:04:59,scan_executed_new_execution_bar,USDJPY,2025.09.24 08:45:00,16,
2025.09.24 09:09:59,scan_skipped_same_execution_bar,USDJPY,2025.09.24 08:45:00,0,
2025.09.24 09:19:59,scan_executed_new_execution_bar,USDJPY,2025.09.24 09:00:00,0,
2025.09.24 09:24:59,scan_skipped_same_execution_bar,USDJPY,2025.09.24 09:00:00,0,
2025.09.24 09:34:59,scan_executed_new_execution_bar,USDJPY,2025.09.24 09:15:00,0,
2025.09.24 09:39:59,scan_skipped_same_execution_bar,USDJPY,2025.09.24 09:15:00,0,
2025.09.24 09:49:59,scan_executed_new_execution_bar,USDJPY,2025.09.24 09:30:00,16,
2025.09.24 09:54:59,scan_skipped_same_execution_bar,USDJPY,2025.09.24 09:30:00,0,
2025.09.24 10:04:59,scan_executed_new_execution_bar,USDJPY,2025.09.24 09:45:00,0,
2025.09.24 10:09:59,scan_skipped_same_execution_bar,USDJPY,2025.09.24 09:45:00,0,
2025.09.24 10:19:59,scan_executed_new_execution_bar,USDJPY,2025.09.24 10:00:00,0,
2025.09.24 10:24:59,scan_skipped_same_execution_bar,USDJPY,2025.09.24 10:00:00,0,
2025.09.24 10:34:59,scan_executed_new_execution_bar,USDJPY,2025.09.24 10:15:00,15,
2025.09.24 10:39:59,scan_skipped_same_execution_bar,USDJPY,2025.09.24 10:15:00,0,
2025.09.24 10:49:59,scan_executed_new_execution_bar,USDJPY,2025.09.24 10:30:00,0,
2025.09.24 10:54:59,scan_skipped_same_execution_bar,USDJPY,2025.09.24 10:30:00,0,
2025.09.24 11:04:59,scan_executed_new_execution_bar,USDJPY,2025.09.24 10:45:00,16,
2025.09.24 11:09:59,scan_skipped_same_execution_bar,USDJPY,2025.09.24 10:45:00,0,
2025.09.24 11:19:59,scan_executed_new_execution_bar,USDJPY,2025.09.24 11:00:00,0,
2025.09.24 11:24:59,scan_skipped_same_execution_bar,USDJPY,2025.09.24 11:00:00,0,
2025.09.24 11:34:59,scan_executed_new_execution_bar,USDJPY,2025.09.24 11:15:00,0,
2025.09.24 11:39:59,scan_skipped_same_execution_bar,USDJPY,2025.09.24 11:15:00,0,
2025.09.24 11:50:00,scan_executed_new_execution_bar,USDJPY,2025.09.24 11:30:00,0,
2025.09.24 11:54:59,scan_skipped_same_execution_bar,USDJPY,2025.09.24 11:30:00,0,
2025.09.24 12:04:59,scan_executed_new_execution_bar,USDJPY,2025.09.24 11:45:00,16,
2025.09.24 12:09:59,scan_skipped_same_execution_bar,USDJPY,2025.09.24 11:45:00,0,
2025.09.24 12:19:59,scan_executed_new_execution_bar,USDJPY,2025.09.24 12:00:00,0,
2025.09.24 12:24:59,scan_skipped_same_execution_bar,USDJPY,2025.09.24 12:00:00,0,
2025.09.24 12:34:59,scan_executed_new_execution_bar,USDJPY,2025.09.24 12:15:00,0,
2025.09.24 12:39:59,scan_skipped_same_execution_bar,USDJPY,2025.09.24 12:15:00,0,
2025.09.24 12:49:59,scan_executed_new_execution_bar,USDJPY,2025.09.24 12:30:00,0,
2025.09.24 12:54:59,scan_skipped_same_execution_bar,USDJPY,2025.09.24 12:30:00,0,
2025.09.24 13:04:59,scan_executed_new_execution_bar,USDJPY,2025.09.24 12:45:00,0,
2025.09.24 13:09:59,scan_skipped_same_execution_bar,USDJPY,2025.09.24 12:45:00,0,
2025.09.24 13:19:59,scan_executed_new_execution_bar,USDJPY,2025.09.24 13:00:00,0,
2025.09.24 13:24:59,scan_skipped_same_execution_bar,USDJPY,2025.09.24 13:00:00,0,
2025.09.24 13:34:58,scan_executed_new_execution_bar,USDJPY,2025.09.24 13:15:00,0,
2025.09.24 13:39:58,scan_skipped_same_execution_bar,USDJPY,2025.09.24 13:15:00,0,
2025.09.24 13:49:59,scan_executed_new_execution_bar,USDJPY,2025.09.24 13:30:00,0,
2025.09.24 13:54:59,scan_skipped_same_execution_bar,USDJPY,2025.09.24 13:30:00,0,
2025.09.24 14:04:59,scan_executed_new_execution_bar,USDJPY,2025.09.24 13:45:00,0,
2025.09.24 14:09:58,scan_skipped_same_execution_bar,USDJPY,2025.09.24 13:45:00,0,
2025.09.24 14:19:59,scan_executed_new_execution_bar,USDJPY,2025.09.24 14:00:00,0,
2025.09.24 14:24:59,scan_skipped_same_execution_bar,USDJPY,2025.09.24 14:00:00,0,
2025.09.24 14:34:58,scan_executed_new_execution_bar,USDJPY,2025.09.24 14:15:00,0,
2025.09.24 14:39:59,scan_skipped_same_execution_bar,USDJPY,2025.09.24 14:15:00,0,
2025.09.24 14:49:59,scan_executed_new_execution_bar,USDJPY,2025.09.24 14:30:00,0,
2025.09.24 14:54:59,scan_skipped_same_execution_bar,USDJPY,2025.09.24 14:30:00,0,
2025.09.24 15:04:59,scan_executed_new_execution_bar,USDJPY,2025.09.24 14:45:00,0,
2025.09.24 15:09:59,scan_skipped_same_execution_bar,USDJPY,2025.09.24 14:45:00,0,
2025.09.24 15:19:59,scan_executed_new_execution_bar,USDJPY,2025.09.24 15:00:00,0,
2025.09.24 15:24:59,scan_skipped_same_execution_bar,USDJPY,2025.09.24 15:00:00,0,
2025.09.24 15:34:59,scan_executed_new_execution_bar,USDJPY,2025.09.24 15:15:00,0,
2025.09.24 15:39:59,scan_skipped_same_execution_bar,USDJPY,2025.09.24 15:15:00,0,
2025.09.24 15:49:59,scan_executed_new_execution_bar,USDJPY,2025.09.24 15:30:00,0,
2025.09.24 15:54:59,scan_skipped_same_execution_bar,USDJPY,2025.09.24 15:30:00,0,
2025.09.24 16:04:59,scan_executed_new_execution_bar,USDJPY,2025.09.24 15:45:00,0,
2025.09.24 16:09:59,scan_skipped_same_execution_bar,USDJPY,2025.09.24 15:45:00,0,
2025.09.24 16:19:59,scan_executed_new_execution_bar,USDJPY,2025.09.24 16:00:00,0,
2025.09.24 16:24:59,scan_skipped_same_execution_bar,USDJPY,2025.09.24 16:00:00,0,
2025.09.24 16:34:59,scan_executed_new_execution_bar,USDJPY,2025.09.24 16:15:00,0,
2025.09.24 16:39:59,scan_skipped_same_execution_bar,USDJPY,2025.09.24 16:15:00,0,
2025.09.24 16:49:59,scan_executed_new_execution_bar,USDJPY,2025.09.24 16:30:00,0,
2025.09.24 16:54:59,scan_skipped_same_execution_bar,USDJPY,2025.09.24 16:30:00,0,
2025.09.24 17:04:59,scan_executed_new_execution_bar,USDJPY,2025.09.24 16:45:00,0,
2025.09.24 17:09:59,scan_skipped_same_execution_bar,USDJPY,2025.09.24 16:45:00,0,
2025.09.24 17:19:59,scan_executed_new_execution_bar,USDJPY,2025.09.24 17:00:00,0,
2025.09.24 17:24:59,scan_skipped_same_execution_bar,USDJPY,2025.09.24 17:00:00,0,
2025.09.24 17:34:59,scan_executed_new_execution_bar,USDJPY,2025.09.24 17:15:00,31,
2025.09.24 17:39:59,scan_skipped_same_execution_bar,USDJPY,2025.09.24 17:15:00,0,
2025.09.24 17:49:59,scan_executed_new_execution_bar,USDJPY,2025.09.24 17:30:00,16,
2025.09.24 17:54:59,scan_skipped_same_execution_bar,USDJPY,2025.09.24 17:30:00,0,
2025.09.24 18:04:59,scan_executed_new_execution_bar,USDJPY,2025.09.24 17:45:00,0,
2025.09.24 18:09:59,scan_skipped_same_execution_bar,USDJPY,2025.09.24 17:45:00,0,
2025.09.24 18:19:58,scan_executed_new_execution_bar,USDJPY,2025.09.24 18:00:00,0,
2025.09.24 18:24:59,scan_skipped_same_execution_bar,USDJPY,2025.09.24 18:00:00,0,
2025.09.24 18:34:59,scan_executed_new_execution_bar,USDJPY,2025.09.24 18:15:00,0,
2025.09.24 18:39:59,scan_skipped_same_execution_bar,USDJPY,2025.09.24 18:15:00,0,
2025.09.24 18:49:59,scan_executed_new_execution_bar,USDJPY,2025.09.24 18:30:00,0,
2025.09.24 18:54:59,scan_skipped_same_execution_bar,USDJPY,2025.09.24 18:30:00,0,
2025.09.24 19:04:59,scan_executed_new_execution_bar,USDJPY,2025.09.24 18:45:00,0,
2025.09.24 19:09:59,scan_skipped_same_execution_bar,USDJPY,2025.09.24 18:45:00,0,
2025.09.24 19:19:59,scan_executed_new_execution_bar,USDJPY,2025.09.24 19:00:00,0,
2025.09.24 19:24:59,scan_skipped_same_execution_bar,USDJPY,2025.09.24 19:00:00,0,
2025.09.24 19:34:59,scan_executed_new_execution_bar,USDJPY,2025.09.24 19:15:00,0,
2025.09.24 19:39:59,scan_skipped_same_execution_bar,USDJPY,2025.09.24 19:15:00,0,
2025.09.24 19:49:58,scan_executed_new_execution_bar,USDJPY,2025.09.24 19:30:00,16,
2025.09.24 19:54:59,scan_skipped_same_execution_bar,USDJPY,2025.09.24 19:30:00,0,
2025.09.24 20:04:59,scan_executed_new_execution_bar,USDJPY,2025.09.24 19:45:00,0,
2025.09.24 20:09:58,scan_skipped_same_execution_bar,USDJPY,2025.09.24 19:45:00,0,
2025.09.24 20:19:59,scan_executed_new_execution_bar,USDJPY,2025.09.24 20:00:00,16,
2025.09.24 20:24:58,scan_skipped_same_execution_bar,USDJPY,2025.09.24 20:00:00,0,
2025.09.24 20:34:59,scan_executed_new_execution_bar,USDJPY,2025.09.24 20:15:00,0,
2025.09.24 20:39:59,scan_skipped_same_execution_bar,USDJPY,2025.09.24 20:15:00,0,
2025.09.24 20:49:59,scan_executed_new_execution_bar,USDJPY,2025.09.24 20:30:00,0,
2025.09.24 20:54:58,scan_skipped_same_execution_bar,USDJPY,2025.09.24 20:30:00,0,
2025.09.24 21:04:59,scan_executed_new_execution_bar,USDJPY,2025.09.24 20:45:00,15,
2025.09.24 21:09:59,scan_skipped_same_execution_bar,USDJPY,2025.09.24 20:45:00,0,
2025.09.24 21:19:59,scan_executed_new_execution_bar,USDJPY,2025.09.24 21:00:00,0,
2025.09.24 21:24:59,scan_skipped_same_execution_bar,USDJPY,2025.09.24 21:00:00,0,
2025.09.24 21:34:57,scan_executed_new_execution_bar,USDJPY,2025.09.24 21:15:00,0,
2025.09.24 21:39:59,scan_skipped_same_execution_bar,USDJPY,2025.09.24 21:15:00,0,
2025.09.24 21:50:00,scan_executed_new_execution_bar,USDJPY,2025.09.24 21:30:00,0,
2025.09.24 21:54:59,scan_skipped_same_execution_bar,USDJPY,2025.09.24 21:30:00,0,
2025.09.24 22:04:59,scan_executed_new_execution_bar,USDJPY,2025.09.24 21:45:00,0,
2025.09.24 22:09:59,scan_skipped_same_execution_bar,USDJPY,2025.09.24 21:45:00,0,
2025.09.24 22:19:58,scan_executed_new_execution_bar,USDJPY,2025.09.24 22:00:00,0,
2025.09.24 22:24:59,scan_skipped_same_execution_bar,USDJPY,2025.09.24 22:00:00,0,
2025.09.24 22:34:58,scan_executed_new_execution_bar,USDJPY,2025.09.24 22:15:00,0,
2025.09.24 22:39:59,scan_skipped_same_execution_bar,USDJPY,2025.09.24 22:15:00,0,
2025.09.24 22:49:58,scan_executed_new_execution_bar,USDJPY,2025.09.24 22:30:00,0,
2025.09.24 22:54:59,scan_skipped_same_execution_bar,USDJPY,2025.09.24 22:30:00,0,
2025.09.24 23:04:58,scan_executed_new_execution_bar,USDJPY,2025.09.24 22:45:00,0,
2025.09.24 23:09:59,scan_skipped_same_execution_bar,USDJPY,2025.09.24 22:45:00,0,
2025.09.24 23:19:59,scan_executed_new_execution_bar,USDJPY,2025.09.24 23:00:00,0,
2025.09.24 23:24:59,scan_skipped_same_execution_bar,USDJPY,2025.09.24 23:00:00,0,
2025.09.24 23:34:59,scan_executed_new_execution_bar,USDJPY,2025.09.24 23:15:00,0,
2025.09.24 23:39:59,scan_skipped_same_execution_bar,USDJPY,2025.09.24 23:15:00,0,
2025.09.24 23:49:59,scan_executed_new_execution_bar,USDJPY,2025.09.24 23:30:00,0,
2025.09.24 23:54:58,scan_skipped_same_execution_bar,USDJPY,2025.09.24 23:30:00,0,
2025.09.25 00:04:52,scan_executed_new_execution_bar,USDJPY,2025.09.24 23:45:00,0,
2025.09.25 00:09:45,scan_skipped_same_execution_bar,USDJPY,2025.09.24 23:45:00,0,
2025.09.25 00:19:52,scan_executed_new_execution_bar,USDJPY,2025.09.25 00:00:00,0,
2025.09.25 00:24:59,scan_skipped_same_execution_bar,USDJPY,2025.09.25 00:00:00,0,
2025.09.25 00:34:59,scan_executed_new_execution_bar,USDJPY,2025.09.25 00:15:00,0,
2025.09.25 00:39:59,scan_skipped_same_execution_bar,USDJPY,2025.09.25 00:15:00,0,
2025.09.25 00:49:59,scan_executed_new_execution_bar,USDJPY,2025.09.25 00:30:00,0,
2025.09.25 00:54:59,scan_skipped_same_execution_bar,USDJPY,2025.09.25 00:30:00,0,
2025.09.25 01:04:59,scan_executed_new_execution_bar,USDJPY,2025.09.25 00:45:00,0,
2025.09.25 01:09:59,scan_skipped_same_execution_bar,USDJPY,2025.09.25 00:45:00,0,
2025.09.25 01:19:59,scan_executed_new_execution_bar,USDJPY,2025.09.25 01:00:00,0,
2025.09.25 01:24:59,scan_skipped_same_execution_bar,USDJPY,2025.09.25 01:00:00,0,
2025.09.25 01:34:59,scan_executed_new_execution_bar,USDJPY,2025.09.25 01:15:00,0,
2025.09.25 01:39:59,scan_skipped_same_execution_bar,USDJPY,2025.09.25 01:15:00,0,
2025.09.25 01:49:59,scan_executed_new_execution_bar,USDJPY,2025.09.25 01:30:00,0,
2025.09.25 01:54:59,scan_skipped_same_execution_bar,USDJPY,2025.09.25 01:30:00,0,
2025.09.25 02:04:59,scan_executed_new_execution_bar,USDJPY,2025.09.25 01:45:00,0,
2025.09.25 02:09:59,scan_skipped_same_execution_bar,USDJPY,2025.09.25 01:45:00,0,
2025.09.25 02:19:59,scan_executed_new_execution_bar,USDJPY,2025.09.25 02:00:00,16,
2025.09.25 02:24:56,scan_skipped_same_execution_bar,USDJPY,2025.09.25 02:00:00,0,
2025.09.25 02:34:59,scan_executed_new_execution_bar,USDJPY,2025.09.25 02:15:00,15,
2025.09.25 02:39:59,scan_skipped_same_execution_bar,USDJPY,2025.09.25 02:15:00,0,
2025.09.25 02:49:59,scan_executed_new_execution_bar,USDJPY,2025.09.25 02:30:00,0,
2025.09.25 02:54:59,scan_skipped_same_execution_bar,USDJPY,2025.09.25 02:30:00,0,
2025.09.25 03:04:59,scan_executed_new_execution_bar,USDJPY,2025.09.25 02:45:00,15,
2025.09.25 03:09:59,scan_skipped_same_execution_bar,USDJPY,2025.09.25 02:45:00,0,
2025.09.25 03:19:57,scan_executed_new_execution_bar,USDJPY,2025.09.25 03:00:00,0,
2025.09.25 03:24:59,scan_skipped_same_execution_bar,USDJPY,2025.09.25 03:00:00,0,
2025.09.25 03:34:59,scan_executed_new_execution_bar,USDJPY,2025.09.25 03:15:00,16,
2025.09.25 03:39:59,scan_skipped_same_execution_bar,USDJPY,2025.09.25 03:15:00,0,
2025.09.25 03:49:59,scan_executed_new_execution_bar,USDJPY,2025.09.25 03:30:00,0,
2025.09.25 03:54:59,scan_skipped_same_execution_bar,USDJPY,2025.09.25 03:30:00,0,
2025.09.25 04:05:00,scan_executed_new_execution_bar,USDJPY,2025.09.25 03:45:00,0,
2025.09.25 04:09:59,scan_skipped_same_execution_bar,USDJPY,2025.09.25 03:45:00,0,
2025.09.25 04:19:59,scan_executed_new_execution_bar,USDJPY,2025.09.25 04:00:00,0,
2025.09.25 04:24:59,scan_skipped_same_execution_bar,USDJPY,2025.09.25 04:00:00,0,
2025.09.25 04:34:59,scan_executed_new_execution_bar,USDJPY,2025.09.25 04:15:00,15,
2025.09.25 04:39:59,scan_skipped_same_execution_bar,USDJPY,2025.09.25 04:15:00,0,
2025.09.25 04:49:59,scan_executed_new_execution_bar,USDJPY,2025.09.25 04:30:00,0,
2025.09.25 04:54:59,scan_skipped_same_execution_bar,USDJPY,2025.09.25 04:30:00,0,
2025.09.25 05:04:59,scan_executed_new_execution_bar,USDJPY,2025.09.25 04:45:00,15,
2025.09.25 05:09:59,scan_skipped_same_execution_bar,USDJPY,2025.09.25 04:45:00,0,
2025.09.25 05:19:59,scan_executed_new_execution_bar,USDJPY,2025.09.25 05:00:00,0,
2025.09.25 05:25:00,scan_skipped_same_execution_bar,USDJPY,2025.09.25 05:00:00,0,
2025.09.25 05:34:59,scan_executed_new_execution_bar,USDJPY,2025.09.25 05:15:00,0,
2025.09.25 05:39:59,scan_skipped_same_execution_bar,USDJPY,2025.09.25 05:15:00,0,
2025.09.25 05:49:59,scan_executed_new_execution_bar,USDJPY,2025.09.25 05:30:00,0,
2025.09.25 05:54:59,scan_skipped_same_execution_bar,USDJPY,2025.09.25 05:30:00,0,
2025.09.25 06:04:59,scan_executed_new_execution_bar,USDJPY,2025.09.25 05:45:00,0,
2025.09.25 06:09:58,scan_skipped_same_execution_bar,USDJPY,2025.09.25 05:45:00,0,
2025.09.25 06:19:59,scan_executed_new_execution_bar,USDJPY,2025.09.25 06:00:00,16,
2025.09.25 06:25:00,scan_skipped_same_execution_bar,USDJPY,2025.09.25 06:00:00,0,
2025.09.25 06:34:59,scan_executed_new_execution_bar,USDJPY,2025.09.25 06:15:00,15,
2025.09.25 06:39:59,scan_skipped_same_execution_bar,USDJPY,2025.09.25 06:15:00,0,
2025.09.25 06:49:59,scan_executed_new_execution_bar,USDJPY,2025.09.25 06:30:00,0,
2025.09.25 06:54:59,scan_skipped_same_execution_bar,USDJPY,2025.09.25 06:30:00,0,
2025.09.25 07:04:59,scan_executed_new_execution_bar,USDJPY,2025.09.25 06:45:00,0,
2025.09.25 07:09:59,scan_skipped_same_execution_bar,USDJPY,2025.09.25 06:45:00,0,
2025.09.25 07:20:00,scan_executed_new_execution_bar,USDJPY,2025.09.25 07:00:00,0,
2025.09.25 07:24:59,scan_skipped_same_execution_bar,USDJPY,2025.09.25 07:00:00,0,
2025.09.25 07:34:59,scan_executed_new_execution_bar,USDJPY,2025.09.25 07:15:00,0,
2025.09.25 07:39:57,scan_skipped_same_execution_bar,USDJPY,2025.09.25 07:15:00,0,
2025.09.25 07:49:59,scan_executed_new_execution_bar,USDJPY,2025.09.25 07:30:00,0,
2025.09.25 07:54:59,scan_skipped_same_execution_bar,USDJPY,2025.09.25 07:30:00,0,
2025.09.25 08:04:59,scan_executed_new_execution_bar,USDJPY,2025.09.25 07:45:00,0,
2025.09.25 08:09:59,scan_skipped_same_execution_bar,USDJPY,2025.09.25 07:45:00,0,
2025.09.25 08:20:00,scan_executed_new_execution_bar,USDJPY,2025.09.25 08:00:00,0,
2025.09.25 08:24:58,scan_skipped_same_execution_bar,USDJPY,2025.09.25 08:00:00,0,
2025.09.25 08:34:59,scan_executed_new_execution_bar,USDJPY,2025.09.25 08:15:00,0,
2025.09.25 08:39:59,scan_skipped_same_execution_bar,USDJPY,2025.09.25 08:15:00,0,
2025.09.25 08:49:59,scan_executed_new_execution_bar,USDJPY,2025.09.25 08:30:00,0,
2025.09.25 08:54:57,scan_skipped_same_execution_bar,USDJPY,2025.09.25 08:30:00,0,
2025.09.25 09:04:59,scan_executed_new_execution_bar,USDJPY,2025.09.25 08:45:00,0,
2025.09.25 09:09:59,scan_skipped_same_execution_bar,USDJPY,2025.09.25 08:45:00,0,
2025.09.25 09:20:00,scan_executed_new_execution_bar,USDJPY,2025.09.25 09:00:00,0,
2025.09.25 09:25:00,scan_skipped_same_execution_bar,USDJPY,2025.09.25 09:00:00,0,
2025.09.25 09:34:59,scan_executed_new_execution_bar,USDJPY,2025.09.25 09:15:00,0,
2025.09.25 09:39:59,scan_skipped_same_execution_bar,USDJPY,2025.09.25 09:15:00,0,
2025.09.25 09:49:59,scan_executed_new_execution_bar,USDJPY,2025.09.25 09:30:00,0,
2025.09.25 09:55:00,scan_skipped_same_execution_bar,USDJPY,2025.09.25 09:30:00,0,
2025.09.25 10:04:59,scan_executed_new_execution_bar,USDJPY,2025.09.25 09:45:00,0,
2025.09.25 10:09:59,scan_skipped_same_execution_bar,USDJPY,2025.09.25 09:45:00,0,
2025.09.25 10:19:59,scan_executed_new_execution_bar,USDJPY,2025.09.25 10:00:00,16,
2025.09.25 10:24:59,scan_skipped_same_execution_bar,USDJPY,2025.09.25 10:00:00,0,
2025.09.25 10:34:59,scan_executed_new_execution_bar,USDJPY,2025.09.25 10:15:00,0,
2025.09.25 10:39:59,scan_skipped_same_execution_bar,USDJPY,2025.09.25 10:15:00,0,
2025.09.25 10:49:59,scan_executed_new_execution_bar,USDJPY,2025.09.25 10:30:00,0,
2025.09.25 10:54:59,scan_skipped_same_execution_bar,USDJPY,2025.09.25 10:30:00,0,
2025.09.25 11:04:59,scan_executed_new_execution_bar,USDJPY,2025.09.25 10:45:00,0,
2025.09.25 11:09:59,scan_skipped_same_execution_bar,USDJPY,2025.09.25 10:45:00,0,
2025.09.25 11:19:59,scan_executed_new_execution_bar,USDJPY,2025.09.25 11:00:00,0,
2025.09.25 11:24:59,scan_skipped_same_execution_bar,USDJPY,2025.09.25 11:00:00,0,
2025.09.25 11:34:59,scan_executed_new_execution_bar,USDJPY,2025.09.25 11:15:00,0,
2025.09.25 11:39:59,scan_skipped_same_execution_bar,USDJPY,2025.09.25 11:15:00,0,
2025.09.25 11:49:59,scan_executed_new_execution_bar,USDJPY,2025.09.25 11:30:00,0,
2025.09.25 11:54:59,scan_skipped_same_execution_bar,USDJPY,2025.09.25 11:30:00,0,
2025.09.25 12:04:59,scan_executed_new_execution_bar,USDJPY,2025.09.25 11:45:00,16,
2025.09.25 12:09:59,scan_skipped_same_execution_bar,USDJPY,2025.09.25 11:45:00,0,
2025.09.25 12:19:59,scan_executed_new_execution_bar,USDJPY,2025.09.25 12:00:00,16,
2025.09.25 12:24:56,scan_skipped_same_execution_bar,USDJPY,2025.09.25 12:00:00,0,
2025.09.25 12:34:59,scan_executed_new_execution_bar,USDJPY,2025.09.25 12:15:00,0,
2025.09.25 12:39:59,scan_skipped_same_execution_bar,USDJPY,2025.09.25 12:15:00,0,
2025.09.25 12:49:59,scan_executed_new_execution_bar,USDJPY,2025.09.25 12:30:00,0,
2025.09.25 12:54:59,scan_skipped_same_execution_bar,USDJPY,2025.09.25 12:30:00,0,
2025.09.25 13:04:58,scan_executed_new_execution_bar,USDJPY,2025.09.25 12:45:00,0,
2025.09.25 13:09:59,scan_skipped_same_execution_bar,USDJPY,2025.09.25 12:45:00,0,
2025.09.25 13:19:55,scan_executed_new_execution_bar,USDJPY,2025.09.25 13:00:00,16,
2025.09.25 13:24:59,scan_skipped_same_execution_bar,USDJPY,2025.09.25 13:00:00,0,
2025.09.25 13:34:58,scan_executed_new_execution_bar,USDJPY,2025.09.25 13:15:00,0,
2025.09.25 13:39:58,scan_skipped_same_execution_bar,USDJPY,2025.09.25 13:15:00,0,
2025.09.25 13:49:59,scan_executed_new_execution_bar,USDJPY,2025.09.25 13:30:00,0,
2025.09.25 13:54:59,scan_skipped_same_execution_bar,USDJPY,2025.09.25 13:30:00,0,
2025.09.25 14:04:59,scan_executed_new_execution_bar,USDJPY,2025.09.25 13:45:00,0,
2025.09.25 14:09:59,scan_skipped_same_execution_bar,USDJPY,2025.09.25 13:45:00,0,
2025.09.25 14:19:59,scan_executed_new_execution_bar,USDJPY,2025.09.25 14:00:00,0,
2025.09.25 14:24:59,scan_skipped_same_execution_bar,USDJPY,2025.09.25 14:00:00,0,
2025.09.25 14:34:59,scan_executed_new_execution_bar,USDJPY,2025.09.25 14:15:00,0,
2025.09.25 14:39:59,scan_skipped_same_execution_bar,USDJPY,2025.09.25 14:15:00,0,
2025.09.25 14:49:59,scan_executed_new_execution_bar,USDJPY,2025.09.25 14:30:00,0,
2025.09.25 14:54:59,scan_skipped_same_execution_bar,USDJPY,2025.09.25 14:30:00,0,
2025.09.25 15:04:59,scan_executed_new_execution_bar,USDJPY,2025.09.25 14:45:00,0,
2025.09.25 15:09:59,scan_skipped_same_execution_bar,USDJPY,2025.09.25 14:45:00,0,
2025.09.25 15:19:59,scan_executed_new_execution_bar,USDJPY,2025.09.25 15:00:00,0,
2025.09.25 15:24:59,scan_skipped_same_execution_bar,USDJPY,2025.09.25 15:00:00,0,
2025.09.25 15:34:59,scan_executed_new_execution_bar,USDJPY,2025.09.25 15:15:00,0,
2025.09.25 15:39:59,scan_skipped_same_execution_bar,USDJPY,2025.09.25 15:15:00,0,
2025.09.25 15:49:59,scan_executed_new_execution_bar,USDJPY,2025.09.25 15:30:00,0,
2025.09.25 15:54:59,scan_skipped_same_execution_bar,USDJPY,2025.09.25 15:30:00,0,
2025.09.25 16:04:59,scan_executed_new_execution_bar,USDJPY,2025.09.25 15:45:00,0,
2025.09.25 16:09:59,scan_skipped_same_execution_bar,USDJPY,2025.09.25 15:45:00,0,
2025.09.25 16:19:59,scan_executed_new_execution_bar,USDJPY,2025.09.25 16:00:00,31,
2025.09.25 16:24:59,scan_skipped_same_execution_bar,USDJPY,2025.09.25 16:00:00,0,
2025.09.25 16:34:59,scan_executed_new_execution_bar,USDJPY,2025.09.25 16:15:00,0,
2025.09.25 16:39:59,scan_skipped_same_execution_bar,USDJPY,2025.09.25 16:15:00,0,
2025.09.25 16:49:59,scan_executed_new_execution_bar,USDJPY,2025.09.25 16:30:00,0,
2025.09.25 16:54:59,scan_skipped_same_execution_bar,USDJPY,2025.09.25 16:30:00,0,
2025.09.25 17:04:59,scan_executed_new_execution_bar,USDJPY,2025.09.25 16:45:00,0,
2025.09.25 17:09:59,scan_skipped_same_execution_bar,USDJPY,2025.09.25 16:45:00,0,
2025.09.25 17:19:59,scan_executed_new_execution_bar,USDJPY,2025.09.25 17:00:00,0,
2025.09.25 17:24:59,scan_skipped_same_execution_bar,USDJPY,2025.09.25 17:00:00,0,
2025.09.25 17:34:59,scan_executed_new_execution_bar,USDJPY,2025.09.25 17:15:00,0,
2025.09.25 17:39:59,scan_skipped_same_execution_bar,USDJPY,2025.09.25 17:15:00,0,
2025.09.25 17:49:59,scan_executed_new_execution_bar,USDJPY,2025.09.25 17:30:00,0,
2025.09.25 17:54:59,scan_skipped_same_execution_bar,USDJPY,2025.09.25 17:30:00,0,
2025.09.25 18:04:59,scan_executed_new_execution_bar,USDJPY,2025.09.25 17:45:00,0,
2025.09.25 18:09:59,scan_skipped_same_execution_bar,USDJPY,2025.09.25 17:45:00,0,
2025.09.25 18:19:59,scan_executed_new_execution_bar,USDJPY,2025.09.25 18:00:00,0,
2025.09.25 18:24:59,scan_skipped_same_execution_bar,USDJPY,2025.09.25 18:00:00,0,
2025.09.25 18:34:59,scan_executed_new_execution_bar,USDJPY,2025.09.25 18:15:00,0,
2025.09.25 18:39:59,scan_skipped_same_execution_bar,USDJPY,2025.09.25 18:15:00,0,
2025.09.25 18:49:58,scan_executed_new_execution_bar,USDJPY,2025.09.25 18:30:00,0,
2025.09.25 18:54:59,scan_skipped_same_execution_bar,USDJPY,2025.09.25 18:30:00,0,
2025.09.25 19:04:59,scan_executed_new_execution_bar,USDJPY,2025.09.25 18:45:00,15,
2025.09.25 19:09:59,scan_skipped_same_execution_bar,USDJPY,2025.09.25 18:45:00,0,
2025.09.25 19:19:59,scan_executed_new_execution_bar,USDJPY,2025.09.25 19:00:00,31,
2025.09.25 19:24:59,scan_skipped_same_execution_bar,USDJPY,2025.09.25 19:00:00,0,
2025.09.25 19:34:59,scan_executed_new_execution_bar,USDJPY,2025.09.25 19:15:00,0,
2025.09.25 19:39:59,scan_skipped_same_execution_bar,USDJPY,2025.09.25 19:15:00,0,
2025.09.25 19:49:59,scan_executed_new_execution_bar,USDJPY,2025.09.25 19:30:00,0,
2025.09.25 19:54:59,scan_skipped_same_execution_bar,USDJPY,2025.09.25 19:30:00,0,
2025.09.25 20:04:59,scan_executed_new_execution_bar,USDJPY,2025.09.25 19:45:00,0,
2025.09.25 20:09:58,scan_skipped_same_execution_bar,USDJPY,2025.09.25 19:45:00,0,
2025.09.25 20:19:57,scan_executed_new_execution_bar,USDJPY,2025.09.25 20:00:00,0,
2025.09.25 20:24:59,scan_skipped_same_execution_bar,USDJPY,2025.09.25 20:00:00,0,
2025.09.25 20:34:59,scan_executed_new_execution_bar,USDJPY,2025.09.25 20:15:00,0,
2025.09.25 20:39:59,scan_skipped_same_execution_bar,USDJPY,2025.09.25 20:15:00,0,
2025.09.25 20:49:59,scan_executed_new_execution_bar,USDJPY,2025.09.25 20:30:00,0,
2025.09.25 20:54:59,scan_skipped_same_execution_bar,USDJPY,2025.09.25 20:30:00,0,
2025.09.25 21:04:59,scan_executed_new_execution_bar,USDJPY,2025.09.25 20:45:00,0,
2025.09.25 21:09:59,scan_skipped_same_execution_bar,USDJPY,2025.09.25 20:45:00,0,
2025.09.25 21:19:59,scan_executed_new_execution_bar,USDJPY,2025.09.25 21:00:00,0,
2025.09.25 21:24:59,scan_skipped_same_execution_bar,USDJPY,2025.09.25 21:00:00,0,
2025.09.25 21:34:59,scan_executed_new_execution_bar,USDJPY,2025.09.25 21:15:00,15,
2025.09.25 21:39:58,scan_skipped_same_execution_bar,USDJPY,2025.09.25 21:15:00,0,
2025.09.25 21:49:59,scan_executed_new_execution_bar,USDJPY,2025.09.25 21:30:00,0,
2025.09.25 21:54:58,scan_skipped_same_execution_bar,USDJPY,2025.09.25 21:30:00,0,
2025.09.25 22:04:59,scan_executed_new_execution_bar,USDJPY,2025.09.25 21:45:00,0,
2025.09.25 22:09:59,scan_skipped_same_execution_bar,USDJPY,2025.09.25 21:45:00,0,
2025.09.25 22:19:59,scan_executed_new_execution_bar,USDJPY,2025.09.25 22:00:00,15,
2025.09.25 22:24:59,scan_skipped_same_execution_bar,USDJPY,2025.09.25 22:00:00,0,
2025.09.25 22:34:59,scan_executed_new_execution_bar,USDJPY,2025.09.25 22:15:00,16,
2025.09.25 22:39:58,scan_skipped_same_execution_bar,USDJPY,2025.09.25 22:15:00,0,
2025.09.25 22:49:59,scan_executed_new_execution_bar,USDJPY,2025.09.25 22:30:00,0,
2025.09.25 22:54:59,scan_skipped_same_execution_bar,USDJPY,2025.09.25 22:30:00,0,
2025.09.25 23:04:59,scan_executed_new_execution_bar,USDJPY,2025.09.25 22:45:00,15,
2025.09.25 23:09:59,scan_skipped_same_execution_bar,USDJPY,2025.09.25 22:45:00,0,
2025.09.25 23:19:59,scan_executed_new_execution_bar,USDJPY,2025.09.25 23:00:00,0,
2025.09.25 23:24:57,scan_skipped_same_execution_bar,USDJPY,2025.09.25 23:00:00,0,
2025.09.25 23:34:57,scan_executed_new_execution_bar,USDJPY,2025.09.25 23:15:00,0,
2025.09.25 23:39:59,scan_skipped_same_execution_bar,USDJPY,2025.09.25 23:15:00,0,
2025.09.25 23:49:59,scan_executed_new_execution_bar,USDJPY,2025.09.25 23:30:00,0,
2025.09.25 23:54:58,scan_skipped_same_execution_bar,USDJPY,2025.09.25 23:30:00,0,
2025.09.26 00:04:23,scan_executed_new_execution_bar,USDJPY,2025.09.25 23:45:00,0,
2025.09.26 00:09:55,scan_skipped_same_execution_bar,USDJPY,2025.09.25 23:45:00,0,
2025.09.26 00:19:59,scan_executed_new_execution_bar,USDJPY,2025.09.26 00:00:00,0,
2025.09.26 00:24:54,scan_skipped_same_execution_bar,USDJPY,2025.09.26 00:00:00,0,
2025.09.26 00:34:59,scan_executed_new_execution_bar,USDJPY,2025.09.26 00:15:00,0,
2025.09.26 00:39:59,scan_skipped_same_execution_bar,USDJPY,2025.09.26 00:15:00,0,
2025.09.26 00:49:59,scan_executed_new_execution_bar,USDJPY,2025.09.26 00:30:00,0,
2025.09.26 00:54:59,scan_skipped_same_execution_bar,USDJPY,2025.09.26 00:30:00,0,
2025.09.26 01:04:58,scan_executed_new_execution_bar,USDJPY,2025.09.26 00:45:00,0,
2025.09.26 01:09:59,scan_skipped_same_execution_bar,USDJPY,2025.09.26 00:45:00,0,
2025.09.26 01:19:59,scan_executed_new_execution_bar,USDJPY,2025.09.26 01:00:00,0,
2025.09.26 01:24:59,scan_skipped_same_execution_bar,USDJPY,2025.09.26 01:00:00,0,
2025.09.26 01:34:59,scan_executed_new_execution_bar,USDJPY,2025.09.26 01:15:00,0,
2025.09.26 01:39:59,scan_skipped_same_execution_bar,USDJPY,2025.09.26 01:15:00,0,
2025.09.26 01:49:59,scan_executed_new_execution_bar,USDJPY,2025.09.26 01:30:00,0,
2025.09.26 01:54:58,scan_skipped_same_execution_bar,USDJPY,2025.09.26 01:30:00,0,
2025.09.26 02:04:59,scan_executed_new_execution_bar,USDJPY,2025.09.26 01:45:00,0,
2025.09.26 02:09:59,scan_skipped_same_execution_bar,USDJPY,2025.09.26 01:45:00,0,
2025.09.26 02:19:59,scan_executed_new_execution_bar,USDJPY,2025.09.26 02:00:00,0,
2025.09.26 02:24:58,scan_skipped_same_execution_bar,USDJPY,2025.09.26 02:00:00,0,
2025.09.26 02:34:59,scan_executed_new_execution_bar,USDJPY,2025.09.26 02:15:00,0,
2025.09.26 02:39:59,scan_skipped_same_execution_bar,USDJPY,2025.09.26 02:15:00,0,
2025.09.26 02:49:57,scan_executed_new_execution_bar,USDJPY,2025.09.26 02:30:00,0,
2025.09.26 02:54:59,scan_skipped_same_execution_bar,USDJPY,2025.09.26 02:30:00,0,
2025.09.26 03:04:59,scan_executed_new_execution_bar,USDJPY,2025.09.26 02:45:00,16,
2025.09.26 03:09:59,scan_skipped_same_execution_bar,USDJPY,2025.09.26 02:45:00,0,
2025.09.26 03:19:59,scan_executed_new_execution_bar,USDJPY,2025.09.26 03:00:00,0,
2025.09.26 03:24:59,scan_skipped_same_execution_bar,USDJPY,2025.09.26 03:00:00,0,
2025.09.26 03:34:58,scan_executed_new_execution_bar,USDJPY,2025.09.26 03:15:00,31,
2025.09.26 03:39:59,scan_skipped_same_execution_bar,USDJPY,2025.09.26 03:15:00,0,
2025.09.26 03:49:59,scan_executed_new_execution_bar,USDJPY,2025.09.26 03:30:00,16,
2025.09.26 03:54:59,scan_skipped_same_execution_bar,USDJPY,2025.09.26 03:30:00,0,
2025.09.26 04:04:59,scan_executed_new_execution_bar,USDJPY,2025.09.26 03:45:00,0,
2025.09.26 04:09:59,scan_skipped_same_execution_bar,USDJPY,2025.09.26 03:45:00,0,
2025.09.26 04:19:59,scan_executed_new_execution_bar,USDJPY,2025.09.26 04:00:00,15,
2025.09.26 04:24:59,scan_skipped_same_execution_bar,USDJPY,2025.09.26 04:00:00,0,
2025.09.26 04:34:59,scan_executed_new_execution_bar,USDJPY,2025.09.26 04:15:00,0,
2025.09.26 04:39:59,scan_skipped_same_execution_bar,USDJPY,2025.09.26 04:15:00,0,
2025.09.26 04:49:59,scan_executed_new_execution_bar,USDJPY,2025.09.26 04:30:00,16,
2025.09.26 04:54:59,scan_skipped_same_execution_bar,USDJPY,2025.09.26 04:30:00,0,
2025.09.26 05:04:59,scan_executed_new_execution_bar,USDJPY,2025.09.26 04:45:00,16,
2025.09.26 05:09:59,scan_skipped_same_execution_bar,USDJPY,2025.09.26 04:45:00,0,
2025.09.26 05:19:59,scan_executed_new_execution_bar,USDJPY,2025.09.26 05:00:00,0,
2025.09.26 05:24:59,scan_skipped_same_execution_bar,USDJPY,2025.09.26 05:00:00,0,
2025.09.26 05:34:59,scan_executed_new_execution_bar,USDJPY,2025.09.26 05:15:00,16,
2025.09.26 05:39:59,scan_skipped_same_execution_bar,USDJPY,2025.09.26 05:15:00,0,
2025.09.26 05:49:59,scan_executed_new_execution_bar,USDJPY,2025.09.26 05:30:00,0,
2025.09.26 05:54:59,scan_skipped_same_execution_bar,USDJPY,2025.09.26 05:30:00,0,
2025.09.26 06:04:58,scan_executed_new_execution_bar,USDJPY,2025.09.26 05:45:00,31,
2025.09.26 06:09:59,scan_skipped_same_execution_bar,USDJPY,2025.09.26 05:45:00,0,
2025.09.26 06:19:59,scan_executed_new_execution_bar,USDJPY,2025.09.26 06:00:00,0,
2025.09.26 06:24:59,scan_skipped_same_execution_bar,USDJPY,2025.09.26 06:00:00,0,
2025.09.26 06:34:59,scan_executed_new_execution_bar,USDJPY,2025.09.26 06:15:00,15,
2025.09.26 06:39:58,scan_skipped_same_execution_bar,USDJPY,2025.09.26 06:15:00,0,
2025.09.26 06:49:59,scan_executed_new_execution_bar,USDJPY,2025.09.26 06:30:00,0,
2025.09.26 06:55:00,scan_skipped_same_execution_bar,USDJPY,2025.09.26 06:30:00,0,
2025.09.26 07:04:58,scan_executed_new_execution_bar,USDJPY,2025.09.26 06:45:00,0,
2025.09.26 07:09:59,scan_skipped_same_execution_bar,USDJPY,2025.09.26 06:45:00,0,
2025.09.26 07:19:56,scan_executed_new_execution_bar,USDJPY,2025.09.26 07:00:00,16,
2025.09.26 07:24:59,scan_skipped_same_execution_bar,USDJPY,2025.09.26 07:00:00,0,
2025.09.26 07:34:59,scan_executed_new_execution_bar,USDJPY,2025.09.26 07:15:00,0,
2025.09.26 07:39:59,scan_skipped_same_execution_bar,USDJPY,2025.09.26 07:15:00,0,
2025.09.26 07:49:59,scan_executed_new_execution_bar,USDJPY,2025.09.26 07:30:00,0,
2025.09.26 07:55:00,scan_skipped_same_execution_bar,USDJPY,2025.09.26 07:30:00,0,
2025.09.26 08:04:59,scan_executed_new_execution_bar,USDJPY,2025.09.26 07:45:00,0,
2025.09.26 08:09:59,scan_skipped_same_execution_bar,USDJPY,2025.09.26 07:45:00,0,
2025.09.26 08:19:59,scan_executed_new_execution_bar,USDJPY,2025.09.26 08:00:00,15,
2025.09.26 08:24:59,scan_skipped_same_execution_bar,USDJPY,2025.09.26 08:00:00,0,
2025.09.26 08:34:59,scan_executed_new_execution_bar,USDJPY,2025.09.26 08:15:00,0,
2025.09.26 08:39:59,scan_skipped_same_execution_bar,USDJPY,2025.09.26 08:15:00,0,
2025.09.26 08:49:59,scan_executed_new_execution_bar,USDJPY,2025.09.26 08:30:00,0,
2025.09.26 08:54:58,scan_skipped_same_execution_bar,USDJPY,2025.09.26 08:30:00,0,
2025.09.26 09:04:59,scan_executed_new_execution_bar,USDJPY,2025.09.26 08:45:00,0,
2025.09.26 09:10:00,scan_skipped_same_execution_bar,USDJPY,2025.09.26 08:45:00,0,
2025.09.26 09:19:59,scan_executed_new_execution_bar,USDJPY,2025.09.26 09:00:00,0,
2025.09.26 09:24:58,scan_skipped_same_execution_bar,USDJPY,2025.09.26 09:00:00,0,
2025.09.26 09:35:00,scan_executed_new_execution_bar,USDJPY,2025.09.26 09:15:00,0,
2025.09.26 09:39:59,scan_skipped_same_execution_bar,USDJPY,2025.09.26 09:15:00,0,
2025.09.26 09:49:59,scan_executed_new_execution_bar,USDJPY,2025.09.26 09:30:00,0,
2025.09.26 09:54:59,scan_skipped_same_execution_bar,USDJPY,2025.09.26 09:30:00,0,
2025.09.26 10:04:59,scan_executed_new_execution_bar,USDJPY,2025.09.26 09:45:00,0,
2025.09.26 10:09:59,scan_skipped_same_execution_bar,USDJPY,2025.09.26 09:45:00,0,
2025.09.26 10:19:59,scan_executed_new_execution_bar,USDJPY,2025.09.26 10:00:00,0,
2025.09.26 10:25:00,scan_skipped_same_execution_bar,USDJPY,2025.09.26 10:00:00,0,
2025.09.26 10:34:59,scan_executed_new_execution_bar,USDJPY,2025.09.26 10:15:00,0,
2025.09.26 10:39:59,scan_skipped_same_execution_bar,USDJPY,2025.09.26 10:15:00,0,
2025.09.26 10:49:59,scan_executed_new_execution_bar,USDJPY,2025.09.26 10:30:00,0,
2025.09.26 10:54:59,scan_skipped_same_execution_bar,USDJPY,2025.09.26 10:30:00,0,
2025.09.26 11:04:59,scan_executed_new_execution_bar,USDJPY,2025.09.26 10:45:00,0,
2025.09.26 11:09:58,scan_skipped_same_execution_bar,USDJPY,2025.09.26 10:45:00,0,
2025.09.26 11:19:59,scan_executed_new_execution_bar,USDJPY,2025.09.26 11:00:00,0,
2025.09.26 11:24:59,scan_skipped_same_execution_bar,USDJPY,2025.09.26 11:00:00,0,
2025.09.26 11:34:59,scan_executed_new_execution_bar,USDJPY,2025.09.26 11:15:00,16,
2025.09.26 11:39:59,scan_skipped_same_execution_bar,USDJPY,2025.09.26 11:15:00,0,
2025.09.26 11:49:59,scan_executed_new_execution_bar,USDJPY,2025.09.26 11:30:00,15,
2025.09.26 11:54:59,scan_skipped_same_execution_bar,USDJPY,2025.09.26 11:30:00,0,
2025.09.26 12:04:59,scan_executed_new_execution_bar,USDJPY,2025.09.26 11:45:00,0,
2025.09.26 12:09:59,scan_skipped_same_execution_bar,USDJPY,2025.09.26 11:45:00,0,
2025.09.26 12:19:59,scan_executed_new_execution_bar,USDJPY,2025.09.26 12:00:00,15,
2025.09.26 12:24:59,scan_skipped_same_execution_bar,USDJPY,2025.09.26 12:00:00,0,
2025.09.26 12:34:59,scan_executed_new_execution_bar,USDJPY,2025.09.26 12:15:00,0,
2025.09.26 12:39:59,scan_skipped_same_execution_bar,USDJPY,2025.09.26 12:15:00,0,
2025.09.26 12:49:59,scan_executed_new_execution_bar,USDJPY,2025.09.26 12:30:00,0,
2025.09.26 12:55:00,scan_skipped_same_execution_bar,USDJPY,2025.09.26 12:30:00,0,
2025.09.26 13:04:59,scan_executed_new_execution_bar,USDJPY,2025.09.26 12:45:00,0,
2025.09.26 13:09:59,scan_skipped_same_execution_bar,USDJPY,2025.09.26 12:45:00,0,
2025.09.26 13:19:59,scan_executed_new_execution_bar,USDJPY,2025.09.26 13:00:00,0,
2025.09.26 13:24:59,scan_skipped_same_execution_bar,USDJPY,2025.09.26 13:00:00,0,
2025.09.26 13:34:59,scan_executed_new_execution_bar,USDJPY,2025.09.26 13:15:00,15,
2025.09.26 13:39:59,scan_skipped_same_execution_bar,USDJPY,2025.09.26 13:15:00,0,
2025.09.26 13:49:59,scan_executed_new_execution_bar,USDJPY,2025.09.26 13:30:00,0,
2025.09.26 13:54:59,scan_skipped_same_execution_bar,USDJPY,2025.09.26 13:30:00,0,
2025.09.26 14:04:59,scan_executed_new_execution_bar,USDJPY,2025.09.26 13:45:00,0,
2025.09.26 14:09:59,scan_skipped_same_execution_bar,USDJPY,2025.09.26 13:45:00,0,
2025.09.26 14:19:59,scan_executed_new_execution_bar,USDJPY,2025.09.26 14:00:00,0,
2025.09.26 14:24:58,scan_skipped_same_execution_bar,USDJPY,2025.09.26 14:00:00,0,
2025.09.26 14:34:59,scan_executed_new_execution_bar,USDJPY,2025.09.26 14:15:00,0,
2025.09.26 14:40:00,scan_skipped_same_execution_bar,USDJPY,2025.09.26 14:15:00,0,
2025.09.26 14:49:59,scan_executed_new_execution_bar,USDJPY,2025.09.26 14:30:00,16,
2025.09.26 14:54:59,scan_skipped_same_execution_bar,USDJPY,2025.09.26 14:30:00,0,
2025.09.26 15:04:59,scan_executed_new_execution_bar,USDJPY,2025.09.26 14:45:00,0,
2025.09.26 15:09:57,scan_skipped_same_execution_bar,USDJPY,2025.09.26 14:45:00,0,
2025.09.26 15:19:59,scan_executed_new_execution_bar,USDJPY,2025.09.26 15:00:00,0,
2025.09.26 15:24:59,scan_skipped_same_execution_bar,USDJPY,2025.09.26 15:00:00,0,
2025.09.26 15:34:59,scan_executed_new_execution_bar,USDJPY,2025.09.26 15:15:00,16,
2025.09.26 15:39:59,scan_skipped_same_execution_bar,USDJPY,2025.09.26 15:15:00,0,
2025.09.26 15:49:59,scan_executed_new_execution_bar,USDJPY,2025.09.26 15:30:00,0,
2025.09.26 15:54:59,scan_skipped_same_execution_bar,USDJPY,2025.09.26 15:30:00,0,
2025.09.26 16:04:59,scan_executed_new_execution_bar,USDJPY,2025.09.26 15:45:00,0,
2025.09.26 16:09:59,scan_skipped_same_execution_bar,USDJPY,2025.09.26 15:45:00,0,
2025.09.26 16:19:59,scan_executed_new_execution_bar,USDJPY,2025.09.26 16:00:00,0,
2025.09.26 16:24:59,scan_skipped_same_execution_bar,USDJPY,2025.09.26 16:00:00,0,
2025.09.26 16:34:59,scan_executed_new_execution_bar,USDJPY,2025.09.26 16:15:00,16,
2025.09.26 16:39:59,scan_skipped_same_execution_bar,USDJPY,2025.09.26 16:15:00,0,
2025.09.26 16:49:59,scan_executed_new_execution_bar,USDJPY,2025.09.26 16:30:00,0,
2025.09.26 16:54:59,scan_skipped_same_execution_bar,USDJPY,2025.09.26 16:30:00,0,
2025.09.26 17:04:59,scan_executed_new_execution_bar,USDJPY,2025.09.26 16:45:00,0,
2025.09.26 17:09:59,scan_skipped_same_execution_bar,USDJPY,2025.09.26 16:45:00,0,
2025.09.26 17:19:59,scan_executed_new_execution_bar,USDJPY,2025.09.26 17:00:00,0,
2025.09.26 17:24:59,scan_skipped_same_execution_bar,USDJPY,2025.09.26 17:00:00,0,
2025.09.26 17:34:59,scan_executed_new_execution_bar,USDJPY,2025.09.26 17:15:00,15,
2025.09.26 17:39:59,scan_skipped_same_execution_bar,USDJPY,2025.09.26 17:15:00,0,
2025.09.26 17:49:59,scan_executed_new_execution_bar,USDJPY,2025.09.26 17:30:00,0,
2025.09.26 17:54:59,scan_skipped_same_execution_bar,USDJPY,2025.09.26 17:30:00,0,
2025.09.26 18:04:59,scan_executed_new_execution_bar,USDJPY,2025.09.26 17:45:00,16,
2025.09.26 18:09:59,scan_skipped_same_execution_bar,USDJPY,2025.09.26 17:45:00,0,
2025.09.26 18:19:59,scan_executed_new_execution_bar,USDJPY,2025.09.26 18:00:00,31,
2025.09.26 18:24:59,scan_skipped_same_execution_bar,USDJPY,2025.09.26 18:00:00,0,
2025.09.26 18:34:59,scan_executed_new_execution_bar,USDJPY,2025.09.26 18:15:00,0,
2025.09.26 18:39:59,scan_skipped_same_execution_bar,USDJPY,2025.09.26 18:15:00,0,
2025.09.26 18:49:59,scan_executed_new_execution_bar,USDJPY,2025.09.26 18:30:00,62,
2025.09.26 18:54:59,scan_skipped_same_execution_bar,USDJPY,2025.09.26 18:30:00,0,
2025.09.26 19:04:59,scan_executed_new_execution_bar,USDJPY,2025.09.26 18:45:00,16,
2025.09.26 19:09:59,scan_skipped_same_execution_bar,USDJPY,2025.09.26 18:45:00,0,
2025.09.26 19:19:59,scan_executed_new_execution_bar,USDJPY,2025.09.26 19:00:00,47,
2025.09.26 19:24:59,scan_skipped_same_execution_bar,USDJPY,2025.09.26 19:00:00,0,
2025.09.26 19:34:58,scan_executed_new_execution_bar,USDJPY,2025.09.26 19:15:00,0,
2025.09.26 19:39:59,scan_skipped_same_execution_bar,USDJPY,2025.09.26 19:15:00,0,
2025.09.26 19:49:59,scan_executed_new_execution_bar,USDJPY,2025.09.26 19:30:00,47,
2025.09.26 19:54:59,scan_skipped_same_execution_bar,USDJPY,2025.09.26 19:30:00,0,
2025.09.26 20:04:59,scan_executed_new_execution_bar,USDJPY,2025.09.26 19:45:00,31,
2025.09.26 20:09:59,scan_skipped_same_execution_bar,USDJPY,2025.09.26 19:45:00,0,
2025.09.26 20:19:58,scan_executed_new_execution_bar,USDJPY,2025.09.26 20:00:00,0,
2025.09.26 20:24:58,scan_skipped_same_execution_bar,USDJPY,2025.09.26 20:00:00,0,
2025.09.26 20:34:59,scan_executed_new_execution_bar,USDJPY,2025.09.26 20:15:00,0,
2025.09.26 20:39:59,scan_skipped_same_execution_bar,USDJPY,2025.09.26 20:15:00,0,
2025.09.26 20:49:59,scan_executed_new_execution_bar,USDJPY,2025.09.26 20:30:00,0,
2025.09.26 20:54:58,scan_skipped_same_execution_bar,USDJPY,2025.09.26 20:30:00,0,
2025.09.26 21:04:58,scan_executed_new_execution_bar,USDJPY,2025.09.26 20:45:00,15,
2025.09.26 21:09:59,scan_skipped_same_execution_bar,USDJPY,2025.09.26 20:45:00,0,
2025.09.26 21:19:59,scan_executed_new_execution_bar,USDJPY,2025.09.26 21:00:00,0,
2025.09.26 21:24:58,scan_skipped_same_execution_bar,USDJPY,2025.09.26 21:00:00,0,
2025.09.26 21:34:59,scan_executed_new_execution_bar,USDJPY,2025.09.26 21:15:00,0,
2025.09.26 21:39:59,scan_skipped_same_execution_bar,USDJPY,2025.09.26 21:15:00,0,
2025.09.26 21:49:59,scan_executed_new_execution_bar,USDJPY,2025.09.26 21:30:00,15,
2025.09.26 21:54:57,scan_skipped_same_execution_bar,USDJPY,2025.09.26 21:30:00,0,
2025.09.26 22:04:58,scan_executed_new_execution_bar,USDJPY,2025.09.26 21:45:00,0,
2025.09.26 22:09:56,scan_skipped_same_execution_bar,USDJPY,2025.09.26 21:45:00,0,
2025.09.26 22:19:59,scan_executed_new_execution_bar,USDJPY,2025.09.26 22:00:00,15,
2025.09.26 22:24:59,scan_skipped_same_execution_bar,USDJPY,2025.09.26 22:00:00,0,
2025.09.26 22:34:59,scan_executed_new_execution_bar,USDJPY,2025.09.26 22:15:00,16,
2025.09.26 22:39:59,scan_skipped_same_execution_bar,USDJPY,2025.09.26 22:15:00,0,
2025.09.26 22:49:59,scan_executed_new_execution_bar,USDJPY,2025.09.26 22:30:00,15,
2025.09.26 22:54:59,scan_skipped_same_execution_bar,USDJPY,2025.09.26 22:30:00,0,
2025.09.26 23:04:57,scan_executed_new_execution_bar,USDJPY,2025.09.26 22:45:00,0,
2025.09.26 23:09:59,scan_skipped_same_execution_bar,USDJPY,2025.09.26 22:45:00,0,
2025.09.26 23:19:59,scan_executed_new_execution_bar,USDJPY,2025.09.26 23:00:00,0,
2025.09.26 23:24:59,scan_skipped_same_execution_bar,USDJPY,2025.09.26 23:00:00,0,
2025.09.26 23:35:00,scan_executed_new_execution_bar,USDJPY,2025.09.26 23:15:00,0,
2025.09.26 23:39:59,scan_skipped_same_execution_bar,USDJPY,2025.09.26 23:15:00,0,
2025.09.26 23:49:59,scan_executed_new_execution_bar,USDJPY,2025.09.26 23:30:00,0,
2025.09.26 23:54:59,scan_skipped_same_execution_bar,USDJPY,2025.09.26 23:30:00,0,
2025.09.29 00:04:52,scan_executed_new_execution_bar,USDJPY,2025.09.26 23:45:00,0,
2025.09.29 00:09:59,scan_skipped_same_execution_bar,USDJPY,2025.09.26 23:45:00,0,
2025.09.29 00:19:55,scan_executed_new_execution_bar,USDJPY,2025.09.29 00:00:00,0,
2025.09.29 00:24:58,scan_skipped_same_execution_bar,USDJPY,2025.09.29 00:00:00,0,
2025.09.29 00:34:58,scan_executed_new_execution_bar,USDJPY,2025.09.29 00:15:00,0,
2025.09.29 00:39:56,scan_skipped_same_execution_bar,USDJPY,2025.09.29 00:15:00,0,
2025.09.29 00:49:59,scan_executed_new_execution_bar,USDJPY,2025.09.29 00:30:00,0,
2025.09.29 00:54:59,scan_skipped_same_execution_bar,USDJPY,2025.09.29 00:30:00,0,
2025.09.29 01:04:58,scan_executed_new_execution_bar,USDJPY,2025.09.29 00:45:00,0,
2025.09.29 01:09:59,scan_skipped_same_execution_bar,USDJPY,2025.09.29 00:45:00,0,
2025.09.29 01:19:58,scan_executed_new_execution_bar,USDJPY,2025.09.29 01:00:00,0,
2025.09.29 01:24:59,scan_skipped_same_execution_bar,USDJPY,2025.09.29 01:00:00,0,
2025.09.29 01:34:59,scan_executed_new_execution_bar,USDJPY,2025.09.29 01:15:00,16,
2025.09.29 01:39:59,scan_skipped_same_execution_bar,USDJPY,2025.09.29 01:15:00,0,
2025.09.29 01:49:59,scan_executed_new_execution_bar,USDJPY,2025.09.29 01:30:00,15,
2025.09.29 01:54:59,scan_skipped_same_execution_bar,USDJPY,2025.09.29 01:30:00,0,
2025.09.29 02:04:59,scan_executed_new_execution_bar,USDJPY,2025.09.29 01:45:00,0,
2025.09.29 02:09:58,scan_skipped_same_execution_bar,USDJPY,2025.09.29 01:45:00,0,
2025.09.29 02:19:59,scan_executed_new_execution_bar,USDJPY,2025.09.29 02:00:00,0,
2025.09.29 02:24:59,scan_skipped_same_execution_bar,USDJPY,2025.09.29 02:00:00,0,
2025.09.29 02:34:54,scan_executed_new_execution_bar,USDJPY,2025.09.29 02:15:00,0,
2025.09.29 02:39:59,scan_skipped_same_execution_bar,USDJPY,2025.09.29 02:15:00,0,
2025.09.29 02:49:59,scan_executed_new_execution_bar,USDJPY,2025.09.29 02:30:00,0,
2025.09.29 02:54:59,scan_skipped_same_execution_bar,USDJPY,2025.09.29 02:30:00,0,
2025.09.29 03:04:59,scan_executed_new_execution_bar,USDJPY,2025.09.29 02:45:00,0,
2025.09.29 03:09:59,scan_skipped_same_execution_bar,USDJPY,2025.09.29 02:45:00,0,
2025.09.29 03:19:59,scan_executed_new_execution_bar,USDJPY,2025.09.29 03:00:00,0,
2025.09.29 03:24:59,scan_skipped_same_execution_bar,USDJPY,2025.09.29 03:00:00,0,
2025.09.29 03:34:59,scan_executed_new_execution_bar,USDJPY,2025.09.29 03:15:00,0,
2025.09.29 03:40:00,scan_skipped_same_execution_bar,USDJPY,2025.09.29 03:15:00,0,
2025.09.29 03:49:59,scan_executed_new_execution_bar,USDJPY,2025.09.29 03:30:00,0,
2025.09.29 03:55:00,scan_skipped_same_execution_bar,USDJPY,2025.09.29 03:30:00,0,
2025.09.29 04:04:59,scan_executed_new_execution_bar,USDJPY,2025.09.29 03:45:00,0,
2025.09.29 04:09:59,scan_skipped_same_execution_bar,USDJPY,2025.09.29 03:45:00,0,
2025.09.29 04:20:00,scan_executed_new_execution_bar,USDJPY,2025.09.29 04:00:00,16,
2025.09.29 04:25:00,scan_skipped_same_execution_bar,USDJPY,2025.09.29 04:00:00,0,
2025.09.29 04:34:59,scan_executed_new_execution_bar,USDJPY,2025.09.29 04:15:00,0,
2025.09.29 04:39:59,scan_skipped_same_execution_bar,USDJPY,2025.09.29 04:15:00,0,
2025.09.29 04:49:59,scan_executed_new_execution_bar,USDJPY,2025.09.29 04:30:00,0,
2025.09.29 04:54:59,scan_skipped_same_execution_bar,USDJPY,2025.09.29 04:30:00,0,
2025.09.29 05:04:59,scan_executed_new_execution_bar,USDJPY,2025.09.29 04:45:00,0,
2025.09.29 05:09:59,scan_skipped_same_execution_bar,USDJPY,2025.09.29 04:45:00,0,
2025.09.29 05:19:59,scan_executed_new_execution_bar,USDJPY,2025.09.29 05:00:00,0,
2025.09.29 05:24:59,scan_skipped_same_execution_bar,USDJPY,2025.09.29 05:00:00,0,
2025.09.29 05:34:59,scan_executed_new_execution_bar,USDJPY,2025.09.29 05:15:00,0,
2025.09.29 05:39:59,scan_skipped_same_execution_bar,USDJPY,2025.09.29 05:15:00,0,
2025.09.29 05:49:59,scan_executed_new_execution_bar,USDJPY,2025.09.29 05:30:00,0,
2025.09.29 05:54:59,scan_skipped_same_execution_bar,USDJPY,2025.09.29 05:30:00,0,
2025.09.29 06:04:59,scan_executed_new_execution_bar,USDJPY,2025.09.29 05:45:00,16,
2025.09.29 06:09:59,scan_skipped_same_execution_bar,USDJPY,2025.09.29 05:45:00,0,
2025.09.29 06:19:59,scan_executed_new_execution_bar,USDJPY,2025.09.29 06:00:00,0,
2025.09.29 06:24:59,scan_skipped_same_execution_bar,USDJPY,2025.09.29 06:00:00,0,
2025.09.29 06:34:59,scan_executed_new_execution_bar,USDJPY,2025.09.29 06:15:00,0,
2025.09.29 06:39:59,scan_skipped_same_execution_bar,USDJPY,2025.09.29 06:15:00,0,
2025.09.29 06:49:59,scan_executed_new_execution_bar,USDJPY,2025.09.29 06:30:00,0,
2025.09.29 06:54:58,scan_skipped_same_execution_bar,USDJPY,2025.09.29 06:30:00,0,
2025.09.29 07:04:59,scan_executed_new_execution_bar,USDJPY,2025.09.29 06:45:00,31,
2025.09.29 07:09:59,scan_skipped_same_execution_bar,USDJPY,2025.09.29 06:45:00,0,
2025.09.29 07:19:59,scan_executed_new_execution_bar,USDJPY,2025.09.29 07:00:00,0,
2025.09.29 07:24:59,scan_skipped_same_execution_bar,USDJPY,2025.09.29 07:00:00,0,
2025.09.29 07:34:59,scan_executed_new_execution_bar,USDJPY,2025.09.29 07:15:00,31,
2025.09.29 07:39:59,scan_skipped_same_execution_bar,USDJPY,2025.09.29 07:15:00,0,
2025.09.29 07:49:58,scan_executed_new_execution_bar,USDJPY,2025.09.29 07:30:00,0,
2025.09.29 07:54:59,scan_skipped_same_execution_bar,USDJPY,2025.09.29 07:30:00,0,
2025.09.29 08:04:59,scan_executed_new_execution_bar,USDJPY,2025.09.29 07:45:00,0,
2025.09.29 08:09:59,scan_skipped_same_execution_bar,USDJPY,2025.09.29 07:45:00,0,
2025.09.29 08:19:59,scan_executed_new_execution_bar,USDJPY,2025.09.29 08:00:00,0,
2025.09.29 08:24:59,scan_skipped_same_execution_bar,USDJPY,2025.09.29 08:00:00,0,
2025.09.29 08:34:59,scan_executed_new_execution_bar,USDJPY,2025.09.29 08:15:00,0,
2025.09.29 08:39:59,scan_skipped_same_execution_bar,USDJPY,2025.09.29 08:15:00,0,
2025.09.29 08:49:59,scan_executed_new_execution_bar,USDJPY,2025.09.29 08:30:00,0,
2025.09.29 08:54:59,scan_skipped_same_execution_bar,USDJPY,2025.09.29 08:30:00,0,
2025.09.29 09:04:59,scan_executed_new_execution_bar,USDJPY,2025.09.29 08:45:00,0,
2025.09.29 09:09:59,scan_skipped_same_execution_bar,USDJPY,2025.09.29 08:45:00,0,
2025.09.29 09:19:59,scan_executed_new_execution_bar,USDJPY,2025.09.29 09:00:00,0,
2025.09.29 09:24:59,scan_skipped_same_execution_bar,USDJPY,2025.09.29 09:00:00,0,
2025.09.29 09:34:59,scan_executed_new_execution_bar,USDJPY,2025.09.29 09:15:00,32,
2025.09.29 09:39:58,scan_skipped_same_execution_bar,USDJPY,2025.09.29 09:15:00,0,
2025.09.29 09:49:59,scan_executed_new_execution_bar,USDJPY,2025.09.29 09:30:00,0,
2025.09.29 09:54:59,scan_skipped_same_execution_bar,USDJPY,2025.09.29 09:30:00,0,
2025.09.29 10:04:59,scan_executed_new_execution_bar,USDJPY,2025.09.29 09:45:00,0,
2025.09.29 10:09:59,scan_skipped_same_execution_bar,USDJPY,2025.09.29 09:45:00,0,
2025.09.29 10:19:59,scan_executed_new_execution_bar,USDJPY,2025.09.29 10:00:00,0,
2025.09.29 10:24:59,scan_skipped_same_execution_bar,USDJPY,2025.09.29 10:00:00,0,
2025.09.29 10:34:59,scan_executed_new_execution_bar,USDJPY,2025.09.29 10:15:00,0,
2025.09.29 10:39:59,scan_skipped_same_execution_bar,USDJPY,2025.09.29 10:15:00,0,
2025.09.29 10:49:58,scan_executed_new_execution_bar,USDJPY,2025.09.29 10:30:00,0,
2025.09.29 10:54:59,scan_skipped_same_execution_bar,USDJPY,2025.09.29 10:30:00,0,
2025.09.29 11:04:59,scan_executed_new_execution_bar,USDJPY,2025.09.29 10:45:00,0,
2025.09.29 11:09:59,scan_skipped_same_execution_bar,USDJPY,2025.09.29 10:45:00,0,
2025.09.29 11:19:59,scan_executed_new_execution_bar,USDJPY,2025.09.29 11:00:00,0,
2025.09.29 11:24:59,scan_skipped_same_execution_bar,USDJPY,2025.09.29 11:00:00,0,
2025.09.29 11:34:59,scan_executed_new_execution_bar,USDJPY,2025.09.29 11:15:00,16,
2025.09.29 11:39:59,scan_skipped_same_execution_bar,USDJPY,2025.09.29 11:15:00,0,
2025.09.29 11:49:59,scan_executed_new_execution_bar,USDJPY,2025.09.29 11:30:00,0,
2025.09.29 11:54:59,scan_skipped_same_execution_bar,USDJPY,2025.09.29 11:30:00,0,
2025.09.29 12:04:59,scan_executed_new_execution_bar,USDJPY,2025.09.29 11:45:00,0,
2025.09.29 12:09:59,scan_skipped_same_execution_bar,USDJPY,2025.09.29 11:45:00,0,
2025.09.29 12:19:59,scan_executed_new_execution_bar,USDJPY,2025.09.29 12:00:00,16,
2025.09.29 12:24:59,scan_skipped_same_execution_bar,USDJPY,2025.09.29 12:00:00,0,
2025.09.29 12:34:59,scan_executed_new_execution_bar,USDJPY,2025.09.29 12:15:00,0,
2025.09.29 12:40:00,scan_skipped_same_execution_bar,USDJPY,2025.09.29 12:15:00,0,
2025.09.29 12:49:59,scan_executed_new_execution_bar,USDJPY,2025.09.29 12:30:00,16,
2025.09.29 12:54:59,scan_skipped_same_execution_bar,USDJPY,2025.09.29 12:30:00,0,
2025.09.29 13:04:59,scan_executed_new_execution_bar,USDJPY,2025.09.29 12:45:00,0,
2025.09.29 13:09:59,scan_skipped_same_execution_bar,USDJPY,2025.09.29 12:45:00,0,
2025.09.29 13:19:59,scan_executed_new_execution_bar,USDJPY,2025.09.29 13:00:00,15,
2025.09.29 13:24:59,scan_skipped_same_execution_bar,USDJPY,2025.09.29 13:00:00,0,
2025.09.29 13:34:59,scan_executed_new_execution_bar,USDJPY,2025.09.29 13:15:00,0,
2025.09.29 13:39:59,scan_skipped_same_execution_bar,USDJPY,2025.09.29 13:15:00,0,
2025.09.29 13:49:59,scan_executed_new_execution_bar,USDJPY,2025.09.29 13:30:00,0,
2025.09.29 13:54:59,scan_skipped_same_execution_bar,USDJPY,2025.09.29 13:30:00,0,
2025.09.29 14:04:59,scan_executed_new_execution_bar,USDJPY,2025.09.29 13:45:00,0,
2025.09.29 14:09:58,scan_skipped_same_execution_bar,USDJPY,2025.09.29 13:45:00,0,
2025.09.29 14:19:59,scan_executed_new_execution_bar,USDJPY,2025.09.29 14:00:00,0,
2025.09.29 14:24:59,scan_skipped_same_execution_bar,USDJPY,2025.09.29 14:00:00,0,
2025.09.29 14:34:57,scan_executed_new_execution_bar,USDJPY,2025.09.29 14:15:00,0,
2025.09.29 14:39:59,scan_skipped_same_execution_bar,USDJPY,2025.09.29 14:15:00,0,
2025.09.29 14:49:59,scan_executed_new_execution_bar,USDJPY,2025.09.29 14:30:00,0,
2025.09.29 14:54:59,scan_skipped_same_execution_bar,USDJPY,2025.09.29 14:30:00,0,
2025.09.29 15:04:59,scan_executed_new_execution_bar,USDJPY,2025.09.29 14:45:00,0,
2025.09.29 15:09:59,scan_skipped_same_execution_bar,USDJPY,2025.09.29 14:45:00,0,
2025.09.29 15:19:59,scan_executed_new_execution_bar,USDJPY,2025.09.29 15:00:00,0,
2025.09.29 15:24:59,scan_skipped_same_execution_bar,USDJPY,2025.09.29 15:00:00,0,
2025.09.29 15:34:59,scan_executed_new_execution_bar,USDJPY,2025.09.29 15:15:00,0,
2025.09.29 15:40:00,scan_skipped_same_execution_bar,USDJPY,2025.09.29 15:15:00,0,
2025.09.29 15:49:59,scan_executed_new_execution_bar,USDJPY,2025.09.29 15:30:00,0,
2025.09.29 15:54:59,scan_skipped_same_execution_bar,USDJPY,2025.09.29 15:30:00,0,
2025.09.29 16:04:59,scan_executed_new_execution_bar,USDJPY,2025.09.29 15:45:00,0,
2025.09.29 16:09:59,scan_skipped_same_execution_bar,USDJPY,2025.09.29 15:45:00,0,
2025.09.29 16:19:59,scan_executed_new_execution_bar,USDJPY,2025.09.29 16:00:00,31,
2025.09.29 16:24:59,scan_skipped_same_execution_bar,USDJPY,2025.09.29 16:00:00,0,
2025.09.29 16:34:59,scan_executed_new_execution_bar,USDJPY,2025.09.29 16:15:00,0,
2025.09.29 16:39:59,scan_skipped_same_execution_bar,USDJPY,2025.09.29 16:15:00,0,
2025.09.29 16:49:59,scan_executed_new_execution_bar,USDJPY,2025.09.29 16:30:00,0,
2025.09.29 16:54:59,scan_skipped_same_execution_bar,USDJPY,2025.09.29 16:30:00,0,
2025.09.29 17:04:59,scan_executed_new_execution_bar,USDJPY,2025.09.29 16:45:00,31,
2025.09.29 17:09:59,scan_skipped_same_execution_bar,USDJPY,2025.09.29 16:45:00,0,
2025.09.29 17:19:59,scan_executed_new_execution_bar,USDJPY,2025.09.29 17:00:00,15,
2025.09.29 17:24:59,scan_skipped_same_execution_bar,USDJPY,2025.09.29 17:00:00,0,
2025.09.29 17:34:59,scan_executed_new_execution_bar,USDJPY,2025.09.29 17:15:00,0,
2025.09.29 17:39:59,scan_skipped_same_execution_bar,USDJPY,2025.09.29 17:15:00,0,
2025.09.29 17:49:59,scan_executed_new_execution_bar,USDJPY,2025.09.29 17:30:00,15,
2025.09.29 17:54:59,scan_skipped_same_execution_bar,USDJPY,2025.09.29 17:30:00,0,
2025.09.29 18:04:59,scan_executed_new_execution_bar,USDJPY,2025.09.29 17:45:00,16,
2025.09.29 18:10:00,scan_skipped_same_execution_bar,USDJPY,2025.09.29 17:45:00,0,
2025.09.29 18:19:59,scan_executed_new_execution_bar,USDJPY,2025.09.29 18:00:00,31,
2025.09.29 18:24:59,scan_skipped_same_execution_bar,USDJPY,2025.09.29 18:00:00,0,
2025.09.29 18:34:59,scan_executed_new_execution_bar,USDJPY,2025.09.29 18:15:00,15,
2025.09.29 18:39:59,scan_skipped_same_execution_bar,USDJPY,2025.09.29 18:15:00,0,
2025.09.29 18:49:58,scan_executed_new_execution_bar,USDJPY,2025.09.29 18:30:00,0,
2025.09.29 18:54:59,scan_skipped_same_execution_bar,USDJPY,2025.09.29 18:30:00,0,
2025.09.29 19:04:59,scan_executed_new_execution_bar,USDJPY,2025.09.29 18:45:00,16,
2025.09.29 19:09:58,scan_skipped_same_execution_bar,USDJPY,2025.09.29 18:45:00,0,
2025.09.29 19:19:59,scan_executed_new_execution_bar,USDJPY,2025.09.29 19:00:00,15,
2025.09.29 19:24:59,scan_skipped_same_execution_bar,USDJPY,2025.09.29 19:00:00,0,
2025.09.29 19:34:59,scan_executed_new_execution_bar,USDJPY,2025.09.29 19:15:00,0,
2025.09.29 19:39:59,scan_skipped_same_execution_bar,USDJPY,2025.09.29 19:15:00,0,
2025.09.29 19:49:59,scan_executed_new_execution_bar,USDJPY,2025.09.29 19:30:00,0,
2025.09.29 19:54:59,scan_skipped_same_execution_bar,USDJPY,2025.09.29 19:30:00,0,
2025.09.29 20:04:59,scan_executed_new_execution_bar,USDJPY,2025.09.29 19:45:00,0,
2025.09.29 20:09:59,scan_skipped_same_execution_bar,USDJPY,2025.09.29 19:45:00,0,
2025.09.29 20:19:59,scan_executed_new_execution_bar,USDJPY,2025.09.29 20:00:00,0,
2025.09.29 20:25:00,scan_skipped_same_execution_bar,USDJPY,2025.09.29 20:00:00,0,
2025.09.29 20:34:58,scan_executed_new_execution_bar,USDJPY,2025.09.29 20:15:00,0,
2025.09.29 20:39:57,scan_skipped_same_execution_bar,USDJPY,2025.09.29 20:15:00,0,
2025.09.29 20:49:59,scan_executed_new_execution_bar,USDJPY,2025.09.29 20:30:00,0,
2025.09.29 20:54:59,scan_skipped_same_execution_bar,USDJPY,2025.09.29 20:30:00,0,
2025.09.29 21:04:59,scan_executed_new_execution_bar,USDJPY,2025.09.29 20:45:00,0,
2025.09.29 21:09:57,scan_skipped_same_execution_bar,USDJPY,2025.09.29 20:45:00,0,
2025.09.29 21:19:59,scan_executed_new_execution_bar,USDJPY,2025.09.29 21:00:00,0,
2025.09.29 21:24:59,scan_skipped_same_execution_bar,USDJPY,2025.09.29 21:00:00,0,
2025.09.29 21:34:59,scan_executed_new_execution_bar,USDJPY,2025.09.29 21:15:00,0,
2025.09.29 21:39:59,scan_skipped_same_execution_bar,USDJPY,2025.09.29 21:15:00,0,
2025.09.29 21:49:59,scan_executed_new_execution_bar,USDJPY,2025.09.29 21:30:00,0,
2025.09.29 21:54:59,scan_skipped_same_execution_bar,USDJPY,2025.09.29 21:30:00,0,
2025.09.29 22:04:59,scan_executed_new_execution_bar,USDJPY,2025.09.29 21:45:00,15,
2025.09.29 22:09:59,scan_skipped_same_execution_bar,USDJPY,2025.09.29 21:45:00,0,
2025.09.29 22:20:00,scan_executed_new_execution_bar,USDJPY,2025.09.29 22:00:00,0,
2025.09.29 22:24:59,scan_skipped_same_execution_bar,USDJPY,2025.09.29 22:00:00,0,
2025.09.29 22:34:59,scan_executed_new_execution_bar,USDJPY,2025.09.29 22:15:00,0,
2025.09.29 22:39:59,scan_skipped_same_execution_bar,USDJPY,2025.09.29 22:15:00,0,
2025.09.29 22:49:56,scan_executed_new_execution_bar,USDJPY,2025.09.29 22:30:00,0,
2025.09.29 22:54:59,scan_skipped_same_execution_bar,USDJPY,2025.09.29 22:30:00,0,
2025.09.29 23:04:59,scan_executed_new_execution_bar,USDJPY,2025.09.29 22:45:00,0,
2025.09.29 23:09:59,scan_skipped_same_execution_bar,USDJPY,2025.09.29 22:45:00,0,
2025.09.29 23:19:59,scan_executed_new_execution_bar,USDJPY,2025.09.29 23:00:00,0,
2025.09.29 23:24:59,scan_skipped_same_execution_bar,USDJPY,2025.09.29 23:00:00,0,
2025.09.29 23:34:58,scan_executed_new_execution_bar,USDJPY,2025.09.29 23:15:00,0,
2025.09.29 23:39:59,scan_skipped_same_execution_bar,USDJPY,2025.09.29 23:15:00,0,
2025.09.29 23:49:59,scan_executed_new_execution_bar,USDJPY,2025.09.29 23:30:00,0,
2025.09.29 23:54:59,scan_skipped_same_execution_bar,USDJPY,2025.09.29 23:30:00,0,
2025.09.30 00:04:49,scan_executed_new_execution_bar,USDJPY,2025.09.29 23:45:00,0,
2025.09.30 00:09:49,scan_skipped_same_execution_bar,USDJPY,2025.09.29 23:45:00,0,
2025.09.30 00:19:59,scan_executed_new_execution_bar,USDJPY,2025.09.30 00:00:00,0,
2025.09.30 00:24:59,scan_skipped_same_execution_bar,USDJPY,2025.09.30 00:00:00,0,
2025.09.30 00:34:59,scan_executed_new_execution_bar,USDJPY,2025.09.30 00:15:00,0,
2025.09.30 00:39:55,scan_skipped_same_execution_bar,USDJPY,2025.09.30 00:15:00,0,
2025.09.30 00:49:57,scan_executed_new_execution_bar,USDJPY,2025.09.30 00:30:00,0,
2025.09.30 00:54:58,scan_skipped_same_execution_bar,USDJPY,2025.09.30 00:30:00,0,
2025.09.30 01:04:58,scan_executed_new_execution_bar,USDJPY,2025.09.30 00:45:00,0,
2025.09.30 01:09:59,scan_skipped_same_execution_bar,USDJPY,2025.09.30 00:45:00,0,
2025.09.30 01:19:59,scan_executed_new_execution_bar,USDJPY,2025.09.30 01:00:00,0,
2025.09.30 01:24:59,scan_skipped_same_execution_bar,USDJPY,2025.09.30 01:00:00,0,
2025.09.30 01:34:59,scan_executed_new_execution_bar,USDJPY,2025.09.30 01:15:00,0,
2025.09.30 01:39:59,scan_skipped_same_execution_bar,USDJPY,2025.09.30 01:15:00,0,
2025.09.30 01:49:59,scan_executed_new_execution_bar,USDJPY,2025.09.30 01:30:00,0,
2025.09.30 01:54:56,scan_skipped_same_execution_bar,USDJPY,2025.09.30 01:30:00,0,
2025.09.30 02:04:59,scan_executed_new_execution_bar,USDJPY,2025.09.30 01:45:00,0,
2025.09.30 02:09:59,scan_skipped_same_execution_bar,USDJPY,2025.09.30 01:45:00,0,
2025.09.30 02:19:59,scan_executed_new_execution_bar,USDJPY,2025.09.30 02:00:00,0,
2025.09.30 02:24:58,scan_skipped_same_execution_bar,USDJPY,2025.09.30 02:00:00,0,
2025.09.30 02:34:59,scan_executed_new_execution_bar,USDJPY,2025.09.30 02:15:00,0,
2025.09.30 02:39:59,scan_skipped_same_execution_bar,USDJPY,2025.09.30 02:15:00,0,
2025.09.30 02:49:59,scan_executed_new_execution_bar,USDJPY,2025.09.30 02:30:00,0,
2025.09.30 02:54:59,scan_skipped_same_execution_bar,USDJPY,2025.09.30 02:30:00,0,
2025.09.30 03:04:59,scan_executed_new_execution_bar,USDJPY,2025.09.30 02:45:00,0,
2025.09.30 03:09:59,scan_skipped_same_execution_bar,USDJPY,2025.09.30 02:45:00,0,
2025.09.30 03:19:59,scan_executed_new_execution_bar,USDJPY,2025.09.30 03:00:00,0,
2025.09.30 03:24:59,scan_skipped_same_execution_bar,USDJPY,2025.09.30 03:00:00,0,
2025.09.30 03:34:59,scan_executed_new_execution_bar,USDJPY,2025.09.30 03:15:00,0,
2025.09.30 03:40:00,scan_skipped_same_execution_bar,USDJPY,2025.09.30 03:15:00,0,
2025.09.30 03:49:59,scan_executed_new_execution_bar,USDJPY,2025.09.30 03:30:00,0,
2025.09.30 03:54:59,scan_skipped_same_execution_bar,USDJPY,2025.09.30 03:30:00,0,
2025.09.30 04:04:59,scan_executed_new_execution_bar,USDJPY,2025.09.30 03:45:00,0,
2025.09.30 04:09:59,scan_skipped_same_execution_bar,USDJPY,2025.09.30 03:45:00,0,
2025.09.30 04:19:59,scan_executed_new_execution_bar,USDJPY,2025.09.30 04:00:00,31,
2025.09.30 04:24:59,scan_skipped_same_execution_bar,USDJPY,2025.09.30 04:00:00,0,
2025.09.30 04:34:59,scan_executed_new_execution_bar,USDJPY,2025.09.30 04:15:00,16,
2025.09.30 04:39:59,scan_skipped_same_execution_bar,USDJPY,2025.09.30 04:15:00,0,
2025.09.30 04:50:00,scan_executed_new_execution_bar,USDJPY,2025.09.30 04:30:00,0,
2025.09.30 04:54:59,scan_skipped_same_execution_bar,USDJPY,2025.09.30 04:30:00,0,
2025.09.30 05:04:59,scan_executed_new_execution_bar,USDJPY,2025.09.30 04:45:00,0,
2025.09.30 05:09:59,scan_skipped_same_execution_bar,USDJPY,2025.09.30 04:45:00,0,
2025.09.30 05:19:59,scan_executed_new_execution_bar,USDJPY,2025.09.30 05:00:00,0,
2025.09.30 05:24:59,scan_skipped_same_execution_bar,USDJPY,2025.09.30 05:00:00,0,
2025.09.30 05:34:59,scan_executed_new_execution_bar,USDJPY,2025.09.30 05:15:00,32,
2025.09.30 05:39:59,scan_skipped_same_execution_bar,USDJPY,2025.09.30 05:15:00,0,
2025.09.30 05:49:59,scan_executed_new_execution_bar,USDJPY,2025.09.30 05:30:00,15,
2025.09.30 05:54:59,scan_skipped_same_execution_bar,USDJPY,2025.09.30 05:30:00,0,
2025.09.30 06:04:59,scan_executed_new_execution_bar,USDJPY,2025.09.30 05:45:00,0,
2025.09.30 06:09:59,scan_skipped_same_execution_bar,USDJPY,2025.09.30 05:45:00,0,
2025.09.30 06:19:59,scan_executed_new_execution_bar,USDJPY,2025.09.30 06:00:00,32,
2025.09.30 06:24:59,scan_skipped_same_execution_bar,USDJPY,2025.09.30 06:00:00,0,
2025.09.30 06:34:59,scan_executed_new_execution_bar,USDJPY,2025.09.30 06:15:00,0,
2025.09.30 06:39:59,scan_skipped_same_execution_bar,USDJPY,2025.09.30 06:15:00,0,
2025.09.30 06:49:59,scan_executed_new_execution_bar,USDJPY,2025.09.30 06:30:00,16,
2025.09.30 06:54:59,scan_skipped_same_execution_bar,USDJPY,2025.09.30 06:30:00,0,
2025.09.30 07:04:59,scan_executed_new_execution_bar,USDJPY,2025.09.30 06:45:00,0,
2025.09.30 07:09:59,scan_skipped_same_execution_bar,USDJPY,2025.09.30 06:45:00,0,
2025.09.30 07:19:59,scan_executed_new_execution_bar,USDJPY,2025.09.30 07:00:00,0,
2025.09.30 07:24:59,scan_skipped_same_execution_bar,USDJPY,2025.09.30 07:00:00,0,
2025.09.30 07:34:59,scan_executed_new_execution_bar,USDJPY,2025.09.30 07:15:00,0,
2025.09.30 07:39:59,scan_skipped_same_execution_bar,USDJPY,2025.09.30 07:15:00,0,
2025.09.30 07:49:59,scan_executed_new_execution_bar,USDJPY,2025.09.30 07:30:00,15,
2025.09.30 07:54:58,scan_skipped_same_execution_bar,USDJPY,2025.09.30 07:30:00,0,
2025.09.30 08:04:59,scan_executed_new_execution_bar,USDJPY,2025.09.30 07:45:00,0,
2025.09.30 08:09:59,scan_skipped_same_execution_bar,USDJPY,2025.09.30 07:45:00,0,
2025.09.30 08:19:59,scan_executed_new_execution_bar,USDJPY,2025.09.30 08:00:00,0,
2025.09.30 08:24:57,scan_skipped_same_execution_bar,USDJPY,2025.09.30 08:00:00,0,
2025.09.30 08:34:59,scan_executed_new_execution_bar,USDJPY,2025.09.30 08:15:00,16,
2025.09.30 08:39:59,scan_skipped_same_execution_bar,USDJPY,2025.09.30 08:15:00,0,
2025.09.30 08:49:59,scan_executed_new_execution_bar,USDJPY,2025.09.30 08:30:00,0,
2025.09.30 08:54:59,scan_skipped_same_execution_bar,USDJPY,2025.09.30 08:30:00,0,
2025.09.30 09:04:59,scan_executed_new_execution_bar,USDJPY,2025.09.30 08:45:00,31,
2025.09.30 09:09:59,scan_skipped_same_execution_bar,USDJPY,2025.09.30 08:45:00,0,
2025.09.30 09:20:00,scan_executed_new_execution_bar,USDJPY,2025.09.30 09:00:00,0,
2025.09.30 09:24:59,scan_skipped_same_execution_bar,USDJPY,2025.09.30 09:00:00,0,
2025.09.30 09:35:00,scan_executed_new_execution_bar,USDJPY,2025.09.30 09:15:00,0,
2025.09.30 09:39:59,scan_skipped_same_execution_bar,USDJPY,2025.09.30 09:15:00,0,
2025.09.30 09:49:59,scan_executed_new_execution_bar,USDJPY,2025.09.30 09:30:00,0,
2025.09.30 09:54:58,scan_skipped_same_execution_bar,USDJPY,2025.09.30 09:30:00,0,
2025.09.30 10:04:59,scan_executed_new_execution_bar,USDJPY,2025.09.30 09:45:00,15,
2025.09.30 10:09:59,scan_skipped_same_execution_bar,USDJPY,2025.09.30 09:45:00,0,
2025.09.30 10:19:59,scan_executed_new_execution_bar,USDJPY,2025.09.30 10:00:00,16,
2025.09.30 10:24:59,scan_skipped_same_execution_bar,USDJPY,2025.09.30 10:00:00,0,
2025.09.30 10:34:59,scan_executed_new_execution_bar,USDJPY,2025.09.30 10:15:00,16,
2025.09.30 10:39:59,scan_skipped_same_execution_bar,USDJPY,2025.09.30 10:15:00,0,
2025.09.30 10:49:59,scan_executed_new_execution_bar,USDJPY,2025.09.30 10:30:00,0,
2025.09.30 10:54:59,scan_skipped_same_execution_bar,USDJPY,2025.09.30 10:30:00,0,
2025.09.30 11:04:59,scan_executed_new_execution_bar,USDJPY,2025.09.30 10:45:00,31,
2025.09.30 11:09:59,scan_skipped_same_execution_bar,USDJPY,2025.09.30 10:45:00,0,
2025.09.30 11:19:59,scan_executed_new_execution_bar,USDJPY,2025.09.30 11:00:00,0,
2025.09.30 11:24:59,scan_skipped_same_execution_bar,USDJPY,2025.09.30 11:00:00,0,
2025.09.30 11:34:59,scan_executed_new_execution_bar,USDJPY,2025.09.30 11:15:00,0,
2025.09.30 11:39:59,scan_skipped_same_execution_bar,USDJPY,2025.09.30 11:15:00,0,
2025.09.30 11:49:59,scan_executed_new_execution_bar,USDJPY,2025.09.30 11:30:00,0,
2025.09.30 11:54:59,scan_skipped_same_execution_bar,USDJPY,2025.09.30 11:30:00,0,
2025.09.30 12:04:59,scan_executed_new_execution_bar,USDJPY,2025.09.30 11:45:00,16,
2025.09.30 12:09:59,scan_skipped_same_execution_bar,USDJPY,2025.09.30 11:45:00,0,
2025.09.30 12:19:59,scan_executed_new_execution_bar,USDJPY,2025.09.30 12:00:00,16,
2025.09.30 12:24:59,scan_skipped_same_execution_bar,USDJPY,2025.09.30 12:00:00,0,
2025.09.30 12:34:59,scan_executed_new_execution_bar,USDJPY,2025.09.30 12:15:00,0,
2025.09.30 12:39:59,scan_skipped_same_execution_bar,USDJPY,2025.09.30 12:15:00,0,
2025.09.30 12:49:59,scan_executed_new_execution_bar,USDJPY,2025.09.30 12:30:00,31,
2025.09.30 12:54:59,scan_skipped_same_execution_bar,USDJPY,2025.09.30 12:30:00,0,
2025.09.30 13:05:00,scan_executed_new_execution_bar,USDJPY,2025.09.30 12:45:00,31,
2025.09.30 13:09:59,scan_skipped_same_execution_bar,USDJPY,2025.09.30 12:45:00,0,
2025.09.30 13:19:59,scan_executed_new_execution_bar,USDJPY,2025.09.30 13:00:00,0,
2025.09.30 13:24:59,scan_skipped_same_execution_bar,USDJPY,2025.09.30 13:00:00,0,
2025.09.30 13:34:59,scan_executed_new_execution_bar,USDJPY,2025.09.30 13:15:00,0,
2025.09.30 13:39:59,scan_skipped_same_execution_bar,USDJPY,2025.09.30 13:15:00,0,
2025.09.30 13:49:59,scan_executed_new_execution_bar,USDJPY,2025.09.30 13:30:00,31,
2025.09.30 13:54:59,scan_skipped_same_execution_bar,USDJPY,2025.09.30 13:30:00,0,
2025.09.30 14:04:59,scan_executed_new_execution_bar,USDJPY,2025.09.30 13:45:00,0,
2025.09.30 14:09:59,scan_skipped_same_execution_bar,USDJPY,2025.09.30 13:45:00,0,
2025.09.30 14:19:59,scan_executed_new_execution_bar,USDJPY,2025.09.30 14:00:00,0,
2025.09.30 14:24:59,scan_skipped_same_execution_bar,USDJPY,2025.09.30 14:00:00,0,
2025.09.30 14:34:59,scan_executed_new_execution_bar,USDJPY,2025.09.30 14:15:00,0,
2025.09.30 14:39:59,scan_skipped_same_execution_bar,USDJPY,2025.09.30 14:15:00,0,
2025.09.30 14:49:59,scan_executed_new_execution_bar,USDJPY,2025.09.30 14:30:00,0,
2025.09.30 14:54:59,scan_skipped_same_execution_bar,USDJPY,2025.09.30 14:30:00,0,
2025.09.30 15:04:59,scan_executed_new_execution_bar,USDJPY,2025.09.30 14:45:00,0,
2025.09.30 15:09:59,scan_skipped_same_execution_bar,USDJPY,2025.09.30 14:45:00,0,
2025.09.30 15:19:59,scan_executed_new_execution_bar,USDJPY,2025.09.30 15:00:00,0,
2025.09.30 15:24:57,scan_skipped_same_execution_bar,USDJPY,2025.09.30 15:00:00,0,
2025.09.30 15:34:59,scan_executed_new_execution_bar,USDJPY,2025.09.30 15:15:00,0,
2025.09.30 15:39:59,scan_skipped_same_execution_bar,USDJPY,2025.09.30 15:15:00,0,
2025.09.30 15:49:59,scan_executed_new_execution_bar,USDJPY,2025.09.30 15:30:00,0,
2025.09.30 15:54:59,scan_skipped_same_execution_bar,USDJPY,2025.09.30 15:30:00,0,
2025.09.30 16:04:59,scan_executed_new_execution_bar,USDJPY,2025.09.30 15:45:00,0,
2025.09.30 16:09:59,scan_skipped_same_execution_bar,USDJPY,2025.09.30 15:45:00,0,
2025.09.30 16:19:59,scan_executed_new_execution_bar,USDJPY,2025.09.30 16:00:00,0,
2025.09.30 16:24:59,scan_skipped_same_execution_bar,USDJPY,2025.09.30 16:00:00,0,
2025.09.30 16:34:59,scan_executed_new_execution_bar,USDJPY,2025.09.30 16:15:00,0,
2025.09.30 16:39:59,scan_skipped_same_execution_bar,USDJPY,2025.09.30 16:15:00,0,
2025.09.30 16:49:59,scan_executed_new_execution_bar,USDJPY,2025.09.30 16:30:00,0,
2025.09.30 16:54:58,scan_skipped_same_execution_bar,USDJPY,2025.09.30 16:30:00,0,
2025.09.30 17:04:59,scan_executed_new_execution_bar,USDJPY,2025.09.30 16:45:00,0,
2025.09.30 17:09:59,scan_skipped_same_execution_bar,USDJPY,2025.09.30 16:45:00,0,
2025.09.30 17:19:59,scan_executed_new_execution_bar,USDJPY,2025.09.30 17:00:00,0,
2025.09.30 17:24:59,scan_skipped_same_execution_bar,USDJPY,2025.09.30 17:00:00,0,
2025.09.30 17:34:59,scan_executed_new_execution_bar,USDJPY,2025.09.30 17:15:00,0,
2025.09.30 17:39:59,scan_skipped_same_execution_bar,USDJPY,2025.09.30 17:15:00,0,
2025.09.30 17:49:59,scan_executed_new_execution_bar,USDJPY,2025.09.30 17:30:00,0,
2025.09.30 17:54:59,scan_skipped_same_execution_bar,USDJPY,2025.09.30 17:30:00,0,
2025.09.30 18:04:59,scan_executed_new_execution_bar,USDJPY,2025.09.30 17:45:00,0,
2025.09.30 18:09:59,scan_skipped_same_execution_bar,USDJPY,2025.09.30 17:45:00,0,
2025.09.30 18:19:59,scan_executed_new_execution_bar,USDJPY,2025.09.30 18:00:00,63,
2025.09.30 18:24:59,scan_skipped_same_execution_bar,USDJPY,2025.09.30 18:00:00,0,
2025.09.30 18:34:59,scan_executed_new_execution_bar,USDJPY,2025.09.30 18:15:00,31,
2025.09.30 18:39:59,scan_skipped_same_execution_bar,USDJPY,2025.09.30 18:15:00,0,
2025.09.30 18:49:59,scan_executed_new_execution_bar,USDJPY,2025.09.30 18:30:00,47,
2025.09.30 18:55:00,scan_skipped_same_execution_bar,USDJPY,2025.09.30 18:30:00,0,
2025.09.30 19:04:59,scan_executed_new_execution_bar,USDJPY,2025.09.30 18:45:00,15,
2025.09.30 19:09:59,scan_skipped_same_execution_bar,USDJPY,2025.09.30 18:45:00,0,
2025.09.30 19:19:59,scan_executed_new_execution_bar,USDJPY,2025.09.30 19:00:00,0,
2025.09.30 19:24:59,scan_skipped_same_execution_bar,USDJPY,2025.09.30 19:00:00,0,
2025.09.30 19:34:59,scan_executed_new_execution_bar,USDJPY,2025.09.30 19:15:00,0,
2025.09.30 19:39:59,scan_skipped_same_execution_bar,USDJPY,2025.09.30 19:15:00,0,
2025.09.30 19:49:59,scan_executed_new_execution_bar,USDJPY,2025.09.30 19:30:00,0,
2025.09.30 19:54:59,scan_skipped_same_execution_bar,USDJPY,2025.09.30 19:30:00,0,
2025.09.30 20:04:59,scan_executed_new_execution_bar,USDJPY,2025.09.30 19:45:00,0,
2025.09.30 20:09:59,scan_skipped_same_execution_bar,USDJPY,2025.09.30 19:45:00,0,
2025.09.30 20:19:59,scan_executed_new_execution_bar,USDJPY,2025.09.30 20:00:00,32,
2025.09.30 20:24:59,scan_skipped_same_execution_bar,USDJPY,2025.09.30 20:00:00,0,
2025.09.30 20:34:59,scan_executed_new_execution_bar,USDJPY,2025.09.30 20:15:00,0,
2025.09.30 20:39:59,scan_skipped_same_execution_bar,USDJPY,2025.09.30 20:15:00,0,
2025.09.30 20:49:59,scan_executed_new_execution_bar,USDJPY,2025.09.30 20:30:00,16,
2025.09.30 20:54:59,scan_skipped_same_execution_bar,USDJPY,2025.09.30 20:30:00,0,
2025.09.30 21:04:59,scan_executed_new_execution_bar,USDJPY,2025.09.30 20:45:00,0,
2025.09.30 21:09:59,scan_skipped_same_execution_bar,USDJPY,2025.09.30 20:45:00,0,
2025.09.30 21:19:59,scan_executed_new_execution_bar,USDJPY,2025.09.30 21:00:00,15,
2025.09.30 21:24:59,scan_skipped_same_execution_bar,USDJPY,2025.09.30 21:00:00,0,
2025.09.30 21:34:59,scan_executed_new_execution_bar,USDJPY,2025.09.30 21:15:00,0,
2025.09.30 21:39:59,scan_skipped_same_execution_bar,USDJPY,2025.09.30 21:15:00,0,
2025.09.30 21:49:59,scan_executed_new_execution_bar,USDJPY,2025.09.30 21:30:00,0,
2025.09.30 21:54:59,scan_skipped_same_execution_bar,USDJPY,2025.09.30 21:30:00,0,
2025.09.30 22:04:59,scan_executed_new_execution_bar,USDJPY,2025.09.30 21:45:00,0,
2025.09.30 22:09:59,scan_skipped_same_execution_bar,USDJPY,2025.09.30 21:45:00,0,
2025.09.30 22:19:59,scan_executed_new_execution_bar,USDJPY,2025.09.30 22:00:00,0,
2025.09.30 22:24:59,scan_skipped_same_execution_bar,USDJPY,2025.09.30 22:00:00,0,
2025.09.30 22:34:59,scan_executed_new_execution_bar,USDJPY,2025.09.30 22:15:00,0,
2025.09.30 22:39:58,scan_skipped_same_execution_bar,USDJPY,2025.09.30 22:15:00,0,
2025.09.30 22:49:59,scan_executed_new_execution_bar,USDJPY,2025.09.30 22:30:00,0,
2025.09.30 22:54:59,scan_skipped_same_execution_bar,USDJPY,2025.09.30 22:30:00,0,
2025.09.30 23:04:59,scan_executed_new_execution_bar,USDJPY,2025.09.30 22:45:00,0,
2025.09.30 23:09:59,scan_skipped_same_execution_bar,USDJPY,2025.09.30 22:45:00,0,
2025.09.30 23:19:59,scan_executed_new_execution_bar,USDJPY,2025.09.30 23:00:00,0,
2025.09.30 23:24:59,scan_skipped_same_execution_bar,USDJPY,2025.09.30 23:00:00,0,
2025.09.30 23:34:59,scan_executed_new_execution_bar,USDJPY,2025.09.30 23:15:00,0,
2025.09.30 23:39:57,scan_skipped_same_execution_bar,USDJPY,2025.09.30 23:15:00,0,
2025.09.30 23:49:59,scan_executed_new_execution_bar,USDJPY,2025.09.30 23:30:00,0,
2025.09.30 23:54:59,scan_skipped_same_execution_bar,USDJPY,2025.09.30 23:30:00,0,
2025.10.01 00:04:58,scan_executed_new_execution_bar,USDJPY,2025.09.30 23:45:00,0,
2025.10.01 00:09:59,scan_skipped_same_execution_bar,USDJPY,2025.09.30 23:45:00,0,
2025.10.01 00:19:59,scan_executed_new_execution_bar,USDJPY,2025.10.01 00:00:00,0,
2025.10.01 00:24:56,scan_skipped_same_execution_bar,USDJPY,2025.10.01 00:00:00,0,
2025.10.01 00:34:58,scan_executed_new_execution_bar,USDJPY,2025.10.01 00:15:00,0,
2025.10.01 00:39:56,scan_skipped_same_execution_bar,USDJPY,2025.10.01 00:15:00,0,
2025.10.01 00:49:59,scan_executed_new_execution_bar,USDJPY,2025.10.01 00:30:00,0,
2025.10.01 00:54:51,scan_skipped_same_execution_bar,USDJPY,2025.10.01 00:30:00,0,
2025.10.01 01:04:58,scan_executed_new_execution_bar,USDJPY,2025.10.01 00:45:00,0,
2025.10.01 01:09:52,scan_skipped_same_execution_bar,USDJPY,2025.10.01 00:45:00,0,
2025.10.01 01:19:59,scan_executed_new_execution_bar,USDJPY,2025.10.01 01:00:00,0,
2025.10.01 01:24:59,scan_skipped_same_execution_bar,USDJPY,2025.10.01 01:00:00,0,
2025.10.01 01:34:58,scan_executed_new_execution_bar,USDJPY,2025.10.01 01:15:00,0,
2025.10.01 01:39:59,scan_skipped_same_execution_bar,USDJPY,2025.10.01 01:15:00,0,
2025.10.01 01:49:59,scan_executed_new_execution_bar,USDJPY,2025.10.01 01:30:00,0,
2025.10.01 01:54:59,scan_skipped_same_execution_bar,USDJPY,2025.10.01 01:30:00,0,
2025.10.01 02:04:59,scan_executed_new_execution_bar,USDJPY,2025.10.01 01:45:00,0,
2025.10.01 02:09:59,scan_skipped_same_execution_bar,USDJPY,2025.10.01 01:45:00,0,
2025.10.01 02:19:59,scan_executed_new_execution_bar,USDJPY,2025.10.01 02:00:00,16,
2025.10.01 02:24:55,scan_skipped_same_execution_bar,USDJPY,2025.10.01 02:00:00,0,
2025.10.01 02:34:59,scan_executed_new_execution_bar,USDJPY,2025.10.01 02:15:00,0,
2025.10.01 02:39:59,scan_skipped_same_execution_bar,USDJPY,2025.10.01 02:15:00,0,
2025.10.01 02:49:59,scan_executed_new_execution_bar,USDJPY,2025.10.01 02:30:00,0,
2025.10.01 02:54:59,scan_skipped_same_execution_bar,USDJPY,2025.10.01 02:30:00,0,
2025.10.01 03:04:59,scan_executed_new_execution_bar,USDJPY,2025.10.01 02:45:00,0,
2025.10.01 03:09:59,scan_skipped_same_execution_bar,USDJPY,2025.10.01 02:45:00,0,
2025.10.01 03:19:59,scan_executed_new_execution_bar,USDJPY,2025.10.01 03:00:00,0,
2025.10.01 03:24:59,scan_skipped_same_execution_bar,USDJPY,2025.10.01 03:00:00,0,
2025.10.01 03:34:59,scan_executed_new_execution_bar,USDJPY,2025.10.01 03:15:00,0,
2025.10.01 03:39:59,scan_skipped_same_execution_bar,USDJPY,2025.10.01 03:15:00,0,
2025.10.01 03:49:59,scan_executed_new_execution_bar,USDJPY,2025.10.01 03:30:00,0,
2025.10.01 03:54:59,scan_skipped_same_execution_bar,USDJPY,2025.10.01 03:30:00,0,
2025.10.01 04:04:59,scan_executed_new_execution_bar,USDJPY,2025.10.01 03:45:00,15,
2025.10.01 04:09:59,scan_skipped_same_execution_bar,USDJPY,2025.10.01 03:45:00,0,
2025.10.01 04:19:59,scan_executed_new_execution_bar,USDJPY,2025.10.01 04:00:00,0,
2025.10.01 04:24:59,scan_skipped_same_execution_bar,USDJPY,2025.10.01 04:00:00,0,
2025.10.01 04:34:59,scan_executed_new_execution_bar,USDJPY,2025.10.01 04:15:00,0,
2025.10.01 04:39:59,scan_skipped_same_execution_bar,USDJPY,2025.10.01 04:15:00,0,
2025.10.01 04:49:59,scan_executed_new_execution_bar,USDJPY,2025.10.01 04:30:00,0,
2025.10.01 04:54:59,scan_skipped_same_execution_bar,USDJPY,2025.10.01 04:30:00,0,
2025.10.01 05:04:59,scan_executed_new_execution_bar,USDJPY,2025.10.01 04:45:00,16,
2025.10.01 05:09:59,scan_skipped_same_execution_bar,USDJPY,2025.10.01 04:45:00,0,
2025.10.01 05:19:59,scan_executed_new_execution_bar,USDJPY,2025.10.01 05:00:00,15,
2025.10.01 05:24:59,scan_skipped_same_execution_bar,USDJPY,2025.10.01 05:00:00,0,
2025.10.01 05:34:57,scan_executed_new_execution_bar,USDJPY,2025.10.01 05:15:00,0,
2025.10.01 05:39:59,scan_skipped_same_execution_bar,USDJPY,2025.10.01 05:15:00,0,
2025.10.01 05:49:59,scan_executed_new_execution_bar,USDJPY,2025.10.01 05:30:00,0,
2025.10.01 05:54:59,scan_skipped_same_execution_bar,USDJPY,2025.10.01 05:30:00,0,
2025.10.01 06:04:59,scan_executed_new_execution_bar,USDJPY,2025.10.01 05:45:00,0,
2025.10.01 06:09:56,scan_skipped_same_execution_bar,USDJPY,2025.10.01 05:45:00,0,
2025.10.01 06:19:57,scan_executed_new_execution_bar,USDJPY,2025.10.01 06:00:00,0,
2025.10.01 06:24:59,scan_skipped_same_execution_bar,USDJPY,2025.10.01 06:00:00,0,
2025.10.01 06:34:59,scan_executed_new_execution_bar,USDJPY,2025.10.01 06:15:00,0,
2025.10.01 06:39:59,scan_skipped_same_execution_bar,USDJPY,2025.10.01 06:15:00,0,
2025.10.01 06:50:00,scan_executed_new_execution_bar,USDJPY,2025.10.01 06:30:00,0,
2025.10.01 06:54:59,scan_skipped_same_execution_bar,USDJPY,2025.10.01 06:30:00,0,
2025.10.01 07:05:00,scan_executed_new_execution_bar,USDJPY,2025.10.01 06:45:00,0,
2025.10.01 07:09:59,scan_skipped_same_execution_bar,USDJPY,2025.10.01 06:45:00,0,
2025.10.01 07:19:59,scan_executed_new_execution_bar,USDJPY,2025.10.01 07:00:00,0,
2025.10.01 07:24:59,scan_skipped_same_execution_bar,USDJPY,2025.10.01 07:00:00,0,
2025.10.01 07:34:59,scan_executed_new_execution_bar,USDJPY,2025.10.01 07:15:00,0,
2025.10.01 07:39:59,scan_skipped_same_execution_bar,USDJPY,2025.10.01 07:15:00,0,
2025.10.01 07:49:59,scan_executed_new_execution_bar,USDJPY,2025.10.01 07:30:00,0,
2025.10.01 07:54:59,scan_skipped_same_execution_bar,USDJPY,2025.10.01 07:30:00,0,
2025.10.01 08:04:59,scan_executed_new_execution_bar,USDJPY,2025.10.01 07:45:00,0,
2025.10.01 08:09:59,scan_skipped_same_execution_bar,USDJPY,2025.10.01 07:45:00,0,
2025.10.01 08:19:59,scan_executed_new_execution_bar,USDJPY,2025.10.01 08:00:00,0,
2025.10.01 08:24:59,scan_skipped_same_execution_bar,USDJPY,2025.10.01 08:00:00,0,
2025.10.01 08:34:58,scan_executed_new_execution_bar,USDJPY,2025.10.01 08:15:00,0,
2025.10.01 08:39:59,scan_skipped_same_execution_bar,USDJPY,2025.10.01 08:15:00,0,
2025.10.01 08:49:59,scan_executed_new_execution_bar,USDJPY,2025.10.01 08:30:00,15,
2025.10.01 08:54:59,scan_skipped_same_execution_bar,USDJPY,2025.10.01 08:30:00,0,
2025.10.01 09:04:59,scan_executed_new_execution_bar,USDJPY,2025.10.01 08:45:00,0,
2025.10.01 09:09:59,scan_skipped_same_execution_bar,USDJPY,2025.10.01 08:45:00,0,
2025.10.01 09:19:59,scan_executed_new_execution_bar,USDJPY,2025.10.01 09:00:00,0,
2025.10.01 09:24:59,scan_skipped_same_execution_bar,USDJPY,2025.10.01 09:00:00,0,
2025.10.01 09:34:59,scan_executed_new_execution_bar,USDJPY,2025.10.01 09:15:00,0,
2025.10.01 09:39:59,scan_skipped_same_execution_bar,USDJPY,2025.10.01 09:15:00,0,
2025.10.01 09:49:59,scan_executed_new_execution_bar,USDJPY,2025.10.01 09:30:00,0,
2025.10.01 09:54:59,scan_skipped_same_execution_bar,USDJPY,2025.10.01 09:30:00,0,
2025.10.01 10:04:59,scan_executed_new_execution_bar,USDJPY,2025.10.01 09:45:00,0,
2025.10.01 10:09:59,scan_skipped_same_execution_bar,USDJPY,2025.10.01 09:45:00,0,
2025.10.01 10:19:59,scan_executed_new_execution_bar,USDJPY,2025.10.01 10:00:00,0,
2025.10.01 10:24:59,scan_skipped_same_execution_bar,USDJPY,2025.10.01 10:00:00,0,
2025.10.01 10:34:59,scan_executed_new_execution_bar,USDJPY,2025.10.01 10:15:00,16,
2025.10.01 10:39:59,scan_skipped_same_execution_bar,USDJPY,2025.10.01 10:15:00,0,
2025.10.01 10:49:59,scan_executed_new_execution_bar,USDJPY,2025.10.01 10:30:00,0,
2025.10.01 10:54:59,scan_skipped_same_execution_bar,USDJPY,2025.10.01 10:30:00,0,
2025.10.01 11:04:59,scan_executed_new_execution_bar,USDJPY,2025.10.01 10:45:00,0,
2025.10.01 11:09:59,scan_skipped_same_execution_bar,USDJPY,2025.10.01 10:45:00,0,
2025.10.01 11:19:59,scan_executed_new_execution_bar,USDJPY,2025.10.01 11:00:00,0,
2025.10.01 11:24:59,scan_skipped_same_execution_bar,USDJPY,2025.10.01 11:00:00,0,
2025.10.01 11:34:59,scan_executed_new_execution_bar,USDJPY,2025.10.01 11:15:00,0,
2025.10.01 11:39:59,scan_skipped_same_execution_bar,USDJPY,2025.10.01 11:15:00,0,
2025.10.01 11:49:59,scan_executed_new_execution_bar,USDJPY,2025.10.01 11:30:00,16,
2025.10.01 11:54:59,scan_skipped_same_execution_bar,USDJPY,2025.10.01 11:30:00,0,
2025.10.01 12:04:58,scan_executed_new_execution_bar,USDJPY,2025.10.01 11:45:00,16,
2025.10.01 12:09:59,scan_skipped_same_execution_bar,USDJPY,2025.10.01 11:45:00,0,
2025.10.01 12:19:59,scan_executed_new_execution_bar,USDJPY,2025.10.01 12:00:00,0,
2025.10.01 12:24:58,scan_skipped_same_execution_bar,USDJPY,2025.10.01 12:00:00,0,
2025.10.01 12:34:59,scan_executed_new_execution_bar,USDJPY,2025.10.01 12:15:00,32,
2025.10.01 12:39:59,scan_skipped_same_execution_bar,USDJPY,2025.10.01 12:15:00,0,
2025.10.01 12:49:59,scan_executed_new_execution_bar,USDJPY,2025.10.01 12:30:00,0,
2025.10.01 12:54:59,scan_skipped_same_execution_bar,USDJPY,2025.10.01 12:30:00,0,
2025.10.01 13:04:59,scan_executed_new_execution_bar,USDJPY,2025.10.01 12:45:00,16,
2025.10.01 13:09:59,scan_skipped_same_execution_bar,USDJPY,2025.10.01 12:45:00,0,
2025.10.01 13:19:59,scan_executed_new_execution_bar,USDJPY,2025.10.01 13:00:00,0,
2025.10.01 13:24:59,scan_skipped_same_execution_bar,USDJPY,2025.10.01 13:00:00,0,
2025.10.01 13:34:59,scan_executed_new_execution_bar,USDJPY,2025.10.01 13:15:00,32,
2025.10.01 13:39:59,scan_skipped_same_execution_bar,USDJPY,2025.10.01 13:15:00,0,
2025.10.01 13:49:59,scan_executed_new_execution_bar,USDJPY,2025.10.01 13:30:00,0,
2025.10.01 13:54:59,scan_skipped_same_execution_bar,USDJPY,2025.10.01 13:30:00,0,
2025.10.01 14:04:59,scan_executed_new_execution_bar,USDJPY,2025.10.01 13:45:00,0,
2025.10.01 14:09:59,scan_skipped_same_execution_bar,USDJPY,2025.10.01 13:45:00,0,
2025.10.01 14:19:59,scan_executed_new_execution_bar,USDJPY,2025.10.01 14:00:00,31,
2025.10.01 14:24:59,scan_skipped_same_execution_bar,USDJPY,2025.10.01 14:00:00,0,
2025.10.01 14:34:59,scan_executed_new_execution_bar,USDJPY,2025.10.01 14:15:00,16,
2025.10.01 14:39:59,scan_skipped_same_execution_bar,USDJPY,2025.10.01 14:15:00,0,
2025.10.01 14:49:59,scan_executed_new_execution_bar,USDJPY,2025.10.01 14:30:00,15,
2025.10.01 14:54:59,scan_skipped_same_execution_bar,USDJPY,2025.10.01 14:30:00,0,
2025.10.01 15:04:59,scan_executed_new_execution_bar,USDJPY,2025.10.01 14:45:00,0,
2025.10.01 15:09:59,scan_skipped_same_execution_bar,USDJPY,2025.10.01 14:45:00,0,
2025.10.01 15:19:59,scan_executed_new_execution_bar,USDJPY,2025.10.01 15:00:00,16,
2025.10.01 15:24:59,scan_skipped_same_execution_bar,USDJPY,2025.10.01 15:00:00,0,
2025.10.01 15:34:59,scan_executed_new_execution_bar,USDJPY,2025.10.01 15:15:00,0,
2025.10.01 15:39:59,scan_skipped_same_execution_bar,USDJPY,2025.10.01 15:15:00,0,
2025.10.01 15:49:59,scan_executed_new_execution_bar,USDJPY,2025.10.01 15:30:00,0,
2025.10.01 15:54:59,scan_skipped_same_execution_bar,USDJPY,2025.10.01 15:30:00,0,
2025.10.01 16:04:59,scan_executed_new_execution_bar,USDJPY,2025.10.01 15:45:00,31,
2025.10.01 16:09:59,scan_skipped_same_execution_bar,USDJPY,2025.10.01 15:45:00,0,
2025.10.01 16:19:59,scan_executed_new_execution_bar,USDJPY,2025.10.01 16:00:00,0,
2025.10.01 16:24:59,scan_skipped_same_execution_bar,USDJPY,2025.10.01 16:00:00,0,
2025.10.01 16:34:59,scan_executed_new_execution_bar,USDJPY,2025.10.01 16:15:00,0,
2025.10.01 16:39:59,scan_skipped_same_execution_bar,USDJPY,2025.10.01 16:15:00,0,
2025.10.01 16:49:59,scan_executed_new_execution_bar,USDJPY,2025.10.01 16:30:00,0,
2025.10.01 16:55:00,scan_skipped_same_execution_bar,USDJPY,2025.10.01 16:30:00,0,
2025.10.01 17:04:59,scan_executed_new_execution_bar,USDJPY,2025.10.01 16:45:00,31,
2025.10.01 17:09:59,scan_skipped_same_execution_bar,USDJPY,2025.10.01 16:45:00,0,
2025.10.01 17:19:59,scan_executed_new_execution_bar,USDJPY,2025.10.01 17:00:00,31,
2025.10.01 17:24:59,scan_skipped_same_execution_bar,USDJPY,2025.10.01 17:00:00,0,
2025.10.01 17:34:59,scan_executed_new_execution_bar,USDJPY,2025.10.01 17:15:00,0,
2025.10.01 17:39:59,scan_skipped_same_execution_bar,USDJPY,2025.10.01 17:15:00,0,
2025.10.01 17:49:59,scan_executed_new_execution_bar,USDJPY,2025.10.01 17:30:00,0,
2025.10.01 17:54:59,scan_skipped_same_execution_bar,USDJPY,2025.10.01 17:30:00,0,
2025.10.01 18:04:59,scan_executed_new_execution_bar,USDJPY,2025.10.01 17:45:00,63,
2025.10.01 18:09:59,scan_skipped_same_execution_bar,USDJPY,2025.10.01 17:45:00,0,
2025.10.01 18:19:59,scan_executed_new_execution_bar,USDJPY,2025.10.01 18:00:00,31,
2025.10.01 18:24:59,scan_skipped_same_execution_bar,USDJPY,2025.10.01 18:00:00,0,
2025.10.01 18:34:59,scan_executed_new_execution_bar,USDJPY,2025.10.01 18:15:00,0,
2025.10.01 18:39:59,scan_skipped_same_execution_bar,USDJPY,2025.10.01 18:15:00,0,
2025.10.01 18:49:59,scan_executed_new_execution_bar,USDJPY,2025.10.01 18:30:00,0,
2025.10.01 18:54:59,scan_skipped_same_execution_bar,USDJPY,2025.10.01 18:30:00,0,
2025.10.01 19:04:59,scan_executed_new_execution_bar,USDJPY,2025.10.01 18:45:00,0,
2025.10.01 19:10:00,scan_skipped_same_execution_bar,USDJPY,2025.10.01 18:45:00,0,
2025.10.01 19:19:59,scan_executed_new_execution_bar,USDJPY,2025.10.01 19:00:00,0,
2025.10.01 19:24:59,scan_skipped_same_execution_bar,USDJPY,2025.10.01 19:00:00,0,
2025.10.01 19:34:59,scan_executed_new_execution_bar,USDJPY,2025.10.01 19:15:00,0,
2025.10.01 19:39:59,scan_skipped_same_execution_bar,USDJPY,2025.10.01 19:15:00,0,
2025.10.01 19:49:59,scan_executed_new_execution_bar,USDJPY,2025.10.01 19:30:00,0,
2025.10.01 19:54:59,scan_skipped_same_execution_bar,USDJPY,2025.10.01 19:30:00,0,
2025.10.01 20:04:59,scan_executed_new_execution_bar,USDJPY,2025.10.01 19:45:00,31,
2025.10.01 20:09:59,scan_skipped_same_execution_bar,USDJPY,2025.10.01 19:45:00,0,
2025.10.01 20:19:58,scan_executed_new_execution_bar,USDJPY,2025.10.01 20:00:00,31,
2025.10.01 20:24:59,scan_skipped_same_execution_bar,USDJPY,2025.10.01 20:00:00,0,
2025.10.01 20:34:59,scan_executed_new_execution_bar,USDJPY,2025.10.01 20:15:00,16,
2025.10.01 20:39:59,scan_skipped_same_execution_bar,USDJPY,2025.10.01 20:15:00,0,
2025.10.01 20:49:59,scan_executed_new_execution_bar,USDJPY,2025.10.01 20:30:00,0,
2025.10.01 20:54:59,scan_skipped_same_execution_bar,USDJPY,2025.10.01 20:30:00,0,
2025.10.01 21:04:58,scan_executed_new_execution_bar,USDJPY,2025.10.01 20:45:00,0,
2025.10.01 21:09:59,scan_skipped_same_execution_bar,USDJPY,2025.10.01 20:45:00,0,
2025.10.01 21:19:59,scan_executed_new_execution_bar,USDJPY,2025.10.01 21:00:00,15,
2025.10.01 21:24:59,scan_skipped_same_execution_bar,USDJPY,2025.10.01 21:00:00,0,
2025.10.01 21:34:59,scan_executed_new_execution_bar,USDJPY,2025.10.01 21:15:00,0,
2025.10.01 21:39:59,scan_skipped_same_execution_bar,USDJPY,2025.10.01 21:15:00,0,
2025.10.01 21:49:59,scan_executed_new_execution_bar,USDJPY,2025.10.01 21:30:00,0,
2025.10.01 21:54:59,scan_skipped_same_execution_bar,USDJPY,2025.10.01 21:30:00,0,
2025.10.01 22:04:59,scan_executed_new_execution_bar,USDJPY,2025.10.01 21:45:00,0,
2025.10.01 22:09:59,scan_skipped_same_execution_bar,USDJPY,2025.10.01 21:45:00,0,
2025.10.01 22:19:59,scan_executed_new_execution_bar,USDJPY,2025.10.01 22:00:00,0,
2025.10.01 22:24:50,scan_skipped_same_execution_bar,USDJPY,2025.10.01 22:00:00,0,
2025.10.01 22:34:59,scan_executed_new_execution_bar,USDJPY,2025.10.01 22:15:00,0,
2025.10.01 22:39:58,scan_skipped_same_execution_bar,USDJPY,2025.10.01 22:15:00,0,
2025.10.01 22:49:59,scan_executed_new_execution_bar,USDJPY,2025.10.01 22:30:00,0,
2025.10.01 22:54:58,scan_skipped_same_execution_bar,USDJPY,2025.10.01 22:30:00,0,
2025.10.01 23:04:56,scan_executed_new_execution_bar,USDJPY,2025.10.01 22:45:00,0,
2025.10.01 23:09:59,scan_skipped_same_execution_bar,USDJPY,2025.10.01 22:45:00,0,
2025.10.01 23:19:56,scan_executed_new_execution_bar,USDJPY,2025.10.01 23:00:00,0,
2025.10.01 23:24:58,scan_skipped_same_execution_bar,USDJPY,2025.10.01 23:00:00,0,
2025.10.01 23:34:59,scan_executed_new_execution_bar,USDJPY,2025.10.01 23:15:00,0,
2025.10.01 23:39:59,scan_skipped_same_execution_bar,USDJPY,2025.10.01 23:15:00,0,
2025.10.01 23:49:59,scan_executed_new_execution_bar,USDJPY,2025.10.01 23:30:00,0,
2025.10.01 23:54:59,scan_skipped_same_execution_bar,USDJPY,2025.10.01 23:30:00,0,
2025.10.02 00:05:00,scan_executed_new_execution_bar,USDJPY,2025.10.01 23:45:00,0,
2025.10.02 00:10:00,scan_skipped_same_execution_bar,USDJPY,2025.10.01 23:45:00,0,
2025.10.02 00:20:00,scan_executed_new_execution_bar,USDJPY,2025.10.02 00:00:00,0,
2025.10.02 00:25:00,scan_skipped_same_execution_bar,USDJPY,2025.10.02 00:00:00,0,
2025.10.02 00:35:00,scan_executed_new_execution_bar,USDJPY,2025.10.02 00:15:00,0,
2025.10.02 00:40:00,scan_skipped_same_execution_bar,USDJPY,2025.10.02 00:15:00,0,
2025.10.02 00:50:00,scan_executed_new_execution_bar,USDJPY,2025.10.02 00:30:00,0,
2025.10.02 00:55:00,scan_skipped_same_execution_bar,USDJPY,2025.10.02 00:30:00,0,
2025.10.02 01:00:00,scan_executed_new_execution_bar,USDJPY,2025.10.02 00:45:00,0,
2025.10.02 01:05:00,scan_skipped_same_execution_bar,USDJPY,2025.10.02 00:45:00,0,
2025.10.02 01:15:00,scan_executed_new_execution_bar,USDJPY,2025.10.02 01:00:00,0,
2025.10.02 01:20:00,scan_skipped_same_execution_bar,USDJPY,2025.10.02 01:00:00,0,
2025.10.02 01:30:00,scan_executed_new_execution_bar,USDJPY,2025.10.02 01:15:00,0,
2025.10.02 01:35:00,scan_skipped_same_execution_bar,USDJPY,2025.10.02 01:15:00,0,
2025.10.02 01:45:00,scan_executed_new_execution_bar,USDJPY,2025.10.02 01:30:00,0,
2025.10.02 01:50:00,scan_skipped_same_execution_bar,USDJPY,2025.10.02 01:30:00,0,
2025.10.02 02:00:00,scan_executed_new_execution_bar,USDJPY,2025.10.02 01:45:00,0,
2025.10.02 02:05:00,scan_skipped_same_execution_bar,USDJPY,2025.10.02 01:45:00,0,
2025.10.02 02:15:00,scan_executed_new_execution_bar,USDJPY,2025.10.02 02:00:00,0,
2025.10.02 02:20:00,scan_skipped_same_execution_bar,USDJPY,2025.10.02 02:00:00,0,
2025.10.02 02:30:00,scan_executed_new_execution_bar,USDJPY,2025.10.02 02:15:00,0,
2025.10.02 02:35:00,scan_skipped_same_execution_bar,USDJPY,2025.10.02 02:15:00,0,
2025.10.02 02:45:00,scan_executed_new_execution_bar,USDJPY,2025.10.02 02:30:00,0,
2025.10.02 02:50:00,scan_skipped_same_execution_bar,USDJPY,2025.10.02 02:30:00,0,
2025.10.02 03:00:00,scan_executed_new_execution_bar,USDJPY,2025.10.02 02:45:00,0,
2025.10.02 03:05:00,scan_skipped_same_execution_bar,USDJPY,2025.10.02 02:45:00,0,
2025.10.02 03:15:00,scan_executed_new_execution_bar,USDJPY,2025.10.02 03:00:00,0,
2025.10.02 03:20:00,scan_skipped_same_execution_bar,USDJPY,2025.10.02 03:00:00,0,
2025.10.02 03:30:00,scan_executed_new_execution_bar,USDJPY,2025.10.02 03:15:00,0,
2025.10.02 03:35:00,scan_skipped_same_execution_bar,USDJPY,2025.10.02 03:15:00,0,
2025.10.02 03:45:00,scan_executed_new_execution_bar,USDJPY,2025.10.02 03:30:00,0,
2025.10.02 03:50:00,scan_skipped_same_execution_bar,USDJPY,2025.10.02 03:30:00,0,
2025.10.02 04:00:00,scan_executed_new_execution_bar,USDJPY,2025.10.02 03:45:00,0,
2025.10.02 04:05:00,scan_skipped_same_execution_bar,USDJPY,2025.10.02 03:45:00,0,
2025.10.02 04:15:00,scan_executed_new_execution_bar,USDJPY,2025.10.02 04:00:00,16,
2025.10.02 04:20:00,scan_skipped_same_execution_bar,USDJPY,2025.10.02 04:00:00,0,
2025.10.02 04:30:00,scan_executed_new_execution_bar,USDJPY,2025.10.02 04:15:00,0,
2025.10.02 04:35:00,scan_skipped_same_execution_bar,USDJPY,2025.10.02 04:15:00,0,
2025.10.02 04:45:00,scan_executed_new_execution_bar,USDJPY,2025.10.02 04:30:00,0,
2025.10.02 04:50:00,scan_skipped_same_execution_bar,USDJPY,2025.10.02 04:30:00,0,
2025.10.02 05:00:00,scan_executed_new_execution_bar,USDJPY,2025.10.02 04:45:00,0,
2025.10.02 05:05:00,scan_skipped_same_execution_bar,USDJPY,2025.10.02 04:45:00,0,
2025.10.02 05:15:00,scan_executed_new_execution_bar,USDJPY,2025.10.02 05:00:00,0,
2025.10.02 05:20:00,scan_skipped_same_execution_bar,USDJPY,2025.10.02 05:00:00,0,
2025.10.02 05:30:00,scan_executed_new_execution_bar,USDJPY,2025.10.02 05:15:00,16,
2025.10.02 05:35:00,scan_skipped_same_execution_bar,USDJPY,2025.10.02 05:15:00,0,
2025.10.02 05:50:00,scan_executed_new_execution_bar,USDJPY,2025.10.02 05:30:00,16,
2025.10.02 05:55:00,scan_skipped_same_execution_bar,USDJPY,2025.10.02 05:30:00,0,
2025.10.02 06:00:00,scan_executed_new_execution_bar,USDJPY,2025.10.02 05:45:00,16,
2025.10.02 06:05:00,scan_skipped_same_execution_bar,USDJPY,2025.10.02 05:45:00,0,
2025.10.02 06:15:00,scan_executed_new_execution_bar,USDJPY,2025.10.02 06:00:00,16,
2025.10.02 06:20:00,scan_skipped_same_execution_bar,USDJPY,2025.10.02 06:00:00,0,
2025.10.02 06:30:00,scan_executed_new_execution_bar,USDJPY,2025.10.02 06:15:00,0,
2025.10.02 06:35:00,scan_skipped_same_execution_bar,USDJPY,2025.10.02 06:15:00,0,
2025.10.02 06:45:00,scan_executed_new_execution_bar,USDJPY,2025.10.02 06:30:00,31,
2025.10.02 06:50:00,scan_skipped_same_execution_bar,USDJPY,2025.10.02 06:30:00,0,
2025.10.02 07:00:00,scan_executed_new_execution_bar,USDJPY,2025.10.02 06:45:00,15,
2025.10.02 07:05:00,scan_skipped_same_execution_bar,USDJPY,2025.10.02 06:45:00,0,
2025.10.02 07:15:00,scan_executed_new_execution_bar,USDJPY,2025.10.02 07:00:00,32,
2025.10.02 07:20:00,scan_skipped_same_execution_bar,USDJPY,2025.10.02 07:00:00,0,
2025.10.02 07:30:00,scan_executed_new_execution_bar,USDJPY,2025.10.02 07:15:00,0,
2025.10.02 07:35:00,scan_skipped_same_execution_bar,USDJPY,2025.10.02 07:15:00,0,
2025.10.02 07:45:00,scan_executed_new_execution_bar,USDJPY,2025.10.02 07:30:00,0,
2025.10.02 07:50:00,scan_skipped_same_execution_bar,USDJPY,2025.10.02 07:30:00,0,
2025.10.02 08:00:00,scan_executed_new_execution_bar,USDJPY,2025.10.02 07:45:00,0,
2025.10.02 08:05:00,scan_skipped_same_execution_bar,USDJPY,2025.10.02 07:45:00,0,
2025.10.02 08:15:00,scan_executed_new_execution_bar,USDJPY,2025.10.02 08:00:00,0,
2025.10.02 08:20:00,scan_skipped_same_execution_bar,USDJPY,2025.10.02 08:00:00,0,
2025.10.02 08:30:00,scan_executed_new_execution_bar,USDJPY,2025.10.02 08:15:00,0,
2025.10.02 08:35:00,scan_skipped_same_execution_bar,USDJPY,2025.10.02 08:15:00,0,
2025.10.02 08:45:00,scan_executed_new_execution_bar,USDJPY,2025.10.02 08:30:00,0,
2025.10.02 08:50:00,scan_skipped_same_execution_bar,USDJPY,2025.10.02 08:30:00,0,
2025.10.02 09:00:00,scan_executed_new_execution_bar,USDJPY,2025.10.02 08:45:00,0,
2025.10.02 09:05:00,scan_skipped_same_execution_bar,USDJPY,2025.10.02 08:45:00,0,
2025.10.02 09:19:59,scan_executed_new_execution_bar,USDJPY,2025.10.02 09:00:00,0,
2025.10.02 09:25:00,scan_skipped_same_execution_bar,USDJPY,2025.10.02 09:00:00,0,
2025.10.02 09:30:00,scan_executed_new_execution_bar,USDJPY,2025.10.02 09:15:00,0,
2025.10.02 09:35:00,scan_skipped_same_execution_bar,USDJPY,2025.10.02 09:15:00,0,
2025.10.02 09:45:00,scan_executed_new_execution_bar,USDJPY,2025.10.02 09:30:00,0,
2025.10.02 09:49:59,scan_skipped_same_execution_bar,USDJPY,2025.10.02 09:30:00,0,
2025.10.02 10:05:00,scan_executed_new_execution_bar,USDJPY,2025.10.02 09:45:00,16,
2025.10.02 10:09:59,scan_skipped_same_execution_bar,USDJPY,2025.10.02 09:45:00,0,
2025.10.02 10:15:00,scan_executed_new_execution_bar,USDJPY,2025.10.02 10:00:00,0,
2025.10.02 10:19:59,scan_skipped_same_execution_bar,USDJPY,2025.10.02 10:00:00,0,
2025.10.02 10:30:00,scan_executed_new_execution_bar,USDJPY,2025.10.02 10:15:00,0,
2025.10.02 10:34:59,scan_skipped_same_execution_bar,USDJPY,2025.10.02 10:15:00,0,
2025.10.02 10:50:00,scan_executed_new_execution_bar,USDJPY,2025.10.02 10:30:00,0,
2025.10.02 10:54:59,scan_skipped_same_execution_bar,USDJPY,2025.10.02 10:30:00,0,
2025.10.02 11:00:00,scan_executed_new_execution_bar,USDJPY,2025.10.02 10:45:00,0,
2025.10.02 11:05:00,scan_skipped_same_execution_bar,USDJPY,2025.10.02 10:45:00,0,
2025.10.02 11:15:00,scan_executed_new_execution_bar,USDJPY,2025.10.02 11:00:00,16,
2025.10.02 11:20:00,scan_skipped_same_execution_bar,USDJPY,2025.10.02 11:00:00,0,
2025.10.02 11:30:00,scan_executed_new_execution_bar,USDJPY,2025.10.02 11:15:00,15,
2025.10.02 11:35:00,scan_skipped_same_execution_bar,USDJPY,2025.10.02 11:15:00,0,
2025.10.02 11:45:00,scan_executed_new_execution_bar,USDJPY,2025.10.02 11:30:00,16,
2025.10.02 11:50:00,scan_skipped_same_execution_bar,USDJPY,2025.10.02 11:30:00,0,
2025.10.02 12:00:00,scan_executed_new_execution_bar,USDJPY,2025.10.02 11:45:00,16,
2025.10.02 12:05:00,scan_skipped_same_execution_bar,USDJPY,2025.10.02 11:45:00,0,
2025.10.02 12:15:00,scan_executed_new_execution_bar,USDJPY,2025.10.02 12:00:00,0,
2025.10.02 12:20:00,scan_skipped_same_execution_bar,USDJPY,2025.10.02 12:00:00,0,
2025.10.02 12:30:00,scan_executed_new_execution_bar,USDJPY,2025.10.02 12:15:00,0,
2025.10.02 12:35:00,scan_skipped_same_execution_bar,USDJPY,2025.10.02 12:15:00,0,
2025.10.02 12:45:00,scan_executed_new_execution_bar,USDJPY,2025.10.02 12:30:00,0,
2025.10.02 12:50:00,scan_skipped_same_execution_bar,USDJPY,2025.10.02 12:30:00,0,
2025.10.02 13:00:00,scan_executed_new_execution_bar,USDJPY,2025.10.02 12:45:00,0,
2025.10.02 13:05:00,scan_skipped_same_execution_bar,USDJPY,2025.10.02 12:45:00,0,
2025.10.02 13:15:00,scan_executed_new_execution_bar,USDJPY,2025.10.02 13:00:00,16,
2025.10.02 13:20:00,scan_skipped_same_execution_bar,USDJPY,2025.10.02 13:00:00,0,
2025.10.02 13:30:00,scan_executed_new_execution_bar,USDJPY,2025.10.02 13:15:00,0,
2025.10.02 13:35:00,scan_skipped_same_execution_bar,USDJPY,2025.10.02 13:15:00,0,
2025.10.02 13:45:00,scan_executed_new_execution_bar,USDJPY,2025.10.02 13:30:00,16,
2025.10.02 13:50:00,scan_skipped_same_execution_bar,USDJPY,2025.10.02 13:30:00,0,
2025.10.02 14:00:00,scan_executed_new_execution_bar,USDJPY,2025.10.02 13:45:00,15,
2025.10.02 14:05:00,scan_skipped_same_execution_bar,USDJPY,2025.10.02 13:45:00,0,
2025.10.02 14:19:59,scan_executed_new_execution_bar,USDJPY,2025.10.02 14:00:00,16,
2025.10.02 14:25:00,scan_skipped_same_execution_bar,USDJPY,2025.10.02 14:00:00,0,
2025.10.02 14:35:00,scan_executed_new_execution_bar,USDJPY,2025.10.02 14:15:00,0,
2025.10.02 14:40:00,scan_skipped_same_execution_bar,USDJPY,2025.10.02 14:15:00,0,
2025.10.02 14:45:00,scan_executed_new_execution_bar,USDJPY,2025.10.02 14:30:00,16,
2025.10.02 14:50:00,scan_skipped_same_execution_bar,USDJPY,2025.10.02 14:30:00,0,
2025.10.02 15:04:59,scan_executed_new_execution_bar,USDJPY,2025.10.02 14:45:00,0,
2025.10.02 15:09:59,scan_skipped_same_execution_bar,USDJPY,2025.10.02 14:45:00,0,
2025.10.02 15:19:59,scan_executed_new_execution_bar,USDJPY,2025.10.02 15:00:00,16,
2025.10.02 15:24:59,scan_skipped_same_execution_bar,USDJPY,2025.10.02 15:00:00,0,
2025.10.02 15:34:59,scan_executed_new_execution_bar,USDJPY,2025.10.02 15:15:00,0,
2025.10.02 15:40:00,scan_skipped_same_execution_bar,USDJPY,2025.10.02 15:15:00,0,
2025.10.02 15:49:59,scan_executed_new_execution_bar,USDJPY,2025.10.02 15:30:00,0,
2025.10.02 15:55:00,scan_skipped_same_execution_bar,USDJPY,2025.10.02 15:30:00,0,
2025.10.02 16:00:00,scan_executed_new_execution_bar,USDJPY,2025.10.02 15:45:00,0,
2025.10.02 16:05:00,scan_skipped_same_execution_bar,USDJPY,2025.10.02 15:45:00,0,
2025.10.02 16:15:00,scan_executed_new_execution_bar,USDJPY,2025.10.02 16:00:00,0,
2025.10.02 16:19:59,scan_skipped_same_execution_bar,USDJPY,2025.10.02 16:00:00,0,
2025.10.02 16:35:00,scan_executed_new_execution_bar,USDJPY,2025.10.02 16:15:00,0,
2025.10.02 16:40:00,scan_skipped_same_execution_bar,USDJPY,2025.10.02 16:15:00,0,
2025.10.02 16:45:00,scan_executed_new_execution_bar,USDJPY,2025.10.02 16:30:00,0,
2025.10.02 16:50:00,scan_skipped_same_execution_bar,USDJPY,2025.10.02 16:30:00,0,
2025.10.02 17:04:59,scan_executed_new_execution_bar,USDJPY,2025.10.02 16:45:00,0,
2025.10.02 17:09:59,scan_skipped_same_execution_bar,USDJPY,2025.10.02 16:45:00,0,
2025.10.02 17:20:00,scan_executed_new_execution_bar,USDJPY,2025.10.02 17:00:00,0,
2025.10.02 17:25:00,scan_skipped_same_execution_bar,USDJPY,2025.10.02 17:00:00,0,
2025.10.02 17:35:00,scan_executed_new_execution_bar,USDJPY,2025.10.02 17:15:00,62,
2025.10.02 17:40:00,scan_skipped_same_execution_bar,USDJPY,2025.10.02 17:15:00,0,
2025.10.02 17:45:00,scan_executed_new_execution_bar,USDJPY,2025.10.02 17:30:00,16,
2025.10.02 17:49:59,scan_skipped_same_execution_bar,USDJPY,2025.10.02 17:30:00,0,
2025.10.02 18:05:00,scan_executed_new_execution_bar,USDJPY,2025.10.02 17:45:00,0,
2025.10.02 18:09:59,scan_skipped_same_execution_bar,USDJPY,2025.10.02 17:45:00,0,
2025.10.02 18:15:00,scan_executed_new_execution_bar,USDJPY,2025.10.02 18:00:00,32,
2025.10.02 18:19:59,scan_skipped_same_execution_bar,USDJPY,2025.10.02 18:00:00,0,
2025.10.02 18:34:59,scan_executed_new_execution_bar,USDJPY,2025.10.02 18:15:00,0,
2025.10.02 18:39:59,scan_skipped_same_execution_bar,USDJPY,2025.10.02 18:15:00,0,
2025.10.02 18:49:59,scan_executed_new_execution_bar,USDJPY,2025.10.02 18:30:00,0,
2025.10.02 18:54:59,scan_skipped_same_execution_bar,USDJPY,2025.10.02 18:30:00,0,
2025.10.02 19:05:00,scan_executed_new_execution_bar,USDJPY,2025.10.02 18:45:00,47,
2025.10.02 19:10:00,scan_skipped_same_execution_bar,USDJPY,2025.10.02 18:45:00,0,
2025.10.02 19:20:00,scan_executed_new_execution_bar,USDJPY,2025.10.02 19:00:00,15,
2025.10.02 19:25:00,scan_skipped_same_execution_bar,USDJPY,2025.10.02 19:00:00,0,
2025.10.02 19:30:00,scan_executed_new_execution_bar,USDJPY,2025.10.02 19:15:00,16,
2025.10.02 19:35:00,scan_skipped_same_execution_bar,USDJPY,2025.10.02 19:15:00,0,
2025.10.02 19:49:59,scan_executed_new_execution_bar,USDJPY,2025.10.02 19:30:00,16,
2025.10.02 19:54:59,scan_skipped_same_execution_bar,USDJPY,2025.10.02 19:30:00,0,
2025.10.02 20:04:59,scan_executed_new_execution_bar,USDJPY,2025.10.02 19:45:00,15,
2025.10.02 20:09:59,scan_skipped_same_execution_bar,USDJPY,2025.10.02 19:45:00,0,
2025.10.02 20:15:00,scan_executed_new_execution_bar,USDJPY,2025.10.02 20:00:00,0,
2025.10.02 20:19:59,scan_skipped_same_execution_bar,USDJPY,2025.10.02 20:00:00,0,
2025.10.02 20:30:00,scan_executed_new_execution_bar,USDJPY,2025.10.02 20:15:00,0,
2025.10.02 20:35:00,scan_skipped_same_execution_bar,USDJPY,2025.10.02 20:15:00,0,
2025.10.02 20:49:59,scan_executed_new_execution_bar,USDJPY,2025.10.02 20:30:00,0,
2025.10.02 20:54:58,scan_skipped_same_execution_bar,USDJPY,2025.10.02 20:30:00,0,
2025.10.02 21:00:00,scan_executed_new_execution_bar,USDJPY,2025.10.02 20:45:00,0,
2025.10.02 21:05:00,scan_skipped_same_execution_bar,USDJPY,2025.10.02 20:45:00,0,
2025.10.02 21:19:59,scan_executed_new_execution_bar,USDJPY,2025.10.02 21:00:00,0,
2025.10.02 21:24:59,scan_skipped_same_execution_bar,USDJPY,2025.10.02 21:00:00,0,
2025.10.02 21:35:00,scan_executed_new_execution_bar,USDJPY,2025.10.02 21:15:00,0,
2025.10.02 21:39:59,scan_skipped_same_execution_bar,USDJPY,2025.10.02 21:15:00,0,
2025.10.02 21:49:59,scan_executed_new_execution_bar,USDJPY,2025.10.02 21:30:00,0,
2025.10.02 21:54:59,scan_skipped_same_execution_bar,USDJPY,2025.10.02 21:30:00,0,
2025.10.02 22:00:00,scan_executed_new_execution_bar,USDJPY,2025.10.02 21:45:00,0,
2025.10.02 22:05:00,scan_skipped_same_execution_bar,USDJPY,2025.10.02 21:45:00,0,
2025.10.02 22:19:51,scan_executed_new_execution_bar,USDJPY,2025.10.02 22:00:00,0,
2025.10.02 22:24:59,scan_skipped_same_execution_bar,USDJPY,2025.10.02 22:00:00,0,
2025.10.02 22:30:00,scan_executed_new_execution_bar,USDJPY,2025.10.02 22:15:00,0,
2025.10.02 22:35:00,scan_skipped_same_execution_bar,USDJPY,2025.10.02 22:15:00,0,
2025.10.02 22:49:57,scan_executed_new_execution_bar,USDJPY,2025.10.02 22:30:00,0,
2025.10.02 22:54:59,scan_skipped_same_execution_bar,USDJPY,2025.10.02 22:30:00,0,
2025.10.02 23:05:00,scan_executed_new_execution_bar,USDJPY,2025.10.02 22:45:00,0,
2025.10.02 23:10:00,scan_skipped_same_execution_bar,USDJPY,2025.10.02 22:45:00,0,
2025.10.02 23:19:58,scan_executed_new_execution_bar,USDJPY,2025.10.02 23:00:00,0,
2025.10.02 23:25:00,scan_skipped_same_execution_bar,USDJPY,2025.10.02 23:00:00,0,
2025.10.02 23:30:00,scan_executed_new_execution_bar,USDJPY,2025.10.02 23:15:00,0,
2025.10.02 23:34:58,scan_skipped_same_execution_bar,USDJPY,2025.10.02 23:15:00,0,
2025.10.02 23:50:00,scan_executed_new_execution_bar,USDJPY,2025.10.02 23:30:00,0,
2025.10.02 23:55:00,scan_skipped_same_execution_bar,USDJPY,2025.10.02 23:30:00,0,
2025.10.03 00:04:42,scan_executed_new_execution_bar,USDJPY,2025.10.02 23:45:00,0,
2025.10.03 00:09:46,scan_skipped_same_execution_bar,USDJPY,2025.10.02 23:45:00,0,
2025.10.03 00:19:59,scan_executed_new_execution_bar,USDJPY,2025.10.03 00:00:00,0,
2025.10.03 00:25:00,scan_skipped_same_execution_bar,USDJPY,2025.10.03 00:00:00,0,
2025.10.03 00:34:59,scan_executed_new_execution_bar,USDJPY,2025.10.03 00:15:00,0,
2025.10.03 00:39:59,scan_skipped_same_execution_bar,USDJPY,2025.10.03 00:15:00,0,
2025.10.03 00:49:59,scan_executed_new_execution_bar,USDJPY,2025.10.03 00:30:00,0,
2025.10.03 00:54:59,scan_skipped_same_execution_bar,USDJPY,2025.10.03 00:30:00,0,
2025.10.03 01:04:59,scan_executed_new_execution_bar,USDJPY,2025.10.03 00:45:00,0,
2025.10.03 01:09:53,scan_skipped_same_execution_bar,USDJPY,2025.10.03 00:45:00,0,
2025.10.03 01:19:59,scan_executed_new_execution_bar,USDJPY,2025.10.03 01:00:00,0,
2025.10.03 01:24:59,scan_skipped_same_execution_bar,USDJPY,2025.10.03 01:00:00,0,
2025.10.03 01:34:59,scan_executed_new_execution_bar,USDJPY,2025.10.03 01:15:00,0,
2025.10.03 01:39:59,scan_skipped_same_execution_bar,USDJPY,2025.10.03 01:15:00,0,
2025.10.03 01:49:59,scan_executed_new_execution_bar,USDJPY,2025.10.03 01:30:00,0,
2025.10.03 01:55:00,scan_skipped_same_execution_bar,USDJPY,2025.10.03 01:30:00,0,
2025.10.03 02:04:59,scan_executed_new_execution_bar,USDJPY,2025.10.03 01:45:00,0,
2025.10.03 02:09:59,scan_skipped_same_execution_bar,USDJPY,2025.10.03 01:45:00,0,
2025.10.03 02:19:58,scan_executed_new_execution_bar,USDJPY,2025.10.03 02:00:00,0,
2025.10.03 02:24:59,scan_skipped_same_execution_bar,USDJPY,2025.10.03 02:00:00,0,
2025.10.03 02:34:59,scan_executed_new_execution_bar,USDJPY,2025.10.03 02:15:00,0,
2025.10.03 02:39:59,scan_skipped_same_execution_bar,USDJPY,2025.10.03 02:15:00,0,
2025.10.03 02:49:58,scan_executed_new_execution_bar,USDJPY,2025.10.03 02:30:00,0,
2025.10.03 02:54:59,scan_skipped_same_execution_bar,USDJPY,2025.10.03 02:30:00,0,
2025.10.03 03:04:59,scan_executed_new_execution_bar,USDJPY,2025.10.03 02:45:00,0,
2025.10.03 03:09:59,scan_skipped_same_execution_bar,USDJPY,2025.10.03 02:45:00,0,
2025.10.03 03:19:59,scan_executed_new_execution_bar,USDJPY,2025.10.03 03:00:00,0,
2025.10.03 03:24:59,scan_skipped_same_execution_bar,USDJPY,2025.10.03 03:00:00,0,
2025.10.03 03:34:59,scan_executed_new_execution_bar,USDJPY,2025.10.03 03:15:00,0,
2025.10.03 03:39:59,scan_skipped_same_execution_bar,USDJPY,2025.10.03 03:15:00,0,
2025.10.03 03:49:58,scan_executed_new_execution_bar,USDJPY,2025.10.03 03:30:00,0,
2025.10.03 03:54:59,scan_skipped_same_execution_bar,USDJPY,2025.10.03 03:30:00,0,
2025.10.03 04:04:59,scan_executed_new_execution_bar,USDJPY,2025.10.03 03:45:00,0,
2025.10.03 04:09:59,scan_skipped_same_execution_bar,USDJPY,2025.10.03 03:45:00,0,
2025.10.03 04:19:59,scan_executed_new_execution_bar,USDJPY,2025.10.03 04:00:00,0,
2025.10.03 04:24:59,scan_skipped_same_execution_bar,USDJPY,2025.10.03 04:00:00,0,
2025.10.03 04:34:59,scan_executed_new_execution_bar,USDJPY,2025.10.03 04:15:00,0,
2025.10.03 04:39:59,scan_skipped_same_execution_bar,USDJPY,2025.10.03 04:15:00,0,
2025.10.03 04:50:00,scan_executed_new_execution_bar,USDJPY,2025.10.03 04:30:00,0,
2025.10.03 04:54:59,scan_skipped_same_execution_bar,USDJPY,2025.10.03 04:30:00,0,
2025.10.03 05:04:59,scan_executed_new_execution_bar,USDJPY,2025.10.03 04:45:00,31,
2025.10.03 05:09:59,scan_skipped_same_execution_bar,USDJPY,2025.10.03 04:45:00,0,
2025.10.03 05:19:59,scan_executed_new_execution_bar,USDJPY,2025.10.03 05:00:00,0,
2025.10.03 05:24:59,scan_skipped_same_execution_bar,USDJPY,2025.10.03 05:00:00,0,
2025.10.03 05:34:59,scan_executed_new_execution_bar,USDJPY,2025.10.03 05:15:00,16,
2025.10.03 05:39:58,scan_skipped_same_execution_bar,USDJPY,2025.10.03 05:15:00,0,
2025.10.03 05:49:59,scan_executed_new_execution_bar,USDJPY,2025.10.03 05:30:00,15,
2025.10.03 05:54:59,scan_skipped_same_execution_bar,USDJPY,2025.10.03 05:30:00,0,
2025.10.03 06:04:59,scan_executed_new_execution_bar,USDJPY,2025.10.03 05:45:00,0,
2025.10.03 06:09:59,scan_skipped_same_execution_bar,USDJPY,2025.10.03 05:45:00,0,
2025.10.03 06:19:59,scan_executed_new_execution_bar,USDJPY,2025.10.03 06:00:00,0,
2025.10.03 06:24:59,scan_skipped_same_execution_bar,USDJPY,2025.10.03 06:00:00,0,
2025.10.03 06:34:59,scan_executed_new_execution_bar,USDJPY,2025.10.03 06:15:00,31,
2025.10.03 06:39:59,scan_skipped_same_execution_bar,USDJPY,2025.10.03 06:15:00,0,
2025.10.03 06:49:59,scan_executed_new_execution_bar,USDJPY,2025.10.03 06:30:00,15,
2025.10.03 06:54:59,scan_skipped_same_execution_bar,USDJPY,2025.10.03 06:30:00,0,
2025.10.03 07:04:59,scan_executed_new_execution_bar,USDJPY,2025.10.03 06:45:00,16,
2025.10.03 07:09:59,scan_skipped_same_execution_bar,USDJPY,2025.10.03 06:45:00,0,
2025.10.03 07:19:59,scan_executed_new_execution_bar,USDJPY,2025.10.03 07:00:00,0,
2025.10.03 07:24:59,scan_skipped_same_execution_bar,USDJPY,2025.10.03 07:00:00,0,
2025.10.03 07:34:59,scan_executed_new_execution_bar,USDJPY,2025.10.03 07:15:00,0,
2025.10.03 07:39:58,scan_skipped_same_execution_bar,USDJPY,2025.10.03 07:15:00,0,
2025.10.03 07:49:59,scan_executed_new_execution_bar,USDJPY,2025.10.03 07:30:00,0,
2025.10.03 07:54:59,scan_skipped_same_execution_bar,USDJPY,2025.10.03 07:30:00,0,
2025.10.03 08:04:59,scan_executed_new_execution_bar,USDJPY,2025.10.03 07:45:00,0,
2025.10.03 08:09:59,scan_skipped_same_execution_bar,USDJPY,2025.10.03 07:45:00,0,
2025.10.03 08:19:57,scan_executed_new_execution_bar,USDJPY,2025.10.03 08:00:00,0,
2025.10.03 08:24:59,scan_skipped_same_execution_bar,USDJPY,2025.10.03 08:00:00,0,
2025.10.03 08:34:59,scan_executed_new_execution_bar,USDJPY,2025.10.03 08:15:00,0,
2025.10.03 08:39:59,scan_skipped_same_execution_bar,USDJPY,2025.10.03 08:15:00,0,
2025.10.03 08:49:58,scan_executed_new_execution_bar,USDJPY,2025.10.03 08:30:00,0,
2025.10.03 08:54:59,scan_skipped_same_execution_bar,USDJPY,2025.10.03 08:30:00,0,
2025.10.03 09:04:59,scan_executed_new_execution_bar,USDJPY,2025.10.03 08:45:00,0,
2025.10.03 09:09:59,scan_skipped_same_execution_bar,USDJPY,2025.10.03 08:45:00,0,
2025.10.03 09:19:59,scan_executed_new_execution_bar,USDJPY,2025.10.03 09:00:00,0,
2025.10.03 09:24:59,scan_skipped_same_execution_bar,USDJPY,2025.10.03 09:00:00,0,
2025.10.03 09:34:59,scan_executed_new_execution_bar,USDJPY,2025.10.03 09:15:00,16,
2025.10.03 09:39:59,scan_skipped_same_execution_bar,USDJPY,2025.10.03 09:15:00,0,
2025.10.03 09:49:59,scan_executed_new_execution_bar,USDJPY,2025.10.03 09:30:00,0,
2025.10.03 09:54:59,scan_skipped_same_execution_bar,USDJPY,2025.10.03 09:30:00,0,
2025.10.03 10:04:59,scan_executed_new_execution_bar,USDJPY,2025.10.03 09:45:00,31,
2025.10.03 10:09:59,scan_skipped_same_execution_bar,USDJPY,2025.10.03 09:45:00,0,
2025.10.03 10:19:59,scan_executed_new_execution_bar,USDJPY,2025.10.03 10:00:00,0,
2025.10.03 10:24:59,scan_skipped_same_execution_bar,USDJPY,2025.10.03 10:00:00,0,
2025.10.03 10:34:59,scan_executed_new_execution_bar,USDJPY,2025.10.03 10:15:00,0,
2025.10.03 10:39:59,scan_skipped_same_execution_bar,USDJPY,2025.10.03 10:15:00,0,
2025.10.03 10:49:59,scan_executed_new_execution_bar,USDJPY,2025.10.03 10:30:00,0,
2025.10.03 10:54:59,scan_skipped_same_execution_bar,USDJPY,2025.10.03 10:30:00,0,
2025.10.03 11:04:59,scan_executed_new_execution_bar,USDJPY,2025.10.03 10:45:00,0,
2025.10.03 11:09:59,scan_skipped_same_execution_bar,USDJPY,2025.10.03 10:45:00,0,
2025.10.03 11:19:59,scan_executed_new_execution_bar,USDJPY,2025.10.03 11:00:00,0,
2025.10.03 11:24:59,scan_skipped_same_execution_bar,USDJPY,2025.10.03 11:00:00,0,
2025.10.03 11:34:59,scan_executed_new_execution_bar,USDJPY,2025.10.03 11:15:00,0,
2025.10.03 11:39:59,scan_skipped_same_execution_bar,USDJPY,2025.10.03 11:15:00,0,
2025.10.03 11:49:59,scan_executed_new_execution_bar,USDJPY,2025.10.03 11:30:00,0,
2025.10.03 11:54:59,scan_skipped_same_execution_bar,USDJPY,2025.10.03 11:30:00,0,
2025.10.03 12:04:59,scan_executed_new_execution_bar,USDJPY,2025.10.03 11:45:00,0,
2025.10.03 12:09:59,scan_skipped_same_execution_bar,USDJPY,2025.10.03 11:45:00,0,
2025.10.03 12:19:59,scan_executed_new_execution_bar,USDJPY,2025.10.03 12:00:00,0,
2025.10.03 12:24:59,scan_skipped_same_execution_bar,USDJPY,2025.10.03 12:00:00,0,
2025.10.03 12:34:59,scan_executed_new_execution_bar,USDJPY,2025.10.03 12:15:00,0,
2025.10.03 12:39:59,scan_skipped_same_execution_bar,USDJPY,2025.10.03 12:15:00,0,
2025.10.03 12:49:59,scan_executed_new_execution_bar,USDJPY,2025.10.03 12:30:00,0,
2025.10.03 12:54:59,scan_skipped_same_execution_bar,USDJPY,2025.10.03 12:30:00,0,
2025.10.03 13:04:59,scan_executed_new_execution_bar,USDJPY,2025.10.03 12:45:00,0,
2025.10.03 13:09:58,scan_skipped_same_execution_bar,USDJPY,2025.10.03 12:45:00,0,
2025.10.03 13:19:59,scan_executed_new_execution_bar,USDJPY,2025.10.03 13:00:00,0,
2025.10.03 13:25:00,scan_skipped_same_execution_bar,USDJPY,2025.10.03 13:00:00,0,
2025.10.03 13:34:58,scan_executed_new_execution_bar,USDJPY,2025.10.03 13:15:00,0,
2025.10.03 13:39:59,scan_skipped_same_execution_bar,USDJPY,2025.10.03 13:15:00,0,
2025.10.03 13:49:59,scan_executed_new_execution_bar,USDJPY,2025.10.03 13:30:00,0,
2025.10.03 13:54:59,scan_skipped_same_execution_bar,USDJPY,2025.10.03 13:30:00,0,
2025.10.03 14:04:59,scan_executed_new_execution_bar,USDJPY,2025.10.03 13:45:00,0,
2025.10.03 14:09:59,scan_skipped_same_execution_bar,USDJPY,2025.10.03 13:45:00,0,
2025.10.03 14:19:59,scan_executed_new_execution_bar,USDJPY,2025.10.03 14:00:00,0,
2025.10.03 14:24:58,scan_skipped_same_execution_bar,USDJPY,2025.10.03 14:00:00,0,
2025.10.03 14:34:59,scan_executed_new_execution_bar,USDJPY,2025.10.03 14:15:00,0,
2025.10.03 14:39:59,scan_skipped_same_execution_bar,USDJPY,2025.10.03 14:15:00,0,
2025.10.03 14:49:59,scan_executed_new_execution_bar,USDJPY,2025.10.03 14:30:00,0,
2025.10.03 14:55:00,scan_skipped_same_execution_bar,USDJPY,2025.10.03 14:30:00,0,
2025.10.03 15:04:59,scan_executed_new_execution_bar,USDJPY,2025.10.03 14:45:00,15,
2025.10.03 15:09:59,scan_skipped_same_execution_bar,USDJPY,2025.10.03 14:45:00,0,
2025.10.03 15:19:59,scan_executed_new_execution_bar,USDJPY,2025.10.03 15:00:00,0,
2025.10.03 15:24:59,scan_skipped_same_execution_bar,USDJPY,2025.10.03 15:00:00,0,
2025.10.03 15:34:59,scan_executed_new_execution_bar,USDJPY,2025.10.03 15:15:00,0,
2025.10.03 15:39:59,scan_skipped_same_execution_bar,USDJPY,2025.10.03 15:15:00,0,
2025.10.03 15:49:59,scan_executed_new_execution_bar,USDJPY,2025.10.03 15:30:00,0,
2025.10.03 15:54:59,scan_skipped_same_execution_bar,USDJPY,2025.10.03 15:30:00,0,
2025.10.03 16:04:59,scan_executed_new_execution_bar,USDJPY,2025.10.03 15:45:00,0,
2025.10.03 16:09:58,scan_skipped_same_execution_bar,USDJPY,2025.10.03 15:45:00,0,
2025.10.03 16:19:59,scan_executed_new_execution_bar,USDJPY,2025.10.03 16:00:00,15,
2025.10.03 16:24:59,scan_skipped_same_execution_bar,USDJPY,2025.10.03 16:00:00,0,
2025.10.03 16:34:59,scan_executed_new_execution_bar,USDJPY,2025.10.03 16:15:00,0,
2025.10.03 16:39:59,scan_skipped_same_execution_bar,USDJPY,2025.10.03 16:15:00,0,
2025.10.03 16:49:59,scan_executed_new_execution_bar,USDJPY,2025.10.03 16:30:00,0,
2025.10.03 16:54:59,scan_skipped_same_execution_bar,USDJPY,2025.10.03 16:30:00,0,
2025.10.03 17:04:59,scan_executed_new_execution_bar,USDJPY,2025.10.03 16:45:00,0,
2025.10.03 17:09:59,scan_skipped_same_execution_bar,USDJPY,2025.10.03 16:45:00,0,
2025.10.03 17:19:59,scan_executed_new_execution_bar,USDJPY,2025.10.03 17:00:00,32,
2025.10.03 17:24:59,scan_skipped_same_execution_bar,USDJPY,2025.10.03 17:00:00,0,
2025.10.03 17:35:00,scan_executed_new_execution_bar,USDJPY,2025.10.03 17:15:00,0,
2025.10.03 17:39:59,scan_skipped_same_execution_bar,USDJPY,2025.10.03 17:15:00,0,
2025.10.03 17:50:00,scan_executed_new_execution_bar,USDJPY,2025.10.03 17:30:00,15,
2025.10.03 17:54:59,scan_skipped_same_execution_bar,USDJPY,2025.10.03 17:30:00,0,
2025.10.03 18:04:59,scan_executed_new_execution_bar,USDJPY,2025.10.03 17:45:00,0,
2025.10.03 18:09:59,scan_skipped_same_execution_bar,USDJPY,2025.10.03 17:45:00,0,
2025.10.03 18:19:59,scan_executed_new_execution_bar,USDJPY,2025.10.03 18:00:00,0,
2025.10.03 18:24:59,scan_skipped_same_execution_bar,USDJPY,2025.10.03 18:00:00,0,
2025.10.03 18:34:59,scan_executed_new_execution_bar,USDJPY,2025.10.03 18:15:00,0,
2025.10.03 18:39:59,scan_skipped_same_execution_bar,USDJPY,2025.10.03 18:15:00,0,
2025.10.03 18:49:59,scan_executed_new_execution_bar,USDJPY,2025.10.03 18:30:00,0,
2025.10.03 18:54:59,scan_skipped_same_execution_bar,USDJPY,2025.10.03 18:30:00,0,
2025.10.03 19:04:59,scan_executed_new_execution_bar,USDJPY,2025.10.03 18:45:00,0,
2025.10.03 19:09:59,scan_skipped_same_execution_bar,USDJPY,2025.10.03 18:45:00,0,
2025.10.03 19:19:59,scan_executed_new_execution_bar,USDJPY,2025.10.03 19:00:00,0,
2025.10.03 19:24:59,scan_skipped_same_execution_bar,USDJPY,2025.10.03 19:00:00,0,
2025.10.03 19:34:59,scan_executed_new_execution_bar,USDJPY,2025.10.03 19:15:00,0,
2025.10.03 19:39:59,scan_skipped_same_execution_bar,USDJPY,2025.10.03 19:15:00,0,
2025.10.03 19:49:59,scan_executed_new_execution_bar,USDJPY,2025.10.03 19:30:00,0,
2025.10.03 19:54:59,scan_skipped_same_execution_bar,USDJPY,2025.10.03 19:30:00,0,
2025.10.03 20:04:59,scan_executed_new_execution_bar,USDJPY,2025.10.03 19:45:00,0,
2025.10.03 20:09:59,scan_skipped_same_execution_bar,USDJPY,2025.10.03 19:45:00,0,
2025.10.03 20:19:59,scan_executed_new_execution_bar,USDJPY,2025.10.03 20:00:00,0,
2025.10.03 20:24:59,scan_skipped_same_execution_bar,USDJPY,2025.10.03 20:00:00,0,
2025.10.03 20:34:58,scan_executed_new_execution_bar,USDJPY,2025.10.03 20:15:00,0,
2025.10.03 20:39:59,scan_skipped_same_execution_bar,USDJPY,2025.10.03 20:15:00,0,
2025.10.03 20:49:59,scan_executed_new_execution_bar,USDJPY,2025.10.03 20:30:00,0,
2025.10.03 20:54:59,scan_skipped_same_execution_bar,USDJPY,2025.10.03 20:30:00,0,
2025.10.03 21:04:58,scan_executed_new_execution_bar,USDJPY,2025.10.03 20:45:00,0,
2025.10.03 21:09:59,scan_skipped_same_execution_bar,USDJPY,2025.10.03 20:45:00,0,
2025.10.03 21:19:59,scan_executed_new_execution_bar,USDJPY,2025.10.03 21:00:00,0,
2025.10.03 21:24:59,scan_skipped_same_execution_bar,USDJPY,2025.10.03 21:00:00,0,
2025.10.03 21:34:59,scan_executed_new_execution_bar,USDJPY,2025.10.03 21:15:00,0,
2025.10.03 21:39:59,scan_skipped_same_execution_bar,USDJPY,2025.10.03 21:15:00,0,
2025.10.03 21:49:59,scan_executed_new_execution_bar,USDJPY,2025.10.03 21:30:00,0,
2025.10.03 21:54:59,scan_skipped_same_execution_bar,USDJPY,2025.10.03 21:30:00,0,
2025.10.03 22:04:59,scan_executed_new_execution_bar,USDJPY,2025.10.03 21:45:00,0,
2025.10.03 22:09:59,scan_skipped_same_execution_bar,USDJPY,2025.10.03 21:45:00,0,
2025.10.03 22:19:59,scan_executed_new_execution_bar,USDJPY,2025.10.03 22:00:00,0,
2025.10.03 22:24:59,scan_skipped_same_execution_bar,USDJPY,2025.10.03 22:00:00,0,
2025.10.03 22:34:59,scan_executed_new_execution_bar,USDJPY,2025.10.03 22:15:00,0,
2025.10.03 22:40:00,scan_skipped_same_execution_bar,USDJPY,2025.10.03 22:15:00,0,
2025.10.03 22:49:59,scan_executed_new_execution_bar,USDJPY,2025.10.03 22:30:00,0,
2025.10.03 22:54:59,scan_skipped_same_execution_bar,USDJPY,2025.10.03 22:30:00,0,
2025.10.03 23:04:59,scan_executed_new_execution_bar,USDJPY,2025.10.03 22:45:00,0,
2025.10.03 23:09:59,scan_skipped_same_execution_bar,USDJPY,2025.10.03 22:45:00,0,
2025.10.03 23:19:59,scan_executed_new_execution_bar,USDJPY,2025.10.03 23:00:00,15,
2025.10.03 23:24:55,scan_skipped_same_execution_bar,USDJPY,2025.10.03 23:00:00,0,
2025.10.03 23:34:59,scan_executed_new_execution_bar,USDJPY,2025.10.03 23:15:00,0,
2025.10.03 23:39:59,scan_skipped_same_execution_bar,USDJPY,2025.10.03 23:15:00,0,
2025.10.03 23:49:59,scan_executed_new_execution_bar,USDJPY,2025.10.03 23:30:00,0,
2025.10.03 23:54:59,scan_skipped_same_execution_bar,USDJPY,2025.10.03 23:30:00,0,
2025.10.06 00:04:57,scan_executed_new_execution_bar,USDJPY,2025.10.03 23:45:00,0,
2025.10.06 00:10:00,scan_skipped_same_execution_bar,USDJPY,2025.10.03 23:45:00,0,
2025.10.06 00:19:59,scan_executed_new_execution_bar,USDJPY,2025.10.06 00:00:00,0,
2025.10.06 00:24:59,scan_skipped_same_execution_bar,USDJPY,2025.10.06 00:00:00,0,
2025.10.06 00:34:59,scan_executed_new_execution_bar,USDJPY,2025.10.06 00:15:00,0,
2025.10.06 00:39:58,scan_skipped_same_execution_bar,USDJPY,2025.10.06 00:15:00,0,
2025.10.06 00:49:58,scan_executed_new_execution_bar,USDJPY,2025.10.06 00:30:00,16,
2025.10.06 00:54:59,scan_skipped_same_execution_bar,USDJPY,2025.10.06 00:30:00,0,
2025.10.06 01:04:59,scan_executed_new_execution_bar,USDJPY,2025.10.06 00:45:00,46,
2025.10.06 01:09:59,scan_skipped_same_execution_bar,USDJPY,2025.10.06 00:45:00,0,
2025.10.06 01:19:59,scan_executed_new_execution_bar,USDJPY,2025.10.06 01:00:00,0,
2025.10.06 01:24:59,scan_skipped_same_execution_bar,USDJPY,2025.10.06 01:00:00,0,
2025.10.06 01:34:59,scan_executed_new_execution_bar,USDJPY,2025.10.06 01:15:00,47,
2025.10.06 01:39:59,scan_skipped_same_execution_bar,USDJPY,2025.10.06 01:15:00,0,
2025.10.06 01:49:59,scan_executed_new_execution_bar,USDJPY,2025.10.06 01:30:00,0,
2025.10.06 01:54:59,scan_skipped_same_execution_bar,USDJPY,2025.10.06 01:30:00,0,
2025.10.06 02:04:59,scan_executed_new_execution_bar,USDJPY,2025.10.06 01:45:00,0,
2025.10.06 02:09:59,scan_skipped_same_execution_bar,USDJPY,2025.10.06 01:45:00,0,
2025.10.06 02:19:59,scan_executed_new_execution_bar,USDJPY,2025.10.06 02:00:00,16,
2025.10.06 02:24:59,scan_skipped_same_execution_bar,USDJPY,2025.10.06 02:00:00,0,
2025.10.06 02:34:59,scan_executed_new_execution_bar,USDJPY,2025.10.06 02:15:00,15,
2025.10.06 02:39:58,scan_skipped_same_execution_bar,USDJPY,2025.10.06 02:15:00,0,
2025.10.06 02:49:59,scan_executed_new_execution_bar,USDJPY,2025.10.06 02:30:00,0,
2025.10.06 02:54:59,scan_skipped_same_execution_bar,USDJPY,2025.10.06 02:30:00,0,
2025.10.06 03:04:59,scan_executed_new_execution_bar,USDJPY,2025.10.06 02:45:00,0,
2025.10.06 03:09:59,scan_skipped_same_execution_bar,USDJPY,2025.10.06 02:45:00,0,
2025.10.06 03:19:59,scan_executed_new_execution_bar,USDJPY,2025.10.06 03:00:00,0,
2025.10.06 03:24:59,scan_skipped_same_execution_bar,USDJPY,2025.10.06 03:00:00,0,
2025.10.06 03:34:59,scan_executed_new_execution_bar,USDJPY,2025.10.06 03:15:00,16,
2025.10.06 03:39:59,scan_skipped_same_execution_bar,USDJPY,2025.10.06 03:15:00,0,
2025.10.06 03:49:59,scan_executed_new_execution_bar,USDJPY,2025.10.06 03:30:00,0,
2025.10.06 03:54:59,scan_skipped_same_execution_bar,USDJPY,2025.10.06 03:30:00,0,
2025.10.06 04:04:59,scan_executed_new_execution_bar,USDJPY,2025.10.06 03:45:00,15,
2025.10.06 04:09:59,scan_skipped_same_execution_bar,USDJPY,2025.10.06 03:45:00,0,
2025.10.06 04:19:59,scan_executed_new_execution_bar,USDJPY,2025.10.06 04:00:00,0,
2025.10.06 04:24:59,scan_skipped_same_execution_bar,USDJPY,2025.10.06 04:00:00,0,
2025.10.06 04:34:59,scan_executed_new_execution_bar,USDJPY,2025.10.06 04:15:00,0,
2025.10.06 04:39:59,scan_skipped_same_execution_bar,USDJPY,2025.10.06 04:15:00,0,
2025.10.06 04:49:59,scan_executed_new_execution_bar,USDJPY,2025.10.06 04:30:00,0,
2025.10.06 04:54:59,scan_skipped_same_execution_bar,USDJPY,2025.10.06 04:30:00,0,
2025.10.06 05:04:59,scan_executed_new_execution_bar,USDJPY,2025.10.06 04:45:00,0,
2025.10.06 05:09:59,scan_skipped_same_execution_bar,USDJPY,2025.10.06 04:45:00,0,
2025.10.06 05:19:59,scan_executed_new_execution_bar,USDJPY,2025.10.06 05:00:00,0,
2025.10.06 05:24:59,scan_skipped_same_execution_bar,USDJPY,2025.10.06 05:00:00,0,
2025.10.06 05:34:59,scan_executed_new_execution_bar,USDJPY,2025.10.06 05:15:00,0,
2025.10.06 05:39:59,scan_skipped_same_execution_bar,USDJPY,2025.10.06 05:15:00,0,
2025.10.06 05:49:58,scan_executed_new_execution_bar,USDJPY,2025.10.06 05:30:00,0,
2025.10.06 05:54:59,scan_skipped_same_execution_bar,USDJPY,2025.10.06 05:30:00,0,
2025.10.06 06:04:59,scan_executed_new_execution_bar,USDJPY,2025.10.06 05:45:00,0,
2025.10.06 06:09:59,scan_skipped_same_execution_bar,USDJPY,2025.10.06 05:45:00,0,
2025.10.06 06:19:59,scan_executed_new_execution_bar,USDJPY,2025.10.06 06:00:00,0,
2025.10.06 06:24:57,scan_skipped_same_execution_bar,USDJPY,2025.10.06 06:00:00,0,
2025.10.06 06:34:59,scan_executed_new_execution_bar,USDJPY,2025.10.06 06:15:00,0,
2025.10.06 06:39:59,scan_skipped_same_execution_bar,USDJPY,2025.10.06 06:15:00,0,
2025.10.06 06:49:59,scan_executed_new_execution_bar,USDJPY,2025.10.06 06:30:00,0,
2025.10.06 06:54:59,scan_skipped_same_execution_bar,USDJPY,2025.10.06 06:30:00,0,
2025.10.06 07:04:59,scan_executed_new_execution_bar,USDJPY,2025.10.06 06:45:00,0,
2025.10.06 07:09:59,scan_skipped_same_execution_bar,USDJPY,2025.10.06 06:45:00,0,
2025.10.06 07:19:59,scan_executed_new_execution_bar,USDJPY,2025.10.06 07:00:00,0,
2025.10.06 07:24:59,scan_skipped_same_execution_bar,USDJPY,2025.10.06 07:00:00,0,
2025.10.06 07:34:59,scan_executed_new_execution_bar,USDJPY,2025.10.06 07:15:00,0,
2025.10.06 07:39:59,scan_skipped_same_execution_bar,USDJPY,2025.10.06 07:15:00,0,
2025.10.06 07:49:59,scan_executed_new_execution_bar,USDJPY,2025.10.06 07:30:00,0,
2025.10.06 07:54:58,scan_skipped_same_execution_bar,USDJPY,2025.10.06 07:30:00,0,
2025.10.06 08:04:59,scan_executed_new_execution_bar,USDJPY,2025.10.06 07:45:00,0,
2025.10.06 08:09:58,scan_skipped_same_execution_bar,USDJPY,2025.10.06 07:45:00,0,
2025.10.06 08:19:59,scan_executed_new_execution_bar,USDJPY,2025.10.06 08:00:00,0,
2025.10.06 08:24:59,scan_skipped_same_execution_bar,USDJPY,2025.10.06 08:00:00,0,
2025.10.06 08:35:00,scan_executed_new_execution_bar,USDJPY,2025.10.06 08:15:00,0,
2025.10.06 08:39:59,scan_skipped_same_execution_bar,USDJPY,2025.10.06 08:15:00,0,
2025.10.06 08:49:59,scan_executed_new_execution_bar,USDJPY,2025.10.06 08:30:00,15,
2025.10.06 08:54:59,scan_skipped_same_execution_bar,USDJPY,2025.10.06 08:30:00,0,
2025.10.06 09:04:59,scan_executed_new_execution_bar,USDJPY,2025.10.06 08:45:00,0,
2025.10.06 09:09:59,scan_skipped_same_execution_bar,USDJPY,2025.10.06 08:45:00,0,
2025.10.06 09:19:59,scan_executed_new_execution_bar,USDJPY,2025.10.06 09:00:00,0,
2025.10.06 09:24:59,scan_skipped_same_execution_bar,USDJPY,2025.10.06 09:00:00,0,
2025.10.06 09:34:59,scan_executed_new_execution_bar,USDJPY,2025.10.06 09:15:00,16,
2025.10.06 09:39:59,scan_skipped_same_execution_bar,USDJPY,2025.10.06 09:15:00,0,
2025.10.06 09:49:59,scan_executed_new_execution_bar,USDJPY,2025.10.06 09:30:00,0,
2025.10.06 09:54:59,scan_skipped_same_execution_bar,USDJPY,2025.10.06 09:30:00,0,
2025.10.06 10:04:59,scan_executed_new_execution_bar,USDJPY,2025.10.06 09:45:00,0,
2025.10.06 10:09:59,scan_skipped_same_execution_bar,USDJPY,2025.10.06 09:45:00,0,
2025.10.06 10:19:59,scan_executed_new_execution_bar,USDJPY,2025.10.06 10:00:00,0,
2025.10.06 10:24:59,scan_skipped_same_execution_bar,USDJPY,2025.10.06 10:00:00,0,
2025.10.06 10:34:59,scan_executed_new_execution_bar,USDJPY,2025.10.06 10:15:00,0,
2025.10.06 10:39:59,scan_skipped_same_execution_bar,USDJPY,2025.10.06 10:15:00,0,
2025.10.06 10:49:59,scan_executed_new_execution_bar,USDJPY,2025.10.06 10:30:00,31,
2025.10.06 10:54:59,scan_skipped_same_execution_bar,USDJPY,2025.10.06 10:30:00,0,
2025.10.06 11:04:59,scan_executed_new_execution_bar,USDJPY,2025.10.06 10:45:00,31,
2025.10.06 11:09:59,scan_skipped_same_execution_bar,USDJPY,2025.10.06 10:45:00,0,
2025.10.06 11:19:59,scan_executed_new_execution_bar,USDJPY,2025.10.06 11:00:00,0,
2025.10.06 11:24:58,scan_skipped_same_execution_bar,USDJPY,2025.10.06 11:00:00,0,
2025.10.06 11:34:59,scan_executed_new_execution_bar,USDJPY,2025.10.06 11:15:00,31,
2025.10.06 11:39:59,scan_skipped_same_execution_bar,USDJPY,2025.10.06 11:15:00,0,
2025.10.06 11:49:59,scan_executed_new_execution_bar,USDJPY,2025.10.06 11:30:00,31,
2025.10.06 11:54:59,scan_skipped_same_execution_bar,USDJPY,2025.10.06 11:30:00,0,
2025.10.06 12:04:59,scan_executed_new_execution_bar,USDJPY,2025.10.06 11:45:00,0,
2025.10.06 12:09:59,scan_skipped_same_execution_bar,USDJPY,2025.10.06 11:45:00,0,
2025.10.06 12:19:58,scan_executed_new_execution_bar,USDJPY,2025.10.06 12:00:00,15,
2025.10.06 12:24:59,scan_skipped_same_execution_bar,USDJPY,2025.10.06 12:00:00,0,
2025.10.06 12:34:59,scan_executed_new_execution_bar,USDJPY,2025.10.06 12:15:00,0,
2025.10.06 12:40:00,scan_skipped_same_execution_bar,USDJPY,2025.10.06 12:15:00,0,
2025.10.06 12:49:59,scan_executed_new_execution_bar,USDJPY,2025.10.06 12:30:00,0,
2025.10.06 12:54:59,scan_skipped_same_execution_bar,USDJPY,2025.10.06 12:30:00,0,
2025.10.06 13:04:59,scan_executed_new_execution_bar,USDJPY,2025.10.06 12:45:00,16,
2025.10.06 13:09:59,scan_skipped_same_execution_bar,USDJPY,2025.10.06 12:45:00,0,
2025.10.06 13:19:59,scan_executed_new_execution_bar,USDJPY,2025.10.06 13:00:00,16,
2025.10.06 13:24:59,scan_skipped_same_execution_bar,USDJPY,2025.10.06 13:00:00,0,
2025.10.06 13:34:59,scan_executed_new_execution_bar,USDJPY,2025.10.06 13:15:00,15,
2025.10.06 13:39:59,scan_skipped_same_execution_bar,USDJPY,2025.10.06 13:15:00,0,
2025.10.06 13:49:59,scan_executed_new_execution_bar,USDJPY,2025.10.06 13:30:00,15,
2025.10.06 13:54:59,scan_skipped_same_execution_bar,USDJPY,2025.10.06 13:30:00,0,
2025.10.06 14:04:59,scan_executed_new_execution_bar,USDJPY,2025.10.06 13:45:00,31,
2025.10.06 14:10:00,scan_skipped_same_execution_bar,USDJPY,2025.10.06 13:45:00,0,
2025.10.06 14:19:59,scan_executed_new_execution_bar,USDJPY,2025.10.06 14:00:00,32,
2025.10.06 14:24:59,scan_skipped_same_execution_bar,USDJPY,2025.10.06 14:00:00,0,
2025.10.06 14:34:59,scan_executed_new_execution_bar,USDJPY,2025.10.06 14:15:00,0,
2025.10.06 14:39:59,scan_skipped_same_execution_bar,USDJPY,2025.10.06 14:15:00,0,
2025.10.06 14:49:59,scan_executed_new_execution_bar,USDJPY,2025.10.06 14:30:00,0,
2025.10.06 14:54:59,scan_skipped_same_execution_bar,USDJPY,2025.10.06 14:30:00,0,
2025.10.06 15:04:59,scan_executed_new_execution_bar,USDJPY,2025.10.06 14:45:00,0,
2025.10.06 15:09:59,scan_skipped_same_execution_bar,USDJPY,2025.10.06 14:45:00,0,
2025.10.06 15:19:59,scan_executed_new_execution_bar,USDJPY,2025.10.06 15:00:00,0,
2025.10.06 15:24:59,scan_skipped_same_execution_bar,USDJPY,2025.10.06 15:00:00,0,
2025.10.06 15:34:59,scan_executed_new_execution_bar,USDJPY,2025.10.06 15:15:00,0,
2025.10.06 15:39:59,scan_skipped_same_execution_bar,USDJPY,2025.10.06 15:15:00,0,
2025.10.06 15:49:59,scan_executed_new_execution_bar,USDJPY,2025.10.06 15:30:00,0,
2025.10.06 15:54:59,scan_skipped_same_execution_bar,USDJPY,2025.10.06 15:30:00,0,
2025.10.06 16:04:59,scan_executed_new_execution_bar,USDJPY,2025.10.06 15:45:00,0,
2025.10.06 16:09:59,scan_skipped_same_execution_bar,USDJPY,2025.10.06 15:45:00,0,
2025.10.06 16:19:59,scan_executed_new_execution_bar,USDJPY,2025.10.06 16:00:00,15,
2025.10.06 16:24:59,scan_skipped_same_execution_bar,USDJPY,2025.10.06 16:00:00,0,
2025.10.06 16:34:59,scan_executed_new_execution_bar,USDJPY,2025.10.06 16:15:00,31,
2025.10.06 16:39:59,scan_skipped_same_execution_bar,USDJPY,2025.10.06 16:15:00,0,
2025.10.06 16:49:59,scan_executed_new_execution_bar,USDJPY,2025.10.06 16:30:00,16,
2025.10.06 16:55:00,scan_skipped_same_execution_bar,USDJPY,2025.10.06 16:30:00,0,
2025.10.06 17:04:59,scan_executed_new_execution_bar,USDJPY,2025.10.06 16:45:00,31,
2025.10.06 17:09:59,scan_skipped_same_execution_bar,USDJPY,2025.10.06 16:45:00,0,
2025.10.06 17:19:59,scan_executed_new_execution_bar,USDJPY,2025.10.06 17:00:00,0,
2025.10.06 17:24:59,scan_skipped_same_execution_bar,USDJPY,2025.10.06 17:00:00,0,
2025.10.06 17:34:59,scan_executed_new_execution_bar,USDJPY,2025.10.06 17:15:00,0,
2025.10.06 17:39:59,scan_skipped_same_execution_bar,USDJPY,2025.10.06 17:15:00,0,
2025.10.06 17:49:59,scan_executed_new_execution_bar,USDJPY,2025.10.06 17:30:00,15,
2025.10.06 17:54:59,scan_skipped_same_execution_bar,USDJPY,2025.10.06 17:30:00,0,
2025.10.06 18:04:59,scan_executed_new_execution_bar,USDJPY,2025.10.06 17:45:00,0,
2025.10.06 18:09:59,scan_skipped_same_execution_bar,USDJPY,2025.10.06 17:45:00,0,
2025.10.06 18:19:59,scan_executed_new_execution_bar,USDJPY,2025.10.06 18:00:00,16,
2025.10.06 18:24:59,scan_skipped_same_execution_bar,USDJPY,2025.10.06 18:00:00,0,
2025.10.06 18:34:58,scan_executed_new_execution_bar,USDJPY,2025.10.06 18:15:00,16,
2025.10.06 18:39:59,scan_skipped_same_execution_bar,USDJPY,2025.10.06 18:15:00,0,
2025.10.06 18:49:58,scan_executed_new_execution_bar,USDJPY,2025.10.06 18:30:00,31,
2025.10.06 18:54:59,scan_skipped_same_execution_bar,USDJPY,2025.10.06 18:30:00,0,
2025.10.06 19:04:59,scan_executed_new_execution_bar,USDJPY,2025.10.06 18:45:00,0,
2025.10.06 19:09:59,scan_skipped_same_execution_bar,USDJPY,2025.10.06 18:45:00,0,
2025.10.06 19:19:59,scan_executed_new_execution_bar,USDJPY,2025.10.06 19:00:00,31,
2025.10.06 19:24:59,scan_skipped_same_execution_bar,USDJPY,2025.10.06 19:00:00,0,
2025.10.06 19:34:59,scan_executed_new_execution_bar,USDJPY,2025.10.06 19:15:00,0,
2025.10.06 19:39:58,scan_skipped_same_execution_bar,USDJPY,2025.10.06 19:15:00,0,
2025.10.06 19:49:59,scan_executed_new_execution_bar,USDJPY,2025.10.06 19:30:00,0,
2025.10.06 19:54:59,scan_skipped_same_execution_bar,USDJPY,2025.10.06 19:30:00,0,
2025.10.06 20:04:59,scan_executed_new_execution_bar,USDJPY,2025.10.06 19:45:00,0,
2025.10.06 20:09:59,scan_skipped_same_execution_bar,USDJPY,2025.10.06 19:45:00,0,
2025.10.06 20:19:59,scan_executed_new_execution_bar,USDJPY,2025.10.06 20:00:00,0,
2025.10.06 20:24:55,scan_skipped_same_execution_bar,USDJPY,2025.10.06 20:00:00,0,
2025.10.06 20:34:59,scan_executed_new_execution_bar,USDJPY,2025.10.06 20:15:00,0,
2025.10.06 20:39:59,scan_skipped_same_execution_bar,USDJPY,2025.10.06 20:15:00,0,
2025.10.06 20:49:58,scan_executed_new_execution_bar,USDJPY,2025.10.06 20:30:00,0,
2025.10.06 20:54:59,scan_skipped_same_execution_bar,USDJPY,2025.10.06 20:30:00,0,
2025.10.06 21:04:59,scan_executed_new_execution_bar,USDJPY,2025.10.06 20:45:00,0,
2025.10.06 21:09:59,scan_skipped_same_execution_bar,USDJPY,2025.10.06 20:45:00,0,
2025.10.06 21:19:59,scan_executed_new_execution_bar,USDJPY,2025.10.06 21:00:00,0,
2025.10.06 21:24:59,scan_skipped_same_execution_bar,USDJPY,2025.10.06 21:00:00,0,
2025.10.06 21:34:58,scan_executed_new_execution_bar,USDJPY,2025.10.06 21:15:00,0,
2025.10.06 21:39:59,scan_skipped_same_execution_bar,USDJPY,2025.10.06 21:15:00,0,
2025.10.06 21:49:59,scan_executed_new_execution_bar,USDJPY,2025.10.06 21:30:00,0,
2025.10.06 21:54:58,scan_skipped_same_execution_bar,USDJPY,2025.10.06 21:30:00,0,
2025.10.06 22:04:59,scan_executed_new_execution_bar,USDJPY,2025.10.06 21:45:00,0,
2025.10.06 22:09:58,scan_skipped_same_execution_bar,USDJPY,2025.10.06 21:45:00,0,
2025.10.06 22:19:59,scan_executed_new_execution_bar,USDJPY,2025.10.06 22:00:00,0,
2025.10.06 22:24:59,scan_skipped_same_execution_bar,USDJPY,2025.10.06 22:00:00,0,
2025.10.06 22:34:59,scan_executed_new_execution_bar,USDJPY,2025.10.06 22:15:00,0,
2025.10.06 22:39:59,scan_skipped_same_execution_bar,USDJPY,2025.10.06 22:15:00,0,
2025.10.06 22:49:57,scan_executed_new_execution_bar,USDJPY,2025.10.06 22:30:00,0,
2025.10.06 22:54:59,scan_skipped_same_execution_bar,USDJPY,2025.10.06 22:30:00,0,
2025.10.06 23:04:59,scan_executed_new_execution_bar,USDJPY,2025.10.06 22:45:00,0,
2025.10.06 23:09:59,scan_skipped_same_execution_bar,USDJPY,2025.10.06 22:45:00,0,
2025.10.06 23:19:59,scan_executed_new_execution_bar,USDJPY,2025.10.06 23:00:00,0,
2025.10.06 23:24:59,scan_skipped_same_execution_bar,USDJPY,2025.10.06 23:00:00,0,
2025.10.06 23:34:58,scan_executed_new_execution_bar,USDJPY,2025.10.06 23:15:00,0,
2025.10.06 23:39:59,scan_skipped_same_execution_bar,USDJPY,2025.10.06 23:15:00,0,
2025.10.06 23:49:59,scan_executed_new_execution_bar,USDJPY,2025.10.06 23:30:00,0,
2025.10.06 23:54:59,scan_skipped_same_execution_bar,USDJPY,2025.10.06 23:30:00,0,
2025.10.07 00:04:46,scan_executed_new_execution_bar,USDJPY,2025.10.06 23:45:00,0,
2025.10.07 00:09:58,scan_skipped_same_execution_bar,USDJPY,2025.10.06 23:45:00,0,
2025.10.07 00:19:58,scan_executed_new_execution_bar,USDJPY,2025.10.07 00:00:00,0,
2025.10.07 00:24:56,scan_skipped_same_execution_bar,USDJPY,2025.10.07 00:00:00,0,
2025.10.07 00:34:59,scan_executed_new_execution_bar,USDJPY,2025.10.07 00:15:00,0,
2025.10.07 00:39:57,scan_skipped_same_execution_bar,USDJPY,2025.10.07 00:15:00,0,
2025.10.07 00:49:59,scan_executed_new_execution_bar,USDJPY,2025.10.07 00:30:00,0,
2025.10.07 00:54:53,scan_skipped_same_execution_bar,USDJPY,2025.10.07 00:30:00,0,
2025.10.07 01:04:59,scan_executed_new_execution_bar,USDJPY,2025.10.07 00:45:00,0,
2025.10.07 01:09:59,scan_skipped_same_execution_bar,USDJPY,2025.10.07 00:45:00,0,
2025.10.07 01:19:59,scan_executed_new_execution_bar,USDJPY,2025.10.07 01:00:00,0,
2025.10.07 01:24:59,scan_skipped_same_execution_bar,USDJPY,2025.10.07 01:00:00,0,
2025.10.07 01:35:00,scan_executed_new_execution_bar,USDJPY,2025.10.07 01:15:00,0,
2025.10.07 01:39:56,scan_skipped_same_execution_bar,USDJPY,2025.10.07 01:15:00,0,
2025.10.07 01:49:59,scan_executed_new_execution_bar,USDJPY,2025.10.07 01:30:00,0,
2025.10.07 01:54:58,scan_skipped_same_execution_bar,USDJPY,2025.10.07 01:30:00,0,
2025.10.07 02:04:58,scan_executed_new_execution_bar,USDJPY,2025.10.07 01:45:00,15,
2025.10.07 02:09:59,scan_skipped_same_execution_bar,USDJPY,2025.10.07 01:45:00,0,
2025.10.07 02:19:59,scan_executed_new_execution_bar,USDJPY,2025.10.07 02:00:00,0,
2025.10.07 02:24:58,scan_skipped_same_execution_bar,USDJPY,2025.10.07 02:00:00,0,
2025.10.07 02:34:59,scan_executed_new_execution_bar,USDJPY,2025.10.07 02:15:00,0,
2025.10.07 02:39:58,scan_skipped_same_execution_bar,USDJPY,2025.10.07 02:15:00,0,
2025.10.07 02:49:59,scan_executed_new_execution_bar,USDJPY,2025.10.07 02:30:00,15,
2025.10.07 02:54:59,scan_skipped_same_execution_bar,USDJPY,2025.10.07 02:30:00,0,
2025.10.07 03:04:59,scan_executed_new_execution_bar,USDJPY,2025.10.07 02:45:00,0,
2025.10.07 03:09:59,scan_skipped_same_execution_bar,USDJPY,2025.10.07 02:45:00,0,
2025.10.07 03:19:59,scan_executed_new_execution_bar,USDJPY,2025.10.07 03:00:00,0,
2025.10.07 03:24:59,scan_skipped_same_execution_bar,USDJPY,2025.10.07 03:00:00,0,
2025.10.07 03:34:59,scan_executed_new_execution_bar,USDJPY,2025.10.07 03:15:00,16,
2025.10.07 03:39:59,scan_skipped_same_execution_bar,USDJPY,2025.10.07 03:15:00,0,
2025.10.07 03:49:59,scan_executed_new_execution_bar,USDJPY,2025.10.07 03:30:00,0,
2025.10.07 03:54:59,scan_skipped_same_execution_bar,USDJPY,2025.10.07 03:30:00,0,
2025.10.07 04:04:59,scan_executed_new_execution_bar,USDJPY,2025.10.07 03:45:00,15,
2025.10.07 04:09:59,scan_skipped_same_execution_bar,USDJPY,2025.10.07 03:45:00,0,
2025.10.07 04:19:59,scan_executed_new_execution_bar,USDJPY,2025.10.07 04:00:00,0,
2025.10.07 04:24:58,scan_skipped_same_execution_bar,USDJPY,2025.10.07 04:00:00,0,
2025.10.07 04:34:59,scan_executed_new_execution_bar,USDJPY,2025.10.07 04:15:00,15,
2025.10.07 04:39:59,scan_skipped_same_execution_bar,USDJPY,2025.10.07 04:15:00,0,
2025.10.07 04:49:59,scan_executed_new_execution_bar,USDJPY,2025.10.07 04:30:00,0,
2025.10.07 04:54:59,scan_skipped_same_execution_bar,USDJPY,2025.10.07 04:30:00,0,
2025.10.07 05:04:55,scan_executed_new_execution_bar,USDJPY,2025.10.07 04:45:00,0,
2025.10.07 05:09:59,scan_skipped_same_execution_bar,USDJPY,2025.10.07 04:45:00,0,
2025.10.07 05:19:56,scan_executed_new_execution_bar,USDJPY,2025.10.07 05:00:00,16,
2025.10.07 05:24:59,scan_skipped_same_execution_bar,USDJPY,2025.10.07 05:00:00,0,
2025.10.07 05:34:55,scan_executed_new_execution_bar,USDJPY,2025.10.07 05:15:00,0,
2025.10.07 05:39:59,scan_skipped_same_execution_bar,USDJPY,2025.10.07 05:15:00,0,
2025.10.07 05:49:59,scan_executed_new_execution_bar,USDJPY,2025.10.07 05:30:00,0,
2025.10.07 05:54:56,scan_skipped_same_execution_bar,USDJPY,2025.10.07 05:30:00,0,
2025.10.07 06:04:57,scan_executed_new_execution_bar,USDJPY,2025.10.07 05:45:00,0,
2025.10.07 06:09:59,scan_skipped_same_execution_bar,USDJPY,2025.10.07 05:45:00,0,
2025.10.07 06:19:59,scan_executed_new_execution_bar,USDJPY,2025.10.07 06:00:00,16,
2025.10.07 06:24:59,scan_skipped_same_execution_bar,USDJPY,2025.10.07 06:00:00,0,
2025.10.07 06:34:59,scan_executed_new_execution_bar,USDJPY,2025.10.07 06:15:00,16,
2025.10.07 06:39:59,scan_skipped_same_execution_bar,USDJPY,2025.10.07 06:15:00,0,
2025.10.07 06:49:59,scan_executed_new_execution_bar,USDJPY,2025.10.07 06:30:00,16,
2025.10.07 06:54:59,scan_skipped_same_execution_bar,USDJPY,2025.10.07 06:30:00,0,
2025.10.07 07:04:59,scan_executed_new_execution_bar,USDJPY,2025.10.07 06:45:00,0,
2025.10.07 07:09:59,scan_skipped_same_execution_bar,USDJPY,2025.10.07 06:45:00,0,
2025.10.07 07:19:59,scan_executed_new_execution_bar,USDJPY,2025.10.07 07:00:00,0,
2025.10.07 07:24:58,scan_skipped_same_execution_bar,USDJPY,2025.10.07 07:00:00,0,
2025.10.07 07:34:56,scan_executed_new_execution_bar,USDJPY,2025.10.07 07:15:00,0,
2025.10.07 07:39:56,scan_skipped_same_execution_bar,USDJPY,2025.10.07 07:15:00,0,
2025.10.07 07:49:58,scan_executed_new_execution_bar,USDJPY,2025.10.07 07:30:00,15,
2025.10.07 07:55:00,scan_skipped_same_execution_bar,USDJPY,2025.10.07 07:30:00,0,
2025.10.07 08:04:59,scan_executed_new_execution_bar,USDJPY,2025.10.07 07:45:00,16,
2025.10.07 08:09:59,scan_skipped_same_execution_bar,USDJPY,2025.10.07 07:45:00,0,
2025.10.07 08:19:58,scan_executed_new_execution_bar,USDJPY,2025.10.07 08:00:00,0,
2025.10.07 08:24:59,scan_skipped_same_execution_bar,USDJPY,2025.10.07 08:00:00,0,
2025.10.07 08:34:59,scan_executed_new_execution_bar,USDJPY,2025.10.07 08:15:00,0,
2025.10.07 08:39:59,scan_skipped_same_execution_bar,USDJPY,2025.10.07 08:15:00,0,
2025.10.07 08:49:59,scan_executed_new_execution_bar,USDJPY,2025.10.07 08:30:00,16,
2025.10.07 08:54:59,scan_skipped_same_execution_bar,USDJPY,2025.10.07 08:30:00,0,
2025.10.07 09:04:59,scan_executed_new_execution_bar,USDJPY,2025.10.07 08:45:00,0,
2025.10.07 09:09:59,scan_skipped_same_execution_bar,USDJPY,2025.10.07 08:45:00,0,
2025.10.07 09:19:59,scan_executed_new_execution_bar,USDJPY,2025.10.07 09:00:00,0,
2025.10.07 09:24:59,scan_skipped_same_execution_bar,USDJPY,2025.10.07 09:00:00,0,
2025.10.07 09:34:59,scan_executed_new_execution_bar,USDJPY,2025.10.07 09:15:00,0,
2025.10.07 09:39:58,scan_skipped_same_execution_bar,USDJPY,2025.10.07 09:15:00,0,
2025.10.07 09:50:00,scan_executed_new_execution_bar,USDJPY,2025.10.07 09:30:00,0,
2025.10.07 09:54:59,scan_skipped_same_execution_bar,USDJPY,2025.10.07 09:30:00,0,
2025.10.07 10:04:59,scan_executed_new_execution_bar,USDJPY,2025.10.07 09:45:00,0,
2025.10.07 10:09:58,scan_skipped_same_execution_bar,USDJPY,2025.10.07 09:45:00,0,
2025.10.07 10:19:59,scan_executed_new_execution_bar,USDJPY,2025.10.07 10:00:00,0,
2025.10.07 10:24:59,scan_skipped_same_execution_bar,USDJPY,2025.10.07 10:00:00,0,
2025.10.07 10:34:59,scan_executed_new_execution_bar,USDJPY,2025.10.07 10:15:00,0,
2025.10.07 10:39:59,scan_skipped_same_execution_bar,USDJPY,2025.10.07 10:15:00,0,
2025.10.07 10:49:59,scan_executed_new_execution_bar,USDJPY,2025.10.07 10:30:00,0,
2025.10.07 10:54:59,scan_skipped_same_execution_bar,USDJPY,2025.10.07 10:30:00,0,
2025.10.07 11:05:00,scan_executed_new_execution_bar,USDJPY,2025.10.07 10:45:00,31,
2025.10.07 11:09:59,scan_skipped_same_execution_bar,USDJPY,2025.10.07 10:45:00,0,
2025.10.07 11:19:59,scan_executed_new_execution_bar,USDJPY,2025.10.07 11:00:00,0,
2025.10.07 11:24:59,scan_skipped_same_execution_bar,USDJPY,2025.10.07 11:00:00,0,
2025.10.07 11:34:59,scan_executed_new_execution_bar,USDJPY,2025.10.07 11:15:00,0,
2025.10.07 11:39:59,scan_skipped_same_execution_bar,USDJPY,2025.10.07 11:15:00,0,
2025.10.07 11:49:59,scan_executed_new_execution_bar,USDJPY,2025.10.07 11:30:00,15,
2025.10.07 11:54:59,scan_skipped_same_execution_bar,USDJPY,2025.10.07 11:30:00,0,
2025.10.07 12:04:59,scan_executed_new_execution_bar,USDJPY,2025.10.07 11:45:00,16,
2025.10.07 12:09:59,scan_skipped_same_execution_bar,USDJPY,2025.10.07 11:45:00,0,
2025.10.07 12:19:59,scan_executed_new_execution_bar,USDJPY,2025.10.07 12:00:00,0,
2025.10.07 12:24:59,scan_skipped_same_execution_bar,USDJPY,2025.10.07 12:00:00,0,
2025.10.07 12:34:59,scan_executed_new_execution_bar,USDJPY,2025.10.07 12:15:00,16,
2025.10.07 12:39:59,scan_skipped_same_execution_bar,USDJPY,2025.10.07 12:15:00,0,
2025.10.07 12:50:00,scan_executed_new_execution_bar,USDJPY,2025.10.07 12:30:00,0,
2025.10.07 12:54:59,scan_skipped_same_execution_bar,USDJPY,2025.10.07 12:30:00,0,
2025.10.07 13:04:59,scan_executed_new_execution_bar,USDJPY,2025.10.07 12:45:00,0,
2025.10.07 13:09:59,scan_skipped_same_execution_bar,USDJPY,2025.10.07 12:45:00,0,
2025.10.07 13:19:59,scan_executed_new_execution_bar,USDJPY,2025.10.07 13:00:00,0,
2025.10.07 13:24:59,scan_skipped_same_execution_bar,USDJPY,2025.10.07 13:00:00,0,
2025.10.07 13:34:59,scan_executed_new_execution_bar,USDJPY,2025.10.07 13:15:00,0,
2025.10.07 13:39:59,scan_skipped_same_execution_bar,USDJPY,2025.10.07 13:15:00,0,
2025.10.07 13:49:59,scan_executed_new_execution_bar,USDJPY,2025.10.07 13:30:00,0,
2025.10.07 13:54:59,scan_skipped_same_execution_bar,USDJPY,2025.10.07 13:30:00,0,
2025.10.07 14:05:00,scan_executed_new_execution_bar,USDJPY,2025.10.07 13:45:00,0,
2025.10.07 14:09:59,scan_skipped_same_execution_bar,USDJPY,2025.10.07 13:45:00,0,
2025.10.07 14:19:59,scan_executed_new_execution_bar,USDJPY,2025.10.07 14:00:00,0,
2025.10.07 14:24:59,scan_skipped_same_execution_bar,USDJPY,2025.10.07 14:00:00,0,
2025.10.07 14:34:59,scan_executed_new_execution_bar,USDJPY,2025.10.07 14:15:00,0,
2025.10.07 14:39:59,scan_skipped_same_execution_bar,USDJPY,2025.10.07 14:15:00,0,
2025.10.07 14:49:59,scan_executed_new_execution_bar,USDJPY,2025.10.07 14:30:00,0,
2025.10.07 14:54:59,scan_skipped_same_execution_bar,USDJPY,2025.10.07 14:30:00,0,
2025.10.07 15:04:59,scan_executed_new_execution_bar,USDJPY,2025.10.07 14:45:00,0,
2025.10.07 15:09:59,scan_skipped_same_execution_bar,USDJPY,2025.10.07 14:45:00,0,
2025.10.07 15:19:59,scan_executed_new_execution_bar,USDJPY,2025.10.07 15:00:00,0,
2025.10.07 15:24:59,scan_skipped_same_execution_bar,USDJPY,2025.10.07 15:00:00,0,
2025.10.07 15:34:59,scan_executed_new_execution_bar,USDJPY,2025.10.07 15:15:00,0,
2025.10.07 15:39:59,scan_skipped_same_execution_bar,USDJPY,2025.10.07 15:15:00,0,
2025.10.07 15:49:59,scan_executed_new_execution_bar,USDJPY,2025.10.07 15:30:00,0,
2025.10.07 15:54:59,scan_skipped_same_execution_bar,USDJPY,2025.10.07 15:30:00,0,
2025.10.07 16:04:59,scan_executed_new_execution_bar,USDJPY,2025.10.07 15:45:00,0,
2025.10.07 16:09:59,scan_skipped_same_execution_bar,USDJPY,2025.10.07 15:45:00,0,
2025.10.07 16:19:59,scan_executed_new_execution_bar,USDJPY,2025.10.07 16:00:00,0,
2025.10.07 16:24:59,scan_skipped_same_execution_bar,USDJPY,2025.10.07 16:00:00,0,
2025.10.07 16:34:59,scan_executed_new_execution_bar,USDJPY,2025.10.07 16:15:00,0,
2025.10.07 16:39:59,scan_skipped_same_execution_bar,USDJPY,2025.10.07 16:15:00,0,
2025.10.07 16:49:59,scan_executed_new_execution_bar,USDJPY,2025.10.07 16:30:00,0,
2025.10.07 16:54:59,scan_skipped_same_execution_bar,USDJPY,2025.10.07 16:30:00,0,
2025.10.07 17:04:59,scan_executed_new_execution_bar,USDJPY,2025.10.07 16:45:00,0,
2025.10.07 17:09:59,scan_skipped_same_execution_bar,USDJPY,2025.10.07 16:45:00,0,
2025.10.07 17:19:59,scan_executed_new_execution_bar,USDJPY,2025.10.07 17:00:00,0,
2025.10.07 17:24:59,scan_skipped_same_execution_bar,USDJPY,2025.10.07 17:00:00,0,
2025.10.07 17:34:59,scan_executed_new_execution_bar,USDJPY,2025.10.07 17:15:00,0,
2025.10.07 17:39:59,scan_skipped_same_execution_bar,USDJPY,2025.10.07 17:15:00,0,
2025.10.07 17:49:59,scan_executed_new_execution_bar,USDJPY,2025.10.07 17:30:00,0,
2025.10.07 17:54:59,scan_skipped_same_execution_bar,USDJPY,2025.10.07 17:30:00,0,
2025.10.07 18:04:59,scan_executed_new_execution_bar,USDJPY,2025.10.07 17:45:00,0,
2025.10.07 18:09:59,scan_skipped_same_execution_bar,USDJPY,2025.10.07 17:45:00,0,
2025.10.07 18:19:59,scan_executed_new_execution_bar,USDJPY,2025.10.07 18:00:00,15,
2025.10.07 18:24:59,scan_skipped_same_execution_bar,USDJPY,2025.10.07 18:00:00,0,
2025.10.07 18:34:59,scan_executed_new_execution_bar,USDJPY,2025.10.07 18:15:00,0,
2025.10.07 18:40:00,scan_skipped_same_execution_bar,USDJPY,2025.10.07 18:15:00,0,
2025.10.07 18:49:59,scan_executed_new_execution_bar,USDJPY,2025.10.07 18:30:00,15,
2025.10.07 18:54:59,scan_skipped_same_execution_bar,USDJPY,2025.10.07 18:30:00,0,
2025.10.07 19:04:59,scan_executed_new_execution_bar,USDJPY,2025.10.07 18:45:00,0,
2025.10.07 19:09:59,scan_skipped_same_execution_bar,USDJPY,2025.10.07 18:45:00,0,
2025.10.07 19:19:59,scan_executed_new_execution_bar,USDJPY,2025.10.07 19:00:00,0,
2025.10.07 19:24:59,scan_skipped_same_execution_bar,USDJPY,2025.10.07 19:00:00,0,
2025.10.07 19:34:59,scan_executed_new_execution_bar,USDJPY,2025.10.07 19:15:00,0,
2025.10.07 19:39:59,scan_skipped_same_execution_bar,USDJPY,2025.10.07 19:15:00,0,
2025.10.07 19:49:59,scan_executed_new_execution_bar,USDJPY,2025.10.07 19:30:00,0,
2025.10.07 19:54:59,scan_skipped_same_execution_bar,USDJPY,2025.10.07 19:30:00,0,
2025.10.07 20:04:59,scan_executed_new_execution_bar,USDJPY,2025.10.07 19:45:00,15,
2025.10.07 20:09:59,scan_skipped_same_execution_bar,USDJPY,2025.10.07 19:45:00,0,
2025.10.07 20:19:59,scan_executed_new_execution_bar,USDJPY,2025.10.07 20:00:00,0,
2025.10.07 20:24:59,scan_skipped_same_execution_bar,USDJPY,2025.10.07 20:00:00,0,
2025.10.07 20:34:59,scan_executed_new_execution_bar,USDJPY,2025.10.07 20:15:00,0,
2025.10.07 20:39:59,scan_skipped_same_execution_bar,USDJPY,2025.10.07 20:15:00,0,
2025.10.07 20:49:59,scan_executed_new_execution_bar,USDJPY,2025.10.07 20:30:00,0,
2025.10.07 20:54:59,scan_skipped_same_execution_bar,USDJPY,2025.10.07 20:30:00,0,
2025.10.07 21:04:59,scan_executed_new_execution_bar,USDJPY,2025.10.07 20:45:00,16,
2025.10.07 21:09:59,scan_skipped_same_execution_bar,USDJPY,2025.10.07 20:45:00,0,
2025.10.07 21:19:59,scan_executed_new_execution_bar,USDJPY,2025.10.07 21:00:00,0,
2025.10.07 21:24:59,scan_skipped_same_execution_bar,USDJPY,2025.10.07 21:00:00,0,
2025.10.07 21:34:59,scan_executed_new_execution_bar,USDJPY,2025.10.07 21:15:00,0,
2025.10.07 21:39:59,scan_skipped_same_execution_bar,USDJPY,2025.10.07 21:15:00,0,
2025.10.07 21:50:00,scan_executed_new_execution_bar,USDJPY,2025.10.07 21:30:00,0,
2025.10.07 21:54:59,scan_skipped_same_execution_bar,USDJPY,2025.10.07 21:30:00,0,
2025.10.07 22:04:59,scan_executed_new_execution_bar,USDJPY,2025.10.07 21:45:00,32,
2025.10.07 22:09:59,scan_skipped_same_execution_bar,USDJPY,2025.10.07 21:45:00,0,
2025.10.07 22:19:59,scan_executed_new_execution_bar,USDJPY,2025.10.07 22:00:00,15,
2025.10.07 22:24:59,scan_skipped_same_execution_bar,USDJPY,2025.10.07 22:00:00,0,
2025.10.07 22:34:59,scan_executed_new_execution_bar,USDJPY,2025.10.07 22:15:00,0,
2025.10.07 22:39:59,scan_skipped_same_execution_bar,USDJPY,2025.10.07 22:15:00,0,
2025.10.07 22:49:58,scan_executed_new_execution_bar,USDJPY,2025.10.07 22:30:00,0,
2025.10.07 22:55:00,scan_skipped_same_execution_bar,USDJPY,2025.10.07 22:30:00,0,
2025.10.07 23:04:59,scan_executed_new_execution_bar,USDJPY,2025.10.07 22:45:00,16,
2025.10.07 23:09:59,scan_skipped_same_execution_bar,USDJPY,2025.10.07 22:45:00,0,
2025.10.07 23:19:59,scan_executed_new_execution_bar,USDJPY,2025.10.07 23:00:00,0,
2025.10.07 23:24:59,scan_skipped_same_execution_bar,USDJPY,2025.10.07 23:00:00,0,
2025.10.07 23:34:59,scan_executed_new_execution_bar,USDJPY,2025.10.07 23:15:00,16,
2025.10.07 23:39:54,scan_skipped_same_execution_bar,USDJPY,2025.10.07 23:15:00,0,
2025.10.07 23:49:59,scan_executed_new_execution_bar,USDJPY,2025.10.07 23:30:00,0,
2025.10.07 23:54:59,scan_skipped_same_execution_bar,USDJPY,2025.10.07 23:30:00,0,
2025.10.08 00:04:53,scan_executed_new_execution_bar,USDJPY,2025.10.07 23:45:00,0,
2025.10.08 00:09:41,scan_skipped_same_execution_bar,USDJPY,2025.10.07 23:45:00,0,
2025.10.08 00:19:57,scan_executed_new_execution_bar,USDJPY,2025.10.08 00:00:00,0,
2025.10.08 00:24:58,scan_skipped_same_execution_bar,USDJPY,2025.10.08 00:00:00,0,
2025.10.08 00:34:59,scan_executed_new_execution_bar,USDJPY,2025.10.08 00:15:00,0,
2025.10.08 00:39:58,scan_skipped_same_execution_bar,USDJPY,2025.10.08 00:15:00,0,
2025.10.08 00:49:57,scan_executed_new_execution_bar,USDJPY,2025.10.08 00:30:00,0,
2025.10.08 00:54:56,scan_skipped_same_execution_bar,USDJPY,2025.10.08 00:30:00,0,
2025.10.08 01:04:59,scan_executed_new_execution_bar,USDJPY,2025.10.08 00:45:00,0,
2025.10.08 01:09:59,scan_skipped_same_execution_bar,USDJPY,2025.10.08 00:45:00,0,
2025.10.08 01:19:59,scan_executed_new_execution_bar,USDJPY,2025.10.08 01:00:00,0,
2025.10.08 01:24:59,scan_skipped_same_execution_bar,USDJPY,2025.10.08 01:00:00,0,
2025.10.08 01:34:55,scan_executed_new_execution_bar,USDJPY,2025.10.08 01:15:00,0,
2025.10.08 01:39:59,scan_skipped_same_execution_bar,USDJPY,2025.10.08 01:15:00,0,
2025.10.08 01:49:59,scan_executed_new_execution_bar,USDJPY,2025.10.08 01:30:00,0,
2025.10.08 01:54:54,scan_skipped_same_execution_bar,USDJPY,2025.10.08 01:30:00,0,
2025.10.08 02:04:59,scan_executed_new_execution_bar,USDJPY,2025.10.08 01:45:00,16,
2025.10.08 02:09:59,scan_skipped_same_execution_bar,USDJPY,2025.10.08 01:45:00,0,
2025.10.08 02:19:59,scan_executed_new_execution_bar,USDJPY,2025.10.08 02:00:00,0,
2025.10.08 02:25:00,scan_skipped_same_execution_bar,USDJPY,2025.10.08 02:00:00,0,
2025.10.08 02:34:59,scan_executed_new_execution_bar,USDJPY,2025.10.08 02:15:00,0,
2025.10.08 02:39:59,scan_skipped_same_execution_bar,USDJPY,2025.10.08 02:15:00,0,
2025.10.08 02:49:59,scan_executed_new_execution_bar,USDJPY,2025.10.08 02:30:00,0,
2025.10.08 02:54:59,scan_skipped_same_execution_bar,USDJPY,2025.10.08 02:30:00,0,
2025.10.08 03:05:00,scan_executed_new_execution_bar,USDJPY,2025.10.08 02:45:00,0,
2025.10.08 03:09:59,scan_skipped_same_execution_bar,USDJPY,2025.10.08 02:45:00,0,
2025.10.08 03:19:59,scan_executed_new_execution_bar,USDJPY,2025.10.08 03:00:00,0,
2025.10.08 03:24:59,scan_skipped_same_execution_bar,USDJPY,2025.10.08 03:00:00,0,
2025.10.08 03:34:59,scan_executed_new_execution_bar,USDJPY,2025.10.08 03:15:00,0,
2025.10.08 03:39:59,scan_skipped_same_execution_bar,USDJPY,2025.10.08 03:15:00,0,
2025.10.08 03:49:59,scan_executed_new_execution_bar,USDJPY,2025.10.08 03:30:00,16,
2025.10.08 03:54:59,scan_skipped_same_execution_bar,USDJPY,2025.10.08 03:30:00,0,
2025.10.08 04:04:59,scan_executed_new_execution_bar,USDJPY,2025.10.08 03:45:00,0,
2025.10.08 04:09:59,scan_skipped_same_execution_bar,USDJPY,2025.10.08 03:45:00,0,
2025.10.08 04:19:59,scan_executed_new_execution_bar,USDJPY,2025.10.08 04:00:00,0,
2025.10.08 04:24:59,scan_skipped_same_execution_bar,USDJPY,2025.10.08 04:00:00,0,
2025.10.08 04:34:59,scan_executed_new_execution_bar,USDJPY,2025.10.08 04:15:00,0,
2025.10.08 04:39:59,scan_skipped_same_execution_bar,USDJPY,2025.10.08 04:15:00,0,
2025.10.08 04:49:59,scan_executed_new_execution_bar,USDJPY,2025.10.08 04:30:00,31,
2025.10.08 04:54:59,scan_skipped_same_execution_bar,USDJPY,2025.10.08 04:30:00,0,
2025.10.08 05:04:59,scan_executed_new_execution_bar,USDJPY,2025.10.08 04:45:00,0,
2025.10.08 05:09:59,scan_skipped_same_execution_bar,USDJPY,2025.10.08 04:45:00,0,
2025.10.08 05:19:59,scan_executed_new_execution_bar,USDJPY,2025.10.08 05:00:00,15,
2025.10.08 05:24:59,scan_skipped_same_execution_bar,USDJPY,2025.10.08 05:00:00,0,
2025.10.08 05:34:59,scan_executed_new_execution_bar,USDJPY,2025.10.08 05:15:00,0,
2025.10.08 05:40:00,scan_skipped_same_execution_bar,USDJPY,2025.10.08 05:15:00,0,
2025.10.08 05:49:59,scan_executed_new_execution_bar,USDJPY,2025.10.08 05:30:00,31,
2025.10.08 05:54:59,scan_skipped_same_execution_bar,USDJPY,2025.10.08 05:30:00,0,
2025.10.08 06:04:59,scan_executed_new_execution_bar,USDJPY,2025.10.08 05:45:00,0,
2025.10.08 06:09:59,scan_skipped_same_execution_bar,USDJPY,2025.10.08 05:45:00,0,
2025.10.08 06:19:58,scan_executed_new_execution_bar,USDJPY,2025.10.08 06:00:00,16,
2025.10.08 06:24:59,scan_skipped_same_execution_bar,USDJPY,2025.10.08 06:00:00,0,
2025.10.08 06:34:59,scan_executed_new_execution_bar,USDJPY,2025.10.08 06:15:00,16,
2025.10.08 06:39:59,scan_skipped_same_execution_bar,USDJPY,2025.10.08 06:15:00,0,
2025.10.08 06:49:59,scan_executed_new_execution_bar,USDJPY,2025.10.08 06:30:00,31,
2025.10.08 06:54:59,scan_skipped_same_execution_bar,USDJPY,2025.10.08 06:30:00,0,
2025.10.08 07:04:59,scan_executed_new_execution_bar,USDJPY,2025.10.08 06:45:00,31,
2025.10.08 07:09:57,scan_skipped_same_execution_bar,USDJPY,2025.10.08 06:45:00,0,
2025.10.08 07:19:58,scan_executed_new_execution_bar,USDJPY,2025.10.08 07:00:00,0,
2025.10.08 07:24:59,scan_skipped_same_execution_bar,USDJPY,2025.10.08 07:00:00,0,
2025.10.08 07:34:59,scan_executed_new_execution_bar,USDJPY,2025.10.08 07:15:00,0,
2025.10.08 07:39:59,scan_skipped_same_execution_bar,USDJPY,2025.10.08 07:15:00,0,
2025.10.08 07:49:58,scan_executed_new_execution_bar,USDJPY,2025.10.08 07:30:00,0,
2025.10.08 07:54:59,scan_skipped_same_execution_bar,USDJPY,2025.10.08 07:30:00,0,
2025.10.08 08:04:59,scan_executed_new_execution_bar,USDJPY,2025.10.08 07:45:00,16,
2025.10.08 08:09:59,scan_skipped_same_execution_bar,USDJPY,2025.10.08 07:45:00,0,
2025.10.08 08:19:59,scan_executed_new_execution_bar,USDJPY,2025.10.08 08:00:00,0,
2025.10.08 08:24:58,scan_skipped_same_execution_bar,USDJPY,2025.10.08 08:00:00,0,
2025.10.08 08:34:59,scan_executed_new_execution_bar,USDJPY,2025.10.08 08:15:00,0,
2025.10.08 08:39:58,scan_skipped_same_execution_bar,USDJPY,2025.10.08 08:15:00,0,
2025.10.08 08:49:59,scan_executed_new_execution_bar,USDJPY,2025.10.08 08:30:00,0,
2025.10.08 08:54:59,scan_skipped_same_execution_bar,USDJPY,2025.10.08 08:30:00,0,
2025.10.08 09:04:59,scan_executed_new_execution_bar,USDJPY,2025.10.08 08:45:00,15,
2025.10.08 09:09:59,scan_skipped_same_execution_bar,USDJPY,2025.10.08 08:45:00,0,
2025.10.08 09:19:59,scan_executed_new_execution_bar,USDJPY,2025.10.08 09:00:00,0,
2025.10.08 09:24:59,scan_skipped_same_execution_bar,USDJPY,2025.10.08 09:00:00,0,
2025.10.08 09:34:59,scan_executed_new_execution_bar,USDJPY,2025.10.08 09:15:00,0,
2025.10.08 09:39:59,scan_skipped_same_execution_bar,USDJPY,2025.10.08 09:15:00,0,
2025.10.08 09:49:59,scan_executed_new_execution_bar,USDJPY,2025.10.08 09:30:00,0,
2025.10.08 09:54:59,scan_skipped_same_execution_bar,USDJPY,2025.10.08 09:30:00,0,
2025.10.08 10:04:59,scan_executed_new_execution_bar,USDJPY,2025.10.08 09:45:00,0,
2025.10.08 10:09:59,scan_skipped_same_execution_bar,USDJPY,2025.10.08 09:45:00,0,
2025.10.08 10:19:58,scan_executed_new_execution_bar,USDJPY,2025.10.08 10:00:00,0,
2025.10.08 10:24:59,scan_skipped_same_execution_bar,USDJPY,2025.10.08 10:00:00,0,
2025.10.08 10:34:59,scan_executed_new_execution_bar,USDJPY,2025.10.08 10:15:00,0,
2025.10.08 10:39:59,scan_skipped_same_execution_bar,USDJPY,2025.10.08 10:15:00,0,
2025.10.08 10:49:59,scan_executed_new_execution_bar,USDJPY,2025.10.08 10:30:00,0,
2025.10.08 10:54:59,scan_skipped_same_execution_bar,USDJPY,2025.10.08 10:30:00,0,
2025.10.08 11:04:59,scan_executed_new_execution_bar,USDJPY,2025.10.08 10:45:00,0,
2025.10.08 11:09:59,scan_skipped_same_execution_bar,USDJPY,2025.10.08 10:45:00,0,
2025.10.08 11:19:59,scan_executed_new_execution_bar,USDJPY,2025.10.08 11:00:00,15,
2025.10.08 11:24:59,scan_skipped_same_execution_bar,USDJPY,2025.10.08 11:00:00,0,
2025.10.08 11:34:59,scan_executed_new_execution_bar,USDJPY,2025.10.08 11:15:00,0,
2025.10.08 11:39:59,scan_skipped_same_execution_bar,USDJPY,2025.10.08 11:15:00,0,
2025.10.08 11:49:59,scan_executed_new_execution_bar,USDJPY,2025.10.08 11:30:00,0,
2025.10.08 11:54:59,scan_skipped_same_execution_bar,USDJPY,2025.10.08 11:30:00,0,
2025.10.08 12:04:59,scan_executed_new_execution_bar,USDJPY,2025.10.08 11:45:00,0,
2025.10.08 12:09:59,scan_skipped_same_execution_bar,USDJPY,2025.10.08 11:45:00,0,
2025.10.08 12:19:59,scan_executed_new_execution_bar,USDJPY,2025.10.08 12:00:00,0,
2025.10.08 12:24:59,scan_skipped_same_execution_bar,USDJPY,2025.10.08 12:00:00,0,
2025.10.08 12:34:59,scan_executed_new_execution_bar,USDJPY,2025.10.08 12:15:00,0,
2025.10.08 12:39:59,scan_skipped_same_execution_bar,USDJPY,2025.10.08 12:15:00,0,
2025.10.08 12:49:59,scan_executed_new_execution_bar,USDJPY,2025.10.08 12:30:00,0,
2025.10.08 12:54:59,scan_skipped_same_execution_bar,USDJPY,2025.10.08 12:30:00,0,
2025.10.08 13:04:59,scan_executed_new_execution_bar,USDJPY,2025.10.08 12:45:00,0,
2025.10.08 13:09:59,scan_skipped_same_execution_bar,USDJPY,2025.10.08 12:45:00,0,
2025.10.08 13:19:59,scan_executed_new_execution_bar,USDJPY,2025.10.08 13:00:00,31,
2025.10.08 13:24:59,scan_skipped_same_execution_bar,USDJPY,2025.10.08 13:00:00,0,
2025.10.08 13:34:59,scan_executed_new_execution_bar,USDJPY,2025.10.08 13:15:00,16,
2025.10.08 13:39:59,scan_skipped_same_execution_bar,USDJPY,2025.10.08 13:15:00,0,
2025.10.08 13:49:59,scan_executed_new_execution_bar,USDJPY,2025.10.08 13:30:00,0,
2025.10.08 13:54:59,scan_skipped_same_execution_bar,USDJPY,2025.10.08 13:30:00,0,
2025.10.08 14:04:59,scan_executed_new_execution_bar,USDJPY,2025.10.08 13:45:00,63,
2025.10.08 14:09:59,scan_skipped_same_execution_bar,USDJPY,2025.10.08 13:45:00,0,
2025.10.08 14:19:59,scan_executed_new_execution_bar,USDJPY,2025.10.08 14:00:00,0,
2025.10.08 14:24:59,scan_skipped_same_execution_bar,USDJPY,2025.10.08 14:00:00,0,
2025.10.08 14:34:59,scan_executed_new_execution_bar,USDJPY,2025.10.08 14:15:00,32,
2025.10.08 14:39:59,scan_skipped_same_execution_bar,USDJPY,2025.10.08 14:15:00,0,
2025.10.08 14:49:59,scan_executed_new_execution_bar,USDJPY,2025.10.08 14:30:00,0,
2025.10.08 14:54:59,scan_skipped_same_execution_bar,USDJPY,2025.10.08 14:30:00,0,
2025.10.08 15:04:59,scan_executed_new_execution_bar,USDJPY,2025.10.08 14:45:00,0,
2025.10.08 15:09:59,scan_skipped_same_execution_bar,USDJPY,2025.10.08 14:45:00,0,
2025.10.08 15:19:59,scan_executed_new_execution_bar,USDJPY,2025.10.08 15:00:00,0,
2025.10.08 15:24:59,scan_skipped_same_execution_bar,USDJPY,2025.10.08 15:00:00,0,
2025.10.08 15:34:59,scan_executed_new_execution_bar,USDJPY,2025.10.08 15:15:00,15,
2025.10.08 15:39:59,scan_skipped_same_execution_bar,USDJPY,2025.10.08 15:15:00,0,
2025.10.08 15:49:59,scan_executed_new_execution_bar,USDJPY,2025.10.08 15:30:00,0,
2025.10.08 15:54:59,scan_skipped_same_execution_bar,USDJPY,2025.10.08 15:30:00,0,
2025.10.08 16:04:59,scan_executed_new_execution_bar,USDJPY,2025.10.08 15:45:00,15,
2025.10.08 16:09:59,scan_skipped_same_execution_bar,USDJPY,2025.10.08 15:45:00,0,
2025.10.08 16:19:59,scan_executed_new_execution_bar,USDJPY,2025.10.08 16:00:00,0,
2025.10.08 16:24:59,scan_skipped_same_execution_bar,USDJPY,2025.10.08 16:00:00,0,
2025.10.08 16:34:59,scan_executed_new_execution_bar,USDJPY,2025.10.08 16:15:00,16,
2025.10.08 16:39:59,scan_skipped_same_execution_bar,USDJPY,2025.10.08 16:15:00,0,
2025.10.08 16:49:59,scan_executed_new_execution_bar,USDJPY,2025.10.08 16:30:00,0,
2025.10.08 16:54:59,scan_skipped_same_execution_bar,USDJPY,2025.10.08 16:30:00,0,
2025.10.08 17:04:59,scan_executed_new_execution_bar,USDJPY,2025.10.08 16:45:00,0,
2025.10.08 17:09:59,scan_skipped_same_execution_bar,USDJPY,2025.10.08 16:45:00,0,
2025.10.08 17:19:59,scan_executed_new_execution_bar,USDJPY,2025.10.08 17:00:00,0,
2025.10.08 17:24:59,scan_skipped_same_execution_bar,USDJPY,2025.10.08 17:00:00,0,
2025.10.08 17:34:59,scan_executed_new_execution_bar,USDJPY,2025.10.08 17:15:00,15,
2025.10.08 17:39:59,scan_skipped_same_execution_bar,USDJPY,2025.10.08 17:15:00,0,
2025.10.08 17:49:59,scan_executed_new_execution_bar,USDJPY,2025.10.08 17:30:00,16,
2025.10.08 17:54:59,scan_skipped_same_execution_bar,USDJPY,2025.10.08 17:30:00,0,
2025.10.08 18:04:59,scan_executed_new_execution_bar,USDJPY,2025.10.08 17:45:00,0,
2025.10.08 18:09:59,scan_skipped_same_execution_bar,USDJPY,2025.10.08 17:45:00,0,
2025.10.08 18:19:59,scan_executed_new_execution_bar,USDJPY,2025.10.08 18:00:00,0,
2025.10.08 18:24:59,scan_skipped_same_execution_bar,USDJPY,2025.10.08 18:00:00,0,
2025.10.08 18:34:59,scan_executed_new_execution_bar,USDJPY,2025.10.08 18:15:00,0,
2025.10.08 18:39:58,scan_skipped_same_execution_bar,USDJPY,2025.10.08 18:15:00,0,
2025.10.08 18:49:59,scan_executed_new_execution_bar,USDJPY,2025.10.08 18:30:00,0,
2025.10.08 18:54:59,scan_skipped_same_execution_bar,USDJPY,2025.10.08 18:30:00,0,
2025.10.08 19:04:59,scan_executed_new_execution_bar,USDJPY,2025.10.08 18:45:00,0,
2025.10.08 19:09:58,scan_skipped_same_execution_bar,USDJPY,2025.10.08 18:45:00,0,
2025.10.08 19:20:00,scan_executed_new_execution_bar,USDJPY,2025.10.08 19:00:00,0,
2025.10.08 19:24:59,scan_skipped_same_execution_bar,USDJPY,2025.10.08 19:00:00,0,
2025.10.08 19:34:58,scan_executed_new_execution_bar,USDJPY,2025.10.08 19:15:00,0,
2025.10.08 19:39:59,scan_skipped_same_execution_bar,USDJPY,2025.10.08 19:15:00,0,
2025.10.08 19:49:59,scan_executed_new_execution_bar,USDJPY,2025.10.08 19:30:00,0,
2025.10.08 19:54:59,scan_skipped_same_execution_bar,USDJPY,2025.10.08 19:30:00,0,
2025.10.08 20:04:59,scan_executed_new_execution_bar,USDJPY,2025.10.08 19:45:00,0,
2025.10.08 20:09:59,scan_skipped_same_execution_bar,USDJPY,2025.10.08 19:45:00,0,
2025.10.08 20:19:59,scan_executed_new_execution_bar,USDJPY,2025.10.08 20:00:00,0,
2025.10.08 20:24:59,scan_skipped_same_execution_bar,USDJPY,2025.10.08 20:00:00,0,
2025.10.08 20:34:57,scan_executed_new_execution_bar,USDJPY,2025.10.08 20:15:00,0,
2025.10.08 20:39:59,scan_skipped_same_execution_bar,USDJPY,2025.10.08 20:15:00,0,
2025.10.08 20:49:59,scan_executed_new_execution_bar,USDJPY,2025.10.08 20:30:00,0,
2025.10.08 20:54:59,scan_skipped_same_execution_bar,USDJPY,2025.10.08 20:30:00,0,
2025.10.08 21:04:59,scan_executed_new_execution_bar,USDJPY,2025.10.08 20:45:00,0,
2025.10.08 21:09:59,scan_skipped_same_execution_bar,USDJPY,2025.10.08 20:45:00,0,
2025.10.08 21:19:59,scan_executed_new_execution_bar,USDJPY,2025.10.08 21:00:00,0,
2025.10.08 21:24:59,scan_skipped_same_execution_bar,USDJPY,2025.10.08 21:00:00,0,
2025.10.08 21:34:59,scan_executed_new_execution_bar,USDJPY,2025.10.08 21:15:00,0,
2025.10.08 21:39:59,scan_skipped_same_execution_bar,USDJPY,2025.10.08 21:15:00,0,
2025.10.08 21:49:59,scan_executed_new_execution_bar,USDJPY,2025.10.08 21:30:00,0,
2025.10.08 21:55:00,scan_skipped_same_execution_bar,USDJPY,2025.10.08 21:30:00,0,
2025.10.08 22:04:59,scan_executed_new_execution_bar,USDJPY,2025.10.08 21:45:00,0,
2025.10.08 22:09:59,scan_skipped_same_execution_bar,USDJPY,2025.10.08 21:45:00,0,
2025.10.08 22:19:59,scan_executed_new_execution_bar,USDJPY,2025.10.08 22:00:00,0,
2025.10.08 22:24:59,scan_skipped_same_execution_bar,USDJPY,2025.10.08 22:00:00,0,
2025.10.08 22:34:59,scan_executed_new_execution_bar,USDJPY,2025.10.08 22:15:00,0,
2025.10.08 22:39:59,scan_skipped_same_execution_bar,USDJPY,2025.10.08 22:15:00,0,
2025.10.08 22:49:59,scan_executed_new_execution_bar,USDJPY,2025.10.08 22:30:00,0,
2025.10.08 22:54:59,scan_skipped_same_execution_bar,USDJPY,2025.10.08 22:30:00,0,
2025.10.08 23:04:58,scan_executed_new_execution_bar,USDJPY,2025.10.08 22:45:00,0,
2025.10.08 23:09:59,scan_skipped_same_execution_bar,USDJPY,2025.10.08 22:45:00,0,
2025.10.08 23:19:59,scan_executed_new_execution_bar,USDJPY,2025.10.08 23:00:00,0,
2025.10.08 23:24:59,scan_skipped_same_execution_bar,USDJPY,2025.10.08 23:00:00,0,
2025.10.08 23:34:59,scan_executed_new_execution_bar,USDJPY,2025.10.08 23:15:00,0,
2025.10.08 23:39:59,scan_skipped_same_execution_bar,USDJPY,2025.10.08 23:15:00,0,
2025.10.08 23:49:59,scan_executed_new_execution_bar,USDJPY,2025.10.08 23:30:00,0,
2025.10.08 23:55:00,scan_skipped_same_execution_bar,USDJPY,2025.10.08 23:30:00,0,
2025.10.09 00:04:18,scan_executed_new_execution_bar,USDJPY,2025.10.08 23:45:00,0,
2025.10.09 00:09:59,scan_skipped_same_execution_bar,USDJPY,2025.10.08 23:45:00,0,
2025.10.09 00:19:59,scan_executed_new_execution_bar,USDJPY,2025.10.09 00:00:00,0,
2025.10.09 00:24:59,scan_skipped_same_execution_bar,USDJPY,2025.10.09 00:00:00,0,
2025.10.09 00:34:58,scan_executed_new_execution_bar,USDJPY,2025.10.09 00:15:00,0,
2025.10.09 00:39:59,scan_skipped_same_execution_bar,USDJPY,2025.10.09 00:15:00,0,
2025.10.09 00:49:59,scan_executed_new_execution_bar,USDJPY,2025.10.09 00:30:00,0,
2025.10.09 00:54:59,scan_skipped_same_execution_bar,USDJPY,2025.10.09 00:30:00,0,
2025.10.09 01:04:59,scan_executed_new_execution_bar,USDJPY,2025.10.09 00:45:00,0,
2025.10.09 01:09:59,scan_skipped_same_execution_bar,USDJPY,2025.10.09 00:45:00,0,
2025.10.09 01:19:59,scan_executed_new_execution_bar,USDJPY,2025.10.09 01:00:00,0,
2025.10.09 01:24:59,scan_skipped_same_execution_bar,USDJPY,2025.10.09 01:00:00,0,
2025.10.09 01:34:59,scan_executed_new_execution_bar,USDJPY,2025.10.09 01:15:00,0,
2025.10.09 01:39:59,scan_skipped_same_execution_bar,USDJPY,2025.10.09 01:15:00,0,
2025.10.09 01:49:53,scan_executed_new_execution_bar,USDJPY,2025.10.09 01:30:00,0,
2025.10.09 01:54:59,scan_skipped_same_execution_bar,USDJPY,2025.10.09 01:30:00,0,
2025.10.09 02:04:58,scan_executed_new_execution_bar,USDJPY,2025.10.09 01:45:00,0,
2025.10.09 02:09:58,scan_skipped_same_execution_bar,USDJPY,2025.10.09 01:45:00,0,
2025.10.09 02:19:59,scan_executed_new_execution_bar,USDJPY,2025.10.09 02:00:00,16,
2025.10.09 02:24:58,scan_skipped_same_execution_bar,USDJPY,2025.10.09 02:00:00,0,
2025.10.09 02:35:00,scan_executed_new_execution_bar,USDJPY,2025.10.09 02:15:00,0,
2025.10.09 02:39:59,scan_skipped_same_execution_bar,USDJPY,2025.10.09 02:15:00,0,
2025.10.09 02:49:59,scan_executed_new_execution_bar,USDJPY,2025.10.09 02:30:00,0,
2025.10.09 02:54:59,scan_skipped_same_execution_bar,USDJPY,2025.10.09 02:30:00,0,
2025.10.09 03:04:59,scan_executed_new_execution_bar,USDJPY,2025.10.09 02:45:00,31,
2025.10.09 03:09:59,scan_skipped_same_execution_bar,USDJPY,2025.10.09 02:45:00,0,
2025.10.09 03:19:58,scan_executed_new_execution_bar,USDJPY,2025.10.09 03:00:00,0,
2025.10.09 03:24:59,scan_skipped_same_execution_bar,USDJPY,2025.10.09 03:00:00,0,
2025.10.09 03:34:59,scan_executed_new_execution_bar,USDJPY,2025.10.09 03:15:00,0,
2025.10.09 03:39:59,scan_skipped_same_execution_bar,USDJPY,2025.10.09 03:15:00,0,
2025.10.09 03:49:59,scan_executed_new_execution_bar,USDJPY,2025.10.09 03:30:00,0,
2025.10.09 03:54:59,scan_skipped_same_execution_bar,USDJPY,2025.10.09 03:30:00,0,
2025.10.09 04:04:59,scan_executed_new_execution_bar,USDJPY,2025.10.09 03:45:00,0,
2025.10.09 04:09:59,scan_skipped_same_execution_bar,USDJPY,2025.10.09 03:45:00,0,
2025.10.09 04:19:59,scan_executed_new_execution_bar,USDJPY,2025.10.09 04:00:00,0,
2025.10.09 04:24:58,scan_skipped_same_execution_bar,USDJPY,2025.10.09 04:00:00,0,
2025.10.09 04:34:59,scan_executed_new_execution_bar,USDJPY,2025.10.09 04:15:00,16,
2025.10.09 04:39:59,scan_skipped_same_execution_bar,USDJPY,2025.10.09 04:15:00,0,
2025.10.09 04:49:59,scan_executed_new_execution_bar,USDJPY,2025.10.09 04:30:00,16,
2025.10.09 04:54:58,scan_skipped_same_execution_bar,USDJPY,2025.10.09 04:30:00,0,
2025.10.09 05:04:59,scan_executed_new_execution_bar,USDJPY,2025.10.09 04:45:00,0,
2025.10.09 05:09:59,scan_skipped_same_execution_bar,USDJPY,2025.10.09 04:45:00,0,
2025.10.09 05:19:58,scan_executed_new_execution_bar,USDJPY,2025.10.09 05:00:00,0,
2025.10.09 05:24:59,scan_skipped_same_execution_bar,USDJPY,2025.10.09 05:00:00,0,
2025.10.09 05:34:59,scan_executed_new_execution_bar,USDJPY,2025.10.09 05:15:00,16,
2025.10.09 05:39:59,scan_skipped_same_execution_bar,USDJPY,2025.10.09 05:15:00,0,
2025.10.09 05:49:59,scan_executed_new_execution_bar,USDJPY,2025.10.09 05:30:00,0,
2025.10.09 05:54:59,scan_skipped_same_execution_bar,USDJPY,2025.10.09 05:30:00,0,
2025.10.09 06:04:59,scan_executed_new_execution_bar,USDJPY,2025.10.09 05:45:00,0,
2025.10.09 06:09:58,scan_skipped_same_execution_bar,USDJPY,2025.10.09 05:45:00,0,
2025.10.09 06:19:59,scan_executed_new_execution_bar,USDJPY,2025.10.09 06:00:00,16,
2025.10.09 06:24:59,scan_skipped_same_execution_bar,USDJPY,2025.10.09 06:00:00,0,
2025.10.09 06:34:59,scan_executed_new_execution_bar,USDJPY,2025.10.09 06:15:00,0,
2025.10.09 06:39:59,scan_skipped_same_execution_bar,USDJPY,2025.10.09 06:15:00,0,
2025.10.09 06:49:59,scan_executed_new_execution_bar,USDJPY,2025.10.09 06:30:00,0,
2025.10.09 06:54:57,scan_skipped_same_execution_bar,USDJPY,2025.10.09 06:30:00,0,
2025.10.09 07:04:59,scan_executed_new_execution_bar,USDJPY,2025.10.09 06:45:00,0,
2025.10.09 07:09:59,scan_skipped_same_execution_bar,USDJPY,2025.10.09 06:45:00,0,
2025.10.09 07:19:59,scan_executed_new_execution_bar,USDJPY,2025.10.09 07:00:00,16,
2025.10.09 07:24:59,scan_skipped_same_execution_bar,USDJPY,2025.10.09 07:00:00,0,
2025.10.09 07:34:56,scan_executed_new_execution_bar,USDJPY,2025.10.09 07:15:00,15,
2025.10.09 07:39:59,scan_skipped_same_execution_bar,USDJPY,2025.10.09 07:15:00,0,
2025.10.09 07:49:59,scan_executed_new_execution_bar,USDJPY,2025.10.09 07:30:00,0,
2025.10.09 07:54:59,scan_skipped_same_execution_bar,USDJPY,2025.10.09 07:30:00,0,
2025.10.09 08:04:59,scan_executed_new_execution_bar,USDJPY,2025.10.09 07:45:00,0,
2025.10.09 08:09:59,scan_skipped_same_execution_bar,USDJPY,2025.10.09 07:45:00,0,
2025.10.09 08:19:59,scan_executed_new_execution_bar,USDJPY,2025.10.09 08:00:00,0,
2025.10.09 08:24:59,scan_skipped_same_execution_bar,USDJPY,2025.10.09 08:00:00,0,
2025.10.09 08:34:59,scan_executed_new_execution_bar,USDJPY,2025.10.09 08:15:00,16,
2025.10.09 08:40:00,scan_skipped_same_execution_bar,USDJPY,2025.10.09 08:15:00,0,
2025.10.09 08:50:00,scan_executed_new_execution_bar,USDJPY,2025.10.09 08:30:00,0,
2025.10.09 08:54:59,scan_skipped_same_execution_bar,USDJPY,2025.10.09 08:30:00,0,
2025.10.09 09:04:59,scan_executed_new_execution_bar,USDJPY,2025.10.09 08:45:00,0,
2025.10.09 09:09:59,scan_skipped_same_execution_bar,USDJPY,2025.10.09 08:45:00,0,
2025.10.09 09:19:59,scan_executed_new_execution_bar,USDJPY,2025.10.09 09:00:00,0,
2025.10.09 09:24:59,scan_skipped_same_execution_bar,USDJPY,2025.10.09 09:00:00,0,
2025.10.09 09:34:59,scan_executed_new_execution_bar,USDJPY,2025.10.09 09:15:00,0,
2025.10.09 09:39:59,scan_skipped_same_execution_bar,USDJPY,2025.10.09 09:15:00,0,
2025.10.09 09:49:59,scan_executed_new_execution_bar,USDJPY,2025.10.09 09:30:00,0,
2025.10.09 09:54:59,scan_skipped_same_execution_bar,USDJPY,2025.10.09 09:30:00,0,
2025.10.09 10:04:59,scan_executed_new_execution_bar,USDJPY,2025.10.09 09:45:00,16,
2025.10.09 10:09:59,scan_skipped_same_execution_bar,USDJPY,2025.10.09 09:45:00,0,
2025.10.09 10:19:59,scan_executed_new_execution_bar,USDJPY,2025.10.09 10:00:00,0,
2025.10.09 10:24:59,scan_skipped_same_execution_bar,USDJPY,2025.10.09 10:00:00,0,
2025.10.09 10:34:59,scan_executed_new_execution_bar,USDJPY,2025.10.09 10:15:00,0,
2025.10.09 10:39:59,scan_skipped_same_execution_bar,USDJPY,2025.10.09 10:15:00,0,
2025.10.09 10:49:59,scan_executed_new_execution_bar,USDJPY,2025.10.09 10:30:00,0,
2025.10.09 10:54:59,scan_skipped_same_execution_bar,USDJPY,2025.10.09 10:30:00,0,
2025.10.09 11:04:59,scan_executed_new_execution_bar,USDJPY,2025.10.09 10:45:00,0,
2025.10.09 11:09:59,scan_skipped_same_execution_bar,USDJPY,2025.10.09 10:45:00,0,
2025.10.09 11:19:59,scan_executed_new_execution_bar,USDJPY,2025.10.09 11:00:00,15,
2025.10.09 11:24:59,scan_skipped_same_execution_bar,USDJPY,2025.10.09 11:00:00,0,
2025.10.09 11:34:59,scan_executed_new_execution_bar,USDJPY,2025.10.09 11:15:00,32,
2025.10.09 11:39:59,scan_skipped_same_execution_bar,USDJPY,2025.10.09 11:15:00,0,
2025.10.09 11:49:59,scan_executed_new_execution_bar,USDJPY,2025.10.09 11:30:00,31,
2025.10.09 11:54:59,scan_skipped_same_execution_bar,USDJPY,2025.10.09 11:30:00,0,
2025.10.09 12:04:59,scan_executed_new_execution_bar,USDJPY,2025.10.09 11:45:00,15,
2025.10.09 12:09:59,scan_skipped_same_execution_bar,USDJPY,2025.10.09 11:45:00,0,
2025.10.09 12:19:59,scan_executed_new_execution_bar,USDJPY,2025.10.09 12:00:00,47,
2025.10.09 12:24:59,scan_skipped_same_execution_bar,USDJPY,2025.10.09 12:00:00,0,
2025.10.09 12:34:59,scan_executed_new_execution_bar,USDJPY,2025.10.09 12:15:00,0,
2025.10.09 12:39:59,scan_skipped_same_execution_bar,USDJPY,2025.10.09 12:15:00,0,
2025.10.09 12:49:57,scan_executed_new_execution_bar,USDJPY,2025.10.09 12:30:00,15,
2025.10.09 12:54:59,scan_skipped_same_execution_bar,USDJPY,2025.10.09 12:30:00,0,
2025.10.09 13:04:59,scan_executed_new_execution_bar,USDJPY,2025.10.09 12:45:00,16,
2025.10.09 13:09:59,scan_skipped_same_execution_bar,USDJPY,2025.10.09 12:45:00,0,
2025.10.09 13:19:58,scan_executed_new_execution_bar,USDJPY,2025.10.09 13:00:00,16,
2025.10.09 13:24:59,scan_skipped_same_execution_bar,USDJPY,2025.10.09 13:00:00,0,
2025.10.09 13:34:59,scan_executed_new_execution_bar,USDJPY,2025.10.09 13:15:00,0,
2025.10.09 13:39:57,scan_skipped_same_execution_bar,USDJPY,2025.10.09 13:15:00,0,
2025.10.09 13:49:59,scan_executed_new_execution_bar,USDJPY,2025.10.09 13:30:00,15,
2025.10.09 13:54:59,scan_skipped_same_execution_bar,USDJPY,2025.10.09 13:30:00,0,
2025.10.09 14:04:59,scan_executed_new_execution_bar,USDJPY,2025.10.09 13:45:00,0,
2025.10.09 14:09:59,scan_skipped_same_execution_bar,USDJPY,2025.10.09 13:45:00,0,
2025.10.09 14:19:59,scan_executed_new_execution_bar,USDJPY,2025.10.09 14:00:00,0,
2025.10.09 14:24:59,scan_skipped_same_execution_bar,USDJPY,2025.10.09 14:00:00,0,
2025.10.09 14:35:00,scan_executed_new_execution_bar,USDJPY,2025.10.09 14:15:00,15,
2025.10.09 14:39:58,scan_skipped_same_execution_bar,USDJPY,2025.10.09 14:15:00,0,
2025.10.09 14:49:59,scan_executed_new_execution_bar,USDJPY,2025.10.09 14:30:00,0,
2025.10.09 14:54:59,scan_skipped_same_execution_bar,USDJPY,2025.10.09 14:30:00,0,
2025.10.09 15:04:59,scan_executed_new_execution_bar,USDJPY,2025.10.09 14:45:00,0,
2025.10.09 15:09:59,scan_skipped_same_execution_bar,USDJPY,2025.10.09 14:45:00,0,
2025.10.09 15:19:59,scan_executed_new_execution_bar,USDJPY,2025.10.09 15:00:00,0,
2025.10.09 15:24:59,scan_skipped_same_execution_bar,USDJPY,2025.10.09 15:00:00,0,
2025.10.09 15:34:59,scan_executed_new_execution_bar,USDJPY,2025.10.09 15:15:00,0,
2025.10.09 15:39:59,scan_skipped_same_execution_bar,USDJPY,2025.10.09 15:15:00,0,
2025.10.09 15:49:59,scan_executed_new_execution_bar,USDJPY,2025.10.09 15:30:00,0,
2025.10.09 15:54:59,scan_skipped_same_execution_bar,USDJPY,2025.10.09 15:30:00,0,
2025.10.09 16:04:59,scan_executed_new_execution_bar,USDJPY,2025.10.09 15:45:00,0,
2025.10.09 16:09:59,scan_skipped_same_execution_bar,USDJPY,2025.10.09 15:45:00,0,
2025.10.09 16:19:59,scan_executed_new_execution_bar,USDJPY,2025.10.09 16:00:00,0,
2025.10.09 16:24:59,scan_skipped_same_execution_bar,USDJPY,2025.10.09 16:00:00,0,
2025.10.09 16:34:59,scan_executed_new_execution_bar,USDJPY,2025.10.09 16:15:00,47,
2025.10.09 16:40:00,scan_skipped_same_execution_bar,USDJPY,2025.10.09 16:15:00,0,
2025.10.09 16:49:59,scan_executed_new_execution_bar,USDJPY,2025.10.09 16:30:00,0,
2025.10.09 16:54:59,scan_skipped_same_execution_bar,USDJPY,2025.10.09 16:30:00,0,
2025.10.09 17:04:59,scan_executed_new_execution_bar,USDJPY,2025.10.09 16:45:00,47,
2025.10.09 17:09:59,scan_skipped_same_execution_bar,USDJPY,2025.10.09 16:45:00,0,
2025.10.09 17:19:59,scan_executed_new_execution_bar,USDJPY,2025.10.09 17:00:00,0,
2025.10.09 17:24:59,scan_skipped_same_execution_bar,USDJPY,2025.10.09 17:00:00,0,
2025.10.09 17:34:59,scan_executed_new_execution_bar,USDJPY,2025.10.09 17:15:00,16,
2025.10.09 17:39:59,scan_skipped_same_execution_bar,USDJPY,2025.10.09 17:15:00,0,
2025.10.09 17:49:59,scan_executed_new_execution_bar,USDJPY,2025.10.09 17:30:00,15,
2025.10.09 17:54:59,scan_skipped_same_execution_bar,USDJPY,2025.10.09 17:30:00,0,
2025.10.09 18:04:59,scan_executed_new_execution_bar,USDJPY,2025.10.09 17:45:00,0,
2025.10.09 18:09:59,scan_skipped_same_execution_bar,USDJPY,2025.10.09 17:45:00,0,
2025.10.09 18:19:59,scan_executed_new_execution_bar,USDJPY,2025.10.09 18:00:00,0,
2025.10.09 18:24:59,scan_skipped_same_execution_bar,USDJPY,2025.10.09 18:00:00,0,
2025.10.09 18:34:59,scan_executed_new_execution_bar,USDJPY,2025.10.09 18:15:00,0,
2025.10.09 18:39:59,scan_skipped_same_execution_bar,USDJPY,2025.10.09 18:15:00,0,
2025.10.09 18:49:59,scan_executed_new_execution_bar,USDJPY,2025.10.09 18:30:00,0,
2025.10.09 18:54:59,scan_skipped_same_execution_bar,USDJPY,2025.10.09 18:30:00,0,
2025.10.09 19:04:59,scan_executed_new_execution_bar,USDJPY,2025.10.09 18:45:00,110,
2025.10.09 19:09:59,scan_skipped_same_execution_bar,USDJPY,2025.10.09 18:45:00,0,
2025.10.09 19:19:59,scan_executed_new_execution_bar,USDJPY,2025.10.09 19:00:00,0,
2025.10.09 19:24:59,scan_skipped_same_execution_bar,USDJPY,2025.10.09 19:00:00,0,
2025.10.09 19:35:00,scan_executed_new_execution_bar,USDJPY,2025.10.09 19:15:00,0,
2025.10.09 19:39:59,scan_skipped_same_execution_bar,USDJPY,2025.10.09 19:15:00,0,
2025.10.09 19:49:58,scan_executed_new_execution_bar,USDJPY,2025.10.09 19:30:00,0,
2025.10.09 19:54:59,scan_skipped_same_execution_bar,USDJPY,2025.10.09 19:30:00,0,
2025.10.09 20:04:59,scan_executed_new_execution_bar,USDJPY,2025.10.09 19:45:00,16,
2025.10.09 20:09:59,scan_skipped_same_execution_bar,USDJPY,2025.10.09 19:45:00,0,
2025.10.09 20:19:59,scan_executed_new_execution_bar,USDJPY,2025.10.09 20:00:00,47,
2025.10.09 20:24:59,scan_skipped_same_execution_bar,USDJPY,2025.10.09 20:00:00,0,
2025.10.09 20:34:59,scan_executed_new_execution_bar,USDJPY,2025.10.09 20:15:00,47,
2025.10.09 20:39:59,scan_skipped_same_execution_bar,USDJPY,2025.10.09 20:15:00,0,
2025.10.09 20:49:59,scan_executed_new_execution_bar,USDJPY,2025.10.09 20:30:00,31,
2025.10.09 20:54:58,scan_skipped_same_execution_bar,USDJPY,2025.10.09 20:30:00,0,
2025.10.09 21:04:59,scan_executed_new_execution_bar,USDJPY,2025.10.09 20:45:00,31,
2025.10.09 21:09:59,scan_skipped_same_execution_bar,USDJPY,2025.10.09 20:45:00,0,
2025.10.09 21:19:59,scan_executed_new_execution_bar,USDJPY,2025.10.09 21:00:00,0,
2025.10.09 21:24:58,scan_skipped_same_execution_bar,USDJPY,2025.10.09 21:00:00,0,
2025.10.09 21:34:59,scan_executed_new_execution_bar,USDJPY,2025.10.09 21:15:00,16,
2025.10.09 21:39:59,scan_skipped_same_execution_bar,USDJPY,2025.10.09 21:15:00,0,
2025.10.09 21:49:59,scan_executed_new_execution_bar,USDJPY,2025.10.09 21:30:00,0,
2025.10.09 21:54:59,scan_skipped_same_execution_bar,USDJPY,2025.10.09 21:30:00,0,
2025.10.09 22:04:59,scan_executed_new_execution_bar,USDJPY,2025.10.09 21:45:00,0,
2025.10.09 22:09:59,scan_skipped_same_execution_bar,USDJPY,2025.10.09 21:45:00,0,
2025.10.09 22:19:59,scan_executed_new_execution_bar,USDJPY,2025.10.09 22:00:00,15,
2025.10.09 22:24:59,scan_skipped_same_execution_bar,USDJPY,2025.10.09 22:00:00,0,
2025.10.09 22:34:59,scan_executed_new_execution_bar,USDJPY,2025.10.09 22:15:00,0,
2025.10.09 22:39:58,scan_skipped_same_execution_bar,USDJPY,2025.10.09 22:15:00,0,
2025.10.09 22:49:59,scan_executed_new_execution_bar,USDJPY,2025.10.09 22:30:00,0,
2025.10.09 22:54:59,scan_skipped_same_execution_bar,USDJPY,2025.10.09 22:30:00,0,
2025.10.09 23:04:59,scan_executed_new_execution_bar,USDJPY,2025.10.09 22:45:00,0,
2025.10.09 23:09:57,scan_skipped_same_execution_bar,USDJPY,2025.10.09 22:45:00,0,
2025.10.09 23:19:59,scan_executed_new_execution_bar,USDJPY,2025.10.09 23:00:00,0,
2025.10.09 23:24:58,scan_skipped_same_execution_bar,USDJPY,2025.10.09 23:00:00,0,
2025.10.09 23:34:59,scan_executed_new_execution_bar,USDJPY,2025.10.09 23:15:00,0,
2025.10.09 23:39:59,scan_skipped_same_execution_bar,USDJPY,2025.10.09 23:15:00,0,
2025.10.09 23:49:59,scan_executed_new_execution_bar,USDJPY,2025.10.09 23:30:00,0,
2025.10.09 23:54:58,scan_skipped_same_execution_bar,USDJPY,2025.10.09 23:30:00,0,
2025.10.10 00:04:53,scan_executed_new_execution_bar,USDJPY,2025.10.09 23:45:00,0,
2025.10.10 00:09:55,scan_skipped_same_execution_bar,USDJPY,2025.10.09 23:45:00,0,
2025.10.10 00:19:58,scan_executed_new_execution_bar,USDJPY,2025.10.10 00:00:00,0,
2025.10.10 00:24:59,scan_skipped_same_execution_bar,USDJPY,2025.10.10 00:00:00,0,
2025.10.10 00:34:59,scan_executed_new_execution_bar,USDJPY,2025.10.10 00:15:00,0,
2025.10.10 00:39:59,scan_skipped_same_execution_bar,USDJPY,2025.10.10 00:15:00,0,
2025.10.10 00:49:59,scan_executed_new_execution_bar,USDJPY,2025.10.10 00:30:00,0,
2025.10.10 00:54:59,scan_skipped_same_execution_bar,USDJPY,2025.10.10 00:30:00,0,
2025.10.10 01:04:59,scan_executed_new_execution_bar,USDJPY,2025.10.10 00:45:00,0,
2025.10.10 01:09:59,scan_skipped_same_execution_bar,USDJPY,2025.10.10 00:45:00,0,
2025.10.10 01:19:53,scan_executed_new_execution_bar,USDJPY,2025.10.10 01:00:00,0,
2025.10.10 01:24:59,scan_skipped_same_execution_bar,USDJPY,2025.10.10 01:00:00,0,
2025.10.10 01:34:59,scan_executed_new_execution_bar,USDJPY,2025.10.10 01:15:00,0,
2025.10.10 01:39:59,scan_skipped_same_execution_bar,USDJPY,2025.10.10 01:15:00,0,
2025.10.10 01:49:59,scan_executed_new_execution_bar,USDJPY,2025.10.10 01:30:00,0,
2025.10.10 01:54:59,scan_skipped_same_execution_bar,USDJPY,2025.10.10 01:30:00,0,
2025.10.10 02:04:59,scan_executed_new_execution_bar,USDJPY,2025.10.10 01:45:00,0,
2025.10.10 02:09:59,scan_skipped_same_execution_bar,USDJPY,2025.10.10 01:45:00,0,
2025.10.10 02:19:59,scan_executed_new_execution_bar,USDJPY,2025.10.10 02:00:00,0,
2025.10.10 02:24:59,scan_skipped_same_execution_bar,USDJPY,2025.10.10 02:00:00,0,
2025.10.10 02:34:59,scan_executed_new_execution_bar,USDJPY,2025.10.10 02:15:00,0,
2025.10.10 02:39:59,scan_skipped_same_execution_bar,USDJPY,2025.10.10 02:15:00,0,
2025.10.10 02:49:59,scan_executed_new_execution_bar,USDJPY,2025.10.10 02:30:00,0,
2025.10.10 02:54:59,scan_skipped_same_execution_bar,USDJPY,2025.10.10 02:30:00,0,
2025.10.10 03:04:59,scan_executed_new_execution_bar,USDJPY,2025.10.10 02:45:00,0,
2025.10.10 03:09:59,scan_skipped_same_execution_bar,USDJPY,2025.10.10 02:45:00,0,
2025.10.10 03:19:59,scan_executed_new_execution_bar,USDJPY,2025.10.10 03:00:00,0,
2025.10.10 03:24:59,scan_skipped_same_execution_bar,USDJPY,2025.10.10 03:00:00,0,
2025.10.10 03:34:59,scan_executed_new_execution_bar,USDJPY,2025.10.10 03:15:00,15,
2025.10.10 03:40:00,scan_skipped_same_execution_bar,USDJPY,2025.10.10 03:15:00,0,
2025.10.10 03:49:59,scan_executed_new_execution_bar,USDJPY,2025.10.10 03:30:00,0,
2025.10.10 03:54:59,scan_skipped_same_execution_bar,USDJPY,2025.10.10 03:30:00,0,
2025.10.10 04:04:59,scan_executed_new_execution_bar,USDJPY,2025.10.10 03:45:00,15,
2025.10.10 04:09:59,scan_skipped_same_execution_bar,USDJPY,2025.10.10 03:45:00,0,
2025.10.10 04:19:59,scan_executed_new_execution_bar,USDJPY,2025.10.10 04:00:00,16,
2025.10.10 04:24:58,scan_skipped_same_execution_bar,USDJPY,2025.10.10 04:00:00,0,
2025.10.10 04:34:59,scan_executed_new_execution_bar,USDJPY,2025.10.10 04:15:00,31,
2025.10.10 04:39:59,scan_skipped_same_execution_bar,USDJPY,2025.10.10 04:15:00,0,
2025.10.10 04:49:58,scan_executed_new_execution_bar,USDJPY,2025.10.10 04:30:00,16,
2025.10.10 04:54:59,scan_skipped_same_execution_bar,USDJPY,2025.10.10 04:30:00,0,
2025.10.10 05:04:58,scan_executed_new_execution_bar,USDJPY,2025.10.10 04:45:00,16,
2025.10.10 05:09:58,scan_skipped_same_execution_bar,USDJPY,2025.10.10 04:45:00,0,
2025.10.10 05:19:59,scan_executed_new_execution_bar,USDJPY,2025.10.10 05:00:00,0,
2025.10.10 05:24:57,scan_skipped_same_execution_bar,USDJPY,2025.10.10 05:00:00,0,
2025.10.10 05:35:00,scan_executed_new_execution_bar,USDJPY,2025.10.10 05:15:00,0,
2025.10.10 05:39:58,scan_skipped_same_execution_bar,USDJPY,2025.10.10 05:15:00,0,
2025.10.10 05:49:59,scan_executed_new_execution_bar,USDJPY,2025.10.10 05:30:00,32,
2025.10.10 05:54:59,scan_skipped_same_execution_bar,USDJPY,2025.10.10 05:30:00,0,
2025.10.10 06:04:58,scan_executed_new_execution_bar,USDJPY,2025.10.10 05:45:00,0,
2025.10.10 06:09:59,scan_skipped_same_execution_bar,USDJPY,2025.10.10 05:45:00,0,
2025.10.10 06:19:59,scan_executed_new_execution_bar,USDJPY,2025.10.10 06:00:00,16,
2025.10.10 06:24:59,scan_skipped_same_execution_bar,USDJPY,2025.10.10 06:00:00,0,
2025.10.10 06:34:58,scan_executed_new_execution_bar,USDJPY,2025.10.10 06:15:00,0,
2025.10.10 06:40:00,scan_skipped_same_execution_bar,USDJPY,2025.10.10 06:15:00,0,
2025.10.10 06:49:59,scan_executed_new_execution_bar,USDJPY,2025.10.10 06:30:00,0,
2025.10.10 06:54:58,scan_skipped_same_execution_bar,USDJPY,2025.10.10 06:30:00,0,
2025.10.10 07:04:59,scan_executed_new_execution_bar,USDJPY,2025.10.10 06:45:00,0,
2025.10.10 07:09:59,scan_skipped_same_execution_bar,USDJPY,2025.10.10 06:45:00,0,
2025.10.10 07:19:59,scan_executed_new_execution_bar,USDJPY,2025.10.10 07:00:00,15,
2025.10.10 07:24:59,scan_skipped_same_execution_bar,USDJPY,2025.10.10 07:00:00,0,
2025.10.10 07:34:59,scan_executed_new_execution_bar,USDJPY,2025.10.10 07:15:00,0,
2025.10.10 07:39:56,scan_skipped_same_execution_bar,USDJPY,2025.10.10 07:15:00,0,
2025.10.10 07:49:59,scan_executed_new_execution_bar,USDJPY,2025.10.10 07:30:00,15,
2025.10.10 07:54:59,scan_skipped_same_execution_bar,USDJPY,2025.10.10 07:30:00,0,
2025.10.10 08:04:59,scan_executed_new_execution_bar,USDJPY,2025.10.10 07:45:00,0,
2025.10.10 08:10:00,scan_skipped_same_execution_bar,USDJPY,2025.10.10 07:45:00,0,
2025.10.10 08:19:57,scan_executed_new_execution_bar,USDJPY,2025.10.10 08:00:00,15,
2025.10.10 08:24:57,scan_skipped_same_execution_bar,USDJPY,2025.10.10 08:00:00,0,
2025.10.10 08:34:59,scan_executed_new_execution_bar,USDJPY,2025.10.10 08:15:00,0,
2025.10.10 08:39:59,scan_skipped_same_execution_bar,USDJPY,2025.10.10 08:15:00,0,
2025.10.10 08:45:00,scan_executed_new_execution_bar,USDJPY,2025.10.10 08:30:00,0,
2025.10.10 08:49:59,scan_skipped_same_execution_bar,USDJPY,2025.10.10 08:30:00,0,
2025.10.10 09:04:59,scan_executed_new_execution_bar,USDJPY,2025.10.10 08:45:00,0,
2025.10.10 09:09:59,scan_skipped_same_execution_bar,USDJPY,2025.10.10 08:45:00,0,
2025.10.10 09:19:59,scan_executed_new_execution_bar,USDJPY,2025.10.10 09:00:00,15,
2025.10.10 09:24:59,scan_skipped_same_execution_bar,USDJPY,2025.10.10 09:00:00,0,
2025.10.10 09:34:59,scan_executed_new_execution_bar,USDJPY,2025.10.10 09:15:00,0,
2025.10.10 09:39:59,scan_skipped_same_execution_bar,USDJPY,2025.10.10 09:15:00,0,
2025.10.10 09:49:59,scan_executed_new_execution_bar,USDJPY,2025.10.10 09:30:00,0,
2025.10.10 09:55:00,scan_skipped_same_execution_bar,USDJPY,2025.10.10 09:30:00,0,
2025.10.10 10:04:59,scan_executed_new_execution_bar,USDJPY,2025.10.10 09:45:00,0,
2025.10.10 10:09:59,scan_skipped_same_execution_bar,USDJPY,2025.10.10 09:45:00,0,
2025.10.10 10:19:59,scan_executed_new_execution_bar,USDJPY,2025.10.10 10:00:00,0,
2025.10.10 10:24:59,scan_skipped_same_execution_bar,USDJPY,2025.10.10 10:00:00,0,
2025.10.10 10:34:59,scan_executed_new_execution_bar,USDJPY,2025.10.10 10:15:00,15,
2025.10.10 10:39:59,scan_skipped_same_execution_bar,USDJPY,2025.10.10 10:15:00,0,
2025.10.10 10:49:59,scan_executed_new_execution_bar,USDJPY,2025.10.10 10:30:00,0,
2025.10.10 10:54:59,scan_skipped_same_execution_bar,USDJPY,2025.10.10 10:30:00,0,
2025.10.10 11:04:59,scan_executed_new_execution_bar,USDJPY,2025.10.10 10:45:00,31,
2025.10.10 11:09:59,scan_skipped_same_execution_bar,USDJPY,2025.10.10 10:45:00,0,
2025.10.10 11:19:59,scan_executed_new_execution_bar,USDJPY,2025.10.10 11:00:00,16,
2025.10.10 11:24:59,scan_skipped_same_execution_bar,USDJPY,2025.10.10 11:00:00,0,
2025.10.10 11:34:59,scan_executed_new_execution_bar,USDJPY,2025.10.10 11:15:00,15,
2025.10.10 11:39:59,scan_skipped_same_execution_bar,USDJPY,2025.10.10 11:15:00,0,
2025.10.10 11:49:58,scan_executed_new_execution_bar,USDJPY,2025.10.10 11:30:00,15,
2025.10.10 11:54:58,scan_skipped_same_execution_bar,USDJPY,2025.10.10 11:30:00,0,
2025.10.10 12:04:59,scan_executed_new_execution_bar,USDJPY,2025.10.10 11:45:00,47,
2025.10.10 12:09:59,scan_skipped_same_execution_bar,USDJPY,2025.10.10 11:45:00,0,
2025.10.10 12:19:59,scan_executed_new_execution_bar,USDJPY,2025.10.10 12:00:00,16,
2025.10.10 12:24:59,scan_skipped_same_execution_bar,USDJPY,2025.10.10 12:00:00,0,
2025.10.10 12:34:59,scan_executed_new_execution_bar,USDJPY,2025.10.10 12:15:00,15,
2025.10.10 12:39:59,scan_skipped_same_execution_bar,USDJPY,2025.10.10 12:15:00,0,
2025.10.10 12:49:59,scan_executed_new_execution_bar,USDJPY,2025.10.10 12:30:00,0,
2025.10.10 12:54:59,scan_skipped_same_execution_bar,USDJPY,2025.10.10 12:30:00,0,
2025.10.10 13:04:59,scan_executed_new_execution_bar,USDJPY,2025.10.10 12:45:00,15,
2025.10.10 13:09:59,scan_skipped_same_execution_bar,USDJPY,2025.10.10 12:45:00,0,
2025.10.10 13:19:59,scan_executed_new_execution_bar,USDJPY,2025.10.10 13:00:00,0,
2025.10.10 13:24:59,scan_skipped_same_execution_bar,USDJPY,2025.10.10 13:00:00,0,
2025.10.10 13:34:59,scan_executed_new_execution_bar,USDJPY,2025.10.10 13:15:00,0,
2025.10.10 13:39:59,scan_skipped_same_execution_bar,USDJPY,2025.10.10 13:15:00,0,
2025.10.10 13:49:59,scan_executed_new_execution_bar,USDJPY,2025.10.10 13:30:00,0,
2025.10.10 13:54:59,scan_skipped_same_execution_bar,USDJPY,2025.10.10 13:30:00,0,
2025.10.10 14:04:59,scan_executed_new_execution_bar,USDJPY,2025.10.10 13:45:00,0,
2025.10.10 14:09:59,scan_skipped_same_execution_bar,USDJPY,2025.10.10 13:45:00,0,
2025.10.10 14:19:59,scan_executed_new_execution_bar,USDJPY,2025.10.10 14:00:00,15,
2025.10.10 14:24:59,scan_skipped_same_execution_bar,USDJPY,2025.10.10 14:00:00,0,
2025.10.10 14:34:59,scan_executed_new_execution_bar,USDJPY,2025.10.10 14:15:00,0,
2025.10.10 14:39:59,scan_skipped_same_execution_bar,USDJPY,2025.10.10 14:15:00,0,
2025.10.10 14:49:59,scan_executed_new_execution_bar,USDJPY,2025.10.10 14:30:00,0,
2025.10.10 14:54:59,scan_skipped_same_execution_bar,USDJPY,2025.10.10 14:30:00,0,
2025.10.10 15:04:59,scan_executed_new_execution_bar,USDJPY,2025.10.10 14:45:00,0,
2025.10.10 15:09:59,scan_skipped_same_execution_bar,USDJPY,2025.10.10 14:45:00,0,
2025.10.10 15:19:59,scan_executed_new_execution_bar,USDJPY,2025.10.10 15:00:00,0,
2025.10.10 15:24:59,scan_skipped_same_execution_bar,USDJPY,2025.10.10 15:00:00,0,
2025.10.10 15:34:59,scan_executed_new_execution_bar,USDJPY,2025.10.10 15:15:00,0,
2025.10.10 15:39:59,scan_skipped_same_execution_bar,USDJPY,2025.10.10 15:15:00,0,
2025.10.10 15:49:59,scan_executed_new_execution_bar,USDJPY,2025.10.10 15:30:00,0,
2025.10.10 15:54:59,scan_skipped_same_execution_bar,USDJPY,2025.10.10 15:30:00,0,
2025.10.10 16:04:59,scan_executed_new_execution_bar,USDJPY,2025.10.10 15:45:00,15,
2025.10.10 16:09:59,scan_skipped_same_execution_bar,USDJPY,2025.10.10 15:45:00,0,
2025.10.10 16:19:59,scan_executed_new_execution_bar,USDJPY,2025.10.10 16:00:00,0,
2025.10.10 16:24:59,scan_skipped_same_execution_bar,USDJPY,2025.10.10 16:00:00,0,
2025.10.10 16:34:59,scan_executed_new_execution_bar,USDJPY,2025.10.10 16:15:00,0,
2025.10.10 16:39:59,scan_skipped_same_execution_bar,USDJPY,2025.10.10 16:15:00,0,
2025.10.10 16:49:59,scan_executed_new_execution_bar,USDJPY,2025.10.10 16:30:00,16,
2025.10.10 16:54:59,scan_skipped_same_execution_bar,USDJPY,2025.10.10 16:30:00,0,
2025.10.10 17:04:59,scan_executed_new_execution_bar,USDJPY,2025.10.10 16:45:00,0,
2025.10.10 17:09:59,scan_skipped_same_execution_bar,USDJPY,2025.10.10 16:45:00,0,
2025.10.10 17:19:59,scan_executed_new_execution_bar,USDJPY,2025.10.10 17:00:00,15,
2025.10.10 17:24:59,scan_skipped_same_execution_bar,USDJPY,2025.10.10 17:00:00,0,
2025.10.10 17:34:59,scan_executed_new_execution_bar,USDJPY,2025.10.10 17:15:00,0,
2025.10.10 17:39:59,scan_skipped_same_execution_bar,USDJPY,2025.10.10 17:15:00,0,
2025.10.10 17:49:59,scan_executed_new_execution_bar,USDJPY,2025.10.10 17:30:00,0,
2025.10.10 17:54:59,scan_skipped_same_execution_bar,USDJPY,2025.10.10 17:30:00,0,
2025.10.10 18:04:59,scan_executed_new_execution_bar,USDJPY,2025.10.10 17:45:00,0,
2025.10.10 18:09:59,scan_skipped_same_execution_bar,USDJPY,2025.10.10 17:45:00,0,
2025.10.10 18:19:59,scan_executed_new_execution_bar,USDJPY,2025.10.10 18:00:00,0,
2025.10.10 18:24:59,scan_skipped_same_execution_bar,USDJPY,2025.10.10 18:00:00,0,
2025.10.10 18:34:59,scan_executed_new_execution_bar,USDJPY,2025.10.10 18:15:00,0,
2025.10.10 18:39:59,scan_skipped_same_execution_bar,USDJPY,2025.10.10 18:15:00,0,
2025.10.10 18:49:59,scan_executed_new_execution_bar,USDJPY,2025.10.10 18:30:00,110,
2025.10.10 18:54:59,scan_skipped_same_execution_bar,USDJPY,2025.10.10 18:30:00,0,
2025.10.10 19:04:59,scan_executed_new_execution_bar,USDJPY,2025.10.10 18:45:00,15,
2025.10.10 19:09:59,scan_skipped_same_execution_bar,USDJPY,2025.10.10 18:45:00,0,
2025.10.10 19:19:59,scan_executed_new_execution_bar,USDJPY,2025.10.10 19:00:00,0,
2025.10.10 19:24:59,scan_skipped_same_execution_bar,USDJPY,2025.10.10 19:00:00,0,
2025.10.10 19:34:59,scan_executed_new_execution_bar,USDJPY,2025.10.10 19:15:00,16,
2025.10.10 19:39:59,scan_skipped_same_execution_bar,USDJPY,2025.10.10 19:15:00,0,
2025.10.10 19:49:59,scan_executed_new_execution_bar,USDJPY,2025.10.10 19:30:00,16,
2025.10.10 19:54:59,scan_skipped_same_execution_bar,USDJPY,2025.10.10 19:30:00,0,
2025.10.10 20:04:59,scan_executed_new_execution_bar,USDJPY,2025.10.10 19:45:00,0,
2025.10.10 20:09:59,scan_skipped_same_execution_bar,USDJPY,2025.10.10 19:45:00,0,
2025.10.10 20:19:59,scan_executed_new_execution_bar,USDJPY,2025.10.10 20:00:00,0,
2025.10.10 20:24:59,scan_skipped_same_execution_bar,USDJPY,2025.10.10 20:00:00,0,
2025.10.10 20:34:59,scan_executed_new_execution_bar,USDJPY,2025.10.10 20:15:00,62,
2025.10.10 20:39:59,scan_skipped_same_execution_bar,USDJPY,2025.10.10 20:15:00,0,
2025.10.10 20:49:58,scan_executed_new_execution_bar,USDJPY,2025.10.10 20:30:00,0,
2025.10.10 20:54:59,scan_skipped_same_execution_bar,USDJPY,2025.10.10 20:30:00,0,
2025.10.10 21:05:00,scan_executed_new_execution_bar,USDJPY,2025.10.10 20:45:00,0,
2025.10.10 21:09:59,scan_skipped_same_execution_bar,USDJPY,2025.10.10 20:45:00,0,
2025.10.10 21:19:59,scan_executed_new_execution_bar,USDJPY,2025.10.10 21:00:00,0,
2025.10.10 21:24:59,scan_skipped_same_execution_bar,USDJPY,2025.10.10 21:00:00,0,
2025.10.10 21:34:59,scan_executed_new_execution_bar,USDJPY,2025.10.10 21:15:00,16,
2025.10.10 21:39:59,scan_skipped_same_execution_bar,USDJPY,2025.10.10 21:15:00,0,
2025.10.10 21:49:59,scan_executed_new_execution_bar,USDJPY,2025.10.10 21:30:00,15,
2025.10.10 21:54:59,scan_skipped_same_execution_bar,USDJPY,2025.10.10 21:30:00,0,
2025.10.10 22:04:59,scan_executed_new_execution_bar,USDJPY,2025.10.10 21:45:00,0,
2025.10.10 22:09:59,scan_skipped_same_execution_bar,USDJPY,2025.10.10 21:45:00,0,
2025.10.10 22:19:59,scan_executed_new_execution_bar,USDJPY,2025.10.10 22:00:00,0,
2025.10.10 22:24:59,scan_skipped_same_execution_bar,USDJPY,2025.10.10 22:00:00,0,
2025.10.10 22:34:59,scan_executed_new_execution_bar,USDJPY,2025.10.10 22:15:00,0,
2025.10.10 22:39:59,scan_skipped_same_execution_bar,USDJPY,2025.10.10 22:15:00,0,
2025.10.10 22:49:59,scan_executed_new_execution_bar,USDJPY,2025.10.10 22:30:00,32,
2025.10.10 22:54:59,scan_skipped_same_execution_bar,USDJPY,2025.10.10 22:30:00,0,
2025.10.10 23:04:59,scan_executed_new_execution_bar,USDJPY,2025.10.10 22:45:00,0,
2025.10.10 23:09:59,scan_skipped_same_execution_bar,USDJPY,2025.10.10 22:45:00,0,
2025.10.10 23:19:59,scan_executed_new_execution_bar,USDJPY,2025.10.10 23:00:00,16,
2025.10.10 23:24:59,scan_skipped_same_execution_bar,USDJPY,2025.10.10 23:00:00,0,
2025.10.10 23:34:59,scan_executed_new_execution_bar,USDJPY,2025.10.10 23:15:00,0,
2025.10.10 23:39:58,scan_skipped_same_execution_bar,USDJPY,2025.10.10 23:15:00,0,
2025.10.10 23:49:59,scan_executed_new_execution_bar,USDJPY,2025.10.10 23:30:00,0,
2025.10.10 23:54:59,scan_skipped_same_execution_bar,USDJPY,2025.10.10 23:30:00,0,
2025.10.13 00:04:55,scan_executed_new_execution_bar,USDJPY,2025.10.10 23:45:00,0,
2025.10.13 00:09:59,scan_skipped_same_execution_bar,USDJPY,2025.10.10 23:45:00,0,
2025.10.13 00:19:59,scan_executed_new_execution_bar,USDJPY,2025.10.13 00:00:00,0,
2025.10.13 00:24:56,scan_skipped_same_execution_bar,USDJPY,2025.10.13 00:00:00,0,
2025.10.13 00:34:57,scan_executed_new_execution_bar,USDJPY,2025.10.13 00:15:00,0,
2025.10.13 00:39:58,scan_skipped_same_execution_bar,USDJPY,2025.10.13 00:15:00,0,
2025.10.13 00:49:58,scan_executed_new_execution_bar,USDJPY,2025.10.13 00:30:00,0,
2025.10.13 00:54:59,scan_skipped_same_execution_bar,USDJPY,2025.10.13 00:30:00,0,
2025.10.13 01:04:59,scan_executed_new_execution_bar,USDJPY,2025.10.13 00:45:00,0,
2025.10.13 01:09:59,scan_skipped_same_execution_bar,USDJPY,2025.10.13 00:45:00,0,
2025.10.13 01:19:59,scan_executed_new_execution_bar,USDJPY,2025.10.13 01:00:00,0,
2025.10.13 01:24:59,scan_skipped_same_execution_bar,USDJPY,2025.10.13 01:00:00,0,
2025.10.13 01:34:59,scan_executed_new_execution_bar,USDJPY,2025.10.13 01:15:00,16,
2025.10.13 01:39:59,scan_skipped_same_execution_bar,USDJPY,2025.10.13 01:15:00,0,
2025.10.13 01:49:59,scan_executed_new_execution_bar,USDJPY,2025.10.13 01:30:00,16,
2025.10.13 01:54:58,scan_skipped_same_execution_bar,USDJPY,2025.10.13 01:30:00,0,
2025.10.13 02:04:59,scan_executed_new_execution_bar,USDJPY,2025.10.13 01:45:00,0,
2025.10.13 02:09:59,scan_skipped_same_execution_bar,USDJPY,2025.10.13 01:45:00,0,
2025.10.13 02:19:59,scan_executed_new_execution_bar,USDJPY,2025.10.13 02:00:00,0,
2025.10.13 02:24:59,scan_skipped_same_execution_bar,USDJPY,2025.10.13 02:00:00,0,
2025.10.13 02:34:59,scan_executed_new_execution_bar,USDJPY,2025.10.13 02:15:00,16,
2025.10.13 02:39:59,scan_skipped_same_execution_bar,USDJPY,2025.10.13 02:15:00,0,
2025.10.13 02:49:59,scan_executed_new_execution_bar,USDJPY,2025.10.13 02:30:00,15,
2025.10.13 02:54:59,scan_skipped_same_execution_bar,USDJPY,2025.10.13 02:30:00,0,
2025.10.13 03:04:59,scan_executed_new_execution_bar,USDJPY,2025.10.13 02:45:00,0,
2025.10.13 03:09:59,scan_skipped_same_execution_bar,USDJPY,2025.10.13 02:45:00,0,
2025.10.13 03:19:59,scan_executed_new_execution_bar,USDJPY,2025.10.13 03:00:00,15,
2025.10.13 03:24:59,scan_skipped_same_execution_bar,USDJPY,2025.10.13 03:00:00,0,
2025.10.13 03:34:58,scan_executed_new_execution_bar,USDJPY,2025.10.13 03:15:00,16,
2025.10.13 03:39:59,scan_skipped_same_execution_bar,USDJPY,2025.10.13 03:15:00,0,
2025.10.13 03:49:59,scan_executed_new_execution_bar,USDJPY,2025.10.13 03:30:00,0,
2025.10.13 03:54:59,scan_skipped_same_execution_bar,USDJPY,2025.10.13 03:30:00,0,
2025.10.13 04:04:59,scan_executed_new_execution_bar,USDJPY,2025.10.13 03:45:00,15,
2025.10.13 04:09:59,scan_skipped_same_execution_bar,USDJPY,2025.10.13 03:45:00,0,
2025.10.13 04:19:59,scan_executed_new_execution_bar,USDJPY,2025.10.13 04:00:00,0,
2025.10.13 04:24:59,scan_skipped_same_execution_bar,USDJPY,2025.10.13 04:00:00,0,
2025.10.13 04:35:00,scan_executed_new_execution_bar,USDJPY,2025.10.13 04:15:00,0,
2025.10.13 04:39:59,scan_skipped_same_execution_bar,USDJPY,2025.10.13 04:15:00,0,
2025.10.13 04:49:59,scan_executed_new_execution_bar,USDJPY,2025.10.13 04:30:00,0,
2025.10.13 04:54:59,scan_skipped_same_execution_bar,USDJPY,2025.10.13 04:30:00,0,
2025.10.13 05:04:59,scan_executed_new_execution_bar,USDJPY,2025.10.13 04:45:00,0,
2025.10.13 05:09:59,scan_skipped_same_execution_bar,USDJPY,2025.10.13 04:45:00,0,
2025.10.13 05:19:59,scan_executed_new_execution_bar,USDJPY,2025.10.13 05:00:00,0,
2025.10.13 05:24:59,scan_skipped_same_execution_bar,USDJPY,2025.10.13 05:00:00,0,
2025.10.13 05:34:59,scan_executed_new_execution_bar,USDJPY,2025.10.13 05:15:00,0,
2025.10.13 05:39:59,scan_skipped_same_execution_bar,USDJPY,2025.10.13 05:15:00,0,
2025.10.13 05:49:59,scan_executed_new_execution_bar,USDJPY,2025.10.13 05:30:00,0,
2025.10.13 05:54:59,scan_skipped_same_execution_bar,USDJPY,2025.10.13 05:30:00,0,
2025.10.13 06:04:59,scan_executed_new_execution_bar,USDJPY,2025.10.13 05:45:00,0,
2025.10.13 06:09:59,scan_skipped_same_execution_bar,USDJPY,2025.10.13 05:45:00,0,
2025.10.13 06:19:59,scan_executed_new_execution_bar,USDJPY,2025.10.13 06:00:00,0,
2025.10.13 06:24:59,scan_skipped_same_execution_bar,USDJPY,2025.10.13 06:00:00,0,
2025.10.13 06:34:59,scan_executed_new_execution_bar,USDJPY,2025.10.13 06:15:00,16,
2025.10.13 06:39:59,scan_skipped_same_execution_bar,USDJPY,2025.10.13 06:15:00,0,
2025.10.13 06:49:59,scan_executed_new_execution_bar,USDJPY,2025.10.13 06:30:00,0,
2025.10.13 06:54:59,scan_skipped_same_execution_bar,USDJPY,2025.10.13 06:30:00,0,
2025.10.13 07:04:59,scan_executed_new_execution_bar,USDJPY,2025.10.13 06:45:00,0,
2025.10.13 07:09:59,scan_skipped_same_execution_bar,USDJPY,2025.10.13 06:45:00,0,
2025.10.13 07:19:59,scan_executed_new_execution_bar,USDJPY,2025.10.13 07:00:00,0,
2025.10.13 07:24:59,scan_skipped_same_execution_bar,USDJPY,2025.10.13 07:00:00,0,
2025.10.13 07:34:59,scan_executed_new_execution_bar,USDJPY,2025.10.13 07:15:00,0,
2025.10.13 07:39:59,scan_skipped_same_execution_bar,USDJPY,2025.10.13 07:15:00,0,
2025.10.13 07:49:56,scan_executed_new_execution_bar,USDJPY,2025.10.13 07:30:00,0,
2025.10.13 07:54:59,scan_skipped_same_execution_bar,USDJPY,2025.10.13 07:30:00,0,
2025.10.13 08:04:59,scan_executed_new_execution_bar,USDJPY,2025.10.13 07:45:00,0,
2025.10.13 08:10:00,scan_skipped_same_execution_bar,USDJPY,2025.10.13 07:45:00,0,
2025.10.13 08:19:59,scan_executed_new_execution_bar,USDJPY,2025.10.13 08:00:00,0,
2025.10.13 08:24:59,scan_skipped_same_execution_bar,USDJPY,2025.10.13 08:00:00,0,
2025.10.13 08:34:59,scan_executed_new_execution_bar,USDJPY,2025.10.13 08:15:00,0,
2025.10.13 08:39:59,scan_skipped_same_execution_bar,USDJPY,2025.10.13 08:15:00,0,
2025.10.13 08:49:59,scan_executed_new_execution_bar,USDJPY,2025.10.13 08:30:00,0,
2025.10.13 08:54:59,scan_skipped_same_execution_bar,USDJPY,2025.10.13 08:30:00,0,
2025.10.13 09:04:59,scan_executed_new_execution_bar,USDJPY,2025.10.13 08:45:00,0,
2025.10.13 09:09:59,scan_skipped_same_execution_bar,USDJPY,2025.10.13 08:45:00,0,
2025.10.13 09:19:59,scan_executed_new_execution_bar,USDJPY,2025.10.13 09:00:00,0,
2025.10.13 09:24:59,scan_skipped_same_execution_bar,USDJPY,2025.10.13 09:00:00,0,
2025.10.13 09:34:59,scan_executed_new_execution_bar,USDJPY,2025.10.13 09:15:00,0,
2025.10.13 09:39:59,scan_skipped_same_execution_bar,USDJPY,2025.10.13 09:15:00,0,
2025.10.13 09:49:59,scan_executed_new_execution_bar,USDJPY,2025.10.13 09:30:00,0,
2025.10.13 09:54:59,scan_skipped_same_execution_bar,USDJPY,2025.10.13 09:30:00,0,
2025.10.13 10:04:59,scan_executed_new_execution_bar,USDJPY,2025.10.13 09:45:00,0,
2025.10.13 10:09:59,scan_skipped_same_execution_bar,USDJPY,2025.10.13 09:45:00,0,
2025.10.13 10:19:59,scan_executed_new_execution_bar,USDJPY,2025.10.13 10:00:00,0,
2025.10.13 10:24:59,scan_skipped_same_execution_bar,USDJPY,2025.10.13 10:00:00,0,
2025.10.13 10:34:59,scan_executed_new_execution_bar,USDJPY,2025.10.13 10:15:00,0,
2025.10.13 10:39:59,scan_skipped_same_execution_bar,USDJPY,2025.10.13 10:15:00,0,
2025.10.13 10:49:59,scan_executed_new_execution_bar,USDJPY,2025.10.13 10:30:00,31,
2025.10.13 10:54:59,scan_skipped_same_execution_bar,USDJPY,2025.10.13 10:30:00,0,
2025.10.13 11:04:59,scan_executed_new_execution_bar,USDJPY,2025.10.13 10:45:00,0,
2025.10.13 11:09:59,scan_skipped_same_execution_bar,USDJPY,2025.10.13 10:45:00,0,
2025.10.13 11:19:59,scan_executed_new_execution_bar,USDJPY,2025.10.13 11:00:00,16,
2025.10.13 11:24:59,scan_skipped_same_execution_bar,USDJPY,2025.10.13 11:00:00,0,
2025.10.13 11:34:59,scan_executed_new_execution_bar,USDJPY,2025.10.13 11:15:00,0,
2025.10.13 11:39:59,scan_skipped_same_execution_bar,USDJPY,2025.10.13 11:15:00,0,
2025.10.13 11:49:59,scan_executed_new_execution_bar,USDJPY,2025.10.13 11:30:00,0,
2025.10.13 11:54:59,scan_skipped_same_execution_bar,USDJPY,2025.10.13 11:30:00,0,
2025.10.13 12:04:59,scan_executed_new_execution_bar,USDJPY,2025.10.13 11:45:00,15,
2025.10.13 12:09:59,scan_skipped_same_execution_bar,USDJPY,2025.10.13 11:45:00,0,
2025.10.13 12:19:59,scan_executed_new_execution_bar,USDJPY,2025.10.13 12:00:00,63,
2025.10.13 12:24:59,scan_skipped_same_execution_bar,USDJPY,2025.10.13 12:00:00,0,
2025.10.13 12:34:59,scan_executed_new_execution_bar,USDJPY,2025.10.13 12:15:00,15,
2025.10.13 12:39:59,scan_skipped_same_execution_bar,USDJPY,2025.10.13 12:15:00,0,
2025.10.13 12:50:00,scan_executed_new_execution_bar,USDJPY,2025.10.13 12:30:00,32,
2025.10.13 12:54:59,scan_skipped_same_execution_bar,USDJPY,2025.10.13 12:30:00,0,
2025.10.13 13:04:59,scan_executed_new_execution_bar,USDJPY,2025.10.13 12:45:00,15,
2025.10.13 13:10:00,scan_skipped_same_execution_bar,USDJPY,2025.10.13 12:45:00,0,
2025.10.13 13:19:59,scan_executed_new_execution_bar,USDJPY,2025.10.13 13:00:00,0,
2025.10.13 13:24:59,scan_skipped_same_execution_bar,USDJPY,2025.10.13 13:00:00,0,
2025.10.13 13:34:59,scan_executed_new_execution_bar,USDJPY,2025.10.13 13:15:00,0,
2025.10.13 13:39:59,scan_skipped_same_execution_bar,USDJPY,2025.10.13 13:15:00,0,
2025.10.13 13:49:59,scan_executed_new_execution_bar,USDJPY,2025.10.13 13:30:00,0,
2025.10.13 13:54:59,scan_skipped_same_execution_bar,USDJPY,2025.10.13 13:30:00,0,
2025.10.13 14:04:59,scan_executed_new_execution_bar,USDJPY,2025.10.13 13:45:00,0,
2025.10.13 14:09:59,scan_skipped_same_execution_bar,USDJPY,2025.10.13 13:45:00,0,
2025.10.13 14:19:59,scan_executed_new_execution_bar,USDJPY,2025.10.13 14:00:00,0,
2025.10.13 14:24:59,scan_skipped_same_execution_bar,USDJPY,2025.10.13 14:00:00,0,
2025.10.13 14:34:59,scan_executed_new_execution_bar,USDJPY,2025.10.13 14:15:00,0,
2025.10.13 14:39:59,scan_skipped_same_execution_bar,USDJPY,2025.10.13 14:15:00,0,
2025.10.13 14:49:59,scan_executed_new_execution_bar,USDJPY,2025.10.13 14:30:00,0,
2025.10.13 14:54:59,scan_skipped_same_execution_bar,USDJPY,2025.10.13 14:30:00,0,
2025.10.13 15:04:59,scan_executed_new_execution_bar,USDJPY,2025.10.13 14:45:00,0,
2025.10.13 15:09:59,scan_skipped_same_execution_bar,USDJPY,2025.10.13 14:45:00,0,
2025.10.13 15:19:59,scan_executed_new_execution_bar,USDJPY,2025.10.13 15:00:00,16,
2025.10.13 15:24:59,scan_skipped_same_execution_bar,USDJPY,2025.10.13 15:00:00,0,
2025.10.13 15:34:59,scan_executed_new_execution_bar,USDJPY,2025.10.13 15:15:00,0,
2025.10.13 15:40:00,scan_skipped_same_execution_bar,USDJPY,2025.10.13 15:15:00,0,
2025.10.13 15:49:59,scan_executed_new_execution_bar,USDJPY,2025.10.13 15:30:00,0,
2025.10.13 15:54:59,scan_skipped_same_execution_bar,USDJPY,2025.10.13 15:30:00,0,
2025.10.13 16:04:59,scan_executed_new_execution_bar,USDJPY,2025.10.13 15:45:00,0,
2025.10.13 16:09:59,scan_skipped_same_execution_bar,USDJPY,2025.10.13 15:45:00,0,
2025.10.13 16:19:59,scan_executed_new_execution_bar,USDJPY,2025.10.13 16:00:00,0,
2025.10.13 16:24:59,scan_skipped_same_execution_bar,USDJPY,2025.10.13 16:00:00,0,
2025.10.13 16:34:59,scan_executed_new_execution_bar,USDJPY,2025.10.13 16:15:00,0,
2025.10.13 16:39:59,scan_skipped_same_execution_bar,USDJPY,2025.10.13 16:15:00,0,
2025.10.13 16:49:59,scan_executed_new_execution_bar,USDJPY,2025.10.13 16:30:00,0,
2025.10.13 16:54:59,scan_skipped_same_execution_bar,USDJPY,2025.10.13 16:30:00,0,
2025.10.13 17:04:59,scan_executed_new_execution_bar,USDJPY,2025.10.13 16:45:00,0,
2025.10.13 17:09:59,scan_skipped_same_execution_bar,USDJPY,2025.10.13 16:45:00,0,
2025.10.13 17:19:59,scan_executed_new_execution_bar,USDJPY,2025.10.13 17:00:00,0,
2025.10.13 17:24:59,scan_skipped_same_execution_bar,USDJPY,2025.10.13 17:00:00,0,
2025.10.13 17:34:59,scan_executed_new_execution_bar,USDJPY,2025.10.13 17:15:00,0,
2025.10.13 17:39:59,scan_skipped_same_execution_bar,USDJPY,2025.10.13 17:15:00,0,
2025.10.13 17:49:59,scan_executed_new_execution_bar,USDJPY,2025.10.13 17:30:00,0,
2025.10.13 17:54:59,scan_skipped_same_execution_bar,USDJPY,2025.10.13 17:30:00,0,
2025.10.13 18:04:59,scan_executed_new_execution_bar,USDJPY,2025.10.13 17:45:00,0,
2025.10.13 18:09:59,scan_skipped_same_execution_bar,USDJPY,2025.10.13 17:45:00,0,
2025.10.13 18:19:57,scan_executed_new_execution_bar,USDJPY,2025.10.13 18:00:00,16,
2025.10.13 18:24:59,scan_skipped_same_execution_bar,USDJPY,2025.10.13 18:00:00,0,
2025.10.13 18:34:59,scan_executed_new_execution_bar,USDJPY,2025.10.13 18:15:00,15,
2025.10.13 18:39:59,scan_skipped_same_execution_bar,USDJPY,2025.10.13 18:15:00,0,
2025.10.13 18:49:59,scan_executed_new_execution_bar,USDJPY,2025.10.13 18:30:00,0,
2025.10.13 18:54:59,scan_skipped_same_execution_bar,USDJPY,2025.10.13 18:30:00,0,
2025.10.13 19:04:59,scan_executed_new_execution_bar,USDJPY,2025.10.13 18:45:00,15,
2025.10.13 19:09:59,scan_skipped_same_execution_bar,USDJPY,2025.10.13 18:45:00,0,
2025.10.13 19:19:59,scan_executed_new_execution_bar,USDJPY,2025.10.13 19:00:00,0,
2025.10.13 19:24:59,scan_skipped_same_execution_bar,USDJPY,2025.10.13 19:00:00,0,
2025.10.13 19:34:59,scan_executed_new_execution_bar,USDJPY,2025.10.13 19:15:00,0,
2025.10.13 19:39:59,scan_skipped_same_execution_bar,USDJPY,2025.10.13 19:15:00,0,
2025.10.13 19:49:57,scan_executed_new_execution_bar,USDJPY,2025.10.13 19:30:00,0,
2025.10.13 19:54:59,scan_skipped_same_execution_bar,USDJPY,2025.10.13 19:30:00,0,
2025.10.13 20:04:59,scan_executed_new_execution_bar,USDJPY,2025.10.13 19:45:00,0,
2025.10.13 20:09:59,scan_skipped_same_execution_bar,USDJPY,2025.10.13 19:45:00,0,
2025.10.13 20:19:59,scan_executed_new_execution_bar,USDJPY,2025.10.13 20:00:00,0,
2025.10.13 20:24:55,scan_skipped_same_execution_bar,USDJPY,2025.10.13 20:00:00,0,
2025.10.13 20:34:59,scan_executed_new_execution_bar,USDJPY,2025.10.13 20:15:00,0,
2025.10.13 20:40:00,scan_skipped_same_execution_bar,USDJPY,2025.10.13 20:15:00,0,
2025.10.13 20:49:59,scan_executed_new_execution_bar,USDJPY,2025.10.13 20:30:00,0,
2025.10.13 20:54:59,scan_skipped_same_execution_bar,USDJPY,2025.10.13 20:30:00,0,
2025.10.13 21:04:59,scan_executed_new_execution_bar,USDJPY,2025.10.13 20:45:00,0,
2025.10.13 21:09:59,scan_skipped_same_execution_bar,USDJPY,2025.10.13 20:45:00,0,
2025.10.13 21:19:54,scan_executed_new_execution_bar,USDJPY,2025.10.13 21:00:00,0,
2025.10.13 21:24:58,scan_skipped_same_execution_bar,USDJPY,2025.10.13 21:00:00,0,
2025.10.13 21:34:59,scan_executed_new_execution_bar,USDJPY,2025.10.13 21:15:00,0,
2025.10.13 21:40:00,scan_skipped_same_execution_bar,USDJPY,2025.10.13 21:15:00,0,
2025.10.13 21:49:59,scan_executed_new_execution_bar,USDJPY,2025.10.13 21:30:00,0,
2025.10.13 21:54:58,scan_skipped_same_execution_bar,USDJPY,2025.10.13 21:30:00,0,
2025.10.13 22:04:59,scan_executed_new_execution_bar,USDJPY,2025.10.13 21:45:00,0,
2025.10.13 22:09:59,scan_skipped_same_execution_bar,USDJPY,2025.10.13 21:45:00,0,
2025.10.13 22:19:59,scan_executed_new_execution_bar,USDJPY,2025.10.13 22:00:00,0,
2025.10.13 22:24:58,scan_skipped_same_execution_bar,USDJPY,2025.10.13 22:00:00,0,
2025.10.13 22:34:59,scan_executed_new_execution_bar,USDJPY,2025.10.13 22:15:00,0,
2025.10.13 22:39:59,scan_skipped_same_execution_bar,USDJPY,2025.10.13 22:15:00,0,
2025.10.13 22:49:59,scan_executed_new_execution_bar,USDJPY,2025.10.13 22:30:00,0,
2025.10.13 22:55:00,scan_skipped_same_execution_bar,USDJPY,2025.10.13 22:30:00,0,
2025.10.13 23:04:59,scan_executed_new_execution_bar,USDJPY,2025.10.13 22:45:00,0,
2025.10.13 23:09:58,scan_skipped_same_execution_bar,USDJPY,2025.10.13 22:45:00,0,
2025.10.13 23:19:55,scan_executed_new_execution_bar,USDJPY,2025.10.13 23:00:00,0,
2025.10.13 23:24:59,scan_skipped_same_execution_bar,USDJPY,2025.10.13 23:00:00,0,
2025.10.13 23:34:59,scan_executed_new_execution_bar,USDJPY,2025.10.13 23:15:00,0,
2025.10.13 23:39:58,scan_skipped_same_execution_bar,USDJPY,2025.10.13 23:15:00,0,
2025.10.13 23:49:59,scan_executed_new_execution_bar,USDJPY,2025.10.13 23:30:00,0,
2025.10.13 23:54:59,scan_skipped_same_execution_bar,USDJPY,2025.10.13 23:30:00,0,
2025.10.14 00:04:48,scan_executed_new_execution_bar,USDJPY,2025.10.13 23:45:00,0,
2025.10.14 00:10:00,scan_skipped_same_execution_bar,USDJPY,2025.10.13 23:45:00,0,
2025.10.14 00:19:54,scan_executed_new_execution_bar,USDJPY,2025.10.14 00:00:00,0,
2025.10.14 00:24:47,scan_skipped_same_execution_bar,USDJPY,2025.10.14 00:00:00,0,
2025.10.14 00:34:59,scan_executed_new_execution_bar,USDJPY,2025.10.14 00:15:00,0,
2025.10.14 00:40:00,scan_skipped_same_execution_bar,USDJPY,2025.10.14 00:15:00,0,
2025.10.14 00:49:59,scan_executed_new_execution_bar,USDJPY,2025.10.14 00:30:00,0,
2025.10.14 00:54:56,scan_skipped_same_execution_bar,USDJPY,2025.10.14 00:30:00,0,
2025.10.14 01:04:58,scan_executed_new_execution_bar,USDJPY,2025.10.14 00:45:00,0,
2025.10.14 01:09:57,scan_skipped_same_execution_bar,USDJPY,2025.10.14 00:45:00,0,
2025.10.14 01:19:59,scan_executed_new_execution_bar,USDJPY,2025.10.14 01:00:00,0,
2025.10.14 01:24:59,scan_skipped_same_execution_bar,USDJPY,2025.10.14 01:00:00,0,
2025.10.14 01:35:00,scan_executed_new_execution_bar,USDJPY,2025.10.14 01:15:00,0,
2025.10.14 01:39:58,scan_skipped_same_execution_bar,USDJPY,2025.10.14 01:15:00,0,
2025.10.14 01:49:59,scan_executed_new_execution_bar,USDJPY,2025.10.14 01:30:00,0,
2025.10.14 01:54:56,scan_skipped_same_execution_bar,USDJPY,2025.10.14 01:30:00,0,
2025.10.14 02:04:59,scan_executed_new_execution_bar,USDJPY,2025.10.14 01:45:00,0,
2025.10.14 02:09:59,scan_skipped_same_execution_bar,USDJPY,2025.10.14 01:45:00,0,
2025.10.14 02:19:57,scan_executed_new_execution_bar,USDJPY,2025.10.14 02:00:00,16,
2025.10.14 02:24:59,scan_skipped_same_execution_bar,USDJPY,2025.10.14 02:00:00,0,
2025.10.14 02:34:59,scan_executed_new_execution_bar,USDJPY,2025.10.14 02:15:00,0,
2025.10.14 02:39:58,scan_skipped_same_execution_bar,USDJPY,2025.10.14 02:15:00,0,
2025.10.14 02:49:59,scan_executed_new_execution_bar,USDJPY,2025.10.14 02:30:00,0,
2025.10.14 02:54:58,scan_skipped_same_execution_bar,USDJPY,2025.10.14 02:30:00,0,
2025.10.14 03:04:59,scan_executed_new_execution_bar,USDJPY,2025.10.14 02:45:00,0,
2025.10.14 03:09:59,scan_skipped_same_execution_bar,USDJPY,2025.10.14 02:45:00,0,
2025.10.14 03:19:59,scan_executed_new_execution_bar,USDJPY,2025.10.14 03:00:00,0,
2025.10.14 03:24:59,scan_skipped_same_execution_bar,USDJPY,2025.10.14 03:00:00,0,
2025.10.14 03:34:59,scan_executed_new_execution_bar,USDJPY,2025.10.14 03:15:00,0,
2025.10.14 03:39:59,scan_skipped_same_execution_bar,USDJPY,2025.10.14 03:15:00,0,
2025.10.14 03:49:59,scan_executed_new_execution_bar,USDJPY,2025.10.14 03:30:00,16,
2025.10.14 03:54:59,scan_skipped_same_execution_bar,USDJPY,2025.10.14 03:30:00,0,
2025.10.14 04:04:59,scan_executed_new_execution_bar,USDJPY,2025.10.14 03:45:00,0,
2025.10.14 04:09:59,scan_skipped_same_execution_bar,USDJPY,2025.10.14 03:45:00,0,
2025.10.14 04:19:59,scan_executed_new_execution_bar,USDJPY,2025.10.14 04:00:00,16,
2025.10.14 04:24:59,scan_skipped_same_execution_bar,USDJPY,2025.10.14 04:00:00,0,
2025.10.14 04:34:59,scan_executed_new_execution_bar,USDJPY,2025.10.14 04:15:00,0,
2025.10.14 04:39:59,scan_skipped_same_execution_bar,USDJPY,2025.10.14 04:15:00,0,
2025.10.14 04:49:59,scan_executed_new_execution_bar,USDJPY,2025.10.14 04:30:00,31,
2025.10.14 04:54:59,scan_skipped_same_execution_bar,USDJPY,2025.10.14 04:30:00,0,
2025.10.14 05:04:59,scan_executed_new_execution_bar,USDJPY,2025.10.14 04:45:00,0,
2025.10.14 05:10:00,scan_skipped_same_execution_bar,USDJPY,2025.10.14 04:45:00,0,
2025.10.14 05:19:59,scan_executed_new_execution_bar,USDJPY,2025.10.14 05:00:00,0,
2025.10.14 05:24:59,scan_skipped_same_execution_bar,USDJPY,2025.10.14 05:00:00,0,
2025.10.14 05:34:59,scan_executed_new_execution_bar,USDJPY,2025.10.14 05:15:00,31,
2025.10.14 05:39:59,scan_skipped_same_execution_bar,USDJPY,2025.10.14 05:15:00,0,
2025.10.14 05:49:56,scan_executed_new_execution_bar,USDJPY,2025.10.14 05:30:00,0,
2025.10.14 05:54:59,scan_skipped_same_execution_bar,USDJPY,2025.10.14 05:30:00,0,
2025.10.14 06:04:59,scan_executed_new_execution_bar,USDJPY,2025.10.14 05:45:00,0,
2025.10.14 06:09:59,scan_skipped_same_execution_bar,USDJPY,2025.10.14 05:45:00,0,
2025.10.14 06:19:59,scan_executed_new_execution_bar,USDJPY,2025.10.14 06:00:00,0,
2025.10.14 06:24:59,scan_skipped_same_execution_bar,USDJPY,2025.10.14 06:00:00,0,
2025.10.14 06:34:59,scan_executed_new_execution_bar,USDJPY,2025.10.14 06:15:00,0,
2025.10.14 06:39:59,scan_skipped_same_execution_bar,USDJPY,2025.10.14 06:15:00,0,
2025.10.14 06:49:59,scan_executed_new_execution_bar,USDJPY,2025.10.14 06:30:00,0,
2025.10.14 06:54:59,scan_skipped_same_execution_bar,USDJPY,2025.10.14 06:30:00,0,
2025.10.14 07:04:59,scan_executed_new_execution_bar,USDJPY,2025.10.14 06:45:00,0,
2025.10.14 07:09:59,scan_skipped_same_execution_bar,USDJPY,2025.10.14 06:45:00,0,
2025.10.14 07:19:59,scan_executed_new_execution_bar,USDJPY,2025.10.14 07:00:00,0,
2025.10.14 07:24:59,scan_skipped_same_execution_bar,USDJPY,2025.10.14 07:00:00,0,
2025.10.14 07:34:59,scan_executed_new_execution_bar,USDJPY,2025.10.14 07:15:00,0,
2025.10.14 07:39:59,scan_skipped_same_execution_bar,USDJPY,2025.10.14 07:15:00,0,
2025.10.14 07:49:59,scan_executed_new_execution_bar,USDJPY,2025.10.14 07:30:00,0,
2025.10.14 07:54:59,scan_skipped_same_execution_bar,USDJPY,2025.10.14 07:30:00,0,
2025.10.14 08:04:59,scan_executed_new_execution_bar,USDJPY,2025.10.14 07:45:00,0,
2025.10.14 08:09:59,scan_skipped_same_execution_bar,USDJPY,2025.10.14 07:45:00,0,
2025.10.14 08:19:59,scan_executed_new_execution_bar,USDJPY,2025.10.14 08:00:00,0,
2025.10.14 08:24:59,scan_skipped_same_execution_bar,USDJPY,2025.10.14 08:00:00,0,
2025.10.14 08:34:59,scan_executed_new_execution_bar,USDJPY,2025.10.14 08:15:00,0,
2025.10.14 08:39:59,scan_skipped_same_execution_bar,USDJPY,2025.10.14 08:15:00,0,
2025.10.14 08:49:59,scan_executed_new_execution_bar,USDJPY,2025.10.14 08:30:00,0,
2025.10.14 08:54:59,scan_skipped_same_execution_bar,USDJPY,2025.10.14 08:30:00,0,
2025.10.14 09:04:59,scan_executed_new_execution_bar,USDJPY,2025.10.14 08:45:00,0,
2025.10.14 09:09:59,scan_skipped_same_execution_bar,USDJPY,2025.10.14 08:45:00,0,
2025.10.14 09:19:59,scan_executed_new_execution_bar,USDJPY,2025.10.14 09:00:00,32,
2025.10.14 09:24:59,scan_skipped_same_execution_bar,USDJPY,2025.10.14 09:00:00,0,
2025.10.14 09:34:59,scan_executed_new_execution_bar,USDJPY,2025.10.14 09:15:00,0,
2025.10.14 09:39:59,scan_skipped_same_execution_bar,USDJPY,2025.10.14 09:15:00,0,
2025.10.14 09:49:59,scan_executed_new_execution_bar,USDJPY,2025.10.14 09:30:00,31,
2025.10.14 09:54:59,scan_skipped_same_execution_bar,USDJPY,2025.10.14 09:30:00,0,
2025.10.14 10:04:59,scan_executed_new_execution_bar,USDJPY,2025.10.14 09:45:00,16,
2025.10.14 10:09:59,scan_skipped_same_execution_bar,USDJPY,2025.10.14 09:45:00,0,
2025.10.14 10:20:00,scan_executed_new_execution_bar,USDJPY,2025.10.14 10:00:00,0,
2025.10.14 10:24:59,scan_skipped_same_execution_bar,USDJPY,2025.10.14 10:00:00,0,
2025.10.14 10:34:59,scan_executed_new_execution_bar,USDJPY,2025.10.14 10:15:00,16,
2025.10.14 10:39:59,scan_skipped_same_execution_bar,USDJPY,2025.10.14 10:15:00,0,
2025.10.14 10:49:59,scan_executed_new_execution_bar,USDJPY,2025.10.14 10:30:00,0,
2025.10.14 10:54:59,scan_skipped_same_execution_bar,USDJPY,2025.10.14 10:30:00,0,
2025.10.14 11:04:59,scan_executed_new_execution_bar,USDJPY,2025.10.14 10:45:00,0,
2025.10.14 11:09:59,scan_skipped_same_execution_bar,USDJPY,2025.10.14 10:45:00,0,
2025.10.14 11:19:59,scan_executed_new_execution_bar,USDJPY,2025.10.14 11:00:00,62,
2025.10.14 11:24:59,scan_skipped_same_execution_bar,USDJPY,2025.10.14 11:00:00,0,
2025.10.14 11:34:59,scan_executed_new_execution_bar,USDJPY,2025.10.14 11:15:00,0,
2025.10.14 11:39:59,scan_skipped_same_execution_bar,USDJPY,2025.10.14 11:15:00,0,
2025.10.14 11:49:59,scan_executed_new_execution_bar,USDJPY,2025.10.14 11:30:00,15,
2025.10.14 11:54:59,scan_skipped_same_execution_bar,USDJPY,2025.10.14 11:30:00,0,
2025.10.14 12:05:00,scan_executed_new_execution_bar,USDJPY,2025.10.14 11:45:00,31,
2025.10.14 12:09:59,scan_skipped_same_execution_bar,USDJPY,2025.10.14 11:45:00,0,
2025.10.14 12:19:59,scan_executed_new_execution_bar,USDJPY,2025.10.14 12:00:00,16,
2025.10.14 12:24:59,scan_skipped_same_execution_bar,USDJPY,2025.10.14 12:00:00,0,
2025.10.14 12:34:59,scan_executed_new_execution_bar,USDJPY,2025.10.14 12:15:00,15,
2025.10.14 12:39:59,scan_skipped_same_execution_bar,USDJPY,2025.10.14 12:15:00,0,
2025.10.14 12:49:59,scan_executed_new_execution_bar,USDJPY,2025.10.14 12:30:00,0,
2025.10.14 12:54:59,scan_skipped_same_execution_bar,USDJPY,2025.10.14 12:30:00,0,
2025.10.14 13:04:59,scan_executed_new_execution_bar,USDJPY,2025.10.14 12:45:00,0,
2025.10.14 13:09:59,scan_skipped_same_execution_bar,USDJPY,2025.10.14 12:45:00,0,
2025.10.14 13:19:59,scan_executed_new_execution_bar,USDJPY,2025.10.14 13:00:00,16,
2025.10.14 13:24:59,scan_skipped_same_execution_bar,USDJPY,2025.10.14 13:00:00,0,
2025.10.14 13:34:59,scan_executed_new_execution_bar,USDJPY,2025.10.14 13:15:00,0,
2025.10.14 13:39:59,scan_skipped_same_execution_bar,USDJPY,2025.10.14 13:15:00,0,
2025.10.14 13:49:59,scan_executed_new_execution_bar,USDJPY,2025.10.14 13:30:00,16,
2025.10.14 13:54:59,scan_skipped_same_execution_bar,USDJPY,2025.10.14 13:30:00,0,
2025.10.14 14:04:59,scan_executed_new_execution_bar,USDJPY,2025.10.14 13:45:00,0,
2025.10.14 14:09:59,scan_skipped_same_execution_bar,USDJPY,2025.10.14 13:45:00,0,
2025.10.14 14:20:00,scan_executed_new_execution_bar,USDJPY,2025.10.14 14:00:00,0,
2025.10.14 14:24:59,scan_skipped_same_execution_bar,USDJPY,2025.10.14 14:00:00,0,
2025.10.14 14:34:59,scan_executed_new_execution_bar,USDJPY,2025.10.14 14:15:00,16,
2025.10.14 14:39:59,scan_skipped_same_execution_bar,USDJPY,2025.10.14 14:15:00,0,
2025.10.14 14:49:59,scan_executed_new_execution_bar,USDJPY,2025.10.14 14:30:00,0,
2025.10.14 14:54:59,scan_skipped_same_execution_bar,USDJPY,2025.10.14 14:30:00,0,
2025.10.14 15:04:59,scan_executed_new_execution_bar,USDJPY,2025.10.14 14:45:00,0,
2025.10.14 15:09:59,scan_skipped_same_execution_bar,USDJPY,2025.10.14 14:45:00,0,
2025.10.14 15:19:59,scan_executed_new_execution_bar,USDJPY,2025.10.14 15:00:00,0,
2025.10.14 15:24:59,scan_skipped_same_execution_bar,USDJPY,2025.10.14 15:00:00,0,
2025.10.14 15:34:59,scan_executed_new_execution_bar,USDJPY,2025.10.14 15:15:00,0,
2025.10.14 15:39:59,scan_skipped_same_execution_bar,USDJPY,2025.10.14 15:15:00,0,
2025.10.14 15:49:59,scan_executed_new_execution_bar,USDJPY,2025.10.14 15:30:00,0,
2025.10.14 15:54:59,scan_skipped_same_execution_bar,USDJPY,2025.10.14 15:30:00,0,
2025.10.14 16:04:59,scan_executed_new_execution_bar,USDJPY,2025.10.14 15:45:00,15,
2025.10.14 16:09:59,scan_skipped_same_execution_bar,USDJPY,2025.10.14 15:45:00,0,
2025.10.14 16:19:59,scan_executed_new_execution_bar,USDJPY,2025.10.14 16:00:00,16,
2025.10.14 16:24:59,scan_skipped_same_execution_bar,USDJPY,2025.10.14 16:00:00,0,
2025.10.14 16:34:59,scan_executed_new_execution_bar,USDJPY,2025.10.14 16:15:00,0,
2025.10.14 16:39:59,scan_skipped_same_execution_bar,USDJPY,2025.10.14 16:15:00,0,
2025.10.14 16:49:59,scan_executed_new_execution_bar,USDJPY,2025.10.14 16:30:00,0,
2025.10.14 16:54:59,scan_skipped_same_execution_bar,USDJPY,2025.10.14 16:30:00,0,
2025.10.14 17:04:59,scan_executed_new_execution_bar,USDJPY,2025.10.14 16:45:00,0,
2025.10.14 17:09:59,scan_skipped_same_execution_bar,USDJPY,2025.10.14 16:45:00,0,
2025.10.14 17:19:59,scan_executed_new_execution_bar,USDJPY,2025.10.14 17:00:00,15,
2025.10.14 17:24:59,scan_skipped_same_execution_bar,USDJPY,2025.10.14 17:00:00,0,
2025.10.14 17:34:59,scan_executed_new_execution_bar,USDJPY,2025.10.14 17:15:00,0,
2025.10.14 17:39:59,scan_skipped_same_execution_bar,USDJPY,2025.10.14 17:15:00,0,
2025.10.14 17:49:59,scan_executed_new_execution_bar,USDJPY,2025.10.14 17:30:00,31,
2025.10.14 17:54:59,scan_skipped_same_execution_bar,USDJPY,2025.10.14 17:30:00,0,
2025.10.14 18:04:59,scan_executed_new_execution_bar,USDJPY,2025.10.14 17:45:00,16,
2025.10.14 18:09:59,scan_skipped_same_execution_bar,USDJPY,2025.10.14 17:45:00,0,
2025.10.14 18:19:59,scan_executed_new_execution_bar,USDJPY,2025.10.14 18:00:00,0,
2025.10.14 18:24:59,scan_skipped_same_execution_bar,USDJPY,2025.10.14 18:00:00,0,
2025.10.14 18:35:00,scan_executed_new_execution_bar,USDJPY,2025.10.14 18:15:00,0,
2025.10.14 18:39:59,scan_skipped_same_execution_bar,USDJPY,2025.10.14 18:15:00,0,
2025.10.14 18:49:59,scan_executed_new_execution_bar,USDJPY,2025.10.14 18:30:00,0,
2025.10.14 18:54:59,scan_skipped_same_execution_bar,USDJPY,2025.10.14 18:30:00,0,
2025.10.14 19:04:59,scan_executed_new_execution_bar,USDJPY,2025.10.14 18:45:00,0,
2025.10.14 19:09:59,scan_skipped_same_execution_bar,USDJPY,2025.10.14 18:45:00,0,
2025.10.14 19:19:59,scan_executed_new_execution_bar,USDJPY,2025.10.14 19:00:00,31,
2025.10.14 19:24:59,scan_skipped_same_execution_bar,USDJPY,2025.10.14 19:00:00,0,
2025.10.14 19:34:59,scan_executed_new_execution_bar,USDJPY,2025.10.14 19:15:00,0,
2025.10.14 19:39:59,scan_skipped_same_execution_bar,USDJPY,2025.10.14 19:15:00,0,
2025.10.14 19:49:59,scan_executed_new_execution_bar,USDJPY,2025.10.14 19:30:00,0,
2025.10.14 19:54:59,scan_skipped_same_execution_bar,USDJPY,2025.10.14 19:30:00,0,
2025.10.14 20:04:59,scan_executed_new_execution_bar,USDJPY,2025.10.14 19:45:00,15,
2025.10.14 20:09:59,scan_skipped_same_execution_bar,USDJPY,2025.10.14 19:45:00,0,
2025.10.14 20:19:59,scan_executed_new_execution_bar,USDJPY,2025.10.14 20:00:00,31,
2025.10.14 20:24:59,scan_skipped_same_execution_bar,USDJPY,2025.10.14 20:00:00,0,
2025.10.14 20:34:58,scan_executed_new_execution_bar,USDJPY,2025.10.14 20:15:00,0,
2025.10.14 20:39:59,scan_skipped_same_execution_bar,USDJPY,2025.10.14 20:15:00,0,
2025.10.14 20:49:59,scan_executed_new_execution_bar,USDJPY,2025.10.14 20:30:00,16,
2025.10.14 20:54:59,scan_skipped_same_execution_bar,USDJPY,2025.10.14 20:30:00,0,
2025.10.14 21:04:59,scan_executed_new_execution_bar,USDJPY,2025.10.14 20:45:00,0,
2025.10.14 21:09:59,scan_skipped_same_execution_bar,USDJPY,2025.10.14 20:45:00,0,
2025.10.14 21:19:59,scan_executed_new_execution_bar,USDJPY,2025.10.14 21:00:00,15,
2025.10.14 21:24:59,scan_skipped_same_execution_bar,USDJPY,2025.10.14 21:00:00,0,
2025.10.14 21:34:59,scan_executed_new_execution_bar,USDJPY,2025.10.14 21:15:00,16,
2025.10.14 21:39:58,scan_skipped_same_execution_bar,USDJPY,2025.10.14 21:15:00,0,
2025.10.14 21:49:59,scan_executed_new_execution_bar,USDJPY,2025.10.14 21:30:00,0,
2025.10.14 21:54:59,scan_skipped_same_execution_bar,USDJPY,2025.10.14 21:30:00,0,
2025.10.14 22:04:59,scan_executed_new_execution_bar,USDJPY,2025.10.14 21:45:00,32,
2025.10.14 22:09:59,scan_skipped_same_execution_bar,USDJPY,2025.10.14 21:45:00,0,
2025.10.14 22:19:59,scan_executed_new_execution_bar,USDJPY,2025.10.14 22:00:00,0,
2025.10.14 22:24:59,scan_skipped_same_execution_bar,USDJPY,2025.10.14 22:00:00,0,
2025.10.14 22:34:59,scan_executed_new_execution_bar,USDJPY,2025.10.14 22:15:00,0,
2025.10.14 22:39:59,scan_skipped_same_execution_bar,USDJPY,2025.10.14 22:15:00,0,
2025.10.14 22:49:59,scan_executed_new_execution_bar,USDJPY,2025.10.14 22:30:00,0,
2025.10.14 22:55:00,scan_skipped_same_execution_bar,USDJPY,2025.10.14 22:30:00,0,
2025.10.14 23:04:59,scan_executed_new_execution_bar,USDJPY,2025.10.14 22:45:00,16,
2025.10.14 23:09:59,scan_skipped_same_execution_bar,USDJPY,2025.10.14 22:45:00,0,
2025.10.14 23:19:59,scan_executed_new_execution_bar,USDJPY,2025.10.14 23:00:00,0,
2025.10.14 23:24:59,scan_skipped_same_execution_bar,USDJPY,2025.10.14 23:00:00,0,
2025.10.14 23:34:59,scan_executed_new_execution_bar,USDJPY,2025.10.14 23:15:00,0,
2025.10.14 23:39:59,scan_skipped_same_execution_bar,USDJPY,2025.10.14 23:15:00,0,
2025.10.14 23:49:58,scan_executed_new_execution_bar,USDJPY,2025.10.14 23:30:00,0,
2025.10.14 23:54:59,scan_skipped_same_execution_bar,USDJPY,2025.10.14 23:30:00,0,
2025.10.15 00:04:58,scan_executed_new_execution_bar,USDJPY,2025.10.14 23:45:00,0,
2025.10.15 00:09:54,scan_skipped_same_execution_bar,USDJPY,2025.10.14 23:45:00,0,
2025.10.15 00:19:30,scan_executed_new_execution_bar,USDJPY,2025.10.15 00:00:00,0,
2025.10.15 00:24:59,scan_skipped_same_execution_bar,USDJPY,2025.10.15 00:00:00,0,
2025.10.15 00:34:57,scan_executed_new_execution_bar,USDJPY,2025.10.15 00:15:00,0,
2025.10.15 00:39:59,scan_skipped_same_execution_bar,USDJPY,2025.10.15 00:15:00,0,
2025.10.15 00:50:00,scan_executed_new_execution_bar,USDJPY,2025.10.15 00:30:00,0,
2025.10.15 00:54:58,scan_skipped_same_execution_bar,USDJPY,2025.10.15 00:30:00,0,
2025.10.15 01:04:59,scan_executed_new_execution_bar,USDJPY,2025.10.15 00:45:00,0,
2025.10.15 01:09:57,scan_skipped_same_execution_bar,USDJPY,2025.10.15 00:45:00,0,
2025.10.15 01:19:59,scan_executed_new_execution_bar,USDJPY,2025.10.15 01:00:00,0,
2025.10.15 01:24:59,scan_skipped_same_execution_bar,USDJPY,2025.10.15 01:00:00,0,
2025.10.15 01:34:59,scan_executed_new_execution_bar,USDJPY,2025.10.15 01:15:00,0,
2025.10.15 01:39:59,scan_skipped_same_execution_bar,USDJPY,2025.10.15 01:15:00,0,
2025.10.15 01:49:58,scan_executed_new_execution_bar,USDJPY,2025.10.15 01:30:00,0,
2025.10.15 01:54:58,scan_skipped_same_execution_bar,USDJPY,2025.10.15 01:30:00,0,
2025.10.15 02:04:59,scan_executed_new_execution_bar,USDJPY,2025.10.15 01:45:00,0,
2025.10.15 02:09:59,scan_skipped_same_execution_bar,USDJPY,2025.10.15 01:45:00,0,
2025.10.15 02:19:59,scan_executed_new_execution_bar,USDJPY,2025.10.15 02:00:00,0,
2025.10.15 02:24:59,scan_skipped_same_execution_bar,USDJPY,2025.10.15 02:00:00,0,
2025.10.15 02:34:57,scan_executed_new_execution_bar,USDJPY,2025.10.15 02:15:00,0,
2025.10.15 02:39:58,scan_skipped_same_execution_bar,USDJPY,2025.10.15 02:15:00,0,
2025.10.15 02:49:59,scan_executed_new_execution_bar,USDJPY,2025.10.15 02:30:00,0,
2025.10.15 02:54:57,scan_skipped_same_execution_bar,USDJPY,2025.10.15 02:30:00,0,
2025.10.15 03:04:59,scan_executed_new_execution_bar,USDJPY,2025.10.15 02:45:00,16,
2025.10.15 03:09:59,scan_skipped_same_execution_bar,USDJPY,2025.10.15 02:45:00,0,
2025.10.15 03:19:59,scan_executed_new_execution_bar,USDJPY,2025.10.15 03:00:00,15,
2025.10.15 03:24:59,scan_skipped_same_execution_bar,USDJPY,2025.10.15 03:00:00,0,
2025.10.15 03:34:59,scan_executed_new_execution_bar,USDJPY,2025.10.15 03:15:00,0,
2025.10.15 03:39:59,scan_skipped_same_execution_bar,USDJPY,2025.10.15 03:15:00,0,
2025.10.15 03:49:59,scan_executed_new_execution_bar,USDJPY,2025.10.15 03:30:00,0,
2025.10.15 03:54:59,scan_skipped_same_execution_bar,USDJPY,2025.10.15 03:30:00,0,
2025.10.15 04:04:59,scan_executed_new_execution_bar,USDJPY,2025.10.15 03:45:00,0,
2025.10.15 04:09:59,scan_skipped_same_execution_bar,USDJPY,2025.10.15 03:45:00,0,
2025.10.15 04:19:59,scan_executed_new_execution_bar,USDJPY,2025.10.15 04:00:00,0,
2025.10.15 04:24:59,scan_skipped_same_execution_bar,USDJPY,2025.10.15 04:00:00,0,
2025.10.15 04:34:59,scan_executed_new_execution_bar,USDJPY,2025.10.15 04:15:00,15,
2025.10.15 04:39:59,scan_skipped_same_execution_bar,USDJPY,2025.10.15 04:15:00,0,
2025.10.15 04:49:59,scan_executed_new_execution_bar,USDJPY,2025.10.15 04:30:00,16,
2025.10.15 04:54:59,scan_skipped_same_execution_bar,USDJPY,2025.10.15 04:30:00,0,
2025.10.15 05:04:59,scan_executed_new_execution_bar,USDJPY,2025.10.15 04:45:00,0,
2025.10.15 05:09:59,scan_skipped_same_execution_bar,USDJPY,2025.10.15 04:45:00,0,
2025.10.15 05:19:59,scan_executed_new_execution_bar,USDJPY,2025.10.15 05:00:00,0,
2025.10.15 05:24:59,scan_skipped_same_execution_bar,USDJPY,2025.10.15 05:00:00,0,
2025.10.15 05:34:59,scan_executed_new_execution_bar,USDJPY,2025.10.15 05:15:00,0,
2025.10.15 05:39:58,scan_skipped_same_execution_bar,USDJPY,2025.10.15 05:15:00,0,
2025.10.15 05:49:59,scan_executed_new_execution_bar,USDJPY,2025.10.15 05:30:00,0,
2025.10.15 05:54:58,scan_skipped_same_execution_bar,USDJPY,2025.10.15 05:30:00,0,
2025.10.15 06:04:59,scan_executed_new_execution_bar,USDJPY,2025.10.15 05:45:00,0,
2025.10.15 06:09:59,scan_skipped_same_execution_bar,USDJPY,2025.10.15 05:45:00,0,
2025.10.15 06:19:59,scan_executed_new_execution_bar,USDJPY,2025.10.15 06:00:00,16,
2025.10.15 06:24:59,scan_skipped_same_execution_bar,USDJPY,2025.10.15 06:00:00,0,
2025.10.15 06:34:59,scan_executed_new_execution_bar,USDJPY,2025.10.15 06:15:00,31,
2025.10.15 06:39:59,scan_skipped_same_execution_bar,USDJPY,2025.10.15 06:15:00,0,
2025.10.15 06:49:58,scan_executed_new_execution_bar,USDJPY,2025.10.15 06:30:00,0,
2025.10.15 06:54:59,scan_skipped_same_execution_bar,USDJPY,2025.10.15 06:30:00,0,
2025.10.15 07:04:57,scan_executed_new_execution_bar,USDJPY,2025.10.15 06:45:00,16,
2025.10.15 07:09:59,scan_skipped_same_execution_bar,USDJPY,2025.10.15 06:45:00,0,
2025.10.15 07:19:59,scan_executed_new_execution_bar,USDJPY,2025.10.15 07:00:00,0,
2025.10.15 07:24:59,scan_skipped_same_execution_bar,USDJPY,2025.10.15 07:00:00,0,
2025.10.15 07:34:59,scan_executed_new_execution_bar,USDJPY,2025.10.15 07:15:00,16,
2025.10.15 07:39:59,scan_skipped_same_execution_bar,USDJPY,2025.10.15 07:15:00,0,
2025.10.15 07:49:59,scan_executed_new_execution_bar,USDJPY,2025.10.15 07:30:00,0,
2025.10.15 07:54:59,scan_skipped_same_execution_bar,USDJPY,2025.10.15 07:30:00,0,
2025.10.15 08:04:59,scan_executed_new_execution_bar,USDJPY,2025.10.15 07:45:00,0,
2025.10.15 08:09:59,scan_skipped_same_execution_bar,USDJPY,2025.10.15 07:45:00,0,
2025.10.15 08:19:59,scan_executed_new_execution_bar,USDJPY,2025.10.15 08:00:00,0,
2025.10.15 08:24:59,scan_skipped_same_execution_bar,USDJPY,2025.10.15 08:00:00,0,
2025.10.15 08:34:59,scan_executed_new_execution_bar,USDJPY,2025.10.15 08:15:00,0,
2025.10.15 08:39:59,scan_skipped_same_execution_bar,USDJPY,2025.10.15 08:15:00,0,
2025.10.15 08:49:59,scan_executed_new_execution_bar,USDJPY,2025.10.15 08:30:00,0,
2025.10.15 08:54:58,scan_skipped_same_execution_bar,USDJPY,2025.10.15 08:30:00,0,
2025.10.15 09:04:59,scan_executed_new_execution_bar,USDJPY,2025.10.15 08:45:00,0,
2025.10.15 09:09:59,scan_skipped_same_execution_bar,USDJPY,2025.10.15 08:45:00,0,
2025.10.15 09:19:59,scan_executed_new_execution_bar,USDJPY,2025.10.15 09:00:00,0,
2025.10.15 09:24:59,scan_skipped_same_execution_bar,USDJPY,2025.10.15 09:00:00,0,
2025.10.15 09:34:59,scan_executed_new_execution_bar,USDJPY,2025.10.15 09:15:00,31,
2025.10.15 09:39:58,scan_skipped_same_execution_bar,USDJPY,2025.10.15 09:15:00,0,
2025.10.15 09:49:59,scan_executed_new_execution_bar,USDJPY,2025.10.15 09:30:00,0,
2025.10.15 09:54:59,scan_skipped_same_execution_bar,USDJPY,2025.10.15 09:30:00,0,
2025.10.15 10:04:59,scan_executed_new_execution_bar,USDJPY,2025.10.15 09:45:00,0,
2025.10.15 10:09:59,scan_skipped_same_execution_bar,USDJPY,2025.10.15 09:45:00,0,
2025.10.15 10:19:59,scan_executed_new_execution_bar,USDJPY,2025.10.15 10:00:00,0,
2025.10.15 10:24:59,scan_skipped_same_execution_bar,USDJPY,2025.10.15 10:00:00,0,
2025.10.15 10:34:59,scan_executed_new_execution_bar,USDJPY,2025.10.15 10:15:00,31,
2025.10.15 10:39:59,scan_skipped_same_execution_bar,USDJPY,2025.10.15 10:15:00,0,
2025.10.15 10:49:59,scan_executed_new_execution_bar,USDJPY,2025.10.15 10:30:00,0,
2025.10.15 10:54:59,scan_skipped_same_execution_bar,USDJPY,2025.10.15 10:30:00,0,
2025.10.15 11:04:59,scan_executed_new_execution_bar,USDJPY,2025.10.15 10:45:00,0,
2025.10.15 11:09:59,scan_skipped_same_execution_bar,USDJPY,2025.10.15 10:45:00,0,
2025.10.15 11:19:59,scan_executed_new_execution_bar,USDJPY,2025.10.15 11:00:00,0,
2025.10.15 11:24:59,scan_skipped_same_execution_bar,USDJPY,2025.10.15 11:00:00,0,
2025.10.15 11:34:59,scan_executed_new_execution_bar,USDJPY,2025.10.15 11:15:00,15,
2025.10.15 11:39:58,scan_skipped_same_execution_bar,USDJPY,2025.10.15 11:15:00,0,
2025.10.15 11:49:59,scan_executed_new_execution_bar,USDJPY,2025.10.15 11:30:00,0,
2025.10.15 11:54:59,scan_skipped_same_execution_bar,USDJPY,2025.10.15 11:30:00,0,
2025.10.15 12:04:59,scan_executed_new_execution_bar,USDJPY,2025.10.15 11:45:00,0,
2025.10.15 12:09:59,scan_skipped_same_execution_bar,USDJPY,2025.10.15 11:45:00,0,
2025.10.15 12:19:59,scan_executed_new_execution_bar,USDJPY,2025.10.15 12:00:00,0,
2025.10.15 12:24:59,scan_skipped_same_execution_bar,USDJPY,2025.10.15 12:00:00,0,
2025.10.15 12:34:59,scan_executed_new_execution_bar,USDJPY,2025.10.15 12:15:00,0,
2025.10.15 12:39:59,scan_skipped_same_execution_bar,USDJPY,2025.10.15 12:15:00,0,
2025.10.15 12:49:59,scan_executed_new_execution_bar,USDJPY,2025.10.15 12:30:00,0,
2025.10.15 12:54:59,scan_skipped_same_execution_bar,USDJPY,2025.10.15 12:30:00,0,
2025.10.15 13:04:59,scan_executed_new_execution_bar,USDJPY,2025.10.15 12:45:00,16,
2025.10.15 13:09:59,scan_skipped_same_execution_bar,USDJPY,2025.10.15 12:45:00,0,
2025.10.15 13:19:59,scan_executed_new_execution_bar,USDJPY,2025.10.15 13:00:00,0,
2025.10.15 13:24:59,scan_skipped_same_execution_bar,USDJPY,2025.10.15 13:00:00,0,
2025.10.15 13:34:59,scan_executed_new_execution_bar,USDJPY,2025.10.15 13:15:00,0,
2025.10.15 13:39:59,scan_skipped_same_execution_bar,USDJPY,2025.10.15 13:15:00,0,
2025.10.15 13:49:56,scan_executed_new_execution_bar,USDJPY,2025.10.15 13:30:00,0,
2025.10.15 13:54:59,scan_skipped_same_execution_bar,USDJPY,2025.10.15 13:30:00,0,
2025.10.15 14:04:59,scan_executed_new_execution_bar,USDJPY,2025.10.15 13:45:00,0,
2025.10.15 14:09:59,scan_skipped_same_execution_bar,USDJPY,2025.10.15 13:45:00,0,
2025.10.15 14:19:59,scan_executed_new_execution_bar,USDJPY,2025.10.15 14:00:00,0,
2025.10.15 14:24:59,scan_skipped_same_execution_bar,USDJPY,2025.10.15 14:00:00,0,
2025.10.15 14:34:59,scan_executed_new_execution_bar,USDJPY,2025.10.15 14:15:00,16,
2025.10.15 14:40:00,scan_skipped_same_execution_bar,USDJPY,2025.10.15 14:15:00,0,
2025.10.15 14:49:59,scan_executed_new_execution_bar,USDJPY,2025.10.15 14:30:00,0,
2025.10.15 14:54:59,scan_skipped_same_execution_bar,USDJPY,2025.10.15 14:30:00,0,
2025.10.15 15:04:58,scan_executed_new_execution_bar,USDJPY,2025.10.15 14:45:00,0,
2025.10.15 15:09:59,scan_skipped_same_execution_bar,USDJPY,2025.10.15 14:45:00,0,
2025.10.15 15:19:59,scan_executed_new_execution_bar,USDJPY,2025.10.15 15:00:00,0,
2025.10.15 15:24:59,scan_skipped_same_execution_bar,USDJPY,2025.10.15 15:00:00,0,
2025.10.15 15:34:59,scan_executed_new_execution_bar,USDJPY,2025.10.15 15:15:00,31,
2025.10.15 15:39:59,scan_skipped_same_execution_bar,USDJPY,2025.10.15 15:15:00,0,
2025.10.15 15:49:59,scan_executed_new_execution_bar,USDJPY,2025.10.15 15:30:00,0,
2025.10.15 15:54:59,scan_skipped_same_execution_bar,USDJPY,2025.10.15 15:30:00,0,
2025.10.15 16:04:59,scan_executed_new_execution_bar,USDJPY,2025.10.15 15:45:00,0,
2025.10.15 16:09:59,scan_skipped_same_execution_bar,USDJPY,2025.10.15 15:45:00,0,
2025.10.15 16:19:59,scan_executed_new_execution_bar,USDJPY,2025.10.15 16:00:00,0,
2025.10.15 16:24:59,scan_skipped_same_execution_bar,USDJPY,2025.10.15 16:00:00,0,
2025.10.15 16:34:59,scan_executed_new_execution_bar,USDJPY,2025.10.15 16:15:00,0,
2025.10.15 16:39:59,scan_skipped_same_execution_bar,USDJPY,2025.10.15 16:15:00,0,
2025.10.15 16:49:59,scan_executed_new_execution_bar,USDJPY,2025.10.15 16:30:00,32,
2025.10.15 16:54:59,scan_skipped_same_execution_bar,USDJPY,2025.10.15 16:30:00,0,
2025.10.15 17:04:59,scan_executed_new_execution_bar,USDJPY,2025.10.15 16:45:00,0,
2025.10.15 17:09:59,scan_skipped_same_execution_bar,USDJPY,2025.10.15 16:45:00,0,
2025.10.15 17:19:59,scan_executed_new_execution_bar,USDJPY,2025.10.15 17:00:00,16,
2025.10.15 17:24:59,scan_skipped_same_execution_bar,USDJPY,2025.10.15 17:00:00,0,
2025.10.15 17:34:59,scan_executed_new_execution_bar,USDJPY,2025.10.15 17:15:00,0,
2025.10.15 17:39:59,scan_skipped_same_execution_bar,USDJPY,2025.10.15 17:15:00,0,
2025.10.15 17:49:59,scan_executed_new_execution_bar,USDJPY,2025.10.15 17:30:00,0,
2025.10.15 17:54:59,scan_skipped_same_execution_bar,USDJPY,2025.10.15 17:30:00,0,
2025.10.15 18:04:59,scan_executed_new_execution_bar,USDJPY,2025.10.15 17:45:00,16,
2025.10.15 18:09:59,scan_skipped_same_execution_bar,USDJPY,2025.10.15 17:45:00,0,
2025.10.15 18:19:59,scan_executed_new_execution_bar,USDJPY,2025.10.15 18:00:00,0,
2025.10.15 18:24:59,scan_skipped_same_execution_bar,USDJPY,2025.10.15 18:00:00,0,
2025.10.15 18:34:59,scan_executed_new_execution_bar,USDJPY,2025.10.15 18:15:00,0,
2025.10.15 18:39:59,scan_skipped_same_execution_bar,USDJPY,2025.10.15 18:15:00,0,
2025.10.15 18:49:59,scan_executed_new_execution_bar,USDJPY,2025.10.15 18:30:00,0,
2025.10.15 18:54:59,scan_skipped_same_execution_bar,USDJPY,2025.10.15 18:30:00,0,
2025.10.15 19:04:59,scan_executed_new_execution_bar,USDJPY,2025.10.15 18:45:00,16,
2025.10.15 19:09:59,scan_skipped_same_execution_bar,USDJPY,2025.10.15 18:45:00,0,
2025.10.15 19:19:59,scan_executed_new_execution_bar,USDJPY,2025.10.15 19:00:00,0,
2025.10.15 19:24:59,scan_skipped_same_execution_bar,USDJPY,2025.10.15 19:00:00,0,
2025.10.15 19:34:59,scan_executed_new_execution_bar,USDJPY,2025.10.15 19:15:00,0,
2025.10.15 19:39:59,scan_skipped_same_execution_bar,USDJPY,2025.10.15 19:15:00,0,
2025.10.15 19:49:59,scan_executed_new_execution_bar,USDJPY,2025.10.15 19:30:00,15,
2025.10.15 19:54:59,scan_skipped_same_execution_bar,USDJPY,2025.10.15 19:30:00,0,
2025.10.15 20:04:59,scan_executed_new_execution_bar,USDJPY,2025.10.15 19:45:00,0,
2025.10.15 20:09:59,scan_skipped_same_execution_bar,USDJPY,2025.10.15 19:45:00,0,
2025.10.15 20:19:59,scan_executed_new_execution_bar,USDJPY,2025.10.15 20:00:00,16,
2025.10.15 20:24:59,scan_skipped_same_execution_bar,USDJPY,2025.10.15 20:00:00,0,
2025.10.15 20:34:59,scan_executed_new_execution_bar,USDJPY,2025.10.15 20:15:00,15,
2025.10.15 20:39:59,scan_skipped_same_execution_bar,USDJPY,2025.10.15 20:15:00,0,
2025.10.15 20:49:59,scan_executed_new_execution_bar,USDJPY,2025.10.15 20:30:00,0,
2025.10.15 20:54:59,scan_skipped_same_execution_bar,USDJPY,2025.10.15 20:30:00,0,
2025.10.15 21:04:59,scan_executed_new_execution_bar,USDJPY,2025.10.15 20:45:00,0,
2025.10.15 21:09:59,scan_skipped_same_execution_bar,USDJPY,2025.10.15 20:45:00,0,
2025.10.15 21:19:59,scan_executed_new_execution_bar,USDJPY,2025.10.15 21:00:00,0,
2025.10.15 21:24:59,scan_skipped_same_execution_bar,USDJPY,2025.10.15 21:00:00,0,
2025.10.15 21:34:59,scan_executed_new_execution_bar,USDJPY,2025.10.15 21:15:00,0,
2025.10.15 21:39:57,scan_skipped_same_execution_bar,USDJPY,2025.10.15 21:15:00,0,
2025.10.15 21:49:59,scan_executed_new_execution_bar,USDJPY,2025.10.15 21:30:00,0,
2025.10.15 21:54:59,scan_skipped_same_execution_bar,USDJPY,2025.10.15 21:30:00,0,
2025.10.15 22:04:59,scan_executed_new_execution_bar,USDJPY,2025.10.15 21:45:00,0,
2025.10.15 22:09:57,scan_skipped_same_execution_bar,USDJPY,2025.10.15 21:45:00,0,
2025.10.15 22:19:59,scan_executed_new_execution_bar,USDJPY,2025.10.15 22:00:00,0,
2025.10.15 22:24:59,scan_skipped_same_execution_bar,USDJPY,2025.10.15 22:00:00,0,
2025.10.15 22:34:58,scan_executed_new_execution_bar,USDJPY,2025.10.15 22:15:00,0,
2025.10.15 22:39:59,scan_skipped_same_execution_bar,USDJPY,2025.10.15 22:15:00,0,
2025.10.15 22:50:00,scan_executed_new_execution_bar,USDJPY,2025.10.15 22:30:00,0,
2025.10.15 22:54:59,scan_skipped_same_execution_bar,USDJPY,2025.10.15 22:30:00,0,
2025.10.15 23:04:59,scan_executed_new_execution_bar,USDJPY,2025.10.15 22:45:00,0,
2025.10.15 23:09:59,scan_skipped_same_execution_bar,USDJPY,2025.10.15 22:45:00,0,
2025.10.15 23:19:59,scan_executed_new_execution_bar,USDJPY,2025.10.15 23:00:00,0,
2025.10.15 23:24:59,scan_skipped_same_execution_bar,USDJPY,2025.10.15 23:00:00,0,
2025.10.15 23:34:59,scan_executed_new_execution_bar,USDJPY,2025.10.15 23:15:00,0,
2025.10.15 23:39:59,scan_skipped_same_execution_bar,USDJPY,2025.10.15 23:15:00,0,
2025.10.15 23:49:59,scan_executed_new_execution_bar,USDJPY,2025.10.15 23:30:00,0,
2025.10.15 23:54:59,scan_skipped_same_execution_bar,USDJPY,2025.10.15 23:30:00,0,
2025.10.16 00:04:58,scan_executed_new_execution_bar,USDJPY,2025.10.15 23:45:00,0,
2025.10.16 00:09:57,scan_skipped_same_execution_bar,USDJPY,2025.10.15 23:45:00,0,
2025.10.16 00:19:56,scan_executed_new_execution_bar,USDJPY,2025.10.16 00:00:00,0,
2025.10.16 00:24:57,scan_skipped_same_execution_bar,USDJPY,2025.10.16 00:00:00,0,
2025.10.16 00:34:55,scan_executed_new_execution_bar,USDJPY,2025.10.16 00:15:00,0,
2025.10.16 00:39:58,scan_skipped_same_execution_bar,USDJPY,2025.10.16 00:15:00,0,
2025.10.16 00:49:58,scan_executed_new_execution_bar,USDJPY,2025.10.16 00:30:00,0,
2025.10.16 00:54:57,scan_skipped_same_execution_bar,USDJPY,2025.10.16 00:30:00,0,
2025.10.16 01:04:59,scan_executed_new_execution_bar,USDJPY,2025.10.16 00:45:00,0,
2025.10.16 01:09:59,scan_skipped_same_execution_bar,USDJPY,2025.10.16 00:45:00,0,
2025.10.16 01:19:59,scan_executed_new_execution_bar,USDJPY,2025.10.16 01:00:00,0,
2025.10.16 01:24:59,scan_skipped_same_execution_bar,USDJPY,2025.10.16 01:00:00,0,
2025.10.16 01:34:59,scan_executed_new_execution_bar,USDJPY,2025.10.16 01:15:00,0,
2025.10.16 01:39:58,scan_skipped_same_execution_bar,USDJPY,2025.10.16 01:15:00,0,
2025.10.16 01:49:59,scan_executed_new_execution_bar,USDJPY,2025.10.16 01:30:00,0,
2025.10.16 01:54:59,scan_skipped_same_execution_bar,USDJPY,2025.10.16 01:30:00,0,
2025.10.16 02:04:59,scan_executed_new_execution_bar,USDJPY,2025.10.16 01:45:00,16,
2025.10.16 02:09:59,scan_skipped_same_execution_bar,USDJPY,2025.10.16 01:45:00,0,
2025.10.16 02:19:59,scan_executed_new_execution_bar,USDJPY,2025.10.16 02:00:00,0,
2025.10.16 02:24:59,scan_skipped_same_execution_bar,USDJPY,2025.10.16 02:00:00,0,
2025.10.16 02:34:57,scan_executed_new_execution_bar,USDJPY,2025.10.16 02:15:00,16,
2025.10.16 02:39:59,scan_skipped_same_execution_bar,USDJPY,2025.10.16 02:15:00,0,
2025.10.16 02:50:00,scan_executed_new_execution_bar,USDJPY,2025.10.16 02:30:00,0,
2025.10.16 02:54:59,scan_skipped_same_execution_bar,USDJPY,2025.10.16 02:30:00,0,
2025.10.16 03:04:59,scan_executed_new_execution_bar,USDJPY,2025.10.16 02:45:00,16,
2025.10.16 03:09:59,scan_skipped_same_execution_bar,USDJPY,2025.10.16 02:45:00,0,
2025.10.16 03:19:59,scan_executed_new_execution_bar,USDJPY,2025.10.16 03:00:00,0,
2025.10.16 03:24:59,scan_skipped_same_execution_bar,USDJPY,2025.10.16 03:00:00,0,
2025.10.16 03:34:59,scan_executed_new_execution_bar,USDJPY,2025.10.16 03:15:00,0,
2025.10.16 03:39:59,scan_skipped_same_execution_bar,USDJPY,2025.10.16 03:15:00,0,
2025.10.16 03:49:58,scan_executed_new_execution_bar,USDJPY,2025.10.16 03:30:00,0,
2025.10.16 03:54:59,scan_skipped_same_execution_bar,USDJPY,2025.10.16 03:30:00,0,
2025.10.16 04:04:59,scan_executed_new_execution_bar,USDJPY,2025.10.16 03:45:00,15,
2025.10.16 04:09:59,scan_skipped_same_execution_bar,USDJPY,2025.10.16 03:45:00,0,
2025.10.16 04:19:59,scan_executed_new_execution_bar,USDJPY,2025.10.16 04:00:00,0,
2025.10.16 04:24:58,scan_skipped_same_execution_bar,USDJPY,2025.10.16 04:00:00,0,
2025.10.16 04:34:59,scan_executed_new_execution_bar,USDJPY,2025.10.16 04:15:00,0,
2025.10.16 04:39:59,scan_skipped_same_execution_bar,USDJPY,2025.10.16 04:15:00,0,
2025.10.16 04:49:59,scan_executed_new_execution_bar,USDJPY,2025.10.16 04:30:00,0,
2025.10.16 04:54:59,scan_skipped_same_execution_bar,USDJPY,2025.10.16 04:30:00,0,
2025.10.16 05:04:59,scan_executed_new_execution_bar,USDJPY,2025.10.16 04:45:00,0,
2025.10.16 05:09:59,scan_skipped_same_execution_bar,USDJPY,2025.10.16 04:45:00,0,
2025.10.16 05:19:59,scan_executed_new_execution_bar,USDJPY,2025.10.16 05:00:00,0,
2025.10.16 05:24:59,scan_skipped_same_execution_bar,USDJPY,2025.10.16 05:00:00,0,
2025.10.16 05:34:59,scan_executed_new_execution_bar,USDJPY,2025.10.16 05:15:00,16,
2025.10.16 05:39:59,scan_skipped_same_execution_bar,USDJPY,2025.10.16 05:15:00,0,
2025.10.16 05:49:59,scan_executed_new_execution_bar,USDJPY,2025.10.16 05:30:00,16,
2025.10.16 05:54:59,scan_skipped_same_execution_bar,USDJPY,2025.10.16 05:30:00,0,
2025.10.16 06:04:59,scan_executed_new_execution_bar,USDJPY,2025.10.16 05:45:00,16,
2025.10.16 06:09:59,scan_skipped_same_execution_bar,USDJPY,2025.10.16 05:45:00,0,
2025.10.16 06:19:59,scan_executed_new_execution_bar,USDJPY,2025.10.16 06:00:00,31,
2025.10.16 06:24:59,scan_skipped_same_execution_bar,USDJPY,2025.10.16 06:00:00,0,
2025.10.16 06:35:00,scan_executed_new_execution_bar,USDJPY,2025.10.16 06:15:00,15,
2025.10.16 06:39:59,scan_skipped_same_execution_bar,USDJPY,2025.10.16 06:15:00,0,
2025.10.16 06:49:59,scan_executed_new_execution_bar,USDJPY,2025.10.16 06:30:00,0,
2025.10.16 06:54:59,scan_skipped_same_execution_bar,USDJPY,2025.10.16 06:30:00,0,
2025.10.16 07:04:59,scan_executed_new_execution_bar,USDJPY,2025.10.16 06:45:00,0,
2025.10.16 07:09:59,scan_skipped_same_execution_bar,USDJPY,2025.10.16 06:45:00,0,
2025.10.16 07:19:59,scan_executed_new_execution_bar,USDJPY,2025.10.16 07:00:00,0,
2025.10.16 07:24:59,scan_skipped_same_execution_bar,USDJPY,2025.10.16 07:00:00,0,
2025.10.16 07:34:56,scan_executed_new_execution_bar,USDJPY,2025.10.16 07:15:00,0,
2025.10.16 07:39:59,scan_skipped_same_execution_bar,USDJPY,2025.10.16 07:15:00,0,
2025.10.16 07:49:59,scan_executed_new_execution_bar,USDJPY,2025.10.16 07:30:00,0,
2025.10.16 07:54:59,scan_skipped_same_execution_bar,USDJPY,2025.10.16 07:30:00,0,
2025.10.16 08:04:59,scan_executed_new_execution_bar,USDJPY,2025.10.16 07:45:00,0,
2025.10.16 08:09:59,scan_skipped_same_execution_bar,USDJPY,2025.10.16 07:45:00,0,
2025.10.16 08:19:59,scan_executed_new_execution_bar,USDJPY,2025.10.16 08:00:00,0,
2025.10.16 08:24:59,scan_skipped_same_execution_bar,USDJPY,2025.10.16 08:00:00,0,
2025.10.16 08:35:00,scan_executed_new_execution_bar,USDJPY,2025.10.16 08:15:00,0,
2025.10.16 08:39:59,scan_skipped_same_execution_bar,USDJPY,2025.10.16 08:15:00,0,
2025.10.16 08:49:59,scan_executed_new_execution_bar,USDJPY,2025.10.16 08:30:00,0,
2025.10.16 08:54:59,scan_skipped_same_execution_bar,USDJPY,2025.10.16 08:30:00,0,
2025.10.16 09:04:59,scan_executed_new_execution_bar,USDJPY,2025.10.16 08:45:00,0,
2025.10.16 09:09:59,scan_skipped_same_execution_bar,USDJPY,2025.10.16 08:45:00,0,
2025.10.16 09:19:59,scan_executed_new_execution_bar,USDJPY,2025.10.16 09:00:00,0,
2025.10.16 09:24:59,scan_skipped_same_execution_bar,USDJPY,2025.10.16 09:00:00,0,
2025.10.16 09:34:59,scan_executed_new_execution_bar,USDJPY,2025.10.16 09:15:00,0,
2025.10.16 09:39:59,scan_skipped_same_execution_bar,USDJPY,2025.10.16 09:15:00,0,
2025.10.16 09:49:59,scan_executed_new_execution_bar,USDJPY,2025.10.16 09:30:00,0,
2025.10.16 09:54:59,scan_skipped_same_execution_bar,USDJPY,2025.10.16 09:30:00,0,
2025.10.16 10:04:59,scan_executed_new_execution_bar,USDJPY,2025.10.16 09:45:00,31,
2025.10.16 10:09:59,scan_skipped_same_execution_bar,USDJPY,2025.10.16 09:45:00,0,
2025.10.16 10:19:59,scan_executed_new_execution_bar,USDJPY,2025.10.16 10:00:00,0,
2025.10.16 10:24:59,scan_skipped_same_execution_bar,USDJPY,2025.10.16 10:00:00,0,
2025.10.16 10:34:59,scan_executed_new_execution_bar,USDJPY,2025.10.16 10:15:00,0,
2025.10.16 10:39:59,scan_skipped_same_execution_bar,USDJPY,2025.10.16 10:15:00,0,
2025.10.16 10:49:59,scan_executed_new_execution_bar,USDJPY,2025.10.16 10:30:00,0,
2025.10.16 10:54:59,scan_skipped_same_execution_bar,USDJPY,2025.10.16 10:30:00,0,
2025.10.16 11:04:59,scan_executed_new_execution_bar,USDJPY,2025.10.16 10:45:00,0,
2025.10.16 11:09:59,scan_skipped_same_execution_bar,USDJPY,2025.10.16 10:45:00,0,
2025.10.16 11:19:59,scan_executed_new_execution_bar,USDJPY,2025.10.16 11:00:00,47,
2025.10.16 11:24:59,scan_skipped_same_execution_bar,USDJPY,2025.10.16 11:00:00,0,
2025.10.16 11:34:59,scan_executed_new_execution_bar,USDJPY,2025.10.16 11:15:00,0,
2025.10.16 11:39:59,scan_skipped_same_execution_bar,USDJPY,2025.10.16 11:15:00,0,
2025.10.16 11:49:59,scan_executed_new_execution_bar,USDJPY,2025.10.16 11:30:00,0,
2025.10.16 11:54:59,scan_skipped_same_execution_bar,USDJPY,2025.10.16 11:30:00,0,
2025.10.16 12:04:59,scan_executed_new_execution_bar,USDJPY,2025.10.16 11:45:00,0,
2025.10.16 12:09:59,scan_skipped_same_execution_bar,USDJPY,2025.10.16 11:45:00,0,
2025.10.16 12:19:59,scan_executed_new_execution_bar,USDJPY,2025.10.16 12:00:00,0,
2025.10.16 12:24:59,scan_skipped_same_execution_bar,USDJPY,2025.10.16 12:00:00,0,
2025.10.16 12:34:59,scan_executed_new_execution_bar,USDJPY,2025.10.16 12:15:00,0,
2025.10.16 12:39:59,scan_skipped_same_execution_bar,USDJPY,2025.10.16 12:15:00,0,
2025.10.16 12:49:59,scan_executed_new_execution_bar,USDJPY,2025.10.16 12:30:00,16,
2025.10.16 12:54:59,scan_skipped_same_execution_bar,USDJPY,2025.10.16 12:30:00,0,
2025.10.16 13:04:59,scan_executed_new_execution_bar,USDJPY,2025.10.16 12:45:00,16,
2025.10.16 13:09:59,scan_skipped_same_execution_bar,USDJPY,2025.10.16 12:45:00,0,
2025.10.16 13:19:59,scan_executed_new_execution_bar,USDJPY,2025.10.16 13:00:00,31,
2025.10.16 13:24:59,scan_skipped_same_execution_bar,USDJPY,2025.10.16 13:00:00,0,
2025.10.16 13:34:59,scan_executed_new_execution_bar,USDJPY,2025.10.16 13:15:00,16,
2025.10.16 13:39:58,scan_skipped_same_execution_bar,USDJPY,2025.10.16 13:15:00,0,
2025.10.16 13:49:59,scan_executed_new_execution_bar,USDJPY,2025.10.16 13:30:00,32,
2025.10.16 13:54:59,scan_skipped_same_execution_bar,USDJPY,2025.10.16 13:30:00,0,
2025.10.16 14:05:00,scan_executed_new_execution_bar,USDJPY,2025.10.16 13:45:00,16,
2025.10.16 14:10:00,scan_skipped_same_execution_bar,USDJPY,2025.10.16 13:45:00,0,
2025.10.16 14:19:59,scan_executed_new_execution_bar,USDJPY,2025.10.16 14:00:00,0,
2025.10.16 14:24:59,scan_skipped_same_execution_bar,USDJPY,2025.10.16 14:00:00,0,
2025.10.16 14:34:59,scan_executed_new_execution_bar,USDJPY,2025.10.16 14:15:00,0,
2025.10.16 14:39:59,scan_skipped_same_execution_bar,USDJPY,2025.10.16 14:15:00,0,
2025.10.16 14:49:59,scan_executed_new_execution_bar,USDJPY,2025.10.16 14:30:00,15,
2025.10.16 14:54:59,scan_skipped_same_execution_bar,USDJPY,2025.10.16 14:30:00,0,
2025.10.16 15:04:59,scan_executed_new_execution_bar,USDJPY,2025.10.16 14:45:00,0,
2025.10.16 15:09:59,scan_skipped_same_execution_bar,USDJPY,2025.10.16 14:45:00,0,
2025.10.16 15:19:59,scan_executed_new_execution_bar,USDJPY,2025.10.16 15:00:00,0,
2025.10.16 15:24:59,scan_skipped_same_execution_bar,USDJPY,2025.10.16 15:00:00,0,
2025.10.16 15:34:59,scan_executed_new_execution_bar,USDJPY,2025.10.16 15:15:00,0,
2025.10.16 15:39:59,scan_skipped_same_execution_bar,USDJPY,2025.10.16 15:15:00,0,
2025.10.16 15:49:59,scan_executed_new_execution_bar,USDJPY,2025.10.16 15:30:00,0,
2025.10.16 15:54:59,scan_skipped_same_execution_bar,USDJPY,2025.10.16 15:30:00,0,
2025.10.16 16:04:59,scan_executed_new_execution_bar,USDJPY,2025.10.16 15:45:00,0,
2025.10.16 16:09:59,scan_skipped_same_execution_bar,USDJPY,2025.10.16 15:45:00,0,
2025.10.16 16:20:00,scan_executed_new_execution_bar,USDJPY,2025.10.16 16:00:00,0,
2025.10.16 16:24:59,scan_skipped_same_execution_bar,USDJPY,2025.10.16 16:00:00,0,
2025.10.16 16:34:59,scan_executed_new_execution_bar,USDJPY,2025.10.16 16:15:00,0,
2025.10.16 16:39:59,scan_skipped_same_execution_bar,USDJPY,2025.10.16 16:15:00,0,
2025.10.16 16:49:59,scan_executed_new_execution_bar,USDJPY,2025.10.16 16:30:00,0,
2025.10.16 16:54:59,scan_skipped_same_execution_bar,USDJPY,2025.10.16 16:30:00,0,
2025.10.16 17:04:59,scan_executed_new_execution_bar,USDJPY,2025.10.16 16:45:00,31,
2025.10.16 17:09:59,scan_skipped_same_execution_bar,USDJPY,2025.10.16 16:45:00,0,
2025.10.16 17:19:59,scan_executed_new_execution_bar,USDJPY,2025.10.16 17:00:00,15,
2025.10.16 17:24:59,scan_skipped_same_execution_bar,USDJPY,2025.10.16 17:00:00,0,
2025.10.16 17:34:59,scan_executed_new_execution_bar,USDJPY,2025.10.16 17:15:00,16,
2025.10.16 17:39:59,scan_skipped_same_execution_bar,USDJPY,2025.10.16 17:15:00,0,
2025.10.16 17:49:59,scan_executed_new_execution_bar,USDJPY,2025.10.16 17:30:00,15,
2025.10.16 17:54:59,scan_skipped_same_execution_bar,USDJPY,2025.10.16 17:30:00,0,
2025.10.16 18:04:59,scan_executed_new_execution_bar,USDJPY,2025.10.16 17:45:00,16,
2025.10.16 18:09:59,scan_skipped_same_execution_bar,USDJPY,2025.10.16 17:45:00,0,
2025.10.16 18:19:59,scan_executed_new_execution_bar,USDJPY,2025.10.16 18:00:00,15,
2025.10.16 18:24:59,scan_skipped_same_execution_bar,USDJPY,2025.10.16 18:00:00,0,
2025.10.16 18:35:00,scan_executed_new_execution_bar,USDJPY,2025.10.16 18:15:00,0,
2025.10.16 18:39:59,scan_skipped_same_execution_bar,USDJPY,2025.10.16 18:15:00,0,
2025.10.16 18:49:59,scan_executed_new_execution_bar,USDJPY,2025.10.16 18:30:00,0,
2025.10.16 18:54:59,scan_skipped_same_execution_bar,USDJPY,2025.10.16 18:30:00,0,
2025.10.16 19:04:59,scan_executed_new_execution_bar,USDJPY,2025.10.16 18:45:00,16,
2025.10.16 19:09:59,scan_skipped_same_execution_bar,USDJPY,2025.10.16 18:45:00,0,
2025.10.16 19:19:59,scan_executed_new_execution_bar,USDJPY,2025.10.16 19:00:00,31,
2025.10.16 19:24:59,scan_skipped_same_execution_bar,USDJPY,2025.10.16 19:00:00,0,
2025.10.16 19:34:59,scan_executed_new_execution_bar,USDJPY,2025.10.16 19:15:00,0,
2025.10.16 19:39:59,scan_skipped_same_execution_bar,USDJPY,2025.10.16 19:15:00,0,
2025.10.16 19:49:59,scan_executed_new_execution_bar,USDJPY,2025.10.16 19:30:00,0,
2025.10.16 19:54:59,scan_skipped_same_execution_bar,USDJPY,2025.10.16 19:30:00,0,
2025.10.16 20:04:59,scan_executed_new_execution_bar,USDJPY,2025.10.16 19:45:00,31,
2025.10.16 20:09:59,scan_skipped_same_execution_bar,USDJPY,2025.10.16 19:45:00,0,
2025.10.16 20:19:59,scan_executed_new_execution_bar,USDJPY,2025.10.16 20:00:00,0,
2025.10.16 20:24:59,scan_skipped_same_execution_bar,USDJPY,2025.10.16 20:00:00,0,
2025.10.16 20:34:59,scan_executed_new_execution_bar,USDJPY,2025.10.16 20:15:00,31,
2025.10.16 20:39:59,scan_skipped_same_execution_bar,USDJPY,2025.10.16 20:15:00,0,
2025.10.16 20:49:59,scan_executed_new_execution_bar,USDJPY,2025.10.16 20:30:00,16,
2025.10.16 20:54:59,scan_skipped_same_execution_bar,USDJPY,2025.10.16 20:30:00,0,
2025.10.16 21:04:59,scan_executed_new_execution_bar,USDJPY,2025.10.16 20:45:00,15,
2025.10.16 21:09:59,scan_skipped_same_execution_bar,USDJPY,2025.10.16 20:45:00,0,
2025.10.16 21:19:59,scan_executed_new_execution_bar,USDJPY,2025.10.16 21:00:00,0,
2025.10.16 21:24:57,scan_skipped_same_execution_bar,USDJPY,2025.10.16 21:00:00,0,
2025.10.16 21:34:59,scan_executed_new_execution_bar,USDJPY,2025.10.16 21:15:00,31,
2025.10.16 21:39:59,scan_skipped_same_execution_bar,USDJPY,2025.10.16 21:15:00,0,
2025.10.16 21:49:59,scan_executed_new_execution_bar,USDJPY,2025.10.16 21:30:00,47,
2025.10.16 21:54:59,scan_skipped_same_execution_bar,USDJPY,2025.10.16 21:30:00,0,
2025.10.16 22:04:59,scan_executed_new_execution_bar,USDJPY,2025.10.16 21:45:00,0,
2025.10.16 22:09:59,scan_skipped_same_execution_bar,USDJPY,2025.10.16 21:45:00,0,
2025.10.16 22:19:59,scan_executed_new_execution_bar,USDJPY,2025.10.16 22:00:00,0,
2025.10.16 22:24:59,scan_skipped_same_execution_bar,USDJPY,2025.10.16 22:00:00,0,
2025.10.16 22:34:59,scan_executed_new_execution_bar,USDJPY,2025.10.16 22:15:00,16,
2025.10.16 22:39:59,scan_skipped_same_execution_bar,USDJPY,2025.10.16 22:15:00,0,
2025.10.16 22:49:59,scan_executed_new_execution_bar,USDJPY,2025.10.16 22:30:00,31,
2025.10.16 22:54:59,scan_skipped_same_execution_bar,USDJPY,2025.10.16 22:30:00,0,
2025.10.16 23:04:59,scan_executed_new_execution_bar,USDJPY,2025.10.16 22:45:00,15,
2025.10.16 23:09:59,scan_skipped_same_execution_bar,USDJPY,2025.10.16 22:45:00,0,
2025.10.16 23:19:59,scan_executed_new_execution_bar,USDJPY,2025.10.16 23:00:00,0,
2025.10.16 23:24:59,scan_skipped_same_execution_bar,USDJPY,2025.10.16 23:00:00,0,
2025.10.16 23:34:59,scan_executed_new_execution_bar,USDJPY,2025.10.16 23:15:00,15,
2025.10.16 23:39:58,scan_skipped_same_execution_bar,USDJPY,2025.10.16 23:15:00,0,
2025.10.16 23:49:59,scan_executed_new_execution_bar,USDJPY,2025.10.16 23:30:00,0,
2025.10.16 23:54:59,scan_skipped_same_execution_bar,USDJPY,2025.10.16 23:30:00,0,
2025.10.17 00:04:33,scan_executed_new_execution_bar,USDJPY,2025.10.16 23:45:00,0,
2025.10.17 00:09:57,scan_skipped_same_execution_bar,USDJPY,2025.10.16 23:45:00,0,
2025.10.17 00:19:58,scan_executed_new_execution_bar,USDJPY,2025.10.17 00:00:00,0,
2025.10.17 00:24:59,scan_skipped_same_execution_bar,USDJPY,2025.10.17 00:00:00,0,
2025.10.17 00:34:59,scan_executed_new_execution_bar,USDJPY,2025.10.17 00:15:00,0,
2025.10.17 00:39:59,scan_skipped_same_execution_bar,USDJPY,2025.10.17 00:15:00,0,
2025.10.17 00:49:59,scan_executed_new_execution_bar,USDJPY,2025.10.17 00:30:00,0,
2025.10.17 00:54:59,scan_skipped_same_execution_bar,USDJPY,2025.10.17 00:30:00,0,
2025.10.17 01:04:59,scan_executed_new_execution_bar,USDJPY,2025.10.17 00:45:00,0,
2025.10.17 01:09:59,scan_skipped_same_execution_bar,USDJPY,2025.10.17 00:45:00,0,
2025.10.17 01:19:59,scan_executed_new_execution_bar,USDJPY,2025.10.17 01:00:00,0,
2025.10.17 01:24:58,scan_skipped_same_execution_bar,USDJPY,2025.10.17 01:00:00,0,
2025.10.17 01:34:57,scan_executed_new_execution_bar,USDJPY,2025.10.17 01:15:00,0,
2025.10.17 01:39:59,scan_skipped_same_execution_bar,USDJPY,2025.10.17 01:15:00,0,
2025.10.17 01:49:59,scan_executed_new_execution_bar,USDJPY,2025.10.17 01:30:00,0,
2025.10.17 01:54:59,scan_skipped_same_execution_bar,USDJPY,2025.10.17 01:30:00,0,
2025.10.17 02:04:59,scan_executed_new_execution_bar,USDJPY,2025.10.17 01:45:00,15,
2025.10.17 02:10:00,scan_skipped_same_execution_bar,USDJPY,2025.10.17 01:45:00,0,
2025.10.17 02:19:59,scan_executed_new_execution_bar,USDJPY,2025.10.17 02:00:00,0,
2025.10.17 02:24:58,scan_skipped_same_execution_bar,USDJPY,2025.10.17 02:00:00,0,
2025.10.17 02:34:59,scan_executed_new_execution_bar,USDJPY,2025.10.17 02:15:00,0,
2025.10.17 02:39:59,scan_skipped_same_execution_bar,USDJPY,2025.10.17 02:15:00,0,
2025.10.17 02:49:59,scan_executed_new_execution_bar,USDJPY,2025.10.17 02:30:00,0,
2025.10.17 02:54:58,scan_skipped_same_execution_bar,USDJPY,2025.10.17 02:30:00,0,
2025.10.17 03:04:59,scan_executed_new_execution_bar,USDJPY,2025.10.17 02:45:00,16,
2025.10.17 03:09:59,scan_skipped_same_execution_bar,USDJPY,2025.10.17 02:45:00,0,
2025.10.17 03:19:59,scan_executed_new_execution_bar,USDJPY,2025.10.17 03:00:00,0,
2025.10.17 03:24:59,scan_skipped_same_execution_bar,USDJPY,2025.10.17 03:00:00,0,
2025.10.17 03:34:59,scan_executed_new_execution_bar,USDJPY,2025.10.17 03:15:00,31,
2025.10.17 03:39:59,scan_skipped_same_execution_bar,USDJPY,2025.10.17 03:15:00,0,
2025.10.17 03:49:59,scan_executed_new_execution_bar,USDJPY,2025.10.17 03:30:00,0,
2025.10.17 03:54:59,scan_skipped_same_execution_bar,USDJPY,2025.10.17 03:30:00,0,
2025.10.17 04:05:00,scan_executed_new_execution_bar,USDJPY,2025.10.17 03:45:00,16,
2025.10.17 04:09:59,scan_skipped_same_execution_bar,USDJPY,2025.10.17 03:45:00,0,
2025.10.17 04:19:59,scan_executed_new_execution_bar,USDJPY,2025.10.17 04:00:00,15,
2025.10.17 04:24:59,scan_skipped_same_execution_bar,USDJPY,2025.10.17 04:00:00,0,
2025.10.17 04:34:59,scan_executed_new_execution_bar,USDJPY,2025.10.17 04:15:00,16,
2025.10.17 04:39:59,scan_skipped_same_execution_bar,USDJPY,2025.10.17 04:15:00,0,
2025.10.17 04:49:59,scan_executed_new_execution_bar,USDJPY,2025.10.17 04:30:00,15,
2025.10.17 04:54:59,scan_skipped_same_execution_bar,USDJPY,2025.10.17 04:30:00,0,
2025.10.17 05:04:59,scan_executed_new_execution_bar,USDJPY,2025.10.17 04:45:00,0,
2025.10.17 05:09:59,scan_skipped_same_execution_bar,USDJPY,2025.10.17 04:45:00,0,
2025.10.17 05:19:59,scan_executed_new_execution_bar,USDJPY,2025.10.17 05:00:00,0,
2025.10.17 05:25:00,scan_skipped_same_execution_bar,USDJPY,2025.10.17 05:00:00,0,
2025.10.17 05:34:59,scan_executed_new_execution_bar,USDJPY,2025.10.17 05:15:00,0,
2025.10.17 05:39:59,scan_skipped_same_execution_bar,USDJPY,2025.10.17 05:15:00,0,
2025.10.17 05:49:59,scan_executed_new_execution_bar,USDJPY,2025.10.17 05:30:00,0,
2025.10.17 05:54:58,scan_skipped_same_execution_bar,USDJPY,2025.10.17 05:30:00,0,
2025.10.17 06:04:59,scan_executed_new_execution_bar,USDJPY,2025.10.17 05:45:00,15,
2025.10.17 06:09:59,scan_skipped_same_execution_bar,USDJPY,2025.10.17 05:45:00,0,
2025.10.17 06:20:00,scan_executed_new_execution_bar,USDJPY,2025.10.17 06:00:00,0,
2025.10.17 06:24:59,scan_skipped_same_execution_bar,USDJPY,2025.10.17 06:00:00,0,
2025.10.17 06:34:59,scan_executed_new_execution_bar,USDJPY,2025.10.17 06:15:00,15,
2025.10.17 06:39:59,scan_skipped_same_execution_bar,USDJPY,2025.10.17 06:15:00,0,
2025.10.17 06:50:00,scan_executed_new_execution_bar,USDJPY,2025.10.17 06:30:00,0,
2025.10.17 06:54:59,scan_skipped_same_execution_bar,USDJPY,2025.10.17 06:30:00,0,
2025.10.17 07:04:59,scan_executed_new_execution_bar,USDJPY,2025.10.17 06:45:00,15,
2025.10.17 07:09:59,scan_skipped_same_execution_bar,USDJPY,2025.10.17 06:45:00,0,
2025.10.17 07:19:59,scan_executed_new_execution_bar,USDJPY,2025.10.17 07:00:00,16,
2025.10.17 07:24:59,scan_skipped_same_execution_bar,USDJPY,2025.10.17 07:00:00,0,
2025.10.17 07:34:59,scan_executed_new_execution_bar,USDJPY,2025.10.17 07:15:00,0,
2025.10.17 07:39:59,scan_skipped_same_execution_bar,USDJPY,2025.10.17 07:15:00,0,
2025.10.17 07:49:59,scan_executed_new_execution_bar,USDJPY,2025.10.17 07:30:00,0,
2025.10.17 07:54:59,scan_skipped_same_execution_bar,USDJPY,2025.10.17 07:30:00,0,
2025.10.17 08:04:59,scan_executed_new_execution_bar,USDJPY,2025.10.17 07:45:00,0,
2025.10.17 08:10:00,scan_skipped_same_execution_bar,USDJPY,2025.10.17 07:45:00,0,
2025.10.17 08:19:59,scan_executed_new_execution_bar,USDJPY,2025.10.17 08:00:00,0,
2025.10.17 08:24:59,scan_skipped_same_execution_bar,USDJPY,2025.10.17 08:00:00,0,
2025.10.17 08:35:00,scan_executed_new_execution_bar,USDJPY,2025.10.17 08:15:00,0,
2025.10.17 08:39:59,scan_skipped_same_execution_bar,USDJPY,2025.10.17 08:15:00,0,
2025.10.17 08:49:56,scan_executed_new_execution_bar,USDJPY,2025.10.17 08:30:00,0,
2025.10.17 08:54:59,scan_skipped_same_execution_bar,USDJPY,2025.10.17 08:30:00,0,
2025.10.17 09:04:59,scan_executed_new_execution_bar,USDJPY,2025.10.17 08:45:00,0,
2025.10.17 09:09:59,scan_skipped_same_execution_bar,USDJPY,2025.10.17 08:45:00,0,
2025.10.17 09:19:59,scan_executed_new_execution_bar,USDJPY,2025.10.17 09:00:00,31,
2025.10.17 09:24:59,scan_skipped_same_execution_bar,USDJPY,2025.10.17 09:00:00,0,
2025.10.17 09:34:59,scan_executed_new_execution_bar,USDJPY,2025.10.17 09:15:00,0,
2025.10.17 09:39:59,scan_skipped_same_execution_bar,USDJPY,2025.10.17 09:15:00,0,
2025.10.17 09:49:59,scan_executed_new_execution_bar,USDJPY,2025.10.17 09:30:00,0,
2025.10.17 09:54:59,scan_skipped_same_execution_bar,USDJPY,2025.10.17 09:30:00,0,
2025.10.17 10:04:59,scan_executed_new_execution_bar,USDJPY,2025.10.17 09:45:00,0,
2025.10.17 10:10:00,scan_skipped_same_execution_bar,USDJPY,2025.10.17 09:45:00,0,
2025.10.17 10:19:59,scan_executed_new_execution_bar,USDJPY,2025.10.17 10:00:00,16,
2025.10.17 10:24:59,scan_skipped_same_execution_bar,USDJPY,2025.10.17 10:00:00,0,
2025.10.17 10:34:59,scan_executed_new_execution_bar,USDJPY,2025.10.17 10:15:00,62,
2025.10.17 10:39:59,scan_skipped_same_execution_bar,USDJPY,2025.10.17 10:15:00,0,
2025.10.17 10:49:59,scan_executed_new_execution_bar,USDJPY,2025.10.17 10:30:00,0,
2025.10.17 10:54:59,scan_skipped_same_execution_bar,USDJPY,2025.10.17 10:30:00,0,
2025.10.17 11:04:59,scan_executed_new_execution_bar,USDJPY,2025.10.17 10:45:00,15,
2025.10.17 11:09:59,scan_skipped_same_execution_bar,USDJPY,2025.10.17 10:45:00,0,
2025.10.17 11:19:59,scan_executed_new_execution_bar,USDJPY,2025.10.17 11:00:00,0,
2025.10.17 11:24:59,scan_skipped_same_execution_bar,USDJPY,2025.10.17 11:00:00,0,
2025.10.17 11:34:59,scan_executed_new_execution_bar,USDJPY,2025.10.17 11:15:00,0,
2025.10.17 11:39:59,scan_skipped_same_execution_bar,USDJPY,2025.10.17 11:15:00,0,
2025.10.17 11:49:59,scan_executed_new_execution_bar,USDJPY,2025.10.17 11:30:00,0,
2025.10.17 11:54:59,scan_skipped_same_execution_bar,USDJPY,2025.10.17 11:30:00,0,
2025.10.17 12:04:59,scan_executed_new_execution_bar,USDJPY,2025.10.17 11:45:00,0,
2025.10.17 12:09:59,scan_skipped_same_execution_bar,USDJPY,2025.10.17 11:45:00,0,
2025.10.17 12:19:59,scan_executed_new_execution_bar,USDJPY,2025.10.17 12:00:00,32,
2025.10.17 12:24:59,scan_skipped_same_execution_bar,USDJPY,2025.10.17 12:00:00,0,
2025.10.17 12:34:59,scan_executed_new_execution_bar,USDJPY,2025.10.17 12:15:00,0,
2025.10.17 12:39:59,scan_skipped_same_execution_bar,USDJPY,2025.10.17 12:15:00,0,
2025.10.17 12:50:00,scan_executed_new_execution_bar,USDJPY,2025.10.17 12:30:00,0,
2025.10.17 12:54:59,scan_skipped_same_execution_bar,USDJPY,2025.10.17 12:30:00,0,
2025.10.17 13:04:59,scan_executed_new_execution_bar,USDJPY,2025.10.17 12:45:00,0,
2025.10.17 13:09:59,scan_skipped_same_execution_bar,USDJPY,2025.10.17 12:45:00,0,
2025.10.17 13:19:59,scan_executed_new_execution_bar,USDJPY,2025.10.17 13:00:00,16,
2025.10.17 13:24:59,scan_skipped_same_execution_bar,USDJPY,2025.10.17 13:00:00,0,
2025.10.17 13:34:59,scan_executed_new_execution_bar,USDJPY,2025.10.17 13:15:00,0,
2025.10.17 13:39:59,scan_skipped_same_execution_bar,USDJPY,2025.10.17 13:15:00,0,
2025.10.17 13:49:59,scan_executed_new_execution_bar,USDJPY,2025.10.17 13:30:00,15,
2025.10.17 13:54:59,scan_skipped_same_execution_bar,USDJPY,2025.10.17 13:30:00,0,
2025.10.17 14:04:59,scan_executed_new_execution_bar,USDJPY,2025.10.17 13:45:00,0,
2025.10.17 14:09:59,scan_skipped_same_execution_bar,USDJPY,2025.10.17 13:45:00,0,
2025.10.17 14:19:59,scan_executed_new_execution_bar,USDJPY,2025.10.17 14:00:00,0,
2025.10.17 14:24:59,scan_skipped_same_execution_bar,USDJPY,2025.10.17 14:00:00,0,
2025.10.17 14:34:59,scan_executed_new_execution_bar,USDJPY,2025.10.17 14:15:00,0,
2025.10.17 14:39:59,scan_skipped_same_execution_bar,USDJPY,2025.10.17 14:15:00,0,
2025.10.17 14:49:59,scan_executed_new_execution_bar,USDJPY,2025.10.17 14:30:00,0,
2025.10.17 14:54:59,scan_skipped_same_execution_bar,USDJPY,2025.10.17 14:30:00,0,
2025.10.17 15:04:59,scan_executed_new_execution_bar,USDJPY,2025.10.17 14:45:00,0,
2025.10.17 15:09:59,scan_skipped_same_execution_bar,USDJPY,2025.10.17 14:45:00,0,
2025.10.17 15:19:59,scan_executed_new_execution_bar,USDJPY,2025.10.17 15:00:00,0,
2025.10.17 15:24:59,scan_skipped_same_execution_bar,USDJPY,2025.10.17 15:00:00,0,
2025.10.17 15:34:59,scan_executed_new_execution_bar,USDJPY,2025.10.17 15:15:00,31,
2025.10.17 15:39:59,scan_skipped_same_execution_bar,USDJPY,2025.10.17 15:15:00,0,
2025.10.17 15:49:59,scan_executed_new_execution_bar,USDJPY,2025.10.17 15:30:00,16,
2025.10.17 15:54:59,scan_skipped_same_execution_bar,USDJPY,2025.10.17 15:30:00,0,
2025.10.17 16:04:59,scan_executed_new_execution_bar,USDJPY,2025.10.17 15:45:00,47,
2025.10.17 16:09:59,scan_skipped_same_execution_bar,USDJPY,2025.10.17 15:45:00,0,
2025.10.17 16:19:59,scan_executed_new_execution_bar,USDJPY,2025.10.17 16:00:00,0,
2025.10.17 16:24:59,scan_skipped_same_execution_bar,USDJPY,2025.10.17 16:00:00,0,
2025.10.17 16:34:59,scan_executed_new_execution_bar,USDJPY,2025.10.17 16:15:00,47,
2025.10.17 16:39:59,scan_skipped_same_execution_bar,USDJPY,2025.10.17 16:15:00,0,
2025.10.17 16:49:59,scan_executed_new_execution_bar,USDJPY,2025.10.17 16:30:00,16,
2025.10.17 16:54:59,scan_skipped_same_execution_bar,USDJPY,2025.10.17 16:30:00,0,
2025.10.17 17:04:59,scan_executed_new_execution_bar,USDJPY,2025.10.17 16:45:00,0,
2025.10.17 17:09:59,scan_skipped_same_execution_bar,USDJPY,2025.10.17 16:45:00,0,
2025.10.17 17:19:59,scan_executed_new_execution_bar,USDJPY,2025.10.17 17:00:00,0,
2025.10.17 17:24:59,scan_skipped_same_execution_bar,USDJPY,2025.10.17 17:00:00,0,
2025.10.17 17:34:59,scan_executed_new_execution_bar,USDJPY,2025.10.17 17:15:00,0,
2025.10.17 17:39:59,scan_skipped_same_execution_bar,USDJPY,2025.10.17 17:15:00,0,
2025.10.17 17:49:59,scan_executed_new_execution_bar,USDJPY,2025.10.17 17:30:00,0,
2025.10.17 17:54:59,scan_skipped_same_execution_bar,USDJPY,2025.10.17 17:30:00,0,
2025.10.17 18:04:59,scan_executed_new_execution_bar,USDJPY,2025.10.17 17:45:00,0,
2025.10.17 18:09:59,scan_skipped_same_execution_bar,USDJPY,2025.10.17 17:45:00,0,
2025.10.17 18:19:59,scan_executed_new_execution_bar,USDJPY,2025.10.17 18:00:00,15,
2025.10.17 18:24:59,scan_skipped_same_execution_bar,USDJPY,2025.10.17 18:00:00,0,
2025.10.17 18:34:59,scan_executed_new_execution_bar,USDJPY,2025.10.17 18:15:00,15,
2025.10.17 18:39:59,scan_skipped_same_execution_bar,USDJPY,2025.10.17 18:15:00,0,
2025.10.17 18:49:59,scan_executed_new_execution_bar,USDJPY,2025.10.17 18:30:00,16,
2025.10.17 18:54:59,scan_skipped_same_execution_bar,USDJPY,2025.10.17 18:30:00,0,
2025.10.17 19:04:59,scan_executed_new_execution_bar,USDJPY,2025.10.17 18:45:00,0,
2025.10.17 19:09:59,scan_skipped_same_execution_bar,USDJPY,2025.10.17 18:45:00,0,
2025.10.17 19:19:59,scan_executed_new_execution_bar,USDJPY,2025.10.17 19:00:00,0,
2025.10.17 19:25:00,scan_skipped_same_execution_bar,USDJPY,2025.10.17 19:00:00,0,
2025.10.17 19:34:59,scan_executed_new_execution_bar,USDJPY,2025.10.17 19:15:00,16,
2025.10.17 19:39:59,scan_skipped_same_execution_bar,USDJPY,2025.10.17 19:15:00,0,
2025.10.17 19:49:58,scan_executed_new_execution_bar,USDJPY,2025.10.17 19:30:00,0,
2025.10.17 19:54:59,scan_skipped_same_execution_bar,USDJPY,2025.10.17 19:30:00,0,
2025.10.17 20:04:59,scan_executed_new_execution_bar,USDJPY,2025.10.17 19:45:00,16,
2025.10.17 20:09:59,scan_skipped_same_execution_bar,USDJPY,2025.10.17 19:45:00,0,
2025.10.17 20:19:58,scan_executed_new_execution_bar,USDJPY,2025.10.17 20:00:00,0,
2025.10.17 20:24:59,scan_skipped_same_execution_bar,USDJPY,2025.10.17 20:00:00,0,
2025.10.17 20:34:59,scan_executed_new_execution_bar,USDJPY,2025.10.17 20:15:00,0,
2025.10.17 20:39:58,scan_skipped_same_execution_bar,USDJPY,2025.10.17 20:15:00,0,
2025.10.17 20:49:59,scan_executed_new_execution_bar,USDJPY,2025.10.17 20:30:00,16,
2025.10.17 20:54:59,scan_skipped_same_execution_bar,USDJPY,2025.10.17 20:30:00,0,
2025.10.17 21:04:59,scan_executed_new_execution_bar,USDJPY,2025.10.17 20:45:00,0,
2025.10.17 21:09:59,scan_skipped_same_execution_bar,USDJPY,2025.10.17 20:45:00,0,
2025.10.17 21:19:59,scan_executed_new_execution_bar,USDJPY,2025.10.17 21:00:00,0,
2025.10.17 21:24:57,scan_skipped_same_execution_bar,USDJPY,2025.10.17 21:00:00,0,
2025.10.17 21:34:59,scan_executed_new_execution_bar,USDJPY,2025.10.17 21:15:00,15,
2025.10.17 21:39:59,scan_skipped_same_execution_bar,USDJPY,2025.10.17 21:15:00,0,
2025.10.17 21:49:58,scan_executed_new_execution_bar,USDJPY,2025.10.17 21:30:00,0,
2025.10.17 21:54:59,scan_skipped_same_execution_bar,USDJPY,2025.10.17 21:30:00,0,
2025.10.17 22:04:59,scan_executed_new_execution_bar,USDJPY,2025.10.17 21:45:00,15,
2025.10.17 22:09:59,scan_skipped_same_execution_bar,USDJPY,2025.10.17 21:45:00,0,
2025.10.17 22:19:59,scan_executed_new_execution_bar,USDJPY,2025.10.17 22:00:00,0,
2025.10.17 22:24:59,scan_skipped_same_execution_bar,USDJPY,2025.10.17 22:00:00,0,
2025.10.17 22:34:58,scan_executed_new_execution_bar,USDJPY,2025.10.17 22:15:00,16,
2025.10.17 22:39:59,scan_skipped_same_execution_bar,USDJPY,2025.10.17 22:15:00,0,
2025.10.17 22:49:59,scan_executed_new_execution_bar,USDJPY,2025.10.17 22:30:00,15,
2025.10.17 22:54:59,scan_skipped_same_execution_bar,USDJPY,2025.10.17 22:30:00,0,
2025.10.17 23:04:59,scan_executed_new_execution_bar,USDJPY,2025.10.17 22:45:00,0,
2025.10.17 23:09:58,scan_skipped_same_execution_bar,USDJPY,2025.10.17 22:45:00,0,
2025.10.17 23:19:59,scan_executed_new_execution_bar,USDJPY,2025.10.17 23:00:00,16,
2025.10.17 23:24:59,scan_skipped_same_execution_bar,USDJPY,2025.10.17 23:00:00,0,
2025.10.17 23:34:58,scan_executed_new_execution_bar,USDJPY,2025.10.17 23:15:00,0,
2025.10.17 23:39:59,scan_skipped_same_execution_bar,USDJPY,2025.10.17 23:15:00,0,
2025.10.17 23:49:59,scan_executed_new_execution_bar,USDJPY,2025.10.17 23:30:00,16,
2025.10.17 23:54:58,scan_skipped_same_execution_bar,USDJPY,2025.10.17 23:30:00,0,
2025.10.20 00:04:48,scan_executed_new_execution_bar,USDJPY,2025.10.17 23:45:00,0,
2025.10.20 00:10:00,scan_skipped_same_execution_bar,USDJPY,2025.10.17 23:45:00,0,
2025.10.20 00:19:54,scan_executed_new_execution_bar,USDJPY,2025.10.20 00:00:00,0,
2025.10.20 00:24:58,scan_skipped_same_execution_bar,USDJPY,2025.10.20 00:00:00,0,
2025.10.20 00:34:59,scan_executed_new_execution_bar,USDJPY,2025.10.20 00:15:00,0,
2025.10.20 00:39:59,scan_skipped_same_execution_bar,USDJPY,2025.10.20 00:15:00,0,
2025.10.20 00:49:57,scan_executed_new_execution_bar,USDJPY,2025.10.20 00:30:00,0,
2025.10.20 00:54:59,scan_skipped_same_execution_bar,USDJPY,2025.10.20 00:30:00,0,
2025.10.20 01:04:58,scan_executed_new_execution_bar,USDJPY,2025.10.20 00:45:00,0,
2025.10.20 01:09:59,scan_skipped_same_execution_bar,USDJPY,2025.10.20 00:45:00,0,
2025.10.20 01:19:59,scan_executed_new_execution_bar,USDJPY,2025.10.20 01:00:00,0,
2025.10.20 01:24:59,scan_skipped_same_execution_bar,USDJPY,2025.10.20 01:00:00,0,
2025.10.20 01:34:59,scan_executed_new_execution_bar,USDJPY,2025.10.20 01:15:00,15,
2025.10.20 01:39:58,scan_skipped_same_execution_bar,USDJPY,2025.10.20 01:15:00,0,
2025.10.20 01:49:58,scan_executed_new_execution_bar,USDJPY,2025.10.20 01:30:00,0,
2025.10.20 01:54:58,scan_skipped_same_execution_bar,USDJPY,2025.10.20 01:30:00,0,
2025.10.20 02:04:58,scan_executed_new_execution_bar,USDJPY,2025.10.20 01:45:00,0,
2025.10.20 02:09:59,scan_skipped_same_execution_bar,USDJPY,2025.10.20 01:45:00,0,
2025.10.20 02:19:59,scan_executed_new_execution_bar,USDJPY,2025.10.20 02:00:00,0,
2025.10.20 02:24:57,scan_skipped_same_execution_bar,USDJPY,2025.10.20 02:00:00,0,
2025.10.20 02:34:59,scan_executed_new_execution_bar,USDJPY,2025.10.20 02:15:00,0,
2025.10.20 02:39:58,scan_skipped_same_execution_bar,USDJPY,2025.10.20 02:15:00,0,
2025.10.20 02:49:59,scan_executed_new_execution_bar,USDJPY,2025.10.20 02:30:00,0,
2025.10.20 02:54:56,scan_skipped_same_execution_bar,USDJPY,2025.10.20 02:30:00,0,
2025.10.20 03:04:59,scan_executed_new_execution_bar,USDJPY,2025.10.20 02:45:00,0,
2025.10.20 03:09:59,scan_skipped_same_execution_bar,USDJPY,2025.10.20 02:45:00,0,
2025.10.20 03:19:59,scan_executed_new_execution_bar,USDJPY,2025.10.20 03:00:00,0,
2025.10.20 03:24:59,scan_skipped_same_execution_bar,USDJPY,2025.10.20 03:00:00,0,
2025.10.20 03:34:59,scan_executed_new_execution_bar,USDJPY,2025.10.20 03:15:00,0,
2025.10.20 03:39:59,scan_skipped_same_execution_bar,USDJPY,2025.10.20 03:15:00,0,
2025.10.20 03:49:59,scan_executed_new_execution_bar,USDJPY,2025.10.20 03:30:00,0,
2025.10.20 03:54:59,scan_skipped_same_execution_bar,USDJPY,2025.10.20 03:30:00,0,
2025.10.20 04:04:59,scan_executed_new_execution_bar,USDJPY,2025.10.20 03:45:00,0,
2025.10.20 04:09:59,scan_skipped_same_execution_bar,USDJPY,2025.10.20 03:45:00,0,
2025.10.20 04:19:59,scan_executed_new_execution_bar,USDJPY,2025.10.20 04:00:00,0,
2025.10.20 04:24:59,scan_skipped_same_execution_bar,USDJPY,2025.10.20 04:00:00,0,
2025.10.20 04:34:59,scan_executed_new_execution_bar,USDJPY,2025.10.20 04:15:00,16,
2025.10.20 04:39:59,scan_skipped_same_execution_bar,USDJPY,2025.10.20 04:15:00,0,
2025.10.20 04:49:59,scan_executed_new_execution_bar,USDJPY,2025.10.20 04:30:00,15,
2025.10.20 04:54:59,scan_skipped_same_execution_bar,USDJPY,2025.10.20 04:30:00,0,
2025.10.20 05:04:59,scan_executed_new_execution_bar,USDJPY,2025.10.20 04:45:00,0,
2025.10.20 05:09:59,scan_skipped_same_execution_bar,USDJPY,2025.10.20 04:45:00,0,
2025.10.20 05:19:59,scan_executed_new_execution_bar,USDJPY,2025.10.20 05:00:00,0,
2025.10.20 05:24:59,scan_skipped_same_execution_bar,USDJPY,2025.10.20 05:00:00,0,
2025.10.20 05:34:59,scan_executed_new_execution_bar,USDJPY,2025.10.20 05:15:00,0,
2025.10.20 05:39:59,scan_skipped_same_execution_bar,USDJPY,2025.10.20 05:15:00,0,
2025.10.20 05:49:59,scan_executed_new_execution_bar,USDJPY,2025.10.20 05:30:00,0,
2025.10.20 05:54:59,scan_skipped_same_execution_bar,USDJPY,2025.10.20 05:30:00,0,
2025.10.20 06:04:59,scan_executed_new_execution_bar,USDJPY,2025.10.20 05:45:00,0,
2025.10.20 06:09:58,scan_skipped_same_execution_bar,USDJPY,2025.10.20 05:45:00,0,
2025.10.20 06:19:59,scan_executed_new_execution_bar,USDJPY,2025.10.20 06:00:00,0,
2025.10.20 06:24:59,scan_skipped_same_execution_bar,USDJPY,2025.10.20 06:00:00,0,
2025.10.20 06:35:00,scan_executed_new_execution_bar,USDJPY,2025.10.20 06:15:00,0,
2025.10.20 06:39:59,scan_skipped_same_execution_bar,USDJPY,2025.10.20 06:15:00,0,
2025.10.20 06:49:59,scan_executed_new_execution_bar,USDJPY,2025.10.20 06:30:00,0,
2025.10.20 06:54:59,scan_skipped_same_execution_bar,USDJPY,2025.10.20 06:30:00,0,
2025.10.20 07:04:59,scan_executed_new_execution_bar,USDJPY,2025.10.20 06:45:00,0,
2025.10.20 07:10:00,scan_skipped_same_execution_bar,USDJPY,2025.10.20 06:45:00,0,
2025.10.20 07:19:59,scan_executed_new_execution_bar,USDJPY,2025.10.20 07:00:00,0,
2025.10.20 07:24:59,scan_skipped_same_execution_bar,USDJPY,2025.10.20 07:00:00,0,
2025.10.20 07:34:59,scan_executed_new_execution_bar,USDJPY,2025.10.20 07:15:00,0,
2025.10.20 07:39:59,scan_skipped_same_execution_bar,USDJPY,2025.10.20 07:15:00,0,
2025.10.20 07:49:54,scan_executed_new_execution_bar,USDJPY,2025.10.20 07:30:00,0,
2025.10.20 07:54:59,scan_skipped_same_execution_bar,USDJPY,2025.10.20 07:30:00,0,
2025.10.20 08:04:59,scan_executed_new_execution_bar,USDJPY,2025.10.20 07:45:00,15,
2025.10.20 08:09:59,scan_skipped_same_execution_bar,USDJPY,2025.10.20 07:45:00,0,
2025.10.20 08:19:59,scan_executed_new_execution_bar,USDJPY,2025.10.20 08:00:00,0,
2025.10.20 08:24:59,scan_skipped_same_execution_bar,USDJPY,2025.10.20 08:00:00,0,
2025.10.20 08:34:59,scan_executed_new_execution_bar,USDJPY,2025.10.20 08:15:00,0,
2025.10.20 08:39:58,scan_skipped_same_execution_bar,USDJPY,2025.10.20 08:15:00,0,
2025.10.20 08:49:59,scan_executed_new_execution_bar,USDJPY,2025.10.20 08:30:00,0,
2025.10.20 08:54:59,scan_skipped_same_execution_bar,USDJPY,2025.10.20 08:30:00,0,
2025.10.20 09:04:59,scan_executed_new_execution_bar,USDJPY,2025.10.20 08:45:00,0,
2025.10.20 09:09:59,scan_skipped_same_execution_bar,USDJPY,2025.10.20 08:45:00,0,
2025.10.20 09:19:59,scan_executed_new_execution_bar,USDJPY,2025.10.20 09:00:00,0,
2025.10.20 09:24:59,scan_skipped_same_execution_bar,USDJPY,2025.10.20 09:00:00,0,
2025.10.20 09:34:59,scan_executed_new_execution_bar,USDJPY,2025.10.20 09:15:00,0,
2025.10.20 09:39:59,scan_skipped_same_execution_bar,USDJPY,2025.10.20 09:15:00,0,
2025.10.20 09:49:59,scan_executed_new_execution_bar,USDJPY,2025.10.20 09:30:00,0,
2025.10.20 09:54:59,scan_skipped_same_execution_bar,USDJPY,2025.10.20 09:30:00,0,
2025.10.20 10:05:00,scan_executed_new_execution_bar,USDJPY,2025.10.20 09:45:00,0,
2025.10.20 10:09:59,scan_skipped_same_execution_bar,USDJPY,2025.10.20 09:45:00,0,
2025.10.20 10:19:59,scan_executed_new_execution_bar,USDJPY,2025.10.20 10:00:00,0,
2025.10.20 10:24:59,scan_skipped_same_execution_bar,USDJPY,2025.10.20 10:00:00,0,
2025.10.20 10:34:59,scan_executed_new_execution_bar,USDJPY,2025.10.20 10:15:00,0,
2025.10.20 10:39:59,scan_skipped_same_execution_bar,USDJPY,2025.10.20 10:15:00,0,
2025.10.20 10:49:58,scan_executed_new_execution_bar,USDJPY,2025.10.20 10:30:00,0,
2025.10.20 10:54:59,scan_skipped_same_execution_bar,USDJPY,2025.10.20 10:30:00,0,
2025.10.20 11:04:59,scan_executed_new_execution_bar,USDJPY,2025.10.20 10:45:00,0,
2025.10.20 11:09:59,scan_skipped_same_execution_bar,USDJPY,2025.10.20 10:45:00,0,
2025.10.20 11:19:58,scan_executed_new_execution_bar,USDJPY,2025.10.20 11:00:00,0,
2025.10.20 11:24:59,scan_skipped_same_execution_bar,USDJPY,2025.10.20 11:00:00,0,
2025.10.20 11:34:59,scan_executed_new_execution_bar,USDJPY,2025.10.20 11:15:00,0,
2025.10.20 11:39:59,scan_skipped_same_execution_bar,USDJPY,2025.10.20 11:15:00,0,
2025.10.20 11:49:59,scan_executed_new_execution_bar,USDJPY,2025.10.20 11:30:00,0,
2025.10.20 11:54:59,scan_skipped_same_execution_bar,USDJPY,2025.10.20 11:30:00,0,
2025.10.20 12:04:59,scan_executed_new_execution_bar,USDJPY,2025.10.20 11:45:00,0,
2025.10.20 12:09:59,scan_skipped_same_execution_bar,USDJPY,2025.10.20 11:45:00,0,
2025.10.20 12:19:59,scan_executed_new_execution_bar,USDJPY,2025.10.20 12:00:00,0,
2025.10.20 12:24:58,scan_skipped_same_execution_bar,USDJPY,2025.10.20 12:00:00,0,
2025.10.20 12:34:59,scan_executed_new_execution_bar,USDJPY,2025.10.20 12:15:00,0,
2025.10.20 12:39:59,scan_skipped_same_execution_bar,USDJPY,2025.10.20 12:15:00,0,
2025.10.20 12:49:59,scan_executed_new_execution_bar,USDJPY,2025.10.20 12:30:00,31,
2025.10.20 12:54:59,scan_skipped_same_execution_bar,USDJPY,2025.10.20 12:30:00,0,
2025.10.20 13:04:59,scan_executed_new_execution_bar,USDJPY,2025.10.20 12:45:00,15,
2025.10.20 13:09:59,scan_skipped_same_execution_bar,USDJPY,2025.10.20 12:45:00,0,
2025.10.20 13:19:59,scan_executed_new_execution_bar,USDJPY,2025.10.20 13:00:00,0,
2025.10.20 13:24:59,scan_skipped_same_execution_bar,USDJPY,2025.10.20 13:00:00,0,
2025.10.20 13:34:59,scan_executed_new_execution_bar,USDJPY,2025.10.20 13:15:00,0,
2025.10.20 13:39:59,scan_skipped_same_execution_bar,USDJPY,2025.10.20 13:15:00,0,
2025.10.20 13:49:59,scan_executed_new_execution_bar,USDJPY,2025.10.20 13:30:00,0,
2025.10.20 13:54:59,scan_skipped_same_execution_bar,USDJPY,2025.10.20 13:30:00,0,
2025.10.20 14:04:59,scan_executed_new_execution_bar,USDJPY,2025.10.20 13:45:00,0,
2025.10.20 14:09:59,scan_skipped_same_execution_bar,USDJPY,2025.10.20 13:45:00,0,
2025.10.20 14:19:59,scan_executed_new_execution_bar,USDJPY,2025.10.20 14:00:00,15,
2025.10.20 14:24:59,scan_skipped_same_execution_bar,USDJPY,2025.10.20 14:00:00,0,
2025.10.20 14:34:59,scan_executed_new_execution_bar,USDJPY,2025.10.20 14:15:00,0,
2025.10.20 14:39:59,scan_skipped_same_execution_bar,USDJPY,2025.10.20 14:15:00,0,
2025.10.20 14:49:59,scan_executed_new_execution_bar,USDJPY,2025.10.20 14:30:00,0,
2025.10.20 14:54:59,scan_skipped_same_execution_bar,USDJPY,2025.10.20 14:30:00,0,
2025.10.20 15:05:00,scan_executed_new_execution_bar,USDJPY,2025.10.20 14:45:00,31,
2025.10.20 15:09:59,scan_skipped_same_execution_bar,USDJPY,2025.10.20 14:45:00,0,
2025.10.20 15:19:59,scan_executed_new_execution_bar,USDJPY,2025.10.20 15:00:00,15,
2025.10.20 15:24:59,scan_skipped_same_execution_bar,USDJPY,2025.10.20 15:00:00,0,
2025.10.20 15:34:59,scan_executed_new_execution_bar,USDJPY,2025.10.20 15:15:00,16,
2025.10.20 15:39:58,scan_skipped_same_execution_bar,USDJPY,2025.10.20 15:15:00,0,
2025.10.20 15:49:59,scan_executed_new_execution_bar,USDJPY,2025.10.20 15:30:00,16,
2025.10.20 15:54:59,scan_skipped_same_execution_bar,USDJPY,2025.10.20 15:30:00,0,
2025.10.20 16:04:59,scan_executed_new_execution_bar,USDJPY,2025.10.20 15:45:00,0,
2025.10.20 16:09:59,scan_skipped_same_execution_bar,USDJPY,2025.10.20 15:45:00,0,
2025.10.20 16:19:59,scan_executed_new_execution_bar,USDJPY,2025.10.20 16:00:00,0,
2025.10.20 16:24:59,scan_skipped_same_execution_bar,USDJPY,2025.10.20 16:00:00,0,
2025.10.20 16:34:59,scan_executed_new_execution_bar,USDJPY,2025.10.20 16:15:00,0,
2025.10.20 16:39:59,scan_skipped_same_execution_bar,USDJPY,2025.10.20 16:15:00,0,
2025.10.20 16:49:59,scan_executed_new_execution_bar,USDJPY,2025.10.20 16:30:00,0,
2025.10.20 16:54:59,scan_skipped_same_execution_bar,USDJPY,2025.10.20 16:30:00,0,
2025.10.20 17:04:59,scan_executed_new_execution_bar,USDJPY,2025.10.20 16:45:00,0,
2025.10.20 17:09:59,scan_skipped_same_execution_bar,USDJPY,2025.10.20 16:45:00,0,
2025.10.20 17:19:59,scan_executed_new_execution_bar,USDJPY,2025.10.20 17:00:00,0,
2025.10.20 17:24:59,scan_skipped_same_execution_bar,USDJPY,2025.10.20 17:00:00,0,
2025.10.20 17:34:59,scan_executed_new_execution_bar,USDJPY,2025.10.20 17:15:00,0,
2025.10.20 17:39:59,scan_skipped_same_execution_bar,USDJPY,2025.10.20 17:15:00,0,
2025.10.20 17:49:59,scan_executed_new_execution_bar,USDJPY,2025.10.20 17:30:00,0,
2025.10.20 17:54:59,scan_skipped_same_execution_bar,USDJPY,2025.10.20 17:30:00,0,
2025.10.20 18:04:59,scan_executed_new_execution_bar,USDJPY,2025.10.20 17:45:00,0,
2025.10.20 18:09:59,scan_skipped_same_execution_bar,USDJPY,2025.10.20 17:45:00,0,
2025.10.20 18:19:59,scan_executed_new_execution_bar,USDJPY,2025.10.20 18:00:00,0,
2025.10.20 18:24:59,scan_skipped_same_execution_bar,USDJPY,2025.10.20 18:00:00,0,
2025.10.20 18:34:59,scan_executed_new_execution_bar,USDJPY,2025.10.20 18:15:00,0,
2025.10.20 18:39:59,scan_skipped_same_execution_bar,USDJPY,2025.10.20 18:15:00,0,
2025.10.20 18:49:59,scan_executed_new_execution_bar,USDJPY,2025.10.20 18:30:00,0,
2025.10.20 18:54:59,scan_skipped_same_execution_bar,USDJPY,2025.10.20 18:30:00,0,
2025.10.20 19:04:59,scan_executed_new_execution_bar,USDJPY,2025.10.20 18:45:00,0,
2025.10.20 19:09:59,scan_skipped_same_execution_bar,USDJPY,2025.10.20 18:45:00,0,
2025.10.20 19:19:59,scan_executed_new_execution_bar,USDJPY,2025.10.20 19:00:00,0,
2025.10.20 19:24:59,scan_skipped_same_execution_bar,USDJPY,2025.10.20 19:00:00,0,
2025.10.20 19:34:59,scan_executed_new_execution_bar,USDJPY,2025.10.20 19:15:00,0,
2025.10.20 19:39:58,scan_skipped_same_execution_bar,USDJPY,2025.10.20 19:15:00,0,
2025.10.20 19:49:59,scan_executed_new_execution_bar,USDJPY,2025.10.20 19:30:00,0,
2025.10.20 19:54:59,scan_skipped_same_execution_bar,USDJPY,2025.10.20 19:30:00,0,
2025.10.20 20:04:59,scan_executed_new_execution_bar,USDJPY,2025.10.20 19:45:00,0,
2025.10.20 20:09:59,scan_skipped_same_execution_bar,USDJPY,2025.10.20 19:45:00,0,
2025.10.20 20:19:58,scan_executed_new_execution_bar,USDJPY,2025.10.20 20:00:00,0,
2025.10.20 20:24:59,scan_skipped_same_execution_bar,USDJPY,2025.10.20 20:00:00,0,
2025.10.20 20:34:59,scan_executed_new_execution_bar,USDJPY,2025.10.20 20:15:00,0,
2025.10.20 20:39:59,scan_skipped_same_execution_bar,USDJPY,2025.10.20 20:15:00,0,
2025.10.20 20:49:59,scan_executed_new_execution_bar,USDJPY,2025.10.20 20:30:00,0,
2025.10.20 20:54:59,scan_skipped_same_execution_bar,USDJPY,2025.10.20 20:30:00,0,
2025.10.20 21:04:58,scan_executed_new_execution_bar,USDJPY,2025.10.20 20:45:00,0,
2025.10.20 21:09:59,scan_skipped_same_execution_bar,USDJPY,2025.10.20 20:45:00,0,
2025.10.20 21:19:59,scan_executed_new_execution_bar,USDJPY,2025.10.20 21:00:00,0,
2025.10.20 21:24:55,scan_skipped_same_execution_bar,USDJPY,2025.10.20 21:00:00,0,
2025.10.20 21:35:00,scan_executed_new_execution_bar,USDJPY,2025.10.20 21:15:00,16,
2025.10.20 21:39:59,scan_skipped_same_execution_bar,USDJPY,2025.10.20 21:15:00,0,
2025.10.20 21:49:59,scan_executed_new_execution_bar,USDJPY,2025.10.20 21:30:00,0,
2025.10.20 21:54:59,scan_skipped_same_execution_bar,USDJPY,2025.10.20 21:30:00,0,
2025.10.20 22:04:59,scan_executed_new_execution_bar,USDJPY,2025.10.20 21:45:00,0,
2025.10.20 22:09:59,scan_skipped_same_execution_bar,USDJPY,2025.10.20 21:45:00,0,
2025.10.20 22:19:59,scan_executed_new_execution_bar,USDJPY,2025.10.20 22:00:00,0,
2025.10.20 22:24:58,scan_skipped_same_execution_bar,USDJPY,2025.10.20 22:00:00,0,
2025.10.20 22:34:58,scan_executed_new_execution_bar,USDJPY,2025.10.20 22:15:00,0,
2025.10.20 22:40:00,scan_skipped_same_execution_bar,USDJPY,2025.10.20 22:15:00,0,
2025.10.20 22:49:59,scan_executed_new_execution_bar,USDJPY,2025.10.20 22:30:00,0,
2025.10.20 22:54:59,scan_skipped_same_execution_bar,USDJPY,2025.10.20 22:30:00,0,
2025.10.20 23:04:59,scan_executed_new_execution_bar,USDJPY,2025.10.20 22:45:00,0,
2025.10.20 23:09:59,scan_skipped_same_execution_bar,USDJPY,2025.10.20 22:45:00,0,
2025.10.20 23:19:59,scan_executed_new_execution_bar,USDJPY,2025.10.20 23:00:00,0,
2025.10.20 23:24:59,scan_skipped_same_execution_bar,USDJPY,2025.10.20 23:00:00,0,
2025.10.20 23:34:58,scan_executed_new_execution_bar,USDJPY,2025.10.20 23:15:00,0,
2025.10.20 23:39:54,scan_skipped_same_execution_bar,USDJPY,2025.10.20 23:15:00,0,
2025.10.20 23:49:59,scan_executed_new_execution_bar,USDJPY,2025.10.20 23:30:00,0,
2025.10.20 23:54:59,scan_skipped_same_execution_bar,USDJPY,2025.10.20 23:30:00,0,
2025.10.21 00:04:44,scan_executed_new_execution_bar,USDJPY,2025.10.20 23:45:00,0,
2025.10.21 00:09:44,scan_skipped_same_execution_bar,USDJPY,2025.10.20 23:45:00,0,
2025.10.21 00:19:58,scan_executed_new_execution_bar,USDJPY,2025.10.21 00:00:00,0,
2025.10.21 00:24:59,scan_skipped_same_execution_bar,USDJPY,2025.10.21 00:00:00,0,
2025.10.21 00:34:59,scan_executed_new_execution_bar,USDJPY,2025.10.21 00:15:00,0,
2025.10.21 00:39:59,scan_skipped_same_execution_bar,USDJPY,2025.10.21 00:15:00,0,
2025.10.21 00:49:59,scan_executed_new_execution_bar,USDJPY,2025.10.21 00:30:00,0,
2025.10.21 00:54:59,scan_skipped_same_execution_bar,USDJPY,2025.10.21 00:30:00,0,
2025.10.21 01:04:59,scan_executed_new_execution_bar,USDJPY,2025.10.21 00:45:00,0,
2025.10.21 01:09:57,scan_skipped_same_execution_bar,USDJPY,2025.10.21 00:45:00,0,
2025.10.21 01:19:59,scan_executed_new_execution_bar,USDJPY,2025.10.21 01:00:00,0,
2025.10.21 01:24:54,scan_skipped_same_execution_bar,USDJPY,2025.10.21 01:00:00,0,
2025.10.21 01:34:59,scan_executed_new_execution_bar,USDJPY,2025.10.21 01:15:00,0,
2025.10.21 01:39:53,scan_skipped_same_execution_bar,USDJPY,2025.10.21 01:15:00,0,
2025.10.21 01:49:59,scan_executed_new_execution_bar,USDJPY,2025.10.21 01:30:00,16,
2025.10.21 01:54:58,scan_skipped_same_execution_bar,USDJPY,2025.10.21 01:30:00,0,
2025.10.21 02:04:59,scan_executed_new_execution_bar,USDJPY,2025.10.21 01:45:00,0,
2025.10.21 02:09:59,scan_skipped_same_execution_bar,USDJPY,2025.10.21 01:45:00,0,
2025.10.21 02:19:59,scan_executed_new_execution_bar,USDJPY,2025.10.21 02:00:00,0,
2025.10.21 02:24:58,scan_skipped_same_execution_bar,USDJPY,2025.10.21 02:00:00,0,
2025.10.21 02:34:59,scan_executed_new_execution_bar,USDJPY,2025.10.21 02:15:00,0,
2025.10.21 02:39:59,scan_skipped_same_execution_bar,USDJPY,2025.10.21 02:15:00,0,
2025.10.21 02:49:59,scan_executed_new_execution_bar,USDJPY,2025.10.21 02:30:00,0,
2025.10.21 02:54:59,scan_skipped_same_execution_bar,USDJPY,2025.10.21 02:30:00,0,
2025.10.21 03:04:59,scan_executed_new_execution_bar,USDJPY,2025.10.21 02:45:00,0,
2025.10.21 03:09:59,scan_skipped_same_execution_bar,USDJPY,2025.10.21 02:45:00,0,
2025.10.21 03:19:59,scan_executed_new_execution_bar,USDJPY,2025.10.21 03:00:00,0,
2025.10.21 03:24:59,scan_skipped_same_execution_bar,USDJPY,2025.10.21 03:00:00,0,
2025.10.21 03:34:56,scan_executed_new_execution_bar,USDJPY,2025.10.21 03:15:00,0,
2025.10.21 03:39:58,scan_skipped_same_execution_bar,USDJPY,2025.10.21 03:15:00,0,
2025.10.21 03:49:59,scan_executed_new_execution_bar,USDJPY,2025.10.21 03:30:00,0,
2025.10.21 03:54:59,scan_skipped_same_execution_bar,USDJPY,2025.10.21 03:30:00,0,
2025.10.21 04:04:59,scan_executed_new_execution_bar,USDJPY,2025.10.21 03:45:00,31,
2025.10.21 04:09:59,scan_skipped_same_execution_bar,USDJPY,2025.10.21 03:45:00,0,
2025.10.21 04:19:59,scan_executed_new_execution_bar,USDJPY,2025.10.21 04:00:00,16,
2025.10.21 04:24:59,scan_skipped_same_execution_bar,USDJPY,2025.10.21 04:00:00,0,
2025.10.21 04:34:59,scan_executed_new_execution_bar,USDJPY,2025.10.21 04:15:00,15,
2025.10.21 04:39:59,scan_skipped_same_execution_bar,USDJPY,2025.10.21 04:15:00,0,
2025.10.21 04:49:59,scan_executed_new_execution_bar,USDJPY,2025.10.21 04:30:00,0,
2025.10.21 04:54:59,scan_skipped_same_execution_bar,USDJPY,2025.10.21 04:30:00,0,
2025.10.21 05:04:59,scan_executed_new_execution_bar,USDJPY,2025.10.21 04:45:00,0,
2025.10.21 05:09:59,scan_skipped_same_execution_bar,USDJPY,2025.10.21 04:45:00,0,
2025.10.21 05:19:59,scan_executed_new_execution_bar,USDJPY,2025.10.21 05:00:00,0,
2025.10.21 05:24:59,scan_skipped_same_execution_bar,USDJPY,2025.10.21 05:00:00,0,
2025.10.21 05:34:59,scan_executed_new_execution_bar,USDJPY,2025.10.21 05:15:00,0,
2025.10.21 05:39:59,scan_skipped_same_execution_bar,USDJPY,2025.10.21 05:15:00,0,
2025.10.21 05:49:59,scan_executed_new_execution_bar,USDJPY,2025.10.21 05:30:00,16,
2025.10.21 05:54:59,scan_skipped_same_execution_bar,USDJPY,2025.10.21 05:30:00,0,
2025.10.21 06:04:59,scan_executed_new_execution_bar,USDJPY,2025.10.21 05:45:00,0,
2025.10.21 06:09:58,scan_skipped_same_execution_bar,USDJPY,2025.10.21 05:45:00,0,
2025.10.21 06:20:00,scan_executed_new_execution_bar,USDJPY,2025.10.21 06:00:00,15,
2025.10.21 06:24:59,scan_skipped_same_execution_bar,USDJPY,2025.10.21 06:00:00,0,
2025.10.21 06:34:58,scan_executed_new_execution_bar,USDJPY,2025.10.21 06:15:00,0,
2025.10.21 06:39:59,scan_skipped_same_execution_bar,USDJPY,2025.10.21 06:15:00,0,
2025.10.21 06:49:59,scan_executed_new_execution_bar,USDJPY,2025.10.21 06:30:00,15,
2025.10.21 06:54:59,scan_skipped_same_execution_bar,USDJPY,2025.10.21 06:30:00,0,
2025.10.21 07:00:00,scan_executed_new_execution_bar,USDJPY,2025.10.21 06:45:00,31,
2025.10.21 07:04:59,scan_skipped_same_execution_bar,USDJPY,2025.10.21 06:45:00,0,
2025.10.21 07:19:59,scan_executed_new_execution_bar,USDJPY,2025.10.21 07:00:00,0,
2025.10.21 07:24:59,scan_skipped_same_execution_bar,USDJPY,2025.10.21 07:00:00,0,
2025.10.21 07:34:59,scan_executed_new_execution_bar,USDJPY,2025.10.21 07:15:00,0,
2025.10.21 07:39:58,scan_skipped_same_execution_bar,USDJPY,2025.10.21 07:15:00,0,
2025.10.21 07:49:59,scan_executed_new_execution_bar,USDJPY,2025.10.21 07:30:00,0,
2025.10.21 07:54:59,scan_skipped_same_execution_bar,USDJPY,2025.10.21 07:30:00,0,
2025.10.21 08:04:59,scan_executed_new_execution_bar,USDJPY,2025.10.21 07:45:00,47,
2025.10.21 08:09:59,scan_skipped_same_execution_bar,USDJPY,2025.10.21 07:45:00,0,
2025.10.21 08:19:59,scan_executed_new_execution_bar,USDJPY,2025.10.21 08:00:00,0,
2025.10.21 08:24:59,scan_skipped_same_execution_bar,USDJPY,2025.10.21 08:00:00,0,
2025.10.21 08:34:59,scan_executed_new_execution_bar,USDJPY,2025.10.21 08:15:00,0,
2025.10.21 08:39:59,scan_skipped_same_execution_bar,USDJPY,2025.10.21 08:15:00,0,
2025.10.21 08:49:58,scan_executed_new_execution_bar,USDJPY,2025.10.21 08:30:00,0,
2025.10.21 08:54:59,scan_skipped_same_execution_bar,USDJPY,2025.10.21 08:30:00,0,
2025.10.21 09:04:59,scan_executed_new_execution_bar,USDJPY,2025.10.21 08:45:00,0,
2025.10.21 09:09:59,scan_skipped_same_execution_bar,USDJPY,2025.10.21 08:45:00,0,
2025.10.21 09:19:59,scan_executed_new_execution_bar,USDJPY,2025.10.21 09:00:00,0,
2025.10.21 09:24:59,scan_skipped_same_execution_bar,USDJPY,2025.10.21 09:00:00,0,
2025.10.21 09:34:59,scan_executed_new_execution_bar,USDJPY,2025.10.21 09:15:00,0,
2025.10.21 09:39:59,scan_skipped_same_execution_bar,USDJPY,2025.10.21 09:15:00,0,
2025.10.21 09:49:59,scan_executed_new_execution_bar,USDJPY,2025.10.21 09:30:00,47,
2025.10.21 09:54:59,scan_skipped_same_execution_bar,USDJPY,2025.10.21 09:30:00,0,
2025.10.21 10:04:59,scan_executed_new_execution_bar,USDJPY,2025.10.21 09:45:00,0,
2025.10.21 10:09:59,scan_skipped_same_execution_bar,USDJPY,2025.10.21 09:45:00,0,
2025.10.21 10:19:58,scan_executed_new_execution_bar,USDJPY,2025.10.21 10:00:00,0,
2025.10.21 10:24:59,scan_skipped_same_execution_bar,USDJPY,2025.10.21 10:00:00,0,
2025.10.21 10:34:59,scan_executed_new_execution_bar,USDJPY,2025.10.21 10:15:00,15,
2025.10.21 10:39:59,scan_skipped_same_execution_bar,USDJPY,2025.10.21 10:15:00,0,
2025.10.21 10:49:59,scan_executed_new_execution_bar,USDJPY,2025.10.21 10:30:00,0,
2025.10.21 10:54:59,scan_skipped_same_execution_bar,USDJPY,2025.10.21 10:30:00,0,
2025.10.21 11:04:59,scan_executed_new_execution_bar,USDJPY,2025.10.21 10:45:00,47,
2025.10.21 11:09:59,scan_skipped_same_execution_bar,USDJPY,2025.10.21 10:45:00,0,
2025.10.21 11:19:59,scan_executed_new_execution_bar,USDJPY,2025.10.21 11:00:00,31,
2025.10.21 11:24:59,scan_skipped_same_execution_bar,USDJPY,2025.10.21 11:00:00,0,
2025.10.21 11:34:57,scan_executed_new_execution_bar,USDJPY,2025.10.21 11:15:00,0,
2025.10.21 11:39:59,scan_skipped_same_execution_bar,USDJPY,2025.10.21 11:15:00,0,
2025.10.21 11:49:59,scan_executed_new_execution_bar,USDJPY,2025.10.21 11:30:00,0,
2025.10.21 11:54:59,scan_skipped_same_execution_bar,USDJPY,2025.10.21 11:30:00,0,
2025.10.21 12:04:59,scan_executed_new_execution_bar,USDJPY,2025.10.21 11:45:00,0,
2025.10.21 12:09:59,scan_skipped_same_execution_bar,USDJPY,2025.10.21 11:45:00,0,
2025.10.21 12:19:59,scan_executed_new_execution_bar,USDJPY,2025.10.21 12:00:00,0,
2025.10.21 12:24:59,scan_skipped_same_execution_bar,USDJPY,2025.10.21 12:00:00,0,
2025.10.21 12:34:59,scan_executed_new_execution_bar,USDJPY,2025.10.21 12:15:00,0,
2025.10.21 12:39:59,scan_skipped_same_execution_bar,USDJPY,2025.10.21 12:15:00,0,
2025.10.21 12:49:59,scan_executed_new_execution_bar,USDJPY,2025.10.21 12:30:00,0,
2025.10.21 12:54:59,scan_skipped_same_execution_bar,USDJPY,2025.10.21 12:30:00,0,
2025.10.21 13:04:59,scan_executed_new_execution_bar,USDJPY,2025.10.21 12:45:00,0,
2025.10.21 13:09:59,scan_skipped_same_execution_bar,USDJPY,2025.10.21 12:45:00,0,
2025.10.21 13:19:59,scan_executed_new_execution_bar,USDJPY,2025.10.21 13:00:00,0,
2025.10.21 13:24:58,scan_skipped_same_execution_bar,USDJPY,2025.10.21 13:00:00,0,
2025.10.21 13:34:59,scan_executed_new_execution_bar,USDJPY,2025.10.21 13:15:00,0,
2025.10.21 13:39:59,scan_skipped_same_execution_bar,USDJPY,2025.10.21 13:15:00,0,
2025.10.21 13:49:59,scan_executed_new_execution_bar,USDJPY,2025.10.21 13:30:00,0,
2025.10.21 13:55:00,scan_skipped_same_execution_bar,USDJPY,2025.10.21 13:30:00,0,
2025.10.21 14:04:59,scan_executed_new_execution_bar,USDJPY,2025.10.21 13:45:00,16,
2025.10.21 14:09:59,scan_skipped_same_execution_bar,USDJPY,2025.10.21 13:45:00,0,
2025.10.21 14:19:59,scan_executed_new_execution_bar,USDJPY,2025.10.21 14:00:00,0,
2025.10.21 14:24:59,scan_skipped_same_execution_bar,USDJPY,2025.10.21 14:00:00,0,
2025.10.21 14:34:59,scan_executed_new_execution_bar,USDJPY,2025.10.21 14:15:00,0,
2025.10.21 14:39:59,scan_skipped_same_execution_bar,USDJPY,2025.10.21 14:15:00,0,
2025.10.21 14:49:59,scan_executed_new_execution_bar,USDJPY,2025.10.21 14:30:00,15,
2025.10.21 14:54:59,scan_skipped_same_execution_bar,USDJPY,2025.10.21 14:30:00,0,
2025.10.21 15:04:59,scan_executed_new_execution_bar,USDJPY,2025.10.21 14:45:00,16,
2025.10.21 15:09:59,scan_skipped_same_execution_bar,USDJPY,2025.10.21 14:45:00,0,
2025.10.21 15:19:59,scan_executed_new_execution_bar,USDJPY,2025.10.21 15:00:00,0,
2025.10.21 15:24:59,scan_skipped_same_execution_bar,USDJPY,2025.10.21 15:00:00,0,
2025.10.21 15:34:59,scan_executed_new_execution_bar,USDJPY,2025.10.21 15:15:00,0,
2025.10.21 15:39:59,scan_skipped_same_execution_bar,USDJPY,2025.10.21 15:15:00,0,
2025.10.21 15:49:59,scan_executed_new_execution_bar,USDJPY,2025.10.21 15:30:00,0,
2025.10.21 15:54:59,scan_skipped_same_execution_bar,USDJPY,2025.10.21 15:30:00,0,
2025.10.21 16:04:59,scan_executed_new_execution_bar,USDJPY,2025.10.21 15:45:00,47,
2025.10.21 16:09:59,scan_skipped_same_execution_bar,USDJPY,2025.10.21 15:45:00,0,
2025.10.21 16:19:59,scan_executed_new_execution_bar,USDJPY,2025.10.21 16:00:00,16,
2025.10.21 16:25:00,scan_skipped_same_execution_bar,USDJPY,2025.10.21 16:00:00,0,
2025.10.21 16:34:59,scan_executed_new_execution_bar,USDJPY,2025.10.21 16:15:00,0,
2025.10.21 16:39:59,scan_skipped_same_execution_bar,USDJPY,2025.10.21 16:15:00,0,
2025.10.21 16:49:59,scan_executed_new_execution_bar,USDJPY,2025.10.21 16:30:00,0,
2025.10.21 16:54:59,scan_skipped_same_execution_bar,USDJPY,2025.10.21 16:30:00,0,
2025.10.21 17:04:59,scan_executed_new_execution_bar,USDJPY,2025.10.21 16:45:00,16,
2025.10.21 17:09:59,scan_skipped_same_execution_bar,USDJPY,2025.10.21 16:45:00,0,
2025.10.21 17:20:00,scan_executed_new_execution_bar,USDJPY,2025.10.21 17:00:00,16,
2025.10.21 17:24:59,scan_skipped_same_execution_bar,USDJPY,2025.10.21 17:00:00,0,
2025.10.21 17:34:59,scan_executed_new_execution_bar,USDJPY,2025.10.21 17:15:00,0,
2025.10.21 17:39:59,scan_skipped_same_execution_bar,USDJPY,2025.10.21 17:15:00,0,
2025.10.21 17:49:59,scan_executed_new_execution_bar,USDJPY,2025.10.21 17:30:00,0,
2025.10.21 17:54:59,scan_skipped_same_execution_bar,USDJPY,2025.10.21 17:30:00,0,
2025.10.21 18:04:59,scan_executed_new_execution_bar,USDJPY,2025.10.21 17:45:00,16,
2025.10.21 18:09:59,scan_skipped_same_execution_bar,USDJPY,2025.10.21 17:45:00,0,
2025.10.21 18:19:59,scan_executed_new_execution_bar,USDJPY,2025.10.21 18:00:00,0,
2025.10.21 18:24:59,scan_skipped_same_execution_bar,USDJPY,2025.10.21 18:00:00,0,
2025.10.21 18:34:59,scan_executed_new_execution_bar,USDJPY,2025.10.21 18:15:00,15,
2025.10.21 18:39:59,scan_skipped_same_execution_bar,USDJPY,2025.10.21 18:15:00,0,
2025.10.21 18:49:59,scan_executed_new_execution_bar,USDJPY,2025.10.21 18:30:00,0,
2025.10.21 18:54:59,scan_skipped_same_execution_bar,USDJPY,2025.10.21 18:30:00,0,
2025.10.21 19:04:59,scan_executed_new_execution_bar,USDJPY,2025.10.21 18:45:00,47,
2025.10.21 19:09:58,scan_skipped_same_execution_bar,USDJPY,2025.10.21 18:45:00,0,
2025.10.21 19:19:59,scan_executed_new_execution_bar,USDJPY,2025.10.21 19:00:00,0,
2025.10.21 19:24:59,scan_skipped_same_execution_bar,USDJPY,2025.10.21 19:00:00,0,
2025.10.21 19:34:59,scan_executed_new_execution_bar,USDJPY,2025.10.21 19:15:00,0,
2025.10.21 19:39:59,scan_skipped_same_execution_bar,USDJPY,2025.10.21 19:15:00,0,
2025.10.21 19:49:59,scan_executed_new_execution_bar,USDJPY,2025.10.21 19:30:00,0,
2025.10.21 19:54:59,scan_skipped_same_execution_bar,USDJPY,2025.10.21 19:30:00,0,
2025.10.21 20:04:59,scan_executed_new_execution_bar,USDJPY,2025.10.21 19:45:00,16,
2025.10.21 20:09:59,scan_skipped_same_execution_bar,USDJPY,2025.10.21 19:45:00,0,
2025.10.21 20:19:59,scan_executed_new_execution_bar,USDJPY,2025.10.21 20:00:00,0,
2025.10.21 20:24:59,scan_skipped_same_execution_bar,USDJPY,2025.10.21 20:00:00,0,
2025.10.21 20:34:58,scan_executed_new_execution_bar,USDJPY,2025.10.21 20:15:00,0,
2025.10.21 20:39:59,scan_skipped_same_execution_bar,USDJPY,2025.10.21 20:15:00,0,
2025.10.21 20:49:59,scan_executed_new_execution_bar,USDJPY,2025.10.21 20:30:00,16,
2025.10.21 20:54:59,scan_skipped_same_execution_bar,USDJPY,2025.10.21 20:30:00,0,
2025.10.21 21:04:59,scan_executed_new_execution_bar,USDJPY,2025.10.21 20:45:00,0,
2025.10.21 21:09:59,scan_skipped_same_execution_bar,USDJPY,2025.10.21 20:45:00,0,
2025.10.21 21:19:59,scan_executed_new_execution_bar,USDJPY,2025.10.21 21:00:00,0,
2025.10.21 21:24:59,scan_skipped_same_execution_bar,USDJPY,2025.10.21 21:00:00,0,
2025.10.21 21:34:59,scan_executed_new_execution_bar,USDJPY,2025.10.21 21:15:00,0,
2025.10.21 21:39:59,scan_skipped_same_execution_bar,USDJPY,2025.10.21 21:15:00,0,
2025.10.21 21:49:59,scan_executed_new_execution_bar,USDJPY,2025.10.21 21:30:00,0,
2025.10.21 21:54:58,scan_skipped_same_execution_bar,USDJPY,2025.10.21 21:30:00,0,
2025.10.21 22:04:59,scan_executed_new_execution_bar,USDJPY,2025.10.21 21:45:00,0,
2025.10.21 22:09:59,scan_skipped_same_execution_bar,USDJPY,2025.10.21 21:45:00,0,
2025.10.21 22:19:59,scan_executed_new_execution_bar,USDJPY,2025.10.21 22:00:00,0,
2025.10.21 22:24:59,scan_skipped_same_execution_bar,USDJPY,2025.10.21 22:00:00,0,
2025.10.21 22:34:59,scan_executed_new_execution_bar,USDJPY,2025.10.21 22:15:00,0,
2025.10.21 22:39:59,scan_skipped_same_execution_bar,USDJPY,2025.10.21 22:15:00,0,
2025.10.21 22:49:58,scan_executed_new_execution_bar,USDJPY,2025.10.21 22:30:00,0,
2025.10.21 22:54:59,scan_skipped_same_execution_bar,USDJPY,2025.10.21 22:30:00,0,
2025.10.21 23:04:59,scan_executed_new_execution_bar,USDJPY,2025.10.21 22:45:00,0,
2025.10.21 23:09:59,scan_skipped_same_execution_bar,USDJPY,2025.10.21 22:45:00,0,
2025.10.21 23:19:59,scan_executed_new_execution_bar,USDJPY,2025.10.21 23:00:00,0,
2025.10.21 23:24:59,scan_skipped_same_execution_bar,USDJPY,2025.10.21 23:00:00,0,
2025.10.21 23:34:53,scan_executed_new_execution_bar,USDJPY,2025.10.21 23:15:00,0,
2025.10.21 23:39:59,scan_skipped_same_execution_bar,USDJPY,2025.10.21 23:15:00,0,
2025.10.21 23:49:59,scan_executed_new_execution_bar,USDJPY,2025.10.21 23:30:00,0,
2025.10.21 23:54:59,scan_skipped_same_execution_bar,USDJPY,2025.10.21 23:30:00,0,
2025.10.22 00:04:54,scan_executed_new_execution_bar,USDJPY,2025.10.21 23:45:00,0,
2025.10.22 00:09:57,scan_skipped_same_execution_bar,USDJPY,2025.10.21 23:45:00,0,
2025.10.22 00:19:56,scan_executed_new_execution_bar,USDJPY,2025.10.22 00:00:00,0,
2025.10.22 00:24:58,scan_skipped_same_execution_bar,USDJPY,2025.10.22 00:00:00,0,
2025.10.22 00:34:59,scan_executed_new_execution_bar,USDJPY,2025.10.22 00:15:00,0,
2025.10.22 00:39:56,scan_skipped_same_execution_bar,USDJPY,2025.10.22 00:15:00,0,
2025.10.22 00:49:58,scan_executed_new_execution_bar,USDJPY,2025.10.22 00:30:00,0,
2025.10.22 00:54:56,scan_skipped_same_execution_bar,USDJPY,2025.10.22 00:30:00,0,
2025.10.22 01:04:58,scan_executed_new_execution_bar,USDJPY,2025.10.22 00:45:00,0,
2025.10.22 01:09:56,scan_skipped_same_execution_bar,USDJPY,2025.10.22 00:45:00,0,
2025.10.22 01:19:57,scan_executed_new_execution_bar,USDJPY,2025.10.22 01:00:00,0,
2025.10.22 01:24:59,scan_skipped_same_execution_bar,USDJPY,2025.10.22 01:00:00,0,
2025.10.22 01:34:58,scan_executed_new_execution_bar,USDJPY,2025.10.22 01:15:00,0,
2025.10.22 01:39:58,scan_skipped_same_execution_bar,USDJPY,2025.10.22 01:15:00,0,
2025.10.22 01:49:59,scan_executed_new_execution_bar,USDJPY,2025.10.22 01:30:00,0,
2025.10.22 01:54:59,scan_skipped_same_execution_bar,USDJPY,2025.10.22 01:30:00,0,
2025.10.22 02:04:59,scan_executed_new_execution_bar,USDJPY,2025.10.22 01:45:00,0,
2025.10.22 02:10:00,scan_skipped_same_execution_bar,USDJPY,2025.10.22 01:45:00,0,
2025.10.22 02:19:59,scan_executed_new_execution_bar,USDJPY,2025.10.22 02:00:00,0,
2025.10.22 02:24:52,scan_skipped_same_execution_bar,USDJPY,2025.10.22 02:00:00,0,
2025.10.22 02:35:00,scan_executed_new_execution_bar,USDJPY,2025.10.22 02:15:00,0,
2025.10.22 02:39:59,scan_skipped_same_execution_bar,USDJPY,2025.10.22 02:15:00,0,
2025.10.22 02:49:59,scan_executed_new_execution_bar,USDJPY,2025.10.22 02:30:00,15,
2025.10.22 02:54:59,scan_skipped_same_execution_bar,USDJPY,2025.10.22 02:30:00,0,
2025.10.22 03:04:59,scan_executed_new_execution_bar,USDJPY,2025.10.22 02:45:00,0,
2025.10.22 03:09:59,scan_skipped_same_execution_bar,USDJPY,2025.10.22 02:45:00,0,
2025.10.22 03:19:59,scan_executed_new_execution_bar,USDJPY,2025.10.22 03:00:00,0,
2025.10.22 03:24:59,scan_skipped_same_execution_bar,USDJPY,2025.10.22 03:00:00,0,
2025.10.22 03:34:59,scan_executed_new_execution_bar,USDJPY,2025.10.22 03:15:00,0,
2025.10.22 03:39:59,scan_skipped_same_execution_bar,USDJPY,2025.10.22 03:15:00,0,
2025.10.22 03:49:59,scan_executed_new_execution_bar,USDJPY,2025.10.22 03:30:00,16,
2025.10.22 03:54:59,scan_skipped_same_execution_bar,USDJPY,2025.10.22 03:30:00,0,
2025.10.22 04:04:59,scan_executed_new_execution_bar,USDJPY,2025.10.22 03:45:00,0,
2025.10.22 04:09:59,scan_skipped_same_execution_bar,USDJPY,2025.10.22 03:45:00,0,
2025.10.22 04:19:59,scan_executed_new_execution_bar,USDJPY,2025.10.22 04:00:00,16,
2025.10.22 04:24:59,scan_skipped_same_execution_bar,USDJPY,2025.10.22 04:00:00,0,
2025.10.22 04:34:58,scan_executed_new_execution_bar,USDJPY,2025.10.22 04:15:00,0,
2025.10.22 04:39:59,scan_skipped_same_execution_bar,USDJPY,2025.10.22 04:15:00,0,
2025.10.22 04:49:57,scan_executed_new_execution_bar,USDJPY,2025.10.22 04:30:00,0,
2025.10.22 04:54:59,scan_skipped_same_execution_bar,USDJPY,2025.10.22 04:30:00,0,
2025.10.22 05:04:59,scan_executed_new_execution_bar,USDJPY,2025.10.22 04:45:00,16,
2025.10.22 05:09:59,scan_skipped_same_execution_bar,USDJPY,2025.10.22 04:45:00,0,
2025.10.22 05:19:59,scan_executed_new_execution_bar,USDJPY,2025.10.22 05:00:00,16,
2025.10.22 05:24:58,scan_skipped_same_execution_bar,USDJPY,2025.10.22 05:00:00,0,
2025.10.22 05:34:59,scan_executed_new_execution_bar,USDJPY,2025.10.22 05:15:00,0,
2025.10.22 05:39:59,scan_skipped_same_execution_bar,USDJPY,2025.10.22 05:15:00,0,
2025.10.22 05:49:59,scan_executed_new_execution_bar,USDJPY,2025.10.22 05:30:00,0,
2025.10.22 05:54:59,scan_skipped_same_execution_bar,USDJPY,2025.10.22 05:30:00,0,
2025.10.22 06:04:59,scan_executed_new_execution_bar,USDJPY,2025.10.22 05:45:00,0,
2025.10.22 06:09:59,scan_skipped_same_execution_bar,USDJPY,2025.10.22 05:45:00,0,
2025.10.22 06:19:59,scan_executed_new_execution_bar,USDJPY,2025.10.22 06:00:00,0,
2025.10.22 06:24:59,scan_skipped_same_execution_bar,USDJPY,2025.10.22 06:00:00,0,
2025.10.22 06:34:59,scan_executed_new_execution_bar,USDJPY,2025.10.22 06:15:00,0,
2025.10.22 06:39:58,scan_skipped_same_execution_bar,USDJPY,2025.10.22 06:15:00,0,
2025.10.22 06:49:58,scan_executed_new_execution_bar,USDJPY,2025.10.22 06:30:00,0,
2025.10.22 06:54:59,scan_skipped_same_execution_bar,USDJPY,2025.10.22 06:30:00,0,
2025.10.22 07:04:59,scan_executed_new_execution_bar,USDJPY,2025.10.22 06:45:00,0,
2025.10.22 07:09:59,scan_skipped_same_execution_bar,USDJPY,2025.10.22 06:45:00,0,
2025.10.22 07:19:59,scan_executed_new_execution_bar,USDJPY,2025.10.22 07:00:00,0,
2025.10.22 07:24:59,scan_skipped_same_execution_bar,USDJPY,2025.10.22 07:00:00,0,
2025.10.22 07:34:58,scan_executed_new_execution_bar,USDJPY,2025.10.22 07:15:00,15,
2025.10.22 07:39:59,scan_skipped_same_execution_bar,USDJPY,2025.10.22 07:15:00,0,
2025.10.22 07:49:59,scan_executed_new_execution_bar,USDJPY,2025.10.22 07:30:00,0,
2025.10.22 07:54:59,scan_skipped_same_execution_bar,USDJPY,2025.10.22 07:30:00,0,
2025.10.22 08:04:58,scan_executed_new_execution_bar,USDJPY,2025.10.22 07:45:00,16,
2025.10.22 08:09:59,scan_skipped_same_execution_bar,USDJPY,2025.10.22 07:45:00,0,
2025.10.22 08:19:59,scan_executed_new_execution_bar,USDJPY,2025.10.22 08:00:00,0,
2025.10.22 08:24:58,scan_skipped_same_execution_bar,USDJPY,2025.10.22 08:00:00,0,
2025.10.22 08:34:59,scan_executed_new_execution_bar,USDJPY,2025.10.22 08:15:00,0,
2025.10.22 08:39:59,scan_skipped_same_execution_bar,USDJPY,2025.10.22 08:15:00,0,
2025.10.22 08:49:57,scan_executed_new_execution_bar,USDJPY,2025.10.22 08:30:00,16,
2025.10.22 08:54:59,scan_skipped_same_execution_bar,USDJPY,2025.10.22 08:30:00,0,
2025.10.22 09:05:00,scan_executed_new_execution_bar,USDJPY,2025.10.22 08:45:00,0,
2025.10.22 09:09:59,scan_skipped_same_execution_bar,USDJPY,2025.10.22 08:45:00,0,
2025.10.22 09:19:57,scan_executed_new_execution_bar,USDJPY,2025.10.22 09:00:00,0,
2025.10.22 09:24:59,scan_skipped_same_execution_bar,USDJPY,2025.10.22 09:00:00,0,
2025.10.22 09:34:59,scan_executed_new_execution_bar,USDJPY,2025.10.22 09:15:00,0,
2025.10.22 09:39:59,scan_skipped_same_execution_bar,USDJPY,2025.10.22 09:15:00,0,
2025.10.22 09:49:59,scan_executed_new_execution_bar,USDJPY,2025.10.22 09:30:00,0,
2025.10.22 09:54:59,scan_skipped_same_execution_bar,USDJPY,2025.10.22 09:30:00,0,
2025.10.22 10:04:59,scan_executed_new_execution_bar,USDJPY,2025.10.22 09:45:00,0,
2025.10.22 10:09:59,scan_skipped_same_execution_bar,USDJPY,2025.10.22 09:45:00,0,
2025.10.22 10:19:59,scan_executed_new_execution_bar,USDJPY,2025.10.22 10:00:00,15,
2025.10.22 10:24:59,scan_skipped_same_execution_bar,USDJPY,2025.10.22 10:00:00,0,
2025.10.22 10:34:59,scan_executed_new_execution_bar,USDJPY,2025.10.22 10:15:00,0,
2025.10.22 10:39:59,scan_skipped_same_execution_bar,USDJPY,2025.10.22 10:15:00,0,
2025.10.22 10:49:59,scan_executed_new_execution_bar,USDJPY,2025.10.22 10:30:00,16,
2025.10.22 10:54:59,scan_skipped_same_execution_bar,USDJPY,2025.10.22 10:30:00,0,
2025.10.22 11:05:00,scan_executed_new_execution_bar,USDJPY,2025.10.22 10:45:00,0,
2025.10.22 11:09:59,scan_skipped_same_execution_bar,USDJPY,2025.10.22 10:45:00,0,
2025.10.22 11:19:59,scan_executed_new_execution_bar,USDJPY,2025.10.22 11:00:00,16,
2025.10.22 11:24:59,scan_skipped_same_execution_bar,USDJPY,2025.10.22 11:00:00,0,
2025.10.22 11:34:59,scan_executed_new_execution_bar,USDJPY,2025.10.22 11:15:00,0,
2025.10.22 11:39:59,scan_skipped_same_execution_bar,USDJPY,2025.10.22 11:15:00,0,
2025.10.22 11:49:59,scan_executed_new_execution_bar,USDJPY,2025.10.22 11:30:00,0,
2025.10.22 11:54:59,scan_skipped_same_execution_bar,USDJPY,2025.10.22 11:30:00,0,
2025.10.22 12:04:59,scan_executed_new_execution_bar,USDJPY,2025.10.22 11:45:00,0,
2025.10.22 12:09:59,scan_skipped_same_execution_bar,USDJPY,2025.10.22 11:45:00,0,
2025.10.22 12:19:59,scan_executed_new_execution_bar,USDJPY,2025.10.22 12:00:00,16,
2025.10.22 12:24:59,scan_skipped_same_execution_bar,USDJPY,2025.10.22 12:00:00,0,
2025.10.22 12:34:59,scan_executed_new_execution_bar,USDJPY,2025.10.22 12:15:00,16,
2025.10.22 12:39:59,scan_skipped_same_execution_bar,USDJPY,2025.10.22 12:15:00,0,
2025.10.22 12:49:59,scan_executed_new_execution_bar,USDJPY,2025.10.22 12:30:00,0,
2025.10.22 12:55:00,scan_skipped_same_execution_bar,USDJPY,2025.10.22 12:30:00,0,
2025.10.22 13:04:59,scan_executed_new_execution_bar,USDJPY,2025.10.22 12:45:00,15,
2025.10.22 13:09:59,scan_skipped_same_execution_bar,USDJPY,2025.10.22 12:45:00,0,
2025.10.22 13:19:59,scan_executed_new_execution_bar,USDJPY,2025.10.22 13:00:00,0,
2025.10.22 13:24:59,scan_skipped_same_execution_bar,USDJPY,2025.10.22 13:00:00,0,
2025.10.22 13:34:59,scan_executed_new_execution_bar,USDJPY,2025.10.22 13:15:00,0,
2025.10.22 13:39:59,scan_skipped_same_execution_bar,USDJPY,2025.10.22 13:15:00,0,
2025.10.22 13:49:59,scan_executed_new_execution_bar,USDJPY,2025.10.22 13:30:00,15,
2025.10.22 13:54:59,scan_skipped_same_execution_bar,USDJPY,2025.10.22 13:30:00,0,
2025.10.22 14:04:59,scan_executed_new_execution_bar,USDJPY,2025.10.22 13:45:00,0,
2025.10.22 14:09:59,scan_skipped_same_execution_bar,USDJPY,2025.10.22 13:45:00,0,
2025.10.22 14:19:59,scan_executed_new_execution_bar,USDJPY,2025.10.22 14:00:00,0,
2025.10.22 14:24:59,scan_skipped_same_execution_bar,USDJPY,2025.10.22 14:00:00,0,
2025.10.22 14:34:59,scan_executed_new_execution_bar,USDJPY,2025.10.22 14:15:00,0,
2025.10.22 14:39:59,scan_skipped_same_execution_bar,USDJPY,2025.10.22 14:15:00,0,
2025.10.22 14:49:58,scan_executed_new_execution_bar,USDJPY,2025.10.22 14:30:00,0,
2025.10.22 14:54:59,scan_skipped_same_execution_bar,USDJPY,2025.10.22 14:30:00,0,
2025.10.22 15:04:59,scan_executed_new_execution_bar,USDJPY,2025.10.22 14:45:00,0,
2025.10.22 15:09:59,scan_skipped_same_execution_bar,USDJPY,2025.10.22 14:45:00,0,
2025.10.22 15:19:59,scan_executed_new_execution_bar,USDJPY,2025.10.22 15:00:00,16,
2025.10.22 15:24:59,scan_skipped_same_execution_bar,USDJPY,2025.10.22 15:00:00,0,
2025.10.22 15:34:59,scan_executed_new_execution_bar,USDJPY,2025.10.22 15:15:00,0,
2025.10.22 15:39:59,scan_skipped_same_execution_bar,USDJPY,2025.10.22 15:15:00,0,
2025.10.22 15:49:59,scan_executed_new_execution_bar,USDJPY,2025.10.22 15:30:00,0,
2025.10.22 15:54:59,scan_skipped_same_execution_bar,USDJPY,2025.10.22 15:30:00,0,
2025.10.22 16:04:59,scan_executed_new_execution_bar,USDJPY,2025.10.22 15:45:00,16,
2025.10.22 16:09:59,scan_skipped_same_execution_bar,USDJPY,2025.10.22 15:45:00,0,
2025.10.22 16:19:59,scan_executed_new_execution_bar,USDJPY,2025.10.22 16:00:00,16,
2025.10.22 16:24:59,scan_skipped_same_execution_bar,USDJPY,2025.10.22 16:00:00,0,
2025.10.22 16:34:59,scan_executed_new_execution_bar,USDJPY,2025.10.22 16:15:00,0,
2025.10.22 16:39:59,scan_skipped_same_execution_bar,USDJPY,2025.10.22 16:15:00,0,
2025.10.22 16:49:59,scan_executed_new_execution_bar,USDJPY,2025.10.22 16:30:00,0,
2025.10.22 16:54:59,scan_skipped_same_execution_bar,USDJPY,2025.10.22 16:30:00,0,
2025.10.22 17:04:59,scan_executed_new_execution_bar,USDJPY,2025.10.22 16:45:00,0,
2025.10.22 17:09:58,scan_skipped_same_execution_bar,USDJPY,2025.10.22 16:45:00,0,
2025.10.22 17:19:58,scan_executed_new_execution_bar,USDJPY,2025.10.22 17:00:00,0,
2025.10.22 17:24:59,scan_skipped_same_execution_bar,USDJPY,2025.10.22 17:00:00,0,
2025.10.22 17:34:59,scan_executed_new_execution_bar,USDJPY,2025.10.22 17:15:00,0,
2025.10.22 17:39:59,scan_skipped_same_execution_bar,USDJPY,2025.10.22 17:15:00,0,
2025.10.22 17:49:59,scan_executed_new_execution_bar,USDJPY,2025.10.22 17:30:00,0,
2025.10.22 17:54:59,scan_skipped_same_execution_bar,USDJPY,2025.10.22 17:30:00,0,
2025.10.22 18:04:59,scan_executed_new_execution_bar,USDJPY,2025.10.22 17:45:00,0,
2025.10.22 18:09:59,scan_skipped_same_execution_bar,USDJPY,2025.10.22 17:45:00,0,
2025.10.22 18:19:59,scan_executed_new_execution_bar,USDJPY,2025.10.22 18:00:00,16,
2025.10.22 18:24:59,scan_skipped_same_execution_bar,USDJPY,2025.10.22 18:00:00,0,
2025.10.22 18:34:59,scan_executed_new_execution_bar,USDJPY,2025.10.22 18:15:00,15,
2025.10.22 18:39:59,scan_skipped_same_execution_bar,USDJPY,2025.10.22 18:15:00,0,
2025.10.22 18:49:59,scan_executed_new_execution_bar,USDJPY,2025.10.22 18:30:00,0,
2025.10.22 18:54:59,scan_skipped_same_execution_bar,USDJPY,2025.10.22 18:30:00,0,
2025.10.22 19:04:59,scan_executed_new_execution_bar,USDJPY,2025.10.22 18:45:00,16,
2025.10.22 19:09:59,scan_skipped_same_execution_bar,USDJPY,2025.10.22 18:45:00,0,
2025.10.22 19:19:59,scan_executed_new_execution_bar,USDJPY,2025.10.22 19:00:00,0,
2025.10.22 19:24:59,scan_skipped_same_execution_bar,USDJPY,2025.10.22 19:00:00,0,
2025.10.22 19:35:00,scan_executed_new_execution_bar,USDJPY,2025.10.22 19:15:00,0,
2025.10.22 19:39:59,scan_skipped_same_execution_bar,USDJPY,2025.10.22 19:15:00,0,
2025.10.22 19:49:59,scan_executed_new_execution_bar,USDJPY,2025.10.22 19:30:00,0,
2025.10.22 19:54:59,scan_skipped_same_execution_bar,USDJPY,2025.10.22 19:30:00,0,
2025.10.22 20:04:59,scan_executed_new_execution_bar,USDJPY,2025.10.22 19:45:00,47,
2025.10.22 20:09:59,scan_skipped_same_execution_bar,USDJPY,2025.10.22 19:45:00,0,
2025.10.22 20:19:59,scan_executed_new_execution_bar,USDJPY,2025.10.22 20:00:00,15,
2025.10.22 20:24:59,scan_skipped_same_execution_bar,USDJPY,2025.10.22 20:00:00,0,
2025.10.22 20:34:59,scan_executed_new_execution_bar,USDJPY,2025.10.22 20:15:00,0,
2025.10.22 20:39:59,scan_skipped_same_execution_bar,USDJPY,2025.10.22 20:15:00,0,
2025.10.22 20:49:59,scan_executed_new_execution_bar,USDJPY,2025.10.22 20:30:00,0,
2025.10.22 20:54:59,scan_skipped_same_execution_bar,USDJPY,2025.10.22 20:30:00,0,
2025.10.22 21:04:59,scan_executed_new_execution_bar,USDJPY,2025.10.22 20:45:00,0,
2025.10.22 21:09:59,scan_skipped_same_execution_bar,USDJPY,2025.10.22 20:45:00,0,
2025.10.22 21:19:59,scan_executed_new_execution_bar,USDJPY,2025.10.22 21:00:00,16,
2025.10.22 21:24:59,scan_skipped_same_execution_bar,USDJPY,2025.10.22 21:00:00,0,
2025.10.22 21:34:59,scan_executed_new_execution_bar,USDJPY,2025.10.22 21:15:00,31,
2025.10.22 21:39:59,scan_skipped_same_execution_bar,USDJPY,2025.10.22 21:15:00,0,
2025.10.22 21:49:59,scan_executed_new_execution_bar,USDJPY,2025.10.22 21:30:00,16,
2025.10.22 21:54:59,scan_skipped_same_execution_bar,USDJPY,2025.10.22 21:30:00,0,
2025.10.22 22:04:59,scan_executed_new_execution_bar,USDJPY,2025.10.22 21:45:00,0,
2025.10.22 22:09:58,scan_skipped_same_execution_bar,USDJPY,2025.10.22 21:45:00,0,
2025.10.22 22:19:59,scan_executed_new_execution_bar,USDJPY,2025.10.22 22:00:00,0,
2025.10.22 22:24:59,scan_skipped_same_execution_bar,USDJPY,2025.10.22 22:00:00,0,
2025.10.22 22:35:00,scan_executed_new_execution_bar,USDJPY,2025.10.22 22:15:00,0,
2025.10.22 22:39:59,scan_skipped_same_execution_bar,USDJPY,2025.10.22 22:15:00,0,
2025.10.22 22:49:59,scan_executed_new_execution_bar,USDJPY,2025.10.22 22:30:00,0,
2025.10.22 22:54:59,scan_skipped_same_execution_bar,USDJPY,2025.10.22 22:30:00,0,
2025.10.22 23:04:57,scan_executed_new_execution_bar,USDJPY,2025.10.22 22:45:00,0,
2025.10.22 23:09:58,scan_skipped_same_execution_bar,USDJPY,2025.10.22 22:45:00,0,
2025.10.22 23:19:59,scan_executed_new_execution_bar,USDJPY,2025.10.22 23:00:00,15,
2025.10.22 23:24:59,scan_skipped_same_execution_bar,USDJPY,2025.10.22 23:00:00,0,
2025.10.22 23:34:59,scan_executed_new_execution_bar,USDJPY,2025.10.22 23:15:00,0,
2025.10.22 23:39:59,scan_skipped_same_execution_bar,USDJPY,2025.10.22 23:15:00,0,
2025.10.22 23:49:59,scan_executed_new_execution_bar,USDJPY,2025.10.22 23:30:00,0,
2025.10.22 23:54:59,scan_skipped_same_execution_bar,USDJPY,2025.10.22 23:30:00,0,
2025.10.23 00:04:49,scan_executed_new_execution_bar,USDJPY,2025.10.22 23:45:00,0,
2025.10.23 00:09:51,scan_skipped_same_execution_bar,USDJPY,2025.10.22 23:45:00,0,
2025.10.23 00:19:59,scan_executed_new_execution_bar,USDJPY,2025.10.23 00:00:00,0,
2025.10.23 00:24:56,scan_skipped_same_execution_bar,USDJPY,2025.10.23 00:00:00,0,
2025.10.23 00:34:58,scan_executed_new_execution_bar,USDJPY,2025.10.23 00:15:00,0,
2025.10.23 00:40:00,scan_skipped_same_execution_bar,USDJPY,2025.10.23 00:15:00,0,
2025.10.23 00:49:59,scan_executed_new_execution_bar,USDJPY,2025.10.23 00:30:00,0,
2025.10.23 00:54:59,scan_skipped_same_execution_bar,USDJPY,2025.10.23 00:30:00,0,
2025.10.23 01:04:59,scan_executed_new_execution_bar,USDJPY,2025.10.23 00:45:00,0,
2025.10.23 01:09:58,scan_skipped_same_execution_bar,USDJPY,2025.10.23 00:45:00,0,
2025.10.23 01:19:59,scan_executed_new_execution_bar,USDJPY,2025.10.23 01:00:00,0,
2025.10.23 01:24:59,scan_skipped_same_execution_bar,USDJPY,2025.10.23 01:00:00,0,
2025.10.23 01:34:59,scan_executed_new_execution_bar,USDJPY,2025.10.23 01:15:00,0,
2025.10.23 01:39:58,scan_skipped_same_execution_bar,USDJPY,2025.10.23 01:15:00,0,
2025.10.23 01:49:59,scan_executed_new_execution_bar,USDJPY,2025.10.23 01:30:00,0,
2025.10.23 01:54:59,scan_skipped_same_execution_bar,USDJPY,2025.10.23 01:30:00,0,
2025.10.23 02:04:59,scan_executed_new_execution_bar,USDJPY,2025.10.23 01:45:00,0,
2025.10.23 02:09:58,scan_skipped_same_execution_bar,USDJPY,2025.10.23 01:45:00,0,
2025.10.23 02:19:59,scan_executed_new_execution_bar,USDJPY,2025.10.23 02:00:00,0,
2025.10.23 02:24:59,scan_skipped_same_execution_bar,USDJPY,2025.10.23 02:00:00,0,
2025.10.23 02:34:58,scan_executed_new_execution_bar,USDJPY,2025.10.23 02:15:00,0,
2025.10.23 02:39:59,scan_skipped_same_execution_bar,USDJPY,2025.10.23 02:15:00,0,
2025.10.23 02:49:59,scan_executed_new_execution_bar,USDJPY,2025.10.23 02:30:00,0,
2025.10.23 02:54:59,scan_skipped_same_execution_bar,USDJPY,2025.10.23 02:30:00,0,
2025.10.23 03:04:59,scan_executed_new_execution_bar,USDJPY,2025.10.23 02:45:00,0,
2025.10.23 03:09:59,scan_skipped_same_execution_bar,USDJPY,2025.10.23 02:45:00,0,
2025.10.23 03:19:59,scan_executed_new_execution_bar,USDJPY,2025.10.23 03:00:00,0,
2025.10.23 03:24:59,scan_skipped_same_execution_bar,USDJPY,2025.10.23 03:00:00,0,
2025.10.23 03:34:59,scan_executed_new_execution_bar,USDJPY,2025.10.23 03:15:00,0,
2025.10.23 03:39:59,scan_skipped_same_execution_bar,USDJPY,2025.10.23 03:15:00,0,
2025.10.23 03:49:58,scan_executed_new_execution_bar,USDJPY,2025.10.23 03:30:00,0,
2025.10.23 03:54:59,scan_skipped_same_execution_bar,USDJPY,2025.10.23 03:30:00,0,
2025.10.23 04:04:59,scan_executed_new_execution_bar,USDJPY,2025.10.23 03:45:00,0,
2025.10.23 04:09:59,scan_skipped_same_execution_bar,USDJPY,2025.10.23 03:45:00,0,
2025.10.23 04:19:59,scan_executed_new_execution_bar,USDJPY,2025.10.23 04:00:00,0,
2025.10.23 04:24:59,scan_skipped_same_execution_bar,USDJPY,2025.10.23 04:00:00,0,
2025.10.23 04:34:59,scan_executed_new_execution_bar,USDJPY,2025.10.23 04:15:00,0,
2025.10.23 04:39:59,scan_skipped_same_execution_bar,USDJPY,2025.10.23 04:15:00,0,
2025.10.23 04:49:59,scan_executed_new_execution_bar,USDJPY,2025.10.23 04:30:00,47,
2025.10.23 04:54:59,scan_skipped_same_execution_bar,USDJPY,2025.10.23 04:30:00,0,
2025.10.23 05:04:59,scan_executed_new_execution_bar,USDJPY,2025.10.23 04:45:00,0,
2025.10.23 05:09:59,scan_skipped_same_execution_bar,USDJPY,2025.10.23 04:45:00,0,
2025.10.23 05:19:58,scan_executed_new_execution_bar,USDJPY,2025.10.23 05:00:00,31,
2025.10.23 05:24:59,scan_skipped_same_execution_bar,USDJPY,2025.10.23 05:00:00,0,
2025.10.23 05:34:59,scan_executed_new_execution_bar,USDJPY,2025.10.23 05:15:00,0,
2025.10.23 05:39:58,scan_skipped_same_execution_bar,USDJPY,2025.10.23 05:15:00,0,
2025.10.23 05:49:59,scan_executed_new_execution_bar,USDJPY,2025.10.23 05:30:00,0,
2025.10.23 05:54:59,scan_skipped_same_execution_bar,USDJPY,2025.10.23 05:30:00,0,
2025.10.23 06:04:59,scan_executed_new_execution_bar,USDJPY,2025.10.23 05:45:00,16,
2025.10.23 06:09:59,scan_skipped_same_execution_bar,USDJPY,2025.10.23 05:45:00,0,
2025.10.23 06:19:58,scan_executed_new_execution_bar,USDJPY,2025.10.23 06:00:00,0,
2025.10.23 06:24:59,scan_skipped_same_execution_bar,USDJPY,2025.10.23 06:00:00,0,
2025.10.23 06:34:59,scan_executed_new_execution_bar,USDJPY,2025.10.23 06:15:00,0,
2025.10.23 06:39:59,scan_skipped_same_execution_bar,USDJPY,2025.10.23 06:15:00,0,
2025.10.23 06:49:58,scan_executed_new_execution_bar,USDJPY,2025.10.23 06:30:00,15,
2025.10.23 06:54:59,scan_skipped_same_execution_bar,USDJPY,2025.10.23 06:30:00,0,
2025.10.23 07:04:58,scan_executed_new_execution_bar,USDJPY,2025.10.23 06:45:00,0,
2025.10.23 07:09:59,scan_skipped_same_execution_bar,USDJPY,2025.10.23 06:45:00,0,
2025.10.23 07:19:58,scan_executed_new_execution_bar,USDJPY,2025.10.23 07:00:00,0,
2025.10.23 07:24:59,scan_skipped_same_execution_bar,USDJPY,2025.10.23 07:00:00,0,
2025.10.23 07:34:59,scan_executed_new_execution_bar,USDJPY,2025.10.23 07:15:00,31,
2025.10.23 07:39:57,scan_skipped_same_execution_bar,USDJPY,2025.10.23 07:15:00,0,
2025.10.23 07:49:59,scan_executed_new_execution_bar,USDJPY,2025.10.23 07:30:00,0,
2025.10.23 07:54:53,scan_skipped_same_execution_bar,USDJPY,2025.10.23 07:30:00,0,
2025.10.23 08:04:57,scan_executed_new_execution_bar,USDJPY,2025.10.23 07:45:00,15,
2025.10.23 08:09:59,scan_skipped_same_execution_bar,USDJPY,2025.10.23 07:45:00,0,
2025.10.23 08:19:58,scan_executed_new_execution_bar,USDJPY,2025.10.23 08:00:00,0,
2025.10.23 08:24:59,scan_skipped_same_execution_bar,USDJPY,2025.10.23 08:00:00,0,
2025.10.23 08:34:59,scan_executed_new_execution_bar,USDJPY,2025.10.23 08:15:00,0,
2025.10.23 08:39:59,scan_skipped_same_execution_bar,USDJPY,2025.10.23 08:15:00,0,
2025.10.23 08:49:59,scan_executed_new_execution_bar,USDJPY,2025.10.23 08:30:00,0,
2025.10.23 08:54:59,scan_skipped_same_execution_bar,USDJPY,2025.10.23 08:30:00,0,
2025.10.23 09:04:59,scan_executed_new_execution_bar,USDJPY,2025.10.23 08:45:00,0,
2025.10.23 09:09:59,scan_skipped_same_execution_bar,USDJPY,2025.10.23 08:45:00,0,
2025.10.23 09:19:59,scan_executed_new_execution_bar,USDJPY,2025.10.23 09:00:00,0,
2025.10.23 09:24:59,scan_skipped_same_execution_bar,USDJPY,2025.10.23 09:00:00,0,
2025.10.23 09:34:59,scan_executed_new_execution_bar,USDJPY,2025.10.23 09:15:00,0,
2025.10.23 09:39:59,scan_skipped_same_execution_bar,USDJPY,2025.10.23 09:15:00,0,
2025.10.23 09:49:59,scan_executed_new_execution_bar,USDJPY,2025.10.23 09:30:00,0,
2025.10.23 09:54:59,scan_skipped_same_execution_bar,USDJPY,2025.10.23 09:30:00,0,
2025.10.23 10:04:59,scan_executed_new_execution_bar,USDJPY,2025.10.23 09:45:00,0,
2025.10.23 10:10:00,scan_skipped_same_execution_bar,USDJPY,2025.10.23 09:45:00,0,
2025.10.23 10:19:57,scan_executed_new_execution_bar,USDJPY,2025.10.23 10:00:00,0,
2025.10.23 10:24:59,scan_skipped_same_execution_bar,USDJPY,2025.10.23 10:00:00,0,
2025.10.23 10:34:59,scan_executed_new_execution_bar,USDJPY,2025.10.23 10:15:00,15,
2025.10.23 10:39:59,scan_skipped_same_execution_bar,USDJPY,2025.10.23 10:15:00,0,
2025.10.23 10:49:59,scan_executed_new_execution_bar,USDJPY,2025.10.23 10:30:00,0,
2025.10.23 10:54:59,scan_skipped_same_execution_bar,USDJPY,2025.10.23 10:30:00,0,
2025.10.23 11:04:59,scan_executed_new_execution_bar,USDJPY,2025.10.23 10:45:00,0,
2025.10.23 11:09:59,scan_skipped_same_execution_bar,USDJPY,2025.10.23 10:45:00,0,
2025.10.23 11:19:59,scan_executed_new_execution_bar,USDJPY,2025.10.23 11:00:00,0,
2025.10.23 11:24:59,scan_skipped_same_execution_bar,USDJPY,2025.10.23 11:00:00,0,
2025.10.23 11:34:59,scan_executed_new_execution_bar,USDJPY,2025.10.23 11:15:00,0,
2025.10.23 11:39:58,scan_skipped_same_execution_bar,USDJPY,2025.10.23 11:15:00,0,
2025.10.23 11:49:59,scan_executed_new_execution_bar,USDJPY,2025.10.23 11:30:00,0,
2025.10.23 11:54:59,scan_skipped_same_execution_bar,USDJPY,2025.10.23 11:30:00,0,
2025.10.23 12:04:59,scan_executed_new_execution_bar,USDJPY,2025.10.23 11:45:00,0,
2025.10.23 12:09:59,scan_skipped_same_execution_bar,USDJPY,2025.10.23 11:45:00,0,
2025.10.23 12:19:59,scan_executed_new_execution_bar,USDJPY,2025.10.23 12:00:00,0,
2025.10.23 12:24:59,scan_skipped_same_execution_bar,USDJPY,2025.10.23 12:00:00,0,
2025.10.23 12:34:59,scan_executed_new_execution_bar,USDJPY,2025.10.23 12:15:00,47,
2025.10.23 12:39:59,scan_skipped_same_execution_bar,USDJPY,2025.10.23 12:15:00,0,
2025.10.23 12:49:57,scan_executed_new_execution_bar,USDJPY,2025.10.23 12:30:00,15,
2025.10.23 12:54:59,scan_skipped_same_execution_bar,USDJPY,2025.10.23 12:30:00,0,
2025.10.23 13:05:00,scan_executed_new_execution_bar,USDJPY,2025.10.23 12:45:00,32,
2025.10.23 13:09:59,scan_skipped_same_execution_bar,USDJPY,2025.10.23 12:45:00,0,
2025.10.23 13:19:59,scan_executed_new_execution_bar,USDJPY,2025.10.23 13:00:00,0,
2025.10.23 13:24:59,scan_skipped_same_execution_bar,USDJPY,2025.10.23 13:00:00,0,
2025.10.23 13:34:59,scan_executed_new_execution_bar,USDJPY,2025.10.23 13:15:00,0,
2025.10.23 13:39:59,scan_skipped_same_execution_bar,USDJPY,2025.10.23 13:15:00,0,
2025.10.23 13:49:59,scan_executed_new_execution_bar,USDJPY,2025.10.23 13:30:00,0,
2025.10.23 13:54:59,scan_skipped_same_execution_bar,USDJPY,2025.10.23 13:30:00,0,
2025.10.23 14:04:59,scan_executed_new_execution_bar,USDJPY,2025.10.23 13:45:00,0,
2025.10.23 14:09:59,scan_skipped_same_execution_bar,USDJPY,2025.10.23 13:45:00,0,
2025.10.23 14:19:59,scan_executed_new_execution_bar,USDJPY,2025.10.23 14:00:00,0,
2025.10.23 14:25:00,scan_skipped_same_execution_bar,USDJPY,2025.10.23 14:00:00,0,
2025.10.23 14:35:00,scan_executed_new_execution_bar,USDJPY,2025.10.23 14:15:00,0,
2025.10.23 14:39:59,scan_skipped_same_execution_bar,USDJPY,2025.10.23 14:15:00,0,
2025.10.23 14:49:59,scan_executed_new_execution_bar,USDJPY,2025.10.23 14:30:00,16,
2025.10.23 14:54:59,scan_skipped_same_execution_bar,USDJPY,2025.10.23 14:30:00,0,
2025.10.23 15:04:59,scan_executed_new_execution_bar,USDJPY,2025.10.23 14:45:00,0,
2025.10.23 15:09:59,scan_skipped_same_execution_bar,USDJPY,2025.10.23 14:45:00,0,
2025.10.23 15:19:59,scan_executed_new_execution_bar,USDJPY,2025.10.23 15:00:00,0,
2025.10.23 15:24:59,scan_skipped_same_execution_bar,USDJPY,2025.10.23 15:00:00,0,
2025.10.23 15:34:59,scan_executed_new_execution_bar,USDJPY,2025.10.23 15:15:00,0,
2025.10.23 15:39:59,scan_skipped_same_execution_bar,USDJPY,2025.10.23 15:15:00,0,
2025.10.23 15:49:59,scan_executed_new_execution_bar,USDJPY,2025.10.23 15:30:00,0,
2025.10.23 15:54:59,scan_skipped_same_execution_bar,USDJPY,2025.10.23 15:30:00,0,
2025.10.23 16:04:59,scan_executed_new_execution_bar,USDJPY,2025.10.23 15:45:00,0,
2025.10.23 16:09:59,scan_skipped_same_execution_bar,USDJPY,2025.10.23 15:45:00,0,
2025.10.23 16:19:59,scan_executed_new_execution_bar,USDJPY,2025.10.23 16:00:00,0,
2025.10.23 16:24:59,scan_skipped_same_execution_bar,USDJPY,2025.10.23 16:00:00,0,
2025.10.23 16:34:59,scan_executed_new_execution_bar,USDJPY,2025.10.23 16:15:00,0,
2025.10.23 16:39:59,scan_skipped_same_execution_bar,USDJPY,2025.10.23 16:15:00,0,
2025.10.23 16:49:59,scan_executed_new_execution_bar,USDJPY,2025.10.23 16:30:00,0,
2025.10.23 16:54:59,scan_skipped_same_execution_bar,USDJPY,2025.10.23 16:30:00,0,
2025.10.23 17:04:59,scan_executed_new_execution_bar,USDJPY,2025.10.23 16:45:00,0,
2025.10.23 17:09:59,scan_skipped_same_execution_bar,USDJPY,2025.10.23 16:45:00,0,
2025.10.23 17:19:59,scan_executed_new_execution_bar,USDJPY,2025.10.23 17:00:00,0,
2025.10.23 17:24:59,scan_skipped_same_execution_bar,USDJPY,2025.10.23 17:00:00,0,
2025.10.23 17:34:59,scan_executed_new_execution_bar,USDJPY,2025.10.23 17:15:00,0,
2025.10.23 17:39:59,scan_skipped_same_execution_bar,USDJPY,2025.10.23 17:15:00,0,
2025.10.23 17:49:59,scan_executed_new_execution_bar,USDJPY,2025.10.23 17:30:00,16,
2025.10.23 17:54:59,scan_skipped_same_execution_bar,USDJPY,2025.10.23 17:30:00,0,
2025.10.23 18:04:59,scan_executed_new_execution_bar,USDJPY,2025.10.23 17:45:00,0,
2025.10.23 18:09:59,scan_skipped_same_execution_bar,USDJPY,2025.10.23 17:45:00,0,
2025.10.23 18:19:59,scan_executed_new_execution_bar,USDJPY,2025.10.23 18:00:00,0,
2025.10.23 18:24:59,scan_skipped_same_execution_bar,USDJPY,2025.10.23 18:00:00,0,
2025.10.23 18:34:59,scan_executed_new_execution_bar,USDJPY,2025.10.23 18:15:00,0,
2025.10.23 18:39:59,scan_skipped_same_execution_bar,USDJPY,2025.10.23 18:15:00,0,
2025.10.23 18:49:59,scan_executed_new_execution_bar,USDJPY,2025.10.23 18:30:00,15,
2025.10.23 18:54:59,scan_skipped_same_execution_bar,USDJPY,2025.10.23 18:30:00,0,
2025.10.23 19:04:59,scan_executed_new_execution_bar,USDJPY,2025.10.23 18:45:00,0,
2025.10.23 19:09:59,scan_skipped_same_execution_bar,USDJPY,2025.10.23 18:45:00,0,
2025.10.23 19:19:59,scan_executed_new_execution_bar,USDJPY,2025.10.23 19:00:00,0,
2025.10.23 19:24:59,scan_skipped_same_execution_bar,USDJPY,2025.10.23 19:00:00,0,
2025.10.23 19:34:59,scan_executed_new_execution_bar,USDJPY,2025.10.23 19:15:00,16,
2025.10.23 19:39:58,scan_skipped_same_execution_bar,USDJPY,2025.10.23 19:15:00,0,
2025.10.23 19:49:59,scan_executed_new_execution_bar,USDJPY,2025.10.23 19:30:00,0,
2025.10.23 19:54:59,scan_skipped_same_execution_bar,USDJPY,2025.10.23 19:30:00,0,
2025.10.23 20:04:59,scan_executed_new_execution_bar,USDJPY,2025.10.23 19:45:00,0,
2025.10.23 20:09:59,scan_skipped_same_execution_bar,USDJPY,2025.10.23 19:45:00,0,
2025.10.23 20:19:59,scan_executed_new_execution_bar,USDJPY,2025.10.23 20:00:00,0,
2025.10.23 20:24:59,scan_skipped_same_execution_bar,USDJPY,2025.10.23 20:00:00,0,
2025.10.23 20:34:59,scan_executed_new_execution_bar,USDJPY,2025.10.23 20:15:00,0,
2025.10.23 20:39:59,scan_skipped_same_execution_bar,USDJPY,2025.10.23 20:15:00,0,
2025.10.23 20:49:59,scan_executed_new_execution_bar,USDJPY,2025.10.23 20:30:00,0,
2025.10.23 20:54:59,scan_skipped_same_execution_bar,USDJPY,2025.10.23 20:30:00,0,
2025.10.23 21:04:59,scan_executed_new_execution_bar,USDJPY,2025.10.23 20:45:00,0,
2025.10.23 21:09:59,scan_skipped_same_execution_bar,USDJPY,2025.10.23 20:45:00,0,
2025.10.23 21:19:59,scan_executed_new_execution_bar,USDJPY,2025.10.23 21:00:00,0,
2025.10.23 21:24:59,scan_skipped_same_execution_bar,USDJPY,2025.10.23 21:00:00,0,
2025.10.23 21:34:59,scan_executed_new_execution_bar,USDJPY,2025.10.23 21:15:00,0,
2025.10.23 21:39:59,scan_skipped_same_execution_bar,USDJPY,2025.10.23 21:15:00,0,
2025.10.23 21:49:59,scan_executed_new_execution_bar,USDJPY,2025.10.23 21:30:00,0,
2025.10.23 21:54:58,scan_skipped_same_execution_bar,USDJPY,2025.10.23 21:30:00,0,
2025.10.23 22:04:59,scan_executed_new_execution_bar,USDJPY,2025.10.23 21:45:00,0,
2025.10.23 22:09:59,scan_skipped_same_execution_bar,USDJPY,2025.10.23 21:45:00,0,
2025.10.23 22:19:58,scan_executed_new_execution_bar,USDJPY,2025.10.23 22:00:00,0,
2025.10.23 22:24:59,scan_skipped_same_execution_bar,USDJPY,2025.10.23 22:00:00,0,
2025.10.23 22:34:58,scan_executed_new_execution_bar,USDJPY,2025.10.23 22:15:00,15,
2025.10.23 22:39:57,scan_skipped_same_execution_bar,USDJPY,2025.10.23 22:15:00,0,
2025.10.23 22:49:59,scan_executed_new_execution_bar,USDJPY,2025.10.23 22:30:00,0,
2025.10.23 22:54:59,scan_skipped_same_execution_bar,USDJPY,2025.10.23 22:30:00,0,
2025.10.23 23:04:59,scan_executed_new_execution_bar,USDJPY,2025.10.23 22:45:00,0,
2025.10.23 23:09:59,scan_skipped_same_execution_bar,USDJPY,2025.10.23 22:45:00,0,
2025.10.23 23:19:56,scan_executed_new_execution_bar,USDJPY,2025.10.23 23:00:00,16,
2025.10.23 23:24:57,scan_skipped_same_execution_bar,USDJPY,2025.10.23 23:00:00,0,
2025.10.23 23:34:54,scan_executed_new_execution_bar,USDJPY,2025.10.23 23:15:00,0,
2025.10.23 23:39:57,scan_skipped_same_execution_bar,USDJPY,2025.10.23 23:15:00,0,
2025.10.23 23:49:59,scan_executed_new_execution_bar,USDJPY,2025.10.23 23:30:00,0,
2025.10.23 23:54:59,scan_skipped_same_execution_bar,USDJPY,2025.10.23 23:30:00,0,
2025.10.24 00:04:41,scan_executed_new_execution_bar,USDJPY,2025.10.23 23:45:00,0,
2025.10.24 00:09:56,scan_skipped_same_execution_bar,USDJPY,2025.10.23 23:45:00,0,
2025.10.24 00:19:59,scan_executed_new_execution_bar,USDJPY,2025.10.24 00:00:00,0,
2025.10.24 00:24:59,scan_skipped_same_execution_bar,USDJPY,2025.10.24 00:00:00,0,
2025.10.24 00:34:58,scan_executed_new_execution_bar,USDJPY,2025.10.24 00:15:00,0,
2025.10.24 00:39:59,scan_skipped_same_execution_bar,USDJPY,2025.10.24 00:15:00,0,
2025.10.24 00:49:56,scan_executed_new_execution_bar,USDJPY,2025.10.24 00:30:00,0,
2025.10.24 00:54:59,scan_skipped_same_execution_bar,USDJPY,2025.10.24 00:30:00,0,
2025.10.24 01:04:59,scan_executed_new_execution_bar,USDJPY,2025.10.24 00:45:00,0,
2025.10.24 01:09:52,scan_skipped_same_execution_bar,USDJPY,2025.10.24 00:45:00,0,
2025.10.24 01:19:59,scan_executed_new_execution_bar,USDJPY,2025.10.24 01:00:00,0,
2025.10.24 01:24:56,scan_skipped_same_execution_bar,USDJPY,2025.10.24 01:00:00,0,
2025.10.24 01:34:59,scan_executed_new_execution_bar,USDJPY,2025.10.24 01:15:00,0,
2025.10.24 01:39:58,scan_skipped_same_execution_bar,USDJPY,2025.10.24 01:15:00,0,
2025.10.24 01:49:59,scan_executed_new_execution_bar,USDJPY,2025.10.24 01:30:00,0,
2025.10.24 01:54:54,scan_skipped_same_execution_bar,USDJPY,2025.10.24 01:30:00,0,
2025.10.24 02:04:56,scan_executed_new_execution_bar,USDJPY,2025.10.24 01:45:00,0,
2025.10.24 02:09:59,scan_skipped_same_execution_bar,USDJPY,2025.10.24 01:45:00,0,
2025.10.24 02:19:51,scan_executed_new_execution_bar,USDJPY,2025.10.24 02:00:00,0,
2025.10.24 02:24:58,scan_skipped_same_execution_bar,USDJPY,2025.10.24 02:00:00,0,
2025.10.24 02:34:59,scan_executed_new_execution_bar,USDJPY,2025.10.24 02:15:00,0,
2025.10.24 02:39:59,scan_skipped_same_execution_bar,USDJPY,2025.10.24 02:15:00,0,
2025.10.24 02:49:59,scan_executed_new_execution_bar,USDJPY,2025.10.24 02:30:00,0,
2025.10.24 02:54:59,scan_skipped_same_execution_bar,USDJPY,2025.10.24 02:30:00,0,
2025.10.24 03:04:59,scan_executed_new_execution_bar,USDJPY,2025.10.24 02:45:00,15,
2025.10.24 03:09:59,scan_skipped_same_execution_bar,USDJPY,2025.10.24 02:45:00,0,
2025.10.24 03:19:58,scan_executed_new_execution_bar,USDJPY,2025.10.24 03:00:00,0,
2025.10.24 03:24:58,scan_skipped_same_execution_bar,USDJPY,2025.10.24 03:00:00,0,
2025.10.24 03:34:59,scan_executed_new_execution_bar,USDJPY,2025.10.24 03:15:00,0,
2025.10.24 03:39:58,scan_skipped_same_execution_bar,USDJPY,2025.10.24 03:15:00,0,
2025.10.24 03:49:59,scan_executed_new_execution_bar,USDJPY,2025.10.24 03:30:00,0,
2025.10.24 03:54:59,scan_skipped_same_execution_bar,USDJPY,2025.10.24 03:30:00,0,
2025.10.24 04:04:59,scan_executed_new_execution_bar,USDJPY,2025.10.24 03:45:00,0,
2025.10.24 04:09:59,scan_skipped_same_execution_bar,USDJPY,2025.10.24 03:45:00,0,
2025.10.24 04:19:59,scan_executed_new_execution_bar,USDJPY,2025.10.24 04:00:00,0,
2025.10.24 04:24:59,scan_skipped_same_execution_bar,USDJPY,2025.10.24 04:00:00,0,
2025.10.24 04:34:59,scan_executed_new_execution_bar,USDJPY,2025.10.24 04:15:00,0,
2025.10.24 04:39:59,scan_skipped_same_execution_bar,USDJPY,2025.10.24 04:15:00,0,
2025.10.24 04:49:59,scan_executed_new_execution_bar,USDJPY,2025.10.24 04:30:00,0,
2025.10.24 04:54:59,scan_skipped_same_execution_bar,USDJPY,2025.10.24 04:30:00,0,
2025.10.24 05:04:59,scan_executed_new_execution_bar,USDJPY,2025.10.24 04:45:00,0,
2025.10.24 05:09:59,scan_skipped_same_execution_bar,USDJPY,2025.10.24 04:45:00,0,
2025.10.24 05:19:59,scan_executed_new_execution_bar,USDJPY,2025.10.24 05:00:00,0,
2025.10.24 05:24:59,scan_skipped_same_execution_bar,USDJPY,2025.10.24 05:00:00,0,
2025.10.24 05:34:59,scan_executed_new_execution_bar,USDJPY,2025.10.24 05:15:00,0,
2025.10.24 05:39:59,scan_skipped_same_execution_bar,USDJPY,2025.10.24 05:15:00,0,
2025.10.24 05:49:59,scan_executed_new_execution_bar,USDJPY,2025.10.24 05:30:00,31,
2025.10.24 05:54:59,scan_skipped_same_execution_bar,USDJPY,2025.10.24 05:30:00,0,
2025.10.24 06:04:58,scan_executed_new_execution_bar,USDJPY,2025.10.24 05:45:00,0,
2025.10.24 06:09:59,scan_skipped_same_execution_bar,USDJPY,2025.10.24 05:45:00,0,
2025.10.24 06:19:59,scan_executed_new_execution_bar,USDJPY,2025.10.24 06:00:00,0,
2025.10.24 06:24:59,scan_skipped_same_execution_bar,USDJPY,2025.10.24 06:00:00,0,
2025.10.24 06:34:59,scan_executed_new_execution_bar,USDJPY,2025.10.24 06:15:00,16,
2025.10.24 06:39:57,scan_skipped_same_execution_bar,USDJPY,2025.10.24 06:15:00,0,
2025.10.24 06:49:59,scan_executed_new_execution_bar,USDJPY,2025.10.24 06:30:00,0,
2025.10.24 06:54:59,scan_skipped_same_execution_bar,USDJPY,2025.10.24 06:30:00,0,
2025.10.24 07:04:59,scan_executed_new_execution_bar,USDJPY,2025.10.24 06:45:00,0,
2025.10.24 07:09:58,scan_skipped_same_execution_bar,USDJPY,2025.10.24 06:45:00,0,
2025.10.24 07:19:58,scan_executed_new_execution_bar,USDJPY,2025.10.24 07:00:00,0,
2025.10.24 07:24:59,scan_skipped_same_execution_bar,USDJPY,2025.10.24 07:00:00,0,
2025.10.24 07:34:59,scan_executed_new_execution_bar,USDJPY,2025.10.24 07:15:00,0,
2025.10.24 07:39:57,scan_skipped_same_execution_bar,USDJPY,2025.10.24 07:15:00,0,
2025.10.24 07:49:59,scan_executed_new_execution_bar,USDJPY,2025.10.24 07:30:00,0,
2025.10.24 07:54:59,scan_skipped_same_execution_bar,USDJPY,2025.10.24 07:30:00,0,
2025.10.24 08:00:00,scan_executed_new_execution_bar,USDJPY,2025.10.24 07:45:00,0,
2025.10.24 08:04:59,scan_skipped_same_execution_bar,USDJPY,2025.10.24 07:45:00,0,
2025.10.24 08:19:59,scan_executed_new_execution_bar,USDJPY,2025.10.24 08:00:00,0,
2025.10.24 08:24:59,scan_skipped_same_execution_bar,USDJPY,2025.10.24 08:00:00,0,
2025.10.24 08:34:59,scan_executed_new_execution_bar,USDJPY,2025.10.24 08:15:00,0,
2025.10.24 08:39:59,scan_skipped_same_execution_bar,USDJPY,2025.10.24 08:15:00,0,
2025.10.24 08:49:59,scan_executed_new_execution_bar,USDJPY,2025.10.24 08:30:00,16,
2025.10.24 08:54:58,scan_skipped_same_execution_bar,USDJPY,2025.10.24 08:30:00,0,
2025.10.24 09:04:59,scan_executed_new_execution_bar,USDJPY,2025.10.24 08:45:00,0,
2025.10.24 09:09:59,scan_skipped_same_execution_bar,USDJPY,2025.10.24 08:45:00,0,
2025.10.24 09:19:59,scan_executed_new_execution_bar,USDJPY,2025.10.24 09:00:00,0,
2025.10.24 09:24:59,scan_skipped_same_execution_bar,USDJPY,2025.10.24 09:00:00,0,
2025.10.24 09:34:59,scan_executed_new_execution_bar,USDJPY,2025.10.24 09:15:00,0,
2025.10.24 09:39:59,scan_skipped_same_execution_bar,USDJPY,2025.10.24 09:15:00,0,
2025.10.24 09:49:59,scan_executed_new_execution_bar,USDJPY,2025.10.24 09:30:00,0,
2025.10.24 09:54:59,scan_skipped_same_execution_bar,USDJPY,2025.10.24 09:30:00,0,
2025.10.24 10:04:59,scan_executed_new_execution_bar,USDJPY,2025.10.24 09:45:00,0,
2025.10.24 10:09:59,scan_skipped_same_execution_bar,USDJPY,2025.10.24 09:45:00,0,
2025.10.24 10:19:59,scan_executed_new_execution_bar,USDJPY,2025.10.24 10:00:00,32,
2025.10.24 10:24:59,scan_skipped_same_execution_bar,USDJPY,2025.10.24 10:00:00,0,
2025.10.24 10:34:59,scan_executed_new_execution_bar,USDJPY,2025.10.24 10:15:00,15,
2025.10.24 10:39:59,scan_skipped_same_execution_bar,USDJPY,2025.10.24 10:15:00,0,
2025.10.24 10:49:59,scan_executed_new_execution_bar,USDJPY,2025.10.24 10:30:00,0,
2025.10.24 10:54:59,scan_skipped_same_execution_bar,USDJPY,2025.10.24 10:30:00,0,
2025.10.24 11:04:59,scan_executed_new_execution_bar,USDJPY,2025.10.24 10:45:00,31,
2025.10.24 11:09:59,scan_skipped_same_execution_bar,USDJPY,2025.10.24 10:45:00,0,
2025.10.24 11:19:59,scan_executed_new_execution_bar,USDJPY,2025.10.24 11:00:00,15,
2025.10.24 11:24:59,scan_skipped_same_execution_bar,USDJPY,2025.10.24 11:00:00,0,
2025.10.24 11:34:59,scan_executed_new_execution_bar,USDJPY,2025.10.24 11:15:00,16,
2025.10.24 11:39:59,scan_skipped_same_execution_bar,USDJPY,2025.10.24 11:15:00,0,
2025.10.24 11:49:59,scan_executed_new_execution_bar,USDJPY,2025.10.24 11:30:00,46,
2025.10.24 11:54:59,scan_skipped_same_execution_bar,USDJPY,2025.10.24 11:30:00,0,
2025.10.24 12:04:59,scan_executed_new_execution_bar,USDJPY,2025.10.24 11:45:00,16,
2025.10.24 12:09:59,scan_skipped_same_execution_bar,USDJPY,2025.10.24 11:45:00,0,
2025.10.24 12:19:59,scan_executed_new_execution_bar,USDJPY,2025.10.24 12:00:00,47,
2025.10.24 12:24:59,scan_skipped_same_execution_bar,USDJPY,2025.10.24 12:00:00,0,
2025.10.24 12:34:59,scan_executed_new_execution_bar,USDJPY,2025.10.24 12:15:00,16,
2025.10.24 12:39:59,scan_skipped_same_execution_bar,USDJPY,2025.10.24 12:15:00,0,
2025.10.24 12:49:58,scan_executed_new_execution_bar,USDJPY,2025.10.24 12:30:00,15,
2025.10.24 12:54:59,scan_skipped_same_execution_bar,USDJPY,2025.10.24 12:30:00,0,
2025.10.24 13:04:59,scan_executed_new_execution_bar,USDJPY,2025.10.24 12:45:00,0,
2025.10.24 13:09:59,scan_skipped_same_execution_bar,USDJPY,2025.10.24 12:45:00,0,
2025.10.24 13:19:58,scan_executed_new_execution_bar,USDJPY,2025.10.24 13:00:00,16,
2025.10.24 13:24:59,scan_skipped_same_execution_bar,USDJPY,2025.10.24 13:00:00,0,
2025.10.24 13:34:59,scan_executed_new_execution_bar,USDJPY,2025.10.24 13:15:00,0,
2025.10.24 13:39:59,scan_skipped_same_execution_bar,USDJPY,2025.10.24 13:15:00,0,
2025.10.24 13:49:59,scan_executed_new_execution_bar,USDJPY,2025.10.24 13:30:00,16,
2025.10.24 13:54:59,scan_skipped_same_execution_bar,USDJPY,2025.10.24 13:30:00,0,
2025.10.24 14:04:59,scan_executed_new_execution_bar,USDJPY,2025.10.24 13:45:00,0,
2025.10.24 14:09:59,scan_skipped_same_execution_bar,USDJPY,2025.10.24 13:45:00,0,
2025.10.24 14:19:59,scan_executed_new_execution_bar,USDJPY,2025.10.24 14:00:00,0,
2025.10.24 14:24:59,scan_skipped_same_execution_bar,USDJPY,2025.10.24 14:00:00,0,
2025.10.24 14:34:59,scan_executed_new_execution_bar,USDJPY,2025.10.24 14:15:00,16,
2025.10.24 14:39:59,scan_skipped_same_execution_bar,USDJPY,2025.10.24 14:15:00,0,
2025.10.24 14:49:58,scan_executed_new_execution_bar,USDJPY,2025.10.24 14:30:00,0,
2025.10.24 14:54:59,scan_skipped_same_execution_bar,USDJPY,2025.10.24 14:30:00,0,
2025.10.24 15:04:59,scan_executed_new_execution_bar,USDJPY,2025.10.24 14:45:00,0,
2025.10.24 15:09:59,scan_skipped_same_execution_bar,USDJPY,2025.10.24 14:45:00,0,
2025.10.24 15:20:00,scan_executed_new_execution_bar,USDJPY,2025.10.24 15:00:00,0,
2025.10.24 15:24:59,scan_skipped_same_execution_bar,USDJPY,2025.10.24 15:00:00,0,
2025.10.24 15:34:59,scan_executed_new_execution_bar,USDJPY,2025.10.24 15:15:00,0,
2025.10.24 15:39:59,scan_skipped_same_execution_bar,USDJPY,2025.10.24 15:15:00,0,
2025.10.24 15:49:59,scan_executed_new_execution_bar,USDJPY,2025.10.24 15:30:00,0,
2025.10.24 15:54:59,scan_skipped_same_execution_bar,USDJPY,2025.10.24 15:30:00,0,
2025.10.24 16:04:59,scan_executed_new_execution_bar,USDJPY,2025.10.24 15:45:00,0,
2025.10.24 16:09:59,scan_skipped_same_execution_bar,USDJPY,2025.10.24 15:45:00,0,
2025.10.24 16:19:59,scan_executed_new_execution_bar,USDJPY,2025.10.24 16:00:00,0,
2025.10.24 16:25:00,scan_skipped_same_execution_bar,USDJPY,2025.10.24 16:00:00,0,
2025.10.24 16:34:59,scan_executed_new_execution_bar,USDJPY,2025.10.24 16:15:00,16,
2025.10.24 16:39:59,scan_skipped_same_execution_bar,USDJPY,2025.10.24 16:15:00,0,
2025.10.24 16:49:59,scan_executed_new_execution_bar,USDJPY,2025.10.24 16:30:00,15,
2025.10.24 16:54:59,scan_skipped_same_execution_bar,USDJPY,2025.10.24 16:30:00,0,
2025.10.24 17:04:59,scan_executed_new_execution_bar,USDJPY,2025.10.24 16:45:00,16,
2025.10.24 17:09:59,scan_skipped_same_execution_bar,USDJPY,2025.10.24 16:45:00,0,
2025.10.24 17:19:59,scan_executed_new_execution_bar,USDJPY,2025.10.24 17:00:00,15,
2025.10.24 17:24:59,scan_skipped_same_execution_bar,USDJPY,2025.10.24 17:00:00,0,
2025.10.24 17:34:59,scan_executed_new_execution_bar,USDJPY,2025.10.24 17:15:00,16,
2025.10.24 17:39:58,scan_skipped_same_execution_bar,USDJPY,2025.10.24 17:15:00,0,
2025.10.24 17:49:59,scan_executed_new_execution_bar,USDJPY,2025.10.24 17:30:00,16,
2025.10.24 17:54:59,scan_skipped_same_execution_bar,USDJPY,2025.10.24 17:30:00,0,
2025.10.24 18:04:59,scan_executed_new_execution_bar,USDJPY,2025.10.24 17:45:00,0,
2025.10.24 18:09:59,scan_skipped_same_execution_bar,USDJPY,2025.10.24 17:45:00,0,
2025.10.24 18:19:59,scan_executed_new_execution_bar,USDJPY,2025.10.24 18:00:00,15,
2025.10.24 18:24:59,scan_skipped_same_execution_bar,USDJPY,2025.10.24 18:00:00,0,
2025.10.24 18:35:00,scan_executed_new_execution_bar,USDJPY,2025.10.24 18:15:00,0,
2025.10.24 18:39:59,scan_skipped_same_execution_bar,USDJPY,2025.10.24 18:15:00,0,
2025.10.24 18:49:58,scan_executed_new_execution_bar,USDJPY,2025.10.24 18:30:00,0,
2025.10.24 18:54:59,scan_skipped_same_execution_bar,USDJPY,2025.10.24 18:30:00,0,
2025.10.24 19:04:59,scan_executed_new_execution_bar,USDJPY,2025.10.24 18:45:00,16,
2025.10.24 19:09:59,scan_skipped_same_execution_bar,USDJPY,2025.10.24 18:45:00,0,
2025.10.24 19:19:59,scan_executed_new_execution_bar,USDJPY,2025.10.24 19:00:00,15,
2025.10.24 19:24:59,scan_skipped_same_execution_bar,USDJPY,2025.10.24 19:00:00,0,
2025.10.24 19:34:59,scan_executed_new_execution_bar,USDJPY,2025.10.24 19:15:00,0,
2025.10.24 19:39:59,scan_skipped_same_execution_bar,USDJPY,2025.10.24 19:15:00,0,
2025.10.24 19:49:59,scan_executed_new_execution_bar,USDJPY,2025.10.24 19:30:00,0,
2025.10.24 19:54:59,scan_skipped_same_execution_bar,USDJPY,2025.10.24 19:30:00,0,
2025.10.24 20:04:59,scan_executed_new_execution_bar,USDJPY,2025.10.24 19:45:00,0,
2025.10.24 20:09:59,scan_skipped_same_execution_bar,USDJPY,2025.10.24 19:45:00,0,
2025.10.24 20:19:58,scan_executed_new_execution_bar,USDJPY,2025.10.24 20:00:00,31,
2025.10.24 20:24:58,scan_skipped_same_execution_bar,USDJPY,2025.10.24 20:00:00,0,
2025.10.24 20:34:59,scan_executed_new_execution_bar,USDJPY,2025.10.24 20:15:00,0,
2025.10.24 20:39:59,scan_skipped_same_execution_bar,USDJPY,2025.10.24 20:15:00,0,
2025.10.24 20:49:59,scan_executed_new_execution_bar,USDJPY,2025.10.24 20:30:00,0,
2025.10.24 20:54:59,scan_skipped_same_execution_bar,USDJPY,2025.10.24 20:30:00,0,
2025.10.24 21:04:59,scan_executed_new_execution_bar,USDJPY,2025.10.24 20:45:00,0,
2025.10.24 21:09:59,scan_skipped_same_execution_bar,USDJPY,2025.10.24 20:45:00,0,
2025.10.24 21:19:59,scan_executed_new_execution_bar,USDJPY,2025.10.24 21:00:00,0,
2025.10.24 21:24:59,scan_skipped_same_execution_bar,USDJPY,2025.10.24 21:00:00,0,
2025.10.24 21:34:59,scan_executed_new_execution_bar,USDJPY,2025.10.24 21:15:00,0,
2025.10.24 21:39:59,scan_skipped_same_execution_bar,USDJPY,2025.10.24 21:15:00,0,
2025.10.24 21:49:59,scan_executed_new_execution_bar,USDJPY,2025.10.24 21:30:00,0,
2025.10.24 21:54:59,scan_skipped_same_execution_bar,USDJPY,2025.10.24 21:30:00,0,
2025.10.24 22:04:59,scan_executed_new_execution_bar,USDJPY,2025.10.24 21:45:00,0,
2025.10.24 22:09:59,scan_skipped_same_execution_bar,USDJPY,2025.10.24 21:45:00,0,
2025.10.24 22:19:59,scan_executed_new_execution_bar,USDJPY,2025.10.24 22:00:00,0,
2025.10.24 22:24:59,scan_skipped_same_execution_bar,USDJPY,2025.10.24 22:00:00,0,
2025.10.24 22:34:59,scan_executed_new_execution_bar,USDJPY,2025.10.24 22:15:00,0,
2025.10.24 22:39:59,scan_skipped_same_execution_bar,USDJPY,2025.10.24 22:15:00,0,
2025.10.24 22:49:59,scan_executed_new_execution_bar,USDJPY,2025.10.24 22:30:00,0,
2025.10.24 22:54:59,scan_skipped_same_execution_bar,USDJPY,2025.10.24 22:30:00,0,
2025.10.24 23:04:56,scan_executed_new_execution_bar,USDJPY,2025.10.24 22:45:00,0,
2025.10.24 23:09:58,scan_skipped_same_execution_bar,USDJPY,2025.10.24 22:45:00,0,
2025.10.24 23:19:59,scan_executed_new_execution_bar,USDJPY,2025.10.24 23:00:00,0,
2025.10.24 23:24:59,scan_skipped_same_execution_bar,USDJPY,2025.10.24 23:00:00,0,
2025.10.24 23:34:58,scan_executed_new_execution_bar,USDJPY,2025.10.24 23:15:00,0,
2025.10.24 23:39:59,scan_skipped_same_execution_bar,USDJPY,2025.10.24 23:15:00,0,
2025.10.24 23:49:59,scan_executed_new_execution_bar,USDJPY,2025.10.24 23:30:00,0,
2025.10.24 23:54:59,scan_skipped_same_execution_bar,USDJPY,2025.10.24 23:30:00,0,
2025.10.27 00:04:52,scan_executed_new_execution_bar,USDJPY,2025.10.24 23:45:00,0,
2025.10.27 00:09:58,scan_skipped_same_execution_bar,USDJPY,2025.10.24 23:45:00,0,
2025.10.27 00:19:58,scan_executed_new_execution_bar,USDJPY,2025.10.27 00:00:00,0,
2025.10.27 00:24:59,scan_skipped_same_execution_bar,USDJPY,2025.10.27 00:00:00,0,
2025.10.27 00:34:59,scan_executed_new_execution_bar,USDJPY,2025.10.27 00:15:00,0,
2025.10.27 00:39:59,scan_skipped_same_execution_bar,USDJPY,2025.10.27 00:15:00,0,
2025.10.27 00:49:59,scan_executed_new_execution_bar,USDJPY,2025.10.27 00:30:00,0,
2025.10.27 00:54:59,scan_skipped_same_execution_bar,USDJPY,2025.10.27 00:30:00,0,
2025.10.27 01:05:00,scan_executed_new_execution_bar,USDJPY,2025.10.27 00:45:00,0,
2025.10.27 01:09:58,scan_skipped_same_execution_bar,USDJPY,2025.10.27 00:45:00,0,
2025.10.27 01:19:59,scan_executed_new_execution_bar,USDJPY,2025.10.27 01:00:00,0,
2025.10.27 01:24:59,scan_skipped_same_execution_bar,USDJPY,2025.10.27 01:00:00,0,
2025.10.27 01:34:59,scan_executed_new_execution_bar,USDJPY,2025.10.27 01:15:00,0,
2025.10.27 01:40:00,scan_skipped_same_execution_bar,USDJPY,2025.10.27 01:15:00,0,
2025.10.27 01:49:59,scan_executed_new_execution_bar,USDJPY,2025.10.27 01:30:00,0,
2025.10.27 01:54:58,scan_skipped_same_execution_bar,USDJPY,2025.10.27 01:30:00,0,
2025.10.27 02:04:59,scan_executed_new_execution_bar,USDJPY,2025.10.27 01:45:00,0,
2025.10.27 02:09:59,scan_skipped_same_execution_bar,USDJPY,2025.10.27 01:45:00,0,
2025.10.27 02:19:59,scan_executed_new_execution_bar,USDJPY,2025.10.27 02:00:00,0,
2025.10.27 02:24:58,scan_skipped_same_execution_bar,USDJPY,2025.10.27 02:00:00,0,
2025.10.27 02:34:59,scan_executed_new_execution_bar,USDJPY,2025.10.27 02:15:00,15,
2025.10.27 02:39:59,scan_skipped_same_execution_bar,USDJPY,2025.10.27 02:15:00,0,
2025.10.27 02:49:59,scan_executed_new_execution_bar,USDJPY,2025.10.27 02:30:00,16,
2025.10.27 02:54:56,scan_skipped_same_execution_bar,USDJPY,2025.10.27 02:30:00,0,
2025.10.27 03:04:59,scan_executed_new_execution_bar,USDJPY,2025.10.27 02:45:00,0,
2025.10.27 03:09:59,scan_skipped_same_execution_bar,USDJPY,2025.10.27 02:45:00,0,
2025.10.27 03:19:59,scan_executed_new_execution_bar,USDJPY,2025.10.27 03:00:00,0,
2025.10.27 03:24:59,scan_skipped_same_execution_bar,USDJPY,2025.10.27 03:00:00,0,
2025.10.27 03:34:59,scan_executed_new_execution_bar,USDJPY,2025.10.27 03:15:00,15,
2025.10.27 03:39:59,scan_skipped_same_execution_bar,USDJPY,2025.10.27 03:15:00,0,
2025.10.27 03:50:00,scan_executed_new_execution_bar,USDJPY,2025.10.27 03:30:00,32,
2025.10.27 03:54:59,scan_skipped_same_execution_bar,USDJPY,2025.10.27 03:30:00,0,
2025.10.27 04:04:59,scan_executed_new_execution_bar,USDJPY,2025.10.27 03:45:00,15,
2025.10.27 04:09:59,scan_skipped_same_execution_bar,USDJPY,2025.10.27 03:45:00,0,
2025.10.27 04:19:59,scan_executed_new_execution_bar,USDJPY,2025.10.27 04:00:00,0,
2025.10.27 04:24:59,scan_skipped_same_execution_bar,USDJPY,2025.10.27 04:00:00,0,
2025.10.27 04:34:59,scan_executed_new_execution_bar,USDJPY,2025.10.27 04:15:00,16,
2025.10.27 04:39:59,scan_skipped_same_execution_bar,USDJPY,2025.10.27 04:15:00,0,
2025.10.27 04:49:59,scan_executed_new_execution_bar,USDJPY,2025.10.27 04:30:00,0,
2025.10.27 04:54:59,scan_skipped_same_execution_bar,USDJPY,2025.10.27 04:30:00,0,
2025.10.27 05:04:59,scan_executed_new_execution_bar,USDJPY,2025.10.27 04:45:00,16,
2025.10.27 05:09:59,scan_skipped_same_execution_bar,USDJPY,2025.10.27 04:45:00,0,
2025.10.27 05:19:59,scan_executed_new_execution_bar,USDJPY,2025.10.27 05:00:00,15,
2025.10.27 05:24:58,scan_skipped_same_execution_bar,USDJPY,2025.10.27 05:00:00,0,
2025.10.27 05:34:59,scan_executed_new_execution_bar,USDJPY,2025.10.27 05:15:00,0,
2025.10.27 05:39:59,scan_skipped_same_execution_bar,USDJPY,2025.10.27 05:15:00,0,
2025.10.27 05:49:58,scan_executed_new_execution_bar,USDJPY,2025.10.27 05:30:00,15,
2025.10.27 05:54:59,scan_skipped_same_execution_bar,USDJPY,2025.10.27 05:30:00,0,
2025.10.27 06:04:59,scan_executed_new_execution_bar,USDJPY,2025.10.27 05:45:00,0,
2025.10.27 06:09:59,scan_skipped_same_execution_bar,USDJPY,2025.10.27 05:45:00,0,
2025.10.27 06:19:59,scan_executed_new_execution_bar,USDJPY,2025.10.27 06:00:00,16,
2025.10.27 06:24:59,scan_skipped_same_execution_bar,USDJPY,2025.10.27 06:00:00,0,
2025.10.27 06:34:58,scan_executed_new_execution_bar,USDJPY,2025.10.27 06:15:00,15,
2025.10.27 06:39:59,scan_skipped_same_execution_bar,USDJPY,2025.10.27 06:15:00,0,
2025.10.27 06:49:59,scan_executed_new_execution_bar,USDJPY,2025.10.27 06:30:00,0,
2025.10.27 06:54:59,scan_skipped_same_execution_bar,USDJPY,2025.10.27 06:30:00,0,
2025.10.27 07:04:59,scan_executed_new_execution_bar,USDJPY,2025.10.27 06:45:00,0,
2025.10.27 07:09:59,scan_skipped_same_execution_bar,USDJPY,2025.10.27 06:45:00,0,
2025.10.27 07:19:59,scan_executed_new_execution_bar,USDJPY,2025.10.27 07:00:00,0,
2025.10.27 07:24:59,scan_skipped_same_execution_bar,USDJPY,2025.10.27 07:00:00,0,
2025.10.27 07:34:58,scan_executed_new_execution_bar,USDJPY,2025.10.27 07:15:00,0,
2025.10.27 07:39:59,scan_skipped_same_execution_bar,USDJPY,2025.10.27 07:15:00,0,
2025.10.27 07:49:59,scan_executed_new_execution_bar,USDJPY,2025.10.27 07:30:00,0,
2025.10.27 07:54:59,scan_skipped_same_execution_bar,USDJPY,2025.10.27 07:30:00,0,
2025.10.27 08:04:59,scan_executed_new_execution_bar,USDJPY,2025.10.27 07:45:00,0,
2025.10.27 08:09:59,scan_skipped_same_execution_bar,USDJPY,2025.10.27 07:45:00,0,
2025.10.27 08:20:00,scan_executed_new_execution_bar,USDJPY,2025.10.27 08:00:00,0,
2025.10.27 08:24:57,scan_skipped_same_execution_bar,USDJPY,2025.10.27 08:00:00,0,
2025.10.27 08:34:59,scan_executed_new_execution_bar,USDJPY,2025.10.27 08:15:00,0,
2025.10.27 08:39:58,scan_skipped_same_execution_bar,USDJPY,2025.10.27 08:15:00,0,
2025.10.27 08:49:59,scan_executed_new_execution_bar,USDJPY,2025.10.27 08:30:00,16,
2025.10.27 08:54:59,scan_skipped_same_execution_bar,USDJPY,2025.10.27 08:30:00,0,
2025.10.27 09:04:59,scan_executed_new_execution_bar,USDJPY,2025.10.27 08:45:00,0,
2025.10.27 09:09:58,scan_skipped_same_execution_bar,USDJPY,2025.10.27 08:45:00,0,
2025.10.27 09:19:58,scan_executed_new_execution_bar,USDJPY,2025.10.27 09:00:00,0,
2025.10.27 09:24:59,scan_skipped_same_execution_bar,USDJPY,2025.10.27 09:00:00,0,
2025.10.27 09:34:59,scan_executed_new_execution_bar,USDJPY,2025.10.27 09:15:00,0,
2025.10.27 09:39:59,scan_skipped_same_execution_bar,USDJPY,2025.10.27 09:15:00,0,
2025.10.27 09:49:58,scan_executed_new_execution_bar,USDJPY,2025.10.27 09:30:00,0,
2025.10.27 09:54:59,scan_skipped_same_execution_bar,USDJPY,2025.10.27 09:30:00,0,
2025.10.27 10:04:59,scan_executed_new_execution_bar,USDJPY,2025.10.27 09:45:00,0,
2025.10.27 10:09:59,scan_skipped_same_execution_bar,USDJPY,2025.10.27 09:45:00,0,
2025.10.27 10:19:59,scan_executed_new_execution_bar,USDJPY,2025.10.27 10:00:00,0,
2025.10.27 10:24:59,scan_skipped_same_execution_bar,USDJPY,2025.10.27 10:00:00,0,
2025.10.27 10:34:59,scan_executed_new_execution_bar,USDJPY,2025.10.27 10:15:00,0,
2025.10.27 10:39:59,scan_skipped_same_execution_bar,USDJPY,2025.10.27 10:15:00,0,
2025.10.27 10:49:59,scan_executed_new_execution_bar,USDJPY,2025.10.27 10:30:00,0,
2025.10.27 10:54:59,scan_skipped_same_execution_bar,USDJPY,2025.10.27 10:30:00,0,
2025.10.27 11:04:59,scan_executed_new_execution_bar,USDJPY,2025.10.27 10:45:00,15,
2025.10.27 11:09:59,scan_skipped_same_execution_bar,USDJPY,2025.10.27 10:45:00,0,
2025.10.27 11:19:59,scan_executed_new_execution_bar,USDJPY,2025.10.27 11:00:00,0,
2025.10.27 11:24:59,scan_skipped_same_execution_bar,USDJPY,2025.10.27 11:00:00,0,
2025.10.27 11:34:59,scan_executed_new_execution_bar,USDJPY,2025.10.27 11:15:00,16,
2025.10.27 11:39:59,scan_skipped_same_execution_bar,USDJPY,2025.10.27 11:15:00,0,
2025.10.27 11:49:59,scan_executed_new_execution_bar,USDJPY,2025.10.27 11:30:00,0,
2025.10.27 11:54:59,scan_skipped_same_execution_bar,USDJPY,2025.10.27 11:30:00,0,
2025.10.27 12:04:59,scan_executed_new_execution_bar,USDJPY,2025.10.27 11:45:00,16,
2025.10.27 12:09:59,scan_skipped_same_execution_bar,USDJPY,2025.10.27 11:45:00,0,
2025.10.27 12:19:59,scan_executed_new_execution_bar,USDJPY,2025.10.27 12:00:00,15,
2025.10.27 12:24:59,scan_skipped_same_execution_bar,USDJPY,2025.10.27 12:00:00,0,
2025.10.27 12:34:59,scan_executed_new_execution_bar,USDJPY,2025.10.27 12:15:00,0,
2025.10.27 12:39:58,scan_skipped_same_execution_bar,USDJPY,2025.10.27 12:15:00,0,
2025.10.27 12:49:59,scan_executed_new_execution_bar,USDJPY,2025.10.27 12:30:00,0,
2025.10.27 12:54:59,scan_skipped_same_execution_bar,USDJPY,2025.10.27 12:30:00,0,
2025.10.27 13:04:59,scan_executed_new_execution_bar,USDJPY,2025.10.27 12:45:00,16,
2025.10.27 13:09:59,scan_skipped_same_execution_bar,USDJPY,2025.10.27 12:45:00,0,
2025.10.27 13:19:59,scan_executed_new_execution_bar,USDJPY,2025.10.27 13:00:00,0,
2025.10.27 13:24:59,scan_skipped_same_execution_bar,USDJPY,2025.10.27 13:00:00,0,
2025.10.27 13:34:59,scan_executed_new_execution_bar,USDJPY,2025.10.27 13:15:00,31,
2025.10.27 13:39:58,scan_skipped_same_execution_bar,USDJPY,2025.10.27 13:15:00,0,
2025.10.27 13:49:59,scan_executed_new_execution_bar,USDJPY,2025.10.27 13:30:00,0,
2025.10.27 13:54:58,scan_skipped_same_execution_bar,USDJPY,2025.10.27 13:30:00,0,
2025.10.27 14:04:59,scan_executed_new_execution_bar,USDJPY,2025.10.27 13:45:00,0,
2025.10.27 14:10:00,scan_skipped_same_execution_bar,USDJPY,2025.10.27 13:45:00,0,
2025.10.27 14:19:59,scan_executed_new_execution_bar,USDJPY,2025.10.27 14:00:00,0,
2025.10.27 14:24:59,scan_skipped_same_execution_bar,USDJPY,2025.10.27 14:00:00,0,
2025.10.27 14:34:59,scan_executed_new_execution_bar,USDJPY,2025.10.27 14:15:00,16,
2025.10.27 14:40:00,scan_skipped_same_execution_bar,USDJPY,2025.10.27 14:15:00,0,
2025.10.27 14:49:59,scan_executed_new_execution_bar,USDJPY,2025.10.27 14:30:00,16,
2025.10.27 14:54:59,scan_skipped_same_execution_bar,USDJPY,2025.10.27 14:30:00,0,
2025.10.27 15:04:59,scan_executed_new_execution_bar,USDJPY,2025.10.27 14:45:00,0,
2025.10.27 15:09:59,scan_skipped_same_execution_bar,USDJPY,2025.10.27 14:45:00,0,
2025.10.27 15:19:59,scan_executed_new_execution_bar,USDJPY,2025.10.27 15:00:00,0,
2025.10.27 15:24:58,scan_skipped_same_execution_bar,USDJPY,2025.10.27 15:00:00,0,
2025.10.27 15:34:59,scan_executed_new_execution_bar,USDJPY,2025.10.27 15:15:00,31,
2025.10.27 15:39:59,scan_skipped_same_execution_bar,USDJPY,2025.10.27 15:15:00,0,
2025.10.27 15:49:59,scan_executed_new_execution_bar,USDJPY,2025.10.27 15:30:00,16,
2025.10.27 15:54:59,scan_skipped_same_execution_bar,USDJPY,2025.10.27 15:30:00,0,
2025.10.27 16:04:59,scan_executed_new_execution_bar,USDJPY,2025.10.27 15:45:00,0,
2025.10.27 16:09:59,scan_skipped_same_execution_bar,USDJPY,2025.10.27 15:45:00,0,
2025.10.27 16:19:59,scan_executed_new_execution_bar,USDJPY,2025.10.27 16:00:00,16,
2025.10.27 16:24:59,scan_skipped_same_execution_bar,USDJPY,2025.10.27 16:00:00,0,
2025.10.27 16:34:59,scan_executed_new_execution_bar,USDJPY,2025.10.27 16:15:00,0,
2025.10.27 16:39:59,scan_skipped_same_execution_bar,USDJPY,2025.10.27 16:15:00,0,
2025.10.27 16:49:59,scan_executed_new_execution_bar,USDJPY,2025.10.27 16:30:00,0,
2025.10.27 16:54:59,scan_skipped_same_execution_bar,USDJPY,2025.10.27 16:30:00,0,
2025.10.27 17:04:59,scan_executed_new_execution_bar,USDJPY,2025.10.27 16:45:00,32,
2025.10.27 17:09:59,scan_skipped_same_execution_bar,USDJPY,2025.10.27 16:45:00,0,
2025.10.27 17:19:59,scan_executed_new_execution_bar,USDJPY,2025.10.27 17:00:00,0,
2025.10.27 17:24:59,scan_skipped_same_execution_bar,USDJPY,2025.10.27 17:00:00,0,
2025.10.27 17:34:59,scan_executed_new_execution_bar,USDJPY,2025.10.27 17:15:00,16,
2025.10.27 17:39:59,scan_skipped_same_execution_bar,USDJPY,2025.10.27 17:15:00,0,
2025.10.27 17:50:00,scan_executed_new_execution_bar,USDJPY,2025.10.27 17:30:00,0,
2025.10.27 17:54:59,scan_skipped_same_execution_bar,USDJPY,2025.10.27 17:30:00,0,
2025.10.27 18:04:59,scan_executed_new_execution_bar,USDJPY,2025.10.27 17:45:00,31,
2025.10.27 18:09:59,scan_skipped_same_execution_bar,USDJPY,2025.10.27 17:45:00,0,
2025.10.27 18:19:59,scan_executed_new_execution_bar,USDJPY,2025.10.27 18:00:00,16,
2025.10.27 18:24:59,scan_skipped_same_execution_bar,USDJPY,2025.10.27 18:00:00,0,
2025.10.27 18:34:59,scan_executed_new_execution_bar,USDJPY,2025.10.27 18:15:00,0,
2025.10.27 18:39:59,scan_skipped_same_execution_bar,USDJPY,2025.10.27 18:15:00,0,
2025.10.27 18:49:59,scan_executed_new_execution_bar,USDJPY,2025.10.27 18:30:00,0,
2025.10.27 18:54:59,scan_skipped_same_execution_bar,USDJPY,2025.10.27 18:30:00,0,
2025.10.27 19:04:59,scan_executed_new_execution_bar,USDJPY,2025.10.27 18:45:00,0,
2025.10.27 19:09:59,scan_skipped_same_execution_bar,USDJPY,2025.10.27 18:45:00,0,
2025.10.27 19:19:59,scan_executed_new_execution_bar,USDJPY,2025.10.27 19:00:00,15,
2025.10.27 19:24:59,scan_skipped_same_execution_bar,USDJPY,2025.10.27 19:00:00,0,
2025.10.27 19:34:59,scan_executed_new_execution_bar,USDJPY,2025.10.27 19:15:00,16,
2025.10.27 19:39:59,scan_skipped_same_execution_bar,USDJPY,2025.10.27 19:15:00,0,
2025.10.27 19:49:59,scan_executed_new_execution_bar,USDJPY,2025.10.27 19:30:00,0,
2025.10.27 19:54:58,scan_skipped_same_execution_bar,USDJPY,2025.10.27 19:30:00,0,
2025.10.27 20:04:59,scan_executed_new_execution_bar,USDJPY,2025.10.27 19:45:00,15,
2025.10.27 20:09:59,scan_skipped_same_execution_bar,USDJPY,2025.10.27 19:45:00,0,
2025.10.27 20:19:58,scan_executed_new_execution_bar,USDJPY,2025.10.27 20:00:00,0,
2025.10.27 20:24:59,scan_skipped_same_execution_bar,USDJPY,2025.10.27 20:00:00,0,
2025.10.27 20:34:58,scan_executed_new_execution_bar,USDJPY,2025.10.27 20:15:00,0,
2025.10.27 20:39:59,scan_skipped_same_execution_bar,USDJPY,2025.10.27 20:15:00,0,
2025.10.27 20:49:59,scan_executed_new_execution_bar,USDJPY,2025.10.27 20:30:00,0,
2025.10.27 20:54:59,scan_skipped_same_execution_bar,USDJPY,2025.10.27 20:30:00,0,
2025.10.27 21:04:58,scan_executed_new_execution_bar,USDJPY,2025.10.27 20:45:00,16,
2025.10.27 21:09:59,scan_skipped_same_execution_bar,USDJPY,2025.10.27 20:45:00,0,
2025.10.27 21:19:59,scan_executed_new_execution_bar,USDJPY,2025.10.27 21:00:00,0,
2025.10.27 21:24:59,scan_skipped_same_execution_bar,USDJPY,2025.10.27 21:00:00,0,
2025.10.27 21:34:59,scan_executed_new_execution_bar,USDJPY,2025.10.27 21:15:00,0,
2025.10.27 21:39:55,scan_skipped_same_execution_bar,USDJPY,2025.10.27 21:15:00,0,
2025.10.27 21:49:59,scan_executed_new_execution_bar,USDJPY,2025.10.27 21:30:00,0,
2025.10.27 21:54:59,scan_skipped_same_execution_bar,USDJPY,2025.10.27 21:30:00,0,
2025.10.27 22:04:59,scan_executed_new_execution_bar,USDJPY,2025.10.27 21:45:00,0,
2025.10.27 22:09:59,scan_skipped_same_execution_bar,USDJPY,2025.10.27 21:45:00,0,
2025.10.27 22:20:00,scan_executed_new_execution_bar,USDJPY,2025.10.27 22:00:00,0,
2025.10.27 22:24:59,scan_skipped_same_execution_bar,USDJPY,2025.10.27 22:00:00,0,
2025.10.27 22:34:59,scan_executed_new_execution_bar,USDJPY,2025.10.27 22:15:00,16,
2025.10.27 22:39:59,scan_skipped_same_execution_bar,USDJPY,2025.10.27 22:15:00,0,
2025.10.27 22:49:57,scan_executed_new_execution_bar,USDJPY,2025.10.27 22:30:00,0,
2025.10.27 22:54:59,scan_skipped_same_execution_bar,USDJPY,2025.10.27 22:30:00,0,
2025.10.27 23:04:59,scan_executed_new_execution_bar,USDJPY,2025.10.27 22:45:00,0,
2025.10.27 23:09:59,scan_skipped_same_execution_bar,USDJPY,2025.10.27 22:45:00,0,
2025.10.27 23:19:52,scan_executed_new_execution_bar,USDJPY,2025.10.27 23:00:00,0,
2025.10.27 23:24:55,scan_skipped_same_execution_bar,USDJPY,2025.10.27 23:00:00,0,
2025.10.27 23:34:59,scan_executed_new_execution_bar,USDJPY,2025.10.27 23:15:00,0,
2025.10.27 23:39:55,scan_skipped_same_execution_bar,USDJPY,2025.10.27 23:15:00,0,
2025.10.27 23:49:59,scan_executed_new_execution_bar,USDJPY,2025.10.27 23:30:00,0,
2025.10.27 23:54:59,scan_skipped_same_execution_bar,USDJPY,2025.10.27 23:30:00,0,
2025.10.28 00:04:44,scan_executed_new_execution_bar,USDJPY,2025.10.27 23:45:00,0,
2025.10.28 00:09:59,scan_skipped_same_execution_bar,USDJPY,2025.10.27 23:45:00,0,
2025.10.28 00:19:56,scan_executed_new_execution_bar,USDJPY,2025.10.28 00:00:00,0,
2025.10.28 00:24:55,scan_skipped_same_execution_bar,USDJPY,2025.10.28 00:00:00,0,
2025.10.28 00:34:57,scan_executed_new_execution_bar,USDJPY,2025.10.28 00:15:00,0,
2025.10.28 00:39:59,scan_skipped_same_execution_bar,USDJPY,2025.10.28 00:15:00,0,
2025.10.28 00:49:59,scan_executed_new_execution_bar,USDJPY,2025.10.28 00:30:00,0,
2025.10.28 00:54:58,scan_skipped_same_execution_bar,USDJPY,2025.10.28 00:30:00,0,
2025.10.28 01:05:00,scan_executed_new_execution_bar,USDJPY,2025.10.28 00:45:00,0,
2025.10.28 01:09:59,scan_skipped_same_execution_bar,USDJPY,2025.10.28 00:45:00,0,
2025.10.28 01:19:59,scan_executed_new_execution_bar,USDJPY,2025.10.28 01:00:00,15,
2025.10.28 01:24:52,scan_skipped_same_execution_bar,USDJPY,2025.10.28 01:00:00,0,
2025.10.28 01:35:00,scan_executed_new_execution_bar,USDJPY,2025.10.28 01:15:00,0,
2025.10.28 01:39:59,scan_skipped_same_execution_bar,USDJPY,2025.10.28 01:15:00,0,
2025.10.28 01:50:00,scan_executed_new_execution_bar,USDJPY,2025.10.28 01:30:00,0,
2025.10.28 01:54:58,scan_skipped_same_execution_bar,USDJPY,2025.10.28 01:30:00,0,
2025.10.28 02:04:59,scan_executed_new_execution_bar,USDJPY,2025.10.28 01:45:00,0,
2025.10.28 02:09:59,scan_skipped_same_execution_bar,USDJPY,2025.10.28 01:45:00,0,
2025.10.28 02:19:52,scan_executed_new_execution_bar,USDJPY,2025.10.28 02:00:00,0,
2025.10.28 02:24:59,scan_skipped_same_execution_bar,USDJPY,2025.10.28 02:00:00,0,
2025.10.28 02:34:59,scan_executed_new_execution_bar,USDJPY,2025.10.28 02:15:00,16,
2025.10.28 02:39:59,scan_skipped_same_execution_bar,USDJPY,2025.10.28 02:15:00,0,
2025.10.28 02:49:58,scan_executed_new_execution_bar,USDJPY,2025.10.28 02:30:00,0,
2025.10.28 02:54:59,scan_skipped_same_execution_bar,USDJPY,2025.10.28 02:30:00,0,
2025.10.28 03:04:59,scan_executed_new_execution_bar,USDJPY,2025.10.28 02:45:00,0,
2025.10.28 03:09:59,scan_skipped_same_execution_bar,USDJPY,2025.10.28 02:45:00,0,
2025.10.28 03:19:58,scan_executed_new_execution_bar,USDJPY,2025.10.28 03:00:00,0,
2025.10.28 03:24:59,scan_skipped_same_execution_bar,USDJPY,2025.10.28 03:00:00,0,
2025.10.28 03:34:59,scan_executed_new_execution_bar,USDJPY,2025.10.28 03:15:00,0,
2025.10.28 03:39:58,scan_skipped_same_execution_bar,USDJPY,2025.10.28 03:15:00,0,
2025.10.28 03:49:59,scan_executed_new_execution_bar,USDJPY,2025.10.28 03:30:00,0,
2025.10.28 03:54:59,scan_skipped_same_execution_bar,USDJPY,2025.10.28 03:30:00,0,
2025.10.28 04:04:59,scan_executed_new_execution_bar,USDJPY,2025.10.28 03:45:00,15,
2025.10.28 04:09:59,scan_skipped_same_execution_bar,USDJPY,2025.10.28 03:45:00,0,
2025.10.28 04:19:59,scan_executed_new_execution_bar,USDJPY,2025.10.28 04:00:00,0,
2025.10.28 04:24:59,scan_skipped_same_execution_bar,USDJPY,2025.10.28 04:00:00,0,
2025.10.28 04:34:59,scan_executed_new_execution_bar,USDJPY,2025.10.28 04:15:00,31,
2025.10.28 04:39:59,scan_skipped_same_execution_bar,USDJPY,2025.10.28 04:15:00,0,
2025.10.28 04:49:59,scan_executed_new_execution_bar,USDJPY,2025.10.28 04:30:00,0,
2025.10.28 04:54:59,scan_skipped_same_execution_bar,USDJPY,2025.10.28 04:30:00,0,
2025.10.28 05:04:59,scan_executed_new_execution_bar,USDJPY,2025.10.28 04:45:00,31,
2025.10.28 05:09:59,scan_skipped_same_execution_bar,USDJPY,2025.10.28 04:45:00,0,
2025.10.28 05:19:58,scan_executed_new_execution_bar,USDJPY,2025.10.28 05:00:00,16,
2025.10.28 05:24:59,scan_skipped_same_execution_bar,USDJPY,2025.10.28 05:00:00,0,
2025.10.28 05:34:59,scan_executed_new_execution_bar,USDJPY,2025.10.28 05:15:00,16,
2025.10.28 05:39:59,scan_skipped_same_execution_bar,USDJPY,2025.10.28 05:15:00,0,
2025.10.28 05:49:59,scan_executed_new_execution_bar,USDJPY,2025.10.28 05:30:00,0,
2025.10.28 05:54:59,scan_skipped_same_execution_bar,USDJPY,2025.10.28 05:30:00,0,
2025.10.28 06:04:59,scan_executed_new_execution_bar,USDJPY,2025.10.28 05:45:00,16,
2025.10.28 06:09:59,scan_skipped_same_execution_bar,USDJPY,2025.10.28 05:45:00,0,
2025.10.28 06:19:57,scan_executed_new_execution_bar,USDJPY,2025.10.28 06:00:00,0,
2025.10.28 06:24:59,scan_skipped_same_execution_bar,USDJPY,2025.10.28 06:00:00,0,
2025.10.28 06:34:56,scan_executed_new_execution_bar,USDJPY,2025.10.28 06:15:00,16,
2025.10.28 06:39:57,scan_skipped_same_execution_bar,USDJPY,2025.10.28 06:15:00,0,
2025.10.28 06:49:59,scan_executed_new_execution_bar,USDJPY,2025.10.28 06:30:00,0,
2025.10.28 06:54:59,scan_skipped_same_execution_bar,USDJPY,2025.10.28 06:30:00,0,
2025.10.28 07:04:59,scan_executed_new_execution_bar,USDJPY,2025.10.28 06:45:00,0,
2025.10.28 07:09:59,scan_skipped_same_execution_bar,USDJPY,2025.10.28 06:45:00,0,
2025.10.28 07:19:59,scan_executed_new_execution_bar,USDJPY,2025.10.28 07:00:00,16,
2025.10.28 07:24:59,scan_skipped_same_execution_bar,USDJPY,2025.10.28 07:00:00,0,
2025.10.28 07:34:57,scan_executed_new_execution_bar,USDJPY,2025.10.28 07:15:00,0,
2025.10.28 07:39:59,scan_skipped_same_execution_bar,USDJPY,2025.10.28 07:15:00,0,
2025.10.28 07:49:59,scan_executed_new_execution_bar,USDJPY,2025.10.28 07:30:00,0,
2025.10.28 07:54:59,scan_skipped_same_execution_bar,USDJPY,2025.10.28 07:30:00,0,
2025.10.28 08:04:59,scan_executed_new_execution_bar,USDJPY,2025.10.28 07:45:00,0,
2025.10.28 08:09:59,scan_skipped_same_execution_bar,USDJPY,2025.10.28 07:45:00,0,
2025.10.28 08:19:59,scan_executed_new_execution_bar,USDJPY,2025.10.28 08:00:00,15,
2025.10.28 08:24:59,scan_skipped_same_execution_bar,USDJPY,2025.10.28 08:00:00,0,
2025.10.28 08:34:59,scan_executed_new_execution_bar,USDJPY,2025.10.28 08:15:00,0,
2025.10.28 08:39:59,scan_skipped_same_execution_bar,USDJPY,2025.10.28 08:15:00,0,
2025.10.28 08:49:59,scan_executed_new_execution_bar,USDJPY,2025.10.28 08:30:00,31,
2025.10.28 08:54:59,scan_skipped_same_execution_bar,USDJPY,2025.10.28 08:30:00,0,
2025.10.28 09:04:59,scan_executed_new_execution_bar,USDJPY,2025.10.28 08:45:00,0,
2025.10.28 09:09:59,scan_skipped_same_execution_bar,USDJPY,2025.10.28 08:45:00,0,
2025.10.28 09:19:59,scan_executed_new_execution_bar,USDJPY,2025.10.28 09:00:00,0,
2025.10.28 09:24:59,scan_skipped_same_execution_bar,USDJPY,2025.10.28 09:00:00,0,
2025.10.28 09:34:59,scan_executed_new_execution_bar,USDJPY,2025.10.28 09:15:00,31,
2025.10.28 09:39:59,scan_skipped_same_execution_bar,USDJPY,2025.10.28 09:15:00,0,
2025.10.28 09:49:59,scan_executed_new_execution_bar,USDJPY,2025.10.28 09:30:00,16,
2025.10.28 09:54:59,scan_skipped_same_execution_bar,USDJPY,2025.10.28 09:30:00,0,
2025.10.28 10:04:59,scan_executed_new_execution_bar,USDJPY,2025.10.28 09:45:00,0,
2025.10.28 10:09:59,scan_skipped_same_execution_bar,USDJPY,2025.10.28 09:45:00,0,
2025.10.28 10:19:58,scan_executed_new_execution_bar,USDJPY,2025.10.28 10:00:00,31,
2025.10.28 10:24:59,scan_skipped_same_execution_bar,USDJPY,2025.10.28 10:00:00,0,
2025.10.28 10:34:59,scan_executed_new_execution_bar,USDJPY,2025.10.28 10:15:00,0,
2025.10.28 10:39:59,scan_skipped_same_execution_bar,USDJPY,2025.10.28 10:15:00,0,
2025.10.28 10:49:59,scan_executed_new_execution_bar,USDJPY,2025.10.28 10:30:00,0,
2025.10.28 10:54:59,scan_skipped_same_execution_bar,USDJPY,2025.10.28 10:30:00,0,
2025.10.28 11:04:59,scan_executed_new_execution_bar,USDJPY,2025.10.28 10:45:00,0,
2025.10.28 11:09:59,scan_skipped_same_execution_bar,USDJPY,2025.10.28 10:45:00,0,
2025.10.28 11:19:59,scan_executed_new_execution_bar,USDJPY,2025.10.28 11:00:00,0,
2025.10.28 11:24:59,scan_skipped_same_execution_bar,USDJPY,2025.10.28 11:00:00,0,
2025.10.28 11:34:59,scan_executed_new_execution_bar,USDJPY,2025.10.28 11:15:00,0,
2025.10.28 11:39:59,scan_skipped_same_execution_bar,USDJPY,2025.10.28 11:15:00,0,
2025.10.28 11:49:59,scan_executed_new_execution_bar,USDJPY,2025.10.28 11:30:00,0,
2025.10.28 11:54:59,scan_skipped_same_execution_bar,USDJPY,2025.10.28 11:30:00,0,
2025.10.28 12:04:59,scan_executed_new_execution_bar,USDJPY,2025.10.28 11:45:00,31,
2025.10.28 12:09:59,scan_skipped_same_execution_bar,USDJPY,2025.10.28 11:45:00,0,
2025.10.28 12:19:59,scan_executed_new_execution_bar,USDJPY,2025.10.28 12:00:00,0,
2025.10.28 12:24:59,scan_skipped_same_execution_bar,USDJPY,2025.10.28 12:00:00,0,
2025.10.28 12:34:58,scan_executed_new_execution_bar,USDJPY,2025.10.28 12:15:00,31,
2025.10.28 12:39:59,scan_skipped_same_execution_bar,USDJPY,2025.10.28 12:15:00,0,
2025.10.28 12:49:59,scan_executed_new_execution_bar,USDJPY,2025.10.28 12:30:00,0,
2025.10.28 12:54:58,scan_skipped_same_execution_bar,USDJPY,2025.10.28 12:30:00,0,
2025.10.28 13:04:59,scan_executed_new_execution_bar,USDJPY,2025.10.28 12:45:00,0,
2025.10.28 13:09:59,scan_skipped_same_execution_bar,USDJPY,2025.10.28 12:45:00,0,
2025.10.28 13:19:59,scan_executed_new_execution_bar,USDJPY,2025.10.28 13:00:00,31,
2025.10.28 13:24:59,scan_skipped_same_execution_bar,USDJPY,2025.10.28 13:00:00,0,
2025.10.28 13:34:58,scan_executed_new_execution_bar,USDJPY,2025.10.28 13:15:00,16,
2025.10.28 13:39:59,scan_skipped_same_execution_bar,USDJPY,2025.10.28 13:15:00,0,
2025.10.28 13:49:59,scan_executed_new_execution_bar,USDJPY,2025.10.28 13:30:00,0,
2025.10.28 13:54:59,scan_skipped_same_execution_bar,USDJPY,2025.10.28 13:30:00,0,
2025.10.28 14:04:59,scan_executed_new_execution_bar,USDJPY,2025.10.28 13:45:00,0,
2025.10.28 14:09:59,scan_skipped_same_execution_bar,USDJPY,2025.10.28 13:45:00,0,
2025.10.28 14:19:59,scan_executed_new_execution_bar,USDJPY,2025.10.28 14:00:00,15,
2025.10.28 14:24:59,scan_skipped_same_execution_bar,USDJPY,2025.10.28 14:00:00,0,
2025.10.28 14:34:59,scan_executed_new_execution_bar,USDJPY,2025.10.28 14:15:00,0,
2025.10.28 14:39:59,scan_skipped_same_execution_bar,USDJPY,2025.10.28 14:15:00,0,
2025.10.28 14:49:59,scan_executed_new_execution_bar,USDJPY,2025.10.28 14:30:00,0,
2025.10.28 14:54:59,scan_skipped_same_execution_bar,USDJPY,2025.10.28 14:30:00,0,
2025.10.28 15:04:59,scan_executed_new_execution_bar,USDJPY,2025.10.28 14:45:00,0,
2025.10.28 15:09:59,scan_skipped_same_execution_bar,USDJPY,2025.10.28 14:45:00,0,
2025.10.28 15:19:59,scan_executed_new_execution_bar,USDJPY,2025.10.28 15:00:00,0,
2025.10.28 15:24:59,scan_skipped_same_execution_bar,USDJPY,2025.10.28 15:00:00,0,
2025.10.28 15:34:59,scan_executed_new_execution_bar,USDJPY,2025.10.28 15:15:00,0,
2025.10.28 15:39:59,scan_skipped_same_execution_bar,USDJPY,2025.10.28 15:15:00,0,
2025.10.28 15:49:59,scan_executed_new_execution_bar,USDJPY,2025.10.28 15:30:00,0,
2025.10.28 15:54:59,scan_skipped_same_execution_bar,USDJPY,2025.10.28 15:30:00,0,
2025.10.28 16:05:00,scan_executed_new_execution_bar,USDJPY,2025.10.28 15:45:00,15,
2025.10.28 16:09:59,scan_skipped_same_execution_bar,USDJPY,2025.10.28 15:45:00,0,
2025.10.28 16:19:59,scan_executed_new_execution_bar,USDJPY,2025.10.28 16:00:00,0,
2025.10.28 16:24:59,scan_skipped_same_execution_bar,USDJPY,2025.10.28 16:00:00,0,
2025.10.28 16:34:59,scan_executed_new_execution_bar,USDJPY,2025.10.28 16:15:00,16,
2025.10.28 16:39:59,scan_skipped_same_execution_bar,USDJPY,2025.10.28 16:15:00,0,
2025.10.28 16:49:59,scan_executed_new_execution_bar,USDJPY,2025.10.28 16:30:00,0,
2025.10.28 16:54:59,scan_skipped_same_execution_bar,USDJPY,2025.10.28 16:30:00,0,
2025.10.28 17:04:59,scan_executed_new_execution_bar,USDJPY,2025.10.28 16:45:00,0,
2025.10.28 17:10:00,scan_skipped_same_execution_bar,USDJPY,2025.10.28 16:45:00,0,
2025.10.28 17:19:59,scan_executed_new_execution_bar,USDJPY,2025.10.28 17:00:00,15,
2025.10.28 17:24:59,scan_skipped_same_execution_bar,USDJPY,2025.10.28 17:00:00,0,
2025.10.28 17:35:00,scan_executed_new_execution_bar,USDJPY,2025.10.28 17:15:00,16,
2025.10.28 17:39:59,scan_skipped_same_execution_bar,USDJPY,2025.10.28 17:15:00,0,
2025.10.28 17:49:59,scan_executed_new_execution_bar,USDJPY,2025.10.28 17:30:00,0,
2025.10.28 17:54:59,scan_skipped_same_execution_bar,USDJPY,2025.10.28 17:30:00,0,
2025.10.28 18:04:59,scan_executed_new_execution_bar,USDJPY,2025.10.28 17:45:00,0,
2025.10.28 18:09:59,scan_skipped_same_execution_bar,USDJPY,2025.10.28 17:45:00,0,
2025.10.28 18:19:59,scan_executed_new_execution_bar,USDJPY,2025.10.28 18:00:00,0,
2025.10.28 18:24:59,scan_skipped_same_execution_bar,USDJPY,2025.10.28 18:00:00,0,
2025.10.28 18:34:59,scan_executed_new_execution_bar,USDJPY,2025.10.28 18:15:00,0,
2025.10.28 18:39:59,scan_skipped_same_execution_bar,USDJPY,2025.10.28 18:15:00,0,
2025.10.28 18:49:59,scan_executed_new_execution_bar,USDJPY,2025.10.28 18:30:00,0,
2025.10.28 18:54:59,scan_skipped_same_execution_bar,USDJPY,2025.10.28 18:30:00,0,
2025.10.28 19:04:59,scan_executed_new_execution_bar,USDJPY,2025.10.28 18:45:00,0,
2025.10.28 19:09:59,scan_skipped_same_execution_bar,USDJPY,2025.10.28 18:45:00,0,
2025.10.28 19:19:59,scan_executed_new_execution_bar,USDJPY,2025.10.28 19:00:00,0,
2025.10.28 19:24:59,scan_skipped_same_execution_bar,USDJPY,2025.10.28 19:00:00,0,
2025.10.28 19:34:59,scan_executed_new_execution_bar,USDJPY,2025.10.28 19:15:00,0,
2025.10.28 19:39:59,scan_skipped_same_execution_bar,USDJPY,2025.10.28 19:15:00,0,
2025.10.28 19:49:59,scan_executed_new_execution_bar,USDJPY,2025.10.28 19:30:00,16,
2025.10.28 19:54:59,scan_skipped_same_execution_bar,USDJPY,2025.10.28 19:30:00,0,
2025.10.28 20:04:59,scan_executed_new_execution_bar,USDJPY,2025.10.28 19:45:00,0,
2025.10.28 20:09:59,scan_skipped_same_execution_bar,USDJPY,2025.10.28 19:45:00,0,
2025.10.28 20:19:59,scan_executed_new_execution_bar,USDJPY,2025.10.28 20:00:00,0,
2025.10.28 20:24:59,scan_skipped_same_execution_bar,USDJPY,2025.10.28 20:00:00,0,
2025.10.28 20:34:59,scan_executed_new_execution_bar,USDJPY,2025.10.28 20:15:00,0,
2025.10.28 20:40:00,scan_skipped_same_execution_bar,USDJPY,2025.10.28 20:15:00,0,
2025.10.28 20:49:59,scan_executed_new_execution_bar,USDJPY,2025.10.28 20:30:00,0,
2025.10.28 20:54:58,scan_skipped_same_execution_bar,USDJPY,2025.10.28 20:30:00,0,
2025.10.28 21:04:59,scan_executed_new_execution_bar,USDJPY,2025.10.28 20:45:00,0,
2025.10.28 21:09:58,scan_skipped_same_execution_bar,USDJPY,2025.10.28 20:45:00,0,
2025.10.28 21:19:59,scan_executed_new_execution_bar,USDJPY,2025.10.28 21:00:00,15,
2025.10.28 21:24:59,scan_skipped_same_execution_bar,USDJPY,2025.10.28 21:00:00,0,
2025.10.28 21:34:59,scan_executed_new_execution_bar,USDJPY,2025.10.28 21:15:00,0,
2025.10.28 21:39:59,scan_skipped_same_execution_bar,USDJPY,2025.10.28 21:15:00,0,
2025.10.28 21:49:59,scan_executed_new_execution_bar,USDJPY,2025.10.28 21:30:00,0,
2025.10.28 21:54:59,scan_skipped_same_execution_bar,USDJPY,2025.10.28 21:30:00,0,
2025.10.28 22:04:59,scan_executed_new_execution_bar,USDJPY,2025.10.28 21:45:00,0,
2025.10.28 22:09:59,scan_skipped_same_execution_bar,USDJPY,2025.10.28 21:45:00,0,
2025.10.28 22:19:59,scan_executed_new_execution_bar,USDJPY,2025.10.28 22:00:00,0,
2025.10.28 22:24:59,scan_skipped_same_execution_bar,USDJPY,2025.10.28 22:00:00,0,
2025.10.28 22:34:57,scan_executed_new_execution_bar,USDJPY,2025.10.28 22:15:00,16,
2025.10.28 22:39:58,scan_skipped_same_execution_bar,USDJPY,2025.10.28 22:15:00,0,
2025.10.28 22:49:59,scan_executed_new_execution_bar,USDJPY,2025.10.28 22:30:00,0,
2025.10.28 22:55:00,scan_skipped_same_execution_bar,USDJPY,2025.10.28 22:30:00,0,
2025.10.28 23:04:59,scan_executed_new_execution_bar,USDJPY,2025.10.28 22:45:00,0,
2025.10.28 23:09:59,scan_skipped_same_execution_bar,USDJPY,2025.10.28 22:45:00,0,
2025.10.28 23:19:58,scan_executed_new_execution_bar,USDJPY,2025.10.28 23:00:00,0,
2025.10.28 23:24:58,scan_skipped_same_execution_bar,USDJPY,2025.10.28 23:00:00,0,
2025.10.28 23:34:57,scan_executed_new_execution_bar,USDJPY,2025.10.28 23:15:00,0,
2025.10.28 23:39:57,scan_skipped_same_execution_bar,USDJPY,2025.10.28 23:15:00,0,
2025.10.28 23:49:59,scan_executed_new_execution_bar,USDJPY,2025.10.28 23:30:00,0,
2025.10.28 23:54:59,scan_skipped_same_execution_bar,USDJPY,2025.10.28 23:30:00,0,
2025.10.29 00:04:36,scan_executed_new_execution_bar,USDJPY,2025.10.28 23:45:00,0,
2025.10.29 00:09:52,scan_skipped_same_execution_bar,USDJPY,2025.10.28 23:45:00,0,
2025.10.29 00:19:59,scan_executed_new_execution_bar,USDJPY,2025.10.29 00:00:00,0,
2025.10.29 00:24:59,scan_skipped_same_execution_bar,USDJPY,2025.10.29 00:00:00,0,
2025.10.29 00:34:56,scan_executed_new_execution_bar,USDJPY,2025.10.29 00:15:00,0,
2025.10.29 00:39:53,scan_skipped_same_execution_bar,USDJPY,2025.10.29 00:15:00,0,
2025.10.29 00:49:56,scan_executed_new_execution_bar,USDJPY,2025.10.29 00:30:00,0,
2025.10.29 00:54:59,scan_skipped_same_execution_bar,USDJPY,2025.10.29 00:30:00,0,
2025.10.29 01:04:59,scan_executed_new_execution_bar,USDJPY,2025.10.29 00:45:00,0,
2025.10.29 01:09:59,scan_skipped_same_execution_bar,USDJPY,2025.10.29 00:45:00,0,
2025.10.29 01:19:58,scan_executed_new_execution_bar,USDJPY,2025.10.29 01:00:00,0,
2025.10.29 01:24:59,scan_skipped_same_execution_bar,USDJPY,2025.10.29 01:00:00,0,
2025.10.29 01:34:50,scan_executed_new_execution_bar,USDJPY,2025.10.29 01:15:00,0,
2025.10.29 01:39:59,scan_skipped_same_execution_bar,USDJPY,2025.10.29 01:15:00,0,
2025.10.29 01:49:59,scan_executed_new_execution_bar,USDJPY,2025.10.29 01:30:00,0,
2025.10.29 01:54:59,scan_skipped_same_execution_bar,USDJPY,2025.10.29 01:30:00,0,
2025.10.29 02:04:59,scan_executed_new_execution_bar,USDJPY,2025.10.29 01:45:00,0,
2025.10.29 02:09:59,scan_skipped_same_execution_bar,USDJPY,2025.10.29 01:45:00,0,
2025.10.29 02:19:58,scan_executed_new_execution_bar,USDJPY,2025.10.29 02:00:00,0,
2025.10.29 02:24:59,scan_skipped_same_execution_bar,USDJPY,2025.10.29 02:00:00,0,
2025.10.29 02:34:59,scan_executed_new_execution_bar,USDJPY,2025.10.29 02:15:00,0,
2025.10.29 02:39:56,scan_skipped_same_execution_bar,USDJPY,2025.10.29 02:15:00,0,
2025.10.29 02:45:00,scan_executed_new_execution_bar,USDJPY,2025.10.29 02:30:00,0,
2025.10.29 02:49:59,scan_skipped_same_execution_bar,USDJPY,2025.10.29 02:30:00,0,
2025.10.29 03:04:59,scan_executed_new_execution_bar,USDJPY,2025.10.29 02:45:00,0,
2025.10.29 03:09:59,scan_skipped_same_execution_bar,USDJPY,2025.10.29 02:45:00,0,
2025.10.29 03:19:59,scan_executed_new_execution_bar,USDJPY,2025.10.29 03:00:00,0,
2025.10.29 03:24:59,scan_skipped_same_execution_bar,USDJPY,2025.10.29 03:00:00,0,
2025.10.29 03:34:59,scan_executed_new_execution_bar,USDJPY,2025.10.29 03:15:00,0,
2025.10.29 03:39:59,scan_skipped_same_execution_bar,USDJPY,2025.10.29 03:15:00,0,
2025.10.29 03:49:59,scan_executed_new_execution_bar,USDJPY,2025.10.29 03:30:00,0,
2025.10.29 03:54:59,scan_skipped_same_execution_bar,USDJPY,2025.10.29 03:30:00,0,
2025.10.29 04:04:59,scan_executed_new_execution_bar,USDJPY,2025.10.29 03:45:00,0,
2025.10.29 04:09:59,scan_skipped_same_execution_bar,USDJPY,2025.10.29 03:45:00,0,
2025.10.29 04:19:59,scan_executed_new_execution_bar,USDJPY,2025.10.29 04:00:00,31,
2025.10.29 04:25:00,scan_skipped_same_execution_bar,USDJPY,2025.10.29 04:00:00,0,
2025.10.29 04:34:59,scan_executed_new_execution_bar,USDJPY,2025.10.29 04:15:00,0,
2025.10.29 04:39:59,scan_skipped_same_execution_bar,USDJPY,2025.10.29 04:15:00,0,
2025.10.29 04:49:59,scan_executed_new_execution_bar,USDJPY,2025.10.29 04:30:00,16,
2025.10.29 04:54:59,scan_skipped_same_execution_bar,USDJPY,2025.10.29 04:30:00,0,
2025.10.29 05:04:59,scan_executed_new_execution_bar,USDJPY,2025.10.29 04:45:00,15,
2025.10.29 05:09:59,scan_skipped_same_execution_bar,USDJPY,2025.10.29 04:45:00,0,
2025.10.29 05:19:59,scan_executed_new_execution_bar,USDJPY,2025.10.29 05:00:00,0,
2025.10.29 05:24:59,scan_skipped_same_execution_bar,USDJPY,2025.10.29 05:00:00,0,
2025.10.29 05:34:59,scan_executed_new_execution_bar,USDJPY,2025.10.29 05:15:00,31,
2025.10.29 05:39:59,scan_skipped_same_execution_bar,USDJPY,2025.10.29 05:15:00,0,
2025.10.29 05:49:59,scan_executed_new_execution_bar,USDJPY,2025.10.29 05:30:00,0,
2025.10.29 05:54:58,scan_skipped_same_execution_bar,USDJPY,2025.10.29 05:30:00,0,
2025.10.29 06:04:59,scan_executed_new_execution_bar,USDJPY,2025.10.29 05:45:00,0,
2025.10.29 06:09:59,scan_skipped_same_execution_bar,USDJPY,2025.10.29 05:45:00,0,
2025.10.29 06:19:53,scan_executed_new_execution_bar,USDJPY,2025.10.29 06:00:00,0,
2025.10.29 06:24:59,scan_skipped_same_execution_bar,USDJPY,2025.10.29 06:00:00,0,
2025.10.29 06:34:59,scan_executed_new_execution_bar,USDJPY,2025.10.29 06:15:00,0,
2025.10.29 06:39:59,scan_skipped_same_execution_bar,USDJPY,2025.10.29 06:15:00,0,
2025.10.29 06:49:59,scan_executed_new_execution_bar,USDJPY,2025.10.29 06:30:00,0,
2025.10.29 06:54:59,scan_skipped_same_execution_bar,USDJPY,2025.10.29 06:30:00,0,
2025.10.29 07:04:58,scan_executed_new_execution_bar,USDJPY,2025.10.29 06:45:00,0,
2025.10.29 07:09:59,scan_skipped_same_execution_bar,USDJPY,2025.10.29 06:45:00,0,
2025.10.29 07:19:59,scan_executed_new_execution_bar,USDJPY,2025.10.29 07:00:00,15,
2025.10.29 07:24:59,scan_skipped_same_execution_bar,USDJPY,2025.10.29 07:00:00,0,
2025.10.29 07:34:59,scan_executed_new_execution_bar,USDJPY,2025.10.29 07:15:00,0,
2025.10.29 07:39:59,scan_skipped_same_execution_bar,USDJPY,2025.10.29 07:15:00,0,
2025.10.29 07:49:58,scan_executed_new_execution_bar,USDJPY,2025.10.29 07:30:00,0,
2025.10.29 07:54:59,scan_skipped_same_execution_bar,USDJPY,2025.10.29 07:30:00,0,
2025.10.29 08:04:59,scan_executed_new_execution_bar,USDJPY,2025.10.29 07:45:00,0,
2025.10.29 08:09:59,scan_skipped_same_execution_bar,USDJPY,2025.10.29 07:45:00,0,
2025.10.29 08:19:59,scan_executed_new_execution_bar,USDJPY,2025.10.29 08:00:00,0,
2025.10.29 08:24:59,scan_skipped_same_execution_bar,USDJPY,2025.10.29 08:00:00,0,
2025.10.29 08:34:59,scan_executed_new_execution_bar,USDJPY,2025.10.29 08:15:00,0,
2025.10.29 08:39:59,scan_skipped_same_execution_bar,USDJPY,2025.10.29 08:15:00,0,
2025.10.29 08:49:59,scan_executed_new_execution_bar,USDJPY,2025.10.29 08:30:00,0,
2025.10.29 08:54:58,scan_skipped_same_execution_bar,USDJPY,2025.10.29 08:30:00,0,
2025.10.29 09:04:59,scan_executed_new_execution_bar,USDJPY,2025.10.29 08:45:00,31,
2025.10.29 09:09:59,scan_skipped_same_execution_bar,USDJPY,2025.10.29 08:45:00,0,
2025.10.29 09:19:58,scan_executed_new_execution_bar,USDJPY,2025.10.29 09:00:00,0,
2025.10.29 09:24:59,scan_skipped_same_execution_bar,USDJPY,2025.10.29 09:00:00,0,
2025.10.29 09:34:59,scan_executed_new_execution_bar,USDJPY,2025.10.29 09:15:00,16,
2025.10.29 09:39:59,scan_skipped_same_execution_bar,USDJPY,2025.10.29 09:15:00,0,
2025.10.29 09:49:59,scan_executed_new_execution_bar,USDJPY,2025.10.29 09:30:00,0,
2025.10.29 09:54:59,scan_skipped_same_execution_bar,USDJPY,2025.10.29 09:30:00,0,
2025.10.29 10:04:59,scan_executed_new_execution_bar,USDJPY,2025.10.29 09:45:00,16,
2025.10.29 10:09:59,scan_skipped_same_execution_bar,USDJPY,2025.10.29 09:45:00,0,
2025.10.29 10:19:59,scan_executed_new_execution_bar,USDJPY,2025.10.29 10:00:00,16,
2025.10.29 10:24:59,scan_skipped_same_execution_bar,USDJPY,2025.10.29 10:00:00,0,
2025.10.29 10:34:59,scan_executed_new_execution_bar,USDJPY,2025.10.29 10:15:00,0,
2025.10.29 10:39:59,scan_skipped_same_execution_bar,USDJPY,2025.10.29 10:15:00,0,
2025.10.29 10:49:59,scan_executed_new_execution_bar,USDJPY,2025.10.29 10:30:00,15,
2025.10.29 10:54:59,scan_skipped_same_execution_bar,USDJPY,2025.10.29 10:30:00,0,
2025.10.29 11:04:59,scan_executed_new_execution_bar,USDJPY,2025.10.29 10:45:00,0,
2025.10.29 11:09:59,scan_skipped_same_execution_bar,USDJPY,2025.10.29 10:45:00,0,
2025.10.29 11:19:59,scan_executed_new_execution_bar,USDJPY,2025.10.29 11:00:00,0,
2025.10.29 11:24:59,scan_skipped_same_execution_bar,USDJPY,2025.10.29 11:00:00,0,
2025.10.29 11:34:59,scan_executed_new_execution_bar,USDJPY,2025.10.29 11:15:00,15,
2025.10.29 11:39:59,scan_skipped_same_execution_bar,USDJPY,2025.10.29 11:15:00,0,
2025.10.29 11:49:59,scan_executed_new_execution_bar,USDJPY,2025.10.29 11:30:00,16,
2025.10.29 11:54:58,scan_skipped_same_execution_bar,USDJPY,2025.10.29 11:30:00,0,
2025.10.29 12:04:59,scan_executed_new_execution_bar,USDJPY,2025.10.29 11:45:00,0,
2025.10.29 12:09:59,scan_skipped_same_execution_bar,USDJPY,2025.10.29 11:45:00,0,
2025.10.29 12:19:59,scan_executed_new_execution_bar,USDJPY,2025.10.29 12:00:00,0,
2025.10.29 12:24:59,scan_skipped_same_execution_bar,USDJPY,2025.10.29 12:00:00,0,
2025.10.29 12:34:59,scan_executed_new_execution_bar,USDJPY,2025.10.29 12:15:00,15,
2025.10.29 12:39:59,scan_skipped_same_execution_bar,USDJPY,2025.10.29 12:15:00,0,
2025.10.29 12:49:59,scan_executed_new_execution_bar,USDJPY,2025.10.29 12:30:00,0,
2025.10.29 12:54:59,scan_skipped_same_execution_bar,USDJPY,2025.10.29 12:30:00,0,
2025.10.29 13:04:59,scan_executed_new_execution_bar,USDJPY,2025.10.29 12:45:00,0,
2025.10.29 13:09:59,scan_skipped_same_execution_bar,USDJPY,2025.10.29 12:45:00,0,
2025.10.29 13:19:59,scan_executed_new_execution_bar,USDJPY,2025.10.29 13:00:00,0,
2025.10.29 13:24:59,scan_skipped_same_execution_bar,USDJPY,2025.10.29 13:00:00,0,
2025.10.29 13:34:58,scan_executed_new_execution_bar,USDJPY,2025.10.29 13:15:00,0,
2025.10.29 13:39:59,scan_skipped_same_execution_bar,USDJPY,2025.10.29 13:15:00,0,
2025.10.29 13:49:59,scan_executed_new_execution_bar,USDJPY,2025.10.29 13:30:00,0,
2025.10.29 13:54:59,scan_skipped_same_execution_bar,USDJPY,2025.10.29 13:30:00,0,
2025.10.29 14:04:59,scan_executed_new_execution_bar,USDJPY,2025.10.29 13:45:00,0,
2025.10.29 14:09:59,scan_skipped_same_execution_bar,USDJPY,2025.10.29 13:45:00,0,
2025.10.29 14:19:59,scan_executed_new_execution_bar,USDJPY,2025.10.29 14:00:00,0,
2025.10.29 14:24:59,scan_skipped_same_execution_bar,USDJPY,2025.10.29 14:00:00,0,
2025.10.29 14:34:59,scan_executed_new_execution_bar,USDJPY,2025.10.29 14:15:00,0,
2025.10.29 14:39:59,scan_skipped_same_execution_bar,USDJPY,2025.10.29 14:15:00,0,
2025.10.29 14:49:59,scan_executed_new_execution_bar,USDJPY,2025.10.29 14:30:00,0,
2025.10.29 14:54:59,scan_skipped_same_execution_bar,USDJPY,2025.10.29 14:30:00,0,
2025.10.29 15:04:59,scan_executed_new_execution_bar,USDJPY,2025.10.29 14:45:00,0,
2025.10.29 15:09:59,scan_skipped_same_execution_bar,USDJPY,2025.10.29 14:45:00,0,
2025.10.29 15:19:59,scan_executed_new_execution_bar,USDJPY,2025.10.29 15:00:00,0,
2025.10.29 15:24:59,scan_skipped_same_execution_bar,USDJPY,2025.10.29 15:00:00,0,
2025.10.29 15:34:59,scan_executed_new_execution_bar,USDJPY,2025.10.29 15:15:00,0,
2025.10.29 15:39:59,scan_skipped_same_execution_bar,USDJPY,2025.10.29 15:15:00,0,
2025.10.29 15:49:59,scan_executed_new_execution_bar,USDJPY,2025.10.29 15:30:00,0,
2025.10.29 15:54:59,scan_skipped_same_execution_bar,USDJPY,2025.10.29 15:30:00,0,
2025.10.29 16:04:59,scan_executed_new_execution_bar,USDJPY,2025.10.29 15:45:00,0,
2025.10.29 16:09:59,scan_skipped_same_execution_bar,USDJPY,2025.10.29 15:45:00,0,
2025.10.29 16:19:59,scan_executed_new_execution_bar,USDJPY,2025.10.29 16:00:00,0,
2025.10.29 16:24:58,scan_skipped_same_execution_bar,USDJPY,2025.10.29 16:00:00,0,
2025.10.29 16:34:59,scan_executed_new_execution_bar,USDJPY,2025.10.29 16:15:00,0,
2025.10.29 16:39:59,scan_skipped_same_execution_bar,USDJPY,2025.10.29 16:15:00,0,
2025.10.29 16:49:59,scan_executed_new_execution_bar,USDJPY,2025.10.29 16:30:00,0,
2025.10.29 16:54:59,scan_skipped_same_execution_bar,USDJPY,2025.10.29 16:30:00,0,
2025.10.29 17:04:59,scan_executed_new_execution_bar,USDJPY,2025.10.29 16:45:00,16,
2025.10.29 17:09:59,scan_skipped_same_execution_bar,USDJPY,2025.10.29 16:45:00,0,
2025.10.29 17:19:59,scan_executed_new_execution_bar,USDJPY,2025.10.29 17:00:00,16,
2025.10.29 17:24:59,scan_skipped_same_execution_bar,USDJPY,2025.10.29 17:00:00,0,
2025.10.29 17:30:00,scan_executed_new_execution_bar,USDJPY,2025.10.29 17:15:00,31,
2025.10.29 17:34:59,scan_skipped_same_execution_bar,USDJPY,2025.10.29 17:15:00,0,
2025.10.29 17:49:59,scan_executed_new_execution_bar,USDJPY,2025.10.29 17:30:00,0,
2025.10.29 17:54:59,scan_skipped_same_execution_bar,USDJPY,2025.10.29 17:30:00,0,
2025.10.29 18:04:59,scan_executed_new_execution_bar,USDJPY,2025.10.29 17:45:00,15,
2025.10.29 18:09:59,scan_skipped_same_execution_bar,USDJPY,2025.10.29 17:45:00,0,
2025.10.29 18:19:59,scan_executed_new_execution_bar,USDJPY,2025.10.29 18:00:00,0,
2025.10.29 18:24:59,scan_skipped_same_execution_bar,USDJPY,2025.10.29 18:00:00,0,
2025.10.29 18:35:00,scan_executed_new_execution_bar,USDJPY,2025.10.29 18:15:00,0,
2025.10.29 18:39:58,scan_skipped_same_execution_bar,USDJPY,2025.10.29 18:15:00,0,
2025.10.29 18:49:59,scan_executed_new_execution_bar,USDJPY,2025.10.29 18:30:00,0,
2025.10.29 18:54:59,scan_skipped_same_execution_bar,USDJPY,2025.10.29 18:30:00,0,
2025.10.29 19:04:59,scan_executed_new_execution_bar,USDJPY,2025.10.29 18:45:00,0,
2025.10.29 19:09:59,scan_skipped_same_execution_bar,USDJPY,2025.10.29 18:45:00,0,
2025.10.29 19:19:59,scan_executed_new_execution_bar,USDJPY,2025.10.29 19:00:00,0,
2025.10.29 19:24:59,scan_skipped_same_execution_bar,USDJPY,2025.10.29 19:00:00,0,
2025.10.29 19:34:59,scan_executed_new_execution_bar,USDJPY,2025.10.29 19:15:00,0,
2025.10.29 19:39:59,scan_skipped_same_execution_bar,USDJPY,2025.10.29 19:15:00,0,
2025.10.29 19:49:59,scan_executed_new_execution_bar,USDJPY,2025.10.29 19:30:00,0,
2025.10.29 19:54:58,scan_skipped_same_execution_bar,USDJPY,2025.10.29 19:30:00,0,
2025.10.29 20:04:59,scan_executed_new_execution_bar,USDJPY,2025.10.29 19:45:00,0,
2025.10.29 20:09:59,scan_skipped_same_execution_bar,USDJPY,2025.10.29 19:45:00,0,
2025.10.29 20:19:59,scan_executed_new_execution_bar,USDJPY,2025.10.29 20:00:00,0,
2025.10.29 20:24:58,scan_skipped_same_execution_bar,USDJPY,2025.10.29 20:00:00,0,
2025.10.29 20:34:59,scan_executed_new_execution_bar,USDJPY,2025.10.29 20:15:00,0,
2025.10.29 20:39:59,scan_skipped_same_execution_bar,USDJPY,2025.10.29 20:15:00,0,
2025.10.29 20:49:59,scan_executed_new_execution_bar,USDJPY,2025.10.29 20:30:00,0,
2025.10.29 20:54:57,scan_skipped_same_execution_bar,USDJPY,2025.10.29 20:30:00,0,
2025.10.29 21:04:59,scan_executed_new_execution_bar,USDJPY,2025.10.29 20:45:00,16,
2025.10.29 21:09:59,scan_skipped_same_execution_bar,USDJPY,2025.10.29 20:45:00,0,
2025.10.29 21:19:59,scan_executed_new_execution_bar,USDJPY,2025.10.29 21:00:00,15,
2025.10.29 21:24:59,scan_skipped_same_execution_bar,USDJPY,2025.10.29 21:00:00,0,
2025.10.29 21:35:00,scan_executed_new_execution_bar,USDJPY,2025.10.29 21:15:00,0,
2025.10.29 21:39:59,scan_skipped_same_execution_bar,USDJPY,2025.10.29 21:15:00,0,
2025.10.29 21:49:59,scan_executed_new_execution_bar,USDJPY,2025.10.29 21:30:00,16,
2025.10.29 21:54:59,scan_skipped_same_execution_bar,USDJPY,2025.10.29 21:30:00,0,
2025.10.29 22:04:59,scan_executed_new_execution_bar,USDJPY,2025.10.29 21:45:00,0,
2025.10.29 22:09:59,scan_skipped_same_execution_bar,USDJPY,2025.10.29 21:45:00,0,
2025.10.29 22:19:59,scan_executed_new_execution_bar,USDJPY,2025.10.29 22:00:00,15,
2025.10.29 22:24:59,scan_skipped_same_execution_bar,USDJPY,2025.10.29 22:00:00,0,
2025.10.29 22:34:59,scan_executed_new_execution_bar,USDJPY,2025.10.29 22:15:00,0,
2025.10.29 22:39:59,scan_skipped_same_execution_bar,USDJPY,2025.10.29 22:15:00,0,
2025.10.29 22:49:59,scan_executed_new_execution_bar,USDJPY,2025.10.29 22:30:00,47,
2025.10.29 22:54:59,scan_skipped_same_execution_bar,USDJPY,2025.10.29 22:30:00,0,
2025.10.29 23:04:59,scan_executed_new_execution_bar,USDJPY,2025.10.29 22:45:00,0,
2025.10.29 23:09:59,scan_skipped_same_execution_bar,USDJPY,2025.10.29 22:45:00,0,
2025.10.29 23:19:58,scan_executed_new_execution_bar,USDJPY,2025.10.29 23:00:00,0,
2025.10.29 23:24:59,scan_skipped_same_execution_bar,USDJPY,2025.10.29 23:00:00,0,
2025.10.29 23:34:59,scan_executed_new_execution_bar,USDJPY,2025.10.29 23:15:00,31,
2025.10.29 23:39:59,scan_skipped_same_execution_bar,USDJPY,2025.10.29 23:15:00,0,
2025.10.29 23:49:58,scan_executed_new_execution_bar,USDJPY,2025.10.29 23:30:00,31,
2025.10.29 23:54:59,scan_skipped_same_execution_bar,USDJPY,2025.10.29 23:30:00,0,
2025.10.30 00:04:31,scan_executed_new_execution_bar,USDJPY,2025.10.29 23:45:00,0,
2025.10.30 00:09:54,scan_skipped_same_execution_bar,USDJPY,2025.10.29 23:45:00,0,
2025.10.30 00:19:59,scan_executed_new_execution_bar,USDJPY,2025.10.30 00:00:00,0,
2025.10.30 00:24:52,scan_skipped_same_execution_bar,USDJPY,2025.10.30 00:00:00,0,
2025.10.30 00:34:59,scan_executed_new_execution_bar,USDJPY,2025.10.30 00:15:00,0,
2025.10.30 00:39:59,scan_skipped_same_execution_bar,USDJPY,2025.10.30 00:15:00,0,
2025.10.30 00:49:58,scan_executed_new_execution_bar,USDJPY,2025.10.30 00:30:00,0,
2025.10.30 00:54:58,scan_skipped_same_execution_bar,USDJPY,2025.10.30 00:30:00,0,
2025.10.30 01:04:59,scan_executed_new_execution_bar,USDJPY,2025.10.30 00:45:00,0,
2025.10.30 01:09:59,scan_skipped_same_execution_bar,USDJPY,2025.10.30 00:45:00,0,
2025.10.30 01:19:57,scan_executed_new_execution_bar,USDJPY,2025.10.30 01:00:00,0,
2025.10.30 01:24:59,scan_skipped_same_execution_bar,USDJPY,2025.10.30 01:00:00,0,
2025.10.30 01:34:59,scan_executed_new_execution_bar,USDJPY,2025.10.30 01:15:00,0,
2025.10.30 01:39:58,scan_skipped_same_execution_bar,USDJPY,2025.10.30 01:15:00,0,
2025.10.30 01:49:58,scan_executed_new_execution_bar,USDJPY,2025.10.30 01:30:00,0,
2025.10.30 01:54:59,scan_skipped_same_execution_bar,USDJPY,2025.10.30 01:30:00,0,
2025.10.30 02:04:56,scan_executed_new_execution_bar,USDJPY,2025.10.30 01:45:00,0,
2025.10.30 02:09:59,scan_skipped_same_execution_bar,USDJPY,2025.10.30 01:45:00,0,
2025.10.30 02:19:59,scan_executed_new_execution_bar,USDJPY,2025.10.30 02:00:00,0,
2025.10.30 02:24:57,scan_skipped_same_execution_bar,USDJPY,2025.10.30 02:00:00,0,
2025.10.30 02:34:59,scan_executed_new_execution_bar,USDJPY,2025.10.30 02:15:00,0,
2025.10.30 02:39:59,scan_skipped_same_execution_bar,USDJPY,2025.10.30 02:15:00,0,
2025.10.30 02:49:59,scan_executed_new_execution_bar,USDJPY,2025.10.30 02:30:00,0,
2025.10.30 02:54:59,scan_skipped_same_execution_bar,USDJPY,2025.10.30 02:30:00,0,
2025.10.30 03:04:59,scan_executed_new_execution_bar,USDJPY,2025.10.30 02:45:00,0,
2025.10.30 03:09:59,scan_skipped_same_execution_bar,USDJPY,2025.10.30 02:45:00,0,
2025.10.30 03:19:59,scan_executed_new_execution_bar,USDJPY,2025.10.30 03:00:00,0,
2025.10.30 03:24:59,scan_skipped_same_execution_bar,USDJPY,2025.10.30 03:00:00,0,
2025.10.30 03:34:59,scan_executed_new_execution_bar,USDJPY,2025.10.30 03:15:00,16,
2025.10.30 03:39:59,scan_skipped_same_execution_bar,USDJPY,2025.10.30 03:15:00,0,
2025.10.30 03:49:59,scan_executed_new_execution_bar,USDJPY,2025.10.30 03:30:00,0,
2025.10.30 03:54:59,scan_skipped_same_execution_bar,USDJPY,2025.10.30 03:30:00,0,
2025.10.30 04:04:59,scan_executed_new_execution_bar,USDJPY,2025.10.30 03:45:00,0,
2025.10.30 04:09:59,scan_skipped_same_execution_bar,USDJPY,2025.10.30 03:45:00,0,
2025.10.30 04:19:59,scan_executed_new_execution_bar,USDJPY,2025.10.30 04:00:00,0,
2025.10.30 04:24:59,scan_skipped_same_execution_bar,USDJPY,2025.10.30 04:00:00,0,
2025.10.30 04:34:59,scan_executed_new_execution_bar,USDJPY,2025.10.30 04:15:00,0,
2025.10.30 04:39:59,scan_skipped_same_execution_bar,USDJPY,2025.10.30 04:15:00,0,
2025.10.30 04:49:59,scan_executed_new_execution_bar,USDJPY,2025.10.30 04:30:00,0,
2025.10.30 04:54:59,scan_skipped_same_execution_bar,USDJPY,2025.10.30 04:30:00,0,
2025.10.30 05:04:59,scan_executed_new_execution_bar,USDJPY,2025.10.30 04:45:00,0,
2025.10.30 05:09:58,scan_skipped_same_execution_bar,USDJPY,2025.10.30 04:45:00,0,
2025.10.30 05:19:59,scan_executed_new_execution_bar,USDJPY,2025.10.30 05:00:00,0,
2025.10.30 05:24:59,scan_skipped_same_execution_bar,USDJPY,2025.10.30 05:00:00,0,
2025.10.30 05:34:59,scan_executed_new_execution_bar,USDJPY,2025.10.30 05:15:00,0,
2025.10.30 05:39:59,scan_skipped_same_execution_bar,USDJPY,2025.10.30 05:15:00,0,
2025.10.30 05:49:59,scan_executed_new_execution_bar,USDJPY,2025.10.30 05:30:00,0,
2025.10.30 05:54:59,scan_skipped_same_execution_bar,USDJPY,2025.10.30 05:30:00,0,
2025.10.30 06:04:59,scan_executed_new_execution_bar,USDJPY,2025.10.30 05:45:00,0,
2025.10.30 06:09:59,scan_skipped_same_execution_bar,USDJPY,2025.10.30 05:45:00,0,
2025.10.30 06:19:59,scan_executed_new_execution_bar,USDJPY,2025.10.30 06:00:00,0,
2025.10.30 06:24:58,scan_skipped_same_execution_bar,USDJPY,2025.10.30 06:00:00,0,
2025.10.30 06:34:59,scan_executed_new_execution_bar,USDJPY,2025.10.30 06:15:00,0,
2025.10.30 06:39:59,scan_skipped_same_execution_bar,USDJPY,2025.10.30 06:15:00,0,
2025.10.30 06:49:59,scan_executed_new_execution_bar,USDJPY,2025.10.30 06:30:00,0,
2025.10.30 06:54:59,scan_skipped_same_execution_bar,USDJPY,2025.10.30 06:30:00,0,
2025.10.30 07:04:59,scan_executed_new_execution_bar,USDJPY,2025.10.30 06:45:00,31,
2025.10.30 07:09:59,scan_skipped_same_execution_bar,USDJPY,2025.10.30 06:45:00,0,
2025.10.30 07:19:59,scan_executed_new_execution_bar,USDJPY,2025.10.30 07:00:00,47,
2025.10.30 07:24:59,scan_skipped_same_execution_bar,USDJPY,2025.10.30 07:00:00,0,
2025.10.30 07:34:59,scan_executed_new_execution_bar,USDJPY,2025.10.30 07:15:00,16,
2025.10.30 07:39:59,scan_skipped_same_execution_bar,USDJPY,2025.10.30 07:15:00,0,
2025.10.30 07:49:59,scan_executed_new_execution_bar,USDJPY,2025.10.30 07:30:00,16,
2025.10.30 07:54:59,scan_skipped_same_execution_bar,USDJPY,2025.10.30 07:30:00,0,
2025.10.30 08:04:59,scan_executed_new_execution_bar,USDJPY,2025.10.30 07:45:00,15,
2025.10.30 08:09:59,scan_skipped_same_execution_bar,USDJPY,2025.10.30 07:45:00,0,
2025.10.30 08:19:59,scan_executed_new_execution_bar,USDJPY,2025.10.30 08:00:00,31,
2025.10.30 08:24:59,scan_skipped_same_execution_bar,USDJPY,2025.10.30 08:00:00,0,
2025.10.30 08:34:59,scan_executed_new_execution_bar,USDJPY,2025.10.30 08:15:00,0,
2025.10.30 08:39:59,scan_skipped_same_execution_bar,USDJPY,2025.10.30 08:15:00,0,
2025.10.30 08:49:59,scan_executed_new_execution_bar,USDJPY,2025.10.30 08:30:00,0,
2025.10.30 08:54:59,scan_skipped_same_execution_bar,USDJPY,2025.10.30 08:30:00,0,
2025.10.30 09:04:59,scan_executed_new_execution_bar,USDJPY,2025.10.30 08:45:00,0,
2025.10.30 09:09:59,scan_skipped_same_execution_bar,USDJPY,2025.10.30 08:45:00,0,
2025.10.30 09:19:59,scan_executed_new_execution_bar,USDJPY,2025.10.30 09:00:00,0,
2025.10.30 09:24:59,scan_skipped_same_execution_bar,USDJPY,2025.10.30 09:00:00,0,
2025.10.30 09:34:59,scan_executed_new_execution_bar,USDJPY,2025.10.30 09:15:00,0,
2025.10.30 09:39:59,scan_skipped_same_execution_bar,USDJPY,2025.10.30 09:15:00,0,
2025.10.30 09:49:59,scan_executed_new_execution_bar,USDJPY,2025.10.30 09:30:00,0,
2025.10.30 09:54:59,scan_skipped_same_execution_bar,USDJPY,2025.10.30 09:30:00,0,
2025.10.30 10:05:00,scan_executed_new_execution_bar,USDJPY,2025.10.30 09:45:00,47,
2025.10.30 10:09:59,scan_skipped_same_execution_bar,USDJPY,2025.10.30 09:45:00,0,
2025.10.30 10:19:59,scan_executed_new_execution_bar,USDJPY,2025.10.30 10:00:00,0,
2025.10.30 10:24:59,scan_skipped_same_execution_bar,USDJPY,2025.10.30 10:00:00,0,
2025.10.30 10:34:59,scan_executed_new_execution_bar,USDJPY,2025.10.30 10:15:00,31,
2025.10.30 10:39:59,scan_skipped_same_execution_bar,USDJPY,2025.10.30 10:15:00,0,
2025.10.30 10:49:59,scan_executed_new_execution_bar,USDJPY,2025.10.30 10:30:00,16,
2025.10.30 10:54:59,scan_skipped_same_execution_bar,USDJPY,2025.10.30 10:30:00,0,
2025.10.30 11:04:59,scan_executed_new_execution_bar,USDJPY,2025.10.30 10:45:00,0,
2025.10.30 11:09:59,scan_skipped_same_execution_bar,USDJPY,2025.10.30 10:45:00,0,
2025.10.30 11:19:59,scan_executed_new_execution_bar,USDJPY,2025.10.30 11:00:00,0,
2025.10.30 11:24:59,scan_skipped_same_execution_bar,USDJPY,2025.10.30 11:00:00,0,
2025.10.30 11:34:59,scan_executed_new_execution_bar,USDJPY,2025.10.30 11:15:00,0,
2025.10.30 11:39:59,scan_skipped_same_execution_bar,USDJPY,2025.10.30 11:15:00,0,
2025.10.30 11:49:59,scan_executed_new_execution_bar,USDJPY,2025.10.30 11:30:00,62,
2025.10.30 11:54:59,scan_skipped_same_execution_bar,USDJPY,2025.10.30 11:30:00,0,
2025.10.30 12:05:00,scan_executed_new_execution_bar,USDJPY,2025.10.30 11:45:00,15,
2025.10.30 12:09:59,scan_skipped_same_execution_bar,USDJPY,2025.10.30 11:45:00,0,
2025.10.30 12:19:59,scan_executed_new_execution_bar,USDJPY,2025.10.30 12:00:00,16,
2025.10.30 12:24:59,scan_skipped_same_execution_bar,USDJPY,2025.10.30 12:00:00,0,
2025.10.30 12:34:59,scan_executed_new_execution_bar,USDJPY,2025.10.30 12:15:00,0,
2025.10.30 12:39:59,scan_skipped_same_execution_bar,USDJPY,2025.10.30 12:15:00,0,
2025.10.30 12:49:59,scan_executed_new_execution_bar,USDJPY,2025.10.30 12:30:00,62,
2025.10.30 12:54:59,scan_skipped_same_execution_bar,USDJPY,2025.10.30 12:30:00,0,
2025.10.30 13:04:59,scan_executed_new_execution_bar,USDJPY,2025.10.30 12:45:00,0,
2025.10.30 13:09:59,scan_skipped_same_execution_bar,USDJPY,2025.10.30 12:45:00,0,
2025.10.30 13:19:59,scan_executed_new_execution_bar,USDJPY,2025.10.30 13:00:00,0,
2025.10.30 13:24:59,scan_skipped_same_execution_bar,USDJPY,2025.10.30 13:00:00,0,
2025.10.30 13:34:59,scan_executed_new_execution_bar,USDJPY,2025.10.30 13:15:00,0,
2025.10.30 13:39:58,scan_skipped_same_execution_bar,USDJPY,2025.10.30 13:15:00,0,
2025.10.30 13:49:59,scan_executed_new_execution_bar,USDJPY,2025.10.30 13:30:00,0,
2025.10.30 13:54:59,scan_skipped_same_execution_bar,USDJPY,2025.10.30 13:30:00,0,
2025.10.30 14:04:59,scan_executed_new_execution_bar,USDJPY,2025.10.30 13:45:00,15,
2025.10.30 14:09:59,scan_skipped_same_execution_bar,USDJPY,2025.10.30 13:45:00,0,
2025.10.30 14:19:59,scan_executed_new_execution_bar,USDJPY,2025.10.30 14:00:00,32,
2025.10.30 14:24:59,scan_skipped_same_execution_bar,USDJPY,2025.10.30 14:00:00,0,
2025.10.30 14:34:59,scan_executed_new_execution_bar,USDJPY,2025.10.30 14:15:00,0,
2025.10.30 14:39:59,scan_skipped_same_execution_bar,USDJPY,2025.10.30 14:15:00,0,
2025.10.30 14:49:59,scan_executed_new_execution_bar,USDJPY,2025.10.30 14:30:00,0,
2025.10.30 14:54:59,scan_skipped_same_execution_bar,USDJPY,2025.10.30 14:30:00,0,
2025.10.30 15:04:59,scan_executed_new_execution_bar,USDJPY,2025.10.30 14:45:00,0,
2025.10.30 15:09:59,scan_skipped_same_execution_bar,USDJPY,2025.10.30 14:45:00,0,
2025.10.30 15:19:59,scan_executed_new_execution_bar,USDJPY,2025.10.30 15:00:00,0,
2025.10.30 15:24:59,scan_skipped_same_execution_bar,USDJPY,2025.10.30 15:00:00,0,
2025.10.30 15:34:59,scan_executed_new_execution_bar,USDJPY,2025.10.30 15:15:00,0,
2025.10.30 15:39:59,scan_skipped_same_execution_bar,USDJPY,2025.10.30 15:15:00,0,
2025.10.30 15:49:59,scan_executed_new_execution_bar,USDJPY,2025.10.30 15:30:00,15,
2025.10.30 15:54:59,scan_skipped_same_execution_bar,USDJPY,2025.10.30 15:30:00,0,
2025.10.30 16:04:59,scan_executed_new_execution_bar,USDJPY,2025.10.30 15:45:00,0,
2025.10.30 16:09:59,scan_skipped_same_execution_bar,USDJPY,2025.10.30 15:45:00,0,
2025.10.30 16:20:00,scan_executed_new_execution_bar,USDJPY,2025.10.30 16:00:00,0,
2025.10.30 16:24:59,scan_skipped_same_execution_bar,USDJPY,2025.10.30 16:00:00,0,
2025.10.30 16:34:59,scan_executed_new_execution_bar,USDJPY,2025.10.30 16:15:00,15,
2025.10.30 16:39:59,scan_skipped_same_execution_bar,USDJPY,2025.10.30 16:15:00,0,
2025.10.30 16:49:59,scan_executed_new_execution_bar,USDJPY,2025.10.30 16:30:00,16,
2025.10.30 16:54:59,scan_skipped_same_execution_bar,USDJPY,2025.10.30 16:30:00,0,
2025.10.30 17:04:59,scan_executed_new_execution_bar,USDJPY,2025.10.30 16:45:00,0,
2025.10.30 17:09:59,scan_skipped_same_execution_bar,USDJPY,2025.10.30 16:45:00,0,
2025.10.30 17:19:59,scan_executed_new_execution_bar,USDJPY,2025.10.30 17:00:00,0,
2025.10.30 17:24:59,scan_skipped_same_execution_bar,USDJPY,2025.10.30 17:00:00,0,
2025.10.30 17:34:59,scan_executed_new_execution_bar,USDJPY,2025.10.30 17:15:00,0,
2025.10.30 17:39:59,scan_skipped_same_execution_bar,USDJPY,2025.10.30 17:15:00,0,
2025.10.30 17:49:59,scan_executed_new_execution_bar,USDJPY,2025.10.30 17:30:00,15,
2025.10.30 17:54:59,scan_skipped_same_execution_bar,USDJPY,2025.10.30 17:30:00,0,
2025.10.30 18:04:59,scan_executed_new_execution_bar,USDJPY,2025.10.30 17:45:00,0,
2025.10.30 18:09:59,scan_skipped_same_execution_bar,USDJPY,2025.10.30 17:45:00,0,
2025.10.30 18:19:59,scan_executed_new_execution_bar,USDJPY,2025.10.30 18:00:00,16,
2025.10.30 18:24:59,scan_skipped_same_execution_bar,USDJPY,2025.10.30 18:00:00,0,
2025.10.30 18:34:59,scan_executed_new_execution_bar,USDJPY,2025.10.30 18:15:00,15,
2025.10.30 18:39:59,scan_skipped_same_execution_bar,USDJPY,2025.10.30 18:15:00,0,
2025.10.30 18:49:59,scan_executed_new_execution_bar,USDJPY,2025.10.30 18:30:00,0,
2025.10.30 18:54:59,scan_skipped_same_execution_bar,USDJPY,2025.10.30 18:30:00,0,
2025.10.30 19:04:59,scan_executed_new_execution_bar,USDJPY,2025.10.30 18:45:00,16,
2025.10.30 19:09:59,scan_skipped_same_execution_bar,USDJPY,2025.10.30 18:45:00,0,
2025.10.30 19:19:59,scan_executed_new_execution_bar,USDJPY,2025.10.30 19:00:00,16,
2025.10.30 19:24:59,scan_skipped_same_execution_bar,USDJPY,2025.10.30 19:00:00,0,
2025.10.30 19:34:59,scan_executed_new_execution_bar,USDJPY,2025.10.30 19:15:00,0,
2025.10.30 19:39:58,scan_skipped_same_execution_bar,USDJPY,2025.10.30 19:15:00,0,
2025.10.30 19:49:59,scan_executed_new_execution_bar,USDJPY,2025.10.30 19:30:00,16,
2025.10.30 19:54:59,scan_skipped_same_execution_bar,USDJPY,2025.10.30 19:30:00,0,
2025.10.30 20:04:59,scan_executed_new_execution_bar,USDJPY,2025.10.30 19:45:00,0,
2025.10.30 20:09:59,scan_skipped_same_execution_bar,USDJPY,2025.10.30 19:45:00,0,
2025.10.30 20:19:59,scan_executed_new_execution_bar,USDJPY,2025.10.30 20:00:00,0,
2025.10.30 20:24:59,scan_skipped_same_execution_bar,USDJPY,2025.10.30 20:00:00,0,
2025.10.30 20:34:59,scan_executed_new_execution_bar,USDJPY,2025.10.30 20:15:00,15,
2025.10.30 20:39:59,scan_skipped_same_execution_bar,USDJPY,2025.10.30 20:15:00,0,
2025.10.30 20:49:59,scan_executed_new_execution_bar,USDJPY,2025.10.30 20:30:00,0,
2025.10.30 20:54:58,scan_skipped_same_execution_bar,USDJPY,2025.10.30 20:30:00,0,
2025.10.30 21:04:59,scan_executed_new_execution_bar,USDJPY,2025.10.30 20:45:00,0,
2025.10.30 21:09:58,scan_skipped_same_execution_bar,USDJPY,2025.10.30 20:45:00,0,
2025.10.30 21:19:59,scan_executed_new_execution_bar,USDJPY,2025.10.30 21:00:00,31,
2025.10.30 21:24:59,scan_skipped_same_execution_bar,USDJPY,2025.10.30 21:00:00,0,
2025.10.30 21:34:59,scan_executed_new_execution_bar,USDJPY,2025.10.30 21:15:00,0,
2025.10.30 21:39:57,scan_skipped_same_execution_bar,USDJPY,2025.10.30 21:15:00,0,
2025.10.30 21:49:59,scan_executed_new_execution_bar,USDJPY,2025.10.30 21:30:00,0,
2025.10.30 21:55:00,scan_skipped_same_execution_bar,USDJPY,2025.10.30 21:30:00,0,
2025.10.30 22:04:59,scan_executed_new_execution_bar,USDJPY,2025.10.30 21:45:00,0,
2025.10.30 22:09:59,scan_skipped_same_execution_bar,USDJPY,2025.10.30 21:45:00,0,
2025.10.30 22:19:59,scan_executed_new_execution_bar,USDJPY,2025.10.30 22:00:00,0,
2025.10.30 22:24:59,scan_skipped_same_execution_bar,USDJPY,2025.10.30 22:00:00,0,
2025.10.30 22:34:58,scan_executed_new_execution_bar,USDJPY,2025.10.30 22:15:00,0,
2025.10.30 22:39:59,scan_skipped_same_execution_bar,USDJPY,2025.10.30 22:15:00,0,
2025.10.30 22:49:59,scan_executed_new_execution_bar,USDJPY,2025.10.30 22:30:00,0,
2025.10.30 22:54:59,scan_skipped_same_execution_bar,USDJPY,2025.10.30 22:30:00,0,
2025.10.30 23:04:55,scan_executed_new_execution_bar,USDJPY,2025.10.30 22:45:00,0,
2025.10.30 23:09:58,scan_skipped_same_execution_bar,USDJPY,2025.10.30 22:45:00,0,
2025.10.30 23:19:59,scan_executed_new_execution_bar,USDJPY,2025.10.30 23:00:00,0,
2025.10.30 23:24:59,scan_skipped_same_execution_bar,USDJPY,2025.10.30 23:00:00,0,
2025.10.30 23:34:58,scan_executed_new_execution_bar,USDJPY,2025.10.30 23:15:00,16,
2025.10.30 23:39:59,scan_skipped_same_execution_bar,USDJPY,2025.10.30 23:15:00,0,
2025.10.30 23:49:59,scan_executed_new_execution_bar,USDJPY,2025.10.30 23:30:00,0,
2025.10.30 23:54:59,scan_skipped_same_execution_bar,USDJPY,2025.10.30 23:30:00,0,
2025.10.31 00:04:46,scan_executed_new_execution_bar,USDJPY,2025.10.30 23:45:00,0,
2025.10.31 00:09:55,scan_skipped_same_execution_bar,USDJPY,2025.10.30 23:45:00,0,
2025.10.31 00:19:57,scan_executed_new_execution_bar,USDJPY,2025.10.31 00:00:00,0,
2025.10.31 00:24:57,scan_skipped_same_execution_bar,USDJPY,2025.10.31 00:00:00,0,
2025.10.31 00:34:59,scan_executed_new_execution_bar,USDJPY,2025.10.31 00:15:00,0,
2025.10.31 00:39:59,scan_skipped_same_execution_bar,USDJPY,2025.10.31 00:15:00,0,
2025.10.31 00:49:57,scan_executed_new_execution_bar,USDJPY,2025.10.31 00:30:00,0,
2025.10.31 00:54:50,scan_skipped_same_execution_bar,USDJPY,2025.10.31 00:30:00,0,
2025.10.31 01:05:00,scan_executed_new_execution_bar,USDJPY,2025.10.31 00:45:00,0,
2025.10.31 01:09:57,scan_skipped_same_execution_bar,USDJPY,2025.10.31 00:45:00,0,
2025.10.31 01:19:59,scan_executed_new_execution_bar,USDJPY,2025.10.31 01:00:00,0,
2025.10.31 01:24:55,scan_skipped_same_execution_bar,USDJPY,2025.10.31 01:00:00,0,
2025.10.31 01:34:59,scan_executed_new_execution_bar,USDJPY,2025.10.31 01:15:00,0,
2025.10.31 01:39:59,scan_skipped_same_execution_bar,USDJPY,2025.10.31 01:15:00,0,
2025.10.31 01:49:59,scan_executed_new_execution_bar,USDJPY,2025.10.31 01:30:00,16,
2025.10.31 01:54:58,scan_skipped_same_execution_bar,USDJPY,2025.10.31 01:30:00,0,
2025.10.31 02:04:58,scan_executed_new_execution_bar,USDJPY,2025.10.31 01:45:00,0,
2025.10.31 02:09:59,scan_skipped_same_execution_bar,USDJPY,2025.10.31 01:45:00,0,
2025.10.31 02:19:53,scan_executed_new_execution_bar,USDJPY,2025.10.31 02:00:00,16,
2025.10.31 02:24:59,scan_skipped_same_execution_bar,USDJPY,2025.10.31 02:00:00,0,
2025.10.31 02:34:59,scan_executed_new_execution_bar,USDJPY,2025.10.31 02:15:00,31,
2025.10.31 02:39:59,scan_skipped_same_execution_bar,USDJPY,2025.10.31 02:15:00,0,
2025.10.31 02:49:59,scan_executed_new_execution_bar,USDJPY,2025.10.31 02:30:00,0,
2025.10.31 02:54:59,scan_skipped_same_execution_bar,USDJPY,2025.10.31 02:30:00,0,
2025.10.31 03:04:59,scan_executed_new_execution_bar,USDJPY,2025.10.31 02:45:00,0,
2025.10.31 03:09:59,scan_skipped_same_execution_bar,USDJPY,2025.10.31 02:45:00,0,
2025.10.31 03:19:59,scan_executed_new_execution_bar,USDJPY,2025.10.31 03:00:00,16,
2025.10.31 03:24:59,scan_skipped_same_execution_bar,USDJPY,2025.10.31 03:00:00,0,
2025.10.31 03:35:00,scan_executed_new_execution_bar,USDJPY,2025.10.31 03:15:00,0,
2025.10.31 03:39:59,scan_skipped_same_execution_bar,USDJPY,2025.10.31 03:15:00,0,
2025.10.31 03:49:59,scan_executed_new_execution_bar,USDJPY,2025.10.31 03:30:00,0,
2025.10.31 03:54:59,scan_skipped_same_execution_bar,USDJPY,2025.10.31 03:30:00,0,
2025.10.31 04:04:59,scan_executed_new_execution_bar,USDJPY,2025.10.31 03:45:00,0,
2025.10.31 04:09:59,scan_skipped_same_execution_bar,USDJPY,2025.10.31 03:45:00,0,
2025.10.31 04:19:59,scan_executed_new_execution_bar,USDJPY,2025.10.31 04:00:00,0,
2025.10.31 04:24:59,scan_skipped_same_execution_bar,USDJPY,2025.10.31 04:00:00,0,
2025.10.31 04:34:59,scan_executed_new_execution_bar,USDJPY,2025.10.31 04:15:00,0,
2025.10.31 04:39:59,scan_skipped_same_execution_bar,USDJPY,2025.10.31 04:15:00,0,
2025.10.31 04:49:59,scan_executed_new_execution_bar,USDJPY,2025.10.31 04:30:00,0,
2025.10.31 04:54:59,scan_skipped_same_execution_bar,USDJPY,2025.10.31 04:30:00,0,
2025.10.31 05:04:59,scan_executed_new_execution_bar,USDJPY,2025.10.31 04:45:00,31,
2025.10.31 05:09:59,scan_skipped_same_execution_bar,USDJPY,2025.10.31 04:45:00,0,
2025.10.31 05:19:59,scan_executed_new_execution_bar,USDJPY,2025.10.31 05:00:00,0,
2025.10.31 05:24:59,scan_skipped_same_execution_bar,USDJPY,2025.10.31 05:00:00,0,
2025.10.31 05:34:59,scan_executed_new_execution_bar,USDJPY,2025.10.31 05:15:00,0,
2025.10.31 05:39:59,scan_skipped_same_execution_bar,USDJPY,2025.10.31 05:15:00,0,
2025.10.31 05:49:59,scan_executed_new_execution_bar,USDJPY,2025.10.31 05:30:00,15,
2025.10.31 05:54:59,scan_skipped_same_execution_bar,USDJPY,2025.10.31 05:30:00,0,
2025.10.31 06:04:59,scan_executed_new_execution_bar,USDJPY,2025.10.31 05:45:00,16,
2025.10.31 06:09:59,scan_skipped_same_execution_bar,USDJPY,2025.10.31 05:45:00,0,
2025.10.31 06:19:59,scan_executed_new_execution_bar,USDJPY,2025.10.31 06:00:00,16,
2025.10.31 06:24:59,scan_skipped_same_execution_bar,USDJPY,2025.10.31 06:00:00,0,
2025.10.31 06:34:59,scan_executed_new_execution_bar,USDJPY,2025.10.31 06:15:00,16,
2025.10.31 06:39:57,scan_skipped_same_execution_bar,USDJPY,2025.10.31 06:15:00,0,
2025.10.31 06:49:59,scan_executed_new_execution_bar,USDJPY,2025.10.31 06:30:00,16,
2025.10.31 06:54:59,scan_skipped_same_execution_bar,USDJPY,2025.10.31 06:30:00,0,
2025.10.31 07:04:59,scan_executed_new_execution_bar,USDJPY,2025.10.31 06:45:00,0,
2025.10.31 07:09:59,scan_skipped_same_execution_bar,USDJPY,2025.10.31 06:45:00,0,
2025.10.31 07:19:59,scan_executed_new_execution_bar,USDJPY,2025.10.31 07:00:00,32,
2025.10.31 07:24:59,scan_skipped_same_execution_bar,USDJPY,2025.10.31 07:00:00,0,
2025.10.31 07:34:58,scan_executed_new_execution_bar,USDJPY,2025.10.31 07:15:00,0,
2025.10.31 07:39:59,scan_skipped_same_execution_bar,USDJPY,2025.10.31 07:15:00,0,
2025.10.31 07:50:00,scan_executed_new_execution_bar,USDJPY,2025.10.31 07:30:00,0,
2025.10.31 07:54:59,scan_skipped_same_execution_bar,USDJPY,2025.10.31 07:30:00,0,
2025.10.31 08:04:59,scan_executed_new_execution_bar,USDJPY,2025.10.31 07:45:00,0,
2025.10.31 08:09:59,scan_skipped_same_execution_bar,USDJPY,2025.10.31 07:45:00,0,
2025.10.31 08:20:00,scan_executed_new_execution_bar,USDJPY,2025.10.31 08:00:00,0,
2025.10.31 08:24:59,scan_skipped_same_execution_bar,USDJPY,2025.10.31 08:00:00,0,
2025.10.31 08:34:59,scan_executed_new_execution_bar,USDJPY,2025.10.31 08:15:00,0,
2025.10.31 08:39:59,scan_skipped_same_execution_bar,USDJPY,2025.10.31 08:15:00,0,
2025.10.31 08:45:00,scan_executed_new_execution_bar,USDJPY,2025.10.31 08:30:00,0,
2025.10.31 08:49:59,scan_skipped_same_execution_bar,USDJPY,2025.10.31 08:30:00,0,
2025.10.31 09:04:59,scan_executed_new_execution_bar,USDJPY,2025.10.31 08:45:00,0,
2025.10.31 09:09:59,scan_skipped_same_execution_bar,USDJPY,2025.10.31 08:45:00,0,
2025.10.31 09:19:59,scan_executed_new_execution_bar,USDJPY,2025.10.31 09:00:00,0,
2025.10.31 09:24:59,scan_skipped_same_execution_bar,USDJPY,2025.10.31 09:00:00,0,
2025.10.31 09:34:59,scan_executed_new_execution_bar,USDJPY,2025.10.31 09:15:00,0,
2025.10.31 09:39:59,scan_skipped_same_execution_bar,USDJPY,2025.10.31 09:15:00,0,
2025.10.31 09:49:59,scan_executed_new_execution_bar,USDJPY,2025.10.31 09:30:00,0,
2025.10.31 09:54:59,scan_skipped_same_execution_bar,USDJPY,2025.10.31 09:30:00,0,
2025.10.31 10:04:59,scan_executed_new_execution_bar,USDJPY,2025.10.31 09:45:00,0,
2025.10.31 10:09:59,scan_skipped_same_execution_bar,USDJPY,2025.10.31 09:45:00,0,
2025.10.31 10:19:59,scan_executed_new_execution_bar,USDJPY,2025.10.31 10:00:00,0,
2025.10.31 10:24:59,scan_skipped_same_execution_bar,USDJPY,2025.10.31 10:00:00,0,
2025.10.31 10:34:59,scan_executed_new_execution_bar,USDJPY,2025.10.31 10:15:00,0,
2025.10.31 10:39:59,scan_skipped_same_execution_bar,USDJPY,2025.10.31 10:15:00,0,
2025.10.31 10:49:59,scan_executed_new_execution_bar,USDJPY,2025.10.31 10:30:00,0,
2025.10.31 10:54:59,scan_skipped_same_execution_bar,USDJPY,2025.10.31 10:30:00,0,
2025.10.31 11:04:59,scan_executed_new_execution_bar,USDJPY,2025.10.31 10:45:00,15,
2025.10.31 11:09:59,scan_skipped_same_execution_bar,USDJPY,2025.10.31 10:45:00,0,
2025.10.31 11:19:59,scan_executed_new_execution_bar,USDJPY,2025.10.31 11:00:00,0,
2025.10.31 11:25:00,scan_skipped_same_execution_bar,USDJPY,2025.10.31 11:00:00,0,
2025.10.31 11:34:59,scan_executed_new_execution_bar,USDJPY,2025.10.31 11:15:00,0,
2025.10.31 11:39:59,scan_skipped_same_execution_bar,USDJPY,2025.10.31 11:15:00,0,
2025.10.31 11:49:59,scan_executed_new_execution_bar,USDJPY,2025.10.31 11:30:00,15,
2025.10.31 11:54:59,scan_skipped_same_execution_bar,USDJPY,2025.10.31 11:30:00,0,
2025.10.31 12:04:59,scan_executed_new_execution_bar,USDJPY,2025.10.31 11:45:00,16,
2025.10.31 12:09:59,scan_skipped_same_execution_bar,USDJPY,2025.10.31 11:45:00,0,
2025.10.31 12:19:59,scan_executed_new_execution_bar,USDJPY,2025.10.31 12:00:00,31,
2025.10.31 12:24:59,scan_skipped_same_execution_bar,USDJPY,2025.10.31 12:00:00,0,
2025.10.31 12:34:59,scan_executed_new_execution_bar,USDJPY,2025.10.31 12:15:00,0,
2025.10.31 12:39:59,scan_skipped_same_execution_bar,USDJPY,2025.10.31 12:15:00,0,
2025.10.31 12:49:57,scan_executed_new_execution_bar,USDJPY,2025.10.31 12:30:00,31,
2025.10.31 12:54:59,scan_skipped_same_execution_bar,USDJPY,2025.10.31 12:30:00,0,
2025.10.31 13:04:59,scan_executed_new_execution_bar,USDJPY,2025.10.31 12:45:00,0,
2025.10.31 13:09:59,scan_skipped_same_execution_bar,USDJPY,2025.10.31 12:45:00,0,
2025.10.31 13:19:59,scan_executed_new_execution_bar,USDJPY,2025.10.31 13:00:00,31,
2025.10.31 13:24:59,scan_skipped_same_execution_bar,USDJPY,2025.10.31 13:00:00,0,
2025.10.31 13:34:59,scan_executed_new_execution_bar,USDJPY,2025.10.31 13:15:00,0,
2025.10.31 13:39:59,scan_skipped_same_execution_bar,USDJPY,2025.10.31 13:15:00,0,
2025.10.31 13:49:59,scan_executed_new_execution_bar,USDJPY,2025.10.31 13:30:00,15,
2025.10.31 13:54:59,scan_skipped_same_execution_bar,USDJPY,2025.10.31 13:30:00,0,
2025.10.31 14:04:59,scan_executed_new_execution_bar,USDJPY,2025.10.31 13:45:00,0,
2025.10.31 14:09:58,scan_skipped_same_execution_bar,USDJPY,2025.10.31 13:45:00,0,
2025.10.31 14:19:59,scan_executed_new_execution_bar,USDJPY,2025.10.31 14:00:00,16,
2025.10.31 14:24:59,scan_skipped_same_execution_bar,USDJPY,2025.10.31 14:00:00,0,
2025.10.31 14:34:59,scan_executed_new_execution_bar,USDJPY,2025.10.31 14:15:00,0,
2025.10.31 14:39:59,scan_skipped_same_execution_bar,USDJPY,2025.10.31 14:15:00,0,
2025.10.31 14:49:59,scan_executed_new_execution_bar,USDJPY,2025.10.31 14:30:00,0,
2025.10.31 14:54:59,scan_skipped_same_execution_bar,USDJPY,2025.10.31 14:30:00,0,
2025.10.31 15:04:59,scan_executed_new_execution_bar,USDJPY,2025.10.31 14:45:00,0,
2025.10.31 15:09:59,scan_skipped_same_execution_bar,USDJPY,2025.10.31 14:45:00,0,
2025.10.31 15:19:59,scan_executed_new_execution_bar,USDJPY,2025.10.31 15:00:00,0,
2025.10.31 15:24:59,scan_skipped_same_execution_bar,USDJPY,2025.10.31 15:00:00,0,
2025.10.31 15:34:59,scan_executed_new_execution_bar,USDJPY,2025.10.31 15:15:00,16,
2025.10.31 15:39:59,scan_skipped_same_execution_bar,USDJPY,2025.10.31 15:15:00,0,
2025.10.31 15:49:59,scan_executed_new_execution_bar,USDJPY,2025.10.31 15:30:00,0,
2025.10.31 15:54:59,scan_skipped_same_execution_bar,USDJPY,2025.10.31 15:30:00,0,
2025.10.31 16:04:59,scan_executed_new_execution_bar,USDJPY,2025.10.31 15:45:00,16,
2025.10.31 16:09:59,scan_skipped_same_execution_bar,USDJPY,2025.10.31 15:45:00,0,
2025.10.31 16:19:59,scan_executed_new_execution_bar,USDJPY,2025.10.31 16:00:00,31,
2025.10.31 16:24:59,scan_skipped_same_execution_bar,USDJPY,2025.10.31 16:00:00,0,
2025.10.31 16:34:59,scan_executed_new_execution_bar,USDJPY,2025.10.31 16:15:00,0,
2025.10.31 16:40:00,scan_skipped_same_execution_bar,USDJPY,2025.10.31 16:15:00,0,
2025.10.31 16:49:59,scan_executed_new_execution_bar,USDJPY,2025.10.31 16:30:00,0,
2025.10.31 16:54:59,scan_skipped_same_execution_bar,USDJPY,2025.10.31 16:30:00,0,
2025.10.31 17:04:59,scan_executed_new_execution_bar,USDJPY,2025.10.31 16:45:00,31,
2025.10.31 17:09:59,scan_skipped_same_execution_bar,USDJPY,2025.10.31 16:45:00,0,
2025.10.31 17:19:59,scan_executed_new_execution_bar,USDJPY,2025.10.31 17:00:00,0,
2025.10.31 17:24:59,scan_skipped_same_execution_bar,USDJPY,2025.10.31 17:00:00,0,
2025.10.31 17:34:59,scan_executed_new_execution_bar,USDJPY,2025.10.31 17:15:00,16,
2025.10.31 17:39:59,scan_skipped_same_execution_bar,USDJPY,2025.10.31 17:15:00,0,
2025.10.31 17:49:59,scan_executed_new_execution_bar,USDJPY,2025.10.31 17:30:00,31,
2025.10.31 17:54:59,scan_skipped_same_execution_bar,USDJPY,2025.10.31 17:30:00,0,
2025.10.31 18:04:59,scan_executed_new_execution_bar,USDJPY,2025.10.31 17:45:00,0,
2025.10.31 18:09:59,scan_skipped_same_execution_bar,USDJPY,2025.10.31 17:45:00,0,
2025.10.31 18:19:59,scan_executed_new_execution_bar,USDJPY,2025.10.31 18:00:00,16,
2025.10.31 18:24:59,scan_skipped_same_execution_bar,USDJPY,2025.10.31 18:00:00,0,
2025.10.31 18:34:59,scan_executed_new_execution_bar,USDJPY,2025.10.31 18:15:00,0,
2025.10.31 18:39:59,scan_skipped_same_execution_bar,USDJPY,2025.10.31 18:15:00,0,
2025.10.31 18:49:59,scan_executed_new_execution_bar,USDJPY,2025.10.31 18:30:00,16,
2025.10.31 18:54:59,scan_skipped_same_execution_bar,USDJPY,2025.10.31 18:30:00,0,
2025.10.31 19:04:59,scan_executed_new_execution_bar,USDJPY,2025.10.31 18:45:00,32,
2025.10.31 19:09:59,scan_skipped_same_execution_bar,USDJPY,2025.10.31 18:45:00,0,
2025.10.31 19:19:59,scan_executed_new_execution_bar,USDJPY,2025.10.31 19:00:00,0,
2025.10.31 19:24:59,scan_skipped_same_execution_bar,USDJPY,2025.10.31 19:00:00,0,
2025.10.31 19:34:59,scan_executed_new_execution_bar,USDJPY,2025.10.31 19:15:00,0,
2025.10.31 19:39:59,scan_skipped_same_execution_bar,USDJPY,2025.10.31 19:15:00,0,
2025.10.31 19:49:59,scan_executed_new_execution_bar,USDJPY,2025.10.31 19:30:00,0,
2025.10.31 19:54:59,scan_skipped_same_execution_bar,USDJPY,2025.10.31 19:30:00,0,
2025.10.31 20:04:59,scan_executed_new_execution_bar,USDJPY,2025.10.31 19:45:00,16,
2025.10.31 20:09:59,scan_skipped_same_execution_bar,USDJPY,2025.10.31 19:45:00,0,
2025.10.31 20:19:59,scan_executed_new_execution_bar,USDJPY,2025.10.31 20:00:00,0,
2025.10.31 20:24:59,scan_skipped_same_execution_bar,USDJPY,2025.10.31 20:00:00,0,
2025.10.31 20:34:59,scan_executed_new_execution_bar,USDJPY,2025.10.31 20:15:00,0,
2025.10.31 20:39:59,scan_skipped_same_execution_bar,USDJPY,2025.10.31 20:15:00,0,
2025.10.31 20:49:59,scan_executed_new_execution_bar,USDJPY,2025.10.31 20:30:00,0,
2025.10.31 20:54:59,scan_skipped_same_execution_bar,USDJPY,2025.10.31 20:30:00,0,
2025.10.31 21:05:00,scan_executed_new_execution_bar,USDJPY,2025.10.31 20:45:00,0,
2025.10.31 21:09:59,scan_skipped_same_execution_bar,USDJPY,2025.10.31 20:45:00,0,
2025.10.31 21:19:59,scan_executed_new_execution_bar,USDJPY,2025.10.31 21:00:00,16,
2025.10.31 21:24:59,scan_skipped_same_execution_bar,USDJPY,2025.10.31 21:00:00,0,
2025.10.31 21:34:58,scan_executed_new_execution_bar,USDJPY,2025.10.31 21:15:00,16,
2025.10.31 21:39:59,scan_skipped_same_execution_bar,USDJPY,2025.10.31 21:15:00,0,
2025.10.31 21:49:57,scan_executed_new_execution_bar,USDJPY,2025.10.31 21:30:00,0,
2025.10.31 21:54:59,scan_skipped_same_execution_bar,USDJPY,2025.10.31 21:30:00,0,
2025.10.31 22:04:59,scan_executed_new_execution_bar,USDJPY,2025.10.31 21:45:00,16,
2025.10.31 22:09:59,scan_skipped_same_execution_bar,USDJPY,2025.10.31 21:45:00,0,
2025.10.31 22:19:59,scan_executed_new_execution_bar,USDJPY,2025.10.31 22:00:00,0,
2025.10.31 22:24:59,scan_skipped_same_execution_bar,USDJPY,2025.10.31 22:00:00,0,
2025.10.31 22:34:59,scan_executed_new_execution_bar,USDJPY,2025.10.31 22:15:00,0,
2025.10.31 22:39:59,scan_skipped_same_execution_bar,USDJPY,2025.10.31 22:15:00,0,
2025.10.31 22:49:59,scan_executed_new_execution_bar,USDJPY,2025.10.31 22:30:00,0,
2025.10.31 22:54:59,scan_skipped_same_execution_bar,USDJPY,2025.10.31 22:30:00,0,
2025.10.31 23:04:59,scan_executed_new_execution_bar,USDJPY,2025.10.31 22:45:00,15,
2025.10.31 23:09:59,scan_skipped_same_execution_bar,USDJPY,2025.10.31 22:45:00,0,
2025.10.31 23:19:58,scan_executed_new_execution_bar,USDJPY,2025.10.31 23:00:00,0,
2025.10.31 23:24:59,scan_skipped_same_execution_bar,USDJPY,2025.10.31 23:00:00,0,
2025.10.31 23:34:59,scan_executed_new_execution_bar,USDJPY,2025.10.31 23:15:00,0,
2025.10.31 23:39:50,scan_skipped_same_execution_bar,USDJPY,2025.10.31 23:15:00,0,
2025.10.31 23:49:59,scan_executed_new_execution_bar,USDJPY,2025.10.31 23:30:00,0,
2025.10.31 23:54:59,scan_skipped_same_execution_bar,USDJPY,2025.10.31 23:30:00,0,
2025.11.03 00:04:52,scan_executed_new_execution_bar,USDJPY,2025.10.31 23:45:00,0,
2025.11.03 00:09:59,scan_skipped_same_execution_bar,USDJPY,2025.10.31 23:45:00,0,
2025.11.03 00:19:58,scan_executed_new_execution_bar,USDJPY,2025.11.03 00:00:00,0,
2025.11.03 00:24:58,scan_skipped_same_execution_bar,USDJPY,2025.11.03 00:00:00,0,
2025.11.03 00:34:59,scan_executed_new_execution_bar,USDJPY,2025.11.03 00:15:00,0,
2025.11.03 00:39:59,scan_skipped_same_execution_bar,USDJPY,2025.11.03 00:15:00,0,
2025.11.03 00:49:59,scan_executed_new_execution_bar,USDJPY,2025.11.03 00:30:00,0,
2025.11.03 00:54:59,scan_skipped_same_execution_bar,USDJPY,2025.11.03 00:30:00,0,
2025.11.03 01:04:59,scan_executed_new_execution_bar,USDJPY,2025.11.03 00:45:00,0,
2025.11.03 01:09:59,scan_skipped_same_execution_bar,USDJPY,2025.11.03 00:45:00,0,
2025.11.03 01:19:59,scan_executed_new_execution_bar,USDJPY,2025.11.03 01:00:00,0,
2025.11.03 01:24:59,scan_skipped_same_execution_bar,USDJPY,2025.11.03 01:00:00,0,
2025.11.03 01:34:59,scan_executed_new_execution_bar,USDJPY,2025.11.03 01:15:00,0,
2025.11.03 01:39:59,scan_skipped_same_execution_bar,USDJPY,2025.11.03 01:15:00,0,
2025.11.03 01:49:59,scan_executed_new_execution_bar,USDJPY,2025.11.03 01:30:00,0,
2025.11.03 01:54:59,scan_skipped_same_execution_bar,USDJPY,2025.11.03 01:30:00,0,
2025.11.03 02:04:59,scan_executed_new_execution_bar,USDJPY,2025.11.03 01:45:00,0,
2025.11.03 02:09:59,scan_skipped_same_execution_bar,USDJPY,2025.11.03 01:45:00,0,
2025.11.03 02:19:59,scan_executed_new_execution_bar,USDJPY,2025.11.03 02:00:00,0,
2025.11.03 02:24:59,scan_skipped_same_execution_bar,USDJPY,2025.11.03 02:00:00,0,
2025.11.03 02:34:59,scan_executed_new_execution_bar,USDJPY,2025.11.03 02:15:00,0,
2025.11.03 02:39:59,scan_skipped_same_execution_bar,USDJPY,2025.11.03 02:15:00,0,
2025.11.03 02:49:59,scan_executed_new_execution_bar,USDJPY,2025.11.03 02:30:00,0,
2025.11.03 02:54:59,scan_skipped_same_execution_bar,USDJPY,2025.11.03 02:30:00,0,
2025.11.03 03:04:59,scan_executed_new_execution_bar,USDJPY,2025.11.03 02:45:00,0,
2025.11.03 03:09:59,scan_skipped_same_execution_bar,USDJPY,2025.11.03 02:45:00,0,
2025.11.03 03:19:59,scan_executed_new_execution_bar,USDJPY,2025.11.03 03:00:00,0,
2025.11.03 03:24:59,scan_skipped_same_execution_bar,USDJPY,2025.11.03 03:00:00,0,
2025.11.03 03:34:59,scan_executed_new_execution_bar,USDJPY,2025.11.03 03:15:00,16,
2025.11.03 03:39:59,scan_skipped_same_execution_bar,USDJPY,2025.11.03 03:15:00,0,
2025.11.03 03:49:59,scan_executed_new_execution_bar,USDJPY,2025.11.03 03:30:00,0,
2025.11.03 03:54:59,scan_skipped_same_execution_bar,USDJPY,2025.11.03 03:30:00,0,
2025.11.03 04:05:00,scan_executed_new_execution_bar,USDJPY,2025.11.03 03:45:00,0,
2025.11.03 04:09:59,scan_skipped_same_execution_bar,USDJPY,2025.11.03 03:45:00,0,
2025.11.03 04:19:59,scan_executed_new_execution_bar,USDJPY,2025.11.03 04:00:00,0,
2025.11.03 04:24:59,scan_skipped_same_execution_bar,USDJPY,2025.11.03 04:00:00,0,
2025.11.03 04:34:59,scan_executed_new_execution_bar,USDJPY,2025.11.03 04:15:00,0,
2025.11.03 04:39:59,scan_skipped_same_execution_bar,USDJPY,2025.11.03 04:15:00,0,
2025.11.03 04:49:59,scan_executed_new_execution_bar,USDJPY,2025.11.03 04:30:00,0,
2025.11.03 04:54:59,scan_skipped_same_execution_bar,USDJPY,2025.11.03 04:30:00,0,
2025.11.03 05:04:59,scan_executed_new_execution_bar,USDJPY,2025.11.03 04:45:00,0,
2025.11.03 05:09:59,scan_skipped_same_execution_bar,USDJPY,2025.11.03 04:45:00,0,
2025.11.03 05:19:59,scan_executed_new_execution_bar,USDJPY,2025.11.03 05:00:00,0,
2025.11.03 05:24:59,scan_skipped_same_execution_bar,USDJPY,2025.11.03 05:00:00,0,
2025.11.03 05:34:59,scan_executed_new_execution_bar,USDJPY,2025.11.03 05:15:00,0,
2025.11.03 05:39:59,scan_skipped_same_execution_bar,USDJPY,2025.11.03 05:15:00,0,
2025.11.03 05:49:59,scan_executed_new_execution_bar,USDJPY,2025.11.03 05:30:00,0,
2025.11.03 05:54:59,scan_skipped_same_execution_bar,USDJPY,2025.11.03 05:30:00,0,
2025.11.03 06:04:59,scan_executed_new_execution_bar,USDJPY,2025.11.03 05:45:00,0,
2025.11.03 06:09:59,scan_skipped_same_execution_bar,USDJPY,2025.11.03 05:45:00,0,
2025.11.03 06:19:59,scan_executed_new_execution_bar,USDJPY,2025.11.03 06:00:00,0,
2025.11.03 06:24:59,scan_skipped_same_execution_bar,USDJPY,2025.11.03 06:00:00,0,
2025.11.03 06:34:58,scan_executed_new_execution_bar,USDJPY,2025.11.03 06:15:00,0,
2025.11.03 06:39:59,scan_skipped_same_execution_bar,USDJPY,2025.11.03 06:15:00,0,
2025.11.03 06:49:59,scan_executed_new_execution_bar,USDJPY,2025.11.03 06:30:00,0,
2025.11.03 06:54:58,scan_skipped_same_execution_bar,USDJPY,2025.11.03 06:30:00,0,
2025.11.03 07:04:59,scan_executed_new_execution_bar,USDJPY,2025.11.03 06:45:00,0,
2025.11.03 07:09:59,scan_skipped_same_execution_bar,USDJPY,2025.11.03 06:45:00,0,
2025.11.03 07:19:59,scan_executed_new_execution_bar,USDJPY,2025.11.03 07:00:00,0,
2025.11.03 07:24:59,scan_skipped_same_execution_bar,USDJPY,2025.11.03 07:00:00,0,
2025.11.03 07:34:59,scan_executed_new_execution_bar,USDJPY,2025.11.03 07:15:00,0,
2025.11.03 07:39:59,scan_skipped_same_execution_bar,USDJPY,2025.11.03 07:15:00,0,
2025.11.03 07:49:59,scan_executed_new_execution_bar,USDJPY,2025.11.03 07:30:00,0,
2025.11.03 07:54:59,scan_skipped_same_execution_bar,USDJPY,2025.11.03 07:30:00,0,
2025.11.03 08:04:59,scan_executed_new_execution_bar,USDJPY,2025.11.03 07:45:00,0,
2025.11.03 08:09:59,scan_skipped_same_execution_bar,USDJPY,2025.11.03 07:45:00,0,
2025.11.03 08:19:59,scan_executed_new_execution_bar,USDJPY,2025.11.03 08:00:00,0,
2025.11.03 08:24:59,scan_skipped_same_execution_bar,USDJPY,2025.11.03 08:00:00,0,
2025.11.03 08:34:59,scan_executed_new_execution_bar,USDJPY,2025.11.03 08:15:00,0,
2025.11.03 08:39:59,scan_skipped_same_execution_bar,USDJPY,2025.11.03 08:15:00,0,
2025.11.03 08:49:59,scan_executed_new_execution_bar,USDJPY,2025.11.03 08:30:00,16,
2025.11.03 08:54:59,scan_skipped_same_execution_bar,USDJPY,2025.11.03 08:30:00,0,
2025.11.03 09:04:59,scan_executed_new_execution_bar,USDJPY,2025.11.03 08:45:00,0,
2025.11.03 09:09:59,scan_skipped_same_execution_bar,USDJPY,2025.11.03 08:45:00,0,
2025.11.03 09:19:59,scan_executed_new_execution_bar,USDJPY,2025.11.03 09:00:00,0,
2025.11.03 09:24:59,scan_skipped_same_execution_bar,USDJPY,2025.11.03 09:00:00,0,
2025.11.03 09:34:59,scan_executed_new_execution_bar,USDJPY,2025.11.03 09:15:00,16,
2025.11.03 09:39:59,scan_skipped_same_execution_bar,USDJPY,2025.11.03 09:15:00,0,
2025.11.03 09:49:59,scan_executed_new_execution_bar,USDJPY,2025.11.03 09:30:00,16,
2025.11.03 09:54:59,scan_skipped_same_execution_bar,USDJPY,2025.11.03 09:30:00,0,
2025.11.03 10:04:59,scan_executed_new_execution_bar,USDJPY,2025.11.03 09:45:00,0,
2025.11.03 10:09:59,scan_skipped_same_execution_bar,USDJPY,2025.11.03 09:45:00,0,
2025.11.03 10:19:59,scan_executed_new_execution_bar,USDJPY,2025.11.03 10:00:00,0,
2025.11.03 10:24:59,scan_skipped_same_execution_bar,USDJPY,2025.11.03 10:00:00,0,
2025.11.03 10:34:59,scan_executed_new_execution_bar,USDJPY,2025.11.03 10:15:00,0,
2025.11.03 10:39:59,scan_skipped_same_execution_bar,USDJPY,2025.11.03 10:15:00,0,
2025.11.03 10:49:59,scan_executed_new_execution_bar,USDJPY,2025.11.03 10:30:00,16,
2025.11.03 10:54:59,scan_skipped_same_execution_bar,USDJPY,2025.11.03 10:30:00,0,
2025.11.03 11:04:59,scan_executed_new_execution_bar,USDJPY,2025.11.03 10:45:00,0,
2025.11.03 11:09:59,scan_skipped_same_execution_bar,USDJPY,2025.11.03 10:45:00,0,
2025.11.03 11:19:59,scan_executed_new_execution_bar,USDJPY,2025.11.03 11:00:00,0,
2025.11.03 11:24:59,scan_skipped_same_execution_bar,USDJPY,2025.11.03 11:00:00,0,
2025.11.03 11:34:59,scan_executed_new_execution_bar,USDJPY,2025.11.03 11:15:00,16,
2025.11.03 11:39:59,scan_skipped_same_execution_bar,USDJPY,2025.11.03 11:15:00,0,
2025.11.03 11:49:59,scan_executed_new_execution_bar,USDJPY,2025.11.03 11:30:00,0,
2025.11.03 11:54:59,scan_skipped_same_execution_bar,USDJPY,2025.11.03 11:30:00,0,
2025.11.03 12:04:59,scan_executed_new_execution_bar,USDJPY,2025.11.03 11:45:00,16,
2025.11.03 12:09:59,scan_skipped_same_execution_bar,USDJPY,2025.11.03 11:45:00,0,
2025.11.03 12:19:59,scan_executed_new_execution_bar,USDJPY,2025.11.03 12:00:00,0,
2025.11.03 12:24:59,scan_skipped_same_execution_bar,USDJPY,2025.11.03 12:00:00,0,
2025.11.03 12:34:59,scan_executed_new_execution_bar,USDJPY,2025.11.03 12:15:00,16,
2025.11.03 12:39:59,scan_skipped_same_execution_bar,USDJPY,2025.11.03 12:15:00,0,
2025.11.03 12:49:59,scan_executed_new_execution_bar,USDJPY,2025.11.03 12:30:00,0,
2025.11.03 12:54:59,scan_skipped_same_execution_bar,USDJPY,2025.11.03 12:30:00,0,
2025.11.03 13:04:59,scan_executed_new_execution_bar,USDJPY,2025.11.03 12:45:00,0,
2025.11.03 13:09:59,scan_skipped_same_execution_bar,USDJPY,2025.11.03 12:45:00,0,
2025.11.03 13:19:59,scan_executed_new_execution_bar,USDJPY,2025.11.03 13:00:00,0,
2025.11.03 13:24:59,scan_skipped_same_execution_bar,USDJPY,2025.11.03 13:00:00,0,
2025.11.03 13:34:59,scan_executed_new_execution_bar,USDJPY,2025.11.03 13:15:00,0,
2025.11.03 13:39:59,scan_skipped_same_execution_bar,USDJPY,2025.11.03 13:15:00,0,
2025.11.03 13:49:59,scan_executed_new_execution_bar,USDJPY,2025.11.03 13:30:00,0,
2025.11.03 13:54:59,scan_skipped_same_execution_bar,USDJPY,2025.11.03 13:30:00,0,
2025.11.03 14:04:59,scan_executed_new_execution_bar,USDJPY,2025.11.03 13:45:00,0,
2025.11.03 14:09:59,scan_skipped_same_execution_bar,USDJPY,2025.11.03 13:45:00,0,
2025.11.03 14:19:59,scan_executed_new_execution_bar,USDJPY,2025.11.03 14:00:00,0,
2025.11.03 14:24:59,scan_skipped_same_execution_bar,USDJPY,2025.11.03 14:00:00,0,
2025.11.03 14:34:59,scan_executed_new_execution_bar,USDJPY,2025.11.03 14:15:00,0,
2025.11.03 14:39:59,scan_skipped_same_execution_bar,USDJPY,2025.11.03 14:15:00,0,
2025.11.03 14:49:59,scan_executed_new_execution_bar,USDJPY,2025.11.03 14:30:00,0,
2025.11.03 14:54:59,scan_skipped_same_execution_bar,USDJPY,2025.11.03 14:30:00,0,
2025.11.03 15:04:59,scan_executed_new_execution_bar,USDJPY,2025.11.03 14:45:00,0,
2025.11.03 15:09:59,scan_skipped_same_execution_bar,USDJPY,2025.11.03 14:45:00,0,
2025.11.03 15:19:59,scan_executed_new_execution_bar,USDJPY,2025.11.03 15:00:00,0,
2025.11.03 15:24:59,scan_skipped_same_execution_bar,USDJPY,2025.11.03 15:00:00,0,
2025.11.03 15:34:59,scan_executed_new_execution_bar,USDJPY,2025.11.03 15:15:00,0,
2025.11.03 15:39:59,scan_skipped_same_execution_bar,USDJPY,2025.11.03 15:15:00,0,
2025.11.03 15:49:59,scan_executed_new_execution_bar,USDJPY,2025.11.03 15:30:00,0,
2025.11.03 15:54:59,scan_skipped_same_execution_bar,USDJPY,2025.11.03 15:30:00,0,
2025.11.03 16:04:59,scan_executed_new_execution_bar,USDJPY,2025.11.03 15:45:00,0,
2025.11.03 16:09:59,scan_skipped_same_execution_bar,USDJPY,2025.11.03 15:45:00,0,
2025.11.03 16:19:59,scan_executed_new_execution_bar,USDJPY,2025.11.03 16:00:00,0,
2025.11.03 16:24:59,scan_skipped_same_execution_bar,USDJPY,2025.11.03 16:00:00,0,
2025.11.03 16:34:59,scan_executed_new_execution_bar,USDJPY,2025.11.03 16:15:00,0,
2025.11.03 16:39:59,scan_skipped_same_execution_bar,USDJPY,2025.11.03 16:15:00,0,
2025.11.03 16:49:59,scan_executed_new_execution_bar,USDJPY,2025.11.03 16:30:00,0,
2025.11.03 16:54:59,scan_skipped_same_execution_bar,USDJPY,2025.11.03 16:30:00,0,
2025.11.03 17:04:59,scan_executed_new_execution_bar,USDJPY,2025.11.03 16:45:00,0,
2025.11.03 17:09:59,scan_skipped_same_execution_bar,USDJPY,2025.11.03 16:45:00,0,
2025.11.03 17:19:59,scan_executed_new_execution_bar,USDJPY,2025.11.03 17:00:00,15,
2025.11.03 17:24:59,scan_skipped_same_execution_bar,USDJPY,2025.11.03 17:00:00,0,
2025.11.03 17:34:59,scan_executed_new_execution_bar,USDJPY,2025.11.03 17:15:00,0,
2025.11.03 17:39:59,scan_skipped_same_execution_bar,USDJPY,2025.11.03 17:15:00,0,
2025.11.03 17:49:59,scan_executed_new_execution_bar,USDJPY,2025.11.03 17:30:00,15,
2025.11.03 17:54:59,scan_skipped_same_execution_bar,USDJPY,2025.11.03 17:30:00,0,
2025.11.03 18:04:59,scan_executed_new_execution_bar,USDJPY,2025.11.03 17:45:00,0,
2025.11.03 18:09:59,scan_skipped_same_execution_bar,USDJPY,2025.11.03 17:45:00,0,
2025.11.03 18:19:59,scan_executed_new_execution_bar,USDJPY,2025.11.03 18:00:00,0,
2025.11.03 18:24:59,scan_skipped_same_execution_bar,USDJPY,2025.11.03 18:00:00,0,
2025.11.03 18:34:59,scan_executed_new_execution_bar,USDJPY,2025.11.03 18:15:00,0,
2025.11.03 18:39:59,scan_skipped_same_execution_bar,USDJPY,2025.11.03 18:15:00,0,
2025.11.03 18:49:59,scan_executed_new_execution_bar,USDJPY,2025.11.03 18:30:00,0,
2025.11.03 18:54:59,scan_skipped_same_execution_bar,USDJPY,2025.11.03 18:30:00,0,
2025.11.03 19:04:59,scan_executed_new_execution_bar,USDJPY,2025.11.03 18:45:00,0,
2025.11.03 19:09:59,scan_skipped_same_execution_bar,USDJPY,2025.11.03 18:45:00,0,
2025.11.03 19:19:59,scan_executed_new_execution_bar,USDJPY,2025.11.03 19:00:00,0,
2025.11.03 19:24:59,scan_skipped_same_execution_bar,USDJPY,2025.11.03 19:00:00,0,
2025.11.03 19:34:59,scan_executed_new_execution_bar,USDJPY,2025.11.03 19:15:00,15,
2025.11.03 19:39:59,scan_skipped_same_execution_bar,USDJPY,2025.11.03 19:15:00,0,
2025.11.03 19:49:59,scan_executed_new_execution_bar,USDJPY,2025.11.03 19:30:00,32,
2025.11.03 19:54:59,scan_skipped_same_execution_bar,USDJPY,2025.11.03 19:30:00,0,
2025.11.03 20:04:59,scan_executed_new_execution_bar,USDJPY,2025.11.03 19:45:00,15,
2025.11.03 20:09:59,scan_skipped_same_execution_bar,USDJPY,2025.11.03 19:45:00,0,
2025.11.03 20:19:59,scan_executed_new_execution_bar,USDJPY,2025.11.03 20:00:00,16,
2025.11.03 20:24:59,scan_skipped_same_execution_bar,USDJPY,2025.11.03 20:00:00,0,
2025.11.03 20:34:59,scan_executed_new_execution_bar,USDJPY,2025.11.03 20:15:00,0,
2025.11.03 20:39:59,scan_skipped_same_execution_bar,USDJPY,2025.11.03 20:15:00,0,
2025.11.03 20:49:59,scan_executed_new_execution_bar,USDJPY,2025.11.03 20:30:00,0,
2025.11.03 20:54:59,scan_skipped_same_execution_bar,USDJPY,2025.11.03 20:30:00,0,
2025.11.03 21:04:59,scan_executed_new_execution_bar,USDJPY,2025.11.03 20:45:00,0,
2025.11.03 21:09:59,scan_skipped_same_execution_bar,USDJPY,2025.11.03 20:45:00,0,
2025.11.03 21:19:59,scan_executed_new_execution_bar,USDJPY,2025.11.03 21:00:00,0,
2025.11.03 21:24:59,scan_skipped_same_execution_bar,USDJPY,2025.11.03 21:00:00,0,
2025.11.03 21:34:59,scan_executed_new_execution_bar,USDJPY,2025.11.03 21:15:00,0,
2025.11.03 21:39:59,scan_skipped_same_execution_bar,USDJPY,2025.11.03 21:15:00,0,
2025.11.03 21:49:59,scan_executed_new_execution_bar,USDJPY,2025.11.03 21:30:00,15,
2025.11.03 21:54:59,scan_skipped_same_execution_bar,USDJPY,2025.11.03 21:30:00,0,
2025.11.03 22:04:59,scan_executed_new_execution_bar,USDJPY,2025.11.03 21:45:00,0,
2025.11.03 22:09:59,scan_skipped_same_execution_bar,USDJPY,2025.11.03 21:45:00,0,
2025.11.03 22:19:59,scan_executed_new_execution_bar,USDJPY,2025.11.03 22:00:00,0,
2025.11.03 22:24:59,scan_skipped_same_execution_bar,USDJPY,2025.11.03 22:00:00,0,
2025.11.03 22:34:59,scan_executed_new_execution_bar,USDJPY,2025.11.03 22:15:00,0,
2025.11.03 22:39:59,scan_skipped_same_execution_bar,USDJPY,2025.11.03 22:15:00,0,
2025.11.03 22:49:59,scan_executed_new_execution_bar,USDJPY,2025.11.03 22:30:00,0,
2025.11.03 22:54:59,scan_skipped_same_execution_bar,USDJPY,2025.11.03 22:30:00,0,
2025.11.03 23:04:59,scan_executed_new_execution_bar,USDJPY,2025.11.03 22:45:00,0,
2025.11.03 23:09:56,scan_skipped_same_execution_bar,USDJPY,2025.11.03 22:45:00,0,
2025.11.03 23:19:59,scan_executed_new_execution_bar,USDJPY,2025.11.03 23:00:00,0,
2025.11.03 23:24:59,scan_skipped_same_execution_bar,USDJPY,2025.11.03 23:00:00,0,
2025.11.03 23:34:59,scan_executed_new_execution_bar,USDJPY,2025.11.03 23:15:00,0,
2025.11.03 23:39:59,scan_skipped_same_execution_bar,USDJPY,2025.11.03 23:15:00,0,
2025.11.03 23:49:59,scan_executed_new_execution_bar,USDJPY,2025.11.03 23:30:00,0,
2025.11.03 23:54:59,scan_skipped_same_execution_bar,USDJPY,2025.11.03 23:30:00,0,
2025.11.04 00:04:59,scan_executed_new_execution_bar,USDJPY,2025.11.03 23:45:00,0,
2025.11.04 00:09:59,scan_skipped_same_execution_bar,USDJPY,2025.11.03 23:45:00,0,
2025.11.04 00:19:59,scan_executed_new_execution_bar,USDJPY,2025.11.04 00:00:00,0,
2025.11.04 00:24:59,scan_skipped_same_execution_bar,USDJPY,2025.11.04 00:00:00,0,
2025.11.04 00:34:59,scan_executed_new_execution_bar,USDJPY,2025.11.04 00:15:00,0,
2025.11.04 00:39:59,scan_skipped_same_execution_bar,USDJPY,2025.11.04 00:15:00,0,
2025.11.04 00:49:59,scan_executed_new_execution_bar,USDJPY,2025.11.04 00:30:00,0,
2025.11.04 00:54:59,scan_skipped_same_execution_bar,USDJPY,2025.11.04 00:30:00,0,
2025.11.04 01:04:59,scan_executed_new_execution_bar,USDJPY,2025.11.04 00:45:00,0,
2025.11.04 01:09:59,scan_skipped_same_execution_bar,USDJPY,2025.11.04 00:45:00,0,
2025.11.04 01:19:59,scan_executed_new_execution_bar,USDJPY,2025.11.04 01:00:00,0,
2025.11.04 01:24:59,scan_skipped_same_execution_bar,USDJPY,2025.11.04 01:00:00,0,
2025.11.04 01:34:59,scan_executed_new_execution_bar,USDJPY,2025.11.04 01:15:00,0,
2025.11.04 01:39:59,scan_skipped_same_execution_bar,USDJPY,2025.11.04 01:15:00,0,
2025.11.04 01:49:59,scan_executed_new_execution_bar,USDJPY,2025.11.04 01:30:00,0,
2025.11.04 01:54:59,scan_skipped_same_execution_bar,USDJPY,2025.11.04 01:30:00,0,
2025.11.04 02:04:59,scan_executed_new_execution_bar,USDJPY,2025.11.04 01:45:00,0,
2025.11.04 02:09:59,scan_skipped_same_execution_bar,USDJPY,2025.11.04 01:45:00,0,
2025.11.04 02:19:59,scan_executed_new_execution_bar,USDJPY,2025.11.04 02:00:00,0,
2025.11.04 02:24:59,scan_skipped_same_execution_bar,USDJPY,2025.11.04 02:00:00,0,
2025.11.04 02:34:59,scan_executed_new_execution_bar,USDJPY,2025.11.04 02:15:00,0,
2025.11.04 02:39:59,scan_skipped_same_execution_bar,USDJPY,2025.11.04 02:15:00,0,
2025.11.04 02:49:59,scan_executed_new_execution_bar,USDJPY,2025.11.04 02:30:00,0,
2025.11.04 02:54:59,scan_skipped_same_execution_bar,USDJPY,2025.11.04 02:30:00,0,
2025.11.04 03:04:59,scan_executed_new_execution_bar,USDJPY,2025.11.04 02:45:00,15,
2025.11.04 03:09:59,scan_skipped_same_execution_bar,USDJPY,2025.11.04 02:45:00,0,
2025.11.04 03:19:59,scan_executed_new_execution_bar,USDJPY,2025.11.04 03:00:00,0,
2025.11.04 03:24:59,scan_skipped_same_execution_bar,USDJPY,2025.11.04 03:00:00,0,
2025.11.04 03:34:59,scan_executed_new_execution_bar,USDJPY,2025.11.04 03:15:00,0,
2025.11.04 03:39:59,scan_skipped_same_execution_bar,USDJPY,2025.11.04 03:15:00,0,
2025.11.04 03:49:59,scan_executed_new_execution_bar,USDJPY,2025.11.04 03:30:00,0,
2025.11.04 03:54:59,scan_skipped_same_execution_bar,USDJPY,2025.11.04 03:30:00,0,
2025.11.04 04:04:59,scan_executed_new_execution_bar,USDJPY,2025.11.04 03:45:00,0,
2025.11.04 04:09:59,scan_skipped_same_execution_bar,USDJPY,2025.11.04 03:45:00,0,
2025.11.04 04:19:59,scan_executed_new_execution_bar,USDJPY,2025.11.04 04:00:00,0,
2025.11.04 04:24:59,scan_skipped_same_execution_bar,USDJPY,2025.11.04 04:00:00,0,
2025.11.04 04:34:59,scan_executed_new_execution_bar,USDJPY,2025.11.04 04:15:00,16,
2025.11.04 04:39:59,scan_skipped_same_execution_bar,USDJPY,2025.11.04 04:15:00,0,
2025.11.04 04:49:59,scan_executed_new_execution_bar,USDJPY,2025.11.04 04:30:00,0,
2025.11.04 04:54:59,scan_skipped_same_execution_bar,USDJPY,2025.11.04 04:30:00,0,
2025.11.04 05:04:59,scan_executed_new_execution_bar,USDJPY,2025.11.04 04:45:00,15,
2025.11.04 05:09:59,scan_skipped_same_execution_bar,USDJPY,2025.11.04 04:45:00,0,
2025.11.04 05:19:59,scan_executed_new_execution_bar,USDJPY,2025.11.04 05:00:00,31,
2025.11.04 05:24:59,scan_skipped_same_execution_bar,USDJPY,2025.11.04 05:00:00,0,
2025.11.04 05:34:59,scan_executed_new_execution_bar,USDJPY,2025.11.04 05:15:00,31,
2025.11.04 05:39:59,scan_skipped_same_execution_bar,USDJPY,2025.11.04 05:15:00,0,
2025.11.04 05:49:59,scan_executed_new_execution_bar,USDJPY,2025.11.04 05:30:00,16,
2025.11.04 05:54:59,scan_skipped_same_execution_bar,USDJPY,2025.11.04 05:30:00,0,
2025.11.04 06:04:59,scan_executed_new_execution_bar,USDJPY,2025.11.04 05:45:00,0,
2025.11.04 06:09:59,scan_skipped_same_execution_bar,USDJPY,2025.11.04 05:45:00,0,
2025.11.04 06:19:59,scan_executed_new_execution_bar,USDJPY,2025.11.04 06:00:00,0,
2025.11.04 06:24:59,scan_skipped_same_execution_bar,USDJPY,2025.11.04 06:00:00,0,
2025.11.04 06:34:59,scan_executed_new_execution_bar,USDJPY,2025.11.04 06:15:00,0,
2025.11.04 06:39:59,scan_skipped_same_execution_bar,USDJPY,2025.11.04 06:15:00,0,
2025.11.04 06:49:59,scan_executed_new_execution_bar,USDJPY,2025.11.04 06:30:00,0,
2025.11.04 06:54:59,scan_skipped_same_execution_bar,USDJPY,2025.11.04 06:30:00,0,
2025.11.04 07:04:59,scan_executed_new_execution_bar,USDJPY,2025.11.04 06:45:00,31,
2025.11.04 07:09:59,scan_skipped_same_execution_bar,USDJPY,2025.11.04 06:45:00,0,
2025.11.04 07:19:59,scan_executed_new_execution_bar,USDJPY,2025.11.04 07:00:00,0,
2025.11.04 07:24:59,scan_skipped_same_execution_bar,USDJPY,2025.11.04 07:00:00,0,
2025.11.04 07:34:59,scan_executed_new_execution_bar,USDJPY,2025.11.04 07:15:00,0,
2025.11.04 07:39:59,scan_skipped_same_execution_bar,USDJPY,2025.11.04 07:15:00,0,
2025.11.04 07:49:59,scan_executed_new_execution_bar,USDJPY,2025.11.04 07:30:00,0,
2025.11.04 07:54:59,scan_skipped_same_execution_bar,USDJPY,2025.11.04 07:30:00,0,
2025.11.04 08:04:59,scan_executed_new_execution_bar,USDJPY,2025.11.04 07:45:00,0,
2025.11.04 08:09:59,scan_skipped_same_execution_bar,USDJPY,2025.11.04 07:45:00,0,
2025.11.04 08:19:59,scan_executed_new_execution_bar,USDJPY,2025.11.04 08:00:00,0,
2025.11.04 08:24:59,scan_skipped_same_execution_bar,USDJPY,2025.11.04 08:00:00,0,
2025.11.04 08:34:59,scan_executed_new_execution_bar,USDJPY,2025.11.04 08:15:00,16,
2025.11.04 08:39:59,scan_skipped_same_execution_bar,USDJPY,2025.11.04 08:15:00,0,
2025.11.04 08:49:59,scan_executed_new_execution_bar,USDJPY,2025.11.04 08:30:00,15,
2025.11.04 08:54:59,scan_skipped_same_execution_bar,USDJPY,2025.11.04 08:30:00,0,
2025.11.04 09:04:59,scan_executed_new_execution_bar,USDJPY,2025.11.04 08:45:00,0,
2025.11.04 09:09:59,scan_skipped_same_execution_bar,USDJPY,2025.11.04 08:45:00,0,
2025.11.04 09:19:59,scan_executed_new_execution_bar,USDJPY,2025.11.04 09:00:00,0,
2025.11.04 09:24:59,scan_skipped_same_execution_bar,USDJPY,2025.11.04 09:00:00,0,
2025.11.04 09:34:59,scan_executed_new_execution_bar,USDJPY,2025.11.04 09:15:00,0,
2025.11.04 09:39:59,scan_skipped_same_execution_bar,USDJPY,2025.11.04 09:15:00,0,
2025.11.04 09:49:59,scan_executed_new_execution_bar,USDJPY,2025.11.04 09:30:00,0,
2025.11.04 09:54:59,scan_skipped_same_execution_bar,USDJPY,2025.11.04 09:30:00,0,
2025.11.04 10:04:59,scan_executed_new_execution_bar,USDJPY,2025.11.04 09:45:00,16,
2025.11.04 10:09:59,scan_skipped_same_execution_bar,USDJPY,2025.11.04 09:45:00,0,
2025.11.04 10:19:59,scan_executed_new_execution_bar,USDJPY,2025.11.04 10:00:00,0,
2025.11.04 10:24:59,scan_skipped_same_execution_bar,USDJPY,2025.11.04 10:00:00,0,
2025.11.04 10:34:59,scan_executed_new_execution_bar,USDJPY,2025.11.04 10:15:00,47,
2025.11.04 10:39:59,scan_skipped_same_execution_bar,USDJPY,2025.11.04 10:15:00,0,
2025.11.04 10:49:59,scan_executed_new_execution_bar,USDJPY,2025.11.04 10:30:00,0,
2025.11.04 10:54:59,scan_skipped_same_execution_bar,USDJPY,2025.11.04 10:30:00,0,
2025.11.04 11:04:59,scan_executed_new_execution_bar,USDJPY,2025.11.04 10:45:00,0,
2025.11.04 11:09:59,scan_skipped_same_execution_bar,USDJPY,2025.11.04 10:45:00,0,
2025.11.04 11:19:59,scan_executed_new_execution_bar,USDJPY,2025.11.04 11:00:00,0,
2025.11.04 11:24:59,scan_skipped_same_execution_bar,USDJPY,2025.11.04 11:00:00,0,
2025.11.04 11:34:59,scan_executed_new_execution_bar,USDJPY,2025.11.04 11:15:00,0,
2025.11.04 11:39:59,scan_skipped_same_execution_bar,USDJPY,2025.11.04 11:15:00,0,
2025.11.04 11:49:59,scan_executed_new_execution_bar,USDJPY,2025.11.04 11:30:00,0,
2025.11.04 11:54:59,scan_skipped_same_execution_bar,USDJPY,2025.11.04 11:30:00,0,
2025.11.04 12:04:59,scan_executed_new_execution_bar,USDJPY,2025.11.04 11:45:00,0,
2025.11.04 12:09:59,scan_skipped_same_execution_bar,USDJPY,2025.11.04 11:45:00,0,
2025.11.04 12:19:59,scan_executed_new_execution_bar,USDJPY,2025.11.04 12:00:00,31,
2025.11.04 12:24:59,scan_skipped_same_execution_bar,USDJPY,2025.11.04 12:00:00,0,
2025.11.04 12:34:59,scan_executed_new_execution_bar,USDJPY,2025.11.04 12:15:00,47,
2025.11.04 12:39:59,scan_skipped_same_execution_bar,USDJPY,2025.11.04 12:15:00,0,
2025.11.04 12:49:59,scan_executed_new_execution_bar,USDJPY,2025.11.04 12:30:00,16,
2025.11.04 12:54:59,scan_skipped_same_execution_bar,USDJPY,2025.11.04 12:30:00,0,
2025.11.04 13:04:59,scan_executed_new_execution_bar,USDJPY,2025.11.04 12:45:00,0,
2025.11.04 13:09:59,scan_skipped_same_execution_bar,USDJPY,2025.11.04 12:45:00,0,
2025.11.04 13:19:59,scan_executed_new_execution_bar,USDJPY,2025.11.04 13:00:00,0,
2025.11.04 13:24:59,scan_skipped_same_execution_bar,USDJPY,2025.11.04 13:00:00,0,
2025.11.04 13:34:59,scan_executed_new_execution_bar,USDJPY,2025.11.04 13:15:00,31,
2025.11.04 13:39:59,scan_skipped_same_execution_bar,USDJPY,2025.11.04 13:15:00,0,
2025.11.04 13:49:59,scan_executed_new_execution_bar,USDJPY,2025.11.04 13:30:00,15,
2025.11.04 13:54:59,scan_skipped_same_execution_bar,USDJPY,2025.11.04 13:30:00,0,
2025.11.04 14:04:59,scan_executed_new_execution_bar,USDJPY,2025.11.04 13:45:00,16,
2025.11.04 14:09:59,scan_skipped_same_execution_bar,USDJPY,2025.11.04 13:45:00,0,
2025.11.04 14:19:59,scan_executed_new_execution_bar,USDJPY,2025.11.04 14:00:00,15,
2025.11.04 14:24:59,scan_skipped_same_execution_bar,USDJPY,2025.11.04 14:00:00,0,
2025.11.04 14:34:59,scan_executed_new_execution_bar,USDJPY,2025.11.04 14:15:00,0,
2025.11.04 14:39:59,scan_skipped_same_execution_bar,USDJPY,2025.11.04 14:15:00,0,
2025.11.04 14:49:59,scan_executed_new_execution_bar,USDJPY,2025.11.04 14:30:00,0,
2025.11.04 14:54:59,scan_skipped_same_execution_bar,USDJPY,2025.11.04 14:30:00,0,
2025.11.04 15:04:59,scan_executed_new_execution_bar,USDJPY,2025.11.04 14:45:00,31,
2025.11.04 15:09:59,scan_skipped_same_execution_bar,USDJPY,2025.11.04 14:45:00,0,
2025.11.04 15:19:59,scan_executed_new_execution_bar,USDJPY,2025.11.04 15:00:00,0,
2025.11.04 15:24:59,scan_skipped_same_execution_bar,USDJPY,2025.11.04 15:00:00,0,
2025.11.04 15:34:59,scan_executed_new_execution_bar,USDJPY,2025.11.04 15:15:00,0,
2025.11.04 15:39:59,scan_skipped_same_execution_bar,USDJPY,2025.11.04 15:15:00,0,
2025.11.04 15:49:59,scan_executed_new_execution_bar,USDJPY,2025.11.04 15:30:00,0,
2025.11.04 15:54:59,scan_skipped_same_execution_bar,USDJPY,2025.11.04 15:30:00,0,
2025.11.04 16:04:59,scan_executed_new_execution_bar,USDJPY,2025.11.04 15:45:00,0,
2025.11.04 16:09:59,scan_skipped_same_execution_bar,USDJPY,2025.11.04 15:45:00,0,
2025.11.04 16:19:59,scan_executed_new_execution_bar,USDJPY,2025.11.04 16:00:00,0,
2025.11.04 16:24:59,scan_skipped_same_execution_bar,USDJPY,2025.11.04 16:00:00,0,
2025.11.04 16:34:59,scan_executed_new_execution_bar,USDJPY,2025.11.04 16:15:00,16,
2025.11.04 16:39:59,scan_skipped_same_execution_bar,USDJPY,2025.11.04 16:15:00,0,
2025.11.04 16:49:59,scan_executed_new_execution_bar,USDJPY,2025.11.04 16:30:00,15,
2025.11.04 16:54:59,scan_skipped_same_execution_bar,USDJPY,2025.11.04 16:30:00,0,
2025.11.04 17:04:59,scan_executed_new_execution_bar,USDJPY,2025.11.04 16:45:00,0,
2025.11.04 17:09:59,scan_skipped_same_execution_bar,USDJPY,2025.11.04 16:45:00,0,
2025.11.04 17:19:59,scan_executed_new_execution_bar,USDJPY,2025.11.04 17:00:00,0,
2025.11.04 17:24:59,scan_skipped_same_execution_bar,USDJPY,2025.11.04 17:00:00,0,
2025.11.04 17:34:59,scan_executed_new_execution_bar,USDJPY,2025.11.04 17:15:00,0,
2025.11.04 17:39:59,scan_skipped_same_execution_bar,USDJPY,2025.11.04 17:15:00,0,
2025.11.04 17:49:59,scan_executed_new_execution_bar,USDJPY,2025.11.04 17:30:00,0,
2025.11.04 17:54:59,scan_skipped_same_execution_bar,USDJPY,2025.11.04 17:30:00,0,
2025.11.04 18:04:59,scan_executed_new_execution_bar,USDJPY,2025.11.04 17:45:00,0,
2025.11.04 18:09:59,scan_skipped_same_execution_bar,USDJPY,2025.11.04 17:45:00,0,
2025.11.04 18:19:59,scan_executed_new_execution_bar,USDJPY,2025.11.04 18:00:00,0,
2025.11.04 18:24:59,scan_skipped_same_execution_bar,USDJPY,2025.11.04 18:00:00,0,
2025.11.04 18:34:59,scan_executed_new_execution_bar,USDJPY,2025.11.04 18:15:00,31,
2025.11.04 18:39:59,scan_skipped_same_execution_bar,USDJPY,2025.11.04 18:15:00,0,
2025.11.04 18:49:59,scan_executed_new_execution_bar,USDJPY,2025.11.04 18:30:00,0,
2025.11.04 18:54:59,scan_skipped_same_execution_bar,USDJPY,2025.11.04 18:30:00,0,
2025.11.04 19:04:59,scan_executed_new_execution_bar,USDJPY,2025.11.04 18:45:00,0,
2025.11.04 19:09:59,scan_skipped_same_execution_bar,USDJPY,2025.11.04 18:45:00,0,
2025.11.04 19:19:59,scan_executed_new_execution_bar,USDJPY,2025.11.04 19:00:00,0,
2025.11.04 19:24:59,scan_skipped_same_execution_bar,USDJPY,2025.11.04 19:00:00,0,
2025.11.04 19:34:59,scan_executed_new_execution_bar,USDJPY,2025.11.04 19:15:00,0,
2025.11.04 19:39:59,scan_skipped_same_execution_bar,USDJPY,2025.11.04 19:15:00,0,
2025.11.04 19:49:59,scan_executed_new_execution_bar,USDJPY,2025.11.04 19:30:00,0,
2025.11.04 19:54:59,scan_skipped_same_execution_bar,USDJPY,2025.11.04 19:30:00,0,
2025.11.04 20:04:59,scan_executed_new_execution_bar,USDJPY,2025.11.04 19:45:00,0,
2025.11.04 20:09:59,scan_skipped_same_execution_bar,USDJPY,2025.11.04 19:45:00,0,
2025.11.04 20:19:59,scan_executed_new_execution_bar,USDJPY,2025.11.04 20:00:00,0,
2025.11.04 20:24:59,scan_skipped_same_execution_bar,USDJPY,2025.11.04 20:00:00,0,
2025.11.04 20:34:59,scan_executed_new_execution_bar,USDJPY,2025.11.04 20:15:00,16,
2025.11.04 20:39:59,scan_skipped_same_execution_bar,USDJPY,2025.11.04 20:15:00,0,
2025.11.04 20:49:59,scan_executed_new_execution_bar,USDJPY,2025.11.04 20:30:00,0,
2025.11.04 20:54:59,scan_skipped_same_execution_bar,USDJPY,2025.11.04 20:30:00,0,
2025.11.04 21:04:59,scan_executed_new_execution_bar,USDJPY,2025.11.04 20:45:00,0,
2025.11.04 21:09:59,scan_skipped_same_execution_bar,USDJPY,2025.11.04 20:45:00,0,
2025.11.04 21:19:59,scan_executed_new_execution_bar,USDJPY,2025.11.04 21:00:00,0,
2025.11.04 21:24:59,scan_skipped_same_execution_bar,USDJPY,2025.11.04 21:00:00,0,
2025.11.04 21:34:59,scan_executed_new_execution_bar,USDJPY,2025.11.04 21:15:00,0,
2025.11.04 21:39:59,scan_skipped_same_execution_bar,USDJPY,2025.11.04 21:15:00,0,
2025.11.04 21:49:59,scan_executed_new_execution_bar,USDJPY,2025.11.04 21:30:00,0,
2025.11.04 21:54:59,scan_skipped_same_execution_bar,USDJPY,2025.11.04 21:30:00,0,
2025.11.04 22:04:59,scan_executed_new_execution_bar,USDJPY,2025.11.04 21:45:00,0,
2025.11.04 22:09:59,scan_skipped_same_execution_bar,USDJPY,2025.11.04 21:45:00,0,
2025.11.04 22:19:59,scan_executed_new_execution_bar,USDJPY,2025.11.04 22:00:00,0,
2025.11.04 22:24:59,scan_skipped_same_execution_bar,USDJPY,2025.11.04 22:00:00,0,
2025.11.04 22:34:59,scan_executed_new_execution_bar,USDJPY,2025.11.04 22:15:00,0,
2025.11.04 22:39:59,scan_skipped_same_execution_bar,USDJPY,2025.11.04 22:15:00,0,
2025.11.04 22:49:59,scan_executed_new_execution_bar,USDJPY,2025.11.04 22:30:00,0,
2025.11.04 22:55:00,scan_skipped_same_execution_bar,USDJPY,2025.11.04 22:30:00,0,
2025.11.04 23:04:59,scan_executed_new_execution_bar,USDJPY,2025.11.04 22:45:00,0,
2025.11.04 23:09:59,scan_skipped_same_execution_bar,USDJPY,2025.11.04 22:45:00,0,
2025.11.04 23:19:59,scan_executed_new_execution_bar,USDJPY,2025.11.04 23:00:00,0,
2025.11.04 23:24:59,scan_skipped_same_execution_bar,USDJPY,2025.11.04 23:00:00,0,
2025.11.04 23:34:59,scan_executed_new_execution_bar,USDJPY,2025.11.04 23:15:00,0,
2025.11.04 23:39:59,scan_skipped_same_execution_bar,USDJPY,2025.11.04 23:15:00,0,
2025.11.04 23:49:59,scan_executed_new_execution_bar,USDJPY,2025.11.04 23:30:00,0,
2025.11.04 23:54:59,scan_skipped_same_execution_bar,USDJPY,2025.11.04 23:30:00,0,
2025.11.05 00:04:59,scan_executed_new_execution_bar,USDJPY,2025.11.04 23:45:00,0,
2025.11.05 00:09:59,scan_skipped_same_execution_bar,USDJPY,2025.11.04 23:45:00,0,
2025.11.05 00:19:59,scan_executed_new_execution_bar,USDJPY,2025.11.05 00:00:00,0,
2025.11.05 00:24:59,scan_skipped_same_execution_bar,USDJPY,2025.11.05 00:00:00,0,
2025.11.05 00:34:59,scan_executed_new_execution_bar,USDJPY,2025.11.05 00:15:00,0,
2025.11.05 00:39:59,scan_skipped_same_execution_bar,USDJPY,2025.11.05 00:15:00,0,
2025.11.05 00:49:59,scan_executed_new_execution_bar,USDJPY,2025.11.05 00:30:00,0,
2025.11.05 00:54:59,scan_skipped_same_execution_bar,USDJPY,2025.11.05 00:30:00,0,
2025.11.05 01:04:59,scan_executed_new_execution_bar,USDJPY,2025.11.05 00:45:00,0,
2025.11.05 01:09:59,scan_skipped_same_execution_bar,USDJPY,2025.11.05 00:45:00,0,
2025.11.05 01:19:59,scan_executed_new_execution_bar,USDJPY,2025.11.05 01:00:00,0,
2025.11.05 01:24:59,scan_skipped_same_execution_bar,USDJPY,2025.11.05 01:00:00,0,
2025.11.05 01:34:58,scan_executed_new_execution_bar,USDJPY,2025.11.05 01:15:00,0,
2025.11.05 01:39:59,scan_skipped_same_execution_bar,USDJPY,2025.11.05 01:15:00,0,
2025.11.05 01:49:59,scan_executed_new_execution_bar,USDJPY,2025.11.05 01:30:00,0,
2025.11.05 01:54:59,scan_skipped_same_execution_bar,USDJPY,2025.11.05 01:30:00,0,
2025.11.05 02:04:59,scan_executed_new_execution_bar,USDJPY,2025.11.05 01:45:00,16,
2025.11.05 02:09:59,scan_skipped_same_execution_bar,USDJPY,2025.11.05 01:45:00,0,
2025.11.05 02:19:59,scan_executed_new_execution_bar,USDJPY,2025.11.05 02:00:00,0,
2025.11.05 02:24:59,scan_skipped_same_execution_bar,USDJPY,2025.11.05 02:00:00,0,
2025.11.05 02:34:59,scan_executed_new_execution_bar,USDJPY,2025.11.05 02:15:00,0,
2025.11.05 02:39:59,scan_skipped_same_execution_bar,USDJPY,2025.11.05 02:15:00,0,
2025.11.05 02:49:59,scan_executed_new_execution_bar,USDJPY,2025.11.05 02:30:00,0,
2025.11.05 02:54:59,scan_skipped_same_execution_bar,USDJPY,2025.11.05 02:30:00,0,
2025.11.05 03:04:59,scan_executed_new_execution_bar,USDJPY,2025.11.05 02:45:00,0,
2025.11.05 03:09:59,scan_skipped_same_execution_bar,USDJPY,2025.11.05 02:45:00,0,
2025.11.05 03:19:59,scan_executed_new_execution_bar,USDJPY,2025.11.05 03:00:00,0,
2025.11.05 03:24:59,scan_skipped_same_execution_bar,USDJPY,2025.11.05 03:00:00,0,
2025.11.05 03:34:59,scan_executed_new_execution_bar,USDJPY,2025.11.05 03:15:00,0,
2025.11.05 03:39:59,scan_skipped_same_execution_bar,USDJPY,2025.11.05 03:15:00,0,
2025.11.05 03:49:59,scan_executed_new_execution_bar,USDJPY,2025.11.05 03:30:00,0,
2025.11.05 03:54:59,scan_skipped_same_execution_bar,USDJPY,2025.11.05 03:30:00,0,
2025.11.05 04:04:59,scan_executed_new_execution_bar,USDJPY,2025.11.05 03:45:00,47,
2025.11.05 04:09:59,scan_skipped_same_execution_bar,USDJPY,2025.11.05 03:45:00,0,
2025.11.05 04:19:59,scan_executed_new_execution_bar,USDJPY,2025.11.05 04:00:00,16,
2025.11.05 04:24:59,scan_skipped_same_execution_bar,USDJPY,2025.11.05 04:00:00,0,
2025.11.05 04:34:59,scan_executed_new_execution_bar,USDJPY,2025.11.05 04:15:00,0,
2025.11.05 04:39:59,scan_skipped_same_execution_bar,USDJPY,2025.11.05 04:15:00,0,
2025.11.05 04:49:59,scan_executed_new_execution_bar,USDJPY,2025.11.05 04:30:00,0,
2025.11.05 04:54:59,scan_skipped_same_execution_bar,USDJPY,2025.11.05 04:30:00,0,
2025.11.05 05:04:59,scan_executed_new_execution_bar,USDJPY,2025.11.05 04:45:00,0,
2025.11.05 05:09:59,scan_skipped_same_execution_bar,USDJPY,2025.11.05 04:45:00,0,
2025.11.05 05:19:59,scan_executed_new_execution_bar,USDJPY,2025.11.05 05:00:00,0,
2025.11.05 05:24:59,scan_skipped_same_execution_bar,USDJPY,2025.11.05 05:00:00,0,
2025.11.05 05:34:59,scan_executed_new_execution_bar,USDJPY,2025.11.05 05:15:00,31,
2025.11.05 05:39:59,scan_skipped_same_execution_bar,USDJPY,2025.11.05 05:15:00,0,
2025.11.05 05:49:59,scan_executed_new_execution_bar,USDJPY,2025.11.05 05:30:00,78,
2025.11.05 05:54:59,scan_skipped_same_execution_bar,USDJPY,2025.11.05 05:30:00,0,
2025.11.05 06:04:59,scan_executed_new_execution_bar,USDJPY,2025.11.05 05:45:00,0,
2025.11.05 06:09:59,scan_skipped_same_execution_bar,USDJPY,2025.11.05 05:45:00,0,
2025.11.05 06:19:59,scan_executed_new_execution_bar,USDJPY,2025.11.05 06:00:00,16,
2025.11.05 06:24:59,scan_skipped_same_execution_bar,USDJPY,2025.11.05 06:00:00,0,
2025.11.05 06:34:59,scan_executed_new_execution_bar,USDJPY,2025.11.05 06:15:00,0,
2025.11.05 06:39:59,scan_skipped_same_execution_bar,USDJPY,2025.11.05 06:15:00,0,
2025.11.05 06:49:59,scan_executed_new_execution_bar,USDJPY,2025.11.05 06:30:00,0,
2025.11.05 06:54:59,scan_skipped_same_execution_bar,USDJPY,2025.11.05 06:30:00,0,
2025.11.05 07:04:59,scan_executed_new_execution_bar,USDJPY,2025.11.05 06:45:00,0,
2025.11.05 07:09:59,scan_skipped_same_execution_bar,USDJPY,2025.11.05 06:45:00,0,
2025.11.05 07:19:59,scan_executed_new_execution_bar,USDJPY,2025.11.05 07:00:00,0,
2025.11.05 07:24:59,scan_skipped_same_execution_bar,USDJPY,2025.11.05 07:00:00,0,
2025.11.05 07:34:59,scan_executed_new_execution_bar,USDJPY,2025.11.05 07:15:00,0,
2025.11.05 07:39:59,scan_skipped_same_execution_bar,USDJPY,2025.11.05 07:15:00,0,
2025.11.05 07:49:59,scan_executed_new_execution_bar,USDJPY,2025.11.05 07:30:00,0,
2025.11.05 07:54:59,scan_skipped_same_execution_bar,USDJPY,2025.11.05 07:30:00,0,
2025.11.05 08:04:59,scan_executed_new_execution_bar,USDJPY,2025.11.05 07:45:00,0,
2025.11.05 08:09:59,scan_skipped_same_execution_bar,USDJPY,2025.11.05 07:45:00,0,
2025.11.05 08:19:59,scan_executed_new_execution_bar,USDJPY,2025.11.05 08:00:00,0,
2025.11.05 08:24:59,scan_skipped_same_execution_bar,USDJPY,2025.11.05 08:00:00,0,
2025.11.05 08:34:59,scan_executed_new_execution_bar,USDJPY,2025.11.05 08:15:00,0,
2025.11.05 08:39:59,scan_skipped_same_execution_bar,USDJPY,2025.11.05 08:15:00,0,
2025.11.05 08:49:59,scan_executed_new_execution_bar,USDJPY,2025.11.05 08:30:00,0,
2025.11.05 08:54:59,scan_skipped_same_execution_bar,USDJPY,2025.11.05 08:30:00,0,
2025.11.05 09:04:59,scan_executed_new_execution_bar,USDJPY,2025.11.05 08:45:00,32,
2025.11.05 09:09:59,scan_skipped_same_execution_bar,USDJPY,2025.11.05 08:45:00,0,
2025.11.05 09:19:59,scan_executed_new_execution_bar,USDJPY,2025.11.05 09:00:00,47,
2025.11.05 09:24:59,scan_skipped_same_execution_bar,USDJPY,2025.11.05 09:00:00,0,
2025.11.05 09:34:59,scan_executed_new_execution_bar,USDJPY,2025.11.05 09:15:00,0,
2025.11.05 09:39:59,scan_skipped_same_execution_bar,USDJPY,2025.11.05 09:15:00,0,
2025.11.05 09:49:59,scan_executed_new_execution_bar,USDJPY,2025.11.05 09:30:00,0,
2025.11.05 09:54:59,scan_skipped_same_execution_bar,USDJPY,2025.11.05 09:30:00,0,
2025.11.05 10:04:59,scan_executed_new_execution_bar,USDJPY,2025.11.05 09:45:00,0,
2025.11.05 10:09:59,scan_skipped_same_execution_bar,USDJPY,2025.11.05 09:45:00,0,
2025.11.05 10:19:59,scan_executed_new_execution_bar,USDJPY,2025.11.05 10:00:00,0,
2025.11.05 10:24:59,scan_skipped_same_execution_bar,USDJPY,2025.11.05 10:00:00,0,
2025.11.05 10:34:59,scan_executed_new_execution_bar,USDJPY,2025.11.05 10:15:00,16,
2025.11.05 10:39:59,scan_skipped_same_execution_bar,USDJPY,2025.11.05 10:15:00,0,
2025.11.05 10:49:59,scan_executed_new_execution_bar,USDJPY,2025.11.05 10:30:00,0,
2025.11.05 10:54:59,scan_skipped_same_execution_bar,USDJPY,2025.11.05 10:30:00,0,
2025.11.05 11:04:59,scan_executed_new_execution_bar,USDJPY,2025.11.05 10:45:00,0,
2025.11.05 11:09:59,scan_skipped_same_execution_bar,USDJPY,2025.11.05 10:45:00,0,
2025.11.05 11:19:59,scan_executed_new_execution_bar,USDJPY,2025.11.05 11:00:00,0,
2025.11.05 11:24:59,scan_skipped_same_execution_bar,USDJPY,2025.11.05 11:00:00,0,
2025.11.05 11:34:59,scan_executed_new_execution_bar,USDJPY,2025.11.05 11:15:00,0,
2025.11.05 11:39:59,scan_skipped_same_execution_bar,USDJPY,2025.11.05 11:15:00,0,
2025.11.05 11:49:59,scan_executed_new_execution_bar,USDJPY,2025.11.05 11:30:00,0,
2025.11.05 11:55:00,scan_skipped_same_execution_bar,USDJPY,2025.11.05 11:30:00,0,
2025.11.05 12:04:59,scan_executed_new_execution_bar,USDJPY,2025.11.05 11:45:00,0,
2025.11.05 12:09:59,scan_skipped_same_execution_bar,USDJPY,2025.11.05 11:45:00,0,
2025.11.05 12:19:59,scan_executed_new_execution_bar,USDJPY,2025.11.05 12:00:00,16,
2025.11.05 12:24:59,scan_skipped_same_execution_bar,USDJPY,2025.11.05 12:00:00,0,
2025.11.05 12:34:59,scan_executed_new_execution_bar,USDJPY,2025.11.05 12:15:00,15,
2025.11.05 12:39:59,scan_skipped_same_execution_bar,USDJPY,2025.11.05 12:15:00,0,
2025.11.05 12:49:59,scan_executed_new_execution_bar,USDJPY,2025.11.05 12:30:00,16,
2025.11.05 12:54:59,scan_skipped_same_execution_bar,USDJPY,2025.11.05 12:30:00,0,
2025.11.05 13:04:59,scan_executed_new_execution_bar,USDJPY,2025.11.05 12:45:00,31,
2025.11.05 13:09:59,scan_skipped_same_execution_bar,USDJPY,2025.11.05 12:45:00,0,
2025.11.05 13:19:59,scan_executed_new_execution_bar,USDJPY,2025.11.05 13:00:00,0,
2025.11.05 13:24:59,scan_skipped_same_execution_bar,USDJPY,2025.11.05 13:00:00,0,
2025.11.05 13:34:59,scan_executed_new_execution_bar,USDJPY,2025.11.05 13:15:00,16,
2025.11.05 13:39:59,scan_skipped_same_execution_bar,USDJPY,2025.11.05 13:15:00,0,
2025.11.05 13:49:59,scan_executed_new_execution_bar,USDJPY,2025.11.05 13:30:00,16,
2025.11.05 13:54:59,scan_skipped_same_execution_bar,USDJPY,2025.11.05 13:30:00,0,
2025.11.05 14:04:59,scan_executed_new_execution_bar,USDJPY,2025.11.05 13:45:00,0,
2025.11.05 14:09:59,scan_skipped_same_execution_bar,USDJPY,2025.11.05 13:45:00,0,
2025.11.05 14:19:59,scan_executed_new_execution_bar,USDJPY,2025.11.05 14:00:00,15,
2025.11.05 14:24:59,scan_skipped_same_execution_bar,USDJPY,2025.11.05 14:00:00,0,
2025.11.05 14:34:59,scan_executed_new_execution_bar,USDJPY,2025.11.05 14:15:00,16,
2025.11.05 14:39:59,scan_skipped_same_execution_bar,USDJPY,2025.11.05 14:15:00,0,
2025.11.05 14:49:59,scan_executed_new_execution_bar,USDJPY,2025.11.05 14:30:00,0,
2025.11.05 14:54:59,scan_skipped_same_execution_bar,USDJPY,2025.11.05 14:30:00,0,
2025.11.05 15:04:59,scan_executed_new_execution_bar,USDJPY,2025.11.05 14:45:00,0,
2025.11.05 15:09:59,scan_skipped_same_execution_bar,USDJPY,2025.11.05 14:45:00,0,
2025.11.05 15:19:59,scan_executed_new_execution_bar,USDJPY,2025.11.05 15:00:00,0,
2025.11.05 15:24:59,scan_skipped_same_execution_bar,USDJPY,2025.11.05 15:00:00,0,
2025.11.05 15:34:59,scan_executed_new_execution_bar,USDJPY,2025.11.05 15:15:00,0,
2025.11.05 15:39:59,scan_skipped_same_execution_bar,USDJPY,2025.11.05 15:15:00,0,
2025.11.05 15:49:59,scan_executed_new_execution_bar,USDJPY,2025.11.05 15:30:00,0,
2025.11.05 15:54:59,scan_skipped_same_execution_bar,USDJPY,2025.11.05 15:30:00,0,
2025.11.05 16:04:59,scan_executed_new_execution_bar,USDJPY,2025.11.05 15:45:00,16,
2025.11.05 16:09:59,scan_skipped_same_execution_bar,USDJPY,2025.11.05 15:45:00,0,
2025.11.05 16:19:59,scan_executed_new_execution_bar,USDJPY,2025.11.05 16:00:00,0,
2025.11.05 16:24:59,scan_skipped_same_execution_bar,USDJPY,2025.11.05 16:00:00,0,
2025.11.05 16:34:59,scan_executed_new_execution_bar,USDJPY,2025.11.05 16:15:00,0,
2025.11.05 16:39:59,scan_skipped_same_execution_bar,USDJPY,2025.11.05 16:15:00,0,
2025.11.05 16:49:59,scan_executed_new_execution_bar,USDJPY,2025.11.05 16:30:00,0,
2025.11.05 16:54:59,scan_skipped_same_execution_bar,USDJPY,2025.11.05 16:30:00,0,
2025.11.05 17:04:59,scan_executed_new_execution_bar,USDJPY,2025.11.05 16:45:00,0,
2025.11.05 17:09:59,scan_skipped_same_execution_bar,USDJPY,2025.11.05 16:45:00,0,
2025.11.05 17:19:59,scan_executed_new_execution_bar,USDJPY,2025.11.05 17:00:00,0,
2025.11.05 17:24:59,scan_skipped_same_execution_bar,USDJPY,2025.11.05 17:00:00,0,
2025.11.05 17:34:59,scan_executed_new_execution_bar,USDJPY,2025.11.05 17:15:00,16,
2025.11.05 17:39:59,scan_skipped_same_execution_bar,USDJPY,2025.11.05 17:15:00,0,
2025.11.05 17:49:59,scan_executed_new_execution_bar,USDJPY,2025.11.05 17:30:00,0,
2025.11.05 17:54:59,scan_skipped_same_execution_bar,USDJPY,2025.11.05 17:30:00,0,
2025.11.05 18:04:59,scan_executed_new_execution_bar,USDJPY,2025.11.05 17:45:00,0,
2025.11.05 18:09:59,scan_skipped_same_execution_bar,USDJPY,2025.11.05 17:45:00,0,
2025.11.05 18:19:59,scan_executed_new_execution_bar,USDJPY,2025.11.05 18:00:00,63,
2025.11.05 18:24:59,scan_skipped_same_execution_bar,USDJPY,2025.11.05 18:00:00,0,
2025.11.05 18:34:59,scan_executed_new_execution_bar,USDJPY,2025.11.05 18:15:00,0,
2025.11.05 18:39:59,scan_skipped_same_execution_bar,USDJPY,2025.11.05 18:15:00,0,
2025.11.05 18:49:59,scan_executed_new_execution_bar,USDJPY,2025.11.05 18:30:00,0,
2025.11.05 18:54:59,scan_skipped_same_execution_bar,USDJPY,2025.11.05 18:30:00,0,
2025.11.05 19:04:59,scan_executed_new_execution_bar,USDJPY,2025.11.05 18:45:00,16,
2025.11.05 19:09:59,scan_skipped_same_execution_bar,USDJPY,2025.11.05 18:45:00,0,
2025.11.05 19:19:59,scan_executed_new_execution_bar,USDJPY,2025.11.05 19:00:00,16,
2025.11.05 19:24:59,scan_skipped_same_execution_bar,USDJPY,2025.11.05 19:00:00,0,
2025.11.05 19:34:59,scan_executed_new_execution_bar,USDJPY,2025.11.05 19:15:00,15,
2025.11.05 19:39:59,scan_skipped_same_execution_bar,USDJPY,2025.11.05 19:15:00,0,
2025.11.05 19:49:59,scan_executed_new_execution_bar,USDJPY,2025.11.05 19:30:00,16,
2025.11.05 19:54:59,scan_skipped_same_execution_bar,USDJPY,2025.11.05 19:30:00,0,
2025.11.05 20:04:59,scan_executed_new_execution_bar,USDJPY,2025.11.05 19:45:00,16,
2025.11.05 20:09:59,scan_skipped_same_execution_bar,USDJPY,2025.11.05 19:45:00,0,
2025.11.05 20:19:59,scan_executed_new_execution_bar,USDJPY,2025.11.05 20:00:00,0,
2025.11.05 20:24:59,scan_skipped_same_execution_bar,USDJPY,2025.11.05 20:00:00,0,
2025.11.05 20:34:59,scan_executed_new_execution_bar,USDJPY,2025.11.05 20:15:00,0,
2025.11.05 20:39:59,scan_skipped_same_execution_bar,USDJPY,2025.11.05 20:15:00,0,
2025.11.05 20:49:59,scan_executed_new_execution_bar,USDJPY,2025.11.05 20:30:00,16,
2025.11.05 20:54:59,scan_skipped_same_execution_bar,USDJPY,2025.11.05 20:30:00,0,
2025.11.05 21:04:59,scan_executed_new_execution_bar,USDJPY,2025.11.05 20:45:00,0,
2025.11.05 21:09:59,scan_skipped_same_execution_bar,USDJPY,2025.11.05 20:45:00,0,
2025.11.05 21:19:59,scan_executed_new_execution_bar,USDJPY,2025.11.05 21:00:00,0,
2025.11.05 21:25:00,scan_skipped_same_execution_bar,USDJPY,2025.11.05 21:00:00,0,
2025.11.05 21:34:59,scan_executed_new_execution_bar,USDJPY,2025.11.05 21:15:00,0,
2025.11.05 21:39:59,scan_skipped_same_execution_bar,USDJPY,2025.11.05 21:15:00,0,
2025.11.05 21:49:59,scan_executed_new_execution_bar,USDJPY,2025.11.05 21:30:00,0,
2025.11.05 21:54:59,scan_skipped_same_execution_bar,USDJPY,2025.11.05 21:30:00,0,
2025.11.05 22:04:59,scan_executed_new_execution_bar,USDJPY,2025.11.05 21:45:00,0,
2025.11.05 22:09:59,scan_skipped_same_execution_bar,USDJPY,2025.11.05 21:45:00,0,
2025.11.05 22:19:59,scan_executed_new_execution_bar,USDJPY,2025.11.05 22:00:00,0,
2025.11.05 22:24:58,scan_skipped_same_execution_bar,USDJPY,2025.11.05 22:00:00,0,
2025.11.05 22:34:59,scan_executed_new_execution_bar,USDJPY,2025.11.05 22:15:00,0,
2025.11.05 22:39:59,scan_skipped_same_execution_bar,USDJPY,2025.11.05 22:15:00,0,
2025.11.05 22:49:59,scan_executed_new_execution_bar,USDJPY,2025.11.05 22:30:00,0,
2025.11.05 22:54:59,scan_skipped_same_execution_bar,USDJPY,2025.11.05 22:30:00,0,
2025.11.05 23:04:59,scan_executed_new_execution_bar,USDJPY,2025.11.05 22:45:00,0,
2025.11.05 23:09:59,scan_skipped_same_execution_bar,USDJPY,2025.11.05 22:45:00,0,
2025.11.05 23:19:59,scan_executed_new_execution_bar,USDJPY,2025.11.05 23:00:00,0,
2025.11.05 23:24:59,scan_skipped_same_execution_bar,USDJPY,2025.11.05 23:00:00,0,
2025.11.05 23:34:59,scan_executed_new_execution_bar,USDJPY,2025.11.05 23:15:00,0,
2025.11.05 23:39:59,scan_skipped_same_execution_bar,USDJPY,2025.11.05 23:15:00,0,
2025.11.05 23:49:59,scan_executed_new_execution_bar,USDJPY,2025.11.05 23:30:00,0,
2025.11.05 23:54:59,scan_skipped_same_execution_bar,USDJPY,2025.11.05 23:30:00,0,
2025.11.06 00:04:59,scan_executed_new_execution_bar,USDJPY,2025.11.05 23:45:00,0,
2025.11.06 00:09:58,scan_skipped_same_execution_bar,USDJPY,2025.11.05 23:45:00,0,
2025.11.06 00:19:58,scan_executed_new_execution_bar,USDJPY,2025.11.06 00:00:00,0,
2025.11.06 00:24:59,scan_skipped_same_execution_bar,USDJPY,2025.11.06 00:00:00,0,
2025.11.06 00:34:59,scan_executed_new_execution_bar,USDJPY,2025.11.06 00:15:00,0,
2025.11.06 00:39:59,scan_skipped_same_execution_bar,USDJPY,2025.11.06 00:15:00,0,
2025.11.06 00:49:59,scan_executed_new_execution_bar,USDJPY,2025.11.06 00:30:00,16,
2025.11.06 00:54:59,scan_skipped_same_execution_bar,USDJPY,2025.11.06 00:30:00,0,
2025.11.06 01:04:59,scan_executed_new_execution_bar,USDJPY,2025.11.06 00:45:00,0,
2025.11.06 01:09:59,scan_skipped_same_execution_bar,USDJPY,2025.11.06 00:45:00,0,
2025.11.06 01:19:59,scan_executed_new_execution_bar,USDJPY,2025.11.06 01:00:00,0,
2025.11.06 01:24:59,scan_skipped_same_execution_bar,USDJPY,2025.11.06 01:00:00,0,
2025.11.06 01:34:59,scan_executed_new_execution_bar,USDJPY,2025.11.06 01:15:00,0,
2025.11.06 01:39:59,scan_skipped_same_execution_bar,USDJPY,2025.11.06 01:15:00,0,
2025.11.06 01:49:59,scan_executed_new_execution_bar,USDJPY,2025.11.06 01:30:00,0,
2025.11.06 01:54:59,scan_skipped_same_execution_bar,USDJPY,2025.11.06 01:30:00,0,
2025.11.06 02:04:59,scan_executed_new_execution_bar,USDJPY,2025.11.06 01:45:00,0,
2025.11.06 02:09:59,scan_skipped_same_execution_bar,USDJPY,2025.11.06 01:45:00,0,
2025.11.06 02:19:59,scan_executed_new_execution_bar,USDJPY,2025.11.06 02:00:00,0,
2025.11.06 02:24:59,scan_skipped_same_execution_bar,USDJPY,2025.11.06 02:00:00,0,
2025.11.06 02:34:59,scan_executed_new_execution_bar,USDJPY,2025.11.06 02:15:00,0,
2025.11.06 02:39:59,scan_skipped_same_execution_bar,USDJPY,2025.11.06 02:15:00,0,
2025.11.06 02:49:59,scan_executed_new_execution_bar,USDJPY,2025.11.06 02:30:00,0,
2025.11.06 02:55:00,scan_skipped_same_execution_bar,USDJPY,2025.11.06 02:30:00,0,
2025.11.06 03:04:59,scan_executed_new_execution_bar,USDJPY,2025.11.06 02:45:00,0,
2025.11.06 03:09:59,scan_skipped_same_execution_bar,USDJPY,2025.11.06 02:45:00,0,
2025.11.06 03:19:59,scan_executed_new_execution_bar,USDJPY,2025.11.06 03:00:00,0,
2025.11.06 03:24:59,scan_skipped_same_execution_bar,USDJPY,2025.11.06 03:00:00,0,
2025.11.06 03:34:59,scan_executed_new_execution_bar,USDJPY,2025.11.06 03:15:00,0,
2025.11.06 03:39:59,scan_skipped_same_execution_bar,USDJPY,2025.11.06 03:15:00,0,
2025.11.06 03:49:59,scan_executed_new_execution_bar,USDJPY,2025.11.06 03:30:00,0,
2025.11.06 03:54:59,scan_skipped_same_execution_bar,USDJPY,2025.11.06 03:30:00,0,
2025.11.06 04:04:59,scan_executed_new_execution_bar,USDJPY,2025.11.06 03:45:00,0,
2025.11.06 04:09:59,scan_skipped_same_execution_bar,USDJPY,2025.11.06 03:45:00,0,
2025.11.06 04:19:59,scan_executed_new_execution_bar,USDJPY,2025.11.06 04:00:00,15,
2025.11.06 04:24:59,scan_skipped_same_execution_bar,USDJPY,2025.11.06 04:00:00,0,
2025.11.06 04:34:59,scan_executed_new_execution_bar,USDJPY,2025.11.06 04:15:00,16,
2025.11.06 04:39:59,scan_skipped_same_execution_bar,USDJPY,2025.11.06 04:15:00,0,
2025.11.06 04:49:59,scan_executed_new_execution_bar,USDJPY,2025.11.06 04:30:00,0,
2025.11.06 04:54:59,scan_skipped_same_execution_bar,USDJPY,2025.11.06 04:30:00,0,
2025.11.06 05:04:59,scan_executed_new_execution_bar,USDJPY,2025.11.06 04:45:00,0,
2025.11.06 05:09:59,scan_skipped_same_execution_bar,USDJPY,2025.11.06 04:45:00,0,
2025.11.06 05:19:59,scan_executed_new_execution_bar,USDJPY,2025.11.06 05:00:00,0,
2025.11.06 05:24:59,scan_skipped_same_execution_bar,USDJPY,2025.11.06 05:00:00,0,
2025.11.06 05:34:59,scan_executed_new_execution_bar,USDJPY,2025.11.06 05:15:00,0,
2025.11.06 05:39:59,scan_skipped_same_execution_bar,USDJPY,2025.11.06 05:15:00,0,
2025.11.06 05:49:59,scan_executed_new_execution_bar,USDJPY,2025.11.06 05:30:00,0,
2025.11.06 05:54:59,scan_skipped_same_execution_bar,USDJPY,2025.11.06 05:30:00,0,
2025.11.06 06:04:59,scan_executed_new_execution_bar,USDJPY,2025.11.06 05:45:00,0,
2025.11.06 06:09:59,scan_skipped_same_execution_bar,USDJPY,2025.11.06 05:45:00,0,
2025.11.06 06:19:59,scan_executed_new_execution_bar,USDJPY,2025.11.06 06:00:00,0,
2025.11.06 06:24:59,scan_skipped_same_execution_bar,USDJPY,2025.11.06 06:00:00,0,
2025.11.06 06:34:59,scan_executed_new_execution_bar,USDJPY,2025.11.06 06:15:00,0,
2025.11.06 06:39:59,scan_skipped_same_execution_bar,USDJPY,2025.11.06 06:15:00,0,
2025.11.06 06:49:59,scan_executed_new_execution_bar,USDJPY,2025.11.06 06:30:00,0,
2025.11.06 06:54:59,scan_skipped_same_execution_bar,USDJPY,2025.11.06 06:30:00,0,
2025.11.06 07:04:59,scan_executed_new_execution_bar,USDJPY,2025.11.06 06:45:00,0,
2025.11.06 07:09:59,scan_skipped_same_execution_bar,USDJPY,2025.11.06 06:45:00,0,
2025.11.06 07:19:59,scan_executed_new_execution_bar,USDJPY,2025.11.06 07:00:00,15,
2025.11.06 07:24:59,scan_skipped_same_execution_bar,USDJPY,2025.11.06 07:00:00,0,
2025.11.06 07:34:59,scan_executed_new_execution_bar,USDJPY,2025.11.06 07:15:00,0,
2025.11.06 07:39:59,scan_skipped_same_execution_bar,USDJPY,2025.11.06 07:15:00,0,
2025.11.06 07:49:59,scan_executed_new_execution_bar,USDJPY,2025.11.06 07:30:00,0,
2025.11.06 07:54:59,scan_skipped_same_execution_bar,USDJPY,2025.11.06 07:30:00,0,
2025.11.06 08:04:59,scan_executed_new_execution_bar,USDJPY,2025.11.06 07:45:00,0,
2025.11.06 08:09:59,scan_skipped_same_execution_bar,USDJPY,2025.11.06 07:45:00,0,
2025.11.06 08:19:59,scan_executed_new_execution_bar,USDJPY,2025.11.06 08:00:00,0,
2025.11.06 08:24:59,scan_skipped_same_execution_bar,USDJPY,2025.11.06 08:00:00,0,
2025.11.06 08:34:59,scan_executed_new_execution_bar,USDJPY,2025.11.06 08:15:00,0,
2025.11.06 08:39:59,scan_skipped_same_execution_bar,USDJPY,2025.11.06 08:15:00,0,
2025.11.06 08:49:59,scan_executed_new_execution_bar,USDJPY,2025.11.06 08:30:00,0,
2025.11.06 08:54:59,scan_skipped_same_execution_bar,USDJPY,2025.11.06 08:30:00,0,
2025.11.06 09:04:59,scan_executed_new_execution_bar,USDJPY,2025.11.06 08:45:00,0,
2025.11.06 09:09:59,scan_skipped_same_execution_bar,USDJPY,2025.11.06 08:45:00,0,
2025.11.06 09:19:59,scan_executed_new_execution_bar,USDJPY,2025.11.06 09:00:00,0,
2025.11.06 09:24:59,scan_skipped_same_execution_bar,USDJPY,2025.11.06 09:00:00,0,
2025.11.06 09:34:59,scan_executed_new_execution_bar,USDJPY,2025.11.06 09:15:00,0,
2025.11.06 09:39:59,scan_skipped_same_execution_bar,USDJPY,2025.11.06 09:15:00,0,
2025.11.06 09:49:59,scan_executed_new_execution_bar,USDJPY,2025.11.06 09:30:00,0,
2025.11.06 09:54:59,scan_skipped_same_execution_bar,USDJPY,2025.11.06 09:30:00,0,
2025.11.06 10:04:59,scan_executed_new_execution_bar,USDJPY,2025.11.06 09:45:00,16,
2025.11.06 10:09:59,scan_skipped_same_execution_bar,USDJPY,2025.11.06 09:45:00,0,
2025.11.06 10:19:59,scan_executed_new_execution_bar,USDJPY,2025.11.06 10:00:00,0,
2025.11.06 10:24:59,scan_skipped_same_execution_bar,USDJPY,2025.11.06 10:00:00,0,
2025.11.06 10:34:59,scan_executed_new_execution_bar,USDJPY,2025.11.06 10:15:00,0,
2025.11.06 10:39:59,scan_skipped_same_execution_bar,USDJPY,2025.11.06 10:15:00,0,
2025.11.06 10:49:59,scan_executed_new_execution_bar,USDJPY,2025.11.06 10:30:00,31,
2025.11.06 10:54:59,scan_skipped_same_execution_bar,USDJPY,2025.11.06 10:30:00,0,
2025.11.06 11:04:59,scan_executed_new_execution_bar,USDJPY,2025.11.06 10:45:00,0,
2025.11.06 11:09:59,scan_skipped_same_execution_bar,USDJPY,2025.11.06 10:45:00,0,
2025.11.06 11:19:59,scan_executed_new_execution_bar,USDJPY,2025.11.06 11:00:00,15,
2025.11.06 11:24:59,scan_skipped_same_execution_bar,USDJPY,2025.11.06 11:00:00,0,
2025.11.06 11:34:59,scan_executed_new_execution_bar,USDJPY,2025.11.06 11:15:00,16,
2025.11.06 11:39:59,scan_skipped_same_execution_bar,USDJPY,2025.11.06 11:15:00,0,
2025.11.06 11:50:00,scan_executed_new_execution_bar,USDJPY,2025.11.06 11:30:00,0,
2025.11.06 11:54:59,scan_skipped_same_execution_bar,USDJPY,2025.11.06 11:30:00,0,
2025.11.06 12:04:59,scan_executed_new_execution_bar,USDJPY,2025.11.06 11:45:00,16,
2025.11.06 12:09:59,scan_skipped_same_execution_bar,USDJPY,2025.11.06 11:45:00,0,
2025.11.06 12:19:59,scan_executed_new_execution_bar,USDJPY,2025.11.06 12:00:00,0,
2025.11.06 12:24:59,scan_skipped_same_execution_bar,USDJPY,2025.11.06 12:00:00,0,
2025.11.06 12:34:59,scan_executed_new_execution_bar,USDJPY,2025.11.06 12:15:00,16,
2025.11.06 12:39:59,scan_skipped_same_execution_bar,USDJPY,2025.11.06 12:15:00,0,
2025.11.06 12:49:59,scan_executed_new_execution_bar,USDJPY,2025.11.06 12:30:00,0,
2025.11.06 12:54:59,scan_skipped_same_execution_bar,USDJPY,2025.11.06 12:30:00,0,
2025.11.06 13:04:59,scan_executed_new_execution_bar,USDJPY,2025.11.06 12:45:00,16,
2025.11.06 13:09:59,scan_skipped_same_execution_bar,USDJPY,2025.11.06 12:45:00,0,
2025.11.06 13:19:59,scan_executed_new_execution_bar,USDJPY,2025.11.06 13:00:00,0,
2025.11.06 13:24:59,scan_skipped_same_execution_bar,USDJPY,2025.11.06 13:00:00,0,
2025.11.06 13:34:59,scan_executed_new_execution_bar,USDJPY,2025.11.06 13:15:00,0,
2025.11.06 13:39:59,scan_skipped_same_execution_bar,USDJPY,2025.11.06 13:15:00,0,
2025.11.06 13:49:59,scan_executed_new_execution_bar,USDJPY,2025.11.06 13:30:00,0,
2025.11.06 13:54:59,scan_skipped_same_execution_bar,USDJPY,2025.11.06 13:30:00,0,
2025.11.06 14:04:59,scan_executed_new_execution_bar,USDJPY,2025.11.06 13:45:00,0,
2025.11.06 14:09:59,scan_skipped_same_execution_bar,USDJPY,2025.11.06 13:45:00,0,
2025.11.06 14:19:59,scan_executed_new_execution_bar,USDJPY,2025.11.06 14:00:00,16,
2025.11.06 14:24:59,scan_skipped_same_execution_bar,USDJPY,2025.11.06 14:00:00,0,
2025.11.06 14:34:59,scan_executed_new_execution_bar,USDJPY,2025.11.06 14:15:00,0,
2025.11.06 14:39:59,scan_skipped_same_execution_bar,USDJPY,2025.11.06 14:15:00,0,
2025.11.06 14:49:59,scan_executed_new_execution_bar,USDJPY,2025.11.06 14:30:00,0,
2025.11.06 14:54:59,scan_skipped_same_execution_bar,USDJPY,2025.11.06 14:30:00,0,
2025.11.06 15:04:59,scan_executed_new_execution_bar,USDJPY,2025.11.06 14:45:00,0,
2025.11.06 15:09:59,scan_skipped_same_execution_bar,USDJPY,2025.11.06 14:45:00,0,
2025.11.06 15:19:59,scan_executed_new_execution_bar,USDJPY,2025.11.06 15:00:00,31,
2025.11.06 15:24:59,scan_skipped_same_execution_bar,USDJPY,2025.11.06 15:00:00,0,
2025.11.06 15:34:59,scan_executed_new_execution_bar,USDJPY,2025.11.06 15:15:00,0,
2025.11.06 15:39:59,scan_skipped_same_execution_bar,USDJPY,2025.11.06 15:15:00,0,
2025.11.06 15:49:59,scan_executed_new_execution_bar,USDJPY,2025.11.06 15:30:00,0,
2025.11.06 15:54:59,scan_skipped_same_execution_bar,USDJPY,2025.11.06 15:30:00,0,
2025.11.06 16:04:59,scan_executed_new_execution_bar,USDJPY,2025.11.06 15:45:00,16,
2025.11.06 16:09:59,scan_skipped_same_execution_bar,USDJPY,2025.11.06 15:45:00,0,
2025.11.06 16:19:59,scan_executed_new_execution_bar,USDJPY,2025.11.06 16:00:00,0,
2025.11.06 16:24:59,scan_skipped_same_execution_bar,USDJPY,2025.11.06 16:00:00,0,
2025.11.06 16:34:59,scan_executed_new_execution_bar,USDJPY,2025.11.06 16:15:00,0,
2025.11.06 16:39:59,scan_skipped_same_execution_bar,USDJPY,2025.11.06 16:15:00,0,
2025.11.06 16:49:59,scan_executed_new_execution_bar,USDJPY,2025.11.06 16:30:00,15,
2025.11.06 16:54:59,scan_skipped_same_execution_bar,USDJPY,2025.11.06 16:30:00,0,
2025.11.06 17:04:59,scan_executed_new_execution_bar,USDJPY,2025.11.06 16:45:00,0,
2025.11.06 17:09:59,scan_skipped_same_execution_bar,USDJPY,2025.11.06 16:45:00,0,
2025.11.06 17:20:00,scan_executed_new_execution_bar,USDJPY,2025.11.06 17:00:00,15,
2025.11.06 17:24:59,scan_skipped_same_execution_bar,USDJPY,2025.11.06 17:00:00,0,
2025.11.06 17:34:59,scan_executed_new_execution_bar,USDJPY,2025.11.06 17:15:00,47,
2025.11.06 17:39:59,scan_skipped_same_execution_bar,USDJPY,2025.11.06 17:15:00,0,
2025.11.06 17:49:59,scan_executed_new_execution_bar,USDJPY,2025.11.06 17:30:00,0,
2025.11.06 17:54:59,scan_skipped_same_execution_bar,USDJPY,2025.11.06 17:30:00,0,
2025.11.06 18:04:59,scan_executed_new_execution_bar,USDJPY,2025.11.06 17:45:00,0,
2025.11.06 18:09:59,scan_skipped_same_execution_bar,USDJPY,2025.11.06 17:45:00,0,
2025.11.06 18:19:59,scan_executed_new_execution_bar,USDJPY,2025.11.06 18:00:00,47,
2025.11.06 18:24:59,scan_skipped_same_execution_bar,USDJPY,2025.11.06 18:00:00,0,
2025.11.06 18:34:59,scan_executed_new_execution_bar,USDJPY,2025.11.06 18:15:00,0,
2025.11.06 18:39:59,scan_skipped_same_execution_bar,USDJPY,2025.11.06 18:15:00,0,
2025.11.06 18:49:59,scan_executed_new_execution_bar,USDJPY,2025.11.06 18:30:00,0,
2025.11.06 18:54:59,scan_skipped_same_execution_bar,USDJPY,2025.11.06 18:30:00,0,
2025.11.06 19:04:59,scan_executed_new_execution_bar,USDJPY,2025.11.06 18:45:00,0,
2025.11.06 19:09:59,scan_skipped_same_execution_bar,USDJPY,2025.11.06 18:45:00,0,
2025.11.06 19:19:59,scan_executed_new_execution_bar,USDJPY,2025.11.06 19:00:00,0,
2025.11.06 19:24:59,scan_skipped_same_execution_bar,USDJPY,2025.11.06 19:00:00,0,
2025.11.06 19:34:59,scan_executed_new_execution_bar,USDJPY,2025.11.06 19:15:00,16,
2025.11.06 19:39:59,scan_skipped_same_execution_bar,USDJPY,2025.11.06 19:15:00,0,
2025.11.06 19:49:59,scan_executed_new_execution_bar,USDJPY,2025.11.06 19:30:00,31,
2025.11.06 19:55:00,scan_skipped_same_execution_bar,USDJPY,2025.11.06 19:30:00,0,
2025.11.06 20:04:59,scan_executed_new_execution_bar,USDJPY,2025.11.06 19:45:00,47,
2025.11.06 20:09:59,scan_skipped_same_execution_bar,USDJPY,2025.11.06 19:45:00,0,
2025.11.06 20:19:59,scan_executed_new_execution_bar,USDJPY,2025.11.06 20:00:00,0,
2025.11.06 20:24:59,scan_skipped_same_execution_bar,USDJPY,2025.11.06 20:00:00,0,
2025.11.06 20:30:00,scan_executed_new_execution_bar,USDJPY,2025.11.06 20:15:00,0,
2025.11.06 20:34:59,scan_skipped_same_execution_bar,USDJPY,2025.11.06 20:15:00,0,
2025.11.06 20:49:59,scan_executed_new_execution_bar,USDJPY,2025.11.06 20:30:00,0,
2025.11.06 20:54:59,scan_skipped_same_execution_bar,USDJPY,2025.11.06 20:30:00,0,
2025.11.06 21:04:59,scan_executed_new_execution_bar,USDJPY,2025.11.06 20:45:00,0,
2025.11.06 21:09:59,scan_skipped_same_execution_bar,USDJPY,2025.11.06 20:45:00,0,
2025.11.06 21:19:59,scan_executed_new_execution_bar,USDJPY,2025.11.06 21:00:00,0,
2025.11.06 21:24:59,scan_skipped_same_execution_bar,USDJPY,2025.11.06 21:00:00,0,
2025.11.06 21:34:59,scan_executed_new_execution_bar,USDJPY,2025.11.06 21:15:00,0,
2025.11.06 21:39:59,scan_skipped_same_execution_bar,USDJPY,2025.11.06 21:15:00,0,
2025.11.06 21:49:59,scan_executed_new_execution_bar,USDJPY,2025.11.06 21:30:00,16,
2025.11.06 21:54:59,scan_skipped_same_execution_bar,USDJPY,2025.11.06 21:30:00,0,
2025.11.06 22:05:00,scan_executed_new_execution_bar,USDJPY,2025.11.06 21:45:00,0,
2025.11.06 22:09:59,scan_skipped_same_execution_bar,USDJPY,2025.11.06 21:45:00,0,
2025.11.06 22:19:59,scan_executed_new_execution_bar,USDJPY,2025.11.06 22:00:00,0,
2025.11.06 22:24:59,scan_skipped_same_execution_bar,USDJPY,2025.11.06 22:00:00,0,
2025.11.06 22:34:59,scan_executed_new_execution_bar,USDJPY,2025.11.06 22:15:00,16,
2025.11.06 22:39:59,scan_skipped_same_execution_bar,USDJPY,2025.11.06 22:15:00,0,
2025.11.06 22:49:59,scan_executed_new_execution_bar,USDJPY,2025.11.06 22:30:00,0,
2025.11.06 22:54:59,scan_skipped_same_execution_bar,USDJPY,2025.11.06 22:30:00,0,
2025.11.06 23:04:59,scan_executed_new_execution_bar,USDJPY,2025.11.06 22:45:00,0,
2025.11.06 23:09:59,scan_skipped_same_execution_bar,USDJPY,2025.11.06 22:45:00,0,
2025.11.06 23:19:59,scan_executed_new_execution_bar,USDJPY,2025.11.06 23:00:00,0,
2025.11.06 23:24:59,scan_skipped_same_execution_bar,USDJPY,2025.11.06 23:00:00,0,
2025.11.06 23:34:59,scan_executed_new_execution_bar,USDJPY,2025.11.06 23:15:00,0,
2025.11.06 23:39:59,scan_skipped_same_execution_bar,USDJPY,2025.11.06 23:15:00,0,
2025.11.06 23:49:59,scan_executed_new_execution_bar,USDJPY,2025.11.06 23:30:00,0,
2025.11.06 23:54:59,scan_skipped_same_execution_bar,USDJPY,2025.11.06 23:30:00,0,
2025.11.07 00:04:59,scan_executed_new_execution_bar,USDJPY,2025.11.06 23:45:00,0,
2025.11.07 00:09:59,scan_skipped_same_execution_bar,USDJPY,2025.11.06 23:45:00,0,
2025.11.07 00:19:58,scan_executed_new_execution_bar,USDJPY,2025.11.07 00:00:00,0,
2025.11.07 00:24:59,scan_skipped_same_execution_bar,USDJPY,2025.11.07 00:00:00,0,
2025.11.07 00:34:59,scan_executed_new_execution_bar,USDJPY,2025.11.07 00:15:00,0,
2025.11.07 00:39:59,scan_skipped_same_execution_bar,USDJPY,2025.11.07 00:15:00,0,
2025.11.07 00:49:59,scan_executed_new_execution_bar,USDJPY,2025.11.07 00:30:00,0,
2025.11.07 00:54:59,scan_skipped_same_execution_bar,USDJPY,2025.11.07 00:30:00,0,
2025.11.07 01:04:59,scan_executed_new_execution_bar,USDJPY,2025.11.07 00:45:00,15,
2025.11.07 01:10:00,scan_skipped_same_execution_bar,USDJPY,2025.11.07 00:45:00,0,
2025.11.07 01:19:58,scan_executed_new_execution_bar,USDJPY,2025.11.07 01:00:00,0,
2025.11.07 01:24:59,scan_skipped_same_execution_bar,USDJPY,2025.11.07 01:00:00,0,
2025.11.07 01:34:59,scan_executed_new_execution_bar,USDJPY,2025.11.07 01:15:00,0,
2025.11.07 01:39:59,scan_skipped_same_execution_bar,USDJPY,2025.11.07 01:15:00,0,
2025.11.07 01:49:59,scan_executed_new_execution_bar,USDJPY,2025.11.07 01:30:00,0,
2025.11.07 01:54:58,scan_skipped_same_execution_bar,USDJPY,2025.11.07 01:30:00,0,
2025.11.07 02:04:59,scan_executed_new_execution_bar,USDJPY,2025.11.07 01:45:00,0,
2025.11.07 02:09:59,scan_skipped_same_execution_bar,USDJPY,2025.11.07 01:45:00,0,
2025.11.07 02:20:00,scan_executed_new_execution_bar,USDJPY,2025.11.07 02:00:00,0,
2025.11.07 02:24:59,scan_skipped_same_execution_bar,USDJPY,2025.11.07 02:00:00,0,
2025.11.07 02:34:59,scan_executed_new_execution_bar,USDJPY,2025.11.07 02:15:00,0,
2025.11.07 02:39:59,scan_skipped_same_execution_bar,USDJPY,2025.11.07 02:15:00,0,
2025.11.07 02:49:59,scan_executed_new_execution_bar,USDJPY,2025.11.07 02:30:00,0,
2025.11.07 02:55:00,scan_skipped_same_execution_bar,USDJPY,2025.11.07 02:30:00,0,
2025.11.07 03:04:59,scan_executed_new_execution_bar,USDJPY,2025.11.07 02:45:00,0,
2025.11.07 03:09:59,scan_skipped_same_execution_bar,USDJPY,2025.11.07 02:45:00,0,
2025.11.07 03:19:59,scan_executed_new_execution_bar,USDJPY,2025.11.07 03:00:00,0,
2025.11.07 03:24:59,scan_skipped_same_execution_bar,USDJPY,2025.11.07 03:00:00,0,
2025.11.07 03:34:59,scan_executed_new_execution_bar,USDJPY,2025.11.07 03:15:00,16,
2025.11.07 03:39:59,scan_skipped_same_execution_bar,USDJPY,2025.11.07 03:15:00,0,
2025.11.07 03:49:59,scan_executed_new_execution_bar,USDJPY,2025.11.07 03:30:00,0,
2025.11.07 03:54:59,scan_skipped_same_execution_bar,USDJPY,2025.11.07 03:30:00,0,
2025.11.07 04:04:59,scan_executed_new_execution_bar,USDJPY,2025.11.07 03:45:00,15,
2025.11.07 04:09:59,scan_skipped_same_execution_bar,USDJPY,2025.11.07 03:45:00,0,
2025.11.07 04:19:59,scan_executed_new_execution_bar,USDJPY,2025.11.07 04:00:00,16,
2025.11.07 04:24:59,scan_skipped_same_execution_bar,USDJPY,2025.11.07 04:00:00,0,
2025.11.07 04:34:59,scan_executed_new_execution_bar,USDJPY,2025.11.07 04:15:00,15,
2025.11.07 04:39:59,scan_skipped_same_execution_bar,USDJPY,2025.11.07 04:15:00,0,
2025.11.07 04:49:59,scan_executed_new_execution_bar,USDJPY,2025.11.07 04:30:00,0,
2025.11.07 04:54:59,scan_skipped_same_execution_bar,USDJPY,2025.11.07 04:30:00,0,
2025.11.07 05:04:59,scan_executed_new_execution_bar,USDJPY,2025.11.07 04:45:00,0,
2025.11.07 05:09:59,scan_skipped_same_execution_bar,USDJPY,2025.11.07 04:45:00,0,
2025.11.07 05:19:59,scan_executed_new_execution_bar,USDJPY,2025.11.07 05:00:00,0,
2025.11.07 05:24:59,scan_skipped_same_execution_bar,USDJPY,2025.11.07 05:00:00,0,
2025.11.07 05:34:59,scan_executed_new_execution_bar,USDJPY,2025.11.07 05:15:00,0,
2025.11.07 05:39:59,scan_skipped_same_execution_bar,USDJPY,2025.11.07 05:15:00,0,
2025.11.07 05:49:59,scan_executed_new_execution_bar,USDJPY,2025.11.07 05:30:00,0,
2025.11.07 05:54:59,scan_skipped_same_execution_bar,USDJPY,2025.11.07 05:30:00,0,
2025.11.07 06:04:59,scan_executed_new_execution_bar,USDJPY,2025.11.07 05:45:00,0,
2025.11.07 06:09:59,scan_skipped_same_execution_bar,USDJPY,2025.11.07 05:45:00,0,
2025.11.07 06:19:59,scan_executed_new_execution_bar,USDJPY,2025.11.07 06:00:00,0,
2025.11.07 06:24:59,scan_skipped_same_execution_bar,USDJPY,2025.11.07 06:00:00,0,
2025.11.07 06:34:59,scan_executed_new_execution_bar,USDJPY,2025.11.07 06:15:00,0,
2025.11.07 06:39:59,scan_skipped_same_execution_bar,USDJPY,2025.11.07 06:15:00,0,
2025.11.07 06:49:59,scan_executed_new_execution_bar,USDJPY,2025.11.07 06:30:00,0,
2025.11.07 06:54:59,scan_skipped_same_execution_bar,USDJPY,2025.11.07 06:30:00,0,
2025.11.07 07:04:59,scan_executed_new_execution_bar,USDJPY,2025.11.07 06:45:00,0,
2025.11.07 07:09:59,scan_skipped_same_execution_bar,USDJPY,2025.11.07 06:45:00,0,
2025.11.07 07:19:59,scan_executed_new_execution_bar,USDJPY,2025.11.07 07:00:00,0,
2025.11.07 07:24:59,scan_skipped_same_execution_bar,USDJPY,2025.11.07 07:00:00,0,
2025.11.07 07:34:59,scan_executed_new_execution_bar,USDJPY,2025.11.07 07:15:00,0,
2025.11.07 07:39:59,scan_skipped_same_execution_bar,USDJPY,2025.11.07 07:15:00,0,
2025.11.07 07:49:59,scan_executed_new_execution_bar,USDJPY,2025.11.07 07:30:00,0,
2025.11.07 07:54:59,scan_skipped_same_execution_bar,USDJPY,2025.11.07 07:30:00,0,
2025.11.07 08:04:59,scan_executed_new_execution_bar,USDJPY,2025.11.07 07:45:00,0,
2025.11.07 08:09:59,scan_skipped_same_execution_bar,USDJPY,2025.11.07 07:45:00,0,
2025.11.07 08:19:59,scan_executed_new_execution_bar,USDJPY,2025.11.07 08:00:00,0,
2025.11.07 08:24:59,scan_skipped_same_execution_bar,USDJPY,2025.11.07 08:00:00,0,
2025.11.07 08:34:59,scan_executed_new_execution_bar,USDJPY,2025.11.07 08:15:00,0,
2025.11.07 08:39:59,scan_skipped_same_execution_bar,USDJPY,2025.11.07 08:15:00,0,
2025.11.07 08:49:59,scan_executed_new_execution_bar,USDJPY,2025.11.07 08:30:00,0,
2025.11.07 08:54:59,scan_skipped_same_execution_bar,USDJPY,2025.11.07 08:30:00,0,
2025.11.07 09:04:59,scan_executed_new_execution_bar,USDJPY,2025.11.07 08:45:00,0,
2025.11.07 09:09:59,scan_skipped_same_execution_bar,USDJPY,2025.11.07 08:45:00,0,
2025.11.07 09:19:59,scan_executed_new_execution_bar,USDJPY,2025.11.07 09:00:00,16,
2025.11.07 09:24:59,scan_skipped_same_execution_bar,USDJPY,2025.11.07 09:00:00,0,
2025.11.07 09:34:59,scan_executed_new_execution_bar,USDJPY,2025.11.07 09:15:00,0,
2025.11.07 09:39:59,scan_skipped_same_execution_bar,USDJPY,2025.11.07 09:15:00,0,
2025.11.07 09:49:59,scan_executed_new_execution_bar,USDJPY,2025.11.07 09:30:00,0,
2025.11.07 09:54:59,scan_skipped_same_execution_bar,USDJPY,2025.11.07 09:30:00,0,
2025.11.07 10:04:59,scan_executed_new_execution_bar,USDJPY,2025.11.07 09:45:00,31,
2025.11.07 10:09:59,scan_skipped_same_execution_bar,USDJPY,2025.11.07 09:45:00,0,
2025.11.07 10:19:59,scan_executed_new_execution_bar,USDJPY,2025.11.07 10:00:00,0,
2025.11.07 10:24:59,scan_skipped_same_execution_bar,USDJPY,2025.11.07 10:00:00,0,
2025.11.07 10:34:59,scan_executed_new_execution_bar,USDJPY,2025.11.07 10:15:00,0,
2025.11.07 10:39:59,scan_skipped_same_execution_bar,USDJPY,2025.11.07 10:15:00,0,
2025.11.07 10:49:59,scan_executed_new_execution_bar,USDJPY,2025.11.07 10:30:00,31,
2025.11.07 10:54:59,scan_skipped_same_execution_bar,USDJPY,2025.11.07 10:30:00,0,
2025.11.07 11:04:59,scan_executed_new_execution_bar,USDJPY,2025.11.07 10:45:00,0,
2025.11.07 11:10:00,scan_skipped_same_execution_bar,USDJPY,2025.11.07 10:45:00,0,
2025.11.07 11:19:59,scan_executed_new_execution_bar,USDJPY,2025.11.07 11:00:00,0,
2025.11.07 11:24:59,scan_skipped_same_execution_bar,USDJPY,2025.11.07 11:00:00,0,
2025.11.07 11:34:59,scan_executed_new_execution_bar,USDJPY,2025.11.07 11:15:00,15,
2025.11.07 11:39:59,scan_skipped_same_execution_bar,USDJPY,2025.11.07 11:15:00,0,
2025.11.07 11:49:59,scan_executed_new_execution_bar,USDJPY,2025.11.07 11:30:00,0,
2025.11.07 11:54:59,scan_skipped_same_execution_bar,USDJPY,2025.11.07 11:30:00,0,
2025.11.07 12:04:59,scan_executed_new_execution_bar,USDJPY,2025.11.07 11:45:00,0,
2025.11.07 12:09:59,scan_skipped_same_execution_bar,USDJPY,2025.11.07 11:45:00,0,
2025.11.07 12:19:59,scan_executed_new_execution_bar,USDJPY,2025.11.07 12:00:00,16,
2025.11.07 12:24:59,scan_skipped_same_execution_bar,USDJPY,2025.11.07 12:00:00,0,
2025.11.07 12:34:59,scan_executed_new_execution_bar,USDJPY,2025.11.07 12:15:00,16,
2025.11.07 12:39:59,scan_skipped_same_execution_bar,USDJPY,2025.11.07 12:15:00,0,
2025.11.07 12:49:59,scan_executed_new_execution_bar,USDJPY,2025.11.07 12:30:00,0,
2025.11.07 12:54:59,scan_skipped_same_execution_bar,USDJPY,2025.11.07 12:30:00,0,
2025.11.07 13:04:59,scan_executed_new_execution_bar,USDJPY,2025.11.07 12:45:00,0,
2025.11.07 13:09:59,scan_skipped_same_execution_bar,USDJPY,2025.11.07 12:45:00,0,
2025.11.07 13:15:00,scan_executed_new_execution_bar,USDJPY,2025.11.07 13:00:00,16,
2025.11.07 13:19:59,scan_skipped_same_execution_bar,USDJPY,2025.11.07 13:00:00,0,
2025.11.07 13:34:59,scan_executed_new_execution_bar,USDJPY,2025.11.07 13:15:00,0,
2025.11.07 13:39:59,scan_skipped_same_execution_bar,USDJPY,2025.11.07 13:15:00,0,
2025.11.07 13:49:59,scan_executed_new_execution_bar,USDJPY,2025.11.07 13:30:00,0,
2025.11.07 13:54:59,scan_skipped_same_execution_bar,USDJPY,2025.11.07 13:30:00,0,
2025.11.07 14:04:59,scan_executed_new_execution_bar,USDJPY,2025.11.07 13:45:00,16,
2025.11.07 14:09:59,scan_skipped_same_execution_bar,USDJPY,2025.11.07 13:45:00,0,
2025.11.07 14:20:00,scan_executed_new_execution_bar,USDJPY,2025.11.07 14:00:00,0,
2025.11.07 14:24:59,scan_skipped_same_execution_bar,USDJPY,2025.11.07 14:00:00,0,
2025.11.07 14:34:59,scan_executed_new_execution_bar,USDJPY,2025.11.07 14:15:00,0,
2025.11.07 14:39:59,scan_skipped_same_execution_bar,USDJPY,2025.11.07 14:15:00,0,
2025.11.07 14:49:59,scan_executed_new_execution_bar,USDJPY,2025.11.07 14:30:00,0,
2025.11.07 14:54:59,scan_skipped_same_execution_bar,USDJPY,2025.11.07 14:30:00,0,
2025.11.07 15:04:59,scan_executed_new_execution_bar,USDJPY,2025.11.07 14:45:00,0,
2025.11.07 15:09:59,scan_skipped_same_execution_bar,USDJPY,2025.11.07 14:45:00,0,
2025.11.07 15:19:59,scan_executed_new_execution_bar,USDJPY,2025.11.07 15:00:00,16,
2025.11.07 15:24:59,scan_skipped_same_execution_bar,USDJPY,2025.11.07 15:00:00,0,
2025.11.07 15:34:59,scan_executed_new_execution_bar,USDJPY,2025.11.07 15:15:00,0,
2025.11.07 15:39:59,scan_skipped_same_execution_bar,USDJPY,2025.11.07 15:15:00,0,
2025.11.07 15:49:59,scan_executed_new_execution_bar,USDJPY,2025.11.07 15:30:00,0,
2025.11.07 15:54:59,scan_skipped_same_execution_bar,USDJPY,2025.11.07 15:30:00,0,
2025.11.07 16:04:59,scan_executed_new_execution_bar,USDJPY,2025.11.07 15:45:00,0,
2025.11.07 16:09:59,scan_skipped_same_execution_bar,USDJPY,2025.11.07 15:45:00,0,
2025.11.07 16:19:59,scan_executed_new_execution_bar,USDJPY,2025.11.07 16:00:00,0,
2025.11.07 16:24:59,scan_skipped_same_execution_bar,USDJPY,2025.11.07 16:00:00,0,
2025.11.07 16:34:59,scan_executed_new_execution_bar,USDJPY,2025.11.07 16:15:00,0,
2025.11.07 16:39:59,scan_skipped_same_execution_bar,USDJPY,2025.11.07 16:15:00,0,
2025.11.07 16:49:59,scan_executed_new_execution_bar,USDJPY,2025.11.07 16:30:00,0,
2025.11.07 16:54:59,scan_skipped_same_execution_bar,USDJPY,2025.11.07 16:30:00,0,
2025.11.07 17:04:59,scan_executed_new_execution_bar,USDJPY,2025.11.07 16:45:00,0,
2025.11.07 17:09:59,scan_skipped_same_execution_bar,USDJPY,2025.11.07 16:45:00,0,
2025.11.07 17:19:59,scan_executed_new_execution_bar,USDJPY,2025.11.07 17:00:00,16,
2025.11.07 17:24:59,scan_skipped_same_execution_bar,USDJPY,2025.11.07 17:00:00,0,
2025.11.07 17:34:59,scan_executed_new_execution_bar,USDJPY,2025.11.07 17:15:00,16,
2025.11.07 17:39:59,scan_skipped_same_execution_bar,USDJPY,2025.11.07 17:15:00,0,
2025.11.07 17:49:59,scan_executed_new_execution_bar,USDJPY,2025.11.07 17:30:00,15,
2025.11.07 17:54:59,scan_skipped_same_execution_bar,USDJPY,2025.11.07 17:30:00,0,
2025.11.07 18:05:00,scan_executed_new_execution_bar,USDJPY,2025.11.07 17:45:00,0,
2025.11.07 18:09:59,scan_skipped_same_execution_bar,USDJPY,2025.11.07 17:45:00,0,
2025.11.07 18:19:59,scan_executed_new_execution_bar,USDJPY,2025.11.07 18:00:00,0,
2025.11.07 18:24:59,scan_skipped_same_execution_bar,USDJPY,2025.11.07 18:00:00,0,
2025.11.07 18:34:59,scan_executed_new_execution_bar,USDJPY,2025.11.07 18:15:00,0,
2025.11.07 18:40:00,scan_skipped_same_execution_bar,USDJPY,2025.11.07 18:15:00,0,
2025.11.07 18:49:59,scan_executed_new_execution_bar,USDJPY,2025.11.07 18:30:00,0,
2025.11.07 18:54:59,scan_skipped_same_execution_bar,USDJPY,2025.11.07 18:30:00,0,
2025.11.07 19:04:59,scan_executed_new_execution_bar,USDJPY,2025.11.07 18:45:00,31,
2025.11.07 19:09:59,scan_skipped_same_execution_bar,USDJPY,2025.11.07 18:45:00,0,
2025.11.07 19:19:59,scan_executed_new_execution_bar,USDJPY,2025.11.07 19:00:00,47,
2025.11.07 19:24:59,scan_skipped_same_execution_bar,USDJPY,2025.11.07 19:00:00,0,
2025.11.07 19:34:59,scan_executed_new_execution_bar,USDJPY,2025.11.07 19:15:00,16,
2025.11.07 19:39:59,scan_skipped_same_execution_bar,USDJPY,2025.11.07 19:15:00,0,
2025.11.07 19:49:59,scan_executed_new_execution_bar,USDJPY,2025.11.07 19:30:00,0,
2025.11.07 19:54:59,scan_skipped_same_execution_bar,USDJPY,2025.11.07 19:30:00,0,
2025.11.07 20:04:59,scan_executed_new_execution_bar,USDJPY,2025.11.07 19:45:00,16,
2025.11.07 20:09:59,scan_skipped_same_execution_bar,USDJPY,2025.11.07 19:45:00,0,
2025.11.07 20:19:59,scan_executed_new_execution_bar,USDJPY,2025.11.07 20:00:00,15,
2025.11.07 20:24:59,scan_skipped_same_execution_bar,USDJPY,2025.11.07 20:00:00,0,
2025.11.07 20:34:59,scan_executed_new_execution_bar,USDJPY,2025.11.07 20:15:00,31,
2025.11.07 20:39:59,scan_skipped_same_execution_bar,USDJPY,2025.11.07 20:15:00,0,
2025.11.07 20:49:59,scan_executed_new_execution_bar,USDJPY,2025.11.07 20:30:00,0,
2025.11.07 20:54:59,scan_skipped_same_execution_bar,USDJPY,2025.11.07 20:30:00,0,
2025.11.07 21:04:59,scan_executed_new_execution_bar,USDJPY,2025.11.07 20:45:00,0,
2025.11.07 21:09:59,scan_skipped_same_execution_bar,USDJPY,2025.11.07 20:45:00,0,
2025.11.07 21:19:59,scan_executed_new_execution_bar,USDJPY,2025.11.07 21:00:00,0,
2025.11.07 21:24:59,scan_skipped_same_execution_bar,USDJPY,2025.11.07 21:00:00,0,
2025.11.07 21:34:59,scan_executed_new_execution_bar,USDJPY,2025.11.07 21:15:00,0,
2025.11.07 21:39:59,scan_skipped_same_execution_bar,USDJPY,2025.11.07 21:15:00,0,
2025.11.07 21:49:59,scan_executed_new_execution_bar,USDJPY,2025.11.07 21:30:00,0,
2025.11.07 21:54:59,scan_skipped_same_execution_bar,USDJPY,2025.11.07 21:30:00,0,
2025.11.07 22:04:59,scan_executed_new_execution_bar,USDJPY,2025.11.07 21:45:00,0,
2025.11.07 22:09:59,scan_skipped_same_execution_bar,USDJPY,2025.11.07 21:45:00,0,
2025.11.07 22:19:59,scan_executed_new_execution_bar,USDJPY,2025.11.07 22:00:00,0,
2025.11.07 22:24:59,scan_skipped_same_execution_bar,USDJPY,2025.11.07 22:00:00,0,
2025.11.07 22:34:59,scan_executed_new_execution_bar,USDJPY,2025.11.07 22:15:00,0,
2025.11.07 22:40:00,scan_skipped_same_execution_bar,USDJPY,2025.11.07 22:15:00,0,
2025.11.07 22:49:59,scan_executed_new_execution_bar,USDJPY,2025.11.07 22:30:00,16,
2025.11.07 22:54:59,scan_skipped_same_execution_bar,USDJPY,2025.11.07 22:30:00,0,
2025.11.07 23:05:00,scan_executed_new_execution_bar,USDJPY,2025.11.07 22:45:00,0,
2025.11.07 23:09:59,scan_skipped_same_execution_bar,USDJPY,2025.11.07 22:45:00,0,
2025.11.07 23:19:59,scan_executed_new_execution_bar,USDJPY,2025.11.07 23:00:00,31,
2025.11.07 23:24:59,scan_skipped_same_execution_bar,USDJPY,2025.11.07 23:00:00,0,
2025.11.07 23:34:59,scan_executed_new_execution_bar,USDJPY,2025.11.07 23:15:00,0,
2025.11.07 23:39:59,scan_skipped_same_execution_bar,USDJPY,2025.11.07 23:15:00,0,
2025.11.07 23:49:59,scan_executed_new_execution_bar,USDJPY,2025.11.07 23:30:00,0,
2025.11.07 23:54:59,scan_skipped_same_execution_bar,USDJPY,2025.11.07 23:30:00,0,
2025.11.10 00:05:00,scan_executed_new_execution_bar,USDJPY,2025.11.07 23:45:00,0,
2025.11.10 00:10:00,scan_skipped_same_execution_bar,USDJPY,2025.11.07 23:45:00,0,
2025.11.10 00:20:00,scan_executed_new_execution_bar,USDJPY,2025.11.10 00:00:00,0,
2025.11.10 00:25:00,scan_skipped_same_execution_bar,USDJPY,2025.11.10 00:00:00,0,
2025.11.10 00:35:00,scan_executed_new_execution_bar,USDJPY,2025.11.10 00:15:00,0,
2025.11.10 00:40:00,scan_skipped_same_execution_bar,USDJPY,2025.11.10 00:15:00,0,
2025.11.10 00:50:00,scan_executed_new_execution_bar,USDJPY,2025.11.10 00:30:00,0,
2025.11.10 00:55:00,scan_skipped_same_execution_bar,USDJPY,2025.11.10 00:30:00,0,
2025.11.10 01:00:00,scan_executed_new_execution_bar,USDJPY,2025.11.10 00:45:00,0,
2025.11.10 01:05:00,scan_skipped_same_execution_bar,USDJPY,2025.11.10 00:45:00,0,
2025.11.10 01:15:00,scan_executed_new_execution_bar,USDJPY,2025.11.10 01:00:00,0,
2025.11.10 01:20:00,scan_skipped_same_execution_bar,USDJPY,2025.11.10 01:00:00,0,
2025.11.10 01:30:00,scan_executed_new_execution_bar,USDJPY,2025.11.10 01:15:00,0,
2025.11.10 01:34:59,scan_skipped_same_execution_bar,USDJPY,2025.11.10 01:15:00,0,
2025.11.10 01:49:59,scan_executed_new_execution_bar,USDJPY,2025.11.10 01:30:00,0,
2025.11.10 01:54:59,scan_skipped_same_execution_bar,USDJPY,2025.11.10 01:30:00,0,
2025.11.10 02:00:00,scan_executed_new_execution_bar,USDJPY,2025.11.10 01:45:00,0,
2025.11.10 02:05:00,scan_skipped_same_execution_bar,USDJPY,2025.11.10 01:45:00,0,
2025.11.10 02:19:59,scan_executed_new_execution_bar,USDJPY,2025.11.10 02:00:00,0,
2025.11.10 02:25:00,scan_skipped_same_execution_bar,USDJPY,2025.11.10 02:00:00,0,
2025.11.10 02:34:59,scan_executed_new_execution_bar,USDJPY,2025.11.10 02:15:00,0,
2025.11.10 02:39:59,scan_skipped_same_execution_bar,USDJPY,2025.11.10 02:15:00,0,
2025.11.10 02:49:59,scan_executed_new_execution_bar,USDJPY,2025.11.10 02:30:00,16,
2025.11.10 02:54:59,scan_skipped_same_execution_bar,USDJPY,2025.11.10 02:30:00,0,
2025.11.10 03:05:00,scan_executed_new_execution_bar,USDJPY,2025.11.10 02:45:00,15,
2025.11.10 03:09:59,scan_skipped_same_execution_bar,USDJPY,2025.11.10 02:45:00,0,
2025.11.10 03:20:00,scan_executed_new_execution_bar,USDJPY,2025.11.10 03:00:00,16,
2025.11.10 03:25:00,scan_skipped_same_execution_bar,USDJPY,2025.11.10 03:00:00,0,
2025.11.10 03:30:00,scan_executed_new_execution_bar,USDJPY,2025.11.10 03:15:00,15,
2025.11.10 03:35:00,scan_skipped_same_execution_bar,USDJPY,2025.11.10 03:15:00,0,
2025.11.10 03:45:00,scan_executed_new_execution_bar,USDJPY,2025.11.10 03:30:00,32,
2025.11.10 03:50:00,scan_skipped_same_execution_bar,USDJPY,2025.11.10 03:30:00,0,
2025.11.10 04:00:00,scan_executed_new_execution_bar,USDJPY,2025.11.10 03:45:00,0,
2025.11.10 04:05:00,scan_skipped_same_execution_bar,USDJPY,2025.11.10 03:45:00,0,
2025.11.10 04:15:00,scan_executed_new_execution_bar,USDJPY,2025.11.10 04:00:00,0,
2025.11.10 04:20:00,scan_skipped_same_execution_bar,USDJPY,2025.11.10 04:00:00,0,
2025.11.10 04:30:00,scan_executed_new_execution_bar,USDJPY,2025.11.10 04:15:00,0,
2025.11.10 04:35:00,scan_skipped_same_execution_bar,USDJPY,2025.11.10 04:15:00,0,
2025.11.10 04:45:00,scan_executed_new_execution_bar,USDJPY,2025.11.10 04:30:00,0,
2025.11.10 04:49:59,scan_skipped_same_execution_bar,USDJPY,2025.11.10 04:30:00,0,
2025.11.10 05:05:00,scan_executed_new_execution_bar,USDJPY,2025.11.10 04:45:00,0,
2025.11.10 05:10:00,scan_skipped_same_execution_bar,USDJPY,2025.11.10 04:45:00,0,
2025.11.10 05:15:00,scan_executed_new_execution_bar,USDJPY,2025.11.10 05:00:00,0,
2025.11.10 05:19:59,scan_skipped_same_execution_bar,USDJPY,2025.11.10 05:00:00,0,
2025.11.10 05:35:00,scan_executed_new_execution_bar,USDJPY,2025.11.10 05:15:00,0,
2025.11.10 05:40:00,scan_skipped_same_execution_bar,USDJPY,2025.11.10 05:15:00,0,
2025.11.10 05:45:00,scan_executed_new_execution_bar,USDJPY,2025.11.10 05:30:00,16,
2025.11.10 05:50:00,scan_skipped_same_execution_bar,USDJPY,2025.11.10 05:30:00,0,
2025.11.10 06:00:00,scan_executed_new_execution_bar,USDJPY,2025.11.10 05:45:00,15,
2025.11.10 06:05:00,scan_skipped_same_execution_bar,USDJPY,2025.11.10 05:45:00,0,
2025.11.10 06:19:59,scan_executed_new_execution_bar,USDJPY,2025.11.10 06:00:00,0,
2025.11.10 06:24:59,scan_skipped_same_execution_bar,USDJPY,2025.11.10 06:00:00,0,
2025.11.10 06:35:00,scan_executed_new_execution_bar,USDJPY,2025.11.10 06:15:00,0,
2025.11.10 06:40:00,scan_skipped_same_execution_bar,USDJPY,2025.11.10 06:15:00,0,
2025.11.10 06:45:00,scan_executed_new_execution_bar,USDJPY,2025.11.10 06:30:00,0,
2025.11.10 06:49:59,scan_skipped_same_execution_bar,USDJPY,2025.11.10 06:30:00,0,
2025.11.10 07:00:00,scan_executed_new_execution_bar,USDJPY,2025.11.10 06:45:00,0,
2025.11.10 07:05:00,scan_skipped_same_execution_bar,USDJPY,2025.11.10 06:45:00,0,
2025.11.10 07:20:00,scan_executed_new_execution_bar,USDJPY,2025.11.10 07:00:00,0,
2025.11.10 07:25:00,scan_skipped_same_execution_bar,USDJPY,2025.11.10 07:00:00,0,
2025.11.10 07:34:58,scan_executed_new_execution_bar,USDJPY,2025.11.10 07:15:00,16,
2025.11.10 07:39:59,scan_skipped_same_execution_bar,USDJPY,2025.11.10 07:15:00,0,
2025.11.10 07:50:00,scan_executed_new_execution_bar,USDJPY,2025.11.10 07:30:00,0,
2025.11.10 07:55:00,scan_skipped_same_execution_bar,USDJPY,2025.11.10 07:30:00,0,
2025.11.10 08:00:00,scan_executed_new_execution_bar,USDJPY,2025.11.10 07:45:00,0,
2025.11.10 08:05:00,scan_skipped_same_execution_bar,USDJPY,2025.11.10 07:45:00,0,
2025.11.10 08:15:00,scan_executed_new_execution_bar,USDJPY,2025.11.10 08:00:00,0,
2025.11.10 08:20:00,scan_skipped_same_execution_bar,USDJPY,2025.11.10 08:00:00,0,
2025.11.10 08:35:00,scan_executed_new_execution_bar,USDJPY,2025.11.10 08:15:00,16,
2025.11.10 08:40:00,scan_skipped_same_execution_bar,USDJPY,2025.11.10 08:15:00,0,
2025.11.10 08:45:00,scan_executed_new_execution_bar,USDJPY,2025.11.10 08:30:00,15,
2025.11.10 08:50:00,scan_skipped_same_execution_bar,USDJPY,2025.11.10 08:30:00,0,
2025.11.10 09:00:00,scan_executed_new_execution_bar,USDJPY,2025.11.10 08:45:00,16,
2025.11.10 09:05:00,scan_skipped_same_execution_bar,USDJPY,2025.11.10 08:45:00,0,
2025.11.10 09:15:00,scan_executed_new_execution_bar,USDJPY,2025.11.10 09:00:00,0,
2025.11.10 09:20:00,scan_skipped_same_execution_bar,USDJPY,2025.11.10 09:00:00,0,
2025.11.10 09:30:00,scan_executed_new_execution_bar,USDJPY,2025.11.10 09:15:00,15,
2025.11.10 09:35:00,scan_skipped_same_execution_bar,USDJPY,2025.11.10 09:15:00,0,
2025.11.10 09:45:00,scan_executed_new_execution_bar,USDJPY,2025.11.10 09:30:00,16,
2025.11.10 09:50:00,scan_skipped_same_execution_bar,USDJPY,2025.11.10 09:30:00,0,
2025.11.10 10:00:00,scan_executed_new_execution_bar,USDJPY,2025.11.10 09:45:00,0,
2025.11.10 10:05:00,scan_skipped_same_execution_bar,USDJPY,2025.11.10 09:45:00,0,
2025.11.10 10:15:00,scan_executed_new_execution_bar,USDJPY,2025.11.10 10:00:00,16,
2025.11.10 10:20:00,scan_skipped_same_execution_bar,USDJPY,2025.11.10 10:00:00,0,
2025.11.10 10:30:00,scan_executed_new_execution_bar,USDJPY,2025.11.10 10:15:00,0,
2025.11.10 10:35:00,scan_skipped_same_execution_bar,USDJPY,2025.11.10 10:15:00,0,
2025.11.10 10:45:00,scan_executed_new_execution_bar,USDJPY,2025.11.10 10:30:00,0,
2025.11.10 10:50:00,scan_skipped_same_execution_bar,USDJPY,2025.11.10 10:30:00,0,
2025.11.10 11:00:00,scan_executed_new_execution_bar,USDJPY,2025.11.10 10:45:00,0,
2025.11.10 11:05:00,scan_skipped_same_execution_bar,USDJPY,2025.11.10 10:45:00,0,
2025.11.10 11:15:00,scan_executed_new_execution_bar,USDJPY,2025.11.10 11:00:00,0,
2025.11.10 11:20:00,scan_skipped_same_execution_bar,USDJPY,2025.11.10 11:00:00,0,
2025.11.10 11:30:00,scan_executed_new_execution_bar,USDJPY,2025.11.10 11:15:00,16,
2025.11.10 11:35:00,scan_skipped_same_execution_bar,USDJPY,2025.11.10 11:15:00,0,
2025.11.10 11:45:00,scan_executed_new_execution_bar,USDJPY,2025.11.10 11:30:00,0,
2025.11.10 11:50:00,scan_skipped_same_execution_bar,USDJPY,2025.11.10 11:30:00,0,
2025.11.10 12:00:00,scan_executed_new_execution_bar,USDJPY,2025.11.10 11:45:00,31,
2025.11.10 12:05:00,scan_skipped_same_execution_bar,USDJPY,2025.11.10 11:45:00,0,
2025.11.10 12:15:00,scan_executed_new_execution_bar,USDJPY,2025.11.10 12:00:00,47,
2025.11.10 12:20:00,scan_skipped_same_execution_bar,USDJPY,2025.11.10 12:00:00,0,
2025.11.10 12:30:00,scan_executed_new_execution_bar,USDJPY,2025.11.10 12:15:00,15,
2025.11.10 12:35:00,scan_skipped_same_execution_bar,USDJPY,2025.11.10 12:15:00,0,
2025.11.10 12:45:00,scan_executed_new_execution_bar,USDJPY,2025.11.10 12:30:00,0,
2025.11.10 12:50:00,scan_skipped_same_execution_bar,USDJPY,2025.11.10 12:30:00,0,
2025.11.10 13:00:00,scan_executed_new_execution_bar,USDJPY,2025.11.10 12:45:00,0,
2025.11.10 13:05:00,scan_skipped_same_execution_bar,USDJPY,2025.11.10 12:45:00,0,
2025.11.10 13:15:00,scan_executed_new_execution_bar,USDJPY,2025.11.10 13:00:00,0,
2025.11.10 13:20:00,scan_skipped_same_execution_bar,USDJPY,2025.11.10 13:00:00,0,
2025.11.10 13:30:00,scan_executed_new_execution_bar,USDJPY,2025.11.10 13:15:00,15,
2025.11.10 13:35:00,scan_skipped_same_execution_bar,USDJPY,2025.11.10 13:15:00,0,
2025.11.10 13:45:00,scan_executed_new_execution_bar,USDJPY,2025.11.10 13:30:00,0,
2025.11.10 13:50:00,scan_skipped_same_execution_bar,USDJPY,2025.11.10 13:30:00,0,
2025.11.10 14:00:00,scan_executed_new_execution_bar,USDJPY,2025.11.10 13:45:00,0,
2025.11.10 14:05:00,scan_skipped_same_execution_bar,USDJPY,2025.11.10 13:45:00,0,
2025.11.10 14:15:00,scan_executed_new_execution_bar,USDJPY,2025.11.10 14:00:00,0,
2025.11.10 14:20:00,scan_skipped_same_execution_bar,USDJPY,2025.11.10 14:00:00,0,
2025.11.10 14:30:00,scan_executed_new_execution_bar,USDJPY,2025.11.10 14:15:00,0,
2025.11.10 14:35:00,scan_skipped_same_execution_bar,USDJPY,2025.11.10 14:15:00,0,
2025.11.10 14:45:00,scan_executed_new_execution_bar,USDJPY,2025.11.10 14:30:00,16,
2025.11.10 14:50:00,scan_skipped_same_execution_bar,USDJPY,2025.11.10 14:30:00,0,
2025.11.10 15:00:00,scan_executed_new_execution_bar,USDJPY,2025.11.10 14:45:00,0,
2025.11.10 15:05:00,scan_skipped_same_execution_bar,USDJPY,2025.11.10 14:45:00,0,
2025.11.10 15:15:00,scan_executed_new_execution_bar,USDJPY,2025.11.10 15:00:00,16,
2025.11.10 15:20:00,scan_skipped_same_execution_bar,USDJPY,2025.11.10 15:00:00,0,
2025.11.10 15:30:00,scan_executed_new_execution_bar,USDJPY,2025.11.10 15:15:00,0,
2025.11.10 15:35:00,scan_skipped_same_execution_bar,USDJPY,2025.11.10 15:15:00,0,
2025.11.10 15:45:00,scan_executed_new_execution_bar,USDJPY,2025.11.10 15:30:00,0,
2025.11.10 15:50:00,scan_skipped_same_execution_bar,USDJPY,2025.11.10 15:30:00,0,
2025.11.10 16:00:00,scan_executed_new_execution_bar,USDJPY,2025.11.10 15:45:00,0,
2025.11.10 16:05:00,scan_skipped_same_execution_bar,USDJPY,2025.11.10 15:45:00,0,
2025.11.10 16:15:00,scan_executed_new_execution_bar,USDJPY,2025.11.10 16:00:00,0,
2025.11.10 16:20:00,scan_skipped_same_execution_bar,USDJPY,2025.11.10 16:00:00,0,
2025.11.10 16:30:00,scan_executed_new_execution_bar,USDJPY,2025.11.10 16:15:00,0,
2025.11.10 16:35:00,scan_skipped_same_execution_bar,USDJPY,2025.11.10 16:15:00,0,
2025.11.10 16:45:00,scan_executed_new_execution_bar,USDJPY,2025.11.10 16:30:00,0,
2025.11.10 16:50:00,scan_skipped_same_execution_bar,USDJPY,2025.11.10 16:30:00,0,
2025.11.10 17:00:00,scan_executed_new_execution_bar,USDJPY,2025.11.10 16:45:00,0,
2025.11.10 17:05:00,scan_skipped_same_execution_bar,USDJPY,2025.11.10 16:45:00,0,
2025.11.10 17:15:00,scan_executed_new_execution_bar,USDJPY,2025.11.10 17:00:00,16,
2025.11.10 17:20:00,scan_skipped_same_execution_bar,USDJPY,2025.11.10 17:00:00,0,
2025.11.10 17:30:00,scan_executed_new_execution_bar,USDJPY,2025.11.10 17:15:00,0,
2025.11.10 17:35:00,scan_skipped_same_execution_bar,USDJPY,2025.11.10 17:15:00,0,
2025.11.10 17:45:00,scan_executed_new_execution_bar,USDJPY,2025.11.10 17:30:00,0,
2025.11.10 17:50:00,scan_skipped_same_execution_bar,USDJPY,2025.11.10 17:30:00,0,
2025.11.10 18:00:00,scan_executed_new_execution_bar,USDJPY,2025.11.10 17:45:00,0,
2025.11.10 18:05:00,scan_skipped_same_execution_bar,USDJPY,2025.11.10 17:45:00,0,
2025.11.10 18:15:00,scan_executed_new_execution_bar,USDJPY,2025.11.10 18:00:00,0,
2025.11.10 18:20:00,scan_skipped_same_execution_bar,USDJPY,2025.11.10 18:00:00,0,
2025.11.10 18:30:00,scan_executed_new_execution_bar,USDJPY,2025.11.10 18:15:00,16,
2025.11.10 18:35:00,scan_skipped_same_execution_bar,USDJPY,2025.11.10 18:15:00,0,
2025.11.10 18:45:00,scan_executed_new_execution_bar,USDJPY,2025.11.10 18:30:00,0,
2025.11.10 18:50:00,scan_skipped_same_execution_bar,USDJPY,2025.11.10 18:30:00,0,
2025.11.10 19:05:00,scan_executed_new_execution_bar,USDJPY,2025.11.10 18:45:00,15,
2025.11.10 19:10:00,scan_skipped_same_execution_bar,USDJPY,2025.11.10 18:45:00,0,
2025.11.10 19:20:00,scan_executed_new_execution_bar,USDJPY,2025.11.10 19:00:00,31,
2025.11.10 19:25:00,scan_skipped_same_execution_bar,USDJPY,2025.11.10 19:00:00,0,
2025.11.10 19:35:00,scan_executed_new_execution_bar,USDJPY,2025.11.10 19:15:00,0,
2025.11.10 19:40:00,scan_skipped_same_execution_bar,USDJPY,2025.11.10 19:15:00,0,
2025.11.10 19:50:00,scan_executed_new_execution_bar,USDJPY,2025.11.10 19:30:00,16,
2025.11.10 19:55:00,scan_skipped_same_execution_bar,USDJPY,2025.11.10 19:30:00,0,
2025.11.10 20:04:59,scan_executed_new_execution_bar,USDJPY,2025.11.10 19:45:00,15,
2025.11.10 20:10:00,scan_skipped_same_execution_bar,USDJPY,2025.11.10 19:45:00,0,
2025.11.10 20:20:00,scan_executed_new_execution_bar,USDJPY,2025.11.10 20:00:00,0,
2025.11.10 20:25:00,scan_skipped_same_execution_bar,USDJPY,2025.11.10 20:00:00,0,
2025.11.10 20:35:00,scan_executed_new_execution_bar,USDJPY,2025.11.10 20:15:00,16,
2025.11.10 20:40:00,scan_skipped_same_execution_bar,USDJPY,2025.11.10 20:15:00,0,
2025.11.10 20:50:00,scan_executed_new_execution_bar,USDJPY,2025.11.10 20:30:00,15,
2025.11.10 20:55:00,scan_skipped_same_execution_bar,USDJPY,2025.11.10 20:30:00,0,
2025.11.10 21:05:00,scan_executed_new_execution_bar,USDJPY,2025.11.10 20:45:00,0,
2025.11.10 21:10:00,scan_skipped_same_execution_bar,USDJPY,2025.11.10 20:45:00,0,
2025.11.10 21:15:00,scan_executed_new_execution_bar,USDJPY,2025.11.10 21:00:00,0,
2025.11.10 21:20:00,scan_skipped_same_execution_bar,USDJPY,2025.11.10 21:00:00,0,
2025.11.10 21:35:00,scan_executed_new_execution_bar,USDJPY,2025.11.10 21:15:00,0,
2025.11.10 21:40:00,scan_skipped_same_execution_bar,USDJPY,2025.11.10 21:15:00,0,
2025.11.10 21:50:00,scan_executed_new_execution_bar,USDJPY,2025.11.10 21:30:00,0,
2025.11.10 21:55:00,scan_skipped_same_execution_bar,USDJPY,2025.11.10 21:30:00,0,
2025.11.10 22:00:00,scan_executed_new_execution_bar,USDJPY,2025.11.10 21:45:00,0,
2025.11.10 22:05:00,scan_skipped_same_execution_bar,USDJPY,2025.11.10 21:45:00,0,
2025.11.10 22:19:59,scan_executed_new_execution_bar,USDJPY,2025.11.10 22:00:00,0,
2025.11.10 22:25:00,scan_skipped_same_execution_bar,USDJPY,2025.11.10 22:00:00,0,
2025.11.10 22:35:00,scan_executed_new_execution_bar,USDJPY,2025.11.10 22:15:00,0,
2025.11.10 22:40:00,scan_skipped_same_execution_bar,USDJPY,2025.11.10 22:15:00,0,
2025.11.10 22:50:00,scan_executed_new_execution_bar,USDJPY,2025.11.10 22:30:00,0,
2025.11.10 22:55:00,scan_skipped_same_execution_bar,USDJPY,2025.11.10 22:30:00,0,
2025.11.10 23:00:00,scan_executed_new_execution_bar,USDJPY,2025.11.10 22:45:00,0,
2025.11.10 23:05:00,scan_skipped_same_execution_bar,USDJPY,2025.11.10 22:45:00,0,
2025.11.10 23:20:00,scan_executed_new_execution_bar,USDJPY,2025.11.10 23:00:00,0,
2025.11.10 23:25:00,scan_skipped_same_execution_bar,USDJPY,2025.11.10 23:00:00,0,
2025.11.10 23:30:00,scan_executed_new_execution_bar,USDJPY,2025.11.10 23:15:00,0,
2025.11.10 23:35:00,scan_skipped_same_execution_bar,USDJPY,2025.11.10 23:15:00,0,
2025.11.10 23:45:00,scan_executed_new_execution_bar,USDJPY,2025.11.10 23:30:00,0,
2025.11.10 23:50:00,scan_skipped_same_execution_bar,USDJPY,2025.11.10 23:30:00,0,
2025.11.11 00:04:58,scan_executed_new_execution_bar,USDJPY,2025.11.10 23:45:00,0,
2025.11.11 00:09:53,scan_skipped_same_execution_bar,USDJPY,2025.11.10 23:45:00,0,
2025.11.11 00:19:48,scan_executed_new_execution_bar,USDJPY,2025.11.11 00:00:00,0,
2025.11.11 00:24:59,scan_skipped_same_execution_bar,USDJPY,2025.11.11 00:00:00,0,
2025.11.11 00:34:59,scan_executed_new_execution_bar,USDJPY,2025.11.11 00:15:00,0,
2025.11.11 00:39:59,scan_skipped_same_execution_bar,USDJPY,2025.11.11 00:15:00,0,
2025.11.11 00:49:59,scan_executed_new_execution_bar,USDJPY,2025.11.11 00:30:00,0,
2025.11.11 00:55:00,scan_skipped_same_execution_bar,USDJPY,2025.11.11 00:30:00,0,
2025.11.11 01:04:59,scan_executed_new_execution_bar,USDJPY,2025.11.11 00:45:00,0,
2025.11.11 01:09:59,scan_skipped_same_execution_bar,USDJPY,2025.11.11 00:45:00,0,
2025.11.11 01:19:59,scan_executed_new_execution_bar,USDJPY,2025.11.11 01:00:00,0,
2025.11.11 01:24:58,scan_skipped_same_execution_bar,USDJPY,2025.11.11 01:00:00,0,
2025.11.11 01:34:59,scan_executed_new_execution_bar,USDJPY,2025.11.11 01:15:00,0,
2025.11.11 01:39:59,scan_skipped_same_execution_bar,USDJPY,2025.11.11 01:15:00,0,
2025.11.11 01:49:59,scan_executed_new_execution_bar,USDJPY,2025.11.11 01:30:00,0,
2025.11.11 01:54:59,scan_skipped_same_execution_bar,USDJPY,2025.11.11 01:30:00,0,
2025.11.11 02:04:59,scan_executed_new_execution_bar,USDJPY,2025.11.11 01:45:00,0,
2025.11.11 02:09:59,scan_skipped_same_execution_bar,USDJPY,2025.11.11 01:45:00,0,
2025.11.11 02:19:59,scan_executed_new_execution_bar,USDJPY,2025.11.11 02:00:00,0,
2025.11.11 02:24:59,scan_skipped_same_execution_bar,USDJPY,2025.11.11 02:00:00,0,
2025.11.11 02:34:59,scan_executed_new_execution_bar,USDJPY,2025.11.11 02:15:00,0,
2025.11.11 02:39:59,scan_skipped_same_execution_bar,USDJPY,2025.11.11 02:15:00,0,
2025.11.11 02:49:59,scan_executed_new_execution_bar,USDJPY,2025.11.11 02:30:00,0,
2025.11.11 02:54:59,scan_skipped_same_execution_bar,USDJPY,2025.11.11 02:30:00,0,
2025.11.11 03:04:59,scan_executed_new_execution_bar,USDJPY,2025.11.11 02:45:00,0,
2025.11.11 03:09:59,scan_skipped_same_execution_bar,USDJPY,2025.11.11 02:45:00,0,
2025.11.11 03:19:59,scan_executed_new_execution_bar,USDJPY,2025.11.11 03:00:00,0,
2025.11.11 03:24:59,scan_skipped_same_execution_bar,USDJPY,2025.11.11 03:00:00,0,
2025.11.11 03:34:59,scan_executed_new_execution_bar,USDJPY,2025.11.11 03:15:00,0,
2025.11.11 03:39:59,scan_skipped_same_execution_bar,USDJPY,2025.11.11 03:15:00,0,
2025.11.11 03:49:59,scan_executed_new_execution_bar,USDJPY,2025.11.11 03:30:00,0,
2025.11.11 03:54:59,scan_skipped_same_execution_bar,USDJPY,2025.11.11 03:30:00,0,
2025.11.11 04:04:59,scan_executed_new_execution_bar,USDJPY,2025.11.11 03:45:00,16,
2025.11.11 04:09:59,scan_skipped_same_execution_bar,USDJPY,2025.11.11 03:45:00,0,
2025.11.11 04:19:59,scan_executed_new_execution_bar,USDJPY,2025.11.11 04:00:00,0,
2025.11.11 04:24:59,scan_skipped_same_execution_bar,USDJPY,2025.11.11 04:00:00,0,
2025.11.11 04:35:00,scan_executed_new_execution_bar,USDJPY,2025.11.11 04:15:00,31,
2025.11.11 04:39:59,scan_skipped_same_execution_bar,USDJPY,2025.11.11 04:15:00,0,
2025.11.11 04:49:59,scan_executed_new_execution_bar,USDJPY,2025.11.11 04:30:00,0,
2025.11.11 04:54:59,scan_skipped_same_execution_bar,USDJPY,2025.11.11 04:30:00,0,
2025.11.11 05:04:59,scan_executed_new_execution_bar,USDJPY,2025.11.11 04:45:00,16,
2025.11.11 05:09:59,scan_skipped_same_execution_bar,USDJPY,2025.11.11 04:45:00,0,
2025.11.11 05:19:59,scan_executed_new_execution_bar,USDJPY,2025.11.11 05:00:00,16,
2025.11.11 05:24:59,scan_skipped_same_execution_bar,USDJPY,2025.11.11 05:00:00,0,
2025.11.11 05:34:59,scan_executed_new_execution_bar,USDJPY,2025.11.11 05:15:00,16,
2025.11.11 05:39:59,scan_skipped_same_execution_bar,USDJPY,2025.11.11 05:15:00,0,
2025.11.11 05:49:59,scan_executed_new_execution_bar,USDJPY,2025.11.11 05:30:00,16,
2025.11.11 05:54:59,scan_skipped_same_execution_bar,USDJPY,2025.11.11 05:30:00,0,
2025.11.11 06:04:59,scan_executed_new_execution_bar,USDJPY,2025.11.11 05:45:00,0,
2025.11.11 06:09:59,scan_skipped_same_execution_bar,USDJPY,2025.11.11 05:45:00,0,
2025.11.11 06:19:59,scan_executed_new_execution_bar,USDJPY,2025.11.11 06:00:00,0,
2025.11.11 06:24:59,scan_skipped_same_execution_bar,USDJPY,2025.11.11 06:00:00,0,
2025.11.11 06:34:59,scan_executed_new_execution_bar,USDJPY,2025.11.11 06:15:00,0,
2025.11.11 06:39:59,scan_skipped_same_execution_bar,USDJPY,2025.11.11 06:15:00,0,
2025.11.11 06:49:59,scan_executed_new_execution_bar,USDJPY,2025.11.11 06:30:00,0,
2025.11.11 06:54:59,scan_skipped_same_execution_bar,USDJPY,2025.11.11 06:30:00,0,
2025.11.11 07:04:59,scan_executed_new_execution_bar,USDJPY,2025.11.11 06:45:00,0,
2025.11.11 07:09:59,scan_skipped_same_execution_bar,USDJPY,2025.11.11 06:45:00,0,
2025.11.11 07:19:59,scan_executed_new_execution_bar,USDJPY,2025.11.11 07:00:00,0,
2025.11.11 07:24:59,scan_skipped_same_execution_bar,USDJPY,2025.11.11 07:00:00,0,
2025.11.11 07:34:59,scan_executed_new_execution_bar,USDJPY,2025.11.11 07:15:00,16,
2025.11.11 07:39:58,scan_skipped_same_execution_bar,USDJPY,2025.11.11 07:15:00,0,
2025.11.11 07:49:59,scan_executed_new_execution_bar,USDJPY,2025.11.11 07:30:00,0,
2025.11.11 07:54:59,scan_skipped_same_execution_bar,USDJPY,2025.11.11 07:30:00,0,
2025.11.11 08:04:59,scan_executed_new_execution_bar,USDJPY,2025.11.11 07:45:00,0,
2025.11.11 08:09:59,scan_skipped_same_execution_bar,USDJPY,2025.11.11 07:45:00,0,
2025.11.11 08:19:59,scan_executed_new_execution_bar,USDJPY,2025.11.11 08:00:00,0,
2025.11.11 08:24:59,scan_skipped_same_execution_bar,USDJPY,2025.11.11 08:00:00,0,
2025.11.11 08:34:59,scan_executed_new_execution_bar,USDJPY,2025.11.11 08:15:00,0,
2025.11.11 08:39:59,scan_skipped_same_execution_bar,USDJPY,2025.11.11 08:15:00,0,
2025.11.11 08:49:59,scan_executed_new_execution_bar,USDJPY,2025.11.11 08:30:00,0,
2025.11.11 08:54:59,scan_skipped_same_execution_bar,USDJPY,2025.11.11 08:30:00,0,
2025.11.11 09:04:59,scan_executed_new_execution_bar,USDJPY,2025.11.11 08:45:00,0,
2025.11.11 09:09:59,scan_skipped_same_execution_bar,USDJPY,2025.11.11 08:45:00,0,
2025.11.11 09:19:59,scan_executed_new_execution_bar,USDJPY,2025.11.11 09:00:00,0,
2025.11.11 09:24:59,scan_skipped_same_execution_bar,USDJPY,2025.11.11 09:00:00,0,
2025.11.11 09:34:59,scan_executed_new_execution_bar,USDJPY,2025.11.11 09:15:00,16,
2025.11.11 09:39:59,scan_skipped_same_execution_bar,USDJPY,2025.11.11 09:15:00,0,
2025.11.11 09:49:59,scan_executed_new_execution_bar,USDJPY,2025.11.11 09:30:00,0,
2025.11.11 09:54:59,scan_skipped_same_execution_bar,USDJPY,2025.11.11 09:30:00,0,
2025.11.11 10:04:59,scan_executed_new_execution_bar,USDJPY,2025.11.11 09:45:00,0,
2025.11.11 10:09:59,scan_skipped_same_execution_bar,USDJPY,2025.11.11 09:45:00,0,
2025.11.11 10:20:00,scan_executed_new_execution_bar,USDJPY,2025.11.11 10:00:00,0,
2025.11.11 10:24:59,scan_skipped_same_execution_bar,USDJPY,2025.11.11 10:00:00,0,
2025.11.11 10:34:59,scan_executed_new_execution_bar,USDJPY,2025.11.11 10:15:00,0,
2025.11.11 10:39:59,scan_skipped_same_execution_bar,USDJPY,2025.11.11 10:15:00,0,
2025.11.11 10:49:59,scan_executed_new_execution_bar,USDJPY,2025.11.11 10:30:00,0,
2025.11.11 10:54:59,scan_skipped_same_execution_bar,USDJPY,2025.11.11 10:30:00,0,
2025.11.11 11:04:59,scan_executed_new_execution_bar,USDJPY,2025.11.11 10:45:00,0,
2025.11.11 11:09:59,scan_skipped_same_execution_bar,USDJPY,2025.11.11 10:45:00,0,
2025.11.11 11:19:59,scan_executed_new_execution_bar,USDJPY,2025.11.11 11:00:00,0,
2025.11.11 11:24:59,scan_skipped_same_execution_bar,USDJPY,2025.11.11 11:00:00,0,
2025.11.11 11:34:59,scan_executed_new_execution_bar,USDJPY,2025.11.11 11:15:00,0,
2025.11.11 11:39:59,scan_skipped_same_execution_bar,USDJPY,2025.11.11 11:15:00,0,
2025.11.11 11:49:59,scan_executed_new_execution_bar,USDJPY,2025.11.11 11:30:00,0,
2025.11.11 11:54:59,scan_skipped_same_execution_bar,USDJPY,2025.11.11 11:30:00,0,
2025.11.11 12:04:59,scan_executed_new_execution_bar,USDJPY,2025.11.11 11:45:00,0,
2025.11.11 12:09:59,scan_skipped_same_execution_bar,USDJPY,2025.11.11 11:45:00,0,
2025.11.11 12:19:59,scan_executed_new_execution_bar,USDJPY,2025.11.11 12:00:00,0,
2025.11.11 12:24:59,scan_skipped_same_execution_bar,USDJPY,2025.11.11 12:00:00,0,
2025.11.11 12:34:59,scan_executed_new_execution_bar,USDJPY,2025.11.11 12:15:00,16,
2025.11.11 12:39:59,scan_skipped_same_execution_bar,USDJPY,2025.11.11 12:15:00,0,
2025.11.11 12:49:59,scan_executed_new_execution_bar,USDJPY,2025.11.11 12:30:00,0,
2025.11.11 12:54:59,scan_skipped_same_execution_bar,USDJPY,2025.11.11 12:30:00,0,
2025.11.11 13:04:59,scan_executed_new_execution_bar,USDJPY,2025.11.11 12:45:00,0,
2025.11.11 13:09:59,scan_skipped_same_execution_bar,USDJPY,2025.11.11 12:45:00,0,
2025.11.11 13:19:59,scan_executed_new_execution_bar,USDJPY,2025.11.11 13:00:00,0,
2025.11.11 13:24:59,scan_skipped_same_execution_bar,USDJPY,2025.11.11 13:00:00,0,
2025.11.11 13:34:59,scan_executed_new_execution_bar,USDJPY,2025.11.11 13:15:00,0,
2025.11.11 13:39:59,scan_skipped_same_execution_bar,USDJPY,2025.11.11 13:15:00,0,
2025.11.11 13:49:59,scan_executed_new_execution_bar,USDJPY,2025.11.11 13:30:00,16,
2025.11.11 13:54:59,scan_skipped_same_execution_bar,USDJPY,2025.11.11 13:30:00,0,
2025.11.11 14:05:00,scan_executed_new_execution_bar,USDJPY,2025.11.11 13:45:00,0,
2025.11.11 14:09:59,scan_skipped_same_execution_bar,USDJPY,2025.11.11 13:45:00,0,
2025.11.11 14:19:59,scan_executed_new_execution_bar,USDJPY,2025.11.11 14:00:00,0,
2025.11.11 14:24:59,scan_skipped_same_execution_bar,USDJPY,2025.11.11 14:00:00,0,
2025.11.11 14:34:59,scan_executed_new_execution_bar,USDJPY,2025.11.11 14:15:00,0,
2025.11.11 14:39:59,scan_skipped_same_execution_bar,USDJPY,2025.11.11 14:15:00,0,
2025.11.11 14:49:59,scan_executed_new_execution_bar,USDJPY,2025.11.11 14:30:00,0,
2025.11.11 14:54:59,scan_skipped_same_execution_bar,USDJPY,2025.11.11 14:30:00,0,
2025.11.11 15:04:59,scan_executed_new_execution_bar,USDJPY,2025.11.11 14:45:00,0,
2025.11.11 15:09:59,scan_skipped_same_execution_bar,USDJPY,2025.11.11 14:45:00,0,
2025.11.11 15:19:59,scan_executed_new_execution_bar,USDJPY,2025.11.11 15:00:00,0,
2025.11.11 15:24:59,scan_skipped_same_execution_bar,USDJPY,2025.11.11 15:00:00,0,
2025.11.11 15:34:59,scan_executed_new_execution_bar,USDJPY,2025.11.11 15:15:00,15,
2025.11.11 15:39:59,scan_skipped_same_execution_bar,USDJPY,2025.11.11 15:15:00,0,
2025.11.11 15:49:59,scan_executed_new_execution_bar,USDJPY,2025.11.11 15:30:00,0,
2025.11.11 15:54:59,scan_skipped_same_execution_bar,USDJPY,2025.11.11 15:30:00,0,
2025.11.11 16:04:59,scan_executed_new_execution_bar,USDJPY,2025.11.11 15:45:00,15,
2025.11.11 16:09:59,scan_skipped_same_execution_bar,USDJPY,2025.11.11 15:45:00,0,
2025.11.11 16:19:59,scan_executed_new_execution_bar,USDJPY,2025.11.11 16:00:00,0,
2025.11.11 16:24:59,scan_skipped_same_execution_bar,USDJPY,2025.11.11 16:00:00,0,
2025.11.11 16:35:00,scan_executed_new_execution_bar,USDJPY,2025.11.11 16:15:00,0,
2025.11.11 16:39:59,scan_skipped_same_execution_bar,USDJPY,2025.11.11 16:15:00,0,
2025.11.11 16:49:59,scan_executed_new_execution_bar,USDJPY,2025.11.11 16:30:00,0,
2025.11.11 16:54:59,scan_skipped_same_execution_bar,USDJPY,2025.11.11 16:30:00,0,
2025.11.11 17:04:59,scan_executed_new_execution_bar,USDJPY,2025.11.11 16:45:00,0,
2025.11.11 17:09:59,scan_skipped_same_execution_bar,USDJPY,2025.11.11 16:45:00,0,
2025.11.11 17:19:59,scan_executed_new_execution_bar,USDJPY,2025.11.11 17:00:00,31,
2025.11.11 17:24:59,scan_skipped_same_execution_bar,USDJPY,2025.11.11 17:00:00,0,
2025.11.11 17:34:59,scan_executed_new_execution_bar,USDJPY,2025.11.11 17:15:00,0,
2025.11.11 17:39:59,scan_skipped_same_execution_bar,USDJPY,2025.11.11 17:15:00,0,
2025.11.11 17:49:59,scan_executed_new_execution_bar,USDJPY,2025.11.11 17:30:00,0,
2025.11.11 17:54:59,scan_skipped_same_execution_bar,USDJPY,2025.11.11 17:30:00,0,
2025.11.11 18:04:59,scan_executed_new_execution_bar,USDJPY,2025.11.11 17:45:00,0,
2025.11.11 18:09:59,scan_skipped_same_execution_bar,USDJPY,2025.11.11 17:45:00,0,
2025.11.11 18:19:59,scan_executed_new_execution_bar,USDJPY,2025.11.11 18:00:00,0,
2025.11.11 18:24:59,scan_skipped_same_execution_bar,USDJPY,2025.11.11 18:00:00,0,
2025.11.11 18:34:59,scan_executed_new_execution_bar,USDJPY,2025.11.11 18:15:00,16,
2025.11.11 18:39:59,scan_skipped_same_execution_bar,USDJPY,2025.11.11 18:15:00,0,
2025.11.11 18:49:59,scan_executed_new_execution_bar,USDJPY,2025.11.11 18:30:00,0,
2025.11.11 18:54:59,scan_skipped_same_execution_bar,USDJPY,2025.11.11 18:30:00,0,
2025.11.11 19:04:59,scan_executed_new_execution_bar,USDJPY,2025.11.11 18:45:00,0,
2025.11.11 19:09:59,scan_skipped_same_execution_bar,USDJPY,2025.11.11 18:45:00,0,
2025.11.11 19:20:00,scan_executed_new_execution_bar,USDJPY,2025.11.11 19:00:00,0,
2025.11.11 19:24:59,scan_skipped_same_execution_bar,USDJPY,2025.11.11 19:00:00,0,
2025.11.11 19:34:59,scan_executed_new_execution_bar,USDJPY,2025.11.11 19:15:00,0,
2025.11.11 19:39:59,scan_skipped_same_execution_bar,USDJPY,2025.11.11 19:15:00,0,
2025.11.11 19:45:00,scan_executed_new_execution_bar,USDJPY,2025.11.11 19:30:00,0,
2025.11.11 19:49:59,scan_skipped_same_execution_bar,USDJPY,2025.11.11 19:30:00,0,
2025.11.11 20:04:59,scan_executed_new_execution_bar,USDJPY,2025.11.11 19:45:00,0,
2025.11.11 20:09:59,scan_skipped_same_execution_bar,USDJPY,2025.11.11 19:45:00,0,
2025.11.11 20:19:59,scan_executed_new_execution_bar,USDJPY,2025.11.11 20:00:00,0,
2025.11.11 20:24:59,scan_skipped_same_execution_bar,USDJPY,2025.11.11 20:00:00,0,
2025.11.11 20:34:59,scan_executed_new_execution_bar,USDJPY,2025.11.11 20:15:00,0,
2025.11.11 20:39:59,scan_skipped_same_execution_bar,USDJPY,2025.11.11 20:15:00,0,
2025.11.11 20:49:59,scan_executed_new_execution_bar,USDJPY,2025.11.11 20:30:00,0,
2025.11.11 20:54:59,scan_skipped_same_execution_bar,USDJPY,2025.11.11 20:30:00,0,
2025.11.11 21:04:59,scan_executed_new_execution_bar,USDJPY,2025.11.11 20:45:00,0,
2025.11.11 21:09:59,scan_skipped_same_execution_bar,USDJPY,2025.11.11 20:45:00,0,
2025.11.11 21:19:59,scan_executed_new_execution_bar,USDJPY,2025.11.11 21:00:00,0,
2025.11.11 21:24:59,scan_skipped_same_execution_bar,USDJPY,2025.11.11 21:00:00,0,
2025.11.11 21:34:59,scan_executed_new_execution_bar,USDJPY,2025.11.11 21:15:00,0,
2025.11.11 21:39:59,scan_skipped_same_execution_bar,USDJPY,2025.11.11 21:15:00,0,
2025.11.11 21:49:59,scan_executed_new_execution_bar,USDJPY,2025.11.11 21:30:00,15,
2025.11.11 21:54:59,scan_skipped_same_execution_bar,USDJPY,2025.11.11 21:30:00,0,
2025.11.11 22:04:59,scan_executed_new_execution_bar,USDJPY,2025.11.11 21:45:00,0,
2025.11.11 22:09:59,scan_skipped_same_execution_bar,USDJPY,2025.11.11 21:45:00,0,
2025.11.11 22:19:59,scan_executed_new_execution_bar,USDJPY,2025.11.11 22:00:00,0,
2025.11.11 22:25:00,scan_skipped_same_execution_bar,USDJPY,2025.11.11 22:00:00,0,
2025.11.11 22:34:59,scan_executed_new_execution_bar,USDJPY,2025.11.11 22:15:00,0,
2025.11.11 22:39:59,scan_skipped_same_execution_bar,USDJPY,2025.11.11 22:15:00,0,
2025.11.11 22:49:59,scan_executed_new_execution_bar,USDJPY,2025.11.11 22:30:00,0,
2025.11.11 22:54:59,scan_skipped_same_execution_bar,USDJPY,2025.11.11 22:30:00,0,
2025.11.11 23:04:59,scan_executed_new_execution_bar,USDJPY,2025.11.11 22:45:00,0,
2025.11.11 23:09:59,scan_skipped_same_execution_bar,USDJPY,2025.11.11 22:45:00,0,
2025.11.11 23:19:59,scan_executed_new_execution_bar,USDJPY,2025.11.11 23:00:00,0,
2025.11.11 23:24:59,scan_skipped_same_execution_bar,USDJPY,2025.11.11 23:00:00,0,
2025.11.11 23:34:58,scan_executed_new_execution_bar,USDJPY,2025.11.11 23:15:00,0,
2025.11.11 23:39:59,scan_skipped_same_execution_bar,USDJPY,2025.11.11 23:15:00,0,
2025.11.11 23:49:59,scan_executed_new_execution_bar,USDJPY,2025.11.11 23:30:00,0,
2025.11.11 23:54:59,scan_skipped_same_execution_bar,USDJPY,2025.11.11 23:30:00,0,
2025.11.12 00:04:58,scan_executed_new_execution_bar,USDJPY,2025.11.11 23:45:00,0,
2025.11.12 00:09:59,scan_skipped_same_execution_bar,USDJPY,2025.11.11 23:45:00,0,
2025.11.12 00:19:59,scan_executed_new_execution_bar,USDJPY,2025.11.12 00:00:00,0,
2025.11.12 00:24:59,scan_skipped_same_execution_bar,USDJPY,2025.11.12 00:00:00,0,
2025.11.12 00:34:58,scan_executed_new_execution_bar,USDJPY,2025.11.12 00:15:00,0,
2025.11.12 00:39:59,scan_skipped_same_execution_bar,USDJPY,2025.11.12 00:15:00,0,
2025.11.12 00:49:59,scan_executed_new_execution_bar,USDJPY,2025.11.12 00:30:00,0,
2025.11.12 00:55:00,scan_skipped_same_execution_bar,USDJPY,2025.11.12 00:30:00,0,
2025.11.12 01:04:59,scan_executed_new_execution_bar,USDJPY,2025.11.12 00:45:00,0,
2025.11.12 01:09:58,scan_skipped_same_execution_bar,USDJPY,2025.11.12 00:45:00,0,
2025.11.12 01:19:58,scan_executed_new_execution_bar,USDJPY,2025.11.12 01:00:00,0,
2025.11.12 01:24:59,scan_skipped_same_execution_bar,USDJPY,2025.11.12 01:00:00,0,
2025.11.12 01:34:58,scan_executed_new_execution_bar,USDJPY,2025.11.12 01:15:00,0,
2025.11.12 01:39:59,scan_skipped_same_execution_bar,USDJPY,2025.11.12 01:15:00,0,
2025.11.12 01:49:59,scan_executed_new_execution_bar,USDJPY,2025.11.12 01:30:00,15,
2025.11.12 01:54:59,scan_skipped_same_execution_bar,USDJPY,2025.11.12 01:30:00,0,
2025.11.12 02:04:59,scan_executed_new_execution_bar,USDJPY,2025.11.12 01:45:00,0,
2025.11.12 02:09:59,scan_skipped_same_execution_bar,USDJPY,2025.11.12 01:45:00,0,
2025.11.12 02:19:59,scan_executed_new_execution_bar,USDJPY,2025.11.12 02:00:00,0,
2025.11.12 02:24:59,scan_skipped_same_execution_bar,USDJPY,2025.11.12 02:00:00,0,
2025.11.12 02:34:59,scan_executed_new_execution_bar,USDJPY,2025.11.12 02:15:00,0,
2025.11.12 02:40:00,scan_skipped_same_execution_bar,USDJPY,2025.11.12 02:15:00,0,
2025.11.12 02:49:59,scan_executed_new_execution_bar,USDJPY,2025.11.12 02:30:00,0,
2025.11.12 02:54:59,scan_skipped_same_execution_bar,USDJPY,2025.11.12 02:30:00,0,
2025.11.12 03:04:59,scan_executed_new_execution_bar,USDJPY,2025.11.12 02:45:00,0,
2025.11.12 03:09:59,scan_skipped_same_execution_bar,USDJPY,2025.11.12 02:45:00,0,
2025.11.12 03:20:00,scan_executed_new_execution_bar,USDJPY,2025.11.12 03:00:00,0,
2025.11.12 03:24:59,scan_skipped_same_execution_bar,USDJPY,2025.11.12 03:00:00,0,
2025.11.12 03:34:59,scan_executed_new_execution_bar,USDJPY,2025.11.12 03:15:00,16,
2025.11.12 03:39:59,scan_skipped_same_execution_bar,USDJPY,2025.11.12 03:15:00,0,
2025.11.12 03:49:59,scan_executed_new_execution_bar,USDJPY,2025.11.12 03:30:00,0,
2025.11.12 03:55:00,scan_skipped_same_execution_bar,USDJPY,2025.11.12 03:30:00,0,
2025.11.12 04:04:58,scan_executed_new_execution_bar,USDJPY,2025.11.12 03:45:00,16,
2025.11.12 04:09:59,scan_skipped_same_execution_bar,USDJPY,2025.11.12 03:45:00,0,
2025.11.12 04:19:59,scan_executed_new_execution_bar,USDJPY,2025.11.12 04:00:00,0,
2025.11.12 04:24:59,scan_skipped_same_execution_bar,USDJPY,2025.11.12 04:00:00,0,
2025.11.12 04:34:59,scan_executed_new_execution_bar,USDJPY,2025.11.12 04:15:00,0,
2025.11.12 04:39:59,scan_skipped_same_execution_bar,USDJPY,2025.11.12 04:15:00,0,
2025.11.12 04:49:59,scan_executed_new_execution_bar,USDJPY,2025.11.12 04:30:00,16,
2025.11.12 04:54:59,scan_skipped_same_execution_bar,USDJPY,2025.11.12 04:30:00,0,
2025.11.12 05:04:59,scan_executed_new_execution_bar,USDJPY,2025.11.12 04:45:00,16,
2025.11.12 05:09:59,scan_skipped_same_execution_bar,USDJPY,2025.11.12 04:45:00,0,
2025.11.12 05:19:59,scan_executed_new_execution_bar,USDJPY,2025.11.12 05:00:00,0,
2025.11.12 05:24:59,scan_skipped_same_execution_bar,USDJPY,2025.11.12 05:00:00,0,
2025.11.12 05:34:59,scan_executed_new_execution_bar,USDJPY,2025.11.12 05:15:00,32,
2025.11.12 05:39:59,scan_skipped_same_execution_bar,USDJPY,2025.11.12 05:15:00,0,
2025.11.12 05:49:59,scan_executed_new_execution_bar,USDJPY,2025.11.12 05:30:00,0,
2025.11.12 05:54:59,scan_skipped_same_execution_bar,USDJPY,2025.11.12 05:30:00,0,
2025.11.12 06:04:59,scan_executed_new_execution_bar,USDJPY,2025.11.12 05:45:00,0,
2025.11.12 06:09:59,scan_skipped_same_execution_bar,USDJPY,2025.11.12 05:45:00,0,
2025.11.12 06:19:59,scan_executed_new_execution_bar,USDJPY,2025.11.12 06:00:00,0,
2025.11.12 06:24:59,scan_skipped_same_execution_bar,USDJPY,2025.11.12 06:00:00,0,
2025.11.12 06:34:59,scan_executed_new_execution_bar,USDJPY,2025.11.12 06:15:00,0,
2025.11.12 06:39:59,scan_skipped_same_execution_bar,USDJPY,2025.11.12 06:15:00,0,
2025.11.12 06:49:59,scan_executed_new_execution_bar,USDJPY,2025.11.12 06:30:00,0,
2025.11.12 06:54:59,scan_skipped_same_execution_bar,USDJPY,2025.11.12 06:30:00,0,
2025.11.12 07:04:59,scan_executed_new_execution_bar,USDJPY,2025.11.12 06:45:00,0,
2025.11.12 07:09:59,scan_skipped_same_execution_bar,USDJPY,2025.11.12 06:45:00,0,
2025.11.12 07:19:59,scan_executed_new_execution_bar,USDJPY,2025.11.12 07:00:00,0,
2025.11.12 07:24:59,scan_skipped_same_execution_bar,USDJPY,2025.11.12 07:00:00,0,
2025.11.12 07:34:59,scan_executed_new_execution_bar,USDJPY,2025.11.12 07:15:00,0,
2025.11.12 07:40:00,scan_skipped_same_execution_bar,USDJPY,2025.11.12 07:15:00,0,
2025.11.12 07:50:00,scan_executed_new_execution_bar,USDJPY,2025.11.12 07:30:00,0,
2025.11.12 07:54:59,scan_skipped_same_execution_bar,USDJPY,2025.11.12 07:30:00,0,
2025.11.12 08:04:59,scan_executed_new_execution_bar,USDJPY,2025.11.12 07:45:00,0,
2025.11.12 08:09:59,scan_skipped_same_execution_bar,USDJPY,2025.11.12 07:45:00,0,
2025.11.12 08:19:59,scan_executed_new_execution_bar,USDJPY,2025.11.12 08:00:00,0,
2025.11.12 08:24:59,scan_skipped_same_execution_bar,USDJPY,2025.11.12 08:00:00,0,
2025.11.12 08:34:59,scan_executed_new_execution_bar,USDJPY,2025.11.12 08:15:00,32,
2025.11.12 08:39:59,scan_skipped_same_execution_bar,USDJPY,2025.11.12 08:15:00,0,
2025.11.12 08:49:59,scan_executed_new_execution_bar,USDJPY,2025.11.12 08:30:00,0,
2025.11.12 08:54:59,scan_skipped_same_execution_bar,USDJPY,2025.11.12 08:30:00,0,
2025.11.12 09:04:59,scan_executed_new_execution_bar,USDJPY,2025.11.12 08:45:00,16,
2025.11.12 09:09:59,scan_skipped_same_execution_bar,USDJPY,2025.11.12 08:45:00,0,
2025.11.12 09:19:59,scan_executed_new_execution_bar,USDJPY,2025.11.12 09:00:00,0,
2025.11.12 09:24:59,scan_skipped_same_execution_bar,USDJPY,2025.11.12 09:00:00,0,
2025.11.12 09:34:59,scan_executed_new_execution_bar,USDJPY,2025.11.12 09:15:00,0,
2025.11.12 09:39:59,scan_skipped_same_execution_bar,USDJPY,2025.11.12 09:15:00,0,
2025.11.12 09:49:59,scan_executed_new_execution_bar,USDJPY,2025.11.12 09:30:00,0,
2025.11.12 09:54:59,scan_skipped_same_execution_bar,USDJPY,2025.11.12 09:30:00,0,
2025.11.12 10:04:59,scan_executed_new_execution_bar,USDJPY,2025.11.12 09:45:00,0,
2025.11.12 10:09:59,scan_skipped_same_execution_bar,USDJPY,2025.11.12 09:45:00,0,
2025.11.12 10:19:59,scan_executed_new_execution_bar,USDJPY,2025.11.12 10:00:00,0,
2025.11.12 10:24:59,scan_skipped_same_execution_bar,USDJPY,2025.11.12 10:00:00,0,
2025.11.12 10:34:59,scan_executed_new_execution_bar,USDJPY,2025.11.12 10:15:00,0,
2025.11.12 10:39:59,scan_skipped_same_execution_bar,USDJPY,2025.11.12 10:15:00,0,
2025.11.12 10:49:59,scan_executed_new_execution_bar,USDJPY,2025.11.12 10:30:00,0,
2025.11.12 10:54:59,scan_skipped_same_execution_bar,USDJPY,2025.11.12 10:30:00,0,
2025.11.12 11:04:59,scan_executed_new_execution_bar,USDJPY,2025.11.12 10:45:00,0,
2025.11.12 11:09:59,scan_skipped_same_execution_bar,USDJPY,2025.11.12 10:45:00,0,
2025.11.12 11:19:59,scan_executed_new_execution_bar,USDJPY,2025.11.12 11:00:00,0,
2025.11.12 11:24:59,scan_skipped_same_execution_bar,USDJPY,2025.11.12 11:00:00,0,
2025.11.12 11:34:59,scan_executed_new_execution_bar,USDJPY,2025.11.12 11:15:00,0,
2025.11.12 11:39:59,scan_skipped_same_execution_bar,USDJPY,2025.11.12 11:15:00,0,
2025.11.12 11:49:59,scan_executed_new_execution_bar,USDJPY,2025.11.12 11:30:00,0,
2025.11.12 11:54:59,scan_skipped_same_execution_bar,USDJPY,2025.11.12 11:30:00,0,
2025.11.12 12:05:00,scan_executed_new_execution_bar,USDJPY,2025.11.12 11:45:00,15,
2025.11.12 12:09:59,scan_skipped_same_execution_bar,USDJPY,2025.11.12 11:45:00,0,
2025.11.12 12:19:59,scan_executed_new_execution_bar,USDJPY,2025.11.12 12:00:00,0,
2025.11.12 12:24:59,scan_skipped_same_execution_bar,USDJPY,2025.11.12 12:00:00,0,
2025.11.12 12:34:59,scan_executed_new_execution_bar,USDJPY,2025.11.12 12:15:00,0,
2025.11.12 12:39:59,scan_skipped_same_execution_bar,USDJPY,2025.11.12 12:15:00,0,
2025.11.12 12:49:59,scan_executed_new_execution_bar,USDJPY,2025.11.12 12:30:00,47,
2025.11.12 12:54:59,scan_skipped_same_execution_bar,USDJPY,2025.11.12 12:30:00,0,
2025.11.12 13:04:59,scan_executed_new_execution_bar,USDJPY,2025.11.12 12:45:00,0,
2025.11.12 13:09:59,scan_skipped_same_execution_bar,USDJPY,2025.11.12 12:45:00,0,
2025.11.12 13:19:59,scan_executed_new_execution_bar,USDJPY,2025.11.12 13:00:00,15,
2025.11.12 13:24:59,scan_skipped_same_execution_bar,USDJPY,2025.11.12 13:00:00,0,
2025.11.12 13:34:59,scan_executed_new_execution_bar,USDJPY,2025.11.12 13:15:00,16,
2025.11.12 13:39:59,scan_skipped_same_execution_bar,USDJPY,2025.11.12 13:15:00,0,
2025.11.12 13:49:59,scan_executed_new_execution_bar,USDJPY,2025.11.12 13:30:00,15,
2025.11.12 13:55:00,scan_skipped_same_execution_bar,USDJPY,2025.11.12 13:30:00,0,
2025.11.12 14:04:59,scan_executed_new_execution_bar,USDJPY,2025.11.12 13:45:00,32,
2025.11.12 14:09:59,scan_skipped_same_execution_bar,USDJPY,2025.11.12 13:45:00,0,
2025.11.12 14:19:59,scan_executed_new_execution_bar,USDJPY,2025.11.12 14:00:00,15,
2025.11.12 14:24:59,scan_skipped_same_execution_bar,USDJPY,2025.11.12 14:00:00,0,
2025.11.12 14:34:59,scan_executed_new_execution_bar,USDJPY,2025.11.12 14:15:00,0,
2025.11.12 14:39:59,scan_skipped_same_execution_bar,USDJPY,2025.11.12 14:15:00,0,
2025.11.12 14:49:59,scan_executed_new_execution_bar,USDJPY,2025.11.12 14:30:00,0,
2025.11.12 14:54:59,scan_skipped_same_execution_bar,USDJPY,2025.11.12 14:30:00,0,
2025.11.12 15:04:59,scan_executed_new_execution_bar,USDJPY,2025.11.12 14:45:00,0,
2025.11.12 15:09:59,scan_skipped_same_execution_bar,USDJPY,2025.11.12 14:45:00,0,
2025.11.12 15:15:00,scan_executed_new_execution_bar,USDJPY,2025.11.12 15:00:00,16,
2025.11.12 15:19:59,scan_skipped_same_execution_bar,USDJPY,2025.11.12 15:00:00,0,
2025.11.12 15:34:59,scan_executed_new_execution_bar,USDJPY,2025.11.12 15:15:00,0,
2025.11.12 15:39:59,scan_skipped_same_execution_bar,USDJPY,2025.11.12 15:15:00,0,
2025.11.12 15:49:59,scan_executed_new_execution_bar,USDJPY,2025.11.12 15:30:00,0,
2025.11.12 15:54:59,scan_skipped_same_execution_bar,USDJPY,2025.11.12 15:30:00,0,
2025.11.12 16:04:59,scan_executed_new_execution_bar,USDJPY,2025.11.12 15:45:00,15,
2025.11.12 16:09:59,scan_skipped_same_execution_bar,USDJPY,2025.11.12 15:45:00,0,
2025.11.12 16:19:59,scan_executed_new_execution_bar,USDJPY,2025.11.12 16:00:00,0,
2025.11.12 16:24:59,scan_skipped_same_execution_bar,USDJPY,2025.11.12 16:00:00,0,
2025.11.12 16:34:59,scan_executed_new_execution_bar,USDJPY,2025.11.12 16:15:00,0,
2025.11.12 16:39:59,scan_skipped_same_execution_bar,USDJPY,2025.11.12 16:15:00,0,
2025.11.12 16:49:59,scan_executed_new_execution_bar,USDJPY,2025.11.12 16:30:00,16,
2025.11.12 16:54:59,scan_skipped_same_execution_bar,USDJPY,2025.11.12 16:30:00,0,
2025.11.12 17:04:59,scan_executed_new_execution_bar,USDJPY,2025.11.12 16:45:00,16,
2025.11.12 17:09:59,scan_skipped_same_execution_bar,USDJPY,2025.11.12 16:45:00,0,
2025.11.12 17:19:59,scan_executed_new_execution_bar,USDJPY,2025.11.12 17:00:00,0,
2025.11.12 17:24:59,scan_skipped_same_execution_bar,USDJPY,2025.11.12 17:00:00,0,
2025.11.12 17:34:59,scan_executed_new_execution_bar,USDJPY,2025.11.12 17:15:00,15,
2025.11.12 17:39:59,scan_skipped_same_execution_bar,USDJPY,2025.11.12 17:15:00,0,
2025.11.12 17:49:59,scan_executed_new_execution_bar,USDJPY,2025.11.12 17:30:00,16,
2025.11.12 17:54:59,scan_skipped_same_execution_bar,USDJPY,2025.11.12 17:30:00,0,
2025.11.12 18:04:59,scan_executed_new_execution_bar,USDJPY,2025.11.12 17:45:00,16,
2025.11.12 18:09:59,scan_skipped_same_execution_bar,USDJPY,2025.11.12 17:45:00,0,
2025.11.12 18:19:59,scan_executed_new_execution_bar,USDJPY,2025.11.12 18:00:00,16,
2025.11.12 18:24:59,scan_skipped_same_execution_bar,USDJPY,2025.11.12 18:00:00,0,
2025.11.12 18:35:00,scan_executed_new_execution_bar,USDJPY,2025.11.12 18:15:00,0,
2025.11.12 18:40:00,scan_skipped_same_execution_bar,USDJPY,2025.11.12 18:15:00,0,
2025.11.12 18:49:59,scan_executed_new_execution_bar,USDJPY,2025.11.12 18:30:00,0,
2025.11.12 18:54:59,scan_skipped_same_execution_bar,USDJPY,2025.11.12 18:30:00,0,
2025.11.12 19:04:59,scan_executed_new_execution_bar,USDJPY,2025.11.12 18:45:00,0,
2025.11.12 19:09:59,scan_skipped_same_execution_bar,USDJPY,2025.11.12 18:45:00,0,
2025.11.12 19:19:59,scan_executed_new_execution_bar,USDJPY,2025.11.12 19:00:00,0,
2025.11.12 19:24:59,scan_skipped_same_execution_bar,USDJPY,2025.11.12 19:00:00,0,
2025.11.12 19:34:59,scan_executed_new_execution_bar,USDJPY,2025.11.12 19:15:00,15,
2025.11.12 19:39:59,scan_skipped_same_execution_bar,USDJPY,2025.11.12 19:15:00,0,
2025.11.12 19:49:59,scan_executed_new_execution_bar,USDJPY,2025.11.12 19:30:00,16,
2025.11.12 19:54:59,scan_skipped_same_execution_bar,USDJPY,2025.11.12 19:30:00,0,
2025.11.12 20:04:59,scan_executed_new_execution_bar,USDJPY,2025.11.12 19:45:00,0,
2025.11.12 20:09:59,scan_skipped_same_execution_bar,USDJPY,2025.11.12 19:45:00,0,
2025.11.12 20:19:59,scan_executed_new_execution_bar,USDJPY,2025.11.12 20:00:00,0,
2025.11.12 20:24:59,scan_skipped_same_execution_bar,USDJPY,2025.11.12 20:00:00,0,
2025.11.12 20:34:59,scan_executed_new_execution_bar,USDJPY,2025.11.12 20:15:00,16,
2025.11.12 20:39:59,scan_skipped_same_execution_bar,USDJPY,2025.11.12 20:15:00,0,
2025.11.12 20:49:59,scan_executed_new_execution_bar,USDJPY,2025.11.12 20:30:00,0,
2025.11.12 20:54:59,scan_skipped_same_execution_bar,USDJPY,2025.11.12 20:30:00,0,
2025.11.12 21:04:59,scan_executed_new_execution_bar,USDJPY,2025.11.12 20:45:00,0,
2025.11.12 21:09:59,scan_skipped_same_execution_bar,USDJPY,2025.11.12 20:45:00,0,
2025.11.12 21:19:59,scan_executed_new_execution_bar,USDJPY,2025.11.12 21:00:00,15,
2025.11.12 21:24:59,scan_skipped_same_execution_bar,USDJPY,2025.11.12 21:00:00,0,
2025.11.12 21:34:59,scan_executed_new_execution_bar,USDJPY,2025.11.12 21:15:00,0,
2025.11.12 21:39:59,scan_skipped_same_execution_bar,USDJPY,2025.11.12 21:15:00,0,
2025.11.12 21:49:59,scan_executed_new_execution_bar,USDJPY,2025.11.12 21:30:00,0,
2025.11.12 21:54:59,scan_skipped_same_execution_bar,USDJPY,2025.11.12 21:30:00,0,
2025.11.12 22:04:59,scan_executed_new_execution_bar,USDJPY,2025.11.12 21:45:00,0,
2025.11.12 22:09:59,scan_skipped_same_execution_bar,USDJPY,2025.11.12 21:45:00,0,
2025.11.12 22:19:59,scan_executed_new_execution_bar,USDJPY,2025.11.12 22:00:00,0,
2025.11.12 22:24:59,scan_skipped_same_execution_bar,USDJPY,2025.11.12 22:00:00,0,
2025.11.12 22:34:59,scan_executed_new_execution_bar,USDJPY,2025.11.12 22:15:00,0,
2025.11.12 22:39:59,scan_skipped_same_execution_bar,USDJPY,2025.11.12 22:15:00,0,
2025.11.12 22:49:59,scan_executed_new_execution_bar,USDJPY,2025.11.12 22:30:00,0,
2025.11.12 22:54:59,scan_skipped_same_execution_bar,USDJPY,2025.11.12 22:30:00,0,
2025.11.12 23:04:59,scan_executed_new_execution_bar,USDJPY,2025.11.12 22:45:00,0,
2025.11.12 23:09:59,scan_skipped_same_execution_bar,USDJPY,2025.11.12 22:45:00,0,
2025.11.12 23:19:59,scan_executed_new_execution_bar,USDJPY,2025.11.12 23:00:00,0,
2025.11.12 23:24:59,scan_skipped_same_execution_bar,USDJPY,2025.11.12 23:00:00,0,
2025.11.12 23:34:59,scan_executed_new_execution_bar,USDJPY,2025.11.12 23:15:00,0,
2025.11.12 23:39:59,scan_skipped_same_execution_bar,USDJPY,2025.11.12 23:15:00,0,
2025.11.12 23:49:59,scan_executed_new_execution_bar,USDJPY,2025.11.12 23:30:00,0,
2025.11.12 23:54:59,scan_skipped_same_execution_bar,USDJPY,2025.11.12 23:30:00,0,
2025.11.13 00:04:58,scan_executed_new_execution_bar,USDJPY,2025.11.12 23:45:00,0,
2025.11.13 00:09:59,scan_skipped_same_execution_bar,USDJPY,2025.11.12 23:45:00,0,
2025.11.13 00:19:59,scan_executed_new_execution_bar,USDJPY,2025.11.13 00:00:00,0,
2025.11.13 00:24:59,scan_skipped_same_execution_bar,USDJPY,2025.11.13 00:00:00,0,
2025.11.13 00:34:58,scan_executed_new_execution_bar,USDJPY,2025.11.13 00:15:00,0,
2025.11.13 00:39:59,scan_skipped_same_execution_bar,USDJPY,2025.11.13 00:15:00,0,
2025.11.13 00:49:59,scan_executed_new_execution_bar,USDJPY,2025.11.13 00:30:00,0,
2025.11.13 00:54:59,scan_skipped_same_execution_bar,USDJPY,2025.11.13 00:30:00,0,
2025.11.13 01:04:59,scan_executed_new_execution_bar,USDJPY,2025.11.13 00:45:00,16,
2025.11.13 01:09:59,scan_skipped_same_execution_bar,USDJPY,2025.11.13 00:45:00,0,
2025.11.13 01:19:59,scan_executed_new_execution_bar,USDJPY,2025.11.13 01:00:00,0,
2025.11.13 01:24:59,scan_skipped_same_execution_bar,USDJPY,2025.11.13 01:00:00,0,
2025.11.13 01:34:59,scan_executed_new_execution_bar,USDJPY,2025.11.13 01:15:00,0,
2025.11.13 01:39:59,scan_skipped_same_execution_bar,USDJPY,2025.11.13 01:15:00,0,
2025.11.13 01:49:59,scan_executed_new_execution_bar,USDJPY,2025.11.13 01:30:00,0,
2025.11.13 01:54:59,scan_skipped_same_execution_bar,USDJPY,2025.11.13 01:30:00,0,
2025.11.13 02:04:59,scan_executed_new_execution_bar,USDJPY,2025.11.13 01:45:00,0,
2025.11.13 02:09:59,scan_skipped_same_execution_bar,USDJPY,2025.11.13 01:45:00,0,
2025.11.13 02:19:59,scan_executed_new_execution_bar,USDJPY,2025.11.13 02:00:00,0,
2025.11.13 02:24:59,scan_skipped_same_execution_bar,USDJPY,2025.11.13 02:00:00,0,
2025.11.13 02:34:59,scan_executed_new_execution_bar,USDJPY,2025.11.13 02:15:00,16,
2025.11.13 02:39:59,scan_skipped_same_execution_bar,USDJPY,2025.11.13 02:15:00,0,
2025.11.13 02:49:59,scan_executed_new_execution_bar,USDJPY,2025.11.13 02:30:00,0,
2025.11.13 02:54:59,scan_skipped_same_execution_bar,USDJPY,2025.11.13 02:30:00,0,
2025.11.13 03:04:59,scan_executed_new_execution_bar,USDJPY,2025.11.13 02:45:00,0,
2025.11.13 03:09:59,scan_skipped_same_execution_bar,USDJPY,2025.11.13 02:45:00,0,
2025.11.13 03:19:59,scan_executed_new_execution_bar,USDJPY,2025.11.13 03:00:00,0,
2025.11.13 03:24:59,scan_skipped_same_execution_bar,USDJPY,2025.11.13 03:00:00,0,
2025.11.13 03:34:59,scan_executed_new_execution_bar,USDJPY,2025.11.13 03:15:00,32,
2025.11.13 03:39:59,scan_skipped_same_execution_bar,USDJPY,2025.11.13 03:15:00,0,
2025.11.13 03:49:59,scan_executed_new_execution_bar,USDJPY,2025.11.13 03:30:00,0,
2025.11.13 03:54:59,scan_skipped_same_execution_bar,USDJPY,2025.11.13 03:30:00,0,
2025.11.13 04:04:59,scan_executed_new_execution_bar,USDJPY,2025.11.13 03:45:00,47,
2025.11.13 04:09:59,scan_skipped_same_execution_bar,USDJPY,2025.11.13 03:45:00,0,
2025.11.13 04:19:59,scan_executed_new_execution_bar,USDJPY,2025.11.13 04:00:00,15,
2025.11.13 04:25:00,scan_skipped_same_execution_bar,USDJPY,2025.11.13 04:00:00,0,
2025.11.13 04:34:59,scan_executed_new_execution_bar,USDJPY,2025.11.13 04:15:00,16,
2025.11.13 04:39:59,scan_skipped_same_execution_bar,USDJPY,2025.11.13 04:15:00,0,
2025.11.13 04:49:59,scan_executed_new_execution_bar,USDJPY,2025.11.13 04:30:00,31,
2025.11.13 04:54:59,scan_skipped_same_execution_bar,USDJPY,2025.11.13 04:30:00,0,
2025.11.13 05:04:59,scan_executed_new_execution_bar,USDJPY,2025.11.13 04:45:00,31,
2025.11.13 05:09:59,scan_skipped_same_execution_bar,USDJPY,2025.11.13 04:45:00,0,
2025.11.13 05:19:59,scan_executed_new_execution_bar,USDJPY,2025.11.13 05:00:00,16,
2025.11.13 05:24:59,scan_skipped_same_execution_bar,USDJPY,2025.11.13 05:00:00,0,
2025.11.13 05:34:59,scan_executed_new_execution_bar,USDJPY,2025.11.13 05:15:00,15,
2025.11.13 05:39:59,scan_skipped_same_execution_bar,USDJPY,2025.11.13 05:15:00,0,
2025.11.13 05:49:59,scan_executed_new_execution_bar,USDJPY,2025.11.13 05:30:00,16,
2025.11.13 05:54:59,scan_skipped_same_execution_bar,USDJPY,2025.11.13 05:30:00,0,
2025.11.13 06:04:59,scan_executed_new_execution_bar,USDJPY,2025.11.13 05:45:00,15,
2025.11.13 06:09:59,scan_skipped_same_execution_bar,USDJPY,2025.11.13 05:45:00,0,
2025.11.13 06:19:59,scan_executed_new_execution_bar,USDJPY,2025.11.13 06:00:00,0,
2025.11.13 06:24:59,scan_skipped_same_execution_bar,USDJPY,2025.11.13 06:00:00,0,
2025.11.13 06:34:59,scan_executed_new_execution_bar,USDJPY,2025.11.13 06:15:00,0,
2025.11.13 06:39:59,scan_skipped_same_execution_bar,USDJPY,2025.11.13 06:15:00,0,
2025.11.13 06:49:59,scan_executed_new_execution_bar,USDJPY,2025.11.13 06:30:00,0,
2025.11.13 06:54:59,scan_skipped_same_execution_bar,USDJPY,2025.11.13 06:30:00,0,
2025.11.13 07:04:59,scan_executed_new_execution_bar,USDJPY,2025.11.13 06:45:00,0,
2025.11.13 07:10:00,scan_skipped_same_execution_bar,USDJPY,2025.11.13 06:45:00,0,
2025.11.13 07:19:59,scan_executed_new_execution_bar,USDJPY,2025.11.13 07:00:00,0,
2025.11.13 07:24:59,scan_skipped_same_execution_bar,USDJPY,2025.11.13 07:00:00,0,
2025.11.13 07:34:59,scan_executed_new_execution_bar,USDJPY,2025.11.13 07:15:00,0,
2025.11.13 07:39:59,scan_skipped_same_execution_bar,USDJPY,2025.11.13 07:15:00,0,
2025.11.13 07:49:59,scan_executed_new_execution_bar,USDJPY,2025.11.13 07:30:00,0,
2025.11.13 07:54:59,scan_skipped_same_execution_bar,USDJPY,2025.11.13 07:30:00,0,
2025.11.13 08:04:59,scan_executed_new_execution_bar,USDJPY,2025.11.13 07:45:00,16,
2025.11.13 08:09:59,scan_skipped_same_execution_bar,USDJPY,2025.11.13 07:45:00,0,
2025.11.13 08:19:59,scan_executed_new_execution_bar,USDJPY,2025.11.13 08:00:00,0,
2025.11.13 08:24:59,scan_skipped_same_execution_bar,USDJPY,2025.11.13 08:00:00,0,
2025.11.13 08:34:59,scan_executed_new_execution_bar,USDJPY,2025.11.13 08:15:00,0,
2025.11.13 08:39:59,scan_skipped_same_execution_bar,USDJPY,2025.11.13 08:15:00,0,
2025.11.13 08:49:59,scan_executed_new_execution_bar,USDJPY,2025.11.13 08:30:00,16,
2025.11.13 08:54:59,scan_skipped_same_execution_bar,USDJPY,2025.11.13 08:30:00,0,
2025.11.13 09:04:59,scan_executed_new_execution_bar,USDJPY,2025.11.13 08:45:00,16,
2025.11.13 09:09:59,scan_skipped_same_execution_bar,USDJPY,2025.11.13 08:45:00,0,
2025.11.13 09:19:59,scan_executed_new_execution_bar,USDJPY,2025.11.13 09:00:00,0,
2025.11.13 09:24:59,scan_skipped_same_execution_bar,USDJPY,2025.11.13 09:00:00,0,
2025.11.13 09:34:59,scan_executed_new_execution_bar,USDJPY,2025.11.13 09:15:00,0,
2025.11.13 09:39:59,scan_skipped_same_execution_bar,USDJPY,2025.11.13 09:15:00,0,
2025.11.13 09:49:59,scan_executed_new_execution_bar,USDJPY,2025.11.13 09:30:00,0,
2025.11.13 09:54:59,scan_skipped_same_execution_bar,USDJPY,2025.11.13 09:30:00,0,
2025.11.13 10:04:59,scan_executed_new_execution_bar,USDJPY,2025.11.13 09:45:00,0,
2025.11.13 10:09:59,scan_skipped_same_execution_bar,USDJPY,2025.11.13 09:45:00,0,
2025.11.13 10:19:59,scan_executed_new_execution_bar,USDJPY,2025.11.13 10:00:00,15,
2025.11.13 10:24:59,scan_skipped_same_execution_bar,USDJPY,2025.11.13 10:00:00,0,
2025.11.13 10:34:59,scan_executed_new_execution_bar,USDJPY,2025.11.13 10:15:00,31,
2025.11.13 10:39:59,scan_skipped_same_execution_bar,USDJPY,2025.11.13 10:15:00,0,
2025.11.13 10:49:59,scan_executed_new_execution_bar,USDJPY,2025.11.13 10:30:00,16,
2025.11.13 10:54:59,scan_skipped_same_execution_bar,USDJPY,2025.11.13 10:30:00,0,
2025.11.13 11:04:59,scan_executed_new_execution_bar,USDJPY,2025.11.13 10:45:00,0,
2025.11.13 11:09:59,scan_skipped_same_execution_bar,USDJPY,2025.11.13 10:45:00,0,
2025.11.13 11:19:59,scan_executed_new_execution_bar,USDJPY,2025.11.13 11:00:00,31,
2025.11.13 11:25:00,scan_skipped_same_execution_bar,USDJPY,2025.11.13 11:00:00,0,
2025.11.13 11:34:59,scan_executed_new_execution_bar,USDJPY,2025.11.13 11:15:00,15,
2025.11.13 11:39:59,scan_skipped_same_execution_bar,USDJPY,2025.11.13 11:15:00,0,
2025.11.13 11:49:59,scan_executed_new_execution_bar,USDJPY,2025.11.13 11:30:00,31,
2025.11.13 11:54:59,scan_skipped_same_execution_bar,USDJPY,2025.11.13 11:30:00,0,
2025.11.13 12:04:59,scan_executed_new_execution_bar,USDJPY,2025.11.13 11:45:00,16,
2025.11.13 12:09:59,scan_skipped_same_execution_bar,USDJPY,2025.11.13 11:45:00,0,
2025.11.13 12:19:59,scan_executed_new_execution_bar,USDJPY,2025.11.13 12:00:00,16,
2025.11.13 12:24:59,scan_skipped_same_execution_bar,USDJPY,2025.11.13 12:00:00,0,
2025.11.13 12:34:59,scan_executed_new_execution_bar,USDJPY,2025.11.13 12:15:00,0,
2025.11.13 12:39:59,scan_skipped_same_execution_bar,USDJPY,2025.11.13 12:15:00,0,
2025.11.13 12:49:59,scan_executed_new_execution_bar,USDJPY,2025.11.13 12:30:00,47,
2025.11.13 12:55:00,scan_skipped_same_execution_bar,USDJPY,2025.11.13 12:30:00,0,
2025.11.13 13:04:59,scan_executed_new_execution_bar,USDJPY,2025.11.13 12:45:00,16,
2025.11.13 13:09:59,scan_skipped_same_execution_bar,USDJPY,2025.11.13 12:45:00,0,
2025.11.13 13:19:59,scan_executed_new_execution_bar,USDJPY,2025.11.13 13:00:00,15,
2025.11.13 13:24:59,scan_skipped_same_execution_bar,USDJPY,2025.11.13 13:00:00,0,
2025.11.13 13:34:59,scan_executed_new_execution_bar,USDJPY,2025.11.13 13:15:00,16,
2025.11.13 13:40:00,scan_skipped_same_execution_bar,USDJPY,2025.11.13 13:15:00,0,
2025.11.13 13:49:59,scan_executed_new_execution_bar,USDJPY,2025.11.13 13:30:00,0,
2025.11.13 13:54:59,scan_skipped_same_execution_bar,USDJPY,2025.11.13 13:30:00,0,
2025.11.13 14:04:59,scan_executed_new_execution_bar,USDJPY,2025.11.13 13:45:00,15,
2025.11.13 14:09:59,scan_skipped_same_execution_bar,USDJPY,2025.11.13 13:45:00,0,
2025.11.13 14:19:59,scan_executed_new_execution_bar,USDJPY,2025.11.13 14:00:00,0,
2025.11.13 14:24:59,scan_skipped_same_execution_bar,USDJPY,2025.11.13 14:00:00,0,
2025.11.13 14:34:59,scan_executed_new_execution_bar,USDJPY,2025.11.13 14:15:00,0,
2025.11.13 14:39:59,scan_skipped_same_execution_bar,USDJPY,2025.11.13 14:15:00,0,
2025.11.13 14:49:59,scan_executed_new_execution_bar,USDJPY,2025.11.13 14:30:00,0,
2025.11.13 14:54:59,scan_skipped_same_execution_bar,USDJPY,2025.11.13 14:30:00,0,
2025.11.13 15:04:59,scan_executed_new_execution_bar,USDJPY,2025.11.13 14:45:00,0,
2025.11.13 15:09:59,scan_skipped_same_execution_bar,USDJPY,2025.11.13 14:45:00,0,
2025.11.13 15:15:00,scan_executed_new_execution_bar,USDJPY,2025.11.13 15:00:00,0,
2025.11.13 15:19:59,scan_skipped_same_execution_bar,USDJPY,2025.11.13 15:00:00,0,
2025.11.13 15:34:59,scan_executed_new_execution_bar,USDJPY,2025.11.13 15:15:00,15,
2025.11.13 15:39:59,scan_skipped_same_execution_bar,USDJPY,2025.11.13 15:15:00,0,
2025.11.13 15:49:59,scan_executed_new_execution_bar,USDJPY,2025.11.13 15:30:00,16,
2025.11.13 15:54:59,scan_skipped_same_execution_bar,USDJPY,2025.11.13 15:30:00,0,
2025.11.13 16:04:59,scan_executed_new_execution_bar,USDJPY,2025.11.13 15:45:00,0,
2025.11.13 16:09:59,scan_skipped_same_execution_bar,USDJPY,2025.11.13 15:45:00,0,
2025.11.13 16:19:59,scan_executed_new_execution_bar,USDJPY,2025.11.13 16:00:00,0,
2025.11.13 16:24:59,scan_skipped_same_execution_bar,USDJPY,2025.11.13 16:00:00,0,
2025.11.13 16:34:59,scan_executed_new_execution_bar,USDJPY,2025.11.13 16:15:00,0,
2025.11.13 16:39:59,scan_skipped_same_execution_bar,USDJPY,2025.11.13 16:15:00,0,
2025.11.13 16:49:59,scan_executed_new_execution_bar,USDJPY,2025.11.13 16:30:00,0,
2025.11.13 16:54:59,scan_skipped_same_execution_bar,USDJPY,2025.11.13 16:30:00,0,
2025.11.13 17:04:59,scan_executed_new_execution_bar,USDJPY,2025.11.13 16:45:00,0,
2025.11.13 17:09:59,scan_skipped_same_execution_bar,USDJPY,2025.11.13 16:45:00,0,
2025.11.13 17:19:59,scan_executed_new_execution_bar,USDJPY,2025.11.13 17:00:00,0,
2025.11.13 17:24:59,scan_skipped_same_execution_bar,USDJPY,2025.11.13 17:00:00,0,
2025.11.13 17:34:59,scan_executed_new_execution_bar,USDJPY,2025.11.13 17:15:00,0,
2025.11.13 17:39:59,scan_skipped_same_execution_bar,USDJPY,2025.11.13 17:15:00,0,
2025.11.13 17:49:59,scan_executed_new_execution_bar,USDJPY,2025.11.13 17:30:00,0,
2025.11.13 17:54:59,scan_skipped_same_execution_bar,USDJPY,2025.11.13 17:30:00,0,
2025.11.13 18:05:00,scan_executed_new_execution_bar,USDJPY,2025.11.13 17:45:00,0,
2025.11.13 18:09:59,scan_skipped_same_execution_bar,USDJPY,2025.11.13 17:45:00,0,
2025.11.13 18:19:59,scan_executed_new_execution_bar,USDJPY,2025.11.13 18:00:00,0,
2025.11.13 18:24:59,scan_skipped_same_execution_bar,USDJPY,2025.11.13 18:00:00,0,
2025.11.13 18:34:59,scan_executed_new_execution_bar,USDJPY,2025.11.13 18:15:00,0,
2025.11.13 18:39:59,scan_skipped_same_execution_bar,USDJPY,2025.11.13 18:15:00,0,
2025.11.13 18:49:59,scan_executed_new_execution_bar,USDJPY,2025.11.13 18:30:00,0,
2025.11.13 18:54:59,scan_skipped_same_execution_bar,USDJPY,2025.11.13 18:30:00,0,
2025.11.13 19:04:59,scan_executed_new_execution_bar,USDJPY,2025.11.13 18:45:00,31,
2025.11.13 19:09:59,scan_skipped_same_execution_bar,USDJPY,2025.11.13 18:45:00,0,
2025.11.13 19:19:59,scan_executed_new_execution_bar,USDJPY,2025.11.13 19:00:00,0,
2025.11.13 19:24:59,scan_skipped_same_execution_bar,USDJPY,2025.11.13 19:00:00,0,
2025.11.13 19:34:59,scan_executed_new_execution_bar,USDJPY,2025.11.13 19:15:00,0,
2025.11.13 19:39:59,scan_skipped_same_execution_bar,USDJPY,2025.11.13 19:15:00,0,
2025.11.13 19:49:59,scan_executed_new_execution_bar,USDJPY,2025.11.13 19:30:00,0,
2025.11.13 19:54:59,scan_skipped_same_execution_bar,USDJPY,2025.11.13 19:30:00,0,
2025.11.13 20:00:00,scan_executed_new_execution_bar,USDJPY,2025.11.13 19:45:00,16,
2025.11.13 20:04:59,scan_skipped_same_execution_bar,USDJPY,2025.11.13 19:45:00,0,
2025.11.13 20:19:59,scan_executed_new_execution_bar,USDJPY,2025.11.13 20:00:00,0,
2025.11.13 20:24:59,scan_skipped_same_execution_bar,USDJPY,2025.11.13 20:00:00,0,
2025.11.13 20:34:59,scan_executed_new_execution_bar,USDJPY,2025.11.13 20:15:00,0,
2025.11.13 20:40:00,scan_skipped_same_execution_bar,USDJPY,2025.11.13 20:15:00,0,
2025.11.13 20:49:59,scan_executed_new_execution_bar,USDJPY,2025.11.13 20:30:00,0,
2025.11.13 20:54:59,scan_skipped_same_execution_bar,USDJPY,2025.11.13 20:30:00,0,
2025.11.13 21:04:59,scan_executed_new_execution_bar,USDJPY,2025.11.13 20:45:00,0,
2025.11.13 21:09:59,scan_skipped_same_execution_bar,USDJPY,2025.11.13 20:45:00,0,
2025.11.13 21:19:59,scan_executed_new_execution_bar,USDJPY,2025.11.13 21:00:00,0,
2025.11.13 21:24:59,scan_skipped_same_execution_bar,USDJPY,2025.11.13 21:00:00,0,
2025.11.13 21:34:59,scan_executed_new_execution_bar,USDJPY,2025.11.13 21:15:00,0,
2025.11.13 21:39:59,scan_skipped_same_execution_bar,USDJPY,2025.11.13 21:15:00,0,
2025.11.13 21:49:59,scan_executed_new_execution_bar,USDJPY,2025.11.13 21:30:00,0,
2025.11.13 21:54:59,scan_skipped_same_execution_bar,USDJPY,2025.11.13 21:30:00,0,
2025.11.13 22:05:00,scan_executed_new_execution_bar,USDJPY,2025.11.13 21:45:00,0,
2025.11.13 22:09:59,scan_skipped_same_execution_bar,USDJPY,2025.11.13 21:45:00,0,
2025.11.13 22:19:59,scan_executed_new_execution_bar,USDJPY,2025.11.13 22:00:00,0,
2025.11.13 22:24:59,scan_skipped_same_execution_bar,USDJPY,2025.11.13 22:00:00,0,
2025.11.13 22:34:59,scan_executed_new_execution_bar,USDJPY,2025.11.13 22:15:00,0,
2025.11.13 22:39:59,scan_skipped_same_execution_bar,USDJPY,2025.11.13 22:15:00,0,
2025.11.13 22:49:59,scan_executed_new_execution_bar,USDJPY,2025.11.13 22:30:00,0,
2025.11.13 22:54:59,scan_skipped_same_execution_bar,USDJPY,2025.11.13 22:30:00,0,
2025.11.13 23:04:59,scan_executed_new_execution_bar,USDJPY,2025.11.13 22:45:00,0,
2025.11.13 23:09:59,scan_skipped_same_execution_bar,USDJPY,2025.11.13 22:45:00,0,
2025.11.13 23:19:59,scan_executed_new_execution_bar,USDJPY,2025.11.13 23:00:00,0,
2025.11.13 23:24:59,scan_skipped_same_execution_bar,USDJPY,2025.11.13 23:00:00,0,
2025.11.13 23:34:59,scan_executed_new_execution_bar,USDJPY,2025.11.13 23:15:00,0,
2025.11.13 23:39:59,scan_skipped_same_execution_bar,USDJPY,2025.11.13 23:15:00,0,
2025.11.13 23:49:59,scan_executed_new_execution_bar,USDJPY,2025.11.13 23:30:00,0,
2025.11.13 23:54:59,scan_skipped_same_execution_bar,USDJPY,2025.11.13 23:30:00,0,
2025.11.14 00:04:59,scan_executed_new_execution_bar,USDJPY,2025.11.13 23:45:00,0,
2025.11.14 00:09:59,scan_skipped_same_execution_bar,USDJPY,2025.11.13 23:45:00,0,
2025.11.14 00:19:59,scan_executed_new_execution_bar,USDJPY,2025.11.14 00:00:00,0,
2025.11.14 00:24:59,scan_skipped_same_execution_bar,USDJPY,2025.11.14 00:00:00,0,
2025.11.14 00:34:59,scan_executed_new_execution_bar,USDJPY,2025.11.14 00:15:00,0,
2025.11.14 00:39:59,scan_skipped_same_execution_bar,USDJPY,2025.11.14 00:15:00,0,
2025.11.14 00:49:59,scan_executed_new_execution_bar,USDJPY,2025.11.14 00:30:00,0,
2025.11.14 00:54:59,scan_skipped_same_execution_bar,USDJPY,2025.11.14 00:30:00,0,
2025.11.14 01:04:59,scan_executed_new_execution_bar,USDJPY,2025.11.14 00:45:00,0,
2025.11.14 01:09:59,scan_skipped_same_execution_bar,USDJPY,2025.11.14 00:45:00,0,
2025.11.14 01:19:59,scan_executed_new_execution_bar,USDJPY,2025.11.14 01:00:00,0,
2025.11.14 01:24:59,scan_skipped_same_execution_bar,USDJPY,2025.11.14 01:00:00,0,
2025.11.14 01:34:59,scan_executed_new_execution_bar,USDJPY,2025.11.14 01:15:00,0,
2025.11.14 01:39:59,scan_skipped_same_execution_bar,USDJPY,2025.11.14 01:15:00,0,
2025.11.14 01:49:59,scan_executed_new_execution_bar,USDJPY,2025.11.14 01:30:00,0,
2025.11.14 01:54:59,scan_skipped_same_execution_bar,USDJPY,2025.11.14 01:30:00,0,
2025.11.14 02:04:59,scan_executed_new_execution_bar,USDJPY,2025.11.14 01:45:00,0,
2025.11.14 02:10:00,scan_skipped_same_execution_bar,USDJPY,2025.11.14 01:45:00,0,
2025.11.14 02:19:59,scan_executed_new_execution_bar,USDJPY,2025.11.14 02:00:00,0,
2025.11.14 02:24:59,scan_skipped_same_execution_bar,USDJPY,2025.11.14 02:00:00,0,
2025.11.14 02:34:59,scan_executed_new_execution_bar,USDJPY,2025.11.14 02:15:00,16,
2025.11.14 02:39:59,scan_skipped_same_execution_bar,USDJPY,2025.11.14 02:15:00,0,
2025.11.14 02:50:00,scan_executed_new_execution_bar,USDJPY,2025.11.14 02:30:00,0,
2025.11.14 02:55:00,scan_skipped_same_execution_bar,USDJPY,2025.11.14 02:30:00,0,
2025.11.14 03:04:59,scan_executed_new_execution_bar,USDJPY,2025.11.14 02:45:00,31,
2025.11.14 03:09:59,scan_skipped_same_execution_bar,USDJPY,2025.11.14 02:45:00,0,
2025.11.14 03:19:59,scan_executed_new_execution_bar,USDJPY,2025.11.14 03:00:00,0,
2025.11.14 03:24:59,scan_skipped_same_execution_bar,USDJPY,2025.11.14 03:00:00,0,
2025.11.14 03:34:59,scan_executed_new_execution_bar,USDJPY,2025.11.14 03:15:00,0,
2025.11.14 03:39:59,scan_skipped_same_execution_bar,USDJPY,2025.11.14 03:15:00,0,
2025.11.14 03:49:59,scan_executed_new_execution_bar,USDJPY,2025.11.14 03:30:00,0,
2025.11.14 03:54:59,scan_skipped_same_execution_bar,USDJPY,2025.11.14 03:30:00,0,
2025.11.14 04:04:59,scan_executed_new_execution_bar,USDJPY,2025.11.14 03:45:00,16,
2025.11.14 04:09:59,scan_skipped_same_execution_bar,USDJPY,2025.11.14 03:45:00,0,
2025.11.14 04:19:59,scan_executed_new_execution_bar,USDJPY,2025.11.14 04:00:00,15,
2025.11.14 04:24:59,scan_skipped_same_execution_bar,USDJPY,2025.11.14 04:00:00,0,
2025.11.14 04:34:59,scan_executed_new_execution_bar,USDJPY,2025.11.14 04:15:00,0,
2025.11.14 04:39:59,scan_skipped_same_execution_bar,USDJPY,2025.11.14 04:15:00,0,
2025.11.14 04:49:59,scan_executed_new_execution_bar,USDJPY,2025.11.14 04:30:00,0,
2025.11.14 04:54:59,scan_skipped_same_execution_bar,USDJPY,2025.11.14 04:30:00,0,
2025.11.14 05:04:59,scan_executed_new_execution_bar,USDJPY,2025.11.14 04:45:00,0,
2025.11.14 05:09:59,scan_skipped_same_execution_bar,USDJPY,2025.11.14 04:45:00,0,
2025.11.14 05:19:59,scan_executed_new_execution_bar,USDJPY,2025.11.14 05:00:00,0,
2025.11.14 05:24:59,scan_skipped_same_execution_bar,USDJPY,2025.11.14 05:00:00,0,
2025.11.14 05:34:59,scan_executed_new_execution_bar,USDJPY,2025.11.14 05:15:00,15,
2025.11.14 05:39:59,scan_skipped_same_execution_bar,USDJPY,2025.11.14 05:15:00,0,
2025.11.14 05:49:59,scan_executed_new_execution_bar,USDJPY,2025.11.14 05:30:00,0,
2025.11.14 05:54:59,scan_skipped_same_execution_bar,USDJPY,2025.11.14 05:30:00,0,
2025.11.14 06:04:59,scan_executed_new_execution_bar,USDJPY,2025.11.14 05:45:00,15,
2025.11.14 06:09:59,scan_skipped_same_execution_bar,USDJPY,2025.11.14 05:45:00,0,
2025.11.14 06:19:59,scan_executed_new_execution_bar,USDJPY,2025.11.14 06:00:00,0,
2025.11.14 06:24:59,scan_skipped_same_execution_bar,USDJPY,2025.11.14 06:00:00,0,
2025.11.14 06:34:59,scan_executed_new_execution_bar,USDJPY,2025.11.14 06:15:00,0,
2025.11.14 06:39:59,scan_skipped_same_execution_bar,USDJPY,2025.11.14 06:15:00,0,
2025.11.14 06:49:59,scan_executed_new_execution_bar,USDJPY,2025.11.14 06:30:00,0,
2025.11.14 06:54:59,scan_skipped_same_execution_bar,USDJPY,2025.11.14 06:30:00,0,
2025.11.14 07:04:59,scan_executed_new_execution_bar,USDJPY,2025.11.14 06:45:00,0,
2025.11.14 07:09:59,scan_skipped_same_execution_bar,USDJPY,2025.11.14 06:45:00,0,
2025.11.14 07:19:59,scan_executed_new_execution_bar,USDJPY,2025.11.14 07:00:00,0,
2025.11.14 07:24:59,scan_skipped_same_execution_bar,USDJPY,2025.11.14 07:00:00,0,
2025.11.14 07:34:59,scan_executed_new_execution_bar,USDJPY,2025.11.14 07:15:00,0,
2025.11.14 07:39:59,scan_skipped_same_execution_bar,USDJPY,2025.11.14 07:15:00,0,
2025.11.14 07:49:59,scan_executed_new_execution_bar,USDJPY,2025.11.14 07:30:00,0,
2025.11.14 07:54:59,scan_skipped_same_execution_bar,USDJPY,2025.11.14 07:30:00,0,
2025.11.14 08:04:59,scan_executed_new_execution_bar,USDJPY,2025.11.14 07:45:00,0,
2025.11.14 08:09:59,scan_skipped_same_execution_bar,USDJPY,2025.11.14 07:45:00,0,
2025.11.14 08:19:59,scan_executed_new_execution_bar,USDJPY,2025.11.14 08:00:00,0,
2025.11.14 08:24:59,scan_skipped_same_execution_bar,USDJPY,2025.11.14 08:00:00,0,
2025.11.14 08:34:59,scan_executed_new_execution_bar,USDJPY,2025.11.14 08:15:00,0,
2025.11.14 08:39:59,scan_skipped_same_execution_bar,USDJPY,2025.11.14 08:15:00,0,
2025.11.14 08:49:59,scan_executed_new_execution_bar,USDJPY,2025.11.14 08:30:00,0,
2025.11.14 08:54:59,scan_skipped_same_execution_bar,USDJPY,2025.11.14 08:30:00,0,
2025.11.14 09:04:59,scan_executed_new_execution_bar,USDJPY,2025.11.14 08:45:00,0,
2025.11.14 09:09:59,scan_skipped_same_execution_bar,USDJPY,2025.11.14 08:45:00,0,
2025.11.14 09:19:59,scan_executed_new_execution_bar,USDJPY,2025.11.14 09:00:00,0,
2025.11.14 09:24:59,scan_skipped_same_execution_bar,USDJPY,2025.11.14 09:00:00,0,
2025.11.14 09:34:59,scan_executed_new_execution_bar,USDJPY,2025.11.14 09:15:00,16,
2025.11.14 09:39:59,scan_skipped_same_execution_bar,USDJPY,2025.11.14 09:15:00,0,
2025.11.14 09:49:59,scan_executed_new_execution_bar,USDJPY,2025.11.14 09:30:00,0,
2025.11.14 09:54:59,scan_skipped_same_execution_bar,USDJPY,2025.11.14 09:30:00,0,
2025.11.14 10:04:59,scan_executed_new_execution_bar,USDJPY,2025.11.14 09:45:00,0,
2025.11.14 10:09:59,scan_skipped_same_execution_bar,USDJPY,2025.11.14 09:45:00,0,
2025.11.14 10:19:59,scan_executed_new_execution_bar,USDJPY,2025.11.14 10:00:00,16,
2025.11.14 10:24:59,scan_skipped_same_execution_bar,USDJPY,2025.11.14 10:00:00,0,
2025.11.14 10:34:59,scan_executed_new_execution_bar,USDJPY,2025.11.14 10:15:00,15,
2025.11.14 10:39:59,scan_skipped_same_execution_bar,USDJPY,2025.11.14 10:15:00,0,
2025.11.14 10:49:59,scan_executed_new_execution_bar,USDJPY,2025.11.14 10:30:00,16,
2025.11.14 10:54:59,scan_skipped_same_execution_bar,USDJPY,2025.11.14 10:30:00,0,
2025.11.14 11:04:59,scan_executed_new_execution_bar,USDJPY,2025.11.14 10:45:00,47,
2025.11.14 11:09:59,scan_skipped_same_execution_bar,USDJPY,2025.11.14 10:45:00,0,
2025.11.14 11:19:59,scan_executed_new_execution_bar,USDJPY,2025.11.14 11:00:00,15,
2025.11.14 11:24:59,scan_skipped_same_execution_bar,USDJPY,2025.11.14 11:00:00,0,
2025.11.14 11:34:59,scan_executed_new_execution_bar,USDJPY,2025.11.14 11:15:00,47,
2025.11.14 11:39:59,scan_skipped_same_execution_bar,USDJPY,2025.11.14 11:15:00,0,
2025.11.14 11:49:59,scan_executed_new_execution_bar,USDJPY,2025.11.14 11:30:00,0,
2025.11.14 11:54:59,scan_skipped_same_execution_bar,USDJPY,2025.11.14 11:30:00,0,
2025.11.14 12:00:00,scan_executed_new_execution_bar,USDJPY,2025.11.14 11:45:00,0,
2025.11.14 12:04:59,scan_skipped_same_execution_bar,USDJPY,2025.11.14 11:45:00,0,
2025.11.14 12:19:59,scan_executed_new_execution_bar,USDJPY,2025.11.14 12:00:00,0,
2025.11.14 12:24:59,scan_skipped_same_execution_bar,USDJPY,2025.11.14 12:00:00,0,
2025.11.14 12:34:59,scan_executed_new_execution_bar,USDJPY,2025.11.14 12:15:00,31,
2025.11.14 12:39:59,scan_skipped_same_execution_bar,USDJPY,2025.11.14 12:15:00,0,
2025.11.14 12:49:59,scan_executed_new_execution_bar,USDJPY,2025.11.14 12:30:00,47,
2025.11.14 12:54:59,scan_skipped_same_execution_bar,USDJPY,2025.11.14 12:30:00,0,
2025.11.14 13:04:59,scan_executed_new_execution_bar,USDJPY,2025.11.14 12:45:00,0,
2025.11.14 13:09:59,scan_skipped_same_execution_bar,USDJPY,2025.11.14 12:45:00,0,
2025.11.14 13:19:59,scan_executed_new_execution_bar,USDJPY,2025.11.14 13:00:00,0,
2025.11.14 13:24:59,scan_skipped_same_execution_bar,USDJPY,2025.11.14 13:00:00,0,
2025.11.14 13:34:59,scan_executed_new_execution_bar,USDJPY,2025.11.14 13:15:00,47,
2025.11.14 13:39:59,scan_skipped_same_execution_bar,USDJPY,2025.11.14 13:15:00,0,
2025.11.14 13:50:00,scan_executed_new_execution_bar,USDJPY,2025.11.14 13:30:00,0,
2025.11.14 13:54:59,scan_skipped_same_execution_bar,USDJPY,2025.11.14 13:30:00,0,
2025.11.14 14:04:59,scan_executed_new_execution_bar,USDJPY,2025.11.14 13:45:00,16,
2025.11.14 14:09:59,scan_skipped_same_execution_bar,USDJPY,2025.11.14 13:45:00,0,
2025.11.14 14:19:59,scan_executed_new_execution_bar,USDJPY,2025.11.14 14:00:00,0,
2025.11.14 14:24:59,scan_skipped_same_execution_bar,USDJPY,2025.11.14 14:00:00,0,
2025.11.14 14:34:59,scan_executed_new_execution_bar,USDJPY,2025.11.14 14:15:00,0,
2025.11.14 14:39:59,scan_skipped_same_execution_bar,USDJPY,2025.11.14 14:15:00,0,
2025.11.14 14:49:59,scan_executed_new_execution_bar,USDJPY,2025.11.14 14:30:00,0,
2025.11.14 14:54:59,scan_skipped_same_execution_bar,USDJPY,2025.11.14 14:30:00,0,
2025.11.14 15:04:59,scan_executed_new_execution_bar,USDJPY,2025.11.14 14:45:00,0,
2025.11.14 15:09:59,scan_skipped_same_execution_bar,USDJPY,2025.11.14 14:45:00,0,
2025.11.14 15:19:59,scan_executed_new_execution_bar,USDJPY,2025.11.14 15:00:00,0,
2025.11.14 15:24:59,scan_skipped_same_execution_bar,USDJPY,2025.11.14 15:00:00,0,
2025.11.14 15:34:59,scan_executed_new_execution_bar,USDJPY,2025.11.14 15:15:00,0,
2025.11.14 15:39:59,scan_skipped_same_execution_bar,USDJPY,2025.11.14 15:15:00,0,
2025.11.14 15:49:59,scan_executed_new_execution_bar,USDJPY,2025.11.14 15:30:00,0,
2025.11.14 15:54:59,scan_skipped_same_execution_bar,USDJPY,2025.11.14 15:30:00,0,
2025.11.14 16:04:59,scan_executed_new_execution_bar,USDJPY,2025.11.14 15:45:00,15,
2025.11.14 16:09:59,scan_skipped_same_execution_bar,USDJPY,2025.11.14 15:45:00,0,
2025.11.14 16:19:59,scan_executed_new_execution_bar,USDJPY,2025.11.14 16:00:00,0,
2025.11.14 16:24:59,scan_skipped_same_execution_bar,USDJPY,2025.11.14 16:00:00,0,
2025.11.14 16:34:59,scan_executed_new_execution_bar,USDJPY,2025.11.14 16:15:00,0,
2025.11.14 16:39:59,scan_skipped_same_execution_bar,USDJPY,2025.11.14 16:15:00,0,
2025.11.14 16:49:59,scan_executed_new_execution_bar,USDJPY,2025.11.14 16:30:00,0,
2025.11.14 16:54:59,scan_skipped_same_execution_bar,USDJPY,2025.11.14 16:30:00,0,
2025.11.14 17:05:00,scan_executed_new_execution_bar,USDJPY,2025.11.14 16:45:00,0,
2025.11.14 17:09:59,scan_skipped_same_execution_bar,USDJPY,2025.11.14 16:45:00,0,
2025.11.14 17:19:59,scan_executed_new_execution_bar,USDJPY,2025.11.14 17:00:00,32,
2025.11.14 17:24:59,scan_skipped_same_execution_bar,USDJPY,2025.11.14 17:00:00,0,
2025.11.14 17:34:59,scan_executed_new_execution_bar,USDJPY,2025.11.14 17:15:00,16,
2025.11.14 17:39:59,scan_skipped_same_execution_bar,USDJPY,2025.11.14 17:15:00,0,
2025.11.14 17:49:59,scan_executed_new_execution_bar,USDJPY,2025.11.14 17:30:00,32,
2025.11.14 17:54:59,scan_skipped_same_execution_bar,USDJPY,2025.11.14 17:30:00,0,
2025.11.14 18:04:59,scan_executed_new_execution_bar,USDJPY,2025.11.14 17:45:00,0,
2025.11.14 18:09:59,scan_skipped_same_execution_bar,USDJPY,2025.11.14 17:45:00,0,
2025.11.14 18:19:59,scan_executed_new_execution_bar,USDJPY,2025.11.14 18:00:00,16,
2025.11.14 18:25:00,scan_skipped_same_execution_bar,USDJPY,2025.11.14 18:00:00,0,
2025.11.14 18:34:59,scan_executed_new_execution_bar,USDJPY,2025.11.14 18:15:00,0,
2025.11.14 18:39:59,scan_skipped_same_execution_bar,USDJPY,2025.11.14 18:15:00,0,
2025.11.14 18:49:59,scan_executed_new_execution_bar,USDJPY,2025.11.14 18:30:00,16,
2025.11.14 18:55:00,scan_skipped_same_execution_bar,USDJPY,2025.11.14 18:30:00,0,
2025.11.14 19:04:59,scan_executed_new_execution_bar,USDJPY,2025.11.14 18:45:00,0,
2025.11.14 19:09:59,scan_skipped_same_execution_bar,USDJPY,2025.11.14 18:45:00,0,
2025.11.14 19:19:59,scan_executed_new_execution_bar,USDJPY,2025.11.14 19:00:00,0,
2025.11.14 19:24:59,scan_skipped_same_execution_bar,USDJPY,2025.11.14 19:00:00,0,
2025.11.14 19:34:59,scan_executed_new_execution_bar,USDJPY,2025.11.14 19:15:00,15,
2025.11.14 19:39:59,scan_skipped_same_execution_bar,USDJPY,2025.11.14 19:15:00,0,
2025.11.14 19:49:59,scan_executed_new_execution_bar,USDJPY,2025.11.14 19:30:00,0,
2025.11.14 19:54:59,scan_skipped_same_execution_bar,USDJPY,2025.11.14 19:30:00,0,
2025.11.14 20:04:59,scan_executed_new_execution_bar,USDJPY,2025.11.14 19:45:00,47,
2025.11.14 20:09:59,scan_skipped_same_execution_bar,USDJPY,2025.11.14 19:45:00,0,
2025.11.14 20:19:59,scan_executed_new_execution_bar,USDJPY,2025.11.14 20:00:00,0,
2025.11.14 20:24:59,scan_skipped_same_execution_bar,USDJPY,2025.11.14 20:00:00,0,
2025.11.14 20:35:00,scan_executed_new_execution_bar,USDJPY,2025.11.14 20:15:00,16,
2025.11.14 20:39:59,scan_skipped_same_execution_bar,USDJPY,2025.11.14 20:15:00,0,
2025.11.14 20:49:59,scan_executed_new_execution_bar,USDJPY,2025.11.14 20:30:00,32,
2025.11.14 20:54:59,scan_skipped_same_execution_bar,USDJPY,2025.11.14 20:30:00,0,
2025.11.14 21:04:59,scan_executed_new_execution_bar,USDJPY,2025.11.14 20:45:00,0,
2025.11.14 21:09:59,scan_skipped_same_execution_bar,USDJPY,2025.11.14 20:45:00,0,
2025.11.14 21:19:59,scan_executed_new_execution_bar,USDJPY,2025.11.14 21:00:00,16,
2025.11.14 21:24:59,scan_skipped_same_execution_bar,USDJPY,2025.11.14 21:00:00,0,
2025.11.14 21:34:59,scan_executed_new_execution_bar,USDJPY,2025.11.14 21:15:00,0,
2025.11.14 21:39:59,scan_skipped_same_execution_bar,USDJPY,2025.11.14 21:15:00,0,
2025.11.14 21:49:59,scan_executed_new_execution_bar,USDJPY,2025.11.14 21:30:00,16,
2025.11.14 21:54:59,scan_skipped_same_execution_bar,USDJPY,2025.11.14 21:30:00,0,
2025.11.14 22:04:59,scan_executed_new_execution_bar,USDJPY,2025.11.14 21:45:00,0,
2025.11.14 22:09:59,scan_skipped_same_execution_bar,USDJPY,2025.11.14 21:45:00,0,
2025.11.14 22:19:59,scan_executed_new_execution_bar,USDJPY,2025.11.14 22:00:00,0,
2025.11.14 22:24:59,scan_skipped_same_execution_bar,USDJPY,2025.11.14 22:00:00,0,
2025.11.14 22:34:59,scan_executed_new_execution_bar,USDJPY,2025.11.14 22:15:00,16,
2025.11.14 22:39:59,scan_skipped_same_execution_bar,USDJPY,2025.11.14 22:15:00,0,
2025.11.14 22:49:59,scan_executed_new_execution_bar,USDJPY,2025.11.14 22:30:00,0,
2025.11.14 22:54:59,scan_skipped_same_execution_bar,USDJPY,2025.11.14 22:30:00,0,
2025.11.14 23:04:59,scan_executed_new_execution_bar,USDJPY,2025.11.14 22:45:00,0,
2025.11.14 23:09:59,scan_skipped_same_execution_bar,USDJPY,2025.11.14 22:45:00,0,
2025.11.14 23:19:58,scan_executed_new_execution_bar,USDJPY,2025.11.14 23:00:00,0,
2025.11.14 23:24:59,scan_skipped_same_execution_bar,USDJPY,2025.11.14 23:00:00,0,
2025.11.14 23:34:59,scan_executed_new_execution_bar,USDJPY,2025.11.14 23:15:00,0,
2025.11.14 23:39:59,scan_skipped_same_execution_bar,USDJPY,2025.11.14 23:15:00,0,
2025.11.14 23:49:59,scan_executed_new_execution_bar,USDJPY,2025.11.14 23:30:00,0,
2025.11.14 23:54:59,scan_skipped_same_execution_bar,USDJPY,2025.11.14 23:30:00,0,
2025.11.17 00:04:57,scan_executed_new_execution_bar,USDJPY,2025.11.14 23:45:00,0,
2025.11.17 00:09:59,scan_skipped_same_execution_bar,USDJPY,2025.11.14 23:45:00,0,
2025.11.17 00:19:57,scan_executed_new_execution_bar,USDJPY,2025.11.17 00:00:00,0,
2025.11.17 00:24:59,scan_skipped_same_execution_bar,USDJPY,2025.11.17 00:00:00,0,
2025.11.17 00:34:58,scan_executed_new_execution_bar,USDJPY,2025.11.17 00:15:00,0,
2025.11.17 00:39:58,scan_skipped_same_execution_bar,USDJPY,2025.11.17 00:15:00,0,
2025.11.17 00:49:59,scan_executed_new_execution_bar,USDJPY,2025.11.17 00:30:00,0,
2025.11.17 00:54:59,scan_skipped_same_execution_bar,USDJPY,2025.11.17 00:30:00,0,
2025.11.17 01:04:59,scan_executed_new_execution_bar,USDJPY,2025.11.17 00:45:00,0,
2025.11.17 01:09:59,scan_skipped_same_execution_bar,USDJPY,2025.11.17 00:45:00,0,
2025.11.17 01:19:59,scan_executed_new_execution_bar,USDJPY,2025.11.17 01:00:00,0,
2025.11.17 01:24:59,scan_skipped_same_execution_bar,USDJPY,2025.11.17 01:00:00,0,
2025.11.17 01:34:58,scan_executed_new_execution_bar,USDJPY,2025.11.17 01:15:00,0,
2025.11.17 01:39:59,scan_skipped_same_execution_bar,USDJPY,2025.11.17 01:15:00,0,
2025.11.17 01:49:59,scan_executed_new_execution_bar,USDJPY,2025.11.17 01:30:00,0,
2025.11.17 01:54:59,scan_skipped_same_execution_bar,USDJPY,2025.11.17 01:30:00,0,
2025.11.17 02:04:59,scan_executed_new_execution_bar,USDJPY,2025.11.17 01:45:00,0,
2025.11.17 02:09:59,scan_skipped_same_execution_bar,USDJPY,2025.11.17 01:45:00,0,
2025.11.17 02:19:59,scan_executed_new_execution_bar,USDJPY,2025.11.17 02:00:00,0,
2025.11.17 02:24:59,scan_skipped_same_execution_bar,USDJPY,2025.11.17 02:00:00,0,
2025.11.17 02:34:59,scan_executed_new_execution_bar,USDJPY,2025.11.17 02:15:00,16,
2025.11.17 02:39:59,scan_skipped_same_execution_bar,USDJPY,2025.11.17 02:15:00,0,
2025.11.17 02:49:59,scan_executed_new_execution_bar,USDJPY,2025.11.17 02:30:00,0,
2025.11.17 02:54:59,scan_skipped_same_execution_bar,USDJPY,2025.11.17 02:30:00,0,
2025.11.17 03:04:59,scan_executed_new_execution_bar,USDJPY,2025.11.17 02:45:00,0,
2025.11.17 03:09:59,scan_skipped_same_execution_bar,USDJPY,2025.11.17 02:45:00,0,
2025.11.17 03:19:59,scan_executed_new_execution_bar,USDJPY,2025.11.17 03:00:00,16,
2025.11.17 03:24:59,scan_skipped_same_execution_bar,USDJPY,2025.11.17 03:00:00,0,
2025.11.17 03:34:59,scan_executed_new_execution_bar,USDJPY,2025.11.17 03:15:00,0,
2025.11.17 03:39:59,scan_skipped_same_execution_bar,USDJPY,2025.11.17 03:15:00,0,
2025.11.17 03:49:59,scan_executed_new_execution_bar,USDJPY,2025.11.17 03:30:00,0,
2025.11.17 03:54:59,scan_skipped_same_execution_bar,USDJPY,2025.11.17 03:30:00,0,
2025.11.17 04:04:59,scan_executed_new_execution_bar,USDJPY,2025.11.17 03:45:00,0,
2025.11.17 04:09:59,scan_skipped_same_execution_bar,USDJPY,2025.11.17 03:45:00,0,
2025.11.17 04:19:59,scan_executed_new_execution_bar,USDJPY,2025.11.17 04:00:00,0,
2025.11.17 04:24:59,scan_skipped_same_execution_bar,USDJPY,2025.11.17 04:00:00,0,
2025.11.17 04:34:59,scan_executed_new_execution_bar,USDJPY,2025.11.17 04:15:00,16,
2025.11.17 04:39:59,scan_skipped_same_execution_bar,USDJPY,2025.11.17 04:15:00,0,
2025.11.17 04:49:59,scan_executed_new_execution_bar,USDJPY,2025.11.17 04:30:00,0,
2025.11.17 04:54:59,scan_skipped_same_execution_bar,USDJPY,2025.11.17 04:30:00,0,
2025.11.17 05:04:59,scan_executed_new_execution_bar,USDJPY,2025.11.17 04:45:00,0,
2025.11.17 05:09:59,scan_skipped_same_execution_bar,USDJPY,2025.11.17 04:45:00,0,
2025.11.17 05:19:59,scan_executed_new_execution_bar,USDJPY,2025.11.17 05:00:00,0,
2025.11.17 05:24:59,scan_skipped_same_execution_bar,USDJPY,2025.11.17 05:00:00,0,
2025.11.17 05:34:59,scan_executed_new_execution_bar,USDJPY,2025.11.17 05:15:00,0,
2025.11.17 05:39:58,scan_skipped_same_execution_bar,USDJPY,2025.11.17 05:15:00,0,
2025.11.17 05:49:59,scan_executed_new_execution_bar,USDJPY,2025.11.17 05:30:00,0,
2025.11.17 05:54:59,scan_skipped_same_execution_bar,USDJPY,2025.11.17 05:30:00,0,
2025.11.17 06:04:59,scan_executed_new_execution_bar,USDJPY,2025.11.17 05:45:00,16,
2025.11.17 06:09:59,scan_skipped_same_execution_bar,USDJPY,2025.11.17 05:45:00,0,
2025.11.17 06:19:59,scan_executed_new_execution_bar,USDJPY,2025.11.17 06:00:00,0,
2025.11.17 06:24:59,scan_skipped_same_execution_bar,USDJPY,2025.11.17 06:00:00,0,
2025.11.17 06:34:59,scan_executed_new_execution_bar,USDJPY,2025.11.17 06:15:00,0,
2025.11.17 06:39:59,scan_skipped_same_execution_bar,USDJPY,2025.11.17 06:15:00,0,
2025.11.17 06:49:59,scan_executed_new_execution_bar,USDJPY,2025.11.17 06:30:00,0,
2025.11.17 06:54:59,scan_skipped_same_execution_bar,USDJPY,2025.11.17 06:30:00,0,
2025.11.17 07:04:59,scan_executed_new_execution_bar,USDJPY,2025.11.17 06:45:00,0,
2025.11.17 07:09:59,scan_skipped_same_execution_bar,USDJPY,2025.11.17 06:45:00,0,
2025.11.17 07:19:59,scan_executed_new_execution_bar,USDJPY,2025.11.17 07:00:00,0,
2025.11.17 07:24:59,scan_skipped_same_execution_bar,USDJPY,2025.11.17 07:00:00,0,
2025.11.17 07:34:59,scan_executed_new_execution_bar,USDJPY,2025.11.17 07:15:00,0,
2025.11.17 07:39:59,scan_skipped_same_execution_bar,USDJPY,2025.11.17 07:15:00,0,
2025.11.17 07:49:59,scan_executed_new_execution_bar,USDJPY,2025.11.17 07:30:00,0,
2025.11.17 07:54:59,scan_skipped_same_execution_bar,USDJPY,2025.11.17 07:30:00,0,
2025.11.17 08:04:59,scan_executed_new_execution_bar,USDJPY,2025.11.17 07:45:00,0,
2025.11.17 08:09:59,scan_skipped_same_execution_bar,USDJPY,2025.11.17 07:45:00,0,
2025.11.17 08:19:59,scan_executed_new_execution_bar,USDJPY,2025.11.17 08:00:00,0,
2025.11.17 08:24:59,scan_skipped_same_execution_bar,USDJPY,2025.11.17 08:00:00,0,
2025.11.17 08:34:59,scan_executed_new_execution_bar,USDJPY,2025.11.17 08:15:00,16,
2025.11.17 08:39:59,scan_skipped_same_execution_bar,USDJPY,2025.11.17 08:15:00,0,
2025.11.17 08:49:59,scan_executed_new_execution_bar,USDJPY,2025.11.17 08:30:00,0,
2025.11.17 08:54:59,scan_skipped_same_execution_bar,USDJPY,2025.11.17 08:30:00,0,
2025.11.17 09:04:59,scan_executed_new_execution_bar,USDJPY,2025.11.17 08:45:00,0,
2025.11.17 09:09:59,scan_skipped_same_execution_bar,USDJPY,2025.11.17 08:45:00,0,
2025.11.17 09:19:59,scan_executed_new_execution_bar,USDJPY,2025.11.17 09:00:00,0,
2025.11.17 09:24:59,scan_skipped_same_execution_bar,USDJPY,2025.11.17 09:00:00,0,
2025.11.17 09:34:59,scan_executed_new_execution_bar,USDJPY,2025.11.17 09:15:00,0,
2025.11.17 09:39:59,scan_skipped_same_execution_bar,USDJPY,2025.11.17 09:15:00,0,
2025.11.17 09:49:59,scan_executed_new_execution_bar,USDJPY,2025.11.17 09:30:00,0,
2025.11.17 09:54:59,scan_skipped_same_execution_bar,USDJPY,2025.11.17 09:30:00,0,
2025.11.17 10:04:59,scan_executed_new_execution_bar,USDJPY,2025.11.17 09:45:00,0,
2025.11.17 10:09:59,scan_skipped_same_execution_bar,USDJPY,2025.11.17 09:45:00,0,
2025.11.17 10:19:59,scan_executed_new_execution_bar,USDJPY,2025.11.17 10:00:00,0,
2025.11.17 10:24:59,scan_skipped_same_execution_bar,USDJPY,2025.11.17 10:00:00,0,
2025.11.17 10:34:59,scan_executed_new_execution_bar,USDJPY,2025.11.17 10:15:00,16,
2025.11.17 10:39:59,scan_skipped_same_execution_bar,USDJPY,2025.11.17 10:15:00,0,
2025.11.17 10:49:59,scan_executed_new_execution_bar,USDJPY,2025.11.17 10:30:00,0,
2025.11.17 10:54:59,scan_skipped_same_execution_bar,USDJPY,2025.11.17 10:30:00,0,
2025.11.17 11:04:59,scan_executed_new_execution_bar,USDJPY,2025.11.17 10:45:00,16,
2025.11.17 11:09:59,scan_skipped_same_execution_bar,USDJPY,2025.11.17 10:45:00,0,
2025.11.17 11:19:59,scan_executed_new_execution_bar,USDJPY,2025.11.17 11:00:00,0,
2025.11.17 11:24:59,scan_skipped_same_execution_bar,USDJPY,2025.11.17 11:00:00,0,
2025.11.17 11:34:59,scan_executed_new_execution_bar,USDJPY,2025.11.17 11:15:00,0,
2025.11.17 11:39:59,scan_skipped_same_execution_bar,USDJPY,2025.11.17 11:15:00,0,
2025.11.17 11:49:59,scan_executed_new_execution_bar,USDJPY,2025.11.17 11:30:00,0,
2025.11.17 11:54:59,scan_skipped_same_execution_bar,USDJPY,2025.11.17 11:30:00,0,
2025.11.17 12:04:59,scan_executed_new_execution_bar,USDJPY,2025.11.17 11:45:00,15,
2025.11.17 12:09:59,scan_skipped_same_execution_bar,USDJPY,2025.11.17 11:45:00,0,
2025.11.17 12:19:59,scan_executed_new_execution_bar,USDJPY,2025.11.17 12:00:00,0,
2025.11.17 12:24:59,scan_skipped_same_execution_bar,USDJPY,2025.11.17 12:00:00,0,
2025.11.17 12:34:59,scan_executed_new_execution_bar,USDJPY,2025.11.17 12:15:00,0,
2025.11.17 12:39:59,scan_skipped_same_execution_bar,USDJPY,2025.11.17 12:15:00,0,
2025.11.17 12:49:59,scan_executed_new_execution_bar,USDJPY,2025.11.17 12:30:00,0,
2025.11.17 12:54:59,scan_skipped_same_execution_bar,USDJPY,2025.11.17 12:30:00,0,
2025.11.17 13:04:59,scan_executed_new_execution_bar,USDJPY,2025.11.17 12:45:00,16,
2025.11.17 13:09:59,scan_skipped_same_execution_bar,USDJPY,2025.11.17 12:45:00,0,
2025.11.17 13:19:59,scan_executed_new_execution_bar,USDJPY,2025.11.17 13:00:00,0,
2025.11.17 13:24:59,scan_skipped_same_execution_bar,USDJPY,2025.11.17 13:00:00,0,
2025.11.17 13:34:59,scan_executed_new_execution_bar,USDJPY,2025.11.17 13:15:00,0,
2025.11.17 13:39:59,scan_skipped_same_execution_bar,USDJPY,2025.11.17 13:15:00,0,
2025.11.17 13:49:59,scan_executed_new_execution_bar,USDJPY,2025.11.17 13:30:00,0,
2025.11.17 13:54:59,scan_skipped_same_execution_bar,USDJPY,2025.11.17 13:30:00,0,
2025.11.17 14:04:59,scan_executed_new_execution_bar,USDJPY,2025.11.17 13:45:00,0,
2025.11.17 14:09:59,scan_skipped_same_execution_bar,USDJPY,2025.11.17 13:45:00,0,
2025.11.17 14:19:59,scan_executed_new_execution_bar,USDJPY,2025.11.17 14:00:00,0,
2025.11.17 14:24:59,scan_skipped_same_execution_bar,USDJPY,2025.11.17 14:00:00,0,
2025.11.17 14:34:59,scan_executed_new_execution_bar,USDJPY,2025.11.17 14:15:00,0,
2025.11.17 14:39:59,scan_skipped_same_execution_bar,USDJPY,2025.11.17 14:15:00,0,
2025.11.17 14:50:00,scan_executed_new_execution_bar,USDJPY,2025.11.17 14:30:00,0,
2025.11.17 14:54:59,scan_skipped_same_execution_bar,USDJPY,2025.11.17 14:30:00,0,
2025.11.17 15:04:59,scan_executed_new_execution_bar,USDJPY,2025.11.17 14:45:00,0,
2025.11.17 15:09:59,scan_skipped_same_execution_bar,USDJPY,2025.11.17 14:45:00,0,
2025.11.17 15:19:59,scan_executed_new_execution_bar,USDJPY,2025.11.17 15:00:00,0,
2025.11.17 15:24:59,scan_skipped_same_execution_bar,USDJPY,2025.11.17 15:00:00,0,
2025.11.17 15:34:59,scan_executed_new_execution_bar,USDJPY,2025.11.17 15:15:00,0,
2025.11.17 15:39:59,scan_skipped_same_execution_bar,USDJPY,2025.11.17 15:15:00,0,
2025.11.17 15:49:59,scan_executed_new_execution_bar,USDJPY,2025.11.17 15:30:00,16,
2025.11.17 15:54:59,scan_skipped_same_execution_bar,USDJPY,2025.11.17 15:30:00,0,
2025.11.17 16:04:59,scan_executed_new_execution_bar,USDJPY,2025.11.17 15:45:00,15,
2025.11.17 16:09:59,scan_skipped_same_execution_bar,USDJPY,2025.11.17 15:45:00,0,
2025.11.17 16:19:59,scan_executed_new_execution_bar,USDJPY,2025.11.17 16:00:00,0,
2025.11.17 16:24:59,scan_skipped_same_execution_bar,USDJPY,2025.11.17 16:00:00,0,
2025.11.17 16:34:59,scan_executed_new_execution_bar,USDJPY,2025.11.17 16:15:00,15,
2025.11.17 16:39:59,scan_skipped_same_execution_bar,USDJPY,2025.11.17 16:15:00,0,
2025.11.17 16:49:59,scan_executed_new_execution_bar,USDJPY,2025.11.17 16:30:00,0,
2025.11.17 16:54:59,scan_skipped_same_execution_bar,USDJPY,2025.11.17 16:30:00,0,
2025.11.17 17:04:59,scan_executed_new_execution_bar,USDJPY,2025.11.17 16:45:00,0,
2025.11.17 17:09:59,scan_skipped_same_execution_bar,USDJPY,2025.11.17 16:45:00,0,
2025.11.17 17:19:59,scan_executed_new_execution_bar,USDJPY,2025.11.17 17:00:00,0,
2025.11.17 17:24:59,scan_skipped_same_execution_bar,USDJPY,2025.11.17 17:00:00,0,
2025.11.17 17:34:59,scan_executed_new_execution_bar,USDJPY,2025.11.17 17:15:00,0,
2025.11.17 17:40:00,scan_skipped_same_execution_bar,USDJPY,2025.11.17 17:15:00,0,
2025.11.17 17:50:00,scan_executed_new_execution_bar,USDJPY,2025.11.17 17:30:00,0,
2025.11.17 17:54:59,scan_skipped_same_execution_bar,USDJPY,2025.11.17 17:30:00,0,
2025.11.17 18:04:59,scan_executed_new_execution_bar,USDJPY,2025.11.17 17:45:00,32,
2025.11.17 18:09:59,scan_skipped_same_execution_bar,USDJPY,2025.11.17 17:45:00,0,
2025.11.17 18:19:59,scan_executed_new_execution_bar,USDJPY,2025.11.17 18:00:00,15,
2025.11.17 18:24:59,scan_skipped_same_execution_bar,USDJPY,2025.11.17 18:00:00,0,
2025.11.17 18:34:59,scan_executed_new_execution_bar,USDJPY,2025.11.17 18:15:00,0,
2025.11.17 18:39:59,scan_skipped_same_execution_bar,USDJPY,2025.11.17 18:15:00,0,
2025.11.17 18:49:59,scan_executed_new_execution_bar,USDJPY,2025.11.17 18:30:00,0,
2025.11.17 18:54:59,scan_skipped_same_execution_bar,USDJPY,2025.11.17 18:30:00,0,
2025.11.17 19:04:59,scan_executed_new_execution_bar,USDJPY,2025.11.17 18:45:00,0,
2025.11.17 19:10:00,scan_skipped_same_execution_bar,USDJPY,2025.11.17 18:45:00,0,
2025.11.17 19:20:00,scan_executed_new_execution_bar,USDJPY,2025.11.17 19:00:00,15,
2025.11.17 19:24:59,scan_skipped_same_execution_bar,USDJPY,2025.11.17 19:00:00,0,
2025.11.17 19:34:59,scan_executed_new_execution_bar,USDJPY,2025.11.17 19:15:00,16,
2025.11.17 19:39:59,scan_skipped_same_execution_bar,USDJPY,2025.11.17 19:15:00,0,
2025.11.17 19:49:59,scan_executed_new_execution_bar,USDJPY,2025.11.17 19:30:00,15,
2025.11.17 19:54:59,scan_skipped_same_execution_bar,USDJPY,2025.11.17 19:30:00,0,
2025.11.17 20:04:59,scan_executed_new_execution_bar,USDJPY,2025.11.17 19:45:00,15,
2025.11.17 20:09:59,scan_skipped_same_execution_bar,USDJPY,2025.11.17 19:45:00,0,
2025.11.17 20:19:59,scan_executed_new_execution_bar,USDJPY,2025.11.17 20:00:00,0,
2025.11.17 20:24:59,scan_skipped_same_execution_bar,USDJPY,2025.11.17 20:00:00,0,
2025.11.17 20:34:59,scan_executed_new_execution_bar,USDJPY,2025.11.17 20:15:00,31,
2025.11.17 20:39:59,scan_skipped_same_execution_bar,USDJPY,2025.11.17 20:15:00,0,
2025.11.17 20:49:59,scan_executed_new_execution_bar,USDJPY,2025.11.17 20:30:00,16,
2025.11.17 20:54:59,scan_skipped_same_execution_bar,USDJPY,2025.11.17 20:30:00,0,
2025.11.17 21:04:59,scan_executed_new_execution_bar,USDJPY,2025.11.17 20:45:00,0,
2025.11.17 21:09:59,scan_skipped_same_execution_bar,USDJPY,2025.11.17 20:45:00,0,
2025.11.17 21:19:59,scan_executed_new_execution_bar,USDJPY,2025.11.17 21:00:00,0,
2025.11.17 21:24:59,scan_skipped_same_execution_bar,USDJPY,2025.11.17 21:00:00,0,
2025.11.17 21:34:59,scan_executed_new_execution_bar,USDJPY,2025.11.17 21:15:00,0,
2025.11.17 21:39:59,scan_skipped_same_execution_bar,USDJPY,2025.11.17 21:15:00,0,
2025.11.17 21:50:00,scan_executed_new_execution_bar,USDJPY,2025.11.17 21:30:00,0,
2025.11.17 21:54:59,scan_skipped_same_execution_bar,USDJPY,2025.11.17 21:30:00,0,
2025.11.17 22:04:59,scan_executed_new_execution_bar,USDJPY,2025.11.17 21:45:00,0,
2025.11.17 22:09:59,scan_skipped_same_execution_bar,USDJPY,2025.11.17 21:45:00,0,
2025.11.17 22:19:59,scan_executed_new_execution_bar,USDJPY,2025.11.17 22:00:00,15,
2025.11.17 22:24:59,scan_skipped_same_execution_bar,USDJPY,2025.11.17 22:00:00,0,
2025.11.17 22:34:59,scan_executed_new_execution_bar,USDJPY,2025.11.17 22:15:00,16,
2025.11.17 22:39:59,scan_skipped_same_execution_bar,USDJPY,2025.11.17 22:15:00,0,
2025.11.17 22:49:59,scan_executed_new_execution_bar,USDJPY,2025.11.17 22:30:00,0,
2025.11.17 22:54:59,scan_skipped_same_execution_bar,USDJPY,2025.11.17 22:30:00,0,
2025.11.17 23:04:59,scan_executed_new_execution_bar,USDJPY,2025.11.17 22:45:00,0,
2025.11.17 23:09:59,scan_skipped_same_execution_bar,USDJPY,2025.11.17 22:45:00,0,
2025.11.17 23:19:59,scan_executed_new_execution_bar,USDJPY,2025.11.17 23:00:00,0,
2025.11.17 23:24:59,scan_skipped_same_execution_bar,USDJPY,2025.11.17 23:00:00,0,
2025.11.17 23:34:59,scan_executed_new_execution_bar,USDJPY,2025.11.17 23:15:00,0,
2025.11.17 23:39:59,scan_skipped_same_execution_bar,USDJPY,2025.11.17 23:15:00,0,
2025.11.17 23:49:59,scan_executed_new_execution_bar,USDJPY,2025.11.17 23:30:00,0,
2025.11.17 23:54:59,scan_skipped_same_execution_bar,USDJPY,2025.11.17 23:30:00,0,
2025.11.18 00:04:58,scan_executed_new_execution_bar,USDJPY,2025.11.17 23:45:00,0,
2025.11.18 00:09:58,scan_skipped_same_execution_bar,USDJPY,2025.11.17 23:45:00,0,
2025.11.18 00:19:58,scan_executed_new_execution_bar,USDJPY,2025.11.18 00:00:00,0,
2025.11.18 00:24:58,scan_skipped_same_execution_bar,USDJPY,2025.11.18 00:00:00,0,
2025.11.18 00:34:59,scan_executed_new_execution_bar,USDJPY,2025.11.18 00:15:00,0,
2025.11.18 00:39:59,scan_skipped_same_execution_bar,USDJPY,2025.11.18 00:15:00,0,
2025.11.18 00:49:59,scan_executed_new_execution_bar,USDJPY,2025.11.18 00:30:00,0,
2025.11.18 00:54:59,scan_skipped_same_execution_bar,USDJPY,2025.11.18 00:30:00,0,
2025.11.18 01:04:59,scan_executed_new_execution_bar,USDJPY,2025.11.18 00:45:00,0,
2025.11.18 01:09:58,scan_skipped_same_execution_bar,USDJPY,2025.11.18 00:45:00,0,
2025.11.18 01:19:57,scan_executed_new_execution_bar,USDJPY,2025.11.18 01:00:00,0,
2025.11.18 01:24:58,scan_skipped_same_execution_bar,USDJPY,2025.11.18 01:00:00,0,
2025.11.18 01:34:57,scan_executed_new_execution_bar,USDJPY,2025.11.18 01:15:00,0,
2025.11.18 01:39:57,scan_skipped_same_execution_bar,USDJPY,2025.11.18 01:15:00,0,
2025.11.18 01:49:59,scan_executed_new_execution_bar,USDJPY,2025.11.18 01:30:00,0,
2025.11.18 01:54:57,scan_skipped_same_execution_bar,USDJPY,2025.11.18 01:30:00,0,
2025.11.18 02:04:59,scan_executed_new_execution_bar,USDJPY,2025.11.18 01:45:00,0,
2025.11.18 02:09:59,scan_skipped_same_execution_bar,USDJPY,2025.11.18 01:45:00,0,
2025.11.18 02:19:59,scan_executed_new_execution_bar,USDJPY,2025.11.18 02:00:00,0,
2025.11.18 02:24:59,scan_skipped_same_execution_bar,USDJPY,2025.11.18 02:00:00,0,
2025.11.18 02:34:59,scan_executed_new_execution_bar,USDJPY,2025.11.18 02:15:00,0,
2025.11.18 02:39:59,scan_skipped_same_execution_bar,USDJPY,2025.11.18 02:15:00,0,
2025.11.18 02:49:59,scan_executed_new_execution_bar,USDJPY,2025.11.18 02:30:00,0,
2025.11.18 02:54:59,scan_skipped_same_execution_bar,USDJPY,2025.11.18 02:30:00,0,
2025.11.18 03:04:59,scan_executed_new_execution_bar,USDJPY,2025.11.18 02:45:00,0,
2025.11.18 03:09:59,scan_skipped_same_execution_bar,USDJPY,2025.11.18 02:45:00,0,
2025.11.18 03:19:59,scan_executed_new_execution_bar,USDJPY,2025.11.18 03:00:00,0,
2025.11.18 03:24:59,scan_skipped_same_execution_bar,USDJPY,2025.11.18 03:00:00,0,
2025.11.18 03:34:59,scan_executed_new_execution_bar,USDJPY,2025.11.18 03:15:00,0,
2025.11.18 03:39:59,scan_skipped_same_execution_bar,USDJPY,2025.11.18 03:15:00,0,
2025.11.18 03:49:59,scan_executed_new_execution_bar,USDJPY,2025.11.18 03:30:00,15,
2025.11.18 03:54:59,scan_skipped_same_execution_bar,USDJPY,2025.11.18 03:30:00,0,
2025.11.18 04:04:59,scan_executed_new_execution_bar,USDJPY,2025.11.18 03:45:00,16,
2025.11.18 04:09:59,scan_skipped_same_execution_bar,USDJPY,2025.11.18 03:45:00,0,
2025.11.18 04:19:59,scan_executed_new_execution_bar,USDJPY,2025.11.18 04:00:00,31,
2025.11.18 04:24:59,scan_skipped_same_execution_bar,USDJPY,2025.11.18 04:00:00,0,
2025.11.18 04:34:59,scan_executed_new_execution_bar,USDJPY,2025.11.18 04:15:00,16,
2025.11.18 04:39:59,scan_skipped_same_execution_bar,USDJPY,2025.11.18 04:15:00,0,
2025.11.18 04:49:59,scan_executed_new_execution_bar,USDJPY,2025.11.18 04:30:00,0,
2025.11.18 04:54:59,scan_skipped_same_execution_bar,USDJPY,2025.11.18 04:30:00,0,
2025.11.18 05:04:59,scan_executed_new_execution_bar,USDJPY,2025.11.18 04:45:00,0,
2025.11.18 05:09:59,scan_skipped_same_execution_bar,USDJPY,2025.11.18 04:45:00,0,
2025.11.18 05:19:59,scan_executed_new_execution_bar,USDJPY,2025.11.18 05:00:00,0,
2025.11.18 05:24:59,scan_skipped_same_execution_bar,USDJPY,2025.11.18 05:00:00,0,
2025.11.18 05:34:59,scan_executed_new_execution_bar,USDJPY,2025.11.18 05:15:00,0,
2025.11.18 05:39:59,scan_skipped_same_execution_bar,USDJPY,2025.11.18 05:15:00,0,
2025.11.18 05:49:59,scan_executed_new_execution_bar,USDJPY,2025.11.18 05:30:00,0,
2025.11.18 05:54:59,scan_skipped_same_execution_bar,USDJPY,2025.11.18 05:30:00,0,
2025.11.18 06:04:59,scan_executed_new_execution_bar,USDJPY,2025.11.18 05:45:00,0,
2025.11.18 06:09:59,scan_skipped_same_execution_bar,USDJPY,2025.11.18 05:45:00,0,
2025.11.18 06:19:59,scan_executed_new_execution_bar,USDJPY,2025.11.18 06:00:00,16,
2025.11.18 06:24:59,scan_skipped_same_execution_bar,USDJPY,2025.11.18 06:00:00,0,
2025.11.18 06:34:59,scan_executed_new_execution_bar,USDJPY,2025.11.18 06:15:00,0,
2025.11.18 06:39:59,scan_skipped_same_execution_bar,USDJPY,2025.11.18 06:15:00,0,
2025.11.18 06:49:59,scan_executed_new_execution_bar,USDJPY,2025.11.18 06:30:00,31,
2025.11.18 06:54:59,scan_skipped_same_execution_bar,USDJPY,2025.11.18 06:30:00,0,
2025.11.18 07:04:59,scan_executed_new_execution_bar,USDJPY,2025.11.18 06:45:00,15,
2025.11.18 07:09:59,scan_skipped_same_execution_bar,USDJPY,2025.11.18 06:45:00,0,
2025.11.18 07:19:59,scan_executed_new_execution_bar,USDJPY,2025.11.18 07:00:00,0,
2025.11.18 07:24:59,scan_skipped_same_execution_bar,USDJPY,2025.11.18 07:00:00,0,
2025.11.18 07:34:59,scan_executed_new_execution_bar,USDJPY,2025.11.18 07:15:00,0,
2025.11.18 07:39:59,scan_skipped_same_execution_bar,USDJPY,2025.11.18 07:15:00,0,
2025.11.18 07:49:59,scan_executed_new_execution_bar,USDJPY,2025.11.18 07:30:00,0,
2025.11.18 07:54:59,scan_skipped_same_execution_bar,USDJPY,2025.11.18 07:30:00,0,
2025.11.18 08:04:59,scan_executed_new_execution_bar,USDJPY,2025.11.18 07:45:00,0,
2025.11.18 08:09:59,scan_skipped_same_execution_bar,USDJPY,2025.11.18 07:45:00,0,
2025.11.18 08:19:59,scan_executed_new_execution_bar,USDJPY,2025.11.18 08:00:00,0,
2025.11.18 08:24:59,scan_skipped_same_execution_bar,USDJPY,2025.11.18 08:00:00,0,
2025.11.18 08:34:59,scan_executed_new_execution_bar,USDJPY,2025.11.18 08:15:00,0,
2025.11.18 08:39:59,scan_skipped_same_execution_bar,USDJPY,2025.11.18 08:15:00,0,
2025.11.18 08:49:59,scan_executed_new_execution_bar,USDJPY,2025.11.18 08:30:00,0,
2025.11.18 08:54:59,scan_skipped_same_execution_bar,USDJPY,2025.11.18 08:30:00,0,
2025.11.18 09:04:59,scan_executed_new_execution_bar,USDJPY,2025.11.18 08:45:00,16,
2025.11.18 09:09:59,scan_skipped_same_execution_bar,USDJPY,2025.11.18 08:45:00,0,
2025.11.18 09:19:59,scan_executed_new_execution_bar,USDJPY,2025.11.18 09:00:00,0,
2025.11.18 09:24:59,scan_skipped_same_execution_bar,USDJPY,2025.11.18 09:00:00,0,
2025.11.18 09:35:00,scan_executed_new_execution_bar,USDJPY,2025.11.18 09:15:00,0,
2025.11.18 09:39:59,scan_skipped_same_execution_bar,USDJPY,2025.11.18 09:15:00,0,
2025.11.18 09:49:59,scan_executed_new_execution_bar,USDJPY,2025.11.18 09:30:00,0,
2025.11.18 09:54:59,scan_skipped_same_execution_bar,USDJPY,2025.11.18 09:30:00,0,
2025.11.18 10:04:59,scan_executed_new_execution_bar,USDJPY,2025.11.18 09:45:00,16,
2025.11.18 10:09:59,scan_skipped_same_execution_bar,USDJPY,2025.11.18 09:45:00,0,
2025.11.18 10:19:59,scan_executed_new_execution_bar,USDJPY,2025.11.18 10:00:00,0,
2025.11.18 10:24:59,scan_skipped_same_execution_bar,USDJPY,2025.11.18 10:00:00,0,
2025.11.18 10:34:59,scan_executed_new_execution_bar,USDJPY,2025.11.18 10:15:00,0,
2025.11.18 10:39:59,scan_skipped_same_execution_bar,USDJPY,2025.11.18 10:15:00,0,
2025.11.18 10:49:59,scan_executed_new_execution_bar,USDJPY,2025.11.18 10:30:00,15,
2025.11.18 10:54:59,scan_skipped_same_execution_bar,USDJPY,2025.11.18 10:30:00,0,
2025.11.18 11:04:59,scan_executed_new_execution_bar,USDJPY,2025.11.18 10:45:00,47,
2025.11.18 11:09:59,scan_skipped_same_execution_bar,USDJPY,2025.11.18 10:45:00,0,
2025.11.18 11:19:59,scan_executed_new_execution_bar,USDJPY,2025.11.18 11:00:00,0,
2025.11.18 11:24:59,scan_skipped_same_execution_bar,USDJPY,2025.11.18 11:00:00,0,
2025.11.18 11:34:59,scan_executed_new_execution_bar,USDJPY,2025.11.18 11:15:00,16,
2025.11.18 11:39:59,scan_skipped_same_execution_bar,USDJPY,2025.11.18 11:15:00,0,
2025.11.18 11:49:59,scan_executed_new_execution_bar,USDJPY,2025.11.18 11:30:00,0,
2025.11.18 11:54:59,scan_skipped_same_execution_bar,USDJPY,2025.11.18 11:30:00,0,
2025.11.18 12:04:59,scan_executed_new_execution_bar,USDJPY,2025.11.18 11:45:00,0,
2025.11.18 12:09:59,scan_skipped_same_execution_bar,USDJPY,2025.11.18 11:45:00,0,
2025.11.18 12:19:59,scan_executed_new_execution_bar,USDJPY,2025.11.18 12:00:00,32,
2025.11.18 12:24:59,scan_skipped_same_execution_bar,USDJPY,2025.11.18 12:00:00,0,
2025.11.18 12:34:59,scan_executed_new_execution_bar,USDJPY,2025.11.18 12:15:00,15,
2025.11.18 12:39:59,scan_skipped_same_execution_bar,USDJPY,2025.11.18 12:15:00,0,
2025.11.18 12:49:59,scan_executed_new_execution_bar,USDJPY,2025.11.18 12:30:00,0,
2025.11.18 12:54:59,scan_skipped_same_execution_bar,USDJPY,2025.11.18 12:30:00,0,
2025.11.18 13:04:59,scan_executed_new_execution_bar,USDJPY,2025.11.18 12:45:00,0,
2025.11.18 13:09:59,scan_skipped_same_execution_bar,USDJPY,2025.11.18 12:45:00,0,
2025.11.18 13:19:59,scan_executed_new_execution_bar,USDJPY,2025.11.18 13:00:00,0,
2025.11.18 13:24:59,scan_skipped_same_execution_bar,USDJPY,2025.11.18 13:00:00,0,
2025.11.18 13:34:59,scan_executed_new_execution_bar,USDJPY,2025.11.18 13:15:00,0,
2025.11.18 13:39:59,scan_skipped_same_execution_bar,USDJPY,2025.11.18 13:15:00,0,
2025.11.18 13:49:59,scan_executed_new_execution_bar,USDJPY,2025.11.18 13:30:00,0,
2025.11.18 13:54:59,scan_skipped_same_execution_bar,USDJPY,2025.11.18 13:30:00,0,
2025.11.18 14:04:59,scan_executed_new_execution_bar,USDJPY,2025.11.18 13:45:00,0,
2025.11.18 14:09:59,scan_skipped_same_execution_bar,USDJPY,2025.11.18 13:45:00,0,
2025.11.18 14:19:59,scan_executed_new_execution_bar,USDJPY,2025.11.18 14:00:00,16,
2025.11.18 14:24:59,scan_skipped_same_execution_bar,USDJPY,2025.11.18 14:00:00,0,
2025.11.18 14:34:59,scan_executed_new_execution_bar,USDJPY,2025.11.18 14:15:00,0,
2025.11.18 14:39:59,scan_skipped_same_execution_bar,USDJPY,2025.11.18 14:15:00,0,
2025.11.18 14:49:59,scan_executed_new_execution_bar,USDJPY,2025.11.18 14:30:00,16,
2025.11.18 14:54:59,scan_skipped_same_execution_bar,USDJPY,2025.11.18 14:30:00,0,
2025.11.18 15:05:00,scan_executed_new_execution_bar,USDJPY,2025.11.18 14:45:00,0,
2025.11.18 15:09:59,scan_skipped_same_execution_bar,USDJPY,2025.11.18 14:45:00,0,
2025.11.18 15:19:59,scan_executed_new_execution_bar,USDJPY,2025.11.18 15:00:00,0,
2025.11.18 15:24:59,scan_skipped_same_execution_bar,USDJPY,2025.11.18 15:00:00,0,
2025.11.18 15:34:59,scan_executed_new_execution_bar,USDJPY,2025.11.18 15:15:00,0,
2025.11.18 15:39:59,scan_skipped_same_execution_bar,USDJPY,2025.11.18 15:15:00,0,
2025.11.18 15:49:59,scan_executed_new_execution_bar,USDJPY,2025.11.18 15:30:00,0,
2025.11.18 15:54:59,scan_skipped_same_execution_bar,USDJPY,2025.11.18 15:30:00,0,
2025.11.18 16:04:59,scan_executed_new_execution_bar,USDJPY,2025.11.18 15:45:00,15,
2025.11.18 16:09:59,scan_skipped_same_execution_bar,USDJPY,2025.11.18 15:45:00,0,
2025.11.18 16:19:59,scan_executed_new_execution_bar,USDJPY,2025.11.18 16:00:00,0,
2025.11.18 16:24:59,scan_skipped_same_execution_bar,USDJPY,2025.11.18 16:00:00,0,
2025.11.18 16:34:59,scan_executed_new_execution_bar,USDJPY,2025.11.18 16:15:00,0,
2025.11.18 16:39:59,scan_skipped_same_execution_bar,USDJPY,2025.11.18 16:15:00,0,
2025.11.18 16:49:59,scan_executed_new_execution_bar,USDJPY,2025.11.18 16:30:00,0,
2025.11.18 16:54:59,scan_skipped_same_execution_bar,USDJPY,2025.11.18 16:30:00,0,
2025.11.18 17:04:59,scan_executed_new_execution_bar,USDJPY,2025.11.18 16:45:00,16,
2025.11.18 17:09:59,scan_skipped_same_execution_bar,USDJPY,2025.11.18 16:45:00,0,
2025.11.18 17:19:59,scan_executed_new_execution_bar,USDJPY,2025.11.18 17:00:00,15,
2025.11.18 17:24:59,scan_skipped_same_execution_bar,USDJPY,2025.11.18 17:00:00,0,
2025.11.18 17:34:59,scan_executed_new_execution_bar,USDJPY,2025.11.18 17:15:00,0,
2025.11.18 17:39:59,scan_skipped_same_execution_bar,USDJPY,2025.11.18 17:15:00,0,
2025.11.18 17:49:59,scan_executed_new_execution_bar,USDJPY,2025.11.18 17:30:00,16,
2025.11.18 17:54:59,scan_skipped_same_execution_bar,USDJPY,2025.11.18 17:30:00,0,
2025.11.18 18:04:59,scan_executed_new_execution_bar,USDJPY,2025.11.18 17:45:00,0,
2025.11.18 18:09:59,scan_skipped_same_execution_bar,USDJPY,2025.11.18 17:45:00,0,
2025.11.18 18:19:59,scan_executed_new_execution_bar,USDJPY,2025.11.18 18:00:00,16,
2025.11.18 18:24:59,scan_skipped_same_execution_bar,USDJPY,2025.11.18 18:00:00,0,
2025.11.18 18:34:59,scan_executed_new_execution_bar,USDJPY,2025.11.18 18:15:00,15,
2025.11.18 18:39:59,scan_skipped_same_execution_bar,USDJPY,2025.11.18 18:15:00,0,
2025.11.18 18:49:59,scan_executed_new_execution_bar,USDJPY,2025.11.18 18:30:00,16,
2025.11.18 18:54:59,scan_skipped_same_execution_bar,USDJPY,2025.11.18 18:30:00,0,
2025.11.18 19:04:59,scan_executed_new_execution_bar,USDJPY,2025.11.18 18:45:00,0,
2025.11.18 19:09:59,scan_skipped_same_execution_bar,USDJPY,2025.11.18 18:45:00,0,
2025.11.18 19:20:00,scan_executed_new_execution_bar,USDJPY,2025.11.18 19:00:00,0,
2025.11.18 19:24:59,scan_skipped_same_execution_bar,USDJPY,2025.11.18 19:00:00,0,
2025.11.18 19:34:59,scan_executed_new_execution_bar,USDJPY,2025.11.18 19:15:00,0,
2025.11.18 19:39:59,scan_skipped_same_execution_bar,USDJPY,2025.11.18 19:15:00,0,
2025.11.18 19:49:59,scan_executed_new_execution_bar,USDJPY,2025.11.18 19:30:00,0,
2025.11.18 19:54:59,scan_skipped_same_execution_bar,USDJPY,2025.11.18 19:30:00,0,
2025.11.18 20:04:59,scan_executed_new_execution_bar,USDJPY,2025.11.18 19:45:00,16,
2025.11.18 20:09:59,scan_skipped_same_execution_bar,USDJPY,2025.11.18 19:45:00,0,
2025.11.18 20:19:59,scan_executed_new_execution_bar,USDJPY,2025.11.18 20:00:00,0,
2025.11.18 20:24:59,scan_skipped_same_execution_bar,USDJPY,2025.11.18 20:00:00,0,
2025.11.18 20:34:59,scan_executed_new_execution_bar,USDJPY,2025.11.18 20:15:00,15,
2025.11.18 20:39:59,scan_skipped_same_execution_bar,USDJPY,2025.11.18 20:15:00,0,
2025.11.18 20:49:59,scan_executed_new_execution_bar,USDJPY,2025.11.18 20:30:00,15,
2025.11.18 20:54:59,scan_skipped_same_execution_bar,USDJPY,2025.11.18 20:30:00,0,
2025.11.18 21:04:59,scan_executed_new_execution_bar,USDJPY,2025.11.18 20:45:00,0,
2025.11.18 21:09:59,scan_skipped_same_execution_bar,USDJPY,2025.11.18 20:45:00,0,
2025.11.18 21:19:59,scan_executed_new_execution_bar,USDJPY,2025.11.18 21:00:00,15,
2025.11.18 21:24:59,scan_skipped_same_execution_bar,USDJPY,2025.11.18 21:00:00,0,
2025.11.18 21:35:00,scan_executed_new_execution_bar,USDJPY,2025.11.18 21:15:00,0,
2025.11.18 21:39:59,scan_skipped_same_execution_bar,USDJPY,2025.11.18 21:15:00,0,
2025.11.18 21:49:59,scan_executed_new_execution_bar,USDJPY,2025.11.18 21:30:00,0,
2025.11.18 21:54:59,scan_skipped_same_execution_bar,USDJPY,2025.11.18 21:30:00,0,
2025.11.18 22:04:59,scan_executed_new_execution_bar,USDJPY,2025.11.18 21:45:00,0,
2025.11.18 22:09:59,scan_skipped_same_execution_bar,USDJPY,2025.11.18 21:45:00,0,
2025.11.18 22:19:59,scan_executed_new_execution_bar,USDJPY,2025.11.18 22:00:00,15,
2025.11.18 22:24:59,scan_skipped_same_execution_bar,USDJPY,2025.11.18 22:00:00,0,
2025.11.18 22:34:59,scan_executed_new_execution_bar,USDJPY,2025.11.18 22:15:00,0,
2025.11.18 22:39:59,scan_skipped_same_execution_bar,USDJPY,2025.11.18 22:15:00,0,
2025.11.18 22:49:59,scan_executed_new_execution_bar,USDJPY,2025.11.18 22:30:00,0,
2025.11.18 22:54:59,scan_skipped_same_execution_bar,USDJPY,2025.11.18 22:30:00,0,
2025.11.18 23:04:59,scan_executed_new_execution_bar,USDJPY,2025.11.18 22:45:00,0,
2025.11.18 23:09:59,scan_skipped_same_execution_bar,USDJPY,2025.11.18 22:45:00,0,
2025.11.18 23:19:59,scan_executed_new_execution_bar,USDJPY,2025.11.18 23:00:00,0,
2025.11.18 23:24:59,scan_skipped_same_execution_bar,USDJPY,2025.11.18 23:00:00,0,
2025.11.18 23:34:59,scan_executed_new_execution_bar,USDJPY,2025.11.18 23:15:00,0,
2025.11.18 23:39:59,scan_skipped_same_execution_bar,USDJPY,2025.11.18 23:15:00,0,
2025.11.18 23:49:59,scan_executed_new_execution_bar,USDJPY,2025.11.18 23:30:00,0,
2025.11.18 23:55:00,scan_skipped_same_execution_bar,USDJPY,2025.11.18 23:30:00,0,
2025.11.19 00:04:59,scan_executed_new_execution_bar,USDJPY,2025.11.18 23:45:00,0,
2025.11.19 00:09:58,scan_skipped_same_execution_bar,USDJPY,2025.11.18 23:45:00,0,
2025.11.19 00:19:59,scan_executed_new_execution_bar,USDJPY,2025.11.19 00:00:00,0,
2025.11.19 00:24:59,scan_skipped_same_execution_bar,USDJPY,2025.11.19 00:00:00,0,
2025.11.19 00:34:59,scan_executed_new_execution_bar,USDJPY,2025.11.19 00:15:00,0,
2025.11.19 00:39:59,scan_skipped_same_execution_bar,USDJPY,2025.11.19 00:15:00,0,
2025.11.19 00:49:59,scan_executed_new_execution_bar,USDJPY,2025.11.19 00:30:00,0,
2025.11.19 00:54:59,scan_skipped_same_execution_bar,USDJPY,2025.11.19 00:30:00,0,
2025.11.19 01:04:55,scan_executed_new_execution_bar,USDJPY,2025.11.19 00:45:00,0,
2025.11.19 01:09:59,scan_skipped_same_execution_bar,USDJPY,2025.11.19 00:45:00,0,
2025.11.19 01:19:59,scan_executed_new_execution_bar,USDJPY,2025.11.19 01:00:00,0,
2025.11.19 01:25:00,scan_skipped_same_execution_bar,USDJPY,2025.11.19 01:00:00,0,
2025.11.19 01:34:58,scan_executed_new_execution_bar,USDJPY,2025.11.19 01:15:00,0,
2025.11.19 01:39:58,scan_skipped_same_execution_bar,USDJPY,2025.11.19 01:15:00,0,
2025.11.19 01:49:59,scan_executed_new_execution_bar,USDJPY,2025.11.19 01:30:00,0,
2025.11.19 01:54:59,scan_skipped_same_execution_bar,USDJPY,2025.11.19 01:30:00,0,
2025.11.19 02:04:59,scan_executed_new_execution_bar,USDJPY,2025.11.19 01:45:00,0,
2025.11.19 02:09:59,scan_skipped_same_execution_bar,USDJPY,2025.11.19 01:45:00,0,
2025.11.19 02:19:59,scan_executed_new_execution_bar,USDJPY,2025.11.19 02:00:00,0,
2025.11.19 02:24:59,scan_skipped_same_execution_bar,USDJPY,2025.11.19 02:00:00,0,
2025.11.19 02:34:59,scan_executed_new_execution_bar,USDJPY,2025.11.19 02:15:00,0,
2025.11.19 02:40:00,scan_skipped_same_execution_bar,USDJPY,2025.11.19 02:15:00,0,
2025.11.19 02:49:59,scan_executed_new_execution_bar,USDJPY,2025.11.19 02:30:00,0,
2025.11.19 02:54:59,scan_skipped_same_execution_bar,USDJPY,2025.11.19 02:30:00,0,
2025.11.19 03:04:59,scan_executed_new_execution_bar,USDJPY,2025.11.19 02:45:00,0,
2025.11.19 03:09:59,scan_skipped_same_execution_bar,USDJPY,2025.11.19 02:45:00,0,
2025.11.19 03:19:59,scan_executed_new_execution_bar,USDJPY,2025.11.19 03:00:00,0,
2025.11.19 03:24:59,scan_skipped_same_execution_bar,USDJPY,2025.11.19 03:00:00,0,
2025.11.19 03:34:59,scan_executed_new_execution_bar,USDJPY,2025.11.19 03:15:00,0,
2025.11.19 03:39:59,scan_skipped_same_execution_bar,USDJPY,2025.11.19 03:15:00,0,
2025.11.19 03:49:59,scan_executed_new_execution_bar,USDJPY,2025.11.19 03:30:00,0,
2025.11.19 03:54:59,scan_skipped_same_execution_bar,USDJPY,2025.11.19 03:30:00,0,
2025.11.19 04:04:59,scan_executed_new_execution_bar,USDJPY,2025.11.19 03:45:00,0,
2025.11.19 04:09:59,scan_skipped_same_execution_bar,USDJPY,2025.11.19 03:45:00,0,
2025.11.19 04:19:59,scan_executed_new_execution_bar,USDJPY,2025.11.19 04:00:00,0,
2025.11.19 04:24:59,scan_skipped_same_execution_bar,USDJPY,2025.11.19 04:00:00,0,
2025.11.19 04:34:59,scan_executed_new_execution_bar,USDJPY,2025.11.19 04:15:00,0,
2025.11.19 04:39:59,scan_skipped_same_execution_bar,USDJPY,2025.11.19 04:15:00,0,
2025.11.19 04:49:59,scan_executed_new_execution_bar,USDJPY,2025.11.19 04:30:00,0,
2025.11.19 04:54:59,scan_skipped_same_execution_bar,USDJPY,2025.11.19 04:30:00,0,
2025.11.19 05:04:59,scan_executed_new_execution_bar,USDJPY,2025.11.19 04:45:00,0,
2025.11.19 05:09:59,scan_skipped_same_execution_bar,USDJPY,2025.11.19 04:45:00,0,
2025.11.19 05:19:59,scan_executed_new_execution_bar,USDJPY,2025.11.19 05:00:00,0,
2025.11.19 05:24:59,scan_skipped_same_execution_bar,USDJPY,2025.11.19 05:00:00,0,
2025.11.19 05:34:59,scan_executed_new_execution_bar,USDJPY,2025.11.19 05:15:00,0,
2025.11.19 05:39:59,scan_skipped_same_execution_bar,USDJPY,2025.11.19 05:15:00,0,
2025.11.19 05:49:59,scan_executed_new_execution_bar,USDJPY,2025.11.19 05:30:00,0,
2025.11.19 05:54:59,scan_skipped_same_execution_bar,USDJPY,2025.11.19 05:30:00,0,
2025.11.19 06:04:59,scan_executed_new_execution_bar,USDJPY,2025.11.19 05:45:00,0,
2025.11.19 06:09:59,scan_skipped_same_execution_bar,USDJPY,2025.11.19 05:45:00,0,
2025.11.19 06:19:59,scan_executed_new_execution_bar,USDJPY,2025.11.19 06:00:00,16,
2025.11.19 06:24:59,scan_skipped_same_execution_bar,USDJPY,2025.11.19 06:00:00,0,
2025.11.19 06:34:59,scan_executed_new_execution_bar,USDJPY,2025.11.19 06:15:00,15,
2025.11.19 06:39:59,scan_skipped_same_execution_bar,USDJPY,2025.11.19 06:15:00,0,
2025.11.19 06:49:59,scan_executed_new_execution_bar,USDJPY,2025.11.19 06:30:00,0,
2025.11.19 06:54:59,scan_skipped_same_execution_bar,USDJPY,2025.11.19 06:30:00,0,
2025.11.19 07:04:59,scan_executed_new_execution_bar,USDJPY,2025.11.19 06:45:00,0,
2025.11.19 07:09:59,scan_skipped_same_execution_bar,USDJPY,2025.11.19 06:45:00,0,
2025.11.19 07:19:59,scan_executed_new_execution_bar,USDJPY,2025.11.19 07:00:00,0,
2025.11.19 07:24:59,scan_skipped_same_execution_bar,USDJPY,2025.11.19 07:00:00,0,
2025.11.19 07:34:59,scan_executed_new_execution_bar,USDJPY,2025.11.19 07:15:00,0,
2025.11.19 07:39:59,scan_skipped_same_execution_bar,USDJPY,2025.11.19 07:15:00,0,
2025.11.19 07:49:59,scan_executed_new_execution_bar,USDJPY,2025.11.19 07:30:00,0,
2025.11.19 07:54:59,scan_skipped_same_execution_bar,USDJPY,2025.11.19 07:30:00,0,
2025.11.19 08:04:59,scan_executed_new_execution_bar,USDJPY,2025.11.19 07:45:00,0,
2025.11.19 08:09:59,scan_skipped_same_execution_bar,USDJPY,2025.11.19 07:45:00,0,
2025.11.19 08:20:00,scan_executed_new_execution_bar,USDJPY,2025.11.19 08:00:00,0,
2025.11.19 08:24:59,scan_skipped_same_execution_bar,USDJPY,2025.11.19 08:00:00,0,
2025.11.19 08:34:59,scan_executed_new_execution_bar,USDJPY,2025.11.19 08:15:00,0,
2025.11.19 08:39:59,scan_skipped_same_execution_bar,USDJPY,2025.11.19 08:15:00,0,
2025.11.19 08:49:59,scan_executed_new_execution_bar,USDJPY,2025.11.19 08:30:00,16,
2025.11.19 08:54:59,scan_skipped_same_execution_bar,USDJPY,2025.11.19 08:30:00,0,
2025.11.19 09:04:59,scan_executed_new_execution_bar,USDJPY,2025.11.19 08:45:00,0,
2025.11.19 09:09:59,scan_skipped_same_execution_bar,USDJPY,2025.11.19 08:45:00,0,
2025.11.19 09:19:59,scan_executed_new_execution_bar,USDJPY,2025.11.19 09:00:00,16,
2025.11.19 09:24:59,scan_skipped_same_execution_bar,USDJPY,2025.11.19 09:00:00,0,
2025.11.19 09:34:59,scan_executed_new_execution_bar,USDJPY,2025.11.19 09:15:00,0,
2025.11.19 09:39:59,scan_skipped_same_execution_bar,USDJPY,2025.11.19 09:15:00,0,
2025.11.19 09:49:59,scan_executed_new_execution_bar,USDJPY,2025.11.19 09:30:00,0,
2025.11.19 09:54:59,scan_skipped_same_execution_bar,USDJPY,2025.11.19 09:30:00,0,
2025.11.19 10:04:59,scan_executed_new_execution_bar,USDJPY,2025.11.19 09:45:00,0,
2025.11.19 10:09:59,scan_skipped_same_execution_bar,USDJPY,2025.11.19 09:45:00,0,
2025.11.19 10:19:59,scan_executed_new_execution_bar,USDJPY,2025.11.19 10:00:00,0,
2025.11.19 10:24:59,scan_skipped_same_execution_bar,USDJPY,2025.11.19 10:00:00,0,
2025.11.19 10:34:59,scan_executed_new_execution_bar,USDJPY,2025.11.19 10:15:00,0,
2025.11.19 10:39:59,scan_skipped_same_execution_bar,USDJPY,2025.11.19 10:15:00,0,
2025.11.19 10:49:59,scan_executed_new_execution_bar,USDJPY,2025.11.19 10:30:00,0,
2025.11.19 10:54:59,scan_skipped_same_execution_bar,USDJPY,2025.11.19 10:30:00,0,
2025.11.19 11:04:59,scan_executed_new_execution_bar,USDJPY,2025.11.19 10:45:00,0,
2025.11.19 11:09:59,scan_skipped_same_execution_bar,USDJPY,2025.11.19 10:45:00,0,
2025.11.19 11:19:59,scan_executed_new_execution_bar,USDJPY,2025.11.19 11:00:00,16,
2025.11.19 11:24:59,scan_skipped_same_execution_bar,USDJPY,2025.11.19 11:00:00,0,
2025.11.19 11:34:59,scan_executed_new_execution_bar,USDJPY,2025.11.19 11:15:00,0,
2025.11.19 11:39:59,scan_skipped_same_execution_bar,USDJPY,2025.11.19 11:15:00,0,
2025.11.19 11:49:59,scan_executed_new_execution_bar,USDJPY,2025.11.19 11:30:00,0,
2025.11.19 11:54:59,scan_skipped_same_execution_bar,USDJPY,2025.11.19 11:30:00,0,
2025.11.19 12:04:59,scan_executed_new_execution_bar,USDJPY,2025.11.19 11:45:00,0,
2025.11.19 12:09:59,scan_skipped_same_execution_bar,USDJPY,2025.11.19 11:45:00,0,
2025.11.19 12:19:59,scan_executed_new_execution_bar,USDJPY,2025.11.19 12:00:00,0,
2025.11.19 12:24:59,scan_skipped_same_execution_bar,USDJPY,2025.11.19 12:00:00,0,
2025.11.19 12:34:59,scan_executed_new_execution_bar,USDJPY,2025.11.19 12:15:00,16,
2025.11.19 12:39:59,scan_skipped_same_execution_bar,USDJPY,2025.11.19 12:15:00,0,
2025.11.19 12:49:59,scan_executed_new_execution_bar,USDJPY,2025.11.19 12:30:00,0,
2025.11.19 12:54:59,scan_skipped_same_execution_bar,USDJPY,2025.11.19 12:30:00,0,
2025.11.19 13:04:59,scan_executed_new_execution_bar,USDJPY,2025.11.19 12:45:00,0,
2025.11.19 13:09:59,scan_skipped_same_execution_bar,USDJPY,2025.11.19 12:45:00,0,
2025.11.19 13:19:59,scan_executed_new_execution_bar,USDJPY,2025.11.19 13:00:00,15,
2025.11.19 13:25:00,scan_skipped_same_execution_bar,USDJPY,2025.11.19 13:00:00,0,
2025.11.19 13:34:59,scan_executed_new_execution_bar,USDJPY,2025.11.19 13:15:00,0,
2025.11.19 13:39:59,scan_skipped_same_execution_bar,USDJPY,2025.11.19 13:15:00,0,
2025.11.19 13:45:00,scan_executed_new_execution_bar,USDJPY,2025.11.19 13:30:00,15,
2025.11.19 13:49:59,scan_skipped_same_execution_bar,USDJPY,2025.11.19 13:30:00,0,
2025.11.19 14:04:59,scan_executed_new_execution_bar,USDJPY,2025.11.19 13:45:00,16,
2025.11.19 14:09:59,scan_skipped_same_execution_bar,USDJPY,2025.11.19 13:45:00,0,
2025.11.19 14:19:59,scan_executed_new_execution_bar,USDJPY,2025.11.19 14:00:00,0,
2025.11.19 14:24:59,scan_skipped_same_execution_bar,USDJPY,2025.11.19 14:00:00,0,
2025.11.19 14:34:59,scan_executed_new_execution_bar,USDJPY,2025.11.19 14:15:00,0,
2025.11.19 14:39:59,scan_skipped_same_execution_bar,USDJPY,2025.11.19 14:15:00,0,
2025.11.19 14:49:59,scan_executed_new_execution_bar,USDJPY,2025.11.19 14:30:00,0,
2025.11.19 14:54:59,scan_skipped_same_execution_bar,USDJPY,2025.11.19 14:30:00,0,
2025.11.19 15:04:59,scan_executed_new_execution_bar,USDJPY,2025.11.19 14:45:00,0,
2025.11.19 15:09:59,scan_skipped_same_execution_bar,USDJPY,2025.11.19 14:45:00,0,
2025.11.19 15:19:59,scan_executed_new_execution_bar,USDJPY,2025.11.19 15:00:00,16,
2025.11.19 15:24:59,scan_skipped_same_execution_bar,USDJPY,2025.11.19 15:00:00,0,
2025.11.19 15:34:59,scan_executed_new_execution_bar,USDJPY,2025.11.19 15:15:00,0,
2025.11.19 15:39:59,scan_skipped_same_execution_bar,USDJPY,2025.11.19 15:15:00,0,
2025.11.19 15:49:59,scan_executed_new_execution_bar,USDJPY,2025.11.19 15:30:00,0,
2025.11.19 15:54:59,scan_skipped_same_execution_bar,USDJPY,2025.11.19 15:30:00,0,
2025.11.19 16:04:59,scan_executed_new_execution_bar,USDJPY,2025.11.19 15:45:00,0,
2025.11.19 16:09:59,scan_skipped_same_execution_bar,USDJPY,2025.11.19 15:45:00,0,
2025.11.19 16:19:59,scan_executed_new_execution_bar,USDJPY,2025.11.19 16:00:00,15,
2025.11.19 16:25:00,scan_skipped_same_execution_bar,USDJPY,2025.11.19 16:00:00,0,
2025.11.19 16:34:59,scan_executed_new_execution_bar,USDJPY,2025.11.19 16:15:00,0,
2025.11.19 16:39:59,scan_skipped_same_execution_bar,USDJPY,2025.11.19 16:15:00,0,
2025.11.19 16:49:59,scan_executed_new_execution_bar,USDJPY,2025.11.19 16:30:00,0,
2025.11.19 16:54:59,scan_skipped_same_execution_bar,USDJPY,2025.11.19 16:30:00,0,
2025.11.19 17:04:59,scan_executed_new_execution_bar,USDJPY,2025.11.19 16:45:00,0,
2025.11.19 17:09:59,scan_skipped_same_execution_bar,USDJPY,2025.11.19 16:45:00,0,
2025.11.19 17:19:59,scan_executed_new_execution_bar,USDJPY,2025.11.19 17:00:00,0,
2025.11.19 17:24:59,scan_skipped_same_execution_bar,USDJPY,2025.11.19 17:00:00,0,
2025.11.19 17:34:59,scan_executed_new_execution_bar,USDJPY,2025.11.19 17:15:00,0,
2025.11.19 17:39:59,scan_skipped_same_execution_bar,USDJPY,2025.11.19 17:15:00,0,
2025.11.19 17:49:59,scan_executed_new_execution_bar,USDJPY,2025.11.19 17:30:00,0,
2025.11.19 17:54:59,scan_skipped_same_execution_bar,USDJPY,2025.11.19 17:30:00,0,
2025.11.19 18:04:59,scan_executed_new_execution_bar,USDJPY,2025.11.19 17:45:00,16,
2025.11.19 18:09:59,scan_skipped_same_execution_bar,USDJPY,2025.11.19 17:45:00,0,
2025.11.19 18:19:59,scan_executed_new_execution_bar,USDJPY,2025.11.19 18:00:00,0,
2025.11.19 18:24:59,scan_skipped_same_execution_bar,USDJPY,2025.11.19 18:00:00,0,
2025.11.19 18:34:59,scan_executed_new_execution_bar,USDJPY,2025.11.19 18:15:00,0,
2025.11.19 18:39:59,scan_skipped_same_execution_bar,USDJPY,2025.11.19 18:15:00,0,
2025.11.19 18:49:59,scan_executed_new_execution_bar,USDJPY,2025.11.19 18:30:00,15,
2025.11.19 18:54:59,scan_skipped_same_execution_bar,USDJPY,2025.11.19 18:30:00,0,
2025.11.19 19:04:59,scan_executed_new_execution_bar,USDJPY,2025.11.19 18:45:00,0,
2025.11.19 19:09:59,scan_skipped_same_execution_bar,USDJPY,2025.11.19 18:45:00,0,
2025.11.19 19:19:59,scan_executed_new_execution_bar,USDJPY,2025.11.19 19:00:00,0,
2025.11.19 19:24:59,scan_skipped_same_execution_bar,USDJPY,2025.11.19 19:00:00,0,
2025.11.19 19:34:59,scan_executed_new_execution_bar,USDJPY,2025.11.19 19:15:00,0,
2025.11.19 19:39:59,scan_skipped_same_execution_bar,USDJPY,2025.11.19 19:15:00,0,
2025.11.19 19:49:59,scan_executed_new_execution_bar,USDJPY,2025.11.19 19:30:00,0,
2025.11.19 19:54:59,scan_skipped_same_execution_bar,USDJPY,2025.11.19 19:30:00,0,
2025.11.19 20:04:59,scan_executed_new_execution_bar,USDJPY,2025.11.19 19:45:00,15,
2025.11.19 20:09:59,scan_skipped_same_execution_bar,USDJPY,2025.11.19 19:45:00,0,
2025.11.19 20:19:59,scan_executed_new_execution_bar,USDJPY,2025.11.19 20:00:00,16,
2025.11.19 20:25:00,scan_skipped_same_execution_bar,USDJPY,2025.11.19 20:00:00,0,
2025.11.19 20:34:59,scan_executed_new_execution_bar,USDJPY,2025.11.19 20:15:00,0,
2025.11.19 20:39:59,scan_skipped_same_execution_bar,USDJPY,2025.11.19 20:15:00,0,
2025.11.19 20:50:00,scan_executed_new_execution_bar,USDJPY,2025.11.19 20:30:00,31,
2025.11.19 20:54:59,scan_skipped_same_execution_bar,USDJPY,2025.11.19 20:30:00,0,
2025.11.19 21:04:59,scan_executed_new_execution_bar,USDJPY,2025.11.19 20:45:00,0,
2025.11.19 21:09:59,scan_skipped_same_execution_bar,USDJPY,2025.11.19 20:45:00,0,
2025.11.19 21:19:59,scan_executed_new_execution_bar,USDJPY,2025.11.19 21:00:00,0,
2025.11.19 21:24:59,scan_skipped_same_execution_bar,USDJPY,2025.11.19 21:00:00,0,
2025.11.19 21:34:59,scan_executed_new_execution_bar,USDJPY,2025.11.19 21:15:00,0,
2025.11.19 21:39:59,scan_skipped_same_execution_bar,USDJPY,2025.11.19 21:15:00,0,
2025.11.19 21:49:59,scan_executed_new_execution_bar,USDJPY,2025.11.19 21:30:00,0,
2025.11.19 21:54:59,scan_skipped_same_execution_bar,USDJPY,2025.11.19 21:30:00,0,
2025.11.19 22:04:59,scan_executed_new_execution_bar,USDJPY,2025.11.19 21:45:00,0,
2025.11.19 22:10:00,scan_skipped_same_execution_bar,USDJPY,2025.11.19 21:45:00,0,
2025.11.19 22:19:59,scan_executed_new_execution_bar,USDJPY,2025.11.19 22:00:00,31,
2025.11.19 22:24:59,scan_skipped_same_execution_bar,USDJPY,2025.11.19 22:00:00,0,
2025.11.19 22:34:59,scan_executed_new_execution_bar,USDJPY,2025.11.19 22:15:00,0,
2025.11.19 22:39:59,scan_skipped_same_execution_bar,USDJPY,2025.11.19 22:15:00,0,
2025.11.19 22:49:59,scan_executed_new_execution_bar,USDJPY,2025.11.19 22:30:00,16,
2025.11.19 22:54:59,scan_skipped_same_execution_bar,USDJPY,2025.11.19 22:30:00,0,
2025.11.19 23:04:59,scan_executed_new_execution_bar,USDJPY,2025.11.19 22:45:00,31,
2025.11.19 23:09:58,scan_skipped_same_execution_bar,USDJPY,2025.11.19 22:45:00,0,
2025.11.19 23:19:59,scan_executed_new_execution_bar,USDJPY,2025.11.19 23:00:00,0,
2025.11.19 23:24:59,scan_skipped_same_execution_bar,USDJPY,2025.11.19 23:00:00,0,
2025.11.19 23:34:59,scan_executed_new_execution_bar,USDJPY,2025.11.19 23:15:00,0,
2025.11.19 23:39:59,scan_skipped_same_execution_bar,USDJPY,2025.11.19 23:15:00,0,
2025.11.19 23:49:59,scan_executed_new_execution_bar,USDJPY,2025.11.19 23:30:00,0,
2025.11.19 23:54:59,scan_skipped_same_execution_bar,USDJPY,2025.11.19 23:30:00,0,
2025.11.20 00:04:57,scan_executed_new_execution_bar,USDJPY,2025.11.19 23:45:00,0,
2025.11.20 00:09:58,scan_skipped_same_execution_bar,USDJPY,2025.11.19 23:45:00,0,
2025.11.20 00:19:58,scan_executed_new_execution_bar,USDJPY,2025.11.20 00:00:00,0,
2025.11.20 00:24:57,scan_skipped_same_execution_bar,USDJPY,2025.11.20 00:00:00,0,
2025.11.20 00:34:59,scan_executed_new_execution_bar,USDJPY,2025.11.20 00:15:00,0,
2025.11.20 00:39:54,scan_skipped_same_execution_bar,USDJPY,2025.11.20 00:15:00,0,
2025.11.20 00:49:57,scan_executed_new_execution_bar,USDJPY,2025.11.20 00:30:00,0,
2025.11.20 00:54:59,scan_skipped_same_execution_bar,USDJPY,2025.11.20 00:30:00,0,
2025.11.20 01:04:56,scan_executed_new_execution_bar,USDJPY,2025.11.20 00:45:00,15,
2025.11.20 01:09:59,scan_skipped_same_execution_bar,USDJPY,2025.11.20 00:45:00,0,
2025.11.20 01:19:55,scan_executed_new_execution_bar,USDJPY,2025.11.20 01:00:00,0,
2025.11.20 01:24:57,scan_skipped_same_execution_bar,USDJPY,2025.11.20 01:00:00,0,
2025.11.20 01:34:58,scan_executed_new_execution_bar,USDJPY,2025.11.20 01:15:00,0,
2025.11.20 01:39:58,scan_skipped_same_execution_bar,USDJPY,2025.11.20 01:15:00,0,
2025.11.20 01:49:59,scan_executed_new_execution_bar,USDJPY,2025.11.20 01:30:00,15,
2025.11.20 01:54:59,scan_skipped_same_execution_bar,USDJPY,2025.11.20 01:30:00,0,
2025.11.20 02:04:59,scan_executed_new_execution_bar,USDJPY,2025.11.20 01:45:00,0,
2025.11.20 02:09:59,scan_skipped_same_execution_bar,USDJPY,2025.11.20 01:45:00,0,
2025.11.20 02:19:59,scan_executed_new_execution_bar,USDJPY,2025.11.20 02:00:00,0,
2025.11.20 02:24:59,scan_skipped_same_execution_bar,USDJPY,2025.11.20 02:00:00,0,
2025.11.20 02:34:59,scan_executed_new_execution_bar,USDJPY,2025.11.20 02:15:00,0,
2025.11.20 02:39:59,scan_skipped_same_execution_bar,USDJPY,2025.11.20 02:15:00,0,
2025.11.20 02:49:59,scan_executed_new_execution_bar,USDJPY,2025.11.20 02:30:00,0,
2025.11.20 02:54:59,scan_skipped_same_execution_bar,USDJPY,2025.11.20 02:30:00,0,
2025.11.20 03:04:59,scan_executed_new_execution_bar,USDJPY,2025.11.20 02:45:00,31,
2025.11.20 03:09:59,scan_skipped_same_execution_bar,USDJPY,2025.11.20 02:45:00,0,
2025.11.20 03:19:58,scan_executed_new_execution_bar,USDJPY,2025.11.20 03:00:00,0,
2025.11.20 03:24:59,scan_skipped_same_execution_bar,USDJPY,2025.11.20 03:00:00,0,
2025.11.20 03:34:59,scan_executed_new_execution_bar,USDJPY,2025.11.20 03:15:00,0,
2025.11.20 03:39:59,scan_skipped_same_execution_bar,USDJPY,2025.11.20 03:15:00,0,
2025.11.20 03:49:59,scan_executed_new_execution_bar,USDJPY,2025.11.20 03:30:00,0,
2025.11.20 03:54:59,scan_skipped_same_execution_bar,USDJPY,2025.11.20 03:30:00,0,
2025.11.20 04:04:59,scan_executed_new_execution_bar,USDJPY,2025.11.20 03:45:00,0,
2025.11.20 04:09:59,scan_skipped_same_execution_bar,USDJPY,2025.11.20 03:45:00,0,
2025.11.20 04:19:59,scan_executed_new_execution_bar,USDJPY,2025.11.20 04:00:00,0,
2025.11.20 04:24:59,scan_skipped_same_execution_bar,USDJPY,2025.11.20 04:00:00,0,
2025.11.20 04:34:59,scan_executed_new_execution_bar,USDJPY,2025.11.20 04:15:00,0,
2025.11.20 04:39:59,scan_skipped_same_execution_bar,USDJPY,2025.11.20 04:15:00,0,
2025.11.20 04:49:59,scan_executed_new_execution_bar,USDJPY,2025.11.20 04:30:00,16,
2025.11.20 04:54:59,scan_skipped_same_execution_bar,USDJPY,2025.11.20 04:30:00,0,
2025.11.20 05:04:59,scan_executed_new_execution_bar,USDJPY,2025.11.20 04:45:00,15,
2025.11.20 05:09:59,scan_skipped_same_execution_bar,USDJPY,2025.11.20 04:45:00,0,
2025.11.20 05:19:59,scan_executed_new_execution_bar,USDJPY,2025.11.20 05:00:00,0,
2025.11.20 05:24:59,scan_skipped_same_execution_bar,USDJPY,2025.11.20 05:00:00,0,
2025.11.20 05:34:59,scan_executed_new_execution_bar,USDJPY,2025.11.20 05:15:00,31,
2025.11.20 05:39:59,scan_skipped_same_execution_bar,USDJPY,2025.11.20 05:15:00,0,
2025.11.20 05:49:59,scan_executed_new_execution_bar,USDJPY,2025.11.20 05:30:00,0,
2025.11.20 05:54:59,scan_skipped_same_execution_bar,USDJPY,2025.11.20 05:30:00,0,
2025.11.20 06:04:59,scan_executed_new_execution_bar,USDJPY,2025.11.20 05:45:00,0,
2025.11.20 06:09:59,scan_skipped_same_execution_bar,USDJPY,2025.11.20 05:45:00,0,
2025.11.20 06:19:59,scan_executed_new_execution_bar,USDJPY,2025.11.20 06:00:00,16,
2025.11.20 06:24:59,scan_skipped_same_execution_bar,USDJPY,2025.11.20 06:00:00,0,
2025.11.20 06:34:59,scan_executed_new_execution_bar,USDJPY,2025.11.20 06:15:00,0,
2025.11.20 06:39:59,scan_skipped_same_execution_bar,USDJPY,2025.11.20 06:15:00,0,
2025.11.20 06:49:59,scan_executed_new_execution_bar,USDJPY,2025.11.20 06:30:00,0,
2025.11.20 06:54:59,scan_skipped_same_execution_bar,USDJPY,2025.11.20 06:30:00,0,
2025.11.20 07:04:59,scan_executed_new_execution_bar,USDJPY,2025.11.20 06:45:00,0,
2025.11.20 07:09:59,scan_skipped_same_execution_bar,USDJPY,2025.11.20 06:45:00,0,
2025.11.20 07:19:59,scan_executed_new_execution_bar,USDJPY,2025.11.20 07:00:00,0,
2025.11.20 07:24:59,scan_skipped_same_execution_bar,USDJPY,2025.11.20 07:00:00,0,
2025.11.20 07:34:59,scan_executed_new_execution_bar,USDJPY,2025.11.20 07:15:00,0,
2025.11.20 07:39:59,scan_skipped_same_execution_bar,USDJPY,2025.11.20 07:15:00,0,
2025.11.20 07:49:59,scan_executed_new_execution_bar,USDJPY,2025.11.20 07:30:00,0,
2025.11.20 07:54:59,scan_skipped_same_execution_bar,USDJPY,2025.11.20 07:30:00,0,
2025.11.20 08:04:59,scan_executed_new_execution_bar,USDJPY,2025.11.20 07:45:00,0,
2025.11.20 08:09:59,scan_skipped_same_execution_bar,USDJPY,2025.11.20 07:45:00,0,
2025.11.20 08:19:59,scan_executed_new_execution_bar,USDJPY,2025.11.20 08:00:00,0,
2025.11.20 08:24:59,scan_skipped_same_execution_bar,USDJPY,2025.11.20 08:00:00,0,
2025.11.20 08:34:59,scan_executed_new_execution_bar,USDJPY,2025.11.20 08:15:00,0,
2025.11.20 08:39:59,scan_skipped_same_execution_bar,USDJPY,2025.11.20 08:15:00,0,
2025.11.20 08:49:59,scan_executed_new_execution_bar,USDJPY,2025.11.20 08:30:00,0,
2025.11.20 08:54:59,scan_skipped_same_execution_bar,USDJPY,2025.11.20 08:30:00,0,
2025.11.20 09:04:59,scan_executed_new_execution_bar,USDJPY,2025.11.20 08:45:00,0,
2025.11.20 09:09:59,scan_skipped_same_execution_bar,USDJPY,2025.11.20 08:45:00,0,
2025.11.20 09:19:59,scan_executed_new_execution_bar,USDJPY,2025.11.20 09:00:00,0,
2025.11.20 09:24:59,scan_skipped_same_execution_bar,USDJPY,2025.11.20 09:00:00,0,
2025.11.20 09:34:59,scan_executed_new_execution_bar,USDJPY,2025.11.20 09:15:00,0,
2025.11.20 09:39:59,scan_skipped_same_execution_bar,USDJPY,2025.11.20 09:15:00,0,
2025.11.20 09:49:59,scan_executed_new_execution_bar,USDJPY,2025.11.20 09:30:00,0,
2025.11.20 09:54:59,scan_skipped_same_execution_bar,USDJPY,2025.11.20 09:30:00,0,
2025.11.20 10:04:59,scan_executed_new_execution_bar,USDJPY,2025.11.20 09:45:00,0,
2025.11.20 10:09:59,scan_skipped_same_execution_bar,USDJPY,2025.11.20 09:45:00,0,
2025.11.20 10:19:59,scan_executed_new_execution_bar,USDJPY,2025.11.20 10:00:00,0,
2025.11.20 10:24:59,scan_skipped_same_execution_bar,USDJPY,2025.11.20 10:00:00,0,
2025.11.20 10:34:59,scan_executed_new_execution_bar,USDJPY,2025.11.20 10:15:00,0,
2025.11.20 10:39:59,scan_skipped_same_execution_bar,USDJPY,2025.11.20 10:15:00,0,
2025.11.20 10:49:59,scan_executed_new_execution_bar,USDJPY,2025.11.20 10:30:00,0,
2025.11.20 10:54:59,scan_skipped_same_execution_bar,USDJPY,2025.11.20 10:30:00,0,
2025.11.20 11:04:59,scan_executed_new_execution_bar,USDJPY,2025.11.20 10:45:00,15,
2025.11.20 11:09:59,scan_skipped_same_execution_bar,USDJPY,2025.11.20 10:45:00,0,
2025.11.20 11:19:59,scan_executed_new_execution_bar,USDJPY,2025.11.20 11:00:00,31,
2025.11.20 11:24:59,scan_skipped_same_execution_bar,USDJPY,2025.11.20 11:00:00,0,
2025.11.20 11:34:59,scan_executed_new_execution_bar,USDJPY,2025.11.20 11:15:00,0,
2025.11.20 11:39:59,scan_skipped_same_execution_bar,USDJPY,2025.11.20 11:15:00,0,
2025.11.20 11:49:59,scan_executed_new_execution_bar,USDJPY,2025.11.20 11:30:00,0,
2025.11.20 11:54:59,scan_skipped_same_execution_bar,USDJPY,2025.11.20 11:30:00,0,
2025.11.20 12:04:59,scan_executed_new_execution_bar,USDJPY,2025.11.20 11:45:00,16,
2025.11.20 12:09:59,scan_skipped_same_execution_bar,USDJPY,2025.11.20 11:45:00,0,
2025.11.20 12:19:59,scan_executed_new_execution_bar,USDJPY,2025.11.20 12:00:00,0,
2025.11.20 12:24:59,scan_skipped_same_execution_bar,USDJPY,2025.11.20 12:00:00,0,
2025.11.20 12:34:59,scan_executed_new_execution_bar,USDJPY,2025.11.20 12:15:00,16,
2025.11.20 12:39:59,scan_skipped_same_execution_bar,USDJPY,2025.11.20 12:15:00,0,
2025.11.20 12:49:59,scan_executed_new_execution_bar,USDJPY,2025.11.20 12:30:00,0,
2025.11.20 12:54:59,scan_skipped_same_execution_bar,USDJPY,2025.11.20 12:30:00,0,
2025.11.20 13:04:59,scan_executed_new_execution_bar,USDJPY,2025.11.20 12:45:00,15,
2025.11.20 13:09:59,scan_skipped_same_execution_bar,USDJPY,2025.11.20 12:45:00,0,
2025.11.20 13:19:59,scan_executed_new_execution_bar,USDJPY,2025.11.20 13:00:00,0,
2025.11.20 13:24:59,scan_skipped_same_execution_bar,USDJPY,2025.11.20 13:00:00,0,
2025.11.20 13:34:59,scan_executed_new_execution_bar,USDJPY,2025.11.20 13:15:00,0,
2025.11.20 13:39:59,scan_skipped_same_execution_bar,USDJPY,2025.11.20 13:15:00,0,
2025.11.20 13:49:59,scan_executed_new_execution_bar,USDJPY,2025.11.20 13:30:00,0,
2025.11.20 13:54:59,scan_skipped_same_execution_bar,USDJPY,2025.11.20 13:30:00,0,
2025.11.20 14:04:59,scan_executed_new_execution_bar,USDJPY,2025.11.20 13:45:00,0,
2025.11.20 14:09:59,scan_skipped_same_execution_bar,USDJPY,2025.11.20 13:45:00,0,
2025.11.20 14:19:59,scan_executed_new_execution_bar,USDJPY,2025.11.20 14:00:00,0,
2025.11.20 14:24:59,scan_skipped_same_execution_bar,USDJPY,2025.11.20 14:00:00,0,
2025.11.20 14:34:59,scan_executed_new_execution_bar,USDJPY,2025.11.20 14:15:00,0,
2025.11.20 14:39:59,scan_skipped_same_execution_bar,USDJPY,2025.11.20 14:15:00,0,
2025.11.20 14:49:59,scan_executed_new_execution_bar,USDJPY,2025.11.20 14:30:00,0,
2025.11.20 14:54:59,scan_skipped_same_execution_bar,USDJPY,2025.11.20 14:30:00,0,
2025.11.20 15:04:59,scan_executed_new_execution_bar,USDJPY,2025.11.20 14:45:00,0,
2025.11.20 15:09:59,scan_skipped_same_execution_bar,USDJPY,2025.11.20 14:45:00,0,
2025.11.20 15:19:59,scan_executed_new_execution_bar,USDJPY,2025.11.20 15:00:00,0,
2025.11.20 15:24:59,scan_skipped_same_execution_bar,USDJPY,2025.11.20 15:00:00,0,
2025.11.20 15:34:59,scan_executed_new_execution_bar,USDJPY,2025.11.20 15:15:00,0,
2025.11.20 15:39:59,scan_skipped_same_execution_bar,USDJPY,2025.11.20 15:15:00,0,
2025.11.20 15:49:59,scan_executed_new_execution_bar,USDJPY,2025.11.20 15:30:00,15,
2025.11.20 15:54:59,scan_skipped_same_execution_bar,USDJPY,2025.11.20 15:30:00,0,
2025.11.20 16:04:59,scan_executed_new_execution_bar,USDJPY,2025.11.20 15:45:00,0,
2025.11.20 16:09:59,scan_skipped_same_execution_bar,USDJPY,2025.11.20 15:45:00,0,
2025.11.20 16:19:59,scan_executed_new_execution_bar,USDJPY,2025.11.20 16:00:00,15,
2025.11.20 16:24:59,scan_skipped_same_execution_bar,USDJPY,2025.11.20 16:00:00,0,
2025.11.20 16:34:59,scan_executed_new_execution_bar,USDJPY,2025.11.20 16:15:00,16,
2025.11.20 16:39:59,scan_skipped_same_execution_bar,USDJPY,2025.11.20 16:15:00,0,
2025.11.20 16:49:59,scan_executed_new_execution_bar,USDJPY,2025.11.20 16:30:00,0,
2025.11.20 16:54:59,scan_skipped_same_execution_bar,USDJPY,2025.11.20 16:30:00,0,
2025.11.20 17:04:59,scan_executed_new_execution_bar,USDJPY,2025.11.20 16:45:00,32,
2025.11.20 17:09:59,scan_skipped_same_execution_bar,USDJPY,2025.11.20 16:45:00,0,
2025.11.20 17:19:59,scan_executed_new_execution_bar,USDJPY,2025.11.20 17:00:00,0,
2025.11.20 17:24:59,scan_skipped_same_execution_bar,USDJPY,2025.11.20 17:00:00,0,
2025.11.20 17:34:59,scan_executed_new_execution_bar,USDJPY,2025.11.20 17:15:00,31,
2025.11.20 17:39:59,scan_skipped_same_execution_bar,USDJPY,2025.11.20 17:15:00,0,
2025.11.20 17:49:59,scan_executed_new_execution_bar,USDJPY,2025.11.20 17:30:00,16,
2025.11.20 17:54:59,scan_skipped_same_execution_bar,USDJPY,2025.11.20 17:30:00,0,
2025.11.20 18:04:59,scan_executed_new_execution_bar,USDJPY,2025.11.20 17:45:00,62,
2025.11.20 18:09:59,scan_skipped_same_execution_bar,USDJPY,2025.11.20 17:45:00,0,
2025.11.20 18:18:45,scan_executed_new_execution_bar,USDJPY,2025.11.20 18:00:00,0,
2025.11.20 18:23:59,scan_skipped_same_execution_bar,USDJPY,2025.11.20 18:00:00,0,
2025.11.20 18:34:59,scan_executed_new_execution_bar,USDJPY,2025.11.20 18:15:00,16,
2025.11.20 18:39:59,scan_skipped_same_execution_bar,USDJPY,2025.11.20 18:15:00,0,
2025.11.20 18:49:59,scan_executed_new_execution_bar,USDJPY,2025.11.20 18:30:00,0,
2025.11.20 18:54:59,scan_skipped_same_execution_bar,USDJPY,2025.11.20 18:30:00,0,
2025.11.20 19:04:59,scan_executed_new_execution_bar,USDJPY,2025.11.20 18:45:00,32,
2025.11.20 19:09:59,scan_skipped_same_execution_bar,USDJPY,2025.11.20 18:45:00,0,
2025.11.20 19:19:59,scan_executed_new_execution_bar,USDJPY,2025.11.20 19:00:00,0,
2025.11.20 19:25:00,scan_skipped_same_execution_bar,USDJPY,2025.11.20 19:00:00,0,
2025.11.20 19:34:59,scan_executed_new_execution_bar,USDJPY,2025.11.20 19:15:00,31,
2025.11.20 19:39:59,scan_skipped_same_execution_bar,USDJPY,2025.11.20 19:15:00,0,
2025.11.20 19:49:59,scan_executed_new_execution_bar,USDJPY,2025.11.20 19:30:00,0,
2025.11.20 19:54:59,scan_skipped_same_execution_bar,USDJPY,2025.11.20 19:30:00,0,
2025.11.20 20:04:59,scan_executed_new_execution_bar,USDJPY,2025.11.20 19:45:00,15,
2025.11.20 20:09:59,scan_skipped_same_execution_bar,USDJPY,2025.11.20 19:45:00,0,
2025.11.20 20:19:59,scan_executed_new_execution_bar,USDJPY,2025.11.20 20:00:00,0,
2025.11.20 20:24:59,scan_skipped_same_execution_bar,USDJPY,2025.11.20 20:00:00,0,
2025.11.20 20:34:59,scan_executed_new_execution_bar,USDJPY,2025.11.20 20:15:00,31,
2025.11.20 20:39:59,scan_skipped_same_execution_bar,USDJPY,2025.11.20 20:15:00,0,
2025.11.20 20:50:00,scan_executed_new_execution_bar,USDJPY,2025.11.20 20:30:00,0,
2025.11.20 20:54:59,scan_skipped_same_execution_bar,USDJPY,2025.11.20 20:30:00,0,
2025.11.20 21:04:59,scan_executed_new_execution_bar,USDJPY,2025.11.20 20:45:00,0,
2025.11.20 21:09:59,scan_skipped_same_execution_bar,USDJPY,2025.11.20 20:45:00,0,
2025.11.20 21:19:59,scan_executed_new_execution_bar,USDJPY,2025.11.20 21:00:00,16,
2025.11.20 21:25:00,scan_skipped_same_execution_bar,USDJPY,2025.11.20 21:00:00,0,
2025.11.20 21:34:59,scan_executed_new_execution_bar,USDJPY,2025.11.20 21:15:00,16,
2025.11.20 21:39:59,scan_skipped_same_execution_bar,USDJPY,2025.11.20 21:15:00,0,
2025.11.20 21:49:59,scan_executed_new_execution_bar,USDJPY,2025.11.20 21:30:00,0,
2025.11.20 21:54:59,scan_skipped_same_execution_bar,USDJPY,2025.11.20 21:30:00,0,
2025.11.20 22:04:59,scan_executed_new_execution_bar,USDJPY,2025.11.20 21:45:00,15,
2025.11.20 22:09:59,scan_skipped_same_execution_bar,USDJPY,2025.11.20 21:45:00,0,
2025.11.20 22:19:59,scan_executed_new_execution_bar,USDJPY,2025.11.20 22:00:00,0,
2025.11.20 22:24:59,scan_skipped_same_execution_bar,USDJPY,2025.11.20 22:00:00,0,
2025.11.20 22:34:59,scan_executed_new_execution_bar,USDJPY,2025.11.20 22:15:00,15,
2025.11.20 22:39:59,scan_skipped_same_execution_bar,USDJPY,2025.11.20 22:15:00,0,
2025.11.20 22:49:59,scan_executed_new_execution_bar,USDJPY,2025.11.20 22:30:00,0,
2025.11.20 22:54:59,scan_skipped_same_execution_bar,USDJPY,2025.11.20 22:30:00,0,
2025.11.20 23:04:59,scan_executed_new_execution_bar,USDJPY,2025.11.20 22:45:00,0,
2025.11.20 23:09:59,scan_skipped_same_execution_bar,USDJPY,2025.11.20 22:45:00,0,
2025.11.20 23:19:59,scan_executed_new_execution_bar,USDJPY,2025.11.20 23:00:00,15,
2025.11.20 23:24:59,scan_skipped_same_execution_bar,USDJPY,2025.11.20 23:00:00,0,
2025.11.20 23:34:59,scan_executed_new_execution_bar,USDJPY,2025.11.20 23:15:00,16,
2025.11.20 23:39:59,scan_skipped_same_execution_bar,USDJPY,2025.11.20 23:15:00,0,
2025.11.20 23:49:59,scan_executed_new_execution_bar,USDJPY,2025.11.20 23:30:00,0,
2025.11.20 23:54:59,scan_skipped_same_execution_bar,USDJPY,2025.11.20 23:30:00,0,
2025.11.21 00:04:57,scan_executed_new_execution_bar,USDJPY,2025.11.20 23:45:00,0,
2025.11.21 00:09:59,scan_skipped_same_execution_bar,USDJPY,2025.11.20 23:45:00,0,
2025.11.21 00:19:56,scan_executed_new_execution_bar,USDJPY,2025.11.21 00:00:00,0,
2025.11.21 00:24:59,scan_skipped_same_execution_bar,USDJPY,2025.11.21 00:00:00,0,
2025.11.21 00:34:59,scan_executed_new_execution_bar,USDJPY,2025.11.21 00:15:00,0,
2025.11.21 00:39:59,scan_skipped_same_execution_bar,USDJPY,2025.11.21 00:15:00,0,
2025.11.21 00:49:59,scan_executed_new_execution_bar,USDJPY,2025.11.21 00:30:00,16,
2025.11.21 00:54:59,scan_skipped_same_execution_bar,USDJPY,2025.11.21 00:30:00,0,
2025.11.21 01:04:59,scan_executed_new_execution_bar,USDJPY,2025.11.21 00:45:00,16,
2025.11.21 01:09:59,scan_skipped_same_execution_bar,USDJPY,2025.11.21 00:45:00,0,
2025.11.21 01:19:59,scan_executed_new_execution_bar,USDJPY,2025.11.21 01:00:00,0,
2025.11.21 01:24:58,scan_skipped_same_execution_bar,USDJPY,2025.11.21 01:00:00,0,
2025.11.21 01:34:58,scan_executed_new_execution_bar,USDJPY,2025.11.21 01:15:00,16,
2025.11.21 01:39:59,scan_skipped_same_execution_bar,USDJPY,2025.11.21 01:15:00,0,
2025.11.21 01:49:58,scan_executed_new_execution_bar,USDJPY,2025.11.21 01:30:00,0,
2025.11.21 01:54:59,scan_skipped_same_execution_bar,USDJPY,2025.11.21 01:30:00,0,
2025.11.21 02:04:59,scan_executed_new_execution_bar,USDJPY,2025.11.21 01:45:00,0,
2025.11.21 02:09:59,scan_skipped_same_execution_bar,USDJPY,2025.11.21 01:45:00,0,
2025.11.21 02:19:59,scan_executed_new_execution_bar,USDJPY,2025.11.21 02:00:00,0,
2025.11.21 02:24:58,scan_skipped_same_execution_bar,USDJPY,2025.11.21 02:00:00,0,
2025.11.21 02:34:59,scan_executed_new_execution_bar,USDJPY,2025.11.21 02:15:00,0,
2025.11.21 02:39:59,scan_skipped_same_execution_bar,USDJPY,2025.11.21 02:15:00,0,
2025.11.21 02:49:59,scan_executed_new_execution_bar,USDJPY,2025.11.21 02:30:00,0,
2025.11.21 02:54:59,scan_skipped_same_execution_bar,USDJPY,2025.11.21 02:30:00,0,
2025.11.21 03:04:59,scan_executed_new_execution_bar,USDJPY,2025.11.21 02:45:00,0,
2025.11.21 03:09:59,scan_skipped_same_execution_bar,USDJPY,2025.11.21 02:45:00,0,
2025.11.21 03:19:59,scan_executed_new_execution_bar,USDJPY,2025.11.21 03:00:00,0,
2025.11.21 03:24:59,scan_skipped_same_execution_bar,USDJPY,2025.11.21 03:00:00,0,
2025.11.21 03:34:59,scan_executed_new_execution_bar,USDJPY,2025.11.21 03:15:00,16,
2025.11.21 03:39:58,scan_skipped_same_execution_bar,USDJPY,2025.11.21 03:15:00,0,
2025.11.21 03:49:59,scan_executed_new_execution_bar,USDJPY,2025.11.21 03:30:00,0,
2025.11.21 03:54:59,scan_skipped_same_execution_bar,USDJPY,2025.11.21 03:30:00,0,
2025.11.21 04:04:59,scan_executed_new_execution_bar,USDJPY,2025.11.21 03:45:00,15,
2025.11.21 04:09:59,scan_skipped_same_execution_bar,USDJPY,2025.11.21 03:45:00,0,
2025.11.21 04:19:59,scan_executed_new_execution_bar,USDJPY,2025.11.21 04:00:00,16,
2025.11.21 04:25:00,scan_skipped_same_execution_bar,USDJPY,2025.11.21 04:00:00,0,
2025.11.21 04:34:59,scan_executed_new_execution_bar,USDJPY,2025.11.21 04:15:00,31,
2025.11.21 04:39:59,scan_skipped_same_execution_bar,USDJPY,2025.11.21 04:15:00,0,
2025.11.21 04:49:59,scan_executed_new_execution_bar,USDJPY,2025.11.21 04:30:00,16,
2025.11.21 04:54:58,scan_skipped_same_execution_bar,USDJPY,2025.11.21 04:30:00,0,
2025.11.21 05:05:00,scan_executed_new_execution_bar,USDJPY,2025.11.21 04:45:00,0,
2025.11.21 05:09:59,scan_skipped_same_execution_bar,USDJPY,2025.11.21 04:45:00,0,
2025.11.21 05:19:59,scan_executed_new_execution_bar,USDJPY,2025.11.21 05:00:00,0,
2025.11.21 05:24:59,scan_skipped_same_execution_bar,USDJPY,2025.11.21 05:00:00,0,
2025.11.21 05:34:59,scan_executed_new_execution_bar,USDJPY,2025.11.21 05:15:00,0,
2025.11.21 05:39:59,scan_skipped_same_execution_bar,USDJPY,2025.11.21 05:15:00,0,
2025.11.21 05:49:59,scan_executed_new_execution_bar,USDJPY,2025.11.21 05:30:00,16,
2025.11.21 05:54:58,scan_skipped_same_execution_bar,USDJPY,2025.11.21 05:30:00,0,
2025.11.21 06:04:59,scan_executed_new_execution_bar,USDJPY,2025.11.21 05:45:00,0,
2025.11.21 06:09:59,scan_skipped_same_execution_bar,USDJPY,2025.11.21 05:45:00,0,
2025.11.21 06:19:58,scan_executed_new_execution_bar,USDJPY,2025.11.21 06:00:00,0,
2025.11.21 06:24:59,scan_skipped_same_execution_bar,USDJPY,2025.11.21 06:00:00,0,
2025.11.21 06:34:59,scan_executed_new_execution_bar,USDJPY,2025.11.21 06:15:00,31,
2025.11.21 06:39:58,scan_skipped_same_execution_bar,USDJPY,2025.11.21 06:15:00,0,
2025.11.21 06:49:59,scan_executed_new_execution_bar,USDJPY,2025.11.21 06:30:00,0,
2025.11.21 06:54:59,scan_skipped_same_execution_bar,USDJPY,2025.11.21 06:30:00,0,
2025.11.21 07:04:59,scan_executed_new_execution_bar,USDJPY,2025.11.21 06:45:00,15,
2025.11.21 07:09:59,scan_skipped_same_execution_bar,USDJPY,2025.11.21 06:45:00,0,
2025.11.21 07:19:58,scan_executed_new_execution_bar,USDJPY,2025.11.21 07:00:00,0,
2025.11.21 07:24:59,scan_skipped_same_execution_bar,USDJPY,2025.11.21 07:00:00,0,
2025.11.21 07:34:59,scan_executed_new_execution_bar,USDJPY,2025.11.21 07:15:00,0,
2025.11.21 07:39:59,scan_skipped_same_execution_bar,USDJPY,2025.11.21 07:15:00,0,
2025.11.21 07:49:59,scan_executed_new_execution_bar,USDJPY,2025.11.21 07:30:00,0,
2025.11.21 07:54:58,scan_skipped_same_execution_bar,USDJPY,2025.11.21 07:30:00,0,
2025.11.21 08:04:59,scan_executed_new_execution_bar,USDJPY,2025.11.21 07:45:00,16,
2025.11.21 08:09:59,scan_skipped_same_execution_bar,USDJPY,2025.11.21 07:45:00,0,
2025.11.21 08:19:59,scan_executed_new_execution_bar,USDJPY,2025.11.21 08:00:00,0,
2025.11.21 08:24:59,scan_skipped_same_execution_bar,USDJPY,2025.11.21 08:00:00,0,
2025.11.21 08:34:59,scan_executed_new_execution_bar,USDJPY,2025.11.21 08:15:00,16,
2025.11.21 08:39:59,scan_skipped_same_execution_bar,USDJPY,2025.11.21 08:15:00,0,
2025.11.21 08:49:59,scan_executed_new_execution_bar,USDJPY,2025.11.21 08:30:00,15,
2025.11.21 08:54:59,scan_skipped_same_execution_bar,USDJPY,2025.11.21 08:30:00,0,
2025.11.21 09:04:59,scan_executed_new_execution_bar,USDJPY,2025.11.21 08:45:00,0,
2025.11.21 09:09:59,scan_skipped_same_execution_bar,USDJPY,2025.11.21 08:45:00,0,
2025.11.21 09:19:58,scan_executed_new_execution_bar,USDJPY,2025.11.21 09:00:00,0,
2025.11.21 09:24:59,scan_skipped_same_execution_bar,USDJPY,2025.11.21 09:00:00,0,
2025.11.21 09:34:59,scan_executed_new_execution_bar,USDJPY,2025.11.21 09:15:00,0,
2025.11.21 09:39:59,scan_skipped_same_execution_bar,USDJPY,2025.11.21 09:15:00,0,
2025.11.21 09:49:58,scan_executed_new_execution_bar,USDJPY,2025.11.21 09:30:00,0,
2025.11.21 09:54:59,scan_skipped_same_execution_bar,USDJPY,2025.11.21 09:30:00,0,
2025.11.21 10:04:59,scan_executed_new_execution_bar,USDJPY,2025.11.21 09:45:00,0,
2025.11.21 10:09:59,scan_skipped_same_execution_bar,USDJPY,2025.11.21 09:45:00,0,
2025.11.21 10:19:59,scan_executed_new_execution_bar,USDJPY,2025.11.21 10:00:00,46,
2025.11.21 10:24:59,scan_skipped_same_execution_bar,USDJPY,2025.11.21 10:00:00,0,
2025.11.21 10:34:59,scan_executed_new_execution_bar,USDJPY,2025.11.21 10:15:00,0,
2025.11.21 10:39:59,scan_skipped_same_execution_bar,USDJPY,2025.11.21 10:15:00,0,
2025.11.21 10:49:59,scan_executed_new_execution_bar,USDJPY,2025.11.21 10:30:00,0,
2025.11.21 10:54:59,scan_skipped_same_execution_bar,USDJPY,2025.11.21 10:30:00,0,
2025.11.21 11:04:59,scan_executed_new_execution_bar,USDJPY,2025.11.21 10:45:00,32,
2025.11.21 11:09:59,scan_skipped_same_execution_bar,USDJPY,2025.11.21 10:45:00,0,
2025.11.21 11:19:59,scan_executed_new_execution_bar,USDJPY,2025.11.21 11:00:00,31,
2025.11.21 11:24:59,scan_skipped_same_execution_bar,USDJPY,2025.11.21 11:00:00,0,
2025.11.21 11:34:59,scan_executed_new_execution_bar,USDJPY,2025.11.21 11:15:00,0,
2025.11.21 11:39:59,scan_skipped_same_execution_bar,USDJPY,2025.11.21 11:15:00,0,
2025.11.21 11:50:00,scan_executed_new_execution_bar,USDJPY,2025.11.21 11:30:00,16,
2025.11.21 11:54:59,scan_skipped_same_execution_bar,USDJPY,2025.11.21 11:30:00,0,
2025.11.21 12:04:59,scan_executed_new_execution_bar,USDJPY,2025.11.21 11:45:00,0,
2025.11.21 12:09:59,scan_skipped_same_execution_bar,USDJPY,2025.11.21 11:45:00,0,
2025.11.21 12:19:59,scan_executed_new_execution_bar,USDJPY,2025.11.21 12:00:00,0,
2025.11.21 12:24:59,scan_skipped_same_execution_bar,USDJPY,2025.11.21 12:00:00,0,
2025.11.21 12:34:59,scan_executed_new_execution_bar,USDJPY,2025.11.21 12:15:00,15,
2025.11.21 12:39:59,scan_skipped_same_execution_bar,USDJPY,2025.11.21 12:15:00,0,
2025.11.21 12:49:59,scan_executed_new_execution_bar,USDJPY,2025.11.21 12:30:00,62,
2025.11.21 12:54:59,scan_skipped_same_execution_bar,USDJPY,2025.11.21 12:30:00,0,
2025.11.21 13:04:59,scan_executed_new_execution_bar,USDJPY,2025.11.21 12:45:00,78,
2025.11.21 13:10:00,scan_skipped_same_execution_bar,USDJPY,2025.11.21 12:45:00,0,
2025.11.21 13:19:59,scan_executed_new_execution_bar,USDJPY,2025.11.21 13:00:00,47,
2025.11.21 13:24:59,scan_skipped_same_execution_bar,USDJPY,2025.11.21 13:00:00,0,
2025.11.21 13:34:59,scan_executed_new_execution_bar,USDJPY,2025.11.21 13:15:00,0,
2025.11.21 13:39:59,scan_skipped_same_execution_bar,USDJPY,2025.11.21 13:15:00,0,
2025.11.21 13:49:59,scan_executed_new_execution_bar,USDJPY,2025.11.21 13:30:00,0,
2025.11.21 13:54:59,scan_skipped_same_execution_bar,USDJPY,2025.11.21 13:30:00,0,
2025.11.21 14:04:59,scan_executed_new_execution_bar,USDJPY,2025.11.21 13:45:00,0,
2025.11.21 14:09:59,scan_skipped_same_execution_bar,USDJPY,2025.11.21 13:45:00,0,
2025.11.21 14:19:43,scan_executed_new_execution_bar,USDJPY,2025.11.21 14:00:00,0,
2025.11.21 14:24:59,scan_skipped_same_execution_bar,USDJPY,2025.11.21 14:00:00,0,
2025.11.21 14:34:59,scan_executed_new_execution_bar,USDJPY,2025.11.21 14:15:00,0,
2025.11.21 14:39:59,scan_skipped_same_execution_bar,USDJPY,2025.11.21 14:15:00,0,
2025.11.21 14:49:59,scan_executed_new_execution_bar,USDJPY,2025.11.21 14:30:00,47,
2025.11.21 14:54:59,scan_skipped_same_execution_bar,USDJPY,2025.11.21 14:30:00,0,
2025.11.21 15:04:59,scan_executed_new_execution_bar,USDJPY,2025.11.21 14:45:00,31,
2025.11.21 15:09:59,scan_skipped_same_execution_bar,USDJPY,2025.11.21 14:45:00,0,
2025.11.21 15:19:59,scan_executed_new_execution_bar,USDJPY,2025.11.21 15:00:00,0,
2025.11.21 15:25:00,scan_skipped_same_execution_bar,USDJPY,2025.11.21 15:00:00,0,
2025.11.21 15:35:00,scan_executed_new_execution_bar,USDJPY,2025.11.21 15:15:00,0,
2025.11.21 15:39:59,scan_skipped_same_execution_bar,USDJPY,2025.11.21 15:15:00,0,
2025.11.21 15:49:59,scan_executed_new_execution_bar,USDJPY,2025.11.21 15:30:00,16,
2025.11.21 15:54:59,scan_skipped_same_execution_bar,USDJPY,2025.11.21 15:30:00,0,
2025.11.21 16:04:59,scan_executed_new_execution_bar,USDJPY,2025.11.21 15:45:00,0,
2025.11.21 16:09:58,scan_skipped_same_execution_bar,USDJPY,2025.11.21 15:45:00,0,
2025.11.21 16:19:59,scan_executed_new_execution_bar,USDJPY,2025.11.21 16:00:00,0,
2025.11.21 16:24:59,scan_skipped_same_execution_bar,USDJPY,2025.11.21 16:00:00,0,
2025.11.21 16:34:59,scan_executed_new_execution_bar,USDJPY,2025.11.21 16:15:00,0,
2025.11.21 16:39:59,scan_skipped_same_execution_bar,USDJPY,2025.11.21 16:15:00,0,
2025.11.21 16:49:59,scan_executed_new_execution_bar,USDJPY,2025.11.21 16:30:00,0,
2025.11.21 16:54:59,scan_skipped_same_execution_bar,USDJPY,2025.11.21 16:30:00,0,
2025.11.21 17:04:59,scan_executed_new_execution_bar,USDJPY,2025.11.21 16:45:00,0,
2025.11.21 17:09:59,scan_skipped_same_execution_bar,USDJPY,2025.11.21 16:45:00,0,
2025.11.21 17:20:00,scan_executed_new_execution_bar,USDJPY,2025.11.21 17:00:00,0,
2025.11.21 17:24:59,scan_skipped_same_execution_bar,USDJPY,2025.11.21 17:00:00,0,
2025.11.21 17:34:59,scan_executed_new_execution_bar,USDJPY,2025.11.21 17:15:00,15,
2025.11.21 17:39:59,scan_skipped_same_execution_bar,USDJPY,2025.11.21 17:15:00,0,
2025.11.21 17:49:59,scan_executed_new_execution_bar,USDJPY,2025.11.21 17:30:00,16,
2025.11.21 17:54:59,scan_skipped_same_execution_bar,USDJPY,2025.11.21 17:30:00,0,
2025.11.21 18:04:59,scan_executed_new_execution_bar,USDJPY,2025.11.21 17:45:00,31,
2025.11.21 18:09:59,scan_skipped_same_execution_bar,USDJPY,2025.11.21 17:45:00,0,
2025.11.21 18:20:00,scan_executed_new_execution_bar,USDJPY,2025.11.21 18:00:00,0,
2025.11.21 18:24:59,scan_skipped_same_execution_bar,USDJPY,2025.11.21 18:00:00,0,
2025.11.21 18:34:59,scan_executed_new_execution_bar,USDJPY,2025.11.21 18:15:00,32,
2025.11.21 18:39:59,scan_skipped_same_execution_bar,USDJPY,2025.11.21 18:15:00,0,
2025.11.21 18:49:59,scan_executed_new_execution_bar,USDJPY,2025.11.21 18:30:00,0,
2025.11.21 18:54:59,scan_skipped_same_execution_bar,USDJPY,2025.11.21 18:30:00,0,
2025.11.21 19:04:59,scan_executed_new_execution_bar,USDJPY,2025.11.21 18:45:00,16,
2025.11.21 19:09:59,scan_skipped_same_execution_bar,USDJPY,2025.11.21 18:45:00,0,
2025.11.21 19:19:59,scan_executed_new_execution_bar,USDJPY,2025.11.21 19:00:00,31,
2025.11.21 19:24:59,scan_skipped_same_execution_bar,USDJPY,2025.11.21 19:00:00,0,
2025.11.21 19:34:59,scan_executed_new_execution_bar,USDJPY,2025.11.21 19:15:00,0,
2025.11.21 19:39:59,scan_skipped_same_execution_bar,USDJPY,2025.11.21 19:15:00,0,
2025.11.21 19:49:59,scan_executed_new_execution_bar,USDJPY,2025.11.21 19:30:00,0,
2025.11.21 19:54:59,scan_skipped_same_execution_bar,USDJPY,2025.11.21 19:30:00,0,
2025.11.21 20:04:59,scan_executed_new_execution_bar,USDJPY,2025.11.21 19:45:00,16,
2025.11.21 20:09:59,scan_skipped_same_execution_bar,USDJPY,2025.11.21 19:45:00,0,
2025.11.21 20:20:00,scan_executed_new_execution_bar,USDJPY,2025.11.21 20:00:00,15,
2025.11.21 20:24:59,scan_skipped_same_execution_bar,USDJPY,2025.11.21 20:00:00,0,
2025.11.21 20:34:59,scan_executed_new_execution_bar,USDJPY,2025.11.21 20:15:00,16,
2025.11.21 20:39:59,scan_skipped_same_execution_bar,USDJPY,2025.11.21 20:15:00,0,
2025.11.21 20:49:59,scan_executed_new_execution_bar,USDJPY,2025.11.21 20:30:00,0,
2025.11.21 20:54:59,scan_skipped_same_execution_bar,USDJPY,2025.11.21 20:30:00,0,
2025.11.21 21:04:59,scan_executed_new_execution_bar,USDJPY,2025.11.21 20:45:00,0,
2025.11.21 21:09:59,scan_skipped_same_execution_bar,USDJPY,2025.11.21 20:45:00,0,
2025.11.21 21:19:59,scan_executed_new_execution_bar,USDJPY,2025.11.21 21:00:00,0,
2025.11.21 21:25:00,scan_skipped_same_execution_bar,USDJPY,2025.11.21 21:00:00,0,
2025.11.21 21:34:59,scan_executed_new_execution_bar,USDJPY,2025.11.21 21:15:00,0,
2025.11.21 21:39:59,scan_skipped_same_execution_bar,USDJPY,2025.11.21 21:15:00,0,
2025.11.21 21:49:59,scan_executed_new_execution_bar,USDJPY,2025.11.21 21:30:00,0,
2025.11.21 21:54:59,scan_skipped_same_execution_bar,USDJPY,2025.11.21 21:30:00,0,
2025.11.21 22:04:59,scan_executed_new_execution_bar,USDJPY,2025.11.21 21:45:00,15,
2025.11.21 22:09:59,scan_skipped_same_execution_bar,USDJPY,2025.11.21 21:45:00,0,
2025.11.21 22:19:59,scan_executed_new_execution_bar,USDJPY,2025.11.21 22:00:00,0,
2025.11.21 22:24:56,scan_skipped_same_execution_bar,USDJPY,2025.11.21 22:00:00,0,
2025.11.21 22:34:59,scan_executed_new_execution_bar,USDJPY,2025.11.21 22:15:00,0,
2025.11.21 22:39:59,scan_skipped_same_execution_bar,USDJPY,2025.11.21 22:15:00,0,
2025.11.21 22:49:59,scan_executed_new_execution_bar,USDJPY,2025.11.21 22:30:00,0,
2025.11.21 22:55:00,scan_skipped_same_execution_bar,USDJPY,2025.11.21 22:30:00,0,
2025.11.21 23:04:59,scan_executed_new_execution_bar,USDJPY,2025.11.21 22:45:00,0,
2025.11.21 23:09:59,scan_skipped_same_execution_bar,USDJPY,2025.11.21 22:45:00,0,
2025.11.21 23:19:59,scan_executed_new_execution_bar,USDJPY,2025.11.21 23:00:00,0,
2025.11.21 23:24:59,scan_skipped_same_execution_bar,USDJPY,2025.11.21 23:00:00,0,
2025.11.21 23:34:59,scan_executed_new_execution_bar,USDJPY,2025.11.21 23:15:00,0,
2025.11.21 23:39:59,scan_skipped_same_execution_bar,USDJPY,2025.11.21 23:15:00,0,
2025.11.21 23:49:59,scan_executed_new_execution_bar,USDJPY,2025.11.21 23:30:00,0,
2025.11.21 23:54:59,scan_skipped_same_execution_bar,USDJPY,2025.11.21 23:30:00,0,
2025.11.24 00:04:42,scan_executed_new_execution_bar,USDJPY,2025.11.21 23:45:00,16,
2025.11.24 00:09:59,scan_skipped_same_execution_bar,USDJPY,2025.11.21 23:45:00,0,
2025.11.24 00:19:59,scan_executed_new_execution_bar,USDJPY,2025.11.24 00:00:00,0,
2025.11.24 00:24:58,scan_skipped_same_execution_bar,USDJPY,2025.11.24 00:00:00,0,
2025.11.24 00:34:59,scan_executed_new_execution_bar,USDJPY,2025.11.24 00:15:00,0,
2025.11.24 00:39:59,scan_skipped_same_execution_bar,USDJPY,2025.11.24 00:15:00,0,
2025.11.24 00:49:59,scan_executed_new_execution_bar,USDJPY,2025.11.24 00:30:00,0,
2025.11.24 00:54:58,scan_skipped_same_execution_bar,USDJPY,2025.11.24 00:30:00,0,
2025.11.24 01:04:59,scan_executed_new_execution_bar,USDJPY,2025.11.24 00:45:00,0,
2025.11.24 01:09:59,scan_skipped_same_execution_bar,USDJPY,2025.11.24 00:45:00,0,
2025.11.24 01:19:59,scan_executed_new_execution_bar,USDJPY,2025.11.24 01:00:00,0,
2025.11.24 01:24:59,scan_skipped_same_execution_bar,USDJPY,2025.11.24 01:00:00,0,
2025.11.24 01:35:00,scan_executed_new_execution_bar,USDJPY,2025.11.24 01:15:00,0,
2025.11.24 01:39:58,scan_skipped_same_execution_bar,USDJPY,2025.11.24 01:15:00,0,
2025.11.24 01:49:59,scan_executed_new_execution_bar,USDJPY,2025.11.24 01:30:00,0,
2025.11.24 01:54:59,scan_skipped_same_execution_bar,USDJPY,2025.11.24 01:30:00,0,
2025.11.24 02:04:59,scan_executed_new_execution_bar,USDJPY,2025.11.24 01:45:00,0,
2025.11.24 02:09:59,scan_skipped_same_execution_bar,USDJPY,2025.11.24 01:45:00,0,
2025.11.24 02:19:59,scan_executed_new_execution_bar,USDJPY,2025.11.24 02:00:00,16,
2025.11.24 02:24:59,scan_skipped_same_execution_bar,USDJPY,2025.11.24 02:00:00,0,
2025.11.24 02:34:59,scan_executed_new_execution_bar,USDJPY,2025.11.24 02:15:00,0,
2025.11.24 02:39:59,scan_skipped_same_execution_bar,USDJPY,2025.11.24 02:15:00,0,
2025.11.24 02:49:59,scan_executed_new_execution_bar,USDJPY,2025.11.24 02:30:00,0,
2025.11.24 02:54:59,scan_skipped_same_execution_bar,USDJPY,2025.11.24 02:30:00,0,
2025.11.24 03:04:59,scan_executed_new_execution_bar,USDJPY,2025.11.24 02:45:00,16,
2025.11.24 03:09:59,scan_skipped_same_execution_bar,USDJPY,2025.11.24 02:45:00,0,
2025.11.24 03:19:59,scan_executed_new_execution_bar,USDJPY,2025.11.24 03:00:00,15,
2025.11.24 03:24:59,scan_skipped_same_execution_bar,USDJPY,2025.11.24 03:00:00,0,
2025.11.24 03:34:59,scan_executed_new_execution_bar,USDJPY,2025.11.24 03:15:00,0,
2025.11.24 03:39:59,scan_skipped_same_execution_bar,USDJPY,2025.11.24 03:15:00,0,
2025.11.24 03:49:59,scan_executed_new_execution_bar,USDJPY,2025.11.24 03:30:00,16,
2025.11.24 03:54:59,scan_skipped_same_execution_bar,USDJPY,2025.11.24 03:30:00,0,
2025.11.24 04:04:59,scan_executed_new_execution_bar,USDJPY,2025.11.24 03:45:00,0,
2025.11.24 04:09:59,scan_skipped_same_execution_bar,USDJPY,2025.11.24 03:45:00,0,
2025.11.24 04:19:59,scan_executed_new_execution_bar,USDJPY,2025.11.24 04:00:00,0,
2025.11.24 04:24:59,scan_skipped_same_execution_bar,USDJPY,2025.11.24 04:00:00,0,
2025.11.24 04:34:59,scan_executed_new_execution_bar,USDJPY,2025.11.24 04:15:00,0,
2025.11.24 04:39:59,scan_skipped_same_execution_bar,USDJPY,2025.11.24 04:15:00,0,
2025.11.24 04:49:59,scan_executed_new_execution_bar,USDJPY,2025.11.24 04:30:00,15,
2025.11.24 04:54:59,scan_skipped_same_execution_bar,USDJPY,2025.11.24 04:30:00,0,
2025.11.24 05:04:59,scan_executed_new_execution_bar,USDJPY,2025.11.24 04:45:00,0,
2025.11.24 05:09:59,scan_skipped_same_execution_bar,USDJPY,2025.11.24 04:45:00,0,
2025.11.24 05:19:59,scan_executed_new_execution_bar,USDJPY,2025.11.24 05:00:00,0,
2025.11.24 05:24:59,scan_skipped_same_execution_bar,USDJPY,2025.11.24 05:00:00,0,
2025.11.24 05:34:59,scan_executed_new_execution_bar,USDJPY,2025.11.24 05:15:00,0,
2025.11.24 05:39:59,scan_skipped_same_execution_bar,USDJPY,2025.11.24 05:15:00,0,
2025.11.24 05:49:59,scan_executed_new_execution_bar,USDJPY,2025.11.24 05:30:00,0,
2025.11.24 05:54:59,scan_skipped_same_execution_bar,USDJPY,2025.11.24 05:30:00,0,
2025.11.24 06:04:59,scan_executed_new_execution_bar,USDJPY,2025.11.24 05:45:00,15,
2025.11.24 06:09:59,scan_skipped_same_execution_bar,USDJPY,2025.11.24 05:45:00,0,
2025.11.24 06:19:59,scan_executed_new_execution_bar,USDJPY,2025.11.24 06:00:00,0,
2025.11.24 06:24:59,scan_skipped_same_execution_bar,USDJPY,2025.11.24 06:00:00,0,
2025.11.24 06:34:59,scan_executed_new_execution_bar,USDJPY,2025.11.24 06:15:00,0,
2025.11.24 06:39:59,scan_skipped_same_execution_bar,USDJPY,2025.11.24 06:15:00,0,
2025.11.24 06:49:59,scan_executed_new_execution_bar,USDJPY,2025.11.24 06:30:00,0,
2025.11.24 06:54:59,scan_skipped_same_execution_bar,USDJPY,2025.11.24 06:30:00,0,
2025.11.24 07:04:59,scan_executed_new_execution_bar,USDJPY,2025.11.24 06:45:00,0,
2025.11.24 07:09:59,scan_skipped_same_execution_bar,USDJPY,2025.11.24 06:45:00,0,
2025.11.24 07:19:59,scan_executed_new_execution_bar,USDJPY,2025.11.24 07:00:00,0,
2025.11.24 07:24:59,scan_skipped_same_execution_bar,USDJPY,2025.11.24 07:00:00,0,
2025.11.24 07:34:59,scan_executed_new_execution_bar,USDJPY,2025.11.24 07:15:00,0,
2025.11.24 07:39:59,scan_skipped_same_execution_bar,USDJPY,2025.11.24 07:15:00,0,
2025.11.24 07:49:59,scan_executed_new_execution_bar,USDJPY,2025.11.24 07:30:00,0,
2025.11.24 07:54:59,scan_skipped_same_execution_bar,USDJPY,2025.11.24 07:30:00,0,
2025.11.24 08:04:59,scan_executed_new_execution_bar,USDJPY,2025.11.24 07:45:00,0,
2025.11.24 08:09:59,scan_skipped_same_execution_bar,USDJPY,2025.11.24 07:45:00,0,
2025.11.24 08:19:59,scan_executed_new_execution_bar,USDJPY,2025.11.24 08:00:00,0,
2025.11.24 08:24:59,scan_skipped_same_execution_bar,USDJPY,2025.11.24 08:00:00,0,
2025.11.24 08:34:59,scan_executed_new_execution_bar,USDJPY,2025.11.24 08:15:00,0,
2025.11.24 08:39:59,scan_skipped_same_execution_bar,USDJPY,2025.11.24 08:15:00,0,
2025.11.24 08:49:59,scan_executed_new_execution_bar,USDJPY,2025.11.24 08:30:00,0,
2025.11.24 08:54:59,scan_skipped_same_execution_bar,USDJPY,2025.11.24 08:30:00,0,
2025.11.24 09:04:59,scan_executed_new_execution_bar,USDJPY,2025.11.24 08:45:00,0,
2025.11.24 09:09:59,scan_skipped_same_execution_bar,USDJPY,2025.11.24 08:45:00,0,
2025.11.24 09:19:59,scan_executed_new_execution_bar,USDJPY,2025.11.24 09:00:00,0,
2025.11.24 09:24:59,scan_skipped_same_execution_bar,USDJPY,2025.11.24 09:00:00,0,
2025.11.24 09:34:59,scan_executed_new_execution_bar,USDJPY,2025.11.24 09:15:00,0,
2025.11.24 09:39:59,scan_skipped_same_execution_bar,USDJPY,2025.11.24 09:15:00,0,
2025.11.24 09:49:59,scan_executed_new_execution_bar,USDJPY,2025.11.24 09:30:00,0,
2025.11.24 09:54:59,scan_skipped_same_execution_bar,USDJPY,2025.11.24 09:30:00,0,
2025.11.24 10:04:59,scan_executed_new_execution_bar,USDJPY,2025.11.24 09:45:00,0,
2025.11.24 10:09:59,scan_skipped_same_execution_bar,USDJPY,2025.11.24 09:45:00,0,
2025.11.24 10:19:59,scan_executed_new_execution_bar,USDJPY,2025.11.24 10:00:00,0,
2025.11.24 10:24:59,scan_skipped_same_execution_bar,USDJPY,2025.11.24 10:00:00,0,
2025.11.24 10:34:59,scan_executed_new_execution_bar,USDJPY,2025.11.24 10:15:00,16,
2025.11.24 10:39:59,scan_skipped_same_execution_bar,USDJPY,2025.11.24 10:15:00,0,
2025.11.24 10:49:59,scan_executed_new_execution_bar,USDJPY,2025.11.24 10:30:00,0,
2025.11.24 10:54:59,scan_skipped_same_execution_bar,USDJPY,2025.11.24 10:30:00,0,
2025.11.24 11:04:59,scan_executed_new_execution_bar,USDJPY,2025.11.24 10:45:00,0,
2025.11.24 11:09:59,scan_skipped_same_execution_bar,USDJPY,2025.11.24 10:45:00,0,
2025.11.24 11:19:59,scan_executed_new_execution_bar,USDJPY,2025.11.24 11:00:00,15,
2025.11.24 11:24:59,scan_skipped_same_execution_bar,USDJPY,2025.11.24 11:00:00,0,
2025.11.24 11:34:59,scan_executed_new_execution_bar,USDJPY,2025.11.24 11:15:00,32,
2025.11.24 11:39:59,scan_skipped_same_execution_bar,USDJPY,2025.11.24 11:15:00,0,
2025.11.24 11:49:59,scan_executed_new_execution_bar,USDJPY,2025.11.24 11:30:00,0,
2025.11.24 11:54:59,scan_skipped_same_execution_bar,USDJPY,2025.11.24 11:30:00,0,
2025.11.24 12:04:59,scan_executed_new_execution_bar,USDJPY,2025.11.24 11:45:00,0,
2025.11.24 12:09:59,scan_skipped_same_execution_bar,USDJPY,2025.11.24 11:45:00,0,
2025.11.24 12:19:59,scan_executed_new_execution_bar,USDJPY,2025.11.24 12:00:00,0,
2025.11.24 12:24:59,scan_skipped_same_execution_bar,USDJPY,2025.11.24 12:00:00,0,
2025.11.24 12:34:59,scan_executed_new_execution_bar,USDJPY,2025.11.24 12:15:00,15,
2025.11.24 12:39:59,scan_skipped_same_execution_bar,USDJPY,2025.11.24 12:15:00,0,
2025.11.24 12:49:59,scan_executed_new_execution_bar,USDJPY,2025.11.24 12:30:00,16,
2025.11.24 12:54:59,scan_skipped_same_execution_bar,USDJPY,2025.11.24 12:30:00,0,
2025.11.24 13:04:59,scan_executed_new_execution_bar,USDJPY,2025.11.24 12:45:00,15,
2025.11.24 13:09:59,scan_skipped_same_execution_bar,USDJPY,2025.11.24 12:45:00,0,
2025.11.24 13:19:59,scan_executed_new_execution_bar,USDJPY,2025.11.24 13:00:00,0,
2025.11.24 13:24:59,scan_skipped_same_execution_bar,USDJPY,2025.11.24 13:00:00,0,
2025.11.24 13:34:59,scan_executed_new_execution_bar,USDJPY,2025.11.24 13:15:00,15,
2025.11.24 13:39:59,scan_skipped_same_execution_bar,USDJPY,2025.11.24 13:15:00,0,
2025.11.24 13:49:59,scan_executed_new_execution_bar,USDJPY,2025.11.24 13:30:00,0,
2025.11.24 13:54:59,scan_skipped_same_execution_bar,USDJPY,2025.11.24 13:30:00,0,
2025.11.24 14:04:59,scan_executed_new_execution_bar,USDJPY,2025.11.24 13:45:00,0,
2025.11.24 14:09:59,scan_skipped_same_execution_bar,USDJPY,2025.11.24 13:45:00,0,
2025.11.24 14:19:59,scan_executed_new_execution_bar,USDJPY,2025.11.24 14:00:00,0,
2025.11.24 14:24:59,scan_skipped_same_execution_bar,USDJPY,2025.11.24 14:00:00,0,
2025.11.24 14:34:59,scan_executed_new_execution_bar,USDJPY,2025.11.24 14:15:00,0,
2025.11.24 14:39:59,scan_skipped_same_execution_bar,USDJPY,2025.11.24 14:15:00,0,
2025.11.24 14:49:59,scan_executed_new_execution_bar,USDJPY,2025.11.24 14:30:00,0,
2025.11.24 14:54:59,scan_skipped_same_execution_bar,USDJPY,2025.11.24 14:30:00,0,
2025.11.24 15:04:59,scan_executed_new_execution_bar,USDJPY,2025.11.24 14:45:00,0,
2025.11.24 15:09:59,scan_skipped_same_execution_bar,USDJPY,2025.11.24 14:45:00,0,
2025.11.24 15:19:59,scan_executed_new_execution_bar,USDJPY,2025.11.24 15:00:00,0,
2025.11.24 15:24:59,scan_skipped_same_execution_bar,USDJPY,2025.11.24 15:00:00,0,
2025.11.24 15:34:59,scan_executed_new_execution_bar,USDJPY,2025.11.24 15:15:00,16,
2025.11.24 15:39:59,scan_skipped_same_execution_bar,USDJPY,2025.11.24 15:15:00,0,
2025.11.24 15:49:59,scan_executed_new_execution_bar,USDJPY,2025.11.24 15:30:00,31,
2025.11.24 15:54:59,scan_skipped_same_execution_bar,USDJPY,2025.11.24 15:30:00,0,
2025.11.24 16:04:59,scan_executed_new_execution_bar,USDJPY,2025.11.24 15:45:00,0,
2025.11.24 16:09:59,scan_skipped_same_execution_bar,USDJPY,2025.11.24 15:45:00,0,
2025.11.24 16:19:59,scan_executed_new_execution_bar,USDJPY,2025.11.24 16:00:00,0,
2025.11.24 16:24:59,scan_skipped_same_execution_bar,USDJPY,2025.11.24 16:00:00,0,
2025.11.24 16:34:59,scan_executed_new_execution_bar,USDJPY,2025.11.24 16:15:00,0,
2025.11.24 16:39:59,scan_skipped_same_execution_bar,USDJPY,2025.11.24 16:15:00,0,
2025.11.24 16:49:59,scan_executed_new_execution_bar,USDJPY,2025.11.24 16:30:00,0,
2025.11.24 16:54:59,scan_skipped_same_execution_bar,USDJPY,2025.11.24 16:30:00,0,
2025.11.24 17:04:59,scan_executed_new_execution_bar,USDJPY,2025.11.24 16:45:00,0,
2025.11.24 17:09:59,scan_skipped_same_execution_bar,USDJPY,2025.11.24 16:45:00,0,
2025.11.24 17:19:59,scan_executed_new_execution_bar,USDJPY,2025.11.24 17:00:00,0,
2025.11.24 17:24:59,scan_skipped_same_execution_bar,USDJPY,2025.11.24 17:00:00,0,
2025.11.24 17:34:59,scan_executed_new_execution_bar,USDJPY,2025.11.24 17:15:00,0,
2025.11.24 17:39:59,scan_skipped_same_execution_bar,USDJPY,2025.11.24 17:15:00,0,
2025.11.24 17:49:59,scan_executed_new_execution_bar,USDJPY,2025.11.24 17:30:00,16,
2025.11.24 17:54:59,scan_skipped_same_execution_bar,USDJPY,2025.11.24 17:30:00,0,
2025.11.24 18:04:59,scan_executed_new_execution_bar,USDJPY,2025.11.24 17:45:00,16,
2025.11.24 18:09:59,scan_skipped_same_execution_bar,USDJPY,2025.11.24 17:45:00,0,
2025.11.24 18:19:59,scan_executed_new_execution_bar,USDJPY,2025.11.24 18:00:00,16,
2025.11.24 18:24:59,scan_skipped_same_execution_bar,USDJPY,2025.11.24 18:00:00,0,
2025.11.24 18:34:59,scan_executed_new_execution_bar,USDJPY,2025.11.24 18:15:00,0,
2025.11.24 18:39:59,scan_skipped_same_execution_bar,USDJPY,2025.11.24 18:15:00,0,
2025.11.24 18:49:59,scan_executed_new_execution_bar,USDJPY,2025.11.24 18:30:00,0,
2025.11.24 18:54:59,scan_skipped_same_execution_bar,USDJPY,2025.11.24 18:30:00,0,
2025.11.24 19:04:59,scan_executed_new_execution_bar,USDJPY,2025.11.24 18:45:00,0,
2025.11.24 19:09:59,scan_skipped_same_execution_bar,USDJPY,2025.11.24 18:45:00,0,
2025.11.24 19:19:59,scan_executed_new_execution_bar,USDJPY,2025.11.24 19:00:00,0,
2025.11.24 19:25:00,scan_skipped_same_execution_bar,USDJPY,2025.11.24 19:00:00,0,
2025.11.24 19:34:59,scan_executed_new_execution_bar,USDJPY,2025.11.24 19:15:00,0,
2025.11.24 19:39:59,scan_skipped_same_execution_bar,USDJPY,2025.11.24 19:15:00,0,
2025.11.24 19:49:59,scan_executed_new_execution_bar,USDJPY,2025.11.24 19:30:00,32,
2025.11.24 19:54:59,scan_skipped_same_execution_bar,USDJPY,2025.11.24 19:30:00,0,
2025.11.24 20:04:59,scan_executed_new_execution_bar,USDJPY,2025.11.24 19:45:00,0,
2025.11.24 20:09:59,scan_skipped_same_execution_bar,USDJPY,2025.11.24 19:45:00,0,
2025.11.24 20:19:59,scan_executed_new_execution_bar,USDJPY,2025.11.24 20:00:00,0,
2025.11.24 20:24:59,scan_skipped_same_execution_bar,USDJPY,2025.11.24 20:00:00,0,
2025.11.24 20:34:59,scan_executed_new_execution_bar,USDJPY,2025.11.24 20:15:00,0,
2025.11.24 20:39:59,scan_skipped_same_execution_bar,USDJPY,2025.11.24 20:15:00,0,
2025.11.24 20:49:59,scan_executed_new_execution_bar,USDJPY,2025.11.24 20:30:00,0,
2025.11.24 20:54:59,scan_skipped_same_execution_bar,USDJPY,2025.11.24 20:30:00,0,
2025.11.24 21:04:59,scan_executed_new_execution_bar,USDJPY,2025.11.24 20:45:00,0,
2025.11.24 21:09:59,scan_skipped_same_execution_bar,USDJPY,2025.11.24 20:45:00,0,
2025.11.24 21:19:59,scan_executed_new_execution_bar,USDJPY,2025.11.24 21:00:00,16,
2025.11.24 21:24:59,scan_skipped_same_execution_bar,USDJPY,2025.11.24 21:00:00,0,
2025.11.24 21:34:59,scan_executed_new_execution_bar,USDJPY,2025.11.24 21:15:00,0,
2025.11.24 21:39:59,scan_skipped_same_execution_bar,USDJPY,2025.11.24 21:15:00,0,
2025.11.24 21:49:59,scan_executed_new_execution_bar,USDJPY,2025.11.24 21:30:00,15,
2025.11.24 21:54:59,scan_skipped_same_execution_bar,USDJPY,2025.11.24 21:30:00,0,
2025.11.24 22:04:59,scan_executed_new_execution_bar,USDJPY,2025.11.24 21:45:00,0,
2025.11.24 22:09:59,scan_skipped_same_execution_bar,USDJPY,2025.11.24 21:45:00,0,
2025.11.24 22:19:59,scan_executed_new_execution_bar,USDJPY,2025.11.24 22:00:00,0,
2025.11.24 22:24:59,scan_skipped_same_execution_bar,USDJPY,2025.11.24 22:00:00,0,
2025.11.24 22:34:59,scan_executed_new_execution_bar,USDJPY,2025.11.24 22:15:00,15,
2025.11.24 22:39:59,scan_skipped_same_execution_bar,USDJPY,2025.11.24 22:15:00,0,
2025.11.24 22:49:59,scan_executed_new_execution_bar,USDJPY,2025.11.24 22:30:00,0,
2025.11.24 22:54:59,scan_skipped_same_execution_bar,USDJPY,2025.11.24 22:30:00,0,
2025.11.24 23:04:59,scan_executed_new_execution_bar,USDJPY,2025.11.24 22:45:00,15,
2025.11.24 23:09:59,scan_skipped_same_execution_bar,USDJPY,2025.11.24 22:45:00,0,
2025.11.24 23:19:59,scan_executed_new_execution_bar,USDJPY,2025.11.24 23:00:00,0,
2025.11.24 23:24:59,scan_skipped_same_execution_bar,USDJPY,2025.11.24 23:00:00,0,
2025.11.24 23:34:58,scan_executed_new_execution_bar,USDJPY,2025.11.24 23:15:00,0,
2025.11.24 23:39:58,scan_skipped_same_execution_bar,USDJPY,2025.11.24 23:15:00,0,
2025.11.24 23:49:58,scan_executed_new_execution_bar,USDJPY,2025.11.24 23:30:00,0,
2025.11.24 23:54:59,scan_skipped_same_execution_bar,USDJPY,2025.11.24 23:30:00,0,
2025.11.25 00:04:53,scan_executed_new_execution_bar,USDJPY,2025.11.24 23:45:00,0,
2025.11.25 00:09:59,scan_skipped_same_execution_bar,USDJPY,2025.11.24 23:45:00,0,
2025.11.25 00:19:58,scan_executed_new_execution_bar,USDJPY,2025.11.25 00:00:00,0,
2025.11.25 00:24:59,scan_skipped_same_execution_bar,USDJPY,2025.11.25 00:00:00,0,
2025.11.25 00:34:00,scan_executed_new_execution_bar,USDJPY,2025.11.25 00:15:00,0,
2025.11.25 00:39:56,scan_skipped_same_execution_bar,USDJPY,2025.11.25 00:15:00,0,
2025.11.25 00:49:59,scan_executed_new_execution_bar,USDJPY,2025.11.25 00:30:00,0,
2025.11.25 00:54:59,scan_skipped_same_execution_bar,USDJPY,2025.11.25 00:30:00,0,
2025.11.25 01:04:59,scan_executed_new_execution_bar,USDJPY,2025.11.25 00:45:00,0,
2025.11.25 01:10:00,scan_skipped_same_execution_bar,USDJPY,2025.11.25 00:45:00,0,
2025.11.25 01:19:59,scan_executed_new_execution_bar,USDJPY,2025.11.25 01:00:00,0,
2025.11.25 01:25:00,scan_skipped_same_execution_bar,USDJPY,2025.11.25 01:00:00,0,
2025.11.25 01:34:54,scan_executed_new_execution_bar,USDJPY,2025.11.25 01:15:00,0,
2025.11.25 01:39:59,scan_skipped_same_execution_bar,USDJPY,2025.11.25 01:15:00,0,
2025.11.25 01:49:58,scan_executed_new_execution_bar,USDJPY,2025.11.25 01:30:00,0,
2025.11.25 01:54:57,scan_skipped_same_execution_bar,USDJPY,2025.11.25 01:30:00,0,
2025.11.25 02:04:59,scan_executed_new_execution_bar,USDJPY,2025.11.25 01:45:00,0,
2025.11.25 02:09:59,scan_skipped_same_execution_bar,USDJPY,2025.11.25 01:45:00,0,
2025.11.25 02:19:59,scan_executed_new_execution_bar,USDJPY,2025.11.25 02:00:00,0,
2025.11.25 02:24:59,scan_skipped_same_execution_bar,USDJPY,2025.11.25 02:00:00,0,
2025.11.25 02:34:59,scan_executed_new_execution_bar,USDJPY,2025.11.25 02:15:00,0,
2025.11.25 02:40:00,scan_skipped_same_execution_bar,USDJPY,2025.11.25 02:15:00,0,
2025.11.25 02:49:59,scan_executed_new_execution_bar,USDJPY,2025.11.25 02:30:00,0,
2025.11.25 02:54:59,scan_skipped_same_execution_bar,USDJPY,2025.11.25 02:30:00,0,
2025.11.25 03:04:59,scan_executed_new_execution_bar,USDJPY,2025.11.25 02:45:00,0,
2025.11.25 03:09:59,scan_skipped_same_execution_bar,USDJPY,2025.11.25 02:45:00,0,
2025.11.25 03:19:59,scan_executed_new_execution_bar,USDJPY,2025.11.25 03:00:00,0,
2025.11.25 03:24:59,scan_skipped_same_execution_bar,USDJPY,2025.11.25 03:00:00,0,
2025.11.25 03:34:59,scan_executed_new_execution_bar,USDJPY,2025.11.25 03:15:00,0,
2025.11.25 03:39:59,scan_skipped_same_execution_bar,USDJPY,2025.11.25 03:15:00,0,
2025.11.25 03:49:59,scan_executed_new_execution_bar,USDJPY,2025.11.25 03:30:00,0,
2025.11.25 03:54:59,scan_skipped_same_execution_bar,USDJPY,2025.11.25 03:30:00,0,
2025.11.25 04:04:59,scan_executed_new_execution_bar,USDJPY,2025.11.25 03:45:00,0,
2025.11.25 04:09:59,scan_skipped_same_execution_bar,USDJPY,2025.11.25 03:45:00,0,
2025.11.25 04:19:59,scan_executed_new_execution_bar,USDJPY,2025.11.25 04:00:00,0,
2025.11.25 04:24:59,scan_skipped_same_execution_bar,USDJPY,2025.11.25 04:00:00,0,
2025.11.25 04:34:59,scan_executed_new_execution_bar,USDJPY,2025.11.25 04:15:00,16,
2025.11.25 04:39:59,scan_skipped_same_execution_bar,USDJPY,2025.11.25 04:15:00,0,
2025.11.25 04:49:59,scan_executed_new_execution_bar,USDJPY,2025.11.25 04:30:00,31,
2025.11.25 04:54:59,scan_skipped_same_execution_bar,USDJPY,2025.11.25 04:30:00,0,
2025.11.25 05:04:59,scan_executed_new_execution_bar,USDJPY,2025.11.25 04:45:00,16,
2025.11.25 05:09:59,scan_skipped_same_execution_bar,USDJPY,2025.11.25 04:45:00,0,
2025.11.25 05:19:59,scan_executed_new_execution_bar,USDJPY,2025.11.25 05:00:00,16,
2025.11.25 05:24:59,scan_skipped_same_execution_bar,USDJPY,2025.11.25 05:00:00,0,
2025.11.25 05:34:59,scan_executed_new_execution_bar,USDJPY,2025.11.25 05:15:00,0,
2025.11.25 05:39:59,scan_skipped_same_execution_bar,USDJPY,2025.11.25 05:15:00,0,
2025.11.25 05:49:59,scan_executed_new_execution_bar,USDJPY,2025.11.25 05:30:00,16,
2025.11.25 05:54:59,scan_skipped_same_execution_bar,USDJPY,2025.11.25 05:30:00,0,
2025.11.25 06:04:59,scan_executed_new_execution_bar,USDJPY,2025.11.25 05:45:00,0,
2025.11.25 06:09:59,scan_skipped_same_execution_bar,USDJPY,2025.11.25 05:45:00,0,
2025.11.25 06:19:59,scan_executed_new_execution_bar,USDJPY,2025.11.25 06:00:00,0,
2025.11.25 06:24:59,scan_skipped_same_execution_bar,USDJPY,2025.11.25 06:00:00,0,
2025.11.25 06:34:59,scan_executed_new_execution_bar,USDJPY,2025.11.25 06:15:00,0,
2025.11.25 06:39:59,scan_skipped_same_execution_bar,USDJPY,2025.11.25 06:15:00,0,
2025.11.25 06:49:59,scan_executed_new_execution_bar,USDJPY,2025.11.25 06:30:00,0,
2025.11.25 06:54:59,scan_skipped_same_execution_bar,USDJPY,2025.11.25 06:30:00,0,
2025.11.25 07:04:59,scan_executed_new_execution_bar,USDJPY,2025.11.25 06:45:00,0,
2025.11.25 07:09:59,scan_skipped_same_execution_bar,USDJPY,2025.11.25 06:45:00,0,
2025.11.25 07:19:59,scan_executed_new_execution_bar,USDJPY,2025.11.25 07:00:00,0,
2025.11.25 07:24:59,scan_skipped_same_execution_bar,USDJPY,2025.11.25 07:00:00,0,
2025.11.25 07:34:59,scan_executed_new_execution_bar,USDJPY,2025.11.25 07:15:00,0,
2025.11.25 07:39:59,scan_skipped_same_execution_bar,USDJPY,2025.11.25 07:15:00,0,
2025.11.25 07:49:59,scan_executed_new_execution_bar,USDJPY,2025.11.25 07:30:00,16,
2025.11.25 07:54:59,scan_skipped_same_execution_bar,USDJPY,2025.11.25 07:30:00,0,
2025.11.25 08:04:59,scan_executed_new_execution_bar,USDJPY,2025.11.25 07:45:00,16,
2025.11.25 08:09:59,scan_skipped_same_execution_bar,USDJPY,2025.11.25 07:45:00,0,
2025.11.25 08:19:59,scan_executed_new_execution_bar,USDJPY,2025.11.25 08:00:00,0,
2025.11.25 08:24:59,scan_skipped_same_execution_bar,USDJPY,2025.11.25 08:00:00,0,
2025.11.25 08:34:59,scan_executed_new_execution_bar,USDJPY,2025.11.25 08:15:00,16,
2025.11.25 08:39:59,scan_skipped_same_execution_bar,USDJPY,2025.11.25 08:15:00,0,
2025.11.25 08:49:59,scan_executed_new_execution_bar,USDJPY,2025.11.25 08:30:00,16,
2025.11.25 08:54:59,scan_skipped_same_execution_bar,USDJPY,2025.11.25 08:30:00,0,
2025.11.25 09:04:59,scan_executed_new_execution_bar,USDJPY,2025.11.25 08:45:00,0,
2025.11.25 09:09:59,scan_skipped_same_execution_bar,USDJPY,2025.11.25 08:45:00,0,
2025.11.25 09:19:59,scan_executed_new_execution_bar,USDJPY,2025.11.25 09:00:00,0,
2025.11.25 09:24:59,scan_skipped_same_execution_bar,USDJPY,2025.11.25 09:00:00,0,
2025.11.25 09:34:59,scan_executed_new_execution_bar,USDJPY,2025.11.25 09:15:00,0,
2025.11.25 09:39:59,scan_skipped_same_execution_bar,USDJPY,2025.11.25 09:15:00,0,
2025.11.25 09:49:59,scan_executed_new_execution_bar,USDJPY,2025.11.25 09:30:00,0,
2025.11.25 09:54:59,scan_skipped_same_execution_bar,USDJPY,2025.11.25 09:30:00,0,
2025.11.25 10:04:59,scan_executed_new_execution_bar,USDJPY,2025.11.25 09:45:00,16,
2025.11.25 10:09:59,scan_skipped_same_execution_bar,USDJPY,2025.11.25 09:45:00,0,
2025.11.25 10:19:59,scan_executed_new_execution_bar,USDJPY,2025.11.25 10:00:00,0,
2025.11.25 10:24:59,scan_skipped_same_execution_bar,USDJPY,2025.11.25 10:00:00,0,
2025.11.25 10:34:59,scan_executed_new_execution_bar,USDJPY,2025.11.25 10:15:00,0,
2025.11.25 10:39:59,scan_skipped_same_execution_bar,USDJPY,2025.11.25 10:15:00,0,
2025.11.25 10:49:59,scan_executed_new_execution_bar,USDJPY,2025.11.25 10:30:00,0,
2025.11.25 10:54:59,scan_skipped_same_execution_bar,USDJPY,2025.11.25 10:30:00,0,
2025.11.25 11:04:59,scan_executed_new_execution_bar,USDJPY,2025.11.25 10:45:00,0,
2025.11.25 11:09:59,scan_skipped_same_execution_bar,USDJPY,2025.11.25 10:45:00,0,
2025.11.25 11:19:59,scan_executed_new_execution_bar,USDJPY,2025.11.25 11:00:00,0,
2025.11.25 11:24:59,scan_skipped_same_execution_bar,USDJPY,2025.11.25 11:00:00,0,
2025.11.25 11:34:59,scan_executed_new_execution_bar,USDJPY,2025.11.25 11:15:00,0,
2025.11.25 11:39:59,scan_skipped_same_execution_bar,USDJPY,2025.11.25 11:15:00,0,
2025.11.25 11:49:59,scan_executed_new_execution_bar,USDJPY,2025.11.25 11:30:00,0,
2025.11.25 11:54:59,scan_skipped_same_execution_bar,USDJPY,2025.11.25 11:30:00,0,
2025.11.25 12:04:59,scan_executed_new_execution_bar,USDJPY,2025.11.25 11:45:00,16,
2025.11.25 12:09:59,scan_skipped_same_execution_bar,USDJPY,2025.11.25 11:45:00,0,
2025.11.25 12:19:59,scan_executed_new_execution_bar,USDJPY,2025.11.25 12:00:00,0,
2025.11.25 12:24:59,scan_skipped_same_execution_bar,USDJPY,2025.11.25 12:00:00,0,
2025.11.25 12:34:59,scan_executed_new_execution_bar,USDJPY,2025.11.25 12:15:00,16,
2025.11.25 12:39:59,scan_skipped_same_execution_bar,USDJPY,2025.11.25 12:15:00,0,
2025.11.25 12:49:59,scan_executed_new_execution_bar,USDJPY,2025.11.25 12:30:00,32,
2025.11.25 12:54:59,scan_skipped_same_execution_bar,USDJPY,2025.11.25 12:30:00,0,
2025.11.25 13:04:59,scan_executed_new_execution_bar,USDJPY,2025.11.25 12:45:00,0,
2025.11.25 13:09:59,scan_skipped_same_execution_bar,USDJPY,2025.11.25 12:45:00,0,
2025.11.25 13:19:59,scan_executed_new_execution_bar,USDJPY,2025.11.25 13:00:00,16,
2025.11.25 13:24:59,scan_skipped_same_execution_bar,USDJPY,2025.11.25 13:00:00,0,
2025.11.25 13:34:59,scan_executed_new_execution_bar,USDJPY,2025.11.25 13:15:00,0,
2025.11.25 13:39:59,scan_skipped_same_execution_bar,USDJPY,2025.11.25 13:15:00,0,
2025.11.25 13:49:59,scan_executed_new_execution_bar,USDJPY,2025.11.25 13:30:00,0,
2025.11.25 13:54:59,scan_skipped_same_execution_bar,USDJPY,2025.11.25 13:30:00,0,
2025.11.25 14:04:59,scan_executed_new_execution_bar,USDJPY,2025.11.25 13:45:00,0,
2025.11.25 14:09:59,scan_skipped_same_execution_bar,USDJPY,2025.11.25 13:45:00,0,
2025.11.25 14:19:59,scan_executed_new_execution_bar,USDJPY,2025.11.25 14:00:00,0,
2025.11.25 14:25:00,scan_skipped_same_execution_bar,USDJPY,2025.11.25 14:00:00,0,
2025.11.25 14:34:59,scan_executed_new_execution_bar,USDJPY,2025.11.25 14:15:00,0,
2025.11.25 14:39:59,scan_skipped_same_execution_bar,USDJPY,2025.11.25 14:15:00,0,
2025.11.25 14:49:59,scan_executed_new_execution_bar,USDJPY,2025.11.25 14:30:00,0,
2025.11.25 14:54:59,scan_skipped_same_execution_bar,USDJPY,2025.11.25 14:30:00,0,
2025.11.25 15:04:59,scan_executed_new_execution_bar,USDJPY,2025.11.25 14:45:00,0,
2025.11.25 15:09:59,scan_skipped_same_execution_bar,USDJPY,2025.11.25 14:45:00,0,
2025.11.25 15:19:59,scan_executed_new_execution_bar,USDJPY,2025.11.25 15:00:00,0,
2025.11.25 15:24:59,scan_skipped_same_execution_bar,USDJPY,2025.11.25 15:00:00,0,
2025.11.25 15:34:59,scan_executed_new_execution_bar,USDJPY,2025.11.25 15:15:00,15,
2025.11.25 15:39:59,scan_skipped_same_execution_bar,USDJPY,2025.11.25 15:15:00,0,
2025.11.25 15:49:59,scan_executed_new_execution_bar,USDJPY,2025.11.25 15:30:00,16,
2025.11.25 15:54:59,scan_skipped_same_execution_bar,USDJPY,2025.11.25 15:30:00,0,
2025.11.25 16:04:59,scan_executed_new_execution_bar,USDJPY,2025.11.25 15:45:00,0,
2025.11.25 16:10:00,scan_skipped_same_execution_bar,USDJPY,2025.11.25 15:45:00,0,
2025.11.25 16:19:59,scan_executed_new_execution_bar,USDJPY,2025.11.25 16:00:00,31,
2025.11.25 16:24:59,scan_skipped_same_execution_bar,USDJPY,2025.11.25 16:00:00,0,
2025.11.25 16:34:59,scan_executed_new_execution_bar,USDJPY,2025.11.25 16:15:00,16,
2025.11.25 16:39:59,scan_skipped_same_execution_bar,USDJPY,2025.11.25 16:15:00,0,
2025.11.25 16:49:59,scan_executed_new_execution_bar,USDJPY,2025.11.25 16:30:00,0,
2025.11.25 16:54:59,scan_skipped_same_execution_bar,USDJPY,2025.11.25 16:30:00,0,
2025.11.25 17:04:59,scan_executed_new_execution_bar,USDJPY,2025.11.25 16:45:00,0,
2025.11.25 17:09:59,scan_skipped_same_execution_bar,USDJPY,2025.11.25 16:45:00,0,
2025.11.25 17:20:00,scan_executed_new_execution_bar,USDJPY,2025.11.25 17:00:00,16,
2025.11.25 17:24:59,scan_skipped_same_execution_bar,USDJPY,2025.11.25 17:00:00,0,
2025.11.25 17:34:59,scan_executed_new_execution_bar,USDJPY,2025.11.25 17:15:00,0,
2025.11.25 17:39:59,scan_skipped_same_execution_bar,USDJPY,2025.11.25 17:15:00,0,
2025.11.25 17:49:59,scan_executed_new_execution_bar,USDJPY,2025.11.25 17:30:00,31,
2025.11.25 17:54:59,scan_skipped_same_execution_bar,USDJPY,2025.11.25 17:30:00,0,
2025.11.25 18:04:59,scan_executed_new_execution_bar,USDJPY,2025.11.25 17:45:00,47,
2025.11.25 18:09:59,scan_skipped_same_execution_bar,USDJPY,2025.11.25 17:45:00,0,
2025.11.25 18:19:59,scan_executed_new_execution_bar,USDJPY,2025.11.25 18:00:00,0,
2025.11.25 18:24:59,scan_skipped_same_execution_bar,USDJPY,2025.11.25 18:00:00,0,
2025.11.25 18:34:59,scan_executed_new_execution_bar,USDJPY,2025.11.25 18:15:00,0,
2025.11.25 18:39:59,scan_skipped_same_execution_bar,USDJPY,2025.11.25 18:15:00,0,
2025.11.25 18:49:59,scan_executed_new_execution_bar,USDJPY,2025.11.25 18:30:00,31,
2025.11.25 18:54:59,scan_skipped_same_execution_bar,USDJPY,2025.11.25 18:30:00,0,
2025.11.25 19:04:59,scan_executed_new_execution_bar,USDJPY,2025.11.25 18:45:00,47,
2025.11.25 19:09:59,scan_skipped_same_execution_bar,USDJPY,2025.11.25 18:45:00,0,
2025.11.25 19:19:59,scan_executed_new_execution_bar,USDJPY,2025.11.25 19:00:00,0,
2025.11.25 19:24:59,scan_skipped_same_execution_bar,USDJPY,2025.11.25 19:00:00,0,
2025.11.25 19:34:59,scan_executed_new_execution_bar,USDJPY,2025.11.25 19:15:00,0,
2025.11.25 19:39:59,scan_skipped_same_execution_bar,USDJPY,2025.11.25 19:15:00,0,
2025.11.25 19:49:59,scan_executed_new_execution_bar,USDJPY,2025.11.25 19:30:00,15,
2025.11.25 19:54:59,scan_skipped_same_execution_bar,USDJPY,2025.11.25 19:30:00,0,
2025.11.25 20:04:59,scan_executed_new_execution_bar,USDJPY,2025.11.25 19:45:00,15,
2025.11.25 20:09:59,scan_skipped_same_execution_bar,USDJPY,2025.11.25 19:45:00,0,
2025.11.25 20:19:59,scan_executed_new_execution_bar,USDJPY,2025.11.25 20:00:00,0,
2025.11.25 20:24:59,scan_skipped_same_execution_bar,USDJPY,2025.11.25 20:00:00,0,
2025.11.25 20:34:59,scan_executed_new_execution_bar,USDJPY,2025.11.25 20:15:00,0,
2025.11.25 20:39:59,scan_skipped_same_execution_bar,USDJPY,2025.11.25 20:15:00,0,
2025.11.25 20:49:59,scan_executed_new_execution_bar,USDJPY,2025.11.25 20:30:00,0,
2025.11.25 20:54:59,scan_skipped_same_execution_bar,USDJPY,2025.11.25 20:30:00,0,
2025.11.25 21:04:59,scan_executed_new_execution_bar,USDJPY,2025.11.25 20:45:00,47,
2025.11.25 21:09:59,scan_skipped_same_execution_bar,USDJPY,2025.11.25 20:45:00,0,
2025.11.25 21:19:59,scan_executed_new_execution_bar,USDJPY,2025.11.25 21:00:00,15,
2025.11.25 21:24:59,scan_skipped_same_execution_bar,USDJPY,2025.11.25 21:00:00,0,
2025.11.25 21:34:59,scan_executed_new_execution_bar,USDJPY,2025.11.25 21:15:00,31,
2025.11.25 21:39:59,scan_skipped_same_execution_bar,USDJPY,2025.11.25 21:15:00,0,
2025.11.25 21:49:59,scan_executed_new_execution_bar,USDJPY,2025.11.25 21:30:00,0,
2025.11.25 21:54:59,scan_skipped_same_execution_bar,USDJPY,2025.11.25 21:30:00,0,
2025.11.25 22:04:59,scan_executed_new_execution_bar,USDJPY,2025.11.25 21:45:00,0,
2025.11.25 22:09:59,scan_skipped_same_execution_bar,USDJPY,2025.11.25 21:45:00,0,
2025.11.25 22:19:59,scan_executed_new_execution_bar,USDJPY,2025.11.25 22:00:00,16,
2025.11.25 22:24:59,scan_skipped_same_execution_bar,USDJPY,2025.11.25 22:00:00,0,
2025.11.25 22:34:59,scan_executed_new_execution_bar,USDJPY,2025.11.25 22:15:00,0,
2025.11.25 22:40:00,scan_skipped_same_execution_bar,USDJPY,2025.11.25 22:15:00,0,
2025.11.25 22:49:59,scan_executed_new_execution_bar,USDJPY,2025.11.25 22:30:00,0,
2025.11.25 22:54:59,scan_skipped_same_execution_bar,USDJPY,2025.11.25 22:30:00,0,
2025.11.25 23:04:59,scan_executed_new_execution_bar,USDJPY,2025.11.25 22:45:00,0,
2025.11.25 23:09:59,scan_skipped_same_execution_bar,USDJPY,2025.11.25 22:45:00,0,
2025.11.25 23:19:59,scan_executed_new_execution_bar,USDJPY,2025.11.25 23:00:00,0,
2025.11.25 23:24:59,scan_skipped_same_execution_bar,USDJPY,2025.11.25 23:00:00,0,
2025.11.25 23:34:58,scan_executed_new_execution_bar,USDJPY,2025.11.25 23:15:00,0,
2025.11.25 23:39:59,scan_skipped_same_execution_bar,USDJPY,2025.11.25 23:15:00,0,
2025.11.25 23:49:58,scan_executed_new_execution_bar,USDJPY,2025.11.25 23:30:00,0,
2025.11.25 23:54:59,scan_skipped_same_execution_bar,USDJPY,2025.11.25 23:30:00,0,
2025.11.26 00:04:57,scan_executed_new_execution_bar,USDJPY,2025.11.25 23:45:00,0,
2025.11.26 00:09:52,scan_skipped_same_execution_bar,USDJPY,2025.11.25 23:45:00,0,
2025.11.26 00:19:58,scan_executed_new_execution_bar,USDJPY,2025.11.26 00:00:00,0,
2025.11.26 00:24:59,scan_skipped_same_execution_bar,USDJPY,2025.11.26 00:00:00,0,
2025.11.26 00:34:59,scan_executed_new_execution_bar,USDJPY,2025.11.26 00:15:00,0,
2025.11.26 00:39:59,scan_skipped_same_execution_bar,USDJPY,2025.11.26 00:15:00,0,
2025.11.26 00:49:58,scan_executed_new_execution_bar,USDJPY,2025.11.26 00:30:00,0,
2025.11.26 00:54:59,scan_skipped_same_execution_bar,USDJPY,2025.11.26 00:30:00,0,
2025.11.26 01:04:59,scan_executed_new_execution_bar,USDJPY,2025.11.26 00:45:00,16,
2025.11.26 01:10:00,scan_skipped_same_execution_bar,USDJPY,2025.11.26 00:45:00,0,
2025.11.26 01:19:59,scan_executed_new_execution_bar,USDJPY,2025.11.26 01:00:00,0,
2025.11.26 01:24:59,scan_skipped_same_execution_bar,USDJPY,2025.11.26 01:00:00,0,
2025.11.26 01:34:59,scan_executed_new_execution_bar,USDJPY,2025.11.26 01:15:00,16,
2025.11.26 01:39:59,scan_skipped_same_execution_bar,USDJPY,2025.11.26 01:15:00,0,
2025.11.26 01:49:59,scan_executed_new_execution_bar,USDJPY,2025.11.26 01:30:00,0,
2025.11.26 01:54:59,scan_skipped_same_execution_bar,USDJPY,2025.11.26 01:30:00,0,
2025.11.26 02:04:59,scan_executed_new_execution_bar,USDJPY,2025.11.26 01:45:00,0,
2025.11.26 02:09:59,scan_skipped_same_execution_bar,USDJPY,2025.11.26 01:45:00,0,
2025.11.26 02:19:59,scan_executed_new_execution_bar,USDJPY,2025.11.26 02:00:00,0,
2025.11.26 02:24:59,scan_skipped_same_execution_bar,USDJPY,2025.11.26 02:00:00,0,
2025.11.26 02:34:59,scan_executed_new_execution_bar,USDJPY,2025.11.26 02:15:00,0,
2025.11.26 02:39:59,scan_skipped_same_execution_bar,USDJPY,2025.11.26 02:15:00,0,
2025.11.26 02:49:59,scan_executed_new_execution_bar,USDJPY,2025.11.26 02:30:00,0,
2025.11.26 02:54:59,scan_skipped_same_execution_bar,USDJPY,2025.11.26 02:30:00,0,
2025.11.26 03:04:59,scan_executed_new_execution_bar,USDJPY,2025.11.26 02:45:00,0,
2025.11.26 03:09:59,scan_skipped_same_execution_bar,USDJPY,2025.11.26 02:45:00,0,
2025.11.26 03:19:59,scan_executed_new_execution_bar,USDJPY,2025.11.26 03:00:00,0,
2025.11.26 03:24:59,scan_skipped_same_execution_bar,USDJPY,2025.11.26 03:00:00,0,
2025.11.26 03:34:59,scan_executed_new_execution_bar,USDJPY,2025.11.26 03:15:00,16,
2025.11.26 03:39:59,scan_skipped_same_execution_bar,USDJPY,2025.11.26 03:15:00,0,
2025.11.26 03:49:59,scan_executed_new_execution_bar,USDJPY,2025.11.26 03:30:00,15,
2025.11.26 03:54:59,scan_skipped_same_execution_bar,USDJPY,2025.11.26 03:30:00,0,
2025.11.26 04:04:59,scan_executed_new_execution_bar,USDJPY,2025.11.26 03:45:00,0,
2025.11.26 04:09:59,scan_skipped_same_execution_bar,USDJPY,2025.11.26 03:45:00,0,
2025.11.26 04:20:00,scan_executed_new_execution_bar,USDJPY,2025.11.26 04:00:00,0,
2025.11.26 04:24:59,scan_skipped_same_execution_bar,USDJPY,2025.11.26 04:00:00,0,
2025.11.26 04:34:59,scan_executed_new_execution_bar,USDJPY,2025.11.26 04:15:00,0,
2025.11.26 04:39:59,scan_skipped_same_execution_bar,USDJPY,2025.11.26 04:15:00,0,
2025.11.26 04:49:59,scan_executed_new_execution_bar,USDJPY,2025.11.26 04:30:00,47,
2025.11.26 04:54:59,scan_skipped_same_execution_bar,USDJPY,2025.11.26 04:30:00,0,
2025.11.26 05:04:59,scan_executed_new_execution_bar,USDJPY,2025.11.26 04:45:00,0,
2025.11.26 05:09:59,scan_skipped_same_execution_bar,USDJPY,2025.11.26 04:45:00,0,
2025.11.26 05:19:59,scan_executed_new_execution_bar,USDJPY,2025.11.26 05:00:00,0,
2025.11.26 05:24:59,scan_skipped_same_execution_bar,USDJPY,2025.11.26 05:00:00,0,
2025.11.26 05:34:59,scan_executed_new_execution_bar,USDJPY,2025.11.26 05:15:00,0,
2025.11.26 05:39:59,scan_skipped_same_execution_bar,USDJPY,2025.11.26 05:15:00,0,
2025.11.26 05:49:59,scan_executed_new_execution_bar,USDJPY,2025.11.26 05:30:00,0,
2025.11.26 05:54:59,scan_skipped_same_execution_bar,USDJPY,2025.11.26 05:30:00,0,
2025.11.26 06:04:59,scan_executed_new_execution_bar,USDJPY,2025.11.26 05:45:00,0,
2025.11.26 06:09:59,scan_skipped_same_execution_bar,USDJPY,2025.11.26 05:45:00,0,
2025.11.26 06:19:59,scan_executed_new_execution_bar,USDJPY,2025.11.26 06:00:00,0,
2025.11.26 06:24:59,scan_skipped_same_execution_bar,USDJPY,2025.11.26 06:00:00,0,
2025.11.26 06:34:59,scan_executed_new_execution_bar,USDJPY,2025.11.26 06:15:00,15,
2025.11.26 06:39:59,scan_skipped_same_execution_bar,USDJPY,2025.11.26 06:15:00,0,
2025.11.26 06:49:59,scan_executed_new_execution_bar,USDJPY,2025.11.26 06:30:00,16,
2025.11.26 06:54:59,scan_skipped_same_execution_bar,USDJPY,2025.11.26 06:30:00,0,
2025.11.26 07:04:59,scan_executed_new_execution_bar,USDJPY,2025.11.26 06:45:00,0,
2025.11.26 07:09:59,scan_skipped_same_execution_bar,USDJPY,2025.11.26 06:45:00,0,
2025.11.26 07:19:59,scan_executed_new_execution_bar,USDJPY,2025.11.26 07:00:00,0,
2025.11.26 07:24:59,scan_skipped_same_execution_bar,USDJPY,2025.11.26 07:00:00,0,
2025.11.26 07:34:59,scan_executed_new_execution_bar,USDJPY,2025.11.26 07:15:00,0,
2025.11.26 07:39:59,scan_skipped_same_execution_bar,USDJPY,2025.11.26 07:15:00,0,
2025.11.26 07:49:59,scan_executed_new_execution_bar,USDJPY,2025.11.26 07:30:00,0,
2025.11.26 07:54:59,scan_skipped_same_execution_bar,USDJPY,2025.11.26 07:30:00,0,
2025.11.26 08:04:59,scan_executed_new_execution_bar,USDJPY,2025.11.26 07:45:00,0,
2025.11.26 08:09:59,scan_skipped_same_execution_bar,USDJPY,2025.11.26 07:45:00,0,
2025.11.26 08:19:59,scan_executed_new_execution_bar,USDJPY,2025.11.26 08:00:00,0,
2025.11.26 08:24:59,scan_skipped_same_execution_bar,USDJPY,2025.11.26 08:00:00,0,
2025.11.26 08:34:59,scan_executed_new_execution_bar,USDJPY,2025.11.26 08:15:00,0,
2025.11.26 08:39:59,scan_skipped_same_execution_bar,USDJPY,2025.11.26 08:15:00,0,
2025.11.26 08:49:59,scan_executed_new_execution_bar,USDJPY,2025.11.26 08:30:00,0,
2025.11.26 08:54:59,scan_skipped_same_execution_bar,USDJPY,2025.11.26 08:30:00,0,
2025.11.26 09:04:59,scan_executed_new_execution_bar,USDJPY,2025.11.26 08:45:00,0,
2025.11.26 09:10:00,scan_skipped_same_execution_bar,USDJPY,2025.11.26 08:45:00,0,
2025.11.26 09:19:59,scan_executed_new_execution_bar,USDJPY,2025.11.26 09:00:00,0,
2025.11.26 09:24:59,scan_skipped_same_execution_bar,USDJPY,2025.11.26 09:00:00,0,
2025.11.26 09:34:59,scan_executed_new_execution_bar,USDJPY,2025.11.26 09:15:00,0,
2025.11.26 09:39:59,scan_skipped_same_execution_bar,USDJPY,2025.11.26 09:15:00,0,
2025.11.26 09:49:59,scan_executed_new_execution_bar,USDJPY,2025.11.26 09:30:00,0,
2025.11.26 09:54:59,scan_skipped_same_execution_bar,USDJPY,2025.11.26 09:30:00,0,
2025.11.26 10:04:59,scan_executed_new_execution_bar,USDJPY,2025.11.26 09:45:00,15,
2025.11.26 10:09:59,scan_skipped_same_execution_bar,USDJPY,2025.11.26 09:45:00,0,
2025.11.26 10:19:59,scan_executed_new_execution_bar,USDJPY,2025.11.26 10:00:00,0,
2025.11.26 10:24:59,scan_skipped_same_execution_bar,USDJPY,2025.11.26 10:00:00,0,
2025.11.26 10:34:59,scan_executed_new_execution_bar,USDJPY,2025.11.26 10:15:00,0,
2025.11.26 10:39:59,scan_skipped_same_execution_bar,USDJPY,2025.11.26 10:15:00,0,
2025.11.26 10:49:59,scan_executed_new_execution_bar,USDJPY,2025.11.26 10:30:00,0,
2025.11.26 10:54:59,scan_skipped_same_execution_bar,USDJPY,2025.11.26 10:30:00,0,
2025.11.26 11:04:59,scan_executed_new_execution_bar,USDJPY,2025.11.26 10:45:00,0,
2025.11.26 11:09:59,scan_skipped_same_execution_bar,USDJPY,2025.11.26 10:45:00,0,
2025.11.26 11:19:59,scan_executed_new_execution_bar,USDJPY,2025.11.26 11:00:00,16,
2025.11.26 11:24:59,scan_skipped_same_execution_bar,USDJPY,2025.11.26 11:00:00,0,
2025.11.26 11:34:59,scan_executed_new_execution_bar,USDJPY,2025.11.26 11:15:00,0,
2025.11.26 11:39:59,scan_skipped_same_execution_bar,USDJPY,2025.11.26 11:15:00,0,
2025.11.26 11:49:59,scan_executed_new_execution_bar,USDJPY,2025.11.26 11:30:00,0,
2025.11.26 11:54:59,scan_skipped_same_execution_bar,USDJPY,2025.11.26 11:30:00,0,
2025.11.26 12:00:00,scan_executed_new_execution_bar,USDJPY,2025.11.26 11:45:00,0,
2025.11.26 12:04:59,scan_skipped_same_execution_bar,USDJPY,2025.11.26 11:45:00,0,
2025.11.26 12:19:59,scan_executed_new_execution_bar,USDJPY,2025.11.26 12:00:00,15,
2025.11.26 12:25:00,scan_skipped_same_execution_bar,USDJPY,2025.11.26 12:00:00,0,
2025.11.26 12:34:59,scan_executed_new_execution_bar,USDJPY,2025.11.26 12:15:00,0,
2025.11.26 12:39:59,scan_skipped_same_execution_bar,USDJPY,2025.11.26 12:15:00,0,
2025.11.26 12:50:00,scan_executed_new_execution_bar,USDJPY,2025.11.26 12:30:00,16,
2025.11.26 12:54:59,scan_skipped_same_execution_bar,USDJPY,2025.11.26 12:30:00,0,
2025.11.26 13:04:59,scan_executed_new_execution_bar,USDJPY,2025.11.26 12:45:00,0,
2025.11.26 13:09:59,scan_skipped_same_execution_bar,USDJPY,2025.11.26 12:45:00,0,
2025.11.26 13:19:59,scan_executed_new_execution_bar,USDJPY,2025.11.26 13:00:00,0,
2025.11.26 13:24:59,scan_skipped_same_execution_bar,USDJPY,2025.11.26 13:00:00,0,
2025.11.26 13:34:59,scan_executed_new_execution_bar,USDJPY,2025.11.26 13:15:00,0,
2025.11.26 13:39:59,scan_skipped_same_execution_bar,USDJPY,2025.11.26 13:15:00,0,
2025.11.26 13:49:59,scan_executed_new_execution_bar,USDJPY,2025.11.26 13:30:00,47,
2025.11.26 13:54:59,scan_skipped_same_execution_bar,USDJPY,2025.11.26 13:30:00,0,
2025.11.26 14:04:59,scan_executed_new_execution_bar,USDJPY,2025.11.26 13:45:00,15,
2025.11.26 14:09:59,scan_skipped_same_execution_bar,USDJPY,2025.11.26 13:45:00,0,
2025.11.26 14:19:59,scan_executed_new_execution_bar,USDJPY,2025.11.26 14:00:00,0,
2025.11.26 14:24:59,scan_skipped_same_execution_bar,USDJPY,2025.11.26 14:00:00,0,
2025.11.26 14:34:59,scan_executed_new_execution_bar,USDJPY,2025.11.26 14:15:00,31,
2025.11.26 14:39:59,scan_skipped_same_execution_bar,USDJPY,2025.11.26 14:15:00,0,
2025.11.26 14:49:59,scan_executed_new_execution_bar,USDJPY,2025.11.26 14:30:00,0,
2025.11.26 14:54:59,scan_skipped_same_execution_bar,USDJPY,2025.11.26 14:30:00,0,
2025.11.26 15:04:59,scan_executed_new_execution_bar,USDJPY,2025.11.26 14:45:00,31,
2025.11.26 15:09:59,scan_skipped_same_execution_bar,USDJPY,2025.11.26 14:45:00,0,
2025.11.26 15:19:59,scan_executed_new_execution_bar,USDJPY,2025.11.26 15:00:00,0,
2025.11.26 15:24:59,scan_skipped_same_execution_bar,USDJPY,2025.11.26 15:00:00,0,
2025.11.26 15:34:59,scan_executed_new_execution_bar,USDJPY,2025.11.26 15:15:00,31,
2025.11.26 15:39:59,scan_skipped_same_execution_bar,USDJPY,2025.11.26 15:15:00,0,
2025.11.26 15:49:59,scan_executed_new_execution_bar,USDJPY,2025.11.26 15:30:00,0,
2025.11.26 15:54:59,scan_skipped_same_execution_bar,USDJPY,2025.11.26 15:30:00,0,
2025.11.26 16:04:59,scan_executed_new_execution_bar,USDJPY,2025.11.26 15:45:00,0,
2025.11.26 16:09:59,scan_skipped_same_execution_bar,USDJPY,2025.11.26 15:45:00,0,
2025.11.26 16:19:59,scan_executed_new_execution_bar,USDJPY,2025.11.26 16:00:00,15,
2025.11.26 16:24:59,scan_skipped_same_execution_bar,USDJPY,2025.11.26 16:00:00,0,
2025.11.26 16:34:59,scan_executed_new_execution_bar,USDJPY,2025.11.26 16:15:00,0,
2025.11.26 16:39:59,scan_skipped_same_execution_bar,USDJPY,2025.11.26 16:15:00,0,
2025.11.26 16:49:59,scan_executed_new_execution_bar,USDJPY,2025.11.26 16:30:00,47,
2025.11.26 16:54:59,scan_skipped_same_execution_bar,USDJPY,2025.11.26 16:30:00,0,
2025.11.26 17:04:59,scan_executed_new_execution_bar,USDJPY,2025.11.26 16:45:00,0,
2025.11.26 17:09:59,scan_skipped_same_execution_bar,USDJPY,2025.11.26 16:45:00,0,
2025.11.26 17:19:59,scan_executed_new_execution_bar,USDJPY,2025.11.26 17:00:00,0,
2025.11.26 17:24:59,scan_skipped_same_execution_bar,USDJPY,2025.11.26 17:00:00,0,
2025.11.26 17:34:59,scan_executed_new_execution_bar,USDJPY,2025.11.26 17:15:00,0,
2025.11.26 17:39:59,scan_skipped_same_execution_bar,USDJPY,2025.11.26 17:15:00,0,
2025.11.26 17:49:59,scan_executed_new_execution_bar,USDJPY,2025.11.26 17:30:00,0,
2025.11.26 17:54:59,scan_skipped_same_execution_bar,USDJPY,2025.11.26 17:30:00,0,
2025.11.26 18:05:00,scan_executed_new_execution_bar,USDJPY,2025.11.26 17:45:00,15,
2025.11.26 18:09:59,scan_skipped_same_execution_bar,USDJPY,2025.11.26 17:45:00,0,
2025.11.26 18:19:59,scan_executed_new_execution_bar,USDJPY,2025.11.26 18:00:00,0,
2025.11.26 18:24:59,scan_skipped_same_execution_bar,USDJPY,2025.11.26 18:00:00,0,
2025.11.26 18:34:59,scan_executed_new_execution_bar,USDJPY,2025.11.26 18:15:00,0,
2025.11.26 18:39:59,scan_skipped_same_execution_bar,USDJPY,2025.11.26 18:15:00,0,
2025.11.26 18:49:59,scan_executed_new_execution_bar,USDJPY,2025.11.26 18:30:00,16,
2025.11.26 18:54:59,scan_skipped_same_execution_bar,USDJPY,2025.11.26 18:30:00,0,
2025.11.26 19:04:59,scan_executed_new_execution_bar,USDJPY,2025.11.26 18:45:00,31,
2025.11.26 19:09:59,scan_skipped_same_execution_bar,USDJPY,2025.11.26 18:45:00,0,
2025.11.26 19:19:59,scan_executed_new_execution_bar,USDJPY,2025.11.26 19:00:00,31,
2025.11.26 19:25:00,scan_skipped_same_execution_bar,USDJPY,2025.11.26 19:00:00,0,
2025.11.26 19:34:59,scan_executed_new_execution_bar,USDJPY,2025.11.26 19:15:00,16,
2025.11.26 19:39:59,scan_skipped_same_execution_bar,USDJPY,2025.11.26 19:15:00,0,
2025.11.26 19:49:59,scan_executed_new_execution_bar,USDJPY,2025.11.26 19:30:00,0,
2025.11.26 19:54:59,scan_skipped_same_execution_bar,USDJPY,2025.11.26 19:30:00,0,
2025.11.26 20:04:59,scan_executed_new_execution_bar,USDJPY,2025.11.26 19:45:00,0,
2025.11.26 20:09:59,scan_skipped_same_execution_bar,USDJPY,2025.11.26 19:45:00,0,
2025.11.26 20:19:59,scan_executed_new_execution_bar,USDJPY,2025.11.26 20:00:00,0,
2025.11.26 20:24:59,scan_skipped_same_execution_bar,USDJPY,2025.11.26 20:00:00,0,
2025.11.26 20:34:59,scan_executed_new_execution_bar,USDJPY,2025.11.26 20:15:00,15,
2025.11.26 20:39:59,scan_skipped_same_execution_bar,USDJPY,2025.11.26 20:15:00,0,
2025.11.26 20:49:59,scan_executed_new_execution_bar,USDJPY,2025.11.26 20:30:00,0,
2025.11.26 20:54:59,scan_skipped_same_execution_bar,USDJPY,2025.11.26 20:30:00,0,
2025.11.26 21:04:59,scan_executed_new_execution_bar,USDJPY,2025.11.26 20:45:00,15,
2025.11.26 21:09:59,scan_skipped_same_execution_bar,USDJPY,2025.11.26 20:45:00,0,
2025.11.26 21:19:59,scan_executed_new_execution_bar,USDJPY,2025.11.26 21:00:00,16,
2025.11.26 21:24:59,scan_skipped_same_execution_bar,USDJPY,2025.11.26 21:00:00,0,
2025.11.26 21:34:59,scan_executed_new_execution_bar,USDJPY,2025.11.26 21:15:00,0,
2025.11.26 21:39:59,scan_skipped_same_execution_bar,USDJPY,2025.11.26 21:15:00,0,
2025.11.26 21:49:59,scan_executed_new_execution_bar,USDJPY,2025.11.26 21:30:00,0,
2025.11.26 21:54:59,scan_skipped_same_execution_bar,USDJPY,2025.11.26 21:30:00,0,
2025.11.26 22:04:59,scan_executed_new_execution_bar,USDJPY,2025.11.26 21:45:00,0,
2025.11.26 22:09:59,scan_skipped_same_execution_bar,USDJPY,2025.11.26 21:45:00,0,
2025.11.26 22:19:59,scan_executed_new_execution_bar,USDJPY,2025.11.26 22:00:00,0,
2025.11.26 22:24:59,scan_skipped_same_execution_bar,USDJPY,2025.11.26 22:00:00,0,
2025.11.26 22:34:59,scan_executed_new_execution_bar,USDJPY,2025.11.26 22:15:00,0,
2025.11.26 22:39:59,scan_skipped_same_execution_bar,USDJPY,2025.11.26 22:15:00,0,
2025.11.26 22:49:59,scan_executed_new_execution_bar,USDJPY,2025.11.26 22:30:00,0,
2025.11.26 22:54:59,scan_skipped_same_execution_bar,USDJPY,2025.11.26 22:30:00,0,
2025.11.26 23:04:59,scan_executed_new_execution_bar,USDJPY,2025.11.26 22:45:00,15,
2025.11.26 23:09:59,scan_skipped_same_execution_bar,USDJPY,2025.11.26 22:45:00,0,
2025.11.26 23:19:59,scan_executed_new_execution_bar,USDJPY,2025.11.26 23:00:00,0,
2025.11.26 23:24:59,scan_skipped_same_execution_bar,USDJPY,2025.11.26 23:00:00,0,
2025.11.26 23:34:58,scan_executed_new_execution_bar,USDJPY,2025.11.26 23:15:00,15,
2025.11.26 23:39:58,scan_skipped_same_execution_bar,USDJPY,2025.11.26 23:15:00,0,
2025.11.26 23:49:59,scan_executed_new_execution_bar,USDJPY,2025.11.26 23:30:00,0,
2025.11.26 23:54:59,scan_skipped_same_execution_bar,USDJPY,2025.11.26 23:30:00,0,
2025.11.27 00:04:48,scan_executed_new_execution_bar,USDJPY,2025.11.26 23:45:00,0,
2025.11.27 00:09:59,scan_skipped_same_execution_bar,USDJPY,2025.11.26 23:45:00,0,
2025.11.27 00:19:59,scan_executed_new_execution_bar,USDJPY,2025.11.27 00:00:00,0,
2025.11.27 00:24:57,scan_skipped_same_execution_bar,USDJPY,2025.11.27 00:00:00,0,
2025.11.27 00:34:57,scan_executed_new_execution_bar,USDJPY,2025.11.27 00:15:00,0,
2025.11.27 00:39:57,scan_skipped_same_execution_bar,USDJPY,2025.11.27 00:15:00,0,
2025.11.27 00:49:59,scan_executed_new_execution_bar,USDJPY,2025.11.27 00:30:00,0,
2025.11.27 00:54:56,scan_skipped_same_execution_bar,USDJPY,2025.11.27 00:30:00,0,
2025.11.27 01:04:59,scan_executed_new_execution_bar,USDJPY,2025.11.27 00:45:00,0,
2025.11.27 01:09:58,scan_skipped_same_execution_bar,USDJPY,2025.11.27 00:45:00,0,
2025.11.27 01:19:59,scan_executed_new_execution_bar,USDJPY,2025.11.27 01:00:00,0,
2025.11.27 01:24:56,scan_skipped_same_execution_bar,USDJPY,2025.11.27 01:00:00,0,
2025.11.27 01:34:59,scan_executed_new_execution_bar,USDJPY,2025.11.27 01:15:00,0,
2025.11.27 01:39:59,scan_skipped_same_execution_bar,USDJPY,2025.11.27 01:15:00,0,
2025.11.27 01:49:58,scan_executed_new_execution_bar,USDJPY,2025.11.27 01:30:00,0,
2025.11.27 01:54:59,scan_skipped_same_execution_bar,USDJPY,2025.11.27 01:30:00,0,
2025.11.27 02:04:59,scan_executed_new_execution_bar,USDJPY,2025.11.27 01:45:00,0,
2025.11.27 02:09:59,scan_skipped_same_execution_bar,USDJPY,2025.11.27 01:45:00,0,
2025.11.27 02:19:59,scan_executed_new_execution_bar,USDJPY,2025.11.27 02:00:00,0,
2025.11.27 02:24:59,scan_skipped_same_execution_bar,USDJPY,2025.11.27 02:00:00,0,
2025.11.27 02:34:59,scan_executed_new_execution_bar,USDJPY,2025.11.27 02:15:00,0,
2025.11.27 02:39:59,scan_skipped_same_execution_bar,USDJPY,2025.11.27 02:15:00,0,
2025.11.27 02:49:59,scan_executed_new_execution_bar,USDJPY,2025.11.27 02:30:00,16,
2025.11.27 02:54:59,scan_skipped_same_execution_bar,USDJPY,2025.11.27 02:30:00,0,
2025.11.27 03:04:59,scan_executed_new_execution_bar,USDJPY,2025.11.27 02:45:00,0,
2025.11.27 03:09:59,scan_skipped_same_execution_bar,USDJPY,2025.11.27 02:45:00,0,
2025.11.27 03:19:59,scan_executed_new_execution_bar,USDJPY,2025.11.27 03:00:00,0,
2025.11.27 03:24:59,scan_skipped_same_execution_bar,USDJPY,2025.11.27 03:00:00,0,
2025.11.27 03:34:59,scan_executed_new_execution_bar,USDJPY,2025.11.27 03:15:00,0,
2025.11.27 03:39:59,scan_skipped_same_execution_bar,USDJPY,2025.11.27 03:15:00,0,
2025.11.27 03:49:59,scan_executed_new_execution_bar,USDJPY,2025.11.27 03:30:00,0,
2025.11.27 03:54:59,scan_skipped_same_execution_bar,USDJPY,2025.11.27 03:30:00,0,
2025.11.27 04:04:59,scan_executed_new_execution_bar,USDJPY,2025.11.27 03:45:00,0,
2025.11.27 04:09:59,scan_skipped_same_execution_bar,USDJPY,2025.11.27 03:45:00,0,
2025.11.27 04:19:59,scan_executed_new_execution_bar,USDJPY,2025.11.27 04:00:00,0,
2025.11.27 04:24:59,scan_skipped_same_execution_bar,USDJPY,2025.11.27 04:00:00,0,
2025.11.27 04:34:59,scan_executed_new_execution_bar,USDJPY,2025.11.27 04:15:00,0,
2025.11.27 04:39:59,scan_skipped_same_execution_bar,USDJPY,2025.11.27 04:15:00,0,
2025.11.27 04:49:59,scan_executed_new_execution_bar,USDJPY,2025.11.27 04:30:00,0,
2025.11.27 04:54:59,scan_skipped_same_execution_bar,USDJPY,2025.11.27 04:30:00,0,
2025.11.27 05:04:59,scan_executed_new_execution_bar,USDJPY,2025.11.27 04:45:00,0,
2025.11.27 05:09:59,scan_skipped_same_execution_bar,USDJPY,2025.11.27 04:45:00,0,
2025.11.27 05:19:59,scan_executed_new_execution_bar,USDJPY,2025.11.27 05:00:00,0,
2025.11.27 05:24:59,scan_skipped_same_execution_bar,USDJPY,2025.11.27 05:00:00,0,
2025.11.27 05:34:59,scan_executed_new_execution_bar,USDJPY,2025.11.27 05:15:00,0,
2025.11.27 05:39:59,scan_skipped_same_execution_bar,USDJPY,2025.11.27 05:15:00,0,
2025.11.27 05:49:59,scan_executed_new_execution_bar,USDJPY,2025.11.27 05:30:00,0,
2025.11.27 05:54:59,scan_skipped_same_execution_bar,USDJPY,2025.11.27 05:30:00,0,
2025.11.27 06:04:59,scan_executed_new_execution_bar,USDJPY,2025.11.27 05:45:00,0,
2025.11.27 06:09:59,scan_skipped_same_execution_bar,USDJPY,2025.11.27 05:45:00,0,
2025.11.27 06:19:59,scan_executed_new_execution_bar,USDJPY,2025.11.27 06:00:00,0,
2025.11.27 06:24:59,scan_skipped_same_execution_bar,USDJPY,2025.11.27 06:00:00,0,
2025.11.27 06:34:59,scan_executed_new_execution_bar,USDJPY,2025.11.27 06:15:00,0,
2025.11.27 06:39:59,scan_skipped_same_execution_bar,USDJPY,2025.11.27 06:15:00,0,
2025.11.27 06:49:59,scan_executed_new_execution_bar,USDJPY,2025.11.27 06:30:00,0,
2025.11.27 06:54:59,scan_skipped_same_execution_bar,USDJPY,2025.11.27 06:30:00,0,
2025.11.27 07:04:59,scan_executed_new_execution_bar,USDJPY,2025.11.27 06:45:00,0,
2025.11.27 07:09:59,scan_skipped_same_execution_bar,USDJPY,2025.11.27 06:45:00,0,
2025.11.27 07:19:59,scan_executed_new_execution_bar,USDJPY,2025.11.27 07:00:00,0,
2025.11.27 07:24:59,scan_skipped_same_execution_bar,USDJPY,2025.11.27 07:00:00,0,
2025.11.27 07:34:59,scan_executed_new_execution_bar,USDJPY,2025.11.27 07:15:00,0,
2025.11.27 07:39:59,scan_skipped_same_execution_bar,USDJPY,2025.11.27 07:15:00,0,
2025.11.27 07:49:59,scan_executed_new_execution_bar,USDJPY,2025.11.27 07:30:00,0,
2025.11.27 07:54:59,scan_skipped_same_execution_bar,USDJPY,2025.11.27 07:30:00,0,
2025.11.27 08:04:59,scan_executed_new_execution_bar,USDJPY,2025.11.27 07:45:00,0,
2025.11.27 08:09:59,scan_skipped_same_execution_bar,USDJPY,2025.11.27 07:45:00,0,
2025.11.27 08:19:59,scan_executed_new_execution_bar,USDJPY,2025.11.27 08:00:00,0,
2025.11.27 08:24:59,scan_skipped_same_execution_bar,USDJPY,2025.11.27 08:00:00,0,
2025.11.27 08:34:59,scan_executed_new_execution_bar,USDJPY,2025.11.27 08:15:00,0,
2025.11.27 08:39:59,scan_skipped_same_execution_bar,USDJPY,2025.11.27 08:15:00,0,
2025.11.27 08:49:59,scan_executed_new_execution_bar,USDJPY,2025.11.27 08:30:00,0,
2025.11.27 08:54:59,scan_skipped_same_execution_bar,USDJPY,2025.11.27 08:30:00,0,
2025.11.27 09:04:59,scan_executed_new_execution_bar,USDJPY,2025.11.27 08:45:00,16,
2025.11.27 09:09:59,scan_skipped_same_execution_bar,USDJPY,2025.11.27 08:45:00,0,
2025.11.27 09:19:59,scan_executed_new_execution_bar,USDJPY,2025.11.27 09:00:00,0,
2025.11.27 09:24:59,scan_skipped_same_execution_bar,USDJPY,2025.11.27 09:00:00,0,
2025.11.27 09:34:59,scan_executed_new_execution_bar,USDJPY,2025.11.27 09:15:00,0,
2025.11.27 09:39:59,scan_skipped_same_execution_bar,USDJPY,2025.11.27 09:15:00,0,
2025.11.27 09:49:59,scan_executed_new_execution_bar,USDJPY,2025.11.27 09:30:00,0,
2025.11.27 09:54:59,scan_skipped_same_execution_bar,USDJPY,2025.11.27 09:30:00,0,
2025.11.27 10:04:59,scan_executed_new_execution_bar,USDJPY,2025.11.27 09:45:00,0,
2025.11.27 10:09:59,scan_skipped_same_execution_bar,USDJPY,2025.11.27 09:45:00,0,
2025.11.27 10:19:59,scan_executed_new_execution_bar,USDJPY,2025.11.27 10:00:00,0,
2025.11.27 10:24:59,scan_skipped_same_execution_bar,USDJPY,2025.11.27 10:00:00,0,
2025.11.27 10:34:59,scan_executed_new_execution_bar,USDJPY,2025.11.27 10:15:00,0,
2025.11.27 10:39:59,scan_skipped_same_execution_bar,USDJPY,2025.11.27 10:15:00,0,
2025.11.27 10:49:59,scan_executed_new_execution_bar,USDJPY,2025.11.27 10:30:00,0,
2025.11.27 10:54:59,scan_skipped_same_execution_bar,USDJPY,2025.11.27 10:30:00,0,
2025.11.27 11:04:59,scan_executed_new_execution_bar,USDJPY,2025.11.27 10:45:00,0,
2025.11.27 11:09:59,scan_skipped_same_execution_bar,USDJPY,2025.11.27 10:45:00,0,
2025.11.27 11:19:59,scan_executed_new_execution_bar,USDJPY,2025.11.27 11:00:00,0,
2025.11.27 11:24:59,scan_skipped_same_execution_bar,USDJPY,2025.11.27 11:00:00,0,
2025.11.27 11:34:59,scan_executed_new_execution_bar,USDJPY,2025.11.27 11:15:00,0,
2025.11.27 11:39:59,scan_skipped_same_execution_bar,USDJPY,2025.11.27 11:15:00,0,
2025.11.27 11:49:59,scan_executed_new_execution_bar,USDJPY,2025.11.27 11:30:00,31,
2025.11.27 11:54:59,scan_skipped_same_execution_bar,USDJPY,2025.11.27 11:30:00,0,
2025.11.27 12:04:59,scan_executed_new_execution_bar,USDJPY,2025.11.27 11:45:00,0,
2025.11.27 12:09:59,scan_skipped_same_execution_bar,USDJPY,2025.11.27 11:45:00,0,
2025.11.27 12:19:59,scan_executed_new_execution_bar,USDJPY,2025.11.27 12:00:00,0,
2025.11.27 12:24:59,scan_skipped_same_execution_bar,USDJPY,2025.11.27 12:00:00,0,
2025.11.27 12:34:59,scan_executed_new_execution_bar,USDJPY,2025.11.27 12:15:00,16,
2025.11.27 12:39:59,scan_skipped_same_execution_bar,USDJPY,2025.11.27 12:15:00,0,
2025.11.27 12:49:59,scan_executed_new_execution_bar,USDJPY,2025.11.27 12:30:00,15,
2025.11.27 12:54:59,scan_skipped_same_execution_bar,USDJPY,2025.11.27 12:30:00,0,
2025.11.27 13:04:59,scan_executed_new_execution_bar,USDJPY,2025.11.27 12:45:00,0,
2025.11.27 13:09:59,scan_skipped_same_execution_bar,USDJPY,2025.11.27 12:45:00,0,
2025.11.27 13:19:59,scan_executed_new_execution_bar,USDJPY,2025.11.27 13:00:00,0,
2025.11.27 13:24:59,scan_skipped_same_execution_bar,USDJPY,2025.11.27 13:00:00,0,
2025.11.27 13:34:59,scan_executed_new_execution_bar,USDJPY,2025.11.27 13:15:00,0,
2025.11.27 13:39:59,scan_skipped_same_execution_bar,USDJPY,2025.11.27 13:15:00,0,
2025.11.27 13:49:59,scan_executed_new_execution_bar,USDJPY,2025.11.27 13:30:00,0,
2025.11.27 13:54:59,scan_skipped_same_execution_bar,USDJPY,2025.11.27 13:30:00,0,
2025.11.27 14:04:59,scan_executed_new_execution_bar,USDJPY,2025.11.27 13:45:00,0,
2025.11.27 14:09:59,scan_skipped_same_execution_bar,USDJPY,2025.11.27 13:45:00,0,
2025.11.27 14:19:59,scan_executed_new_execution_bar,USDJPY,2025.11.27 14:00:00,0,
2025.11.27 14:24:59,scan_skipped_same_execution_bar,USDJPY,2025.11.27 14:00:00,0,
2025.11.27 14:34:59,scan_executed_new_execution_bar,USDJPY,2025.11.27 14:15:00,0,
2025.11.27 14:39:59,scan_skipped_same_execution_bar,USDJPY,2025.11.27 14:15:00,0,
2025.11.27 14:49:59,scan_executed_new_execution_bar,USDJPY,2025.11.27 14:30:00,0,
2025.11.27 14:54:59,scan_skipped_same_execution_bar,USDJPY,2025.11.27 14:30:00,0,
2025.11.27 15:04:59,scan_executed_new_execution_bar,USDJPY,2025.11.27 14:45:00,0,
2025.11.27 15:09:59,scan_skipped_same_execution_bar,USDJPY,2025.11.27 14:45:00,0,
2025.11.27 15:19:59,scan_executed_new_execution_bar,USDJPY,2025.11.27 15:00:00,0,
2025.11.27 15:24:59,scan_skipped_same_execution_bar,USDJPY,2025.11.27 15:00:00,0,
2025.11.27 15:34:59,scan_executed_new_execution_bar,USDJPY,2025.11.27 15:15:00,0,
2025.11.27 15:39:59,scan_skipped_same_execution_bar,USDJPY,2025.11.27 15:15:00,0,
2025.11.27 15:49:59,scan_executed_new_execution_bar,USDJPY,2025.11.27 15:30:00,0,
2025.11.27 15:54:59,scan_skipped_same_execution_bar,USDJPY,2025.11.27 15:30:00,0,
2025.11.27 16:04:59,scan_executed_new_execution_bar,USDJPY,2025.11.27 15:45:00,16,
2025.11.27 16:09:59,scan_skipped_same_execution_bar,USDJPY,2025.11.27 15:45:00,0,
2025.11.27 16:19:59,scan_executed_new_execution_bar,USDJPY,2025.11.27 16:00:00,0,
2025.11.27 16:24:59,scan_skipped_same_execution_bar,USDJPY,2025.11.27 16:00:00,0,
2025.11.27 16:34:59,scan_executed_new_execution_bar,USDJPY,2025.11.27 16:15:00,0,
2025.11.27 16:39:59,scan_skipped_same_execution_bar,USDJPY,2025.11.27 16:15:00,0,
2025.11.27 16:49:59,scan_executed_new_execution_bar,USDJPY,2025.11.27 16:30:00,0,
2025.11.27 16:54:59,scan_skipped_same_execution_bar,USDJPY,2025.11.27 16:30:00,0,
2025.11.27 17:04:59,scan_executed_new_execution_bar,USDJPY,2025.11.27 16:45:00,0,
2025.11.27 17:09:59,scan_skipped_same_execution_bar,USDJPY,2025.11.27 16:45:00,0,
2025.11.27 17:19:59,scan_executed_new_execution_bar,USDJPY,2025.11.27 17:00:00,0,
2025.11.27 17:24:59,scan_skipped_same_execution_bar,USDJPY,2025.11.27 17:00:00,0,
2025.11.27 17:34:59,scan_executed_new_execution_bar,USDJPY,2025.11.27 17:15:00,15,
2025.11.27 17:39:59,scan_skipped_same_execution_bar,USDJPY,2025.11.27 17:15:00,0,
2025.11.27 17:49:59,scan_executed_new_execution_bar,USDJPY,2025.11.27 17:30:00,0,
2025.11.27 17:54:59,scan_skipped_same_execution_bar,USDJPY,2025.11.27 17:30:00,0,
2025.11.27 18:04:59,scan_executed_new_execution_bar,USDJPY,2025.11.27 17:45:00,0,
2025.11.27 18:09:59,scan_skipped_same_execution_bar,USDJPY,2025.11.27 17:45:00,0,
2025.11.27 18:19:59,scan_executed_new_execution_bar,USDJPY,2025.11.27 18:00:00,0,
2025.11.27 18:24:59,scan_skipped_same_execution_bar,USDJPY,2025.11.27 18:00:00,0,
2025.11.27 18:34:59,scan_executed_new_execution_bar,USDJPY,2025.11.27 18:15:00,0,
2025.11.27 18:39:59,scan_skipped_same_execution_bar,USDJPY,2025.11.27 18:15:00,0,
2025.11.27 18:49:59,scan_executed_new_execution_bar,USDJPY,2025.11.27 18:30:00,0,
2025.11.27 18:54:59,scan_skipped_same_execution_bar,USDJPY,2025.11.27 18:30:00,0,
2025.11.27 19:04:59,scan_executed_new_execution_bar,USDJPY,2025.11.27 18:45:00,0,
2025.11.27 19:09:59,scan_skipped_same_execution_bar,USDJPY,2025.11.27 18:45:00,0,
2025.11.27 19:19:59,scan_executed_new_execution_bar,USDJPY,2025.11.27 19:00:00,0,
2025.11.27 19:24:59,scan_skipped_same_execution_bar,USDJPY,2025.11.27 19:00:00,0,
2025.11.27 19:34:59,scan_executed_new_execution_bar,USDJPY,2025.11.27 19:15:00,0,
2025.11.27 19:39:59,scan_skipped_same_execution_bar,USDJPY,2025.11.27 19:15:00,0,
2025.11.27 19:49:59,scan_executed_new_execution_bar,USDJPY,2025.11.27 19:30:00,0,
2025.11.27 19:54:59,scan_skipped_same_execution_bar,USDJPY,2025.11.27 19:30:00,0,
2025.11.27 20:04:59,scan_executed_new_execution_bar,USDJPY,2025.11.27 19:45:00,0,
2025.11.27 20:09:59,scan_skipped_same_execution_bar,USDJPY,2025.11.27 19:45:00,0,
2025.11.27 20:19:59,scan_executed_new_execution_bar,USDJPY,2025.11.27 20:00:00,0,
2025.11.27 20:24:59,scan_skipped_same_execution_bar,USDJPY,2025.11.27 20:00:00,0,
2025.11.27 20:34:59,scan_executed_new_execution_bar,USDJPY,2025.11.27 20:15:00,0,
2025.11.27 20:39:59,scan_skipped_same_execution_bar,USDJPY,2025.11.27 20:15:00,0,
2025.11.27 20:49:59,scan_executed_new_execution_bar,USDJPY,2025.11.27 20:30:00,15,
2025.11.27 20:54:59,scan_skipped_same_execution_bar,USDJPY,2025.11.27 20:30:00,0,
2025.11.27 21:04:59,scan_executed_new_execution_bar,USDJPY,2025.11.27 20:45:00,16,
2025.11.27 21:09:59,scan_skipped_same_execution_bar,USDJPY,2025.11.27 20:45:00,0,
2025.11.27 21:19:59,scan_executed_new_execution_bar,USDJPY,2025.11.27 21:00:00,0,
2025.11.27 21:24:59,scan_skipped_same_execution_bar,USDJPY,2025.11.27 21:00:00,0,
2025.11.27 21:34:57,scan_executed_new_execution_bar,USDJPY,2025.11.27 21:15:00,0,
2025.11.27 21:39:59,scan_skipped_same_execution_bar,USDJPY,2025.11.27 21:15:00,0,
2025.11.27 21:49:59,scan_executed_new_execution_bar,USDJPY,2025.11.27 21:30:00,0,
2025.11.27 21:54:59,scan_skipped_same_execution_bar,USDJPY,2025.11.27 21:30:00,0,
2025.11.27 22:04:59,scan_executed_new_execution_bar,USDJPY,2025.11.27 21:45:00,0,
2025.11.27 22:09:59,scan_skipped_same_execution_bar,USDJPY,2025.11.27 21:45:00,0,
2025.11.27 22:19:58,scan_executed_new_execution_bar,USDJPY,2025.11.27 22:00:00,0,
2025.11.27 22:24:59,scan_skipped_same_execution_bar,USDJPY,2025.11.27 22:00:00,0,
2025.11.27 22:34:59,scan_executed_new_execution_bar,USDJPY,2025.11.27 22:15:00,0,
2025.11.27 22:39:59,scan_skipped_same_execution_bar,USDJPY,2025.11.27 22:15:00,0,
2025.11.27 22:49:59,scan_executed_new_execution_bar,USDJPY,2025.11.27 22:30:00,0,
2025.11.27 22:54:59,scan_skipped_same_execution_bar,USDJPY,2025.11.27 22:30:00,0,
2025.11.27 23:04:59,scan_executed_new_execution_bar,USDJPY,2025.11.27 22:45:00,0,
2025.11.27 23:09:59,scan_skipped_same_execution_bar,USDJPY,2025.11.27 22:45:00,0,
2025.11.27 23:19:59,scan_executed_new_execution_bar,USDJPY,2025.11.27 23:00:00,0,
2025.11.27 23:24:58,scan_skipped_same_execution_bar,USDJPY,2025.11.27 23:00:00,0,
2025.11.27 23:34:42,scan_executed_new_execution_bar,USDJPY,2025.11.27 23:15:00,0,
2025.11.27 23:39:59,scan_skipped_same_execution_bar,USDJPY,2025.11.27 23:15:00,0,
2025.11.27 23:49:59,scan_executed_new_execution_bar,USDJPY,2025.11.27 23:30:00,0,
2025.11.27 23:54:56,scan_skipped_same_execution_bar,USDJPY,2025.11.27 23:30:00,0,
2025.11.28 00:04:59,scan_executed_new_execution_bar,USDJPY,2025.11.27 23:45:00,0,
2025.11.28 00:09:59,scan_skipped_same_execution_bar,USDJPY,2025.11.27 23:45:00,0,
2025.11.28 00:19:55,scan_executed_new_execution_bar,USDJPY,2025.11.28 00:00:00,0,
2025.11.28 00:24:56,scan_skipped_same_execution_bar,USDJPY,2025.11.28 00:00:00,0,
2025.11.28 00:34:59,scan_executed_new_execution_bar,USDJPY,2025.11.28 00:15:00,0,
2025.11.28 00:39:58,scan_skipped_same_execution_bar,USDJPY,2025.11.28 00:15:00,0,
2025.11.28 00:49:59,scan_executed_new_execution_bar,USDJPY,2025.11.28 00:30:00,0,
2025.11.28 00:54:56,scan_skipped_same_execution_bar,USDJPY,2025.11.28 00:30:00,0,
2025.11.28 01:04:59,scan_executed_new_execution_bar,USDJPY,2025.11.28 00:45:00,0,
2025.11.28 01:09:58,scan_skipped_same_execution_bar,USDJPY,2025.11.28 00:45:00,0,
2025.11.28 01:20:00,scan_executed_new_execution_bar,USDJPY,2025.11.28 01:00:00,0,
2025.11.28 01:24:59,scan_skipped_same_execution_bar,USDJPY,2025.11.28 01:00:00,0,
2025.11.28 01:34:59,scan_executed_new_execution_bar,USDJPY,2025.11.28 01:15:00,0,
2025.11.28 01:39:59,scan_skipped_same_execution_bar,USDJPY,2025.11.28 01:15:00,0,
2025.11.28 01:49:59,scan_executed_new_execution_bar,USDJPY,2025.11.28 01:30:00,0,
2025.11.28 01:54:59,scan_skipped_same_execution_bar,USDJPY,2025.11.28 01:30:00,0,
2025.11.28 02:04:59,scan_executed_new_execution_bar,USDJPY,2025.11.28 01:45:00,0,
2025.11.28 02:09:59,scan_skipped_same_execution_bar,USDJPY,2025.11.28 01:45:00,0,
2025.11.28 02:19:59,scan_executed_new_execution_bar,USDJPY,2025.11.28 02:00:00,0,
2025.11.28 02:24:59,scan_skipped_same_execution_bar,USDJPY,2025.11.28 02:00:00,0,
2025.11.28 02:34:59,scan_executed_new_execution_bar,USDJPY,2025.11.28 02:15:00,0,
2025.11.28 02:39:59,scan_skipped_same_execution_bar,USDJPY,2025.11.28 02:15:00,0,
2025.11.28 02:49:59,scan_executed_new_execution_bar,USDJPY,2025.11.28 02:30:00,0,
2025.11.28 02:54:59,scan_skipped_same_execution_bar,USDJPY,2025.11.28 02:30:00,0,
2025.11.28 03:04:59,scan_executed_new_execution_bar,USDJPY,2025.11.28 02:45:00,0,
2025.11.28 03:09:59,scan_skipped_same_execution_bar,USDJPY,2025.11.28 02:45:00,0,
2025.11.28 03:19:59,scan_executed_new_execution_bar,USDJPY,2025.11.28 03:00:00,0,
2025.11.28 03:24:58,scan_skipped_same_execution_bar,USDJPY,2025.11.28 03:00:00,0,
2025.11.28 03:34:59,scan_executed_new_execution_bar,USDJPY,2025.11.28 03:15:00,0,
2025.11.28 03:39:59,scan_skipped_same_execution_bar,USDJPY,2025.11.28 03:15:00,0,
2025.11.28 03:49:59,scan_executed_new_execution_bar,USDJPY,2025.11.28 03:30:00,16,
2025.11.28 03:54:59,scan_skipped_same_execution_bar,USDJPY,2025.11.28 03:30:00,0,
2025.11.28 04:04:59,scan_executed_new_execution_bar,USDJPY,2025.11.28 03:45:00,0,
2025.11.28 04:09:59,scan_skipped_same_execution_bar,USDJPY,2025.11.28 03:45:00,0,
2025.11.28 04:19:59,scan_executed_new_execution_bar,USDJPY,2025.11.28 04:00:00,0,
2025.11.28 04:24:59,scan_skipped_same_execution_bar,USDJPY,2025.11.28 04:00:00,0,
2025.11.28 04:34:59,scan_executed_new_execution_bar,USDJPY,2025.11.28 04:15:00,0,
2025.11.28 04:40:00,scan_skipped_same_execution_bar,USDJPY,2025.11.28 04:15:00,0,
2025.11.28 04:49:59,scan_executed_new_execution_bar,USDJPY,2025.11.28 04:30:00,0,
2025.11.28 04:54:59,scan_skipped_same_execution_bar,USDJPY,2025.11.28 04:30:00,0,
2025.11.28 05:05:00,scan_executed_new_execution_bar,USDJPY,2025.11.28 04:45:00,0,
2025.11.28 05:09:59,scan_skipped_same_execution_bar,USDJPY,2025.11.28 04:45:00,0,
2025.11.28 05:19:59,scan_executed_new_execution_bar,USDJPY,2025.11.28 05:00:00,15,
2025.11.28 05:24:59,scan_skipped_same_execution_bar,USDJPY,2025.11.28 05:00:00,0,
2025.11.28 05:34:59,scan_executed_new_execution_bar,USDJPY,2025.11.28 05:15:00,0,
2025.11.28 05:39:59,scan_skipped_same_execution_bar,USDJPY,2025.11.28 05:15:00,0,
2025.11.28 05:49:59,scan_executed_new_execution_bar,USDJPY,2025.11.28 05:30:00,16,
2025.11.28 05:54:59,scan_skipped_same_execution_bar,USDJPY,2025.11.28 05:30:00,0,
2025.11.28 06:04:59,scan_executed_new_execution_bar,USDJPY,2025.11.28 05:45:00,0,
2025.11.28 06:09:59,scan_skipped_same_execution_bar,USDJPY,2025.11.28 05:45:00,0,
2025.11.28 06:20:00,scan_executed_new_execution_bar,USDJPY,2025.11.28 06:00:00,0,
2025.11.28 06:24:59,scan_skipped_same_execution_bar,USDJPY,2025.11.28 06:00:00,0,
2025.11.28 06:34:59,scan_executed_new_execution_bar,USDJPY,2025.11.28 06:15:00,15,
2025.11.28 06:39:59,scan_skipped_same_execution_bar,USDJPY,2025.11.28 06:15:00,0,
2025.11.28 06:49:59,scan_executed_new_execution_bar,USDJPY,2025.11.28 06:30:00,0,
2025.11.28 06:54:59,scan_skipped_same_execution_bar,USDJPY,2025.11.28 06:30:00,0,
2025.11.28 07:04:59,scan_executed_new_execution_bar,USDJPY,2025.11.28 06:45:00,15,
2025.11.28 07:09:59,scan_skipped_same_execution_bar,USDJPY,2025.11.28 06:45:00,0,
2025.11.28 07:19:59,scan_executed_new_execution_bar,USDJPY,2025.11.28 07:00:00,31,
2025.11.28 07:24:59,scan_skipped_same_execution_bar,USDJPY,2025.11.28 07:00:00,0,
2025.11.28 07:34:59,scan_executed_new_execution_bar,USDJPY,2025.11.28 07:15:00,16,
2025.11.28 07:39:59,scan_skipped_same_execution_bar,USDJPY,2025.11.28 07:15:00,0,
2025.11.28 07:49:59,scan_executed_new_execution_bar,USDJPY,2025.11.28 07:30:00,16,
2025.11.28 07:54:59,scan_skipped_same_execution_bar,USDJPY,2025.11.28 07:30:00,0,
2025.11.28 08:04:59,scan_executed_new_execution_bar,USDJPY,2025.11.28 07:45:00,31,
2025.11.28 08:09:59,scan_skipped_same_execution_bar,USDJPY,2025.11.28 07:45:00,0,
2025.11.28 08:19:59,scan_executed_new_execution_bar,USDJPY,2025.11.28 08:00:00,0,
2025.11.28 08:24:59,scan_skipped_same_execution_bar,USDJPY,2025.11.28 08:00:00,0,
2025.11.28 08:34:59,scan_executed_new_execution_bar,USDJPY,2025.11.28 08:15:00,0,
2025.11.28 08:39:59,scan_skipped_same_execution_bar,USDJPY,2025.11.28 08:15:00,0,
2025.11.28 08:49:59,scan_executed_new_execution_bar,USDJPY,2025.11.28 08:30:00,0,
2025.11.28 08:55:00,scan_skipped_same_execution_bar,USDJPY,2025.11.28 08:30:00,0,
2025.11.28 09:04:59,scan_executed_new_execution_bar,USDJPY,2025.11.28 08:45:00,0,
2025.11.28 09:09:59,scan_skipped_same_execution_bar,USDJPY,2025.11.28 08:45:00,0,
2025.11.28 09:20:00,scan_executed_new_execution_bar,USDJPY,2025.11.28 09:00:00,0,
2025.11.28 09:24:59,scan_skipped_same_execution_bar,USDJPY,2025.11.28 09:00:00,0,
2025.11.28 09:35:00,scan_executed_new_execution_bar,USDJPY,2025.11.28 09:15:00,0,
2025.11.28 09:39:59,scan_skipped_same_execution_bar,USDJPY,2025.11.28 09:15:00,0,
2025.11.28 09:49:59,scan_executed_new_execution_bar,USDJPY,2025.11.28 09:30:00,0,
2025.11.28 09:54:59,scan_skipped_same_execution_bar,USDJPY,2025.11.28 09:30:00,0,
2025.11.28 10:04:59,scan_executed_new_execution_bar,USDJPY,2025.11.28 09:45:00,0,
2025.11.28 10:09:59,scan_skipped_same_execution_bar,USDJPY,2025.11.28 09:45:00,0,
2025.11.28 10:19:59,scan_executed_new_execution_bar,USDJPY,2025.11.28 10:00:00,16,
2025.11.28 10:24:59,scan_skipped_same_execution_bar,USDJPY,2025.11.28 10:00:00,0,
2025.11.28 10:34:59,scan_executed_new_execution_bar,USDJPY,2025.11.28 10:15:00,0,
2025.11.28 10:39:59,scan_skipped_same_execution_bar,USDJPY,2025.11.28 10:15:00,0,
2025.11.28 10:49:59,scan_executed_new_execution_bar,USDJPY,2025.11.28 10:30:00,16,
2025.11.28 10:54:59,scan_skipped_same_execution_bar,USDJPY,2025.11.28 10:30:00,0,
2025.11.28 11:04:59,scan_executed_new_execution_bar,USDJPY,2025.11.28 10:45:00,0,
2025.11.28 11:09:59,scan_skipped_same_execution_bar,USDJPY,2025.11.28 10:45:00,0,
2025.11.28 11:19:59,scan_executed_new_execution_bar,USDJPY,2025.11.28 11:00:00,31,
2025.11.28 11:24:59,scan_skipped_same_execution_bar,USDJPY,2025.11.28 11:00:00,0,
2025.11.28 11:34:59,scan_executed_new_execution_bar,USDJPY,2025.11.28 11:15:00,0,
2025.11.28 11:39:59,scan_skipped_same_execution_bar,USDJPY,2025.11.28 11:15:00,0,
2025.11.28 11:49:59,scan_executed_new_execution_bar,USDJPY,2025.11.28 11:30:00,16,
2025.11.28 11:54:59,scan_skipped_same_execution_bar,USDJPY,2025.11.28 11:30:00,0,
2025.11.28 12:04:59,scan_executed_new_execution_bar,USDJPY,2025.11.28 11:45:00,15,
2025.11.28 12:09:59,scan_skipped_same_execution_bar,USDJPY,2025.11.28 11:45:00,0,
2025.11.28 12:19:59,scan_executed_new_execution_bar,USDJPY,2025.11.28 12:00:00,16,
2025.11.28 12:24:59,scan_skipped_same_execution_bar,USDJPY,2025.11.28 12:00:00,0,
2025.11.28 12:34:59,scan_executed_new_execution_bar,USDJPY,2025.11.28 12:15:00,0,
2025.11.28 12:39:59,scan_skipped_same_execution_bar,USDJPY,2025.11.28 12:15:00,0,
2025.11.28 12:49:59,scan_executed_new_execution_bar,USDJPY,2025.11.28 12:30:00,0,
2025.11.28 12:54:59,scan_skipped_same_execution_bar,USDJPY,2025.11.28 12:30:00,0,
2025.11.28 13:04:59,scan_executed_new_execution_bar,USDJPY,2025.11.28 12:45:00,0,
2025.11.28 13:09:59,scan_skipped_same_execution_bar,USDJPY,2025.11.28 12:45:00,0,
2025.11.28 13:19:59,scan_executed_new_execution_bar,USDJPY,2025.11.28 13:00:00,15,
2025.11.28 13:24:59,scan_skipped_same_execution_bar,USDJPY,2025.11.28 13:00:00,0,
2025.11.28 13:34:59,scan_executed_new_execution_bar,USDJPY,2025.11.28 13:15:00,0,
2025.11.28 13:40:00,scan_skipped_same_execution_bar,USDJPY,2025.11.28 13:15:00,0,
2025.11.28 13:49:59,scan_executed_new_execution_bar,USDJPY,2025.11.28 13:30:00,47,
2025.11.28 13:54:59,scan_skipped_same_execution_bar,USDJPY,2025.11.28 13:30:00,0,
2025.11.28 14:04:59,scan_executed_new_execution_bar,USDJPY,2025.11.28 13:45:00,16,
2025.11.28 14:09:59,scan_skipped_same_execution_bar,USDJPY,2025.11.28 13:45:00,0,
2025.11.28 14:19:59,scan_executed_new_execution_bar,USDJPY,2025.11.28 14:00:00,62,
2025.11.28 14:24:59,scan_skipped_same_execution_bar,USDJPY,2025.11.28 14:00:00,0,
2025.11.28 14:34:59,scan_executed_new_execution_bar,USDJPY,2025.11.28 14:15:00,16,
2025.11.28 14:39:59,scan_skipped_same_execution_bar,USDJPY,2025.11.28 14:15:00,0,
2025.11.28 14:49:59,scan_executed_new_execution_bar,USDJPY,2025.11.28 14:30:00,0,
2025.11.28 14:54:59,scan_skipped_same_execution_bar,USDJPY,2025.11.28 14:30:00,0,
2025.11.28 15:04:59,scan_executed_new_execution_bar,USDJPY,2025.11.28 14:45:00,16,
2025.11.28 15:09:59,scan_skipped_same_execution_bar,USDJPY,2025.11.28 14:45:00,0,
2025.11.28 15:19:59,scan_executed_new_execution_bar,USDJPY,2025.11.28 15:00:00,15,
2025.11.28 15:24:59,scan_skipped_same_execution_bar,USDJPY,2025.11.28 15:00:00,0,
2025.11.28 15:34:59,scan_executed_new_execution_bar,USDJPY,2025.11.28 15:15:00,16,
2025.11.28 15:39:59,scan_skipped_same_execution_bar,USDJPY,2025.11.28 15:15:00,0,
2025.11.28 15:49:59,scan_executed_new_execution_bar,USDJPY,2025.11.28 15:30:00,15,
2025.11.28 15:54:59,scan_skipped_same_execution_bar,USDJPY,2025.11.28 15:30:00,0,
2025.11.28 16:04:59,scan_executed_new_execution_bar,USDJPY,2025.11.28 15:45:00,0,
2025.11.28 16:09:59,scan_skipped_same_execution_bar,USDJPY,2025.11.28 15:45:00,0,
2025.11.28 16:19:59,scan_executed_new_execution_bar,USDJPY,2025.11.28 16:00:00,15,
2025.11.28 16:24:59,scan_skipped_same_execution_bar,USDJPY,2025.11.28 16:00:00,0,
2025.11.28 16:34:59,scan_executed_new_execution_bar,USDJPY,2025.11.28 16:15:00,16,
2025.11.28 16:39:59,scan_skipped_same_execution_bar,USDJPY,2025.11.28 16:15:00,0,
2025.11.28 16:49:59,scan_executed_new_execution_bar,USDJPY,2025.11.28 16:30:00,0,
2025.11.28 16:54:59,scan_skipped_same_execution_bar,USDJPY,2025.11.28 16:30:00,0,
2025.11.28 17:04:59,scan_executed_new_execution_bar,USDJPY,2025.11.28 16:45:00,0,
2025.11.28 17:09:59,scan_skipped_same_execution_bar,USDJPY,2025.11.28 16:45:00,0,
2025.11.28 17:19:59,scan_executed_new_execution_bar,USDJPY,2025.11.28 17:00:00,16,
2025.11.28 17:24:59,scan_skipped_same_execution_bar,USDJPY,2025.11.28 17:00:00,0,
2025.11.28 17:34:59,scan_executed_new_execution_bar,USDJPY,2025.11.28 17:15:00,15,
2025.11.28 17:39:59,scan_skipped_same_execution_bar,USDJPY,2025.11.28 17:15:00,0,
2025.11.28 17:49:59,scan_executed_new_execution_bar,USDJPY,2025.11.28 17:30:00,0,
2025.11.28 17:54:59,scan_skipped_same_execution_bar,USDJPY,2025.11.28 17:30:00,0,
2025.11.28 18:04:59,scan_executed_new_execution_bar,USDJPY,2025.11.28 17:45:00,0,
2025.11.28 18:09:59,scan_skipped_same_execution_bar,USDJPY,2025.11.28 17:45:00,0,
2025.11.28 18:19:59,scan_executed_new_execution_bar,USDJPY,2025.11.28 18:00:00,47,
2025.11.28 18:24:59,scan_skipped_same_execution_bar,USDJPY,2025.11.28 18:00:00,0,
2025.11.28 18:34:59,scan_executed_new_execution_bar,USDJPY,2025.11.28 18:15:00,47,
2025.11.28 18:39:59,scan_skipped_same_execution_bar,USDJPY,2025.11.28 18:15:00,0,
2025.11.28 18:49:59,scan_executed_new_execution_bar,USDJPY,2025.11.28 18:30:00,16,
2025.11.28 18:54:56,scan_skipped_same_execution_bar,USDJPY,2025.11.28 18:30:00,0,
2025.11.28 19:04:59,scan_executed_new_execution_bar,USDJPY,2025.11.28 18:45:00,47,
2025.11.28 19:09:59,scan_skipped_same_execution_bar,USDJPY,2025.11.28 18:45:00,0,
2025.11.28 19:19:59,scan_executed_new_execution_bar,USDJPY,2025.11.28 19:00:00,47,
2025.11.28 19:24:59,scan_skipped_same_execution_bar,USDJPY,2025.11.28 19:00:00,0,
2025.11.28 19:34:58,scan_executed_new_execution_bar,USDJPY,2025.11.28 19:15:00,47,
2025.11.28 19:39:59,scan_skipped_same_execution_bar,USDJPY,2025.11.28 19:15:00,0,
2025.11.28 19:49:59,scan_executed_new_execution_bar,USDJPY,2025.11.28 19:30:00,31,
2025.11.28 19:54:59,scan_skipped_same_execution_bar,USDJPY,2025.11.28 19:30:00,0,
2025.11.28 20:04:58,scan_executed_new_execution_bar,USDJPY,2025.11.28 19:45:00,16,
2025.11.28 20:09:56,scan_skipped_same_execution_bar,USDJPY,2025.11.28 19:45:00,0,
2025.11.28 20:19:59,scan_executed_new_execution_bar,USDJPY,2025.11.28 20:00:00,31,
2025.11.28 20:24:59,scan_skipped_same_execution_bar,USDJPY,2025.11.28 20:00:00,0,
2025.11.28 20:34:59,scan_executed_new_execution_bar,USDJPY,2025.11.28 20:15:00,0,
2025.11.28 20:39:59,scan_skipped_same_execution_bar,USDJPY,2025.11.28 20:15:00,0,
2025.11.28 20:49:59,scan_executed_new_execution_bar,USDJPY,2025.11.28 20:30:00,16,
2025.11.28 20:54:59,scan_skipped_same_execution_bar,USDJPY,2025.11.28 20:30:00,0,
2025.11.28 21:04:59,scan_executed_new_execution_bar,USDJPY,2025.11.28 20:45:00,0,
2025.11.28 21:09:59,scan_skipped_same_execution_bar,USDJPY,2025.11.28 20:45:00,0,
2025.11.28 21:19:59,scan_executed_new_execution_bar,USDJPY,2025.11.28 21:00:00,0,
2025.11.28 21:24:59,scan_skipped_same_execution_bar,USDJPY,2025.11.28 21:00:00,0,
2025.11.28 21:34:59,scan_executed_new_execution_bar,USDJPY,2025.11.28 21:15:00,0,
2025.11.28 21:39:57,scan_skipped_same_execution_bar,USDJPY,2025.11.28 21:15:00,0,
2025.11.28 21:49:59,scan_executed_new_execution_bar,USDJPY,2025.11.28 21:30:00,0,
2025.11.28 21:54:58,scan_skipped_same_execution_bar,USDJPY,2025.11.28 21:30:00,0,
2025.11.28 22:05:00,scan_executed_new_execution_bar,USDJPY,2025.11.28 21:45:00,16,
2025.11.28 22:09:59,scan_skipped_same_execution_bar,USDJPY,2025.11.28 21:45:00,0,
2025.11.28 22:19:59,scan_executed_new_execution_bar,USDJPY,2025.11.28 22:00:00,15,
2025.11.28 22:24:59,scan_skipped_same_execution_bar,USDJPY,2025.11.28 22:00:00,0,
2025.11.28 22:34:59,scan_executed_new_execution_bar,USDJPY,2025.11.28 22:15:00,0,
2025.11.28 22:39:59,scan_skipped_same_execution_bar,USDJPY,2025.11.28 22:15:00,0,
2025.11.28 22:49:58,scan_executed_new_execution_bar,USDJPY,2025.11.28 22:30:00,0,
2025.11.28 22:54:59,scan_skipped_same_execution_bar,USDJPY,2025.11.28 22:30:00,0,
2025.11.28 23:04:59,scan_executed_new_execution_bar,USDJPY,2025.11.28 22:45:00,0,
2025.11.28 23:09:59,scan_skipped_same_execution_bar,USDJPY,2025.11.28 22:45:00,0,
2025.11.28 23:20:00,scan_executed_new_execution_bar,USDJPY,2025.11.28 23:00:00,0,
2025.11.28 23:24:59,scan_skipped_same_execution_bar,USDJPY,2025.11.28 23:00:00,0,
2025.11.28 23:34:59,scan_executed_new_execution_bar,USDJPY,2025.11.28 23:15:00,0,
2025.11.28 23:39:59,scan_skipped_same_execution_bar,USDJPY,2025.11.28 23:15:00,0,
2025.11.28 23:49:59,scan_executed_new_execution_bar,USDJPY,2025.11.28 23:30:00,0,
2025.11.28 23:54:59,scan_skipped_same_execution_bar,USDJPY,2025.11.28 23:30:00,0,
2025.12.01 00:04:58,scan_executed_new_execution_bar,USDJPY,2025.11.28 23:45:00,0,
2025.12.01 00:09:58,scan_skipped_same_execution_bar,USDJPY,2025.11.28 23:45:00,0,
2025.12.01 00:19:59,scan_executed_new_execution_bar,USDJPY,2025.12.01 00:00:00,0,
2025.12.01 00:24:59,scan_skipped_same_execution_bar,USDJPY,2025.12.01 00:00:00,0,
2025.12.01 00:34:59,scan_executed_new_execution_bar,USDJPY,2025.12.01 00:15:00,0,
2025.12.01 00:39:59,scan_skipped_same_execution_bar,USDJPY,2025.12.01 00:15:00,0,
2025.12.01 00:49:56,scan_executed_new_execution_bar,USDJPY,2025.12.01 00:30:00,0,
2025.12.01 00:54:56,scan_skipped_same_execution_bar,USDJPY,2025.12.01 00:30:00,0,
2025.12.01 01:04:56,scan_executed_new_execution_bar,USDJPY,2025.12.01 00:45:00,0,
2025.12.01 01:09:59,scan_skipped_same_execution_bar,USDJPY,2025.12.01 00:45:00,0,
2025.12.01 01:19:59,scan_executed_new_execution_bar,USDJPY,2025.12.01 01:00:00,0,
2025.12.01 01:24:59,scan_skipped_same_execution_bar,USDJPY,2025.12.01 01:00:00,0,
2025.12.01 01:34:59,scan_executed_new_execution_bar,USDJPY,2025.12.01 01:15:00,0,
2025.12.01 01:39:59,scan_skipped_same_execution_bar,USDJPY,2025.12.01 01:15:00,0,
2025.12.01 01:49:59,scan_executed_new_execution_bar,USDJPY,2025.12.01 01:30:00,0,
2025.12.01 01:54:59,scan_skipped_same_execution_bar,USDJPY,2025.12.01 01:30:00,0,
2025.12.01 02:04:59,scan_executed_new_execution_bar,USDJPY,2025.12.01 01:45:00,0,
2025.12.01 02:09:59,scan_skipped_same_execution_bar,USDJPY,2025.12.01 01:45:00,0,
2025.12.01 02:19:59,scan_executed_new_execution_bar,USDJPY,2025.12.01 02:00:00,0,
2025.12.01 02:24:59,scan_skipped_same_execution_bar,USDJPY,2025.12.01 02:00:00,0,
2025.12.01 02:34:59,scan_executed_new_execution_bar,USDJPY,2025.12.01 02:15:00,0,
2025.12.01 02:39:59,scan_skipped_same_execution_bar,USDJPY,2025.12.01 02:15:00,0,
2025.12.01 02:49:59,scan_executed_new_execution_bar,USDJPY,2025.12.01 02:30:00,0,
2025.12.01 02:54:59,scan_skipped_same_execution_bar,USDJPY,2025.12.01 02:30:00,0,
2025.12.01 03:05:00,scan_executed_new_execution_bar,USDJPY,2025.12.01 02:45:00,15,
2025.12.01 03:09:59,scan_skipped_same_execution_bar,USDJPY,2025.12.01 02:45:00,0,
2025.12.01 03:19:59,scan_executed_new_execution_bar,USDJPY,2025.12.01 03:00:00,0,
2025.12.01 03:24:59,scan_skipped_same_execution_bar,USDJPY,2025.12.01 03:00:00,0,
2025.12.01 03:34:59,scan_executed_new_execution_bar,USDJPY,2025.12.01 03:15:00,0,
2025.12.01 03:39:59,scan_skipped_same_execution_bar,USDJPY,2025.12.01 03:15:00,0,
2025.12.01 03:49:59,scan_executed_new_execution_bar,USDJPY,2025.12.01 03:30:00,0,
2025.12.01 03:54:59,scan_skipped_same_execution_bar,USDJPY,2025.12.01 03:30:00,0,
2025.12.01 04:04:59,scan_executed_new_execution_bar,USDJPY,2025.12.01 03:45:00,0,
2025.12.01 04:09:59,scan_skipped_same_execution_bar,USDJPY,2025.12.01 03:45:00,0,
2025.12.01 04:19:59,scan_executed_new_execution_bar,USDJPY,2025.12.01 04:00:00,0,
2025.12.01 04:24:59,scan_skipped_same_execution_bar,USDJPY,2025.12.01 04:00:00,0,
2025.12.01 04:34:59,scan_executed_new_execution_bar,USDJPY,2025.12.01 04:15:00,16,
2025.12.01 04:39:59,scan_skipped_same_execution_bar,USDJPY,2025.12.01 04:15:00,0,
2025.12.01 04:49:59,scan_executed_new_execution_bar,USDJPY,2025.12.01 04:30:00,0,
2025.12.01 04:54:59,scan_skipped_same_execution_bar,USDJPY,2025.12.01 04:30:00,0,
2025.12.01 05:04:59,scan_executed_new_execution_bar,USDJPY,2025.12.01 04:45:00,47,
2025.12.01 05:09:59,scan_skipped_same_execution_bar,USDJPY,2025.12.01 04:45:00,0,
2025.12.01 05:19:59,scan_executed_new_execution_bar,USDJPY,2025.12.01 05:00:00,0,
2025.12.01 05:24:59,scan_skipped_same_execution_bar,USDJPY,2025.12.01 05:00:00,0,
2025.12.01 05:34:59,scan_executed_new_execution_bar,USDJPY,2025.12.01 05:15:00,47,
2025.12.01 05:39:59,scan_skipped_same_execution_bar,USDJPY,2025.12.01 05:15:00,0,
2025.12.01 05:49:59,scan_executed_new_execution_bar,USDJPY,2025.12.01 05:30:00,0,
2025.12.01 05:54:59,scan_skipped_same_execution_bar,USDJPY,2025.12.01 05:30:00,0,
2025.12.01 06:04:59,scan_executed_new_execution_bar,USDJPY,2025.12.01 05:45:00,31,
2025.12.01 06:10:00,scan_skipped_same_execution_bar,USDJPY,2025.12.01 05:45:00,0,
2025.12.01 06:19:59,scan_executed_new_execution_bar,USDJPY,2025.12.01 06:00:00,0,
2025.12.01 06:24:59,scan_skipped_same_execution_bar,USDJPY,2025.12.01 06:00:00,0,
2025.12.01 06:34:59,scan_executed_new_execution_bar,USDJPY,2025.12.01 06:15:00,32,
2025.12.01 06:39:59,scan_skipped_same_execution_bar,USDJPY,2025.12.01 06:15:00,0,
2025.12.01 06:49:59,scan_executed_new_execution_bar,USDJPY,2025.12.01 06:30:00,16,
2025.12.01 06:54:59,scan_skipped_same_execution_bar,USDJPY,2025.12.01 06:30:00,0,
2025.12.01 07:04:59,scan_executed_new_execution_bar,USDJPY,2025.12.01 06:45:00,16,
2025.12.01 07:09:59,scan_skipped_same_execution_bar,USDJPY,2025.12.01 06:45:00,0,
2025.12.01 07:19:59,scan_executed_new_execution_bar,USDJPY,2025.12.01 07:00:00,0,
2025.12.01 07:24:59,scan_skipped_same_execution_bar,USDJPY,2025.12.01 07:00:00,0,
2025.12.01 07:34:59,scan_executed_new_execution_bar,USDJPY,2025.12.01 07:15:00,0,
2025.12.01 07:39:59,scan_skipped_same_execution_bar,USDJPY,2025.12.01 07:15:00,0,
2025.12.01 07:49:59,scan_executed_new_execution_bar,USDJPY,2025.12.01 07:30:00,16,
2025.12.01 07:54:59,scan_skipped_same_execution_bar,USDJPY,2025.12.01 07:30:00,0,
2025.12.01 08:04:59,scan_executed_new_execution_bar,USDJPY,2025.12.01 07:45:00,0,
2025.12.01 08:09:59,scan_skipped_same_execution_bar,USDJPY,2025.12.01 07:45:00,0,
2025.12.01 08:19:59,scan_executed_new_execution_bar,USDJPY,2025.12.01 08:00:00,15,
2025.12.01 08:24:59,scan_skipped_same_execution_bar,USDJPY,2025.12.01 08:00:00,0,
2025.12.01 08:34:59,scan_executed_new_execution_bar,USDJPY,2025.12.01 08:15:00,0,
2025.12.01 08:39:59,scan_skipped_same_execution_bar,USDJPY,2025.12.01 08:15:00,0,
2025.12.01 08:49:59,scan_executed_new_execution_bar,USDJPY,2025.12.01 08:30:00,0,
2025.12.01 08:54:59,scan_skipped_same_execution_bar,USDJPY,2025.12.01 08:30:00,0,
2025.12.01 09:04:59,scan_executed_new_execution_bar,USDJPY,2025.12.01 08:45:00,0,
2025.12.01 09:09:59,scan_skipped_same_execution_bar,USDJPY,2025.12.01 08:45:00,0,
2025.12.01 09:19:59,scan_executed_new_execution_bar,USDJPY,2025.12.01 09:00:00,0,
2025.12.01 09:24:59,scan_skipped_same_execution_bar,USDJPY,2025.12.01 09:00:00,0,
2025.12.01 09:34:59,scan_executed_new_execution_bar,USDJPY,2025.12.01 09:15:00,0,
2025.12.01 09:39:59,scan_skipped_same_execution_bar,USDJPY,2025.12.01 09:15:00,0,
2025.12.01 09:49:59,scan_executed_new_execution_bar,USDJPY,2025.12.01 09:30:00,0,
2025.12.01 09:54:59,scan_skipped_same_execution_bar,USDJPY,2025.12.01 09:30:00,0,
2025.12.01 10:04:59,scan_executed_new_execution_bar,USDJPY,2025.12.01 09:45:00,0,
2025.12.01 10:09:59,scan_skipped_same_execution_bar,USDJPY,2025.12.01 09:45:00,0,
2025.12.01 10:19:59,scan_executed_new_execution_bar,USDJPY,2025.12.01 10:00:00,15,
2025.12.01 10:24:59,scan_skipped_same_execution_bar,USDJPY,2025.12.01 10:00:00,0,
2025.12.01 10:34:59,scan_executed_new_execution_bar,USDJPY,2025.12.01 10:15:00,0,
2025.12.01 10:39:59,scan_skipped_same_execution_bar,USDJPY,2025.12.01 10:15:00,0,
2025.12.01 10:49:59,scan_executed_new_execution_bar,USDJPY,2025.12.01 10:30:00,31,
2025.12.01 10:54:59,scan_skipped_same_execution_bar,USDJPY,2025.12.01 10:30:00,0,
2025.12.01 11:04:59,scan_executed_new_execution_bar,USDJPY,2025.12.01 10:45:00,0,
2025.12.01 11:09:59,scan_skipped_same_execution_bar,USDJPY,2025.12.01 10:45:00,0,
2025.12.01 11:19:59,scan_executed_new_execution_bar,USDJPY,2025.12.01 11:00:00,15,
2025.12.01 11:24:59,scan_skipped_same_execution_bar,USDJPY,2025.12.01 11:00:00,0,
2025.12.01 11:34:59,scan_executed_new_execution_bar,USDJPY,2025.12.01 11:15:00,0,
2025.12.01 11:39:59,scan_skipped_same_execution_bar,USDJPY,2025.12.01 11:15:00,0,
2025.12.01 11:49:59,scan_executed_new_execution_bar,USDJPY,2025.12.01 11:30:00,15,
2025.12.01 11:54:59,scan_skipped_same_execution_bar,USDJPY,2025.12.01 11:30:00,0,
2025.12.01 12:04:59,scan_executed_new_execution_bar,USDJPY,2025.12.01 11:45:00,16,
2025.12.01 12:09:59,scan_skipped_same_execution_bar,USDJPY,2025.12.01 11:45:00,0,
2025.12.01 12:19:59,scan_executed_new_execution_bar,USDJPY,2025.12.01 12:00:00,16,
2025.12.01 12:24:59,scan_skipped_same_execution_bar,USDJPY,2025.12.01 12:00:00,0,
2025.12.01 12:34:59,scan_executed_new_execution_bar,USDJPY,2025.12.01 12:15:00,0,
2025.12.01 12:39:59,scan_skipped_same_execution_bar,USDJPY,2025.12.01 12:15:00,0,
2025.12.01 12:49:59,scan_executed_new_execution_bar,USDJPY,2025.12.01 12:30:00,31,
2025.12.01 12:54:59,scan_skipped_same_execution_bar,USDJPY,2025.12.01 12:30:00,0,
2025.12.01 13:04:59,scan_executed_new_execution_bar,USDJPY,2025.12.01 12:45:00,16,
2025.12.01 13:09:59,scan_skipped_same_execution_bar,USDJPY,2025.12.01 12:45:00,0,
2025.12.01 13:19:59,scan_executed_new_execution_bar,USDJPY,2025.12.01 13:00:00,31,
2025.12.01 13:24:59,scan_skipped_same_execution_bar,USDJPY,2025.12.01 13:00:00,0,
2025.12.01 13:34:59,scan_executed_new_execution_bar,USDJPY,2025.12.01 13:15:00,16,
2025.12.01 13:39:59,scan_skipped_same_execution_bar,USDJPY,2025.12.01 13:15:00,0,
2025.12.01 13:49:59,scan_executed_new_execution_bar,USDJPY,2025.12.01 13:30:00,0,
2025.12.01 13:54:59,scan_skipped_same_execution_bar,USDJPY,2025.12.01 13:30:00,0,
2025.12.01 14:04:59,scan_executed_new_execution_bar,USDJPY,2025.12.01 13:45:00,0,
2025.12.01 14:09:59,scan_skipped_same_execution_bar,USDJPY,2025.12.01 13:45:00,0,
2025.12.01 14:19:59,scan_executed_new_execution_bar,USDJPY,2025.12.01 14:00:00,0,
2025.12.01 14:24:59,scan_skipped_same_execution_bar,USDJPY,2025.12.01 14:00:00,0,
2025.12.01 14:34:59,scan_executed_new_execution_bar,USDJPY,2025.12.01 14:15:00,0,
2025.12.01 14:39:59,scan_skipped_same_execution_bar,USDJPY,2025.12.01 14:15:00,0,
2025.12.01 14:49:59,scan_executed_new_execution_bar,USDJPY,2025.12.01 14:30:00,0,
2025.12.01 14:54:59,scan_skipped_same_execution_bar,USDJPY,2025.12.01 14:30:00,0,
2025.12.01 15:04:59,scan_executed_new_execution_bar,USDJPY,2025.12.01 14:45:00,0,
2025.12.01 15:09:59,scan_skipped_same_execution_bar,USDJPY,2025.12.01 14:45:00,0,
2025.12.01 15:19:59,scan_executed_new_execution_bar,USDJPY,2025.12.01 15:00:00,32,
2025.12.01 15:24:59,scan_skipped_same_execution_bar,USDJPY,2025.12.01 15:00:00,0,
2025.12.01 15:34:59,scan_executed_new_execution_bar,USDJPY,2025.12.01 15:15:00,0,
2025.12.01 15:39:59,scan_skipped_same_execution_bar,USDJPY,2025.12.01 15:15:00,0,
2025.12.01 15:49:59,scan_executed_new_execution_bar,USDJPY,2025.12.01 15:30:00,0,
2025.12.01 15:54:59,scan_skipped_same_execution_bar,USDJPY,2025.12.01 15:30:00,0,
2025.12.01 16:04:59,scan_executed_new_execution_bar,USDJPY,2025.12.01 15:45:00,31,
2025.12.01 16:09:59,scan_skipped_same_execution_bar,USDJPY,2025.12.01 15:45:00,0,
2025.12.01 16:19:59,scan_executed_new_execution_bar,USDJPY,2025.12.01 16:00:00,31,
2025.12.01 16:24:59,scan_skipped_same_execution_bar,USDJPY,2025.12.01 16:00:00,0,
2025.12.01 16:34:59,scan_executed_new_execution_bar,USDJPY,2025.12.01 16:15:00,0,
2025.12.01 16:39:59,scan_skipped_same_execution_bar,USDJPY,2025.12.01 16:15:00,0,
2025.12.01 16:49:59,scan_executed_new_execution_bar,USDJPY,2025.12.01 16:30:00,0,
2025.12.01 16:54:59,scan_skipped_same_execution_bar,USDJPY,2025.12.01 16:30:00,0,
2025.12.01 17:04:59,scan_executed_new_execution_bar,USDJPY,2025.12.01 16:45:00,0,
2025.12.01 17:09:59,scan_skipped_same_execution_bar,USDJPY,2025.12.01 16:45:00,0,
2025.12.01 17:19:59,scan_executed_new_execution_bar,USDJPY,2025.12.01 17:00:00,0,
2025.12.01 17:24:59,scan_skipped_same_execution_bar,USDJPY,2025.12.01 17:00:00,0,
2025.12.01 17:34:59,scan_executed_new_execution_bar,USDJPY,2025.12.01 17:15:00,0,
2025.12.01 17:39:59,scan_skipped_same_execution_bar,USDJPY,2025.12.01 17:15:00,0,
2025.12.01 17:49:59,scan_executed_new_execution_bar,USDJPY,2025.12.01 17:30:00,0,
2025.12.01 17:54:59,scan_skipped_same_execution_bar,USDJPY,2025.12.01 17:30:00,0,
2025.12.01 18:04:59,scan_executed_new_execution_bar,USDJPY,2025.12.01 17:45:00,0,
2025.12.01 18:09:59,scan_skipped_same_execution_bar,USDJPY,2025.12.01 17:45:00,0,
2025.12.01 18:19:59,scan_executed_new_execution_bar,USDJPY,2025.12.01 18:00:00,0,
2025.12.01 18:24:59,scan_skipped_same_execution_bar,USDJPY,2025.12.01 18:00:00,0,
2025.12.01 18:34:59,scan_executed_new_execution_bar,USDJPY,2025.12.01 18:15:00,0,
2025.12.01 18:39:59,scan_skipped_same_execution_bar,USDJPY,2025.12.01 18:15:00,0,
2025.12.01 18:49:59,scan_executed_new_execution_bar,USDJPY,2025.12.01 18:30:00,0,
2025.12.01 18:54:59,scan_skipped_same_execution_bar,USDJPY,2025.12.01 18:30:00,0,
2025.12.01 19:04:59,scan_executed_new_execution_bar,USDJPY,2025.12.01 18:45:00,0,
2025.12.01 19:09:59,scan_skipped_same_execution_bar,USDJPY,2025.12.01 18:45:00,0,
2025.12.01 19:19:59,scan_executed_new_execution_bar,USDJPY,2025.12.01 19:00:00,0,
2025.12.01 19:24:59,scan_skipped_same_execution_bar,USDJPY,2025.12.01 19:00:00,0,
2025.12.01 19:34:59,scan_executed_new_execution_bar,USDJPY,2025.12.01 19:15:00,0,
2025.12.01 19:39:59,scan_skipped_same_execution_bar,USDJPY,2025.12.01 19:15:00,0,
2025.12.01 19:49:59,scan_executed_new_execution_bar,USDJPY,2025.12.01 19:30:00,0,
2025.12.01 19:54:59,scan_skipped_same_execution_bar,USDJPY,2025.12.01 19:30:00,0,
2025.12.01 20:04:59,scan_executed_new_execution_bar,USDJPY,2025.12.01 19:45:00,0,
2025.12.01 20:09:59,scan_skipped_same_execution_bar,USDJPY,2025.12.01 19:45:00,0,
2025.12.01 20:19:59,scan_executed_new_execution_bar,USDJPY,2025.12.01 20:00:00,0,
2025.12.01 20:24:59,scan_skipped_same_execution_bar,USDJPY,2025.12.01 20:00:00,0,
2025.12.01 20:34:59,scan_executed_new_execution_bar,USDJPY,2025.12.01 20:15:00,16,
2025.12.01 20:39:59,scan_skipped_same_execution_bar,USDJPY,2025.12.01 20:15:00,0,
2025.12.01 20:49:59,scan_executed_new_execution_bar,USDJPY,2025.12.01 20:30:00,15,
2025.12.01 20:54:59,scan_skipped_same_execution_bar,USDJPY,2025.12.01 20:30:00,0,
2025.12.01 21:04:59,scan_executed_new_execution_bar,USDJPY,2025.12.01 20:45:00,0,
2025.12.01 21:09:59,scan_skipped_same_execution_bar,USDJPY,2025.12.01 20:45:00,0,
2025.12.01 21:20:00,scan_executed_new_execution_bar,USDJPY,2025.12.01 21:00:00,15,
2025.12.01 21:24:59,scan_skipped_same_execution_bar,USDJPY,2025.12.01 21:00:00,0,
2025.12.01 21:34:59,scan_executed_new_execution_bar,USDJPY,2025.12.01 21:15:00,0,
2025.12.01 21:39:59,scan_skipped_same_execution_bar,USDJPY,2025.12.01 21:15:00,0,
2025.12.01 21:49:59,scan_executed_new_execution_bar,USDJPY,2025.12.01 21:30:00,0,
2025.12.01 21:54:59,scan_skipped_same_execution_bar,USDJPY,2025.12.01 21:30:00,0,
2025.12.01 22:04:59,scan_executed_new_execution_bar,USDJPY,2025.12.01 21:45:00,0,
2025.12.01 22:09:59,scan_skipped_same_execution_bar,USDJPY,2025.12.01 21:45:00,0,
2025.12.01 22:19:59,scan_executed_new_execution_bar,USDJPY,2025.12.01 22:00:00,0,
2025.12.01 22:24:59,scan_skipped_same_execution_bar,USDJPY,2025.12.01 22:00:00,0,
2025.12.01 22:34:59,scan_executed_new_execution_bar,USDJPY,2025.12.01 22:15:00,0,
2025.12.01 22:39:59,scan_skipped_same_execution_bar,USDJPY,2025.12.01 22:15:00,0,
2025.12.01 22:49:59,scan_executed_new_execution_bar,USDJPY,2025.12.01 22:30:00,0,
2025.12.01 22:54:59,scan_skipped_same_execution_bar,USDJPY,2025.12.01 22:30:00,0,
2025.12.01 23:04:59,scan_executed_new_execution_bar,USDJPY,2025.12.01 22:45:00,0,
2025.12.01 23:09:59,scan_skipped_same_execution_bar,USDJPY,2025.12.01 22:45:00,0,
2025.12.01 23:19:58,scan_executed_new_execution_bar,USDJPY,2025.12.01 23:00:00,0,
2025.12.01 23:24:58,scan_skipped_same_execution_bar,USDJPY,2025.12.01 23:00:00,0,
2025.12.01 23:34:59,scan_executed_new_execution_bar,USDJPY,2025.12.01 23:15:00,0,
2025.12.01 23:39:55,scan_skipped_same_execution_bar,USDJPY,2025.12.01 23:15:00,0,
2025.12.01 23:49:56,scan_executed_new_execution_bar,USDJPY,2025.12.01 23:30:00,0,
2025.12.01 23:54:59,scan_skipped_same_execution_bar,USDJPY,2025.12.01 23:30:00,0,
2025.12.02 00:04:50,scan_executed_new_execution_bar,USDJPY,2025.12.01 23:45:00,0,
2025.12.02 00:09:57,scan_skipped_same_execution_bar,USDJPY,2025.12.01 23:45:00,0,
2025.12.02 00:19:54,scan_executed_new_execution_bar,USDJPY,2025.12.02 00:00:00,0,
2025.12.02 00:24:58,scan_skipped_same_execution_bar,USDJPY,2025.12.02 00:00:00,0,
2025.12.02 00:34:57,scan_executed_new_execution_bar,USDJPY,2025.12.02 00:15:00,0,
2025.12.02 00:39:58,scan_skipped_same_execution_bar,USDJPY,2025.12.02 00:15:00,0,
2025.12.02 00:49:53,scan_executed_new_execution_bar,USDJPY,2025.12.02 00:30:00,0,
2025.12.02 00:54:58,scan_skipped_same_execution_bar,USDJPY,2025.12.02 00:30:00,0,
2025.12.02 01:00:00,scan_executed_new_execution_bar,USDJPY,2025.12.02 00:45:00,0,
2025.12.02 01:04:59,scan_skipped_same_execution_bar,USDJPY,2025.12.02 00:45:00,0,
2025.12.02 01:20:00,scan_executed_new_execution_bar,USDJPY,2025.12.02 01:00:00,0,
2025.12.02 01:24:56,scan_skipped_same_execution_bar,USDJPY,2025.12.02 01:00:00,0,
2025.12.02 01:34:58,scan_executed_new_execution_bar,USDJPY,2025.12.02 01:15:00,0,
2025.12.02 01:39:59,scan_skipped_same_execution_bar,USDJPY,2025.12.02 01:15:00,0,
2025.12.02 01:49:57,scan_executed_new_execution_bar,USDJPY,2025.12.02 01:30:00,0,
2025.12.02 01:54:59,scan_skipped_same_execution_bar,USDJPY,2025.12.02 01:30:00,0,
2025.12.02 02:04:59,scan_executed_new_execution_bar,USDJPY,2025.12.02 01:45:00,0,
2025.12.02 02:09:59,scan_skipped_same_execution_bar,USDJPY,2025.12.02 01:45:00,0,
2025.12.02 02:19:59,scan_executed_new_execution_bar,USDJPY,2025.12.02 02:00:00,0,
2025.12.02 02:24:59,scan_skipped_same_execution_bar,USDJPY,2025.12.02 02:00:00,0,
2025.12.02 02:34:59,scan_executed_new_execution_bar,USDJPY,2025.12.02 02:15:00,0,
2025.12.02 02:39:59,scan_skipped_same_execution_bar,USDJPY,2025.12.02 02:15:00,0,
2025.12.02 02:49:59,scan_executed_new_execution_bar,USDJPY,2025.12.02 02:30:00,0,
2025.12.02 02:54:59,scan_skipped_same_execution_bar,USDJPY,2025.12.02 02:30:00,0,
2025.12.02 03:04:59,scan_executed_new_execution_bar,USDJPY,2025.12.02 02:45:00,0,
2025.12.02 03:09:59,scan_skipped_same_execution_bar,USDJPY,2025.12.02 02:45:00,0,
2025.12.02 03:19:59,scan_executed_new_execution_bar,USDJPY,2025.12.02 03:00:00,16,
2025.12.02 03:24:59,scan_skipped_same_execution_bar,USDJPY,2025.12.02 03:00:00,0,
2025.12.02 03:34:59,scan_executed_new_execution_bar,USDJPY,2025.12.02 03:15:00,31,
2025.12.02 03:39:59,scan_skipped_same_execution_bar,USDJPY,2025.12.02 03:15:00,0,
2025.12.02 03:49:59,scan_executed_new_execution_bar,USDJPY,2025.12.02 03:30:00,0,
2025.12.02 03:54:59,scan_skipped_same_execution_bar,USDJPY,2025.12.02 03:30:00,0,
2025.12.02 04:04:59,scan_executed_new_execution_bar,USDJPY,2025.12.02 03:45:00,0,
2025.12.02 04:09:59,scan_skipped_same_execution_bar,USDJPY,2025.12.02 03:45:00,0,
2025.12.02 04:19:59,scan_executed_new_execution_bar,USDJPY,2025.12.02 04:00:00,16,
2025.12.02 04:24:59,scan_skipped_same_execution_bar,USDJPY,2025.12.02 04:00:00,0,
2025.12.02 04:34:58,scan_executed_new_execution_bar,USDJPY,2025.12.02 04:15:00,0,
2025.12.02 04:39:59,scan_skipped_same_execution_bar,USDJPY,2025.12.02 04:15:00,0,
2025.12.02 04:49:59,scan_executed_new_execution_bar,USDJPY,2025.12.02 04:30:00,0,
2025.12.02 04:54:59,scan_skipped_same_execution_bar,USDJPY,2025.12.02 04:30:00,0,
2025.12.02 05:04:59,scan_executed_new_execution_bar,USDJPY,2025.12.02 04:45:00,15,
2025.12.02 05:09:59,scan_skipped_same_execution_bar,USDJPY,2025.12.02 04:45:00,0,
2025.12.02 05:19:59,scan_executed_new_execution_bar,USDJPY,2025.12.02 05:00:00,16,
2025.12.02 05:24:59,scan_skipped_same_execution_bar,USDJPY,2025.12.02 05:00:00,0,
2025.12.02 05:34:59,scan_executed_new_execution_bar,USDJPY,2025.12.02 05:15:00,16,
2025.12.02 05:39:59,scan_skipped_same_execution_bar,USDJPY,2025.12.02 05:15:00,0,
2025.12.02 05:49:59,scan_executed_new_execution_bar,USDJPY,2025.12.02 05:30:00,0,
2025.12.02 05:54:59,scan_skipped_same_execution_bar,USDJPY,2025.12.02 05:30:00,0,
2025.12.02 06:04:59,scan_executed_new_execution_bar,USDJPY,2025.12.02 05:45:00,0,
2025.12.02 06:09:59,scan_skipped_same_execution_bar,USDJPY,2025.12.02 05:45:00,0,
2025.12.02 06:19:59,scan_executed_new_execution_bar,USDJPY,2025.12.02 06:00:00,16,
2025.12.02 06:24:59,scan_skipped_same_execution_bar,USDJPY,2025.12.02 06:00:00,0,
2025.12.02 06:34:59,scan_executed_new_execution_bar,USDJPY,2025.12.02 06:15:00,0,
2025.12.02 06:39:59,scan_skipped_same_execution_bar,USDJPY,2025.12.02 06:15:00,0,
2025.12.02 06:49:59,scan_executed_new_execution_bar,USDJPY,2025.12.02 06:30:00,0,
2025.12.02 06:54:59,scan_skipped_same_execution_bar,USDJPY,2025.12.02 06:30:00,0,
2025.12.02 07:04:59,scan_executed_new_execution_bar,USDJPY,2025.12.02 06:45:00,0,
2025.12.02 07:09:59,scan_skipped_same_execution_bar,USDJPY,2025.12.02 06:45:00,0,
2025.12.02 07:19:59,scan_executed_new_execution_bar,USDJPY,2025.12.02 07:00:00,0,
2025.12.02 07:24:59,scan_skipped_same_execution_bar,USDJPY,2025.12.02 07:00:00,0,
2025.12.02 07:34:58,scan_executed_new_execution_bar,USDJPY,2025.12.02 07:15:00,15,
2025.12.02 07:39:59,scan_skipped_same_execution_bar,USDJPY,2025.12.02 07:15:00,0,
2025.12.02 07:49:59,scan_executed_new_execution_bar,USDJPY,2025.12.02 07:30:00,16,
2025.12.02 07:54:59,scan_skipped_same_execution_bar,USDJPY,2025.12.02 07:30:00,0,
2025.12.02 08:04:59,scan_executed_new_execution_bar,USDJPY,2025.12.02 07:45:00,0,
2025.12.02 08:09:59,scan_skipped_same_execution_bar,USDJPY,2025.12.02 07:45:00,0,
2025.12.02 08:19:59,scan_executed_new_execution_bar,USDJPY,2025.12.02 08:00:00,0,
2025.12.02 08:24:59,scan_skipped_same_execution_bar,USDJPY,2025.12.02 08:00:00,0,
2025.12.02 08:34:59,scan_executed_new_execution_bar,USDJPY,2025.12.02 08:15:00,0,
2025.12.02 08:39:59,scan_skipped_same_execution_bar,USDJPY,2025.12.02 08:15:00,0,
2025.12.02 08:49:59,scan_executed_new_execution_bar,USDJPY,2025.12.02 08:30:00,0,
2025.12.02 08:54:59,scan_skipped_same_execution_bar,USDJPY,2025.12.02 08:30:00,0,
2025.12.02 09:04:59,scan_executed_new_execution_bar,USDJPY,2025.12.02 08:45:00,0,
2025.12.02 09:09:59,scan_skipped_same_execution_bar,USDJPY,2025.12.02 08:45:00,0,
2025.12.02 09:19:59,scan_executed_new_execution_bar,USDJPY,2025.12.02 09:00:00,0,
2025.12.02 09:24:59,scan_skipped_same_execution_bar,USDJPY,2025.12.02 09:00:00,0,
2025.12.02 09:34:59,scan_executed_new_execution_bar,USDJPY,2025.12.02 09:15:00,0,
2025.12.02 09:39:59,scan_skipped_same_execution_bar,USDJPY,2025.12.02 09:15:00,0,
2025.12.02 09:49:59,scan_executed_new_execution_bar,USDJPY,2025.12.02 09:30:00,16,
2025.12.02 09:54:59,scan_skipped_same_execution_bar,USDJPY,2025.12.02 09:30:00,0,
2025.12.02 10:04:59,scan_executed_new_execution_bar,USDJPY,2025.12.02 09:45:00,0,
2025.12.02 10:09:59,scan_skipped_same_execution_bar,USDJPY,2025.12.02 09:45:00,0,
2025.12.02 10:19:59,scan_executed_new_execution_bar,USDJPY,2025.12.02 10:00:00,0,
2025.12.02 10:24:59,scan_skipped_same_execution_bar,USDJPY,2025.12.02 10:00:00,0,
2025.12.02 10:34:59,scan_executed_new_execution_bar,USDJPY,2025.12.02 10:15:00,15,
2025.12.02 10:39:59,scan_skipped_same_execution_bar,USDJPY,2025.12.02 10:15:00,0,
2025.12.02 10:49:59,scan_executed_new_execution_bar,USDJPY,2025.12.02 10:30:00,16,
2025.12.02 10:54:59,scan_skipped_same_execution_bar,USDJPY,2025.12.02 10:30:00,0,
2025.12.02 11:04:59,scan_executed_new_execution_bar,USDJPY,2025.12.02 10:45:00,0,
2025.12.02 11:09:59,scan_skipped_same_execution_bar,USDJPY,2025.12.02 10:45:00,0,
2025.12.02 11:19:59,scan_executed_new_execution_bar,USDJPY,2025.12.02 11:00:00,0,
2025.12.02 11:24:59,scan_skipped_same_execution_bar,USDJPY,2025.12.02 11:00:00,0,
2025.12.02 11:34:59,scan_executed_new_execution_bar,USDJPY,2025.12.02 11:15:00,16,
2025.12.02 11:39:59,scan_skipped_same_execution_bar,USDJPY,2025.12.02 11:15:00,0,
2025.12.02 11:49:59,scan_executed_new_execution_bar,USDJPY,2025.12.02 11:30:00,16,
2025.12.02 11:54:59,scan_skipped_same_execution_bar,USDJPY,2025.12.02 11:30:00,0,
2025.12.02 12:04:59,scan_executed_new_execution_bar,USDJPY,2025.12.02 11:45:00,15,
2025.12.02 12:09:59,scan_skipped_same_execution_bar,USDJPY,2025.12.02 11:45:00,0,
2025.12.02 12:19:59,scan_executed_new_execution_bar,USDJPY,2025.12.02 12:00:00,0,
2025.12.02 12:24:59,scan_skipped_same_execution_bar,USDJPY,2025.12.02 12:00:00,0,
2025.12.02 12:34:59,scan_executed_new_execution_bar,USDJPY,2025.12.02 12:15:00,0,
2025.12.02 12:39:59,scan_skipped_same_execution_bar,USDJPY,2025.12.02 12:15:00,0,
2025.12.02 12:49:59,scan_executed_new_execution_bar,USDJPY,2025.12.02 12:30:00,32,
2025.12.02 12:54:59,scan_skipped_same_execution_bar,USDJPY,2025.12.02 12:30:00,0,
2025.12.02 13:04:59,scan_executed_new_execution_bar,USDJPY,2025.12.02 12:45:00,15,
2025.12.02 13:09:59,scan_skipped_same_execution_bar,USDJPY,2025.12.02 12:45:00,0,
2025.12.02 13:19:59,scan_executed_new_execution_bar,USDJPY,2025.12.02 13:00:00,16,
2025.12.02 13:24:59,scan_skipped_same_execution_bar,USDJPY,2025.12.02 13:00:00,0,
2025.12.02 13:34:59,scan_executed_new_execution_bar,USDJPY,2025.12.02 13:15:00,15,
2025.12.02 13:39:59,scan_skipped_same_execution_bar,USDJPY,2025.12.02 13:15:00,0,
2025.12.02 13:49:59,scan_executed_new_execution_bar,USDJPY,2025.12.02 13:30:00,0,
2025.12.02 13:54:59,scan_skipped_same_execution_bar,USDJPY,2025.12.02 13:30:00,0,
2025.12.02 14:04:59,scan_executed_new_execution_bar,USDJPY,2025.12.02 13:45:00,0,
2025.12.02 14:09:59,scan_skipped_same_execution_bar,USDJPY,2025.12.02 13:45:00,0,
2025.12.02 14:19:59,scan_executed_new_execution_bar,USDJPY,2025.12.02 14:00:00,0,
2025.12.02 14:24:59,scan_skipped_same_execution_bar,USDJPY,2025.12.02 14:00:00,0,
2025.12.02 14:35:00,scan_executed_new_execution_bar,USDJPY,2025.12.02 14:15:00,0,
2025.12.02 14:39:59,scan_skipped_same_execution_bar,USDJPY,2025.12.02 14:15:00,0,
2025.12.02 14:49:59,scan_executed_new_execution_bar,USDJPY,2025.12.02 14:30:00,0,
2025.12.02 14:54:59,scan_skipped_same_execution_bar,USDJPY,2025.12.02 14:30:00,0,
2025.12.02 15:04:59,scan_executed_new_execution_bar,USDJPY,2025.12.02 14:45:00,0,
2025.12.02 15:09:59,scan_skipped_same_execution_bar,USDJPY,2025.12.02 14:45:00,0,
2025.12.02 15:19:59,scan_executed_new_execution_bar,USDJPY,2025.12.02 15:00:00,15,
2025.12.02 15:24:59,scan_skipped_same_execution_bar,USDJPY,2025.12.02 15:00:00,0,
2025.12.02 15:34:59,scan_executed_new_execution_bar,USDJPY,2025.12.02 15:15:00,0,
2025.12.02 15:39:59,scan_skipped_same_execution_bar,USDJPY,2025.12.02 15:15:00,0,
2025.12.02 15:49:59,scan_executed_new_execution_bar,USDJPY,2025.12.02 15:30:00,0,
2025.12.02 15:54:59,scan_skipped_same_execution_bar,USDJPY,2025.12.02 15:30:00,0,
2025.12.02 16:04:59,scan_executed_new_execution_bar,USDJPY,2025.12.02 15:45:00,0,
2025.12.02 16:09:59,scan_skipped_same_execution_bar,USDJPY,2025.12.02 15:45:00,0,
2025.12.02 16:19:59,scan_executed_new_execution_bar,USDJPY,2025.12.02 16:00:00,0,
2025.12.02 16:24:59,scan_skipped_same_execution_bar,USDJPY,2025.12.02 16:00:00,0,
2025.12.02 16:34:59,scan_executed_new_execution_bar,USDJPY,2025.12.02 16:15:00,31,
2025.12.02 16:39:59,scan_skipped_same_execution_bar,USDJPY,2025.12.02 16:15:00,0,
2025.12.02 16:49:59,scan_executed_new_execution_bar,USDJPY,2025.12.02 16:30:00,0,
2025.12.02 16:54:59,scan_skipped_same_execution_bar,USDJPY,2025.12.02 16:30:00,0,
2025.12.02 17:04:59,scan_executed_new_execution_bar,USDJPY,2025.12.02 16:45:00,15,
2025.12.02 17:09:59,scan_skipped_same_execution_bar,USDJPY,2025.12.02 16:45:00,0,
2025.12.02 17:19:59,scan_executed_new_execution_bar,USDJPY,2025.12.02 17:00:00,0,
2025.12.02 17:24:59,scan_skipped_same_execution_bar,USDJPY,2025.12.02 17:00:00,0,
2025.12.02 17:34:59,scan_executed_new_execution_bar,USDJPY,2025.12.02 17:15:00,16,
2025.12.02 17:39:59,scan_skipped_same_execution_bar,USDJPY,2025.12.02 17:15:00,0,
2025.12.02 17:49:59,scan_executed_new_execution_bar,USDJPY,2025.12.02 17:30:00,15,
2025.12.02 17:54:59,scan_skipped_same_execution_bar,USDJPY,2025.12.02 17:30:00,0,
2025.12.02 18:04:59,scan_executed_new_execution_bar,USDJPY,2025.12.02 17:45:00,31,
2025.12.02 18:09:59,scan_skipped_same_execution_bar,USDJPY,2025.12.02 17:45:00,0,
2025.12.02 18:19:59,scan_executed_new_execution_bar,USDJPY,2025.12.02 18:00:00,0,
2025.12.02 18:24:59,scan_skipped_same_execution_bar,USDJPY,2025.12.02 18:00:00,0,
2025.12.02 18:34:59,scan_executed_new_execution_bar,USDJPY,2025.12.02 18:15:00,0,
2025.12.02 18:39:59,scan_skipped_same_execution_bar,USDJPY,2025.12.02 18:15:00,0,
2025.12.02 18:49:59,scan_executed_new_execution_bar,USDJPY,2025.12.02 18:30:00,16,
2025.12.02 18:54:59,scan_skipped_same_execution_bar,USDJPY,2025.12.02 18:30:00,0,
2025.12.02 19:04:59,scan_executed_new_execution_bar,USDJPY,2025.12.02 18:45:00,0,
2025.12.02 19:09:59,scan_skipped_same_execution_bar,USDJPY,2025.12.02 18:45:00,0,
2025.12.02 19:19:59,scan_executed_new_execution_bar,USDJPY,2025.12.02 19:00:00,16,
2025.12.02 19:24:59,scan_skipped_same_execution_bar,USDJPY,2025.12.02 19:00:00,0,
2025.12.02 19:34:59,scan_executed_new_execution_bar,USDJPY,2025.12.02 19:15:00,46,
2025.12.02 19:39:59,scan_skipped_same_execution_bar,USDJPY,2025.12.02 19:15:00,0,
2025.12.02 19:49:59,scan_executed_new_execution_bar,USDJPY,2025.12.02 19:30:00,16,
2025.12.02 19:54:59,scan_skipped_same_execution_bar,USDJPY,2025.12.02 19:30:00,0,
2025.12.02 20:04:59,scan_executed_new_execution_bar,USDJPY,2025.12.02 19:45:00,16,
2025.12.02 20:09:59,scan_skipped_same_execution_bar,USDJPY,2025.12.02 19:45:00,0,
2025.12.02 20:19:59,scan_executed_new_execution_bar,USDJPY,2025.12.02 20:00:00,31,
2025.12.02 20:24:59,scan_skipped_same_execution_bar,USDJPY,2025.12.02 20:00:00,0,
2025.12.02 20:34:59,scan_executed_new_execution_bar,USDJPY,2025.12.02 20:15:00,31,
2025.12.02 20:39:59,scan_skipped_same_execution_bar,USDJPY,2025.12.02 20:15:00,0,
2025.12.02 20:50:00,scan_executed_new_execution_bar,USDJPY,2025.12.02 20:30:00,16,
2025.12.02 20:54:59,scan_skipped_same_execution_bar,USDJPY,2025.12.02 20:30:00,0,
2025.12.02 21:04:59,scan_executed_new_execution_bar,USDJPY,2025.12.02 20:45:00,0,
2025.12.02 21:09:59,scan_skipped_same_execution_bar,USDJPY,2025.12.02 20:45:00,0,
2025.12.02 21:19:59,scan_executed_new_execution_bar,USDJPY,2025.12.02 21:00:00,0,
2025.12.02 21:24:59,scan_skipped_same_execution_bar,USDJPY,2025.12.02 21:00:00,0,
2025.12.02 21:34:59,scan_executed_new_execution_bar,USDJPY,2025.12.02 21:15:00,0,
2025.12.02 21:39:59,scan_skipped_same_execution_bar,USDJPY,2025.12.02 21:15:00,0,
2025.12.02 21:49:58,scan_executed_new_execution_bar,USDJPY,2025.12.02 21:30:00,0,
2025.12.02 21:54:59,scan_skipped_same_execution_bar,USDJPY,2025.12.02 21:30:00,0,
2025.12.02 22:04:59,scan_executed_new_execution_bar,USDJPY,2025.12.02 21:45:00,0,
2025.12.02 22:09:59,scan_skipped_same_execution_bar,USDJPY,2025.12.02 21:45:00,0,
2025.12.02 22:19:59,scan_executed_new_execution_bar,USDJPY,2025.12.02 22:00:00,0,
2025.12.02 22:24:59,scan_skipped_same_execution_bar,USDJPY,2025.12.02 22:00:00,0,
2025.12.02 22:34:59,scan_executed_new_execution_bar,USDJPY,2025.12.02 22:15:00,16,
2025.12.02 22:39:59,scan_skipped_same_execution_bar,USDJPY,2025.12.02 22:15:00,0,
2025.12.02 22:49:59,scan_executed_new_execution_bar,USDJPY,2025.12.02 22:30:00,16,
2025.12.02 22:54:59,scan_skipped_same_execution_bar,USDJPY,2025.12.02 22:30:00,0,
2025.12.02 23:04:59,scan_executed_new_execution_bar,USDJPY,2025.12.02 22:45:00,0,
2025.12.02 23:09:59,scan_skipped_same_execution_bar,USDJPY,2025.12.02 22:45:00,0,
2025.12.02 23:19:59,scan_executed_new_execution_bar,USDJPY,2025.12.02 23:00:00,0,
2025.12.02 23:24:59,scan_skipped_same_execution_bar,USDJPY,2025.12.02 23:00:00,0,
2025.12.02 23:34:59,scan_executed_new_execution_bar,USDJPY,2025.12.02 23:15:00,0,
2025.12.02 23:39:57,scan_skipped_same_execution_bar,USDJPY,2025.12.02 23:15:00,0,
2025.12.02 23:49:59,scan_executed_new_execution_bar,USDJPY,2025.12.02 23:30:00,0,
2025.12.02 23:54:59,scan_skipped_same_execution_bar,USDJPY,2025.12.02 23:30:00,0,
2025.12.03 00:04:48,scan_executed_new_execution_bar,USDJPY,2025.12.02 23:45:00,0,
2025.12.03 00:09:52,scan_skipped_same_execution_bar,USDJPY,2025.12.02 23:45:00,0,
2025.12.03 00:19:48,scan_executed_new_execution_bar,USDJPY,2025.12.03 00:00:00,0,
2025.12.03 00:24:59,scan_skipped_same_execution_bar,USDJPY,2025.12.03 00:00:00,0,
2025.12.03 00:34:59,scan_executed_new_execution_bar,USDJPY,2025.12.03 00:15:00,0,
2025.12.03 00:39:57,scan_skipped_same_execution_bar,USDJPY,2025.12.03 00:15:00,0,
2025.12.03 00:49:43,scan_executed_new_execution_bar,USDJPY,2025.12.03 00:30:00,0,
2025.12.03 00:54:53,scan_skipped_same_execution_bar,USDJPY,2025.12.03 00:30:00,0,
2025.12.03 01:04:53,scan_executed_new_execution_bar,USDJPY,2025.12.03 00:45:00,0,
2025.12.03 01:09:59,scan_skipped_same_execution_bar,USDJPY,2025.12.03 00:45:00,0,
2025.12.03 01:19:59,scan_executed_new_execution_bar,USDJPY,2025.12.03 01:00:00,0,
2025.12.03 01:24:54,scan_skipped_same_execution_bar,USDJPY,2025.12.03 01:00:00,0,
2025.12.03 01:34:58,scan_executed_new_execution_bar,USDJPY,2025.12.03 01:15:00,0,
2025.12.03 01:39:59,scan_skipped_same_execution_bar,USDJPY,2025.12.03 01:15:00,0,
2025.12.03 01:49:59,scan_executed_new_execution_bar,USDJPY,2025.12.03 01:30:00,0,
2025.12.03 01:54:58,scan_skipped_same_execution_bar,USDJPY,2025.12.03 01:30:00,0,
2025.12.03 02:04:59,scan_executed_new_execution_bar,USDJPY,2025.12.03 01:45:00,0,
2025.12.03 02:09:59,scan_skipped_same_execution_bar,USDJPY,2025.12.03 01:45:00,0,
2025.12.03 02:19:59,scan_executed_new_execution_bar,USDJPY,2025.12.03 02:00:00,0,
2025.12.03 02:24:59,scan_skipped_same_execution_bar,USDJPY,2025.12.03 02:00:00,0,
2025.12.03 02:34:59,scan_executed_new_execution_bar,USDJPY,2025.12.03 02:15:00,0,
2025.12.03 02:39:59,scan_skipped_same_execution_bar,USDJPY,2025.12.03 02:15:00,0,
2025.12.03 02:49:59,scan_executed_new_execution_bar,USDJPY,2025.12.03 02:30:00,0,
2025.12.03 02:54:59,scan_skipped_same_execution_bar,USDJPY,2025.12.03 02:30:00,0,
2025.12.03 03:04:59,scan_executed_new_execution_bar,USDJPY,2025.12.03 02:45:00,0,
2025.12.03 03:09:59,scan_skipped_same_execution_bar,USDJPY,2025.12.03 02:45:00,0,
2025.12.03 03:19:59,scan_executed_new_execution_bar,USDJPY,2025.12.03 03:00:00,0,
2025.12.03 03:24:59,scan_skipped_same_execution_bar,USDJPY,2025.12.03 03:00:00,0,
2025.12.03 03:34:59,scan_executed_new_execution_bar,USDJPY,2025.12.03 03:15:00,0,
2025.12.03 03:39:59,scan_skipped_same_execution_bar,USDJPY,2025.12.03 03:15:00,0,
2025.12.03 03:49:59,scan_executed_new_execution_bar,USDJPY,2025.12.03 03:30:00,0,
2025.12.03 03:54:59,scan_skipped_same_execution_bar,USDJPY,2025.12.03 03:30:00,0,
2025.12.03 04:04:59,scan_executed_new_execution_bar,USDJPY,2025.12.03 03:45:00,0,
2025.12.03 04:09:59,scan_skipped_same_execution_bar,USDJPY,2025.12.03 03:45:00,0,
2025.12.03 04:19:59,scan_executed_new_execution_bar,USDJPY,2025.12.03 04:00:00,0,
2025.12.03 04:24:59,scan_skipped_same_execution_bar,USDJPY,2025.12.03 04:00:00,0,
2025.12.03 04:34:59,scan_executed_new_execution_bar,USDJPY,2025.12.03 04:15:00,0,
2025.12.03 04:39:59,scan_skipped_same_execution_bar,USDJPY,2025.12.03 04:15:00,0,
2025.12.03 04:49:59,scan_executed_new_execution_bar,USDJPY,2025.12.03 04:30:00,0,
2025.12.03 04:54:59,scan_skipped_same_execution_bar,USDJPY,2025.12.03 04:30:00,0,
2025.12.03 05:04:59,scan_executed_new_execution_bar,USDJPY,2025.12.03 04:45:00,0,
2025.12.03 05:09:59,scan_skipped_same_execution_bar,USDJPY,2025.12.03 04:45:00,0,
2025.12.03 05:19:59,scan_executed_new_execution_bar,USDJPY,2025.12.03 05:00:00,0,
2025.12.03 05:24:59,scan_skipped_same_execution_bar,USDJPY,2025.12.03 05:00:00,0,
2025.12.03 05:34:59,scan_executed_new_execution_bar,USDJPY,2025.12.03 05:15:00,0,
2025.12.03 05:39:59,scan_skipped_same_execution_bar,USDJPY,2025.12.03 05:15:00,0,
2025.12.03 05:50:00,scan_executed_new_execution_bar,USDJPY,2025.12.03 05:30:00,0,
2025.12.03 05:54:59,scan_skipped_same_execution_bar,USDJPY,2025.12.03 05:30:00,0,
2025.12.03 06:04:59,scan_executed_new_execution_bar,USDJPY,2025.12.03 05:45:00,0,
2025.12.03 06:09:59,scan_skipped_same_execution_bar,USDJPY,2025.12.03 05:45:00,0,
2025.12.03 06:19:59,scan_executed_new_execution_bar,USDJPY,2025.12.03 06:00:00,0,
2025.12.03 06:24:59,scan_skipped_same_execution_bar,USDJPY,2025.12.03 06:00:00,0,
2025.12.03 06:34:59,scan_executed_new_execution_bar,USDJPY,2025.12.03 06:15:00,0,
2025.12.03 06:39:59,scan_skipped_same_execution_bar,USDJPY,2025.12.03 06:15:00,0,
2025.12.03 06:49:59,scan_executed_new_execution_bar,USDJPY,2025.12.03 06:30:00,0,
2025.12.03 06:54:59,scan_skipped_same_execution_bar,USDJPY,2025.12.03 06:30:00,0,
2025.12.03 07:04:59,scan_executed_new_execution_bar,USDJPY,2025.12.03 06:45:00,0,
2025.12.03 07:09:59,scan_skipped_same_execution_bar,USDJPY,2025.12.03 06:45:00,0,
2025.12.03 07:19:59,scan_executed_new_execution_bar,USDJPY,2025.12.03 07:00:00,0,
2025.12.03 07:24:59,scan_skipped_same_execution_bar,USDJPY,2025.12.03 07:00:00,0,
2025.12.03 07:34:59,scan_executed_new_execution_bar,USDJPY,2025.12.03 07:15:00,15,
2025.12.03 07:39:58,scan_skipped_same_execution_bar,USDJPY,2025.12.03 07:15:00,0,
2025.12.03 07:49:59,scan_executed_new_execution_bar,USDJPY,2025.12.03 07:30:00,16,
2025.12.03 07:54:59,scan_skipped_same_execution_bar,USDJPY,2025.12.03 07:30:00,0,
2025.12.03 08:04:59,scan_executed_new_execution_bar,USDJPY,2025.12.03 07:45:00,0,
2025.12.03 08:09:59,scan_skipped_same_execution_bar,USDJPY,2025.12.03 07:45:00,0,
2025.12.03 08:19:59,scan_executed_new_execution_bar,USDJPY,2025.12.03 08:00:00,0,
2025.12.03 08:24:59,scan_skipped_same_execution_bar,USDJPY,2025.12.03 08:00:00,0,
2025.12.03 08:34:59,scan_executed_new_execution_bar,USDJPY,2025.12.03 08:15:00,0,
2025.12.03 08:39:59,scan_skipped_same_execution_bar,USDJPY,2025.12.03 08:15:00,0,
2025.12.03 08:49:59,scan_executed_new_execution_bar,USDJPY,2025.12.03 08:30:00,0,
2025.12.03 08:54:59,scan_skipped_same_execution_bar,USDJPY,2025.12.03 08:30:00,0,
2025.12.03 09:04:59,scan_executed_new_execution_bar,USDJPY,2025.12.03 08:45:00,0,
2025.12.03 09:09:59,scan_skipped_same_execution_bar,USDJPY,2025.12.03 08:45:00,0,
2025.12.03 09:19:59,scan_executed_new_execution_bar,USDJPY,2025.12.03 09:00:00,0,
2025.12.03 09:24:59,scan_skipped_same_execution_bar,USDJPY,2025.12.03 09:00:00,0,
2025.12.03 09:34:59,scan_executed_new_execution_bar,USDJPY,2025.12.03 09:15:00,0,
2025.12.03 09:39:59,scan_skipped_same_execution_bar,USDJPY,2025.12.03 09:15:00,0,
2025.12.03 09:49:59,scan_executed_new_execution_bar,USDJPY,2025.12.03 09:30:00,16,
2025.12.03 09:54:59,scan_skipped_same_execution_bar,USDJPY,2025.12.03 09:30:00,0,
2025.12.03 10:04:59,scan_executed_new_execution_bar,USDJPY,2025.12.03 09:45:00,0,
2025.12.03 10:09:59,scan_skipped_same_execution_bar,USDJPY,2025.12.03 09:45:00,0,
2025.12.03 10:20:00,scan_executed_new_execution_bar,USDJPY,2025.12.03 10:00:00,0,
2025.12.03 10:24:59,scan_skipped_same_execution_bar,USDJPY,2025.12.03 10:00:00,0,
2025.12.03 10:34:59,scan_executed_new_execution_bar,USDJPY,2025.12.03 10:15:00,0,
2025.12.03 10:39:59,scan_skipped_same_execution_bar,USDJPY,2025.12.03 10:15:00,0,
2025.12.03 10:49:59,scan_executed_new_execution_bar,USDJPY,2025.12.03 10:30:00,0,
2025.12.03 10:55:00,scan_skipped_same_execution_bar,USDJPY,2025.12.03 10:30:00,0,
2025.12.03 11:04:59,scan_executed_new_execution_bar,USDJPY,2025.12.03 10:45:00,0,
2025.12.03 11:09:59,scan_skipped_same_execution_bar,USDJPY,2025.12.03 10:45:00,0,
2025.12.03 11:19:59,scan_executed_new_execution_bar,USDJPY,2025.12.03 11:00:00,0,
2025.12.03 11:24:59,scan_skipped_same_execution_bar,USDJPY,2025.12.03 11:00:00,0,
2025.12.03 11:34:59,scan_executed_new_execution_bar,USDJPY,2025.12.03 11:15:00,0,
2025.12.03 11:39:59,scan_skipped_same_execution_bar,USDJPY,2025.12.03 11:15:00,0,
2025.12.03 11:49:59,scan_executed_new_execution_bar,USDJPY,2025.12.03 11:30:00,0,
2025.12.03 11:54:59,scan_skipped_same_execution_bar,USDJPY,2025.12.03 11:30:00,0,
2025.12.03 12:04:59,scan_executed_new_execution_bar,USDJPY,2025.12.03 11:45:00,15,
2025.12.03 12:09:59,scan_skipped_same_execution_bar,USDJPY,2025.12.03 11:45:00,0,
2025.12.03 12:19:59,scan_executed_new_execution_bar,USDJPY,2025.12.03 12:00:00,0,
2025.12.03 12:24:59,scan_skipped_same_execution_bar,USDJPY,2025.12.03 12:00:00,0,
2025.12.03 12:34:59,scan_executed_new_execution_bar,USDJPY,2025.12.03 12:15:00,15,
2025.12.03 12:39:59,scan_skipped_same_execution_bar,USDJPY,2025.12.03 12:15:00,0,
2025.12.03 12:49:59,scan_executed_new_execution_bar,USDJPY,2025.12.03 12:30:00,0,
2025.12.03 12:54:59,scan_skipped_same_execution_bar,USDJPY,2025.12.03 12:30:00,0,
2025.12.03 13:04:59,scan_executed_new_execution_bar,USDJPY,2025.12.03 12:45:00,15,
2025.12.03 13:09:59,scan_skipped_same_execution_bar,USDJPY,2025.12.03 12:45:00,0,
2025.12.03 13:19:59,scan_executed_new_execution_bar,USDJPY,2025.12.03 13:00:00,0,
2025.12.03 13:24:59,scan_skipped_same_execution_bar,USDJPY,2025.12.03 13:00:00,0,
2025.12.03 13:34:59,scan_executed_new_execution_bar,USDJPY,2025.12.03 13:15:00,0,
2025.12.03 13:39:59,scan_skipped_same_execution_bar,USDJPY,2025.12.03 13:15:00,0,
2025.12.03 13:49:59,scan_executed_new_execution_bar,USDJPY,2025.12.03 13:30:00,0,
2025.12.03 13:54:59,scan_skipped_same_execution_bar,USDJPY,2025.12.03 13:30:00,0,
2025.12.03 14:04:59,scan_executed_new_execution_bar,USDJPY,2025.12.03 13:45:00,0,
2025.12.03 14:09:59,scan_skipped_same_execution_bar,USDJPY,2025.12.03 13:45:00,0,
2025.12.03 14:19:59,scan_executed_new_execution_bar,USDJPY,2025.12.03 14:00:00,0,
2025.12.03 14:24:59,scan_skipped_same_execution_bar,USDJPY,2025.12.03 14:00:00,0,
2025.12.03 14:34:59,scan_executed_new_execution_bar,USDJPY,2025.12.03 14:15:00,0,
2025.12.03 14:39:59,scan_skipped_same_execution_bar,USDJPY,2025.12.03 14:15:00,0,
2025.12.03 14:49:59,scan_executed_new_execution_bar,USDJPY,2025.12.03 14:30:00,16,
2025.12.03 14:54:59,scan_skipped_same_execution_bar,USDJPY,2025.12.03 14:30:00,0,
2025.12.03 15:04:59,scan_executed_new_execution_bar,USDJPY,2025.12.03 14:45:00,15,
2025.12.03 15:09:59,scan_skipped_same_execution_bar,USDJPY,2025.12.03 14:45:00,0,
2025.12.03 15:19:59,scan_executed_new_execution_bar,USDJPY,2025.12.03 15:00:00,0,
2025.12.03 15:24:59,scan_skipped_same_execution_bar,USDJPY,2025.12.03 15:00:00,0,
2025.12.03 15:34:59,scan_executed_new_execution_bar,USDJPY,2025.12.03 15:15:00,0,
2025.12.03 15:39:59,scan_skipped_same_execution_bar,USDJPY,2025.12.03 15:15:00,0,
2025.12.03 15:49:59,scan_executed_new_execution_bar,USDJPY,2025.12.03 15:30:00,0,
2025.12.03 15:54:59,scan_skipped_same_execution_bar,USDJPY,2025.12.03 15:30:00,0,
2025.12.03 16:04:59,scan_executed_new_execution_bar,USDJPY,2025.12.03 15:45:00,0,
2025.12.03 16:09:59,scan_skipped_same_execution_bar,USDJPY,2025.12.03 15:45:00,0,
2025.12.03 16:19:59,scan_executed_new_execution_bar,USDJPY,2025.12.03 16:00:00,16,
2025.12.03 16:24:59,scan_skipped_same_execution_bar,USDJPY,2025.12.03 16:00:00,0,
2025.12.03 16:35:00,scan_executed_new_execution_bar,USDJPY,2025.12.03 16:15:00,31,
2025.12.03 16:39:59,scan_skipped_same_execution_bar,USDJPY,2025.12.03 16:15:00,0,
2025.12.03 16:49:59,scan_executed_new_execution_bar,USDJPY,2025.12.03 16:30:00,0,
2025.12.03 16:54:59,scan_skipped_same_execution_bar,USDJPY,2025.12.03 16:30:00,0,
2025.12.03 17:05:00,scan_executed_new_execution_bar,USDJPY,2025.12.03 16:45:00,0,
2025.12.03 17:09:59,scan_skipped_same_execution_bar,USDJPY,2025.12.03 16:45:00,0,
2025.12.03 17:19:59,scan_executed_new_execution_bar,USDJPY,2025.12.03 17:00:00,0,
2025.12.03 17:24:59,scan_skipped_same_execution_bar,USDJPY,2025.12.03 17:00:00,0,
2025.12.03 17:34:59,scan_executed_new_execution_bar,USDJPY,2025.12.03 17:15:00,16,
2025.12.03 17:39:59,scan_skipped_same_execution_bar,USDJPY,2025.12.03 17:15:00,0,
2025.12.03 17:49:59,scan_executed_new_execution_bar,USDJPY,2025.12.03 17:30:00,15,
2025.12.03 17:54:59,scan_skipped_same_execution_bar,USDJPY,2025.12.03 17:30:00,0,
2025.12.03 18:04:59,scan_executed_new_execution_bar,USDJPY,2025.12.03 17:45:00,0,
2025.12.03 18:09:59,scan_skipped_same_execution_bar,USDJPY,2025.12.03 17:45:00,0,
2025.12.03 18:19:59,scan_executed_new_execution_bar,USDJPY,2025.12.03 18:00:00,0,
2025.12.03 18:24:59,scan_skipped_same_execution_bar,USDJPY,2025.12.03 18:00:00,0,
2025.12.03 18:34:59,scan_executed_new_execution_bar,USDJPY,2025.12.03 18:15:00,16,
2025.12.03 18:39:59,scan_skipped_same_execution_bar,USDJPY,2025.12.03 18:15:00,0,
2025.12.03 18:49:59,scan_executed_new_execution_bar,USDJPY,2025.12.03 18:30:00,15,
2025.12.03 18:54:59,scan_skipped_same_execution_bar,USDJPY,2025.12.03 18:30:00,0,
2025.12.03 19:04:59,scan_executed_new_execution_bar,USDJPY,2025.12.03 18:45:00,15,
2025.12.03 19:09:59,scan_skipped_same_execution_bar,USDJPY,2025.12.03 18:45:00,0,
2025.12.03 19:19:59,scan_executed_new_execution_bar,USDJPY,2025.12.03 19:00:00,0,
2025.12.03 19:24:59,scan_skipped_same_execution_bar,USDJPY,2025.12.03 19:00:00,0,
2025.12.03 19:34:59,scan_executed_new_execution_bar,USDJPY,2025.12.03 19:15:00,0,
2025.12.03 19:39:59,scan_skipped_same_execution_bar,USDJPY,2025.12.03 19:15:00,0,
2025.12.03 19:49:59,scan_executed_new_execution_bar,USDJPY,2025.12.03 19:30:00,0,
2025.12.03 19:54:59,scan_skipped_same_execution_bar,USDJPY,2025.12.03 19:30:00,0,
2025.12.03 20:04:59,scan_executed_new_execution_bar,USDJPY,2025.12.03 19:45:00,0,
2025.12.03 20:09:59,scan_skipped_same_execution_bar,USDJPY,2025.12.03 19:45:00,0,
2025.12.03 20:19:59,scan_executed_new_execution_bar,USDJPY,2025.12.03 20:00:00,0,
2025.12.03 20:24:59,scan_skipped_same_execution_bar,USDJPY,2025.12.03 20:00:00,0,
2025.12.03 20:34:59,scan_executed_new_execution_bar,USDJPY,2025.12.03 20:15:00,0,
2025.12.03 20:39:59,scan_skipped_same_execution_bar,USDJPY,2025.12.03 20:15:00,0,
2025.12.03 20:49:59,scan_executed_new_execution_bar,USDJPY,2025.12.03 20:30:00,0,
2025.12.03 20:54:59,scan_skipped_same_execution_bar,USDJPY,2025.12.03 20:30:00,0,
2025.12.03 21:04:59,scan_executed_new_execution_bar,USDJPY,2025.12.03 20:45:00,0,
2025.12.03 21:09:59,scan_skipped_same_execution_bar,USDJPY,2025.12.03 20:45:00,0,
2025.12.03 21:19:59,scan_executed_new_execution_bar,USDJPY,2025.12.03 21:00:00,0,
2025.12.03 21:24:59,scan_skipped_same_execution_bar,USDJPY,2025.12.03 21:00:00,0,
2025.12.03 21:34:58,scan_executed_new_execution_bar,USDJPY,2025.12.03 21:15:00,15,
2025.12.03 21:39:59,scan_skipped_same_execution_bar,USDJPY,2025.12.03 21:15:00,0,
2025.12.03 21:49:59,scan_executed_new_execution_bar,USDJPY,2025.12.03 21:30:00,16,
2025.12.03 21:54:59,scan_skipped_same_execution_bar,USDJPY,2025.12.03 21:30:00,0,
2025.12.03 22:04:59,scan_executed_new_execution_bar,USDJPY,2025.12.03 21:45:00,0,
2025.12.03 22:09:59,scan_skipped_same_execution_bar,USDJPY,2025.12.03 21:45:00,0,
2025.12.03 22:19:59,scan_executed_new_execution_bar,USDJPY,2025.12.03 22:00:00,15,
2025.12.03 22:24:59,scan_skipped_same_execution_bar,USDJPY,2025.12.03 22:00:00,0,
2025.12.03 22:34:58,scan_executed_new_execution_bar,USDJPY,2025.12.03 22:15:00,0,
2025.12.03 22:39:59,scan_skipped_same_execution_bar,USDJPY,2025.12.03 22:15:00,0,
2025.12.03 22:49:59,scan_executed_new_execution_bar,USDJPY,2025.12.03 22:30:00,0,
2025.12.03 22:54:59,scan_skipped_same_execution_bar,USDJPY,2025.12.03 22:30:00,0,
2025.12.03 23:04:57,scan_executed_new_execution_bar,USDJPY,2025.12.03 22:45:00,16,
2025.12.03 23:09:59,scan_skipped_same_execution_bar,USDJPY,2025.12.03 22:45:00,0,
2025.12.03 23:19:59,scan_executed_new_execution_bar,USDJPY,2025.12.03 23:00:00,0,
2025.12.03 23:24:58,scan_skipped_same_execution_bar,USDJPY,2025.12.03 23:00:00,0,
2025.12.03 23:34:59,scan_executed_new_execution_bar,USDJPY,2025.12.03 23:15:00,0,
2025.12.03 23:39:59,scan_skipped_same_execution_bar,USDJPY,2025.12.03 23:15:00,0,
2025.12.03 23:49:59,scan_executed_new_execution_bar,USDJPY,2025.12.03 23:30:00,0,
2025.12.03 23:54:59,scan_skipped_same_execution_bar,USDJPY,2025.12.03 23:30:00,0,
2025.12.04 00:04:52,scan_executed_new_execution_bar,USDJPY,2025.12.03 23:45:00,0,
2025.12.04 00:09:58,scan_skipped_same_execution_bar,USDJPY,2025.12.03 23:45:00,0,
2025.12.04 00:20:00,scan_executed_new_execution_bar,USDJPY,2025.12.04 00:00:00,0,
2025.12.04 00:24:57,scan_skipped_same_execution_bar,USDJPY,2025.12.04 00:00:00,0,
2025.12.04 00:34:57,scan_executed_new_execution_bar,USDJPY,2025.12.04 00:15:00,0,
2025.12.04 00:39:57,scan_skipped_same_execution_bar,USDJPY,2025.12.04 00:15:00,0,
2025.12.04 00:49:56,scan_executed_new_execution_bar,USDJPY,2025.12.04 00:30:00,0,
2025.12.04 00:54:59,scan_skipped_same_execution_bar,USDJPY,2025.12.04 00:30:00,0,
2025.12.04 01:04:59,scan_executed_new_execution_bar,USDJPY,2025.12.04 00:45:00,16,
2025.12.04 01:09:59,scan_skipped_same_execution_bar,USDJPY,2025.12.04 00:45:00,0,
2025.12.04 01:19:59,scan_executed_new_execution_bar,USDJPY,2025.12.04 01:00:00,0,
2025.12.04 01:24:58,scan_skipped_same_execution_bar,USDJPY,2025.12.04 01:00:00,0,
2025.12.04 01:34:59,scan_executed_new_execution_bar,USDJPY,2025.12.04 01:15:00,0,
2025.12.04 01:39:59,scan_skipped_same_execution_bar,USDJPY,2025.12.04 01:15:00,0,
2025.12.04 01:49:59,scan_executed_new_execution_bar,USDJPY,2025.12.04 01:30:00,0,
2025.12.04 01:54:59,scan_skipped_same_execution_bar,USDJPY,2025.12.04 01:30:00,0,
2025.12.04 02:04:59,scan_executed_new_execution_bar,USDJPY,2025.12.04 01:45:00,0,
2025.12.04 02:09:59,scan_skipped_same_execution_bar,USDJPY,2025.12.04 01:45:00,0,
2025.12.04 02:19:59,scan_executed_new_execution_bar,USDJPY,2025.12.04 02:00:00,0,
2025.12.04 02:24:59,scan_skipped_same_execution_bar,USDJPY,2025.12.04 02:00:00,0,
2025.12.04 02:34:59,scan_executed_new_execution_bar,USDJPY,2025.12.04 02:15:00,0,
2025.12.04 02:39:59,scan_skipped_same_execution_bar,USDJPY,2025.12.04 02:15:00,0,
2025.12.04 02:49:59,scan_executed_new_execution_bar,USDJPY,2025.12.04 02:30:00,0,
2025.12.04 02:54:59,scan_skipped_same_execution_bar,USDJPY,2025.12.04 02:30:00,0,
2025.12.04 03:04:59,scan_executed_new_execution_bar,USDJPY,2025.12.04 02:45:00,0,
2025.12.04 03:09:59,scan_skipped_same_execution_bar,USDJPY,2025.12.04 02:45:00,0,
2025.12.04 03:19:59,scan_executed_new_execution_bar,USDJPY,2025.12.04 03:00:00,0,
2025.12.04 03:24:59,scan_skipped_same_execution_bar,USDJPY,2025.12.04 03:00:00,0,
2025.12.04 03:34:59,scan_executed_new_execution_bar,USDJPY,2025.12.04 03:15:00,0,
2025.12.04 03:39:59,scan_skipped_same_execution_bar,USDJPY,2025.12.04 03:15:00,0,
2025.12.04 03:49:59,scan_executed_new_execution_bar,USDJPY,2025.12.04 03:30:00,15,
2025.12.04 03:54:59,scan_skipped_same_execution_bar,USDJPY,2025.12.04 03:30:00,0,
2025.12.04 04:04:59,scan_executed_new_execution_bar,USDJPY,2025.12.04 03:45:00,16,
2025.12.04 04:09:59,scan_skipped_same_execution_bar,USDJPY,2025.12.04 03:45:00,0,
2025.12.04 04:19:59,scan_executed_new_execution_bar,USDJPY,2025.12.04 04:00:00,0,
2025.12.04 04:24:59,scan_skipped_same_execution_bar,USDJPY,2025.12.04 04:00:00,0,
2025.12.04 04:34:59,scan_executed_new_execution_bar,USDJPY,2025.12.04 04:15:00,0,
2025.12.04 04:39:59,scan_skipped_same_execution_bar,USDJPY,2025.12.04 04:15:00,0,
2025.12.04 04:49:59,scan_executed_new_execution_bar,USDJPY,2025.12.04 04:30:00,16,
2025.12.04 04:54:59,scan_skipped_same_execution_bar,USDJPY,2025.12.04 04:30:00,0,
2025.12.04 05:04:59,scan_executed_new_execution_bar,USDJPY,2025.12.04 04:45:00,0,
2025.12.04 05:09:59,scan_skipped_same_execution_bar,USDJPY,2025.12.04 04:45:00,0,
2025.12.04 05:19:59,scan_executed_new_execution_bar,USDJPY,2025.12.04 05:00:00,16,
2025.12.04 05:24:59,scan_skipped_same_execution_bar,USDJPY,2025.12.04 05:00:00,0,
2025.12.04 05:34:59,scan_executed_new_execution_bar,USDJPY,2025.12.04 05:15:00,0,
2025.12.04 05:39:59,scan_skipped_same_execution_bar,USDJPY,2025.12.04 05:15:00,0,
2025.12.04 05:49:59,scan_executed_new_execution_bar,USDJPY,2025.12.04 05:30:00,15,
2025.12.04 05:54:59,scan_skipped_same_execution_bar,USDJPY,2025.12.04 05:30:00,0,
2025.12.04 06:04:59,scan_executed_new_execution_bar,USDJPY,2025.12.04 05:45:00,16,
2025.12.04 06:09:57,scan_skipped_same_execution_bar,USDJPY,2025.12.04 05:45:00,0,
2025.12.04 06:19:59,scan_executed_new_execution_bar,USDJPY,2025.12.04 06:00:00,16,
2025.12.04 06:24:58,scan_skipped_same_execution_bar,USDJPY,2025.12.04 06:00:00,0,
2025.12.04 06:34:59,scan_executed_new_execution_bar,USDJPY,2025.12.04 06:15:00,15,
2025.12.04 06:39:59,scan_skipped_same_execution_bar,USDJPY,2025.12.04 06:15:00,0,
2025.12.04 06:49:59,scan_executed_new_execution_bar,USDJPY,2025.12.04 06:30:00,0,
2025.12.04 06:54:59,scan_skipped_same_execution_bar,USDJPY,2025.12.04 06:30:00,0,
2025.12.04 07:04:59,scan_executed_new_execution_bar,USDJPY,2025.12.04 06:45:00,0,
2025.12.04 07:09:59,scan_skipped_same_execution_bar,USDJPY,2025.12.04 06:45:00,0,
2025.12.04 07:19:59,scan_executed_new_execution_bar,USDJPY,2025.12.04 07:00:00,0,
2025.12.04 07:24:59,scan_skipped_same_execution_bar,USDJPY,2025.12.04 07:00:00,0,
2025.12.04 07:34:59,scan_executed_new_execution_bar,USDJPY,2025.12.04 07:15:00,0,
2025.12.04 07:39:59,scan_skipped_same_execution_bar,USDJPY,2025.12.04 07:15:00,0,
2025.12.04 07:49:59,scan_executed_new_execution_bar,USDJPY,2025.12.04 07:30:00,0,
2025.12.04 07:54:59,scan_skipped_same_execution_bar,USDJPY,2025.12.04 07:30:00,0,
2025.12.04 08:04:59,scan_executed_new_execution_bar,USDJPY,2025.12.04 07:45:00,0,
2025.12.04 08:09:59,scan_skipped_same_execution_bar,USDJPY,2025.12.04 07:45:00,0,
2025.12.04 08:19:59,scan_executed_new_execution_bar,USDJPY,2025.12.04 08:00:00,0,
2025.12.04 08:24:59,scan_skipped_same_execution_bar,USDJPY,2025.12.04 08:00:00,0,
2025.12.04 08:34:59,scan_executed_new_execution_bar,USDJPY,2025.12.04 08:15:00,0,
2025.12.04 08:39:59,scan_skipped_same_execution_bar,USDJPY,2025.12.04 08:15:00,0,
2025.12.04 08:49:59,scan_executed_new_execution_bar,USDJPY,2025.12.04 08:30:00,16,
2025.12.04 08:54:58,scan_skipped_same_execution_bar,USDJPY,2025.12.04 08:30:00,0,
2025.12.04 09:04:59,scan_executed_new_execution_bar,USDJPY,2025.12.04 08:45:00,0,
2025.12.04 09:09:59,scan_skipped_same_execution_bar,USDJPY,2025.12.04 08:45:00,0,
2025.12.04 09:19:59,scan_executed_new_execution_bar,USDJPY,2025.12.04 09:00:00,0,
2025.12.04 09:24:59,scan_skipped_same_execution_bar,USDJPY,2025.12.04 09:00:00,0,
2025.12.04 09:34:59,scan_executed_new_execution_bar,USDJPY,2025.12.04 09:15:00,0,
2025.12.04 09:39:59,scan_skipped_same_execution_bar,USDJPY,2025.12.04 09:15:00,0,
2025.12.04 09:49:59,scan_executed_new_execution_bar,USDJPY,2025.12.04 09:30:00,0,
2025.12.04 09:54:59,scan_skipped_same_execution_bar,USDJPY,2025.12.04 09:30:00,0,
2025.12.04 10:04:59,scan_executed_new_execution_bar,USDJPY,2025.12.04 09:45:00,0,
2025.12.04 10:09:59,scan_skipped_same_execution_bar,USDJPY,2025.12.04 09:45:00,0,
2025.12.04 10:19:59,scan_executed_new_execution_bar,USDJPY,2025.12.04 10:00:00,0,
2025.12.04 10:24:59,scan_skipped_same_execution_bar,USDJPY,2025.12.04 10:00:00,0,
2025.12.04 10:34:59,scan_executed_new_execution_bar,USDJPY,2025.12.04 10:15:00,0,
2025.12.04 10:39:59,scan_skipped_same_execution_bar,USDJPY,2025.12.04 10:15:00,0,
2025.12.04 10:49:59,scan_executed_new_execution_bar,USDJPY,2025.12.04 10:30:00,31,
2025.12.04 10:54:59,scan_skipped_same_execution_bar,USDJPY,2025.12.04 10:30:00,0,
2025.12.04 11:04:59,scan_executed_new_execution_bar,USDJPY,2025.12.04 10:45:00,0,
2025.12.04 11:09:59,scan_skipped_same_execution_bar,USDJPY,2025.12.04 10:45:00,0,
2025.12.04 11:19:59,scan_executed_new_execution_bar,USDJPY,2025.12.04 11:00:00,0,
2025.12.04 11:24:59,scan_skipped_same_execution_bar,USDJPY,2025.12.04 11:00:00,0,
2025.12.04 11:34:59,scan_executed_new_execution_bar,USDJPY,2025.12.04 11:15:00,0,
2025.12.04 11:39:59,scan_skipped_same_execution_bar,USDJPY,2025.12.04 11:15:00,0,
2025.12.04 11:49:59,scan_executed_new_execution_bar,USDJPY,2025.12.04 11:30:00,31,
2025.12.04 11:54:59,scan_skipped_same_execution_bar,USDJPY,2025.12.04 11:30:00,0,
2025.12.04 12:04:59,scan_executed_new_execution_bar,USDJPY,2025.12.04 11:45:00,0,
2025.12.04 12:09:59,scan_skipped_same_execution_bar,USDJPY,2025.12.04 11:45:00,0,
2025.12.04 12:19:59,scan_executed_new_execution_bar,USDJPY,2025.12.04 12:00:00,0,
2025.12.04 12:24:59,scan_skipped_same_execution_bar,USDJPY,2025.12.04 12:00:00,0,
2025.12.04 12:35:00,scan_executed_new_execution_bar,USDJPY,2025.12.04 12:15:00,31,
2025.12.04 12:39:59,scan_skipped_same_execution_bar,USDJPY,2025.12.04 12:15:00,0,
2025.12.04 12:49:59,scan_executed_new_execution_bar,USDJPY,2025.12.04 12:30:00,0,
2025.12.04 12:54:59,scan_skipped_same_execution_bar,USDJPY,2025.12.04 12:30:00,0,
2025.12.04 13:04:59,scan_executed_new_execution_bar,USDJPY,2025.12.04 12:45:00,0,
2025.12.04 13:09:59,scan_skipped_same_execution_bar,USDJPY,2025.12.04 12:45:00,0,
2025.12.04 13:19:59,scan_executed_new_execution_bar,USDJPY,2025.12.04 13:00:00,0,
2025.12.04 13:24:59,scan_skipped_same_execution_bar,USDJPY,2025.12.04 13:00:00,0,
2025.12.04 13:34:58,scan_executed_new_execution_bar,USDJPY,2025.12.04 13:15:00,0,
2025.12.04 13:39:59,scan_skipped_same_execution_bar,USDJPY,2025.12.04 13:15:00,0,
2025.12.04 13:49:59,scan_executed_new_execution_bar,USDJPY,2025.12.04 13:30:00,16,
2025.12.04 13:54:59,scan_skipped_same_execution_bar,USDJPY,2025.12.04 13:30:00,0,
2025.12.04 14:04:59,scan_executed_new_execution_bar,USDJPY,2025.12.04 13:45:00,0,
2025.12.04 14:09:59,scan_skipped_same_execution_bar,USDJPY,2025.12.04 13:45:00,0,
2025.12.04 14:19:59,scan_executed_new_execution_bar,USDJPY,2025.12.04 14:00:00,0,
2025.12.04 14:24:59,scan_skipped_same_execution_bar,USDJPY,2025.12.04 14:00:00,0,
2025.12.04 14:34:59,scan_executed_new_execution_bar,USDJPY,2025.12.04 14:15:00,15,
2025.12.04 14:39:59,scan_skipped_same_execution_bar,USDJPY,2025.12.04 14:15:00,0,
2025.12.04 14:49:59,scan_executed_new_execution_bar,USDJPY,2025.12.04 14:30:00,0,
2025.12.04 14:54:59,scan_skipped_same_execution_bar,USDJPY,2025.12.04 14:30:00,0,
2025.12.04 15:04:59,scan_executed_new_execution_bar,USDJPY,2025.12.04 14:45:00,0,
2025.12.04 15:09:59,scan_skipped_same_execution_bar,USDJPY,2025.12.04 14:45:00,0,
2025.12.04 15:19:59,scan_executed_new_execution_bar,USDJPY,2025.12.04 15:00:00,0,
2025.12.04 15:24:59,scan_skipped_same_execution_bar,USDJPY,2025.12.04 15:00:00,0,
2025.12.04 15:34:59,scan_executed_new_execution_bar,USDJPY,2025.12.04 15:15:00,0,
2025.12.04 15:39:59,scan_skipped_same_execution_bar,USDJPY,2025.12.04 15:15:00,0,
2025.12.04 15:49:59,scan_executed_new_execution_bar,USDJPY,2025.12.04 15:30:00,0,
2025.12.04 15:54:59,scan_skipped_same_execution_bar,USDJPY,2025.12.04 15:30:00,0,
2025.12.04 16:04:59,scan_executed_new_execution_bar,USDJPY,2025.12.04 15:45:00,0,
2025.12.04 16:09:59,scan_skipped_same_execution_bar,USDJPY,2025.12.04 15:45:00,0,
2025.12.04 16:19:59,scan_executed_new_execution_bar,USDJPY,2025.12.04 16:00:00,0,
2025.12.04 16:24:59,scan_skipped_same_execution_bar,USDJPY,2025.12.04 16:00:00,0,
2025.12.04 16:34:59,scan_executed_new_execution_bar,USDJPY,2025.12.04 16:15:00,0,
2025.12.04 16:39:59,scan_skipped_same_execution_bar,USDJPY,2025.12.04 16:15:00,0,
2025.12.04 16:49:59,scan_executed_new_execution_bar,USDJPY,2025.12.04 16:30:00,0,
2025.12.04 16:54:59,scan_skipped_same_execution_bar,USDJPY,2025.12.04 16:30:00,0,
2025.12.04 17:04:59,scan_executed_new_execution_bar,USDJPY,2025.12.04 16:45:00,0,
2025.12.04 17:09:59,scan_skipped_same_execution_bar,USDJPY,2025.12.04 16:45:00,0,
2025.12.04 17:19:59,scan_executed_new_execution_bar,USDJPY,2025.12.04 17:00:00,0,
2025.12.04 17:24:59,scan_skipped_same_execution_bar,USDJPY,2025.12.04 17:00:00,0,
2025.12.04 17:34:59,scan_executed_new_execution_bar,USDJPY,2025.12.04 17:15:00,0,
2025.12.04 17:39:59,scan_skipped_same_execution_bar,USDJPY,2025.12.04 17:15:00,0,
2025.12.04 17:49:59,scan_executed_new_execution_bar,USDJPY,2025.12.04 17:30:00,0,
2025.12.04 17:54:59,scan_skipped_same_execution_bar,USDJPY,2025.12.04 17:30:00,0,
2025.12.04 18:04:59,scan_executed_new_execution_bar,USDJPY,2025.12.04 17:45:00,15,
2025.12.04 18:09:59,scan_skipped_same_execution_bar,USDJPY,2025.12.04 17:45:00,0,
2025.12.04 18:19:59,scan_executed_new_execution_bar,USDJPY,2025.12.04 18:00:00,0,
2025.12.04 18:24:59,scan_skipped_same_execution_bar,USDJPY,2025.12.04 18:00:00,0,
2025.12.04 18:34:59,scan_executed_new_execution_bar,USDJPY,2025.12.04 18:15:00,0,
2025.12.04 18:39:59,scan_skipped_same_execution_bar,USDJPY,2025.12.04 18:15:00,0,
2025.12.04 18:49:59,scan_executed_new_execution_bar,USDJPY,2025.12.04 18:30:00,16,
2025.12.04 18:54:59,scan_skipped_same_execution_bar,USDJPY,2025.12.04 18:30:00,0,
2025.12.04 19:04:59,scan_executed_new_execution_bar,USDJPY,2025.12.04 18:45:00,0,
2025.12.04 19:09:59,scan_skipped_same_execution_bar,USDJPY,2025.12.04 18:45:00,0,
2025.12.04 19:19:59,scan_executed_new_execution_bar,USDJPY,2025.12.04 19:00:00,16,
2025.12.04 19:24:59,scan_skipped_same_execution_bar,USDJPY,2025.12.04 19:00:00,0,
2025.12.04 19:34:59,scan_executed_new_execution_bar,USDJPY,2025.12.04 19:15:00,31,
2025.12.04 19:39:59,scan_skipped_same_execution_bar,USDJPY,2025.12.04 19:15:00,0,
2025.12.04 19:49:59,scan_executed_new_execution_bar,USDJPY,2025.12.04 19:30:00,15,
2025.12.04 19:54:59,scan_skipped_same_execution_bar,USDJPY,2025.12.04 19:30:00,0,
2025.12.04 20:04:59,scan_executed_new_execution_bar,USDJPY,2025.12.04 19:45:00,16,
2025.12.04 20:09:59,scan_skipped_same_execution_bar,USDJPY,2025.12.04 19:45:00,0,
2025.12.04 20:19:59,scan_executed_new_execution_bar,USDJPY,2025.12.04 20:00:00,0,
2025.12.04 20:24:59,scan_skipped_same_execution_bar,USDJPY,2025.12.04 20:00:00,0,
2025.12.04 20:34:59,scan_executed_new_execution_bar,USDJPY,2025.12.04 20:15:00,32,
2025.12.04 20:39:59,scan_skipped_same_execution_bar,USDJPY,2025.12.04 20:15:00,0,
2025.12.04 20:49:59,scan_executed_new_execution_bar,USDJPY,2025.12.04 20:30:00,0,
2025.12.04 20:54:59,scan_skipped_same_execution_bar,USDJPY,2025.12.04 20:30:00,0,
2025.12.04 21:04:59,scan_executed_new_execution_bar,USDJPY,2025.12.04 20:45:00,0,
2025.12.04 21:09:59,scan_skipped_same_execution_bar,USDJPY,2025.12.04 20:45:00,0,
2025.12.04 21:19:59,scan_executed_new_execution_bar,USDJPY,2025.12.04 21:00:00,0,
2025.12.04 21:24:59,scan_skipped_same_execution_bar,USDJPY,2025.12.04 21:00:00,0,
2025.12.04 21:34:59,scan_executed_new_execution_bar,USDJPY,2025.12.04 21:15:00,0,
2025.12.04 21:39:59,scan_skipped_same_execution_bar,USDJPY,2025.12.04 21:15:00,0,
2025.12.04 21:49:59,scan_executed_new_execution_bar,USDJPY,2025.12.04 21:30:00,0,
2025.12.04 21:54:59,scan_skipped_same_execution_bar,USDJPY,2025.12.04 21:30:00,0,
2025.12.04 22:04:59,scan_executed_new_execution_bar,USDJPY,2025.12.04 21:45:00,0,
2025.12.04 22:09:59,scan_skipped_same_execution_bar,USDJPY,2025.12.04 21:45:00,0,
2025.12.04 22:19:59,scan_executed_new_execution_bar,USDJPY,2025.12.04 22:00:00,0,
2025.12.04 22:24:59,scan_skipped_same_execution_bar,USDJPY,2025.12.04 22:00:00,0,
2025.12.04 22:34:59,scan_executed_new_execution_bar,USDJPY,2025.12.04 22:15:00,0,
2025.12.04 22:39:59,scan_skipped_same_execution_bar,USDJPY,2025.12.04 22:15:00,0,
2025.12.04 22:49:59,scan_executed_new_execution_bar,USDJPY,2025.12.04 22:30:00,0,
2025.12.04 22:55:00,scan_skipped_same_execution_bar,USDJPY,2025.12.04 22:30:00,0,
2025.12.04 23:04:59,scan_executed_new_execution_bar,USDJPY,2025.12.04 22:45:00,0,
2025.12.04 23:09:58,scan_skipped_same_execution_bar,USDJPY,2025.12.04 22:45:00,0,
2025.12.04 23:19:58,scan_executed_new_execution_bar,USDJPY,2025.12.04 23:00:00,0,
2025.12.04 23:24:59,scan_skipped_same_execution_bar,USDJPY,2025.12.04 23:00:00,0,
2025.12.04 23:34:57,scan_executed_new_execution_bar,USDJPY,2025.12.04 23:15:00,0,
2025.12.04 23:39:59,scan_skipped_same_execution_bar,USDJPY,2025.12.04 23:15:00,0,
2025.12.04 23:49:59,scan_executed_new_execution_bar,USDJPY,2025.12.04 23:30:00,0,
2025.12.04 23:54:59,scan_skipped_same_execution_bar,USDJPY,2025.12.04 23:30:00,0,
2025.12.05 00:04:59,scan_executed_new_execution_bar,USDJPY,2025.12.04 23:45:00,0,
2025.12.05 00:09:55,scan_skipped_same_execution_bar,USDJPY,2025.12.04 23:45:00,0,
2025.12.05 00:19:58,scan_executed_new_execution_bar,USDJPY,2025.12.05 00:00:00,0,
2025.12.05 00:24:54,scan_skipped_same_execution_bar,USDJPY,2025.12.05 00:00:00,0,
2025.12.05 00:34:55,scan_executed_new_execution_bar,USDJPY,2025.12.05 00:15:00,0,
2025.12.05 00:39:59,scan_skipped_same_execution_bar,USDJPY,2025.12.05 00:15:00,0,
2025.12.05 00:49:51,scan_executed_new_execution_bar,USDJPY,2025.12.05 00:30:00,0,
2025.12.05 00:54:59,scan_skipped_same_execution_bar,USDJPY,2025.12.05 00:30:00,0,
2025.12.05 01:04:59,scan_executed_new_execution_bar,USDJPY,2025.12.05 00:45:00,0,
2025.12.05 01:09:59,scan_skipped_same_execution_bar,USDJPY,2025.12.05 00:45:00,0,
2025.12.05 01:19:59,scan_executed_new_execution_bar,USDJPY,2025.12.05 01:00:00,0,
2025.12.05 01:24:50,scan_skipped_same_execution_bar,USDJPY,2025.12.05 01:00:00,0,
2025.12.05 01:34:59,scan_executed_new_execution_bar,USDJPY,2025.12.05 01:15:00,0,
2025.12.05 01:39:59,scan_skipped_same_execution_bar,USDJPY,2025.12.05 01:15:00,0,
2025.12.05 01:49:58,scan_executed_new_execution_bar,USDJPY,2025.12.05 01:30:00,0,
2025.12.05 01:54:58,scan_skipped_same_execution_bar,USDJPY,2025.12.05 01:30:00,0,
2025.12.05 02:04:59,scan_executed_new_execution_bar,USDJPY,2025.12.05 01:45:00,0,
2025.12.05 02:09:59,scan_skipped_same_execution_bar,USDJPY,2025.12.05 01:45:00,0,
2025.12.05 02:19:59,scan_executed_new_execution_bar,USDJPY,2025.12.05 02:00:00,0,
2025.12.05 02:24:59,scan_skipped_same_execution_bar,USDJPY,2025.12.05 02:00:00,0,
2025.12.05 02:34:59,scan_executed_new_execution_bar,USDJPY,2025.12.05 02:15:00,0,
2025.12.05 02:39:59,scan_skipped_same_execution_bar,USDJPY,2025.12.05 02:15:00,0,
2025.12.05 02:49:59,scan_executed_new_execution_bar,USDJPY,2025.12.05 02:30:00,0,
2025.12.05 02:54:59,scan_skipped_same_execution_bar,USDJPY,2025.12.05 02:30:00,0,
2025.12.05 03:04:59,scan_executed_new_execution_bar,USDJPY,2025.12.05 02:45:00,16,
2025.12.05 03:09:59,scan_skipped_same_execution_bar,USDJPY,2025.12.05 02:45:00,0,
2025.12.05 03:19:59,scan_executed_new_execution_bar,USDJPY,2025.12.05 03:00:00,15,
2025.12.05 03:24:59,scan_skipped_same_execution_bar,USDJPY,2025.12.05 03:00:00,0,
2025.12.05 03:34:59,scan_executed_new_execution_bar,USDJPY,2025.12.05 03:15:00,16,
2025.12.05 03:39:59,scan_skipped_same_execution_bar,USDJPY,2025.12.05 03:15:00,0,
2025.12.05 03:49:59,scan_executed_new_execution_bar,USDJPY,2025.12.05 03:30:00,15,
2025.12.05 03:54:59,scan_skipped_same_execution_bar,USDJPY,2025.12.05 03:30:00,0,
2025.12.05 04:04:59,scan_executed_new_execution_bar,USDJPY,2025.12.05 03:45:00,16,
2025.12.05 04:09:59,scan_skipped_same_execution_bar,USDJPY,2025.12.05 03:45:00,0,
2025.12.05 04:19:59,scan_executed_new_execution_bar,USDJPY,2025.12.05 04:00:00,16,
2025.12.05 04:24:59,scan_skipped_same_execution_bar,USDJPY,2025.12.05 04:00:00,0,
2025.12.05 04:34:59,scan_executed_new_execution_bar,USDJPY,2025.12.05 04:15:00,15,
2025.12.05 04:39:59,scan_skipped_same_execution_bar,USDJPY,2025.12.05 04:15:00,0,
2025.12.05 04:49:59,scan_executed_new_execution_bar,USDJPY,2025.12.05 04:30:00,0,
2025.12.05 04:54:59,scan_skipped_same_execution_bar,USDJPY,2025.12.05 04:30:00,0,
2025.12.05 05:04:59,scan_executed_new_execution_bar,USDJPY,2025.12.05 04:45:00,0,
2025.12.05 05:09:59,scan_skipped_same_execution_bar,USDJPY,2025.12.05 04:45:00,0,
2025.12.05 05:19:59,scan_executed_new_execution_bar,USDJPY,2025.12.05 05:00:00,16,
2025.12.05 05:24:59,scan_skipped_same_execution_bar,USDJPY,2025.12.05 05:00:00,0,
2025.12.05 05:34:59,scan_executed_new_execution_bar,USDJPY,2025.12.05 05:15:00,0,
2025.12.05 05:39:58,scan_skipped_same_execution_bar,USDJPY,2025.12.05 05:15:00,0,
2025.12.05 05:49:59,scan_executed_new_execution_bar,USDJPY,2025.12.05 05:30:00,16,
2025.12.05 05:54:59,scan_skipped_same_execution_bar,USDJPY,2025.12.05 05:30:00,0,
2025.12.05 06:04:59,scan_executed_new_execution_bar,USDJPY,2025.12.05 05:45:00,0,
2025.12.05 06:09:59,scan_skipped_same_execution_bar,USDJPY,2025.12.05 05:45:00,0,
2025.12.05 06:19:59,scan_executed_new_execution_bar,USDJPY,2025.12.05 06:00:00,0,
2025.12.05 06:24:59,scan_skipped_same_execution_bar,USDJPY,2025.12.05 06:00:00,0,
2025.12.05 06:34:59,scan_executed_new_execution_bar,USDJPY,2025.12.05 06:15:00,0,
2025.12.05 06:39:59,scan_skipped_same_execution_bar,USDJPY,2025.12.05 06:15:00,0,
2025.12.05 06:49:59,scan_executed_new_execution_bar,USDJPY,2025.12.05 06:30:00,0,
2025.12.05 06:54:59,scan_skipped_same_execution_bar,USDJPY,2025.12.05 06:30:00,0,
2025.12.05 07:04:59,scan_executed_new_execution_bar,USDJPY,2025.12.05 06:45:00,0,
2025.12.05 07:09:59,scan_skipped_same_execution_bar,USDJPY,2025.12.05 06:45:00,0,
2025.12.05 07:19:59,scan_executed_new_execution_bar,USDJPY,2025.12.05 07:00:00,0,
2025.12.05 07:24:59,scan_skipped_same_execution_bar,USDJPY,2025.12.05 07:00:00,0,
2025.12.05 07:34:59,scan_executed_new_execution_bar,USDJPY,2025.12.05 07:15:00,0,
2025.12.05 07:39:59,scan_skipped_same_execution_bar,USDJPY,2025.12.05 07:15:00,0,
2025.12.05 07:49:59,scan_executed_new_execution_bar,USDJPY,2025.12.05 07:30:00,0,
2025.12.05 07:54:59,scan_skipped_same_execution_bar,USDJPY,2025.12.05 07:30:00,0,
2025.12.05 08:04:59,scan_executed_new_execution_bar,USDJPY,2025.12.05 07:45:00,0,
2025.12.05 08:09:59,scan_skipped_same_execution_bar,USDJPY,2025.12.05 07:45:00,0,
2025.12.05 08:19:59,scan_executed_new_execution_bar,USDJPY,2025.12.05 08:00:00,31,
2025.12.05 08:24:59,scan_skipped_same_execution_bar,USDJPY,2025.12.05 08:00:00,0,
2025.12.05 08:34:59,scan_executed_new_execution_bar,USDJPY,2025.12.05 08:15:00,0,
2025.12.05 08:39:59,scan_skipped_same_execution_bar,USDJPY,2025.12.05 08:15:00,0,
2025.12.05 08:49:59,scan_executed_new_execution_bar,USDJPY,2025.12.05 08:30:00,0,
2025.12.05 08:54:59,scan_skipped_same_execution_bar,USDJPY,2025.12.05 08:30:00,0,
2025.12.05 09:04:59,scan_executed_new_execution_bar,USDJPY,2025.12.05 08:45:00,0,
2025.12.05 09:09:59,scan_skipped_same_execution_bar,USDJPY,2025.12.05 08:45:00,0,
2025.12.05 09:19:59,scan_executed_new_execution_bar,USDJPY,2025.12.05 09:00:00,0,
2025.12.05 09:24:59,scan_skipped_same_execution_bar,USDJPY,2025.12.05 09:00:00,0,
2025.12.05 09:34:59,scan_executed_new_execution_bar,USDJPY,2025.12.05 09:15:00,0,
2025.12.05 09:39:59,scan_skipped_same_execution_bar,USDJPY,2025.12.05 09:15:00,0,
2025.12.05 09:49:59,scan_executed_new_execution_bar,USDJPY,2025.12.05 09:30:00,31,
2025.12.05 09:54:59,scan_skipped_same_execution_bar,USDJPY,2025.12.05 09:30:00,0,
2025.12.05 10:04:59,scan_executed_new_execution_bar,USDJPY,2025.12.05 09:45:00,0,
2025.12.05 10:09:59,scan_skipped_same_execution_bar,USDJPY,2025.12.05 09:45:00,0,
2025.12.05 10:19:59,scan_executed_new_execution_bar,USDJPY,2025.12.05 10:00:00,0,
2025.12.05 10:24:59,scan_skipped_same_execution_bar,USDJPY,2025.12.05 10:00:00,0,
2025.12.05 10:34:59,scan_executed_new_execution_bar,USDJPY,2025.12.05 10:15:00,0,
2025.12.05 10:39:59,scan_skipped_same_execution_bar,USDJPY,2025.12.05 10:15:00,0,
2025.12.05 10:49:59,scan_executed_new_execution_bar,USDJPY,2025.12.05 10:30:00,0,
2025.12.05 10:54:59,scan_skipped_same_execution_bar,USDJPY,2025.12.05 10:30:00,0,
2025.12.05 11:04:59,scan_executed_new_execution_bar,USDJPY,2025.12.05 10:45:00,0,
2025.12.05 11:09:59,scan_skipped_same_execution_bar,USDJPY,2025.12.05 10:45:00,0,
2025.12.05 11:19:59,scan_executed_new_execution_bar,USDJPY,2025.12.05 11:00:00,0,
2025.12.05 11:24:59,scan_skipped_same_execution_bar,USDJPY,2025.12.05 11:00:00,0,
2025.12.05 11:34:59,scan_executed_new_execution_bar,USDJPY,2025.12.05 11:15:00,0,
2025.12.05 11:39:59,scan_skipped_same_execution_bar,USDJPY,2025.12.05 11:15:00,0,
2025.12.05 11:49:59,scan_executed_new_execution_bar,USDJPY,2025.12.05 11:30:00,0,
2025.12.05 11:54:59,scan_skipped_same_execution_bar,USDJPY,2025.12.05 11:30:00,0,
2025.12.05 12:04:59,scan_executed_new_execution_bar,USDJPY,2025.12.05 11:45:00,0,
2025.12.05 12:10:00,scan_skipped_same_execution_bar,USDJPY,2025.12.05 11:45:00,0,
2025.12.05 12:19:59,scan_executed_new_execution_bar,USDJPY,2025.12.05 12:00:00,0,
2025.12.05 12:24:59,scan_skipped_same_execution_bar,USDJPY,2025.12.05 12:00:00,0,
2025.12.05 12:34:59,scan_executed_new_execution_bar,USDJPY,2025.12.05 12:15:00,0,
2025.12.05 12:39:59,scan_skipped_same_execution_bar,USDJPY,2025.12.05 12:15:00,0,
2025.12.05 12:49:59,scan_executed_new_execution_bar,USDJPY,2025.12.05 12:30:00,16,
2025.12.05 12:54:59,scan_skipped_same_execution_bar,USDJPY,2025.12.05 12:30:00,0,
2025.12.05 13:04:59,scan_executed_new_execution_bar,USDJPY,2025.12.05 12:45:00,0,
2025.12.05 13:09:59,scan_skipped_same_execution_bar,USDJPY,2025.12.05 12:45:00,0,
2025.12.05 13:19:59,scan_executed_new_execution_bar,USDJPY,2025.12.05 13:00:00,0,
2025.12.05 13:24:59,scan_skipped_same_execution_bar,USDJPY,2025.12.05 13:00:00,0,
2025.12.05 13:34:59,scan_executed_new_execution_bar,USDJPY,2025.12.05 13:15:00,0,
2025.12.05 13:39:59,scan_skipped_same_execution_bar,USDJPY,2025.12.05 13:15:00,0,
2025.12.05 13:49:59,scan_executed_new_execution_bar,USDJPY,2025.12.05 13:30:00,0,
2025.12.05 13:54:59,scan_skipped_same_execution_bar,USDJPY,2025.12.05 13:30:00,0,
2025.12.05 14:04:59,scan_executed_new_execution_bar,USDJPY,2025.12.05 13:45:00,16,
2025.12.05 14:09:59,scan_skipped_same_execution_bar,USDJPY,2025.12.05 13:45:00,0,
2025.12.05 14:19:59,scan_executed_new_execution_bar,USDJPY,2025.12.05 14:00:00,15,
2025.12.05 14:24:59,scan_skipped_same_execution_bar,USDJPY,2025.12.05 14:00:00,0,
2025.12.05 14:34:59,scan_executed_new_execution_bar,USDJPY,2025.12.05 14:15:00,0,
2025.12.05 14:39:59,scan_skipped_same_execution_bar,USDJPY,2025.12.05 14:15:00,0,
2025.12.05 14:49:59,scan_executed_new_execution_bar,USDJPY,2025.12.05 14:30:00,0,
2025.12.05 14:54:59,scan_skipped_same_execution_bar,USDJPY,2025.12.05 14:30:00,0,
2025.12.05 15:04:59,scan_executed_new_execution_bar,USDJPY,2025.12.05 14:45:00,0,
2025.12.05 15:09:59,scan_skipped_same_execution_bar,USDJPY,2025.12.05 14:45:00,0,
2025.12.05 15:19:59,scan_executed_new_execution_bar,USDJPY,2025.12.05 15:00:00,0,
2025.12.05 15:24:59,scan_skipped_same_execution_bar,USDJPY,2025.12.05 15:00:00,0,
2025.12.05 15:34:59,scan_executed_new_execution_bar,USDJPY,2025.12.05 15:15:00,15,
2025.12.05 15:39:59,scan_skipped_same_execution_bar,USDJPY,2025.12.05 15:15:00,0,
2025.12.05 15:49:59,scan_executed_new_execution_bar,USDJPY,2025.12.05 15:30:00,0,
2025.12.05 15:54:59,scan_skipped_same_execution_bar,USDJPY,2025.12.05 15:30:00,0,
2025.12.05 16:04:59,scan_executed_new_execution_bar,USDJPY,2025.12.05 15:45:00,0,
2025.12.05 16:10:00,scan_skipped_same_execution_bar,USDJPY,2025.12.05 15:45:00,0,
2025.12.05 16:19:59,scan_executed_new_execution_bar,USDJPY,2025.12.05 16:00:00,15,
2025.12.05 16:24:59,scan_skipped_same_execution_bar,USDJPY,2025.12.05 16:00:00,0,
2025.12.05 16:34:59,scan_executed_new_execution_bar,USDJPY,2025.12.05 16:15:00,0,
2025.12.05 16:39:59,scan_skipped_same_execution_bar,USDJPY,2025.12.05 16:15:00,0,
2025.12.05 16:49:59,scan_executed_new_execution_bar,USDJPY,2025.12.05 16:30:00,16,
2025.12.05 16:54:59,scan_skipped_same_execution_bar,USDJPY,2025.12.05 16:30:00,0,
2025.12.05 17:04:59,scan_executed_new_execution_bar,USDJPY,2025.12.05 16:45:00,15,
2025.12.05 17:09:59,scan_skipped_same_execution_bar,USDJPY,2025.12.05 16:45:00,0,
2025.12.05 17:19:59,scan_executed_new_execution_bar,USDJPY,2025.12.05 17:00:00,16,
2025.12.05 17:24:59,scan_skipped_same_execution_bar,USDJPY,2025.12.05 17:00:00,0,
2025.12.05 17:34:59,scan_executed_new_execution_bar,USDJPY,2025.12.05 17:15:00,16,
2025.12.05 17:39:59,scan_skipped_same_execution_bar,USDJPY,2025.12.05 17:15:00,0,
2025.12.05 17:49:59,scan_executed_new_execution_bar,USDJPY,2025.12.05 17:30:00,31,
2025.12.05 17:54:59,scan_skipped_same_execution_bar,USDJPY,2025.12.05 17:30:00,0,
2025.12.05 18:04:59,scan_executed_new_execution_bar,USDJPY,2025.12.05 17:45:00,0,
2025.12.05 18:09:59,scan_skipped_same_execution_bar,USDJPY,2025.12.05 17:45:00,0,
2025.12.05 18:19:59,scan_executed_new_execution_bar,USDJPY,2025.12.05 18:00:00,16,
2025.12.05 18:24:59,scan_skipped_same_execution_bar,USDJPY,2025.12.05 18:00:00,0,
2025.12.05 18:34:59,scan_executed_new_execution_bar,USDJPY,2025.12.05 18:15:00,16,
2025.12.05 18:39:59,scan_skipped_same_execution_bar,USDJPY,2025.12.05 18:15:00,0,
2025.12.05 18:49:59,scan_executed_new_execution_bar,USDJPY,2025.12.05 18:30:00,16,
2025.12.05 18:54:59,scan_skipped_same_execution_bar,USDJPY,2025.12.05 18:30:00,0,
2025.12.05 19:04:59,scan_executed_new_execution_bar,USDJPY,2025.12.05 18:45:00,0,
2025.12.05 19:09:59,scan_skipped_same_execution_bar,USDJPY,2025.12.05 18:45:00,0,
2025.12.05 19:19:59,scan_executed_new_execution_bar,USDJPY,2025.12.05 19:00:00,15,
2025.12.05 19:24:59,scan_skipped_same_execution_bar,USDJPY,2025.12.05 19:00:00,0,
2025.12.05 19:34:59,scan_executed_new_execution_bar,USDJPY,2025.12.05 19:15:00,0,
2025.12.05 19:39:59,scan_skipped_same_execution_bar,USDJPY,2025.12.05 19:15:00,0,
2025.12.05 19:49:59,scan_executed_new_execution_bar,USDJPY,2025.12.05 19:30:00,15,
2025.12.05 19:54:59,scan_skipped_same_execution_bar,USDJPY,2025.12.05 19:30:00,0,
2025.12.05 20:04:59,scan_executed_new_execution_bar,USDJPY,2025.12.05 19:45:00,15,
2025.12.05 20:09:59,scan_skipped_same_execution_bar,USDJPY,2025.12.05 19:45:00,0,
2025.12.05 20:19:59,scan_executed_new_execution_bar,USDJPY,2025.12.05 20:00:00,16,
2025.12.05 20:24:59,scan_skipped_same_execution_bar,USDJPY,2025.12.05 20:00:00,0,
2025.12.05 20:34:59,scan_executed_new_execution_bar,USDJPY,2025.12.05 20:15:00,0,
2025.12.05 20:39:59,scan_skipped_same_execution_bar,USDJPY,2025.12.05 20:15:00,0,
2025.12.05 20:49:59,scan_executed_new_execution_bar,USDJPY,2025.12.05 20:30:00,16,
2025.12.05 20:54:59,scan_skipped_same_execution_bar,USDJPY,2025.12.05 20:30:00,0,
2025.12.05 21:04:59,scan_executed_new_execution_bar,USDJPY,2025.12.05 20:45:00,0,
2025.12.05 21:09:59,scan_skipped_same_execution_bar,USDJPY,2025.12.05 20:45:00,0,
2025.12.05 21:19:59,scan_executed_new_execution_bar,USDJPY,2025.12.05 21:00:00,0,
2025.12.05 21:24:59,scan_skipped_same_execution_bar,USDJPY,2025.12.05 21:00:00,0,
2025.12.05 21:34:59,scan_executed_new_execution_bar,USDJPY,2025.12.05 21:15:00,0,
2025.12.05 21:39:59,scan_skipped_same_execution_bar,USDJPY,2025.12.05 21:15:00,0,
2025.12.05 21:49:59,scan_executed_new_execution_bar,USDJPY,2025.12.05 21:30:00,0,
2025.12.05 21:54:59,scan_skipped_same_execution_bar,USDJPY,2025.12.05 21:30:00,0,
2025.12.05 22:04:59,scan_executed_new_execution_bar,USDJPY,2025.12.05 21:45:00,0,
2025.12.05 22:09:59,scan_skipped_same_execution_bar,USDJPY,2025.12.05 21:45:00,0,
2025.12.05 22:19:59,scan_executed_new_execution_bar,USDJPY,2025.12.05 22:00:00,0,
2025.12.05 22:24:59,scan_skipped_same_execution_bar,USDJPY,2025.12.05 22:00:00,0,
2025.12.05 22:34:59,scan_executed_new_execution_bar,USDJPY,2025.12.05 22:15:00,0,
2025.12.05 22:39:59,scan_skipped_same_execution_bar,USDJPY,2025.12.05 22:15:00,0,
2025.12.05 22:49:59,scan_executed_new_execution_bar,USDJPY,2025.12.05 22:30:00,0,
2025.12.05 22:54:59,scan_skipped_same_execution_bar,USDJPY,2025.12.05 22:30:00,0,
2025.12.05 23:04:59,scan_executed_new_execution_bar,USDJPY,2025.12.05 22:45:00,0,
2025.12.05 23:09:59,scan_skipped_same_execution_bar,USDJPY,2025.12.05 22:45:00,0,
2025.12.05 23:19:59,scan_executed_new_execution_bar,USDJPY,2025.12.05 23:00:00,0,
2025.12.05 23:24:59,scan_skipped_same_execution_bar,USDJPY,2025.12.05 23:00:00,0,
2025.12.05 23:34:59,scan_executed_new_execution_bar,USDJPY,2025.12.05 23:15:00,0,
2025.12.05 23:39:59,scan_skipped_same_execution_bar,USDJPY,2025.12.05 23:15:00,0,
2025.12.05 23:49:59,scan_executed_new_execution_bar,USDJPY,2025.12.05 23:30:00,0,
2025.12.05 23:54:59,scan_skipped_same_execution_bar,USDJPY,2025.12.05 23:30:00,0,
2025.12.08 00:04:48,scan_executed_new_execution_bar,USDJPY,2025.12.05 23:45:00,0,
2025.12.08 00:09:58,scan_skipped_same_execution_bar,USDJPY,2025.12.05 23:45:00,0,
2025.12.08 00:19:59,scan_executed_new_execution_bar,USDJPY,2025.12.08 00:00:00,0,
2025.12.08 00:24:59,scan_skipped_same_execution_bar,USDJPY,2025.12.08 00:00:00,0,
2025.12.08 00:34:46,scan_executed_new_execution_bar,USDJPY,2025.12.08 00:15:00,0,
2025.12.08 00:39:59,scan_skipped_same_execution_bar,USDJPY,2025.12.08 00:15:00,0,
2025.12.08 00:49:59,scan_executed_new_execution_bar,USDJPY,2025.12.08 00:30:00,0,
2025.12.08 00:54:59,scan_skipped_same_execution_bar,USDJPY,2025.12.08 00:30:00,0,
2025.12.08 01:04:59,scan_executed_new_execution_bar,USDJPY,2025.12.08 00:45:00,0,
2025.12.08 01:09:59,scan_skipped_same_execution_bar,USDJPY,2025.12.08 00:45:00,0,
2025.12.08 01:19:59,scan_executed_new_execution_bar,USDJPY,2025.12.08 01:00:00,0,
2025.12.08 01:24:59,scan_skipped_same_execution_bar,USDJPY,2025.12.08 01:00:00,0,
2025.12.08 01:34:58,scan_executed_new_execution_bar,USDJPY,2025.12.08 01:15:00,0,
2025.12.08 01:39:59,scan_skipped_same_execution_bar,USDJPY,2025.12.08 01:15:00,0,
2025.12.08 01:49:59,scan_executed_new_execution_bar,USDJPY,2025.12.08 01:30:00,0,
2025.12.08 01:54:58,scan_skipped_same_execution_bar,USDJPY,2025.12.08 01:30:00,0,
2025.12.08 02:04:59,scan_executed_new_execution_bar,USDJPY,2025.12.08 01:45:00,0,
2025.12.08 02:09:59,scan_skipped_same_execution_bar,USDJPY,2025.12.08 01:45:00,0,
2025.12.08 02:19:59,scan_executed_new_execution_bar,USDJPY,2025.12.08 02:00:00,0,
2025.12.08 02:24:59,scan_skipped_same_execution_bar,USDJPY,2025.12.08 02:00:00,0,
2025.12.08 02:34:59,scan_executed_new_execution_bar,USDJPY,2025.12.08 02:15:00,0,
2025.12.08 02:39:59,scan_skipped_same_execution_bar,USDJPY,2025.12.08 02:15:00,0,
2025.12.08 02:49:59,scan_executed_new_execution_bar,USDJPY,2025.12.08 02:30:00,15,
2025.12.08 02:54:59,scan_skipped_same_execution_bar,USDJPY,2025.12.08 02:30:00,0,
2025.12.08 03:04:59,scan_executed_new_execution_bar,USDJPY,2025.12.08 02:45:00,0,
2025.12.08 03:09:59,scan_skipped_same_execution_bar,USDJPY,2025.12.08 02:45:00,0,
2025.12.08 03:19:59,scan_executed_new_execution_bar,USDJPY,2025.12.08 03:00:00,0,
2025.12.08 03:24:59,scan_skipped_same_execution_bar,USDJPY,2025.12.08 03:00:00,0,
2025.12.08 03:34:59,scan_executed_new_execution_bar,USDJPY,2025.12.08 03:15:00,0,
2025.12.08 03:39:59,scan_skipped_same_execution_bar,USDJPY,2025.12.08 03:15:00,0,
2025.12.08 03:49:59,scan_executed_new_execution_bar,USDJPY,2025.12.08 03:30:00,0,
2025.12.08 03:54:59,scan_skipped_same_execution_bar,USDJPY,2025.12.08 03:30:00,0,
2025.12.08 04:04:59,scan_executed_new_execution_bar,USDJPY,2025.12.08 03:45:00,0,
2025.12.08 04:09:59,scan_skipped_same_execution_bar,USDJPY,2025.12.08 03:45:00,0,
2025.12.08 04:19:59,scan_executed_new_execution_bar,USDJPY,2025.12.08 04:00:00,0,
2025.12.08 04:24:59,scan_skipped_same_execution_bar,USDJPY,2025.12.08 04:00:00,0,
2025.12.08 04:34:59,scan_executed_new_execution_bar,USDJPY,2025.12.08 04:15:00,31,
2025.12.08 04:39:59,scan_skipped_same_execution_bar,USDJPY,2025.12.08 04:15:00,0,
2025.12.08 04:49:59,scan_executed_new_execution_bar,USDJPY,2025.12.08 04:30:00,0,
2025.12.08 04:54:59,scan_skipped_same_execution_bar,USDJPY,2025.12.08 04:30:00,0,
2025.12.08 05:04:59,scan_executed_new_execution_bar,USDJPY,2025.12.08 04:45:00,0,
2025.12.08 05:09:59,scan_skipped_same_execution_bar,USDJPY,2025.12.08 04:45:00,0,
2025.12.08 05:19:59,scan_executed_new_execution_bar,USDJPY,2025.12.08 05:00:00,0,
2025.12.08 05:24:59,scan_skipped_same_execution_bar,USDJPY,2025.12.08 05:00:00,0,
2025.12.08 05:34:58,scan_executed_new_execution_bar,USDJPY,2025.12.08 05:15:00,0,
2025.12.08 05:39:59,scan_skipped_same_execution_bar,USDJPY,2025.12.08 05:15:00,0,
2025.12.08 05:49:59,scan_executed_new_execution_bar,USDJPY,2025.12.08 05:30:00,15,
2025.12.08 05:54:59,scan_skipped_same_execution_bar,USDJPY,2025.12.08 05:30:00,0,
2025.12.08 06:04:59,scan_executed_new_execution_bar,USDJPY,2025.12.08 05:45:00,16,
2025.12.08 06:09:59,scan_skipped_same_execution_bar,USDJPY,2025.12.08 05:45:00,0,
2025.12.08 06:19:59,scan_executed_new_execution_bar,USDJPY,2025.12.08 06:00:00,0,
2025.12.08 06:24:59,scan_skipped_same_execution_bar,USDJPY,2025.12.08 06:00:00,0,
2025.12.08 06:34:59,scan_executed_new_execution_bar,USDJPY,2025.12.08 06:15:00,0,
2025.12.08 06:39:59,scan_skipped_same_execution_bar,USDJPY,2025.12.08 06:15:00,0,
2025.12.08 06:49:58,scan_executed_new_execution_bar,USDJPY,2025.12.08 06:30:00,0,
2025.12.08 06:54:59,scan_skipped_same_execution_bar,USDJPY,2025.12.08 06:30:00,0,
2025.12.08 07:04:59,scan_executed_new_execution_bar,USDJPY,2025.12.08 06:45:00,0,
2025.12.08 07:09:59,scan_skipped_same_execution_bar,USDJPY,2025.12.08 06:45:00,0,
2025.12.08 07:19:59,scan_executed_new_execution_bar,USDJPY,2025.12.08 07:00:00,0,
2025.12.08 07:24:59,scan_skipped_same_execution_bar,USDJPY,2025.12.08 07:00:00,0,
2025.12.08 07:34:59,scan_executed_new_execution_bar,USDJPY,2025.12.08 07:15:00,0,
2025.12.08 07:39:59,scan_skipped_same_execution_bar,USDJPY,2025.12.08 07:15:00,0,
2025.12.08 07:49:59,scan_executed_new_execution_bar,USDJPY,2025.12.08 07:30:00,0,
2025.12.08 07:54:59,scan_skipped_same_execution_bar,USDJPY,2025.12.08 07:30:00,0,
2025.12.08 08:04:59,scan_executed_new_execution_bar,USDJPY,2025.12.08 07:45:00,0,
2025.12.08 08:09:59,scan_skipped_same_execution_bar,USDJPY,2025.12.08 07:45:00,0,
2025.12.08 08:19:59,scan_executed_new_execution_bar,USDJPY,2025.12.08 08:00:00,0,
2025.12.08 08:24:59,scan_skipped_same_execution_bar,USDJPY,2025.12.08 08:00:00,0,
2025.12.08 08:34:59,scan_executed_new_execution_bar,USDJPY,2025.12.08 08:15:00,0,
2025.12.08 08:39:59,scan_skipped_same_execution_bar,USDJPY,2025.12.08 08:15:00,0,
2025.12.08 08:49:59,scan_executed_new_execution_bar,USDJPY,2025.12.08 08:30:00,0,
2025.12.08 08:54:59,scan_skipped_same_execution_bar,USDJPY,2025.12.08 08:30:00,0,
2025.12.08 09:04:59,scan_executed_new_execution_bar,USDJPY,2025.12.08 08:45:00,0,
2025.12.08 09:09:59,scan_skipped_same_execution_bar,USDJPY,2025.12.08 08:45:00,0,
2025.12.08 09:19:59,scan_executed_new_execution_bar,USDJPY,2025.12.08 09:00:00,0,
2025.12.08 09:24:59,scan_skipped_same_execution_bar,USDJPY,2025.12.08 09:00:00,0,
2025.12.08 09:34:59,scan_executed_new_execution_bar,USDJPY,2025.12.08 09:15:00,0,
2025.12.08 09:39:59,scan_skipped_same_execution_bar,USDJPY,2025.12.08 09:15:00,0,
2025.12.08 09:49:59,scan_executed_new_execution_bar,USDJPY,2025.12.08 09:30:00,15,
2025.12.08 09:54:59,scan_skipped_same_execution_bar,USDJPY,2025.12.08 09:30:00,0,
2025.12.08 10:04:59,scan_executed_new_execution_bar,USDJPY,2025.12.08 09:45:00,0,
2025.12.08 10:09:59,scan_skipped_same_execution_bar,USDJPY,2025.12.08 09:45:00,0,
2025.12.08 10:19:59,scan_executed_new_execution_bar,USDJPY,2025.12.08 10:00:00,16,
2025.12.08 10:24:59,scan_skipped_same_execution_bar,USDJPY,2025.12.08 10:00:00,0,
2025.12.08 10:34:59,scan_executed_new_execution_bar,USDJPY,2025.12.08 10:15:00,0,
2025.12.08 10:39:59,scan_skipped_same_execution_bar,USDJPY,2025.12.08 10:15:00,0,
2025.12.08 10:49:59,scan_executed_new_execution_bar,USDJPY,2025.12.08 10:30:00,16,
2025.12.08 10:54:59,scan_skipped_same_execution_bar,USDJPY,2025.12.08 10:30:00,0,
2025.12.08 11:04:59,scan_executed_new_execution_bar,USDJPY,2025.12.08 10:45:00,0,
2025.12.08 11:09:59,scan_skipped_same_execution_bar,USDJPY,2025.12.08 10:45:00,0,
2025.12.08 11:19:59,scan_executed_new_execution_bar,USDJPY,2025.12.08 11:00:00,0,
2025.12.08 11:24:59,scan_skipped_same_execution_bar,USDJPY,2025.12.08 11:00:00,0,
2025.12.08 11:34:59,scan_executed_new_execution_bar,USDJPY,2025.12.08 11:15:00,31,
2025.12.08 11:39:59,scan_skipped_same_execution_bar,USDJPY,2025.12.08 11:15:00,0,
2025.12.08 11:49:59,scan_executed_new_execution_bar,USDJPY,2025.12.08 11:30:00,0,
2025.12.08 11:54:59,scan_skipped_same_execution_bar,USDJPY,2025.12.08 11:30:00,0,
2025.12.08 12:04:59,scan_executed_new_execution_bar,USDJPY,2025.12.08 11:45:00,15,
2025.12.08 12:09:59,scan_skipped_same_execution_bar,USDJPY,2025.12.08 11:45:00,0,
2025.12.08 12:19:59,scan_executed_new_execution_bar,USDJPY,2025.12.08 12:00:00,16,
2025.12.08 12:24:59,scan_skipped_same_execution_bar,USDJPY,2025.12.08 12:00:00,0,
2025.12.08 12:34:59,scan_executed_new_execution_bar,USDJPY,2025.12.08 12:15:00,0,
2025.12.08 12:39:59,scan_skipped_same_execution_bar,USDJPY,2025.12.08 12:15:00,0,
2025.12.08 12:49:59,scan_executed_new_execution_bar,USDJPY,2025.12.08 12:30:00,15,
2025.12.08 12:54:59,scan_skipped_same_execution_bar,USDJPY,2025.12.08 12:30:00,0,
2025.12.08 13:04:59,scan_executed_new_execution_bar,USDJPY,2025.12.08 12:45:00,0,
2025.12.08 13:09:59,scan_skipped_same_execution_bar,USDJPY,2025.12.08 12:45:00,0,
2025.12.08 13:19:59,scan_executed_new_execution_bar,USDJPY,2025.12.08 13:00:00,15,
2025.12.08 13:24:59,scan_skipped_same_execution_bar,USDJPY,2025.12.08 13:00:00,0,
2025.12.08 13:34:59,scan_executed_new_execution_bar,USDJPY,2025.12.08 13:15:00,0,
2025.12.08 13:39:59,scan_skipped_same_execution_bar,USDJPY,2025.12.08 13:15:00,0,
2025.12.08 13:49:59,scan_executed_new_execution_bar,USDJPY,2025.12.08 13:30:00,0,
2025.12.08 13:54:59,scan_skipped_same_execution_bar,USDJPY,2025.12.08 13:30:00,0,
2025.12.08 14:04:59,scan_executed_new_execution_bar,USDJPY,2025.12.08 13:45:00,0,
2025.12.08 14:09:59,scan_skipped_same_execution_bar,USDJPY,2025.12.08 13:45:00,0,
2025.12.08 14:19:59,scan_executed_new_execution_bar,USDJPY,2025.12.08 14:00:00,0,
2025.12.08 14:24:58,scan_skipped_same_execution_bar,USDJPY,2025.12.08 14:00:00,0,
2025.12.08 14:34:59,scan_executed_new_execution_bar,USDJPY,2025.12.08 14:15:00,0,
2025.12.08 14:39:59,scan_skipped_same_execution_bar,USDJPY,2025.12.08 14:15:00,0,
2025.12.08 14:49:59,scan_executed_new_execution_bar,USDJPY,2025.12.08 14:30:00,0,
2025.12.08 14:54:59,scan_skipped_same_execution_bar,USDJPY,2025.12.08 14:30:00,0,
2025.12.08 15:04:59,scan_executed_new_execution_bar,USDJPY,2025.12.08 14:45:00,16,
2025.12.08 15:09:59,scan_skipped_same_execution_bar,USDJPY,2025.12.08 14:45:00,0,
2025.12.08 15:19:59,scan_executed_new_execution_bar,USDJPY,2025.12.08 15:00:00,0,
2025.12.08 15:24:59,scan_skipped_same_execution_bar,USDJPY,2025.12.08 15:00:00,0,
2025.12.08 15:34:59,scan_executed_new_execution_bar,USDJPY,2025.12.08 15:15:00,0,
2025.12.08 15:39:59,scan_skipped_same_execution_bar,USDJPY,2025.12.08 15:15:00,0,
2025.12.08 15:49:59,scan_executed_new_execution_bar,USDJPY,2025.12.08 15:30:00,0,
2025.12.08 15:54:59,scan_skipped_same_execution_bar,USDJPY,2025.12.08 15:30:00,0,
2025.12.08 16:04:59,scan_executed_new_execution_bar,USDJPY,2025.12.08 15:45:00,0,
2025.12.08 16:09:59,scan_skipped_same_execution_bar,USDJPY,2025.12.08 15:45:00,0,
2025.12.08 16:19:59,scan_executed_new_execution_bar,USDJPY,2025.12.08 16:00:00,16,
2025.12.08 16:24:59,scan_skipped_same_execution_bar,USDJPY,2025.12.08 16:00:00,0,
2025.12.08 16:34:59,scan_executed_new_execution_bar,USDJPY,2025.12.08 16:15:00,0,
2025.12.08 16:39:59,scan_skipped_same_execution_bar,USDJPY,2025.12.08 16:15:00,0,
2025.12.08 16:49:59,scan_executed_new_execution_bar,USDJPY,2025.12.08 16:30:00,0,
2025.12.08 16:54:59,scan_skipped_same_execution_bar,USDJPY,2025.12.08 16:30:00,0,
2025.12.08 17:04:59,scan_executed_new_execution_bar,USDJPY,2025.12.08 16:45:00,0,
2025.12.08 17:09:59,scan_skipped_same_execution_bar,USDJPY,2025.12.08 16:45:00,0,
2025.12.08 17:19:59,scan_executed_new_execution_bar,USDJPY,2025.12.08 17:00:00,16,
2025.12.08 17:24:59,scan_skipped_same_execution_bar,USDJPY,2025.12.08 17:00:00,0,
2025.12.08 17:34:59,scan_executed_new_execution_bar,USDJPY,2025.12.08 17:15:00,16,
2025.12.08 17:39:59,scan_skipped_same_execution_bar,USDJPY,2025.12.08 17:15:00,0,
2025.12.08 17:49:59,scan_executed_new_execution_bar,USDJPY,2025.12.08 17:30:00,0,
2025.12.08 17:54:59,scan_skipped_same_execution_bar,USDJPY,2025.12.08 17:30:00,0,
2025.12.08 18:04:59,scan_executed_new_execution_bar,USDJPY,2025.12.08 17:45:00,32,
2025.12.08 18:09:59,scan_skipped_same_execution_bar,USDJPY,2025.12.08 17:45:00,0,
2025.12.08 18:19:59,scan_executed_new_execution_bar,USDJPY,2025.12.08 18:00:00,0,
2025.12.08 18:24:59,scan_skipped_same_execution_bar,USDJPY,2025.12.08 18:00:00,0,
2025.12.08 18:34:59,scan_executed_new_execution_bar,USDJPY,2025.12.08 18:15:00,0,
2025.12.08 18:39:59,scan_skipped_same_execution_bar,USDJPY,2025.12.08 18:15:00,0,
2025.12.08 18:49:59,scan_executed_new_execution_bar,USDJPY,2025.12.08 18:30:00,16,
2025.12.08 18:54:59,scan_skipped_same_execution_bar,USDJPY,2025.12.08 18:30:00,0,
2025.12.08 19:04:59,scan_executed_new_execution_bar,USDJPY,2025.12.08 18:45:00,0,
2025.12.08 19:09:59,scan_skipped_same_execution_bar,USDJPY,2025.12.08 18:45:00,0,
2025.12.08 19:19:59,scan_executed_new_execution_bar,USDJPY,2025.12.08 19:00:00,0,
2025.12.08 19:24:59,scan_skipped_same_execution_bar,USDJPY,2025.12.08 19:00:00,0,
2025.12.08 19:34:59,scan_executed_new_execution_bar,USDJPY,2025.12.08 19:15:00,32,
2025.12.08 19:39:59,scan_skipped_same_execution_bar,USDJPY,2025.12.08 19:15:00,0,
2025.12.08 19:49:59,scan_executed_new_execution_bar,USDJPY,2025.12.08 19:30:00,15,
2025.12.08 19:54:59,scan_skipped_same_execution_bar,USDJPY,2025.12.08 19:30:00,0,
2025.12.08 20:04:59,scan_executed_new_execution_bar,USDJPY,2025.12.08 19:45:00,15,
2025.12.08 20:09:59,scan_skipped_same_execution_bar,USDJPY,2025.12.08 19:45:00,0,
2025.12.08 20:19:59,scan_executed_new_execution_bar,USDJPY,2025.12.08 20:00:00,0,
2025.12.08 20:24:59,scan_skipped_same_execution_bar,USDJPY,2025.12.08 20:00:00,0,
2025.12.08 20:34:59,scan_executed_new_execution_bar,USDJPY,2025.12.08 20:15:00,15,
2025.12.08 20:39:59,scan_skipped_same_execution_bar,USDJPY,2025.12.08 20:15:00,0,
2025.12.08 20:49:59,scan_executed_new_execution_bar,USDJPY,2025.12.08 20:30:00,0,
2025.12.08 20:54:59,scan_skipped_same_execution_bar,USDJPY,2025.12.08 20:30:00,0,
2025.12.08 21:04:59,scan_executed_new_execution_bar,USDJPY,2025.12.08 20:45:00,16,
2025.12.08 21:09:59,scan_skipped_same_execution_bar,USDJPY,2025.12.08 20:45:00,0,
2025.12.08 21:19:59,scan_executed_new_execution_bar,USDJPY,2025.12.08 21:00:00,0,
2025.12.08 21:24:59,scan_skipped_same_execution_bar,USDJPY,2025.12.08 21:00:00,0,
2025.12.08 21:34:59,scan_executed_new_execution_bar,USDJPY,2025.12.08 21:15:00,0,
2025.12.08 21:39:59,scan_skipped_same_execution_bar,USDJPY,2025.12.08 21:15:00,0,
2025.12.08 21:49:59,scan_executed_new_execution_bar,USDJPY,2025.12.08 21:30:00,0,
2025.12.08 21:54:59,scan_skipped_same_execution_bar,USDJPY,2025.12.08 21:30:00,0,
2025.12.08 22:04:59,scan_executed_new_execution_bar,USDJPY,2025.12.08 21:45:00,0,
2025.12.08 22:09:59,scan_skipped_same_execution_bar,USDJPY,2025.12.08 21:45:00,0,
2025.12.08 22:19:59,scan_executed_new_execution_bar,USDJPY,2025.12.08 22:00:00,0,
2025.12.08 22:24:59,scan_skipped_same_execution_bar,USDJPY,2025.12.08 22:00:00,0,
2025.12.08 22:34:59,scan_executed_new_execution_bar,USDJPY,2025.12.08 22:15:00,0,
2025.12.08 22:39:59,scan_skipped_same_execution_bar,USDJPY,2025.12.08 22:15:00,0,
2025.12.08 22:49:59,scan_executed_new_execution_bar,USDJPY,2025.12.08 22:30:00,0,
2025.12.08 22:54:59,scan_skipped_same_execution_bar,USDJPY,2025.12.08 22:30:00,0,
2025.12.08 23:04:59,scan_executed_new_execution_bar,USDJPY,2025.12.08 22:45:00,0,
2025.12.08 23:09:59,scan_skipped_same_execution_bar,USDJPY,2025.12.08 22:45:00,0,
2025.12.08 23:19:59,scan_executed_new_execution_bar,USDJPY,2025.12.08 23:00:00,0,
2025.12.08 23:24:59,scan_skipped_same_execution_bar,USDJPY,2025.12.08 23:00:00,0,
2025.12.08 23:34:57,scan_executed_new_execution_bar,USDJPY,2025.12.08 23:15:00,16,
2025.12.08 23:40:00,scan_skipped_same_execution_bar,USDJPY,2025.12.08 23:15:00,0,
2025.12.08 23:49:59,scan_executed_new_execution_bar,USDJPY,2025.12.08 23:30:00,0,
2025.12.08 23:54:59,scan_skipped_same_execution_bar,USDJPY,2025.12.08 23:30:00,0,
2025.12.09 00:04:49,scan_executed_new_execution_bar,USDJPY,2025.12.08 23:45:00,0,
2025.12.09 00:09:59,scan_skipped_same_execution_bar,USDJPY,2025.12.08 23:45:00,0,
2025.12.09 00:19:56,scan_executed_new_execution_bar,USDJPY,2025.12.09 00:00:00,0,
2025.12.09 00:24:58,scan_skipped_same_execution_bar,USDJPY,2025.12.09 00:00:00,0,
2025.12.09 00:34:58,scan_executed_new_execution_bar,USDJPY,2025.12.09 00:15:00,0,
2025.12.09 00:39:59,scan_skipped_same_execution_bar,USDJPY,2025.12.09 00:15:00,0,
2025.12.09 00:49:58,scan_executed_new_execution_bar,USDJPY,2025.12.09 00:30:00,0,
2025.12.09 00:54:59,scan_skipped_same_execution_bar,USDJPY,2025.12.09 00:30:00,0,
2025.12.09 01:04:59,scan_executed_new_execution_bar,USDJPY,2025.12.09 00:45:00,0,
2025.12.09 01:09:59,scan_skipped_same_execution_bar,USDJPY,2025.12.09 00:45:00,0,
2025.12.09 01:19:59,scan_executed_new_execution_bar,USDJPY,2025.12.09 01:00:00,0,
2025.12.09 01:24:56,scan_skipped_same_execution_bar,USDJPY,2025.12.09 01:00:00,0,
2025.12.09 01:34:59,scan_executed_new_execution_bar,USDJPY,2025.12.09 01:15:00,0,
2025.12.09 01:39:59,scan_skipped_same_execution_bar,USDJPY,2025.12.09 01:15:00,0,
2025.12.09 01:49:58,scan_executed_new_execution_bar,USDJPY,2025.12.09 01:30:00,0,
2025.12.09 01:54:59,scan_skipped_same_execution_bar,USDJPY,2025.12.09 01:30:00,0,
2025.12.09 02:04:59,scan_executed_new_execution_bar,USDJPY,2025.12.09 01:45:00,0,
2025.12.09 02:09:59,scan_skipped_same_execution_bar,USDJPY,2025.12.09 01:45:00,0,
2025.12.09 02:19:59,scan_executed_new_execution_bar,USDJPY,2025.12.09 02:00:00,0,
2025.12.09 02:24:59,scan_skipped_same_execution_bar,USDJPY,2025.12.09 02:00:00,0,
2025.12.09 02:34:59,scan_executed_new_execution_bar,USDJPY,2025.12.09 02:15:00,0,
2025.12.09 02:39:59,scan_skipped_same_execution_bar,USDJPY,2025.12.09 02:15:00,0,
2025.12.09 02:49:59,scan_executed_new_execution_bar,USDJPY,2025.12.09 02:30:00,0,
2025.12.09 02:54:59,scan_skipped_same_execution_bar,USDJPY,2025.12.09 02:30:00,0,
2025.12.09 03:04:59,scan_executed_new_execution_bar,USDJPY,2025.12.09 02:45:00,0,
2025.12.09 03:09:59,scan_skipped_same_execution_bar,USDJPY,2025.12.09 02:45:00,0,
2025.12.09 03:19:59,scan_executed_new_execution_bar,USDJPY,2025.12.09 03:00:00,16,
2025.12.09 03:24:59,scan_skipped_same_execution_bar,USDJPY,2025.12.09 03:00:00,0,
2025.12.09 03:34:59,scan_executed_new_execution_bar,USDJPY,2025.12.09 03:15:00,16,
2025.12.09 03:39:59,scan_skipped_same_execution_bar,USDJPY,2025.12.09 03:15:00,0,
2025.12.09 03:49:59,scan_executed_new_execution_bar,USDJPY,2025.12.09 03:30:00,0,
2025.12.09 03:54:59,scan_skipped_same_execution_bar,USDJPY,2025.12.09 03:30:00,0,
2025.12.09 04:04:59,scan_executed_new_execution_bar,USDJPY,2025.12.09 03:45:00,0,
2025.12.09 04:09:59,scan_skipped_same_execution_bar,USDJPY,2025.12.09 03:45:00,0,
2025.12.09 04:19:59,scan_executed_new_execution_bar,USDJPY,2025.12.09 04:00:00,16,
2025.12.09 04:24:59,scan_skipped_same_execution_bar,USDJPY,2025.12.09 04:00:00,0,
2025.12.09 04:34:59,scan_executed_new_execution_bar,USDJPY,2025.12.09 04:15:00,0,
2025.12.09 04:39:59,scan_skipped_same_execution_bar,USDJPY,2025.12.09 04:15:00,0,
2025.12.09 04:49:59,scan_executed_new_execution_bar,USDJPY,2025.12.09 04:30:00,0,
2025.12.09 04:54:59,scan_skipped_same_execution_bar,USDJPY,2025.12.09 04:30:00,0,
2025.12.09 05:04:59,scan_executed_new_execution_bar,USDJPY,2025.12.09 04:45:00,31,
2025.12.09 05:09:59,scan_skipped_same_execution_bar,USDJPY,2025.12.09 04:45:00,0,
2025.12.09 05:19:59,scan_executed_new_execution_bar,USDJPY,2025.12.09 05:00:00,0,
2025.12.09 05:24:59,scan_skipped_same_execution_bar,USDJPY,2025.12.09 05:00:00,0,
2025.12.09 05:34:59,scan_executed_new_execution_bar,USDJPY,2025.12.09 05:15:00,0,
2025.12.09 05:39:59,scan_skipped_same_execution_bar,USDJPY,2025.12.09 05:15:00,0,
2025.12.09 05:49:59,scan_executed_new_execution_bar,USDJPY,2025.12.09 05:30:00,31,
2025.12.09 05:54:59,scan_skipped_same_execution_bar,USDJPY,2025.12.09 05:30:00,0,
2025.12.09 06:04:59,scan_executed_new_execution_bar,USDJPY,2025.12.09 05:45:00,0,
2025.12.09 06:09:59,scan_skipped_same_execution_bar,USDJPY,2025.12.09 05:45:00,0,
2025.12.09 06:19:57,scan_executed_new_execution_bar,USDJPY,2025.12.09 06:00:00,15,
2025.12.09 06:24:59,scan_skipped_same_execution_bar,USDJPY,2025.12.09 06:00:00,0,
2025.12.09 06:34:59,scan_executed_new_execution_bar,USDJPY,2025.12.09 06:15:00,0,
2025.12.09 06:39:59,scan_skipped_same_execution_bar,USDJPY,2025.12.09 06:15:00,0,
2025.12.09 06:49:59,scan_executed_new_execution_bar,USDJPY,2025.12.09 06:30:00,0,
2025.12.09 06:54:58,scan_skipped_same_execution_bar,USDJPY,2025.12.09 06:30:00,0,
2025.12.09 07:04:59,scan_executed_new_execution_bar,USDJPY,2025.12.09 06:45:00,16,
2025.12.09 07:09:59,scan_skipped_same_execution_bar,USDJPY,2025.12.09 06:45:00,0,
2025.12.09 07:19:59,scan_executed_new_execution_bar,USDJPY,2025.12.09 07:00:00,0,
2025.12.09 07:24:59,scan_skipped_same_execution_bar,USDJPY,2025.12.09 07:00:00,0,
2025.12.09 07:34:59,scan_executed_new_execution_bar,USDJPY,2025.12.09 07:15:00,0,
2025.12.09 07:39:59,scan_skipped_same_execution_bar,USDJPY,2025.12.09 07:15:00,0,
2025.12.09 07:49:59,scan_executed_new_execution_bar,USDJPY,2025.12.09 07:30:00,16,
2025.12.09 07:54:59,scan_skipped_same_execution_bar,USDJPY,2025.12.09 07:30:00,0,
2025.12.09 08:04:59,scan_executed_new_execution_bar,USDJPY,2025.12.09 07:45:00,0,
2025.12.09 08:09:59,scan_skipped_same_execution_bar,USDJPY,2025.12.09 07:45:00,0,
2025.12.09 08:19:59,scan_executed_new_execution_bar,USDJPY,2025.12.09 08:00:00,0,
2025.12.09 08:24:59,scan_skipped_same_execution_bar,USDJPY,2025.12.09 08:00:00,0,
2025.12.09 08:34:59,scan_executed_new_execution_bar,USDJPY,2025.12.09 08:15:00,0,
2025.12.09 08:39:59,scan_skipped_same_execution_bar,USDJPY,2025.12.09 08:15:00,0,
2025.12.09 08:49:59,scan_executed_new_execution_bar,USDJPY,2025.12.09 08:30:00,15,
2025.12.09 08:54:59,scan_skipped_same_execution_bar,USDJPY,2025.12.09 08:30:00,0,
2025.12.09 09:04:59,scan_executed_new_execution_bar,USDJPY,2025.12.09 08:45:00,0,
2025.12.09 09:09:59,scan_skipped_same_execution_bar,USDJPY,2025.12.09 08:45:00,0,
2025.12.09 09:19:59,scan_executed_new_execution_bar,USDJPY,2025.12.09 09:00:00,0,
2025.12.09 09:24:59,scan_skipped_same_execution_bar,USDJPY,2025.12.09 09:00:00,0,
2025.12.09 09:34:59,scan_executed_new_execution_bar,USDJPY,2025.12.09 09:15:00,16,
2025.12.09 09:39:59,scan_skipped_same_execution_bar,USDJPY,2025.12.09 09:15:00,0,
2025.12.09 09:49:59,scan_executed_new_execution_bar,USDJPY,2025.12.09 09:30:00,0,
2025.12.09 09:54:59,scan_skipped_same_execution_bar,USDJPY,2025.12.09 09:30:00,0,
2025.12.09 10:04:59,scan_executed_new_execution_bar,USDJPY,2025.12.09 09:45:00,0,
2025.12.09 10:09:59,scan_skipped_same_execution_bar,USDJPY,2025.12.09 09:45:00,0,
2025.12.09 10:19:59,scan_executed_new_execution_bar,USDJPY,2025.12.09 10:00:00,0,
2025.12.09 10:24:59,scan_skipped_same_execution_bar,USDJPY,2025.12.09 10:00:00,0,
2025.12.09 10:34:59,scan_executed_new_execution_bar,USDJPY,2025.12.09 10:15:00,0,
2025.12.09 10:39:59,scan_skipped_same_execution_bar,USDJPY,2025.12.09 10:15:00,0,
2025.12.09 10:49:59,scan_executed_new_execution_bar,USDJPY,2025.12.09 10:30:00,0,
2025.12.09 10:54:59,scan_skipped_same_execution_bar,USDJPY,2025.12.09 10:30:00,0,
2025.12.09 11:04:59,scan_executed_new_execution_bar,USDJPY,2025.12.09 10:45:00,31,
2025.12.09 11:09:59,scan_skipped_same_execution_bar,USDJPY,2025.12.09 10:45:00,0,
2025.12.09 11:19:59,scan_executed_new_execution_bar,USDJPY,2025.12.09 11:00:00,0,
2025.12.09 11:24:59,scan_skipped_same_execution_bar,USDJPY,2025.12.09 11:00:00,0,
2025.12.09 11:34:59,scan_executed_new_execution_bar,USDJPY,2025.12.09 11:15:00,0,
2025.12.09 11:39:59,scan_skipped_same_execution_bar,USDJPY,2025.12.09 11:15:00,0,
2025.12.09 11:49:59,scan_executed_new_execution_bar,USDJPY,2025.12.09 11:30:00,0,
2025.12.09 11:54:59,scan_skipped_same_execution_bar,USDJPY,2025.12.09 11:30:00,0,
2025.12.09 12:04:59,scan_executed_new_execution_bar,USDJPY,2025.12.09 11:45:00,0,
2025.12.09 12:09:59,scan_skipped_same_execution_bar,USDJPY,2025.12.09 11:45:00,0,
2025.12.09 12:19:59,scan_executed_new_execution_bar,USDJPY,2025.12.09 12:00:00,0,
2025.12.09 12:24:58,scan_skipped_same_execution_bar,USDJPY,2025.12.09 12:00:00,0,
2025.12.09 12:34:59,scan_executed_new_execution_bar,USDJPY,2025.12.09 12:15:00,16,
2025.12.09 12:39:59,scan_skipped_same_execution_bar,USDJPY,2025.12.09 12:15:00,0,
2025.12.09 12:49:59,scan_executed_new_execution_bar,USDJPY,2025.12.09 12:30:00,0,
2025.12.09 12:54:59,scan_skipped_same_execution_bar,USDJPY,2025.12.09 12:30:00,0,
2025.12.09 13:04:59,scan_executed_new_execution_bar,USDJPY,2025.12.09 12:45:00,0,
2025.12.09 13:09:59,scan_skipped_same_execution_bar,USDJPY,2025.12.09 12:45:00,0,
2025.12.09 13:19:58,scan_executed_new_execution_bar,USDJPY,2025.12.09 13:00:00,0,
2025.12.09 13:24:59,scan_skipped_same_execution_bar,USDJPY,2025.12.09 13:00:00,0,
2025.12.09 13:34:59,scan_executed_new_execution_bar,USDJPY,2025.12.09 13:15:00,0,
2025.12.09 13:39:59,scan_skipped_same_execution_bar,USDJPY,2025.12.09 13:15:00,0,
2025.12.09 13:49:59,scan_executed_new_execution_bar,USDJPY,2025.12.09 13:30:00,0,
2025.12.09 13:54:59,scan_skipped_same_execution_bar,USDJPY,2025.12.09 13:30:00,0,
2025.12.09 14:04:59,scan_executed_new_execution_bar,USDJPY,2025.12.09 13:45:00,0,
2025.12.09 14:09:59,scan_skipped_same_execution_bar,USDJPY,2025.12.09 13:45:00,0,
2025.12.09 14:19:59,scan_executed_new_execution_bar,USDJPY,2025.12.09 14:00:00,0,
2025.12.09 14:24:59,scan_skipped_same_execution_bar,USDJPY,2025.12.09 14:00:00,0,
2025.12.09 14:34:59,scan_executed_new_execution_bar,USDJPY,2025.12.09 14:15:00,0,
2025.12.09 14:39:59,scan_skipped_same_execution_bar,USDJPY,2025.12.09 14:15:00,0,
2025.12.09 14:49:59,scan_executed_new_execution_bar,USDJPY,2025.12.09 14:30:00,0,
2025.12.09 14:54:59,scan_skipped_same_execution_bar,USDJPY,2025.12.09 14:30:00,0,
2025.12.09 15:04:59,scan_executed_new_execution_bar,USDJPY,2025.12.09 14:45:00,0,
2025.12.09 15:09:59,scan_skipped_same_execution_bar,USDJPY,2025.12.09 14:45:00,0,
2025.12.09 15:19:59,scan_executed_new_execution_bar,USDJPY,2025.12.09 15:00:00,0,
2025.12.09 15:24:59,scan_skipped_same_execution_bar,USDJPY,2025.12.09 15:00:00,0,
2025.12.09 15:34:59,scan_executed_new_execution_bar,USDJPY,2025.12.09 15:15:00,0,
2025.12.09 15:39:59,scan_skipped_same_execution_bar,USDJPY,2025.12.09 15:15:00,0,
2025.12.09 15:49:59,scan_executed_new_execution_bar,USDJPY,2025.12.09 15:30:00,0,
2025.12.09 15:54:59,scan_skipped_same_execution_bar,USDJPY,2025.12.09 15:30:00,0,
2025.12.09 16:04:59,scan_executed_new_execution_bar,USDJPY,2025.12.09 15:45:00,15,
2025.12.09 16:09:59,scan_skipped_same_execution_bar,USDJPY,2025.12.09 15:45:00,0,
2025.12.09 16:19:59,scan_executed_new_execution_bar,USDJPY,2025.12.09 16:00:00,0,
2025.12.09 16:24:59,scan_skipped_same_execution_bar,USDJPY,2025.12.09 16:00:00,0,
2025.12.09 16:34:59,scan_executed_new_execution_bar,USDJPY,2025.12.09 16:15:00,0,
2025.12.09 16:39:59,scan_skipped_same_execution_bar,USDJPY,2025.12.09 16:15:00,0,
2025.12.09 16:49:59,scan_executed_new_execution_bar,USDJPY,2025.12.09 16:30:00,0,
2025.12.09 16:54:59,scan_skipped_same_execution_bar,USDJPY,2025.12.09 16:30:00,0,
2025.12.09 17:04:59,scan_executed_new_execution_bar,USDJPY,2025.12.09 16:45:00,0,
2025.12.09 17:09:59,scan_skipped_same_execution_bar,USDJPY,2025.12.09 16:45:00,0,
2025.12.09 17:19:59,scan_executed_new_execution_bar,USDJPY,2025.12.09 17:00:00,0,
2025.12.09 17:24:59,scan_skipped_same_execution_bar,USDJPY,2025.12.09 17:00:00,0,
2025.12.09 17:30:00,scan_executed_new_execution_bar,USDJPY,2025.12.09 17:15:00,0,
2025.12.09 17:34:59,scan_skipped_same_execution_bar,USDJPY,2025.12.09 17:15:00,0,
2025.12.09 17:49:59,scan_executed_new_execution_bar,USDJPY,2025.12.09 17:30:00,0,
2025.12.09 17:54:59,scan_skipped_same_execution_bar,USDJPY,2025.12.09 17:30:00,0,
2025.12.09 18:04:59,scan_executed_new_execution_bar,USDJPY,2025.12.09 17:45:00,0,
2025.12.09 18:09:59,scan_skipped_same_execution_bar,USDJPY,2025.12.09 17:45:00,0,
2025.12.09 18:19:59,scan_executed_new_execution_bar,USDJPY,2025.12.09 18:00:00,0,
2025.12.09 18:24:59,scan_skipped_same_execution_bar,USDJPY,2025.12.09 18:00:00,0,
2025.12.09 18:30:00,scan_executed_new_execution_bar,USDJPY,2025.12.09 18:15:00,0,
2025.12.09 18:34:59,scan_skipped_same_execution_bar,USDJPY,2025.12.09 18:15:00,0,
2025.12.09 18:49:59,scan_executed_new_execution_bar,USDJPY,2025.12.09 18:30:00,15,
2025.12.09 18:54:59,scan_skipped_same_execution_bar,USDJPY,2025.12.09 18:30:00,0,
2025.12.09 19:04:59,scan_executed_new_execution_bar,USDJPY,2025.12.09 18:45:00,0,
2025.12.09 19:09:59,scan_skipped_same_execution_bar,USDJPY,2025.12.09 18:45:00,0,
2025.12.09 19:19:59,scan_executed_new_execution_bar,USDJPY,2025.12.09 19:00:00,0,
2025.12.09 19:24:59,scan_skipped_same_execution_bar,USDJPY,2025.12.09 19:00:00,0,
2025.12.09 19:34:59,scan_executed_new_execution_bar,USDJPY,2025.12.09 19:15:00,0,
2025.12.09 19:39:59,scan_skipped_same_execution_bar,USDJPY,2025.12.09 19:15:00,0,
2025.12.09 19:49:59,scan_executed_new_execution_bar,USDJPY,2025.12.09 19:30:00,0,
2025.12.09 19:54:59,scan_skipped_same_execution_bar,USDJPY,2025.12.09 19:30:00,0,
2025.12.09 20:04:59,scan_executed_new_execution_bar,USDJPY,2025.12.09 19:45:00,0,
2025.12.09 20:09:59,scan_skipped_same_execution_bar,USDJPY,2025.12.09 19:45:00,0,
2025.12.09 20:19:59,scan_executed_new_execution_bar,USDJPY,2025.12.09 20:00:00,0,
2025.12.09 20:24:59,scan_skipped_same_execution_bar,USDJPY,2025.12.09 20:00:00,0,
2025.12.09 20:34:59,scan_executed_new_execution_bar,USDJPY,2025.12.09 20:15:00,16,
2025.12.09 20:39:59,scan_skipped_same_execution_bar,USDJPY,2025.12.09 20:15:00,0,
2025.12.09 20:49:59,scan_executed_new_execution_bar,USDJPY,2025.12.09 20:30:00,0,
2025.12.09 20:54:59,scan_skipped_same_execution_bar,USDJPY,2025.12.09 20:30:00,0,
2025.12.09 21:04:59,scan_executed_new_execution_bar,USDJPY,2025.12.09 20:45:00,0,
2025.12.09 21:09:59,scan_skipped_same_execution_bar,USDJPY,2025.12.09 20:45:00,0,
2025.12.09 21:19:59,scan_executed_new_execution_bar,USDJPY,2025.12.09 21:00:00,0,
2025.12.09 21:24:59,scan_skipped_same_execution_bar,USDJPY,2025.12.09 21:00:00,0,
2025.12.09 21:30:00,scan_executed_new_execution_bar,USDJPY,2025.12.09 21:15:00,0,
2025.12.09 21:34:59,scan_skipped_same_execution_bar,USDJPY,2025.12.09 21:15:00,0,
2025.12.09 21:49:59,scan_executed_new_execution_bar,USDJPY,2025.12.09 21:30:00,0,
2025.12.09 21:54:59,scan_skipped_same_execution_bar,USDJPY,2025.12.09 21:30:00,0,
2025.12.09 22:04:59,scan_executed_new_execution_bar,USDJPY,2025.12.09 21:45:00,0,
2025.12.09 22:09:59,scan_skipped_same_execution_bar,USDJPY,2025.12.09 21:45:00,0,
2025.12.09 22:19:58,scan_executed_new_execution_bar,USDJPY,2025.12.09 22:00:00,0,
2025.12.09 22:24:59,scan_skipped_same_execution_bar,USDJPY,2025.12.09 22:00:00,0,
2025.12.09 22:34:59,scan_executed_new_execution_bar,USDJPY,2025.12.09 22:15:00,0,
2025.12.09 22:39:59,scan_skipped_same_execution_bar,USDJPY,2025.12.09 22:15:00,0,
2025.12.09 22:49:59,scan_executed_new_execution_bar,USDJPY,2025.12.09 22:30:00,0,
2025.12.09 22:54:59,scan_skipped_same_execution_bar,USDJPY,2025.12.09 22:30:00,0,
2025.12.09 23:04:59,scan_executed_new_execution_bar,USDJPY,2025.12.09 22:45:00,0,
2025.12.09 23:09:59,scan_skipped_same_execution_bar,USDJPY,2025.12.09 22:45:00,0,
2025.12.09 23:19:59,scan_executed_new_execution_bar,USDJPY,2025.12.09 23:00:00,0,
2025.12.09 23:24:59,scan_skipped_same_execution_bar,USDJPY,2025.12.09 23:00:00,0,
2025.12.09 23:34:56,scan_executed_new_execution_bar,USDJPY,2025.12.09 23:15:00,0,
2025.12.09 23:39:59,scan_skipped_same_execution_bar,USDJPY,2025.12.09 23:15:00,0,
2025.12.09 23:49:59,scan_executed_new_execution_bar,USDJPY,2025.12.09 23:30:00,0,
2025.12.09 23:54:59,scan_skipped_same_execution_bar,USDJPY,2025.12.09 23:30:00,0,
2025.12.10 00:04:49,scan_executed_new_execution_bar,USDJPY,2025.12.09 23:45:00,0,
2025.12.10 00:09:56,scan_skipped_same_execution_bar,USDJPY,2025.12.09 23:45:00,0,
2025.12.10 00:19:59,scan_executed_new_execution_bar,USDJPY,2025.12.10 00:00:00,0,
2025.12.10 00:24:58,scan_skipped_same_execution_bar,USDJPY,2025.12.10 00:00:00,0,
2025.12.10 00:34:56,scan_executed_new_execution_bar,USDJPY,2025.12.10 00:15:00,0,
2025.12.10 00:39:59,scan_skipped_same_execution_bar,USDJPY,2025.12.10 00:15:00,0,
2025.12.10 00:49:58,scan_executed_new_execution_bar,USDJPY,2025.12.10 00:30:00,0,
2025.12.10 00:54:59,scan_skipped_same_execution_bar,USDJPY,2025.12.10 00:30:00,0,
2025.12.10 01:04:59,scan_executed_new_execution_bar,USDJPY,2025.12.10 00:45:00,0,
2025.12.10 01:09:57,scan_skipped_same_execution_bar,USDJPY,2025.12.10 00:45:00,0,
2025.12.10 01:19:59,scan_executed_new_execution_bar,USDJPY,2025.12.10 01:00:00,0,
2025.12.10 01:24:56,scan_skipped_same_execution_bar,USDJPY,2025.12.10 01:00:00,0,
2025.12.10 01:34:58,scan_executed_new_execution_bar,USDJPY,2025.12.10 01:15:00,0,
2025.12.10 01:39:57,scan_skipped_same_execution_bar,USDJPY,2025.12.10 01:15:00,0,
2025.12.10 01:49:59,scan_executed_new_execution_bar,USDJPY,2025.12.10 01:30:00,16,
2025.12.10 01:54:59,scan_skipped_same_execution_bar,USDJPY,2025.12.10 01:30:00,0,
2025.12.10 02:04:59,scan_executed_new_execution_bar,USDJPY,2025.12.10 01:45:00,0,
2025.12.10 02:09:59,scan_skipped_same_execution_bar,USDJPY,2025.12.10 01:45:00,0,
2025.12.10 02:19:59,scan_executed_new_execution_bar,USDJPY,2025.12.10 02:00:00,0,
2025.12.10 02:24:59,scan_skipped_same_execution_bar,USDJPY,2025.12.10 02:00:00,0,
2025.12.10 02:34:59,scan_executed_new_execution_bar,USDJPY,2025.12.10 02:15:00,16,
2025.12.10 02:39:59,scan_skipped_same_execution_bar,USDJPY,2025.12.10 02:15:00,0,
2025.12.10 02:49:59,scan_executed_new_execution_bar,USDJPY,2025.12.10 02:30:00,0,
2025.12.10 02:54:59,scan_skipped_same_execution_bar,USDJPY,2025.12.10 02:30:00,0,
2025.12.10 03:04:59,scan_executed_new_execution_bar,USDJPY,2025.12.10 02:45:00,0,
2025.12.10 03:09:59,scan_skipped_same_execution_bar,USDJPY,2025.12.10 02:45:00,0,
2025.12.10 03:19:59,scan_executed_new_execution_bar,USDJPY,2025.12.10 03:00:00,0,
2025.12.10 03:24:59,scan_skipped_same_execution_bar,USDJPY,2025.12.10 03:00:00,0,
2025.12.10 03:34:59,scan_executed_new_execution_bar,USDJPY,2025.12.10 03:15:00,0,
2025.12.10 03:39:59,scan_skipped_same_execution_bar,USDJPY,2025.12.10 03:15:00,0,
2025.12.10 03:49:59,scan_executed_new_execution_bar,USDJPY,2025.12.10 03:30:00,0,
2025.12.10 03:54:59,scan_skipped_same_execution_bar,USDJPY,2025.12.10 03:30:00,0,
2025.12.10 04:04:59,scan_executed_new_execution_bar,USDJPY,2025.12.10 03:45:00,0,
2025.12.10 04:09:59,scan_skipped_same_execution_bar,USDJPY,2025.12.10 03:45:00,0,
2025.12.10 04:19:59,scan_executed_new_execution_bar,USDJPY,2025.12.10 04:00:00,0,
2025.12.10 04:24:59,scan_skipped_same_execution_bar,USDJPY,2025.12.10 04:00:00,0,
2025.12.10 04:34:59,scan_executed_new_execution_bar,USDJPY,2025.12.10 04:15:00,31,
2025.12.10 04:39:59,scan_skipped_same_execution_bar,USDJPY,2025.12.10 04:15:00,0,
2025.12.10 04:49:59,scan_executed_new_execution_bar,USDJPY,2025.12.10 04:30:00,0,
2025.12.10 04:54:59,scan_skipped_same_execution_bar,USDJPY,2025.12.10 04:30:00,0,
2025.12.10 05:04:59,scan_executed_new_execution_bar,USDJPY,2025.12.10 04:45:00,0,
2025.12.10 05:09:59,scan_skipped_same_execution_bar,USDJPY,2025.12.10 04:45:00,0,
2025.12.10 05:19:59,scan_executed_new_execution_bar,USDJPY,2025.12.10 05:00:00,15,
2025.12.10 05:24:59,scan_skipped_same_execution_bar,USDJPY,2025.12.10 05:00:00,0,
2025.12.10 05:34:59,scan_executed_new_execution_bar,USDJPY,2025.12.10 05:15:00,16,
2025.12.10 05:39:59,scan_skipped_same_execution_bar,USDJPY,2025.12.10 05:15:00,0,
2025.12.10 05:49:59,scan_executed_new_execution_bar,USDJPY,2025.12.10 05:30:00,15,
2025.12.10 05:54:59,scan_skipped_same_execution_bar,USDJPY,2025.12.10 05:30:00,0,
2025.12.10 06:04:59,scan_executed_new_execution_bar,USDJPY,2025.12.10 05:45:00,16,
2025.12.10 06:09:59,scan_skipped_same_execution_bar,USDJPY,2025.12.10 05:45:00,0,
2025.12.10 06:19:59,scan_executed_new_execution_bar,USDJPY,2025.12.10 06:00:00,15,
2025.12.10 06:24:59,scan_skipped_same_execution_bar,USDJPY,2025.12.10 06:00:00,0,
2025.12.10 06:34:58,scan_executed_new_execution_bar,USDJPY,2025.12.10 06:15:00,16,
2025.12.10 06:39:59,scan_skipped_same_execution_bar,USDJPY,2025.12.10 06:15:00,0,
2025.12.10 06:49:59,scan_executed_new_execution_bar,USDJPY,2025.12.10 06:30:00,0,
2025.12.10 06:54:59,scan_skipped_same_execution_bar,USDJPY,2025.12.10 06:30:00,0,
2025.12.10 07:04:59,scan_executed_new_execution_bar,USDJPY,2025.12.10 06:45:00,15,
2025.12.10 07:09:59,scan_skipped_same_execution_bar,USDJPY,2025.12.10 06:45:00,0,
2025.12.10 07:19:59,scan_executed_new_execution_bar,USDJPY,2025.12.10 07:00:00,16,
2025.12.10 07:24:59,scan_skipped_same_execution_bar,USDJPY,2025.12.10 07:00:00,0,
2025.12.10 07:34:59,scan_executed_new_execution_bar,USDJPY,2025.12.10 07:15:00,15,
2025.12.10 07:39:59,scan_skipped_same_execution_bar,USDJPY,2025.12.10 07:15:00,0,
2025.12.10 07:49:59,scan_executed_new_execution_bar,USDJPY,2025.12.10 07:30:00,0,
2025.12.10 07:54:59,scan_skipped_same_execution_bar,USDJPY,2025.12.10 07:30:00,0,
2025.12.10 08:04:59,scan_executed_new_execution_bar,USDJPY,2025.12.10 07:45:00,0,
2025.12.10 08:09:59,scan_skipped_same_execution_bar,USDJPY,2025.12.10 07:45:00,0,
2025.12.10 08:20:00,scan_executed_new_execution_bar,USDJPY,2025.12.10 08:00:00,0,
2025.12.10 08:24:59,scan_skipped_same_execution_bar,USDJPY,2025.12.10 08:00:00,0,
2025.12.10 08:34:59,scan_executed_new_execution_bar,USDJPY,2025.12.10 08:15:00,0,
2025.12.10 08:39:59,scan_skipped_same_execution_bar,USDJPY,2025.12.10 08:15:00,0,
2025.12.10 08:49:59,scan_executed_new_execution_bar,USDJPY,2025.12.10 08:30:00,0,
2025.12.10 08:54:59,scan_skipped_same_execution_bar,USDJPY,2025.12.10 08:30:00,0,
2025.12.10 09:04:59,scan_executed_new_execution_bar,USDJPY,2025.12.10 08:45:00,0,
2025.12.10 09:09:59,scan_skipped_same_execution_bar,USDJPY,2025.12.10 08:45:00,0,
2025.12.10 09:19:59,scan_executed_new_execution_bar,USDJPY,2025.12.10 09:00:00,0,
2025.12.10 09:24:59,scan_skipped_same_execution_bar,USDJPY,2025.12.10 09:00:00,0,
2025.12.10 09:34:59,scan_executed_new_execution_bar,USDJPY,2025.12.10 09:15:00,0,
2025.12.10 09:39:59,scan_skipped_same_execution_bar,USDJPY,2025.12.10 09:15:00,0,
2025.12.10 09:49:59,scan_executed_new_execution_bar,USDJPY,2025.12.10 09:30:00,0,
2025.12.10 09:54:59,scan_skipped_same_execution_bar,USDJPY,2025.12.10 09:30:00,0,
2025.12.10 10:04:59,scan_executed_new_execution_bar,USDJPY,2025.12.10 09:45:00,0,
2025.12.10 10:09:59,scan_skipped_same_execution_bar,USDJPY,2025.12.10 09:45:00,0,
2025.12.10 10:20:00,scan_executed_new_execution_bar,USDJPY,2025.12.10 10:00:00,15,
2025.12.10 10:24:59,scan_skipped_same_execution_bar,USDJPY,2025.12.10 10:00:00,0,
2025.12.10 10:34:59,scan_executed_new_execution_bar,USDJPY,2025.12.10 10:15:00,0,
2025.12.10 10:39:59,scan_skipped_same_execution_bar,USDJPY,2025.12.10 10:15:00,0,
2025.12.10 10:49:59,scan_executed_new_execution_bar,USDJPY,2025.12.10 10:30:00,0,
2025.12.10 10:54:59,scan_skipped_same_execution_bar,USDJPY,2025.12.10 10:30:00,0,
2025.12.10 11:04:59,scan_executed_new_execution_bar,USDJPY,2025.12.10 10:45:00,0,
2025.12.10 11:09:59,scan_skipped_same_execution_bar,USDJPY,2025.12.10 10:45:00,0,
2025.12.10 11:19:59,scan_executed_new_execution_bar,USDJPY,2025.12.10 11:00:00,0,
2025.12.10 11:24:59,scan_skipped_same_execution_bar,USDJPY,2025.12.10 11:00:00,0,
2025.12.10 11:34:59,scan_executed_new_execution_bar,USDJPY,2025.12.10 11:15:00,0,
2025.12.10 11:39:59,scan_skipped_same_execution_bar,USDJPY,2025.12.10 11:15:00,0,
2025.12.10 11:49:59,scan_executed_new_execution_bar,USDJPY,2025.12.10 11:30:00,0,
2025.12.10 11:54:59,scan_skipped_same_execution_bar,USDJPY,2025.12.10 11:30:00,0,
2025.12.10 12:04:59,scan_executed_new_execution_bar,USDJPY,2025.12.10 11:45:00,0,
2025.12.10 12:09:59,scan_skipped_same_execution_bar,USDJPY,2025.12.10 11:45:00,0,
2025.12.10 12:19:59,scan_executed_new_execution_bar,USDJPY,2025.12.10 12:00:00,0,
2025.12.10 12:24:59,scan_skipped_same_execution_bar,USDJPY,2025.12.10 12:00:00,0,
2025.12.10 12:34:59,scan_executed_new_execution_bar,USDJPY,2025.12.10 12:15:00,0,
2025.12.10 12:39:59,scan_skipped_same_execution_bar,USDJPY,2025.12.10 12:15:00,0,
2025.12.10 12:49:59,scan_executed_new_execution_bar,USDJPY,2025.12.10 12:30:00,31,
2025.12.10 12:54:59,scan_skipped_same_execution_bar,USDJPY,2025.12.10 12:30:00,0,
2025.12.10 13:04:59,scan_executed_new_execution_bar,USDJPY,2025.12.10 12:45:00,15,
2025.12.10 13:09:59,scan_skipped_same_execution_bar,USDJPY,2025.12.10 12:45:00,0,
2025.12.10 13:19:59,scan_executed_new_execution_bar,USDJPY,2025.12.10 13:00:00,16,
2025.12.10 13:24:59,scan_skipped_same_execution_bar,USDJPY,2025.12.10 13:00:00,0,
2025.12.10 13:34:59,scan_executed_new_execution_bar,USDJPY,2025.12.10 13:15:00,0,
2025.12.10 13:39:59,scan_skipped_same_execution_bar,USDJPY,2025.12.10 13:15:00,0,
2025.12.10 13:45:00,scan_executed_new_execution_bar,USDJPY,2025.12.10 13:30:00,15,
2025.12.10 13:49:59,scan_skipped_same_execution_bar,USDJPY,2025.12.10 13:30:00,0,
2025.12.10 14:04:59,scan_executed_new_execution_bar,USDJPY,2025.12.10 13:45:00,0,
2025.12.10 14:09:59,scan_skipped_same_execution_bar,USDJPY,2025.12.10 13:45:00,0,
2025.12.10 14:19:59,scan_executed_new_execution_bar,USDJPY,2025.12.10 14:00:00,0,
2025.12.10 14:24:59,scan_skipped_same_execution_bar,USDJPY,2025.12.10 14:00:00,0,
2025.12.10 14:34:59,scan_executed_new_execution_bar,USDJPY,2025.12.10 14:15:00,0,
2025.12.10 14:40:00,scan_skipped_same_execution_bar,USDJPY,2025.12.10 14:15:00,0,
2025.12.10 14:49:59,scan_executed_new_execution_bar,USDJPY,2025.12.10 14:30:00,0,
2025.12.10 14:54:59,scan_skipped_same_execution_bar,USDJPY,2025.12.10 14:30:00,0,
2025.12.10 15:04:59,scan_executed_new_execution_bar,USDJPY,2025.12.10 14:45:00,0,
2025.12.10 15:09:59,scan_skipped_same_execution_bar,USDJPY,2025.12.10 14:45:00,0,
2025.12.10 15:19:59,scan_executed_new_execution_bar,USDJPY,2025.12.10 15:00:00,0,
2025.12.10 15:24:59,scan_skipped_same_execution_bar,USDJPY,2025.12.10 15:00:00,0,
2025.12.10 15:34:59,scan_executed_new_execution_bar,USDJPY,2025.12.10 15:15:00,0,
2025.12.10 15:39:59,scan_skipped_same_execution_bar,USDJPY,2025.12.10 15:15:00,0,
2025.12.10 15:49:59,scan_executed_new_execution_bar,USDJPY,2025.12.10 15:30:00,0,
2025.12.10 15:55:00,scan_skipped_same_execution_bar,USDJPY,2025.12.10 15:30:00,0,
2025.12.10 16:04:59,scan_executed_new_execution_bar,USDJPY,2025.12.10 15:45:00,0,
2025.12.10 16:09:59,scan_skipped_same_execution_bar,USDJPY,2025.12.10 15:45:00,0,
2025.12.10 16:19:59,scan_executed_new_execution_bar,USDJPY,2025.12.10 16:00:00,16,
2025.12.10 16:24:59,scan_skipped_same_execution_bar,USDJPY,2025.12.10 16:00:00,0,
2025.12.10 16:34:59,scan_executed_new_execution_bar,USDJPY,2025.12.10 16:15:00,15,
2025.12.10 16:39:59,scan_skipped_same_execution_bar,USDJPY,2025.12.10 16:15:00,0,
2025.12.10 16:49:59,scan_executed_new_execution_bar,USDJPY,2025.12.10 16:30:00,0,
2025.12.10 16:54:59,scan_skipped_same_execution_bar,USDJPY,2025.12.10 16:30:00,0,
2025.12.10 17:04:59,scan_executed_new_execution_bar,USDJPY,2025.12.10 16:45:00,0,
2025.12.10 17:09:59,scan_skipped_same_execution_bar,USDJPY,2025.12.10 16:45:00,0,
2025.12.10 17:19:59,scan_executed_new_execution_bar,USDJPY,2025.12.10 17:00:00,0,
2025.12.10 17:24:59,scan_skipped_same_execution_bar,USDJPY,2025.12.10 17:00:00,0,
2025.12.10 17:34:59,scan_executed_new_execution_bar,USDJPY,2025.12.10 17:15:00,0,
2025.12.10 17:39:59,scan_skipped_same_execution_bar,USDJPY,2025.12.10 17:15:00,0,
2025.12.10 17:49:59,scan_executed_new_execution_bar,USDJPY,2025.12.10 17:30:00,0,
2025.12.10 17:54:59,scan_skipped_same_execution_bar,USDJPY,2025.12.10 17:30:00,0,
2025.12.10 18:04:59,scan_executed_new_execution_bar,USDJPY,2025.12.10 17:45:00,16,
2025.12.10 18:09:59,scan_skipped_same_execution_bar,USDJPY,2025.12.10 17:45:00,0,
2025.12.10 18:19:59,scan_executed_new_execution_bar,USDJPY,2025.12.10 18:00:00,0,
2025.12.10 18:24:59,scan_skipped_same_execution_bar,USDJPY,2025.12.10 18:00:00,0,
2025.12.10 18:34:59,scan_executed_new_execution_bar,USDJPY,2025.12.10 18:15:00,0,
2025.12.10 18:39:59,scan_skipped_same_execution_bar,USDJPY,2025.12.10 18:15:00,0,
2025.12.10 18:49:59,scan_executed_new_execution_bar,USDJPY,2025.12.10 18:30:00,0,
2025.12.10 18:54:59,scan_skipped_same_execution_bar,USDJPY,2025.12.10 18:30:00,0,
2025.12.10 19:04:59,scan_executed_new_execution_bar,USDJPY,2025.12.10 18:45:00,15,
2025.12.10 19:09:59,scan_skipped_same_execution_bar,USDJPY,2025.12.10 18:45:00,0,
2025.12.10 19:19:59,scan_executed_new_execution_bar,USDJPY,2025.12.10 19:00:00,0,
2025.12.10 19:24:59,scan_skipped_same_execution_bar,USDJPY,2025.12.10 19:00:00,0,
2025.12.10 19:34:59,scan_executed_new_execution_bar,USDJPY,2025.12.10 19:15:00,0,
2025.12.10 19:39:59,scan_skipped_same_execution_bar,USDJPY,2025.12.10 19:15:00,0,
2025.12.10 19:49:59,scan_executed_new_execution_bar,USDJPY,2025.12.10 19:30:00,15,
2025.12.10 19:54:59,scan_skipped_same_execution_bar,USDJPY,2025.12.10 19:30:00,0,
2025.12.10 20:04:59,scan_executed_new_execution_bar,USDJPY,2025.12.10 19:45:00,0,
2025.12.10 20:09:59,scan_skipped_same_execution_bar,USDJPY,2025.12.10 19:45:00,0,
2025.12.10 20:19:59,scan_executed_new_execution_bar,USDJPY,2025.12.10 20:00:00,31,
2025.12.10 20:24:59,scan_skipped_same_execution_bar,USDJPY,2025.12.10 20:00:00,0,
2025.12.10 20:34:59,scan_executed_new_execution_bar,USDJPY,2025.12.10 20:15:00,0,
2025.12.10 20:39:59,scan_skipped_same_execution_bar,USDJPY,2025.12.10 20:15:00,0,
2025.12.10 20:49:59,scan_executed_new_execution_bar,USDJPY,2025.12.10 20:30:00,0,
2025.12.10 20:54:59,scan_skipped_same_execution_bar,USDJPY,2025.12.10 20:30:00,0,
2025.12.10 21:04:59,scan_executed_new_execution_bar,USDJPY,2025.12.10 20:45:00,0,
2025.12.10 21:09:59,scan_skipped_same_execution_bar,USDJPY,2025.12.10 20:45:00,0,
2025.12.10 21:19:59,scan_executed_new_execution_bar,USDJPY,2025.12.10 21:00:00,0,
2025.12.10 21:24:59,scan_skipped_same_execution_bar,USDJPY,2025.12.10 21:00:00,0,
2025.12.10 21:34:59,scan_executed_new_execution_bar,USDJPY,2025.12.10 21:15:00,16,
2025.12.10 21:39:59,scan_skipped_same_execution_bar,USDJPY,2025.12.10 21:15:00,0,
2025.12.10 21:49:59,scan_executed_new_execution_bar,USDJPY,2025.12.10 21:30:00,16,
2025.12.10 21:54:59,scan_skipped_same_execution_bar,USDJPY,2025.12.10 21:30:00,0,
2025.12.10 22:04:59,scan_executed_new_execution_bar,USDJPY,2025.12.10 21:45:00,0,
2025.12.10 22:09:59,scan_skipped_same_execution_bar,USDJPY,2025.12.10 21:45:00,0,
2025.12.10 22:19:59,scan_executed_new_execution_bar,USDJPY,2025.12.10 22:00:00,0,
2025.12.10 22:24:59,scan_skipped_same_execution_bar,USDJPY,2025.12.10 22:00:00,0,
2025.12.10 22:34:59,scan_executed_new_execution_bar,USDJPY,2025.12.10 22:15:00,0,
2025.12.10 22:39:59,scan_skipped_same_execution_bar,USDJPY,2025.12.10 22:15:00,0,
2025.12.10 22:49:59,scan_executed_new_execution_bar,USDJPY,2025.12.10 22:30:00,0,
2025.12.10 22:54:59,scan_skipped_same_execution_bar,USDJPY,2025.12.10 22:30:00,0,
2025.12.10 23:04:59,scan_executed_new_execution_bar,USDJPY,2025.12.10 22:45:00,0,
2025.12.10 23:09:59,scan_skipped_same_execution_bar,USDJPY,2025.12.10 22:45:00,0,
2025.12.10 23:19:59,scan_executed_new_execution_bar,USDJPY,2025.12.10 23:00:00,32,
2025.12.10 23:24:59,scan_skipped_same_execution_bar,USDJPY,2025.12.10 23:00:00,0,
2025.12.10 23:34:59,scan_executed_new_execution_bar,USDJPY,2025.12.10 23:15:00,15,
2025.12.10 23:39:58,scan_skipped_same_execution_bar,USDJPY,2025.12.10 23:15:00,0,
2025.12.10 23:49:59,scan_executed_new_execution_bar,USDJPY,2025.12.10 23:30:00,31,
2025.12.10 23:54:59,scan_skipped_same_execution_bar,USDJPY,2025.12.10 23:30:00,0,
2025.12.11 00:04:48,scan_executed_new_execution_bar,USDJPY,2025.12.10 23:45:00,0,
2025.12.11 00:09:58,scan_skipped_same_execution_bar,USDJPY,2025.12.10 23:45:00,0,
2025.12.11 00:19:59,scan_executed_new_execution_bar,USDJPY,2025.12.11 00:00:00,0,
2025.12.11 00:24:59,scan_skipped_same_execution_bar,USDJPY,2025.12.11 00:00:00,0,
2025.12.11 00:34:59,scan_executed_new_execution_bar,USDJPY,2025.12.11 00:15:00,0,
2025.12.11 00:39:59,scan_skipped_same_execution_bar,USDJPY,2025.12.11 00:15:00,0,
2025.12.11 00:49:59,scan_executed_new_execution_bar,USDJPY,2025.12.11 00:30:00,0,
2025.12.11 00:54:59,scan_skipped_same_execution_bar,USDJPY,2025.12.11 00:30:00,0,
2025.12.11 01:04:59,scan_executed_new_execution_bar,USDJPY,2025.12.11 00:45:00,0,
2025.12.11 01:09:59,scan_skipped_same_execution_bar,USDJPY,2025.12.11 00:45:00,0,
2025.12.11 01:19:59,scan_executed_new_execution_bar,USDJPY,2025.12.11 01:00:00,0,
2025.12.11 01:24:59,scan_skipped_same_execution_bar,USDJPY,2025.12.11 01:00:00,0,
2025.12.11 01:34:59,scan_executed_new_execution_bar,USDJPY,2025.12.11 01:15:00,0,
2025.12.11 01:39:59,scan_skipped_same_execution_bar,USDJPY,2025.12.11 01:15:00,0,
2025.12.11 01:49:59,scan_executed_new_execution_bar,USDJPY,2025.12.11 01:30:00,15,
2025.12.11 01:54:59,scan_skipped_same_execution_bar,USDJPY,2025.12.11 01:30:00,0,
2025.12.11 02:04:59,scan_executed_new_execution_bar,USDJPY,2025.12.11 01:45:00,0,
2025.12.11 02:09:59,scan_skipped_same_execution_bar,USDJPY,2025.12.11 01:45:00,0,
2025.12.11 02:20:00,scan_executed_new_execution_bar,USDJPY,2025.12.11 02:00:00,0,
2025.12.11 02:24:59,scan_skipped_same_execution_bar,USDJPY,2025.12.11 02:00:00,0,
2025.12.11 02:34:59,scan_executed_new_execution_bar,USDJPY,2025.12.11 02:15:00,15,
2025.12.11 02:39:59,scan_skipped_same_execution_bar,USDJPY,2025.12.11 02:15:00,0,
2025.12.11 02:49:59,scan_executed_new_execution_bar,USDJPY,2025.12.11 02:30:00,16,
2025.12.11 02:54:59,scan_skipped_same_execution_bar,USDJPY,2025.12.11 02:30:00,0,
2025.12.11 03:04:59,scan_executed_new_execution_bar,USDJPY,2025.12.11 02:45:00,31,
2025.12.11 03:09:58,scan_skipped_same_execution_bar,USDJPY,2025.12.11 02:45:00,0,
2025.12.11 03:19:59,scan_executed_new_execution_bar,USDJPY,2025.12.11 03:00:00,0,
2025.12.11 03:24:59,scan_skipped_same_execution_bar,USDJPY,2025.12.11 03:00:00,0,
2025.12.11 03:34:59,scan_executed_new_execution_bar,USDJPY,2025.12.11 03:15:00,0,
2025.12.11 03:39:59,scan_skipped_same_execution_bar,USDJPY,2025.12.11 03:15:00,0,
2025.12.11 03:49:59,scan_executed_new_execution_bar,USDJPY,2025.12.11 03:30:00,15,
2025.12.11 03:54:59,scan_skipped_same_execution_bar,USDJPY,2025.12.11 03:30:00,0,
2025.12.11 04:04:59,scan_executed_new_execution_bar,USDJPY,2025.12.11 03:45:00,0,
2025.12.11 04:09:59,scan_skipped_same_execution_bar,USDJPY,2025.12.11 03:45:00,0,
2025.12.11 04:19:59,scan_executed_new_execution_bar,USDJPY,2025.12.11 04:00:00,0,
2025.12.11 04:24:59,scan_skipped_same_execution_bar,USDJPY,2025.12.11 04:00:00,0,
2025.12.11 04:34:59,scan_executed_new_execution_bar,USDJPY,2025.12.11 04:15:00,0,
2025.12.11 04:39:59,scan_skipped_same_execution_bar,USDJPY,2025.12.11 04:15:00,0,
2025.12.11 04:49:59,scan_executed_new_execution_bar,USDJPY,2025.12.11 04:30:00,15,
2025.12.11 04:54:59,scan_skipped_same_execution_bar,USDJPY,2025.12.11 04:30:00,0,
2025.12.11 05:04:59,scan_executed_new_execution_bar,USDJPY,2025.12.11 04:45:00,16,
2025.12.11 05:09:59,scan_skipped_same_execution_bar,USDJPY,2025.12.11 04:45:00,0,
2025.12.11 05:20:00,scan_executed_new_execution_bar,USDJPY,2025.12.11 05:00:00,0,
2025.12.11 05:24:59,scan_skipped_same_execution_bar,USDJPY,2025.12.11 05:00:00,0,
2025.12.11 05:34:59,scan_executed_new_execution_bar,USDJPY,2025.12.11 05:15:00,31,
2025.12.11 05:39:59,scan_skipped_same_execution_bar,USDJPY,2025.12.11 05:15:00,0,
2025.12.11 05:49:59,scan_executed_new_execution_bar,USDJPY,2025.12.11 05:30:00,0,
2025.12.11 05:54:59,scan_skipped_same_execution_bar,USDJPY,2025.12.11 05:30:00,0,
2025.12.11 06:04:59,scan_executed_new_execution_bar,USDJPY,2025.12.11 05:45:00,15,
2025.12.11 06:09:59,scan_skipped_same_execution_bar,USDJPY,2025.12.11 05:45:00,0,
2025.12.11 06:19:59,scan_executed_new_execution_bar,USDJPY,2025.12.11 06:00:00,16,
2025.12.11 06:24:59,scan_skipped_same_execution_bar,USDJPY,2025.12.11 06:00:00,0,
2025.12.11 06:34:59,scan_executed_new_execution_bar,USDJPY,2025.12.11 06:15:00,0,
2025.12.11 06:39:59,scan_skipped_same_execution_bar,USDJPY,2025.12.11 06:15:00,0,
2025.12.11 06:49:59,scan_executed_new_execution_bar,USDJPY,2025.12.11 06:30:00,0,
2025.12.11 06:54:59,scan_skipped_same_execution_bar,USDJPY,2025.12.11 06:30:00,0,
2025.12.11 07:04:59,scan_executed_new_execution_bar,USDJPY,2025.12.11 06:45:00,0,
2025.12.11 07:09:59,scan_skipped_same_execution_bar,USDJPY,2025.12.11 06:45:00,0,
2025.12.11 07:19:59,scan_executed_new_execution_bar,USDJPY,2025.12.11 07:00:00,0,
2025.12.11 07:24:59,scan_skipped_same_execution_bar,USDJPY,2025.12.11 07:00:00,0,
2025.12.11 07:34:59,scan_executed_new_execution_bar,USDJPY,2025.12.11 07:15:00,0,
2025.12.11 07:39:59,scan_skipped_same_execution_bar,USDJPY,2025.12.11 07:15:00,0,
2025.12.11 07:49:59,scan_executed_new_execution_bar,USDJPY,2025.12.11 07:30:00,0,
2025.12.11 07:54:59,scan_skipped_same_execution_bar,USDJPY,2025.12.11 07:30:00,0,
2025.12.11 08:04:59,scan_executed_new_execution_bar,USDJPY,2025.12.11 07:45:00,0,
2025.12.11 08:09:59,scan_skipped_same_execution_bar,USDJPY,2025.12.11 07:45:00,0,
2025.12.11 08:19:59,scan_executed_new_execution_bar,USDJPY,2025.12.11 08:00:00,0,
2025.12.11 08:24:59,scan_skipped_same_execution_bar,USDJPY,2025.12.11 08:00:00,0,
2025.12.11 08:34:59,scan_executed_new_execution_bar,USDJPY,2025.12.11 08:15:00,0,
2025.12.11 08:39:59,scan_skipped_same_execution_bar,USDJPY,2025.12.11 08:15:00,0,
2025.12.11 08:49:59,scan_executed_new_execution_bar,USDJPY,2025.12.11 08:30:00,0,
2025.12.11 08:54:59,scan_skipped_same_execution_bar,USDJPY,2025.12.11 08:30:00,0,
2025.12.11 09:04:58,scan_executed_new_execution_bar,USDJPY,2025.12.11 08:45:00,0,
2025.12.11 09:09:59,scan_skipped_same_execution_bar,USDJPY,2025.12.11 08:45:00,0,
2025.12.11 09:19:59,scan_executed_new_execution_bar,USDJPY,2025.12.11 09:00:00,0,
2025.12.11 09:24:59,scan_skipped_same_execution_bar,USDJPY,2025.12.11 09:00:00,0,
2025.12.11 09:34:59,scan_executed_new_execution_bar,USDJPY,2025.12.11 09:15:00,0,
2025.12.11 09:39:59,scan_skipped_same_execution_bar,USDJPY,2025.12.11 09:15:00,0,
2025.12.11 09:49:59,scan_executed_new_execution_bar,USDJPY,2025.12.11 09:30:00,0,
2025.12.11 09:54:59,scan_skipped_same_execution_bar,USDJPY,2025.12.11 09:30:00,0,
2025.12.11 10:04:59,scan_executed_new_execution_bar,USDJPY,2025.12.11 09:45:00,0,
2025.12.11 10:09:59,scan_skipped_same_execution_bar,USDJPY,2025.12.11 09:45:00,0,
2025.12.11 10:19:59,scan_executed_new_execution_bar,USDJPY,2025.12.11 10:00:00,16,
2025.12.11 10:24:59,scan_skipped_same_execution_bar,USDJPY,2025.12.11 10:00:00,0,
2025.12.11 10:34:59,scan_executed_new_execution_bar,USDJPY,2025.12.11 10:15:00,0,
2025.12.11 10:39:59,scan_skipped_same_execution_bar,USDJPY,2025.12.11 10:15:00,0,
2025.12.11 10:49:59,scan_executed_new_execution_bar,USDJPY,2025.12.11 10:30:00,0,
2025.12.11 10:54:59,scan_skipped_same_execution_bar,USDJPY,2025.12.11 10:30:00,0,
2025.12.11 11:04:59,scan_executed_new_execution_bar,USDJPY,2025.12.11 10:45:00,0,
2025.12.11 11:09:59,scan_skipped_same_execution_bar,USDJPY,2025.12.11 10:45:00,0,
2025.12.11 11:19:59,scan_executed_new_execution_bar,USDJPY,2025.12.11 11:00:00,0,
2025.12.11 11:25:00,scan_skipped_same_execution_bar,USDJPY,2025.12.11 11:00:00,0,
2025.12.11 11:34:59,scan_executed_new_execution_bar,USDJPY,2025.12.11 11:15:00,0,
2025.12.11 11:39:59,scan_skipped_same_execution_bar,USDJPY,2025.12.11 11:15:00,0,
2025.12.11 11:49:59,scan_executed_new_execution_bar,USDJPY,2025.12.11 11:30:00,0,
2025.12.11 11:54:59,scan_skipped_same_execution_bar,USDJPY,2025.12.11 11:30:00,0,
2025.12.11 12:04:59,scan_executed_new_execution_bar,USDJPY,2025.12.11 11:45:00,0,
2025.12.11 12:09:59,scan_skipped_same_execution_bar,USDJPY,2025.12.11 11:45:00,0,
2025.12.11 12:19:59,scan_executed_new_execution_bar,USDJPY,2025.12.11 12:00:00,16,
2025.12.11 12:24:59,scan_skipped_same_execution_bar,USDJPY,2025.12.11 12:00:00,0,
2025.12.11 12:34:59,scan_executed_new_execution_bar,USDJPY,2025.12.11 12:15:00,16,
2025.12.11 12:39:59,scan_skipped_same_execution_bar,USDJPY,2025.12.11 12:15:00,0,
2025.12.11 12:49:59,scan_executed_new_execution_bar,USDJPY,2025.12.11 12:30:00,0,
2025.12.11 12:54:59,scan_skipped_same_execution_bar,USDJPY,2025.12.11 12:30:00,0,
2025.12.11 13:04:59,scan_executed_new_execution_bar,USDJPY,2025.12.11 12:45:00,0,
2025.12.11 13:09:59,scan_skipped_same_execution_bar,USDJPY,2025.12.11 12:45:00,0,
2025.12.11 13:19:59,scan_executed_new_execution_bar,USDJPY,2025.12.11 13:00:00,0,
2025.12.11 13:25:00,scan_skipped_same_execution_bar,USDJPY,2025.12.11 13:00:00,0,
2025.12.11 13:34:59,scan_executed_new_execution_bar,USDJPY,2025.12.11 13:15:00,0,
2025.12.11 13:39:59,scan_skipped_same_execution_bar,USDJPY,2025.12.11 13:15:00,0,
2025.12.11 13:49:59,scan_executed_new_execution_bar,USDJPY,2025.12.11 13:30:00,0,
2025.12.11 13:54:59,scan_skipped_same_execution_bar,USDJPY,2025.12.11 13:30:00,0,
2025.12.11 14:04:59,scan_executed_new_execution_bar,USDJPY,2025.12.11 13:45:00,0,
2025.12.11 14:09:59,scan_skipped_same_execution_bar,USDJPY,2025.12.11 13:45:00,0,
2025.12.11 14:19:59,scan_executed_new_execution_bar,USDJPY,2025.12.11 14:00:00,0,
2025.12.11 14:24:59,scan_skipped_same_execution_bar,USDJPY,2025.12.11 14:00:00,0,
2025.12.11 14:34:59,scan_executed_new_execution_bar,USDJPY,2025.12.11 14:15:00,0,
2025.12.11 14:39:59,scan_skipped_same_execution_bar,USDJPY,2025.12.11 14:15:00,0,
2025.12.11 14:49:59,scan_executed_new_execution_bar,USDJPY,2025.12.11 14:30:00,0,
2025.12.11 14:54:59,scan_skipped_same_execution_bar,USDJPY,2025.12.11 14:30:00,0,
2025.12.11 15:04:59,scan_executed_new_execution_bar,USDJPY,2025.12.11 14:45:00,0,
2025.12.11 15:09:59,scan_skipped_same_execution_bar,USDJPY,2025.12.11 14:45:00,0,
2025.12.11 15:19:59,scan_executed_new_execution_bar,USDJPY,2025.12.11 15:00:00,0,
2025.12.11 15:24:59,scan_skipped_same_execution_bar,USDJPY,2025.12.11 15:00:00,0,
2025.12.11 15:35:00,scan_executed_new_execution_bar,USDJPY,2025.12.11 15:15:00,0,
2025.12.11 15:39:59,scan_skipped_same_execution_bar,USDJPY,2025.12.11 15:15:00,0,
2025.12.11 15:49:59,scan_executed_new_execution_bar,USDJPY,2025.12.11 15:30:00,0,
2025.12.11 15:54:59,scan_skipped_same_execution_bar,USDJPY,2025.12.11 15:30:00,0,
2025.12.11 16:04:59,scan_executed_new_execution_bar,USDJPY,2025.12.11 15:45:00,0,
2025.12.11 16:09:59,scan_skipped_same_execution_bar,USDJPY,2025.12.11 15:45:00,0,
2025.12.11 16:19:59,scan_executed_new_execution_bar,USDJPY,2025.12.11 16:00:00,0,
2025.12.11 16:24:59,scan_skipped_same_execution_bar,USDJPY,2025.12.11 16:00:00,0,
2025.12.11 16:34:59,scan_executed_new_execution_bar,USDJPY,2025.12.11 16:15:00,0,
2025.12.11 16:39:59,scan_skipped_same_execution_bar,USDJPY,2025.12.11 16:15:00,0,
2025.12.11 16:49:59,scan_executed_new_execution_bar,USDJPY,2025.12.11 16:30:00,0,
2025.12.11 16:54:59,scan_skipped_same_execution_bar,USDJPY,2025.12.11 16:30:00,0,
2025.12.11 17:04:59,scan_executed_new_execution_bar,USDJPY,2025.12.11 16:45:00,0,
2025.12.11 17:09:59,scan_skipped_same_execution_bar,USDJPY,2025.12.11 16:45:00,0,
2025.12.11 17:19:59,scan_executed_new_execution_bar,USDJPY,2025.12.11 17:00:00,16,
2025.12.11 17:24:59,scan_skipped_same_execution_bar,USDJPY,2025.12.11 17:00:00,0,
2025.12.11 17:34:59,scan_executed_new_execution_bar,USDJPY,2025.12.11 17:15:00,15,
2025.12.11 17:39:59,scan_skipped_same_execution_bar,USDJPY,2025.12.11 17:15:00,0,
2025.12.11 17:49:59,scan_executed_new_execution_bar,USDJPY,2025.12.11 17:30:00,0,
2025.12.11 17:54:59,scan_skipped_same_execution_bar,USDJPY,2025.12.11 17:30:00,0,
2025.12.11 18:04:59,scan_executed_new_execution_bar,USDJPY,2025.12.11 17:45:00,31,
2025.12.11 18:09:59,scan_skipped_same_execution_bar,USDJPY,2025.12.11 17:45:00,0,
2025.12.11 18:19:59,scan_executed_new_execution_bar,USDJPY,2025.12.11 18:00:00,16,
2025.12.11 18:24:59,scan_skipped_same_execution_bar,USDJPY,2025.12.11 18:00:00,0,
2025.12.11 18:34:59,scan_executed_new_execution_bar,USDJPY,2025.12.11 18:15:00,15,
2025.12.11 18:39:59,scan_skipped_same_execution_bar,USDJPY,2025.12.11 18:15:00,0,
2025.12.11 18:49:59,scan_executed_new_execution_bar,USDJPY,2025.12.11 18:30:00,0,
2025.12.11 18:54:59,scan_skipped_same_execution_bar,USDJPY,2025.12.11 18:30:00,0,
2025.12.11 19:04:59,scan_executed_new_execution_bar,USDJPY,2025.12.11 18:45:00,0,
2025.12.11 19:09:59,scan_skipped_same_execution_bar,USDJPY,2025.12.11 18:45:00,0,
2025.12.11 19:19:59,scan_executed_new_execution_bar,USDJPY,2025.12.11 19:00:00,0,
2025.12.11 19:24:59,scan_skipped_same_execution_bar,USDJPY,2025.12.11 19:00:00,0,
2025.12.11 19:34:59,scan_executed_new_execution_bar,USDJPY,2025.12.11 19:15:00,15,
2025.12.11 19:39:59,scan_skipped_same_execution_bar,USDJPY,2025.12.11 19:15:00,0,
2025.12.11 19:49:59,scan_executed_new_execution_bar,USDJPY,2025.12.11 19:30:00,0,
2025.12.11 19:54:59,scan_skipped_same_execution_bar,USDJPY,2025.12.11 19:30:00,0,
2025.12.11 20:04:59,scan_executed_new_execution_bar,USDJPY,2025.12.11 19:45:00,15,
2025.12.11 20:09:59,scan_skipped_same_execution_bar,USDJPY,2025.12.11 19:45:00,0,
2025.12.11 20:19:59,scan_executed_new_execution_bar,USDJPY,2025.12.11 20:00:00,0,
2025.12.11 20:24:59,scan_skipped_same_execution_bar,USDJPY,2025.12.11 20:00:00,0,
2025.12.11 20:34:59,scan_executed_new_execution_bar,USDJPY,2025.12.11 20:15:00,0,
2025.12.11 20:39:59,scan_skipped_same_execution_bar,USDJPY,2025.12.11 20:15:00,0,
2025.12.11 20:49:59,scan_executed_new_execution_bar,USDJPY,2025.12.11 20:30:00,0,
2025.12.11 20:54:59,scan_skipped_same_execution_bar,USDJPY,2025.12.11 20:30:00,0,
2025.12.11 21:04:59,scan_executed_new_execution_bar,USDJPY,2025.12.11 20:45:00,16,
2025.12.11 21:09:59,scan_skipped_same_execution_bar,USDJPY,2025.12.11 20:45:00,0,
2025.12.11 21:19:59,scan_executed_new_execution_bar,USDJPY,2025.12.11 21:00:00,0,
2025.12.11 21:24:59,scan_skipped_same_execution_bar,USDJPY,2025.12.11 21:00:00,0,
2025.12.11 21:34:59,scan_executed_new_execution_bar,USDJPY,2025.12.11 21:15:00,0,
2025.12.11 21:39:59,scan_skipped_same_execution_bar,USDJPY,2025.12.11 21:15:00,0,
2025.12.11 21:49:59,scan_executed_new_execution_bar,USDJPY,2025.12.11 21:30:00,0,
2025.12.11 21:54:59,scan_skipped_same_execution_bar,USDJPY,2025.12.11 21:30:00,0,
2025.12.11 22:04:59,scan_executed_new_execution_bar,USDJPY,2025.12.11 21:45:00,0,
2025.12.11 22:09:59,scan_skipped_same_execution_bar,USDJPY,2025.12.11 21:45:00,0,
2025.12.11 22:19:59,scan_executed_new_execution_bar,USDJPY,2025.12.11 22:00:00,0,
2025.12.11 22:24:59,scan_skipped_same_execution_bar,USDJPY,2025.12.11 22:00:00,0,
2025.12.11 22:34:59,scan_executed_new_execution_bar,USDJPY,2025.12.11 22:15:00,0,
2025.12.11 22:39:59,scan_skipped_same_execution_bar,USDJPY,2025.12.11 22:15:00,0,
2025.12.11 22:49:59,scan_executed_new_execution_bar,USDJPY,2025.12.11 22:30:00,0,
2025.12.11 22:54:59,scan_skipped_same_execution_bar,USDJPY,2025.12.11 22:30:00,0,
2025.12.11 23:04:59,scan_executed_new_execution_bar,USDJPY,2025.12.11 22:45:00,0,
2025.12.11 23:09:59,scan_skipped_same_execution_bar,USDJPY,2025.12.11 22:45:00,0,
2025.12.11 23:19:59,scan_executed_new_execution_bar,USDJPY,2025.12.11 23:00:00,0,
2025.12.11 23:24:59,scan_skipped_same_execution_bar,USDJPY,2025.12.11 23:00:00,0,
2025.12.11 23:34:57,scan_executed_new_execution_bar,USDJPY,2025.12.11 23:15:00,0,
2025.12.11 23:39:59,scan_skipped_same_execution_bar,USDJPY,2025.12.11 23:15:00,0,
2025.12.11 23:49:59,scan_executed_new_execution_bar,USDJPY,2025.12.11 23:30:00,0,
2025.12.11 23:54:56,scan_skipped_same_execution_bar,USDJPY,2025.12.11 23:30:00,0,
2025.12.12 00:04:52,scan_executed_new_execution_bar,USDJPY,2025.12.11 23:45:00,0,
2025.12.12 00:09:56,scan_skipped_same_execution_bar,USDJPY,2025.12.11 23:45:00,0,
2025.12.12 00:19:53,scan_executed_new_execution_bar,USDJPY,2025.12.12 00:00:00,0,
2025.12.12 00:24:57,scan_skipped_same_execution_bar,USDJPY,2025.12.12 00:00:00,0,
2025.12.12 00:34:59,scan_executed_new_execution_bar,USDJPY,2025.12.12 00:15:00,0,
2025.12.12 00:39:59,scan_skipped_same_execution_bar,USDJPY,2025.12.12 00:15:00,0,
2025.12.12 00:49:59,scan_executed_new_execution_bar,USDJPY,2025.12.12 00:30:00,0,
2025.12.12 00:54:58,scan_skipped_same_execution_bar,USDJPY,2025.12.12 00:30:00,0,
2025.12.12 01:05:00,scan_executed_new_execution_bar,USDJPY,2025.12.12 00:45:00,0,
2025.12.12 01:09:59,scan_skipped_same_execution_bar,USDJPY,2025.12.12 00:45:00,0,
2025.12.12 01:19:59,scan_executed_new_execution_bar,USDJPY,2025.12.12 01:00:00,0,
2025.12.12 01:24:59,scan_skipped_same_execution_bar,USDJPY,2025.12.12 01:00:00,0,
2025.12.12 01:34:59,scan_executed_new_execution_bar,USDJPY,2025.12.12 01:15:00,15,
2025.12.12 01:39:59,scan_skipped_same_execution_bar,USDJPY,2025.12.12 01:15:00,0,
2025.12.12 01:49:56,scan_executed_new_execution_bar,USDJPY,2025.12.12 01:30:00,0,
2025.12.12 01:54:59,scan_skipped_same_execution_bar,USDJPY,2025.12.12 01:30:00,0,
2025.12.12 02:04:59,scan_executed_new_execution_bar,USDJPY,2025.12.12 01:45:00,0,
2025.12.12 02:09:59,scan_skipped_same_execution_bar,USDJPY,2025.12.12 01:45:00,0,
2025.12.12 02:19:59,scan_executed_new_execution_bar,USDJPY,2025.12.12 02:00:00,0,
2025.12.12 02:25:00,scan_skipped_same_execution_bar,USDJPY,2025.12.12 02:00:00,0,
2025.12.12 02:34:59,scan_executed_new_execution_bar,USDJPY,2025.12.12 02:15:00,0,
2025.12.12 02:39:59,scan_skipped_same_execution_bar,USDJPY,2025.12.12 02:15:00,0,
2025.12.12 02:49:59,scan_executed_new_execution_bar,USDJPY,2025.12.12 02:30:00,0,
2025.12.12 02:54:59,scan_skipped_same_execution_bar,USDJPY,2025.12.12 02:30:00,0,
2025.12.12 03:04:59,scan_executed_new_execution_bar,USDJPY,2025.12.12 02:45:00,0,
2025.12.12 03:09:59,scan_skipped_same_execution_bar,USDJPY,2025.12.12 02:45:00,0,
2025.12.12 03:19:59,scan_executed_new_execution_bar,USDJPY,2025.12.12 03:00:00,0,
2025.12.12 03:24:59,scan_skipped_same_execution_bar,USDJPY,2025.12.12 03:00:00,0,
2025.12.12 03:34:59,scan_executed_new_execution_bar,USDJPY,2025.12.12 03:15:00,0,
2025.12.12 03:39:59,scan_skipped_same_execution_bar,USDJPY,2025.12.12 03:15:00,0,
2025.12.12 03:49:59,scan_executed_new_execution_bar,USDJPY,2025.12.12 03:30:00,0,
2025.12.12 03:54:59,scan_skipped_same_execution_bar,USDJPY,2025.12.12 03:30:00,0,
2025.12.12 04:04:59,scan_executed_new_execution_bar,USDJPY,2025.12.12 03:45:00,0,
2025.12.12 04:09:59,scan_skipped_same_execution_bar,USDJPY,2025.12.12 03:45:00,0,
2025.12.12 04:19:59,scan_executed_new_execution_bar,USDJPY,2025.12.12 04:00:00,0,
2025.12.12 04:24:59,scan_skipped_same_execution_bar,USDJPY,2025.12.12 04:00:00,0,
2025.12.12 04:34:59,scan_executed_new_execution_bar,USDJPY,2025.12.12 04:15:00,0,
2025.12.12 04:39:59,scan_skipped_same_execution_bar,USDJPY,2025.12.12 04:15:00,0,
2025.12.12 04:49:59,scan_executed_new_execution_bar,USDJPY,2025.12.12 04:30:00,16,
2025.12.12 04:54:59,scan_skipped_same_execution_bar,USDJPY,2025.12.12 04:30:00,0,
2025.12.12 05:04:59,scan_executed_new_execution_bar,USDJPY,2025.12.12 04:45:00,15,
2025.12.12 05:10:00,scan_skipped_same_execution_bar,USDJPY,2025.12.12 04:45:00,0,
2025.12.12 05:19:59,scan_executed_new_execution_bar,USDJPY,2025.12.12 05:00:00,0,
2025.12.12 05:24:59,scan_skipped_same_execution_bar,USDJPY,2025.12.12 05:00:00,0,
2025.12.12 05:34:59,scan_executed_new_execution_bar,USDJPY,2025.12.12 05:15:00,32,
2025.12.12 05:39:59,scan_skipped_same_execution_bar,USDJPY,2025.12.12 05:15:00,0,
2025.12.12 05:49:59,scan_executed_new_execution_bar,USDJPY,2025.12.12 05:30:00,0,
2025.12.12 05:54:59,scan_skipped_same_execution_bar,USDJPY,2025.12.12 05:30:00,0,
2025.12.12 06:04:59,scan_executed_new_execution_bar,USDJPY,2025.12.12 05:45:00,16,
2025.12.12 06:09:59,scan_skipped_same_execution_bar,USDJPY,2025.12.12 05:45:00,0,
2025.12.12 06:19:59,scan_executed_new_execution_bar,USDJPY,2025.12.12 06:00:00,0,
2025.12.12 06:24:58,scan_skipped_same_execution_bar,USDJPY,2025.12.12 06:00:00,0,
2025.12.12 06:34:59,scan_executed_new_execution_bar,USDJPY,2025.12.12 06:15:00,0,
2025.12.12 06:39:59,scan_skipped_same_execution_bar,USDJPY,2025.12.12 06:15:00,0,
2025.12.12 06:49:59,scan_executed_new_execution_bar,USDJPY,2025.12.12 06:30:00,0,
2025.12.12 06:54:59,scan_skipped_same_execution_bar,USDJPY,2025.12.12 06:30:00,0,
2025.12.12 07:04:59,scan_executed_new_execution_bar,USDJPY,2025.12.12 06:45:00,0,
2025.12.12 07:09:59,scan_skipped_same_execution_bar,USDJPY,2025.12.12 06:45:00,0,
2025.12.12 07:19:59,scan_executed_new_execution_bar,USDJPY,2025.12.12 07:00:00,0,
2025.12.12 07:24:59,scan_skipped_same_execution_bar,USDJPY,2025.12.12 07:00:00,0,
2025.12.12 07:34:59,scan_executed_new_execution_bar,USDJPY,2025.12.12 07:15:00,0,
2025.12.12 07:39:59,scan_skipped_same_execution_bar,USDJPY,2025.12.12 07:15:00,0,
2025.12.12 07:49:59,scan_executed_new_execution_bar,USDJPY,2025.12.12 07:30:00,16,
2025.12.12 07:54:59,scan_skipped_same_execution_bar,USDJPY,2025.12.12 07:30:00,0,
2025.12.12 08:00:00,scan_executed_new_execution_bar,USDJPY,2025.12.12 07:45:00,0,
2025.12.12 08:04:59,scan_skipped_same_execution_bar,USDJPY,2025.12.12 07:45:00,0,
2025.12.12 08:19:59,scan_executed_new_execution_bar,USDJPY,2025.12.12 08:00:00,15,
2025.12.12 08:24:59,scan_skipped_same_execution_bar,USDJPY,2025.12.12 08:00:00,0,
2025.12.12 08:34:59,scan_executed_new_execution_bar,USDJPY,2025.12.12 08:15:00,0,
2025.12.12 08:39:59,scan_skipped_same_execution_bar,USDJPY,2025.12.12 08:15:00,0,
2025.12.12 08:49:59,scan_executed_new_execution_bar,USDJPY,2025.12.12 08:30:00,15,
2025.12.12 08:54:59,scan_skipped_same_execution_bar,USDJPY,2025.12.12 08:30:00,0,
2025.12.12 09:04:59,scan_executed_new_execution_bar,USDJPY,2025.12.12 08:45:00,0,
2025.12.12 09:09:59,scan_skipped_same_execution_bar,USDJPY,2025.12.12 08:45:00,0,
2025.12.12 09:19:59,scan_executed_new_execution_bar,USDJPY,2025.12.12 09:00:00,0,
2025.12.12 09:24:59,scan_skipped_same_execution_bar,USDJPY,2025.12.12 09:00:00,0,
2025.12.12 09:34:59,scan_executed_new_execution_bar,USDJPY,2025.12.12 09:15:00,0,
2025.12.12 09:39:59,scan_skipped_same_execution_bar,USDJPY,2025.12.12 09:15:00,0,
2025.12.12 09:49:59,scan_executed_new_execution_bar,USDJPY,2025.12.12 09:30:00,0,
2025.12.12 09:54:59,scan_skipped_same_execution_bar,USDJPY,2025.12.12 09:30:00,0,
2025.12.12 10:04:59,scan_executed_new_execution_bar,USDJPY,2025.12.12 09:45:00,0,
2025.12.12 10:09:59,scan_skipped_same_execution_bar,USDJPY,2025.12.12 09:45:00,0,
2025.12.12 10:15:00,scan_executed_new_execution_bar,USDJPY,2025.12.12 10:00:00,0,
2025.12.12 10:19:59,scan_skipped_same_execution_bar,USDJPY,2025.12.12 10:00:00,0,
2025.12.12 10:34:59,scan_executed_new_execution_bar,USDJPY,2025.12.12 10:15:00,16,
2025.12.12 10:39:59,scan_skipped_same_execution_bar,USDJPY,2025.12.12 10:15:00,0,
2025.12.12 10:49:59,scan_executed_new_execution_bar,USDJPY,2025.12.12 10:30:00,0,
2025.12.12 10:54:59,scan_skipped_same_execution_bar,USDJPY,2025.12.12 10:30:00,0,
2025.12.12 11:04:59,scan_executed_new_execution_bar,USDJPY,2025.12.12 10:45:00,0,
2025.12.12 11:09:59,scan_skipped_same_execution_bar,USDJPY,2025.12.12 10:45:00,0,
2025.12.12 11:19:59,scan_executed_new_execution_bar,USDJPY,2025.12.12 11:00:00,0,
2025.12.12 11:24:59,scan_skipped_same_execution_bar,USDJPY,2025.12.12 11:00:00,0,
2025.12.12 11:34:59,scan_executed_new_execution_bar,USDJPY,2025.12.12 11:15:00,0,
2025.12.12 11:39:59,scan_skipped_same_execution_bar,USDJPY,2025.12.12 11:15:00,0,
2025.12.12 11:49:59,scan_executed_new_execution_bar,USDJPY,2025.12.12 11:30:00,0,
2025.12.12 11:54:59,scan_skipped_same_execution_bar,USDJPY,2025.12.12 11:30:00,0,
2025.12.12 12:04:59,scan_executed_new_execution_bar,USDJPY,2025.12.12 11:45:00,16,
2025.12.12 12:09:59,scan_skipped_same_execution_bar,USDJPY,2025.12.12 11:45:00,0,
2025.12.12 12:19:59,scan_executed_new_execution_bar,USDJPY,2025.12.12 12:00:00,0,
2025.12.12 12:24:59,scan_skipped_same_execution_bar,USDJPY,2025.12.12 12:00:00,0,
2025.12.12 12:34:59,scan_executed_new_execution_bar,USDJPY,2025.12.12 12:15:00,16,
2025.12.12 12:39:59,scan_skipped_same_execution_bar,USDJPY,2025.12.12 12:15:00,0,
2025.12.12 12:49:59,scan_executed_new_execution_bar,USDJPY,2025.12.12 12:30:00,16,
2025.12.12 12:54:59,scan_skipped_same_execution_bar,USDJPY,2025.12.12 12:30:00,0,
2025.12.12 13:04:59,scan_executed_new_execution_bar,USDJPY,2025.12.12 12:45:00,0,
2025.12.12 13:09:59,scan_skipped_same_execution_bar,USDJPY,2025.12.12 12:45:00,0,
2025.12.12 13:19:59,scan_executed_new_execution_bar,USDJPY,2025.12.12 13:00:00,0,
2025.12.12 13:24:59,scan_skipped_same_execution_bar,USDJPY,2025.12.12 13:00:00,0,
2025.12.12 13:34:59,scan_executed_new_execution_bar,USDJPY,2025.12.12 13:15:00,16,
2025.12.12 13:39:59,scan_skipped_same_execution_bar,USDJPY,2025.12.12 13:15:00,0,
2025.12.12 13:49:59,scan_executed_new_execution_bar,USDJPY,2025.12.12 13:30:00,15,
2025.12.12 13:54:59,scan_skipped_same_execution_bar,USDJPY,2025.12.12 13:30:00,0,
2025.12.12 14:04:59,scan_executed_new_execution_bar,USDJPY,2025.12.12 13:45:00,15,
2025.12.12 14:09:59,scan_skipped_same_execution_bar,USDJPY,2025.12.12 13:45:00,0,
2025.12.12 14:19:59,scan_executed_new_execution_bar,USDJPY,2025.12.12 14:00:00,0,
2025.12.12 14:24:59,scan_skipped_same_execution_bar,USDJPY,2025.12.12 14:00:00,0,
2025.12.12 14:34:59,scan_executed_new_execution_bar,USDJPY,2025.12.12 14:15:00,16,
2025.12.12 14:39:59,scan_skipped_same_execution_bar,USDJPY,2025.12.12 14:15:00,0,
2025.12.12 14:49:59,scan_executed_new_execution_bar,USDJPY,2025.12.12 14:30:00,0,
2025.12.12 14:54:59,scan_skipped_same_execution_bar,USDJPY,2025.12.12 14:30:00,0,
2025.12.12 15:04:59,scan_executed_new_execution_bar,USDJPY,2025.12.12 14:45:00,16,
2025.12.12 15:09:59,scan_skipped_same_execution_bar,USDJPY,2025.12.12 14:45:00,0,
2025.12.12 15:19:59,scan_executed_new_execution_bar,USDJPY,2025.12.12 15:00:00,0,
2025.12.12 15:24:59,scan_skipped_same_execution_bar,USDJPY,2025.12.12 15:00:00,0,
2025.12.12 15:34:59,scan_executed_new_execution_bar,USDJPY,2025.12.12 15:15:00,0,
2025.12.12 15:39:59,scan_skipped_same_execution_bar,USDJPY,2025.12.12 15:15:00,0,
2025.12.12 15:49:59,scan_executed_new_execution_bar,USDJPY,2025.12.12 15:30:00,0,
2025.12.12 15:54:59,scan_skipped_same_execution_bar,USDJPY,2025.12.12 15:30:00,0,
2025.12.12 16:04:59,scan_executed_new_execution_bar,USDJPY,2025.12.12 15:45:00,0,
2025.12.12 16:09:59,scan_skipped_same_execution_bar,USDJPY,2025.12.12 15:45:00,0,
2025.12.12 16:19:59,scan_executed_new_execution_bar,USDJPY,2025.12.12 16:00:00,0,
2025.12.12 16:24:59,scan_skipped_same_execution_bar,USDJPY,2025.12.12 16:00:00,0,
2025.12.12 16:34:59,scan_executed_new_execution_bar,USDJPY,2025.12.12 16:15:00,15,
2025.12.12 16:39:59,scan_skipped_same_execution_bar,USDJPY,2025.12.12 16:15:00,0,
2025.12.12 16:49:59,scan_executed_new_execution_bar,USDJPY,2025.12.12 16:30:00,16,
2025.12.12 16:54:59,scan_skipped_same_execution_bar,USDJPY,2025.12.12 16:30:00,0,
2025.12.12 17:04:59,scan_executed_new_execution_bar,USDJPY,2025.12.12 16:45:00,0,
2025.12.12 17:09:59,scan_skipped_same_execution_bar,USDJPY,2025.12.12 16:45:00,0,
2025.12.12 17:19:59,scan_executed_new_execution_bar,USDJPY,2025.12.12 17:00:00,0,
2025.12.12 17:24:59,scan_skipped_same_execution_bar,USDJPY,2025.12.12 17:00:00,0,
2025.12.12 17:34:59,scan_executed_new_execution_bar,USDJPY,2025.12.12 17:15:00,0,
2025.12.12 17:39:59,scan_skipped_same_execution_bar,USDJPY,2025.12.12 17:15:00,0,
2025.12.12 17:49:59,scan_executed_new_execution_bar,USDJPY,2025.12.12 17:30:00,0,
2025.12.12 17:54:59,scan_skipped_same_execution_bar,USDJPY,2025.12.12 17:30:00,0,
2025.12.12 18:04:59,scan_executed_new_execution_bar,USDJPY,2025.12.12 17:45:00,0,
2025.12.12 18:09:59,scan_skipped_same_execution_bar,USDJPY,2025.12.12 17:45:00,0,
2025.12.12 18:19:59,scan_executed_new_execution_bar,USDJPY,2025.12.12 18:00:00,16,
2025.12.12 18:24:59,scan_skipped_same_execution_bar,USDJPY,2025.12.12 18:00:00,0,
2025.12.12 18:34:59,scan_executed_new_execution_bar,USDJPY,2025.12.12 18:15:00,0,
2025.12.12 18:39:59,scan_skipped_same_execution_bar,USDJPY,2025.12.12 18:15:00,0,
2025.12.12 18:49:59,scan_executed_new_execution_bar,USDJPY,2025.12.12 18:30:00,15,
2025.12.12 18:54:59,scan_skipped_same_execution_bar,USDJPY,2025.12.12 18:30:00,0,
2025.12.12 19:04:59,scan_executed_new_execution_bar,USDJPY,2025.12.12 18:45:00,0,
2025.12.12 19:09:59,scan_skipped_same_execution_bar,USDJPY,2025.12.12 18:45:00,0,
2025.12.12 19:19:59,scan_executed_new_execution_bar,USDJPY,2025.12.12 19:00:00,15,
2025.12.12 19:24:59,scan_skipped_same_execution_bar,USDJPY,2025.12.12 19:00:00,0,
2025.12.12 19:34:59,scan_executed_new_execution_bar,USDJPY,2025.12.12 19:15:00,0,
2025.12.12 19:39:59,scan_skipped_same_execution_bar,USDJPY,2025.12.12 19:15:00,0,
2025.12.12 19:49:59,scan_executed_new_execution_bar,USDJPY,2025.12.12 19:30:00,0,
2025.12.12 19:54:59,scan_skipped_same_execution_bar,USDJPY,2025.12.12 19:30:00,0,
2025.12.12 20:04:59,scan_executed_new_execution_bar,USDJPY,2025.12.12 19:45:00,0,
2025.12.12 20:09:59,scan_skipped_same_execution_bar,USDJPY,2025.12.12 19:45:00,0,
2025.12.12 20:19:59,scan_executed_new_execution_bar,USDJPY,2025.12.12 20:00:00,0,
2025.12.12 20:24:59,scan_skipped_same_execution_bar,USDJPY,2025.12.12 20:00:00,0,
2025.12.12 20:34:59,scan_executed_new_execution_bar,USDJPY,2025.12.12 20:15:00,0,
2025.12.12 20:39:59,scan_skipped_same_execution_bar,USDJPY,2025.12.12 20:15:00,0,
2025.12.12 20:49:59,scan_executed_new_execution_bar,USDJPY,2025.12.12 20:30:00,0,
2025.12.12 20:54:59,scan_skipped_same_execution_bar,USDJPY,2025.12.12 20:30:00,0,
2025.12.12 21:04:59,scan_executed_new_execution_bar,USDJPY,2025.12.12 20:45:00,15,
2025.12.12 21:09:59,scan_skipped_same_execution_bar,USDJPY,2025.12.12 20:45:00,0,
2025.12.12 21:19:59,scan_executed_new_execution_bar,USDJPY,2025.12.12 21:00:00,0,
2025.12.12 21:24:59,scan_skipped_same_execution_bar,USDJPY,2025.12.12 21:00:00,0,
2025.12.12 21:34:59,scan_executed_new_execution_bar,USDJPY,2025.12.12 21:15:00,0,
2025.12.12 21:39:59,scan_skipped_same_execution_bar,USDJPY,2025.12.12 21:15:00,0,
2025.12.12 21:49:59,scan_executed_new_execution_bar,USDJPY,2025.12.12 21:30:00,0,
2025.12.12 21:54:59,scan_skipped_same_execution_bar,USDJPY,2025.12.12 21:30:00,0,
2025.12.12 22:05:00,scan_executed_new_execution_bar,USDJPY,2025.12.12 21:45:00,0,
2025.12.12 22:09:59,scan_skipped_same_execution_bar,USDJPY,2025.12.12 21:45:00,0,
2025.12.12 22:19:59,scan_executed_new_execution_bar,USDJPY,2025.12.12 22:00:00,0,
2025.12.12 22:24:59,scan_skipped_same_execution_bar,USDJPY,2025.12.12 22:00:00,0,
2025.12.12 22:34:59,scan_executed_new_execution_bar,USDJPY,2025.12.12 22:15:00,0,
2025.12.12 22:39:59,scan_skipped_same_execution_bar,USDJPY,2025.12.12 22:15:00,0,
2025.12.12 22:49:59,scan_executed_new_execution_bar,USDJPY,2025.12.12 22:30:00,0,
2025.12.12 22:54:59,scan_skipped_same_execution_bar,USDJPY,2025.12.12 22:30:00,0,
2025.12.12 23:04:59,scan_executed_new_execution_bar,USDJPY,2025.12.12 22:45:00,0,
2025.12.12 23:09:59,scan_skipped_same_execution_bar,USDJPY,2025.12.12 22:45:00,0,
2025.12.12 23:19:59,scan_executed_new_execution_bar,USDJPY,2025.12.12 23:00:00,0,
2025.12.12 23:24:58,scan_skipped_same_execution_bar,USDJPY,2025.12.12 23:00:00,0,
2025.12.12 23:34:59,scan_executed_new_execution_bar,USDJPY,2025.12.12 23:15:00,0,
2025.12.12 23:39:59,scan_skipped_same_execution_bar,USDJPY,2025.12.12 23:15:00,0,
2025.12.12 23:49:59,scan_executed_new_execution_bar,USDJPY,2025.12.12 23:30:00,0,
2025.12.12 23:54:59,scan_skipped_same_execution_bar,USDJPY,2025.12.12 23:30:00,0,
2025.12.15 00:04:44,scan_executed_new_execution_bar,USDJPY,2025.12.12 23:45:00,0,
2025.12.15 00:09:58,scan_skipped_same_execution_bar,USDJPY,2025.12.12 23:45:00,0,
2025.12.15 00:19:56,scan_executed_new_execution_bar,USDJPY,2025.12.15 00:00:00,0,
2025.12.15 00:24:58,scan_skipped_same_execution_bar,USDJPY,2025.12.15 00:00:00,0,
2025.12.15 00:34:58,scan_executed_new_execution_bar,USDJPY,2025.12.15 00:15:00,0,
2025.12.15 00:39:59,scan_skipped_same_execution_bar,USDJPY,2025.12.15 00:15:00,0,
2025.12.15 00:49:59,scan_executed_new_execution_bar,USDJPY,2025.12.15 00:30:00,0,
2025.12.15 00:54:59,scan_skipped_same_execution_bar,USDJPY,2025.12.15 00:30:00,0,
2025.12.15 01:04:59,scan_executed_new_execution_bar,USDJPY,2025.12.15 00:45:00,0,
2025.12.15 01:09:59,scan_skipped_same_execution_bar,USDJPY,2025.12.15 00:45:00,0,
2025.12.15 01:19:58,scan_executed_new_execution_bar,USDJPY,2025.12.15 01:00:00,0,
2025.12.15 01:24:58,scan_skipped_same_execution_bar,USDJPY,2025.12.15 01:00:00,0,
2025.12.15 01:34:59,scan_executed_new_execution_bar,USDJPY,2025.12.15 01:15:00,0,
2025.12.15 01:39:57,scan_skipped_same_execution_bar,USDJPY,2025.12.15 01:15:00,0,
2025.12.15 01:49:58,scan_executed_new_execution_bar,USDJPY,2025.12.15 01:30:00,0,
2025.12.15 01:54:55,scan_skipped_same_execution_bar,USDJPY,2025.12.15 01:30:00,0,
2025.12.15 02:04:59,scan_executed_new_execution_bar,USDJPY,2025.12.15 01:45:00,0,
2025.12.15 02:09:59,scan_skipped_same_execution_bar,USDJPY,2025.12.15 01:45:00,0,
2025.12.15 02:19:59,scan_executed_new_execution_bar,USDJPY,2025.12.15 02:00:00,0,
2025.12.15 02:24:59,scan_skipped_same_execution_bar,USDJPY,2025.12.15 02:00:00,0,
2025.12.15 02:34:59,scan_executed_new_execution_bar,USDJPY,2025.12.15 02:15:00,0,
2025.12.15 02:39:59,scan_skipped_same_execution_bar,USDJPY,2025.12.15 02:15:00,0,
2025.12.15 02:49:59,scan_executed_new_execution_bar,USDJPY,2025.12.15 02:30:00,0,
2025.12.15 02:54:59,scan_skipped_same_execution_bar,USDJPY,2025.12.15 02:30:00,0,
2025.12.15 03:04:59,scan_executed_new_execution_bar,USDJPY,2025.12.15 02:45:00,0,
2025.12.15 03:09:59,scan_skipped_same_execution_bar,USDJPY,2025.12.15 02:45:00,0,
2025.12.15 03:20:00,scan_executed_new_execution_bar,USDJPY,2025.12.15 03:00:00,0,
2025.12.15 03:24:59,scan_skipped_same_execution_bar,USDJPY,2025.12.15 03:00:00,0,
2025.12.15 03:34:59,scan_executed_new_execution_bar,USDJPY,2025.12.15 03:15:00,0,
2025.12.15 03:39:59,scan_skipped_same_execution_bar,USDJPY,2025.12.15 03:15:00,0,
2025.12.15 03:49:59,scan_executed_new_execution_bar,USDJPY,2025.12.15 03:30:00,0,
2025.12.15 03:54:59,scan_skipped_same_execution_bar,USDJPY,2025.12.15 03:30:00,0,
2025.12.15 04:04:59,scan_executed_new_execution_bar,USDJPY,2025.12.15 03:45:00,0,
2025.12.15 04:09:59,scan_skipped_same_execution_bar,USDJPY,2025.12.15 03:45:00,0,
2025.12.15 04:19:59,scan_executed_new_execution_bar,USDJPY,2025.12.15 04:00:00,0,
2025.12.15 04:24:59,scan_skipped_same_execution_bar,USDJPY,2025.12.15 04:00:00,0,
2025.12.15 04:34:59,scan_executed_new_execution_bar,USDJPY,2025.12.15 04:15:00,0,
2025.12.15 04:39:59,scan_skipped_same_execution_bar,USDJPY,2025.12.15 04:15:00,0,
2025.12.15 04:49:59,scan_executed_new_execution_bar,USDJPY,2025.12.15 04:30:00,0,
2025.12.15 04:54:59,scan_skipped_same_execution_bar,USDJPY,2025.12.15 04:30:00,0,
2025.12.15 05:04:59,scan_executed_new_execution_bar,USDJPY,2025.12.15 04:45:00,16,
2025.12.15 05:09:59,scan_skipped_same_execution_bar,USDJPY,2025.12.15 04:45:00,0,
2025.12.15 05:19:56,scan_executed_new_execution_bar,USDJPY,2025.12.15 05:00:00,0,
2025.12.15 05:24:59,scan_skipped_same_execution_bar,USDJPY,2025.12.15 05:00:00,0,
2025.12.15 05:35:00,scan_executed_new_execution_bar,USDJPY,2025.12.15 05:15:00,32,
2025.12.15 05:39:57,scan_skipped_same_execution_bar,USDJPY,2025.12.15 05:15:00,0,
2025.12.15 05:49:59,scan_executed_new_execution_bar,USDJPY,2025.12.15 05:30:00,0,
2025.12.15 05:54:59,scan_skipped_same_execution_bar,USDJPY,2025.12.15 05:30:00,0,
2025.12.15 06:04:59,scan_executed_new_execution_bar,USDJPY,2025.12.15 05:45:00,0,
2025.12.15 06:09:58,scan_skipped_same_execution_bar,USDJPY,2025.12.15 05:45:00,0,
2025.12.15 06:19:59,scan_executed_new_execution_bar,USDJPY,2025.12.15 06:00:00,0,
2025.12.15 06:24:59,scan_skipped_same_execution_bar,USDJPY,2025.12.15 06:00:00,0,
2025.12.15 06:34:59,scan_executed_new_execution_bar,USDJPY,2025.12.15 06:15:00,0,
2025.12.15 06:39:59,scan_skipped_same_execution_bar,USDJPY,2025.12.15 06:15:00,0,
2025.12.15 06:49:58,scan_executed_new_execution_bar,USDJPY,2025.12.15 06:30:00,0,
2025.12.15 06:54:59,scan_skipped_same_execution_bar,USDJPY,2025.12.15 06:30:00,0,
2025.12.15 07:04:57,scan_executed_new_execution_bar,USDJPY,2025.12.15 06:45:00,15,
2025.12.15 07:09:59,scan_skipped_same_execution_bar,USDJPY,2025.12.15 06:45:00,0,
2025.12.15 07:19:59,scan_executed_new_execution_bar,USDJPY,2025.12.15 07:00:00,0,
2025.12.15 07:24:59,scan_skipped_same_execution_bar,USDJPY,2025.12.15 07:00:00,0,
2025.12.15 07:34:59,scan_executed_new_execution_bar,USDJPY,2025.12.15 07:15:00,0,
2025.12.15 07:39:59,scan_skipped_same_execution_bar,USDJPY,2025.12.15 07:15:00,0,
2025.12.15 07:49:59,scan_executed_new_execution_bar,USDJPY,2025.12.15 07:30:00,0,
2025.12.15 07:54:59,scan_skipped_same_execution_bar,USDJPY,2025.12.15 07:30:00,0,
2025.12.15 08:04:59,scan_executed_new_execution_bar,USDJPY,2025.12.15 07:45:00,0,
2025.12.15 08:09:59,scan_skipped_same_execution_bar,USDJPY,2025.12.15 07:45:00,0,
2025.12.15 08:19:59,scan_executed_new_execution_bar,USDJPY,2025.12.15 08:00:00,31,
2025.12.15 08:24:59,scan_skipped_same_execution_bar,USDJPY,2025.12.15 08:00:00,0,
2025.12.15 08:34:59,scan_executed_new_execution_bar,USDJPY,2025.12.15 08:15:00,0,
2025.12.15 08:39:59,scan_skipped_same_execution_bar,USDJPY,2025.12.15 08:15:00,0,
2025.12.15 08:49:59,scan_executed_new_execution_bar,USDJPY,2025.12.15 08:30:00,16,
2025.12.15 08:54:59,scan_skipped_same_execution_bar,USDJPY,2025.12.15 08:30:00,0,
2025.12.15 09:04:59,scan_executed_new_execution_bar,USDJPY,2025.12.15 08:45:00,0,
2025.12.15 09:09:59,scan_skipped_same_execution_bar,USDJPY,2025.12.15 08:45:00,0,
2025.12.15 09:19:59,scan_executed_new_execution_bar,USDJPY,2025.12.15 09:00:00,0,
2025.12.15 09:24:59,scan_skipped_same_execution_bar,USDJPY,2025.12.15 09:00:00,0,
2025.12.15 09:34:59,scan_executed_new_execution_bar,USDJPY,2025.12.15 09:15:00,0,
2025.12.15 09:39:59,scan_skipped_same_execution_bar,USDJPY,2025.12.15 09:15:00,0,
2025.12.15 09:49:59,scan_executed_new_execution_bar,USDJPY,2025.12.15 09:30:00,0,
2025.12.15 09:54:59,scan_skipped_same_execution_bar,USDJPY,2025.12.15 09:30:00,0,
2025.12.15 10:04:59,scan_executed_new_execution_bar,USDJPY,2025.12.15 09:45:00,0,
2025.12.15 10:09:59,scan_skipped_same_execution_bar,USDJPY,2025.12.15 09:45:00,0,
2025.12.15 10:19:59,scan_executed_new_execution_bar,USDJPY,2025.12.15 10:00:00,0,
2025.12.15 10:24:59,scan_skipped_same_execution_bar,USDJPY,2025.12.15 10:00:00,0,
2025.12.15 10:34:59,scan_executed_new_execution_bar,USDJPY,2025.12.15 10:15:00,0,
2025.12.15 10:39:59,scan_skipped_same_execution_bar,USDJPY,2025.12.15 10:15:00,0,
2025.12.15 10:49:59,scan_executed_new_execution_bar,USDJPY,2025.12.15 10:30:00,0,
2025.12.15 10:54:59,scan_skipped_same_execution_bar,USDJPY,2025.12.15 10:30:00,0,
2025.12.15 11:04:59,scan_executed_new_execution_bar,USDJPY,2025.12.15 10:45:00,15,
2025.12.15 11:09:59,scan_skipped_same_execution_bar,USDJPY,2025.12.15 10:45:00,0,
2025.12.15 11:19:59,scan_executed_new_execution_bar,USDJPY,2025.12.15 11:00:00,0,
2025.12.15 11:24:59,scan_skipped_same_execution_bar,USDJPY,2025.12.15 11:00:00,0,
2025.12.15 11:34:59,scan_executed_new_execution_bar,USDJPY,2025.12.15 11:15:00,16,
2025.12.15 11:39:59,scan_skipped_same_execution_bar,USDJPY,2025.12.15 11:15:00,0,
2025.12.15 11:49:59,scan_executed_new_execution_bar,USDJPY,2025.12.15 11:30:00,0,
2025.12.15 11:54:59,scan_skipped_same_execution_bar,USDJPY,2025.12.15 11:30:00,0,
2025.12.15 12:04:59,scan_executed_new_execution_bar,USDJPY,2025.12.15 11:45:00,0,
2025.12.15 12:09:59,scan_skipped_same_execution_bar,USDJPY,2025.12.15 11:45:00,0,
2025.12.15 12:19:59,scan_executed_new_execution_bar,USDJPY,2025.12.15 12:00:00,31,
2025.12.15 12:24:59,scan_skipped_same_execution_bar,USDJPY,2025.12.15 12:00:00,0,
2025.12.15 12:34:59,scan_executed_new_execution_bar,USDJPY,2025.12.15 12:15:00,15,
2025.12.15 12:39:59,scan_skipped_same_execution_bar,USDJPY,2025.12.15 12:15:00,0,
2025.12.15 12:49:59,scan_executed_new_execution_bar,USDJPY,2025.12.15 12:30:00,16,
2025.12.15 12:54:59,scan_skipped_same_execution_bar,USDJPY,2025.12.15 12:30:00,0,
2025.12.15 13:04:59,scan_executed_new_execution_bar,USDJPY,2025.12.15 12:45:00,0,
2025.12.15 13:09:59,scan_skipped_same_execution_bar,USDJPY,2025.12.15 12:45:00,0,
2025.12.15 13:19:59,scan_executed_new_execution_bar,USDJPY,2025.12.15 13:00:00,0,
2025.12.15 13:24:59,scan_skipped_same_execution_bar,USDJPY,2025.12.15 13:00:00,0,
2025.12.15 13:34:59,scan_executed_new_execution_bar,USDJPY,2025.12.15 13:15:00,0,
2025.12.15 13:39:59,scan_skipped_same_execution_bar,USDJPY,2025.12.15 13:15:00,0,
2025.12.15 13:49:59,scan_executed_new_execution_bar,USDJPY,2025.12.15 13:30:00,0,
2025.12.15 13:54:59,scan_skipped_same_execution_bar,USDJPY,2025.12.15 13:30:00,0,
2025.12.15 14:04:59,scan_executed_new_execution_bar,USDJPY,2025.12.15 13:45:00,0,
2025.12.15 14:09:59,scan_skipped_same_execution_bar,USDJPY,2025.12.15 13:45:00,0,
2025.12.15 14:19:59,scan_executed_new_execution_bar,USDJPY,2025.12.15 14:00:00,0,
2025.12.15 14:24:59,scan_skipped_same_execution_bar,USDJPY,2025.12.15 14:00:00,0,
2025.12.15 14:34:59,scan_executed_new_execution_bar,USDJPY,2025.12.15 14:15:00,0,
2025.12.15 14:39:59,scan_skipped_same_execution_bar,USDJPY,2025.12.15 14:15:00,0,
2025.12.15 14:49:59,scan_executed_new_execution_bar,USDJPY,2025.12.15 14:30:00,0,
2025.12.15 14:54:59,scan_skipped_same_execution_bar,USDJPY,2025.12.15 14:30:00,0,
2025.12.15 15:04:59,scan_executed_new_execution_bar,USDJPY,2025.12.15 14:45:00,0,
2025.12.15 15:09:59,scan_skipped_same_execution_bar,USDJPY,2025.12.15 14:45:00,0,
2025.12.15 15:19:59,scan_executed_new_execution_bar,USDJPY,2025.12.15 15:00:00,0,
2025.12.15 15:24:59,scan_skipped_same_execution_bar,USDJPY,2025.12.15 15:00:00,0,
2025.12.15 15:34:59,scan_executed_new_execution_bar,USDJPY,2025.12.15 15:15:00,0,
2025.12.15 15:39:59,scan_skipped_same_execution_bar,USDJPY,2025.12.15 15:15:00,0,
2025.12.15 15:49:59,scan_executed_new_execution_bar,USDJPY,2025.12.15 15:30:00,0,
2025.12.15 15:54:59,scan_skipped_same_execution_bar,USDJPY,2025.12.15 15:30:00,0,
2025.12.15 16:04:59,scan_executed_new_execution_bar,USDJPY,2025.12.15 15:45:00,0,
2025.12.15 16:09:59,scan_skipped_same_execution_bar,USDJPY,2025.12.15 15:45:00,0,
2025.12.15 16:19:59,scan_executed_new_execution_bar,USDJPY,2025.12.15 16:00:00,15,
2025.12.15 16:24:59,scan_skipped_same_execution_bar,USDJPY,2025.12.15 16:00:00,0,
2025.12.15 16:34:59,scan_executed_new_execution_bar,USDJPY,2025.12.15 16:15:00,0,
2025.12.15 16:39:59,scan_skipped_same_execution_bar,USDJPY,2025.12.15 16:15:00,0,
2025.12.15 16:49:59,scan_executed_new_execution_bar,USDJPY,2025.12.15 16:30:00,0,
2025.12.15 16:54:59,scan_skipped_same_execution_bar,USDJPY,2025.12.15 16:30:00,0,
2025.12.15 17:04:59,scan_executed_new_execution_bar,USDJPY,2025.12.15 16:45:00,0,
2025.12.15 17:10:00,scan_skipped_same_execution_bar,USDJPY,2025.12.15 16:45:00,0,
2025.12.15 17:19:59,scan_executed_new_execution_bar,USDJPY,2025.12.15 17:00:00,0,
2025.12.15 17:24:59,scan_skipped_same_execution_bar,USDJPY,2025.12.15 17:00:00,0,
2025.12.15 17:34:59,scan_executed_new_execution_bar,USDJPY,2025.12.15 17:15:00,0,
2025.12.15 17:39:59,scan_skipped_same_execution_bar,USDJPY,2025.12.15 17:15:00,0,
2025.12.15 17:49:59,scan_executed_new_execution_bar,USDJPY,2025.12.15 17:30:00,16,
2025.12.15 17:54:59,scan_skipped_same_execution_bar,USDJPY,2025.12.15 17:30:00,0,
2025.12.15 18:04:59,scan_executed_new_execution_bar,USDJPY,2025.12.15 17:45:00,0,
2025.12.15 18:09:59,scan_skipped_same_execution_bar,USDJPY,2025.12.15 17:45:00,0,
2025.12.15 18:19:59,scan_executed_new_execution_bar,USDJPY,2025.12.15 18:00:00,0,
2025.12.15 18:24:59,scan_skipped_same_execution_bar,USDJPY,2025.12.15 18:00:00,0,
2025.12.15 18:34:59,scan_executed_new_execution_bar,USDJPY,2025.12.15 18:15:00,0,
2025.12.15 18:39:59,scan_skipped_same_execution_bar,USDJPY,2025.12.15 18:15:00,0,
2025.12.15 18:49:59,scan_executed_new_execution_bar,USDJPY,2025.12.15 18:30:00,16,
2025.12.15 18:54:59,scan_skipped_same_execution_bar,USDJPY,2025.12.15 18:30:00,0,
2025.12.15 19:04:59,scan_executed_new_execution_bar,USDJPY,2025.12.15 18:45:00,0,
2025.12.15 19:09:59,scan_skipped_same_execution_bar,USDJPY,2025.12.15 18:45:00,0,
2025.12.15 19:19:59,scan_executed_new_execution_bar,USDJPY,2025.12.15 19:00:00,16,
2025.12.15 19:24:59,scan_skipped_same_execution_bar,USDJPY,2025.12.15 19:00:00,0,
2025.12.15 19:34:59,scan_executed_new_execution_bar,USDJPY,2025.12.15 19:15:00,0,
2025.12.15 19:39:59,scan_skipped_same_execution_bar,USDJPY,2025.12.15 19:15:00,0,
2025.12.15 19:49:59,scan_executed_new_execution_bar,USDJPY,2025.12.15 19:30:00,16,
2025.12.15 19:54:59,scan_skipped_same_execution_bar,USDJPY,2025.12.15 19:30:00,0,
2025.12.15 20:04:59,scan_executed_new_execution_bar,USDJPY,2025.12.15 19:45:00,16,
2025.12.15 20:09:59,scan_skipped_same_execution_bar,USDJPY,2025.12.15 19:45:00,0,
2025.12.15 20:19:59,scan_executed_new_execution_bar,USDJPY,2025.12.15 20:00:00,0,
2025.12.15 20:24:59,scan_skipped_same_execution_bar,USDJPY,2025.12.15 20:00:00,0,
2025.12.15 20:34:59,scan_executed_new_execution_bar,USDJPY,2025.12.15 20:15:00,0,
2025.12.15 20:39:59,scan_skipped_same_execution_bar,USDJPY,2025.12.15 20:15:00,0,
2025.12.15 20:49:59,scan_executed_new_execution_bar,USDJPY,2025.12.15 20:30:00,0,
2025.12.15 20:54:59,scan_skipped_same_execution_bar,USDJPY,2025.12.15 20:30:00,0,
2025.12.15 21:04:59,scan_executed_new_execution_bar,USDJPY,2025.12.15 20:45:00,0,
2025.12.15 21:09:59,scan_skipped_same_execution_bar,USDJPY,2025.12.15 20:45:00,0,
2025.12.15 21:19:59,scan_executed_new_execution_bar,USDJPY,2025.12.15 21:00:00,0,
2025.12.15 21:24:59,scan_skipped_same_execution_bar,USDJPY,2025.12.15 21:00:00,0,
2025.12.15 21:34:59,scan_executed_new_execution_bar,USDJPY,2025.12.15 21:15:00,0,
2025.12.15 21:39:59,scan_skipped_same_execution_bar,USDJPY,2025.12.15 21:15:00,0,
2025.12.15 21:49:59,scan_executed_new_execution_bar,USDJPY,2025.12.15 21:30:00,16,
2025.12.15 21:54:59,scan_skipped_same_execution_bar,USDJPY,2025.12.15 21:30:00,0,
2025.12.15 22:04:59,scan_executed_new_execution_bar,USDJPY,2025.12.15 21:45:00,16,
2025.12.15 22:09:58,scan_skipped_same_execution_bar,USDJPY,2025.12.15 21:45:00,0,
2025.12.15 22:19:59,scan_executed_new_execution_bar,USDJPY,2025.12.15 22:00:00,0,
2025.12.15 22:24:59,scan_skipped_same_execution_bar,USDJPY,2025.12.15 22:00:00,0,
2025.12.15 22:34:59,scan_executed_new_execution_bar,USDJPY,2025.12.15 22:15:00,0,
2025.12.15 22:39:59,scan_skipped_same_execution_bar,USDJPY,2025.12.15 22:15:00,0,
2025.12.15 22:49:59,scan_executed_new_execution_bar,USDJPY,2025.12.15 22:30:00,0,
2025.12.15 22:54:59,scan_skipped_same_execution_bar,USDJPY,2025.12.15 22:30:00,0,
2025.12.15 23:04:59,scan_executed_new_execution_bar,USDJPY,2025.12.15 22:45:00,0,
2025.12.15 23:09:59,scan_skipped_same_execution_bar,USDJPY,2025.12.15 22:45:00,0,
2025.12.15 23:19:59,scan_executed_new_execution_bar,USDJPY,2025.12.15 23:00:00,0,
2025.12.15 23:24:59,scan_skipped_same_execution_bar,USDJPY,2025.12.15 23:00:00,0,
2025.12.15 23:34:59,scan_executed_new_execution_bar,USDJPY,2025.12.15 23:15:00,0,
2025.12.15 23:39:59,scan_skipped_same_execution_bar,USDJPY,2025.12.15 23:15:00,0,
2025.12.15 23:49:59,scan_executed_new_execution_bar,USDJPY,2025.12.15 23:30:00,0,
2025.12.15 23:54:59,scan_skipped_same_execution_bar,USDJPY,2025.12.15 23:30:00,0,
2025.12.16 00:04:46,scan_executed_new_execution_bar,USDJPY,2025.12.15 23:45:00,0,
2025.12.16 00:09:59,scan_skipped_same_execution_bar,USDJPY,2025.12.15 23:45:00,0,
2025.12.16 00:19:59,scan_executed_new_execution_bar,USDJPY,2025.12.16 00:00:00,0,
2025.12.16 00:24:59,scan_skipped_same_execution_bar,USDJPY,2025.12.16 00:00:00,0,
2025.12.16 00:34:59,scan_executed_new_execution_bar,USDJPY,2025.12.16 00:15:00,0,
2025.12.16 00:39:59,scan_skipped_same_execution_bar,USDJPY,2025.12.16 00:15:00,0,
2025.12.16 00:49:57,scan_executed_new_execution_bar,USDJPY,2025.12.16 00:30:00,0,
2025.12.16 00:54:56,scan_skipped_same_execution_bar,USDJPY,2025.12.16 00:30:00,0,
2025.12.16 01:04:58,scan_executed_new_execution_bar,USDJPY,2025.12.16 00:45:00,0,
2025.12.16 01:09:57,scan_skipped_same_execution_bar,USDJPY,2025.12.16 00:45:00,0,
2025.12.16 01:19:59,scan_executed_new_execution_bar,USDJPY,2025.12.16 01:00:00,0,
2025.12.16 01:24:59,scan_skipped_same_execution_bar,USDJPY,2025.12.16 01:00:00,0,
2025.12.16 01:34:59,scan_executed_new_execution_bar,USDJPY,2025.12.16 01:15:00,0,
2025.12.16 01:39:59,scan_skipped_same_execution_bar,USDJPY,2025.12.16 01:15:00,0,
2025.12.16 01:49:59,scan_executed_new_execution_bar,USDJPY,2025.12.16 01:30:00,0,
2025.12.16 01:54:58,scan_skipped_same_execution_bar,USDJPY,2025.12.16 01:30:00,0,
2025.12.16 02:04:59,scan_executed_new_execution_bar,USDJPY,2025.12.16 01:45:00,0,
2025.12.16 02:09:59,scan_skipped_same_execution_bar,USDJPY,2025.12.16 01:45:00,0,
2025.12.16 02:19:59,scan_executed_new_execution_bar,USDJPY,2025.12.16 02:00:00,0,
2025.12.16 02:24:59,scan_skipped_same_execution_bar,USDJPY,2025.12.16 02:00:00,0,
2025.12.16 02:34:59,scan_executed_new_execution_bar,USDJPY,2025.12.16 02:15:00,15,
2025.12.16 02:39:59,scan_skipped_same_execution_bar,USDJPY,2025.12.16 02:15:00,0,
2025.12.16 02:49:59,scan_executed_new_execution_bar,USDJPY,2025.12.16 02:30:00,16,
2025.12.16 02:54:59,scan_skipped_same_execution_bar,USDJPY,2025.12.16 02:30:00,0,
2025.12.16 03:04:59,scan_executed_new_execution_bar,USDJPY,2025.12.16 02:45:00,0,
2025.12.16 03:09:59,scan_skipped_same_execution_bar,USDJPY,2025.12.16 02:45:00,0,
2025.12.16 03:19:59,scan_executed_new_execution_bar,USDJPY,2025.12.16 03:00:00,0,
2025.12.16 03:24:59,scan_skipped_same_execution_bar,USDJPY,2025.12.16 03:00:00,0,
2025.12.16 03:34:59,scan_executed_new_execution_bar,USDJPY,2025.12.16 03:15:00,0,
2025.12.16 03:39:59,scan_skipped_same_execution_bar,USDJPY,2025.12.16 03:15:00,0,
2025.12.16 03:49:59,scan_executed_new_execution_bar,USDJPY,2025.12.16 03:30:00,0,
2025.12.16 03:54:59,scan_skipped_same_execution_bar,USDJPY,2025.12.16 03:30:00,0,
2025.12.16 04:04:59,scan_executed_new_execution_bar,USDJPY,2025.12.16 03:45:00,0,
2025.12.16 04:09:59,scan_skipped_same_execution_bar,USDJPY,2025.12.16 03:45:00,0,
2025.12.16 04:19:59,scan_executed_new_execution_bar,USDJPY,2025.12.16 04:00:00,0,
2025.12.16 04:24:59,scan_skipped_same_execution_bar,USDJPY,2025.12.16 04:00:00,0,
2025.12.16 04:34:59,scan_executed_new_execution_bar,USDJPY,2025.12.16 04:15:00,31,
2025.12.16 04:39:59,scan_skipped_same_execution_bar,USDJPY,2025.12.16 04:15:00,0,
2025.12.16 04:49:59,scan_executed_new_execution_bar,USDJPY,2025.12.16 04:30:00,0,
2025.12.16 04:54:59,scan_skipped_same_execution_bar,USDJPY,2025.12.16 04:30:00,0,
2025.12.16 05:04:59,scan_executed_new_execution_bar,USDJPY,2025.12.16 04:45:00,0,
2025.12.16 05:09:59,scan_skipped_same_execution_bar,USDJPY,2025.12.16 04:45:00,0,
2025.12.16 05:19:59,scan_executed_new_execution_bar,USDJPY,2025.12.16 05:00:00,0,
2025.12.16 05:24:59,scan_skipped_same_execution_bar,USDJPY,2025.12.16 05:00:00,0,
2025.12.16 05:34:59,scan_executed_new_execution_bar,USDJPY,2025.12.16 05:15:00,47,
2025.12.16 05:39:59,scan_skipped_same_execution_bar,USDJPY,2025.12.16 05:15:00,0,
2025.12.16 05:49:59,scan_executed_new_execution_bar,USDJPY,2025.12.16 05:30:00,0,
2025.12.16 05:54:59,scan_skipped_same_execution_bar,USDJPY,2025.12.16 05:30:00,0,
2025.12.16 06:04:59,scan_executed_new_execution_bar,USDJPY,2025.12.16 05:45:00,15,
2025.12.16 06:09:59,scan_skipped_same_execution_bar,USDJPY,2025.12.16 05:45:00,0,
2025.12.16 06:20:00,scan_executed_new_execution_bar,USDJPY,2025.12.16 06:00:00,0,
2025.12.16 06:24:59,scan_skipped_same_execution_bar,USDJPY,2025.12.16 06:00:00,0,
2025.12.16 06:34:59,scan_executed_new_execution_bar,USDJPY,2025.12.16 06:15:00,0,
2025.12.16 06:39:59,scan_skipped_same_execution_bar,USDJPY,2025.12.16 06:15:00,0,
2025.12.16 06:49:59,scan_executed_new_execution_bar,USDJPY,2025.12.16 06:30:00,0,
2025.12.16 06:54:59,scan_skipped_same_execution_bar,USDJPY,2025.12.16 06:30:00,0,
2025.12.16 07:04:59,scan_executed_new_execution_bar,USDJPY,2025.12.16 06:45:00,16,
2025.12.16 07:09:59,scan_skipped_same_execution_bar,USDJPY,2025.12.16 06:45:00,0,
2025.12.16 07:19:59,scan_executed_new_execution_bar,USDJPY,2025.12.16 07:00:00,0,
2025.12.16 07:24:59,scan_skipped_same_execution_bar,USDJPY,2025.12.16 07:00:00,0,
2025.12.16 07:34:59,scan_executed_new_execution_bar,USDJPY,2025.12.16 07:15:00,16,
2025.12.16 07:39:59,scan_skipped_same_execution_bar,USDJPY,2025.12.16 07:15:00,0,
2025.12.16 07:49:59,scan_executed_new_execution_bar,USDJPY,2025.12.16 07:30:00,0,
2025.12.16 07:54:58,scan_skipped_same_execution_bar,USDJPY,2025.12.16 07:30:00,0,
2025.12.16 08:04:59,scan_executed_new_execution_bar,USDJPY,2025.12.16 07:45:00,15,
2025.12.16 08:09:59,scan_skipped_same_execution_bar,USDJPY,2025.12.16 07:45:00,0,
2025.12.16 08:20:00,scan_executed_new_execution_bar,USDJPY,2025.12.16 08:00:00,0,
2025.12.16 08:24:59,scan_skipped_same_execution_bar,USDJPY,2025.12.16 08:00:00,0,
2025.12.16 08:34:59,scan_executed_new_execution_bar,USDJPY,2025.12.16 08:15:00,0,
2025.12.16 08:39:59,scan_skipped_same_execution_bar,USDJPY,2025.12.16 08:15:00,0,
2025.12.16 08:49:59,scan_executed_new_execution_bar,USDJPY,2025.12.16 08:30:00,0,
2025.12.16 08:54:59,scan_skipped_same_execution_bar,USDJPY,2025.12.16 08:30:00,0,
2025.12.16 09:04:59,scan_executed_new_execution_bar,USDJPY,2025.12.16 08:45:00,0,
2025.12.16 09:09:58,scan_skipped_same_execution_bar,USDJPY,2025.12.16 08:45:00,0,
2025.12.16 09:19:59,scan_executed_new_execution_bar,USDJPY,2025.12.16 09:00:00,0,
2025.12.16 09:24:59,scan_skipped_same_execution_bar,USDJPY,2025.12.16 09:00:00,0,
2025.12.16 09:34:59,scan_executed_new_execution_bar,USDJPY,2025.12.16 09:15:00,0,
2025.12.16 09:39:59,scan_skipped_same_execution_bar,USDJPY,2025.12.16 09:15:00,0,
2025.12.16 09:49:58,scan_executed_new_execution_bar,USDJPY,2025.12.16 09:30:00,0,
2025.12.16 09:54:59,scan_skipped_same_execution_bar,USDJPY,2025.12.16 09:30:00,0,
2025.12.16 10:04:59,scan_executed_new_execution_bar,USDJPY,2025.12.16 09:45:00,0,
2025.12.16 10:09:59,scan_skipped_same_execution_bar,USDJPY,2025.12.16 09:45:00,0,
2025.12.16 10:19:59,scan_executed_new_execution_bar,USDJPY,2025.12.16 10:00:00,0,
2025.12.16 10:24:59,scan_skipped_same_execution_bar,USDJPY,2025.12.16 10:00:00,0,
2025.12.16 10:34:59,scan_executed_new_execution_bar,USDJPY,2025.12.16 10:15:00,0,
2025.12.16 10:39:59,scan_skipped_same_execution_bar,USDJPY,2025.12.16 10:15:00,0,
2025.12.16 10:45:00,scan_executed_new_execution_bar,USDJPY,2025.12.16 10:30:00,0,
2025.12.16 10:49:59,scan_skipped_same_execution_bar,USDJPY,2025.12.16 10:30:00,0,
2025.12.16 11:04:59,scan_executed_new_execution_bar,USDJPY,2025.12.16 10:45:00,0,
2025.12.16 11:09:59,scan_skipped_same_execution_bar,USDJPY,2025.12.16 10:45:00,0,
2025.12.16 11:19:59,scan_executed_new_execution_bar,USDJPY,2025.12.16 11:00:00,0,
2025.12.16 11:24:59,scan_skipped_same_execution_bar,USDJPY,2025.12.16 11:00:00,0,
2025.12.16 11:34:59,scan_executed_new_execution_bar,USDJPY,2025.12.16 11:15:00,16,
2025.12.16 11:39:59,scan_skipped_same_execution_bar,USDJPY,2025.12.16 11:15:00,0,
2025.12.16 11:49:59,scan_executed_new_execution_bar,USDJPY,2025.12.16 11:30:00,0,
2025.12.16 11:54:59,scan_skipped_same_execution_bar,USDJPY,2025.12.16 11:30:00,0,
2025.12.16 12:04:59,scan_executed_new_execution_bar,USDJPY,2025.12.16 11:45:00,0,
2025.12.16 12:09:59,scan_skipped_same_execution_bar,USDJPY,2025.12.16 11:45:00,0,
2025.12.16 12:19:59,scan_executed_new_execution_bar,USDJPY,2025.12.16 12:00:00,16,
2025.12.16 12:24:59,scan_skipped_same_execution_bar,USDJPY,2025.12.16 12:00:00,0,
2025.12.16 12:34:59,scan_executed_new_execution_bar,USDJPY,2025.12.16 12:15:00,0,
2025.12.16 12:39:59,scan_skipped_same_execution_bar,USDJPY,2025.12.16 12:15:00,0,
2025.12.16 12:49:59,scan_executed_new_execution_bar,USDJPY,2025.12.16 12:30:00,0,
2025.12.16 12:55:00,scan_skipped_same_execution_bar,USDJPY,2025.12.16 12:30:00,0,
2025.12.16 13:04:59,scan_executed_new_execution_bar,USDJPY,2025.12.16 12:45:00,0,
2025.12.16 13:09:59,scan_skipped_same_execution_bar,USDJPY,2025.12.16 12:45:00,0,
2025.12.16 13:19:59,scan_executed_new_execution_bar,USDJPY,2025.12.16 13:00:00,31,
2025.12.16 13:24:59,scan_skipped_same_execution_bar,USDJPY,2025.12.16 13:00:00,0,
2025.12.16 13:34:59,scan_executed_new_execution_bar,USDJPY,2025.12.16 13:15:00,0,
2025.12.16 13:39:59,scan_skipped_same_execution_bar,USDJPY,2025.12.16 13:15:00,0,
2025.12.16 13:49:59,scan_executed_new_execution_bar,USDJPY,2025.12.16 13:30:00,0,
2025.12.16 13:54:59,scan_skipped_same_execution_bar,USDJPY,2025.12.16 13:30:00,0,
2025.12.16 14:04:59,scan_executed_new_execution_bar,USDJPY,2025.12.16 13:45:00,0,
2025.12.16 14:09:59,scan_skipped_same_execution_bar,USDJPY,2025.12.16 13:45:00,0,
2025.12.16 14:19:59,scan_executed_new_execution_bar,USDJPY,2025.12.16 14:00:00,0,
2025.12.16 14:24:59,scan_skipped_same_execution_bar,USDJPY,2025.12.16 14:00:00,0,
2025.12.16 14:34:59,scan_executed_new_execution_bar,USDJPY,2025.12.16 14:15:00,0,
2025.12.16 14:39:59,scan_skipped_same_execution_bar,USDJPY,2025.12.16 14:15:00,0,
2025.12.16 14:49:59,scan_executed_new_execution_bar,USDJPY,2025.12.16 14:30:00,16,
2025.12.16 14:54:59,scan_skipped_same_execution_bar,USDJPY,2025.12.16 14:30:00,0,
2025.12.16 15:04:59,scan_executed_new_execution_bar,USDJPY,2025.12.16 14:45:00,0,
2025.12.16 15:09:59,scan_skipped_same_execution_bar,USDJPY,2025.12.16 14:45:00,0,
2025.12.16 15:19:59,scan_executed_new_execution_bar,USDJPY,2025.12.16 15:00:00,16,
2025.12.16 15:24:59,scan_skipped_same_execution_bar,USDJPY,2025.12.16 15:00:00,0,
2025.12.16 15:34:59,scan_executed_new_execution_bar,USDJPY,2025.12.16 15:15:00,0,
2025.12.16 15:39:59,scan_skipped_same_execution_bar,USDJPY,2025.12.16 15:15:00,0,
2025.12.16 15:49:59,scan_executed_new_execution_bar,USDJPY,2025.12.16 15:30:00,15,
2025.12.16 15:54:59,scan_skipped_same_execution_bar,USDJPY,2025.12.16 15:30:00,0,
2025.12.16 16:04:59,scan_executed_new_execution_bar,USDJPY,2025.12.16 15:45:00,0,
2025.12.16 16:09:59,scan_skipped_same_execution_bar,USDJPY,2025.12.16 15:45:00,0,
2025.12.16 16:19:59,scan_executed_new_execution_bar,USDJPY,2025.12.16 16:00:00,16,
2025.12.16 16:24:59,scan_skipped_same_execution_bar,USDJPY,2025.12.16 16:00:00,0,
2025.12.16 16:34:59,scan_executed_new_execution_bar,USDJPY,2025.12.16 16:15:00,0,
2025.12.16 16:39:59,scan_skipped_same_execution_bar,USDJPY,2025.12.16 16:15:00,0,
2025.12.16 16:49:59,scan_executed_new_execution_bar,USDJPY,2025.12.16 16:30:00,32,
2025.12.16 16:54:59,scan_skipped_same_execution_bar,USDJPY,2025.12.16 16:30:00,0,
2025.12.16 17:04:59,scan_executed_new_execution_bar,USDJPY,2025.12.16 16:45:00,0,
2025.12.16 17:09:59,scan_skipped_same_execution_bar,USDJPY,2025.12.16 16:45:00,0,
2025.12.16 17:19:59,scan_executed_new_execution_bar,USDJPY,2025.12.16 17:00:00,31,
2025.12.16 17:24:59,scan_skipped_same_execution_bar,USDJPY,2025.12.16 17:00:00,0,
2025.12.16 17:34:59,scan_executed_new_execution_bar,USDJPY,2025.12.16 17:15:00,16,
2025.12.16 17:39:59,scan_skipped_same_execution_bar,USDJPY,2025.12.16 17:15:00,0,
2025.12.16 17:49:59,scan_executed_new_execution_bar,USDJPY,2025.12.16 17:30:00,31,
2025.12.16 17:54:59,scan_skipped_same_execution_bar,USDJPY,2025.12.16 17:30:00,0,
2025.12.16 18:04:59,scan_executed_new_execution_bar,USDJPY,2025.12.16 17:45:00,31,
2025.12.16 18:09:59,scan_skipped_same_execution_bar,USDJPY,2025.12.16 17:45:00,0,
2025.12.16 18:19:59,scan_executed_new_execution_bar,USDJPY,2025.12.16 18:00:00,0,
2025.12.16 18:24:59,scan_skipped_same_execution_bar,USDJPY,2025.12.16 18:00:00,0,
2025.12.16 18:34:59,scan_executed_new_execution_bar,USDJPY,2025.12.16 18:15:00,16,
2025.12.16 18:39:59,scan_skipped_same_execution_bar,USDJPY,2025.12.16 18:15:00,0,
2025.12.16 18:49:59,scan_executed_new_execution_bar,USDJPY,2025.12.16 18:30:00,47,
2025.12.16 18:54:59,scan_skipped_same_execution_bar,USDJPY,2025.12.16 18:30:00,0,
2025.12.16 19:04:59,scan_executed_new_execution_bar,USDJPY,2025.12.16 18:45:00,0,
2025.12.16 19:09:59,scan_skipped_same_execution_bar,USDJPY,2025.12.16 18:45:00,0,
2025.12.16 19:19:59,scan_executed_new_execution_bar,USDJPY,2025.12.16 19:00:00,0,
2025.12.16 19:24:59,scan_skipped_same_execution_bar,USDJPY,2025.12.16 19:00:00,0,
2025.12.16 19:34:59,scan_executed_new_execution_bar,USDJPY,2025.12.16 19:15:00,16,
2025.12.16 19:39:59,scan_skipped_same_execution_bar,USDJPY,2025.12.16 19:15:00,0,
2025.12.16 19:49:59,scan_executed_new_execution_bar,USDJPY,2025.12.16 19:30:00,15,
2025.12.16 19:54:59,scan_skipped_same_execution_bar,USDJPY,2025.12.16 19:30:00,0,
2025.12.16 20:04:59,scan_executed_new_execution_bar,USDJPY,2025.12.16 19:45:00,0,
2025.12.16 20:09:59,scan_skipped_same_execution_bar,USDJPY,2025.12.16 19:45:00,0,
2025.12.16 20:19:59,scan_executed_new_execution_bar,USDJPY,2025.12.16 20:00:00,0,
2025.12.16 20:24:59,scan_skipped_same_execution_bar,USDJPY,2025.12.16 20:00:00,0,
2025.12.16 20:34:59,scan_executed_new_execution_bar,USDJPY,2025.12.16 20:15:00,0,
2025.12.16 20:39:59,scan_skipped_same_execution_bar,USDJPY,2025.12.16 20:15:00,0,
2025.12.16 20:49:59,scan_executed_new_execution_bar,USDJPY,2025.12.16 20:30:00,15,
2025.12.16 20:54:59,scan_skipped_same_execution_bar,USDJPY,2025.12.16 20:30:00,0,
2025.12.16 21:04:59,scan_executed_new_execution_bar,USDJPY,2025.12.16 20:45:00,16,
2025.12.16 21:09:59,scan_skipped_same_execution_bar,USDJPY,2025.12.16 20:45:00,0,
2025.12.16 21:19:59,scan_executed_new_execution_bar,USDJPY,2025.12.16 21:00:00,0,
2025.12.16 21:24:59,scan_skipped_same_execution_bar,USDJPY,2025.12.16 21:00:00,0,
2025.12.16 21:35:00,scan_executed_new_execution_bar,USDJPY,2025.12.16 21:15:00,0,
2025.12.16 21:39:59,scan_skipped_same_execution_bar,USDJPY,2025.12.16 21:15:00,0,
2025.12.16 21:50:00,scan_executed_new_execution_bar,USDJPY,2025.12.16 21:30:00,0,
2025.12.16 21:54:59,scan_skipped_same_execution_bar,USDJPY,2025.12.16 21:30:00,0,
2025.12.16 22:04:59,scan_executed_new_execution_bar,USDJPY,2025.12.16 21:45:00,0,
2025.12.16 22:09:59,scan_skipped_same_execution_bar,USDJPY,2025.12.16 21:45:00,0,
2025.12.16 22:19:59,scan_executed_new_execution_bar,USDJPY,2025.12.16 22:00:00,0,
2025.12.16 22:24:59,scan_skipped_same_execution_bar,USDJPY,2025.12.16 22:00:00,0,
2025.12.16 22:34:59,scan_executed_new_execution_bar,USDJPY,2025.12.16 22:15:00,0,
2025.12.16 22:39:59,scan_skipped_same_execution_bar,USDJPY,2025.12.16 22:15:00,0,
2025.12.16 22:49:59,scan_executed_new_execution_bar,USDJPY,2025.12.16 22:30:00,0,
2025.12.16 22:54:59,scan_skipped_same_execution_bar,USDJPY,2025.12.16 22:30:00,0,
2025.12.16 23:04:59,scan_executed_new_execution_bar,USDJPY,2025.12.16 22:45:00,0,
2025.12.16 23:09:59,scan_skipped_same_execution_bar,USDJPY,2025.12.16 22:45:00,0,
2025.12.16 23:19:59,scan_executed_new_execution_bar,USDJPY,2025.12.16 23:00:00,0,
2025.12.16 23:24:59,scan_skipped_same_execution_bar,USDJPY,2025.12.16 23:00:00,0,
2025.12.16 23:34:59,scan_executed_new_execution_bar,USDJPY,2025.12.16 23:15:00,0,
2025.12.16 23:39:59,scan_skipped_same_execution_bar,USDJPY,2025.12.16 23:15:00,0,
2025.12.16 23:49:59,scan_executed_new_execution_bar,USDJPY,2025.12.16 23:30:00,0,
2025.12.16 23:54:59,scan_skipped_same_execution_bar,USDJPY,2025.12.16 23:30:00,0,
2025.12.17 00:04:50,scan_executed_new_execution_bar,USDJPY,2025.12.16 23:45:00,0,
2025.12.17 00:09:58,scan_skipped_same_execution_bar,USDJPY,2025.12.16 23:45:00,0,
2025.12.17 00:19:59,scan_executed_new_execution_bar,USDJPY,2025.12.17 00:00:00,0,
2025.12.17 00:24:58,scan_skipped_same_execution_bar,USDJPY,2025.12.17 00:00:00,0,
2025.12.17 00:34:58,scan_executed_new_execution_bar,USDJPY,2025.12.17 00:15:00,0,
2025.12.17 00:39:59,scan_skipped_same_execution_bar,USDJPY,2025.12.17 00:15:00,0,
2025.12.17 00:49:58,scan_executed_new_execution_bar,USDJPY,2025.12.17 00:30:00,0,
2025.12.17 00:54:59,scan_skipped_same_execution_bar,USDJPY,2025.12.17 00:30:00,0,
2025.12.17 01:04:59,scan_executed_new_execution_bar,USDJPY,2025.12.17 00:45:00,0,
2025.12.17 01:09:59,scan_skipped_same_execution_bar,USDJPY,2025.12.17 00:45:00,0,
2025.12.17 01:19:59,scan_executed_new_execution_bar,USDJPY,2025.12.17 01:00:00,0,
2025.12.17 01:25:00,scan_skipped_same_execution_bar,USDJPY,2025.12.17 01:00:00,0,
2025.12.17 01:34:59,scan_executed_new_execution_bar,USDJPY,2025.12.17 01:15:00,0,
2025.12.17 01:39:59,scan_skipped_same_execution_bar,USDJPY,2025.12.17 01:15:00,0,
2025.12.17 01:49:51,scan_executed_new_execution_bar,USDJPY,2025.12.17 01:30:00,0,
2025.12.17 01:54:57,scan_skipped_same_execution_bar,USDJPY,2025.12.17 01:30:00,0,
2025.12.17 02:04:59,scan_executed_new_execution_bar,USDJPY,2025.12.17 01:45:00,0,
2025.12.17 02:09:59,scan_skipped_same_execution_bar,USDJPY,2025.12.17 01:45:00,0,
2025.12.17 02:19:59,scan_executed_new_execution_bar,USDJPY,2025.12.17 02:00:00,0,
2025.12.17 02:24:59,scan_skipped_same_execution_bar,USDJPY,2025.12.17 02:00:00,0,
2025.12.17 02:34:59,scan_executed_new_execution_bar,USDJPY,2025.12.17 02:15:00,0,
2025.12.17 02:39:59,scan_skipped_same_execution_bar,USDJPY,2025.12.17 02:15:00,0,
2025.12.17 02:49:59,scan_executed_new_execution_bar,USDJPY,2025.12.17 02:30:00,0,
2025.12.17 02:54:59,scan_skipped_same_execution_bar,USDJPY,2025.12.17 02:30:00,0,
2025.12.17 03:04:59,scan_executed_new_execution_bar,USDJPY,2025.12.17 02:45:00,0,
2025.12.17 03:09:59,scan_skipped_same_execution_bar,USDJPY,2025.12.17 02:45:00,0,
2025.12.17 03:19:59,scan_executed_new_execution_bar,USDJPY,2025.12.17 03:00:00,0,
2025.12.17 03:24:59,scan_skipped_same_execution_bar,USDJPY,2025.12.17 03:00:00,0,
2025.12.17 03:34:59,scan_executed_new_execution_bar,USDJPY,2025.12.17 03:15:00,0,
2025.12.17 03:39:59,scan_skipped_same_execution_bar,USDJPY,2025.12.17 03:15:00,0,
2025.12.17 03:49:59,scan_executed_new_execution_bar,USDJPY,2025.12.17 03:30:00,32,
2025.12.17 03:54:59,scan_skipped_same_execution_bar,USDJPY,2025.12.17 03:30:00,0,
2025.12.17 04:04:59,scan_executed_new_execution_bar,USDJPY,2025.12.17 03:45:00,0,
2025.12.17 04:09:59,scan_skipped_same_execution_bar,USDJPY,2025.12.17 03:45:00,0,
2025.12.17 04:19:59,scan_executed_new_execution_bar,USDJPY,2025.12.17 04:00:00,0,
2025.12.17 04:25:00,scan_skipped_same_execution_bar,USDJPY,2025.12.17 04:00:00,0,
2025.12.17 04:34:59,scan_executed_new_execution_bar,USDJPY,2025.12.17 04:15:00,0,
2025.12.17 04:39:58,scan_skipped_same_execution_bar,USDJPY,2025.12.17 04:15:00,0,
2025.12.17 04:49:59,scan_executed_new_execution_bar,USDJPY,2025.12.17 04:30:00,0,
2025.12.17 04:54:59,scan_skipped_same_execution_bar,USDJPY,2025.12.17 04:30:00,0,
2025.12.17 05:04:59,scan_executed_new_execution_bar,USDJPY,2025.12.17 04:45:00,0,
2025.12.17 05:09:59,scan_skipped_same_execution_bar,USDJPY,2025.12.17 04:45:00,0,
2025.12.17 05:19:59,scan_executed_new_execution_bar,USDJPY,2025.12.17 05:00:00,0,
2025.12.17 05:24:59,scan_skipped_same_execution_bar,USDJPY,2025.12.17 05:00:00,0,
2025.12.17 05:34:59,scan_executed_new_execution_bar,USDJPY,2025.12.17 05:15:00,0,
2025.12.17 05:39:59,scan_skipped_same_execution_bar,USDJPY,2025.12.17 05:15:00,0,
2025.12.17 05:49:59,scan_executed_new_execution_bar,USDJPY,2025.12.17 05:30:00,15,
2025.12.17 05:54:59,scan_skipped_same_execution_bar,USDJPY,2025.12.17 05:30:00,0,
2025.12.17 06:04:59,scan_executed_new_execution_bar,USDJPY,2025.12.17 05:45:00,0,
2025.12.17 06:09:59,scan_skipped_same_execution_bar,USDJPY,2025.12.17 05:45:00,0,
2025.12.17 06:19:59,scan_executed_new_execution_bar,USDJPY,2025.12.17 06:00:00,0,
2025.12.17 06:24:59,scan_skipped_same_execution_bar,USDJPY,2025.12.17 06:00:00,0,
2025.12.17 06:34:59,scan_executed_new_execution_bar,USDJPY,2025.12.17 06:15:00,0,
2025.12.17 06:39:59,scan_skipped_same_execution_bar,USDJPY,2025.12.17 06:15:00,0,
2025.12.17 06:49:59,scan_executed_new_execution_bar,USDJPY,2025.12.17 06:30:00,0,
2025.12.17 06:54:59,scan_skipped_same_execution_bar,USDJPY,2025.12.17 06:30:00,0,
2025.12.17 07:04:59,scan_executed_new_execution_bar,USDJPY,2025.12.17 06:45:00,0,
2025.12.17 07:09:59,scan_skipped_same_execution_bar,USDJPY,2025.12.17 06:45:00,0,
2025.12.17 07:19:59,scan_executed_new_execution_bar,USDJPY,2025.12.17 07:00:00,16,
2025.12.17 07:24:59,scan_skipped_same_execution_bar,USDJPY,2025.12.17 07:00:00,0,
2025.12.17 07:34:59,scan_executed_new_execution_bar,USDJPY,2025.12.17 07:15:00,0,
2025.12.17 07:39:59,scan_skipped_same_execution_bar,USDJPY,2025.12.17 07:15:00,0,
2025.12.17 07:49:59,scan_executed_new_execution_bar,USDJPY,2025.12.17 07:30:00,0,
2025.12.17 07:54:59,scan_skipped_same_execution_bar,USDJPY,2025.12.17 07:30:00,0,
2025.12.17 08:04:59,scan_executed_new_execution_bar,USDJPY,2025.12.17 07:45:00,0,
2025.12.17 08:09:59,scan_skipped_same_execution_bar,USDJPY,2025.12.17 07:45:00,0,
2025.12.17 08:19:59,scan_executed_new_execution_bar,USDJPY,2025.12.17 08:00:00,0,
2025.12.17 08:24:59,scan_skipped_same_execution_bar,USDJPY,2025.12.17 08:00:00,0,
2025.12.17 08:35:00,scan_executed_new_execution_bar,USDJPY,2025.12.17 08:15:00,0,
2025.12.17 08:39:59,scan_skipped_same_execution_bar,USDJPY,2025.12.17 08:15:00,0,
2025.12.17 08:49:59,scan_executed_new_execution_bar,USDJPY,2025.12.17 08:30:00,0,
2025.12.17 08:54:59,scan_skipped_same_execution_bar,USDJPY,2025.12.17 08:30:00,0,
2025.12.17 09:04:59,scan_executed_new_execution_bar,USDJPY,2025.12.17 08:45:00,0,
2025.12.17 09:09:59,scan_skipped_same_execution_bar,USDJPY,2025.12.17 08:45:00,0,
2025.12.17 09:19:59,scan_executed_new_execution_bar,USDJPY,2025.12.17 09:00:00,0,
2025.12.17 09:24:59,scan_skipped_same_execution_bar,USDJPY,2025.12.17 09:00:00,0,
2025.12.17 09:34:59,scan_executed_new_execution_bar,USDJPY,2025.12.17 09:15:00,0,
2025.12.17 09:39:59,scan_skipped_same_execution_bar,USDJPY,2025.12.17 09:15:00,0,
2025.12.17 09:49:59,scan_executed_new_execution_bar,USDJPY,2025.12.17 09:30:00,0,
2025.12.17 09:54:59,scan_skipped_same_execution_bar,USDJPY,2025.12.17 09:30:00,0,
2025.12.17 10:04:59,scan_executed_new_execution_bar,USDJPY,2025.12.17 09:45:00,0,
2025.12.17 10:09:59,scan_skipped_same_execution_bar,USDJPY,2025.12.17 09:45:00,0,
2025.12.17 10:19:59,scan_executed_new_execution_bar,USDJPY,2025.12.17 10:00:00,0,
2025.12.17 10:24:59,scan_skipped_same_execution_bar,USDJPY,2025.12.17 10:00:00,0,
2025.12.17 10:34:59,scan_executed_new_execution_bar,USDJPY,2025.12.17 10:15:00,32,
2025.12.17 10:39:59,scan_skipped_same_execution_bar,USDJPY,2025.12.17 10:15:00,0,
2025.12.17 10:49:59,scan_executed_new_execution_bar,USDJPY,2025.12.17 10:30:00,15,
2025.12.17 10:54:59,scan_skipped_same_execution_bar,USDJPY,2025.12.17 10:30:00,0,
2025.12.17 11:04:59,scan_executed_new_execution_bar,USDJPY,2025.12.17 10:45:00,16,
2025.12.17 11:09:59,scan_skipped_same_execution_bar,USDJPY,2025.12.17 10:45:00,0,
2025.12.17 11:19:59,scan_executed_new_execution_bar,USDJPY,2025.12.17 11:00:00,15,
2025.12.17 11:24:59,scan_skipped_same_execution_bar,USDJPY,2025.12.17 11:00:00,0,
2025.12.17 11:34:59,scan_executed_new_execution_bar,USDJPY,2025.12.17 11:15:00,0,
2025.12.17 11:39:59,scan_skipped_same_execution_bar,USDJPY,2025.12.17 11:15:00,0,
2025.12.17 11:49:58,scan_executed_new_execution_bar,USDJPY,2025.12.17 11:30:00,0,
2025.12.17 11:54:59,scan_skipped_same_execution_bar,USDJPY,2025.12.17 11:30:00,0,
2025.12.17 12:04:59,scan_executed_new_execution_bar,USDJPY,2025.12.17 11:45:00,16,
2025.12.17 12:09:59,scan_skipped_same_execution_bar,USDJPY,2025.12.17 11:45:00,0,
2025.12.17 12:19:59,scan_executed_new_execution_bar,USDJPY,2025.12.17 12:00:00,0,
2025.12.17 12:24:59,scan_skipped_same_execution_bar,USDJPY,2025.12.17 12:00:00,0,
2025.12.17 12:34:59,scan_executed_new_execution_bar,USDJPY,2025.12.17 12:15:00,16,
2025.12.17 12:39:59,scan_skipped_same_execution_bar,USDJPY,2025.12.17 12:15:00,0,
2025.12.17 12:49:59,scan_executed_new_execution_bar,USDJPY,2025.12.17 12:30:00,0,
2025.12.17 12:54:59,scan_skipped_same_execution_bar,USDJPY,2025.12.17 12:30:00,0,
2025.12.17 13:04:59,scan_executed_new_execution_bar,USDJPY,2025.12.17 12:45:00,0,
2025.12.17 13:09:59,scan_skipped_same_execution_bar,USDJPY,2025.12.17 12:45:00,0,
2025.12.17 13:19:59,scan_executed_new_execution_bar,USDJPY,2025.12.17 13:00:00,0,
2025.12.17 13:24:59,scan_skipped_same_execution_bar,USDJPY,2025.12.17 13:00:00,0,
2025.12.17 13:34:59,scan_executed_new_execution_bar,USDJPY,2025.12.17 13:15:00,0,
2025.12.17 13:39:59,scan_skipped_same_execution_bar,USDJPY,2025.12.17 13:15:00,0,
2025.12.17 13:49:59,scan_executed_new_execution_bar,USDJPY,2025.12.17 13:30:00,0,
2025.12.17 13:54:59,scan_skipped_same_execution_bar,USDJPY,2025.12.17 13:30:00,0,
2025.12.17 14:04:59,scan_executed_new_execution_bar,USDJPY,2025.12.17 13:45:00,0,
2025.12.17 14:09:59,scan_skipped_same_execution_bar,USDJPY,2025.12.17 13:45:00,0,
2025.12.17 14:19:59,scan_executed_new_execution_bar,USDJPY,2025.12.17 14:00:00,0,
2025.12.17 14:24:59,scan_skipped_same_execution_bar,USDJPY,2025.12.17 14:00:00,0,
2025.12.17 14:34:59,scan_executed_new_execution_bar,USDJPY,2025.12.17 14:15:00,0,
2025.12.17 14:39:59,scan_skipped_same_execution_bar,USDJPY,2025.12.17 14:15:00,0,
2025.12.17 14:49:59,scan_executed_new_execution_bar,USDJPY,2025.12.17 14:30:00,0,
2025.12.17 14:54:59,scan_skipped_same_execution_bar,USDJPY,2025.12.17 14:30:00,0,
2025.12.17 15:04:59,scan_executed_new_execution_bar,USDJPY,2025.12.17 14:45:00,0,
2025.12.17 15:09:59,scan_skipped_same_execution_bar,USDJPY,2025.12.17 14:45:00,0,
2025.12.17 15:19:59,scan_executed_new_execution_bar,USDJPY,2025.12.17 15:00:00,0,
2025.12.17 15:24:59,scan_skipped_same_execution_bar,USDJPY,2025.12.17 15:00:00,0,
2025.12.17 15:34:59,scan_executed_new_execution_bar,USDJPY,2025.12.17 15:15:00,0,
2025.12.17 15:39:59,scan_skipped_same_execution_bar,USDJPY,2025.12.17 15:15:00,0,
2025.12.17 15:49:59,scan_executed_new_execution_bar,USDJPY,2025.12.17 15:30:00,0,
2025.12.17 15:54:59,scan_skipped_same_execution_bar,USDJPY,2025.12.17 15:30:00,0,
2025.12.17 16:04:59,scan_executed_new_execution_bar,USDJPY,2025.12.17 15:45:00,0,
2025.12.17 16:09:59,scan_skipped_same_execution_bar,USDJPY,2025.12.17 15:45:00,0,
2025.12.17 16:19:59,scan_executed_new_execution_bar,USDJPY,2025.12.17 16:00:00,0,
2025.12.17 16:24:59,scan_skipped_same_execution_bar,USDJPY,2025.12.17 16:00:00,0,
2025.12.17 16:34:59,scan_executed_new_execution_bar,USDJPY,2025.12.17 16:15:00,0,
2025.12.17 16:39:59,scan_skipped_same_execution_bar,USDJPY,2025.12.17 16:15:00,0,
2025.12.17 16:49:59,scan_executed_new_execution_bar,USDJPY,2025.12.17 16:30:00,0,
2025.12.17 16:54:59,scan_skipped_same_execution_bar,USDJPY,2025.12.17 16:30:00,0,
2025.12.17 17:04:59,scan_executed_new_execution_bar,USDJPY,2025.12.17 16:45:00,0,
2025.12.17 17:09:59,scan_skipped_same_execution_bar,USDJPY,2025.12.17 16:45:00,0,
2025.12.17 17:19:59,scan_executed_new_execution_bar,USDJPY,2025.12.17 17:00:00,0,
2025.12.17 17:24:59,scan_skipped_same_execution_bar,USDJPY,2025.12.17 17:00:00,0,
2025.12.17 17:34:59,scan_executed_new_execution_bar,USDJPY,2025.12.17 17:15:00,0,
2025.12.17 17:39:59,scan_skipped_same_execution_bar,USDJPY,2025.12.17 17:15:00,0,
2025.12.17 17:49:59,scan_executed_new_execution_bar,USDJPY,2025.12.17 17:30:00,0,
2025.12.17 17:54:59,scan_skipped_same_execution_bar,USDJPY,2025.12.17 17:30:00,0,
2025.12.17 18:04:59,scan_executed_new_execution_bar,USDJPY,2025.12.17 17:45:00,0,
2025.12.17 18:09:59,scan_skipped_same_execution_bar,USDJPY,2025.12.17 17:45:00,0,
2025.12.17 18:19:59,scan_executed_new_execution_bar,USDJPY,2025.12.17 18:00:00,0,
2025.12.17 18:24:59,scan_skipped_same_execution_bar,USDJPY,2025.12.17 18:00:00,0,
2025.12.17 18:34:59,scan_executed_new_execution_bar,USDJPY,2025.12.17 18:15:00,0,
2025.12.17 18:39:59,scan_skipped_same_execution_bar,USDJPY,2025.12.17 18:15:00,0,
2025.12.17 18:49:59,scan_executed_new_execution_bar,USDJPY,2025.12.17 18:30:00,0,
2025.12.17 18:54:59,scan_skipped_same_execution_bar,USDJPY,2025.12.17 18:30:00,0,
2025.12.17 19:04:59,scan_executed_new_execution_bar,USDJPY,2025.12.17 18:45:00,16,
2025.12.17 19:09:59,scan_skipped_same_execution_bar,USDJPY,2025.12.17 18:45:00,0,
2025.12.17 19:19:59,scan_executed_new_execution_bar,USDJPY,2025.12.17 19:00:00,0,
2025.12.17 19:24:59,scan_skipped_same_execution_bar,USDJPY,2025.12.17 19:00:00,0,
2025.12.17 19:34:59,scan_executed_new_execution_bar,USDJPY,2025.12.17 19:15:00,32,
2025.12.17 19:39:59,scan_skipped_same_execution_bar,USDJPY,2025.12.17 19:15:00,0,
2025.12.17 19:49:59,scan_executed_new_execution_bar,USDJPY,2025.12.17 19:30:00,0,
2025.12.17 19:54:59,scan_skipped_same_execution_bar,USDJPY,2025.12.17 19:30:00,0,
2025.12.17 20:04:59,scan_executed_new_execution_bar,USDJPY,2025.12.17 19:45:00,32,
2025.12.17 20:09:59,scan_skipped_same_execution_bar,USDJPY,2025.12.17 19:45:00,0,
2025.12.17 20:19:59,scan_executed_new_execution_bar,USDJPY,2025.12.17 20:00:00,0,
2025.12.17 20:24:59,scan_skipped_same_execution_bar,USDJPY,2025.12.17 20:00:00,0,
2025.12.17 20:34:59,scan_executed_new_execution_bar,USDJPY,2025.12.17 20:15:00,0,
2025.12.17 20:39:59,scan_skipped_same_execution_bar,USDJPY,2025.12.17 20:15:00,0,
2025.12.17 20:49:59,scan_executed_new_execution_bar,USDJPY,2025.12.17 20:30:00,0,
2025.12.17 20:54:59,scan_skipped_same_execution_bar,USDJPY,2025.12.17 20:30:00,0,
2025.12.17 21:04:59,scan_executed_new_execution_bar,USDJPY,2025.12.17 20:45:00,0,
2025.12.17 21:09:59,scan_skipped_same_execution_bar,USDJPY,2025.12.17 20:45:00,0,
2025.12.17 21:19:58,scan_executed_new_execution_bar,USDJPY,2025.12.17 21:00:00,0,
2025.12.17 21:24:59,scan_skipped_same_execution_bar,USDJPY,2025.12.17 21:00:00,0,
2025.12.17 21:34:59,scan_executed_new_execution_bar,USDJPY,2025.12.17 21:15:00,0,
2025.12.17 21:39:59,scan_skipped_same_execution_bar,USDJPY,2025.12.17 21:15:00,0,
2025.12.17 21:49:59,scan_executed_new_execution_bar,USDJPY,2025.12.17 21:30:00,0,
2025.12.17 21:54:59,scan_skipped_same_execution_bar,USDJPY,2025.12.17 21:30:00,0,
2025.12.17 22:04:59,scan_executed_new_execution_bar,USDJPY,2025.12.17 21:45:00,0,
2025.12.17 22:09:59,scan_skipped_same_execution_bar,USDJPY,2025.12.17 21:45:00,0,
2025.12.17 22:19:59,scan_executed_new_execution_bar,USDJPY,2025.12.17 22:00:00,0,
2025.12.17 22:24:59,scan_skipped_same_execution_bar,USDJPY,2025.12.17 22:00:00,0,
2025.12.17 22:34:59,scan_executed_new_execution_bar,USDJPY,2025.12.17 22:15:00,0,
2025.12.17 22:39:59,scan_skipped_same_execution_bar,USDJPY,2025.12.17 22:15:00,0,
2025.12.17 22:49:59,scan_executed_new_execution_bar,USDJPY,2025.12.17 22:30:00,0,
2025.12.17 22:54:59,scan_skipped_same_execution_bar,USDJPY,2025.12.17 22:30:00,0,
2025.12.17 23:04:58,scan_executed_new_execution_bar,USDJPY,2025.12.17 22:45:00,0,
2025.12.17 23:09:59,scan_skipped_same_execution_bar,USDJPY,2025.12.17 22:45:00,0,
2025.12.17 23:19:59,scan_executed_new_execution_bar,USDJPY,2025.12.17 23:00:00,0,
2025.12.17 23:24:59,scan_skipped_same_execution_bar,USDJPY,2025.12.17 23:00:00,0,
2025.12.17 23:34:59,scan_executed_new_execution_bar,USDJPY,2025.12.17 23:15:00,0,
2025.12.17 23:39:59,scan_skipped_same_execution_bar,USDJPY,2025.12.17 23:15:00,0,
2025.12.17 23:49:59,scan_executed_new_execution_bar,USDJPY,2025.12.17 23:30:00,16,
2025.12.17 23:54:59,scan_skipped_same_execution_bar,USDJPY,2025.12.17 23:30:00,0,
2025.12.18 00:04:34,scan_executed_new_execution_bar,USDJPY,2025.12.17 23:45:00,0,
2025.12.18 00:09:57,scan_skipped_same_execution_bar,USDJPY,2025.12.17 23:45:00,0,
2025.12.18 00:19:59,scan_executed_new_execution_bar,USDJPY,2025.12.18 00:00:00,0,
2025.12.18 00:24:59,scan_skipped_same_execution_bar,USDJPY,2025.12.18 00:00:00,0,
2025.12.18 00:34:57,scan_executed_new_execution_bar,USDJPY,2025.12.18 00:15:00,0,
2025.12.18 00:39:59,scan_skipped_same_execution_bar,USDJPY,2025.12.18 00:15:00,0,
2025.12.18 00:49:59,scan_executed_new_execution_bar,USDJPY,2025.12.18 00:30:00,0,
2025.12.18 00:54:58,scan_skipped_same_execution_bar,USDJPY,2025.12.18 00:30:00,0,
2025.12.18 01:04:52,scan_executed_new_execution_bar,USDJPY,2025.12.18 00:45:00,0,
2025.12.18 01:09:59,scan_skipped_same_execution_bar,USDJPY,2025.12.18 00:45:00,0,
2025.12.18 01:19:56,scan_executed_new_execution_bar,USDJPY,2025.12.18 01:00:00,16,
2025.12.18 01:24:59,scan_skipped_same_execution_bar,USDJPY,2025.12.18 01:00:00,0,
2025.12.18 01:34:59,scan_executed_new_execution_bar,USDJPY,2025.12.18 01:15:00,0,
2025.12.18 01:39:59,scan_skipped_same_execution_bar,USDJPY,2025.12.18 01:15:00,0,
2025.12.18 01:49:53,scan_executed_new_execution_bar,USDJPY,2025.12.18 01:30:00,0,
2025.12.18 01:54:59,scan_skipped_same_execution_bar,USDJPY,2025.12.18 01:30:00,0,
2025.12.18 02:04:57,scan_executed_new_execution_bar,USDJPY,2025.12.18 01:45:00,0,
2025.12.18 02:09:59,scan_skipped_same_execution_bar,USDJPY,2025.12.18 01:45:00,0,
2025.12.18 02:19:59,scan_executed_new_execution_bar,USDJPY,2025.12.18 02:00:00,0,
2025.12.18 02:24:59,scan_skipped_same_execution_bar,USDJPY,2025.12.18 02:00:00,0,
2025.12.18 02:34:59,scan_executed_new_execution_bar,USDJPY,2025.12.18 02:15:00,0,
2025.12.18 02:39:59,scan_skipped_same_execution_bar,USDJPY,2025.12.18 02:15:00,0,
2025.12.18 02:49:59,scan_executed_new_execution_bar,USDJPY,2025.12.18 02:30:00,0,
2025.12.18 02:54:59,scan_skipped_same_execution_bar,USDJPY,2025.12.18 02:30:00,0,
2025.12.18 03:04:59,scan_executed_new_execution_bar,USDJPY,2025.12.18 02:45:00,0,
2025.12.18 03:09:59,scan_skipped_same_execution_bar,USDJPY,2025.12.18 02:45:00,0,
2025.12.18 03:19:59,scan_executed_new_execution_bar,USDJPY,2025.12.18 03:00:00,0,
2025.12.18 03:24:59,scan_skipped_same_execution_bar,USDJPY,2025.12.18 03:00:00,0,
2025.12.18 03:34:59,scan_executed_new_execution_bar,USDJPY,2025.12.18 03:15:00,0,
2025.12.18 03:39:59,scan_skipped_same_execution_bar,USDJPY,2025.12.18 03:15:00,0,
2025.12.18 03:49:58,scan_executed_new_execution_bar,USDJPY,2025.12.18 03:30:00,15,
2025.12.18 03:54:59,scan_skipped_same_execution_bar,USDJPY,2025.12.18 03:30:00,0,
2025.12.18 04:04:59,scan_executed_new_execution_bar,USDJPY,2025.12.18 03:45:00,0,
2025.12.18 04:09:59,scan_skipped_same_execution_bar,USDJPY,2025.12.18 03:45:00,0,
2025.12.18 04:19:59,scan_executed_new_execution_bar,USDJPY,2025.12.18 04:00:00,0,
2025.12.18 04:24:59,scan_skipped_same_execution_bar,USDJPY,2025.12.18 04:00:00,0,
2025.12.18 04:34:59,scan_executed_new_execution_bar,USDJPY,2025.12.18 04:15:00,0,
2025.12.18 04:39:59,scan_skipped_same_execution_bar,USDJPY,2025.12.18 04:15:00,0,
2025.12.18 04:49:59,scan_executed_new_execution_bar,USDJPY,2025.12.18 04:30:00,0,
2025.12.18 04:54:59,scan_skipped_same_execution_bar,USDJPY,2025.12.18 04:30:00,0,
2025.12.18 05:04:58,scan_executed_new_execution_bar,USDJPY,2025.12.18 04:45:00,0,
2025.12.18 05:09:59,scan_skipped_same_execution_bar,USDJPY,2025.12.18 04:45:00,0,
2025.12.18 05:19:59,scan_executed_new_execution_bar,USDJPY,2025.12.18 05:00:00,0,
2025.12.18 05:24:59,scan_skipped_same_execution_bar,USDJPY,2025.12.18 05:00:00,0,
2025.12.18 05:34:59,scan_executed_new_execution_bar,USDJPY,2025.12.18 05:15:00,0,
2025.12.18 05:39:58,scan_skipped_same_execution_bar,USDJPY,2025.12.18 05:15:00,0,
2025.12.18 05:49:59,scan_executed_new_execution_bar,USDJPY,2025.12.18 05:30:00,15,
2025.12.18 05:54:59,scan_skipped_same_execution_bar,USDJPY,2025.12.18 05:30:00,0,
2025.12.18 06:05:00,scan_executed_new_execution_bar,USDJPY,2025.12.18 05:45:00,16,
2025.12.18 06:09:59,scan_skipped_same_execution_bar,USDJPY,2025.12.18 05:45:00,0,
2025.12.18 06:19:59,scan_executed_new_execution_bar,USDJPY,2025.12.18 06:00:00,16,
2025.12.18 06:24:59,scan_skipped_same_execution_bar,USDJPY,2025.12.18 06:00:00,0,
2025.12.18 06:34:59,scan_executed_new_execution_bar,USDJPY,2025.12.18 06:15:00,0,
2025.12.18 06:39:59,scan_skipped_same_execution_bar,USDJPY,2025.12.18 06:15:00,0,
2025.12.18 06:49:59,scan_executed_new_execution_bar,USDJPY,2025.12.18 06:30:00,0,
2025.12.18 06:54:59,scan_skipped_same_execution_bar,USDJPY,2025.12.18 06:30:00,0,
2025.12.18 07:04:59,scan_executed_new_execution_bar,USDJPY,2025.12.18 06:45:00,0,
2025.12.18 07:09:59,scan_skipped_same_execution_bar,USDJPY,2025.12.18 06:45:00,0,
2025.12.18 07:19:59,scan_executed_new_execution_bar,USDJPY,2025.12.18 07:00:00,0,
2025.12.18 07:24:59,scan_skipped_same_execution_bar,USDJPY,2025.12.18 07:00:00,0,
2025.12.18 07:34:59,scan_executed_new_execution_bar,USDJPY,2025.12.18 07:15:00,0,
2025.12.18 07:39:58,scan_skipped_same_execution_bar,USDJPY,2025.12.18 07:15:00,0,
2025.12.18 07:49:59,scan_executed_new_execution_bar,USDJPY,2025.12.18 07:30:00,0,
2025.12.18 07:54:59,scan_skipped_same_execution_bar,USDJPY,2025.12.18 07:30:00,0,
2025.12.18 08:04:59,scan_executed_new_execution_bar,USDJPY,2025.12.18 07:45:00,0,
2025.12.18 08:09:59,scan_skipped_same_execution_bar,USDJPY,2025.12.18 07:45:00,0,
2025.12.18 08:19:59,scan_executed_new_execution_bar,USDJPY,2025.12.18 08:00:00,0,
2025.12.18 08:24:59,scan_skipped_same_execution_bar,USDJPY,2025.12.18 08:00:00,0,
2025.12.18 08:34:59,scan_executed_new_execution_bar,USDJPY,2025.12.18 08:15:00,15,
2025.12.18 08:39:59,scan_skipped_same_execution_bar,USDJPY,2025.12.18 08:15:00,0,
2025.12.18 08:49:59,scan_executed_new_execution_bar,USDJPY,2025.12.18 08:30:00,0,
2025.12.18 08:54:59,scan_skipped_same_execution_bar,USDJPY,2025.12.18 08:30:00,0,
2025.12.18 09:04:59,scan_executed_new_execution_bar,USDJPY,2025.12.18 08:45:00,0,
2025.12.18 09:09:59,scan_skipped_same_execution_bar,USDJPY,2025.12.18 08:45:00,0,
2025.12.18 09:19:59,scan_executed_new_execution_bar,USDJPY,2025.12.18 09:00:00,0,
2025.12.18 09:24:59,scan_skipped_same_execution_bar,USDJPY,2025.12.18 09:00:00,0,
2025.12.18 09:34:59,scan_executed_new_execution_bar,USDJPY,2025.12.18 09:15:00,0,
2025.12.18 09:39:59,scan_skipped_same_execution_bar,USDJPY,2025.12.18 09:15:00,0,
2025.12.18 09:49:59,scan_executed_new_execution_bar,USDJPY,2025.12.18 09:30:00,0,
2025.12.18 09:54:59,scan_skipped_same_execution_bar,USDJPY,2025.12.18 09:30:00,0,
2025.12.18 10:04:59,scan_executed_new_execution_bar,USDJPY,2025.12.18 09:45:00,0,
2025.12.18 10:09:59,scan_skipped_same_execution_bar,USDJPY,2025.12.18 09:45:00,0,
2025.12.18 10:20:00,scan_executed_new_execution_bar,USDJPY,2025.12.18 10:00:00,31,
2025.12.18 10:24:59,scan_skipped_same_execution_bar,USDJPY,2025.12.18 10:00:00,0,
2025.12.18 10:34:59,scan_executed_new_execution_bar,USDJPY,2025.12.18 10:15:00,15,
2025.12.18 10:39:59,scan_skipped_same_execution_bar,USDJPY,2025.12.18 10:15:00,0,
2025.12.18 10:49:59,scan_executed_new_execution_bar,USDJPY,2025.12.18 10:30:00,0,
2025.12.18 10:54:59,scan_skipped_same_execution_bar,USDJPY,2025.12.18 10:30:00,0,
2025.12.18 11:04:59,scan_executed_new_execution_bar,USDJPY,2025.12.18 10:45:00,0,
2025.12.18 11:09:59,scan_skipped_same_execution_bar,USDJPY,2025.12.18 10:45:00,0,
2025.12.18 11:19:59,scan_executed_new_execution_bar,USDJPY,2025.12.18 11:00:00,0,
2025.12.18 11:24:59,scan_skipped_same_execution_bar,USDJPY,2025.12.18 11:00:00,0,
2025.12.18 11:35:00,scan_executed_new_execution_bar,USDJPY,2025.12.18 11:15:00,0,
2025.12.18 11:39:59,scan_skipped_same_execution_bar,USDJPY,2025.12.18 11:15:00,0,
2025.12.18 11:49:59,scan_executed_new_execution_bar,USDJPY,2025.12.18 11:30:00,0,
2025.12.18 11:54:59,scan_skipped_same_execution_bar,USDJPY,2025.12.18 11:30:00,0,
2025.12.18 12:04:59,scan_executed_new_execution_bar,USDJPY,2025.12.18 11:45:00,0,
2025.12.18 12:09:59,scan_skipped_same_execution_bar,USDJPY,2025.12.18 11:45:00,0,
2025.12.18 12:19:59,scan_executed_new_execution_bar,USDJPY,2025.12.18 12:00:00,0,
2025.12.18 12:24:59,scan_skipped_same_execution_bar,USDJPY,2025.12.18 12:00:00,0,
2025.12.18 12:34:59,scan_executed_new_execution_bar,USDJPY,2025.12.18 12:15:00,15,
2025.12.18 12:39:59,scan_skipped_same_execution_bar,USDJPY,2025.12.18 12:15:00,0,
2025.12.18 12:49:59,scan_executed_new_execution_bar,USDJPY,2025.12.18 12:30:00,32,
2025.12.18 12:54:59,scan_skipped_same_execution_bar,USDJPY,2025.12.18 12:30:00,0,
2025.12.18 13:04:59,scan_executed_new_execution_bar,USDJPY,2025.12.18 12:45:00,0,
2025.12.18 13:09:59,scan_skipped_same_execution_bar,USDJPY,2025.12.18 12:45:00,0,
2025.12.18 13:19:59,scan_executed_new_execution_bar,USDJPY,2025.12.18 13:00:00,0,
2025.12.18 13:24:59,scan_skipped_same_execution_bar,USDJPY,2025.12.18 13:00:00,0,
2025.12.18 13:34:59,scan_executed_new_execution_bar,USDJPY,2025.12.18 13:15:00,0,
2025.12.18 13:39:59,scan_skipped_same_execution_bar,USDJPY,2025.12.18 13:15:00,0,
2025.12.18 13:49:59,scan_executed_new_execution_bar,USDJPY,2025.12.18 13:30:00,0,
2025.12.18 13:54:59,scan_skipped_same_execution_bar,USDJPY,2025.12.18 13:30:00,0,
2025.12.18 14:04:59,scan_executed_new_execution_bar,USDJPY,2025.12.18 13:45:00,0,
2025.12.18 14:09:59,scan_skipped_same_execution_bar,USDJPY,2025.12.18 13:45:00,0,
2025.12.18 14:19:59,scan_executed_new_execution_bar,USDJPY,2025.12.18 14:00:00,0,
2025.12.18 14:24:59,scan_skipped_same_execution_bar,USDJPY,2025.12.18 14:00:00,0,
2025.12.18 14:34:59,scan_executed_new_execution_bar,USDJPY,2025.12.18 14:15:00,0,
2025.12.18 14:39:59,scan_skipped_same_execution_bar,USDJPY,2025.12.18 14:15:00,0,
2025.12.18 14:49:59,scan_executed_new_execution_bar,USDJPY,2025.12.18 14:30:00,0,
2025.12.18 14:54:59,scan_skipped_same_execution_bar,USDJPY,2025.12.18 14:30:00,0,
2025.12.18 15:04:59,scan_executed_new_execution_bar,USDJPY,2025.12.18 14:45:00,0,
2025.12.18 15:09:59,scan_skipped_same_execution_bar,USDJPY,2025.12.18 14:45:00,0,
2025.12.18 15:19:59,scan_executed_new_execution_bar,USDJPY,2025.12.18 15:00:00,0,
2025.12.18 15:24:59,scan_skipped_same_execution_bar,USDJPY,2025.12.18 15:00:00,0,
2025.12.18 15:34:59,scan_executed_new_execution_bar,USDJPY,2025.12.18 15:15:00,0,
2025.12.18 15:39:59,scan_skipped_same_execution_bar,USDJPY,2025.12.18 15:15:00,0,
2025.12.18 15:49:59,scan_executed_new_execution_bar,USDJPY,2025.12.18 15:30:00,0,
2025.12.18 15:54:59,scan_skipped_same_execution_bar,USDJPY,2025.12.18 15:30:00,0,
2025.12.18 16:04:59,scan_executed_new_execution_bar,USDJPY,2025.12.18 15:45:00,16,
2025.12.18 16:09:59,scan_skipped_same_execution_bar,USDJPY,2025.12.18 15:45:00,0,
2025.12.18 16:19:59,scan_executed_new_execution_bar,USDJPY,2025.12.18 16:00:00,47,
2025.12.18 16:24:59,scan_skipped_same_execution_bar,USDJPY,2025.12.18 16:00:00,0,
2025.12.18 16:34:59,scan_executed_new_execution_bar,USDJPY,2025.12.18 16:15:00,31,
2025.12.18 16:39:59,scan_skipped_same_execution_bar,USDJPY,2025.12.18 16:15:00,0,
2025.12.18 16:49:59,scan_executed_new_execution_bar,USDJPY,2025.12.18 16:30:00,31,
2025.12.18 16:54:59,scan_skipped_same_execution_bar,USDJPY,2025.12.18 16:30:00,0,
2025.12.18 17:04:59,scan_executed_new_execution_bar,USDJPY,2025.12.18 16:45:00,31,
2025.12.18 17:09:59,scan_skipped_same_execution_bar,USDJPY,2025.12.18 16:45:00,0,
2025.12.18 17:19:59,scan_executed_new_execution_bar,USDJPY,2025.12.18 17:00:00,0,
2025.12.18 17:24:59,scan_skipped_same_execution_bar,USDJPY,2025.12.18 17:00:00,0,
2025.12.18 17:34:59,scan_executed_new_execution_bar,USDJPY,2025.12.18 17:15:00,47,
2025.12.18 17:39:59,scan_skipped_same_execution_bar,USDJPY,2025.12.18 17:15:00,0,
2025.12.18 17:49:59,scan_executed_new_execution_bar,USDJPY,2025.12.18 17:30:00,15,
2025.12.18 17:54:59,scan_skipped_same_execution_bar,USDJPY,2025.12.18 17:30:00,0,
2025.12.18 18:04:59,scan_executed_new_execution_bar,USDJPY,2025.12.18 17:45:00,16,
2025.12.18 18:09:59,scan_skipped_same_execution_bar,USDJPY,2025.12.18 17:45:00,0,
2025.12.18 18:19:59,scan_executed_new_execution_bar,USDJPY,2025.12.18 18:00:00,31,
2025.12.18 18:24:59,scan_skipped_same_execution_bar,USDJPY,2025.12.18 18:00:00,0,
2025.12.18 18:34:59,scan_executed_new_execution_bar,USDJPY,2025.12.18 18:15:00,16,
2025.12.18 18:39:59,scan_skipped_same_execution_bar,USDJPY,2025.12.18 18:15:00,0,
2025.12.18 18:49:59,scan_executed_new_execution_bar,USDJPY,2025.12.18 18:30:00,16,
2025.12.18 18:54:59,scan_skipped_same_execution_bar,USDJPY,2025.12.18 18:30:00,0,
2025.12.18 19:04:59,scan_executed_new_execution_bar,USDJPY,2025.12.18 18:45:00,16,
2025.12.18 19:09:59,scan_skipped_same_execution_bar,USDJPY,2025.12.18 18:45:00,0,
2025.12.18 19:19:59,scan_executed_new_execution_bar,USDJPY,2025.12.18 19:00:00,0,
2025.12.18 19:24:59,scan_skipped_same_execution_bar,USDJPY,2025.12.18 19:00:00,0,
2025.12.18 19:34:59,scan_executed_new_execution_bar,USDJPY,2025.12.18 19:15:00,0,
2025.12.18 19:39:59,scan_skipped_same_execution_bar,USDJPY,2025.12.18 19:15:00,0,
2025.12.18 19:49:59,scan_executed_new_execution_bar,USDJPY,2025.12.18 19:30:00,32,
2025.12.18 19:54:59,scan_skipped_same_execution_bar,USDJPY,2025.12.18 19:30:00,0,
2025.12.18 20:04:59,scan_executed_new_execution_bar,USDJPY,2025.12.18 19:45:00,0,
2025.12.18 20:09:59,scan_skipped_same_execution_bar,USDJPY,2025.12.18 19:45:00,0,
2025.12.18 20:19:59,scan_executed_new_execution_bar,USDJPY,2025.12.18 20:00:00,15,
2025.12.18 20:24:59,scan_skipped_same_execution_bar,USDJPY,2025.12.18 20:00:00,0,
2025.12.18 20:34:59,scan_executed_new_execution_bar,USDJPY,2025.12.18 20:15:00,0,
2025.12.18 20:39:59,scan_skipped_same_execution_bar,USDJPY,2025.12.18 20:15:00,0,
2025.12.18 20:49:59,scan_executed_new_execution_bar,USDJPY,2025.12.18 20:30:00,0,
2025.12.18 20:54:59,scan_skipped_same_execution_bar,USDJPY,2025.12.18 20:30:00,0,
2025.12.18 21:04:59,scan_executed_new_execution_bar,USDJPY,2025.12.18 20:45:00,0,
2025.12.18 21:10:00,scan_skipped_same_execution_bar,USDJPY,2025.12.18 20:45:00,0,
2025.12.18 21:19:59,scan_executed_new_execution_bar,USDJPY,2025.12.18 21:00:00,0,
2025.12.18 21:24:59,scan_skipped_same_execution_bar,USDJPY,2025.12.18 21:00:00,0,
2025.12.18 21:34:59,scan_executed_new_execution_bar,USDJPY,2025.12.18 21:15:00,16,
2025.12.18 21:39:59,scan_skipped_same_execution_bar,USDJPY,2025.12.18 21:15:00,0,
2025.12.18 21:49:59,scan_executed_new_execution_bar,USDJPY,2025.12.18 21:30:00,0,
2025.12.18 21:54:59,scan_skipped_same_execution_bar,USDJPY,2025.12.18 21:30:00,0,
2025.12.18 22:04:59,scan_executed_new_execution_bar,USDJPY,2025.12.18 21:45:00,0,
2025.12.18 22:09:59,scan_skipped_same_execution_bar,USDJPY,2025.12.18 21:45:00,0,
2025.12.18 22:19:59,scan_executed_new_execution_bar,USDJPY,2025.12.18 22:00:00,0,
2025.12.18 22:24:59,scan_skipped_same_execution_bar,USDJPY,2025.12.18 22:00:00,0,
2025.12.18 22:34:59,scan_executed_new_execution_bar,USDJPY,2025.12.18 22:15:00,0,
2025.12.18 22:39:59,scan_skipped_same_execution_bar,USDJPY,2025.12.18 22:15:00,0,
2025.12.18 22:49:59,scan_executed_new_execution_bar,USDJPY,2025.12.18 22:30:00,0,
2025.12.18 22:54:59,scan_skipped_same_execution_bar,USDJPY,2025.12.18 22:30:00,0,
2025.12.18 23:04:59,scan_executed_new_execution_bar,USDJPY,2025.12.18 22:45:00,0,
2025.12.18 23:09:58,scan_skipped_same_execution_bar,USDJPY,2025.12.18 22:45:00,0,
2025.12.18 23:19:59,scan_executed_new_execution_bar,USDJPY,2025.12.18 23:00:00,0,
2025.12.18 23:24:59,scan_skipped_same_execution_bar,USDJPY,2025.12.18 23:00:00,0,
2025.12.18 23:34:57,scan_executed_new_execution_bar,USDJPY,2025.12.18 23:15:00,0,
2025.12.18 23:39:59,scan_skipped_same_execution_bar,USDJPY,2025.12.18 23:15:00,0,
2025.12.18 23:49:59,scan_executed_new_execution_bar,USDJPY,2025.12.18 23:30:00,0,
2025.12.18 23:54:59,scan_skipped_same_execution_bar,USDJPY,2025.12.18 23:30:00,0,
2025.12.19 00:04:53,scan_executed_new_execution_bar,USDJPY,2025.12.18 23:45:00,0,
2025.12.19 00:09:59,scan_skipped_same_execution_bar,USDJPY,2025.12.18 23:45:00,0,
2025.12.19 00:19:59,scan_executed_new_execution_bar,USDJPY,2025.12.19 00:00:00,0,
2025.12.19 00:24:58,scan_skipped_same_execution_bar,USDJPY,2025.12.19 00:00:00,0,
2025.12.19 00:34:56,scan_executed_new_execution_bar,USDJPY,2025.12.19 00:15:00,0,
2025.12.19 00:39:59,scan_skipped_same_execution_bar,USDJPY,2025.12.19 00:15:00,0,
2025.12.19 00:49:58,scan_executed_new_execution_bar,USDJPY,2025.12.19 00:30:00,0,
2025.12.19 00:54:57,scan_skipped_same_execution_bar,USDJPY,2025.12.19 00:30:00,0,
2025.12.19 01:04:59,scan_executed_new_execution_bar,USDJPY,2025.12.19 00:45:00,0,
2025.12.19 01:09:58,scan_skipped_same_execution_bar,USDJPY,2025.12.19 00:45:00,0,
2025.12.19 01:19:59,scan_executed_new_execution_bar,USDJPY,2025.12.19 01:00:00,0,
2025.12.19 01:24:59,scan_skipped_same_execution_bar,USDJPY,2025.12.19 01:00:00,0,
2025.12.19 01:34:59,scan_executed_new_execution_bar,USDJPY,2025.12.19 01:15:00,0,
2025.12.19 01:39:59,scan_skipped_same_execution_bar,USDJPY,2025.12.19 01:15:00,0,
2025.12.19 01:49:59,scan_executed_new_execution_bar,USDJPY,2025.12.19 01:30:00,0,
2025.12.19 01:54:59,scan_skipped_same_execution_bar,USDJPY,2025.12.19 01:30:00,0,
2025.12.19 02:04:59,scan_executed_new_execution_bar,USDJPY,2025.12.19 01:45:00,0,
2025.12.19 02:09:59,scan_skipped_same_execution_bar,USDJPY,2025.12.19 01:45:00,0,
2025.12.19 02:19:59,scan_executed_new_execution_bar,USDJPY,2025.12.19 02:00:00,0,
2025.12.19 02:24:59,scan_skipped_same_execution_bar,USDJPY,2025.12.19 02:00:00,0,
2025.12.19 02:34:59,scan_executed_new_execution_bar,USDJPY,2025.12.19 02:15:00,0,
2025.12.19 02:39:59,scan_skipped_same_execution_bar,USDJPY,2025.12.19 02:15:00,0,
2025.12.19 02:49:59,scan_executed_new_execution_bar,USDJPY,2025.12.19 02:30:00,0,
2025.12.19 02:54:59,scan_skipped_same_execution_bar,USDJPY,2025.12.19 02:30:00,0,
2025.12.19 03:04:59,scan_executed_new_execution_bar,USDJPY,2025.12.19 02:45:00,0,
2025.12.19 03:09:59,scan_skipped_same_execution_bar,USDJPY,2025.12.19 02:45:00,0,
2025.12.19 03:19:59,scan_executed_new_execution_bar,USDJPY,2025.12.19 03:00:00,0,
2025.12.19 03:24:59,scan_skipped_same_execution_bar,USDJPY,2025.12.19 03:00:00,0,
2025.12.19 03:35:00,scan_executed_new_execution_bar,USDJPY,2025.12.19 03:15:00,0,
2025.12.19 03:39:59,scan_skipped_same_execution_bar,USDJPY,2025.12.19 03:15:00,0,
2025.12.19 03:49:59,scan_executed_new_execution_bar,USDJPY,2025.12.19 03:30:00,0,
2025.12.19 03:54:59,scan_skipped_same_execution_bar,USDJPY,2025.12.19 03:30:00,0,
2025.12.19 04:04:59,scan_executed_new_execution_bar,USDJPY,2025.12.19 03:45:00,0,
2025.12.19 04:09:59,scan_skipped_same_execution_bar,USDJPY,2025.12.19 03:45:00,0,
2025.12.19 04:19:59,scan_executed_new_execution_bar,USDJPY,2025.12.19 04:00:00,0,
2025.12.19 04:24:59,scan_skipped_same_execution_bar,USDJPY,2025.12.19 04:00:00,0,
2025.12.19 04:34:59,scan_executed_new_execution_bar,USDJPY,2025.12.19 04:15:00,0,
2025.12.19 04:39:59,scan_skipped_same_execution_bar,USDJPY,2025.12.19 04:15:00,0,
2025.12.19 04:49:59,scan_executed_new_execution_bar,USDJPY,2025.12.19 04:30:00,0,
2025.12.19 04:55:00,scan_skipped_same_execution_bar,USDJPY,2025.12.19 04:30:00,0,
2025.12.19 05:04:59,scan_executed_new_execution_bar,USDJPY,2025.12.19 04:45:00,0,
2025.12.19 05:09:59,scan_skipped_same_execution_bar,USDJPY,2025.12.19 04:45:00,0,
2025.12.19 05:19:59,scan_executed_new_execution_bar,USDJPY,2025.12.19 05:00:00,0,
2025.12.19 05:24:59,scan_skipped_same_execution_bar,USDJPY,2025.12.19 05:00:00,0,
2025.12.19 05:34:59,scan_executed_new_execution_bar,USDJPY,2025.12.19 05:15:00,0,
2025.12.19 05:39:59,scan_skipped_same_execution_bar,USDJPY,2025.12.19 05:15:00,0,
2025.12.19 05:49:59,scan_executed_new_execution_bar,USDJPY,2025.12.19 05:30:00,0,
2025.12.19 05:54:59,scan_skipped_same_execution_bar,USDJPY,2025.12.19 05:30:00,0,
2025.12.19 06:04:59,scan_executed_new_execution_bar,USDJPY,2025.12.19 05:45:00,16,
2025.12.19 06:09:59,scan_skipped_same_execution_bar,USDJPY,2025.12.19 05:45:00,0,
2025.12.19 06:19:59,scan_executed_new_execution_bar,USDJPY,2025.12.19 06:00:00,0,
2025.12.19 06:24:59,scan_skipped_same_execution_bar,USDJPY,2025.12.19 06:00:00,0,
2025.12.19 06:34:59,scan_executed_new_execution_bar,USDJPY,2025.12.19 06:15:00,0,
2025.12.19 06:39:59,scan_skipped_same_execution_bar,USDJPY,2025.12.19 06:15:00,0,
2025.12.19 06:49:59,scan_executed_new_execution_bar,USDJPY,2025.12.19 06:30:00,0,
2025.12.19 06:54:59,scan_skipped_same_execution_bar,USDJPY,2025.12.19 06:30:00,0,
2025.12.19 07:04:58,scan_executed_new_execution_bar,USDJPY,2025.12.19 06:45:00,0,
2025.12.19 07:09:59,scan_skipped_same_execution_bar,USDJPY,2025.12.19 06:45:00,0,
2025.12.19 07:19:59,scan_executed_new_execution_bar,USDJPY,2025.12.19 07:00:00,15,
2025.12.19 07:24:59,scan_skipped_same_execution_bar,USDJPY,2025.12.19 07:00:00,0,
2025.12.19 07:34:59,scan_executed_new_execution_bar,USDJPY,2025.12.19 07:15:00,31,
2025.12.19 07:39:59,scan_skipped_same_execution_bar,USDJPY,2025.12.19 07:15:00,0,
2025.12.19 07:49:59,scan_executed_new_execution_bar,USDJPY,2025.12.19 07:30:00,0,
2025.12.19 07:54:59,scan_skipped_same_execution_bar,USDJPY,2025.12.19 07:30:00,0,
2025.12.19 08:04:59,scan_executed_new_execution_bar,USDJPY,2025.12.19 07:45:00,16,
2025.12.19 08:09:59,scan_skipped_same_execution_bar,USDJPY,2025.12.19 07:45:00,0,
2025.12.19 08:19:59,scan_executed_new_execution_bar,USDJPY,2025.12.19 08:00:00,0,
2025.12.19 08:24:59,scan_skipped_same_execution_bar,USDJPY,2025.12.19 08:00:00,0,
2025.12.19 08:34:59,scan_executed_new_execution_bar,USDJPY,2025.12.19 08:15:00,16,
2025.12.19 08:39:59,scan_skipped_same_execution_bar,USDJPY,2025.12.19 08:15:00,0,
2025.12.19 08:49:59,scan_executed_new_execution_bar,USDJPY,2025.12.19 08:30:00,0,
2025.12.19 08:54:59,scan_skipped_same_execution_bar,USDJPY,2025.12.19 08:30:00,0,
2025.12.19 09:04:59,scan_executed_new_execution_bar,USDJPY,2025.12.19 08:45:00,47,
2025.12.19 09:09:59,scan_skipped_same_execution_bar,USDJPY,2025.12.19 08:45:00,0,
2025.12.19 09:19:59,scan_executed_new_execution_bar,USDJPY,2025.12.19 09:00:00,0,
2025.12.19 09:24:59,scan_skipped_same_execution_bar,USDJPY,2025.12.19 09:00:00,0,
2025.12.19 09:34:59,scan_executed_new_execution_bar,USDJPY,2025.12.19 09:15:00,63,
2025.12.19 09:39:59,scan_skipped_same_execution_bar,USDJPY,2025.12.19 09:15:00,0,
2025.12.19 09:49:59,scan_executed_new_execution_bar,USDJPY,2025.12.19 09:30:00,0,
2025.12.19 09:54:59,scan_skipped_same_execution_bar,USDJPY,2025.12.19 09:30:00,0,
2025.12.19 10:04:59,scan_executed_new_execution_bar,USDJPY,2025.12.19 09:45:00,0,
2025.12.19 10:09:59,scan_skipped_same_execution_bar,USDJPY,2025.12.19 09:45:00,0,
2025.12.19 10:19:59,scan_executed_new_execution_bar,USDJPY,2025.12.19 10:00:00,0,
2025.12.19 10:24:59,scan_skipped_same_execution_bar,USDJPY,2025.12.19 10:00:00,0,
2025.12.19 10:34:59,scan_executed_new_execution_bar,USDJPY,2025.12.19 10:15:00,0,
2025.12.19 10:39:59,scan_skipped_same_execution_bar,USDJPY,2025.12.19 10:15:00,0,
2025.12.19 10:49:59,scan_executed_new_execution_bar,USDJPY,2025.12.19 10:30:00,0,
2025.12.19 10:54:59,scan_skipped_same_execution_bar,USDJPY,2025.12.19 10:30:00,0,
2025.12.19 11:04:59,scan_executed_new_execution_bar,USDJPY,2025.12.19 10:45:00,0,
2025.12.19 11:09:59,scan_skipped_same_execution_bar,USDJPY,2025.12.19 10:45:00,0,
2025.12.19 11:19:59,scan_executed_new_execution_bar,USDJPY,2025.12.19 11:00:00,0,
2025.12.19 11:24:59,scan_skipped_same_execution_bar,USDJPY,2025.12.19 11:00:00,0,
2025.12.19 11:34:59,scan_executed_new_execution_bar,USDJPY,2025.12.19 11:15:00,0,
2025.12.19 11:39:59,scan_skipped_same_execution_bar,USDJPY,2025.12.19 11:15:00,0,
2025.12.19 11:49:59,scan_executed_new_execution_bar,USDJPY,2025.12.19 11:30:00,0,
2025.12.19 11:54:59,scan_skipped_same_execution_bar,USDJPY,2025.12.19 11:30:00,0,
2025.12.19 12:04:59,scan_executed_new_execution_bar,USDJPY,2025.12.19 11:45:00,0,
2025.12.19 12:09:59,scan_skipped_same_execution_bar,USDJPY,2025.12.19 11:45:00,0,
2025.12.19 12:19:59,scan_executed_new_execution_bar,USDJPY,2025.12.19 12:00:00,0,
2025.12.19 12:24:59,scan_skipped_same_execution_bar,USDJPY,2025.12.19 12:00:00,0,
2025.12.19 12:34:59,scan_executed_new_execution_bar,USDJPY,2025.12.19 12:15:00,0,
2025.12.19 12:39:59,scan_skipped_same_execution_bar,USDJPY,2025.12.19 12:15:00,0,
2025.12.19 12:49:59,scan_executed_new_execution_bar,USDJPY,2025.12.19 12:30:00,0,
2025.12.19 12:54:59,scan_skipped_same_execution_bar,USDJPY,2025.12.19 12:30:00,0,
2025.12.19 13:04:59,scan_executed_new_execution_bar,USDJPY,2025.12.19 12:45:00,0,
2025.12.19 13:09:59,scan_skipped_same_execution_bar,USDJPY,2025.12.19 12:45:00,0,
2025.12.19 13:19:59,scan_executed_new_execution_bar,USDJPY,2025.12.19 13:00:00,0,
2025.12.19 13:24:59,scan_skipped_same_execution_bar,USDJPY,2025.12.19 13:00:00,0,
2025.12.19 13:34:59,scan_executed_new_execution_bar,USDJPY,2025.12.19 13:15:00,46,
2025.12.19 13:39:59,scan_skipped_same_execution_bar,USDJPY,2025.12.19 13:15:00,0,
2025.12.19 13:49:59,scan_executed_new_execution_bar,USDJPY,2025.12.19 13:30:00,16,
2025.12.19 13:54:59,scan_skipped_same_execution_bar,USDJPY,2025.12.19 13:30:00,0,
2025.12.19 14:04:59,scan_executed_new_execution_bar,USDJPY,2025.12.19 13:45:00,0,
2025.12.19 14:09:59,scan_skipped_same_execution_bar,USDJPY,2025.12.19 13:45:00,0,
2025.12.19 14:19:59,scan_executed_new_execution_bar,USDJPY,2025.12.19 14:00:00,31,
2025.12.19 14:24:59,scan_skipped_same_execution_bar,USDJPY,2025.12.19 14:00:00,0,
2025.12.19 14:34:59,scan_executed_new_execution_bar,USDJPY,2025.12.19 14:15:00,0,
2025.12.19 14:39:59,scan_skipped_same_execution_bar,USDJPY,2025.12.19 14:15:00,0,
2025.12.19 14:49:59,scan_executed_new_execution_bar,USDJPY,2025.12.19 14:30:00,0,
2025.12.19 14:54:59,scan_skipped_same_execution_bar,USDJPY,2025.12.19 14:30:00,0,
2025.12.19 15:04:59,scan_executed_new_execution_bar,USDJPY,2025.12.19 14:45:00,16,
2025.12.19 15:09:59,scan_skipped_same_execution_bar,USDJPY,2025.12.19 14:45:00,0,
2025.12.19 15:19:59,scan_executed_new_execution_bar,USDJPY,2025.12.19 15:00:00,0,
2025.12.19 15:24:59,scan_skipped_same_execution_bar,USDJPY,2025.12.19 15:00:00,0,
2025.12.19 15:34:59,scan_executed_new_execution_bar,USDJPY,2025.12.19 15:15:00,16,
2025.12.19 15:39:59,scan_skipped_same_execution_bar,USDJPY,2025.12.19 15:15:00,0,
2025.12.19 15:49:59,scan_executed_new_execution_bar,USDJPY,2025.12.19 15:30:00,0,
2025.12.19 15:54:59,scan_skipped_same_execution_bar,USDJPY,2025.12.19 15:30:00,0,
2025.12.19 16:04:59,scan_executed_new_execution_bar,USDJPY,2025.12.19 15:45:00,0,
2025.12.19 16:09:59,scan_skipped_same_execution_bar,USDJPY,2025.12.19 15:45:00,0,
2025.12.19 16:19:59,scan_executed_new_execution_bar,USDJPY,2025.12.19 16:00:00,0,
2025.12.19 16:24:59,scan_skipped_same_execution_bar,USDJPY,2025.12.19 16:00:00,0,
2025.12.19 16:34:59,scan_executed_new_execution_bar,USDJPY,2025.12.19 16:15:00,16,
2025.12.19 16:39:59,scan_skipped_same_execution_bar,USDJPY,2025.12.19 16:15:00,0,
2025.12.19 16:49:59,scan_executed_new_execution_bar,USDJPY,2025.12.19 16:30:00,0,
2025.12.19 16:54:59,scan_skipped_same_execution_bar,USDJPY,2025.12.19 16:30:00,0,
2025.12.19 17:04:59,scan_executed_new_execution_bar,USDJPY,2025.12.19 16:45:00,0,
2025.12.19 17:09:59,scan_skipped_same_execution_bar,USDJPY,2025.12.19 16:45:00,0,
2025.12.19 17:19:59,scan_executed_new_execution_bar,USDJPY,2025.12.19 17:00:00,0,
2025.12.19 17:24:59,scan_skipped_same_execution_bar,USDJPY,2025.12.19 17:00:00,0,
2025.12.19 17:34:59,scan_executed_new_execution_bar,USDJPY,2025.12.19 17:15:00,16,
2025.12.19 17:39:59,scan_skipped_same_execution_bar,USDJPY,2025.12.19 17:15:00,0,
2025.12.19 17:49:59,scan_executed_new_execution_bar,USDJPY,2025.12.19 17:30:00,0,
2025.12.19 17:54:59,scan_skipped_same_execution_bar,USDJPY,2025.12.19 17:30:00,0,
2025.12.19 18:04:59,scan_executed_new_execution_bar,USDJPY,2025.12.19 17:45:00,16,
2025.12.19 18:09:59,scan_skipped_same_execution_bar,USDJPY,2025.12.19 17:45:00,0,
2025.12.19 18:19:59,scan_executed_new_execution_bar,USDJPY,2025.12.19 18:00:00,0,
2025.12.19 18:24:59,scan_skipped_same_execution_bar,USDJPY,2025.12.19 18:00:00,0,
2025.12.19 18:34:59,scan_executed_new_execution_bar,USDJPY,2025.12.19 18:15:00,0,
2025.12.19 18:39:59,scan_skipped_same_execution_bar,USDJPY,2025.12.19 18:15:00,0,
2025.12.19 18:49:59,scan_executed_new_execution_bar,USDJPY,2025.12.19 18:30:00,0,
2025.12.19 18:54:59,scan_skipped_same_execution_bar,USDJPY,2025.12.19 18:30:00,0,
2025.12.19 19:04:59,scan_executed_new_execution_bar,USDJPY,2025.12.19 18:45:00,0,
2025.12.19 19:09:59,scan_skipped_same_execution_bar,USDJPY,2025.12.19 18:45:00,0,
2025.12.19 19:19:59,scan_executed_new_execution_bar,USDJPY,2025.12.19 19:00:00,0,
2025.12.19 19:24:59,scan_skipped_same_execution_bar,USDJPY,2025.12.19 19:00:00,0,
2025.12.19 19:34:59,scan_executed_new_execution_bar,USDJPY,2025.12.19 19:15:00,0,
2025.12.19 19:39:59,scan_skipped_same_execution_bar,USDJPY,2025.12.19 19:15:00,0,
2025.12.19 19:49:59,scan_executed_new_execution_bar,USDJPY,2025.12.19 19:30:00,0,
2025.12.19 19:54:59,scan_skipped_same_execution_bar,USDJPY,2025.12.19 19:30:00,0,
2025.12.19 20:04:59,scan_executed_new_execution_bar,USDJPY,2025.12.19 19:45:00,16,
2025.12.19 20:09:59,scan_skipped_same_execution_bar,USDJPY,2025.12.19 19:45:00,0,
2025.12.19 20:19:59,scan_executed_new_execution_bar,USDJPY,2025.12.19 20:00:00,0,
2025.12.19 20:24:59,scan_skipped_same_execution_bar,USDJPY,2025.12.19 20:00:00,0,
2025.12.19 20:34:59,scan_executed_new_execution_bar,USDJPY,2025.12.19 20:15:00,0,
2025.12.19 20:39:59,scan_skipped_same_execution_bar,USDJPY,2025.12.19 20:15:00,0,
2025.12.19 20:49:59,scan_executed_new_execution_bar,USDJPY,2025.12.19 20:30:00,0,
2025.12.19 20:54:59,scan_skipped_same_execution_bar,USDJPY,2025.12.19 20:30:00,0,
2025.12.19 21:04:59,scan_executed_new_execution_bar,USDJPY,2025.12.19 20:45:00,0,
2025.12.19 21:09:59,scan_skipped_same_execution_bar,USDJPY,2025.12.19 20:45:00,0,
2025.12.19 21:19:59,scan_executed_new_execution_bar,USDJPY,2025.12.19 21:00:00,0,
2025.12.19 21:24:59,scan_skipped_same_execution_bar,USDJPY,2025.12.19 21:00:00,0,
2025.12.19 21:34:59,scan_executed_new_execution_bar,USDJPY,2025.12.19 21:15:00,0,
2025.12.19 21:39:59,scan_skipped_same_execution_bar,USDJPY,2025.12.19 21:15:00,0,
2025.12.19 21:49:59,scan_executed_new_execution_bar,USDJPY,2025.12.19 21:30:00,0,
2025.12.19 21:54:59,scan_skipped_same_execution_bar,USDJPY,2025.12.19 21:30:00,0,
2025.12.19 22:04:59,scan_executed_new_execution_bar,USDJPY,2025.12.19 21:45:00,0,
2025.12.19 22:10:00,scan_skipped_same_execution_bar,USDJPY,2025.12.19 21:45:00,0,
2025.12.19 22:19:59,scan_executed_new_execution_bar,USDJPY,2025.12.19 22:00:00,0,
2025.12.19 22:24:59,scan_skipped_same_execution_bar,USDJPY,2025.12.19 22:00:00,0,
2025.12.19 22:34:58,scan_executed_new_execution_bar,USDJPY,2025.12.19 22:15:00,0,
2025.12.19 22:39:59,scan_skipped_same_execution_bar,USDJPY,2025.12.19 22:15:00,0,
2025.12.19 22:49:59,scan_executed_new_execution_bar,USDJPY,2025.12.19 22:30:00,31,
2025.12.19 22:54:59,scan_skipped_same_execution_bar,USDJPY,2025.12.19 22:30:00,0,
2025.12.19 23:04:58,scan_executed_new_execution_bar,USDJPY,2025.12.19 22:45:00,16,
2025.12.19 23:09:59,scan_skipped_same_execution_bar,USDJPY,2025.12.19 22:45:00,0,
2025.12.19 23:19:59,scan_executed_new_execution_bar,USDJPY,2025.12.19 23:00:00,0,
2025.12.19 23:24:59,scan_skipped_same_execution_bar,USDJPY,2025.12.19 23:00:00,0,
2025.12.19 23:34:56,scan_executed_new_execution_bar,USDJPY,2025.12.19 23:15:00,0,
2025.12.19 23:39:59,scan_skipped_same_execution_bar,USDJPY,2025.12.19 23:15:00,0,
2025.12.19 23:49:59,scan_executed_new_execution_bar,USDJPY,2025.12.19 23:30:00,0,
2025.12.19 23:54:59,scan_skipped_same_execution_bar,USDJPY,2025.12.19 23:30:00,0,
2025.12.22 00:04:59,scan_executed_new_execution_bar,USDJPY,2025.12.19 23:45:00,0,
2025.12.22 00:09:59,scan_skipped_same_execution_bar,USDJPY,2025.12.19 23:45:00,0,
2025.12.22 00:19:55,scan_executed_new_execution_bar,USDJPY,2025.12.22 00:00:00,0,
2025.12.22 00:24:58,scan_skipped_same_execution_bar,USDJPY,2025.12.22 00:00:00,0,
2025.12.22 00:34:59,scan_executed_new_execution_bar,USDJPY,2025.12.22 00:15:00,0,
2025.12.22 00:39:59,scan_skipped_same_execution_bar,USDJPY,2025.12.22 00:15:00,0,
2025.12.22 00:49:59,scan_executed_new_execution_bar,USDJPY,2025.12.22 00:30:00,0,
2025.12.22 00:54:59,scan_skipped_same_execution_bar,USDJPY,2025.12.22 00:30:00,0,
2025.12.22 01:04:59,scan_executed_new_execution_bar,USDJPY,2025.12.22 00:45:00,0,
2025.12.22 01:09:59,scan_skipped_same_execution_bar,USDJPY,2025.12.22 00:45:00,0,
2025.12.22 01:19:59,scan_executed_new_execution_bar,USDJPY,2025.12.22 01:00:00,15,
2025.12.22 01:24:59,scan_skipped_same_execution_bar,USDJPY,2025.12.22 01:00:00,0,
2025.12.22 01:34:59,scan_executed_new_execution_bar,USDJPY,2025.12.22 01:15:00,0,
2025.12.22 01:39:59,scan_skipped_same_execution_bar,USDJPY,2025.12.22 01:15:00,0,
2025.12.22 01:49:59,scan_executed_new_execution_bar,USDJPY,2025.12.22 01:30:00,0,
2025.12.22 01:54:59,scan_skipped_same_execution_bar,USDJPY,2025.12.22 01:30:00,0,
2025.12.22 02:05:00,scan_executed_new_execution_bar,USDJPY,2025.12.22 01:45:00,16,
2025.12.22 02:09:59,scan_skipped_same_execution_bar,USDJPY,2025.12.22 01:45:00,0,
2025.12.22 02:19:59,scan_executed_new_execution_bar,USDJPY,2025.12.22 02:00:00,15,
2025.12.22 02:24:59,scan_skipped_same_execution_bar,USDJPY,2025.12.22 02:00:00,0,
2025.12.22 02:34:59,scan_executed_new_execution_bar,USDJPY,2025.12.22 02:15:00,0,
2025.12.22 02:39:58,scan_skipped_same_execution_bar,USDJPY,2025.12.22 02:15:00,0,
2025.12.22 02:49:59,scan_executed_new_execution_bar,USDJPY,2025.12.22 02:30:00,31,
2025.12.22 02:54:59,scan_skipped_same_execution_bar,USDJPY,2025.12.22 02:30:00,0,
2025.12.22 03:04:59,scan_executed_new_execution_bar,USDJPY,2025.12.22 02:45:00,0,
2025.12.22 03:09:59,scan_skipped_same_execution_bar,USDJPY,2025.12.22 02:45:00,0,
2025.12.22 03:19:59,scan_executed_new_execution_bar,USDJPY,2025.12.22 03:00:00,15,
2025.12.22 03:24:59,scan_skipped_same_execution_bar,USDJPY,2025.12.22 03:00:00,0,
2025.12.22 03:34:59,scan_executed_new_execution_bar,USDJPY,2025.12.22 03:15:00,0,
2025.12.22 03:39:59,scan_skipped_same_execution_bar,USDJPY,2025.12.22 03:15:00,0,
2025.12.22 03:49:59,scan_executed_new_execution_bar,USDJPY,2025.12.22 03:30:00,0,
2025.12.22 03:54:59,scan_skipped_same_execution_bar,USDJPY,2025.12.22 03:30:00,0,
2025.12.22 04:04:59,scan_executed_new_execution_bar,USDJPY,2025.12.22 03:45:00,0,
2025.12.22 04:09:59,scan_skipped_same_execution_bar,USDJPY,2025.12.22 03:45:00,0,
2025.12.22 04:19:59,scan_executed_new_execution_bar,USDJPY,2025.12.22 04:00:00,0,
2025.12.22 04:24:59,scan_skipped_same_execution_bar,USDJPY,2025.12.22 04:00:00,0,
2025.12.22 04:34:59,scan_executed_new_execution_bar,USDJPY,2025.12.22 04:15:00,31,
2025.12.22 04:39:59,scan_skipped_same_execution_bar,USDJPY,2025.12.22 04:15:00,0,
2025.12.22 04:49:59,scan_executed_new_execution_bar,USDJPY,2025.12.22 04:30:00,15,
2025.12.22 04:54:59,scan_skipped_same_execution_bar,USDJPY,2025.12.22 04:30:00,0,
2025.12.22 05:05:00,scan_executed_new_execution_bar,USDJPY,2025.12.22 04:45:00,16,
2025.12.22 05:09:59,scan_skipped_same_execution_bar,USDJPY,2025.12.22 04:45:00,0,
2025.12.22 05:19:59,scan_executed_new_execution_bar,USDJPY,2025.12.22 05:00:00,16,
2025.12.22 05:24:59,scan_skipped_same_execution_bar,USDJPY,2025.12.22 05:00:00,0,
2025.12.22 05:34:59,scan_executed_new_execution_bar,USDJPY,2025.12.22 05:15:00,0,
2025.12.22 05:39:59,scan_skipped_same_execution_bar,USDJPY,2025.12.22 05:15:00,0,
2025.12.22 05:49:59,scan_executed_new_execution_bar,USDJPY,2025.12.22 05:30:00,0,
2025.12.22 05:54:59,scan_skipped_same_execution_bar,USDJPY,2025.12.22 05:30:00,0,
2025.12.22 06:04:59,scan_executed_new_execution_bar,USDJPY,2025.12.22 05:45:00,0,
2025.12.22 06:09:59,scan_skipped_same_execution_bar,USDJPY,2025.12.22 05:45:00,0,
2025.12.22 06:19:59,scan_executed_new_execution_bar,USDJPY,2025.12.22 06:00:00,0,
2025.12.22 06:24:59,scan_skipped_same_execution_bar,USDJPY,2025.12.22 06:00:00,0,
2025.12.22 06:34:59,scan_executed_new_execution_bar,USDJPY,2025.12.22 06:15:00,0,
2025.12.22 06:39:57,scan_skipped_same_execution_bar,USDJPY,2025.12.22 06:15:00,0,
2025.12.22 06:49:59,scan_executed_new_execution_bar,USDJPY,2025.12.22 06:30:00,0,
2025.12.22 06:54:59,scan_skipped_same_execution_bar,USDJPY,2025.12.22 06:30:00,0,
2025.12.22 07:04:59,scan_executed_new_execution_bar,USDJPY,2025.12.22 06:45:00,15,
2025.12.22 07:09:59,scan_skipped_same_execution_bar,USDJPY,2025.12.22 06:45:00,0,
2025.12.22 07:19:59,scan_executed_new_execution_bar,USDJPY,2025.12.22 07:00:00,0,
2025.12.22 07:24:59,scan_skipped_same_execution_bar,USDJPY,2025.12.22 07:00:00,0,
2025.12.22 07:35:00,scan_executed_new_execution_bar,USDJPY,2025.12.22 07:15:00,16,
2025.12.22 07:39:59,scan_skipped_same_execution_bar,USDJPY,2025.12.22 07:15:00,0,
2025.12.22 07:49:59,scan_executed_new_execution_bar,USDJPY,2025.12.22 07:30:00,0,
2025.12.22 07:55:00,scan_skipped_same_execution_bar,USDJPY,2025.12.22 07:30:00,0,
2025.12.22 08:05:00,scan_executed_new_execution_bar,USDJPY,2025.12.22 07:45:00,0,
2025.12.22 08:09:59,scan_skipped_same_execution_bar,USDJPY,2025.12.22 07:45:00,0,
2025.12.22 08:19:59,scan_executed_new_execution_bar,USDJPY,2025.12.22 08:00:00,0,
2025.12.22 08:24:59,scan_skipped_same_execution_bar,USDJPY,2025.12.22 08:00:00,0,
2025.12.22 08:34:59,scan_executed_new_execution_bar,USDJPY,2025.12.22 08:15:00,0,
2025.12.22 08:39:59,scan_skipped_same_execution_bar,USDJPY,2025.12.22 08:15:00,0,
2025.12.22 08:49:59,scan_executed_new_execution_bar,USDJPY,2025.12.22 08:30:00,0,
2025.12.22 08:54:59,scan_skipped_same_execution_bar,USDJPY,2025.12.22 08:30:00,0,
2025.12.22 09:04:59,scan_executed_new_execution_bar,USDJPY,2025.12.22 08:45:00,0,
2025.12.22 09:09:59,scan_skipped_same_execution_bar,USDJPY,2025.12.22 08:45:00,0,
2025.12.22 09:19:59,scan_executed_new_execution_bar,USDJPY,2025.12.22 09:00:00,0,
2025.12.22 09:24:59,scan_skipped_same_execution_bar,USDJPY,2025.12.22 09:00:00,0,
2025.12.22 09:34:59,scan_executed_new_execution_bar,USDJPY,2025.12.22 09:15:00,0,
2025.12.22 09:39:59,scan_skipped_same_execution_bar,USDJPY,2025.12.22 09:15:00,0,
2025.12.22 09:50:00,scan_executed_new_execution_bar,USDJPY,2025.12.22 09:30:00,0,
2025.12.22 09:54:59,scan_skipped_same_execution_bar,USDJPY,2025.12.22 09:30:00,0,
2025.12.22 10:04:59,scan_executed_new_execution_bar,USDJPY,2025.12.22 09:45:00,0,
2025.12.22 10:09:59,scan_skipped_same_execution_bar,USDJPY,2025.12.22 09:45:00,0,
2025.12.22 10:19:59,scan_executed_new_execution_bar,USDJPY,2025.12.22 10:00:00,16,
2025.12.22 10:24:59,scan_skipped_same_execution_bar,USDJPY,2025.12.22 10:00:00,0,
2025.12.22 10:34:59,scan_executed_new_execution_bar,USDJPY,2025.12.22 10:15:00,0,
2025.12.22 10:39:59,scan_skipped_same_execution_bar,USDJPY,2025.12.22 10:15:00,0,
2025.12.22 10:49:59,scan_executed_new_execution_bar,USDJPY,2025.12.22 10:30:00,0,
2025.12.22 10:54:59,scan_skipped_same_execution_bar,USDJPY,2025.12.22 10:30:00,0,
2025.12.22 11:04:59,scan_executed_new_execution_bar,USDJPY,2025.12.22 10:45:00,0,
2025.12.22 11:09:59,scan_skipped_same_execution_bar,USDJPY,2025.12.22 10:45:00,0,
2025.12.22 11:19:59,scan_executed_new_execution_bar,USDJPY,2025.12.22 11:00:00,16,
2025.12.22 11:24:59,scan_skipped_same_execution_bar,USDJPY,2025.12.22 11:00:00,0,
2025.12.22 11:34:59,scan_executed_new_execution_bar,USDJPY,2025.12.22 11:15:00,0,
2025.12.22 11:39:59,scan_skipped_same_execution_bar,USDJPY,2025.12.22 11:15:00,0,
2025.12.22 11:49:59,scan_executed_new_execution_bar,USDJPY,2025.12.22 11:30:00,16,
2025.12.22 11:55:00,scan_skipped_same_execution_bar,USDJPY,2025.12.22 11:30:00,0,
2025.12.22 12:04:59,scan_executed_new_execution_bar,USDJPY,2025.12.22 11:45:00,0,
2025.12.22 12:09:59,scan_skipped_same_execution_bar,USDJPY,2025.12.22 11:45:00,0,
2025.12.22 12:19:59,scan_executed_new_execution_bar,USDJPY,2025.12.22 12:00:00,0,
2025.12.22 12:24:59,scan_skipped_same_execution_bar,USDJPY,2025.12.22 12:00:00,0,
2025.12.22 12:34:59,scan_executed_new_execution_bar,USDJPY,2025.12.22 12:15:00,15,
2025.12.22 12:39:59,scan_skipped_same_execution_bar,USDJPY,2025.12.22 12:15:00,0,
2025.12.22 12:49:59,scan_executed_new_execution_bar,USDJPY,2025.12.22 12:30:00,16,
2025.12.22 12:54:56,scan_skipped_same_execution_bar,USDJPY,2025.12.22 12:30:00,0,
2025.12.22 13:04:59,scan_executed_new_execution_bar,USDJPY,2025.12.22 12:45:00,0,
2025.12.22 13:09:59,scan_skipped_same_execution_bar,USDJPY,2025.12.22 12:45:00,0,
2025.12.22 13:19:59,scan_executed_new_execution_bar,USDJPY,2025.12.22 13:00:00,15,
2025.12.22 13:24:59,scan_skipped_same_execution_bar,USDJPY,2025.12.22 13:00:00,0,
2025.12.22 13:34:58,scan_executed_new_execution_bar,USDJPY,2025.12.22 13:15:00,0,
2025.12.22 13:39:59,scan_skipped_same_execution_bar,USDJPY,2025.12.22 13:15:00,0,
2025.12.22 13:49:59,scan_executed_new_execution_bar,USDJPY,2025.12.22 13:30:00,16,
2025.12.22 13:54:59,scan_skipped_same_execution_bar,USDJPY,2025.12.22 13:30:00,0,
2025.12.22 14:04:59,scan_executed_new_execution_bar,USDJPY,2025.12.22 13:45:00,0,
2025.12.22 14:09:59,scan_skipped_same_execution_bar,USDJPY,2025.12.22 13:45:00,0,
2025.12.22 14:19:59,scan_executed_new_execution_bar,USDJPY,2025.12.22 14:00:00,16,
2025.12.22 14:24:59,scan_skipped_same_execution_bar,USDJPY,2025.12.22 14:00:00,0,
2025.12.22 14:34:59,scan_executed_new_execution_bar,USDJPY,2025.12.22 14:15:00,0,
2025.12.22 14:39:59,scan_skipped_same_execution_bar,USDJPY,2025.12.22 14:15:00,0,
2025.12.22 14:49:59,scan_executed_new_execution_bar,USDJPY,2025.12.22 14:30:00,0,
2025.12.22 14:54:59,scan_skipped_same_execution_bar,USDJPY,2025.12.22 14:30:00,0,
2025.12.22 15:04:59,scan_executed_new_execution_bar,USDJPY,2025.12.22 14:45:00,0,
2025.12.22 15:09:59,scan_skipped_same_execution_bar,USDJPY,2025.12.22 14:45:00,0,
2025.12.22 15:19:59,scan_executed_new_execution_bar,USDJPY,2025.12.22 15:00:00,0,
2025.12.22 15:24:59,scan_skipped_same_execution_bar,USDJPY,2025.12.22 15:00:00,0,
2025.12.22 15:34:59,scan_executed_new_execution_bar,USDJPY,2025.12.22 15:15:00,0,
2025.12.22 15:39:59,scan_skipped_same_execution_bar,USDJPY,2025.12.22 15:15:00,0,
2025.12.22 15:49:59,scan_executed_new_execution_bar,USDJPY,2025.12.22 15:30:00,0,
2025.12.22 15:54:59,scan_skipped_same_execution_bar,USDJPY,2025.12.22 15:30:00,0,
2025.12.22 16:04:59,scan_executed_new_execution_bar,USDJPY,2025.12.22 15:45:00,16,
2025.12.22 16:09:59,scan_skipped_same_execution_bar,USDJPY,2025.12.22 15:45:00,0,
2025.12.22 16:19:59,scan_executed_new_execution_bar,USDJPY,2025.12.22 16:00:00,0,
2025.12.22 16:24:59,scan_skipped_same_execution_bar,USDJPY,2025.12.22 16:00:00,0,
2025.12.22 16:34:59,scan_executed_new_execution_bar,USDJPY,2025.12.22 16:15:00,0,
2025.12.22 16:39:59,scan_skipped_same_execution_bar,USDJPY,2025.12.22 16:15:00,0,
2025.12.22 16:49:59,scan_executed_new_execution_bar,USDJPY,2025.12.22 16:30:00,0,
2025.12.22 16:54:59,scan_skipped_same_execution_bar,USDJPY,2025.12.22 16:30:00,0,
2025.12.22 17:04:59,scan_executed_new_execution_bar,USDJPY,2025.12.22 16:45:00,31,
2025.12.22 17:09:59,scan_skipped_same_execution_bar,USDJPY,2025.12.22 16:45:00,0,
2025.12.22 17:19:59,scan_executed_new_execution_bar,USDJPY,2025.12.22 17:00:00,0,
2025.12.22 17:24:59,scan_skipped_same_execution_bar,USDJPY,2025.12.22 17:00:00,0,
2025.12.22 17:34:58,scan_executed_new_execution_bar,USDJPY,2025.12.22 17:15:00,15,
2025.12.22 17:39:59,scan_skipped_same_execution_bar,USDJPY,2025.12.22 17:15:00,0,
2025.12.22 17:49:59,scan_executed_new_execution_bar,USDJPY,2025.12.22 17:30:00,0,
2025.12.22 17:54:59,scan_skipped_same_execution_bar,USDJPY,2025.12.22 17:30:00,0,
2025.12.22 18:04:59,scan_executed_new_execution_bar,USDJPY,2025.12.22 17:45:00,0,
2025.12.22 18:09:59,scan_skipped_same_execution_bar,USDJPY,2025.12.22 17:45:00,0,
2025.12.22 18:20:00,scan_executed_new_execution_bar,USDJPY,2025.12.22 18:00:00,16,
2025.12.22 18:24:59,scan_skipped_same_execution_bar,USDJPY,2025.12.22 18:00:00,0,
2025.12.22 18:34:59,scan_executed_new_execution_bar,USDJPY,2025.12.22 18:15:00,47,
2025.12.22 18:39:59,scan_skipped_same_execution_bar,USDJPY,2025.12.22 18:15:00,0,
2025.12.22 18:49:59,scan_executed_new_execution_bar,USDJPY,2025.12.22 18:30:00,0,
2025.12.22 18:54:59,scan_skipped_same_execution_bar,USDJPY,2025.12.22 18:30:00,0,
2025.12.22 19:04:59,scan_executed_new_execution_bar,USDJPY,2025.12.22 18:45:00,0,
2025.12.22 19:09:59,scan_skipped_same_execution_bar,USDJPY,2025.12.22 18:45:00,0,
2025.12.22 19:19:58,scan_executed_new_execution_bar,USDJPY,2025.12.22 19:00:00,0,
2025.12.22 19:24:59,scan_skipped_same_execution_bar,USDJPY,2025.12.22 19:00:00,0,
2025.12.22 19:34:59,scan_executed_new_execution_bar,USDJPY,2025.12.22 19:15:00,0,
2025.12.22 19:39:59,scan_skipped_same_execution_bar,USDJPY,2025.12.22 19:15:00,0,
2025.12.22 19:49:59,scan_executed_new_execution_bar,USDJPY,2025.12.22 19:30:00,0,
2025.12.22 19:54:59,scan_skipped_same_execution_bar,USDJPY,2025.12.22 19:30:00,0,
2025.12.22 20:04:59,scan_executed_new_execution_bar,USDJPY,2025.12.22 19:45:00,0,
2025.12.22 20:09:59,scan_skipped_same_execution_bar,USDJPY,2025.12.22 19:45:00,0,
2025.12.22 20:19:59,scan_executed_new_execution_bar,USDJPY,2025.12.22 20:00:00,16,
2025.12.22 20:24:59,scan_skipped_same_execution_bar,USDJPY,2025.12.22 20:00:00,0,
2025.12.22 20:34:57,scan_executed_new_execution_bar,USDJPY,2025.12.22 20:15:00,0,
2025.12.22 20:39:58,scan_skipped_same_execution_bar,USDJPY,2025.12.22 20:15:00,0,
2025.12.22 20:49:59,scan_executed_new_execution_bar,USDJPY,2025.12.22 20:30:00,0,
2025.12.22 20:55:00,scan_skipped_same_execution_bar,USDJPY,2025.12.22 20:30:00,0,
2025.12.22 21:04:59,scan_executed_new_execution_bar,USDJPY,2025.12.22 20:45:00,0,
2025.12.22 21:09:59,scan_skipped_same_execution_bar,USDJPY,2025.12.22 20:45:00,0,
2025.12.22 21:19:59,scan_executed_new_execution_bar,USDJPY,2025.12.22 21:00:00,0,
2025.12.22 21:24:55,scan_skipped_same_execution_bar,USDJPY,2025.12.22 21:00:00,0,
2025.12.22 21:35:00,scan_executed_new_execution_bar,USDJPY,2025.12.22 21:15:00,0,
2025.12.22 21:39:57,scan_skipped_same_execution_bar,USDJPY,2025.12.22 21:15:00,0,
2025.12.22 21:49:59,scan_executed_new_execution_bar,USDJPY,2025.12.22 21:30:00,0,
2025.12.22 21:54:59,scan_skipped_same_execution_bar,USDJPY,2025.12.22 21:30:00,0,
2025.12.22 22:04:59,scan_executed_new_execution_bar,USDJPY,2025.12.22 21:45:00,0,
2025.12.22 22:09:59,scan_skipped_same_execution_bar,USDJPY,2025.12.22 21:45:00,0,
2025.12.22 22:19:59,scan_executed_new_execution_bar,USDJPY,2025.12.22 22:00:00,0,
2025.12.22 22:24:59,scan_skipped_same_execution_bar,USDJPY,2025.12.22 22:00:00,0,
2025.12.22 22:34:59,scan_executed_new_execution_bar,USDJPY,2025.12.22 22:15:00,0,
2025.12.22 22:39:58,scan_skipped_same_execution_bar,USDJPY,2025.12.22 22:15:00,0,
2025.12.22 22:49:59,scan_executed_new_execution_bar,USDJPY,2025.12.22 22:30:00,0,
2025.12.22 22:54:59,scan_skipped_same_execution_bar,USDJPY,2025.12.22 22:30:00,0,
2025.12.22 23:04:59,scan_executed_new_execution_bar,USDJPY,2025.12.22 22:45:00,0,
2025.12.22 23:09:59,scan_skipped_same_execution_bar,USDJPY,2025.12.22 22:45:00,0,
2025.12.22 23:19:59,scan_executed_new_execution_bar,USDJPY,2025.12.22 23:00:00,0,
2025.12.22 23:24:58,scan_skipped_same_execution_bar,USDJPY,2025.12.22 23:00:00,0,
2025.12.22 23:34:59,scan_executed_new_execution_bar,USDJPY,2025.12.22 23:15:00,0,
2025.12.22 23:39:59,scan_skipped_same_execution_bar,USDJPY,2025.12.22 23:15:00,0,
2025.12.22 23:49:59,scan_executed_new_execution_bar,USDJPY,2025.12.22 23:30:00,0,
2025.12.22 23:54:59,scan_skipped_same_execution_bar,USDJPY,2025.12.22 23:30:00,0,
2025.12.23 00:04:50,scan_executed_new_execution_bar,USDJPY,2025.12.22 23:45:00,0,
2025.12.23 00:09:59,scan_skipped_same_execution_bar,USDJPY,2025.12.22 23:45:00,0,
2025.12.23 00:19:59,scan_executed_new_execution_bar,USDJPY,2025.12.23 00:00:00,0,
2025.12.23 00:24:59,scan_skipped_same_execution_bar,USDJPY,2025.12.23 00:00:00,0,
2025.12.23 00:34:59,scan_executed_new_execution_bar,USDJPY,2025.12.23 00:15:00,0,
2025.12.23 00:39:59,scan_skipped_same_execution_bar,USDJPY,2025.12.23 00:15:00,0,
2025.12.23 00:49:57,scan_executed_new_execution_bar,USDJPY,2025.12.23 00:30:00,0,
2025.12.23 00:54:58,scan_skipped_same_execution_bar,USDJPY,2025.12.23 00:30:00,0,
2025.12.23 01:04:59,scan_executed_new_execution_bar,USDJPY,2025.12.23 00:45:00,0,
2025.12.23 01:09:59,scan_skipped_same_execution_bar,USDJPY,2025.12.23 00:45:00,0,
2025.12.23 01:19:58,scan_executed_new_execution_bar,USDJPY,2025.12.23 01:00:00,0,
2025.12.23 01:24:59,scan_skipped_same_execution_bar,USDJPY,2025.12.23 01:00:00,0,
2025.12.23 01:34:59,scan_executed_new_execution_bar,USDJPY,2025.12.23 01:15:00,0,
2025.12.23 01:39:59,scan_skipped_same_execution_bar,USDJPY,2025.12.23 01:15:00,0,
2025.12.23 01:49:59,scan_executed_new_execution_bar,USDJPY,2025.12.23 01:30:00,0,
2025.12.23 01:54:59,scan_skipped_same_execution_bar,USDJPY,2025.12.23 01:30:00,0,
2025.12.23 02:04:59,scan_executed_new_execution_bar,USDJPY,2025.12.23 01:45:00,0,
2025.12.23 02:09:59,scan_skipped_same_execution_bar,USDJPY,2025.12.23 01:45:00,0,
2025.12.23 02:19:55,scan_executed_new_execution_bar,USDJPY,2025.12.23 02:00:00,0,
2025.12.23 02:24:59,scan_skipped_same_execution_bar,USDJPY,2025.12.23 02:00:00,0,
2025.12.23 02:34:59,scan_executed_new_execution_bar,USDJPY,2025.12.23 02:15:00,0,
2025.12.23 02:39:57,scan_skipped_same_execution_bar,USDJPY,2025.12.23 02:15:00,0,
2025.12.23 02:49:58,scan_executed_new_execution_bar,USDJPY,2025.12.23 02:30:00,0,
2025.12.23 02:55:00,scan_skipped_same_execution_bar,USDJPY,2025.12.23 02:30:00,0,
2025.12.23 03:04:59,scan_executed_new_execution_bar,USDJPY,2025.12.23 02:45:00,0,
2025.12.23 03:09:57,scan_skipped_same_execution_bar,USDJPY,2025.12.23 02:45:00,0,
2025.12.23 03:19:59,scan_executed_new_execution_bar,USDJPY,2025.12.23 03:00:00,0,
2025.12.23 03:25:00,scan_skipped_same_execution_bar,USDJPY,2025.12.23 03:00:00,0,
2025.12.23 03:34:59,scan_executed_new_execution_bar,USDJPY,2025.12.23 03:15:00,0,
2025.12.23 03:39:59,scan_skipped_same_execution_bar,USDJPY,2025.12.23 03:15:00,0,
2025.12.23 03:49:59,scan_executed_new_execution_bar,USDJPY,2025.12.23 03:30:00,0,
2025.12.23 03:54:59,scan_skipped_same_execution_bar,USDJPY,2025.12.23 03:30:00,0,
2025.12.23 04:04:58,scan_executed_new_execution_bar,USDJPY,2025.12.23 03:45:00,0,
2025.12.23 04:09:59,scan_skipped_same_execution_bar,USDJPY,2025.12.23 03:45:00,0,
2025.12.23 04:19:57,scan_executed_new_execution_bar,USDJPY,2025.12.23 04:00:00,16,
2025.12.23 04:24:59,scan_skipped_same_execution_bar,USDJPY,2025.12.23 04:00:00,0,
2025.12.23 04:34:59,scan_executed_new_execution_bar,USDJPY,2025.12.23 04:15:00,0,
2025.12.23 04:39:59,scan_skipped_same_execution_bar,USDJPY,2025.12.23 04:15:00,0,
2025.12.23 04:49:59,scan_executed_new_execution_bar,USDJPY,2025.12.23 04:30:00,0,
2025.12.23 04:54:59,scan_skipped_same_execution_bar,USDJPY,2025.12.23 04:30:00,0,
2025.12.23 05:04:59,scan_executed_new_execution_bar,USDJPY,2025.12.23 04:45:00,16,
2025.12.23 05:09:59,scan_skipped_same_execution_bar,USDJPY,2025.12.23 04:45:00,0,
2025.12.23 05:19:59,scan_executed_new_execution_bar,USDJPY,2025.12.23 05:00:00,0,
2025.12.23 05:24:59,scan_skipped_same_execution_bar,USDJPY,2025.12.23 05:00:00,0,
2025.12.23 05:34:59,scan_executed_new_execution_bar,USDJPY,2025.12.23 05:15:00,0,
2025.12.23 05:39:59,scan_skipped_same_execution_bar,USDJPY,2025.12.23 05:15:00,0,
2025.12.23 05:49:59,scan_executed_new_execution_bar,USDJPY,2025.12.23 05:30:00,0,
2025.12.23 05:54:59,scan_skipped_same_execution_bar,USDJPY,2025.12.23 05:30:00,0,
2025.12.23 06:04:59,scan_executed_new_execution_bar,USDJPY,2025.12.23 05:45:00,0,
2025.12.23 06:09:59,scan_skipped_same_execution_bar,USDJPY,2025.12.23 05:45:00,0,
2025.12.23 06:19:59,scan_executed_new_execution_bar,USDJPY,2025.12.23 06:00:00,0,
2025.12.23 06:24:58,scan_skipped_same_execution_bar,USDJPY,2025.12.23 06:00:00,0,
2025.12.23 06:34:59,scan_executed_new_execution_bar,USDJPY,2025.12.23 06:15:00,47,
2025.12.23 06:39:59,scan_skipped_same_execution_bar,USDJPY,2025.12.23 06:15:00,0,
2025.12.23 06:49:59,scan_executed_new_execution_bar,USDJPY,2025.12.23 06:30:00,0,
2025.12.23 06:54:59,scan_skipped_same_execution_bar,USDJPY,2025.12.23 06:30:00,0,
2025.12.23 07:04:59,scan_executed_new_execution_bar,USDJPY,2025.12.23 06:45:00,0,
2025.12.23 07:09:58,scan_skipped_same_execution_bar,USDJPY,2025.12.23 06:45:00,0,
2025.12.23 07:19:59,scan_executed_new_execution_bar,USDJPY,2025.12.23 07:00:00,0,
2025.12.23 07:24:59,scan_skipped_same_execution_bar,USDJPY,2025.12.23 07:00:00,0,
2025.12.23 07:34:59,scan_executed_new_execution_bar,USDJPY,2025.12.23 07:15:00,0,
2025.12.23 07:39:59,scan_skipped_same_execution_bar,USDJPY,2025.12.23 07:15:00,0,
2025.12.23 07:49:59,scan_executed_new_execution_bar,USDJPY,2025.12.23 07:30:00,47,
2025.12.23 07:54:59,scan_skipped_same_execution_bar,USDJPY,2025.12.23 07:30:00,0,
2025.12.23 08:04:59,scan_executed_new_execution_bar,USDJPY,2025.12.23 07:45:00,31,
2025.12.23 08:09:59,scan_skipped_same_execution_bar,USDJPY,2025.12.23 07:45:00,0,
2025.12.23 08:19:59,scan_executed_new_execution_bar,USDJPY,2025.12.23 08:00:00,31,
2025.12.23 08:24:54,scan_skipped_same_execution_bar,USDJPY,2025.12.23 08:00:00,0,
2025.12.23 08:34:59,scan_executed_new_execution_bar,USDJPY,2025.12.23 08:15:00,0,
2025.12.23 08:39:59,scan_skipped_same_execution_bar,USDJPY,2025.12.23 08:15:00,0,
2025.12.23 08:49:59,scan_executed_new_execution_bar,USDJPY,2025.12.23 08:30:00,0,
2025.12.23 08:54:59,scan_skipped_same_execution_bar,USDJPY,2025.12.23 08:30:00,0,
2025.12.23 09:04:59,scan_executed_new_execution_bar,USDJPY,2025.12.23 08:45:00,16,
2025.12.23 09:09:59,scan_skipped_same_execution_bar,USDJPY,2025.12.23 08:45:00,0,
2025.12.23 09:19:59,scan_executed_new_execution_bar,USDJPY,2025.12.23 09:00:00,0,
2025.12.23 09:24:59,scan_skipped_same_execution_bar,USDJPY,2025.12.23 09:00:00,0,
2025.12.23 09:34:59,scan_executed_new_execution_bar,USDJPY,2025.12.23 09:15:00,0,
2025.12.23 09:39:59,scan_skipped_same_execution_bar,USDJPY,2025.12.23 09:15:00,0,
2025.12.23 09:49:59,scan_executed_new_execution_bar,USDJPY,2025.12.23 09:30:00,0,
2025.12.23 09:54:59,scan_skipped_same_execution_bar,USDJPY,2025.12.23 09:30:00,0,
2025.12.23 10:04:59,scan_executed_new_execution_bar,USDJPY,2025.12.23 09:45:00,0,
2025.12.23 10:09:59,scan_skipped_same_execution_bar,USDJPY,2025.12.23 09:45:00,0,
2025.12.23 10:20:00,scan_executed_new_execution_bar,USDJPY,2025.12.23 10:00:00,0,
2025.12.23 10:24:59,scan_skipped_same_execution_bar,USDJPY,2025.12.23 10:00:00,0,
2025.12.23 10:34:59,scan_executed_new_execution_bar,USDJPY,2025.12.23 10:15:00,0,
2025.12.23 10:39:59,scan_skipped_same_execution_bar,USDJPY,2025.12.23 10:15:00,0,
2025.12.23 10:49:59,scan_executed_new_execution_bar,USDJPY,2025.12.23 10:30:00,0,
2025.12.23 10:55:00,scan_skipped_same_execution_bar,USDJPY,2025.12.23 10:30:00,0,
2025.12.23 11:04:59,scan_executed_new_execution_bar,USDJPY,2025.12.23 10:45:00,0,
2025.12.23 11:09:59,scan_skipped_same_execution_bar,USDJPY,2025.12.23 10:45:00,0,
2025.12.23 11:20:00,scan_executed_new_execution_bar,USDJPY,2025.12.23 11:00:00,0,
2025.12.23 11:24:59,scan_skipped_same_execution_bar,USDJPY,2025.12.23 11:00:00,0,
2025.12.23 11:34:59,scan_executed_new_execution_bar,USDJPY,2025.12.23 11:15:00,16,
2025.12.23 11:39:59,scan_skipped_same_execution_bar,USDJPY,2025.12.23 11:15:00,0,
2025.12.23 11:49:59,scan_executed_new_execution_bar,USDJPY,2025.12.23 11:30:00,0,
2025.12.23 11:54:59,scan_skipped_same_execution_bar,USDJPY,2025.12.23 11:30:00,0,
2025.12.23 12:04:59,scan_executed_new_execution_bar,USDJPY,2025.12.23 11:45:00,16,
2025.12.23 12:09:59,scan_skipped_same_execution_bar,USDJPY,2025.12.23 11:45:00,0,
2025.12.23 12:19:59,scan_executed_new_execution_bar,USDJPY,2025.12.23 12:00:00,0,
2025.12.23 12:24:59,scan_skipped_same_execution_bar,USDJPY,2025.12.23 12:00:00,0,
2025.12.23 12:34:59,scan_executed_new_execution_bar,USDJPY,2025.12.23 12:15:00,0,
2025.12.23 12:39:59,scan_skipped_same_execution_bar,USDJPY,2025.12.23 12:15:00,0,
2025.12.23 12:49:59,scan_executed_new_execution_bar,USDJPY,2025.12.23 12:30:00,0,
2025.12.23 12:54:59,scan_skipped_same_execution_bar,USDJPY,2025.12.23 12:30:00,0,
2025.12.23 13:04:59,scan_executed_new_execution_bar,USDJPY,2025.12.23 12:45:00,0,
2025.12.23 13:09:59,scan_skipped_same_execution_bar,USDJPY,2025.12.23 12:45:00,0,
2025.12.23 13:19:59,scan_executed_new_execution_bar,USDJPY,2025.12.23 13:00:00,15,
2025.12.23 13:25:00,scan_skipped_same_execution_bar,USDJPY,2025.12.23 13:00:00,0,
2025.12.23 13:34:59,scan_executed_new_execution_bar,USDJPY,2025.12.23 13:15:00,16,
2025.12.23 13:39:59,scan_skipped_same_execution_bar,USDJPY,2025.12.23 13:15:00,0,
2025.12.23 13:49:59,scan_executed_new_execution_bar,USDJPY,2025.12.23 13:30:00,0,
2025.12.23 13:54:58,scan_skipped_same_execution_bar,USDJPY,2025.12.23 13:30:00,0,
2025.12.23 14:04:59,scan_executed_new_execution_bar,USDJPY,2025.12.23 13:45:00,0,
2025.12.23 14:09:59,scan_skipped_same_execution_bar,USDJPY,2025.12.23 13:45:00,0,
2025.12.23 14:19:59,scan_executed_new_execution_bar,USDJPY,2025.12.23 14:00:00,0,
2025.12.23 14:24:59,scan_skipped_same_execution_bar,USDJPY,2025.12.23 14:00:00,0,
2025.12.23 14:34:59,scan_executed_new_execution_bar,USDJPY,2025.12.23 14:15:00,0,
2025.12.23 14:39:59,scan_skipped_same_execution_bar,USDJPY,2025.12.23 14:15:00,0,
2025.12.23 14:49:59,scan_executed_new_execution_bar,USDJPY,2025.12.23 14:30:00,16,
2025.12.23 14:54:59,scan_skipped_same_execution_bar,USDJPY,2025.12.23 14:30:00,0,
2025.12.23 15:04:59,scan_executed_new_execution_bar,USDJPY,2025.12.23 14:45:00,0,
2025.12.23 15:09:59,scan_skipped_same_execution_bar,USDJPY,2025.12.23 14:45:00,0,
2025.12.23 15:15:00,scan_executed_new_execution_bar,USDJPY,2025.12.23 15:00:00,0,
2025.12.23 15:19:59,scan_skipped_same_execution_bar,USDJPY,2025.12.23 15:00:00,0,
2025.12.23 15:34:59,scan_executed_new_execution_bar,USDJPY,2025.12.23 15:15:00,0,
2025.12.23 15:39:59,scan_skipped_same_execution_bar,USDJPY,2025.12.23 15:15:00,0,
2025.12.23 15:49:59,scan_executed_new_execution_bar,USDJPY,2025.12.23 15:30:00,0,
2025.12.23 15:54:59,scan_skipped_same_execution_bar,USDJPY,2025.12.23 15:30:00,0,
2025.12.23 16:04:59,scan_executed_new_execution_bar,USDJPY,2025.12.23 15:45:00,0,
2025.12.23 16:09:59,scan_skipped_same_execution_bar,USDJPY,2025.12.23 15:45:00,0,
2025.12.23 16:19:59,scan_executed_new_execution_bar,USDJPY,2025.12.23 16:00:00,0,
2025.12.23 16:24:59,scan_skipped_same_execution_bar,USDJPY,2025.12.23 16:00:00,0,
2025.12.23 16:34:59,scan_executed_new_execution_bar,USDJPY,2025.12.23 16:15:00,15,
2025.12.23 16:39:59,scan_skipped_same_execution_bar,USDJPY,2025.12.23 16:15:00,0,
2025.12.23 16:49:59,scan_executed_new_execution_bar,USDJPY,2025.12.23 16:30:00,0,
2025.12.23 16:54:59,scan_skipped_same_execution_bar,USDJPY,2025.12.23 16:30:00,0,
2025.12.23 17:04:59,scan_executed_new_execution_bar,USDJPY,2025.12.23 16:45:00,0,
2025.12.23 17:09:59,scan_skipped_same_execution_bar,USDJPY,2025.12.23 16:45:00,0,
2025.12.23 17:19:59,scan_executed_new_execution_bar,USDJPY,2025.12.23 17:00:00,16,
2025.12.23 17:24:59,scan_skipped_same_execution_bar,USDJPY,2025.12.23 17:00:00,0,
2025.12.23 17:34:59,scan_executed_new_execution_bar,USDJPY,2025.12.23 17:15:00,15,
2025.12.23 17:39:59,scan_skipped_same_execution_bar,USDJPY,2025.12.23 17:15:00,0,
2025.12.23 17:49:59,scan_executed_new_execution_bar,USDJPY,2025.12.23 17:30:00,0,
2025.12.23 17:54:59,scan_skipped_same_execution_bar,USDJPY,2025.12.23 17:30:00,0,
2025.12.23 18:04:59,scan_executed_new_execution_bar,USDJPY,2025.12.23 17:45:00,0,
2025.12.23 18:09:59,scan_skipped_same_execution_bar,USDJPY,2025.12.23 17:45:00,0,
2025.12.23 18:19:59,scan_executed_new_execution_bar,USDJPY,2025.12.23 18:00:00,0,
2025.12.23 18:24:59,scan_skipped_same_execution_bar,USDJPY,2025.12.23 18:00:00,0,
2025.12.23 18:34:59,scan_executed_new_execution_bar,USDJPY,2025.12.23 18:15:00,0,
2025.12.23 18:39:59,scan_skipped_same_execution_bar,USDJPY,2025.12.23 18:15:00,0,
2025.12.23 18:49:59,scan_executed_new_execution_bar,USDJPY,2025.12.23 18:30:00,0,
2025.12.23 18:54:59,scan_skipped_same_execution_bar,USDJPY,2025.12.23 18:30:00,0,
2025.12.23 19:04:59,scan_executed_new_execution_bar,USDJPY,2025.12.23 18:45:00,0,
2025.12.23 19:09:59,scan_skipped_same_execution_bar,USDJPY,2025.12.23 18:45:00,0,
2025.12.23 19:19:59,scan_executed_new_execution_bar,USDJPY,2025.12.23 19:00:00,0,
2025.12.23 19:24:59,scan_skipped_same_execution_bar,USDJPY,2025.12.23 19:00:00,0,
2025.12.23 19:34:59,scan_executed_new_execution_bar,USDJPY,2025.12.23 19:15:00,16,
2025.12.23 19:39:59,scan_skipped_same_execution_bar,USDJPY,2025.12.23 19:15:00,0,
2025.12.23 19:49:59,scan_executed_new_execution_bar,USDJPY,2025.12.23 19:30:00,0,
2025.12.23 19:54:59,scan_skipped_same_execution_bar,USDJPY,2025.12.23 19:30:00,0,
2025.12.23 20:04:59,scan_executed_new_execution_bar,USDJPY,2025.12.23 19:45:00,0,
2025.12.23 20:09:59,scan_skipped_same_execution_bar,USDJPY,2025.12.23 19:45:00,0,
2025.12.23 20:19:59,scan_executed_new_execution_bar,USDJPY,2025.12.23 20:00:00,0,
2025.12.23 20:24:59,scan_skipped_same_execution_bar,USDJPY,2025.12.23 20:00:00,0,
2025.12.23 20:34:59,scan_executed_new_execution_bar,USDJPY,2025.12.23 20:15:00,0,
2025.12.23 20:39:59,scan_skipped_same_execution_bar,USDJPY,2025.12.23 20:15:00,0,
2025.12.23 20:49:59,scan_executed_new_execution_bar,USDJPY,2025.12.23 20:30:00,16,
2025.12.23 20:54:59,scan_skipped_same_execution_bar,USDJPY,2025.12.23 20:30:00,0,
2025.12.23 21:04:59,scan_executed_new_execution_bar,USDJPY,2025.12.23 20:45:00,16,
2025.12.23 21:09:59,scan_skipped_same_execution_bar,USDJPY,2025.12.23 20:45:00,0,
2025.12.23 21:19:59,scan_executed_new_execution_bar,USDJPY,2025.12.23 21:00:00,0,
2025.12.23 21:24:59,scan_skipped_same_execution_bar,USDJPY,2025.12.23 21:00:00,0,
2025.12.23 21:34:59,scan_executed_new_execution_bar,USDJPY,2025.12.23 21:15:00,0,
2025.12.23 21:39:59,scan_skipped_same_execution_bar,USDJPY,2025.12.23 21:15:00,0,
2025.12.23 21:49:59,scan_executed_new_execution_bar,USDJPY,2025.12.23 21:30:00,0,
2025.12.23 21:54:59,scan_skipped_same_execution_bar,USDJPY,2025.12.23 21:30:00,0,
2025.12.23 22:04:59,scan_executed_new_execution_bar,USDJPY,2025.12.23 21:45:00,0,
2025.12.23 22:10:00,scan_skipped_same_execution_bar,USDJPY,2025.12.23 21:45:00,0,
2025.12.23 22:19:59,scan_executed_new_execution_bar,USDJPY,2025.12.23 22:00:00,0,
2025.12.23 22:24:59,scan_skipped_same_execution_bar,USDJPY,2025.12.23 22:00:00,0,
2025.12.23 22:34:59,scan_executed_new_execution_bar,USDJPY,2025.12.23 22:15:00,0,
2025.12.23 22:39:59,scan_skipped_same_execution_bar,USDJPY,2025.12.23 22:15:00,0,
2025.12.23 22:49:59,scan_executed_new_execution_bar,USDJPY,2025.12.23 22:30:00,0,
2025.12.23 22:54:58,scan_skipped_same_execution_bar,USDJPY,2025.12.23 22:30:00,0,
2025.12.23 23:04:59,scan_executed_new_execution_bar,USDJPY,2025.12.23 22:45:00,0,
2025.12.23 23:09:59,scan_skipped_same_execution_bar,USDJPY,2025.12.23 22:45:00,0,
2025.12.23 23:19:59,scan_executed_new_execution_bar,USDJPY,2025.12.23 23:00:00,0,
2025.12.23 23:24:59,scan_skipped_same_execution_bar,USDJPY,2025.12.23 23:00:00,0,
2025.12.23 23:34:59,scan_executed_new_execution_bar,USDJPY,2025.12.23 23:15:00,0,
2025.12.23 23:39:59,scan_skipped_same_execution_bar,USDJPY,2025.12.23 23:15:00,0,
2025.12.23 23:49:59,scan_executed_new_execution_bar,USDJPY,2025.12.23 23:30:00,0,
2025.12.23 23:54:59,scan_skipped_same_execution_bar,USDJPY,2025.12.23 23:30:00,0,
2025.12.24 00:04:54,scan_executed_new_execution_bar,USDJPY,2025.12.23 23:45:00,0,
2025.12.24 00:09:59,scan_skipped_same_execution_bar,USDJPY,2025.12.23 23:45:00,0,
2025.12.24 00:19:59,scan_executed_new_execution_bar,USDJPY,2025.12.24 00:00:00,0,
2025.12.24 00:24:59,scan_skipped_same_execution_bar,USDJPY,2025.12.24 00:00:00,0,
2025.12.24 00:34:58,scan_executed_new_execution_bar,USDJPY,2025.12.24 00:15:00,0,
2025.12.24 00:39:59,scan_skipped_same_execution_bar,USDJPY,2025.12.24 00:15:00,0,
2025.12.24 00:49:55,scan_executed_new_execution_bar,USDJPY,2025.12.24 00:30:00,0,
2025.12.24 00:54:58,scan_skipped_same_execution_bar,USDJPY,2025.12.24 00:30:00,0,
2025.12.24 01:04:59,scan_executed_new_execution_bar,USDJPY,2025.12.24 00:45:00,0,
2025.12.24 01:09:59,scan_skipped_same_execution_bar,USDJPY,2025.12.24 00:45:00,0,
2025.12.24 01:19:59,scan_executed_new_execution_bar,USDJPY,2025.12.24 01:00:00,0,
2025.12.24 01:24:59,scan_skipped_same_execution_bar,USDJPY,2025.12.24 01:00:00,0,
2025.12.24 01:34:55,scan_executed_new_execution_bar,USDJPY,2025.12.24 01:15:00,0,
2025.12.24 01:39:59,scan_skipped_same_execution_bar,USDJPY,2025.12.24 01:15:00,0,
2025.12.24 01:49:59,scan_executed_new_execution_bar,USDJPY,2025.12.24 01:30:00,0,
2025.12.24 01:54:58,scan_skipped_same_execution_bar,USDJPY,2025.12.24 01:30:00,0,
2025.12.24 02:04:59,scan_executed_new_execution_bar,USDJPY,2025.12.24 01:45:00,0,
2025.12.24 02:09:59,scan_skipped_same_execution_bar,USDJPY,2025.12.24 01:45:00,0,
2025.12.24 02:19:59,scan_executed_new_execution_bar,USDJPY,2025.12.24 02:00:00,0,
2025.12.24 02:24:59,scan_skipped_same_execution_bar,USDJPY,2025.12.24 02:00:00,0,
2025.12.24 02:34:59,scan_executed_new_execution_bar,USDJPY,2025.12.24 02:15:00,0,
2025.12.24 02:39:59,scan_skipped_same_execution_bar,USDJPY,2025.12.24 02:15:00,0,
2025.12.24 02:49:59,scan_executed_new_execution_bar,USDJPY,2025.12.24 02:30:00,0,
2025.12.24 02:54:59,scan_skipped_same_execution_bar,USDJPY,2025.12.24 02:30:00,0,
2025.12.24 03:04:59,scan_executed_new_execution_bar,USDJPY,2025.12.24 02:45:00,0,
2025.12.24 03:09:59,scan_skipped_same_execution_bar,USDJPY,2025.12.24 02:45:00,0,
2025.12.24 03:19:59,scan_executed_new_execution_bar,USDJPY,2025.12.24 03:00:00,31,
2025.12.24 03:24:59,scan_skipped_same_execution_bar,USDJPY,2025.12.24 03:00:00,0,
2025.12.24 03:34:59,scan_executed_new_execution_bar,USDJPY,2025.12.24 03:15:00,0,
2025.12.24 03:39:59,scan_skipped_same_execution_bar,USDJPY,2025.12.24 03:15:00,0,
2025.12.24 03:49:59,scan_executed_new_execution_bar,USDJPY,2025.12.24 03:30:00,0,
2025.12.24 03:54:59,scan_skipped_same_execution_bar,USDJPY,2025.12.24 03:30:00,0,
2025.12.24 04:04:59,scan_executed_new_execution_bar,USDJPY,2025.12.24 03:45:00,0,
2025.12.24 04:09:59,scan_skipped_same_execution_bar,USDJPY,2025.12.24 03:45:00,0,
2025.12.24 04:19:59,scan_executed_new_execution_bar,USDJPY,2025.12.24 04:00:00,15,
2025.12.24 04:24:59,scan_skipped_same_execution_bar,USDJPY,2025.12.24 04:00:00,0,
2025.12.24 04:34:59,scan_executed_new_execution_bar,USDJPY,2025.12.24 04:15:00,16,
2025.12.24 04:39:59,scan_skipped_same_execution_bar,USDJPY,2025.12.24 04:15:00,0,
2025.12.24 04:49:59,scan_executed_new_execution_bar,USDJPY,2025.12.24 04:30:00,16,
2025.12.24 04:54:59,scan_skipped_same_execution_bar,USDJPY,2025.12.24 04:30:00,0,
2025.12.24 05:04:59,scan_executed_new_execution_bar,USDJPY,2025.12.24 04:45:00,0,
2025.12.24 05:09:59,scan_skipped_same_execution_bar,USDJPY,2025.12.24 04:45:00,0,
2025.12.24 05:19:59,scan_executed_new_execution_bar,USDJPY,2025.12.24 05:00:00,31,
2025.12.24 05:24:59,scan_skipped_same_execution_bar,USDJPY,2025.12.24 05:00:00,0,
2025.12.24 05:34:59,scan_executed_new_execution_bar,USDJPY,2025.12.24 05:15:00,32,
2025.12.24 05:39:59,scan_skipped_same_execution_bar,USDJPY,2025.12.24 05:15:00,0,
2025.12.24 05:49:59,scan_executed_new_execution_bar,USDJPY,2025.12.24 05:30:00,31,
2025.12.24 05:54:59,scan_skipped_same_execution_bar,USDJPY,2025.12.24 05:30:00,0,
2025.12.24 06:04:59,scan_executed_new_execution_bar,USDJPY,2025.12.24 05:45:00,16,
2025.12.24 06:09:59,scan_skipped_same_execution_bar,USDJPY,2025.12.24 05:45:00,0,
2025.12.24 06:19:59,scan_executed_new_execution_bar,USDJPY,2025.12.24 06:00:00,0,
2025.12.24 06:24:59,scan_skipped_same_execution_bar,USDJPY,2025.12.24 06:00:00,0,
2025.12.24 06:34:59,scan_executed_new_execution_bar,USDJPY,2025.12.24 06:15:00,0,
2025.12.24 06:39:59,scan_skipped_same_execution_bar,USDJPY,2025.12.24 06:15:00,0,
2025.12.24 06:49:59,scan_executed_new_execution_bar,USDJPY,2025.12.24 06:30:00,0,
2025.12.24 06:54:59,scan_skipped_same_execution_bar,USDJPY,2025.12.24 06:30:00,0,
2025.12.24 07:04:59,scan_executed_new_execution_bar,USDJPY,2025.12.24 06:45:00,0,
2025.12.24 07:09:59,scan_skipped_same_execution_bar,USDJPY,2025.12.24 06:45:00,0,
2025.12.24 07:19:59,scan_executed_new_execution_bar,USDJPY,2025.12.24 07:00:00,0,
2025.12.24 07:24:59,scan_skipped_same_execution_bar,USDJPY,2025.12.24 07:00:00,0,
2025.12.24 07:34:59,scan_executed_new_execution_bar,USDJPY,2025.12.24 07:15:00,0,
2025.12.24 07:39:59,scan_skipped_same_execution_bar,USDJPY,2025.12.24 07:15:00,0,
2025.12.24 07:49:59,scan_executed_new_execution_bar,USDJPY,2025.12.24 07:30:00,0,
2025.12.24 07:54:59,scan_skipped_same_execution_bar,USDJPY,2025.12.24 07:30:00,0,
2025.12.24 08:04:59,scan_executed_new_execution_bar,USDJPY,2025.12.24 07:45:00,0,
2025.12.24 08:09:59,scan_skipped_same_execution_bar,USDJPY,2025.12.24 07:45:00,0,
2025.12.24 08:19:59,scan_executed_new_execution_bar,USDJPY,2025.12.24 08:00:00,0,
2025.12.24 08:24:59,scan_skipped_same_execution_bar,USDJPY,2025.12.24 08:00:00,0,
2025.12.24 08:34:59,scan_executed_new_execution_bar,USDJPY,2025.12.24 08:15:00,16,
2025.12.24 08:39:59,scan_skipped_same_execution_bar,USDJPY,2025.12.24 08:15:00,0,
2025.12.24 08:49:59,scan_executed_new_execution_bar,USDJPY,2025.12.24 08:30:00,15,
2025.12.24 08:54:59,scan_skipped_same_execution_bar,USDJPY,2025.12.24 08:30:00,0,
2025.12.24 09:04:59,scan_executed_new_execution_bar,USDJPY,2025.12.24 08:45:00,0,
2025.12.24 09:09:59,scan_skipped_same_execution_bar,USDJPY,2025.12.24 08:45:00,0,
2025.12.24 09:19:59,scan_executed_new_execution_bar,USDJPY,2025.12.24 09:00:00,0,
2025.12.24 09:24:59,scan_skipped_same_execution_bar,USDJPY,2025.12.24 09:00:00,0,
2025.12.24 09:34:59,scan_executed_new_execution_bar,USDJPY,2025.12.24 09:15:00,0,
2025.12.24 09:39:59,scan_skipped_same_execution_bar,USDJPY,2025.12.24 09:15:00,0,
2025.12.24 09:49:59,scan_executed_new_execution_bar,USDJPY,2025.12.24 09:30:00,0,
2025.12.24 09:54:59,scan_skipped_same_execution_bar,USDJPY,2025.12.24 09:30:00,0,
2025.12.24 10:04:59,scan_executed_new_execution_bar,USDJPY,2025.12.24 09:45:00,0,
2025.12.24 10:09:59,scan_skipped_same_execution_bar,USDJPY,2025.12.24 09:45:00,0,
2025.12.24 10:19:59,scan_executed_new_execution_bar,USDJPY,2025.12.24 10:00:00,0,
2025.12.24 10:24:59,scan_skipped_same_execution_bar,USDJPY,2025.12.24 10:00:00,0,
2025.12.24 10:34:59,scan_executed_new_execution_bar,USDJPY,2025.12.24 10:15:00,0,
2025.12.24 10:39:59,scan_skipped_same_execution_bar,USDJPY,2025.12.24 10:15:00,0,
2025.12.24 10:49:59,scan_executed_new_execution_bar,USDJPY,2025.12.24 10:30:00,15,
2025.12.24 10:54:59,scan_skipped_same_execution_bar,USDJPY,2025.12.24 10:30:00,0,
2025.12.24 11:04:59,scan_executed_new_execution_bar,USDJPY,2025.12.24 10:45:00,16,
2025.12.24 11:09:59,scan_skipped_same_execution_bar,USDJPY,2025.12.24 10:45:00,0,
2025.12.24 11:19:59,scan_executed_new_execution_bar,USDJPY,2025.12.24 11:00:00,0,
2025.12.24 11:25:00,scan_skipped_same_execution_bar,USDJPY,2025.12.24 11:00:00,0,
2025.12.24 11:35:00,scan_executed_new_execution_bar,USDJPY,2025.12.24 11:15:00,16,
2025.12.24 11:39:59,scan_skipped_same_execution_bar,USDJPY,2025.12.24 11:15:00,0,
2025.12.24 11:49:59,scan_executed_new_execution_bar,USDJPY,2025.12.24 11:30:00,0,
2025.12.24 11:54:59,scan_skipped_same_execution_bar,USDJPY,2025.12.24 11:30:00,0,
2025.12.24 12:04:59,scan_executed_new_execution_bar,USDJPY,2025.12.24 11:45:00,16,
2025.12.24 12:09:59,scan_skipped_same_execution_bar,USDJPY,2025.12.24 11:45:00,0,
2025.12.24 12:19:59,scan_executed_new_execution_bar,USDJPY,2025.12.24 12:00:00,0,
2025.12.24 12:24:59,scan_skipped_same_execution_bar,USDJPY,2025.12.24 12:00:00,0,
2025.12.24 12:34:59,scan_executed_new_execution_bar,USDJPY,2025.12.24 12:15:00,16,
2025.12.24 12:39:59,scan_skipped_same_execution_bar,USDJPY,2025.12.24 12:15:00,0,
2025.12.24 12:49:59,scan_executed_new_execution_bar,USDJPY,2025.12.24 12:30:00,15,
2025.12.24 12:54:59,scan_skipped_same_execution_bar,USDJPY,2025.12.24 12:30:00,0,
2025.12.24 13:04:59,scan_executed_new_execution_bar,USDJPY,2025.12.24 12:45:00,0,
2025.12.24 13:09:59,scan_skipped_same_execution_bar,USDJPY,2025.12.24 12:45:00,0,
2025.12.24 13:19:59,scan_executed_new_execution_bar,USDJPY,2025.12.24 13:00:00,16,
2025.12.24 13:24:59,scan_skipped_same_execution_bar,USDJPY,2025.12.24 13:00:00,0,
2025.12.24 13:34:59,scan_executed_new_execution_bar,USDJPY,2025.12.24 13:15:00,15,
2025.12.24 13:39:59,scan_skipped_same_execution_bar,USDJPY,2025.12.24 13:15:00,0,
2025.12.24 13:49:59,scan_executed_new_execution_bar,USDJPY,2025.12.24 13:30:00,0,
2025.12.24 13:54:59,scan_skipped_same_execution_bar,USDJPY,2025.12.24 13:30:00,0,
2025.12.24 14:04:59,scan_executed_new_execution_bar,USDJPY,2025.12.24 13:45:00,0,
2025.12.24 14:09:58,scan_skipped_same_execution_bar,USDJPY,2025.12.24 13:45:00,0,
2025.12.24 14:19:59,scan_executed_new_execution_bar,USDJPY,2025.12.24 14:00:00,16,
2025.12.24 14:24:59,scan_skipped_same_execution_bar,USDJPY,2025.12.24 14:00:00,0,
2025.12.24 14:34:59,scan_executed_new_execution_bar,USDJPY,2025.12.24 14:15:00,0,
2025.12.24 14:39:59,scan_skipped_same_execution_bar,USDJPY,2025.12.24 14:15:00,0,
2025.12.24 14:49:59,scan_executed_new_execution_bar,USDJPY,2025.12.24 14:30:00,0,
2025.12.24 14:54:59,scan_skipped_same_execution_bar,USDJPY,2025.12.24 14:30:00,0,
2025.12.24 15:04:59,scan_executed_new_execution_bar,USDJPY,2025.12.24 14:45:00,0,
2025.12.24 15:09:59,scan_skipped_same_execution_bar,USDJPY,2025.12.24 14:45:00,0,
2025.12.24 15:19:59,scan_executed_new_execution_bar,USDJPY,2025.12.24 15:00:00,0,
2025.12.24 15:24:59,scan_skipped_same_execution_bar,USDJPY,2025.12.24 15:00:00,0,
2025.12.24 15:35:00,scan_executed_new_execution_bar,USDJPY,2025.12.24 15:15:00,15,
2025.12.24 15:39:59,scan_skipped_same_execution_bar,USDJPY,2025.12.24 15:15:00,0,
2025.12.24 15:49:59,scan_executed_new_execution_bar,USDJPY,2025.12.24 15:30:00,16,
2025.12.24 15:54:59,scan_skipped_same_execution_bar,USDJPY,2025.12.24 15:30:00,0,
2025.12.24 16:04:59,scan_executed_new_execution_bar,USDJPY,2025.12.24 15:45:00,0,
2025.12.24 16:09:59,scan_skipped_same_execution_bar,USDJPY,2025.12.24 15:45:00,0,
2025.12.24 16:19:59,scan_executed_new_execution_bar,USDJPY,2025.12.24 16:00:00,32,
2025.12.24 16:24:59,scan_skipped_same_execution_bar,USDJPY,2025.12.24 16:00:00,0,
2025.12.24 16:34:59,scan_executed_new_execution_bar,USDJPY,2025.12.24 16:15:00,0,
2025.12.24 16:39:59,scan_skipped_same_execution_bar,USDJPY,2025.12.24 16:15:00,0,
2025.12.24 16:49:59,scan_executed_new_execution_bar,USDJPY,2025.12.24 16:30:00,0,
2025.12.24 16:54:59,scan_skipped_same_execution_bar,USDJPY,2025.12.24 16:30:00,0,
2025.12.24 17:04:59,scan_executed_new_execution_bar,USDJPY,2025.12.24 16:45:00,0,
2025.12.24 17:09:59,scan_skipped_same_execution_bar,USDJPY,2025.12.24 16:45:00,0,
2025.12.24 17:19:59,scan_executed_new_execution_bar,USDJPY,2025.12.24 17:00:00,15,
2025.12.24 17:24:59,scan_skipped_same_execution_bar,USDJPY,2025.12.24 17:00:00,0,
2025.12.24 17:34:59,scan_executed_new_execution_bar,USDJPY,2025.12.24 17:15:00,31,
2025.12.24 17:39:59,scan_skipped_same_execution_bar,USDJPY,2025.12.24 17:15:00,0,
2025.12.24 17:49:59,scan_executed_new_execution_bar,USDJPY,2025.12.24 17:30:00,16,
2025.12.24 17:54:59,scan_skipped_same_execution_bar,USDJPY,2025.12.24 17:30:00,0,
2025.12.24 18:04:59,scan_executed_new_execution_bar,USDJPY,2025.12.24 17:45:00,16,
2025.12.24 18:09:59,scan_skipped_same_execution_bar,USDJPY,2025.12.24 17:45:00,0,
2025.12.24 18:19:59,scan_executed_new_execution_bar,USDJPY,2025.12.24 18:00:00,31,
2025.12.24 18:24:59,scan_skipped_same_execution_bar,USDJPY,2025.12.24 18:00:00,0,
2025.12.24 18:34:59,scan_executed_new_execution_bar,USDJPY,2025.12.24 18:15:00,0,
2025.12.24 18:39:59,scan_skipped_same_execution_bar,USDJPY,2025.12.24 18:15:00,0,
2025.12.24 18:49:59,scan_executed_new_execution_bar,USDJPY,2025.12.24 18:30:00,0,
2025.12.24 18:54:59,scan_skipped_same_execution_bar,USDJPY,2025.12.24 18:30:00,0,
2025.12.24 19:04:59,scan_executed_new_execution_bar,USDJPY,2025.12.24 18:45:00,0,
2025.12.24 19:09:59,scan_skipped_same_execution_bar,USDJPY,2025.12.24 18:45:00,0,
2025.12.24 19:15:00,scan_executed_new_execution_bar,USDJPY,2025.12.24 19:00:00,0,
2025.12.24 19:19:59,scan_skipped_same_execution_bar,USDJPY,2025.12.24 19:00:00,0,
2025.12.24 19:34:59,scan_executed_new_execution_bar,USDJPY,2025.12.24 19:15:00,16,
2025.12.24 19:39:59,scan_skipped_same_execution_bar,USDJPY,2025.12.24 19:15:00,0,
2025.12.24 19:50:00,scan_executed_new_execution_bar,USDJPY,2025.12.24 19:30:00,0,
2025.12.24 19:54:59,scan_skipped_same_execution_bar,USDJPY,2025.12.24 19:30:00,0,
2025.12.24 20:04:59,scan_executed_new_execution_bar,USDJPY,2025.12.24 19:45:00,0,
2025.12.24 20:09:59,scan_skipped_same_execution_bar,USDJPY,2025.12.24 19:45:00,0,
2025.12.24 20:20:00,scan_executed_new_execution_bar,USDJPY,2025.12.24 20:00:00,0,
2025.12.24 20:24:59,scan_skipped_same_execution_bar,USDJPY,2025.12.24 20:00:00,0,
2025.12.24 20:34:59,scan_executed_new_execution_bar,USDJPY,2025.12.24 20:15:00,0,
2025.12.24 20:40:00,scan_skipped_same_execution_bar,USDJPY,2025.12.24 20:15:00,0,
2025.12.24 20:50:00,scan_executed_new_execution_bar,USDJPY,2025.12.24 20:30:00,16,
2025.12.24 20:54:58,scan_skipped_same_execution_bar,USDJPY,2025.12.24 20:30:00,0,
2025.12.24 21:04:59,scan_executed_new_execution_bar,USDJPY,2025.12.24 20:45:00,0,
2025.12.24 21:09:59,scan_skipped_same_execution_bar,USDJPY,2025.12.24 20:45:00,0,
2025.12.24 21:19:59,scan_executed_new_execution_bar,USDJPY,2025.12.24 21:00:00,0,
2025.12.24 21:24:59,scan_skipped_same_execution_bar,USDJPY,2025.12.24 21:00:00,0,
2025.12.24 21:34:59,scan_executed_new_execution_bar,USDJPY,2025.12.24 21:15:00,16,
2025.12.24 21:39:59,scan_skipped_same_execution_bar,USDJPY,2025.12.24 21:15:00,0,
2025.12.24 21:49:59,scan_executed_new_execution_bar,USDJPY,2025.12.24 21:30:00,0,
2025.12.24 21:54:59,scan_skipped_same_execution_bar,USDJPY,2025.12.24 21:30:00,0,
2025.12.24 22:04:59,scan_executed_new_execution_bar,USDJPY,2025.12.24 21:45:00,0,
2025.12.24 22:09:59,scan_skipped_same_execution_bar,USDJPY,2025.12.24 21:45:00,0,
2025.12.24 22:19:59,scan_executed_new_execution_bar,USDJPY,2025.12.24 22:00:00,0,
2025.12.24 22:24:59,scan_skipped_same_execution_bar,USDJPY,2025.12.24 22:00:00,0,
2025.12.24 22:34:59,scan_executed_new_execution_bar,USDJPY,2025.12.24 22:15:00,0,
2025.12.24 22:39:59,scan_skipped_same_execution_bar,USDJPY,2025.12.24 22:15:00,0,
2025.12.24 22:49:58,scan_executed_new_execution_bar,USDJPY,2025.12.24 22:30:00,0,
2025.12.24 22:54:59,scan_skipped_same_execution_bar,USDJPY,2025.12.24 22:30:00,0,
2025.12.24 23:04:59,scan_executed_new_execution_bar,USDJPY,2025.12.24 22:45:00,0,
2025.12.24 23:09:59,scan_skipped_same_execution_bar,USDJPY,2025.12.24 22:45:00,0,
2025.12.24 23:19:59,scan_executed_new_execution_bar,USDJPY,2025.12.24 23:00:00,0,
2025.12.24 23:24:59,scan_skipped_same_execution_bar,USDJPY,2025.12.24 23:00:00,0,
2025.12.24 23:34:59,scan_executed_new_execution_bar,USDJPY,2025.12.24 23:15:00,0,
2025.12.24 23:39:59,scan_skipped_same_execution_bar,USDJPY,2025.12.24 23:15:00,0,
2025.12.24 23:49:59,scan_executed_new_execution_bar,USDJPY,2025.12.24 23:30:00,0,
2025.12.24 23:54:59,scan_skipped_same_execution_bar,USDJPY,2025.12.24 23:30:00,0,
2025.12.26 00:04:58,scan_executed_new_execution_bar,USDJPY,2025.12.24 23:45:00,0,
2025.12.26 00:09:59,scan_skipped_same_execution_bar,USDJPY,2025.12.24 23:45:00,0,
2025.12.26 00:19:58,scan_executed_new_execution_bar,USDJPY,2025.12.26 00:00:00,0,
2025.12.26 00:24:58,scan_skipped_same_execution_bar,USDJPY,2025.12.26 00:00:00,0,
2025.12.26 00:34:59,scan_executed_new_execution_bar,USDJPY,2025.12.26 00:15:00,0,
2025.12.26 00:39:59,scan_skipped_same_execution_bar,USDJPY,2025.12.26 00:15:00,0,
2025.12.26 00:49:58,scan_executed_new_execution_bar,USDJPY,2025.12.26 00:30:00,0,
2025.12.26 00:54:59,scan_skipped_same_execution_bar,USDJPY,2025.12.26 00:30:00,0,
2025.12.26 01:04:59,scan_executed_new_execution_bar,USDJPY,2025.12.26 00:45:00,0,
2025.12.26 01:09:59,scan_skipped_same_execution_bar,USDJPY,2025.12.26 00:45:00,0,
2025.12.26 01:19:59,scan_executed_new_execution_bar,USDJPY,2025.12.26 01:00:00,15,
2025.12.26 01:24:59,scan_skipped_same_execution_bar,USDJPY,2025.12.26 01:00:00,0,
2025.12.26 01:34:59,scan_executed_new_execution_bar,USDJPY,2025.12.26 01:15:00,16,
2025.12.26 01:39:59,scan_skipped_same_execution_bar,USDJPY,2025.12.26 01:15:00,0,
2025.12.26 01:50:00,scan_executed_new_execution_bar,USDJPY,2025.12.26 01:30:00,0,
2025.12.26 01:54:59,scan_skipped_same_execution_bar,USDJPY,2025.12.26 01:30:00,0,
2025.12.26 02:04:59,scan_executed_new_execution_bar,USDJPY,2025.12.26 01:45:00,0,
2025.12.26 02:09:59,scan_skipped_same_execution_bar,USDJPY,2025.12.26 01:45:00,0,
2025.12.26 02:19:58,scan_executed_new_execution_bar,USDJPY,2025.12.26 02:00:00,0,
2025.12.26 02:24:59,scan_skipped_same_execution_bar,USDJPY,2025.12.26 02:00:00,0,
2025.12.26 02:34:59,scan_executed_new_execution_bar,USDJPY,2025.12.26 02:15:00,15,
2025.12.26 02:39:59,scan_skipped_same_execution_bar,USDJPY,2025.12.26 02:15:00,0,
2025.12.26 02:49:59,scan_executed_new_execution_bar,USDJPY,2025.12.26 02:30:00,16,
2025.12.26 02:54:59,scan_skipped_same_execution_bar,USDJPY,2025.12.26 02:30:00,0,
2025.12.26 03:04:59,scan_executed_new_execution_bar,USDJPY,2025.12.26 02:45:00,15,
2025.12.26 03:09:59,scan_skipped_same_execution_bar,USDJPY,2025.12.26 02:45:00,0,
2025.12.26 03:19:59,scan_executed_new_execution_bar,USDJPY,2025.12.26 03:00:00,0,
2025.12.26 03:24:58,scan_skipped_same_execution_bar,USDJPY,2025.12.26 03:00:00,0,
2025.12.26 03:34:59,scan_executed_new_execution_bar,USDJPY,2025.12.26 03:15:00,47,
2025.12.26 03:39:59,scan_skipped_same_execution_bar,USDJPY,2025.12.26 03:15:00,0,
2025.12.26 03:49:59,scan_executed_new_execution_bar,USDJPY,2025.12.26 03:30:00,15,
2025.12.26 03:54:59,scan_skipped_same_execution_bar,USDJPY,2025.12.26 03:30:00,0,
2025.12.26 04:04:59,scan_executed_new_execution_bar,USDJPY,2025.12.26 03:45:00,47,
2025.12.26 04:09:59,scan_skipped_same_execution_bar,USDJPY,2025.12.26 03:45:00,0,
2025.12.26 04:19:58,scan_executed_new_execution_bar,USDJPY,2025.12.26 04:00:00,31,
2025.12.26 04:24:58,scan_skipped_same_execution_bar,USDJPY,2025.12.26 04:00:00,0,
2025.12.26 04:35:00,scan_executed_new_execution_bar,USDJPY,2025.12.26 04:15:00,15,
2025.12.26 04:39:59,scan_skipped_same_execution_bar,USDJPY,2025.12.26 04:15:00,0,
2025.12.26 04:49:59,scan_executed_new_execution_bar,USDJPY,2025.12.26 04:30:00,0,
2025.12.26 04:54:59,scan_skipped_same_execution_bar,USDJPY,2025.12.26 04:30:00,0,
2025.12.26 05:04:59,scan_executed_new_execution_bar,USDJPY,2025.12.26 04:45:00,31,
2025.12.26 05:09:59,scan_skipped_same_execution_bar,USDJPY,2025.12.26 04:45:00,0,
2025.12.26 05:19:59,scan_executed_new_execution_bar,USDJPY,2025.12.26 05:00:00,0,
2025.12.26 05:24:59,scan_skipped_same_execution_bar,USDJPY,2025.12.26 05:00:00,0,
2025.12.26 05:34:59,scan_executed_new_execution_bar,USDJPY,2025.12.26 05:15:00,16,
2025.12.26 05:39:56,scan_skipped_same_execution_bar,USDJPY,2025.12.26 05:15:00,0,
2025.12.26 05:49:59,scan_executed_new_execution_bar,USDJPY,2025.12.26 05:30:00,0,
2025.12.26 05:54:59,scan_skipped_same_execution_bar,USDJPY,2025.12.26 05:30:00,0,
2025.12.26 06:04:59,scan_executed_new_execution_bar,USDJPY,2025.12.26 05:45:00,0,
2025.12.26 06:10:00,scan_skipped_same_execution_bar,USDJPY,2025.12.26 05:45:00,0,
2025.12.26 06:19:59,scan_executed_new_execution_bar,USDJPY,2025.12.26 06:00:00,0,
2025.12.26 06:24:59,scan_skipped_same_execution_bar,USDJPY,2025.12.26 06:00:00,0,
2025.12.26 06:34:59,scan_executed_new_execution_bar,USDJPY,2025.12.26 06:15:00,0,
2025.12.26 06:39:59,scan_skipped_same_execution_bar,USDJPY,2025.12.26 06:15:00,0,
2025.12.26 06:49:59,scan_executed_new_execution_bar,USDJPY,2025.12.26 06:30:00,0,
2025.12.26 06:54:59,scan_skipped_same_execution_bar,USDJPY,2025.12.26 06:30:00,0,
2025.12.26 07:04:59,scan_executed_new_execution_bar,USDJPY,2025.12.26 06:45:00,0,
2025.12.26 07:09:58,scan_skipped_same_execution_bar,USDJPY,2025.12.26 06:45:00,0,
2025.12.26 07:19:59,scan_executed_new_execution_bar,USDJPY,2025.12.26 07:00:00,0,
2025.12.26 07:24:59,scan_skipped_same_execution_bar,USDJPY,2025.12.26 07:00:00,0,
2025.12.26 07:34:58,scan_executed_new_execution_bar,USDJPY,2025.12.26 07:15:00,0,
2025.12.26 07:39:59,scan_skipped_same_execution_bar,USDJPY,2025.12.26 07:15:00,0,
2025.12.26 07:49:59,scan_executed_new_execution_bar,USDJPY,2025.12.26 07:30:00,0,
2025.12.26 07:54:59,scan_skipped_same_execution_bar,USDJPY,2025.12.26 07:30:00,0,
2025.12.26 08:04:59,scan_executed_new_execution_bar,USDJPY,2025.12.26 07:45:00,0,
2025.12.26 08:09:59,scan_skipped_same_execution_bar,USDJPY,2025.12.26 07:45:00,0,
2025.12.26 08:19:59,scan_executed_new_execution_bar,USDJPY,2025.12.26 08:00:00,0,
2025.12.26 08:24:59,scan_skipped_same_execution_bar,USDJPY,2025.12.26 08:00:00,0,
2025.12.26 08:34:59,scan_executed_new_execution_bar,USDJPY,2025.12.26 08:15:00,0,
2025.12.26 08:39:59,scan_skipped_same_execution_bar,USDJPY,2025.12.26 08:15:00,0,
2025.12.26 08:49:59,scan_executed_new_execution_bar,USDJPY,2025.12.26 08:30:00,0,
2025.12.26 08:54:59,scan_skipped_same_execution_bar,USDJPY,2025.12.26 08:30:00,0,
2025.12.26 09:04:59,scan_executed_new_execution_bar,USDJPY,2025.12.26 08:45:00,0,
2025.12.26 09:09:59,scan_skipped_same_execution_bar,USDJPY,2025.12.26 08:45:00,0,
2025.12.26 09:19:59,scan_executed_new_execution_bar,USDJPY,2025.12.26 09:00:00,0,
2025.12.26 09:24:59,scan_skipped_same_execution_bar,USDJPY,2025.12.26 09:00:00,0,
2025.12.26 09:34:59,scan_executed_new_execution_bar,USDJPY,2025.12.26 09:15:00,0,
2025.12.26 09:39:59,scan_skipped_same_execution_bar,USDJPY,2025.12.26 09:15:00,0,
2025.12.26 09:49:59,scan_executed_new_execution_bar,USDJPY,2025.12.26 09:30:00,0,
2025.12.26 09:54:59,scan_skipped_same_execution_bar,USDJPY,2025.12.26 09:30:00,0,
2025.12.26 10:00:00,scan_executed_new_execution_bar,USDJPY,2025.12.26 09:45:00,0,
2025.12.26 10:04:58,scan_skipped_same_execution_bar,USDJPY,2025.12.26 09:45:00,0,
2025.12.26 10:19:59,scan_executed_new_execution_bar,USDJPY,2025.12.26 10:00:00,0,
2025.12.26 10:24:59,scan_skipped_same_execution_bar,USDJPY,2025.12.26 10:00:00,0,
2025.12.26 10:34:59,scan_executed_new_execution_bar,USDJPY,2025.12.26 10:15:00,0,
2025.12.26 10:39:58,scan_skipped_same_execution_bar,USDJPY,2025.12.26 10:15:00,0,
2025.12.26 10:49:59,scan_executed_new_execution_bar,USDJPY,2025.12.26 10:30:00,0,
2025.12.26 10:54:59,scan_skipped_same_execution_bar,USDJPY,2025.12.26 10:30:00,0,
2025.12.26 11:04:59,scan_executed_new_execution_bar,USDJPY,2025.12.26 10:45:00,16,
2025.12.26 11:09:59,scan_skipped_same_execution_bar,USDJPY,2025.12.26 10:45:00,0,
2025.12.26 11:19:59,scan_executed_new_execution_bar,USDJPY,2025.12.26 11:00:00,0,
2025.12.26 11:24:59,scan_skipped_same_execution_bar,USDJPY,2025.12.26 11:00:00,0,
2025.12.26 11:34:59,scan_executed_new_execution_bar,USDJPY,2025.12.26 11:15:00,0,
2025.12.26 11:39:59,scan_skipped_same_execution_bar,USDJPY,2025.12.26 11:15:00,0,
2025.12.26 11:49:59,scan_executed_new_execution_bar,USDJPY,2025.12.26 11:30:00,0,
2025.12.26 11:54:59,scan_skipped_same_execution_bar,USDJPY,2025.12.26 11:30:00,0,
2025.12.26 12:04:59,scan_executed_new_execution_bar,USDJPY,2025.12.26 11:45:00,0,
2025.12.26 12:09:59,scan_skipped_same_execution_bar,USDJPY,2025.12.26 11:45:00,0,
2025.12.26 12:19:59,scan_executed_new_execution_bar,USDJPY,2025.12.26 12:00:00,0,
2025.12.26 12:24:59,scan_skipped_same_execution_bar,USDJPY,2025.12.26 12:00:00,0,
2025.12.26 12:34:56,scan_executed_new_execution_bar,USDJPY,2025.12.26 12:15:00,0,
2025.12.26 12:39:59,scan_skipped_same_execution_bar,USDJPY,2025.12.26 12:15:00,0,
2025.12.26 12:49:59,scan_executed_new_execution_bar,USDJPY,2025.12.26 12:30:00,0,
2025.12.26 12:54:59,scan_skipped_same_execution_bar,USDJPY,2025.12.26 12:30:00,0,
2025.12.26 13:04:58,scan_executed_new_execution_bar,USDJPY,2025.12.26 12:45:00,0,
2025.12.26 13:09:59,scan_skipped_same_execution_bar,USDJPY,2025.12.26 12:45:00,0,
2025.12.26 13:19:59,scan_executed_new_execution_bar,USDJPY,2025.12.26 13:00:00,0,
2025.12.26 13:24:59,scan_skipped_same_execution_bar,USDJPY,2025.12.26 13:00:00,0,
2025.12.26 13:34:59,scan_executed_new_execution_bar,USDJPY,2025.12.26 13:15:00,0,
2025.12.26 13:39:59,scan_skipped_same_execution_bar,USDJPY,2025.12.26 13:15:00,0,
2025.12.26 13:50:00,scan_executed_new_execution_bar,USDJPY,2025.12.26 13:30:00,0,
2025.12.26 13:54:59,scan_skipped_same_execution_bar,USDJPY,2025.12.26 13:30:00,0,
2025.12.26 14:04:59,scan_executed_new_execution_bar,USDJPY,2025.12.26 13:45:00,0,
2025.12.26 14:09:59,scan_skipped_same_execution_bar,USDJPY,2025.12.26 13:45:00,0,
2025.12.26 14:19:59,scan_executed_new_execution_bar,USDJPY,2025.12.26 14:00:00,0,
2025.12.26 14:24:59,scan_skipped_same_execution_bar,USDJPY,2025.12.26 14:00:00,0,
2025.12.26 14:34:59,scan_executed_new_execution_bar,USDJPY,2025.12.26 14:15:00,0,
2025.12.26 14:39:59,scan_skipped_same_execution_bar,USDJPY,2025.12.26 14:15:00,0,
2025.12.26 14:49:58,scan_executed_new_execution_bar,USDJPY,2025.12.26 14:30:00,0,
2025.12.26 14:54:59,scan_skipped_same_execution_bar,USDJPY,2025.12.26 14:30:00,0,
2025.12.26 15:04:59,scan_executed_new_execution_bar,USDJPY,2025.12.26 14:45:00,0,
2025.12.26 15:09:59,scan_skipped_same_execution_bar,USDJPY,2025.12.26 14:45:00,0,
2025.12.26 15:19:59,scan_executed_new_execution_bar,USDJPY,2025.12.26 15:00:00,0,
2025.12.26 15:24:59,scan_skipped_same_execution_bar,USDJPY,2025.12.26 15:00:00,0,
2025.12.26 15:34:59,scan_executed_new_execution_bar,USDJPY,2025.12.26 15:15:00,0,
2025.12.26 15:39:59,scan_skipped_same_execution_bar,USDJPY,2025.12.26 15:15:00,0,
2025.12.26 15:49:59,scan_executed_new_execution_bar,USDJPY,2025.12.26 15:30:00,0,
2025.12.26 15:54:59,scan_skipped_same_execution_bar,USDJPY,2025.12.26 15:30:00,0,
2025.12.26 16:04:59,scan_executed_new_execution_bar,USDJPY,2025.12.26 15:45:00,16,
2025.12.26 16:09:59,scan_skipped_same_execution_bar,USDJPY,2025.12.26 15:45:00,0,
2025.12.26 16:19:59,scan_executed_new_execution_bar,USDJPY,2025.12.26 16:00:00,0,
2025.12.26 16:24:59,scan_skipped_same_execution_bar,USDJPY,2025.12.26 16:00:00,0,
2025.12.26 16:34:59,scan_executed_new_execution_bar,USDJPY,2025.12.26 16:15:00,0,
2025.12.26 16:39:59,scan_skipped_same_execution_bar,USDJPY,2025.12.26 16:15:00,0,
2025.12.26 16:49:59,scan_executed_new_execution_bar,USDJPY,2025.12.26 16:30:00,0,
2025.12.26 16:54:59,scan_skipped_same_execution_bar,USDJPY,2025.12.26 16:30:00,0,
2025.12.26 17:04:59,scan_executed_new_execution_bar,USDJPY,2025.12.26 16:45:00,15,
2025.12.26 17:09:59,scan_skipped_same_execution_bar,USDJPY,2025.12.26 16:45:00,0,
2025.12.26 17:19:59,scan_executed_new_execution_bar,USDJPY,2025.12.26 17:00:00,16,
2025.12.26 17:24:59,scan_skipped_same_execution_bar,USDJPY,2025.12.26 17:00:00,0,
2025.12.26 17:34:59,scan_executed_new_execution_bar,USDJPY,2025.12.26 17:15:00,0,
2025.12.26 17:39:59,scan_skipped_same_execution_bar,USDJPY,2025.12.26 17:15:00,0,
2025.12.26 17:49:58,scan_executed_new_execution_bar,USDJPY,2025.12.26 17:30:00,15,
2025.12.26 17:54:59,scan_skipped_same_execution_bar,USDJPY,2025.12.26 17:30:00,0,
2025.12.26 18:04:59,scan_executed_new_execution_bar,USDJPY,2025.12.26 17:45:00,0,
2025.12.26 18:09:59,scan_skipped_same_execution_bar,USDJPY,2025.12.26 17:45:00,0,
2025.12.26 18:19:59,scan_executed_new_execution_bar,USDJPY,2025.12.26 18:00:00,0,
2025.12.26 18:24:59,scan_skipped_same_execution_bar,USDJPY,2025.12.26 18:00:00,0,
2025.12.26 18:34:59,scan_executed_new_execution_bar,USDJPY,2025.12.26 18:15:00,0,
2025.12.26 18:39:59,scan_skipped_same_execution_bar,USDJPY,2025.12.26 18:15:00,0,
2025.12.26 18:49:59,scan_executed_new_execution_bar,USDJPY,2025.12.26 18:30:00,0,
2025.12.26 18:54:59,scan_skipped_same_execution_bar,USDJPY,2025.12.26 18:30:00,0,
2025.12.26 19:04:59,scan_executed_new_execution_bar,USDJPY,2025.12.26 18:45:00,0,
2025.12.26 19:09:59,scan_skipped_same_execution_bar,USDJPY,2025.12.26 18:45:00,0,
2025.12.26 19:19:59,scan_executed_new_execution_bar,USDJPY,2025.12.26 19:00:00,0,
2025.12.26 19:24:59,scan_skipped_same_execution_bar,USDJPY,2025.12.26 19:00:00,0,
2025.12.26 19:34:59,scan_executed_new_execution_bar,USDJPY,2025.12.26 19:15:00,0,
2025.12.26 19:39:59,scan_skipped_same_execution_bar,USDJPY,2025.12.26 19:15:00,0,
2025.12.26 19:49:59,scan_executed_new_execution_bar,USDJPY,2025.12.26 19:30:00,47,
2025.12.26 19:54:59,scan_skipped_same_execution_bar,USDJPY,2025.12.26 19:30:00,0,
2025.12.26 20:04:59,scan_executed_new_execution_bar,USDJPY,2025.12.26 19:45:00,0,
2025.12.26 20:09:59,scan_skipped_same_execution_bar,USDJPY,2025.12.26 19:45:00,0,
2025.12.26 20:19:59,scan_executed_new_execution_bar,USDJPY,2025.12.26 20:00:00,0,
2025.12.26 20:24:59,scan_skipped_same_execution_bar,USDJPY,2025.12.26 20:00:00,0,
2025.12.26 20:34:59,scan_executed_new_execution_bar,USDJPY,2025.12.26 20:15:00,0,
2025.12.26 20:39:59,scan_skipped_same_execution_bar,USDJPY,2025.12.26 20:15:00,0,
2025.12.26 20:49:59,scan_executed_new_execution_bar,USDJPY,2025.12.26 20:30:00,0,
2025.12.26 20:54:59,scan_skipped_same_execution_bar,USDJPY,2025.12.26 20:30:00,0,
2025.12.26 21:04:59,scan_executed_new_execution_bar,USDJPY,2025.12.26 20:45:00,0,
2025.12.26 21:09:59,scan_skipped_same_execution_bar,USDJPY,2025.12.26 20:45:00,0,
2025.12.26 21:19:59,scan_executed_new_execution_bar,USDJPY,2025.12.26 21:00:00,0,
2025.12.26 21:24:59,scan_skipped_same_execution_bar,USDJPY,2025.12.26 21:00:00,0,
2025.12.26 21:34:59,scan_executed_new_execution_bar,USDJPY,2025.12.26 21:15:00,15,
2025.12.26 21:39:59,scan_skipped_same_execution_bar,USDJPY,2025.12.26 21:15:00,0,
2025.12.26 21:49:59,scan_executed_new_execution_bar,USDJPY,2025.12.26 21:30:00,0,
2025.12.26 21:54:59,scan_skipped_same_execution_bar,USDJPY,2025.12.26 21:30:00,0,
2025.12.26 22:04:59,scan_executed_new_execution_bar,USDJPY,2025.12.26 21:45:00,0,
2025.12.26 22:09:59,scan_skipped_same_execution_bar,USDJPY,2025.12.26 21:45:00,0,
2025.12.26 22:19:59,scan_executed_new_execution_bar,USDJPY,2025.12.26 22:00:00,0,
2025.12.26 22:24:59,scan_skipped_same_execution_bar,USDJPY,2025.12.26 22:00:00,0,
2025.12.26 22:34:59,scan_executed_new_execution_bar,USDJPY,2025.12.26 22:15:00,0,
2025.12.26 22:39:58,scan_skipped_same_execution_bar,USDJPY,2025.12.26 22:15:00,0,
2025.12.26 22:49:59,scan_executed_new_execution_bar,USDJPY,2025.12.26 22:30:00,0,
2025.12.26 22:54:59,scan_skipped_same_execution_bar,USDJPY,2025.12.26 22:30:00,0,
2025.12.26 23:04:59,scan_executed_new_execution_bar,USDJPY,2025.12.26 22:45:00,0,
2025.12.26 23:10:00,scan_skipped_same_execution_bar,USDJPY,2025.12.26 22:45:00,0,
2025.12.26 23:19:54,scan_executed_new_execution_bar,USDJPY,2025.12.26 23:00:00,0,
2025.12.26 23:24:56,scan_skipped_same_execution_bar,USDJPY,2025.12.26 23:00:00,0,
2025.12.26 23:35:00,scan_executed_new_execution_bar,USDJPY,2025.12.26 23:15:00,0,
2025.12.26 23:39:59,scan_skipped_same_execution_bar,USDJPY,2025.12.26 23:15:00,0,
2025.12.26 23:49:59,scan_executed_new_execution_bar,USDJPY,2025.12.26 23:30:00,0,
2025.12.26 23:54:54,scan_skipped_same_execution_bar,USDJPY,2025.12.26 23:30:00,0,
2025.12.29 00:04:57,scan_executed_new_execution_bar,USDJPY,2025.12.26 23:45:00,0,
2025.12.29 00:09:49,scan_skipped_same_execution_bar,USDJPY,2025.12.26 23:45:00,0,
2025.12.29 00:19:58,scan_executed_new_execution_bar,USDJPY,2025.12.29 00:00:00,0,
2025.12.29 00:24:59,scan_skipped_same_execution_bar,USDJPY,2025.12.29 00:00:00,0,
2025.12.29 00:34:58,scan_executed_new_execution_bar,USDJPY,2025.12.29 00:15:00,0,
2025.12.29 00:39:59,scan_skipped_same_execution_bar,USDJPY,2025.12.29 00:15:00,0,
2025.12.29 00:49:59,scan_executed_new_execution_bar,USDJPY,2025.12.29 00:30:00,0,
2025.12.29 00:54:59,scan_skipped_same_execution_bar,USDJPY,2025.12.29 00:30:00,0,
2025.12.29 01:04:59,scan_executed_new_execution_bar,USDJPY,2025.12.29 00:45:00,0,
2025.12.29 01:09:59,scan_skipped_same_execution_bar,USDJPY,2025.12.29 00:45:00,0,
2025.12.29 01:19:59,scan_executed_new_execution_bar,USDJPY,2025.12.29 01:00:00,16,
2025.12.29 01:24:59,scan_skipped_same_execution_bar,USDJPY,2025.12.29 01:00:00,0,
2025.12.29 01:34:59,scan_executed_new_execution_bar,USDJPY,2025.12.29 01:15:00,15,
2025.12.29 01:39:59,scan_skipped_same_execution_bar,USDJPY,2025.12.29 01:15:00,0,
2025.12.29 01:49:59,scan_executed_new_execution_bar,USDJPY,2025.12.29 01:30:00,0,
2025.12.29 01:54:59,scan_skipped_same_execution_bar,USDJPY,2025.12.29 01:30:00,0,
2025.12.29 02:04:59,scan_executed_new_execution_bar,USDJPY,2025.12.29 01:45:00,16,
2025.12.29 02:09:59,scan_skipped_same_execution_bar,USDJPY,2025.12.29 01:45:00,0,
2025.12.29 02:20:00,scan_executed_new_execution_bar,USDJPY,2025.12.29 02:00:00,15,
2025.12.29 02:24:59,scan_skipped_same_execution_bar,USDJPY,2025.12.29 02:00:00,0,
2025.12.29 02:34:59,scan_executed_new_execution_bar,USDJPY,2025.12.29 02:15:00,0,
2025.12.29 02:40:00,scan_skipped_same_execution_bar,USDJPY,2025.12.29 02:15:00,0,
2025.12.29 02:49:59,scan_executed_new_execution_bar,USDJPY,2025.12.29 02:30:00,0,
2025.12.29 02:54:59,scan_skipped_same_execution_bar,USDJPY,2025.12.29 02:30:00,0,
2025.12.29 03:04:59,scan_executed_new_execution_bar,USDJPY,2025.12.29 02:45:00,46,
2025.12.29 03:09:59,scan_skipped_same_execution_bar,USDJPY,2025.12.29 02:45:00,0,
2025.12.29 03:19:57,scan_executed_new_execution_bar,USDJPY,2025.12.29 03:00:00,0,
2025.12.29 03:24:59,scan_skipped_same_execution_bar,USDJPY,2025.12.29 03:00:00,0,
2025.12.29 03:34:58,scan_executed_new_execution_bar,USDJPY,2025.12.29 03:15:00,16,
2025.12.29 03:39:59,scan_skipped_same_execution_bar,USDJPY,2025.12.29 03:15:00,0,
2025.12.29 03:49:59,scan_executed_new_execution_bar,USDJPY,2025.12.29 03:30:00,15,
2025.12.29 03:54:59,scan_skipped_same_execution_bar,USDJPY,2025.12.29 03:30:00,0,
2025.12.29 04:04:59,scan_executed_new_execution_bar,USDJPY,2025.12.29 03:45:00,0,
2025.12.29 04:09:59,scan_skipped_same_execution_bar,USDJPY,2025.12.29 03:45:00,0,
2025.12.29 04:19:59,scan_executed_new_execution_bar,USDJPY,2025.12.29 04:00:00,31,
2025.12.29 04:24:59,scan_skipped_same_execution_bar,USDJPY,2025.12.29 04:00:00,0,
2025.12.29 04:34:59,scan_executed_new_execution_bar,USDJPY,2025.12.29 04:15:00,0,
2025.12.29 04:39:59,scan_skipped_same_execution_bar,USDJPY,2025.12.29 04:15:00,0,
2025.12.29 04:49:59,scan_executed_new_execution_bar,USDJPY,2025.12.29 04:30:00,0,
2025.12.29 04:54:59,scan_skipped_same_execution_bar,USDJPY,2025.12.29 04:30:00,0,
2025.12.29 05:04:59,scan_executed_new_execution_bar,USDJPY,2025.12.29 04:45:00,0,
2025.12.29 05:09:55,scan_skipped_same_execution_bar,USDJPY,2025.12.29 04:45:00,0,
2025.12.29 05:19:59,scan_executed_new_execution_bar,USDJPY,2025.12.29 05:00:00,16,
2025.12.29 05:24:57,scan_skipped_same_execution_bar,USDJPY,2025.12.29 05:00:00,0,
2025.12.29 05:34:59,scan_executed_new_execution_bar,USDJPY,2025.12.29 05:15:00,15,
2025.12.29 05:39:59,scan_skipped_same_execution_bar,USDJPY,2025.12.29 05:15:00,0,
2025.12.29 05:50:00,scan_executed_new_execution_bar,USDJPY,2025.12.29 05:30:00,0,
2025.12.29 05:54:58,scan_skipped_same_execution_bar,USDJPY,2025.12.29 05:30:00,0,
2025.12.29 06:00:00,scan_executed_new_execution_bar,USDJPY,2025.12.29 05:45:00,0,
2025.12.29 06:04:59,scan_skipped_same_execution_bar,USDJPY,2025.12.29 05:45:00,0,
2025.12.29 06:19:58,scan_executed_new_execution_bar,USDJPY,2025.12.29 06:00:00,0,
2025.12.29 06:24:59,scan_skipped_same_execution_bar,USDJPY,2025.12.29 06:00:00,0,
2025.12.29 06:34:59,scan_executed_new_execution_bar,USDJPY,2025.12.29 06:15:00,0,
2025.12.29 06:39:59,scan_skipped_same_execution_bar,USDJPY,2025.12.29 06:15:00,0,
2025.12.29 06:49:59,scan_executed_new_execution_bar,USDJPY,2025.12.29 06:30:00,0,
2025.12.29 06:54:59,scan_skipped_same_execution_bar,USDJPY,2025.12.29 06:30:00,0,
2025.12.29 07:04:59,scan_executed_new_execution_bar,USDJPY,2025.12.29 06:45:00,0,
2025.12.29 07:09:59,scan_skipped_same_execution_bar,USDJPY,2025.12.29 06:45:00,0,
2025.12.29 07:19:59,scan_executed_new_execution_bar,USDJPY,2025.12.29 07:00:00,0,
2025.12.29 07:24:59,scan_skipped_same_execution_bar,USDJPY,2025.12.29 07:00:00,0,
2025.12.29 07:34:59,scan_executed_new_execution_bar,USDJPY,2025.12.29 07:15:00,15,
2025.12.29 07:39:59,scan_skipped_same_execution_bar,USDJPY,2025.12.29 07:15:00,0,
2025.12.29 07:49:59,scan_executed_new_execution_bar,USDJPY,2025.12.29 07:30:00,0,
2025.12.29 07:54:57,scan_skipped_same_execution_bar,USDJPY,2025.12.29 07:30:00,0,
2025.12.29 08:04:59,scan_executed_new_execution_bar,USDJPY,2025.12.29 07:45:00,0,
2025.12.29 08:09:59,scan_skipped_same_execution_bar,USDJPY,2025.12.29 07:45:00,0,
2025.12.29 08:19:59,scan_executed_new_execution_bar,USDJPY,2025.12.29 08:00:00,0,
2025.12.29 08:24:59,scan_skipped_same_execution_bar,USDJPY,2025.12.29 08:00:00,0,
2025.12.29 08:34:59,scan_executed_new_execution_bar,USDJPY,2025.12.29 08:15:00,0,
2025.12.29 08:39:59,scan_skipped_same_execution_bar,USDJPY,2025.12.29 08:15:00,0,
2025.12.29 08:49:59,scan_executed_new_execution_bar,USDJPY,2025.12.29 08:30:00,15,
2025.12.29 08:54:58,scan_skipped_same_execution_bar,USDJPY,2025.12.29 08:30:00,0,
2025.12.29 09:04:59,scan_executed_new_execution_bar,USDJPY,2025.12.29 08:45:00,0,
2025.12.29 09:09:59,scan_skipped_same_execution_bar,USDJPY,2025.12.29 08:45:00,0,
2025.12.29 09:19:59,scan_executed_new_execution_bar,USDJPY,2025.12.29 09:00:00,0,
2025.12.29 09:24:59,scan_skipped_same_execution_bar,USDJPY,2025.12.29 09:00:00,0,
2025.12.29 09:34:59,scan_executed_new_execution_bar,USDJPY,2025.12.29 09:15:00,0,
2025.12.29 09:39:59,scan_skipped_same_execution_bar,USDJPY,2025.12.29 09:15:00,0,
2025.12.29 09:49:59,scan_executed_new_execution_bar,USDJPY,2025.12.29 09:30:00,0,
2025.12.29 09:54:59,scan_skipped_same_execution_bar,USDJPY,2025.12.29 09:30:00,0,
2025.12.29 10:04:58,scan_executed_new_execution_bar,USDJPY,2025.12.29 09:45:00,0,
2025.12.29 10:09:59,scan_skipped_same_execution_bar,USDJPY,2025.12.29 09:45:00,0,
2025.12.29 10:19:59,scan_executed_new_execution_bar,USDJPY,2025.12.29 10:00:00,16,
2025.12.29 10:24:59,scan_skipped_same_execution_bar,USDJPY,2025.12.29 10:00:00,0,
2025.12.29 10:34:59,scan_executed_new_execution_bar,USDJPY,2025.12.29 10:15:00,15,
2025.12.29 10:39:59,scan_skipped_same_execution_bar,USDJPY,2025.12.29 10:15:00,0,
2025.12.29 10:50:00,scan_executed_new_execution_bar,USDJPY,2025.12.29 10:30:00,0,
2025.12.29 10:54:59,scan_skipped_same_execution_bar,USDJPY,2025.12.29 10:30:00,0,
2025.12.29 11:04:59,scan_executed_new_execution_bar,USDJPY,2025.12.29 10:45:00,0,
2025.12.29 11:09:59,scan_skipped_same_execution_bar,USDJPY,2025.12.29 10:45:00,0,
2025.12.29 11:19:59,scan_executed_new_execution_bar,USDJPY,2025.12.29 11:00:00,0,
2025.12.29 11:24:59,scan_skipped_same_execution_bar,USDJPY,2025.12.29 11:00:00,0,
2025.12.29 11:34:59,scan_executed_new_execution_bar,USDJPY,2025.12.29 11:15:00,0,
2025.12.29 11:39:59,scan_skipped_same_execution_bar,USDJPY,2025.12.29 11:15:00,0,
2025.12.29 11:49:59,scan_executed_new_execution_bar,USDJPY,2025.12.29 11:30:00,0,
2025.12.29 11:54:59,scan_skipped_same_execution_bar,USDJPY,2025.12.29 11:30:00,0,
2025.12.29 12:04:59,scan_executed_new_execution_bar,USDJPY,2025.12.29 11:45:00,16,
2025.12.29 12:09:59,scan_skipped_same_execution_bar,USDJPY,2025.12.29 11:45:00,0,
2025.12.29 12:19:59,scan_executed_new_execution_bar,USDJPY,2025.12.29 12:00:00,0,
2025.12.29 12:24:58,scan_skipped_same_execution_bar,USDJPY,2025.12.29 12:00:00,0,
2025.12.29 12:34:58,scan_executed_new_execution_bar,USDJPY,2025.12.29 12:15:00,0,
2025.12.29 12:39:59,scan_skipped_same_execution_bar,USDJPY,2025.12.29 12:15:00,0,
2025.12.29 12:49:59,scan_executed_new_execution_bar,USDJPY,2025.12.29 12:30:00,0,
2025.12.29 12:54:59,scan_skipped_same_execution_bar,USDJPY,2025.12.29 12:30:00,0,
2025.12.29 13:04:59,scan_executed_new_execution_bar,USDJPY,2025.12.29 12:45:00,15,
2025.12.29 13:09:59,scan_skipped_same_execution_bar,USDJPY,2025.12.29 12:45:00,0,
2025.12.29 13:19:59,scan_executed_new_execution_bar,USDJPY,2025.12.29 13:00:00,16,
2025.12.29 13:24:59,scan_skipped_same_execution_bar,USDJPY,2025.12.29 13:00:00,0,
2025.12.29 13:35:00,scan_executed_new_execution_bar,USDJPY,2025.12.29 13:15:00,15,
2025.12.29 13:39:59,scan_skipped_same_execution_bar,USDJPY,2025.12.29 13:15:00,0,
2025.12.29 13:49:59,scan_executed_new_execution_bar,USDJPY,2025.12.29 13:30:00,16,
2025.12.29 13:54:59,scan_skipped_same_execution_bar,USDJPY,2025.12.29 13:30:00,0,
2025.12.29 14:04:59,scan_executed_new_execution_bar,USDJPY,2025.12.29 13:45:00,0,
2025.12.29 14:10:00,scan_skipped_same_execution_bar,USDJPY,2025.12.29 13:45:00,0,
2025.12.29 14:19:59,scan_executed_new_execution_bar,USDJPY,2025.12.29 14:00:00,0,
2025.12.29 14:24:59,scan_skipped_same_execution_bar,USDJPY,2025.12.29 14:00:00,0,
2025.12.29 14:34:59,scan_executed_new_execution_bar,USDJPY,2025.12.29 14:15:00,16,
2025.12.29 14:39:59,scan_skipped_same_execution_bar,USDJPY,2025.12.29 14:15:00,0,
2025.12.29 14:49:59,scan_executed_new_execution_bar,USDJPY,2025.12.29 14:30:00,0,
2025.12.29 14:54:59,scan_skipped_same_execution_bar,USDJPY,2025.12.29 14:30:00,0,
2025.12.29 15:04:59,scan_executed_new_execution_bar,USDJPY,2025.12.29 14:45:00,0,
2025.12.29 15:09:59,scan_skipped_same_execution_bar,USDJPY,2025.12.29 14:45:00,0,
2025.12.29 15:19:59,scan_executed_new_execution_bar,USDJPY,2025.12.29 15:00:00,0,
2025.12.29 15:24:59,scan_skipped_same_execution_bar,USDJPY,2025.12.29 15:00:00,0,
2025.12.29 15:34:59,scan_executed_new_execution_bar,USDJPY,2025.12.29 15:15:00,0,
2025.12.29 15:39:59,scan_skipped_same_execution_bar,USDJPY,2025.12.29 15:15:00,0,
2025.12.29 15:49:59,scan_executed_new_execution_bar,USDJPY,2025.12.29 15:30:00,0,
2025.12.29 15:55:00,scan_skipped_same_execution_bar,USDJPY,2025.12.29 15:30:00,0,
2025.12.29 16:04:59,scan_executed_new_execution_bar,USDJPY,2025.12.29 15:45:00,16,
2025.12.29 16:09:59,scan_skipped_same_execution_bar,USDJPY,2025.12.29 15:45:00,0,
2025.12.29 16:19:59,scan_executed_new_execution_bar,USDJPY,2025.12.29 16:00:00,0,
2025.12.29 16:24:59,scan_skipped_same_execution_bar,USDJPY,2025.12.29 16:00:00,0,
2025.12.29 16:34:59,scan_executed_new_execution_bar,USDJPY,2025.12.29 16:15:00,0,
2025.12.29 16:39:59,scan_skipped_same_execution_bar,USDJPY,2025.12.29 16:15:00,0,
2025.12.29 16:49:59,scan_executed_new_execution_bar,USDJPY,2025.12.29 16:30:00,0,
2025.12.29 16:54:59,scan_skipped_same_execution_bar,USDJPY,2025.12.29 16:30:00,0,
2025.12.29 17:04:59,scan_executed_new_execution_bar,USDJPY,2025.12.29 16:45:00,15,
2025.12.29 17:09:59,scan_skipped_same_execution_bar,USDJPY,2025.12.29 16:45:00,0,
2025.12.29 17:19:59,scan_executed_new_execution_bar,USDJPY,2025.12.29 17:00:00,16,
2025.12.29 17:24:59,scan_skipped_same_execution_bar,USDJPY,2025.12.29 17:00:00,0,
2025.12.29 17:34:59,scan_executed_new_execution_bar,USDJPY,2025.12.29 17:15:00,0,
2025.12.29 17:39:59,scan_skipped_same_execution_bar,USDJPY,2025.12.29 17:15:00,0,
2025.12.29 17:49:59,scan_executed_new_execution_bar,USDJPY,2025.12.29 17:30:00,0,
2025.12.29 17:54:59,scan_skipped_same_execution_bar,USDJPY,2025.12.29 17:30:00,0,
2025.12.29 18:04:59,scan_executed_new_execution_bar,USDJPY,2025.12.29 17:45:00,0,
2025.12.29 18:09:59,scan_skipped_same_execution_bar,USDJPY,2025.12.29 17:45:00,0,
2025.12.29 18:19:59,scan_executed_new_execution_bar,USDJPY,2025.12.29 18:00:00,0,
2025.12.29 18:24:59,scan_skipped_same_execution_bar,USDJPY,2025.12.29 18:00:00,0,
2025.12.29 18:34:59,scan_executed_new_execution_bar,USDJPY,2025.12.29 18:15:00,16,
2025.12.29 18:39:59,scan_skipped_same_execution_bar,USDJPY,2025.12.29 18:15:00,0,
2025.12.29 18:49:59,scan_executed_new_execution_bar,USDJPY,2025.12.29 18:30:00,0,
2025.12.29 18:54:59,scan_skipped_same_execution_bar,USDJPY,2025.12.29 18:30:00,0,
2025.12.29 19:04:59,scan_executed_new_execution_bar,USDJPY,2025.12.29 18:45:00,32,
2025.12.29 19:09:59,scan_skipped_same_execution_bar,USDJPY,2025.12.29 18:45:00,0,
2025.12.29 19:20:00,scan_executed_new_execution_bar,USDJPY,2025.12.29 19:00:00,0,
2025.12.29 19:24:59,scan_skipped_same_execution_bar,USDJPY,2025.12.29 19:00:00,0,
2025.12.29 19:34:59,scan_executed_new_execution_bar,USDJPY,2025.12.29 19:15:00,0,
2025.12.29 19:39:58,scan_skipped_same_execution_bar,USDJPY,2025.12.29 19:15:00,0,
2025.12.29 19:49:59,scan_executed_new_execution_bar,USDJPY,2025.12.29 19:30:00,16,
2025.12.29 19:54:59,scan_skipped_same_execution_bar,USDJPY,2025.12.29 19:30:00,0,
2025.12.29 20:04:59,scan_executed_new_execution_bar,USDJPY,2025.12.29 19:45:00,16,
2025.12.29 20:09:59,scan_skipped_same_execution_bar,USDJPY,2025.12.29 19:45:00,0,
2025.12.29 20:19:59,scan_executed_new_execution_bar,USDJPY,2025.12.29 20:00:00,0,
2025.12.29 20:24:59,scan_skipped_same_execution_bar,USDJPY,2025.12.29 20:00:00,0,
2025.12.29 20:34:59,scan_executed_new_execution_bar,USDJPY,2025.12.29 20:15:00,0,
2025.12.29 20:39:59,scan_skipped_same_execution_bar,USDJPY,2025.12.29 20:15:00,0,
2025.12.29 20:49:59,scan_executed_new_execution_bar,USDJPY,2025.12.29 20:30:00,0,
2025.12.29 20:54:58,scan_skipped_same_execution_bar,USDJPY,2025.12.29 20:30:00,0,
2025.12.29 21:04:58,scan_executed_new_execution_bar,USDJPY,2025.12.29 20:45:00,0,
2025.12.29 21:09:59,scan_skipped_same_execution_bar,USDJPY,2025.12.29 20:45:00,0,
2025.12.29 21:19:59,scan_executed_new_execution_bar,USDJPY,2025.12.29 21:00:00,0,
2025.12.29 21:24:59,scan_skipped_same_execution_bar,USDJPY,2025.12.29 21:00:00,0,
2025.12.29 21:34:59,scan_executed_new_execution_bar,USDJPY,2025.12.29 21:15:00,0,
2025.12.29 21:39:59,scan_skipped_same_execution_bar,USDJPY,2025.12.29 21:15:00,0,
2025.12.29 21:49:59,scan_executed_new_execution_bar,USDJPY,2025.12.29 21:30:00,0,
2025.12.29 21:54:59,scan_skipped_same_execution_bar,USDJPY,2025.12.29 21:30:00,0,
2025.12.29 22:04:59,scan_executed_new_execution_bar,USDJPY,2025.12.29 21:45:00,0,
2025.12.29 22:09:59,scan_skipped_same_execution_bar,USDJPY,2025.12.29 21:45:00,0,
2025.12.29 22:19:57,scan_executed_new_execution_bar,USDJPY,2025.12.29 22:00:00,0,
2025.12.29 22:24:56,scan_skipped_same_execution_bar,USDJPY,2025.12.29 22:00:00,0,
2025.12.29 22:34:59,scan_executed_new_execution_bar,USDJPY,2025.12.29 22:15:00,0,
2025.12.29 22:39:59,scan_skipped_same_execution_bar,USDJPY,2025.12.29 22:15:00,0,
2025.12.29 22:49:59,scan_executed_new_execution_bar,USDJPY,2025.12.29 22:30:00,0,
2025.12.29 22:54:59,scan_skipped_same_execution_bar,USDJPY,2025.12.29 22:30:00,0,
2025.12.29 23:04:59,scan_executed_new_execution_bar,USDJPY,2025.12.29 22:45:00,0,
2025.12.29 23:09:59,scan_skipped_same_execution_bar,USDJPY,2025.12.29 22:45:00,0,
2025.12.29 23:19:58,scan_executed_new_execution_bar,USDJPY,2025.12.29 23:00:00,0,
2025.12.29 23:24:58,scan_skipped_same_execution_bar,USDJPY,2025.12.29 23:00:00,0,
2025.12.29 23:34:55,scan_executed_new_execution_bar,USDJPY,2025.12.29 23:15:00,0,
2025.12.29 23:39:59,scan_skipped_same_execution_bar,USDJPY,2025.12.29 23:15:00,0,
2025.12.29 23:50:00,scan_executed_new_execution_bar,USDJPY,2025.12.29 23:30:00,0,
2025.12.29 23:54:59,scan_skipped_same_execution_bar,USDJPY,2025.12.29 23:30:00,0,
2025.12.30 00:04:57,scan_executed_new_execution_bar,USDJPY,2025.12.29 23:45:00,0,
2025.12.30 00:09:59,scan_skipped_same_execution_bar,USDJPY,2025.12.29 23:45:00,0,
2025.12.30 00:19:59,scan_executed_new_execution_bar,USDJPY,2025.12.30 00:00:00,0,
2025.12.30 00:24:59,scan_skipped_same_execution_bar,USDJPY,2025.12.30 00:00:00,0,
2025.12.30 00:34:59,scan_executed_new_execution_bar,USDJPY,2025.12.30 00:15:00,0,
2025.12.30 00:39:59,scan_skipped_same_execution_bar,USDJPY,2025.12.30 00:15:00,0,
2025.12.30 00:49:59,scan_executed_new_execution_bar,USDJPY,2025.12.30 00:30:00,0,
2025.12.30 00:54:59,scan_skipped_same_execution_bar,USDJPY,2025.12.30 00:30:00,0,
2025.12.30 01:04:59,scan_executed_new_execution_bar,USDJPY,2025.12.30 00:45:00,0,
2025.12.30 01:09:55,scan_skipped_same_execution_bar,USDJPY,2025.12.30 00:45:00,0,
2025.12.30 01:19:59,scan_executed_new_execution_bar,USDJPY,2025.12.30 01:00:00,0,
2025.12.30 01:24:59,scan_skipped_same_execution_bar,USDJPY,2025.12.30 01:00:00,0,
2025.12.30 01:34:57,scan_executed_new_execution_bar,USDJPY,2025.12.30 01:15:00,0,
2025.12.30 01:39:59,scan_skipped_same_execution_bar,USDJPY,2025.12.30 01:15:00,0,
2025.12.30 01:49:59,scan_executed_new_execution_bar,USDJPY,2025.12.30 01:30:00,0,
2025.12.30 01:54:55,scan_skipped_same_execution_bar,USDJPY,2025.12.30 01:30:00,0,
2025.12.30 02:04:59,scan_executed_new_execution_bar,USDJPY,2025.12.30 01:45:00,0,
2025.12.30 02:09:59,scan_skipped_same_execution_bar,USDJPY,2025.12.30 01:45:00,0,
2025.12.30 02:19:59,scan_executed_new_execution_bar,USDJPY,2025.12.30 02:00:00,0,
2025.12.30 02:24:59,scan_skipped_same_execution_bar,USDJPY,2025.12.30 02:00:00,0,
2025.12.30 02:34:59,scan_executed_new_execution_bar,USDJPY,2025.12.30 02:15:00,0,
2025.12.30 02:40:00,scan_skipped_same_execution_bar,USDJPY,2025.12.30 02:15:00,0,
2025.12.30 02:49:59,scan_executed_new_execution_bar,USDJPY,2025.12.30 02:30:00,0,
2025.12.30 02:54:59,scan_skipped_same_execution_bar,USDJPY,2025.12.30 02:30:00,0,
2025.12.30 03:04:59,scan_executed_new_execution_bar,USDJPY,2025.12.30 02:45:00,0,
2025.12.30 03:09:58,scan_skipped_same_execution_bar,USDJPY,2025.12.30 02:45:00,0,
2025.12.30 03:19:59,scan_executed_new_execution_bar,USDJPY,2025.12.30 03:00:00,31,
2025.12.30 03:24:59,scan_skipped_same_execution_bar,USDJPY,2025.12.30 03:00:00,0,
2025.12.30 03:34:59,scan_executed_new_execution_bar,USDJPY,2025.12.30 03:15:00,0,
2025.12.30 03:39:59,scan_skipped_same_execution_bar,USDJPY,2025.12.30 03:15:00,0,
2025.12.30 03:49:59,scan_executed_new_execution_bar,USDJPY,2025.12.30 03:30:00,0,
2025.12.30 03:54:59,scan_skipped_same_execution_bar,USDJPY,2025.12.30 03:30:00,0,
2025.12.30 04:04:58,scan_executed_new_execution_bar,USDJPY,2025.12.30 03:45:00,0,
2025.12.30 04:09:59,scan_skipped_same_execution_bar,USDJPY,2025.12.30 03:45:00,0,
2025.12.30 04:19:59,scan_executed_new_execution_bar,USDJPY,2025.12.30 04:00:00,0,
2025.12.30 04:24:59,scan_skipped_same_execution_bar,USDJPY,2025.12.30 04:00:00,0,
2025.12.30 04:34:58,scan_executed_new_execution_bar,USDJPY,2025.12.30 04:15:00,0,
2025.12.30 04:39:59,scan_skipped_same_execution_bar,USDJPY,2025.12.30 04:15:00,0,
2025.12.30 04:49:59,scan_executed_new_execution_bar,USDJPY,2025.12.30 04:30:00,0,
2025.12.30 04:54:59,scan_skipped_same_execution_bar,USDJPY,2025.12.30 04:30:00,0,
2025.12.30 05:04:58,scan_executed_new_execution_bar,USDJPY,2025.12.30 04:45:00,0,
2025.12.30 05:09:59,scan_skipped_same_execution_bar,USDJPY,2025.12.30 04:45:00,0,
2025.12.30 05:19:59,scan_executed_new_execution_bar,USDJPY,2025.12.30 05:00:00,0,
2025.12.30 05:24:59,scan_skipped_same_execution_bar,USDJPY,2025.12.30 05:00:00,0,
2025.12.30 05:34:59,scan_executed_new_execution_bar,USDJPY,2025.12.30 05:15:00,16,
2025.12.30 05:39:59,scan_skipped_same_execution_bar,USDJPY,2025.12.30 05:15:00,0,
2025.12.30 05:49:59,scan_executed_new_execution_bar,USDJPY,2025.12.30 05:30:00,15,
2025.12.30 05:54:59,scan_skipped_same_execution_bar,USDJPY,2025.12.30 05:30:00,0,
2025.12.30 06:04:59,scan_executed_new_execution_bar,USDJPY,2025.12.30 05:45:00,0,
2025.12.30 06:09:59,scan_skipped_same_execution_bar,USDJPY,2025.12.30 05:45:00,0,
2025.12.30 06:19:56,scan_executed_new_execution_bar,USDJPY,2025.12.30 06:00:00,0,
2025.12.30 06:24:54,scan_skipped_same_execution_bar,USDJPY,2025.12.30 06:00:00,0,
2025.12.30 06:34:59,scan_executed_new_execution_bar,USDJPY,2025.12.30 06:15:00,0,
2025.12.30 06:39:59,scan_skipped_same_execution_bar,USDJPY,2025.12.30 06:15:00,0,
2025.12.30 06:49:58,scan_executed_new_execution_bar,USDJPY,2025.12.30 06:30:00,0,
2025.12.30 06:54:59,scan_skipped_same_execution_bar,USDJPY,2025.12.30 06:30:00,0,
2025.12.30 07:04:59,scan_executed_new_execution_bar,USDJPY,2025.12.30 06:45:00,0,
2025.12.30 07:09:59,scan_skipped_same_execution_bar,USDJPY,2025.12.30 06:45:00,0,
2025.12.30 07:19:59,scan_executed_new_execution_bar,USDJPY,2025.12.30 07:00:00,0,
2025.12.30 07:24:59,scan_skipped_same_execution_bar,USDJPY,2025.12.30 07:00:00,0,
2025.12.30 07:34:59,scan_executed_new_execution_bar,USDJPY,2025.12.30 07:15:00,0,
2025.12.30 07:39:59,scan_skipped_same_execution_bar,USDJPY,2025.12.30 07:15:00,0,
2025.12.30 07:49:59,scan_executed_new_execution_bar,USDJPY,2025.12.30 07:30:00,0,
2025.12.30 07:54:59,scan_skipped_same_execution_bar,USDJPY,2025.12.30 07:30:00,0,
2025.12.30 08:05:00,scan_executed_new_execution_bar,USDJPY,2025.12.30 07:45:00,0,
2025.12.30 08:09:59,scan_skipped_same_execution_bar,USDJPY,2025.12.30 07:45:00,0,
2025.12.30 08:19:59,scan_executed_new_execution_bar,USDJPY,2025.12.30 08:00:00,0,
2025.12.30 08:24:59,scan_skipped_same_execution_bar,USDJPY,2025.12.30 08:00:00,0,
2025.12.30 08:34:59,scan_executed_new_execution_bar,USDJPY,2025.12.30 08:15:00,0,
2025.12.30 08:39:59,scan_skipped_same_execution_bar,USDJPY,2025.12.30 08:15:00,0,
2025.12.30 08:49:59,scan_executed_new_execution_bar,USDJPY,2025.12.30 08:30:00,0,
2025.12.30 08:54:59,scan_skipped_same_execution_bar,USDJPY,2025.12.30 08:30:00,0,
2025.12.30 09:04:59,scan_executed_new_execution_bar,USDJPY,2025.12.30 08:45:00,0,
2025.12.30 09:09:59,scan_skipped_same_execution_bar,USDJPY,2025.12.30 08:45:00,0,
2025.12.30 09:19:59,scan_executed_new_execution_bar,USDJPY,2025.12.30 09:00:00,32,
2025.12.30 09:24:58,scan_skipped_same_execution_bar,USDJPY,2025.12.30 09:00:00,0,
2025.12.30 09:34:59,scan_executed_new_execution_bar,USDJPY,2025.12.30 09:15:00,15,
2025.12.30 09:39:59,scan_skipped_same_execution_bar,USDJPY,2025.12.30 09:15:00,0,
2025.12.30 09:49:59,scan_executed_new_execution_bar,USDJPY,2025.12.30 09:30:00,0,
2025.12.30 09:54:59,scan_skipped_same_execution_bar,USDJPY,2025.12.30 09:30:00,0,
2025.12.30 10:04:59,scan_executed_new_execution_bar,USDJPY,2025.12.30 09:45:00,0,
2025.12.30 10:09:59,scan_skipped_same_execution_bar,USDJPY,2025.12.30 09:45:00,0,
2025.12.30 10:19:59,scan_executed_new_execution_bar,USDJPY,2025.12.30 10:00:00,0,
2025.12.30 10:24:59,scan_skipped_same_execution_bar,USDJPY,2025.12.30 10:00:00,0,
2025.12.30 10:34:59,scan_executed_new_execution_bar,USDJPY,2025.12.30 10:15:00,0,
2025.12.30 10:39:59,scan_skipped_same_execution_bar,USDJPY,2025.12.30 10:15:00,0,
2025.12.30 10:49:59,scan_executed_new_execution_bar,USDJPY,2025.12.30 10:30:00,16,
2025.12.30 10:54:59,scan_skipped_same_execution_bar,USDJPY,2025.12.30 10:30:00,0,
2025.12.30 11:04:59,scan_executed_new_execution_bar,USDJPY,2025.12.30 10:45:00,15,
2025.12.30 11:09:59,scan_skipped_same_execution_bar,USDJPY,2025.12.30 10:45:00,0,
2025.12.30 11:19:59,scan_executed_new_execution_bar,USDJPY,2025.12.30 11:00:00,0,
2025.12.30 11:24:59,scan_skipped_same_execution_bar,USDJPY,2025.12.30 11:00:00,0,
2025.12.30 11:34:59,scan_executed_new_execution_bar,USDJPY,2025.12.30 11:15:00,15,
2025.12.30 11:39:59,scan_skipped_same_execution_bar,USDJPY,2025.12.30 11:15:00,0,
2025.12.30 11:49:58,scan_executed_new_execution_bar,USDJPY,2025.12.30 11:30:00,0,
2025.12.30 11:54:59,scan_skipped_same_execution_bar,USDJPY,2025.12.30 11:30:00,0,
2025.12.30 12:04:59,scan_executed_new_execution_bar,USDJPY,2025.12.30 11:45:00,0,
2025.12.30 12:09:59,scan_skipped_same_execution_bar,USDJPY,2025.12.30 11:45:00,0,
2025.12.30 12:19:59,scan_executed_new_execution_bar,USDJPY,2025.12.30 12:00:00,0,
2025.12.30 12:24:59,scan_skipped_same_execution_bar,USDJPY,2025.12.30 12:00:00,0,
2025.12.30 12:34:59,scan_executed_new_execution_bar,USDJPY,2025.12.30 12:15:00,0,
2025.12.30 12:39:58,scan_skipped_same_execution_bar,USDJPY,2025.12.30 12:15:00,0,
2025.12.30 12:49:59,scan_executed_new_execution_bar,USDJPY,2025.12.30 12:30:00,0,
2025.12.30 12:54:59,scan_skipped_same_execution_bar,USDJPY,2025.12.30 12:30:00,0,
2025.12.30 13:04:59,scan_executed_new_execution_bar,USDJPY,2025.12.30 12:45:00,16,
2025.12.30 13:09:59,scan_skipped_same_execution_bar,USDJPY,2025.12.30 12:45:00,0,
2025.12.30 13:19:58,scan_executed_new_execution_bar,USDJPY,2025.12.30 13:00:00,0,
2025.12.30 13:24:58,scan_skipped_same_execution_bar,USDJPY,2025.12.30 13:00:00,0,
2025.12.30 13:34:59,scan_executed_new_execution_bar,USDJPY,2025.12.30 13:15:00,16,
2025.12.30 13:39:59,scan_skipped_same_execution_bar,USDJPY,2025.12.30 13:15:00,0,
2025.12.30 13:49:59,scan_executed_new_execution_bar,USDJPY,2025.12.30 13:30:00,15,
2025.12.30 13:54:59,scan_skipped_same_execution_bar,USDJPY,2025.12.30 13:30:00,0,
2025.12.30 14:04:59,scan_executed_new_execution_bar,USDJPY,2025.12.30 13:45:00,0,
2025.12.30 14:09:59,scan_skipped_same_execution_bar,USDJPY,2025.12.30 13:45:00,0,
2025.12.30 14:19:59,scan_executed_new_execution_bar,USDJPY,2025.12.30 14:00:00,31,
2025.12.30 14:25:00,scan_skipped_same_execution_bar,USDJPY,2025.12.30 14:00:00,0,
2025.12.30 14:34:59,scan_executed_new_execution_bar,USDJPY,2025.12.30 14:15:00,0,
2025.12.30 14:39:59,scan_skipped_same_execution_bar,USDJPY,2025.12.30 14:15:00,0,
2025.12.30 14:49:59,scan_executed_new_execution_bar,USDJPY,2025.12.30 14:30:00,0,
2025.12.30 14:54:59,scan_skipped_same_execution_bar,USDJPY,2025.12.30 14:30:00,0,
2025.12.30 15:04:59,scan_executed_new_execution_bar,USDJPY,2025.12.30 14:45:00,0,
2025.12.30 15:09:59,scan_skipped_same_execution_bar,USDJPY,2025.12.30 14:45:00,0,
2025.12.30 15:19:59,scan_executed_new_execution_bar,USDJPY,2025.12.30 15:00:00,0,
2025.12.30 15:24:59,scan_skipped_same_execution_bar,USDJPY,2025.12.30 15:00:00,0,
2025.12.30 15:34:59,scan_executed_new_execution_bar,USDJPY,2025.12.30 15:15:00,0,
2025.12.30 15:39:59,scan_skipped_same_execution_bar,USDJPY,2025.12.30 15:15:00,0,
2025.12.30 15:49:59,scan_executed_new_execution_bar,USDJPY,2025.12.30 15:30:00,0,
2025.12.30 15:54:59,scan_skipped_same_execution_bar,USDJPY,2025.12.30 15:30:00,0,
2025.12.30 16:04:59,scan_executed_new_execution_bar,USDJPY,2025.12.30 15:45:00,0,
2025.12.30 16:09:59,scan_skipped_same_execution_bar,USDJPY,2025.12.30 15:45:00,0,
2025.12.30 16:19:59,scan_executed_new_execution_bar,USDJPY,2025.12.30 16:00:00,0,
2025.12.30 16:24:59,scan_skipped_same_execution_bar,USDJPY,2025.12.30 16:00:00,0,
2025.12.30 16:34:59,scan_executed_new_execution_bar,USDJPY,2025.12.30 16:15:00,0,
2025.12.30 16:39:59,scan_skipped_same_execution_bar,USDJPY,2025.12.30 16:15:00,0,
2025.12.30 16:49:59,scan_executed_new_execution_bar,USDJPY,2025.12.30 16:30:00,15,
2025.12.30 16:54:59,scan_skipped_same_execution_bar,USDJPY,2025.12.30 16:30:00,0,
2025.12.30 17:04:59,scan_executed_new_execution_bar,USDJPY,2025.12.30 16:45:00,0,
2025.12.30 17:09:59,scan_skipped_same_execution_bar,USDJPY,2025.12.30 16:45:00,0,
2025.12.30 17:19:59,scan_executed_new_execution_bar,USDJPY,2025.12.30 17:00:00,0,
2025.12.30 17:24:59,scan_skipped_same_execution_bar,USDJPY,2025.12.30 17:00:00,0,
2025.12.30 17:30:00,scan_executed_new_execution_bar,USDJPY,2025.12.30 17:15:00,15,
2025.12.30 17:34:59,scan_skipped_same_execution_bar,USDJPY,2025.12.30 17:15:00,0,
2025.12.30 17:49:59,scan_executed_new_execution_bar,USDJPY,2025.12.30 17:30:00,32,
2025.12.30 17:54:59,scan_skipped_same_execution_bar,USDJPY,2025.12.30 17:30:00,0,
2025.12.30 18:04:59,scan_executed_new_execution_bar,USDJPY,2025.12.30 17:45:00,31,
2025.12.30 18:09:59,scan_skipped_same_execution_bar,USDJPY,2025.12.30 17:45:00,0,
2025.12.30 18:19:59,scan_executed_new_execution_bar,USDJPY,2025.12.30 18:00:00,0,
2025.12.30 18:24:59,scan_skipped_same_execution_bar,USDJPY,2025.12.30 18:00:00,0,
2025.12.30 18:34:59,scan_executed_new_execution_bar,USDJPY,2025.12.30 18:15:00,0,
2025.12.30 18:39:59,scan_skipped_same_execution_bar,USDJPY,2025.12.30 18:15:00,0,
2025.12.30 18:49:59,scan_executed_new_execution_bar,USDJPY,2025.12.30 18:30:00,16,
2025.12.30 18:54:59,scan_skipped_same_execution_bar,USDJPY,2025.12.30 18:30:00,0,
2025.12.30 19:04:59,scan_executed_new_execution_bar,USDJPY,2025.12.30 18:45:00,0,
2025.12.30 19:09:59,scan_skipped_same_execution_bar,USDJPY,2025.12.30 18:45:00,0,
2025.12.30 19:19:59,scan_executed_new_execution_bar,USDJPY,2025.12.30 19:00:00,0,
2025.12.30 19:25:00,scan_skipped_same_execution_bar,USDJPY,2025.12.30 19:00:00,0,
2025.12.30 19:34:59,scan_executed_new_execution_bar,USDJPY,2025.12.30 19:15:00,16,
2025.12.30 19:39:59,scan_skipped_same_execution_bar,USDJPY,2025.12.30 19:15:00,0,
2025.12.30 19:49:59,scan_executed_new_execution_bar,USDJPY,2025.12.30 19:30:00,15,
2025.12.30 19:54:59,scan_skipped_same_execution_bar,USDJPY,2025.12.30 19:30:00,0,
2025.12.30 20:04:58,scan_executed_new_execution_bar,USDJPY,2025.12.30 19:45:00,0,
2025.12.30 20:09:59,scan_skipped_same_execution_bar,USDJPY,2025.12.30 19:45:00,0,
2025.12.30 20:19:54,scan_executed_new_execution_bar,USDJPY,2025.12.30 20:00:00,15,
2025.12.30 20:24:59,scan_skipped_same_execution_bar,USDJPY,2025.12.30 20:00:00,0,
2025.12.30 20:34:59,scan_executed_new_execution_bar,USDJPY,2025.12.30 20:15:00,16,
2025.12.30 20:39:59,scan_skipped_same_execution_bar,USDJPY,2025.12.30 20:15:00,0,
2025.12.30 20:49:59,scan_executed_new_execution_bar,USDJPY,2025.12.30 20:30:00,0,
2025.12.30 20:54:59,scan_skipped_same_execution_bar,USDJPY,2025.12.30 20:30:00,0,
2025.12.30 21:04:59,scan_executed_new_execution_bar,USDJPY,2025.12.30 20:45:00,15,
2025.12.30 21:09:59,scan_skipped_same_execution_bar,USDJPY,2025.12.30 20:45:00,0,
2025.12.30 21:19:59,scan_executed_new_execution_bar,USDJPY,2025.12.30 21:00:00,16,
2025.12.30 21:24:59,scan_skipped_same_execution_bar,USDJPY,2025.12.30 21:00:00,0,
2025.12.30 21:34:59,scan_executed_new_execution_bar,USDJPY,2025.12.30 21:15:00,0,
2025.12.30 21:39:59,scan_skipped_same_execution_bar,USDJPY,2025.12.30 21:15:00,0,
2025.12.30 21:49:59,scan_executed_new_execution_bar,USDJPY,2025.12.30 21:30:00,0,
2025.12.30 21:54:59,scan_skipped_same_execution_bar,USDJPY,2025.12.30 21:30:00,0,
2025.12.30 22:05:00,scan_executed_new_execution_bar,USDJPY,2025.12.30 21:45:00,0,
2025.12.30 22:09:58,scan_skipped_same_execution_bar,USDJPY,2025.12.30 21:45:00,0,
2025.12.30 22:19:59,scan_executed_new_execution_bar,USDJPY,2025.12.30 22:00:00,31,
2025.12.30 22:24:59,scan_skipped_same_execution_bar,USDJPY,2025.12.30 22:00:00,0,
2025.12.30 22:34:59,scan_executed_new_execution_bar,USDJPY,2025.12.30 22:15:00,0,
2025.12.30 22:39:59,scan_skipped_same_execution_bar,USDJPY,2025.12.30 22:15:00,0,
2025.12.30 22:49:59,scan_executed_new_execution_bar,USDJPY,2025.12.30 22:30:00,15,
2025.12.30 22:54:59,scan_skipped_same_execution_bar,USDJPY,2025.12.30 22:30:00,0,
2025.12.30 23:04:59,scan_executed_new_execution_bar,USDJPY,2025.12.30 22:45:00,0,
2025.12.30 23:09:59,scan_skipped_same_execution_bar,USDJPY,2025.12.30 22:45:00,0,
2025.12.30 23:19:56,scan_executed_new_execution_bar,USDJPY,2025.12.30 23:00:00,0,
2025.12.30 23:24:55,scan_skipped_same_execution_bar,USDJPY,2025.12.30 23:00:00,0,
2025.12.30 23:34:59,scan_executed_new_execution_bar,USDJPY,2025.12.30 23:15:00,0,
2025.12.30 23:39:59,scan_skipped_same_execution_bar,USDJPY,2025.12.30 23:15:00,0,
2025.12.30 23:49:59,scan_executed_new_execution_bar,USDJPY,2025.12.30 23:30:00,0,
2025.12.30 23:54:55,scan_skipped_same_execution_bar,USDJPY,2025.12.30 23:30:00,0,
