period_id,variant,near_miss_group,m5_invalidation_quality_bucket,trades,wins,win_rate,net_profit,gross_profit,gross_loss,profit_factor,sum_r,avg_r,r_profit_factor,max_dd_profit,max_dd_pct,recovery_factor,full_sl_exits,full_sl_rate,tp_exits,tp_exit_rate,time_exits,time_exit_rate,avg_mfe_r,avg_mae_r,reached_0_5r_rate,reached_0_8r_rate,reached_1_0r_rate,reached_1_3r_rate,reached_1_5r_rate
full2025_validation,base,E_reject_not_near_miss,none,318,77,0.24213836477987422,-1144.89,1647.43,-2792.3199999999993,0.5899861047444421,-50.320699999999974,-0.15824119496855338,0.5936911578994966,1179.96,11.7996,-0.9702786535136785,33,0.10377358490566038,49,0.1540880503144654,236,0.7421383647798742,0.5970767295597484,0.5698836477987422,0.4968553459119497,0.31761006289308175,0.24528301886792453,0.12578616352201258,0.0031446540880503146
full2025_validation,best_single,A_required_light_pass,none,34,13,0.38235294117647056,68.63000000000001,355.41,-286.78000000000003,1.2393123648790012,2.9028,0.08537647058823529,1.2479753972321888,134.01,1.3401,0.5121259607491979,6,0.17647058823529413,10,0.29411764705882354,18,0.5294117647058824,0.78645,0.5271294117647057,0.6470588235294118,0.5,0.4117647058823529,0.23529411764705882,0.0
full2025_validation,best_single,A_required_light_pass,normal,4,1,0.25,9.660000000000002,31.41,-21.75,1.4441379310344828,0.42100000000000015,0.10525000000000004,1.4770538243626063,14.62,0.1462,0.6607387140902874,0,0.0,1,0.25,3,0.75,0.8614999999999999,0.434075,0.75,0.5,0.5,0.25,0.0
full2025_validation,best_single,A_required_light_pass,strong,5,3,0.6,57.199999999999996,77.02,-19.82,3.8859737638748735,2.2781000000000002,0.45562,3.7931584109857774,19.82,0.1982,2.8859737638748735,0,0.0,2,0.4,3,0.6,0.8492599999999999,0.47380000000000005,0.8,0.4,0.4,0.2,0.0
full2025_validation,best_single,A_required_light_pass,very_strong,7,2,0.2857142857142857,-1.2000000000000028,64.52,-65.72,0.9817407181984175,-0.10830000000000001,-0.015471428571428572,0.9602772887323944,31.29,0.31289999999999996,-0.038350910834132404,1,0.14285714285714285,2,0.2857142857142857,4,0.5714285714285714,0.6564,0.45135714285714285,0.42857142857142855,0.42857142857142855,0.2857142857142857,0.2857142857142857,0.0
full2025_validation,best_two,A_required_light_pass,none,23,10,0.43478260869565216,116.39999999999998,278.65,-162.25,1.7174114021571647,4.947400000000001,0.215104347826087,1.7222270882601964,74.26,0.7426,1.5674656611904116,3,0.13043478260869565,8,0.34782608695652173,12,0.5217391304347826,0.8507608695652173,0.5078260869565218,0.6956521739130435,0.5652173913043478,0.4782608695652174,0.30434782608695654,0.0
full2025_validation,best_two,A_required_light_pass,normal,1,1,1.0,31.41,31.41,0,inf,1.3035,1.3035,inf,0.0,0.0,inf,0,0.0,1,1.0,0,0.0,1.3035,0.4903,1.0,1.0,1.0,1.0,0.0
full2025_validation,best_two,A_required_light_pass,strong,2,2,1.0,41.76,41.76,0,inf,1.7651999999999999,0.8825999999999999,inf,0.0,0.0,inf,0,0.0,1,0.5,1,0.5,0.9671,0.43845,1.0,0.5,0.5,0.0,0.0
full2025_validation,best_two,A_required_light_pass,very_strong,4,2,0.5,31.930000000000003,62.68,-30.75,2.0383739837398376,1.3122,0.32805,2.004824259131633,30.749999999999996,0.30749999999999994,1.0383739837398376,1,0.25,2,0.5,1,0.25,0.727075,0.3926,0.5,0.5,0.5,0.5,0.0
full2025_validation,best_two,B_reject_mfe1_winner,none,8,8,1.0,132.26999999999998,132.26999999999998,0,inf,5.499499999999999,0.6874374999999999,inf,0.0,0.0,inf,0,0.0,3,0.375,5,0.625,1.220925,0.32696250000000004,1.0,1.0,1.0,0.0,0.0
full2025_validation,best_two,B_reject_mfe1_winner,normal,2,2,1.0,17.79,17.79,0,inf,0.7837,0.39185,inf,0.0,0.0,inf,0,0.0,0,0.0,2,1.0,1.11265,0.6048,1.0,1.0,1.0,0.0,0.0
full2025_validation,best_two,B_reject_mfe1_winner,very_strong,1,1,1.0,29.63,29.63,0,inf,1.2995,1.2995,inf,0.0,0.0,inf,0,0.0,1,1.0,0,0.0,1.2995,0.401,1.0,1.0,1.0,0.0,0.0
full2025_validation,best_two,C_reject_loser_or_no_mfe1,none,59,3,0.05084745762711865,-676.1599999999999,21.610000000000003,-697.7699999999999,0.030970090430944303,-28.352400000000003,-0.4805491525423729,0.031518252713056485,683.5299999999999,6.835299999999998,-0.9892177373341331,10,0.1694915254237288,0,0.0,49,0.8305084745762712,0.4852847457627121,0.6172118644067797,0.4067796610169492,0.22033898305084745,0.0847457627118644,0.0,0.0
full2025_validation,best_two,C_reject_loser_or_no_mfe1,normal,6,0,0.0,-69.6,0,-69.6,0.0,-2.9690000000000003,-0.4948333333333334,0.0,69.6,0.696,-1.0,1,0.16666666666666666,0,0.0,5,0.8333333333333334,0.49315,0.65195,0.3333333333333333,0.16666666666666666,0.16666666666666666,0.0,0.0
full2025_validation,best_two,C_reject_loser_or_no_mfe1,strong,8,1,0.125,-48.89,17.55,-66.44,0.2641481035520771,-2.1088999999999998,-0.26361249999999997,0.26781932437593303,48.89,0.4889,-1.0,0,0.0,0,0.0,8,1.0,0.480375,0.5094000000000001,0.5,0.375,0.125,0.0,0.0
full2025_validation,best_two,C_reject_loser_or_no_mfe1,very_strong,28,1,0.03571428571428571,-297.29,0.92,-298.21000000000004,0.0030850742765165485,-12.553099999999997,-0.4483249999999999,0.003200088935474138,297.29,2.9729,-1.0,1,0.03571428571428571,0,0.0,27,0.9642857142857143,0.48770714285714284,0.5123642857142856,0.35714285714285715,0.07142857142857142,0.07142857142857142,0.03571428571428571,0.03571428571428571
full2025_validation,best_two,D_reject_strong_mfe13_winner,none,16,16,1.0,497.56999999999994,497.56999999999994,0,inf,20.995700000000003,1.3122312500000002,inf,0.0,0.0,inf,0,0.0,16,1.0,0,0.0,1.3224687500000003,0.35970624999999995,1.0,1.0,1.0,1.0,0.0
full2025_validation,best_two,D_reject_strong_mfe13_winner,strong,2,2,1.0,32.35,32.35,0,inf,1.3372000000000002,0.6686000000000001,inf,0.0,0.0,inf,0,0.0,1,0.5,1,0.5,1.326,0.345,1.0,1.0,1.0,1.0,0.0
full2025_validation,best_two,D_reject_strong_mfe13_winner,very_strong,4,4,1.0,124.18,124.18,0,inf,5.2596,1.3149,inf,0.0,0.0,inf,0,0.0,4,1.0,0,0.0,1.3149,0.41992500000000005,1.0,1.0,1.0,1.0,0.0
full2025_validation,best_two,E_reject_not_near_miss,none,34,10,0.29411764705882354,-102.08999999999997,208.94,-311.0300000000001,0.671767996656271,-4.019100000000001,-0.11820882352941178,0.6923177033492824,144.81,1.4481000000000002,-0.7049927491195358,5,0.14705882352941177,6,0.17647058823529413,23,0.6764705882352942,0.6082441176470588,0.5735588235294119,0.47058823529411764,0.35294117647058826,0.23529411764705882,0.14705882352941177,0.0
full2025_validation,best_two,E_reject_not_near_miss,normal,8,1,0.125,-102.25,3.15,-105.4,0.02988614800759013,-4.3402,-0.542525,0.02899458588751174,105.4,1.054,-0.9701138519924098,1,0.125,0,0.0,7,0.875,0.32726250000000007,0.6340874999999999,0.25,0.0,0.0,0.0,0.0
full2025_validation,best_two,E_reject_not_near_miss,strong,13,3,0.23076923076923078,0.2600000000000051,80.57,-80.31,1.0032374548624081,-0.038099999999999745,-0.002930769230769211,0.9887934584387317,50.12,0.5012,0.005187549880287413,1,0.07692307692307693,2,0.15384615384615385,10,0.7692307692307693,0.6110615384615385,0.4234307692307692,0.38461538461538464,0.38461538461538464,0.3076923076923077,0.15384615384615385,0.0
full2025_validation,best_two,E_reject_not_near_miss,very_strong,25,7,0.28,-83.50999999999999,145.09,-228.6,0.6346894138232722,-3.4808000000000012,-0.13923200000000005,0.638939889009906,83.50999999999999,0.8351,-1.0,4,0.16,4,0.16,17,0.68,0.6163240000000001,0.6123880000000002,0.48,0.32,0.24,0.12,0.0
full2025_validation,exhaustion,A_required_light_pass,none,23,10,0.43478260869565216,116.39999999999998,278.65,-162.25,1.7174114021571647,4.947400000000001,0.215104347826087,1.7222270882601964,74.26,0.7426,1.5674656611904116,3,0.13043478260869565,8,0.34782608695652173,12,0.5217391304347826,0.8507608695652173,0.5078260869565218,0.6956521739130435,0.5652173913043478,0.4782608695652174,0.30434782608695654,0.0
full2025_validation,exhaustion,A_required_light_pass,normal,1,1,1.0,31.41,31.41,0,inf,1.3035,1.3035,inf,0.0,0.0,inf,0,0.0,1,1.0,0,0.0,1.3035,0.4903,1.0,1.0,1.0,1.0,0.0
full2025_validation,exhaustion,A_required_light_pass,strong,2,2,1.0,41.76,41.76,0,inf,1.7651999999999999,0.8825999999999999,inf,0.0,0.0,inf,0,0.0,1,0.5,1,0.5,0.9671,0.43845,1.0,0.5,0.5,0.0,0.0
full2025_validation,exhaustion,A_required_light_pass,very_strong,4,2,0.5,31.930000000000003,62.68,-30.75,2.0383739837398376,1.3122,0.32805,2.004824259131633,30.749999999999996,0.30749999999999994,1.0383739837398376,1,0.25,2,0.5,1,0.25,0.727075,0.3926,0.5,0.5,0.5,0.5,0.0
full2025_validation,exhaustion,B_reject_mfe1_winner,none,8,8,1.0,132.26999999999998,132.26999999999998,0,inf,5.499499999999999,0.6874374999999999,inf,0.0,0.0,inf,0,0.0,3,0.375,5,0.625,1.220925,0.32696250000000004,1.0,1.0,1.0,0.0,0.0
full2025_validation,exhaustion,B_reject_mfe1_winner,normal,2,2,1.0,17.79,17.79,0,inf,0.7837,0.39185,inf,0.0,0.0,inf,0,0.0,0,0.0,2,1.0,1.11265,0.6048,1.0,1.0,1.0,0.0,0.0
full2025_validation,exhaustion,B_reject_mfe1_winner,very_strong,1,1,1.0,29.63,29.63,0,inf,1.2995,1.2995,inf,0.0,0.0,inf,0,0.0,1,1.0,0,0.0,1.2995,0.401,1.0,1.0,1.0,0.0,0.0
full2025_validation,exhaustion,C_reject_loser_or_no_mfe1,none,59,3,0.05084745762711865,-676.1599999999999,21.610000000000003,-697.7699999999999,0.030970090430944303,-28.352400000000003,-0.4805491525423729,0.031518252713056485,683.5299999999999,6.835299999999998,-0.9892177373341331,10,0.1694915254237288,0,0.0,49,0.8305084745762712,0.4852847457627121,0.6172118644067797,0.4067796610169492,0.22033898305084745,0.0847457627118644,0.0,0.0
full2025_validation,exhaustion,C_reject_loser_or_no_mfe1,normal,6,0,0.0,-69.6,0,-69.6,0.0,-2.9690000000000003,-0.4948333333333334,0.0,69.6,0.696,-1.0,1,0.16666666666666666,0,0.0,5,0.8333333333333334,0.49315,0.65195,0.3333333333333333,0.16666666666666666,0.16666666666666666,0.0,0.0
full2025_validation,exhaustion,C_reject_loser_or_no_mfe1,strong,8,1,0.125,-48.89,17.55,-66.44,0.2641481035520771,-2.1088999999999998,-0.26361249999999997,0.26781932437593303,48.89,0.4889,-1.0,0,0.0,0,0.0,8,1.0,0.480375,0.5094000000000001,0.5,0.375,0.125,0.0,0.0
full2025_validation,exhaustion,C_reject_loser_or_no_mfe1,very_strong,28,1,0.03571428571428571,-297.29,0.92,-298.21000000000004,0.0030850742765165485,-12.553099999999997,-0.4483249999999999,0.003200088935474138,297.29,2.9729,-1.0,1,0.03571428571428571,0,0.0,27,0.9642857142857143,0.48770714285714284,0.5123642857142856,0.35714285714285715,0.07142857142857142,0.07142857142857142,0.03571428571428571,0.03571428571428571
full2025_validation,exhaustion,D_reject_strong_mfe13_winner,none,16,16,1.0,497.56999999999994,497.56999999999994,0,inf,20.995700000000003,1.3122312500000002,inf,0.0,0.0,inf,0,0.0,16,1.0,0,0.0,1.3224687500000003,0.35970624999999995,1.0,1.0,1.0,1.0,0.0
full2025_validation,exhaustion,D_reject_strong_mfe13_winner,strong,2,2,1.0,32.35,32.35,0,inf,1.3372000000000002,0.6686000000000001,inf,0.0,0.0,inf,0,0.0,1,0.5,1,0.5,1.326,0.345,1.0,1.0,1.0,1.0,0.0
full2025_validation,exhaustion,D_reject_strong_mfe13_winner,very_strong,4,4,1.0,124.18,124.18,0,inf,5.2596,1.3149,inf,0.0,0.0,inf,0,0.0,4,1.0,0,0.0,1.3149,0.41992500000000005,1.0,1.0,1.0,1.0,0.0
full2025_validation,exhaustion,E_reject_not_near_miss,none,34,10,0.29411764705882354,-102.08999999999997,208.94,-311.0300000000001,0.671767996656271,-4.019100000000001,-0.11820882352941178,0.6923177033492824,144.81,1.4481000000000002,-0.7049927491195358,5,0.14705882352941177,6,0.17647058823529413,23,0.6764705882352942,0.6082441176470588,0.5735588235294119,0.47058823529411764,0.35294117647058826,0.23529411764705882,0.14705882352941177,0.0
full2025_validation,exhaustion,E_reject_not_near_miss,normal,8,1,0.125,-102.25,3.15,-105.4,0.02988614800759013,-4.3402,-0.542525,0.02899458588751174,105.4,1.054,-0.9701138519924098,1,0.125,0,0.0,7,0.875,0.32726250000000007,0.6340874999999999,0.25,0.0,0.0,0.0,0.0
full2025_validation,exhaustion,E_reject_not_near_miss,strong,13,3,0.23076923076923078,0.2600000000000051,80.57,-80.31,1.0032374548624081,-0.038099999999999745,-0.002930769230769211,0.9887934584387317,50.12,0.5012,0.005187549880287413,1,0.07692307692307693,2,0.15384615384615385,10,0.7692307692307693,0.6110615384615385,0.4234307692307692,0.38461538461538464,0.38461538461538464,0.3076923076923077,0.15384615384615385,0.0
full2025_validation,exhaustion,E_reject_not_near_miss,very_strong,25,7,0.28,-83.50999999999999,145.09,-228.6,0.6346894138232722,-3.4808000000000012,-0.13923200000000005,0.638939889009906,83.50999999999999,0.8351,-1.0,4,0.16,4,0.16,17,0.68,0.6163240000000001,0.6123880000000002,0.48,0.32,0.24,0.12,0.0
full2025_validation,granville,A_required_light_pass,none,23,9,0.391304347826087,34.29,229.71,-195.42000000000002,1.1754682222904513,1.4432000000000005,0.06274782608695655,1.1684643040575242,145.7,1.4569999999999999,0.23534660260809884,4,0.17391304347826086,7,0.30434782608695654,12,0.5217391304347826,0.7824478260869566,0.5584173913043479,0.6521739130434783,0.5217391304347826,0.391304347826087,0.2608695652173913,0.0
full2025_validation,granville,A_required_light_pass,normal,2,1,0.5,25.21,29.17,-3.96,7.366161616161617,1.1162,0.5581,6.959423384943941,3.960000000000001,0.03960000000000001,6.366161616161615,0,0.0,1,0.5,1,0.5,0.7542000000000001,0.37765000000000004,0.5,0.5,0.5,0.5,0.0
full2025_validation,granville,A_required_light_pass,strong,2,2,1.0,39.96,39.96,0,inf,1.7651999999999999,0.8825999999999999,inf,0.0,0.0,inf,0,0.0,1,0.5,1,0.5,0.9671,0.43845,1.0,0.5,0.5,0.0,0.0
full2025_validation,granville,A_required_light_pass,very_strong,6,2,0.3333333333333333,2.8500000000000023,60.44,-57.589999999999996,1.04948775829137,0.07319999999999999,0.012199999999999997,1.0287634091712838,28.38,0.2838,0.1004228329809726,1,0.16666666666666666,2,0.3333333333333333,3,0.5,0.62535,0.49365,0.3333333333333333,0.3333333333333333,0.3333333333333333,0.3333333333333333,0.0
full2025_validation,granville,B_reject_mfe1_winner,none,6,6,1.0,120.94,120.94,0,inf,5.2808,0.8801333333333333,inf,0.0,0.0,inf,0,0.0,3,0.5,3,0.5,1.1727666666666667,0.46320000000000006,1.0,1.0,1.0,0.0,0.0
full2025_validation,granville,B_reject_mfe1_winner,strong,1,1,1.0,31.02,31.02,0,inf,1.299,1.299,inf,0.0,0.0,inf,0,0.0,1,1.0,0,0.0,1.299,0.1842,1.0,1.0,1.0,0.0,0.0
full2025_validation,granville,B_reject_mfe1_winner,very_strong,1,1,1.0,26.96,26.96,0,inf,1.2984,1.2984,inf,0.0,0.0,inf,0,0.0,1,1.0,0,0.0,1.2984,2.4476,1.0,1.0,1.0,0.0,0.0
full2025_validation,granville,C_reject_loser_or_no_mfe1,none,68,4,0.058823529411764705,-756.5900000000001,33.49,-790.08,0.04238811259619279,-32.8478,-0.48305588235294117,0.04397152386884214,763.4000000000001,7.634,-0.9910793817133875,11,0.16176470588235295,0,0.0,57,0.8382352941176471,0.48575882352941163,0.6164014705882351,0.45588235294117646,0.20588235294117646,0.08823529411764706,0.0,0.0
full2025_validation,granville,C_reject_loser_or_no_mfe1,normal,9,0,0.0,-92.41,0,-92.41,0.0,-4.1088,-0.4565333333333333,0.0,92.41,0.9240999999999999,-1.0,2,0.2222222222222222,0,0.0,7,0.7777777777777778,0.4520333333333333,0.5896444444444444,0.3333333333333333,0.1111111111111111,0.1111111111111111,0.0,0.0
full2025_validation,granville,C_reject_loser_or_no_mfe1,strong,9,0,0.0,-117.57000000000001,0,-117.57000000000001,0.0,-5.3198,-0.5910888888888889,0.0,117.57000000000001,1.1757,-1.0,1,0.1111111111111111,0,0.0,8,0.8888888888888888,0.3186777777777777,0.6285444444444445,0.2222222222222222,0.1111111111111111,0.0,0.0,0.0
full2025_validation,granville,C_reject_loser_or_no_mfe1,very_strong,16,1,0.0625,-147.92999999999998,0.92,-148.85,0.006180718844474304,-6.508100000000001,-0.40675625000000004,0.006154175065664897,147.92999999999998,1.4792999999999996,-1.0,0,0.0,0,0.0,16,1.0,0.4828624999999999,0.4926249999999999,0.375,0.1875,0.1875,0.0,0.0
full2025_validation,granville,D_reject_strong_mfe13_winner,none,13,13,1.0,382.15999999999997,382.15999999999997,0,inf,17.0375,1.310576923076923,inf,0.0,0.0,inf,0,0.0,13,1.0,0,0.0,1.312530769230769,0.3669846153846154,1.0,1.0,1.0,1.0,0.0
full2025_validation,granville,D_reject_strong_mfe13_winner,normal,2,2,1.0,61.14,61.14,0,inf,2.6771000000000003,1.3385500000000001,inf,0.0,0.0,inf,0,0.0,2,1.0,0,0.0,1.4635500000000001,1.0684,1.0,1.0,1.0,1.0,0.5
full2025_validation,granville,D_reject_strong_mfe13_winner,strong,1,1,1.0,28.73,28.73,0,inf,1.3196,1.3196,inf,0.0,0.0,inf,0,0.0,1,1.0,0,0.0,1.3226,0.4135,1.0,1.0,1.0,1.0,0.0
full2025_validation,granville,D_reject_strong_mfe13_winner,very_strong,3,3,1.0,80.28,80.28,0,inf,3.9204999999999997,1.3068333333333333,inf,0.0,0.0,inf,0,0.0,3,1.0,0,0.0,1.3068333333333333,0.4041666666666666,1.0,1.0,1.0,1.0,0.0
full2025_validation,granville,E_reject_not_near_miss,none,48,7,0.14583333333333334,-375.24999999999994,126.09,-501.34,0.251505964016436,-16.6408,-0.3466833333333333,0.24879017695919114,393.96999999999997,3.9396999999999993,-0.9524836916516485,6,0.125,3,0.0625,39,0.8125,0.50099375,0.5547312499999999,0.4375,0.22916666666666666,0.14583333333333334,0.041666666666666664,0.0
full2025_validation,granville,E_reject_not_near_miss,normal,10,1,0.1,-133.56,3.15,-136.71,0.023041474654377878,-5.9644,-0.5964400000000001,0.0212668198227765,136.71,1.3671,-0.9769585253456221,2,0.2,0,0.0,8,0.8,0.44160000000000005,0.67082,0.5,0.1,0.0,0.0,0.0
full2025_validation,granville,E_reject_not_near_miss,strong,21,2,0.09523809523809523,-158.32000000000002,41.18,-199.50000000000003,0.2064160401002506,-6.975,-0.33214285714285713,0.213189094067615,158.32000000000002,1.5832000000000002,-1.0,2,0.09523809523809523,1,0.047619047619047616,18,0.8571428571428571,0.4350952380952381,0.5365285714285714,0.2857142857142857,0.19047619047619047,0.09523809523809523,0.047619047619047616,0.0
full2025_validation,granville,E_reject_not_near_miss,very_strong,27,10,0.37037037037037035,26.310000000000016,171.78,-145.47000000000006,1.18086203340895,1.3066999999999998,0.048396296296296284,1.2001991726673815,53.66,0.5366,0.490309355199404,0,0.0,5,0.18518518518518517,22,0.8148148148148148,0.7327814814814816,0.4366185185185185,0.6296296296296297,0.48148148148148145,0.25925925925925924,0.18518518518518517,0.0
full2025_validation,invalidation,A_required_light_pass,none,28,12,0.42857142857142855,157.48999999999998,316.17999999999995,-158.68999999999997,1.9924380868359697,6.482700000000001,0.23152500000000004,1.9495261670059905,60.839999999999996,0.6084,2.5885930309007232,2,0.07142857142857142,9,0.32142857142857145,17,0.6071428571428571,0.8523999999999999,0.4552071428571428,0.6785714285714286,0.5714285714285714,0.4642857142857143,0.2857142857142857,0.0
full2025_validation,invalidation,A_required_light_pass,normal,4,1,0.25,8.520000000000001,29.17,-20.65,1.4125907990314772,0.42100000000000015,0.10525000000000004,1.4770538243626063,13.83,0.1383,0.6160520607375272,0,0.0,1,0.25,3,0.75,0.8614999999999999,0.434075,0.75,0.5,0.5,0.25,0.0
full2025_validation,invalidation,A_required_light_pass,strong,3,2,0.6666666666666666,28.39,41.75,-13.36,3.125,1.2017,0.4005666666666667,3.132564330079858,13.36,0.1336,2.125,0,0.0,1,0.3333333333333333,2,0.6666666666666666,0.8344333333333332,0.5280333333333334,1.0,0.3333333333333333,0.3333333333333333,0.0,0.0
full2025_validation,invalidation,A_required_light_pass,very_strong,2,0,0.0,-30.75,0,-30.75,0.0,-1.3059,-0.65295,0.0,30.75,0.3075,-1.0,1,0.5,0,0.0,1,0.5,0.11565,0.65295,0.0,0.0,0.0,0.0,0.0
full2025_validation,invalidation,B_reject_mfe1_winner,strong,1,1,1.0,30.97,30.97,0,inf,1.299,1.299,inf,0.0,0.0,inf,0,0.0,1,1.0,0,0.0,1.299,0.1842,1.0,1.0,1.0,0.0,0.0
full2025_validation,invalidation,C_reject_loser_or_no_mfe1,strong,21,1,0.047619047619047616,-233.09,17.52,-250.60999999999996,0.06990942101272896,-9.984499999999999,-0.4754523809523809,0.07171877760113055,233.09,2.3309,-1.0,2,0.09523809523809523,0,0.0,19,0.9047619047619048,0.4467809523809524,0.6334761904761905,0.42857142857142855,0.23809523809523808,0.047619047619047616,0.0,0.0
full2025_validation,invalidation,C_reject_loser_or_no_mfe1,very_strong,41,2,0.04878048780487805,-418.1500000000001,18.240000000000002,-436.3900000000001,0.04179747473590137,-17.970999999999997,-0.4383170731707316,0.04322548701212274,418.1500000000001,4.1815000000000015,-1.0,3,0.07317073170731707,0,0.0,38,0.926829268292683,0.4633999999999999,0.5247902439024391,0.4146341463414634,0.17073170731707318,0.0975609756097561,0.0,0.0
full2025_validation,invalidation,D_reject_strong_mfe13_winner,strong,3,3,1.0,90.63,90.63,0,inf,3.9243000000000006,1.3081000000000003,inf,0.0,0.0,inf,0,0.0,3,1.0,0,0.0,1.3233666666666666,0.44576666666666664,1.0,1.0,1.0,1.0,0.0
full2025_validation,invalidation,D_reject_strong_mfe13_winner,very_strong,6,6,1.0,181.25,181.25,0,inf,7.8679,1.3113166666666667,inf,0.0,0.0,inf,0,0.0,6,1.0,0,0.0,1.3147,0.4331,1.0,1.0,1.0,1.0,0.0
full2025_validation,invalidation,E_reject_not_near_miss,strong,29,4,0.13793103448275862,-172.92999999999995,80.28999999999999,-253.21999999999994,0.31707606034278496,-7.6464,-0.2636689655172414,0.31256574156485156,172.92999999999995,1.7292999999999996,-1.0,3,0.10344827586206896,2,0.06896551724137931,24,0.8275862068965517,0.4789448275862068,0.5401310344827587,0.3793103448275862,0.2413793103448276,0.13793103448275862,0.06896551724137931,0.0
full2025_validation,invalidation,E_reject_not_near_miss,very_strong,49,16,0.32653061224489793,-112.51000000000003,291.84,-404.3499999999999,0.7217509583281811,-4.7208000000000006,-0.09634285714285716,0.7301197104995368,166.72000000000003,1.6672000000000002,-0.6748440499040308,4,0.08163265306122448,8,0.16326530612244897,37,0.7551020408163265,0.6608285714285714,0.5919448979591836,0.5306122448979592,0.3877551020408163,0.2653061224489796,0.12244897959183673,0.0
full2025_validation,light,A_required_light_pass,none,34,13,0.38235294117647056,68.63000000000001,355.41,-286.78000000000003,1.2393123648790012,2.9028,0.08537647058823529,1.2479753972321888,134.01,1.3401,0.5121259607491979,6,0.17647058823529413,10,0.29411764705882354,18,0.5294117647058824,0.78645,0.5271294117647057,0.6470588235294118,0.5,0.4117647058823529,0.23529411764705882,0.0
full2025_validation,light,A_required_light_pass,normal,4,1,0.25,9.660000000000002,31.41,-21.75,1.4441379310344828,0.42100000000000015,0.10525000000000004,1.4770538243626063,14.62,0.1462,0.6607387140902874,0,0.0,1,0.25,3,0.75,0.8614999999999999,0.434075,0.75,0.5,0.5,0.25,0.0
full2025_validation,light,A_required_light_pass,strong,5,3,0.6,57.199999999999996,77.02,-19.82,3.8859737638748735,2.2781000000000002,0.45562,3.7931584109857774,19.82,0.1982,2.8859737638748735,0,0.0,2,0.4,3,0.6,0.8492599999999999,0.47380000000000005,0.8,0.4,0.4,0.2,0.0
full2025_validation,light,A_required_light_pass,very_strong,7,2,0.2857142857142857,-1.2000000000000028,64.52,-65.72,0.9817407181984175,-0.10830000000000001,-0.015471428571428572,0.9602772887323944,31.29,0.31289999999999996,-0.038350910834132404,1,0.14285714285714285,2,0.2857142857142857,4,0.5714285714285714,0.6564,0.45135714285714285,0.42857142857142855,0.42857142857142855,0.2857142857142857,0.2857142857142857,0.0
full2025_validation,m15completion,A_required_light_pass,none,11,5,0.45454545454545453,76.77,137.68,-60.91,2.260384173370547,3.2182000000000004,0.2925636363636364,2.213636535052985,46.92,0.4692,1.6361892583120203,0,0.0,4,0.36363636363636365,7,0.6363636363636364,0.8005363636363636,0.4864636363636363,0.6363636363636364,0.5454545454545454,0.45454545454545453,0.36363636363636365,0.0
full2025_validation,m15completion,A_required_light_pass,normal,1,1,1.0,29.17,29.17,0,inf,1.3035,1.3035,inf,0.0,0.0,inf,0,0.0,1,1.0,0,0.0,1.3035,0.4903,1.0,1.0,1.0,1.0,0.0
full2025_validation,m15completion,A_required_light_pass,strong,2,2,1.0,39.980000000000004,39.980000000000004,0,inf,1.7651999999999999,0.8825999999999999,inf,0.0,0.0,inf,0,0.0,1,0.5,1,0.5,0.9671,0.43845,1.0,0.5,0.5,0.0,0.0
full2025_validation,m15completion,A_required_light_pass,very_strong,2,0,0.0,-28.38,0,-28.38,0.0,-1.3059,-0.65295,0.0,28.38,0.2838,-1.0,1,0.5,0,0.0,1,0.5,0.11565,0.65295,0.0,0.0,0.0,0.0,0.0
full2025_validation,m15completion,B_reject_mfe1_winner,none,8,8,1.0,185.5,185.5,0,inf,8.2755,1.0344375,inf,0.0,0.0,inf,0,0.0,5,0.625,3,0.375,1.266225,0.3915375,1.0,1.0,1.0,0.0,0.0
full2025_validation,m15completion,B_reject_mfe1_winner,normal,1,1,1.0,1.05,1.05,0,inf,0.0454,0.0454,inf,0.0,0.0,inf,0,0.0,0,0.0,1,1.0,1.1443,0.5959,1.0,1.0,1.0,0.0,0.0
full2025_validation,m15completion,C_reject_loser_or_no_mfe1,none,102,4,0.0392156862745098,-1201.4899999999998,21.84,-1223.3299999999997,0.017852909680952815,-52.197900000000004,-0.5117441176470588,0.0177730023484073,1201.4899999999998,12.014899999999997,-1.0,15,0.14705882352941177,0,0.0,87,0.8529411764705882,0.4812637254901959,0.6204352941176469,0.4215686274509804,0.20588235294117646,0.09803921568627451,0.029411764705882353,0.0
full2025_validation,m15completion,C_reject_loser_or_no_mfe1,normal,8,0,0.0,-86.4,0,-86.4,0.0,-3.7958,-0.474475,0.0,86.4,0.864,-1.0,1,0.125,0,0.0,7,0.875,0.461675,0.5801625,0.25,0.125,0.125,0.0,0.0
full2025_validation,m15completion,C_reject_loser_or_no_mfe1,strong,10,1,0.1,-86.02,17.56,-103.58,0.1695307974512454,-3.8392999999999997,-0.38393,0.16730648274665455,86.02,0.8602000000000001,-1.0,2,0.2,0,0.0,8,0.8,0.49978,0.57836,0.4,0.3,0.1,0.0,0.0
full2025_validation,m15completion,C_reject_loser_or_no_mfe1,very_strong,25,0,0.0,-251.64999999999998,0,-251.64999999999998,0.0,-11.062399999999998,-0.44249599999999994,0.0,251.64999999999998,2.5164999999999997,-1.0,2,0.08,0,0.0,23,0.92,0.4824520000000001,0.4800079999999998,0.48,0.16,0.12,0.0,0.0
full2025_validation,m15completion,D_reject_strong_mfe13_winner,none,22,22,1.0,651.42,651.42,0,inf,28.896800000000006,1.3134909090909093,inf,0.0,0.0,inf,0,0.0,22,1.0,0,0.0,1.3190181818181819,0.42761818181818184,1.0,1.0,1.0,1.0,0.0
full2025_validation,m15completion,D_reject_strong_mfe13_winner,strong,1,1,1.0,1.4,1.4,0,inf,0.0588,0.0588,inf,0.0,0.0,inf,0,0.0,0,0.0,1,1.0,1.3412,0.1529,1.0,1.0,1.0,1.0,0.0
full2025_validation,m15completion,D_reject_strong_mfe13_winner,very_strong,5,5,1.0,151.17,151.17,0,inf,6.5625,1.3125,inf,0.0,0.0,inf,0,0.0,5,1.0,0,0.0,1.32184,0.3699,1.0,1.0,1.0,1.0,0.0
full2025_validation,m15completion,E_reject_not_near_miss,none,43,11,0.2558139534883721,-197.47000000000006,214.35999999999999,-411.83,0.5205060340431732,-8.7934,-0.20449767441860464,0.5123879868689557,255.11000000000007,2.551100000000001,-0.7740582493826192,6,0.13953488372093023,6,0.13953488372093023,31,0.7209302325581395,0.5822604651162792,0.5345000000000001,0.4418604651162791,0.3023255813953488,0.23255813953488372,0.13953488372093023,0.0
full2025_validation,m15completion,E_reject_not_near_miss,normal,5,0,0.0,-53.74,0,-53.74,0.0,-2.4203,-0.48406000000000005,0.0,53.74,0.5374,-1.0,0,0.0,0,0.0,5,1.0,0.30362,0.56972,0.2,0.0,0.0,0.0,0.0
full2025_validation,m15completion,E_reject_not_near_miss,strong,7,2,0.2857142857142857,-3.430000000000004,59.01,-62.44,0.945067264573991,-0.14019999999999966,-0.020028571428571378,0.9496046010064702,30.81,0.3081,-0.11132749107432666,2,0.2857142857142857,2,0.2857142857142857,3,0.42857142857142855,0.6184428571428572,0.5811571428571428,0.42857142857142855,0.42857142857142855,0.2857142857142857,0.2857142857142857,0.0
full2025_validation,m15completion,E_reject_not_near_miss,very_strong,17,3,0.17647058823529413,-100.36000000000001,66.06,-166.42000000000004,0.3969474822737651,-4.173600000000001,-0.24550588235294124,0.4171519544178641,116.43,1.1643000000000001,-0.8619771536545564,3,0.17647058823529413,2,0.11764705882352941,12,0.7058823529411765,0.5590058823529412,0.5895411764705885,0.35294117647058826,0.23529411764705882,0.17647058823529413,0.058823529411764705,0.0
full2025_validation,nearmiss_diag,A_required_light_pass,none,11,5,0.45454545454545453,72.67,133.69,-61.02,2.19092100950508,3.2182000000000004,0.2925636363636364,2.213636535052985,47.03,0.4703,1.5451839251541568,0,0.0,4,0.36363636363636365,7,0.6363636363636364,0.8005363636363636,0.4864636363636363,0.6363636363636364,0.5454545454545454,0.45454545454545453,0.36363636363636365,0.0
full2025_validation,nearmiss_diag,A_required_light_pass,normal,1,1,1.0,29.17,29.17,0,inf,1.3035,1.3035,inf,0.0,0.0,inf,0,0.0,1,1.0,0,0.0,1.3035,0.4903,1.0,1.0,1.0,1.0,0.0
full2025_validation,nearmiss_diag,A_required_light_pass,strong,2,2,1.0,37.74,37.74,0,inf,1.7651999999999999,0.8825999999999999,inf,0.0,0.0,inf,0,0.0,1,0.5,1,0.5,0.9671,0.43845,1.0,0.5,0.5,0.0,0.0
full2025_validation,nearmiss_diag,A_required_light_pass,very_strong,2,0,0.0,-27.83,0,-27.83,0.0,-1.3059,-0.65295,0.0,27.83,0.2783,-1.0,1,0.5,0,0.0,1,0.5,0.11565,0.65295,0.0,0.0,0.0,0.0,0.0
full2025_validation,nearmiss_diag,B_reject_mfe1_winner,none,10,10,1.0,192.51999999999998,192.51999999999998,0,inf,8.614700000000001,0.8614700000000001,inf,0.0,0.0,inf,0,0.0,5,0.5,5,0.5,1.2221699999999998,0.39211000000000007,1.0,1.0,1.0,0.0,0.0
full2025_validation,nearmiss_diag,B_reject_mfe1_winner,normal,1,1,1.0,1.05,1.05,0,inf,0.0454,0.0454,inf,0.0,0.0,inf,0,0.0,0,0.0,1,1.0,1.1443,0.5959,1.0,1.0,1.0,0.0,0.0
full2025_validation,nearmiss_diag,B_reject_mfe1_winner,strong,1,1,1.0,31.02,31.02,0,inf,1.299,1.299,inf,0.0,0.0,inf,0,0.0,1,1.0,0,0.0,1.299,0.1842,1.0,1.0,1.0,0.0,0.0
full2025_validation,nearmiss_diag,C_reject_loser_or_no_mfe1,none,101,4,0.039603960396039604,-1178.7200000000003,25.65,-1204.3700000000001,0.021297441816053204,-51.8862,-0.5137247524752475,0.021281010442445823,1185.5300000000002,11.855300000000002,-0.9942557337224701,16,0.15841584158415842,0,0.0,85,0.8415841584158416,0.45673861386138614,0.6282336633663366,0.42574257425742573,0.16831683168316833,0.06930693069306931,0.0,0.0
full2025_validation,nearmiss_diag,C_reject_loser_or_no_mfe1,normal,7,1,0.14285714285714285,-65.14,3.7,-68.84,0.05374782103428239,-2.8117,-0.40167142857142857,0.05298080161670595,65.14,0.6514,-1.0,1,0.14285714285714285,0,0.0,6,0.8571428571428571,0.5242285714285714,0.6214142857142857,0.42857142857142855,0.14285714285714285,0.14285714285714285,0.0,0.0
full2025_validation,nearmiss_diag,C_reject_loser_or_no_mfe1,strong,10,1,0.1,-74.7,17.56,-92.26,0.1903316713635378,-3.2868,-0.32867999999999997,0.1900842738159775,74.7,0.747,-1.0,0,0.0,0,0.0,10,1.0,0.3839100000000001,0.53559,0.3,0.3,0.1,0.0,0.0
full2025_validation,nearmiss_diag,C_reject_loser_or_no_mfe1,very_strong,29,1,0.034482758620689655,-260.2,0.92,-261.12,0.0035232843137254903,-11.673399999999997,-0.4025310344827585,0.003440415923235187,260.2,2.602,-1.0,0,0.0,0,0.0,29,1.0,0.48896206896551725,0.4731344827586206,0.4482758620689655,0.1724137931034483,0.13793103448275862,0.0,0.0
full2025_validation,nearmiss_diag,D_reject_strong_mfe13_winner,none,18,18,1.0,528.31,528.31,0,inf,23.640400000000007,1.3133555555555558,inf,0.0,0.0,inf,0,0.0,18,1.0,0,0.0,1.3133555555555558,0.4588388888888889,1.0,1.0,1.0,1.0,0.0
full2025_validation,nearmiss_diag,D_reject_strong_mfe13_winner,normal,1,1,1.0,29.6,29.6,0,inf,1.3548,1.3548,inf,0.0,0.0,inf,0,0.0,1,1.0,0,0.0,1.6048,1.8145,1.0,1.0,1.0,1.0,1.0
full2025_validation,nearmiss_diag,D_reject_strong_mfe13_winner,strong,1,1,1.0,28.73,28.73,0,inf,1.3196,1.3196,inf,0.0,0.0,inf,0,0.0,1,1.0,0,0.0,1.3226,0.4135,1.0,1.0,1.0,1.0,0.0
full2025_validation,nearmiss_diag,D_reject_strong_mfe13_winner,very_strong,5,5,1.0,143.73,143.73,0,inf,6.5526,1.31052,inf,0.0,0.0,inf,0,0.0,5,1.0,0,0.0,1.3145799999999999,0.48918,1.0,1.0,1.0,1.0,0.0
full2025_validation,nearmiss_diag,E_reject_not_near_miss,none,61,13,0.21311475409836064,-353.4799999999999,247.48999999999998,-600.97,0.4118175616087325,-15.898599999999998,-0.2606327868852459,0.4069855053003008,358.63999999999993,3.5863999999999994,-0.9856123131831362,9,0.14754098360655737,7,0.11475409836065574,45,0.7377049180327869,0.5313901639344262,0.5844557377049179,0.4262295081967213,0.26229508196721313,0.19672131147540983,0.11475409836065574,0.0
full2025_validation,nearmiss_diag,E_reject_not_near_miss,normal,8,1,0.125,-90.22999999999999,3.15,-93.38,0.03373313343328336,-4.132499999999999,-0.5165624999999999,0.030407545576124448,93.38,0.9338,-0.9662668665667166,1,0.125,0,0.0,7,0.875,0.43366250000000006,0.6193500000000001,0.375,0.125,0.125,0.0,0.0
full2025_validation,nearmiss_diag,E_reject_not_near_miss,strong,19,2,0.10526315789473684,-104.45000000000002,46.92,-151.37,0.3099689502543437,-4.918100000000001,-0.25884736842105266,0.294724162161387,104.45000000000002,1.0445000000000002,-1.0,2,0.10526315789473684,1,0.05263157894736842,16,0.8421052631578947,0.4049736842105264,0.5245105263157895,0.2631578947368421,0.21052631578947367,0.10526315789473684,0.05263157894736842,0.0
full2025_validation,nearmiss_diag,E_reject_not_near_miss,very_strong,30,9,0.3,-84.67999999999999,146.48000000000002,-231.16000000000003,0.6336736459595086,-3.5209,-0.11736333333333333,0.6510609198933628,95.78999999999999,0.9578999999999999,-0.8840171207850507,3,0.1,4,0.13333333333333333,23,0.7666666666666667,0.6130666666666666,0.6037999999999999,0.5,0.3,0.2,0.06666666666666667,0.0
full2025_validation,nofail,A_required_light_pass,none,27,12,0.4444444444444444,145.65999999999997,317.89,-172.23,1.845729547697846,6.0048,0.22240000000000001,1.8219898154739087,82.16,0.8215999999999999,1.7728821811100288,3,0.1111111111111111,9,0.3333333333333333,15,0.5555555555555556,0.8316,0.47765555555555544,0.6666666666666666,0.5555555555555556,0.4444444444444444,0.2962962962962963,0.0
full2025_validation,nofail,A_required_light_pass,normal,2,1,0.5,24.85,29.17,-4.32,6.752314814814815,1.1162,0.5581,6.959423384943941,4.32,0.0432,5.752314814814815,0,0.0,1,0.5,1,0.5,0.7542000000000001,0.37765000000000004,0.5,0.5,0.5,0.5,0.0
full2025_validation,nofail,A_required_light_pass,strong,3,2,0.6666666666666666,28.39,41.75,-13.36,3.125,1.2017,0.4005666666666667,3.132564330079858,13.36,0.1336,2.125,0,0.0,1,0.3333333333333333,2,0.6666666666666666,0.8344333333333332,0.5280333333333334,1.0,0.3333333333333333,0.3333333333333333,0.0,0.0
full2025_validation,nofail,A_required_light_pass,very_strong,4,0,0.0,-53.5,0,-53.5,0.0,-2.2420999999999998,-0.5605249999999999,0.0,53.5,0.5349999999999999,-1.0,1,0.25,0,0.0,3,0.75,0.3707,0.56455,0.25,0.25,0.0,0.0,0.0
full2025_validation,nofail,B_reject_mfe1_winner,normal,3,3,1.0,37.51,37.51,0,inf,1.5396,0.5132,inf,0.0,0.0,inf,0,0.0,0,0.0,3,1.0,1.0908333333333333,0.5541333333333333,1.0,1.0,1.0,0.0,0.0
full2025_validation,nofail,B_reject_mfe1_winner,strong,2,2,1.0,61.129999999999995,61.129999999999995,0,inf,2.5951,1.29755,inf,0.0,0.0,inf,0,0.0,2,1.0,0,0.0,1.29755,0.10605,1.0,1.0,1.0,0.0,0.0
full2025_validation,nofail,C_reject_loser_or_no_mfe1,normal,7,2,0.2857142857142857,-21.159999999999997,10.350000000000001,-31.509999999999998,0.3284671532846716,-0.8785000000000001,-0.1255,0.3373812038014783,21.18,0.21180000000000002,-0.9990557129367326,0,0.0,0,0.0,7,1.0,0.6542000000000001,0.4187714285714285,0.5714285714285714,0.2857142857142857,0.14285714285714285,0.0,0.0
full2025_validation,nofail,C_reject_loser_or_no_mfe1,strong,14,1,0.07142857142857142,-141.75,17.52,-159.26999999999998,0.11000188359389716,-6.2783,-0.44844999999999996,0.10942309601827026,141.75,1.4175,-1.0,1,0.07142857142857142,0,0.0,13,0.9285714285714286,0.30415000000000003,0.6103714285714287,0.2857142857142857,0.14285714285714285,0.0,0.0,0.0
full2025_validation,nofail,C_reject_loser_or_no_mfe1,very_strong,32,0,0.0,-311.7100000000001,0,-311.7100000000001,0.0,-13.349299999999998,-0.41716562499999993,0.0,311.7100000000001,3.1171000000000006,-1.0,3,0.09375,0,0.0,29,0.90625,0.41785625000000015,0.47843125,0.28125,0.09375,0.09375,0.0,0.0
full2025_validation,nofail,D_reject_strong_mfe13_winner,strong,4,4,1.0,121.42,121.42,0,inf,5.2214,1.30535,inf,0.0,0.0,inf,0,0.0,4,1.0,0,0.0,1.314375,0.2965,1.0,1.0,1.0,1.0,0.0
full2025_validation,nofail,D_reject_strong_mfe13_winner,very_strong,5,5,1.0,150.03000000000003,150.03000000000003,0,inf,6.5731,1.3146200000000001,inf,0.0,0.0,inf,0,0.0,5,1.0,0,0.0,1.3146200000000001,0.38804000000000005,1.0,1.0,1.0,1.0,0.0
full2025_validation,nofail,E_reject_not_near_miss,normal,10,1,0.1,-100.22,3.15,-103.37,0.03047305794718003,-4.4577,-0.44577,0.02825191288993526,103.37,1.0337,-0.9695269420528199,1,0.1,0,0.0,9,0.9,0.33255,0.54006,0.3,0.1,0.0,0.0,0.0
full2025_validation,nofail,E_reject_not_near_miss,strong,23,0,0.0,-212.74999999999997,0,-212.74999999999997,0.0,-9.0798,-0.3947739130434783,0.0,212.74999999999997,2.1275,-1.0,1,0.043478260869565216,0,0.0,22,0.9565217391304348,0.2917434782608696,0.5092913043478261,0.17391304347826086,0.08695652173913043,0.043478260869565216,0.0,0.0
full2025_validation,nofail,E_reject_not_near_miss,very_strong,45,13,0.28888888888888886,-73.74000000000001,247.39999999999998,-321.1400000000001,0.7703805193996385,-2.9718,-0.06604,0.7837306785433586,86.45,0.8645,-0.8529786003470214,2,0.044444444444444446,7,0.15555555555555556,36,0.8,0.6001933333333335,0.49015333333333316,0.4888888888888889,0.35555555555555557,0.24444444444444444,0.13333333333333333,0.0
full2025_validation,one_best_single,A_required_light_pass,none,24,12,0.5,176.17,324.31,-148.14,2.1892129067098693,7.181099999999999,0.29921249999999994,2.175668374781028,63.76000000000001,0.6376000000000002,2.7630175658720195,2,0.08333333333333333,9,0.375,13,0.5416666666666666,0.8349291666666666,0.48418333333333324,0.6666666666666666,0.5416666666666666,0.5,0.2916666666666667,0.0
full2025_validation,one_best_single,A_required_light_pass,normal,3,1,0.3333333333333333,19.6,31.41,-11.809999999999999,2.65961049957663,0.8210000000000002,0.2736666666666667,2.7015544041450776,7.13,0.0713,2.7489481065918655,0,0.0,1,0.3333333333333333,2,0.6666666666666666,0.9345333333333333,0.44543333333333335,0.6666666666666666,0.6666666666666666,0.6666666666666666,0.3333333333333333,0.0
full2025_validation,one_best_single,A_required_light_pass,strong,4,3,0.75,62.81999999999999,76.72999999999999,-13.91,5.516175413371674,2.5302,0.63255,5.490150842945874,13.91,0.1391,4.516175413371674,0,0.0,2,0.5,2,0.5,0.95795,0.5292250000000001,1.0,0.5,0.5,0.25,0.0
full2025_validation,one_best_single,A_required_light_pass,very_strong,3,0,0.0,-49.55,0,-49.55,0.0,-2.0606,-0.6868666666666666,0.0,49.55,0.49549999999999994,-1.0,1,0.3333333333333333,0,0.0,2,0.6666666666666666,0.21336666666666668,0.6868666666666666,0.0,0.0,0.0,0.0,0.0
full2025_validation,one_best_two,A_required_light_pass,none,6,4,0.6666666666666666,110.09,124.28,-14.19,8.758280479210713,4.6249,0.7708166666666667,8.434335315865617,9.369999999999997,0.09369999999999998,11.74919957310566,0,0.0,4,0.6666666666666666,2,0.3333333333333333,0.9565666666666667,0.37936666666666663,0.6666666666666666,0.6666666666666666,0.6666666666666666,0.6666666666666666,0.0
full2025_validation,one_best_two,A_required_light_pass,normal,1,1,1.0,31.41,31.41,0,inf,1.3035,1.3035,inf,0.0,0.0,inf,0,0.0,1,1.0,0,0.0,1.3035,0.4903,1.0,1.0,1.0,1.0,0.0
full2025_validation,one_best_two,A_required_light_pass,strong,1,1,1.0,30.56,30.56,0,inf,1.299,1.299,inf,0.0,0.0,inf,0,0.0,1,1.0,0,0.0,1.299,0.4755,1.0,1.0,1.0,0.0,0.0
full2025_validation,one_best_two,C_reject_loser_or_no_mfe1,none,17,0,0.0,-211.57000000000002,0,-211.57000000000002,0.0,-8.7522,-0.5148352941176471,0.0,211.57000000000002,2.1157000000000004,-1.0,2,0.11764705882352941,0,0.0,15,0.8823529411764706,0.4571764705882353,0.5889,0.35294117647058826,0.23529411764705882,0.0,0.0,0.0
full2025_validation,one_best_two,C_reject_loser_or_no_mfe1,normal,2,0,0.0,-29.78,0,-29.78,0.0,-1.3156999999999999,-0.6578499999999999,0.0,29.78,0.2978,-1.0,1,0.5,0,0.0,1,0.5,0.2135,0.72195,0.0,0.0,0.0,0.0,0.0
full2025_validation,one_best_two,C_reject_loser_or_no_mfe1,strong,2,0,0.0,-19.33,0,-19.33,0.0,-0.849,-0.4245,0.0,19.33,0.19329999999999997,-1.0,0,0.0,0,0.0,2,1.0,0.0677,0.44825000000000004,0.0,0.0,0.0,0.0,0.0
full2025_validation,one_best_two,C_reject_loser_or_no_mfe1,very_strong,13,1,0.07692307692307693,-121.34999999999998,0.92,-122.27,0.007524331397726344,-5.1416,-0.39550769230769234,0.007777070186611089,121.34999999999998,1.2134999999999998,-1.0,0,0.0,0,0.0,13,1.0,0.29838461538461536,0.48392307692307696,0.23076923076923078,0.0,0.0,0.0,0.0
full2025_validation,one_best_two,D_reject_strong_mfe13_winner,none,4,4,1.0,120.86,120.86,0,inf,5.2334,1.30835,inf,0.0,0.0,inf,0,0.0,4,1.0,0,0.0,1.30835,0.3991,1.0,1.0,1.0,1.0,0.0
full2025_validation,one_best_two,D_reject_strong_mfe13_winner,strong,2,2,1.0,32.33,32.33,0,inf,1.3372000000000002,0.6686000000000001,inf,0.0,0.0,inf,0,0.0,1,0.5,1,0.5,1.326,0.345,1.0,1.0,1.0,1.0,0.0
full2025_validation,one_best_two,D_reject_strong_mfe13_winner,very_strong,2,2,1.0,63.22,63.22,0,inf,2.6404,1.3202,inf,0.0,0.0,inf,0,0.0,2,1.0,0,0.0,1.3202,0.48434999999999995,1.0,1.0,1.0,1.0,0.0
full2025_validation,one_best_two,E_reject_not_near_miss,none,11,3,0.2727272727272727,-37.44,77.03999999999999,-114.48,0.6729559748427673,-1.3619000000000003,-0.12380909090909094,0.7106895526192801,53.87,0.5387,-0.6950064971227028,2,0.18181818181818182,2,0.18181818181818182,7,0.6363636363636364,0.5977181818181818,0.6137636363636365,0.36363636363636365,0.36363636363636365,0.2727272727272727,0.18181818181818182,0.0
full2025_validation,one_best_two,E_reject_not_near_miss,normal,2,1,0.5,-11.23,3.15,-14.38,0.21905424200278162,-0.4833,-0.24165,0.21145374449339205,14.38,0.1438,-0.7809457579972183,0,0.0,0,0.0,2,1.0,0.6345000000000001,0.4776,1.0,0.0,0.0,0.0,0.0
full2025_validation,one_best_two,E_reject_not_near_miss,strong,7,1,0.14285714285714285,-4.729999999999993,32.31,-37.04,0.8723002159827214,-0.26239999999999997,-0.03748571428571428,0.8362762837711363,20.309999999999995,0.20309999999999995,-0.23289020187099924,0,0.0,1,0.14285714285714285,6,0.8571428571428571,0.5347857142857143,0.3818857142857142,0.2857142857142857,0.2857142857142857,0.2857142857142857,0.14285714285714285,0.0
full2025_validation,one_best_two,E_reject_not_near_miss,very_strong,5,2,0.4,7.960000000000001,36.23,-28.27,1.2815705695083126,0.36329999999999996,0.07265999999999999,1.2977868852459016,13.77,0.1377,0.5780682643427743,0,0.0,1,0.2,4,0.8,0.58384,0.47522000000000003,0.4,0.2,0.2,0.2,0.0
full2025_validation,retest,A_required_light_pass,none,26,12,0.46153846153846156,151.14999999999998,317.9,-166.74999999999997,1.9064467766116944,6.2746,0.24133076923076924,1.8918611592802115,78.63999999999999,0.7864,1.9220498474059005,2,0.07692307692307693,9,0.34615384615384615,15,0.5769230769230769,0.8555846153846153,0.48678846153846145,0.7307692307692307,0.5769230769230769,0.46153846153846156,0.3076923076923077,0.0
full2025_validation,retest,A_required_light_pass,normal,2,1,0.5,24.85,29.17,-4.32,6.752314814814815,1.1162,0.5581,6.959423384943941,4.32,0.0432,5.752314814814815,0,0.0,1,0.5,1,0.5,0.7542000000000001,0.37765000000000004,0.5,0.5,0.5,0.5,0.0
full2025_validation,retest,A_required_light_pass,strong,2,2,1.0,41.75,41.75,0,inf,1.7651999999999999,0.8825999999999999,inf,0.0,0.0,inf,0,0.0,1,0.5,1,0.5,0.9671,0.43845,1.0,0.5,0.5,0.0,0.0
full2025_validation,retest,A_required_light_pass,very_strong,5,1,0.2,-22.18,31.32,-53.5,0.5854205607476636,-0.9416,-0.18832,0.5800365728558049,35.239999999999995,0.35239999999999994,-0.6293984108967083,1,0.2,1,0.2,3,0.6,0.55666,0.47041999999999995,0.4,0.4,0.2,0.2,0.0
full2025_validation,retest,B_reject_mfe1_winner,normal,3,3,1.0,36.209999999999994,36.209999999999994,0,inf,1.5396,0.5132,inf,0.0,0.0,inf,0,0.0,0,0.0,3,1.0,1.0908333333333333,0.5541333333333333,1.0,1.0,1.0,0.0,0.0
full2025_validation,retest,B_reject_mfe1_winner,strong,2,2,1.0,61.129999999999995,61.129999999999995,0,inf,2.5951,1.29755,inf,0.0,0.0,inf,0,0.0,2,1.0,0,0.0,1.29755,0.10605,1.0,1.0,1.0,0.0,0.0
full2025_validation,retest,C_reject_loser_or_no_mfe1,normal,10,2,0.2,-64.35,10.350000000000001,-74.7,0.13855421686746988,-2.8148,-0.28148,0.13712025995524355,67.78,0.6778000000000001,-0.9493951017999409,1,0.1,0,0.0,9,0.9,0.5497799999999999,0.52006,0.5,0.2,0.1,0.0,0.0
full2025_validation,retest,C_reject_loser_or_no_mfe1,strong,14,1,0.07142857142857142,-133.68,17.52,-151.20000000000002,0.11587301587301586,-5.888700000000001,-0.42062142857142865,0.11582408672542452,133.68,1.3368000000000002,-1.0,1,0.07142857142857142,0,0.0,13,0.9285714285714286,0.32455714285714293,0.6021928571428571,0.2857142857142857,0.21428571428571427,0.07142857142857142,0.0,0.0
full2025_validation,retest,C_reject_loser_or_no_mfe1,very_strong,31,0,0.0,-295.24,0,-295.24,0.0,-12.435899999999998,-0.40115806451612895,0.0,295.24,2.9524000000000004,-1.0,2,0.06451612903225806,0,0.0,29,0.9354838709677419,0.4619419354838711,0.48290645161290313,0.3548387096774194,0.16129032258064516,0.0967741935483871,0.0,0.0
full2025_validation,retest,D_reject_strong_mfe13_winner,strong,4,4,1.0,121.42,121.42,0,inf,5.2214,1.30535,inf,0.0,0.0,inf,0,0.0,4,1.0,0,0.0,1.314375,0.2965,1.0,1.0,1.0,1.0,0.0
full2025_validation,retest,D_reject_strong_mfe13_winner,very_strong,5,5,1.0,156.03000000000003,156.03000000000003,0,inf,6.5617,1.31234,inf,0.0,0.0,inf,0,0.0,5,1.0,0,0.0,1.31234,0.46916,1.0,1.0,1.0,1.0,0.0
full2025_validation,retest,E_reject_not_near_miss,normal,10,1,0.1,-100.38000000000001,3.15,-103.53,0.030425963488843813,-4.3254,-0.43254000000000004,0.029090909090909087,103.53000000000002,1.0353,-0.9695740365111561,1,0.1,0,0.0,9,0.9,0.37668,0.55123,0.4,0.1,0.0,0.0,0.0
full2025_validation,retest,E_reject_not_near_miss,strong,23,0,0.0,-238.81000000000003,0,-238.81000000000003,0.0,-10.271099999999999,-0.4465695652173913,0.0,238.81000000000003,2.3881,-1.0,3,0.13043478260869565,0,0.0,20,0.8695652173913043,0.2953478260869566,0.5539695652173914,0.17391304347826086,0.08695652173913043,0.043478260869565216,0.0,0.0
full2025_validation,retest,E_reject_not_near_miss,very_strong,40,10,0.25,-145.66,158.61,-304.27000000000004,0.5212804417129523,-6.1967,-0.15491749999999999,0.5259888777547446,149.1,1.4909999999999999,-0.9769282360831657,2,0.05,4,0.1,34,0.85,0.5842750000000001,0.5097799999999999,0.475,0.275,0.2,0.1,0.0
full2025_validation,targetroom,A_required_light_pass,none,34,13,0.38235294117647056,68.63000000000001,355.41,-286.78000000000003,1.2393123648790012,2.9028,0.08537647058823529,1.2479753972321888,134.01,1.3401,0.5121259607491979,6,0.17647058823529413,10,0.29411764705882354,18,0.5294117647058824,0.78645,0.5271294117647057,0.6470588235294118,0.5,0.4117647058823529,0.23529411764705882,0.0
full2025_validation,targetroom,A_required_light_pass,normal,4,1,0.25,9.660000000000002,31.41,-21.75,1.4441379310344828,0.42100000000000015,0.10525000000000004,1.4770538243626063,14.62,0.1462,0.6607387140902874,0,0.0,1,0.25,3,0.75,0.8614999999999999,0.434075,0.75,0.5,0.5,0.25,0.0
full2025_validation,targetroom,A_required_light_pass,strong,5,3,0.6,57.199999999999996,77.02,-19.82,3.8859737638748735,2.2781000000000002,0.45562,3.7931584109857774,19.82,0.1982,2.8859737638748735,0,0.0,2,0.4,3,0.6,0.8492599999999999,0.47380000000000005,0.8,0.4,0.4,0.2,0.0
full2025_validation,targetroom,A_required_light_pass,very_strong,7,2,0.2857142857142857,-1.2000000000000028,64.52,-65.72,0.9817407181984175,-0.10830000000000001,-0.015471428571428572,0.9602772887323944,31.29,0.31289999999999996,-0.038350910834132404,1,0.14285714285714285,2,0.2857142857142857,4,0.5714285714285714,0.6564,0.45135714285714285,0.42857142857142855,0.42857142857142855,0.2857142857142857,0.2857142857142857,0.0
q1_quick,base,E_reject_not_near_miss,none,107,26,0.24299065420560748,-561.8999999999997,472.05000000000007,-1033.95,0.45655012331350653,-23.722599999999996,-0.22170654205607473,0.46328594990463745,575.7799999999997,5.757799999999998,-0.9758935704609399,16,0.14953271028037382,13,0.12149532710280374,78,0.7289719626168224,0.5673598130841122,0.574571028037383,0.48598130841121495,0.2897196261682243,0.205607476635514,0.11214953271028037,0.0
q1_quick,best_single,A_required_light_pass,none,13,4,0.3076923076923077,9.070000000000004,129.81,-120.74000000000002,1.0751200927613052,0.27149999999999985,0.020884615384615373,1.0549172701161051,88.05999999999999,0.8805999999999999,0.10299795593913247,2,0.15384615384615385,4,0.3076923076923077,7,0.5384615384615384,0.7686076923076922,0.621376923076923,0.6153846153846154,0.5384615384615384,0.38461538461538464,0.23076923076923078,0.0
q1_quick,best_single,A_required_light_pass,strong,2,1,0.5,5.09,11.0,-5.91,1.8612521150592216,0.2141,0.10705,1.8492661642205475,5.91,0.05910000000000001,0.8612521150592216,0,0.0,0,0.0,2,1.0,0.52485,0.32675,0.5,0.0,0.0,0.0,0.0
q1_quick,best_single,A_required_light_pass,very_strong,3,1,0.3333333333333333,10.409999999999995,33.16,-22.75,1.4575824175824175,0.36429999999999996,0.12143333333333332,1.3891262550737022,18.26,0.1826,0.5700985761226722,0,0.0,1,0.3333333333333333,2,0.6666666666666666,0.8506666666666667,0.34873333333333334,0.6666666666666666,0.6666666666666666,0.3333333333333333,0.3333333333333333,0.0
q1_quick,best_two,A_required_light_pass,none,10,4,0.4,38.68999999999999,124.03,-85.34,1.4533630185141786,1.6041,0.16041,1.4442013735046524,54.38,0.5438000000000001,0.7114748069143065,2,0.2,4,0.4,4,0.4,0.8060499999999999,0.63887,0.6,0.6,0.4,0.3,0.0
q1_quick,best_two,A_required_light_pass,strong,1,1,1.0,11.2,11.2,0,inf,0.4662,0.4662,inf,0.0,0.0,inf,0,0.0,0,0.0,1,1.0,0.6352,0.4014,1.0,0.0,0.0,0.0,0.0
q1_quick,best_two,A_required_light_pass,very_strong,1,1,1.0,31.32,31.32,0,inf,1.3005,1.3005,inf,0.0,0.0,inf,0,0.0,1,1.0,0,0.0,1.3005,0.0939,1.0,1.0,1.0,1.0,0.0
q1_quick,best_two,B_reject_mfe1_winner,none,3,3,1.0,45.31,45.31,0,inf,1.8755,0.6251666666666666,inf,0.0,0.0,inf,0,0.0,1,0.3333333333333333,2,0.6666666666666666,1.2274333333333332,0.21306666666666665,1.0,1.0,1.0,0.0,0.0
q1_quick,best_two,B_reject_mfe1_winner,normal,1,1,1.0,16.73,16.73,0,inf,0.7383,0.7383,inf,0.0,0.0,inf,0,0.0,0,0.0,1,1.0,1.081,0.6137,1.0,1.0,1.0,0.0,0.0
q1_quick,best_two,C_reject_loser_or_no_mfe1,none,16,0,0.0,-250.11000000000004,0,-250.11000000000004,0.0,-10.4031,-0.65019375,0.0,250.11000000000004,2.5011000000000005,-1.0,5,0.3125,0,0.0,11,0.6875,0.46454375000000003,0.7280625000000001,0.375,0.3125,0.0,0.0,0.0
q1_quick,best_two,C_reject_loser_or_no_mfe1,normal,4,0,0.0,-49.8,0,-49.8,0.0,-2.1543,-0.538575,0.0,49.8,0.498,-1.0,1,0.25,0,0.0,3,0.75,0.551625,0.66805,0.5,0.25,0.25,0.0,0.0
q1_quick,best_two,C_reject_loser_or_no_mfe1,strong,5,1,0.2,-18.029999999999994,17.55,-35.58,0.4932546374367623,-0.817,-0.1634,0.48564593301435405,20.139999999999997,0.20139999999999997,-0.8952333664349551,0,0.0,0,0.0,5,1.0,0.43262,0.48936000000000013,0.4,0.4,0.2,0.0,0.0
q1_quick,best_two,C_reject_loser_or_no_mfe1,very_strong,9,1,0.1111111111111111,-90.71999999999998,0.92,-91.63999999999999,0.010039284155390661,-3.7995999999999994,-0.4221777777777777,0.01049506497565041,90.71999999999998,0.9071999999999999,-1.0,1,0.1111111111111111,0,0.0,8,0.8888888888888888,0.8622111111111112,0.5081222222222223,0.5555555555555556,0.2222222222222222,0.2222222222222222,0.1111111111111111,0.1111111111111111
q1_quick,best_two,D_reject_strong_mfe13_winner,none,3,3,1.0,90.42,90.42,0,inf,3.9333,1.3111,inf,0.0,0.0,inf,0,0.0,3,1.0,0,0.0,1.3220333333333334,0.3070333333333333,1.0,1.0,1.0,1.0,0.0
q1_quick,best_two,D_reject_strong_mfe13_winner,very_strong,2,2,1.0,63.54,63.54,0,inf,2.6299,1.31495,inf,0.0,0.0,inf,0,0.0,2,1.0,0,0.0,1.31495,0.44530000000000003,1.0,1.0,1.0,1.0,0.0
q1_quick,best_two,E_reject_not_near_miss,none,9,3,0.3333333333333333,-38.43,62.05,-100.48,0.6175358280254777,-1.5316999999999998,-0.17018888888888886,0.6328179311998082,49.89,0.4989,-0.7702946482260974,2,0.2222222222222222,2,0.2222222222222222,5,0.5555555555555556,0.5008222222222222,0.6486333333333334,0.3333333333333333,0.2222222222222222,0.2222222222222222,0.2222222222222222,0.0
q1_quick,best_two,E_reject_not_near_miss,normal,2,1,0.5,-13.35,3.15,-16.5,0.19090909090909092,-0.5548,-0.2774,0.18936294564582115,16.5,0.165,-0.8090909090909091,0,0.0,0,0.0,2,1.0,0.36145000000000005,0.5578,0.5,0.0,0.0,0.0,0.0
q1_quick,best_two,E_reject_not_near_miss,strong,2,0,0.0,-5.36,0,-5.36,0.0,-0.2208,-0.1104,0.0,5.36,0.0536,-1.0,0,0.0,0,0.0,2,1.0,0.8266,0.19455,0.5,0.5,0.5,0.0,0.0
q1_quick,best_two,E_reject_not_near_miss,very_strong,7,2,0.2857142857142857,-42.699999999999996,36.26,-78.96000000000001,0.4592198581560283,-1.6859000000000004,-0.2408428571428572,0.48465488781561405,48.93,0.48929999999999996,-0.8726752503576537,2,0.2857142857142857,1,0.14285714285714285,4,0.5714285714285714,0.4206714285714286,0.7340000000000001,0.2857142857142857,0.14285714285714285,0.14285714285714285,0.14285714285714285,0.0
q1_quick,exhaustion,A_required_light_pass,none,10,4,0.4,38.68999999999999,124.03,-85.34,1.4533630185141786,1.6041,0.16041,1.4442013735046524,54.38,0.5438000000000001,0.7114748069143065,2,0.2,4,0.4,4,0.4,0.8060499999999999,0.63887,0.6,0.6,0.4,0.3,0.0
q1_quick,exhaustion,A_required_light_pass,strong,1,1,1.0,11.2,11.2,0,inf,0.4662,0.4662,inf,0.0,0.0,inf,0,0.0,0,0.0,1,1.0,0.6352,0.4014,1.0,0.0,0.0,0.0,0.0
q1_quick,exhaustion,A_required_light_pass,very_strong,1,1,1.0,31.32,31.32,0,inf,1.3005,1.3005,inf,0.0,0.0,inf,0,0.0,1,1.0,0,0.0,1.3005,0.0939,1.0,1.0,1.0,1.0,0.0
q1_quick,exhaustion,B_reject_mfe1_winner,none,3,3,1.0,45.31,45.31,0,inf,1.8755,0.6251666666666666,inf,0.0,0.0,inf,0,0.0,1,0.3333333333333333,2,0.6666666666666666,1.2274333333333332,0.21306666666666665,1.0,1.0,1.0,0.0,0.0
q1_quick,exhaustion,B_reject_mfe1_winner,normal,1,1,1.0,16.73,16.73,0,inf,0.7383,0.7383,inf,0.0,0.0,inf,0,0.0,0,0.0,1,1.0,1.081,0.6137,1.0,1.0,1.0,0.0,0.0
q1_quick,exhaustion,C_reject_loser_or_no_mfe1,none,16,0,0.0,-250.11000000000004,0,-250.11000000000004,0.0,-10.4031,-0.65019375,0.0,250.11000000000004,2.5011000000000005,-1.0,5,0.3125,0,0.0,11,0.6875,0.46454375000000003,0.7280625000000001,0.375,0.3125,0.0,0.0,0.0
q1_quick,exhaustion,C_reject_loser_or_no_mfe1,normal,4,0,0.0,-49.8,0,-49.8,0.0,-2.1543,-0.538575,0.0,49.8,0.498,-1.0,1,0.25,0,0.0,3,0.75,0.551625,0.66805,0.5,0.25,0.25,0.0,0.0
q1_quick,exhaustion,C_reject_loser_or_no_mfe1,strong,5,1,0.2,-18.029999999999994,17.55,-35.58,0.4932546374367623,-0.817,-0.1634,0.48564593301435405,20.139999999999997,0.20139999999999997,-0.8952333664349551,0,0.0,0,0.0,5,1.0,0.43262,0.48936000000000013,0.4,0.4,0.2,0.0,0.0
q1_quick,exhaustion,C_reject_loser_or_no_mfe1,very_strong,9,1,0.1111111111111111,-90.71999999999998,0.92,-91.63999999999999,0.010039284155390661,-3.7995999999999994,-0.4221777777777777,0.01049506497565041,90.71999999999998,0.9071999999999999,-1.0,1,0.1111111111111111,0,0.0,8,0.8888888888888888,0.8622111111111112,0.5081222222222223,0.5555555555555556,0.2222222222222222,0.2222222222222222,0.1111111111111111,0.1111111111111111
q1_quick,exhaustion,D_reject_strong_mfe13_winner,none,3,3,1.0,90.42,90.42,0,inf,3.9333,1.3111,inf,0.0,0.0,inf,0,0.0,3,1.0,0,0.0,1.3220333333333334,0.3070333333333333,1.0,1.0,1.0,1.0,0.0
q1_quick,exhaustion,D_reject_strong_mfe13_winner,very_strong,2,2,1.0,63.54,63.54,0,inf,2.6299,1.31495,inf,0.0,0.0,inf,0,0.0,2,1.0,0,0.0,1.31495,0.44530000000000003,1.0,1.0,1.0,1.0,0.0
q1_quick,exhaustion,E_reject_not_near_miss,none,9,3,0.3333333333333333,-38.43,62.05,-100.48,0.6175358280254777,-1.5316999999999998,-0.17018888888888886,0.6328179311998082,49.89,0.4989,-0.7702946482260974,2,0.2222222222222222,2,0.2222222222222222,5,0.5555555555555556,0.5008222222222222,0.6486333333333334,0.3333333333333333,0.2222222222222222,0.2222222222222222,0.2222222222222222,0.0
q1_quick,exhaustion,E_reject_not_near_miss,normal,2,1,0.5,-13.35,3.15,-16.5,0.19090909090909092,-0.5548,-0.2774,0.18936294564582115,16.5,0.165,-0.8090909090909091,0,0.0,0,0.0,2,1.0,0.36145000000000005,0.5578,0.5,0.0,0.0,0.0,0.0
q1_quick,exhaustion,E_reject_not_near_miss,strong,2,0,0.0,-5.36,0,-5.36,0.0,-0.2208,-0.1104,0.0,5.36,0.0536,-1.0,0,0.0,0,0.0,2,1.0,0.8266,0.19455,0.5,0.5,0.5,0.0,0.0
q1_quick,exhaustion,E_reject_not_near_miss,very_strong,7,2,0.2857142857142857,-42.699999999999996,36.26,-78.96000000000001,0.4592198581560283,-1.6859000000000004,-0.2408428571428572,0.48465488781561405,48.93,0.48929999999999996,-0.8726752503576537,2,0.2857142857142857,1,0.14285714285714285,4,0.5714285714285714,0.4206714285714286,0.7340000000000001,0.2857142857142857,0.14285714285714285,0.14285714285714285,0.14285714285714285,0.0
q1_quick,granville,A_required_light_pass,none,9,2,0.2222222222222222,-41.92,62.0,-103.92000000000002,0.5966127790608159,-1.867,-0.20744444444444443,0.5834448906738063,103.92,1.0392000000000001,-0.403387220939184,2,0.2222222222222222,2,0.2222222222222222,5,0.5555555555555556,0.6636777777777777,0.6902,0.5555555555555556,0.4444444444444444,0.2222222222222222,0.2222222222222222,0.0
q1_quick,granville,A_required_light_pass,strong,1,1,1.0,11.19,11.19,0,inf,0.4662,0.4662,inf,0.0,0.0,inf,0,0.0,0,0.0,1,1.0,0.6352,0.4014,1.0,0.0,0.0,0.0,0.0
q1_quick,granville,A_required_light_pass,very_strong,2,1,0.5,13.059999999999999,31.32,-18.26,1.7152245345016428,0.5458,0.2729,1.7232012720286205,18.26,0.1826,0.7152245345016428,0,0.0,1,0.5,1,0.5,0.85465,0.4243,0.5,0.5,0.5,0.5,0.0
q1_quick,granville,B_reject_mfe1_winner,none,2,2,1.0,60.27,60.27,0,inf,2.5946,1.2973,inf,0.0,0.0,inf,0,0.0,2,1.0,0,0.0,1.2973,0.5358,1.0,1.0,1.0,0.0,0.0
q1_quick,granville,B_reject_mfe1_winner,strong,1,1,1.0,31.02,31.02,0,inf,1.299,1.299,inf,0.0,0.0,inf,0,0.0,1,1.0,0,0.0,1.299,0.1842,1.0,1.0,1.0,0.0,0.0
q1_quick,granville,C_reject_loser_or_no_mfe1,none,26,3,0.11538461538461539,-330.20000000000016,26.68,-356.8800000000001,0.0747590226406635,-13.7661,-0.5294653846153846,0.07988610615387699,330.20000000000016,3.3020000000000014,-1.0,8,0.3076923076923077,0,0.0,18,0.6923076923076923,0.46873461538461536,0.6571461538461537,0.4230769230769231,0.23076923076923078,0.11538461538461539,0.0,0.0
q1_quick,granville,C_reject_loser_or_no_mfe1,normal,3,0,0.0,-38.019999999999996,0,-38.019999999999996,0.0,-1.6671999999999998,-0.5557333333333333,0.0,38.019999999999996,0.3801999999999999,-1.0,1,0.3333333333333333,0,0.0,2,0.6666666666666666,0.5288666666666667,0.6779333333333334,0.3333333333333333,0.3333333333333333,0.3333333333333333,0.0,0.0
q1_quick,granville,C_reject_loser_or_no_mfe1,strong,4,0,0.0,-47.61,0,-47.61,0.0,-2.1231,-0.530775,0.0,47.61,0.47609999999999997,-1.0,0,0.0,0,0.0,4,1.0,0.2577,0.559725,0.25,0.0,0.0,0.0,0.0
q1_quick,granville,C_reject_loser_or_no_mfe1,very_strong,7,1,0.14285714285714285,-46.16,0.92,-47.08,0.01954120645709431,-1.9287,-0.27552857142857146,0.020467242254951754,46.16,0.46159999999999995,-1.0,0,0.0,0,0.0,7,1.0,0.6116571428571428,0.40202857142857146,0.5714285714285714,0.2857142857142857,0.2857142857142857,0.0,0.0
q1_quick,granville,D_reject_strong_mfe13_winner,none,3,3,1.0,88.9,88.9,0,inf,3.9316999999999998,1.3105666666666667,inf,0.0,0.0,inf,0,0.0,3,1.0,0,0.0,1.3105666666666667,0.39053333333333334,1.0,1.0,1.0,1.0,0.0
q1_quick,granville,E_reject_not_near_miss,none,14,2,0.14285714285714285,-87.98,48.39,-136.37,0.3548434406394368,-3.879,-0.2770714285714286,0.34327701215589346,87.98,0.8798,-1.0,1,0.07142857142857142,1,0.07142857142857142,12,0.8571428571428571,0.5759785714285715,0.5186571428571428,0.5714285714285714,0.2857142857142857,0.21428571428571427,0.07142857142857142,0.0
q1_quick,granville,E_reject_not_near_miss,normal,4,1,0.25,-32.67,3.15,-35.82,0.0879396984924623,-1.4104999999999999,-0.35262499999999997,0.08415037984546458,35.82,0.3582,-0.9120603015075377,0,0.0,0,0.0,4,1.0,0.490775,0.499,0.75,0.0,0.0,0.0,0.0
q1_quick,granville,E_reject_not_near_miss,strong,6,0,0.0,-64.05,0,-64.05,0.0,-2.7182999999999997,-0.45304999999999995,0.0,64.05,0.6405,-1.0,0,0.0,0,0.0,6,1.0,0.4545666666666666,0.51195,0.3333333333333333,0.16666666666666666,0.0,0.0,0.0
q1_quick,granville,E_reject_not_near_miss,very_strong,8,4,0.5,18.450000000000003,54.39,-35.94,1.5133555926544242,0.8474999999999999,0.10593749999999999,1.5515423662631787,25.53,0.2553,0.7226792009400705,0,0.0,1,0.125,7,0.875,0.6064875,0.40381249999999996,0.5,0.25,0.25,0.125,0.0
q1_quick,invalidation,A_required_light_pass,none,11,4,0.36363636363636365,56.19,128.09,-71.89999999999999,1.7815020862308766,2.1423000000000005,0.1947545454545455,1.697136348844777,55.459999999999994,0.5546,1.0131626397403535,1,0.09090909090909091,4,0.36363636363636365,6,0.5454545454545454,0.8409363636363637,0.5615909090909091,0.6363636363636364,0.6363636363636364,0.45454545454545453,0.2727272727272727,0.0
q1_quick,invalidation,A_required_light_pass,strong,1,1,1.0,11.19,11.19,0,inf,0.4662,0.4662,inf,0.0,0.0,inf,0,0.0,0,0.0,1,1.0,0.6352,0.4014,1.0,0.0,0.0,0.0,0.0
q1_quick,invalidation,B_reject_mfe1_winner,strong,1,1,1.0,30.97,30.97,0,inf,1.299,1.299,inf,0.0,0.0,inf,0,0.0,1,1.0,0,0.0,1.299,0.1842,1.0,1.0,1.0,0.0,0.0
q1_quick,invalidation,C_reject_loser_or_no_mfe1,strong,10,1,0.1,-86.69000000000001,17.52,-104.21,0.16812206122253143,-3.7177000000000002,-0.37177000000000004,0.17183845314205518,86.69000000000001,0.8669000000000001,-1.0,0,0.0,0,0.0,10,1.0,0.35629000000000005,0.57025,0.3,0.2,0.1,0.0,0.0
q1_quick,invalidation,C_reject_loser_or_no_mfe1,very_strong,13,1,0.07692307692307693,-124.00999999999999,0.92,-124.92999999999999,0.0073641239093892585,-5.1800999999999995,-0.39846923076923074,0.007719714964370547,124.00999999999999,1.2401,-1.0,1,0.07692307692307693,0,0.0,12,0.9230769230769231,0.5430307692307692,0.49483846153846156,0.5384615384615384,0.23076923076923078,0.15384615384615385,0.0,0.0
q1_quick,invalidation,D_reject_strong_mfe13_winner,strong,1,1,1.0,28.94,28.94,0,inf,1.3031,1.3031,inf,0.0,0.0,inf,0,0.0,1,1.0,0,0.0,1.3459,0.2517,1.0,1.0,1.0,1.0,0.0
q1_quick,invalidation,D_reject_strong_mfe13_winner,very_strong,2,2,1.0,63.54,63.54,0,inf,2.6299,1.31495,inf,0.0,0.0,inf,0,0.0,2,1.0,0,0.0,1.31495,0.44530000000000003,1.0,1.0,1.0,1.0,0.0
q1_quick,invalidation,E_reject_not_near_miss,strong,8,0,0.0,-83.83000000000001,0,-83.83000000000001,0.0,-3.5400999999999994,-0.4425124999999999,0.0,83.83000000000001,0.8383000000000002,-1.0,0,0.0,0,0.0,8,1.0,0.49192500000000006,0.5606625000000001,0.5,0.25,0.0,0.0,0.0
q1_quick,invalidation,E_reject_not_near_miss,very_strong,17,5,0.29411764705882354,-84.71000000000004,79.60000000000001,-164.31,0.4844501247641653,-3.5001,-0.20588823529411765,0.49170043131616775,121.87000000000003,1.2187000000000003,-0.6950849265610898,2,0.11764705882352941,2,0.11764705882352941,13,0.7647058823529411,0.46419411764705887,0.5791882352941178,0.29411764705882354,0.17647058823529413,0.17647058823529413,0.11764705882352941,0.0
q1_quick,light,A_required_light_pass,none,13,4,0.3076923076923077,9.070000000000004,129.81,-120.74000000000002,1.0751200927613052,0.27149999999999985,0.020884615384615373,1.0549172701161051,88.05999999999999,0.8805999999999999,0.10299795593913247,2,0.15384615384615385,4,0.3076923076923077,7,0.5384615384615384,0.7686076923076922,0.621376923076923,0.6153846153846154,0.5384615384615384,0.38461538461538464,0.23076923076923078,0.0
q1_quick,light,A_required_light_pass,strong,2,1,0.5,5.09,11.0,-5.91,1.8612521150592216,0.2141,0.10705,1.8492661642205475,5.91,0.05910000000000001,0.8612521150592216,0,0.0,0,0.0,2,1.0,0.52485,0.32675,0.5,0.0,0.0,0.0,0.0
q1_quick,light,A_required_light_pass,very_strong,3,1,0.3333333333333333,10.409999999999995,33.16,-22.75,1.4575824175824175,0.36429999999999996,0.12143333333333332,1.3891262550737022,18.26,0.1826,0.5700985761226722,0,0.0,1,0.3333333333333333,2,0.6666666666666666,0.8506666666666667,0.34873333333333334,0.6666666666666666,0.6666666666666666,0.3333333333333333,0.3333333333333333,0.0
q1_quick,m15completion,A_required_light_pass,none,5,2,0.4,34.85,62.0,-27.15,2.283609576427256,1.4449999999999998,0.289,2.235042735042735,27.15,0.2715,1.2836095764272561,0,0.0,2,0.4,3,0.6,0.7712800000000001,0.5565599999999999,0.6,0.6,0.4,0.4,0.0
q1_quick,m15completion,A_required_light_pass,strong,1,1,1.0,11.21,11.21,0,inf,0.4662,0.4662,inf,0.0,0.0,inf,0,0.0,0,0.0,1,1.0,0.6352,0.4014,1.0,0.0,0.0,0.0,0.0
q1_quick,m15completion,B_reject_mfe1_winner,none,1,1,1.0,29.85,29.85,0,inf,1.2991,1.2991,inf,0.0,0.0,inf,0,0.0,1,1.0,0,0.0,1.2991,0.7477,1.0,1.0,1.0,0.0,0.0
q1_quick,m15completion,C_reject_loser_or_no_mfe1,none,35,3,0.08571428571428572,-471.06,16.79,-487.84999999999997,0.03441631649072461,-19.908900000000003,-0.5688257142857144,0.035089589926767445,471.06,4.7106,-1.0,8,0.22857142857142856,0,0.0,27,0.7714285714285715,0.42513714285714294,0.6631342857142857,0.34285714285714286,0.17142857142857143,0.02857142857142857,0.02857142857142857,0.0
q1_quick,m15completion,C_reject_loser_or_no_mfe1,normal,4,0,0.0,-50.8,0,-50.8,0.0,-2.2413,-0.560325,0.0,50.8,0.5079999999999999,-1.0,1,0.25,0,0.0,3,0.75,0.3227,0.655975,0.25,0.0,0.0,0.0,0.0
q1_quick,m15completion,C_reject_loser_or_no_mfe1,strong,5,1,0.2,-17.129999999999995,17.56,-34.69,0.5061977515134044,-0.7186,-0.14372000000000001,0.5177181208053692,20.609999999999996,0.20609999999999995,-0.8311499272197962,0,0.0,0,0.0,5,1.0,0.50546,0.47392,0.4,0.4,0.2,0.0,0.0
q1_quick,m15completion,C_reject_loser_or_no_mfe1,very_strong,7,0,0.0,-64.19,0,-64.19,0.0,-2.8288,-0.40411428571428576,0.0,64.19,0.6418999999999999,-1.0,1,0.14285714285714285,0,0.0,6,0.8571428571428571,0.5776,0.48125714285714283,0.5714285714285714,0.2857142857142857,0.14285714285714285,0.0,0.0
q1_quick,m15completion,D_reject_strong_mfe13_winner,none,4,4,1.0,119.19,119.19,0,inf,5.2292000000000005,1.3073000000000001,inf,0.0,0.0,inf,0,0.0,4,1.0,0,0.0,1.3073000000000001,0.3149,1.0,1.0,1.0,1.0,0.0
q1_quick,m15completion,D_reject_strong_mfe13_winner,very_strong,2,2,1.0,61.47,61.47,0,inf,2.6347,1.31735,inf,0.0,0.0,inf,0,0.0,2,1.0,0,0.0,1.3305500000000001,0.41945,1.0,1.0,1.0,1.0,0.0
q1_quick,m15completion,E_reject_not_near_miss,none,13,6,0.46153846153846156,17.030000000000005,125.61,-108.58,1.156842880825198,0.7511000000000002,0.057776923076923094,1.1632293817233512,66.0,0.66,0.2580303030303031,1,0.07692307692307693,4,0.3076923076923077,8,0.6153846153846154,0.7144307692307692,0.49160000000000004,0.5384615384615384,0.38461538461538464,0.38461538461538464,0.3076923076923077,0.0
q1_quick,m15completion,E_reject_not_near_miss,normal,2,0,0.0,-20.46,0,-20.46,0.0,-0.9312,-0.4656,0.0,20.46,0.2046,-1.0,0,0.0,0,0.0,2,1.0,0.24865,0.6396999999999999,0.0,0.0,0.0,0.0,0.0
q1_quick,m15completion,E_reject_not_near_miss,strong,1,0,0.0,-0.1,0,-0.1,0.0,-0.005,-0.005,0.0,0.1,0.001,-1.0,0,0.0,0,0.0,1,1.0,0.8515,0.5627,1.0,1.0,0.0,0.0,0.0
q1_quick,m15completion,E_reject_not_near_miss,very_strong,7,1,0.14285714285714285,-66.68,8.48,-75.16000000000001,0.1128259712613092,-2.7541,-0.39344285714285715,0.12110671432218534,68.79,0.6879000000000001,-0.9693269370548044,2,0.2857142857142857,0,0.0,5,0.7142857142857143,0.4143857142857143,0.6417285714285715,0.14285714285714285,0.14285714285714285,0.14285714285714285,0.0,0.0
q1_quick,nearmiss_diag,A_required_light_pass,none,5,2,0.4,34.85,62.0,-27.15,2.283609576427256,1.4449999999999998,0.289,2.235042735042735,27.15,0.2715,1.2836095764272561,0,0.0,2,0.4,3,0.6,0.7712800000000001,0.5565599999999999,0.6,0.6,0.4,0.4,0.0
q1_quick,nearmiss_diag,A_required_light_pass,strong,1,1,1.0,8.97,8.97,0,inf,0.4662,0.4662,inf,0.0,0.0,inf,0,0.0,0,0.0,1,1.0,0.6352,0.4014,1.0,0.0,0.0,0.0,0.0
q1_quick,nearmiss_diag,B_reject_mfe1_winner,none,2,2,1.0,31.67,31.67,0,inf,1.3757,0.68785,inf,0.0,0.0,inf,0,0.0,1,0.5,1,0.5,1.2572,0.40255,1.0,1.0,1.0,0.0,0.0
q1_quick,nearmiss_diag,B_reject_mfe1_winner,strong,1,1,1.0,31.02,31.02,0,inf,1.299,1.299,inf,0.0,0.0,inf,0,0.0,1,1.0,0,0.0,1.299,0.1842,1.0,1.0,1.0,0.0,0.0
q1_quick,nearmiss_diag,C_reject_loser_or_no_mfe1,none,36,2,0.05555555555555555,-490.97999999999996,13.79,-504.77000000000004,0.027319373179864093,-20.846799999999998,-0.5790777777777777,0.027618021446995884,490.97999999999996,4.9098,-1.0,10,0.2777777777777778,0,0.0,26,0.7222222222222222,0.43788055555555555,0.6729499999999998,0.3888888888888889,0.16666666666666666,0.05555555555555555,0.0,0.0
q1_quick,nearmiss_diag,C_reject_loser_or_no_mfe1,normal,5,1,0.2,-46.1,3.7,-49.8,0.07429718875502009,-1.9969999999999999,-0.3994,0.0730167571833078,46.1,0.461,-1.0,1,0.2,0,0.0,4,0.8,0.5834400000000001,0.6220800000000001,0.6,0.2,0.2,0.0,0.0
q1_quick,nearmiss_diag,C_reject_loser_or_no_mfe1,strong,7,1,0.14285714285714285,-44.050000000000004,17.56,-61.61,0.2850186658010063,-1.9264000000000001,-0.2752,0.2859366891541255,44.050000000000004,0.4405,-1.0,0,0.0,0,0.0,7,1.0,0.37860000000000005,0.5246428571428572,0.2857142857142857,0.2857142857142857,0.14285714285714285,0.0,0.0
q1_quick,nearmiss_diag,C_reject_loser_or_no_mfe1,very_strong,8,1,0.125,-46.080000000000005,0.92,-47.00000000000001,0.01957446808510638,-1.9593000000000003,-0.24491250000000003,0.02015403080616123,46.080000000000005,0.4608,-1.0,0,0.0,0,0.0,8,1.0,0.6561375,0.37,0.625,0.375,0.25,0.0,0.0
q1_quick,nearmiss_diag,D_reject_strong_mfe13_winner,none,4,4,1.0,118.21,118.21,0,inf,5.2461,1.311525,inf,0.0,0.0,inf,0,0.0,4,1.0,0,0.0,1.311525,0.36065,1.0,1.0,1.0,1.0,0.0
q1_quick,nearmiss_diag,D_reject_strong_mfe13_winner,very_strong,2,2,1.0,61.06,61.06,0,inf,2.6299,1.31495,inf,0.0,0.0,inf,0,0.0,2,1.0,0,0.0,1.31495,0.44530000000000003,1.0,1.0,1.0,1.0,0.0
q1_quick,nearmiss_diag,E_reject_not_near_miss,none,18,5,0.2777777777777778,-107.94999999999999,77.56,-185.51,0.41809066896663255,-4.6221000000000005,-0.25678333333333336,0.4165120242378338,121.83,1.2183,-0.8860707543298038,3,0.16666666666666666,2,0.1111111111111111,13,0.7222222222222222,0.5397166666666666,0.5852499999999999,0.5,0.2222222222222222,0.16666666666666666,0.16666666666666666,0.0
q1_quick,nearmiss_diag,E_reject_not_near_miss,normal,3,1,0.3333333333333333,-23.11,3.15,-26.259999999999998,0.11995430312261995,-1.0897000000000001,-0.36323333333333335,0.10629049454605101,26.259999999999998,0.2626,-0.8800456968773801,0,0.0,0,0.0,3,1.0,0.6451666666666667,0.5834,0.6666666666666666,0.3333333333333333,0.3333333333333333,0.0,0.0
q1_quick,nearmiss_diag,E_reject_not_near_miss,strong,4,0,0.0,-30.370000000000005,0,-30.370000000000005,0.0,-1.3175000000000001,-0.32937500000000003,0.0,30.370000000000005,0.3037000000000001,-1.0,0,0.0,0,0.0,4,1.0,0.4191750000000001,0.5216,0.25,0.25,0.0,0.0,0.0
q1_quick,nearmiss_diag,E_reject_not_near_miss,very_strong,11,3,0.2727272727272727,-59.04,42.440000000000005,-101.48,0.418210484824596,-2.4257000000000004,-0.22051818181818186,0.43335357877032327,59.04,0.5903999999999999,-1.0,2,0.18181818181818182,1,0.09090909090909091,8,0.7272727272727273,0.41992727272727276,0.6029272727272729,0.2727272727272727,0.09090909090909091,0.09090909090909091,0.09090909090909091,0.0
q1_quick,nofail,A_required_light_pass,none,11,4,0.36363636363636365,34.870000000000005,128.09,-93.22000000000001,1.374061360223128,1.2897,0.11724545454545456,1.3285357652333403,62.25999999999999,0.6225999999999999,0.5600706713780921,2,0.18181818181818182,4,0.36363636363636365,5,0.45454545454545453,0.7469272727272727,0.6093727272727273,0.5454545454545454,0.5454545454545454,0.36363636363636365,0.2727272727272727,0.0
q1_quick,nofail,A_required_light_pass,strong,1,1,1.0,11.19,11.19,0,inf,0.4662,0.4662,inf,0.0,0.0,inf,0,0.0,0,0.0,1,1.0,0.6352,0.4014,1.0,0.0,0.0,0.0,0.0
q1_quick,nofail,A_required_light_pass,very_strong,2,0,0.0,-22.75,0,-22.75,0.0,-0.9362,-0.4681,0.0,22.75,0.2275,-1.0,0,0.0,0,0.0,2,1.0,0.62575,0.47615,0.5,0.5,0.0,0.0,0.0
q1_quick,nofail,B_reject_mfe1_winner,normal,1,1,1.0,18.25,18.25,0,inf,0.7383,0.7383,inf,0.0,0.0,inf,0,0.0,0,0.0,1,1.0,1.081,0.6137,1.0,1.0,1.0,0.0,0.0
q1_quick,nofail,B_reject_mfe1_winner,strong,1,1,1.0,30.97,30.97,0,inf,1.299,1.299,inf,0.0,0.0,inf,0,0.0,1,1.0,0,0.0,1.299,0.1842,1.0,1.0,1.0,0.0,0.0
q1_quick,nofail,C_reject_loser_or_no_mfe1,normal,2,1,0.5,-3.6099999999999994,3.7,-7.31,0.5061559507523941,-0.14540000000000003,-0.07270000000000001,0.5196564255037991,7.31,0.0731,-0.49384404924760594,0,0.0,0,0.0,2,1.0,0.58495,0.4589,0.5,0.0,0.0,0.0,0.0
q1_quick,nofail,C_reject_loser_or_no_mfe1,strong,5,1,0.2,-21.939999999999998,17.52,-39.46,0.4439939178915357,-0.966,-0.19319999999999998,0.44399677679290894,21.939999999999998,0.21939999999999998,-1.0,0,0.0,0,0.0,5,1.0,0.27892,0.4917200000000001,0.2,0.2,0.0,0.0,0.0
q1_quick,nofail,C_reject_loser_or_no_mfe1,very_strong,11,0,0.0,-77.81000000000002,0,-77.81000000000002,0.0,-3.2949999999999995,-0.2995454545454545,0.0,77.81000000000002,0.7781000000000001,-1.0,1,0.09090909090909091,0,0.0,10,0.9090909090909091,0.5997727272727272,0.37986363636363635,0.45454545454545453,0.2727272727272727,0.2727272727272727,0.0,0.0
q1_quick,nofail,D_reject_strong_mfe13_winner,strong,1,1,1.0,29.55,29.55,0,inf,1.3015,1.3015,inf,0.0,0.0,inf,0,0.0,1,1.0,0,0.0,1.3015,0.2312,1.0,1.0,1.0,1.0,0.0
q1_quick,nofail,D_reject_strong_mfe13_winner,very_strong,1,1,1.0,31.29,31.29,0,inf,1.326,1.326,inf,0.0,0.0,inf,0,0.0,1,1.0,0,0.0,1.326,0.3323,1.0,1.0,1.0,1.0,0.0
q1_quick,nofail,E_reject_not_near_miss,normal,3,1,0.3333333333333333,-13.19,3.15,-16.34,0.19277845777233782,-0.5733,-0.19110000000000002,0.1843790012804097,16.34,0.1634,-0.8072215422276622,0,0.0,0,0.0,3,1.0,0.5823,0.3718333333333333,0.6666666666666666,0.3333333333333333,0.0,0.0,0.0
q1_quick,nofail,E_reject_not_near_miss,strong,7,0,0.0,-68.36,0,-68.36,0.0,-2.8451999999999997,-0.4064571428571428,0.0,68.36,0.6836,-1.0,0,0.0,0,0.0,7,1.0,0.3116714285714286,0.5131,0.14285714285714285,0.14285714285714285,0.0,0.0,0.0
q1_quick,nofail,E_reject_not_near_miss,very_strong,13,4,0.3076923076923077,-22.19,50.050000000000004,-72.24,0.6928294573643412,-0.8717999999999999,-0.06706153846153845,0.7045146420824295,59.35,0.5935,-0.3738837405223252,0,0.0,1,0.07692307692307693,12,0.9230769230769231,0.4787769230769231,0.3675384615384616,0.38461538461538464,0.23076923076923078,0.15384615384615385,0.07692307692307693,0.0
q1_quick,one_best_single,A_required_light_pass,none,8,4,0.5,85.96000000000001,129.81,-43.849999999999994,2.960319270239453,3.4080000000000004,0.42600000000000005,2.885685829690699,26.039999999999992,0.2603999999999999,3.301075268817206,0,0.0,4,0.5,4,0.5,0.7902625000000001,0.565875,0.625,0.5,0.5,0.375,0.0
q1_quick,one_best_single,A_required_light_pass,strong,1,1,1.0,10.71,10.71,0,inf,0.4662,0.4662,inf,0.0,0.0,inf,0,0.0,0,0.0,1,1.0,0.6352,0.4014,1.0,0.0,0.0,0.0,0.0
q1_quick,one_best_single,A_required_light_pass,very_strong,1,0,0.0,-18.26,0,-18.26,0.0,-0.7547,-0.7547,0.0,18.26,0.1826,-1.0,0,0.0,0,0.0,1,1.0,0.4088,0.7547,0.0,0.0,0.0,0.0,0.0
q1_quick,one_best_two,A_required_light_pass,none,4,2,0.5,46.980000000000004,61.17,-14.19,4.3107822410148,1.993,0.49825,4.203665005626105,9.369999999999997,0.09369999999999998,5.013874066168625,0,0.0,2,0.5,2,0.5,0.763325,0.49124999999999996,0.5,0.5,0.5,0.5,0.0
q1_quick,one_best_two,C_reject_loser_or_no_mfe1,none,7,0,0.0,-103.24,0,-103.24,0.0,-4.2223999999999995,-0.6032,0.0,103.24,1.0324,-1.0,2,0.2857142857142857,0,0.0,5,0.7142857142857143,0.43202857142857143,0.6308428571428571,0.2857142857142857,0.2857142857142857,0.0,0.0,0.0
q1_quick,one_best_two,C_reject_loser_or_no_mfe1,normal,1,0,0.0,-22.89,0,-22.89,0.0,-1.0251,-1.0251,0.0,22.89,0.22890000000000002,-1.0,1,1.0,0,0.0,0,0.0,0.0815,1.0251,0.0,0.0,0.0,0.0,0.0
q1_quick,one_best_two,C_reject_loser_or_no_mfe1,strong,2,0,0.0,-19.33,0,-19.33,0.0,-0.849,-0.4245,0.0,19.33,0.19329999999999997,-1.0,0,0.0,0,0.0,2,1.0,0.0677,0.44825000000000004,0.0,0.0,0.0,0.0,0.0
q1_quick,one_best_two,C_reject_loser_or_no_mfe1,very_strong,5,1,0.2,-36.86,0.92,-37.78,0.024351508734780307,-1.551,-0.3102,0.025325205806573246,36.86,0.3686,-1.0,0,0.0,0,0.0,5,1.0,0.37382,0.43757999999999997,0.4,0.0,0.0,0.0,0.0
q1_quick,one_best_two,D_reject_strong_mfe13_winner,very_strong,1,1,1.0,31.29,31.29,0,inf,1.326,1.326,inf,0.0,0.0,inf,0,0.0,1,1.0,0,0.0,1.326,0.3323,1.0,1.0,1.0,1.0,0.0
q1_quick,one_best_two,E_reject_not_near_miss,none,4,1,0.25,-32.93,30.94,-63.870000000000005,0.4844214811335525,-1.3046,-0.32615,0.49911694694002917,39.0,0.38999999999999996,-0.8443589743589743,2,0.5,1,0.25,1,0.25,0.49412500000000004,0.798025,0.25,0.25,0.25,0.25,0.0
q1_quick,one_best_two,E_reject_not_near_miss,normal,1,1,1.0,3.15,3.15,0,inf,0.1296,0.1296,inf,0.0,0.0,inf,0,0.0,0,0.0,1,1.0,0.6185,0.2778,1.0,0.0,0.0,0.0,0.0
q1_quick,one_best_two,E_reject_not_near_miss,very_strong,3,1,0.3333333333333333,-7.79,6.71,-14.5,0.4627586206896552,-0.3297,-0.1099,0.4577302631578947,9.18,0.09179999999999999,-0.8485838779956427,0,0.0,0,0.0,3,1.0,0.40073333333333333,0.3307333333333333,0.3333333333333333,0.0,0.0,0.0,0.0
q1_quick,retest,A_required_light_pass,none,11,4,0.36363636363636365,38.39,129.81,-91.42,1.4199299934368848,1.4188999999999996,0.12899090909090904,1.3737488146665262,74.28,0.7428,0.5168282175551966,1,0.09090909090909091,4,0.36363636363636365,6,0.5454545454545454,0.7727636363636364,0.6003181818181818,0.6363636363636364,0.5454545454545454,0.36363636363636365,0.2727272727272727,0.0
q1_quick,retest,A_required_light_pass,strong,1,1,1.0,11.19,11.19,0,inf,0.4662,0.4662,inf,0.0,0.0,inf,0,0.0,0,0.0,1,1.0,0.6352,0.4014,1.0,0.0,0.0,0.0,0.0
q1_quick,retest,A_required_light_pass,very_strong,3,1,0.3333333333333333,8.569999999999999,31.32,-22.75,1.3767032967032966,0.36429999999999996,0.12143333333333332,1.3891262550737022,18.26,0.1826,0.46933187294633066,0,0.0,1,0.3333333333333333,2,0.6666666666666666,0.8506666666666667,0.34873333333333334,0.6666666666666666,0.6666666666666666,0.3333333333333333,0.3333333333333333,0.0
q1_quick,retest,B_reject_mfe1_winner,normal,1,1,1.0,18.25,18.25,0,inf,0.7383,0.7383,inf,0.0,0.0,inf,0,0.0,0,0.0,1,1.0,1.081,0.6137,1.0,1.0,1.0,0.0,0.0
q1_quick,retest,B_reject_mfe1_winner,strong,1,1,1.0,30.97,30.97,0,inf,1.299,1.299,inf,0.0,0.0,inf,0,0.0,1,1.0,0,0.0,1.299,0.1842,1.0,1.0,1.0,0.0,0.0
q1_quick,retest,C_reject_loser_or_no_mfe1,normal,3,1,0.3333333333333333,-19.46,3.7,-23.16,0.15975820379965458,-0.8784999999999998,-0.2928333333333333,0.15186329407221474,22.89,0.22890000000000002,-0.8501529051987767,1,0.3333333333333333,0,0.0,2,0.6666666666666666,0.4878666666666666,0.5925333333333332,0.6666666666666666,0.0,0.0,0.0,0.0
q1_quick,retest,C_reject_loser_or_no_mfe1,strong,6,1,0.16666666666666666,-25.12,17.52,-42.64,0.41088180112570355,-1.0035,-0.16725,0.43461603470618065,25.12,0.2512,-1.0,0,0.0,0,0.0,6,1.0,0.4022333333333334,0.4741833333333334,0.3333333333333333,0.3333333333333333,0.16666666666666666,0.0,0.0
q1_quick,retest,C_reject_loser_or_no_mfe1,very_strong,8,0,0.0,-42.269999999999996,0,-42.269999999999996,0.0,-1.7565,-0.2195625,0.0,42.269999999999996,0.42269999999999996,-1.0,0,0.0,0,0.0,8,1.0,0.6520375,0.35883750000000003,0.625,0.375,0.25,0.0,0.0
q1_quick,retest,D_reject_strong_mfe13_winner,strong,1,1,1.0,29.55,29.55,0,inf,1.3015,1.3015,inf,0.0,0.0,inf,0,0.0,1,1.0,0,0.0,1.3015,0.2312,1.0,1.0,1.0,1.0,0.0
q1_quick,retest,D_reject_strong_mfe13_winner,very_strong,2,2,1.0,63.54,63.54,0,inf,2.6299,1.31495,inf,0.0,0.0,inf,0,0.0,2,1.0,0,0.0,1.31495,0.44530000000000003,1.0,1.0,1.0,1.0,0.0
q1_quick,retest,E_reject_not_near_miss,normal,2,1,0.5,-1.77,3.15,-4.92,0.6402439024390244,-0.0826,-0.0413,0.6107445805843543,4.92,0.0492,-0.3597560975609756,0,0.0,0,0.0,2,1.0,0.72565,0.245,1.0,0.5,0.0,0.0,0.0
q1_quick,retest,E_reject_not_near_miss,strong,6,0,0.0,-56.17,0,-56.17,0.0,-2.3524,-0.3920666666666666,0.0,56.17,0.5617000000000001,-1.0,0,0.0,0,0.0,6,1.0,0.33843333333333336,0.5056833333333333,0.16666666666666666,0.16666666666666666,0.0,0.0,0.0
q1_quick,retest,E_reject_not_near_miss,very_strong,12,4,0.3333333333333333,-20.429999999999996,50.050000000000004,-70.48,0.7101305334846765,-0.7985000000000002,-0.06654166666666668,0.7224635918111989,57.589999999999996,0.5759,-0.35474908838339986,0,0.0,1,0.08333333333333333,11,0.9166666666666666,0.5086499999999999,0.37305000000000005,0.4166666666666667,0.16666666666666666,0.16666666666666666,0.08333333333333333,0.0
q1_quick,targetroom,A_required_light_pass,none,13,4,0.3076923076923077,9.070000000000004,129.81,-120.74000000000002,1.0751200927613052,0.27149999999999985,0.020884615384615373,1.0549172701161051,88.05999999999999,0.8805999999999999,0.10299795593913247,2,0.15384615384615385,4,0.3076923076923077,7,0.5384615384615384,0.7686076923076922,0.621376923076923,0.6153846153846154,0.5384615384615384,0.38461538461538464,0.23076923076923078,0.0
q1_quick,targetroom,A_required_light_pass,strong,2,1,0.5,5.09,11.0,-5.91,1.8612521150592216,0.2141,0.10705,1.8492661642205475,5.91,0.05910000000000001,0.8612521150592216,0,0.0,0,0.0,2,1.0,0.52485,0.32675,0.5,0.0,0.0,0.0,0.0
q1_quick,targetroom,A_required_light_pass,very_strong,3,1,0.3333333333333333,10.409999999999995,33.16,-22.75,1.4575824175824175,0.36429999999999996,0.12143333333333332,1.3891262550737022,18.26,0.1826,0.5700985761226722,0,0.0,1,0.3333333333333333,2,0.6666666666666666,0.8506666666666667,0.34873333333333334,0.6666666666666666,0.6666666666666666,0.3333333333333333,0.3333333333333333,0.0
